script/wind150m.json
{"header": {"parameterCategory": 2, "parameterNumber": 2, "lo1": 3.000054539987559, "la1": 64.9999836372058, "dx": 0.5, "dy": 0.25, "nx": 34, "ny": 52, "refTime": "2026-01-16T11:00:00.000Z"}, "data":
[rows 0 to 23 of 52, columns 0 to 33 of 34]
4.6193459521924956,5.71166930722713,6.219345358135511,5.224767606938755,5.840260678818682,5.468063308054832,4.56220123432501,3.306597868763914,4.131285024818291,2.784762857883139,2.8559386621590543,-0.04259680932567125,0.022967722612545025,-2.048114822874964,-4.604754318665647,-6.574277411711623,-6.556345308673708,-8.004569017263794,-8.974995963649569,-4.356629334639989,-4.3927140890965335,-0.5549259721803771,-7.792667280279118,-4.259420576308189,-2.8732593520618965,-1.5893242935185825,-1.6481179069194543,0.01149083622557739,-0.17885500507083354,-2.8327155140949944,-1.9268544813909139,-1.9593546399041306,-0.7817568660451026,0.07300221231848054
5.535989972226152,4.247054642933203,4.965235107435311,5.7323880407783205,4.411944522025711,2.92580777083358,3.0280607452469366,4.680720844312437,3.789574049883302,2.586099309665189,2.0010185550940593,-1.592308507345268,-0.6948744084629721,-1.9211914893443336,-2.8186504733372115,-6.029639072758689,-7.2031118915599315,-6.3445324258938065,-10.317139493009362,-4.91740877667013,-10.982551482958137,-7.743801400467913,-4.051985087832154,-4.9401096057766,-3.407588772278313,-2.7617928871454547,-2.220481709270318,-2.575018170845349,-1.4305646189513923,1.0350164044291799,-0.8511583462245609,-3.1589558806511735,-1.575062308364037,0.3139365748136775
4.149350302022861,3.221429457522474,3.7002998586512112,3.9149495432209522,4.774061440948984,4.3569515312702265,4.980923442529415,4.204231655417661,3.1820499831167237,1.5895352671585723,-2.5389977738702347,-3.1877356551549205,-3.132742878403769,-1.9279794180507674,-1.6000653928668422,-3.593863741384177,-5.5763608172846,-10.903052341637736,-6.9383677079476325,-5.619936758863557,-6.721235257779943,-4.434900985532766,-9.212511613101181,-3.918608720441357,-3.851486203694743,-2.803548712033605,-3.2508224016285463,-1.2592055531193362,-2.4982010994757258,-1.5227315618575155,0.35823047343484904,-2.0274191385664935,-1.6571025401375128,-1.2416375644654345
3.558084730783577,2.377978988610084,2.3059998879096697,3.370056142802624,3.6604577646720315,3.0907718398640545,3.6967267533861836,3.0554028602600263,1.9707736367474,0.5284122002106119,-3.699168462104717,-5.060744419966281,-3.751377303689165,-4.0314513283325715,-3.3301554891088156,-3.439209681548106,-5.255775556457549,-6.398987618720502,-4.6002165230087,-3.9673765757908908,-4.173635857453062,-6.601278015250503,-5.000879383914263,-2.0715454534151583,-3.241019868571874,-4.433289247889072,-2.423937924111036,-2.2754601946177613,-2.9218047800384137,-2.0697659956896075,-2.744678198062937,-0.21082396549915472,-1.512400575456241,-1.7912610763025902
1.7892962444466436,2.877356493785635,2.19949117490912,2.4903678050383538,3.6053860128148436,2.9267239221900105,2.0027857575041623,1.9080286472157064,1.9714877956473342,0.7350698355499246,-2.8200314443427,-5.297791154645877,-6.061900306096694,-5.819016246511446,-7.86831268665637,-5.617555486417789,-2.8593063502568232,-5.189120083340953,-3.864638732493364,-4.130199490195402,-2.69037369773496,-1.9048808327288231,-4.479858140213867,-3.442650280724855,-2.623377959456197,-4.344400214625181,-4.961351506790147,-4.281812634404704,-2.57297642235933,-2.895936864810152,-3.217678065565951,-2.331204973798283,-0.6565233836446567,-0.9550578112394771
2.422469265527002,2.318702927118723,2.514589652270875,1.9084838703457236,2.7621472445979176,2.4919328620078844,1.3473962119979523,1.4234851326801308,1.7500345028434534,0.3245472832942267,-0.7021727991203196,-2.7825120262558722,-4.975681446694956,-8.284731910943547,-3.636698968296849,-4.459930661653753,-2.502305233187007,-3.610473559879093,-4.932461566102001,-7.267047897908429,-6.911321556454028,-6.038750622818478,-2.9115151384835714,-3.05281385568219,-4.295736663191246,-3.9524541632346195,-4.749182231851354,-4.908531372565381,-4.361490137471124,-4.69845224556804,-3.1512955550970805,-2.626376055896874,-1.5142387909411172,-0.06772784124953835
2.419061791371777,2.6859300348713724,2.0164128799375685,3.167412104303088,2.954266754347276,1.1434149767988242,2.0021409456809507,1.6635384894519085,1.083794621381172,-0.6697709634984111,-2.1580399978302545,-0.6730454708266957,-2.823206467716143,-4.7738384017842534,-6.0321340317218555,-2.437926524657984,-1.8458837157161736,-6.233601193504783,-4.3596066033926615,-6.106224933896904,-5.223440187589621,-3.9321154797735596,-5.380038986473132,-4.751066501941516,-3.3674152530416346,-3.532413168503959,-2.2068943107440355,-4.293942482283413,-3.6099948834559763,-3.0562119344348013,-3.5383484434912003,-1.608970048833254,-1.0287214016918123,0.6706971745302251
3.1906922605402523,2.145592708155121,1.1452443553272886,2.503106558073489,2.6347952831613033,0.4093695960811339,-0.3045919409701075,-0.40787460484453214,0.4970214215705876,-2.599863744316384,0.12632009548128842,-2.5881846734737404,-1.0796558570337116,-1.2072436703422407,-3.6543042717291634,-2.7703056506015624,-3.7050634011883683,-2.2540263822066344,-1.6049911951754114,-1.08769386008023,-2.353758035890317,-2.352646062706074,-6.104972785654594,-4.976692346596375,-4.351313603482501,-5.212049564251299,-5.046791707428221,-3.1103847625086045,-5.558224191655432,-4.002450217236865,-2.056824396904902,-2.008076594931696,1.3517238896374235,2.4081340538160783
2.96932547121641,2.5449932806860356,2.120405006767257,2.944090098337006,2.230677404323956,-0.304441516997666,-0.42694910805610925,-1.382354927273838,-1.417576507218927,-0.14341967275355127,-3.048206001921472,-3.3377971661444863,-2.2894368159923877,-3.766240234726549,-2.2775086745409627,-4.635659923436706,-5.774404340901917,-1.177564215593401,-7.281693099593053,-5.134624309000508,-1.2773406188951393,-0.9825011973206172,0.7122976409284987,-3.5467458064309265,-3.462220727565503,-3.5515540501191802,-2.6262267264633814,-2.610138002132987,-1.60534235050215,-2.5462358297318475,-3.275921496543779,1.2639051286746719,1.9681932100328592,2.8522908846244044
2.4517220493195624,1.323290198951813,0.9434319139455788,2.244574366332369,0.7337958680536784,-0.7242103325335826,-1.9843011507430555,-2.2603027421738604,-5.957088816686484,-2.5867775494994523,-2.96770922785029,0.5086078692116742,-3.4640040508355865,0.41134274181701025,-5.271160912664523,-2.405128454275754,-1.4767706672277152,-5.372742901494816,-5.822887814972463,-2.420761158526807,-1.5035587488135533,-0.5237105253337776,-2.7657992293544797,-2.1534793911816195,-2.2278742294686915,-2.7679904783597373,-2.511640512544241,-3.2394879197952484,-3.9672001713194858,-2.0858927683199036,0.6145840318518281,0.956023570701277,1.5879205924403805,2.272422585255017
1.4150416683802753,0.39005530398181204,0.6625250782067922,2.869481518962908,-0.6490359162646147,-2.0373041734823656,-4.138336470395128,-3.7414537718012144,-3.4353738346729816,0.7083372985715886,-2.6167206698242316,-4.637889246025657,-1.959598329262314,2.0003713565037557,0.4858119603559514,-5.124259797489815,0.34803133901643385,-3.5100568368706107,-3.321003824338064,-2.3426580413910854,-1.2683681930107955,-3.272531204451075,0.12626780922491976,-4.157276726239223,-3.519322776469342,-1.9562194414660978,-2.9281139054331007,-3.692981411888715,-2.837156858688579,-2.394695956965838,-0.12052405309368328,0.6167606730096323,1.1949870958653248,2.0919603338160195
0.9928044059965254,0.5938604252187192,0.45713365350231894,-2.475968140033318,-2.6829176785896256,-1.1718138863394028,-1.703289053653531,-3.975082722043368,0.7657623886450085,-6.595424485831528,-6.411115028036534,-5.946957534195827,-5.993672970145802,-2.2017671689850102,-2.1800116103159635,-2.9688724461971545,-2.4257604659979686,0.20757439759997315,-0.8924079845942361,-3.1611502642943345,-0.7146711792090907,-0.3328375629910259,-3.070712314256411,-1.4746762511945108,-2.2598804452365022,-4.910271838415501,-2.97926954165397,-1.5531529650164277,-0.5764902252690111,-0.7384027618768749,-0.5034477989040619,-0.1029448600955983,0.676743439563157,0.5469369422283944
0.5845900414429869,0.28124609065910905,-1.4407997703527902,-1.4080886387008826,-4.574312270070485,-5.744016531774239,-1.3601406095549047,-4.023342570881563,-8.003155177407148,-7.7578580524260135,-6.196277296454757,-7.774019891718411,-2.9053047634734286,-0.9910597326065309,-2.11772984678309,1.7196132272698688,-2.59706765056409,-1.7006496934743212,-5.0568944524723864,-3.447117570676087,-1.4283952501761044,0.0556687918086374,-1.2480993330205656,-2.6410914184815066,-2.1511928125476905,-4.815154140406204,-3.5460026451744366,-3.5757316287574388,-1.4342149308242802,0.06637548157777887,-0.6676357639046738,0.08341839920905418,-0.011727668152760112,-0.6109824001050564
-0.8029125902382683,-1.4172935860277378,-2.2001314940192875,-6.147754085484463,-6.521403105569747,-5.297812373993281,-6.113186636574245,1.645146727452531,-9.590310913716115,-3.6956530684790767,-3.2009843161539857,-2.126581530685361,-3.4273239364941612,-3.11962805661268,-0.8664494185357534,-1.4108876938475101,-2.155051713632583,-2.5425366161752474,-1.8635737925762221,-2.2578743085836157,-2.924871497272231,-1.026457385166777,-1.0881276612853812,-1.176709734531223,-2.251182155440889,-0.5302507929448163,-2.3877071430624857,-0.3499139218371661,-1.6695461217294352,0.010465833197944597,-0.33645014062170014,-0.0374161354586834,-0.8846101979666249,-1.5832297531900161
-2.0542600734133796,-2.0669868884099434,-2.956828610589794,-5.552472931776217,-5.885672884142659,-8.183985854026087,-5.135604613984293,-9.038300378319374,-3.9898896235437897,-2.829694837623047,-2.6848786083062293,-3.0091405100078807,-0.8521413501755302,-1.5878746084889437,-3.811378943995287,-1.0822415646477759,-1.3195493230773014,-3.403145764300778,-3.0029939945891595,-3.463290129865859,-2.8949253312057985,-4.454301670399279,-2.427110179291451,-1.0284795474970558,-1.5397884137002866,-3.423151275967406,-4.004111150284667,-2.7040593622818245,-0.999199636978602,-1.345070073224112,-0.9039998730994668,-0.5446643254774697,-1.3436599876794224,-1.695874533631957
-1.974599964560246,-2.8790342769484187,-5.36990062153797,-4.986542546442402,-3.6070831249919544,-6.709726653827562,-8.205302783035783,2.3878565358679507,-3.883799308934808,-5.809645379005823,-11.122015538649118,-6.301463807775842,-4.131502025276528,-2.9166604499739965,-3.5026558830626335,-2.8661328261287373,-1.7149794267005058,-3.2969917396951094,-4.124751782882402,-3.503989280410496,0.10205376721841698,-4.339680460849126,-3.534302314455905,-2.1161115906931465,-1.9665548363136485,-2.6421782391395556,-0.49394692694512504,-0.9136357585118321,-0.7471980226802704,-1.6976710793792598,-2.3507169398446988,-1.524247799410868,-1.5255060518353565,-2.0101749368286423
-2.587656325658795,-4.187506048268225,-4.370340693368944,-4.185147824293917,-3.7733177920501126,-4.252192201024829,-8.68717298756554,-7.31192617831897,1.9154466133305834,-7.848060016664157,-10.166126115528204,-4.12719414689465,-3.6468938445531744,-3.1910486631510566,-1.9649056303630537,-1.9273831261518481,-3.735637719719503,-3.0582810443993163,-3.4029629477632115,-1.981005869192935,-1.7937977926654436,-2.1883922957713127,-3.1395643829671545,-4.013214075170967,-3.3977243765383487,-2.9001426708345814,-1.4571430886830798,-1.2655870028554759,-0.11510980508027775,-0.9004619644233637,-2.716179131781496,-3.1986385914630047,-2.338765586741603,-1.7112551522956905
-3.071732634053291,-5.188208770194229,-3.9368684147588433,-3.377016129537188,-5.07100420028758,-4.032906358385035,-7.807857965829098,-1.1189512734123113,-7.959970970311656,-10.470310850366161,-5.998861072938426,-6.2510370976705065,-3.9248131458255253,-4.4431153079595465,-4.222070474832426,-4.611317438863212,-5.309636995012229,-3.180018495247152,-3.4815464129787603,-5.518392990303502,-3.733752421661976,-3.5203716268551672,-3.4609727954150906,-1.6471541214746321,-4.580692163338181,-3.728515415335582,-3.2694065290821164,-1.9734179720681768,-1.2041802063949567,-0.7985818813745733,-1.9649672654136967,-3.4802479535892408,-2.781449473217128,-1.4583252892471037
-3.6690548321073946,-3.2875053228300106,-4.662861101318053,-4.140357576476061,-3.8561865790542167,-4.0513550947886445,-6.286843544893404,-5.9854349034524,-15.347869524186882,-8.646065366611207,-8.169919041987807,-6.72753686663283,-6.9648937386104,-4.206078111466586,-1.8092164387544187,-2.7036055199281486,-2.5317969799621953,-4.534342669494324,-3.1314013155595375,-3.494347845710271,-3.024530120486721,-3.2060986628142127,-1.9830170141783143,-3.5367503272608496,-3.554645910489825,-3.3065160545121253,-3.290559608211082,-2.1723565700752934,-2.077360810193277,-1.3760084700639332,-0.4829411481630083,-2.5244410859315787,-3.15624922162378,-1.4283317502800943
-3.301737075796176,-3.958023436039395,-3.695673560957836,-5.0065617412731385,-5.517522062528994,-4.352359770710413,-1.1711753198968997,-6.923230730040801,-10.08650973580114,-8.83414929504085,-8.478788602722256,-6.570179987077406,-3.344312011013306,-4.89605388364962,-4.943209228430633,-8.19384606224717,-4.283673533006307,-4.649763523750755,-3.3783696777646184,-3.8841795311190825,-1.761559984647168,-3.2782802440475414,-4.248631075841893,-2.9643695546033233,-3.443774959717633,-3.1163537678204047,-4.063914855687638,-3.0047339245467652,-3.064994595849728,-2.363976158768012,-1.74716186770126,-1.2114512908362345,-2.954319648006695,-2.3890484675990757
-3.0581820186661455,-5.302390717938818,-5.695474379748665,-6.63744106607691,-4.712290373577705,-5.512426590956444,-6.6398220335289,-2.714083242667034,-15.258423005906259,-7.40094108269923,-10.203045927957355,-8.570712278119686,-6.313190185166965,-3.4149058781656976,-4.0939902250096,-5.61809649784458,-4.611899682638075,-5.470915464801611,-4.109686222567229,-3.7991778763876294,-2.93217069857462,-2.3493168787810395,-3.6610731328154453,-3.6136936492361067,-2.86989884231617,-3.0806844128731474,-2.8005221801516087,-3.548526311551848,-3.0915669640673205,-2.612186087325731,-2.079477848085422,-1.3221809991004618,-1.5030524169353274,-1.8838250028151882
-2.86632007670165,-5.2098220591447815,-7.078838880801259,-5.6398816916460985,-7.690672898506396,-5.589635635105852,-10.547162685900107,-14.12944630998452,-12.59002045022273,-7.149704427469073,-4.11132237126983,-8.325122871165139,-4.629858811732452,-4.238236456115752,-6.873053689016236,-2.529909115579693,-6.8101564985477285,-6.44372112964103,-4.6735678717352185,-5.427804292897543,-3.150472863161849,-3.936238611492715,-3.7927468580867876,-3.8507054879873506,-4.29252914326936,-3.1802867572851254,-4.375232547396461,-4.648007295930208,-3.6982196048070057,-3.0472520714233524,-2.0645927855566746,-1.1249140344964632,-0.8199811414070018,-1.596099867154442
-2.729840427832813,-5.89334395896261,-6.537405244326881,-8.624306911371514,-7.79706394757267,-7.581564260676775,-10.427576931090723,-7.402569706583008,-11.486464967146897,-13.324755925389985,-6.1118846439271,-9.834469230903045,-4.218038434921607,-6.337811187721239,-3.8182762324158133,-4.885767846149672,-7.051977976309705,-6.608118788965471,-4.655520081692331,-4.541321164170575,-5.02215475535612,-4.793606432636611,-4.576423199954022,-4.185654551596232,-4.4449354865480455,-3.7998001695632335,-4.138713938547311,-4.602997640134841,-4.323403233859302,-3.794756237537621,-1.9518394981612242,-0.6026643294483623,-0.5496994776231423,-2.0856291413425763
-2.549865989883595,-6.0671553141341,-8.546953211478003,-10.13446942550109,-10.840763927513178,-7.64461702639705,-5.915803927908731,-15.659025994523049,-11.428946186354114,-8.907282677424599,-2.1682434417298806,-1.739104623226333,-3.379915880688095,-8.212951038717256,-3.965611463026805,-6.6503105888569065,-5.234455043034766,-6.070234650828671,-5.817697262602797,-5.682351315298379,-3.817537105664455,-6.9545807806026785,-6.837797138663521,-3.5300583325235144,-2.757218767238384,-3.851584677329901,-4.853865486012445,-4.536825518770314,-2.6190904616392383,-3.293408935377042,-1.626458964908498,0.009621616844342314,-1.8596770592031417,-1.7370093620131333
