script/wind10m.json
{"header": {"parameterCategory": 2, "parameterNumber": 2, "lo1": 3.000054539987559, "la1": 64.9999836372058, "dx": 0.5, "dy": 0.25, "nx": 34, "ny": 52, "refTime": "2025-09-24T18:00:00.000Z"}, "data":
[rows 0 to 23 of 52, columns 0 to 33 of 34]
7.128635375374856,7.165368536951619,7.851930755286012,8.151116685170551,8.731169913417297,9.116907334676277,9.22269432564955,8.473171923186849,8.474868448918029,8.904353908701093,8.603459791193139,8.648680754620365,9.054520973897596,8.930293051423728,9.150819258932808,8.18639595816267,5.221310324776338,5.7044333091076584,2.7255012229278335,4.035365125285067,6.497104799205952,2.9871115185671395,5.819643018794226,6.619011258385003,4.362641695180326,2.8390025659973857,1.538300911461894,1.6275027146769234,1.8357034102987393,2.3583342493769983,2.1856666341030504,1.8955394275572148,1.7904013260914131,2.4824414948022766
6.070278117020318,7.043832836845802,7.786888620531032,8.535322884713453,8.325483525361552,8.860256783521477,8.277576307100139,8.594231484395063,8.251527687874002,9.196196714659228,9.168777263538702,9.087476730771925,9.217126885059082,8.225893412341398,8.450370617203216,8.26311935947007,7.39326399954517,4.028757473959498,3.0723307185761493,9.818263298622375,2.0593789944914804,4.186052870829296,2.8867977344907114,8.271790466447271,2.012070653898493,1.8949416709846614,2.259808701203501,3.1434400683348906,1.4757875649160952,2.7186317530583968,2.632974249250172,2.272495539573939,2.26011409443404,2.1458695524720324
6.3763102865263255,6.77646744444778,7.209749523743092,7.212810388402635,7.8085547147668946,8.987472308134748,8.306604112213204,8.479019051867718,8.821666513517933,9.8640257426784,9.052762400944857,9.096091425361788,8.431773814551727,7.937530117260877,7.84208653511326,8.735561084949081,5.074895627240371,1.8512455698257577,1.4938119090360482,2.12320762030718,6.455615754362051,3.476529246744243,3.3777162768952156,3.979555192874739,2.2560659845565327,1.1912192545885387,1.3412926478764386,2.7675329596864993,2.2835689060583757,1.9426185846925332,2.533570257578188,2.207164323138325,2.476643492924715,1.6886870683111306
6.809304460081479,6.8900020871190435,6.783175081035564,7.1193118398025375,7.942083997468735,8.351527540118726,8.114673972555979,8.469288402664219,7.736290630928748,8.079532423005427,8.584677221863336,8.214598995514475,8.425150513255582,8.301386879788152,7.634638715217615,5.264823390766572,3.102483218554223,1.825076996564479,4.073045210982971,1.902227219768991,5.886379376528923,5.196086874732439,8.435165855158642,2.76047597908194,1.1600940422077215,1.6134701023500393,2.474364970022296,2.10613904379956,2.2264858798168423,1.9895268398788444,2.183126439169627,2.6993936390161415,2.5006180115567003,1.8016610155950126
5.968923680141239,6.353342442420011,6.680654752103309,7.385197524117187,7.6434221586485664,7.829434175165373,7.530473616234419,7.979171985041999,7.002475399947581,7.375196234820286,7.963441188870056,8.139407064517803,7.940949187946911,6.90499926435433,3.2553756611806186,3.170969603604576,3.046253889567145,1.467749140410803,3.1867919917238146,7.218937684319403,5.997841733690717,9.587881392479717,2.3872049286406396,3.0353468546446796,1.1653881896313556,1.124477061227268,2.3142200161539965,2.351837390233205,2.0007397837241894,2.4421641474428557,2.024388273136699,2.502789581401885,3.1089340289587346,2.550295070632723
5.363468943396671,5.863486519220829,7.28608951199117,6.848009225876845,7.470163421859976,7.321092180502025,7.161058153670922,6.808979013637331,7.060690565619389,6.969541331054254,7.301577902567176,7.251329302435625,3.556454996433108,4.586466180191848,1.9728294596172415,2.223179610263122,1.7551512733981502,2.3073725698023995,5.858045336566415,5.159425582352584,2.333553055375624,3.7487957847982702,3.021329266044559,1.7911588156020117,1.4593589980961728,2.7103414146479663,2.7780150051266745,2.9063362414431237,2.357185420745076,2.6304716359874547,2.0955535019271285,0.5494948448749482,0.7218570522728427,1.9959755344105001
4.460743207944074,5.657377422906598,6.669886838364013,6.7812544786336275,6.793469516003003,6.280827265688378,6.425359841152991,6.880391423238119,6.004195829322211,6.282345662697412,5.869182042468445,2.6968072274856776,2.647445109311414,2.3016942601211734,1.286906725777515,2.99818437106962,-0.24210025716693662,0.9021741910341441,6.860458939537609,4.540785163765817,3.26554571699918,2.8558536802479093,1.8801595443566497,1.3125981312061508,1.9348918473666545,2.007348660396982,2.9744057529970185,1.9352408758021928,2.0918485677693828,2.3727135304384546,2.45290742835197,2.322461041760412,2.5343077570003953,2.9205826114787437
4.258272028295253,5.220588831748235,5.680381727944158,6.094182749230551,6.230144783813899,6.086066045550606,6.615508473944898,5.95576513710011,6.4036971904605196,6.187058177116623,6.007073458860184,-0.7864540734389708,0.7525154149073848,3.5430122180569823,-0.6024611339810277,1.6405891128983596,-0.11966843577268772,2.3601013671911546,5.391183346322108,4.455915195378273,4.362149860196646,2.8071983617650047,2.017879403732184,3.0049716484562228,2.0491356488681145,1.9185714400902012,2.372350818048576,3.071642117977604,2.06636677745157,2.4071319676268734,3.12510680323306,1.608193560268502,2.6165455384585314,6.530048764896239
4.04825300501078,4.647659103442126,5.085570572789081,5.264742473077715,4.983971187471784,5.918320629940488,5.956026636643239,6.016899687960389,6.209093673435797,1.4326233372940942,0.18964010288422842,-0.28848100444811375,1.1202539121503126,0.9534774688453557,0.9884277514031671,-0.20586027662221082,0.6581104740015227,4.54227344704727,0.8482253414710978,4.362404648621992,7.866137898833606,4.034859875826209,2.4062147146872093,1.2133471793145985,2.1334257490151867,2.316020056700662,2.2228301856599573,1.7994976914064311,2.7688280625401465,2.6783438257910213,2.449588275255659,3.2829896746035976,6.6797217000043085,7.280970897570738
3.8941472120699974,4.6435939604084915,4.761040521905161,5.359824337790263,5.110606374898059,5.218393606497908,5.727081150193938,2.422449987119547,0.6517630156719721,-0.6020093499528495,-0.331211581951762,-0.8433849837761223,1.8428125603775167,2.128100213863489,-1.5141572152936364,-0.58664856923307,0.5180834112248655,2.3810122717891655,3.564262295048043,2.69721112870173,3.1822102657510727,2.3925849290727355,2.034813707235939,2.17887176464735,1.744204392523627,1.697904625946868,2.6459870483706225,2.645133623976997,2.170406235111158,1.6975687222657743,2.618693900427664,6.949635951181176,6.839403099603969,7.173862193258312
4.162960424462706,4.311693528901838,4.8430131992271335,5.119089381987724,5.084662893451699,5.071686537765708,2.9087280993824387,0.3476857901519258,3.2747241510646647,0.5210496965785216,0.012464332269885137,-1.036524926822736,0.9230605196367833,2.0638490194295103,0.15037907488900046,-1.9313527660984862,0.7109297931864934,0.9348893568162283,3.4270989342725446,1.353911947074922,2.231868965708404,1.690766643389148,3.511600149893554,1.91790932424954,1.610519827664293,1.0553030290324814,1.8725869198315506,2.003706509528633,2.172481054358646,2.520224857395782,5.868502622240221,7.048101055820329,7.552265362962516,6.566363071638361
3.0750537861793568,3.985423907607291,4.360883726623462,4.169886726004369,3.8741165112413607,0.46643024186270765,-0.2943520718198339,-1.036873481467779,0.06578570765502939,0.22559469272050592,-0.37786832485361777,2.3442641334180925,-1.3217063995317035,1.833648259844909,0.45301199434297973,-1.6071880028256404,-1.710592209949794,0.4478215060269046,-1.417457920994774,1.4705578785743312,1.735581858627024,2.3980494773337586,1.1282368476258726,2.1461678365558803,1.5029401471293156,-0.1758869921552993,1.230997088967622,2.297500475342232,2.5103896569939232,2.8540378344128565,8.111923296975318,7.996319664551618,7.5089543302862864,6.81892793928971
3.088050327165176,3.2611845520877836,3.385635439689826,3.1032447000398955,0.6672912090342453,-0.37164563144082413,1.4220041271331585,1.1153899353524261,-0.9002343448458876,2.824968369429682,0.53762266350031,-0.5066410704731855,1.0922084804970593,0.8384085216625997,-1.7402279225008943,0.9076161042239331,-0.972005188356035,0.8939821785605284,0.6125945819968587,-0.38528457619344747,0.20911880762734283,1.4863910273585117,1.9121724672056448,1.4964454944420986,1.9787941075263067,-0.32438085121659865,1.1954227658864414,1.6928448101187792,2.407201823846825,5.11458886365534,7.65677269735407,7.34936541668585,7.182287741349146,6.0324932985647255
2.683501663694887,2.933663359048835,2.8034721943820617,2.2532385094653846,0.4925583570922749,-0.514969640841828,2.468887863499305,-0.8740767891491711,-0.060131950112262474,0.6991015826524641,0.5371736830691329,4.962378798569638,0.2226881847599979,0.27823026417377944,-1.285611770546472,0.5280202694939373,-0.021427200886998253,-0.5790258102871237,-0.5790163917729269,1.1323999444262407,-0.04843576141848811,1.623362453644753,1.8457895106834548,2.1278079990173318,0.9367863327959279,2.0121069742400564,2.0254725693258444,1.9437956913340226,2.482033082453303,5.4019360527315525,6.7020285895727,6.991563409916017,6.96061264509779,5.914889522788786
2.731124365627832,2.616669706345586,2.5063606567418053,1.8234295435035528,-0.5018592045230853,-0.46447538814666683,-0.961938009279551,0.7502693166452667,-1.6211746558380435,0.7900103377982036,0.03680540579002038,0.9036819307506979,2.4912675177362495,0.881563959665014,-0.936583596994272,1.5400922868145095,1.4705396003819322,0.5807885857782698,0.1957698560935807,-0.8765466834251184,1.795387937128944,-0.11317529796475977,-0.6576439861252268,1.5941225105265067,0.6569331934576939,1.188813528144641,0.026704927366019378,1.6579767103422913,1.6421717069328767,3.986384718921535,5.948259576523929,6.066339457059304,6.694822511549957,6.865949380223308
2.0433822181583365,1.9229337211067885,2.0006267774247646,1.555711529166274,-0.7714509409868469,-0.26407296961774057,-0.3167686163883784,1.3133763243540275,-0.33675845005374133,0.7649513580994007,1.2599484162251782,2.57673827970198,-0.7990365369190763,2.7217484569846353,-0.2580236691710237,-0.524540290037385,2.6657446436248984,-1.5303631445622585,0.8698156531145571,0.5233858219981231,0.44091939435801014,1.243503374696809,0.7573734139657604,1.893772002569161,0.582492937598264,0.39278711434460417,2.096318387084463,1.7149029212828324,1.796689230297809,4.855408340987597,5.626267970854129,5.836513166541402,5.9530389822023135,6.245687394082503
2.0910655661387736,1.0039402406756248,1.2349031818097975,1.1630507106220296,-1.6701666061511626,-1.1348425630279297,0.17916929097653295,1.2977560583204921,0.5972845615376924,-1.7375251488883283,3.716745426582669,4.23251664048388,2.0005693772378,0.583493342980413,0.22174006355308234,-1.3996622164665098,-1.2957749667476661,-0.8654201900685301,1.3169875888317522,0.2425627368212165,1.069190485639254,1.8686940910911618,0.6137876751746347,1.722842466618479,0.6986262436061025,-0.1485083006975572,1.7492826795903156,1.871951523818436,1.5100551704275154,4.511389193493703,4.566939148438811,5.527194733769345,4.766167027039457,5.051220362825685
2.0860022569090817,2.2394584941281814,1.2428251828453674,1.4229545653170164,-0.5301932184819617,1.4710258086185743,-0.662468572885583,-1.0540466434753226,3.04809310803194,4.008278791700278,1.0092470124400725,0.7281756262937286,-0.575580977050032,1.5593326134897685,0.4296921274427385,1.6032077222668222,-1.437944120225169,0.18370257815966476,1.3412347920301595,-0.09339088337769402,-0.33189518873429824,0.7347550846365455,1.6628106541846321,1.6260299635641267,-0.45168739615619824,0.5834419786742752,1.2600740141148952,1.3775582225857024,1.3179193376426597,3.984692066718797,4.064123212455447,4.893811844904845,3.9379038910553668,3.889314523517844
1.9511006670263766,1.637842327894896,1.798881079873398,1.4445742568121798,-0.32905219003298486,-0.7283462168076599,2.231274826018245,-0.3502256288533223,0.0181807857468679,2.9836277546802945,0.1432972557073988,-1.437068256892898,0.04602076810963247,-1.0589491550493098,0.9662258859403765,-0.7029759732535573,0.09591264565821947,1.2731592848812452,0.09957463467325468,0.12962030548916734,1.0605553461007782,1.399045661509004,0.4742370347417162,0.13632347143804868,-0.6164324440480567,1.5941738142020372,1.0786485443475577,1.714474605099733,1.2304841721075586,1.4959669792803925,2.1102652560576387,4.001274863238597,3.4708733712822286,3.686117538081717
2.168566996389444,1.7440844631155186,1.7889111021803321,1.2216205207184416,-0.9568500879641575,1.1902419531436146,0.30483567931841565,0.45445065615334046,1.5078331017567645,2.0126612943982574,1.2636281187829228,2.6383713019624593,-1.8367892717506933,3.658471003928017,-0.7468321600174926,-0.0010745956526265893,0.5729438649890551,-0.32935040479428623,0.920119689799786,-0.21175123770060178,1.5938605982458929,-0.4146142485088037,0.33718559609387083,-0.006716567067805222,-0.20524107801117736,0.8338194283196269,1.6505777742743744,0.9917898057453525,1.3444448966038984,1.1677436897937377,1.6107644279339701,1.7810408485151135,5.104969798808419,1.4334437767040822
1.5429484777690885,1.8026025068839633,1.4551429024729068,1.5772618272827499,1.0779165827943789,-0.5967364036077224,-1.0816121053163252,2.3303104944907633,0.3286757847058421,0.4474811023464073,-0.33754797775199114,0.7673785532751218,1.6370562012947236,0.5099012512845087,0.8015291742042627,1.1690233461948565,0.43686157150402843,0.41115155524843694,1.8549384265359332,0.1480803613536198,1.9189222401133281,1.6361120019654367,1.2681344755339614,1.2165040178155444,0.40500960925639395,1.3371040836317682,1.3850114334994585,1.4948377580566885,1.2371959450801016,1.8210901533728572,1.1930331868477335,1.0786894956089261,4.059235415819363,2.9736160261755495
0.894904906660359,1.2200800323880183,1.3665471087710144,0.9964873707531341,1.1100343214867225,2.0708124001343675,-0.14915394919693292,-0.49221343143521595,0.3183826931369838,-0.15312103414045622,2.659591716658746,2.0850030870176504,0.7220779167115603,0.8740042100981117,-0.7898356758261589,1.5473197989008953,-0.027908894101792515,-0.5449010381917729,1.3520927818579955,-0.19271468958851165,1.3278363244857159,-0.2266279967761473,2.0312894051982644,1.205352296740524,0.8368365809436741,0.8148431825789247,1.0594040639366376,1.1231179882201612,1.809929308592914,1.9182942205198081,0.8904133560820942,1.314501157807511,1.3921849333732736,2.863815372834293
0.23804592331829239,0.09136891181850884,0.32353245554363763,0.8121444941810957,0.8457090782980401,0.9978957798101148,-1.3664034923032968,1.6964449031980755,1.816292540267025,-2.0921260870986726,-0.8321243747797902,-1.1165501557930673,1.7026880815515073,0.476238844271114,0.272992054970632,0.7082298591293473,-0.4961099563328265,0.7071606815683111,0.08166880753393259,0.6887355857398739,0.6943131205607561,1.1217976355410197,0.9767446628487116,-0.2521979755571308,1.9613565019467702,1.2800877788307343,2.154443050942918,1.4087546696768771,1.68830198172496,1.7223527524999969,0.9124054684999411,1.5297545876150869,1.777925051716796,3.209015466076812
-0.16864054160297795,-0.20634546610994617,-0.5835197194803206,0.03678249242613781,0.6554015721265294,1.067229027723695,0.1663750747507581,-0.4832434075919878,-0.16226569732330223,-1.6221828584250093,1.6355323372076753,-1.343141708147279,0.8953862222060184,0.5398994195001624,0.3826750092932335,0.4853576198516447,1.3600246829852394,-1.0973339591852416,-0.5302276930424256,0.5492721931686809,0.7265835668997526,1.7800783223146488,1.8196892669044042,0.9110490621567631,2.4117392482192272,1.9498755397757817,3.2987331687781225,1.6991482483825702,1.4448670250683606,1.4037613087997034,1.3250176951150294,1.4320138104525055,2.40453124722365,2.3800516191305654
