script/wind10m.json
{"header": {"parameterCategory": 2, "parameterNumber": 3, "lo1": 6.000027932988019, "la1": 58.9999434238085, "dx": 0.5, "dy": 0.25, "nx": 22, "ny": 24, "refTime": "2024-09-25T19:00:00.000Z"}, "data":
[rows 0 to 23 of 24, columns 0 to 21 of 22]
-1.2121702664883651,-3.7796471351435774,-3.419068770688785,-0.935702641154069,0.3657062014448574,0.7047948009942007,1.5627611075536187,1.5782072342364128,2.681903294715463,5.689068210925616,5.3351077071116615,2.7055610237726393,3.2948853983407176,3.3567761062069925,9.799371010218662,10.100393463862558,4.7255923521556635,3.467472775009787,3.6516323354781997,2.8263681112750927,3.4847438149617074,3.631406822891258
-2.4874799141409407,-1.2062453877741077,-1.0237495456463774,-0.8321565782890811,-0.2400338727168155,0.9560446209512239,1.3956632005705765,5.183963680127168,4.345357331564758,4.778397734366573,5.702887318285245,3.565244862791244,3.658139266505708,3.866266353848733,9.412412764967135,9.84949944340394,3.337888865898781,2.846898733852525,3.834990220985705,2.709560778013147,2.6012905264525945,2.9231275307967985
-1.087699140319942,-0.37337450930186494,0.7684935468981221,0.9216392856537914,1.1798001213224538,1.280462619029884,4.448338298387444,3.520839651511713,3.6992534978420566,4.744222575139168,7.64204555441539,3.4228175546891073,3.24783964487485,9.18906739019957,4.70946617273469,4.387595857519139,2.6962211259624667,5.015902162945983,4.096003963153086,2.8074400248614704,3.4190095242544984,3.2747237647149405
-6.46654801841154,-1.0315728426095203,0.3799209624925909,0.7855388593372332,1.156522792443405,3.601753197338769,2.5926212611518915,3.063652508878388,4.113686325570333,6.54464557704005,8.122302958467095,4.734094432843113,3.519164192943762,3.101483892366032,4.725779215294938,3.4850358245840773,2.757424083418491,9.160501273959394,2.856070097378028,2.7817153876361917,2.095124266606034,2.827719819399091
-4.967568206720324,-4.746984257297378,-2.7211088109523915,-0.2893636075403471,0.6488936980623926,0.5661637374861759,2.2279946830322723,3.328640414119469,5.283332811227931,6.974760575573315,7.646546076381469,7.386626023220309,2.8884604835792804,2.533508710691415,2.7874058096768923,3.4374078331891047,2.5888192627037445,2.796137260101577,2.7328990124286254,2.4267484479114283,2.6292959406317795,2.788400289308725
-4.157309502805879,-3.681717770543208,-3.184403952383691,-2.045112323555248,-1.7442803245254643,-0.07100643173426123,1.4500943861771476,3.046685197888923,4.87426446757511,7.469978114317337,8.197565738867056,7.134441332111714,2.944333959613595,2.505652764837069,2.362101926975904,2.2362353023745585,0.4374114743364715,2.445077882228671,2.9197871399319215,2.6534969812154072,2.620465439299855,2.2815933080808906
-3.4892755830487663,-2.9610173908890913,-2.1523555335454825,-1.256023674676589,-0.45690095618793375,0.6926878886710635,2.1160461640849926,3.0639536802753735,2.9386093994326306,5.549308013541643,6.358491550358642,5.1235921278441126,1.931867416602761,1.6922190087750206,1.3726972989425599,2.2222855795337257,2.4551911612399975,2.7217698362492384,2.6703130026039354,1.9142246269451229,2.248222695002973,2.51058014591436
-2.828120150372779,-1.9847910094733554,-1.2451035008581954,-0.24212114006845054,0.6055937845180542,0.9987136529621318,1.5305093334674265,5.940907059389592,3.280797344798254,2.843923810659709,1.9186865455977222,4.024842196630898,4.954296350408844,1.74332085236067,2.0270927283027973,3.0114394232673445,2.7506271411133993,2.582248449780542,3.140707173869723,2.6137674540560885,2.3853235361057865,4.446030326724541
-1.8893075916965938,-1.7753646259414764,-1.6225811386956348,-0.9008970579795689,0.07903224677259771,0.6320604474238728,3.7540497853298285,2.935279855770761,2.3281818258224565,3.9886678809226526,3.2913082328760987,2.7639069250251773,2.1323911399691853,1.8089875743695534,2.1409078752832786,2.4734800006304583,3.2011852185545426,2.4750604576595094,2.8607819240455323,2.8464847421731365,2.74075637563832,3.925864860692999
-1.5655652034780276,-1.4084220678210464,-0.7384172263090506,-0.44005342361231886,-0.0078097419440839345,0.6057213660428143,2.0265424141143806,1.8089287047409315,2.0906341069344916,1.7008201975518373,1.214544412696349,4.617229423102541,4.469315064160494,4.75501086665883,2.859858314855729,2.3878823072555164,2.8999311233689666,1.9696692723073068,2.5903000609203826,2.2487531483141563,1.886358536917586,4.795181813973024
-0.9107750824962455,-0.12096484171095684,0.006172233520262767,-0.5788615524514555,0.14021341305861498,1.095635129252925,1.3011842648969971,2.054047421030365,1.1313400327401344,0.4245077252604012,-0.17131287763218642,5.5658854164643765,5.548905352046681,8.868479292935012,3.0891194852797628,1.9217848782731917,0.9182668834434351,2.3469688230897834,1.8599770976585595,2.032064564212591,2.0433025278671493,4.858393140117552
-0.9398363091154929,-0.588212020624289,-0.01429239051199537,-0.07218522578465897,-0.07818317958511228,0.8850847712806269,1.7505322296867516,0.9897826579143194,0.06517577363039836,2.9557420700124144,6.095282481805961,4.018504076657485,6.929992257769445,6.0512173571988885,2.1851680969815095,1.8168067835450237,1.7482376601522551,1.6516090889204262,1.6481996954068558,1.0846954493573109,2.54084494785078,3.6985871081701114
0.2395238806716291,-0.01632018520682493,-0.46489236739593054,-0.5518899447843011,-0.6356698375614307,0.5680521093769813,0.8199573110738685,0.4127809407997312,0.5623728640326149,4.868356655784477,6.027174278070477,6.5407578157135475,2.9587034901656004,2.709041907731104,2.8460105592572322,1.924194511642484,1.2742195581280022,5.495262916497961,6.277754476023204,2.196157851316019,1.9609467470277795,8.44192549017234
0.5319482047344513,0.3246147946725792,-0.23148178010776366,-0.4295445787918113,-0.4160415021349201,0.7323125363746291,0.01711118966876079,0.2570469779237697,2.6532469180973792,6.732870671174051,5.104012675913985,3.167933927362539,3.2841372106807283,2.9097947217282223,3.1905145486099973,3.1996780568124663,2.098105636169496,5.399376914475389,2.082187865490247,-0.47363127356180185,11.362784654578807,10.17789064189826
-0.05765163612413944,-0.11018897668866962,-0.14846682803526112,-0.5718088271024646,-0.990710760143919,-0.3017648303323323,0.8435719614102895,1.2288947463038256,2.3882131929494963,5.20216704487106,5.974769598608137,2.4159682255763935,1.811552533164832,5.939490047902923,2.832087902498474,2.4777215895328757,2.3105613916504684,3.4894244275576516,3.0578169464918297,10.664440169285982,9.887042988016395,9.123184471100167
0.2937525431358846,0.00022969605722101608,-0.3159887270278046,-0.49181025094694486,-1.0709525940314721,-0.7316621187622315,0.9539579375039483,1.9600057807542932,2.1910712341369023,2.8918876212153126,5.150475202546584,2.8118003074143902,2.7580266526618447,6.40779637930577,5.2776608100305005,5.714537295478744,1.9295091629270897,4.11608433615725,10.661838540358065,11.390817236760238,9.094467956250933,9.133791648760546
0.3049347881430751,0.032158585368799855,-0.03252906405578899,-0.5835658298436811,-0.35411515621567397,-0.5042059089084656,2.1042237156942205,2.6504858024703184,4.421393988645116,4.877498370022468,4.537610287975682,4.78324427449759,2.6952290446614358,2.7392250773197233,3.7893565102480427,1.8065577373561075,7.033309328961859,6.658799567922811,7.759467449863231,9.777649157610876,9.335390055089304,8.392780535689509
0.5333403686949538,0.1885165256714793,0.6800242917708903,1.1349818385260533,1.3740748818922073,1.342662906647399,1.362306241853301,2.8564785174755354,5.969226889960944,6.258122377047243,5.3859591464522225,2.2052080455476872,1.9912154619379825,3.5348958102363746,6.245287631876848,7.104443825738767,9.243312833106257,8.487769816159053,8.966645479359537,9.300575281624416,8.813709020181411,6.175426387629947
1.6894938904409522,1.292819151764018,1.5316742576929443,0.9798885299061956,1.4612385975976856,2.9921799331170518,2.450266097312927,2.7721298954001816,5.423975214038667,6.176965909887897,4.389048300000563,5.953174233578604,3.482704607959536,6.600715895403756,5.411471920174776,4.405196117426342,7.51884856807188,7.372414653531129,7.9284918601844305,8.037645642738491,5.952510308448759,2.0276470437400587
2.5338274430514782,2.2235296657029826,2.4073362886836853,2.282252675398534,3.929480440669554,4.169746641589935,2.2449783575418065,2.147327258014206,3.02758701453938,2.6967674084846833,2.9654510211255953,5.669688227718253,6.762120874247048,3.229004817706189,2.469024295616737,7.619749372591215,6.383071119508645,7.087283818946223,7.119869082911223,4.794895717631275,3.984209290203552,1.7134896397861155
1.6286862581928891,3.1056448917472164,3.883308791794308,5.27875323473746,5.174134953103905,4.936830113314955,2.4622918332797283,2.278395242773694,2.4641793557438247,2.5623441518585524,3.4932752814948023,3.136278810250292,3.0154263904853034,2.677461827509171,2.905113176649041,2.970763966043653,4.813418351227513,6.704142281706279,2.3986182556788247,3.519158869642291,3.3261871005546477,2.97519220152068
4.557106775699799,4.264536860179482,4.5347436645974915,3.913880823168985,4.011289148690614,3.4131838529084635,2.705672867498573,2.266373471719554,1.9161154738674746,1.9432910478916057,2.27466888479561,2.481661085055479,3.7475735334347675,3.0351743406087244,3.6305283287278844,3.3803691731852266,2.925946149851679,5.649594835879133,2.7405422322434125,2.646373894881047,3.1342827488321405,2.5923255642010514
3.1951454555135475,3.8152743260895394,1.6403355914717674,0.6266576310627578,1.9980990586676644,1.2480188962594718,1.57191950354997,1.8499212861537506,1.866321160071734,1.855260890630059,2.4436142634934717,2.1990397831503654,3.29893226609103,2.176465310813078,3.622873592325072,2.95906250795863,2.1124215641649986,2.515628798033391,2.897120933750984,2.1427793584042325,1.8451387968682504,1.8253644739505546
1.228742139929412,0.9880374099322016,1.7307648639837054,1.657134325821808,1.621563919757258,1.8964707221693398,1.5548822067542616,1.3589068991536586,0.7992927405566863,1.4841426112037952,1.3047423371943736,2.0212217346358208,2.1633880477088034,1.932907151049858,2.276280047482942,1.1831729784324183,2.7568892188237233,2.15229586794658,2.291554406450451,2.44823456928435,2.020746315970298,4.117489082249761
