script/wind250m.json
{"header": {"parameterCategory": 2, "parameterNumber": 3, "lo1": 6.000198445256149, "la1": 58.999992894266676, "dx": 0.5, "dy": 0.25, "nx": 22, "ny": 24, "refTime": "2024-02-18T15:00:00.000Z"}, "data":
[rows 0 to 23 of 24, columns 0 to 21 of 22]
15.139274414045437,11.363544705633869,6.61365202693004,11.203765177844563,-1.8995978522000556,8.74487571283439,16.014753823001637,10.687040264142876,15.265539379086398,11.502700468726653,7.620222843048733,14.111969199751684,8.189159956568284,13.435626578732968,-6.832448187013357,19.235352350450125,-0.8645409408734956,7.070259236505502,-0.571180161397577,15.955863895323233,6.650262784245697,4.047435209848472
-5.095649736345388,8.157379018078677,9.63649518555595,2.6634103893810135,10.815928904030613,13.372938381188607,-7.7778506570712835,13.665443203540843,3.5399806951597896,9.156345118270453,14.140858111103354,10.537590188314162,10.259677883400032,6.582935297909092,7.745000033167983,11.045800225354665,12.976615689971705,8.78291942966162,8.638151287279841,12.54261881072018,-8.236353364058061,7.929654681323506
12.015397873374013,16.75953053621452,10.923882154644332,10.026771512910493,15.534704341521794,6.9576740903599665,4.386663546369535,-3.6778199250574484,13.171217942297757,-7.884833667062131,13.21193945767804,10.335882949507253,9.409744187125927,16.422681179645036,12.161727062023749,8.521602868782299,10.620285062554148,13.648350731861305,9.354702378440187,10.590000085900092,11.453742871939959,13.965456396766946
0.06932853133082416,10.630613593118905,18.81860534295467,14.014074121148251,12.188386774276243,19.779928688975456,8.937158039656365,-4.552788328890348,-3.6426615270252634,-8.051659583339317,9.595410073484066,7.268542195436095,9.001830629094759,8.804362661631107,12.549667861567501,9.650384362197851,14.744177890369057,16.862601783085662,12.19456797627378,12.937241050649757,9.430305463570262,9.556506900076352
14.600317628775393,7.7113059060773805,10.80497435166669,13.663528939492767,9.048481480974377,11.872241179067645,-3.367093459359982,8.440284953229586,-2.5390246018173683,10.007852806933794,10.633231522785977,18.47962663457759,12.074142482110817,7.982000601977229,9.651135088602597,-5.292970341204781,5.809313929194007,9.914421936340434,3.0690579421784028,-2.4804619431603827,9.844332090995023,11.314393471842845
6.436567741217959,7.85465100984874,7.958536693934077,9.093364896741159,9.712691199934547,11.20907190881375,12.921666503002461,9.076845397849901,10.636964354140828,14.709218348208086,13.052594864492393,17.112849069868698,17.12499472877112,0.3022994400403304,9.85497590697577,6.705570050220397,8.818342480133735,10.708933257300364,-5.75134133295944,7.494921339015185,8.822035522708987,10.630197247106883
14.295254290740434,11.23766371656361,16.23396758557513,15.293274957164945,18.689421381814807,9.216542263156635,14.293080475063832,8.32752865436106,6.622928449574158,7.766740979831271,9.591020942481142,17.729815889812976,11.513237433793892,6.036950436251618,9.702936492285374,7.667162409206911,8.017772046515272,9.837203991638997,-0.6421421831764041,11.078778645585459,16.68465059173504,17.964922810429197
-0.417434479509408,7.995445090678172,17.441793328694704,13.063309869527856,18.259797052158984,3.6389869183629187,9.75220259981731,13.578897790703449,10.869215751377702,18.183667107543698,10.250394925411607,11.122495036617954,12.713182279623352,12.471922506751485,10.518556056733408,14.116368134637812,9.72408677401715,13.677533604073396,9.747868480383023,9.273773224378028,9.353120942494737,11.572944967514772
15.494741209101004,-6.023285679644818,16.141138102385728,7.54881565465563,9.66769791821886,7.085379040739907,12.003113020074856,18.928788334535792,14.635917973408215,10.523415911623033,8.53269369510902,11.509383044822338,-7.656656497316582,14.080221296573464,19.3819836050498,12.985330916720903,13.51759870604786,-5.847385585174378,8.189100327137314,11.897817010990682,10.879099185704192,-7.27586901631348
13.375832732383817,14.134364535938133,-7.108340387357395,17.4493477945098,10.934412901338753,9.528061713481788,14.782225238230012,-7.303880015320314,9.30155572781435,5.111762170083745,11.288324587126672,12.115986933856286,1.1712460843819021,11.052502712071092,11.21709504714319,-5.462776176244789,1.0194640544644007,14.941815558784027,9.278716721257291,10.95087594673669,18.72232387749916,11.24836199578539
-2.3199996596882992,4.6607440395902975,17.190018926311662,7.278038405420696,4.315905996624809,10.252708270174544,11.115135672266435,18.943833869351,8.680985564707541,11.104640160066596,11.05348919136715,8.028673404748343,9.152998760884598,7.882032121982403,10.510742289383499,8.994006492260999,13.405380855410709,10.82263520872777,13.844760526613818,16.77200768662887,16.252669019218004,4.891551372116257
13.08510196763454,12.855560707574162,9.633978750427055,9.320812062794486,10.140670715947648,12.355498221531715,13.578778366033333,14.385986477679547,14.760024428448844,6.8524302783069295,11.378925180389956,7.871481002245498,9.022920331426239,16.036876588923658,8.695910577281085,9.987729320355223,14.310587556463139,-3.4536483046785436,7.263787084346086,11.484635279624767,7.567043735062127,9.573958560350919
10.710109774455946,15.485843573141088,5.7495213249821315,9.063269751805871,8.296377604021924,11.375734775482513,9.000164687330358,13.925422111132711,5.621684050368021,14.400277916413675,-2.8627349353571088,4.974014952157869,12.927175312025074,14.033230513972795,13.179063988695816,13.092554670009317,15.711981384952303,10.613753972580215,13.885993924260871,11.96064595070794,11.811051385214357,14.607315351643164
13.922003904323658,9.935344082820384,10.375588796833403,14.137948950325915,-7.056560151431991,12.232385783884066,12.929586363113025,12.353826149068132,19.004806138455294,8.702624696097711,10.522235213044654,10.929170772344314,16.13809813184668,17.55994864602535,11.193340120110213,8.727873448027314,12.15229346742801,9.065057033162107,10.679873293376026,6.413284572826959,10.04420106166166,8.569311687781724
10.358376657084596,7.845819826551257,11.715979908829587,-6.194554666133615,10.159495867417888,8.582610458756035,17.386280232020898,16.762091478160986,1.9177592387461353,6.082348529914871,10.039380003022016,8.39821576163302,12.115603271001214,10.369528858067644,9.745308523565008,12.353537372836703,-4.260859841385186,8.467480205149773,9.985852369692363,11.0871115169297,10.570201721805956,5.224603920823961
14.424979881151604,11.345952427821533,16.224067983521653,6.670426718754644,1.5811295439679793,10.961002595957767,1.0258503784366924,13.646673992536597,10.400343270641958,10.980884912200173,11.180321011407957,8.765375211963146,11.472886471464458,9.295282927591355,9.507842914429473,3.9378027329808956,11.219963982699575,11.03665044747617,10.133726317375512,-8.628931683969533,12.178067551279769,10.591734401326454
11.51491105705017,2.894176189297236,12.857453344043648,11.729931468520235,5.731115193201223,14.7164800807356,4.048394928247505,-6.927703994837424,9.795272196726001,9.85972047827891,-4.645451742275269,10.940036671714012,-2.6196890589447324,6.6569025586111295,8.364686685229914,-5.085550655890156,5.972927539719451,8.537537585682287,9.027011149907825,9.252965653324946,-4.544950758545565,9.097777133623586
13.677130513693609,9.161522223902328,7.59599178857184,4.881491647199128,10.675392690296656,8.261680695357681,8.924773897444803,10.40088530465522,14.792390244391619,15.257936083145305,9.26253765530061,7.903138912741005,12.427092196389125,-7.199194110570902,11.314123937702522,-3.4649128243453324,10.329207071545872,14.879750871755268,0.7303378415059999,13.418657713792234,6.670700870001177,7.966564128600274
9.551938375692055,13.914612894172699,2.5441305199443867,1.0014782661734776,9.49172552568459,14.414090376567316,11.332553685693227,9.86506897627214,12.903720521054343,16.053134543011947,10.288431685225811,11.961047842700067,8.90897540137614,10.034214010988325,9.50423679706616,-5.996410757277802,10.191428282338192,17.63967767943038,10.435663872435404,8.88470229585273,16.112544010717347,12.409103578060108
12.008798506739375,10.304332077492997,14.454610328277862,14.209974833145939,12.128327544814697,12.089775115827733,17.018975862554637,-8.101048024541365,3.1906295975817573,9.278270312825397,8.481276618766127,11.811468302316042,11.308694272153003,9.624352241893371,-3.2862546389615264,0.5411762613677054,8.19095041845626,11.532514721809287,8.170419126596894,9.758477970520127,-2.9042412449197075,14.54591893335027
11.534243939668013,14.609901906067588,7.822411412632937,9.71516044597087,6.79971359825813,6.4616797106821116,7.872288279621823,10.301001915360075,8.427532310275273,12.052793492710821,14.471243734411049,8.946794813746681,11.556023422645117,9.854149797979506,16.166754714430226,9.351088083989419,16.56735815033681,7.387130223554118,12.069169972617365,18.36291842595169,8.677464596304354,9.172494182613343
-5.573558234339329,12.006768609796325,11.058002079546588,7.505545605360823,-2.7056378082119767,13.025879529074553,8.37313782980065,9.782436460400284,10.947449140755872,9.304530347941014,18.501652632732224,13.060848734080572,-7.256605772555876,7.559547684294319,11.629473147819855,11.044940186318621,8.333846066454898,11.189988431002021,12.023439064877374,13.777199795302556,6.485572779127336,9.009324778366837
8.0581540510941,11.364298984083137,14.96430652931328,8.466501320435734,13.45756516144906,12.028206969788874,-3.3718984070170817,3.3703788749195427,11.382707734892064,14.176035115585442,6.204987157618036,9.834650023764807,12.3244094679398,8.574496786914933,12.180756779019434,0.5465520010037768,12.773502931566355,16.788050653447335,9.515918885764277,13.520275771475946,10.339380167478991,15.385051046722381
8.280584938942491,-2.7012927862035934,7.334551854919694,11.06078962623787,11.056079037750246,12.77044349080531,12.705929278243769,10.384521898000518,7.216202546184558,10.348147727052545,9.011776667706913,12.569010054519541,11.769152109450605,10.311037956484064,18.718307663614016,14.82044543157196,11.03784032604933,11.002981151798227,14.208986057896437,9.881051121176013,13.16590511004948,9.217649896687583
