script/wind250m.json
{"header": {"parameterCategory": 2, "parameterNumber": 3, "lo1": 3.000054539987559, "la1": 64.9999836372058, "dx": 0.5, "dy": 0.25, "nx": 34, "ny": 52, "refTime": "2026-05-23T19:00:00.000Z"}, "data":
[rows 0 to 23 of 52, columns 0 to 33 of 34]
4.001929090218804,4.192896929502463,3.797488175576942,3.2548639843834994,4.242273530469423,3.505756418164875,3.3954413665343264,3.541700782574877,4.17401347631268,4.4198576759493635,3.267471991639297,3.019868249976211,3.5129375791285797,3.3140362969930615,1.933777570873859,1.4812891770231873,2.8893827975693633,3.05376517440406,2.463589472737439,4.776647775322918,0.08813357801832512,0.5476696902538448,-2.2748516071658336,-2.180948844129958,-7.172197839750199,-4.781372698387128,-7.450844863107462,-9.160680593986852,-6.638103857379162,-3.21578366968966,-4.5704855781581495,-2.200461899210345,2.334226427444374,2.3628131996975053
2.466269111300793,3.808892629016111,3.983476214983401,2.9508128537304827,3.5877072492259248,4.346662307348969,4.853812828486944,5.313465876051028,4.987274714470793,4.125529230256287,3.714953691837524,3.4298987414824142,3.915872638127405,3.5125002311360394,2.704305493664841,1.8889647177165254,2.2403744807791894,3.726660715720797,2.788519310676734,1.0257986727115622,2.0395551391863957,-0.5267103118062594,-1.7312625592141557,-5.830795897867838,-6.117593368604964,-8.198497305524445,-9.637609988338095,0.8984244893867954,1.854213484733047,5.059303294286099,8.292574253289736,9.487759229593447,8.785002523429172,8.979403467949288
2.3670131841993283,3.043506572771036,4.077063703049931,5.128105520331889,5.453676830505317,6.120421150244954,6.089902548042926,5.60127319822037,5.264869647011631,5.006090840266529,4.421710862657008,3.594536792280907,4.106662131529632,4.274211601318892,4.345806443475328,4.116334468365275,2.9124951592130786,1.9076771678667113,2.491667026065602,1.086552661042496,0.5408300054380933,-1.2211163763816753,-2.3887848736309305,-5.744938474348068,-7.530709479481102,-8.49393416374971,-6.538470394624323,-0.07801205574610724,4.5197530089827955,3.193255603216144,5.408953218940099,9.764854662663524,7.2175219388374705,6.444709686483911
4.363709778990746,5.057674663098967,4.02729688649834,5.149714091818799,5.309964850698924,5.836612715714929,5.852171277976286,5.446434061094961,5.3912047347319785,4.98952697621102,4.823534861747433,4.387447147502564,4.881615720898656,4.819494038605771,4.533301409741973,4.659397810485342,1.0544243923331782,1.8977964560177432,0.9854228651317766,2.887533538886446,0.9759315672282627,-1.2931856318764037,-4.279986378117102,-4.137845789600629,-5.757055463408954,-7.13739705650903,-8.76397092058747,-4.2999097831288156,1.2003591574019106,3.5616145749710983,4.177808038687314,2.912308332039381,6.389005721624028,5.590860623767397
5.4298191803147855,5.571498394342118,5.136291198409112,3.901535119326454,5.123585339590703,5.169158207735515,5.146572844623535,4.591127944048524,4.069927898396018,4.839858675502326,5.39886460340077,5.349291442860977,5.770104543341884,5.0460764820123085,4.804708188193053,3.0043114045619563,0.5076413686001833,2.3686051388879923,1.1377788149544235,-1.2976680948479247,-1.3874271511911709,-4.14656906994166,-4.125695873535061,-4.57840729401528,-5.270600882194459,-6.196969035109884,-8.221804525959797,-6.004684407477347,7.391723277082251,3.447240860195981,4.050041889681493,2.774880700120458,5.515638773996504,7.102239770539969
5.450621327433171,5.782636553294064,6.682069095986201,6.352594782546924,4.993872740883535,4.7357572740838405,5.281684514690996,5.03536212127051,5.30784537222124,5.7576641394524275,6.43153388063278,6.484844035864557,5.380635804282261,5.410657581261948,3.1748668357463075,1.736415666411236,2.5393927903548774,4.113276281727519,-0.005683780621513876,-2.540325744580993,-2.8222637791152896,-3.9689215828453333,-3.7176340595470054,-4.596001508720894,-4.04236465467786,-3.3121197374168863,-6.524057560565613,-3.707077696533546,-0.7259328916182665,5.629540037232551,2.3399004683381106,6.260317857709976,7.463494809790603,5.81114055429064
5.2056452112841285,6.3464436738010255,6.059220707137913,6.618772921944498,7.21541711552066,6.808277567448732,6.529682752793724,6.843083009397978,7.274287076762063,7.469886673146495,7.457581139953599,4.815351929517589,4.67486521606411,2.2075931394192185,0.5919554686166711,1.663424216397005,0.452915129219609,-0.27135443939437714,-1.49231504804676,-2.882294140027412,-3.4625092812487224,-3.8750384223887844,-5.680238187603078,-4.371736448612354,-4.153830375446255,-4.497409800380397,-6.214408012378336,-3.3271656609154796,-2.4936471537404747,2.359260368305477,7.013247512484604,5.949884419774443,1.2302639801717452,3.280915151504123
5.583935519110141,6.164052528886524,5.982815628970444,5.645364200501756,6.808252551421223,7.2751026670224945,7.513264880230413,9.2632106911049,7.265231733662046,7.760566149568568,7.86155860729346,2.662176858883456,3.2373318612456328,0.847674811747382,0.5837777130449036,0.620070036678959,-0.13134333298564432,-1.932609176492721,-3.3938379408513475,-2.254503519352041,-3.2635823917978524,-6.2221752413188245,-4.251293655180275,-4.888240484466655,-5.042600053584646,-5.376970731991424,-5.939650669181421,-6.956160063143949,-2.2405400444345385,1.9061616183195094,3.550404974477477,1.6439546212403264,1.6570274611326383,2.468857443449252
4.783631554757878,5.227069253321751,6.145681991989018,5.243910548761851,5.25656998559407,6.810567724986515,7.99901702354032,8.655362843119029,8.343516555245099,5.517345629119297,3.9448078448227553,1.3455714520221327,1.8074711343906726,-2.4641219041298705,-1.2301897231209244,-1.4388928104924343,-2.173125670226262,-4.269772051597927,-4.415293779706217,-6.428742148180818,-8.41689999648408,-7.225646469371824,-5.429752701612499,-6.385927549475377,-5.765041741308682,-6.709939858976462,-6.893120353506867,-5.201863276591275,-3.714211501242062,3.376521084703597,4.427645285092703,5.7150357731706904,3.4056921043509645,4.0152633596801355
2.322640763613827,5.2863774578448615,6.4022674264198525,4.6238468153405945,6.039945515623514,7.829623229631254,8.39411032558318,8.151358185143714,4.9743162571508295,2.6978604159569546,3.035388729794504,1.5654770214331413,-2.1252867826981476,-0.986820328150256,-3.597691205878263,-4.984583847604304,-4.3557294674950295,-7.201426328511139,-6.1583508376656555,-6.840676377029014,-5.586611345285876,-3.9970312632816465,-3.405466716004531,-3.1174531334308835,-5.495977773684631,-6.463419144549809,-6.010803838919124,-8.20697273677818,-3.229886150106576,1.540175160763486,6.8170863161021,6.706789177005607,6.267250684622946,4.177510131986363
4.3111215236247835,5.138120861605861,6.042253263596133,5.369480821713576,7.454970330214985,9.549780501138294,9.447943411625252,4.781146583100276,7.406535348971257,5.049903550086185,2.079170353092533,0.7526332571743829,0.9745098999388228,-3.8758540137204522,-3.377159756170147,-4.4684316535387465,-3.0436951301080786,-5.576854522681557,-7.295798593073304,-5.220177331011627,-5.365438484638988,-4.202893609246118,-4.603115068119696,-4.962775286182327,-5.381973950752415,-7.094653154565157,-5.6694291546830105,-4.979190086307585,-2.644525462232179,1.4317390507473073,4.452065971542055,6.647094094775025,5.129202798948276,2.6341925012111576
4.213380480004697,4.957515392287047,6.389902419815993,4.618494939079448,8.108488468261188,8.571387540739737,7.866631171136839,4.570977575923234,7.757684463493571,5.278376759880725,3.011259510004619,0.006747852225984595,-1.2771772001858288,-1.5896871976291982,-4.721889622324389,-2.364846926381373,-4.231250910427217,-7.69225504414866,-3.537378235925847,-6.535657219992986,-5.223280909769634,-6.969366657463692,-4.685909813108494,-4.953136231320363,-6.02190854729067,-7.504702913966539,-7.733312977284139,-4.478820234867492,-1.5745487284061994,-0.71875238748316,6.4349712981219644,5.849237727192939,5.4158703754938555,3.6368502827821807
3.343246379014414,3.609472761797374,5.807277506767329,4.836407437339561,9.255565336597256,7.794224511622229,6.873823546493379,5.458673320622924,6.616370309348029,2.8020318691692268,-0.4372032850042975,2.7696037311705872,-1.557206430604741,-0.9499448191289928,-4.715559747638238,-3.9236029419531775,-5.242988386842976,-3.9332023272601395,-4.392309638070276,-3.4560891172860337,-6.407987670002775,-6.296445694230042,-5.466062855943187,-4.385346965244554,-5.04216794652933,-7.3199326098483715,-5.899989568480683,-3.172420171247757,-1.7399319304837304,-1.6446522630547673,3.611553108110839,10.379887477028262,6.913253321195835,4.208645805647313
2.620532735573226,3.6381772718226952,4.508830689050226,6.118882402052965,9.192750275699845,10.007058108003282,8.006792297133925,4.070583989581869,6.418573394184727,6.611145962216523,6.176229944088581,4.125688221555924,-3.211823886814224,-3.1850380026095686,-1.8808167013477397,-2.44800727676825,-4.174598322656617,-2.170905533827566,-4.877769186551159,-3.621111491063231,-4.376722480127492,-5.344637506619862,-5.731392484492719,-5.529986651769722,-2.7139189542018767,-2.5456359368051977,-1.837404766202977,-0.003514314892972299,-1.4229514361670164,-0.5787000816399323,3.9992662513590296,12.115446809810821,8.582165332850694,5.143617170848664
3.20174720319713,3.173023568837492,4.128058872655054,4.510274369066538,7.497116392251562,4.944781034683495,5.572865119301999,6.370190256419554,1.5008595835666982,3.4840147854099994,1.0340834756271946,-1.1036167399940389,-2.7273554643722266,0.2557959402004049,-1.9928643136789868,-2.0547074163936445,-4.251325834942645,-3.0989206457731022,-2.9299584815614343,-4.94320034042846,-4.6761548147911425,-4.482745548379023,-5.097616900694199,-3.8605049655948074,-2.539944560765356,-2.0423889182387756,-1.606790760772771,-0.31417593994239595,-0.003918313042921724,0.16510845524325776,2.5416901910427754,10.993676316519787,10.72208295233096,8.95297476731852
2.3266737831155373,2.1127521755508885,2.0583063497963545,3.3892881209241126,5.264537073443725,4.584771458154074,5.010426184879593,3.1782925568106273,3.71588118362249,0.7579686715249018,-2.3380142280466023,-3.2559405236206342,-2.2914747941351132,-0.8907319463429151,-2.681892781216116,-0.24292542354812124,-1.4194344732219304,-4.523621562123383,-3.983196869225193,-3.1118509968546726,-4.030252166076553,-4.128706373124133,-2.5388897388763754,-1.458962405620902,1.0748636550599127,1.0068747882865499,1.74657013577071,0.24507381336534176,1.0189052068505102,2.071837416936884,6.6833948921574216,10.161435312674712,10.065194511141604,5.238258876631607
2.092276083926627,1.6919957824202858,2.3838441675518656,1.7092899196826086,5.692779847403561,6.714103204953975,6.461735953908617,6.011322674556228,5.0486564754945755,5.083745618649531,-3.4758899545550164,-3.121694765375214,-2.750941779100586,-2.4028856524374356,-2.467222024386995,-2.4228222249394653,-2.2080501863342548,-2.11682040372464,-0.5619376231483116,-0.5477570073885376,-2.004902602740781,-2.450987117240661,-3.1983739122461676,1.6585533550590554,1.3554208564956143,1.5460060665201683,0.3106622688435586,0.38081761027511996,1.3590420122852183,3.169209639671461,6.236565947648278,8.481246460571633,8.279223308561733,9.044560509167257
1.561030211207845,1.080261263207569,0.8013103347691761,2.514870650828771,3.315539425213776,3.153049730500343,4.9315910037566155,4.198623150408773,4.287909036099126,1.1975137741890354,-1.8489728639552911,-3.9161541909903494,-1.323516666104724,-2.3857214572897956,-2.4293298213927383,-2.5319968554099694,-4.198666980818158,-1.2512712666753425,-2.198985869673168,-0.5770674195357518,0.11901619257303565,0.26062810636162675,2.4688727379212634,2.010673195069057,0.09552926014759472,1.4779059998984896,1.5557499595108422,0.7516433082448847,3.4609890515049044,5.479508554886155,6.387334631057208,7.6414785041012125,7.037353509316217,9.172350455178522
1.810495130393505,-0.5476806990228016,0.2545482976378858,1.1332600801997441,2.203845989254283,2.8894574874965615,4.464286879989527,4.414646174832311,-0.5285985610182519,-2.51353474944512,-0.5375419421059568,-1.8972204020771755,-2.513336440267176,-1.9001110067812959,-3.6836842514959254,-2.153466633094786,-3.025209741097311,-2.3237973698581564,-0.18361189198528594,0.38227798754778514,2.2589920865993545,4.358887054525297,4.259162832990249,3.3283638277524807,2.037274597616254,1.5327001941247078,2.751803087481915,3.001595052488696,3.100709320833695,4.245841550304307,5.237919853077473,6.905618197658959,6.984523379379588,5.96259475084679
-0.11627438361918545,-0.10360526214503382,-0.7027796605282288,-0.6898265382332869,1.3098691069773194,0.8364252579189616,3.7896270500579963,1.8061344522086784,-0.15862298415887008,-4.274735812454876,-2.589476946395654,-5.09741690868545,-4.266851582919673,-5.529096860355832,-1.3397223802041471,0.7057872750903877,-0.44858726447870606,-0.2701614673753176,2.81971316063843,2.1459547800104595,3.5915078972639236,4.350037249305192,4.248636925423267,3.3417911646821383,2.6904307720247282,2.3848793037233444,2.016534744898166,1.9497052096156295,3.186636914492813,4.777509956586125,4.353266488467636,5.567119274190365,4.710937509768964,5.961727214468354
-1.4030868968196144,-0.17749270471772868,-2.0006508101741516,-2.280720872148928,-1.5471084562697253,0.2581309975011805,2.7565927196726645,0.0075003344811762004,0.7365447794359665,-1.2500562482472473,-4.099622196531636,-4.77645314343082,-3.181526562037224,-1.6466876206645282,1.7980962164105143,-0.6012220229870137,1.4444501760189434,1.0709443765521918,0.4065693005828688,3.3555253849213944,4.515769068973467,4.959970819068176,2.672542021445686,1.9204880799989505,1.5013930058005942,1.4486500398523243,2.7973010456242418,2.801600644971458,2.8251878248787228,5.083464981553713,5.529669455582016,5.2036014837121165,4.873522912809698,3.429867578165751
-1.3352305501692343,-1.7613349082012804,-2.499176105303588,-1.1839023091915222,-3.8309037733046947,-0.5803531957465552,-0.09298361636702732,-0.7696739541784687,-5.642316765088289,-0.7603205729297469,-3.0507662004529323,-4.86655757755312,-2.428158512682122,-1.242860955548096,-1.2697135196421054,-0.3341665873425967,-0.37102390302071764,1.3082706465752632,3.63587579971964,3.3360460242423913,6.066649486576356,4.8221788703370505,5.063617820320004,2.5251245502843895,2.586351368751546,2.7735465223128593,3.9124015785949138,4.461213716589934,3.614374400853769,5.674977977492969,4.757564948822385,3.2173911601508784,2.3174048040351463,0.8492907205772927
-1.8623215534221744,-4.135007928287447,-3.0345029973040427,-1.5572046989960915,-2.820704671936589,-1.7630121403207009,-3.6312369852133632,0.08042346583397128,-4.077144446995143,-4.597568057591647,-2.734021768654862,-2.4315057439183585,-4.282653362681073,-1.35560570541859,-1.4891986336544338,-0.943145478774327,-0.3020157122341876,1.5521752298950524,3.8155198114479383,4.792419295584301,4.720080386773878,5.3778848888485395,3.763492832922873,2.8828634049408257,3.2099896867580493,4.091384286980737,2.9476274654558767,3.239962927045216,4.323135833644523,2.8693554387465543,2.7758732589806345,4.185044275558926,3.089608082273776,5.572782827760435
0.4447997506106968,0.38646835517783584,-2.3974774550996476,-1.6678597468875482,-4.036384706366036,-3.0058047372687486,-2.0968541091181163,-2.7323581267094856,-4.731430682938128,-4.279984369601564,-1.6041992409434638,-0.742479045950372,-1.9606498025594399,-0.7897536664375716,-0.41836823706977544,-0.02725729212593719,0.24716414007559295,1.6884508147495634,4.079095924009182,4.424136085601926,5.9461996075978325,5.04452230436157,4.747408556541224,3.6179352901790445,2.781515434985086,2.1882063085658885,1.3751795919694392,1.328160970281787,3.39020484826915,4.366408990953254,4.610492737718967,4.463495140280296,4.614577196505621,4.304113286189792
