script/wind50m.json
{"header": {"parameterCategory": 2, "parameterNumber": 3, "lo1": 6.000198445256149, "la1": 58.999992894266676, "dx": 0.5, "dy": 0.25, "nx": 22, "ny": 24, "refTime": "2024-05-02T21:00:00.000Z"}, "data":
[rows 0 to 23 of 24, columns 0 to 21 of 22]
1.2734686835243447,1.5984492799177434,-0.55179866837522,-2.002652627676696,-2.1069663552127604,-4.120538417891882,-5.441226809956978,-0.8514695946042671,-3.6909737682954322,-1.8007555619661635,-6.169242024336355,-1.2698252815496172,-2.8759547568521793,-1.3767156316618665,-3.3116071751032954,-1.7878264461332516,-1.8138649416214772,-1.886097837689285,-8.792758131073715,-11.97357501883815,-10.106880328442216,-4.32967028565484
0.765173608256925,2.074679495530391,-0.28688910533313267,-2.2550017246035177,-2.1135158950969086,-3.3398527109582896,-1.827794651000375,-1.9260886760108495,-3.521767301951994,-6.549111109869948,-4.7098612115926,-1.7922812977221514,-4.3456138252252705,-1.4733966056426298,-4.4999820722567945,-2.2632394926738586,-0.9474611965367941,-8.098238966860833,-0.8322902922824527,-1.4612561197257914,-0.591154122382488,-2.5641814539691348
1.9484225855276947,2.358625563975657,-0.43678494570036647,-2.1680083253203493,-2.849823279027297,0.3172050890926914,-3.448556375396609,-1.1376000846158798,-3.951240790538014,-3.9734719271610044,-0.9202106406753985,-5.05876561549916,-2.704643268616789,-1.9519131387129982,-4.297699733584344,-2.112082533617008,-1.4432205313258297,-1.1894424843598124,-1.5975368707152673,-3.229459627897034,-2.671327799671351,-9.727915209589671
2.0354287281998,1.2409044294091798,-0.7157043567727456,-2.734083533109811,1.739127885438071,-2.03022420869424,-4.703742987302547,-3.551802739118921,-4.947436195431305,-8.037916165730469,-6.848841055946686,-3.3741030199538002,-0.3015968712313806,-2.7784070170195503,-1.337557574675367,-1.7422495297396732,-1.323645446885611,-1.115653641610471,-3.3624089937176165,-12.27737899992249,-6.4661734335277545,-2.3656954375657584
1.2911298942405673,1.4387949990913007,-0.9553521895826419,0.3343639278457739,2.7067534654135725,-5.041813765725378,-0.682837953163381,-3.939561215163907,-3.867200749708292,-1.7335204887725366,-3.67965966862389,0.09213398587533358,-1.2210325147754952,-6.554957029340376,-0.8296239760587142,-1.5866508701712156,-6.909816177118116,-0.586282373460659,-4.505022246481735,-1.5053328647623199,-3.3197305466939198,-2.126029441138719
0.44483741209231425,0.47516541209778085,-0.8566024480673207,1.2645319980470735,-1.067912394516726,-1.9082518647093172,-3.935402794810036,-0.8485679384636857,-7.29575229943559,-3.8762860117594395,-7.333813232791248,-3.96572364147175,-2.9969758669930098,-3.4223738797979855,-1.879506046002033,-1.7814792051537358,-3.8472593565827267,-2.9362092384844134,-5.004374752736222,-0.40030365214800884,-10.658664950688738,-2.19832331882572
1.46050265442532,2.497859026797923,-1.0410283308759134,1.974315221898863,-2.029988320175502,0.550582506865819,-3.545182178431532,-1.9732835981057815,-3.6708367371562893,-3.825512123894521,-7.09841358338675,-2.4701186415563594,-3.0175093502266446,-2.003986176444361,-0.8049517674153874,-1.986252425022919,-2.4368125939351843,-3.86833159953992,-2.612553884075637,-7.030039053799762,-0.8144423108191529,-4.865197226007893
1.0085954605975003,1.1733342819753494,-0.8994926740277267,-0.207096931399302,-1.83274866430241,-2.2246068482696018,-0.0871244050226035,-3.9661409716839,-7.626487948968993,-4.151507384774315,-0.6569081495963034,-1.9301377711425858,-2.717630737260239,0.3835064091968638,-0.5807843992370499,-2.876269125069412,-2.9416535656035396,-9.045503176883322,-3.286880178746085,-1.8835346683314143,-2.2166140923270237,-3.8216699713253246
1.6699881687292435,1.5130802379127692,-0.6420924395442505,-0.04847824359454209,0.35515141832501324,-5.336771053611468,-3.8589053790434575,-5.915820693033047,-3.560774997368624,-3.27770366434054,-7.707389591443101,-2.170657442235171,-0.9899884324235992,-1.8006669521780063,-2.0322181922839286,-1.8531823092508661,-1.9532868663475453,-8.629748080095224,-3.094885041882741,-1.3162691477998,-7.696700246815929,-6.138022245601337
1.949665376611064,0.0732328697321368,-0.6873367499329672,-0.8598372155438742,2.2251082952428964,-3.2727636411296492,-5.076428963371815,-1.7450575573003086,-3.395477684352431,-1.2871868896766052,-4.279734434031434,-4.736747119442251,-2.952242544930185,-1.9351814275510062,-1.7138613506717932,-1.6593028129256486,-1.5178251430884908,-0.681710848334895,-8.40039842931833,-2.537959070188802,-0.7877324403243583,-3.663174248356891
1.598118765754011,0.31517394235544066,-0.5448843779553858,-1.9231698079775723,-0.2941064244653823,1.2961560821108191,-2.0053921878962657,-2.661620751391498,-3.5921114497966777,-7.989010443374483,-1.2766635284826684,-4.10272632216667,-7.134266965242352,-2.645376496604062,-1.9094271576615407,-1.1009523349287607,-1.8684285007912267,-1.320189347409157,0.23940880891008476,-9.416582546451158,-3.639197252521583,-3.58364440869581
0.8416504072776503,0.6077321093824536,-0.8196303013985458,-2.384103013445221,-2.1296846370718003,-2.513910540400933,-3.1995626264014714,-5.225804918435322,-3.64836776046902,-1.5738798351715297,-6.335524391463793,-2.2007708198618863,-3.5802354672522987,-7.427352156660769,-2.978514757593454,-1.9035126805824807,-1.9772204547990948,-0.5568831119959791,-2.519745302856223,-0.2046605143916879,-1.3450493497078189,-3.613686599501133
0.3754826864214429,0.7816348457474702,-1.3664723268711976,-2.1672613905728304,-2.5614139252942416,-2.5214829154980163,-4.359412256067251,-2.6277754759459455,-1.9896829911311986,-8.995488588533897,-4.248364077332599,-4.598912250644494,-1.498024586459019,-3.6129195357787722,-2.545259922823312,-2.3197981716181197,-1.2891037471257722,-3.8166998748537053,-2.3699320282114154,-3.7876788435272055,-2.4441916861891717,-4.11208184246339
0.4347664027500232,0.6293031736789942,-1.6409406377683862,-2.791708385271227,-2.940907839783999,-4.358505024363193,-2.3595049667651513,-2.5031649498263886,-4.252026328986115,-1.9985453697701605,-1.3178856299861494,-3.3935613590309015,-2.43695715712868,-2.1651607698765476,-2.0802845338660108,-1.5196040639089021,-0.9835625273487485,-3.4988403452182757,-9.19873688389803,-12.204416244443717,-12.276999862959398,-3.5176648160669512
1.205187570489743,0.5209353930082241,-2.163247513516138,1.433763306311172,1.803093860090976,2.1645123356195755,-2.6210852275600223,-4.086595620161776,-2.6665100255179763,-4.357671926518291,-6.600071669411498,-1.9929763876018172,-4.374160723613965,-1.0507950083347364,-2.830044460337218,-1.7637582930291413,-1.9153509630311458,-5.9766190071556915,-1.146575557712757,-0.07246096242857268,-0.19594669716237015,-0.6401563358577006
1.7090996443775992,0.8798191896076671,-2.76856963828329,0.7281847095714071,-1.7927403687034982,-2.1661992207409315,-4.699678677443676,-5.802604807003844,-6.764287335376209,-3.6266480297113586,-2.048345575458804,-1.9021113999036026,-3.4441440619400376,-1.0111800038776868,-2.9879793351000647,-2.082182867632191,-4.468976052813978,-0.9663114007162418,-2.924199121975998,-2.689433492269113,-4.080180804922216,-9.735382427921367
0.8764168517699413,0.3941366828863961,-1.2175702482823072,-0.7503223891903417,-1.265583044000601,-1.8877261008218658,-3.5334247024951595,-2.0670975463511625,-1.3790081120634499,-2.524471185016411,-4.481742905183058,-4.728267163702844,-2.5809886108576965,-2.493089155444504,-5.882950000271863,-2.4646893130065672,-3.896671848399127,-3.5890561508644914,-2.5506234480063146,-9.740942257042697,-1.0005406935930559,-0.579076504865167
0.5764046815661797,0.7284431746940585,-2.325135958152011,-0.4630962235958658,-2.1781029541416563,1.2841757298591185,-4.3991605038053185,-3.475051014178568,-6.967243785592267,-8.730029961037596,-3.0705882319816324,-3.523518594469923,-0.7792333135856245,-2.0885638873162575,-3.888447988664709,0.003042913683929971,-7.346423377755608,-0.6598946358327079,-8.402319256867091,-1.2634009062901532,-2.1947479867454573,-10.519925353360104
-0.01523237720987108,0.4324929595936944,1.6937083231412011,-2.2835982988054013,0.36754346828514833,-0.3390574488594751,-4.69400812831457,-1.9957348463519262,-1.645002094127202,-1.50018526397986,-2.2767151740572995,-1.6347886001340977,-2.3751202353629877,-4.323788358761797,-4.128115312254884,-0.5251263954725996,-2.889782604442959,-3.411121174308184,-1.235049113588763,-3.7945320914138034,-10.078101388239988,-3.017767850405688
1.861601908838951,0.7274464346562433,1.1948443165195446,-2.2791336870981174,2.456151611085506,-2.045121141700343,-1.621390087940457,-4.224854628013875,-7.189661543818392,-6.622626290959309,-1.9688313429202882,-4.260624618125005,-2.9531912656258936,-5.581942592128456,-4.057221972156173,-1.5493369885030426,-3.0891444200469405,-9.215436629348494,-0.3368985479298534,-11.852325293405817,0.4025891756283948,-5.342982057548476
1.1435655957258368,1.0304733097789858,0.5054701354242974,-2.6535849405828253,-0.6504943005983325,-2.3849199047059346,-3.060081108294181,-5.501152596071649,-2.5737586472312395,-3.5180871500618633,-2.653924584284903,-2.669170575498759,-3.5553514279975946,-4.036974356027303,-1.465812436209915,0.12256484832289762,-1.1891115772048217,-0.9650889534949455,-3.0937048776239426,0.23607851048350717,-7.8432035983455295,-1.936012018010271
1.8915632569678973,0.9596591194670128,0.11504909710194737,-1.3523303392190507,-1.633874431528335,1.8579793847532051,-4.699456714614563,-2.5053352512263105,-3.0668370732160515,-5.499509808200398,-1.3553170829945178,-2.63921695895125,-2.0897724007836915,-2.807741595888173,-1.745544650195827,-0.49860775888902825,-1.758551471594833,-1.1068143004152917,-7.819465570364606,-2.7781822372755234,-6.4140001735643475,-7.666401118732474
1.0259162114244944,0.760030302581548,-1.0138163864099126,0.9940595553858923,-2.1484491981525995,-4.244292832399628,-2.884166609924572,-4.590033253597044,-2.3063445805670546,-3.493843763537378,-2.9589439571804013,-1.3794321936754927,-0.03610234838447186,-2.053292811126132,-1.8156637447730166,-1.00352020009924,-2.3538669870269127,-0.6777264598719859,-1.215211412103303,-11.94871193153391,-3.7839459272777165,0.8418949202261312
1.8953285800107236,0.9429256881699057,-0.6522050433553908,-0.959173204227083,1.0463936627835109,-5.04114374139361,-0.9949960195364863,-1.9279272573207444,-4.607784450754096,-2.6572538168323074,-4.165665380741233,-3.7709370176093717,-1.3472791391668921,-2.5035597381290824,-1.4987401505438547,-1.8465282478898288,-1.0835394040537933,-1.9306068706982826,-0.65250274455424,-1.3295860430749038,-7.63867283194084,-3.5636801062110828
