script/wind10m.json
{"header": {"parameterCategory": 2, "parameterNumber": 3, "lo1": 6.000198445256149, "la1": 58.999992894266676, "dx": 0.5, "dy": 0.25, "nx": 22, "ny": 24, "refTime": "2024-02-15T20:00:00.000Z"}, "data":
[rows 0 to 23 of 24, columns 0 to 21 of 22]
2.651167064458382,10.74910833570056,0.6352806619395834,-1.7867064815322076,-1.1302071593520764,-1.9384355252662624,-2.4901002489494397,-1.9470232772799263,-4.025752398232351,-2.8906433827037397,-0.6662969272535295,0.6946911719078885,0.6819004433726118,-0.17122307695523467,-1.0058821780573346,0.7155712380196722,0.8911166842286125,0.5582205881423944,0.8237414014854036,1.3523960829412984,0.7145916543084753,0.6348847992548957
4.676715796072165,-0.3488693361633371,0.41882594667343215,-1.8932087854862876,-1.9531348999879072,-1.761745008026636,-2.025097883969576,-5.06167058308868,-1.8612445820242096,-0.616103419220729,0.4045805938421706,0.34305041597956726,0.45216114251009676,-1.3830863660010486,0.3469468553590308,1.7527200215089922,2.229045041964611,1.9617740763992055,1.2142392468588672,1.1388364040383874,1.1332005287756268,0.5758826538067301
1.5200573937625845,1.4824083823547765,-0.5477259010909044,-1.6970165341836874,-2.667924192746266,-1.886749860756402,-5.53607651063486,-1.223185599231134,0.5198134221097243,0.6655081980523183,0.6291949135071065,0.4764682066832109,-0.01884533805410239,-0.7176702841463017,1.7271597802700138,1.9347759998169691,1.611840354053168,1.0746649819093603,1.1707634889274205,-0.040727858355855344,0.6181637633505344,0.3206110844795107
3.4872964461288736,-2.6162530981739223,-0.4657915815560192,-1.3382972810567488,-2.4188757765715225,-5.889572620894154,-1.0603765819494264,2.8939904227098605,4.893188510092747,4.892960936349041,2.518965823640646,0.5502242812831591,0.4546158838504723,0.6352533143555241,1.4266473584540982,2.6225431264882544,1.1602727023359118,1.428539685585053,1.8673610072996403,1.5698160664643412,1.0431710038083277,0.3131952660990354
3.883026345991242,0.7565911003022213,-2.1213603196319464,-3.68002908838858,-4.9001234179938065,-1.6653012903562594,0.8758579757179338,3.4614647168503514,5.9766670305900975,7.455643600816955,5.746431283955987,2.900952036730361,2.0934640907971778,1.7485230604714959,3.0560195697694006,3.0009404725681357,1.4602497426863033,2.751970016885533,1.6098915669897458,1.0856452615489776,0.8264469912454212,0.06765500856111596
3.376060787495745,0.7595615887964663,-1.3023214288881992,-2.490720448704562,-1.7186738943822968,1.5998492055292997,3.8838466804482703,4.468795634679254,4.8920242897875825,5.105023811871086,8.3205514265299,5.843119372199098,2.7839609907572553,2.9405545751598976,3.398527807656892,2.824629049198675,1.8380653799958673,2.4724372133575563,2.002671603564067,1.1075504739882316,0.6411114236468537,0.16647853679314853
3.1727782070736583,1.8389840997906346,1.1110584695966619,1.8145815679723356,2.250512756936455,2.746346359783899,4.090913811147648,3.945265786761331,2.8494541796309787,5.405132323781261,7.279647060128628,8.066696258585385,1.7315921287881857,1.547013984860795,2.516744647859012,2.5186273049063135,1.8083121493013106,1.6470987258853125,1.6747211169780423,0.49129317807938344,0.3857949190386215,-0.3486858985880415
8.311778087980816,7.501949076682155,6.691134353252754,7.292048454058459,8.409238679887517,4.5280695003519815,5.703409254228379,3.6541283506389943,2.640588663984251,4.327738391373844,4.9772118302065005,8.505182729597344,5.4878857428251475,2.0860083858420215,1.683607242177514,1.7468072841907334,1.4314199793119342,1.541427625629355,1.1307903655253846,0.7148861241572926,-0.2763194096950364,-0.948366336144059
9.221875647805941,9.218007334490176,9.014953631553492,8.332447303554087,9.384629529533616,3.30151967584891,4.674691057338331,4.64180867178132,3.367584221546367,7.170786679027562,7.808466476293791,7.617193512467164,7.432128798963116,1.7603131301368486,1.3686615949530672,2.036638974426485,1.9558438268713754,1.0564091305156438,1.4837023158660292,0.2625058198464741,-0.53835004321419,-1.1044252816176876
9.63801509816669,9.51482669360507,9.295527094713885,8.948548495051815,9.924191056889438,4.227545705024265,4.954806330726922,3.978491615452757,3.198439065683036,6.010345871446989,7.926917593686417,6.895940152577316,7.083874053994604,5.022991950407519,1.6036017752871459,1.8762692021381082,1.4884166534970744,1.2211500508160058,0.5600319499767732,0.06520139132139086,-0.7773387352414284,-0.5437338462951371
9.77951837902089,9.481363633876363,9.101840469642793,8.759020510107623,9.445767267684646,5.021480422635653,4.927119283878141,4.249365448722338,3.7116130899201223,5.4151328851404354,7.569780074542722,7.1863990194364,6.748016117804342,7.543047593730318,2.228623389102951,1.6361642568311585,1.5703950538667577,1.2674006264982578,0.6675010195093741,-0.20971986358751304,-0.7410520653131268,0.5458517672740879
9.66670968232516,9.000860167614182,9.160812553362197,9.416065149527611,9.009877586241625,3.8498347177190193,4.739895136805257,4.361251924438124,4.030544297681347,5.143715093959848,7.748448361378986,5.616783171579184,5.334003576241523,4.532426277161224,1.4992405873091907,1.2417234931570504,1.0611500881782256,1.0938387821777593,0.004119030971399898,-0.09134645444009239,-1.112854433360879,2.204042221340122
7.962488254056824,8.370476335002229,9.087624605628092,9.254389590065282,9.523531597287795,4.565369355659719,4.596103363540596,4.409729764455894,4.290111828234133,5.711300772839062,7.0279864522568145,5.296530004258145,3.260533673072502,1.7229159072657558,2.322876182489823,1.1975437597815566,0.2136663613829457,-0.41238342513198395,0.7493684268969809,0.0781832610066251,1.9098634364197375,3.6680839644782184
7.533854821318605,8.985245664814803,9.289733819874797,9.31882105261562,9.282247400650464,5.7934235266814165,4.938109385747335,3.733382178013973,3.17646264043504,4.788405142088728,5.944487467236431,3.539954724566119,2.9476700068011463,3.12836587949435,2.3824712289916796,1.2772163310084927,0.9978821183033892,4.3503305976425315,3.61997435419039,4.0770071503398135,4.418273883864498,4.817759008150568
8.843257753775147,9.202253059202393,9.605673806098462,9.562739961260336,9.181197042206744,5.028681546994706,4.721603624260846,3.9607131475356523,4.436428690351982,4.237661377016504,6.299829455156003,3.291847718203901,2.8387214416281923,5.287035405847387,2.5633307537523935,1.0279086301784945,1.8692035689792665,6.216995474325071,4.7319497339904855,5.780999658740208,4.985351591053456,4.841794228516095
9.474729750855749,9.18093929399445,9.401101849578788,9.438852220803737,9.236913625072912,7.339157566727077,4.476478837571926,3.866689239628122,3.461340404579611,4.06463740650866,5.3026453240129,3.3780693146520946,3.2290625808893583,4.953724140535482,4.9567523247442935,4.841466136647123,5.395850597810531,5.274830614313556,4.865122729207581,4.295989276659587,4.611133919924651,5.104988165907418
9.085350036698319,8.858301792061944,8.90579851573499,8.811432652580462,8.648252632514724,6.996710640783966,4.621641637784918,4.080016750096806,3.9116173895026756,3.1654675482322427,5.536710260804929,3.9063241605400565,2.9552898041902362,4.892926897014674,5.717453181703436,4.31779033458487,5.083279404984796,5.405696762856766,4.173473252248305,5.422272866942741,5.037066077313478,4.732839383741825
8.165467156359716,8.304060437829062,8.898977436846284,8.194554314355791,7.984122419908168,6.033777003202677,4.111852043248188,4.099030833483609,3.58418416169247,4.446303042594407,3.96707402280239,3.4219568946503496,2.993817253971413,4.577244390702998,5.0121409740493075,4.582775473606666,5.423805110704014,5.264728262046314,5.190652878227359,5.2288979223870555,5.2796273711109905,3.7899409620682487
7.468169487434694,8.558079034400578,8.107808990765301,7.2635339834692605,7.447845294082189,7.038452232859589,3.763525041425997,3.300660674307489,3.5998745863090984,3.4567722856933454,3.360516740743475,4.6958064927673675,4.475505958614244,4.217451840308491,3.812245593772414,3.4070777937202625,4.952445335505464,5.091233747203228,4.467912125755301,4.518997372312161,4.643089533524018,3.3234556188634476
7.988030442430256,7.962297856217579,7.790231036880234,6.771690839737379,6.933853764340981,4.926330942270065,3.3981298362770342,2.926045567948936,3.167508804311972,3.185237525360752,2.1302835027228575,4.585876320303667,4.247754438589657,2.8623094634166772,2.8179171928542446,4.590988079730238,4.842803913327024,4.715727343218367,4.436615993490417,4.406851371913739,3.9959132839215155,2.98671165838825
7.623018132525708,7.353145012950969,7.164752721614827,5.75816718640602,6.4406465910285275,4.79609961704881,2.819814167285446,3.332620867814101,2.6643302263262156,2.9112614214742765,4.40592967566462,3.6383892351558265,2.5673092183024684,2.7715667793962244,2.554657802953595,3.3739382675879392,3.703570102526109,5.649544164009173,2.963241686278254,3.49370648441511,2.689162224002552,3.0109536417522005
6.541369374561369,5.860175034752347,5.950533447303592,3.902663965830126,4.1818273879674415,3.837458110581461,2.900213578036102,2.777742081570509,2.8885389333109415,3.45215124656734,3.3356031143662483,2.9931475423735865,3.29070506328096,3.1835260288559697,3.2588155455133423,3.140918195604341,3.285627520702204,3.8736196872310913,2.5523797288340573,2.7949538777549727,3.791073334259513,2.430372605062121
5.951640397605809,5.583453839621574,4.652573459367437,2.944346851630885,2.7591970401783246,3.0812550354659973,2.523447886887933,3.127321196455516,2.681056248525712,2.4999383334793306,3.1854504577705867,2.5340866196992944,3.4083114032075907,3.3320968554626806,3.5303563660636894,4.038553377802766,3.643945254965349,2.9147710925989365,3.041171209433025,2.9520021605544304,2.177212457805043,1.6173141347138926
3.936335796505904,3.6774007801091373,3.3412354644296096,2.6559686806370233,2.4303709961899784,2.95771852906341,2.8692172327672933,2.948393392241542,3.029394720078024,3.3172571718381696,1.9495262025727218,2.7465983478396643,2.9137627938894113,2.3539063541344016,2.572543097929643,2.496000859444845,3.082987728711121,2.563354880501468,2.5050364284148565,2.380179488580933,1.4319638444954708,2.871139783891509
