script/wind50m.json
{"header": {"parameterCategory": 2, "parameterNumber": 2, "lo1": 3.000054539987559, "la1": 64.9999836372058, "dx": 0.5, "dy": 0.25, "nx": 34, "ny": 52, "refTime": "2026-05-13T23:00:00.000Z"}, "data":
[rows 0 to 24 of 52, columns 0 to 33 of 34]
-3.6066522872227336,-4.324249710551078,-3.358194042284335,-4.519878762873553,-4.929967197634243,-4.685461412441314,-4.702281726546669,-4.793021552788178,-4.726563393369779,-4.31235493536219,-4.058804775376422,-4.211229036742533,-4.0406690960767975,-4.1638628801083275,-3.9333472516289962,-3.9293300525573525,-5.1693278452049585,-4.375555609732651,-3.574687985087686,-5.469069873611648,-5.079642332661625,-1.8734246358375661,-7.96120609416702,-11.504125158577526,-3.931096833718772,-4.216269641360449,-2.8567565922025087,-6.684526938012143,-4.653191138970721,-3.8714352387917144,-4.737327959543302,-5.309719427512538,-6.5485168371548435,-3.92135653082852
-4.1365295824348385,-4.168533857415899,-3.90666863552726,-4.90188423374313,-4.89529466025336,-4.812963096724952,-4.968875028668724,-4.621146595255104,-4.160964503164184,-4.29505462063622,-4.0747699299135585,-3.6811632435477244,-3.500182760712338,-3.3700299806568914,-3.501927085847699,-4.262630984656538,-4.507991616839979,-2.11873955939263,-5.809329028179707,-8.737427178963605,-2.311207420196795,-4.914298786612396,-2.9924352765115874,-8.166951920898226,-2.8776434580641257,-5.851231534440862,-2.845797017286443,-5.769922479103612,-7.3005306998268695,-5.788242828491781,-3.429455491058555,-4.038208414735508,-4.920093149564232,-6.614036316298015
-4.146000432386054,-4.179611543253217,-4.940031474653978,-4.987021889671716,-4.701972579871573,-5.209774638972051,-4.803481709298863,-4.657809854349106,-4.029734684185506,-4.197295858696545,-3.822276679867739,-3.334345293772968,-3.272355256314708,-2.9117750769598065,-3.7042931070100145,-5.166867980364531,-3.9404463561465235,-1.116998426184989,-3.0979699365944997,-1.654060953991514,-10.84743076733823,-3.699461493121703,-4.5273544291279215,-6.94313024515605,-6.256985355564645,-4.518275160265605,-7.300635331770827,-4.140790803813725,-5.391488177549545,-8.462930330187305,-4.9756490684264705,-4.927213537449194,-4.227690454608638,-7.146929882400702
-4.950164229307631,-4.839441871246485,-4.900064738270134,-4.884319323634411,-5.320496259815705,-5.142649212597551,-5.206495319037159,-4.540473936214262,-4.286421477551214,-4.105105235375753,-3.588109855603692,-2.851846791694734,-3.0097053185457723,-3.9324748398563143,-4.1817083804294475,-4.683667891940619,-2.3729096200198057,-2.6332773763558763,-3.7896631585738514,-0.9646762696839286,-9.12205822333509,-6.60369515455501,-14.645794294101128,-4.884117043376939,-4.122519389022535,-4.676232706787515,-4.323305166089209,-4.616493769952743,-6.923409274025278,-5.60422101594463,-6.124337141543676,-4.838448548696712,-4.732988519279332,-5.759420285649844
-5.722809608740141,-5.701522491716754,-5.484402414468275,-5.10261396808016,-5.213659599422335,-5.427976021470125,-5.353498721975444,-4.840520760651498,-4.534402105351589,-4.100937117536703,-3.478720432281665,-3.4241915186698404,-3.976324520575015,-4.754410555291455,-2.6566565261077946,-5.3265546976661815,-2.102769852640301,-0.8914075494345787,-3.798871048360447,-6.874699163947381,-9.826059554540093,-10.610113486986227,-2.1361165070976966,-7.643316826685097,-2.6906838817998655,-3.6518405534509752,-4.411217253178734,-6.930801917629638,-5.563822189927902,-5.941749285646716,-5.161339069775411,-7.08735060239605,-2.7300354689710318,-3.5571446629951287
-6.247576988734516,-6.232452900851669,-5.805061232217343,-5.261312350988312,-5.363185856857883,-5.805418050245275,-4.952893045831056,-4.8551246202355545,-4.884547919717996,-4.370858682660291,-3.8002919875781522,-3.971290147313126,-4.316029107154151,-3.64510324937797,-3.3099753366508864,-3.7287423407220697,-0.4830281798693555,-1.9586108348791542,-5.538275253508692,-1.2254121185622537,0.20596022169348024,-7.672959465112985,-3.3664398072183754,-2.129292676643429,-3.7624774175178457,-2.5093629346794515,-2.934787420986071,-4.689141231435764,-3.7509381601661653,-6.228028301479119,-5.638852346568928,-5.379745086873681,-4.215666620623428,-3.068446634734787
-6.280311149976999,-6.568051523993777,-6.165142297712562,-5.71121638369979,-5.988648790661575,-5.812794179478577,-5.12823197134675,-4.899098015198711,-5.159248296147253,-5.094240380142238,-4.814973567078194,-1.6623309931533743,-2.985481967509647,-2.5877122801252885,-3.0287752545781825,-4.518152600306056,-2.5593122442377907,-2.9278460685036025,-6.614815020227581,-3.688254494840306,-1.3519644040780099,-0.9443254993280019,-3.5771336614692393,-5.111760614050495,-5.354736302277343,-3.503077037039304,-1.8901423667878339,-2.257829162332547,-5.288252304002226,-4.683836209776913,-3.9354131546347415,-4.067470801819565,-3.310888297788779,-3.119107226967707
-6.591546234592266,-6.600134423308885,-6.498000692024138,-6.486464324561083,-6.633531441861775,-6.1466819566327535,-5.181527108989811,-5.3984571670528245,-5.743179871035091,-5.377763213097195,-3.5151544605515306,0.16151144435997783,1.5425098725532773,-4.645777574478654,-2.3029148350726576,-2.6608675031807567,-0.7456265389199874,-6.0445140053802,-2.562989349458937,-2.6289727420617575,-1.4621102795293213,-1.6557567593233542,0.49431675718388124,-2.5113477341290125,-2.4312025151243244,-3.1572558167693803,-5.740204708305386,-1.8589899762799535,-2.2307163726170716,-3.597850512447212,-3.162967353428612,-3.635835553474227,-4.319802026968332,-8.435169598902311
-7.127717473393266,-6.8157209476529905,-6.96392845935031,-6.772517642066627,-6.806048601506792,-6.142322756188957,-5.784096899934924,-5.353106293375709,-5.969635498609918,-2.4330236935529017,-2.094618420095383,-2.060654808538897,-0.30076138787101375,-4.279093750729975,-2.7240256565011114,-1.9239496463956787,-1.1574041145889902,-0.5596786278711331,-1.3467147804828399,-7.38513683618578,-1.5166861895530688,-1.4224838097774535,0.7824901259565444,0.1627201041664679,-2.708281167857179,-4.679797849909895,-2.343218780661959,-1.681350727368178,0.7490606566764448,0.10674230347578946,-5.793633672739475,-5.014518898218903,-10.578679460639899,-9.74302259755777
-7.195970806153407,-7.0732546571500095,-6.7377857806216985,-6.428039387698287,-6.0873029133607135,-5.9162090423591485,-5.963517504267165,-5.404893456570555,-3.4137625963273774,-3.2487460745051155,-1.8238414643048055,-1.453070500716276,-3.8610387346539032,-0.5979159308233909,0.3790642125038092,-0.9646734135407933,-0.02029233265401654,-0.2514887287367581,-7.219725210048561,-5.3015109385730055,-3.0682207166772333,-0.925203170374516,-3.761403461730226,-0.4020099056544294,-0.7611921752491554,-4.360722676954959,-1.3644859710670851,-4.55933994822759,-5.01686240011245,-3.974688527688762,-2.684694973108062,-11.136611082558685,-11.041666905786082,-9.985398046671191
-7.205918498843087,-7.082615461098618,-6.513421909161314,-5.885992616483441,-5.6086946535250535,-5.888907471745014,-3.613180791200347,-1.4822111770874515,-3.30722710363289,1.3117365968683996,-6.338475598183391,0.5917238183116986,1.0631011200901612,0.19456401254273206,1.77493879897259,0.662078119287236,0.4959705574816342,1.276592435050937,-10.87267308229333,-0.44500391299880415,-2.102675895915814,-3.2382804502060782,-5.696322557222261,-0.4939656281364144,-3.370235385387174,-1.1847772520350717,0.28002951527954706,-3.273177313191713,-0.37612431406699703,-6.038911357546579,-8.81088127435838,-11.126597383667423,-10.442773544307274,-11.439760412920041
-6.866173237789965,-6.7443276182155,-6.36060262126972,-6.096291029249453,-6.318918230298841,-2.3143383723415973,-2.707119610382813,0.37500029578134375,1.4586852294435038,-3.8550305952011024,-1.2471689824121823,-3.7083815890195586,-3.797715584178508,-2.211944747527037,1.1904910562213467,0.7277890760100657,-0.9986425160560183,-5.964613682091814,-4.786454382221946,-2.150084258594874,-3.177279621538133,-5.395055391337146,0.03141505569267227,-1.7182730185349766,-0.6995672792326522,-2.001808876361174,-2.842050837025416,-0.9976219580134293,-0.8315256186405209,-9.887805404996008,-9.276482260735527,-10.290046772884368,-10.331477272676565,-10.646248238184194
-4.74792443680192,-5.075561933145645,-5.212137875989127,-5.305698587090918,-3.018727145624672,0.13578794000196479,0.9189770858029791,-1.9361258531850745,0.12280348575189604,0.9242794647561795,-5.260040439608849,-2.69082418328638,2.8817585308514375,-5.9618070715125775,0.8738678512469086,0.15062576649618015,1.3445107654093809,-1.3004494822140626,-2.4090981055171032,-4.898986444227879,-2.4547381221792515,0.04820086960906357,-1.0006274486671252,-1.6360968065342503,-0.24509235878646843,-1.0686763980979737,-2.091801223551164,-4.056867097647514,-3.988993715068544,-6.936645123559771,-10.17641441369065,-9.414409393881227,-10.611987469340676,-12.523655641484412
-2.441635900603834,-3.5532210233825485,-3.783761661602823,-3.124815853635669,-3.8004116994130177,-8.177831436369287,-6.216144551642158,0.09050797212904836,2.654272153396513,-7.2016307196465155,-6.003076102746122,-2.8022799821842583,2.9947336517968877,6.435809060499502,-4.375759425219195,1.1871651940135104,-1.1979195490620302,-4.60972772790029,-3.7296837317202196,-0.4856645164180958,2.4352848941428595,-4.793116235798028,-0.5263258135229908,-1.8482224478085978,-1.4722734899709577,-1.5199575524228608,0.5380203383130558,-0.5948867013630651,-3.132823779175549,-4.049745770878997,-7.641337963749427,-10.331549660144459,-10.990932325098598,-12.04626542669932
-0.6105989383761221,-1.511306863759082,-1.6781337591360102,-1.3623065764039672,-0.15356571249295067,-3.0313158793057573,-1.8197424432116553,-0.03143398976056916,-5.352295501104777,-5.151102890636627,-0.05181539584002942,-3.7922086089882603,1.0729065421518347,-0.6440480896499785,2.421628761144008,-5.807901715835958,2.61412227823521,-2.6968268557048574,-1.7350683036125338,-1.1279856668208688,1.430908996488411,0.25103396771696257,-3.484893102281787,-0.42005216908131193,-0.45621354840338896,-1.1367916651095655,-1.9517137107290123,-0.46404189965062737,-1.2030809354385685,-2.768558061484889,-2.6364136447249495,-3.4676998466214894,-9.9399626939427,-4.340892797379328
0.8124807123796022,0.842623524650095,-0.5955249657979473,-0.7374528368794697,-1.513730055391231,-2.8259087369018623,-2.328179192000641,1.3924158246055935,0.5030072469769108,-2.3775091250911733,0.5122328105055607,-2.152907201640259,-1.5817647151558913,0.5330663594457709,4.01978666173462,-4.593590179420683,-2.0384158401965653,0.5568706262292534,-0.4560978703298825,-1.5918383920098944,-1.2994300223020592,-0.1042114357176983,-0.8049611132388986,0.8299887058364149,-1.0072587376052466,-1.0423301286932258,-0.650004198836333,2.0753476348005013,-1.1033571262038242,-1.7412243506051448,-0.8505071953171158,3.7838430426408767,4.564525097702819,3.6903706586516276
2.3624420046026073,2.0170791876141427,1.0200049450426412,-0.2749985522205718,-1.3219253332944372,-1.4470893621055683,-4.9992068729136365,-0.8341051804513306,0.660804635982008,-1.1086033061264873,2.195164009027432,-2.1070827115863713,2.0547331613884814,2.388382103190379,0.9043229261991631,3.2586675887772483,-2.5263608588518194,-0.30707419202491476,-1.8162633708189375,-2.2328345002736145,-1.7452678947269622,-0.44365295207665884,-2.369210381222772,0.6369594175810209,-3.085127393323559,-2.3168567343046487,-1.009845274021193,-0.2586072905381142,-0.8424394980777566,-1.0298967614988808,0.8435243296465824,1.219816696090923,3.446256485921708,3.9450972558832427
3.4486261587826825,3.181444855736521,2.3156598269609976,1.0265253832432053,0.5203057730643982,-0.636986190034452,-2.746755522392066,-2.822818049644759,-4.0755896661434745,-0.17923585718815055,2.0965024034277655,2.1193113667132395,0.30616925211406343,2.251276251252883,1.0598431352146878,0.1911976205178262,1.8156012652051015,-1.3628952686508118,-1.4278202293476148,-1.4046004502324818,-2.386317628833308,0.4719259006224531,-1.0092362863885103,-2.169344490906255,-0.9104967660438429,-1.5373641635872417,-2.5188588316746454,-0.6987767913745739,-0.8350793767059639,-0.17308943584214048,-0.7091125713387536,-0.4484086556490593,0.10273133963660293,0.9244749843889706
3.56881266606006,4.979994837797266,3.7672366535289017,3.1057129005473443,1.8345525054223286,0.9321118958186546,-1.1613361063269432,1.2297845646810928,2.0659781425926234,-1.7073831413154228,-1.9019180784635203,0.20277200320323552,1.8240413756996043,-0.3112937189858544,4.6177250703552515,-0.8625033044846798,0.6462656384450383,-0.006111476850909931,0.20261052752648437,-0.6472902492807819,-1.1533953248993134,-3.104336448839006,-1.0189149983135655,-2.333937788402302,-1.4718847633054373,-1.1694143725248114,-2.907624106276348,-1.4026680103672546,-1.5369119880781463,-0.018044271896213982,-0.8463923676812581,-0.9091620036378159,0.07438765299095362,0.8924451373610653
3.8966183333126185,4.937920914457057,4.748741954104125,3.7455338703200978,1.697343371852755,0.3558517300284472,-0.03503640825323138,0.5962810754566549,0.45142959514155967,0.6945455908309414,-1.8726654753544838,1.4398007796208778,2.740325061240397,0.31150574323495345,0.3448650443710184,-0.0808348744318547,0.21174895524414983,-0.6772374578344407,-0.9374973609248427,-0.1252932209667069,-1.0258289186246343,-1.4152246205329886,-2.93232146418066,-1.6697197343071206,-1.2652535890607117,-1.7781644720967058,-0.7405639385291845,-2.1818689893399963,-1.6063513577356674,-1.7455123931210652,-1.7984202971287078,-0.8553572070036396,-0.668556610730581,0.22809862054389762
3.5311191040023173,4.715321740205881,4.8000434310021936,5.012374391715744,3.549799413022927,1.7955245135870728,0.4097094539781286,1.0200754840166426,-0.5694060417545639,1.2867640708376675,-2.54589612353825,-0.40693698070119205,0.6484998845900501,1.553642530730755,0.719860457589227,0.4198385789245557,-0.4373414255900347,-0.879540068063485,-0.7050549230267813,-0.609986397570706,-0.5273874800479685,-0.8936670164086247,-1.6638399534086494,-1.4104462030375562,-2.019352701783295,-1.7837174568941294,-2.0450581746092618,-1.694046553300959,-1.3494542310098003,-0.8509777304329774,-0.10614229692497036,0.12348057172363489,0.8123036950907359,2.258438055338665
3.7808491124040224,4.218559599009383,4.67538903242526,4.9399299087832675,4.928940107131121,3.593835630384923,2.012569186532343,-1.1299899119885646,0.5789398680754287,1.0580692026845835,1.2739253033563938,0.6410651489575889,2.287914637542229,3.7641340946943647,1.5935888824855298,1.2797476265200707,-0.30162502725904117,-0.840008104320036,-0.8365184292657203,-0.7385739799111196,-1.2381126615868439,-1.2897683511158793,-1.4449290400045327,-0.4858192863452108,-1.0569056306331055,-1.3900125720882868,-1.4400693647244727,-1.4787891276810605,-1.443184987712176,-0.643822730671702,0.0799895377537932,0.5051589695193055,1.249868052021612,3.2994457979794944
3.677328282260773,4.276382353271155,4.525188768108946,4.951149798044711,4.592432890010857,2.1766643101937175,-2.2220738932956103,0.860540209912946,3.116954890095904,-0.6432586678006742,0.6696538452901474,0.752845892925004,1.7294018912348448,0.5623718845432154,1.5056887097451093,0.5780937267864079,0.4055069381718373,-0.645065757114245,-0.6016272747447601,-0.4278447837675522,-0.7815967753556944,-1.9263733859802876,-1.8343005816559406,-0.7376235168852038,0.9208617302490055,-0.5640434629674652,-1.6352316981765513,-1.6127741707729406,-0.7881558279841471,-0.6638130869813367,-0.1666377464830098,1.5238741678422505,2.6460236832772566,3.8218739734996827
3.713804206961929,4.150289781019949,4.7655606751713595,4.977696018830288,4.401975140370096,3.8867863308314354,2.4303007403240913,1.7595529060391164,2.797907506495186,2.159824574649875,0.0484354964455545,0.7237283259395021,2.6626035577756553,0.7127627927813761,-0.44818413858059547,1.4784739999977952,0.4043733395637734,0.09585353484201439,-0.2501432721579523,-0.09224215817130221,-0.7482819625266683,-2.2873250619019845,-1.8734152113827196,0.3132446688584981,1.2089123331961003,2.235348550083562,0.2561300261638022,0.7981887629230943,1.3058828138238239,0.6064304243868912,0.6845172695465838,0.9406628910300877,3.0369181770124345,3.04281738641083
3.7049378174079424,4.167848216313446,4.948999790536936,5.44361190250695,4.4835785832149755,4.882585196400327,0.6804993432389739,1.9092607887469695,3.511228493639905,2.656131775934663,1.7922647405033463,2.3805939334927944,1.9057234980382451,1.3722536804500367,1.3140388676287846,2.9359050053874585,0.693530618399777,0.7086380012859196,0.5481935683023327,0.18899183804357006,0.6078300817063625,-0.43897799795379006,-0.5736425829906233,0.39635444584855717,0.6572956720955985,1.1358738917247735,2.1772296145046757,0.9028370907166983,1.3836739313591875,2.0993239113218105,2.006452831796376,3.0925629267009183,2.422071075308847,2.4593521129179226
