script/wind10m.json
{"header": {"parameterCategory": 2, "parameterNumber": 3, "lo1": 6.000027932988019, "la1": 58.9999434238085, "dx": 0.5, "dy": 0.25, "nx": 22, "ny": 24, "refTime": "2024-08-15T05:00:00.000Z"}, "data":
[rows 0 to 23 of 24, columns 0 to 21 of 22]
0.8556454798846691,5.1739815877582185,5.539342895863312,0.778745213948808,2.045605748557132,1.4847460609226661,1.1345752530348852,0.9333622429386392,2.627488419793398,8.4866589983892,4.988214717454989,2.0564979280461055,1.582545639709325,1.1467111726133283,1.2042116154418767,1.056712394725528,-0.9924801114555764,1.5793509314894307,1.7015657443639198,2.3064919090890834,1.3525586032491344,2.1407939670868608
3.5980050105916006,2.9962064273686195,3.0914374984169375,1.4948619763369084,1.6292120357429218,1.1988358907025138,0.6795138379445255,3.8912884342663085,4.649580479174811,8.100054973706994,7.586602974216996,1.440256745693851,1.2484217910514654,1.8368120601146232,3.9380226797236015,2.020727323169206,0.6520392370597793,1.4069832764995054,1.5007787268644872,0.9320543928652449,2.0687675332966635,1.590244888988287
2.0190821689335143,1.7776143703261778,1.590433301961234,1.728846486956519,1.1184803523782922,1.0724938276206746,2.340769855667041,2.7004984421790232,4.115678577164758,8.358093461011656,7.453822872653809,1.3676573711011373,1.1056721473469446,3.7775153875200025,1.389502841796187,0.2083670733407834,0.14862500003773121,3.2008496320478366,0.3206244017320325,1.2556526646072013,1.8183426809487397,2.6656184712292696
2.9229901399422906,2.108151113517797,1.5936204804857281,1.0906258693694442,1.1485848294651546,2.43446106312446,3.3949639471573176,2.4466630152257816,3.0042604122379664,7.025912879974172,7.160593663537315,2.0189246234406317,1.1095235430810735,0.6223153415714785,0.31018181159545016,0.08174860347799337,0.11684338114970323,3.4604324858652777,1.542701348005992,2.2148699890129904,1.7306579415922358,1.8188524486365065
4.661069811336274,0.8829870173757792,0.8642972118842622,0.6555543206588605,1.6684863700974526,2.9249021475826806,2.3194561616118645,2.3121516909174593,1.9707427327092197,6.274824231849081,5.453088305019707,2.6918292825358674,0.8915477064627241,0.6470109152192544,0.8292329407210105,0.4140782395311316,0.6482367861213837,1.1523634796528552,1.6458890590697592,1.0241172175664142,1.442740468151215,1.4084875007118307
2.713565053081333,3.039056685901279,2.5093811729775313,1.660159630911415,1.2152872690532113,2.018877687336614,1.4803148115832658,2.047539993920466,1.619734669036089,3.822384978096595,3.999156105295439,4.272074316955502,1.0046692524004495,1.0371411388516907,1.3219397656104912,1.5721534931537682,0.9809527055513602,1.2856919834701732,1.9852295720438764,1.129371478735788,1.3903035027584243,1.467047090632183
4.204051532028307,3.4125202731130364,2.2428576258354265,1.8914663753654504,1.1825208168976689,1.1205681934353862,1.0084422734907612,0.39951949916257234,1.5040626285717305,2.634205876714288,5.0486393590639125,4.093508450322831,0.3966937678276392,-0.13359979410747305,0.27241550171002554,0.45351947169737233,0.6100250914715953,0.6619014547417997,1.0702498714457518,0.9300861430652125,0.9236465806628581,1.6683583644369384
4.643875926971882,3.9413281568284986,2.183888231330556,1.7971770666361977,1.1190406414165677,1.5106496505540887,0.801022906118287,0.17719917189196613,0.7649142093046016,1.5153415622888566,2.0396530797014853,4.532248906835756,1.7989376019813326,0.7200933282317082,0.21908919616512126,-0.35452515487214636,-0.3000116664957772,1.590129175493768,1.335184912935593,1.6507540409091113,0.1979271586058414,2.471429109651134
4.366493726785157,3.4500034792053866,2.6406222051405495,1.970868185246538,1.2895017719293693,0.77521203348698,0.4290564805508521,-0.06392995562312252,0.9712691536628784,3.110651286699628,3.7819155627786833,4.015314869778379,1.7665702760249364,-0.5222303579947789,0.20962114916660818,0.031828056291556286,0.5703781628594575,0.7609808366268415,1.5481595212458061,0.8106573222045507,1.1194613868641825,2.8353157428158977
4.024380105178122,3.346361473051761,2.517917155079588,1.8950926912790964,1.235013760777986,1.179615727142874,0.675413326996451,0.4850954622103241,0.8176969342430563,3.5725164124537696,3.8729825705185648,1.9762450495406148,1.6720991926198918,0.2861501864657586,0.5231310408541953,0.24390329370937117,0.5967066605274202,0.9345496180456792,0.9846477586229604,0.03732110420397382,-0.6618120044941759,3.9963761639775828
3.437339548860743,2.643773458575886,2.015791878177542,1.7542686779942145,1.5191086123558846,1.030622444213478,0.011068043882481463,0.04451494609555343,1.1520461277155924,2.0293040914505656,2.687874877985889,1.0262582545869294,0.22940364993569615,1.156745395758559,0.8588135807471047,0.5958651251180291,0.9604916174602415,1.6857449455801976,1.2857458481076391,0.2366908147182753,-0.7851500982802687,2.759153438929296
2.873631581269758,2.684807362665789,1.7126404604465935,1.7647118530280645,1.1062599165578906,0.4686087863347303,-0.5626880230003708,0.8465562432828756,0.41895803509312857,1.9592348229157344,0.8100876465789475,-0.932926193825376,1.3486640902616367,1.2586265697002292,0.44418203460404265,0.8429745381641615,0.8296106786804407,0.6465329116211702,0.22697419019524756,0.670807741246157,1.7848431360603783,5.308518339505259
2.3596175719580015,2.4658500798675544,1.9108035505796936,1.3544262035474677,0.5269312085470657,-0.4887646697881907,-0.40827573385680005,-0.1750064967393651,0.6342237715038213,1.2287684688011007,-0.6112990894183554,-0.7166219126787275,0.6994295198484137,0.4202089380387133,1.6505693354766822,1.1063699628704342,0.19753250635404063,-0.32499595605067355,5.087137023335535,5.628689621031099,5.531456902679708,5.15813622385459
2.075125859619278,2.270807002979936,1.6212715623507572,1.3748535993488646,-0.29387964164994934,0.3791899224042157,0.47697227748607873,0.43671663822198353,0.6597601127448625,1.6933940703489943,0.1849947142027048,0.8764894951552039,0.6884990326985079,0.253520248811311,2.5916753113522835,2.4306689900638094,1.9626155526721274,4.680614863601254,5.878599977297048,5.993692312483484,6.2843085581641995,5.645072703631979
2.0418220263547306,2.223857261395049,1.6211403598160732,0.9399487979159958,-0.7257590725700208,-0.16902827328554904,-1.0954620720652235,-0.6318062514743525,1.6431118526472765,1.3524961290716884,0.17231033539246665,0.9648102242448867,1.1602657869281738,0.07396487670172189,1.4212693815483797,0.4172636529681861,3.8379386110383122,7.006089333102363,6.212704632695038,6.182663756937701,5.752789983254992,5.933054927032668
2.13224719924362,1.8502234439549021,1.478579092388189,0.6406051658395527,-0.998280243346741,-1.437900403341574,-1.171525565053134,-0.14496447275372884,-0.36285243382219967,2.130275942799661,1.71501928689591,0.4940878824090979,0.9105234498991653,0.17022168875340568,-0.76807402778795,-1.2834351389677578,5.66924663543765,6.918837933334174,4.3497498157550325,5.839570346811272,5.788778297803985,5.840636395403168
2.295735221791013,2.097198415340915,1.3505708286199525,-0.06018740855437756,-1.8292080889254516,-2.3585583293081225,-1.1851718588626827,-0.2561420917747712,-1.7513420232691501,0.8593503116922089,2.2054995491501073,1.1377372948012678,0.4942648228962643,1.0881072015895337,1.4125563953445597,-0.44198675794822756,5.4623425973243185,5.748696270384639,2.11953123715347,5.232576343782328,5.737505873070739,6.114699813147837
2.5602531997145626,2.257488063194093,0.793370467476742,-1.0346108682192232,-2.4503378028937814,-2.243994469290499,-0.8873985568927676,-1.0551425167116968,-1.8614007950880782,-0.18776888336626618,3.192539147216357,1.4624262696190602,0.5439821695381823,0.41071466474683727,-0.1151582270731077,0.2968607888151561,3.835780252789312,5.6114373461827505,5.410404441550465,6.402567016763912,4.741933243122041,6.178519224042386
2.8031309787236376,1.7297930961266283,0.3407283808731704,-1.4069072156763816,-2.2776497956092854,-2.7118205046999595,-0.9203602706595364,0.05424600688967316,-0.8234533670261607,1.1653284413404235,1.578705699147487,1.1524748473977906,0.039594907238085654,0.20304273364839237,-0.7261900607230528,0.7887614725312645,3.564292863614972,5.814794679982941,5.550669302121023,5.825317500908325,5.164133800996275,3.158077437208647
2.955445280742449,1.4673722955871387,-0.3080296907923639,-1.816539002550514,-1.7384713114880985,-3.144403610772653,-0.6225152917357177,-0.3075810322066343,0.05321480073380516,0.7665422673343445,0.42747377642292844,1.6767712366386656,0.41889074602019494,-0.34337154622338684,-0.11143872072273618,4.687800350175606,4.290268794848482,5.577609660978222,4.654033341018404,4.562418748839786,3.283232564351867,2.9145893023764593
2.4877539931350374,0.09832609789481263,-1.3270861708065815,-1.9727172869875047,-2.2486888292294327,-2.4243741415252,-1.2386839747783693,0.041699170372944516,0.4207644011354862,1.7133285526745534,2.1128091846207444,1.1366090785063219,0.45820380743623973,0.6135729805157617,0.9967587891130574,-0.46252679697063515,1.8624065764315012,4.137684654678676,2.180317301623135,2.315596719253238,3.291635965220662,2.4474836496925887
0.6744860566143075,-0.9404015254046233,-1.8377642699182255,-2.147137783477491,-1.817638672524256,-1.6891192748659491,-0.05311202415991448,0.8775049282602099,0.7117271382319097,1.3193669895084041,1.0499077623590527,-0.7359532024328329,0.04278086515409771,0.16597209285731598,0.13191785006782916,-0.24031844249368603,1.3542385172160796,2.950245249299038,2.719254009472489,2.164459972112022,3.019400328101261,1.4024535481240405
-0.6438994460714137,-1.3179917462406157,-2.1234027008278353,-0.14796540456035576,0.1311948556234802,-1.4071083422451107,-0.08317385779801431,0.7181997644377555,0.06976918118545435,0.6197568715555472,1.1193291967370995,0.5821819376181782,-0.2957092941923608,-0.7673273954613121,-0.9299117326161845,0.9907781715936438,0.40369266425604133,1.382611164838527,2.8688006868508173,2.1320442159444357,0.9228653455901075,1.0391798133524972
1.2386539768660443,0.7516005452797342,0.27063836076930875,0.19864662675404154,0.4668356094966787,-0.3501194147502388,0.2962257728763707,-0.050266278272424476,0.9222257787530482,0.8264092410425596,-0.2172273180591447,0.08959384332132456,-0.502646419603158,-1.364383997127452,-1.226233416162673,0.4367068493992423,1.6809898335484923,1.3735341473757057,2.90621460242759,1.6145093012942247,0.9251389570814877,0.7926422079110714
