script/wind150m.json
{"header": {"parameterCategory": 2, "parameterNumber": 3, "lo1": 6.000198445256149, "la1": 58.999992894266676, "dx": 0.5, "dy": 0.25, "nx": 22, "ny": 24, "refTime": "2024-03-12T02:00:00.000Z"}, "data":
[rows 0 to 23 of 24, columns 0 to 21 of 22]
4.489800489305897,-0.6177037208770506,2.4129052100757677,0.7009072091016367,2.3492183846686263,1.0777202186390522,-0.32355892547119913,1.4883167478444403,0.6264289201881587,1.9727419491209852,-2.2137768754962295,-3.9666711813226834,-6.929138680036032,-1.3202632969656827,-1.0103585480876043,-4.883641508143146,-0.6538226291457918,0.6010307687458376,-2.217364853047564,-4.5975711867233,-1.500078676856976,3.855909186348579
1.45412995659791,3.0188476190769507,0.14992676345491238,3.097826328756204,5.265094698995035,4.064654176547099,0.47292140975418195,2.3949795572658705,1.23647775313935,0.6744084167517151,2.1890003337259265,6.3831760783882405,0.6108950519063984,1.3276790523435422,2.3002592347823514,0.3604655631152297,-0.12398324934282044,-1.952447575755245,-0.2085304950898606,-3.655305037979168,-1.1050166343530652,-1.7916600351642409
-7.9292675132220545,-0.2820440736454074,-0.9074024355185918,-1.6577483163577844,-0.80566491823011,1.7194968555269012,-1.1121176136273245,1.2446632922407466,-8.630723408681616,-0.44531724804293565,-1.297762593784393,5.5227320733277825,-3.153358371862563,-1.3942202687881595,6.570375016814264,-1.3222967008616986,0.7452644651233747,-1.168695194988748,-1.7618421318261561,-2.868082014828207,-1.2506115575013683,-4.510835444668934
1.990065173317461,1.9256206107367515,-0.752155964093481,-3.1152899761457276,-1.3477144034960251,-0.39025013795506724,-0.18235281218334576,1.0976740648440744,-2.6528824904786728,-1.2918097197635263,2.6647407094955535,2.6759724361418793,2.220981811772586,0.7477601183641078,-1.2648657848218665,-2.339116355490818,1.1120226564250826,-1.4244362611629133,0.047780472345835524,-1.4979693439809647,-2.4873490285303386,0.8754617891788258
-0.9203293625449046,-1.629780408126673,-0.20488401750755716,4.235534876147862,2.0634628379359867,-0.490842993548412,-3.3318490494073387,-4.703098129491516,2.5745063144999745,2.055181149981672,-0.3727265145288211,-2.5532116028820857,4.562685250409863,1.9693093553870187,-2.141564541710735,-1.4957363788489249,-0.6853160381172728,2.6520747350150757,-0.22158206283020965,-2.5134207610563535,5.063873283316782,2.072344032959459
-0.6072521156989749,0.5981487655513043,2.243640904416929,0.6965807632445706,2.8797050393601555,4.598135397067051,-3.1671719924152435,1.8118415051727776,-3.1443953899786647,-0.1673058755620734,0.454911200856061,-2.867027615232761,0.17078370608498578,5.09491550676212,-1.8689826041837483,3.971403045670127,4.119829379887386,-4.544049955367773,-2.7796156747791425,-2.823872118246722,1.5900361760958117,0.7746010320970431
2.389762972024482,2.517506196731682,-1.3869782248187177,0.8382926149376625,0.231699782100821,1.762292798822606,5.217846964261409,5.727461590973646,2.0132218630765277,-3.6795991986085173,-0.9022703791961327,-2.512258118475604,0.4894925804481399,-3.2984236473096127,2.05805786664987,2.5144633785034207,-3.405004068836109,2.611020155566458,2.499683917079662,0.4400671567858436,-2.104845764692634,-0.8343367620983966
0.04681624828403837,2.697671494078863,0.1080689216301331,1.0292405927187402,0.4948849075434663,-2.9259559764976624,1.0360402424901618,-5.869364826950111,1.4358065725027094,-3.4457260692527885,1.6334292507497108,1.5077256824597474,-0.562127271729941,-2.4827086979754993,-0.6190837481798859,-1.1027152945283487,-0.1524106739970845,0.5006760233515782,2.631396867085677,5.148615330903918,7.397498901478013,-7.019796274240154
0.7198477713435031,1.6114205263846504,-2.2857936417823135,-0.1446738095816087,0.5399699620316477,2.692790077339758,-5.161763525521758,-8.154136009941798,2.520480269081438,5.210915625789394,0.16774204240978355,-8.196520252829174,-1.7879070780861632,-0.6068167354059031,-2.690706389492072,-0.7409387602402704,2.013251717719117,-2.070293647095598,1.0031330287168727,1.8816917495446637,1.1718473417462405,-0.2888551683353998
-0.9685185708196518,-1.5251918276952596,0.5333803340640865,-0.598295416650749,-0.5499510274591614,-1.3236781540635665,-3.4732301760121995,3.0412684814359645,1.856031371493402,3.8028664855398775,-1.5311435264529563,1.286319198528455,-2.652190110039547,-0.3623954423617985,6.686471987571549,-3.609902575889048,0.09088257979478206,-2.730577635022204,1.4099199989557718,-0.6560991552951748,-0.26133516076719154,5.809401471506803
0.5780814441039065,-0.18026939251131718,-1.2712823416488819,-1.0424314443916023,-0.6893730994241709,-0.21172534592195844,1.4265797395083248,0.7345921325686187,2.3589233693215403,0.7791127350861587,-1.5085286585239446,-1.399425632950002,-0.867962987972371,-1.059757451014819,-2.893127239824709,-0.4022423056719546,2.1689271758570037,-0.12589063359729882,0.5282274773448726,-8.06464861864869,-2.4059304219576023,-0.08946934302369448
-0.3456626532273458,-0.6633744559430531,2.761201022744696,-1.9573693535039145,2.159159277299823,-1.26153681251215,1.337720784036607,2.3571269031696565,3.309692891173194,-4.468607355003546,-7.574770163676733,-0.049918258833856095,-0.5172731518355955,3.6257340373308833,-0.7728885924340875,-2.5845520727423974,-0.835735315712238,3.2457998552965766,3.7829780301643496,1.2872792461475335,1.8574865650737247,6.7564798256204845
-0.12565276292065644,3.236903069428162,-0.6203812722781955,2.106452927433276,0.7479621085969399,-3.2442773360023778,-5.325067595667658,-0.7896583268135475,-2.9793688400151868,-1.1223937089212495,1.7504753371348494,0.8912623472118101,2.572168054153982,0.06201333666361305,-1.8026034513155746,2.083125239731631,-1.972727482176922,-3.5116143091109424,-0.1612724333660652,-1.8590684776193687,1.5703992654292387,-1.2399697664565015
-1.1998229868202908,-6.561833227547812,-3.6279938191604533,0.34440655159325184,-3.095650898901704,2.448194111087929,2.6481172297401487,-1.2950583197905132,-1.1299718046429603,-1.0823587856175638,-2.829767840954078,-1.889685164147659,1.9624141908269135,-0.8445175107532706,-0.6374326130964797,0.43782575223463827,-8.085428921364676,-2.078132360936077,2.5059876116668662,-3.4693150644174002,5.53753502598415,4.062394305604006
2.143463061795431,-1.2249816309953103,6.737592729069388,4.106894434385103,-1.7894600225361703,0.3952515545729686,-1.1583914043697676,-1.4063470782604413,1.3418189994718062,3.7695037565587515,-7.854335567440849,-0.1634396887341782,2.1095808211206353,1.487998491451669,-2.355728598776327,0.8042609626711111,-3.527709026817268,1.429117345583123,-1.789042654149484,-4.417995923276724,0.9459094716698788,4.474734156020653
-3.6955800950555298,4.881829991830544,0.10216740009702728,3.042154650918357,-0.6698402788744224,3.089886822775303,1.2283106918569735,-2.9670039016567107,-2.545436682052913,1.211629927355044,7.445554452289359,1.2088665833982308,-1.5832974488604286,-4.303697970019267,-1.4442551169899187,3.815080758996435,-0.29905074550593236,-1.1455621991058669,2.2246841839389475,-3.1771595439687133,2.204378380942959,-1.7274032726390618
5.369328380736837,1.1310963804961538,4.276463044400328,-4.946487079953859,0.6779084819251642,0.41458826202649623,0.25154716798663584,-0.5605001160964119,0.36273164896104865,1.8002855501984887,-1.8320879866447881,1.7158042100988375,1.1428407787633497,0.08813793351930234,2.5576686732106633,-1.9414619787025518,0.3335687322699319,-0.22363821310668755,2.5198682454188086,0.6767094303410461,-1.1046375259345274,3.9037845169729604
7.978118812712193,-0.003695937799208208,2.024290645885441,-1.6831771275046428,0.3852526683941864,2.717157272409501,-0.351155969935019,-0.7111762484299309,-2.8890916719862436,-1.3940231907237628,2.1450895928068334,-1.967787764895945,1.9322964755180805,-0.5098104348370938,-1.6783907016191448,-1.4775600054481797,-2.7385922902161433,-3.9278102976882336,2.2435583254073475,3.835780157748868,2.1542932227803284,1.2142916609820626
1.9894564267459012,5.322708761865245,2.208773921611684,0.11066612238420089,-0.46725318311273156,1.3574103929863879,2.6320480957668115,0.5653819022583761,-8.681496290559144,-1.6699523119439923,-1.4096512595912567,-0.17606424284169694,-2.2742947441769097,0.5186426442060956,2.01244538498449,-0.4577691539067228,1.1959347898593378,-0.9888681461291159,-2.2388476417248167,-3.6537372868653533,1.164021246542749,2.0788433525608623
5.732391248924452,1.501643976488138,0.721184312767399,2.4532182104791147,2.0202176893057096,-1.0715915783668877,0.012527858806312133,-1.5603210602919249,3.8787104726571435,3.6439152842147418,2.192143999650741,1.3334296214510686,-1.4776309610799228,-0.01100550113791037,1.5050418178421028,-2.359450424063817,-0.8483318273529608,-2.2913889061666755,0.09495862412497424,5.4906647151888475,-0.45864307959127426,-1.2494542112022748
0.4590469179128286,-2.6405875254654374,0.48868808149274995,2.830266564281621,-2.104649099714363,-1.254528606662145,-1.1660915042986428,1.8632922505190619,6.601794462413807,-1.5535528717330815,-2.259726305232454,-0.7136463222002726,-0.48114037755589256,-2.666751011155494,3.6514162245500277,-1.5272857467426042,-7.170954661691821,0.3748242761419361,2.6983644188123326,-4.608974047429318,3.9496535735356915,2.7916176208765777
-3.0316943565851435,3.479056559292335,2.961612143373028,1.049240148210297,3.439893691122632,-1.8827174023051592,-0.06638429699245241,2.5303678493720416,-1.3757901181379497,0.493418975008285,0.5383559459041026,-1.5812982991186808,0.11713745643257711,-0.7455718464965958,-5.276998278815191,1.8048497884354475,2.636943052895668,-3.2601821006560185,6.573817928008796,-2.100648388882129,3.1325815315257115,1.1886685467962668
-0.4539858968358861,-0.8375266442337556,-3.865026463729313,2.248975792070552,-9.462880819029438,-3.01044801811372,-0.7069243339740797,0.07234682419046007,0.9080272738617436,-5.511232616049929,-2.2408231886986822,-0.24744685394315438,-0.6301232537792987,-1.715555962435467,-0.9605675214997343,2.0449419279851506,5.541444352141862,-0.054595309877966895,-3.5487155512394977,-1.1852970568841574,-1.3462796518967317,-0.9714563587093228
3.5966294260345926,-0.07143174222242704,0.8287725104210355,-0.6185617760345563,-8.96058918896506,-7.449676887225985,0.44017350999728433,-2.193138173248459,-2.9638342244431835,2.0140131485003843,0.9530661978724705,-2.4650648069339316,-2.666534428531269,-3.3957382945128525,0.06927702601566539,-1.8399604694587979,0.6330182860661158,-1.7058591935704404,7.533993846413585,3.201847066640767,1.1372013915368724,2.84472605798534
