script/wind10m.json
{"header": {"parameterCategory": 2, "parameterNumber": 2, "lo1": 3.000054539987559, "la1": 64.9999836372058, "dx": 0.5, "dy": 0.25, "nx": 34, "ny": 52, "refTime": "2025-11-11T16:00:00.000Z"}, "data":
[rows 0 to 23 of 52, columns 0 to 33 of 34]
-11.02577068582045,-10.767205622725234,-10.716354104195426,-10.749421215264436,-10.65926920674758,-10.290104808210376,-9.956823259549623,-9.822044824751016,-9.260434975479562,-8.294407404823865,-7.903931050091907,-7.394525621331649,-7.472240535271086,-7.430288298251521,-7.249941257548151,-4.595452984591769,-2.012013103993468,-0.8860891230815173,-1.8986373338269453,-2.076927229321544,-1.952923047971584,-0.6387577204053978,-2.442981858024191,-2.603917788135698,-1.853283191362022,-1.613134090698891,-0.3387613713604436,-1.7996287565205336,-1.61075880201225,-1.1577661311539482,-1.3295848712499228,-1.7874302181964665,-2.124083284525384,-0.9531794758185863
-10.966975137845804,-11.035125134177306,-11.024914223678207,-10.94132706229163,-10.192861395907107,-9.94956914182081,-9.654102394607907,-9.222829906811386,-8.873446725503555,-7.857911676117837,-7.501773571978672,-7.294884960860707,-7.374059408380932,-4.989768504155078,6.400090243623146,6.002002108532715,-3.031530057159318,-0.7889737669637463,-0.5852420649695905,-0.05552499554659821,-0.7879881128737128,-1.5266325300448067,0.6127361344815739,-2.657473133318443,-0.8887196666806633,-0.9200242078518239,-0.6601872114560581,-1.5058432481421102,-1.431836359997744,-1.2173436042505674,-0.6858906388255473,-1.2351523854443602,-1.1989381552669247,-2.1584773120487495
-11.300530282517206,-11.04518005398992,-11.000702133565163,-11.099500973836495,-10.773514790180824,-10.395501253549476,-9.67937248548841,-9.213780867805506,-7.8946805989342685,-7.601518679325459,-6.393109857902258,-5.952654038069921,-2.044853112488276,8.942730204739899,6.335550818400517,4.044193894541753,2.6411230891661104,-2.114729792840686,-1.1118708836323519,-2.510678292194654,-1.6481805975301107,-0.769921937617836,-3.675227163375422,-0.622588988753112,-1.1887732049782296,-0.11547971052695027,-0.8580396474050858,-0.3865391821085651,-0.8768868300004277,-0.9021334246065513,-0.7083630970835165,-0.7196891972095334,-1.1342952372601465,-1.786652916409234
-9.867961881323117,-10.22966245796476,-9.828977961498133,-9.61856554247629,-9.954264220910853,-9.987523084421513,-5.7742317587731575,-6.107602782328627,0.6590560325144689,8.19933350090926,9.512876697738246,10.333314450374578,7.5765092499376525,4.220631619804906,2.997890178932912,2.3921580551343538,-0.7638285985712115,0.24004783799070614,-0.11557356059630344,-0.2771668183428472,-2.588554476826329,-2.4795439221500954,-2.1407812576414442,-0.7390794718081594,-1.0554047837956257,-0.9898620601222604,-0.590823213853018,-0.3351032985131775,-0.9532325193060232,-0.9324891559767399,-0.7056614202474759,-0.8924422923588671,-0.6218592645296334,-0.7913503252614478
-2.163138266665246,3.3476871312270946,3.296507374707745,-0.0898845268580035,6.114459879069333,6.193306556810526,6.577117595909188,7.467940734125637,8.437343083513401,7.256885616820899,7.649673701321249,6.942152457577087,-0.07859080952960827,-1.395975015567509,-1.9798465546191033,-0.1652624459502717,1.2762835686794725,-1.7613511279343677,-0.6332451667353323,0.13468095512590358,-2.2688007874992517,3.7759113730890825,-1.2222159473418734,-0.18562024950963407,-0.32862292257906417,-0.5559534581666886,-0.7656955321738832,-0.6811642518869921,-0.3856968209194605,-0.8508650174086992,-0.925725167722679,-1.1194362599854621,-0.3310439461499423,-0.24585164020534223
2.7357600255338745,2.8182947555560443,1.8215980241522345,3.4081140671457937,3.8817514779251177,4.87313005674591,4.471887492600014,3.045958496706458,2.6919658537302333,3.13144514796783,0.8062176725405713,-0.0859820646919046,-0.7268709777440093,-4.337872227570452,-0.530491656739707,-0.12273076003582564,-0.7460670939455626,-0.6115942456946608,0.6896787951198003,-2.7135363147367784,-1.2228719928065377,-0.8905748631695406,1.0958951733029165,-0.6600465164166079,-0.4398064264185939,-0.3221208954980294,-0.7749712222652033,-1.053296069334454,-0.5043327207905164,-0.6969585970489762,-0.46976073761991605,-0.22421786264008264,0.04125960120648498,-0.008143655079566157
0.8727590002181211,1.5151170366577278,2.0785480428531655,2.737591977831983,3.73335968741267,4.596593186956908,3.578368503320529,2.087561183829161,1.0592678982093409,0.6104137072606927,-0.3745482013364188,1.2520153539924068,-1.6613231355821254,-1.2284600028232724,-2.029773775851322,-1.1239984417516335,0.5126298634307231,-1.792059403460509,-0.9859752877780429,-1.9388131516080362,-1.538567398590517,-0.739041334622708,-0.9366529850177614,-1.068162485304631,-0.2749068806778665,-0.6264941780561144,0.6767934230011623,-0.6204658298318926,-0.3579630228217517,-0.21837286755898538,-0.5688536622960283,-0.4251297803719963,0.022156136475502682,-0.09898347759788298
-0.8187667179862115,0.12386666041853818,1.216585084969672,2.250195401544726,4.050779912304827,4.663341302147509,1.4628292844977355,0.13191590467613448,-1.1281912724719019,-1.6012515153841884,-1.2728480005021314,-1.1888586031678208,1.0387473571629513,-0.23488744951705876,-0.43773714450868406,-0.0093146579083394,-0.40320175981745543,0.29210944112155784,2.0505259290753854,-0.9499046429670083,-1.0182174378642408,0.21989386236343791,-0.45898250193314966,-1.0591462717649853,-0.193339826725468,-0.9998222209465885,-0.5036825739463421,1.5372822199724274,-0.551935569135793,0.4763139487198534,0.22360817366252647,0.20223680320811002,0.10329555456433863,4.318620871166422
-2.4805230588971594,-1.1347988068126718,-0.16095675817805324,1.0444817721235014,2.1672903020657013,2.416286854384214,-0.631436065671001,-1.6960440612163716,-1.2591683813996843,-0.33937888496862606,-1.3554922944558656,-1.3971935661024029,-1.267011281526026,-0.7429688088787252,-0.013082224002419325,-0.8612712916259917,-3.634561473400651,2.9736527930418104,-0.9275683767169879,-1.6752202711736603,6.347858439686293,1.9144344010395757,1.5510624678605862,-0.8626949446587413,0.5449880568591501,0.4860175737592576,1.0787098840497436,-0.14144595211449779,0.39506365215332484,-0.3846530666726523,-0.6501385743564637,1.0720745934734468,4.199155398622619,4.664608067294943
-4.392465428191869,-4.317423916750312,-2.969210812551079,-2.018351293524513,-2.8613813362783045,-1.5845083053966662,-0.6827496688727265,-1.1883126065485772,-2.0902305615172545,-0.5957392965978322,-0.16801702605408,0.02999145643401882,-0.6262326221024471,1.521468207943413,-3.9222036744826285,0.7714987380855175,2.5837989436847573,-2.182833599388067,-1.3188794809599917,0.8112575036263916,2.5519021789411735,1.6577012728314011,0.07935907868293568,1.1995220550103445,-0.1289018757329476,0.848821208112072,1.7241448115797018,0.8468084183598668,-0.5379606156098117,-0.06359999802572448,1.299884741846991,4.546832769003145,4.408223388327728,4.852911955815414
-6.598224630627834,-6.034220520116149,-5.50265699193059,-4.004050979614722,-4.167720996054479,-3.2145618400936686,-2.3834805371879546,-0.9148297999069437,0.5336970028397109,0.8174320888892412,1.305479472918599,-2.630558266055446,1.6800677791271748,4.41969451473068,3.093563101544996,-1.8756367613040785,0.8452300240120404,0.4227309403280202,0.9702853495073503,0.2470039255918026,1.6330920677539613,-0.08011212887631747,4.452897221569962,0.865655720545193,0.13542406022852613,1.0028899003490728,0.12058228813790625,0.6274262594711256,-0.5018198290760283,-0.6379849762454498,3.8777279845071897,5.012519168462645,4.6163027080228485,5.0025809094539335
-7.460639401471954,-7.402866790900359,-6.418553591106257,-5.261885768486828,-3.129431452751541,-2.1514746655921435,-2.2853177609157433,-2.7098482116724507,-0.3066769168333053,-3.9859000465857584,-1.0320048147429897,-0.4778139113555831,-3.083938097166293,1.5075715402277452,-0.5670460161076668,-0.5972738716737322,-0.10690524306069539,2.9321401796853004,1.6417878931287657,1.5721712482536478,3.3641332960834016,3.298426837512695,-0.6321800493020159,1.4943042159354811,0.04451205820157428,-1.066295998704587,0.17421970574961027,1.853834885214386,1.802378616441031,0.37684226692069217,4.158213959823992,5.044985868510539,4.4595778776282895,5.164847019828514
-8.472981493419093,-8.17504229219569,-7.017348446298078,-6.2875102726789205,-2.389985859209798,-1.5349573022838772,0.7402929254312849,-0.6513231105255473,-1.643242065717976,-1.4729683968997147,-1.6502475803315158,-2.5606780959476545,-0.192390805839887,0.2171197746689538,-3.1345804660787726,4.560643001666475,-0.8857066968592403,1.354888006631661,1.8838831485616616,0.19659199713466738,1.1066185105864323,1.7111726499435909,2.5488239300139406,-0.14390287596615786,1.5048081565620712,-0.30552479374102354,-0.5875038269214551,0.4842086967563111,-0.11551077137367229,2.544329093820065,4.838808804848212,5.320787442762815,4.741768235371089,5.18600178655778
-3.579449728198296,-7.794939457622868,-8.025367124580702,-7.445785516195922,-4.393682229592369,-5.025777327789053,-2.2818437458869445,-1.7314348566738367,-6.611213019269934,0.10401550820144402,1.0179175492805086,4.762003775298383,-1.997590100035808,-1.7010034093327338,0.8312700029923218,-0.24238404010053863,0.8797210943115902,1.6928907481005921,3.068200841341854,2.2600066262972778,-1.0993215791202133,3.031255113287234,3.439433728117157,2.5544662876923456,-0.0749778358201153,2.00398002656537,1.9891991352266452,2.437378371428244,0.1583012798019466,2.577170562129458,4.891256119098639,5.20126540102809,5.061828874154853,5.128518991579164
-0.1494643449078469,-3.675851118899405,-7.449760531768181,-7.256459284463788,-4.489310857429166,-3.5679599751614823,-1.3853624403778568,-4.924173171021162,-2.514031939317377,0.899287524575624,-0.41086299275012217,2.138654939433516,2.431135669673442,1.8904207299976519,-0.5135457369433547,2.7433669431797756,0.34266791694305976,0.8904086568619048,1.1390634566163982,0.2187720393791549,0.8163803658213317,1.165372326126678,2.2183231722116363,2.6111699032954085,0.29609585360507884,0.9733432271686542,1.0222355642796757,1.4694295035572078,0.9357345069526075,3.4591764733793675,4.330488553831533,5.354560611838627,5.55843624581287,4.490222623223337
1.847947219424503,1.1512270560713405,-0.9861193063578833,-6.3614706527095715,-2.757626792229665,-2.459933732400905,-3.183222763324397,1.4069301610185987,-0.09160599158849758,-1.0999729466481485,-1.5953263137028075,1.6973074960305021,-1.4336283055313623,1.3901615403850278,-1.1557695684145073,1.785054006225997,2.9402030743151033,-0.7211616861101858,0.4336310873610757,0.09062327576225586,2.299231345061374,0.5515730237516968,-0.8044603464102896,1.5711401583144808,0.5075709562463459,0.7544262012315913,1.8305498306874852,0.6750708574129686,0.7537040076495335,3.863041772693294,4.338133550015196,5.720290273133682,5.385583768353078,3.846973284401016
8.294359958681753,7.271915227561617,4.863455609842933,-5.40509878690406,-3.075039001653269,-2.6052242805286885,-1.5081093431734378,-0.49544639375284977,1.8390266007419065,-1.5424126281202082,2.746133783693099,5.595004393902283,0.06760406401191728,-1.3187285414680516,-0.8536416778716065,-2.743581821470853,0.8902365402432394,-0.025102231256467582,1.0686331026403708,0.4768633458684922,0.9246246266070868,0.6216377732866607,0.3769604303191797,0.08722297245448155,0.6673450078394664,0.8025831860760735,1.4165747905156083,1.7208830536322748,1.1382870469759723,4.109647727511234,4.425813856231459,5.499782259865027,4.421086205243214,4.3554533984101464
7.337041113663487,6.850960752465682,5.990152604337212,-5.077294182152771,-2.904572936429208,-2.190683324544673,-1.9265481888767173,-0.19284409277833758,-1.1166911822730254,-0.4919742707474371,-3.578313177869476,0.1997262446561376,-0.1577971499368137,0.4285435544322472,0.4202696134897289,0.8725185167607474,-2.292463947536838,0.060535117264655595,0.21911168130960448,0.24830718549755004,0.22025162178727434,-0.11305942839935239,0.44854397771090604,1.26012425600921,0.16432850131312288,-0.4767945556091303,0.8129498996886532,0.9229701263896211,0.8490675739186768,3.244317295802951,4.2890793558400135,5.083411197699696,4.642873611800459,5.00561288856254
6.2907124649823905,6.338031181600169,6.505201549962607,3.856439307700496,-4.280830488848325,-2.5965488363342986,-0.2245066289422548,-2.6813654474401187,-5.038731863038457,1.9200899648541776,0.5365405087085402,-1.840186274197409,-0.5485080822532168,-0.4906577375283328,-1.4732416352273419,0.6929112567377637,-0.19334977214679397,0.8513267005061409,-0.2487097847435275,0.056138339994745066,-0.159221604957131,0.6351021375477206,0.6535785713989098,0.2917738684665198,-0.10758707326206161,0.7244949532965986,0.4370511392920859,0.5470768973592335,0.5263377347371656,0.7862557233384707,1.659365596711023,3.725577202584207,5.231354345418911,5.294992804017166
4.916387112433723,5.041513174585933,5.034027343137745,3.640321098943443,-2.0006662709535967,-1.6709078688405365,0.4486259015612156,-0.6469400983947742,-1.3594372283507443,-0.9878659936572314,-1.6164655347869734,-0.15985972079460617,-1.8151722010811684,2.916383830512137,-1.0708356453855779,0.5511875289775345,0.728584823342768,-0.2617903368865863,0.05799285778546114,-0.4256797473874666,0.1431054980591398,-0.1657510450187825,0.7341597944538449,0.151217074762458,-0.5556298972316972,0.17477113744058023,-0.3970889924091676,0.22787931614955856,0.3789951500865488,0.3216186830422749,0.8905250967785647,0.6053571177029561,3.9995061454259146,1.7347252871586605
4.187561732417007,4.204204894448571,4.124345615197309,1.1947486945217374,-2.352880717400155,-2.1409145386737247,-2.6054680398026804,-0.38285525681541527,-0.7647340999757085,-1.8303573495349315,-0.8127378199131599,-0.42203627906369795,0.630653347613252,-0.26448381150994404,0.11868495430507373,0.5663718810994991,0.8700502774884804,-0.20055489498526588,0.4413577897954412,-0.2275602137938531,-0.23772286431424924,-0.1267135787174211,-0.23166450123198723,-0.22779695752765938,0.07819549270317518,0.7938459987292412,0.35242514073714076,0.4400713135589492,0.19898474959638202,0.48464119263988775,0.8245910318217187,0.38582060032125104,1.953429171658416,3.082953636549141
4.26806065309125,4.160158191235633,4.282790682874239,2.5357365534905587,0.5448306160662764,-1.7659662737060982,-2.102840308405113,-0.8724683482869553,-2.10432198848446,-1.8477806615157217,-0.1084194346394798,-0.7623163889848145,-0.41612113347903795,-0.41144932767987513,-1.887890810269089,-0.47036246275891486,0.05882210855638827,0.7494316288975679,1.0336907791385108,-0.620503515639414,-0.28720813056609096,-0.9263594479473236,-0.2630550540878773,-0.3595741361505405,-0.32619231195695164,-0.0964237186647523,0.09138734175347923,0.026884762749139365,0.2182260978844744,0.9511526367381868,-0.10556650242737466,-0.13370899639281783,-0.37556705267939533,2.4516309241307273
4.353598234288644,4.150453568415209,4.400998845109662,2.7659418739732495,-0.03243825824408242,-2.5839022339167745,-2.3302965708483603,1.2029538891091391,-0.9543681125718617,-4.946291448350752,-1.1330553880885572,-1.9255525958512427,-0.1777479279018318,-0.04801075860455977,-0.32295239503243295,-0.9650204765259491,-0.6473850380999819,0.5033079012045271,0.1725994898689434,0.6048952730302807,0.12771668023529126,-0.4765159697147547,-0.48043580484753856,-0.7153841885448464,-0.6496583991712332,-0.6723570035251081,-0.7119292693491346,-0.1912903432671105,-0.5448798261082758,1.4017828268297152,-0.3208665705424024,-0.6899318847103899,0.907683491624647,1.039779833874387
4.086346647437675,2.8604329902658727,3.153303441086682,3.210241450635507,1.1291323062981857,-3.1353939923080314,-1.3582738525272087,-3.5338040072699144,-0.6763841797053632,-1.6568309745427903,-0.042567922644185324,0.28627584471820017,-0.9495109549269399,-0.6452962283189825,-0.4006698455714938,-1.9447024494798977,-1.4334131072298033,-1.1497433714540224,0.08645381042858225,-0.0994341319071247,0.6561215750340434,1.429320846316013,-0.9447847690682567,-0.6804732323697057,-1.0491058160291498,-0.751214284973148,-0.9256244361632436,-0.6883550399415906,-0.265653730380945,0.009915561702394588,-0.0019427334293184927,-0.6487393164708719,-1.2519153484281988,0.07570346251288698
