script/wind100m.json
{"header": {"parameterCategory": 2, "parameterNumber": 2, "lo1": 3.000054539987559, "la1": 64.9999836372058, "dx": 0.5, "dy": 0.25, "nx": 34, "ny": 52, "refTime": "2026-02-03T20:00:00.000Z"}, "data":
[rows 0 to 23 of 52, columns 0 to 33 of 34]
-7.217088192709695,-6.844559915769015,-6.498378091576755,-6.051025586125868,-5.951725246877064,-5.919863332684587,-6.079908327899766,-6.67327702069668,-6.57875323735719,-5.808587487858774,-4.778691540563902,-3.925659832591661,-3.0924632804247763,-3.80184748721725,-4.401917698226604,-5.5971191208188555,-4.453742586166515,-4.048636313396191,-8.863175736552963,-5.740321615909133,-2.3130492745595466,0.4781190046408371,-7.703916899506667,-4.264302524941372,-3.679767191019254,-0.571839110068421,0.5660965934247844,0.8317118255944467,1.4144157905801498,2.377530250799352,3.7423493316054133,2.315098126029004,3.06389723837317,3.3883059973038883
-6.686496480987107,-6.258228819480824,-5.738027845911426,-5.298185102596175,-4.9683185299924695,-4.732657493751084,-5.15934356502451,-5.1309421106807624,-3.8328231526197025,-1.8487694190108075,-5.142067592591157,-4.488184061085789,-2.81422294988147,-2.6977972954641283,-3.1070843476704355,-5.03236139907458,-7.2489444981808395,-4.699879513187037,-11.411452767023501,-6.428739218298593,-10.177805973308336,-6.6152376228994205,-0.925834502613624,-4.776419188867722,-0.23415496956400608,-1.1142877858649058,0.14942870995980528,0.10438259089794996,1.1119648168107645,3.609255267269344,1.3708039993402013,1.7304137299618862,1.3033592308711432,4.380573843468364
-6.101041702321732,-5.5422058294138825,-4.878545186337461,-4.255704230490396,-3.98958271101051,-2.27237259361862,-2.3670478061288107,-1.5708022350849937,-1.0518807714826768,-1.1196810128374448,-3.67997063363253,-4.38358430025877,-3.5351465247936518,-1.1077889204004436,-1.7360020814630523,-4.086253355892574,-8.005132015979315,-11.662601061442931,-7.735027138396458,-7.569833686776395,-7.514740058066466,-2.1424661146836677,-9.2713850260716,-2.22384386777058,-2.3840372456872703,-0.24572355638901106,-1.1284846211311552,-0.08885088586078274,0.6513723147464592,2.463187553688306,4.227211728893462,4.0037878951726835,0.17587222872415484,2.609241587809344
-4.691649711575671,-4.0892270703350935,-3.8002585293901263,-2.996414044736999,-2.3599763414695354,-1.4324771536362797,-0.8823067768088959,-0.5702678031511306,-0.02804074291769255,-2.1145036411484077,-3.6263706905883946,-4.795398924271061,-4.7110710733391965,-3.071459614910075,-1.6452689307155453,-3.6034822186345314,-4.580484280967852,-5.988847436785479,-5.511483238743923,-3.4994168093089724,-1.1104958506109306,-6.573079892115039,-3.437473142107283,-1.6906091523210114,-0.6961236900226406,-1.9420438471236132,-0.7634819277102722,-1.1277327152110372,1.0245835742182168,1.358968928557727,1.9046022633210926,5.063751080979533,1.9980804242807264,2.617751796600703
-3.9482758523110135,-3.052334048025642,-2.3995040892307538,-2.218582587560157,-1.709677033339588,-1.4083403238289018,-0.6231927071269602,0.08616657924429826,1.235346144823874,0.45221256724844205,-4.44841753916192,-3.9772096710655807,-5.083340219051342,-5.989967732889555,-8.208883729459567,-5.33975083784737,-2.593740657046994,-5.688329922189927,-2.6244932493360995,-2.139473850580983,-0.367152865815584,1.3156299977445407,-0.6762412602268468,-1.5672599576673232,-1.0881973827897382,-1.6020269617736582,-0.886263967782954,-0.8687075484260987,1.0988173045836176,1.2021779742596403,2.599465637813334,4.129740703139536,4.041518844474104,2.7375328948816495
-3.812985373051734,-3.439154147445851,-2.838052299936288,-2.434190684554857,-1.8165430656114903,-1.5025540703352498,-0.7229502381598483,0.24396574566050616,1.6746902273007969,2.838231537907354,-2.717253298332809,-4.2222643597488,-4.577610737000742,-8.36147696022868,-4.082675364876522,-4.62522138604301,-2.0351446121267434,-4.571364229005316,-0.9861583257688308,-4.992487573155412,-4.4855157314671334,-5.084664207960518,-1.7093567289802112,-4.264878713374907,-4.259513676462918,-2.2993923947552233,-2.0412403920604842,-0.4214859306104152,-1.2823610909917273,1.8834402879610201,3.2272538212673028,1.2173667610755765,1.472922551905777,1.9461849695560587
-4.253937750857303,-3.888292607920861,-2.4283608634516978,-2.6103548063712414,-2.2299638073509893,-2.2159763282502842,-1.6931543177381911,-0.6717449356539659,0.626554184635224,2.0028069457438,-2.202947560613923,-2.447176242967869,-4.215089705793407,-5.521734963900491,-3.5494172945304263,-2.6336586351823144,-1.716530268092841,-2.0342751534610692,1.9492609299192667,-3.8768425777249798,-3.9001024277555407,-2.317177000167448,-1.7609584203996151,-2.8174289402691044,0.9558881093442626,-0.9825330309226086,3.7090993273416193,-1.7902138495946187,1.427140420415038,4.568461388941465,1.9613589929747954,1.9883024065294888,2.6718869145865303,1.0118320893837303
-0.8471642802896886,-0.0419288863622791,0.5894600054423804,1.6971116899651408,2.279014867476641,2.3614642224421885,2.5863187618585206,2.1259487134953248,0.8413230288977517,-1.469520960690719,-1.6207714906034865,-2.2891052400396976,-0.4006363190815174,-0.5587569946823393,-2.0887965583215093,-1.448753667222133,-2.1527236234902216,1.0424138523697861,5.073424346546906,-2.5266559954041474,1.1122069794243834,0.3462017496508372,-2.992438316757519,-0.34448210588321265,0.25540881579809777,-0.45751037597111455,0.42978733228006893,6.906910714507925,0.5487417511529328,0.5860329246509779,6.09291810729296,1.0720035879881926,1.4587923517852153,0.7494659399823403
-2.513661048099506,-1.9764266332281744,-1.2408650512728976,0.9460978611482641,1.1900777234719684,1.060188946975753,-0.0012417845715685352,-0.01702290924339718,-1.0630576496768491,-1.762288352315382,-2.3042861474894285,-6.278432187280057,-4.138336425980474,-3.521704325667867,0.43438373932946056,-2.605428511980514,-7.888563776313038,8.220657963499677,-2.2894862448733844,0.21790637412418173,12.68936244774008,8.10568515401218,5.074624404410177,2.3491919314616077,2.635752582906549,3.04086953940396,2.5318887286001166,-0.648160953380605,2.8232745583673693,3.4866773104332784,2.3993387239983663,1.9515966311136088,2.128754772318383,3.8735024539279057
-3.301638653986861,-2.6135432191157792,-1.9450138874212266,-0.8585880689790821,-0.10541040091667989,-0.29674585497005035,-1.0895239182937397,-1.7410793378738847,-3.7686310483457466,-4.0383926644979855,-2.5241040674830906,-1.9809140933898026,-1.7152387129704405,0.4158755394013012,-7.9306364909704135,1.1808703757387493,2.906033538519254,-2.2975380163154684,0.3341583122944942,2.877587760079469,6.493890373838584,3.5156984128751403,5.870436321964143,3.9230696535360012,1.1830297124811415,3.993039046404048,6.492938287515718,6.3155224144286315,5.289090027637302,4.240403671865399,2.168152712635497,3.769981153607685,4.755321457730919,4.5201859695171205
-2.5100551101659443,-1.7626015838696267,-2.0535204189068406,-1.8724831847035186,-0.00731946238109769,-1.1628343798591558,-2.263041210244531,-2.637197512743986,-2.5035743799039336,1.773873647750325,-2.4280753783432467,-6.276651434802932,-0.5863171261048243,9.516706049915108,7.513978280374758,-4.072225862996723,4.466580821582554,-1.9582039544818508,0.7154841859506593,1.883235184961891,5.36519284052295,-0.30173576785206474,10.613688846033932,0.45592615525941377,2.07763470293379,0.8926591967706307,0.0013423943481186665,6.008707443160686,4.308835001090625,2.9262416534343143,4.467318812262978,5.128001521069693,5.0116390479263755,4.875508798829004
-2.4634754112405886,-2.74906540381434,-2.6028349294213826,-2.1225839008244347,-2.0236126524861047,-0.6211059872641567,-1.0996568509628388,-2.0140266369241124,0.6474916791824202,-5.837140874374832,-3.59893853567127,-4.2141580178464455,-6.481895202475684,8.052306892201237,5.89872886399879,1.0768356942842556,-1.6203677907093654,5.851109151576428,2.2233612166354972,2.0805357548113146,7.260399464945247,5.564075753760868,-0.8616055438369383,8.393167313842625,1.5344314798126506,1.0536851750514435,4.5516799239776615,7.880565484538551,7.735405448049947,2.8218484813154907,5.9090620897330774,5.6513978939483245,4.9665948874089345,4.945196368308842
-3.3153955797033414,-2.817431306729457,-3.1423298531937003,-2.798830148080415,-3.066680207575074,-2.336666481234424,0.39105894344250014,-3.7145478691899148,-6.9349130085686435,-8.208483356784875,-7.697554082591304,-5.500177184647298,-0.7757988265141179,1.9618935125277657,-3.1030765650044967,8.848387598215897,0.07939968218467741,2.6796692819282173,0.22097435894384834,-0.6688410156692695,1.2399306489179367,4.964187835280793,7.53967311324857,3.9786934241922967,4.7524807365841015,3.6910354498392857,1.6928179592406594,5.832453542032181,4.356405077544251,4.211713200723381,5.637451377280487,5.344930970342834,4.374953107351706,4.105004403690995
-3.4148952421223595,-3.3411619965524397,-3.466657614792869,-3.318240248807021,-5.816880014013688,-5.117916949064868,-1.0241146455742587,0.32660192928211595,-10.88915300366668,-3.605958846653464,-1.1508623736747683,4.774048002389538,-3.7681029442444265,-4.374060121742806,1.3014114637406522,-0.4377540352476913,1.3540048374611517,0.9519669729962822,1.9556143886737538,1.349588808132764,-1.0638043435146862,4.257635354660811,4.971642105715009,6.342212501578246,2.547423826514477,4.336072571068117,6.24696884568746,5.814847708317289,2.3803202091355695,4.055643956823491,4.529365241378482,4.072552566777839,3.682993617551115,3.636768227535878
-5.140835607865832,-4.283355777018521,-4.555213023801578,-4.810625114449089,-6.585853930769358,-8.968004377767233,0.2774963849087668,-7.875534528439228,-3.8131087910038675,-3.9318524765705747,-2.7318749299247296,0.5188738676732403,2.5979344110804443,0.7532316111792509,-1.3683756316983509,1.242893853580385,0.3976112482557977,-1.0043663794669706,1.0488157606727964,-1.196563536388127,-0.6059215487909243,-0.9249987487865117,0.8385356195968968,2.3637465578402717,1.447942067416146,3.8139500820729157,1.850031744237001,4.553971696458471,5.480749620080757,3.614158660913192,3.5919325803966475,3.1918946227693588,2.994955113500139,2.7749834917473506
-6.8657034555523895,-6.349358583256172,-5.258699873372554,-5.79484848603427,-6.474382281848565,-6.5636246638106375,-8.67152457508754,1.5084487541305376,-3.8520597566344787,-4.605456365159293,-10.014717692539445,-5.057628740673188,-1.4005219777606832,-0.27916355579846414,-1.9742714493287816,-1.2047214940915856,0.8627337611663555,-1.5683431634082827,-1.3970123117357462,-0.7704577279727816,2.270454108266135,-0.30801311975298395,-1.4431818196583583,0.46571895140807895,1.0911617173857509,1.1816458988568204,3.403036755421128,1.4346301962604748,3.9090965809758615,3.1097983303706385,2.0257116903576593,1.9473930774393926,1.833514207428908,1.7549353934669438
-6.889582416211295,-6.211485517062858,-5.689828903931652,-5.21184329299085,-7.388794477026422,-11.195846827711067,-10.036588051683841,-8.813520702107565,-1.2741619265984057,-9.98212896493381,-8.445358106970348,-1.7054794285703998,-2.7516678793655527,-0.15474785014925657,0.46310142039716096,-0.016252270063826593,-2.749064968188217,-1.5679425534805014,-2.006113715957122,-0.16954417464528426,-2.012283800193722,-1.025597327979034,-0.9828518955887742,-1.6778854432937713,-1.0638241435363596,-1.2108604365026139,0.4450412871308041,2.007239404421742,2.8811060427704605,1.9877599034485118,1.0290997917313085,0.748615632823335,0.7802305230259755,0.5064091665007632
-8.490405003489107,-7.191125766411986,-6.353025368308458,-7.931104541832575,-5.216593630375809,-6.894884622125087,-9.168415105342708,0.0751713927342743,-11.299952184272804,-8.992387315176865,-2.7542585106533117,-4.400658446487555,-2.6485678816495932,-2.978598518697843,-3.0063071597815014,-2.512968294473639,-2.57002374143818,-3.943691675306768,-4.2993843666769065,-5.529849488660491,-4.12090343665606,-2.575454736918263,-3.56833923909022,-2.482157876376614,-4.263520668624018,-1.6406201303271015,-1.779413928766906,0.4548466989721959,0.46305502185704633,0.4789721252447692,-0.8446601198485791,-1.0151682623981468,-0.9966214917959152,0.13266721439945772
-10.480852562945278,-9.23815419194939,-6.813361212206409,-7.328586549484409,-7.585754609452701,-6.5285906299629985,-10.110254589005455,-7.033456203852209,-16.942343692722215,-9.225914225969447,-6.270796363906032,-5.430705739922894,-5.188812060815383,-2.2646273537204764,-0.36063002381411685,-5.328508543500273,-3.330940440172314,-4.755058144778699,-0.5096333089448937,-5.058417809618047,-3.4968686926379235,-5.548807179708402,-5.153442768250329,-5.022497748047229,-3.6636303684327447,-2.2095911737572482,-3.1790214393854503,-2.103487460358082,-3.1768193507766527,-2.371982029250082,-2.7082222358722587,-2.990248557454608,-2.4797807603422646,-1.8007787982384957
-12.705922887014784,-11.755392323474089,-9.470147009816511,-6.906684642948939,-4.006896577222974,-5.082980052552046,-1.2947424879049225,-3.2175849709551265,-12.477091554265993,-9.720073378554996,-7.566196448926797,-6.690746210216676,-1.6101778372934168,-3.694127369778996,-4.773166499004932,-9.404346237894638,-4.119111981412516,-5.508745454940873,-3.297588927329572,-5.407224022138782,-3.4129243905592497,-5.787424762808731,-7.991820926795349,-5.472652360128387,-4.48211426455679,-4.726915649181442,-4.13773215944765,-5.066792158489468,-5.097702002747491,-3.712544442469674,-3.990436466244741,-3.8895344582626934,-4.512938402074014,-4.352630105303606
-13.35218249485292,-13.879099861911538,-12.6426688837828,-9.77150564582185,-4.7668513219191855,-7.72679964583312,-19.90077852980889,1.3149702399575827,-13.623269657329482,-9.319050678547983,-10.282639842910715,-7.2623614218969985,-5.520619194782562,-2.479676734936552,-2.441073958134055,-5.18356334272785,-4.721296597525307,-5.3947961678682645,-4.937428864480057,-7.626871380722406,-4.221152382530557,-3.6950959580655494,-8.759319260925038,-7.744791090001292,-9.112481332761403,-7.371617056916625,-6.732577810785422,-6.710047987468061,-6.616994048855705,-4.681948965117095,-5.295188860287428,-6.1301583808077575,-6.438941591035316,-6.008081707531775
-15.36407885026876,-14.494585382611564,-13.934999974348967,-14.090955948732292,-10.608872291754105,-6.573877478207137,-12.117010619596567,-13.723719703391957,-13.833581251593143,-5.684859888678997,-5.308811700767656,-6.847612294608764,0.12517037899759165,-1.077221584582388,-5.946315528207264,-2.932777054268096,-6.624813210787867,-7.112499893204048,-6.761815981795922,-5.3321146413070855,-6.017395001642885,-7.06328332813072,-7.817604867723634,-6.300215314948089,-6.863460940035302,-7.417499211500894,-8.168392818879562,-7.9869479463295665,-7.691292141746248,-6.7202302597799495,-8.446106534674714,-7.078515135847622,-5.644731209723975,-7.113621758182864
-15.528016436642506,-15.927743361074558,-15.989885849689427,-13.479293783603145,-12.671457053030771,-10.717571609104018,-18.696380204158352,-9.899948866152519,-13.069850585208965,-18.830051041317784,-2.8768152018927955,-8.624574753235759,-3.8499539864816508,-3.413772348856169,-4.837275893291076,-4.859852242581657,-5.90924408878406,-8.106390934402558,-6.5441118524453445,-5.965825501212526,-6.687225078729352,-6.604471559391128,-7.034691543384623,-7.922405305554355,-6.281447966540766,-6.846827961224698,-7.614312890612532,-7.210288846103412,-7.923111167505229,-8.48589618126486,-7.933445210456669,-5.477774814106547,-7.0424366816599555,-7.339245389552501
-17.10652976643165,-16.24675050294281,-16.339346405065644,-16.088701170844192,-14.117363469841221,-12.728284585078901,-10.219927848022785,-22.987021568520706,-15.156241314003603,-10.345357061420632,-4.634391670383223,-3.21588090929463,-4.15859567391641,-5.04920992626271,-6.168852784330768,-5.968580362766633,-5.101029523504884,-10.361987834910352,-8.51629508531167,-8.158331899412264,-5.603085502782258,-7.712697523600105,-7.246671234024723,-7.435924621460469,-5.675431192259319,-6.712685825397481,-7.580597233546625,-6.966237523220407,-6.539814513137451,-6.5195513226602415,-7.08383838217043,-6.134800832921279,-7.765126987426163,-7.750639068559219
