script/wind10m.json
{"header": {"parameterCategory": 2, "parameterNumber": 3, "lo1": 3.000054539987559, "la1": 64.9999836372058, "dx": 0.5, "dy": 0.25, "nx": 34, "ny": 52, "refTime": "2025-08-03T06:00:00.000Z"}, "data":
[rows 24 to 47 of 52, columns 0 to 33 of 34]
-1.494871403925021,-1.9435312592078786,-2.945136563156658,-4.502881397572978,-5.6135702172556305,-3.1076695160100716,0.7525136505935113,4.694040653447292,2.520873058492237,0.04629014763869148,0.3572484873933451,0.09937745238339675,-0.729994874693745,-0.32777839940561676,1.743318509757728,3.501236121764167,1.5248133413069453,0.43237883069754096,-0.13595246628915889,-0.2523095442255758,-0.6699530750131383,4.170819286838665,1.3345173573366818,0.8107867242412118,1.1635407546856045,1.8008651980212473,1.9752971510181654,1.7495869276982248,1.866571327204079,3.0507045685574523,3.431877066203994,5.728230202646673,5.948320871722082,5.569564288370423
-1.4399671701593222,-2.498126989293405,-3.4191238047366705,-4.148458674092428,-5.75207734059216,-4.394024225811055,0.0685123577560311,1.1551579336974396,1.0334651694259145,-0.35229259305025995,0.07375338779273045,-0.6451733200552159,0.1505473286330102,1.8581058661105567,2.7709765655876324,3.542746323637724,2.3947715657297626,-0.11837075639188259,-0.10153719205240226,0.6888471297749559,3.0980395984808875,4.187072122140128,1.0826026565437108,1.4975469503561807,1.361325055108785,0.9627842378509658,1.4919772391675268,1.4946764240329913,3.3241072095799566,4.939025180401565,6.4143164282062965,5.869459703045419,5.564466273099056,4.215601562398022
-1.4821117506933106,-3.1399621288205273,-3.559869955908391,-4.586698220209475,-6.47874860163707,-7.533378562234546,-0.5042610931172744,0.3944541773422892,-0.32426187099265946,-0.8421054872091853,-0.2758944321877802,-0.30310648523387124,2.0463653029154725,3.349414268098749,3.457930081949186,2.499546799791899,1.2837116804747,0.37674572446344856,0.23906671005995847,2.0826907126152445,1.106311684791536,0.4622193225530107,0.887786216405166,3.3154221804583637,2.2648075511805903,1.5674723232583312,1.6660612358497386,2.5078502938416407,4.4273326335346646,5.524239401411229,6.275490953908929,6.0761559271856544,5.115687207019459,5.64344897290364
-1.4237019872297538,-3.155642630795365,-3.6979857436318038,-5.272443766751047,-6.7605527932035265,-8.18248704517312,-3.9736638782822133,-0.6945114765972491,-0.24209194725270403,-0.6571017537886048,-0.8812997965525637,0.8100295601977145,1.9548989983286416,2.8955510411192598,2.557151990292345,1.7520449940561678,1.3197072933394807,0.3675764626730565,0.5522310173104307,0.6715200848185457,2.3086001045907216,1.643013792714056,1.5889871392773929,5.210510018881643,2.093215655783481,2.049340740211912,1.5420083341768762,1.5187064195465823,4.302486284289667,5.355088885495403,6.041429618698341,5.930640612105722,3.1895837122753843,2.9723794090759896
-1.602557161478811,-3.0752245719681395,-3.9510697063918565,-5.2403192478617076,-6.639311321324309,-8.292413081978278,-3.663058067369839,-1.4833550982754797,-1.2821880944990267,-1.6232769376687157,-0.7872240450494145,0.04518422357707261,1.2812047784578182,1.7638251272805956,3.1439052911475587,2.43353188563701,2.720631376183318,0.9846580789429157,0.5754222260129982,0.9639863591698682,1.1400381773838864,1.7369263572801699,2.1529773613371326,2.386672341096742,2.160602962264665,1.502799806503231,1.380298451275712,1.5196761014501075,4.837371822789401,5.312335571229153,5.8291949246896735,3.794489203417082,2.0801505411899583,3.8089768933224377
-1.5802436432887341,-2.9592690235702737,-4.6438864545377365,-5.211231434292376,-6.837670119269786,-8.090057410383153,-8.332879080020467,-0.14401843824666918,-0.02504231708451214,-1.0117012137030699,-0.8835584422371323,0.10585299253581397,1.0254135013199064,1.1104500622475828,1.930053536761562,2.2974084783031934,3.8867200156560675,3.1627268250760165,1.2989401927611661,1.5420587141067736,1.8877690125218385,2.1737241565925487,2.432745378444175,1.440496852308975,1.73821938148066,1.5936885283423174,1.3356876932040764,1.367365975165244,6.924242242827804,5.346184219781056,4.7249696114680235,2.0317040083228313,3.6431896283407195,3.3067786858143227
-1.639250086202233,-3.061409531994989,-4.76030850775789,-5.61133138889534,-6.540061001854773,-8.688095249661616,-9.480602830841576,-1.5387684259636183,-0.08949375039358907,-0.4140611891601756,-0.891605693017596,0.13539943660486076,0.6009853722552722,0.6421145990029928,0.12758410998859482,3.6717454866817576,4.448247218899689,4.771736067235043,0.7875936756706043,1.322079585255373,1.2622316407708323,1.9466344985154937,2.537488041236143,2.0258332153980114,1.6547254971807153,1.2778053490633503,1.166033103577648,1.8229958475923034,5.515028919777894,5.61988979116741,4.668050256425379,1.3705342460451913,3.6924000464042885,2.101789509600137
-1.6363996916783647,-2.7591188784821368,-4.265561984841066,-6.023585957532943,-6.292757400497643,-7.725502692372493,-8.93289543529205,-7.252459675072408,-1.6379878818003284,-0.7550149890579422,-0.6202087037651893,-0.4309831539608006,0.2564423666041038,0.7954368521328117,1.4579305824742308,2.683154064951847,2.737456029599559,4.6850979266021096,3.5653479492049707,1.5658623206075533,1.4936310408138922,1.0084862388850735,1.9008120384765106,1.5456645317616897,1.8824129611942966,1.7853804715294657,1.2337544059686973,3.1644261896234926,2.138499610514999,5.156008590860396,4.699202697101375,2.168549560180557,3.1892686331401254,0.32249012819757955
-1.5594952804969555,-2.8077789651867313,-3.8688341252403444,-5.763060142544977,-6.102513496970564,-6.982314991315238,-9.149955397032766,-9.279650026937125,-5.279202510842668,-2.850703972893733,-1.0587219938693007,-0.6554210081926748,-1.1741676674735448,-0.6473603393943892,0.5291040561674807,2.4497192444862175,4.635322604444655,6.2455074381836555,5.728824968844654,1.1550707595054728,1.5706408848595976,1.9527827232994808,2.00076111257006,1.7851040639986533,1.762168532001539,1.581682473127007,1.6683753388078852,4.4524545304989855,5.246054223937676,4.930761142384183,4.071431416105721,3.120761264707529,2.5692801153426164,1.3861296981679918
-1.2067034406726431,-2.6598980586807435,-3.700230699120608,-5.191961365964586,-6.063969405854222,-6.4088688007428765,-8.1374323247627,-9.004234339269228,-8.303837297617005,-3.965277738350296,-2.494350638126145,-0.9429822197245507,0.8524066530656518,0.8187355463378299,0.8161248783108993,2.9645420218461713,6.944211130700707,5.610123480980105,7.888832953382828,6.125959239936226,1.692872942260765,2.1668283668907637,2.396229828697193,2.243847508364657,1.8307060338632852,1.9119504468299582,2.1075067196766,3.438883553777286,5.39360618103952,4.676644402421113,4.00184382815493,3.193089442029259,2.0167024952791497,2.6425322635574755
-0.5297353136870282,-2.527187837980054,-3.7502650428535595,-4.969176049059215,-6.127554609743559,-6.52341254679651,-7.222731419871196,-8.976281849171126,-10.20136583160015,-6.736836378915784,-4.088165314002505,-0.6189271401690275,1.1230406874969503,1.53931156302528,1.4293099353072223,0.8748029783853295,6.6807810710618725,6.7868176605852755,7.279818611691083,5.29042901563188,2.020783403429596,1.6780318097485187,2.2843735832726852,2.3441787948075627,2.507873394072543,1.896293389685786,1.8792702178504515,4.394492335019969,5.392687958212042,4.249308005960466,3.6233102262640755,2.3320404314556638,1.384526430502425,1.9799629491473274
-1.0047992166284825,-2.318165481807621,-3.767356452430817,-4.750553807595553,-5.838283347348947,-6.197138584308121,-6.9223187567462565,-8.111512632943503,-9.4725997260305,-9.640376387266766,-6.06037192015195,-0.06438276166509284,3.0036919185522137,2.0051270373117864,0.6314525734780633,-0.18079440900927496,4.844524395448152,7.536573169620561,7.00855163085934,3.147809734999857,1.8476223166613843,1.6621095312791327,2.2875321067782988,2.172547775359837,2.2417107421550204,2.5815719280447116,3.0385155457756894,6.147193321661334,5.079113520782016,3.762282925732299,3.538362792982282,2.3577457634452026,2.0245473792177946,0.8580630404944944
-0.4290881430730108,-2.0476893351828114,-3.3696849427143825,-4.553723813391206,-5.28804537003993,-6.228804369274602,-6.4156844751410995,-6.83368228757292,-7.558711276859616,-7.888759017770797,-6.380807445868671,0.5151534116056705,3.593524076317386,1.7441635961718172,1.1509875845995172,0.07816977453822693,3.2625073404855183,7.3005575411453085,4.285373668982136,3.49095354299361,5.17403474001111,2.3705904394152246,1.8044062654349933,7.288238828872757,5.1249997788683785,5.684364867480116,5.206282490649124,6.179369585598025,5.123901368099081,3.5709751881120915,2.8139245694788055,2.4144698198251473,0.6878942218514074,0.035252745924750896
-0.6002882031239053,-2.1650569467397163,-2.511671542283557,-4.069938074465983,-5.055382653315336,-5.586964876647373,-5.746474388480813,-5.965181650151398,-5.802852293569076,-4.406720053853033,-3.4180112686162456,1.7106687929979991,2.8294345538048433,1.683295401208913,1.7691485217192533,2.74841568332934,4.05462720760692,4.447142635825958,5.368768347079666,4.419113681382856,5.742437151957288,4.308364079684169,2.5400089593788984,6.9668986061795986,5.839950825038527,4.361097099803247,4.816054491765988,5.004150793788867,5.066590042311251,3.0270270069978005,2.943038779035723,1.912004964877899,0.6258946669326398,2.6641927125485982
-0.7117063403003372,-0.9595752551992351,-2.386727369945246,-3.7885457336351136,-4.806619405196799,-5.189907166218295,-5.456325725092663,-5.126033435242576,-4.921541565855354,-3.782040175583365,-1.683189117020923,0.32168548221407073,1.328403838900977,1.6793555294047842,2.156884564337132,3.6421640635988317,4.729910405761589,3.918459380569107,4.400190278940603,7.913243997330619,4.539676674621005,5.411066144193752,3.9831953009877865,6.092214296683532,5.75837198153246,4.670328201749607,4.976254428131234,4.84073514254652,4.210118109609313,3.4211735355542925,2.0247485095461113,0.02192510921164534,1.8950256517490702,1.6248249956080487
-0.8359524958711116,-0.6480943841620602,-2.237704662392185,-3.1060939617005543,-4.4464410111083845,-5.147904774731585,-4.7282230589169725,-4.76959774862397,-4.32662688556383,-2.8740602146141057,-1.7170021159989686,-0.34878104914852576,0.6816702983806474,1.3263454296276038,1.8560403306113082,2.364735797138448,3.9819676693008046,2.584088094982906,3.8634284710895104,7.196442585592437,6.371504339882237,8.832781657097266,6.2436947154922064,5.495038862275505,4.438784421955503,5.293467560103275,4.653128078920242,4.409309286245397,2.927572270408573,2.8901115635481993,1.1409260506852243,1.8296904967243404,3.0795758938751088,0.9185949348750566
-1.1924415204436118,-0.9593956669152067,-1.2944542429554844,-2.626492654746728,-3.720257279176979,-4.599229219807064,-4.38915159613029,-3.55066639565368,-3.5785013823561775,-2.984479997663875,-2.4988051682133996,0.048496798715163346,0.9853614244882163,1.4406885763806445,2.419964215235699,2.3735647677699907,3.168351731422147,5.099002717618797,3.8301951293069236,3.268056699046872,4.037520350334336,7.513369387832008,5.60936636067462,4.726671422394466,2.9634082773008723,4.231274629149054,4.053441750204421,4.244169839202901,2.7959742851748115,1.719677222990396,1.4219458381620302,3.08895528898042,3.1343400664359056,2.754949466765592
-1.2868533440010075,-1.2459509809277616,-0.41367017059164496,-1.8179845552706901,-3.216980613451343,-4.163822803508923,-4.58964053911104,-3.251261459175246,-2.1894594610820315,-1.7038304625249268,-0.18588808962884573,0.5674890839988145,0.7645587998286764,1.443270678083271,2.605911576102472,2.317597696286349,2.3644319406794776,3.171673246063431,2.8672515190165826,4.341633186018807,4.07693843222489,6.446626455433056,4.225873065002838,4.440552116827221,3.3204615953957344,4.100950264474235,3.686660292151518,4.5038194105744696,2.270347471722683,1.2003182174902132,1.4389349065605919,3.3182344789046017,2.011220336644037,1.964033371496998
-1.2453031330476647,-1.4091518374881251,-1.4744403541513287,-1.5779163731574404,-2.6756023147155035,-3.7975100216058726,-4.553809650984385,-3.646163265343649,-2.8256520979547113,-1.7293067155997635,-0.492282203499932,-0.05123998083487524,0.6437871463529614,1.2950376572709699,1.803798142610982,2.3067519514734096,2.286902656021017,5.549709229402079,3.4319540648498497,3.623399476707863,5.527549425175556,3.355660997629744,4.210217253684875,4.260863652735121,2.927157783847183,3.0014154862741322,3.3270084208665858,1.9272669731279337,0.6159152437981462,0.4426495109297078,0.7504773946310813,1.0200536087893766,0.8688605240500336,2.8174367119041506
-0.8955964589038962,-1.3363627762750938,-1.3794736837346324,-1.31616358757375,-1.972123381518374,-3.4030280371492756,-4.072802609511491,-3.7199899492957944,-2.8733356834425168,-2.686697754865861,-1.9268327323495713,-1.169038964340283,0.23052505838750734,1.211171050615681,0.732011260929026,0.9434667236763394,1.8608074515989896,4.1638937314223545,3.7055854908487116,2.8128287206785756,2.095062113323919,3.7429775725668244,4.114784701096499,3.4259587259984077,2.3739178049511844,2.2792414857951426,2.4525693329845715,1.3771170975898135,0.3261542896322333,0.07444915884282435,-0.07397326871201898,-0.09605274579691267,0.768113894892575,1.611419744317216
-0.2614141656057474,-0.8043316081899204,-0.39402608886937884,-0.8889357477679277,-2.037930569727464,-3.1326105461545333,-3.8296197035557977,-3.8093478127397495,-3.1237866479284655,-2.454570294867381,-1.5947194545936985,-1.3940490732518638,0.4551705875310407,1.4266701596711018,1.2698865657699205,1.5542584751398227,3.780442401128266,3.274124821916064,2.1663513721304564,2.090768190197011,1.7157291488725663,2.2202056898158173,2.5944395863985292,1.73612568940627,0.6983276637196753,1.371753152109503,0.7526576338225244,0.6430427558263102,0.4565933754902673,-0.19836062174422395,0.2173961548744519,-0.2346410589164005,-0.32956255235211757,0.6162738909790169
-0.21343103712794526,-1.2625704969555622,-0.5346209694900499,-0.7236665366539831,-2.003006936091259,-2.7039238754503,-3.823538026169539,-3.6466585045432303,-2.84722773616652,-1.446097076903355,4.040007366400326,4.00311711178534,2.423065041904459,2.62974240423075,1.3569108431416064,1.338997840422427,2.6600975757054033,2.211379779512287,1.9913243521052442,1.5652755234152413,2.0888956043029467,1.9248147286436426,1.7764768686851704,0.35599412028143956,0.1940311294749237,0.4075666907489883,0.5855955825162931,0.22848149181500513,-0.3091123273050539,0.4952234052854653,0.2686874670657784,0.3996449403970651,-0.4486862647288894,0.32520208305256004
-0.9493628540834038,-1.5580201976136554,-0.2615421048410141,-0.42152384563318523,-1.015620769505387,-2.1000194472475853,-3.2058299312696215,-3.407152566891616,-2.8395081067937493,1.522757180616857,2.2047709223406664,2.875568048551405,1.816456935596932,1.3072895701948437,1.7352214821279754,2.126200010688,2.042884856697091,1.8848347340041252,1.620382910872963,0.904895521886926,1.691075591356377,0.6983764826400896,0.14201137750020226,0.24743829244850743,-0.9548615565269148,-0.2627696126044886,0.023585189851358157,0.13045236426865664,0.6168486985573793,0.08860956856790818,0.3662403222207044,-0.6662581213385806,-0.768785836151659,0.7494407913021325
-0.8039351999298714,-0.9707888239755875,-0.18897182987267597,-0.4812994904222437,-0.4846767896976296,-1.0205900176344433,0.22668281585439873,1.1743725967540464,1.0117503449410608,1.6338022074549743,1.7852464081739678,2.3311276188624426,2.0773306789371278,1.912959760281861,1.3879639911360357,1.3606121314393516,0.9679907271636039,1.5068243762673499,1.2294267005501798,0.9644042921067203,0.5955603950251614,-0.33426639071470826,0.1929113679826216,-0.3189468105578813,-1.0619381020338583,-0.7428117330518013,-0.2655022823930656,0.12727583812292603,0.26838712813411286,-0.7022106718097821,-1.395328841091112,-2.916618157447648,-1.6147897656954853,-0.46554279763350437
