script/wind10m.json
{"header": {"parameterCategory": 2, "parameterNumber": 2, "lo1": 3.000054539987559, "la1": 64.9999836372058, "dx": 0.5, "dy": 0.25, "nx": 34, "ny": 52, "refTime": "2026-01-03T17:00:00.000Z"}, "data":
[rows 0 to 24 of 52, columns 0 to 33 of 34]
-3.3815596333189,-1.3110582731319897,0.31724065677152774,-3.974494781517261,-2.3713048008036095,-1.9525680784101254,-5.144009798570198,-1.0042527447671095,-2.1174739474929223,-4.198366484054529,-2.1160628150136294,-1.266446396011454,-1.2563204566270736,-2.9689596082985084,-2.2804823588238428,-2.520669456817909,-0.9171267091425821,0.0885488221363386,-1.8101264123557887,-6.0724694457926125,-1.9453574342849214,0.9980312683427026,-0.48209317606885715,-6.7613324114106605,2.6804750081694113,1.2025838199137384,1.2208274648185864,-0.3044456939335107,1.8134556453704025,0.2757083243239077,0.5403593267837018,0.8092272467616111,-1.2975296665144769,1.5499926453666104
-2.3045494110585665,-2.1026451296036535,-0.5167532636851219,-2.8661003517123835,-1.706482737262408,-5.5879460139752215,0.6975070206324103,2.6693216171848517,1.9071137145206112,-1.9026929177169214,-2.0697642969408876,-1.185274430271923,-2.6624783117017814,-2.6104657715852864,-2.673152922845305,-2.614809779819884,-3.491294139842737,-1.7979555709536494,-5.700625995336685,-3.45939658059314,-1.3504378508053614,0.2244256101489436,-0.652727407688213,-2.8587234119164995,1.40721191301238,1.2834026227927036,2.1933104655204745,1.1058547718534801,-0.8493788879319539,0.30636202852318456,1.3603918304285512,1.6294747528178892,0.7881682568920332,-1.2479934147000649
-1.3766794397075637,-0.5462310516700021,-1.3348008778395442,-0.9442262664542519,-3.2474737913961818,-4.528341917573803,-2.098048995320392,2.646656508650913,-1.0588146110995307,-2.1534022279260503,-2.041977545137651,-1.6242720974822842,-2.7573358022387757,-1.6646216337291708,-2.7539008186761884,-3.3471218243338265,-2.75307788845338,-2.355103099145247,-2.237211758352647,-1.105524080945942,-3.017090916585755,0.20019394442482588,-0.6397912742852735,0.39608802182994735,-0.8016597501332754,0.9911439055179009,-0.3722862782632847,1.7979669111913659,1.4351830332734044,-1.4117828188857804,-0.19073385095319928,0.24371685665590204,1.7312230089742708,0.9713030473689125
-1.214172351191105,-0.2637214615464626,-1.6966101876904418,-1.494452364733698,-0.03950121435647286,-4.339608254912503,0.30449910892464216,-1.302583355492106,-2.7054841238238594,-2.559722682086725,-2.4950865874164214,-3.746177289448212,-2.9890815182339385,-1.7060007690625691,-1.1947910017746317,-3.041552878485151,-1.3041846469180531,-3.1322029468579955,-5.5634577414527495,-1.3761273306979402,-4.814224918280992,-1.7657413978828371,-7.582709218608292,0.36190195749711457,-0.06502364355444877,1.0308077955452453,0.6845578447590359,-0.7911249044391089,-0.49542373291241637,-0.2941638294001547,-0.9536540355459969,-0.11738773821396704,0.08708709963232776,0.20811267110602696
-1.55524122311661,1.5750624895309964,-6.442177850674715,-1.3085325033235014,-3.820327140580912,-4.559423994853454,-2.316046130160926,-2.92144133766799,-2.724893647975704,-3.8972697060404395,-4.481171714021305,-2.5025363776470666,-2.7838197346456095,-3.0289958129547863,-2.624393528242337,-3.722376532940795,-1.6812530737665587,-1.5914134104241568,-0.827106025992049,-2.70604157800583,-8.194990159103176,-6.070580190376633,-1.0617241893200633,-2.851283051180192,-0.13247384667934337,-0.9024761220814742,-0.38928658508375436,0.9909796235974029,-1.166449912758349,1.275015168443729,0.2163709281530094,-1.8380485266779454,0.3323902829332912,0.6252576081642778
-4.409152409936409,-3.1915756230088594,-5.306904558710094,-5.7897433542446635,-2.389781981052626,-2.3888298754383213,-3.472976304739413,-4.241830765387143,-3.5249728078511176,-4.909855170535586,-5.041770826444995,-3.426198507498307,-3.5954009716450277,-5.015889111634601,-1.0096371787663072,-1.008789966801828,0.03496586300428842,-1.0506227700644832,-4.755344264115264,-1.6767045584622489,1.2028893518058617,-2.97234120269468,-0.391995842109787,0.511681395528743,-0.5583779789476718,-0.40010877241555154,0.08530865585946101,1.43444126038296,-0.700350677139701,-1.030691201824077,-1.7034274477695643,0.23984319036191168,-0.12713437610738848,-0.15901132455108416
-1.6811361551733353,-3.9729469212448367,-6.3760194745750765,-1.4655748321925115,-4.280709421007364,-5.000937278944505,-4.631840210870274,-4.049629584628452,-5.249205920810344,-4.452155517323521,-5.536813947946525,-2.276872618560606,-3.284909297689972,-2.000507810238401,-1.6312184319409628,-3.5306160761863254,0.6982221457269743,-1.0414242138633787,-6.164869559619881,-1.9431180673023905,-0.28008628935593505,1.0934922787316412,-0.7155531009554923,-1.115623863319646,-1.5667560079545846,-0.7222435008647179,0.03633490218470594,0.6556991108140393,-0.09084085030496074,-0.4240051294124139,0.017471089169099827,-1.3511588585879002,-0.8895087694108007,-1.1846226242299318
-4.186260046499589,-7.924501695633476,-3.8157738678192734,-4.004298525425458,-4.899994817238767,-5.633234107046004,-5.009839538964238,-4.958077965821046,-5.378724093579035,-5.420219215732094,-5.029456205081058,-0.5814378844177788,0.7064201316400273,-1.1609490329430912,0.04007104429810464,-0.7442975867057602,-0.07273617462936502,-3.552621355977422,-2.279103589851508,-1.1917196207677223,-1.4281696297586328,-0.1452452866917689,1.1046132178245558,-0.6922352845489879,-0.3531312916131079,-0.16333951973570734,-0.9246769857079438,-0.28262363289146514,0.3608958299147287,0.19193013677105544,-0.604522925923807,0.2827994578744986,-0.7402569829372964,-5.515844146296837
-2.4390606327151403,-9.844106925501272,-8.443939144280018,-3.3262007738260038,-5.113683087816124,-6.527339922906905,-5.520127659834065,-5.788187411896655,-5.274160336914472,-1.6411297055412752,-1.6488535598926488,-2.657997592780963,-2.15119662236356,-2.8096388027799306,-0.9449160689022948,-0.626274586926738,-1.1431205148342296,-0.9349961592390273,0.795628329560083,-6.5753417052018115,1.3283680197681909,-0.71277297730606,0.1530666001258194,0.3322738275446444,-0.2392915475475616,-0.1377278772206737,-0.2412016464731631,0.3257279644740834,0.4461742979285295,0.6220561826297768,-0.6023763418161128,-0.9992614715581787,-6.472327847422473,-11.348366436282339
-3.249148738929559,-6.25281241453567,-8.421280287279876,-4.708979499730003,-5.747335202776224,-6.462977773830185,-5.33023868913656,-5.037400708996177,-2.1247163384451815,-1.8737620606003704,-1.5126207984550517,0.18239629019859213,-4.866102729680416,1.2997684161928578,-1.054815532063687,-3.7368201460061283,-0.30295937637809695,-1.733252975117322,-0.2755404276932221,-1.7700106664786077,-1.8715355158500868,1.121763007799462,-1.4321635152169536,-0.004960340270168641,0.579933671711051,-0.5083849367695247,-0.022020560156041147,-0.5542929054485037,-0.21734930210428657,0.018250096796349848,0.12203847041956924,-5.235604433229664,-9.938041407315767,-9.455280302235014
-1.5117787440396502,2.6023379095193815,-2.8956424340504623,-4.541773747956583,-5.562062642742785,-6.019708243522559,-3.3761514321473673,-0.9780483135160762,-2.978782580274347,1.3190056918226372,-4.827146832144933,0.9023062157863332,0.06269620586075483,0.42745006441984856,0.4255858485301836,-1.6368918286290184,1.0303309179068023,1.2476293609366615,-9.663798179846484,-0.5306881724063781,-0.9389524835670991,-1.116175419287481,-3.1042371375320665,0.4520038932711105,-0.5429547183233702,-0.45491543783146854,-0.3902223230760682,-0.8480748083062921,0.8966627011587975,-0.9761176238343795,-2.4899936888532572,-10.488715501551107,-9.768916564251123,-9.295561755460842
-2.0700796404001673,-1.2631796189281215,-2.3547302718932563,-5.2681497175374385,-6.039775045528216,-2.0611600525775375,-3.1585069384279545,-2.154106913289186,0.2386617121125555,-6.211870708600571,0.10939664194870476,-2.2533566207150986,-3.560609046595237,-0.7881962489785934,0.670885916453417,-0.19392837731462914,-2.584374905296269,-6.978478633816032,-3.7315420286743173,-1.338485810421479,-1.9231277894476573,-1.9534036655342129,0.04172254025374783,-0.8748954293721443,-0.03804691250380979,-0.23611276055275696,-0.2628876925057983,0.3083096274742819,0.024508320003607816,-1.2550068123692073,-10.13472332283584,-10.502989667568844,-10.56414270611859,-10.019503101078527
-1.9395780681734425,-1.9861852827335804,-3.869232300617043,-5.691895150145546,-3.2524415987771023,-0.6110644105489568,2.183816373640463,0.15639791180778967,-3.212743569657288,-0.03932193932362456,-5.687644997249951,-6.018776334518311,-3.0078088125064046,-6.096468486680603,-0.18474846838809514,1.786860621589508,-0.4340560605659045,-1.1178201886242933,-1.3776127018937512,-2.744820106087388,-0.9940778110079737,-0.5449717797870313,-0.7965130537342318,-0.33502965849081134,-0.052114968910993854,0.0628842855444933,-0.20771468080976413,-0.49029832464493917,-0.5643674312712335,-2.84448736109097,-9.644806386636875,-10.369695647788097,-10.163638214789533,-9.708698011317212
-2.5477401625972496,-3.2048796039717526,-4.681381950536716,-6.106329284151858,-4.012519637068655,-4.624534646528089,-1.648522597766477,-1.0548681799387245,-2.231976907543269,-6.299770975575417,-6.606128869347871,-3.7813147101620466,1.0480551523407744,1.7047055303123517,-4.581851040941244,1.274034384551337,-3.170291190676337,-3.520018223212568,-2.7351853796565533,-0.5706353389139455,-0.19436013508698652,-3.0779502270632553,-0.8992234910254948,-0.8992770919945395,0.11202098226022246,-0.4642442421696344,0.6099673044253134,-0.49440065101424524,-0.11903524726630735,-8.563723425502763,-9.533905698324888,-9.382270310129716,-9.39395963865225,-9.487788410022706
-2.340755041427605,-4.05214508701812,-5.331544601196491,-4.420832995264995,-2.3510871024151,-1.3330501377437383,-0.12209746183434901,1.0158925059233817,-7.005828679136915,-2.6422687405839294,2.3243612622576095,-3.519248183742687,0.6527399118140921,-2.0109719546970055,-0.18188995648900405,-3.9526677903078404,0.32430127205438875,-1.0795180163060594,-1.3905014933468072,0.0334256588715812,-0.5213937780087335,-0.5658430791731709,-1.1419250282811266,-1.165626831394359,-0.26127555382681045,-0.5982169554004834,-0.5064978112944227,-0.16559268327265786,-0.30516186362809766,-8.87179365119512,-9.116197139888047,-9.114104283260197,-9.296411499686092,-9.065178121054267
-3.268702947173904,-5.661923888403864,-5.535267435730398,-4.0386251416049275,-1.154306568527693,-1.0148774111863703,-0.9968174046539364,1.123205960335615,0.5237353993922441,-1.4910448926768929,-1.1322552303912614,-5.793936061013334,-3.01420566453786,-0.7404061036081795,1.9688741202123619,-4.176612536192492,-0.8555137347882202,0.4277134750612804,-0.21147349449350025,-0.5459052990431107,-1.9540359950611121,-0.41335876718386566,-0.30194366717433424,-0.9423104121557112,-1.3765784335866054,-0.8017475724028291,-1.0982372618714276,0.3157761238868637,0.08667028236047855,-8.290470891243142,-8.620395977522811,-8.645922547345155,-9.296120665272385,-9.43668111591514
-5.165794783104116,-4.63832047720409,-4.878705079438457,-4.245187070440829,-1.3609834657029185,-2.377495308245342,-5.3389342090277925,-0.23658942226073457,0.5315196277506965,-1.4268785041453085,-0.9072634343504135,-2.694635695568423,-0.4803421170577262,0.8909238624385769,0.3917508798819405,2.441268700092966,-1.1819878198045428,-0.16477209244744898,-1.722608259795322,-1.7136006483138317,-0.9854064065302884,-0.9906574038901631,-0.9239455421694964,-0.9069002310331894,-1.2540903911605712,-1.1673735888671317,-1.433899861218246,-0.26039652689160336,0.501757048372538,-7.755178421572089,-7.939350325556226,-8.718814842530914,-9.544411089848934,-9.566837367337365
-4.741670696019392,-4.2417254230556125,-3.5309886024575174,-2.6467268042159255,-0.3383745851352927,0.9017124430516172,-3.156147284206415,-0.3140016158597804,-4.084867503019937,-1.3369800955154358,2.3284629391029035,-1.2331132427527873,-1.0526520570808522,-0.09235457204576035,-0.416670502004611,-0.7494881119777379,-0.4486406175044067,-0.8918888494116349,-0.8666686815579551,-1.297942658224472,-1.3545165468545028,-0.6333231197406378,-0.9989832643444466,-1.6772363474727954,-0.3549172482374782,-0.7874389365137743,-0.8365464466208252,-0.26209301961990333,0.6410444432743616,-7.1041324451987045,-7.892858199457568,-8.581445661522746,-9.387708980058706,-9.70869951703839
-3.795823097271646,-3.483986087845397,-1.8562275557950272,-2.413718684968437,-1.1251455033948312,0.06573881510568805,-1.1412180128697975,-0.11059934509374808,-2.381757887754864,0.34744040641133705,-3.9535933069618245,-0.17653795989304708,0.1431404997915712,-1.7317842785700674,1.2100214585314137,-1.3202234490941123,-0.09392617847807033,-0.4276411860194561,-0.2270190800392929,-0.9565722807796034,-0.8424251695775341,-3.1147001472404345,-1.6627013319563653,-1.0552334685530453,-1.0443835138482458,-0.4809760643289235,-0.7647234734022695,-0.8297839858313204,-1.8046473065121122,-2.6455151856369903,-5.758047517990798,-8.198243442831682,-9.308703016658228,-9.863148514294064
-2.904904972711727,-2.673893285513259,-1.6290909765924344,-2.130854321632351,-0.3181867561486834,-1.2316056395718307,1.7513183494937112,-3.336486334530876,-3.4973851274966536,-1.1303677909226384,-0.949330549229303,2.095338466355265,1.4529446966552968,-0.4841235869230965,-0.6257821769086589,-0.36185072737431273,-1.1412213271426872,-0.7196913507832884,-0.663761765361715,-0.5876974633965718,-1.145918342335912,-1.3774547141730835,-3.030063203643682,-1.3257589332816133,-0.29627223958824156,-0.6748556734381612,0.11098798206581045,-0.5879476386081933,-1.7231069188166033,-2.0399280572546687,-2.055783941935743,-2.922748925920448,-8.706364144770655,-3.664732108761844
-2.203074083837217,-2.3030072592418493,-1.9684556317548327,-2.6271307289650396,-1.2172665516240235,-0.890993817879,-1.4088458121373173,1.568999566071242,-3.758023092283662,1.4668658219039805,-3.30800723047547,-0.1875268815683358,-0.7419389375598849,-0.4489757592847243,-1.569159969056534,-0.9377981917372322,-1.8739157441690477,-0.5142805088001141,-0.6798446099124124,-0.9819910337284509,-0.7815515540814123,-1.0111839610144404,-1.8933183983216053,-1.5918567878122034,-2.133759039643399,-0.5584437066994052,-0.5937286173079785,-0.09239931194275951,-1.7580533769199378,-2.468135579681562,-2.4720228910281015,-2.2045145901486363,-8.35657971702801,-9.622877439003172
-1.9776430590556986,-1.9577745191275338,-2.0215888066751933,-2.4377046527352024,-2.4027309225232174,-1.1992991884498263,-0.7254136334542052,-1.4581808213178264,-4.040708098633043,1.8592321093931519,1.6818764580362098,-0.11431722424372291,-0.06197900208506021,-0.4293804396400079,-0.6465801644942387,0.005875480367492969,-1.232281174768234,-0.8053153093845502,-0.8592330792110745,-0.37977718680138545,-1.7345308609911452,-0.5965455619618872,-1.9049730754353102,-1.1800444627656295,-1.2096408091766255,-1.490813428734925,-0.5892458822168746,-1.7432951232407339,-3.024915396492934,-2.853297471966242,-2.1096877911214813,-2.748659323868348,-4.2465162659128834,-11.826757796571217
-2.527666412081117,-1.8253064843195337,-2.2127370626097287,-2.590047006562449,-2.9287796370314134,0.4451713780466929,-1.6437905706846234,-0.7036208205022606,-2.580464301464714,-4.709828038558408,0.5921222598736858,-0.6554078463549103,0.4700247685597713,-0.8643793688571649,-0.03455653569216729,-2.2457208871014562,-0.8129433586257636,-0.9531861517980964,-0.8954949929239546,-0.5664077313804496,-0.3717724005923105,-0.3208521048904711,-1.6784590505983512,-2.4789736188088285,-0.9063438412092027,-1.804523635702799,-1.0569621580537283,-3.015774015857769,-2.3849670959440408,-2.534029901948775,-2.7243108115833983,-3.9878975736728597,-13.880116843849672,-14.08574915607486
-2.2953335232637055,-2.0153759046323914,-1.6558566502098846,-2.590113708460664,-2.73030912612161,0.23223469558454662,-0.46638647953302287,-6.790020739589175,-2.728183363476311,1.339197834445913,0.4049311410665333,0.19886488182085535,0.207671165468477,-0.34167628815936707,-0.8409466254187153,-3.437939893382682,-0.9944365681534296,-1.0145354057519334,-0.2821038368891614,-0.2522849849554515,-0.32242716053535647,-0.6585514155467667,-1.610442661995649,-1.1779807615749267,-2.266228635206177,-1.0376645996033387,-1.7007243276317734,-1.131512697249735,-1.1531442458710421,-1.5836240167358355,-1.8021893119329366,-1.656785927059721,-5.614471020191306,-11.743666951856872
-1.9171135254038951,-2.2401065844040495,-1.496664113927346,-1.7674102529667528,-1.8924077532788344,-1.6896503206960845,-1.4003241698612312,-2.117602991142529,-3.4916884780345074,0.892968058683159,0.638226247530698,0.491052030533299,-0.42355812589169073,-0.044174913199644034,-0.6085760168436518,-3.2669637262274267,-1.4483402086847696,-0.8575758494170722,-0.2672957779054534,-0.014629061519764237,-0.5398442190883702,-1.5437427767028205,-1.1786128054479517,-1.3116115855567179,-1.5213894050674064,-0.4382179365543527,-1.4806627662518748,-1.6848724065832181,-1.1788773800331878,-1.4662427765234674,-0.4492579258059214,-3.3037946658351194,-5.365455897920487,-4.998393190722485
