script/wind10m.json
{"header": {"parameterCategory": 2, "parameterNumber": 2, "lo1": 6.000027932988019, "la1": 58.9999434238085, "dx": 0.5, "dy": 0.25, "nx": 22, "ny": 24, "refTime": "2024-06-13T19:00:00.000Z"}, "data":
[rows 0 to 23 of 24, columns 0 to 21 of 22]
0.9813966976468491,2.5130808174506756,2.7845110020654364,2.1146489216578326,1.0262719730226006,-0.22101492895341615,-0.3994773008982997,-0.4015155975001678,2.126619746245436,3.433450320324529,2.06708291652221,0.5545483586507068,0.5732621172968144,1.2531734789589202,2.1539549284165895,4.740767999284961,2.6088181189478203,0.1449342193143279,1.016508857554331,0.6025293447631848,0.11063894411175992,-0.7891921337459311
1.6869604201233876,1.9660214099933937,1.859667077459911,0.5160173542218714,1.9831100681781433,-0.8074896763178306,0.6499539973557217,2.2826335254723418,4.541209305580354,4.2854095381802155,3.4187349501230244,0.889673060696263,1.2809771919498916,1.619200862722727,6.084270238655253,3.9606188245642104,1.9208102337409962,1.5426179480247748,-0.21549252208199063,0.4264833636348294,-1.0174396635388356,-0.10844658880599964
1.2675092774330017,1.3270684883933408,1.4604690601921009,2.273874268446789,2.3788757255270214,2.5764761521743695,5.3023182212413325,8.680280531567245,7.65815146756348,5.063172810846427,4.829428183811946,1.3562764229664592,1.5903601734584463,5.185169566247222,1.4226041759798178,2.290609152768736,1.722838464479362,2.5633402092377477,1.2606929038428478,-1.226716743603914,4.472672489066865,-1.108031918724427
0.944510338115525,1.8148605284093835,1.934149579967332,1.7596938693362072,2.151359341907139,6.8980323762105185,10.59848035087351,10.827036161875021,10.138321403664621,7.848570204558315,6.895310893916532,3.1105061678460517,1.9378183943186436,1.8019116260442951,1.7935072144598903,1.5085974695742208,1.10788242183055,5.211366622825771,0.9697847389177432,-0.6767693496431024,0.7998501215778914,1.0264511742254114
-0.886813777756428,1.2827730956870016,3.333985968053625,3.7915008489872934,9.037975522753502,10.000025461044888,10.512768828029841,10.36254329861838,9.411595946413465,8.294150510174571,7.470347688573616,6.252230267493119,1.4709461244532667,1.2875380374536154,0.9698171619638472,1.3018273173779742,1.0026181594511427,1.514927078819262,1.039396758783846,0.7872102249158206,1.5025581095450478,-1.054946223490101
1.0992753195591984,-0.8632390844827308,1.8773174672311073,4.595653065041397,6.032716385485759,7.336135862706395,8.143787483874517,8.550938658800149,8.492250160746787,7.299218316433137,5.703030427497538,4.868299843245846,1.6828196944777694,1.049309281048039,1.1270728658939524,1.0760218400398613,-0.045864819313450676,0.6554159513155193,1.1222914262746244,1.107526993690972,1.4715516800933905,-0.19886196434295744
2.145113279493026,1.0128207620091558,2.5486214757148,3.6694257064761135,5.2044925867378655,6.355264038175752,6.721325152569621,7.216269166677153,3.4343637496397026,4.429938779971849,5.645022390808145,4.789172550239714,2.0225483123135817,0.9208556463869827,1.4595227227269432,0.8557882762393656,1.1794559280396484,1.4220355764593031,1.9007503980663794,1.7315763920606293,1.6563755187787894,0.23927857445931613
1.5117589682925738,2.3382163831278753,2.9705509377280173,3.5075369185146226,4.53072342641981,5.513150319869246,6.302926329158035,6.5795111099787364,2.7127003450662044,1.887854522587088,1.7171231773735207,6.094591971222785,3.813794802308796,0.28183786212384443,0.7713259326140006,0.44161898059635574,0.28928529844660295,0.9562606951082011,0.8407852657703748,1.686439616084277,1.5538250382774026,2.3782376302861374
0.2601150001995295,1.6391369949330759,2.804305414269312,3.9277149198900876,4.1435901663788,1.6485370833040573,4.86625021959892,3.3842783623098995,2.714356644552869,3.9518171524885854,4.957942276036422,5.494577693952758,3.2559601694278397,-0.05423102663135741,0.8328949907028482,0.6663180189242388,1.2598534401640025,0.9510706629036043,1.1487132409834435,0.2073919560371302,-0.9434137328160865,3.199896676325331
-0.9509708058869955,0.46326252158949854,1.8421357901998345,3.139225237252653,4.122633869824394,2.687631973788468,2.4372132983859727,2.2290137116798134,2.33953473554044,4.619274336392294,7.1408068849694875,5.149756535640683,4.601823755411126,5.041728965765436,-1.0023191380982166,0.013702613962365046,0.5918696364063842,-0.23030826507882773,2.0327644362155586,0.8654081721998613,1.0606703059072915,4.170393082897323
-0.8298085470170597,0.3016646342691047,1.587493790573699,2.7103008724183817,3.260171538703012,1.1756825229766952,1.4018184205180122,1.8610408480560587,2.3530603897575575,2.4114544742073547,5.548603827835817,5.5096177422754264,6.325877277053338,6.957559787363941,1.7240930403549146,0.8263050651752529,1.5712999292596979,2.1059677940771326,1.4588375033885084,-0.19925686178054985,0.72697363925622,1.323631133390714
-0.3019144593212454,1.198839094499507,1.6374466705921256,3.303077398508051,3.093029778121583,0.6660092815047468,1.4596491838343382,2.0012677753635404,1.8123725737630565,2.1004805469374728,6.318636192456654,7.313859311274694,6.919382583094671,5.372794384331321,0.13337206314499883,0.15996266045464344,1.407557329354914,1.1351578474254056,-0.01935425658194301,0.33444735559013156,1.2661428351225341,3.9046581405300085
0.12435634180190128,1.0080754229029596,1.4733568564660786,2.432469284322436,2.6825155501029645,0.16128388683462272,0.5910737987354958,1.367660440966929,2.1084740259720522,4.292467570660128,6.128890973321322,7.040147057095024,3.013529848108838,2.676379909834064,1.7885053794334926,1.0960602787073672,1.5472044168161512,2.201836128870978,1.2103015104037531,5.4040308447479015,3.804959210425903,3.958706780787733
0.8757987970950905,1.0030810350011332,1.5921027614672403,1.9044399585466665,3.16461816875898,0.47032843842502736,-0.022362066463925523,0.7177367569370608,1.432979173782412,4.89249836826381,4.898146544647966,2.6627464217337384,1.9641089883666165,2.2981993717192783,2.7704076062098464,3.04910472074033,1.4861192095423699,4.094602917485972,5.355577195096451,6.303599351638786,5.90741377976502,6.348334579684359
0.7931749718570916,0.5904840938531555,1.7359723493367205,2.6138416914615363,3.049471337171698,1.4616860937685063,1.044230289016832,0.937661233950331,0.1814461769556675,1.9878922919769695,3.175670740135063,1.1401689342229429,0.47592887140750906,2.9790024970094473,1.7276710854444326,2.4185461052851225,4.917619625157571,5.541618338232599,6.134552170641262,5.538639555956107,5.411511414772632,5.050246706125175
1.3363230565751456,0.1917695500868726,0.7445072232076515,2.018815293586362,3.5002747978863953,3.0514003819794344,1.2572664086974898,1.297746377744147,0.9953923196543573,0.4145573143792665,3.7097744122246903,1.5199957012904608,2.0884274716916154,6.007910595440563,2.547385098003144,6.240859655005832,7.028270958818974,6.282026423142345,4.8685033163887725,4.518215072716404,4.905032917465093,5.766773637463319
2.729228059484113,0.3241945979421631,0.4060766011042224,0.24769942198878592,2.8910619752826374,2.601228793357021,0.6391278061106782,0.6895074395391225,1.5186143984814395,2.4915433872621224,3.797436093730914,3.5587786762491493,2.277404151846937,2.2262045974227984,4.371753098327457,6.025560614722173,5.700997619934763,6.218184231279885,4.307185753199296,4.257365062189537,4.500150364206416,4.615343638051432
2.15475808493411,-0.1663043405648817,0.5409756531756955,-0.12338450116549447,1.5824431377814645,1.0929965291523245,0.6567272950511109,0.6428729796025872,2.3498556285532155,3.538584133905268,2.7513475803210152,2.1483916025928793,1.4048184290640937,4.506583050356546,5.837517548854613,5.404966037316285,5.5161008431487195,5.158684791548347,4.911583087972346,3.231685483581239,3.365028377210812,4.717850040250613
1.6718461295279934,1.968870355411686,0.09641226554525667,-0.2559484841128206,0.29778522202975444,0.4572501989031889,0.10670756486402153,0.806202024958446,2.286942548308732,3.4876107625733987,3.5109315030686923,1.8926696256070052,0.4836718872415595,2.2252379556306656,3.565745989378342,2.207469786084664,3.9573812232415917,1.7255184419183711,2.2796412971077,1.9616347528227243,2.4096913007446386,0.4753438550498881
3.099343197281315,1.652320194561518,-0.538635878070283,-0.9925958268755395,-1.2571760016301916,-0.32016736128503964,-0.4227547172045382,0.21475511072211725,1.175697988100769,1.46009074767759,0.7676714692448735,5.332525003428069,2.8050073850698416,0.43098666205320857,0.15457799892941,2.23447401585312,2.0060098326415754,2.640455379203827,1.7325621857901914,2.1559816857214127,0.5254282887231295,0.18927220214359908
2.4864899387636363,1.7176066872101803,-1.4356556182604654,-2.2389805474292834,-2.440595111393194,-1.3414400596387632,-1.602579827636345,-0.05985956767393658,2.1300243433867627,0.18495236831740522,0.9516145448748765,1.0010752430106125,0.8214162643192254,0.19453704021254328,-0.9702611737682638,-0.45739423338096913,-1.4223655334381022,-2.3245426249184407,1.2446893457673167,-0.9112634309068501,0.0007397239350694136,-0.17393417119443288
4.051992300491587,-2.6271220731868543,-4.409518407440225,-3.0044797742402785,-3.3618762045468507,-2.675947356024253,-2.013955884145377,-0.47178679948225155,1.0408596756875674,-0.516754581357856,-0.580940396364057,1.2939669518844883,0.7829255561115058,0.006046372432686061,-0.3749625690229112,-0.59563113357532,0.6581114500192273,1.3815151692285175,-0.46507492099859654,-1.333242724030091,-0.9453969468842737,-0.7865576159259754
0.9901489459671,-3.438181157071768,-3.680601888230346,-2.273902735785777,-2.4376523566950046,-2.8979427528918276,-1.3708238667785853,0.09257639284030289,-0.8913374850340633,-0.8905142600441827,-0.764764615338637,-0.3177027469547123,1.2570160391844252,1.2022712664078585,-0.4278096632705238,-0.9275692356655661,0.04906118413836849,0.03606922010541896,-1.268719825205942,-0.5376341901888039,-0.6358742498622851,-0.2389343141285729
0.8887364786769238,0.254014282020646,-1.0843794541690888,-1.151368575214645,-1.0451518588279056,-1.247084634264048,-0.9358210525091053,-0.9860215645270066,-0.8224045830214316,-0.7879232729957415,-0.641067067342022,-0.5636212279777439,0.5813756590892235,0.20402290046552798,0.20653734623820472,-0.784822152257581,-0.3717376158144041,-0.5922785866949039,-0.8136629409846672,-0.6765526782567017,-0.48166838788141725,-0.3133534147503647
