script/wind10m.json
{"header": {"parameterCategory": 2, "parameterNumber": 2, "lo1": 3.000054539987559, "la1": 64.9999836372058, "dx": 0.5, "dy": 0.25, "nx": 34, "ny": 52, "refTime": "2026-02-26T11:00:00.000Z"}, "data":
[rows 0 to 24 of 52, columns 0 to 33 of 34]
-9.101071197738433,-9.346040975417925,-4.875211993070294,-1.1490880327706785,-1.7534701404256225,-3.153599330753025,-5.15464607256477,-5.790818710549484,-4.583119612702695,-3.445267777737299,-2.810450316566829,-1.90455091956953,-0.7514693466436124,0.09938759711030522,-1.26322901293166,-4.126091491410803,-1.4273386207920953,-2.77981550769018,-3.139033011209678,-6.2432465552853404,-2.2636068708023793,0.5823775517116652,-4.395876823766825,-4.663994414823549,-1.9299658889282922,-1.7266131167179222,0.686776740665456,-2.432941426130373,-1.1030118786242828,-0.11068627946729004,-1.0620556157591148,-1.8207607706115183,-2.1029837027091998,-1.0833960622500656
0.3140353003204507,2.330358098377986,3.813823172396809,4.813196615183881,5.702183567656156,1.4148237816399818,2.45786376074273,-0.5116003202916826,-0.7849857225625267,-1.4214337853002879,-1.3964234934647881,-0.8454329760337664,-0.10073255331428108,0.7230941734535381,0.49963356106718776,-1.7011411699932408,-4.030843745964367,-1.8058271743098349,-6.00132853314882,-2.8311226351833727,-5.219804765657976,-3.0933367915464745,0.09174668065117934,-4.599712808309231,0.3037271382634791,-0.04333695912936947,1.0236497967620342,0.23610654093556988,-0.3174540117369147,-1.1237943952014804,-0.17818829372844922,-1.177447831013707,-1.6631960242167576,-1.66919600870377
4.698714864226233,5.318667933642854,5.48346807105278,5.655162137784921,5.142797846077741,5.4486743913376845,4.350114411376595,3.5324307369261274,1.7537389458597878,1.6843079362562978,1.7769595735749044,2.3179963190840294,1.5281883009266781,0.6006544748198693,1.3687100124699307,0.2578651620083942,-1.5321720301930248,-2.413981880798148,-3.0646552952107795,-2.592942949657479,-5.086421874803983,-1.4547983798925963,-4.8482416560791455,-0.831658283924317,-2.3976240758398513,0.6155626729135472,-0.4558947491285063,0.36200058634865057,0.30469088775385916,-1.2253034110593066,-1.057416801119951,-0.5335121443584886,-0.8450915111986094,-1.8780678910724824
7.936907255927856,7.148984541995677,7.21004199014331,6.528491816177878,5.5485335435187215,5.513582151276073,5.407113939230638,3.1880128648889325,4.0152280724494,3.2450349906395988,3.396188158344233,2.4540874395671173,1.9886451314853473,0.8300853554189459,0.09300956067607145,0.3182040278022446,-1.812101849399426,-1.0458903660582577,-3.374884170078023,-0.3586553112192474,-4.759537410340093,-4.066911836474473,-4.075490492540928,-1.2030841123115439,-1.110708343839359,-0.8371868052162196,-0.8087237494673436,-0.43249519505095696,-1.091063827374487,-1.1638664446446716,-0.8084482323634594,-0.93654184964209,-1.2261926542916044,-2.17715902902509
7.376628466280785,7.158725706609843,6.511648883040669,6.294254051709542,5.665886976202865,5.821492025759739,4.7814675812879175,4.060310208740905,4.793588395548971,4.6280984884694165,5.025805070566611,2.181046800230133,0.9289828853985805,-0.3235909925970473,-1.3950777548682085,-0.004861382451277354,0.29769285732419115,0.43260857038705913,-0.4446293868049489,-1.9289666540043173,-1.2161822153626376,-1.8563160935376317,-0.7002244287755237,-1.6367491976914665,-0.8917584639537176,-1.5249934797366098,-1.6356747732540298,-1.0732950964636987,-0.9918006401704897,-1.037711375876928,-1.1377292463374216,-1.9316034000916193,-0.43611471412274794,-1.2999845992078742
5.981922080940786,6.182432477528452,6.199984457608036,5.657371896139273,5.272322149719894,4.991617297644532,4.2930815321906985,5.72930338004829,5.769360823935869,6.08272593847126,2.153784859869869,0.39473160411668806,0.7620687264903463,-4.408776121721599,-0.4619217501028018,0.04501264760276949,-0.5492089296539244,-0.5785010677173027,-1.4456950424537225,-2.9182020522270316,-1.347044041944317,-1.8623016296911223,-0.8897090748489481,-1.1944363744503461,-1.2941171227138486,-1.1513878106750997,-1.5213866647889411,-1.329554481516934,-0.7609689476521273,-1.5319383862557414,-1.3293734477501078,-0.7282960160128689,-1.0977816036493233,-1.439052871292557
3.5789345882027725,4.651676268614897,4.4560801106678,4.084306336343422,3.8338986786004328,4.390028254055393,7.177109417791237,7.204846419959539,6.695794048658445,2.064399254602788,-0.0058457781783251665,0.5295084379481354,-1.6310645655298746,-1.007925517161702,-1.2826601609243884,-1.5882964720367438,0.27092630225937575,-0.10112023194421696,1.301899383464207,-1.271779263552794,-1.1916078539270392,-0.9082414919207961,-1.4075244496700487,-1.22617166170139,-0.9782501127564356,-1.0452975894446672,-0.7975225318331683,-0.6980639101320003,-0.6067812439002279,-1.140025679967114,-0.8807146968851044,-0.8577592833428382,-1.195256643204112,-2.135319548643745
1.5637048399345421,2.7732326789468327,1.9203442561458604,2.9037333658244,1.917124294817049,6.077689927108618,7.392942241864182,7.789907558689748,4.650251362553513,0.5007831395992351,0.8272424295525362,-2.0075363540097935,0.32538713928638135,1.6978754369608007,-0.9220312745940741,0.12777106246415879,0.36235230894427,1.14107490414591,1.5694802610627219,-0.8030897238976189,-0.6498365346973424,-1.2993576774663067,-1.1998416891826313,-1.489813433421698,-1.0584579686413906,-1.2998417275534588,-1.0256915169703391,-0.15400093438417845,-0.9753397009241462,-0.43552717393854956,-0.8190904803640277,-0.7367391159028704,-1.0083247029419018,-1.4559335333757693
1.4291849029888086,1.7688148360316827,1.6797853639203977,4.589574694489669,3.7464273302189484,5.501145436191646,7.456360772072055,6.306651054046469,1.3514766209761004,1.2291193840086858,-2.3407111667312597,-0.3398487899830981,-0.08215352645428142,-1.0674761577710292,-0.4396129783215405,-1.1226311069298789,-3.6685584744088886,4.565021195653126,0.7362608115928626,-0.6264095388123432,6.245056798293498,1.5942504897628913,0.4638340362238964,-0.7310927311660127,-0.584722468058431,-0.6053401350568391,-0.5433560275391853,-0.8591161521473951,-0.16191728620864823,-1.2079254876572876,-0.6175532866146192,0.1903149714650617,-0.32377241711568133,-0.2889250068084867
2.99731103599642,4.5986009532826975,4.730158707491941,3.904149092413219,3.6139901922367463,5.3949017351703406,6.09051991690943,4.57191157102399,0.9301111197229551,0.8630239797975301,-0.38998185161710874,-0.3293845979309261,1.20847533897037,1.6419224018739402,-3.373718311187463,1.1140102149199824,2.5440381281173767,-2.5230411643270245,-0.2293763813353781,0.216274643926917,2.704656314629799,-0.4064520296868307,1.6732037106561202,0.04120982134170017,-0.16986118294022032,0.07832558220245027,0.769041126201384,0.02250827042652726,-0.6329010029132542,-0.10573154615330078,0.20895817176475306,2.353827709341972,2.1296920248220665,1.9489550449408122
6.344044338893152,4.113143400434161,4.857801231873863,2.81702466009159,3.535280276052608,3.887922054845096,3.673661744154482,0.48348257922550963,3.3381885299358443,0.9754578500791284,2.7033839133096396,-2.7792272459346767,1.7922845497712816,4.997022576410256,5.021188436302204,-2.0447135374936534,0.06054989339046509,-1.2968249080955647,-1.4273672808435205,0.014008490445982964,0.4213719331202451,-0.7115814119763759,4.3828112677805064,-1.3430707151560062,-0.2377597121413167,-0.39224216328855616,-0.8953106442593017,0.4993436091616457,-0.9626940917003229,-0.8882021731628504,1.775855906378465,2.2699802909914215,2.6755726788452203,3.1407349676814573
6.2615007126412845,5.665848807763557,5.91396830452593,2.056911822362439,3.0820690919576625,1.4086121720977056,-0.053047085247137464,-2.299312571776252,-1.9859593358837186,0.6351590359876778,-1.443502983122402,0.45612616484079915,-2.270477484968586,4.138212266964206,1.6777055788318551,-0.06725240999924993,-0.6387829398268273,2.087306173477429,0.22036742052599462,-1.4353101569620714,2.3912546576112055,1.6180583852763317,-0.7113751073371175,1.7273114690341895,0.08105818933251187,-0.9687677626107425,0.22732008895129172,1.9082585129744731,0.5993080895991111,-0.0784942011838432,2.0473358215640984,3.076798311035991,3.202787009368595,4.3384983329374185
4.809680394025459,6.103405794117619,3.6911854267958706,0.43342862738167487,1.5705148608992021,0.6442004932146509,0.09839510827172723,0.5711149183497056,-0.5801458956895548,0.8862013722366348,3.076291360253871,2.0898612738609685,1.5417017690123915,1.858684694002118,-3.0457207808577706,4.018548825763541,-0.8122072056998059,1.4421522894470262,-1.5660537716764797,0.21176341043080768,0.2969503821747284,1.4402374175260695,2.408308444973441,-0.38952309972016713,0.11596222470476518,-1.0474736571810899,-0.4470596021937281,0.21367143563437607,-0.5507336892141192,0.6259113772281027,3.1109794725098494,3.879351476703978,3.9325903234997024,4.190656953503407
5.227887122069026,4.742052937550184,2.2761434721799776,-0.19191564670114744,1.2944304762077499,-0.22285929175032215,5.164440312153333,-0.464858852392631,2.7104704219836777,1.899578260895303,4.016335313147214,7.410370257267199,0.2238584744454984,-0.8370951966061333,-1.0220434300563486,-0.9217643929044332,0.37748004551423103,-0.9062982240683848,0.12173710290881018,0.9510716022653035,-0.5292598498304997,2.3545698492925067,1.7005563565453716,2.5758257003303484,-0.24820684752169628,1.508162798426102,0.23960711176364252,1.9905836087685407,0.275066712421066,0.9679882687785029,2.9333297287080677,4.753301570456679,4.706894731066617,4.493478359323192
4.977419748920284,4.3618933448934385,2.2572130441883718,-0.03222391519490518,0.5771935852479168,-1.5530351506028148,-0.9672227202956016,3.446901330658323,1.0898524330419552,3.3518824528759636,-2.297126991767454,6.5589935356026645,5.191267321153142,1.8209295958771377,0.25712160467006645,1.7458175582214777,0.7058837860710971,-0.5981706733688213,0.15242368996618127,-1.6216361955961704,0.10441257427781943,-0.7893185520836208,0.18158203553984684,1.5017047456695818,0.345883741499401,0.7218281740566844,-0.06282602721316097,1.5759309874796479,0.4669231636007337,1.6824385461002507,2.945398075112251,4.7791626939594805,5.300599034795335,4.585070203223867
4.042328625075814,3.1466321556559405,2.188348591325305,-0.4770644085353999,-0.4064430979951419,-1.0411930536413991,0.19527135468602078,-0.7487595658606729,-1.2030382021319799,1.0114917126782605,2.1811064090023895,6.374920677102829,-1.1580910239315205,2.9003699400615908,-0.4932147859646783,1.7088632349503727,2.7937334822525703,-1.0482563177823663,-0.7862880056403505,0.3805451255358036,2.681838512947546,-0.15331132196321423,0.1903765804751338,-0.19550056771405774,0.15113298445967369,0.3653562858806208,2.4524021231588504,-0.43807745560859884,0.5476408234913591,1.648610069736019,3.4895764417097217,4.560621699948717,4.84638405649016,4.738002514039397
4.059419488522111,3.819171641170768,2.108867938404099,-0.07856558738389831,-1.483850542437465,-0.9448561333383674,1.416406314795021,2.325341022776283,0.05152208648406104,1.9682308183497705,5.471173833739998,8.961341584663915,0.7317899174462118,0.2660914845624389,0.8683485517577967,-0.4170679312291653,-0.23636096318541383,0.35295506025333084,-0.5053330864521213,0.8349325492022264,0.8563895127375136,0.5611741062309586,0.14138940750750795,-1.2299000589144364,-0.4795990604141423,-0.5812440074289573,1.3511950240756407,1.6353593970823446,1.1211770039163034,0.9787985106380522,2.273739044077827,3.426289062780836,4.39309592642718,4.47130170788938
2.6829331361066484,4.020972886742121,1.6753602529856573,-0.6697275215788463,-0.38932175997274,-0.5323893679185734,0.49575634953602227,0.044461751948679316,4.623729551472013,6.316306839358807,-1.9819954563972124,2.346253095743075,-0.35412016800719387,1.797177922253784,0.5571365457860916,0.15713909786137106,0.03927359682846683,0.41610069185484594,0.046916339522147694,-0.22304937751144427,0.50503485642612,-1.3625472823559448,-0.08731942657498638,1.5260211246252235,-0.6350766722507387,-1.1816816400635322,0.05445577739584589,0.7641727090197632,1.5158974462335402,2.6864062302424343,2.5170509894851807,2.776764623553983,3.567023449729428,4.026582274019518
2.100884792618603,3.247942530348003,1.7920194581109508,0.01199301519451643,-0.7889443700906641,0.2397889627382601,3.408090253826202,2.2040839893952384,0.3858788787678617,8.176224416251099,3.7890047303969214,-0.8223595227447852,3.086087890519513,0.3929329224490948,-1.4623083222246627,1.0013246635066575,-0.6352400899021718,-0.23102505842660145,-0.7427367290849283,-0.1170861815631889,-0.18891764507891023,1.1666242561297715,0.5443716537577669,-0.19381919651680027,0.5144795762188952,-0.3402851946938079,-0.06891720207166685,0.9367252299011373,0.994708554314981,1.4054867549462533,2.1691796229052542,2.5763054756239527,2.2745608781219397,2.7901880185463863
1.6121278545302524,1.9686192499651485,1.051671230117901,0.05370604689302671,0.17920443720443874,-0.5545660579587348,-0.2027478392269812,4.872296968756865,5.904987102581317,6.692211541703519,6.415112283743373,9.273265376380394,-0.6589172243260681,6.8363105320423765,-1.0493994820690773,-0.509238003892665,-0.22457496914168018,-0.7998557798067418,-0.03274513480371628,-0.23076919246675331,0.1902396297681065,-0.6501134649238103,0.23060131411230375,0.5123192708381595,0.2756584609899899,0.00010016592312355622,0.13093253777070812,0.3455511483934,0.8086351173605667,0.9106231480699621,1.5459855325481702,1.7587009225242762,2.6130842852250993,0.7993628541434639
1.4628315865822703,1.2160900069299545,0.2557999649845018,-0.1402633197748632,-0.7536108059450278,-1.4172317379001946,-1.151415670308848,-0.4792236272361269,3.855448066364489,6.670522377062101,5.737572483707021,5.553543320783368,2.6309828082895255,0.14834293601222157,0.7574457233917223,0.009227829474100497,0.5324930361109615,0.36824508969829495,0.47675204151797945,0.7573486412953537,-0.35841250203886665,0.18474026340567212,0.027997457282223515,1.0699977713638857,1.4410519527420682,1.152223649144108,0.8873102625641669,0.47884265989285996,0.263628959256406,0.617776907987277,1.8090166612652352,1.2745712454300584,3.956183353697307,3.5814859830129335
1.0274840662679385,1.348791802592242,1.363986795327742,1.6675118472687311,-1.4511373602063653,0.8512751687695574,-0.3018464084086958,-0.09200659047099013,5.272038231997666,0.29093184106748216,8.615477068771925,6.234390917458439,-1.1120019206523706,1.9308334868268224,-2.1066552937187817,-0.3123297604385745,0.23397911423196502,0.20582968570928709,0.5673284636997719,0.26435127963811805,0.057034280597661295,-1.2656491379233608,0.6236004606430082,0.9836271347446013,0.7869494205080317,0.49589844586922144,0.5816853867846907,0.7504427978562246,0.45479599081586375,0.6295961128927902,0.746252228465138,1.6445797699723221,1.9552677037298607,5.619560261273179
3.914625512041766,2.9095743044598015,1.7665319636162116,1.8173489773452265,1.7622920959178128,-1.6099754925626735,-1.5629313180381195,3.3090479420612624,8.223495128724437,5.434871724214217,-0.42717654789860493,2.308891364966504,2.9805615067036966,0.8815952930113216,0.916843116363463,-1.206468366767948,0.6996385154437698,1.272387719208411,0.5570805699045003,1.9187563327942883,-0.5133024602432714,-0.30180620965150057,0.5488377402541376,0.7508044214973751,0.26143825743880045,0.4357971267950897,0.4747751678366375,0.618236530507206,0.5665089696364899,0.008256098809607551,0.8896212028614949,2.127186596276751,5.169215954702656,8.070968086838011
5.566126640400588,5.335720033003072,5.165614412001928,2.596903508193053,3.522242566837964,0.8326850790489377,0.6703716609684562,2.291186370446896,6.0207501695554555,-1.768692154449112,-0.49084478338399296,-1.3601757281071232,-0.15137222979250037,-0.00011779060750013408,1.7027559205213088,0.7253631065422261,0.9371685365276037,2.3009154493162534,0.8441650650158233,0.6283250577047141,1.3725752528401953,0.6084486700553196,0.8632127296453485,0.857998760356668,1.0891365742183918,-0.13870793872152037,0.10395902551198943,-0.15793692225598027,0.2902894189634881,0.2951555518520592,1.41715241810564,2.43868202621489,7.391535619116414,7.691703039187624
4.988397936762254,6.292303055090711,5.207470176458179,3.8295022579814324,3.762371895278044,1.5620026535631308,-0.7006909846497341,2.558965604099671,6.77100897386515,0.40892424878501593,3.6143627756408168,-1.5550246291654866,2.2580484113383035,1.714190630775383,3.3927913320254994,5.505987826426227,0.5257346742036852,2.749335694232046,1.2129112250039524,0.5448830142769021,1.2102897087365043,1.8164372089584702,0.9423118194738875,1.7597858186998525,0.6427652634339784,0.38999117722328175,0.49207020663319123,-0.5778984173652371,-0.5920224275916597,1.095327486442157,2.063029843758756,7.64680781599923,7.806484475057652,7.889882801893243
