script/wind450m.json
{"header": {"parameterCategory": 2, "parameterNumber": 2, "lo1": 3.000054539987559, "la1": 64.9999836372058, "dx": 0.5, "dy": 0.25, "nx": 34, "ny": 52, "refTime": "2026-01-29T02:00:00.000Z"}, "data":
[rows 0 to 23 of 52, columns 0 to 33 of 34]
-6.674732282865729,-6.225913613824227,-7.55545416917004,-8.070539970942248,-8.105908056716487,-8.477546271728912,-8.511138359619547,-8.544112673331934,-8.722283036052183,-7.611706305883207,-7.116576173580097,-6.103450778079459,-4.984999182565136,-3.823496738554372,-3.325359237316079,-4.516102395643808,-4.836011729248643,-3.5710912583059478,-4.15389834903628,-2.478216713907313,-5.673175301140946,-8.485665667924412,-8.760714146834681,-4.387651017308902,-7.348557336611598,-5.449215827663814,-3.9605310428660943,-3.765867419277345,-3.5975995122974562,-3.1847360325858127,-2.068120012683076,-1.3614511082713614,-0.8780982610650974,-0.3064434331410456
-8.168917922105706,-7.770512238574961,-8.363585753016713,-8.388055078362692,-7.996443668646201,-7.807702809406445,-7.599670349525683,-7.3044278594051555,-7.196184037741938,-6.804481870900722,-6.277844155830495,-5.711309261075248,-5.422945137203323,-5.618895226852173,-6.105394857542454,-6.081422886780203,-4.83070831124985,-1.3430819668475396,-2.1087208525310306,-5.480800316958569,-1.1884788674303859,-8.511557274356973,-7.2012158369756865,-8.77431776038269,-6.83099905874115,-5.635510855186071,-4.794624381358952,-4.110494664617292,-3.215555346937776,-2.466939219920069,-1.070321820327523,-0.6430846897171677,-0.28767233592642716,-0.030942109167718578
-8.704229908035542,-9.331487431417942,-9.599385244539926,-9.5598243089957,-9.312456440305448,-8.880193419598061,-8.589952749393294,-7.874335683485473,-7.632145960035794,-7.717027082750897,-7.537899573050379,-7.360921637638182,-7.521024674591762,-7.350486787131296,-7.703647682483945,-6.539912486441837,-7.992571914437661,-6.537289533093147,-7.5061262972852205,-3.936438688346704,-8.590195891700473,-9.144993963865472,-8.956778604657378,-7.702673283415484,-6.5878852819982665,-4.66498706577959,-2.8778575346841686,-1.505472917427758,-0.3114920405510335,0.5882229221247908,1.8080196586791297,3.3444222947632514,3.0373130897312066,3.1162467837664343
-9.310358336724013,-9.428514029900024,-9.463930196321472,-9.428921182443867,-9.275967698787376,-9.299530422585695,-9.106983096467934,-8.837682466416299,-8.474757327457361,-8.228197204139036,-8.108349008859705,-7.647748120303473,-6.653706364508116,-6.357532331101994,-5.367871887382245,-5.07446378766445,-6.038192076818742,-4.0234067579836355,-2.40841490027457,-5.1497498089663845,-1.4190618762046727,-4.636914126816968,-1.7606341256586984,-7.034320383980285,-5.835773383644091,-4.386769399313709,-3.2809887779085107,-2.1935086804960098,-0.3936869094787715,2.6564900744575173,5.215973623544331,6.777995179296425,7.46559376902771,9.571313750204457
-9.330440352170013,-9.377174319879298,-9.55232374061181,-9.526603565367468,-9.489456285317177,-9.44581401847229,-9.229151291336276,-8.957671778896968,-8.799123685916886,-8.158376875459707,-7.219043163938679,-6.340976601721173,-5.768292767422871,-4.21292381327692,-0.9378623230521163,-0.8713910585688224,-3.6313299710148823,-3.133110290979768,-2.3259005671080795,-2.7730042725250645,-2.655705194998364,-2.771511458513384,-4.7746208944267625,-3.8776558158962757,-4.3978307911885794,-1.6680643142122904,-1.8304078265276502,-0.8947863723528953,2.0672170273676844,4.864091435223715,6.19022908870393,7.3046164877997395,8.356587739091998,9.832989928721167
-9.959667822499089,-10.213663792688395,-10.012212290171892,-9.79571215777464,-9.537670809968718,-9.442117545185551,-9.254270730703643,-8.790124759142374,-8.446132196654306,-8.28226132770292,-8.265797159757732,-8.120352794713513,-6.780674358296878,-3.9722264333393213,-2.712232182024332,-3.4698197221862506,-2.61414766973683,-1.3163194816659751,-0.1522870549096114,-2.1703154919100154,-2.371917642286336,-2.2017508073774765,-1.3709544200614352,-2.850529840116397,-2.887602718415816,-0.8624637373644107,0.9351635967930952,2.1182330763573396,4.506483041698487,5.5348913521462055,6.27672129447534,6.67236080983675,7.476603105187023,7.794665408647932
-10.10728259287085,-10.022314852474794,-9.214478755506981,-8.810298653950971,-8.322012401272254,-7.866670633029185,-7.114296925425883,-4.827337922120937,-4.0288482692085354,-3.4126245276234863,-0.7461873706399657,1.1746859876798328,-1.7992547942127166,-0.29964214112652154,-1.4849745346556695,-1.2700384937367437,-0.4708898279288426,0.4807283666622252,-0.2919671640842756,1.272109259854165,1.3974807223130052,0.4337528839539597,0.3660556332198308,-0.2173570092553929,1.5124775359176388,4.199195990892357,3.350655806110211,5.275115967871081,6.281106611307414,5.638550573891962,6.180722704728617,5.731615298531101,4.59519869999643,2.055853675709537
-4.250731461183025,-3.8801370826421615,-3.5350999710439375,-4.1247336194542354,-4.563440736975144,-4.109228574650806,-3.3132749397450296,-2.6349874237237865,-3.0884304006285532,-2.623363781399725,0.9555423358021088,0.9932609430603005,1.114997260305126,3.481726094423502,0.35518155319180333,1.0149182694652037,0.07012835812924975,1.8897727123369272,0.8605427957505112,2.0552005898858083,2.847881989635563,2.516868250013092,3.006434481138894,1.5370477241237595,4.651156553690678,4.6868540653421755,6.114581201245931,8.380814316538883,6.003859349266894,6.1839290431909415,5.835677761922347,5.736873601579894,2.025757626364105,-0.7761973389747092
-0.970449080633455,-1.3717681801422494,-2.938217438280342,-2.9237439623704002,-2.00218079540812,-0.4611765581542674,0.3856996771549156,1.4949655876497299,0.2506187451750757,1.3167774918836759,0.4860884702420005,-0.03657784576884651,2.626451765177329,4.113553958342825,2.6879282264947872,2.0615011968719505,2.803667514921211,1.7403688709952254,2.6172225082122607,1.4106927413092774,2.0013565490612715,2.485163942648688,0.23977760917142288,6.712570921127141,7.883893259260932,6.213060686798837,8.695001963352475,7.0261804662989835,6.0999894307051346,4.935417320242183,4.919702796875569,5.903819107508181,5.208706882726824,3.9583947797406567
0.6330622682850939,0.8826631227756789,0.7178931309190462,0.8802363036821024,1.9052943641085598,1.6074275626510757,2.007825125437464,0.12195709261834033,0.11251761645986137,-1.0712466281196376,-0.6707301945049817,0.6629294551411475,3.262960115247315,1.7766981238767376,0.9240677202138813,2.766243788985034,2.1492310587713743,2.5856867293773678,2.9986016000475,1.7108408210241146,1.735175072297516,5.425062222221634,7.478806145319814,7.211177205039577,7.445217550850559,9.134141785568458,8.267366084863182,7.37779953308847,4.822734358362629,4.536303098429064,4.719467545465657,4.378604353188212,5.87334518164504,4.395889372442594
2.1647230487458,0.9492161674758081,1.1459585436172766,1.2346546880561455,2.296225334629405,2.36418858449648,1.1771367979378258,0.01336834765783851,0.6176613980207943,-0.04278198732082028,0.9946512742752082,-0.3377609512824817,0.6697980766036311,1.0710904347766257,1.2225665815880808,1.7234820412734528,2.39800221775562,2.1940588175240805,2.610332663475352,2.4315332324111383,4.810454867034605,6.645725690271542,8.76434169732712,8.641873666730323,8.635514713674452,7.447285357837728,6.8586933854237415,6.772943331661981,3.2763947896215813,3.9028020892770683,3.0808384867131635,4.3312481587683616,4.033580869527112,1.7973089575288042
0.7862550170027275,0.9272036200077496,1.1039754020007146,1.0578228046983886,1.3231424289914697,-0.10036898050336358,-0.022482974802871526,0.40504011644395416,-0.8718794347828269,0.23306077377200382,0.5543064663618235,0.7696455582937773,-0.10052922491535958,1.1334196788289426,0.9879818911209834,2.1663661827988263,1.7795240551829434,1.2843896041577758,2.622567042450451,4.098983568094333,5.212831630594671,8.410735254321795,5.406849861076533,10.492683803368967,7.87285070023058,7.51263161137327,7.048196896804221,5.102564665761698,2.2974423566636815,2.7724531754353876,1.4626845821839698,1.172883195296492,2.116485045068235,1.6787603103824416
0.058097697698738585,-0.22164087216999906,-0.16382073064907407,0.08329668854567894,-0.5870406970772127,1.2000410261634373,0.34657726398625693,0.20277927381321803,0.7155996037220802,-0.9589526160072906,0.5122858905364688,0.7636443781932533,0.6674487931224797,-0.48921653996536846,0.006545946247667771,1.0127535160538166,2.7679540808019407,2.186315492343165,4.910746607883703,7.6394362460551335,5.879927960401335,8.830972616689515,8.894729968463071,7.998194464937707,7.450432051759496,5.782852504777027,3.471699826313263,3.1510194598580634,2.5130927566578847,1.8542782342019741,0.6246793627583688,0.9886769986209403,0.43329847235454216,-0.25490393562861385
-0.5300894548696425,-0.9724625678303404,-1.418759601889962,-0.054572795769960984,0.23078318937486436,-1.8607575157713163,-0.7710719128580263,-0.07534620895202725,-0.056908448116468,0.4442997095921035,1.263486502811669,-0.023174256454943892,0.43432054473045406,-1.7679445588623433,0.874818302285856,2.062239064075487,2.9172595888995985,3.263373960120425,3.7652106341620653,7.206121136983695,4.2323526120338375,8.12397093025097,8.741985607055733,8.721028373382964,4.819006069083919,6.578852265782705,2.733625465336109,2.099869502418711,1.0208704752348436,1.090660244710883,0.2599564881041746,-0.7251917119688293,-1.2364655616841596,-1.958071963481782
-0.7765324879749151,-0.7150691983685092,-0.7890036092292648,-0.07936343278808271,-0.04988142851884571,-0.5530457130946357,0.8473603473740887,-1.1729669599625947,-0.42598550567473703,-0.27192022074315586,1.105430819339006,-0.06416888737834343,0.0748085997069577,1.337456162348776,2.4154383722859283,2.6786037219536887,2.6983168344212554,3.1462652482206814,5.43991268011833,5.043174777435071,6.306325161531293,5.617225977038247,6.47550058312674,6.522417333490685,4.03711120603828,2.8420995785973355,1.747663083932398,0.7424659875820926,-0.37969535321450976,-0.8909519962292485,-0.740268139538678,-1.8944612908995764,-2.5919177201424475,-3.121788566719792
-0.011920209052489996,0.11428291588768896,-0.7343318081422174,-0.34710427689732254,-0.8314404024900524,-0.6118260130813058,-1.3646588355986398,0.6945211621803618,-0.5761172214561862,-1.5750317748793872,-2.333607806944957,-1.6048160196877792,1.038997726087523,1.291948390664014,1.8007174994215769,3.571628851417469,1.9807211784303747,4.343184264739533,5.015916286606823,5.353551424649707,6.169616558513775,4.236875431224799,2.8324449343480644,3.367308871056147,1.7366086744589013,1.4062740943081045,1.2737973307533372,-0.613234433796281,-1.8922617810029319,-2.1102015986957303,-2.384109286665614,-2.898789437272144,-2.695096323604362,-2.732200593606989
-0.6831122077198231,0.3462573782339439,-0.01672837293402773,-0.7261882837440541,-0.26359230601996636,-0.6857372085318998,-2.5423278698129965,-0.8697446905553444,-1.708302078874148,-0.10788489317753543,-0.9060693643656448,-0.6895731635325093,1.7380513576199628,1.496392832056094,1.7744437674474118,0.7456072330369233,4.965448593008331,3.472854559688633,4.399673980038484,3.934308085296797,3.9857678706124755,3.1798445000926523,2.4810735586291095,-0.15382540218854693,0.6728396495819045,0.2991280798144592,0.15917702086680627,-2.2424219023596783,-3.0366512137017874,-2.1590060483869378,-2.868067837499604,-2.5492481756051104,-2.94678135156815,-3.4812055934664454
-1.0526636986900877,0.24626849547228957,1.860840255840697,2.850178004447558,1.3494321232969837,1.6326718240015552,-3.2360257527124627,-2.193893544363487,-2.158953323570043,-0.8408801068215678,-1.2755787916225236,0.9327564972555766,1.6726873439433119,2.116280811594443,1.36309665321905,2.4105113236491436,1.3904623487530978,1.8715418037924323,2.6660580565520413,2.6312168680737638,1.9968953021033269,2.0626672182928405,0.9719890301561909,0.4547330689783628,-1.1910588163832792,-2.86051249529941,-3.4103063283254142,-4.256808705560085,-3.6701882433499233,-2.4684082198232637,-2.644954777388154,-3.1446911038306484,-3.758408854071281,-4.40972445822767
-1.8407523090911397,-0.14583595282820097,0.9023100767485174,1.5349859201005982,1.9372161518058528,1.827994313105808,-0.3015642428550513,-4.229627627225386,-7.996626952930575,-2.0361996162715528,-0.6083963711269891,-0.04262023666212876,0.42795732822102034,0.447334847027364,1.1240314995620069,0.7101813659537687,0.5013454523418419,1.1997890367723107,-0.78870829202438,0.8192924133562121,0.36032700511722016,0.13828923827594763,-0.9580921571615905,-1.5487309806353347,-2.9665399992146977,-2.6055828671444754,-2.5414825805806487,-4.246915253374463,-4.733990792544689,-4.2418285610496875,-3.754188224096705,-3.986844550121659,-4.414682603628523,-5.129937916352467
-3.72892067482647,-0.4956973095726835,0.22428776258934427,0.6029524217534361,0.6426993462312061,-0.37722579999654443,-1.956780692134307,-0.6265669677859611,-2.1441823128363082,-2.3996344202128936,-1.7059608951128338,-1.6647641510447266,-1.3671611858820152,0.03057874157563648,-0.23551805506526644,-0.16436944950091223,-1.889012043504884,-1.159501846127834,-1.5954689780713296,-0.38565969899152686,-1.8380663486538977,-1.5741821919011865,-1.38523581877993,-2.9486970889424065,-2.908484799393824,-4.185839191997041,-4.203662307352892,-4.5506714628328195,-5.58853789420868,-5.676392570011175,-5.049789012052841,-5.018957186004732,-5.329943441811819,-5.681387378096868
-5.846657084207046,-3.4576009527613443,-0.7252733941849765,0.3212276853169734,1.8061822798928713,-0.003420591488054037,0.04464260168923759,0.2672721199978253,-2.5163721210732413,-2.5929542240717294,-2.901959690900897,-2.4471056405779024,-1.286335976389917,-1.6401636218355464,-0.20874765306783824,-1.820876326327972,-2.5751660247320363,-1.459771764327664,-2.988843408654277,-1.4159196896536799,-3.151139168118793,-3.1547357488366106,-3.491822903969794,-4.315212185645862,-5.452960557607514,-6.131849964620508,-5.290898880114605,-5.788604174867158,-6.9882580091925215,-6.072432623466325,-5.166933084247114,-5.386916468714331,-4.3641726831591185,-4.744514301831206
-7.191612630077215,-6.366260131270152,-2.0470038702943514,-0.6626774501894136,0.42543047569554254,-1.2865528956434957,-0.7100045752822917,-0.5853494793970373,-0.7964598667398874,-5.299668048157284,-3.8080801111761997,-3.5143949180505176,-3.0685854236066907,-3.1632099137029903,-2.6163742990601353,-4.503979954613285,-3.852099155439662,-3.4178937919150845,-5.027782791122231,-3.9648051752100253,-4.503795283596676,-3.115900250809367,-5.439889731155514,-6.111896407917794,-6.4471666487281025,-6.299455069948001,-6.271793564005631,-6.16039588726005,-5.570057661333112,-5.414059785719759,-5.304128638635689,-6.19201381391529,-6.316822478408447,-6.285556802940109
-8.794952475158638,-7.51808123526722,-5.103353756728084,-1.7897895064929767,-3.7527206450492545,-4.3165327852112565,-4.35203126224572,-3.996018904626049,-6.7987179738798815,-1.678847289369843,-3.1578602463740095,-4.96056588761002,-4.3864008692772805,-6.063302350243799,-5.085643396143602,-5.8932580917813615,-4.827990812098663,-5.6534251926735575,-5.978399941266016,-6.5697722889025565,-5.23006141353289,-5.5609323104737305,-6.305857554418213,-7.381557762602857,-5.998547296305911,-4.790119623486505,-5.244488355894687,-4.863684880401475,-6.117137762919558,-6.673518236194027,-6.938429400767572,-7.224271249540847,-6.659107364212763,-7.219368292424166
-11.069657891116716,-9.989275263641662,-8.389331067173426,-4.177401667197028,-1.1332025894003117,-2.2964406670329263,-4.876770703505581,-2.4839705973565724,-4.439027585820348,-3.429619644254273,-5.542359628716526,-3.996863470686225,-4.8393073265436515,-7.224695594175114,-7.527722479187132,-6.728932734165753,-6.433990242482766,-6.907490672250701,-6.636299231188185,-7.885101331879173,-7.823717014112396,-6.425303511284214,-6.168482111551365,-7.482163018427345,-6.5910830371751725,-6.172463905842182,-5.843145286623805,-6.583475139272114,-7.849634344874306,-8.310510765849314,-8.212663131469048,-7.4992808982334,-8.071715572420391,-8.663678570537018
