script/wind10m.json
[{"header": {"parameterCategory": 2, "parameterNumber": 2, "lo1": 6.000198445256149, "la1": 58.999992894266676, "dx": 0.5, "dy": 0.25, "nx": 22, "ny": 24, "refTime": "2024-04-07T09:00:00.000Z"}, "data": [2.4304807516117597, 6.997555651732404, 7.266821715655813, 7.221052820716481, 5.079441080321503, 2.81077052168545, 3.781434066006087, 2.132961578630494, 6.317280362207292, 6.689700654749631, 4.476977273103772, 5.260487016477886, 4.29557176405018, 1.8832668769395164, 0.3506518841580277, 1.6006213302129588, 1.5815546233635587, 2.8378954354278463, 0.7910608110390784, 1.4712476076461434, 0.8139637079186857, -0.409317430531033, 3.4805244804396813, 5.909017872644605, 4.943085675101838, 4.372487483400849, 5.498891094297899, 2.87587618899029, 3.348358943448083, 7.823105749412762, 8.639055887942694, 7.602628930485744, 5.415484542842994, 5.3667282384645025, 4.794541281416531, 3.2867996292520885, 0.9461480220079823, 3.5967274879745537, 0.958400430481845, 1.9115109866038973, 1.416648719499687, 1.4846391670706591, 0.0934847630961716, 0.2776391995701173, 2.2354814734245867, 3.7677109621941542, 3.963452340927317, 4.252023536238306, 4.390703690691828, 4.231912670594263, 5.265903678366971, 9.358342602588944, 8.299404148053362, 8.007393056156822, 6.440546011043842, 3.643431724758514, 3.810163186915212, 3.4576320620711822, 0.93857449875861, 3.61126438681186, 0.6061808285555733, 0.8388100098132915, 2.115058970895508, 2.138224341262532, 1.2952704046817451, -1.1717626999211965, 5.480485726380082, 2.029828583430176, 4.324982308725368, 4.52205271711325, 4.913172694177694, 6.903591477070086, 9.122977421479945, 8.36568266800411, 8.090553164042147, 7.881396056111848, 5.03159697949146, 2.698022029816014, 4.2041376695616774, 2.7251057843730835, 1.2845598490173002, 3.9974622011916665, 1.3732364381847209, 1.3866760973614256, 0.8632392570370525, 1.8429136991515582, 1.38350960158981, 0.7907422969932889, 7.220597082024919, 5.729311307807588, 5.272770602097703, 5.749718719714557, 8.260904689426596, 9.062561230252285, 8.584738212174223, 8.146961912243768, 8.617696169062729, 7.487106573748342, 2.1746838994381346, 0.8129912110662348, 3.128656386930822, 1.3265376075966717, 1.8929431838275201, 2.9696453362303847, 2.278713765108634, 1.0235404935797794, 2.017263849983954, 1.8522148282778401, 1.9851321881614112, 0.4767278437505319, 8.03281253987597, 6.942655809694691, 7.025621516789381, 7.649430627421909, 8.565159446113064, 9.140489669817692, 8.163707292878797, 7.827929394337154, 6.912286138422231, 6.631528873324857, 2.7113421222936003, 2.1042076569960346, 3.8946807383070334, 2.1642650358162188, 2.47666547826899, 1.8157866359482637, 1.5115710228859935, 2.5275783845330957, 2.050276467462659, 2.612234204350876, 2.5767115596795254, 1.7582271637986915, 8.000012995754512, 7.604093254485788, 7.198075373247652, 7.3780388067958285, 7.997837261577031, 8.926559425906449, 8.589042574772511, 6.225630845896801, 6.4503940200480745, 6.46803292863473, 3.3316846920947225, 3.7027162321201135, 1.6092318119891829, 0.6722305098110818, 2.5356884679816467, 1.4125482391939446, 1.2330751348703328, 2.3004023009210455, 3.326589925944251, 2.7876848488064705, 2.0575195343058907, 0.6844328710600747, 8.214897034604231, 7.664894574498813, 7.20118730567779, 6.960169788283928, 7.6870710112099125, 8.076242875212962, 8.169814049528927, 6.792450153897694, 5.868591913756176, 5.297089703135431, 2.8071445175061234, 3.965119941137097, 1.0186758099116655, 1.1723450367382007, 1.9757853094700253, 1.2035373502538875, 1.0236548309163145, 1.4910669183186775, 2.573102986565347, 3.360938069469937, 2.0730354674106057, -0.850650522557908, 8.314536709407756, 7.650927876269042, 7.295096770198993, 6.6706482016913355, 6.991959572454884, 5.84133786237725, 8.85316210959646, 6.794706637887348, 5.72302876210847, 4.506469636360884, 4.4414299053360216, 2.843428677912797, 2.4853374365496843, -0.15919927832558214, 1.9399864868910208, 1.3543980510871307, 1.6059599212919549, 1.1289106082544913, 2.661284636950853, 2.6277807555172625, 2.1652270594061713, -0.48077482482286804, 7.630839542204764, 7.719334075789791, 7.38455248340204, 6.823414775482583, 6.691642746645128, 7.977153040712161, 6.8383175686948094, 6.041027798769478, 5.809795929004291, 5.6417654836468225, 5.702141049336866, 3.0090017066379384, 3.1814347074048044, 0.5781844746923855, 0.8324475412698332, 1.9455552613365317, 2.2307816087664945, 2.2551336423358244, 3.350597325618439, 2.7290873631838344, 3.1459553118893537, 2.2082226868964603, 7.006281376062541, 7.018076600247756, 6.921336718268159, 6.870147141399472, 5.903047236970905, 7.172230504415774, 5.9426319131442265, 5.600961619854878, 5.517472045541377, 5.706507293387484, 6.754551596665641, 4.3818962897719365, 5.012708891825789, 2.5564439501037506, 3.8308978412095516, 2.180915564006211, 1.3843559935944072, 1.2910391637445762, 2.3057272008694487, 2.28093371402841, 2.9368931005134202, 4.197262000412835, 6.131789917331806, 6.566696578779581, 6.712568448633063, 6.717709085549002, 5.637039558386085, 5.247225174689494, 6.86779070451435, 5.706571380703986, 5.134637293694837, 4.162350270177291, 5.267088023251285, 5.2516495203760885, 4.417647727214104, 3.5943846245301136, 2.4869011322678283, 2.96130328448215, 2.435041130519771, 1.0906582353670795, 0.7454586790210184, 2.602245091551524, 2.6349136064575562, 2.9596749965134497, 5.685072785761661, 6.333096795018266, 6.723384320526292, 6.63371843904778, 5.585070626194648, 6.5066469012233945, 5.257687276822119, 5.141839206174953, 6.334409011321893, 3.386457020209457, 4.769441614463398, 5.4929906198651, 2.5749756782685993, 3.1855006087945665, 2.557098116611099, 3.129425921301632, 5.512075054079553, -1.3175507171911802, 3.800465204821664, 2.9744750196906415, 3.5123561934099414, 3.093617080356414, 5.362285636061273, 6.03251192927968, 6.6124408438340945, 6.794606035872072, 5.34650736459771, 6.171785841210467, 5.878788467116794, 5.4229861548960026, 6.18843673201202, 5.8774946494105516, 4.214994921484664, 4.179995907273003, 2.8454201094573377, 3.5657555508014624, -0.1277291236428576, 4.4668714728483465, 7.629817333523011, 5.551372470940289, 4.995746827993057, 5.490108336008206, 4.763448807660159, 1.4213802307333423, 5.796323727587783, 6.140116505137492, 6.580832407047556, 6.8733238614605865, 6.174008010271119, 6.130673014723651, 7.638239091648034, 6.59988922010011, 6.367886662833561, 7.6722847022040295, 5.265923397998858, 3.5303287479223666, 3.5379352582080554, 4.99286138440154, 2.3601229468944864, 4.678090194992621, 9.640194316586893, 4.055650420809479, 8.025402851701699, 4.672165289301645, 3.1090807646457828, 1.4438886368506896, 6.093339676165729, 6.397267683383901, 7.008643654329767, 6.598737749810189, 7.237211627904221, 6.378969383116442, 7.771911703014056, 7.221910526377113, 4.200059717115886, 6.623172439889453, 3.4958936074559004, 1.50786626190829, 5.289022518571119, 5.475758199051358, 4.954934242399372, 6.797977611348739, 11.508614107603858, 8.242655622280184, 9.861281961047018, 5.702645870957494, 2.5332763065978474, 1.25610435465555, 6.247207026916572, 6.695459485275257, 6.662776524894667, 6.673747224063442, 7.465157712622296, 7.993813903306104, 8.01461353176517, 8.670971601299508, 8.109260984109607, 2.814425141642373, 1.9624483600101166, 4.092024138250869, 4.084690439526461, 4.9243859986537055, 6.620794588472308, 7.091210066283456, 11.585744838533508, 9.682122931991913, 9.80594039532855, 7.240101483953309, 3.1077470191780914, -0.22848366809190002, 6.496192469531846, 7.199193117116055, 6.601512925675332, 6.887443943640853, 8.263559418561982, 7.242585239151865, 6.7833946790140605, 8.240540195017266, 5.130618778222918, 2.525148307415383, 1.7595015801634724, 4.212401579206715, 3.7617312594196286, 5.641060311038502, 5.111574314464559, 6.624688449151763, 9.866976585462554, 10.722285942980678, 11.102911552970177, 6.236834761713108, 2.923325104989864, 0.17841052734913354, 6.732846420599728, 6.675449541167261, 6.121189606115684, 7.71741710310552, 7.087545537007582, 6.658845212681404, 7.81600864223675, 5.1628326602207055, 4.123233512554606, 2.9375062550905047, 2.073367304433689, 1.0690769377051905, 3.848542915685784, 6.303862567249333, 5.204744971438228, 5.172739448956052, 9.815630449667609, 9.960003922986163, 9.016315025063907, 5.3409350560844375, 2.495613055616765, 0.37404432675979715, 6.985683491531671, 6.2120725866512325, 6.955871192464343, 7.702620563449806, 6.093060184272069, 4.15696856797495, 5.020462038312964, 3.8611840605704657, 3.7271922919691858, 2.6276596454535905, 3.0507625125997166, 0.7601926734143264, 2.532129856595909, 5.417897447239309, 5.512128328695108, 5.711581868249757, 6.710881464815424, 8.214946449516258, 8.812508743881475, 5.855313177569033, 3.084697640651506, 1.513609403780615, 7.085642969965108, 6.261530239538645, 6.659737269596262, 5.643749809962073, 5.018889658658687, 2.5645090479541097, 3.384302940370844, 3.2849579429072358, 2.917283819546047, 2.503308646750003, 1.637972032055345, 1.3393441064727647, 3.6771760879573927, 6.135337692412314, 4.205403845361616, 5.0501592104457815, 6.862897028712519, 7.414714867874293, 5.929505443791317, 3.9847503173653833, 2.1084970188751013, 1.0786064902905157, 6.972462217204732, 6.235786690577214, 6.766054314175273, 6.955370924182307, 6.04032120836802, 3.026259416326228, 3.7184885644962584, 2.6838080682755945, 2.385044500733176, 3.344570053562004, 2.4341851951801483, 2.061293783141526, 3.913991220069151, 5.362449008705933, 2.1297232153505288, 4.363133708281018, 4.725078601440299, 5.281404964335615, 3.2593323160440497, 2.709298397997887, 0.9431430901585371, 0.014621474312898345, 8.452131278159984, 7.019613057059778, 5.567832519563049, 4.505458151258953, 4.668833424814676, 4.540445434678728, 4.193968794681803, 2.5732581412884983, 1.991554867252453, 2.9794417429927234, 2.776807243629888, 2.111821630178994, 3.979811892865574, 3.847608616261387, 3.6155657199564843, 4.796879012181262, 5.080025542457879, 3.8001090232314465, 2.2622146743742246, 2.181131210994559, 0.49613036206933225, 0.46254376424172683, 4.9257134572301124, 5.197022356406087, 4.497166029698814, 4.516157648869485, 4.231932478221633, 4.624936616308986, 4.773488665405639, 3.4567536648063486, 2.39442132224368, 2.6509581023147173, 1.3027960245440091, 2.5627750975220196, 4.667759239158144, 3.1739780440817067, 2.9047780142355624, 3.9855342198371875, 5.4712634066967185, 3.7839991112556093, 3.479714727998465, 0.9622438446902737, 0.45722459044656266, 1.362280581091778]}, {"header": {"parameterCategory": 2, "parameterNumber": 3, "lo1": 6.000198445256149, "la1": 58.999992894266676, "dx": 0.5, "dy": 0.25, "nx": 22, "ny": 24, "refTime": "2024-04-07T09:00:00.000Z"}, "data": [6.735533027129878, 8.507608894014295, 6.893605431069145, 5.432593438794034, 4.853865144962399, 3.014607256774917, 3.4917682429493206, 2.967627928647763, 7.79360775874392, 12.597233569194627, 12.561186129139282, 6.533339592974463, 5.247388505561532, 4.330972189684444, 9.232903370305298, 9.353620414864036, 5.753121327262535, 3.4464059289511413, 2.8248668171446067, 3.12955585357872, 2.926777837269959, 3.026001811536992, 7.031271213886356, 6.567314682421955, 5.453458597198317, 3.910613046964535, 4.077768286499202, 2.7346676760585504, 3.2618520433310634, 11.144427905918798, 12.023509319370978, 12.453215937774782, 11.992106220740153, 6.665323014119481, 5.635855997391563, 6.226112143507432, 8.949351657469258, 9.355483036275452, 3.8327617285767652, 4.3164887776501315, 4.333827226620075, 2.054044265957424, 2.363012209802278, 3.0059922056236803, 5.124785134739844, 4.551082487147033, 3.482073339642791, 2.684644609895008, 3.163285038191414, 3.3803622916869878, 6.940857310855423, 10.176502521513507, 11.536856772153962, 11.6861021540416, 11.346571304034642, 5.770718422727274, 4.85678051994151, 7.2301417381157735, 4.987482587124528, 6.191235676558913, 3.9512843669722795, 5.273968438992112, 5.2784191558192655, 3.164098367852883, 3.0909304028262814, 1.9507609004385973, 9.301668984847025, 4.240417530974603, 3.3259138803146384, 2.8460424490414447, 2.822562834328871, 5.34258598093478, 6.928567645207985, 9.850563133209086, 11.054596509165707, 11.167075757441065, 10.234924444863612, 7.38921218236038, 5.303254199446099, 5.263066200991141, 5.612384222622725, 4.670310259608623, 2.4329442513440513, 6.425429797324238, 2.335141826700305, 2.823411136162002, 1.8297431048259976, 0.47362513406879325, 10.019191288922775, 9.101202893261503, 6.956448319213953, 5.913467638619376, 8.23566803767654, 8.307247108842049, 8.804280762414848, 9.896822094050151, 11.020975423711748, 10.183948984560628, 9.087023688047385, 10.06507359228005, 5.018129081817282, 4.229621433019591, 3.8797257928838143, 3.1197122317796633, 2.6517874241828197, 4.045940913390724, 2.7242829801290624, 1.3118839965769216, 1.4670566752310736, 0.8383419394014305, 10.335697641345265, 9.596079270875936, 9.373241367136963, 9.528612987684896, 9.583349995976686, 9.030195458888286, 9.027642354557594, 9.56671990765968, 10.27282703436682, 7.546423759036933, 8.344512203617787, 10.023111997586081, 7.309178915431851, 4.10020948294986, 3.5496520114933694, 2.8516435964340547, 2.062710644381842, 2.4446306436809624, 2.1172659849717865, 1.950409666550235, 1.1985737617519034, 1.0841644627015299, 10.451323027474633, 10.251426610206748, 9.875610728630438, 10.11027450189981, 10.25120272712744, 9.691835673184778, 9.24211238065469, 8.576335161993613, 6.753690148331377, 6.34448559727172, 8.452789230237354, 9.768051485939912, 4.693915602548254, 3.61589589683521, 2.9144724771638097, 2.2699437619083893, 1.5997862102139049, 1.6521591105809306, 1.4165032087876333, 0.6422216354550134, 0.7468353324904309, 1.2478412893395605, 10.34034444428943, 9.957986551393809, 9.773812854714425, 9.942570731087866, 9.951702243711122, 9.853800477831724, 7.873576895847019, 7.810154180481639, 5.676425964440855, 4.871365933678321, 6.1667233615384065, 9.188613779692883, 8.915953371869918, 4.182460030976248, 2.876786563850206, 1.3799783148791835, 1.1148197026422983, 1.0892757845354355, 1.285284072574523, 0.470779561505566, 0.8270656215445829, 1.6776189112654878, 10.12609196435281, 9.840734982425161, 9.7406921453641, 9.5952390727156, 9.968723673068276, 5.431436884321089, 6.689131069534771, 6.042814852059157, 4.845390209774733, 6.377417115140652, 7.604896751935976, 8.727498776903277, 8.835029226702025, 3.6974414546776813, 2.454872578376397, 1.9270107191660986, 2.039546423821606, 0.8022146075017937, 1.4628642491446775, 2.081417827683652, 2.0622797558221406, 3.2764709680468074, 10.280308856310771, 10.088363468540054, 9.868190818482523, 9.94672712769865, 10.165783500748187, 7.605596748121952, 5.79932881089075, 5.195053988290811, 4.953923409013094, 5.928620237049476, 5.957244724763469, 8.752890111602067, 8.565197001985204, 7.031022329852555, 2.3198252267643342, 1.4412829870846404, 0.42637794598091194, 0.49847754680715173, 1.6222080527655292, 1.0531487790000058, 1.4915823687636884, 5.79974180751656, 10.08620444116066, 10.009875904419406, 9.925924017917811, 9.909511021766592, 10.380221965179325, 6.476881982983011, 5.153385028187424, 4.681294251375247, 4.613725637976227, 4.9318872771357585, 5.069692699195196, 8.170958261051824, 7.68744739852045, 6.79941768641285, 2.6397816765137816, 0.7884750395456588, -0.7360086430610563, -0.10423427806696979, 0.388344535717382, 1.0593053331810096, 1.8593098620046293, 6.310317989043958, 10.276252903733836, 10.184075415873654, 10.220143541412005, 9.791633515246488, 9.775909495732968, 5.036364903543062, 5.635507900501231, 4.598634181236264, 3.9488931401839977, 4.369153788382468, 8.119838330500109, 7.959085929009446, 7.02748431351228, 5.118759297025694, 2.296940725481064, 0.9746241033178854, 0.8962416773515259, 0.08293540557877752, 1.129879399622184, 1.6277533936326543, 2.6714865799229304, 6.154616152464779, 11.028305604371862, 10.79547410251449, 10.509971941859707, 9.861058584842146, 9.487570567261118, 6.0530310442022, 4.3658671456375675, 4.077407609099661, 4.15931431785056, 6.346145178676099, 7.070730981277006, 6.690461358590854, 3.7721716939015937, 2.8002343898590816, 2.2667093162971157, 1.1357198934579817, 0.16390813219614866, -0.6619681145836956, 3.578477834295603, 0.5677743849534587, 6.670380549512484, 7.06827617634586, 11.244872971164202, 10.814558998112252, 10.32278978335936, 9.375121783730618, 8.807934595008781, 5.859741182338437, 4.526590586104047, 3.8750895958986695, 4.1748623338288375, 5.740488214456683, 5.492906365838288, 4.205071156329577, 3.4862321958702207, 2.039608393097293, 0.6267368406287231, -1.4819828765630516, -0.30576331628737213, -0.7573833158160717, 6.123509341914893, 7.895786294668706, 7.14491101729252, 8.773478602057022, 11.342204398210841, 10.640890037245933, 9.928253831052618, 8.927111531293313, 8.247649606065297, 6.324734321108191, 5.219469133104711, 3.862988186812952, 4.922794625707849, 4.87582111753742, 4.655188551959267, 3.435048118512074, 2.049453997071517, -0.3378702962851039, -0.5841674042685807, -2.4982762635581097, -4.034643647263231, -1.0020435720583967, 6.9228662122640054, 9.062933637680308, 10.316444615376973, 8.839896289488648, 11.089504908800919, 10.442054846685933, 9.599826943553376, 8.683324399786663, 8.686477049688781, 7.83451825242517, 5.368806248423502, 4.250525055794727, 3.213821864088955, 3.8255482752694414, 3.832734975399921, 2.3847307265313016, 0.8180503559706045, 0.40534559876885223, -2.1742696911740746, -2.9882580303046824, -3.8325994111515973, 0.7922738721555417, 1.7628880909547084, 8.24123599184211, 9.774463374048363, 8.129107735992001, 10.977489390396418, 10.3926217041875, 9.051519855816684, 9.206649193247262, 8.518277306298566, 7.821205138485534, 5.5674919253131545, 4.389141264088207, 2.923502704914895, 2.7742484418824147, 5.89318577203287, 2.6072802546538107, 0.1622866967510987, 0.9109195738024152, -1.2536119932401384, -2.068587040747408, -3.2005871920773257, -0.03265597628770637, 3.7765212421668775, 10.153697039378045, 9.495666593776951, 8.439655076596065, 10.851406223172305, 10.172800999184776, 9.376111316876969, 9.21278631668579, 8.33043319305645, 6.892965085005736, 4.215710307613212, 3.7844091950407877, 2.977179490273403, 3.8233098951187854, 3.365852716831772, 1.4353536794074737, 1.2874033002847867, -1.3934182374408246, -0.9111777903948689, -0.7268168944647613, -0.6913522399795742, 1.6653740056915471, 4.566244344917567, 8.18667062615787, 8.509546935996898, 7.280053271396826, 10.69895745482617, 9.379161191422126, 9.322109213927288, 8.507950478537587, 6.969413135008982, 6.861847374920193, 4.78297258950753, 3.231837344415369, 4.156968185895196, 3.5243387105084643, 2.8230940960489583, 3.2745881943479866, 1.519590392392224, 0.3141675146385849, -0.408745953946458, -3.518204739463601, -3.498382301803591, 0.3146998902688496, 5.550452645737614, 6.110294601226382, 7.20612854808296, 6.124000654441711, 10.72510323597525, 9.507358423490366, 9.268160709102231, 7.393114319909738, 6.594495242025368, 5.790806696459729, 4.89235410274938, 3.807987417959786, 3.610361525861048, 3.4014031570566927, 2.21713010488076, 4.162689623301925, 1.8470289238158457, -1.7526067845751971, -2.0815731091507703, -3.4675479132607423, -3.7081769981614676, 1.1850748346264104, 5.575357113602586, 6.688262532863855, 7.096895744244826, 5.769267078899026, 9.866926903788261, 9.113734530617359, 7.11646967004657, 5.431331129309176, 4.040560831912806, 5.615336097804191, 4.505173172188378, 3.474921137529653, 2.802575750755271, 2.9580095299338858, 2.5096451307681185, 1.3071200864402186, -0.4274960427523346, -1.775110099267756, -2.207283018236026, -3.3072317432102754, -5.391683185603383, 0.551582230040807, 2.0984679515549214, 4.786658118768411, 4.627124614889823, 5.640741517776776, 9.2660679301087, 7.002010513377472, 6.42253451870586, 5.417893690240077, 4.562074038269877, 5.279833261008027, 4.201873837338001, 3.1684377034644253, 2.913695506511322, 2.6050090833957484, 2.407820975458962, 1.2849149525987311, 0.21509771902955727, -2.4071317840406854, -2.129102939789285, -3.5805121239942035, -2.7927305386896752, 0.8336326339828357, 2.358153823387242, 4.366113108684429, 5.731709440251861, 4.291972049128609, 8.347531515557588, 7.5721793372956725, 6.471712766298162, 4.352573034111926, 4.273558927495532, 4.6113993493245395, 3.5437892936981377, 3.625720470605135, 3.074723569345937, 2.261673627896074, 1.972795551884748, 0.8505670296707437, -1.0282838439804993, -1.35375358594342, -3.440029177770589, -3.356423831542775, -1.8670683732527147, 0.8005588160760773, 3.42237106945499, 4.5399785794847025, 3.7472285206440734, 3.3381008750732653, 6.056526861390709, 5.6365330584956235, 5.161249759464862, 4.460127837021099, 4.196662493375242, 4.1701900203437, 3.600009817907455, 3.9159904099842073, 2.8053662396257883, 1.9578829990272124, 1.0534428807534826, 0.15627126310906891, -1.1803666918549318, -2.0076552061764232, -3.08356287555135, -1.8094703724689927, -0.5357990389889208, 2.5189084350294157, 3.1389962481930023, 3.3433607757129846, 3.095920600317319, 3.59243287918231]}]