script/wind50m.json
{"header": {"parameterCategory": 2, "parameterNumber": 3, "lo1": 3.000054539987559, "la1": 64.9999836372058, "dx": 0.5, "dy": 0.25, "nx": 34, "ny": 52, "refTime": "2026-02-16T23:00:00.000Z"}, "data":
[rows 25 to 49 of 52, columns 0 to 33 of 34]
7.438375611532052,7.6099118379803725,7.478489468767688,6.797322616167912,4.944877449258367,3.1328394185698705,6.520128606316908,-0.6945171834320351,-0.1577334212594591,-1.0646044642778825,-0.6728894260243511,-2.586436006015176,-4.07291431945502,4.77100925495926,3.4604358640597717,3.802755179883256,2.371945269280412,1.714600164918611,1.98473462328135,1.1909423544270148,3.0548623834558613,3.2533481344463504,3.7638919351498537,2.6622245444620365,3.17920096072168,1.9387441781621475,3.191189860303472,2.8206582176997514,4.709260627294004,5.114098572795278,5.164220858726082,4.496759638495858,4.042931692484385,4.903181964662083
6.570237771961479,7.626066806254357,8.33563449417133,9.159007401802231,8.7208844165284,5.897690118194024,2.1951373294111383,1.2538521160545197,0.8318270544744831,0.9764321244542904,0.24599245567546743,2.2148707921540143,5.142342773184448,5.970336841608707,5.881629940198988,4.641583404455153,2.9151495936022758,1.3366779608114316,0.5715302576815025,2.289411726730544,3.374379765165934,3.1859146422222517,2.859128648844263,3.2296499696391248,1.985210380348279,1.1626113092357282,2.0075685629656395,3.415886997651679,7.183850837418345,7.769606385785157,7.100869152443541,6.405256756777742,5.355241711801672,3.9892922229273777
6.836132034286953,7.509831518152481,8.171923445165756,8.474503776848369,9.015637591693396,8.628013973535113,5.440623371646354,1.274568740474181,2.20910955481395,1.5049822744233152,2.5968675024460706,5.874173089561043,6.593782113435228,7.302656907776976,6.81759253682135,5.885758976571411,4.1690987547385205,1.7943645755778221,1.7443732432805943,2.01825203513705,2.8902951648174895,2.707019603362534,2.2777436781936435,3.724060581420494,2.9816258793106676,2.868468442521568,2.331602645247717,3.448955289847481,7.046954790714467,7.101720103930552,6.8076172406006386,6.405687221799954,5.812372686632529,6.682148687516144
5.7359255451761095,6.76533894398616,7.420869683443893,8.251415625574898,8.226937850648323,8.27160979547124,7.750179801884744,6.496072013069302,5.225195014695936,4.086755103779484,6.117335797614089,7.322237798243965,8.33406425594628,8.193219118698007,8.05770447160971,6.350700117504664,4.788544941944958,2.393458221443041,2.2649141585803796,3.1381212270388907,3.246763879529419,2.9225918086239013,3.134781693638739,2.380879311746745,3.133454947422573,2.3943924577145608,2.9438714070029515,3.1135131416194732,6.621084776069541,7.0086203003977925,6.102661094902996,5.128351455409395,5.7066321742758594,5.988299369990861
4.334710964597025,5.99909495413881,7.098069285239387,7.464355807618745,8.105973886623442,8.183543808188707,7.520443530603798,7.748689689185353,7.305060959312618,7.660518929702917,8.462364396009644,8.912792381392187,9.124695369627208,8.68338278930416,8.051010360630647,6.249734943920235,5.172539916717864,3.5728570867295355,2.5341762491614754,3.3910456733268495,2.9219451811860737,2.476707622860441,2.275435926353706,3.1534718126833656,3.208213460528849,2.4741224873379837,2.114530720138996,3.346244359180794,6.4676106243059275,6.155605557240973,5.622587096920122,3.8285298837568815,6.215804350458815,6.810817235938394
4.3673754215283696,5.967127648935074,7.179359515533448,7.771235492359886,7.9869030527160545,8.103373078874109,8.212384273303508,8.074785597415556,8.664958895785722,8.467637063418794,8.97313372081973,9.66261958115775,9.728931272953036,7.858912273918298,5.638833029390442,6.7076153944336285,6.168396724349272,3.9438582811867335,2.246869513241752,1.81868642677056,1.621387270191203,1.2022038052117447,1.7086617878928831,2.6109037602673073,2.5360676109694222,2.3765866764553416,2.2942181117461073,2.943600514275407,6.351916646782188,6.1373890799649535,4.7030380555324065,3.3134235559777228,6.664656900631861,7.05990071320538
0.9133262216583583,5.501682324966094,7.24126284051983,7.915818555716999,8.187999907768535,8.13779685622309,8.403687986586569,8.705038318140073,8.5723642294211,9.048157522687776,8.838380873848832,7.9332040774721495,8.471638941264288,5.51074287524084,6.161919352557662,7.569402923581302,4.022258508049577,4.241543814019155,1.8999289357302898,2.118429137863473,1.7522699584447032,1.5054899943717828,1.9209495217650125,2.1224565646135525,2.3841291619819738,2.1065771730760448,2.007158704633256,5.317402591607413,4.413914303122716,5.710873641998572,4.301871087001243,4.093257788454819,5.950457411685199,6.67511926940021
-4.42641247108961,1.518654009640573,6.1222253706361425,9.007479078237552,8.695051766832696,8.735558039697873,8.60666580054832,9.056374283568957,8.665593889240391,8.342043769888168,8.270636359488606,3.310390790425284,4.428610529919617,4.123802809508589,6.162965613662229,8.626647176210549,7.653230160255902,5.415095755316778,2.285718351511071,1.2726042890845175,1.3127445904984734,1.296499459042045,1.5003062230435442,1.8014295392527782,2.62334549377304,2.482502714199358,2.549776970893594,4.868699556907039,5.917860343993382,5.394670755197846,3.3042591571478823,4.617605665329676,5.587591547253882,5.758566394360382
-9.077384175147275,-5.959258398433481,1.2879324539912134,8.72311214376811,9.29263851607309,9.112001733489832,9.02334667651755,8.702893931096684,8.715636937956088,8.047219112404528,6.416323388788905,4.060815664290674,2.641769178681216,2.9428915560902396,4.608606418255176,8.343944901056272,8.284728868596776,6.141230022126998,5.661152873345348,3.6052648004435723,2.3343326150060384,1.9133205155057884,1.9610889036289467,1.9387018431969791,2.117954220305107,2.0409028298524974,1.5188563003369202,3.612322132884813,5.902036208365232,5.197639719482648,4.576347180432746,4.1658285931780386,4.9211647957115625,5.445032854380381
-9.522677194599096,-8.45256477235424,-4.155627434408304,2.503425271330639,12.764726306323157,10.67646608414116,9.894901361436364,9.521999623152439,8.807442031887973,8.201575384306738,5.1907116808456415,2.140889552858671,2.749796408824693,2.612252893273945,2.8457520509550736,4.785229093953283,7.1882739163521805,7.702631382925448,5.78982514760798,3.6747691478937377,3.6042296742061857,2.5306775355745947,2.2657255176923,1.990383314318639,2.203787889529677,1.8039511811446978,2.4228651750894983,4.832131800642486,6.077887578823115,5.875639715739569,5.511534806418199,4.952143684794313,4.528725982583066,5.374361309982393
-9.88915574695743,-7.874417053614563,-5.079829714708732,1.6487038489151713,9.318740296009143,11.797605258372283,10.612573576624497,10.20544662338155,9.295084140867324,7.403749839665246,4.803293613918055,3.105056950541194,3.5865477675690407,3.000800573552082,4.949490427371912,5.188841863862325,6.372074380166287,5.834529670124182,6.846639507000491,2.4106774584743245,2.8455683032054155,2.9431680498314607,2.930213128249376,2.5056858995602593,1.8099977583940465,2.333821789922986,4.885858317745303,6.084681596705274,6.362843386514944,6.413931564586441,6.337781709359414,6.0523649116032034,5.956748262810197,5.920884244542661
-8.99229612600899,-7.650919892771757,-4.560446557910404,-0.659277017645483,2.950960324648329,11.580253327224742,10.850950265193813,10.216665430866023,9.895052441988357,8.234776272325416,4.407836721406815,2.9629685064079885,3.0271396881996755,4.121652158012646,4.068901216408753,5.634128886742604,5.692484721967488,4.525539945052677,3.4445653878539972,4.0575525020735315,3.08884155413013,2.637579090997853,3.4397746672164216,5.02514935004206,4.88372964856524,5.284304253007806,5.905415397993866,6.714308032058801,7.116027139335048,7.361740460894047,7.190939409549129,7.612970825828556,7.5801497981637,7.443868171557189
-7.822235254738222,-6.35802060610692,-5.395218232593749,-2.3519107396571104,0.37673494343276914,8.70527599490245,10.694163620237557,9.674949986494665,9.3661415966845,9.270269228216463,5.164676297116593,2.8105080277559495,3.4062422148319462,3.9161612794065856,5.353150015999896,6.778373257448342,3.2816450302776756,4.082062740541788,3.5313656968800275,3.085100285924843,2.1610252223618502,2.569775448230984,2.7936107906833536,5.553233723164503,5.932257718612045,6.375934833971187,6.713597932735194,6.849711430898878,7.197789278181529,7.741941794572935,8.380778725630316,7.938178982029201,7.722666617705705,7.493942938045548
-6.833499444476484,-5.6480306890258305,-4.427293276231725,-4.077187314304651,-0.49145777127804674,0.4630333195377517,9.32498038662864,8.914275697704507,8.366145799659606,7.931200778386152,7.377642273431941,4.0811252048227695,2.768292817022859,2.4515592366578143,3.4856480983397273,4.74451503865148,5.189774193432397,2.7032070050730046,4.465288966930762,4.816911775454672,2.458932108611838,2.3834933179326208,3.757406026952646,5.562123035545043,6.1699176933972515,6.259969249571641,6.964153310211739,7.471452575427965,7.20010496600682,7.285243887452826,7.423830465437085,8.367299449338871,7.6775150300015325,7.196845351576864
-5.064870536387735,-3.4538704667425306,-2.772987933537062,-1.5398285026103002,-0.5647425006748632,-0.04773037249276117,4.027567399020739,8.44506621984485,7.800981408628627,7.187765312995449,6.793825431457322,5.322148553769293,3.9050010238089303,4.602053143628979,2.5006450560919604,4.321171727497748,6.3946923839109,2.7097330763437797,4.392914152351798,6.11812326337921,5.263563703938349,4.716125857195137,4.409811864044981,4.153887902905969,6.326137682674429,6.263140115706307,6.582344608654538,7.063059730652435,7.451391975043747,7.119024945213527,7.338255777807862,7.08714127122565,7.459085431552106,7.9241795949039195
-3.5536440184356413,-1.6634413650470525,-1.7776989547343462,-2.2968894285776695,-1.6333866191530846,-0.9492982932583713,-2.9282038149034437,7.102008851834423,7.232241235064964,6.978238632521281,5.5131662743919945,4.173375965550538,3.526652127730615,4.718382259272877,6.134726031460272,2.5107632002319953,5.145020863450794,4.68332398482087,3.5498958533303684,4.118660213630604,5.082913059982751,5.014742928708943,4.991063414659555,5.411603377188185,4.396091395349875,6.267498610389236,5.615500392496212,6.430385831952871,6.287111775963923,6.430110834451556,7.1850135023854405,6.964204077419066,6.169145315049291,6.03653835821053
-5.377251944009116,-3.190753503286104,-2.0019391906726103,-2.1444696159332075,-1.879933791618321,-1.3814454935061427,0.9546427910110136,4.080642122957629,6.579324989208726,6.688661660189153,5.0988640330798525,4.087923874867512,3.3151643678920713,4.042090900384363,6.3710529162372795,6.158627560299608,4.425107472055517,2.583335023323258,4.980332772818904,4.651450702873043,4.704787805984223,4.6032995523058435,5.474340573914752,5.554190213463254,5.44768920869389,5.657383866684492,5.593533771622728,4.934457274632714,4.2049740176556725,2.898451164413767,3.449454429024964,6.480386033987579,5.7345851691730525,5.6870695036972165
-5.31201890191546,-3.7043898776770057,-4.325158045524624,-2.24457878130839,-2.349487066572951,-1.9047023877884965,-0.5678514639079631,0.5554101446735111,5.962357677306536,6.894283962195054,6.2320116784405934,5.037380381761,2.8198124427040985,2.21148965455222,3.3299666969318347,5.786750112259753,3.7045475680612046,4.593629079088102,4.225260024095649,4.478281813316712,2.623376374609977,3.896808239495,5.289881606440341,5.479528954586178,5.145271474457792,4.544660317596797,4.435606677571553,2.5400888892570803,1.8857919960471405,0.762350518147864,2.918567037716176,4.904552394409977,5.335253782907576,5.1373732511466415
-3.787662360666932,-5.299929917571593,-4.336945119603274,-2.6120505007907053,-2.3984776778129793,-2.6255396185055693,-2.0997405729540732,-0.9713860745065297,4.228896339304525,6.28228225784186,5.980512761887423,5.643627611993045,2.146431711492135,1.6942147178710165,3.344496862233722,3.261828856266165,4.147274118127742,4.406488941559352,2.3680985030041435,1.3835603976009498,2.1091163878194688,3.2493759859727365,4.450718485896451,4.620663381869697,4.638603225016782,4.434414417597559,2.3311654089463105,1.9854914933407461,2.1316870315850918,1.9131138141805384,0.6747508385634415,0.18289386573245223,0.4467331125574721,3.5012103823896297
-5.507959509395606,-6.180829171790312,-5.002756248800074,-4.107979038584048,-4.321886160674114,-3.0062249980292797,-1.9126498525563196,-1.644155509639853,0.29690212355769696,4.135678010952747,4.955804575598676,5.235662095678977,2.6458996582569045,2.1359303601146777,2.408784570667865,2.0396558979623225,3.0756754751250495,1.7708919328743769,1.2683042709244983,0.7941080781781003,1.0738179718258,1.0235278065025502,2.1409946314851855,3.226238331381438,1.8049881849190834,2.1696107197171903,2.4077340278060384,1.7662807217188534,1.7526569313159925,0.8229787956861115,-0.7413072233014834,-2.0073491057151482,0.5227801011074754,2.0584680890009457
-1.9289792243890402,-3.1440346475321728,-3.409961202295403,-4.183037947030446,-4.216325291167892,-2.318078951682571,-0.5353180433221987,0.6499326031455168,0.9781839860857108,2.1156210435069593,4.721443188664221,3.0925496377259485,1.9639187231289714,1.5623158803294324,1.3890104244856025,1.676905131839545,1.9388782092240595,0.9329139937293113,0.46718554177207344,0.9298925280988056,1.3521214824845258,1.1389137412088368,1.8636012006041591,1.8122612664824895,1.368909340686015,1.605274504352312,1.1839732288147267,2.055418360644413,0.9887741632091849,0.7899375464094969,0.4855503815856831,-0.42798154674409034,1.9609193185035592,2.030397995163897
-1.728568040503929,-3.495234697188513,-3.897266860962392,-4.664095391846615,-4.139828086309404,-1.2752180669186446,1.1388726865829686,1.9437221427700464,1.0543531036775375,0.9834587059639852,1.7454559422505493,3.431505615988331,2.495174741364348,2.0041047136782795,2.3752915347147323,1.945427880308727,1.7851561538554832,0.703180295503425,0.6142956850925386,0.3760947100077273,0.8286035925802031,1.6528680937195153,1.0553886121376952,1.4191051065692037,1.3829090350997346,1.5220212650076008,0.7868815895638708,0.6362332627365666,0.5471298469674202,0.00010984699118845817,0.6178761209395309,0.10856773373503671,1.19141607681168,2.1669516305827763
-3.7488609256960754,-2.818469951301053,-4.7725878812136475,-4.8865178310735065,-3.7917373635488976,1.4366980109300385,1.7662147974708562,0.9831671538833654,1.265749742432818,1.2711843545484542,1.1628593768782935,3.6735039704186567,2.0968436449555834,2.3681161649063713,2.6417651102110424,1.7774902064407216,1.753222256012543,1.2768543909455639,0.7444970872636426,0.4161620232250877,0.2050685301833173,0.4371959319836625,0.5315202036070591,1.2035791139596945,0.7907506258460862,0.35924706534760403,0.3496471644534763,-0.00890731482346301,-0.4258640823413102,-0.4721235247518838,-0.4767206327794222,1.8373274930809615,2.035795117814477,2.0385049329090448
-4.595834162100173,-4.735864519207023,-5.729451977161205,-6.120348154570026,-3.5658569032807645,0.9456677874358373,1.4319854432785113,1.7519333533320032,0.960020207794295,1.4047286279800688,0.47616466430698373,0.6625112564470422,2.0724534718851944,2.2364381212351425,0.5243077318547619,1.2557426819036073,0.7855743016875716,1.2723179745202393,1.771520968161856,0.31830389987483576,-0.0841407289121406,0.17932156191666435,0.10271088531296645,0.5326591989896722,0.4889391110972142,0.3330231572973276,0.1957349700443351,-0.3453362200529913,0.4660200400113863,0.5990225645762264,0.7088423516512857,0.9461501288750391,1.8865398121482533,1.3329574827858222
-5.528716174654834,-5.451707110520892,-6.475268713544464,-5.654330489664044,0.05637450019197454,0.08187654534210585,1.81744432724323,0.9938874821219089,1.2073736137800457,1.4711408220945366,1.4490227553275625,0.21855394573651993,2.247887378832194,1.0489520764650702,0.9248668033980316,1.119694757122418,1.6966983680744125,1.3599752280301507,1.1499596988713454,0.0372653787105207,0.8205793534464684,0.3649639562319583,0.4185162095985327,0.21536282689764782,0.2617872441492745,-0.1694739191534626,0.07226437173983317,0.08872689360425136,0.5746440432342521,1.1574703297789009,0.42607493608046665,0.9001283854466731,1.3306368960593826,1.6040419429164903
