script/wind250m.json
{"header": {"parameterCategory": 2, "parameterNumber": 3, "lo1": 3.000054539987559, "la1": 64.9999836372058, "dx": 0.5, "dy": 0.25, "nx": 34, "ny": 52, "refTime": "2026-02-01T17:00:00.000Z"}, "data":
[rows 0 to 24 of 52, columns 0 to 33 of 34]
6.501578516616129,5.749838947520663,5.384115254554029,4.650555984986298,3.927281130396368,3.0502947667116835,3.2294039779192247,3.7190705938998616,4.419342840636257,5.993681082604836,7.147657134561646,6.94791288496383,7.101446453292864,5.990115799225665,6.636052150850539,7.900690897542013,8.125219390872916,6.502573533105678,8.191770085754069,6.0948145067437585,5.950234239630991,4.078960499476397,5.308226338558249,7.739059021242429,7.651048512875558,5.132250397498449,8.22708749800346,9.782975080284727,9.306124994232405,7.667793161521373,7.785570551213652,9.965308189129116,10.308039765159021,8.728561211440246
6.855624277817202,6.245408548000538,5.5645416887870365,4.916906690260549,4.256377267462917,3.918957471904149,3.9898177963702155,4.046368534481802,4.414625150067437,5.987851976905481,5.784026450292221,5.733054088428967,5.5564150659583404,4.623879708802203,5.252806789426519,6.1473618699845,6.97666485502434,6.714465751768508,6.0417487890521535,7.380210869096945,7.100919811407287,6.604898670333132,6.098929465305614,8.071625348202673,5.1186953632351475,7.450469160692322,8.17729104699533,7.51347778922414,9.53089426807221,9.790691098264027,8.770153956636774,10.047150359816635,9.93251256118209,10.820246129040171
7.033592805776668,6.184065895856069,5.450129368069354,5.068801404646473,4.5413026622895805,4.236630319073431,3.77601449905255,3.3718172247649125,4.189728332417373,4.598252088068286,4.779512828057442,5.398016265703244,4.491614169161761,3.689190771198613,4.365284265545209,5.607468221675349,9.112173898494918,9.60281500627253,1.583387810283278,8.834938600553098,6.1494247450334205,8.841220700850455,5.679852538883637,8.411253646841706,8.977502215271874,7.623320530272749,8.959373923673793,11.620690498585292,9.905274164976444,10.26684115859988,11.4876400551456,10.43495279017246,10.500219897049346,11.440288268732013
6.980532011300054,5.911593771329285,5.333959431155501,4.529151998025005,4.20196739144886,3.7055778219519073,3.165087670941603,3.2808051136908594,3.233407181104483,3.5240312055848615,4.013064670196658,4.041630790761628,3.5998236913909905,3.7907856856143716,5.105609497604864,8.094410259039282,7.065236468088008,9.066747159915678,9.599777892082477,6.842935537464747,10.214183748875167,8.432936689218703,10.587135102022172,12.115565233209011,6.255595094843521,7.306541938244165,10.693445102472621,10.35242077371554,9.35982635058062,9.37985424927606,7.715999418581825,11.574035893675783,10.635409166473623,10.023116340778945
6.650408936215748,6.0545691905163075,5.358791902095826,4.109984123353029,3.064454609529135,2.6089136331732616,3.3136803517205924,2.468470424192862,1.6118427841499188,2.326479730653008,2.377169403721979,4.334694719397299,4.242663268284232,4.639728030942796,7.111474952335088,6.188772541803579,7.242642050220879,7.217105540052508,10.41326023821034,8.982631786676729,9.88805914592983,8.650206789391564,5.848302915169827,9.355046989333935,7.48687929466769,8.961684256885613,10.197072634669595,10.181384757681267,10.317057598661359,10.069299480776836,8.606810622896905,10.669831143376015,9.36240123209139,7.809446980388476
6.71687794978501,6.134075899764473,5.137784684835091,3.9269674687785616,2.455885571238681,2.413476264452491,1.3497461656948808,0.7104357448662922,0.6071031125120235,2.3936449553296844,1.2142132860658377,1.6444065767731082,2.151913775937199,6.069519204014976,3.6894364420643755,7.266519120098141,3.5994523374095753,2.9348661869889483,7.774150266024388,8.07983525545575,7.223817202698489,8.913041774182746,10.65156081848248,8.574062907734413,7.4073736633514615,9.528484751453478,9.303770345040574,9.72299041986258,9.488435141569953,9.867991622560394,10.495769827989028,8.556117317747267,7.953589183171863,6.251361952318459
6.659122100914631,5.861314324225209,4.671435383302559,3.241831835375534,2.2560315809436386,1.3248339352826621,0.48495000979078023,0.27617281955166206,1.2747970867520928,1.254152471745738,1.604513203279194,1.0018457755948176,2.0568838833114507,3.0248883394071506,5.941611552518772,3.575650848037652,4.472456673643818,6.297291794627739,12.217670996292801,4.977242772502195,6.261190193599302,9.693652578774568,11.396923090592995,11.360636190324543,10.54512966777004,8.046262537538942,10.29347674142816,9.642935206614633,12.014264595456972,11.67294724770327,9.370252274087699,9.607203291201126,6.847133301297011,4.778012491202216
6.464318429182201,5.69788204734613,3.540369611343421,2.136734820607834,1.59762647017935,0.06486121429047687,0.2734829768114091,-0.6245785025850632,0.1614112352204161,1.5126256976404897,0.1710619585545472,0.9981594854929683,0.5966137636160657,2.1368381234022413,7.497985161855588,14.588364807735655,5.432620314887245,11.519561045191148,18.231412851582213,2.6108550285879604,7.000952123592507,9.03666349510336,9.548535089332734,11.454385392110943,10.64174398429212,10.414501990552786,10.454669443044786,11.51884005987109,9.297513517302228,9.41938104537481,11.600896223031954,8.430939463866299,5.02307067412491,2.5777019982255225
5.938797806007527,5.2888557767850655,3.2348679352832357,1.1372225215043226,0.3309090145521052,-0.21640324263188224,1.3221961733070269,-0.5867008330011064,0.0869752188066372,-0.19561531061054174,4.549081964099961,0.20313230237896096,1.3282390764630676,-1.1337365920749738,2.9637275859915397,4.644806823790934,12.283475646281664,17.766506479330147,11.336454541804294,11.910164889389781,17.386172512226022,13.126146832376822,11.003843307978713,9.9294865563559,9.154033311936184,10.352889424110788,10.20511156285718,8.25594603046933,9.556812268669013,9.39303677355971,9.72451941636359,6.636097319962486,5.963243516299794,11.215837591460156
5.36547907501782,4.925296837612876,3.78010501594893,0.5272516325155784,-0.3335815331101456,-0.5817136100293169,0.14927516304547084,-0.010880855919871063,1.3117855726260594,-1.0123475371001844,2.965241632011758,10.857734243447577,0.8978814793527098,4.965562615153996,12.643598321902573,14.36784920634241,12.31104154435809,13.117875293905216,8.390281893485001,9.110622348567505,11.271148611230043,9.27310222952297,7.132876760056039,10.07184474054784,8.72846178792852,11.981057825138356,9.290173507621656,10.592852839219017,10.952408732467983,9.819128250598594,7.7636704134626635,6.839086260210003,12.19824611548994,11.379755039814352
4.932748727583678,5.180703876180191,4.175197091995871,-0.7309447608529553,-0.679816784056948,-1.173364693378269,0.35468248336508007,0.809918559408834,-0.6357690477454291,0.6827855973881042,4.522031698393695,14.003781683919138,0.2564361168740006,7.130053899676768,11.203667747888993,12.722805613471806,11.338654991797865,9.380246796599998,10.523330169294926,7.97482500389646,9.32398283556903,6.890101220340802,11.484083914169535,8.001792022250596,12.488112331111017,7.874628517124329,7.004775075830971,9.055893747296468,10.073553323074163,7.934231138710091,7.136505927813204,10.119485248472653,11.925464386184618,10.6725411236405
4.169326975037057,4.7968276899753945,4.2284025152951825,-0.46746702583089145,-0.9377796450994013,-0.43913504803252046,0.12175899323524693,0.4679191549403489,-0.010675706277647816,0.43938007772966575,1.7265334871134426,5.547263843766056,7.388941713464169,5.230770866738489,7.898787138784146,9.527907279418272,15.014098266167329,13.920779736807932,13.006578260269393,12.405077829834955,12.59314848413328,8.750269282506434,8.294670100117939,10.394498425529452,10.419431379456832,8.338615919726985,10.006200307631136,10.824202211836251,11.368404143266378,9.509098592177704,9.731102706275081,10.407327155936613,11.107137098536,10.589381513597438
3.9078748127651832,4.2125796893211644,3.1171594474569218,2.3939187228349086,-0.7720067222595002,1.8176708789249307,0.9370423360309991,-0.02092687039706415,5.428470372391106,2.379513719316532,2.819434091853065,7.149201497491821,11.244346272585966,13.112769830355631,15.297839556136942,16.567840716688103,10.548147034720499,6.333111120647264,7.431262739562064,6.977160828998835,9.89365094552049,11.805395038127035,9.401157357002408,8.179581893106338,9.878973913852787,10.587886873862447,9.598219608676388,9.340480487919708,10.244652141193635,5.801734842426012,10.1619195891716,10.777348763273805,10.275560577825255,9.829557034574645
4.662270297296284,4.154374369342036,3.6718069076173565,2.9673390348130653,-0.1704766749390757,2.918626627794258,0.057422480214396825,-0.9668803699460166,6.7255616438846655,3.6939116383143977,5.62873415309503,9.491296974270737,8.405317085620297,5.688903404705013,8.882315297584896,9.823822424546002,10.316969883681821,7.075956809510533,10.584377954609923,7.7912005454278646,7.4601737760033515,11.67674899582867,8.811071437528163,8.918292620301845,10.01927478497055,10.57494066847468,9.262870792317797,8.836679140752004,10.668823484271266,7.929630463557942,10.12622772868732,11.11727932605659,9.769094591656586,9.21906571514477
4.893306844458054,3.466442862528845,3.284137326200793,3.5377318975766716,1.1623505837920198,4.342378944693023,-0.18268837849836347,7.842861556642923,1.8086529365369082,0.530671071251221,3.771361137865775,1.7382351714643243,8.261482862865355,10.349335438583514,10.197490369602157,8.262927016546675,8.315078311911842,7.159979252922142,7.069862064777595,7.452856141731232,7.528029196392163,9.04404529022001,8.538752178381566,8.014781092560195,8.68217327538319,9.188494369067808,7.6134579019923345,10.495122881356822,9.249019243467757,8.649142388489736,9.799039160473072,10.582400118339931,9.241739338070357,8.714237871855161
5.607086892744515,3.259541654007907,3.1489245510856523,2.378925119497945,3.0290415813575087,2.214211788719287,5.385459318315798,4.052731370400883,-0.7221150482765969,-0.9660631728037014,6.764837648258677,8.022630930452067,4.38986910725853,6.854119307008514,4.94386837658884,6.541334938283917,7.658414317837201,5.19499588237695,6.708414299227535,6.141515309411188,10.88079618804938,8.9498284633346,4.23261641415408,7.303154893835024,8.15690529693084,8.030459894927347,9.894019638709182,7.975310613968709,8.487850578854744,8.70837569291842,9.451337598995776,9.783083067766913,8.589204374953368,8.242788118884942
6.663795468851122,4.097835217147449,3.1531003602735477,2.27769286464872,2.725086683966851,5.076177037117122,6.166082154523181,4.576490789571598,6.66776754448324,11.971412961516805,11.352496461185783,7.832519058905828,5.201753191850926,4.303380199828165,3.554589470650176,3.6463199321511577,6.446835405116109,5.190264631345874,6.355217223463524,6.107161100432969,8.488627595768412,8.02187937884299,7.604330246012586,4.780138366235634,8.621323996175212,7.670947276618943,8.573544818317504,8.15248069037826,8.357091402077703,8.443404928009047,9.11148224344339,9.0305756759886,8.004916749784005,7.724280320485746
8.64065163032931,5.367973942361405,3.412221789052563,2.7931709135504086,4.519674627923401,1.7706305799229571,6.596071426495678,0.3827609369144563,12.946246756251561,12.520440032992182,4.336051800029761,3.3393030698788406,5.391044038541387,4.025004054046384,6.293171922117133,3.854935587955253,3.5811427670737,6.155665682270857,6.7666534480264655,6.543720983284214,8.242308889718485,5.17504151379831,6.210618176099504,7.436236341749683,7.814107016637262,5.939447063279804,6.567707304282583,7.2343981061830425,7.576820492194878,7.690711026562762,8.668732969019672,8.535014381976913,7.465369739534949,6.657993718032232
8.445414479585228,7.942051796874839,4.5853719342422155,1.7377688265560254,1.2847233420029176,1.4814187451936587,2.4123380578458957,3.060999153188292,5.436519166030826,5.14602301817503,0.5434843495164396,4.24436231872735,7.28827649129244,6.291578100921161,3.474021112372934,4.947372034192833,4.232250133681226,5.302031967744346,4.4680330902704535,5.47182556818955,5.651883676681391,7.6321257285518564,6.113511026415929,6.484642324532223,5.9928995380091985,6.302476870318675,6.59505682011626,6.246810560194873,6.216510156009384,6.300002852796252,8.241261267960496,7.028133696862068,6.51234809712998,4.753950803718171
8.959872857678185,8.441569504525967,7.310579257907702,4.349218363237053,2.89993041542282,0.36481450317522596,-6.338105118266891,7.954561823834457,17.019091457361995,9.740988303759815,9.60108353145887,8.724971975130236,5.651795598263412,5.238094145860142,2.318800220539646,5.224947273144472,2.6507222064247506,2.818340503832072,2.5238308015988067,4.136182589812613,4.535589999439478,6.254646639888207,7.793315453114452,6.862799487065687,5.250521660073939,5.445944657351463,5.499792326348477,4.671541863145248,5.072012973021868,5.111782384452944,5.95427267244167,7.542815220237373,6.5190470858429785,2.520370716899492
12.00313845302193,7.92425438554379,8.207053261678313,6.528183817879213,3.2567346256324368,2.1100247164963437,-0.6742294096954005,0.8306666152773081,12.886954545696872,8.739793749352538,10.66577243883703,5.042239033465684,3.9161637409296475,1.0477210799035415,-1.7132198960333687,1.602974974350816,2.2312668099985338,3.080173264770456,2.555868990462449,3.533268296500306,4.107104262109781,5.488223536236521,6.526330935506527,6.211421095764152,5.837206632868248,5.790849625398658,4.32946246993219,4.518894770743242,4.598144270277884,5.275060630426493,5.151539887594742,5.207267154392592,6.056350747254394,5.0581721126285135
12.730540049475875,11.737863342327323,7.368456176606376,7.268277416672266,5.415043375922313,2.7417744629341763,-0.8540636285276608,3.483584676625458,8.605088871674957,3.236313539423795,4.345599803892466,3.50772792192855,1.7096484400724496,0.17236506451922048,-0.2687698778073479,0.45930981757194095,1.1018880314183361,2.01767089318123,2.376220826937168,2.9709506273473183,3.453488204553639,5.506113200565136,5.044018633173855,4.904362171970026,4.920261972303599,4.25243143418213,4.152410039510534,4.634761091136908,4.550900247941847,4.281837269145669,4.983450029627764,3.7919280420094545,5.031848860099011,4.713931979961866
13.346356785672327,12.168821647494225,11.319386736648749,7.146094240902569,6.212048965474559,5.16098908942334,6.906369200949014,-0.09356861526088518,6.07426199018607,9.79303431448958,2.129615427075481,4.113099269206139,1.1516821755863929,1.1871477676731246,0.6117131526992294,0.2619673437561708,1.6895871748905678,2.598831694457778,3.429296447028735,1.779894783714755,3.052957231639008,4.369566225506827,4.1904866463443415,4.230780840659445,4.655014183179671,3.8562386754623845,3.552387883484524,4.066861475571843,4.083234799820354,3.1388544546401893,3.797408186476742,3.821471759177699,5.124011010382067,4.4097639715665435
14.23814380919672,12.727724988260285,11.950022050668077,9.887272763568582,7.947842291626987,2.644555031295976,1.988807209233638,10.535219602947086,6.243763183938435,2.882495981008093,0.046137288588514326,0.5912693504815935,-0.30872694733214967,-1.436091473808491,-0.6088420608339071,0.8899527186006786,1.0317346719369884,2.1937542569682504,2.7778941129046584,3.4077232796966617,4.62672579153402,3.9639249057517665,3.4882364463415754,4.1447713884337185,3.0232662830464223,4.099613622582811,3.33402341772939,3.7647349083707065,3.6222084682065594,3.6492962591409737,3.955270224194455,4.363876794456935,4.831053997289701,4.305422964567898
14.86764051986867,14.448109920793838,13.230453147317558,11.383002293766381,8.880327418545813,6.451500964662544,6.180969864810332,14.706926101308925,4.22172588995396,0.6818517535357844,0.30991454593618073,-1.820354836512164,-2.61663772047989,-2.8511375713144513,0.17693929764260122,2.294992804489834,1.1822629551038526,2.5238913542374384,3.2273329143221328,3.777203442249618,3.698280152604905,4.617370255916994,3.240433140256314,3.041429550737356,3.7743838780876446,4.46333785591923,3.204309918004937,3.412996597883021,3.831809815378437,4.4095594852108535,4.145182588440771,4.728019842964331,4.817198434923853,4.061166736777486
