script/wind10m.json
{"header": {"parameterCategory": 2, "parameterNumber": 3, "lo1": 3.000054539987559, "la1": 64.9999836372058, "dx": 0.5, "dy": 0.25, "nx": 34, "ny": 52, "refTime": "2025-07-06T16:00:00.000Z"}, "data":
[rows 24 to 47 of 52, columns 0 to 33 of 34]
-8.789377319354626,-7.283940839993562,-5.974209904370925,-3.8539067511152796,-2.1496286801080364,-1.1411708462354735,0.1350379538258676,-1.175984395168967,-1.651200221711527,1.3705823154502863,-0.8072127276955071,1.5496717399301334,0.6206771587237405,1.2984030669314912,2.931653977214092,5.420158350629947,4.703279180664709,1.3948799945041856,1.533104673088028,1.8343121380674057,5.5717562009632005,5.5766241585623,2.295571306146855,0.8487836299380442,1.4312047668400898,1.2973434900532637,0.8822297963835871,0.752527154352576,1.2979418888830472,1.4519230786057802,1.508254281504754,5.932015657003638,7.110633268802973,6.564530770644395
-8.418873838131361,-7.365180180293429,-6.13875453031693,-4.174766343619043,-2.49081185175906,-1.427367377774573,-0.9230812543578449,-0.7758423359718443,0.6229669607842792,1.616381386148851,1.2116235348149267,0.551774986250012,0.27843803160382746,7.7257295342024,5.728066772975792,3.9649284423769204,5.094509535104834,2.2702885811288898,2.4274748366443313,2.3293569420416196,4.679188813487875,3.216828057497652,0.2799342744594469,2.219426024128262,2.032901159777041,2.145497743576247,2.5408848020516643,0.19519132709289266,2.5040913304770984,2.930484332888772,5.202203924085641,3.7103809368503,6.6148435068435285,6.0810337697064245
-8.423932518359736,-7.844499472082939,-5.668424225265177,-3.9398274923046803,-1.7112661468944554,-2.4249532539282814,0.4991530061024993,-0.38714098336963,0.852625930335633,0.1276312659780315,1.0412961269193757,1.1514743218661192,7.260043075306877,5.776373621053404,5.588122314858304,2.9352562405565323,4.003848722747271,2.402300572726792,1.9623530480502758,5.154768002165178,1.9060429472750413,2.1491713979133586,1.5009093215352163,4.44502591939863,2.5935386216526095,2.118226880969558,1.1556978715851187,2.0078854331784797,2.1524450397782156,5.28510227789935,8.140170999363994,8.270247797865107,7.063540285543262,5.147786263406734
-8.118719085298451,-7.862698902126556,-6.240070624697367,-3.795172223298318,-1.5958390390650752,-1.6672893255454302,0.01938024396517473,0.7143089399952051,0.5173644664228496,1.1523754897975402,1.6426654110740964,6.65987436830827,5.913830525914256,4.789552894169391,4.057907278278187,4.310037926752513,3.504890046487747,1.728442491929692,2.0101753002599674,1.442867288428462,2.694259598018592,1.408885998995012,1.790015193125283,5.172153099678785,1.5783538965922417,1.6474741474052805,2.188132560689109,0.9940131042165515,2.590481514193866,8.972929752359551,9.241410009894551,9.206819062538091,6.443774640024477,6.279727803662628
-7.863454292484857,-7.891781149334753,-5.771251320387507,-3.346303438877696,-1.7508709260975954,0.29764440940229564,-1.019058699855758,-0.18057500055979817,0.8352895370381819,1.4865891148494255,3.840990400994665,3.6586088074449035,3.7711397340860113,3.7408813119127258,3.724091993687766,4.747154780386098,3.0182759544596243,1.8347435120351387,1.1720496208884252,1.663410012959952,1.6457695686918232,1.4293757849235702,1.7959576733494582,0.7762527392136885,1.4854911353412474,1.075322984321849,1.2820741896992596,0.25762446067125194,6.027482443513525,7.927674044774432,8.003943123331974,7.774986282050668,4.292828364949583,8.330887860936384
-7.983824435050077,-7.8914113942495385,-6.562092644828891,-3.3359879739115383,-1.7653379143798809,-1.1750075871801329,-0.49921217669928575,-0.2755856779707214,1.4354419143344945,2.026090893951682,3.5940715790033297,2.7357638770896813,2.4310589973366588,3.7442705491885264,4.6246389940193255,3.665111998636905,3.2158650002365374,0.033517042970388725,1.6322054708467706,0.760639778033109,1.4174056066805871,2.188197093451162,2.0242509797866703,1.2024419654523926,2.0135614390440333,1.399713835999912,0.8565429737481216,1.1673201622001217,3.439689334801237,7.7025598821643335,9.083956012811116,4.419454812695909,7.31983309653012,9.071122323502447
-8.246110979269286,-7.674544064273695,-5.929890968554321,-2.995176344398286,-2.290308162730302,-1.4181853062224432,-0.9817252171495227,0.51953911981365,1.8067280268931603,2.918231471151383,2.9048477651983946,2.8594497943045427,1.9335399220125067,2.7677324946792767,1.4425271807375772,2.3631707767969217,1.314083572511602,4.085864455446164,1.4901065110747418,1.7631681268656472,1.6856642936626172,1.4471051364088865,1.7739916326007115,1.5612338258205098,1.4808280778610565,1.499389062891005,1.5634487581125107,1.9429007345917186,6.796943879648139,8.761309304063595,9.509610292314031,3.4932290964117048,9.557791148178293,8.060875344322191
-7.697733697677295,-7.164882170834414,-5.549440937963805,-4.178745308345805,-3.512599666097928,-1.6697300950184597,-0.9230414203378621,0.2092107465827514,2.43477921652411,2.616148892475344,1.833183382411335,2.281524185059674,1.2390019193317376,1.1047294004420734,1.2119456201836403,2.685308668250091,1.5092694139818277,3.96291826377532,3.5540469409483912,1.9189543382354184,1.287421268700339,1.4413025851738714,2.177623561000515,2.1802523735632184,2.47173050395617,1.3856007141721594,1.2825194068657784,2.190913791703836,2.901804819395683,10.350430418148429,10.110672499393335,3.925156800980521,8.732929426895195,8.285586568406869
-8.02826738600356,-6.374531415000937,-5.902895821210408,-4.401431268891855,-3.993880345366347,-1.981418258036877,-1.3817453269357194,0.0062857844472933785,0.730403289935012,1.9042939122512004,2.389180447757073,0.6362353667762445,0.6134750684782824,1.3919953925939146,1.435046154182815,2.817395155916329,3.5747613307460395,3.4862964183945233,3.266186210295459,1.100462019843838,1.4254301826472602,1.0737219923630128,1.9431853534456378,1.8285379779545223,1.5490933530540714,1.6735012782938687,1.5840129203050297,6.518131110746006,10.260909250948153,10.539884842289357,8.66980068482507,8.462239677337244,8.574892877931262,8.183035315881787
-7.028829227026027,-6.266508359494954,-5.139616067892055,-5.345095856398509,-4.352304218064372,-1.6816750723920375,-0.5967847723359088,0.3632384928148878,0.7699340583257334,2.15888487662479,1.3360700842221176,0.8309573923561473,0.45843121024785455,1.3972995640265984,1.9248217311975566,1.8719681461160596,1.2998131730305205,3.168628695008187,2.7691823111070004,2.1598043687764963,0.8836014756423227,0.7641401617824123,1.182307627018881,1.7999604371445463,1.5672921651457823,0.9356171974864439,1.514137750019125,8.369225272837708,10.165636785482667,9.232997197847029,8.267739532014875,7.561020642098264,7.470280640247033,7.502804572479683
-6.59435011737899,-5.633704184214769,-5.350761216163773,-4.246309547512395,-3.368192237274259,-1.5632698868179364,0.4153996625812688,-0.01300873697214444,0.8445255443111787,0.9567364698365336,0.36064650074055904,0.5548741837221679,0.35980117864722316,1.6721921371574953,2.1555870698052177,1.6887954646049392,-1.3640623582748372,3.780282302776539,4.6633368015819245,4.183917239631757,0.9216792456627664,0.27783355946843646,1.313139351851024,2.475668452946619,1.6126183382111707,2.3614750773445388,2.458911866432239,5.44581137367825,7.937605763652982,7.889850782600951,7.545899772280227,6.672427521529101,6.721308157052591,6.802698858539083
-6.466152658822914,-5.661340509668638,-5.407481210044527,-3.633718715638339,-2.904776231234497,-1.7438967088698372,-0.6476995812108314,0.1435115507617235,-0.2096063971587488,-0.3832199391365255,0.24292344287630396,0.15179787124349803,0.7906531490932275,1.294498095438643,0.9251546529509037,2.0621149547205593,4.292566733467497,1.8037835559588593,2.8410843110668167,1.710079290492088,0.34051292019843094,1.4002644795330952,1.6551521967483906,0.9484960842380157,2.299260071163863,2.8578701305486574,2.7735092940785346,6.606766277803768,6.571566580190994,7.081945988872317,7.044387880563885,5.8394726062201645,5.941417432182455,5.537067912310207
-6.303523215597705,-5.3759771822758635,-5.09845962224244,-3.816760600775287,-2.4922856450041104,-1.276136609874705,-0.609837772008411,-0.7916931134493573,-0.36017678708473927,-0.23132231608363255,-0.3907497701436372,-0.3525320813284871,0.26661201102633075,0.7914884875435109,0.8491017909945753,1.2817491085130217,0.701309820012097,0.537667247652717,0.25997747716267094,1.3872991190327082,-0.479285364935369,1.617928954363883,1.7539964097802854,4.695649039116571,7.794517675827962,7.481525977783184,6.274611860366282,5.698383956111193,5.42419028475622,5.918321247104485,6.001043819777405,4.992974511336705,5.1637139598796695,3.985376378620064
-6.0283244354945715,-5.469145924399303,-5.218127621600462,-4.532986701637657,-2.3530491061384438,-1.6516477453835157,-0.6232600558589088,-0.7860280494390112,-0.7949335778104887,-0.48321327261892744,-1.018678942240188,-0.7204230891543719,0.02003008834365276,-0.3010076191794072,0.5291382293339648,2.128625541242545,0.8889229674819675,1.1022736185128714,1.5212168471533054,1.8693395712323777,4.308655070080739,2.6735514727296037,1.6157305038562555,5.803499032856282,7.792539427328386,5.750927444304233,4.582725369936847,4.511221902042179,4.073760656977374,5.081956324067894,3.8294334904333165,4.0221588989708925,4.157011064844518,2.825211411126251
-5.555857321946045,-5.440474694057224,-5.0970083866997395,-2.987883856612285,-3.0227821795213616,-2.071601727624214,-0.823160549934997,-0.565339397820526,-1.1452747683679827,-0.823803953859097,-1.7034599617981827,-0.023880918813397402,0.11295315466156801,0.9177613649100679,1.935279966064134,0.15521154551961336,-0.7324382907915404,2.1540408949178067,2.497529972442003,2.338524650162606,3.1210839140249735,3.4540625031980867,3.6189179978650854,5.525783311447756,5.331454502645095,6.791062502996995,6.431939695385502,4.6049829673446965,4.312183812693248,2.3693019200958063,3.3733673529846446,3.8774644066357706,2.5348214035564376,2.0598673904552736
-6.357507249977938,-5.45389819500993,-3.6031164703381755,-2.9713049587837563,-2.8810641758920084,-1.6582390831539553,-1.461063867018871,-1.5519855310478043,-1.56712678136598,-1.7969809138526958,-1.622615988412384,-1.129665541507199,0.23061643123426503,0.08871818102154623,0.19474176061611875,0.2906811847152812,4.194323742424774,2.2078111981689728,1.9951119233037844,4.36971588131978,3.0681906619337695,3.4527562247477617,4.27481427895102,5.638441377915053,2.891594714005219,6.349726481953444,3.850820156851697,4.394154161445257,3.58547380853214,3.0851839168255215,3.934152869148754,2.884609685152625,1.9001472886008632,1.5702656079120805
-5.797979659385585,-3.8592047593622683,-2.2000902653080296,-2.7537026501462347,-2.5780559460398584,-1.805669212234513,-1.6036842943078724,-1.8422655139270645,-1.4154016711637039,-1.2716457752562105,-1.8877988931054617,-2.235344781996316,-0.9097550589156469,-0.3174115681066168,-3.7076078347430665,1.3345129723686529,3.3198560345556083,1.22379066582728,1.3141615270730191,2.0719867650498736,1.6050806229508905,3.528536266940495,4.791554111448046,3.2041215011449333,2.6583236168096356,2.859751188305804,1.8993216871035596,1.9580786154411292,2.6961898037705634,2.4478955423578914,2.1454064494183887,1.8483195406814537,1.261291943054807,-0.2581673892661623
-3.6367437187055165,-3.2968011383468894,-2.3368034021271122,-2.3678936699365787,-2.064914349886614,-1.8596918785950607,-1.358976442450157,-1.5957521189261514,-2.132559632076123,-2.627914825590288,-3.175735479483044,-2.7197038781176324,-0.14798915356980474,-0.9270092809449647,-1.6422047515881633,3.9998565841665368,2.2321475137904776,1.8293705568278933,0.565209554173083,1.654592380230914,0.5625746525619738,0.2809816071013273,3.008294746200688,4.404843864333936,4.204073134777504,1.248382053713517,0.12120147284793874,2.1295329560151406,0.8448546334967555,-0.45088804015800643,0.5559961498722595,0.3188758819222602,-0.3830359224993611,-2.84441745403707
-3.567983806660838,-2.7506762338082806,-1.8647257620125586,-2.613797397625425,-2.6907750569659816,-1.717176500638685,-1.3549828106236874,-1.590409545449985,-2.3576069761264047,-1.6778510117511465,-3.2251310466519367,-2.9668007138529777,-2.0817269368143707,-0.9192325318703589,0.862011172677729,0.471774582647142,-0.2921560199361252,0.34169942104957984,-3.092200952221369,-2.8956411725991438,2.1839130569330774,2.292720774248685,5.214255613628355,3.079228282665122,4.298976619116822,5.7930323714454675,1.5444557289877494,-0.45180871214530705,-1.5132467132240006,0.10680793994831773,0.3853544293544103,-0.5047116971544248,0.2580426877552592,2.8933796028869003
-4.333697627767061,-3.7714887410035036,-3.096124409178285,-3.119006562103971,-3.461658412959584,-1.7453805268453315,-2.50833828111631,-2.22025487484437,-2.293529785766035,-3.6417281343293397,-4.159310361526897,-2.860783029109328,-2.061432957623273,0.2952774927501595,-0.39130102453254206,1.2379147004134312,-1.9653376717654583,-2.605296085288722,-2.1031238324134254,3.4660410788912146,1.7467124240859664,3.8436902499851624,1.9426905207113607,3.866799405556442,1.9321515417313702,-2.5690356618121863,-1.6684206758171014,-1.3251398815051838,-1.9413331866545114,0.7766806475440875,0.7687350039883905,-0.4700996661049168,-0.1692471444047455,-0.35943369184774976
-2.867068510135469,-2.4160508026476526,-2.693560967057109,-3.3684376218863874,-1.8019414657184696,-2.375315078790595,-2.686970973370045,-3.190507106769168,-3.0476102819512665,-2.8616963437013134,-4.218384485991883,-3.2100841558542146,-0.6127088791068798,0.12657496930347578,-0.8487094487057275,-1.4665119290838942,4.015042175121537,0.6627173759160326,4.602872454752832,3.3328466430950465,2.343235057043034,2.533659520813153,2.9188512588008186,2.6232014013808493,0.6869885910001288,-1.7375356234847008,-1.9724701403437221,-2.499218656466879,0.8238919597511905,1.9341466812633585,2.001185680480675,2.9534779053385036,1.1588453316575986,-1.8892418060315186
-1.0473746978717884,-2.1802525040445535,-2.679222495222115,-1.7001911382287087,-2.298354297788786,-3.224578239698736,-3.467779995707666,-2.7586979233566016,-2.390630481659375,-2.76024052918254,-2.991335824108373,-1.3648291846665799,-1.5148488826443454,0.5292944222890076,1.6118654862197257,4.762739778913239,6.830196377923226,5.366783628797497,4.901448396908366,1.9621931981295615,2.6020306860045617,2.144296208381603,2.6193800668626723,1.955748011140035,-0.6247701054592195,-1.938390294981949,-1.5599240493290998,-0.4455140447322341,1.559299507970386,2.4925523276965453,1.976214295541687,-0.05022662655420699,0.5920376231882724,-0.5134773146378089
0.9541670858273389,-1.169857579993799,-1.6762927247078443,-1.8842425045818816,-3.038804174663878,-3.3359338757030548,-2.3495834328598093,-2.088124558519048,-2.355731754973307,-0.9444678738702237,-1.064988315303383,-0.24052248846838994,2.4447795408361412,1.76326937473884,3.8099026550742243,3.276187899182409,3.1512647273881713,4.696085374754503,4.892064221135905,3.497553241839824,1.838042766718269,2.6156133464432965,1.3755701510410567,-0.60507497894034,-1.3499944235736072,-0.16129499976371248,-1.052950770389023,1.986456856730372,1.5179692884624805,3.722106428274149,2.3845641494081864,2.0006410028887993,1.48677331516267,0.6354219962196794
1.1964262129179535,0.24297026905947353,0.13773386864090095,-1.5109061469982874,-2.634302611975963,-2.4874417312884587,-1.3446768092366619,1.0319302029801964,0.6213916345564231,0.06688141635080314,-0.5386493930616526,2.3754338282496916,2.91047170000477,4.043436816751927,3.543084403825507,3.1841881870247986,2.035039097246643,2.7004003119860878,2.3601101184091213,1.2477042027469953,2.73007482142594,0.564179263069969,0.3614325349537022,-0.23644702580690533,-0.5947688970808662,-1.2878660806715658,0.778832136627823,0.5860385354273104,3.0948795739939223,3.2571094886717953,2.375186078229621,3.9836978887861294,0.6066639213143391,2.1872342050355553
