script/wind10m.json
{"header": {"parameterCategory": 2, "parameterNumber": 3, "lo1": 3.000054539987559, "la1": 64.9999836372058, "dx": 0.5, "dy": 0.25, "nx": 34, "ny": 52, "refTime": "2025-06-09T23:00:00.000Z"}, "data":
[rows 25 to 49 of 52, columns 0 to 33 of 34]
4.404617701229276,4.159979286803061,3.970101983610807,4.210240230557094,4.319358139346665,3.6743097409821805,1.8247695173012835,1.039104378905896,0.8795987243239722,0.5648412513132407,0.29912428472991814,0.8446972825687349,0.5826964795542359,5.01850655990791,6.08438431011959,5.814564069581523,5.660015728531956,2.053740358954649,1.9710373006420843,2.200751827442976,5.5846056313291275,6.061781153049445,1.806635725836998,1.6314019571967666,1.0398518893364321,1.065498957868282,0.7044949934878546,0.7134530911308938,-0.5432440942369456,0.14180484804301818,-0.8116965935315475,-0.7987262924997812,-1.0846030447042239,-1.211217286131485
3.4502724664967594,3.9541470526449043,4.249612908361324,4.076083395755936,4.890803855230233,4.490626462126509,1.5296872391176373,0.9476896476122617,0.7878054330963807,0.6849628292929469,0.5855759443118608,0.473533037905867,2.900558024191381,4.759023208129623,5.1777994150190985,5.273904377181298,4.7252729505913456,1.7651193397019764,1.4689642074659508,4.109201621835649,2.7300276425163235,3.036969458989265,1.9748113902204067,0.9145613497082331,1.7868826729828529,0.832463539842401,1.1906793951887338,0.41424962768759827,0.6655263658524444,0.7028854379073892,0.3960135097928272,-0.5010593131782148,-0.2610870056739654,-1.711536874195118
4.8885602309195235,5.14138628828071,5.733302805031044,5.205825810457929,5.1759709507792175,4.868637286797845,4.031521040946817,1.613245396877871,0.9121368338474958,0.692991666402311,0.7056789097248686,2.6853223478101715,3.433775180854502,3.8758408378441622,3.653469990767065,4.666169512186992,4.120400216114982,2.328211011976058,1.5123114193870504,1.6153470334863396,2.922176646969198,2.21313402701001,1.6618785830399765,5.200540339848846,0.961694288975314,1.0169740167587764,0.46122296110760586,0.0682758334667784,0.3629376220208693,1.7327915813058927,1.597288733549132,1.0859034872287527,0.5897984731086746,0.0489936448899336
6.363710757901806,6.37989878237091,7.175751888348419,6.589128925828693,5.194786507785665,4.881847521239894,4.4865987569071475,3.4006258586227687,1.310098757671299,0.6602429527834212,1.568355184537253,1.8064938560001844,2.6258203570372096,2.7499699865386784,3.4760931975203806,3.918628931950792,3.992501501966507,3.124276941873749,1.4445196182784068,1.597162584977889,1.7891097631408177,1.7091405564166713,0.9391842314690996,1.4374303383797555,1.301938722589203,0.6693647022698137,0.6924752856606401,0.1598808910660665,0.5916526045824997,1.5321062499542235,2.236201086054055,2.4073895567731567,2.3167535956164054,0.34805796527704336
5.234885849099211,5.611946268898336,5.474586324774136,4.729682371074144,4.561154626241009,3.821118698403477,3.737549216196196,3.553648644561174,3.0757424276172003,2.2623756349896382,1.644352566343517,1.9577074099976937,2.9066693610306475,2.9314794655704453,3.54823432529017,3.9737320360372657,3.8682341965406275,3.4818277732788894,1.4695916958594375,1.7852914135598066,1.891640048024031,1.6488031039407613,1.4185532173622473,1.4451521548907937,1.0783045699928806,1.1626617084599544,0.4565925571663197,0.5822659503204803,1.4308521553541784,2.4812552790117164,2.7322985223339966,1.266296294153162,0.6498995912003926,1.2844344925156825
4.580438912962877,2.999629587085655,2.964698539731834,3.494284814336466,4.971802540219607,5.0271791082573385,4.430719696657038,3.58347547009805,3.0866306389844738,2.5538774276962846,2.5744611535512214,2.864896489249967,3.1969302533373964,3.086415133590549,1.8343010420862906,2.9854414945303347,3.7173335084509853,3.277759250821524,1.719644735518394,1.3608073836559782,1.4866756052105041,1.3953323203971326,1.4816164488905192,1.0508117555410066,0.997180500971388,0.7159429332774139,1.0211764643827197,0.8354200298823513,1.4824215638260974,2.283353465146146,2.0775860836758144,0.9380110012124255,1.411975738877703,1.624323634266808
3.853857428016481,1.3021054087418171,3.2288304090256785,2.514357861892945,4.317715256251245,3.6642341769989204,4.102001895187779,3.799981251432517,3.5362541405318018,2.8470473326523416,2.684617942331266,3.287772337939631,3.222026611395451,4.2300971752909575,2.3725961001930522,1.499402795926978,2.4400229991166507,3.642319774327047,3.128815265291454,1.6572556478810512,1.3946814297339805,1.19600992512755,1.1690657368759962,1.0691414616449464,1.3722368371003009,0.9499935304583643,0.3870567497936794,1.049669223330569,0.8399264657275999,2.435260830911189,2.224665036101111,0.4922118144710884,1.2137026290329185,1.5605897687077561
0.6914389509730153,5.024103285017789,4.433705446347746,6.16077047336338,6.169627898596012,4.529832164207153,4.5995489953441195,4.345789550791289,3.741977798370985,3.6830039807947346,3.4210376076105713,1.39894472952723,3.2135114651156202,2.0341125252004733,2.006613327569679,4.327115301002539,4.743396467116156,3.1816875012090744,3.3048218848810342,1.2659345284323744,1.3131677996914222,1.1577966996123923,1.3595629288575743,1.344008621020815,1.4077789426932357,1.090233765418089,0.6814644748790459,0.7287173796315531,1.6442852069021636,2.6557676451462937,2.2879313605125313,1.2394042986348026,1.025200886579927,0.9462146005819508
2.7600574074968818,9.947055411096311,8.211266119522508,6.164129104092566,3.0377936142535154,2.9278836407939526,4.68837872182783,4.46440702480874,4.0549853069951824,3.3343755712066416,3.777289545669358,2.762238031835817,1.947499553245431,1.9059837814611218,2.043950456438664,4.168621454283987,4.346156175131549,3.4077932034115612,3.1608058642155727,3.1566289413740862,1.4104263760032987,1.4281442034501761,1.3884938022643565,1.1342351877097872,0.7441701073638173,0.7533652908697638,0.8500181693610639,1.4124558183586982,1.733664451465156,1.9684499844920325,1.700870510030446,1.241589179847464,0.9278024545258048,0.3416426043588937
4.120366708032156,8.647769995261333,7.848162262261765,4.338863245424495,5.0826564826070815,6.7700505932152035,5.326571871100194,4.282577661587492,4.208138642627257,3.9099601323207276,4.019070187372903,2.13886212806772,1.9704880045385214,1.8903810347460361,2.0724542540604762,2.596239502928507,3.7966691178818994,3.4679571777751073,2.4602267654275636,3.4731674709893645,2.3517038186535157,1.5536323880242817,1.5659059855271178,1.077234589976548,1.0546366359538366,1.0214220264839582,0.6760516447484698,1.6656905646501172,3.1437911618841916,2.6006703763565326,1.2786848956872021,0.7635311530026396,0.350380992191052,0.12627854639376493
4.286248607138654,6.957884234612797,6.690688457571822,9.837046150352828,9.468980133712616,7.206125518320614,5.667015375370007,5.499427373466177,5.179848961934584,4.285863360419343,4.154404184220185,1.9045984590184153,2.438792955153662,2.299597728999186,2.1453305922086936,2.313218802519441,3.7422725620620607,3.096838308206831,2.5423738000506266,3.7488562903607927,1.9863064475046428,1.4381555090277829,1.2215400420635807,1.3485298976951248,1.0022329234947989,0.9055635310172174,0.8608633741350076,2.08191767817248,2.0035682201062985,1.7544487457041134,1.6251959842958124,0.5287145491085472,0.5113112096778458,-0.21173158359805336
7.011410521952356,5.960820170275314,5.744216756770485,8.40470278602724,8.980372885588809,7.06102033192385,6.786409689229748,6.147796420675498,5.307291051600194,4.947197275008133,3.739266286866335,2.357956387019464,2.143669065246004,2.031144390881569,1.8106021524413929,4.096507852609795,3.874906454480067,3.407590041214709,2.417569446953606,1.8938253348443437,2.1831528128786335,1.6490864971645576,1.310566374976647,3.236685052410239,4.04828019599126,3.722803809704388,2.8648306236673298,2.188585749892455,2.378080488124492,1.2335715255194997,0.7649362666870447,0.718459775595292,0.12782902305905638,0.0027689923351206067
5.60463877181538,5.225011655037801,4.717649152309466,8.339853608016124,7.740024694879874,7.152997125749659,6.6926686512546665,5.977549417573771,4.757526064953764,4.799729152932079,4.543471760308258,1.857790326652715,2.1190390890936617,1.71981675554429,2.3691416602543858,4.470619756065393,3.3472267420341915,1.534577321607221,2.1249658594425394,1.7233351134719894,2.8038734502706837,1.936933867373253,1.2027167937532637,4.257747547115419,3.163517785318101,2.4414155012930165,2.3548777097174125,1.9779811961693095,1.5444193660645242,1.1843356030702474,0.5881129855764493,0.514917596640425,0.3244625187774853,0.31319067177859355
5.76446721608911,4.709333812042797,6.4513491065800155,7.896273342107796,7.451655450649603,7.006676058519272,6.495473636028337,6.420146366520135,6.023007295968971,4.569512471137384,3.839576088148198,2.2774364537736056,2.3202430465419432,2.479134667298767,2.480324109406694,3.1949475657767716,3.050835590899192,1.4442576038699566,1.7687384658030243,4.101889179676707,2.451035369247462,2.0018399189945275,1.7754804837059508,3.3333240604022762,3.1137955176660954,2.5931645650367194,2.3359838648985725,1.7091325659918697,1.2150458664583406,1.363025947489883,0.8936421850937929,0.7768952274930936,0.6405704894862652,0.971506258657118
5.122333418566591,5.427141174801667,6.806512713448876,7.3271920058196,6.907485053794312,6.641547109274959,6.760295250992725,6.578189937702542,6.368872888881948,5.43615981392436,5.911553867041828,4.033489451291805,1.9396858937702188,2.39944646207379,2.6300248875045678,2.160497527610535,3.161923666168314,2.026347252750591,1.8216854297975265,4.274601285739402,4.765499323343026,4.7336246430635835,4.167184366954328,3.4529195495158427,2.962429705844212,2.6088443886125265,2.8631683302352284,2.5600921490471764,2.2750689081085347,1.6486701257220775,1.03245631535509,0.8942038950435088,0.5143215887995211,1.4605786124566236
3.466073072977666,5.768281787880625,7.115944072737139,6.91442535889477,6.550660064220302,7.434121828037113,7.286771815709898,6.320093760342637,6.190193270339454,5.301529187339895,5.192503951581756,4.826775771216868,2.6550738267901006,2.614557393339157,3.7007055736464087,2.713535253052236,2.8832488146258735,2.6605055880486557,1.906939768503805,2.4668872174943997,4.7882528840069085,5.160878446116123,4.646151603610769,3.7321225062173427,1.8712405499394036,2.951482124589378,1.6234571019688873,2.1630040264278754,2.449960726091719,1.262602974299545,1.1121812940161369,3.076537522356538,2.923336946673231,1.6383764423859313
5.526809734332715,6.150388766004859,7.233393981988828,6.835180481543612,7.168494812908739,8.03444462946861,7.02336135669969,6.300326936169223,5.838434881605356,5.895082838466385,5.8282239666025495,2.866343408168538,1.8449611560113393,2.474268493569554,3.856067164218744,4.067165480442504,3.240434393104496,1.8968378490065725,1.6587252438170803,3.4775149316349387,5.212908569438756,5.430092051601224,4.383015249707564,3.386574282903483,2.950559560169991,2.552283234030654,2.2510201635573663,2.268371877145043,2.570675132628478,2.5245853359165644,2.4475865018514185,2.882905058462917,2.511249505382708,1.7655855909975453
5.28546534977531,5.793835282963486,6.765867543496529,6.924717400761458,8.183109946879723,7.390398609906052,6.5970170997428506,5.870517944643707,5.387351500860983,5.03942784390976,5.6417419364649835,5.6542066966725395,3.077284966257574,2.092523252695199,3.633601663842873,4.306961353566901,3.3545588217216102,3.73617923329497,3.934770422021805,3.6450256295622925,4.597840204102668,3.075368404238564,4.88057451431844,3.7363806320621995,2.194210705518853,2.8407915415519973,2.959788900279021,1.8116602656251317,1.9257124965913845,2.4418636066491137,1.4722530513459906,1.366861271399265,2.0453941671925864,2.190052989098693
5.266353143560649,6.238890070762037,6.112185167311837,7.0816044603533195,7.715880621617816,7.409989762066111,5.921753925570069,5.091207137117039,4.488194077921428,5.126287679537115,6.277416976447717,6.200426235728802,2.0845655564786996,2.2807363459728824,2.3830798704876046,2.274229542040709,1.845992263363968,3.739512724519712,4.822091172658134,2.2018750186236615,1.9318440283128955,4.650095206231124,4.21449512837342,4.337888395071529,3.9693016098101586,4.051631073942499,2.9430426061814554,2.583320530339663,1.4801212379137392,1.5085934388933904,1.5172304023515617,1.4656619753935716,2.4479468850819672,2.328501403924114
4.706947810772639,5.238370554050283,5.58535674503792,6.669277746048384,7.891512973901373,7.311584579150727,7.12723857333979,5.52579576213766,4.14485034354536,5.619121562097793,6.3988518323634755,6.860939881668923,2.5622000383134895,2.2702681242555562,2.1561130968860853,2.242119113824585,3.0740359146176797,2.406664220938646,1.6432619505074126,2.2124924545855,2.1125519609986467,2.3285754412725117,3.239928361601164,3.6504055027398272,1.8675483443982712,2.7854945405590126,2.3893204772169088,1.8728558999954519,2.0195101386156766,1.4308284598059926,1.302219910209125,1.3641691863142724,2.975951971568145,3.2891409047590225
6.096303467912096,5.551209012263311,6.158218838476613,6.638093969706838,7.881476442691311,7.621716957306634,6.438235778471595,5.043189306197096,4.81023097925566,4.1112337343061975,5.155565984889319,4.6827605963912395,2.65281845174317,3.0182697407120243,1.9001376520575202,2.3658575201286878,2.5959694254817625,2.8332593161205213,2.537454063333947,2.183474322656214,2.344231022084877,1.9348861656648269,2.1899810418282577,4.025665043363568,1.8496009226289494,1.5865233065786046,2.5226472045963524,1.9614131980332024,1.3481379859240477,1.8560740259260977,1.2437588289547203,1.0802142761291549,1.9114324985659201,1.5314355202070538
5.536028852531121,5.43868482024078,6.5147032321343845,6.751029166123214,7.678728676884504,5.95406566319409,5.6001832669958524,5.368840635817054,6.844238835621837,3.0342639298789917,2.811701820560627,2.864014660055299,1.9295962607309287,1.8137143603023849,2.0844770173094602,2.3483411111494057,2.1897648032575754,1.8750610036153634,2.6829007019494773,1.965352928617081,1.7346891894756287,2.3803867043479774,2.5211730446474685,2.2637758045659835,2.3776312919653284,2.1164044615182043,1.9256957865479598,1.3665408462187236,2.3033269676768513,2.0690973922444735,1.816870637879372,1.3419393478822792,1.7388790367814544,1.5194458107707176
7.8428785796802645,7.873458794848619,7.490437975881119,7.487095329148379,6.598232685363142,4.587068377565591,2.507322828201375,2.4970503781497344,2.7865146543798534,2.7172875067896154,2.15876962790044,2.591840997708269,2.1456473840568497,2.0979085938552178,1.9549905055418033,1.7661329157722427,1.6175651168336342,1.904294385160055,2.128164591642429,1.7473394314595394,1.59075149837175,1.9977744359746876,2.162355978669175,1.7405736975153392,2.4576079543339535,1.1321546945654626,1.7132104054322852,2.763551063368618,2.3715112041929407,2.1638282422209856,1.399261316684787,2.467963441436955,1.737003725989351,2.2885838271830226
7.422909242323548,7.620944342354819,7.800705796813426,8.062427564115282,6.812026464113438,3.4855946115626506,3.014440316784093,2.560318366957957,2.475057269916306,3.0610767601401228,2.5457090991956353,2.448066377686378,1.8829001641337169,2.320702359483627,1.3858225521688756,1.8130826785152712,1.4808437373301833,1.7099404139276086,0.5571826464255709,1.397266400954647,1.9890878441754114,1.7885821617870528,1.9749902943003832,1.6531207495993283,1.6034732667090972,1.7255079474405601,1.5293273430017176,1.9993107670575627,2.7529445034183007,2.5409108989635034,1.7620494471212826,2.254214497061941,2.4181375028117125,1.6207869276947493
8.013481865727123,8.561328669878673,8.173261326861017,8.40713095266468,3.347065685917315,5.527917547684059,2.4598704536188034,2.6637264137528094,2.7339882753001796,2.7347532022560834,2.325765338838043,2.3204743602965556,2.6721920416134144,2.0481684295449067,1.4328106247333536,1.8388296296573219,-0.4079760420390067,1.8720794093138176,1.3422023189699095,0.8407688668513589,-0.15133440610090176,1.5915889468114455,1.8761055915612306,1.9243880804982145,2.283201376931007,1.4065908244859393,1.6997907696107788,1.2771501817462654,2.129813548428471,2.1228323534307134,2.0369974970013307,2.5785273677942007,1.6098544413606106,1.6212839480951282
