script/wind250m.json
{"header": {"parameterCategory": 2, "parameterNumber": 3, "lo1": 3.000054539987559, "la1": 64.9999836372058, "dx": 0.5, "dy": 0.25, "nx": 34, "ny": 52, "refTime": "2026-01-16T20:00:00.000Z"}, "data":
[rows 25 to 49 of 52, columns 0 to 33 of 34]
5.0472227340501545,4.204944881263874,3.6682973551917293,2.3044306699872483,1.2482869725629233,1.3635760263213699,1.6940526534188824,1.4396348951252451,2.0416648247128886,1.2407010425169396,1.6501128613502145,4.9229725320792195,5.724730899815682,7.584430231657309,9.029549318766259,11.351465306123828,12.39262680668146,10.473828342537692,9.786229938042874,9.816218847563857,13.62300395657295,12.283412907678937,11.142842709260055,11.753584908019622,11.731998027913914,9.533712724328478,9.527043230039382,10.178764759479597,12.473327550128255,15.216341193106603,17.502860401295308,15.179615723428753,16.185444706083846,18.703010108720367
5.3421741339503654,3.8959924273765076,3.5778981592639707,3.4807169286104673,3.8301609755595636,2.3682834695777366,0.6341002367223819,0.0452887138214459,0.71711763879638,0.02444854332819117,1.8693923052773025,3.1839298375040035,6.566902824444782,7.472901101174692,8.10887704336099,10.157442534478106,11.511847334191058,10.708837710166074,10.029637024202856,11.925788006146009,11.594663726472067,11.991708672372631,9.795439571245227,13.713082888924212,10.300548464268816,8.60519012454228,7.523933890189991,9.712134620083713,15.857724492903198,16.75205932377459,17.352254922779544,15.596384117569887,17.210592979663243,18.39399580629429
5.40165194246603,5.041107845831218,4.08635698618948,3.219272021524172,3.257801744035891,2.619516615773304,1.2153547041306827,-1.0326844509473418,-1.5099347039439681,0.9414079361788927,1.460360969688431,4.042825138535799,6.084293613152018,6.051563875511333,7.377759478504488,9.229959142053028,10.87204796895938,11.622815763502041,9.703059447987185,8.955011849491862,10.366541885724809,10.49279651355391,9.203733791475775,11.914901221731931,9.903707760596507,9.379591737859272,9.197890600641982,9.47440159494418,16.010086082448364,16.03298771004729,16.64482280797607,14.236323492801853,16.10784133194846,18.152182144933562
6.502988137486822,5.83806050986892,5.565565103384378,5.173623829759627,4.19181319180706,3.029285769464352,1.797557166599527,1.3247793748379586,0.7884290587021904,-0.3011028672375116,0.7529266124965124,3.618443390473936,6.259075312801564,7.181121547673956,7.987505072268952,8.780820949978937,8.508786181947725,9.674979057383485,11.084150631490118,9.266163742646473,9.09073260339288,10.656942278985134,8.790330985726836,10.592904242758026,10.370740889031824,8.57695156501645,9.675058296382534,9.170135633350537,15.240999673609801,15.547737026848676,16.295242302595426,12.770115259495883,15.195905442348426,18.04980556398299
6.639278934027997,6.717684194882743,6.168503682086249,5.06904152617623,4.611722845649049,3.274525692783966,3.137957381525954,2.821354780729968,2.6611163498968646,2.4133198933480493,4.386501474380251,4.909159581424844,6.27965654689093,7.941315973097016,7.445252068446394,6.871910200422987,6.2745235453979005,7.049476738816394,10.476860721880815,9.233832633191343,10.205682821165682,11.243955093608971,9.402901518329644,9.786327287427472,10.483604921417017,10.00541955597604,9.253199622552945,8.9989265769642,14.663234078348587,13.736389648229036,15.936864423509169,12.318842154932616,16.210365074478343,17.088557299055076
8.933461099509435,8.88240783631809,8.318123347405402,7.278491157526234,5.584368384675441,4.688880920933602,2.9385767863035586,3.5416507777859856,3.3453985976631717,4.771267195251238,6.598943260478456,7.359320072661848,6.610555542664549,6.065098209255151,7.0495120408187955,7.486377699033797,5.849760631141252,7.133738893099516,8.995480681778384,8.989171085285957,9.067374923098368,8.51319043832791,8.859360489214533,9.588169923089291,8.621228718512565,7.812675860208289,8.580098711253566,8.512113747677855,12.97584764533548,13.09243200501884,15.325669428245403,12.166001363027515,16.260459308438538,17.526740654731913
9.851506227575397,8.826037833887918,8.715512436514143,8.386278739299403,8.700051264161942,6.516851242541786,5.8472571784881575,4.225976423526025,6.06621785679678,4.8697879291570345,4.692063809229697,7.644513864847355,6.7793110493869575,7.173065099308308,7.435450912428309,7.223010579924372,4.537429355387908,5.366589611526276,5.634575146921131,10.057083862784973,9.506145112024342,8.671114383577322,9.299676840749807,8.28554299952229,8.802565788203017,9.1703201809039,8.032803869274126,9.621984759714246,10.615004760582845,12.630130644644414,13.919457175029395,13.161712269866296,15.93647560870623,16.743304024174805
9.471387330195466,8.423182150559075,7.889309230895359,7.18978478426317,6.7697366610260925,6.86781324611944,6.45115657462728,6.15097669446065,6.63869261879541,6.343804394882809,6.564842271279458,6.907954488131462,7.015854519035087,7.7439451838991005,6.598862227837848,5.985972439271547,3.8861545883473494,4.776329511813579,5.208739397123814,10.936117664854233,9.088070513319845,9.094454024831673,9.955337247856814,8.601777939584307,8.81696855815564,8.08429036429966,8.093206330704325,10.292844214989184,11.158401796595358,12.541140602413408,13.893386231319209,15.232003349044627,16.05175103356537,16.508711827002777
9.173928800826754,8.391563317719822,7.019660004075728,5.658827108604403,5.785309564107781,6.189601350240565,5.808321097040126,6.183323353029918,6.310085205209965,6.199275055336962,6.590353767072377,6.5581038982431945,6.513589045545452,6.942097977235119,6.5813647218388285,4.712806173543897,4.258309685391339,3.9194861023026095,5.814819659104619,7.586334023429835,8.12034567153471,8.33176784824971,9.066222823285354,8.491221326332852,8.924984817308653,7.643783110167798,8.109938298475393,10.14389355723012,10.839408263811862,12.259273770142846,13.877675828322054,15.206758898373776,15.953648887211692,16.466382616906447
9.040967880474241,8.660262168683559,7.651495399644312,6.955148332187344,6.611989864360424,6.691270215001691,6.558825015890268,6.0526810142350245,5.740970769216937,6.26706237215063,6.870006121827807,6.314350155364119,6.381796039896033,6.004079657707263,5.2171015990997205,4.855644111810947,3.53770774546393,2.997921017119668,4.835379785695224,7.006034157899702,6.866843708202743,6.233616195082245,7.101719374893053,6.767441283217257,8.51008682138967,7.847410548729935,8.23900768723122,10.097420878259362,10.973185105715821,12.164769944363616,13.808586475918732,15.67013776927625,16.465081602892035,15.634949683109317
8.583088299222917,9.250485818990745,8.755433517691895,7.992400326513912,7.348995198218742,7.002784357494577,6.771142821953759,6.180308453371042,6.301175144672438,5.813064636092822,6.68590133444426,5.829100451979923,6.298967769148863,5.385971308720491,4.350753887262917,3.2028881483957035,3.292813668335944,2.5019944436962414,3.5040792014472224,5.170880113089769,6.824199016991413,5.1182091474239515,4.5855285540817565,5.137398053635381,8.461672515073008,7.402971097232475,8.211862998558747,10.452590979531909,10.86813121941893,11.630840396184436,13.948729024123063,15.28439090802925,15.53847059552018,15.262426299537804
10.541779902826848,10.467683919470307,11.058678523605629,9.025300623439005,8.097985733356989,6.701935593031687,5.865787897444537,6.4008907763501695,5.950476277880825,6.474443244537457,5.375006449076855,5.477983074244135,5.163288655060502,3.5021956194668644,3.289448642944386,1.8967266506177327,1.6141341930501025,2.526570677080612,3.9835269380891742,4.217956998882019,4.764242673266972,3.799022684035468,4.073563470649612,5.337495540909798,9.688802809237893,9.671041375902284,10.836211000350064,10.652029155200058,10.671843310487004,10.972868042508548,13.779890704724396,15.173607947116535,14.912597649484708,14.388797379012324
8.973074640083816,11.745086823502403,10.913478050326026,9.559137625921727,8.692760325642958,8.301614551150186,7.96500317186976,5.956945007581568,5.418018218325435,7.3970494046673965,7.744515107954595,5.3266164110509555,3.354521523235386,1.887118963911544,1.98538328409392,0.9786054472422755,2.2558718015368697,1.8797836988238616,3.019764295922827,4.75626137142172,3.553495996893814,3.7408040594886134,4.433671241743873,7.213597756713223,8.959277347294993,10.927616928051473,10.770509330771189,10.674662053884907,10.812929603774625,11.102410142407432,12.941316487220494,14.885906882965623,15.219941399131905,13.73818435251097
12.391308270159573,12.188053439442964,12.134049748407929,11.203890561126915,9.43627111131551,7.723843844671987,7.33606453016003,7.778366301297492,6.038498212085035,6.104215557475717,5.48887949375588,3.5586083995967037,2.1274650889706805,1.858983311737413,2.229847878898662,0.8032527351542178,1.2320610961652165,2.913375472653518,1.5922961494316026,4.095549743963094,2.174266514529848,2.893792902099253,4.972881415615752,9.977414046007958,9.860748624476333,10.779748213502879,10.826747222227185,10.480165641944854,10.962125039490767,11.082624019160718,12.042065724924026,14.730388524978165,15.339526079161198,13.728218418860822
11.717840188363404,12.293651633407855,11.902336447922343,12.055763996571864,10.973104954717362,8.627473235588536,8.107588820119172,5.492109436433035,6.738115612041898,5.180663381771445,4.511599285730889,3.779623807826437,2.1496886160431194,1.881645496433013,1.2009768337908935,1.3706903051692123,1.6706672887911056,1.4761966022529163,1.7644627089403517,2.755966204111182,0.983557446763193,0.40427142272641614,5.1662253779765654,10.856197316583845,10.232804406879787,10.891790691068733,11.28694985192044,11.397890728711287,10.81371990063543,10.89858874598962,8.992719793556915,14.941696067541352,15.094351614158652,13.498523275183974
10.906115484916452,11.77595866468234,12.00542531848538,12.05649743655044,9.98139811472529,10.687312304928223,10.130967708442299,7.027475681148918,6.140199338698918,5.271290354585974,4.389242326297008,2.4776802976135475,2.2841649501643415,2.5127390839550334,1.3576305543132583,1.968323336360585,1.249767641500869,1.728745722291921,1.2923906987699367,2.0539483409257557,1.1536932648258178,2.2843368887872577,6.298895122141918,11.084530093178012,9.806048208921249,11.174187085220412,11.520866035168925,11.682354014393248,11.097330602729338,9.260847637090977,8.356853948776529,15.187403639341456,14.907823098675365,13.634718663249618
11.55863769663846,11.440387494212803,12.004401597320292,11.373038749109677,12.266756619854096,11.702656168136176,7.844845142480768,7.962696301759524,7.465370374970526,6.2090587145826825,4.768572932617832,2.81896244477072,1.5174209061660773,0.5582695824838825,1.1033792309277803,0.8494887056112307,0.9328951686248785,1.69218939900889,1.7072575926843074,1.3767725330040945,1.8788471709518133,2.809697475682583,6.831816338403294,11.457434393764007,12.386842309473575,11.923020149396974,12.07264688948101,11.778605293279428,10.351534226188491,10.398533260815746,12.726333374920424,14.263955201043947,14.98967330376562,11.799336645978704
10.681432709162896,10.152066215606673,11.382683315192578,9.650301231508816,9.798939451990432,11.612131829516464,9.672158642846657,6.551209255893735,6.97601497718858,5.831903437505058,4.016588143462206,1.5946942092326717,1.0671545786008518,1.4267738194386215,0.360800303194376,0.7780662334730173,1.9201588258018791,1.4095198578680603,1.2203350758450766,0.3400607476347254,2.344408116484913,6.041759967551615,8.31331226852318,10.631681862991767,12.930205022217423,12.762113852032623,12.251226907026673,11.658290027868414,9.573493324764371,10.402148529113244,12.86223929262514,11.789752624800586,14.290599997408389,9.383498346414132
10.447125946470052,8.979799067306997,11.021021789359288,9.584724558663043,11.712497405724909,10.712703708216425,9.737640430891751,7.841301120914659,5.252757698693726,4.62451154382368,4.6329033859512405,4.037468812607229,3.294609140079645,3.492659847262892,2.6651282992041496,1.4821493788042577,4.445114278354943,3.471134452685115,2.6204036012649388,1.461665617717375,3.391914947088821,7.7429950129373095,9.424971790124747,10.759032821228779,12.476523775284408,12.008726213450215,11.492665466584047,9.874453219602835,9.64540698644338,9.18097714138623,10.45971752218114,10.876695366184203,12.476101608180853,15.0980054375772
10.22852159508086,8.859678396385835,10.06271013379523,6.809820034695043,11.609162426943607,10.548125568428368,9.176116521373228,7.428326596535486,7.051848693850456,6.425294217798775,6.765303080400459,6.526918964595911,5.890785178051359,3.816657386644056,3.040651441405509,4.6315320129618724,6.285396049794987,3.9505432477532394,5.980283402726916,3.510170016839598,6.322616763422431,8.965663095598234,10.9135155414632,10.629484643475857,11.379689984121418,10.109503625307246,9.440999897547556,9.683531979448047,9.047596861721042,8.210290355495825,7.905037138435248,10.3446087351373,9.739467149705767,11.311988794765258
9.698555099333987,8.411029534724056,8.977036273811306,7.018961342878355,13.016020047586172,10.500783844193023,9.502302546200868,7.916745069767587,7.268467208175303,6.224904500622487,8.558464294661343,6.881248066558297,5.0564391466587795,3.5955294864098146,4.26786234319352,4.8306392424749625,4.115402507592597,5.899824697889059,5.401654363552998,6.173252164896301,4.651690296711524,8.23480639823244,10.892050591281508,11.571855124647726,9.082036683355577,8.871754810592758,10.159755474524788,8.70289435373684,7.730832204214372,8.076723927287494,7.344301408878594,9.08173378608125,10.083461870886161,9.579564589857108
9.236452044837604,9.3783138187352,9.125081736072929,6.850612970286566,7.254299964362548,9.833878697844698,8.750614754152771,7.032016147411467,8.140265138788232,7.226613198129646,6.412579944566135,5.3862501363657165,5.0538942796714785,4.930204924913013,6.765832324267601,5.538215376127739,5.99583012235157,6.933191744397906,6.522122014864255,5.607442573299353,7.667415015826247,6.089918803918782,9.354110971593506,10.855302950936755,10.986685394698869,10.23329930144819,8.636313844274397,6.723026495362742,7.584411498011414,7.487718231386981,8.086151623817038,7.749931735903094,9.973150475578862,9.686861534775087
9.925585343788333,9.678572948371432,9.720455618882832,6.582290138649026,4.821176667511512,9.326920930747098,8.061041669613333,7.931249052266821,7.188395796508271,3.2581515109903547,5.095057412846827,5.011182520538239,4.3175877209352,7.429723701228709,6.360393888371257,3.894594461621815,7.600751469577014,7.439751816955209,7.570154786945142,3.901429944963944,8.092436682717883,6.8246686121139915,8.405231975753097,10.800909201159214,10.188527650650782,9.133224468122554,6.572183039544497,7.434977305287985,6.660026439522045,7.210370641396112,7.005606134473889,8.224811409408414,8.799186257646438,8.687636295729655
10.233411136019946,8.733565326460978,8.29783896284189,5.889143694101082,4.6517367000736005,6.478009344923801,6.551836635114572,7.528129230097193,5.787623352073814,4.132959206494716,5.756784460595842,7.593538941454049,6.169996856360833,9.405177992400418,7.299482787397265,5.896357184189353,5.520394242950192,6.729137908231174,7.674084239292626,8.461568014736104,6.41792850071363,7.567564225217468,7.9392012125375,10.571034616557027,10.293723791655317,9.686171297721828,9.272780914567885,6.556568012671403,6.494096933656733,7.937396423170427,7.296608450557006,7.317590216221545,8.81005244068884,8.17794688975709
10.258874889711285,8.082659209034109,7.914894903535732,5.104792510868172,5.646423671096092,5.947447310341949,4.875770403370628,7.525705643416559,7.253683441039601,2.6988627879078497,6.651948533980444,9.214932265434058,9.053672101845443,9.029958778174521,9.485101821699354,6.104174059569349,5.838676550839106,8.596460370719097,7.224622978169419,7.211489527131594,5.247856344291596,6.244808669666237,8.02854293595212,9.749491414266693,9.754574727368972,8.082650129015741,9.569404165889354,9.631475076656779,7.156595137866075,7.477507311437606,7.280598759081996,7.903569546432922,6.359827226660538,7.188894971287408
