script/wind10m.json
{"header": {"parameterCategory": 2, "parameterNumber": 3, "lo1": 3.000054539987559, "la1": 64.9999836372058, "dx": 0.5, "dy": 0.25, "nx": 34, "ny": 52, "refTime": "2025-08-12T10:00:00.000Z"}, "data":
[rows 0 to 23 of 52, columns 0 to 33 of 34]
5.885623489204385,5.266494341650927,4.22024461902009,3.6503553326778237,2.518304902054152,1.4786772132713097,0.6886573040967138,-0.03936294647645993,-0.1987870986582202,0.2848083846085523,0.17344487330189184,0.3175760986682345,-0.19074373812582898,-0.9762959150227564,-1.3200686728794642,-1.0193239808434142,0.5125884268414845,3.2034026141909893,0.43320941952506903,0.9855972227613922,-0.4741139277899702,-0.2640943605413718,-1.565056633814303,0.34774965032520083,-0.5627868909500294,-0.054341310566149825,-0.7261354895995661,-1.131278389134849,-1.4703759732280357,-1.8092569153429394,-0.8750737418693076,-0.45492990581190934,0.0043400487657718,0.9540870638897314
5.2819997686323505,4.986213095321414,4.830536259480606,4.261839656866512,3.2685161785600454,2.30742168823569,1.211834910605318,1.573978089080507,2.1800048238404726,1.7423317325174421,1.7789705434288419,0.9046502670332353,-0.5230384714867474,-1.7598577990157065,-1.8368139885784651,0.5595868711375079,1.3593378509371061,1.72110112354238,1.2644888675195796,0.3772322147340787,1.1585931899664192,0.897342134222656,-0.27953857132922805,-0.7226359388827059,0.0453616229973808,-0.753315393881136,-0.33001170986399464,-0.8727045959577778,-0.6700559182176501,-1.3078579858366393,-1.5285912219128335,-0.7146790421951367,-0.0961424522360348,0.011646577877082129
5.327745975509343,4.8307183941011145,4.409462556243871,4.130149933544989,3.205429285860821,2.2488386687363753,2.251157908629101,2.191263010254159,-0.41676292600211184,1.4470571629598732,0.07577341966844214,-0.4454304093611081,-0.8213532304639974,-0.9003709468682574,-1.9249584092220382,0.18732365010572027,1.2646462227179656,0.5108790684316471,1.083759183893899,-0.39547725667959677,1.8779445323773147,0.36103918721686656,-0.25505480875525927,-0.7035095651706406,-1.0395903221367022,0.00998095368333026,-0.9062771502929405,-0.6369035964428162,-1.287190444296105,-0.8650575893308529,-1.6970085873206853,-1.1406584378650855,-1.497406706337012,-0.7155475904656755
5.412831624223542,4.785506143033435,4.004460847908332,3.1845812879550377,2.5502216489985585,2.5940965465331614,1.6494147213356969,1.3955876015438315,1.6397594454441287,1.0919594175149376,1.1157234392231756,0.5978599048685144,-0.2686760466126137,-0.20458832762376641,-0.16771511557306745,2.344462556231879,0.4006561242128507,0.6537231236900336,0.021418490203268484,0.7841752615816224,0.5232075653532333,-0.540219739418508,-2.3273094543012034,-1.0183437279068108,-0.5083272777297353,-1.1093777020597757,-0.7435596853382531,-1.209321399714374,-0.5915796961132083,-0.6788134314726391,-1.1459711576653273,-1.8132207549161352,-1.8459559151361788,-0.678134783344668
6.135685873699836,5.6783451536029474,4.286640430760658,3.9587418192265256,3.1218345362924054,2.5983430345691803,2.07781878065229,1.5307812975430826,1.9560783552291394,1.4713302072486754,1.4688570664524325,-0.05242606361999219,-0.445824406500181,-1.6649157469909117,0.004781008703956542,0.9742644004237626,-0.41294192802694674,0.5582828217604231,2.0495505256065525,0.387511463043038,0.08496824278987018,-1.7862594936983063,-1.2250702157707083,-1.204414699035497,-0.9250194247365268,0.5942963899435987,-0.2863683535693335,-1.4988757659483811,-0.6475050908628261,-1.5090336259828532,-1.0558902584552199,-1.7613980685255055,-1.7683341354167306,-1.3353278091484697
6.5455283208986375,6.153886617906405,5.254167473296305,3.838829362689212,3.9007304473673208,3.7233783987631397,2.9059026531876078,2.358225298167384,2.5068204889404733,1.894098217991092,1.3568008477518416,1.4325630646524152,-0.3840186439401546,0.24447007390398884,1.072885197125397,0.6549817878084577,2.234800683491356,0.3128007448395501,0.8532424381256333,-0.2641651156062007,-0.5904551082926074,-0.03485514984024027,-0.5384854302421418,-0.4784366198519843,-0.7250094836229349,-1.485260025332598,-1.0807469599512924,-0.509247679189731,-0.7748257302534998,-1.2812197787491324,-1.3852808446949882,-1.6592760945338614,-1.669753249502096,-1.6088383584799635
6.927167600033178,6.817490189625018,6.120586159375871,5.938617569397469,5.708275564090722,4.513814355667444,4.06168929669262,3.788295959451902,2.77586457925299,2.644836984425059,1.4469717177530075,0.36795520204361776,1.2291882568057744,-0.5046886208505802,-0.07162346656983368,2.339606104295854,1.459442982434836,0.8755565624811179,-0.352875677814947,-0.6556094459237678,-0.9447144133458073,-1.9197685603894545,-1.0371705321290885,-0.8064954775122276,-0.8190229013140556,-0.6292408630851448,-1.5059233808213046,-1.5505902022411326,-1.003872657538304,-1.4393024678542343,-1.8978068839388584,-1.2231069324856618,-1.5885718337939754,-2.355079313601631
7.479564793460354,7.259679268280718,6.674483030133127,5.517396205580707,5.479322950014383,4.7165591705694325,4.121776047075701,3.4785458322198193,2.9236461172643815,2.208943740239068,2.8734699256017207,-1.027425435952899,0.9909971399711317,0.35625129058399563,0.861817532756765,0.6364574769320934,0.04555140709522834,0.8469387562270974,-0.11101895706517854,-0.7418235279392242,-1.3375960961030757,-0.6850582174238538,-1.0269088931401442,-1.840741189286099,-0.9485955706421646,-1.170395601571621,-0.9234307198187256,-1.1924444535226706,-1.2809211028706553,-1.3956187368561366,-1.7477876202422056,-1.6887502930003617,-1.6334960573918413,-1.6884055181767905
6.766727043429996,7.25510706397842,6.690668815063119,6.108534925613728,5.5716712327075815,4.611862860759716,4.315963051538245,3.9985438517750556,3.325942352108353,-0.04830187306217274,0.5095152680283793,-0.010831262257463095,-0.08008559377875837,-1.4158088381650753,-1.0083284706110893,-0.5636464046947416,-1.5829452147158485,-1.5734005333906966,-0.5331405406101603,-1.8376747995828044,-3.5763920947380727,-2.126342334912449,-1.6665724605845251,-1.3713774925175082,-1.570858934859089,-1.0062200284543739,-1.8602178566018277,-1.273498110692086,-1.536783120594698,-1.8296497371775151,-1.7254627627477723,-1.9663917422465949,-3.090331016502868,-1.9418744481247299
7.881134662403949,7.439248695425468,8.318465741002589,8.406193684826428,8.185531774716535,5.725693707503491,4.47071171578651,1.9085294202737704,-0.9269840508559442,0.5655858498300167,0.5345014347296818,0.7467452658306808,-1.0751063491223074,-0.4252859752543957,-1.7906609926303851,-1.6346277352950531,-1.241270280097935,-2.0328547468643103,-2.618043499870713,-2.182342824120502,-2.2861114132779203,-1.5880467701936967,-0.7838871381057466,-1.6486739165661892,-1.889157969439565,-1.4993716408437465,-1.9951654478615295,-1.8696914442856867,-1.8509311727727156,-1.715032369562391,-2.7315732839260827,-1.4598052163097732,-1.5679186028396495,-3.6638929664657782
8.619304457804608,8.445821856089145,7.8775007153655014,9.677876349190301,8.673188412695183,3.8746523656541987,0.20102689979937063,-1.117197182223521,0.9008706735845238,-1.8924808648773506,-1.2824193183136523,0.7953840281445491,-0.21398220460606474,-0.36419563552828715,-0.34708683684239905,-0.7109402030017903,-0.2517702221125086,-1.0432864014002121,-1.58113908075916,-1.200828467857767,-1.7758280943033384,-1.7519473462617317,-1.9074170555886922,-1.1280152710810927,-0.9236839908861656,-1.1203699022617322,-1.2433567819983884,-1.545615353886132,-1.6039455695342713,-2.247000004970918,-1.5288582769955192,-0.8211717425462955,-2.721614958915286,-3.5873733812325495
8.761559177424768,8.565043293232494,8.389820816548065,10.428766611052422,8.890316347322575,2.272081528362605,0.6143668748134867,1.4557199633747158,-0.39129975326283245,1.6272389173724149,0.5384792354030277,1.869002161890228,2.2309670019727736,2.979455178511449,1.7884253421575476,1.0519836745888518,0.14112715885153493,-0.9701169478981793,-1.469022867783148,-1.566446978582903,-1.4697691644883843,-1.0142627695978939,-1.446896859066316,-0.9687840158353892,-1.0086481163337537,-1.197511924319845,-1.6960600974322455,-1.8121013194553122,-1.4625840077135164,-1.930639913832207,-0.811402183435795,-1.6943596898633748,-3.549605448225526,-5.022371470107699
8.948995934119653,8.932270771968808,9.320319099373373,10.281816326277776,5.071030064196649,1.1005272661187633,1.6194406969120099,1.257731080980296,1.8259404443150467,2.9802263071842603,1.9565371336585167,3.073532598352494,4.680523402532578,2.905590248827491,1.2829512548409494,0.9312898163976259,1.5131254585197815,0.7891279981508912,-0.5533117787603566,-0.25773048606461363,-1.6853735100923484,-1.3889053929657431,-0.7800170518210116,-1.0350199736025576,-0.6033058817075734,-1.2753941763778625,-1.3168185110173443,-1.0303482389752594,-0.9879908944192334,-1.8823148090125152,-0.7802929707083843,-3.354459319910334,-3.6699574731398044,-6.370636257700282
9.314651083718909,9.418659539515627,9.648733720547146,9.505969713438365,2.4779613340560886,5.329902463300471,3.119406866944985,0.9384478705144761,1.1907027967976538,3.6150483118096597,4.362759624393121,1.7646027126064965,1.1485491907534555,-0.06711806249320487,1.8297198313424627,0.6173491679386214,0.8154852653482472,0.5598856633749718,0.7886493517492231,-0.8367122439961618,-0.25007064529138945,-1.0515374954094443,-0.7101031529850438,-0.7356664620285387,-0.7622320591451266,-0.32630058138555473,-0.9059126182358552,-0.7415617675394771,-0.7316305228628858,-0.6559868074493115,-0.2904981669629779,-3.223688618601413,-4.0273778172952905,-5.907040960577675
9.648844804146309,9.216828263048944,9.210386514838028,8.458854770099403,4.378178837599219,0.6632877104564259,-0.35786232913229166,5.440084345091554,0.47836437757417316,2.17408079535924,1.6483446756246167,0.6850216703721228,2.921764515823086,0.6524586422156912,0.8921756443226396,1.7912445443471516,0.30446017867120634,0.10613521670490939,0.264558424602248,-0.2913526246469174,-0.6988413401086925,-0.7114091912065031,-0.3291844744446728,-0.40035628115428473,-0.0502116893050583,-0.5368207131288079,-0.3287702959916786,-1.19147299703062,-0.5984575033089305,0.5637789683009173,-1.8797034526515841,-3.539180344334758,-4.186949588614993,-5.245126155907931
9.568467384135023,9.587820480445883,9.642977940673804,8.174911896584518,2.731826700495297,0.5156658091182746,1.8595850953107624,-0.9797870038584239,0.3345589936398567,1.2255981017364381,-0.710995336490799,0.6236677204771677,2.4322918982762136,2.0867422289639705,1.1344246585001938,1.1645740899530865,1.8680703611064209,1.2530221025536827,0.5800704411120992,0.4487446191825786,-0.9824554419393509,-1.157944550976826,-0.32695797053779546,-0.09166191895466118,0.27472641299549433,-0.6974669149649521,-0.765285274294527,-1.1411593901104562,-0.7952133011141252,-0.7860766979138518,-2.7335115714337666,-4.386868072501813,-5.160436655694992,-5.6585604324751895
8.799911925671225,8.737830407616489,8.74682028046624,7.680881107474547,3.1098026510682395,1.1856964179461473,4.450802027469608,3.01649895482539,-0.7992207099852733,0.38998571121778924,-0.07670788112359236,1.4985194213268345,-0.14407292519958104,0.9048134795457058,1.1498515389532118,0.9000727877411948,1.6761412179442954,0.9591771026415975,1.0149511540679654,0.9710679829357763,-0.42379662380920763,-0.8131101437179339,-0.26786295293551987,-0.5966931308595358,0.07981747705958132,-0.3112450198334424,-0.6173294845426824,-0.7589370845110107,-1.1244386280548668,1.6183135953040086,-4.641282905062058,-4.839644020569739,-5.340841500592042,-5.976180202566865
8.683721710828774,8.258973243559902,7.795183886632643,6.915966596785228,2.0693785356345984,1.3544607121690997,2.446933875649276,0.4264475424523885,3.801731680953681,1.415128043643237,0.8975507748686915,1.5778480725082749,1.0597817251284571,0.9333811473363356,0.9490129335105052,0.14095234701128073,-0.07586149649233184,-0.38185482540196575,0.49913783505847364,0.2839752281341934,-0.3373988996844391,-0.6353859779002431,-0.7854942314485338,-0.8863650702862033,-0.4402853479726921,-0.39544129309378573,-0.7733894513621699,-0.7030471288915205,-0.6236781115807077,-0.06875328338364524,-3.037293496825574,-4.321357230520278,-4.9747158830568985,-5.55439700062554
8.009415715863364,7.520530570579023,7.2532711124344065,7.675699293099461,3.3602164208163137,0.8381496550148009,3.8257924458732244,0.9061252720955156,0.5765847235317547,1.1352096254312523,1.0835326034335566,1.0965281484528824,0.3892417794266336,1.5377157168527265,1.1903386254201302,0.6960192230994028,1.0647194471804642,0.9390055284347518,-0.1934816979325984,0.3284308610038372,-0.28584889626981763,-0.5035485491199462,-0.7762563472439857,-0.6224861488690726,-0.8102281784648545,-0.6164627617679008,-0.6566349176407374,-0.46342802737870487,-0.5805226518310704,-1.3254103590921211,-2.605027703028322,-4.293302185433488,-5.788146445897675,-5.550781467928643
7.4346283771893,8.731980697253722,7.416129235634823,7.0096716659078355,2.6135309012173575,1.4608507441516543,0.888173421957327,2.169843555615495,2.1102810590472956,1.3639542791143477,1.4261716611030006,1.5061726891497362,0.8703461847574337,2.090968982790317,0.9982361322221809,-0.16886377482519835,0.47053598329484475,0.9400712826401888,-0.2164143266186992,0.3068270515938698,-0.3058294740103846,-0.3511127772145289,-0.9673921688000182,-1.0329090797563194,-1.0182141671470457,-1.0629741260478316,-1.2208897816274618,-0.5324206307135878,-1.234328786585582,-0.9655974727766556,-1.5553074333557042,-2.3780876484762237,-5.028151355915542,-2.7965818308988837
9.186807804086039,8.528263979190951,8.073728158367546,7.56324575456027,5.944713217998514,1.7084418016768876,0.4295623326002944,1.591088386581302,3.340992312004946,2.3482886372075966,1.2449329807510043,0.8818514101032993,1.0234848687451485,0.9410290952743239,-0.46751502245342774,0.6957181024296826,0.0009430496941522161,-0.19167115026550588,0.11713188295161925,-0.0016409877319849137,-0.4113784149246956,-0.7604101664734922,-0.5340520452805609,-0.7880837959250456,-1.00047213973455,-1.1255936404757438,-1.0525778032462623,-1.2130006047385677,-1.12551274364635,-1.4125461211677013,-1.735571940923525,-1.5055373861839616,-6.3670700783633345,-5.410804010875207
9.097634291984162,8.903569530621699,8.705548974707488,7.1363668831407,6.038148300467537,0.6384992838232869,-0.152890445301532,1.3368909543483956,1.643284617762763,0.22525167503845397,2.720087663456609,2.673836584701624,1.2723085057988512,0.14785593702026348,-0.04858138837825237,-0.3221876811500563,0.47055898114707073,-0.47342252113049055,0.007343739379618665,-0.30874579846005173,-0.45569020090764756,-1.0759521219179384,-0.6196657384592527,-0.7647899296854955,-1.0535837193741984,-0.7456916340551223,-1.0992630300341477,-1.7802865633743588,-2.0125138735780177,-1.9132801458335718,-1.4258685094304402,-1.2950560938582891,-1.6996007869895553,-5.813789242379261
9.94927080327641,8.552386319514353,7.362934695425422,7.33126169797134,6.955744799682324,2.6824876938393016,1.7207113762719177,0.8041233549385469,1.9667906974527283,1.750778621339883,0.5253354844972306,1.8279804392218761,1.7061633610886793,-0.02336245219652766,0.7901045191944417,1.2451726027834396,0.24566643615897468,-0.029298794462218124,0.00691272196468429,0.7309758566473001,-0.33378143328761745,-0.42278727662182286,-0.4499387488141527,-0.08905595923566031,-1.023605698630585,-0.8825125912694218,-1.4081860783773497,-1.5079337896127496,-0.8898139553025425,-1.2719929256636664,-1.38151710162555,-1.8077828775614997,-2.1574480731143657,-0.7201200387225555
11.129540015814955,10.210951281483453,8.814898444567953,7.016826747980507,5.2733290864906825,2.7773193617837992,1.39315363769056,1.7484880014960136,1.8170367308402235,1.21707295789059,1.34517161879006,1.127066242364748,0.20866925242810186,1.1715260944011932,0.0888431127783726,-0.9945456840335776,-0.6913020876161491,0.20751811600289777,0.29445050655702365,-0.35472532549056585,-0.017639373217516106,1.7852124675750565,1.830099069431563,-0.23546479030902698,-0.7244215210982272,-0.6176378080984283,2.0025867362580314,-1.110880288026202,-1.029042146102093,-1.6297531918420345,-1.6782565226557822,-0.9789811469005867,-1.960044364290829,0.023123482189706838
