script/wind100m.json
{"header": {"parameterCategory": 2, "parameterNumber": 2, "lo1": 6.000198445256149, "la1": 58.999992894266676, "dx": 0.5, "dy": 0.25, "nx": 22, "ny": 24, "refTime": "2024-03-30T10:00:00.000Z"}, "data":
[rows 0 to 23 of 24, columns 0 to 21 of 22]
-2.2968391384974916,-2.4132091311920427,-7.056516162254156,-6.087689908371942,-7.498080178545148,-7.6201305282125595,-7.059768166861745,-1.4753374961049532,-4.785546547137573,-5.666319446215444,-3.518602702585331,-9.07927607231633,-0.6344436275976294,-8.554736154916663,0.1832642711599092,-3.42672898942137,-4.379239578792754,-7.1975558125423325,-4.283889958628972,-3.5699256584453405,-9.836228884663814,-5.908810583707866
-3.382422892109173,-5.752960103543308,-2.2532050523912095,-5.804553751548853,-5.669005727564012,-3.781755668270422,-6.557603406268945,-5.785210476372977,-5.35939526291944,-5.4759550153704,-4.454792845592782,-5.0745355407043125,-1.4899205870810264,-9.920822772725492,-4.597526745976935,-7.2379913693723,-5.833052039033351,-3.215153295374378,-2.9307414535478387,0.23902304043464123,-3.214344969896379,-6.707288104126506
1.5225152893921536,-2.2596096634897394,-5.860913016763147,-5.192512052700517,-4.518036470483765,-5.373589899985633,-3.5401306132837775,-1.7189711483808467,-4.625861508077441,-5.758070442436097,-5.541393367774324,-3.6313751467710538,-10.983749845873273,-3.62917422863934,-0.38663488189647716,-2.9259865763159327,-8.292343898770996,-2.079497165085092,-1.782437363527299,-4.9451069251628414,-9.6684727822234,-10.523675018558084
-3.7838066284617144,-5.020178637444048,-11.089784559787315,-4.864617296692711,-2.0376904977513983,-4.553915961663794,-7.161801903313515,-4.098570345686305,-8.767656070771494,-4.048958652056559,-4.207011120058392,-5.745247665922956,-2.5544934965280213,-5.286074249258779,-6.350071192383215,-2.1127948898827604,-5.5031965797165485,-2.9127150281861276,-7.215834700361233,-6.8971432097935,-3.5591483894203377,-5.828076714310694
-0.8377235776775097,-3.876113873542775,-3.6747647056514365,-2.196289555457532,-2.7594827558264434,-10.881748482765275,-8.677579576819678,-4.422122955138688,-6.088502281974268,-12.751431263984868,-6.769309005474858,-4.306366664524043,-5.246508982254478,-5.166314155778069,-8.504992285994609,-4.798919427867964,-4.743942826281147,-6.497353152174038,-8.3173238905955,-0.8925834533742533,-5.909297981747526,-6.664672228017352
-3.690957960784099,-7.348418308313162,-4.7363974922257075,-5.694314908935815,-9.461294165366997,-7.037902339452652,-4.191651325198241,-3.3464148823658553,-1.6261333447145294,-8.858963307601375,-4.755066471948416,-1.2915017951707022,-5.703929630360219,-4.59416050710835,-8.90495147934909,-5.60413597875926,-2.6083768009878026,-8.07715810704364,-5.743872360712263,-9.388131515514715,-5.926953186184584,-5.793262292034149
-2.604725955764645,-4.37206038568334,-5.556770180540849,-3.944319827837436,-11.33977430941518,-3.1738981659079912,-5.940987266948866,-5.917259121248444,-5.153168894086968,-3.714189702967146,-6.821635511832386,-3.3317788825666774,-2.8288415313232655,-6.559759910252104,-12.064961953448384,-8.049484808128902,0.9555738275922879,-5.180311210691891,-3.1498034304504423,-12.610172295847617,-2.9137042984824566,-6.76895252850527
-5.070861299920401,-1.8486613962937595,-4.681491116785813,-5.90386846632363,-5.2008193200139194,-1.1635036026951224,-3.312843651630512,-3.702885120897121,-9.35593230006142,-3.1104744170579477,-5.896538095340551,-7.598884516872515,-4.713108211446513,-6.4974938274924305,-3.5609584833148835,-3.9760377494299495,-5.736784954397968,-4.269685208363048,-3.0372204447773425,-4.435065423992245,-5.408321143973613,-4.80674476372218
-5.714470875193213,-3.9033236137296945,-5.447815608787907,-6.430769262032733,-2.696705193785931,-6.401578309256077,-4.230942082734723,1.0855353774195269,-5.823547397086018,-3.3287408928367315,-5.485402339930368,-2.259192605038409,-7.365293883974457,-8.656589479655572,-8.274702805000475,-2.763866388187319,-6.894486914423037,-2.8649225810601857,-7.244777440555847,-9.344048966971407,-4.047002961341758,-5.1354058840720205
1.3501440237878122,-2.95420290995735,-3.1231041216816555,-7.231385008841174,-7.432899685254061,-9.225934284302491,-1.87487826547735,-10.654275038782272,-5.157394667710678,-8.059758374536521,-5.1020744023360605,-7.307583586267842,-1.7640989536803862,-10.20373067041836,-4.704257523114709,-4.031803680834511,-7.456124021279361,-0.3042659864933617,-3.310223878028259,-7.790981459692534,-6.385874192463088,-2.9777097185363948
-5.683906166248471,-7.922937256079387,-8.12427425222985,-6.5383886474064,-2.1155937225623473,-5.85386293739208,-3.1631307496163616,-5.998112572578729,-5.672035512350112,-3.8922757930201053,-3.2961997243160477,-3.76932987626254,-1.0981013912982,-5.038191639426394,-1.366589472170224,-5.9159281674708355,-6.551799350020769,-5.885208345726322,-5.061733150875886,-4.278803594917814,-7.991763292111523,-7.2729080066584855
-3.9328916272395684,-7.697234024680245,-6.491878333212829,-8.661826967193925,-3.391631752332581,-9.714709890156794,-3.994218316193099,-9.607168438048149,-6.125408920292404,-4.532363466059305,1.3376009987847648,-3.450585575824539,-5.8233222812725085,-4.743434261283585,-2.435738285265196,-4.475879827511233,-6.759380754786405,-7.779965206293514,-7.833786863348124,-5.637535508993164,-3.819336379251556,-4.557780000292055
-3.586983719004041,-2.420157811892321,-7.83062339571615,-4.968476028601312,-6.428179000166151,-6.714629495094967,-0.9076358956355765,-2.9924948107548333,-6.313051336736848,1.3991187612187506,-5.347560055308171,-7.396617196276184,-7.74804151756501,-5.738622163954015,-3.5637918144013607,-6.058073786971277,-8.046171779601622,-10.003817229978855,-11.598586152393052,-12.683977719763416,-4.6475546321153764,-5.506358763930878
-1.7153865587987027,-4.215224749715491,-7.469146731610517,-3.3036866621943566,-2.8597139779186382,-6.349641146689676,-7.942854344344334,-5.923510348444181,-4.765929052584394,-10.42704648464,-4.873732269577754,-3.936264138783892,-6.426860954367208,-4.39150268363298,-4.9213069227554165,-5.04541091829738,-7.006074310895273,-9.667638095885605,-4.536675449428349,-5.4513234555014085,-7.774940180898333,-5.847894763988673
-2.8010865518131673,-3.5582742162933005,-7.537984690925678,-5.048256225052029,1.5116559835550398,-3.5801889846601056,-2.5756700722819215,-5.413136856184289,-3.0016534325646655,-6.550527126305609,1.5137436840729517,-7.429844416460406,-4.463541223421655,-10.907483369375258,-4.262515527597407,-9.663468630226525,-8.176601534431914,-3.877727596122848,1.175227391614361,1.7214788102901506,0.9082209754905862,-7.030115106165132
-0.6889684767060551,-4.068951828218583,-9.433123577703249,-3.322484121473138,-8.648027789408395,-5.185177768974099,-3.400016922907083,-0.9061661531391502,-1.64026533038491,-3.9115262365198613,-5.755570992867633,-6.414696479354579,-2.860264623791717,-7.033592392862205,-3.6960809654401854,-4.500278035618353,-4.1353510800247975,-7.259265854939953,-6.64268681463849,-5.989414421628966,-9.95238622365067,-8.622270853045254
-1.9266703697748189,-7.456511847658443,-4.435148385513216,-0.9661412925602508,-11.654678214156334,-8.582291761516755,-5.620558770939465,-8.593776399676267,-8.015536121818986,-5.328917645220309,-1.0277981504500582,-7.472786121838629,-5.422226931655403,-3.8503682075128007,-4.125685677984041,-5.848111271627736,-5.455335510592313,-5.732304402170384,-8.21877004607381,-3.26224961822357,1.995948500870077,-7.970686180870289
-2.6966896951070227,-6.387485632266243,-4.941589991521332,-2.6562929777827655,-6.000209091147951,-5.340160896583392,-4.761652795822152,-2.5911782250682895,-0.42695708308442354,-1.3541504707930005,-3.9618330401287336,-5.093376449014839,-12.379483124843732,-7.521815117643718,-2.6030548293568927,-11.474748360309013,-3.847610373501651,-3.52020847307134,-5.450581228095288,-4.728235329346945,-6.528148079059202,-12.371031043739864
-3.885515523560355,-7.939087521322458,-4.651936917271085,-6.847255068396038,-0.7886780337979221,-5.0952744773038,-7.79670162900456,-8.231391662804631,-7.9294707480348245,-8.04201026991978,-6.630523686697938,-5.992493481975913,-1.877377863351508,-0.7495979242457801,-2.915333609472794,-8.106464208468514,-2.143063848412902,-11.02312876346772,0.5179199808643737,-2.601423818637587,-5.970499238224876,-5.978124843913326
-3.2179706491931688,-9.099521004575301,-5.114551326654759,-8.880053457025182,-5.384303944101252,-4.442726577504479,-7.949769491582785,-4.314271959013904,-7.025863646593976,-5.33470116321017,-5.806045762288201,-6.124427793195148,-0.6255622486193804,-2.744360938358356,-4.95755179880332,-8.59405328488086,-5.8127291846662,-4.178226506920207,-4.749800216844026,-5.282087396539363,-6.054921396683044,-10.702083642772081
-3.088595375863527,-7.012898893042522,-3.9507904703524837,-5.320180278308944,-4.922050506489598,-5.486258363821983,-2.8745941549429337,-3.0559359104902075,-4.964968747400759,-3.9352546353102986,-2.2240388861092844,-3.3100702615244777,-4.144080317283702,-3.2299732038388274,-6.520916787239627,-7.189372014603117,-2.3780457420400536,-5.353124246066663,-5.929869941210609,-1.7652590094940548,-5.4994807876495235,-5.251269983255226
0.8721027874463628,-7.970610373527471,-7.527384745766011,-3.1105713562000847,-5.4700654297831,-4.015899674043437,-8.389042047146432,-7.613804588996038,-2.0426117753170185,0.10605592064482913,-8.251477320703579,-12.118596459559827,-9.109490960421914,-5.5206244119679395,-7.657080580231937,-5.266641004729104,-8.481728807413921,3.409588590686602,-5.111648497274398,-4.14843717599405,-3.3846291850058132,-3.1020615225652466
-3.143533696022294,-4.295649403456918,-3.550877080007845,-6.368202650446094,-4.003966974647034,-3.292713557858131,-12.1275809676246,-2.314928708152656,-8.791473444873024,-4.586531508650591,-9.0175839109308,-6.861317108430349,-9.389555810164927,-5.237813416419744,-13.49198493819279,-3.471270056510522,-5.951715747309006,-5.724525414528565,-0.6613979433004572,-5.573521406198675,-2.8294230579565585,-2.052665109745189
-2.677887381199244,-7.610165351578989,-8.396130469010428,-9.302637192385184,2.727865401472306,-5.71015789979016,-4.364860352115696,-9.279065379284031,-2.7512813470550705,-5.704581251737565,-2.6713227381417424,-2.7327176411220413,-4.172061608912978,-5.900539493534806,-6.138203030295836,-9.130952283188012,-7.292884419986815,-8.137343981037878,-4.242819667559228,-4.448603641884329,-4.563119238734687,-6.119254604174133
