script/wind10m.json
{"header": {"parameterCategory": 2, "parameterNumber": 2, "lo1": 3.000054539987559, "la1": 64.9999836372058, "dx": 0.5, "dy": 0.25, "nx": 34, "ny": 52, "refTime": "2025-01-25T08:00:00.000Z"}, "data":
[rows 0 to 23 of 52, columns 0 to 33 of 34]
-11.831257847161767,-11.772023062267388,-11.419287821585355,-10.568551481848525,-9.956208011951816,-9.240315255292199,-8.633825925460743,-8.437101149476517,-7.892101593635501,-7.916480704748202,-7.787316047819095,-7.429124617415443,-7.435696514545055,-8.13532976367649,-8.533596343830187,-7.536255762570667,-4.225641036111162,-6.718926713274008,-4.0949299225417235,-9.94399542015508,-4.482740793092951,0.13467771946868334,-5.321004329648271,-6.990954634316747,-2.306028533411302,-2.444372682408186,-0.06982608874962956,-3.895236161897433,-1.7595945419526995,-1.1866324579341192,-2.209474694563938,-2.6445072524444133,-2.9333851050679636,-1.2857436069529131
-10.987031454216304,-10.92103249329298,-10.240440389529196,-9.766729498563333,-8.675272351624912,-7.492283202933742,-6.415880984028967,-4.536427843552538,-2.524032180398435,-4.1213881593445825,-5.4892042893976525,-5.696701783878597,-5.332312818671406,-5.532530351624742,-6.504327645656562,-7.112310244479273,-7.700915446491603,-5.3264774297466015,-7.794563205994765,-4.647424242628656,-7.236404269190758,-4.4029681971941725,-1.1354986294291138,-5.155553604568649,0.21061825326329095,-2.061206975680271,1.0273562495030177,-3.373605121232115,-2.857883842958028,-1.1330756188942686,-1.3520559347217591,-1.8665719292920249,-1.9026336444013552,-2.0299877391041496
-11.880826575519661,-11.32390880749724,-10.430516803121991,-9.12017666563993,-6.934790426145747,-6.363021581900885,-4.478316115556965,-4.065712741676423,-4.89257851423914,-4.334244284282117,-3.3508625712576867,-2.274395414588374,-3.405885090179616,-3.379868871856394,-4.523964167518203,-5.6486639443116085,-3.485176646031578,-3.788947464046365,-2.7982659981561526,-3.5399900270273337,-5.873534542480753,-1.9523288563368915,-4.949217210721453,-3.521779159963873,-2.625599932446745,-1.1059008025494828,-2.3808771372572046,-1.3087205855562416,-1.8062381372401872,-2.1343644371745354,-1.4500673607593162,-1.1766561808432985,-1.1797361651313816,-1.6965572519194965
-13.393089214043245,-12.33056757299624,-11.113304077708337,-10.12667479946668,-9.116171921928244,-8.078438002540217,-6.366780708665148,-5.503296777447443,-2.3481490425349825,-4.554109075586723,-5.506794094063569,-5.9936029480253135,-4.2904126217650616,-3.896132000272037,-3.2946549863677372,-3.0570063626684787,-3.393897273658937,-3.430314793573536,-5.840375302960909,-1.6311235497825476,-7.270786711959479,-4.611910664119763,-3.784735841391468,-1.4866604502545646,-1.8362529299443164,-2.280237295324443,-1.6310850680776952,-1.5219683846538132,-2.230382220602511,-1.6464802645251504,-1.3926494596541845,-0.9702413208140563,-0.9801242579843003,-1.3995676208062453
-11.018029339593754,-11.677940557163051,-11.661990545050932,-9.835748072275104,-7.859310800814498,-7.595563244860487,-6.184118736312351,-4.338596563592331,-4.80591692632911,-5.999185947557418,-6.194081413333181,-5.99528834192129,-6.039652847323336,-5.929134772471149,-3.243850394389958,-2.6673831427318886,-1.2410657959583649,-2.0328085037342283,-2.574608078413296,-3.7644028709339428,-7.65490241770891,-2.094587306243646,-2.1569419515178114,-1.9814016180053255,-1.0307556590978342,-1.7655732005115263,-2.008515716482543,-1.7571213113163406,-0.910436393350242,-1.369465579135828,-1.637083878832686,-1.704863884346335,-0.8155258771578542,-0.879325906953521
-6.2055083826189685,-4.025870998377853,-3.7811196744957245,-5.816446827965565,-5.5413318025414195,-4.64024791043303,-3.324076675868113,-2.482951900569553,-3.3878204248979573,-5.2957174646344765,-5.738143648446767,-5.465725950101331,-5.732026181721141,-6.927432753032388,-3.1489735067639186,-0.5824489528910537,2.0665787602957324,-0.49319995651330395,1.5504851912302176,-5.5035448070049195,-3.3693022751479433,-3.5057903439790596,-0.8067967903329427,-1.1182778755487226,-1.6280233635227452,-1.2277886359217403,-1.568077417823804,-1.7104080723703101,-1.012615281503805,-1.246437615071449,-1.037166353478335,-1.329375264498276,-0.8099140051610065,-0.3349583503517129
-3.1010753447725534,-2.3437552950109257,-1.4124882478534961,-3.8968423590496784,-3.569745028725594,-2.9918922897301554,-1.7829618111893393,-1.1392392044011586,-1.6112209672776914,-3.226394071687195,-3.767454562549484,-3.6574362152838833,-3.5810921991764864,-2.1611126806716423,-2.2576075762586476,1.412833445809345,-0.9680478547648819,0.3228622501573335,0.9066420973913778,1.5798162419285515,-1.422544740533439,-1.378676858363525,-2.133678943330123,-1.5805623996931049,-0.352274423046101,-0.6656691371509772,0.5040751925136152,-1.453676625974188,-0.5716062694279099,-0.10140453218301043,-1.2587606349592257,-0.3262759341174665,0.3010046373929536,2.5307253469304047
1.8498521354517403,-0.9355390379950816,0.8276564845917153,0.6173498886781753,-3.465254833666735,-2.221760842447701,-1.0670410286452925,-0.8462584528363253,-2.006438140906426,-5.036523678447891,-2.6626899821301686,-2.4116420925114403,1.523829754332306,-2.651971954767799,-2.050035581155656,-0.1557868168474785,-1.0892687025733376,2.0357402954069905,2.169608145488619,4.20932187691238,3.2609325193693395,2.0282406826600163,-1.0959927269027951,-1.4617743688457128,-0.6446034169507668,-0.8169813566213775,-0.9086985313992401,1.129322417674723,-1.0850533929264667,-0.9061714082297733,0.7476504893951292,0.27663030209596273,2.2889079138331763,4.386318917384788
4.863438089437416,2.6218499412162393,3.001217860114676,3.9332940854899543,2.6715997827637197,-1.2568078534060096,-0.2832230487150701,-0.4920634327146571,1.3957237543183245,-1.4000853211041662,-1.666221771819701,-0.45660862596275703,0.5866360721355035,-5.7775982333884235,-0.6920528785789681,-1.296268552457689,-6.133286797665695,3.3511257625260473,2.53593948584007,2.489269784048769,6.361039033113594,2.734023148249115,1.7600778732024716,-0.5924215599039652,0.16369172749246147,-0.03748872318803123,0.45747393619293414,-0.5742056964117304,0.4361313175738017,-0.8622586949138563,-0.08755594214280693,2.0078974171416926,4.369586689253349,5.046085968210931
4.6308376229343065,3.468285253813455,5.500042255379826,5.004764081228618,3.714754663357579,-1.2200639022906776,-0.5198870030036169,1.0634866094411266,-0.4286981644000903,2.221621240351722,-1.401363242265539,-0.735839365531469,4.087318488814627,1.3438738649127973,-1.0650876797821396,0.6131238589607264,1.277577672937371,-1.2207159320753582,0.8879486004672845,2.686002597746643,3.009508314836303,2.5462674636017115,1.1245937429956523,1.330724458689216,-0.09299541003803512,0.7341223482674591,1.4500819467925188,0.5221778422030678,-0.4258796285659804,-0.26996521269202944,0.992935088603079,3.796627963420437,4.700636121040253,5.441058891903211
6.563416105291907,6.269234861784646,6.283467379664304,6.063192807566416,5.945922041659818,-0.6223396592635689,-0.6761768847015203,-0.6081339550171013,3.782282558376276,-2.19504285114174,2.753850920178254,-7.952886220591718,3.2401940997036127,5.373553867865213,1.5640031135883972,-0.1838447926985729,1.527148488935977,-1.2597992612268967,0.9522906554925351,1.257047794071268,4.233686085946173,-0.18083933037625452,4.607467569582578,1.527688622276063,0.3868241171979005,1.1522831163415594,1.3694590939975537,1.418423500788547,-0.36724837608807004,-1.6027360664954025,2.8515250634469473,4.693142627392687,4.998561143425197,5.833258741656733
6.502523652992362,7.288878180166292,5.615531458136195,6.628344414391178,6.353494610639076,3.029540315072391,-3.083972977115839,-2.536468196998468,-0.25891306099012834,4.034590537304122,-0.19780225568948476,0.3148370409242986,-3.8915621717208015,3.1805914123140027,5.197888675902254,1.5308855388815217,0.603823539713024,1.9500005456090805,3.3737269025344663,0.0844182423051552,3.473914618410004,2.1350512358592435,0.9161656451584248,2.964920506132883,0.4649467489383225,-0.5849957619606064,0.9219113989688641,2.554777609559694,1.4918080203863793,0.20626533192106078,2.635388083972661,4.442446897176471,5.060984463613869,5.510607831322266
9.098548357037538,8.705154184187991,8.63727843800659,7.7334515493448395,5.389939434282556,2.3012378267929323,-1.1465651708963345,0.7221252045586244,-1.2733894319400763,3.2524303127067253,4.890327624829969,1.9017854794923281,-0.38850747225093396,0.11648150768399021,0.6180086545829229,5.590586654225735,0.2852080573694202,3.7316752002640166,2.1590089727277797,1.3977843284634865,0.7786008670633218,3.5121257802544554,3.8443186796850335,0.6300335612094319,2.244106879722603,0.25933568488625797,0.49055021023905515,0.6500916563410483,1.4341365899244767,2.2818088708438595,4.543757471442033,4.337524279065041,4.812810725911372,5.130409200426205
10.244858960756726,10.548325979205114,10.206779045938493,9.784455433714056,6.6618920805373385,6.200470502985984,6.421272893249615,1.0721623010540382,-7.0363831020714445,5.184868345754831,9.916329353037874,9.41389023717235,-0.47038273859319146,-2.976258801126624,1.1738685063898973,1.1310044418076373,1.5995595581555775,0.5039608595902529,3.158716258908286,1.9647225158729062,0.6840555910289268,5.677891555508106,3.8888649238743493,3.117720304176212,0.8025012184799488,3.0988796902777422,2.4116416574884814,3.5215103414434528,0.7044424607057159,4.1553269314061625,4.527207953215205,4.893281137891467,4.170567725196595,5.0716248315636765
10.78578888996376,10.77935627201001,11.688405460502587,11.26607229171957,8.815610839234898,1.785119605784065,1.1872441961597382,2.678372321817272,4.960063198189735,7.2304308853358155,2.0947929283719366,6.526709328894598,6.882613925526851,2.4609269048571285,-0.47480598770895593,4.020535471155636,-1.155438046014965,0.311761066031418,1.6510097115781597,1.488758223744256,3.4993052060502152,2.0996759094363195,2.2302871930866215,4.251616212079535,1.709903783967975,2.0150627784400865,1.9891419231220173,1.4022733918521164,1.8753853025134006,3.5208114512736253,4.323612458498798,4.516725595517664,4.838108140875485,4.676064597003555
13.256390174572338,12.635397688523913,12.675914033619959,11.072776190218107,4.831530820771911,1.8268467152234553,4.483461754663739,-0.35729679990573415,-2.8729265028225903,1.7236622394720102,8.878698180632286,8.453572561229283,-1.4583424308549764,5.201435269580892,-2.5562050100512326,-0.05866848047628795,4.9646656906647495,0.1563400225810375,0.7567661853081737,0.8800190586921526,5.487831916114051,3.7011042095401017,1.33492152846162,2.085342253315333,1.5591783353581452,2.04944501148079,4.311938733311498,2.924444446989183,2.7069482964100113,4.548643428090856,5.239229989355382,4.878745731015113,5.926202189318408,5.072935861947821
14.632510807455654,14.238865799478678,13.935707087359445,11.418905120165553,3.690427473958683,3.978829234175166,5.15610590200941,4.569763940851741,-1.155341755921565,6.620233371207423,11.974631060153204,7.675976574449023,3.4651245750946664,-0.588985015883033,-0.3079998285376624,-3.9331703746140723,0.8039601515282931,0.28359455589214677,2.2844659335335775,3.2124241033883907,3.129943374604763,5.084502822231119,1.6764430875750638,1.5981490661777282,1.550458916170084,2.274868175607814,3.779256592389826,3.0595475799844567,3.154231080285547,4.597641902810796,4.989757515485006,4.4764773760704575,5.2762033827345105,5.2144584800281635
14.942835752598292,13.341244473688446,11.97714857364581,12.184337108678802,4.7882166721524,2.4147705313234527,4.4240137763456495,0.7899996091776603,12.928329238238838,11.258572299823806,5.87223271643335,7.9041701000136095,0.2267016257883925,2.3052662138123985,-0.4013167222414677,2.4885092923661696,-2.025051890027667,1.523070076224114,1.0957787230265381,3.057787429002024,2.7126789425464857,2.6550254603315637,3.0042329920411466,3.659248370891231,1.8879658593868653,1.8446012015679814,2.469389467687911,2.7521678711950788,2.5096254280661627,4.838161409605541,5.565059577205461,4.6778368596819115,4.76303851486457,4.844461866123461
15.11775706215277,14.4309104437755,14.579300518549937,11.785222927157948,7.128983975085714,2.0513305483841133,9.681302151062361,5.357827367297731,5.239292316054567,9.815604131321871,7.159683864837349,6.090682525228895,4.053893390777806,2.0448383383014153,0.9943592633725873,1.2545574167865838,0.9441996322546468,1.3607748584831925,3.5205898893974745,2.8893776738519747,1.9195600329082152,3.16058630672252,3.6075692433559023,3.2462657682060367,3.2142381385334526,2.235132637972064,2.1852664367101595,3.285086698237567,2.4876726336015564,2.590697079110089,3.2293343592817365,5.00119419777354,4.2719801770061085,4.6369060675240945
14.99479702449716,15.165819432114503,13.749718327873268,11.721517488146779,5.650971910361159,4.464855619587296,-0.06199814096683684,12.047457355303738,13.659271980949082,8.961215978051621,8.638111893234173,10.02633627462212,1.3389043050284914,5.910763128414075,-1.645255276399797,1.2896530284184078,1.1488428199087566,1.785614019111592,2.8197882310291553,2.328842897646014,1.588401415410012,0.6819703086149576,2.5397200877851454,3.3237050150426226,3.9528424671947535,3.7971645471314646,4.159372824816154,1.9545207015935768,1.557620724539623,2.1647393432150466,2.5775861231145303,2.402414749588502,4.933729662693005,2.9404841304606326
14.83625816155713,14.265143964459075,13.294669574991202,11.916533326031644,9.870872256112127,3.5067863824843637,0.9803900883459318,2.6731026827382625,9.955055912689147,7.971807329347366,7.97931889962872,8.064690434807368,2.03129341103981,1.5562894294180143,3.865881639835088,-0.517281719532399,4.751271644881579,1.7142865689541522,3.3989891648775816,2.5483561211627688,2.803318461003756,1.699863563917358,2.1076562507691827,1.7431379208724413,3.7572088804815373,4.288854916269411,2.9244598225867424,3.309180432863761,2.007787399800489,2.0969673021217736,2.9706718860074814,2.412027241293789,5.504677182715701,5.838971711159977
14.948353912891355,14.071594224173218,13.401704438715889,12.442785019429307,10.222896639357385,7.697529368630845,4.210593191720679,2.786967386695235,8.458696637506185,4.1525581135215,2.7779168249317623,5.02113342501916,-1.3170171730925246,3.3242980755049882,4.063406821148782,2.20307781313498,2.6151934679241764,3.1731876702917337,3.5582890569580026,3.8483172848449287,3.7564044788446265,-0.477193489756262,1.7110272265595792,2.610520922650876,3.5856462617742704,3.5532436764019635,2.6056119682926244,2.9255699605899355,2.5053379133804246,1.9848991920301962,2.0615674416225094,3.7112206441074767,3.415458485125131,7.5499723988219385
14.27254444593293,14.368223842794697,12.860367604044127,11.889797597778445,10.520713460203876,4.768972776893145,2.9459827291559844,4.9928068706504485,12.20827649647139,9.388012371135448,1.8321454069519756,3.1979414229195373,0.4489698912637322,2.0464048028737434,3.3802977138228245,5.361384368311004,2.763982970907357,3.4830655841982083,4.99383374238522,7.957237911284857,3.3371456868210965,0.30077542606825847,1.9830228559128233,3.0694870100567027,4.240636268554743,2.447314442947324,2.5941468793487807,4.2635820478676285,2.6047922563319235,1.7914838678849303,2.082828053167197,4.014318262390172,7.139688623991162,10.32378039481718
14.501613853799489,13.952647351000103,12.93969641461067,11.833205531740587,11.281605841868496,7.561241225437941,3.6006673394857054,6.3097581095100495,11.05717376445378,3.887779602870736,1.9981035077059859,2.1578928380003295,1.812369501342509,0.9847881626056393,2.383111457438767,6.928979582155079,4.3189630814552515,4.619417554684852,4.72414609525084,4.939065599410962,3.4235060258018977,2.3858860235491246,2.9251301529493623,2.9567969469074935,4.639951208242081,1.6242463964938563,1.7150697715481111,1.9918809531130293,2.3773845009113845,1.9268141419249865,3.4186426879974308,2.2396156048127964,7.5441680194057,10.40225139898908
