script/wind10m.json
{"header": {"parameterCategory": 2, "parameterNumber": 2, "lo1": 3.000054539987559, "la1": 64.9999836372058, "dx": 0.5, "dy": 0.25, "nx": 34, "ny": 52, "refTime": "2025-10-09T08:00:00.000Z"}, "data":
[rows 0 to 24 of 52, columns 0 to 33 of 34]
12.992122740630322,12.535614799969405,12.693132388340683,13.247211080231217,11.440066858592198,12.347483717179797,12.915084593791159,13.342309527116122,13.44305244193387,11.3349593049139,13.397075747733181,13.958082040957352,13.441000883968174,12.542218665929894,12.289263922129921,11.77797942160353,9.060909735568302,6.626212095215349,1.3623469110054272,2.7526092446435912,4.52615393332875,2.6454387872245255,0.01725055419101851,-0.12804087950185875,2.8489940504159046,0.399378060900676,0.007201919490199261,-0.2335582394836455,1.449790330671968,-0.657764929362172,-1.3858495662839665,-1.4515780756935202,-0.14714826088575747,1.3149348902561964
13.967387919644407,14.35805744426078,12.625867381952538,14.726874154416361,11.134724244126359,11.23713248974944,11.496467869618993,12.997613336900619,12.429252622448644,12.862611329685622,13.068179941012659,13.893355661198514,12.962551250312677,12.650912854615392,12.836769893558987,11.434625394792711,11.100794418404082,2.209728458387828,2.9744991623308015,8.364529120790815,4.863982861907676,3.4587867354525215,1.2605165134379581,2.6422543159213197,-0.8451650518187278,-1.4862018383464122,0.08411619316446892,-0.7734432321722816,0.6765455659509285,2.1205122562085825,0.6119297395559834,-1.1324758346894344,-0.5193832012376113,1.5708370342976465
14.463264029066456,13.474364089156811,12.877811756761927,14.217758724216413,14.074674397850602,10.791266648106658,10.34421452616752,12.914011855706867,11.816387151603836,12.17738307368196,12.273192165605995,13.142589282557793,12.430495502570576,12.320608768294553,11.643324993481073,11.41608424974837,4.973412168715558,0.6330033433868602,1.7087110065486928,2.0901527015836527,4.060222889959232,1.1535065144928855,3.479019015722014,-0.588101367482559,-0.9579934079096329,-0.7855920907052777,-0.977537338483902,0.30119622827314424,0.42295586443670374,1.0588592606653608,0.6483725870660891,0.3323149565413658,-0.7304225003468939,0.6855954699776753
14.216576714416993,14.089281579837419,13.48013883499289,13.21978619530459,12.652837588274537,14.173128863711405,12.46520599312544,12.109047494810426,13.12474814874386,12.64418206721094,11.945241934957885,12.385600328395823,12.881663700462868,12.520039609395475,10.84809882928322,6.826804883129458,2.6391735082476746,1.3148444846561154,4.080881069942392,1.6203003184965852,2.923607230704672,3.5901589992514764,-0.4489253188872475,0.9675145003797629,-1.1333034280728236,-1.3173585230099947,0.69621376725024,0.34759320313317793,-0.08781845676795946,0.7961066109016984,-0.6355519904784834,1.0682277044925927,-0.11629894244105066,-0.19132464361653112
14.911457153514384,14.944050402976357,11.13808322630632,11.964015306969294,13.150687998468724,9.190964674231193,14.200115989923372,10.223638599906375,15.547637142893082,12.794277564541078,12.359482758610982,12.680752275717738,12.621495100177693,11.641630391192498,6.379970591158773,4.624622324190348,3.522752536503572,1.872477785806936,3.986084774107438,6.471430788428819,3.6519949417686246,8.913367301675136,-1.5989564367401736,0.10129112844172793,0.25371920064337483,0.3468902642577575,-0.1986927032889636,-1.257676441776507,0.906877308384445,0.051275169171110094,-0.5347219688647045,0.6181961582120101,1.1013709050021696,0.3865360761477686
14.025091534452391,13.98416382738029,12.443806572866613,11.392538720189147,13.99347140016319,15.105749986901797,15.965216760236153,12.379308136968568,14.36639062972504,12.497397202828578,11.935570393999836,11.838164850155792,10.016301733103209,6.6730633327075966,1.9816522384288706,2.4830528380368753,2.913048188365194,3.1178163445899223,2.644017844620268,1.1203017366116457,-2.2422028970103036,-0.7639704025367413,2.004970796631123,-0.22897201585117444,-0.09098096343265939,1.2401597386967649,0.5966815478404318,-0.40050364318834936,0.5122298813298937,-0.4446332992997537,0.2538458862167727,-1.25342630023553,-0.22823697698643866,-0.4783059810481588
15.21367923911392,14.93010979862259,12.598812724820174,13.465369329177697,15.738027355000117,13.544402730419227,12.968183948416021,13.126640270237374,14.113288281612329,12.060136283942688,10.381152637237308,4.993567584348063,7.4044102385283095,4.140294506953309,3.1658662022700135,7.195748735913803,0.3446256666598427,1.735090499562096,3.5839377184406698,2.8933701261838283,3.6559227869197404,-0.6810366072584445,-1.455346462297254,-0.9134959401541649,0.5147151729424235,-0.011051634392853088,1.6068153102104652,-0.6652782708257471,0.1654814449574271,0.41309258793651776,-0.6771952922867432,0.9058092909968549,0.555070220526441,2.6303903050919173
15.000542257060143,14.653517237142635,12.262536267530868,10.845574424037764,12.731197189144211,15.82346236281056,14.232504700268468,13.868123528360183,13.660108521046377,12.261459796050614,11.9019835756448,-0.7657395812616206,2.0014605146166256,8.421298850976475,2.602173576910133,3.0314588460978777,0.015209578827759869,1.6442269454632952,3.6751789257559544,4.395340600241599,2.453348860587737,1.28127791494052,-0.2735648906855685,-0.16122355681833345,0.44543970669289185,-0.6454682451809387,-0.9110360629442218,2.4483705959152444,-0.3771413630597664,-0.8029890831318687,1.985443980235146,0.08373566070752299,1.9861043300009753,2.208712208703957
14.237737452990151,12.772771919285912,13.582959160946853,17.23638294510406,13.346957219395005,14.424384255184952,13.61234354365875,15.798809384090681,13.668617794767199,1.7567476807018219,4.214870426669695,1.3597392473468477,4.046299867595367,4.82504233751159,4.997620159843679,-0.5131211686381397,-1.6899810909213429,3.950118279704675,2.228273956363027,5.091621028238598,10.403940431343548,1.3257827733982308,2.801180867708997,0.08844921368570866,-0.26765749923838406,-0.3422610432002742,0.8486019504949083,-0.08117646369228872,1.251737127146598,0.941353026104218,0.4209138118496146,1.6533118361547439,2.5297569238715507,1.7176775902805397
14.337405242171233,14.273276678351086,12.855402892119445,17.150808258168865,14.704403422784367,14.325666416856489,13.59342574064351,12.184700178020707,3.364079344416713,4.18837782633034,-1.2207230161252822,-0.05942907089700031,4.511962981661821,5.303886980010564,-1.0564626289771275,2.914610868207683,2.9652033363925505,-1.1276751906629159,3.8291239688954306,0.6935294484584663,3.2542749216213807,2.5986036614073975,1.7545563674872309,1.2410134245015663,0.435964769519399,0.6057360786216397,1.6721987419816966,0.8416766545173837,-0.6416505090364792,1.0669779326714073,1.2289909969449178,3.19012962559037,1.0192745534793732,0.5462246786548225
12.994050608349982,16.44725182638609,14.281763698322012,15.781095470932488,13.72961940936649,13.842307989893406,12.957199817749032,5.200578140457339,12.528857569473548,-1.0497722646308858,10.651582653920693,0.462681168758386,4.211188553677827,9.567258585374143,5.8737567837968,-0.09739440029557593,2.4531570008064936,0.9060417385228831,0.32521966835205096,0.9464088527869254,3.430874389058162,-0.19855571722710932,3.8117124623743526,1.3478130643371513,-0.41666115538547305,0.8396018307566523,-0.31477002318624414,0.2334980368831559,-0.04759185326202594,-0.09470068339851292,2.1343363749781394,2.126885389000384,0.9133348886254722,0.32328988784449747
15.43761678803505,13.798778460961625,13.63823635433538,15.93891777819175,14.042447902714077,5.503069964359234,7.312685594501217,2.381548583837623,-0.026400953505159433,7.845291523427657,3.735537675823394,7.795211321589175,6.541192236886701,7.86295236933072,2.3904808188231987,-0.47183032249242746,-0.2512823641873864,1.1906368931812765,1.0067914496575605,2.798580966101169,3.193827749102859,3.5309810970825364,-1.2313128456353004,1.7895916694852514,0.0831992132734209,-1.3865156932917742,-0.16637828431170426,1.6134256333709378,0.9126092841018045,0.47253420874998986,2.5373175751339794,1.8562394449177886,0.6924485503503071,0.22511516601017104
14.132224538385804,12.695576485414701,12.122704191262086,13.52915565869685,9.68444276471734,4.6352370945101535,3.900998045528686,5.217341115513779,3.565232125657791,8.949655990247923,7.2107921211036565,5.9634837332513575,12.086803004842853,6.639892553472883,-2.2774244543041795,1.64240931267163,-0.10780160567942806,4.010958483837357,2.0735270799462024,-0.8536793528143519,-0.0034664688260279057,1.9207531722516726,2.9567454071589827,0.6122185144719207,0.9490709440524066,-1.0864103450342997,-0.13772687375742432,-0.23475282274282183,-0.15081506698234928,2.546731700840163,1.4649899205939767,2.209146336935912,2.143782056376245,2.275888343779273
13.63757970630071,14.296157608594722,12.887033147533806,11.534417890199887,10.18828166819826,10.688012367640635,11.136887967730178,1.129543520406876,5.647684688711425,10.632950897865722,11.484534535305338,10.739292940082052,-0.29499764423205826,-1.0363735925076147,-1.0306320047027968,0.71430781857642,0.18695913231797298,3.0500872876481115,-2.473883069860132,3.2603785505447953,-2.4563357801061665,1.9336735823808988,2.8175275111603075,2.929417282292856,-0.5458973087371507,2.074427974171486,1.677412685998503,2.8536702273810177,0.39839642850828777,1.9477789438265405,1.8309906574951555,2.9446571115436653,3.540630137959605,3.2083681334012617
14.330582113240418,13.751432093411637,12.351955948639775,11.670202008855155,9.40481429595735,4.25819759628214,0.881241563478444,10.285280604656137,8.083500913424924,8.916318244954958,8.517815182684199,8.61571001091951,6.281309485991942,3.402436776049253,1.6460632837884377,4.420391164207337,0.9187203854197582,0.8451040835895474,1.4399200896883613,-1.8797018435373107,2.0202923556394827,-1.4162419462563351,-0.5301713562703102,2.9645469822256687,0.13791544378071852,0.5019204146715555,-0.15225292981076727,1.5428073526899346,0.6557587648451981,2.0693410809308355,2.83030813316521,3.319461568966137,4.263024118358957,4.537885613369132
14.271378988678958,11.756588359647488,13.196516750930913,11.237873457995669,5.481292390339951,3.37913667253176,7.316914212063016,4.624685984035403,4.464795100384684,6.062202366158362,9.244397968064748,13.721909381249201,2.7945999845206932,2.640162212005923,-1.3413053995407083,1.8158239928215525,4.0557674797205046,-0.7815098242729526,1.0189681512882973,-0.145967083598681,3.0134761480168444,0.4670613979072337,-1.1341172047180432,0.6540811138071656,0.9330590919061799,0.5521379385983882,3.451323253897585,1.2670067671951915,0.8143209485804145,3.0529710636863436,3.9678615982715715,4.29281246412452,5.08531090130136,5.225762629178165
15.301675438823068,14.211099959931836,13.65925797193805,13.075101413062388,1.3314312900994638,4.4511275512930615,13.265635574037939,5.6606676936898435,0.16198281240760942,5.232427723071592,13.91196563281665,12.691159398297529,3.307396519928355,-0.8994131237733397,-0.46990721040920164,-2.8295868129644557,0.1042254124374489,0.1542029940364975,0.15680783250654332,1.0942487364460536,1.391433291560338,2.063152052013777,-0.016141802912212917,-0.010911953382709252,0.8949092018277564,-0.04967478100321038,2.2977549552416723,1.976373986265912,0.866738109606374,3.443558323023639,4.588594267388016,4.956554258860093,4.601829651398234,5.224881969133138
15.810979670205349,11.85330392114946,11.347261311681375,11.169196743816466,5.161025152736887,4.564293802543104,6.599892244420283,3.5554518169386413,13.881400252140466,11.38064937993783,10.343158554449023,7.152983063456593,0.028930633579709805,-0.15386125266436437,0.5148325123895275,1.9723855333833853,-2.339293328581686,1.0828468160097158,0.3063817504920948,0.6636253739652801,-0.0766616108042586,0.12014902055820974,1.502952705251222,2.6009819844414293,-0.7784867599335676,-0.7931641645087126,1.3564673181878806,1.3456894046230843,1.4011180217781587,2.9781733130307217,4.425924927114387,5.168127648143812,4.682071924777267,4.150144506614125
13.12599346479136,12.235578913540545,12.157527081512793,9.996494184190137,6.939674045857879,2.5336886912084076,6.7849890903122505,5.577201594471903,5.7597530672954775,11.58894151020454,9.574412626096805,5.164877146623655,3.9084221871202427,0.2408772637722898,0.7960632769502712,0.9271009810134111,-0.914073353874382,-0.1788836968482102,0.31011789473360557,0.8164089524556221,-0.39171048283973303,1.5255280365862351,1.7421079096375327,0.075234486421977,1.1850500490113236,-0.41200995618745295,0.5658516315003792,1.6443032651644824,0.7424692680927955,0.8736154861307701,1.8734293790552754,4.381653070720115,4.217520604279151,3.667902701624382
14.479944103203247,13.947867508195598,12.78306653810593,12.135209366648283,5.581255284943177,4.212066941455291,0.7609487331550804,14.044544560324217,10.030401112126926,10.58783296059626,12.027557622232731,10.532682960539283,-1.4100996271189992,5.71978509030436,-1.1031480047947437,2.582224210249658,0.7611066998621658,-0.4360395580919465,-0.45905366428863675,1.1888471096231457,0.8526796258739485,-0.035946198258825224,1.9520728987737723,1.9918359936186958,-0.66078263748762,-0.07221410219749064,0.7514057160446679,0.09816143629168832,0.5078291594877336,0.9987253364563169,1.0504859379106612,1.2243424205203306,4.098339350395076,1.6545650873140048
14.129483941403418,13.43880095527228,11.997840383468928,11.046691009222648,10.462350623754224,3.5266660133040824,1.4583190763861062,5.471455363140644,9.544947950466117,12.108084560453268,10.882880126397017,7.3532936370175515,2.8701881911991003,-0.8641073729778989,2.9356279048282254,0.4245802557499018,1.294571992761823,0.07738117624562484,1.644491093662733,0.5343475395293438,0.8112966315842587,-0.14010633766944128,0.6292061749539825,1.2342942870421731,1.3662565371254467,2.2341251288508723,1.0604914724362193,0.9641798979396046,0.7998061477639756,0.6755696184801254,0.9010138362336079,1.333418088986302,3.8356698930990505,4.28801784097827
13.747983252857269,12.064467787716245,10.85571084120777,11.09427571264489,10.970002005543765,6.85948735490549,4.694535836200553,3.4699731178963558,7.9484465355584035,3.742069769967334,9.08979311104448,9.448451175144495,-0.8049956522073315,1.32090623216467,1.14752225315223,0.5774064758322358,1.62883780004245,0.6130382973242782,2.3515445558595056,-0.3713843746590817,2.3713552687758073,-0.6129920763193643,1.7917038343474994,1.3577242053423133,1.8795950287326444,0.5892565595693577,1.6917836603587453,0.7035574875835975,1.5423221922826773,1.1984497046845524,1.086302019709482,1.7404832150220766,1.4627840425065914,4.442785618011875
13.582842537816878,11.729579423866218,11.580617264098125,10.576366290491134,10.780859291220601,4.130701521474002,2.979677350078367,4.00009946294097,17.020456526369024,10.71457409014881,4.0844528768515636,0.8909611708826529,-0.17582997907434975,2.0700915334092556,1.5204476208144346,2.257660101765186,1.8230457521776775,2.334702936490469,1.4408377257033176,4.104633050131848,1.0844873186799426,1.2716729307261179,1.1951597244827512,0.1169241261446002,2.7672728410554623,0.5852816833855552,1.9766844898641478,3.099374992371732,1.7527848250174691,1.3609405650847803,1.1570011495545622,1.807971456535852,3.8270873884972665,5.110895759190445
12.465802170585107,11.864380945230923,10.737668028268557,11.03931741516507,10.510631893821996,5.623902142960746,3.5440140824497433,8.201812431918313,14.181560995676804,3.519766125758404,1.7749832468152464,-1.255595167444238,0.6308568052605014,0.1362245060771111,3.0857664527904216,5.649612732263092,4.03696921397419,3.1301090053786473,2.390892382839362,3.349472425156577,2.127271443016333,5.256403365548229,4.789218515594205,1.204205906422365,1.7914496487663378,2.273875768699525,4.244051640937577,2.0622850697565682,1.276769170205856,1.5780563297709556,1.470673339440834,1.1343091771545175,4.430601594334656,5.252599765864117
12.396123579471034,10.953717250639517,10.437292622907751,10.967861129169078,10.45521323054471,8.366644517539127,3.94193143601543,10.954081280041644,11.304415583712721,2.8130630646052057,3.882582798083435,-1.0563815869109796,3.3919431042087878,2.1496843924478055,4.993204605300335,10.681562744307532,8.246627869782237,3.1782698838046093,2.8911650524312815,2.8538556669519353,6.843809238821252,7.594974369086163,2.2742485956975553,2.1711696197359722,1.5536286968858988,1.7813156594130795,2.4626156040350127,2.0331629847330848,1.5418957058948375,2.005017735936395,1.563903141935364,3.5158941030797095,4.263547250302765,5.375605616110976
