script/wind350m.json
{"header": {"parameterCategory": 2, "parameterNumber": 2, "lo1": 3.000054539987559, "la1": 64.9999836372058, "dx": 0.5, "dy": 0.25, "nx": 34, "ny": 52, "refTime": "2026-01-21T14:00:00.000Z"}, "data":
[rows 0 to 23 of 52, columns 0 to 33 of 34]
-13.078198686713867,-13.213836546526686,-13.389919904234878,-13.157901592160746,-12.87735652023863,-12.922723593056544,-13.093343781482083,-13.490797910789942,-13.212880542760978,-12.736656940217786,-12.637304779798807,-13.024157215664607,-13.203224404164613,-12.84428296155086,-12.208542842711756,-9.433462159605577,-11.192489817747001,-10.778589246441694,-13.231704036359078,-9.484837964149488,-9.639483863187237,-6.1937787155899295,-9.716562124320694,-6.979778337435954,-5.464374155727314,-4.570496349847017,-4.1419689771404915,-5.451148598868019,-6.135415160421772,-5.07187181042783,-5.414999860714536,-7.115893976530459,-5.892043280957461,-7.042531909369265
-12.178312135241198,-12.48588252763698,-13.085217892969288,-13.476585874562812,-13.516536526849052,-13.064276778786619,-12.734180431718682,-12.704466605979333,-13.261463464070625,-13.659273441231768,-13.621678883007103,-13.096842704793886,-12.971985780825678,-12.860329904890424,-12.485560679622811,-11.23516267584783,-11.050665710956443,-11.653413670410592,-17.276121316749368,-12.967870347491715,-12.934057888520547,-9.798817902044775,-6.327142740584279,-8.462503960864078,-4.850831098553864,-4.064408038683765,-4.9776708971604595,-6.847966532292959,-6.542271079288785,-7.672046824253573,-6.123508755750974,-8.020902706597987,-7.423250355496056,-7.641882333948071
-11.005623646435444,-11.169757310959724,-11.82176826698158,-12.395085897357289,-12.154617279383075,-11.95240874616461,-12.661727471149595,-12.610230112766315,-13.225788691911168,-13.477135273335636,-13.659887938555137,-14.062041333664437,-13.172534521308096,-11.674724625608848,-11.252970957934792,-11.828287156532566,-14.405766229367732,-11.655978648814518,-9.994131258597069,-12.483183908578376,-14.16207683175749,-8.291993044744352,-8.547937157672749,-8.059971115745288,-6.630264309762994,-5.282051730258177,-6.717117981809779,-6.112214938587339,-6.4000531971631505,-8.450313315285799,-8.81239362986098,-9.333015423656942,-8.356428060902104,-8.400688358553856
-9.305231197292064,-9.29933880530412,-9.032942381142835,-8.899568643345619,-9.962446364958375,-10.471935256781547,-9.034216326122964,-9.540133213043065,-9.996935886985392,-12.330820795696063,-13.981026768955918,-13.21257398408084,-13.632719567301754,-12.680809253660389,-9.38951669535907,-13.492047566250129,-12.68330660993547,-12.048196568602021,-10.196904702532397,-8.549523240537148,-12.076525228299248,-10.012826826104426,-8.511608721454285,-6.739592455801267,-5.426705260967845,-5.210119885289389,-6.8503700615450684,-6.509880818634207,-6.5982046748733945,-6.870178788771276,-7.038321212451965,-9.547606072863125,-8.28594912696881,-7.2336963373942655
-7.184239941702224,-7.8403443032784095,-8.018862728393657,-8.050376946210001,-7.160882091629439,-6.594572100007294,-6.343293952677612,-5.075716581542078,-4.964702978929368,-3.769034619998184,-7.511015170505618,-13.845509093316009,-13.310532649167515,-13.012695627474255,-15.621368833798934,-11.585484872493048,-8.144371989848842,-8.035578370508837,-10.372045299436396,-11.913377712480495,-9.475390276271836,-9.236824466101154,-5.986997477749904,-6.897605330131025,-5.523010248097407,-6.239517936438455,-5.387649965755798,-5.975328765905142,-6.202137216921064,-6.068641462973665,-6.9092749835746305,-9.340705167557287,-5.9765203946129155,-7.315231520545343
-6.734396261203004,-6.568411867387119,-6.498946408984983,-6.891546503827788,-7.217280870142623,-6.9393192429537285,-7.40837040951318,-7.231797862763898,-6.141950165299311,-4.354866208544531,-4.375043307467752,-7.496561270054283,-11.69001926997566,-14.65976990419589,-10.824153974050107,-9.043733595271949,-3.9890801471487234,-6.343924935256988,-11.80550440555889,-12.364129146429443,-9.213019816303696,-8.267471372684662,-5.805262409728179,-4.4998399953442725,-4.9636755739673175,-4.897761532695274,-5.414776650367536,-6.46919460447699,-5.392733103796876,-7.1922098335974125,-7.550732442951106,-4.883271169674808,-5.771889369411274,-5.884757852055536
-7.154583769909131,-6.46406930524128,-6.504210360365123,-6.802586705534917,-6.942993181704476,-7.706871347063679,-4.8215261127985904,-5.206292382396197,-6.43760886169702,-6.504755741599785,-3.424493963322441,-2.178536939612205,-8.549957460092172,-10.128378264549635,-10.069240251322555,-7.140377300069421,-6.192626024642913,-11.566145103595531,-9.272807344620505,-10.048438352347954,-9.22339315899588,-6.544009286527498,-6.18431856524009,-6.360605423812298,-6.644637282407471,-4.254742993384478,-5.5059099894074235,-4.376976550858572,-4.388231520858486,-6.058164120498364,-5.06649963366764,-5.444474987010282,-5.740038203326288,-4.880108634709361
-7.315436240093611,-7.2890422802591095,-6.607268335408224,-5.694555989008722,-5.615087393609375,-5.784824871975781,-5.95383152397698,-5.808709101892663,-4.987905247893944,-6.611391993997283,-4.56661256808922,-2.8187867129820923,-2.7630933064477983,-6.082975284466203,-6.5716001387609575,-4.506530574296209,-4.624861175929895,-6.729242416707531,-4.992908352769299,-2.327399223793135,-5.851540066736455,-5.864278273820555,-6.471326096621107,-5.996838625269871,-5.579190343231911,-6.08836720540979,-6.697699113551332,-7.4828110121265965,-4.962045576041868,-5.400482564878543,-7.218827661120618,-4.792691913266775,-5.7696160451537875,-8.234527283956679
-7.7326063713587505,-6.820483863342421,-5.178009677218227,-3.602145951186771,-3.306163963472013,-2.6348407738032043,-4.039646319122947,-4.011557137871422,-3.8464028211477435,-3.466829959389462,-7.187484419251182,-0.3167050224823452,-3.0866854093727896,-5.644031288129665,-4.215578240930412,-5.704490553540708,-10.552041303161152,-5.573481130882197,-11.180087659270091,-9.904470210710086,-7.87049089277451,-5.197476362977742,-4.004786484711129,-6.635220430450715,-7.1720243036918125,-6.934887502337779,-5.3157729723465605,-5.607307524212178,-5.651959247363928,-5.581734180364507,-8.794254666952229,-7.934313591500706,-9.38871932653308,-6.884673087199203
-6.006562654254207,-3.295499983976261,-1.7353141845871747,-1.1036016943084648,-2.1501006175431283,-1.029755928699787,-0.8060132782260879,-2.846627807474032,-4.099280831804089,-1.5765848280389463,-5.333370242860677,-0.9146844078945119,-6.399192560611135,-0.8963737222088843,-4.243322784744732,-4.578691838170193,-5.7094389618628085,-8.439591849868187,-8.792950721009436,-6.744609915592186,-5.814893141890256,-5.720273886766388,-5.725636249695668,-6.308766095037694,-6.21327363910119,-7.93983083337413,-5.4707394699074525,-7.061591504356045,-9.201700285176665,-8.341130894871185,-7.4020375494451285,-8.041214248869032,-6.70401754865822,-5.66651303097292
-4.408391126294154,-2.148502110070825,0.0011750541853059995,1.70495026710704,0.4759809514476798,-0.3936637089325578,-0.35193660537425325,-2.362180150653332,0.393720203356001,-4.424058797268579,-6.128394838563499,-9.868443963175737,-4.17294046296349,-2.507747152116634,-4.844136708759266,-6.6926259202806815,-4.087945088227868,-6.870614363350316,-10.07255015152052,-5.585997058716472,-6.813631397715806,-7.025707472430977,-9.14063825432339,-6.761090691960226,-8.849688602476329,-7.510874615064216,-7.0067945823224935,-9.074252475083435,-6.396406072916617,-7.809074618399906,-8.154954788096266,-6.87211350115316,-5.702295266338478,-4.926719782686063
-4.734366079547266,-3.113192372671031,-1.939531335161323,1.3373484340369026,0.6619151638007368,-0.797789179016805,-1.5661225149131794,-3.424544327919238,0.1577673494838029,-3.099998354495338,-10.23489612191068,-7.406862565328809,-7.29147944785421,-3.0794167130357586,-5.066167202851348,-4.254700732909424,-6.387863404085824,-8.086055681039657,-7.260429960145189,-7.677999883694903,-8.396485279073197,-9.04735846091013,-6.054434187731357,-7.419772336759016,-5.934917682419352,-6.91708565458377,-6.693822379185721,-8.663409475551521,-6.923932543633553,-7.397575965096027,-6.18047235139279,-5.494505035515095,-5.212921221023281,-4.515855506461396
-5.745665286491286,-5.519091717725043,-4.342695407155892,-2.4581593580365877,-1.9659670898822734,-2.553260459007215,-2.4207861397119323,-6.430945905646136,-5.569455295951679,-9.290402874711937,-7.094117347680751,-8.246957389795055,-5.328346721131359,-4.1276006215879075,-2.6283631403896948,-8.40343974977234,-7.462190793853715,-6.172607838526124,-8.687702082679577,-6.542869253004938,-8.715396581027123,-9.116044282944104,-9.580254478548742,-8.356364323490244,-8.05855448173192,-9.059789056927947,-6.686329949524711,-7.774373341558142,-5.769576143061373,-6.675675549502033,-6.002631304422893,-4.970657650355724,-4.734752921563267,-4.621703799333648
-4.647158332741052,-6.9196240613548055,-7.76986170803778,-9.615209416447025,-5.4588751708473975,-4.756502266157244,-5.880112720256146,-0.9229194402005768,-9.501712427930018,-3.9637471467078775,-4.381827171709098,-6.113579265441198,-3.1327151265016333,-4.705573767208705,-5.394477182849699,-6.782871790614489,-8.532760338112203,-6.49790691305054,-8.986638285227862,-6.681362033765897,-6.864317252597373,-10.99002446581327,-10.090148281693713,-9.616904160229092,-7.9846082397049285,-8.68560421487899,-9.090491389401253,-9.836912983172455,-7.222113506123802,-6.367474679575789,-5.231732721934651,-4.478454387576008,-4.898361106623116,-4.986401987692528
-7.226265524553146,-7.414318342668631,-9.401758100484107,-8.290817396929501,-10.774584885385565,-16.38790604997657,-7.933293896316338,-11.622780786364299,-2.439799045328835,-6.781872387126071,-7.7391592668024,-7.547169054929805,-5.664540489181387,-4.987471982653835,-6.941216651122187,-10.676441272055616,-4.349397340844066,-9.302878437502459,-8.394243494977111,-10.484047867347549,-5.991235954795478,-7.578440595357063,-11.7691812353981,-10.443030526913462,-7.69267376412571,-7.8118541158586625,-8.127488400650083,-6.610540215350914,-6.867461191785239,-5.314901415554976,-5.4217081930867215,-4.532100285114832,-4.484123654605128,-4.677961083321148
-7.400998962273786,-6.833248784457687,-7.8538105692023965,-10.34155775560016,-12.799741407782175,-13.941673768719136,-10.904725823913237,0.31363753776798275,-5.1431837513655445,-9.046132163819296,-13.328122765474964,-7.421437241632598,-3.783484328249337,-6.962171977185605,-3.905370130168045,-8.638831323342103,-9.489942038024509,-6.850898100872527,-8.890252085700281,-9.629868865624953,-11.484036051434083,-10.066940732954691,-7.750245086686548,-9.508533541975579,-7.500023004931295,-8.282275359288935,-7.956275890476483,-6.302787750097599,-5.611343221636504,-5.409737902954762,-5.921183739707709,-5.667508759675059,-5.136975578151313,-5.475493507226219
-6.948610407510167,-5.864990680412167,-8.346893541550578,-10.437954172061666,-13.268756872077141,-12.588710654986967,-14.732223578489377,-7.8452572967943555,-3.207046490911007,-10.610853312426778,-13.255708464901852,-8.581458423546257,-2.738516150497498,-4.6730436385528735,-5.614630349472903,-2.994943934986659,-8.455256688508465,-5.329143455691154,-7.754348118419037,-6.457632707759564,-11.947687417171755,-11.635478275047005,-11.673243472509931,-8.353998032042947,-8.939066787854372,-8.297547999327048,-7.795485397828587,-7.458041686902432,-6.852400038125292,-6.634642622980954,-6.918586732772132,-6.70422857427219,-6.570406740571365,-5.29521276273688
-8.409302630857642,-7.694310448812516,-6.868453962323084,-8.939752528213116,-12.039783549596509,-8.399568445053676,-16.769257353048207,-3.661536715813247,-13.136870449065666,-12.184730266493652,-7.389541785512205,-6.7053321115342905,-6.697148878184157,-6.721776240632418,-6.495749278351086,-6.511095266764919,-6.6984749556626255,-6.065652229606198,-7.115820396964972,-8.106572163248613,-11.526072110849471,-9.334134717463035,-10.051344557252756,-11.240803172274575,-7.334208665871113,-7.576565561098687,-8.504566299629834,-8.770016456272147,-7.587799710792158,-7.5349762370703335,-9.212992153693719,-9.550087854958782,-7.472941521595262,-7.33839190206915
-8.71994678756077,-10.567811215831464,-8.951672460272889,-5.49073853519367,-11.488849804055606,-11.48857802394959,-10.70443224028333,-9.859083512877007,-17.528432859662097,-11.774170858742979,-11.108255501060087,-6.567949766023409,-6.472339341979479,-7.401310201896124,-3.4092896963949926,-7.373296064794005,-6.5635823701589695,-7.214088486112718,-4.107864309595966,-7.156356299991943,-7.074003929378698,-11.849868034228848,-10.435293191297653,-9.770217856111488,-8.55971981061017,-8.923993862481893,-11.233551835592687,-9.993902447122318,-8.964108490003591,-8.880556704311493,-10.216867078286423,-10.023999942473646,-9.531709239269636,-10.189366469095233
-9.720357591316231,-10.35827312579825,-11.434142169166128,-11.028359350301121,-11.602420949002159,-12.594353362382883,-6.014582652311695,-6.98928272106602,-15.754744453721312,-14.853812863702574,-12.495079169404137,-10.874313590867509,-3.697146243101704,-8.755589147925747,-6.931107381385539,-7.99101922945364,-5.52136974164943,-5.336457584483018,-6.152435549339874,-7.315233960807476,-6.504998639061713,-8.87196807509193,-10.535162346330326,-9.509449031264907,-7.961369841231345,-8.990287863183433,-8.850744813288676,-10.265106925506519,-8.314241682736663,-9.139951138024095,-9.114855331713578,-9.066545808693222,-7.981902810146205,-7.426767720978924
-11.699086188168671,-10.016282722237015,-15.365511275703714,-8.811418879091965,-12.764144456499324,-13.496146919021687,-11.957020469770622,-5.648434153135733,-16.501128047136465,-12.710267701559157,-13.70400029260013,-10.061432102771338,-9.774426445733377,-4.258763641837179,-2.856505212446748,-7.890960246617208,-6.664122723168612,-5.282792960908453,-6.61706893579997,-8.139918716762075,-7.813039387030334,-8.597726922180794,-10.508019357146893,-9.377154932392834,-8.391576700569813,-8.864009170474292,-9.818987112739983,-10.13472729449192,-10.938338071398634,-10.214121555237568,-9.621616976637187,-10.032766259920061,-10.658487243024224,-10.108854375285686
-10.801009667109165,-12.73593918765821,-15.407754015821054,-15.579216276485878,-15.214670234367535,-19.927208236205423,-21.218213027272924,-23.936808529733693,-18.75160386797772,-7.825373865125762,-9.8988128167007,-9.74990221967024,-0.47030083559547653,-6.526480355650092,-4.204607921824786,-5.634688709163676,-7.202158925209759,-6.745616617586874,-7.436757650311018,-6.411659714491246,-8.661641662213281,-8.161886702585214,-9.468800573805694,-9.378906781995815,-8.790092616290739,-8.737580638774599,-9.20595399556979,-9.858167116030728,-10.646182580370422,-11.099544263166111,-10.36344633279543,-11.119073071433206,-11.626748412365512,-13.610020785097293
-10.728533756764556,-12.30180205566124,-14.759703761356274,-14.297089011776913,-17.951275040901482,-20.14708121372589,-20.001435240962675,-15.029700044538687,-19.246726967708202,-19.4993882652627,-7.54482316439711,-9.959012812629629,-8.116373249620494,-7.910295942165186,-8.193657124261595,-4.978419092973584,-8.219633070053485,-8.647498031208471,-6.85289880280198,-7.080641789379591,-6.925948052142331,-7.6504874245220895,-8.496282037196533,-9.175318362562605,-8.34792911337162,-7.601718836370289,-8.514966083263584,-9.500878973821782,-10.57535491059599,-10.732479737424848,-10.443204718992742,-11.432874721287869,-12.969467035698933,-12.948092831868195
-14.54932770233701,-11.392685830730118,-13.548521425967914,-14.060886720742946,-18.067790079495904,-15.951664643366716,-14.30894353912767,-23.24955619461421,-22.448195053428165,-18.010508323274415,-4.9906891909656625,-6.8136564875332395,-7.290321425469249,-7.74906555633109,-7.659173958370237,-7.107999513313271,-6.640011149576173,-10.073670526105012,-9.89213718921949,-9.29837622543607,-7.283530041434176,-8.587015003110418,-9.445870731719271,-9.92559385775356,-8.629691728266653,-9.4917180774792,-8.759742282577484,-8.016401791018811,-9.851642412813721,-10.651686009453867,-11.49781145467819,-12.086369549840633,-13.94078894740117,-14.316902877642804
