script/wind10m.json
{"header": {"parameterCategory": 2, "parameterNumber": 2, "lo1": 6.000027932988019, "la1": 58.9999434238085, "dx": 0.5, "dy": 0.25, "nx": 22, "ny": 24, "refTime": "2024-10-18T04:00:00.000Z"}, "data":
[rows 0 to 23 of 24, columns 0 to 21 of 22]
-1.0472867702792457,-4.990973426607991,-2.06224119279272,1.0145894224876104,0.13767029736787326,0.1215538352897577,-0.0004131700502785832,0.3356053991816012,-0.9570669153831065,-5.060938712124847,-3.7227141358710267,-2.0542725966793456,-1.4997365417223225,-0.8921573448181702,-1.6509765799019867,-2.340025368812113,-0.8255236554942433,-1.0380661645949212,-0.11711413299621268,-0.18048898985876355,-0.043387970043889015,-0.29150119521283635
-2.569506700730675,-0.8405776384076636,-1.6413093822370384,0.41610381991106615,-0.7949285102217201,-0.4486592037201989,-0.20054169634974484,0.759849603485329,0.14457321647773305,-5.534838936534522,-5.404666656628781,-1.3422621223321884,-1.3370232178715897,-1.293791406319626,-1.9532281283285278,-3.174501339183591,-1.498173077789177,-1.8771497138804842,-0.9958191357420445,-0.6759608565964303,-0.3369148341809974,-0.2558541170790863
-1.9130906359543347,-0.09832850027223,-1.2534846124875667,-1.5804757998166983,-1.139978536125109,-0.6534858062613337,-0.7705038658699337,-0.7256556866521288,0.6541423710233101,-0.1560944664691874,-5.080558496049755,-1.4255831819393316,-1.454593670358176,-3.3465851237031594,-1.8500704430038628,-1.0073708971158966,-1.3228293955130108,-1.7716115751884505,-1.6035261181195113,-0.9511080619603803,-0.30142165282271244,-0.5547866642106586
-5.630225707197598,-1.9179098524024987,-1.5233151103397087,-0.8372327040850104,-0.5729124856241667,-2.2450173724557585,-2.1338106869346922,-0.6505433674058015,1.1091180652577848,1.1959167491948106,-1.2914856668471304,-1.563852676425884,-0.8784923677515871,-1.1519006324831838,-1.3526407982099886,-2.046315479104537,-1.1712289163044924,-2.712915630866895,-1.2171668595460563,-0.66691723133574,-0.16138537404230371,-0.24439771434700971
-7.765551444282992,-7.967850555370163,-4.448704601534757,-3.1410292142838285,-4.935683082437042,-3.1392814457081406,-1.5034455104327704,0.23114730333747627,1.3986063407686662,1.5775296807724597,-0.39369042391918774,-2.343826462903838,-1.226576035046958,-0.6480917626966034,-0.5991585207771531,-0.6273033151432196,-0.7335699253841748,-1.2794386113109757,-0.2968799735520705,-0.7547770133616349,-0.1084662592229006,-0.018073800304174166
0.28088979863423863,-3.4340061587229345,-6.91119717921746,-6.6155121430739205,-3.791314442855223,-1.874105437477293,-0.6308154121856377,0.3176939212449033,1.078093812730831,0.8790605250280914,0.5624624676220328,-3.1567350800325475,-1.3940036838248504,-1.6089465893737511,-1.5062471904694033,-1.1988808109335682,-0.11224066567245887,-0.7662047059828503,0.11054616709232036,-0.1041788575858827,-0.4853981783933066,-0.17368138737374994
1.3076040047706083,2.58764650672093,2.462573127496336,-1.522461762905256,-4.237582031501877,-2.8134507873776617,-0.45165731910981466,-0.7183635607173029,-0.35356723970887344,0.7197232324050985,-0.3477020607290038,-2.1666071522117667,-1.9613508152514814,-1.47461090806166,-1.0914555596892108,-1.5460731762321436,-0.8177702745707435,-1.2278735751403684,-0.8035075209260929,-0.8358410997652094,-0.30239800158839775,-0.23161894975969807
2.4707772777129744,2.955200203015675,2.2467977306099707,0.31434700920415015,1.6761098509141554,0.5847014374388619,-0.08935131312256572,-1.3982625342852228,-0.9657276321176799,0.615064690715253,-0.17198482545076213,-1.8948999618600824,-3.59312678325784,-1.341860427119175,-1.5503272054885644,-1.1912247380404315,-1.0109330057802401,-1.277518419291772,-0.2068070859227391,-0.605813214451879,-0.7164991367215721,-0.009776419515602682
2.699834593253272,2.793284856850069,3.1612062445027584,1.8868147662409596,0.7362321731395419,0.48862898468445476,-0.6712206473864047,0.39480651009113454,-0.7047182827814998,-0.17009732469797112,0.050079468837682876,-1.2496137261710996,-3.90266377504864,-2.104013028150693,-1.5285998628209094,-1.252926447506185,-1.3545422959190105,-1.180139437085674,-0.9699326353303518,-0.7584224082820973,-0.454587707984172,-0.23925231793595295
2.703162604925741,2.8902849010159675,2.7458235042893193,2.4147735826980723,0.9112576394925443,0.1011589664944099,0.8023854484415217,-0.08948171246345264,0.012976886752702877,-0.5375107119616956,0.7463324540806365,-1.0384726479174775,-3.1779478194990474,-4.850454400322937,-1.6433798127103016,-1.440333515899851,-1.3203007172721661,-1.3138678139488484,-1.5032152480915921,-1.1367250880457362,-0.43637565501140435,-0.5873626044391789
2.359672038148185,2.7866216506961092,1.897422043281016,1.8915669141006195,1.413561747929323,1.6416957295485561,0.5058743230032062,0.10008379683035837,0.12941028801498897,-0.143868691498697,1.0100193185541078,-0.9833526729409515,-3.5850636677192487,-2.0852701298312946,-2.799880459914849,-1.8986620706947197,-1.06811198793188,-1.2173424307476686,-1.6370947827882996,-0.9834074250679815,-0.6335510368226809,-0.03686861233582385
2.3415314247270205,2.905710943296012,1.3180842753184585,1.6642763099096756,1.169458814200972,0.5134186479939634,0.7030307701431155,0.6211585391966812,0.5269816523129376,-0.7864695928146407,1.0671283926163067,-0.916301458889652,-1.5819817747660674,-1.9376975594139125,-1.293048040911733,-1.561041510960392,-1.383793273505244,-1.0264381140524765,-1.1259092211453952,-1.2998104950520473,-0.08390848136299107,-0.31520131986224154
2.287022896459358,2.026009114076887,1.0650499960429207,1.600361360169298,1.440091717728113,0.3141649383417701,0.5068445833738335,0.02768235485428083,0.8332280993717779,0.2884044637061221,0.5644865660440463,-0.40940292208231366,-1.1614079068306,-1.653560970610063,-2.6608336536858874,-1.0410904338208986,-1.214883259433881,-1.8718017834609275,-1.7628598737724512,-1.3848236300055041,-0.8086020142149754,-0.6113806440574286
2.652690410276503,0.8193748297289528,0.8662822522176177,-0.32806475498669935,0.6461140648133752,0.4571668534460215,0.5114418749302903,0.6603363999127456,0.8384273452668833,0.8294179380515677,0.3982766597256052,-0.1716983663406252,-0.40927514563567163,-0.6273454488471587,-2.293869766389468,-1.5350548851742463,-0.33911991815565956,-1.3837764471173772,-2.082924111230603,-1.2351021208980915,-1.1354848167758045,-0.9435288702102751
2.427785271296672,0.8436353157551573,-0.8888965904301426,-0.8331658214283358,-0.4575436901408596,-0.20966716698214147,0.31778326035873533,1.272403931903617,0.2266276536268643,0.6088162408488609,0.7209411502547847,-0.012368164903608092,-1.3049444110402812,-0.9799065137532024,-1.9063474072104547,-1.4062093312951653,-1.412318325245008,-1.6820266256646577,-1.9078393245595222,-1.2539461289816507,-1.4311143943677915,-1.237024275715016
1.3197273768558189,-0.3010477989877953,-0.4511823007597781,-0.6246299255547383,-1.2064497417520659,-1.4960143706600009,-0.5236236113731263,1.2655623721906444,0.9693417002964444,0.6855716582666835,1.0150058646371631,0.1219596551012029,-1.1513180212170053,-1.3424862828937643,-1.3122029694694137,-2.0290658250719495,-2.5421851516620433,-2.716835013396346,-1.5531614815588326,-1.4807671739048562,-1.7843293488159986,-1.9140210744019328
-0.15710287252563002,-0.11078027934675308,-0.08567838702448224,-1.4616196344963392,-0.8546101041414239,-1.4775367645059612,-0.673643406181535,0.690210194324682,1.931445228902538,-0.49805980036226283,1.209712527056223,-0.06434153876009445,-0.7894969275836818,-0.600071481030288,-1.1615552125428077,-1.9915013118541933,-2.054366970674988,-1.8868501071889545,-1.5769766009346577,-1.6751933312522034,-2.1846767613507088,-2.9441117320049193
-1.4921949980809621,-0.7632674431159191,-0.2568580247690343,-1.3414014208269593,-3.0807884554781344,-1.2890696314508912,-0.32741249508741355,-0.017597422698270478,1.096108892254922,0.3387430970083902,-0.32297536778754854,-0.14428640991199249,-0.3922918546552943,-2.0525812904449383,-1.8341148097853663,-1.7984681439404722,-1.7724860796428328,-2.0953206577495607,-2.16032436736315,-2.0646059515163246,-2.6042332514924125,-4.0056814491817105
-1.5497635928454574,-1.28528315464237,0.4782342156258527,-0.693827728820633,-1.9793188655292804,-1.7358963227933397,-0.8179735689980229,-0.06674436267570273,0.6094650833426254,1.5316845631640317,-0.4768221202478642,0.3940894139672533,-1.2655477439685774,-1.9716785424055197,-2.763929486660994,-2.1427349043177832,-2.138516076751758,-3.067378338784762,-2.3422940893662583,-2.8932863342340815,-3.655526494549388,-2.5632079482533445
-2.2759842806655524,-1.040639009165654,-1.308435177083731,-1.3248163442989227,-2.867738414453759,-2.1460874312729765,-1.3446300396698423,-0.7716253557180527,-0.38215376185437794,0.2910741770183551,0.64100916335307,0.3049274489433016,-1.7467158765563524,-1.3516466913639922,-1.1141204683173176,-2.185183610536228,-2.8737229640879955,-4.140211353110147,-3.0436135418342785,-2.9367627972755996,-2.2530431123668393,-1.8308628857285623
-0.7426830896702847,-0.7408955899557611,-1.8414887048096182,-2.0035777268248225,-3.1909560475758085,-2.6111222918127597,-1.4144153042566507,-1.972024174445696,-0.5909092215902375,0.016749493369586223,0.44069200569563344,-0.15267404342883004,-0.7102309444707333,-0.8402631234396093,-1.9502517735046303,-2.2154129425427462,-1.925364875948546,-3.803336497053949,-1.5396855200815358,-1.5584966634350155,-1.8938240109492308,-1.923635769018705
-0.08252050613333219,-1.4991337217250122,-1.7085671993453597,-2.0567288780743187,-2.1685957917112457,-3.714323533866048,-2.5894363261421374,-2.059400473219793,-0.44774259857754883,-0.10388322286901092,-0.5230769287483826,-0.46428135721218433,-0.23509820030467177,-0.5139195355125167,-1.1725215541697802,-2.0099148831080327,-1.573923965021766,-3.920123536725525,-1.6525491924088886,-1.854395363013478,-2.1557384385407934,-2.392072549744556
-0.12148599524939424,-2.325398708252612,-0.8079452417359613,-1.7036236784155687,-1.8682000145348592,0.27028471351405975,-1.878832587000938,-1.0180543637952135,-1.148216815341539,-0.7740293456853932,-0.9735020638830848,-0.6629345475817104,-0.7279500285573014,-0.6931466529112837,-1.2130820298332778,-2.3375968386698527,-2.07527063746107,-2.0426315339565133,-2.9535917386500015,-1.7273782759924126,-2.059089361916713,-2.0212404502984933
-0.6713550206170551,-0.7944010436156653,-1.4541480068318278,-2.1210519731047586,-1.866812013396153,-0.5531377415955994,-2.23500356919138,-1.616303264645992,-0.5521540054883893,-0.5528293703978527,-0.8388568774100632,-0.7232206634262883,-1.0532778302816852,-1.10223247598549,-1.4337991566430868,-2.027641314479198,-2.124655985565702,-2.6088517729955867,-3.0555558056482752,-2.1885900789873385,-1.7828802887508646,-2.6601800014865966
