script/wind450m.json
{"header": {"parameterCategory": 2, "parameterNumber": 3, "lo1": 3.000054539987559, "la1": 64.9999836372058, "dx": 0.5, "dy": 0.25, "nx": 34, "ny": 52, "refTime": "2026-01-03T09:00:00.000Z"}, "data":
[rows 24 to 47 of 52, columns 0 to 33 of 34]
-13.108091994712842,-13.792537029014477,-12.795279036644162,-10.876860061188454,-10.060179744226307,-5.87688590003399,-3.3282618011064184,-5.972402801476684,-7.375780459593921,-9.996385076044625,-11.441342333018424,-9.709702880640698,-11.58450038075376,-10.958603615890675,-12.404377438046259,-13.327893260830168,-12.027995280492327,-10.544709446499859,-10.526314364892556,-11.067574890834493,-13.151147966046405,-13.209965200548584,-11.712134306214987,-12.038536642840114,-14.344491501991344,-13.519088661992768,-15.052286609438877,-15.89662857415043,-13.575296704678793,-9.800308397122041,2.5336778260163495,4.385995847294091,5.006853947882676,5.0444957159514185
-14.381395086113546,-14.46928220471116,-12.910519203118042,-11.09380390667378,-11.521094597920147,-6.570653938764164,-4.211639914459272,-5.179764548320767,-8.070542176888027,-10.268420038912414,-10.856170508705778,-9.296459053015182,-11.545687306766157,-10.438561911358512,-12.628442285785166,-12.022146787260699,-10.978001596757316,-10.19813490466239,-10.617367648818703,-10.688000039399883,-13.020572977713437,-13.919060985085133,-12.791688044505227,-11.834510346683599,-13.346533560999458,-13.493125913526395,-13.850820215071748,-15.275197673685057,-14.256542705449984,-6.795393500395873,7.119000613071903,7.77644079072351,7.083963100531876,5.809009491925061
-14.900566248424397,-14.71466983020658,-13.46564288950409,-13.015993361085654,-11.77854950235927,-7.306948913508505,-3.9030215566807334,-4.342893475813322,-6.08181770234707,-9.363354805403503,-9.8959999789866,-10.989335791737556,-10.898445907442122,-11.573919144147442,-12.391881904034388,-11.904874672220195,-10.092325134935047,-9.446396056081953,-10.185165958840296,-12.919892493357995,-13.007550292352752,-12.620118413928232,-12.281362400137612,-12.085336590120548,-12.506198653089168,-13.935981828050902,-14.120696393995221,-15.069461121957897,-15.059463389203252,3.93598290522672,7.846778252578485,10.259686927475109,8.599549539895971,6.258313079642492
-15.493431076408264,-15.335828794293146,-14.631085022316887,-13.996579108992117,-11.979297140694252,-8.243800064209111,-4.253196656731382,-2.1161826849815633,-4.439229999858011,-8.161673396715795,-10.299324371405797,-10.618540559625515,-10.195975611695227,-11.55701627720489,-12.72301121510432,-11.024485021462494,-9.762318400176708,-8.6827405445902,-8.81098239365394,-11.977218704455142,-13.69524494630403,-11.543173689880142,-12.144637672476016,-11.441956585261382,-12.726430339978918,-11.600671870783893,-11.411799446902181,-13.808308990283969,-14.236639445877467,6.8905693301322515,11.624970626539449,7.612139320735227,9.855774708322597,6.70946672512724
-16.24098502126003,-16.607725081160016,-15.406251595750922,-15.084722232362134,-12.570115079694155,-10.501952315162892,-5.326815614027178,-1.3203601408771948,-5.044150126078002,-6.768759146796546,-9.190954168032295,-8.182383895224662,-8.90151850439763,-10.609998282275885,-11.646546946078207,-10.311129122944603,-8.66634420527469,-8.23342000559518,-8.38616576236111,-10.762877956053135,-11.539294047822365,-11.3631326313451,-11.890253735589397,-11.629964462790765,-11.492744237444574,-10.694035667067498,-11.712498754483269,-11.405829851126427,-10.174810721855337,-2.0090882529613174,8.471628735173532,4.722440947137283,9.559457555547246,7.908529229920241
-17.73765935258328,-17.718335260445897,-16.769461494748576,-16.386431161334198,-12.085575244934061,-11.588406891692621,-5.768828656960907,-3.700220987080558,-5.367124182533046,-6.11459830671723,-7.113104701813367,-7.082096015719329,-8.11259690317955,-9.275306319907488,-11.210191256691079,-10.026387634389128,-8.109144532856831,-7.652603303255155,-8.473878445735966,-9.669157084488578,-10.972913048875975,-11.29952919613448,-10.144601102064824,-10.498542418919756,-11.537051174491065,-12.257127025311062,-10.32196679050445,-9.027233106742157,-7.504823083643765,-3.883682726728556,1.565149468675653,1.1397730093744651,7.817699822697046,7.9429242516223
-17.999085013948218,-18.622556017266493,-18.003286439538442,-16.971843886073593,-14.722048499534157,-7.243171731164191,-3.444714289161372,-3.1749061892141537,-4.266574097705507,-5.9569278715652585,-6.557791734111179,-6.616546134480676,-7.372543381847357,-8.412143140643812,-10.534801704856857,-9.28871121216739,-8.873593282505091,-7.740238092006404,-8.921321315536357,-9.124005889385769,-8.995956618814592,-11.235155058018524,-10.692318699236228,-10.61852167761927,-9.931926444243144,-10.036075432994924,-8.593241316117833,-7.25710831470066,-7.3856542918654675,-5.60760929244278,-2.4472777809606,-1.047075545892468,4.547150064837995,9.342832387331317
-21.519634310484445,-18.6974138776597,-17.23333331625746,-17.06813634417205,-16.05901385292843,-1.773825456989589,-0.9315969423357024,-1.8931769902896032,-5.111351330895259,-5.098193707168862,-6.052548284937269,-6.515130043105127,-6.696078802441577,-8.151176194330095,-9.967730004733523,-10.316501573140059,-9.572417584332964,-8.51231188569835,-8.202335103249773,-8.733259974355072,-8.39035851589394,-9.331082385366383,-8.876978610580782,-9.335799563870488,-9.457560695355006,-8.800201898084898,-7.591000503192889,-6.425544102306289,-6.786767038897,-6.272017633393758,-5.190862070092944,-3.840744516109485,4.129345792042827,9.141381148751874
-17.380677130983567,-17.913351205308548,-16.564568040889284,-15.764830912201697,-15.061889993519825,-14.513213146686734,-4.411137074236238,-4.006453199214831,-4.2842461233249995,-4.296709768494298,-5.053658487775419,-5.660470511551384,-5.868078186663901,-6.89033275455686,-8.926565188788665,-7.903768282862782,-9.896245117458822,-9.1657253844506,-9.05600859479438,-9.283605769207547,-8.099720669382517,-8.409093902246402,-8.332462764343601,-8.83178985557466,-8.988192211345394,-9.1184711022902,-7.384825842266443,-6.224640730819815,-6.943161959765751,-6.996886509214083,-7.169975373211094,-6.147497669092302,2.4949634683975557,8.303848887826955
-17.16394818333858,-16.069587371771853,-19.05434800146727,-17.207062315001213,-15.202156811120663,-13.345259827812251,-5.763033912961063,-3.286768814956409,-3.010258302648148,-4.011250186689092,-3.751592313786766,-4.697655085568341,-4.936826103283679,-6.455805924844939,-7.716403512288263,-8.984975274280588,-9.476009201022407,-10.40717891600092,-9.235908348456114,-9.433448678837756,-8.338420248666154,-7.403950414427269,-8.058430942567085,-7.80929080186603,-8.458312356405449,-7.728386109593401,-6.698684806672235,-5.574280799862331,-7.3932500645453825,-6.695591953588925,-7.61162692306289,-5.529458896661716,0.9507482568770828,7.236816722869268
-14.052397156767993,-15.793733746297514,-16.254042104684327,-17.687750685276768,-17.209317275591175,-14.023123682614338,-2.0215015544166346,-1.1237661763379883,-0.40646984276258746,-1.0143979234300498,-2.678759963540217,-4.3888684662068425,-5.285793704251811,-5.876807922314648,-5.485297839629381,-8.118535745641957,-9.160695634898596,-10.00803227278907,-9.433376726651115,-9.226398243992119,-8.194089672193622,-6.817200856182344,-7.274265643840768,-7.545226522603568,-7.033891180841854,-7.528075303650328,-5.218453068984689,-6.87044524785352,-6.7790234568933245,-7.122026495702678,-7.2961897225917856,-4.159804657334437,-3.357443843447824,6.887790559169057
-14.780469168670106,-14.899908010208367,-15.37279815165392,-15.544089183514943,-12.731294580464192,-9.968249456376117,0.056681444049153505,2.5733644871553514,0.05589137692051435,-0.5594289149646933,-1.411010968294078,-4.094604727146222,-5.43579260248326,-5.607029882739235,-7.563254491984916,-7.815814236353807,-8.833557266687441,-10.34392274566597,-9.994317803277236,-9.079349697070995,-7.983226044873554,-8.387556058182842,-7.266973281528275,-7.6889157124996705,-6.821251373965876,-5.90996121471289,-6.0457735710539975,-6.593772952120693,-6.681311427437787,-6.4537480849793125,-6.405356530716022,-2.968909634712606,-4.091853571476511,4.429523380180209
-12.784661703824437,-13.293150987655562,-14.263684590713785,-14.259148211804405,-13.059149821445116,-7.111814979371735,-7.179104010990845,-0.6431593422586803,-1.1125670790458269,-0.9366401672899942,-1.0804666678462813,-4.388180973432644,-5.4035510055005025,-6.032614693114575,-7.887968263471161,-7.166360991316477,-8.64057171353437,-8.983575073705262,-8.756365877393163,-8.539019985556765,-7.57594682418935,-7.393003175611357,-6.980603553999892,-6.804362652925781,-7.198852725791099,-7.272354815651335,-6.266332554471144,-5.93958914329813,-5.905605752632735,-5.837256502925139,-5.761419632852261,-2.330542010919438,-4.103400827870221,3.788541330831524
-12.445223180425788,-13.570187737844046,-13.381626519364868,-12.663566999162752,-11.825116638485252,-11.589844985930132,-4.519797453318468,-3.1449056088750083,-2.7096874970117186,-2.1950006330589,-0.7860808054347301,-5.188981066963568,-6.709956574200814,-7.363625713008738,-7.135896465336111,-7.665666240491905,-8.132211919123026,-8.664314895786648,-8.757725895842091,-7.16492011677113,-6.781154668574082,-9.993043309252656,-7.6850291110304205,-6.872152653336705,-7.027699039312331,-6.876487147316442,-6.991239440340818,-6.269283165617477,-5.296473490124471,-5.441481177537441,-3.464482504043066,-1.2389846465406174,-2.6039517701839734,0.31301710696231166
-15.107439997667612,-14.809817521641486,-14.2567010837358,-13.666641784176461,-18.092500792009993,-14.04126708748444,-6.081476861648411,-1.8886360207978365,-0.8119687019702305,-3.463129474397604,-0.4293437807228227,-4.709773394597717,-5.871045945211225,-7.828206764410151,-6.8405006646137725,-7.3902062895579945,-7.619526684862568,-8.847581188734495,-10.075163712463118,-7.656740554869656,-6.108339918471445,-6.597429765394329,-9.290939768782456,-7.196910017777702,-6.532581576760537,-6.274188807882667,-5.499571481859799,-5.422714761192544,-4.959306529099543,-3.7301773928818354,-3.0472622603049557,-1.587543044507568,-0.38955418887307364,1.629876737380508
-14.045463626576533,-13.928091332107462,-12.88041750850332,-15.625635718106944,-10.922303172605762,-8.899804614212616,-6.5861721275544465,-3.672068366543756,-0.03583545143546833,-3.64381410271526,0.11407228283155828,-2.426836509473095,-4.587671406415269,-6.4555724973912945,-5.934341604409484,-7.227396427827152,-7.847642754360779,-7.279740110003388,-9.289560460580718,-9.724831399353027,-7.9088958541685415,-7.33701346710855,-4.474585550234719,-7.222689180693137,-6.465837273637261,-5.310421026490811,-5.097230356184332,-4.691201674583456,-4.065650954765834,-4.485672079524394,-2.6180887454355966,-0.014398431594024706,0.6508750881809847,2.8702978745155576
-14.69006001935471,-14.357215775161329,-13.60805651852377,-11.647050973479875,-13.20384650675617,-9.064035864801445,-6.583073656093407,-3.010013265612176,-2.053809640897139,-3.3890698536455526,-0.9362527466022063,-1.550258508431755,-4.579403718437182,-5.557787500726579,-5.495711302990495,-5.471240143259673,-7.192982609104969,-6.388117491601397,-7.421908946604905,-7.33112739966307,-6.359245360180197,-6.388240655238426,-6.925218315002259,-6.444425517867393,-6.738810014342781,-6.064471683281877,-4.689757527978178,-3.674840576051239,-3.294747875124179,-2.7625420376385303,-0.4379658731036963,-0.9968123211208941,1.6625528490762849,2.481809846042748
-12.825067027667366,-12.80090258978314,-11.459069177424755,-10.68041363590782,-10.848853166687563,-7.954823981714483,-6.805503495904663,-0.8306807553797374,-1.3681381673534216,-3.6707221593056696,-1.8076757015512086,-3.5243747773911545,-4.930712410180713,-6.0377590567036705,-4.631670981243203,-5.568707255762022,-6.373341075926234,-6.919212735867923,-6.793809083857434,-4.7061621283704325,-6.578727774307852,-5.061765073944554,-4.53100643582485,-4.784186541689849,-6.535532112498879,-6.060991791142944,-6.167310312832731,-5.175353710635539,-2.979553211306053,-0.27415779388624006,2.170892997385017,3.226978311196404,5.911981348527398,7.212720071415477
-14.37038070030976,-12.66921929790241,-11.206910176263767,-9.510836163655403,-8.959117442862324,-7.72368852847684,-5.049430736915389,-1.6660570152332026,-1.5404302083209362,-2.7446503874972628,-4.0681073329664565,-0.15553161311870978,-4.1697606910975225,-4.573110715062774,-6.2283886479365895,-5.504266824157979,-4.999773019725689,-6.012607272764731,-5.250022132130155,-5.019396425461113,-4.870444681227902,-4.7469780636710635,-3.1899545366023787,-1.8505239566051537,-1.5020727604550574,-3.9004708073886754,-4.969422877613037,-3.7169171442142064,-2.12050667648865,-1.0419166057203149,1.006096037314333,2.2554320456853825,4.813235399857366,8.972107970237685
-13.080038986686827,-12.140239752096303,-11.350585278725882,-9.940855769667253,-9.291908700558867,-7.154643158792278,-6.0444475644512865,0.9858765695234423,-0.16584235059596927,-0.9386935645933787,-1.8403063747082038,-1.4654214831232297,-2.7626306843719988,-3.88957794111642,-4.975116323339817,-6.118108247599425,-5.826748565396617,-4.139500990120769,-5.203809741525713,-4.671012773824587,-3.8270502709318013,-2.980085230965282,-0.5553100193318012,-0.07595683027181449,-0.03291521737266613,0.16092734818518759,0.6638786833345769,2.444397542457936,4.276795868417267,4.017956593161023,2.9800918674322747,3.34782530962269,6.3702857976799105,8.584224796300838
-12.352826671608232,-11.863232152067559,-10.82422084461109,-9.903424735957534,-8.380890070022495,-8.402328391990528,-5.392423597835013,-1.1017403182746655,-1.6398884871984323,-2.241930012128342,-1.2831345160808991,-2.9005886503603246,-3.578579337167718,-4.793616896126328,-4.813310899176337,-4.937207258653746,-4.710145687781173,-4.28762659536749,-4.31287848927698,-3.9343018974769426,-3.190119178334124,-1.8014932818346798,-1.425984994774745,-0.7291899340018846,1.5475399527974494,2.213731129423186,3.7410280515699528,3.700303867073307,4.158490698276859,3.9522236993967783,3.5266170211524623,6.239020446857875,6.952234772643559,8.177093116478915
-11.865640897887499,-10.978781526940706,-11.193957468494164,-10.1357677943579,-7.89771464249,-3.662881136020102,-3.2641340914490495,-2.823648613278423,-4.4235873380759365,-3.913843088836867,-3.18955411704849,-3.2617597173708064,-3.206526116099927,-3.0873033345250307,-3.597066605220411,-3.500744970321946,-4.6308264356295545,-5.583631014662075,-4.538763669615647,-4.810129997254212,-3.4242961446871956,-3.1977334994241233,-2.471140869157223,-0.8370175622901979,-0.2274405787063876,1.947937105629393,2.750352299211837,3.2350576556016706,3.482238235506594,2.9712837738384126,5.117990866392214,4.660972512051353,4.805608522415952,5.498259390161524
-12.649205821014952,-12.390839937681003,-12.045185137930494,-12.138655076364953,-9.59688933763349,-6.004171627898111,-5.3041802448999835,-5.6040610727876805,-4.793047736573805,-5.364469125237062,-5.238678740037446,-5.545823895730832,-4.220080403668837,-3.8290227223249973,-1.4465675664243043,-2.2889156648486613,-2.183897814200097,-1.8596753540364128,-1.7111813319875009,-2.763635822602173,-3.8712775762387155,-2.738927436866682,-1.513834599652455,-3.89712149628111,0.06229981374354205,1.7162191954870898,2.2935884081125137,2.3166620708989814,2.005807087104185,2.473107706309853,3.5711238715645166,3.3499957182454816,3.165319087527423,3.405233552146396
-14.574344715527927,-12.844501209149927,-12.374676448762337,-10.829483792931715,-6.631706120126419,-9.399124757826616,-6.369791532480922,-3.8529100705776815,-5.064562139564833,-3.4813253071745605,-3.5752931341136924,-4.468897520210125,-3.751069208262136,-1.173776098405914,-1.5135755679021847,-0.513477380724038,0.7042081134341214,-1.0932615294325072,-0.9677322626931081,-1.9537279623138357,-3.0817714748326517,-1.4359879788511611,-3.771754893641439,-0.21074540222502477,1.6492591879740728,2.0381997014353925,1.3600226513280194,1.5520912951294406,2.638742111701793,2.148824308070669,3.465724789708835,2.4681733978216114,3.228226331328787,3.708844630499098
