script/wind250m.json
{"header": {"parameterCategory": 2, "parameterNumber": 3, "lo1": 6.000198445256149, "la1": 58.999992894266676, "dx": 0.5, "dy": 0.25, "nx": 22, "ny": 24, "refTime": "2024-04-25T01:00:00.000Z"}, "data":
[rows 0 to 23 of 24, columns 0 to 21 of 22]
3.797155661681844,-3.0483776236146727,5.472592884140162,-4.65175494410039,-5.3922788197868945,-6.129074425875772,5.641199134727134,3.445997137199614,1.5560262337334136,-1.9118292072237109,2.8114257096601,5.011509211940958,1.5522203622824362,3.154266338167998,1.5679928809503376,5.464050166084179,-3.0426259398146724,4.780889745153744,3.120879520282693,5.201545449269727,1.9292944618075756,1.9045122727208312
2.3409914953317505,0.8100034569005042,2.179209196161781,1.03746045622953,-5.517122550787513,-1.313773785493571,-3.1877176204702176,-0.7401250480059137,1.0281980044391217,2.5054129592002803,5.649610455652714,-5.674646524274344,3.653104457661935,5.966950115033739,1.7852491469831404,0.5472353897483334,-0.5850623288138141,2.334609978175786,5.615778018987096,0.987445080023642,-4.592178769416966,0.8029462536995139
-6.733177623511222,-0.03520689136202211,4.105535067802633,7.4015197406115485,4.061132516412212,2.3440101288795185,1.1753315443444237,5.039867307148173,-1.989733438909576,-4.236417451985372,-5.340525688479047,5.634379171550277,-2.9930927010878072,4.392124835879939,1.3960283398463973,1.5745542685691754,-4.634105546199764,5.514283222413956,5.220730111353624,-1.967705442744778,2.6968042636338163,6.2691871141248345
-1.797903953825912,-2.9073060791302656,5.94080572847933,5.184346949014667,-5.948370007069919,4.462868224654628,-1.3675468416673497,-3.130621870467988,-2.261603340303302,-4.154815893190647,6.6579995992882655,3.270262860498251,4.5182877483161406,-0.8691771514562338,-2.6781405925560144,-6.003369954705419,4.700955964298138,2.494964626318367,-4.76398218898434,2.135996670783138,-1.471996034579084,1.7552842915479006
6.4154517270685885,6.386722435535062,2.575430982001181,3.0990975451540046,2.948651819836291,5.063934050702479,-5.522075156464117,-1.1836064334862604,-1.6279473705113527,0.41773254860887354,4.144465780097367,5.14391782840341,-2.5853258894715396,3.9280665275963913,0.6474099984932591,-2.906378976817523,-6.237234031679152,4.596214277853727,-6.241122123529512,3.114394371601819,-5.324662375855948,-0.17602858023169862
6.983246738933055,4.622165454849016,4.362674746974763,4.531489333576194,0.45530401567095924,-1.2766151599302265,-1.0647851031680233,-2.9063754775385755,4.871128082231626,0.6456034085334617,0.5341734624890263,0.1928299283456062,4.4518656435697865,2.043348883583577,6.2492332610536385,0.6462425124688227,2.2151697073463366,1.7456090889222498,-3.0781344503209884,0.8616137477695566,4.486963903623183,2.381075739327042
0.9348830173780388,2.2688652623447987,1.7081118477600374,4.3442698896449,5.336593360936708,0.41464305340133845,-2.9054195544925587,0.3537545237545993,2.493023217435182,0.16328484777811136,0.7132778651079476,5.456369312564401,-1.39201045208459,2.5157922906891197,4.6884141030985464,2.8526586165442556,-1.278570385036313,5.525923185618759,-1.7253731481930847,1.9396465486836534,5.992855239048929,3.609669285086852
-2.5085091220489786,2.853975619042051,5.06131736981562,2.321386962309007,5.558901932116781,-6.197722396071717,2.2615641861206788,-1.185038028746021,2.711925234008238,5.533758656932637,1.184587354007123,-1.3885636850247434,3.8809421609334467,0.8866222787835626,-4.085506935929521,0.7658490620789538,1.754747499477505,-0.04595730281691491,3.284563896501205,-3.337362561887803,-3.17542110614322,-3.5756240152045726
3.388361590498888,-3.8758370150916104,5.7337814564790515,6.475919549983286,-0.897897029616689,5.800233533340157,-4.609674214412666,1.8903533648731379,-3.002792031997806,-3.877469155862706,4.9642826940159495,-1.2400719179208972,-3.192860587456229,-2.1142473246221227,5.357759898623856,2.4384725621278127,4.215977734454394,-2.921193241984204,3.6809664197935943,-0.31176180221953936,0.4030607461014814,-4.457360338115996
0.596764696593156,4.0553459719235345,1.0120723751767036,2.9463927938654706,-2.7362735693244256,6.151323843945556,5.235556342022048,3.4552356889309537,2.2429079791339777,2.0369116221906576,3.564027577851475,0.9934940719737989,1.9697022741306482,-2.403738178192708,1.0318701220667748,1.2307880139957994,-5.358718619213277,1.6262753450239786,2.129944659730961,2.4336038633320642,5.157399367164815,-4.706039922952798
-1.300024038104845,0.8055655474574355,3.0531347867049905,3.3062759183215853,2.2054161262832577,6.788027703827387,2.235504892565598,5.2415080617704515,3.2125233380770895,2.279503903293628,0.9792002466006517,-0.21536658050576007,-1.4848524557687224,2.7182946445625475,0.7592017392588277,-3.2974379893454926,0.8691036640988666,3.080021032624127,0.9855147631284622,2.3220897018185642,4.794747447398752,-6.337565870338093
2.5490389604200767,-0.10639963286625415,-4.61938065409312,6.702719488091603,1.7063264275817889,0.30256725487292624,0.8468857429304084,2.6232930742895593,4.906848098769509,5.72693804153024,4.237197760311648,1.8396092631881105,4.713871108411356,4.479433885669785,3.1704898942265407,1.2971079932258567,4.953285583138929,5.2200894719654265,1.354957428127038,-5.5478050732075515,3.876526124941954,-3.202660691412173
1.6994836526570152,2.7990619835108337,2.4324384760308977,5.424775000164864,3.922084979867737,-4.673702463567162,5.387343695299556,-0.8510322117469912,-1.800309658699361,0.7354446198504346,0.8974034897189458,-3.378591807151492,2.353938675079432,-1.1040698470603747,-4.062791197622942,0.8947448479849831,6.972935189677502,2.3141154840533065,0.7369890108936369,-3.674914713111352,2.90490281254556,6.560354077376047
-2.121709684746326,-2.863018297897057,0.30471923736536954,4.282168267090926,-3.038318929587599,-2.6718532405623647,-2.790501178363343,0.06373400511371305,5.930016410730137,4.550537596486599,1.8000303151223938,2.003536713277674,-0.2785689791336476,2.1071490541249913,2.0048588167982313,1.0604188248116129,5.640520762567724,5.2784512644996395,1.0867513611133184,-2.8830099922796872,3.591295446923049,1.1739186083341735
1.7251633597392855,1.8319335997757498,5.233270894896061,0.8949863056762392,6.240754009017819,3.8361520413122823,4.952650271065689,4.13566052501491,1.1770672981119543,0.9255711943929864,1.0814578647141408,3.612998479624168,-3.768727214836066,-4.143912104852622,2.8937087961655465,4.350493298028999,-1.3695835126665419,2.323472026163368,2.08524687479284,-2.454140134457606,0.45069362987059214,1.5158990389182896
0.2639134209679343,0.1837742555433219,5.234231667800325,4.980200200706155,4.902175537494465,2.813280824994675,3.9554583682994195,1.665371249832978,0.15588539455201916,-2.7226102516678212,1.0562541922637478,5.884481817499609,-3.899352858091571,-6.313658325099581,-3.4836541737496187,3.2237082261006527,5.522976970469983,2.2913603018905353,2.415103314394688,-2.8002726955295314,-3.3992568749469605,0.10480242686729781
1.3165380133543008,4.6718334935092045,-1.2859340007323368,-2.8951996202736465,1.003866639329258,0.8987729806569353,-6.628579742925271,-4.14375073941435,1.799949497540605,1.692744968060934,2.5872012764337935,3.0665420859650347,-1.9949697833883109,1.1010832339893568,0.8590488501304838,3.055149310337236,4.289110084617549,-1.3818236560531383,-4.078215426745413,7.077752819110794,2.3970903821717977,-4.044921779840694
2.9799673965025235,6.902196776631323,5.923653081436842,5.6843176637118455,2.3025184211037426,2.6860537752145626,3.98356551631267,2.32762522191168,4.041046128395207,3.375469613344268,3.538205582612647,-0.923595917993957,-6.830658312692634,3.3084889808009046,2.452584005720516,-5.167838727731275,-0.693096593899749,5.860976215608715,2.330627620612388,-2.428682328246238,4.899857566463594,2.536086559076433
2.547063183733138,-2.4408194247518913,2.226188859428646,2.9766677245845568,-6.4659632205766275,1.4733844436003785,-0.48680905133929675,5.967548106775358,-6.542361176416511,5.106421630357015,-7.987811609763661,-0.6561214903079222,-1.2608191904709947,3.0285680799723678,1.6888205778694074,-4.25448988002335,4.3654950103956445,4.540981028566828,-4.9064328950953575,2.2226229563509547,4.418043943314965,6.556209154665286
-3.258205384630319,-3.2869643796017805,6.313729644825892,-0.27904118817934687,0.8284931261463392,-0.34449463483306797,4.598477605593029,-3.7775636112346236,3.245885866798635,1.817267493201699,4.210179895005625,0.7921551200474793,3.9098908563032793,4.484423362696865,5.319038882775506,2.035286733218002,6.881593264174043,0.7268742096052881,1.372260535265873,0.9231001168277997,-6.164355237957398,0.9479005618117351
2.355673512919252,6.452888081191823,3.0010786795719295,1.314614579858628,1.9283080416653182,-6.617817707528999,3.862432167265355,4.020878082058707,1.4792165738412675,-2.5136370405197854,5.580293463269643,1.3636242328158896,-2.5956172315033066,2.2589917749175163,4.854641840350576,5.9935587370365475,2.9897281100789432,3.2922763821600207,-5.487196833241081,5.551882155639453,1.2614360157722784,-2.6866148739974234
-5.005094900946288,2.748491627919598,2.7671416121944055,0.9663784152900379,-1.0767569845515317,6.621930189602659,-2.694766939819566,4.554261867372738,2.3774203116016497,3.8254758441753167,5.20188431435044,-1.0425006721916485,3.5639741242590603,3.1962504499315907,1.237809922427645,0.26268980920853485,5.219386956064602,2.5032954327343284,0.147700311215682,2.8624126059423403,3.4807624423206263,2.306964797851562
4.988252399314732,4.611268070882719,6.353107877658604,2.400575530886019,2.011944403823114,-5.4333241521734195,3.3758921401534145,3.5832651634542607,4.943153303630246,-1.4569601040734002,2.7769102934318406,2.124799780676646,5.293202142610772,2.3661953359730727,-4.262809851995868,-3.754878741351386,0.7462603795764389,6.622892392148412,-8.111754255077898,3.0712566892886524,1.7559065071611069,4.396847097139558
-6.406475370182711,-6.055900310291108,4.011285272010293,-3.0303830833281125,-8.053675423271406,-6.2306746665169355,-1.3086492315860727,-8.572148858904047,7.2497341744298165,1.3471421055422852,2.4935948253599585,3.1199403210476544,5.131450443287388,-1.724491566034605,4.801030976971531,-0.5265236158500323,5.865024730827982,2.4048821493596475,-0.8198935687372226,2.0437133974403805,-3.4212134947272914,5.37353472993823
