script/wind100m.json
{"header": {"parameterCategory": 2, "parameterNumber": 3, "lo1": 6.000198445256149, "la1": 58.999992894266676, "dx": 0.5, "dy": 0.25, "nx": 22, "ny": 24, "refTime": "2024-02-29T06:00:00.000Z"}, "data":
[rows 0 to 23 of 24, columns 0 to 21 of 22]
12.918091765597165,7.557738418238341,11.252604887445415,15.862067315532007,15.989122412143004,10.310697303975724,19.094260309012693,11.289026767198008,7.339800713709187,7.447451101132898,9.1606536747778,10.373145849619274,6.034415901417113,9.353315485553079,7.436113601604261,5.248228925017782,7.3601689067673695,8.77191908683599,7.879070372051768,5.399662431670504,12.101495827680909,10.304627485281701
13.30544779413897,16.460701574201405,5.139881387796133,11.632330644546931,11.847616828006887,14.467626974239742,16.30450661999422,10.227060508513581,17.944632340031475,19.037377126489,10.854916179051278,12.871345479746536,16.14285430525807,12.506175189408044,15.825412334930395,17.381573925521746,9.719223811835278,5.848043980799242,20.965897317498307,6.8279887630380856,19.40130740826336,9.696121320651022
6.571825087366304,8.800865467802309,18.12336917706852,8.762800047247309,7.5396207070135866,14.856741069411413,8.595814969372915,9.264361732935152,7.588724181818089,8.767419148126354,7.771571068261102,17.94415017525254,9.925365583373686,7.3874711085315905,11.009824390443486,8.426829230391435,10.787761866480727,9.087998829421373,8.166897947053764,9.06950255282802,14.593474405003716,9.908610179630243
18.63162552058825,15.788168980673312,14.377116989415843,7.242890884315951,12.21777009812699,20.848633925915763,11.015659496233011,21.313182661242298,16.095907203797903,19.26609042791803,17.476199450754773,10.488347512471174,17.043992416365075,15.825496353340716,10.181343463903294,7.453802264168464,9.936462839214375,11.034765301645075,11.107897450471338,8.688413908414763,8.241290748308316,12.969861998664054
15.461934295318372,11.15431553905861,5.815938912319432,7.915724759657326,18.19072977911855,14.300266207025558,11.131226522233689,8.796886565986467,9.857633562230578,11.355984179858238,12.298943211198708,10.169163638203122,16.116814602926002,10.063717445617797,9.44639846673109,18.48360878480237,8.301045956489176,13.161923424427524,10.29156874959279,11.01979918646516,17.941590642266725,11.32611756069363
18.385002751283505,11.166189648738413,17.520858261467925,20.927765472916334,14.63048096150811,13.470560499528094,7.9329368337333825,17.189578394408286,7.601283838604538,17.042781793174896,14.286018156724033,7.938948835596922,18.47940922052709,10.637893104654644,10.838349068997495,13.728278595464143,16.744468170782536,10.481734094360872,13.600490851404661,16.0304881833979,10.291620155772424,11.841972073786406
9.749186349653732,17.692168775251528,9.808636298970587,18.920062695886557,12.4340582324192,8.936272642928937,15.63554486919999,12.585380360650316,8.849448310367327,6.9766957287107525,17.24188418786718,7.763979712543822,7.7928937669931155,8.65037412339972,12.508209185748676,14.359194769779311,7.019890703899877,9.350280376840196,18.372923423334274,11.201201973626219,17.85241113858736,10.898124873259253
16.080203026933486,12.214776805067123,11.417308209290596,12.51283749842766,10.014539004437522,7.60120298414872,17.176720057754153,6.038297778037113,16.323271787208604,6.918595386603708,10.47078180630233,10.75571037493933,10.337039240381765,9.123337912491888,9.899937192618657,8.736098070242157,12.487676580995675,10.282869950498588,17.336926996815897,13.142810640740931,17.628085164420224,7.905242732986836
17.373876591579066,9.732549851340304,9.031101057164589,17.722167253945845,10.576850491152626,11.34633858666314,7.335158151287665,7.238139564754999,10.796379355804634,10.629050197423696,21.036661668858212,5.148178937310598,13.405941530769747,12.604189748447421,11.12075150917561,7.51412167911972,18.01294960272651,8.549632363105108,10.769696681143463,15.432720729817152,8.46357549303605,9.677947055936206
8.064470426528741,16.764666088095485,17.032115426183307,9.24905433317818,16.716668472261688,9.079793527179001,7.597934666275364,10.888463535241208,16.602125217539125,17.232084619423453,8.391675169934965,16.814135142449736,9.399320654773446,15.013295015158285,18.62912163364266,18.293712874128,13.595059849155145,6.800294114054131,8.481084737270441,12.14154048406782,19.337303544406144,9.33758288898001
13.6976631182498,11.36047823794288,11.931123126409977,9.114408884619266,7.762125825055643,16.40340625517641,17.047064751476398,18.012308656374568,8.427645111116725,19.81357954585978,5.818278543253973,9.173743333131165,8.54331143348563,13.083708082190624,6.343370653489002,11.876932699671071,17.45125889943274,12.52731340543505,13.441085362273885,7.224335966185749,11.57812409055858,9.77508118730026
11.101462241149143,10.406596095542962,11.309035349364908,12.882255173203015,17.079509229538214,15.952617400004321,9.317388816921126,13.394051476684007,15.55074677658843,9.99141129810913,6.453227046540149,6.211199011021336,8.315880655802514,10.781004403701303,7.807119227724948,6.520107800989456,10.259697324339044,13.622175954692631,14.225204554949107,8.524308284801249,17.891316221285745,12.935566701884714
16.29298206325707,17.268769484946475,15.908107525843482,10.297149639678949,13.436191963667476,10.233771618140686,8.85382362559329,7.754868109807658,9.548299173532653,9.019193929696401,9.626716436041034,16.853888612816064,10.621221584363429,7.675315244611925,9.62379231887571,11.29547019221998,9.69836336682712,9.903761574708659,13.883874227126213,12.46304143128274,17.767507370531217,9.970455572248234
10.566697818918051,11.232733591007724,9.850529375052002,8.546648107745145,7.073514037923485,12.793404261552544,15.890990944524605,11.428691102603583,18.010524242376203,10.196358499096181,6.11892058060383,8.653148211773148,19.28152920948012,8.491871739786237,13.348800247243599,18.252639888036448,8.872907938794969,9.675593935144027,11.14931814128478,8.833134933853122,13.600936168408653,9.355204950394064
7.539122720365107,6.155935319975453,14.909745263134486,14.398664354328945,7.915282012370113,18.926903545598375,7.833288306312374,7.988912567881884,16.578261561502483,12.895155381634723,6.899654085919297,9.586383230053812,18.121200327278444,11.196588964934167,14.421111658484161,14.887277178139978,9.614121922376912,9.685430788947883,11.98119835415552,7.205318180965476,11.171414421816225,17.425611825461804
7.954748864650302,17.68730378169585,10.33323279747583,8.41217394754947,14.757867878714082,12.808650914609702,5.487220501187319,7.719446878424742,10.44531584976777,9.766746826557846,17.19179267898741,12.627545869890966,8.056336250530354,9.374499378408872,13.061816673465,17.68625578004092,10.365538071642007,17.538008279193743,17.549197625638673,8.49955795353452,11.653075569288378,11.934782674479264
9.07237756788779,15.478216685701598,12.163842654166773,9.121674049846229,12.945161014269836,11.865978984883848,10.863568990973507,9.917432258160554,15.565146046302537,11.519999999371105,8.648562186677367,16.97871743255548,13.876943672903533,17.073212660708435,10.189495377867512,9.42211440662074,13.302676168571804,13.26656335015061,16.465686376477375,8.069634836340287,6.610797960960983,17.226710632906148
10.930710664491025,10.833139592531465,8.788367684360162,17.117326323338936,8.812806941294035,17.122781306978155,10.912429556401266,11.829803359517124,6.773928673669704,8.462304745700882,7.9334211409305775,9.490630531106145,12.278257273167583,12.6837556348934,16.115743656734043,13.021432355283132,9.024960480493245,5.979101109539507,8.544153636134295,18.89568475421302,10.907654139821254,10.479067942837665
16.880415373592793,17.385763658363313,16.035049856523813,10.130503484118302,8.975441245636256,16.735376093152876,10.152954733001012,16.13390251743209,8.804007649062886,11.11024078572693,9.971835173666818,17.92918148584818,7.031184657273659,6.369060628819085,9.697042760339201,9.476273192043365,9.1356697415926,11.800040593300126,6.564581956499913,17.209113878279172,11.03422042268419,12.234518002352406
19.4748114047345,14.70180167728088,16.97975913779234,14.549774236007666,17.58046441878021,7.745673240872493,11.19724297588301,10.093631175461615,16.62163381982196,19.390929549451837,19.312985597962804,18.15328468380687,5.41877974315318,12.447206504947763,8.840867084369812,12.19144304176747,13.25546884484584,7.708681610818793,18.030825945818997,9.850577859792766,19.691444164213515,12.310533570079466
16.613608606433345,9.892974000059665,18.658896992552624,10.707482038223754,7.964350414104817,9.340401757920306,10.152065001018777,9.205962131531454,11.0163558541734,7.471366884744435,6.936254548008485,7.6862393274337775,9.266275213402206,9.137626263740096,14.988959034639896,9.813084012017908,7.889375333080123,17.849829991583118,12.182720370533284,8.527322892078635,15.954992880627497,13.282537906114475
7.3715745715138645,14.339525639853926,17.815770002492908,7.6016042329920985,10.182846566168658,16.935868611772108,15.103244826384902,14.261832551482351,13.135683385743205,6.912032263200897,11.800495015222122,10.114362130757577,12.363843080373885,8.42692160261658,10.06931405508559,10.322705545978621,10.752100110900626,7.436853523518448,10.445918026350345,7.012732770824007,8.624699219147963,16.418854281112004
16.96071967083508,7.415555005021579,10.33150720844534,15.956014805764072,7.361181418608623,6.628733070020303,10.594151130380832,8.559938150775572,13.055762414070626,7.5877078881465945,16.117833333557776,11.084885249600074,11.774097183984336,9.561072938785866,11.844559458305302,13.602204468528935,17.219944318212352,13.039465700468009,6.921203327062517,9.57422450089288,6.550405611987655,7.435159478239049
19.209714540805468,12.428298183334785,10.226861110594816,15.815353049970764,7.395633793291325,9.75132461085192,17.438466318428627,9.410348276540653,18.156904201520966,11.15756222604458,11.455037770922488,9.33081232767811,6.856391872963026,10.130562211252617,10.981690210977872,10.335278497831098,16.048884005772262,10.773304219515536,17.85900497233513,17.927659191019742,10.813220533075008,10.292015085084595
