script/wind10m.json
{"header": {"parameterCategory": 2, "parameterNumber": 2, "lo1": 6.000027932988019, "la1": 58.9999434238085, "dx": 0.5, "dy": 0.25, "nx": 22, "ny": 24, "refTime": "2024-09-26T21:00:00.000Z"}, "data":
[rows 0 to 23 of 24, columns 0 to 21 of 22]
-0.2318434878225385,-4.408060172672331,-3.562728337243591,1.4699602964795968,-0.42109196606293076,0.7779335157863861,0.0026014028448575833,0.7862662431969217,-1.542276421679957,-3.778024343399766,-1.196917350390602,-1.2104262106962045,-0.8374968204682492,-1.225510778975599,-3.979753206697518,-7.032352483145243,-2.648466286807592,-2.3222468286445,-2.06428088804503,-1.8334242416359925,-3.238730781870281,-2.6613761313227915
-3.099034619700757,-2.2467371473136715,-2.122371333282299,0.39439156468043085,-1.4319175676627596,-0.5949077684897895,0.14149107416374088,-1.4719673608949255,-4.1097937682943995,-5.391159341782818,-3.6875848559704933,-1.1973330447178532,-1.4974215821193868,-1.4545163578543294,-7.164204394154863,-7.3078552126467695,-1.9831052936572948,-1.2618382082299329,-2.7456064298528924,-2.759321621205557,-2.982055979613353,-2.1507504400081454
-0.7947914298721864,0.005669104849244277,0.1465389004321466,-1.2531607117975403,-0.8719077291369028,-0.4175500280589546,-0.977217105596551,-4.53671015955363,-5.808122094796378,-6.220896558199124,-3.7413041595416705,-1.2713528876353901,-2.086326574730582,-7.0926356415133345,-3.3476041929356937,-1.3241434982926372,-0.9471368252617324,-2.0458183625079687,-4.567822834969368,-3.570598924035232,-2.923611670760791,-3.1131574732034206
-4.628199530839784,-1.3159772234478615,0.4741685634778055,-0.13548469945416383,0.06935434091239444,-2.1192304362282885,-4.688256060346581,-5.55668959021392,-6.163237739689683,-5.411473760074862,-5.274772741800103,-1.9380681124173136,-2.274350026609347,-1.4517113211649926,-2.103182966394117,-0.6176801234484937,0.5487274469615895,-2.1671926547600786,-1.4943888337305997,-1.6701014412985478,-1.5112118484587724,-0.9024579424230837
-4.509568688872668,-2.1662357520808926,-0.9005109197498995,-0.8803560194622675,-3.26569697980488,-4.7628137638678405,-6.5480262767749995,-6.682036704446979,-5.906043275270144,-5.39852567458586,-6.160308109014362,-3.995289594777494,-2.1278367122414004,-1.426993236126614,-1.0098210396719056,-0.8339713993703103,-0.2520593059806222,-0.6424893687239059,0.6871788275713576,-0.9633069292515277,-0.6025197898009671,-0.19060023950650437
-3.5193252772976336,-4.426023453877074,-3.9272173466497926,-4.694020848349881,-5.400831523569047,-6.838889826519882,-6.54277699347668,-6.198541274416843,-5.507502776314025,-6.359414639562488,-6.480360368574297,-5.606069682599745,-2.142255310715946,-1.7271515307555938,-1.49910443170861,-1.5587473190635326,-0.4772322967957104,1.2097871463405931,0.9857950348859967,0.785593159956097,-0.034190039309511325,0.9288509088341892
-5.279654833935018,-4.276073095407063,-4.046361559165509,-5.098796627439017,-6.300644649296314,-6.425433977947448,-6.570899823054374,-5.981500366031775,-2.5535963822783163,-6.371780749096537,-6.129034603425477,-4.895640812599738,-1.7049827367617418,-1.6105983112029463,-1.8983701371131159,-1.4407556490067863,0.7825440079212691,1.0706965131283617,1.27503290005513,0.9143689028331288,0.6074479051461877,1.1272951624677097
-4.773949791295076,-4.974292189595415,-5.399315665096493,-5.002764131367572,-5.6003610329886335,-5.570650707631151,-6.156541805306418,-4.631626333000758,-0.28437301964187134,-3.0186444256973832,-1.4437569324378365,-4.191481314582497,-5.30947559881885,-1.6862364876384217,-0.35415584747806944,0.013162912587779135,-0.08845894656742025,0.7829800913300066,1.4211584699155,1.1651965221131098,1.283258435079522,2.2283008363515555
-5.0012732475231925,-5.249018028306587,-5.998548012638628,-6.199331882132233,-4.382765100901026,-0.7330066254083317,-1.7882044137294433,-0.5496150193875287,1.5102584030525115,-2.9906695153277374,-2.4245146922080147,-2.78225285286348,-2.4218787823351073,1.0443732239565613,0.38573559570943816,1.2352938988954185,1.5278813263489597,0.903422022113183,1.6084460083984777,2.4531678160844868,1.3070937332841044,2.268168654754789
-5.980326856790817,-5.417124108297692,-5.55284454917855,-5.62977689121297,-3.258256964496907,0.6725052557135485,-1.3903808407881837,-0.028122671653252558,0.8151010239237014,-0.6358457335157222,-0.9708025390545652,1.7090869284528802,4.8957512799187395,5.911196077621194,0.9603558251518515,1.9620625100732263,0.6918812920619983,0.8572744981445197,1.1828568958821986,1.7502118339296984,1.3649138044585947,3.2981194966486806
-6.277970041504833,-5.043663864362004,-5.288682373119054,-5.482472502114829,-3.5165838267539224,-0.06305635546356753,0.9254594530513923,2.096516830028984,2.403700722772472,3.1064751153611376,2.059806411907179,4.376459763448955,9.176919883186985,9.407727476791209,4.534064792218938,2.683317025982129,2.0734677239076293,1.0951516757522126,1.1454469620915357,2.3898633477732028,2.6596793741573,5.367793699619337
-6.916263704744992,-4.795087791591428,-4.561457163674505,-4.603142925994791,-2.3061511698023467,-0.0048758721043950775,1.5039412110620274,1.828007267176744,3.659900435678492,7.6513784672512815,9.519921179467213,11.002010856633307,12.870557708839916,9.164480669711176,4.753551877887652,3.8941202812230666,2.0766221723821605,1.440718251353695,1.6896751108439043,3.217048685341569,4.170857085863705,6.85677990528899
-6.227534255375691,-5.2977877718350115,-4.908239173458367,-3.9433943091311563,-1.5813113518810793,0.556898551865001,1.3897596386550037,1.6819142198196984,2.3811624972271,8.607834134184294,11.092626885053189,11.301202291586032,5.194248963745495,3.9334697088816246,4.968857953975658,3.2498084589072085,2.8775759098039084,6.476796955380957,8.355362844631584,10.187103543504957,9.178342086962502,8.438121184746329
-8.381239296126891,-5.820001588712288,-5.434768032416234,-3.6305483549541644,-2.2197045172076395,1.0198768012885122,1.12319750919444,0.7245756565309875,2.2324469200416273,7.777740258411264,7.625952559166888,5.129926671712392,4.3475609283246195,5.009402559318878,6.505655494046123,4.404651421522009,4.53095083508961,7.341430424078988,8.39011613561661,8.811770269137932,7.900394969881108,8.674559719248327
-6.3050328241727005,-5.54273618885457,-4.552279868534395,-2.8541853775829855,-0.8967588826712436,-0.38914546630457797,0.9687207380336111,1.2019347162228466,1.0705296829585598,3.8059212738925274,6.9808900855158145,3.974081381467942,4.582635699126701,8.11301616628062,5.733592813282877,5.296264514656006,6.675165299620248,9.555959599840913,9.296312270192427,6.91870099594552,7.782320522335617,7.854881502946672
-8.020524369068214,-5.01027222306128,3.8587411197504373,2.0835189868393154,1.7051397702620044,3.0142528203103267,0.759191351480716,0.9504641055804158,2.7103487791830925,2.0375544217166257,5.871288871109001,4.335551771467666,4.905728978474024,8.534970473809032,9.287587685383068,8.003328402332643,8.599078196735318,7.506669774285102,8.009950715767467,7.34368360362979,6.798201752666019,6.613036900019649
-3.4105948456748387,-0.5060334283691325,0.32253381535142134,4.152760235233888,4.562723931123693,4.085044415168429,0.8111510339344301,0.9402649715034701,3.03675453930599,5.190517087451249,6.609183481618386,3.9984999081122163,3.391451083910864,4.205481651046991,8.114570764293642,5.807496181654108,6.538275367440271,8.856340793331889,6.1822807828240185,6.958995454077031,5.9591423093686124,5.251675189350848
0.43129650758619853,0.1036505273204223,2.461701326546851,4.585961975177562,1.905874839786458,4.015605724932327,1.1493919047394134,1.4106156467235813,3.6686546039114614,6.498148872471036,6.138388075760667,2.9203624395242707,3.926949950375325,7.49834267781322,5.882107702338422,4.379937297050799,6.963383662879403,8.079694245456464,6.78542562248155,6.30385564581409,5.422311143386397,3.338440324527565
3.109562978528466,1.3792771396122896,0.5967290201867503,5.127713307163569,4.709073300019193,3.5338558743231685,1.5392508919189838,1.569489163055486,2.8562206744276026,4.16399205809874,2.66258557232749,4.45094833476498,5.713399292108235,4.543985277554632,2.716893243939758,1.7676155099286255,6.316723322616712,5.950912927141735,4.900953978526055,4.130940680210757,3.2700916238087925,1.2973568701573273
1.4666649878397613,6.093656627573417,6.318457870376153,3.470600190904493,3.237877412576123,4.532124753064314,1.0065230539903631,1.6575204668482186,2.2516024964767043,1.551961289432231,1.707501272640558,3.8225899325989228,3.247464228268631,2.149374016666049,1.7661741021882027,4.015440132724196,3.837565392364957,4.562469838348687,3.221615429069748,2.987384355679626,1.6933328753484498,1.6394011279037604
3.6967485221629013,3.353020561620369,2.998265386220129,3.4382274826824095,1.557851153881992,4.120320572871182,-0.05861092769913834,2.6247589500954986,0.7481881690328321,0.7901135144115106,1.5545027931705515,2.079179978066206,1.5407441504284842,1.8808030076583981,1.2465484041137462,0.9914965378176894,1.4596937071560179,2.785989610801582,1.1246732702945335,2.3405022974543574,1.8570669386455516,1.1626185517042094
3.907961065767587,2.2069991443841697,4.062629203741217,2.6032299391803178,2.2102576925726876,5.965843819624999,0.48077194345080154,0.33271379184790867,0.6540146888203031,0.32584622807381564,0.7856450327732074,1.1943649969351027,2.2147590495362524,2.655264477343898,2.3687929251725883,0.3645482144966579,0.65487099914336,0.6638715816933742,0.775730428590253,1.388353022212055,2.3424350520386685,1.6301565109387246
1.2517044408451716,1.630809951480496,2.5491713312164594,0.6950401343555612,2.801875344572662,2.9189518373608525,1.2581167338975738,0.9416357668618888,-0.13282183123144398,-0.49829255900075514,0.14279189620147706,1.2000134493837344,1.6715194561191329,1.5513018327449282,1.8466838784262007,1.574359704922871,0.5762956508718908,1.1158433511435975,0.9690735892513872,1.2136384149930861,1.242038977575897,1.3159619748813027
0.8707103227742572,-0.2657694317836111,0.9477498930494259,0.8900524707139381,3.622733825725342,2.833899927136432,2.2379925083972982,1.3173334304672344,1.1280652683534753,0.44142648942801727,0.6961286006388934,0.7416979133981217,1.2019462682346098,1.2643555083411215,1.4793412015555203,2.032541634062756,1.1391660273594495,1.0148756967906984,0.7907627155979617,0.7889869389536694,0.7985104694573262,1.2379601801188511
