script/wind150m.json
{"header": {"parameterCategory": 2, "parameterNumber": 2, "lo1": 6.000198445256149, "la1": 58.999992894266676, "dx": 0.5, "dy": 0.25, "nx": 22, "ny": 24, "refTime": "2024-02-24T05:00:00.000Z"}, "data":
[rows 0 to 23 of 24, columns 0 to 21 of 22]
2.3205128963781867,2.3205971232502396,2.0734051786464827,1.2492381900706524,2.422938836670641,-1.4701781039090587,1.6600292320290462,1.8403838194630122,-2.531354426179289,-1.407187719654589,1.8018339492154476,1.936898182268365,1.823798783201454,0.4520359749841104,0.5545812756760657,0.09377151499161733,1.7923773219499601,-1.251382847840601,0.5906219820512888,1.9866832176108533,0.3003576228773066,0.3100450380012066
-1.9070304225697925,1.5771340877993087,2.8031975963393965,1.0732933058015175,2.885315417333022,2.1489829266471125,1.6403526600434328,2.928333372942127,2.3500424262696553,2.620081186300088,1.5005694804775926,4.335050953677429,4.2848283687745035,2.4949699260240097,0.7774013655713137,2.65230729342349,1.4664013257403237,0.8080967200372234,3.0044936185553293,1.0073235104326685,4.130405270040852,1.3714207116628438
2.6788932945205928,-0.9844218484230741,1.5585973453969362,0.3417795052131042,-1.7870343562967341,-1.339242226677254,0.9852967786609084,1.218939983247832,0.7211999276919936,2.6108352535941592,-2.7756602002966897,3.1499435207497344,0.8360497965017144,-1.0859606989448698,1.1542561177547983,-0.10058082769935586,-3.7471595359795407,-2.5936138291251876,-1.185030607006971,2.6497560388477197,3.1862340936451283,0.12253064472168605
2.663150550500858,3.0152758327556706,0.5632762408327745,0.7935264705103188,-2.026484101048793,0.25161769756830565,0.5508770276836884,1.6637776811625666,1.344407588763094,4.2570630056470335,1.1323078368697197,0.07116778393540112,-1.6510574419375086,2.139002129544408,-1.7932999926798652,0.8867015477992208,2.6388438287813436,-3.186404612061375,-3.123395941947413,-0.3329853251328429,2.2685191453883213,1.9759324959799285
-0.6931483821993959,4.593014786262429,-1.6493669530083972,2.267639865005665,0.595462686715892,1.4704945635012248,1.6435805543021549,-0.15816642419243188,0.8663957727762052,1.1420095377066481,-0.1232822894476369,1.3468254635250978,2.6153825672291977,-1.8436119258427532,2.8257540669667813,2.3765568024929764,0.4338553165229304,1.4568718596285815,-1.4422599968279992,1.732897151077211,3.2248930451384332,1.2381874220407205
-0.38143972617005073,1.9988140284565734,-3.0400917560510963,2.415191850690992,1.4627965174259645,3.0847758997600994,2.964275223651224,-0.7081353384868024,0.645756892751053,-1.0905820976581655,-0.594484716480066,-0.04792540893321451,-0.7888308461396801,-2.6289119348523076,0.9538679691094609,-2.8795090024984606,0.3131508324780719,2.6729078808965943,1.570077597140438,3.092321594013006,3.022516702165478,2.5023128205909146
4.116586746671697,-1.471721232729089,-2.3672061539130858,-0.14539445708282886,-0.033552908570224284,1.961508365758796,2.6440324282972303,2.203750481118282,-0.621973243546195,-0.041930139599180696,3.8666003049084816,-0.9588686901781185,-1.8218069262963676,2.910515405556061,-1.2331245908939767,-1.2187304465930913,1.4436079558118267,2.3130161648330554,0.6404006668477186,-1.7477387208538107,4.23290496820471,-1.9861598077588694
2.465677528710653,1.1810386328584814,1.0386571608196955,-0.5202592951141229,3.107377604446829,1.3803553630900747,-0.4717775721467896,0.6579137507538412,-2.4554500932779533,-0.11029583501956285,-2.119435334731749,-1.403079881696607,0.8095502628122242,0.3667439734962712,0.14782573333777965,-2.6078840028799717,2.1225414363570203,-3.3866337082840463,-3.33623682843815,2.0735039070451076,1.0663502093746107,1.5695542157497246
0.9601872340286445,2.7718050348548258,-0.34398862022814863,3.1672766684688782,2.2601155130894672,2.410985195526107,3.502463863172111,2.4469803959589718,3.0384980170602605,1.389117252977922,4.00956900171353,2.3786848879334563,1.137627269626774,-0.9342571878251429,1.8592870512638624,0.8815193190157861,-2.336611234200041,-0.4952081871944643,0.012468139415495542,-2.045061541763607,-0.25256906182940353,1.7433878960686575
-0.41364200756497155,1.5241129381574345,0.22508424686009734,-1.5260685299397534,1.6418951915471496,2.106706628183839,1.6194164979022612,1.0347985414578076,0.7693103460611517,-1.821829056359316,0.548614907161578,1.7495878087553962,-0.7873397815491153,-1.2609397258977577,1.307799568395786,2.663853025213877,0.1517587565036915,0.7942195836161026,2.2352802596003265,3.3150900175848355,0.507608475267821,2.191634342676428
-1.7280740191390709,3.2094885643229882,-0.052969688001334794,3.5911856280816545,1.3556154358845842,2.399713662029476,-0.5014318417259845,1.8368543900525804,0.18038293100931166,0.5741726981940445,0.6468324034284262,-1.038292195904062,2.0943861993835196,2.888630236035748,2.2683859795637438,2.3722953250126477,1.5405321813574453,1.5993580813918862,1.1334749495824163,2.9594711579955706,2.1451029089262055,0.5218202817864945
1.2303560902601889,0.1702130965625901,2.764444222202956,1.963028584014772,-0.9942728571267536,-1.3837072108916657,-0.04327627204235614,0.9283254426240608,-1.1663679657369685,3.012231791800361,0.43067042025154056,-0.5504401678565674,1.168413034854308,3.0263079195295908,0.9530449315597249,2.081801681003733,-2.4215549175936664,0.397913508694735,1.319261573789083,-1.8112886093264084,0.22681441507194788,1.3518424380944218
1.5575871208468952,-0.6107973426105094,2.669922850202218,-0.3062105636694693,1.902408949076274,2.7784908822625347,2.0204053516053277,-1.456799105361421,-0.48806944454365064,1.3694561663687512,1.2366129753736224,-0.14774176326244529,2.522685291434464,-1.8333307474191884,-0.024794357504839503,2.7985912200826255,1.5240230101085,2.175834441120685,-2.055382662056232,-3.1139522793176515,-0.7551139754858491,-0.7832989330853171
-1.5246142392666866,1.9101364942825885,3.3177082523785573,0.7100715271667339,0.22733436500020507,1.3153431668421331,2.724902451280072,-2.6342948283882675,-1.67391376941287,1.6624571623065005,-0.4965002435739339,2.8575725782776544,0.6855747142301803,-1.4925915228931872,0.3655239937206471,-0.44222570286100527,0.2633764209054895,3.23442872501839,3.9001033915659864,1.358728418611988,3.591272772390121,-0.3370869007679002
0.9449691012517172,0.9547206931652032,4.209136359976646,0.10573872237959571,1.4613912074526851,1.9683071988848104,-0.059126419349707415,-1.368399812158912,1.5000600113519256,0.1764670691966727,2.416323513432127,3.003788023785295,-0.029885384215688805,-1.8359077469533165,1.2796434639204808,2.2808748106397747,0.4282520679392699,-0.5806627990214598,0.5024852114506123,0.48051845755953815,1.7648031514175102,-4.985714262303405
-0.4129992967526585,2.2104396259002645,-2.586707526128932,0.15908193235690415,1.626840161877706,1.4237348779711774,-0.22449879888177598,0.27795423353154397,1.4137506159874373,1.1878887229936441,0.9895485234001415,2.123977087324258,1.7049320003370636,1.030697794985016,-1.3682648877973242,-4.0435818822807805,2.666661705968702,-0.3518468917726348,1.2883830760032737,0.2737212704277218,-1.2469943894664546,2.5733808932726814
2.2641869884706947,2.2356847401785345,1.1102175686460576,1.282453918022759,2.3936798303748423,-1.3162078633644692,-0.9507104432942175,-0.783468478761475,2.090630452751341,1.0889019190383016,2.1274441842223344,1.6552620994567233,0.2492723961747369,0.5111636374636842,-0.8811106119741146,-0.47055544054661647,0.552457791204651,1.727605667730865,1.447121700709205,1.7635591143814189,0.2721791958849615,0.9636883831119085
0.35382578152269284,1.788201378615043,-0.3083750691639215,2.320740957166844,0.9188443353100112,0.5719627576544355,1.4590066157410044,-1.5699790192309346,0.9619474942227253,-0.9171564054976923,-0.29799327044035506,0.17728490816401543,-1.0050557990667102,2.0377139384333693,0.6178455517568411,0.9337808599218502,0.14695889124913464,1.2899740034263447,0.28216214451044647,1.649157418104205,2.307352261181452,1.5696625724487028
0.31854706453725645,0.5886945256832177,-1.7523697904501874,2.094850793002777,0.5593511949142179,1.5025775208594523,-0.5952827382208387,2.1695562484404887,2.3002281871577535,-0.06062078504029587,-2.868396092560944,1.195985591002271,1.5097791593694878,-1.0188995623901582,1.8682910719974621,1.012364485399922,1.6239453188408577,-0.1761062873669122,0.7156774821623009,2.779301788355511,1.7184568576200923,2.931031802532066
1.408082410100379,-2.2550002074939552,1.8731389591880094,1.3359431199993932,-1.808034287226289,-0.47092869333244564,-0.23249251522798342,0.9193946116497768,-2.286667537664116,-0.2027207347860348,1.1140428023561402,-2.6193335607711683,1.8405225459116454,1.7867437569094815,1.6740777189051501,1.6192228234967403,1.7229641869250665,1.1411512003245927,-0.3537798520050984,1.871009533860763,1.1304026395130506,-0.20048744249694514
-0.7823400022068582,3.221157328900768,2.36214001163188,-1.299314381429601,2.507085719954316,1.1577633041229751,0.14048876766276064,-0.9793426711617853,2.3482193104719786,0.6097880871106901,1.2487547429126267,1.2514357395071098,-1.6611620569690568,-0.12957720190804065,3.418816486444583,2.761497691984174,1.9367548264934207,2.0676996869686515,1.4467799187675723,2.10488984869636,-2.9618028726832684,1.6762648796336665
0.2682493626377962,0.20873586395474508,2.313248869263039,-0.7089755380864017,0.18343166397205035,-0.5198914588540753,-2.901969886585976,1.745358972685684,0.49731227497978575,0.9103994951179833,-1.260638707903006,-0.7402396251173564,3.624289086461639,2.9958263894579473,0.29939265807495175,4.348771645186705,-0.3912348416591896,2.6686322990214886,1.1495709336862123,-1.2108526406634044,-0.885480972620165,-1.0801170637998367
2.700459399112134,1.4469412500904308,3.713507298031789,0.8550913656297345,0.8876412169160495,1.34681005596451,1.5787520546895932,2.677540723211329,1.604735393762054,2.074955439828356,4.574296083227722,-2.001748684598378,1.7298983899757077,2.2839326732691845,-1.1234971141955654,0.7227398064412499,1.6816342418695096,1.8476331613978947,-0.09287671598417853,-1.2299232209880278,1.496908578304491,2.483956193480703
2.30525924584093,-0.20592173752742715,1.8222190382998493,-2.1117321481465012,1.6947662948638604,3.094293498372193,-0.8676534642512498,0.2544750905922235,1.69377122270665,1.161188489303247,1.233069066165818,-0.4260596124047965,1.561158444168737,3.7410419403717095,2.030309955000798,-1.3357488767422372,2.138341118129057,2.061611553010653,1.1512188498168487,-1.1941285425773713,3.6467775312352133,1.6909553557209915
