script/wind150m.json
{"header": {"parameterCategory": 2, "parameterNumber": 2, "lo1": 3.000054539987559, "la1": 64.9999836372058, "dx": 0.5, "dy": 0.25, "nx": 34, "ny": 52, "refTime": "2026-04-24T13:00:00.000Z"}, "data":
[rows 0 to 24 of 52, columns 0 to 33 of 34]
13.021536129338159,13.23843028342443,13.575075641869214,12.544418870429446,13.670831790947558,14.456810675767516,15.154733575279451,14.967715766271262,15.196775700084856,15.006436369856402,15.218638940222345,15.222508514941724,14.682004342305222,12.734066969759397,10.822767350163197,12.261134436845163,11.629407674840898,10.938647439490573,9.925119283852414,9.471224208554625,10.565985483662379,12.484407289625407,10.790536620980442,11.236306640907898,11.963678558471452,7.177394791375208,4.2997811314093655,4.329446713577119,4.965021112885885,3.8091547127271865,3.0657679539361182,3.00591538137624,3.0506703554657952,3.069129792748832
13.418377453378895,13.734151261222621,13.736772197647683,14.010790835031042,14.405015923526456,15.487187912707011,15.794224434966912,16.533210132854244,16.01068082663787,15.948075143138288,15.236702071881782,15.611908436662711,15.810994407914043,14.40518443401169,11.453217080510193,12.073797310504446,12.979302211108573,12.033148287765954,11.340884280512055,14.81014496411588,9.056788581228501,10.9648180993608,7.662471565784392,11.821609490788767,9.717390207955674,6.845082042514691,7.156867174164613,6.42427973741789,5.203812901659837,4.605647399208149,2.3053257498368667,2.066286668093351,2.531207310228332,3.5760453947424495
13.668978206495064,14.700094878524782,14.655209240344524,16.09229366211635,16.914392808506573,17.20843515470476,16.712424839117347,16.55776310114258,16.77906801046055,16.45928836972815,15.219199057907282,15.780650541047951,14.641225588089988,15.660852404124986,11.769619716936537,11.772370229312488,14.128662300818236,9.918654552686299,8.622407510039931,8.876349599175008,12.647905231573462,10.881214310070689,9.72959013874806,9.009882207357704,10.184327040035742,8.887517889669988,7.085424288308601,6.903917553527808,5.5627549796066145,3.8302495652991433,4.116818402740524,1.0191172177411496,2.332428681410938,2.8830239988109763
14.248105270876097,15.004050708661406,16.04109276133808,17.19097340472775,18.162281388680505,17.513709832776364,17.313837538676104,17.3909363137767,17.045687505646892,16.178147970541627,16.729911119567724,14.400012041051816,14.570607946423806,15.034084497998219,11.964421528654135,13.855674787517891,11.373891638361606,10.733214205042902,11.08766320724979,8.973795201323798,11.302314415216214,14.489523381975665,10.625637446037134,9.352183646195009,7.818906965376151,8.938253287818343,7.524984477930714,7.078427848857398,5.9791827499830985,4.068066234640303,4.500438672557222,4.32148016563123,1.6379458659683312,2.9101427517232477
15.309513834214751,16.24191465998437,17.59508084387723,17.303422949463524,17.76284471840342,17.717583547831946,17.133809629229034,16.74137376358888,16.497593081834406,16.06245020050596,15.278482033614637,15.040438884991145,15.996700029671103,13.863597757707879,11.187030973340647,12.450900756149897,14.879235622305893,10.084965598325285,9.200967783876804,15.32073331522346,10.742074524826501,18.263552943092748,8.51749572484661,10.403876793289333,9.132107180871335,7.166046277053242,5.822584825244978,6.780378654869059,6.136045994073895,5.498818657874235,4.474368860799945,4.702447274554668,2.4855525584571128,2.4958361500053585
16.853520854786478,17.2348050406779,17.329778417878735,17.742667442749667,17.7832418070647,17.492552761421578,16.33400250171872,15.826581692853768,16.027839440769768,15.655165340520067,14.515802958788706,15.607652235149494,14.701989268404414,14.93186637654755,11.584013055010628,12.132734032506987,8.065000217627839,10.496480967699044,13.16357431251506,9.898518377232316,8.64517976652253,12.739421814515522,11.549554697093205,8.765162967088166,7.036140336068485,6.291416400500229,8.275750624420914,7.8408080239699744,6.5679129698527845,6.942769032721378,5.171815935950881,4.351169777405209,3.228977062955113,1.643049377939551
17.124935422879393,16.782506869921527,16.891255560257846,16.79917538125501,16.253065995231662,15.820649190937186,15.530259479762625,14.906269498887308,14.40260859524919,14.75704352858746,14.102243343663202,13.565403319357467,14.093611358482038,13.97532478995759,9.60521774156058,13.191885308887779,11.07668726574404,12.232054850985,13.816922997212446,11.59416285725224,10.548130346868081,11.041258752287419,10.120133875489458,8.112766821962449,8.334017503314659,6.468854772094957,6.475010981370461,7.235493546974174,6.81589698729094,7.571882720537357,6.006827443736041,5.249139790005785,0.771126544175359,1.5625094599736413
16.09163477835712,15.922579543995573,16.08276443890915,15.402226969397644,15.418477464489497,14.934011585633996,14.151718461974408,13.302369607860912,14.37247681994999,14.341205617896364,15.35155167409327,8.854801591696434,9.151497690552562,16.939802859200906,10.207998013731945,8.779303267439888,9.331964641046604,10.948907049830721,13.10100833045703,11.318588631131643,12.64456566131699,12.475366667111382,9.635815916971117,7.090566119312244,7.294443654170004,8.384427263907169,7.367273370566208,7.210578908186379,7.1772704914500824,6.719029799321655,7.221349162036035,5.577376713389915,1.3219434602067464,0.7117768238530076
15.269844685528613,14.67129908468574,14.437140329386338,15.011812331790852,13.759374053098128,12.820443619822823,12.30876945993033,10.289272255441546,13.266040977812718,11.061644684489073,7.229320380960967,8.506623083929858,11.84031882173378,11.748159265394532,13.93151382093688,9.460819348446245,13.329358611780696,12.01751921891333,7.575890535140976,12.229700821082263,16.26162230085025,10.459139695629744,7.048122158470387,7.791937737458451,7.137970603907719,8.44956434221481,8.6416968235431,7.027517757087221,7.667515843199656,7.147207418738192,6.5524548051676765,2.4958296763432166,3.322714085898872,1.3626444495248355
14.32683098564617,13.768778282649006,13.660234471805305,12.433172425136277,11.253941849552456,11.667308154934876,11.881776808894472,10.80911397186027,8.195395293413592,9.002619964397734,9.142831070965373,10.639148720779255,14.7665146318775,14.3883094713917,5.845938761369366,10.923288230803974,10.430118767738232,8.428890682070715,11.534389940261514,12.99293643474135,11.97086131760685,9.582375294391655,9.215508375709577,7.270078288724854,6.961251982441302,7.348124973245684,8.266532623846311,7.370894455878429,6.494467347321686,6.394421019828503,3.9663012081802624,5.981046820535232,3.7859604542396403,2.808127480622541
12.570712207014697,12.484910062177715,11.760502532215513,9.51855779498466,9.061046075344448,9.741883485610739,9.963989681081774,6.567654577167253,10.780908289984378,3.1083354378119568,12.402145084825623,3.94122266512602,8.549769941489796,14.304399281087084,12.303082244990469,10.015184003132994,9.080984755805327,7.196046677635998,9.85782650696314,8.517953379608985,8.457999002169139,7.1947185564851495,10.0488926115927,6.560354524273306,5.16886397391945,5.269931138447753,7.733777940585813,8.171866802433751,6.928811090550903,6.2102765287740755,5.534111272100101,5.654119999478133,4.781823578504879,3.157884637486268
11.19825081726117,10.818359042770075,9.881243460685337,8.22992165943021,8.855112553436294,4.649688213442104,5.226701648258757,1.7972634836554355,0.3679697125391711,7.676653602516405,11.514158716950453,14.078021780784924,11.728036516030933,10.555145400212712,11.020900904977916,6.061334062295442,7.059157777933882,9.38452849185545,5.268269532768348,7.220673810452367,7.848537136717082,8.236187157795328,4.642159062483569,5.864060992878323,5.1202445502302085,5.115097624805892,5.051918878224193,6.798677543199365,5.980714956033279,5.14692119569767,6.142900880139429,7.690919696138711,5.627174013882582,3.752165491922806
9.891616555691733,9.927538230115667,9.047617049459195,7.48678333569168,7.400604977989052,4.926320537938643,5.0929345799016685,2.5119601017852555,4.043643379449304,11.512029924752591,11.744775177307902,10.22649131836856,6.939525737271718,9.700238396542794,7.232331728197895,7.848315514555237,4.695870136254952,3.847016148723308,6.464897291311109,4.593202395987597,6.270451536799132,5.7318312525478285,6.15974414608508,5.379576247285888,5.696504431158777,4.588841170613973,4.283429284947727,5.665201329068393,5.604940139055652,4.90024998680416,5.218835653856581,7.648292921081586,3.955873219694725,2.8183336772691727
9.095173102311863,8.07132539414315,7.172584371771074,5.867306324459124,4.371455026131638,5.5750679702659784,5.682764184897759,2.3303938383419553,-1.9741193986329708,14.918739993231318,8.821995773694379,11.365245973137915,8.44002299433584,5.041711407456222,9.973655566668148,6.2138013138978785,4.23091113604049,3.393062161111036,4.828568935220209,5.303116355215984,5.0966308104491365,6.130910276604649,5.8421149687136955,4.580224616560303,5.5765086465631235,4.31715535926133,4.496814320274907,4.314405572521328,5.549136911191093,3.9057594143850385,4.228716471072487,6.342261650507316,2.423994821229167,2.2385052651349198
7.781847712127641,7.299201772635922,5.375555442474858,6.3679114357732844,3.5655172950273597,5.271702053978042,3.776474436241878,7.044090764682842,6.523606812064961,3.2323099962478556,9.113732574287015,13.4630950689503,6.507255846983725,5.258694059997952,6.046932220883279,7.071956886971905,0.5544655632214514,3.2447064143148223,2.3740939571442774,3.4443507845073094,3.174562930287763,4.245772710545965,5.056714967841979,4.441070501099927,3.5051667794212404,5.034800553963909,3.3298165176989327,3.594976257948431,3.763329900041047,4.215248229355535,3.3784581409428807,4.982805558116449,1.8658056289714358,1.6191173199649314
8.179345377564328,5.729371764899137,4.086362078298678,5.868246086769691,3.948127380798436,5.02415970533627,6.4383360432739885,4.8536726571518205,2.7237920886285436,8.722422747454623,11.092586421025974,11.350894666209738,6.604167829696212,4.685948191359771,5.631631622603687,4.312241552565488,7.790378908995933,1.9939032223905027,3.388489869584695,2.803396098319939,4.815218213066946,4.487920149892438,5.032550650643187,3.7929173070155384,3.258300416054016,3.7986337192116726,4.042068687738468,3.547108987565869,4.182290847485927,1.55378509261436,1.7440767969479833,2.6682274004205198,0.756481640547783,1.6432316195728707
6.586734989691367,5.225307710175943,4.46049861062909,5.67968998974761,4.222460174614021,4.297156087306232,7.317874715883299,2.949301248393016,-2.6387592791512007,3.3047519498155205,10.062444721295355,12.907454558502106,6.241963641900636,6.257812389108298,4.086149942457672,2.750624014103716,3.4951519802770963,2.795095002839527,1.7695783377585452,3.8074188877700976,4.517208377973894,3.887812392087171,4.58862133775259,5.217580744978377,4.320454209498552,3.9416567945637913,4.27301946946952,3.325419110430442,3.7427565471877497,0.23507694961297645,1.5735321311748673,1.1993022254981631,0.4493456940179344,1.0663491801240577
6.250258903755987,4.310712497800969,3.284383304248181,4.63839792021869,3.5070483423748566,5.348426188211277,6.501054905741615,3.1384418138520096,8.303604997797999,9.309993137127728,6.561465608493348,8.896668806455914,3.613491899833258,5.9720796489511025,2.0959244754826742,3.3738615911517855,4.851168754244772,4.077623016998629,3.57615748213713,3.7592281692170775,3.662000500045368,4.226594356489775,4.391346340782103,4.7033302444383995,3.7354123154979755,3.824542034004712,3.87590071649579,2.7334425006965657,3.3003832905788597,-0.053737567537762515,-0.12563675399817,0.7788039339122412,0.24449189340382646,1.5231981065848883
6.259836110723678,2.841880388406134,3.685029855509235,4.065892785157802,4.4169820043256625,4.002940658726774,6.593098734440557,5.7335963764926134,7.931541432529425,12.580982124682377,9.159008911156407,4.711355463357456,6.280460406437215,3.166217343580945,0.0485886663571832,1.2751416779631246,3.4097408096321193,3.5482078795003047,2.09011470586327,3.8960422605469596,3.3460854960553434,4.629863098628768,4.417958197471952,4.593931751801905,3.362221952963708,3.0460057243124807,3.3026256271750034,2.928939148226863,2.950812307837855,1.9185089566573768,-0.9432792039109826,0.16426950566384912,0.34221837268604044,1.8926689039941382
5.201707017549267,0.875545659814305,3.273613971161474,3.4450068702677483,3.9197142724468046,4.837271761676553,-1.6701483772567196,8.926197128473426,7.704074229112045,7.737606653039222,8.376974591622758,9.429866113550572,4.68867733022582,4.929655845206144,-0.3491845769217699,1.5928191719516211,-2.362115107129926,2.864137364814884,3.7792748539470122,4.779139126715013,1.9139181745652722,4.508812127744714,4.441794656772367,3.93830200163784,3.025194634781554,2.265678673770819,3.335377065533214,3.420889217029351,2.818962100177084,2.230375465684378,1.4861978608630426,0.44603455252485724,0.345573015470393,1.7914873547277592
5.426367085056403,5.50623487100735,2.657859522863189,3.3238176509339854,3.244073045217278,4.44846820412924,2.7727955075457618,6.086360827570624,5.178661427871328,5.522597287486338,6.292865421831744,7.224961465724245,5.296590132488493,1.2538703900908783,0.8461219740982925,3.1989032021428563,-0.6864772061243846,3.11655011625052,3.913626680161874,3.7272741995984418,3.7898673075867357,3.071829106378335,4.531612745910694,3.8836712249446887,3.16148860109961,2.4432518389894105,3.2746599208039378,2.982358004138519,3.5010661244036463,1.9156282289472388,1.8821221492268527,1.4744816517619979,-0.11231266860165066,2.2206361472767226
5.939593194127557,5.816838917453272,5.230401753180087,4.240264036048022,2.0482470050401194,6.068979390855705,4.090914875052871,4.93146900635314,3.6168194882676623,4.324482974197536,5.7663071859661335,7.504985774538233,1.9187146050903843,3.6534932454682645,4.056066460745029,-1.7871596899854376,4.032558100848406,2.4130408292756225,3.1553500885656978,3.19833418525972,3.476884247119385,3.9830709476349906,4.0343077152279445,2.8630809100894337,2.627041532201222,2.286095772570979,3.1195265890829478,3.0713889013893283,3.030780988270088,2.2969728487376684,2.086301130342038,1.4007210769252072,-0.7645511757211481,1.9313627640026978
5.322865634844998,6.443056183673512,6.021979445095499,4.403093133235741,4.842808815860799,4.163935797660075,3.3605834099036773,6.385217210320304,8.059133098237469,5.131316346085578,3.078611727575067,3.4992135109028584,2.6644620729022246,3.520907635691224,1.8849775889090143,-0.4229488944898979,4.474172826150271,3.459245078742287,3.9790649581884643,2.528564943077455,4.7272687870124885,3.469091253220027,4.016320508090357,3.3550125220671765,3.464947293907598,3.006298885563718,2.6814613520472617,2.5384504689265155,2.8486082052195685,2.4770895887037736,2.5081383581001426,1.5075692645359093,-2.376327912619891,1.1081812986280042
5.928895145387275,6.203023161794539,6.1990315945773276,5.430805616026201,5.893000815791434,6.840532535675959,4.136148082877711,6.026591431833434,8.84745573892186,6.7497215998187965,5.099672921128599,0.63409889676553,1.980056371536254,3.3384377537791714,2.424404384677912,2.312312301066047,3.519578396327057,3.0939779601718276,3.9460699928533853,2.9028739477032524,3.38019534717534,4.636336514339415,5.83248614615408,3.5559795920281347,2.7569166735185195,3.0021994036256006,4.796312826467944,2.6620108431521374,2.7607716007743166,2.1691978723581418,3.1089172677049435,1.7973388769442087,-3.144286135470378,-0.5100316697128063
5.047602152060699,5.431133275855028,4.937049281791012,5.865161225548345,5.447884996154808,6.223689625862239,5.253890100039763,5.921932759415248,6.161078675419808,9.14067874712335,4.699183355640688,1.3809139202055942,1.841901109149209,0.9653480788987844,4.149128752958623,3.534867338387459,5.092216588189017,4.689955121811608,3.8639960052538562,3.3694037592269095,2.6255450390235326,1.6392033759098323,5.116422829923407,4.9904786260166,3.563694195228186,2.835177810167245,2.6562546980107453,2.9031659654650714,2.1808866331275074,1.890858571289284,2.962385372043238,-0.187715821015967,-3.819202720313744,-0.9744497407080668
