script/wind10m.json
{"header": {"parameterCategory": 2, "parameterNumber": 3, "lo1": 3.000054539987559, "la1": 64.9999836372058, "dx": 0.5, "dy": 0.25, "nx": 34, "ny": 52, "refTime": "2024-12-15T10:00:00.000Z"}, "data":
[rows 24 to 47 of 52, columns 0 to 33 of 34]
0.4787800155774548,-0.6264680198026933,-0.5504948047270531,-0.4868173602382635,-0.3615157789065941,-0.13865678980581952,0.37933263533999667,1.401566269133317,5.231126281407185,0.6314332298964443,3.0062145890711784,0.8874080496405461,1.6922461571923149,1.6458345585205973,1.274402901202903,4.505592587330261,2.9601164602890226,1.6907921837908226,1.3850369260804043,1.064657497457439,3.5680441364495192,3.04501593368785,1.4297280392734775,0.5320652798054053,0.37380384255006255,-0.37131120869625556,-1.2936989487454134,-1.4023533615216413,-1.8519289115338928,-2.68506608058003,-3.0690353882248584,-6.4906066835815075,-9.324211779901225,-13.2394649296631
-0.7514047579902908,-0.4502227529415798,-0.6254287479012729,-1.0322905833494627,-0.961434075701969,-0.5087795885082916,-0.46321440160261274,0.2006996210397484,2.041144673615566,1.8743166420795083,2.11465596945296,0.43439916431749703,1.7283420644172642,6.5177358482122605,5.744903377355527,3.5161404349420917,2.543934405932749,1.3477595298073255,1.454583191175404,1.6313757294944755,4.386199841480733,4.457853584330972,0.9493355125289028,0.7002760589090744,0.012986335757038857,-0.7646280398947547,-0.915528697862239,-1.3300922962598112,-2.655316816313199,-3.801866585655569,-6.82243130322446,-8.340177483678167,-10.02429987728571,-13.380670227273635
-0.693605274669515,-1.4429080820955036,-1.5489739075751212,-1.8593234271365553,-1.3359842523076906,-1.631629581999491,-0.7248714450985759,0.2642299610580092,0.8540545647726083,1.63698748185482,1.6036922262853195,1.3011699872580194,7.521218939779489,7.469052914216067,4.885496842458114,2.5741191265478323,2.0277385825406093,1.4438196360612234,1.2810664732854837,2.914392488600225,2.3005795732426364,1.887394141752907,1.0562924957226,0.4091387427987241,-0.4839876828743915,-0.8709570543212737,-0.7396560197902172,-1.3592495012865393,-4.546470753278704,-7.551000834640054,-9.078068551740792,-9.982308695245337,-11.318702230452327,-12.938938933160621
-1.417416199706719,-1.463459380941245,-1.4885638677257935,-1.2101109049887842,-1.6554362132201181,-1.5280555178705533,-0.21381267854361802,-0.2497949588350299,1.3379452023530352,1.8749644659953526,0.9545245319820047,4.946345297362635,9.751850141215563,7.898078458453006,5.4917562989566635,2.977475058076942,0.9574631974962017,1.259916378390892,1.4436984025267527,1.592037159980226,2.9019863104710497,1.4243145655185872,1.1547186178109,0.8450753622202682,0.19861393943924552,-0.4777465301371146,-0.9268490621063044,-1.7394496572100218,-4.652083229960495,-8.891384784369114,-10.130771705505534,-11.026461278462577,-11.719047638596638,-12.606907511652285
-0.9819114490850948,-1.21254650816837,-0.6687112237658466,-0.673759908919364,-1.070852562802568,-0.8230237592991902,0.9221267910513861,2.6443118224503244,4.09292136226384,3.0661578050475113,5.26351389338707,5.341261656464824,8.460676387363677,7.490990811369228,5.403002935667467,3.0477652039219483,1.3025569601230838,0.6431569540141202,1.4034164018195077,1.5268078970092933,1.4813101843574144,1.2528692553160001,-0.11109636062248189,0.5230597775645611,0.42779011930182703,-0.2891182902685547,-1.057705801219503,-2.002311432227116,-7.120105365597709,-9.067138925337842,-10.120238780552993,-10.491760278343861,-11.16675420655573,-12.18966509785933
-0.899065721921935,-0.5292477613558061,-0.9272026020740133,-0.36574815486928547,-0.22614243919415455,0.4261538531982041,1.7587914277531231,3.3706716541566974,6.399321605059174,5.208158050307739,4.703128249400618,4.407554192550594,8.401983304010388,8.022370383690525,8.014474234012608,4.962521123656991,4.754646402652449,3.058621234266813,1.8385507443627915,1.1099703773463525,1.2196715343469238,1.2444149673883782,0.6195931563487478,0.6727050601395832,0.16287634840418122,-0.6345411926140708,-1.35195706706001,-1.643458224416801,-6.6331870508513555,-8.791536773619505,-9.78404172917696,-6.416381361349,-7.718161470164088,-12.33273918000044
0.7940132146735109,-0.014880180553277627,-0.2777892574730029,0.2625570077359112,0.5707498380211593,1.0019136173163097,1.9094861067278803,3.858956806886224,4.9172548856143266,4.586329372217298,3.6111575491429972,3.590591478587414,8.329891917076326,9.26360720995584,3.84408395036778,4.369286329499153,4.006211882871303,4.196980257064638,0.9810753508660618,1.2559462059624587,0.6800436879876642,0.6920230606481818,0.1479529314939085,-0.27780693587068483,-0.25104322263945916,-0.8034712929288226,-0.8994501107280974,-1.051500733006273,-6.7815473960358235,-8.641241368340491,-10.020186085576663,-3.913948463124221,-10.901283549178988,-12.521443582598083
0.9921221501286103,1.0089310826750766,0.639558644843946,0.43737452274244887,1.0876766788811139,1.3439601735353843,2.558297999848882,3.8972323258650543,3.6352582042805537,3.257893343040973,3.2970132271073687,4.4229100850033465,8.249890868861177,6.726262404245681,3.8471708792840436,2.8214206665683745,1.5042634100459296,2.9927640085978586,2.749993686788759,0.9545964100294201,0.7192805109063731,0.46856380615216797,0.34245803760469334,0.12804521848683736,-0.11613839390156468,-0.8440436545822819,-1.0685335878558917,-0.5359212831262739,-2.1321146167146035,-8.71871646669906,-9.962041513935418,-4.339574917162331,-9.49930618485438,-11.882491555068665
0.7630031064623021,1.0013157501508465,0.8155679905292518,0.7298145254723147,1.056421166604519,1.90788219961788,2.7474425249048924,3.144366879862337,2.629976579670279,2.777357314623229,2.6936123376504715,2.2109631140700596,6.438385520644257,5.177014216631158,3.1863756081321775,5.185141617831145,4.017828146025693,3.1172239695874073,2.2392653645745364,0.18259424217988043,0.4082589852705154,0.3638649425416501,0.2280658032669662,-0.1733701692458252,-0.3469061066712115,-0.849528246524368,-1.1028082183322552,-0.5575390583028242,-3.6900990651243277,-7.765614206149462,-10.198638671908427,-8.322983429375405,-9.452713623585312,-10.936749357178018
0.09244709015869218,0.835205985651695,0.8962333818621431,0.5156784122410417,1.3364390933682244,2.268934535303268,2.9541208474575624,2.4106087510571177,1.8906256878883598,1.9665578566683353,2.770053357039431,4.406450715407938,4.086426125251215,3.9223252422496646,3.279633255187765,4.9565634628031185,4.150635415769831,3.5124745699901725,2.4972567877342344,0.7833342573548477,0.7951482399846006,0.3470876471223053,0.4431971915548224,-0.02888125858391021,-0.44615494386649884,-0.9216044788488907,-0.6778845573852537,-0.5246978824321376,-3.4984134969555845,-7.6690228828788465,-9.294700347013029,-9.707546769674897,-9.674522900808673,-10.023418415710788
0.04805229427045421,1.0374520654532602,0.9721837270489615,0.8463608944233403,1.896476440086166,2.6026120434068565,2.813065935911085,2.085464434018442,1.494600472518733,1.454670396109147,3.5276099925419833,3.169819596684397,2.8563552200517712,3.5923400000652093,3.1910355230153273,3.3954375539228026,3.9794424299198607,3.286116186366568,2.2054161607896177,0.6942513175268905,0.22486696225120303,0.10435376021752589,0.02308278490360474,-0.011799581647571828,-0.2631287527888034,-0.6538993759400638,-0.3587733141828604,-0.5328350406261326,-3.9810136168299812,-6.970048655548458,-8.240952080640325,-9.78085562097139,-9.201965139732678,-9.79241993118833
-0.0937324316553882,0.6206020877536484,0.8699860763076954,0.7104566629194707,0.9311675106069015,1.8547872629384414,2.3391109638886585,1.6725469480857527,1.2464551216767652,1.6053565751518086,4.138635958400687,2.618529606725191,4.020473328482803,3.403366177613682,2.7386808088349417,3.1872741952671633,3.550498463602159,3.181104656415784,2.5883698060726,0.18078280690870527,0.34124960922380093,0.43285255132320316,0.15967368531308712,-0.13566211218617524,-0.3280176826380002,-0.8201888617979215,-0.3957272489630494,-2.2041711607839494,-4.763152677474977,-6.451387317229719,-8.026196489553191,-8.398860783478316,-9.707279459110685,-9.386445778174332
0.1038881112511243,0.6036901621411205,0.6822419295076934,0.23984222754098675,0.8388342317718661,1.0093762637004422,1.1383219579946542,0.3334449568503865,0.7280314982936592,1.653519080556662,4.4183465492048795,4.034171734740201,3.160520229174319,2.895646957608664,2.747375125119508,5.604587360280759,4.36763224149337,3.6682949502576068,1.2402162575235371,1.2327772790789442,1.765019865271285,0.6900645689889379,0.12130572400455088,-0.40160159597364814,-1.8120084011709348,-3.4933455590616505,-3.4920260455120204,-3.8073890474177023,-5.649934761004799,-6.50885261890362,-7.675168531577385,-8.337414980749461,-8.692318975405176,-9.49178692939936
0.18395557185262412,0.7449144452172659,0.28154804514713905,-0.014198857010248828,0.6307894401374351,0.9951796297657816,0.476689832109444,-0.07020942937858109,0.4888961836084619,1.7145719243260318,3.8477915990906193,3.4520594786188536,3.966299015948808,2.793185876618824,3.4436692913969744,5.56982474542678,4.222415288845074,2.6127528411699843,1.867480494502462,1.290759326602513,1.2569655614942845,0.3456377464935854,-0.24505708950880115,-1.6129692433547451,-3.454787559784797,-4.0624730801178375,-3.9499924182336943,-5.44336303696847,-5.673945838333826,-7.510886715150479,-7.297604410952801,-7.821062953354131,-8.287089128675358,-9.728721983435323
0.7026193491414539,1.900823993648864,0.843395620867903,0.5172434981139911,0.2965238525052263,0.6701293200548866,-0.03257450457191882,-0.11383637794929584,0.34001433970780776,2.4332084521420536,3.2644205896140046,4.392443422285441,4.264726188763312,3.039039943647059,3.5967315351482867,4.5311471798905165,5.006996099376254,1.9125553092133383,1.4192872286644527,2.975117215832663,0.6677731201810874,0.2525877371707065,-0.08968378907674866,-1.4937653341114518,-3.1837970820829997,-4.366131258725914,-4.676522225666037,-4.8496474719633476,-6.354581634083396,-6.254211331079577,-7.177104081099653,-7.33360134970382,-7.5159546804578445,-8.63079986787372
1.0584667088275732,1.343210391007739,0.7699860286087427,0.8419436175211858,0.48769511061724896,0.4471112091322113,-0.25048202155854565,-0.007941856948617236,1.7191993177666796,3.7191080425336027,3.829973722287981,5.965561414639365,4.327588092297567,2.9243285507253107,3.829162617399528,3.5836283812922844,5.133355216448713,1.9274573674419373,1.2793245941632878,1.9575040631033613,1.200360272244767,-0.7857085948399256,-3.060116122204842,-3.472224097380615,-2.411635057558934,-3.650539324923779,-4.241101147496135,-4.857033177621795,-5.497330357761739,-5.766296725284188,-6.506689322485375,-6.36265715616486,-7.284908000543768,-8.541190875033733
0.6879302470793135,1.1207812870582048,0.7935396509550497,0.5054427871425381,0.6659727892835623,0.35237413642148213,-0.08277930695882967,1.066891682336294,3.2666722768858243,4.12434760598016,5.583924887258789,6.04844218438169,3.9069954811592296,2.818076078755511,4.120202767413113,4.501416630117757,4.058468447824973,3.408645736486608,1.4200028286663413,2.198032153959797,1.1574289591841838,-0.8774303494818361,-2.477651372076603,-3.586848426794564,-2.4655076858636673,-3.0638154456591926,-3.843328897368887,-4.2373650791852,-4.535120199476937,-5.653308426230704,-5.102770568597316,-5.467959926142479,-6.697313474270737,-8.208646728050079
0.3773484789456987,1.0160246825868327,0.8944389515963399,0.6059057853112987,0.5337721015933307,0.11286251388902278,0.7457631459555443,2.4517615953748755,4.379567699620666,3.5278919956104375,5.323969541360684,5.11368651631745,2.8426587582505456,2.625763429309918,4.718558128688369,5.5598691154022655,5.0984269895034835,2.0026095628648997,1.2905683348501613,1.2385974532434694,0.07328893481826038,-1.4304697559788226,-3.024027919785441,-3.545200737946314,-4.4065314375904165,-4.248672987602264,-4.878953124322094,-3.759258946763867,-4.1590974382142605,-1.5853753095874903,-1.7426550509978842,-4.037218730800229,-7.205508675185401,-9.021433097486792
1.165872779098806,1.2860478912543494,0.9582297037419704,0.40434717177485546,0.20078805996301843,0.4157559432389482,1.5959914169565654,4.107836856997299,5.476594700358294,4.441586420206142,5.0577507562087565,5.382926895435601,3.1900891856739246,2.578322350806606,5.83076938621705,7.058636723130277,5.621248675749749,3.8231415742986625,2.685908641227104,1.2677742536752785,0.26055852721840805,-0.5141491963639183,-0.1892809983472655,-1.0285483560434598,-3.0868539583831645,-4.022152169625041,-4.679990483780635,-2.5733864073879746,-1.755966967145722,-1.5405600418524967,-1.6582240255112242,-2.747768337545349,-6.735534620879856,-7.889310954730572
1.1675562620533648,0.32590934959542867,0.210605943902243,-0.29327876445283013,0.06459592311131654,1.7783847503367485,3.4768774576927775,5.5822978590083725,5.061634095942433,5.2555248226709,5.820319969408876,6.297448221389695,3.302869365047054,3.7120522507895326,3.7099204847924754,3.013677317166232,3.5765566412608134,4.653802572552686,3.662452231663807,1.0819268326847713,0.9528370628760021,2.3822990778587787,1.6333982607936348,0.36918591749663304,-0.8237861670071076,-2.3436690275394447,-2.667862033975132,-1.8390750516642522,-1.7434042846375573,-1.943177227135442,-2.2436105923923897,-3.817760052222017,-2.9187118704450126,-0.46906992869885017
-0.3934751163078804,-0.3480948153935217,-1.1092978095123502,-0.14831955030069774,1.1882462633067372,2.4017348996420247,4.9599491269878575,5.878914713237068,6.1725003214337075,6.574995069052582,6.275105629130483,5.631290083247823,4.15871919336915,4.068312917955291,3.170734686787633,2.928211921141918,3.9515091889349385,3.9136990611204,1.7503764523425314,1.245079939679449,0.34212931050653517,0.44076444508435014,1.280235654402444,1.6922584184116618,-0.11731447005939616,-0.4119491562448819,-0.511423828961364,-1.4364768540258588,-2.726387286813274,-1.879594588264112,-1.7063847070834322,-1.8519904619108216,-0.3520557323792708,0.7873878244554603
0.29247497284832635,-0.4397194912844625,-0.22186412296812622,1.0534515325497196,1.957230414281977,3.8674742279396686,6.051314698593323,6.55317901280145,6.317228931590524,5.801997023525963,5.888722350957088,6.346866785023693,4.018540710356589,4.163852558050256,2.813276331922994,2.6979988304359463,2.5230413252684416,2.3265813531608277,1.643748722960546,0.4219677091923121,0.17901727494530498,-0.16586109577548216,0.891631491158121,-0.32705799905008764,-0.7089337678420025,-0.566898937549382,-0.5613433587068575,-0.9188051526072533,-1.6103291322803992,-2.1195268973498895,-1.7630494318044965,-1.2437871066828536,-1.4317996075228832,-0.7019445532499018
0.12087791655324615,-0.015716031964215758,0.4640208431578049,1.3525160580880817,2.8648878130751427,5.185049482752648,5.842784663686969,5.955828331220869,6.208032337712338,3.2254403613002514,3.2616881424131563,3.985064272947245,2.5203744697518755,2.7779828461513056,2.083067764609749,2.0999131040722485,2.0757618750932796,1.2238333706232987,1.1912724340267595,0.359968252071795,-0.181929921824664,0.20023053425525947,0.0004982003981380673,0.042189542228243976,-0.9402348745687333,-0.8519195105702296,-0.8849804480643961,-1.5678006765601402,-1.5907654502910853,-1.6993840624973509,-1.0483585962390114,-1.2076594690087834,-0.3175072175454138,-0.9231556005224408
0.6123155369361362,0.609901916832906,0.5888053404061222,2.19270859346322,3.4863172527327744,4.737983151703947,3.5068857996203997,3.895720336478472,4.153114403653986,3.5483843450528876,3.039320724784852,4.207427324947171,3.8331191757271204,3.075721623858992,1.9254505706089795,2.103807815385675,0.9979569803129686,1.0832192180643052,0.8779031098112831,0.1610540459911295,-0.11165033647064107,-0.6811364871784668,0.5220831787950855,0.3694663067997567,-0.12194058160643619,-0.2288566636597401,-1.2194579508428491,-2.8051653261251333,-2.7249882370304492,-1.9228373856912615,-0.4674847456359234,-1.7854270264987993,-0.861316176068221,-0.8585215387619473
