script/wind50m.json
{"header": {"parameterCategory": 2, "parameterNumber": 2, "lo1": 3.000054539987559, "la1": 64.9999836372058, "dx": 0.5, "dy": 0.25, "nx": 34, "ny": 52, "refTime": "2025-12-17T07:00:00.000Z"}, "data":
[rows 0 to 24 of 52, columns 0 to 33 of 34]
2.3283615518389706,1.0742289883033842,2.8822568948707974,3.421415362133402,5.281454187072688,5.358448105462013,5.457638956595372,5.903382785246596,6.545745308739712,5.603971081515794,6.453407093635045,6.265949332039739,6.703113432985489,4.547208560025164,5.10102963589344,2.9933457683825173,2.102355449721566,-0.8910530141819818,-0.8640874686449737,0.7357597740783376,2.3997934622546353,1.969865229257223,-2.363115856915452,0.21592176193999058,1.4255923274274593,1.3710343674232373,-0.1947535300942856,3.1837238001290356,0.9092433690595941,2.4761590197931445,-0.08263791050791988,-0.6447881208375245,1.2621469121242381,0.07874390893738044
2.953920261749954,4.1783547172814295,1.917934361455597,3.696650767239915,5.346565874523252,4.282209049136801,5.699425438536289,5.994563412287226,6.439597992458984,6.006051046811491,5.9377654096864285,5.807522419800723,8.39925746242803,1.1172341719875412,6.000321912627872,6.009479377063093,1.489477816527025,0.35122202462743124,2.5311641521074137,3.581215099429438,-0.43218332048838864,-0.908284620978938,1.651875557780694,2.1547788806665222,0.10854790671087525,0.2090525354292677,-0.1784805100619692,-1.1562501510116794,-0.9257853857240566,2.8463655662733656,0.47549205056018257,1.2436622359338187,0.8086192949916416,0.5058572090526265
5.436749155225539,6.413638305312417,6.156650427462711,3.4862359844764996,5.157749741328557,7.331083132950729,6.83758768150191,8.292517637832955,7.577112235728759,6.462096383991201,11.306711165929103,8.057105109302594,10.974125132172473,7.432650830853317,3.411205881440759,7.48869797846994,4.465687612318946,-0.9742380962448125,2.470041150379394,-0.8626761898151092,1.186696448033649,-0.005682835238165829,-4.9941880661561875,-0.3850281573782708,0.23239075851343136,0.001274118310146379,-0.6535749029102202,0.18863260887412497,-0.8804601478381265,0.4042728139361304,1.7556843340831263,1.5945253997891857,0.3535368803607359,-0.14460422577841145
7.9547455423942885,4.925936296194386,5.758750245227047,5.978395024414971,6.041797038426119,7.135477183096189,7.646389550841066,9.14307954880942,8.60683950243346,8.129754997249151,5.810662333574307,5.76046115259192,5.457318552676979,7.150915347628644,2.8817650477282073,4.509747094045166,0.021928010773640386,0.8711223915520389,3.698049225487196,0.53942354813218,1.8746618326290527,-0.34407665918405494,-0.2518033634026891,1.0433622709098522,-1.3000972642330713,-0.4416907696528392,0.0004896897362012936,-0.32945149589123357,-0.6332520497377907,0.19669550940000974,0.7981502512340057,0.9523763397406804,0.2778461861718241,-1.191984087789484
8.617803242041159,5.7299744671231405,6.092012106222722,6.910632823046599,7.518189421251805,7.814584924069871,8.476948206476798,9.998720431766793,7.1836790846251235,6.7483897792387815,9.975304307230903,7.397936614636888,4.261401010109379,2.902199524552893,0.17335919571665176,3.741693750638384,4.206385045652681,1.5302133413774515,-0.32254062014539775,5.85751251317939,1.3701136730333199,3.5444289120364605,0.16763663241080742,-1.9853719128336949,0.39447211515345326,-0.8263654108339593,-1.6455586931989346,-1.6841019160548965,-2.6424750872722385,-1.1890820110589224,-1.1405258630648694,-0.8657681150289932,-0.5132048494934681,-1.087134697569322
8.345402259789777,6.380357032945519,5.7156538644293065,8.251849349354966,6.775507062887581,8.136655022887554,8.761325397619036,10.699600965635469,8.173916557203897,7.25145077056023,6.739649517557726,1.2927152814060163,1.8264510542647976,-1.80196543653292,-0.7346505547634096,2.663916594161687,-0.4615609040807939,0.37265962706008965,2.975641881213601,-0.8780121351831975,-0.3372468696532529,1.7486525118241896,-0.48191939113523297,0.9269543338717374,0.27916703597674386,0.6323660213650389,-0.1118386138898862,0.13714455369943576,-0.46701173017569364,-4.343532489123924,-1.9621540124485675,0.7455473044476321,-0.527798937630589,-1.1130677633693085
6.778204868398025,6.146440555918859,4.831007569873377,5.664824136219301,7.070757841956624,8.559313924805455,8.41481418367402,6.6877231001111666,8.176488767041077,5.660486026078909,0.8829554987048222,1.8491264224714623,1.4877437992740041,1.1810176234643004,-3.0845258876598085,-1.435237492008219,-1.2026183958538479,-0.40432785777362695,2.2359727511496468,0.6276142502249705,1.7678451060556817,1.9832009497272303,0.863525612974333,0.23519699722970666,-0.41869128041097237,0.7101459752515672,-0.27908514370366183,-0.09543135008254568,-1.391024943614835,-3.394923328966225,-0.5866402718734878,-1.0165335634317305,-1.3737550170138793,-1.033360723110902
6.087832022721256,7.602618700254922,4.507908890839709,5.1569180301190345,6.921605691530781,7.729321603096465,6.336598421857977,6.9407921001425175,5.687240841604288,3.141674226913086,1.2455919930582573,-2.7447014692057743,3.2749327421288563,4.271774458326841,-0.9094994778045413,-0.7224598942782402,-0.7819621244137822,0.24733921750991553,2.259327254842225,0.4284599058874396,3.3074721820653474,3.5887643597809857,3.1771401193372695,1.393637667448591,2.0766625533130076,0.604440544328377,-1.0605227986238583,-1.0715361565416064,-0.7068467191165577,-0.2446531511776581,-2.5279977856176403,-1.5703803239393723,-2.643360949494707,-4.1246538202600425
4.741260435357571,12.787111458331356,5.928645002433992,5.480835414635118,7.566282379624353,4.557154926607702,6.2171657395409685,4.240630558343012,0.6783712330084629,1.8020735461024513,-3.879342059352585,-2.5266030554027377,0.5462686919213696,-1.8638574586422654,-1.5408322507342882,-1.0028656761805932,-1.3306257521474854,0.7803741416250777,0.006494352267282763,1.4009026359300318,2.909166735754002,2.2802000229764414,0.5358181775702574,1.579811951739763,1.5465380052943658,0.4046336095303184,-0.4283313311353275,-0.45907960471455106,1.0211804561228353,-1.7344069474756902,-4.306526820499849,-1.8813609988989055,-4.131902939800924,-2.1239779098695406
5.581406785676703,6.627973184500801,6.6905045379671595,5.945590156068389,7.156477028450413,5.239166482673823,2.8106947989501028,2.1862534100440842,-0.39334529864301504,1.267636638956547,-0.6039336404239813,-0.9476076134567064,1.275604241499436,2.0596710728735674,-1.0876155313473141,0.4153654908992214,1.2243266572331963,-0.3323049534613811,1.7632444618590513,2.1655017193395643,4.276286949361022,3.9229725017149204,3.116956210630816,1.4716736555765164,2.471107040128327,1.2192639350426195,1.7367103791556164,-0.7946199806923481,-2.057874696961017,-3.1794393013640514,-0.1501377538672856,0.7522500407562481,1.1004921541865984,0.5704388400584947
9.437983653922247,7.022460339078481,6.556806427628345,5.671140994826665,6.918390846466009,2.836316803254316,0.3114611129680707,-0.7900892778560489,5.125429272251458,0.7977303875688897,5.4424414892823,-4.122237808164289,5.038673083255119,5.897598622848837,6.833987808984905,1.5630870608632768,1.2739517359076555,0.385731377341661,2.3782114115073747,2.551739036206677,2.14738565370935,3.3969239625269285,4.036837695489789,2.068588177103177,2.040981988155485,2.1071248134382166,3.1402787114379325,1.6875889028756041,-0.36869554751328387,-0.5603445148766882,3.008593634004906,3.6921076323636153,2.9353722734578747,2.1169195464478676
6.809029427305246,6.174268538733862,5.967270505465918,6.638319235403002,1.7086387366341822,0.20398854219247578,-4.346676153018467,-4.140397738253523,-0.7164538172731189,2.565516123919179,-0.31987165560005265,5.820907856623871,1.3162082880267665,4.809166134678243,8.477142433797331,3.600975262327184,1.38352428322745,4.911425159875336,0.5666566938726552,2.417708651101062,3.2113195466473923,3.8251052563356107,1.4979731742349587,2.4021156843528506,1.5715381717492036,3.0703279347346206,2.966021968523418,2.2773508188532947,1.9490171674722603,1.2771767524834567,3.179246087554439,3.1227154710805296,3.7651761836044857,3.5225160167345178
5.093342147556272,5.195823829016514,6.25031519815333,5.9619856476610815,1.3112836697270014,-0.9924380949411358,-0.6831060692295291,1.7393713747935031,-1.383646497794254,5.20910739541734,7.03538348757583,5.2380065877092115,2.4053485190982418,4.996420946110934,0.7659000349234747,9.100739221005172,2.3713619023161314,6.242822653334083,3.9092205451725706,1.3632128194946465,2.2366395530408067,3.125026045626344,3.57053443290069,3.757649732210149,3.457220359790553,3.107235901477856,1.4624433650783342,1.7831687019774416,0.815292876121855,2.4952590599077835,3.9960460968334655,3.580598677311641,3.263640825213599,2.5936742012744047
4.287621066997424,5.415659742286415,5.487254018340516,4.641794916345928,1.1958360222594921,0.04645040979322227,5.694370080081943,-1.2747064507866872,5.16824604355855,5.883371503967538,6.576881893513824,8.924370198169804,3.133846665229688,1.1042209112248054,1.8077075075175242,6.615253780854127,4.883440767229747,2.309421043033354,2.3525935451470112,3.5128321985248054,2.3779774451343454,3.776421240347762,3.799956153247901,4.033269262488427,4.014725234831288,3.895779989485716,3.2905355509737055,3.0778471739821596,1.3659419811063949,1.558890621630326,3.6804963828344515,4.404411284987263,3.196639311714924,1.94410415734368
3.913188082771226,5.084640409827615,4.891403412791173,4.80451641233084,-0.4175644765224844,-0.7186935079358678,0.027239614842480428,4.5339029577033445,-0.13291513010503309,4.701120299739093,-1.062114835244414,8.108917330092291,10.836403118513406,4.677186672827765,2.68179152471447,3.679076408618697,1.656063916915673,4.384377465003591,1.2672424903818706,-0.26723117693605825,1.724346026677179,2.283914624822445,2.1600310234754634,5.273719314674053,2.7234757772491944,3.6279681759253113,1.9041112761687526,2.9989485302664356,1.16601042629562,2.4211506182444658,3.66816498664925,3.4061203050447393,2.3156635565692776,1.272464386452745
3.9813511164316346,4.933769236406892,4.537195317687201,4.204388904440305,-2.0592118774336274,-0.9562729145307938,0.6093574447418783,1.6216677232151575,0.8042967973840025,4.780800383378855,5.3797718467951645,10.775943206483195,4.360911987140215,7.939475905801717,3.57371841410813,2.0877375397044458,7.771026944560796,-0.40142434000300453,2.373537541321499,2.173130207807128,3.7341214806911522,4.062678593707555,4.681780977034876,3.8628765682249018,2.828884049460169,3.190755979386323,4.680842010966851,2.405042078816291,1.8176636818027796,2.1956655063897843,2.7317465425330396,3.0670608312929266,2.0178457731007744,0.8292714960468947
4.005643585780506,4.616610306353417,4.146657577729531,3.3729196100440033,-1.7894660169394065,-1.2273868441469031,2.1816157608543314,3.6679793354253247,1.1171322467182638,4.216800041606325,8.584602827847105,14.447011270083516,2.9676380478056763,0.6568715160439883,3.0358036796004546,0.02928611749010198,1.1571525839525714,0.3246305757882898,3.2688502573824825,0.8995332020419852,3.6597834147732677,4.684721759944824,3.4127564767187466,2.1492841444657,3.357883744305417,2.556107255644068,3.5884764323885974,3.133229903675486,2.41668492684537,2.1169891784493418,3.51902652751539,4.159492478085032,1.31387988794185,-0.1725423874582985
3.600284270446751,4.163446212068971,3.7647042920426648,3.250445600021112,-2.060335341700358,-0.36435892747066195,1.2852822366889138,-0.03081175255187822,6.790017814646683,10.404492770574736,0.3305337902387034,8.0530633558466,-0.7302232273092499,5.728334218238782,4.412688984100189,6.741135113241729,4.071914701571485,2.3011555808048496,3.657871897142732,2.1718650575696206,2.985467289336477,4.329990167028569,3.967418476805,5.6255124536375,1.2155351443583218,0.8949985743501657,2.0296583394285124,2.495263244918871,2.675038490969126,2.872135402315134,3.219457981152934,4.235001826440759,1.7963007125956632,1.6086274689207658
3.552797296805698,4.255150111616047,3.7005073819782406,3.5107890143427483,-0.19571539372847233,1.1273189546172597,4.020211429572902,0.8407086795407552,0.2598557022084419,13.194399618351628,6.85201186151563,2.8850883177844118,6.067447597510566,0.9562615030502792,-0.5529194230931582,0.3821518991637134,2.878227933354336,1.6594607343807721,0.27651221778957624,1.6507820133887539,3.3756127681041552,4.99571366471302,4.5757756740971685,4.742817495280053,2.7976730454493133,1.5802951254103539,1.3603408464573108,2.1337663503889055,1.928051803030217,2.56033422943633,2.6742683240669782,4.122038204063806,2.5044120598889386,1.5457810258351996
4.177813126685868,4.534410166437612,3.980371281458343,3.5010005376345674,3.0563264388398896,-0.30613826599053834,1.5114520570023537,6.786147348042183,7.531371282662871,7.125396029184905,8.504649409375157,9.145694772586928,0.7561024341624193,13.02400742387632,3.032574003976582,4.97184280342932,2.711949268767197,1.9443819804770135,0.502644011347434,2.287643766180487,2.340095770378062,1.7124265521506823,5.311399336424745,4.657705082282913,2.059733969945307,1.4291015119697934,1.0276988287751332,0.8222084332599813,0.9744295491183522,2.245319451377595,2.2546257658940707,3.4402789582542628,3.7162493414583437,1.3580195099795942
5.0345809993255735,4.706848735416588,4.528552577216084,3.9643875055877245,3.3446630839545817,-1.7841532708914085,-1.0369015653381375,0.07133178970960025,5.264044380205615,5.999920247230619,6.217572312523237,8.934079287312048,6.418319058449024,2.429381888575205,3.037914278780439,3.9655926805392703,3.110842311059032,3.060332147711422,2.8789881504135657,2.9740353836045386,3.5334462688422397,0.7625824667297103,3.8155433390046274,3.2956188412528418,3.882943223999385,2.3848748436545093,1.2675703118049846,0.7263280291440362,1.0079591212898384,1.5226306652923898,2.2951402774204492,2.8933221342711613,3.802758187651591,4.321947466334341
5.2520011439529934,4.884090474555823,4.885778137985204,4.452463422541535,3.5462744301215126,-0.21031291158570423,0.5507056004878882,0.645690505303625,8.463732297693493,4.731511631306011,5.975000753406425,10.37493133835907,0.034766001015588466,5.379672589683648,2.0139494578942494,4.007782183693668,3.283909084342432,2.656337180080835,3.4630373879583067,2.9073282138657213,2.8574677018035577,0.4131636508276502,3.2394650528120983,4.48397969800419,3.2463122046664528,2.535428118796892,1.484918001500272,0.7006777825481316,0.7116365447767536,0.3331737388706833,1.5654531924166735,2.9601075835876003,2.2638514219606325,4.842405486346896
5.7064586480087796,5.470925671691851,4.071168368170056,4.969994590289088,2.6677078638430025,-1.0458255089586665,-0.3166134899906654,4.613427867859533,8.903227375632804,4.443241102640271,-1.4663609564969398,3.419512223931637,5.959757255342441,5.900790156924822,5.785449031841094,2.4821710893885722,3.5248439087870604,3.2166672594226804,3.8976032147815545,5.3527915914170086,1.4071248748413427,1.979424165014674,4.049484105568124,5.0199751036065745,4.529411751977849,1.7519295244601596,2.3259011415943616,2.0346287436082506,1.440786272198299,0.338184182347007,1.3726452942748506,2.7568347221282665,3.849076770137737,5.516305987594261
5.866792972677867,6.015031036893314,4.772372673401255,4.562160510968131,3.8853680486187225,3.1342085798650583,0.365996707315548,2.76345605908739,4.709296540056201,-1.8875378720204894,2.1704007809733614,0.6019023017712388,5.125511688747853,3.197729253955446,5.483795158690577,3.6887802348141663,3.2904551388557253,4.200484367488939,5.4291097424230275,5.951588920092711,2.9679004046012647,5.065814018287186,5.643881445464476,3.9221771046298937,2.974652917416378,2.431770072170372,2.408485012042961,1.6305043225892915,2.227147879762774,1.8667815768554379,1.963924931027215,3.098010222955697,6.33846689350791,6.801845630164014
5.401160011568762,5.761542775872646,4.674000449594167,4.678797009437724,4.830698891054785,4.792862672789232,-1.487785316171619,4.8168743524683295,7.233685634348869,-1.431827663665862,3.9231435117785205,1.1365020107474855,4.197750637252072,6.803111247952378,4.716538498577794,6.422087729072794,4.913865692981603,4.751769406213136,6.319879963583829,5.632753938620157,6.03619860056969,7.930462299648902,4.047816024465909,4.232257431958983,3.129235724034841,2.3233089915443714,2.9123966849454765,1.0164882727263114,1.0517072494003605,2.175567520450555,3.3148008947861562,7.27452221373199,7.0423504724438395,6.540891130187296
