script/wind150m.json
[{"header": {"parameterCategory": 2, "parameterNumber": 2, "lo1": 6.000198445256149, "la1": 58.999992894266676, "dx": 0.5, "dy": 0.25, "nx": 22, "ny": 24, "refTime": "2024-04-13T08:00:00.000Z"}, "data": [6.600537808674534, 11.966006888882108, 8.461849720567116, 6.6244930462118745, 6.474564236173895, 10.327175984566077, 6.887688501972726, 12.040990396752795, 9.475220505887622, 11.485173708767169, 7.660839870496224, 14.462948747340645, 10.395039325134922, 7.016465738241026, 7.867452038455237, 10.711242053827378, 8.920653832481351, 7.990193685378421, 7.225405398223605, 16.6066253455437, 11.946415873233638, 13.23769558341846, 7.206847674634612, 8.916183108805221, 11.913037048724588, 8.912109749533093, 9.634551422978944, 6.470557356470943, 8.773608186936123, 8.582485550462405, 6.328436195462611, 6.741353420414166, 11.820001818973388, 11.195628818749846, 12.226703579663067, 8.757894357790812, 15.730912630967644, 5.455337303529878, 10.129572855537745, 7.284537282790329, 6.225023416121361, 14.09133396190808, 6.929600539848309, 6.2922754145511455, 9.030897099492993, 8.067791217280329, 6.852110046036113, 5.464790284768256, 6.940598301587497, 6.3642055515504845, 7.896525569512954, 7.421085176778247, 9.673181832146582, 10.49917627686207, 8.186095120986963, 10.508884154227783, 9.018630173759739, 10.659568041348072, 6.1177336727799485, 6.710377498007484, 10.962856702148763, 9.024677459669073, 6.5846193067430185, 7.859214058021532, 12.016688476255093, 10.254858103219707, 7.678206185799766, 8.589553311953908, 8.984950146251878, 7.46895881778951, 7.317788704102384, 7.006898300147277, 7.926542135573082, 11.999273704771452, 5.318579473106092, 6.884950616225835, 5.727410457009479, 6.880044248012996, 7.392548489703813, 8.009365860704492, 7.3896114469361045, 10.98751685155699, 5.617919660740192, 7.652681812052713, 6.364180526912405, 9.964136051523239, 13.949883600438563, 10.805441468805224, 5.844498659210766, 7.404689384587279, 7.744077421469991, 7.161903649113573, 6.17069075519982, 7.5563140192089175, 12.441073977525749, 9.729432813317622, 13.564115087035747, 11.513298160403286, 14.940386275033088, 16.350204577161833, 7.309024372203128, 7.0543690665709, 7.979053685052844, 6.472777250370253, 7.957165360643537, 9.195249106810168, 9.28096193979589, 6.887657039752219, 6.265862383695676, 9.113838130283396, 7.268306281040519, 11.19232750352529, 6.634447456961017, 5.82735353694649, 8.48190490474061, 13.675499264711243, 14.55957548589227, 8.694670863008835, 9.133698882783158, 7.236507835777139, 6.176705559267881, 10.788931462848048, 7.0880477837122555, 12.523813858988273, 8.83854176557628, 13.938600740497098, 14.977414674884557, 11.410342325035717, 6.582514904537086, 7.094519538207741, 5.973213942920485, 14.952653113720926, 8.16484967466971, 10.076625106258517, 7.3428846725429295, 7.547595390438136, 7.48614065015897, 9.23235349102829, 13.337633031025533, 12.461568758041238, 10.030507173194376, 9.203995087068174, 7.156045389425366, 10.774743827621364, 12.62858988773285, 9.629578455447229, 11.111341616251172, 9.87753501057257, 8.926074136699802, 8.650243803818919, 6.273557323090605, 12.564080190531781, 6.888133798979948, 7.25868858004038, 14.717093771038542, 9.053591612764919, 7.359701725591727, 13.576432355380904, 7.494021771266419, 14.118333649237211, 5.69714942887506, 11.50967212213542, 10.740401308964532, 9.241429987168518, 10.114791165667686, 9.369278661925367, 6.1007530844534195, 15.755199986945206, 13.471371908063277, 6.908232588202022, 8.881510418433834, 10.992084355098486, 6.963808344333642, 6.810844116078458, 6.780540190424866, 6.962880474390626, 7.156360636400078, 6.139828955774819, 7.0770059080064485, 7.375241061271848, 13.341574262004002, 10.902606272748821, 9.855064485521497, 9.995024072257312, 12.517712285065246, 5.851688861243542, 6.408307565605126, 8.901407642997338, 6.426576766587942, 6.485747973751339, 8.366518497822192, 13.335876970627286, 10.199525443654451, 13.536248978052411, 12.610883038662642, 10.293983925342685, 6.157242668857813, 7.494847317499034, 6.788242374384525, 6.529360177001748, 6.532348897861682, 8.39653477760599, 6.595017715102677, 9.142599132938907, 10.685470845075033, 10.951725553331999, 12.012972798288045, 11.707485803721552, 15.822461877653115, 13.981664566839951, 6.224390552430432, 7.046573897565878, 6.639316562834627, 6.766899535599159, 10.440095900276312, 14.276368136343887, 16.05279032754481, 11.307989729926385, 6.2258614672894, 12.83606676536081, 7.720492021743055, 12.503469713305956, 8.87361023136128, 11.601146737171101, 6.871030280079945, 11.041783582664637, 6.376501949301601, 10.989728527433872, 8.516948058288737, 7.194529002852537, 14.25345766655825, 13.70033294966292, 13.360705745855029, 8.732041964072495, 13.010473117026056, 9.930718162536799, 6.488435222232599, 12.710471422644426, 7.765140815115076, 4.590939131607596, 15.068742296201794, 9.14590600175453, 6.680150409444132, 11.015760994774546, 7.889871679143817, 5.650809355955074, 6.563288137915917, 6.968145237606784, 6.359193855017485, 14.691662893006423, 9.82467286826284, 11.08361417281818, 16.814475265997046, 7.735915306720527, 6.602475540296358, 6.001221389960594, 15.828553536784618, 8.756442735454325, 7.8788421906917545, 13.195033143770093, 8.442801952595536, 10.288467289100485, 8.580436173184323, 6.832971252514257, 12.468468378227076, 6.6645268665421105, 8.046074862401774, 11.634656259107043, 9.434400878819098, 11.335664688630077, 7.412602089361406, 8.709513902016754, 9.024608755727538, 12.976083112656859, 14.549036824424915, 12.054244674528784, 9.3291078049432, 6.295129134672458, 7.054144033927286, 14.29357448846117, 15.05327880287425, 12.271090285859842, 6.754450297057674, 11.18563081459251, 5.952961917730796, 7.844956924029835, 7.066733172863219, 7.517651393976618, 8.531528099409975, 10.851559907093755, 5.562471057825065, 7.277535701315246, 6.113251246369729, 8.52935012869083, 6.28393130225259, 13.946711744750491, 6.3129717397058105, 10.863286150759794, 6.364694275603447, 7.819511154802598, 11.077356916820591, 6.252789808990472, 11.302943114499044, 10.306534476193015, 12.398240741802754, 12.278058614598859, 6.215691961322358, 13.925373099446055, 13.108854126903616, 6.655022304390206, 5.589874920287905, 12.762983384308905, 9.137450378125374, 6.675385827350595, 10.515950342828361, 7.284592565731562, 6.139512606802522, 12.82503341553257, 9.118963516153523, 11.771174573856799, 8.825999527949259, 10.730381574393014, 5.288751106950217, 10.032726097303323, 6.444778028087969, 5.458602546155034, 8.943543384699767, 7.001358466823049, 13.196957735584405, 12.013740237830545, 13.376089569199808, 5.75727957655874, 7.842627560689531, 13.18918615999223, 8.59493021078972, 11.60403752327738, 8.075068116145008, 12.801263441069693, 7.281292983823544, 7.4951558011879955, 6.734808607637942, 12.131089354733438, 13.05016881009629, 7.908108438175965, 7.292949363468332, 5.807309646598734, 7.12895781347892, 8.48053508890075, 10.975434684951914, 7.12031336054491, 10.74502986564721, 7.143963770007529, 5.595423216744282, 7.7151422258341835, 6.503230861719256, 7.659965358197869, 7.709978343630187, 7.308059661584165, 7.5011185800220685, 6.746892214331354, 6.793259018905532, 10.994294498610017, 6.530294921015382, 13.394064523993665, 6.481308067539026, 5.951627934233298, 6.397934616507999, 7.026028521364896, 7.343903695212081, 11.300555223366475, 7.155174856289729, 12.784999101050568, 7.371814012168195, 7.111063800297511, 6.232755209632774, 12.999933833475392, 9.988247764391959, 6.8120490781899115, 10.606967380384985, 12.009783190005878, 7.636825773178159, 9.34486257842838, 14.139486631166362, 12.46965532137486, 10.046129775019299, 5.181802663133679, 11.017140206497533, 7.260670604142767, 6.728677010723663, 5.497347146624321, 13.647508662866468, 13.817450829028106, 14.054898019133644, 8.058697091939651, 10.584152199637163, 14.98011126239653, 6.591162247861583, 6.80666299266647, 7.142325831213644, 12.026792760194182, 6.84071039159952, 7.682731480272965, 9.826925627861119, 7.499366059687466, 9.468288179724352, 15.782709928820779, 9.150779157406834, 6.995563657419147, 9.49753540419097, 12.734205195438912, 7.627823906661158, 9.459012875494485, 11.130658533253499, 9.893680726871874, 14.68833924318029, 6.428351847244828, 9.183417901722327, 12.675067983408264, 7.73453081623804, 9.750699363601042, 11.195366623414927, 6.935027803677229, 10.41604920198142, 9.964600888399726, 7.552510603201976, 7.030408242347746, 15.06484203446445, 12.067484320361487, 10.979856548742754, 9.767142845141391, 9.052119801163322, 7.680932320737311, 6.207917614462222, 7.187782288614929, 11.194458351218099, 13.53408314177575, 7.213399206847304, 6.571296786189698, 6.948395376797759, 9.644385215935676, 10.01994944500364, 9.79245181428241, 7.922925511942613, 6.337096877719182, 9.449851403947859, 11.526536973057585, 11.879901532358453, 10.816024996242955, 5.569317764868499, 13.196244374126309, 6.484660604523046, 8.792063893916223, 7.711499777743357, 13.683796793201982, 7.545618976766449, 12.878256156342253, 9.684698837373682, 11.290260750941174, 12.868101188473402, 7.734934244901844, 6.069661990090196, 12.744561593269472, 9.807428801353042, 12.229346659786259, 7.737194405972734, 6.98538580582562, 12.493236420715307, 5.215806658124518, 6.546885800796665, 12.846489527575223, 11.965799397285831, 3.421965156475805, 7.02641275483866, 9.680600930628737, 7.628091363780055, 13.919415211305667, 11.758237277604264, 10.972813605670419, 9.984269403858246, 10.437511684365202, 6.6208325068604275, 9.636164153740872, 14.513690703610466, 5.767398739739737, 9.814932703745095, 8.416123275824473, 12.583748744736207, 13.22620847451045, 9.014121198018298, 13.967715110799467, 6.390266588134728, 7.485951144252865, 10.742039694126346, 11.272482204967998, 8.577189949054283, 6.883051803099681, 12.552110639185221, 7.735357615567591, 12.273195564238184, 7.160985138265369, 5.832016607850636, 8.140636253116579, 12.2730370947596, 11.905767883036363, 6.465608558574015, 13.121220651549192, 5.883302134195117, 9.430170713948362, 7.687248678438383, 6.722437988786604, 7.3704523561506505, 9.437381355903511, 6.778948858053137, 13.071396418338491, 5.8767415940655745, 10.327081540447184, 11.096813006776886, 6.034434507679876, 14.611658385546665, 11.97294156129997, 13.05110506808932, 8.545556611936789, 10.416558661154339, 11.79290304647861, 6.931044209629199, 6.970771456412207, 11.43019022780639, 8.71095220645762]}, {"header": {"parameterCategory": 2, "parameterNumber": 3, "lo1": 6.000198445256149, "la1": 58.999992894266676, "dx": 0.5, "dy": 0.25, "nx": 22, "ny": 24, "refTime": "2024-04-13T08:00:00.000Z"}, "data": [3.4288620880213294, -0.13907282877402874, 1.4987776638560546, 2.798072090907068, 3.391114744458794, -1.300849268260728, 3.1585909172699447, 5.419165522292327, 0.2804783737033243, -1.264488747833852, 5.060477401509174, 5.92819251086217, -2.7231224234736184, 4.857554318062475, 2.0288665030516593, 5.591494046771606, 7.99336742048176, -0.2841335625018028, 4.16867464742279, 5.196909431070314, 5.211527881395675, 1.487674291755667, -0.6467473214538968, 0.16178735694233692, -1.0365469789323554, 3.570413696845642, 4.675052811975893, 3.318760085347807, 4.909182072750019, 5.019604998429166, 3.514108514815189, 2.0596044822815163, 5.960087448982609, 4.43642861551724, 4.118988464882427, 3.592857079177908, 1.9795216794991854, 3.6288233550596662, 5.748280475721429, 4.707968975042001, 3.2370625694930784, 3.100288295638875, 2.7077172144610637, 3.928808562178328, 6.955774798332224, 2.163477409033104, 2.2288407768241507, 3.5001899369013745, 2.575286514612258, 0.9654402110299737, 4.101045350844711, 2.985055981747803, 5.491010898342121, 6.371119236863793, 2.2788756699052057, 4.635386174909247, 4.835648713588634, 1.3329900453654047, 3.7676154197578944, 6.402415835373188, -1.1887836835632306, 2.1938941597730963, -2.0313592877334123, -3.1171762969543244, 0.674019999836424, 6.493877812433878, 3.548896439973791, 4.724006729843386, 6.252914126878101, 4.0929071748875945, 1.862883366626176, 2.9560130984423756, 4.242695316398171, 3.1873133948006878, 4.796341072454997, 2.381219873512724, 2.6039532420729476, 1.6878687512082677, 0.34084052582354374, 4.985488057357458, 2.1703224468118405, 3.8313401143940005, 3.081108591040802, 1.616047580141252, 0.6120104993710664, 0.8858657969891459, 7.915041639750102, 4.814188421142999, 6.081562444371272, 2.506485443880545, 5.3994116031026556, 3.1283536794597393, 2.5331162144656445, 4.929596638712655, 5.445481493859567, 5.950034541952843, 2.1318562185097827, -0.8038104422317293, 7.08301394899471, 6.181887306635049, 3.2239453180748856, 0.6571148047798981, 6.209329028157174, 1.994751699920244, 3.9495411375563743, -1.5735099943149382, 4.446383616312332, 0.8308020391731157, 3.63644023089422, 4.289016413254516, 6.172535512823987, 4.788132790393565, 0.9251291980100282, 3.0824787015296056, 0.3514940914877182, 3.6660644330999808, 5.286513939437402, 0.7737423329173508, 4.882828397175869, 4.308301815551918, 1.9218614603950288, 2.9001591386996437, 4.269564458619207, 0.8006766191180065, 5.588110963348824, 0.9852813610187487, -0.21935894076854226, -2.326441758264969, 2.89649603719172, 3.4417209236281225, 3.7297351622163344, 2.1602666557927406, 4.547058902261905, -2.7474529272345114, 1.5364593226635994, 3.712262738658227, 4.776471102932122, 3.1637708839110257, 3.9212622175630227, 4.2160486999493685, -2.0519141928362927, -2.8826652742226018, 2.899637279586933, 5.175819514541059, -0.26040412549885994, 1.797713820820601, -1.9158295089879158, -2.492568545091401, 7.519619126913483, 1.6419977318829304, 2.5492330568650683, -0.12559031236719947, 3.373883164253535, 2.43235301209549, 2.5428333534393692, 3.196067270534008, 3.6664706024887055, 1.2684253623155999, 2.089896034969568, 6.404012744090506, 1.0463864581171165, 6.685384623183803, -1.6339262398063588, 5.265334432739813, -1.6098516061727264, 0.2238038843856329, 3.091409624531095, 6.2338351792785, -0.35648430498751504, 2.5525861949668744, 4.4809855040171716, -1.021997121701911, 0.015441345133828234, 2.5454125777876593, 3.742088399042003, 0.05259577845916282, 2.4975111897522058, 3.8176200676452106, 4.433486373406637, 2.7403925712211015, 4.401119503956199, 4.417246038782943, -2.620885091920463, 6.831268066932395, 4.467401499741228, 4.184465050534903, 2.8577502711147793, 2.0281780598464607, 4.74701774205281, 2.650288578498979, 5.909639007119519, -0.40136511926186186, -1.7913621090477676, 7.2354879768664375, -0.7969899971667105, -1.5898270448213985, 2.0157445372569565, 4.017733306982875, 6.105371638886103, 3.0672212169569435, -0.518833448363721, 2.5828119975978545, 2.7943598684753406, 6.514307130496311, 4.1483439654016045, 2.414794212941062, 2.62343164552101, 1.4567060851313263, 7.678736217233445, 1.7206259004038331, 6.116609666510842, 4.6293348724304755, 3.8298011335066473, 3.143856368632579, 5.920905740490176, 2.874622631240323, 2.6789967470456433, 5.921080102684169, 4.72998189076496, 4.181890818387238, -1.048519991462407, 2.039649525412844, 4.69813582891485, -1.7297105335474978, 2.712140191030907, 4.696166311687375, 1.718966391693585, 5.121553129467733, -2.2778880286964127, 1.3871561370798104, 0.860580774845507, -1.050058594295577, 6.923201861700081, 4.581491533626298, -2.2032375157673694, 5.541349613482949, 2.8969971067450326, 2.0357211677350247, 4.570775670162945, 3.779299304747267, 5.481414067338978, 4.19170691496795, 2.489072989342411, 6.803685855495111, 4.5704103758816395, 4.142547844910538, 1.4317911417755813, 2.4564713471775432, 1.871220803709242, 2.0344089773854113, -0.6831094070157487, 6.708752482471622, -1.6628425332961783, 3.6694848165253493, 3.9744827022302696, 3.036923704979009, 7.124951650904581, 4.179661700846745, 2.310925075867702, 2.2523321255290982, -0.023386390588049106, -1.1835171482406903, -2.282140433114701, 3.5541553090715037, 2.1245905556814164, 1.0621174223751368, 4.6659335985647745, -2.05910018185766, 3.234761200787551, 4.2380898801065845, -2.2698748212877313, 2.2591850739854826, 5.570036280823214, -1.1646945718175377, 2.676764135417224, 5.279027727596977, 0.10973488200751542, 3.22571343713045, 2.7669325686047506, 2.781563829951985, 5.68319863163776, -1.2958762363630694, 3.0241517667560354, 1.0338366844187905, 1.7066040181856346, 3.76329389535502, 2.482936938449501, 6.232345181241442, -2.6175511196213987, 5.17230271048278, 6.039107770256961, 2.445693457121729, 3.4481640612270836, 1.4653906045001035, 4.392130770226969, -2.0457506328782062, 6.173504672219497, 3.78516835271015, 2.490209387026323, 2.4627873164129737, 7.583485151602986, 1.361992970169962, -4.229958468580342, 6.138921919643418, 3.398123099402769, 5.33153980963663, 3.545464283439581, 2.4576074132133283, 3.138904284316212, 3.1934544260069715, 3.325647924097032, 1.1375019569535414, 8.162495404837879, 4.022144909193594, 4.225384982904632, 1.9659441893148186, 2.3536101963878355, 1.171826442564102, 6.194994289874973, -1.3305890366774225, -0.7483730493096319, -1.693669439736615, 3.871876594508037, 1.795196414474511, 5.163267312983411, 1.796008637092724, 6.43767490249821, -1.6592538601803841, -1.1353176334239807, 1.5231464319943315, 3.2732337058040613, 4.352088397502552, 0.9442349303253215, -2.9690122197790068, 5.9260112009776, 2.2727495272923655, 2.8325450269012307, -0.6698222186416898, 5.085769168707428, 2.783135229347706, 3.6217875006373523, 5.72113259901542, 7.176877503407744, -2.2550946219284085, 1.7846683717760556, 0.052020485223378286, 2.723217304894264, 4.416341539236769, 2.2981240045368776, 5.654074682085651, -0.561193776283393, 1.7208544159340573, 3.825308121272252, 3.9930585738553828, 3.4230254966318294, -1.8175517297289745, 3.4859877818759655, 0.6462512470052696, 4.219045304901949, 5.640768053981556, 3.2953334287526443, 3.11394959586542, 2.435215748610137, 3.4394848205465713, 2.209083864113587, 0.045097605709271515, 0.8620716383780904, 5.1489423060919455, -0.14740014806649765, 4.581935123889872, 2.3916490748301484, -0.8999967995205221, 5.969133229094121, 2.3718875155719763, 3.5582371223425615, 2.025871231659079, -1.8995030204099168, 2.544019346078607, 5.10383657227851, 1.3681055129955086, 4.015382133051744, 5.3043952180424165, 6.556887009890189, 1.7306092814664045, -1.8342702293807918, 5.4560395106735955, -1.7165278597917077, 2.6757699541088606, 3.2187567386561304, 4.666408098517762, 2.2150518933303887, 5.991492404699651, 2.503062400177505, 3.106260743657652, 4.282528354990142, -1.938064393166726, 2.4702638818815954, 3.1030132293664354, -0.7100705528760407, 5.001777385329606, 2.47569201310528, 2.727919159119362, -3.1278941955304793, 3.5600143645099265, 6.283747536218462, 7.801934293643436, 1.187496172855659, 3.0051738116214826, 6.3818267481066675, -0.5168066728139159, 2.4521174827190277, 5.77845352029839, -0.12885773059472866, 5.4986449715492975, 5.916775734370247, 2.943201739053429, 3.5292271348976008, 2.3502649828620896, 4.5628155396632195, -2.205206740169198, 5.1466562341468975, 2.3073465548339223, -2.271154341912874, 3.8673237237917957, 4.624736486285693, 2.4783526330927597, 0.4818009223524108, 1.8318901477832148, 2.65952071895639, -2.2056335599382804, 9.561201195163047, 4.362462701945893, 2.9879869224558906, 4.988868406702928, 4.846554601286909, 3.2239570937971673, 1.3316017186549476, 3.672828830383598, 3.0621777231281357, 1.477523173290888, 4.541527248476465, 8.439500258453599, 4.501971685222587, 1.3206490915038709, 3.09061504295973, 5.530862722846366, 5.932511502142967, -1.0800894990260526, 3.966680562078656, -0.3633243776933972, 5.4140895659614054, 9.878054533677355, 1.1587313411438103, 5.4265485899497845, 3.3900008591155397, -2.0114236451222496, 6.762827567040446, 2.540947566962682, 3.801949578960421, 5.775546952555107, 1.1295874398130976, 3.8196990731763023, 6.076446834771808, 2.920711658138186, 3.2230680326674523, 3.370278802449247, 2.98971157184865, 4.100137900857832, 0.5682058408886943, 3.221525734653983, 5.405210470124175, -0.7225699384912588, 3.9749897301595976, 1.488957309960591, 2.5642153117961444, 3.101852535166257, 6.184900951202427, 3.71414915113448, -1.5682298822185716, -2.1769415041849043, 4.108038220747565, 0.8649959068433218, -3.3567996869001617, 1.615416299180566, 4.349124657534634, 6.21503580937495, 11.514793895551255, 2.7943233903390547, 5.519187360457701, 4.531601205416435, 2.395246022507431, 3.9436159094606307, 2.475030804454171, 5.198560432575975, 1.1642192229468886, 2.9206490448302294, -0.14422253881415603, 2.540840499773073, 1.2025431310470651, 1.9663438773915085, 4.0319943100278435, 4.163194424170232, -1.6351469413174098, 0.6703406471243132, 5.276328820185386, -0.8873095527094229, 3.357115113603745, 5.005866795728522, 2.458034774952269, 4.52257395188525, 2.8791926321599117, 6.729120921329831, 3.8986467509164413, -0.3347416912934584, 4.951966001035024, 2.1064414887281986, 2.2270109864843186, 5.707116087188039, 5.383216260189853, 11.473043295463285, 3.56564898013835, 2.857586374208627, 4.178657704760318, 6.1878835928362355, 3.7265210274251035, 0.6639367995395092, 4.217060190788167, -0.36219715859208007]}]