script/wind150m.json
{"header": {"parameterCategory": 2, "parameterNumber": 2, "lo1": 3.000054539987559, "la1": 64.9999836372058, "dx": 0.5, "dy": 0.25, "nx": 34, "ny": 52, "refTime": "2025-12-16T08:00:00.000Z"}, "data":
[rows 0 to 24 of 52, columns 0 to 33 of 34]
6.817390966456399,10.234156365980704,5.560485674450037,6.077018789980425,6.225765935584966,7.065758746187145,5.369375650407855,5.770243750048421,5.306395282051653,6.7573366128964745,4.100848310724347,3.823311007468163,4.1546994457849955,5.636907598044358,4.813799378359085,3.4854041422754927,1.0398113313882282,-0.18666317441244024,-0.5565545593794771,0.17897243432958537,-0.06282102917266993,-0.2037531881713818,-2.708545903224324,0.34085927069593525,0.11075302059094393,1.8113067414374646,1.530616795937757,4.803436414326645,5.172078393376008,5.420327618662868,0.4855497534169301,-1.4033921623146488,1.0385212840716938,2.467595988197383
8.933771784292452,7.907073008858975,6.882501400222715,10.098769897516492,5.866512458502253,6.67537499855818,5.989454098155614,6.563655014201814,6.568101308281045,4.9181434726698585,5.281600801333998,5.4657954436905944,4.111739015210943,3.3201828166684724,4.198316239531158,3.8177021529367923,2.286861629636943,0.49694700133288444,0.45151043468226826,0.9357419957807205,-2.3786473106046535,-2.1021499560476773,-0.3520106665897011,-2.1260522171113534,-0.3140540936049832,-0.12947894469580126,1.4558952574529958,1.1317342816655869,3.534138128917009,6.6572130093670365,2.7363826300234155,0.24587399541337832,0.13036094078469437,2.0301122331867476
8.01017633110094,9.416868844456564,8.752160465189105,9.8504643973622,5.549694181000126,7.3837924479874975,6.420484641020373,6.882577263397065,7.808477951700883,7.56977166028602,5.770804289647614,5.326132103072195,2.7872042968331487,2.7546310645183696,4.613821924130576,4.984483539540496,6.343952567495038,0.30644500556200654,-1.137105961337396,-0.9346171304325486,0.43793814185884616,-1.0109555986960257,-6.954956025684431,-2.8833418786128147,-1.6125058856679817,-1.026674309899474,-0.6713698166468278,2.0368466679748893,1.4670945996649647,2.750265914179143,5.740792946424549,1.2749710749500263,0.43240603228965324,1.820608248105633
9.187611872850193,11.653453249734234,6.98748292706492,6.551762163363429,6.573723964199516,7.439850591325381,6.852704393478227,7.5854836822477445,7.3798262600217885,10.555806154014254,4.565957135080497,3.899282152393562,3.659795485813417,3.4800306031379264,4.586242662789872,5.838225808909341,1.1312355479074094,2.655197402769628,1.8977333213269254,1.4537843396288983,3.758347805876935,-1.172888112596564,-1.2634315844898791,-1.5151248538993354,-2.8875298713614486,-3.397272200338268,-1.2288583536827773,-0.5590084611422818,0.37055390901047014,1.9321358179104955,2.7448340799251496,4.747719596640501,3.7477906221382913,2.164844693690233
12.42161418250588,8.485099432304855,7.176903253151845,7.6739546887507455,8.144565454713728,7.579542265661893,8.006228297231239,7.592755671785456,8.211936561198362,6.597562960168922,5.330239857300261,3.4420840136081097,3.8874755549295656,3.5286169537529615,3.0809052267561277,2.554998985274715,4.109396481531887,1.5139700966012706,0.9334401115129377,4.786747610786112,3.977390781045128,6.415496207401163,-1.9396495875527753,-1.8039723433734127,-1.5828420742415246,-3.542210388772296,-3.564733743835062,-2.0842257867341187,-0.33183951604267853,-0.2841352951482421,0.7385000941648546,2.3472292620101505,3.194431823475516,3.100856770618641
9.525063966326664,7.531774288393552,7.145763736345256,8.59254123389264,7.956437417576915,7.645061378243085,8.219128947897767,8.025790169084182,6.017401294642835,5.8565871614308405,4.0081873101259955,3.6810604561479487,3.1009998722276007,-1.5981600885276248,0.05516144135957429,2.3995078444591615,2.93282549971752,1.5209982637005721,6.38379271476507,0.928523265030998,-4.520821445823791,-0.8473850578552944,1.9142565920878558,-0.5864762462933683,-2.3056438810575166,-1.7570614888273803,-4.1658744757956825,-3.6533412914943537,-1.8673877235461678,-0.8647936206708625,0.013017594874324278,0.3143750497517716,0.978457345837109,1.7973990430071318
9.176668795170075,6.914704891469753,6.958941688130107,7.648105854125597,7.7798148585568825,7.658245219321534,8.090066941586672,4.529054042706114,6.783706064710352,5.610505541335155,4.388301241272289,3.6777945566995753,1.152137143409137,1.5782254486341427,-1.3579688725620858,-0.3654973222400839,0.9355523139247799,4.049332312000246,3.839063251260397,4.764185827712378,1.658637299192024,-0.8175298150291007,-0.6871508447326401,-0.7320319690431717,0.29340975049068235,-2.5763889976865815,-1.6967598202631928,-3.713803673670091,-3.3499028967123468,-2.890012327763445,-1.9903911868981958,-0.9406760326769968,-0.9505337129259813,-1.1505211223990541
7.550595682772721,6.762533324490062,7.3696487752690105,7.996174751184309,7.025008225474479,6.229944968492984,7.153485208763122,5.960010895458996,5.442173895406006,4.196042187484097,4.024263230414523,-1.8857590184670492,1.1614146741292446,1.002548777536698,-0.6328333257074317,-0.021600492440971193,-0.4715149458667737,1.5304354435116085,2.3075957125871773,3.629845479637991,1.485040243742681,2.926704127588491,-0.3041937396699986,-0.47339183503270454,-1.1134676742281255,-2.3830712517528267,-3.0462293118756825,-1.4367823471765722,-4.377335086390948,-3.13317524906974,-3.852522743136812,-2.7187998941776526,-1.8473894092975611,-0.8573201302573775
7.210919054530208,6.701860196029712,7.008218151760783,7.755040400569394,7.385571823221164,5.457342131284092,4.822957161262767,4.887765441944797,4.168282861222786,4.681893774508106,-0.39384927261772623,-1.4289476068176286,0.22445528572819795,0.17088384460914152,0.9683334298180071,-0.7132147751619454,-1.5546593552650296,1.6704358757593125,1.268157571649493,2.8174206991751563,3.1498559906614596,3.737321499343365,1.5692030918263122,1.722278182795069,1.3918792850740669,0.5621270653945122,-1.070619388953594,-1.8215567716362453,-2.169845223677396,-3.7415503572113393,-4.770850182519332,-3.3957662320974364,-2.2915502162447257,-1.4232091223664036
7.541878717454355,6.9665589738778815,6.8192808765771,7.891791896704947,3.798437826039513,4.948176108728832,4.9978837271395395,3.8477615184573843,0.24031167046783986,0.4431050219586558,-1.4345929114730789,0.16136680191965574,1.6704815979504877,2.5128641720935625,-0.9453742537154095,2.8019363252705083,1.7779921630509679,0.61198354323121,1.5289485585041886,1.5000943970604212,3.4790285308410653,4.344480694983973,4.974259126456796,4.643620142598874,3.588721707450912,5.068718431438507,3.972257605500714,-0.5748119214902593,-2.588126671598364,-3.758440122428228,-3.7642009029290455,-4.013988290806733,-3.1709564377746133,-1.8373478465925495
8.176889519515106,7.065641069823595,7.013257766644746,7.445553449424868,3.81650735047351,5.0044571646579765,2.1468838868692437,-1.464938454414623,1.0138394977820953,1.7787449823397021,2.9588428791534716,-1.3467222553853204,1.3262686174068277,5.313881364622127,2.8446867457541183,-0.0455249131588107,0.47021966611202703,0.7417727427724002,2.6689621562010895,2.9817454573878,4.926359346171719,3.527924162982293,9.828679397647099,3.9673275359516613,4.787295332095048,0.7614284151728686,-0.5311346253524978,4.739108341365647,-1.7195033776962052,-2.4603357713932135,-0.5937298510464837,0.35671088976040677,-0.29120048498668927,-0.7649338521436763
8.226263403227946,7.410411492252419,6.619072745256496,6.846325354161748,2.398764339607736,2.9156642953893415,1.1198931741756546,-1.5435273385427013,-0.6464393921952017,2.2962162218814774,0.44415902853183065,4.553955060007411,1.4495780039529214,3.385372528686465,5.205349062948675,0.7558473544512874,1.5276316894788697,6.642667980319387,5.482715495442788,5.358821496392445,5.901240477155747,5.980185394455704,4.735717872096322,6.903364359278959,3.7839015076858358,4.275530573215037,5.626176776349291,6.969349372827625,6.476082169468407,3.345241574692084,4.938286820439012,6.236673540924568,8.04855435409039,8.25258718632029
7.576836932662552,6.901803670867178,6.288947148471418,1.4465716552672485,1.5171630583896125,2.1886694651339726,0.8044521139582459,0.22259871003945755,-0.0698384464303608,2.545946565106841,4.156355161597554,4.9082136363174955,3.7698862560556674,4.421596249424579,-1.1906600554510511,6.304343687284193,1.9283376720592014,6.92953033813794,5.987944458505548,5.087690582222298,4.717779062643137,5.3512704657480334,7.505482261067346,5.877395064895285,5.409712713995815,3.868400560842955,4.557730320852032,6.423594522736509,5.630344462029605,5.279152060173533,7.860720187848128,10.287000126471181,11.632969454249492,11.380529691231173
7.139021899638833,5.8412669126415775,5.264899446288165,0.5604842092953237,1.1418194267118567,3.0108410916446773,6.940999061455508,-1.2889912848813752,0.11150963612255559,2.7144236158099373,5.027250364607034,6.043329897868593,-0.8025362065633238,-1.076716314222432,2.1774040249062208,5.918125991300717,5.139837471918534,4.573572833224137,4.297144835987287,5.802947523218469,2.055461771106906,6.182796552863383,7.358035117974853,6.573308186269977,4.069186222011467,5.904057571043076,7.465130333025151,8.149886839452405,5.367966231093243,8.512179966148459,9.737259817196566,11.546466743653074,12.67199531298131,13.965923210584466
6.371488735959821,5.2623942551382346,4.741576651324309,-0.38563173242932824,-0.38913900929145767,0.9079815084754854,-0.691678365314548,4.772993581882463,0.3260136157149892,2.2423174587938823,0.032321830846552775,7.1620382566019964,6.051322792345486,5.34947425859585,5.560689989776781,5.201070939667458,-1.4016551486770263,3.862157075691446,4.050642322592486,2.9828451361608614,6.697971638278705,3.1460031941285447,4.239358764217106,6.298033133475435,4.298699064668706,5.654632127079569,5.858650895679852,6.918772984547338,8.6542782345713,9.433873002077659,11.058802509493505,11.68796831467069,13.434033518262346,13.814658262002451
5.666734575378252,5.4056212923780524,4.173551866496258,-0.8753504874597287,-2.329174590252047,-1.7202059660704998,-0.4671358050173482,0.06780113017015357,1.1688192187563502,1.2774874577033921,2.3461700065009743,7.11818087499507,-0.622886282154707,4.210723584109535,-0.028991012543811454,3.8218041197048063,6.102428347525419,1.1049405158566232,3.987663808271929,3.18485440630684,7.3198339076848695,4.4557465003182095,2.0893095666571853,5.0039325854135415,4.176066431114644,4.73172271229446,6.73372678353893,5.9042138712039005,6.296387036317235,9.070966695736061,10.775893318724803,12.550933745463269,13.372870883631359,13.322080907917858
5.640830812626993,4.785747114032831,3.9971961230835027,-2.0231127300660603,-4.539363560936731,-1.2169835811144374,2.0572159731839137,1.596128871382242,-0.8109917918994253,2.4802477546580133,5.756473072390635,7.357669611317919,5.14569120264453,-0.6255303099013121,-0.5678224022971768,-2.7717139477494306,3.115344754539617,1.888081244974743,3.1592999805414648,4.198532888029441,4.95044374951225,4.026088656111267,4.565895916239684,4.506302230857721,4.669741359556592,3.3762415626699154,5.090025194766158,8.732845071894152,6.332458299049499,9.686550664963955,11.6639693804857,11.739619830700605,11.981287158278079,12.855089163172073
5.26797306748863,4.161298348637537,2.789916611224537,-2.3898901749974835,-4.601684094171335,-2.7967973740176717,0.9148101914850411,0.34657871625450604,5.403712048759123,6.959105711851568,-1.6567113037765129,4.0668269932569,0.7245984014598574,5.523559287907405,1.625457538195253,5.413358376719077,-0.3955253105771085,2.880461897172902,3.093704500617189,4.973074739947185,3.7893114230820597,4.259824468840793,4.86479924316066,6.075168836055107,3.389794147380156,3.947911954973531,4.430301870695864,4.870960118040963,6.607036245713311,8.957251887510647,10.107353053354052,10.904165545035951,11.059983591720885,11.623889142556388
5.351935006640853,3.7150134437302715,2.8417232139643094,-2.5783946294542774,-2.203020183943668,-2.1850499140923287,2.1068300478669952,1.907546578259977,1.4600747275867483,5.288489429733702,5.030893402406559,2.2600724538486956,4.562506776515909,1.547885976577913,-0.2409775225594027,1.8653397853268223,1.558918521529364,2.6141377184945407,2.9973082839605434,4.183129749143185,3.588443520651412,5.487313585788446,5.0887343235229965,4.659688483127769,4.968975542739797,5.180972802970974,4.392393068898819,4.158889588699676,4.963750389257345,7.1275478303935005,8.096120122377712,8.0398863600343,10.317231579343742,11.401076555990752
5.125295179897004,4.393184663474529,3.681719620027883,-3.3315718932504064,-2.419668153075121,-2.7124656532210603,0.7001795689459158,8.164497834530543,8.236720888200278,4.479898786212928,6.567541943136912,6.941822687074933,-1.4315861959689065,9.979806698398285,0.9763126175689772,3.006164609305255,2.8802345280720547,2.81133890715364,3.222745813675574,3.7068700449128644,4.233123320528569,3.491760936913927,5.005865120237532,4.690811681101576,4.161129538438509,5.8482298302961935,4.139777930886437,4.400130290492741,5.002917517370973,6.1796468131247915,7.122983986701459,6.100786079739223,9.41985270370336,9.935960814122492
4.251743320666495,4.314987606687203,4.348468666223177,-0.8163388302675528,-1.6101613234343841,1.079763405871177,1.1145434807861607,3.9691585729868977,6.060547202945625,3.587088334618557,2.561193048188949,6.132340057513078,4.661637057087512,1.6443047422919856,3.1769536708052315,0.24807559889016798,3.2041994591838536,3.0324558202109206,4.249047315312332,3.9457676227497287,4.874761531839331,3.838383086121626,3.9068362626112676,3.9339948697172153,5.00291772953918,6.753774420190837,6.585776763380136,4.902497350426584,5.4448048974211725,6.609611609064322,6.517930664573918,6.572924217809912,9.004076562502288,9.444464971185502
3.6602116761611985,2.9442206609779453,5.408300249990196,1.3025767591983366,-0.06371890768598601,1.4795220727596035,2.527484057935417,3.6349435627753865,3.9073861798717973,1.6382989867569733,2.6019545547414973,4.344804160126945,-1.1836324413792187,4.761256100521896,0.11496179583055806,1.1970092999828426,3.074349776428902,3.918615955905761,3.9610213119388376,2.342556308800831,4.316579684919197,2.4131639495415245,4.6372392240026965,4.917973267042537,4.9912848495635185,5.127763550838489,5.466999227767189,5.361235870823667,7.377609059820689,6.269578857422859,5.7427248773720825,6.910645274500925,6.410436576465692,10.427355581191996
4.744970211875279,4.475941417258738,4.206792955619119,2.2976797397721134,2.0187901206649235,0.9631552086835712,2.6468720161337758,5.275559209489164,6.895903752931749,4.917424680378367,0.22365035757735,1.0426535120190497,3.4538100463589863,3.505374446115429,3.539615960693978,2.8870566370048616,5.106973823839745,4.40972979747557,3.711856774255935,3.583616508589221,3.047539184942986,4.1790744293597495,5.194630941751207,5.750543353660124,6.01144695458529,4.673290855217361,4.709545755771339,5.117670023152737,5.799518503107103,5.3118747938579585,5.2809318199397115,6.522470598191997,7.751934934849471,9.761269481182351
5.616325431225593,5.71295436622399,3.888024437457534,1.693550999780995,2.370065206818309,2.5415542801527833,4.1086112566622885,1.9625824829598406,5.942494073568057,-0.6823563396140859,0.9898528521058096,0.45417424913996146,3.4829454067297427,2.31401582486754,3.8584834992256503,5.5748026508897635,4.616469631667637,3.206015163831638,3.1161094340477784,3.320822514466647,3.917043827935409,7.180292842723598,7.43119914959838,5.131073068889561,5.1156225295520095,5.085762349984623,4.251901640270452,3.443125696112001,4.909951375767933,4.840595029104951,6.315916132941106,7.2030978005012045,9.815538050047756,11.815697392239043
4.568259240462634,6.108357044394046,3.7534937948871185,2.3912012782159175,2.6978428648022863,2.088432446564358,1.328795021129928,3.497445311747839,6.046532747824819,1.398922219400726,2.9806489318869778,-0.015140818933578411,2.7013411947484376,4.232888266281133,6.345511975448138,6.713972975813576,5.052862328601365,2.6823436000376804,3.5646891951841146,3.2724980234165972,5.265556860596131,6.127469246384349,5.1360740735665935,5.465527771734494,4.114778265048271,3.777367407231577,3.0534558294089122,4.724120532767376,4.116088137615748,4.857258255682794,6.526918720209934,10.469776343571493,12.2068274150215,11.053189197436689
