script/wind250m.json
{"header": {"parameterCategory": 2, "parameterNumber": 3, "lo1": 3.000054539987559, "la1": 64.9999836372058, "dx": 0.5, "dy": 0.25, "nx": 34, "ny": 52, "refTime": "2026-01-06T20:00:00.000Z"}, "data":
[rows 0 to 24 of 52, columns 0 to 33 of 34]
4.005711279722549,4.012488091217467,3.3740370808671494,3.0876530341102453,1.798805218033303,1.4448127778267077,1.6152931056070152,2.1372301469392156,3.5233472758649214,4.896491120374359,5.086265361234683,4.836128626063212,4.652343775712316,5.740890939158717,8.22465083601722,9.163763250635117,9.1369709861478,7.816358613296324,8.697208244077869,9.489148078953395,7.7488199089939735,3.723674961960813,4.998835959525068,6.501979963643716,5.364133876007858,-2.21938401771328,0.2662041636536278,3.4511802208450097,1.4889080329185669,1.6490479094837567,4.638020630081617,3.372199614876678,5.447948957477455,1.9644245429597778
4.549986242011016,3.84809907999814,3.3949629462666304,2.852196790817163,2.718530470506054,2.7724086422176772,3.1874792951811393,4.036923662287899,4.055859624594978,4.239455470620624,4.414985524829087,4.270886553259801,4.915387084791286,5.410464461367206,6.026195652053365,7.38963766818718,6.836901032448385,7.372367228701297,11.78165286332907,5.3336548202778005,9.50687348459554,7.097118214309784,4.484939316609851,5.998920306402527,0.7000925145156781,0.7678407602217686,-2.414344178126962,-0.2703223514861669,4.7979752308706844,5.427963530543973,1.9316807863059307,3.046860932910082,2.104565678606677,2.95976850839424
4.477800034651199,3.6170312271804463,3.1824482099547473,3.409929892502489,3.458440032607806,3.230208060140513,3.479808287022451,3.9784146346059197,4.466152288294274,4.883736307850153,5.043928650264747,4.952612501216637,5.087614200327668,4.660477024203811,4.2696106688244635,6.014015837521335,10.622895472403027,8.922554633437079,2.271428882933177,7.112339288375335,6.8422820398470705,6.309555561052274,4.8749660895425455,3.9651050269310453,2.862162820280193,-1.533747755923468,3.9196481112868864,-0.08216897184363033,3.9636949791725535,5.00045800958855,4.196480444858235,2.741073118150537,1.0579226997076348,1.8872374925805442
4.184243965790436,3.573379827775604,3.0631611530343825,2.5878172350247493,2.5368926715375992,2.4554488912711423,2.416625580088197,2.819325599547798,3.2221013413676665,3.8569930156135386,4.511505243160106,5.771623595608482,6.815538112363929,6.966061820157562,4.9141181356410515,9.57771145910632,6.786057703541236,11.63920800127495,9.926859347934377,6.430424775799893,11.527164576269367,7.822481180274559,7.203314199895018,3.3136133809989414,-1.3247708113028538,-0.19972707929213532,1.4411766161362147,1.180159744550578,2.496186053135378,2.59567105006509,2.514642387876252,2.066907394081553,2.175759426435219,2.265508524777321
4.3789395258221075,3.6376474234165395,3.134257703963776,2.6982998908872875,2.559545176299513,2.5578527143151657,2.0998283734709386,2.302313270793155,3.140802254172153,4.630575128306915,5.763525483972385,7.748495150509924,7.9613461574084745,7.377192525042626,10.272035701137993,8.519210978409138,6.6373464183560635,5.3753214254520065,5.249075079393448,8.965961379093462,12.171930621324728,8.781225165051392,2.8139173223829217,3.966431289548566,-0.07265800771058632,-0.3319946624767224,0.7629949273777933,1.3783681134365473,1.312476503786979,0.8864624076811474,1.6848925632695544,1.0766703447208454,0.30327985553651987,0.5282989840990008
3.5097457968902646,3.1208903418089737,2.3215159860704704,2.1121202385499607,2.3666985080403355,2.244112062485341,2.5629178314999557,2.6399044039606077,2.8899362573171437,2.2558905365360262,4.196119807538281,6.087145235156038,5.748338242787228,8.523938002816035,5.271847355494097,4.634004961374772,-2.9730600616302754,5.309399666325613,10.31370240083738,9.204379605792878,4.011050106556059,4.522263043608123,2.2116762407916997,-0.4778262993059184,-1.9007605093454347,-3.3386062667042533,-0.4180321493655525,0.331678538758966,-0.2923230864633745,0.20691928097760062,-0.4077128147515695,-1.6431753983365551,-1.9502541505726538,-1.3297232824181848
3.091751084732633,2.8169744071997673,2.0746489519812643,2.2360004722837497,2.51827699230478,2.5981905998608257,2.2921972717777552,2.369212470107074,2.5665362424280405,0.820989958205516,1.0075493462402816,6.609251175404335,3.117579189675329,9.592714024067877,2.9300119770450697,1.3615265714389684,3.0093028184871025,9.220597868435206,7.9985833333137535,6.354302967987858,3.741660590995019,0.3885530440653326,0.6663937387786872,-0.20928060354759628,1.9295954777303188,-3.508277031015214,0.2945850596363164,-1.6118918976351018,-1.4058451465235708,-0.9778183672555462,-2.870076008097465,-3.805938612487332,-3.8232696791464953,-5.13268973961715
2.486670768752271,2.2463218991420693,1.6075484363794728,1.7980497653244136,2.6277017552698614,2.31292722746431,1.9171108234824166,1.3515996063468703,1.649097375607376,2.1086264592636215,1.512277202482327,4.5067244993079045,5.373423670916506,7.749380280016687,7.577652729366071,10.22154828031607,2.9483518302028786,6.412903046372709,4.296442782403272,1.2664436432927721,3.681874864810489,-0.045623201963706714,-3.422625231817959,-2.7171044898084067,-3.2222796942307914,-0.9484463081143039,-0.06393512336156153,-1.4824888149384485,-3.2246492975836083,-3.829628280617433,-3.1106708889317845,-5.7067323134211065,-8.062874168354407,-2.0026110661961316
2.8846429769631285,2.3815124643772303,2.2621455393977707,2.0817462505227624,1.7543930645161265,2.196565461709055,2.3641770704042178,2.2067729367202835,0.12290913630830898,2.281852751367384,3.2818546587384025,0.509224034721616,2.744551584652474,9.280015957089091,10.870984234006599,5.15312631378819,9.12171453392932,6.837105742412538,9.31054687425632,6.9391006787872405,6.679260920220681,3.511514457806143,-1.870003665218733,-4.158023275850797,-2.1418021475295244,-0.12176838071279315,-2.935938130059412,-4.637852724868435,-4.748546093120793,-5.514450478714994,-6.049239308995646,-4.427136794293225,-1.5422638472992296,-0.8278445426856212
4.113596791742208,2.9965128535462586,2.60318056821104,2.138997955584615,1.9351893113319045,2.023195101526642,2.0849389968241256,0.11471988499603421,4.73164719628509,-1.0633859426823626,1.6505917385517146,4.260958049293512,6.625008804747938,6.200385648202646,9.425897137690502,6.7043675613550215,4.549965255826215,5.6293986228742,4.084676883714587,3.1413609697945013,0.4459335545808341,-1.5003166712477656,-4.221930278765065,-5.112473443440628,-4.299955088253701,-1.6293738242930302,-3.349075951688187,-1.3674066604220276,-2.0379818886333445,-5.235878467533009,-4.338864739955091,-1.4487692684076396,-0.14501091488845771,1.1143816081708098
5.231874272639764,2.4379052628393616,2.340431957376596,1.91795181992257,2.160373295619991,1.3855895701948548,2.927592505902553,0.8750963065160849,3.1160169445159402,2.761230383551458,5.114951377912833,4.929664468891768,0.7894483710713586,6.162524742143361,4.541586548263539,3.0581256178949094,-1.208193359372869,-0.2459239999546306,0.6365719194991065,-1.6355170009919882,-3.1698113549968956,-3.717276573067755,-0.4361908671346514,-5.699134115622427,-1.972578806824425,-4.716617375583373,-3.3756951255667524,-1.372968067228116,-6.354981207156099,-3.7411150654061234,-2.19419641715029,-0.5240791129471886,0.12843001908289714,0.8941820516606646
6.0441558187016495,4.370300902362991,2.8692046945461716,1.941449733399973,2.4715627066572723,2.6375881988495613,2.8707355681379894,3.870757257585869,1.4450867620602248,3.6972627277470345,2.2609168083815883,2.509730344943839,2.6113075809793305,-0.29886055853123233,-0.5655895573410794,-2.5264005602768274,2.389056853773206,1.7160300295720397,0.8056497500776575,-3.0143502333476007,-2.106312270772396,-2.5986844318538647,-5.913978071439263,-6.7825080545361605,-7.349824997595495,-5.839661762046296,-4.793233052006278,-4.691945648312044,-6.471304455870373,-1.823086593441657,-0.3466641120542647,0.7989282005073616,1.9661726611537897,3.233973713211135
5.411180566194612,5.351590067901575,4.701266788106708,1.7661787532308089,2.0031420424117266,4.639115611648834,2.6742470425579583,-0.38564165379259346,3.789562378022295,3.1487592319457214,1.4826702151859508,3.7022463688282374,-0.6019656742920567,-1.7433061252128732,-3.8768202914264367,-2.7207894708737568,-2.705450669687173,-2.2195484507409273,-3.972005480942088,-6.357471904690231,-4.98124576038576,-5.040413455417286,-5.510737376656615,-6.373708227288329,-7.881906547032402,-5.479890430179515,-4.085494751978475,-3.9394861202796374,-3.0822263409822304,-1.2021227306427222,0.4029215995482271,0.8176848223651361,2.0834641521298973,3.259954547647792
5.750148849185019,5.149305171239415,4.860087485642978,4.7849539272859625,0.4293890019824862,4.259355359401754,1.6866574039960873,-0.8898732211732866,7.803329171368828,2.109031242259915,0.009236279406812075,1.9265032847966481,0.21551936802864247,0.00020395152538297146,-6.383844368214956,-3.945590235239183,-3.337548511295888,-5.656400982007059,-2.438684432278887,-2.6730454977738534,-2.738634157623323,-6.67647388092525,-5.951576777966673,-5.779215997336513,-6.782050912500995,-6.558078029500187,-4.7878881294277384,-4.474441317482193,-2.5670120146498263,-1.4119374165882135,0.2243417342723426,1.3235350562417134,2.2470182850871416,2.4683875073995263
7.370880439797612,5.994746478862187,4.643678796392993,3.7298988077268445,0.8543254263821609,4.924366708215392,0.3094446582476628,6.624926662441299,1.298900379572956,-0.8855604136654506,0.2152240527434684,-0.44637760826636774,-2.90855659323998,-4.087705488321359,-5.784083871980385,-6.1051993072238835,-6.196550041801272,-2.711916748091719,-4.625696076558348,-5.219836365800791,-7.078910973039287,-3.7011745030464938,-7.814984297287007,-6.286826670843691,-7.306450652196994,-6.975694753475564,-7.7299958732844605,-4.437759635038009,-4.694352026783715,-1.4685581249186008,0.5725809049863039,1.4778939402952183,3.596035645009521,6.680782916815952
7.895398307525028,6.035418568415752,5.122195891781903,4.169757820244779,4.080111975596284,2.3440164657582088,4.681937784728108,0.597365631982188,-0.9628230904481002,-0.08376168497311753,1.76899790385064,-1.337771091458631,-5.3043055372536925,-7.002510972968175,-5.800340988589686,-5.097871734097604,-4.998700553665988,-4.8447809073677295,-3.5498759645713056,-4.705827300576978,-5.03687275349657,-4.412221888547738,-4.549616180731378,-6.770828364009399,-10.342517816339585,-8.11815586746998,-5.074808593779324,-5.318529482073201,-3.0922056099601973,0.8553571031606841,2.7606253180531892,3.6302131957524653,6.275653056838431,7.3315843184309335
7.982161451956518,5.860006555187644,6.343713575345146,3.3254773132352025,6.0655060670389584,4.489046530862267,4.110744141540068,3.5430576293953697,0.6306476662481479,0.23134244431096165,1.7348937260478252,-3.264017274766284,-3.6315736637697356,-6.610407765030116,-7.748031530073248,-3.311764191612223,-6.766446315168078,-6.279759748078099,-5.5392253884101255,-6.016255152231767,-2.9363746217788558,-5.358484554685457,-4.396638059534931,-5.338244044593601,-8.813276043422087,-5.391744113906014,-3.5922295490854044,-4.261342118729984,1.5294041784210366,2.1371915623389066,2.712389836210778,5.728970148599926,6.1558097545280805,6.617384065779237
7.732280336365783,6.170145282616343,5.081832022072075,4.841304161669158,3.1520420172354884,1.0659629935856456,3.9115530848446483,0.6994112291816376,2.4564195327024496,2.9046901326415986,-0.8545961881558928,-3.5057922236161176,-6.0977793419880815,-5.615216046713951,-6.018216882460364,-4.790982097290853,-1.8784293756738553,-4.319354681188149,-3.738350650066541,-2.7279902907687563,-3.654211170150178,-4.54893323100632,-4.29713862578102,-5.1355104783420735,-5.386386593271887,-3.0640670818568214,-1.3184831567387099,-0.7468366368657353,0.15290078182661662,2.460105472082407,4.254109976850323,4.6477966340690235,5.018087376143167,6.158877357147872
6.4292973853244355,5.265669196319757,4.8958678439060845,3.3998620725928377,2.7153788314302614,3.0485355651944364,2.2280157770908056,1.2999855525789756,6.171719440575108,-0.3371365823520059,-2.610806104023869,-3.2179547286443575,-3.8644000229724953,-6.06635203358137,-6.667514536967336,-4.7727949116630795,-4.106208909041499,-4.6286218481610675,-3.648385866033412,-3.162619410234249,-3.760320898369028,-3.1782557917328584,-4.706391506638606,-4.813640557652358,-3.522295968629987,-3.892169675591083,-1.4989059632060375,-2.9788256868132406,-1.932713438373433,-0.49247372858051486,1.2061433504745442,2.4362271927604504,4.090603052275224,4.880489392046614
5.912770521403812,4.939638651773781,4.43304310081638,4.9149432980901455,4.31913383983752,0.487415912604606,-6.996114315921504,2.1713186028713194,4.098698526708175,0.8623158899605124,-2.191735850848989,-3.478971021979369,-4.252366877868557,-6.676817735756272,-3.7915809519269663,-5.576615493573343,-4.769543438714578,-4.0115108687891015,-5.0802438825185225,-3.8533702694434218,-2.9259733160730828,-2.4161056278093875,-4.757689610484272,-4.962136615429749,-5.363511092928994,-4.0170299158584415,-4.857535563600029,-2.3791167790974774,-1.6855230671799477,-0.043684897782977024,0.15632350261515715,1.1846105401167224,4.640877153284329,4.45086881207742
7.645147688410022,6.721628440297104,5.636816034976022,5.076141153704102,2.455073865144159,3.6245075223726713,0.004350109037071948,-2.2139703393115653,-0.22655898640388972,-0.7344654665635691,-2.434186491522403,-1.5405612449750257,-6.210032517601002,-3.92059565905653,-2.3472754356425165,-7.429015630414272,-5.905398786875689,-4.110733414097598,-4.761833793886402,-4.777898006977409,-3.997999978603508,-2.53108369309255,-3.5325683387578612,-3.8247436530974093,-3.6038994851157358,-3.1159973562994083,-4.510071944728554,-4.2797284642124716,-2.803092488798505,1.309559272337269,1.676580814658487,6.272045386104197,7.37516468215102,9.762476149421817
7.8236460155402145,7.547920359093996,6.059239477438919,4.228602981511217,3.1451107882641467,0.642965053618356,-3.3467076721543845,0.152568237884521,0.698285165539764,-1.7719905996418197,-5.53652801990084,-3.146543497969723,-9.169613936454994,-7.47897015604874,-3.672406337247224,-6.1726826440507985,-6.527674434769206,-4.868114777294237,-3.6229747456273134,-3.867066906005923,-4.539965061335829,-3.1038874226457107,-3.1696342183942496,-3.5599725238821995,-3.4038390179495086,-5.119171741443735,-3.94049093101621,-5.708478518338666,-4.203271194693695,-1.0278793837703943,-0.664849710848426,1.5072997975987665,2.563218313310733,13.483005755713345
7.171910677499213,7.075731185963263,5.648999853420089,4.369276221012835,3.8448312770163766,1.7739604513045497,-0.25094317804961624,-2.0361782656683522,-0.9680927322594368,-0.05366126566687286,-3.677229610297618,-4.2777455516535765,-7.776345960407522,-8.232860863429357,-6.736442654485406,-6.327952338579152,-5.181152816260514,-2.1002629834657514,-2.3565677372422904,-2.779650452749847,-2.891166534310353,-3.280845826792588,-2.446736271265504,-3.5385703365346335,-3.5034092162630253,-4.778582379564639,-4.453193315081852,-4.4674322615138236,-4.048699443723625,-2.6738945148952737,-1.3479524980250077,-1.9177201302729512,3.085340622897641,9.630135739736257
6.952187474928598,6.837222924763006,5.355836480826128,3.7758528399001356,2.3866940393987877,-0.21801094197439572,1.158617989843567,3.2357308470988437,-0.16368022045827266,-0.1248205773662574,-4.298322643906569,-1.9771225805443788,-6.697718488023453,-4.3322916913315925,-7.618410850943958,-6.228899785614472,-5.310162494325158,-2.7583461071330633,-2.397150729946261,-2.489550699226328,-2.863311919827932,-3.5364529931661077,-1.8652682574940327,-3.0071189762941155,-2.9276674513895733,-5.0008709217494465,-3.972779355950333,-3.5086155732110917,-4.193508545235905,-4.464461635123574,-4.086026692990749,-2.7695638474965043,2.2667475788553286,5.993630570150162
7.609822349875035,6.481408084156499,5.95980677673289,3.953726668826765,1.7668181672137213,2.8798801098629054,2.139611378082867,3.5082629994716834,-0.5766396706013251,-3.330621842437765,-3.3899623378890156,-3.79857697686506,-6.897011461073722,-6.06479803247702,-6.892712788734938,-6.599244386932658,-3.545509986304786,-1.2815086347446198,-1.5511327648986124,-1.3800885458578873,-2.0857448411567483,-2.915287911781139,-2.371765981012965,-2.4396370959645357,-2.985063114766741,-2.519779037858513,-5.7099161560780916,-4.960983635712818,-4.28594341667184,-5.459086419445005,-5.6482956152676635,-4.48006732705381,4.644853551795589,7.401787921208245
