script/wind100m.json
{"header": {"parameterCategory": 2, "parameterNumber": 3, "lo1": 6.000198445256149, "la1": 58.999992894266676, "dx": 0.5, "dy": 0.25, "nx": 22, "ny": 24, "refTime": "2024-02-25T17:00:00.000Z"}, "data":
[rows 0 to 23 of 24, columns 0 to 21 of 22]
-0.5569864071541706,4.670732198936177,4.383495043372908,-1.1947662073650696,-0.4442174883663225,3.5382990129071445,-1.854528305828176,-1.0559431993866002,5.430537740524901,2.8659290900730716,4.121298126364843,7.212551741681035,4.34060576834039,9.464658668207292,3.950578945193759,3.343364755734282,2.8104588405276822,10.314488390407929,3.0114913523425,4.740082632177944,5.2769499219199805,5.068500863023818
-1.1378703419509466,4.999444679689614,5.479574339742224,7.802699379977936,4.334815114665318,-2.3232276123629165,-0.03044332158035051,3.404008740952488,-0.33757103697615226,0.5765075196881425,4.002441266297698,1.716705120411405,1.478199821241702,4.247053644631994,2.725808690792221,0.8928034555298086,4.738455732445337,3.3360647283037066,1.6493183233784101,4.893200142758507,0.2959517206064176,3.5159992611944246
4.571413010740428,3.0827912620903475,-2.8978184355788716,4.204303179856389,2.5899175287329204,0.732091659922858,5.60658511698442,1.9861539389194371,5.303457844258201,5.297019503026412,3.9547619656253477,0.6825602970554251,7.099740077253384,2.593466585776963,0.3733883363501032,3.291847352936054,8.366016777195671,1.9661430388147483,7.999001070091373,5.728679798793572,9.245873309326372,8.599053616222507
1.615502713346276,2.652506798452259,7.557588791105695,4.9055177000413694,2.9027640786055833,-0.4571135203505896,6.345547317780032,-1.234431566138046,8.457344210752723,0.3610266709370932,1.3138061533616532,1.6334536546430463,-1.9017671765294653,-4.163680307004787,5.074239066851931,5.383360550903478,2.083769734111796,1.9931698879425466,5.9053358586849125,7.643007633962871,6.320937548519428,1.2916778450292887
6.667200793539849,-0.0996642142471284,3.4929708640869994,1.6148470480487749,-0.3933142922245901,6.430278373590478,8.738987692827552,5.461154528239549,4.619428093197332,10.527418923956198,6.3204158915315665,5.622860521438987,1.6215357631258422,0.19105206148627785,9.762494479217112,-0.6617275370511123,5.795018674516722,5.9648860386419935,5.354403711275741,2.6825356406820218,1.3190061023629387,3.306022017639254
6.514892002400534,4.097048231879597,-1.3683701552007748,1.4127939791688482,5.24491927948412,3.3648789273518718,5.201200873644936,4.056752552797411,5.214978516930014,8.047391118038124,2.765204841311332,5.270908320717539,6.365543072656867,3.4932735334512106,9.32256681992163,1.1332346812036025,1.4442005517446388,5.86714295871343,0.2182842525596175,8.168621764920012,2.834242117491261,3.9369250670978144
-0.3377774520116077,5.829839474929648,6.636890940735487,1.1873012615349767,4.4578215552271026,0.5927718179592886,1.7741089166227473,0.26697946525133176,5.93937907689076,4.88708074555039,1.7571682724154474,2.676347464624832,5.272493514885723,5.96137682063067,13.095852015171657,8.629002598589215,4.013845274318565,4.910031358021302,0.9269836033477672,10.375498636977733,0.8367464621419866,6.551767080483524
2.774720612078597,2.2767841007754916,3.2124847468221365,3.124837957364817,2.984394835780238,3.3827780004397696,-0.4266871402027238,5.6603662250930515,5.764433517024267,3.817562288921529,5.650889812749518,5.304446919186705,0.9740945434435561,11.667398463660742,3.763746921930978,2.0841374694997477,1.286620368230568,3.913314002671274,-3.6852894126994027,-0.6024356509561664,-1.7378483064229704,4.922447491467752
2.4620513829836987,-0.4388259907331432,5.662746895996544,0.40908741773992996,0.20743982013921947,1.807638066271935,5.9337669788055205,8.31532069946932,4.090417112355628,0.33306964815502377,1.8889543653728789,4.816538186392615,6.533475670291569,8.361036814270681,7.41643855065986,5.426578993536631,5.745272001888668,2.7246358342146846,8.355108083339921,7.003411307033212,4.302148639797048,3.4388399383472588
4.4828039923819105,-3.8653226223677453,-2.4375628090974413,4.156131002008969,0.0793073109700048,9.027060196560122,5.0243359917730865,8.482424489056157,2.5711659253171257,1.5265242325907502,4.065086075887656,0.7000088307128625,3.7204431490222523,8.099002551052779,0.46535405472857344,-1.3967751526727648,7.166856441921998,5.361116421010034,3.5122832094459837,5.808798063076783,4.285877189480382,2.012157122783788
0.933767367731137,5.77271323053898,6.1551276710781755,6.281951242270853,5.015116078699337,2.161797017490588,-2.4775417178268166,1.8898444011644704,5.445404986985506,0.41915083477896375,4.279251577238774,5.456335644201092,5.612485062229586,-0.4265162284428244,4.744068641818815,4.201905570631368,1.2516881030580556,4.246126588005666,2.3358689995877415,4.778807074553799,5.652911804158378,4.793147011806775
-1.041404026913399,4.608601186595394,4.634756354271979,7.50904967120351,-2.4106374586904473,8.243978465187931,4.250949082163586,5.668485373599986,1.8201816490182259,5.6663277945647295,5.564958762474843,3.747523048786315,5.343678556353404,0.3260001194726592,3.174994332163359,3.09251005284441,4.076684590920873,6.435760665389438,5.67532499611467,2.36259159489698,5.0363037244873174,-2.0489970992981084
3.548208047595186,-2.9072683928703404,2.792066050998821,3.04317378864644,5.99527539783738,5.9005273479972375,7.851192302841528,1.1807582450128338,5.892914827193271,4.305689707099104,5.5616641553124175,0.5141010018161952,5.331299180581966,4.826416394128484,1.9364709650422653,2.0548259978914882,4.383454374788054,7.760683609188661,11.93667987040079,8.347260809145606,-2.4617685997215335,4.019587753532882
3.503483497100404,5.821635123688523,6.958138724045058,4.311142871985692,6.025145275061449,4.8180469373162635,-0.22488223339121308,5.959221440568203,4.971062668045946,7.929568204322237,2.857827830186148,4.691834536893302,-0.2056459431125285,2.1638067306829982,1.5968162561201737,0.0879633811704617,10.841547242136164,7.435266853917671,3.8822582122861244,6.467834594595582,-2.1731333717804713,4.450620799223479
1.1645822098778504,3.785896174535549,-0.13077155899761836,2.7469002767374975,5.0062638139472,0.18639084253622745,4.1275121872887715,4.970099151942361,-2.112626024653101,-0.024222560962011287,5.247852274543679,10.264357136187222,5.022320767684707,10.071108943405113,1.406527092735916,8.00216916327609,4.313263813516564,-0.47820224509217024,2.254546341970587,8.048768192327302,3.5578445250124378,0.9937953463639567
7.330220154145148,-0.9402451241768056,6.817144837752852,3.4088427544772695,8.000960499560733,0.9743267538339839,2.936092268184113,3.6470749526406583,4.32312444409436,4.470009247063638,-1.5640404279608366,1.753606575735732,5.348822627730733,6.262597118619029,1.9103000299186814,-1.9889604782007733,3.4100094352182935,3.257478529436485,1.2022421998017534,2.9321213406829885,4.600282151353905,9.398413994988024
-0.354046266868263,3.9296094267894364,-2.0922045645163827,6.843988004171031,2.854064436757974,4.566106371777818,5.072091567641463,6.435528324371239,-0.19723341962510968,4.1479099545123255,4.575689982775863,1.1195179382740081,-2.2001472152839026,-2.248954571061124,0.436532799271837,1.4789637628239254,0.9290833614948526,1.902587225985469,3.318746710418087,4.774572006280993,5.044767478769916,1.0224233318840728
-0.3054652421036508,4.4257479831259925,5.308911180899655,-2.6443776564146346,-0.49668947957672116,2.3411495710410235,3.602489571653382,4.0646651714276745,5.261466908410838,5.0821431966012405,2.7823914722416467,5.637118676481498,9.655942818915436,9.16529764860701,-0.8158053890917776,2.626929639267956,5.776952029384965,4.3073790597716775,5.435258189478789,0.8248713473618944,3.2509032865276017,8.038255332714566
0.8062529931088065,-0.8517360161526163,1.2137608435845766,5.306032146785087,1.055888633044653,-4.954756282263897,4.925973269898327,1.3408570120619014,7.177441399593062,4.2815182567203625,3.9655956164821347,0.7596449096498121,4.293488597197842,6.218802352342951,2.7200467851807795,4.958257453720296,1.5996546277637247,10.118696445144744,5.673278330098349,-2.1812529290919196,5.19619099153776,4.199942937362881
1.892253335273342,8.147358686429875,2.41211157725052,0.7343769943860673,3.7426851606148266,3.7169431053017172,4.316707850560029,1.4421724879158033,-0.7591450898570739,-0.7752100416788557,0.2539692712428479,7.171514199017567,2.9762824843097193,-0.8462991513752398,6.329411070298225,9.29720483564536,-0.029537790312431332,4.624529007468556,-0.8424909211884939,2.161800263197043,-0.05472162271823478,9.184531066996543
1.0620323101866906,4.337760069076319,1.5134112918002516,2.1050635334644077,2.7959236378672356,4.093335464526159,5.399379633339495,3.7619690080831423,-0.3158435878806203,5.877847089397083,3.2830508711618216,5.0370850846559065,3.4898860723803873,1.5015955488601682,0.8864083224025018,5.384588245083083,6.569825397143948,5.0007118440112155,3.151997518191006,4.714789130681349,-1.057255496923833,1.8039886917568568
4.355126525581581,1.5730785902052424,-0.22515711878315228,5.16549945462074,4.998509094396981,3.360324162298201,9.049201390167028,2.5716860794186243,3.9640823169599866,7.3686726672760114,6.761214061823717,8.137590406848185,5.303572590685765,6.248250545061332,10.286341326920759,4.174960701731172,4.235470891104154,8.499141787174004,2.7001997028116818,2.879091056398634,5.890124862049673,-2.023300333146641
2.690056240923367,2.5813897451593033,6.41653197325657,1.5339364310907913,5.130638482202783,4.3708338642557845,3.6488074612446697,2.6525667089901828,5.722412000485529,4.4213762364970846,5.850708734595506,5.816606968797134,6.662940203756846,4.405889432446642,5.405742279173371,-2.8584589593252194,-1.4613364353140839,-0.8918273088791672,5.5868557221976705,1.0752487387521639,6.053600747149842,4.852927175599007
0.8062701475303857,7.826108838203053,3.9290325363350793,6.974109790820467,5.062982784125424,5.604336715937682,3.8808680972859904,8.707625057520705,3.388743908269661,2.751570823887984,-0.6631903965310257,3.865866936875577,2.7581954129620407,5.229045801313063,3.8193595539737206,9.201011855453842,0.4760076834061606,5.534459652746383,-0.6230355444022743,0.13619735068807132,3.4710610781361417,5.590518712686508
