script/wind10m.json
{"header": {"parameterCategory": 2, "parameterNumber": 2, "lo1": 3.000054539987559, "la1": 64.9999836372058, "dx": 0.5, "dy": 0.25, "nx": 34, "ny": 52, "refTime": "2026-03-11T11:00:00.000Z"}, "data":
[rows 0 to 24 of 52, columns 0 to 33 of 34]
-5.006310753220713,-4.824524019687426,-5.55076821534322,-6.259127282323537,-8.46602983677401,-6.247408032332717,-6.391901508431939,-8.259288025792086,-8.511192799811177,-7.287954625872978,-8.502187352826391,-7.55700649390926,-8.180301947155579,-9.101324176159578,-8.441775871598066,-6.012264309000129,-4.325548577652315,-5.998373030717205,-3.4680910071893503,-7.373668470666923,-4.557597883682378,-2.211482072264904,-4.7234528123428925,-5.999025219291681,-3.117849858920992,-1.859116367229237,-1.0397798117156503,-1.4665468736548823,-1.0516753079544532,-1.109284835253496,-0.5223891068147102,-0.7745932541638882,-1.4307630086922505,-0.9920871598550508
-4.607837369352343,-4.506296292617811,-4.617694052908655,-5.745067913842286,-7.756142942886623,-6.328928219904213,-5.131444676426317,-7.6647805753007345,-8.803829793500446,-7.244328248315151,-8.05005729604334,-7.169102911329333,-7.858728062010039,-8.614812416686512,-7.55239022500813,-6.641864861145698,-4.632926378127039,-3.0427652983845084,-6.263832216966896,-7.717893708506613,-5.106094651410951,-4.1824574388669875,-1.469607885067731,-5.538082348524689,-1.1073204652239104,-1.3437038097618592,-1.0233017031392593,-0.5606400087090263,-1.624873588294486,-1.3203579457944206,-0.6318520090361864,-0.7212688815925349,-0.2393765428645982,-1.2904497525567193
-4.127337870424828,-3.858324985612952,-3.7326083985608745,-3.5611510052200717,-4.446695290860306,-7.49157101449312,-7.173785085204859,-6.2526476153127675,-8.128265210156068,-7.37272943202731,-6.725515624851035,-7.200867649184474,-6.7284331455760835,-6.764226575454672,-5.708514393737341,-4.848593838202282,-4.134187081503834,-2.735784640188366,-3.591303694369644,-3.136998089550473,-6.071967886128437,-1.512370013487545,-3.5823634605223154,-3.0310408655565926,-2.3540192320146267,-0.8790401272079615,-1.3380582736242383,-1.1646374039172414,-1.513675991917759,-1.6981886322172484,-1.2898020727288197,-0.17658918034513815,-0.4022531682766822,-1.0125728665478533
-3.58623620561305,-3.4497378255052333,-2.851918032802776,-2.6415333874916156,-2.76023924820436,-4.8746369878624405,-6.693897240489368,-7.037553433628325,-6.248178768366931,-8.564761037868088,-6.75285567193854,-6.525399715626916,-6.953807363217665,-5.645673557869502,-2.458206507973959,-4.876305127339621,-3.1010926703964197,-2.9527996460336805,-6.305421004536507,-1.642793575705953,-8.17961365448708,-4.097712106415898,-3.9450446272691972,-2.1610199240598638,-2.0443122424995175,-2.283189662976384,-1.8901314707372765,-0.8790288628904935,-1.2600989115353303,-1.3933742590409812,-0.5448424561081638,-1.1042822411839972,-0.6543092918769329,-0.9823009401338013
-2.268288156768091,-2.6682183873239924,-2.481679085120923,-1.6064145386474105,-1.5738277528929228,-3.934383724712543,-5.700521791882402,-6.520460485343638,-7.827495648804385,-6.239244576725772,-6.4301882674503705,-7.044927714503941,-6.1737714670630695,-5.321247714851971,-4.161533574918513,-5.354304125826765,-2.5219689197389386,-1.7395786045492747,-3.524200402948708,-4.305728380251052,-4.670015787039936,-4.884381966397766,-2.757851799193534,-1.8457993371005557,-0.5136222291344816,0.0030056677080053064,-0.680117167965632,-0.5001707604058468,-0.6311013347506321,-0.5796330210090985,-1.0010018513793708,-0.7007730247194954,-0.7808212147189793,-1.0624443460124655
-1.8461529070522895,-1.5238333896859262,-1.8588319488984115,-0.939478271266908,-0.37502434773378446,-0.7826862523133332,-4.868734957077473,-6.101789744395585,-6.128060440450275,-6.405393501101593,-5.327136212040403,-4.585966557062701,-6.721559279086075,-7.4667926797015705,-2.3263390414099927,-2.2528025114365104,0.013448428767986634,-1.461009132479385,-3.751033067078745,-5.7765966165504645,-2.390231077793076,-2.92613322631147,-0.9899775225999684,-1.0272557313904747,-1.027602461056565,-0.27996427793126316,-0.5684613961768971,-1.012598472270475,-0.4785225479336346,0.1447447176532844,0.4947071044142277,-0.19752532532237305,-0.2855184776220298,-0.34346581706921114
-1.4299027739709596,-1.2616931304919312,-1.1018111343596872,-0.8999304584336041,-0.0699025124144275,0.16258644950851625,-3.9190836790717603,-4.817757235354404,-5.965880938843456,-3.8686641233460186,-3.8823208827415936,-2.685071796059662,-3.864142222003963,-3.5075964376433824,-3.9960014401317507,-4.210799970003051,-1.5289116191678738,-4.178491713813456,-2.5403007313997015,-1.4896702834264333,-1.136951959124646,-1.2049141128572332,-1.6707261214245601,-0.08162171722484445,0.5175770252922473,0.5329003864919108,0.5108684478329024,-0.4680368244874589,0.1157001079410652,0.4067898402681499,-0.23185730820105202,0.8688259145972715,0.2269732203499357,-1.2034675244989126
-2.145248352851085,-1.2284631446109135,-1.0464490697592308,-0.01092271985675838,0.6730573683909841,0.04741190071429114,-3.8365444381468525,-5.834276174465274,-5.53209256087604,-4.948493986834195,-0.25630583739646107,-2.292527135700842,0.2809352170680814,-2.011279841595352,-1.9656386531653751,-0.4490079085926685,-1.6661484207757526,-0.9784246992568759,1.0647411623237701,1.5137872021251972,0.28128585940512474,1.417326226029444,-0.1749524838310531,-0.6020237373672548,0.22125356997826043,0.08366609799387441,0.24075867492509692,0.9111268242544321,0.40608909679875627,-0.44789449481824756,1.0445268471993334,-0.010679134470882104,0.7160558180903789,3.3142714048739994
-1.5607114768609895,-2.634726903561557,-1.4719726098738728,0.08360149908561083,0.7882697725812684,0.13797595347688987,-2.231219516120087,-3.754035973344813,-3.4600235540812325,-1.7408068376275687,-2.111472222915557,-1.6356891116569634,-0.7370648751881755,-5.649396379162857,-2.1495278872816663,-0.9068405815096509,-4.850259218055627,2.031130716118385,-2.723530636206801,-2.37809752513672,5.720908028185403,3.4380550881716396,1.6211471914883262,0.28071618402591847,0.6211761249964528,0.5000090243257586,0.32032350071185073,0.1382654553724629,0.8826906246973121,1.209798309408401,-0.1849492783564453,0.6296272505084313,4.643179700413958,4.297512824476578
-1.009411452622533,-1.6169379947218225,-1.295659405361794,-0.40625448146143023,0.31056188314201144,0.09864820970856379,0.01790381829851691,-1.2513233489070539,-1.405146543046009,0.2629260993203232,-0.5581836321436937,0.4217994393361947,-1.7920887189018841,1.3332247076260224,-2.611140183265949,-1.2119352896033826,1.7706469914159129,-1.815807153260469,-0.27800167440007034,2.153020300762967,3.628219789566663,2.094341212822082,3.0321517566693603,1.3633705989653304,0.6043301522037197,1.1324870528052495,1.2549510169228566,1.014052475011841,0.7226726354353884,0.8102836472800627,1.3141085011899976,4.159033165872325,4.43019237726988,3.95597424338524
-0.7008841185362314,-0.5847240298233114,-1.6874438637592866,-0.46651267866984625,-0.3585879926066427,0.07425503169574445,-1.1585885740080988,-0.784268789484309,3.490397581986225,-0.22710869357063,-3.0840174901943267,-3.5359855698017877,2.089574564570861,2.415060446041971,1.4732021349347997,-2.370695381811539,0.762094208881308,0.016656738195956852,1.7470135145004977,1.5261775526321244,1.765875472419993,1.6131454018378202,3.9807069690451367,1.346941750885614,1.7660065580784219,1.1549562081826097,1.0922757566811239,1.2467333926763402,0.7380406467148168,-0.6391864713406551,1.4444395499434115,3.7112983512845514,4.0534065363926555,4.503859885113427
-0.27112750813542863,-1.338265424851401,-0.8900912602681866,-1.4627077760756684,0.21891606109845752,-1.0773202064684475,-1.3787933071943272,-2.973289622504293,1.3419530532866284,-4.0157576258973355,-1.2555713802198964,-1.825255072189944,-5.803180512598726,1.8003970144862134,0.04576725076352316,-0.017779762721152722,0.09171060838189914,2.892671527104651,3.679574964080037,1.8350699068338117,3.3627153132819316,3.1404396486952377,1.0967119391515,2.938684935713873,1.25746107272359,0.6599962938023577,0.39019509524026363,1.6593558501162158,1.8623046371711358,1.3420001772048467,1.7571328692486712,4.020970054139022,3.56129327745738,4.7976493335310995
0.23584928411320658,-1.2765989654139385,-1.89571896575438,-2.612540578603137,-0.08638335820602293,-2.0170316866418845,0.43536502445336966,-0.6325849063306286,-6.924281677909234,-4.4266329230650765,-0.665397413894579,-7.192409347556356,-1.222400578830671,1.0051295715611381,-1.7975315168594792,4.840857140750693,-0.4639071063281982,0.8608904403238745,2.3214005079118847,1.7030843693463884,1.6936735011101582,2.177924689030225,3.093898609994065,1.8255649124908542,1.9555154155809944,1.1534511879626297,1.4453366207204081,1.4712867397056766,2.43074047927561,0.8003847063388622,2.7357397932813874,3.554911997799369,4.851936850827906,5.296530929572333
0.7633513320317407,-1.0234953793347403,-1.5045024203268342,-2.701186843951486,-0.8493586011669693,-4.589051867101621,2.139175809559269,-0.07047154228461837,-9.664400519345525,-1.5893467051501422,-0.05387570134416714,6.061994204246179,-0.16170527762262818,-2.3686744062504967,1.0138492065882034,-0.44704273046688237,0.40564201364521396,2.4971691128464033,3.111694048872594,2.011509888033682,0.590315223956742,4.474096538485696,2.3802047979887044,2.5079396964100398,1.8634572483883218,2.2204857354891856,1.8490748460360198,2.529575950665351,2.2405402296918906,1.308490355621804,2.6137249638219338,3.9199711023377017,4.617467698372022,5.169103322838375
0.9342448608238969,-0.12144594918212805,-1.2200742704851801,-2.778660339450327,-2.5761424401405333,-2.4891771272714416,-1.200605117314566,-6.665311486464789,-4.543839315284415,-0.17344747838570995,-0.31020599568211094,1.206292094962562,1.1248348613096877,0.7239781088470836,-0.5372402541693706,2.8257540527531764,-0.2761294487702293,0.23751793845734517,0.9670860227444934,0.23785927410159613,0.31846277303664633,0.998849698911146,2.043825511251211,2.8338769364559697,1.890298247878901,2.339436851335737,1.1998896483718395,2.726912773351786,1.8111580575960493,0.812171320916695,3.2651665538988195,4.927186358982783,4.754659118014593,4.922369846757554
2.119673976207895,0.8746454825160496,-1.478835309220961,-2.6250172089750827,-1.926594166876465,-1.8410978531311304,-3.711818888591425,0.8524917283047019,-0.9375632021005996,-2.469974827555943,-3.6527175282517,-1.9822793611751297,-1.3786782280652619,-0.3133765111249747,-1.942924837591723,0.34494710978315035,1.6670737557828128,-0.7638079547871022,0.2325749239815478,0.6380288275016819,2.8954992223019445,1.8072368947583546,0.32373414225981834,1.5876787488948259,1.7977611978897958,2.1682933460417906,3.2670624982769785,1.9360793837055583,1.327005424491391,1.7212870872575503,2.8891959793785977,4.024244462371052,4.799447464841705,4.076049670098791
3.1470013479118064,1.9910428334586445,-1.4398644048269977,-2.950754615110782,-1.6663076976316866,-1.8314487218372546,1.1125120357740375,0.9836130761722882,-2.7715479376995673,-1.9757225996457755,-4.776656005628444,2.269686438435348,-0.7464939964982548,-1.8349020800337605,-1.257240719114184,-3.899206362391629,-0.6597607036903029,-0.07410352521908214,0.3707554124087091,0.8672796467392102,1.1363651931686514,1.4222653296935222,1.3463605699571877,0.5960287052375279,1.1033790279102174,2.230323032318968,2.784126113959257,1.6853968665659687,1.574640103716372,1.3426481152255862,2.4638557085081882,2.7460603845323734,3.502293017058056,3.9812293864192116
4.396892145985297,2.5778847162446485,-0.9343655975458275,-2.662286888043674,-1.2041010996351693,-1.6245910906364747,-0.8944227981088028,-0.5472753010752484,0.8201954144761116,-3.3342840580675013,-3.113102314373505,-1.674179213041913,-0.42861073397999544,-0.32183164918512763,-0.05949844499473355,0.47899043679627584,-4.532756422481384,0.18794824020814635,0.0857461436692162,0.5984019565281568,0.8184887798083335,0.41979500814051945,0.5539469551782786,2.1703903104922704,0.2013898794646752,1.1347970799315414,1.5651739805953726,1.1794860057496002,1.376305744814593,1.6414054707601657,1.0514904738606767,2.56981919106441,1.7888533337010857,2.4620810515278944
5.232410243126791,3.7278528001580042,0.2651972666950593,-2.5474433556688423,-1.0646906795179145,-1.6164050847802787,1.1710538486098514,-2.8126696223574847,-7.249602710485496,2.2438240530498854,0.2514909277636803,-1.9637396697787137,-1.0583742111251069,-1.3037307998754746,-2.307267668174848,-0.033018238365370725,-0.8946087494777113,-0.1599143634366596,-0.443316136403973,0.46996600541146527,0.45930893830024566,1.4762360987890577,0.988437407893593,0.9989647210256485,1.1450703848722859,1.2784507724518097,0.6102973855267283,0.5489967980852413,0.8334268548611627,0.3238874060749799,1.3606509642428684,1.3245957562871093,1.2135209316961992,1.7399447693808912
5.9078138862743765,4.731850902249853,0.7874392825183251,-1.8648498242676963,-0.9669004001372975,-1.1338961698989887,1.3409337796130294,2.5469864701842453,0.7576597730757524,-0.42015460421305134,-1.3656617136593705,-2.7782744702801874,-1.8471031085444285,1.6499313717508417,-1.690955580151233,-1.189493251290071,-0.5219710281584351,-0.4303812657268304,-0.1569116530012779,0.06245298496506791,0.426791977070626,-0.2007050522590176,1.284468411640454,1.0685828041414611,0.8003329238354466,0.7943274917112984,0.2516008842253254,0.6552009639408417,0.18618333529220904,0.1683152604656796,0.36955137509204805,0.9672392880880614,-0.3691368149085835,0.3989259543198183
6.362203434222503,5.727202263763228,1.7400464102364972,-1.5039821832757965,-2.4039902254172203,-1.606134282126024,-3.205808959146908,-0.02022916005537911,0.5534674589374601,-1.5214915457724936,-0.8839499333978957,-0.8488979540437475,0.8278677318252559,0.2836172748477498,0.2181611870795227,-0.7452677795312028,-0.29717875335599225,-0.38124896447929085,0.16107796501239913,-0.19617617033073403,-0.26287592444759794,0.04239451630434747,0.40881964398701476,0.8929939337242605,1.291185379794472,1.2544903944935992,0.6190532844358838,0.20033516909658353,0.19201891271105975,-0.01923137909547368,0.1164153029125482,0.6220408575708161,0.6926166877897463,0.45497162826127774
6.775245075096011,6.380681539202641,3.3073022533603154,-1.1570050594032562,-3.401445433045092,-0.9231566211668601,-1.4641950500206802,-0.873189248336278,0.7495767706276167,-2.4141140636879395,-0.2299210558222578,-0.7150741459753472,-0.2205666509097649,-0.9128242231992796,-3.0455757214824595,-1.3954888079807188,-0.8701371635323369,-0.7667844249097684,0.25464871614864504,-0.8431121477920113,0.14059036026912727,-0.8436505127347459,0.8055052253232402,1.1194601261101382,0.9479588255818983,0.5119069085933937,0.3887397087369379,-0.15967752633420815,0.21959115832133874,0.05162764506028851,-0.2244174524001739,0.9276420067757412,0.6222569961328213,1.9034353228168477
6.763073224045322,6.7328967793986045,4.104955374922088,0.09469255287071708,-3.2349845463081217,-1.1226601619585248,-1.620124928196499,2.608527301146119,0.8726075954477684,-2.515398430784184,-1.2416229659167375,-2.5265164532203523,0.29745357497173247,0.3193687041158366,0.3654885613700946,-1.5734142756604739,-0.38877736083384357,-0.5536937111420691,-0.08487416627492346,-0.057696836181805704,-0.39087126844323,-0.44288875607514466,0.8849446765417196,0.5334453865459555,1.35383576991016,-0.28265522376497915,0.47936848818096534,-0.7942459155984722,-0.4542117983258836,-0.7439805684132729,-0.37289569842416215,0.858683089708395,1.8287660402487176,3.9338555854350608
7.504231385111977,6.611642482773968,4.909711832363438,2.050634946223214,-2.9942155692505974,-0.5157400050137939,-0.27275489871112685,-3.4475901365927824,1.291582015208832,-1.974698211975236,0.5542743035310222,1.2143945719141251,-0.7102929008225225,-0.6052931431296674,0.3117973343792942,-2.0598471125826703,0.3430934360868549,-0.4870398557908253,-0.1585212372190617,-0.26855333962047034,0.30656886260684585,0.6350874818132167,0.8327358329441671,1.5048293729542812,0.5738118375023781,0.8669378912259456,0.37132534447944043,-0.00019810908629025367,-0.03041355187090247,0.18365321797205855,0.6390075684316529,0.4580213502888567,2.3059682583072005,3.4498657400154507
8.109801906179474,6.276735297052859,5.111787464134917,2.9001563721212364,1.3695914624077026,-1.0291821873023737,-1.6599636109842333,-4.082775299421784,0.4036008060389404,-0.9000718641873551,-0.36537180897308397,-1.2315101864034894,0.09385202223898878,-0.28395152070746665,-0.3964864534573613,-3.6886154178346713,-1.5725762977082416,-0.6579246191591457,0.03345484065136452,0.3207031201845546,0.30545748681249324,1.027561188600808,0.8942226987775501,1.2995327474786256,0.5296427651239084,0.4552045212931747,0.5965720268377978,-0.6940495477825084,-0.118651565092764,0.04172454184172301,1.1764172923723293,1.6106360115740848,4.002488532622218,3.4191933766920837
