script/wind250m.json
[{"header": {"parameterCategory": 2, "parameterNumber": 2, "lo1": 6.000198445256149, "la1": 58.999992894266676, "dx": 0.5, "dy": 0.25, "nx": 22, "ny": 24, "refTime": "2024-04-12T12:00:00.000Z"}, "data": [13.61183460721816, 17.57778908250159, 6.876918188877205, 13.965307793244099, 17.835770538444315, 10.687386543017523, 13.852351099974998, 5.95484318305829, 11.226999073880286, 7.911381757802025, 12.850917401442064, 11.611057253731836, 7.474118290405862, 13.893340014331235, 4.07940509236667, 13.413417475483667, 12.698264459367557, 7.367815265781505, 12.153741582889722, 13.349508215311701, 16.799039787318346, 0.8949817175958149, 2.6761214334657053, 8.220460623144945, 7.235936028265728, 1.5505469671161272, 10.842469605559543, 16.278823239715408, 16.500011791988097, 16.75949357563962, 16.830557731941955, 2.1821257017056426, 11.946499936011955, 10.430927328027776, 8.887692578156436, 6.796757574226586, 3.2400798249594787, 9.014216674387615, 13.257888774979467, 11.105696868394883, 12.828893757431882, 11.28142520141649, 15.984524439874294, 6.415999020573201, 17.250205867664775, 14.898682852770795, 9.905120250596422, 12.44771482621828, 13.74233494547329, 12.209782986750374, 1.8212638110835129, 5.471528050027373, 17.41786964114394, 17.76461207769396, 17.947963936510753, 7.3628917371174625, 5.3236899424360375, 13.33152178156735, 11.213922427349999, 5.505467512170904, 11.37965997823607, 12.82157136587528, 7.212760262285581, 8.700838134869246, 15.621465128716464, 10.503720235674795, 16.35828560844422, 16.45470515784453, 18.631283149198858, 11.430727506746967, 17.897735633953044, 12.318574533185885, 7.231873307713051, 13.243242031054676, 16.198571207097828, 15.363099565361225, 17.318262453504822, 11.599697298200676, 7.492911324076327, 5.066202006222412, 14.403504264001521, 17.032292481867316, 11.73031704691446, 10.73294556162664, 16.21691477262886, 11.033106385334946, 7.136474795908194, 5.3622481816705765, 13.344249493334194, 13.73758606556483, 5.7496592655902665, 10.9479478020747, 4.477262035388454, 11.045300352609525, 17.947806966252497, 4.418206150895212, 9.571754583327124, 8.185929016711583, 11.377457470469274, 10.934821038973304, 13.682096670819437, 6.1615320596490255, 5.519931793796347, 16.35918861254847, 17.329583687874347, 7.25095954911183, 17.16953761661542, 12.251206610248689, 11.054931032318438, 9.710273244606382, 13.208316512120048, 13.343434709999714, 6.827746078223818, 11.954017846326783, 8.157035085003702, 9.067727625964173, 14.845257454124079, 14.023941027463282, 11.789566937591978, 17.864857934978332, 13.157745399159685, 13.000335130637824, 12.23423745738457, 2.7932536047691308, 10.217730667699145, 2.4921108631486057, 3.8326003881183315, 8.647447331375146, 16.97136465233257, 7.173059570242974, 11.845001993628875, 3.647944827736201, 8.64149309897493, 8.94634001238176, 10.831747956046653, 10.544922844051323, 13.073819565721907, 6.044073326305487, 7.744316803889804, 8.245099487566485, 7.566202678742692, 7.445761130847393, 5.174695208921771, 17.386167710568866, 7.998251123531902, 17.771260811233354, 8.437650055006824, 6.718470206034806, 4.633532496445215, 7.019067200028612, 15.984581614076143, 8.707492168723695, 11.374289698323143, 11.806768193932038, 16.104818815260696, 4.3013594006485905, 17.502839661307128, 10.125351879440647, 14.785428116955863, 17.432926715935746, 3.965623887625949, 16.796744933531485, 11.764363908712594, 18.571225893352025, 7.887412662908432, 14.379883139286068, 16.67832139692319, 7.278923313365273, 10.409064707484816, 12.562423802324652, 12.724784970097051, 10.820883838132284, 2.861021071276172, 13.676675584949747, 13.695259264003132, 17.857019448611418, 12.857662720977945, 18.46525932124865, 13.620806539957412, 13.344324873750674, 3.575829448561125, 7.08355609166979, 8.41803710842434, 14.856856043331192, 7.506642577382388, 10.656799336539729, 13.158507865553574, 9.750669816086091, 16.879174632225908, 18.148589737125572, 14.599425915460074, 11.56539435461377, 8.9066760180138, 17.57233258179426, 7.8300116735056084, 9.310337185902132, 13.107384156932659, 16.48337077539505, 16.167535558490986, 13.634419250484312, 4.472037443094408, 16.522761294986317, 13.552244084922439, 11.452863707025307, 11.533884479979942, 3.990610917822632, 3.288671862423012, 6.52851631008471, 5.9166302216211255, 8.166164543027984, 16.563331748445858, 15.19965838040884, 12.988948071555523, 15.59658266066906, 17.636247739400854, 12.69595530151661, 2.636141304273026, 3.1017809786148116, 14.334109330822782, 10.533005291974034, 8.486634890903494, 9.636668813327578, 14.801987841457992, 7.282697632286782, -0.5564587295334841, 12.492892831040777, 1.9523898023661943, 17.198159444210336, 6.29596537153787, 3.8452887661328723, 13.112964718650717, 8.045685350147581, 7.412501559062193, 6.3188837262706326, 7.697334250269343, 5.3719397979761805, 12.238374404516854, 3.1333987562396506, 8.899339024214136, 11.728015918988747, 12.916287256433915, 17.270172644472485, 10.055250050852415, 9.872651444066822, 16.25978441035849, 13.580047528496227, 5.19663953072782, 13.095172920822854, 11.98864801261732, 14.625618279473551, 8.786891491241047, 11.755438921544481, 8.910395583644764, 1.2744670070473945, 10.298165003752557, 12.776938065726624, 12.73899066971064, 0.5473143223260344, 12.342327690517967, 4.362842895710699, 7.479517905188178, 9.837772683133004, 7.062100407646216, 13.562683671354282, 3.2311166971495524, 16.34911240238876, 6.914062106654816, 6.834839051528146, 3.425382389780838, 12.063615500737985, 7.161862410052866, 10.70736598976358, 16.822124199617598, 13.037445377305673, 2.679407404657563, 16.87373107784331, 9.344231485239057, 17.260493313716957, 17.642792258178673, 9.886242704116396, 12.023225155651033, 8.732515562176799, 18.360582711055397, 10.434895720087827, 15.28065564856244, 13.286181283010755, 18.584019927014403, 13.852895071489653, 8.593123624597968, 10.765312325863858, 14.668830504873835, 13.848663575977975, 8.065349327964167, 14.686034143963653, 18.219194157527845, 7.17594867884681, 5.827202988290047, 5.31117929861038, 15.999643206790779, 12.669034676094165, 11.37399281368669, 6.323758741103276, 7.130355201822974, 9.848609209578044, 8.756883598437865, 16.871773610949138, 8.723104891906885, 1.891375060563838, 2.491070350449687, 1.9296273257151277, 8.638144680462414, 3.2210478836146823, 10.765641327044616, 7.705322212981917, 11.44333086618497, 14.752573672054853, 16.576006223374137, 3.466919897220285, 13.105027727489908, 6.662553448261836, 8.516200306746342, 10.43116686503479, 1.1845821886978625, 8.336281977003102, 15.570558878148635, 5.759590294740214, 6.458744339042481, 7.8086909267876585, 8.85399464318528, 3.500215892051489, 15.414884408917443, 8.58299982404349, 11.70677604739235, 6.358979593946903, 17.05645363981869, 2.5426047205357363, 9.734331777766203, 9.481363392465163, 2.477674559725391, 13.264254131926759, 12.949596030350172, 12.874933298013724, 9.00473258785455, 10.977766913208475, 13.400612342125655, 2.266780418092789, 13.86209384166053, 12.60402500391651, 4.696502201760008, 11.726514785818106, 10.542454508015014, 7.095934165395567, 13.346437351020576, 16.72112824458951, 15.427657312410924, 7.5352057020414485, 2.3431252729831726, 11.767489739908852, 17.630915514628796, 17.799124094563457, 13.36526636418801, 4.435129955361333, 3.098585631441822, 8.884500011971813, 10.829416305179205, 3.862723438765657, -0.12757214790239746, 4.217152995702279, 2.1562936720679806, 4.667601353438808, 14.396814097776288, 6.139029787326511, 5.943908496009877, 14.449551085344147, 11.012613883285319, 18.25630708322087, 7.322679243652752, 13.968484740412077, 9.194989071399245, 5.746637269975613, 11.144879823729143, 12.987955962565115, 12.434007594188314, 10.854524384582351, 7.775808912860804, 5.02386114439715, 8.813557248397816, 4.951115911434422, 12.265383583181473, 15.846941337732092, 12.291116071590055, 11.633815896868796, 1.3309635453327548, 17.54970573665108, 7.206744973423698, 6.386221012025939, 10.458708848790303, 18.271258360021918, 3.011734610417321, 16.69955222072139, 17.542485295059834, 15.56119869357703, 8.788055778827804, 10.715012766626762, 17.495225718494297, 15.736764157439607, 13.799173887389555, 11.857092655742916, 3.7368868028421747, 8.817504612149822, 12.423941138867903, 14.44279529885154, 7.758624793177531, 12.918264388668867, 11.039006756139633, 1.0295514490811972, 15.843817308589479, 8.388002028006465, 10.85365737678487, 10.461254868051698, 10.846483161278089, 16.522630903677037, 8.902769437007866, 17.85349837916771, 12.363698814799923, 16.970725602458636, 0.8497431715522185, 2.1750920075650915, 18.37598176347892, 13.116000367698668, 17.547553507202412, 10.68762711035979, 5.402210202900101, 16.908391700381856, 13.662384423154293, 14.07553228410576, 6.063302249590673, 13.035339901052932, 17.806428753041907, 11.971683760482971, 12.682969745943552, 13.225394677719178, 7.602607977656035, 3.1411294972817334, 2.8640080693018386, 17.203880957532398, 16.66708721352076, 8.611782183210664, 8.69749360068605, 19.432813178879485, 12.767041419520107, 3.765164862614468, 19.93911677091555, 6.498092634393586, 13.018757038256682, 6.7673224154184375, 14.29067918712212, 6.947859791144572, 16.07824568547134, 13.197494695070507, 2.5556562537563052, 13.780265921330955, 18.6217460957991, 13.33076356656142, 17.481171370180476, 3.551995288035059, 7.800556974140006, 12.80574008059952, 13.90028241691232, 18.148607406310298, 7.651097247407712, 7.985964815782118, 12.821700792463556, 13.948334157733655, 3.269376333385329, 18.193880002385058, 11.801562327187954, 8.587704906469146, 6.17390096057859, 8.692547239847428, 13.370863284341807, 10.543025786245895, 7.766083204116592, 6.402897105914229, 12.135844768698206, 16.887347748202693, 13.534444620802955, 7.380417369998848, 11.810417896658413, 17.12088317169515, 0.8725276454835567, 3.8358826969437065, 12.873068140327907, 18.066362409406164, 10.757003805511417, 12.223652532360646, 8.13272567681749, 2.5383350893275063, 10.577946311440224, 17.427226648431713, 10.262043066767745, 17.46734173118114, 13.811996434628544, 11.115128260241919, 6.985773773395744, 9.695803160403237, 17.655801380086487, 17.86377037341675, 1.7417432401219581, 4.979820366128315, 16.344499799123643, 17.635453771801274, 15.053377753425849, 13.896192186465138, 14.576028421719066, 5.14950707397439, 9.216215434819354, 3.6983395134424937, 9.786090337357955, 5.870920634337031, 15.441319433378363, 15.445692254228, 13.66412572693721, 9.405687448863572, 16.999318334674122, 2.6138797262597393, 7.744909937373747, 6.667922106535091]}, {"header": {"parameterCategory": 2, "parameterNumber": 3, "lo1": 6.000198445256149, "la1": 58.999992894266676, "dx": 0.5, "dy": 0.25, "nx": 22, "ny": 24, "refTime": "2024-04-12T12:00:00.000Z"}, "data": [7.606335422373487, 2.392491488601609, 2.3025765670074514, 3.855134312913177, -1.2957577963997111, 3.022765993760026, 9.255352055602007, 9.397484612957255, 8.315105155572242, 6.367291151499169, -2.066827869696486, 7.923128032126155, 4.737229292931027, 1.6729162537281486, -0.3567472452382986, 10.417871043136728, -5.8255510161208, 3.3662391094354676, -3.405213101158843, 8.04401985055649, 1.9391601966711105, 3.137680643499327, -4.151353360344451, 3.896734262976595, 5.057844852003343, 0.9236003807480472, 5.575546112162666, 6.593783159283497, -4.08809089365712, 7.544301722315774, 2.3431476103223656, 8.681259301871627, 8.053047534610894, 5.307371658356625, 5.229400835981637, 2.4744102984260445, 9.84668104022584, 5.774303447190319, 6.005680496391929, 4.781593239510574, 4.678767273331724, 5.573252906130735, -5.249331991300569, 5.660532669386669, 2.408518480134212, 8.322976075678401, 9.800664528403852, 6.6873074032545725, 7.554706803723401, 7.703202458457848, 7.608731926761981, -0.72731043665142, 6.3774700663000266, -5.081063024760309, 5.389469155161929, 5.368188524199607, 7.217672134980082, 8.958702155184552, 5.448537422081949, 6.390449444639996, 0.2553117948352413, 9.484397566493682, 5.100300910002847, 5.624423902833279, 2.010146909777535, 6.49894937708978, 1.2408502397880214, 5.421633998437559, 15.168817253149758, 9.800757900907742, 2.175682343284542, 9.246888003556467, 5.395406416758513, -3.9645519075139144, -0.08490621037444039, -5.072191263607105, 5.309168307632552, -3.59585995357771, 6.499633048184925, 7.180957982010559, 6.631726195347359, 1.9266196443635786, 11.673985730490879, 7.934502781830768, 5.751528110941535, 5.955941248089821, 5.235150876633844, 8.877842187779795, 8.132425090864984, 4.0952361567049325, 7.839048246120446, 6.34635913723943, 10.65899087422357, 11.613262979731918, -1.5258182275241896, 7.607273513370504, -5.567271113031458, 5.101762498901658, 4.257748809964962, 8.088756331936949, 7.093729832699007, 5.777450587092125, 7.87341844559853, -0.19034664628412995, -1.5717775722995042, 5.105600738577078, -1.543140694450202, -3.56487286198916, 4.225139488749206, 6.474171568271939, 3.6494344226473987, 4.261783311952395, 6.9250404483606065, 4.131222114548126, 5.236838335663956, 5.9636940049163085, 6.769291436142794, 5.714904175588878, 11.365743784481648, 2.4924876834639225, 6.391093079740263, 8.124848329841198, 7.6658305359541705, 0.20218618439647074, 12.065122136965016, 9.342297559411206, 11.956347068310032, 5.803807819431952, -1.925696342366485, 4.536593468400297, 4.102026137830743, 9.79588845254535, 6.587808025854466, 5.789104517832301, 8.219163561282883, 8.83965168179822, 9.05510209172808, 3.6292881052147186, 6.605792589151794, 3.5919549719091193, 2.1017986689496135, 3.123210482558243, 8.378555307958358, 15.694741369480411, 5.493782206136844, -0.48487375732660914, 6.083401903359809, 4.613358893587103, 4.26395510982417, 5.366233888375893, -3.511063766325936, 5.71703102075552, 8.53434336536371, 7.746691772081856, -3.101626960600905, 9.916454209529123, 14.460823175755745, 7.372864472184548, 9.953797187523675, 0.04335771978685661, 7.964881984007375, 6.570740530172927, 7.04414580468937, 14.163908705080589, 5.403921346437135, 7.441417006560063, 4.9266693698311395, 6.6221705800274515, 5.142032467303797, 7.7877296441064034, 6.500390103773475, 7.37433885227599, 9.17606741028317, 5.162691187722445, 5.132419109201711, 3.7905159074558745, 8.203911498095945, -2.4184278145425577, 9.953204069071411, 5.0987871683659325, 7.555283233941514, 3.1451848835699785, 5.848988375034017, 8.665556098799621, 6.6367018763964705, 5.057982791523528, 4.327300317534014, 4.924612614977732, -4.05707214422331, 3.89322808306236, 11.868110139692979, 6.8384370241553345, 6.518015475449898, -2.3928672381999614, 4.583367174847713, 6.438333595176388, 5.723093370772218, -5.252754973917801, 3.9424908682594926, 9.598905328203406, -1.0044041164148354, 9.809073190781415, 5.715615729474159, 4.085589465631107, 7.610479488546865, -1.8563935521754398, 10.541331516317534, 6.886161893303784, 9.482001588946359, 5.26628935893246, -2.0749982619609924, 5.926665297356355, 5.266735648069338, -3.562665388811787, -0.5142446702968619, 6.464219090984925, 10.814582230383623, 9.62372707143216, 11.001701128361367, 5.455291438454122, -5.133012420125303, -3.9150354407332832, 8.093399338085936, 2.6206665762343624, 7.600948714159484, 5.980912535459095, 14.373458391644842, 15.63360445887169, 4.858348684469315, 10.645536530380225, 5.2182203205395306, 3.7436435361255085, 5.161147503498865, 4.814560530990441, 5.33985972356358, 6.796714887589068, 6.716242903948165, 11.474049288804748, 6.5432798850478004, 7.786702015379419, 8.070473358383294, -1.7456218618144654, 8.00962215601083, 7.515919751022294, 3.059921054121228, 5.186544146179788, 4.795440523476404, 5.87620165901547, 5.70026504101344, 4.700165169572692, 6.343093856775066, 4.118287781738678, 6.915849783178693, 7.822749271498231, 11.059409072934715, 9.093217620822859, 4.321088995540767, 11.620622649496253, 9.155774230786188, 0.29088042594593255, 2.0722538195480857, 5.2966579288948905, 5.1347080167761865, 4.823993167421709, 10.619253261411338, 9.061062381306302, 2.0278131939303745, 5.21826269525123, 9.24922819358086, 4.599389781416987, 5.027392023188732, 6.355250233372249, 1.7077044395287233, 7.367155976958335, -4.632071318843771, 1.5352082106595821, 6.203642054094836, 3.8956508369622713, 1.597882089248281, 6.541925002954013, 6.595611304468607, 5.452535064203179, 2.3963995690908493, 5.739925367368504, 8.864211966952187, 8.340052821005516, 1.4666368143252948, 4.331507534297515, 5.310042912793755, 10.15790984317778, -4.010361665952028, 6.270020202520008, 6.764931914942796, 6.597183629996747, 13.77116060051572, 5.093747999875426, 11.635744885351759, 9.204849534062364, 8.13975783053927, 8.040163952580526, 6.811446898269203, 5.421550608595747, 7.262097545244383, 11.554825487130994, 5.653073626744334, 1.6055466661623927, 4.488513963232515, 11.319620112827863, 12.367530904767422, 7.904550504302306, 8.422730545628056, -1.8036451399694582, 12.750558144639808, 5.340240366778334, 8.22121944307302, 7.255524260618844, 1.6132005694380647, 9.300953119739553, 6.391702523252644, 5.834185060632072, 6.2234813603121, 5.394009837112188, 9.799503995653739, -0.106008115381959, -2.4408743132477375, 5.942300854865581, 9.057835730030899, 5.519990321624215, 5.321383288567743, 8.327806134776637, 6.4994085096455185, 5.5872051596769525, 8.42340675470795, 2.934890929527773, 1.7777604066381067, 11.333973254048479, -0.4628383247184006, 6.777202381802154, 8.022953854568005, 5.6148456072821284, 5.2285274519400415, 4.4236612491698395, 5.880782959267588, 2.6993669720104783, 4.5187262293168295, -1.4183068766801, 14.33732897887384, 6.142078688028989, 11.114826380528935, -3.5711232269258164, 6.201160331305241, 3.612264402882972, 6.753575429116071, 2.7552609411949587, 7.066963866776191, 5.945329493760606, 8.408769224709932, 7.007844559624376, -1.0688934976330227, -3.900607541058787, 4.734399185045144, 8.617036016389756, -0.4717809608815675, 5.66371220128753, -5.665522512571172, 7.386680112619111, 11.84520265417449, -2.826224284499165, 0.24574760744307972, 4.886599471094479, 4.700900805724328, 5.6010870855676345, -2.2823570833248246, 4.767629666043116, 6.44100722357145, 6.152383632287016, 4.822839150941697, 3.3931463251741985, 7.61768309146487, 8.091305559278887, 4.778136781733163, 7.636549959706103, 10.23266096522353, 7.520913853697792, 5.253865038428699, 4.211836179998147, 6.05267508041032, -0.5100351486552617, 7.412266858519527, -1.3909643175004782, 6.2456003694514335, 7.8738763998862895, -4.414464642132732, 5.741552485945007, 2.95691559517708, 3.377961841114254, 11.784199752296074, 3.4233265590317408, -1.3941660321088707, 1.4019141866804974, 0.5825696979659141, 4.63667607726839, 5.533988116825231, 11.735813818129628, 1.9183630126567952, 11.595283963141735, 5.208322966754071, 5.4799535477609504, 5.738105138251662, 6.194238530368366, 4.747125199213463, -4.2005770934816375, 6.022682987359215, 8.124863562727624, 5.734591599562931, 9.304622904796938, 9.067189413458134, 6.535347315349099, 1.8594528470802227, 3.7658760865513043, 7.329849271706922, 6.146057618208271, 6.193899092948742, 2.659366886808256, 7.658154275309203, -4.920641892283778, -4.213021192186821, 10.608445795775639, 2.2467950751979444, 6.566136095384881, 4.739587214935989, 4.981879379725562, -1.23578993994073, 1.0712608280135418, 4.779642651317225, 6.0532754366645, 4.8332639560098745, 6.274995951396572, -2.109606567580602, 7.755979806981505, 7.666483565125724, 8.181961100976814, 3.6507509828191855, 8.516523745510522, 9.185630129328898, 0.7686080495928745, 3.8665827185074155, 5.5339448217515255, 6.117520790127183, 4.3730657020814085, 6.179250897262864, 11.100797253360156, 3.472686335537312, 7.900557476582224, 7.67208026796958, 5.846766042970281, 7.896991195946411, 5.059014536866809, 4.728710224914731, 8.710645723022493, 12.17052356513116, 5.800582270450062, -3.47203088817166, 6.331071778028504, 4.12103281799249, 8.389204819287995, -4.1714305429916125, 6.429119056882296, 5.609174539902246, 3.0384150728888106, 7.227653802365201, 5.056697597308358, 8.702504315235203, 3.1388896822949777, -2.1633239144418366, 2.3636150431460146, 4.9241552357008045, 5.555208546113882, 6.070029444098863, 5.280091674249458, 6.266627261099304, 6.179007154555874, 2.2489383195180457, 10.793247281642575, 4.598309002747348, 7.156012296816183, 8.267987011922168, 9.402180017485867, 6.040892615383854, 2.3835058122208865, -1.9996196728158282, 3.3847195912799477, -0.906357067923831, 4.0384835283468705, 6.75148950511973, 5.830250295074726, 4.922509765412664, 10.985966050869886, 5.923541029542871, 0.17243223405927938, 6.6385426409167145, 13.529323948724954, 4.812580182251584, 8.38296809394095, 6.7017467509677955, 6.875509862984406, -0.411399950477273, -2.022648811632748, -1.8212799119530938, 5.590729741417899, 2.321593804888818, 2.1562589314986123, 6.479644243094618, 4.837249043520116, 3.7986906205744027, 4.468551870190759, 10.320494129899155, 11.45240334879081, 10.544960007660734, 4.596852539398752, 9.529762042391114, 8.175042864632983, 6.308923782509289, 8.110027609870228, 6.950065363475368, 10.356377348609865, 6.331118059870734, 5.234706378386422]}]