script/wind250m.json
{"header": {"parameterCategory": 2, "parameterNumber": 3, "lo1": 3.000054539987559, "la1": 64.9999836372058, "dx": 0.5, "dy": 0.25, "nx": 34, "ny": 52, "refTime": "2026-04-12T22:00:00.000Z"}, "data":
[rows 0 to 24 of 52, columns 0 to 33 of 34]
12.357530764930006,13.59313186863353,14.472501793588382,16.09205723219681,14.727734038375662,15.0141324680759,13.105984799915591,12.553710497824332,13.426637670225151,11.986236093918716,13.33478294733875,13.668859277256665,14.013713663549916,14.283883755576532,16.118005951115965,16.219333704144923,11.872848314426914,11.040562915890613,11.075586211332059,22.078235061888623,11.322212116758331,6.677153196347045,9.396372814304954,12.87827737953965,14.652317525077207,6.994183331371659,10.311683532202133,12.628280580229326,11.38235604145471,10.938305654713416,8.811019853731398,7.540920095119115,7.534513749605843,6.255996560905031
13.954156503704658,14.972567377304525,14.751043824554115,15.970799135871758,15.774003279578219,15.03331188286741,14.07506307717898,11.757309284353758,13.393402132341214,11.003180320916849,10.865354490076786,14.256874851324513,14.436962818990523,14.676152115384662,15.494312770296094,16.259705095520793,11.766488054922139,8.953039839071574,13.177376098732807,16.170509511685623,15.481961248276708,10.656241848617011,9.926994735037878,12.958244066460693,5.283814254367818,6.910439403720431,8.443555707229212,10.57937452498223,13.37564651752264,12.33686077812689,9.139997902641563,7.932481173209134,6.896739460969984,7.69966299826507
14.838084711767594,12.238076601130857,17.281433172929603,16.64468748811326,16.081862925152905,14.029465134531057,13.49846600445034,11.26824587812234,13.489060141105897,12.008489544672141,9.728324959854396,14.159749577138664,16.09431390182656,15.36551055364404,14.77708905767683,15.00730986576769,12.126796915411562,12.188777905900102,5.332944116997473,9.821738371828332,14.411684129030778,15.152202383103646,9.022482333557488,12.075029733079152,11.643425197480266,8.600792372001694,10.227278802102967,12.7980093937822,11.064410944942829,10.88553853905077,10.205271327363288,8.951363962184796,6.905157233783895,6.865491032196377
15.233565425824729,14.404940816712093,15.020361490785696,15.342611028960325,15.048665840288733,14.08188347135276,12.585154468120171,10.132858348682243,11.521904506006688,12.166765522770794,10.299415800532929,12.334324380231196,16.009394266885373,16.14618474714954,14.25485025156216,16.49369982231652,11.294209539323502,14.331443739642086,18.920681012471096,13.907536315686166,19.298720182624553,11.406972363402085,16.463405676413924,14.04772021739484,11.217233997613038,9.561054578906154,10.915513157068462,10.125009487958135,10.955683034573363,9.579971283959006,8.286694298133256,8.330077880324573,7.4939381501134505,6.241601572145662
19.056663223388973,16.28528193184938,15.134425382518721,15.138625889264686,14.9742977680525,14.732058757451012,12.185474962516627,10.481904769426343,8.671492639701952,12.653618050101068,10.601023067352699,10.243444938542936,13.565218697164209,14.65409127619861,14.87472065522743,12.712031082019324,13.748887940704678,9.85589700196945,11.052060787986887,13.897907882005695,20.74295315728315,17.86372039047957,10.44837158003602,13.149818941365028,10.047886656805137,12.231930429009363,11.647893139988629,10.914623590422968,10.345626330361169,9.632016396577523,9.470056336296421,9.955641741666895,6.601479249673251,4.800631867591666
19.80959966015479,19.03352373901945,16.555103490015735,15.678626533709672,15.38482274408751,14.995620637533293,12.750221718853753,10.23312741441936,10.045057914106726,10.147849749924994,11.67646367428256,7.8282780830369925,10.68594541034625,13.026942308506591,11.926712647277798,11.656189340954379,10.325136839935132,13.795605923003128,17.37690356988022,14.274891318023398,9.472917363005859,11.801832664428021,15.674923327457158,10.89458945056032,11.773801149045266,9.901295667196468,10.70797800019268,9.801850082065068,8.517463606298486,8.730498083855446,9.912263695597217,9.392456982048596,6.061666218374491,5.4636535455125355
19.752137454941572,17.57793921407632,16.29824763438546,16.542238126949915,15.892819442648761,15.661219843374852,13.809229751990761,9.983560109543896,9.243335767380989,9.993782855190492,10.53760355530391,9.785905761334751,5.895695155960764,10.37945687448984,11.394439053737878,9.322605954827212,8.860569352133478,15.165931793379695,16.148842989225297,11.10461480174165,9.636633448784528,11.895153132532664,11.85538884235065,14.205241123719837,14.840276993789876,12.63213880506749,11.85290558885408,8.914074582582792,8.320946320089911,7.532640673348219,7.542642816632559,9.770954821078497,7.722746276300479,5.937480229497905
18.13011162297507,19.660380877228924,16.250519554487802,15.44749563980058,14.79550218062189,14.408992027767034,11.786106327538208,10.333747358195076,8.467463272841059,7.134116239397124,15.411454984611384,9.862651004951886,5.830317525347542,9.178854996572545,13.466521729883992,17.080504788264243,8.752503993303867,17.59710183760421,13.47694810833012,8.310569255713267,9.60322887401184,11.19084951151441,11.198012527752937,12.915877766661675,13.14270330969321,11.376525522291926,9.657233305207226,8.94543577388399,5.740556320775064,5.602135540357482,7.369318716749729,6.555806434131573,7.574218103980226,6.828489619701574
21.052833852419436,18.52697666012618,16.984558037213773,15.209814247005426,13.938903227908396,14.35903857538599,10.35263284321731,10.414241328213267,12.983857518521939,12.674386354337143,13.976160829797236,1.7022921893931908,16.8198347500615,15.268149922488249,19.110285544809255,8.009477679012376,13.28792126659752,17.04384627754039,14.314224899923774,14.750166455611367,17.989623897811605,17.600263678269396,15.7564412296225,11.615393517458703,14.462965931817065,13.042600656932187,10.066221188516856,7.724011081175005,6.948355058883166,4.815006771993781,5.9749634316028954,6.342262814183693,6.49063389396496,6.376050289094458
21.08440882431876,19.06739399965464,17.988833662479873,15.515109299696995,13.31453832066585,15.941271677707467,9.819567992308286,10.434832723045202,10.013627040180316,2.5460212901444454,8.511613467427816,15.681048422610658,17.419400192182177,15.989649456281358,10.899424128060582,20.008086461088613,16.84553470888569,16.05221582891302,12.244588844978663,12.31961068455447,13.959078569796045,12.530303236101428,13.153646067390708,15.823612283658488,11.913890401129258,12.564396218930149,11.609948150102023,8.250782469149264,7.510777954047583,4.142388950007066,3.7420794459691065,8.36308022823939,5.2677490715496225,6.645821496795091
23.558632079848106,20.40721029510839,19.000220430319136,16.333672284252007,13.29867643854228,15.665733387420005,1.8843881921340904,4.416682281079832,15.751486422250332,16.876197188499063,19.63571196851002,20.338009268307776,27.856642168586323,14.746873070443181,18.82991494678881,14.02362772298407,12.244042662287718,11.479394440868145,13.295716652235452,10.809460888002635,10.29271409426185,10.51102322798725,14.322418542378701,10.451879191778591,13.369003274653592,8.485693542621087,4.188197532232085,9.600285870218217,4.521072366056833,2.626640682613485,4.4683470450786364,7.646343569167255,5.7086885157708025,7.061518496608822
22.37762917325265,19.927125186760772,19.413793000579243,17.76976582431992,13.642696358751456,12.757140389570456,18.027751110828635,10.031239263258191,10.489405206651416,19.303503768986094,5.129804974971553,11.76361041754622,15.968165240356749,7.4888714827697545,13.501164697750713,11.288078489626775,14.572625094371551,15.211813930634118,13.944495513034632,10.932862584825799,10.637211263303803,10.730941921636347,8.817321035931007,13.148071588239242,10.382550660161986,10.023254723367783,11.093490712921266,10.627639225149707,6.634526901658791,3.8677678145187255,6.518394735329952,5.913445859134117,6.02748820537439,5.956771652635009
21.430722878537185,23.346301881929136,20.434940141374376,17.515147334513564,15.111612428210773,14.160366896049483,12.208294733673466,9.313600343105962,14.489872990460299,7.232223359643115,6.299339834525201,11.746047115690562,16.186680590635927,18.65210281427009,16.175048237889968,17.123795359575674,12.017891804660113,8.912092198270624,10.071879643348558,7.711865561045855,9.939959424453056,11.630351774796294,12.990628595768426,11.456703845924997,11.585463802926313,10.29813969913297,9.649598905892885,10.235160912676319,6.819165309848705,6.881725459120513,7.369200450935699,6.283983547516592,8.187494784650879,7.217266777418591
21.870320936471842,21.55951477707245,17.800713356278766,17.841123208373343,15.459274397504641,23.209892987088594,23.47570343796755,16.72923937201406,16.786549009573402,14.301098235707984,17.335751015194155,14.591944892437727,9.42533188601541,6.435172492382216,10.124913258313347,8.545901281085857,11.568217961248358,6.923011309738266,10.784476692850369,8.701998744214892,6.6817753865166924,14.454121138957708,10.384211207330637,14.71244478311646,10.398809483446334,13.02290875988219,10.469804276745762,9.68799767380802,7.402517585882038,8.145819350331532,7.6110699099673065,7.2987773099059465,6.944321429938049,6.785090747252931
22.460236020582222,20.646246577550613,20.75143396685375,16.134085689893517,9.978274127457135,11.467665705974536,6.129488864304939,16.409088492804116,7.726855237448427,4.076419658823489,9.688810956275935,5.4451673618737155,10.681999242418101,10.18111742796789,9.29904880116187,9.378034423617716,7.687494809039328,8.711799407914267,5.676307153451701,6.493696124390234,7.371454139908226,8.686455591292528,11.241099800337148,10.96544660573173,8.633857326837308,13.122829065851505,11.899216343601973,11.108487565052654,7.751653609347858,8.104920728166547,7.662203468778335,8.706638922502664,7.027006857130243,6.701804066549395
21.284159810714357,20.565834458068846,19.38493806476499,15.252457579110196,9.820868953468697,8.154072302795269,10.511598925051814,3.858782178538212,2.4416924759256515,1.8693507185161622,6.980603616181879,12.187781181096287,7.825074224071743,8.665018649861542,4.679050046016253,10.079861037790558,12.318562195048518,7.525960256796729,4.601525923722442,4.742983630718998,9.08725810698769,8.093642581945993,4.880624082038457,9.422616536722833,11.120379248091455,12.134298696730305,10.27981658385789,9.725777158878783,9.413436778193784,8.060272317854979,8.58237930834471,8.900940422583737,8.488235041473574,7.916248084121619
21.228726363256467,21.577280724977058,19.022873456468876,18.031830646039054,14.891069015297278,20.07928068828416,18.2585138049864,20.181431924424132,9.771131552585256,20.785365051101437,12.612034114204123,8.284924443730322,4.862236882793657,5.047512413171456,4.785529549133059,4.388712060805013,9.525018463706816,7.106049372047783,3.0217832570883485,3.92898228600605,5.525104396067378,8.268542902600792,11.794369651906766,7.362574923423935,12.952211091851526,11.843565166047929,10.574856086418528,9.633523503612698,9.200777820035379,8.8427176992976,8.37691783206843,8.86316556654995,8.541915171601767,8.33129157185382
21.07541308901591,22.078988972530166,20.398022801173347,17.62506014308633,14.411391765123732,7.810980705041118,14.068674340716955,7.528311994445108,17.29768062548352,10.815467467283426,6.242519977845488,5.7435108552235485,7.34210936613128,6.304638385107905,7.4357731675408285,6.628173487169598,4.650366636078324,9.551545661297038,4.201457371305935,5.382921876224582,8.246161823656525,8.26174420398346,10.449124729864877,12.747427896588528,11.364166155371194,10.674372438441642,10.947107538206613,9.375927991933972,8.130843411996636,8.26740817833996,9.110447161892097,8.498114827282691,9.186349793454358,8.795847137695901
20.878033258297517,21.025151235176285,19.921798696705373,19.291155448622913,13.11285989376232,9.803683868798258,15.166420937265304,6.426338308178504,6.228341897945307,5.958745327965086,2.7788503172687444,7.040908104972495,7.002973019385705,9.414858868493654,4.98106666442196,7.491416256920978,6.171899936676103,9.855109319241308,3.5237534342149877,5.7348333972065095,8.198067237945487,9.710570798769112,12.992369993874922,11.323989199716957,13.091483668594394,11.231324605414304,11.04303820460675,9.293015344629634,7.483172989661334,8.070874870317542,8.640858093377714,8.262609623287348,9.591012824344347,9.202457381095893
20.150816459944945,20.79688535991933,21.074539102152524,19.593316352205743,12.605691516677034,9.825230626551816,4.445201074113457,15.749879881962226,16.49212912976289,13.00879240785734,12.61817992935523,10.172653554016065,4.3916425791255085,10.76708943616565,4.435696676777085,8.829972797357298,3.64709445138318,8.267110937919092,4.9459752382220605,6.900420280187101,4.597918616276397,9.325112439782147,10.732248298747892,12.064355956944427,9.27180293229402,11.647382176362598,11.293042557923584,9.924840357812723,8.48285022199002,7.858009802886999,7.435705337306461,8.447615882593116,9.963098633857038,8.412883689772647
18.628722843767022,19.698752703389278,19.30361043644314,19.801593824207867,14.665564662834807,10.886208835694942,18.13429010459885,11.742229270852997,16.61614796907954,12.4642241878744,11.762259531713212,6.0719600657610435,5.456012847011072,2.116265141635028,0.42683472499917907,5.430286385858731,7.808268792783311,9.882621758128591,6.901338779633512,6.869591927865479,3.5230664882842726,5.938595537891133,8.03620581385219,8.239303911411243,13.493053882269168,13.44781522384203,11.410028139845148,9.972359171905374,8.808618116180988,7.644414841847002,6.948827315923149,7.5814030364681555,9.69937991736292,8.627315613441231
18.536776570222074,19.32784499272913,21.276136752903295,18.19016653871205,15.570197769017105,9.750844576966818,7.473279140810272,8.09727922246859,12.808414640469566,5.562265636808037,5.733104964872791,7.057677413691207,3.332387195017438,3.761504212447959,1.28488844496417,3.9660416630672604,8.17121153919387,10.805592526518367,9.150095354857767,8.081176923159855,7.728768021524804,7.045783532307574,9.002927473274548,8.68254873791689,10.366457953334804,12.327176841565738,10.785895722479534,9.653844266648052,8.62415475700059,7.513781950469407,6.92081515861791,5.6943425751496735,10.109201082572119,9.842227388959726
18.554786455240784,18.626810948533016,18.825935278544172,20.267428555660427,16.47999879175881,9.097257440886635,10.264473556210158,13.639116063443009,12.892467883726148,9.126593377145275,4.213415256147819,5.201947483544477,5.386586145490001,9.715582511724227,5.750481302501761,3.093505735176292,9.737255870605141,10.61052695288665,9.32319063352568,7.952654448923354,6.894838908800766,8.534505757764935,10.104129705763485,11.166435165278038,11.14128258984892,11.63183281354227,9.787478991376972,8.811147531246503,8.226661947408996,7.293806828376415,6.628261379310639,5.954630510620588,10.076424092940815,10.225569205569682
18.903093891791034,18.24785672104941,18.16083901751387,18.9841491385778,10.383800428066593,13.607199527847097,12.2805323432709,16.054057401722112,9.81835629943838,5.10853405564891,2.495912316360032,0.9420053484246359,2.6523411111713946,4.464964768889618,8.603204906447354,7.20850883570087,6.834168011643811,10.006422811840396,8.141645436841491,7.872175057430766,6.6927893145877055,8.39424523649633,10.945636101118843,12.70461356107746,6.637080562889674,11.438213459586567,9.159675024679741,7.6746659985137775,7.443429900617531,7.379007806355889,6.048124830691303,6.893606659010096,9.831322924548106,10.335314393175196
18.726106357712617,17.892648475470725,16.3180121362292,18.0428476430894,19.840306608831952,13.045819053828506,9.303796390289904,15.645272053399767,5.8992489914814055,1.9278149048651227,3.92289621107418,0.8338326013759192,2.2246569131788676,4.619245527975017,8.349857939450105,9.378059694964929,8.264247788698912,9.852858188090716,8.89695285896106,9.358857297621139,9.051322728121836,9.12180398589267,11.944050899870815,11.618612841537088,11.167023816173062,10.737983572514512,9.400684908572414,7.95375638494658,6.582515000590665,7.697026381944572,6.901664105195864,7.966919784940299,9.01145482495543,7.917266459807611
