script/wind250m.json
{"header": {"parameterCategory": 2, "parameterNumber": 2, "lo1": 6.000198445256149, "la1": 58.999992894266676, "dx": 0.5, "dy": 0.25, "nx": 22, "ny": 24, "refTime": "2024-01-18T13:00:00.000Z"}, "data":
[rows 0 to 23 of 24, columns 0 to 21 of 22]
7.032646375005376,2.646852440625195,4.150303766390793,8.944849117768435,9.149718466180419,0.13685275505806271,7.268379742530436,7.500136417185242,9.089340184851064,4.443982225261652,9.885813270759959,7.3159250841490415,7.189113169700184,9.354517796171294,8.9062951269841,10.25321487695903,16.346364622283176,5.616430242797938,13.024867596893293,7.455512396799417,7.842454324435512,8.336024149024826
11.991945809566825,7.703350846260695,6.172729816457054,8.95775426826371,3.649699024252491,8.952258849444982,13.589096192971436,8.168630297736524,8.009477703050965,8.750097951617052,7.607142673959668,3.6582022679210797,7.732414999677271,4.137660577648296,9.449841319313057,7.522981513843626,8.46710674100206,11.959084754994473,11.078533479301777,5.801371051212438,10.838974889783819,12.261082548203234
5.0975458285816435,7.349758628647302,8.940392516592185,12.475143906587135,7.051311878247406,6.830061576014788,8.341988797549172,9.889477881735054,3.8127194594605354,12.642034102561777,3.0383550146725797,7.861357788246445,10.324186490222447,10.104944230118372,4.910081701810655,11.012128512060434,0.8432418843030943,9.46741402896882,6.484219211626812,6.168959376353072,10.828879500314263,12.801055650840729
11.92180056815247,9.668140366234402,9.402910222941573,8.731628432049739,4.4305970593751125,7.625145359030855,7.417372163355502,15.562569869218994,13.631896746119683,11.17146760251451,12.801402245922581,10.426688879602398,12.838617410315102,7.706295207172242,8.37464405218847,6.204584028898027,7.626939588228079,10.043838465071603,2.1353905440103778,6.367659768694335,7.125598604540001,7.859163413037034
12.111086160783222,11.171983201857822,10.815380414272438,7.780315807175659,8.633936347381098,7.133922149003771,7.9777511383219615,7.571725063625708,9.922671153596877,7.280677843672781,7.946033361881182,7.566980512621246,8.982223971425997,12.24320751657555,11.452088381669874,12.685068798802375,6.018254921470055,6.952319429241147,5.70798823705326,15.908861167775903,0.4035839710713609,5.684754249237834
11.64076020579931,9.551652824640477,12.405435404380375,9.798989891937026,8.074387210878161,6.265638953688754,8.873700917928701,11.114277769519134,8.644390880315166,6.261903772445924,7.143990922565037,7.065918440899594,8.979098706285134,6.322963156718119,8.566873928385938,8.028926231887956,8.503377896406759,8.669489361653463,9.183174712323487,12.748887585992023,10.72148418191476,11.33081771050096
7.385179547632088,8.469717307893749,9.254012245491626,7.7353606032464075,7.979442637775676,12.413691878026881,5.226447093691514,6.899573310032221,5.031692734165776,7.598955786495997,7.4865294830851665,9.097325972597087,5.108570969650333,12.901975801918233,8.653513471620096,5.993681491106051,9.650766849972936,7.2565422600944185,13.957688242435497,8.496154194807172,10.604473785074445,9.531505340066468
14.235588125214852,9.122738885354504,8.715009785575353,6.72696785709129,8.990746555871704,7.4977182778054905,10.875773001917354,8.79367742032914,9.619495190741539,9.623243814066079,5.416166552581134,9.891150792381115,7.370177179369182,6.806718151451652,1.4247711259062872,8.459205249871534,7.242658645877093,8.344166948183618,10.44746567669015,9.767630443590262,9.937864315392536,2.2395052017426913
8.90559932113022,10.395896462379733,6.455209402623374,10.185504288290415,9.440678250555374,4.427500334527384,5.592262874788306,7.4716454203527105,5.130891261346043,1.7494713086990903,9.127986984023782,2.089581511292275,13.790092568286905,5.267567443774622,9.0975426760046,10.627702703313645,9.500898632831401,11.749790601480836,7.716008138055335,5.600345738476079,5.403602091428201,11.287682761284916
11.047928030324053,7.115544109278406,9.920184373253829,9.88313662066897,8.551276594745461,12.543396079658107,7.2950297777936495,12.572233984751115,9.894822188386868,7.073023554990212,6.8425600600362495,3.4191156968990084,14.073740656970573,9.804489891571183,4.778575680304386,13.99740410475823,8.186059587839734,8.121903922108812,10.267641913775687,10.157049389728442,9.556727064830783,3.7190190479119196
9.307571935730072,10.095149420173971,7.715472028489799,5.495416254627191,7.641714969520166,13.736673401370586,12.123990497410016,9.084037890386625,4.79299533325,9.641035623651069,5.229305667507401,9.0900836742264,7.501186928095784,6.093120459777593,5.947299508213784,9.457206441322688,8.156044374238832,9.9255447566982,7.064838604844255,9.771678011305296,7.353413379081187,5.000823083264792
8.212065819722142,7.606147275016788,9.503802912771167,10.640953109509649,14.653810814392644,5.789839519568863,8.118406202160658,10.002443904841513,7.822257022879382,10.608449858778336,10.035838480168037,8.18049797930362,9.13609945029275,7.018196289782807,8.454096696248323,9.951313488649438,9.365586325251742,8.745170470672633,5.126126566471611,4.136001696718416,5.611842989989794,8.705063884923744
10.064085503924105,8.140490361541108,4.673503036903004,7.685976115344635,10.838543742433941,8.989399385133579,6.580285698606087,7.15756547023287,8.10605885857521,9.804333023906278,11.9415471425858,8.064704258648863,8.832362297156333,5.069304690900793,4.931156572454167,8.524263422257652,8.096558072975174,8.684697150281572,7.897935456339183,1.8780115718309276,6.265601620789026,12.072409405765113
5.55485789020348,9.028628428066328,6.6887893967647845,7.799817920040734,11.518115330715666,8.34170950819255,6.169414921575816,10.201332026103136,9.615645766044173,5.242208235738837,9.08876634200002,11.497770652401025,7.807024929553156,9.376666298200579,8.804818914562569,13.840024715690346,9.487635949238115,8.876363223330266,6.927491280713043,7.894575138027223,8.420703821512802,8.45175472796102
10.080318827405792,7.863199167079327,9.969275588025146,8.665840254724909,9.193390844667427,6.2776166416978185,7.710581878095553,7.591742796511367,12.97414989684087,7.4973316435499635,7.074539455975859,5.947455924470449,3.531424584563159,1.0352680266443042,10.595869429911158,8.906793755900917,13.68122498869124,12.777307366742724,8.438053070005,4.4835735380539745,6.381733856486088,7.800154037172399
5.591429187197047,5.118412964671502,9.933061224262312,4.115989169027923,9.988763584768638,10.546441159687854,11.477445008584295,8.328883754747572,8.76475984285711,8.173438565842375,4.885072032765972,10.480836957895846,10.333527614804183,1.0370950316752507,8.898488992823966,7.614356930413552,8.536816092174636,6.702299864564386,9.204618568571759,9.953378665318526,1.5801853562281791,14.837021163799442
10.302893488712263,12.176335613916438,8.642360843735297,4.458548192769924,6.895224785181762,9.468619459752052,4.82774151498091,12.45398419463202,9.087583201098912,12.003646120736743,9.876591743399992,8.38684919723965,13.155043257734928,7.346437853581532,9.529355106339745,10.49774719838755,7.8410868693722495,9.839665700032276,9.774886933014887,7.0339524659052675,12.781966786476142,9.557461636686275
7.763660808847278,12.946338354334458,5.700938766354558,10.593347780837,6.537549490032217,13.84434511704559,10.416189341960918,7.675963644779377,7.92355190114598,10.052204520827113,7.269345004314463,10.586383210503678,5.2785001863466725,9.831114404406398,8.365575058898292,8.837690436653327,7.053525028741768,7.659511050276327,4.6267078539626105,3.91019397318484,5.614761408277538,4.969987972569591
7.973578953438942,5.263190488110999,4.108241343127407,11.402818673263726,5.813485361337642,7.284152501046234,5.532502310103351,8.967416829957914,6.48576762010978,8.731259216901044,0.5797929130249119,8.260546371547411,9.470555358329909,8.613728556554461,9.817139711291869,12.486398864365581,8.84448822590253,6.855733539354041,9.668898716451416,9.278058571789318,9.86473369943277,9.61532285462835
2.2143459861565393,2.0542499132382495,12.97399413237208,5.34488458459193,8.286808827977795,8.276639173114495,7.315207741555186,12.55007512168273,7.199941233861953,11.593745707051506,12.81271931386949,10.42572925754984,12.189521617091449,11.858757882809677,10.140995375049535,11.932307623141957,10.114401667332686,5.237689617688244,13.619218244753966,6.940771917410921,5.847589738313174,9.699983854259347
8.158329174701935,12.099545313429433,6.235131533221765,11.09225884767375,8.589924447202407,6.636812373823082,9.999979085435548,9.126233233828106,9.803346180740009,3.2841719591040457,11.516521109417843,10.996105896835367,2.797673612284828,5.991839889443531,7.710902439108015,6.448538726626619,7.755357775015993,12.315046642458945,1.0467903074903944,10.498500610119759,8.175634745572314,10.617884490360495
9.118064265711142,7.076712678490473,8.437697348765104,7.169890441817274,10.226791514627902,11.942602655411212,10.627384293473224,13.011486719106015,6.237627235311152,6.099611612278329,8.120661886304411,1.9990972650121814,9.815088257176663,11.042367698546146,7.426936770850079,7.185966706287187,6.023102402541376,7.53827039685644,10.539694666174187,7.6385104341566725,4.36423086915261,12.185017878444006
11.89200634751416,10.291236013989689,11.499511097294482,8.241729629640146,6.571119142018105,6.543979155976203,6.5507006579100056,5.688114294222855,9.945130476020374,5.3543144729235,7.344466911074858,6.859219675345367,9.300784698951302,9.916900124906313,1.3925389506708972,7.71803419317227,7.063603102038155,8.145841236947033,-0.10267981066130129,10.304120080538597,6.237400430004637,10.017754666930923
5.147434331414054,6.2444307473362795,8.02471678617591,10.331504439784297,1.708518190370728,4.522320910602162,9.008548172249753,0.4772360875660994,9.688786391506511,14.46758723135518,8.077523746273231,13.584989113076874,7.954159518400573,11.072253440707629,10.186858395292575,8.471548247315024,10.277362982669384,6.898116016372898,3.8400018844766977,11.686927518143438,4.4107652579088645,7.118442043971086
