script/wind250m.json
{"header": {"parameterCategory": 2, "parameterNumber": 3, "lo1": 3.000054539987559, "la1": 64.9999836372058, "dx": 0.5, "dy": 0.25, "nx": 34, "ny": 52, "refTime": "2026-04-15T14:00:00.000Z"}, "data":
[rows 0 to 23 of 52, columns 0 to 33 of 34]
8.37307752925246,7.598026588622008,5.8189714652887625,4.095255106449029,2.916887580343291,2.2382056176679312,2.4583017011137027,3.040760877002659,3.6840046382783553,4.542237429773514,4.519216788226017,4.655543477499739,5.817686138065794,6.391880008794408,6.673440238615019,8.020760181275206,7.228393113623995,7.354371864406497,8.477713499050456,13.594556603818777,8.391456355513213,7.039806104081201,5.54713059817164,7.1664095833056285,6.48751575262726,3.6935884148762312,4.505746914895118,3.7657812965313697,2.1930944795681575,2.00755355123192,1.4922502235304838,0.5136117522192472,1.050258399954206,0.924859053443659
8.852447974320368,7.699264942939762,6.349483631044052,4.4912080909683425,3.3217804941234648,2.8267995389730327,2.5088680181941854,2.5513390926974786,3.077089965164792,3.1943164222337987,4.838789569843042,5.237572362355489,6.048808159396488,6.227008531699689,5.602694499834963,7.5740935759860655,6.734169678163917,7.176312276533428,9.169731420005544,8.739109181530607,8.411939909629053,6.860553812145959,6.707386910724115,5.987918241874069,3.408345567822396,3.6199480661977415,2.6202259394781273,1.974992693219058,1.9295739654811277,2.0561792687662668,1.9454095223108783,0.551556517904237,0.9611080138331116,1.033399110069561
8.338854082909561,7.375572967081671,6.5508935022140085,4.784625267739017,3.3056502942821595,2.671072724507334,2.40529632981191,3.19733718689416,2.830215191239176,2.0926623395675334,3.155476930547792,4.066090994578597,6.17490744391781,6.24754054452072,7.563710067166387,7.99041107580245,7.448684260848966,6.711608148145574,6.254825247713612,6.469958921930588,9.887214105077806,4.964209960608965,4.696854624827924,6.4971491005369995,4.245252862215162,2.950961514127871,2.87528348176345,2.112405739433377,1.6660613443492884,1.1898077423799935,1.276640477328228,1.0046387295765125,1.2219729485805966,1.1006934613359929
9.508468451503155,6.9063756558300815,5.206331334422066,5.15542503154532,3.8050459063407733,3.3961214204042136,3.344527026149312,3.1934164379488608,1.9892044873300934,1.9352519957005272,1.2373826206698457,4.128560773235585,8.120659889860496,7.188019273715423,8.05842416679294,7.415248636175932,6.483904552785586,7.901158814986909,7.885584865829857,6.039991229060904,9.462085444664448,7.16555632732129,7.7710187993193545,4.072662904922366,3.1016677521979408,2.418254884263491,1.875760249667297,1.8707671186422807,1.1171464356383956,0.3910048950185391,0.7109262358833752,0.5193174506106594,1.3458618067819261,1.166496430278224
9.470574448718166,8.715087194656016,4.84970827226685,4.005181201405343,3.847328612300739,2.9210626773164945,3.0448540972036877,2.544061843563722,1.2438702723936985,0.7966109009151714,0.7770523355935834,4.167452040761162,6.917858233995127,8.664966061734212,8.291573228849106,7.9635756147095496,8.070735999293504,7.1784453797911,6.005848679078072,8.283748986969497,10.393562032277513,7.3683316008886095,5.910150424613612,5.318513934795964,4.157676297946558,3.5887761009952674,2.7883024531521983,1.9639240836394056,1.977689746320947,0.7675144983926679,0.09279045709390502,0.9075672997445058,0.7507423315618632,0.3539570466882892
9.679397100220273,9.89315448011335,5.9205652892454,2.57472173763555,3.5342019819256225,2.545449779268458,1.9330049066653106,0.9291271684363637,0.6783083380524918,0.17692394044645707,-0.7307727289131167,1.5196136222545202,6.464505887793262,8.593566396157268,7.44663680494481,8.222643528295446,7.568736933087088,7.830412772019616,7.854911628553403,6.713014459103786,5.248821541918803,5.680614314064401,6.8724512758577845,4.4447032946948815,3.9195251131151667,2.9203714952507838,2.7060194215830182,2.097665146688146,1.625260505399976,1.3691362261526983,0.5245919650726315,0.733320279042675,0.5066828414886183,-0.27375477073690746
10.257437891882871,8.160288234110036,6.064347962568096,1.2591013574881402,2.207070236889638,1.293369446671164,0.5575151330846667,1.0098225223564028,3.2749421773778833,1.7436085811772015,-0.37360870811016467,1.9100869062674435,6.7672557943373,8.464730092945874,9.338442601023143,10.107878324342089,7.423662590025569,8.090543835067642,8.25998080954354,6.572519823339404,5.012612057392708,4.9165659040613905,6.875425574429629,4.519302950314007,3.616317023302981,3.136912884229414,3.436421353642118,3.1924337946951513,2.4960523057422916,1.8557191649799523,0.555360457152183,0.12054690715567588,1.0750077684727253,1.352239509786249
10.358097335875769,8.546432039019418,4.423590587246193,1.453203003621534,0.5759441218267437,0.5653092562993106,-0.9316936121782118,-0.810519541673742,0.3973650732557028,4.052824241598044,4.3208828862273725,5.448180374781951,0.8229111251040695,6.853637363355533,9.340419931108116,10.347845782807399,7.823582410656749,10.81032597422889,10.072850983658727,3.266725049496335,5.059664351672121,5.204943392936343,4.020451082575971,3.9346979506985007,3.4251079762020065,2.3597191848605186,2.4683482717949206,1.928323255018197,1.1450928590983391,1.5287215431880614,1.3865805922479264,2.2629276778295964,0.9801654758419295,-3.53310203737474
10.142060632738037,9.263354084121675,3.7267046719973025,2.162517329031936,0.4406264963095435,0.42055442316966385,-0.3843622520143709,-0.49959560283755733,-1.8496854763684984,-1.87779297642484,6.416166993907953,5.151872318104305,4.496043552980632,10.082602806602713,12.291967615810814,7.673823398563917,9.951995083283272,10.323905142067833,8.774559405609653,8.345858265494172,9.723843427298528,6.605522130144475,5.091323007728513,3.5371616597354056,2.929361640700595,3.329746282524764,2.553031625637219,0.9629791758521159,1.2215989896182928,1.195372441389903,1.2289064096228497,-0.6628523947698793,-1.9003261114688728,-3.4388766204485957
11.673095820603729,8.863081886896468,5.056310108729685,2.1927666364555725,1.0219926359072276,-0.4192121350140393,-1.334767041298912,-0.8812288674469716,2.967533048246615,2.9437567672287526,6.741466837923773,13.520260524686828,10.115587133180389,11.148067530978166,11.545128763926739,18.454818684495038,10.663742320124971,10.499080160567598,8.585290147338624,5.5922486214632166,5.971736991753349,3.922735119496784,2.9979164298559335,3.0373815766942083,2.7440407024414877,2.494937130498394,2.694480160985573,2.6814411146810015,2.623660690383703,1.763334376616484,-0.18663270831128326,-2.232547952212785,-3.339779499406912,-5.415562811105975
11.556400941560836,9.335514981059518,5.239927235886993,1.4638338693530473,0.7109239842382921,-0.7136795077378721,-2.294041472645349,-1.7834088150806608,5.259363082685749,8.186746072661448,13.818293842607059,14.578480783018085,19.761285886157115,12.622197821878986,13.325414216714046,12.763294367826367,8.258129838087658,7.136333870536966,8.221069494159014,6.354141666121631,4.589359486000306,4.258498452029292,4.440773651960917,2.115700538408667,1.653332443942624,0.5311555793802284,1.1210594913072174,2.1686527625532928,1.4640604095507024,-0.8922477035267491,-2.0385268380975052,-2.3950343297833,-4.200167675751757,-6.299582850516169
13.826081666699013,10.201534820776661,5.680666641005498,0.8420594055136361,0.3610153188226615,2.2688209853396364,4.271617814499159,4.060855111882152,2.550228329623533,12.128287150342466,5.261693427774822,7.996920475892438,9.999812845547556,6.800946019923209,9.47263154211966,8.16624339196082,9.020674887164262,12.104195894991562,9.202887425281654,5.852473156599755,4.77229714804026,2.7647993942445277,2.682884259081528,1.7952269454345116,1.4375703216712754,1.901841689819792,1.40738564378449,0.6551915497605754,0.3320133842449631,-1.406740423193445,-0.9972620192573826,-2.878425380692887,-4.040097459985436,-4.493038678513104
13.970518642279954,9.987289998347853,6.621242229870175,3.29886109534615,1.2868515604052213,3.208268207428821,3.893862883606509,1.3455780649903013,8.298626037920128,14.016860399469893,5.097391412492959,9.859230794717137,11.299539701145372,12.066071379420443,8.476214414032544,10.639972863159596,8.199787725008454,6.639649854010916,4.488232120709722,4.219896514788643,3.9453964541632005,2.7966005906489846,1.5849434818517154,1.7125924442465859,1.1297955261756274,0.8866626755262745,1.5019750052195737,1.0724676703811111,-0.703097153049249,-2.5444846678286437,-2.00727491128102,-3.0468462939250225,-3.781630934955918,-5.3953157308692905
15.34885322582882,10.740447605979602,8.421141918964361,4.921637386610814,3.5059931346185924,11.26267577638295,9.73703845014176,7.6154641098474665,15.024482980453982,11.608932870725942,12.63205737276599,9.258067670950615,6.690963715943177,5.79047148202331,6.713236339726307,6.216003709530241,7.045914907990021,4.407197830426084,6.268201873616082,4.218294137170483,5.656431899737661,5.380739162649047,3.6251975739210662,2.9570197091832595,0.5815286415712461,0.2776089037577639,-0.25744377577891125,-0.6523056613563004,-2.753967497318017,-3.1883794021827567,-2.669785023119374,-2.9979576031689157,-3.426429383994239,-4.770873425853445
16.143223543552356,12.752157709606573,9.436315193062606,6.336585679808193,5.762142480907871,5.524564962990455,6.007924787893474,11.102493118499087,4.626069948500449,4.568409436687764,6.2698941423389565,3.848616235822987,6.391134479968584,6.207660506998314,5.684519141372095,5.645543931187505,2.9424916115787116,4.653038164270363,3.157058438398773,3.708928298261325,1.7116631788384815,1.7425713315073514,2.0372206454529778,1.3461412079973354,1.4440009428990803,0.5393566942537782,-0.07047399087706072,-0.6395466306190323,-3.2211369426068925,-4.05293993479578,-4.339985282569691,-3.584570395761164,-3.323786852299796,-2.737291331733544
15.437020523361477,14.964455187623932,9.977633086219921,6.486760145264752,4.899723398513527,4.604438242901766,4.886468940463173,4.792130973038181,3.3229321048573683,5.207085161853634,5.099892000906132,6.06699603508636,3.447714800591818,3.4896970470589412,2.628646031008985,4.590805166902173,4.379951639548865,0.015471296278794533,2.2217823999341757,2.7864707640753816,3.0324387514800977,1.3580116518539185,-0.06184970507974693,1.0548803894084613,0.5096871183040909,0.14416375520329405,0.5190685061291737,0.08923376535486544,-3.6172726796926664,-4.301677687697004,-4.810976029037183,-4.518295155435962,-3.787064037223194,-1.4324303595969692
17.045048330781807,17.009240509009416,12.033049556593184,7.578532183783251,0.6898664486011531,10.149894715364912,8.978362454906858,10.862097543238576,9.152577971935521,16.697147243212193,9.116292405803021,4.518023743443947,1.9461628452084467,2.174481985429226,1.2121219706790785,-0.8314139082769839,-0.060072831684401695,-1.9429751804495075,2.0538795383245407,2.0567703515929905,2.6479696540700375,2.5484189638742683,0.8218199750832418,1.2182910606814557,0.46461200507785266,0.4868214881003775,0.27898461703273925,-0.9875689944728325,-3.521173668616088,-3.479028080270391,-4.4321348435823635,-4.6082035579488885,-4.647046854109033,-2.4264822405515174
16.96292149073803,18.90340262858997,17.34549715488747,10.22973435440735,5.645889066323281,5.4126714472594895,8.556294912986905,7.732163612247718,12.154568380560347,7.704549406344097,4.299268467907911,3.0772583151785495,2.692780895538542,1.4880793515377508,0.9740453190224089,-1.3663776380054975,-1.7981215631237006,-0.13213069913222988,2.4167432393333796,1.045402241760171,1.301290942020856,1.0449238517096318,1.0653931899943467,0.6352439847812099,0.708253315791137,0.1529225552574313,-0.7019113410796161,-2.2326181391355897,-3.3465808719482495,-2.817368732078279,-3.4745532957069787,-3.7197265612150163,-3.4508654764167983,-2.204485339053598
17.18192129277197,18.19951922190451,18.88586493696312,14.829832560456623,7.0981695231901885,4.946523707617366,4.571517711252961,7.841305092242472,5.6300478101063565,3.8281657098152486,3.089147969997697,3.2546667423364917,3.07990350453501,2.838953222718634,-1.2357839357447484,-3.261608571635393,-1.0591483740139145,-1.1967995646278238,0.19241759303767866,2.1856028222779345,-0.08222054649139084,1.3019694952164105,-0.5084908771666666,1.2325712760599066,0.421445495398327,-0.08442685371133768,-0.9146331696464429,-3.667656151275778,-3.435111679211317,-2.2642778905042165,-3.143462899103487,-2.996985069126193,-2.6575938630846965,-2.3991207867096205
17.80372981572747,17.774007918674574,16.67289432685887,16.435531626638877,5.867444982716775,9.532741307244025,1.043195209938286,7.195264431346012,9.902808685576854,6.598781201174888,5.890535612258089,4.910957161387303,2.256034344794261,3.630560371873785,-1.9654956615833072,-2.3082100415381444,-1.9693939742050852,-0.9361687330647888,0.8366508781947453,1.5029062966474114,0.7199858680416635,-0.5724363350421107,0.7077852968766074,-0.0662016775456319,-1.1757442425609372,-2.6284543911491878,-1.1081841479025232,-1.3483432911295143,-0.44098775641760235,-0.9828202444912799,-1.867646272443307,-1.554331373866642,-2.244170464731088,-1.4213788046154732
19.34725997100507,17.85571509720958,16.166494921424036,15.586450569464661,8.47018469278281,8.045142218528046,5.72140731594437,4.788322512395996,10.194377643818202,6.392198234474975,5.221400745037059,2.1479001618752536,0.29358603796273725,-1.4149923738693015,-1.6545358153569958,-2.1502551025351155,-2.8907922604778156,1.3154993073415615,-0.216129561200298,0.052726088957525966,-0.4100335654207214,-0.1443475525081337,1.0479719827250227,0.3788097596281107,1.0395286169826823,1.8000041006297107,0.5822600861368815,1.5263171437048955,0.8846952093125174,0.07960658507983741,0.21886759565089078,0.5003073679001213,-0.24966498048470834,-0.9948227328082891
19.4938910247571,19.99814837282498,17.973398352914842,13.12755986395204,12.409474134168741,6.961337559501729,3.726057627027919,4.688819171885266,5.1065054398146525,3.090502208980689,3.233180953402404,2.4343189821261753,1.4685588833860828,-3.140929467291559,0.018733323777459815,-4.644486512787393,-1.0971554710579088,-0.5106991367629624,-0.5720305544603302,0.13149040999913408,0.25350176261998486,1.1665358992864918,0.3103960689567338,1.1077440146056836,0.9843807405632056,1.5504452104418158,2.3740015194046062,1.417566765914438,2.360195027420905,1.504223012230862,0.6658813981757628,0.2923444002940069,0.8080147652753309,0.49816230112756993
19.06760251140846,19.914400719366423,20.00885704987766,14.716427318719761,10.331441497888761,8.594494545009765,6.848675337963422,2.143715091833784,5.593058381933891,5.634086045879009,2.4142877127989326,1.2320957046851122,-1.6648699139667842,-2.2711872610617303,-2.801207553988897,-3.8770633537921313,-1.1007229035581834,-0.6162821153895741,-1.111543089077918,-0.9825436590145876,-0.47141819054470613,0.0356282927702645,0.19254040265503644,0.8652539118039968,1.221644121143692,1.0731839849172622,0.5839247591823922,-0.041065798330668306,0.8235455337129347,0.601886108269639,0.18702020973368869,0.2209288097402855,1.067446202863919,0.878356417083399
18.499859380860634,19.115547166081623,19.694940920623758,18.421091967041363,11.971151574769591,10.196849190613666,6.263051670317654,8.401328960954794,4.303280223952672,2.917912929811519,0.55076082810175,0.011997121382228342,-0.5108338276124715,-0.39867011574949646,-3.415518574467633,-2.5453341124305298,-1.6454013002374142,-0.6245328391339336,-1.339387803778489,-3.3482590174614173,-1.5476720299576823,-1.3927760153455058,1.954030580587237,1.2759378821271667,-1.8391357756080606,-0.7074208985390001,-0.42759529082449294,-0.7612223297955302,-2.252848756432101,-1.6075726461427302,-1.5456378177580465,0.06936797259063829,1.1242566920589907,1.164887948693396
