script/wind10m.json
{"header": {"parameterCategory": 2, "parameterNumber": 2, "lo1": 3.000054539987559, "la1": 64.9999836372058, "dx": 0.5, "dy": 0.25, "nx": 34, "ny": 52, "refTime": "2024-12-27T11:00:00.000Z"}, "data":
[rows 0 to 23 of 52, columns 0 to 33 of 34]
11.653166289390594,12.10755062312046,13.025050086256638,12.739442866981562,12.719661881070053,12.674731776283393,12.195364844847038,12.790791794774995,12.010001824949855,12.013754636582926,11.351399699446702,11.669890440437763,12.44285546074688,11.607672066543184,11.870038183676103,11.567190023675746,7.988403105244014,8.421092179995963,4.443553581198935,4.9142668883194505,6.5420776796247955,6.509638347869126,7.136157719610499,6.851029292390277,9.925374368883043,5.515870289868134,3.7478123802278622,3.3009832134875796,3.614654638329465,4.156090931217383,2.8322632627453244,3.0598943516223214,3.2367130005242313,4.4968410853703356
11.549876615200441,11.340600687517949,11.73865079620596,11.392064843340583,11.913762052056587,11.893963352315092,12.6555509548475,12.329419293226593,11.597989507619287,11.522466264250607,11.418135973350672,11.621398092679202,11.71449461033942,11.076117463969132,12.378125909207,12.38912785326348,10.481172279234146,5.361362318954576,4.955925474910552,10.331137733627994,4.535108469090131,4.070708940053213,3.95287946889364,11.184645483777524,4.754771852422709,3.834184087287362,2.4729951463224973,4.052943788236188,2.929082875483435,5.5257077858405275,3.67936478732432,4.102226056577247,3.395831170820899,3.4816712310226263
11.625479713633396,10.92512572661243,11.14048899408296,10.675446988143696,11.057189860673239,11.21933052177641,12.255162687778501,11.566670175836817,11.664667388142705,11.267858341077892,11.315718865890778,11.796568818062376,12.333619829603233,10.759765345367642,9.431718929405545,9.192668044291485,6.191131761487826,0.7164700473983538,3.425560886956549,3.3545362207329292,7.865441705544934,5.269156114828192,5.124070864635121,7.549021992836582,4.324386614484661,2.5995276974560557,1.8581933115135418,1.6171765747716622,2.7948270716443826,3.47764700540599,4.805773737357341,3.6821072479524255,3.6238366467208065,2.956633308817569
10.526304797086988,10.671991067735645,10.557650890307762,10.150768539350905,10.449197789584892,10.868069893738683,11.303482337641677,11.267642565233297,11.51823512695637,11.722405863072236,10.610668476098722,11.315430284275665,11.290279146772894,10.60293383014365,7.136796546923907,6.3909828015206775,2.7879623137430825,2.866144582885084,3.899564740494418,2.171471502711753,6.223686172813873,7.5498772852816485,8.149719179453083,6.005585230453801,4.051814702642051,2.920361642614546,3.6290137068371715,-0.011963545231693237,2.5134921648475728,3.411847905754674,2.756105333817498,5.05490531627918,2.801285344968561,3.0588932100403343
10.752614416828314,10.034850792372094,10.334399105822078,10.086874222410517,10.930401617488828,10.658833533316667,10.559530266816402,10.884282040303171,10.712061098491445,10.919233869145607,11.552712314712714,10.905700901125678,11.839756299744792,7.301270855503055,2.4660258078561874,3.612157296941374,5.184473106709697,2.66594453074541,4.242031725059422,10.076991010379134,5.7619283452689665,12.588068192675278,4.081558736491542,4.358468731438015,2.6099089225097636,1.5726493115285398,2.3834336038126533,1.3387643223759225,3.740940844595744,3.8053093908291356,3.1408829872008766,3.602670087878648,4.019711950208813,3.6764996846386566
10.173354217491957,9.736573705101863,10.20962691110928,10.397845980470835,10.07818066046586,10.286126680819423,10.569538403784518,9.739096533575262,9.585556816968197,10.074494692392417,10.090265369527465,10.138816281962953,6.487003754687884,5.625825871739493,2.813551843766977,2.1052018382337643,2.570449971945221,2.954085543858665,7.066706202496847,4.2417242921382154,3.1427933792760685,4.704567243844655,4.080788666491064,3.405863947083799,1.8729491401407012,1.7746545425977696,2.495902986297534,2.1736960931861784,1.3891061360060646,3.217860178374001,2.7730627376155166,0.6072571628700465,3.582481078445399,2.786180848628681
10.255868260456015,10.622304433855152,10.472621281292826,9.909257210122846,9.873833968640065,10.013172341317972,10.201569395053383,9.682308564716802,9.601587061596984,9.08481895701351,7.009875156558744,3.7207598221920177,4.570201594716485,3.0928654215118114,2.892720450470006,4.220689020548073,1.2021388364037973,1.2076158904348913,6.189522528429186,4.940493728216816,2.890469579612655,4.743630765114007,2.25447260366162,2.4405906340340593,-0.5394767162285433,2.027953526215165,2.6099952049825252,2.2879057892576915,1.4037556589066817,2.6101335544698383,3.169682886479288,3.084945165231826,3.02168635051708,5.5255917541544814
9.729270571115737,9.622063820597317,9.30969892657728,8.629593727438497,8.86174212767264,9.791739386979375,10.046736700074016,9.19750374045307,8.772411573027538,6.364317831096001,3.3788589343122113,-1.3363684856378302,1.3595695295863324,6.151493803481522,-1.0671044813951887,1.0682716400405756,-1.017984095060618,0.739193339913505,4.568694235818718,3.9961754059018375,4.690546027288164,3.7327002539658847,0.9905053484031922,1.5887151972002758,1.9165030235644518,1.3412861617658647,1.9019226942727334,2.854553072878494,1.8012072370371055,2.587406338656437,4.175285408299348,2.557257876286365,2.7644500222380657,7.920216642885054
8.720173133549585,8.182236770447831,7.489505195026029,7.8167529331806405,8.714097243755797,8.357549399034388,8.70565503260041,8.49229099287796,6.59102259612867,3.197624524543068,-1.0967579139830905,0.19536165104321532,2.404333788512597,2.4809621408966454,2.882851535320221,-0.907843821957267,-0.6943123854754921,6.062840231524632,0.6455116337065788,5.1226579949870095,8.749879617190592,4.257069298914094,3.8448472682068036,-1.3853562933205052,1.6132095179839745,0.9986948925182972,2.6654970676527396,3.6703469323592106,0.6788070996996936,3.3044598830176883,2.405770253889852,2.6755633151062175,6.866954419034724,8.621364841927473
8.273103266619312,7.21245191672976,7.184905248530407,6.365266322703553,7.0913588380152355,7.328630544286881,8.069550584577758,5.236613826465215,0.25927032130562405,1.4551275691739156,-2.5218394218470492,0.0492801584844978,1.5739034869657702,1.544969232529747,-1.3410690516049268,2.903405127744268,4.510362140183419,-0.9473853290310859,1.2786117300094997,2.3866941374912503,5.967807650757162,2.4567809292917295,2.0409466816898454,1.5079505740179857,2.056309907326781,1.766828265213434,2.626438290304909,2.1552831588649553,2.6110568792193316,2.184128479537337,1.0010562759448003,6.321723893060575,7.6405236802415075,8.844494139245604
8.176086379261639,8.26639686538866,7.2415572785471545,7.495878892649281,7.158406892650817,6.29178528875873,1.652926004861403,0.027541045273102437,3.9899675926040117,-0.7600291349742765,6.0446333496564755,-4.151730556376165,3.4228196715944366,6.1609497924748995,6.176273240200153,-2.25797719254407,0.773799158868507,0.43468396130429815,0.5192703304343754,2.229390273231402,2.9517365396327846,-0.6279305675242128,4.206199945524488,-0.8095034245286237,-0.7128267779391017,1.076543307881276,1.2488303320256482,1.230202916498348,2.7868171793541467,0.7467055526666694,6.84869577297324,8.103280628383208,8.24109021589308,8.526018609187181
6.83150887605844,7.07052097275065,7.013723393531469,6.962536201090601,3.1300668009183594,1.3577241522299197,-0.5556499157268754,-2.5543138356011372,-1.389847257356667,2.313622198633774,1.9670024207672738,3.1519757854200465,1.04167261193572,4.013396399823903,4.948049290106616,2.9837490096039776,-2.097653709533851,3.34750838256589,-1.1887604015526991,2.671270191214273,1.945399655548719,2.4865581183284426,0.19681410693971,1.5324253432553023,1.0612490940500618,-0.5700531173245071,0.10526524018117897,2.2753894836113058,2.690818268939591,2.613167318264727,4.2008477579582735,6.320967399249915,6.878439550389581,7.504062263552875
5.756803400306602,6.092915252880066,5.692065990744409,3.7249202196106213,1.3842186433554424,0.32872337719447386,1.197399443831348,1.0710841305602403,-0.7600941752254413,1.5364341391152505,4.774967712829756,2.674134716025742,0.26699932456755765,1.1154287341103855,-2.90560203375652,1.8639917999723887,-0.9246118689367402,3.30976678445421,1.2990097250522228,-0.1262884307784352,-1.053838592440301,3.0468472237696433,2.4816993879403557,-1.0830534719799865,1.2429580217710587,-0.21425991276500825,-1.140511332380749,1.1988554494952102,2.480107324580838,3.898923847420682,6.747623664757809,5.802110355418512,6.692631572980396,6.663203510132763
5.027384075097156,5.171860441822876,3.8061154845867984,2.796353650455999,0.5546673941015622,0.8209643805422998,4.909521177020404,-1.3360803962606937,0.44262311978760227,2.178917708482913,3.2784517386213556,5.0930103468470325,0.5543277933519537,0.522365823667381,-0.47758621268253,1.3947751334565768,1.286827248894531,-0.1877100598525521,-0.7552168740335622,1.1215984704608895,-0.5171050772000303,2.5475122308095424,2.7558970358359858,2.387056188250521,-0.2683455504117636,1.7030883409719522,0.7736767669361501,1.9569054094200486,1.6752687629984067,4.626534231478761,5.843299055985537,6.155047958725556,6.796027348158154,5.638602688208279
4.054610071310997,3.997140958161127,3.1063156480622847,3.0553099262031744,-0.4398452861826983,-1.6190405105601369,-0.7694187040911482,3.7556258354243113,-1.1860082710624862,2.9579490747483876,-1.840294482720114,3.427757977071204,8.396460598372823,1.8108202525499066,0.11336321761848282,1.631826385363525,1.17763549626646,1.0828422354914988,-0.5185148192279867,-1.9243536118990385,0.46383715507731216,-1.0913772128012909,-0.7143838138747067,2.1865337546822627,-0.6721328181688752,0.3807543523723851,-0.1140409065107727,0.5343932216142193,1.4578312197935663,3.3034939135220562,5.562921017854447,4.650423274289337,5.6088049402766,5.561859295601764
2.4049635957701696,3.500660706048844,2.9454754106533634,-0.2123930154622496,-0.9932182093461442,-1.5272317595777354,-0.47776827385716264,1.5250152359399007,-0.8113321912272293,1.0543027491151944,-0.11266862279957322,4.1346674326050055,-1.1809296095654556,4.441525735933841,0.07981311270173566,1.420169211875216,6.222260902489097,-1.0125749343622972,-0.09879827406188024,0.8556424460023256,2.087407441419264,-0.715060267794074,-0.24330249648488686,1.4923533614006343,-0.7908030448493842,-0.2408778372517565,2.201056775666244,1.697766957555748,1.7258996876337045,4.370528442041361,4.376301587909477,4.595150026758872,4.183116368801257,5.029822161406178
2.1572606653353965,1.945262165496557,0.0742716390809589,-2.859611352056023,-1.890513249934306,-1.4065389996124753,0.6265608736301618,1.2398645150319294,0.9934344786119512,0.3124220210864459,2.1485603516304126,5.67017994483869,1.43605278367544,0.26907700763790704,0.5395954484715101,-0.3548658187478886,-0.4590217065261137,-0.20895036124764238,-0.058668864540005035,0.27320594813557975,1.0325404579708162,2.017130671075036,-0.4728775236859693,0.4287719154896981,-0.1104998113183206,-0.405012445650052,2.2640648920197632,2.0411382092971233,1.3303963808943349,3.0640938822610946,3.549588142805242,3.820041776989943,4.018262957727934,4.5304443576630185
1.218540535549852,0.3265609470846139,-2.615121377551868,-3.6149379950001013,-1.7837382819235919,-0.11242205094817824,-0.9416657332899218,-0.6108871440313665,2.4527883604670624,4.844790208244128,-0.37760795290416244,1.6951880128497039,-0.29445363303066985,1.9736287878517365,1.2683589300443912,1.603203325989168,-0.13097079671608147,0.46746461750318213,1.9038554184687566,0.04085707612123875,0.7950166585608794,0.03200201349651321,1.7717423763547369,1.9794076625516532,-0.9840669912610753,-0.1077912576754009,0.5397104926277809,0.43416590692170176,1.0572132043676634,2.752353608701178,3.4297389996713066,3.548607663402159,3.4975220581266875,3.8650791717013218
-0.0300688474981178,-0.260685906531015,0.3350940472541165,-3.4106675507479123,-1.8986358825241263,-1.6283178591395495,0.3404036986229365,-1.692802634271393,-0.3539620839005368,1.4344323267057486,1.3782043919189573,-0.4716996012570576,1.094983483929407,-0.1407985251123228,1.0612039833338465,0.1764171778319561,0.035514811344182926,-0.26882344690598164,-0.20182973011589853,0.03871438001866947,0.43875221764133154,1.7195880846749256,1.258082141229586,1.0881586938479653,-0.6162999981273878,0.9558388761496531,-0.039628178685568706,0.31007363408822153,0.9668081285475698,0.7306175952624718,1.4435298961517926,2.901078510011925,3.714366397812079,3.4459416501171938
-0.48254490602055544,0.7552100057778672,-0.16169548849579202,-2.538231735303349,-1.548313236992074,-2.399401716451373,1.0138248742079714,4.011011906163734,2.7584766313640885,-0.5346954403431832,2.2347584688887148,2.9628589750589605,-1.0541983768495482,3.315767561361762,-0.15485925035102147,1.7398339236933515,0.05455955817780944,-0.24801311047701063,-0.45128031200489643,-0.16490873281524673,0.8620617480185778,-0.061091822767012874,1.0852565735280435,1.1690296916644207,-0.5676694935573074,0.6627398886787251,0.20523598856673675,0.5869313186884377,0.21586641490557,0.5848614787864075,0.7755418726256311,1.1136860529655779,3.5222969324445192,1.4276835563624768
-1.1920331898767433,1.2574268501729438,1.1643722401097498,-1.9979592408056266,-2.145562087694168,-2.7166048854422815,-1.5910557849186524,0.19015237601478024,2.048013874400137,1.0297139585471393,-0.09532529175876764,2.3415108389032016,1.2557753868179415,0.5118966370558319,0.6479223877402522,0.8523430408588633,0.20459786403027885,0.0740752827847566,0.2565837233928785,0.030957877043641037,1.3088442028561256,-0.10117429191610089,0.7227094329712012,1.0233412486485611,0.8901803333638129,1.216016548799747,0.5680701373081333,0.7348030919297633,0.32929229356129136,0.1279124051656099,0.40373011882440973,0.7973232475437702,3.2365016841524654,3.784010521582254
3.7453809971349235,3.454544515408596,2.629851225139368,1.5717895343688537,-2.5786215845072324,-1.767481106997134,-1.495187634745565,-1.2047312989927854,1.8278159414522397,0.5488718250922783,0.7093712861491791,1.6591756106954618,0.11901337004081841,1.8106975207642,-0.2585283815108956,0.7481294339741204,-0.19489039057491553,-0.5333913294473572,1.1885557116581702,-0.11068871887880434,1.0245033748529284,-0.011812379689496789,0.5327902548904792,1.0507293059973766,0.976651865975343,1.5963694301745408,1.1731202108595293,0.8363284506418915,0.5532198603146923,0.6981497924427692,0.36931278693851166,0.9876534118670558,1.329652434022771,3.657186932472211
3.9442766579327815,4.1447906596913295,2.9350088518219457,2.1228295493592766,-2.643219813464976,-1.544993134872173,-1.982094256104069,0.6236649719797981,4.982851122318491,2.544633056294577,-0.3837370815678167,-0.17321048954423676,0.24407322495964112,0.6428936954964871,1.0287515171869979,-0.6782752328250443,-0.41258921090035644,-0.2735819757201289,0.15344603713477611,0.7634980880359671,0.3510393222073081,0.4797794050423985,0.9618645136158326,0.9405111940410005,2.0756002014785317,1.3577284942794159,1.8529693825465885,1.189635495572551,0.9236737807409982,0.7982359461499868,1.2169760791636035,1.7105052034179369,3.8732688925286247,4.1430400533097504
4.182699827113135,3.3999643128849435,2.773693901790696,2.5705564155843885,-0.0718637643157024,-2.143963876218252,-0.6486073467014976,-1.6125177313898778,0.4741804864354253,-0.9903422297977333,1.1483950668975187,-0.33680881515184147,0.16096130694056693,0.9618158477295943,0.09718316629288706,-0.1083717509609564,-0.5828206919746918,-0.31323044682304596,0.040242502190353954,0.6361656654543503,0.8639505801508385,1.347878227012827,-0.462388791594157,0.5590019396414895,2.1065863088844106,1.2604683505479066,1.9273065774036484,1.2629505980096913,1.2099846412133701,1.6198765670563104,1.8633951480847972,1.642634306440835,3.4916742530007565,4.249259162896774
