script/wind250m.json
{"header": {"parameterCategory": 2, "parameterNumber": 2, "lo1": 6.000198445256149, "la1": 58.999992894266676, "dx": 0.5, "dy": 0.25, "nx": 22, "ny": 24, "refTime": "2024-04-04T20:00:00.000Z"}, "data":
[rows 0 to 23 of 24, columns 0 to 21 of 22]
13.825639704835769,12.828000229557823,9.915371014507313,-8.830477091819228,14.699747325106863,7.591166169369608,5.358162226974281,-9.168776244893724,14.589212969190797,11.047432444879542,-6.288863935331612,6.472021870873999,8.159092622103678,-9.367786804006572,-4.948523163155804,-4.67509816604262,2.639962722357086,10.125514151739347,3.3004170450482633,7.95309875061754,13.407577424072443,-8.974318467792568
-9.679431188911984,8.193258930698162,11.041628650735381,-9.132939852801005,10.602747751821228,-1.6939579788551016,8.440795410751724,0.6969557070172968,12.626216575818326,-7.231718247681695,5.588671482613853,11.044423882258425,11.812752284291982,10.434969513860326,-7.854939301894823,12.895935813760104,-8.052114924321488,10.05589582404657,8.430859463573398,11.954306096976019,14.768152070239406,-8.996186844832964
13.393148401101712,13.267268728402167,-8.727132883200799,-3.0979325296973776,14.64543538049157,-9.641359612646118,-10.829933550586347,-10.221887136177402,14.03899628678192,13.779362941731707,12.454303529060828,9.983079695964545,-8.520861774499583,16.65748397408378,11.987252393509454,-9.167079921619111,10.225751194050279,14.733061075043704,9.971490134890969,12.464016621644259,-10.71214792701557,0.9963295661357454
6.880843751167289,-5.1536328500446045,-10.542035533326963,-3.694529687051587,12.757916385936582,5.1052063852107885,-10.37304472510668,2.850297953579629,7.360754526162399,14.910245855091432,-4.879965383840113,-6.580452544549838,-11.052848002125364,-10.99523934937674,1.9468720310225778,14.370055322746609,-7.821605570565985,15.373474476604263,12.797801171561098,11.683622561765613,-10.121255344907466,-9.615542566720379
-2.595835078399224,9.110850658251099,-13.037145497248337,13.181404892044547,-7.614308220136699,-10.083663609652083,15.029695940645091,-10.0506059135137,-18.00525931723273,13.956839410333226,9.6433931259497,-0.9180550067427051,6.881729471481217,-9.693765037879647,-8.400309757398691,8.546339323942322,14.921555077683784,10.829196006694374,14.963633608748927,-0.7406671199325542,8.192535645743192,-11.5596226636236
8.485732346091295,9.247822268268484,-9.894201080239602,9.166019436262367,12.815567834931933,11.41761668971044,-5.714638460207171,0.6617677110150003,-8.86538004439356,13.4099577183306,12.895734465882876,6.492415534369339,10.932920284060192,-8.740311915893203,-10.763647932402336,-11.798874520408631,-11.277808320214499,11.249572981978343,10.14012461235574,-8.846892782871787,8.756705548168181,-9.184675775699775
-6.535587608731973,11.733255192703886,14.422884007941734,-4.348464853277922,9.345528805292934,-9.647935637059916,12.124334507803054,8.642896359352536,9.08957795670395,6.169317254710705,-8.059049284966484,-12.275122148471816,11.522012161513848,4.71352636968047,11.565334570001223,15.490352314210826,-7.581153513011024,9.230954484686993,5.41548007257299,11.904965692942616,-2.611293961850826,12.431257999957559
5.155949672432914,-11.293802062596665,-8.147430198048964,12.095021223014937,-7.4828648539499385,14.898712451987361,-8.768412417898555,-1.9526513613012857,13.60480881431934,-8.843671053364043,13.894297397800925,12.270884221053176,12.39235216368257,-12.793529433142954,11.161324159401149,6.234759998337824,11.896798217351131,13.31065601524185,-11.01384003934165,-2.518905600542108,-2.592535114130859,12.148177991435784
13.743145517521825,14.401424885638459,4.552782224110859,2.834799707297822,-9.133268713973415,11.262718311476476,11.596737538248293,13.224348843935232,10.595701818109118,11.162453393431795,9.426426292154689,13.420310619299302,10.253941029020387,13.827612381357172,-9.605888517332271,15.51498086662082,13.430361687624993,11.168216160944324,9.344193943673465,10.884663814868862,11.772409417430914,14.654543865483832
-9.605994696469729,4.640675876895273,-5.9418897074266965,14.634821727455845,-1.1299746239681945,-4.094968702763379,7.676703327050191,-8.531180098085917,-7.295985213613853,-10.199643719143525,-9.971417711248096,12.297833921288216,6.133103657903302,-3.9592299447399975,12.704625707402872,6.5603455151687875,14.9840281013536,14.766575078640663,-7.149727154932212,-9.118201277365078,-9.530420716362991,10.440287425271372
-16.76034167208937,-5.013155006097213,12.865276431538486,9.437201213436673,-11.332494605234936,-0.432345825547925,-11.315739674324531,-12.268657213631718,10.134477164175339,-9.811627054791531,12.098561831788947,5.32772478314605,-10.375459796318959,9.740443167287056,12.522791289744486,-8.6788440437052,12.409836256326725,-8.160451654254068,-5.165969271127027,15.142634500473301,8.175379595446111,14.763276164275021
8.510732042129256,-10.088772808369376,-5.738998883286372,0.9084667694005353,-11.067935597806256,12.387467464090946,14.620922404591804,-8.59969017080769,12.786300485597593,8.378802484888062,11.72499836367663,-11.796589583348018,-8.376201509809727,9.048894431260562,9.129623096501756,-8.62134286484385,16.016982499992043,-9.622213753121736,8.767961411235325,11.46400815304979,10.698292179214599,-3.5429986255754247
-9.956141804391853,-7.415095936879249,9.413830986191739,10.561964113439688,-7.8066647577434525,-7.640997289144891,9.800299976654978,10.315651864704842,13.701654983164977,15.196748127558267,-12.81365915387866,13.75946531821112,12.979316503121293,13.450200390107085,13.348682256983277,13.037049255767306,11.011388355445844,12.766517484062529,13.360691819964359,13.254032627446644,-8.682624149789303,-3.000078976646141
13.475128868047381,-1.8975209223616916,13.90008596802259,-6.200367280285698,4.320155724708005,0.6333322200699516,13.285476659838567,14.462323733586278,-8.763388559802639,11.571710451711676,-11.891836372315863,-9.136091344887053,11.974223710023322,15.487934897809412,12.518014538892135,-9.861981273063103,13.189633739629592,-8.472987720559745,12.031147077624043,13.909294136738493,10.084505452881688,-8.237371151241677
-7.9141435644268405,-11.990205335109104,13.755810259231875,-6.60913281579537,-9.819817011769143,10.928450904413497,3.875332876825268,14.697709613498528,6.121416248783299,-11.015999985195021,12.182947600073241,12.60205541289484,11.202868325874856,11.640877704420255,-7.507967884598569,-9.479297777739982,6.328115914031571,-9.900391047209657,-7.3137877779163105,11.48342925052567,9.745418496289739,-11.203803986990343
13.163644268996197,11.074407238382115,15.577848212401653,10.273216508828055,9.771498138223123,-8.40702687206865,-12.096767760237991,11.579159069731231,-8.230386681481098,-1.2936525712636038,12.269709564616399,8.909454660358925,-7.062205601504407,8.377573087013767,-2.4668858940806757,-10.364629029823508,-9.09333638783762,12.473677706471458,-8.62223027200619,-0.4914133853812825,13.12574126183736,-12.337739304832134
14.225656160268098,8.385305404252632,0.8074292815832873,11.811679945510448,-11.740333235976363,15.167915436072763,14.134622858576417,12.039416386561506,11.552904999024191,-13.055279706445207,-15.07079249614966,12.05144768874249,-14.489619701882772,-12.34865477164673,-8.37305776421221,-13.95360871439382,-10.281571341524623,-7.910549974115842,-2.1975318427854496,11.188904523574468,-15.145864351795279,-2.7624096319584237
13.397870660006115,-6.220685665601189,10.847486966119076,8.447576103955155,-8.704911018330808,-10.992504255486187,7.558193215355595,11.673886637671103,-3.1481000773964,14.75447790886551,11.07667598496084,-8.703942411983151,12.76294013691652,-9.249215846881766,11.268869194914465,5.709158418763815,10.722095331660396,5.48486221389554,-11.882135767424913,14.010564177078543,10.419629727816181,10.323234125818887
-9.020005690526961,13.89742995429851,-6.344829364178344,7.594765441140679,14.709617940849274,12.897136265334314,10.756111007541882,-10.156951483092314,13.657554571171117,1.715240425703483,8.111899106872523,-8.6221388769836,-8.693569958008919,10.016168147774843,10.978611180538316,5.862415251109918,12.59654535505576,11.884674460159646,-5.8384525140398935,-7.313758934550418,15.842236132993303,12.611301040412629
12.755429130803323,12.319644824907726,-0.5265987571276535,13.933685838282358,12.12592479526569,13.563692782685894,10.817235089688374,14.477431251371716,-11.678259908508037,-9.90198275138866,-0.23512632693470392,14.26487069027989,-7.954889657543769,5.2375808264144075,-12.913206241838393,9.283008873579739,2.4284087890640884,12.003187825126052,-9.156051419303214,12.196977481268531,15.240460885194844,14.800547562583326
11.591688984857438,-2.409043367749318,10.138396765895527,-12.332481790266463,-8.273824811682102,14.75769059346414,10.362365554563574,12.046080500042963,9.545925671767545,13.52175391045071,-6.608207311195686,-8.727471908567408,13.169172292536047,-11.154799896593126,7.44716877798461,13.896230849995046,14.018706943498303,-11.349129008796947,10.930235063556914,-9.471057737320605,-8.392042964257147,4.433211688448884
15.02396718606916,-7.5098211485188235,12.22351480190259,-12.568603985231311,-16.1709718851675,-1.936722380764193,3.3328396225288177,-5.364872865684885,-9.735000453070105,11.294141192260422,9.132182267358985,13.413424932264345,-8.017887883755302,3.6004475095610746,12.190412217637519,12.644988404681367,10.281714624617951,12.679193513050583,14.428498807981509,12.333328379222724,9.728746524489049,-12.110313477358602
7.505989031633417,-7.982423141048106,-4.046879493101723,-9.37515851228363,12.589115908037543,14.052181521738468,-6.793821828553901,-9.561617055781637,-11.07469900519319,13.548771046342855,-10.679664186296206,11.36364740434157,12.648616066962806,-8.258269206267329,11.576021577431684,14.169358496127769,12.17499957534271,-1.0457080546401325,8.452820292362333,15.042133912379544,-11.224867303901576,15.089527392388666
14.78565807714157,15.244910592569806,-10.048413949140512,-11.362857471088024,10.205543491178245,12.93298988214176,-4.992300411980801,8.318168489828096,7.27231481094445,-11.430771061092221,-9.67808023279231,-8.17756239982388,-10.065879924227065,-10.425885833947326,-9.13776682795799,3.9426477138362728,-5.878244265794911,-9.588549147137366,13.344169926249519,-10.233909054032488,11.230059895365951,10.941725636740653
