script/wind10m.json
{"header": {"parameterCategory": 2, "parameterNumber": 3, "lo1": 3.000054539987559, "la1": 64.9999836372058, "dx": 0.5, "dy": 0.25, "nx": 34, "ny": 52, "refTime": "2025-03-13T18:00:00.000Z"}, "data":
[rows 24 to 47 of 52, columns 0 to 33 of 34]
-6.250465568058802,-3.056746362596066,-3.5575261641086944,-3.640164104438319,-6.545956478465867,-6.119352492734813,0.6826463087404634,-3.4512504356720943,-2.9493547204312613,-1.5418451487384603,-1.7780911550342182,-0.0891211666694915,0.44735115641234646,-0.0015588471229264155,-1.5697644386317295,-4.486185383911119,-2.118838040648011,-1.0059035580040434,-1.0484179921132075,-0.8519852786023188,-2.6770628604682045,-3.9329773040308873,-0.6868230971586311,0.6371672182434441,-0.0027052033197652314,-0.2832498579763567,-1.3578508509846114,-1.3828200971808744,-1.475951030153006,-1.6239535649590278,-2.6686817127911655,-5.872183766273567,-7.734623907504524,-7.702915963561999
-1.6442727372915262,-2.6854387976577225,-4.126273397587259,-5.510005370769958,-7.309066247227456,-4.528403506298807,-0.3185427906081223,-1.9758123584004947,-1.50392491483384,-1.1342539306314,1.230965483250268,0.46053907283568246,-0.14484225947351878,-2.6920414938215877,-4.514313163241768,-5.748075077023956,-6.036408636923906,-0.708867566585675,-0.4052061407570167,-0.5725505432098057,-3.505044385913225,-3.202900362986171,0.14876284612790777,-0.3434177037621949,-0.4731559767379245,-0.9491851836455834,-1.2090429579082438,-1.455498118537434,-2.4909854144378967,-3.375738758922248,-6.046501384880999,-5.261764863176609,-7.0023373561799644,-7.484445603450589
-3.271332169425807,-4.207981765466915,-5.504290180635681,-6.575485533049095,-5.405346936498031,-2.769689545060154,-1.3215548127786578,-0.7235110510677879,-1.359676624359085,-0.9397115838415151,0.12349147989118162,0.6452393108678454,-2.0909104469928455,-3.6259862213767136,-5.415715841112127,-6.356185094509751,-2.5556344154766832,-0.07192611026955797,-0.890038997311259,-3.9585695675773014,-2.0738684917627017,-1.2037639294535778,-0.9266953071078445,-3.248133664068408,-1.302215291724208,-1.313381909380032,-1.6885169338094246,-2.1825612243286114,-5.323869238015178,-6.11444808821495,-5.657595533370286,-4.981237437583439,-7.028807418343989,-7.665733840464948
-4.560930700094179,-5.782432302739944,-5.525597750458983,-5.191244370134914,-3.5167637672632677,-2.8952471924899092,-5.800326460798433,-2.046706918614945,0.46617704011521016,1.2170337940820282,0.7297028608110602,-1.9771843213405562,-3.3950250460828215,-4.446183155153848,-5.802363290262015,-2.5114816126626307,-2.660093940560199,-1.522501009976239,-1.2084476369548005,-1.2903753780120504,-2.221573026406004,-1.23205349642008,-0.9100616177170535,-3.823578356225101,-1.4416714262701542,-1.4696186120015056,-1.6153471268436734,-1.748316933328393,-4.761315213629661,-5.212957635411403,-5.184491868786125,-5.856132059649323,-7.359264164676184,-7.76266735804559
-4.274384606929057,-5.3398898553868195,-5.4947257025461775,-3.548305695038941,-3.1850793566627273,-4.095771400332589,-5.814134167996604,-6.931271297841095,0.006211027720865254,0.6173796155387274,-0.7541733620558612,-3.009939926276107,-4.328280056743762,-5.395851472574442,-6.312986752527597,-4.445601380572451,-4.96072383077595,-3.013068199508722,-1.8719727497889802,-1.8260112050015165,-1.5472663686950985,-1.6340716500987238,-1.8174598551378747,-1.4878790348708621,-1.5153053375779255,-1.442874325753135,-1.4684209244380557,-1.788188433102206,-5.222274832620723,-5.917388297467001,-6.035871907519558,-6.394685295902544,-7.752338384718067,-8.479912491956597
-4.421285773274327,-5.20586706676955,-5.288206700151743,-5.031005972209575,-2.1286001699240527,-4.002303214219741,-4.9340390756994905,-3.9572740941565843,-2.28648158355346,0.28422871667566113,-2.621458117638021,-4.447364955545335,-5.7864928342563795,-6.588747255552856,-6.1190929161511205,-6.648992437055539,-6.6292472584881335,-6.845915418280685,-2.703052951080537,-1.8371152609387185,-1.8617176641478808,-1.5319111781227737,-2.134822414990942,-1.3993740960347152,-1.674507531553894,-1.5365167125184735,-1.483463101891201,-0.7762891455360285,-6.254455821855109,-6.455273534769565,-6.640393907536211,-2.807191455305946,-5.868861895742309,-9.047180969911611
-4.837235173278822,-5.277106145164043,-4.815356376448268,-4.836116739792549,-1.8311470844664146,-3.0033601723705696,-3.1095209554270737,-2.8178903598383873,-3.5042096534620897,-2.9195921193683767,-4.8348394788885125,-6.124756455100205,-7.253909855308815,-6.854307483573553,-3.634074847381542,-7.355242822773368,-7.549952052338649,-6.4001027353401,-1.7147491896597618,-2.0679524082417853,-1.4032833394579358,-1.4986355793259478,-2.1796511402911714,-1.632215443938367,-1.1405784118172095,-1.0867715513036735,-1.1217716834208222,-1.4395154030597175,-6.6166026110245735,-7.064547230517341,-7.701928097605022,-2.8076042653103763,-8.77877602841133,-9.092232082074045
-5.209128061968778,-3.759961779406151,-4.8123426813715655,0.38318378546357273,-1.5317623096291124,-2.427699520126676,-3.1138372400185683,-4.126671795045497,-4.167878963517254,-5.704457703447258,-6.337430738870853,-7.768007024315154,-7.48916568295413,-6.095829527057966,-4.362456560881584,-5.688857052569003,-3.353070615197574,-5.6829778244049765,-5.569099073092493,-1.1433917177432213,-1.9453503212576626,-2.1622268435305947,-2.1215285327994162,-0.47074677340357707,-1.150344753490355,-1.3088114405391227,-0.9787050827309982,-4.106632305315688,-1.7285836310378815,-7.075970953335855,-8.020377589297931,-3.408851163974654,-9.234219156406969,-9.28936131733851
-4.008068230734653,-3.1522123832458613,0.9454217010929962,-1.543078573653437,-2.226304382616462,-3.9859826727518186,-4.855254138546739,-4.957897297212268,-6.72980533969559,-7.081422954240824,-7.187283951863213,-2.9692237667320733,-5.853478691221826,-5.37001411401699,-3.9977846622077453,-7.930063118790588,-7.173567991932361,-6.050441142724914,-2.7694013753996227,-1.8752806198620773,-1.2994311191305048,-1.3665943989549516,-1.4348782128230924,-0.9098075393159794,-0.8513208676322929,-0.723403507578812,-1.6025205805732543,-4.001598869609679,-7.047624080233264,-8.111370887643329,-8.650302235829855,-7.800122946068632,-9.425343176677266,-9.394603034464735
-4.852963477419321,-0.06222918442422817,-1.29054712409809,-3.5571583878221045,-4.524002886499224,-5.25319390068873,-5.200237660361861,-6.256314896142924,-6.795876435073351,-7.124956737379511,-9.050016550406704,-6.49842270218185,-4.863271805002096,-5.114633585444695,-5.0687998336523465,-8.346489669444495,-4.175864520366247,-3.837520851669765,-1.8575196233070481,-2.6564941777687747,-0.9995128789088324,0.1652053655346478,-0.43863938135727765,-1.3186681432848286,-0.0788146512916468,-0.5329761026559835,-1.514902323761517,-1.90818357979364,-8.096040072055542,-9.065527441043004,-8.467436247858913,-8.945950988376707,-9.683585652751585,-9.651500768975966
-5.43179389118843,-2.030695965538213,-2.845948560383863,-4.384108561138235,-5.5935810442714144,-5.443956143329081,-6.012807140858192,-6.41655090517796,-7.817829253257225,-9.046645121334931,-7.840183172792699,-5.198938446228849,-3.5359471427877707,-4.345397249504681,-4.420698695876236,-1.2740309650218442,-4.553109484449006,-4.503520330422153,-1.8831381465078574,-2.9978447149758276,0.45012324423928635,-0.03758878683459406,-0.8022818643205034,-0.5082745521458971,0.18557013355416377,-0.8397646443192044,-1.333900551693038,-3.0875705985373267,-8.511303793075179,-9.250018208175643,-8.081470271356874,-9.29374521345636,-9.624955164360578,-10.334558927920254
-6.220436974456088,-2.222178370426842,-2.8703996283257993,-5.037789993460828,-5.87164993946115,-6.08523237401661,-6.6923253093901405,-7.634631274009593,-8.969109581334765,-9.226668223909794,-8.614767563535006,-4.270492567763888,-5.3863994109075675,-4.416079198240824,-3.8344061550723936,-3.176137200387107,-4.629129995839467,-4.003462151915898,-2.937877196850989,-0.8352899225354913,-0.35393812177989736,0.954071958477883,1.2994107336341507,1.179690110990436,0.7478086199630269,-0.5435426111501265,-2.8503459497566492,-7.458088237850371,-8.898706677575749,-7.218202448338609,-7.865672855723764,-9.341950281109325,-10.218305716151328,-10.806416625555528
-7.10644488491096,-2.988264667675435,-3.433148481166838,-5.34743726239746,-6.27302003069317,-6.684076941992044,-6.9571273774928395,-8.647084591602129,-9.122364977487692,-9.89124360447305,-9.232593305193475,-5.973085442999193,-3.9882941416093307,-3.3429846063846163,-5.016666367997913,-1.8898578987292882,-3.5149214010825327,-1.2825886490600118,-0.009967626876057586,-0.8551640029871327,0.40226965696725286,0.691989781492394,1.0207209904254473,3.1054841490564065,3.296114758686053,-3.6300934242683836,-6.339402611838809,-8.116114673539188,-6.347590955716811,-6.996653125635433,-8.637741604163867,-9.916454010394443,-10.665277936252721,-10.996811342581159
-7.330126879211716,-2.6930360865445997,-3.6949361571765547,-6.174418045443571,-6.636347451200991,-7.765246853148577,-8.58473778378479,-8.873343428188022,-9.57471601608897,-10.360604284766845,-9.96833314148381,-4.802951372330966,-4.704288690053777,-3.5896859296797543,-1.6072748791929914,-1.7422667340792783,-2.8840857369999426,-0.5404406957916763,-0.9353377049239288,-0.3729362080486609,1.711995151136735,1.33983465284867,-0.12781369521960934,2.196467062962948,1.4353519394648415,-5.082267161735331,-7.185587486794716,-6.65353651516487,-7.274770775728643,-8.048963370561548,-9.173879575590533,-10.322534149880843,-10.951505319360722,-10.498449838268947
-5.746543485262307,-1.78878719936338,-4.612053358525651,-6.473741726945576,-7.619600474282578,-8.216028400535073,-7.921825925612486,-9.306171528291744,-9.532025570694746,-9.82538883533398,-10.047034255625553,-4.402757513657634,-3.832336199260873,-2.6147415990807383,-0.776491929954595,-2.144703619803528,-2.7805197914958706,-0.9383867765635064,-1.1271315795551136,1.2179684610601325,1.332806778584251,1.3051642315853103,0.42021811122009084,0.7212984326971981,-1.0688212855978008,-3.3385731541089227,-6.099407978415144,-6.8774269282146205,-7.9488770832210305,-7.346765809309872,-8.528531014698325,-10.200270676734622,-10.435870308596872,-9.585616190593202
-3.3856784884032143,-3.404679672847827,-5.154442319032212,-7.5749449094085675,-8.094197832140491,-7.927239522470853,-8.014452247000536,-9.0478151751058,-9.196290329789273,-9.173795402763856,-8.956580557950748,-6.323681509360062,-2.939539603246571,-2.126961332087583,-1.182356637632734,-0.26173931729912403,-1.993814563694009,-1.4097543749799923,-1.6299445015355964,0.457528938919357,1.9531771110433593,3.4580849460526704,1.7594347398249168,0.645765968331858,-0.8261728793287293,-3.2345773371093696,-4.871833161809629,-7.011799470305072,-8.094776836678255,-8.329061831944776,-8.756910389475618,-9.511790993873976,-9.119491540670275,-9.876121729961481
-3.315532023236053,-5.4909415915961635,-6.439024379002511,-7.704043771052407,-7.406566285396619,-8.13840031532471,-7.643464591688084,-8.140423406633868,-9.043061856281028,-8.741362741485196,-9.084148577689055,-7.390856857920456,-2.015708917724599,-1.8739653893974544,-2.2138053122314925,-1.4437277284699266,-1.9982260660763664,-2.3550522909439975,-1.079411595527805,-0.4166879096119869,2.065872331798607,2.254288463725562,1.3687216163818827,-0.183787652238093,-1.2885761073485718,-3.464789257688304,-5.258237262440038,-7.3615492684143575,-8.18638565262497,-8.34715579634366,-8.607209886267928,-8.601095632158547,-8.674069280146886,-10.293674808396942
-5.023911862427871,-5.161147073856086,-5.942893988465908,-7.333160081373386,-8.043629821289496,-7.796556674883015,-7.300006783788413,-8.313326848014341,-8.668995484129917,-8.715717793779291,-9.179210304208475,-6.686124489066681,-1.726819731382611,-1.5756528933626084,-1.4363182498386595,-1.7768909459875704,-1.748255675865046,-0.27874247946869646,0.8781890168063724,-0.18509197476217118,1.6702366619413285,2.1635570818112697,2.4682762041359245,-1.3526721629361482,-3.026746437854636,-4.751270028739042,-6.597348321408252,-7.239982104138225,-7.772912266642234,-5.314998585971791,-4.327502763232346,-7.797613565566635,-9.439133427413296,-10.80172476969178
-4.876194874430442,-4.9979702779152975,-6.24841768133298,-7.672793367880303,-7.752685118588875,-7.227498894574644,-7.435432964018298,-7.50299230255021,-8.640278876416444,-8.734526447188847,-8.654917171086966,-5.1506809175480335,-1.6125682444968528,-2.2582661117533753,-1.7240759615902468,-2.3795476085924196,0.8001752190086953,0.3597764037974178,-0.5307504538137987,-0.4427952063343748,0.946085313424251,1.1043662574643311,1.2572450335306167,-1.9345308731417283,-4.116736896103148,-5.740667991915933,-7.347044833982675,-3.991245842654248,-3.1613163806439326,-3.732808381006556,-3.265511356168226,-4.2754331136318555,-9.885428348209519,-10.731364309779568
-4.693401228095981,-5.398763212709133,-6.800167293903926,-7.940171085494189,-7.10092279286066,-7.41342040674119,-7.2821801514298325,-8.161155025977889,-7.960023993961948,-8.125831464103294,-7.393556732703044,-5.93250916184816,-1.800027800986247,-0.7360935120729859,0.00038232159425973954,0.057126125808933274,0.9071702619207872,-0.18352018858740182,-0.7547025376342291,0.038680177784628685,0.19521993469743007,-0.1646437229022386,0.25898642397811183,-1.9222892107195158,-4.620937201045877,-6.417578944678588,-5.8318155771891576,-2.7991851526952023,-2.3182219127762096,-2.5838878089273183,-2.890585785350226,-3.2379459353229385,-6.7851911449456574,-5.704210166298215
-5.013741266044495,-5.592232051444366,-7.165187727880371,-7.155160841681687,-6.732300083173807,-7.407038870040412,-7.146124767864579,-7.565005346899064,-8.242056504525431,-8.136719089940502,-7.361561946052814,-5.882147783669032,-1.8946421922581027,-0.1564534103591421,-0.32619430522885745,0.19975148473341317,1.7544301920494938,1.615697464275501,-0.006825819924127478,0.3355989549761733,-0.7621874964942793,-1.5177065835592212,-0.9829494610632648,-2.2844904424727517,-1.6530787360179648,-2.9512940360837145,-3.8374109169304282,-2.532394456676873,-3.6784394566398664,-3.0511817298223476,-2.7780811499789295,-3.426120239194651,-5.752474992889422,-4.3304430149974795
-5.343452868288678,-6.499366661860457,-7.390626931854631,-6.924185883138235,-7.32572372412099,-7.168181757094841,-7.657623245326124,-7.644378697149584,-7.212984147795526,-6.317302886074346,-5.122247437585657,-5.286649328941758,-0.010034101521378366,-0.34314984111408825,-0.3317423846119156,0.5331116420244707,1.156467047261662,0.19871559414406892,0.9443864205050565,-0.4407543028296181,-2.3364210297395687,-0.7107352187959636,-0.6610775935725277,-1.826165095262095,-1.6837975032365031,-2.6510423293366445,-3.7963151583804016,-2.6553960824541045,-2.6553617301999446,-3.472074638247007,-2.5803643880433254,-2.8724372489138794,-3.443356317270447,-3.5080459994991715
-5.839472805353487,-6.5097418604626265,-7.421806544538004,-7.366419870883464,-6.886801941269905,-7.13155172284118,-6.7829505373373244,-6.756459094964617,-6.071260520769371,-1.5257869764787806,-1.8757289958085794,-2.611941535063266,-1.8185966653317305,-0.5449217871134049,-0.24798013108704833,0.22299653240231818,0.8904665524230233,0.6962400948154669,0.8301654393581149,-0.10421024464117615,0.02440441607314157,0.6699768129713467,0.48853250870680026,-0.970648579607567,-1.9395101568274864,-2.2288894665134125,-2.7102794455091153,-2.449755026984362,-3.0335104910688813,-4.817047300908937,-2.9948020460641853,-3.509376437968787,-4.588891694916028,-5.216454462745987
-5.779838391211954,-6.872283959787881,-7.576163911637935,-7.148522354836621,-5.725118253060989,-6.933000507805033,-2.963953219630733,-2.7547443058242584,-2.9161007156576773,-1.7031161340164702,-1.478633124550107,-1.594181533122236,0.23905793682897397,0.226572121170996,0.9690744681098136,-0.15656721301491733,0.45858137754231093,0.5402958706945095,0.38552337358742433,-0.15064415429711323,0.2699816307467294,0.8785339883686303,-0.844214894003603,-0.9488602606403503,-1.7908135157434804,-1.3989993907745255,-2.2280264611716736,-3.318319936116439,-3.3874888799526244,-3.170228630157822,-1.9539951773013213,-5.083378738554832,-5.3420973284906585,-5.732652483150614
