script/wind10m.json
{"header": {"parameterCategory": 2, "parameterNumber": 2, "lo1": 3.000054539987559, "la1": 64.9999836372058, "dx": 0.5, "dy": 0.25, "nx": 34, "ny": 52, "refTime": "2024-11-04T20:00:00.000Z"}, "data":
[rows 0 to 23 of 52, columns 0 to 33 of 34]
8.31465386177672,9.198911892591365,9.207214688715636,9.3350123486631,9.67585511695745,9.489891178349806,8.79832336252997,9.084769023796783,8.644713670129125,8.679676527463716,9.674681597785042,9.851709049717195,10.452017895061532,10.62880882238579,11.583719181931988,12.06071790085411,10.696248359285082,10.052812145737601,5.0465574276607,6.6225163281172055,6.260945408574197,6.309594019748613,5.664527400404955,8.534784760985595,8.501071605227667,2.994944654867426,-0.3837298720827961,0.8766757477806812,1.802548807372743,-0.29785377904637383,0.3228888799562315,-0.518900457910922,0.5546432487544288,0.6274997051546324
8.589229685189167,8.780623711667436,8.98015945489953,9.453591042428483,9.108858145337624,8.548686635600042,8.609773415868549,8.492811039965432,8.226480749132428,8.717586523196193,9.015518358676077,9.152246730250171,9.543508547018641,11.436368061936978,10.811011341612963,11.80041012487187,11.731533514717691,9.403787899561697,6.530829805689791,11.552687432352965,4.427872972835439,7.000233260628308,3.7142435511983742,9.978696063835862,3.990988385235199,3.333446542719489,3.6850497206066297,-0.8534689919251585,0.6989305548339666,3.9637487988191964,-0.19525442184011257,0.056073241525344965,-0.5581804460230648,0.9980738274443371
8.33145868080001,8.443005096666273,8.47570141474278,9.677319302382902,8.9174136182594,8.080672250460347,8.288030807565656,8.354065899853797,8.606009510913989,8.39075324054747,9.212377449193058,9.148132410789955,9.203720451245465,10.026909666398918,10.397138234393712,10.242078954384647,6.812983117872647,4.373407999077614,4.425971607652438,4.026070682258269,9.37713935910602,6.4270944208368705,5.452168477715677,7.648209323806003,4.733879981713438,3.0374581954276314,-0.9508080202502038,3.4121113868871125,2.703838528466129,1.997180734471959,3.0522394876745635,0.6306023311674931,0.4654281859777263,0.5674572296495086
8.426229094831633,8.156982332373632,8.139352975321277,8.39335560401444,8.431595574917282,8.190521773621786,8.892514827007629,9.037891380609798,9.182864068801237,9.566314151989372,8.667149541216938,9.582529495273638,9.831892302189004,9.232813429120789,9.242184212446434,7.36174309925615,5.822051910404682,3.8069189063873448,7.556759626148045,3.7506787320661954,8.472736795509617,8.288699511917187,6.924973437790099,4.2757205356527335,3.566367356055357,2.9710967254528207,4.891199527992578,2.8051606920991086,1.620644714861175,1.5969013661088085,2.5191160076625345,3.40932279895981,1.6244060352510157,0.4074402127914336
7.402626521360944,7.501557364486408,7.368871612620183,7.355781373271032,7.551391976795171,8.539936782672536,9.044172852264063,9.026659471791138,9.248585336571654,9.35716795264592,9.54695989405153,10.322522425226566,10.684432971243224,8.444702280842675,4.035182253565915,4.41588717259147,6.360489391694673,3.00083667734701,5.188573019406734,10.00036784839762,9.1595841228697,13.549913024728294,4.411974761548392,3.91246948695895,3.671403527419998,2.191318312025307,1.903036510662409,-0.33681520097181866,3.5602673338886337,2.955456216961628,2.910927741973488,1.4845784949368532,1.123605323567803,0.9660245277495423
6.160919183839841,6.114299643743152,6.6175318748867,7.121012878139386,7.565445574425691,8.535855576871127,9.23018281869172,9.351575406599851,9.276589881422984,9.419524988124063,9.852311515522096,9.996254722792312,9.249580899043835,8.99332528108343,3.5111000315899634,4.6349414096805726,2.5095485439674725,3.9926229549801433,7.786784854058159,6.150707444378205,3.5408085142937007,6.9422030331384095,5.24020512827992,3.789899883032321,2.7834085914453857,2.2984407758114416,3.210375510258836,3.1186092647782444,0.3179220727459154,3.244782191342539,2.9674422649078163,-1.083283843533875,-0.417741672000729,0.7037218312011323
5.917775615928665,6.424521263091152,6.942195158712648,7.229640858271295,7.341234588396306,7.757725833036962,8.03224922645967,8.14574870903834,8.656202498934022,9.356134707603774,8.794971452564019,7.236095456706772,8.29692038204254,6.37819168194858,3.613761636795557,4.325177434653331,1.8465120660652243,3.0763713914855497,9.272905990006818,7.732700417748512,3.919150428097311,4.127933008308817,4.124737807889813,2.7023496583484237,4.241580112196686,2.424056820694751,3.2651824023498204,1.358200873656052,1.4104067169019578,3.4405209043000307,2.962385055239365,2.692241650435723,2.653168018440631,1.9506685171086717
6.124189391870791,5.846247528168338,6.091355396494093,6.309309805006518,6.757030361115501,7.231174125386859,7.619483143625472,8.083370353606854,8.423733082340227,8.408487677237567,8.19081150437864,1.0755660235939943,1.312284729796566,8.147625395109173,1.776860823191211,2.9960741507424324,0.06789390953420796,5.741415907789739,9.687836731104346,6.2601260616767656,6.52349560041811,5.0318953459353395,4.148186706325658,4.1914934093801826,2.856810712626015,1.7107484019415022,2.5616327022753547,3.4769644954521386,2.272060898112107,2.941764925295432,4.559279110741445,0.4844170942616,2.139873828281272,5.241559966240518
5.605705774940261,5.273096754347986,5.366377013762717,5.91251896206282,6.055413643003705,6.334118901687181,6.767793680854035,7.284243001618031,5.459956065685499,2.829950482551542,1.6997515292782426,0.943905541981575,3.7592756665882185,4.522400214944117,4.766953115967221,0.9432995320067084,4.425311228523787,8.847197545796194,4.0349923341891945,6.282782458789804,10.712536585277887,8.083387290269119,2.986714825274871,2.1456371343956366,3.157199124972783,2.5700992779010097,2.597025868858538,0.7074617983092117,3.1220714142413994,4.168273558235356,3.5603184505585883,4.9617363627867785,6.79090044002619,5.922911390124793
5.531067662040323,4.854973596466318,5.040796467392714,5.0931754921680925,5.427514463724126,6.144292647624281,6.014882679886791,4.013470862171912,0.6839608528751404,0.8129310954591938,-1.6130269980278895,-0.4153019584807609,5.020991641824647,5.210655804595862,-0.3015998866216366,5.022536022856296,3.7792101570240515,4.5814641431888905,5.800287137183366,6.451369365378697,8.231261148647475,4.722682618228635,1.9016150881468719,2.221984083305178,2.4036097402507184,2.720586312535893,3.6751009692068113,3.002900205743692,2.3547411163413043,2.6303825549595814,1.0201524270485882,6.435746452091997,7.542637151185382,6.549018434570458
4.877016629717143,4.606232329472577,4.429752440296909,4.412253681156492,4.992217517207201,5.088230212780606,3.360520126710516,-0.2869618585215242,3.0455329828149766,-0.07333608079697554,5.677990689097283,-1.8589343054850989,1.4917024770508034,8.882909208888979,5.48509437035568,2.1017491367485026,1.6241486440404675,1.609202121250858,4.842026913344784,3.023074083383544,4.942859852706255,2.182991784351577,7.372786291833017,0.29368230036033827,1.664349513810836,2.108534485968991,0.5216217180879748,2.632308091373605,2.9735603351340076,0.9286361714691198,7.055181355648118,9.227877448095137,8.672576317391952,8.112058585692179
4.329819843427042,4.316017461423028,4.383321113859425,3.2171182753615475,3.8980564134298494,0.7359024571305516,-1.303560855772598,-2.113885173317365,-1.7590427642084083,0.9081825750631053,0.6201023253118007,5.2661842973923525,-2.6726058402234942,2.7609080248995674,1.9527048287974311,-0.1792163185890873,0.12717919830884095,4.95805609728744,0.9815737839813642,4.210129333766955,4.054276603121354,5.5430120200241175,0.4276373569572222,3.057337223846297,1.2673264640241304,0.2354734725117485,2.619263423808721,3.1308025738745275,2.974706491911598,1.857775636938885,7.481002576631327,8.28062389680953,9.030360952103283,8.778707491078144
2.7037810139695932,2.7281547342525814,2.312580861021476,1.5423707739743608,0.9779891400083055,0.4853604216814788,1.8344538054713027,1.1541428810035492,-0.20729927913304821,2.756945303753561,3.4738539238450024,3.07849091958232,2.3497252367186197,4.040976122695025,-1.8699379147252642,3.67363706738703,0.6606784643806312,1.5882994193664906,3.173755621815681,-1.2392799703968502,0.7093967082495147,2.8410339603124317,2.872736188995345,2.112399624963182,2.0140655881722314,1.4649377502916412,0.0463475939431354,1.6940600487341577,2.9566525490627407,5.459082363723603,8.669628920754782,8.851183481619508,9.768721427464374,9.296823902834696
1.3687046423722244,0.38347763383004513,0.6093858843801607,0.24561843121621826,1.0757139732881043,-1.4594767998747205,4.091277501249334,-0.29969365674227166,0.3255018954426985,1.8221943591883134,0.503885657529074,4.6398335774483765,0.4849405921737944,0.47801952973782247,0.20293967471539523,-0.4179262605314603,1.0798713406051108,0.057328535744355785,-0.016180704027777753,2.580103719709256,-0.4965177599552324,2.755354935864676,3.9886338798470296,3.80339072149429,1.8115133530843415,3.524143367045424,3.7403304080202697,3.4157705976769437,2.3962120093318235,6.23569720416747,9.33839921086812,10.053877918352102,10.060618132068155,9.235634631062045
1.1232287491308781,-0.009773389029221138,0.983784498579665,-0.19297497925250998,-1.6000959326777162,-1.2167248561218142,-1.1342919530594475,1.157368937413445,-1.4182788099585213,0.2831054928036794,0.023557643924320543,-0.9940293131984247,4.6120199119039205,1.0051979190905496,1.971049232393628,0.04064933765183648,1.0069794953682027,1.2019878166575058,-0.030050890134680555,-1.4492924839267383,2.129036850840523,-0.5104533243497503,-0.6261916324756346,2.885839721934097,1.9657385840561148,2.3444369610895985,-0.6047103359698731,2.4104918466580303,1.660288166178399,6.200686180083956,9.643429625422776,10.099459692205398,10.08111571429128,9.908018864097695
0.6317635831466394,1.5736130882463857,0.5980664598454211,-0.2176554960966507,-1.2609424891435088,-1.381171848396897,0.07983780118349525,1.016948807073401,-0.5916783426897984,2.4224675486262517,1.9549115679200586,5.299361944893917,0.6307692776664348,0.9601696331294691,0.9211395489280426,-0.7387318175765338,2.9892799050231895,-0.8671257663274766,0.3940958429309333,1.1498923192936694,2.768315673914216,1.337953512599317,-0.32627910232527046,2.3347093835732164,0.3756516335158198,1.0030878242814314,3.2293286417040004,1.294894087212864,2.7024318253943265,7.871000732403514,10.283925900134372,10.380941812260422,10.328627256255132,9.802514787985368
0.20864838079713371,2.289179087420911,0.8356268511486739,-0.9400917412264574,-1.4858259303031247,-0.9345758207028155,1.1069563386432024,0.8997041147269702,0.3187720105712345,-1.4668209292395313,3.5240177899317864,8.107209266143785,2.4399539164431228,0.9424249599179189,1.3302588724587225,0.29518019794073813,-0.7913150257485798,-0.558513718632024,0.04640184794189423,-0.14087812112757914,1.7390216069453965,3.315077507594593,-1.025848040174093,0.8013731372033414,1.1514855936456831,-0.5243186765177646,3.379576630263608,2.7909729953707756,1.9509114479254128,5.235666853633187,7.6565698525355215,9.377281112759157,9.530549685732211,9.899440836713426
0.8229632373081716,0.7428247283105348,-0.00047601628473480697,-0.8522113143720391,-1.027752615818489,0.13921871791211052,-0.29257687543993754,-0.7158424746839248,3.8602786842267958,3.4550362876293854,1.4059608148809561,2.40542764675925,-0.9733499921300255,0.9758411277602806,1.3494239199843487,2.4328362469124403,0.08054781672271549,0.4141296402706969,0.5505176266732087,-0.43511960097024266,-0.20877119455184093,1.360699082181921,1.9661201152468393,2.367842246183232,-0.7699463153764579,1.5248905673287885,2.3230428279239455,2.762211191392727,1.904714846698208,5.256253483961661,7.987930555646986,9.260460764478267,9.468134898395693,9.239469221097169
1.3669721574201659,0.7971968365898873,0.6709246338140815,-0.710899803926001,-0.938194285320028,-1.0314503648441076,1.9581608110728415,-1.1629200002404325,-0.4097329631849091,4.430007499710856,2.142494122651151,0.5410029644207427,2.162207898925065,-0.8017918451054922,1.6979365456208741,-0.5186622573134217,0.2415280959760308,-0.03770868435608818,0.8182218570348198,0.19778905694886248,1.1332718346671948,2.697628579930958,1.7057814063881407,2.182241618183572,-0.22504409912321943,2.5016197530741495,2.125304264600151,2.7690649301889394,2.34940097226382,2.5259179647824017,3.7099933116861346,7.640831601705694,9.38899610639327,8.95600303498713
1.4220787863285271,0.7241732360003788,1.33202621499834,0.16113265565723806,-0.6355422474350079,-1.2033454268650479,0.6576564460451217,1.967878021894399,0.6693638913325095,2.104413262264062,3.1173051042858755,5.685869131539566,-0.7464488795690941,2.7175378654369235,-0.13355511610295773,1.1932343563734424,0.19398987591884206,-0.4658299217170518,-0.2489612315676736,-0.2104542150091938,0.5829481074661613,-0.09528594502630533,2.780680639814684,0.24713172020219268,-0.3578687391212455,0.9578842782481262,1.0019631692782833,1.5998180540972717,1.4473574728586573,2.032352639429524,2.694047896272582,2.700092137882861,9.145132021228846,3.705328464824195
1.3967574943225964,1.9554418355738246,1.842934704584092,0.7905920170463498,-0.857654040623828,-1.3899055367632709,-0.672798003504324,1.403468959061875,-2.0455503064852376,-0.6588910194792975,1.410905946344114,4.356639942430428,0.9349816792067854,-0.03533014824628651,1.2808633407940182,0.4218430903116649,0.4095245933964698,-0.07873085349650134,1.8044603932500518,0.7091123426235372,1.7438105143200207,0.8534599063099515,1.9346849911416466,1.3912725389208065,0.07461284643952232,2.5298019937621454,1.349249033839678,2.169376280305894,1.635637321703903,3.2549389113667417,2.8116259892063806,2.92682048260751,8.013353044307504,8.899652606853124
1.511367344543835,1.4025014803316767,0.8423506466646243,1.1819294292002176,0.9843675886071171,-0.601236830449793,-0.788753422880698,-0.8488698383549963,1.5359859902523882,1.4871549396714128,2.4096761946930876,3.914630235265992,0.7836039869690222,2.400653266292566,-0.13742386657016173,0.7015713693554981,-0.12473434160326793,0.33761821426948774,1.761516834537591,0.039546855699740306,1.9160649856229957,-1.0776745544085935,2.4131139626006486,1.0698237072418184,1.860225042425491,2.4982721510976122,1.507850304906729,2.072023429885536,2.8340328354445647,3.447574918428112,2.926829686289121,3.6779674514849816,3.321611560534372,8.822684525875879
1.527172389481808,1.0649134401018774,1.1267716220463402,0.556837829092568,0.7371105996565055,-0.6445393564887454,-0.4333286315500598,0.4916194867846883,0.6223154112174076,0.6839810136355228,-2.0357069061632274,-0.3192587974937182,2.095822667885622,1.1657971521837973,1.2148980062213888,1.2841701479273835,1.1819766783401693,1.3735411889438662,0.5933724765967683,2.2000573724237507,0.17562776653331227,0.09323708485215292,1.8270026095492486,-0.42836868545308576,2.8812321578810716,1.5957142616589326,2.0655647883214754,5.0231431106789595,3.2669699959070053,3.467315982206443,3.0100478942987836,4.331376100074603,8.3364102810559,9.796338628553832
1.0583939995908853,1.515245992888584,1.451250225317579,0.4301201048591716,1.1741372659379299,0.004027826443044764,0.6929074807120637,0.3168394554229875,0.7409920659386706,-0.8182326448213076,1.5791727734102967,-1.6392572771297091,0.478195152062167,0.5917693378138933,1.7267025948956778,2.2291715098203446,1.0261861446803024,1.6055727299069986,0.9935808036944673,1.625562311132017,0.04355688019298247,1.1236504707392774,3.5929988406895257,1.4854690040087213,2.3400158905368458,2.284651975108337,5.6711455172841125,3.4884053253652745,2.768341099987582,3.138479547743759,3.4622100861314316,3.1871308531421874,9.157281818186693,10.566510195168757
