script/wind100m.json
{"header": {"parameterCategory": 2, "parameterNumber": 2, "lo1": 6.000198445256149, "la1": 58.999992894266676, "dx": 0.5, "dy": 0.25, "nx": 22, "ny": 24, "refTime": "2024-02-25T20:00:00.000Z"}, "data":
[rows 0 to 23 of 24, columns 0 to 21 of 22]
-2.0973932465187644,-6.660502461211194,3.3640900181146325,-1.9813493554023067,0.013200029638386561,1.0984214377843458,0.8432649165747335,-1.4747586660397554,-0.35925545840172707,-2.110818519934293,-6.634283284404127,-3.0363416620954373,-2.7440889295804105,-2.1325072587156866,-3.8708119098286247,-6.166357138269984,-7.484498861571876,-5.018597764407089,3.5703848189239853,-2.0449585982735927,3.2581543542079197,2.926686050167291
-2.63984166515244,-7.243339086884936,-3.9217429321025756,1.7354858545599074,0.11055502040069853,-4.31848120797214,0.9766883238296156,2.3082212513089106,-0.5810888239672112,1.2056171093124342,-1.2556828058837617,3.6824088749324613,-0.24486241944585527,2.0255084798108967,-1.9907483959927899,-1.919512219733098,2.4594273404767177,-0.45514743154776227,-2.577482182702854,-1.9100496942934775,-3.580074514088553,0.4483529659532697
-2.3778894332778475,-5.585842236001597,-0.8084201633360274,3.795834704302171,0.22375385842148457,-1.6875285991438742,5.336603689014866,-3.9155238263732635,-2.7005742411204476,-1.0807480349428804,-3.0330236368116186,-3.5952332929210753,6.527992331957251,-7.128101908711287,-0.19349190833697727,-6.157248627229736,3.0193728530918604,-5.765390116127233,-5.415372254375707,-4.243514688809836,2.9593454336401495,-4.037328053350186
-2.3942414754734602,-2.0950357938115807,2.279784072164603,-1.4794660223214493,-6.677427640904643,-2.2260916589212396,2.9260352934692024,-3.436227081708731,0.008906096709366868,-3.6884685965491064,-2.2410777196572136,-2.8728968201802085,-0.7902741465534956,-1.286554795674299,3.4043440828731812,-6.755482678456278,-0.9516612348572282,-6.030034750700217,-0.5780510565307687,-2.4074580337328984,7.843231808117944,2.882558652336535
-4.429820330605399,-2.6353201659294667,-8.06471080583728,-0.8619349201977825,0.23501629745068747,1.5773291227520436,-3.0304846306147373,-4.233898801058313,-0.7167363092476439,1.8804321380512714,3.8637161699896048,-4.276837619902197,0.6619914140720425,-2.9474455272856352,-2.1555081977195396,-0.4146854828777396,-0.525982020894954,-0.8267511571553539,2.596296359848826,-6.223346426051973,0.19362800225197818,1.0134780388842741
-5.519423395250769,3.4604636788479524,-1.7669589305301054,-2.642506694244537,0.6078961319080135,3.1639279682908557,-3.2985484917809114,-0.7620258263487797,-5.071827238639822,0.24470646456317252,-6.0749604524518315,-6.160136840930896,-6.389585525319389,-1.8550523838707011,-3.2763919673013153,1.8072189301352435,0.14417212883993732,-3.0418137582432996,-2.9660245003946275,-1.9796743593176682,-1.3496813081292036,1.7298502186819753
-2.8751354323821765,-7.522299347773928,-3.7006015231038063,-0.22980334083539308,2.0312940640741424,-0.7800235838354398,-3.600373008341479,2.1697371952063764,4.153737674957462,-1.7280680627244231,-4.512991892024984,4.494448174051182,-0.7325526205745314,0.03322979859195009,3.0202710038708798,-1.293053490360722,-3.1287646397971836,1.0947120464041513,0.8665572663260169,2.686900853215946,-3.7945569684584255,4.764489228930446
-3.119505062145259,-5.361219518483905,2.539373044854861,0.9426694149975761,-3.783160631658325,-4.267860589646762,-0.6948763961832357,-2.061087624478976,-3.0720017421711177,-6.096963374670146,-3.3503876666055477,0.199313601717579,-4.0323884682401046,-1.5131867087974753,4.452096058148499,-5.828901155437367,-0.6921391483567835,2.6259241733862844,-1.0178225622533092,-3.1296037860319594,-1.2624772476550963,-2.953962540013714
-1.75572541976318,-2.0732841120269767,-3.928198548485804,-0.7203924110011819,-1.8797705436803753,0.8308962966951818,-2.964039247712258,-3.2710081630409333,1.3851604478847337,-4.568846454499251,-2.636032021120501,-2.651108326336601,-1.3480971989547124,1.8322335040271924,-4.525085360669903,-7.259589401360034,-4.135344183603898,1.2527338653198912,-4.571854468473126,-1.473804709487812,0.12548470825479816,3.6696374022750433
-2.642998614266162,0.559471992059877,-1.369234721225905,-2.942538949506803,-3.3919086985023177,-2.507660491875155,-5.709210497838324,0.7557442853446799,-2.2556349551739485,0.3204345132710305,5.180189332591206,-4.016811425010806,-5.226734951445468,-0.9522913847223989,-1.0269334725784722,-1.7931399330539741,-0.8294503552539321,-2.6682816199570643,1.0297845735742965,-0.9525909311920753,-6.665155922025933,-0.13678265569096104
-1.3951568350465409,1.6795950386582048,1.9332597355859753,-1.0362718299971634,-4.270487415906683,-2.912834562958789,-1.2073497231313797,-2.9266411891861317,0.8524489756476789,-2.3109233110835725,-7.498740274076618,6.892438543950115,-5.341619915592935,0.5076011630687475,-2.9389783928581164,0.8502508263521646,-0.3984872024296677,0.795573362963149,-6.75340289352892,-0.6717411028451568,-0.9402519791584859,1.5882017198204317
-2.6533485111388404,1.01879350197818,2.8975033439729896,4.15963275706369,-1.5197631398463072,0.12574446616175716,0.256345344415077,2.051640623028346,-3.5030021450506834,-4.310655667418715,-1.9198830316253876,-5.826394426604712,-1.0004157905462019,-2.4504174854682734,-6.798039602740048,-3.759913220241316,0.09417914078506774,-1.4769316921099382,2.690424960849745,-5.2748115927032035,-3.3121561327391804,-5.225750419915772
-0.2871513346569719,0.005671039516569663,3.040862263555128,3.7896536477719187,2.1553634778868687,-4.714727765886829,-4.372009305536954,5.565759871402159,-1.7330850491477066,-4.512230627844739,-0.8823712995561799,-3.592961854146899,-0.1103828915369581,-0.9905293970078493,-6.356904248196817,-0.3200223638708245,-1.342391065661279,-3.3899050705460203,1.2704174572066174,3.8892271312517908,-1.7852113669893785,0.8549758435306711
-4.297314181482683,-5.123054135866389,-1.339559371582786,0.751231554277104,0.3790629874611353,0.8456305610677334,-0.38693696326216137,-4.145434768416863,-5.39815672549161,-3.7175825427188767,-3.4375623345215587,1.029723378816789,-0.970664149401394,4.572573804400457,-6.856452282631739,-0.10257217332597664,-4.794745750980637,-3.3345290540626977,-1.1119784556374375,4.820490345007887,-0.9360704872153682,1.0097069303286634
-0.9812725471761774,-8.10827691241039,-0.25205556045499994,-6.379357939941938,-0.8302239979857073,-1.7355967137794805,0.3068128420066175,1.9211751507571981,-2.723205941090461,0.8046863737562256,-2.460594963134059,-1.217448283854025,-5.802838373444228,2.700529013347111,-5.265271871902269,-1.5302670767638613,1.7633486557698457,-1.6356084623194584,-5.4020642812262984,-2.798358707851132,-5.8689339488450365,-1.6814509909965234
-3.065419834509553,-2.1061809389944823,1.4136336504439677,-5.63716179126977,-0.32695444049549166,2.9791796010920417,-6.324548599444777,-3.9652070831854105,-5.632760968337837,0.006119370537525308,-0.5491400213147777,0.9337667593036602,-3.532434602119712,-2.538582467438832,-5.91516602282866,-1.5341785739786364,-2.1144057380066608,-1.865009190451841,-0.5318816628484406,-1.8323644597196067,2.8194774755449634,3.0702168544285975
-0.41177209282661337,1.6468340683814715,-6.570998439529143,-3.711212564212591,0.758145654042293,2.079275747375543,3.0451953766307094,0.9025258309953879,-0.5661374047348215,0.7341772114399265,-4.386977546507711,-2.922333338040412,-3.965081550317834,-1.179812690074362,-2.00834789238066,-6.73548214041259,-1.0554136494313797,-3.1002605304150954,0.29448205074385014,-2.495259482946903,-0.8386281761001241,-2.161019957686273
-4.67263173910556,3.0534898449505814,3.456509851494016,-1.4090197298040872,3.94430989417032,-1.0631374767124324,-0.8735448865701282,-6.42063792250213,-2.5827688115883194,-4.893844587533447,1.3337443495938655,-0.18367196105443526,2.6761344504513165,-3.727871692831923,-1.1919360706126927,0.49560745159297664,1.817710303090606,-8.153452015921728,-1.0796568540335898,-2.4384184590739593,2.868452518139418,-3.5905977117890386
-4.989564947007332,0.4682715977566859,-3.0532311997498116,2.7538242101567616,-1.3339367316234048,-1.684810798807955,0.2370215730770664,1.6593995433255013,-1.3938076996453483,5.519906540250198,0.17478779729746932,0.1252029193516981,-5.450227508033156,-3.1779036427154903,-1.7722896090455231,-1.6016503476240656,-4.181136700814919,2.7947792622100716,-2.353585668951727,-0.9558689009658241,1.9078768311664915,1.3443810227012094
-2.530717039605086,1.9879589061439127,-2.28379786732798,-1.0379550096161747,-5.142694736195674,1.9910893236058762,1.899854854471529,-3.9810040149494603,-3.6287289322532343,-1.0893750375175815,1.5114340111742308,-4.714789955267951,-2.937962511151433,-1.3082095347262526,-0.4211750400703624,-3.8505220189404112,0.49464762660353856,-2.9854133800227283,-1.890732694839278,-2.8735930634626294,-0.09612828812963464,-0.9125447089547587
-0.29042160020623975,-2.8438862962810925,-2.528827729628893,-2.959773165607051,-3.054208497820897,1.2178768269447848,-1.9716654729233036,-6.5655753342143,-5.12669914111878,1.2314224852924456,1.5785349306948304,-2.7052365054248795,2.9289585551416053,3.035743390190324,1.9626091091766869,-1.1980603287287768,-5.331854137863573,-3.751851725875697,2.4935452578660207,-6.658056960535507,-1.423406895060634,2.694754828297585
-2.3444337854368316,-2.0818486157112304,-3.8044122309188535,-2.72349970338209,-0.2644280594914642,-5.895077468649697,-4.05469997739017,-0.8261333185887129,-3.751503502691568,-3.1637415861276126,0.8911981823528184,0.8311782415794987,4.62390609220172,0.02361668796126369,-1.5730066782730225,4.312376097822437,1.3329495726340694,-0.31547646496879356,-1.9049512668618551,-3.551702014112816,1.38254010435429,-0.9022038830038931
-0.4642550151798371,-7.566920967305464,-5.1474553010328945,-3.1806382227381715,-2.4799740794120795,-8.198120012205976,2.326176666621359,-5.675561230866391,2.8579408857691493,-2.0602326189536813,-1.3426370420033433,-4.006611114471036,-1.8855375911777128,4.79884613275339,4.02163413563547,-4.953374705541578,-0.16923780102228891,0.00971909113199296,-3.341569836140866,4.582769452409807,-4.9720294039047985,-6.255366033438861
-4.025490788889448,1.1296323194219509,1.3523513926504052,-0.9409975138616613,-1.6960928048181467,-3.898250973766492,-3.287302250444652,-2.92792408559692,-6.906478684922049,2.3370823745830545,-1.7001385755415277,-5.828902127395513,-5.373017812181662,-4.381356815334572,3.227226115393165,-1.2906631540221207,2.5703592049025272,-1.9902564301509194,-2.0270199256748844,-0.9228698620262626,-0.9895034319390749,0.5926505241459165
