script/wind150m.json
{"header": {"parameterCategory": 2, "parameterNumber": 3, "lo1": 3.000054539987559, "la1": 64.9999836372058, "dx": 0.5, "dy": 0.25, "nx": 34, "ny": 52, "refTime": "2025-12-28T19:00:00.000Z"}, "data":
[rows 24 to 47 of 52, columns 0 to 33 of 34]
-7.382111765641456,-8.359242399673121,-11.103937910012425,-11.25850682279045,-11.52787335216238,-8.758169280985065,-5.675157411250796,-5.618448616450777,-15.840692631557687,-11.167396692440525,-7.556008099962315,-2.873744069882798,-6.545649583516581,-6.619707914759342,-7.381715468622066,-7.557258849647039,-8.923491461557703,-9.380770106812253,-8.832609932914615,-10.44147755214242,-7.36779617226836,-6.840213253844856,-6.775776706790167,-4.394484010231828,-6.520098688083615,-3.7891575345605784,-5.002004152485031,-4.515110541319625,-2.4802904311162846,-2.559336518636295,-3.8660439727751053,-4.394198054843822,-5.099127612895221,-5.535878792309183
-8.817094398410989,-9.69973904887859,-9.363699265704927,-10.840933647926047,-11.277864841122156,-12.135064683744027,-11.299640361294317,-15.841745984583838,-4.163573132347026,-8.034488997376497,-3.7815187994041195,-2.629201362075032,-8.606432665972978,-7.660928563353952,-10.79175621873045,-6.564130781705508,-8.825919643948085,-8.289877947558768,-11.028889821334998,-8.014371201481111,-7.702423713302983,-3.8751770470660367,-4.254214198351684,-3.1619739732199803,-2.343663811506371,-4.161973020351303,-4.071719178548361,-3.7455007420058415,-3.500809639795941,-4.039731447220164,-4.372989985487849,-5.1340112584936755,-5.252353094286122,-5.0512660567477345
-10.071107886138098,-9.913429949604625,-9.762957614458566,-10.616043954756696,-10.212530917827042,-13.092088244731858,-10.620202201929253,-11.120263644228404,-5.8412106429444215,-5.422679241043225,-5.691806964661146,-7.360940949764051,-6.657628794466549,-7.998737869959047,-5.655229406639771,-5.82550550215397,-8.067131358628226,-10.20088638648697,-10.508969840767914,-8.779995370418822,-5.022353144437353,-2.1403294635543317,-4.169416528496097,-3.585263053014751,-2.9604264770288506,-4.715269741171775,-2.6960265772630945,-3.5996579997575533,-4.040281599380356,-6.126184949528653,-6.545327288557893,-5.627365271322457,-4.322409641657046,-4.621387337869951
-10.165852111612839,-10.097404631367963,-10.29093108704251,-10.74177775608944,-11.274578802093009,-12.124890952962193,-12.572196788186606,-5.790979809021633,-10.048403950847556,-6.45833046715399,-8.256844719725802,-5.259972060274695,-4.3555185973913675,-7.0461013129773455,-6.646114732847099,-8.331429436345667,-8.869648906755515,-9.289380418498506,-9.209878066286297,-7.926422757755423,-3.9961707655537433,-2.088843559287153,-1.9717605050744873,-6.063033124303006,-3.923229669105988,-3.9527070812715537,-4.783314936421313,-4.234402801746792,-5.491614123232208,-7.380442433994551,-7.884615217464408,-7.1667445548764395,-5.777599758138605,-5.78487543700413
-10.014857727336567,-10.22609206951074,-10.538671800087766,-11.2087499850035,-11.48815868606879,-11.80322000368387,-11.90056739280567,-12.566977882286047,-9.710970324690873,-5.866405519824636,-6.278021049864237,-3.443032196927628,-6.150281763704649,-6.8227442850036955,-8.595813295480621,-8.962113839032211,-10.143907418276767,-8.874547827718295,-10.32577245828722,-5.705048019336986,-1.7258565660508982,-1.9519993940149112,-6.13718080409268,-5.368263080856194,-6.675412690034553,-3.6669849483829666,-5.04961019468802,-4.6651754891328405,-4.919118116567996,-6.496916577454622,-7.308744703746497,-6.942923909493222,-7.225947242713928,-7.330002650280986
-9.69581451952286,-10.379465414847902,-11.334517267128703,-11.758028693859425,-12.640686235524669,-12.907547068886725,-13.451082657031339,-13.503351940902123,-15.812067399397995,-9.553383539552687,-6.227858854454666,-5.4087351509734765,-7.107827715686454,-9.098136500021269,-9.211761628775037,-8.660506952045406,-10.732394293909563,-7.2683076698623434,-5.870289843834655,-2.4045386686776493,-4.450162853162487,-4.210411644532495,-7.270162316535186,-3.9772278709597204,-6.978504972566382,-5.74011823069138,-2.977360321194227,-2.7975288839356334,-4.107245360655805,-5.945990994869287,-6.347713254492858,-5.174497368729,-3.954306504967713,-6.915765195763858
-9.840988261384682,-10.245622643540184,-11.024529173743682,-11.857123854303222,-12.791215921829087,-13.568481653213013,-14.511945415426707,-16.153634564166886,-15.101320885804435,-13.607811596457863,-9.400042507757849,-8.935489580903711,-9.344467568045005,-9.822236226533539,-9.607709834353757,-9.676001788383784,-10.638518575315455,-8.62855545825812,-6.800144458900171,-2.8796475798622336,-2.921972144049102,-3.1408957674134603,-2.581861530418065,-5.370754071989719,-4.6440464797957866,-3.372135328795797,-3.1040067902707045,-2.5542494228964716,-4.396458119186742,-5.206632346105348,-5.806179522155076,-4.409767941985006,-4.1324986855303045,-7.38698172974015
-9.485066876752056,-10.081419846899877,-10.95654710678167,-11.883178518975706,-12.833885315191612,-14.00364274576405,-15.226870678621587,-15.060548317140638,-16.43816466616525,-16.15108943706291,-12.911373983402205,-12.02699295589028,-11.535969166841685,-11.026534022862656,-10.144166934999516,-12.55804827568843,-10.61009802649817,-10.111002619053433,-6.682099115514348,-4.4399732282824,-3.8717292984314655,-3.6345722212826836,-3.3886856879568787,-3.6876616524331713,-3.4733813298833844,-3.1095515642428073,-4.8289005054658665,-4.343852287531407,-3.6067222054014194,-4.104507358497044,-5.746243662066125,-4.151136078487899,-5.922856183293967,-7.88704846323368
-9.281114615201492,-9.928130949576659,-10.699778728703135,-11.76667229655306,-12.72765276412623,-13.613532817913049,-14.633679599780843,-14.350649143323908,-15.666744559627313,-16.338885369614317,-15.81685467954917,-11.76805424245426,-9.758177116167158,-10.061074406624924,-10.064593058679359,-12.028187015038476,-11.67169893476055,-8.84338973078392,-5.927456298675453,-6.136451130101534,-4.378529185704206,-4.2744850311712135,-4.22191173041659,-4.137880700755457,-4.299677032823479,-4.095440962081861,-4.401584494331436,-3.877210364445563,-2.5229395319833605,-3.8072115442828647,-4.6237864172503915,-4.343767705869897,-5.625294034717895,-7.728522810588783
-9.117483351346323,-9.807449396365513,-10.453976695856635,-11.215073247768736,-12.218194277748603,-13.0246015400701,-14.059863560128411,-14.595712044303918,-15.042011289587968,-16.634832864986446,-17.667603725149075,-12.980663466506666,-9.804382048543284,-9.863115744332129,-8.73978433360646,-9.21972950397323,-7.7844352041954235,-7.563550477012388,-6.727667092330664,-5.289538380686054,-3.661181499725224,-4.087452101170802,-4.422596711680423,-4.543730795329163,-5.957169512677363,-5.30092061834969,-3.305354640758931,1.3352348954628515,-1.939517675844982,-4.1386493358897765,-3.9336464151975536,-5.11364764016932,-5.178767001350804,-7.144678376808126
-9.347534760490506,-9.83290278321012,-10.231658333286974,-10.890479384343031,-11.780077577345464,-12.63020775762968,-13.587772954918982,-14.290123494264995,-14.974058035803436,-16.968686803189797,-17.693776926105727,-14.253205821723729,-9.799681589914602,-9.280405705413635,-8.468642589847123,-6.5104124220251345,-7.594099669803003,-7.456016002507597,-5.508095738223331,-4.328683467561666,-2.7617441198117865,-3.1910488987255388,-4.52086328657195,-4.859153749275678,-4.245682560835476,-2.7200329665128846,-1.2552624233070442,-0.8403188614515786,-2.228746362295539,-3.8262703075474778,-3.9809712382702562,-4.0096378107250015,-4.225369325557889,-6.194536668201185
-9.317072691402077,-9.446251420750931,-9.68769146819111,-10.409195431023685,-11.140270873290278,-12.044381831434407,-13.203674476988066,-14.199750653861381,-15.116019019509032,-15.728704294060426,-16.482117918746304,-9.940402227613575,-9.911147137368806,-8.495521268984362,-7.625248992390448,-7.3536729088488775,-9.986188588063007,-5.479705170028295,-3.4095395374467774,-3.035319369174256,-2.2041331094928847,-2.130438561046414,-2.885587320221474,-4.1854018704621225,-3.3934299761222495,-3.0207359336777384,-1.6848359872717085,-1.3188688432445825,-2.2789211775405978,-3.7993844635166987,-4.70534714501216,-3.5256100158209907,-3.711512253192957,-6.52677112117777
-8.800319614013276,-9.138511280144272,-9.512717045847799,-10.009785933822007,-10.700517656144918,-11.505669688785877,-12.534181812148743,-13.463489362748547,-14.453560767677105,-14.915827012247332,-15.26186031446752,-12.042874018458889,-7.69607403120944,-6.850057747585276,-7.018337559374447,-7.647481753402987,-6.129879873465653,-3.872650836261726,-2.671994015560551,-1.867567070996503,-2.375137448568905,-2.7771585881314818,-3.0951598960619937,-2.930720725226946,-2.323629784560991,-4.716158481463861,-5.487665075667111,-5.003436810568551,-4.1419338084809025,-4.431670200842618,-3.810894295352966,-2.7011628414963256,-3.6709391550998762,-6.647477162462978
-8.700058842918223,-9.058789700665642,-9.411435919613776,-9.892797024298416,-10.51775717960628,-11.176119695669538,-11.82047206550817,-12.543859274239006,-13.585757306449556,-13.624668471566562,-13.741046835312362,-11.606949088393883,-7.552151474411465,-7.86046466242719,-7.607557876793375,-5.388263929072847,-4.013314980561764,-2.1324005407322164,-1.5866741148331331,-1.9211944109521528,-1.4638256347093497,-1.805386534664766,-2.956572168954375,-3.0467833228543286,-3.2236311814381673,-2.380878030041089,-3.3126784574023627,-3.8221387005521126,-4.822188998232937,-4.921087232322074,-3.4066983716649473,-2.6858648503277966,-4.685504350265812,-7.172773247570326
-8.36656492428276,-8.46609677522417,-8.54278886765949,-9.030255319455593,-9.895818468685608,-10.928329552060513,-11.368337831972726,-12.00501081257223,-12.504364155106266,-12.632370479642484,-12.455928070863942,-10.176988572393393,-8.074781621766077,-6.090519805664064,-3.813659150929466,-3.659745436292364,-2.574291664020326,-1.2433924342886047,-1.0363391320950959,-1.515427157490103,-2.1605784154652015,-2.892687026989777,-3.2648755531549094,-1.627359329684674,-2.5658310062323157,-2.5964989474136884,-1.9729898283296858,-2.3691024197858916,-2.538336491539182,-3.614557163641933,-4.163386435161189,-3.4034785425926986,-5.121148549671809,-7.449797055197611
-8.161323422567298,-8.10013237944476,-8.041091523517544,-8.532773484226507,-9.350481801321267,-10.012107176704902,-10.57018368587257,-11.15727223088907,-11.819190765738318,-11.72562776614645,-11.397591903959526,-10.792202921141456,-6.839318807917604,-5.520791752385171,-4.326642854314456,-2.254960069611743,-2.375524713041766,-1.5295723865826933,-0.4494728245099505,-0.09422403108703037,-1.9492383155924617,-3.4863909458668623,-3.3267200828387637,-3.5782387400104696,-2.59370270313561,-0.9283894160991545,0.0456392837701048,-0.7373137353070316,-0.42621531742197016,-3.619364345756797,-4.165805099664654,-4.07863345505453,-5.512179675766304,-7.550643964790834
-7.969589649881229,-7.826159891344369,-7.8528533127408275,-8.408605182809556,-9.06436338483903,-9.526108478850274,-9.918780694622004,-10.264104998523058,-10.44462291233515,-10.35749398635607,-10.271357296914994,-9.670500119966645,-6.157503130519719,-3.8287125669465465,-3.0481338853501474,-2.153272966221367,-0.7442447738636481,-0.17619639650428406,-1.523610580661672,-0.6751480220821855,-0.6630701137386638,-1.9154299383051323,-2.752703525854517,-3.655697981341722,-2.259326412968823,0.5055139848390863,0.7874831733525441,-0.7061458600585822,-2.1944447476282316,-4.298916238813428,-4.486553066427218,-4.988902815764189,-6.674422542911974,-7.765856035431239
-8.001011964007867,-7.984465285905545,-8.066227876107877,-8.297804083014608,-8.610370770899197,-8.985858126993577,-9.1423190606497,-9.331380907288818,-9.553323536990957,-9.232288485108736,-8.936230057273871,-8.547140891245487,-5.344711880917358,-3.7636148271463044,-2.644032951449289,-0.933594099881202,-1.7136934446249403,-0.9015223853572578,-0.6040254309726298,0.6903143237790841,-0.6333792009873351,-1.7430326348027787,-2.399470838781406,-1.4157449802866624,0.14991591875589522,-0.06440267665203385,-0.21675973055531184,-2.5583676246614684,-3.5354716381844113,-4.36411486569775,-4.251361479315201,-5.621900757864441,-8.112460490844482,-8.741515580146197
-8.07463714354078,-8.023768340361842,-7.772839266422645,-7.9207011933625555,-8.491464544131631,-8.634681806695431,-8.622132628315446,-8.8994425246086,-8.872156388034789,-8.354359918596915,-7.95557418961936,-7.244983158017454,-5.9653117795584185,-4.12968936062749,-0.3289743242700083,0.4687114923703602,-0.3609919480287893,-0.10070716854753353,-0.08822940546317246,0.2108177052239901,0.30995115237620113,0.6666725465266017,1.9842318122444138,2.1758114528042887,0.779631591276197,-0.4623361862874157,-2.5619362141612982,-3.270197857180166,-3.1773112468322124,-3.8815382642657665,-5.390275459004865,-5.65261489142291,-8.041917687840582,-8.983726397961327
-7.720090146001766,-7.561749408380624,-7.300107402599883,-7.7386647704758245,-7.973307648895078,-8.169275624569458,-8.317997354658903,-8.333942782878093,-8.178253202693236,-8.041638337740407,-7.685689664441567,-7.670643341158376,-5.732217083765543,-4.401322937591639,0.6384609716444726,1.3277287345240263,-0.3013432114410498,0.5308670911289644,1.6572919671240947,0.8515680080822072,2.7054739100151965,2.1276336452945315,2.6215787734538045,1.8933981278966323,0.3184190547800595,-1.5232325833601073,-2.795128651703687,-3.550769145879584,-5.43873581363568,-3.928288225614512,-5.2904709131729275,-6.37287266934715,-7.580209664206154,-7.38654358824316
-7.158642555856956,-7.235640975117513,-7.177646732121699,-7.309377129892862,-7.459266247985649,-7.413912689621905,-7.695244617806667,-7.6577610289361235,-7.436178331995859,-6.715304824924942,-6.489981924331198,-6.663824057416045,-3.7483755638213303,1.493659943845283,2.799252428965654,1.648907802915036,2.235164448938844,2.168449305492069,2.2002639482617696,2.6637434151908232,2.7557297067234416,2.781398227292146,2.8853014809327933,2.4497812960787195,0.040623361472143356,-0.8223136195152154,-2.027125900379347,-4.378914213239982,-4.433300370666565,-4.40905505168735,-3.8764287047818695,-7.336835501654493,-5.867629009055763,-4.045161795213301
-6.750927448657243,-6.580746941548634,-6.603674624858657,-6.522728836456752,-6.454881108299758,-6.653342714590593,-6.8315461461821885,-6.822332041344525,-6.371912283805201,-3.0603188232840925,-1.0546574553150874,-2.694845050633397,0.9902386854561608,1.4802323596020586,2.032493726687664,1.7719216338300237,1.9655625493046662,3.0684680371527775,4.553256565637064,4.222918415608605,3.6065892705380933,4.004986022771521,2.748638312404243,-0.15233514473961035,-0.30629294217747355,-0.8296443806670425,-3.0077547204940562,-2.6755500636742116,-3.1935775480319717,-4.370881539802229,-4.760316002248269,-6.168852860586141,-4.67715278089875,-3.593575427250495
-6.338316230875775,-6.03281111672313,-6.057101058596885,-5.908843016993836,-5.701900744479322,-5.872736052608169,-5.396139953788946,-5.138080757382108,-5.0986292786054515,-2.501968481342797,-2.866114839540128,0.22895267715496107,1.1238022135470993,1.3895568036057788,0.7987984305941692,0.7833486617068663,2.5009506355736093,3.4484126963356454,3.8759125335382323,2.9242244556868977,4.5044496468050506,3.8901207138374945,3.2095422326970287,0.12116556395526898,-0.4433374554947849,-2.464394137647601,-1.984764443878884,-2.6648670815666615,-3.087614479378229,-4.805996821560262,-5.448256128802232,-5.780977801355293,-3.578936784837414,-4.734877758559513
-5.5470130960639885,-5.4007481675801445,-5.216198856179501,-4.309601286317642,-5.522740805604568,-5.160651120334289,-4.874266398963789,-4.414500527145423,-5.1701200034507675,-2.3104092292165817,0.04130729811650575,0.9623137431515303,1.5775536946137116,2.21140558856711,1.5783717819807868,2.0270460410135582,1.5311381827235875,2.5730119486506924,2.8871881991654864,3.603535568478121,3.2707587382740155,3.3334756994596932,1.0299798268209148,3.1776072479263235,0.2454239173112199,-1.393738747149296,-1.9640674346786555,-3.6167680923397243,-3.855776559027815,-5.17654582197973,-5.4087228217447185,-5.778501622320438,-4.678841453846244,-4.54553768899333
