script/wind150m.json
{"header": {"parameterCategory": 2, "parameterNumber": 3, "lo1": 6.000198445256149, "la1": 58.999992894266676, "dx": 0.5, "dy": 0.25, "nx": 22, "ny": 24, "refTime": "2024-02-26T02:00:00.000Z"}, "data":
[rows 0 to 23 of 24, columns 0 to 21 of 22]
-0.293059719872216,-6.780406656560328,-4.401368067578222,0.9855844776803088,1.393329992946799,-5.472940869687691,-0.00983434422462573,1.546599180363481,-5.06682534002217,-5.654965144478808,5.606048858775272,-2.6228051946614586,-4.6867455981256185,2.4948128984943816,2.8589987247656303,1.545612412932711,6.433486100731329,-1.6053101994237078,3.9724012829135806,-4.466480496988696,3.214656814949864,0.3619451295597249
3.6830163367588837,-3.7863024764723856,-1.905161530051928,3.9288052028900724,-4.3889540072607875,0.3002758222537993,1.2745667223517383,-1.3993535924971185,3.8602550122804664,0.6764947735012526,-2.904683004046045,-5.184121517836483,-5.137588238698309,-4.910268714476141,4.469807136590399,-4.761423093268244,-3.353807696961127,-3.2606133532758426,5.177125698637297,-8.37776884090736,1.9235210777954097,3.096147620193006
-3.8372020854586366,-2.1575310133372616,1.5587407554474029,2.4235182302475695,-3.6442262742033615,3.902628530839554,5.98790909993407,6.142027189485443,-7.462148194977668,0.8363157535948517,-5.6168467906770445,-4.541819434436617,2.2259898256276904,-5.93100818967896,-4.132610839961322,5.3501479519198005,-5.896293456562501,-5.700800665006246,-5.634137641443554,-4.352250220036248,5.630533694345604,2.0325030953037815
3.096138237368157,-1.1964767836260786,1.059867224558111,-3.6316268589574583,-4.799193229778014,-1.0852061409222464,0.11137330227606608,4.12479501166649,3.5565812310457514,1.6296161670276776,0.08356805877626373,4.518195317606336,4.712931546908569,2.174851848380045,-3.4173049901610435,-4.327140346013153,5.563644929131535,-5.688001649000975,-7.255443676126789,-6.095819373342521,3.2365345285135243,0.5775214272640344
3.9808685390869094,1.3594675793382536,3.3694960501533497,-4.92193557416317,-0.7463495357765513,-0.36249853212413224,3.4682185763102007,2.276912427011344,4.05595301135793,-5.195937730802903,1.676044430777441,-3.870195132192149,-4.605315641317704,4.223887776913799,4.369503550312056,0.9857388032977173,-2.494678196566644,-4.117470068299544,0.11903981136511763,3.4120261742212157,-5.660719334679594,-2.292478528451743
3.248206481505986,0.7289189235451671,4.0462547374680105,5.603402353121947,-4.008132997393454,-5.006695346464229,-2.5778274501517817,-4.855564003018754,2.5612343005237013,-3.46066487103827,-3.6023598991065575,-0.9237146108381876,-3.4875654864273566,-0.744488088270668,4.689142638750305,0.10116335310796286,2.0683435331335747,-6.225405195734177,1.4306799460683521,0.6301997010067076,4.884464999358884,5.156196866075478
-2.344195906591515,-6.0199119106555505,-4.8201167731569745,2.66575590105678,-2.564110769714737,0.6930434877456464,-4.487016185947564,-5.53778383468857,-5.3975444275636,-4.750678996664971,2.7558982912082564,1.9274771333381466,-4.829783830937375,2.6255969041606804,-6.2185600183875325,-6.241291021694257,3.5148328183887276,-4.765853785786587,-0.7763179981437609,-4.841301767018994,1.2957428344655306,-3.712925854129434
4.149928239997064,0.9507064869779235,0.38350230384435713,-5.098222238259852,0.08889584838616023,0.9687128882047142,6.007704445587116,-4.114912060583691,-7.042841044678949,1.9854289606585172,-4.653994869746654,-5.213799877445548,2.0784137315567475,-2.4736154195545677,-6.3941877907232865,-2.8711129296252227,-1.71184365556284,-5.646080784346762,3.73244680494373,-2.5384880571451847,-3.205749737169148,-8.030996902179544
-2.571778007743095,2.1185681515072567,-3.2643573250569378,2.692293016713296,2.341768508902852,-5.791924513884951,-3.976158253604761,-4.0386479883437945,-5.281567290128439,-5.660118549455367,5.086812870042375,-8.761956934903731,3.623276635400171,-4.861194841729256,2.1851799773409533,-6.688350321639521,-5.401354878148211,2.9907825857598636,-4.320771134376348,-5.224453095198867,-2.97803754238444,0.3679033207795766
1.0767820229177083,2.018440985304294,1.232029272212522,-4.167140916149296,-2.4112924561780105,4.774548924859509,-0.6989441744679001,0.7104043119692015,4.934337286447142,2.889364598762366,4.701820507532742,-5.174611019010099,5.174850743067409,-3.7418724695742225,-2.5002454787645076,0.7318620327123768,-0.38045896007308655,-3.610082450781239,5.536410270242009,4.607803000831484,3.770619183927378,-5.005754017578575
0.6575598066764282,5.599405914316633,-2.6769506314640954,-1.8265351813624595,4.1177935028019945,2.5278123173294014,4.760181021384041,0.8364308988013364,-3.7699089872052993,6.545495946699257,-2.94688019619621,-6.513232062979083,2.796917784702426,-6.161730201412857,-3.4399924680973633,0.41815433251610373,-0.5081413853496785,2.3066155768128396,-1.9076450642809664,-8.677600421826165,-3.839477806565687,-2.902764153400012
-0.25409361130527003,1.9614349620092142,-1.179388562965621,2.0400665344871407,3.9372249806619166,-4.349242023409604,-3.2468279143785983,3.858452426251259,-5.1426455937724205,-0.906442794446125,-4.432917007157773,2.2911034692619605,3.9336866522430975,0.27159708633276236,3.4086956900141168,5.645124713134588,-4.5894189307342526,1.4538249372253575,-4.137827341613659,-5.714885743894082,-3.7795534108066846,-2.5686105736633915
1.329180577219525,4.378346973439823,-6.186028400236027,-5.6414973410113625,1.9656703017240433,-4.1332118554738235,-3.876287758889991,-2.5489678970268854,-1.4628786782708623,-6.333665984773738,4.218783891758033,-2.436669549626264,-4.683512361583889,-3.3238829868375674,-4.697336440003512,-4.7140916847675385,-3.9511088070088607,-3.95278525915185,0.33130465838071843,-5.3043736894905775,4.42522730197451,3.8457300024288332
-4.368854591329615,-5.284941631193336,-4.045520179017185,-0.38944914987706586,4.690667457830578,-3.8052036081596894,-5.337975117676938,-5.3412868027852305,0.8245072375875149,-3.1887989226634716,5.063924891761106,1.5640878525999449,0.1979835083858781,-3.8276922469833496,1.3892376391082766,5.5540889552710135,-4.127194343584453,2.2910608048722465,-4.761242734357043,3.5920626910182905,-5.617454128036809,4.1039959208857955
4.498801692130542,4.473733021171844,-5.467637493121546,0.683331451662973,3.5685998822332907,-5.733143635049223,-1.1290268338663882,-4.777022817040068,0.917788263564428,1.2326509648478097,-4.887205387572607,-1.6037288392098403,-5.198173125274435,-5.663055081704174,1.6792501748363537,5.007529100173836,3.6130995554216305,4.758684213762988,6.298885336516986,-4.26912629876678,-3.806305679686634,0.07612251069684205
-4.848200804756448,-6.178230166192422,-5.7687262585731816,-5.485037847466153,1.1223835068989851,3.7045092928755925,3.1994059795164076,-6.528323751084838,4.075096716251722,-2.5252949744904685,-3.229985691602454,0.8528942454539823,2.779412544275017,-5.240459542812986,-4.52942217828591,3.9248464547321458,4.154597542905366,-3.2131912106144744,4.572203010114244,2.8317173707383603,-4.950724224866105,6.053627259898777
-4.960963117150038,3.137547694492274,-0.560477102019877,-4.03990156184168,6.315394770800737,-5.765953638866924,-2.7645796419970567,3.41948119171324,0.008715207888079961,4.055048503189516,4.046154139843507,-4.880523778584207,5.147146338835756,0.9625329015735777,4.830188604157176,4.708015546417796,0.765736268677471,3.061958780998522,-3.4447795114090933,-4.364699409494824,0.26872478182449977,-2.328112514046215
-4.234974044506385,2.9939969224314953,-5.031257936984443,1.8802133605860762,-0.446564791444939,4.467432507005895,-0.32924801104771484,-2.805750676917964,-1.7759254926764627,-6.0718726229396065,-5.285755575566626,4.375886217178351,-6.223712103250806,4.919887527467456,2.3122415897074444,4.145561755278479,-4.91966863863286,0.19510414409830995,4.30963165579521,-4.280093809437617,-4.8370931974235525,-4.251467106663319
-1.266755536101578,-1.3007808040021769,2.6052854432489334,3.4654745747259614,-1.3296353319959517,-3.2579079525556267,-4.5983889626382215,2.4780654626457608,-5.339746834789731,5.055735439319564,-5.089942941936246,-0.6015746686600005,2.613875774221377,-5.115088772569835,-1.9320113631866105,2.6077085599467296,-5.532399420608133,-2.730844043474524,0.3013036740885286,1.019787265575725,-4.2499586849677735,-4.4640892752725
-5.278118133370533,-4.197513545377043,0.8115813885708998,-2.22235108000783,-6.897391751060916,-1.167761310087355,-2.8582591969214293,1.4768858528948172,-1.1108033089167477,4.416139716153706,5.220510436253558,-4.0336923190722676,2.549266835397222,1.5483625529963192,7.833534619738715,1.461527644741065,3.9893850067941714,-4.116387980065068,6.2300553655953435,-1.5564887746695901,0.724735859337858,-6.342706870233714
-2.0307559001130526,1.7683447490766646,-5.386008700309813,4.284216864857983,6.567628070423918,-0.3856806106234278,1.9747951915872843,-5.701681615360811,-5.558726770146201,-6.25065805430044,5.697249783990174,5.96730702700494,-5.8285923365502805,3.9847196036311505,-2.521631132599363,-3.1465910548645457,-3.9966219568870414,5.448673659739014,-4.222019654464043,5.024404544614664,3.9401067344862035,-4.2243261164566075
0.5891298214535091,4.634697964441816,-1.1505511337446912,3.85126372575611,4.098826933019179,4.450566592836503,-7.156141700321633,4.492830338964065,2.7949572591386347,-2.823659695018517,-2.2655044733575815,-6.181147351391925,5.519078639284394,1.5625359063185917,-4.4533313386742694,-4.517411392828182,-4.907647982557934,-2.7938081597589397,-4.825702293381325,-6.324363197575833,-4.965725901247934,3.8374125036412496
0.9873117982618063,6.244896962058109,1.0524778699894268,1.2885211633671017,-7.353225443714965,-4.843969119537089,5.844826479842568,7.7284914608466595,4.965524289868467,-3.9342012623822034,1.8593515008579662,-1.3592471380168614,-6.573855675233813,4.827994446869427,-6.0762146600927895,2.6454506808880573,-5.492453713297158,0.3007015711192713,-6.27424472124741,-5.412036199172246,-3.621051296218576,-5.790959616193724
1.3145578858572031,-0.0032968616062238466,7.153159609561667,1.0097124376401891,-7.092636605937277,-4.272282381732903,-2.21250791302044,-7.236691981284017,3.235149397310533,4.238148933877491,2.6522402423722333,3.32401691435963,3.3795541402360545,2.4153793719297108,2.010441188943094,0.24431803848791778,1.303642345528824,1.0753377517030238,-3.190482496471892,4.070960547028937,-4.65823104096545,-3.74174860053463
