script/wind150m.json
{"header": {"parameterCategory": 2, "parameterNumber": 3, "lo1": 6.000198445256149, "la1": 58.999992894266676, "dx": 0.5, "dy": 0.25, "nx": 22, "ny": 24, "refTime": "2024-02-12T03:00:00.000Z"}, "data":
[rows 0 to 23 of 24, columns 0 to 21 of 22]
-1.5600806843238935,0.1516678806297437,0.29309285832327064,-0.6533704967722396,-0.8927201417065719,7.534744643916592,-1.7278136466976506,-1.796384352170007,3.5145237742674156,7.639422840917491,-5.751704457191969,-3.5853492514689544,-6.510947066460328,-5.853242822986837,-6.0954687972079125,-5.86306749954876,-4.584140033244678,2.796266706934519,-4.695901547025409,-5.482912435338277,-0.5716668653765206,-3.6291892246862276
1.0146930024023155,1.4974550204715773,2.0075560870841214,-4.886043744503157,0.04690532568434146,0.010270793463327864,-4.014677170318859,1.980126035247393,-1.669947129640164,-3.6949015345325575,0.266274809394506,-0.039908861244712476,0.49199317347721916,0.7705607673251057,-6.269155944053078,-0.028875999662086746,1.0975562846017408,-2.1778453562642306,-2.5409105268652152,-6.041698327707633,-2.3313841482426296,-4.38882948160194
-10.13273594815124,1.3028324293553988,-1.7715471932468614,-2.83441391242689,1.1824523091164478,1.0690677861480327,-4.823625606675798,-6.463468665661627,-9.560982087486513,-1.941676671933753,1.9929454196633967,0.01053463837164148,-2.6429609601333803,0.7311291625734813,0.3175182379656061,-3.635105735583755,4.999110564482723,2.3576298407769927,-3.088096497566848,-5.539920319731552,-7.334838685857684,-5.0908916079274755
-3.418079712421183,1.8941625699670814,-1.5360954558814608,-2.93657695454314,2.047329430612763,-1.2763136776569601,0.7251770237858866,-2.5991432307705025,-2.656827143666968,-2.355459096531258,-1.1329470276577256,1.015477416319803,1.6826507925807666,-1.5151725584628295,1.7692327072618343,-1.1367843948968241,-1.904169134417068,2.6474445041104473,3.300511500777725,1.0296368834364402,-3.868088630208415,-1.440403750624115
-1.7853663464396134,-2.028217832744774,-5.674614451104015,0.7023271786543612,-0.47703456034237696,-1.0449766207215763,-3.1727480958667753,-5.000095611927045,-5.279205529533708,6.385055192329861,-0.23288438092549876,-3.7608097494441517,0.6550982680917744,1.7375843911297504,-3.321280424838163,-2.1365427546909483,2.3037551047925424,0.9605379885820042,-0.334079068512302,-5.568219121272993,0.08865955268803057,-0.7333734385136736
-1.022447742365064,-1.3880128228585111,0.9788766306809022,-2.336116918390714,0.7405336623470292,0.3965881248919051,-3.8852745980259202,4.01646185071774,-2.6231332798474742,3.2485956230340447,3.593028821395682,-1.064808767589365,2.615419399803207,-1.2486760424253058,-3.4677195750133403,1.2126943079338413,-2.615816244990345,-3.8083958662426936,-1.4293203967668284,-3.797636348217903,-1.6982005010108256,-6.850795243822991
0.25014060841070995,7.231191527557647,3.1630763962672876,-1.5512135642019693,2.8096672978820183,-2.293222843208481,1.081522944012272,0.5289366166684012,4.771378088228474,-3.986321607612836,-2.6432846331742925,-2.0187739025302944,3.989539847434465,-5.988295308251173,8.729805877421436,1.7747529803948987,-4.770793709931977,1.1277521516145073,-1.0021335635511899,4.074323579688906,-1.5026897816742482,0.9409882986189704
-7.146000804089458,-6.076296414775606,-1.1372852764272374,4.23827769785249,-3.9189872872393443,-3.05053454545299,-0.20803978235671675,-7.571442669894402,6.7730994323535185,-3.3806065197695703,9.214608145709796,4.879448090353287,-1.1465731107827732,-3.5883049325285894,1.5428586650842266,1.1233765804465738,1.1052771590459636,4.963813533099159,1.9508225028749768,0.8652973345013211,0.355255650668602,-8.96830690973002
2.47186364859218,-1.1941635841777627,-2.4179073327635634,-3.907445807824933,-6.012710064330313,1.3199584949466414,-2.9486093183339075,-9.98051779967454,1.249065230411159,-0.6399942493003876,-2.5308896125845983,-9.748131114419161,-3.6621130348638125,3.042177123300983,-2.345372572764017,0.7533518767329881,6.41219613497619,-1.2551227729596426,3.7649275846294126,5.619104028467354,3.280838690415854,-2.0969220305730767
-5.847060352476871,-2.086708499023141,0.954207923989425,1.4279742085066423,2.4247778417135484,-2.4738176426133784,-3.2004283244862775,-5.7910928817369145,-5.6986970793543,1.1886681644444725,-1.02577382321943,1.4926578953440648,-4.680739426502337,1.5049490327540138,-0.08921425777663224,-0.016998271092100642,1.9510287569689022,-5.100610053577243,-7.137762953272728,-2.5822364289413917,-2.298754516682795,0.9643887933015884
-0.2760057075368158,-8.173226966467432,0.46071914894585414,1.0860211332811562,-4.660880230315481,-3.403118345750546,1.0651821644465616,-1.470036018235988,0.8291170033330133,0.14652091349088234,-3.7444778643476186,0.8357934718864108,-2.187888087462843,0.6587082032070827,0.36419707211138536,-2.4222785435777747,-0.4427364737858307,-6.479882821313967,3.1921147958012313,-9.959507031712795,-4.427872126163361,-0.41093331666251315
0.5187194230520437,0.049024878956033004,2.1532418269514677,-2.8364877639700317,0.6967527868176462,1.1736341093748281,3.4405141456459014,-6.437816926705164,5.847746722275178,-6.468510249003885,-5.465266574689294,-6.082588373884253,-2.8336066077951063,-1.3645016809835924,-2.397662676909319,-5.824299427012802,2.0249370638669335,-4.18017761371373,1.4673860508648888,8.694089082890006,0.8806030563391337,1.9553969540070215
-6.662191370967024,0.7256326688888718,1.0506193300819393,7.791475576075223,-4.932595924530085,-3.665571847705814,-3.373430540324404,1.4884813250968785,-2.6981305415820835,-1.2178883440379542,-6.959861186947497,-0.08224768034402799,0.2964312370616709,3.070047332882125,0.5989379334806499,-0.8699307430137584,-4.426911745472108,-0.9029295396960954,-0.022283007407386736,3.1243935383334693,1.1251472742935424,-2.550099515591296
1.0081743773746212,-7.721057868032742,-4.463412272103386,1.9262351217707252,-4.130028886252179,1.1491815022944336,0.26269006669099043,3.0900360521634243,-0.4354226386953275,3.522367522784823,-4.241903716644645,-7.568598062675204,0.24150612163234456,1.6665960203008496,0.79348509542217,0.6516678654504943,-5.669521010840943,-3.598341266440034,0.8894485460203855,-3.454638805389382,0.025711614977667833,-4.178779303104848
-2.7622023371201405,-4.955768073988721,-0.250769354912887,-3.2911774075809794,-2.6658893408705038,1.24089041021565,-1.7222243748123507,1.5089846725156726,-1.8423471163481586,-3.5851110847399887,-8.66520301185833,2.0471417351975094,1.1943554234699532,5.767879355852153,-3.174007161317906,-8.773949782269002,-3.590429189934054,1.22414783856066,-3.9211693591831844,-0.8182271808135811,5.058469462635733,0.3513277709961539
-0.5278496263591567,-1.2260016630475037,3.034571275622689,9.341975498580679,-1.438570087773654,-5.222327654451925,-5.771077926875022,-5.5861869382122995,-2.9080989928561434,1.8321349288742366,1.3026312272638898,-1.680733364030328,-2.7971073324981144,-5.695744415074933,1.4862123772904328,3.188100627310492,-2.5185021698543633,0.29576335874990123,0.7021200565078863,-3.935218669479491,6.2958740507928805,-6.529011374833394
-0.23289561417486093,-3.942246019414359,0.9995220853772234,-0.705825905613474,-7.525613427254486,3.1463784803353527,3.2551510156182286,-0.9681377585320076,-2.1601365237019414,-6.607647930093331,-5.543415635839368,0.8897608492929002,1.151462658532274,0.5543621098693027,1.9401580603955284,-4.786464675851333,0.8527853427793882,-3.560666736646324,1.0598805615757998,3.7141036161544334,-6.767391027733235,1.0155841100408132
-0.22954995790516883,-7.312510857643184,4.246977065793387,-1.3911407537387699,1.9741108269157492,-4.495317830827059,-0.6391209135978766,0.6443052139140919,-3.672086826415812,2.700559804664596,4.626103447241344,-2.8804519969275924,8.609076663934793,-7.923985339740028,-1.8143287491943232,-3.2860663437084665,-2.9232972221949054,-3.512335471560284,-5.491288520123296,1.4693644125533531,2.9984069773467956,5.503850657609445
-0.14705247626461337,0.04088373231071198,1.308970860674907,-4.275476856625846,-0.003557312651174114,-1.1716014812208877,3.41071571697639,-4.461273454983357,-10.441435592127943,-0.4415481900278746,2.5186720880865696,-1.6779655565328677,-4.1182332558180414,3.5386673587036284,-0.4617960590191755,-1.9806750470359757,4.990349629349609,0.16985739231559113,-4.120198439726181,-1.4039377966284756,1.9187083084595817,0.7282299467508576
-0.02201979902135825,5.453296134277637,-1.531273046845834,1.0961104567569673,7.1362809940175325,-1.5009399632828009,3.3603277058985976,-1.7651532267566412,0.23562554961660429,0.9855924331021761,0.9450501946677871,4.851347693787725,-5.464207966862263,-1.5301011456781177,-7.581815617993114,-2.5536014772715254,-6.260738690940291,-4.642169529320606,-0.17865943951341534,1.3186521910120874,-1.51723725093323,2.26377677484649
0.3790036219768904,-4.7466908847407545,-0.7062381475712772,1.2288503240050033,-5.277672000588316,-1.6989787091632853,-1.8708089648129076,7.984110963036501,-0.11630263499305563,-2.2300345913782533,-3.406023358678271,-4.906004361993751,3.567538713771224,-0.765185566437606,-0.5827732767341366,1.9779102509562223,-9.5200331124006,-7.532210171039072,1.4509314132235487,-6.649425424168458,1.2222071926768996,1.7380662856060602
-3.8516419077352335,-2.6826360342443287,0.8345695824341549,-5.748826975180712,-4.614988961451754,-1.798793352706956,3.070516878556977,-3.508897736099056,-0.600095525088038,-0.009887963684833738,3.1852658671447824,2.0428274419234045,-6.879589913785226,-7.144264926730043,-6.981825513707025,1.103821976114246,4.081953016228055,-1.4679898869416839,-0.42400228836110093,1.5792249493663784,8.208650786302698,1.5911015873444172
-2.990600734287001,-4.759910325318268,-5.809790091073386,-5.269800508495593,-10.015990796833856,-1.9522592601107294,-7.603718381386714,-5.743965371375476,-7.204313474348785,-7.468327649201959,-6.5394571020586945,0.08038114846254188,0.4822270937004922,-6.499463877242156,3.1623145645478448,-1.0502678900377371,-0.44219689959736774,-1.1005188778728543,-5.2874888159249425,3.3991538020925876,-1.7324775102163346,-0.35738973510932504
-0.8110189131599321,1.171811863827291,-6.0826438715991165,-0.058381442945040225,-11.661356597621312,-9.72212272675368,2.9135850443856457,-4.566598653005659,-2.712109251189582,-5.2186047262139486,-3.772417556085614,-5.13889946749217,-1.861948107414481,-5.878474966349685,-7.49833217752372,-1.4647022201421336,-4.434014258161254,-1.8261907842335106,1.3690059444762401,0.36103665370746474,1.6549744972879294,0.8992927641489025
