script/wind10m.json
{"header": {"parameterCategory": 2, "parameterNumber": 3, "lo1": 6.000027932988019, "la1": 58.9999434238085, "dx": 0.5, "dy": 0.25, "nx": 22, "ny": 24, "refTime": "2024-09-07T03:00:00.000Z"}, "data":
[rows 0 to 23 of 24, columns 0 to 21 of 22]
0.2445023231066681,5.598901342969705,1.1125067114121383,-0.5570028861411167,-2.1366635927609265,-1.5736705283192054,-1.3358264109515532,-1.655722952459267,-2.1071619451815726,-2.3274150808762686,0.20258642639031313,-0.20959065943310418,-0.7437313115132145,-1.314144502805836,-0.07094542005018326,1.99619692659316,0.09540859323308093,-0.6134087972703633,-0.5211495875633849,-0.27290404881347435,0.06606864895774091,-0.4934751494460377
0.6417865596228322,-1.3559989630242606,-0.9171832747711455,-1.4795066353295507,-1.8135606676333185,-1.2441125194653941,-2.2342370985038214,-3.6613149255160793,-2.562026227068375,0.5732418427584248,0.5776757350984714,-0.6118411259972317,-1.177533418084938,0.36169760841053766,0.07176748899201907,2.640152095709094,0.0965951240620977,0.37709921664878776,0.08781663377820376,-0.5607315048943232,-0.5296101158584581,-0.21556285463113015
-0.46868661360058794,-0.435392940762191,-1.3019845141567474,-1.796183137498155,-1.561745824043755,-1.4122372737773534,-4.1391848607151625,-3.845650946278478,-1.3232693547481647,0.5865441630897137,-0.09827969588358174,-0.272459283603103,-0.48331896105959143,0.032591860792001694,0.9003825148624045,0.3589428146824108,-0.017460981673076546,-0.3319717840833544,-0.5019438185827154,-0.27337786725871965,-0.43240204290234385,-0.4022633942228098
-2.0655505567999795,-3.37377757830316,-1.3860015883528594,-1.8289653828470285,-1.8777510841718308,-4.6046127690577,-5.03909947454881,-2.9924095727498528,1.374961128467478,1.3545023458021332,0.0385003373500974,-0.2420479350433221,0.07890380626222426,-0.7326892866476163,-0.5124310756331238,1.1582402195480157,-0.1914996941484806,-1.1916510456122182,-1.1296722067676404,-0.662863089642473,-0.3099358711418394,-0.7827829621764937
-1.8896100562930185,-1.5225932470678345,-2.3199556299517954,-2.485091585209192,-4.516446684447453,-5.5870924644853215,-3.6961272702421946,1.7428058401775957,1.55215344512194,1.2027040636949549,0.8609187846734094,-1.1134341544837543,-0.6232651390514805,0.6278577624526455,0.8582108353622276,-0.36099895376125374,-1.0856506383126914,-0.44516798327776774,1.1789074481891724,0.6127489695865306,-1.1176261590527112,-1.62167431742295
-1.4089538602606124,-2.7700869490179887,-4.076931097438843,-5.200552806050902,-5.231872155502662,-3.7904270656318775,0.16427470971488675,0.3823067586649879,0.9819440409697759,0.5504645193965745,-0.28779025333817587,-0.44517880977742685,-0.36462401919343557,-0.657497534790523,0.32926790420639135,-0.2816846640225562,-0.6780654209940107,0.18010056754400858,-0.9344407536369526,-0.9842075883875585,-1.458875050475938,-1.355554014380049
-2.2346809130209655,-3.2258660523987515,-4.0141892325261095,-4.3510882191201485,-3.4089370209565337,-0.9413737529489942,-0.2796458598190037,0.19878040715894124,-0.7723477190690339,0.18812116058629985,-0.5816258162778358,-0.8132568680595197,-0.9371036083297283,-0.9987460654150345,-0.9253535538828245,-0.5185494158202777,-1.5707658324116915,-0.9002879433964238,-1.4853342307965507,-1.4035775086787277,-1.284657183284706,-1.5218586660095494
-2.9808265807309753,-2.904533098566744,-3.107137848696814,-2.3915211821270734,-1.7632857493057732,-0.8529830807426492,-0.43111331476455345,0.24509135917036945,-0.6188921666367342,-1.6925828821937303,-0.8874616225383365,-2.406982332594363,-3.2959737576220887,-1.1053097938801313,-1.4014045788993867,-1.6566533194703967,-1.0294542857319533,-0.6713603155104316,-1.1376935326014659,-0.8745631956743096,-1.4007797330484102,-3.166510592390178
-2.489924577580994,-2.092953157694348,-1.001092809953593,-1.2411054569486468,-1.9215222042110425,-0.10036272032169548,-1.256204115778896,-0.8344858424508154,-1.263374602243595,-2.9199956544324355,-3.4833647193478865,-3.520377034547431,-2.6602705991902393,-1.955236614913804,-0.9483913087376314,-1.0173245610857942,-1.3277254966774084,-1.3848453791217292,-0.5683003119124851,-1.125058888330213,-1.4879807470727857,-2.4763067506547616
-2.524332144933104,-1.3034748314013669,-0.8975627868971691,-0.6490230849438159,-0.9193894821088973,-1.450537089873102,-1.2077416531544314,-1.8946909340084799,-1.8860135933857136,-2.566140235584865,-3.746134788548915,-2.5851930820079843,-2.415045207684438,-1.2343324228362873,-0.5522847962515909,-0.6649172939294485,-0.2403345735700687,-1.1060913734802575,-0.5211666912552402,-1.3105841759466725,-1.5214121376734728,-2.2076126557006024
-1.122912173245844,-1.409117380719063,-1.4038200714270563,-1.4670305552759866,-1.6931941754579214,-0.9574498696539674,-1.3971550519892715,-1.4897484321065708,-1.4459410189143227,-1.0681005675949506,-2.4247889360082304,-2.1094044447470472,-1.519787218402663,-0.9637958326735767,0.6300988989480555,-0.3868968380420056,-0.6575620051218756,-0.6587710062520341,-0.5340078688686009,-1.0877765346299197,-1.5955534125874058,-1.6819180315432503
-2.1414123917356243,-2.5246246818874254,-2.164171848854037,-1.8799117220433372,-1.800738534395491,-1.1087668897522789,-1.250469102664282,-0.6985729614684061,-1.468579558880777,-0.7424724897712401,-1.9510560392552152,-1.807990905292382,-0.9572519730523615,-0.22422597883304984,-0.643707321788292,-0.5240915051925619,-1.0629833883612405,-0.5705151025334714,-1.240629609370749,-1.0820275529229104,-2.007864000943633,3.6153219821215536
-2.3078202293600656,-2.131861006921107,-1.9804007337587144,-1.650063509782516,-1.5885954599359464,-1.6801025150282696,-0.7797161086873237,-0.788078309601173,-1.8507825563927618,-2.35256461446411,-1.621587111536546,-1.3333993870241456,0.06317957304228063,-0.4918759717045994,-0.34459920698362223,-0.987401592205772,-1.5574414371662246,-3.0673652581888198,-2.9686837474631713,-3.045913547400298,1.7477596190135105,3.5968270428219413
-1.4753703207919422,-1.231683085300054,-1.062412379767103,-1.167548317998391,-1.073261201900873,-0.7445113079023175,-0.48321937447504276,-1.5649371015601306,-2.4365209664940055,-1.075832919169043,-0.33280102219486174,-0.3790064563733217,-0.13206481392475392,-0.44060596095224,-1.5022509809092575,-1.6851126317005367,-2.0155068161835326,-1.7512359795475758,-1.3054099919681963,2.2781753104450813,2.832127420783968,3.7300445772482584
-0.14051476560542772,-0.9304263036270798,-1.0189587547007288,-1.0751227303016566,-1.2387872688010073,-1.2500435384829742,-1.3834923946315234,-1.765077397843507,-0.5022891005986586,-0.08242959437478126,-0.45751928569435796,-0.49327145029203034,-0.9173051638825298,-2.112327480111298,-1.4058528054163362,-2.2469813859041596,-2.336606492716961,1.0836668541371253,3.5419210469378384,2.940413392698453,3.1426473611446966,3.520536186448971
-1.0630036242020273,-1.072768068537054,-0.23104413244442323,-0.011118775799314631,-1.139760901601138,-1.650724993317537,-1.3914556422329791,-1.600907248664419,-1.4934870009879757,-0.17814272674522064,-0.5031557650905424,-1.6345169949656047,-1.0239339593091623,-0.43299885361502166,-2.4607342892081094,-3.664984030947988,-3.2605215327523815,3.4760266186595894,3.976795694366641,3.7419384684441326,3.261726536347222,3.494537535577252
-1.0755428251524648,0.09745185226800218,0.4007788959556143,0.4252334627261854,-0.49433884754757473,-1.6497599830743046,-1.3837649710311877,-1.3995999771925878,-0.5392746538722223,-1.7201455002436394,-1.4911410228861444,-1.7022181579383147,-0.6912844089759735,-0.0796135231878475,-1.9621650063302485,2.450104969150467,2.1338110621899493,1.4300290127275876,1.4986816111991834,3.195295952351173,3.3112541788597634,3.253961630038104
-0.5956253792782047,0.47002647663100644,0.4071197040127309,0.5480048231792201,-0.37510122894191417,-0.4965448564352943,-0.6646412619164215,-1.186461149262983,-0.9989277129942082,-1.6439879649306643,-2.0261489196711215,-1.2256170621695335,-2.025143470542382,-1.3303012755451218,1.148225124354346,3.5238763188953994,2.9188930648664555,2.8987414924595316,3.0093417151582247,3.436406036904396,3.432229042962154,2.879299498830049
0.5617832477037833,0.4457468439469494,0.2660729220154392,-0.32424259247457493,-0.48154037790804954,-0.8600890494146272,-1.2378116845313658,-1.3724925668067796,0.628921082636612,-0.22970739273102872,-0.818201673878249,-2.4404793768600768,-1.9017622767009352,-0.4086205372134337,1.5274053426791314,1.2438369620906673,4.004985033801106,3.3915211854522185,2.799126375319441,2.545837488671349,2.631070035701133,1.0959546007616952
-0.5358741155700582,1.0052291397822493,0.32990601951255705,0.028899397314528917,-0.07762907473313357,-0.9785181439824541,-0.9312753426497227,-1.0698819865569347,-0.7835027383609382,-1.5811437745845474,-1.1429475963159894,-0.4447386597310205,0.21748954253875807,0.08350371082767864,0.30903626562963804,2.7114310019104453,3.4428517220055777,2.859716597733338,3.0127547572625994,2.0896532527527696,1.9312879885201881,1.3357790274572345
0.5000362194909953,0.2275900150718641,0.21351231128371118,0.7124906584396762,0.330813969646496,-0.44884591027734744,-0.9599183523553887,-0.6148818595653246,-0.024980435407237867,-0.43898978621306894,-0.5255286611585123,1.4295414512112932,-0.06692708690083729,0.13491748924243613,1.282318289836599,0.8818781920617454,1.3746565720061137,3.0771743888768914,0.5881651313270407,1.059511227897641,1.6291332198961956,1.482299963085059
-1.4079808725847471,1.280028571390868,0.4838054261984626,0.3210769159453637,-0.08944570159388959,-0.35371252587848395,-0.9092705318926677,-1.1270054342118405,-0.9333444561378509,-1.2223303051239265,0.8417981290730517,-0.2569895180432919,-0.5236249295269956,-0.3776047787139365,1.0660923462261536,0.5440042936974396,1.6970677723550742,2.1124457149645814,0.5475229896004985,0.8440694952251743,0.31156939894233426,0.9035535912764038
-3.057694477922359,1.5363209794380572,1.1447108175034466,0.33209600421215624,0.3330364743179203,-0.9415456895419086,-1.1665752250896722,-0.6686191977237345,0.02537377237450362,-0.6771822169573549,-0.8172149719704656,-1.1659548357240805,-0.8636329692114729,0.16030886666498279,-0.18475938809193318,2.0469501176858222,1.5864909596087993,1.9365335887455108,0.7035297678142771,1.3006990570047703,0.7794339767070777,0.4909317856810551
-1.2425312455913486,-0.6053028691906598,0.21566368209302622,0.19411393301677762,0.4281036695442221,-0.26050449796826,-0.5633757765960183,-0.5779416406840688,-0.19395132727224454,-0.19769669974282675,-0.4400035284726528,-0.08145518435910709,-1.065483911991787,0.012787272656658601,0.709819390768045,0.666687933677381,0.1436912638012214,0.8231914933320515,1.2114210436072723,0.3215506786484932,-0.03218315318877541,0.40406369077648924
