script/wind350m.json
{"header": {"parameterCategory": 2, "parameterNumber": 2, "lo1": 3.000054539987559, "la1": 64.9999836372058, "dx": 0.5, "dy": 0.25, "nx": 34, "ny": 52, "refTime": "2026-03-10T20:00:00.000Z"}, "data":
[rows 0 to 24 of 52, columns 0 to 33 of 34]
5.489593302532081,6.658248347602443,7.579615042738834,7.7674354003643815,8.020007261066644,8.132561808851316,8.683188247068228,9.015972706730954,8.533532664215993,9.213459516617359,9.147117711647978,9.099949590606002,9.408066970697629,9.281659003705126,11.234301915887315,10.122210622333771,11.93393295012288,10.665154828285893,9.898466947582387,7.409885073234274,7.257441891848882,6.457074892846929,8.510266930168283,8.012735111785467,12.150701600650674,6.661516905378917,5.529475116491584,7.434925189099761,7.807514005286036,11.318155235902198,11.337571875854191,9.69687390350746,9.391849884163097,9.482740813968253
6.797059869113755,5.9529612563510215,7.5706406232035866,7.099198700441277,7.543675336587353,8.411161798328127,9.107718606337897,9.595781517453524,9.503262500251596,9.225363361929698,9.280334937783179,9.344175716650566,8.394750577841393,9.866290626113305,12.215467323438832,13.255113938433515,11.42532810210514,8.21391140126856,8.718816240955572,11.970091294783622,6.84766688556241,8.312681260434479,5.878901910923776,8.744496635662822,7.279866713789914,6.495815291481186,8.162441401849987,7.468266443653129,9.941435492421826,10.596422516513362,10.868425329889149,9.790850953128858,8.98472748392667,7.387989127677606
6.907113079956785,5.374128357169957,6.382844648433639,6.7294641676704146,7.203984337036707,8.226045480405626,8.55780124745856,9.383936728103897,9.259958838548314,9.837002377540728,9.58257427020817,9.460428588181484,12.010683907495157,13.560523321318795,11.706105082333087,8.901202811850117,12.029207595268824,7.050995062138329,6.963828785478949,7.842639326584039,7.926746321496943,5.259543607570367,4.375869524432169,4.502895117859713,5.083681837573052,4.692798915326687,4.183837328273221,6.557313340345288,8.224369211545408,9.748762601095107,10.219542928360312,10.011465273476475,7.68374394923468,5.611723439491411
6.383568985001198,6.613547922770575,6.4977430143319586,6.716353558664225,7.367051719965376,8.633728073410728,9.556205768609065,9.084813559561672,9.276560375732378,10.189051655563047,11.989791234253028,14.040909219660628,13.43976306442894,12.155558855308742,9.0856113852678,7.956435813258929,6.461119847765124,5.641350816484081,3.6959975319639033,0.18293193998723983,5.034977235268718,6.0643998282276526,9.723706984750033,7.558496753138668,2.9345636829734834,3.4897592780659643,5.023282841116401,6.263578845185187,7.3499218032810525,8.582748715733862,8.643736459830766,7.719213162841725,4.802040232624754,4.021840984029443
4.893052870937508,6.293823558241292,5.932154248434846,6.445218374706116,7.701218476222163,9.096401930726847,9.863691164902843,9.64788024999569,9.670703305822855,12.872035851033472,12.222550812256879,9.581451425609943,6.371891714534643,4.547123786522229,3.317674478975036,1.4221599218688816,5.044767118695824,-1.9795793323271251,3.099506643832806,7.190842995094419,7.24325596298439,8.860085580446752,6.064821345435781,6.199664296257682,6.40348750328115,4.959485572216475,5.004452664255143,5.055018308593459,5.087715041096822,6.267969717051448,4.649465820245306,3.5616891587646125,3.742568897290131,2.5725231566466955
4.50080250460295,5.544976129408293,5.761699909454968,6.492376755899265,8.035302061878939,8.923419645397466,9.98242396155391,10.131050438227929,11.201804643620521,12.111354608423778,6.990620811793213,1.1312611519197635,1.684786167905821,7.124755902516025,6.494944996495272,7.679332564142201,-1.3951484399593452,0.7372628937186506,2.6857601344825652,4.309665875104923,4.365386803062797,5.349357045796452,6.948290947981936,5.263375095537941,4.882343801875505,4.43042732402126,5.3424882375910885,5.312937140889987,5.324077436047426,4.273978541785534,2.8927634987846007,3.4167092159414163,4.731897430648269,5.130550821385081
3.4100062832486238,4.173847622256542,5.374000113310991,6.793169701665823,8.642656515567904,9.370788169854345,9.94440585580555,10.265151784844774,12.434132649046187,7.664043299298977,0.6790354051021935,2.49316728547902,4.8867310258826695,5.9108267511699735,-0.540794411206541,-1.381087763657533,-0.6375064442890384,4.455500403222255,5.281658834597354,8.03946407298147,8.666304690136,8.576466196716298,6.593098695378108,5.518717946475189,6.017192172461633,5.554996649153838,5.733485399716882,6.442264342778938,6.544733574260984,4.801857221317431,4.638099886738365,4.71360912294475,4.948302566093107,4.922674074604116
3.2213428731629725,3.9833503544413325,4.639555922719173,6.566622387816936,8.523470544221516,9.915827990007337,10.255947515791279,11.700606479805387,5.220418592260478,-0.5917044322125001,3.8021612368883617,2.0629717620301293,2.15157728428405,4.912578703640371,3.4796558098037536,7.453154153521086,2.5171187877036143,8.343037601539702,9.94072750168257,10.143797373559806,10.365276007999196,10.129387046435133,7.72803818111728,6.506351707860899,6.010266201775063,7.1526377485789325,7.538765688912043,8.34770728712328,8.87901875064824,6.762006063953208,6.333518839529466,5.606005595310947,5.290658350299089,5.325330345190746
2.896174732394534,3.191672158772478,4.080500883310354,5.652987077295351,7.847820471800066,10.280945349566347,10.294554822496915,6.911797840661492,3.070246667100602,5.492783020966163,2.0543335961426927,0.6050941315759341,6.526752611962829,7.293352379313238,8.299604094993844,6.602552026387087,7.3755600843434275,9.786325779043166,8.214695934019293,10.408252339993842,9.409470568698048,9.72113216464811,11.388163299514547,10.01923772316367,10.136193127167859,10.057285819407815,10.436789286493031,11.61325237037243,10.97295900204743,9.339741704513981,8.767906885733952,7.596691829396693,7.005182651560618,7.3027244276809595
2.879878867275607,2.7008395858059453,3.901125376201486,5.50028393848367,7.721800758983243,9.185295538041167,6.016250875179918,4.355399240788325,3.733212784676299,2.530078358173855,-0.36961726433244646,1.852432101824266,8.043845893511266,7.823772614272053,3.709557514733241,8.481225403044856,8.839333930897311,7.946496338409471,8.52143407463894,8.539957738003482,11.087928705896587,9.8115940506314,9.307926221437588,12.074674226190213,12.23089374841305,11.10491394543245,10.99116365284013,11.518243799596977,11.113653829157574,11.670543131264404,11.061749580302159,8.84332840952454,7.7594875172102356,7.593020917212667
2.199426114058314,2.640412976637541,2.834190121781331,4.687768578781959,6.367678674764578,5.843493821657703,3.006920156492236,2.4709682216084285,4.072352873843002,6.0137239074431275,9.337083758771234,4.379829617725059,12.150896274078507,13.761047194982998,10.1362719383511,5.245619172720804,6.173200683172283,9.049699848258623,7.5482659269625945,11.597945032400405,11.84506495015861,9.54124141061632,11.845173318164443,11.607226564255464,11.889366427306653,11.007557026890137,9.869641275346128,11.688509699977974,12.74676176364688,11.927933307328274,12.190493215657119,10.76553524214604,9.112472512857446,8.867942041535189
2.233171975579504,2.7440566369027497,2.375024436124371,2.9046078276296834,3.979100867303789,1.946085087997482,1.1209350501585054,0.29392905503046535,1.5197721704117537,3.826093520700133,11.683066367773732,7.531657073198407,4.718070288358148,10.338576324458186,8.367110683221775,6.957032901712648,7.012454407663461,9.4355750062189,8.850849914714676,11.097040295007353,11.987207245296498,12.286424769894593,6.123311659599191,12.396242500359861,12.186064805302708,12.850416186723692,12.666574808487354,12.081970922191871,14.077297645563538,14.240961259957515,12.813835934445613,12.360681192826323,11.681634511896483,11.807322836842049
2.6237880664726374,2.40090769350344,1.1167928881176925,0.7513625276682381,2.201199329195934,2.1628055576300103,1.7482988059757965,2.6399822400130293,4.3226996636402735,9.211148676723436,8.91405738567003,7.28987099000158,12.468136498180252,7.211100922906844,4.583755661556449,10.860611204907226,6.614105826790625,9.011014027393717,8.52401941564013,6.52403707936314,11.07715097954798,13.535600817134972,13.202169789232597,11.330112887346065,14.092688175032903,12.289592108837661,12.346335427463941,13.409326868703808,15.703959266696758,16.218434273576108,13.912314547046561,12.806785524357421,12.367510040646486,12.648567979277002
2.4491228261796856,2.8961955363493073,0.3878759631885332,-0.9697282066977769,0.8910419847793445,2.4134467119215133,9.908432666272086,0.9694299677363621,6.831886662674539,9.080164895505025,11.041724081865718,13.71839345458601,3.7832020167016784,3.4968812742810194,8.743448936070568,9.19028467912698,9.046479658279612,5.867556807167395,7.293851391961323,12.096195637614029,3.045375104115597,9.935792195765734,13.293066511025932,14.817925324449547,13.314365145677666,14.642229899500938,15.113203174557727,14.758081845266872,11.56920320852764,14.359773178330034,12.136596315655403,13.36074570802945,12.947018071269373,12.51071299919239
2.516035113998173,2.3131753159930764,0.383025163560015,-1.750029236546835,-0.48727214222329973,0.13207050989750266,1.8048800068766242,6.334039235222044,3.97512651724102,6.066600473733988,4.96869182173796,10.396752621873008,12.090357472782918,9.520388300078464,9.458104149947244,8.791932915979812,6.201495552394296,7.586882229637184,7.8158731657855025,4.335552415599898,13.359740633042088,8.631865479625858,10.172954190423091,13.634311019895128,12.313352803786815,13.586803624384038,12.658273057317114,15.722093707537304,16.20592963245536,15.411859098931405,15.235038834943818,12.254224325922474,12.156123851392033,13.146123904476758
2.199697098225016,1.7115876896989086,-0.6219608890766161,-2.1531895224401794,-1.459278608568126,1.6595465890443972,3.538874337165674,0.9010036397951093,0.8920673372925818,5.308087534379443,6.999942620964465,12.274203862808886,5.678006738930639,8.672378147128356,2.1512976731782154,6.564231867772577,10.067880963771248,1.701171737862368,7.238959862544702,3.614572018213262,14.150094229978869,9.709441006123331,6.016217518380629,10.511683303692443,10.439762179884136,12.47410724380484,16.488232170614356,10.2193110921895,14.113490709972021,12.445797748983411,12.799172196273313,14.251786901637297,14.864524138153792,14.541726910765398
2.7132167661427617,0.9149813266387556,-0.16107034377529714,-2.3943860993804407,-2.2372547521672073,1.7264721013816726,4.205416542644414,5.482949074798213,0.747909113404205,11.103962124994132,10.136249622338557,11.46650330653345,6.75182839674831,3.005534612011837,3.07690948031523,-3.9423483442189298,6.680930877770711,0.7847162627457385,4.015762103151899,4.239837368728636,8.117711426231073,8.46544671703443,8.515590991532124,9.720719816662513,9.600919067633386,10.349211869316198,14.895551053650253,16.79764759794462,14.653439035550184,14.011866125536622,14.452345247817656,14.215046334499975,14.317945823751204,13.812680300165033
0.9977481740638523,0.9740732375059579,-0.85762154491654,-2.290905726362887,-1.5700965902329822,0.37352941950353535,3.5310155619139,3.3500242183035644,6.995960503702159,10.758624012322867,7.383266249231874,6.411172777245455,6.735497929856059,8.439086047395328,9.284410935340972,8.69606706655897,1.6360908804932783,5.230876265397234,8.153752435763069,5.701583338914137,7.575064489307243,7.0734689180677455,9.492058236026043,12.459894967719627,6.832177804425563,9.789564381140213,9.992133701925763,15.372439672162256,14.65615633095972,14.63024622706062,14.260698808011075,15.125099870061256,14.11528555958076,12.762771372939312
2.2794942392636894,1.3189193497093818,-0.36333253920785913,-1.4470539242174492,-1.6986163418637998,-0.8196180073152982,4.131571123862221,5.325377535455967,1.9244665692055651,10.31665495129791,10.047388732154781,5.021081905903842,8.210268692010763,6.423129072771952,4.884317699957471,5.504344779975603,5.632392232372923,5.297869441470178,4.0907557873318945,5.899429607598755,5.809348982260107,9.601308554459743,10.059666824086412,9.476539642166225,8.99261448944097,8.884194721092703,10.986274261485494,11.766318585491009,11.984232695504398,13.863575286389647,14.77117965824654,15.15763369995378,13.292715704510776,12.949702787842096
3.4157882027023145,1.227981582225866,0.03225301470496386,-0.8552243713667471,-1.6993615510366182,-0.7680169801988047,1.9536938223005733,8.828324032389235,10.311127064027948,3.9473101546083713,7.816212297434506,6.655147046609668,1.321757456395663,11.437110834980764,4.8745549812055184,9.291535278053193,3.990963168587597,4.424043445895132,5.066743265957303,6.620784791756617,6.192018039762953,6.94124511772185,9.518205691403303,11.810878636987004,8.231039160035774,9.8163161207977,8.706382053600707,10.27443543715819,11.69875609565241,12.361105207712516,12.415166567168205,12.443368550416961,13.945030546165293,14.348754248988467
3.231199362605121,1.8929017407079347,0.3989959215246141,-0.5969777371618785,-1.606529445341838,-2.160019209564349,-2.5511654492556723,3.5722636047234424,9.252024505750807,6.967694178446507,7.972739217230304,8.003664785223679,7.15675515567448,5.475492155558887,2.730334449185111,4.246018913597167,6.458238696911624,7.858424459089996,10.85994569053323,9.443836928021929,9.17156136048353,6.929216648570934,9.15176250246195,9.488480710536354,11.143063336793963,11.740210461963349,9.489131272832054,9.369443806011189,11.334508466004982,12.646449185585757,11.205081253812114,13.777418824605997,13.448529405882182,14.000010579824716
4.74813908064612,2.6628884573831497,0.9019807174365485,0.1383468612546002,-1.651049718610409,-0.8512754410917232,-0.643113225415778,3.0922813210704874,6.834141709149801,4.548241230708143,4.865470954304793,6.692804409297328,-0.6737666802653065,8.031912574012857,3.084917146700458,4.286159268644281,7.993651793743651,9.355234996898737,12.468455658816527,7.322271083056317,11.951651225668527,7.0043458637495855,10.01779192740712,9.438578084385854,10.642978499255888,10.167727165425342,9.364344262981232,9.489442944461956,11.381212384010569,13.02760885197975,12.611182379321495,13.467712232517098,11.782793614446113,10.5626044921822
6.032509280628221,4.377307054938222,1.6208396249410724,0.6302076417608603,-0.9280517750788319,-1.4857855209126507,-0.7639895228591969,3.7048088130571433,8.050789666225945,9.595737325097346,3.390345144959007,6.264233409945197,5.461218221489667,8.119329343554547,8.065058367557015,5.087630847033076,6.411597001243837,9.867698629503625,10.496805467219088,13.465361071226525,8.038629330500129,7.494775268203749,8.98394777347446,8.76847039994489,11.263700380323552,6.766146421071175,9.605884757788688,12.626670006148629,10.65390531136299,10.968635165384027,11.765448386355805,10.853130389921102,7.242070400980946,8.721401649091176
5.007198096817408,5.936882973619903,1.753791717400801,1.6061965448832016,-0.42745938934279626,-0.3585196875833973,0.5432411583329507,2.2029276777719002,8.366369306417164,2.9526435716068105,3.9536979095671843,2.9784977685411476,7.045115385561594,4.343300211044977,7.389670345689093,5.305900175296701,6.578696533839103,9.543169000942427,10.64755810645426,12.124072172973898,9.331917963598098,5.751908936594108,6.325710863479334,9.985491555842039,9.423439327167527,10.267486503481688,9.880979083552873,7.388102713121799,7.787109768464618,7.78364024307862,6.893559843262684,7.391950235708007,7.6400439543375285,8.173171766735717
6.697248182179644,7.006788358741841,3.9793794238041245,3.1048183983132107,0.9556412704797512,-0.7053943326566116,-2.6802273053105696,2.749149769429292,7.584370401984122,4.173824486601281,8.818326267409695,4.493622663563077,7.814914258666127,7.473010046003771,4.432905106497874,5.1483436910755405,7.593975524589356,8.376990827225058,10.530482987581632,11.30827802445477,7.221842138187241,6.8169149123550055,6.439455918072831,10.61558485229646,9.101785830295423,8.577319108963538,8.496699519092932,6.800645180228373,6.196839994513128,7.010133991992815,6.567381474257557,6.440906109091911,6.258832693618779,6.735688818793219
