script/wind150m.json
{"header": {"parameterCategory": 2, "parameterNumber": 2, "lo1": 3.000054539987559, "la1": 64.9999836372058, "dx": 0.5, "dy": 0.25, "nx": 34, "ny": 52, "refTime": "2025-11-22T18:00:00.000Z"}, "data":
[rows 0 to 24 of 52, columns 0 to 33 of 34]
-1.3091871342395602,-3.403439173306994,-3.5637094676112495,-3.6458199394535504,-4.830892621880773,-5.510885854173335,-8.654723152594176,-8.266874181733458,-7.644960888055294,-7.2040520159552415,-6.145884045103383,-4.564534792741881,-3.1846784384367277,-1.8741024327027618,-0.6634063995392133,1.6584767598132832,3.7114035735893793,5.430428865609208,6.439624516384885,6.734502090182381,7.800082129441291,8.39964303066308,7.300778658992174,5.816710615720389,1.5321513552038186,-3.619126214616327,-2.2542245722733774,-2.2350675711897967,-2.765771148608895,-0.8087224961928858,0.41754403129705275,0.72073477864473,0.09883469190678942,1.9378608082512265
-1.832506162296509,-2.461683059823379,-2.721640948792617,-2.1530818778722933,-3.3946347861061708,-5.182718107033458,-6.45632230342038,-7.028161987051263,-7.751519569280392,-7.208945773729251,-6.55700029404594,-5.26721168424032,-3.6409142379755988,-1.770034003094256,-0.21477655541013999,0.6601726729276515,1.8523405725473407,2.413632635716281,2.9582401205752094,8.388314009718492,5.132816458403534,7.254581529766559,4.589195579413749,9.376491661466751,-2.1692390601399207,-2.424180078667398,-2.210688846374191,-3.3029885290450283,-2.5224455223060125,-1.4428565059927991,1.4173962163153968,1.1024834149352452,1.7636718577575046,1.2966442915319587
-2.683744552422295,-2.405286155757625,-2.0583871113859185,-2.2999636393457306,-2.804176467250831,-4.377051120967658,-4.909340978121716,-3.780137735462356,-2.4874771153906363,-1.9538452883458244,-1.2307201468013298,-0.8763755440311292,-2.617142328395049,-2.177546934841412,-0.8904511474402785,0.24544846882163934,1.2239394395303036,2.4066470345698194,4.044135881841442,5.418910338672561,8.13617774132519,8.071440713950961,7.74202565610305,7.763168063541836,5.648744536142352,-1.532641757328512,-0.931893276101693,-1.4893228536630478,-0.5475140273132479,-0.221225656000501,-0.6701373947031013,0.8602643791539691,1.4712949048969304,2.5676743099823334
4.74825300685354,-0.3092403108226932,-1.0485069892320795,0.8475601798486523,9.783975858209805,12.148636974994409,12.640991503280851,10.483543902567089,14.888099033593985,3.841714425874797,6.9268893866735395,12.78902650167704,12.00398301241008,6.394916604518274,7.126409145559019,8.622000358324245,5.3368018151768695,6.532813857406903,8.056697004614122,7.794233067104059,8.862232443485649,10.708022295609608,11.524105221674068,6.769348913677174,2.6270997686997495,3.3797845471882964,2.500060365357568,-0.5442441434495705,1.9298743839851191,1.0738604131030876,1.0184606003931342,2.4079813652282915,2.2435025151448067,3.518493494281537
8.673707647734048,8.926371347241734,6.6848085090855065,9.578011258503539,14.991086548150573,14.991966877505151,15.084344100135926,14.271086787156756,14.561471749707183,14.45835670931105,14.911522756760517,15.339071815418533,15.35254886624788,14.351026178727086,12.57675153586618,10.07786817445101,10.996869417799875,5.9817265247610045,8.102151923269039,14.814213031904474,11.572351926925656,18.01395431142674,3.9781531059648025,6.822696098122665,6.276388176432089,5.054929646568069,6.843264771819973,3.499738916379994,6.523280648511883,3.718181702659356,4.660911186346382,3.98357691349854,2.8497416446837933,3.8009539257269997
11.97065208252755,12.399850719738732,12.895035602983494,13.284887520116998,13.388406269017215,13.468241324090888,13.689915759231038,13.863397991866341,13.95270139577438,14.54469913577687,15.015324365119085,14.945050885780082,13.377852436151516,9.551940812031516,8.16598190059621,10.649364297325668,7.497413627773198,6.945608955806538,12.718823339581482,10.201638243669036,9.016941831112643,11.510206514162647,11.64389066631177,9.58054627866603,8.791990680661513,8.179656008064985,8.612611923219006,6.6902697130344615,4.297341571728887,7.040195788777801,7.309275061196811,3.583597944000551,1.754112322160902,2.6080777942632962
11.75928721901842,12.009595955935536,11.943456916646541,12.209465223802418,12.778772994641885,13.08114539757842,13.219533771275447,13.623858721856339,14.149683332930389,14.511852100996881,14.184207408402159,9.54859854138558,9.056170153103185,8.723429056397409,6.942516984927459,7.611328910466699,5.955930177172766,7.878769172714002,14.045369478547459,10.129266914372277,10.758149795796387,11.649974763146083,9.10927650846082,8.954095331632406,8.342152729125472,6.65962486898953,9.319837455664983,7.244767342194884,6.180115856520397,7.359473367223189,6.252895445953371,7.656612868023596,5.196843458934705,2.676913687297615
10.697547096172165,11.176639399219955,11.55484244197494,11.887446811070303,12.427015987791663,12.251976736266732,12.39792763247567,13.030816157402436,13.184329590488261,13.46175474004393,8.002193424612809,3.1315480338698785,6.461600858691848,12.190763107207252,6.777045780252019,8.562653791925262,3.0468361233203147,10.51897789346827,12.86895978358457,10.642551102682024,10.291005752641047,9.390446935522716,9.889253581784256,6.895834508260735,6.844258121748187,6.531754255612652,7.3416963961031145,11.288436182038168,7.4386979406379155,9.836091230198948,12.668652758900743,5.379318306541036,4.919505791059004,7.6513568766481805
9.963415898973427,10.338087955540884,10.709627121808182,11.285681468001975,11.069779244799857,11.421193429042802,11.754954532503785,11.858538524227638,10.948130800521671,6.996155681345808,5.809199500509642,5.686148898415731,8.271290864137644,8.942988502535188,11.294825178299135,4.8230561915404175,4.611944055763949,12.312519116517196,6.639273945408108,10.367938553293168,18.910851279708925,12.187413458227223,9.251910719477683,5.974209559636549,8.640286310157798,7.549313709462846,10.448515707532406,9.539419136743703,10.333418387150301,9.590967312037806,8.679582856425183,6.215725700739791,8.340705896106433,9.912338566480921
8.667962768573114,8.82043089373729,9.351144991795925,9.623662435334538,10.317412061705017,11.608701698696908,8.581749495513025,7.3416023699163295,6.09045009245493,4.965624395107749,3.2808494868548084,3.0365163670252833,9.757641269939178,10.389414508248395,1.4227194820643232,8.351251509314443,6.237382493362027,7.156906730957549,6.427183152809995,6.024068283638721,15.083500280331899,13.039505460216553,8.117083110620893,8.820449308553803,7.6774729439755784,7.4156678113218675,12.701999995940279,10.470634558625688,11.163215248249571,7.306974019074967,7.508087441567493,8.57147158530549,11.589397967507612,12.467711109372145
7.395777323102682,7.456696064245477,8.240522855191106,7.619608361433274,9.006207315546442,8.510365234334618,5.890683036954382,4.845620289346029,7.275119364067289,3.657104278339144,10.41473836819207,-1.993125202886292,8.802931694202615,13.48783582527811,5.257549567798618,8.800443697712637,6.100721965267328,2.9827921824446504,6.49592994224612,8.754392501974326,13.881806347265803,6.837808629577932,10.17294754539102,7.766826736542783,5.455967665973327,7.839760191383737,6.736254527463542,9.44149661058866,11.504742919261027,6.344466454455392,10.415386688764503,11.98763046754005,12.814075326060197,13.77655049434343
5.768798143199841,6.2108118023662735,5.551293717919422,6.607778320858908,7.911652864780215,3.148161333448857,4.031187060575392,-0.3962477464807779,-0.2129765132158731,6.052440595904459,7.773886680794642,3.3600336356006215,6.317465322981375,8.968314257894999,12.711234077731056,3.549751845059949,6.269176471169391,11.284884491996383,5.163146316270641,11.972617334195833,8.671022809261796,10.050899651961858,3.159752804371794,12.927701051586249,8.777564938399413,6.321801536955215,9.95234531820344,10.646817648312066,10.67261657162921,11.100159315178152,10.653171917660654,12.4004963908569,12.908409620446564,13.946183963272192
4.269972014321115,4.446854381041117,4.751058930538419,1.8046085175179483,9.012991240962661,3.813745530348755,0.6533806219315558,2.159576040615644,3.771642005465114,6.612201794675317,5.679665626461898,6.748680998622194,7.371859209716287,8.377757617051872,1.571945678352641,8.656020159286431,4.1654984352068665,9.095467440696213,6.594763574705089,3.863331967518615,4.5454562542585615,12.378873303042589,10.921364920838238,8.7395111726105,11.682838581336908,5.44768801289662,3.879958769479487,7.4806032895663686,9.158628320381899,9.797331432712758,12.092684603798244,11.934308255989794,11.986403530548284,13.232221206643263
4.679939771902264,1.895121919697334,3.272590811728004,3.9399743115345314,-0.008770970810712564,1.7164191260818105,7.328646563381257,-0.59725074857013,2.6473576654084274,5.628311881012902,6.693582924434488,8.135596920583929,0.8896876405547656,-2.197398882855881,0.7178943351777312,6.2719230560749075,6.586894899605477,1.977080035790323,3.121237400925763,7.407498177620147,0.1680974462765062,6.9182021541615955,12.919474140680807,12.751720593271642,4.629593560418468,9.932733790805832,10.592346886261137,8.953594319664232,9.917770641276233,11.321730785073257,11.416102215542498,12.337186276354865,13.045486764380776,13.56266706108599
3.4550522378522968,4.993511328679936,4.576202265076066,0.4995133942383352,0.8571435761778768,1.478117321398607,2.3673849775593214,2.4960891251265807,-0.7018522407190011,2.234160540556994,-1.1249316293661322,6.715040455450606,7.288945537009309,6.430577876333991,7.7626211720035165,4.006019315142903,3.2590855024472307,5.24182213280577,4.859683761033688,0.7723507970307125,9.060372930076714,5.882080050980176,4.625618180168801,9.845920284005883,5.649667529357355,6.285786674841137,6.278951811686206,9.005014357233376,10.787825249342344,10.384409492280128,11.490804652640996,12.307470103571669,13.523301304729785,14.777558801706855
6.402744158843455,4.229026507477986,3.667163567060673,-0.30521121264494905,-2.453249721859338,-0.11013958763242959,-0.11324263690257257,0.11485773608540424,0.1889082011607158,0.7860624175131864,2.032762391285105,6.1415378087610675,-0.5503076978896104,4.675435912563586,-2.507385547511028,3.459673157730628,4.642578896617173,-0.19581226469088273,4.729072622290041,1.1120983122899433,13.250288582882115,5.957793642300576,0.2784913178838279,11.491589370145574,6.708719855706707,5.706593410480068,10.782713689309713,7.144153545978474,8.506849486524656,9.727048007355817,12.055596909958577,13.858493863384899,15.23996474040031,15.489093710562658
5.828513590756076,3.9026669727987904,4.45217909064728,0.6954211138332634,-3.9780138434845935,-2.032181146513037,0.4108793187295608,1.504338945306539,-1.9585058797256187,2.326799278464088,3.462657456229691,5.427566364343122,3.721195901117817,-0.722923866360045,-1.368714622534413,-5.318029961796595,2.0374368485750383,1.2812434017478609,3.5789881038158238,2.903327694786212,8.028472065425618,9.746335682226077,5.536546328710657,4.2093740619330315,6.560799519490258,6.283257607313381,9.455752731402542,10.689943665976559,9.435386388139616,12.440639774431386,13.356332266927119,15.159745951069972,15.783676188810796,15.598291464847671
5.4445089464389556,5.341894759819489,0.9981195756473834,-1.1045033621421967,-2.032952272003819,-3.2949445425723884,1.6793887459205994,-0.1255436705441851,4.962399392108773,4.904432211864212,-1.8199080080692165,1.1883148747657362,-0.6046289124617901,2.4994286890617,1.5192208747371974,5.144196010115025,0.1427422661956711,2.824827809998273,5.4675260539833,5.722653772652141,5.98436800926007,4.777305541711492,7.474673424438422,8.648877233929337,4.1074613765571755,6.938812570441278,7.750635618092204,8.37227484967731,8.570725747948957,10.901165007278836,12.412206433164972,13.287727174914142,15.112732279149352,14.960887028844029
6.068172443232217,5.691254373921151,5.95439365826353,0.3800802746662333,-1.0868582512958118,-0.5476085595920382,4.878590341665424,1.2908250313969472,0.16655547478834173,5.653848153536995,3.6637891013350963,-0.38104035016557075,3.0630118967076956,1.806327910761866,0.6710347765324313,1.1724011593036479,0.8166809285230368,2.8594409484904766,2.227125906663727,5.378785224308801,5.106417093214576,8.100761819049032,7.788299512135465,9.534896968796932,7.09882802166226,6.471537095406488,7.540612457325713,7.5904454824677625,7.143333080474121,7.363637427343986,8.795796062540608,10.98347774137318,13.13225283215498,14.124558116434773
6.546665181948271,8.276060574320244,5.113733070567025,2.309202002117512,2.675686616719998,-0.27452416315923717,1.2621518776388079,7.0895780514221105,6.720324703339097,3.4310012127727334,4.364069266946584,4.393112035800796,-1.6901634367244804,8.498245001141145,1.1650807538575985,5.113187022265471,1.8259288190003728,3.489266897143561,3.7911466931487117,5.605274441667325,4.281640901195421,5.498417574668761,8.883132302627985,5.760825656621592,6.096426315636169,6.783946871902204,5.791658031030062,5.928622611466479,7.168470728638688,8.048014990521189,8.031730797583677,8.905501563137808,12.480129053251497,12.372824725449735
6.7937772564345895,7.045708059408145,4.384484202454036,3.7990166252998945,3.341635199310237,1.919365917698672,-0.8881867744257865,0.19106229013813938,5.49777787185721,2.02288024217779,2.0735337013069968,3.71999494658855,3.3651229439758144,1.9344308762584348,1.8226300047685342,2.622951410854633,5.25512752575955,4.60741219504832,6.087550330214683,5.303833195188718,7.44729300635068,4.433550702551587,7.584308114146668,6.523247154994214,7.429296973734654,8.439955227006337,6.838107133526875,5.834614534465735,6.429135425862627,8.49234064762241,8.524942528613124,9.514144083716431,11.256985920302157,13.204723957151176
7.463931707272911,7.660649309035896,4.006107424057456,3.8814049152381083,3.4259121189989523,4.1752563043433835,2.2719832837432157,0.7404916744482334,4.148246026099449,-0.5477309621762638,2.8677016078186717,3.399625676955233,-1.5677368708086994,4.517550413388364,0.0977960782098575,3.750238472749805,5.210892945752553,5.5577187135323,6.829870010917563,3.6225021697832442,6.409881698329968,3.2242954080894664,5.994702202812615,6.4831920578760345,7.542340295768274,8.286201171935955,7.469346311705877,7.2583894023196995,8.463065252842751,8.982514943695803,8.82821180296561,9.095453072368901,9.155705659404603,13.620055598373146
7.24548262989429,6.227704094001566,3.6664216953109756,4.128303955209562,3.7145762661722936,4.872640887676935,0.1944834013316657,2.775517277856927,6.937656541222687,6.494632846804884,-1.5450568995169036,1.1539476389254302,2.729248222930692,3.7702638937833983,5.618421230753455,4.059931313254113,5.096686325285,5.175738040332053,5.2571898356359315,4.468306625918781,3.1001558470046575,4.848821403759033,6.443104345310987,8.079609540008953,7.022960801452114,7.244715375045244,7.872376507736801,9.144137190239084,7.862735974162369,7.469639978803782,8.15159182587186,9.034786649414793,10.899329304365136,13.885853379399148
6.383136596560931,5.836291714686771,5.663677045907728,5.194123434626784,5.464768844325768,5.31115086741346,1.2031622840793739,2.1887548683803844,4.1809861745904975,-1.1128229199334152,0.045903533801547686,0.12525298329814932,5.362453628372335,0.7880375311497183,4.889029148637703,4.245018200440997,4.006997407802238,4.5322312482596,2.4341596613905176,3.727909752376569,5.421804779357925,8.115680917992615,10.957145272442624,7.428480733266235,7.83142906635461,8.1004251686157,8.680059976218804,7.302606226017683,7.633302820764344,8.636412381810898,9.445060065087777,9.686979431880715,13.425679749289207,15.48051281436983
5.113266038107749,5.45662001657077,6.085221634890054,4.361807403859041,3.923517681046131,4.93961307422866,-2.3513363030178653,3.0470949971794172,7.789849846058387,0.668041835797843,3.4088275014418743,-0.42953490477270084,3.8527657384989618,6.346622375703884,6.464338016038348,7.957565358409257,6.364520251687083,5.763176360684991,2.896562005258745,3.8554072901124194,6.416352125833878,8.922577084256545,7.187015391546889,7.421730504196055,5.944215283546947,8.031789013550952,6.686118598746401,7.549274905527714,8.269650725863308,9.09071566450876,9.915139346929397,12.131341383711106,15.532173804432214,15.173035450858615
