script/wind10m.json
{"header": {"parameterCategory": 2, "parameterNumber": 2, "lo1": 3.000054539987559, "la1": 64.9999836372058, "dx": 0.5, "dy": 0.25, "nx": 34, "ny": 52, "refTime": "2025-09-14T19:00:00.000Z"}, "data":
[rows 0 to 23 of 52, columns 0 to 33 of 34]
-4.255518089258529,-4.674107693657705,-4.657310640252406,-4.605808573766128,-5.344388110957732,-5.111148431974272,-6.326800293086556,-5.713459485707797,-6.180790547471294,-6.5286680028871755,-7.142760732516696,-6.426125375117916,-5.831002977688725,-6.971400417800897,-7.085179726576766,-6.500270279970529,-4.69071327087873,-5.1626240589985315,-3.116032420716425,-5.296168619794653,-3.7861717591392874,-1.3529077241885246,-3.4182612716366094,-3.705486526871597,-1.1421953013861714,-0.8039902561572325,-1.2098044859052326,-1.740318929389312,-1.2597133926454882,-1.3114364546136361,-1.315667749237768,-1.5506043996859733,-1.0451524161655736,-1.0916313572504153
-2.8039688528095392,-2.6860642181550647,-3.7867985011195864,-4.165057814655854,-4.453072935772521,-4.36270946438857,-5.489711216013,-5.064333047947552,-5.9920696662794075,-7.0764344972207605,-6.974404370327247,-6.092836351793181,-7.118211680828891,-8.401183158352472,-7.4554926639391095,-6.286265898889045,-6.075408924146906,-4.268663092578447,-4.660290270324054,-5.063534445929469,-4.340126185824999,-2.919130973929825,-1.873973600278799,-4.803235298538321,-0.6571181811881533,-1.4213081068157427,-0.4205362258381864,-2.398296624508806,-1.4404200597055288,-0.33171640197480895,-1.2197684015974375,-1.367446308650691,-1.3525077818889073,-1.2402202404011162
-1.7848291134272147,-1.8211049546991844,-1.2507397727251106,-2.3099228209504257,-2.834462167844341,-3.820046817557553,-4.011168262150186,-4.219897516712399,-5.2851012915045095,-6.460322666404729,-6.796601672329967,-6.647342314274358,-5.2857046802953205,-5.53484639072075,-7.198636597559379,-5.796208136071156,-3.256085692130193,-2.6741931445769245,-3.5419710632180132,-3.386854021964531,-4.7119968834185055,-1.8213365812592235,-2.165794084913366,-3.329862060977795,-1.989594893792889,-1.1820219641924372,-2.182197670284075,-1.21970760258628,-1.263861116489619,-1.0544421723365462,-1.0021273264260728,-0.8099700489055616,-1.2022434080957036,-0.9648808929006985
-3.659169359282826,-1.4337960979178612,1.9772299486847063,-0.3608854469036976,-1.578258846945298,-2.673604469843959,-3.610851042625158,-3.8797928229393244,-4.734357410243181,-6.601442808573279,-7.5236135340357695,-7.484625503225302,-7.297418236161378,-6.995390595473857,-5.606012159205802,-4.720840766834576,-3.369978971020875,-3.472617216681241,-6.843768928091205,-1.9378939672899,-5.7465205077969514,-3.5696594561241737,-4.806131733560316,-1.7757135197914389,-1.9895199461054136,-2.0312188644027276,-1.4640246048642813,-1.939611288579018,-1.5513669740628142,-1.3859037279028896,-1.4233781734081843,-0.8158185794937372,-0.5992115390743853,-0.9378898264248834
-4.194361028340995,-2.159120304173158,-0.1884016068631196,2.2807293944496436,0.9172461220358312,-0.9050567045628478,-2.7820106225903145,-3.207091219215323,-3.4777637883616825,-6.237267891127922,-7.894438686290332,-9.082920847727776,-6.499358701117214,-6.341519676521668,-4.704647597568925,-4.4676744554461205,-3.4478926304096276,-3.1995876980507028,-4.292904990549969,-5.411346730583573,-6.33026850738837,-5.6144350978991255,-2.4104776709919253,-3.0417799419463742,-2.0054750613971657,-2.13391179091127,-2.1086657671045757,-2.294211738002036,-2.107643122364164,-1.764979999904983,-1.36630026538786,-0.8810374392781778,-0.4390515105747337,-0.6142453376115838
-2.5228551592042052,-2.0000746492010273,-0.8287747488709611,1.7708478416216369,1.9447186846479179,1.5232148454743744,-0.6265580124381915,-3.5278035755653074,-2.3415116358189656,-2.6141022774771723,-5.2759575241145615,-5.8490983260301395,-6.97281021856773,-7.017878313344621,-2.814051886570095,-2.166340398059349,-2.333352462276854,-3.467428822501791,-7.79533420093856,-7.35793755026176,-2.954079581703544,-4.210760037458671,-2.3460591305158016,-1.902718991308753,-2.471943193150016,-2.486549563839366,-2.3194483904997876,-1.8852336571441697,-1.4019167010801612,-1.7967483088956642,-1.4931426751310157,-1.4850865422415775,-0.8277479462497859,-1.0038976625250136
-4.881960006591135,-3.3320742174771842,-2.3939922421921778,0.14777807039891752,2.014487800688991,2.4659399305275067,2.03333588982243,1.1676073484825042,0.5628621209327254,0.2358625714280666,2.628158936246459,-3.687062361663712,-4.872184119085272,-4.031242086055934,-4.697223890916432,-3.776891362013684,-2.058653301443363,-4.043088419319061,-6.584201160368224,-3.3274276245833163,-2.315343421482291,-1.5477621195756874,-3.3481429222175723,-2.7043371373136775,-2.7278996445944483,-1.802664062030732,-2.2015940012537905,-2.1290742576516575,-1.7103038277009537,-1.860591408364435,-1.7956187859581771,-1.723930940916729,-0.8239968122471176,-2.6775784234928874
-4.725869212415551,-3.8328966056283464,-2.489444126458108,-2.17017459915375,0.978016213999437,2.078135180456983,0.35431929747105284,0.9814031485092493,2.5339836516500314,1.9026440857672282,0.6265761988314088,-1.2381262667034154,-1.069801481227159,-3.913165985805356,-1.0945584882062056,-2.228114292839555,-2.904744132835184,-2.7830069062939,-3.8447861226070907,-4.81437662380835,-3.585194708136496,-2.474129021145089,-2.6882772947138145,-4.072272531839123,-2.2116069455795713,-1.5347009917695082,-1.79450043097491,-2.387809053057308,-2.2637013416324976,-1.2070741991992324,-1.8675668562824934,-1.8003811870054744,-1.5954941798296849,-3.8161362662315312
-4.711963401691709,-4.97235518872873,-2.9281097511407075,-2.7471299921625127,-1.1671344072559144,1.2233117201271602,1.8905047220468931,0.5200730344631901,1.0095868047877234,0.3712957382777636,-1.2161338936897623,-0.4995804002599925,-2.187574672475387,-4.072600442580917,-2.407040829633633,-3.1285918115765092,-3.639567327845269,-3.1940615180895553,-3.9505631677369233,-3.8207590765516697,-6.471799376346672,-3.1815725492196734,-1.3171081280300863,-2.155186861229125,-2.1897894847737303,-2.152149544262427,-2.0325798006648683,-1.6573789574157705,-2.0443387359442102,-1.415458510672267,-2.0506634551944423,-2.4662869095814712,-5.408297612636124,-5.061006901185319
-5.315541891123867,-4.719690479947062,-3.8725139174552936,-2.480066389117317,-2.52683867475148,0.5594920996541565,0.9864667400630955,0.17179402732611188,-1.463029908284529,-0.19439984491118575,-0.11934964720138913,1.5405991975184319,-5.0641402905963,-0.19226006876073154,-0.15959261178018067,-3.204516349631729,-2.223228870472586,-3.6580255761382428,-4.712110617117495,-3.3449979772281817,-3.2273052218316494,-2.0356052982996697,-2.7753733915316805,-1.945325646192669,-2.459732595530287,-2.434777535666675,-2.1447871927762883,-2.775291851096228,-2.5693833847672716,-1.9364637251613526,-2.1961549074271747,-3.7490024935723794,-4.657690635621176,-4.64776603953383
-4.90480949286943,-5.478344811759907,-4.942486041876818,-3.631593640630825,-4.375295062839435,-1.3508840188778863,0.2797359702069173,-0.760839614048671,-2.0698384766517197,1.2948936153564916,-5.1997353427943604,-2.4095523214915793,-0.7349720780347393,-2.6515121712853773,-3.0056308150518687,-3.3566378587222605,-0.9065943997115471,-2.0935776134367203,-5.52830764332324,-1.8516992568116044,-2.587168385720767,-2.014057400438018,-3.326525008834002,-2.1231957168450575,-3.0748386724369228,-2.132564194413341,-1.7518418582259074,-3.4872006004780807,-2.4540988421751506,-2.93635830757919,-5.162664604058679,-4.621662799113351,-3.30158848035949,-4.461039630134189
-5.332262861825455,-4.968805233231952,-5.166710013533796,-4.546766620969362,-4.089954390292937,0.5164585551183968,-0.8327675084412303,-1.8614290232161141,0.833516636602851,-4.802336732146437,-2.6898422974193275,-4.404990070776533,-3.368157468565038,-4.0219093422235215,-3.435747624428944,-2.022665242599002,-3.157748774087575,-3.5256986637615695,-2.9294790020957353,-3.6692300014969517,-2.334643378284606,-2.6103486220300858,-1.351636776122862,-2.670478511235079,-1.3818005703636087,-1.9589238437541914,-1.67790617242995,-1.9921843357428852,-1.6574834376379983,-2.272059425234442,-6.214565484408851,-5.2906887468740775,-4.287755931149579,-4.356269243537699
-1.7613781556336012,-2.5746821890137754,-3.814655229414478,-3.1225210635261225,-0.9005109914174256,0.06157317059912557,1.1955126748515676,-1.299208855628196,-1.1545844598506212,-4.492173564536847,-6.902401435141269,-4.83268264512704,-3.258050794149622,-4.300453783080087,-1.9625759935393359,-3.9436274058629337,-2.8241767512277356,-1.6335078388084652,-3.094064301408452,-1.9631317076328143,-2.639152869891748,-2.373795006841598,-2.7686056114250186,-2.240898633177577,-1.9129469578309028,-2.582912464282727,-1.9940826863729257,-2.2463649218915656,-2.4460623927462657,-5.662007310500364,-5.40777083857187,-5.640556509428485,-4.851533108035246,-6.082625872983148
-2.791394499790415,-1.6733436767631729,-3.506894055506091,-4.009896759018831,-0.3117091051401882,-1.4675308099314934,-0.9291106487405751,-0.9120593371605416,-3.1851425684094368,-2.792188164472762,-3.128182286445866,-5.699578221459609,-2.3140153619524058,-0.30728920884593486,-3.4991351656463334,-2.6028395788348804,-3.246049500871495,-1.768103290807338,-3.861536577656894,-1.8802105516812029,-2.2146626942107885,-3.32213035542232,-1.9249563915121117,-2.57632141795825,-2.0939358431116943,-1.852913412493363,-1.6388221744191163,-2.0201473088793254,-1.689906450537981,-3.5693382413442905,-4.489479559755194,-5.467582608183188,-5.100069173024502,-4.586771050652175
-1.8824451198146779,-1.6683506062321278,-3.0991965733481353,-2.592412713200393,-2.2670464227903167,-1.7823380792276384,-0.26255759186300753,-2.6377050585050776,-3.0710213382390155,-2.6178043508042994,-0.6506599455610709,-5.9403757590855095,-3.945773822221493,-3.011615956567042,-2.9957789498533,-3.7898948559390995,0.3591649639544532,-1.6892063333837475,0.08392391923238023,-1.0247136333499376,-2.075832833238894,-2.295398841747005,-2.1181221989376713,-2.2903685534527116,-2.1855944949079316,-3.018419244333027,-2.445681016816336,-2.2631855834527648,-1.782304937359702,-5.141489336321634,-5.257660818819078,-5.247785779559934,-5.237198744672583,-4.979550154223646
-2.243193376088837,-1.493074050420912,-1.5581951763797919,-3.651284333810748,-1.5162597834241234,-1.438147997454959,-1.587256702939137,1.204908573481598,0.46103791629391255,-1.2499839879246615,-3.127609198829642,-5.678810712914089,-3.794993387760654,-4.272355751997096,-2.3585194827983083,-4.376013135690832,-3.444512265499793,-3.3062681191507184,-2.202098313774127,-1.563032276085862,-2.8089528765585903,-3.045265811333365,-1.553545501694912,-1.8110676173661928,-0.4210568498609901,-2.4587568468586793,-2.422785381377224,-2.1521539658406907,-1.6432429370234432,-5.653221602970225,-5.294268601721778,-5.0204772113875356,-4.982908439707222,-4.7061214275247965
-2.9841948424087428,-2.4024804119893792,-1.900721645863802,-1.751690895613642,-1.7331066243117648,-1.1650620022643374,0.76492777350858,0.8483152925503441,1.0213395483801142,-1.2862391640475603,-2.986307581050234,-2.3154366743768806,-1.9186007962248701,-2.6911880401158443,-1.3984031014698814,-2.994010983203091,-2.135965558177154,-1.1918850659988796,-2.351400921073765,-1.3309221234182536,-2.1703270623950317,-3.7892685397134214,-2.695306379129617,-2.8398268946006837,-2.3350598136120553,-2.1002235414941266,-2.3696572264251587,-1.7983936378064502,-2.042366224624657,-5.173620877073697,-5.407116834936896,-6.806752621502312,-5.6463630863837535,-5.412851787591275
-3.3345413527536247,-3.2437537257607185,-2.8544794295538183,-1.5613488664189732,-1.2299386473547083,0.1220355136655632,-0.024940200879979273,-0.09329213127632804,0.11155637175740554,-2.81123518675502,-2.9826855712540867,-1.8178162383365115,-0.7135674572352046,-1.958850943330884,-1.3442602185536339,-1.6829696658291786,-4.4946778701531676,-1.1388480908849345,-1.5871265472144929,-2.6156754465633503,-2.932373294243036,-2.4038394120942477,-2.304310098090624,-2.2077556932433544,-2.7361046473798605,-2.2279339168654477,-2.0850554296553403,-2.062212017188164,-1.7914534001131746,-6.020486693590584,-5.004118922139255,-6.906481016251769,-6.243787842243994,-5.6749364446433885
-3.7992219207054885,-3.2067285541535635,-2.811008950617674,-2.292771015469339,-1.2206197169307669,-1.63590359954201,1.239339824344266,-0.8136339242421466,-0.7101191189448367,-1.7119114084477087,0.6076017260485399,-1.4157633671177134,-1.3604502823977502,-1.3273448113897899,-0.5191990305431986,-0.7756666836175702,-1.1057912825536134,-1.5058703597924608,0.8838663308677155,-2.392198705233208,-2.20753575984483,-3.44392183943249,-2.5632253600434787,-2.5772256027454516,-2.20622077193303,-2.216458047362679,-2.407278186681371,-2.3529432720832975,-1.7267918520730632,-1.6106468875632154,-2.666162034934935,-6.080176675210537,-6.301187965628142,-5.9108522260173775
-4.02787488275212,-3.75197834156872,-2.677170048751509,-2.8275031113343583,-1.8877563007749625,-1.9326783475905454,1.10425200571247,1.2210956097066517,0.2567142591221602,-0.9600879558877355,-0.15671914466143433,-1.1215004897481675,-0.7135623944763717,-3.577546577710061,-1.3065939048203294,-1.3385135309295335,0.7182248448549924,-3.0756246463569683,0.42240342544355214,-2.18970609408958,1.5223239593775317,-3.2038034632301833,-2.7555177520362473,-2.4569433367867464,-2.4476586184922673,-1.9446083433692456,-2.3837500800558122,-2.182328806371371,-2.18203623499511,-1.7042144911300825,-1.4248149356005992,-2.849187435504623,-5.663284620115384,-2.2818622893290503
-4.232194460886096,-4.103917647302729,-3.6725139715422417,-2.785546398677931,-2.5689728109330083,-2.211871151045772,-1.835397327550633,2.4974212851097355,-0.003960237804392321,0.9042131071097255,-0.577049127084703,-0.5616282741249514,-1.8785778086302776,-0.8279036242735313,-0.7720878690631688,-1.1776710263147794,-0.07424404043116319,0.03220580717167694,-1.4477811949126893,-1.0934216035165474,-0.67281856410375,-1.6705358989887318,-3.426210552297985,-2.1162080690974086,-1.8772640030079781,-2.1315125427336157,-2.2011127567561704,-2.314907046836584,-2.140778996840613,-1.767710261176359,-1.7707715524309833,-1.8867143273696731,-4.405148870902301,-4.752913713498299
-3.2698811703110766,-4.368749167172609,-3.9417248910774587,-3.2727125663212817,-3.301425069251875,-1.9694469980225373,-1.4248992637701579,-0.5825285117600113,-0.3128665153343283,0.04017414630211458,0.837583795891671,-1.4313294375038002,-0.7509678050357168,-1.0032244980379474,-3.6925118787782423,-1.64040115002815,-1.234633440940677,-0.5720118525342553,-0.9027802433499709,-1.6765571194422695,0.11727589642235002,-1.3641115794587249,1.8242504458849171,-2.5154702430265847,-2.326186727045314,-2.062205499719581,-2.0005502473847327,-2.9712025498647487,-3.125932152263486,-3.25628994756995,-1.7159774260506693,-1.8962129584442688,-1.6989257821676287,-5.061244170198935
-4.636494949420065,-2.7751308073459353,-3.6157794795598215,-3.0152966937157064,-4.065386729532356,-1.7366696291014232,-1.7118747506455498,0.5518787802789442,1.4336191926380573,-0.03006154209238883,-0.409753185407961,-0.2786020249342749,0.419341078653795,0.30409320148825725,0.319817865685755,-4.169364559972947,-1.362749547482057,-0.7122490533607055,-0.30151189996453287,-0.02237234016182077,-1.0885554391848364,-0.409770608885601,-0.009504681805150197,-2.957670030979853,-2.3164965908333404,-2.105588759139257,-3.130590865471417,-4.742176578297663,-3.065229445790977,-3.0066426448875636,-2.102357479229524,-2.4391918685808687,-4.280813970179814,-4.38647908533241
-4.160903665001705,-3.3218548353265307,-2.0646003569538975,-1.7433979376855597,-1.786206018337619,-2.9842602066741684,-0.7659782981751745,-0.650575567237338,-0.7943796682486005,-1.7701148813395342,0.9179122728594546,-0.975779530870119,-0.29257442917058285,-0.48194465226902283,-0.3473472904485523,2.382170333532236,-0.8478147386172102,-1.155748447536529,-0.8756952721390314,-0.7649705687004353,-0.5751170321996295,0.9670885136203786,1.116563659869677,-2.8995658959311283,-3.7466101384147463,-2.3725040967173356,-4.427267928597409,-1.9520186045685834,-1.9531867997809247,-2.32276749529241,-2.849905876088091,-1.8353174010100122,-4.854945095710256,-5.351036863532704
