script/wind10m.json
{"header": {"parameterCategory": 2, "parameterNumber": 3, "lo1": 3.000054539987559, "la1": 64.9999836372058, "dx": 0.5, "dy": 0.25, "nx": 34, "ny": 52, "refTime": "2025-07-19T07:00:00.000Z"}, "data":
[rows 24 to 47 of 52, columns 0 to 33 of 34]
1.9440255108653446,1.6737375325616903,0.6998491056762633,0.16171156942402337,0.6706274617636037,1.5328126723630655,0.05563115572665533,3.3569075479198616,1.4904120594291375,-0.24781807750323132,-0.30618010984609895,-0.4110237599987946,-0.286176944111215,-0.7302681929904841,0.19678007790909244,1.5979260009679037,1.0962381113904782,-0.29075502894705707,0.16002751718513455,-0.5474233915050827,-0.6302916564644183,0.1617631567834242,-0.1891689278418376,-0.5988521776948729,-0.27190298819203945,0.3662746301755075,0.10307575410767589,-0.24281812613823936,-0.3643194964158986,-0.9414090159691457,-0.4874908787551891,-2.0769363355180586,-3.1283005425207255,-2.197727892489054
1.7491567638471597,1.3970855822385608,1.6026987114979943,0.823813784491782,1.4858750348658603,1.6367663569006374,1.6683409183547704,0.9487159348652717,1.2747587675502319,-0.3614758038647759,0.006505910016345819,-0.5213832229370347,-0.1916143983976061,-0.05199190045972281,1.0655830402702657,0.1320830017508742,-1.269726232676111,-0.6202646384910512,-0.4104086429539055,-0.06943502032615051,1.7007589687446971,1.4062596452381437,-0.12228611822383999,-0.44531385683093,-0.1611525879562729,0.398658002900221,-0.27511342006815726,0.005857282664343692,0.5575393018923847,-0.8454544565754682,-3.0946716810336654,-3.106408895306387,-2.518063130772289,-2.316286086322237
1.4505677696629091,1.2853413252674266,1.8646205507700624,1.2124215378566994,1.7434457826884948,1.4738301300523833,0.8897452068591651,0.6458151373860802,0.13874677746831177,-0.5307985813310763,-0.007160113034663899,-0.4501562334495975,0.9882358409102818,-0.1478765919195035,-0.7881479914180014,-0.8117073693705531,-2.2578458230518996,-0.4678057745743682,-0.32221975810129605,-0.42462857040410384,0.7418168047471986,0.3068571940819536,0.12702875754603385,1.9048754684035498,0.9298145050765114,0.33295129144562574,-0.035679143120809546,0.11410717002314504,-1.2710861134483145,-2.4092348611760643,-2.891345846585971,-2.933942214853924,-2.573518026179912,-2.5831522161520617
2.240842060459314,1.0576939736074724,1.2882628496348092,1.6587732871111316,1.1642647011684952,2.392504140121812,1.2034612304027668,0.8265221472007122,-0.02100061192741965,-0.3227247343220455,0.5656453645611292,0.21802784977810308,0.39210312398923847,1.5829429142440559,-0.0042808972215068655,-1.8765225217357175,-3.500346082609039,-0.5299330382629825,-0.08012593326121248,-0.2238592984972127,-0.041035645375521304,-0.27024557048349285,0.4992502320252513,1.0850993875581416,0.26793248886705767,-0.1750346825141934,-0.49330759767459603,-0.42865947524299247,-1.5401362036762398,-2.3692538066574067,-2.866398867312915,-2.7167347645553837,-1.8833687241490569,-2.7255173374155945
1.8825659102338257,1.9731540428427912,1.1172542859022594,1.7562060885252941,2.4925083734326394,2.535336042755236,2.011036727571122,0.48758404562195184,0.7782318689057885,0.26762946202442484,-0.4304490912266613,0.497547751410594,1.1791964506048802,-0.16685504718099395,-2.1187573431423585,-3.2479526642395657,-2.6663560184184596,0.16710712155360644,0.12394919043418291,0.11201216461303612,-0.23118724732652476,0.2874277319641676,0.32700975885995326,0.4844079941233846,-0.5732107557181984,0.02773788727607568,-0.4136137831717929,-0.41328378649701275,-2.410198071438705,-2.5438346016457962,-2.786061755323839,-2.6869184083947957,-2.400432484795169,-2.711758138433938
1.6892717540747806,1.1174531784447717,1.9599376205821843,1.2244369463532694,1.8590704458111782,1.714927435025307,1.5229877185882355,1.2032911419527097,-0.9241651192100402,0.0974733342626856,0.337870224336266,-1.1056606729176326,-0.9692793324043597,-0.47008022349216977,-1.300831049938591,-2.3638080798179053,-1.015969245723054,0.19993045789735997,0.6422081260754743,0.40144691109675434,0.5476313231603174,0.09719751636575887,0.19520716653375636,-0.13467786002843657,-0.20235435652085396,-0.549459149094914,-0.7647251621077394,-1.0686869208393328,-2.8223964782775375,-2.995664566221712,-3.061934418930071,-1.8687192678211744,-2.7090398266626377,-3.577070867502657
2.519501242314484,1.3261720987733723,1.4255393389200948,1.8620700433930892,1.955362325657642,1.7783615972659585,2.0895943870989644,1.2280226260061737,0.4506053621087763,0.25274943635740366,0.771271856281755,-0.24885132689680442,-1.560882362126669,-1.0638489440854653,-1.236850628709758,-1.6142289854739074,-1.2888179567130837,0.16711663440056862,0.5898130963851168,0.34258086283461964,0.5845405990616488,0.24202251082285053,0.03499607614238457,-0.0779686504124508,-0.23253188740219216,-0.697569311366087,-1.1144074902043362,-1.4037573026274959,-4.052658632992629,-4.415366572933735,-5.176721042218065,-1.5552353182541792,-4.047499566125674,-2.84091492330272
3.250203476770626,0.6740087436800729,3.081972516910707,2.7012163268020655,2.1057080941040063,2.7521295816187354,2.283716911817094,1.4300143702322887,0.07161137842035302,-0.5195689742122189,-0.29828072553820634,-0.8185890861383398,-0.7721069733223901,-1.0189543382700557,-0.9178956101927601,-1.502512487320162,-1.7703117702404279,-0.3308229843888008,1.5098256511679227,-0.07875376123770675,0.35429085635650154,0.332772655225654,-0.023206246287277493,-0.3233586229650328,-0.7122544133818399,-0.8168140455033069,-1.2671734288092107,-2.9721194579784442,-1.650657908081745,-5.109946204604186,-4.659540861526546,-2.3549065784202714,-2.9751992692092872,-4.423520816721553
3.326546872152256,3.5290737505439975,3.091159954943838,2.8727019043878843,2.3454814854526345,2.365830216762151,2.4560257982085094,1.6219515675452119,0.11533670757895423,-0.31691857023603537,-0.8216454828348005,-0.8516913496521804,-0.5490030611857745,-0.9621574462535889,-0.1509047124030173,0.05068905308338109,0.25115193181953444,0.34537253614675983,1.0815785846178914,-0.609546624441441,0.34810615045752913,0.03692266119688572,-0.20549867427409912,-0.18767516692095212,-0.544194158094894,-0.8423788071514274,-1.210275454447586,-3.597186502729317,-5.975105984872654,-5.188465177527007,-4.0760230122564565,-4.4340727697889655,-4.720660592993518,-4.836598951115075
4.5449937234192035,4.0153054449805285,3.420369646847249,2.6810805157656676,2.4452129065110633,2.6300153256108336,2.8537430786899165,1.538339396114065,0.3032428741040534,-0.3656893980591999,-1.0601548754160708,-1.087450155161118,-1.1122631383004289,-0.5724484417923588,0.07387463472440943,-0.24955605220116867,0.26037894409113505,-1.424312340569586,-0.8274171775372985,-1.7237388050727935,0.5242178329416075,0.1916919188380912,-0.12060098371126522,-0.22463523938224822,-0.7250612201230257,-0.9880252004869569,-1.144289203812351,-4.38077991617361,-4.607819247077901,-4.208707874170822,-2.5091953384326025,-4.01584993322914,-5.347121116988144,-4.9567343180244245
5.054048229503103,4.583950900700289,3.629048507051381,2.9527186764682525,2.426015264312262,2.884020013227892,2.833277452078445,2.266632094574507,0.7991014410538528,-0.6105863193418533,-1.3316423671473914,-0.6510843761135843,-0.0461553875981974,-0.4734346223879443,-0.194130753314726,-0.7736749707139534,-0.7851935752431596,-0.7708889971556286,-0.60292014299108,-1.0766290591812422,0.5285824510250374,0.050813355555256255,-0.3343963323538373,-0.39257790370451,-0.9717234813523951,-1.2125114035557507,-1.342797544320679,-2.4989718787639155,-4.010673424494158,-4.627249215621125,-4.434909527344733,-5.319247495575695,-4.865217800434468,-4.250248896916519
4.52479353492041,4.674924504740759,4.059212467241457,2.8945990775236554,2.5097876625983955,3.348911458585399,2.585511437383475,2.79519465038591,1.5836346348652428,-0.05547761472893504,-0.7222741716580474,-0.18148765473065917,-0.11852965045958037,-0.17321003188102338,0.8972323356924169,0.09769351661345077,-1.1926612260268559,-0.8209074908327204,-1.0092377910466228,-0.14630152983488767,0.258014725595897,0.20696769169897,-0.3723426227503896,0.3334661593653608,-0.7399658474154649,-1.1409757770147184,-2.1055760216405726,-4.460822386847826,-4.900602036536083,-5.18009215168802,-4.5596376910083665,-3.2522050677619063,-4.563664090408359,-2.9951154541825034
4.093311917497001,4.312253028376056,4.006137008689199,3.549320315194373,2.9689241704291556,3.396459361182573,2.9189164871288944,2.1171255380115523,1.8533498004109112,0.008006962331250608,-0.04172861006978396,-0.31058741307411375,-0.36589656242341023,-0.03957681077564846,1.137976691766362,-0.7295023593213744,-1.486941871532468,-1.4979810865369696,-1.3491175828187068,-1.3509010763866578,-0.5817732276057308,-0.2795934531953278,-0.4650761478312437,1.3512076442980938,-2.301124015280071,-1.1885251230807958,-5.027984949342284,-4.872815620040913,-5.292517297454266,-3.980668599654118,-4.797444695352553,-3.931956736492591,-4.261628983838329,-3.7459346747390914
4.003289207981639,4.487717305736573,4.06398966919799,3.4896310628975447,3.3294918045538684,3.152155832064678,3.065219488485399,2.0478692336119555,1.5917497848786584,0.8936762292293222,0.30999051302851055,-0.09952980450835229,-0.3676154342454385,0.07735214856027851,-0.3177917037788033,0.6411488510565624,-2.009557407526029,-0.7513316936885961,-1.2781365203235646,-1.0004677353057045,-1.287698681916159,-0.18885893343952923,-0.38661421032929827,-1.631749148638758,-2.6826403284424547,-3.082631829563392,-4.640004336246361,-4.4595401391528995,-3.8671319313722616,-3.154979359859202,-3.002022598981236,-3.9928304161668633,-4.257402476151256,-3.637107528088044
4.136170716990618,4.336428555256606,4.159449801334014,3.6367932878196143,3.098305564318823,3.370192196114299,2.9435300567473677,2.52226400395311,1.4691581714411954,1.3995077946137597,0.6292376065631776,-0.04604676972544018,-0.03709145093613865,-0.07597621535587813,0.43854589928062754,-0.6974736716935811,0.10963012769774479,-0.11792863107123068,-0.8136621435131393,-0.3346936479525997,-1.9351414316557538,-0.19268375001420893,-0.41752950253095117,-2.0998580963819036,-2.1201952378334195,-3.2584818250751377,-3.020990983879044,-2.881339309823208,-3.576105224812294,-3.0139676868547673,-1.0953280172209356,-2.071835536577153,-4.368031357031426,-5.091954477556565
4.574782549580699,4.2809187933259505,3.9260290980100603,3.512706468850583,3.47737286629006,3.7948855257861625,2.6493516143565032,2.568521807848067,1.4594905766934898,1.1449352001824877,0.5583496003666752,0.11680365997121503,-0.2142982523918256,0.0400496742742769,0.8880740961633276,-0.26519684794016846,0.18299863558047094,-0.7598200801384114,-0.8899361000744225,-1.863778913121392,-1.9179054434730287,-0.5463558625183909,-1.219226550589401,-3.2817107458782524,-2.269806603684395,-1.932240970252056,-1.3971436314811683,-2.756024883393299,-2.6479767332770496,-0.8963044256035919,-2.262953398498642,-2.889960489036782,-3.7683531152065046,-4.941040664293057
4.395004071101682,4.342037461840246,3.877878696313034,3.9278680193999556,3.004636419503371,3.5428408573555314,2.9203846147108576,2.216300718757864,1.8555715742488987,0.7798583501575703,0.8972944426758577,0.6954543614086487,0.2224071287501571,-0.04217055406575618,0.5991372410227359,1.23414069432333,0.327631615898741,-1.085362756976815,-1.3088215250577517,-1.6750880183004553,-2.9162177042230994,-2.9574925233768927,-3.2226814132187878,-3.1048438965269622,-1.0354287939115765,-3.462642534069045,-2.24443691327671,-2.7336838172339433,-2.1443604960643032,-1.0767944375297926,-1.2111343214468644,-1.914252403181525,-3.886315808177706,-3.5136663129308148
4.341371595275656,3.9911794182232736,4.085441437976515,3.8783045718143456,3.0951774423564076,2.891551049010577,2.995185642737604,2.152194287412074,1.6108703004413591,0.030678442349895377,0.9166527742639303,1.374300167152334,0.6098020243645373,0.7542041134456317,1.3052134849066808,1.2567037024181853,0.9543595626360433,-0.6050942888051367,-0.4471531958439041,-0.471545702644654,-1.305781820139883,-2.3361578500746907,-1.9750953437685501,-1.5366497462329518,-2.348530853474064,-1.3748561021208832,-2.747203604006693,-2.0912154674938748,-0.548133059044685,-1.00362743092728,-1.0608395644332738,-3.4691452256843345,-4.061151129249039,-5.037305029450366
4.257192791082841,3.974108380267271,4.059689780040066,3.6695347328438097,3.01813597651473,2.8863706202569244,2.118729439895351,1.5448269314198255,0.78475816119732,0.7265262001261461,0.48717543387304985,2.0920960819845753,0.7607801988751036,-0.023765439304249993,-1.4995092431042698,1.1874166257021996,-1.0545229369589308,-0.07843507365961107,-0.4326400373609449,-0.5363912836287861,-0.5917566553520628,-2.6129123568706376,-3.9002069387130747,-2.208043095143594,-1.075607311615443,-1.6818484139500713,-3.4313050014183,-1.4021702593966938,-0.9215897520073674,-1.1800781985714155,-1.3846752261051847,-1.658013789349484,-5.928525766626017,-6.464210027326195
3.7857342404764487,4.253066528697532,4.436577589222297,3.989572227805668,3.063858109111064,2.570601010810048,1.470468434643569,0.640190576038742,0.5918291475073718,0.5387669674460834,0.5129582053150076,1.1050269583120305,0.5414605676529831,0.3072742771110885,0.508073632698122,-0.013998152005232342,0.42432810712888114,0.3518516176843425,-0.6482437158262617,-1.0536014939177798,-1.4808349096505022,-0.9806663307996483,-0.3797101832132499,0.12533118492517079,0.2827609482036318,-2.057896003945599,-2.2695365170037607,-0.8732300725036857,-0.9927669258580435,-1.0201069513872034,-1.7640183669121714,-2.898922090587277,-3.521858174081069,-3.214591845176198
3.803714492005022,3.633920661221499,3.759571697582484,4.0310243924978595,2.6709205353736722,2.121177481970732,1.1373306194439345,0.5424323446584647,0.4898764075057622,0.6848117097212302,0.30779281229191074,1.0652193911409265,1.364316158559196,0.6412040169010397,0.3154100032963332,0.0004372518534670723,-0.6521125031157552,0.043427194691624184,-0.19712408482548252,-0.68708359842851,-0.36207340377598213,-0.911555893990307,-1.3475532308324132,-1.5013705021790409,-1.3790239206282622,-1.310864681333521,-1.2687668008415678,-1.0750816086366628,-2.354528000085843,-1.412714773249563,-1.889089134526865,-3.1300637015979795,-3.4569060198970547,-2.7870086412214117
3.928572441779462,3.2166122452765853,3.126198312387412,3.06174615222007,2.079152460688987,1.162522059752218,1.7423339423298718,0.9452213662791207,0.21842508118238257,1.0549407416850514,0.6175389467678909,1.2494860641208292,0.39488849052738706,0.6047563912515552,0.12820350183876975,0.31355413884305705,-0.12953482733925034,-0.3054903841068243,-0.68768803140532,-0.11333231077719354,0.03504668962193293,0.2524419492582432,-0.8673742561248027,-0.4537937917318226,-0.9567874002475231,-1.01673644342619,-1.5138721928474266,-1.7570650307572826,-1.4248441944277401,-1.8618487398894372,-1.8643143410974528,-2.175337054028103,-2.660686925322192,-2.636275546651405
3.2858248871073523,2.6976977578189074,2.4121998913407636,2.6824467341716054,2.3181939586853533,1.8521694104276583,1.7633504303857193,1.464550329143499,0.8243502134545291,0.23027094556568775,0.7783869852500577,0.7891096701264732,0.38204643684870815,-0.27705246576775344,0.7686250479648006,0.2362614362991894,-0.4001190508799924,-0.07045136450214474,0.11549059916548561,-0.1644341932049851,-0.8151168456731357,-0.6747069766029204,-0.550338810546477,-0.790187800544177,-1.636112588972223,-0.6614792285802943,-0.8859902759171641,-1.6749188681696547,-2.0121573263968067,-2.534564507551746,-2.122871174948727,-2.0291834935084756,-3.472765704127432,-3.2434284952220396
2.6809133566665833,2.730098200914131,1.7745309376987883,2.1636927148409866,2.627482028989816,2.157476592218174,0.9761976723702066,0.4303016077605772,0.19109893979225287,0.2217119419064591,0.006271957211113187,0.4040963448344198,0.6556568019032328,0.6658173989504704,-0.22233951115008602,-0.6545709680513526,0.3169003662790029,0.1419475144330005,0.8407656141554943,0.18012163588261326,0.17743850745143563,-0.15206380023981556,-1.1502638011074315,-0.8877546401701437,-1.108251637845399,-1.1802422537461017,-1.6726545139202402,-2.386952461430761,-2.309800286733342,-2.5250213225662903,-1.3749883205197413,-3.2581053815419665,-2.828847308597227,-2.513612171966466
