script/wind100m.json
{"header": {"parameterCategory": 2, "parameterNumber": 3, "lo1": 3.000054539987559, "la1": 64.9999836372058, "dx": 0.5, "dy": 0.25, "nx": 34, "ny": 52, "refTime": "2026-01-13T11:00:00.000Z"}, "data":
[rows 25 to 49 of 52, columns 0 to 33 of 34]
8.398951074055939,10.902837298502302,16.2473414238485,15.472996835579671,13.495915677736045,8.100888481652923,6.399040393796259,0.7179754604388064,2.4299279117441794,-3.617122950130415,-2.6957583026672713,-5.170929756386123,-5.06671425698717,1.8246608598207332,3.2441778614341192,4.285520737504876,3.0980523009999206,2.107316445686973,2.247811992423747,3.0778714851894393,3.4623773295901397,3.9346732804578815,3.9030276823861527,3.8170411688238786,2.54694107059628,1.594595302736793,2.430470849480768,1.4021826771766006,3.5609245489578316,6.71948564813414,7.2785305247833545,6.689827134520114,6.727703473248386,6.644006412999826
9.297843542163424,9.785672857456856,10.260349796080423,13.344835978355164,11.393650531645122,6.266845224739774,2.4080234131040217,1.4654026814920238,-1.3454290665685227,-5.346880423343664,-3.8294091648370348,-3.187950679294542,-1.408380784057683,3.2908118315971913,5.047748877286322,4.760296172060697,3.653345184776971,1.8761829350696908,1.5037881432184206,3.457493434328748,3.9135457309050583,3.231838295976671,3.382194072982054,3.3980114343004093,3.3702891534374535,1.5862263735054332,2.4930387691028724,2.566896401176259,3.362694401245799,5.5727078953435765,7.489450961252723,7.496685943154948,5.509849142215371,6.341379937974112
6.190743867667098,10.221787951526194,9.517209299809085,11.193784560596276,10.146377919881326,6.736250252929908,2.3431651535988154,-5.224974974373112,-2.436402550215326,-4.748075172010177,-2.7632505970267656,-0.9014414746161235,3.190821096593221,5.826410610992563,7.411397273971602,6.926520135815781,4.8236545555686625,2.138551852643112,2.5685141998854712,3.2541510482143745,4.9633363572611415,4.608605624373238,3.522654035743749,4.29349280391605,4.375256456762149,4.238170399541965,3.7655864634657665,2.829728285179761,1.8338144711724307,5.265531024193431,6.0021778941252295,6.210175095630292,8.485494974591616,7.249741220890775
8.440339621250125,8.525994077166224,8.933516873713232,9.81569953787484,8.654287414719517,5.95503327445293,3.0268347192110734,0.05201350177389347,-4.219959208960575,-4.721037433165296,-1.9297708935072537,3.7551928406418,6.9263803358767495,9.191682239526106,9.393007058780512,9.618507594710419,7.526617091646784,3.628663197366067,3.879684218523834,4.473875989098935,5.560174935626422,5.794079331562858,4.842853973806529,4.618218644962661,4.319936521683768,3.8811933382345654,4.236118141273097,3.159267412297199,4.29019841451863,6.193485706601311,5.4670924286702585,4.479034884908945,7.294344581617594,7.486594405329581
9.150104211041318,8.966636943457692,9.834780053338582,9.374592445155528,9.071231656644764,7.498709163354044,0.32867346366948436,-2.236139710676052,-2.893419392950333,-1.616396095880175,2.7513401118429135,6.436295047002719,8.574826022235431,9.771994658019823,8.913976733279107,9.765682445179122,10.351919627749895,6.840405182443708,4.306361033699246,5.589240775812601,6.581361157887042,6.643764378478262,5.664411552307403,5.080772228202832,4.962700036861701,4.449196517322451,4.180326638064724,3.3908863644095213,7.923920201340941,8.343199807113047,6.691474927133836,3.6015028365359814,9.077006675636527,8.137381133995497
10.208303976928478,9.479818017072581,9.258684506472742,8.917446650082393,8.475839593157602,7.966574438774236,6.917570502038756,6.016500836662169,7.180903519202686,7.41037344578795,9.27042777858062,9.358262712738746,9.705612519125086,9.567394751355073,8.014799263197252,10.986275450612657,10.489188954067144,9.661477834559772,4.0323628824540085,3.868298116301293,4.966005330840617,5.296352731943113,5.622643247525601,5.221870964589301,4.446816422979932,3.6790894269620544,3.4463647369815473,4.397774789899006,7.055041830652748,8.375934646215685,7.390409075036742,3.738521748041289,4.5666118500541915,8.2244790012307
9.083824615235708,9.77946002303588,8.699977417094686,9.00394095665171,9.041793780784662,8.545930216657702,7.451327039398218,6.619155897289252,6.870286381511899,6.8839667826088204,8.570020971185041,9.346964371310802,8.961428551396132,7.477551252389859,7.955933857730176,9.683947234125464,8.713110440757083,11.89762425505357,8.321078463025378,4.716752176070726,4.545152963498469,4.278457022387019,5.024057587236154,5.217825637056336,4.729262992001169,4.137967809718052,3.2965719958213486,4.691735314695905,5.478725310879518,8.227374641171517,6.820275547761027,2.7450050156612082,5.204178588488509,8.173933405573374
9.25300823811137,9.286083148995912,9.14151251913443,8.956995990885757,9.25084165485788,9.07839174850762,8.88390111399247,8.306713341201778,7.684252174093347,7.643049407070723,8.021797466012575,5.577795201128695,9.51371066882845,9.318553747823852,6.879688963937191,10.554261589737868,11.819749144877825,11.923418866952835,9.87199816375871,5.053244970915826,4.252812153393362,5.104104292866656,4.639880900036732,4.507573706838766,5.038157742514424,4.352002540621064,3.883886949069734,4.315310703326413,7.4280522639314,7.764923644322026,6.907530528152358,6.467666952459131,5.688797673597206,8.362139556137956
10.087812074024875,10.178683450809135,10.088706755824425,9.702983438153488,9.693122505457328,9.299733725712763,9.11759002242024,9.139494119559975,8.638723035376664,9.367624028295637,11.198140055516163,7.845565710977615,8.538507173145744,7.401858504167954,6.7444795768651264,9.219691766626601,10.281694862991069,9.808677019144334,11.304483821516206,8.018708935299788,5.1632304319572615,5.614154613914437,5.047020554521848,4.350446542445886,4.109741833738936,4.150104242405001,4.145561623628477,4.0972019195516864,7.606171132960113,8.315431965571223,8.26813953280059,7.019364074441284,5.627707734826549,6.960745312971141
10.350338874198014,10.299214251540178,9.822573552892445,9.58635821837305,9.47218802065055,9.125023848470871,8.973165546509382,9.753317903611471,10.087928661145245,9.913618126274125,11.04063070983944,7.579482856972974,7.548041546457199,7.753332547857339,7.204491790531117,8.76364634719603,9.942456817684988,10.50347492987308,10.833923468264379,7.397539814722389,5.765286168909299,4.810201996401299,5.702547776290103,5.511473803279848,4.696096536573458,4.057293444651999,5.299952810675598,6.192221708513609,8.073365126946536,9.160180635114848,8.857160388871154,7.59806780115691,5.986429632348178,6.952103746252362
10.620787265578732,10.845496542036619,10.53187696821349,9.480599822778016,10.069438398013334,10.150348376167017,9.647126052074794,9.128565605180588,9.173967514869673,9.400022652750975,11.351438458562745,7.62100944115453,8.793532774310941,8.006503111870977,7.043395574712064,7.391999883313654,9.599658243457636,9.762459281601897,8.312911057335262,7.314418517596785,4.879795501825185,4.665510914877452,4.820115290591203,5.8419590091063105,5.851814467205366,4.841075990885019,6.783553224070523,7.91166792633642,8.424950995467654,9.575344006933246,9.295479864274492,8.086994410307835,6.318011998814279,6.345909385753466
11.551437910637905,11.735058462082183,10.81537781570118,10.230768456496804,10.672271007395436,10.271682598051756,9.615345514740856,9.933502377524377,9.722690587180793,10.406935991711928,11.183749311797136,8.825594799673452,7.647346741608662,7.594806344656993,6.219109807423528,7.269359976909959,7.979843044506882,7.612802201989253,6.179692459618081,7.423786182297901,6.189580395440386,3.865052675559698,4.75749590776456,7.024274741888002,8.760394650831293,8.740428220610523,8.574901215703033,8.408767613117142,8.4307790826883,9.538564391698682,9.503069836073818,8.062212827216303,6.713399704983927,5.791004094016397
10.694576310211957,11.3058672097513,11.361362238448212,10.03975297553,10.162170387694479,10.111328574839575,9.626595981551505,10.109383866155671,9.681242947948933,10.123999519229194,11.14394311967229,9.240819476640008,7.930731713562171,6.203767119629697,5.979920787846856,6.427397299411538,8.02560088367983,5.548257378566089,6.5718642956445406,5.830613074543588,5.089442574834596,5.401715307959033,3.7256208977781724,7.180803566145111,9.361714613211495,9.415541579757795,9.291372821718006,8.683654851383453,8.292409972131342,9.332131754249065,9.666312088182645,8.491644741042819,6.447165689530941,5.556087346540138
10.768124312517996,10.309297918864997,9.789404422074767,9.719502513623455,9.532744840209814,9.360845728916518,9.345482564400385,9.296113693325031,9.171242537332676,9.253239183080758,8.918638426791043,7.022370013038876,8.643487177796914,5.320966354988358,7.0636853309733905,5.94936870936594,7.799864109992961,5.663461043226883,5.305915789234896,7.199729292392517,5.8054954863874135,6.1137682693031925,5.248093768230897,6.418570476654863,8.52712636528211,9.768985003714278,9.823403675183263,9.092290739862156,8.118726090180134,8.051209135473972,9.660477832997781,8.412295942353246,6.542207758276495,5.202068343464188
9.788098041455138,9.739096719441342,9.423597036496172,9.109474795783301,8.961289618253534,9.141165176499854,9.279631333448704,9.623107517616418,10.257581912892967,10.82943242159817,9.903953791759339,8.912216975853386,7.602402648818872,6.023152856506598,6.226171391448088,7.0495324684099,6.73326219329688,6.2652054347833035,5.946037610524101,7.5079864867305774,5.755653040665221,6.801877331254828,7.408405287982035,7.734111923506446,7.100545578997734,9.641162299056012,10.091852131415381,9.05494415421298,8.404936944894434,7.170781694803563,8.146697087354253,8.27171663075429,6.560906477708362,5.282030440099409
9.001393580927612,9.4486671766378,9.124944353636694,9.139279618297145,9.526213433936812,8.549759336574137,8.444625515493119,8.605318281452394,10.08088429729826,10.135631328363935,10.484534723499868,9.41591146171672,7.836940572376026,7.428293709848575,5.451764480865836,5.922934353714166,6.457535249280006,6.338435690460547,7.197665835914363,6.66755622224904,6.545064847431019,5.857424110234666,8.776849893097394,7.6123662568636,6.766009594346048,8.754068863607896,9.055713138810916,8.946851719316205,7.760288564024295,6.4060763907914895,5.89156020149147,8.086376653363873,7.1313252302055865,5.5440848784655286
8.700860363414886,9.11644489756451,9.509298885478364,9.11807029171755,9.618368579828505,9.32228538065647,9.831994538456462,10.749090237971789,10.108827044363725,9.548772174077103,10.522054304653755,9.758741875920494,7.58531335013038,8.633117008771787,7.40328926187725,7.57564727855676,7.600637241065176,7.147350042458919,4.659000908917295,4.742940327615752,7.157856053198475,7.473100533239014,8.249852643519132,7.6445896342968584,7.659848256795904,8.407404600792558,8.552225267508227,7.800269278720766,6.69377624435222,5.061622532760017,4.644924538401123,7.3192231620077655,7.045668401867849,5.216052227077985
10.040231541671062,9.28410291514519,9.585906823622606,11.0164333870107,9.645886999629969,10.491304466078732,11.913624053434685,12.024559605225347,11.049554829971706,10.326402180972055,9.462778710926692,9.979535963155417,9.168147611218918,8.136073232782138,8.277528991591513,7.351396636428014,6.97734997083984,7.897232962168849,7.238445125506613,5.549617464348453,6.2277445273461645,5.710433121126801,7.602982907421338,8.00036635327691,7.7080428507477965,8.322986108544661,7.900297099293043,5.798329734104481,5.265527936743042,4.3533000234116805,5.004344611614972,4.443353880560343,6.325981727840332,3.7172553462414903
9.63610991016516,8.302680277896492,9.67455046948374,10.840921041453985,10.59800838484588,11.298035324397548,11.056038995263041,11.538958117037446,11.709268584493612,11.056262043598759,9.077751171195207,8.846270772812987,8.323887543335598,6.455996210546269,7.157556137962218,6.496615938872889,7.337330295339936,7.787680624222738,7.614407350121628,5.267935404754859,4.907421232077222,6.478213859640029,8.00525913793154,7.803676706312855,7.884267788587816,7.117372700955233,6.627495787785881,5.074626938748457,4.8663228475199025,4.003625527893875,3.76054619478869,3.974944788927201,3.9489544191619275,4.7670351133557896
9.438494995743428,9.749830874780463,10.39090368302729,9.953783427861731,10.998399143630008,10.872387940157468,11.133534108318536,11.19976753713074,12.040501887831077,11.626640799491176,9.415318966360294,8.879568168108984,7.242025452355042,6.664208293520256,7.762150508003111,8.01800286543609,9.045617072889957,7.490348911188234,5.850268942780667,7.024081052823339,5.877510177163725,6.001899927569295,6.487377345244529,7.334091594597481,6.090482437115155,6.177369496671228,5.270939173225512,5.770216382836799,5.189236118133638,3.215206698260545,2.1039056009213137,3.0668612908880752,4.072596679908286,4.119865409363186
9.965236350194324,10.286744431790856,11.056014735501611,10.667865944572887,10.998389512333297,12.345565957611962,11.754377617526334,11.636162835298595,12.330182730488886,9.12860015396638,7.920967445446766,8.682873691417079,7.979392585995397,7.16165966138136,6.122602485830554,7.952712512013372,8.757878779675442,7.248751711964145,8.035307577443882,7.533973406649766,7.289497136411063,5.340168220793274,6.023042122962642,6.693833365995553,4.897303626809299,5.1734805527413465,6.08865414980214,4.64511718076249,3.6869860631949227,3.167933110096927,2.1796396098484947,2.5434154014101042,4.03792547030515,3.1713332736810607
11.010669154076737,11.736926677527439,12.518817248923314,12.5842654705847,10.464259803180063,11.545856879385052,9.930778922134335,9.431380685041582,12.003071175009522,7.902998114148152,7.155201295407623,7.261364501472744,6.692063520255503,7.609891142727057,4.213167809076932,6.810649452941068,7.277849105119738,7.008723609734711,6.563253381719332,5.3091494471052165,5.642644580636274,4.322740052282737,3.9526233378802575,5.320687954339121,5.784275549717682,5.83636609042819,4.684801247785134,3.2789258012637954,3.2899184826789343,2.7050579010167066,2.287347350857641,2.0810818315577677,3.4728331635596064,2.915488029177179
11.582069999869878,10.554798244576489,12.608109417879383,13.160580784277462,12.4390107368242,9.942805852834038,8.136848863092212,7.994488684463035,10.097468776876159,8.178691639550939,7.816340756254961,6.21029300666548,7.113921877190118,7.153837622564934,5.575734506537363,6.333393782007567,5.666846110563568,6.85627729018632,6.279753503906468,6.055886939322004,5.1467025959909485,2.274698698782123,4.895249156407442,3.066454499410591,5.356960600303677,3.6979920797661365,2.9532368525998782,3.3776302929461015,2.451345754045294,2.6564534716145,1.805698034952647,2.745350106533262,2.8717264874039,2.545030797953202
10.565180832796868,11.44255052004104,12.871553577191754,14.320582205883353,10.832012819821818,9.657249285244262,7.677560118836925,8.402140745056181,9.552371466680029,9.268914765507013,9.712064886785498,8.15342827242465,6.558684550386266,7.639111181348656,5.3913375861298904,5.971137806629366,6.335773884620054,6.7774883759542455,5.773983854446336,7.044954593669156,4.555269986029946,3.58984182221316,3.979436984929848,3.7334187600309225,4.162064622482314,3.8706402777556153,2.715252382922454,2.498803657058649,3.475500307012334,2.897687038454231,1.9679549905529399,1.518363631073477,2.831374392751166,2.72209200879578
11.423064794516975,12.730677384548306,13.737960866026588,13.588053650941566,8.654112616516246,11.580063414814036,7.829235841206238,7.981491435412922,7.675932610585195,7.9020825162487185,8.123438162676216,8.38344774272433,7.761444566806152,6.581364039848414,7.674053503107863,6.22091615702527,6.341616299627465,7.191661839476828,8.33582418225902,5.911359199520241,4.937819401247384,3.5798900964574187,1.204769470976569,3.23561205961344,2.717839575547075,2.2689943508109516,2.4770478722485456,2.558434264294853,2.870475278207906,2.2272515737187617,1.6810004477442666,2.238411261396909,1.8113426618486745,2.8006092672492375
