script/wind10m.json
{"header": {"parameterCategory": 2, "parameterNumber": 2, "lo1": 3.000054539987559, "la1": 64.9999836372058, "dx": 0.5, "dy": 0.25, "nx": 34, "ny": 52, "refTime": "2025-04-21T03:00:00.000Z"}, "data":
[rows 0 to 23 of 52, columns 0 to 33 of 34]
-11.304788851274825,-11.657385691612486,-11.50576732150754,-11.349434719168597,-11.249264375311643,-11.238467705202497,-11.14716305068666,-11.14891186264682,-11.051787764521157,-10.511359426219917,-10.228072398907736,-9.55687143775252,-9.309884183813054,-8.628361734038407,-7.761791735721692,-6.915504592432317,-4.320457583771731,-3.3339696106859424,-0.17241154913150586,-3.8158653325373146,-3.6687877311442914,0.523806497490701,-2.9778371767090612,-4.963155275932488,0.011794622590864329,-1.3108278397054272,0.8629877218433604,-1.1648138917179485,-0.7867880533471091,0.5945576825079544,-0.26400333792338826,-1.4709470164733538,-2.426942132136337,-0.04145159620038794
-11.443764220340055,-11.704522582798951,-11.567476622546604,-11.4285467155775,-11.245399828319178,-11.385367663114403,-11.114658227404616,-10.89941352997614,-10.572150220004044,-10.0665065981031,-9.72212957411761,-9.400569968808682,-8.679367974621622,-8.242046785417656,-7.593857960603581,-5.4164002318924815,-4.154259541556182,-1.2233968266809947,-4.120698449679894,-2.5049863837047406,-0.9742402330422392,-1.5220380857772835,-0.9965788552310899,-2.667049522578984,0.7284376817024955,0.30517623809307304,1.487123895748534,-0.12819045568272305,-0.6392794125767761,0.15311147920877305,0.8811818358321559,0.86161608300215,-0.6700358580743425,-1.3033333282946078
-11.350660706524655,-11.552686372649326,-11.498438797145333,-11.399550519754747,-11.360725403780297,-11.343477795077519,-11.036791131029767,-10.481566918720626,-10.224969350316567,-9.981679677022928,-9.497315180009636,-9.139043240588869,-8.586450886380023,-7.927190080733519,-6.888931235898531,-5.764311669291231,-3.144766146987792,-2.4613499990544403,-2.948822604850179,-2.7112790673276033,-2.6779803129652975,-1.0814541803362097,-2.9189749579939432,-0.7846379011546827,-2.4856776599441117,0.9406295572389096,-1.6622883159298434,1.1468289043060298,0.30556528395301324,-0.6472652201768969,-0.4054230465637791,0.06336895392182017,0.7199390777073331,-2.1458526467498444
-11.587210494649051,-11.548619773888113,-11.21649836530706,-11.231851757510139,-11.120515537400921,-10.965873535861945,-10.934221179082183,-10.35936916704923,-10.218038954107577,-9.986416574654992,-9.47422531530926,-8.983449483637708,-8.297972503992577,-7.235245262870291,-5.805819413119827,-3.2720981514304173,0.05019782521174999,-2.867612282685939,-4.9993759092159396,-0.6421982530645516,-5.22164748164783,-2.196297505853678,-3.699816446505067,0.10792775732011296,-0.8841719736431548,-0.7479115825472122,0.4942085087175135,-0.14919893603639123,-0.9904554826852625,-0.05351412147002534,-0.308771246253076,0.042466019728523166,-0.20778032903611202,-1.6153087374197355
-11.313927042327366,-11.315877369688,-11.029802679215564,-10.581620515723621,-10.9288542293315,-10.858211804958804,-10.633300366589879,-10.168021562148615,-9.960937919585973,-9.924136872546065,-9.43118266007623,-8.68176825892107,-7.87488652672352,-6.130509941247278,-0.10525786478303935,-4.322754930979573,-1.683002847366385,-2.6463617120064704,-1.8345968825020487,-1.925620699464199,-4.888269098439437,-0.2755812323379415,-0.9633664889188887,-1.8299778496579175,0.2100657431187208,-0.9891936683785189,-1.9188462119923428,-0.5641992711449573,-1.4920890343116495,0.32522983870562194,0.33272069986129715,-2.126996644853812,0.014703873114071873,0.30250954442339956
-10.965756311446553,-10.981963356356108,-11.05343645730109,-10.347040694786633,-10.804158383827293,-10.5946555516735,-10.313832902071066,-9.974282318568557,-9.647545263211795,-9.408965003760008,-8.982709573533985,-6.947022170230168,-6.441467234430706,-2.165662015430738,-1.4633664980335386,-1.4549690553558499,0.5496868296857159,-2.465836133143845,-3.82106798196764,-3.3228723939937836,0.644039345801689,-2.8852019329730725,1.000597876988457,0.6708894093570437,0.217728759098555,0.31204176112238796,0.09445159551830232,-0.9466967059466359,-0.7179785795902913,-1.2722975730793125,-1.1639040294272607,0.4387506134817181,0.5915619890353284,-0.2304335910079238
-10.913442628806882,-11.083775567213674,-10.745439836331242,-10.083054392113326,-10.24296224613321,-10.362564873790024,-10.082884427292953,-9.480039293111458,-8.992841864076743,-7.975380830373562,-6.273521615796377,-1.8295124000040777,-1.577853104258596,-2.823785035897179,-3.258265465281009,-3.5219898995237786,0.5658532055309856,-4.1555478182326,-3.2923821749293314,-2.3334353846898916,0.3031230622405626,-0.130197893686638,-1.8181564574853057,-1.5378738624681754,-1.4349086510872007,-0.26107784137144574,0.5672558248421552,0.21551885017360278,-0.5119370708745816,-1.2764103101680673,0.028666796813885283,-1.2794758297282662,-0.6441379747320333,-0.26640934382908643
-11.124838573002506,-10.880122814044158,-10.153519567187663,-9.665784724245798,-9.477702894762063,-9.56555948751059,-9.226976588989926,-8.14797033833901,-6.783164318848592,-5.1860511622974235,-3.1556248529158593,-0.5912778974667788,0.9256716749485682,-0.33164559078934547,0.20137329130114237,-0.5734740354129914,-0.057003330320944526,-1.6130795374403673,1.4810376339339375,0.017873438610939794,-1.0750161724914822,1.1959434818004566,-0.8330490752447013,-1.6839511763856907,0.6388668588701277,0.17375585158161613,-0.23244436135652155,-0.16113076527840886,-0.09055682319268574,1.4369093968501976,-0.2704121357392423,-0.39763056913958744,-0.9640452513673661,-5.52491373303493
-11.134673915193625,-10.455205943780065,-9.518270444340166,-8.61724972490749,-8.068089235300036,-7.866995785256818,-7.590251678199686,-6.684219494461688,-5.5413575291751505,0.20082064002947608,-0.6982582529550369,-0.6727505048623288,-0.5386189985609925,-1.2195210649316868,-0.8991575938892322,-1.6386475131369083,-4.272337012827541,2.0153318248101093,-3.996518204820128,-3.337264844867988,0.1801277662076203,1.218922056813422,0.5507146378849009,-1.298084806435244,-0.16168319669877115,-1.1383791400075547,0.9238170534931623,1.6912286684260864,1.041232205151782,1.4823925099949098,-1.6479904364001416,-1.4247919683743844,-5.249805401550887,-5.679769592917391
-10.170350263334392,-9.614199590073634,-8.469987628353046,-7.2685652336637565,-6.217792809387868,-5.79416799691048,-5.459494257809308,-3.2265491745703856,-1.6852610851245033,-0.507437776747454,-0.05317655404974658,0.18194022496304546,-0.022924857685062344,2.8546627128880138,-2.820621008183809,-1.286641649933519,0.20557072501162701,-4.120116474185656,-3.5219854685387135,-1.1258098186764804,0.4519076593742063,0.29154661813689514,-0.22834631795558688,-0.27068892783101217,0.9997883464555823,-1.4741568245465348,0.3085163715647185,-0.8648252192940205,-0.7331526434951886,0.05624554926065657,0.5549356878006454,-3.7411215030706955,-5.885716050841515,-5.7141175325563
-8.852784318317273,-7.6843937362817405,-6.772402777699423,-5.307973733258446,-4.062924600864774,-1.4083683731520487,-0.5934371056851453,-0.4606159947939933,2.512106542447163,0.7834948941153651,1.3625148385286405,-2.0901510242601757,1.3084875446087774,4.64186941330484,4.483266218289991,-2.8994894828552114,1.042165289775026,-0.4956746973429899,-3.8515803668523234,0.597353395043163,0.9140257794497242,0.11615592803792496,-0.770265517126028,0.18378469842340597,-1.125612197471013,0.8984228012456553,0.8653913751448363,-1.2797315206257924,1.1069650327018958,-0.44816151765571316,-2.278258347130995,-4.895373382426918,-5.242461090827057,-5.143698330034818
-5.74392659388864,-5.623622095716481,-4.697933238203214,-3.115854931219578,-0.6063028377059833,0.024162180537900365,-1.6097146445779233,-2.3165265720101003,-0.6743755248133181,-0.7750920817752905,-0.2579467020782612,-0.6872443781119704,-2.51908468783671,2.689249238094484,3.099760960774976,-1.0572580922227357,-3.2016289919412015,-1.4467258375730352,-3.4631752678033654,-2.255689882940154,-1.4663300907477679,-0.765386188462587,0.8684202553766006,1.0265786397605556,0.4510570434709118,0.04583199432619977,0.051419849780429044,0.2710429653112799,0.4334781451847096,0.12689151315951172,-4.368104627773883,-5.280793914257789,-4.512341374297607,-3.8631331151746506
1.4818870882050652,0.13903884153097712,-0.6829317951042403,0.38033980567271636,0.8318916359913678,-0.33174138013407634,1.4451026322768166,1.2383664566077792,-1.5596598230514973,0.13402514374494692,-0.8597815301427018,-1.3555874517501658,0.8816296888174451,0.17473917074344253,-1.17192666106766,1.9158849440561103,-0.9024800802570832,0.9070304180818163,-1.1257911905381022,-0.2824784040022769,-0.6506973319364877,0.47751143619206665,-1.0879042207096457,0.7904999083575598,-0.01614631839529506,0.8948551215810955,0.5614187398211308,-1.0254980252824486,-0.1764451141629692,-1.8388602179812688,-4.312179836824754,-4.09546005578722,-3.8848497926445713,-3.47446611941128
2.275577435904866,2.46798426511465,2.761308023623784,0.5368654145779287,2.3083950038645624,-1.1870928497607174,3.005263564117687,-0.6513800980841116,-0.5146787907056765,1.685090953418544,-0.32342794758683013,4.298665929472254,0.8573901416854867,0.5019433753538756,-0.5189738340221469,-0.6803283853000439,0.2685810700117239,-1.307151155036114,-2.272383049095827,0.36756491900937044,-0.0592373968895976,-1.6887753630534033,0.4608336950198659,0.004439930523229116,0.8666812669621508,0.1886187384792752,1.3093042946658018,-0.01137608162462157,-0.15844653285387042,-2.9540160458166613,-3.5343146639708087,-3.495531465348783,-3.631733081786694,-3.882881601007313
2.3097586442647895,2.6363281716738394,2.153564291813647,2.066997157300582,1.3702054824978884,-1.184657027320487,-1.4238249610301157,1.5122234947344342,-1.8118159267227965,0.04095861534900927,1.0270760122034603,-0.5462276501479439,3.919759343296939,0.9871706948202078,-0.31900341060945364,-0.06145227362994245,0.5765312558182205,-0.42162785366556516,-0.2129268321165719,0.04786639197940968,1.2484407454693653,0.34763143077709285,-1.2660253407111333,0.5401274680153189,0.24247780544812428,0.01350828051044925,-0.3319072080512113,0.5869044440233661,-0.026050686806617984,-2.2299859404274174,-2.933746096655123,-3.419453653248427,-4.640871916107492,-5.597945975408078
2.0529602584782833,2.6082345840292587,1.837348239709426,2.5769152220217215,-1.6681856253259906,-1.5583461766432987,-1.5987945384057187,1.7019767763469063,-0.19145031333025442,0.4006069432765149,-0.6566303934671157,0.5550827005269608,-0.5456793611124188,3.223646903736089,0.6650759670218295,-1.0854079878877219,2.3025061025984472,-1.9974486817649075,0.36268767346173264,0.9038813494122963,0.3111300126673748,1.109585694676381,1.2409179763381348,1.102609925583138,-0.5797985170573197,-0.04853516894845762,0.07028833835842706,1.3377221257314182,0.19658290079979443,-1.8682857573336145,-2.7736927875106288,-4.438705925992087,-4.870003345058725,-5.482156706784479
2.1988366717237193,2.7409204190403886,1.807489820672323,2.3033589243444244,-1.2737943958832225,-1.2766622971311516,-1.203927892353117,0.6121921567003941,1.1653887330600716,-1.9783252472639932,1.9108228878257234,2.1048241376762706,1.725202623691056,0.9573052240962849,0.9259915013490986,0.1688005430465855,-0.9909482914998676,-0.8043172349113832,0.5322344404685961,-0.4776049420993306,1.2720892838253866,0.944173943217725,-0.19818767846569793,1.2235358760956307,-0.23431026737852473,-0.04321594416342117,-0.32291003624345793,0.30767940054399284,0.25295138115329074,-1.0161809400303075,-2.9383939399653376,-3.9281302804971343,-5.174817818300236,-5.1774494378356835
2.5889628876596564,2.5679143845176844,2.3336185219533716,1.7095837691444784,-0.679062739819106,0.19684538493514966,-1.1986701625266913,-0.6851887900497903,0.6649555427788162,1.9444930245038317,0.6778237780603528,0.7629057571663785,-0.8444328968232433,1.4900303755977675,1.2049945334642178,2.2787970985453545,1.9124126105556567,0.2733913860246239,-0.5810514298565972,-0.7077663896776246,-0.8458900307720503,1.374830828339613,0.6413535680372913,-0.5676511201005567,0.7270931592548823,-0.31518278950449136,0.03196131487923989,0.42549931251205,0.16123140286877646,-0.18224036762890666,-1.8867151296334685,-3.9224158225359513,-4.786768798248593,-4.49915309711551
2.635176509314052,2.037753644983423,1.5904945965177235,1.370280488743335,-1.0354263148125227,-0.884761547043234,1.4419157032814383,-1.3234241065564358,-2.533940707198826,0.42506786828442233,1.4846506682825318,0.0033454881874791314,1.2229832133167853,-0.5323195397552974,1.7127704640297972,-0.830550448096807,0.5315976937154948,-0.7241420150021585,0.28125928625462043,0.4140258521648517,0.3866202997757035,-1.9596288903062542,0.17117171055001026,0.3074226458946628,-0.6717625383559183,0.6938622961497103,0.24187310456892427,-0.18053951433033338,0.29658302022145644,0.3053058948013238,-0.5344786882092467,-1.3327613690093985,-2.4158031616392748,-2.3719086903227806
2.228666342465968,1.2439342820004282,1.0270569668527068,0.9282424592791031,-0.3391439955542377,-1.4625327971496769,1.2128002639558921,3.145588508709206,-0.8542130354011058,0.7854000488122085,0.9048336561369951,1.2397790905914141,-0.9949063321046798,0.5131462965921066,0.1592191858704789,0.7573695856522569,1.2075488548082545,0.10478166439299341,-0.3390828564367792,0.907793138080791,-0.642590802078558,0.2765978231184169,-1.5822710086061809,0.10001462849323053,0.6652999670797305,0.25842029268936917,1.2780462407286395,-0.06916373050292811,0.359948217914038,0.40843219770989103,0.5335130283150444,-0.18597228982556893,-0.6760536476536475,-0.08873784705186168
1.5707199424100544,0.8867809371802357,0.941692532003636,0.4685491942178326,0.2691156649131714,-1.8743051829477124,-1.320326097366843,2.00477583603899,-2.8183459149157484,0.20051202683354824,-0.9045136134694797,1.005384079545408,1.1973639243862406,-0.3014404953284037,1.2175457702249897,1.262244854624776,-0.2613456458622334,0.46429163329263445,0.5231596194228206,0.035553052646269775,0.31834818427951667,-0.00811047073669562,-0.0649514456769481,-0.30109773000996237,-0.051767817619040195,0.4813739549950224,0.304842261713124,0.277977795689116,0.17242212887989122,1.0649791552766512,1.1902858286773683,0.543523409139862,1.8409559295842672,1.0639786840775336
0.94370879102655,0.4520519806983257,0.5988688820747078,0.47105332105855,-1.6500973069077123,0.6514994714779087,-2.4556236378434617,-1.9919494539222873,-0.11923401337531829,0.5963080858570359,1.5250411094591139,1.7587212155882581,0.6594395277228866,1.8657226926428039,0.4086719467026574,1.3989977905209072,0.04389187910261143,-0.19453569019754688,0.025103099015422223,-0.36162009932802475,-0.27624761942985804,-0.15122416291150112,-0.056002275948131036,0.18311895991902644,0.32042063800912773,-0.24094781196850895,0.1687564849690265,0.3315273218994606,0.4744495978443773,1.193355987203138,0.9756452699070189,0.6868892701762495,0.9239745426420133,0.9177458815557035
0.4356039818118931,0.09903179848368035,0.042793948885580996,-0.41157412588903536,-2.108314434891604,-0.9902152726520482,-1.4858045887914764,-1.8700179612484724,-1.5924057885127523,-5.762986338636991,-0.6590317112921309,-1.6292584029641248,0.8609851918332688,0.2916539510344135,-0.03338149367543786,-0.10757770915801108,-1.391523720041994,-0.749277294309214,-0.7422207610328445,-0.10353192852532252,0.15042053798600213,0.25533860845440326,-0.038420541911051306,-0.9915881274751474,0.5627214396051429,-0.053006333162974234,0.033310731859755485,0.2113462986615875,0.4818245794449412,1.019164149472686,1.3017281229543691,1.0013403946042472,1.1360864507773178,0.9746992940444682
0.36366998307110376,0.22623454905238688,-0.10623715224293383,-0.40475638900550764,-2.2002704644051017,-1.704028193020715,-1.2783724611328022,-6.861469433729543,-3.816506003073337,-0.45667405977139663,1.4212977905289135,-1.1719671202860638,0.6260811812226947,0.38386551342526565,-1.1915680405151976,-2.1909097487752933,-0.6921432326498331,-1.1315366926322823,0.12656937248207126,-0.4010729998417772,0.06329773722530088,-0.01574036672345206,-0.2728970051921681,-0.1857613330475438,-0.05362991692776622,-0.017232637497030114,-0.26099717464900596,0.12839681945335685,0.5254475437222004,1.3038808588507729,1.0673021329494485,0.40923430365645974,0.47435949570531744,-0.17007767073081487
