script/wind10m.json
{"header": {"parameterCategory": 2, "parameterNumber": 2, "lo1": 3.000054539987559, "la1": 64.9999836372058, "dx": 0.5, "dy": 0.25, "nx": 34, "ny": 52, "refTime": "2025-03-28T07:00:00.000Z"}, "data":
[rows 0 to 24 of 52, columns 0 to 33 of 34]
-3.27196619123613,2.079400055183837,-3.399455041094803,-3.2459095573339325,-1.1065478164212093,-1.4402622298538235,-0.2550940398423988,-0.7048319768484567,-2.388292934192991,-0.11296214314184291,1.3662644834341269,2.619242631674049,3.9633481590676927,1.1946457964279606,-1.0363772923228496,-3.931096500120223,-2.2157076954555883,-3.369825384001846,-2.1752983739027334,-5.46202493968999,-2.631990502151804,-0.20128813950479643,-2.737850622515362,-1.830047894402451,-0.4642546224474298,-0.7469611100060974,-0.5214410923240519,-0.5525807840595148,-0.17965397533565702,-1.1839438647288498,-0.8560217272027061,-1.4149900207039339,-1.2894253296319007,-0.7460078706575576
3.903452398514438,1.454744352265386,3.306154466029167,2.8133399225439986,3.7607647797488717,2.102747155117033,-1.3747262720577866,-0.058506817179183275,-2.1075352898882076,-0.8080099342556488,1.532717027015383,0.40309220861152995,2.066652922039668,3.266538597159861,0.978260171684767,-2.872549153448774,-4.312173748801275,-2.127424603069335,-3.9696975973988513,-2.24305915017573,-3.4311349063554326,-2.480593988669011,-0.5015672208167085,-2.9952638395625764,-1.0226949014207887,-1.140016607687302,-0.8695483209195453,-1.937622955042178,-0.7980795058473824,0.17345406459544338,0.25468606438008584,-1.0431701108989677,-1.1783001191984406,-0.9637485611650607
3.5994391862820807,2.9851175049396836,1.9150288376847917,3.081910997671814,2.0545443796978686,4.299265679307402,2.672479246704745,2.626248578260942,-1.064515987352063,-1.1958118316751674,-0.13044272548112734,-0.8886762952117367,0.5477085702090468,-0.9555302329341347,-1.0987082195132991,-1.325002863954525,-1.5789907301932158,-2.343597670829351,-1.6583985452950163,-2.5037836440216483,-3.446323939502966,-0.9889842828883163,-3.392186843501871,-1.5333009439554268,-0.9347286647846936,-0.7610422893735519,-1.260060111266177,0.4304903450174599,-0.7791013660012607,-0.08444859386097382,0.5651243777740282,-0.17283057664471996,-0.7492394101344014,-0.678445910345701
1.816622358790477,2.5036532900843422,2.3862669684558537,2.6007177759657867,3.4410527011968455,5.280614808399967,3.1082269277590022,3.619310113454627,2.0492415639738444,-2.1778473839300325,-2.2966980388554656,-2.5168777045336816,-1.9716248034642576,-2.405366698839977,-0.6887519026794806,-0.3369449907640518,-2.200640038630726,-1.4372507145518183,-3.506867616664914,-1.1551478293140787,-4.192403656100887,-3.522202003821206,-3.063099530173639,-0.3738165164951497,-1.3822353383910209,-1.4507983378959566,-0.0431506530382062,-0.6218545961753227,-0.9763526212914596,-0.13001707484213365,-0.1114272691358941,0.37600892429098876,-0.5349762721174266,-1.3914632212163036
1.2384253884758805,2.0602580731260236,3.128088959859424,4.489613628681283,4.14404284799016,5.4480546732359665,4.431918052208541,3.023565989933712,3.9184165015105608,2.184474202173155,1.1617237431864276,-0.8333034539565538,-1.5022142435258286,-1.4786420102354965,-2.1185204253188665,-0.8613980096639013,0.27606009083496935,-0.9496286566411622,-0.2596468970077059,0.19859812394608425,-2.816727340802133,0.10703696160956426,-1.1594315312313157,-0.7572901380957409,-0.46783602425796533,-0.5729350126328638,-1.3409869653137516,-1.4713112362292462,-0.15149246794397145,-0.45716846197682226,-1.0466207226568238,-0.19097612225110128,-0.7569519369510461,-1.078734845068702
6.21545681522558,6.78329147248466,2.2766299757884534,3.136311036221897,3.9512602543769373,6.335989815958416,3.4691406163565586,3.62099538100349,5.039330100717347,2.451568403643812,1.8190762004300303,1.501115023601266,-0.08113653628220253,-3.367007866288053,0.7188365087751399,0.5572992833890416,0.5468234690100419,-1.0085263390460706,0.06821172314313716,-3.668414232299588,-2.1446856408652017,-2.7654107709901163,0.33951356053569537,-0.3065709934874591,-1.1074602362201125,-0.5979832473071018,-0.6908156085291988,-1.0107534555860973,-0.6166464283101434,-0.9848876736798173,-0.3730921861437125,-0.9224693727507912,-0.5217092921062662,-0.7106558003782688
7.410830225418951,8.333629085155339,3.901395130721768,2.114521206639811,3.097723215201626,5.366016412953042,4.6894897747640405,6.599410410145113,6.465343731449453,7.284627969004296,1.0325665535013697,3.184469237622927,1.294254464259025,-0.5269728557815246,-1.193791892542554,-1.2869432674846377,0.8561120170099763,-1.302218098039977,1.9868261621023233,-3.0062132275187796,-0.9864495392179361,-1.0267485787695059,-1.7685784680820218,-0.8502469464609054,-0.0056808936179251765,-0.601346259110436,0.25614299142198543,-1.2585389727576395,-0.045317142556987274,0.32689829802519604,-0.615926200989774,-0.3950737178752512,-0.5193959993087133,-1.1837355899825355
7.593437541674924,7.236868383219325,5.419522077981931,4.69405950006391,4.664672126628339,5.398543048892432,8.936528496083065,6.951994266446335,7.364017920437438,5.8805518031008015,2.9057128684636018,-1.66972458059588,0.4055677079172358,1.8926329843396177,0.025273431943198938,0.7041698470473491,-0.7567184778941463,2.4521110926419127,2.2143990926357113,3.6426568864681235,2.695642512419661,2.0178843109316476,-1.8806038094278612,-1.1131026229866021,-0.36668545015059734,-0.8562696085788243,-0.750497661868845,0.9464498672125286,0.6573302584281657,-0.07513985850220127,0.3305195001752548,0.06539246166799569,1.3864664260221904,3.115301843142846
6.698553557431153,7.812540200025551,8.618754582700635,6.249296204635017,5.1337136426915295,5.7451809116612065,6.962540862476276,3.6640491487883238,3.77647796795479,1.611391225192454,-0.8297145989509008,-0.40288189623072473,-0.5084066951823538,-1.444303072018662,0.21282212378695703,-0.05781138181297768,-7.095431934158537,3.5938741153595672,2.2525920456746302,4.242189884100422,6.503846850314121,1.82752049040691,2.067534938260807,-0.758203289136726,-0.429527358878846,-0.6617147023197295,-0.40539955080446743,-0.38634324459479147,-0.25370016508733095,0.7959606896929097,-0.7719254991104034,1.1667647497947127,3.160318127035566,4.083942361603929
6.464313480123814,6.668459766951684,6.004317142365727,6.103540735659116,5.50558372627906,7.534563410250673,5.172300492735533,2.8192395765122216,0.8671875202203105,1.7314732005226225,-0.47962049742924207,0.8571699564442458,3.94621369092429,1.6546504262211175,-1.138835773364089,0.9928922103568076,1.9653671776446942,-3.6166168301682187,-0.18758572519510994,2.9827647025314645,3.356767741704842,2.245728027760649,0.690018288204073,-0.1334506060826184,-0.054885111024764045,0.5542158717626469,0.9418988082795207,0.17980492511707682,-0.7993627996827373,-0.3079538854018448,0.919089735970958,4.953391135002192,4.951739388114023,3.5690564004067737
9.854498609045839,7.270276154718766,4.613975740873165,5.290554876386995,4.491160929770351,5.141913205959755,5.927027026880067,2.1369929948581503,2.7856245153370542,0.45009957303012144,4.90174210332652,-3.0789043417057513,2.796508323467692,3.9706009918382743,-1.5032400525478302,-2.3792789292014342,1.5518555843801904,-2.3249019605411734,0.7189700246112908,0.2482676453200475,3.7869705294420197,-0.052744910897086196,5.953398674652269,1.8125126183127904,0.0322708718110391,0.3702794870654452,-0.8187280129564494,-0.05420119175266443,0.059126514117971006,-2.0938749618078187,2.1919182234671313,3.2920276460479814,5.6714370367318665,3.5779160426598815
9.593195791220342,7.540005490680437,6.228052056335369,5.326058584914383,5.86443912349448,2.1401017871910715,-1.0354712382878593,-1.1030148949438607,-0.4021667485586393,3.2367455800285825,4.122997178682286,-0.3735024183153001,-2.2678866393960284,3.8970850170016735,-0.6234760735638516,0.10020722837342227,-0.43399075799840653,1.8421618802645336,2.6028283222665975,0.8384271293851523,3.7550143356381747,3.515412899659959,1.7269315257207802,2.88779065700398,0.9438886278347092,-1.4980136231023424,0.290072662627313,1.4018676944169006,1.7183563509803028,-0.226529558675295,2.6559698176775735,3.1093121374074024,4.290254221784703,4.921299204993687
7.739686925285352,6.994089212438036,6.503002996761068,6.533376542252882,5.24464486232961,2.939218501719214,0.3115607057873575,1.9577244461583851,-0.5265029492752965,5.04232922804849,4.897712651027403,2.2374127552543266,0.0242331442211959,1.1687801919304843,1.6270930846819696,3.431295635646483,-1.1355945851886333,2.612564198943398,1.1128113625805165,0.6419351219299984,0.40948436489088247,1.9322136558641785,3.5270811875859276,1.7084662363073468,1.3883711662166047,0.1394141183634048,0.17703585902787278,0.6442895705141627,-0.7794890528899421,-0.224605374805588,2.737038254569744,4.387643475055544,3.606818309839606,4.162189869571854
6.962891961713952,7.291498551509857,6.378229210415677,5.925491685834223,5.066414184582401,6.657417446785131,8.45101856865429,0.6108215906599477,-0.13184235179398265,6.441051231829242,7.301601969479128,5.971864233969464,-1.532446464222724,-2.404140025096439,1.082340096615475,2.7600414340358004,1.3339207577214767,1.7136930349001784,3.4511895308270786,1.3586432535288917,0.5638689044600149,5.0682281338803445,2.767537232131054,3.2505021370096885,1.8973928723141726,2.908620420477193,2.359961358923344,2.9929432276351484,-1.124412957872042,-0.18096780322052616,1.9599912108079856,3.5013408001121946,4.252784729846453,3.004097578339051
8.079763228864504,6.859196003130916,5.432267457304983,5.0318708534773755,4.39714361299931,3.1496259993980824,1.661311920416678,4.190247035832145,1.0307140518297417,6.108976731556368,0.7005442503051627,4.257993170567365,4.759451679803993,1.3271764493809142,0.021992660672455262,3.481826287886987,-1.7704012179240092,0.7771422445838241,0.906048461178424,0.6449717467454648,-0.431333187999949,0.9221672228247316,2.039530471816857,2.9315999119166896,1.83201972755275,2.5549238001128627,1.3181076742849636,2.3732635784596727,0.6271521045838097,0.8791069456164725,2.2825097563800707,3.406835193283625,3.9855558210878548,2.7199695748488373
8.396244103058596,7.686261376893286,4.559409053334045,3.8017799779257553,2.351615517744132,2.687714144241546,4.009315217901195,0.03860397290946686,-1.3009982751645808,3.1443035715191967,6.6038728926189085,4.643646429552039,-0.4425100811518597,2.506963424447701,-1.7994829121601914,0.2484803839105582,4.721155071178488,-0.9559841234691041,-0.03024035585723337,1.1827389084972324,5.4552240362212245,3.510093914303684,0.4927656207353211,2.43328823804771,1.5349302919167491,1.0566456509653914,3.5607484447585738,3.3031252696110163,0.8275179405491235,2.5006992893610818,3.6065803501102587,3.1873680143089045,2.821366800620478,3.4391863159511007
8.547630597471507,7.603428760071437,4.506214305465925,3.066202133811019,1.8454130353809444,3.266642429340257,5.734183436678892,1.9639935056373043,-1.0806854290094394,3.311045764607299,7.539956486858414,5.0533880368743604,2.2894881886128204,-1.4221087852554108,-0.7547010650817849,-3.6878202810869705,-0.37302430780788604,-0.3969087553129028,1.5830099977810166,2.063545856618751,2.1611892408320417,4.871934733119662,2.58096541861916,0.7085083958620071,1.7255538983134115,2.101275918049544,2.6017033879629325,2.9055684580517385,2.466307811996522,2.7545747963002847,2.9627562422436444,3.501835505693905,2.0321244024170797,2.824487562225213
9.73972820600829,7.356719055388017,4.219728330693755,2.9969467535374603,2.26923474314345,1.903607131244423,3.5954003846827844,0.671981051234733,7.9375476473571736,9.094059374649651,3.083039483113647,2.6143639032088757,0.02935035170244381,0.8554700759796161,0.22290099183701015,1.9458871057444493,-5.287205491051611,1.0279716867565174,1.2204130872934056,1.7225348914306164,2.0738772837594044,1.7646928182211097,1.8573986003632328,2.442592730309858,0.8372799779318275,1.887172327862125,2.7992890697920623,1.7037051996114811,2.29496679061468,3.789163352021525,5.650885469265467,3.590748062231525,2.2852170606917244,2.0993996748567647
9.360662942863305,8.195653281121732,4.871317017060278,3.5173121242660095,2.2431318184593003,1.0466194205214454,6.847785723724581,3.487991978303832,3.047434560836762,5.864316337959529,4.606963729267354,1.536023102160583,1.228622483830225,-0.6516325055391,-1.3675132085394197,1.0581023356899504,-0.6865308239255545,-0.3724365343621357,-0.6749284283450606,1.1134905336872647,1.2336088802320702,4.248534751503241,3.0328311860754797,1.8363008809306232,1.141836402524152,1.6428410717613333,2.55874655772316,1.4406905390053957,1.576865756718292,2.482145856594374,3.615401783151392,4.256928348772445,0.765974822811496,2.0472261238851837
8.85176445488008,7.619656112524732,5.361477787472412,3.5808526018753644,1.3822350261139114,2.0086596248053445,-0.5772041091370295,7.977318541146861,8.847970550389311,6.664286849862391,5.557581497703254,4.241547946684449,-2.4746340609845965,2.7781232512838563,-1.2199821313535175,0.7044023297718958,1.0191569929980129,0.546701422731121,0.214092504041941,0.739844115665832,1.5678058897406466,1.7134394519998541,3.337072614707247,1.8089932458268514,1.217212435513164,1.5120003815392538,0.9929461181238669,1.5323951083286431,1.6562959102945114,1.2667732190807688,2.2410524860264105,2.5908236319778952,1.2121180458982963,1.0227706802271173
9.220033921300532,7.89940839127737,5.755393172896148,3.509555735688406,1.9173216120859429,0.8459828813542174,1.3343296798936046,1.5058917201152122,5.684767478992302,3.3630810047498207,4.742346202156182,5.337637013457551,1.8991149093915347,0.29423706060540344,2.3913353060497298,-0.23263896517579202,1.776769615146801,-0.3155929056696844,0.8339649660281312,1.2890686395719462,0.9992949401965561,0.7043894702506945,1.6712208461326685,2.071170216901275,2.22452397631744,2.251438663764214,1.9128548198368083,1.5316414084047414,1.4466306858296787,1.6331529323042047,2.408810854790264,2.1237034987690753,2.559835939227743,3.022914820677106
8.353067418220036,7.504761458060819,5.132922430486122,4.108108267625361,2.196368267986421,3.915100775006735,1.2627716002407685,2.6432801854309047,5.8339723122049945,2.3770115170264714,1.5167382019061788,3.387564557910151,-0.43014598330542764,2.801836836117756,-1.5344978074739373,0.38834694317614393,1.1171324455068778,0.8466013406248271,1.3533930442671445,0.6958870887834692,1.179681370425538,0.515641828235228,2.082170315340765,1.6753579516952843,1.7800432128026742,2.2332719626884017,1.993653060049905,1.9118783319015915,2.6028346699476868,1.8578343048799306,1.602913285371274,2.5948231006567513,1.8021416302609559,4.47146911029281
8.935106442817334,7.101874728631915,6.042159278462429,4.017398945689854,2.9043326709158497,1.8809913756828374,1.2371529808795423,3.452467098444375,7.903678791999201,6.083318827527303,-1.1424371076758573,-0.03919648834563874,0.31162188929575435,1.754180611134331,0.6966220923131823,-0.13818716328192218,2.071821184242637,1.670411994439603,1.5937623290880232,0.8529407791383437,0.7059352086686742,1.2298023128921831,3.039926336069476,2.716566787982039,1.544688867335198,2.3914381436807854,2.342463040254552,3.4892012232762184,2.07087866811421,1.0595372823666231,1.190548205488543,1.9968309649200502,4.388820185087521,6.4455702117832825
8.498288524960245,8.34050348611174,6.793151835857398,4.328703810924399,2.8595415428282673,2.5989816588073964,1.8413804937047582,3.9926490464340296,4.777922588145836,-0.28634988308417203,0.38509136604614946,-0.8232105403188129,0.24241905862080781,-0.39193445633405927,1.842790051246804,4.236715107807363,1.7169757184644852,1.6630821821990955,1.1848786511192977,0.9306336121021153,1.4335209294033402,3.578066497545606,4.117927820763825,1.8500029223414538,2.356611953462784,1.8263626767088856,2.581909656465069,2.218036788049546,1.9346904677308767,1.8761217545733577,2.141383523644474,1.2635013358806644,5.230264694247104,6.918521213343867
7.917200462157268,8.277925863876444,6.5137369535047736,4.7510926694966935,3.8334197510808057,2.520303307912461,0.6451721654053727,3.3861315692318934,7.168058491721648,2.1226607247605194,2.1409090986665444,-1.5173592732129715,0.5223796422171256,0.2900637165954186,2.790892977864852,4.281657359263244,1.5905639324488405,1.6424883920241709,0.8290457368028138,1.1279845071748604,3.175117477561626,2.9627653224446835,2.4250779450565303,2.148408052715274,1.0968925765985658,1.8413623922791962,2.177347874668813,2.327650698029041,1.7960760881482074,1.9058913761055658,3.0648256121818225,5.4506726976318625,6.168540252699734,6.3196725098745805
