script/wind350m.json
{"header": {"parameterCategory": 2, "parameterNumber": 3, "lo1": 3.000054539987559, "la1": 64.9999836372058, "dx": 0.5, "dy": 0.25, "nx": 34, "ny": 52, "refTime": "2026-06-20T07:00:00.000Z"}, "data":
[rows 0 to 24 of 52, columns 0 to 33 of 34]
8.362727375798732,7.3677111643491315,7.462382704489389,7.115517190166663,6.152824375162935,6.0366865054676895,5.886214931384678,5.261437962214654,4.827984228459338,4.085489413599158,4.537433345037517,4.297441339176714,4.529764037770911,4.771632160938327,4.44333282165774,3.547219180549661,6.633352739463754,7.569230890237069,5.8857153334561625,7.572411181824284,4.1229616274833285,3.156868262311937,3.7047307625175043,4.969038075980983,4.651005878174394,5.058372878245922,6.199812493615969,6.64341311101866,7.185853228504212,5.269177673976264,7.25384177532608,8.166044600389942,8.623936786093005,6.809057805838203
7.515770421731912,7.354979807637785,7.084531721357195,6.474569711134104,5.295022257476823,5.066741054222977,4.62234392729391,4.51954435545644,4.933599820663372,4.317038233769816,4.243370553916835,3.3542229628332616,4.1889487922070145,4.70067323490301,4.454522077474485,3.3042324421127445,7.363091413598849,5.200894331360715,3.3630322478242918,2.8284866279675485,2.070178575655707,1.8118464585343732,4.174051851635468,4.035524802343388,2.521352500759138,4.19274133768317,5.770633396437436,3.9894549200627596,6.8849441483046405,7.440213554018207,6.134789372553359,8.36271501666502,7.543359213886362,9.767217791846733
7.3127773311632005,6.710674008265536,6.8683418551959505,5.855613103214949,5.980236141749048,5.323879936466067,4.895094049778386,4.245657891403883,4.37368166252573,3.8532488011857846,3.549451249448786,3.9015134989949813,4.0670573757032065,4.2360383936953605,4.349976418614536,3.7833624611765972,6.063779527830297,2.692718939321716,1.6426585979975645,1.7768206085843814,2.3187016940582224,-0.9857982778285707,3.9220956624808805,3.3916418409054856,3.643570695027237,4.81002896980769,4.79303969316485,6.2645331342005495,5.460124888546444,5.977421788802698,7.28775140805618,7.709022809081466,7.901385535293604,9.809610169422024
6.844101482934645,6.520873455610488,5.67081670487026,6.5843754144177655,6.136762571336897,5.277087359486982,4.878396288738219,4.59461111751787,3.144975080135877,2.963486163312895,2.932912191187022,3.1232257070757763,3.5371023380985336,3.6785478532034657,4.242998589112483,4.437803171688378,1.388530602313808,2.561688137885376,1.891409726192845,2.087066083438762,0.7330336932687556,2.105040221123964,3.568519399851795,4.007451354473815,2.6882215747011884,4.576191913978049,5.352702008015391,5.119000852877402,5.138776557021584,5.5353732431263145,5.197757256840143,7.817002473651748,8.133618208310608,8.883341892481434
6.637625621378264,6.282395188848787,6.968228817190908,7.347854847935728,6.813422534023432,4.980725872473691,4.012470481718612,3.8379628496807823,3.526207986833526,2.908084569189949,3.3144995004895166,3.222164569838389,3.215630753716991,2.9052082211395245,2.200111180076855,3.2756279956038723,0.8743112187581058,1.835876030822304,1.5983603113410618,1.3740304846978246,0.46844187429209583,4.276660978102667,1.8741486704255934,3.5538627675519767,5.299651613754093,4.959897588459985,4.57893213288571,5.067585910855998,5.2977293848663045,6.224122151280385,5.523978582865768,6.956452213326829,6.841799203305282,7.81907836420121
6.508020643991786,6.654001120827279,7.065812421586147,6.508974305615,5.218884719636613,4.582249721731112,3.400696415603802,2.8843731293467263,2.7771630056928074,2.541285523760181,2.442745427120005,2.9994194301389947,2.309465609421007,1.6024216826702808,0.4090414839423686,-0.2975063603955522,0.5009642476982692,0.9022942222320366,-0.06786477431309819,-1.5759322322398226,0.5008966660676177,3.48015630855912,3.188773797471659,5.617333670891531,5.2535729226166294,5.539864488364353,4.412859949361322,4.533690427167039,5.101396900277761,4.831683351202626,6.062859274697791,6.193629571817934,6.746199584476299,7.770841013566057
6.633502528693486,7.032530381224523,6.178276322755994,5.619306495117655,4.519869470655229,3.9603320973955767,3.5210814574226665,2.5166398709653137,2.3482636873839837,1.9163893603088562,2.26784301597981,2.0584978032263965,1.784642986149688,2.1958394822634144,-1.1902901217226944,-0.684082848417687,-0.35713790450241584,-1.075670077032963,1.776386276679603,0.8974457953654664,5.019385655245552,2.364604124871125,3.5313762159705906,5.81789841813305,6.755006909177741,6.506908168843035,6.778302353331129,4.405691548242474,5.252250461048853,5.248722516707379,4.614621223149202,5.926924740661359,6.205245390679871,9.03559644586105
6.632707615253989,6.1256796672658576,5.743458706912824,4.830596331374656,3.6406942117647416,4.095277508697672,3.110482705633267,2.4812338190837777,1.6144521350794565,1.9689243411546915,1.4234144403507203,-0.45826584600597237,1.3450852727494509,3.111675535481912,-1.9809543815104833,0.6749704544584691,-2.2316274075063705,6.505781871363201,8.317328781998865,5.991084746891699,5.0274392289445755,4.721127122027128,4.022603339738497,6.5573340210341815,6.328216049422989,5.693952782511549,5.113097914229833,6.170296141973429,4.75074350492664,4.4928787693779,5.21245919314613,4.524336601849209,8.072436658799836,8.691555654710845
5.827616902117672,5.2640410034166285,4.788154530428477,4.305157146685336,3.1236154853593208,3.398187892882297,2.070235921003003,2.4152387705177043,2.3096532098048588,2.2990423808269207,0.32851256561156383,0.42618072570663706,1.453075993152539,1.3595554063183521,-0.5933543082469247,0.07973316089487194,4.800748556794737,9.941301107313846,10.265386677115712,7.482098328988075,9.078668259806424,7.800658482597399,7.75007405947976,5.394004796331113,6.6166614373856225,6.395529527309004,5.770869061282972,4.275198908745532,4.6423539483479175,4.718546072016083,4.795082108975576,5.481796148895781,6.605406270377051,7.951774281879262
5.127501303575136,4.401631952646874,4.395469600347211,3.5816069743240146,2.822117842802747,2.5632849701385663,2.616564376859184,1.6313933037179524,1.4553020108670145,-0.05293838552297572,-0.592432452457015,-1.767255034816255,5.125941514696829,3.6417980809260455,3.257657622246364,9.286688851826995,9.569921577950865,9.463006719007236,8.116757143575233,7.556997003629064,6.916482146200613,5.559370014138526,4.439203815027607,7.5844478735010075,5.860458226738229,5.959933931255367,6.220428837305865,5.6441253008637595,5.0704579527100915,4.587068907265404,5.312832101835199,6.659264682165597,6.215916633722844,7.71185614190352
3.988810065710078,4.118398717794784,3.658118294951836,2.6783843306930764,2.8722674233206753,3.2921742328696673,2.328147906294112,-0.2635580296985701,4.6039436613657925,0.12175034238246754,4.646082058470204,8.307304991332835,5.8035079865263155,7.093312575417372,7.276751553219595,9.859339013285714,11.859516367716362,9.25147475020142,10.539750236820245,8.23971310726811,7.371063643164044,6.131273706691738,7.088343430295421,6.310223031097863,6.289942132685169,6.7625350219707885,5.0253252544309746,4.956783491046714,4.915434119556352,5.3728763515583715,5.758818790660697,5.265421911842039,6.231932606719536,7.066766235992262
3.7315807049797725,4.482433947263905,3.8521783006678105,2.538579451184518,4.571366665258723,3.282570461526668,4.017111303399234,3.192744704648677,3.3013246255612687,5.935757174819423,6.321211696256061,9.505248242931952,8.594921031179888,6.995731345940813,8.34115202411628,8.341887640755127,10.585971305529965,11.853486350497587,12.582625831069244,10.959224970818175,10.51533310852683,7.2491628178330885,8.194332718586695,7.815780072720985,6.777766095122391,5.692282505175031,6.037276401254651,6.220340723146932,5.277222788162003,4.2545555148820275,5.0840267875737295,5.502350364547552,6.0723651499234625,6.61084908542539
4.226946499605222,3.8948660872150516,2.7214541499125398,3.6783153670044837,5.079751101216759,3.263673168402635,4.298026508635173,4.0691268287620135,8.282569554962082,5.613054742149153,10.721910332113842,12.747064841907433,10.659430860859452,12.589363956794275,8.009751325050699,10.132163743859175,9.110134288584941,11.088108614578646,9.365418516167267,9.018944526284498,8.312519200643678,9.51589347719818,7.604429712054986,5.91796182377972,6.713216431451753,4.699312445199533,5.8222473029955815,6.074438557737774,4.476133078856301,5.0307379193325055,5.554549398666525,5.31585454886121,5.022608008633299,6.207271342400443
4.015416608670224,3.2351441221051616,1.8684779732325523,3.0068889969373376,4.106245278893977,9.67024711408534,8.768151774809397,5.169384157386142,10.482991911309405,9.3698310232942,12.65322765639433,12.118014642140896,7.544458949189841,5.7410558927391175,10.361663901009422,9.903602484250483,10.945441712786721,8.620895226054403,10.03304008760227,8.719210349328849,6.518411130637646,8.669819001330104,8.289838417839048,7.724909698328642,6.096067608732425,8.31048680922812,6.427034030903801,6.793645371355887,5.161910089511215,6.2820990249535535,5.982338303696222,4.741030201134403,4.2933497052587315,5.8199493631759776
4.006015519805478,1.9191212769381731,1.57963833283126,2.47114384672755,3.330127110309117,4.412827475374746,5.069026797595416,8.377510124171906,3.8670921844155526,8.78491048138592,8.559749402889429,9.957596368033855,9.54079536828848,9.357039167860782,8.34803472935428,9.363831928253264,7.4489490666866,8.393641087885912,7.995827087542978,8.612845892750636,8.25226168100788,7.94655589678182,7.210233418799145,7.327746854866987,6.658355050080709,7.046111856154293,6.161961142221109,6.3925376161289265,5.867619093229596,7.004895690895788,6.532020356605769,5.048659020218961,5.12812738969889,6.915890734213263
3.8506796953057143,2.1052872286654494,1.0988626103931523,1.3138928844326658,1.8901365114355366,2.9297885374209796,6.9138089559462985,2.646843714220864,2.8131591258946544,6.861426563144708,11.793201312759871,9.7933414241743,7.669580676064403,9.222404230130142,5.458072196629404,8.66905224298863,9.264885815720705,6.422967488089187,5.998327431382185,9.316619111191752,11.248924754135798,7.445445938693113,4.549538020781251,7.4701867085377875,6.839157723160622,6.1346548315073735,6.866528641722498,4.667518095615979,6.503379796382583,8.07223385648856,8.497604202684908,6.640497536302811,4.770765263345117,5.280138574255912
3.616230733159926,2.414538569197119,1.1833410462024079,1.2382648663407199,4.7579671852066046,9.776995498349704,15.89905523807461,14.326144119680425,4.79282990671194,15.413515909336015,12.450043125407719,12.449811960250225,6.392689689963216,4.224210421087091,4.387635334946469,3.924731755596685,9.561851141438712,8.411224532705557,9.933431457092105,7.521248223970563,9.341804801179372,7.311518148484894,8.850832073305423,5.768115962856247,8.127973211778134,6.184406038478395,6.9645115843857415,6.062571187408173,7.06638984020403,9.047988331307279,8.759814619763127,7.527692817246186,6.113227858543882,6.838460880835328
3.3765241973150815,1.8754780310778791,1.5622190006443453,1.3080332118942055,3.4928126641903723,7.48234586587701,13.414254359143893,11.963624916560704,16.50137288293357,12.562540766566643,7.133506425892278,9.47053058495985,6.048094322805303,6.111369404589804,6.467111657657318,8.382611933091065,2.3817248434267677,8.182416816101918,9.760509919907234,8.596955391395108,12.541907755822477,6.892995805273835,7.743237892865126,9.722976429324396,7.4674077524425755,6.3787161568628745,6.800454856128018,6.795671066039357,7.602757011498945,8.063158536809091,8.752379804484823,8.066188734673839,6.785469082290595,7.1140591593331175
0.9060434627929523,0.363698788869563,0.9257237751883682,2.531908164071222,5.68019126152979,8.042607500179756,11.71753484507775,12.596962119185935,1.7721677923532262,11.434264125731442,10.73532436039087,8.264253078414688,10.935901943086659,8.678264211875637,4.933983517258644,10.138489839807514,7.385996727778577,8.221533423921503,9.539621762841174,8.948060739939866,10.758655966207993,9.80330045138331,7.447646128342254,7.326978626791258,7.841474345010431,6.929726680361699,7.589496560401308,7.46746658683939,8.103292711874216,7.493395853484974,7.448079149537193,8.730478768870247,7.681830240146659,6.8462703952790305
-0.09002261764558625,0.1690587979064373,0.5633483181923384,3.298893229350769,7.836808576103078,7.447427655635961,9.133214630470677,12.750913610868741,15.766279781345723,15.496320874737856,12.911110024869608,10.624573719500368,2.482175005264206,8.160831520076725,5.807395672951346,6.949062123807623,4.953845301951971,7.8877695350707215,7.900699488176611,10.449710051578482,7.742293012622469,7.993582454336312,9.639022932229397,8.247469513904358,6.646387027815963,6.347075868699935,7.270318605593112,6.884530269435794,7.696877213151176,7.660361119585298,7.387273714256229,7.441522879247612,6.607811440960212,7.423365335113874
1.3730264881696166,1.0119278807873304,2.8998350552808048,6.263394102990869,9.144822243112749,8.486188709941004,14.700856128512994,14.685057623262564,11.214090692927002,12.241376881782937,10.664172163778739,7.79881060609468,5.911281313393023,6.843240657840328,7.653150748608038,7.525116423192388,7.926549134642577,9.489572564349269,9.069146891484342,9.567475509243913,8.27310869176235,8.869284665232628,8.816292101588997,9.067512195420626,7.931309979810064,7.241533259138604,7.343834535309471,7.175385650511162,7.40031904603271,7.865107097519962,6.718150921580991,6.060398970259294,7.9572211847316066,6.53865921599543
1.1256566465848736,4.357490159328891,4.889067803129372,6.977051147981712,10.976569961162419,12.052654065204274,11.825734785353298,9.173977369243802,12.68820330476777,9.346251209882784,8.571859101191604,8.295538856545216,5.320824445389543,6.527796249033881,2.289656042737407,7.149744643656881,9.863982938108348,10.615776574906583,10.528320922339375,8.86980292704839,9.094833562131374,10.046870230625293,9.154506888310445,7.773396531290721,6.702151987372242,6.302301692242941,6.8200734539571926,6.139157451463242,6.7331424560597695,7.703319408351339,7.204417870983786,7.235020012545155,7.869195684272208,5.324159342896649
3.512126628902968,7.5135837142187345,8.638252458782413,8.703767652553852,11.21510330859828,11.752317871787929,12.584900703377718,11.29744975184874,11.37851146945481,8.929505075868434,6.131853958722061,6.261030967523797,8.570889165516045,6.969281478077423,3.7113017538882933,4.993743542064776,9.64101417168267,11.555217201533846,11.755462475951703,9.597600290962019,9.334702068505498,10.280033894313144,10.145395923582134,7.835733917044312,6.096031318551588,6.391282356171741,6.362047207437502,6.366607196225534,6.377698128889859,7.089008921322447,6.353433720865817,7.375588706401391,6.073001070383185,4.985171342753878
5.991609849826318,8.059947156730457,9.245006939839056,10.872025753123832,10.477771513035856,10.272432821792563,12.259702182955756,9.898804908095302,11.259810198804148,7.227460921300851,6.45087598986039,6.424630445655383,5.879844447716822,3.1046474391686805,3.030205534907491,6.081934580850293,9.392816642977344,10.874156313473662,6.665724879376067,8.373547336334441,8.16913421299692,9.82385512543418,11.666059075619225,9.915836557850962,6.3462912238970555,7.348597329383997,7.680946320746095,6.41670754815779,6.373707340716124,6.181194643118652,5.9771776373142,6.36244987106075,6.78066678914439,5.763690647840634
7.376536029701027,8.807229579585922,9.747967463840137,9.455550126174208,11.740136314489447,11.041575689173285,8.071762873774077,11.455461550517205,7.889705432377612,6.221610739094459,10.401232332524557,4.391266153062977,5.2224891772046,6.070110116161065,4.28189711087318,5.8094718358783695,11.030789844777326,12.26219669317842,10.685932353814447,10.393620615602543,10.430544256408943,9.807389106619606,9.501674332158723,8.339411804032817,10.710661462308716,7.240999242604277,6.834176959980879,5.734126848820769,5.744501290904961,5.763304279615101,6.293745202940205,5.920783211077444,6.512032173546919,5.154538900867469
