script/wind10m.json
{"header": {"parameterCategory": 2, "parameterNumber": 2, "lo1": 3.000054539987559, "la1": 64.9999836372058, "dx": 0.5, "dy": 0.25, "nx": 34, "ny": 52, "refTime": "2024-11-16T03:00:00.000Z"}, "data":
[rows 0 to 24 of 52, columns 0 to 33 of 34]
12.750265706846566,14.236582727519618,15.02072616853012,15.740173293631333,16.220973231755586,15.891703806169845,13.786742035999135,15.091623184156825,15.642531200670714,15.745539307953573,15.454835708254375,11.805753273362077,13.040665317921807,11.274664285486114,12.243451857717913,16.90895875270327,8.243362482990506,9.761903796158919,2.1905835008271874,5.338583112030236,3.8431650679738283,3.0819295397092814,5.221335332737951,8.121443387429528,3.9141001482421744,3.0639608931546705,2.97111825958569,2.8991313063772988,3.8054152605046365,3.4499979051669665,2.4910010149654904,0.35931323275253846,1.0228260061429608,1.4508280006637273
13.2121494870899,13.441501159839417,14.924391884451087,15.822580850729873,16.496525285505175,17.833123874579304,16.020071104012732,16.591344299792794,16.166504050396384,16.210883254546737,14.656985443890497,14.744761986579174,16.204980665778894,15.647363765649942,14.816840161436795,14.11848413811559,10.748441762385081,10.692441065812723,3.3865815459560724,11.878790260992684,5.292796152661553,3.976168700656685,3.187985728631286,8.327783033547108,2.555259535028787,3.240289229353502,2.7956884804209183,4.176023999506114,2.888782254274808,4.525437573132559,3.176082920793167,2.2311424618399136,1.855819890793229,1.9408212538324503
17.624706050635147,14.923986871579203,14.763465021647937,15.188783433906517,16.018470379447564,16.306702009394304,16.08157208268047,17.6430845462486,19.81823528560612,18.3718958104178,16.48272872109739,15.340750911043404,16.22941021487758,16.885564903796883,15.796972993897054,16.319857262418047,5.099352890446862,2.4717965740060905,4.017481560061408,4.814519663695033,6.62340318916672,4.381118983118403,3.918865255694187,6.2556399663820805,4.815895198691617,2.861037744990375,4.108111319136936,4.229418162744304,3.217227543427401,3.6585270371800775,4.06776360271182,2.64336515691058,1.8418963903814092,1.6346063656428933
18.4658795572692,16.591706159335928,13.207267797549742,13.616780883473483,15.60549704984318,15.75333983038793,16.058105922623515,16.7273609909658,18.22104030835568,19.824121476747198,18.881940818416243,15.035488369137765,15.876753820746204,15.866685285956475,16.48937626180292,7.455945387862837,5.797560204018221,5.059206979924444,5.846042149492839,3.9042334904398635,8.512603145957883,6.570205019101007,7.536322210632877,4.946172680516583,4.351842987730116,2.1730645761601615,2.344333171752162,1.84612216473257,2.2372485829944506,2.1763238710389454,2.9403781268156632,3.4088887152262415,1.728596481804511,1.4444393158374715
16.995828702674967,15.96573537657875,17.810491784072692,16.352151313007987,14.06114574094589,16.923140510987288,15.575066931487022,15.338389311633623,16.83991437179694,17.578025988487568,17.14968206953531,19.152713478727335,16.628820243784272,14.491710718830102,8.51515818859384,5.451745467302085,8.050390592309641,5.093159090379855,7.126759619745506,11.157393549953227,11.4367731177971,11.510898008857152,3.7553582356712236,6.645086965058369,3.8793351978282953,2.3309427700670295,3.4800102909232833,2.158929224479203,4.309618700015977,3.357127022315014,3.7062937699874996,2.186937138423427,3.0355481949037215,1.8970245587327714
16.470304320166516,16.983405488752968,18.929733400708614,15.95614580930878,17.67466687279503,14.971221595449697,16.326409752695685,17.423681692522766,16.654354510651796,18.424599518428465,17.370957897541736,18.48643145563079,13.839588438138792,13.581070509509262,5.968284126941601,4.024761058554338,5.116891147205518,6.216295711579079,10.415845475696392,7.805356205190221,3.9846576067788835,6.151565972454857,5.051456114067895,4.852473809276147,3.2546686887503,2.954000026620424,3.177099705870346,3.030575656664275,2.487503789460568,2.7232221963321757,2.060968985790909,-0.35437250808876386,-0.4793281992695134,0.17638486777891219
18.616224299177876,17.08511792078071,17.183458830960262,17.841000574334835,18.029336528659965,17.91894798688063,16.556345353204676,17.063938385329994,18.26146590168916,17.802476815171474,15.080649984900349,9.169059024032578,10.932519345376235,2.9020382352026393,5.442203087451193,10.41535052711455,3.6070416748259873,4.876993769355648,10.306660150959338,8.565025102641338,4.727015802427259,4.430393330432584,4.807913776332505,3.6704859536009256,3.744687810615598,1.7591010587476887,2.537612688762743,2.8400086893839513,1.222239788248446,2.7493625969107662,2.1701058478371076,2.4105284461623433,0.8490830731155058,1.6697331942319913
18.28025071593474,16.818424597638998,16.640866527353626,17.975703761847974,17.659179794839527,17.601996349604924,17.619345539163792,18.23611533630303,19.046886885811467,14.110197067131711,15.597589204316325,2.028937863974289,3.088930285564184,9.79070446641428,3.789463310464426,5.001678449200478,4.471706036154815,5.85163980467224,8.066827903731774,8.776416754052102,5.221544476505792,2.525275055094378,0.43706158202475665,0.1451506550766411,1.1152001723086085,1.6392798026263875,2.2436917794786604,3.706691072310665,2.2206831639597726,3.122355902832042,3.72978765150086,2.4490284661726,1.8092487225495537,6.824920464225758
17.97890428032542,17.899474566500675,16.50994847516141,16.943756542363225,17.17576908798664,16.52842667714328,17.931166364170497,17.189182485623967,18.25497302677159,6.671342861435576,2.792062781455544,4.694343836745526,6.676156330273831,6.443376100297446,7.631068393648491,2.6559457167491622,3.4854364128273345,7.758273190264182,3.6294843843234985,7.066579365332032,9.081256306770696,5.380412024223245,4.685046758569017,0.6899247901699007,0.7938384088132889,1.643325634757915,2.988029031310756,2.7994128341505453,4.657817664130112,4.713525350152814,4.2115476312003866,1.318786602545266,7.497304706565148,7.526949321902547
17.889303346570518,17.251881336663086,16.490670397887325,17.140086552269757,16.273828886505047,17.579768135913028,18.225737654027004,14.675080536145394,5.70713721059253,4.320601388559813,4.702491969079234,3.6071510088026497,8.280100683827362,9.136947516364128,5.50685374427061,11.536090734404196,6.918730480560311,7.307776837948583,6.8569109920096665,5.372565741013253,8.785001153254033,5.7406203671223395,3.6298319947551714,2.252380740074341,1.0085004979518175,2.3864181422773187,3.441094823287343,3.261220482446917,3.686700318354928,4.135699462092899,1.0394570724666354,6.974212673050625,7.598130557462567,7.814759626349087
17.263249557286837,16.675165152458767,15.236090255601932,15.484962031192575,14.297657273167497,17.787640140214727,13.148308047537306,5.596802584864484,10.767483622993543,0.08602659432299041,14.26424866422641,7.984055928426719,6.734533532955565,12.95489819875172,12.080331956744082,10.168125114388,7.8203691545613845,5.2426759190597085,11.634606086346954,6.550938568699406,4.501880389790066,2.6608584321058215,5.000615029327656,1.5772619535733425,1.0129975382551586,1.4465586437920155,3.800969735731849,2.945597497020165,4.74961754304255,4.63880967095502,5.298140692448045,6.320134524345974,7.416052887311415,9.144686803986382
17.938261620984047,15.029535947429343,14.141613076535581,15.237973998133672,15.47641999199565,8.34913683912001,8.13641472032464,2.5749931580182897,2.2936474728258003,11.878742147080144,8.509220219786467,12.214267925738117,8.75654004600636,11.913792300110256,9.126412570592306,6.015833585390855,8.30025924766453,11.697474946036255,7.772624912511118,8.36379966862928,6.005531994936429,5.199237829085867,1.787641878935204,3.4829267890478683,0.3026261676888156,1.5382791844965202,1.6025040347486756,3.581470816988141,5.427229583179155,6.068789923771025,7.900696582995882,7.498176823553434,7.803887176210475,9.425726641175459
16.957801296011827,14.882704993324797,13.067725906756058,14.79984009251304,10.678020810961575,6.350339684724027,3.528110619850414,6.596798435657022,5.340790426603352,13.998652914707824,16.0413661110678,12.55414296868064,10.067403274580657,11.771759084949819,5.192705876850454,8.458984573105505,4.064113712877923,4.492867589845521,6.214749546536376,5.408612741893389,5.014477533916044,4.559754832201632,4.5988799364887445,3.283322572261358,3.473384437962131,-0.614472748246485,0.9302320014935155,3.524100373412585,6.447580929805794,11.737567114237665,8.6190709376519,6.640364826779217,9.453772194690528,10.266620986039161
15.408766702035052,16.41010465207756,14.496098619293267,16.08853633397239,13.203796544261749,15.69394727936404,15.622852853064604,5.209650102781351,9.700890796145652,15.783004523470398,22.082328836429223,14.921092692405304,8.006145724559437,3.565225220663964,8.881826037907393,4.83987020298676,7.1904394525715745,7.10499923031016,8.495825457850705,5.005380250179598,4.03589186287018,5.6689601330628365,4.661215772799358,3.24174505113067,2.656009700312041,2.624902606829904,3.2071321046138377,4.5661985616902125,5.173780501117906,9.39947028704538,9.615535388591585,7.280440824948382,11.11924429127804,11.23635504456529
13.905030353039109,16.516058563664863,20.107421836460514,18.017619837306604,14.362413529346144,6.922570766994289,4.176817123733382,13.288267246033284,8.702411912776757,10.915890116980822,10.752310597544769,14.90060568000784,13.047496376875019,5.610816940011201,4.933388215238954,7.561413905310916,0.5310854918816053,4.596700905306587,3.1593649159378607,3.0454050181471444,4.27644512815674,3.9798091202283463,4.352803151441161,5.585594354354623,2.4466081615954223,2.8492082095395443,2.9133127965988614,2.5018011300622023,5.132198611586258,6.9586460216551265,8.46922463811825,8.798780873481117,10.692824876195274,11.36722800436172
17.683197956656013,16.508967489815774,18.39652043067305,17.91060985865157,11.182659015540708,5.991679538924868,8.450789429381736,4.4567252615121635,5.201242668863314,10.433784194532096,14.346192149276519,13.167004447809859,7.404753265210185,7.782908716841593,4.173691678555981,6.624040299641642,3.576603411126718,2.0238712957903373,3.1313611099496605,2.139450829560563,5.843894760338479,3.769188840944101,2.055777519544079,3.053638683383811,2.878714518336217,3.4163686150514927,4.682573701879684,4.375402711841461,3.9675393884395236,7.372284989497717,8.343042477369103,9.91278491987434,10.727681323422978,10.582085124936537
18.87077045235492,18.422101536726476,17.00460878412832,17.652807863844757,7.805801465214115,9.678561497294998,16.575615254292014,8.077547482080297,-0.4334443783081318,8.695080112436141,17.146656946009106,13.594251639875337,4.846442633297667,3.275893312757088,3.46737129167418,3.4064012088688846,3.8493654660271552,1.0521010313691839,3.5797654103304595,3.021732857186599,3.824441147635314,6.718359406997377,2.308548251574412,3.78466041650535,2.562861012538217,4.315097614660416,4.806074217985602,4.78081414889733,4.675001819663575,9.262388683014398,9.601079910129965,9.923317255094782,9.70241463290935,9.60904475105528
19.259606928414335,18.709451195383938,18.019232016680906,17.933904028177075,8.530367626295321,5.692575896383877,8.16354213347864,6.965704181592065,20.06475091175468,19.764872718238355,11.27383521580197,9.754513373537332,3.898583078997893,7.676062973142613,4.817221220793842,3.0875279540227343,4.433006426200227,1.9878828541672184,1.4387283341266535,3.179677490657634,3.1999309168466388,3.872830561836583,4.195701268482476,4.021288404428722,3.7473946157103004,4.338535653138868,3.572610412668213,5.069651949278089,4.4198861379845225,9.618805746380541,8.139355741711826,9.381135180619193,9.151402419641089,7.374289260363764
18.81290379745085,18.619547883014064,17.958714670499408,16.21169622655024,11.904746553778427,4.722935457082096,12.240998112668517,7.171453213836959,9.745739352236061,15.904522910047218,8.24893737303279,6.2974491820225476,6.483867908156627,5.966149567037234,4.158860772416758,3.001084357303328,2.0875007205599756,1.8337104948687548,4.543053673112389,2.4876382763168143,2.8751370801663776,4.856081079641108,5.086912002919287,4.168587557362906,4.140481130263741,3.8984868256920846,4.419125753600431,6.270362606990521,4.931791141758946,5.08149026743896,6.8425463481190745,10.521672954409466,8.95688664757882,9.354009905146471
18.175792555038853,17.159226395475866,17.325985254183603,19.89354591138083,7.810751809838765,5.096714206135235,2.6026841906895557,19.307858805478716,14.838253077912476,15.793964867044608,10.490252262551682,14.159957744212004,4.102485160490137,9.83584542800126,1.711913422842018,5.907525934554988,3.12954604277349,2.1150606226800757,2.7635092382858137,2.95630439053922,2.2812985227640183,3.5656701595808804,4.603036075057494,4.640404400150142,4.557461065532564,3.9376789066104565,5.32137848864437,5.174259409041959,4.829317220747574,4.764019656117321,4.976095167283923,4.782788560949572,11.313617772409245,5.744353100325706
16.49039534053582,15.19106936326927,16.593739526166814,15.752478452478188,13.202164617693047,4.795612078222389,4.833187882495292,7.262460278894422,16.736074602549177,14.388047846882762,11.971669610758571,10.741467479484127,6.221459052016837,4.102042836945426,2.2797749302692054,1.168178960391188,3.7837559192324495,2.1408956441685647,3.5729355772602025,3.599205979400342,4.191685937985471,3.712233230724705,4.083276932281276,3.7328610707616767,4.279993771403554,4.487485279283495,4.8450104675119166,4.794571247751112,5.06050698335969,6.315941118128778,6.339361250757079,5.134075253254688,12.416706245698856,10.316400322920632
16.61592205968221,15.919539964137392,17.956413333142248,16.41765611160073,14.781456935624973,9.549078243993096,6.416673539860921,4.741251485509387,12.967259412118247,4.928944859348248,8.84839369971932,10.14254757402707,4.738635248907546,4.912629220863418,6.472750731504899,1.9875340583404582,2.202226195892747,3.1853809514528497,3.910037671467084,4.265053377246953,4.638262226401168,2.5276267589398955,2.598715195808646,4.128355592055484,4.7303802753127435,4.597882409132687,4.276417790587639,6.194158556463476,8.38410574620034,7.921447862626274,6.193346797997078,6.738946236029888,5.638413255350902,8.74560024605682
14.814695387900413,18.526752328205678,17.00650695224133,16.28165443192583,15.569739229103766,4.8860602733255964,5.136524980748445,5.771403877867136,16.931587138286925,12.816847056426848,4.0504372833365485,6.3643352872943595,6.927056993501204,4.931045810569411,3.6020459037221766,2.212240713607407,2.759209982975026,3.669519913251486,4.6979352911355345,7.753567965861938,3.6175239885441792,3.6270050659805104,3.3270739139818875,4.73150374760928,5.394513171503844,5.988779416339963,7.649609116797153,9.333735420125393,6.420575662002627,6.804102118308356,5.470290047495248,7.548042040868274,10.160364987612313,7.712355835430924
18.581184496887914,16.551291193284317,16.66601817757147,16.495483106350466,12.964835656614584,8.000200944926581,4.259346157298237,9.960964322608243,13.413211712623454,6.002800547449578,2.9177673399289086,6.465268050198161,6.084797719544205,2.489822223629875,3.756686700208514,5.016545768549284,4.499621236443895,4.964350503027557,4.904068800106899,5.442260808123778,4.541776895400751,7.466467071736906,8.193601284615715,4.812385565630034,8.23634746289355,5.164247304118401,8.383757415091182,5.398224565975436,4.571894861569114,5.179761449107181,6.900949779097667,4.6451384227805805,7.936796233766494,9.731914885362924
16.65166621784019,16.49359246810006,15.162729982838473,14.710476425295512,12.767121118854408,11.688076455103811,7.112282225553354,14.070698928475197,10.602993162611954,5.6395828213564725,5.870696208685327,5.793079636630224,5.04506268418716,3.940212500740322,3.857099666837652,11.006391715298754,8.24466346116485,4.659025967457793,5.609186150857055,5.220885249390318,10.99077399093773,10.876412668601187,4.647335570576947,4.347714046769484,4.60869348627768,4.555177367735934,6.107397923533923,4.90997241415513,5.012476370706376,6.664298193690017,7.314513321496441,8.829773067131175,10.608242558938343,12.751143243006755
