script/wind10m.json
{"header": {"parameterCategory": 2, "parameterNumber": 3, "lo1": 3.000054539987559, "la1": 64.9999836372058, "dx": 0.5, "dy": 0.25, "nx": 34, "ny": 52, "refTime": "2026-01-07T06:00:00.000Z"}, "data":
[rows 25 to 49 of 52, columns 0 to 33 of 34]
2.845262556463813,2.5161026918600107,3.337539389015796,1.1673537562111238,-0.6802002967688824,-1.3958502790034004,1.0729760494520606,-2.579561253458186,-1.4120084489437277,-1.5348998469501793,-1.6615263151787711,-1.0588405365139362,-2.420830295787747,-8.364377884040206,-8.522262805933387,-7.435796685402886,-6.6907316835897115,-1.909835031679766,-1.2894639287478868,-1.6734342776893787,-2.4237188468863864,-0.008836643075874982,-0.07279827883351749,0.46024874716490005,1.031101955187808,0.9001908601339557,1.330098029105505,1.2059222516260402,1.391192957875447,0.1295779522695076,-0.09559621974574246,-0.19279523734190435,-0.2204128978699428,-0.14109195794506643
4.192283931148489,4.692856328080198,4.75081398601508,3.966657606122178,3.2837933884844355,-0.5058112831455408,-1.1583131568794207,-0.6965712626411541,-1.4634844274297816,-1.9177088131217588,-2.199595955693434,-2.5217490132655738,-8.458681649432505,-9.47932753477081,-8.554823390220122,-7.283354478249447,-5.247146028682864,-1.193373797649701,-1.6158229934602013,-2.7833515308552075,-1.4177550584722172,-0.9209852717070215,0.31760611298869007,0.21198852353515965,0.2249104956010043,0.22192680190807557,0.8083051514018849,1.301046298797121,1.4127965444099377,1.292201811516042,0.008299479318519437,-0.26936126857582277,-0.3145693300539119,-0.05651893891760838
3.02386937204487,3.6049806463351857,4.253656055191609,4.226217795497791,3.589201518447242,2.4106844446524347,-1.4203734469095979,-3.8632426761484915,-1.755191452975665,-2.2711048092321207,-2.0419729488674396,-7.976087564820951,-10.509512615540805,-9.11664222932165,-8.442022428099216,-7.618799147225764,-6.414111152633614,-2.532125464800148,-1.413074139374263,-1.4041303499787345,-0.4399265956043346,1.198594284491194,0.267866319787496,1.5223979530112668,0.21221356922592197,1.1059059432532579,0.8253137298176857,0.6620364035024593,1.0892883975674519,1.1901082669077645,0.852274797541586,0.29394656954912685,-0.24065050894295345,-0.3913500056808929
2.770999694494697,2.6899004571638683,2.7803549156577847,2.6709923951897268,2.0683211737892706,1.4394006813111124,-0.32231594496939786,-2.8702565744827293,-3.5211529052664217,-3.1171401484562598,-9.2171842100163,-9.599173333808546,-7.910757388655428,-7.443665440829481,-8.19726015909259,-8.03288569062019,-6.653267519384106,-3.8634819371425677,-1.4645828456499779,0.20084713069832225,2.1106628891844124,2.2836157440524967,0.7213078151666302,0.37672905653810473,0.9882863108161938,0.17975569208287923,1.4648345681412727,0.6663887458737482,1.221809320928221,0.4355115170999247,0.06274905456235835,-0.17858673338443168,-0.7378681566478577,-0.27072480809859434
2.6256514443025476,2.1798425594564637,1.6912788021481335,1.3774958007197862,1.3831782529794014,0.3236045998652711,-1.3926772548336763,-3.4934694213489843,-5.2099106569700195,-7.062991443637497,-7.056079533109206,-6.209982056403193,-6.718248418324049,-6.5319129989761855,-7.535038064323072,-8.23493193133901,-8.946383727791094,-1.6785391836582626,2.28164740027013,2.790660285563822,3.31373342676661,3.0108538933678135,2.1593972967781183,1.533802801415057,2.0712367259552233,0.9577631619811193,-0.35134078344326036,1.256798375800189,0.9745143650729718,-0.04330724958615338,-0.3000490652568278,0.9893776669420716,0.9090395024890264,-1.1947320223452516
-1.1047064202185781,0.26100059868517145,1.8384161865855881,1.855387394493039,0.266940832288353,-0.7148034411617866,-1.8414963598818215,-2.697632877758334,-4.393178786108873,-4.410478514900656,-4.128952598703669,-4.66336985153731,-5.353516877946594,-7.016818166706706,-4.0931868859976435,-8.153915073558657,1.1524299457833835,8.152097030871762,2.054086340660733,2.7626715571422027,2.4450468693202816,2.597998915489829,2.116686844773647,2.0371714954363545,1.0028798425212273,0.7443999275585651,1.4678898849953774,0.2731172093269544,0.9948096536905287,0.2317399276150158,-0.06758716740179392,2.3105011433593727,0.18512819205884495,-1.0920406089963821
-0.9597566859234422,-0.14830888869776673,-0.22869700224377953,-0.5310215506104449,-0.6793919054874072,-0.43642652068514826,0.43722034164960916,-0.8238568859877867,-1.5693625438715706,-2.240535821042141,-2.734921640269968,-2.903009627000274,-3.409523862422591,-2.2402915757906405,-2.9348133929081883,-1.802973226879313,1.56638001368297,6.15299246963419,8.427168450910127,3.4198453067539436,2.4062910376625974,1.8453442205553976,1.6637687541116453,1.9469929566235589,2.090552930055032,1.8641020605129737,0.4011677303723113,0.49545779000550094,1.18104794699531,-0.06095204774177731,-0.6065938818598999,0.28536332445976004,-1.2935795891319284,-2.041577582925577
0.367604768962716,-0.028457186443068664,-0.14241402155262303,0.6037669741482774,-0.03187036652297452,0.9026318864037727,1.5227032939486507,1.2367872534207545,1.415736863334638,2.469212553346378,1.6635437275746723,-0.11057315217997155,-1.9129452530434743,-2.432117518095029,-1.0482931640999542,-0.7911834588771364,2.2958667303406433,3.5841246431997074,9.251862377760288,3.0963127121710476,1.8463474849305574,2.2447272969377683,2.8434506996389137,1.3229220846612697,1.9608869785121612,1.390738921228445,0.9012189915312568,-1.0893772584628023,0.956513618747215,-0.22873825540359413,-1.1085362841096436,-0.9190176900359965,-1.6778217727583231,-2.011081934673341
3.1559558489928348,2.153269526835958,0.24920020253883737,0.6506128447499485,1.6330212500888854,2.61239986050755,0.9169587997979983,-0.25956364019032874,-0.32561581730206973,-0.5049433705653417,0.9109176611027379,-0.11612233138403395,-1.229104922440442,-2.4790192760993195,0.28842417359984857,-1.3152631786523978,1.5333387743709712,4.304345552327651,11.285739705191585,9.781995900738485,2.5501357640520963,2.9021909303084366,1.8433520507656294,1.1009051551566909,1.2522127766191,0.24756586183020884,-0.10683963933303622,2.0833064789130438,1.9776262134805047,0.33860018045220686,-0.6079011281985612,-0.586302280903212,-1.1427070750026687,-2.112278474909596
6.341522728241082,6.450451407230483,6.855379425816999,7.8216721626341155,4.357054982721694,4.377248529735776,0.5766087913087788,1.6764108081515812,1.9067632864873407,1.900895975922423,0.3493726358376949,0.21813746538140039,-0.5545519744814388,-0.6169544469395742,-1.1878173617371013,0.7575719995597208,4.686245788538496,7.2505076513255,11.256326044803576,9.66468238144319,2.73812462254963,1.5597656755816753,1.9258878261747712,1.4185260735332825,0.6024080016349113,-0.19703319979997722,-0.7925052705281105,-2.1899891466066834,1.8854060045906897,0.7832032250740009,-0.3797097824247714,-1.214860961298691,-1.9239450319969644,-2.105241365122136
6.066079712952739,7.507612060983167,7.453228836075583,7.768718735168368,12.425285060098211,11.829365898723248,11.315175981583282,12.155212299746255,11.705304112461052,10.974888960818697,8.015629775675752,4.1480328356657825,5.167345502554789,3.902670274626417,4.047586974186489,4.129470522255192,7.394469809954308,7.744679473993944,9.81741671908046,5.651635679582598,1.99868294436476,1.0044018644697112,1.5986685703182082,0.5410588437052827,-0.4068959629005426,-0.18996831283022475,-0.7174931552974202,4.1988004856076175,1.863720930941629,0.3124657512649519,-0.7519303317936473,-1.0963789619277435,-1.520769643182337,-1.7473979187316055
6.202871849579011,7.770853059846423,7.847438948340813,8.197571141120461,12.708503807845524,14.690689200363781,14.01815616353247,13.697338106371795,12.768669886866794,12.369564100436818,7.903092008793369,4.715059314583678,4.0154972380304885,3.75879351199259,4.350359841208247,8.506518292772997,8.257145992999687,7.811738422331865,3.9671577570283065,3.106051395287393,3.0810961476146654,2.0868961215221775,1.4346541436867122,5.900474118099985,6.122490731675826,6.55514830333193,6.35120770269579,5.499785302219373,3.4160558223735746,2.398282723332354,1.0255344462726148,-0.8634825929444945,-1.4892341397162583,-1.806125486202435
4.724072875246146,9.07886255136598,7.74574222831192,8.091150381209813,14.577462572430607,15.779770735985833,14.64622580362396,14.388857225448735,13.501848207780348,12.925772794331317,11.643565889081728,4.742652023903623,4.5995002797051905,3.7388914827286683,5.98404177052263,8.632356355686015,7.365538219246872,4.449358900884809,4.696362975146511,3.6497747251719126,3.382963848943228,2.2148280820206385,2.1036682562670252,7.011745528109009,6.685691264038141,5.956839953900769,6.877042589385603,6.1827023678973605,4.497050186228801,3.3791300806122244,0.6532324961310866,0.33897163549550957,-0.42006435155337035,-1.5825155740258705
3.636576154872608,8.019769655380037,8.896262352593679,8.844919426786278,14.3116694189613,16.034229499028637,14.987364245398892,14.878775478148729,13.894700947559716,13.397781615209906,12.341133838289785,5.477934177282616,5.215348128146903,4.586267249688877,5.3442353707932,7.046961234310226,8.102716315572605,4.360941848302924,3.5282416593828527,7.316782324898324,2.7360391299075775,4.301223589543269,3.5699915337598345,5.298640069412048,7.30077416429067,5.2382709114959365,6.471938152721375,6.037114416795818,4.598307152513281,3.9664280633237894,1.114079482899743,0.17583356443619827,-1.0841637660621941,-1.8031648099024755
4.5186731724110665,4.22831981497388,9.12519296852704,8.873747408629361,15.497046874730133,16.52527896474023,15.639408477175756,14.848753963940425,14.074258936026048,13.447420700957101,12.82155858909263,9.517596047824513,5.684408106107179,5.0511933382555005,5.787750757252631,5.554528042611379,7.858118213562027,5.02369371557082,3.866670543128385,6.564991169035978,5.090540359747834,9.441974033589748,7.176862994189337,5.530187383631923,5.058053375076767,7.200113567515119,6.5345596633916765,6.730415154859386,5.692233063322208,4.376285516918661,5.702075607715885,3.758641930454349,0.6164038741905243,-2.050356295131281
3.122406767528601,3.6614534647050054,7.453179221605192,9.438527966260862,14.897252951294476,17.032888857713008,16.29684164599069,15.155675745461043,14.159707792882509,13.399299539340998,12.867977776641105,11.564817393248509,5.559843487682975,5.400312615996751,6.9336312988842055,5.837424111665464,7.872323207669807,6.228470401351407,4.32514723078331,3.9261759822268734,7.706834415029004,8.140250925027198,5.346922326012778,5.542393509518783,6.607263263810081,7.788093952823063,6.172890577176489,6.4738009239001,6.027164762664123,5.778244619000725,5.400888141587106,3.2985567759375045,0.9327420894539717,-0.16942521113721226
3.38645863367443,3.338919487967917,3.4336897347312796,9.874132540657182,14.360585765861998,17.48104464654786,16.799474694581328,15.941727857789072,13.990537539957291,13.527945793090153,13.022228113590142,9.080133133816513,4.237386860283539,5.344859044930342,8.451737591254265,9.150660049028303,7.862824154957649,4.934642424541393,4.445967672445969,7.256510390503702,8.458504972565127,6.674305590856711,5.371507180254795,6.580191490949601,9.03755428005558,8.39008518398708,6.926105690874091,5.328847900647563,6.295244665570784,3.195602530943613,3.126925280325328,2.676042242987235,0.7375461280590597,0.9106374630109425
3.756625779414875,3.628618786890627,2.340860054774917,9.940502812140164,14.138211594482597,18.44185727413427,17.701487767561538,15.05900745506455,14.722462298721508,13.376135756131074,13.157148080012247,12.44148214809321,6.522790260493528,4.580598960849388,7.231592965500935,8.63017921674892,6.289269209468015,7.769827349834617,7.315613213540274,6.39774616166623,5.5694460374472285,3.208636753288357,6.051537219866918,7.273725089341661,8.835651545785932,7.842465796986112,7.373343068639934,2.6402902969534545,1.9838101919355353,3.3302186462174013,1.819264199912008,1.6131128631617917,3.335891478808845,4.0516742696241534
3.6553125839388985,3.840351752014512,4.134269249293622,9.714320292312227,13.09203526665018,18.019588577627395,17.15084854936228,16.05717621593761,14.922972684597791,13.600799970712048,12.933863857635899,12.13231175064391,6.491654686492225,5.36058382391549,5.194831441512354,5.150649210897872,4.016766014581177,8.024950029993168,7.102218100485417,3.0602849504992866,2.3574451450080147,4.808270135232398,6.235427959692563,7.715692446231585,8.362599328077566,7.782208113732219,4.19745370736809,2.2639419807336063,1.2210745469598636,1.5994402240005017,1.3251876698894274,0.8923806485114492,2.614685271867749,2.5961913429236914
3.334442033905441,4.6358251469126275,5.799304080671428,8.492474260789155,10.022123586713782,18.800392860519302,17.8690427967784,16.53066745064338,14.677142705663067,13.434582292377776,12.51981599598922,12.014662963067126,6.045277132975504,5.196339865681366,4.181078994979372,4.429588797396981,5.0110071847302216,4.984600296145926,4.309645016283348,3.221864386045759,2.3390769093796275,3.8983923643859573,5.679484488522485,7.313004265842726,3.08670573880236,4.191437129204639,2.872948978598837,1.7870522930799162,1.7639501267533262,1.0175011800678229,0.7843806341613818,0.9368493053963255,2.7989500891512065,3.6034511469896957
5.141983047923991,4.913516019635124,5.769926058213733,7.400984133357133,16.335074189074223,18.65153694294616,16.862843254821865,14.879876318237182,13.427984158373215,9.75751232585297,10.101993940537808,9.789552712676166,5.933427954006841,5.877709077704663,3.5580750932056593,4.630013397359198,4.372471897112591,3.690627211381212,4.053884644169149,2.9744337368017426,3.1043913609820346,2.5007919241622854,3.923384089787172,6.067727952955472,2.940663131476692,2.620022261126176,2.7864483653233676,1.449936787909961,1.0321249531474672,0.3525721598650679,0.7910737549800383,0.8965977571921151,1.230848279775593,1.4924756439286226
6.276348423375822,5.5740196925669085,6.117567593780165,8.77545097676712,16.10090991307967,16.570892908078065,14.233307191337463,12.599202576677765,11.336515197804427,5.405827573876822,6.0489363540241845,6.7825373531189355,4.564183140178638,3.6093360020841696,3.3467541797270437,3.162307851603148,3.4892953651313094,3.5471837820907943,3.0829949566720507,2.4650356398523012,3.211703555220236,3.550703246115103,3.034144080762195,2.5903742098999367,3.403740565094378,2.4608515073279973,1.174540763127082,1.097177842911209,1.1555834640709042,1.4877290062975603,0.862815258641476,0.6448851146078857,0.930158124737071,-0.13344502072767925
4.918256970158773,5.582679248318038,5.488299248228804,16.39984328629383,16.075069509595192,13.965453199687547,8.934892227405768,7.827485632951693,8.057628286685903,5.730413427053607,4.813833192220127,6.064039934949192,5.65359610889163,4.626982895625216,3.5521939026028964,3.0517757502905587,1.6779484261404598,2.350558637680699,2.8029638169335533,1.902575111577393,1.936219283788913,1.965681061372675,2.485720205482829,2.1249208064058895,3.0834959894729517,1.5585464222633298,1.1129576392645515,2.032363151007923,1.4776406254027965,1.3530217481584546,-0.4767305412298904,0.342189217547042,0.16564077174530714,-0.4249891670339834
6.422609998435388,5.1965624074461,16.753472864786257,16.89997909101082,14.381922009404173,11.951520849369954,8.202257726587545,6.402475501198162,6.821003530210736,6.2642621281333035,6.670101577579193,5.803954631196826,4.933139067104935,4.96991149535858,2.7893952666115354,2.859001428090325,2.877512211977737,1.895417333318387,2.59374831721092,1.6215984383911728,2.445303919195257,1.7192283274955884,2.202870117735142,1.8163194794317004,1.8776904121705362,1.590095953141343,1.2318472104855627,0.5177157578727261,0.9032791479816445,1.462266411811194,0.415356129619777,0.3281295347232049,-0.18238449178198174,-0.8632872087990372
5.474749912558933,9.578535499184795,17.178653154543145,18.24775688383676,10.742891632529659,13.628994877682684,7.558076957661275,6.710700683059878,6.291455713415997,5.7011079293156275,5.4685545951781895,5.467569684554619,5.973821006812444,2.945080726866027,3.1735349628904963,3.37341227114655,1.9086934336612675,2.311923416415654,3.462425609402893,1.7895754660818735,2.465502225984248,1.9266038667488814,1.9964361433707407,2.699101732571352,2.4379178675218807,-0.5201585172346234,1.0315233242925637,1.0567984161363935,0.9821459243478037,0.657808195403821,-0.20196877452620968,-0.43509095594177927,-0.25274287499473796,-0.07518335955732372
