script/wind10m.json
{"header": {"parameterCategory": 2, "parameterNumber": 3, "lo1": 6.000027932988019, "la1": 58.9999434238085, "dx": 0.5, "dy": 0.25, "nx": 22, "ny": 24, "refTime": "2024-07-22T15:00:00.000Z"}, "data":
[rows 0 to 23 of 24, columns 0 to 21 of 22]
0.20142624282886412,-1.8561516054941998,-2.2205326956906335,-0.6242540016852159,0.8980841420513815,0.8975904417554313,-0.8128554737677957,-0.3426145252889234,1.3981344547316181,5.646383935359841,-0.26131696416063604,-0.6133257744090855,-0.19072516092388223,1.6222042635807026,4.873627333206233,3.5888911375827037,2.270489019404832,1.633108402338629,2.045804115283529,1.624134526646976,2.279332818681428,2.350319922287964
-1.8880448404137793,-1.8934502095634036,-1.025993541663611,0.20004886763267377,0.19420501582203384,1.285677636144533,0.4415901547188737,2.9433243237023174,4.509441449917865,4.941518024469979,5.361615306007811,0.46648749014282903,-0.06396967864361296,2.001838031390212,5.469286021864508,-0.13813004937144774,2.164720178734545,1.7975879620392647,1.5979323990829224,1.2904690949779916,1.0097603054298219,1.6867519442152041
-0.9117214964526751,-0.9078582930303277,-0.1504405223479047,0.5546642979622048,0.2160659908982434,1.0346695762573495,2.0407420903221434,3.2815752590507437,4.2044517593214366,4.827914200287345,4.026282957508898,1.3674327165006188,1.1506120683628438,4.180398229911604,3.3479101245263014,1.2301099665918998,2.4914050192216197,3.841768088736859,1.8977175447870815,1.9573820106204989,1.2107844166227568,1.7560599490793165
-3.5802695417202623,-0.6061355903831184,0.5987587696346345,0.658769099281895,0.6668641981417337,6.437280164221933,4.91681646789479,2.194089642934398,4.572771224414625,5.5924913326522665,4.937998163922777,2.387844083618924,1.3458572107117384,1.5828194458074665,3.072785620519168,1.4421816484001604,1.864101614033941,4.174324769086656,2.8561030238313196,2.109350355245901,1.273861946794512,1.6591732395635843
-2.427243791189917,-2.6118532675099613,-1.797348230541953,0.5297859236920965,3.8843982582267764,3.28821770504938,2.8372325316599873,1.5347707280981653,2.0409379011301594,4.3794432623055375,5.042168108116535,2.2472171053122802,0.9475942763730881,1.8810913544372314,2.1448626585703883,2.118743964109392,2.173006780307368,2.369408742215609,2.055142023699392,1.9050341287357984,1.4679060387333034,1.3198897830324214
-1.0493249896078904,-1.651020739610937,-1.600098634298911,-1.970776673651456,-1.0528089189742305,-0.4364786333236113,0.8208044140316628,1.1392129070706205,1.652734326547348,2.857506515608068,2.438617142929541,1.0050452284726554,0.7254506229866658,1.8402043697974084,1.6136203933895605,1.234137736193689,2.8237594067193124,2.0763168369140512,1.8977075180882612,1.8149629882892155,1.89749635106207,1.3966558524659627
-0.3813723196684615,-0.8336600127843111,-0.9568104003410356,-1.039594003467973,-1.1701587463617746,-0.746715877709168,-0.16137894501202282,1.0469103468816612,1.0424767321280375,0.4089809297689633,0.03035419303639533,0.06850209555100925,-0.08616268052130634,0.9239388710617109,1.0857156688603882,0.6576477122014108,2.4879328629224817,2.5756029864998955,1.9966009338433897,1.9389242456933236,0.9118210118476757,0.9796533388965811
1.1536195292807359,0.028573644105857002,-0.5865028475140848,-0.5462065193210464,-0.637259404168111,-0.3627403721476028,-0.03894109105343714,0.5788310098306566,0.037341383622562625,-0.2865369444516956,-0.510697916433291,-1.231349268655384,-1.5203190091278809,0.17090194969241077,1.6353710236424561,1.384997631116045,2.133276749958316,1.9967513172526263,1.621754125905667,1.017509851403297,1.0006836079340602,-1.4858150174941405
1.8297701068316228,1.1449988219665541,0.05233026554611858,-0.5881797529100096,-0.4224102479880303,-0.07395429208380477,-0.3913433404548027,0.4216662002825238,-0.47996414935392895,-1.4141919917430048,-2.1723915768711013,-1.888739534397089,-2.2344408037994077,-0.6325654653130063,1.195731921593712,2.0381048739579533,2.7331783148439244,1.8297312303547124,0.9468185781278852,-0.11804998854567647,1.1422478576594342,1.9859406004477482
1.9436581030480378,1.1794791451465338,0.5337290313357115,-0.4892927925207277,-1.0567626036293765,-0.6458646320364076,-0.07249991490332662,-0.17598254875183858,-0.684855188200253,-1.9517646347998894,0.35441060426365734,-1.6952676107593199,-2.694350145890975,-3.0664548186021183,0.36702368959952225,1.660842377000579,1.3482443685065937,0.8671443162414956,-0.16297742179680064,0.1803536954746992,0.5690033442878539,-0.8244827162652267
1.5565604781202347,1.585097739862061,0.4347619262271441,-0.39520730884281724,-1.0840189572076024,-0.5981278852252907,-0.8738397855675295,-0.9483232235421145,-1.0524121778922748,-0.6530866908848798,-2.5759008109561328,-1.7963992661115809,-3.598265928019502,-3.681769653627013,-0.3059848464775941,1.1064192022885284,1.0722465080754573,-0.18759485029078837,-0.7203332091120118,-0.8580073791963583,-0.7265276213089067,-1.4133455137640385
2.6856115394257016,1.9674867002970675,0.5669441452170778,-0.025946409679184577,-0.8969128223861428,-0.5658873875699941,-1.1553829136101565,-1.119966014124281,-1.6434472231157429,-1.466433993732231,-2.134680853598485,-2.385762658279201,-4.432568461284152,-3.0977068763940157,0.2702876535059577,1.4981743157358915,0.25851984478368584,-0.11514048161235789,-0.6583215519570524,-1.159799305209156,-1.8992234108561865,-4.470715853758329
2.5107001956829795,2.2268492565316116,0.6952645077569573,-0.3788542807110304,-0.8695988033676406,-0.7977940372462998,-0.7005864323330365,-0.92166184490129,-1.3884539621779048,-3.486948047520203,-2.280489044680542,-0.0213417241379345,-1.256482172567156,-1.444272369166732,-1.808679766517428,1.2479135782418356,0.6463981532689564,-1.64530277754552,-4.4933905708218,-4.3612824145715825,-5.88227678201191,-2.9872011911535155
3.217781951235289,2.3886827314318904,1.1380807385980467,-0.26621354913616335,-1.2663460059364864,-0.629025572415301,-1.1512969156461226,-1.0041841709013022,-1.1803117584589966,-1.4219397410138914,-1.6139444252893902,-1.4251488821225977,-2.2739927263082405,-1.6969835567891938,-3.0155122898226914,0.7983092717166831,-0.3323055807689247,-4.148228014800157,-4.36257314486283,-4.134359480843957,1.9199342312679344,0.24334816274085413
3.3779248494402565,2.4518990536453784,1.1521884707222863,-0.0503709517694505,-1.4249156531433937,-0.5216597595796204,-1.1172263719537368,-1.2240696094089847,-1.5809833564915585,-2.2458417528537886,-2.2349354049560026,-1.3182493640704915,-1.2867294853111235,-4.0343352381881274,-2.2997291652267418,-0.3407466823750669,-1.2555858958599364,-5.005293740305658,-4.297197665601228,1.0626328376182026,-0.5283847696950847,0.08289932422858881
3.8333049698215804,2.393920421740715,1.0614046418858494,-0.013804727049664293,-1.2719234368507455,-1.8060974352457428,-0.7964083116860521,-1.0059052887687505,-1.3978031828431323,-0.9460306942406499,-3.416659188870053,-2.4576023087822096,-2.548603821326058,-2.9167552959228527,-4.763151886816786,0.3116536334983412,-1.3057674994591504,-1.8084804354780257,1.3007039478508904,-0.17242948118567883,-0.9687905905392213,-0.5769470777882427
4.4684657974088315,2.9862298961501708,1.034753628968541,-0.21282439954249605,-1.291532080725409,-2.1873030863538037,-0.9625180098200494,-1.077304573746589,-2.5603886195207015,-1.5016265291472246,0.2803304330581688,-2.1732906549238273,-1.3900330652552184,-2.593749836878595,-4.10368100733333,-5.778795694157758,-2.6653212260474497,0.9688479849897349,0.7298612636413324,0.5467377877542621,2.9576787525610118,0.8450343983253418
4.089958927741074,3.2576612131172875,1.3778818411687503,-0.3823637720991509,-1.208033797107692,-1.8862420098098525,-0.6527760742558215,-1.3426674753436494,-3.1389846358953597,-1.9963468852600306,-3.122918849462227,-1.3129842333561312,-1.993921006126583,-2.0217459564539624,-3.879977180065759,-5.406705929895857,-4.227230542270454,0.6833191282554186,-1.8636698130729716,-1.7146055439642398,1.1935298611421354,3.6140344091458663
3.7786310802372047,2.261811042032176,1.2976222638333352,0.08798807703189396,-1.3417556441714356,-2.0737715225689857,-1.5626431701720886,-0.6857600695339677,-0.3174001385285752,-1.7899859936883822,-4.1649987537535536,-3.3852471957086094,-1.9781701194909995,-0.9844180074894513,-3.2081635022463737,-2.705592858554209,-3.983655552071549,-3.016089253567742,-0.3151036129773101,-1.3488894269616838,-0.6323278639637195,2.288669897168435
2.3978127537485885,1.894290768441499,0.8597596471028889,-0.22466058130925412,-1.4419123681717467,-2.164090874730177,-0.6244498595342416,-1.4015809601791422,-1.6455982901969766,-1.5484369016437565,-3.079370603256818,-4.765593149630312,-1.9499942712673888,-2.527569463817172,-1.1099411761949516,-3.4782377873099932,-3.24964837398567,-3.995464533209262,-4.3600018549624,-2.0243711567285265,-0.9988183044614753,0.4320528918387985
1.772227916494965,0.7082294263569556,-0.09016424787285472,-1.951526158888645,-1.7665156494195744,-2.413611483127237,-1.7298389628914392,-1.3033444541685897,-0.42854621130894954,-1.0080689594428267,-2.8496806575288143,-0.38770566383249166,-0.6172570627430971,-1.7068051323629982,-1.5884122799980984,-2.0072865063797622,-2.91732310826699,-3.219866758073661,-1.1037980616996093,-0.7865486395953432,-1.3114744714444198,-0.6872409395080594
0.6561994716696207,-1.7409175055313104,-2.326188437903382,-2.516768752315262,-3.785321158489774,-3.965231633967858,-2.1779821406992697,-2.3122846685345584,-0.7128826452167673,-1.2255308342239124,-0.9810726751957397,-1.329518655594916,-1.489527244541897,-2.7385538317871165,-4.192839121295324,-1.4931988095534618,-0.7428602013577067,-3.5015097050792567,-1.3310111954083168,-1.5836855647978312,-2.1820653752663777,-1.5618932778879993
0.3304342733155307,-0.874742651020591,-2.675413738343708,-1.3081224605039807,-2.1847319233800477,-3.922295950033455,-1.5550439931741524,-1.3242460705154269,-2.182763375854206,-2.6196847776153764,-1.8945623904847193,-1.7960343546142166,-1.709849379513103,-0.763329239179053,-0.7917767027258267,-0.609179079276165,-0.8623091500428676,-0.6912933371720105,-1.7732465175598875,-1.4817163811905394,-1.869572617174552,0.5302818364882318
1.8884398744616409,0.828845895040943,-1.770412380726096,-1.2357492471003182,-0.1559364846232663,-1.5767342233803348,-2.6574172370932985,-2.034485107388673,-1.9556770889361872,-1.7826756710952432,-1.4708274601674125,-1.5080313043886422,-1.748105191880185,-1.0470311801327545,-1.6571108326492032,-1.3672171890266467,-1.9466851722450558,-1.2893265966235548,-1.7370467171487896,-0.8096743795377316,-1.2857239560550606,-0.7979356042879772
