script/wind350m.json
{"header": {"parameterCategory": 2, "parameterNumber": 2, "lo1": 3.000054539987559, "la1": 64.9999836372058, "dx": 0.5, "dy": 0.25, "nx": 34, "ny": 52, "refTime": "2025-12-25T16:00:00.000Z"}, "data":
[rows 0 to 23 of 52, columns 0 to 33 of 34]
15.92713597282134,15.704731285172443,15.162948592056667,14.78084023907973,14.489884747259195,14.749326874904293,15.287198763926336,15.27857284031246,15.207462580739934,15.032890592451981,15.35768385395945,15.706689821450071,16.163050645483064,15.999458028133093,16.12998947453402,15.566703788270132,15.126340803687771,14.163428525840581,13.695960748201017,13.798733445976017,16.93294335911113,21.44174345404364,21.608973738282536,17.67706594365578,19.40960348678169,9.494970639362979,8.317359311275268,11.48840329859183,8.568071335205827,12.212262063036658,8.427236509560657,7.6192635119334335,8.862894556414888,9.94744808988547
15.458485324285423,16.22983667306432,14.973098596086261,14.642804568776004,14.194451729944221,14.38705492285441,14.631056728160553,14.835560202283176,15.084079022678802,15.328546193612771,15.471628030073749,15.583367378972033,16.669638892280872,16.75156641948836,16.553936133784887,16.39978101562754,16.176563339069673,15.153008339070668,13.913599068740169,17.96910481958744,12.998842580451752,17.57232585971595,15.70132855345878,22.509544384451825,24.282254370107374,14.043313670242986,12.248996356502278,11.313228550714314,9.081477850043445,11.0739148899018,9.616142226058829,10.109017433208844,9.400165781287207,10.68815994979511
13.734136971525466,13.653305822187322,13.799834172351261,14.38282801118837,14.207370583761575,13.604686452075883,13.879468657974874,14.411557763150554,14.959607084227518,15.246005170885278,15.501024919991291,15.504308845872929,15.786728473011795,16.609315907998262,16.282722688828954,16.538269953693494,18.781725825964013,13.395230289773455,13.97058664201274,12.46332955436992,20.755849616562394,19.54769935772397,19.414782512793714,22.548206962210724,17.113009288134958,10.505886620632506,12.144444292878017,13.819621997476384,13.346429458847716,12.435383145334768,11.298933286648683,9.197768830908558,10.480509424403772,10.986388192690255
13.080724224973272,13.075207182064979,13.092657349782488,13.478381333905606,13.339768382186307,13.264110289831754,13.11260043342539,13.81240782518049,14.264238842457887,14.981473259011212,15.197946997127577,15.192646638914193,15.282844065080493,15.721059478647579,15.912760493838027,18.446845270104987,17.66317359119269,13.817373623927173,14.472519155233094,14.007746889406036,15.447419944068237,21.240723811299414,21.03957870834497,19.338868973480004,14.83160134686952,14.447920617863872,16.47858681954377,13.132966151179668,13.743473220784448,12.872318450030436,11.365224645548567,13.094615404991869,10.938718908047953,11.529271213036887
13.076075330015378,12.653499722315676,12.734742128461432,12.598401978651221,12.610868638987782,12.629753731996601,12.767702231540486,13.100773135648696,13.76358480218312,14.516934893610234,15.019216646636053,15.206574855330976,15.706029125433139,15.205656865132205,14.633646688592272,16.326118854705854,21.45191237413769,13.218180450910605,14.71497116636565,23.13837615056975,16.106189337837378,24.570343069385874,13.363896585275603,17.481164756394293,14.70023644168893,12.65027688293,13.215599888240424,12.779682228416576,13.282183382582202,12.763533132610783,13.26566403552617,12.860810180703558,13.61489137436462,13.167826937010098
12.304474403045521,12.276410757963701,12.385461608940588,12.459449973757485,12.417319566406118,12.305651144054554,12.419139539750695,12.921723544184415,13.631898293653707,14.255249072926834,15.022718613864068,15.879798116425544,16.23096925662958,15.809351075872073,14.93612416893892,19.34433842008962,14.893250105690006,14.65054394129925,19.634061100824876,16.52785629488588,17.350473005279195,18.54992244996785,24.161538362073305,11.417756204423553,13.969070175326793,12.597091598583047,13.746816417665915,12.565586369881041,11.599332289237811,11.991413039236674,10.796026825557188,10.675670278352802,13.022647211431682,13.354831182645299
11.725134810014618,11.774618514259448,11.910042092183764,11.832432054335333,11.771295297425558,11.751326293480762,12.071418630734367,12.458248837116354,13.093592985128403,14.210763637152453,15.246621828430737,16.793929813954552,16.20514599110362,17.733912753140224,15.865204345997551,19.193993865965187,19.640017621657663,15.842841027614648,18.57617848940338,19.75974438818127,22.680252727514354,18.18089032953459,15.78109309765088,15.109893957046866,16.0196301469776,12.391319069651939,14.965899648926694,12.157245230681477,10.683962892158567,12.705044891762874,11.082330294966077,12.069934701617631,13.088773382679406,12.757389668555128
11.188883652646078,10.975473630666212,10.973274122513553,11.061212558424028,11.482661521278919,11.486798209610802,11.654963803806915,12.246853201754663,13.010399086605313,13.85453471366085,14.872534677276022,11.66104654067163,14.348238647077734,22.896031777842207,14.51990026801661,14.25886805245214,13.350813404931868,15.22533655881129,20.373204948877238,19.83061752847737,20.215394980930277,18.92912822990014,15.357963662858866,14.211661505039762,14.815006598010878,13.703206611310035,13.710869815419018,14.157577510832713,11.485548381666645,12.145710864212772,12.165515668607446,11.05061099433316,14.14312449734828,15.740510345446094
10.130777581743827,10.00614218397863,9.911417796094327,9.957148394653826,9.768584410742594,10.268941275594084,10.644681535901432,11.282807278324155,12.71912491788626,13.317148796377603,9.976540868392982,9.978029374761025,16.25796062575101,19.345486910171545,17.560352298447377,13.309042185798337,15.376654871076688,14.82271566917678,12.402095782287345,16.68546410399623,20.78720468992873,15.929075087114418,15.726567846106628,12.900011269394163,14.926170859963662,14.399293044335163,14.728036995549356,13.252505913953852,12.435010020905393,11.914933707811775,12.507128938917306,12.46380162558605,14.149235226059904,17.079402872203346
9.001124588867427,8.438240665931065,8.977863412626448,8.709606889217474,9.239817509344498,9.132077079793225,10.287099453508404,10.341565010276016,11.14670975268232,9.309809697530072,10.500328095226541,9.450586520317982,18.22733382930915,20.98396471231019,8.365371531781722,14.86705980469964,16.785000355534418,14.615940975721246,15.295264536012667,16.639728128831297,19.74281170368358,15.986267605275726,13.999417533726051,12.986534723013255,12.34876542854041,15.043101979050224,14.536584958510614,14.005568874437955,13.45019136443262,12.377963594082619,11.37281585935065,13.112814940681988,15.953693880082248,17.435067775855202
8.173066185413614,8.135976621175951,8.013855670587596,7.770689226541554,7.805699283721195,7.932693892893492,8.874872538897748,9.280134620436977,13.079290050762385,4.853985001710642,13.249678102603678,7.508845811837997,5.210653795421241,17.533462077747004,20.048956019651147,9.405477386177656,15.085304679517531,11.842197699177747,15.358725971677606,12.871451722851749,16.752568560844306,13.2675597437842,18.480720380214077,11.900153444083601,12.823442893237257,9.662188781152997,12.901733066890502,12.082651408986338,13.898399273262829,11.955980242919566,12.927627031903533,14.58908130380162,16.712104745415697,18.614645491668828
6.737291524837338,6.742221446691681,7.292783873204746,6.875662613541017,6.316465820104236,6.611787071334435,6.421996509014295,3.8894359587017355,2.24270905139503,7.308763640028952,11.530743726240214,14.430777312265585,13.373507307519079,15.295287356261507,16.58127997097224,7.567963139795504,7.593172026068005,14.741925906850023,9.193227384577492,14.246988754408106,15.884529942750083,18.510799503309073,13.711668621888514,13.569327753373456,9.318776702608364,10.946601164139649,11.683337957455795,12.26723735628127,15.581783364995202,17.123946219019683,17.573698028466165,16.7188797853359,17.52216676700802,18.53783575630773
5.991403209540492,5.868620491878199,6.181912216082914,6.7171746220333866,6.652745141685028,7.071606350060366,4.640142056756345,1.9210194942406797,3.9787962571325375,9.288847510744024,12.672423636448,10.683711351951064,14.36119113577895,14.871017679414669,9.538564389378253,9.69401466429346,9.848488999007927,13.336083945989738,12.773483009565883,14.495097955321786,12.50351341179862,15.11264911476523,12.873431472717991,10.96089614604528,11.176747592827478,11.505661622922824,11.224461895394793,13.280601756009636,12.567604387024941,13.82232778513506,14.59481390183505,15.665677777686232,15.640378336374434,13.396918418307953
6.767263380339482,6.469483232855845,5.072482334127171,4.756642652747867,4.410982384682528,4.304611363829023,2.375615066464442,0.04358002527342242,0.3813873657266858,7.398064138571659,6.982440150466892,9.404837186029456,12.968016964984837,9.591450894154397,10.982145253651673,9.66020160612744,10.376797462785488,13.94483497289563,10.794750264280546,11.546627833125235,9.092607807399057,8.394376586675374,10.21643140987203,11.583471727692212,10.837034125100207,9.41778117337637,9.947908137850051,10.360744644805356,10.614583509256558,9.61813716278595,12.70318066098211,13.510489384483504,16.048102977967766,14.893865368532886
6.182982269674794,5.170750019287393,5.11360750746915,5.197619076914864,3.4768198711119127,4.701952649051778,1.9347408952978753,3.584601382716599,4.142926942384788,5.169436491928424,5.196504500704917,8.330876842802605,9.344199136590003,8.900817539246235,12.519444496769253,9.062236630637921,6.352233792145789,10.771439589438913,7.466410021874077,8.199527413189333,6.809313876591826,6.639522628286171,7.393802039066376,8.99030789584015,6.935477606275817,8.515931868919319,6.674886683493279,8.592455974520288,8.525001774192486,8.813226948612074,10.267457349332263,12.906387185169585,13.78256161802974,14.703503865316408
5.290584056294913,5.42996039110076,4.619943681343638,3.8578794456608554,2.7126915977571797,3.9577267862746304,3.1663503913438458,1.2089047428669824,1.2489501420404778,4.027545755700256,9.165295436525078,10.188224842248827,5.6352551713471035,8.140293254723206,10.207826759766697,9.55378780028774,7.211874986047368,5.9177410102464,5.858993390993557,3.929410585773854,6.264742855009123,7.192118384156097,4.47432230262366,5.593997844616295,4.110468382993609,6.832156644658195,9.849524027688664,10.069620745876783,10.42556049396221,11.018082584597312,10.460338862700153,10.665317839629601,12.643487361441716,13.777430401415891
5.254752119064696,5.53193345379541,3.436622602161693,2.7283699898525056,2.3559567471030696,1.352634619310478,1.9656531779545592,0.8710327727967484,0.555274647240695,2.1815639498577104,7.710378319537203,3.7569205509297627,5.730416239570378,7.503948872253927,4.939990563215654,6.5228022678631445,4.323659680462283,2.26916124366525,3.8682330680567363,3.445994117734407,6.220004791261716,7.033911415167333,7.993021204212892,5.288040818555788,4.694541982579173,6.208891205247562,9.92559911081032,9.60814816874919,9.440099232066302,10.724033429959649,11.84310394596031,10.958981625863347,11.465263939108358,12.413197291951025
4.365366891588404,3.59268770212126,3.8093021178425515,2.687806039750415,2.484468355700061,2.204484964521333,0.5583409127273066,-0.25464625372684196,0.3666222049821349,3.151683315644435,4.980718106655516,4.358716010479589,3.726800687281101,6.163688746149319,7.839304462078687,8.903074162574146,4.589061689302781,6.939951296127827,6.3838029706990715,7.392580610491768,6.156189018013434,6.29674975790321,7.087209793109973,5.8674973772056855,6.453166855166424,6.491911773418083,9.038801338995563,9.658068571009967,7.31352298652001,9.703780178561544,11.30473661598341,11.826387176060074,10.97053930768935,12.303057529114144
2.0794491697254656,4.117665921253604,3.5784342156603524,3.3792655936715583,3.3572723987976887,2.654234263093208,-1.4984516908479033,1.5348807986670996,1.9891387198133634,0.9058968494855428,3.14454464064404,6.374887590387337,4.926774574023431,6.186511244354627,7.730544971584197,7.785296191870923,7.117955261606104,8.165020196055542,8.126469834178794,6.97429876824536,9.412642738671362,6.896010230841141,7.261374851166663,7.1954075639632,7.98017074278818,7.205054525001133,7.68126850768895,9.597246247163024,8.447344977605798,8.161432582204933,11.444544990816107,11.884945062217342,12.795544448367181,12.403581761483952
2.3926789115978297,2.0943092354021533,2.6369478285551184,1.244701429068262,3.4225087634107614,1.8007596029187212,-0.4921576619219572,-0.4868026010907792,1.535394575437647,2.5715776750509467,1.7651945113193837,2.9601198175501318,7.981190745941743,0.5723357468439451,3.8713834706345938,5.746864203829528,4.531837039942999,5.48585587281348,6.344607305028464,8.781795344550764,7.626350204041198,6.264167174815842,4.95445406756119,7.256524815502081,9.85900566571266,8.419188029231035,10.522282743952621,10.699677595281097,10.141395336736561,10.145114417148314,10.537943551776443,12.850066190568624,13.119370201299352,14.129197959625616
1.3505122332815582,1.4310122416356548,0.493481264301882,0.5666622447194677,1.7486189525721711,1.6234103843211265,-0.46512641723834836,0.45204214682096067,-2.556587072112553,0.7892367034174147,1.6470364309660193,1.3553641663164389,2.2522278915385034,3.8235691035566415,2.973152512927985,5.22289480681651,4.652006347354227,5.161285633557112,6.808828159637903,8.138244705954378,7.814295942778768,7.689049850485417,7.71361721897765,7.2818049270492065,8.936225480808483,8.355293521267738,11.465902655727387,10.819162473913304,12.11014296187446,13.28942290057932,14.662821359087848,14.398775754883033,14.099596399156276,13.851517001085734
0.21655223936473403,-0.7532312772363624,1.838414991127303,1.8158577508128773,1.5358143219529206,0.4080343191138268,0.07712065619063165,-1.8828319719375026,-1.6065994026505317,0.48239348171872576,-1.2620725250470581,-1.683567662669084,1.7337633287610388,2.2126479781266672,4.826881547555453,3.7877319241688117,5.14499565720612,7.46891258071922,7.042482975804513,9.786542005333567,6.88683446307221,8.784182621642588,8.767383028968215,10.030601855485772,9.330600745404093,10.489698147571504,9.95806430466477,10.076386798972031,11.72531359135486,12.075032834511351,13.512994501169537,15.394392946726068,16.290863721963795,14.438076916711474
-1.135467932674469,1.2111056347215667,1.5615848302971718,1.9833295813679648,1.9385178874641733,1.4619521605179555,-1.6167283364271516,-0.897168049890232,-2.9221806438569624,-4.611831783846862,1.844583795329373,-2.618119068267069,-0.7285389142526375,0.03259295076885539,0.48340071597468526,2.79431065352756,5.256245331318325,7.084575476279146,7.840715421253983,8.456922903961066,10.267080084156557,10.387499904779764,10.477999286820294,11.198136473282569,12.25445362657565,12.881417726768188,12.528024151558684,10.902103469395167,11.723824690921568,12.253670925646253,13.08216831539709,14.254682725396943,14.507566068464284,13.917430044952235
1.3118552454056687,1.264112150482099,1.3089854524341304,1.7311526431807787,1.848065813974248,2.758060281748855,-0.20621626082984898,-2.403331760635243,-3.308081588130569,-0.13239895479586417,-0.8581183623472372,3.5017503848917335,0.38446559012703746,1.8571211862507957,0.7535501553160462,3.3240231114475063,4.435462556722153,6.7251973445182704,8.62822839699637,9.278112017354626,10.625086624394822,10.909847056848344,8.864177570809488,11.946859781857492,13.499199228973074,12.223922972760862,13.664682766932726,12.936057190869434,11.186599426619225,10.54021251961772,11.968576428069085,12.895857313056863,13.118717135865703,12.787860691861594
