script/wind100m.json
{"header": {"parameterCategory": 2, "parameterNumber": 3, "lo1": 3.000054539987559, "la1": 64.9999836372058, "dx": 0.5, "dy": 0.25, "nx": 34, "ny": 52, "refTime": "2025-12-27T11:00:00.000Z"}, "data":
[rows 0 to 23 of 52, columns 0 to 33 of 34]
-14.430139515024594,-14.855205444637331,-15.004009875066657,-14.9936414987616,-15.429208831161823,-16.130534398378934,-16.623856548456665,-17.0549329792313,-17.649570295152767,-18.294462422761182,-18.583181271584305,-19.08501185744565,-19.7235388960314,-20.298303912388047,-20.536403270488805,-20.77536318983737,-21.137705767832458,-20.42279755666633,-18.557323711975286,-19.40010260456943,-20.284315238100547,-16.086176751696627,-14.964659621793894,-20.968081456212655,-17.756897695937365,-16.48427565133282,-14.87014726720395,-14.103652526971532,-14.604173573509756,-14.0914184981651,-13.669648674403128,-13.519768835765289,-13.706375319873045,-12.794023884719259
-14.092139207136922,-14.650082044849798,-15.0321632146153,-15.300025978010597,-15.37179234113584,-15.792763999602174,-16.255761613920413,-16.549736631692436,-17.05206976678116,-17.694602890323306,-18.190282600496946,-19.346439163010565,-19.018614578724446,-19.810673709502613,-20.180219848455444,-20.39462383220994,-19.90186039834032,-18.39704317094802,-13.691218901445907,-19.454513876937288,-12.925806199365415,-13.605878548376001,-13.965284775921504,-15.027270362073109,-13.096887618282082,-17.35603609007187,-15.422603636370367,-11.331145260442966,-13.945266545286229,-15.113252682770817,-14.255939329874963,-14.23038011653715,-13.681668392351005,-13.576951872188898
-13.842483329880697,-14.378040196047156,-14.870753516944488,-15.30305374015201,-15.571276528513753,-15.43490600072283,-15.765225938384011,-16.370510506840706,-16.733628938582626,-17.21999541180013,-17.634430834555545,-17.477695027253926,-19.026948442680258,-18.621360062756395,-19.67275820696292,-19.809614717602837,-16.019888220286525,-14.131859184470313,-13.792414686337965,-11.669689408109075,-14.564964294007238,-13.284092841145439,-10.472725880184829,-16.994883546303086,-14.609414522948319,-14.012250758919896,-11.678976253204508,-12.654996113662403,-12.387890417293567,-14.420206939292179,-15.2756347266337,-15.842507504973318,-15.302935054366328,-14.027181277654122
-13.888055184443397,-14.0718983731591,-14.579854391897618,-15.034390261893252,-15.332136915815187,-15.657245882007983,-15.645931633253623,-15.625285428768864,-16.032811013931713,-16.552880086657485,-16.99605965395646,-17.760935878939545,-16.564837124538464,-18.27216328382146,-18.11425836687097,-17.643110381144854,-16.490269961954866,-14.306371656847165,-16.58686494390741,-9.498349951257053,-14.051039489165587,-15.760941793985882,-16.570214816681915,-12.229424416058723,-11.330502482004386,-10.74672652905844,-10.590583667056777,-10.314689414450932,-11.642233811115755,-13.201298970983508,-14.795926499842667,-14.975595627516983,-15.118925427032766,-14.183059149015646
-13.768151787768664,-14.016082058939823,-14.136744713241978,-14.615954238526689,-14.81385076789716,-15.039492861886439,-15.146153279541432,-15.4203031840639,-15.314783669551765,-15.49488311377248,-15.966661247359703,-16.246334135492106,-17.591293808881193,-15.096003116734963,-17.211257353469875,-15.452203347771466,-18.511969606034395,-8.875084676444093,-10.171926997187326,-16.294440825156904,-15.02642147234743,-17.594312868367275,-12.908418020722069,-12.493370166776767,-12.25002724984818,-11.507293202362716,-11.642686928768683,-11.732117535737496,-13.002005787930864,-14.000357065642296,-14.41346390667717,-14.447009989740437,-13.701580988000716,-13.383227570358642
-13.778173062200523,-13.949755154060608,-14.069238021815424,-14.095234919050078,-14.24056227562492,-14.494528916885734,-14.515844142607282,-14.323916011002366,-14.5380005130846,-14.10107334547621,-14.80766556048839,-14.446389043462345,-13.491312343336045,-16.464453709855512,-13.677637851540535,-14.521682342356526,-9.856631984440428,-8.380780206470229,-10.341945570634513,-13.079684837354243,-10.7282733144679,-10.65912982695581,-14.953189382064016,-11.754824759575799,-11.793666860256144,-10.846176022432067,-11.691767651511924,-12.413101267792221,-13.535568847822775,-14.143789628027427,-13.772992480039617,-12.053834966379553,-11.991020792679125,-11.908625315284851
-13.827143384766671,-13.944474806484715,-14.00561964785877,-13.96965397812953,-14.00073938238183,-14.025928856101597,-13.766642916786898,-13.705614087259969,-13.534063441039034,-13.195551852363254,-13.40761192014899,-12.308830114119846,-9.344378836208781,-11.235943548757549,-14.093532809399447,-10.24969919927923,-7.540936805982432,-12.597086461155428,-18.14247522354704,-16.50025767128427,-7.4820061161624265,-10.98889881670921,-11.833593036687974,-10.020237672392772,-12.285463897563018,-11.477248267922487,-12.362076758278821,-13.4881015249493,-11.776403341924953,-12.116568541330818,-11.491154744045572,-10.98999806872977,-11.742377991051205,-14.2929037687373
-13.598001519498592,-13.829971195803541,-13.699707260631333,-13.564832544614216,-13.445480584730259,-13.334290438087567,-13.226550589483677,-12.719793387727231,-12.375183185168005,-12.152936546856674,-10.300221136523778,-8.266418118982914,-7.996604648844928,-14.69550806108811,-8.90262781199313,-9.299254122630076,-8.499701506307392,-16.639375112604473,-11.665910935798303,-9.648626767733742,-15.819297563135741,-10.567392984924266,-11.44399304324053,-11.782635106218558,-11.093485741749705,-12.163891098493206,-11.845815729387102,-13.191836316322258,-10.803103327501509,-11.655025004074927,-12.668313723708899,-11.838544809694213,-11.090900303345414,-14.275247991137642
-13.522612355414791,-13.595437781905481,-13.5323183772335,-13.455725500580108,-13.110073506772867,-12.895143290753238,-12.30083263847007,-11.910126982619863,-10.999714533204642,-7.823380450391428,-7.416378475217049,-6.207166080993652,-6.127241086300498,-10.841097241282268,-11.55050229954014,-9.769384078594427,-16.32585395598421,-14.177445913270564,-13.823064402712765,-14.47118014610279,-18.958458206612793,-15.879125741583135,-10.424493583053806,-12.640286816676284,-12.606913772665015,-12.275044034482187,-11.350157050020675,-10.408412807356507,-10.728803484388683,-10.397767407725269,-8.978942871284705,-11.751934825677221,-14.07842230527238,-14.688351038194346
-13.49702854116143,-13.701685120486076,-13.68135636427452,-13.24638108098814,-12.86791510583374,-12.315160895166636,-11.615825428945403,-10.667780511742535,-9.420195888204468,-1.096079375333906,-0.1480523110657943,-4.877037296624585,-13.747014069084731,-14.142659768334003,-13.254130650758219,-14.921526831961735,-11.108044321657221,-13.746608251562945,-10.451396236576517,-15.137000109508392,-14.845357664457863,-11.106532664496477,-11.318223036511496,-13.782357168319285,-12.529246593694912,-11.53832634038671,-11.430514769132806,-10.79402700390862,-9.533155946166152,-9.389675521843962,-11.20560064686967,-14.278959577044127,-14.850637337155204,-16.957031357233255
-13.75239031162894,-13.738825503486774,-13.791852771932707,-13.539925118182717,-12.851135797711104,-11.832166671119401,-10.222159405820676,-5.54585796486127,-8.586736819076268,-6.011416012950478,-8.89617467234986,-13.249529099890514,-10.709543822296244,-14.422863676051126,-16.417873771047113,-15.483547738795735,-9.121650428310627,-10.839129200802919,-14.05926187215694,-11.654058265251898,-9.5132494612291,-10.503481998993259,-12.90747757901762,-9.757939418499003,-10.792804723525466,-8.873777746577856,-8.161481936704028,-8.529700575690278,-9.330086418137878,-12.404652646800226,-14.326603997446057,-15.84851693760893,-17.225081336600724,-16.863117102609802
-14.242755367881152,-14.126569071703857,-13.873500795161684,-13.78407750575808,-13.098758268268291,-11.356192865791861,-10.30435213282052,-9.395929341254007,-5.053300270408982,-6.390409027483946,-11.973675511965494,-17.382953427775927,-17.967444587502474,-19.38290034403571,-17.038318914252102,-12.715158029688874,-11.60640691348076,-13.655717938186331,-10.677277675535507,-12.867963792783357,-8.833581807257652,-9.227872777227226,-10.720705711083474,-12.741493253511397,-10.145264755032995,-10.127176452765188,-11.776750177499048,-10.119785529136276,-10.858427276284276,-11.409205781213734,-15.270981663925744,-14.279574886155668,-13.958473527665564,-15.820600686394602
-14.738102772242456,-14.587044467546459,-14.378573642613071,-14.060929397226674,-13.588046381928274,-9.955787509202517,-9.805523247925207,-5.862040343901356,-9.18077395096089,-11.54235438488272,-18.42875886815132,-19.260376260458067,-20.64984429104528,-15.671064790904797,-13.601725853132407,-10.151380751574859,-14.67591892405927,-11.898601211198045,-10.513873220034226,-10.238613823198197,-11.904022534776427,-13.088264786444892,-10.93293500436123,-11.758862501945,-10.83811709827724,-9.344066014159447,-10.017276913384233,-12.692207334056384,-11.595975096245963,-11.906286460089897,-13.655969209571488,-15.143524036612538,-15.36008621573701,-14.588819664992066
-14.810160764677518,-15.151739504017494,-15.10123613328636,-15.100082810192376,-8.966307204390294,-15.879502848931256,-11.786081155185308,-5.678859000696739,-9.303252717349183,-21.708096122935995,-16.058650796993575,-15.542226026600517,-13.27984612246855,-7.967933001707494,-14.852430666720506,-13.651910374829573,-12.264825937654589,-11.507075169688827,-12.49530496847604,-11.212554719623128,-14.225401419031662,-15.903317047732342,-11.376676394176023,-11.604320840039634,-10.799372027075234,-9.542784030395401,-9.582302387719993,-8.399706431795456,-10.038650052734521,-10.395452364737741,-12.236886898596053,-12.68351824481606,-14.235014453378028,-13.902967200292784
-14.952422777208133,-15.294545388692281,-15.639267920705963,-15.865611505637466,-13.742811204895238,-6.757282550531882,-6.300708453043391,-10.649487141700993,-8.364218906341906,-2.3490675926636113,-5.63645106997166,-23.265450518180185,-20.407946275599222,-13.8755043281569,-13.661594724757812,-17.92413716737836,-15.0555923049176,-13.066391276573261,-14.391086346871578,-15.230769141830567,-16.785946172077765,-13.745758142331088,-12.85015692006869,-11.646194847804239,-9.817132919883765,-9.468163807440085,-11.081369732521999,-11.901902773791239,-9.834170883766985,-12.301642447112615,-14.220358917463672,-14.865194641742804,-14.4264005526725,-12.869889181669553
-15.363714210229078,-15.701472295000926,-16.128246021196706,-16.40093558659888,-10.826985095341108,-10.954732464033464,-10.368463237404905,-6.2064693406169384,1.0891245119773596,-2.680483835004898,-6.170561692371116,-12.199179650705059,-5.229330566326641,-19.196992164048545,-12.172909177271233,-14.615987741357399,-19.86726458536212,-14.556364313524417,-14.25377725020663,-15.865020536231293,-12.59067336640219,-14.0645162424906,-11.281532953860763,-9.608570470991099,-9.789168226747776,-11.063194322406792,-10.85020640718321,-10.715647075863844,-9.587473121360516,-12.396065833810438,-13.504185167436786,-12.356392416642977,-11.680932345331161,-11.584344351773074
-15.80806980373497,-16.358297450325022,-16.545403708624697,-17.054824427969706,-13.989756664599684,-9.003093074715894,-17.337691105588902,-10.76886370126387,-11.889993181850093,-9.97870192762465,-0.10378265436550754,-20.896314603891806,-18.63874217525999,-10.35598511621387,-13.849617905483838,-9.689945705761932,-12.615670517514081,-10.686131485745216,-12.828181145865312,-11.712493325497363,-14.942439035538666,-13.72300721856992,-12.949457112253398,-10.194342608968697,-11.685131672496446,-13.011914521632193,-14.06078339501141,-11.577606687216983,-9.693297416890607,-12.083725612899475,-10.72389320622285,-11.003464342851302,-10.060798805270663,-12.231006393311468
-16.138667905272513,-16.60989862904591,-17.045209010012766,-17.349145419855425,-12.353340352832696,-9.99141475902962,-10.248321045335116,-8.794716240925373,-10.790715091347572,-16.87159735712625,-19.56799045970438,-19.963149365966746,-7.91570600241923,-9.48020644191592,-10.848735084234553,-9.214690633325501,-8.589033171325415,-7.585906509644304,-12.75484050824117,-12.397571896863557,-12.781015426455772,-11.930543620773122,-12.398266875963985,-12.510210858910412,-11.211588837677995,-11.702255927878639,-9.560052003260322,-8.335965522848303,-7.3457493245726715,-10.249218506599645,-10.83615340074368,-11.866476902200882,-12.076792778047881,-13.171688160465035
-16.197292163873634,-16.642665404634837,-17.315352149009605,-18.150224336444346,-13.12997046278729,-9.606202239574312,-10.265246121196842,-9.636504217846715,-2.0915396806197157,-26.55181180057221,-20.621419103398036,-7.804331804011738,-8.597333794393966,-12.564429252628761,-8.766996582202633,-10.693904881482956,-13.520660306252507,-13.017653896037173,-11.143961549026022,-11.873497390664392,-12.485965875965697,-11.281595049050502,-10.43056443270078,-11.110017688534162,-10.906439629217308,-8.916356998107679,-10.573588113599548,-6.211544483678374,-7.895664951975539,-7.971070883997977,-7.864175712691304,-11.550727340542792,-11.829474682466413,-12.820534077932395
-16.60072774251361,-16.911566237708826,-17.70855512339097,-18.211804191772636,-12.577634433405276,-6.728833446908841,-5.295170512095544,-14.390964981267112,-10.961214667610456,-20.071508835549665,-17.781528840036632,-10.480566798995538,-2.974107827171127,-21.818238201293788,-9.73179858724789,-12.396170043348585,-7.335085981834388,-8.389139886199496,-12.046757455035209,-9.170278127693583,-11.080003973448271,-9.679603923514629,-12.169971826899749,-12.174371455501856,-12.06545218976868,-10.773918214950852,-8.196974341740875,-4.429795937523227,-5.672002339165759,-7.770365314223703,-6.628034762541338,-7.852736646224787,-11.883898520188641,-11.194715577143855
-17.19588946349264,-17.345823496138955,-17.766079941144554,-18.89624929664594,-17.307036954654137,-11.018509460457247,-11.700123454509994,-18.868430209115033,-24.922584167360437,-9.151490720753243,-19.629024548336055,-18.993462232919544,-4.315154231234946,-2.808810127979744,-0.8118182587540816,-5.434402107168201,-7.338109610979778,-8.865452481413806,-8.444691483215992,-7.985071823218866,-5.6302035404172335,-7.448450222782467,-6.501712827297312,-10.924013052022751,-10.819544953264067,-8.256582897966418,-6.43127542092398,-7.320136896533917,-4.982206883409743,-4.299178187878146,-2.8625249461003905,-3.1689944431855572,-5.90243428536308,-10.330211883309799
-18.168400949306733,-17.946332891565195,-18.42391614035058,-19.396022561296203,-19.676160081309792,-13.841432210304896,-2.8013482334345365,-16.13584053385024,-17.443067571337945,-3.788087954899017,-8.46448280906492,-9.592659460018691,-0.19029994282827287,-6.648011722591006,0.5486601731893808,-4.936450845990029,-5.782783780460323,-6.057662234747919,-7.991443584875914,-4.81360961993981,-5.128467993828429,-5.560027385190248,-5.725628644641943,-4.567791158211993,-4.082702888472273,-3.301607880202481,-6.845725370709675,-6.857345653187131,-3.930572683860987,-4.714710312044381,-3.14569646150446,-3.808573751558241,-5.052578936135683,-8.828319481262206
-17.778288808810796,-18.932769794044543,-18.99536250064608,-19.40023507734859,-20.018260211168116,-13.824009961337014,-4.677077782751188,-1.6114779615656498,-18.442979332367948,-14.242599479047179,-4.7416031154531915,-10.579635810165248,-5.937938795897027,-6.22607348796093,-4.391193667148317,-4.114709686737559,-7.587225968500304,-5.601452581751015,-6.533700214503708,-5.765849659390203,-6.6247905536268,-4.147557830164173,-3.4696362922346267,-2.581089718159332,-2.598081962251232,-2.62920187472415,-1.9490802464041876,-2.3471579965673692,-3.8778412792633024,-4.053427497679232,-4.7109326678746735,-5.228447486610916,-6.503851351059377,-9.067938454947697
-17.051976707466842,-17.8532468678314,-19.32100384978448,-19.89899238786161,-20.42957168672408,-11.564753362242605,-16.68819362570648,-6.570522790318725,0.34918012222408873,-5.840925689284806,-5.932791651844459,-3.3225701957011826,-2.161227329280508,-1.3374337282365936,-3.602727362449315,-8.403979707023577,-8.002182016406167,-6.43052282606285,-6.6016455705382935,-7.0898620696643615,-8.962182971450185,-6.330735546981826,-4.016786287676034,-2.934345685641791,-2.8533606022837295,-2.2811387090628017,-5.3360605337630815,-4.17648681309246,-3.217950894899563,-5.510722520396851,-5.637644330423117,-6.560135568585318,-9.015396515277036,-11.566890199006389
