script/wind150m.json
{"header": {"parameterCategory": 2, "parameterNumber": 2, "lo1": 6.000198445256149, "la1": 58.999992894266676, "dx": 0.5, "dy": 0.25, "nx": 22, "ny": 24, "refTime": "2024-02-18T05:00:00.000Z"}, "data":
[rows 0 to 23 of 24, columns 0 to 21 of 22]
3.9107667680208182,-5.355880729381327,7.819671242730084,-1.8926331046738576,1.8097702386344898,-6.569266158313352,-0.11731145023032943,-1.1293725738645704,-5.693334455046934,-7.32318133663515,4.402954605286548,-0.5467030263378566,-8.92449034708716,1.034936284931433,1.8863986122658547,2.019061992723569,4.778539863739107,-14.985651477054118,2.1589492124798864,1.82746979465939,-0.07583376782222094,-0.7262604490353619
2.8170034617403137,0.5960645697330402,-13.293915968330632,-0.8369927722730276,2.6138940206247665,5.049119984077022,3.178357011668094,-0.8147953832604629,1.1454360905703926,0.1476099479903651,-0.4069220287989611,3.252055867866648,3.7880067868444676,7.530029061548096,-2.2425291970087504,3.768658944519341,-1.2932045644410395,-0.4715467937472829,2.3975304490057137,-1.0031843910264842,2.739320972704994,-1.345042794130916
0.7653252960125279,-3.1629063958321155,1.854256681742543,-2.719816970743042,-1.2505815545854722,2.0788925336763358,1.856101068628584,0.6385429744517696,-3.2800387842815897,0.04296413740315651,-4.133281144458314,2.802993511347166,1.4407069840743034,-4.106168951878362,2.196348617975772,2.855014075665074,-7.325469261749888,-4.606609865776081,-8.03778608131192,-8.645607272021723,-2.230570674573326,1.5876120994542158
3.4284957680830925,-0.20184417242056646,-0.09870791620824747,0.017249376216697806,-2.9566042282533433,-1.1438533872626102,-0.3718055385079489,1.5164916029940816,-1.6674999104371788,2.6670618755212927,1.64847111523034,3.2133082159818236,3.19628074080074,0.7031880128200622,-3.057507773256574,-0.6848400746191959,0.9906103395548672,-4.304640683011987,-6.125413964382008,-4.6518582468881995,-1.4391634940397995,0.7924467251016757
-1.6609869108773287,2.303461531484446,1.5729526242930505,1.5213481042136865,2.1715460487549745,1.4250995528502577,-0.9108880009455551,1.5309289834386115,-2.9588393078347885,-7.514897630071199,1.2658672468793237,1.9983446958981608,2.1777951288928405,2.4322464580137817,3.3810270788234007,0.7037969097540787,-0.7553713767381741,4.669621218303829,0.2552201088908689,0.20122475055306713,2.784514362900939,0.4711427359141343
-1.212799451167659,0.4075626538333165,3.7828473350572427,0.6152935270597515,3.967609864063088,2.8883357984423905,-1.7983902407638308,-3.2498796714648908,1.7637487856008394,-0.9707044025781544,-3.6064333051024504,0.4820932573631788,-1.483305376872893,-1.930683132057337,2.2196954113821126,-0.46167357910091855,-0.9300792295159699,-8.12405434326429,2.2964070065472857,-2.9264196495412107,0.9911865190046621,-3.147970585751526
-0.09410754242009374,-4.275235466724465,-5.367604739241422,-1.055527964415049,-0.8739151454207932,2.8496196765203377,3.4574021577436924,4.03918720088534,1.2548911173180328,-6.952383348994825,2.7897389867078974,-0.8423109257319736,-8.32991204196025,-2.0815032561481748,-6.229563746504106,3.886719086939537,3.0659474133658713,1.8516360135870942,2.0812167960061663,-8.343211245308717,1.1135364636821536,-1.6694745643440125
-3.2606977756884605,-0.06546274991814525,-0.8894407645783156,1.6708050732000834,1.769659989335824,-0.46293985570984447,3.47004707316431,0.8988027263343598,-6.498339408261242,0.3826256344707046,-3.4698863534029116,-3.6958039948103276,-2.1039632111751656,1.2724787850922321,-6.476477484886191,-1.8472671318421328,-1.6646919579322723,-7.0582244734369715,2.6718047588260134,1.771333448013937,4.390706493461651,-5.069835133757413
-2.704104549478481,0.3685079830368289,-1.3902554527054862,1.7512811464507625,0.19564573129899043,5.443439805835444,-10.87065357602952,0.9792639954926349,4.165164561092995,3.0522118201809643,1.977392762990616,-2.166083405889629,-2.566481591215466,-3.834351531653149,2.5188789474342075,-6.08662300439478,-5.002327578096965,-0.3279261677860679,-8.796351269434322,-5.268315798226104,-4.243833029210342,0.759676286861868
2.6229634817298657,-0.26425054099898976,4.234030895387604,-3.6375923982571106,-2.8595846129204228,2.9196542350289207,-0.17520637661672506,-0.20741743377617947,-2.3363116171755447,0.8437685715762175,-0.8521612315309907,2.921187273629255,2.720548572512235,-1.61272883603577,5.249622915673261,-0.8176984876026059,-1.0126143009092898,-1.02296104722754,-2.8097210402236814,4.633411742511114,-2.306611851670301,3.909839459141979
2.585719786707132,-2.501184361119853,-1.417593379823739,-14.754813565742168,1.575805204571128,0.6638087457702686,2.7016238548525924,-0.41138911470024403,7.9705466911872875,3.0307805178224125,-1.9384090521037618,-6.951896353716154,0.2007782311320573,4.465219578391712,-10.496291050349088,0.11838698410465219,-1.0654712776462125,-2.7115672965809448,-0.4193840086609716,-2.9463522651667358,-1.851091330767715,0.2582354946254993
-0.6585735398493429,0.3429956678206728,-1.1582429443830708,-2.3828370928735865,2.6124308916254178,-1.4514570867943477,-4.288778898831142,-3.019862089101939,-2.877190274104096,3.1286425328149514,-2.1568078891188724,1.3631148410122196,-2.484207356265464,3.8089364846804497,-3.026830585411835,2.7789033035890647,-3.9871152723195915,-0.6829246891698861,6.400059778868433,-6.307552233890623,7.864280630762628,3.706780973495421
-2.541465110938606,2.552460074192082,4.460486277380029,-6.724600119842426,2.11733246078587,-1.0162703756863567,-7.269760297019506,-3.406105693484233,-0.9484925413864279,-4.3193709859904885,-0.2332573304388579,0.5555111463490784,0.9506049492357016,-3.178836530097777,-2.122065693876541,2.3665045365416293,-0.9110205846346958,-10.02379336750223,-0.3472091016415231,-6.310316100581998,2.264847085369522,0.28546010328378985
-1.3691280675105184,-2.7468819138665355,-12.578714497334774,-0.5269436657400288,1.5301650560771205,-1.0005075942184845,2.9910649407937484,-6.045261767794437,-0.7207510539464329,-9.059515529824242,3.2968375365366818,-2.549961338086154,-1.0501640340920548,-3.019515255447549,0.4627423988086214,1.9833416568209594,-8.201799852367959,2.561593246319015,2.5090827862776113,-0.19543085026148088,2.7961179595519474,-1.7679934439159362
0.6103723674100139,1.52311900332636,2.8640491002050457,-1.4617673227181214,2.702167615497834,4.144940741698006,1.0889200735094864,-2.241487910443538,0.1603498008832068,-1.45861288763081,-1.9617480921750239,-14.477360791996176,-0.37845411137344404,-6.67767806413603,-2.198534585228491,0.11598397961160371,0.8632891034706456,1.7650736495550576,5.76354269469215,-10.01131124227798,-7.1896418271574305,0.891222304836928
-1.607008766617776,2.6423443872004957,-5.432438453750918,-3.765905093673286,-0.036913773735427216,-1.4705033587263454,2.215769239314115,-3.6316445635064274,-1.3592272641363952,-2.466665071679142,3.4819456671319404,-0.9235386273621965,-0.03452588432373846,-4.90317697416753,-2.302385204540232,1.6467743466144482,2.974351284203525,-1.0693310761972223,1.43365904462376,4.740621536854362,-0.30003830536190323,0.18186871573968375
2.587946480577214,1.5130463381721053,5.404819799562259,-9.801920084787206,0.022708626817160377,-4.797860877598691,-1.6721645940586733,-1.182676334547058,-0.522238687950212,-2.5780146102894537,1.6427123445474359,2.751676027964159,1.6341053594697557,4.310496906383331,3.6462191891716795,2.6445722377307113,4.01177624514779,1.7438588487078468,-0.7018276760592793,-8.455982590114793,2.438079806119481,0.7400224544963464
2.548048469707432,-2.869641446987269,0.24748463213269803,0.8044743514966503,-0.414586137171251,-2.3733427335176436,1.1730190859983116,-1.3865232785472623,-1.2518710211232569,-6.823473815177848,0.8628554691590935,-2.4422803330194465,-6.734686212078074,0.5876570722813138,-1.7261466395795404,-1.6504913331002835,-1.5868647367361612,0.08195193845495233,-0.8441775728807428,1.170369993558196,5.459059051327594,-7.797705497323341
1.5476130695121355,1.5160488945888886,3.548077461037735,1.4770491934768757,-1.5115712373955679,-0.6310511059577508,0.7285778941607521,1.31043959821037,-1.715744404312868,0.016408727971639527,-5.635469478906497,-0.9345678030103255,3.78573283018507,-8.397518965206375,0.1406784407882954,2.7247639998779616,-8.397547112051303,-1.2500401533471788,-0.512912471339899,-0.05747614279501932,-0.8202230375970618,2.5575152806979355
3.243881724740936,-4.874564457049104,-0.5277095799115608,-0.7750483156085849,-4.940495620577437,1.4739417512228103,-1.182722673639626,2.7134846744274883,-1.0575688643852998,2.2036997739459325,2.444057692842568,-5.383823702340252,4.912705270880787,0.4970325360490496,1.604367785152907,1.1340661796492484,-1.6862905407883468,-0.7276851856615347,2.971602856003269,4.850194132982423,-2.8009896347034946,-4.847945406727718
-0.03376463847191534,3.369678648194817,4.347002190045202,3.805927509919801,3.4514996978559878,-0.24832209450974096,-1.4327878681444395,-7.18760172161064,2.8748331531700595,-3.4604987808343033,0.5537192462022401,3.8088676521549503,-6.770793163945173,-0.12200438103099452,0.3427475688080823,-11.046954590668005,0.3899967364997201,-2.151310201249363,2.1831923629427297,4.5143040196763655,2.0308305608997435,2.3748023263160207
-1.5353570111685866,-2.162001480828629,1.7778456169365238,1.364690979297779,-1.5631818162548181,-1.732815698277772,-6.1103962511569625,-0.7738709997104116,0.1081709014783057,-15.730537957548467,-1.9364773655497505,-4.692825133202157,1.9307269292299316,-2.90666785806253,1.111483377753258,3.473777342752547,0.8469966563152369,-10.240121837233172,2.535045300654408,-4.2473806789998525,-5.453458691376757,2.2668543303349
2.353171758002457,5.062330727543125,0.4071959573204758,-1.3759345129435256,-3.601300984098643,-0.5906878236706319,1.1205846556194599,1.182755529135798,-2.6529784413117867,0.15812917259390014,1.2607852409083389,-0.780436626524243,-5.993817561170716,4.211235581026593,-7.178414910842508,-0.09401309395155048,2.5555336660208625,2.3597279130880646,-5.0552807410759035,-7.306488851174149,-0.14153881309542393,-4.417152038067633
1.0103280697039911,-0.04419746963627429,0.8718383363870039,-0.8412442623552902,-4.550650106128045,-0.7829559521197847,-1.8654656027322771,-3.3427824642427644,-1.436975991026061,-2.158503338387876,1.9991813251016406,2.8050927344442944,-1.4500225288151625,1.598355890098106,-0.8347627821339585,-0.8199185477417831,2.3769064925291152,0.4819391891562239,4.135366651079301,2.112731819951723,4.28901725519084,3.7619209422417077
