script/wind10m.json
{"header": {"parameterCategory": 2, "parameterNumber": 3, "lo1": 3.000054539987559, "la1": 64.9999836372058, "dx": 0.5, "dy": 0.25, "nx": 34, "ny": 52, "refTime": "2026-05-03T19:00:00.000Z"}, "data":
[rows 24 to 47 of 52, columns 0 to 33 of 34]
-3.657082160042859,-4.625027495619263,-5.583408039901631,-6.634734103531186,-8.598021498041813,-7.891047720918927,-0.5717665454413826,-1.3155119634976042,-1.8770164731130847,-1.4564277450726477,0.6077792709536723,1.26013953435885,1.2231103511737729,1.461554624327814,1.3028674540656349,3.3813201341640995,1.4339397137951204,0.7184179681429305,0.335032103459974,-0.06009280187558254,-1.0948317642298722,-1.8248770568193333,0.05089006654628794,-0.26616061754573134,-0.4751824208793383,0.023519305340470472,0.488834363458097,1.4838882967210778,1.030495539731985,0.9378222833530607,-0.11955454564137849,-1.4411728895709812,-2.897557168710261,-3.028091410786219
-3.7865371121008695,-4.707130228716557,-6.883534446483436,-7.867549119693769,-9.232952447339922,-7.7098842040136235,-2.4238861219348498,-2.3838081319208233,-1.6502973992367065,-0.9873815121016232,1.5532009917362166,0.9383572026859204,1.178660944396772,2.381969885336164,2.5240466069240757,2.392990839685887,2.0466587409945,0.5459090676605223,0.3363205527140387,-0.5507779594675373,-1.4687363461543703,-1.7115057141326355,0.6588648958789812,0.7711600622758028,0.7289975799212851,0.9289106708420168,1.5083462813801345,1.2960333569009153,1.193846862876763,-0.34648994936676075,-2.457429126915421,-2.9012143065084715,-2.7509454583119743,-2.768010562308239
-5.219877102789866,-6.266042576653851,-6.932834147031327,-8.318490598148198,-9.171708693253633,-10.822436169270999,-2.6011872573711248,-1.4715667784587247,0.8845113596529498,1.5493079880718048,1.0410722820581428,1.170928344463638,3.2770296515790887,1.780765668304181,0.9922023333049557,2.0978498743354104,3.1676278830741986,0.9051638407969139,0.32590419381150715,-2.6432728846371263,-0.5886486822121186,-0.42394662843704467,0.24426333301499414,-0.7870853903446356,0.7793626298121936,0.4779105990887192,0.395363480516322,0.9245668342323882,-0.07347709969726093,-1.9151132137396136,-2.5333576370944724,-2.448614968409719,-2.6311389775097718,-2.924470269300761
-5.8013137950968146,-6.044405883492981,-7.365811313611782,-7.785052945659726,-8.873321706798807,-9.965735622502232,-8.549481030442323,-1.3299236753526964,0.3128514175960847,0.8211809928009851,0.7147855012009098,2.2353219316171318,2.0782656691413433,2.2571699513877634,2.111419417701487,1.318092454910198,2.04847932280971,1.556278785875286,0.42842637830022795,-0.5195802042886065,-0.4543368797956678,-0.9702311927631843,0.8837441865065022,-0.6000428762911215,0.11759691606001876,-0.253937084766435,0.10859334137350464,0.40209365459725005,-0.23933569802170362,-1.6403562797008948,-1.8374351217958793,-2.374110655341462,-1.6996582678443468,-1.7318362202590625
-5.806635043376758,-6.665216020892202,-7.363391631190057,-8.163180898592996,-9.068442595093497,-9.309979586752291,-9.554123476246327,-6.135623979636506,-0.4400902937404104,0.7907972792118472,3.1171284580335166,1.8885806484753236,2.511406831413419,1.5177681866857318,1.885884619362243,1.9914494249732846,1.5364612865932916,2.2579912008283003,1.154594419816839,0.8060994605264955,0.6826413127925814,0.8347319399108765,1.1252977102417003,0.8927803320334557,-0.19685915545931676,-0.3697876762681789,0.3963065503945138,-0.09165639052585285,-2.4831432491425978,-3.077199377255431,-2.6044200163821105,-0.32073514547970383,-0.46523944499273306,-1.5145123828844802
-6.209434200055879,-6.5768292170816975,-7.210496414726827,-7.714257483683,-8.47638018312071,-9.158579797093825,-8.65264864692804,-6.180343559485593,-1.832547338802433,0.5800300939887839,1.1422816163954554,0.7428879441794914,1.095050475227493,1.0731138180000437,2.2811604003336114,1.3040527946637608,1.1941625339305992,1.876046965502727,2.101251618522495,1.758973881894928,1.524138288506358,0.7178168516398883,0.5677509747289523,0.24135960391609146,-0.21353292166691556,-0.7353823320181291,0.05943062929500309,-0.4971874264564055,-2.507600589777438,-1.1940432912729695,-2.1198858118157795,-0.24128690327888405,-3.674925010485025,-5.13033806680674
-5.4275181201081155,-6.31043830958744,-6.629716948929715,-6.987206176727177,-7.602200618175993,-7.568549692977316,-7.0282871785604115,-5.108216745940005,-2.271568771858688,-1.2632649350199432,-0.25611966704265987,0.1817938572187784,1.2145800649004834,1.4623529576099477,0.5073703817221294,1.1641279783494998,0.10516418091634815,0.6231522633965263,0.9516197955223852,0.5934134227950402,0.38577345218806297,0.5855151174763557,1.1569617306159987,1.5104863051487238,1.8627076244896148,1.431515825665464,0.5029664499509097,-0.8445207588195881,-3.037633396410145,-1.7824251391402806,-1.2951205270434236,-0.6980859996669435,-6.015270940749187,-5.167868566358564
-5.10393608378551,-5.941101268905044,-6.5303760935380915,-7.0007235620637465,-6.614168969861539,-6.522764975260683,-6.011590211575381,-5.26098807422945,-4.65050835450041,-2.3801631541780717,-1.3079951600318485,-0.012004089541694067,0.6881427438056347,-0.022057547522368395,-0.7726827154076743,-0.8527011204219824,-0.046393493074257386,3.722127853907935,2.382488037129968,0.8960609019653001,0.7103328459696296,1.0852376918749944,1.1601704947162665,0.9511061912990252,0.9195565903401643,0.4592734214559063,0.861130968253404,-1.4900953388135438,-0.27850613946685737,-2.2371154734666816,-1.8605381294084253,-0.1026328066665438,-4.6075710721712895,2.875881257500042
-5.504267501801599,-5.855573128305074,-6.255921524772888,-6.442782969023335,-6.773263215266365,-6.547807378997769,-6.8826354277117066,-6.590398793951293,-4.492330557564293,-3.1808420034759664,-1.8527901162378986,-0.39099249284693527,-0.7330573587666791,-0.511248916230631,-1.1222480461244135,-0.2973689695395671,4.681002437823735,4.297856179813747,3.1705368195135537,0.980220730137536,0.4497345562308346,0.4034985544522471,1.2871502403181718,0.803113244091737,0.4988329911216553,0.558813392517269,0.23359591903036356,-2.2338418073164372,-2.2037554542982907,0.9754062879661051,0.5203591707603371,1.2185275696598745,2.607443643224537,3.6660787114735056
-6.1089803919823895,-6.3943101510140865,-6.688531272397889,-7.149014148131167,-7.060251652724653,-7.077441094337084,-6.836558912377935,-6.112663210292762,-4.939424318677485,-4.285303106875033,-3.5295485854207502,-0.8675443466837851,-0.7752732341314501,-1.3828460483237146,-0.5771723002817031,2.9146292018790847,4.0787589793723535,3.2339676538244437,3.0934243192298467,1.737584168647802,0.21042629689274164,0.626709750947558,0.11782024634240208,-0.4121028780724846,-0.6347803140708229,-0.3325111416780261,-0.23451882662152307,-3.8229148741906047,-1.5505345984124312,-1.187433314715137,0.8665462181047645,3.0750357841036413,1.2131151054499743,2.810019408827992
-6.084181242781939,-6.31262040254907,-6.497279043930509,-6.831404111776972,-6.97135361413782,-6.93669142779538,-6.382700608300351,-6.166285545946391,-5.581807365336498,-4.176475262311752,-3.4182238415682566,-1.43817269757941,-0.47800989347525025,-0.7071398232230655,-1.2633258372512295,1.3016520076369165,3.7171909444341122,1.926219637639628,1.7635133249572914,-0.38519794791377876,-0.6144625216072409,-0.3526631362037982,-0.592511397271273,-1.0365126183304079,0.4461260037833712,0.02082877286068421,0.8894261955659414,-0.18682081576584061,-0.792444268882523,-0.7444321759503731,-0.003183128118687929,3.6779052914777957,3.5205432730290807,4.3520197886305905
-6.033433192970509,-6.484400318811387,-6.518071532550136,-6.614525314860553,-6.924171394099989,-6.580623089424329,-6.368087782815799,-5.941142442318119,-5.458371398015095,-5.01205978529941,-3.9380990720395768,-0.9930611003075939,-2.6820677173744256,-1.8410537482890963,-0.5880363168060295,0.7570473538569047,0.015618211042155796,0.5406812915703026,-0.7315625412509328,-1.0467976052652526,-0.8332813516650568,0.02945721383680404,0.4511115953016645,0.5410248401519303,0.486606964823051,-0.49100368817019246,0.39150494904294236,2.762776841790925,4.177764185086607,3.974761859005387,3.429552579793198,2.2320872147459,3.2331636734417573,2.7814722047682787
-5.974766836863651,-6.336927382438153,-6.633972243296376,-6.742439627040124,-6.2087976934038025,-6.3969438235543565,-6.454353487730146,-5.6431581094770875,-5.449784786826311,-4.90000225541255,-4.8353960528688855,-2.430179835775878,-2.045275345298629,-1.2077575504462807,-0.22289666077696563,0.662437008786233,-2.4225920216370604,-1.2225640466939118,-1.1755940547469135,-1.908668194717835,-1.177747301600322,0.020819008953835077,-0.485030160329184,-2.633913600278415,2.045575347972834,3.5825162001396813,2.090609429277915,3.0531551681502305,2.686997061181055,2.5125809134759503,2.418218957973648,3.2710831969357,4.678826648372967,3.8524840286658946
-5.258707731807663,-5.5575968434282315,-5.746523534544993,-5.51643460306619,-6.059432000250992,-5.837612099640396,-5.4875880649030595,-5.1909643718360465,-4.826408973873933,-5.121200270000934,-5.191211891124921,-2.4677334590105575,-1.3035803276638038,0.04437024662623383,-1.4180111955807895,-1.1330862211276262,-0.5225089967990864,-0.38236020745198174,-1.6496579849158337,-0.28135835729450526,-0.9085646094558034,-1.7989775880786705,-0.8444549542131358,2.02611271441956,3.04903232792573,1.8515107025173922,2.4770758273824303,2.9160727279136154,2.1302903267012807,2.8910795741557007,3.641759133077616,4.066498387527811,3.1409699662003816,2.411974908431447
-6.057632841661637,-5.730563750808174,-5.655922546338288,-5.650829327678448,-5.451546685762735,-5.1615058081007685,-5.182210472822028,-5.033266611784368,-4.924123802595174,-5.422802692573156,-5.675021317584234,-2.537147039225146,-0.700008568269471,0.7237399916572274,1.5036342889669025,1.5041569910393575,-2.766042402189429,-0.7657713570927965,-0.512087356498362,1.741116365782244,0.2539932015569437,1.2915407794385014,1.0830636246242566,2.685052613399739,3.1366346943974133,2.715237488197716,1.4977660015356489,1.9760020090769959,2.7529285677628956,2.8367312357031222,4.157457884668738,2.745832839839218,1.2310110338594893,1.274791483841735
-5.515467108982601,-5.17718984798218,-5.151419905491058,-4.7835394728827705,-4.3020409513111,-3.8381899280051317,-3.8333555212540875,-4.103791098498471,-4.000211351009144,-4.679282925574945,-4.525263217507082,-1.0231547062880522,-1.3230955844583951,-1.128163248807815,-1.2409319959896365,0.42836913910406754,2.8944966587633796,-0.7826217707451835,1.4081706136427954,3.6184808501374097,3.727027269288689,3.822020326083162,3.4989203629014614,2.6863518794575185,2.9616626362573046,2.553430711408508,2.547815622859828,2.1878743414676447,2.272167217623796,4.5191068206746845,3.269894024384633,1.1040444741233195,0.9249214225339223,0.13215956538022455
-5.308814305637199,-5.084304461420222,-4.009931534326487,-4.16601899340137,-3.3007526743767603,-3.3053063759786183,-3.595663394701179,-2.6807934800054047,-3.0643206621197017,-3.3321142397069905,-3.2597634454018727,-2.483644555726698,-1.0462647976752932,-1.3962074125509047,-0.2764221756854047,0.996621740797664,-0.0599377543484599,-0.5073749641214916,0.9332763207211748,2.442494009133043,3.993929381005968,3.8049714020169314,1.9071671195089717,1.9509037486049408,0.5803897932111204,1.443530561172074,1.7482874583036263,2.1626549745478085,3.6509571563150063,2.3529654483451203,0.9338278619536894,0.31847097711207356,0.15587382232665756,-1.8625948899610176
-4.162817794106432,-3.927211858539299,-3.5686366124995454,-3.1609059270616293,-4.408170644843382,-4.211092074465267,-4.247876051559415,-1.092608257986167,-1.4346641183366462,-1.1427671782706135,-1.927642262789619,-0.8176901268117281,-1.2547698831934466,-3.5098366607073404,3.654717702176977,2.8120053226947572,-3.16671236656723,0.09323772846483962,1.6875547492017362,1.9561305104136348,2.1509440848233106,1.5397213230390845,2.5025136714128946,1.551980249706235,0.686961882404155,3.0617395399603273,4.090197512745049,3.3028270799728414,-0.4807257695859271,-0.4380502215420329,0.41831159558938485,0.0884585181445939,-0.9412981065865664,-3.880278448880545
-3.6918689419550867,-3.204455195764241,-2.1407093894281126,-2.4536915964257378,-4.433999429669557,-5.006916738914322,-0.2731567803673269,1.9179461916247316,0.8912777151101137,-0.1715553751837696,1.2088362976011522,1.033351725567944,0.7073240803403515,1.24897046465104,1.9810837828977332,-2.448428978277016,-1.5926131361373952,3.450830580753905,0.5682400328326742,0.6728444389737283,0.8045768334629075,2.7873896584697118,1.0611800066226011,1.7111853661758765,2.250703465667438,3.2531988014374345,1.4653444266468953,-1.0885737620814153,1.034490288100863,0.3965321740815504,0.2911949322404065,-0.7956564951241961,-1.838359653353862,-2.570777359910389
-2.1077280360040653,-0.6157771080344676,-1.9361382753455463,-3.0496461459719177,-5.231201770643999,-5.507883064604461,2.7680552319911964,4.00405727833475,3.232287468193237,5.713169429004185,5.500008395908461,2.072024570711337,2.037722337142336,2.3005946905785315,-0.5072763691628136,-1.8605863902798359,-1.5159547048372988,1.495244648852528,-0.7184071981815793,3.1133530654495742,0.7081353421356982,1.484000987677136,2.6118842489855454,3.963796007589891,1.7465275130613755,-0.5723796480763684,-1.608646891711942,0.3131518095109569,0.2469789407286419,0.04093351029522711,-0.7413203849728214,-0.08106378263824268,-2.0072651724614152,2.741226459064905
1.0773306938198055,1.2209817660818476,-0.2629614465578183,-2.8241636988933823,-2.728115576826051,1.0814133539938937,3.6852142286504743,3.465421954596839,4.734346288581636,4.298354073649583,4.07714245905313,4.403063708762372,1.5016854690550547,-0.9628988535493571,-0.5375331835073434,-1.1808439604458596,0.7837578020723464,4.63915925214716,3.3361780989625927,2.855774934794416,3.105464233833236,1.648452000110663,3.3806697878735443,3.451631119275722,1.644134438259543,0.6859888681134799,-0.28430579560006486,0.13228339209151616,-0.7929981718358544,-1.061052051811055,2.621433877721229,2.9290271072715486,3.851686488106131,4.731993471498951
0.24992360136855585,0.41013487898372014,0.11515172316164858,0.09449639384610538,-0.07627502280228654,3.0071141749840415,4.29871823258079,4.70552949342303,3.620664378998479,2.248757978256594,4.181802119144104,2.9805263487215172,1.0522516156535986,-0.5675666818941406,0.5037342047949017,0.23946377934531418,1.9456529967527139,3.780980884117112,3.0349411905195978,2.9460546753293158,2.249666850870219,2.4034278244212333,2.4962590548954426,2.2879573011684395,0.30442327205006525,-0.5880654046719189,-0.10057006206341705,1.074958345032493,1.0572681606202836,1.8898633068507011,1.9350698388210528,2.192967613654367,2.896705673582241,2.7753027803554984
1.1903020904263975,1.0299821783842327,0.8706753525424441,0.9951309291866403,2.052552591744924,1.9258940064760603,2.589924885750919,2.3645235665076862,3.308998526594946,2.1287584802716486,2.5973737628440157,3.071714345449627,1.815246496098382,0.6556729202879136,-0.10724072894976006,1.0286670393104822,1.9672303031612197,2.3707047649104305,2.5376759750474838,1.983259366221146,2.7200944662155617,2.834528281589956,2.0938020580226957,1.3847401695641932,-0.1260558244434895,0.8477972700639562,1.1101109183521045,0.9156061201141646,2.413275334775097,3.0085336901355864,2.7278914266402396,2.7577154898437963,3.102558121067175,2.8514303586321823
-0.030193884557806194,1.2906776271566598,0.6492250888442597,2.2905216785731515,2.275837550279647,2.0337369690748144,1.085748123778475,2.1762178409413777,2.2191743324077935,2.4003298807976736,2.245489786355271,2.712630901174658,1.8557079073969158,1.0873461860424942,-0.12834461434245903,1.178052383717771,0.8930532384864599,1.9932252490380467,2.3572693825451014,1.818736760904293,2.320988241869466,2.14757298396448,1.2656917675160957,0.5615603442605963,0.7145731900598697,-0.031689952864260025,0.5241900186500754,3.1776751358114543,2.539457724906666,3.0497118220643498,2.422338864761548,3.484759848864468,2.609394966211778,3.4092322150256815
