script/wind150m.json
{"header": {"parameterCategory": 2, "parameterNumber": 2, "lo1": 6.000198445256149, "la1": 58.999992894266676, "dx": 0.5, "dy": 0.25, "nx": 22, "ny": 24, "refTime": "2024-01-20T17:00:00.000Z"}, "data":
[rows 0 to 23 of 24, columns 0 to 21 of 22]
8.447225524413351,7.143249145427806,13.870144829928288,8.361963700845145,8.607391056093034,13.129277795410518,9.798106880648279,14.047041316096799,12.017646051549116,12.206407927922891,2.097889335832676,-3.069620260929521,8.81820924245129,1.4301575898852756,4.27790214911372,-1.1322643539314134,1.6593921055426977,-8.08981866276956,0.6510735677640159,-4.164014681657091,-0.315124479548134,-2.1183277860931766
10.350775552919954,14.053401521081849,9.591668725415083,1.0256160876406177,6.400288012890603,7.1079418196189765,13.833847496074831,12.099972426429389,7.922247195002093,9.915395507225975,13.833655285536814,7.613214930824409,11.114891986942883,13.877979689251323,1.572481532889368,6.165377176045681,11.444999518440415,-1.5382078313435854,10.025503869749178,2.0664506258998254,7.41268257766244,1.4175891314619802
-5.677575807443316,5.947144182578873,7.436202024236253,1.9176253559530707,8.81191549930558,11.020784535285127,3.4143730922619513,1.8319721321082991,-6.0593306795401345,2.9188800636839485,7.124610604055265,6.6213643311225905,0.36978510697512357,5.470177626136905,6.07964043181606,1.9016549466462596,12.534839781738079,7.778127278652478,-5.0650196343767036,-4.839960165986378,-1.573666271264839,0.14935019436968117
12.501992266546857,11.519749955607857,2.93831681369305,-1.7160367260341192,9.406359940777845,9.075096770432452,8.86156229674421,12.123809672092605,3.2604270348335036,7.163479874569156,9.224256190313117,8.194021992291702,7.317420339848116,12.973238035765306,8.913005924533518,-1.76044088370752,9.014947005789724,9.330311564436036,9.727983802879384,7.843939883829172,-3.3703637151805403,12.100760498100197
0.9896839903069332,7.352445449854164,2.3349664761129785,8.051713371496678,9.246510125722953,5.023233478277101,-3.6895708403255503,0.5666789755619632,1.8746464899628636,12.199162483916888,5.767786176510026,-4.913153587742571,8.362110772757124,8.26568106971281,-0.25675361117087075,8.716582247969319,9.377470757554127,14.173214916370444,7.306240651766012,-1.2897964163758537,4.69046905580141,11.038887560225259
-0.38504781202760496,12.25846249877562,6.6665074213313815,8.11655573256465,14.273553612215332,9.729536602768366,-3.8676261690147866,12.368842146189317,0.5791678086661449,9.466658643016215,10.241111640026647,0.022578431760289376,9.78975804600605,-0.4167063700032432,1.1667588784430323,0.5387115876773229,-1.5188926437842958,8.430188657347886,7.54188208812814,3.20554523517055,9.433916599167487,1.8728648237240921
10.98050652541248,13.14087730102198,9.054668261189867,7.084635774308982,8.843499156043535,15.797284602594752,9.779010223246082,8.744411173408164,13.118436638263358,-3.432840080954234,8.017240577786053,0.1228280968589586,9.703960685601894,1.0379264603384215,12.60775480367611,13.759721839246623,-0.8604889747711524,14.520539720593817,9.752959672584831,9.80169811735555,7.959190039492154,7.569378602957189
1.0722969816128933,-1.7187924285645853,9.901441781740871,13.174573739327592,9.376552932592176,-4.575783937524145,9.973090560913546,-5.64701787272647,13.135814169271368,-0.0443590850147458,12.918561149249497,11.94212300755132,7.582997101476248,-4.76364263937299,8.66125653419359,7.107728181376414,12.128103567052351,12.30870417776135,7.9264534959260216,8.218025846355317,5.624415075469282,-6.550807909362415
10.372188960246298,9.887350167219676,-4.672657463051428,10.428547576937328,5.405859769105068,11.153091019095655,8.202574659663314,-5.832151267992738,10.011273289999139,5.522094962926612,8.694957754149483,1.9075291877311162,4.34970976623565,9.455079135271625,1.6201307595569536,7.703571303999703,13.09969851800765,0.353329421355753,10.80252501865646,13.239696098792974,10.747302803850623,10.819877149393692
0.9568431329815384,8.539391352130636,10.214456237539375,6.836304745597568,10.080408241924895,-0.0517441415683996,-3.097745345334536,-2.205822602082934,2.932767040676557,6.66680839181768,-0.2606311128409448,12.395847666609308,0.49174231283658526,9.289289343260071,5.092674197829271,8.247818786289137,8.014755378291966,1.022072219306077,1.0735603069457842,0.9418023989067656,1.2607077766448611,9.361290092354922
10.786157058206305,-1.144213694129549,9.94097274031487,7.999874218704027,3.7458154087678457,10.121005406445782,11.537152907787625,12.36048240618872,14.007290528343855,12.59470437204004,4.11849025269345,8.805124566386437,-1.8572891993646987,7.104384638696702,9.503928245710881,4.45628930224108,8.820873688234204,4.186406206333391,8.698366892624561,-4.864152599812084,-4.142328046693646,7.321685201385258
9.01285945772369,8.143230427186793,11.782882802357285,2.5225664730828337,11.566463691759353,9.916723213459116,10.77767866878783,-0.19903027036336066,12.016323708511283,-1.5611888505335667,-0.9423457000005812,3.49895328567458,4.214947641641343,7.21341256363191,-1.4511258767582256,1.895663407803795,6.750357061157116,-1.6398750870105305,14.386154798313498,12.885581767408032,14.136078115220851,6.505460299220412
4.594840172414414,11.216694439078006,6.94679532534635,12.555152608572172,15.237444513531567,-3.2019454858796657,-4.149873868971597,6.041423973814037,-4.991106423800541,6.531868870494314,-2.916940154795113,13.437250799277448,14.104634367589158,9.129279311482415,7.467057377271306,11.493468575582334,-4.748673208263114,9.052783111330987,5.243242541896346,8.424604087771916,11.419457385268839,-0.08254571229021528
9.796716977779772,-7.248522685275194,7.498981098121885,9.363618984924567,-0.03589613894850382,8.81286414696634,4.985589052730264,8.716846629338706,2.9960062657112756,10.851048871261824,0.545460041979221,1.8409656374749068,8.270520074116515,7.521636941990826,8.453046284227877,11.629267104188674,-7.403589597872608,0.1076229266601592,11.840876842540437,-3.4914165913714603,4.566954321190079,-2.489560141861924
5.183967313052745,2.949484970652628,4.833464291773967,-1.9306922451280204,-1.4286449626710354,6.762446666146388,-2.5182324619696286,10.455830022925054,10.253716121883338,-2.1451134208537033,-8.786767569529195,8.119767661252109,13.766703656806431,13.007575407146575,2.5041551097807146,-2.8470480389980657,-0.02683624282055054,7.819674645358425,2.361385923064436,-6.813144704783466,11.461333351125115,1.5755973713633615
3.6121000413998714,4.826098354659765,10.200016004314394,13.50947175219318,3.0762445776454443,5.734668341817124,-0.4623947933425177,6.704139105037838,1.344093924410677,10.359076854641764,6.285897695160656,11.975902676865498,-1.8001071124032901,-3.7994693991606905,10.212224237504365,6.814238928446503,9.782945536269017,9.567974660622603,15.69665172354971,0.8873393032853537,12.105485262244898,-0.10688100885148956
5.577283837379008,12.892738858187544,6.244416069096017,-8.307651014023271,2.520000793219595,9.976374426265604,9.589353983539157,-0.49328688556669226,9.077215329285117,-2.519447906093025,3.9175677096894193,10.504209995524713,11.074762673233732,10.989978042829437,5.994349984372265,2.441367019885027,11.162910544979592,11.24303528256534,8.841278899922035,10.847180070258084,2.2152058520257065,8.45221185464966
5.1472630395805075,3.8673593356823224,13.362859633710235,8.29277082703183,9.28313478544999,3.6754399758300167,9.125110217863988,9.105452394200977,-4.470352729986308,8.42475501781566,13.380678013673924,2.074906266846305,12.685490703485648,0.1958626417139693,8.949716731601027,2.1135508661236857,0.87098604093615,-3.2448182146672195,-3.0240864312534397,8.696076798892513,11.336837990093793,12.525832366825249
9.911771538175492,7.7457788432679955,8.034214404554515,6.916821777472489,9.191343839769708,9.891347751018229,13.600509046242273,11.813813154355852,-8.039902328109726,-0.19927955568583924,7.702404304336887,9.49585340768072,1.1123460222789856,9.138675036324273,9.797435323384292,-0.8501247131109166,11.816003402114156,11.150287128975213,-5.765248182879437,9.841869026594946,8.356314548660391,11.591117332374779
7.551200572899153,13.527609551986927,12.719191032429896,8.240517046086444,13.075715498583136,-1.1540759178505537,9.5390305604483,7.44321280589976,-0.6216746502357557,6.427139393950525,15.223914063725518,13.41011414673907,0.10483145353002393,9.348922600566112,3.928029192711724,0.9002413784278657,2.8875355090180403,-2.0657290589680346,11.447293974344493,6.173682729608201,9.184823207735393,7.816530202984672
11.618113256966728,-1.9166797699204583,6.799084191132455,7.209515170721305,0.9546469060303128,-2.180534026334828,0.07978688543630376,12.524626562058883,5.132049944056158,6.239211570149745,0.4876012182386349,0.8523369955336108,9.164025190992962,-0.5300331002425029,10.09352330293325,9.769094991385149,-5.342833608387321,-3.4085027530204797,11.842403674700902,2.2369797452680173,6.097178207068725,11.908602943246711
-1.458001316607027,4.903327475354492,10.004297379836684,2.6264202662373326,-2.823609843316902,2.4314749580228927,9.150493042737825,5.00410852600535,0.2350554906824653,-7.617505860187958,9.02457270443625,7.605543271779574,1.4483329344853657,1.2809402357407251,-5.851490437690246,12.258271583180777,13.56568698932483,-5.995457885147512,6.122004585754555,7.799892479157079,12.901227098749688,10.84315726557265
11.177919270264448,1.88659321774604,-1.5148848649520452,4.841069638894342,-5.3488395530982835,-2.051213594145655,4.442938192570465,2.596386104489035,-3.0814912459582753,-5.780459886584891,-2.8478107022061723,5.212205888218723,7.401340308056965,-0.026730060995903825,10.005487841206644,6.753556217020329,5.280331775109452,10.531626699066889,6.967353625017055,10.922966335652502,-2.3108618909595893,7.54257430536852
7.037100638141045,8.988608856077107,0.0030926797512751585,2.772306129351275,-6.026190000191623,-5.18130644088677,8.350105741711806,6.441615476129054,4.070089445272061,3.1070864044489106,12.329913703564824,0.2430676625912223,-0.6575851074447824,-1.7509486045673615,4.112546226023255,3.1334625857066865,14.794835720706056,-2.270943377864139,6.007232065350927,10.648996668117888,12.347353214371603,14.280655359295723
