script/wind50m.json
{"header": {"parameterCategory": 2, "parameterNumber": 2, "lo1": 3.000054539987559, "la1": 64.9999836372058, "dx": 0.5, "dy": 0.25, "nx": 34, "ny": 52, "refTime": "2026-03-15T20:00:00.000Z"}, "data":
[rows 0 to 23 of 52, columns 0 to 33 of 34]
4.986207231195346,1.2111472732297903,-1.3536367629261723,-4.811339394149182,-5.929928246322542,-6.63952164085961,-5.4380271468137815,-6.264607826513439,-5.665849926058867,-2.8423967763946436,-2.9782665196572027,-3.3386595004949986,-2.252636813783682,-3.8127744640074406,-4.858444502467273,-7.204842981499843,-4.769041728863021,-4.957332029744854,-5.3271574878413634,-7.872928123674489,-5.498962711890072,0.5384718249786764,-6.6756875033857295,-6.032868682738458,-1.546663843022553,-1.458529963725174,-1.373255494874651,0.07541314996787239,0.8513078862806539,0.6259699868417681,-1.1764950411207769,-1.801939592681011,-0.7631653605316449,1.1829128755132916
1.3165439620412496,1.917660527669659,-2.1521003062268735,-4.323481290221239,-4.865278472935574,-6.398095746448193,-5.256492119709593,-5.5723598610436,-5.770391380886088,-4.830803733614405,-5.963579658357554,-5.0760612333376605,-4.106240885954362,-2.7427932861444204,-2.982993642805416,-4.996826199866656,-5.290948012906596,-4.6409186545050725,-6.503358781573174,-2.1599703873647584,-7.094520430820396,-5.551099332711771,-2.6150138178700857,-4.87642827770419,-2.2882682487019004,-2.4474240211526292,-0.4273507034396783,-2.808371419047044,-1.4411869054114546,3.2731963308524565,1.154657344613324,-0.8803895721698244,-0.4898602203366387,1.5070325576050083
1.5823527081861244,0.28622918530065344,-1.5469119448470208,-3.2163354059579654,-3.5801484847606075,-5.576440743946296,-5.94884624982725,-5.495849173811942,-7.1331365384132805,-5.655314644566821,-5.898510740789727,-4.923263575862397,-4.015289410387755,-4.113658199911267,-2.9915486993746594,-2.005545437572005,-3.5784670822598423,-7.354589590474089,-4.991410690428237,-3.4184220771067855,-1.4308366912261328,-2.0312353831601486,-6.280247664859961,-2.742958866982039,-2.353678400337655,-1.4931619915185437,-3.862847655727604,1.2149533267629586,-2.264436388863182,-0.4903157159650724,1.8903549300858646,-0.6932813118960524,0.11986361773218979,0.759907902109696
5.719803291281181,1.0636396234729562,-1.4636612660079746,-1.8987930952234264,-3.223532304848947,-5.333200712177908,-4.569871391874765,-4.862769807049748,-6.765174349241719,-6.316930932254746,-6.663492827847817,-6.067349817366501,-4.334997447971938,-5.268084254932239,-3.8303635274924397,-2.6014921955612618,-4.362651004071474,-4.169783069135391,-4.926911107918369,-3.5021817567917206,-5.361506496063454,-2.427188596459133,-3.75548900841267,1.3123514854184029,-0.5530819354975269,-3.98458118448844,0.30011904448523896,-1.302183682379268,-1.8521108353578757,0.2134977597245033,-0.9599918469182747,2.164735908906273,0.4561824839565632,0.6194108464180371
2.6113060932494494,2.4162076026267827,-0.49062223557299095,-1.6238810625451492,-1.6621553723131945,-3.267227892220085,-4.376466042731413,-5.000214490818495,-6.8510805323281465,-7.22916943041044,-5.2813991070272985,-5.029623643884652,-4.409013776780244,-4.868245206155418,-5.610794488125458,-5.205523624127164,-2.738383470298532,-1.769096321442933,-3.570940271554341,0.6430351369551645,-2.66420357019652,0.9378828852979904,-1.259883896471521,-0.5018018461745953,0.9252427907740113,-0.9383573544549363,-2.003717221830642,-2.6913702490512987,0.29960076798091173,-0.49464709955984454,-1.5444152304680832,-0.3055616835502044,0.8537365320671638,0.7409243303724425
2.6945132277850155,4.17082518441562,1.2118974801033708,0.26549864268865403,-0.6519139285742613,-1.2002212480094496,-2.4932889561426004,-4.206141981380209,-8.773917481329333,-8.870715515766703,-7.036319103453377,-2.200766328605072,-3.0781366794166813,-6.507069072801439,-3.3056856798815524,-2.4314276613646837,0.4805581741847554,-2.2073591717480956,-0.11216175341267397,-5.608629698792692,-5.494582333642577,-4.037779671189506,2.193167242781171,1.098779579296019,0.9074229544943402,0.7584667502936348,0.16154310570768712,-0.6799180925384035,-1.427584162754776,-1.081764632596436,-0.5044409643672136,-1.4936626137904807,-0.0986520084699147,0.5451421833871122
2.9249488461178728,5.447245575606606,1.3277194989916743,0.009052527934283823,0.09415103038549623,-1.0043277953311966,-1.7493473528297028,-5.564364486498728,-9.625413607284921,-8.685740380079597,-7.595723914392276,-3.316187029828568,-1.3905032268506556,-3.65362828214887,-2.5939504473463604,-0.44146203529204836,-0.5955042712130748,-5.237788509627358,-0.07084200157185237,-1.4817706390017513,1.5075681564746812,0.8853308371019291,-3.452294353590847,-0.892334606025274,1.7045680173547288,1.419261048741141,2.6429249951083693,-1.703665042146176,-0.12292488252915862,0.8027959057384485,-1.3223906717783933,-0.5878661103553001,0.09502998375366946,1.2400101152780933
5.551292937666201,4.815349274237507,5.0335171141255195,-0.04047924194956821,-0.10293892071361316,-0.7103964743073926,-1.538513241900287,-5.817804459953691,-8.194855968446227,-8.777151867702639,-7.422340060941683,-4.5918735128770605,1.5116907288579984,-0.5424602302636665,-3.7226480909952344,-1.8518794480175524,-1.5705941058229915,-0.7419966003856138,1.9893505175302515,3.1435271202290975,2.245917167175547,4.575442003918159,-3.2661097584498324,-2.095456725228517,0.4730795622305559,0.47829385534665486,2.515365199176614,3.5574053443842693,0.6205593919318486,-0.740266886664961,4.0923541393922,-0.03646371856602453,0.4539792664894316,1.6690848898256423
5.134262338415788,4.363199756780367,5.32768263547643,6.039539599721394,2.358671958001294,0.6935247901031784,-0.49311776144773506,-2.918246209586031,-4.027222906240496,-3.8951152848077504,-5.205017580372831,-4.712678118780583,-3.975810634582152,-6.686233345514703,-2.002916501432541,-0.2088885561420543,-6.173691726427413,-0.06202007126724116,0.12907644428940296,-2.473156861209045,4.1208385194828265,4.0698418355918715,6.357254375285278,-1.588394320412364,0.6357582410812631,1.4078499977859285,3.134502187840301,3.0552250329437767,2.6438544346872233,3.2049874520880293,0.9286223193848195,2.393918891597613,3.914445258283627,2.287009385892012
9.787742708061362,3.6497733250940834,3.845270245689876,2.610105340723861,3.199556908278467,1.6998815767845368,-0.26736700352726533,-1.1486325821376036,-3.384136267607404,-0.3649328886429908,-2.4178966505946753,-1.5140852127791262,-5.86685985631655,-0.5728997271242517,-2.356870726006129,-1.7031563715795996,0.5225818296368266,-2.291685833683127,0.10296725480233007,-0.11142902061024022,2.3905116080492204,2.7633820203474966,2.9940792318986507,1.54760236883607,0.4967603150339256,1.291229124683606,3.5230538561798324,3.732221195827283,4.265949631374702,2.9997875367058886,1.9144530414439793,6.4180648516280705,5.218434393757296,4.607829147512519
5.932883281092131,2.5352551562716314,2.7825497375488646,3.2060241561132026,2.0882196391969416,2.9041310732312375,-2.4831008910019334,-3.6582664180161193,0.8538912206632283,-1.5508348592369328,-1.9618211123770355,-5.278241084227115,0.09885545778078654,1.7156999032342437,1.354939691858107,-4.138021419331351,2.1574432093021967,-1.109669223142372,-0.5191185733354436,1.5778223364521473,1.653184672933406,0.15758611312779394,4.112343291672041,2.320827700585913,0.3006530031053655,1.9521452808917845,2.1042360589291857,3.173297082391544,4.481069257509433,2.345925569780742,5.302632114010421,6.8197932281749845,6.544682131212813,6.395032770536308
9.160126531577163,2.791069351574151,-0.07781928768748775,1.4501801050487173,2.5149361861414823,-0.8689840212228711,-8.227572474004726,-3.301629231475507,0.15891240569919612,-4.192222581486073,-6.368009107636334,-2.849698596280734,-4.532059474775407,1.0735728318795617,-1.2868406024759949,-1.7521672423682884,-1.6982639608000396,1.7942468901932447,1.5497939285600955,-1.0860817269613978,1.5497218434852222,2.307458868977419,-0.33419089658221107,3.7268036409674696,1.1329509967723268,-0.6299886085629054,1.454965195875494,4.779496887686844,4.9404151834204795,4.383847786669093,5.465199735056666,7.142711301266302,7.47456529323875,7.733220296304783
3.852650464802965,1.5480682892780613,-2.2512860626754745,0.11322450228176602,0.07904297156901285,-2.461652800336003,0.047046424956096455,0.13020301049408423,-4.8886070968048685,-1.3329208169122777,-5.096919975489401,-5.801400690357322,-2.0174832159365943,-1.4580622493549402,-4.589112194024681,3.3746729147385603,-1.977813445055376,-0.30275788091030736,0.30835473486003967,-1.4037455863698503,-0.0879250485099714,3.1872495937133545,4.427627908843423,-0.20543834571789382,2.031994619460005,0.9539100701639887,0.27735262031682334,3.9235204187884416,4.376497691208886,5.666895005754025,6.588791490398798,7.892756685343913,7.700989620031539,8.584741424515732
6.5104358149179244,2.335389652073372,-0.6508038440793952,0.13624201193649965,-0.0921358972561901,-5.160862378463601,1.3129027012050467,-2.286415413845499,-12.063369103090013,-1.4462570722368526,0.8797056235371448,-1.1688405097806172,-1.9417759169111435,-3.2674313072531755,-1.1222645855335898,-1.548345206318298,-0.8043947033079037,0.7851982934330307,1.4785478428056673,2.1999945966469405,-0.9612309003133348,2.1095434871665746,4.875823615632925,4.874239521581089,-0.7038540895525968,4.481554303341042,4.3488131226705455,5.784008461185406,4.322465844064703,6.014867880192604,8.56813457575034,7.96897905210063,7.994123492038715,8.080321575882623
10.94095636305101,2.86220508376437,-2.739556265522607,-1.4096609041356074,-1.2777082678612568,-4.172745332247244,-0.9272214473649623,-6.292739402329937,-5.814256393818151,0.6059774824404062,-3.294336952021485,-0.32675893225386493,0.07579157699537999,-1.9738753201147774,-2.4206604141637205,1.1424394861636424,-0.4365355183892431,-0.41791786332600434,1.927602789232896,0.7062372632072452,1.1509086979597842,0.803133248165213,0.028633400188696072,4.231859150458283,0.6572050323012202,1.9260337928645077,2.28055770389513,4.294557019877086,2.742133276131126,8.396123778308366,9.13618502329202,8.195726788579277,8.571665764456478,6.979226663230038
10.151163837609893,6.338386221101501,-0.09251514624421099,-2.682180221052995,-3.9074805501131262,-4.407306484389145,-4.729858306789034,-1.7407703605842013,-0.9695259398461683,-3.2131467116405306,-3.3272168933502204,-2.4661263553044592,-3.294684379630241,-0.5958716275572997,-4.0957720014216985,-0.43261178693661667,1.1001759356135319,-1.0566412903604978,2.0713639440614964,1.2304571990398807,5.284807913790855,1.4799640123017053,-2.734256769700213,2.237950681469679,2.1459033515652566,1.3489586235780413,6.96668769086535,3.540393289320131,2.588098722091493,7.460613928526423,9.962254070346477,7.748771718894318,8.103153759653782,6.710339744108388
8.597326632628677,7.319668288925564,8.582075988505595,-3.9265820571690524,-4.5453987617509215,-4.119431096239148,-1.2362154576971187,-1.025332239446481,-5.2037092232534485,-1.9981205551769214,-4.095257021384774,5.299133183999447,-0.8820264316564608,-2.7214692484526863,-2.482973174915462,-6.004708683944264,-1.4914306736005518,-0.44157345156610406,1.050842761742858,2.336787243357172,2.9400922898919957,2.9612221891798898,0.9667420736771188,-1.2370234409390795,1.2896983475881811,1.5122145736562973,6.037297794841861,6.179641876828913,3.185838850269243,8.097087792207933,8.54875138297758,7.167276382043597,6.8170568171337305,5.504628635085767
8.104490799657754,7.719151179160225,7.741674398255828,-4.413897014030857,-3.6381225081302513,-3.164372810057719,-3.4893244138541646,-2.945760128256754,0.6352406727647896,-0.12468184511890158,-4.284339040329666,-1.7937714522548034,-1.50019580681682,-1.355901173705296,-0.6338945423978478,0.4739214610991403,-4.923307921001413,0.3463468388257774,0.18356062249285798,2.683334424140004,1.249465989071865,2.459802920740234,2.795857219886751,3.266768316709719,-0.4223530652795725,0.9003129862090486,3.784439465867562,5.010850246151611,4.196095666463371,6.985219603622475,8.541652810341311,7.053905575780384,5.558065108533101,5.545205740775879
6.59058423023961,10.574282017391084,6.218905562683105,-3.279988275632932,-4.394253681970833,-3.720940704673214,-0.7051327294003662,-4.610106890924825,-12.608237672229743,-0.3975296698639609,0.7104590150156027,-0.4440938831481471,-1.4289672590337879,-0.8107346395011781,-3.284901861111406,-0.6160443819985211,-0.40336606872345104,0.11126757544071454,-0.9338394235679324,1.166406625615555,0.6841334894039065,2.9812450503074253,2.948425621349412,1.8078022908483677,1.7987562750742039,1.1625648493586527,3.120463325885404,4.899464039934333,4.102758845012685,3.7758389805070274,5.349553330842938,6.750881690826447,5.746196410658515,5.68060125857252
8.59415483408726,6.891193759398864,8.476904513172471,-2.1511850755818545,-3.6830604008051804,-3.2638936835405135,2.5131721078146416,-1.5434168820952257,-2.88379260829692,-0.5308870990926012,-2.1705587650320837,-1.0071737477454539,-3.201697393964739,3.76654212196209,-2.5024259755923652,-0.5939148722141006,-0.10949745727265553,-0.3125438050970065,-0.7271735608140641,1.052477426703283,0.5813622966186132,0.9094880669811659,2.2976126070879017,2.1753256198435214,0.4975039688388111,0.6936690219910205,1.166240805621776,2.929655060067337,3.8953070683082514,3.6256472538147717,4.5627692016269386,4.7271258253035215,6.334056063879876,2.937700559982086
7.4090425546034,5.145636385510654,10.423544794476287,2.3663323980563375,-8.079149412544282,-6.32377960434702,-8.208581111301061,-0.4515357133910525,-5.148511200879016,-1.7405282936081459,-1.5016141103608993,0.1400074256937769,2.0999339774671335,-0.7574142173680628,1.4421488825270028,-0.17943114754857015,1.5660906147454585,0.5779314689960033,0.2889884159726244,-0.056243548172464214,0.008957743172104158,0.13602715945469812,1.7469741542203676,1.8785434456791892,3.1962952376589944,3.2148202842473435,2.8421321544259435,3.2484047476321534,3.780222344747811,3.7549082724955256,4.476790313046614,4.141652318705448,6.404918512420876,5.572819197103057
7.319071939507989,5.848726781457286,8.600289617582195,4.492895008759075,-6.6792742670112855,-3.2852975234305464,-5.438590463375777,-1.5020208211562507,-3.590923059626496,-3.4607315734982507,-0.24304668840216961,0.5948840884118006,-2.317901698456378,0.861832851620064,-1.7786832657331209,-0.14952871287407793,0.5541923885816804,-1.287928738819883,0.8283575019251197,-1.183304760032399,0.6965160612439407,0.06540906410019512,2.693472540578844,2.854006179455764,2.3078983564392774,3.7447655868383083,3.9631764489966894,3.9106010954093184,3.916280907982395,5.018422557025103,5.130992543497936,5.065599215419945,4.492483076254625,5.803027830816273
10.853085031681575,9.186544254522161,7.125015059673696,4.740127453880197,-4.106361608727073,-6.040852284877352,-4.507077715451954,1.28740318522223,-1.1209769052416767,-3.321023886525001,-3.946566589286458,-3.108299449055457,-0.7023045781194951,2.2015827526395326,2.0158151310976518,-1.3218659271576054,-0.7203970912822839,-1.1631608576180095,0.010570928393656632,0.9504149497334109,0.5589599701847608,1.2843236126226254,1.7648772130805943,1.7147343314081152,3.2695534465367273,1.7023831511051015,3.486348814214249,4.16740596053564,2.785079277213878,3.385837134400771,4.453990408797498,4.493827393342781,4.378926266665515,6.730357346605766
8.369881078899882,9.564699401899318,8.661006627627298,5.255101019107716,-2.5524572146377684,-7.474454135226977,-1.764057319236376,-7.091808041318199,-1.0343443544077016,-3.3753420482446357,-0.346364105930581,-0.12589157180393956,-0.7832468062087092,-0.20610997587480542,1.2512779820522153,-2.504938982307684,-1.2501748500508618,-1.0491241653893901,-0.1258463480717559,0.40510500325754967,1.6226861354291782,1.6613427199374182,-0.6251243794108845,2.1527149339591087,3.848453984685794,1.2368430834219022,2.7065712595477103,3.2461794691326955,3.9685724835582725,3.310523447052812,3.6308340263021543,3.3659964878715685,6.849885413486483,5.76545089197298
