script/wind50m.json
{"header": {"parameterCategory": 2, "parameterNumber": 2, "lo1": 6.000198445256149, "la1": 58.999992894266676, "dx": 0.5, "dy": 0.25, "nx": 22, "ny": 24, "refTime": "2024-02-29T21:00:00.000Z"}, "data":
[rows 0 to 23 of 24, columns 0 to 21 of 22]
-4.534948737842409,-5.237187538980696,-3.677962750755152,-2.764759369049943,-3.98684672496228,-3.00156798986265,-4.331303354311549,-4.250471752111919,-2.296868893939016,-3.691658502089188,-1.6918583881291818,-2.715694681193671,-2.4485138529557586,-2.042255077841134,-0.8680761130113336,-7.35162823768605,-6.455908189096304,-2.3761214789881815,-0.6805349906776534,-1.7825456193832738,-1.622402591886136,-1.1925257642676177
-4.904378373166487,-4.885741421391107,-3.7492539660585535,-2.5145618186801957,-2.6997850975365516,-3.278178435981669,-2.7251398725498475,-3.1049003161507716,-4.290599678950569,-2.7686410454768815,-1.685182928101372,-4.348122722546048,-1.8741802978529405,-1.4690943574321635,-0.9595591191741815,-6.751060054917089,-1.7414612876540432,1.3128896465454516,-1.429550261795632,-2.4803121419004217,-1.8106350809401501,-2.7682448328800398
-4.212988141751247,-3.8842235146420503,-3.928915348027988,-2.515306476798252,-0.39895806913925524,-4.173620526513967,-2.419464970030306,-3.8248527012600038,-2.9787257411514787,-3.2899358318175937,-2.0995590227847174,-0.5492901056523666,-2.823473627898957,-6.1456933278466,-2.6150206986933977,-2.431718783831312,-2.707527064731198,-0.1704919819406032,-0.5681227282248732,-5.010035604907753,-3.142725263007089,-0.007262609609991205
-4.000080837010195,-3.629973472684385,-3.8059322231795263,-0.6965604251846303,-5.10731692121469,-5.280432799983137,-4.040314171110241,-4.027146964601688,-3.815883373549009,-3.4799812058525457,-3.6510034282433534,-2.5838458465621885,-4.330626165870318,-3.6599649692225755,-0.7658617457301702,-2.570690489118158,-1.6661184882481015,-0.5814038137129214,-5.498024955159274,-1.7959756344826558,-2.6789112990330928,0.07264173410034187
-3.7761025133215447,-4.122483232572477,-3.96692437780308,-2.4208989523174798,-5.687270328554464,-4.589470192566631,-2.0549631634130225,-3.492550247646102,-4.013930208746822,-3.515806021661859,-3.073187837545842,-3.03664912007438,-5.445664360078358,-2.154951322583512,-1.2990549258456845,-3.1085139424944,-1.0556412132263844,-2.2225045022515646,-2.8548540136814564,-1.7143811805357911,0.41885763356054445,-2.992461968697754
-3.999630271031906,-2.84616740534157,-3.9252757594679966,-5.147366902412856,-4.602243964372663,-3.750817091205785,-3.0709572764993807,-4.152833472725793,-3.852232735159638,-2.69144880707168,-3.445222416379396,-3.0184790851602883,-2.294110842429993,-0.856155801298141,-2.6034651216519458,-2.755143429309356,-0.35687581236909544,-4.57948529922477,0.826272946773827,-0.38687345964077513,-0.8124371604254494,0.7682998640734543
-3.8680476542675937,-3.6526252526316685,-3.7892844954991776,-4.596690912461207,-3.82080954095868,-4.535771385531391,-5.121660779083726,-3.1554108029949774,-4.013417844093063,-2.4270588685114,-2.3774651347729274,-0.8643766801266306,-1.2502915903874532,-1.6570099739904662,-2.6333419003506515,-6.153316627206722,-0.7930511425194516,-2.6618007784136033,0.8383086402890456,-1.5005952310712947,-1.4954577127228508,-0.6274215606593295
-4.104319372404286,-4.572255931884349,-3.6675242572078104,-4.703046806176632,-2.131446133846208,-5.138757584672174,-1.9537687346883414,-3.537811969830478,-4.138878309840398,-2.205486191003527,-2.2538330496867496,-2.5205319548351475,-2.9588788258588092,-2.530758252668033,-0.9609379705139721,-1.6492499318104694,-1.1748756667052995,-0.14975614542129354,-5.211971374968931,-1.7992461167107212,-1.0349420123996995,-3.4850538512145524
-4.206152400120366,-4.258034046484137,-3.956883344371764,-2.716041897021437,-3.206232201634543,-4.178965763506502,-2.713176211199636,-4.754309334177687,-3.9081225091819114,-2.1893073465404043,-3.487356129065778,-2.9481603942298396,-4.864822744545593,-1.522377627965574,-3.7738516301987963,-2.4857165932436605,-0.3893366278026712,0.007778022681107895,-2.749903116570371,-0.4744686214626015,-2.5663777604467146,-0.04509880018982234
-4.28294913045457,-2.416602537871736,-3.719923412863135,-3.8148398245577533,-5.0979698417743435,-3.6734862627598823,-5.2377344966795825,-3.513739441260494,-2.770855516047023,-1.3784803043752953,-2.548380537995337,-1.7574897929742335,-2.059955030167288,-7.145770751810745,-2.635562482422279,-3.044536556335822,-1.9690877411344012,-0.7978810176676367,-0.1956270635273261,-1.9734105772503683,-1.501437429884761,-3.6970969980621557
-4.516859067612094,-2.7220095490097393,-3.8841911427837266,-3.4605121162628403,-4.409237528766257,-4.604378631085203,-2.585208268776947,-3.0671604254216165,-3.96665039665163,-3.471416473053892,-3.0541731948598785,-0.28500922032368947,-0.878877647019103,-3.9598105670088097,-3.060805119585871,-4.587533061341447,-5.0413938735978885,-1.730762934116024,-0.9038822519597128,-0.6861298510645069,-2.602870810242886,-2.562137208238088
-3.8865231133492237,-3.2729718261964837,-3.5582765158891787,-2.7509620425712495,-3.2697072310225037,-4.274950818360248,-1.9466320615100354,-3.0061182156054804,-2.988660936111961,-4.06765259641789,-3.4565080590717447,-3.3625746868979673,-0.5625394703035371,-3.03787972478045,-2.211684424762077,-7.537184742110228,-4.8606189290312205,-2.2328245271929683,-4.07244341820103,-0.2094472491348241,-2.08982641186505,-1.2318036090333042
-3.8929997820617985,-4.6976212466178175,-2.256248221851527,-2.559841418477722,-3.5026545272612557,-2.826781730359134,-4.273390390006529,-0.8329540398822345,-2.844910913494816,-3.506510233200465,-2.720784472789653,-1.7390358683012506,-2.722479734807755,-0.715835609862551,-2.365527177943546,-6.5334066768525085,-1.30513015424831,-2.7827732525400437,-2.8880008646351567,-1.499032409242282,-0.6937514726528378,-2.1415889975471263
-3.894495035956979,-4.119350773895619,-3.4614897738025845,-0.6179047926563938,-0.3639409198510565,-4.247678703202157,-3.380718039166034,-3.272762682937245,-3.0984655670101784,-3.664278613261401,-3.578655274282185,-0.48979602012992834,-3.6193242504087277,-2.608588654583015,-2.7218139496228773,-3.147102922535299,-3.012592551190193,-1.8857807894421261,-1.6486557061900562,-1.8012056713281066,-1.0644966029007175,-1.8312966819211256
-4.40291192796958,-5.22012235365035,-3.1795667005186377,-5.628935742294072,-4.107080396849352,-3.743981639268588,-0.9267393568043684,-3.5094142433363626,-2.141189930014354,-2.640720494434198,-3.0879783979442887,-2.8959370126444597,-1.4553222681936144,-2.290241473507814,-1.8339083974146857,-5.159334309583393,-1.7707493325005863,0.7519334579792754,-0.547652359499543,-0.48118385307403505,-2.1845768126645786,-0.25133170911901326
-3.588781312019686,-4.9268971806789725,-2.31931850680173,-3.922031116914603,-4.576552833296679,-3.2809076789416642,-4.701959712607144,-4.647055776547161,-3.9640463986292604,-1.8727956987279255,-4.789682991532807,-4.166505512622225,-0.6582485816372029,-2.423784718621573,-1.5411009795527553,-6.8459102322919705,-1.2069921839029616,0.16937879868282688,-1.2338543400348343,-2.5283230742864053,-1.6374447556790124,-0.881305114230121
-4.6858143443131555,-2.7084626745893985,-2.2766280393349714,-4.083621913200909,-3.2232358887490067,-3.1453239959115704,-4.5521581972413205,-3.5686756680106946,-2.7838198794540823,-2.9008914556304117,-2.0080092055625824,-1.7752506174282896,-1.829494625519152,-4.353329082811322,-3.2526848450850645,-6.032582189390034,-1.807481116239432,-0.056979606432157014,-4.141511943847963,-0.7038053764723862,-1.4601805804580466,-0.7765914141998591
-3.812166046111492,-3.095417720164962,-2.3404434209702303,-4.07966191835319,-2.5699325097518932,-3.9882616259618735,-3.714682329668443,-3.9741191585641458,-4.421723832988983,-3.0170714956232096,-1.0503804597882314,-0.49171508691458565,-2.4521875297896223,-6.915163549023828,-1.8270009940076202,-2.1275627552438876,-0.6374763952653629,-3.345805849327416,-1.7163422914210595,-2.9830216444253757,-3.8319248783199273,-0.17765997385252902
-3.8182988617422167,-3.5401563226140116,-3.6547013718152614,-3.3556396210388995,-3.1632573118676777,-4.757124985818137,-3.8065708129564895,-3.0620034668390543,-3.0521165108573745,-3.256315007882326,-3.66349208768898,-3.5812090805319436,-2.814608363002878,-0.9799653710075117,-0.7929308027534335,-2.839282821776671,-0.9035812180109918,-2.035628320574485,-0.33515183177641283,-4.751853601576189,-0.887438027326004,0.8011491613932961
-4.015609556826213,-3.0374569510674703,-3.6074328581630795,-2.399845537981096,-5.062170932910327,-3.0150183336596545,-2.772395231155539,-3.593203033810137,-3.5807848596332184,-2.8049533446673225,-0.23775295017083248,-2.2911154310354127,-2.3016149674118753,-2.336267616036529,-1.1235638567326918,-3.3182542504486143,-1.1837577660275838,-1.2300977337057397,-2.3206681513004073,-1.6876080283269221,-1.1029942445189391,-1.5283093323135561
-3.8777308083827546,-2.5758753907214214,-3.0109269829748104,-1.7482420046561542,-3.8610678058250096,-3.1100896091032233,-1.6727900658583479,-4.317307827787892,-4.26992619928534,-1.569791010654335,-1.1384967922737155,-1.1223561899217562,-0.4501593536283457,-0.994215600862183,-2.29409247078126,-1.9078694290928917,-2.79132589541555,-1.1227547753474083,-3.0275168682727007,-0.8671143571141456,-1.4631302972707452,0.08966721198138708
-4.242994866026486,-4.880774003097698,-3.8468500770656213,-0.80029954791695,-2.972513998095389,-4.532508622373917,-4.273405492825067,-4.841292286966306,-2.7368646852614305,-1.8879773198250676,-1.908188101659564,-2.7684011867248595,-2.2354540029913674,-1.4456715565128813,-2.5346042649178053,-2.9782560598535315,-5.089795049796691,-0.7995976457705674,-1.7085995047818612,-1.6309620763020338,-2.6121011214848164,-0.8338624863538395
-3.88547653501561,-3.9662377826433546,-3.4557975409621084,-3.8708440898052547,-1.9183160790191267,-4.759299593085566,-4.109093397891396,-4.089510186278987,-2.6758516665002756,-1.6514448889966369,-3.2091238917626423,-4.151917414771402,-2.325371709884459,-1.7428249871631245,-2.695448018424366,-1.529459514478647,-5.334277621178269,-1.9843214505877693,-0.4036141322896495,-1.457165187287902,-0.5358907153640089,-2.885905296352182
-3.9543098663896705,-4.128062655970177,-4.003070563517263,-3.7118251078097972,-5.0742481474017405,-4.755430960084208,-3.8054447624153833,-3.0114760305880623,-3.174903748090078,-2.8988962535638616,-2.2504751444792155,-2.596952368507544,-2.1850923465825223,-4.460625385015674,-2.5853641127458626,-2.1910571584588134,-2.808020063758879,-2.3630998592055863,-2.19371309657335,-2.15855140403162,-2.5229327070871115,-0.8562577867743685
