script/wind250m.json
{"header": {"parameterCategory": 2, "parameterNumber": 3, "lo1": 6.000198445256149, "la1": 58.999992894266676, "dx": 0.5, "dy": 0.25, "nx": 22, "ny": 24, "refTime": "2024-01-26T16:00:00.000Z"}, "data":
[rows 0 to 23 of 24, columns 0 to 21 of 22]
-6.837852487793482,-8.34995728113396,10.56664974494588,20.422172147381094,-7.973570603932045,-6.872738721689587,-5.995450062749911,9.648535683047811,2.2481274497256463,-7.78135073449275,-5.077034326280141,-5.796486901928908,11.523250454595445,-13.108077173082146,-8.172261851727939,-7.12105823684367,-10.616168518245459,10.398457993135313,-11.183207474003565,-6.645846776673598,-8.919794875103728,-13.185274743700298
-5.08930182483051,11.87588793239941,-1.9779640068292808,-12.42423947442615,-5.7261421053498305,18.341962208602276,-10.31333100675141,15.594248904452883,-10.244244775093849,10.443032783011805,-5.105181241013735,-5.379863030860621,-7.499930431173083,9.739195350512599,9.598395172831427,-8.161697887759567,17.05435242886753,-9.690122408325454,-8.475847639088887,-6.985297249134941,-10.13698971120727,11.277562736272499
-8.227001521789012,7.3733264597007775,6.182648494118822,-7.358246162074502,-6.539994281681831,-12.279468939286717,6.7776291438936695,-11.696629756261007,-9.480586597919782,-10.634880996399533,-9.59483651193915,8.950567244509152,11.21827038451841,-3.045469797940175,-7.201884152101366,11.385436369558864,-5.618528102534501,-9.616669705322545,9.97011543218246,-7.537186821850448,-8.425941110039856,-7.775467437848009
-10.291564886961885,18.581913993618123,-5.777932012869456,-4.47277472422041,-9.82769473288197,-7.324632478029741,12.012209889185458,-10.450640482013926,-10.950144974352197,-9.980818465323626,-9.150260746635873,-4.8443029376377105,10.865621376437213,10.736168012860633,18.45670567675104,-8.608716906836584,-5.960319711099497,2.4313322121896963,-8.840384022227843,-7.963734912276418,12.572044959002296,9.441859989023209
-8.254678929098839,-8.684291574539252,12.675397716654343,-7.631200360555822,9.507391734840672,-4.648897867824015,-8.905778873320342,10.27155582617557,-11.23340125160068,-8.281119185507293,-8.358549991413168,-6.177947586859656,18.064163580493283,9.399279145224595,11.613082422868153,-10.82605025785087,-9.021166025840776,9.717511323441245,-9.591165370699366,-12.681549881264354,-6.218221073518115,15.97063225142572
-8.571218136864555,-7.984564891548866,10.142176833086522,-8.708187838354633,-8.44695555253362,-7.384859324426534,18.246619642848987,18.05336763549333,-0.771310988676127,-10.515918359433552,-7.889382100875232,4.825695863978229,-9.884409825427351,-8.412354303110085,-5.702295293431069,10.257779451952413,11.073845948069309,-6.038557516775255,-9.734779126132803,13.014181792125958,-8.678584463953559,11.603497877755334
4.853490323477293,-8.853424593838026,2.70307212979045,-6.676698030468181,-7.181110881478598,15.468994232380114,-7.761219928889906,12.152988916300663,10.183579222591108,11.178584760848915,9.444586717977593,-5.672089053101436,-7.109447252634794,-10.428784883078057,-1.3779594638963835,8.481715415673857,11.545784053774721,7.835272487210399,-12.396052339442859,-8.730521942140777,-7.099200387916595,-10.33543996852403
-12.143518361889246,10.514029755573768,-6.090419790727251,-6.413702086578974,-7.96121372078779,-6.381137007455537,11.63917538990861,18.157596572121605,11.628137841910204,-6.140839563430183,-8.279668740382899,17.131423706387263,-11.144158877447095,6.364855528174386,-5.5435023117583375,3.8014780725169053,-9.82576834024266,-6.914085216890972,10.575138268109159,18.454475220285328,18.305557236835178,-7.022947548495198
-10.008543308072966,-10.024498265667818,-7.1277227324958075,-9.69303658541826,11.624007742260938,9.003123395150096,-6.14384173908289,3.0288386591086844,-6.910616852141734,-5.954046753153318,-8.417209244451316,-8.838020451345699,-9.749456044705097,-10.487403633719994,-5.979719934007795,9.919609079875016,0.4091793041017402,-10.866871142120713,10.143567838112915,-8.065026400962944,-7.254916390385919,-10.10799444661476
-8.52496011722098,-8.695614114476536,-6.462422884714921,-0.6158991415700904,19.222517795934014,-8.781503411219886,-5.0504016041555335,-5.841361989633489,11.398894955956418,-7.665035896057415,8.176008905066661,-7.345198973842115,-10.81488459740712,19.020915212915654,-7.889507937333501,-9.741600766832926,-8.16249947667934,5.051393975486032,12.268108720101036,10.607159944948227,-6.00623473634052,-5.851609349404277
-11.23583673739701,-6.749914943514321,-6.255888518734173,10.080091632495224,2.4037295105588212,-7.9686852035995095,14.837598974492897,-5.9735211443818415,1.776385194472112,12.451088603907332,-7.317408447892303,12.341809568613787,12.266790270434331,6.968485382045793,-8.227142496791496,10.999869744332006,-8.211465155058276,11.269117417435778,4.278724778035405,1.2824729210986654,-6.013074432151101,-9.727357372169417
-2.457648184156769,10.522897657664672,19.186977259396436,-9.45731327524797,14.701602828877029,-7.714857869860422,8.353275686398524,-13.903389165901661,0.5154129141284807,-10.05283050294811,9.644096522190278,6.855182092538822,3.2875867985820326,-5.899413608962785,-7.901877279188656,11.669659539414566,-10.104199489974265,-11.201788044765772,10.390310163735453,-6.076589245478356,-3.370336268842665,18.97709671636889
12.226399156989007,-13.930441479576208,10.758333384959286,6.532759381149264,9.671345466753564,20.74202985666643,9.67138768989248,13.046270657525849,-10.039931394419858,6.283177651201188,-4.6966720597722,-9.835163892319548,-6.9984846443567035,-10.335578186601323,-8.26252327364666,-7.234314624738183,-6.781281041936619,-3.1906875875960266,-11.088820328651892,-7.680542822774512,-12.895513353777295,-8.338209945491636
-10.318327159420814,18.931472761627056,-8.243598108004246,-7.0380165610058105,-9.687208708318595,18.79650994032967,-8.093914390018737,15.068133807372185,-6.553675525088415,8.79340230525527,12.691131743423727,11.361450310466891,6.599345806518609,1.4614187068613078,-7.738687387932006,13.09894591027004,5.9915835669748185,-5.172165570548486,-8.378702359802501,-10.1290994346484,10.47606662150843,11.318214957151335
11.920439467038982,7.159129627511076,7.4892471511646646,-7.944771678458554,-4.774488993898265,-3.8319498749343444,-6.640699658940418,-4.410024086328351,-11.153592649955746,9.16722981976903,-9.614130600606602,2.388587964064164,-6.428753112298512,-5.354037843382627,10.069822580695515,-11.305369829105747,-10.436926515647498,11.022202600274614,6.396406145472563,-6.520184759156739,-9.595209206853173,4.280602797768645
-9.031989041187389,-6.773140726691514,-2.307959579011181,9.792661196950013,-11.365329397154108,11.391283922976804,-13.401208500050936,-6.932864019236216,11.04923879735317,19.28149864288031,-7.821145875151902,-10.26708345135606,20.284981840982184,-6.3707449367736375,18.97557259836756,-6.10113784537957,-5.236646632985241,-9.17276630098471,9.645435441697792,-9.780115144164098,-7.865246791335871,16.794062597458623
13.853989102620018,-9.829647664490421,16.534596204879524,-6.659118089923353,5.86926624894879,8.46393301236329,-9.961614553333028,-11.35102829613321,-9.882152853589107,11.140992216712814,-11.70970453076449,-2.2982614816088818,-10.980965750047782,6.383273439680231,12.895513973507994,-7.674027595598728,-7.21348761671514,11.668754704796937,18.707684488520297,6.181938471784026,-9.73343787653971,18.873862927839525
-7.326677655890204,-7.882885396994438,10.033507716409407,-8.795055863324025,3.6083931993803455,11.553165035282692,-9.144595184502675,-9.59563903849654,-6.962626500376877,2.637080375089275,-5.575793891936894,12.211826265168115,-5.653246421873019,-10.574682233739262,-8.644130149435401,-10.100400987820981,-8.123411190478336,-5.075683577797953,-5.567562977555667,-9.846908903893206,10.441447535260979,9.07324143181438
-3.3820711193917687,-10.385798560911619,-8.999981228730459,-10.254086621074663,-8.525895624583441,-9.891749646370284,-8.256698316824782,-6.436015399452555,-9.329980674027484,-8.299368717959174,-8.916348788856515,18.061153519996648,9.981929406873773,-6.3966634064283365,-9.73031959196986,-9.35031095625222,0.9601605613244163,-6.497191181283475,20.960575500356434,9.646930098150666,-11.107530467621299,3.0147334603976557
-8.41976415857597,-6.2121361948508484,-7.78828148485782,-9.355002788913183,-6.21602584242317,-10.503193228709945,-6.490754673100322,-9.700434660626719,-6.67978306827939,11.69908626186726,-10.865245759776029,13.563424345084359,-7.60010068946971,-8.930224992667629,-12.770923200345488,-10.896117933817429,-10.057222065887487,-7.669398382365301,13.011067738452994,-9.408292822290553,-9.385309507561201,4.053093261278177
-8.289169072128551,-8.288132281791707,11.823840317561745,12.596140328198329,10.466034687945307,-7.1102348180019925,-11.051435286481741,-2.2470653639529727,13.73127747196016,-8.744644519314859,-7.526258224667156,11.345504351930677,-7.969461298062043,8.016978897675427,-6.020802711863634,3.932873297143815,-5.434115361324205,10.152413169619258,-8.639331449617673,-8.050011947100353,11.04318777948269,17.341394576335414
-10.623571489997026,-11.56157146500362,-10.914328710112496,7.021804760045444,-11.29491248601307,-7.930404918426108,16.814717622202597,-6.951262956346212,4.378117646120752,-4.66343447217827,-7.199136801147189,-8.90157439717097,-6.345824552689033,-11.375292838342807,-8.274811891315316,-7.716466136408829,5.417275575109095,-7.547643578434311,13.9885189117096,-7.600294930399341,11.133329123525934,12.382127673290052
-8.847289381098388,-6.1503205327862105,-8.103638483312842,2.1351642545061797,-7.799463941130077,-8.04081248023875,-7.796325527087049,-10.041904378364233,-8.29515543142537,-10.592632940072468,-14.604704694959121,-9.764345057300662,-3.923879214277246,11.4648845477173,-6.6290786902320695,-9.341384188820474,-5.904600922332089,-6.831124276115707,-8.93295072067244,5.483070860191426,5.012105571942596,1.380867570897711
-9.04230047231078,-9.102866953369233,-6.915795265882173,19.3028259427963,-8.85886987304446,-9.745222108425363,18.880817702185283,-9.276567970684491,-9.569165947629388,15.074772323485032,-4.169904750014901,13.422344926909052,-4.114771910155755,18.447417433956563,-7.710634951223835,13.239928389860555,-7.091582259053169,3.3871325236277396,-9.908871622693825,11.510958818079889,-6.132753088090113,6.5712490088060305
