script/wind50m.json
{"header": {"parameterCategory": 2, "parameterNumber": 3, "lo1": 3.000054539987559, "la1": 64.9999836372058, "dx": 0.5, "dy": 0.25, "nx": 34, "ny": 52, "refTime": "2026-01-11T09:00:00.000Z"}, "data":
[rows 24 to 47 of 52, columns 0 to 33 of 34]
18.327496274830956,17.320634626103903,17.591170454060876,17.35542262311515,15.630664699227346,10.74542350459587,5.310587715536599,15.804006512390364,6.048314540726652,0.8383359131285725,-0.7815425566299155,-0.5803270486567753,-1.1920189004633572,-2.9856223408934826,-4.09819523134133,-5.095253076792194,-3.226527765058388,-3.8814807745008606,-4.937587235754639,-4.006418259674476,-4.205006949588767,-6.942919592363725,-3.605590008318541,-3.911574066906637,-4.694595546529409,-3.8330171663255332,-5.6725059783175755,-5.774889351835665,-5.8478524486498635,-7.542643119296611,-8.051379146253065,-14.382091833562832,-18.67304702427084,-18.460701656386384
18.367604709099115,17.357907062254988,16.79726183119761,17.60756570991382,15.239378868068226,9.28053071085357,6.584521719350108,3.1926007459323977,5.177039757045833,-1.1301613507851975,0.43131575972240116,-1.8485517749287994,-2.2081453321099405,-4.07746164357081,-5.0457452380654235,-4.509515455426241,-3.616079303593886,-3.073272774731246,-4.993433436158556,-3.0797860216950155,-5.325634860645253,-5.963631862222391,-6.203888977342291,-3.6818624549112644,-4.775450617533224,-5.516262878723366,-5.510393218135181,-5.967058378810805,-6.753443693675146,-9.662987179537364,-13.267549649660372,-18.128440137049047,-19.291402169843227,-18.3827058934203
18.218148497244574,17.00994973887503,15.518779980100566,17.692321580295644,15.064197421353171,11.626983928080895,4.266519697344531,2.6868297148029368,1.6240161976092715,-0.7942288673853117,-1.2233622671283466,-2.9688280370246716,-4.057408916602954,-4.5490738968272435,-5.176076618637079,-4.439913971108939,-3.845449722504132,-2.4912221229182823,-3.398329363480795,-6.03542172723266,-5.24254319373466,-1.8193925144932934,-3.835676375871974,-3.090598698387666,-4.1776655140773284,-6.962439849359671,-6.470864275117213,-6.769896307154641,-10.888383031933365,-14.19985360874585,-16.040955762626826,-18.626115867273136,-19.23304557765281,-17.87501170963764
18.20921630383047,17.189380723247638,15.37095188391946,17.86754730825051,15.424290879362013,12.939322391349437,7.182157585171678,1.5427738948752396,0.24778690535198977,-1.9843125042114294,-3.35643305140801,-4.549384663196763,-3.9899183103762876,-4.129669570569239,-5.356503322002203,-4.486205747887044,-3.407497685697038,-2.479812124179043,-4.118850228520926,-3.723567786489542,-3.632603142346674,-0.6773185154017356,-1.9411575819398301,-5.9178682340082664,-4.100286535940642,-4.487047862620661,-5.181811376136321,-6.406500173997784,-11.081870877237083,-16.261878019348348,-17.938286834903764,-19.58456538317695,-19.30613525341677,-16.800542846750265
18.242713537656723,16.992151344190006,15.043874874624139,16.805139182750917,14.566891491647132,12.790836000533762,11.071562854195172,8.87210574954842,-0.49488460949815183,-3.75023562625089,-3.931759518668937,-3.0192328313018733,-3.42605135508729,-4.070700275425152,-5.1734867066663925,-4.829190154044655,-4.161122380224128,-2.5860102609178623,-3.292760503082741,-4.526482316624595,-2.4700378701982193,-2.843490539479625,-4.815366931008441,-4.9647667373486,-4.034078651243023,-5.639037615629309,-6.289116814551246,-6.854727304448269,-13.980670164728323,-17.606167293433707,-19.01864301409039,-19.379617006133707,-17.626833878882024,-15.405610032158185
18.17546289044248,16.933999007335824,15.60741851750681,17.04216049794699,14.742869096046867,12.507446773386402,11.141400851484443,9.774536789065044,7.49873578396104,5.36359025482666,2.443221689936551,-1.0293206905807848,-3.322722099461833,-3.8643275356204287,-4.733330549344534,-4.955253718004343,-4.781766921043909,-3.2900845762297393,-2.55155136540794,-4.031403752636788,-5.963032369726569,-5.290938918292467,-3.919351971050198,-4.117712424516875,-4.891780518136383,-5.891825777256446,-6.498884691678394,-7.345400598371981,-16.035901657473683,-18.921771377226314,-19.33532500530737,-12.950190959541024,-14.82816562851657,-14.747945833659406
17.818190340615914,16.900692340900868,15.726027004873604,15.36380866286843,14.551708028940563,12.383450202217928,11.925104976008296,10.06129623384215,8.270936129510263,5.921362464834103,3.306154135616627,-0.7617557828704719,-3.2186710902096825,-3.3626189171890646,0.5708844096650013,-5.4148822242338674,-5.459515550258404,-4.956629040240091,-4.591043646734937,-3.4786099781433375,-3.9060727155503514,-3.8223346931443345,-5.318429304163069,-6.472476512726147,-5.784570980884357,-7.189216168865218,-6.509103887586299,-7.722696845481481,-16.916951974108787,-19.839355116108823,-19.962001864330073,-11.149917916631459,-17.703844590487375,-14.335465763884157
17.688836246041994,16.650208282210105,15.193620563969144,15.000368425889098,14.223732147790676,11.728019510416674,10.948919537531738,10.041575265697766,8.36020356018868,6.0950444293162445,2.779810542243605,-0.5589765118078741,-2.4756409927895984,1.7363840360755027,1.2381140709707579,-4.723114613759052,-3.5946771443175347,-5.733498367991105,-5.240932879088012,-3.2206043111985614,-4.018113895124959,-4.543491009621743,-3.7951268374114546,-4.524136379306589,-6.300961445353733,-6.021827749952926,-7.354376333136254,-10.457563169669633,-11.513451931549628,-20.242553824283874,-19.873382810481203,-10.588510570551403,-15.79370930568941,-13.876716950775004
17.432788040038478,16.344123031625305,15.303470836910968,15.450762094302698,13.992583389001062,11.411379583266969,10.881635268401801,9.652832232224284,8.214115433779487,6.593679598489081,3.3702170296939964,3.5387223840771296,0.18930966233425464,0.4343779786451529,-0.5428101227779756,-3.4936361869441535,-5.5893886433627475,-6.343600468033061,-6.296752227147111,-5.4470185319939874,-4.70752093344437,-3.911323849803759,-3.8403540487303354,-5.739309671785426,-6.052698866221794,-7.0603043507893295,-7.6723893007004405,-9.176794213445161,-15.94940773029278,-20.29775260843756,-19.855165166223756,-13.31558788109182,-16.126853410346577,-14.267952186113636
17.03988648483297,15.90213756121489,15.115937327586977,15.107893238387222,13.451145749187924,11.41230197062076,10.719363792720188,9.28833212381838,7.920321139712942,5.949994048357348,3.6222572673645343,3.430225713955102,1.7719154679955509,-0.011895698173239938,-2.4373023627495387,-4.347416260899756,-6.046911108419594,-6.648536821916877,-7.392130423836128,-7.489797803912662,-4.426399252057411,-4.657871671318957,-4.896422229917184,-5.6939423245053815,-6.28358037345469,-7.088453570557004,-7.6673621610227265,-10.389079615250235,-17.57883312993759,-19.700185200375067,-16.61053380432497,-16.306686669465346,-14.383841729298494,-14.229806025896345
16.806699923735557,15.746546445144757,14.605315301490343,13.633952979774879,12.848782713573575,11.364699734809745,10.353312229187551,9.293193387833712,7.532693771751709,5.615817765849062,4.21030357345755,3.4775923758828844,1.3817418342430325,-1.0631480488448508,-3.2058232501947512,-4.29425718993577,-6.531124121568397,-7.018912978203857,-8.201391515471855,-8.778916145976817,-3.1518034257612846,-3.1650904107100644,-5.582311440464649,-5.395525692243266,-5.800464159433554,-6.635203418236267,-7.423312843247075,-11.223566333191105,-18.048911295915328,-19.79054731667179,-15.272976320737804,-16.26071185882009,-15.124037983341985,-11.798234246319808
16.62457991120267,15.499566157982663,14.319557394036323,13.757403556863132,12.22004187139386,10.433401541143356,10.165591752027582,8.868165012071847,7.106131558865785,5.555404514322752,4.319453041309689,2.965241292071653,0.38837439978521054,-2.035899028893534,-5.0692799534231305,-4.758918214835519,-7.02783083859236,-7.553861238834325,-8.696948074113067,-7.541755235179778,-5.106565548651762,-4.4519146331233905,-5.068655175652751,-5.740713066522181,-6.040096786167592,-7.0142876827997584,-7.798805103256749,-12.646912930895615,-18.466950407409435,-19.382656861038413,-16.920340181477236,-15.701934619773615,-13.913172646872578,-10.646332043079896
16.497929263734644,15.34455536582229,14.307680754976886,13.804452904942245,12.06634105657716,10.446321859806673,9.85999660565356,8.576310411018918,6.7916062246022815,4.939992481155931,4.265898371941317,2.109540431960767,-0.3147856925596396,-3.107288143086192,-4.331507040191825,-6.093170756619403,-6.904899426555803,-7.848056311283086,-6.178578132432748,-6.008919207375277,-5.461592644116583,-4.3640279617265,-6.02641382547766,-8.022687167896725,-11.75255964468537,-11.20297238393068,-12.59342817731797,-15.793580562033416,-18.57711389893727,-18.876369739770176,-18.11568725948918,-14.97019413962466,-14.213251364146368,-8.713213323649356
16.431022632864206,15.378204344756844,14.064268035782751,13.170637085893901,11.439527953388218,10.145965753827005,9.405201536600261,7.9751408045321455,6.177537545082385,4.701986618465248,3.6596136849759096,2.4301155465858773,-1.569026268981863,-4.618143345238961,-5.460798408293746,-5.263682419164885,-7.401873536337901,-5.853401039724869,-5.341387556809822,-5.874872011855769,-7.775330578906016,-8.825912367385564,-6.959747667223199,-11.624666743207102,-13.783443794499192,-13.738112840513399,-13.435653893232436,-16.464920201311497,-18.664998766508674,-17.83960378921615,-18.02264018423799,-13.084254109623275,-14.389755493538113,-7.491507661254685
16.257881426999216,15.501358472262156,13.928395813616257,12.951714194059628,11.859139172519871,10.322752750051007,8.976332495508778,7.469148407611461,5.648486556360305,4.858660397444124,2.9398296941776114,1.604003366581277,-1.6864615114846324,-4.941143466013919,-4.259409592931589,-6.192911878678353,-7.025775581342095,-5.288449904532718,-6.582374493867049,-9.219151438669876,-9.030723213265023,-6.615334535640684,-7.868257524383292,-13.700472213596539,-14.188594012866409,-14.120699942735635,-13.929714163636955,-16.256027057214506,-17.797774181142582,-16.915743663418347,-17.691793148049914,-14.63534944352033,-12.5303067831378,-7.184283606904294
16.24235563685431,15.23332018297458,13.77466334180718,12.710560243044478,11.872968646767642,11.072446165219155,8.417665873593933,7.417799603378098,5.518427855131838,4.082591087948927,2.991608515751264,1.070614238301542,-1.2051528377775986,-3.893054453809202,-5.085497247519445,-6.832255655972696,-7.338455669715585,-5.87905997062632,-5.718386206890056,-11.165525726807664,-12.090215722755646,-12.357203411252154,-13.165565466956245,-13.837068837316862,-13.856210375106917,-14.066879914712903,-14.262256520866542,-16.382353045784537,-18.112328057352872,-16.857413654703578,-17.1138750312106,-11.778667993632595,-10.403401491579217,-5.74843753041608
15.594103079233701,14.945521281533244,13.722365609989257,12.527344714400131,11.638086545355474,10.465151349975194,9.001079843743959,7.432374598574575,5.670495533282471,3.70393980476871,2.108004014313839,1.1320086888546839,-1.2766746199547836,-2.5570887589387516,-4.447466466628294,-4.11056888681081,-5.614013572579397,-8.03642142328939,-6.259515437642468,-10.21999302880701,-12.628480065999359,-13.390528806835372,-13.227002836292682,-13.699445779059886,-9.999006106106968,-14.05288758724646,-14.416180691905701,-16.349360165785804,-17.518486887346814,-15.774909873895,-16.10644965209715,-12.510876072950623,-7.322901211429436,-5.519156424596679
14.917444293227087,14.541664406577413,13.555004660244778,12.088186810798843,11.595548517158909,10.467962992765694,8.926714967390552,7.708054005041923,5.986224346724389,3.85873387690683,2.268070136943737,1.1768737600848307,-1.241735444140535,-3.6797477355778225,-3.8598032738047614,-5.500582656328514,-5.775716439656976,-6.147960206471388,-6.482526488806226,-11.598770671801375,-12.781766571270293,-13.718936434870523,-13.039880897854701,-13.148826725268357,-12.301523079738446,-13.589415156938802,-13.828508583198651,-16.60080807235836,-17.286621973763964,-12.84473075197955,-11.693877085759405,-11.679509767365705,-7.067786360713192,-6.0599970672306105
14.433419315220878,14.490268189971113,13.658483273610463,12.132111657801273,11.705036281948232,10.707840956934492,8.931523681929619,7.889804563497347,6.55038427086714,4.725224145638839,2.2100453615237687,0.9421458953866754,-0.6864523662569385,-3.033553439239232,-4.864585496512148,-5.669613777863919,-6.824210946433316,-8.132233632809859,-9.35075488130307,-11.173757974097331,-12.838019139860927,-11.5720008343097,-13.09702186327447,-12.556587027927264,-12.503941651296394,-12.59104291553831,-13.812494848908047,-13.37722312114584,-10.681219499122264,-9.271850364767523,-8.512599396891293,-8.096346856633028,-6.835666162653391,-6.475726208826184
13.786130290708867,14.366587090430485,13.974741729698781,12.308330313051808,11.64149148120503,10.601553790921423,9.230573285290733,7.8637511799342334,6.4411863599576655,5.218521057247228,3.2764573656226665,0.49506264108320885,-0.608058815320783,-2.4752480799918204,-4.5939598496136025,-3.794373939305812,-5.6703994034960195,-8.574111328489145,-10.76210421360795,-7.926772949574843,-6.9046479733490305,-9.001647289244582,-13.192133541928637,-11.87273626122325,-12.298940828916228,-12.506342849164662,-12.477705887058503,-9.761835572676656,-8.899613579859395,-7.600084822417172,-9.023580002027348,-7.149889401393829,-5.262227331778631,-2.714871343824214
12.991561466680563,13.962290862377952,13.934127344829147,12.513844747933323,11.764571848465202,10.626431719163678,9.497881717509232,8.123935026330406,6.560747846500983,5.482920116880882,3.6612413082608035,2.096422424196546,1.644885069981747,-2.5912100599225485,-4.744815483239621,-3.7624175369969657,-4.566537014144552,-7.041313466343507,-6.143613250239231,-5.859752437332249,-4.9880076008771725,-6.1664602657604775,-10.326027776623999,-11.585618020208491,-7.993761059671982,-8.605496300375295,-7.770752272192135,-7.413971518148029,-9.254428401388793,-7.664667705073559,-6.855708064560539,-6.329695484776209,-3.2737541996798436,-0.44260380538940614
12.128422577076394,12.823208703429463,13.686699706769113,12.777825350493684,11.697793097348054,10.57277932592965,9.28337828577928,8.302314343857907,5.781602074293462,5.321124556531236,4.682302391029357,2.7316977321550966,1.174349615665073,-1.2970290745637536,-4.236988630082792,-6.156883014403135,-5.55610652646923,-3.9203799618492803,-5.52244014033277,-3.8392071276412816,-5.277023748987687,-5.616157408266048,-3.377015353320607,-10.257731561041828,-6.487199237079745,-5.796565017269574,-6.8184579548073785,-6.291285796824765,-6.560303497626429,-7.512571292020676,-5.113503669784081,-5.293864641234232,-4.0152238031574115,-2.3889185015882086
11.335552033854716,11.830918137993487,12.608777774426658,12.430570088282977,10.815768425953742,9.620933478624732,8.479280363482559,8.360133998319847,5.122680086601337,5.844727572775255,5.374862578764493,2.7058094761173694,1.427696293121123,-0.5764069991192589,-0.8708409373428683,-5.740100479950133,-3.765034837081584,-3.240222690793541,-4.492373738227335,-4.140728730005643,-5.7434542745520405,-5.844591664774036,-5.1506740646017635,-3.218804295870541,-6.447786855454354,-5.670610788741194,-5.396520341025509,-5.862790561186332,-5.805661725411048,-8.003792118838128,-5.996214898348432,-4.653960839239304,-5.389115409804978,-2.210090242916995
10.582734089573881,11.470955873724357,11.20072893762513,11.16246832306259,10.41548656252588,6.930999857887432,5.569804738668851,5.724330893016285,5.901120403246532,6.613349161976255,5.294815387192183,3.878661956373993,1.4330575009397588,0.4918358967692842,-0.881664171575619,-1.4802286565850118,-1.8738835229724753,-2.042522094101057,-2.7249087618944476,-3.561460444528967,-3.801876383837039,-5.96425031601307,-6.293498715509758,-4.716671732098344,-3.698419849190006,-3.2141985186168323,-4.157677217034449,-6.334266000806702,-6.715269727291374,-6.3568957834841875,-5.566895020927856,-5.804565287275308,-4.991968308885635,-2.926949232858262
