script/wind150m.json
[{"header": {"parameterCategory": 2, "parameterNumber": 2, "lo1": 6.000198445256149, "la1": 58.999992894266676, "dx": 0.5, "dy": 0.25, "nx": 22, "ny": 24, "refTime": "2024-03-14T09:00:00.000Z"}, "data": [4.760691218664605, 9.569227746734173, 10.660458374910908, 4.689093871776672, 4.946897372780693, 11.144001472215221, 5.194193784871171, 9.997357200688274, 11.511998620369491, 10.497490255677848, 5.070200899651723, 7.305400994511811, 10.748156845549998, 6.668945554295107, 4.888239892238496, 5.448691354334507, 6.270561392939184, 3.983794340743951, 4.412288574177535, 12.208115908275879, 10.399761773547652, 10.392944347803335, 4.060538926070818, 11.094958804907114, 9.447159009547006, 10.406342400705663, 6.646026446524986, 4.305441069206028, 4.059847418251416, 8.118451592751748, 4.408164382290028, 3.286751061705333, 9.273559179995141, 7.905874834432457, 11.623573493223725, 10.424856335168858, 9.209959503294268, 5.911946878984037, 9.69005550511552, 6.240251177328262, 4.787493922437262, 9.840249124474406, 4.7224753561764, 3.441265312767583, 10.561874132706953, 6.377125366557614, 2.5834568837586374, 3.9260072107754547, 6.386901783446857, 2.783412427100783, 6.697333329783446, 5.484587732638338, 11.7425628674124, 9.733057276035698, 6.62501966034246, 7.0424794931932295, 5.59566363365299, 5.654434763287662, 4.852585526245052, 4.659869839986474, 11.32858302838208, 7.584301713070223, 5.092830237856739, 6.676424701953859, 10.511914069434082, 5.710270386519741, 4.171618081144397, 8.690912471399225, 7.574086534105529, 6.277399524812312, 6.434323505378783, 4.60744973626442, 7.690013801646931, 6.914580722482255, 4.99901184878678, 4.896303553688978, 2.7870564798607256, 3.8871266120233843, 1.915025864547821, 6.017632956532225, 6.799320162206421, 6.437396057471921, 4.282358493216495, 6.176480402972268, 7.995768048711758, 7.988916426575701, 9.82913117395007, 9.670453800532597, 6.451966107836806, 4.724764260871519, 6.019195354895777, 5.069944639167857, 3.8817291956651405, 7.90878465880567, 10.213720537024487, 5.397484807061562, 9.077405626007552, 8.033844435718665, 10.110998923772947, 10.79396578222922, 5.323399979642842, 2.7857280180746757, 5.763749205119135, 2.7403924076003037, 8.325519642960362, 11.00641200634134, 7.5675701314586465, 3.3949874847447123, 5.0850483992822255, 6.365996848964134, 7.264699219966738, 11.212823574139366, 3.0799684334028363, 3.9490597023642215, 11.187771054279908, 8.851308748660985, 10.745205515969518, 10.245420188510229, 5.716050095366323, 7.5065549373102005, 8.160120251146482, 7.285211935258909, 7.548183629873493, 9.659831140869686, 5.639324917354421, 8.03004045842591, 11.11551004471108, 9.10721771322767, 2.362107851795383, 4.831196718640065, 4.997451092144252, 10.751187176834899, 7.1120285037417155, 11.317313056760028, 7.27684149120416, 5.222613245579896, 7.121309471449525, 6.728555816343915, 10.261832248218443, 8.489410725694551, 11.884448094373653, 6.536751226809741, 4.409122950876059, 6.792667716047368, 8.97624116858066, 7.562022127829288, 12.472819870738437, 11.429342592849434, 6.722757871120345, 10.96858934115762, 5.480899335442022, 9.373138559250528, 4.0173279352663265, 6.665531092911724, 11.584081585673907, 9.987924973230834, 7.2986906832639775, 9.855020880326538, 3.4271838822983436, 8.342894237844876, 2.1889386732689955, 11.809867550868468, 11.392410156093463, 4.370395214030847, 12.044274413308171, 11.3806856375868, 4.529807629288134, 10.750556206854768, 8.985081082859494, 6.018321934017299, 9.129009048963322, 11.236880851692199, 3.0907186852120594, 5.056536327995057, 3.531706948465852, 5.6187038428300635, 7.277209598908604, 5.391481188491245, 7.96379521119524, 4.251121752261822, 8.688438672597583, 10.924384681272725, 10.648434444832258, 10.92397496331773, 10.847275813975184, 3.9523538519990025, 4.5572266286369985, 12.097085515534324, 5.803891560249128, 7.582438328603775, 5.508392034785951, 9.658837158657112, 11.291403282547005, 7.788193970314725, 5.750358006300069, 11.362825818391174, 7.8656897781659625, 9.472603057382502, 6.536505042342293, 4.934787288014349, 1.166233327295966, 6.660911151040483, 7.270619389475548, 5.732387565349002, 7.888028569065807, 11.240709879518306, 7.887877289395994, 7.225442185634923, 9.718878469661679, 10.523032663825964, 3.9105744321348905, 6.816670333798586, 3.5474358771059347, 3.492299087933242, 8.507741758180027, 9.619558799697852, 9.945648396198003, 6.986321934879488, 6.194476417193482, 9.670252392510513, 2.3215028724159184, 11.310636555321823, 8.275548018924376, 9.603856678082511, 4.965700103443521, 12.038279295889744, 4.43413304382219, 9.24917865666283, 10.766546073004086, 5.043413237722314, 10.393438369282132, 8.412733691063153, 10.719220533240053, 7.993267905914652, 10.141762295429702, 9.843206239205704, 4.805134275278718, 9.736231260992994, 7.394749346551216, 5.348287980836417, 10.982355139560928, 7.213616673009119, 5.707586864604865, 9.752416596477188, 7.842631026289741, 3.83699958344584, 4.211969938257828, 6.7569303063777495, 7.977143781454463, 10.177060136208498, 11.514852315480773, 7.866127243950475, 9.77796299217969, 5.987232669737305, 6.396220813108535, 4.668160554703055, 10.449298837012568, 5.799559688529901, 6.362352426137695, 11.07863767937651, 11.120038836255283, 11.800717528482107, 10.683911137367689, 3.7943169622010116, 9.7775959462794, 3.584941493700531, 7.784405590131576, 11.644988821523558, 7.665179093370596, 10.35777075669095, 7.5402654085091285, 6.245733898053047, 9.70289997918974, 9.565225229132196, 11.392818642714603, 7.895515224003979, 10.901817040789956, 8.491161716061255, 6.1788026790896495, 10.13870104011459, 10.500261786595951, 9.73527258740636, 5.432784290960725, 8.560221322151932, 4.339505916169498, 5.573476105646113, 6.698508022744034, 7.724996087588544, 10.534371898450694, 9.23574290656089, 3.2278318522738667, 4.897574357373079, 5.2230098714623505, 7.149044755819181, 6.565527816377228, 9.180845912673295, 3.7996907931295776, 9.08520705896186, 5.656026627835192, 7.098355237248953, 9.485774028045368, 2.78328306713067, 10.17578353262543, 7.202299316563644, 11.904199388138084, 9.904955755679323, 4.96578701102912, 8.927115130186198, 7.902497592194878, 5.173338982059604, 4.666754027741527, 10.69159094803015, 6.041850631796961, 6.657172085861129, 8.48892020104624, 6.522070730216913, 4.966470032153722, 10.361532922842082, 10.179488645948018, 9.442340784077311, 11.257764106251512, 11.392326585458541, 4.034672108339757, 9.217943951166069, 5.664149757782079, 2.1507542480844153, 6.369821576240363, 4.715796237250583, 6.772860240644517, 2.8834114899116114, 7.303364339617759, 4.297485937904522, 8.772998609592896, 10.317816965748422, 7.696823956224799, 9.168347905907515, 4.43099443790157, 9.867909267941593, 6.733093869801089, 7.27202268003382, 3.531056889212177, 11.70031796661964, 11.26075963577026, 6.057021400734426, 6.472275879452763, 2.8054506795230347, 4.360403077465236, 8.651553146354049, 7.5495617479983155, 4.221048126854791, 11.895694194651997, 6.694865129510171, 4.025380589476181, 4.158138337683883, 4.526689355540503, 5.483352966742471, 6.963590486505513, 8.490383429937186, 6.877505976577007, 6.830753682140885, 5.243091266261001, 10.550528721091364, 5.13073612967317, 11.747508010475741, 3.2870247514398883, 1.1095620953735346, 3.631210179851992, 5.603308912700667, 1.3336987807502785, 11.817987414191379, 4.867943289485157, 8.170813634693282, 5.976571412295118, 4.421146128237851, 4.154509638739828, 10.154978402507204, 11.706862598681349, 2.502020857590078, 9.038563191996872, 10.307026558443306, 7.250772496201229, 9.340723494083123, 10.61623998424439, 8.82320004604136, 11.710663025611302, 5.650634312765146, 12.149372014368582, 6.143345535370902, 4.997876416391008, 4.057951095144687, 11.565120621663693, 7.873812455810444, 10.396098263379729, 5.416218163214686, 10.67996766270527, 6.34787676979807, 4.814087828904847, 4.619661083312136, 3.9074704889641496, 11.864774458251315, 5.521659868575121, 5.99412419757929, 11.094418011336359, 5.314086287022042, 9.51070805420434, 11.802922217513096, 7.393809170259319, 5.124167019960327, 6.230028723756649, 6.784531902725033, 6.36477908569277, 5.639411684211641, 9.91169220881374, 8.298378890957407, 11.770750593411062, 4.1012432841159425, 5.16522662469078, 11.240557177362508, 5.032555767471947, 11.568226366275153, 9.606911426431639, 4.568272425005029, 11.243623502729104, 8.354880056270643, 7.168800377287598, 3.0538140879493576, 9.273464684847019, 6.641493594627863, 6.867288133684507, 11.742411766963448, 9.217225498102701, 8.542524436297853, 6.5204100394487545, 5.436436342488157, 11.708036807003289, 10.61463025282008, 3.168071375618865, 4.38036561906296, 5.213724805135194, 7.969460517170511, 8.600288287986613, 7.468763518716674, 6.453826501075717, 2.8247334738101877, 5.7924237214668945, 7.900195829560944, 5.088645822591701, 11.99810978071463, 4.625498433221561, 8.658072360704738, 3.5917349864538535, 9.152976016141922, 7.3272793512479115, 11.620452019451754, 6.371662661505561, 9.890183647238377, 10.781058374198604, 11.420407359331225, 7.2818686922001845, 5.383160188762729, 1.124994094695319, 7.27814069802605, 6.5624038402716, 8.507322958086611, 8.42541808109282, 5.743208552170495, 8.787856504848385, 3.9151102125662467, 7.7107942848332565, 7.688724117824779, 10.890596239857421, 7.945166128597162, 6.724064116151351, 8.019455876815405, 4.816708496415233, 10.821258635431295, 11.987952242560413, 11.356924858897262, 11.518799800302498, 6.683634337565481, 4.520555004957453, 7.748264088472624, 6.462346977933536, 2.5858698544942698, 11.246128570167771, 5.5661634491283545, 10.762146998747953, 7.84313352827202, 11.071112208326111, 9.026185815314829, 5.914049483187055, 8.781721635536732, 11.21385337921268, 12.096029621524135, 5.224912512919025, 5.1612244170536625, 9.629427728621021, 4.76176526543605, 10.119533615598257, 4.901626819107217, 3.8883042641711123, 9.825157246601837, 9.566713028556908, 10.654544094549163, 6.172522756296555, 10.107905350065634, 4.570083707669943, 8.075145519387355, 7.938724485847141, 6.391120639406065, 7.885987985512928, 10.831305742693102, 7.243934473413309, 8.29635614449978, 5.382864281512855, 9.429095168737877, 8.41527127363788, 3.5118198957608584, 11.500894763016362, 10.076223863174414, 9.428936884536443, 6.820326748377333, 6.98490251429342, 8.018265760199426, 3.4703610476801527, 2.8993164635826782, 11.020309338758098, 11.229232949176433]}, {"header": {"parameterCategory": 2, "parameterNumber": 3, "lo1": 6.000198445256149, "la1": 58.999992894266676, "dx": 0.5, "dy": 0.25, "nx": 22, "ny": 24, "refTime": "2024-03-14T09:00:00.000Z"}, "data": [5.536867480192546, 5.025969604218632, 10.646345501398518, 5.540715135664148, 5.988385492120124, 9.888714023208662, 6.210698029265869, 10.37476915924135, 11.258921984064209, 4.567587512011654, 8.080328155186626, 7.589940995548049, 2.8075183176324754, 8.09921329621072, 7.263301847844299, 8.03347493328874, 9.64966428816811, 5.326015116176495, 7.793575454811805, 7.47664738770288, 15.621758462857814, 8.196204252182083, 8.73727163845795, 9.923903410670377, 4.95751695816478, 10.398635040074927, 9.023468729456868, 4.795806537411351, 7.6121552717964445, 6.547705638979563, 5.1394609647287455, 6.129937349990836, 8.896929850223257, 9.833040309258037, 11.775310785162365, 10.574704532868374, 7.376862632352201, 8.070209991550623, 9.212589717354353, 6.682650981151381, 5.702051701708946, 5.490485897288454, 4.926363114579802, 7.9397421588680706, 7.907669853281269, 7.831193276678644, 4.87934017050848, 6.658099872227307, 8.346509208264635, 5.6953394519671425, 7.3651707576942815, 7.95451430126216, 5.598773138278934, 8.974201425550138, 6.085684551211392, 9.359841304398863, 8.480793281979496, 5.332880509531496, 5.953295101340522, 8.946108465510516, 10.463617867969555, 6.997058421140471, 2.5224794090195113, 2.029621451782279, 10.170579193817412, 8.495275728977802, 6.757275208176132, 6.832335618332577, 8.121948951336687, 5.973557739228041, 7.9182518700648785, 6.0604391108571445, 8.935968672776283, 6.360647709304901, 6.88100578809276, 5.062113605797428, 5.127015334095393, 6.836408906365207, 7.48923470200277, 7.223501402057992, 6.730158957168653, 7.278553059737974, 5.556071387820288, 6.610020943057613, 7.581936106506225, 6.5392519008475425, 9.719353085709667, 10.443138132680321, 9.863391921835687, 5.170208654546975, 7.898883647283942, 7.058377211411056, 4.3082873566768844, 8.058829799529034, 8.852125699021999, 8.189284520831148, 7.610595517532109, 2.233646045738665, 13.8133598419302, 9.011862708581667, 7.233318026417672, 9.077199170179872, 7.74782545141087, 4.965566471639273, 8.100597520005422, 10.353024322667299, 10.602906350230603, 6.593442401108234, 6.8695182889644695, 7.288429298114075, 10.388360173868664, 10.687057791609059, 7.342114622663421, 5.40672149918105, 10.4785985154916, 10.265456329510439, 9.594802779068068, 10.8129983120103, 8.357716460450344, 7.7705033001139325, 7.666284902416911, 7.288580239858694, 8.138433986384952, 9.324008946525764, 8.418751089340164, 8.714523625585723, 7.353305122788815, 4.679210672357807, 4.491893781983327, 5.294034352406057, 5.648971936472794, 8.347194642615273, 7.13595144770118, 10.28675429237715, 7.068779319584808, 4.856288429634932, 7.575853275242339, 8.287951443433359, 10.486361446744125, 9.642955353905274, 8.900162927520261, 2.439105661815737, 5.622402472552923, 11.50897638021498, 2.8193934068100743, 7.782788423827763, 7.523486037140619, 9.353019186502205, 8.255178951787155, 10.363804374868055, 4.0393205196790785, 3.7177147571651097, 4.95325667591747, 8.133642692188284, 8.983854298486204, 10.213643583738591, 8.004406213252247, 10.72224280684229, 5.764187370102394, 8.975238279359534, 5.637237427240664, 6.420520456976727, 10.273294931070291, 7.928155668793492, 8.966765302898091, 10.134881505730547, 5.52485547910555, 9.20688191941482, 2.1204261679473726, 8.244101958419636, 7.976343688995346, 10.238888861632924, 9.543235968647945, 7.005209365917419, 6.934082454211955, 3.112935180946628, 7.536618901028299, 5.959638420004559, 8.286655770394036, 6.179053715248865, 9.24248490004447, 12.803482238440655, 3.8168217829166435, 8.034252226878518, 10.819010034766483, 6.010692440246108, 6.022521990888739, 4.737398079980219, 7.1489205317424664, 6.7331801209282265, 7.690754418602975, 3.4931243671448717, 10.743525433423711, 13.39555112365409, 2.9362857993292124, 11.091491473754374, 8.027635151607491, 8.659373788840544, 7.469607152204178, 5.560085554532179, 4.147858918244186, 6.610257241662957, 7.524114081371643, 7.474828278596075, 7.478917154280914, 10.248327131515861, 7.227380165900048, 7.096216872204161, 13.461723621658162, 10.379036089449878, 7.537196702713193, 8.186590652835472, 6.623582162668002, 4.835282054351758, 9.349384776902792, 6.401418912671376, 7.797910987425068, 7.507335720828428, 7.357008728331552, 10.100190258679323, 8.218011627093404, 9.656332982584715, 9.541903463684346, 4.892765407054864, 7.688525712759464, 10.53564170315546, 6.213770880930838, 10.29764117952403, 10.789653076326307, 5.752948655309332, 6.1541794841146595, 1.6479878759118254, 12.293296637180061, 10.157843526990918, 4.417529398241086, 8.86531262119072, 5.7753500835625875, 7.70933271496035, 7.691398996684073, 5.034094642371487, 9.514494026481454, 9.932600709337285, 5.694613098820768, 13.0724381418813, 6.399719963926499, 6.381980263993148, 6.026209904137211, 7.894911197501424, 8.337984889175283, 7.155989526395025, 9.934528600254856, 10.346449719512597, 4.639068924551763, 7.408677492593079, 6.919058580026056, 4.778880274647193, 12.33574736836156, 6.6011530793445985, 6.4998417035857665, 8.839795789312294, 10.771733455197868, 8.49257292120043, 10.738848514768037, 6.501054770501933, 7.624617633099955, 5.9714080860294185, 10.12562190051394, 6.374734199278962, 9.150286106117864, 8.995062425126841, 3.958618486125281, 7.693392119556729, 8.82295033831803, 5.381586461730813, 8.236998866692588, 8.619781168811166, 10.242405917335448, 7.445050471486298, 7.6371941324359165, 10.108720962883739, 8.267015857947683, 5.612048463302065, 9.39169513721071, 9.19208748701025, 6.399338686027312, 6.820237442587493, 7.7022103764624825, 7.161268826836117, 4.136896583114962, 9.685995390621876, 8.129791454509359, 7.006318602470025, 7.052294068255284, 6.984805713336038, 7.651464196323355, 5.152171799213223, 7.4055808954864055, 7.090188569079952, 5.635317793107846, 6.640907808187968, 12.417251751868472, 5.263419317656976, 4.240387739817716, 7.674325978400172, 11.710446037582273, 8.704465597468388, 6.751739212406522, 7.471127766005208, 6.854859931337029, 8.109185359552264, 6.770039909765593, 8.108210681930828, 8.965003847398162, 8.870178302183437, 9.60637846577715, 7.9117310246191925, 6.268866466412185, 7.62314561222208, 8.409154680689715, 4.945700883696633, 9.764955671628748, 10.591585827647727, 6.071500050301751, 8.746179120910798, 7.073379597289549, 5.761087041997665, 8.841461443172005, 3.19723000758083, 2.0197318705475045, 9.14302265583968, 8.809907742281021, 6.251527416127822, 8.837088230970492, 5.4865987184366185, 8.0054771687606, 8.300792131122574, 7.7479518449001725, 3.868413206643887, 7.544247834896477, 7.4426668441198975, 6.658463214084809, 10.661820378923863, 12.666926539656234, 2.8723389804459507, 7.777066042998784, 8.890413227997163, 5.826507666954902, 9.881288439352106, 5.940562816247611, 7.026261200248577, 9.718910845683359, 7.115605282315058, 6.115344961543949, 6.866354073798311, 5.103191444562832, 3.302920958784344, 11.685141071315599, 7.981003467247972, 7.48612149132832, 10.182634401040735, 5.941623808535214, 7.138286023511449, 7.4410869774580375, 11.47960216143862, 6.407349910435092, 5.308366882725763, 7.776051522491125, 7.629896542958232, 5.3896703674303685, 10.78337905333566, 6.9243750478661115, 3.835508746586644, 7.461579084705414, 7.2447718344105425, 5.948903553698873, 7.720013657276302, 9.052305648589305, 4.5644647240347345, 9.511314574812598, 7.543506718178867, 8.229167208682485, 12.715786618115775, 9.65349029328971, 7.7686097902102516, 9.139040814003359, 8.992915445302756, 7.711648318537933, 9.735852104758418, 5.6187629764833344, 7.028008112381331, 7.5846825840924925, 8.776945760265376, 7.993819051147026, 7.642112150713275, 12.208270013953113, 4.117207225279076, 3.982132518425859, 7.1015112555806565, 8.780996476445699, 10.42366956327139, 5.682152760425817, 5.836311115743591, 9.562769170167623, 8.237314632854769, 7.471946067088591, 15.460148572329462, 7.895480435295885, 6.259015556120884, 7.829473784313295, 0.5881729063260283, 6.969926377137811, 7.129666629887735, 3.6768158795092782, 10.35623877004112, 9.745164171288886, 5.0733704119213066, 7.618676453188528, 11.21958805459621, 8.776797600063142, 11.210737261121144, 10.398972270585743, 6.817170174736521, 10.267959762613103, 9.180240182514645, 7.753114059748794, 4.821229812018284, 8.923955585697254, 6.75574842616333, 5.805167339696842, 11.251717643604442, 12.128515752328289, 8.545958475120656, 9.239153766729988, 8.530222869418262, 9.859985830348736, 7.128743858535927, 5.9438153390809205, 5.805457288720437, 5.716653656100429, 7.163460896071019, 9.66142375340241, 9.561714830128002, 8.515894099451208, 6.117660986671945, 7.446536778509273, 10.534709522405004, 10.091896155429525, 7.631098333933252, 6.517042445758829, 4.793604240904394, 7.857726023117961, 12.38642654894483, 7.11268198546754, 15.815401438331168, 6.332436712183453, 4.727675457860154, 6.8218057992795185, 7.917755256241791, 10.631836690498654, 8.618523236417477, 7.600770404228476, 10.726751691781079, 8.356934339543892, 6.411532588152503, 9.21167164970056, 8.796768798473781, 7.536652802944767, 6.6904049561038095, 7.410398359325802, 6.558814418729197, 15.990829716854211, 4.360375946711067, 7.309847667717466, 7.094878755817617, 7.245078910679056, 8.941766217321916, 6.380285624464013, 11.960488371279794, 9.554288594011004, 4.1226540632178645, 6.849462585294862, 6.798558220047483, 1.2545799968584699, 5.8374883479125845, 9.70233108107683, 8.257188878454095, 12.26141745614077, 8.993994542782515, 5.652740298503601, 9.11049483860835, 8.598276244770318, 13.853327821540203, 7.576250227944252, 4.511981660525143, 6.744136186267583, 8.589230570452608, 4.202148862582852, 7.3970478174579135, 9.050312339312779, 4.199865239983639, 5.889429660271177, 10.157103034119903, 3.919194964328894, 9.481704645763813, 6.752216734497692, 5.244155255290273, 4.99188663260168, 8.900986485212071, 10.997097151679467, 7.764360512424395, 5.480873967124396, 6.410738276650927, 7.642151399264263, 4.730717735643043, 6.766193287364547, 7.7767476923801855, 8.052469552558174, 8.032820246653596, 15.41507581181346, 11.969535307759479, 9.117795551166457, 6.744411389279326, 8.662227039329128, 10.493136655251487, 6.897179936377207, 5.642282970800264, 11.968354474211035, 10.446515375674906]}]