script/wind100m.json
{"header": {"parameterCategory": 2, "parameterNumber": 2, "lo1": 6.000198445256149, "la1": 58.999992894266676, "dx": 0.5, "dy": 0.25, "nx": 22, "ny": 24, "refTime": "2024-02-09T03:00:00.000Z"}, "data":
[rows 0 to 23 of 24, columns 0 to 21 of 22]
-13.818726693381775,-8.030067793345589,-10.345758833919875,-15.968622917017715,-17.08985147625541,-8.582073452636811,-13.475650960439195,-2.395090339856992,-9.224452542224657,-6.7833269412459,-7.654493775114598,-8.258968003372996,-3.289617405629428,-6.948938860930941,-5.542544799380378,-5.6673675552952805,-5.099970504255434,-5.51408049968714,-7.627520197319251,-4.246144383699547,-9.680225299673191,-8.99109755865225
-9.501986866191194,-10.991742192419983,-4.330912259259639,-9.585885394666036,-12.014634201370868,-13.582269032134812,-16.026962497396227,-10.902201998736318,-14.032642548671626,-13.617262007461521,-9.87683246203457,-9.266900777233834,-4.883739814309526,-9.940333816677633,-8.245200550372486,-11.555009632216203,-10.663882432716452,-3.7812566738618765,-14.50787954548605,-4.016261491927225,-15.91158729317125,-9.369909959895072
-4.012457187724118,-7.740921958071704,-15.687937987828422,-8.65708127760147,-9.74576972623797,-15.469596547320977,-8.073579219957633,-6.7852740167547765,-6.5118862923649035,-10.660824820594165,-6.899448456060535,-11.337908133328739,-9.100468250096664,-4.357603105630362,-5.375368180063671,-7.791409189589038,-8.637472489472916,-4.795225484345083,-4.050672984457681,-4.90737952485067,-10.064165344941866,-9.28285131235913
-12.953166871163852,-8.578988749325827,-10.951106430362097,-6.340347286408877,-5.334342737889764,-13.374430486023943,-11.28576554774715,-12.855274838094822,-9.837805933345566,-15.549760052559344,-17.73581385905994,-10.294590648665995,-18.2684934937834,-9.88968561171481,-8.969946404278046,-7.972680793772495,-10.171585296052827,-6.053935933485648,-9.187133197464654,-7.5705920952702455,-7.019829152421168,-8.812034271516954
-6.067817839114068,-10.911895160536826,-7.841977149833606,-4.966514177205283,-15.137604003264366,-10.542866292432018,-9.213921329364625,-8.07619296583928,-11.339385721065455,-9.988292089008647,-8.569103931366408,-4.810028358268813,-9.875107068462494,-10.330592366527465,-7.055137936541706,-14.813575635359163,-8.916689106681378,-8.069010617216566,-8.44109403354164,-6.08635052811403,-13.622629688205018,-10.77839094801443
-8.458975047699788,-11.710979627473078,-15.441520730484292,-13.793714428301737,-9.497397549603452,-12.907620433935092,-8.19710187369629,-6.759235790089221,-6.716859914891278,-10.0879403820155,-8.156644851351686,-5.984508292728095,-10.332633627217712,-9.526486057861185,-9.575953959776804,-8.9564442511972,-4.782302807360745,-8.938348210895258,-16.841325433031507,-8.939907849231988,-10.5512270484029,-9.225125270330542
-4.695478736911416,-8.840060126548835,-8.546096479720685,-14.428208194704844,-10.498504153075919,-7.676284824506375,-10.424880954015283,-13.222558509185166,-7.881547708530607,-5.256606210058604,-11.847660762908552,-7.372713648920321,-6.679559328347894,-9.484227149324795,-12.453442217725177,-9.728640191601883,-3.701480389605968,-8.671021430042755,-14.986015842173163,-11.10504058858277,-16.781715056156628,-9.799693603438852
-7.709404390771154,-8.092325075669176,-10.094707488646833,-9.770164043164518,-9.490238748668768,-4.479136517324441,-17.97931011907947,-5.929304123644615,-10.334104827166922,-7.706689588684444,-9.127238488428675,-10.517466836126655,-10.02193765760714,-7.484415767103318,-7.6771086689046175,-5.927907977576867,-9.879066704286881,-9.458409458385821,-17.61849033088536,-6.559452885462466,-16.226363191929998,-6.246211054332889
-9.255702472470706,-5.592194412474577,-4.018995682275478,-12.650415706097561,-1.4465920363863856,-11.085409755867559,-7.013522275389872,-1.8033434584932932,-11.468581300469058,-10.838419490643698,-13.968462436295301,-4.292313445693584,-9.095305049047292,-10.505301341546604,-8.888181452991896,-8.347496479740558,-9.493166839818716,-8.33005532970065,-8.796113271236392,-10.075386223230812,-9.083592346505172,-10.23437253830002
-6.381391941882908,-17.872088722404847,-18.281407342455616,-8.582275370506572,-10.619189323558643,-7.52403060964693,-7.296377893416555,-9.292610082696411,-8.939122533389359,-15.007745736002937,-7.540041400194472,-10.404794137549468,-6.048902139037733,-11.058208754219159,-14.5807618978544,-15.376285586127102,-10.8238150722634,-4.041288069917874,-8.832107900254078,-8.138173479764182,-11.17212954949487,-8.102941452518662
-11.567288728688373,-9.375499125060696,-8.584209444063752,-7.4728385579887115,-7.940278143178228,-9.057069923533872,-17.993003937324744,-10.807839416317591,-9.706210888245536,-15.199915755314303,-7.108003413655583,-8.261644067477715,-7.219611882371919,-9.674215257776568,-5.154630278097003,-7.883123390461503,-14.143606015217044,-10.363656372008533,-9.458646143446126,-6.0902882483944945,-8.080700890634162,-9.009808150349109
-5.831925748355199,-8.241880221244655,-11.250730855863308,-9.949544819575983,-18.107635989952655,-9.961309711187637,-9.24507067173095,-9.844966640250902,-8.442200699569431,-5.152001264095706,-4.4418264471275535,-6.864051828678896,-10.658566333722648,-12.103567294284389,-7.855781625334048,-5.3144688501774695,-8.775691355827771,-8.987877923658687,-11.489030527553407,-8.249777272751745,-5.038263182684364,-12.05725529575802
-7.6631475967867155,-17.100541142794487,-13.85412749503021,-6.828474695499818,-12.951227767547756,-6.902972194398569,-3.239562550340569,-7.333898557785029,-7.29223504216091,-5.875632609045863,-8.312710167964237,-10.515627430446905,-10.907217626572203,-10.023444525480746,-6.318523690802631,-9.281108934296237,-8.169263033223684,-9.001995690282254,-11.856185025370108,-11.447503719185883,-16.555373909235534,-7.592762372927895
-9.000682795837006,-6.52985027545968,-7.028389639226702,-8.43852388470612,-7.210432718488901,-12.445568843564645,-17.199093518409946,-8.83776770162405,-9.039581962312223,-9.504315352904168,-5.239169577068568,-8.955752919174344,-13.843487964145906,-7.083445996747716,-8.891874014295405,-14.659309465770864,-6.020411612422711,-8.662229615800488,-9.922686930854077,-7.732022631082852,-14.411544960371938,-11.031622134911673
-4.064018818741007,-7.399911529637876,-15.829162886711977,-8.639574945679023,-4.346662369962463,-12.55413812523751,-7.319015035365346,-7.90874242254318,-17.277166754931756,-9.80332619513623,-4.518455536522466,-6.671044477326404,-9.112261784888517,-9.304730540589611,-7.928460457042156,-10.782092232300151,-9.044098697223754,-9.408524956091016,-5.327696081402111,-1.1067448240525877,-4.993322569560494,-11.74802970305061
-6.30087136116904,-15.109661348382403,-10.437599457265831,-7.939801581994956,-10.636916215611398,-8.5333318644411,-6.372469219509739,-4.081966037217366,-5.306237491976534,-9.414029916213202,-16.667569375429053,-9.632691679059608,-7.04029412249347,-6.923440561452422,-7.086892067668722,-15.810714048452592,-9.522816133907904,-8.825433745057335,-13.756319337150522,-8.03638305015561,-11.778204929182994,-8.009358014965626
-8.620744672185957,-12.181854384633573,-11.686610212976586,-4.043392258923429,-11.426933293043021,-9.936550557425937,-8.635776601060766,-10.503319367512175,-16.967187782584848,-10.623335050037838,-5.376766084048471,-10.556289879698866,-13.107298711477561,-17.88293937670503,-13.731714588439141,-5.957804739887794,-10.323760706436957,-9.953894378787966,-12.546508176523595,-6.964750146231464,-4.4407757285862655,-11.67793426945313
-10.839559547291405,-11.772453335091699,-8.064364621484922,-17.65903523031916,-10.584571821345214,-9.039133555938125,-10.333953647086934,-6.5220036269252875,-4.167908793455448,-7.5716640782325255,-9.196482928912948,-9.623219223515244,-11.472384316177182,-9.989535262678292,-15.88977630271489,-11.469830223609113,-8.231648461770575,-7.713742320371822,-8.452360097616147,-12.510879366227645,-10.59870727280844,-10.532161853449967
-14.012273120754413,-15.240436596391724,-13.589957811392594,-11.209686997612215,-6.598295787090139,-11.113336142928839,-8.646503725192266,-15.973860332968513,-5.391176138491129,-10.618674996919102,-8.80876341886999,-13.235744530236442,-6.34487331855152,-6.540919442450137,-8.8552972204577,-8.1057749176186,-5.012614834198063,-9.203037851994683,-3.6395910244388294,-17.626041789322873,-11.49589508693595,-9.409239950229072
-13.316324385713292,-9.344377294234697,-9.849547432505608,-14.313528313827005,-8.10769244459978,-7.4238781995359995,-9.804761630658671,-8.836114234486349,-11.485012535392006,-13.257329127753245,-13.794863667157312,-10.042773039447221,-3.9746063082047067,-1.5011964441934773,-7.785323049798006,-9.27482055641028,-8.740633343101747,-7.799137719936767,-15.061603138302353,-8.319023927629319,-14.472716717985522,-10.916075849013046
-2.979810623633718,-4.921518830318831,-13.193683189732825,-9.13941454402945,-6.313371015567026,-7.430463905242435,-7.583539981783276,-7.211261119630565,-10.083971744982975,-7.320560710708049,-8.228780519651727,-5.837736279462595,-8.535872638741626,-7.858885402178616,-14.044998182748888,-7.613545936728108,-3.3979784448220833,-8.545583052240687,-13.320636262365461,-7.35442561438731,-16.393600374639963,-8.973071776928487
-6.080539524429062,-11.187722216952443,-12.104904408448848,-5.688652941032704,-9.195185988605884,-7.45171756877068,-10.071779835767254,-13.290320577640115,-8.315777065695187,0.11271052842458687,-8.597317178429158,-9.988929178290393,-10.669919925593495,-11.133445078060408,-6.781839488313236,-10.357157955675158,-8.327166991521523,-4.353602972138802,-9.539948670043813,-4.2520218087877835,-8.029599922444316,-17.254981406561207
-6.574364784568294,-4.976695338941061,-3.989251981617778,-9.864834021159334,-7.1985513895899125,-7.103682032339968,-10.228289495194403,-4.356087359007783,-10.660347767289457,-6.40683124336614,-9.910088833338007,-8.394912449262366,-8.84614280381978,-8.335715128865456,-11.831958655562849,-13.2596858930308,-16.440505680292453,-10.348028755132548,-4.044221489633192,-7.764547139496507,-4.145399155959831,-7.324937352877478
-17.668107875907527,-10.640328402264021,-8.44769187683447,-9.336113561847291,-4.473877505807407,-4.669786499030231,-6.549611000541804,-7.912218547638238,-8.172814797718985,-9.241930080451175,-5.3410367992925805,-7.027925956233393,-6.689217382267646,-5.269372478211046,-10.654163877933556,-8.034895119453498,-15.914296187009972,-8.818871688140447,-15.02666267374789,-15.795767714363116,-9.791473263800238,-10.145394664388382
