script/wind250m.json
[{"header": {"parameterCategory": 2, "parameterNumber": 2, "lo1": 6.000198445256149, "la1": 58.999992894266676, "dx": 0.5, "dy": 0.25, "nx": 22, "ny": 24, "refTime": "2024-02-28T13:00:00.000Z"}, "data": [7.056879162164279, 4.520838079764889, 3.724374147725298, 5.239124280755523, 7.931438910360727, 4.022027197510809, 6.2128780796890695, 4.678877416265876, 4.706797250200273, 4.430947050509034, 10.35140897228866, 6.152765771396481, 1.095692640334094, 11.176391663959995, 6.663830208251568, 7.149946831037523, 8.946453133531763, 3.589894184376109, 7.786934415907435, 5.977396162082059, 8.712938325007148, 13.397253155509588, 6.025864126033603, 1.7017319099779153, 2.7343589071390446, 12.767238099326718, 5.539631086131837, 5.472630320343235, 9.214392437463097, 6.166613394526152, 8.570016839497628, 5.659417106962677, 6.288253252132681, 5.80136440055258, 3.3733822863026277, 3.557516570325009, 6.020210831296197, 3.3947230254102387, 6.66964849573177, 7.57777949211387, 6.627777244119093, 5.759615034089105, 8.331572164366712, 7.063055627662428, 7.649186048372202, 5.952080564236196, 6.562171365502096, 7.410427111510829, 7.075280464424597, 8.668033312114492, 5.986299622837358, 5.131248540134655, 6.126357542047947, 8.9455565120829, 6.633841138479524, 2.2281642003270323, 6.891919674698106, 6.304887831680366, 5.367845050519557, 5.961301273297075, 4.458272440552986, 7.393315641147245, 2.386457176978961, 4.254155014492255, 11.011222686286304, 6.121275353448896, 8.617086889891869, 4.1359845672925175, 8.509570355336935, 5.307269907057311, 7.686992491449824, 6.139914741516247, 5.640591974087867, 7.395385536162069, 8.91235245697403, 8.98725687942688, 8.174550386319302, 9.616426989854205, 7.264236873941772, 5.089201615467064, 3.819202802659942, 8.325505170503233, 5.208918490545096, 4.818424242895769, 7.7881732699869435, 5.681524787619549, 5.784960081003248, 4.588781952915166, 7.7517968128594035, 7.414899804642286, 6.523732382603395, 6.139293102033137, 5.174778942930872, 5.4840462965738705, 7.727244782184815, 5.2787617736494274, 6.004224516188293, 3.279024155122771, 6.306081463662282, 5.774483078694338, 4.372348683817, 7.3220232634902835, 6.46603495923653, 8.364135900197347, 8.047555542643485, 2.609546529115653, 8.103209702727803, 8.57394366576833, 4.455314114491162, 6.890691700038631, 6.595978501716072, 6.60863951210897, 7.570359083079175, 6.443881874650761, 3.0378892405848603, 4.369879295696438, 7.391764053088687, 2.9944916623791618, 6.030067544731167, 7.592241963696315, 6.278629590967623, 6.411604450481042, 7.576798738846995, 11.716671142887835, 5.7215096962556595, 10.013589864261439, 9.062938261627279, 4.3237563589310115, 8.582844967722622, 6.112619864029605, 7.392537271280732, 6.763665304383949, 4.891270524279305, 4.170803546456396, 4.528812743494683, 5.461520942745205, 6.0732724965746865, 6.076639030840151, 4.081084627313481, 1.1642899679863412, 2.845719396911415, 1.3920072416212868, 4.432281040506346, 8.29942380608676, 4.423004044274131, 9.59219720509893, 4.183293484347688, 3.6343923171708914, 5.564011401824951, 2.653983879909746, 9.277541730746876, 4.215438147410544, 6.837442689293863, 6.464140645123785, 9.320510983133197, 10.711099026847577, 8.23296452754679, 4.7374126096071265, 9.369944478763458, 8.131654890725008, 6.870547378983321, 5.5495365475413125, 2.7480368958992436, 8.82563895277447, 3.5925135565419017, 4.283951599684404, 8.565313053449179, 3.7223586258943375, 4.758529358200196, 6.539043296134057, 7.402341654889338, 4.966097566542905, 6.782292076175947, 3.2947318536710952, 3.328451724616893, 5.054509817826507, 6.732592564489579, 7.1102115225394416, 6.480204390225007, 7.017194770046058, 6.070619660215601, 3.566222111444754, 4.247476841754126, 7.445857035834881, 4.419792858633292, 4.673644954962558, 6.715584591415379, 6.301670674316541, 8.507675956241819, 8.362497919448879, 9.439534743493558, 4.249180355977676, 5.348831725344215, 7.931646563005782, 2.175035779418976, 4.693303968519185, 5.0516418339818, 8.50941940892423, 10.203265470421721, 7.301360454994987, 7.963194558125441, 7.443120970992788, 3.996397880642933, 8.294913425888478, 5.5494940811947, 6.135449437125554, 5.723085958130372, 6.999778354753989, 4.493169505539014, 4.665194955811332, 8.52289695444166, 4.63673536659369, 5.9073265795238985, 9.012076126534986, 8.011834115171363, 5.407728188483194, 5.7516060560183515, 6.14025470754291, 8.599086890052053, 5.814285030344281, 5.3172472047667485, 8.993228405317264, 7.144709544311085, 3.2715489165650595, 7.638850456255872, 7.8150921416388375, 7.071419836693419, 8.252829579259311, 3.1548415196499184, 6.235795066254688, 4.796161889733144, 0.4742757751860788, 5.811618663875662, 3.612064608193679, 3.1523568827675903, 6.283857399101364, 6.097750423322391, 7.07679835362611, 4.821249955799304, 4.974822208394825, 5.245911435103586, 8.037979964587239, 5.7445293655760175, 6.017164266065468, 3.9403142084391045, 7.453927724194345, 4.928795712333948, 7.256869609691566, 5.751807390921449, 11.37254508233985, 4.388949865236069, 6.920860888417044, 3.4532315333299795, 6.317738889751657, 5.529289208579621, 6.769759404570481, 5.929204057847345, 7.105334607249093, 7.10257536543375, 4.656387449917188, 2.6049196997788244, 5.430470145554029, 2.67585970972518, 4.145879118268576, 6.016460444763178, 10.723042609293325, 3.55295458838052, 3.759796842146931, 5.730865257981206, 5.473203768779624, 2.3566572466067064, 4.112360985657435, 8.29556454975501, 5.185623079680004, 9.14676057313124, 8.306756119609444, 4.069529574938499, 6.741002809398815, 8.03194535135727, 4.130690806650776, 5.277663071714607, 3.869872992597913, 8.514789197669522, 4.860902666779294, 10.789008573208346, 7.9537604726777165, 8.655816431889692, 4.502063752315484, 3.7594839717204147, 5.0131838008635565, 9.226726876654167, 3.7682683734353124, 4.493938761235319, 3.184225004652689, 9.390709779965183, 3.367714573691262, 6.888412116402531, 6.9442226045700215, 7.158977696659053, 6.1771557033972, 6.2027536339831375, 5.7112335316520735, 3.9657876634584026, 6.085799719908202, 4.32349973049851, 8.28531137667841, 1.9640511055475205, 8.932929078864962, 6.06274833391731, 7.570018767464109, 5.172905912410338, 7.4583522433743115, 6.09758643572693, 2.7762786285316827, 6.0014166908513475, 6.508420463493105, 8.522560080356085, 9.149039084113568, 6.429852611853681, 3.487421526427085, 4.500385858953016, 4.8241561514943605, 5.9045362277893645, 11.76382868323218, 9.011597941691035, 7.812794080289042, 4.861979277516328, 4.622784726640487, 3.5547777752630445, 7.669990773697539, 6.747085055992459, 4.441196258347263, 6.167969175302665, 3.6824886873038816, 8.798572478646884, 7.498209763805838, 8.976714339935079, 4.8270581033438, 5.4445170935798775, 3.76767179157993, 5.85427783410677, 6.735334862072553, 6.534148959989715, 4.5983371524168435, 4.174468643926584, 10.446544332423644, 6.5793042988207135, 5.855563008794245, 5.439223272190526, 7.870718606059005, 5.264868995532074, 4.215299455653808, 3.8091047659361146, 7.603096295303613, 5.821857894106527, 4.144403569422675, 7.508400098982974, 5.338390792590395, 7.754116746581026, 8.162828250468142, 6.4503332703822736, 7.883437476479641, 6.066291240642073, 4.149311124112687, 6.4595061267018155, 7.275079942009906, 7.098777868638316, 8.903397614160294, 11.962472389683152, 6.015052981879185, 3.3399587201033234, 3.4915346776374343, 8.320389069669165, 3.2362609654265984, 6.171940787417777, 8.632404108074624, 2.7247550863915433, 6.7052193752268, 4.935698705877685, 8.330461510719763, 7.305487367500024, 6.361998566544691, 5.223995747512629, 4.9173713623681685, 3.456005770614484, 5.533259744559126, 4.889668465959101, 5.62816544596027, 7.493331145609293, 8.957933657330939, 5.7692008531658425, 5.957972020608611, 8.993960238395601, 6.491953261520734, 3.6085886662819417, 3.473181309982718, 5.583056621479747, 8.326942047108789, 8.43636529332071, 8.472997296477903, 7.882994527959698, 7.102999545504995, 4.342364824775517, 5.680152792485185, 7.928635227321863, 8.879658528847774, 5.49728709499518, 6.792146225253092, 5.991838612281671, 4.018212652126102, 7.023985217645093, 9.125188431566423, 4.146605868419865, 6.136962629350097, 5.817131671844305, 5.3143988357158385, 7.476341811538465, 4.530029980048068, 4.873229854375412, 4.696422353731118, 5.98055526606055, 6.416743552778932, 3.941075015952165, 9.40480574778548, 5.994632470234812, 9.264240410406432, 8.934157104277734, 5.8871890661364, 8.874986774474982, 3.2216948356037864, 10.021091746149171, 6.98951596849643, 4.754975639693414, 8.617450868340363, 7.14930596507202, 5.789205374028945, 5.853237904561144, 6.044334460532938, 8.072942482350056, 5.199378913882395, 7.923847525853101, 7.76012458215825, 3.383095303173483, 8.201871216566815, 5.826657943394839, 8.136715425028097, 7.425858929120467, 3.9682467814447397, 1.2333918823677792, 5.2531584803268405, 7.58160612348952, 6.6566207075508865, 4.934632172943095, 3.826389029459326, 5.681516991014666, 3.7966051990205396, 6.869149192991842, 6.551563265293267, 5.639382512724916, 8.795948560396445, 8.724500001110354, 3.040480681801272, 7.2939866679623755, 9.86089435440892, 8.720484131818298, 8.281196049079957, 5.495766756653621, 7.176207035433668, 2.3724203971879017, 10.696974325505446, 4.382097785839879, 3.642129550959094, 5.8046201378339655, 5.82099199044694, 5.134096519980347, 7.885620498722021, 6.246798545968649, 3.1979618116973674, 3.1644513301546078, 3.050487731188069, 2.9466095367516227, 5.6838028997231085, 3.7329400429616824, 9.248375336123479, 7.339656096396486, 9.665887111203908, 8.080864827215336, 4.777514831815189, 6.44433180863682, 8.474507769795299, 8.218872192177555, 2.8308252537062715, 10.47168528581787, 8.243909327444882, 9.65359080431359, 7.360768051454424, 4.926712143866302, 5.9487917671207, 4.72629004901393, 8.224229457161774, 4.4094609334226345, 9.21458845636511, 4.5059562604492855, 5.4168227305917585, 4.070016554065337, 4.849185856836419, 7.864201613717182, 8.115020067619604, 12.650104043913892, 5.2747366628923205, 6.125842711831844, 7.503282099861475, 7.002600162389241, 6.126247852494577, 7.69059367554213, 4.694729262294642, 5.002067856740342, 7.265181974076711, 5.635275068594343, 5.8364892432223066, 9.454158750346902, 6.246264503224183, 8.058874418659697, 5.30947157425446, 6.098536921987706, 7.155061630123295, 4.286882264993384, 3.9072295620458006]}, {"header": {"parameterCategory": 2, "parameterNumber": 3, "lo1": 6.000198445256149, "la1": 58.999992894266676, "dx": 0.5, "dy": 0.25, "nx": 22, "ny": 24, "refTime": "2024-02-28T13:00:00.000Z"}, "data": [4.244833309412115, 5.10355321662984, -1.688805910422771, 1.364997785012979, 8.259532842021258, 6.613786093592432, 6.179912794641183, 4.6104678458239166, 0.9006983672929071, 3.1393527256547804, 5.7286419326152815, 3.955745189010716, -2.7934042230315246, 4.971132835037175, 4.303142009085736, 4.146259265369089, 6.043085575063285, -3.6405967668994683, 5.601154789313789, 3.9629743543302594, 7.385850076745075, 7.163283634048911, 3.412126369147014, -3.2602953893163935, 0.7297935518686566, 7.242753617912844, 4.9914561994765245, 1.3018709311227876, 7.731204159763007, 2.7525111881311743, 6.887033129327205, 4.631019718521018, 4.271455071296115, 5.53818713782866, 1.2302547145872689, -2.16781608929502, 7.492611075758076, 1.4936933572570443, 2.393464268851821, 4.427052878892647, 4.9182428259599575, 4.4450004775112895, 8.483247842825033, 3.935922851001851, 6.499602998560923, 2.779474659868, 5.68651866320821, 2.9750263475338725, 4.094194855173888, 8.450831552809262, 6.920473935869514, 4.931614148972146, 5.91006765169299, 8.316395896344789, 6.114409671813885, -1.2049897832363974, 3.08170932440665, 3.491756381235778, 3.686870244405511, 4.099617386428256, 5.712341315578995, 4.4003893580260165, -2.2510904826291127, 2.7264684717745014, 3.4554566640065465, 3.6742210373034117, 6.0772697142635606, 2.060007721953805, 7.191246378780337, 6.25337089841752, 5.851403429352348, 4.611881606350507, 2.362778942050128, 7.012066051337302, 6.5071766912327424, 9.030937571740761, 6.6222496426836575, 4.590959701046942, 5.569642533984599, 2.326440161843924, 0.49999456947215015, 7.5506658772432464, 6.227955224309068, 1.966727057139805, 5.853319555870872, 4.553020903323664, 2.8652285026227693, 4.227480904834486, 4.088916017670492, 6.4952453833287, 5.21415387179779, 4.784609468986843, 7.033034756895729, 5.709292228671055, 8.384917925859277, 2.973005159472169, 8.083655225434997, 0.7797731813288997, 5.275684374237672, 3.6094593124421834, -0.8479509916874836, 5.521001338456742, 5.423815282971915, 6.817072876131028, 8.51060861036799, -2.067053757140526, 8.702930549676445, 5.338310144297864, 6.7887729796658975, 3.5922253596273745, 5.67762100855594, 4.89813461823608, 5.609755823238957, 5.216646395786711, 1.167616598745039, 3.4002566452002365, 1.9515010443367233, -2.224523642488354, 6.042477710861915, 4.780768390078045, 5.791701490408954, 2.871665859255697, 5.29908060024541, 7.701189233468827, 6.0750521610138035, 9.207213149393771, 11.982595815982808, 1.313529451915839, 6.756384791232546, 3.1515663392610636, 4.391554704145661, 6.277381096488673, 2.390807453968276, 1.0980540131003265, 1.209215123180642, 4.373608096854398, 4.416335796111555, 3.149295942088222, 3.7303238470854696, -3.2244844008143425, -2.3502021094372583, -3.23973641184645, 3.676789057683111, 6.880582255130526, 3.4788098695658283, 6.819670966470535, 0.9081158477448182, -1.956720787040487, 2.4019259699491595, -0.6913921108144497, 5.515950249734223, 1.0582940390986517, 3.996211234961496, 4.527487490696814, 5.355242083010572, 10.49444276941877, 7.2900680758196685, 4.680189634178275, 3.156727210697871, 8.034805477216196, 5.402737662420616, 1.3953266529621455, 0.7090608905363338, 7.711644677227, 0.2762671111636527, -0.734866898384592, 5.946294540791224, 2.6032567556326, 5.160583546316862, 3.1329574485601372, 4.585792312361518, 3.602344567746904, 6.41791662073798, -1.0741086511800844, -0.8794352989950377, 5.442575964848784, 3.760828818228418, 8.094771131682315, 7.20713420538962, 4.802455943097176, 5.214059714612206, -3.0318544243991514, 2.417398453298366, 3.636093385237923, 3.3409898683837294, 5.275122913008206, 4.751361563748031, 4.518151092243169, 7.780552519513757, 4.2754036647787235, 4.433624950563872, 1.452998932459653, 1.6837892722084693, 7.321166510238258, -2.372082713380657, 3.806097233457898, 4.133725517018689, 8.334795235794902, 5.575225963169043, 6.653685548856521, 5.183453278023227, 3.5635308688987, 0.2911336052186097, 5.417145781986609, 4.4912167229202, 3.2069728451959567, 9.19772307869006, 7.501568241451585, 4.604970030332858, 3.94099741266343, 6.282768805342947, 1.9655128606488763, 4.752411103679093, 6.859512023332003, 8.137481723338318, 1.0840950372200198, 9.015099089376113, 5.611380648257569, 4.797400217629661, 4.228589357174771, 8.331338798299207, 4.29423803748755, 4.849100394582063, -2.770546851799985, 7.687529031880349, 3.909567931404152, 9.00416234981855, 6.713668610566367, -0.4717939213674313, 6.878047962872495, 4.000933343417997, -2.9284167929033553, 2.646371183739581, -1.446486856298899, 0.5048933243846259, 2.9125185383309167, 3.6980095783555242, 6.67454750648064, 2.2298518153311737, 1.7872932757356748, 4.221627680829766, 8.512189397222002, 3.5550399251611213, 4.755341031983797, 0.9548612163532135, 4.9037023132372015, 4.351517055666474, 5.603988077306118, 0.33782460363531236, 5.779756825672111, 1.7240717383562323, 5.7347306709653685, 0.4092137543505133, 7.047339312784014, 6.446302733563192, 4.134504199373148, 4.747752256766413, 10.45700259973327, 4.5062156665974245, 4.338809868021852, -2.656695102852717, 3.886954009440407, 0.5869824387455113, 0.45113149369242833, 6.6916751205684175, 5.5545163267590425, -1.1899175945335394, -0.7455720499667569, 5.866993104552581, 2.25107000365241, -2.194085460355605, 2.3911691407104083, 7.561152547872512, -0.014207729209689208, 3.9618902833559284, 7.676047281381265, 2.7542774572296684, 5.658447581833754, 5.9217667884683225, 2.5586195530638323, 3.1141446308887692, 0.5853768911847615, 5.298017666112539, 6.142108357253007, 6.140215922126916, 4.085733335992574, 5.132491473710414, 1.3868040157769916, 1.0574791125840062, 5.2614885426680935, 7.155396979295459, 0.5763613753434359, 3.9321277825844234, 1.221505231507549, 7.480423241086104, -2.3332178125095435, 8.690272223733121, 5.977897290868084, 3.971386662230336, 2.194401061595308, 5.012853019152386, 4.073910172106328, -0.019422341619827685, 5.864494266798105, 2.7311751950446284, 7.56665860666929, -1.0745577216614015, 9.87630290846284, 8.317765513750649, 6.876572996756562, -1.6918318660893121, 4.170541294095119, 5.554134053545105, 0.5471877526899328, 3.5397367781931086, 5.028751348023622, 6.783255586046522, 7.850545659753333, 4.387812890020612, -0.7213537541414907, 2.756632651996767, 5.081315169478276, 5.639750049759614, 6.035087663710085, 6.38539788520972, 4.1209247961098905, 6.486069993984033, 2.1114983359398187, 1.7315031011459003, 7.258017921486537, 5.876688333473569, 3.6107428405786854, 3.701527373099692, -1.7912288269920396, 6.826646662486191, 6.41394344236423, 5.362788451307512, 4.2698774429109525, 5.4008105193700535, 0.7538702893832878, 4.647911403655266, 4.749502821136849, 4.27581962513138, 6.295430355740787, 0.7033134789176094, 5.684259697245705, 6.360510171099089, 3.46607283973861, 7.601516843231587, 8.238697946363299, 5.948118170955893, 4.139219176988207, 1.221225228729874, 6.680066761754076, 1.295279598702439, 2.7521764329031906, 5.834489314614343, 0.32740446167893267, 8.540357937847514, 7.463066103237344, 5.101434757444598, 6.1271953483330135, 5.737627412558364, 0.702611938113392, 7.705440622641239, 6.406234806397554, 10.59659056529709, 5.482076973422583, 6.376670404797673, 2.859470246802857, -1.5206382108774896, -1.694734592926607, 5.390032733674282, -1.2810934994908627, 4.929873162055849, 6.489747282851674, -3.454975499873914, 6.03820429833279, 3.6494158973824873, 6.771201298959957, 3.7506228862459046, 4.353128975950089, 5.677584586453089, 1.3017543307083914, 0.07306287461088672, 2.237994336663464, 3.098096690125667, 4.09920907343234, 6.131156203140171, 6.4390927572984005, 4.649097828508489, 4.967605639659465, 4.159219828964329, 6.182994761402026, -3.018680009614098, -2.458427402639832, 6.2997598786500095, 4.643742243889077, 4.069908137943506, 5.81475409203202, 7.970377483435151, 5.214818379049807, 2.097947875259927, 5.831930711514298, 6.44909161744929, 4.7323701364704025, 6.806751033177431, 1.7695340016864238, 5.088169065863597, 1.39466043944698, 4.42123298196542, 7.210838483932068, 1.233454088519204, 4.021717359431971, 2.4623628944589586, 4.996621845662588, 4.078116083707407, 1.4853109794448431, 5.562067412920603, 5.2084155590032175, 4.315585075023824, 6.147803785691996, 2.8999992246770865, 5.989628923629318, 3.7042203508451377, 9.173184278001774, 5.103674627320031, 6.783440357298836, 6.739534809690289, 1.8147181169545943, 6.759907130142861, 3.790952625534895, 4.981151313987884, 5.905126532665332, 5.135452369640675, 4.836554731439313, 3.995350041330648, 4.082529258443422, 8.8826143004249, 0.6339246651544598, 6.217885313880199, 4.1445726451523806, -3.2636265169350285, 6.406311633712467, 7.291948711338156, 7.874820218988108, 6.405058912709867, 0.5393676804408207, -2.5330960876499087, 5.333627231490404, 4.3189998441963855, 9.806364943636442, 5.223869553677776, 3.7597462089168943, 3.7594308208131215, -1.0950425865937476, 5.307360288231649, 4.942452487659141, 5.86809565960158, 3.5688693831985043, 10.102353200442026, -2.3415816674482843, 7.999778940712132, 5.578954068445987, 5.844795481859259, 7.142833304152237, 8.167701521511482, 3.2513741271580994, -2.4619301528135322, 7.258080605931949, 3.386429168139825, 0.02575612063629158, 4.402198250651953, 4.391455709703096, 3.5793720144007715, 6.039738727051466, 5.4081160699852315, 1.5790861144056119, -1.6591187450983702, 1.488035937137756, 1.9813216148485826, 4.316781855882404, -1.823087945620577, 7.0367520936596355, 4.776048094693022, 5.636623526074095, 3.5575624699389095, 5.524359099406681, 5.651906382206347, 6.4665910972608875, 3.656378457259247, 6.820832197774908, 3.512807616736826, 4.238723932615573, 7.493847962399109, 4.343283614592179, 1.357278717223046, 8.165452977840976, 6.158227026534697, 8.01723470199112, 3.661043295698854, 6.049612820820151, 7.0435124208621795, -0.6892770172496352, 2.725342782717386, 1.8163042030298968, 8.038828628327881, 8.819771976589916, 5.341247247540933, 4.624242676474037, 7.076258530752787, 6.0990335887382905, 1.3534626580058362, 7.070870356686111, 6.306320749239284, 4.124661101170528, 5.747298228786332, 6.059628253524549, 6.267294666776687, 3.986047303126103, 2.66377520897235, 3.6465432565510523, 4.3117108946382805, 4.148024304686262, 5.501859435773619, 6.829783463128132, 3.396786773024904, -0.8472383392612981]}]