script/wind10m.json
{"header": {"parameterCategory": 2, "parameterNumber": 3, "lo1": 3.000054539987559, "la1": 64.9999836372058, "dx": 0.5, "dy": 0.25, "nx": 34, "ny": 52, "refTime": "2025-09-06T04:00:00.000Z"}, "data":
[rows 0 to 23 of 52, columns 0 to 33 of 34]
7.073714027874136,6.480125574033144,5.558278461702105,4.232496921232688,4.505515366955139,5.0318376372699225,4.355078989900193,2.705777206873841,3.951393102210006,1.2023237096439416,0.20976498909452457,-0.19042606735930442,-0.7298358375095659,-1.3822013567327638,-1.547861806017874,-3.802471686464805,-3.3273369313876526,-1.5530882850479448,0.7014101644853244,4.214799627433736,-0.1560880768631022,0.2888686004673238,-0.4677385101101834,-0.9685027587954748,-0.4909982704441847,0.3364356987800667,-0.12178838447261768,-0.30461580401554134,0.2715053192712121,0.7409130840574726,1.0726785853626162,0.6617292507282564,0.5877974742183383,-0.35702076442831365
6.6767076238523275,6.444958854778581,5.467344978192148,6.285325612357518,4.509061998283079,4.441326861717866,4.291855004645468,3.7802597020226933,2.1168180712034848,2.7349136607984947,0.9333922844468651,0.47982449943717537,-0.9669166980696315,-0.7030911603778038,-1.185596883604152,-2.9189704083315973,-2.757311374850217,-0.04936638255376398,1.7747429369515684,2.5992743527320035,0.3984829744693125,0.5656961427664043,-0.09593089506224041,-0.4797018243796416,-0.15883669846031456,-0.13013734762311058,0.6797633088971855,0.6271257909733866,1.360209136979434,1.3964632654212792,1.2040008789437264,1.0778847969906808,0.5868860144630187,0.9943471580241391
6.773987975737198,6.497350520722372,5.976699869986072,5.867314986220612,4.935142218632844,4.135721990650604,3.16395392987991,2.964029374170245,2.33528019552862,1.5913970215235544,-0.40665104580640343,0.6716130966512276,-1.105316603972689,-1.2205858563833452,-0.267461781960564,-1.7266169691268454,-0.7158488872612031,-0.7224822501020878,0.8817247704161859,0.14932934778877985,-0.8490234034398092,0.5427796565892344,0.10499076978476414,0.8326587485534797,-0.4053624182241731,-0.31715302085754443,-0.6043691856916094,0.014349260185153988,0.6373003829475489,0.5316602021695223,1.0930716122086224,0.9656655511343742,0.830579527892247,0.4439217458460868
6.807524274980786,6.469796551669788,5.707314214341941,5.101806689027241,4.800969863536108,4.048614856405544,2.887981352592376,3.429333223306316,2.309569008481236,0.6880217422950263,0.4377575459790992,-1.4287989957188427,-1.3474000254117064,-1.2524482899167357,0.5165969913305103,-0.6214478142037769,-1.807611671798961,-0.5447641256129473,-2.538072444075471,0.6859933460661887,1.8212202753307865,0.8829474484062246,-0.0520387631215183,0.031015603786059952,-0.3681155496670574,-0.8917691005086781,0.11757127744726688,0.09431164497679935,0.19962553518744805,0.002185695955330923,0.10616447679131003,-0.019534473562792,0.5130000036666277,0.4010708117726783
6.698582299395572,6.29350961162619,5.683440067251326,5.076808858634729,4.452106631791382,4.228298300736025,3.08453678970234,3.307213003915299,2.259337715987151,1.038506949578118,0.420786957438625,-0.6768916388059846,-1.4658715364595252,-0.3746211280509722,0.6473851018519782,-0.36930750926121647,-1.5730690718487188,1.6022488623357602,0.15304774623514472,-0.9270673165442697,1.524266095072186,-0.797901172440739,-0.481460553498447,-1.0636017899606498,-0.8379643649831596,-1.0640320626404083,0.5934546251945216,0.3592221215312839,0.28103567474740293,0.3000798262232567,0.6882020632336798,0.8267350342046813,-0.5348998727644104,0.5140475935232804
6.891328747912308,6.306101053429693,5.680696033415045,4.982934712922206,5.4080716047551975,4.010856819887954,3.762870381970351,2.943085622510163,1.9454933171666609,-0.22755971311637285,0.30132081064506444,-0.9785060345884811,-0.22317596421952346,-0.35079817135640873,0.1981700506216019,-0.8110425905870758,1.3148643771544715,1.8552591864335068,-1.1206386715814973,-1.745690113181692,-0.20688048880776333,-0.5405207702651523,-0.2881552988966287,-0.7461345382233543,-0.8368085117319579,-0.9288010820906433,0.2403261158422762,0.5070367734931477,0.1253730616680403,0.8351417097653124,0.5544906593384656,-0.1275359087753542,-0.030384120316581772,-0.02212773853068994
6.898137890001868,6.271916993131967,5.556611548489613,4.986947496579123,4.240139865428157,4.483400377424137,3.4534037978079217,2.826437956993218,3.2033638531769184,1.5818557826611228,0.1379677319921217,0.6357446997000193,1.3588354722889995,-1.067784392961688,-1.7039520248186852,0.9775457536569531,0.3147669791304853,-0.7500047031341085,-2.244948890829884,-1.8923551977417414,-0.27011325548797877,-0.6108846105342617,-1.209222659296467,-0.6425801365383748,-1.3078146656665546,-1.0865909847574788,0.4921474285921422,0.6297421686423804,0.6655056782631137,1.1139779760331558,0.9098369453845505,0.25234236790322667,0.0725178770263995,1.473702744715414
6.960997672747957,6.070377636648001,5.5611306321123255,4.741907857033797,4.132204046570556,3.6915495893987007,3.6185760587214935,3.2263825181184655,2.264940528404797,0.7880247407982376,0.7677268139663561,-0.0288359622950403,0.26773888473119073,-1.9475839493990983,0.42134481461850726,-0.6080789094243683,0.0979150183768866,-1.935849431341841,-2.7867241999196883,-1.1647192608586017,-1.4443875650213007,-0.27203637895509886,-0.8182225055332987,-1.0741572238056498,-0.025943898421564568,0.32898804576080243,0.03294522962706082,0.007427909014598668,0.7091686202644365,1.0202918195295507,0.7202633297335298,-0.351568961030026,0.4493152290861866,2.9893875446820695
6.808343700511508,6.299974341301935,5.185799720232866,4.4766747641478375,4.972742827305441,3.7695371223175242,3.5542654863195757,3.4075110023670683,1.8587335482034324,0.8608108851643904,0.9827438735897273,-0.042268262341704735,0.7875337630618464,-1.0685149398798237,-0.7793790199104635,-0.8117128285821762,-3.228564829601864,-3.046055089705014,-2.5869352526563816,-2.603098971552499,-2.1579257705537325,-2.512790353895071,-0.15548337505122858,-0.8339091013237927,-0.6384128321581807,-0.053162179191772685,-0.3797562404520576,0.9492949864319898,1.0911210183923137,0.547946048292034,0.016470386546468003,-0.12681566010715925,3.7104603625595645,5.874605136390752
6.464034926133843,5.911933752519516,5.296464283931451,5.459268205799847,4.780780417627871,4.266155806401868,4.248047092104665,2.9282946345767993,1.4066821676395542,0.7037409154375235,0.29856038866433715,0.5088400016204023,-1.0962997420268812,-1.3980551099257046,-2.2499570827917625,-4.156281097654704,-2.493725100584095,-4.449168525910205,-4.192830295499639,-2.5059358948522292,-1.6816955506742146,0.04954850873744617,-0.7167844950231969,-0.5222758105271899,0.012700450980335794,-1.199989619883236,-0.5128899281763007,0.7484205232588856,1.119719879532734,-0.10872619507902631,0.2342956060232772,2.3738082033497307,4.583627256169677,6.153840940533964
6.192117121583626,5.925176411115958,6.345865030702864,5.840329078244986,5.140687641682964,4.595848915523713,2.259571683880956,-0.0911116049976897,0.5043424270752804,0.09134642771457681,-2.602935589233429,-2.780044206211052,-0.31450108677244176,-3.496945857183432,-3.0981695076623907,-3.697084085324831,-2.1008814797346655,-1.6296602833978662,-4.225687852395969,-0.6462652941789689,-0.5842200252535045,-0.23278621240181857,-1.4723302634178477,-0.5951318965278285,-0.7283473335229237,0.10986737263477686,-0.2651908311853428,0.6156331883634798,0.10570818202710681,0.16113315774747936,-0.967343562643852,3.3675405730342356,3.603131955016741,7.05694657137399
6.280731772651624,5.811446397904301,6.247537277180517,5.733706427353007,4.820401708108139,1.6959219913353858,2.26317176230765,-0.11520185815506753,0.5147112958723676,1.4515256580504166,0.26552108449301476,-1.982124319032516,-0.9588267328367582,-0.36563527795860123,-3.889940034896194,-2.19372696824381,-2.4804624451130852,-4.555255042226974,-2.350347262103893,-1.2013071466793879,-0.3084663356007415,-1.9014929455715943,0.08039877362636577,-0.5081263863960083,-0.3777949617532128,-0.6155395695511527,0.8115704534302477,0.7250569189395735,-0.11047501519413555,-0.49671161217900645,2.2494046308874274,3.0994597663379433,5.788797875689645,6.013559939935974
6.032151778431486,5.716828605736792,5.373018714554546,5.399006065677439,2.122426596083051,1.0482954247100682,-0.21354713224059202,-1.269372826986559,1.4908344864424306,0.5454260078005404,-3.112895898192412,-2.3950283858030326,-4.114835398902384,0.3787437366795248,-1.9969492269812235,-1.8501908061626902,-1.6632582045553075,-1.0031724853090842,-1.053388747524594,-0.3882592270999248,-1.3554105799393592,-0.41448196245094276,-1.060046659145745,-0.6493370254735574,-0.373409959987095,-0.9237247000404449,0.41583627365389975,0.6694985478654898,-0.7209339707182328,-3.1220086305833785,2.7155824258081394,4.927730286563978,5.262150268161498,4.131965222391828
5.639991308502713,5.120680140296666,4.986226460574877,3.384632621899011,0.7540995638512016,3.72623861371887,2.3792717137039845,-0.663588449744886,2.170281631317031,0.6049745883457998,0.5264145982717381,0.3847097726118763,-2.011447722416017,0.2552380655937031,-5.338827540912289,-0.616427615221103,-1.8986806556666525,-0.13503304383944043,-2.2987421350482453,-0.15656659174356458,-1.0615600987885896,-0.6814825375160857,-0.7046079076045453,-0.7116673900369083,-0.5747650814151314,-1.3481521128409735,0.79908211440853,-0.4211940950659739,-0.8153969101111401,-1.543662095271085,2.7959775403931193,5.773574702690276,4.48994803920943,5.938931709776933
5.196288306671548,4.4408580567636164,3.775848914977989,2.403762284780194,1.3699127187009805,-0.35162456787827834,-0.6441836238469146,1.073868243969369,-1.1428185947983958,1.0116108310283907,-0.9989864996325699,-2.872605180685728,-2.5004182154936268,0.3988253959653401,-1.471404848761505,-2.2885621902346,-1.0932475047065153,-1.1403218882955206,0.29609149876301316,-1.18232934948535,-1.7444719057730054,-0.42511201134640103,-0.9540180132548981,-0.26975701940915786,-1.3130209674110391,-2.1122737060780623,0.40457697699520095,0.6807847366652823,-1.0499201763399384,0.10290427304406534,3.3002405102598966,4.429556366825072,4.643276986865209,5.44930630280501
4.64520778085984,3.9604421389492668,3.522565706556014,1.4520137774437216,0.7907792736065894,-0.9416251042048326,-1.264124922336404,0.23401217585141362,-0.9579560394264565,-0.4694904643398504,-0.3046125244776216,-0.29894526856333375,-3.1324023695724947,-5.36040181443578,-0.5742514218596326,-1.5635745074814769,-2.7378757901769357,-1.07085724752582,-0.4895018951698226,-1.0639985611644243,-0.23228562684849932,-1.4122807587643773,-0.37557899416187196,-0.9082682339545284,-0.8810846840839658,-0.6595440034817401,0.20397477595977992,0.4188960756450735,-0.674088528810129,2.1362967229608683,3.578615164726543,3.2921912770460833,4.48161930202864,4.651471828023251
4.3759907683446535,3.512114332144102,2.9459585777684754,3.310634368947737,0.7062907692627084,0.9901666209148015,0.2071024021438671,0.5235530275188851,0.13522238017134483,0.07437731078732383,-2.270077209709732,-4.7907112751553385,0.10829302306016361,-1.0303833033217529,-0.19689198252821363,-0.8442745763656163,-0.9707949289500314,-0.5030108585526474,-0.7394897286923922,-0.5229360110229496,-1.2452931331254342,-1.5617377690958099,-0.7662643716496483,-1.2455245226240625,-0.7281745068721287,-0.5282270942865032,0.04491077734209504,-0.8144645248796171,-0.879348225483212,2.183840380387238,3.6231279420767115,3.0405225335578714,3.9086424498802206,4.30524977046105
3.864249137178428,3.2212847060430487,2.491569303945875,1.6614101965546713,0.586607795197895,-0.07307965114353893,0.7502944500617313,0.6745544823168658,-1.2752371513862337,-2.4193660743310734,-1.9513572795330505,-5.238740462615772,-0.6835675457019348,-2.4047038505538034,-0.3957042986747728,-0.31393355363791875,-0.8031022873345477,0.947829109124283,-0.9585104450313412,-0.9498257233601387,-1.5446792550233681,-0.36699091994651745,-0.816408381796287,-1.7767493582990652,-0.9875707746130138,-0.8816190705456186,-0.2138795802829191,0.005210015487443912,-0.15767766488780482,2.373363089379196,3.4002428770925133,2.089685250892736,3.329666769254282,4.310931285654061
3.4869753750122032,2.986231587588758,2.2435026982355293,1.637720203522079,0.5418035811701908,0.7861320691335782,-0.3701655347075577,0.6994758682998267,-0.4254473765537463,-3.2308938333958124,1.2777799344629641,-0.5643079218412793,1.1128362489556594,-0.1495602371317598,-1.439521840216314,-0.2550093678661622,-1.0650809230576794,-0.7055041104411641,0.22444560238590752,0.0010410302125620175,-0.12074458742288552,-0.2980577988905893,-0.7655845116288166,-0.20588547191169335,-0.9727968555615253,-1.066036320169807,-0.38581899368692646,0.0023823736482960858,-0.029381738514514935,0.47672262715992864,0.9986782511881542,3.416954384123072,3.1736046791741264,1.4413048530480903
3.6472005808947667,3.199128883211131,2.5977962110705666,1.3564038952706539,0.05885796989952748,0.12775723385195423,-1.4971181051908196,-0.4179265509081735,-0.7042667185453672,-1.9592724441488767,-1.0528978667340338,-2.6162093455130226,-2.3520930252881596,-4.59697861280095,-0.5877609683129256,-0.4786436939841919,0.09022192285207474,-0.8368467562993382,0.6660172912643169,0.09591844733537346,0.30879241435640076,-0.15375761905677404,-0.18195864559541985,-0.48528279490996634,-1.0954237821451058,-0.030371891507659555,-0.3878728097817964,0.2468671153312305,0.740492233986485,0.28273123471806827,0.37775224209258895,0.49386966002373983,3.7084723502933086,1.1440831118619823
3.4982598483707235,3.021893162114075,2.044992475986481,0.8361162583147116,-0.49681622339852916,-0.5066870548764852,-0.12248379238768879,0.5757852378881587,-3.257972994735655,-1.5499133485895662,0.5824841896194171,-1.4061017985263735,1.0185004211060404,0.05122278623197389,0.496035451052142,-0.661521100455604,-0.1947029744767284,0.09827950745007574,-0.0689531049904801,-0.9774627580532244,-0.40331013670044275,0.6127637935799009,-0.6407587458398697,-0.4454573416432739,-0.9651059206277147,-0.5147057369622432,0.16622182744954447,-0.07267409667758493,0.23180930469497132,-0.2346661900385716,-0.25224683161293665,-0.12134268137753414,1.2906565826847929,2.7288412711902743
3.1416656250997663,2.5519024462028965,2.5630815333348638,0.9248529188302277,-0.31018857197148664,-1.3256420680539849,-0.7774839660791937,-1.4627103814666371,-1.5394556872124439,0.3655739175300065,-0.6624125509700753,-2.644051355756055,-2.5426876194195773,-2.245302910030477,0.9924844586706967,-0.3854359777802322,0.39571746375572825,0.5308937598013832,0.04902355737265736,-0.35976745720065745,-0.49583030930919,-0.05877354942117999,-0.3877440984947009,-0.06778438260040201,-0.31434316541566926,-0.23452533306801113,-0.10020001207656176,-0.27886394572786843,-0.5735133511723713,-0.0020425689168503593,-0.2791638014597449,-0.03720350503263294,0.9993199227715649,2.616029267702559
3.0842944309671334,2.0809169313704845,2.061810056675639,1.2742235095710515,-0.07581021180386532,0.7436617730557821,-0.02821026725156151,-0.6748117560661179,-2.4140322044107556,-3.663622978943319,-0.9012044096429717,-2.688667172753103,-2.916052658345353,-0.31368482134599296,-1.9067224966659924,-0.2937406555948496,-0.21895849609681758,0.3879763164083762,-0.05185252008240103,-0.49901974622642264,-0.43282606996337725,0.09978410527595359,-0.21513588760410046,-0.3489580637504472,-0.027436694524396843,0.4297806662010466,0.2534979698650403,-0.4901796437570897,0.0569400916104928,0.649869497040835,0.7265974909189027,-0.7798123243114622,2.9932848675035775,3.6981404675332272
2.8412465958443116,2.05782596831847,1.870771666946593,1.3305089935784986,-0.10201742280165903,-1.6571514984397553,-1.7722455864907554,-1.070162517144386,-4.689441739433562,-2.1030822999972267,-1.115497416493668,-0.8151429402559368,0.032687766491753915,-0.20039283074927217,-1.7419130026097625,-2.0517291610758592,-0.6373840546889753,-0.6379058636167789,-0.8471962340507744,0.030124733476011,0.5544880186406236,-1.7146586799033328,-2.1648370552159557,-0.5678220320377815,0.3668462598832063,0.16429095214776762,0.6212704291796731,0.4585794619546153,0.25391551745948027,1.4878900768762193,0.3013593699376083,-0.3935459248549262,2.830687236005393,3.926880770257314
