script/wind250m.json
[{"header": {"parameterCategory": 2, "parameterNumber": 2, "lo1": 6.000198445256149, "la1": 58.999992894266676, "dx": 0.5, "dy": 0.25, "nx": 22, "ny": 24, "refTime": "2024-02-23T19:00:00.000Z"}, "data": [4.336827549868713, 5.286229061451167, 0.3954017087173377, 7.352048045383309, 8.24224984395277, 4.257220898349545, 4.19190422869181, 1.5280664372983126, 2.878353683120168, 2.050410620872016, 3.774415097969145, 1.9944000347212807, 1.2237890452336369, 5.572970201399525, 3.4929492791079473, 2.451247918297251, 5.365711436229375, -0.009226233283226422, 4.264870064455751, 4.18221059662194, 5.989483313215182, 7.664735504392383, 7.808448348379979, 1.2517341531559847, 2.181929844503729, 8.409523904383772, 3.6540103718443135, 5.849531930522583, 6.624237625564781, 5.665461201505058, 7.841575529698551, 3.161742934304401, 1.5847773422127458, 4.1291021862621, 2.1468009695050405, 0.026586884431673858, 7.03262165150837, 5.934300208833082, 4.714873128059225, 6.424838252741784, 4.00028853155075, 4.335904599346474, 7.293048925572243, 5.4006866181504805, 5.66076930539422, 7.003816707959081, 1.4028083554226436, 1.9203350394658174, 4.178328958915621, 3.7776378044105257, 5.106898747572468, 3.4415528278075334, 5.944318876040284, 7.07311712848748, 5.961436261632902, 2.435285088555659, 4.550693329156619, 1.9516264880124101, 4.459047178233517, 4.746560819660465, 4.218711317737664, 1.9478300141748832, 4.008418096935695, 3.0771399617591655, 4.54257436225156, 2.1866518727243256, 4.87938142223964, 7.4163898465971245, -0.21284750404840114, 0.8663601323276635, 4.653658796622348, 2.192772877203471, 6.823527599736734, 5.653717955316999, 6.740216926225071, 7.159715714536117, 1.7134884280163767, 5.551586690943658, 6.165785607426034, 6.095110497024891, 3.2913932657523586, 6.446733451894259, 2.570471581262182, 5.071517367750587, 3.5479230568376123, 4.529256223886082, 6.1808846943255205, 3.379346952851265, 1.7978850419516, 5.455349790753236, 5.926674475280593, 4.987238219919353, 4.519624502814532, 0.4427571393300025, 8.498582429862207, 4.048413888976421, 6.5059213906517375, 4.378558468225812, 8.608425791235884, 0.5209915037939362, 3.1714019422137096, 5.763729914232796, 6.304675700598892, 6.452722442893072, 6.445447049678002, 3.4599827447737677, 6.867040819682508, 4.158811813916929, 2.5538015552785707, 4.323656885836649, 6.135738801999761, 7.479955100702826, 6.479575780331843, 6.719981179229933, 4.601254818031122, 4.132885412746247, 5.031556084764556, 1.9883292100627281, 0.6942653817516182, 7.279893209453934, 4.795089458280917, 4.72669963103328, 2.7260217712594583, 10.674107107376958, 0.22350413925844553, 7.745630590761775, 7.277636582010968, 2.860845906989234, 7.463688070428796, 4.861986382549959, 4.527671272112508, 7.346033011497809, 4.8627716048605905, 2.3910911981581484, 3.521252828913994, 0.1195401710409014, 2.475154858630957, 5.278609572239132, 3.925094114534371, 1.5519270162110514, 1.540523363096318, 0.38897854057156506, 3.3263625531243886, 0.7893460683661401, 2.5015499757650326, 2.13978129995242, 2.2991316671282074, 0.6736565750591201, 4.189123133782166, 3.5406198863657807, 3.499693030271005, 1.6046555777933242, 2.6022072609667566, 2.2480904249206697, 3.402480374646738, 8.431720539175469, 0.9534741741183481, 5.042976784513224, 1.9265392637164347, 7.880536589855675, 6.959753871187925, 5.853289990237112, 3.475975920452079, 0.5455785288254743, 4.826992125985312, 3.3662299391110233, 10.066646776043786, 2.9564573613695204, 4.980347633917038, 4.812827777918283, 4.681630545765632, 4.637541696243695, 5.971711893451608, 3.6103752653896857, 3.5629210694296223, 4.053781242656261, 2.0655507891473825, 7.995861382442313, 4.196022166982768, 0.19009821224806314, 6.247266066558214, 0.2386348784064038, 3.297036470200458, 4.021614421164387, 5.233705656954122, 5.197140705452689, 8.092130080782162, 6.338691279751326, 6.673579149653125, 8.377835487333387, -0.3630480524788208, 3.2631423334090894, 3.2711030466610196, 7.608786595806177, 4.374603378097346, 4.291210714624799, 4.332312722173744, 7.559786016683438, 2.8765338536255416, 4.4083077386768625, 4.479381766379331, 2.3871753479596394, 3.647807755889897, 0.8378266018353012, 2.428455097189759, 4.666414029707259, 6.37107860707434, 3.786164031110636, 2.318898452256467, 3.508856550452917, 2.1861435476962554, 6.526050282653042, 4.236160639324281, 7.800238577096183, 7.862108173239679, 4.9188549615383295, 6.1060076551848725, 3.9993555970061734, 0.13271839990813425, 3.277501311071741, 7.865949226629849, 5.831592483278345, 3.2341853156921676, 0.9192011535674807, 4.872256467478975, 2.7040147814928694, 6.0688585300651505, 1.1873777254458995, 1.8657778201582345, 6.471861151290795, 4.371508414690658, 1.0893001645732114, 6.542275345022824, 1.1106148837101633, 4.808241620840393, 5.050041025763411, 4.444880922011048, 4.58678317039068, 4.391781508482982, 5.668271078550321, 4.132648145520369, 6.525431076375225, 3.753347530692493, 5.02601510404479, 3.984394658602016, -1.238265276789026, 6.658105948787008, 4.320356612408227, 2.6616165752450387, 4.558745538444721, 3.683360310335309, 4.262160475161548, 2.407967010273625, 4.449454083811062, 2.049257705569007, 2.085498579734288, 9.952970221911038, 5.674121011257452, 2.7970085906951185, 1.493016363948208, 2.2075863210628017, 3.8563764860373158, 2.541399519081758, 4.054618736317525, 5.874033453640618, 5.007334989191282, -0.12611709185332315, 2.9840661982738794, 3.312692327003334, 8.227182245381796, 3.9376526459636554, 5.481276994394937, 6.2330603263180455, 2.582987750961392, 9.665050650606524, 6.701067037446546, 4.351995112921865, 7.660873168319206, 6.62897957418273, 4.054926684883556, 3.8824273217888945, 2.0557747741770065, 7.916123086061485, 5.4911398394200726, 3.5478072796305917, 2.050484422542789, 8.648038893294506, 3.114525800411586, 4.035212097542289, 0.5278016152180015, 5.998694866030541, 3.5913929444806416, 2.5987123894571096, 3.6215980824713045, 0.22961164353009222, 1.4096132878734617, 6.478380824427756, 6.486172039378443, 5.302015619213437, 5.034006437818196, 4.066803088866567, 5.850042672933897, 1.9850531677028604, 1.0141685293129792, 5.836384677346608, 6.6148430005490875, 1.4013535372337258, 6.367340442918888, 6.196278866003463, 5.415175938347994, 3.310246623816665, 5.529277869126011, -0.5223626374453288, 2.1506084132483916, 0.9051824125234031, 3.495787612439061, 1.1916630363111056, 8.969887890473032, 5.1209523843056575, 2.1615283826367846, 3.1528128167386904, 4.8517641069267725, 3.6887068219027968, 6.822244821418875, 6.865201763573784, 6.360698013210843, 5.501614313117482, 1.7977968393336643, 5.223707966654058, 6.4372587989373455, 5.591362993470436, 2.5613624088459344, 2.2133280178811305, -0.3841833495507487, 6.4083100165013835, 4.365090272399715, 3.829832788732302, 4.61667846935181, 4.0436907297948235, 3.9530503971058693, 4.281993715084732, 4.4993792150849385, 8.504103182152297, 2.2420553195405875, 4.063545375959828, 11.98694122085696, -0.6441295310729122, 4.725962314914251, 4.575761863424455, 4.573180590854316, 5.753242914950023, 8.450752209814016, 3.595705225468247, 4.298734449446209, 5.699028128939493, 1.2688621346487805, 6.702382831172443, 2.350195030214488, 6.1453021720154535, 7.117692968432568, 8.288846591904838, 6.740145065402536, 4.824204664769662, 2.1453401474805855, 6.765485996277791, 6.859382941689656, 4.9783464349173565, 7.510139276308219, 11.061669009487865, 4.113815760066878, 3.82469917990615, 1.1116231900334574, 6.539190009756422, 3.8025963815837382, 4.7939068898422255, 2.2215251023752463, 2.2197005963626353, 6.313327161169055, 0.33045694822235955, 7.079386065095216, 5.374567201827976, 5.276389857421641, 1.7112073021564733, 3.076801758757908, 2.8949128852346604, 4.952862214609162, 3.5033440973384393, 4.5159990513435515, 4.318191556214805, 5.817273858275102, 5.002784967792415, 2.9004302434553, 10.49776166860194, 6.029195538879612, 0.4565878905317657, 0.5543618434588241, 1.9329952748394859, 7.885516681836615, 6.347539118721104, 5.071036798546487, 6.251557589455319, 9.155549536133888, 2.8426061056200167, -0.04588973424795961, 5.749971324346319, 5.1473858026819785, 4.254609377430094, 5.216129260575371, 6.285519969437836, 2.692379682848115, 5.367348128962384, 5.865665786481955, 3.053666130557894, 2.706396642720681, 8.977856397298138, 3.519085527086405, 1.8393340281875608, 3.0742858650884757, 5.212928838096797, 4.809939072930498, 2.221428815039889, 6.889069084441269, 4.761978133740316, 7.788224955083261, 2.6811347401752843, 7.160326767292388, 10.657952355107014, 6.206007186612459, 3.5028857540372957, 3.4376527975345748, 4.033577805959741, 4.14075166989689, 2.524796060016233, 5.389640617225948, -1.3371027307986874, 4.288603239249081, 5.19767924091263, 4.856941808075344, 6.899498424531881, 3.7998008737542808, 4.556808908117524, 1.8465363853739083, 1.7690998809823366, 7.118393811504285, 4.99346153809731, 8.031592389696632, 10.57836131963823, 1.8574376613052475, 2.1052452952868355, 5.720111909917881, 2.3392835409125237, 7.520911581913808, 5.466793860921092, 2.4229313937434895, 4.091347436101434, 2.5281615331466725, 3.1558459582346243, 6.3400448487694065, 1.1863392456545703, 1.5397128947760972, 6.717312167172781, 2.090334981319199, 7.848497349695483, 3.532326956949341, 9.35700756961657, 6.588339983014801, 7.875807545251972, 0.8607362964619918, 1.0712781654968881, 4.523273717022361, -0.46114874362468505, 3.7663671466864423, 2.7376955060076864, 6.69191639189749, 7.7280836275342395, 2.539248610607854, 6.1083936763741224, 4.468050030977351, 2.175330473677503, 3.958517704471777, 3.3542425285850213, 5.995784779182892, 0.18790625072993164, 8.85671269024745, 2.6576191854254723, 4.897265220828569, 1.7759059452924424, 4.049688866026986, 4.7136496638879475, 6.68755121806114, 6.270032062065463, 0.7787589598865666, 7.560169305667285, 8.470672146677835, 3.0720307214061338, 4.270177654972726, 1.0224419047068842, 6.7157763213103605, 5.483654594002734, 7.722967913956946, 4.954650634166895, 1.623553014477413, 6.081669717538182, 2.8350318596336526, 1.0164799036544947, 3.0894867199690785, 6.165622967258804, 7.161483227537581, 11.142280878911825, 10.3271861320682, 9.045611824625974, 5.51312623604117, 5.329610451498012, 4.024828327225017, -0.20620140475200904, 7.13785501330826, 2.7446383127541147, 5.316599409491683, 3.053468996592726, 11.175021018310376, 1.7004083258485339, 5.835299264998346, 1.30360140912968, 0.006579086159835835, 5.490386435430814, 6.177511406424538, 1.066195819359311, 2.806477125198972]}, {"header": {"parameterCategory": 2, "parameterNumber": 3, "lo1": 6.000198445256149, "la1": 58.999992894266676, "dx": 0.5, "dy": 0.25, "nx": 22, "ny": 24, "refTime": "2024-02-23T19:00:00.000Z"}, "data": [16.54135658990776, 12.850187525431354, 10.67214822567955, 9.682942452895997, 7.366574511040209, 10.5857717528369, 17.904747511875442, 8.930336215233151, 10.5585155413223, 11.918677885217248, 12.927874103678755, 15.417907756367974, 9.280820659387308, 15.71256629968615, 8.228708398851918, 18.897572351141132, 9.846767415555044, 9.529300758437456, 12.482901055758079, 17.00387899890679, 7.954937173828432, 15.42323330625897, 10.23909884804751, 11.864811861665602, 10.236154423476775, 15.331629293886179, 11.60439345987395, 10.840444641200474, 9.361350315989178, 12.305114387895417, 7.208413557420958, 9.768355355581493, 14.533722734481335, 11.451250084423364, 14.0147437107941, 9.500672776717478, 13.15534313231062, 14.070877861702325, 11.104774962298961, 13.105787614623255, 14.679321419336691, 14.67236229928973, 9.235696584679367, 10.350642388245355, 8.886259210587763, 13.776376335396776, 10.262144540388348, 12.61882455005604, 16.06997190301739, 16.79620587281888, 14.142665256595475, 9.461933534054708, 8.154776295410194, 9.446777103782615, 11.293359099725349, 11.35293780352778, 8.470473561545322, 15.64932111105326, 14.501551028775598, 8.420984821662628, 15.100958990425475, 15.846845837273824, 10.005867497664074, 12.678100089351236, 12.859212634323056, 17.067955988558282, 6.998750009380079, 9.339424055712923, 16.733039028582713, 15.724453949335949, 10.06798177488036, 16.929882858248316, 10.758615312451333, 10.822777143844293, 7.613272427282212, 9.407467175445333, 9.518873830192167, 13.784841119188105, 11.079109150753307, 11.292816567034333, 10.718459245773246, 7.291683169230784, 17.139583266350645, 13.75947466118912, 10.458619075639092, 14.514034780380568, 10.449862227562068, 10.321404952747203, 16.946332509793972, 10.85959289900048, 10.965281882223298, 14.184035251808282, 13.630057761915223, 11.853945117412097, 6.485697940473086, 11.045804233499581, 11.437239678490325, 13.463102714532713, 12.76342641330583, 15.377239075116869, 10.586203089316623, 10.414255102394321, 9.691757235851544, 7.875317420370893, 7.705936729881561, 9.974224232070494, 7.815417156149026, 11.298707278251939, 10.705832922206294, 9.955679040921328, 7.45358291504609, 12.897078731670407, 11.264098480262572, 13.975612711865022, 13.109627859333253, 13.906462570578293, 11.613894271802911, 8.55404634254909, 11.99779398104629, 10.691577011359447, 14.743940739917035, 15.27018916709735, 15.6559142940706, 14.73702099694726, 13.170951402787585, 17.254475627409644, 16.873928773601403, 13.36551561123292, 7.663145576041812, 8.76294378495496, 11.698918519608645, 11.392967901045907, 14.053632458615844, 13.734685732948238, 12.108811273744024, 15.650999535424594, 15.528609244396213, 9.675051783287234, 12.422520661476705, 12.91373121992764, 11.21484697509702, 12.310603076398351, 10.844147375575544, 16.953064636446257, 10.937122995599125, 10.762386904289535, 12.870499369002799, 8.521810518292817, 11.371038004855864, 10.885119129017975, 11.522093572228556, 13.720668930798553, 16.640362507636276, 15.495634569378606, 11.98021904324331, 17.546491168681715, 16.895326194242475, 14.91690664675389, 14.937940200035586, 6.455625701605599, 9.907564445739633, 11.111945260694913, 12.970825794395628, 17.4100364610982, 12.086175129821163, 11.389877713708701, 12.426348268963805, 12.110511686887829, 14.140745767634892, 15.695153574524415, 13.965931687465773, 15.281160360195743, 11.466995024520015, 9.691365361179857, 9.995200678094749, 11.59754644909266, 15.727317584899218, 8.12426528980366, 18.724451220015816, 10.448679489245052, 10.036503081447437, 9.777405862058496, 11.96492469733412, 15.395604887378939, 13.90611238926563, 14.293147163879405, 13.173434808664771, 14.924287540896561, 9.248281216075226, 11.24658460152524, 17.143591853641755, 13.125073762199827, 13.679718235190862, 8.2741951141557, 10.666152880775423, 12.725726468906412, 14.51184611425183, 9.299932067593586, 13.458586905638791, 17.797167758482257, 8.215711542190215, 15.28228553083724, 10.794386182881869, 9.696952479173746, 15.059315137432442, 8.454402322094408, 14.002880831601413, 15.82030215658473, 10.318063619452412, 13.521721823221478, 11.139184109645587, 9.74037192407036, 14.33598502372497, 7.732521992976976, 6.302240897498207, 12.951262319127537, 13.91993519595996, 10.38734492882282, 17.33326278786448, 10.98597496054811, 12.557050141564506, 13.413845659503531, 16.986912918060707, 11.772933020122405, 11.378609040865879, 14.809398903490793, 13.865757142678266, 17.441283171542015, 10.157736013334628, 11.775000705250731, 14.407709676202613, 11.733034356583458, 10.641835417804604, 7.618522478484979, 11.865404765329167, 10.012482021985631, 16.276429369457112, 12.253381634232966, 14.092846158208992, 13.661557787176967, 17.388420854937134, 8.009627242749161, 16.218533702865628, 12.522856452170755, 8.238921224737057, 11.949694532773533, 9.82652511389011, 13.168830677131815, 10.501994750754816, 13.676161399861492, 14.398174629773223, 11.336639987438469, 12.470631957871861, 13.338909231965745, 11.685329627860943, 15.821544748489705, 11.795670173521657, 13.355510198655892, 16.377349892209473, 8.972986905354967, 10.806786579527826, 10.752281566416892, 10.825115072265783, 9.745523757232208, 11.532261140383957, 13.402061529997132, 9.638217763062462, 9.865892774949149, 10.226319047953986, 9.958299300551298, 9.930868061515522, 10.769759029697692, 7.814381943636103, 12.462105857383882, 13.423837037127452, 7.723161067579776, 13.40755391635676, 14.92383768176603, 8.778337638261405, 14.439625267068005, 17.20319098536371, 13.362571508205, 10.22505209660295, 14.700012601059345, 13.946602513322778, 16.82720176465356, 10.379119903110977, 7.923962232278462, 13.800622636719329, 15.6545755611165, 9.571180473856945, 10.675136922511166, 11.68738487128988, 13.118857582001219, 17.827842601935167, 7.892350856967985, 13.94945638812454, 10.350390413881941, 14.344246513079149, 15.027261485445806, 15.321005108994472, 8.84451045132106, 11.759646608220935, 13.658471399131143, 11.850838599578818, 7.62663616093028, 9.902817821174631, 14.635917668366286, 11.596699698906752, 13.598181938007297, 11.933940190180744, 8.010374965760276, 14.479218403494782, 12.159233651426213, 15.457012202903337, 18.407090788189585, 8.388550575528358, 16.610592032041406, 15.155206059669222, 10.168732479219202, 12.634081141830341, 13.975900613674291, 10.154327490792717, 17.02020566435335, 6.606550601511102, 8.940201642905043, 13.584534241184704, 8.986012067625179, 13.688081976189958, 13.941172004718101, 14.786662544729513, 10.895362657917552, 16.082880304389505, 9.227087006598076, 1.7166582118715983, 11.987284326227428, 6.3824207858665725, 15.550596976627467, 9.002485912728499, 9.367083159846802, 14.31715591624212, 15.347912389455832, 9.855168572313529, 12.322175864611507, 8.900328110390376, 15.054136091579457, 13.619377044640723, 14.887700161773049, 13.529707658115843, 10.262570109405535, 14.643186725656244, 10.424475799041232, 12.71834639004456, 6.129395914163564, 11.020223708684636, 12.086337955439767, 13.228156845750037, 11.787519895430018, 8.408580549419616, 8.319870221739379, 9.828249912749635, 11.69373540599845, 7.459987080105993, 13.568279830753681, 11.111380414072894, 13.348311323577631, 13.987213676299175, 13.209753584986167, 15.110242336575329, 9.989159103872325, 9.129474047569602, 10.467850775835686, 12.491646526753202, 9.365951126593213, 14.136003552454017, 9.839387688058792, 8.312721562670564, 4.577419245691488, 13.051736475905372, 11.279814754643182, 11.817627344179078, 16.271923388023946, 16.0656205300761, 11.076163421205942, 13.266570567173561, 12.009998239131928, 12.224253047559996, 10.14130156172904, 15.883357097989682, 7.951177037788611, 14.56918063674156, 16.07625680312829, 14.31010279124776, 11.199426531224264, 10.379453143356825, 7.32241024944541, 14.530619060612407, 11.051194271028287, 9.641953139294975, 6.047937007150889, 7.855495187177859, 15.098641968331263, 6.169513534495281, 12.683360391686094, 8.476564560190457, 18.886845087560157, 12.917035425812927, 10.41243569232313, 11.840914543077643, 11.75786789307628, 13.777448021148851, 9.662019049373004, 11.65469841434787, 16.347978690963178, 10.10705099392864, 9.710389412786963, 16.137437765420163, 12.069212582839544, 14.347244671750992, 14.054335695560598, 16.389872774888843, 14.984880365380976, 13.185112680011406, 9.769450545549697, 16.052263036089812, 9.678997677929921, 15.321953069749469, 12.750966762234585, 11.828364216687389, 12.965906196294386, 13.769608821232248, 12.76524744688248, 8.987416798058412, 5.50446136270075, 12.21600136054137, 14.69055073440757, 8.7655174907613, 13.950915346741802, 7.4448534850401895, 12.433249889456414, 16.59520212859721, 17.027061049851703, 7.898170889449728, 12.45871121566063, 12.493626253415199, 6.348545063132419, 7.726896301675558, 12.405012722395636, 9.884244522897987, 12.600936634433289, 14.035326636948554, 15.067171538517709, 12.493464546586276, 11.006435671466809, 16.977339205856566, 10.357897547263, 17.125597976669933, 9.5925003768534, 10.6691632073083, 15.276416126824515, 15.231579129315552, 8.676255533738333, 8.751945509407307, 18.773965828546203, 10.620206361090553, 13.93892449333353, 12.539670240783805, 15.662404768681638, 8.243794146580694, 14.31084566699941, 11.364579498455715, 13.718398594449768, 15.632779693049246, 14.823951123111936, 11.041865240409914, 10.147920048390588, 12.069567483227553, 14.454333819704225, 10.615891120838361, 14.038455681292042, 13.161511104215583, 14.138481924682885, 10.849830942951275, 15.803981403597865, 12.940580505405466, 9.995409098374228, 16.069869054578223, 13.04247695093987, 14.743385416931249, 7.369781671416296, 9.396691830205905, 5.9891191899243434, 15.117362999661173, 11.715188376064392, 18.05957568597137, 14.27384615801269, 15.602567756553572, 13.714754165815386, 14.381021238762258, 7.407127012392505, 14.427754724490162, 16.577483035319748, 10.570319147922085, 12.83946522542707, 11.66126637394172, 14.792492205077762, 8.207875202639256, 7.19575671364259, 16.042384743500953, 12.224843258031735, 5.376312129448139, 9.127288533047322, 11.664604712362086, 12.13677650182103, 10.443772328944775, 9.641865750547431, 14.385449491664952, 11.31213839545841, 16.164351776443915, 13.002782127958245, 17.475345541720685, 13.044189315374561, 12.970421702892333, 13.49966721471585, 13.621935612781257, 13.145805540323815, 10.662595456243887, 9.86782848739719]}]