script/wind100m.json
{"header": {"parameterCategory": 2, "parameterNumber": 3, "lo1": 6.000198445256149, "la1": 58.999992894266676, "dx": 0.5, "dy": 0.25, "nx": 22, "ny": 24, "refTime": "2024-04-21T00:00:00.000Z"}, "data":
[rows 0 to 23 of 24, columns 0 to 21 of 22]
-5.865231122353276,2.407240987731566,-0.20829716043718852,-3.370596958280793,-3.946808603088327,-0.41281372246168396,-6.230053030333004,-9.159418190421478,3.2189310473630828,-5.466184649333161,2.137744188290103,-5.538296274714339,-1.2209861991145594,-4.924739943146125,3.220110248194173,-1.3046096773008853,-2.3020883523601943,-1.2023851461675958,2.6261215886004505,-0.4235818971447987,2.804312552795428,2.5514285772242626
-3.4924693161865887,-2.9839700174705586,-1.9631360632452073,3.9884549188092806,-4.279134904163466,-7.866526125969196,-3.077952208202515,-0.1508750661369791,-6.746415299745773,-6.116604538659145,1.0208415979014724,-5.474470094393343,-10.079308974929186,-0.7928729114495452,-8.722340991464208,-6.901245021079671,4.146642251259728,-6.034630324171783,-9.518947832744237,2.268012827640294,-7.930738528248854,0.2967378252431391
-3.543030281324452,0.04996021677821838,-9.138741515400344,3.8647581556395885,3.2375640551286624,-1.3975855222740299,-0.9160269606836824,-4.174542448334493,0.8555044171620285,-1.775879084315537,-5.540172720739509,-11.22680723229224,-0.8141357747276117,-0.21084440557365197,-6.893592908519954,1.4308637639750599,4.207934119299817,2.2212155842511017,-4.01102065840174,-3.124419036496896,-0.31164407157505547,-3.776041487496729
-11.300217111639865,-8.688011479385857,-3.0181173059620354,-3.7466333778326155,-5.612201577929352,-7.439449766543358,0.08625347435606882,-8.755347726077229,-5.851247822141458,-8.09595552072617,-7.332275304908066,-1.173850050727665,-5.997234035046452,-6.376971669262652,3.7615219573535983,2.231921987695844,-4.220673369860259,0.6989259913209002,1.572368188186201,1.6414725297991783,-5.006001270772261,-5.985608674063046
-4.312490349697435,-7.004408986821259,-1.4460978869423216,-7.56245464727976,-7.585179429596033,-3.771065881047142,-2.089377471566135,1.1316011754433688,4.582338697075989,0.7141048375291998,3.6703713748782456,-3.2448299003618937,-6.391344330504026,-6.12895969283144,-4.794257182124934,-8.832496999396534,-3.563812503842247,-3.957932541666632,3.3638639755611717,-4.162701311338964,-7.575085703700879,-3.7902236914113243
-4.602622505243316,-4.115292507315314,-7.191019010026885,-8.847906315185341,-4.297645915910157,-0.8582773825424951,0.23784855019357504,-9.799667432285297,2.0476294430793387,-4.869308159904751,-2.1136277855044474,4.929514500329387,-3.7340804536878034,4.437711709809783,-4.711424585753537,-5.753900098992465,-9.182156524945826,-1.2603625180779447,-3.070473536596724,-3.8782215065552106,-4.208209117579952,-6.867318561175232
-8.625836624957824,-5.630126939217469,-2.367768913477549,-6.78701353679063,-0.7062076319378249,-7.487069832858946,-4.627171113894823,-1.2814962776389633,4.805136239887873,-1.368567755150896,-6.10277285319077,0.16354528349729977,-1.123617674755554,4.90617825632513,0.6906025924392144,-3.801944054147525,1.9789328664009664,-0.8780662824237362,-7.62282155107147,-1.1844988127095348,-5.812108830961882,4.429262527329603
-6.777181677280253,-4.575889531607941,-3.6840928862837004,-6.135842767511823,-6.365450022303988,1.21609510275085,-4.449583169703875,-0.14477175631041653,-5.289343579421062,0.6392024135121264,-1.9539049298294209,-0.3005011619236707,-8.506517900161938,0.7226815095967343,-7.216574525176962,-2.5108778444981614,-3.6207456027929585,3.0282515907939436,-5.99090890189178,-8.2901240175216,-6.72436586492278,-1.9263290247747562
-11.191167918803409,-7.607434638214391,-3.2771362511238133,-7.717743598241265,-7.080505506070146,-2.5022568421126934,-0.9632788581572226,-3.4325111906980523,-2.2837208631965202,-4.6192474586435415,-7.790435411974758,-1.3265789518855904,-3.6485650439629143,-0.8975509431698562,-1.4141011054658654,2.2381102888576425,-3.580113013102132,1.157316408909619,-6.628428028690263,-4.7874018838167425,-0.8393257815330357,2.80111326296221
1.6921136503676195,-4.059746190388889,-8.762611759188621,-4.79184009700152,-9.702590874276654,-4.8889831227676295,2.504370943923721,4.881234362754298,-10.436881871001232,-4.334815439725786,3.983624035628237,-10.433077164802908,1.8482169371747064,-2.837631375150609,-7.827886862086482,-9.178099116532515,-4.800159037636866,2.082229525318988,-2.3181621987181376,-0.47611613640472217,-2.843802205162843,-3.09551013617545
-1.4833789291974253,-2.72208598879282,-1.0935715828880825,0.5703358037224004,1.6682677771740066,-8.46964646752918,-5.439469175899688,-11.733950674567573,1.0677751281512058,-8.389010471642848,-0.7693928189613587,-0.26402077646272615,4.5370782027795045,-5.821532563427376,0.6782530549616477,-5.130027525361902,-7.321501569475197,-6.610976190556985,-2.849470159177477,-4.975317282481858,-0.7650319271144768,-3.9835203158851606
-8.273379343284534,-0.47854873237002155,-0.0717984406530261,4.009776502001092,-6.1590681500668865,-6.074889909947166,-2.6192193127275063,-0.2133206593467089,-4.70916178818793,-3.1822465273831715,-4.867580163896036,0.41747292840886785,-1.121274124622433,-5.2029761052348205,1.2292785134890996,-2.5936810506552472,-3.6917821616106004,-4.049506288537591,-2.8810063127129575,-1.0228413017290896,-7.937673783676547,-5.964645854197421
-11.116603172340755,-7.427448518453915,-3.181802010176137,3.213265042697874,-4.606239804962618,-1.780904657346904,-7.028276821643121,-0.5328520368395577,-0.4464282795185745,2.8418687239766647,4.013426371482716,-10.502438418935327,-0.052041996707620816,2.974011767208343,-1.3742664751165958,-2.324318286061949,-2.7825049220140365,-2.3186201651420713,0.3255863098034309,1.407952556465256,-8.045194724115058,-7.6142199699379995
-4.637422551723726,-3.918748125806768,1.2226656833898661,-3.1848953835045433,-0.8711767910255576,-4.166711569220307,-4.055579902820668,-2.8535940671755653,-3.5399579425265255,-2.831442787760657,-4.0006991789027175,-1.2757919907067212,-5.482858948436266,3.9353010023364803,-4.9383439153071755,-7.99005131584966,-0.9536052987518399,-0.37922651344242475,2.632166130263789,1.5436330105723475,-4.1794868657232955,1.6911742671189114
-7.377531598211761,-0.7292969504490848,-3.557438297109325,-2.0465390124302707,1.164089700381169,-9.926444941537087,-1.0984325107217159,2.861496291492329,-9.0476980447382,-5.236394196580628,-4.236682111471906,1.9750521739487887,-3.759288774269837,4.018858356020154,-4.676700254835877,-4.095397036339561,1.7674281347637832,-5.680724294645407,2.8812569005163358,-2.980748698407693,2.478837757534214,-6.926498817106329
3.1870169816355065,-7.650930920790309,5.454508050513274,0.5977564539033172,-4.996511264866453,-5.702816595630683,-0.5774928344525637,0.4753419805445346,0.9169466123143644,-0.003999217619820478,-5.442092709650232,-6.36602100458631,-0.5019484764469976,-1.1079785399339988,-3.9627697973383866,-7.26700345578788,-5.446564973106281,-3.930189567258404,-7.680730241139278,-4.801264010411376,-1.2026911831650149,4.541557695770172
-7.225710982486231,-3.7283040790788653,-8.240374735840263,-4.662916764644129,3.1309647418548288,-1.7794274960143057,3.130006051621704,5.412167989861799,-4.1370515831571435,-3.2917128946280214,2.8257317595018496,-11.06270487202635,-4.703683905745996,-8.798322438171152,-6.002793086974501,-1.324537746142411,-1.6406975507434327,-3.3408914637960074,-4.369395332836139,-1.5697242987847624,2.7305707944352173,-7.129657602994537
-5.323133871450929,0.8797842042809334,4.3792479095420385,-7.271507540733765,0.8600254299231442,-11.638830116476425,2.7243485128041525,-3.098420350016746,1.9701110100964234,2.247853408923585,2.4545295526716115,3.3990053725727853,1.6775920479704445,-3.755022413096793,-4.2817798675030145,2.6374284256577263,-3.7053412269203427,-0.5381772815519905,1.9847477657218273,-11.092419605092852,-2.514250515168531,-2.923054669487936
-4.686229605478496,-4.350030379869125,-3.299416866624513,-0.9020352716740517,-7.425608128697443,-5.19030542731109,-0.20199807003948625,-3.330735718300921,-0.554164833059519,4.626539222368266,-4.094673325598471,-7.47101334984442,0.8286781327363572,2.610395213965302,-4.159772418855274,-3.2933635609629204,-1.077290264602866,3.984500502464079,2.1251845946821994,-7.559780753225048,-3.5967154267293235,-5.8493203603233495
-9.929771194385692,-2.045526074606493,-11.780100381032469,-2.706083306394089,-4.351508612522767,-6.488983434126028,-2.458348541995059,-5.203020540249589,-8.331364181561192,-5.782449662325618,-5.8546478900633545,-3.8524272167218987,0.12149349226370124,-7.674202616099488,1.3944901689876277,-3.026758643747684,-5.285886462095125,0.019410011917480558,-8.306081783317241,-2.962013992766018,-7.325651884713804,-5.587741664780026
-8.930760785865157,-2.453432769493436,-11.064209349763896,-5.069779845203222,-3.971886080000372,-7.703378219138214,-0.40677579308989,1.0405299500082261,-2.5897195196567178,-1.3802275228216323,-0.3920922136792411,-5.083339924202949,2.7020163849802543,1.216889213143772,-1.3188537286324133,3.1253191246146854,-3.1530103433123293,-4.268266103287561,-1.1507171452846847,4.782079214360868,-2.6653861298349346,-5.767372992236952
3.7086547964990086,-5.733809708067549,-7.555501392092669,-5.108128017640837,2.1591659125688847,-5.114306832969745,-3.7988312191472473,-1.3538389779842293,-5.934947543746637,-3.7207807572862115,-2.5513040083355008,1.7124001639864916,4.486701080016266,-3.974966301687208,1.0739354917280255,1.7771330572104964,-0.6379191400694322,-3.013907306088406,-5.026702038266553,-1.3599376207658742,-0.8500200476198224,-4.914165681590901
-9.764734897199835,-2.242576637706654,-3.149481818857681,-4.635601012001028,-0.6442059128649769,0.10872294294878078,1.9699682478761253,1.1768202889242751,2.3650605505526507,-1.2872989766682224,-5.743434602327162,-3.604513507226996,-7.406569662271104,4.582729868858176,0.10504689581586643,-11.904726337699861,-5.64673694513087,-5.556292801277218,2.220724126367481,3.599255060005945,-3.7102468226963143,2.055451306240237
-6.649323649506798,-2.776262543172949,-0.7965374128811133,-4.860592975227386,-1.5185312084654545,-3.4271788418800404,-6.712929438920407,-4.425490896779418,-3.925261431503294,-3.5864245795070016,-9.3970377256385,2.1684786582511535,-1.1417951219851763,-2.478787438220747,-1.785183602938853,0.8659618775088308,-2.793155700985938,-8.35232412198614,-7.942903256566875,-6.880002637707613,-1.0171767712939537,1.8817227108905186
