script/wind350m.json
{"header": {"parameterCategory": 2, "parameterNumber": 2, "lo1": 3.000054539987559, "la1": 64.9999836372058, "dx": 0.5, "dy": 0.25, "nx": 34, "ny": 52, "refTime": "2025-12-20T11:00:00.000Z"}, "data":
[rows 0 to 24 of 52, columns 0 to 33 of 34]
5.954975124001247,6.395293803799524,7.289116468024356,7.006965259330839,6.198624910904681,6.503246995376994,6.958882664495672,7.051546006281935,6.9057510869219385,7.0509113021126835,7.660972355742574,7.535422984575503,8.223923633105601,9.36847202266063,10.157802442710706,10.439916145020078,10.554942020446475,11.33003836236924,10.564436865485163,10.353520719937912,12.197570095165146,13.915849733620778,14.470231919559234,12.277719199874571,16.368586786899527,10.503000179202553,11.76049905056236,14.370783869959961,13.354057576340509,15.458870233967872,12.703099317926716,11.265412926285297,11.947215049615311,13.105780697013193
5.293957245727676,5.638050156136372,7.051504212078984,6.808001313961712,5.5654332458446225,6.171933355800662,7.1964090240549545,7.163528124009757,7.461875822094643,7.512270615934845,7.6076618290191576,7.3492662586928805,8.387660304659267,9.234151516056777,10.216204006847615,10.691685725540877,11.598717550095586,11.263247079748236,10.800664028318907,13.951914224776425,12.183154294141307,14.845371428602432,10.935711283391592,15.549124563444446,13.94707145503912,9.381688348484776,17.277361879187133,9.50659426712211,11.707271943735865,16.70947387466573,15.604112218891858,14.10256482830718,12.29391051928807,13.61291042153767
4.597988699959995,5.29977605359987,5.762694617379398,6.376471474551849,6.3748808047639764,6.033199864840401,6.688609017436649,7.787996450180223,7.548393261921831,8.029773424575327,7.524255086149093,7.646412043702692,8.540195868044496,9.658116736937448,9.805399464256528,10.758751979907183,13.639468500896978,12.300274158548426,11.661554221370833,12.51940747962623,15.096574856463802,13.977859617295868,12.936135335597896,14.772489144021609,15.880257902764226,12.243042166297355,11.761363876166422,15.34380528324307,13.05151211855489,13.030835715240807,16.493678479479183,15.150618601424332,14.252089718527145,13.856185303764706
4.790393379650493,4.624541164590945,5.866722565120691,5.698409129959616,6.070365594087587,6.813041430326448,7.265166599059465,7.918065062329701,7.915613663474522,8.33545808166513,7.506682319226146,8.081574091146225,8.927496992512687,10.292909884252396,10.34090644844212,12.402172618924206,11.684529276255308,11.481408402350972,13.024817482823298,12.184785028438704,13.124491675388109,15.81646924453805,16.75924460415049,14.476863706437381,12.662479577671553,12.120870808734578,17.525015640957466,12.484094677718742,12.067630340843934,13.196162882422074,14.442119877747206,15.983612732882627,14.815776253542003,12.777362046550333
4.931546607675356,4.35266240673954,5.376037952709975,6.528724352021056,6.682076676133017,7.0941662235677,7.267483700898512,8.00155787060309,8.548800978545767,8.554211074725902,8.258992382165518,8.52981462724415,9.724232989524685,10.421992073438348,10.160921265572748,10.654327503627716,13.238896809604555,10.00023535389649,11.414780445974417,16.560151275020495,13.704607175463968,18.07695115476381,14.73625498141868,12.351986032264438,15.970637885367218,13.104689900192712,13.155509313111066,11.438833840725978,14.575376676805734,15.655010227086866,15.509014061555547,15.921388905075794,15.627463085283,13.638220125887674
5.56549259187539,5.455971424286326,5.876883927196636,6.808419470330129,7.238494091939409,6.988167168785893,7.076846127158934,8.377934852567167,8.794822923224842,9.569823044560101,9.306578684879293,9.219489978806381,10.404659854302189,10.773797705087482,9.99916268280423,12.144058607164713,11.244126149676584,12.036275457289106,14.507399589986381,12.715413716308404,14.095500378785628,15.077724902889393,18.636397731922564,15.257927603255123,13.843258010355566,15.311669652413334,14.753662367783246,14.248711574875145,13.152801752682947,15.46459374247103,16.291986294391524,15.398987509369727,14.63313043630739,13.729492051467037
4.976004589493242,4.91140575303264,4.864230058714737,5.586115595877682,6.594869550025353,6.843902203973067,7.0947485021984065,8.08062791000449,8.82502062266683,9.903453331803787,10.017749736494745,10.707743485449692,11.170116499094,13.141498845586327,12.744740122903318,11.053673246614634,12.162246732639662,12.032196816703037,15.412828814526742,15.92714257189473,19.128433866644578,16.10731152457544,12.087561849611342,13.670805237321286,14.593614668823118,13.536510217061279,15.952432572907984,13.994299580563567,12.93726001481703,14.892644562544612,15.377543727978214,15.18778961342564,15.15612307575343,11.210822956853866
5.560880259556647,5.394257680025739,4.8417867375286106,5.595672946244693,5.768697272587446,6.753235636566086,7.319583231821256,7.534590959530782,8.663821598279425,9.615314283917652,10.83741806170859,11.327423671747582,10.768670381976078,13.820717841263647,10.848200462104867,12.069540848948401,11.854695905785553,12.15128288204987,17.400361617381147,15.805295868172005,18.66427845492041,16.472455722357417,13.661044542232087,14.271461475760068,14.16514779721032,13.817230937980224,14.705328262504121,18.35628212404848,13.270174204607573,14.249619036134888,17.044833048021705,16.582968011062523,14.415150345612492,11.034353769600752
4.874191687457622,5.368763620988684,5.1389192665608245,5.263623452886272,6.093453646700783,7.562716937328057,8.397132811264942,9.277663853279028,9.861839388427939,10.031978228645627,10.06999366492973,7.689289140663272,10.790275869047715,7.881442442482453,10.102726508924956,10.246687465275947,13.520392219776038,19.589923810994353,13.564453768026413,16.557580917370764,22.093111581963207,18.570448108803145,20.754240213713615,9.141520751787779,11.693408261538915,13.648974800178317,16.01809651596254,14.51447194122917,15.19366314476707,15.712756690035986,14.989809179024965,13.826718566951119,10.185914527665712,8.532154931312553
4.914952069080821,5.207726040780077,5.661432118910428,6.465031610479304,7.308932174968096,7.434427205234376,7.811794817324927,9.171915736847257,10.927518075783112,9.462502427133046,10.992123663732638,13.669351132476775,19.04776454578239,14.667633249751983,8.374849987848808,15.177517919449722,13.379715231849309,14.856699440315493,16.650702447715915,14.15969055724467,19.49087761811472,18.27626250238603,15.685627737060475,15.835208444495454,15.926509026267883,14.252546388293723,16.516453663592845,15.593289034383426,13.491406352947992,13.351701503990183,12.91458711666589,11.68773960537118,9.841143524165348,9.174388622584791
4.894617211638725,5.661432586346042,6.6405324721656065,7.424283197208251,7.795333753677253,7.901663747816875,8.59340393983158,9.095467664350698,12.570941401997809,10.680516226938334,16.5452567439329,13.72814495992438,15.064405238950188,21.667505424880627,22.622700259134895,15.189218662571236,15.525209748531482,17.55647528981688,15.940921291830929,16.312565955463743,21.829914612846018,12.744128685511352,17.906826692483243,10.21860301250959,13.285209955609815,10.606963169269305,11.448811819862893,13.097803621394776,15.478758934084844,14.73225387200166,14.873187262516197,13.183391983900883,9.538580916749062,9.79217764570589
3.61030124875215,3.9577461035171067,5.473604235739503,6.419761704629384,6.877281727647033,7.460954267902758,7.487575613338814,5.62698606111972,2.772067022957435,8.496682575255354,14.346708299731286,18.31324195964433,16.809967279241885,16.85011785657655,19.369883645086805,17.021619752039236,12.19589034911451,19.61255771142248,12.734619686045308,17.3725455669449,18.287483927891262,16.94647288321504,8.123742922967098,19.212768682023786,11.38869881069453,12.585689628677722,14.609581198403273,14.367636127029348,14.03082191862789,15.47287209822117,14.775323997418978,12.10357896632004,12.273790842998926,13.227415901119896
3.8298703909874745,4.157619284260686,4.525032646582747,5.470763075718141,5.63645096441912,5.313570850648979,6.766979063161081,6.6112460687262935,7.327385660893946,13.923745873032875,13.582707058297583,13.993491946981614,16.303228306415207,15.308047169556037,17.670517266198537,20.527570818586742,13.397535187821642,17.613817853428,13.389652681464852,13.550688289892216,17.10949174599954,17.70726049298771,17.009907150809777,13.11583982975463,14.535951771531725,13.102602776693173,12.806565633540137,13.382680102853506,13.13883777088612,14.971548667921738,15.19540404913809,14.18598234157175,14.56946071725748,14.467993815791612
3.6851170849635717,4.808394353766415,5.293408132034954,5.370710844293578,4.983159575294364,6.201996764015687,8.506766004492903,0.7021179912030883,0.9704717781006317,9.90421796101273,11.552615262675515,13.909934575994713,13.995220257920572,13.17346614826715,14.34654327311793,17.63315569965866,15.227574310550455,11.851036024702132,14.0312774374607,16.492106812210466,11.649265119513718,15.234505461622081,16.272889974544874,15.925954809761164,14.84889729749833,15.100502522691215,14.574610103492029,14.33495165331714,14.69826451364677,15.737715494229462,14.655660538281053,13.205262231176984,13.8352462858599,14.430649602281097
3.576164768205953,3.4621519231650235,4.316295697360969,4.602003843416247,3.8561926007177045,5.193598561784723,2.8627661262653126,8.689234038154376,7.2052768082054435,5.02692493011012,6.1551929824524425,15.837092173954037,14.433639593239803,11.158804857060113,12.683509287926963,15.489868229443129,13.258147000490162,14.39448345608992,13.272141819860757,10.812414235082347,11.15435602129414,6.661071100484482,10.63670511988133,14.67191987969035,14.540039308530053,12.00742148798089,10.787062806418955,12.25964679430106,15.024125140080361,14.527735631575021,14.089974566661386,14.61193492962385,15.279921059333846,15.200065598292298
3.2014688572777907,2.7076607057178603,2.542872811692607,2.0027569078087173,1.9626497266968692,3.6803124766449367,7.575003766255753,3.9789204745820617,9.958302343922929,9.674939789630987,14.674022945178484,14.037349284804568,7.242340245342046,7.953235950225412,10.281447518288564,10.67758829370736,14.911070787411589,7.7248224877336416,10.189525588214824,7.011916319521651,12.151252055642287,11.894351648833828,10.746898393953424,13.187545899494904,12.018638370427762,12.011142104503575,13.52293551682353,9.893378511407672,13.911289913043003,14.994593539994895,14.817442997585118,14.72816550335226,14.82569501896523,15.896887335794494
4.146279872584697,2.3378399008248376,2.3457584800715288,1.9976331815756534,1.1485157198643523,4.913165196522744,8.243861914808681,7.220318485638726,1.1098815159540791,11.470843923635925,15.11369430689829,14.334058974147657,11.84695945338661,13.415573639484519,11.526201242555434,6.164734792159386,9.42878324535042,4.443059305123343,12.592555344527229,9.756737699372431,10.136850030487839,13.09662518083298,11.271601227241593,8.074945607397462,10.614966651920387,10.873099082495756,12.967336486355276,11.80381378789678,13.115654820265672,13.011600963080573,14.668190149682431,16.020431043496313,16.782699755258196,17.52933995115562
3.0330406117842372,2.6336168326297456,1.2957669017820759,2.646423753890685,2.8583790426120617,2.2254719379074386,5.48788048929613,4.257088323875733,10.72893683093993,12.712248480034608,12.45200075829328,9.78544331906088,9.067446856666114,12.735254621712253,13.397767202539178,13.405140917238208,8.003545749122901,8.711855728343139,8.390209790335705,10.50312856126029,10.428506539569305,7.993315258045634,10.588366047498056,13.669657012040537,9.559357261335855,10.988421597225742,9.856400799155978,14.026813408645738,10.508666507304776,12.26501832368012,14.468100151751212,16.042166032887216,15.766890110906628,17.094137144750256
2.9947191356065104,1.1503158446378323,2.341517715897116,3.237275701775783,3.6564045851034965,4.651623818207967,6.524251471244026,4.386254551088546,6.140030035935213,15.64498568533811,12.041135725504349,10.062885551640498,12.977746128126725,8.744924978418418,9.04857668645009,8.493739627959052,12.389040528078162,10.400526717926668,5.724827701154367,7.6625169030689735,9.760704898473161,9.716046000335206,9.264804574074098,9.191306515723335,10.585436734270411,12.117649253997671,11.697988152729677,11.142639155794301,11.051640322720944,11.54387473342415,11.433916880986212,14.07434535834914,15.164901856960412,15.399182742563786
3.754384854304795,4.47031228714363,5.2348338594894805,3.3798526179433988,2.703309127539128,2.563082599633835,0.4842541461207688,7.347580069551189,11.819190162534333,12.784531487960454,10.78349833520511,15.587261056308217,9.243160112418208,14.95677956465911,8.85167347813061,7.884458354680531,10.724567513037965,6.141135157797463,7.170400095058967,7.285277790769472,9.62773499125321,9.063283119755301,10.158952951453678,9.704812553095097,9.186727542148063,10.06011771277981,10.802333059597192,10.422983358725329,10.89026836194679,10.767950590003032,11.041004184212282,10.930279993444374,12.773036242043071,13.274040554019166
3.3421984450696383,2.6191305448837587,3.3756848247066116,4.052818096443932,1.5795253995209466,2.1554160558929736,1.2835123869239025,0.639952460884186,8.684803731728564,9.74967280271008,11.571793849183528,17.26522126255297,13.28443946427305,7.13422100095999,6.758943939675433,9.063494808860197,8.405725431542525,7.186527356927544,9.227713365431109,8.689196468691764,11.158593177282699,8.968010189510979,10.288595284343169,11.783597811392582,10.688624761238808,12.17513088647077,10.734003979966856,11.32283155429982,11.806176677751985,10.27027123815269,11.888263538221683,11.318764483305776,11.143137799145212,13.333104871811416
2.6864783578940408,3.2564698660859066,4.474289674477907,3.5704458008713704,2.779505605660552,0.4620600425482846,2.5282631125502135,4.2323047196982975,7.806578312009601,8.741733559974433,13.875052505910851,16.140877770455276,1.9630094324252003,8.018188577905043,6.314745653075236,6.6143226984750365,8.150861659432898,10.417833428545276,12.107684115032809,10.275045131787468,12.378448535476663,8.814636654782696,11.10400475465608,10.154831701324937,11.324272272761926,12.427596611100578,11.40295037555099,11.207079397768718,11.75274146003833,13.778480827681099,12.875265685658801,11.614686126332991,11.204704423453885,13.735575794588632
4.333832096405921,5.288335774573978,5.0514382742461015,5.04332214723837,3.488794334017098,0.30416359124516945,2.5417387328435774,2.950035297581092,9.774759180342937,9.464178221824328,7.801176955368748,12.392200113467194,11.309789185577698,7.160408691512198,7.263095341279433,7.1654463868421425,9.466475216835418,12.122671015122906,10.646896343826025,12.1585774287794,9.907170509203688,10.391015628886562,11.13454754862664,11.186939994612697,11.674463551120978,12.062605549457704,13.885370074550485,13.071205233709707,13.005574762891722,11.658366769763202,11.886383645808356,12.44302260712622,13.63157270525647,14.652712157873113
4.146846221290234,4.131139296045377,3.794532218792252,4.424354822368469,5.878885201966942,7.189947114206109,6.5792472295190185,5.173960594776459,9.669850652433196,9.918327231628517,10.305509302318628,5.115012765022352,10.459393363941317,5.713038462109032,8.09188934453917,10.995176159504727,12.49045004119687,14.09242833758582,13.054263142123189,11.691618800299434,10.912925733026727,13.058672004092402,13.006459850511074,12.166954086772662,10.737621704865928,12.50535413574954,15.12893736339295,13.855501284068781,12.746186834970528,11.883106422508956,12.934135293936004,12.425040809581796,14.909332983981605,16.77228143048922
2.48305258108865,3.2967457545030068,3.0265360793147478,4.216958847636478,4.802574235801358,5.146265127506244,4.930411426172472,7.989525505079719,9.915588664539028,12.23827882061691,12.055963218789786,10.079122622793998,9.06178067684468,5.7826744744424,8.771331193139076,10.956472269419615,11.513526101147546,13.58706807109124,12.610711424877936,11.84030469926881,13.116719371072966,15.62200347886192,17.119635930366766,15.113072189667717,12.399523159186858,11.617183411127467,11.561808426055602,11.964055795075705,12.42898637425005,14.043597842897544,14.91946719497911,15.421573828603734,16.087032450542512,17.1941017518192
