script/wind10m.json
{"header": {"parameterCategory": 2, "parameterNumber": 3, "lo1": 3.000054539987559, "la1": 64.9999836372058, "dx": 0.5, "dy": 0.25, "nx": 34, "ny": 52, "refTime": "2025-09-24T00:00:00.000Z"}, "data":
[rows 0 to 23 of 52, columns 0 to 33 of 34]
2.7978895578291674,2.014826238480188,1.7772506481207122,1.638794920842076,1.174151038299914,1.024734143375079,0.6219420096725423,0.38609463356923857,0.19259777840123857,0.08620555777423754,0.3970504606080236,0.6957309311322053,-0.5481599902010158,-1.8002730194143,0.3746379761687372,-0.7941947830551204,-1.4268405808600055,-2.7403357541522597,-1.6348352822300647,-0.19128553871010476,-3.976720711781669,-1.663784764584792,-1.4518911858421764,0.6902526287979157,-0.03970408016145817,0.3213906126454866,-0.008374965247634007,0.03665143286338731,0.3452460860010165,-0.5370506310709826,-0.675221812623152,-0.6523748974419629,-0.7354256755879494,-0.636095456697503
1.7027401892583034,1.4370377421345193,1.7382101161919838,1.5091388653786768,1.1061936922437625,0.43034558384443816,-0.07239653851326479,-0.5800362662747356,-0.46840718414636895,-0.2241047900059232,-0.17650048821764466,0.807792003037393,0.7347822034784722,0.20129581475870922,0.16330256151907724,-1.3511289668335096,-2.448096605519406,-1.3848705415504605,0.6581818265467632,-2.230729015499444,0.6448609806967676,-0.9401084341867169,-0.8943402554194522,-1.228929817961049,-0.015240137202329177,-0.38983525900063387,1.1943067396757592,0.18435399499881508,0.11374527201464361,-0.21324910159402435,-0.8883606988267344,-0.6936475596419603,-0.8956910148231241,-0.9099188743951483
1.4802379375089052,2.173166676441582,2.2774250742029762,1.6471383706366691,0.9174230371026907,0.5258149011658435,-0.38628763636911034,-0.41257892494837445,0.33909104243632765,1.7733979354339047,2.1228395724466,1.2961759509925528,1.3740767598622547,0.18244516200078048,-0.8322644723301186,-1.676643197193278,-0.7234544195055463,0.42268594305213475,1.2326650436662034,-0.4626492367422005,-2.4633937327811566,-1.9490716268736659,-0.3534398314086839,-1.4745524512020294,-0.7573839452081317,-0.39271577279282166,-0.027058296366462363,0.1366545126984895,0.141029141326899,-0.19378215213575692,-0.6011063736646308,-0.43357642636146526,-0.8377409740420562,-0.8068230446265475
2.2355961912552305,2.813693502512797,2.5960177234904767,1.6521942240975136,0.953362519253877,-0.21549292585484062,0.3000374403154027,0.1306536534489018,1.0295344151070613,3.8504706808307,3.5620725481025666,2.4922437267888253,1.3583183759281707,0.12206491436203773,-1.2213976773354245,-1.5722616489012564,-0.6275380711991722,1.2028116372071094,-0.3257072809459025,1.369781594043359,-1.6063805966665106,-3.2155345404302684,-3.6949835507797815,-0.09947305016670253,-0.6094079193149496,-0.379033793314261,0.1292022581860282,0.053248176531813525,-0.2715602493931048,-0.024946233292670247,-0.42031182369126857,-0.5385957880557649,-0.7831359379678098,-1.3338817473136173
2.3059340096163656,2.9487681898148255,2.585035939159673,1.8309454218783443,1.0966560430749142,0.7666877279693708,0.43810837964632093,0.942514227794831,3.636898087282389,3.8799674993199926,3.5054135242023396,2.1745011715236346,1.1585263625066207,-0.2917529114214263,-0.6195244237537808,0.04631071179868881,-0.8683214513412199,2.012005551321714,1.0568384465989977,-2.6920411203101935,-3.4672021374013124,-4.698208064037796,-0.9076124516756817,-1.4886772679858242,-0.7214576116095268,0.03961265862044866,-0.4927770863771578,-0.4949432686216617,-0.46860515957318705,-0.32396193599321016,-0.7219154724764214,-1.4731792593706874,-0.7740166958724995,-1.055074985460641
3.5382796175379987,3.499362452614509,2.3940126480635464,1.9803029537852244,1.635206560029473,1.29858745980123,0.8090918779795911,5.105962466210536,5.063989877800308,4.523585892817734,3.702148615138922,2.556881835796734,1.5642508843633143,0.26250341290469453,-0.04922757352439165,0.4220627540637062,2.103911487793718,2.50244047634344,-0.6288397696382845,-2.947602939143722,-1.0726166255250336,-2.500367027369831,-0.5259933713397632,-0.37259057027155845,0.22158111455111418,-0.021322806603580075,0.15144880010846007,-0.2638639614615498,-0.5255373092968546,-0.6832735084156499,-0.5661933624738175,-1.4586831760115877,-1.2426183323849003,-1.2767640436132346
3.51175932509552,3.012787114068929,1.8380412833007433,1.548402564018996,1.4462186982003837,1.0636983212355173,1.3332717969344954,5.134872246795085,3.9443577546635695,4.599520660153616,3.2322521289842787,2.0746659090343185,1.3400939473872666,1.3128048746883758,1.2571347607439776,3.2571521137126545,1.1922228476413483,0.3078706270493207,-1.9466371906403823,-2.616606385674566,-1.4500795082275846,-1.116233071847778,-0.9532425125004877,-0.13976992612204767,-0.23051754697463955,-0.12675152310864066,-0.061220628421451304,-0.6976403382942445,-0.3283090701761526,-1.030878354963197,-1.0704765529137794,-1.2146793845205872,-1.5291229561557749,-3.8457513718535616
3.205728394015276,3.044472219905854,2.058069009259395,1.7799079754220104,1.6317245478738474,1.666540258334571,5.3527021648761455,4.533804907822978,3.8866705085704787,2.931709043318359,7.049820712878575,1.7941311037715577,2.168422146517705,0.17171270174318928,1.5959349383397963,1.8750456418808348,0.3379267422746529,0.0055531173898017904,-2.1616308631361885,-1.5702080118792885,-2.495244949776054,-0.7604147144171225,-0.6245089084668838,-0.9897287836919182,-0.2854143519572322,-0.39556166622413785,-0.5281966038624933,-0.44705247410388615,-0.2139585115886666,-1.205861080357079,-0.9628363631583143,-1.4225545947969072,-1.7650438434440785,-6.344197121354019
4.1936923584040295,3.515542762278515,2.630733730717599,2.355146161886751,4.548560779214606,4.6246101544457545,5.067377282811032,4.238034736192178,3.3040126674924744,2.819489150555112,2.569279485174357,0.38697914008070755,1.9044345584951672,-0.7654182422305196,1.0520243574789152,-0.7103901512991713,-0.66503422718519,-1.43596349897366,-2.0093477484441262,-3.4733944047056298,-5.578443566288925,-2.898488608544503,-0.7353275081750296,-0.7957113855042294,-0.27552004010021064,-0.4642840536611338,-0.44494738635056424,-0.2031707884626049,-0.4490064315525952,-0.5773766989429634,-1.460623597781061,-2.0941176002935644,-7.283756674017391,-7.718857107000644
4.391573492683368,3.811290771451635,3.375760926804205,5.410078663347787,5.444473626558772,4.59692514053085,4.431593827373849,5.9906082256853885,2.4890001129363344,1.5596281835160337,0.8814872215512063,1.0788351997006227,-0.739226333490301,0.8931990288844504,1.2077688161257807,-0.2390496329224909,-0.19520956833560604,-3.139349855799576,-1.9481650485741293,-0.10380463042457007,-1.083086894886174,-0.7192039004264227,-0.48628801433328117,0.5344014713237927,0.047593942148534046,-0.7674643410399717,-0.21595688990075093,-0.6346281723403833,-0.8330711044479608,-1.0404765996947518,-1.887778772420132,-6.756053574548514,-7.599494915750196,-9.087592074723952
4.630197655708657,4.3406062898831275,4.6938539399719845,5.296031198623712,4.798925530093764,4.322157019095592,4.775655324132987,-0.8347483813696954,2.15498629646574,1.305308267710738,-1.5300513541762144,1.425850048192942,1.2365786062836526,-0.9897854489053407,-3.0032353449431217,-2.831037939626916,-1.2321433306973946,-0.4326630203300764,-1.697270443457622,-0.945211492165219,-0.8456214593512019,-1.5132346926208124,-1.5580269802189324,-1.1981138828800333,-0.43368005803330884,0.566037789212141,0.004587130267539473,-0.3517242291799289,-0.7077988954558225,-1.9146156764999145,-4.238684991952028,-7.603980538545695,-9.120287257589329,-9.200132369852684
5.331284633590457,5.144598739935885,4.563086937986102,3.7807409354970316,4.662515722983747,2.4478482751095205,2.942693015527249,-0.1578475151778286,1.4097645102822058,2.0317558055803997,-0.27343605222028894,-1.4971676957208244,-1.1181691819333455,2.4289181647646454,-1.8748023895503987,0.26448138985245373,-0.16401522172542893,-2.320149157048764,-1.3948776685665452,-2.3530219565097963,-0.8674196872514414,-1.7912951793133893,-1.4766686584330175,-0.5271884022759751,0.1356392079933623,-0.4354533113396007,-0.5676264520123708,-0.6922103003871443,-0.9984817193351281,-1.3236183332600406,-6.373629927555117,-8.031480666594199,-9.293259740242766,-9.419267946172093
5.026773892561398,5.023450895407118,4.017727890168101,3.9123865562584714,3.316231063976896,2.631398229236399,0.26934052091259736,-1.2114238579554746,2.0497817179880293,1.7961710019013175,-4.007262879351721,-0.11910082673279684,-2.7464928168535483,2.985526044287847,-1.0820734209958125,0.9252884801937546,-1.9666735508842712,-1.9823574772455228,-0.32784038347714656,-0.5809528653366162,-0.21711845394896373,-1.0191430538249708,-0.2005210399421877,0.03192487611910994,0.05176700202928403,-0.3082485297046036,-0.47345436904693694,-0.9065759590083666,-1.0008097552536215,-3.058351747698855,-6.359168454333178,-8.88682233430226,-9.942423133177169,-10.018973460191715
5.138681446924799,4.489774966358082,3.6409519587921313,2.8438319666487017,3.0926813723097646,2.5863368869296184,2.2587213565866793,-1.283924764492919,1.5761153224891722,2.1340372877309823,1.3806830650152533,1.1355206591642022,-0.5357365017333446,0.1848210003456549,-1.2131558764145203,0.44550484718384575,-0.9516142309341707,1.0463990401305392,-1.2604142822199351,-0.4166027758661471,-0.6368839204006714,0.47141328851099146,-0.21300525391467942,-0.18336997035455085,-0.5026345422825463,-0.47561382030980914,-0.6703269055524367,0.21127989343950923,-1.2971680498743383,-3.891034907843052,-6.118968757173794,-8.988299900549205,-10.01589249755233,-10.37739200438778
4.34079991752143,3.174432437605104,2.7979925177932374,1.907824837064446,2.229244236978088,-0.5660705932468483,-0.21338298710717127,2.65712345353838,-2.634603677842241,-0.023919189352361245,0.22872171261524013,-0.9867603255987037,0.24934493610216968,0.8463184065453202,-0.8307905532356038,-2.286475768559638,-0.07908999424545503,-0.22079843117381442,0.2591059494523214,-1.0428501112721664,-1.9468405682911007,0.20865506187219374,-1.3721615151526934,-1.0116354046132163,-0.7446880410390565,-0.6253555302890073,-0.786781492142328,-0.5461452880929888,-0.9195479710956248,-4.8594098790848985,-6.674315832152728,-9.067063922111847,-9.091603698413165,-10.288327873382809
2.7244313583981676,2.1244660895106424,2.6040436572739334,1.3364940140424109,0.0604091043704578,-0.9742806241770755,-2.1103181227026075,0.3683821719479129,-1.250848779213626,-0.4097826940812912,-0.5015743559560522,1.0042619167309266,-2.833554676140681,-0.28198204635851604,-0.2558403007444247,-1.5848648656881799,-2.561462764781051,-1.2600603791943914,-0.979377880489629,-1.029278948882002,-0.49626750018595445,-0.6535467492236317,-0.1402585086570905,-1.2644583639975713,-0.08596776087415381,-0.5919363708689297,-0.9177375590177118,-0.5587338382400805,-1.0657484159675463,-5.763402027553664,-8.154526851996392,-8.97068885013376,-9.549085638485161,-9.87879206171918
3.4060955592376767,2.496623253127051,1.628766344971017,0.3693987981503012,0.14341229690865395,1.0375292979309134,-2.0357711149103075,0.8466635612585849,-0.8159106860246527,0.5438940384431321,-0.6027506195702357,-4.119270693357606,1.2568794270285741,-0.7818016542510107,0.5406257765467057,-1.0402181054694977,-1.4716648134982735,-0.6719137495982205,-0.8039350690633406,0.07193402306771368,-0.7360134807412222,-0.7202988549150379,-0.9658223586409089,-0.9915849623141856,-0.6467426564521502,-0.6208946811157718,-0.8573365780688659,-1.3054259291263532,-1.9372848038820512,-5.357905342253326,-7.864145331791274,-8.628728878540592,-9.57462037260217,-10.782641033781267
1.6764757688853777,0.46448372399632065,0.6785980963211764,-0.49936267917599375,0.24570866677654762,-0.635484215741815,0.6159035538100357,1.6947496306162873,1.8143635102113218,1.5011629496669698,-2.184370960812607,-0.8809046890578678,0.09219112183659427,-0.5230868630990948,1.1255656539006629,-0.35186154078014636,-1.4210115392892047,0.6758676860644551,0.04337866164576174,-0.7398082915339036,-1.0737716630597918,-0.1611873731656918,0.12806918305456572,-1.1775421272141475,0.49221159007810283,-1.2996999127742939,-0.7972451918453679,-1.9094383568323534,-1.6788759030852463,-7.991384384144673,-9.373700065926279,-9.795159019354864,-10.086489867423621,-10.274021341727277
1.8920871474547836,0.17155948410201818,0.10211113950022462,-1.5694911270670158,-0.34135176488917707,0.820291645824871,-0.8465480915479842,1.0230148404489514,-2.251733840351881,-5.421415889722469,2.439736695386326,-1.2184463224447617,1.1330219735118239,0.4692366016689055,-1.9955405740671321,-0.4339072811344464,-1.692717602057726,-0.7244886894034112,-0.05920345889958342,-0.09433085673796535,-0.610827628971547,-1.5997443901595831,-0.38243691718696254,-0.025444215215268677,1.3022735103304028,-1.0241595674057156,-1.571571441936746,-1.3130907493028057,-0.3649915808482625,-0.6551809762054732,-3.3260582364495934,-9.616089130400827,-10.51790430322789,-10.717746029042814
0.7009518470125279,-0.02866737243703336,-0.7690517299422056,-1.8084217059778671,-0.41453297063170186,-0.1758406691838864,-1.5076169245380238,-0.3567905241916913,0.36630206370380775,-0.7544937084123121,1.486867387246203,-1.3478102865531907,-2.0503199006891624,-2.200394379199617,-0.8704431184821183,0.42362780138798184,-0.6490035585378108,-0.40358560664972704,0.8243527456558205,0.2231999714711258,0.26275212643706053,-0.10641725645031928,-1.0536939688229237,0.24955719188085582,-1.4981347433895738,-1.2636636780267003,-1.88426467104779,-1.7866290199545523,-0.5954448370295458,-0.8241699674521856,-0.7960354489045587,-0.573510271061197,-9.52223635526551,-5.784611726931723
0.6242831817748615,-0.6607885908651115,-1.4202687784015855,-2.5454864493199603,-0.7678330718336865,-0.6268048547104262,0.06753162566303293,0.7652562348676849,1.4193934646409998,0.6774148790719795,0.6833134203074486,-0.9443928955300545,-0.0883122849900195,0.0777154329924006,1.334021595168657,-0.7971706791927154,-0.6796259180573989,0.9290680627812212,0.3826951045685809,-0.21259531957817843,-0.3308424981341538,0.796310055054198,-1.5652404382872966,-1.1268921566346075,-1.6528678933969614,-1.3466857512846944,-0.6976585223701527,-0.4971975608937126,-0.45706981465113805,-0.9798089879960398,-0.47416933394547267,-0.6509117944047502,-3.9891851158983473,-10.20153800423299
-0.14163041321861425,-0.8101288425482123,-1.7838620866675534,-2.988335188015434,-2.108963472920574,-0.9086412802958961,-1.778019245667412,-1.606451106555497,-0.748857478549863,-0.55145997798592,-1.0350719530634864,-1.4358534178299556,-1.311122860422688,-0.10452377730845694,-0.5004513142138978,0.4880090062130657,-0.014905995576430582,2.2210770682871037,0.939587512985642,-0.6257840114368947,-0.6356942236891081,-0.837486914758537,-0.8847144881183695,0.3302763482615661,-0.8835393808343073,0.6595724551056245,-0.1457279445899994,-0.3437139695324068,-0.34707180920907105,-0.43692810724794967,-0.8094566605345955,-0.6413009616568381,-1.0694918062380432,-6.441378691962488
0.26254806909479916,-0.7523020076927105,-2.0992620279023586,-3.423319739724184,-2.909770246724618,0.6549711812159874,0.062266230107682626,-1.5382461409625174,1.0646247500491088,-1.474251405471126,0.6633572480089922,-2.2191179784999586,-0.6681204849654006,1.057030928789444,-1.2172653954753323,0.12202630987407767,1.44537079342145,1.2702027021613458,0.7699387799079267,0.011718403702760005,-0.006044949962500767,0.6212350830735308,-0.7730667786005625,-0.4326585613402409,0.659420381746094,0.0018796069805223324,-0.17462707115444034,-1.0208575841198975,-1.1437549052681009,-1.69163635483863,-1.1526883757007924,-1.9234466461069502,-6.202925460617744,-6.41161283220234
0.3549565198941839,-0.7906356648353897,-2.029239918947928,-3.454412871163472,-2.3874872393551256,-1.7475165740914536,-1.1732701947697983,1.4648959786558768,0.006638301422798285,-1.4056977625432148,-0.2549575286610177,0.5907044520886914,0.7686990689385719,-0.12860450266522355,0.08132638431867804,1.6491217534144498,0.7439797045808896,0.5096073288975961,0.045280714907687813,-0.02485640744355787,0.3163151322056017,-1.7439364707048703,-1.743365807740801,-0.16429451009558343,-0.6153127702507012,-0.32036770682814997,-2.7307303467855513,-0.21569081758257663,-0.015511122050806108,0.3233884143152213,-0.7752593885654561,-1.0743417410269984,-5.229069491016949,-7.355556181911293
