script/wind10m.json
{"header": {"parameterCategory": 2, "parameterNumber": 2, "lo1": 3.000054539987559, "la1": 64.9999836372058, "dx": 0.5, "dy": 0.25, "nx": 34, "ny": 52, "refTime": "2024-12-15T14:00:00.000Z"}, "data":
[rows 0 to 24 of 52, columns 0 to 33 of 34]
15.442083805865977,15.252048143661009,15.14893949781147,14.936950747267753,14.581477858216788,15.142218255626316,15.861993800465262,16.45414429666644,16.53364216908718,15.494831717841377,13.423448882070804,13.261156094766605,15.966356554140987,15.92308188269162,15.566138151650385,15.116873706073974,8.413624397287002,0.7480541387571017,-1.2661977246442053,-4.099114365683298,-4.185568607097263,-1.439643619850591,-5.250675560606105,-3.431848619849151,-2.756277694830999,-0.6398762013454206,-1.082608735214288,-2.3675197973065494,-1.56173729313731,-2.2951278082464217,-2.1872326426673023,-2.3086414413865595,-1.561542162051852,-1.2784328026498364
14.993812026206662,15.132530435632132,15.128338713419408,14.911736840050656,15.12090744304956,14.898524339655749,15.18367884477662,15.713685127949534,16.29281267489929,16.10659023491736,15.794950110908426,16.068606416410848,16.810644814515488,16.135207429985215,15.881364613447778,15.52031775293449,13.4965244137078,-0.1201745597801073,1.605888331633684,1.4628667520790273,-1.739536497965954,-1.3041238100852082,-0.14175834840502324,-4.942719774975326,-1.9939110417479784,-1.9877684826497506,-1.780891899650817,-3.963586960161186,-1.982253499574606,-1.0643961605972416,-1.321424043128891,-2.0668519166078436,-1.8947260611156544,-0.7520699137986454
14.868074321592058,14.674697168720533,14.189902843488833,14.608646574774177,14.679744312794623,14.741123027755318,14.375535583353676,14.86500243617529,15.246169535465327,15.220626759227242,15.754585178394542,14.14493986955168,14.299592603481754,14.697935311383386,15.086056976329198,16.904596715556913,6.584170417947212,-0.8948682662861902,2.0420424979893714,-0.3272451654007973,2.1307418675019245,0.7240122507106459,-4.719281879143165,-2.28113635895195,-0.9801087656925486,-1.1935069488847097,-2.1418286452517554,-1.7724194604109518,-1.924182364943107,-1.2561041053011814,-0.7652305941255898,-1.3441249302831553,-1.2600498547708676,-0.9524341450494427
15.003896410338365,14.433444708426826,13.726444674972592,13.84200770456333,13.952982400305855,13.917094038379556,13.606890210158449,14.141084908613669,13.680603636898319,13.770037278887209,15.64281841877049,16.06966822364161,15.404377361041792,13.110868612445348,12.940458765649652,10.073910770474264,4.783985564910678,-0.03760257832690861,3.139173568738141,-0.2792328979005312,0.20797868032282624,-4.929394901139246,-3.594434886350528,-0.34506608760808705,-1.7678378511391062,-2.1733435215234738,-2.1887969480371186,-1.9806436310357798,-1.5164598699089498,-1.0928866898800567,-1.25230911837626,-0.9535069478517171,-1.0795796894527112,-1.6003196320118933
14.708128058970107,13.42490892763495,13.496246926856632,13.145146513578329,13.35785793616592,13.949605990338869,15.859241986526339,16.11485078092648,15.141274722115838,14.525579771364379,14.341259012679235,14.925643829482356,14.855548890142668,12.578504718907588,6.777881774820979,6.193888831454147,3.8906319618248126,1.670667365216064,2.6380347447301538,7.066806703538941,0.6716335932043382,4.280754902553711,-2.095836462998201,-0.5318621336656548,-0.6479510271945357,-1.4653905870131008,-2.7351240887923236,-2.571964626341969,-1.3293503125667556,-1.1933839215831041,-1.517550418866698,-1.5678525924388311,-1.0294988152084363,-0.7477429998490898
13.941940379303293,11.84729661602815,14.039748430182772,13.494869186474336,12.838381794178702,12.437401376307928,12.623340841588687,13.374525781578818,13.897515623534641,13.604216818206819,14.26460632800411,14.610251930843413,11.79758537428381,14.339611157690527,4.379952291189874,5.260568045793809,3.3090553802882785,2.377893031938654,3.839614432349202,-2.878167953511598,-2.555326824656413,-2.7936428162965314,0.4140533367185296,-0.9639974060246989,-1.43150289150731,-0.7696766150581684,-2.5445193437132887,-2.9195751910898613,-1.3073164761240479,-1.683685801217049,-0.697810439188416,-0.9357221767764986,-0.4534913271701796,-0.7461002498335436
14.358817797076158,15.103799501746604,15.067884614924813,13.813626484916668,13.850347518140142,11.967596964040252,12.695794347803908,13.110041505487178,12.85824851109686,13.053814015551218,12.328473346315256,8.438621479813207,7.859718428673847,5.774124912882975,0.30310822755312483,4.194278875835979,-0.8769694144763827,2.0267181017433167,3.6420960804546323,4.269969626322841,3.6295252273507086,-1.0327871124261492,-2.039078587473262,-0.9636906701101505,-0.541723361233392,-1.09607195127543,-1.1167988309801544,-2.1643922581479678,-1.2518937159531829,-0.8648449362226975,-1.138447339658461,-0.5772324596154625,-0.6529232071831836,-1.028853339065047
14.565999544833412,14.423216059675518,13.908556090343161,13.482742979760403,12.634830120539425,11.438910363592123,11.652111216495415,12.419957053599568,12.446991205532875,13.058562295777476,13.912085238371663,1.662951016692705,3.85748938351603,10.420599318788343,1.2967184367124147,1.3637440385108035,-1.5663955558563414,1.9912700290547225,2.4831821600719377,5.590000810395197,0.8689971469491607,1.5066840864244082,-0.9582266917761376,-1.342352364258967,-0.84816136675807,-1.6126480245517896,-2.1114402118310807,-0.4161883826813948,-1.4932710561966855,-0.6954992806803362,-0.7871647561230775,-0.022456103994982664,-0.5910755527533224,-1.977441824960023
13.381728712268936,15.133337716669903,13.96812859734516,12.893440603532692,13.839579135711134,11.250473780508761,10.087925244157777,11.23723003431823,12.11755776535036,5.830569425446844,4.353527122663312,1.4683129895849505,5.9079835015599445,6.597247975452325,3.09067380456381,-2.053955251058883,-2.7510595366275323,5.11517262985012,3.9291726149749335,3.5082477406592,4.674903944557407,1.8779821423816732,2.0896181723250082,-1.1112541235499678,-0.753899463250112,-1.2502381266570957,-1.1706691688961377,-1.2251639472836624,-0.72646980115434,-1.0964144250442889,-0.6231451888093924,0.5847097212131054,-1.437171975394551,-1.2657350349937262
12.819540136179908,15.073880938378467,13.28363024284382,12.837553827480441,12.999251229530024,12.650400065945428,12.60009762698574,11.467096891127918,4.41497902300752,1.224657448683292,-0.6265679334464959,-0.6398491478140426,6.014266158862821,3.9565859289296053,-3.5647550599247575,3.652520939060239,3.6286774979417724,-0.4795154879101012,1.4540474775960328,-1.1347206826796885,2.7468596246169064,2.503968744825769,2.17125108268697,0.3779882772943762,-0.402166120739485,-0.7769364544707967,-1.0143467670502255,-1.125714736701758,-1.3754463848694145,-0.35952160787520526,0.695106701048596,2.9779921985594506,-0.3721364603516828,-0.669937429936038
14.03484894169789,13.642058786177353,14.406713402369968,14.22890217147892,10.220342937798096,10.722044207950166,8.90248232231354,5.232716697858642,11.13304836399012,-1.0809164693701936,9.105947898991616,1.7935538758109113,4.702713891625921,7.746852928130811,6.924929641969459,-2.244154629401091,2.575665351714547,-0.1312157826264488,-2.1073060932178675,2.6147532849643724,2.1123710068481167,-0.8938883910603139,5.85233783409252,-0.6544498663562929,-0.5357892773603027,-0.815925567877972,-1.6106437825019264,-1.4701514994639084,-1.2644882229368226,-0.9602377956044307,2.900695614039975,2.966072230033538,0.3107865773524243,0.0008122944504464244
14.998122532598082,15.390061583429063,12.684899665480518,12.80722951806656,11.73642412254212,7.036325877908709,3.890193236993744,1.4571192000656958,-1.2165920294708468,6.609034043648313,5.106598042131174,9.411559516893115,0.26833420718441514,5.628923234322431,7.637329554080113,-1.8204153828553622,-2.45821503587224,2.5395648590738,0.27001143347417433,2.3504102817326062,3.8979235339325373,2.9565708247787055,-0.6091323503369099,2.2438786792013237,0.0003642906875947373,-2.002707660057496,-0.5781790402576548,-0.1820004404509464,-0.022486009529303255,-0.07332285458134744,2.7104082093881394,2.7353998160916793,0.9467477827762532,0.7360745767143216
16.135933213342362,15.545973107728896,14.12970824100316,13.227312455257167,7.778518956518293,3.7242949821371703,2.4304833055195676,4.388152723792914,2.0996941375491778,7.636348166407584,5.8262375008750285,7.239788635984288,7.143385133478503,4.477991311414383,-4.49795761446201,3.3369327335726804,-0.6748690732907711,1.6107058008739097,2.549305475109633,-0.07821982306226345,0.8862624541822579,2.7440679801167063,3.0513828757406727,0.6555246278749909,0.17192744859098594,-1.8079585864812417,-1.086556518702365,-0.8895352780165168,-0.5724013258778204,1.5635522630669234,2.547857320744726,3.0304635930617345,1.541940581224074,1.2691156875549436
14.865543090949423,15.197795115413623,14.483276446013022,12.42530069098313,10.122694886955518,11.097542810446159,14.666633580357898,-0.4998569057874074,3.367960582133994,7.520641950490419,7.8648799305541655,8.575668978948013,0.2182421316086537,-0.42585193494491125,-0.19255428009303585,2.905879126446622,0.6743780243777558,1.8902062169886256,-0.19706716567677218,3.353286687816969,-1.703613759144454,3.9729330760549564,3.7378295541996707,2.7786432865914943,-0.2846919792903409,1.083843745405579,-0.7188099078225718,0.7009673728908427,-0.3789965362993847,0.4994392576874754,2.3598116859048,3.729727609175284,2.1747896228322805,1.9097783208876646
15.173605090992591,13.863295412694226,13.904580526068253,12.204459805595373,8.87293455113538,7.318789443003595,0.4556274660326757,10.857298368793733,3.8311268321631657,6.879449505736208,1.4906058710579049,7.088688451153454,12.609965674983094,3.354542056540979,0.08897992997968644,1.48410042842522,-0.3550693216795051,0.02330717638964225,0.7154820023574349,-1.5622750320179506,0.8684882423130464,-0.4271099909938618,0.5467173243822787,2.7555849493001308,-0.2286788954971613,-0.5088741550008716,-0.5833131970486716,-0.37796320814693607,0.13301757469863795,1.78807414360273,3.0645842935579557,4.733587822198803,2.585130026087939,2.4848249521220334
15.605962392761162,15.229847582478424,14.348365263540778,12.524106449324638,5.7824408841989365,6.034696769475387,9.798886031834364,1.1919050576267618,2.98954929763725,4.624120706147432,6.7872206989585,10.019333496608223,-2.9674023112560275,3.3990445142618584,-1.4328830663401824,1.6873274538849625,7.133709930925479,-1.1338551324191324,0.1656948943316418,0.2210355233139893,5.197869597946624,1.1354483631154204,-1.1835652170283721,0.3181945810895786,0.389685440120841,0.10905440546878012,1.0073855128876557,-0.4608531983950871,0.1554562385180198,1.939540117065571,3.6070890904509976,4.583858665079609,3.9628231936834823,2.6415688621315843
15.668458885060504,15.712332291768556,15.592182668647858,12.386304246392775,4.619385213170312,7.8855059784706,15.997583544050494,6.503276442412224,-1.5539302514955522,3.1012785566690058,8.109894469916604,13.462687105939425,1.8700517602505005,-0.9914328816511035,0.5336244146899207,-1.7578434213628984,-0.09854401875322481,-0.41405252017882876,0.6964926273745516,1.7512363315287354,2.2079149560978757,1.8763286143788964,0.270182310553409,-0.26307073403907033,-0.04575271633771847,0.014915399780562564,0.9732778582116065,0.7607399094145293,0.5602094212850672,2.006400292052448,3.721639613500342,4.715148173134797,5.1321732965023195,2.820772553912251
15.442211341417087,15.849244115033443,15.118980230835877,13.86715630372318,7.015911867823853,5.645845057664068,9.531731804483533,3.5330870695218213,10.138850136120961,9.152843936826015,8.288865343852546,7.4523285181480174,-1.4390076320603298,0.8935072294756398,1.4806241964371725,0.8349966312319218,-2.9414684048565736,1.1432574490496399,0.4371220092966436,1.5356268082416944,0.7738543164480379,0.4521282319034399,0.6552336269065621,1.755751433906883,-0.904444133896601,-0.5237767448542777,0.07070475902140055,0.19735192857950679,0.5809622284799518,2.185413479426082,3.7646995851733602,5.113294412018354,5.244337594056188,2.7754594209797596
15.581645485429723,15.73065967704579,15.440023049648229,14.467686212175973,9.30807202547524,5.506273648058309,13.956877296650646,6.113444155186857,3.8970429888302838,10.310617988795727,7.255143460079716,4.804492916415955,5.419086481873363,-0.2758711346192368,-1.3805550843406762,1.1836664558213883,-0.9814068904744736,0.34767848130134776,-0.7941799504868893,0.8087873448772774,0.21397905425437938,2.2164924627769444,1.2839689087902084,1.0961399657469773,0.5219431749931922,-0.10411549874627947,-0.01791205950252128,0.6515948457762784,0.264598718159097,0.7035547306073431,1.6409742437914807,4.811402405310659,5.371756838722261,2.964392391776261
15.368281525678555,16.164196724365002,15.173342068432266,14.668493183409002,7.361018266109617,5.952985971066405,2.292889234006068,17.822659527645808,10.494302453779268,7.847906836894211,8.749031441599584,10.649864787057764,-0.0223546655875148,9.666400504911417,-1.0705602121209699,1.9158471487076498,-0.22448046353958814,0.3152171583266056,-0.7750392652455191,1.2778412023838015,0.6056502831199859,-0.32183128388957927,1.6943211519713373,1.4279149948244014,0.09994086061089963,-0.0016192079467745148,-0.05633595819550647,0.415508593583152,0.11918939230970173,0.5629776087304607,1.2342178973648543,1.6372430238670417,6.014044588547117,1.3012295532375724
16.168541536267146,16.545168838813662,14.891929843840026,14.371645160237783,12.51314627486551,6.087620552104263,4.003806411975176,7.936602036058025,9.355414844460642,8.087113144851942,8.855660813626226,8.377391088042845,4.945279466891537,-0.24899016381300262,-0.8382081324016379,0.5210921019109667,2.0275906159566115,0.12491125496969548,0.737657927455697,0.27825831959873587,0.3035644105458015,-0.10123202611751143,0.7846596664684939,1.0945589505566522,1.6526764095752364,0.9973588299998063,0.7208056388517049,0.32851848264556643,0.28775121746715754,0.3978626608186235,1.1998012477232742,1.625552362098481,5.78760303000975,6.551427345582736
16.104503934441627,16.310210756176964,15.16495276007874,13.99983839258483,12.651274874875046,11.654683167274287,7.823596309389978,6.0709947421101,9.20128224140575,1.7689804033780954,12.137757021210911,11.051927686320326,-0.8977146274331914,4.233314304414114,-1.5427054210553102,0.05269584444649781,0.8453313191874169,0.5812705442534404,1.3136012180325227,-0.46518197761421415,1.079521733989268,-0.9076236629179257,1.277095611662343,0.5383904767005088,0.5234723490103453,0.6604686513255495,0.4561611439563089,0.6364123878008047,0.37112221020285097,0.6885993238121565,1.4675042349456007,2.0620699127767583,2.2229644108928133,6.036604954662121
16.618359540577075,16.985077994364033,15.718324923179267,14.335985236209096,13.000324142735439,7.571649139300747,6.019081636444427,5.515536947367836,14.502211974932559,10.802114179796273,0.5995698431589594,1.8597691263621279,3.7732380592492225,-0.29811499701183736,2.7675596519690195,2.2162561596574117,0.03906038086285267,0.7805492936660086,0.11824145688260454,2.0368750949705072,-0.033433570858580515,0.31052353732408117,1.009082152625821,0.6171777658974882,1.975930758827505,0.05228965879025831,0.6629732975179919,1.132594252846641,0.5328998323381097,1.0607185628297675,1.5395535197762298,2.8326756756266818,5.723620156562651,6.066599403667742
15.171670630967743,15.357364888186948,15.257411993213518,14.392159000458058,12.758926807921863,10.564398944713583,5.711770420929557,9.524524934479158,15.677282589367524,3.6745497939446365,2.064386259883933,-1.384972612067245,0.5846151931657845,0.9786033351298823,2.436228508722304,2.4403622876382496,0.5086089314735137,0.5737247404909348,-0.5894638575648539,0.9752949077157037,1.2592179770968919,2.668227365166132,3.860628405209517,1.220389247801928,1.4621496865218646,0.22850901758010594,0.42480390498528703,0.6462513561265707,0.8292981266260159,0.38698514656947836,1.7388326317842506,1.7854551595756847,5.701699930074821,5.837834217198471
14.782247026101455,14.19328763569936,13.141606621715544,13.140526667103705,13.276909291208431,12.05450103588483,7.755375246095218,14.44997893592385,13.489568878175149,7.427264184506371,2.984005930636563,-0.8921177534377377,1.2845317281681212,2.519348607365022,4.641585336433769,8.090309285182899,1.598040009329795,1.3430243710613075,0.9671587270165773,0.3188379914377581,3.4031129632239034,3.3795248562498825,0.5515900592725438,1.6338935946759157,1.5647312166016327,1.0124558779513624,0.2222323628877157,0.4552916918066211,0.7577493119634809,0.8974467359607391,1.547624373910229,4.593172083306088,6.351806176745942,6.202657678194535
