script/wind50m.json
{"header": {"parameterCategory": 2, "parameterNumber": 2, "lo1": 3.000054539987559, "la1": 64.9999836372058, "dx": 0.5, "dy": 0.25, "nx": 34, "ny": 52, "refTime": "2025-12-21T14:00:00.000Z"}, "data":
[rows 0 to 23 of 52, columns 0 to 33 of 34]
-4.133968188753434,-3.716201842219723,-4.130608189138008,-2.8512339507483864,-2.8764123381447213,-3.7967918242667964,-2.7419576060736053,-1.1598017062580654,-0.993023349203357,-0.6750020420640528,0.5460329494340203,0.25683148920407256,1.4765342786727211,1.8057802187975835,2.6555501242469033,2.9886633815752077,2.700207240589514,3.857572565617098,2.352139170092495,3.0418112948738916,7.372142108931764,5.162805849308658,3.5624329313385985,6.753342791669702,5.413782540368094,3.4101516742987754,3.193828145019678,5.4822448678257345,5.127092292470367,6.124999833229918,5.494113769183508,4.053050226787824,4.290541228189172,5.128748684816552
-3.75592132477444,-3.46315453128021,-6.4661371915911,-2.278794499206152,-3.154707363851048,-1.8223833415877524,-2.2310163073022107,-2.9750266908843455,-1.2010344884737993,-1.510633857185884,-0.5428679548217762,-0.24933323021950354,0.6701156619919807,1.4890443295824027,2.1412146599774564,2.650571028871639,2.059314100875324,3.146712794408294,2.8708635626420613,5.535079539067529,4.043226764771741,4.501048747033899,1.4312774811777942,8.7313851277747,4.787292898231924,0.17557204224796596,5.3068911343091925,3.736121209552449,5.092296488458473,5.435606241901265,5.261011176851058,5.150094885138746,4.465250256067776,4.68858803432663
-3.9938709400689563,-4.8128053308061665,-4.277627190302433,-4.510356553940107,-3.58286563148231,-3.866893046793637,-3.626510040820133,-3.8577189370836202,-3.0193291269121674,-2.351993095638534,-1.4645318589716247,0.030503093447482952,-0.013333173740594013,-0.0539879875223748,1.2183462811467693,1.023505729911018,3.7121520738260307,2.8773550608780334,2.8643950461443937,6.42080110353908,5.282579773430282,3.9089493501500154,5.837132606226418,7.872279949401984,5.580709079700964,5.219471334572639,1.2594010674363314,5.565160972010821,4.807182030036674,3.725659725781791,4.33959516204884,4.627511178644771,5.048446637828544,3.967873048239627
-2.843310912521858,-3.3870635289535205,-3.918968686685008,-4.275177409189362,-3.840182433590074,-3.859748336932982,-3.760359299817057,-3.1447180469432663,-3.9547321335759875,-3.0635131511385323,-2.385408002486616,-1.4116338389631569,0.41902996004662096,1.1307434986841327,0.4268351120174909,0.8343067874019123,1.7461395379691749,2.623277570736849,3.3905784528181044,0.8598304329875097,4.848145547139377,7.290601387727109,4.0021300589813915,5.531432929599666,4.031077065655082,4.516857570477804,6.089967180069741,3.749253329990447,4.312155075300562,3.615260669276709,4.153778288938306,4.630952325685162,4.325957406890106,3.6290648263130896
-4.3230573067371445,-3.2061964923945423,-3.5903939241543537,-3.6795778527818843,-2.6648285536389187,-4.949474803123401,-4.327462148174008,-4.9676640263034795,-3.4425728006316283,-2.8006149661728816,-2.152944458832023,-1.876004203525598,-1.8419581738232806,-0.33885737184455317,-0.3619745840404459,1.4923489839248862,4.1634845942879695,1.6457587328465975,2.856653511152159,6.775907326158454,5.60946223695363,10.054822581339984,5.046203373532741,4.363925684031195,3.2691904297430256,3.500992311724996,4.167618670350987,3.147300830271093,5.082492702230646,4.5958953363251345,4.77400878656613,4.352494061735845,4.2217401390808265,3.8593619680692592
-3.198111104482912,-4.783985907590946,-3.8975520738995915,-3.032434441007648,-3.9552915353074978,-3.914890790918547,-3.9362445347171997,-4.596516737897927,-4.1992059092738065,-2.6197301276192646,-1.5326228062743164,0.2786199819707704,1.4685605580292025,2.4225720482188424,0.007891628155535917,1.896261605358253,1.9211851181727737,0.9272639649890051,4.38039420681939,3.9121246322274597,3.9967329282458826,5.473997167604971,5.4910626083464535,3.1950275209366046,4.247310802960675,5.070714738026549,5.351918098138155,4.740465505350582,4.538296958325742,3.895430487862638,3.9468489498636927,2.8617166783008887,4.2342020036315136,3.604151939872097
1.5857731131476207,-1.0529638365373175,-1.930734393044807,-3.3114618626417447,-3.4708065341819547,-3.2706705277921997,-2.9447085781090307,-4.486347150984556,-3.3982375442014274,-3.058374295259909,-2.136898777024572,-2.901146889797967,-1.4029326495090184,-1.40864733652376,-0.8839198496081244,3.277256028052943,-0.06221638465148469,1.6924610507756506,4.168958301829254,5.195922252629293,4.37887470753937,5.812983210781275,4.542462770681468,4.076899142294151,4.278903137677803,3.137038211658951,5.094721543392453,3.5869339985542554,2.2711024056800935,5.0597023044974385,6.4408119445964775,4.4532577184479925,3.9791427048723054,3.1137944205220696
0.7737235672960504,0.46117833500182676,-0.685809022315912,-1.9245335931175012,-1.873903375818403,-3.872038706942684,-3.8712882478982493,-4.304112372385939,-4.686809341108548,-4.079782931313416,-3.810650264338539,-0.4908633719647406,0.09667811245502657,-1.2715589802880116,-1.1675890218524279,0.8098561953665377,0.04205757355230469,1.585877957776282,4.624594408408783,3.5752128312779354,7.2951646143881534,6.130986811949956,4.880607115841139,5.665921079180297,5.528610351977543,4.888470120231671,4.28680459402945,4.075338781156385,3.995539909169979,4.671686053765165,4.3681167252014985,2.768984465046254,4.886570117001779,5.372607449892476
-0.15017106273899222,-0.5269406227692592,-1.8547045796600665,-3.0475274400900347,-3.625275641160942,-4.133392229454134,-5.383043815966305,-5.914931156307276,-4.979828902893987,-4.127703309960275,-1.9526380568854462,-4.861443664231864,-4.3514331785144815,-2.4282962544927513,-0.6632936070593932,-0.8263331982173454,1.6458048271297476,3.273809771914539,1.2049510669447059,4.469144685361643,5.048152761249781,5.135715338652084,3.7956607332893584,3.867780408575371,4.951680632128792,4.035030682750046,5.688508151856466,5.912107014546765,3.301282411093825,5.061719456613835,4.795332520101577,5.297687318784899,5.736779751436454,7.0454194188727035
-2.8008003894016396,-2.5130813933723744,-3.7230232599644344,-4.063871503786905,-4.927716373474816,-6.020524825665105,-6.614541800943031,-4.988570804047455,-5.674616056226764,-3.934498804069153,-2.5691975723538913,-1.4496384541167104,-3.0291812530310076,1.2640782733081701,-0.9702944453467555,0.5951320833813338,2.7055722698182385,0.23094975651023328,2.081355857718076,2.4194883270261562,5.673973801758505,5.43928335593765,4.011407704952085,2.0471961003107175,4.1057021362404384,4.112420549238537,5.302658394060904,4.891407480229455,3.914750905642089,3.897379615535042,3.9896331365688913,6.689752220279518,6.732420102610229,7.235109409338199
-3.5113006295719753,-4.306554455247436,-4.675501685116406,-5.190422872231823,-4.863479019126428,-4.54753762424627,-1.0563293187469465,-2.610971995343927,-4.67190424568159,1.0519904467209056,-2.665056572102086,-0.6920354022174771,-0.28852613979492453,0.8436613244091047,-0.29847339942490375,0.6647384999884052,3.1995808816609905,3.175350907319742,-2.0995647626126983,3.015026688381651,3.770645125046468,3.5994770634137767,4.0960508707374235,1.942829443105734,1.6939645823691134,3.986895583915081,4.676010583433287,3.2484346000141575,4.45543864404216,3.2749216224848916,5.167404818343439,6.913251234383717,7.751161166778678,6.565665341020959
-3.7399922934894034,-4.463192538522747,-4.198072202758757,-3.425083337888189,-2.5329637019482862,0.3175306060616213,-1.1383611521300177,0.013996091594789638,-0.05731925155678848,-1.4481473452567466,-1.2002241980489805,-1.7249354218188757,-1.1953943170167267,0.3663548684080113,0.7578676668841975,0.8827721278429178,0.46105846316834104,1.3175318846643753,-0.481967014685258,5.808941795124698,3.9431634881583175,4.045987654926655,0.22191934898856716,2.690052166208796,3.428066751021901,3.050510083976842,3.382976412616647,3.6219615048689167,5.129527326200167,4.982794035919218,6.802971436481562,6.816849771828139,6.890831837118117,5.564983705775718
-2.8190799604995074,-2.2499518184501732,-2.2577004272941203,0.06970327265545509,1.116032330003394,0.05995262270645775,0.44923565919652536,-0.7119897119838668,-0.6178804076317962,-2.7564171130717146,-3.9880354628613994,-1.5940497061509227,0.17269574486778097,-1.7191743260704357,0.018340874383492734,1.428380573092704,2.653454073260312,2.7868375897171402,2.3909522166141257,0.7199575092102729,0.8707065587449601,3.1088702475398637,5.2349246191907985,4.941647362541544,4.243122035400297,2.4041507611210053,1.8170866931589824,3.311621690461592,4.092790807938034,5.259874372155566,7.000677157187497,7.150878548568032,6.601057795156213,5.033497170247744
-2.533362772258637,-1.5226767998710897,-0.9069604840824919,-0.9483410245387738,0.240747312118215,-0.6833873454411956,2.4907303014210664,-0.25184605003358473,-1.4099569866449775,-1.2140387025124637,-0.7150510341646911,0.8673542226785028,-0.1567054098803148,0.06054362337748549,-1.1179529684587406,2.1121938049131366,1.804013068232574,2.0873105335322144,1.69613582051591,4.795538003079888,2.2118857087630084,2.7623045174691563,3.425954398258793,4.5737712952901814,4.1862269041595574,3.5595891048172565,5.585326510503841,5.379102016573662,5.208713268810019,6.003759717797985,6.405957247363127,5.90994817976584,5.679151076083163,5.35491647595497
-2.9277778116513558,-2.213877800460006,-1.4372255038280728,-1.2083110357252904,0.3033985574034839,-0.7417044172084511,0.13537959600945157,-2.1798606027855034,-0.8319215750746785,-1.8363000952756983,-3.292802109491351,-0.3427974777420821,0.27891916117909843,1.531298201811047,1.7556169850918957,-1.8063759969163349,1.975766880349486,2.706537106698895,-0.5953649368381059,0.4694147712361402,2.438786250113218,1.0638936206570875,1.352366833742918,2.856377151529757,2.7257698557435788,3.0761097544676956,2.30832373276547,4.288512598737354,3.936856864254742,7.530353082634528,7.1076538240613205,5.055499743643119,4.874312588502598,4.7950140702015025
-3.6302882077443077,-1.9766544969731932,-0.9962494574564981,-0.7796382846847948,-1.1572200617656716,-3.1159557960185316,-2.9777877710446146,1.4212788750882113,-0.712007784123359,-3.2522545473953324,-4.327006653198124,-1.8846399168523484,-0.23200970521135766,1.4820271545640686,2.3887223362777776,-1.6038571382595264,1.367571281998385,1.3964219514386775,2.4352607158308417,2.4018885354617705,1.1192723131233808,3.811761187889475,4.637359444919267,2.333945734398195,-1.0966656517397668,2.289863595046646,4.321616534468209,4.827869720029823,4.650467141539757,7.580831429712499,7.242243943879066,5.544719526453362,4.470931176801832,4.135304407748681
-1.5529228624580291,-1.519624666389652,-1.4808253849993844,-1.959834809981075,-2.1603994288209822,-1.9442745297887987,-3.167357489786342,-2.223047011159071,1.1207990940819645,-1.7385950673633432,-3.3669906138936603,0.24418425473277133,1.2282813322018633,1.337983001785608,1.6905495738900986,1.2861220952763623,0.43698085412882265,-0.09821392496454041,1.2212682964609285,-0.3171347657755326,3.398144474581531,2.6323259716940144,1.9782075548641518,4.379415286497132,1.48536976949997,0.7034937182587603,2.875937123415522,3.471920402513805,3.716847159376073,8.012058650745928,7.53861057046797,5.812921120015452,5.0517475971457815,4.003801322798895
-1.7036978575785073,-1.4019907904225566,-1.5939692205286364,-2.256209788288778,-3.0439583367202476,-0.8728007732040161,-0.6931553324277674,0.696745397010413,-0.6659828375242857,-0.7833508316388792,1.207352681725838,-0.01883659947876676,-0.22136662331113333,0.36071401520948765,2.572583692240626,3.584023273473618,0.9033459244621002,2.230325934430148,0.9487287840255453,1.0998769649632403,1.303066418246494,2.861278130877629,2.7559947404607485,3.7669553721869207,2.4887276549001864,1.6187505844856407,2.1790125572700854,2.571491581259503,3.342222713458077,6.251962535771187,6.797286249584735,5.9737790281876775,5.376454859354798,4.487957759621974
-2.3611531545669706,-2.5004400787874186,-1.8494915915002939,-2.0498667469860505,-2.2579743975662585,-2.188543975537895,-0.3991647774381201,-2.0243910787018176,-7.156747960084197,-0.20386219098616795,2.2034431625162467,0.4104311318369609,1.6156415734747474,1.217940443180116,2.4669323523282207,0.09366774702180856,2.9737833009993215,1.8908710710985028,-0.2130357955536052,0.7313321009307643,2.4017441206293144,-0.48142968907814965,2.425761458701498,2.724639180266185,1.277683364684485,4.336120451757715,3.068387445219956,3.7731901822622085,2.9902803704790806,3.3499590137653037,3.902968796441354,5.777479095938549,5.13371452385382,4.269694429556294
-3.264250509917295,-3.4449375966732076,-2.692222966848366,-2.0959363496941013,-4.072121272025207,-3.414852119434484,0.09902760920151187,-0.7529888184034157,-2.216982984763305,-1.5833783195149915,-1.2293386119960696,-0.13605638340594972,0.9598809185032253,0.06338401609329694,-0.7311487509478045,0.33903518532706006,3.038244987019633,0.5529346873044355,-0.5531399765130472,1.7241406185853712,-0.16720662122095614,1.8461765968888275,-0.4807776864568852,1.6773025283144638,0.6197814896000293,2.1527579362263207,4.229636006413287,2.9961314209487857,2.8968068596331604,3.8799566349899735,3.9203666457905677,2.8625280762222567,5.323418617185808,2.7659737197723038
-4.092814268637822,-3.9786641144906763,-3.0027078828769804,-1.3951359611926784,-2.7727407966999675,-2.2406050644181863,-2.308435413791079,0.5341286159917329,-5.526653564111632,-0.4030540193275169,-1.887636663653439,-0.4451649150273764,-0.9467583819628923,0.3440158141266696,0.07004311810554745,0.02687729245915758,-0.5277861682281402,-0.671532081651928,1.047592814022548,1.3029945989027627,1.1838245422564784,0.38137107404545195,3.003925913511708,2.8912296982111636,1.4276886094454302,3.9084111353060402,4.122770685758791,3.6430080578562554,3.5603775848575805,4.550361957209334,4.09991237261848,3.657036558239138,5.364023823291148,3.5155595718218096
-4.695914646515901,-5.078086145986937,-3.834740190324641,-2.292098551834436,-3.86498917780111,-2.4524158880031415,-5.335403092632998,-6.018251501789026,-5.964953176101589,1.338578003935802,-0.466554373477767,-0.899637443748968,-0.1327161110395122,3.1508918123727447,3.224098626768635,-0.07260757647434986,-2.597026468635778,-1.4112707691487885,1.147257003433668,1.4006521576905178,0.9288052745820083,-0.9787147295709161,2.083917748719505,1.174089183391611,3.3419995286124187,1.4859968191090167,3.193232025672762,3.3273056866415542,3.673536539230045,3.7690820698314798,3.729952757419906,3.5072220907126637,3.676590403157558,4.051594361767356
-5.247232269975005,-5.434860065897614,-4.443045881840296,-5.031028509207181,-4.8605242134361,-2.7660401214494676,-5.435803261374606,-4.760307305925975,-5.194676210360314,-9.437149861521748,0.7561334075785366,-1.6589450397639471,1.059170732474276,-2.6427504088239298,1.124585252084528,2.1199538835960285,-3.715577650294255,-1.6793807707092459,-1.1519978243841282,1.5449894238974722,3.4947011367703267,1.8977246448433613,0.3618424753376141,-0.5185641779948114,3.4139802937931973,3.6925657358491697,2.7860885553758394,3.4570408310702767,3.5642133445943385,3.5761266771629665,4.005646020273847,3.616958629268483,5.393732387183369,5.26531045179769
-6.223422288309454,-5.806508831700024,-5.480916299932085,-6.103312078889046,-4.393839195802965,-4.283917738437314,-3.798049932988601,-12.563331394001015,-10.660078732288223,-3.1654666742679383,-0.46388187487196947,-0.1328515255110433,1.1587320154269252,-0.6648886363045922,-1.4409856462057318,0.13470410903158253,-0.48219156362904475,-3.8645265468364687,-0.1497708621286049,0.7397818138920409,2.3436638809724935,1.8147912612637775,1.4662684464338072,2.340175784250556,0.2929141791211944,4.648555496416717,3.796545782868704,4.37094583499329,4.074700628780925,4.151611539722974,4.628112490580955,4.059401184965924,5.379133841724455,5.2428536623059525
