script/wind250m.json
{"header": {"parameterCategory": 2, "parameterNumber": 2, "lo1": 3.000054539987559, "la1": 64.9999836372058, "dx": 0.5, "dy": 0.25, "nx": 34, "ny": 52, "refTime": "2026-01-01T17:00:00.000Z"}, "data":
[rows 0 to 24 of 52, columns 0 to 33 of 34]
-15.54341319237967,-14.443020912174283,-13.999559046249903,-13.927866168823565,-14.013825567989752,-13.899573380064979,-13.472696434713626,-12.992435278852078,-12.314985369548857,-11.252773015018757,-11.135498072993451,-10.13728573697101,-8.912996306266665,-9.163370067696652,-9.156799098837668,-7.34788059704694,-6.341287874223075,-5.715276801683267,-5.8022212279544805,-6.6459329831624,-7.815422843443201,-4.5453300717216445,-11.10170516663954,-13.378039950317968,-8.759777431720932,-7.904365972468594,-7.220978280549372,-13.445803769985122,-8.607615074178646,-6.619797035410461,-8.986918863769484,-10.070554950430342,-12.38111971623584,-5.492401078850968
-16.111322379671215,-16.01087642875481,-15.1725117377041,-14.297075790747657,-14.379752792797005,-14.150229416969971,-13.756793498145438,-13.360115805408864,-12.735672892567813,-12.35949794182673,-11.540631650169797,-9.754930624051427,-9.888510447030738,-9.750288224197057,-8.59847784534044,-6.662568083147115,-5.0160934016755965,-2.257836871136536,-3.212297888548607,-8.86425289541292,-9.461530012052544,-8.398821628173497,-7.454166207927444,-12.32962500747913,-6.135266220129102,-8.873600501781093,-4.6390177617869615,-7.739980059400304,-12.372359449675956,-9.541084438582612,-6.223161410861411,-7.903774671000459,-8.154476786420764,-11.117444056632857
-16.659993051922235,-16.342155282259267,-15.611791347123683,-14.759887081098253,-14.324655558656643,-14.324348976334512,-14.312400913703646,-14.20080249022195,-13.374801194296547,-12.260103475067277,-11.650270766158568,-11.111646506596458,-10.95155675945756,-10.18231730660428,-8.805667074675494,-6.804045908911362,-4.72719357479769,-3.701222603510247,-8.728661030566306,-7.579900940906036,-13.105014300270371,-11.252078361295196,-9.634255083846487,-11.718083005098832,-10.055636597226663,-6.122535461596681,-8.865563844772245,-6.293409739996105,-8.883923388840875,-13.760438771208076,-10.105176868442166,-10.133071426144644,-7.444554539881473,-11.762275243812015
-17.751360435733503,-16.48373498353476,-15.857232696204019,-15.1640734424656,-14.66770738425879,-14.465978570270122,-14.41114774160087,-14.373259603950647,-13.720176747388969,-13.25720795082407,-12.615350738219599,-12.029160721731785,-11.04904751207243,-10.387771030860405,-8.816452450949955,-7.277607126066553,-5.874264840175754,-6.216045447595737,-10.243202247530055,-5.6924915821187545,-15.805297055912982,-7.161098918344074,-15.857635018743952,-8.647636740188478,-8.016555664338352,-8.47030726062804,-8.333639702878031,-9.409282570118352,-12.112243099700239,-9.275645295674849,-9.830878515206765,-7.833778409479175,-10.461757319199792,-11.31350827938735
-16.66672597445661,-16.068146963962473,-15.433951038196778,-15.552093406729263,-15.00381446699312,-14.555499068987116,-14.880143078836385,-14.986851897617605,-14.47742001870245,-13.438930284738351,-12.619493742483206,-12.119548286588872,-11.8587919871297,-10.811517296452335,-8.2164547220697,-7.0275329954198735,-7.077622202484523,-6.977346977112799,-10.394345356758125,-9.290901157337496,-14.968271399591922,-11.989155968983935,-7.077780814101068,-12.432899582285877,-8.250652994056738,-10.995099512722163,-10.3117186500497,-9.75045192122841,-9.890703996020358,-8.827095739709852,-10.682652648707531,-12.458253541023765,-6.674768756328777,-7.571161689308186
-16.756876126932653,-16.4192568896556,-15.896979631192089,-16.1985199391161,-16.03606822745033,-15.979863329895194,-15.6368837105746,-14.636062989791107,-13.64557570512701,-13.271551355110217,-13.329762207632184,-12.191499234668315,-11.71969912888907,-7.079031798246005,-5.740123424733037,-7.76189746380974,-4.579327034097914,-5.19032303643233,-10.241330504699135,-12.260880280435831,-6.102086457292529,-13.58092913658918,-8.596937927500827,-9.552402675835662,-11.023598065427885,-10.306354537907644,-10.40963305808815,-10.123079979502457,-10.065048417308958,-11.667179288843295,-10.259178411638135,-8.822872590215626,-7.436419796487966,-6.501551806822157
-14.952231654141812,-15.287399458699317,-15.722036938504667,-15.793042746065582,-15.69236280701644,-15.881679096928274,-15.797502802470714,-14.856949584869623,-14.174415822416167,-13.269903602604051,-13.394433036058217,-8.654708136475758,-6.946428181020548,-3.8759139346132065,-4.711874050000917,-8.173900766548952,-6.775433815630387,-9.880270283637117,-15.536062712706293,-8.667651507648474,-5.882965064397437,-8.152868218370243,-11.518276648281494,-9.450050452925556,-9.671623957858268,-10.461403601735153,-11.636784833312813,-11.074797038218891,-10.608955770905306,-12.062672097839531,-11.027646118991397,-10.88767676615004,-10.03506815174199,-10.564688135123928
-13.486834184562644,-14.211407287132797,-14.887269740989042,-15.075515786991804,-14.84385530993415,-15.259372044750556,-15.505998278287414,-15.62427935530491,-14.637630300330576,-9.890919002827001,-9.773951941208692,-2.6613985259970323,-2.9384385389708783,-6.378237131902273,-5.027402744046995,-4.710737661700182,-4.588044360310239,-10.25600960297247,-9.831656440003108,-6.714686544633717,-11.184959925067155,-8.549412498126324,-8.768744057759635,-10.775106511699137,-11.288182135366927,-11.893390490787498,-13.038318296130239,-12.56718171662355,-11.361244120639336,-10.725263681926291,-12.253904155707495,-10.705661185605614,-13.03384016373785,-13.832948592861367
-11.893858336930862,-12.698188101120184,-13.90489955977876,-14.64881654930491,-14.278234377733465,-15.010201321142093,-15.36009355719048,-13.719478355503517,-14.092775836772267,-8.760742530600847,-5.116155918886039,-5.369909852197475,-8.270081847097508,-6.132519377554189,-2.918099483963262,-7.140892405699363,-5.679433669658867,-3.349075441634225,-9.098176667389087,-13.417678988039933,-13.620095599368316,-11.174546239818946,-9.509165334007685,-12.660370888829533,-12.413826759383722,-13.868497482628177,-12.064797975258584,-11.128436969437557,-11.23436628090076,-12.37770549646452,-12.903976928607383,-13.446253945135494,-13.80265483871638,-13.447969179418227
-11.028184517241723,-12.454602849282672,-13.982911377008872,-13.913090842858777,-14.287209306975425,-14.092769731822253,-13.967048136076121,-12.681398197155678,-7.442006398606275,-6.750009551306716,-5.248098154407329,-3.8640497034607497,-8.62994364170549,-5.002409665354877,-2.680210457933113,-2.728695752090133,-4.858030585006433,-12.336607996330635,-15.360856715529216,-13.69993458797688,-10.47929654216051,-11.576203722519617,-12.815788896854814,-12.452071611718576,-13.594020326965625,-15.348107880364749,-14.058183285887958,-13.765811386166394,-13.618391684254759,-12.980736609968202,-13.960130847638707,-15.091346559091601,-14.631656750981316,-13.898757514559378
-9.850469597162526,-11.22629845857716,-12.656876091166284,-13.492503511610064,-13.41182287726313,-13.753744385223156,-10.75391219070749,-6.392890131893133,-9.385098824611534,1.9071942158500301,-11.96340291610935,-1.9515754099338172,-2.9076673377340216,-6.370655256254299,-1.9612077591194668,-5.0963383060005585,-2.3135122096717784,-4.440784184456779,-16.21443937712609,-8.176702699459932,-11.397799814005575,-10.93434545940141,-14.255135823730217,-11.475282146088379,-15.058788816256023,-14.372533636633394,-14.166848700887881,-15.384118491614512,-13.307137532695467,-14.749193520854865,-15.836411196900674,-16.32985488022865,-15.540150253704612,-14.608863812630272
-8.026028158534325,-9.297675096813697,-11.149709613152083,-12.09468918291213,-13.371498198738166,-8.999995413317146,-8.36259313349607,-7.664168635623445,0.4700226136519344,-12.69934681002188,-2.3586918384411932,-8.74229524578025,-6.965815799236341,-6.358503855345908,-3.335809164104272,-1.334449141309587,-7.697484173652044,-12.011982625647477,-11.471840301543448,-11.563043831391791,-10.088806872914187,-13.29870366188278,-12.972851622913483,-13.956919654247299,-13.720966122128186,-13.421021251568398,-15.355397724709537,-14.88894483492393,-13.978901742428313,-14.80850759363553,-17.094661035605874,-16.5445640863708,-16.391670728345833,-15.715942089725102
-6.831966092873502,-7.836634928798241,-9.24484477020451,-10.534378345124336,-10.337388780603122,-4.00579211488096,-2.8094821848226452,-9.359603002515854,-3.5537979277108844,-2.4849039632573406,-11.822407732834767,-7.5291390049528335,-6.203600286065436,-8.644282681913424,-2.126605050467672,-1.2877206779311154,-6.909034410009396,-7.403044000290623,-11.344862016889456,-10.388610065953582,-11.146921939991929,-12.421850148962134,-14.630100948776072,-14.869413686107212,-14.28709718995705,-16.306507862257764,-16.438499842374203,-16.221729111522432,-15.528861916483297,-19.28420489850588,-19.285087512067253,-18.624084926384143,-17.914709422066842,-16.759590539103563
-5.8739398591742855,-7.099122997957882,-7.2398215663468575,-8.299215983997716,-7.25236564555811,-9.400492625496785,-10.231648135515726,-1.09010436853355,1.0260213587666245,-11.728274359928276,-11.783423322340527,-6.950323173962859,0.258904019506127,1.3113668610809996,-6.6397397649570955,-2.7490322657016146,-3.5441924188094593,-10.023998577906593,-8.477177424210426,-8.612057583717696,-11.2808312329333,-14.421058220654288,-12.301072091282508,-14.778846855624252,-14.32691919861853,-15.004366301589455,-14.304313456793599,-14.46775010727293,-15.974121294716419,-20.109197928246182,-20.545179962069746,-20.80145351434253,-20.02933512121598,-18.94440211171176
-4.806300050778246,-6.556090746775547,-6.191743029913826,-6.091749145967636,-2.055800471813812,-4.262692209634858,-2.9175178697670057,-1.6467999866771448,-7.961917965692445,-10.358556413021946,-7.894318096447327,-9.14901071671801,-3.2643392136429323,-3.047527187019072,-1.8174738719849173,-7.746768627068676,0.740768237564748,-7.792971492000442,-4.411631637496872,-7.928153385502219,-6.698763191446633,-11.451525476799437,-15.815593531952533,-14.972661189212312,-14.487106180097708,-16.374718211483536,-15.754880892766469,-16.875964740359855,-19.053153146838124,-22.19498855468094,-21.32763430186096,-20.52810023047551,-20.314533755685396,-20.227144304846938
-4.252289561529629,-3.63272589102867,-5.298606232769859,-4.265949655640817,-1.162247981700075,-5.955830510254608,-6.421306407507664,0.7281608076406433,-3.3242680754620793,-10.220310628427184,-4.262225542045189,-6.717323428622238,-3.964928724388723,-3.643994200535973,0.7224905460647832,-6.356251006204738,-3.512046195026354,-3.874540604488174,-6.3202697204976275,-7.789992793351185,-6.800933519682044,-10.074342123072192,-12.008477894309031,-13.322628332270499,-12.980058162998638,-14.562124570708145,-16.835473486087764,-18.05482927377174,-19.82297323776741,-23.35417241030722,-22.715051857843896,-21.601156604870894,-20.88144169995018,-19.914382604292992
-2.0279968824366565,-2.121983314050493,-3.622389372422869,-2.7786461531822972,-0.9919655214886666,-1.2001947396567874,-5.940312394844996,-2.597105725152055,1.6194942295206127,-0.614454627778061,-3.738656799520938,-4.61448643453898,-1.4919588459373436,-0.31338167822405577,-1.0762270038147497,3.885864218081311,-3.256231142486799,-0.08177525844786855,-4.3604975661630565,-4.760094647504265,-8.148345545723222,-10.454452894205362,-9.042829271861594,-12.139550435389824,-15.074801195429515,-15.290588984679346,-17.161941832978012,-17.829683004351743,-20.03859678282367,-24.884966171995845,-24.127912166243696,-22.514324790104645,-21.821107037005593,-20.94830393983016
-1.5267917526930872,-1.6376416322491643,-2.359529746620416,-2.7434394829551203,1.2737243674516232,-3.3421865808618296,-2.031919411075815,-1.8432901054552209,-6.116964776004939,-1.5347724728403678,-3.3229810717261534,-2.999480121780237,-4.68748247488997,-0.3844754965572633,0.030788124067071675,0.7990886018576534,1.5401912459455418,-0.028919090537475343,-2.7217215772733447,-5.365490947997932,-7.993708592909161,-7.565896069098268,-8.121220893738752,-10.110539313830115,-12.216733440388477,-12.435412438542757,-14.895236778119298,-15.345202503636585,-19.169995469462915,-23.716703288716634,-24.42722429109318,-22.36285593863769,-22.712498339911647,-21.58346890410226
-1.263664087046919,-1.0830905887888254,-2.0277522158432895,-1.0822716220861832,0.7211199890987686,-1.1724298400303697,-5.308958213183284,0.12441318151357732,-1.9768148404376604,-4.267252669619102,-3.9829674496142773,-4.160362426197826,-1.329024144003794,-3.8067385274792533,4.149768772063103,-0.6468601013360209,1.2113193037703593,1.0773906604492078,1.7423798173493477,-2.302755025196491,-4.546329101575142,-8.231913759548021,-7.939824894206541,-11.124251383733556,-11.312909792697226,-9.541266867494835,-11.884731873217639,-10.493388058064873,-13.063368517875297,-14.410283400543749,-18.958401151985377,-21.391986906961886,-20.717276201069023,-19.979681631451115
-0.703445817647782,-0.3553084585169905,-1.952289884156548,-0.022106871796386623,-0.4808654997098231,-2.500479338747279,-0.32031644283965,-4.276053566248815,-3.0953174240233565,-4.034134746529233,-2.8166674859779524,-2.893454396068828,1.8290553180626066,-1.4098444347085406,-0.7454669412699511,-0.06677693330409687,1.094262913760914,0.35909319275676904,1.080871931421126,0.8742531081223689,-2.85567385551969,-5.967848295259492,-7.332593013136646,-8.322584991295756,-9.743624955784467,-8.731088135005349,-7.976426901006422,-8.38419879661099,-9.814546908349646,-13.512382053050308,-14.162505718201114,-17.595053241756073,-20.901259379756898,-16.176317855689245
0.29108997099850353,-0.10148835685707643,-1.2251231662761932,-0.25416573607515425,-0.5055567257550506,-0.5212998223814135,-2.1387698097984105,-0.08911995539107974,-3.81774907757896,-1.4680164359823886,-4.261013059129468,-2.769437306891095,-2.8282510869310635,-0.17193325185628106,-1.1590431900824012,0.6821441696676039,0.42893686738252745,0.9150666849891789,1.5438590735050595,1.9073559784136138,0.940204645361177,-2.9683773670565423,-5.739546468492255,-6.457306672923112,-7.519982311645553,-6.532648206346681,-4.648848523090408,-5.247219747125824,-7.078638735419514,-10.96369599570305,-12.679409952362038,-13.727088063286757,-18.679180634715344,-20.056731762272843
0.5025988883869131,-0.3278249542666165,-1.287634306883461,-0.6280611613639749,-0.8229313295908538,-2.342973836415557,-1.4301476724523219,-4.493556103766551,-6.705141258049545,-3.391637660612271,-3.278983249503541,-3.725830016041244,0.9400381958323474,-2.6816282460016456,0.47920528602291595,1.8714021288714597,0.345108061019494,1.2674702930002804,2.6282525158958316,3.3204121477965094,2.192293634844423,1.7067525484018087,-0.8514666419337247,-1.2335012413930633,-3.0018470331782883,-3.273543696705607,-3.2492487306327473,-3.0912405703692105,-3.6491353687212134,-5.752032727853604,-10.602796580237243,-13.157370281558245,-14.527621354556603,-17.93000576394018
0.9638816032742774,-0.16577917703364944,-0.9821356044741179,0.46147266688216515,-0.4679138542426778,-0.7668121421745293,-0.5840758853618303,-7.574371992170851,-7.08311627113023,-5.244757077927315,-1.3732799548234387,-3.8096739468272287,0.5304254317915966,-4.878011137771951,-0.2729099282190454,0.1936738919066124,0.22322056938972298,2.0157634617101197,2.982709296953745,3.814430237573914,4.426037964190391,3.585694183907192,1.7534017341100707,0.3560257038884072,1.433730438108151,0.3225418284398036,0.8860281993916468,0.4527232441301325,-1.3988571193065946,-0.4541843510456849,0.8509837618260132,-6.75423562107791,-15.542544131929128,-15.840866356749794
1.2601544250037546,-2.160806165842748,-0.7727025400630744,0.31309579201097343,-0.6622081833815391,0.022134001356135937,0.31352711992615107,-5.391231343904543,-6.271559847252525,-5.603824045056383,-2.186902304293871,-0.3091686694728454,-3.2903423545333506,-3.0724709254610287,-2.5360358508779974,-0.11057611610253949,0.08176786618205005,1.1773890323777887,3.3586112899249296,4.531315403661664,4.5010627074594485,4.182034111519079,2.149121200962826,2.6080499805042217,3.1064497456141784,1.1899590091798193,1.1213433987199501,2.258210247080482,1.9218423052178175,0.7930870003552118,1.483791089435867,2.2192110182068308,-3.7253756632519464,-14.95134756175671
2.720001899661649,-1.6556801332065574,-0.4083702536398266,-0.9536556476883792,-1.7137204954513692,-0.4359429587520621,-1.2563399350129107,-6.19342353424037,-8.340337115509378,-1.4937310053864876,-3.0255430535521683,-3.4249227375979343,-3.9122579280520604,-2.5547402626619644,-3.725707289493626,-2.655053334823941,-0.6496154837984865,0.3836027559100998,2.810074265986259,4.416568453264267,4.320786825755442,3.9573046233224436,3.1008870601297174,4.950946991163964,3.3405083934752207,2.77827962119047,2.0834621129948907,2.9497066247536106,3.4898705719744,1.951053145069272,2.210185274578086,1.1895820813385287,0.2490957375745794,-7.793543496092642
