script/wind10m.json
{"header": {"parameterCategory": 2, "parameterNumber": 3, "lo1": 3.000054539987559, "la1": 64.9999836372058, "dx": 0.5, "dy": 0.25, "nx": 34, "ny": 52, "refTime": "2025-02-11T05:00:00.000Z"}, "data":
[rows 0 to 22 of 52, columns 0 to 33 of 34]
2.5561376989457147,2.437202552413427,2.098603016672576,-0.2729917177835099,0.42950031080097895,0.5647724785017629,1.1472916723556563,1.6500750652920613,2.131383012239977,0.3108001345283081,0.2723545188152354,0.1751341604736862,-0.2509844916602033,-0.3030417717706652,1.147793882767571,1.0137875819153894,3.509462725381358,4.348494420121493,1.5114698616470654,3.3831074797698037,-0.7183555099233022,0.8444674517573256,-1.4660868912616258,-0.8144564798733814,-2.1459392884507573,1.9565360194201633,-0.4212041569086399,0.7650460584776121,1.8265411357494519,0.4992661709992329,0.06937099431645388,-1.6494176668238205,-1.2892172444441854,0.5559693148561111
0.9757648495269108,-0.897781761842497,-0.1700414919498155,0.2131937470895297,0.8178712047932636,0.9586114444467645,0.6339693645601631,0.23452867074870123,0.5896325106511705,0.3918020019650851,0.44715807535655283,0.6058037146415536,0.48846746190722434,0.4342747431339427,1.686180709734961,6.175498663447651,5.739336901819853,1.6476472234050934,2.67562320442844,1.3728849714092441,0.5326876660395639,0.29780365996620234,-0.18626539769123707,-3.9759066304449773,-0.9218603162219104,-0.5462313919045357,1.025209287869533,0.6444330816700865,-0.1246931319324337,0.7687752656701413,0.8051756760525229,0.1584244845181039,-0.45097926196566973,0.44064343270374856
-1.2141539918441524,0.002461402460245281,0.007221939569191621,1.8028506349728404,0.6948775633864833,0.1430407377859855,0.986879884389569,0.4625316303171495,0.3515777027726018,0.39459131363949346,0.7244850921758739,0.2959244644036363,-0.00034931039600487584,0.6169910634318941,5.285562016060524,6.384110436581493,2.0531270160022532,1.4240699667062031,-0.5299011975333492,0.12819130139950824,0.4436060642410822,0.0521047648605215,-0.524503656728294,-3.2464719945974947,-1.194115592974376,-0.29006867963376043,-0.5045838910911593,0.4534956878129748,-0.5454325245845988,-0.675432125520747,0.5653927902136148,1.3486021806924446,0.27495740477797603,1.5410612207423293
-0.7163394710634297,-1.1038710056305303,-0.20210749377218087,2.3029348379261085,1.2551901921021793,0.9761649651108004,0.9876628470355178,1.3072610756047398,0.8335657184784648,-0.0866222008404563,-0.5891293952839023,0.13197530647850444,0.31879355227661627,5.489501745282958,4.934518946891105,3.8122039729650807,-0.6508389808183077,2.11120954004945,0.9844193521963454,0.12952812687122328,0.9297715848654422,-0.48322571212939736,-4.048217055313808,0.4965958629369657,-0.4212559721599739,-1.3158898908277181,-0.39218600798651426,0.1650479834872589,-0.1589565299226935,-0.6074461085625394,0.16126416048253425,-0.09892934600482384,-0.47462090696744336,-1.8911979588969785
-1.871752446510176,0.7058438351355399,0.25658496385212104,1.222234660957641,-0.47390118725443753,1.9861039894466748,0.9581128916986085,0.5537848054703844,0.35408331610681715,1.275877079614801,1.4027145548430988,1.5134003352813503,3.7338986117285216,3.7695556017593987,1.5568467421223928,1.2916540072785294,0.0420537217614682,1.0933692258004406,-0.06026474382294789,-0.755891719662919,-2.1288809926306507,-5.2654081650949,0.20604255367403335,-1.0673572008288574,0.8257525178278076,0.7147683954932502,0.446498981415143,-0.42297526966272886,-1.0755134847569343,-0.14588962301616726,-1.161260255391064,-2.5232330158547738,-0.08936455900270926,-1.1017782206543614
-1.1606405861080116,-1.993035139759522,1.3958638873940998,2.647449514595244,1.6336122687586871,0.694413890040825,0.7810976821738314,2.3406071250054037,1.3445731752794794,-0.0757403929652356,-0.31126137181135666,1.6380449844725107,2.239328506110945,3.4368531729975778,-1.383216565093755,1.1916462553358096,1.3257038983116773,0.18063181064449177,0.04463680062654086,-0.5867823572217454,1.093537661394213,0.9374672385393064,0.6494118480143093,1.3857385779928915,0.26538769478570884,0.31037121174323595,0.30004003709271093,0.33065451841214716,0.9033556855041409,-0.7023135795357863,-0.4157619140503218,-1.2790301045925379,-0.052662709423608595,-1.117388407457743
-0.8681456730129984,2.6454563475474866,2.0601001199305298,1.53816351401051,1.5536481739028873,0.36173569681079676,1.98665149456506,0.30135101799605546,-0.1647634923112379,-0.5420829060135955,0.29411686174171336,1.5893301993568618,0.044004010762637324,0.9746791582361349,-0.6058094076056801,0.5058574441057107,-0.6971174367609236,0.36984771792999915,-0.34153194222514377,-0.6472819740512377,1.83675716915776,0.3144848306657616,-1.9774196442558665,-0.7429953485188644,0.37479460046737134,1.1539638657196718,1.456367851372185,-0.14395724826878367,0.3106086123928235,-0.8373158094917286,-0.7480400619695906,1.332936382157802,-0.8303262063040642,-2.481374832197103
0.941478949021789,2.4258291475486082,1.5111953289567293,0.04718476246106384,-0.29600098983805645,-0.6031056410244099,-0.5290382343871852,-0.8413556763066206,-0.04330270811516893,-0.7010372925799309,-0.4239122360363264,0.47865815271186896,-0.5814097168187294,-2.4716931857062994,-0.03262446056269745,0.5839921311594732,-0.7977768561899135,-0.7804078479354131,0.5810966686106236,-0.3187975545171431,-2.3274915421522793,-0.5961945280134452,-0.41773559063998084,-0.662154372005667,0.1062519259339505,-0.5596362690084894,-0.9380036220586786,-0.161097164337324,1.2402212176576715,-0.47827080447551146,-0.571569442012075,0.06314449159937706,-0.5117188839716923,0.6760490752754292
2.1075609798340835,1.7332896212775846,0.8555459572940626,-0.24092661773174712,-0.6858190710972754,-1.042405805107896,-1.6431696880511404,-2.007707897918469,-1.6739783226689573,0.7844720457105332,-0.22589943761192044,-0.10224525999000462,0.9124921160663896,1.814504085133652,2.9278229647736445,-1.3003774050472614,1.4442429222160322,1.0500281262974178,-0.7271532743767884,-0.2851313312346043,0.9965501614548389,-0.8799563829471218,0.8465924660646728,-0.2365038256991946,0.3091668245671154,-1.737851938499642,-0.7647367217117219,0.16605663884236568,0.5602437273873887,-0.19772700073484126,-1.6727852945329402,-0.711858932582382,0.11015118322999506,-0.04633714305626344
0.5191309335352793,0.13586665752548735,-0.448876477660693,-0.8556751351540406,-1.6426331562985426,-1.6871671831683344,-2.2388336864891922,-2.172898610463876,1.0219068435079166,-0.6186429822724492,-1.210593050988328,-0.5796110192850312,2.548979571500164,1.6847756138157908,3.472559840158096,3.6048464403651805,-0.7404122304419316,-0.10439665949590574,-0.6353501629462756,-1.640057676854695,0.3090085930427804,1.4413694591433521,0.47819017049522133,2.2964805475044106,0.036637984481896764,-2.027341999077326,0.4815732726563747,-2.8164628486178955,-2.167611525546412,-2.127427891267697,-1.195384110373789,-1.829905811510981,-1.4599769775122045,-0.9333721715660597
-0.21945352554049818,-0.762947908437732,-1.0972552080090219,-1.431979226853292,-1.7027192676371499,-1.6918706730002975,0.1902407214592965,-0.49651899740482813,-0.5074199166839042,-0.11983408578514353,6.493858880234156,2.7323866077701626,1.1862975963217746,-0.44438059510151184,1.6245704758769028,-0.8355303499319258,-0.4396140896331642,0.689896845993291,-1.0894159018815899,-1.0716956837667428,0.8091507245782045,-0.6806369683886103,-1.5181251223835945,-1.0852881711958997,-0.3247571414755625,-0.4351660841846011,0.014640904992541209,-2.0166341860516988,-0.22497242039871793,0.4184828766329369,0.7360176729320208,-0.985076234917374,-1.1592248007676973,-1.4924157838526046
-1.3573880986853502,-1.3517469893021183,-1.2601952063399784,-1.507739895132408,-1.042099186456809,-0.5826003347748263,-0.0010563771689301605,0.12031979226215593,0.36496336041030353,2.892978540502792,-0.8982905053613957,0.3875889919980303,1.1171861157549758,-1.828637593521577,-1.3475406568779387,0.15319517730043375,0.9529498649291583,-1.2938037061268652,0.057971832681612136,-0.36893529186298746,1.2364048425786434,-1.5027306375474034,0.1125868187456004,0.7175680533540846,1.1343803052506702,-0.39278966916911545,-1.2702129001702742,-0.9900079268569215,-0.24892979719436703,0.29194031297847994,-1.3827433024771072,-0.5976482243039101,0.42605423742548015,0.6547598172783179
-1.2747528382424158,-0.8073877085890051,-1.1518153059026348,-0.4223768248785633,1.401203312784255,1.9067556514619757,-0.06824650356138719,-1.6737155103909276,1.524909364594644,3.886193465563032,-2.2784921324896183,2.698523841608645,2.286505620391484,5.109970396084804,0.33276566122359597,3.0536856211867636,0.7997406927591109,-0.19530698909578437,-2.2033902695077083,-0.8967164319004547,-1.9051104427232524,0.6011691591816345,-2.3090847768983713,1.1105456986119122,0.4474248355418735,-0.24519040693035038,-0.12606683177809916,-1.928419435593591,0.6510840877455261,1.550273666363287,0.31016506049699555,-0.002163668039413809,0.8858454008659343,1.3265771732213383
-0.1432434143106995,0.5214652468714435,-0.6565238961502923,-0.6636776086720808,-0.21194469777985367,5.028991300599335,0.3545456069351969,-2.0108954987792838,6.871500633072971,4.24340907401827,5.110251243419788,0.7105345684567816,-0.18392347444884657,-0.6852887505762569,-1.1590093676739204,0.25991169824224064,0.24760048583276267,-0.024847585386877608,-1.1650531207775083,0.828141489446517,-0.17212784531321712,0.03332157585850755,-0.6416044164742889,0.8719466313313039,-0.790031043589323,-0.44579747779071877,-0.39462544479309314,1.504409965957439,-0.5425826098165841,0.7933835606012184,0.5455787049882502,1.0645656401260064,-0.3163869902978563,0.12465322181416943
0.08930663386302552,0.4344660675744849,0.17842076546880076,-0.5039991296251719,-0.554127853532159,0.12745438085290278,-0.002374329581927528,10.456921258120046,-1.0991301735691563,-0.8155117275205032,-2.5292669110912773,-2.4573280426105746,-0.27898927799151624,2.210759352083735,0.21228297370832966,-0.7066122555472801,0.105407709704538,0.6364002514050462,0.49884642352060754,-0.6433573927215459,0.024913997080604454,-0.012281572118381826,-1.464138021756138,0.5827476913296402,-1.0946577730344818,-2.1340813395339793,-0.7083594076060167,1.2123989383421563,0.6004404696618185,1.1864509435927542,-0.199365748703335,-0.4274973457270009,-1.192304234892384,0.7682659329979772
-0.6728489712353217,-0.5857758197086733,-0.252745881158014,-0.6259557995617864,-1.1955412964274226,-1.2562060326408984,-1.300547094011316,0.7413010681416959,-0.9170243695215717,-3.873685836199839,2.9893506931460108,0.8797365578354662,-2.0552880991485583,-1.3569621476304958,-0.07257646645607695,-0.6259953542473842,-0.4893688340322658,-0.8659555949994765,-0.8417844968715804,-0.5500999372649179,0.7983931297509748,-1.7328430255734708,-0.4872752399493396,0.3035561807933027,-0.8578902892663128,-0.8145665628685287,0.9578376191301502,-0.6790195951775189,-0.34124383435297106,-0.743920343098784,-1.6898906208958617,-2.280486072048516,-1.6930997980793003,-0.30953546876505356
-0.2935600380899507,0.18121877204121606,-0.7009635711278175,-0.5158667499513689,-0.12676627605048624,3.261297099449795,3.5389632237357764,0.5882630294705028,-2.703027662285254,4.595204929739068,6.807506610052501,-0.7755826046193405,0.839982033589765,-0.9777677560988156,0.35969357823876846,-0.031116776819831146,-1.331518925882364,-0.9213668047317105,-1.3486780923675263,-0.4545454207848028,0.28390116165055207,-1.8747892779037698,-0.8459599044524316,-0.12021333873955489,-0.7321755870216181,-0.24780193591689323,-1.927990919195785,-0.42204467004949814,-2.063657624664585,-4.142796174117458,-3.998070030312907,-3.456088881293698,-2.077472384471595,-0.022945406549202203
-0.3837026273289393,0.4250309106540263,-0.9659850440533914,-1.2006866248218588,-0.5677761785529774,0.026323750736025664,3.0534308855717742,1.2808568975654702,5.774771948843286,5.615487787586121,-0.9596869172628761,-1.7699309080102963,-0.5723906307014311,0.283449113362828,2.072599998662423,0.7165245648142508,-1.5033491593622748,0.8248357160678056,0.6347252104937672,-1.0600296992207057,-2.1083618282063603,-0.36465094506592693,-0.1901451506596706,0.453248312675342,-0.05716883579336325,-1.754467188945526,0.6098571917473068,-1.345443834913185,-1.4452695500365111,-2.3644762847081315,-2.3858105515397563,-2.3220601737504016,-1.4104322216755203,3.629764455785946
-0.7179063046079566,-0.0862473978378416,0.5001256932767469,-0.25347395815546175,-1.216165006434132,0.6788075355166086,1.40747168717961,0.30212239282087655,2.731181941804561,-2.8535155523485054,-0.6622669811093808,-1.583586792377643,1.8238203314767614,1.0384559419265615,-1.3381987506578017,-1.3822981497023168,-1.8643374398184431,-2.4724647111133495,-0.8634032947588587,-1.3586622250192768,-1.6010277975839133,-2.420091134250632,-1.1506014482644016,-2.174799353321585,0.18699607607268062,-1.5466091906909933,-2.336382095932631,0.5812635457267806,0.8229224377900477,0.8652653561005532,0.43336878689213004,1.8864728152026036,3.685478076920982,2.909311975919539
0.5992373010677748,0.12487944559445048,-0.4378651207995065,-0.5943291212514956,-0.5020982051433818,-0.5015518296775205,-2.4775500519866447,6.0411302960056465,5.623044840332248,1.9848088095040475,2.752899652903304,-0.2595011221861455,-2.2521721775756367,1.354228495109388,-0.5830767619011766,0.6515164437292033,0.26215663621730045,-0.0737781598816739,-2.3718257543576327,0.6722808892044936,-1.6241807364094087,-1.43684430760284,-2.746026145036446,0.36044909250703144,0.358936705901588,-1.7955558900014146,0.15956123989096035,-1.0803056075632191,0.5932785984257984,0.38476161089756566,0.5227670232477486,0.8044302494825422,1.8376309752994415,1.0486220478402135
2.5427810786844383,1.0310964143316437,0.4067012264092208,-0.7221404908440503,-1.0801762675584372,0.04527076610768264,-1.2354089604351168,-0.9407870967286495,5.373476032351287,1.0716642771998557,-1.44612910365419,-1.470551118138363,0.22593391857612705,0.240662132318305,-0.33613182843733863,0.030473807049132343,-1.6643770801622242,0.3878488970808098,-2.177012482793944,-1.4734088296986732,-1.311245195766675,-1.0622865359235456,-1.9684015547813989,-0.5532017401978889,-0.10647559674157658,0.4138357761334557,-0.006914061677781039,-0.7745904148532933,0.20718911457288594,0.2169497325266852,1.0495372847126483,0.24215212308568132,1.2583706512397927,1.2288960915881855
2.646606763537523,2.064216781672756,0.6803815225424541,0.6000013279252464,-1.2406215054211378,-3.7020817066126823,-3.1969707161311915,0.8193765181048062,-1.3742871565420365,-0.8951801044699907,-1.9424591251982415,-0.66940095890077,0.30799976142212815,-1.2572263135669182,-0.04268091199471533,-0.5463814943710094,-1.9335264826799223,-1.3048995540426662,-1.7630017547396124,-0.9433973844919336,-1.6612295049058685,-1.807652151714687,-1.4397353518503149,-0.031372978299882136,-0.6561015507318628,-1.5116217180205984,-0.9417884810774418,-1.2835824849854456,-0.03468093095638967,0.07813545127701955,0.052939032571122695,0.45498332090415333,0.25929186698742757,0.3475450699756754
2.685746295492666,2.263318773452223,1.1969781454129007,-0.23599302142774387,-1.178898792311223,0.49503796862724675,1.3459324513073132,-3.110199636693988,-2.5098267991295766,-1.4849857241525513,0.5447893398742786,-1.593750226822407,-2.7748471565737285,-1.0540858668837378,-2.599066057845123,-2.522416236469374,-1.8472372679998879,-1.3101696651783064,-1.5656586948650797,-1.626537962869519,-1.574860697054665,-1.2294798638112263,-1.138127545231775,-1.330735156390991,0.1889510638739185,-0.1258065964172804,-0.03990334329784954,-0.46756257871982926,-0.039847203106563436,0.45683363802254834,0.026565499683070364,0.251006668150966,-0.2033017753748801,-0.2674662802429987
