script/wind250m.json
{"header": {"parameterCategory": 2, "parameterNumber": 3, "lo1": 6.000198445256149, "la1": 58.999992894266676, "dx": 0.5, "dy": 0.25, "nx": 22, "ny": 24, "refTime": "2024-03-31T14:00:00.000Z"}, "data":
[rows 0 to 23 of 24, columns 0 to 21 of 22]
-7.08082787769682,-1.003762994942587,3.1005248320381984,4.600905033664474,-7.515504372312062,-0.17616895191539955,-8.995780446643975,-1.61359497560028,0.830767835882536,-2.28110509176285,-2.1348401985850662,-8.163588122616494,0.5112296079801033,-3.949641176576021,-2.557614844528666,-5.90223032414899,-8.278918396417685,3.6273738148963726,-4.795645349867168,-8.968025968338173,-5.498970924380207,0.5769670170667468
0.4738678140151045,5.515392299529153,-0.49386775974945024,-1.911974027089377,0.16644794043697156,2.9695738351422056,-4.479707535210951,2.1822146932935773,-5.331574739246463,-0.26865713172046984,-7.335481194645175,-0.010511831904425707,-6.181479241804911,2.7769618038384105,-1.7427806525815346,-3.9892697216996713,1.7752922439262295,-4.022786657538101,-2.761357613841316,-3.2459824497706156,-4.7186620026904205,2.213615119593862
-3.392218521757706,2.0262311767813594,-1.6016254040804168,-3.833897142133891,-7.696327630633143,0.3671588888508778,-1.8250360029524548,-5.859880142042146,-0.2759234967516363,-4.695768323928969,-2.303817269158188,-1.4843246675345416,1.521891580449811,-4.1461568400994615,-3.069902714317641,2.71430394434605,-0.8960683102333316,-3.3290929983728317,2.890023609030446,-3.362594975923065,-4.143374597961163,-1.191755857209308
-9.017380568013648,4.348630353150655,-4.014975015456251,-3.6665479528112055,-1.448634989366312,-6.870090732042069,0.18540809698766722,-8.302822786166033,-9.536315026357306,-4.050596120675644,-4.413530311177253,-1.7378119472602813,-0.7969083403968137,0.5701145266691238,4.420796586344668,-3.9924891798087487,-3.290537841832805,1.7760938735175602,-1.588542053398517,-3.71500939767514,0.7534358371885475,-0.9699357007881556
-5.23211633822247,-3.661085331934434,-0.28404330977330805,-4.003348574356401,-2.054661803265823,-1.8106574831081297,-6.420508690461486,0.4951469552675354,-7.811958251754687,-3.996395442000764,-2.561350651973165,-8.32928570361932,5.726819274640967,-1.1707499650868078,1.5117398662730508,-8.206879499012869,-4.356662492167067,2.82021721206784,-4.058440982357614,-5.597380708142944,0.40368126029221746,0.43436212413993
-2.8442584763671177,-4.045897353533379,-1.0429154534775713,-2.332276753712159,-3.9243465708832663,-2.9015737004508044,2.926392166000129,5.613965129681633,-1.2511393682111782,-2.5508231680295106,-5.2175521184189115,-2.4518089130250256,-6.667037618571987,-2.5176784750865613,-1.7893428948367625,-3.25996793266259,-3.384974061333476,-7.184580773944831,-6.516327650551868,3.7582239770984893,-1.9748926153706385,-0.7752264600379394
-1.5917538856429765,-9.365992499989698,0.9125647396140032,-7.844483249561711,-8.083382532846807,2.9808266403198775,-1.9762931600694307,5.366258951746817,4.039243467459382,5.514474665238663,-2.175056495540076,-2.9102971521882424,-2.557065230474046,-3.9672595225190803,-6.621278822731647,3.3692587979388127,-0.10819559660082673,0.3845120588039039,-6.536987639036538,-8.239762454216047,-5.147035807009617,-6.54055138976243
-5.908192512419363,-3.9649545224726555,-4.562875300589998,-5.032362469664393,-5.4373948105764995,-7.492934347492296,1.8394272725108392,3.0113730098103835,1.0982713553305439,-4.499340245660832,-4.1964419135794895,4.591437449671027,-3.1843443619618443,-1.8872027403440494,0.6710708984122099,-3.7338428258186154,-4.475925343725168,-6.8846548469925475,-0.6165172689103622,4.613511775437063,4.551295766972102,-0.6646401057461843
-4.101005535363325,-6.908671137566192,-7.487924128582642,-3.0779077037876306,-0.5218945272366831,2.8346382045058816,-0.33465225387954584,-3.929345542192048,-1.7732275344425972,0.6671598040159081,-3.474991327836713,-1.4260404983177124,-4.122092862552608,-1.0531411287353292,-6.780133938437195,2.819516717083647,-3.769752695865851,-6.306193641657243,4.161420842187473,-3.2807962275703435,-2.262456129524527,-5.208633622529701
-3.659054635929487,-6.190584067730867,-3.8646549792091767,-3.124003476546585,4.131576123053678,-4.3733519758436135,-8.127873115528416,-2.7677360786305307,-3.9615671569828623,-1.4213088713172863,-2.1390899029705395,-1.8536441345636105,-4.5819906132329695,4.504409688223965,-1.4881372207451393,-8.252749896022198,-7.204174248157057,2.247856449605203,-3.9146181744644255,-1.5779491046606553,-5.65529684117887,0.24265151224186354
-7.046562740874997,-3.042056843206233,-3.7851453383699853,4.006571409871799,-1.2411791832639154,-3.4252685521396833,-3.378752978467218,-3.4965962652183054,0.8049422949434836,0.031021770210194425,-1.9331654102522091,1.085969848409811,-0.05621324045448396,2.7093217874406226,-4.504478317021661,1.5121849174722302,-5.793920125323155,-2.1803074785190364,-1.894441996792199,1.8039215512258018,-8.53889998883913,-3.9086183677098116
-1.8764077988697088,-0.3650668377749716,3.90798267833296,-3.4102970112826685,3.3404173452799357,-2.7170331703054162,0.1648731118184164,-3.773405313497173,-2.9475062653461306,-2.340444496431588,0.07779681348426089,-2.3189948041135287,-1.3364633279828884,-5.657374747988021,-3.4413855959493747,-3.620469505445518,-2.1608788250745303,-6.646750249483311,5.017164034126667,0.4344462428600343,-1.862750533798375,4.190975253195899
-0.2606642274065017,-4.082446599374257,3.4225572230183787,1.958700528015717,-2.279484278633629,4.905948111799859,2.622782278750289,2.0395340023372777,-7.6181253582449635,1.3585743972758497,0.933013988460411,-8.13366068623802,-4.85125122409759,-1.4189122600612636,-1.2801186866233905,-6.418447868981206,-7.425608059065363,-7.993458842166018,-4.230154134288026,0.07144614041250466,-1.823863431043449,-5.123535690407921
-1.4821809538992072,4.714721631718418,-4.0051584132402285,-6.863058432078477,-4.965376049939349,3.783781163522865,-2.791181871669382,3.4987801258285756,-5.31803101120881,2.4214007971758997,0.16810007234791605,0.48357677900549206,-0.443647429226306,2.116455995423225,-6.336404689539761,3.7999705062409,1.9611951209585476,-1.5260893356785332,-3.297649941992812,-7.555662724115675,-0.05914031498124133,-3.2118116046970435
-2.7818208351727933,-2.109781805679345,1.6904617688029389,3.3171825994239335,-1.9909170002636187,-5.985468399189306,-6.862980649297403,-5.169588625121389,-7.115860116312043,-3.4181323731583073,-3.5247943109150994,1.379252541720438,-0.2154351309123819,0.7468820865296458,-0.2995081838872362,-3.2306643548686798,-9.19266437022157,0.17204484447485502,-1.1063345460874494,-2.1002677747806118,-3.8320773026358816,-1.8776362768731032
-2.2235556950889155,-2.4374040891944007,-3.9324651283669483,2.927821782340567,-4.229986723200581,-2.281058562375191,-7.105897465275488,-6.119565133245139,-0.18813972146684205,3.703439349447699,-1.6038354078910164,-3.1269191541200168,1.9187565933950692,-1.5824298365305978,4.369404039550736,-2.267687405789882,-3.4734500898572405,-4.241626433166735,-2.242567112013486,-6.003299593062885,-0.21741762468836798,5.09874561385531
3.6365586720303207,-5.6862231685401206,2.298884276339638,-2.184865341036318,-2.2548939887139254,2.1354861260098525,-2.9326190753951376,-5.308269657449194,-2.5747801849032603,-0.7471290816298611,-5.426978654602303,-6.590980110073077,-9.079323279139418,-2.42252555480582,-3.9803285498002494,-4.3467619502611,-5.341106991460794,0.6188014475966043,5.642988759106367,0.5381136293343536,-3.5415814358702695,5.603931491423619
-3.763508745998971,-4.653863429779136,3.0904377882319616,-4.81909345595064,-2.09628167782861,1.0395547202040403,-0.7731511818011279,-4.916057017088639,-6.897371086449853,0.5310374235815065,-5.49022714127786,-0.05704267938831289,-0.07121623760943468,-4.326176902751363,-4.960466648775536,-9.277071304620867,-2.9409021626952128,-8.037937877270105,-0.8704464034055517,-0.43745269759703775,3.329512840867123,2.9217124273022446
-2.0374253366765305,-1.07624774127654,-1.38728562177496,-6.5596776332297875,-4.261441187099964,-1.7775878499626723,-3.2277649429092277,-2.2125422336016975,-1.4265149021411114,-5.154325188160582,-2.7666371702915074,1.485815576744266,0.9399341139887215,-7.808812687799485,-3.0853558258695655,-6.696199243447003,-2.911735041713287,-7.915765792402056,4.016960240361636,-0.03674667302724353,-5.068410059421874,-1.1653574200185184
-0.8245619123169795,-0.13658612395495281,-1.9586436904059554,-1.842610700991012,-3.591003302750169,-4.076910239672734,-8.490856332884267,-3.601636522639451,-2.3255101945728276,-2.8574270542687072,-3.704909976843159,3.707683000083581,-4.611081825589984,-1.2458931412052991,-6.80756581429572,-7.9520190230232535,-3.3314434532503023,-2.0164712560345373,2.5553607705842727,-3.797226996433277,-3.9287249131255493,1.0373554565452212
-4.806276891594246,-5.216276100461503,4.605701805144725,-1.118208749516573,-1.046587227905958,-7.810052016760299,-3.8774057639855437,-7.576357068695857,0.09783208603673327,-1.4766493209609863,-2.57498484850801,-0.4273669159366116,-0.7285202574727236,-1.3221695659544401,-8.696239704986306,2.2557453629249102,-4.366902219377638,2.9182231718726848,-2.695111396845732,-2.86320832192627,-2.9170421170157863,4.562306638351308
-6.062559123227446,-0.8831603543439177,-3.6813179828436513,-2.126731180784123,-6.950044106331569,-4.889179313189385,3.802167050321319,-3.9032029909407218,-1.7893856511203416,-4.9294958043507755,-7.898436734220984,-1.9343285788771718,-3.7648635468061733,-4.134648353099161,-1.8918634497490514,-3.919869659356638,0.20331180061774384,-5.081037881290509,4.194374168896144,-4.193618756164837,3.728848897037998,1.485521613519605
-2.865291057367167,-5.526356370697475,-4.77105587203366,-1.9629015350310683,-4.478648778507439,-1.8676504572790034,1.2492218091788116,-3.170048770236658,-4.012135008138538,-1.1919284651831932,-1.3680522956065615,-4.761579822511322,-6.505153742392361,-3.5314172208628585,0.50297556752184,-8.001257775393753,-4.731536678961662,-9.853389733790864,-2.3305241174347135,1.967555353748398,-1.3921971638806863,-3.4605400112944733
-4.059807213565451,-4.270896935891634,-5.829931511052318,3.3393640199658106,-3.1427244740825957,-2.5824171464108447,3.5693827058342045,-3.154073990545036,-5.019453188714996,3.884759486117604,-1.890121727821456,-2.800919585491861,-3.658611198245934,2.002146284164142,-3.762244332119688,1.10514470663743,-3.10440518809732,-2.46763402966791,-1.0514235624876653,-2.0612175735933467,-1.530341288531178,2.0625246368393966
