script/wind250m.json
{"header": {"parameterCategory": 2, "parameterNumber": 2, "lo1": 3.000054539987559, "la1": 64.9999836372058, "dx": 0.5, "dy": 0.25, "nx": 34, "ny": 52, "refTime": "2026-04-10T08:00:00.000Z"}, "data":
[rows 0 to 23 of 52, columns 0 to 33 of 34]
0.4217566472122316,-1.8269283487392896,-1.6374856652444691,-2.3976517704073026,-6.975625181700224,-7.2005227538491425,-6.55466385584781,-6.674630933975416,-3.691347646170536,-2.3504716331135174,0.1273862648227601,2.0443097868704343,0.8421216356373379,-1.2068224287045248,-2.6398062186088076,-4.194649858860646,-2.5343428191316937,-2.9770801533889677,-4.783146905312939,2.686096721626455,-4.789509525549979,-2.01495024008601,-6.555205037118611,0.13462254237230184,1.3871267923312673,0.4333243639820303,-0.3494864248976478,1.249428462137203,1.8585478939044824,1.1087506780470289,-0.39252121161761033,-0.03498624486736713,1.631666838212368,2.064640494223092
-1.6955757610370648,0.7713429446472971,2.137566382091388,-0.45531991321989185,-3.248165516403784,-6.490542172639184,-4.631998447678631,-6.434419835270154,-5.428486338722525,-0.6684737807569843,4.879902259250406,2.5478113980613646,0.14588071267711916,-0.2113752683310701,-1.5802614692891077,-3.7115247294259515,-4.016665048156393,-3.8198259832374752,-5.8364672572624166,-2.322136563238816,-6.9029534904614485,-5.390642973177379,-3.0884595971450923,-2.3760565157280937,-3.006353168425784,-1.9304292441525166,-0.1445297904664058,-1.3806621010648035,0.5549358982494808,4.461367868522814,1.5804609714058697,0.5276472480150182,0.4643072504188838,2.6017033775223712
-0.41766924566554414,0.04965819616833948,1.3851929398727507,3.3026342541840883,5.942087012636453,1.711193207664432,0.6019922919601683,0.8581454077558008,5.3962849406610305,5.211528963489438,9.02014985100465,1.9282502323325181,-1.1618564825376638,-1.3182481924159863,-1.008200684203989,-2.7353437584228537,-2.107530498907378,-3.24819835293535,-1.370263000655276,-4.714266945036692,-2.0169316260506225,-3.2802174277940175,-6.832028045548106,-3.4000478393569638,-3.126986570775709,-2.157972928621206,-2.0127728832666714,0.07708435279155591,-0.2971726591420792,0.99740297593923,3.8889359108716604,1.4625718979213718,1.1411376531560489,1.5923956052042507
-2.287006184551102,-0.5711138714310238,0.1895899996719138,1.7903748971226048,3.0716958713585507,3.746577306030847,3.034561654625992,4.8126685567577825,7.371661951518642,5.662076614259219,6.400073001059861,2.223102206146644,-0.6945056782844694,-3.8220293351323558,-2.5332164525099894,-0.8757241563480992,-3.172468566184944,-2.712076979432944,-3.080849102191271,-0.9517638417812027,-0.008149340580515115,-4.6253831201604765,-1.8336959333189569,-0.8011622872936138,-2.641386429709393,-2.8259391905139597,-0.42175548657282363,-0.4003701035532708,-0.6381142395534009,0.8868243308000687,0.4934492110445747,3.2217018174783605,1.6666687651889536,1.3172099535057784
0.46752898813303023,-0.7470824297457161,-1.2106755204363588,0.40999839866761945,1.647812043089225,3.5381784748014526,4.948512285995238,4.771989594079431,3.5269621364141286,3.9251427259023335,2.538148255446717,0.5778868729720671,-3.2398133758244954,-5.102032702771909,-4.296084341160747,-3.5607120870131745,0.852320443262147,-0.9158604714430124,-3.1520305376082285,-2.1159409540267147,1.1097875400072768,2.398376979056695,-4.2869824414071935,-1.9136778788963051,-1.279551524183821,-1.6861035721955002,-2.2191704977786384,-2.0422590686362523,0.6452628536070397,1.1946467844358628,1.3586201229294304,2.1179862263346734,2.236124066055383,1.723156215165766
-2.3955182668102006,0.5152212805646925,-0.5305967718093474,0.12032160337481193,1.0346260930854843,2.274258116381003,4.4628561104897235,3.433716828918653,0.4326036354149144,0.2739784644599837,1.996579170184935,0.7175585866686962,-1.2708798427521812,-7.978204431157067,-4.708719867092862,-1.6847803944048403,0.27746700310691313,-1.3746486427144324,-2.123504657458208,-5.558502041807443,-6.511653858308466,-5.679734236713549,-1.4498526433543732,-1.846634192493688,-1.4197847522279148,-1.2350476425012011,-2.016010288034328,-1.983550468040496,-0.5914746211458554,0.82744632713819,2.775137527312336,2.1018262824059537,2.5162360230012983,1.9017960482776928
-2.630181930948282,-1.3269383360231124,-0.996800588216942,-1.134131488722989,-0.7107650816264955,0.9164224831265801,1.693779434510695,-0.9274525698240994,-1.8940869975746346,-0.2520914991168396,1.9210650617600171,1.3700595217736964,-1.6471970463557086,-2.2754118332535596,-2.6599423614942976,-0.7746400820056005,0.27645022704609656,-5.276078664206576,-0.23047901067447651,-3.502596167077745,-3.1123198572598754,-3.512480083548698,-4.310346320713445,-2.744629011945119,-1.9757430159141147,-2.02647566376172,-0.6336000027382596,-1.9749698409187963,-0.4343793255423429,0.9919688290928762,0.6560743529784042,2.036746820867787,1.9675849500847173,2.216554183791153
-4.3348012264170555,-3.296120364721499,-2.741760894932288,-2.475418361358324,-2.5458030608405937,-0.5413615919364128,-2.207551579443428,-3.3989054044739024,0.4554183562922026,0.6427541400680252,-2.129805323373129,-0.9240686253333296,-1.930078849877396,-2.4604878713151495,-2.8129469099942592,-2.425141419173666,-3.6349745458208598,0.7093710113837854,2.1813413911433486,0.05503745835223125,-0.17052639932665392,-1.3202752219415972,-4.671345632329981,-3.6158403475410625,-2.419300460090672,-2.4306490044644855,-2.2395730613047293,-0.3191418137825742,-2.061339638638122,-1.133752182375185,1.33409081329838,1.1134514985979438,2.4699467933320625,4.721137781853258
-5.940519557413907,-4.861780974114017,-4.092982217638213,-3.3848175593492384,-3.6452668163945474,-1.2384589049401793,-3.193023883313671,-3.158543141173747,-1.0060630280330665,0.2829274374174461,-4.255096376773673,-1.3232837549046415,-0.4222820351914367,-5.2768255661970045,-3.1962968645439473,-2.585795839105898,-3.0352503051096265,1.8660258453029992,-2.8038923787799894,-1.1404488803322133,1.6035243802603718,2.2571791727407984,0.6200112538230764,-3.068278120862365,-2.812495440829825,-2.2393082852714907,-1.5140886154166004,-1.8577796271607079,-0.9201211795271618,-0.8795938980109651,-0.4206137717184054,2.3791824915881663,1.876730790994841,1.5348632697577356
-7.240795455729191,-5.711472704274071,-4.676606771118715,-4.01176280456248,-4.680425089603042,-4.3238516566778475,-4.713934673582452,-1.4050425148585486,-3.483458475889109,-1.844598007142965,-1.5715439237478677,-2.763968719831294,0.8007981382830883,2.2203860011760037,-1.5476615098415405,-0.5788841460917286,-1.410356554570277,-3.726030280286749,-3.176513685098579,-1.44680286290438,-0.6452516416020725,-1.2877517134366339,-1.8898249342545939,-1.6205566293035907,-2.3408445196431855,-1.9170865673460369,-1.9929666252295821,-2.723827744321614,-2.89325171046189,-1.3240345236495084,-0.2085793495837219,-0.7003539678951475,-1.575329684243783,-0.4791065358320002
-8.622854191250738,-6.334803713153728,-5.733101481492151,-4.541567741466068,-4.435765631772989,-4.762627922190806,-1.1362462930183566,0.589939301614415,-1.4443397440247947,1.6106475432357863,-1.5916580619558591,-6.589498373818316,-0.050526591256132077,7.124080622316667,2.0198684239832274,-2.9816571740841247,1.6618124794193578,-2.285973562436835,-0.8405743163030098,-1.5975671511204494,-1.0360828761478351,-2.449379206079219,0.7559475719967073,-2.8940789408221668,-2.7767602127010393,-1.6746783676248587,-2.063637428599311,-3.1704307079469887,-2.327593114999427,-2.1055817217342696,-1.6576237426032163,-2.230775870867052,-2.6977858369034378,-2.1837014330139013
-8.562428862323447,-6.259997866805693,-6.494543936779999,-4.625656748539516,-3.6101836778297454,-4.738356685643686,-6.1166896454106086,-3.1354911201447218,0.05525867747115035,-8.66516406784258,-4.593993935153932,-3.508052257567425,-7.166380574271503,0.494537618380256,0.6162916340621264,-0.7845595156768115,-1.6141324976714724,0.5038692048568205,1.238422788301739,-2.0937797724314375,-0.19919698084643228,-0.31786230914706404,-2.117407001362133,-1.9257844553626002,-2.1415505455011883,-3.4003479358553204,-1.8372114735299232,-1.178006544389874,-1.3584501206661095,-1.6745776731284514,-2.2886435545812223,-1.900914916278238,-2.2443456202011935,-2.956227634373664
-0.43294761322174524,-4.877171932547654,-6.546550569386804,-5.964306354060135,-4.9099787676061215,-6.172149381731714,-3.999520576612148,-1.5081209058169514,-9.6980685463237,-2.8082761783071732,-4.282490482466553,-6.578532436135426,-0.45676658275932486,1.069430455439242,-1.940630447845949,1.4989764614590109,-2.355585647448906,-1.8428147591226374,-2.9087037363443375,-2.689451504734614,-1.6063316434681085,-1.402267664065194,-1.1559315633992007,-2.3971923911675064,-2.097897294502282,-3.0703453848307714,-2.168518389087085,-2.1741156563535395,-1.3292223242715018,-0.7992322169798676,-1.5325770781453332,-1.7969966228306227,-2.5217909471611875,-2.6039801114803356
-0.2976707162956632,-2.285234021610901,-6.250484966826905,-7.828740407910196,-7.757441348443925,-8.795251323904898,-5.482323589355222,-7.026002897018605,-17.273765564610155,-3.8531231214431356,-4.04319255720592,-0.8730709213825603,-3.200052014046467,-4.62522560795733,-0.1002985890052471,-1.4537337156506973,-1.7942062055879748,-2.619234579605873,-1.102459231376229,-1.6132271040685269,-2.7199607996540576,-1.1392867943353888,-1.2091972829728876,-1.5880538390970385,-1.8401580354263898,-0.08412355646539764,-1.6351665356807408,-0.641330951173146,-0.9343087654557001,-0.21951382076436884,-0.3971020690985661,-0.38793983297143175,-1.607316055847603,-2.597094228648039
-1.0482428459144308,-2.9046408118512166,-6.102620124927912,-8.124991373257187,-8.974261316065133,-8.92611471456759,-4.014866888870706,-10.987729145236626,-9.40298928511016,-4.324054450128701,-5.503546571912484,-0.9693506621854201,-0.9002188395994638,-1.807994501436138,-2.1558065097790458,0.22740805105562287,-1.9720688101939932,-3.171199712357463,-2.1259815503311725,-2.8073387282416205,-1.8945241102411376,-3.583552909008789,-1.9590128238817908,-1.0383318456459507,-1.5087070381755079,-2.1616861284748,-1.5797379751029057,-1.1745612493926592,-0.3995795430594503,-0.27749531202821254,-0.5437945011012255,0.1781124281725846,-0.4820895564477188,-2.6430670756127723
-1.8661056171121295,-4.993189962592905,-6.175278926058879,-7.726788410023329,-8.997556412629091,-8.354455497029376,-9.201786418334075,-7.031071662967611,-6.646724237971299,-12.372203006284362,-9.835952188111229,-5.3949660772908645,-3.1373475764116345,-2.644429314589929,-4.102358555393185,-1.9307801059812209,-1.5909806886493176,-2.0168344853929425,-3.74565931049305,-2.691057579502138,-1.5161724468889763,-3.3690032597115698,-3.0068621228028274,-1.9574701635547063,-1.5048804718711972,-1.979360831262421,-0.7693521449552975,-1.2634482735973014,-0.43183409249513516,-0.13836681883162172,-0.348577142972374,0.956979468466372,-0.2611821933262066,-2.3691948098339513
-5.010739411114659,-5.813132124220157,-6.470729521074401,-6.765820034945645,-7.9751066317565344,-9.908257577383328,-11.279281636311033,-9.9906472788879,-0.2754719619453215,-12.312877846431102,-10.699908271495408,-4.687081699897721,-3.723857746479827,-4.798810997683304,-3.226759808728169,-5.4500636779948985,-2.883539886453843,-2.0724491199050883,-3.1655951747238475,-1.6073758359775712,-2.381711273916813,-2.478914723923855,-2.351142878332104,-3.6228192735765816,-3.293814626016371,-1.957714679385788,-1.0330730167326487,-0.4337426365405381,-0.05630962160260613,-0.03252367382431034,0.29497122554622723,0.783543383716292,-0.36999205411436575,-2.034097250108946
-1.2293856536157202,-5.3728006656222576,-5.721377843924741,-5.657438485023311,-7.180132297520266,-8.109871914498365,-11.324715201399476,-2.675435414261105,-14.886468763724091,-10.24594126573099,-7.671811396684447,-4.746735869626852,-2.728600828150712,-4.757286359610429,-3.63709854964594,-3.6957002791509597,-3.706220387507947,-2.16036107689437,-3.1422670219682725,-3.883864917591239,-3.2186642259087144,-2.688024104372145,-2.890104020034639,-2.350115627199031,-4.2181504698787755,-2.5113774381043346,-1.6330969839972937,-0.31982007011200964,0.2847753365548941,0.6954451288141851,0.546595350063279,0.556297522762018,-0.9392646551513555,-2.151588913779383
-1.2423293584309427,-4.55627341436566,-4.714885941945674,-5.518034812599123,-5.680964913293101,-7.8996158058408446,-8.520914011006353,-12.236756511136734,-19.02880856978782,-12.301215029008658,-7.864768596977103,-6.1851416273521265,-5.226565176710655,-6.186768721648288,-2.4301279042755355,-1.932432111571221,-3.2836887302214968,-3.896219499081779,-2.5199039698894103,-3.303449104634135,-2.6546129695503873,-3.0634904100108145,-2.163313137043456,-3.2508121178745313,-2.3367758306264195,-2.0928210724150436,-1.544056817100069,-0.257187171816375,0.1545003186551011,0.13021663781071113,-0.07880376765429921,-0.6058172522224633,-1.4174192413516074,-1.8943104452491424
-2.121482820420335,-4.798066588938531,-4.197721633978783,-5.3520227536150164,-6.935300450692773,-6.390204172473564,-3.1553882898129357,-7.92958165370159,-17.929519216326128,-13.950980295401958,-8.018751420347796,-8.896862978673395,-5.771819989684577,-4.6895226497313285,-5.766245677397619,-6.550556563659973,-3.5019400860038243,-4.645499003720827,-2.946857166541054,-4.306911877501376,-2.9075233816507025,-4.3489945134191785,-3.913033887879038,-3.390482685948831,-2.839146599692978,-1.7118679336515876,-1.5839020935208914,-1.274759183669701,-0.05081327739131856,0.10431054703129375,-0.5672455236685919,-1.9215163843716832,-2.0883692204120563,-2.5869123532959057
-1.4582345381210733,-4.532027979902142,-5.345611170198706,-4.790066713665799,-6.6526436761580685,-5.511866963707768,-9.234333153548867,-5.0305165592528835,-16.134694202851428,-14.64673116433933,-9.952327148525741,-8.071788639658417,-5.404244869192638,-3.9506072509740178,-2.482481764607009,-5.35325345448352,-4.214283138803363,-5.247442332774437,-4.122233583296935,-4.613410821911876,-5.089325338772529,-4.546119856333625,-4.709106049994331,-3.721035445147586,-2.5722192340583105,-2.5354225337198106,-1.9571191536723982,-1.541196682447112,-0.7786996215560371,-0.13554675320918189,-0.3629008870846941,-1.0635725168921013,-2.1681070609637865,-2.7767927687249783
0.865913283135427,-4.068540196237236,-5.426218078063259,-6.796968473755112,-6.109690011392402,-8.169690464706273,-12.625491311337548,-13.841914070453992,-13.291336587133873,-11.245031270465164,-7.652278928567154,-7.088235202842264,-4.011261838359194,-5.141031375145152,-7.569797407584832,-3.9351895631899105,-6.86573964723768,-6.002199518961074,-4.744031761052681,-5.106921684568369,-6.066723515393652,-5.404680471671179,-5.701154589709051,-4.570463130836319,-4.375897997969131,-3.379099588206972,-2.934078535781956,-2.143550490446519,-1.672336273742122,-0.7198537380263166,-0.3495513787411259,-0.8024275114860115,-1.2615238034256793,-2.2775424711476484
-2.1678098017836276,-4.986197385232749,-5.417114314075625,-7.405339548476681,-7.566879731087453,-7.170292226941301,-15.956770956312573,-12.012221973252114,-16.53232670159342,-18.16186340105182,-8.707283887424998,-11.312632842156221,-4.599357359370151,-6.03382721662532,-5.088461306911713,-4.8645460277702695,-8.346200296020825,-7.119591889405122,-5.323195918443358,-5.566796228489224,-5.684978335261197,-4.5919302284864045,-5.492920724468302,-5.220969927521942,-4.372925939687869,-3.8754233383775345,-3.458240137006686,-2.4535029651000895,-2.148349153560532,-1.5125676862520638,-1.1951114838907584,-0.8242038194867727,-0.3282403143842757,-1.2067388016840377
-1.2903131877840637,-5.600909414024504,-6.4722975918927235,-6.7188551419473495,-8.472666358055044,-4.928663219450427,-11.771301185732842,-23.239487590954685,-15.141419660803834,-15.784559359060099,-7.378222154780874,-8.637249716526835,-8.361043766368946,-7.209523110615607,-6.3870427837893775,-6.145525014697497,-7.720281098748483,-7.807488919899844,-6.657062029567316,-5.051310518476942,-4.496024423401728,-5.20262648679741,-4.7509019858789205,-5.096587710111429,-3.778251891358446,-3.5824977662857607,-3.5616096419591963,-2.8365604260909363,-2.000413598970186,-1.4486607747375195,-1.6283860989227226,-1.003945952649806,-0.6400481075944973,-0.5182001381961544
