script/wind100m.json
{"header": {"parameterCategory": 2, "parameterNumber": 3, "lo1": 6.000198445256149, "la1": 58.999992894266676, "dx": 0.5, "dy": 0.25, "nx": 22, "ny": 24, "refTime": "2024-03-27T09:00:00.000Z"}, "data":
[rows 0 to 23 of 24, columns 0 to 21 of 22]
0.26981153433668476,0.96896280998285,3.3342131653903038,10.880388581242519,10.393295593945409,5.011464270572525,5.786077271805581,-3.604914378643155,2.4530275976084313,2.6001563283115003,2.998264950857858,8.513035040684207,2.6577338479624264,9.576929097324522,1.2884305196324533,2.195378690345833,3.015483108406039,10.658671170112836,3.989209161151766,5.571819911178363,5.8229901577287535,3.906095792116099
3.9290590097372555,5.221242767312737,3.7105395121108122,5.629419158618978,4.139547333498078,9.584609173401523,9.294988583014574,3.368376696790539,9.493196974631928,5.576783910738958,3.816796918954441,4.871356600903943,-6.106657832446245,5.180730229582377,-1.177577256045247,6.416239178018734,3.1709910965014774,5.619263323927658,-1.6620159811741217,1.6642639893317173,1.283178259593781,3.087198242799496
5.460922856819134,3.217663383796497,10.716329533911367,3.7583545322815013,2.8961459198300123,3.0018692035127126,6.198539963817122,-0.7689044299369351,6.730440161887226,3.0701388819943842,2.5135155455652614,-5.66288598216278,8.015032258596205,3.1002386802119477,-0.7164683052808672,1.3633103492239067,4.461025707968935,3.0373974202042455,7.856588152491843,7.263477821805215,6.493874208885139,9.224227910002872
0.559469111171123,-0.8316861320701529,4.690744839646068,6.281035872662021,-0.19249002027070122,2.8281036774154993,5.571855966621319,2.0256110856114247,5.780413099926722,3.172108981531603,1.0363175756464993,5.913147229332008,10.628826099462005,4.5542026100627675,4.2921283305825035,1.6512754477972618,4.815485197152782,1.9015932089526222,5.6082178322042475,6.36137464133266,5.375857338829081,4.819634061516345
-0.10001537612902767,0.20540885752326385,2.572054445875823,-2.232686801127998,7.111671338281384,4.165266748444855,8.083269963282612,6.392372363697953,3.1340807850754535,8.200818841775579,5.448131495660202,8.324526432652133,4.993987316841711,0.7590876431260446,9.44792268699261,9.38906025055377,2.114941369223849,4.792086219767112,5.091536971610395,-0.3800281799732428,9.019176371859995,3.189369588491083
0.3052250617461082,2.9250741984645603,10.519234170162012,1.6443716588273691,3.8280388542118944,4.70143492972012,5.920890587521586,-4.694439719639805,0.8057392703043604,5.784485284938684,5.054211521952267,3.066845801391597,2.239005401861193,3.9178425824017142,8.751452250415944,4.595915446591177,-6.061078247811269,8.282816217293783,2.5159784100150984,5.952535621543125,4.309522063747975,4.311778244183005
-2.9572454605640988,0.5077497375301927,5.784625098353514,6.767200069201372,5.25527864175056,-2.8898212670474837,2.829846781522574,4.892221096714429,4.565139719461132,6.49127177297143,-2.543483683696548,4.793389394012341,5.912267896395853,4.646520554452243,8.035850493635243,5.029082985619369,1.32629675904498,3.866436013599044,7.636181346288404,8.956612082398282,-0.34485344795926204,5.518184771885422
-0.2177810149630058,-0.11277908628871063,3.6531015145663637,4.153243089377378,6.026983449195555,2.846646741431182,10.968237937785094,6.661080551838559,3.954337169890892,2.9502513876350314,5.494981010378887,3.35407209899745,6.157093712378345,8.88019162714491,4.3794091241670605,1.161033671247183,3.8177407399385896,3.5026625458462575,10.724874973573158,-4.714974209089317,11.301539958834828,6.206880185480083
-1.2494373570869803,-3.413985572239926,8.191986717286056,8.650858360486625,-2.9585778531565587,4.179462931489615,6.20772677330574,7.491997309503431,3.623609580359845,-1.1487942059079623,0.5751017917275122,3.375213567718398,4.57960498102137,7.224191272409538,7.721612382403945,1.4023104738527619,3.1856252511799603,4.610902279660148,9.366275665346812,5.4251003187028966,3.366513447578142,3.171812014893306
2.8624162869692844,10.93658353441589,11.17415747721098,4.298785579267405,3.3636889391775635,9.514183584180941,0.8087346742686237,5.032145916258629,-1.1444642367887758,8.435692329421283,4.1935623724389055,2.719899892600333,2.884013636342563,5.523961199422439,9.17989120836638,9.424602664730333,5.807900059626171,1.6909894912346137,2.233689778706545,8.298564538253723,4.8637573586347775,3.164531876186292
3.1064465278910967,4.611417969348848,4.505723012857408,8.833989762624144,2.0590115441403034,1.0662306626301905,10.69378315991368,1.2171881098813735,3.0099858617481754,2.591241379163382,2.479655286650133,5.4530240197533075,2.8053796903109216,4.505339391713717,2.2873819003036484,4.843824263557379,9.171131182788844,3.870133640959807,4.29271156693513,6.283730338597893,8.301432292720387,4.770027066369002
-2.9114230810526562,5.644537776185969,3.6760350258511685,5.626840355602877,10.79499571916094,4.74577446669264,4.2757820539080855,4.8607889580872845,0.8674364554486742,7.830562321742488,5.777062628160659,1.7711826263394739,2.7785522361033226,1.8125124424688444,1.4884142706083345,2.755868660957348,4.428645353654613,5.312678338852721,5.615470143143182,1.6460191010638898,-1.2960241360705629,8.072313188611833
-3.420444188278288,11.27800344683104,5.192615160311974,5.350581500853377,5.51751206123736,9.707804966099339,8.448796872259653,3.9997042156881397,8.96760896124214,1.73372422734136,3.565963553550336,2.9205225330725413,3.5458464473775697,2.323298298636772,1.5215501913630314,4.542469184226809,8.382155811654684,9.412564832843561,5.750659802177148,7.159402264827287,11.242775672181013,3.568174206786817
-0.14811090425848064,10.575827617434458,8.364029306825088,1.9713033331685044,5.9968162954110555,5.084855294348259,10.173135729550134,5.2292269945852805,-0.20529874229258263,9.261103137701818,2.8283993188346686,2.096596642943696,4.610950976134835,4.610075735978384,2.3374534581684547,9.576381885340295,10.274196479400842,8.295642544878877,3.865788229397287,6.5956839456936525,7.69035001520639,2.8498292748609217
-0.6857048383848007,2.9705296170931006,9.447637611036798,5.0874388487898985,2.5724573966662243,2.1050652051650602,6.141726356047895,3.7567624555507733,11.066693294810502,4.850086602528207,5.442849546859196,8.997946993919294,-0.13652669758810027,5.011652142456979,1.9561715996424476,5.279975335795846,5.039555144313164,-0.22950045122222631,1.6259334933902272,9.844785763866964,1.607830860810783,6.891255555520928
2.8847478312353934,9.86137310089023,5.226962750979164,1.8295492248672405,6.024282076764671,4.403370407350948,2.115918588922873,3.0261351217231636,2.69327916402724,3.285627186191966,10.15005750444,4.394628437864765,5.641089616726029,9.607390365947198,1.4548632272354325,11.209631573434658,4.125513476097707,2.7024532928370486,9.291418475233014,5.081819061288107,4.654997989227868,4.853853352083119
-1.4236724134188077,5.365513076817825,7.240441405100132,8.706867599614325,5.879623018668549,5.307934941575502,4.113602381330988,5.3789486922831795,9.770687709563765,3.614607448042377,3.0703919858848074,2.69872463902477,9.223569816620119,11.299570077622482,0.925768509552012,3.085551391324443,3.2615278340457894,3.7451345535789713,5.646616706018171,5.426011492234026,2.3801073354413567,4.444668158522002
-2.732740235045117,3.718946655547234,4.0252320387859015,11.604133063800116,2.8491605662339423,-3.3828842092163427,3.6242480935077945,0.6609931069404753,1.8508756118837641,3.2213895265681214,3.588616962619836,2.5573977975693953,6.860910291089161,5.237033384498102,1.7730731654080794,6.338241728530351,5.939820316974827,2.8282980714686445,3.023482778039343,1.969484276521633,3.8507027844819977,8.480190143425624
1.567356513093427,8.921689037919721,-0.01838567701484462,1.68489898731812,-1.8377595125309911,4.540462170468405,3.7838564261449767,7.883365556788519,9.233693507653427,4.928792845777497,4.452129714932302,8.835320161638924,1.800967301459951,2.3714276262275695,3.079525143673842,8.47893909369614,2.045105857739608,5.308012796921155,2.1031912937202413,11.480896570441077,3.4522300957784866,4.58336309477785
-4.233787104301493,5.456538876102709,-3.475294277200833,7.364360997363691,2.1185400169481583,2.099490198682035,4.331924423561671,5.955384052899542,2.985237439303775,4.563591676080781,4.939354358750716,3.4566736523471047,2.4920801892585773,-3.597566614585795,5.909158005566981,7.832318674437312,3.7254914340781804,5.805228747886867,10.224055483423719,5.548966793722736,4.635368230032579,3.465084098842181
-6.035942549112527,8.096103972359654,0.8571465566549077,5.4560890418109835,1.0019211612499705,4.336761760741665,6.272255311377378,2.6855342500725756,6.1462296779413,5.7974203294973705,4.342396311545551,5.023207321525304,3.804937202293563,4.601399607037641,7.031928505821406,8.247493424311141,6.072333418411179,0.7577412962605236,4.324387762635362,2.595572665826076,11.3431141429587,4.2128860945923785
1.0750367580613354,3.8082494885414,2.517891728051645,5.04033176627937,3.6751983532038808,1.6404540406471673,5.987936639356533,6.919564973019648,-0.994208473297338,5.945328323667983,4.202158598871975,7.992367927198498,5.535375490210842,3.3091306605781514,9.320197026589296,3.3453852202591636,3.7740757217510534,7.801905930006715,4.602284430649956,2.7435623948741172,5.992025344955573,11.442142770897355
-4.719481322697615,2.9694789000874096,6.673693361490575,2.9374145074492315,6.678813173722549,2.2683411733908185,6.274396224140271,3.41405293695074,4.729557149703974,6.379580672640337,4.093701738428262,4.832046236362336,6.136526494568293,4.2589119041144015,7.309085007382418,8.564990766708908,10.374689314422438,3.9330080891094026,1.7668041252647988,5.1974079078919955,6.574718879700616,0.5727661721400195
-1.2041912551693945,5.002268095215126,3.943760238392907,5.514814500490196,3.9051956204991956,9.29320847682056,-0.3023733069236375,9.144553239837874,-0.3266993608699577,4.34696311223505,-3.909873098415375,2.9816526129713945,0.9849296244162128,8.959252541317744,3.1181766843492498,7.967783788419184,7.936435658004216,5.25703734170723,10.044188503717312,2.7411546460338063,3.6657748931919087,3.3356177369660855
