script/wind10m.json
{"header": {"parameterCategory": 2, "parameterNumber": 3, "lo1": 3.000054539987559, "la1": 64.9999836372058, "dx": 0.5, "dy": 0.25, "nx": 34, "ny": 52, "refTime": "2026-01-08T07:00:00.000Z"}, "data":
[rows 25 to 49 of 52, columns 0 to 33 of 34]
-0.12963012701208712,-0.711891205843959,-2.0796970967565316,-3.404140837352504,-3.5476120362291814,-0.09706330358157524,0.3912173496067008,0.37571759884664274,-0.626128017597289,-0.0764154503061064,0.984376966859089,-0.9704784056141587,-0.9968827149785755,-1.9438907814084962,-2.2564325566547265,-2.8874651189164076,-2.2746619768237575,-0.3268080394693272,2.8488627922461656,4.233293259542227,11.561447238318586,10.16650427154276,5.027173475993023,4.8414434976132155,3.3126460718988677,3.6175778946946804,4.205192696849695,3.1370442863899886,5.798250663825587,7.4893729558291975,11.779987733807518,11.812989760265062,10.223150350867659,10.542365621021139
0.5852128271370793,-0.2479485938579091,-1.782631753245889,-3.821939549525375,-3.5098129897525183,-4.491955881524698,-1.489676238862423,-0.6531081660203367,-0.7554692278048669,-0.2795123660016396,0.1300569526389095,-0.5336051632297906,-1.6084798920084646,-3.013463372499733,-2.6571318476073142,-3.189023519720825,-2.793199978545931,-0.20741188387215723,2.4312857155131553,8.338367950568944,7.026328012610785,5.817969379645326,4.292585285169465,9.078318247886903,3.9707432520580515,3.5730967583906605,4.310898572089342,5.18617093271043,9.93779751536516,11.54331760066858,11.647373643423258,11.514187560363458,9.344401730760643,10.003247835653106
-0.35273337269171795,-1.053434491678894,-2.2008581835645553,-1.8330056325618331,-3.2813244386942437,-3.3023202899763042,-2.5331833827682866,-3.0923922415749026,-1.1457243649096467,-0.0680581579060762,-1.3696155586709293,-2.5621174371260036,-2.6823634983730997,-3.122968292661301,-3.426651444062384,-2.4507309684894705,-1.9392253102189034,4.7635914898526694,3.0674652758912537,4.1015967875451045,7.447032772602245,4.611761268428431,4.035378768389039,10.003461599218102,4.210766456605397,4.194489847636998,3.4156348936433742,3.524024577666669,9.441584246451697,10.791796380559598,11.277509354404067,10.801758075688277,9.34485295632469,9.909983809682219
-0.41007655784814234,-1.8107230900984344,-2.1111609235581406,-3.02332607483852,-3.097646849122054,-3.2118897557406294,-1.5635749413664832,-0.6192029995820847,-0.6082714177798125,-2.281112283520914,-4.100080012859621,-3.1727436312402095,-2.791837593259422,-2.6751868369042744,-2.120665714194,-1.3592606978278943,7.523210180811327,7.413753901577786,3.8629024832715215,3.964518144303637,4.065506010636428,5.30810535809979,3.973737969976153,4.020020675408894,3.5941677993472676,3.1277965546346076,2.7939724169160076,3.7089295012213195,10.770292768564873,10.476344119197057,10.866839462234168,9.279728618183396,8.597658318074021,9.372511233700124
-1.554767855682129,-2.453995940289907,-3.4503618718900277,-3.8844434978033426,-4.226052445554585,-3.7322562692850063,-3.2774357133508034,-2.8725670095357465,-3.009708343942603,-3.1450255156244245,-2.8294837708697567,-2.5759906398881673,-2.2358007870422676,-1.0095384614840013,7.314565773089413,5.710233021651742,7.423157685088149,8.966601544382504,4.846744749424122,3.7661766825623366,4.301409853346161,3.9952613297806874,4.081589500918307,3.839384034170643,3.7074803179292215,2.8300576383308846,2.704876175013889,2.9529873446633603,9.981085510437405,10.063954912219517,9.290975715613337,2.6031177900243914,9.010967370506307,8.724336843329558
-2.266170285109816,-3.4605744388048523,-3.991227654436456,-4.617347416108202,-4.329090678205671,-4.563119388701617,-4.409269848323217,-3.924674717271066,-2.2900579703880233,-2.016395929027883,-0.9821876309927846,2.8337482915332313,5.975846851477579,6.751561016218546,3.6834941041887546,5.713570563892403,8.237382215161327,10.856056623208454,4.378361370591735,3.3031851247102786,2.62756367872854,3.5351360756877956,3.415482271755653,3.5347820595442663,3.271257200765617,2.3912655482084104,2.9472965742925976,2.6949633911036277,8.627883583383356,9.93062131960434,8.735253525194237,1.9913609776455223,8.879438729164768,8.203619816405949
-2.4207717850102504,-3.291422317759176,-3.947224774129527,-4.697536072905759,-5.098708108853953,-6.109000330736373,-5.401926083900838,-4.970931552293105,-2.496505743568046,0.6626476141661402,2.155794093537502,3.9225785885917612,2.8286843098672794,3.0732462353472827,1.4622825916631355,4.568393411409302,4.267747681766348,11.404886816742652,11.341659279140655,2.6513766501913127,2.530182525758003,3.1092714749865333,2.3889433420409225,2.8298530993494437,2.735448205361286,2.6356192511109104,2.4256649974714066,5.566329318320017,0.9565249579209585,9.656496800145192,9.516135783085968,3.8573811017471553,8.256049018409879,7.691332715677639
-1.4783533875474713,-2.7652309247161933,-3.637492466041638,-4.6310432948937725,-6.117317445185452,-6.392081455635001,-7.4561311398199175,-8.338821434531791,1.8450071190229231,6.74584005904777,2.889006326886291,0.8080987899835467,7.532139292118315,4.481508870755268,3.122355211411753,7.94188005608414,8.475830833378,9.059410261614882,9.576169941002846,2.4172934143410703,2.183142871977139,2.419715722984157,2.3456317139612963,1.9316197694862354,3.249356336381572,2.0907452930020387,2.579516566818769,7.495965875675477,9.093241758659037,9.615941201113179,9.264954493350627,7.959825543086908,7.720686253869398,7.434144182589572
-1.8857927121767044,-3.250635361695111,-4.14942354695772,-5.50675054061307,-6.089552078336543,-5.888580083821183,-4.853877765334138,1.6396737193324782,8.009973438672883,10.69987305725048,8.303703967208872,6.917544206148973,4.608747292139203,3.561815982093226,3.3877437882164454,5.876088044982559,7.690298508236218,6.919385332134937,10.52244019633991,9.786855608384434,2.6722848823376295,1.7040607738741569,2.7223069611140085,2.0412736186632334,2.8451287219192594,1.7446059398355829,1.7736797898066021,5.156448061276844,9.575540443573274,9.252263859206991,8.705148126647746,8.106679188904556,7.15707547594617,6.910203050683061
-2.3224765427006573,-3.476842620951851,-4.508743749507407,-5.484842390433702,-5.5995092977655325,-4.862543002904572,-1.71618537585357,0.6084920257955085,7.027174117178621,9.245806449904615,8.693561428832249,4.9594326433493485,2.7424195989278672,3.1532274169966135,4.147801481688403,3.111401514712521,9.508071655344914,9.519010575016473,9.405090896590076,8.747262675103409,1.9985811924741694,1.42277219806233,2.811126676625734,2.655980882542816,2.115398052529973,2.126142028658018,1.6007970786937855,4.002162952402104,9.267017467957531,8.82155976265009,8.456988817211153,7.69378419368422,6.900795389683945,6.542108468905809
-2.584043762593626,-3.744692366474171,-4.662653437644118,-5.642576988532243,-4.412367658914897,-1.8075599739540218,-0.23121772071453858,1.2645816388702797,5.2775763045500215,9.142031218765466,7.190303429459267,3.587157349165121,4.08386415350508,2.6121117467879227,1.7861320993594418,3.5499999648309357,9.137338475158833,8.69370794860377,8.86966359849867,2.630787697851132,1.2607794890837365,1.0600089466341602,2.3084783348731466,2.144028017567409,2.43369057165987,2.8079152160670353,4.169218068123088,9.114640978274503,8.873039138119815,8.475058103497963,8.131526422325566,7.373840667830764,6.616068311541407,6.029428912085102
-3.4490484189248583,-3.986310843408262,-4.600481612196431,-5.106063237729757,-2.38109224038762,-1.128382216861535,2.0199317219303574,2.571935826870248,5.391249025380873,9.183544508430202,6.234555364486986,3.1069404718090827,1.8234262506739494,2.132684970957324,0.6233543223004226,5.77822824072177,7.915317149973231,6.788205267072683,3.4418862850100225,3.8019933324408073,3.7660284633270047,1.720678001790332,2.0212330333260726,9.268080989444377,8.388415192382734,8.148042058037365,8.599423482757622,8.731922502477824,8.476234794160462,8.087419197492354,7.85684770175741,6.832509402322744,6.4086604999341565,5.042870928986755
-3.529282333081645,-4.248655272343666,-4.741934328679791,-4.376534004381225,-2.6951956336784693,0.5925043647015342,2.425557315015517,2.7522804122160367,6.148674182380723,9.237871538805448,6.759476626742723,3.613549989684881,2.160143715993052,1.7936164111563568,4.644321195889515,6.651893396060264,5.299279972856817,2.9056723074483517,4.02091435201889,3.854321049964861,2.968772748751775,3.0138961746768285,2.0272966281969262,9.701850351420418,8.853768209288935,8.496312942734077,8.6468628464168,8.45312324157655,7.955412058036938,7.721241708304694,7.238746504628913,6.420147713276232,5.884738247378311,4.75383876910381
-4.014634930041304,-4.459546948659238,-4.5985681657974675,-0.5726162676155088,-0.18863574422674834,1.8149499381368719,1.2729721307736381,1.8447758942439194,7.977493800267453,8.862772847703795,9.005749056524893,2.6817521734013745,2.4817913962380573,2.2140810575210796,1.5562134467084878,4.911676773794622,6.901904153593475,2.425978462863948,2.8894466658468256,8.460766787504202,3.8726600190055276,4.004742776510748,4.30359888383427,9.840280261568227,8.944356833238261,8.72161376689853,8.538879558742192,8.155271032569503,7.389020292090064,7.232915117313224,7.337091454404338,6.1785987782467044,5.149057908595301,4.338595570740656
-4.775073123978999,-4.123303074540627,-3.187254941062898,-1.0349315079478962,0.1819658105287551,0.5937821835332949,-0.07360230269237528,4.148565931856536,6.492120449049341,9.022251915155984,9.016342137199338,7.119164486897212,3.274126167754459,3.5837385971989812,3.1123830684282177,3.133606703349307,7.039140261338989,3.808240364262535,3.4678378980807034,8.166748279719476,9.243187699416886,9.023628372705925,9.93893762600911,9.997108048370766,7.744595187519104,8.732695249585015,8.560448288747422,7.740275008583773,6.867628253900886,6.590169964002907,6.808884042734455,5.327543731688931,4.0850583366302216,4.385809293292242
-3.6490858032529605,-3.1753393067545987,-3.9655547924186143,0.583212334927359,-0.6700482795264507,0.1555963085222891,1.729936640208093,4.178811569186305,6.2001911110273635,7.651262753897898,8.018106286866166,6.653693018093683,3.150053124567025,2.703432897195095,4.998338763154804,4.266041413753808,6.345468023458294,5.575080318168786,3.5871359910277025,4.989237315512815,9.064461221071259,9.246057882719866,10.021723093101158,9.658255956470668,6.45908448068591,8.701937461186917,8.010942371866763,7.283338051204859,6.825699439393601,5.469492591261966,6.090614486011874,5.172178150847533,4.155958426522611,2.9247141278090374
-0.8203100314209975,-1.7629340108071982,-2.4483562775607095,-2.113664326392092,-1.1866017882112092,0.6562193562869384,2.1410343858089016,2.6229282249200625,3.836527159169271,5.032178603442989,7.049856413140665,4.350807024536843,1.887844882868256,2.9047213764265494,5.9593699261811555,6.392776015214453,7.377040460758564,3.5453818063351497,6.209484558978148,8.225354942872572,8.730206657214532,8.646709151979469,10.080554375117613,9.643396588878407,9.379622428264952,9.22546660996299,7.9798999710291945,6.948556014444152,5.3701507104474695,2.040435034080769,2.09482738853451,4.397065791374173,3.85876550093332,2.523493328170946
-0.6247118274469464,-1.741840308219521,-1.3302120287456793,-0.8566862106632116,-1.2345574044729417,-0.9802637409292523,0.5513152718549698,1.1699489132987997,1.8847470678873983,3.490191953890745,5.492149648554579,4.420520810357899,3.061257991961227,2.6005611994332933,4.6936778769683025,6.525980118483643,4.767680642534042,7.4363996162196395,8.216355217272795,6.519967751389234,7.695333186542613,4.3738675517334435,9.887585964461513,9.786125965132628,9.258618666362375,8.95738854993742,7.598274817550797,2.2153942562964057,1.7966304458691063,2.1822602435298437,1.7997329544847438,2.1614440623071296,3.3452949260280707,1.2998961445593027
-1.414840759877215,-0.9735939202265244,-1.1391163670550224,-1.2091898182728593,-1.5590347973370349,-0.7441599584102229,-2.783733703640744,-2.75970138364179,4.737202193449757,2.8387571478681317,5.293875310969533,6.1579929433333795,3.623599343329872,2.5957898198527656,3.920961560180221,2.879427902200958,3.792618112465814,8.409695785845608,7.329947294889956,2.5989468466331753,2.4746669404201698,7.8267930840176465,8.890380310521763,9.236739163820063,8.29740696196611,7.906109582980156,2.8705839524999117,1.319340266194207,1.4935930009397178,1.0767891995796854,1.1771147842493868,0.8941378109757513,0.8154006472277548,0.9044499048412404
-1.794907562481339,-0.9968287083651637,-1.2096357470066477,-1.016538166961331,-1.6471971214457328,-0.701093153061548,-1.1371356263509007,-0.4522175801108237,5.305456287599322,4.407364149768293,4.904210639492903,4.863828046395864,3.8102039115593063,2.2377201245490412,2.70469089902766,3.720713579218751,5.372988810342568,4.493422754077486,2.5294111712128204,2.768916566977948,2.7167493184376044,3.9606201040527185,5.373662969863339,5.843837598711898,2.709018996544584,3.916544676908914,2.7926640176220827,2.0112158468583274,2.56149220706233,1.3082551740969945,0.37317043379336373,-0.08432708993951205,-0.23500289783150677,-0.7186113158881308
-2.889518879489442,-2.135025567818834,-1.0492492776785096,-1.6721432073382114,-1.426816434004065,-0.7637264163661864,-0.22304821626820812,4.07475227256506,3.9608780888901185,3.4545668951707516,5.365645452258294,4.332025717767127,3.671059375103024,3.3819085292524806,2.4770736218698888,4.41310425669628,4.171175059919654,3.357119849627754,3.9330628719136698,2.094316996707569,3.4960776396769284,2.2900646014527135,3.740716076095412,5.693749597285165,2.377537578705901,2.1230962210811613,2.654951808981491,1.8229194008366059,1.3324586772400366,1.3473510343479853,0.10061165079177271,-0.3264847288536851,-0.4196130284615118,-0.3676688804000351
-2.3401568674566042,-1.7948310949776318,-0.2607346256917198,-0.8538687077702911,-0.5456749068278716,2.4296459545797715,5.268243033181397,5.869995653301859,5.32819176730572,2.54844970707316,3.775477705936206,4.9969485544737715,3.453905809468368,3.1740813379833543,2.2682860752639034,2.9746311441666387,2.9574164675328896,2.9503476109637528,2.800298200850194,2.3623385564825727,2.3616974745798287,4.136932635799813,2.8802051831075346,2.428285036810205,3.331123387504937,2.2565077901603594,1.52194463037397,1.241951185001441,1.5536398673685599,0.548464834217457,-0.055552938850056986,-0.32742329027533684,-0.6371566418963508,-0.8815020111897853
-1.5029739668236135,-1.5477860384787625,-0.752578462286929,0.14695338914451983,1.5576515557477875,3.1108166243037614,3.844513626660343,3.8036901477633283,4.013079463096381,3.795732868771553,2.2075516591180873,3.738741081780993,4.149916607671473,3.6156373577128504,3.671234664786911,3.503120024842981,1.8582807025996222,2.262005049402481,2.347482209726762,2.2088226854049315,2.2171296033853545,1.548016191576725,2.85097910322493,1.705382143183503,2.8198817239194107,1.0694863636087666,0.917614737807271,1.095148714281125,1.280426193066803,-0.43320827535934264,-0.3054967711801415,-0.6927419696470112,-0.6285404261038156,-0.9931551281983944
-0.8711238083434348,-0.47435144149358804,-0.11655178315001276,1.5344492350196697,2.293755883326778,3.94125319618061,2.832177021982298,3.6447989494244544,4.018955437123934,4.905020464362094,3.816964370905525,3.9584647510032545,4.009323400023542,4.440031649089119,2.533549669568521,2.072806683582131,1.378386938761125,1.5798099476342569,1.2739271337638225,2.2497531011216756,1.942687855275398,1.476956029908344,3.071222144794709,1.4374226120142137,1.5318652686109848,0.9854114850132989,0.7278907092395853,-0.31172828640972605,0.7072475190956584,-0.01196941100892766,-0.6190336159616544,0.1700682019498698,-0.7057371694163305,-0.7020134705291973
-1.6233027062361198,-0.5602604819897301,0.7906086445989697,2.0770193208408663,2.61318178864713,7.966982609821879,4.297946098444714,4.533236415535667,4.508024981867536,4.238838242134053,4.454677870391872,4.471771005176387,4.616456964641588,1.9419208465856395,2.60547439325503,2.1247615297894376,1.8117040969682614,2.0551715270369275,2.1707351142646374,1.3272994482112341,2.3497370313322987,2.059577143792654,1.8251433672572155,1.8254461671897095,1.8914086016737728,-0.47148308877924877,0.9014513742524319,0.7961334067179818,0.47977199184187086,-0.26486688010329046,-0.5039051571849936,-0.9119021045949196,-0.4729430977626672,-0.9529476140246282
