script/wind10m.json
{"header": {"parameterCategory": 2, "parameterNumber": 3, "lo1": 3.000054539987559, "la1": 64.9999836372058, "dx": 0.5, "dy": 0.25, "nx": 34, "ny": 52, "refTime": "2025-05-18T14:00:00.000Z"}, "data":
[rows 0 to 23 of 52, columns 0 to 33 of 34]
-4.418407660367743,-4.425076712796452,-4.637329535067071,-4.314286845655309,-4.12794239523908,-3.939844994191525,-3.6066045543319634,-3.086324262543518,-2.6122029239735793,-2.4827028697797964,-2.6599269542592237,-2.428951895142101,-1.628292913436899,-2.565155337741976,-2.4169871750330767,-3.6243334693020013,-4.259567202655787,-5.437804596412867,-3.1195375487281076,-3.6767305521735665,-4.327477648680405,-2.2744675222134942,-1.4309260290366093,-3.0291337284146116,-3.107922896235653,-2.1270955095199984,-1.6188229045714033,-1.1859975719128377,-1.0711675841753836,-1.0895065805468491,-1.1487414073632045,-1.1227318401533137,-1.2060551083107527,-0.8037907184201031
-4.798053684301348,-4.677787911534776,-4.560338451196331,-4.582371292391466,-4.269896430688215,-4.13275919806396,-3.865621451403866,-3.2854257925037484,-3.280605178369353,-3.178519166063159,-2.1927479625527164,-2.609812908472166,-3.1042918454936057,-3.5742982383704534,-3.9538552539995586,-5.168450699894914,-5.244450399136311,-3.559861351912489,-1.624281587462793,-3.7657473792169185,-1.798392845441345,-2.569547919878149,-1.6745496783534541,-3.0484978225311696,-1.146403949935891,-1.4697961300579259,-1.732155766408893,-0.7457884382901284,-1.5626890449834394,-1.7664812001811654,-1.3597974378863669,-1.0188809524761953,-1.040659615500776,-1.6236476023515711
-5.0487886990774635,-4.885647876366842,-4.908729538954277,-4.764251021952345,-4.373030891425121,-4.484182044297343,-4.1764517600361195,-3.7836887742799523,-3.792939885750829,-3.240691579691312,-3.067863043219082,-3.666652016374803,-4.046814168312474,-4.93470157407897,-5.442994393154275,-5.907310379112053,-2.410634793467045,-1.976491726999051,-1.5269045339621772,-1.6994058495060178,-2.8299334896342385,-2.1726225016086538,-2.261739788030589,-3.124854573866627,-2.0618576930574153,-1.8861835324080283,-1.1602919228512383,-1.7956033189807072,-0.9066791533278158,-1.5244502145034844,-1.8971294978246578,-1.525074513355524,-1.5732268108248142,-1.3958348684317388
-5.117912204449304,-5.069898907186055,-5.087677365459003,-5.118925781703984,-5.355633437902223,-4.885472323553701,-4.778578041545041,-4.867855877697422,-3.782153531436988,-3.4065692961259764,-3.9495117458929947,-4.4517235579383545,-5.149709594224035,-6.199052071843309,-6.428645550489438,-3.434663927490531,-2.117871071438027,-2.3967382020927475,-3.2860425506550026,-0.9888545283602035,-3.366894773230835,-2.3290258134042787,-3.102541213759389,-1.862560162875362,-2.016659717698884,-1.6414966605120833,-1.2645147485763666,-1.488895966942882,-1.2697591283129057,-1.3358713077383846,-1.8017299083011287,-1.7815033642974347,-1.8577855232173437,-1.795131922917609
-4.947931223768188,-5.1165829077097955,-5.420627626674311,-5.509499749658866,-5.609461538703079,-5.6185898811650175,-5.349730057434824,-4.330029403641629,-4.216017715577812,-4.630151696441818,-4.923145167660282,-5.5674173110780405,-5.990555112339983,-6.6212806095137084,-3.984306830454954,-2.278216561806189,-2.603518153130377,-1.995182309858689,-2.7778148463924883,-1.3766498410425168,-4.264883858829712,-3.836296897813996,-2.338407856495397,-3.3513771442889486,-2.42659582928726,-1.4842963163260552,-0.9409830062878808,-1.531754550466069,-1.612271944395185,-1.9466431122436123,-1.6793136167672609,-2.2206013953557626,-1.861493070393126,-1.858933920701593
-5.654016957887337,-5.227123785468844,-5.571429747796577,-5.689479276625929,-5.611164846525254,-5.783928756022905,-4.948617964881019,-5.053934348713388,-5.215851309593766,-5.498865061348211,-5.763365286032226,-5.552262925850614,-5.7148099470042215,-7.101588855235351,-2.2622197501166865,-2.3809837700939607,0.5352770237089036,-1.1507966685178996,-2.1687798230136615,-3.54438541051619,-2.246544371534047,-3.687383760068489,-2.6929957934033237,-2.356342848729893,-1.0924259997119217,-1.7368529282800687,-1.7479549485888555,-1.783959032763532,-1.5856143588494747,-2.2648623446141056,-1.9626212813853456,-1.882295980580917,-1.9418840680975524,-1.8204336800256709
-5.381617813163106,-5.695868460363511,-5.8434158768720925,-6.111629371896874,-6.013612199274626,-5.86627313448063,-5.764433047490605,-6.2111500378621205,-6.646054642446012,-6.7906951055889255,-7.088370984603291,-4.148514853574715,-3.4902004702670197,-3.3859493419219593,-2.963612441986892,-0.35890922107606815,-1.5109933940175553,-2.1428191610429983,-3.026063933094309,-3.592013858823834,-2.7249197472551763,-2.1482114868967104,-1.4458096555903122,-1.3321349266636724,-1.731546556397952,-1.7008069758625128,-2.077771565393726,-1.7894960271693179,-2.245174135577886,-2.455394196647532,-2.1651585854803788,-2.276210440308633,-2.3673239770273256,0.8304444034728629
-6.10309424674344,-6.252657844852811,-6.278133904579548,-6.62599076297527,-6.671074248215557,-6.698150608088325,-7.346121828506932,-7.639677342489066,-8.203082327748096,-9.274671131162673,-4.509807316045666,-2.8400674185638914,-1.6492021917145234,-0.3794545709061275,-2.3793984950995095,-1.8710170333799112,-2.9640213486565425,-2.6687957860441567,-3.551146626211699,-2.5851355939677987,-3.4177974163861746,-2.0742016979226374,-1.1341161624517333,-1.5302905316502686,-1.4618297514169998,-1.697030313322201,-2.1334447543334774,-2.5565626113537916,-2.2789325390396384,-2.1227340635000833,-2.555780102112997,2.1145992394348787,-0.8917996589536188,-3.20754835966568
-6.446818272392831,-7.147291388839365,-7.29928433625049,-7.361824781947613,-7.681938343147926,-7.7647435677677175,-7.897076617969971,-8.61472278324315,-7.735931903152011,-2.456006847094991,-2.2548268278510517,-0.8398621137641491,-2.559287755014733,-2.9294542667204224,-2.6342733180329057,-1.7586339469012018,-4.149888232206439,-3.885056770861956,-3.338403726753683,-3.812125754815371,-4.801068360795983,-4.130178264256036,-2.396585757472752,-1.5843639778601133,-2.1692181176383794,-2.3474493148063185,-1.9629269155295772,-2.1477287406232533,-2.41707263552363,-2.0201117107974027,-0.02722841849345243,-1.5147255063855782,-2.8291257776164156,-4.32487985463633
-7.442478149348656,-7.726971497588629,-7.924041668844873,-7.989251773918355,-8.495553667384847,-8.82619255919901,-8.814626526737454,-8.90204041736361,-2.2754323060542996,-2.036955218585754,-1.5210726700959185,-1.910770401756972,-0.7804813499249883,-2.476587517835618,-2.6878110964086166,-3.654927335406785,-2.8076300167822335,-3.303830862707272,-3.9599863506829203,-3.413714363179209,-3.848044391048863,-1.4994747571374505,-2.33527817354759,-2.2617044050160233,-2.157141185358615,-2.181938178651915,-2.5011489641697016,-2.4474977181647017,-2.3742023356662854,-2.0540501790500274,-0.15216491470390545,-4.346004394477473,-4.757327545084898,-7.2643094427253
-7.906985101384855,-8.224581431356569,-8.467663060975106,-9.08327825358884,-9.420413919706744,-8.818154575107124,-7.413219489762223,-3.2231139500799926,-3.5221867378673495,-1.4209177866134066,-0.598745548764765,-3.5177650944256054,-1.7264531652033053,-2.971588133799651,-2.1905603068764523,-4.550566328850673,-2.713159980198396,-2.7824157731114454,-6.025772339994417,-2.7725762660517765,-2.693927320096865,-2.673158693936746,-3.9816392877849704,-2.422319728928044,-2.6621263813629388,-2.0831032716475724,-2.226757904031298,-2.5507864623630123,-2.340767206180613,-0.7457465590755276,-4.735104639356633,-5.5317388435299035,-7.0644251669482365,-10.27054919745659
-8.710987667696651,-8.519961016329233,-8.783325753023234,-8.589919970484365,-9.905568051702168,-5.086374051657455,-4.869908199430969,-1.2973415858221877,-2.500342893524869,-2.650473911674884,-0.9860353676402547,-3.2385180804703593,-3.506586391046965,-3.3117050852717242,-4.475794796078694,-2.281300288167383,-4.152190497833019,-5.919897360150372,-4.271386019114055,-3.487060968417118,-3.023577312473551,-2.8494726811325646,-2.71832565094476,-3.095472664733684,-2.443300521320178,-2.5173440165887446,-2.9551670372734398,-2.4474530180095937,0.3011961456606679,-1.683721199459638,-4.856704136774272,-6.390382119355295,-9.018426514334298,-10.724352119088357
-8.828754658198273,-9.428068325458261,-9.710064058932925,-10.463407251107649,-3.7373401489464446,-2.060230241578749,-3.0824905429985554,-1.043501512491096,-1.3182891335377933,-2.700522898330553,-5.680027901001576,-4.538446026662995,-3.6955732440182527,-3.176756404778296,-4.34391990137887,-5.344243131711167,-3.6620584436800874,-3.0116115536430716,-3.02562919432679,-2.964216556549321,-3.378473798131499,-2.684838153579376,-2.6913392837584826,-2.7117490624590026,-3.079607886518863,-2.455742977733566,-2.822962341141107,-1.6236933724234852,-1.3820022888105554,-5.392203789558388,-5.899535531883447,-8.01956210392242,-10.791005584335338,-12.658418352017383
-9.03251965950668,-9.582291736937945,-10.110144031944662,-10.976590799987813,-4.968142890936215,-3.686719961700999,-1.3779485033416798,-0.7524538894406209,1.2744562564644009,-0.3615181798732351,-3.1198719824851993,-1.2337710971837819,-1.4129657216073326,-1.7659772989964955,-4.626702525965342,-2.5098193626650596,-3.898114922000433,-3.314390650828269,-4.052264817333904,-2.414671116299105,-2.2205368633688662,-4.490297051066606,-2.473683372109773,-3.058299433351978,-2.6120966750407884,-2.813869561695319,-2.1650446598162514,-1.2077097386052775,-2.0096583455902173,-6.252915510456111,-8.306119474498276,-10.683226356204706,-12.247146225460197,-11.724870268506624
-8.870260101334997,-9.348909710541271,-9.997305742141592,-9.516982270368628,-4.642479590753086,1.3944353988579279,-1.085532105679262,0.22235731626534463,-2.4951896254930457,-0.5967345828661729,-2.2306045368391696,-4.041837522334933,-3.558068932882987,-1.9081769569048537,-2.4594625487557953,-3.6233421713083356,-2.928766266990554,-2.793516500739723,-2.890446349982851,-2.3418160320887464,-2.9429202564478265,-2.6967719758917084,-3.1083385569669644,-3.0573769121856196,-2.86226934445448,-2.6724764668084786,-1.8866403729870902,-2.377508409073302,-2.8820133675789132,-7.982670322966575,-9.668045724479486,-11.29781379790722,-12.203033268285651,-13.052706255492419
-9.095453389190407,-8.372057203090867,-7.617681932593135,-6.670410399315052,-1.9182072463588937,0.9995109925519164,-0.7784042280232334,-1.1984687856289646,-1.0978045002427523,-2.0806588646633477,-1.9348318090826317,-3.7893341383364088,-3.4546604432827195,-3.6311799316937776,-1.196265406679495,-3.1378896068605053,-4.611687114831745,-1.9827619630552236,-2.1876245109547954,-2.137352291825772,-3.3345147967147306,-3.9622763989673966,-2.089947296913255,-2.6969530028210453,-3.2684360203324063,-2.092239374887319,-1.7916881785202805,-2.6110453993506844,-3.719712527751175,-9.307184696020496,-11.026591396723855,-12.190393842132101,-12.100177638811124,-11.950961627642068
-7.452643738761421,-6.849125325527956,-6.430964546213285,-7.729090461448963,-3.838881566088294,-2.2553555676607715,-1.430560440652182,-2.3962420769662596,-5.721060363684887,-2.994373072105203,-2.4751096497565754,-3.5099591482819834,-2.2903023584656617,-1.986518651319678,-2.1248692550178565,-1.316044938459821,-1.97455832777966,-2.5938137681947304,-2.889270779221559,-2.3315518612295407,-2.8365817023985245,-3.1836799793080335,-2.396534987928734,-3.491219122858893,-2.8367992392167425,-2.6834160998398593,-2.6304673361902258,-3.111044445219211,-4.464246093512165,-10.034705067043806,-12.101939422692698,-11.576938938893207,-11.898008916244741,-12.298528036703987
-6.0048415718508386,-6.218331192343223,-5.6113028047837705,-6.333204446353695,-2.2310951661868432,-1.3072757231891479,-3.8774892865906203,-3.0039076055966434,-5.5029202785874745,-3.3348699245158624,-1.2767587927839579,-2.0249818922033573,-2.5404629051507235,-2.3512504859023107,-1.8707062220721034,-1.8908344323436561,-3.013577029985663,-2.436994773002233,-2.6325479900943063,-2.319889780360229,-2.6212921294748965,-2.4193550327419193,-2.3795619339898484,-2.7690258424753873,-2.561429797473173,-2.7205839812437707,-2.937613436935472,-4.419581739052848,-4.670933398531098,-13.394950691658018,-12.906521306639972,-12.646845760975857,-12.16238496840181,-12.519355775806366
-4.926986646681107,-4.16290209912446,-3.2169560368954784,-3.932298686027908,-2.613650203617273,-0.33964866612193534,-1.1917634931209011,-0.8710588876053087,0.4690119630216365,-4.719381618749739,-0.8358631406987026,-2.7595690019720718,-2.9605841610490877,-3.1018487421908434,-1.9725974257653045,-2.673328987516063,-2.2351068335528512,-2.354821551545996,-3.6975533273689427,-2.7014021278637133,-2.563354106648184,-2.859344518045855,-2.241516654435659,-2.5990682887888856,-2.3829181117590053,-2.469595857605864,-3.2964226852902554,-4.882852501293218,-4.563006787044574,-4.592950127684851,-8.013984592986866,-12.643554989311461,-11.974278048723603,-12.404702361840155
-3.968425925166478,-3.9538707347351365,-4.080111870879307,-4.63501876085402,-3.086696703556838,-1.140898537069213,2.355808474747955,1.0944178900565942,-2.358438873974734,-3.0678197499045843,-2.967188112195673,-4.6159308713047915,-1.558349614551651,-4.0107912074813665,-2.211349824913868,-2.668183468644489,-2.6044982377157386,-2.5883657238996727,-3.2401072122193213,-2.2119512518467785,-2.725484709955767,-2.148577613639406,-3.002435757462963,-2.129379085813146,-2.971948073715945,-3.594465995337557,-4.950815873910092,-4.898160927088412,-4.791868997507425,-4.352903898094536,-4.405854316797063,-4.2095262556242234,-12.8929089558672,-5.65003412101925
-3.7725719183018853,-3.923475198568443,-4.645427631601486,-5.518377713730469,-5.953558022342734,-2.436350389835919,-1.2128467537477943,-2.6086983756013313,-5.525661784521163,-3.6023232781320216,-3.137094417677869,-1.9149651823859914,-1.440516987117774,-3.1483321375312934,-3.2517430111786974,-2.4699504775329566,-2.669275237558483,-2.5726894433590703,-2.2164775851848617,-2.156172539926923,-2.1173921012150663,-2.964736697622312,-1.9837418779622882,-3.352523463577676,-3.280922269585472,-3.7579672477505603,-4.060048923787811,-4.879142154602152,-4.4818740713939516,-6.441749763077556,-5.564558102194349,-4.5500408169858115,-10.66473072490543,-8.7818777371662
-4.118625112489701,-4.804104117272434,-5.915181760172216,-6.658221424996363,-7.061593022963868,-4.318790309483434,1.2474061807564008,-1.720099789898802,-1.8815031723078806,-1.084801168776616,-2.6950422756765224,-2.5585557090733047,-2.737648474955213,-2.5351061822273047,-0.9656995701230777,-4.422785450496003,-3.1898260702154153,-2.8281362096791085,-2.448749148648491,-2.395195892989331,-2.9858443428280332,-3.1347183771358953,-2.7681215947356708,-3.401158879884844,-3.6678799966190265,-3.8390495452098063,-4.557826296161937,-6.742110344414325,-6.803361963024309,-7.253697770292181,-5.065431645310164,-5.333807123582681,-5.154047670639659,-8.554187762585762
-4.156848721641222,-5.139026430463388,-6.167406036033557,-6.776831267900131,-7.145908152191881,-4.028893019240899,-2.301470489950514,0.30267254099507956,-2.8956031373537985,-2.9281164459820097,-1.5394419278833438,-2.1390562363411467,-3.3007670188587426,-3.009673161018363,-2.0106280820848026,-5.152043434925318,-2.7328835615964007,-2.4266599144421273,-2.7534932867482085,-2.9055361487200906,-2.8605179545889006,-2.631132490528926,-3.1119594315258774,-3.301497442311368,-4.291357543567626,-5.73448980936198,-7.442288720874143,-9.392276107759656,-5.886194499462133,-6.1364005764298994,-5.630158997515403,-6.850797693274988,-10.831293979655332,-8.801557839223017
-4.784444396942303,-4.760236882697678,-4.941565147949106,-6.315013003670465,-6.4513605039960735,-0.45608539144875737,-1.840267294591906,-3.243191120561512,-2.9129647707671236,-0.2818266701298662,-2.3287687617978827,-2.614462264176173,-2.6730663810706687,-2.113875615022746,-3.0607197585388444,-7.113755844423855,-3.8942267901536645,-2.6124621599948394,-2.6884061373837502,-2.8657596964966916,-3.1917056982280467,-5.070522016538782,-5.2031553142097655,-3.5044784001906706,-6.677621267684979,-4.895996987989202,-8.565541010987763,-5.5801958851195685,-4.878015295933765,-5.8581417643764295,-6.202895004867264,-4.851162245944103,-11.90398901655966,-10.698285197429126
