script/wind450m.json
{"header": {"parameterCategory": 2, "parameterNumber": 2, "lo1": 3.000054539987559, "la1": 64.9999836372058, "dx": 0.5, "dy": 0.25, "nx": 34, "ny": 52, "refTime": "2025-12-17T22:00:00.000Z"}, "data":
[rows 0 to 24 of 52, columns 0 to 33 of 34]
12.488330821537634,11.491539298649231,10.594264150708883,11.87299363255572,7.1007137813483645,7.003008579336971,2.882395837479298,2.819280548667941,1.3916679505544551,-0.55662615017865,-1.3433260802717795,0.4380152820975011,-1.1471375594386903,1.055567555160241,0.3450253407447761,-1.6006666189826178,-3.0992238353497523,-2.9954700268650325,-4.980094773063222,-2.899823540667255,-3.4704512096457005,-2.2492593316252845,-2.3126347552754183,2.444782324173592,3.595934000841471,4.841754412406678,5.308681546887805,6.416338704938131,6.284843508828578,5.986439912127087,5.164374168207107,5.547265245200819,6.595454916712314,6.80895948510541
11.08169925056986,12.049318052831069,9.803662091411109,11.087949048369541,11.599408128294186,7.3256904281578725,3.493413419311738,3.0484601020131255,1.9079679581985245,-0.986991526025706,-3.374514423455067,-0.3565988766975635,-0.5659571284813852,0.534296297998791,1.9825088161333102,0.4276887086816771,-1.1031940405747047,-1.557617369466505,-5.540011856433633,-2.7021308588190913,-2.78071659739878,-2.0727445285487573,-1.6239010145159847,-0.9087219586252284,0.40224488265638225,3.3275110420778393,3.6691544739313686,4.169105380490133,5.240696158629259,6.961233353866088,5.105741740897767,5.325541761844785,6.464340773282504,6.92618133333414
12.267430024153674,7.287060939049432,8.01634307350354,9.737856637992016,10.448455066957512,6.993178722191527,5.5023339828192555,3.623733995610681,4.029486033292875,1.8583305727870492,2.944830688059641,-0.44228864927625205,0.5136807237874181,1.4344448834443904,3.5821149050434054,0.7923596263288796,0.26505548373213306,-0.21567644944449857,-2.4686927421130087,-3.118017288840182,-2.588615355797963,-2.209862833226124,-0.4891201976604813,-0.40457927527054116,1.4229192191802666,1.6307476442353754,3.256386187277785,4.608237097276502,4.667564639989761,6.407727545762524,6.117402886613583,4.713805066834266,5.0465993600824,6.3864881185928635
11.98065561093921,11.4317700492362,9.38572017804617,11.023859996934098,6.783727090507142,6.388394916137554,5.316580410187517,4.368925755194342,3.9716738809967764,3.2642813938597106,4.425130561517919,0.9581102893836262,0.9131838407883922,3.852466881054539,3.4979730883484987,1.883095092714832,-0.9920909981720804,1.7347947669210289,1.9320849982114265,1.1383826594360171,0.09738883029878781,-1.1356083452773973,-0.34353625984739034,1.5179455733358496,1.7123947422182337,1.1306983834429096,2.5947222835898724,2.8501876520201583,3.760065096504931,4.550739620872528,5.875682815236197,6.151075519891509,4.484295382515603,4.851349050360376
15.567214936167579,10.534260161993538,10.360172066954364,9.514297024746183,6.772252592567343,6.072635174337664,5.482433567580594,3.396166972796181,3.4051423663300495,3.196521083483971,1.2870234462957306,-3.575202618107627,-4.628680649453278,4.1545774465443595,1.0357162513719222,3.3926560544093483,2.616293917711581,1.025259726038158,1.6455348713474824,2.6247034723784557,3.165961599435083,0.8502186342113358,-0.853195160010213,0.5338920654848552,2.1698215720247664,1.312691969858579,1.421013373749599,2.5473355086372447,3.131946674871741,3.682454391557517,4.995107181099275,6.777175681344207,4.527332975624417,4.2486176748421345
14.295381558836581,13.658854135467873,12.737088552708936,7.415774777243532,7.254380484839522,7.48163780278436,6.43009199810311,4.064087000321378,2.880125497792355,3.081141556736711,1.4765304678015736,-1.9722940792904284,-2.4268405174023657,1.3513866372519097,-0.9689964557311662,1.5080135871617335,0.42814047319920745,1.2607411367129466,4.783541504336607,3.096742603943109,0.3890249893475433,1.9738852078634426,4.19101390953006,0.6105619672231201,3.947286995498545,2.452750802727946,1.3064582174747288,1.4375562197148688,2.2439334282685106,3.787783922571289,5.159590487617587,5.261834967098197,6.273805260519417,3.307867498619495
13.539172550287189,13.945320509351806,13.913741655984236,9.932091760821077,6.684807320433992,7.451855400363716,6.877747248611735,4.858655405098594,3.4392930069839442,3.499858722928176,3.932583464784117,-0.7823663054550936,-0.7435368730265844,-0.021200422670640408,-1.7521032031650392,0.792575373013499,0.5489656919846944,7.060511847416989,8.484594812839749,6.59114547471483,5.421464059805667,6.053909951900089,2.9748247553886986,3.9725634054795527,3.8058888031996565,3.5152965269143936,3.6243882298929417,1.8365064316463757,1.8106669715798513,3.38403864290271,4.37082270073458,5.094180242882474,5.197842719590235,5.091159897961063
12.586193884478943,13.051043472815717,13.626851204804522,10.795228248995869,6.1149850663819105,7.077413024581353,7.2707836682738565,4.160103389727085,3.5910906393916786,2.948222753607198,5.025748588435109,-1.5695642045988898,-0.8970581075666425,-0.09255046821827989,3.647105408322991,7.4502350316765575,-0.5199456367174865,7.6345057203935855,10.792354711255161,9.065442523157955,8.962570980148689,9.623504214100528,2.7250359547019354,6.357044193028379,3.032697041413002,3.7110385926896896,3.7641005478900116,3.1938275516393735,1.553145570115638,2.8301851184021682,3.8152154887419836,4.531527638191686,4.525110178459051,4.202961690460581
11.628941851053577,12.747919208732963,12.225674397802422,11.126418156706695,6.868736782395497,7.544534844300065,6.922813586808039,4.327471006017231,3.830163149950951,3.8460780659002416,-0.8979420371392516,0.7889227266819259,2.065870778164364,3.134532037270502,5.435721010218705,1.9390977136650454,5.041229288556313,9.113833541155842,4.388557042104955,9.142349481933444,8.850649302550988,9.126764771338788,9.977586328858035,6.719467038821404,5.363893961283171,5.651790016638534,5.472152494552442,3.0541375040935392,2.165097764320206,1.7038566298698532,3.986788263502532,3.456337751873231,3.9883176303990373,3.840975680945872
12.858539311390706,10.87582327660427,10.629918777196744,10.165002810306856,7.761050786572957,6.923534564636108,5.468368049737998,2.749091803030038,1.7655362225264362,2.2994219657880457,-0.44635697060195645,-2.594232713896518,8.175721847899261,9.65268247709215,4.157335219190356,11.812281804061193,7.930082130983815,6.32530482844426,6.665117531038829,8.92769161812761,11.017164196089293,11.301123241356139,11.059090932358602,8.532682883673901,8.455763556363518,6.916137746146919,6.405410193372936,4.473923365028686,2.713173517309474,2.604503344569934,2.7395299818328374,3.95605968244998,3.441377793383983,4.415234588865772
11.879610347846924,11.051819559075025,10.40367744654643,5.987947631291009,6.14732043534618,5.628472101853223,2.466949956626724,3.0471198257739207,7.397617151358694,4.789854355593469,13.608700719638039,4.715644514306553,15.25802935687087,12.452420076597104,10.747338469098734,3.927712452868061,4.598776891506008,8.203266351150475,9.795585884307062,11.54266418903698,12.6702043085363,9.105564356259324,13.472491077731014,10.15483414994458,7.26694387438338,7.104507478698549,6.680850476799374,6.533676308713294,3.38759817293133,3.0587569246831,3.02592941636486,5.2283668777788455,5.641419155925645,4.832434118774504
12.30464179327637,11.176520208080786,9.458429330904432,6.051731953311394,4.096454919354055,4.579072037555626,-3.263463202890446,2.3673240868993664,-0.046138592166389825,9.090354528845387,12.43129105101892,4.189277384678135,7.070938162425317,5.93416587266642,10.987283240185981,7.411703495078639,7.6919341788642965,10.386097640661612,10.816488772552416,13.109014362614136,14.73289256555115,12.247538117696358,9.61722777007708,13.468017782267696,10.629924478405568,9.593593524543593,8.636808800369515,7.403703304193869,4.824638497442582,3.215707762481801,4.992276986090414,5.266515917001724,6.784226566316079,6.904634341882125
11.888519734079134,10.555898879951464,8.45631056074264,4.372330355564626,2.789733814605172,-0.726991434330677,3.0963435919823055,-0.9815555001242484,3.412410873681242,16.286573788868218,6.305418743980189,10.518345772216716,4.835258899771456,10.627139420268051,-0.5005090055347201,13.575879331421293,7.461508728932893,8.591331558580896,7.611602252134969,7.183168446583324,10.825801673022402,12.305457605846593,13.478817283193166,12.772205748560172,9.340806939484198,9.355321952833334,9.029110812616826,8.087157078605287,7.05403325283016,3.5972968043312803,4.576647848602448,5.597231941578204,5.706533636116576,6.67102941057926
9.835044633757667,9.458107570492318,7.617111852705966,3.7788224811051907,-0.28493890863632715,2.1545882943406767,12.954229604975355,-0.9271184370895923,11.89972038235822,10.018569160331054,13.398583493918487,10.691043466797845,1.2869557219626706,0.36564458015242823,8.423464216324556,7.144391824516242,8.673671632681803,10.059205718236733,8.80567347945944,11.183132670551457,6.117491132275872,11.064844916276007,12.945131706915658,12.108528535146789,9.179792872612705,10.68549838253559,9.495595445011272,8.285837210463884,7.639554990106152,5.248677979208055,4.590666501083802,5.3912024435411015,5.946094992090313,6.35696736472456
9.006605849574962,8.68068878225186,6.226292750086245,2.775782755205106,0.08897868555218923,-1.2798380160076988,-2.7851165187351357,6.988761159794988,2.2735793443475787,4.8921681590612645,0.23544112357696528,10.036664986726812,10.837963079655268,7.410327300842895,10.022105527710593,10.26896938932904,4.936988527577553,8.330456259610736,7.9861674049528535,7.875600193971844,9.107979018615495,8.00043086448536,11.234399426152144,12.537437363591897,11.187607924551616,10.596470224346076,10.497932247044387,9.755710910468668,8.086194974447023,6.9581357164199344,5.521034036662978,6.077914333423307,5.926734979232371,5.905619854808668
7.926098433585681,7.611997690138204,4.303967540866964,1.9139320402626236,-1.074807618716623,0.6591836353969057,0.9675937764456359,-1.2230315883129466,-0.15890088504059754,0.9108048932160484,2.7938533305447724,10.09854599600909,1.0706460678201917,10.089405099556144,2.744239809980813,7.256924625973431,10.4096643005465,5.34440221577401,9.81225648352846,8.824040599773983,12.572364321088752,12.212492428658,6.056638604303538,11.178026653070729,11.44650042941641,10.496208589605926,12.461037322515256,10.082145901393915,7.976241115574855,7.880014735131269,6.345110783924877,6.784745158471668,6.659692123950253,5.712527299468113
7.31452514953814,5.898076328342974,3.635885972064455,-0.1514404081338087,-3.234814196725744,0.6680861476265065,5.286984474651389,8.51037322989167,-5.891259867544921,11.512940239085312,7.277757780609019,10.858923676281657,9.268890691923227,1.3189439542283912,0.9045693958216584,1.0291757249418954,7.549955831233292,5.056229733505735,10.779527908954902,6.743866915532332,11.939366958953888,11.473406564151892,12.82313407375423,10.971039893827221,10.704005300946207,11.922389022841532,12.413263744167386,10.370498661605337,8.86133104410083,7.89948518151598,7.065490850736761,5.818287678028495,7.422434752153228,6.2972631944538735
6.655161679529968,5.609933234579448,2.6815845803946687,-0.06516923422412253,-3.422249522201529,-2.653993496863023,2.6925859241351957,-0.011371377731145608,9.629080946258693,12.747520772930796,2.558860873737213,6.509362124446329,8.292484667262213,8.089097241699402,7.1363146711220855,7.31718463800822,3.7490411120749365,8.895109100784737,10.094807151653187,12.230062797306095,12.719719996304232,11.360919644537466,14.152685818024406,13.383756212299424,11.592066317565997,12.515792368984428,11.325655755043472,9.87272680213024,9.835994334311222,8.648696505559533,7.916938739850947,6.365049715654005,6.824869492283673,7.30974363978501
6.654370182139931,4.481623141407034,2.9107826857567956,0.18565904082498316,-3.1937210054353797,-2.678001462030657,6.634533110805689,3.9741003445710605,-5.922891068440142,7.2900977635528115,4.156874278643625,1.8191897712162448,10.808418587627385,8.515865769998245,6.596008892161688,6.755568147960163,10.02011269620601,8.91003620100514,9.618486270799018,12.184802908879531,9.223669579304191,13.132468234325895,12.875563263473587,13.559110689764656,13.188090513018206,12.435205004749387,10.906911629884561,10.224340280902569,9.160398516650432,9.15377549127482,8.650543474139957,7.757346917215639,7.339811552824416,6.233041066922518
5.185758777447088,4.456000527903757,2.783019653243382,0.1188615050312271,-2.7158212001744158,-3.140980488435082,5.329981723149689,8.535860302037792,11.972602504533402,7.524133746326164,13.444666741892087,12.665069956462723,0.31256855991427646,14.270541178604903,5.084171508334272,11.707953055413029,7.217777443384842,9.293544294193879,7.574638775392453,8.614558652293693,7.163162448892853,8.034887218118481,11.836378909052574,13.497672557706183,12.43157562827656,13.07176787155516,11.023001673667014,10.858964963685306,9.074535802058657,8.905042122747416,9.112580333792474,8.516690130096068,6.984038193047385,5.582407073305402
5.660387300625777,4.838557789416179,2.8246818041059973,-0.7975768304668017,-1.7050658913508998,-3.2753504496679477,-5.913825812215122,1.0108346288015047,7.673676151780923,9.34332403386716,8.946796436264155,12.091156686175555,12.126293180553642,7.771746197804668,2.941641198606042,4.253155271454229,8.747134183291926,10.112089162221002,11.276553379735184,9.333243091556822,9.730941819462526,8.242479916848458,8.58643521845836,9.705058355888825,12.23181374084323,13.09302480493697,11.208410511553609,11.219589324768899,9.68324627502136,7.909669211152327,8.315569187551098,8.641216709748363,7.682342978524634,7.725275984356394
4.961089765880337,4.5439204090670335,3.300972382398119,2.0980931843952733,-0.5186867461295007,-2.0784827100446646,-5.814113703306642,-0.5213190783607714,5.122336235127168,-1.0620119154594758,5.21405588116756,8.856212947997873,2.4457615030117856,10.613581237320355,2.711897378948059,4.0310306186649685,7.509184902089292,10.49283148508261,11.5595351245167,8.169549597028313,10.36744433999954,9.470171081273204,10.72242178738604,10.441014989998461,10.56253113056226,11.986094841928686,12.020714487869146,10.846721731570899,10.88905402619445,9.356964209267497,7.8406810216349685,7.6292097673286134,6.7993420216779015,7.250687866514921
5.314839576898611,6.593278558468996,4.837779621856421,3.79605100594756,0.4943420789469755,-3.1174179337056747,-4.549736802802509,-0.3013523154882729,10.406336249404406,7.191460321860527,2.4748646524161693,6.107058808808509,6.738051684262606,5.797052150890465,9.224927281948093,6.69394430795286,7.389461021099575,9.603123353795306,8.887394868332695,9.590380002192065,9.768391332769294,9.433652886530204,10.436080936888118,11.126367018680899,11.869236352380561,11.564429902624688,12.328579101723825,11.083320175218454,8.8734021707127,7.829770775891578,9.268669489756707,7.024213415912331,5.644524373834903,5.886883630382292
7.218336918664311,8.531655677525688,6.152384461437802,4.343788042242038,0.4604873310065023,-1.5110658837114228,-3.295948751559217,-1.788150496324795,1.7604615742577936,-0.6648212214214249,2.3916168422052535,2.5520330660572585,5.547916133058881,5.05087323144145,7.245293954404561,6.6697674345395965,5.800060807546172,8.655298886376585,7.6652076649888645,10.028684896008855,9.509819789186666,8.889637699033583,7.967891694094849,10.733027934457157,10.456295723494481,10.876031742539196,11.53526674005147,10.161470361742607,8.84112372275161,8.633723397643465,8.011411639090285,7.002655817424032,5.8323163651756245,5.727509862603774
7.334930111250615,8.214063385258926,6.560792371970802,4.614624982923177,1.5302301718230253,-1.7521098909184827,-4.401714232669902,-1.6364097389973327,5.194239644909581,2.28258104268749,4.392181503182429,3.8331404343232016,6.985598833623913,4.883122067844977,6.412831594941606,6.27859120096208,5.057789497652241,5.823289481563317,7.673398744545384,9.433288864256955,8.519040862842152,7.852970636964929,7.498587807274457,9.250578783547068,9.14525593792053,11.145567053438697,11.85541525631809,9.081208197851783,7.715632147388671,8.511075467539614,5.731321534297577,6.728560482125914,5.895437459038027,5.795710457109177
