script/wind350m.json
{"header": {"parameterCategory": 2, "parameterNumber": 3, "lo1": 3.000054539987559, "la1": 64.9999836372058, "dx": 0.5, "dy": 0.25, "nx": 34, "ny": 52, "refTime": "2026-01-28T00:00:00.000Z"}, "data":
[rows 24 to 47 of 52, columns 0 to 33 of 34]
11.474108668343836,10.994276606535335,10.341603804883748,7.332141889394342,3.443038385306224,-0.25115834967413203,0.33518690957610064,14.013961474534486,2.7337107216841736,-3.9154303979072793,-3.712785813853797,-5.835886817937468,-6.794532724712073,-6.726464403859665,-5.713184034730114,-4.8386132022201265,-3.9017740588168768,-1.0541094825273576,-1.3884752006723138,-1.7444681841970435,-2.7857315236087326,-2.2133825621985577,-2.1814825829427718,-2.9381739587553364,-3.9387609829817043,-3.612301400859111,-2.1334282558294486,-2.9126160964416647,-4.568424091989472,-3.904111882372269,-3.4210838771026633,-3.158306232505549,-2.8334676533278405,-2.441329831576935
12.321914310334806,11.51018509224771,10.160509369818135,9.144482154232994,6.147909045577937,3.583169592365849,8.086202422090624,1.5027761363942789,3.9390000356731165,-5.550860302016443,-4.717773587886526,-6.993291442266625,-7.8127548412864805,-8.643180567967947,-4.997182834117986,-2.9922846850775437,-2.6693517448797013,0.09868014483403001,0.22967090903742,-1.2210027530772318,-2.5996376598175397,-2.66330426798787,-1.678097842007043,-1.519819984727486,-3.458238644417042,-4.612835037782975,-4.861339026323822,-6.143284910933823,-4.768701894892689,-3.6880753857585447,-3.2649473498716723,-3.0886506126322573,-2.8394598716213792,-3.1339897422737257
12.24384489413504,11.574542925532015,10.959819959054574,9.411163943262137,7.872781526337128,5.418970767282444,1.0768991408331832,-0.9713256224699663,-3.228865362632795,-7.069299300804149,-7.854435423667411,-8.827592286278042,-10.599759703227694,-4.23268230992473,-2.1412931507584045,-1.2134869183347303,-0.6805174625394079,-0.1499988950820035,-0.7543026733981186,-2.306780137609862,-1.747968871774605,-2.479624274047936,-1.3245174893068503,-3.7708156117595637,-4.3628354537916625,-4.85156270976589,-5.935977421850146,-5.32021486961255,-4.251431571924188,-3.843542348136774,-3.680232484000026,-3.6096444437052053,-3.375618623803207,-3.200772749143148
13.573020905579677,12.437508153553,10.523199544106758,9.099500749465001,7.509847256922612,5.344041386687249,2.1848151905647772,-3.0689267291931084,-3.505850575099907,-6.816987961503996,-7.92338953668873,-11.154747804389887,-4.242375141289479,-2.950617209667514,-1.9588455610295141,-1.4660566149384922,-1.1850042118148965,-1.154580154754661,-1.3542974387639537,-1.3052253560745604,-1.3974117246157558,-1.5892288200012228,-2.714361326620775,-3.6884595687014516,-4.075355327598179,-4.81637909213081,-5.84152219314353,-2.1489183526826245,-3.8925322592679534,-3.982848419701317,-3.866868376041176,-3.6986644717272625,-3.9338706444357783,-3.6043023001657093
13.022051984841534,12.72361680093648,11.653363548678811,9.284392365597427,7.248688258448565,4.6039401015420856,1.8354815594597205,-0.69214491927024,-4.418294267004388,-7.716564656329571,-8.612500630834198,-4.036383878140198,-2.4017365026690913,-1.496949104875232,-1.4833434253093545,-1.6655390609635412,-1.7557529300027659,-1.7885128004371569,-1.9304220112705093,-2.1591644598855586,-1.1548086591371671,-1.5610149422244703,-2.273901806575301,-2.1235516055497627,-3.2037018718392027,-4.189441101283722,-2.707794008737325,-4.288999346929522,-4.515080936609183,-4.516829337079417,-4.335719806902979,-4.054002760658071,-3.855373581167454,-3.93300573650411
12.741452624802132,11.895151672301859,11.634124282920036,10.510084135970647,9.172261287360701,7.519710581564674,2.983869736439471,-0.008648036638506957,0.06728186305313479,-1.2737213019947085,-1.707647866268474,-1.641231606076694,-1.3588288137253934,-0.9099158244100691,-0.34079679195532875,-0.6425935628912227,-1.217933226634988,-0.9035600100382869,-1.8368735523687485,-1.059207569212042,-0.9596802319367392,-1.5243819912980145,-3.172716442185045,-1.9670452205166333,-2.4644305132998094,-2.836105831614325,-3.9200087530955137,-4.986164641321295,-5.112411968365851,-4.583166025915423,-4.358510449147407,-3.796232338682781,-4.9717424319112835,-4.495876714841789
12.487202865464788,11.605162912961148,10.792172593603718,9.951230774274494,8.772133654182829,7.805784422832752,6.332656006102117,3.7541436582401593,2.228176260969111,0.915390829781354,0.6262254643668186,0.21036421882209602,-0.029307213465183647,-0.5215899834283525,-0.6218213832993794,-0.17009767420847796,-0.6854546819467604,-1.0310921049623927,-0.3899126383372559,-1.190615629017802,-1.1671664444606635,-1.633015253203472,-2.3809429764502865,-2.4430598422333647,-3.8450586785680674,-4.797840868181912,-5.460099769541053,-5.232799771527901,-5.630137920867875,-5.430177218775801,-4.393224903447687,-4.838184886855509,-5.444104667311268,-5.2110357328830155
12.227771934248993,11.210677116991286,10.159421601609882,9.574869889898094,8.419300711191301,7.250134988568404,6.470217649671944,5.388726047230333,3.0621279488979716,2.528427520543041,0.9946564622076103,0.02611471778772885,-0.49244729115454144,-1.3440305783030517,-1.1556566722755555,-0.7778098314872972,-1.0466512993806851,-0.8752678803935178,-0.8378562926882801,-1.0222948002376555,-1.1889561306873124,-2.370999901916187,-2.9565770069889696,-3.905616237978045,-3.9012761245633767,-4.5157356615859765,-5.911559605164134,-6.356216849685362,-6.287946169684578,-5.476071732528376,-5.075450987677118,-6.228031362163486,-5.859911755500307,-5.110975645394597
12.118966177875473,11.42194812159053,10.552194371699228,9.016016793127603,7.326692536672357,6.709826063611262,6.177237796663535,5.64631541216331,4.552341914397654,2.1023330265399847,0.21529973570397956,-0.477263451284967,-0.6720465405670383,-0.13632533939858496,-0.22719071858510764,-0.6877128854775784,-1.3157876004950717,-1.6285054690984269,-1.0374404681323526,-0.8209699357701398,-1.0151123960237451,-1.3848827514694635,-2.4198333240757557,-3.2953615476770026,-4.531912484129724,-5.817802262375521,-6.091720011141543,-7.448904129634684,-6.26146624960315,-6.38797775242818,-6.215716903824469,-5.919032882807468,-4.881153161829807,-4.17426399402193
11.705813955055605,11.202500851354792,10.78477276023358,9.854170042464782,8.284241493294996,6.632578207298927,5.409186352471201,4.985238670157346,3.700753743228105,1.9481859340576508,0.9530743561787538,0.2178180810940694,0.4095628429030444,0.22152252779310208,-0.0977606788052177,-0.9488369698037268,-1.4786223265547256,-1.760508932661577,-2.073671812795032,-1.1714263264938363,-1.6342561206656945,-2.2196155183803037,-2.5913375110192476,-3.683208095531717,-4.327246165742089,-7.506935884452997,-7.181095283118644,-7.102415912563907,-7.307343377482642,-6.900098769728795,-5.983305436970288,-5.448571815240966,-4.81412223405083,-4.445804468768848
11.640376997718226,10.843161719654,10.267896677432022,9.64971135046684,8.717086454883082,7.352375664435692,5.142083422471985,3.6966912870551676,2.9624019722803463,1.9925748589903391,0.6581959912064713,0.43769409071334625,-0.12227497276590281,-0.3829751229230024,-0.8616297838754855,-1.0065091986399706,-1.5908889386827791,-2.0620222779143833,-2.45238395956999,-2.100069460806705,-1.2491629786302714,-2.437663551558014,-3.5498448850937265,-4.250196849184012,-5.125862735080405,-6.829982452633978,-9.187276780552057,-8.164998121006809,-7.5023198396051765,-6.415297317341872,-6.0048532900945615,-5.431380413594764,-5.252107230093688,-5.068795028772477
11.30974480606278,11.17536060426242,10.089680109424927,9.551024874406718,8.708641793003814,7.555497262901835,6.377790941454232,4.979313697448506,3.015502521248728,2.059660062375462,1.5801823089075715,0.9555814392200767,0.7147224904294684,0.2424314982779271,-0.4709952423149338,-0.9780702655541743,-1.5507674475677244,-2.2302780400683666,-3.1211037994395827,-3.380266249785905,-4.4139903671558525,-4.253462341902279,-4.5700540367463,-5.902365473054863,-6.661589575585265,-7.887810353232729,-8.841546452114839,-7.614900746986903,-6.307502556383843,-5.492296562392354,-5.241960160579358,-5.324403390158328,-5.398595120564364,-5.006808120210908
10.707577540309462,10.612706447716802,10.515081734473558,10.864650159012612,8.449846474000282,7.488157055428199,6.7615912170737005,5.3405841777240965,4.409333630341339,2.8495382039984487,1.8259389978935192,1.292502751631203,1.1144965786354404,0.7307089487650164,-0.24391183317011236,-1.0058225533834917,-1.474100585301696,-2.1033736260130143,-2.5376472706329682,-3.647298266394375,-4.391872378280562,-4.628614586205288,-5.927804226635477,-6.62464011341415,-7.4585136620805885,-7.199961652806507,-7.286940788134657,-5.785653414327909,-4.944460569010578,-4.541106175559999,-4.578095060800436,-4.333920892604871,-3.838910163965655,-3.449552532547954
10.383355918132402,10.065444195217093,10.153687567604958,10.108686739238228,9.406832623388134,8.046005655068155,7.219373049801699,6.204496049405149,4.639004228017146,3.5351183636478005,2.7773557419663906,1.6684610126151356,0.8635359416238806,0.6356119629132341,-0.5567661844598972,-1.035516861716862,-0.8183427370507476,-1.6429114406542533,-2.590559977676877,-4.334155309415483,-4.473107457538629,-5.5785332005648565,-6.559063654383653,-6.612982259623324,-6.353756998606692,-6.054172979137339,-6.196374298695458,-5.440862252839499,-5.083652822758851,-4.584178408654303,-4.3925261275336265,-3.985822299946046,-3.7851673754581063,-3.2022073326507283
10.145069422719338,10.402336632161253,10.272608859784437,9.77343107876314,9.265684462913708,8.630079804177603,8.26639883093633,6.794680352534997,5.618983111487191,4.486401570920278,3.8759656403780594,2.3663761598673223,0.6650418434408208,-0.02189165466519941,0.26042830759565405,0.856065145827147,0.8799216886057614,-2.357864165827369,-3.0408161066968815,-3.053013712593748,-2.8871757789763444,-5.105845451826161,-4.590780418805539,-5.017575405198479,-5.475663541431185,-5.546043733057281,-5.5047454887903635,-5.1376338978147595,-4.5266865712381845,-4.299007627451748,-3.8613999421326413,-3.511099702661108,-3.1643641169107215,-2.6085555228514177
10.766917428780175,10.832743250328416,10.545859996598736,10.28613053199292,9.061658084548693,9.140479369067497,8.812210261253366,7.619325490407133,6.545824718511549,5.174340607439618,2.8881862998673964,2.206158236693879,1.4810925951743523,1.0943384545873591,0.4730397815356205,0.013935497118046144,0.9065216896270881,-1.8107076531192912,-1.3232702433611743,-2.0957864440580622,-2.3973137271106704,-3.843226830475067,-4.809506235011451,-5.738535879307883,-4.993308785610201,-5.27715866671447,-5.558682472641154,-4.929108996125546,-4.376640122284857,-3.82372625299012,-3.4850783242520422,-3.216169725083613,-2.666228418049379,-1.8393501135208343
10.835692398527392,11.291516335103115,10.754868815520158,10.168273715889939,9.468924483436032,8.690289944699275,8.818253788829727,8.29358960637978,6.267553142617348,5.782362288970379,4.912599909057003,3.35350147466327,2.7738461783925437,1.4031605120409878,0.8899451185742099,-1.8342727782448598,0.8046965490473588,-0.1615361629584505,-1.908267058523874,-1.504235935867454,-2.3405031239825917,-2.9921819775614207,-3.234565022531963,-3.222793666542705,-5.055827063945277,-4.318285018716978,-3.7191133008310056,-3.407280449823039,-3.5169895792697683,-3.3250989427482063,-2.8763900656441073,-2.7442046260080732,-2.686199098725203,-2.0965820031866467
10.791015782707731,10.02460111843981,10.144382629440559,10.008802646856326,9.711839619116486,8.985902009326287,8.526943729390313,8.066138144598629,7.748964422761027,5.59268753111354,5.27044227682995,3.9858559087877623,4.200159906638182,3.765483872457729,1.3472810930366872,1.9969908780034364,-0.37106332930381924,-0.7854763242931813,-1.9204307559924259,-2.402663148909252,-2.9354397085022184,-2.797677316781328,-2.117473870738706,-3.1230057489648106,-3.4103092284733307,-3.001188602945327,-1.8925771500231645,-1.9669055891702616,-2.400138754275143,-2.806125209466372,-2.458328833676377,-2.649130006610818,-2.5949523983711087,-1.3927095042111948
10.53120767869256,9.775307961127588,10.018288687730626,9.321542125538123,9.564150744513281,9.087737640069932,8.504001831654108,8.162578071168864,8.12032143326083,6.777993268965781,5.790682019119807,3.8935674203801716,3.0791621853443996,3.4827909348131727,3.3792172097106765,1.9084893656267883,0.09765476255204839,-1.5288174721110652,-1.878580769560206,-2.5350025071584024,-2.043932660744454,-2.5426175327472,-2.7655210776067563,-1.469864650105672,-1.6967206173623244,-1.1278237044434885,-1.4846629438367465,-1.7722466278663431,-2.1044196900592818,-1.6209188600646849,-3.00944568643438,-2.9272527267538955,-2.330855538873611,-0.31781016714920085
10.479650603752889,10.454858862232728,9.808412926761388,9.791883790603695,9.03968698550271,8.566604070699062,8.401523518804625,7.832334311138775,7.535228213416406,7.345105949124341,5.9359348979097115,4.202335159801106,3.1915757677932235,2.79662254078347,3.3036942562131117,2.878288923487435,0.8268398790086819,-0.6718708142896562,-1.6735531197582278,-1.067321055199803,-1.2113569432563434,-2.3723422710727275,-2.0952067359577042,-1.0577765598263706,-0.3655151619807233,1.3197545443525525,-0.18605040288285005,-0.6129834500598266,-0.346991601317057,-0.8664203916617313,-2.855467099132152,-4.016022832597354,-2.6543549268078688,-0.6969427727016558
11.016538143137945,10.735955422962032,9.965387316479832,10.294938373427016,10.212688073186841,8.992833398056515,8.118508539747168,7.156216068178986,7.23010189790317,7.132341966139345,6.842329216819112,5.616027557042015,3.3497165866307093,2.057789123234371,3.0448674815122807,1.6922963085563552,3.049743172618747,1.2732381379534616,-0.8628399108530634,0.0430745854776585,-0.1616713587350883,-2.8484155706462126,-2.005705774613687,-0.9368661020264892,1.6646434059005466,-0.15865608530031466,-0.05215021135753001,0.6329283081422511,-0.6120566631185348,-1.619719667637409,-2.1617822713240624,-4.153740671242668,-1.684946215742516,-0.3773551107766599
10.410413744187851,10.448205523769975,10.985931378719796,10.898263167902817,10.655878089171239,9.932251064688709,8.847749362452884,7.74278526693913,6.241029140096733,6.452471602080501,7.427948155312781,6.725063862022754,4.507319603986613,3.0601983573830767,1.3329092111748972,2.0299838299608326,1.7386428574680057,1.7222883994868938,-0.4368178754207733,-0.2969974692036705,2.151549151710286,-2.329712087853219,-2.185893691958986,-0.27018622762795136,0.13688316336149758,0.0996068843828944,1.0863248825369045,0.5823646695375961,0.04503622792895565,1.0215295535028466,-0.6679334460311542,-1.2155198657134392,0.39912195739353534,0.16391448694674562
10.079105018593392,9.705129684517185,10.217310395019357,11.178458006655436,11.626998673346604,11.90604508706068,10.761819523575047,8.850106043376586,7.0269250946192185,5.166241938736382,5.682569029973933,6.425347275106927,5.801129344322314,4.737982595356787,2.8572368282708194,2.8566433250581147,0.8949770617770075,0.7247709870336326,0.3207883384949068,-0.12552913031519347,0.837917679874396,-1.2806388609890151,-0.6236621454231043,-0.689664323054347,-1.5921957891941703,-0.4669061047862617,0.4121302074857278,-0.6700391579838799,-0.17852679467122173,-0.06863512692518765,0.9326494020426694,0.6034778504336928,0.5250062378240883,0.9738941936018217
9.598736736116564,8.619539358765994,9.303521004379057,11.725758934113223,11.65169572185541,10.807556118282523,8.953501718697192,7.805560829218515,6.904655001716013,4.8634324003765625,4.945720408603265,6.607773210192281,6.575747703492132,5.888663600490471,5.044867681726012,3.011903831227946,2.636959697048377,-0.6786853757904251,1.0027703024862156,0.6282900336288196,-0.4314156583525946,-2.5877683118940054,-1.1906479043899127,-0.6196467485813997,-0.963792884602808,-1.0059785306220699,-0.774517830296318,-1.5475516440631947,-0.10471393248374189,0.26436614987065415,1.132772857622335,2.399825297607342,1.2973750952613234,1.1638676955579002
