script/wind250m.json
{"header": {"parameterCategory": 2, "parameterNumber": 2, "lo1": 3.000054539987559, "la1": 64.9999836372058, "dx": 0.5, "dy": 0.25, "nx": 34, "ny": 52, "refTime": "2026-04-26T19:00:00.000Z"}, "data":
[rows 0 to 24 of 52, columns 0 to 33 of 34]
0.6989315446533126,1.0752387777641377,1.6050540019979793,1.9868609924147425,2.103160943687937,2.454822277581803,2.565839986018318,2.683502073693023,2.8124471099644475,2.989499401839597,3.38531572432723,3.841970178936402,3.9701612345113344,4.804106362215398,4.694994615102325,5.326659063022863,5.62329674777696,5.357385536452754,5.440985370964341,6.320727867709071,9.998771213705849,9.06105062405525,7.68103935603042,6.545605469062408,5.915148784673932,6.491115546299514,4.920794674426349,6.073374948721616,5.738283652734408,5.892239350604489,5.747801531066032,5.150375481441604,5.071720275449769,6.403162205483955
0.05902254464307029,0.5068165681451086,1.0781317568571147,1.5802421976821164,1.8161223644035112,2.1971939662070605,2.4022934852745563,2.517659111271565,2.397329392399111,2.6537760322909643,3.2373371620161735,3.6676685347336275,4.118929539511452,4.374583098305211,4.835926075991993,5.159328944679539,5.192433301274912,5.381245948155793,5.7636431088047,7.99549613669192,8.191531836259676,9.438450677119143,8.972436507262579,10.382109047247136,6.836721311698765,5.007752530613065,6.532896303564052,6.399757787527073,4.7456599934058445,6.245100017574898,6.155156098230411,5.873102560157191,5.249622135232957,5.841506414413478
-0.2992264279735246,0.05321103601643088,0.297257760107613,0.900938203923595,1.415991150614121,1.8113777615280042,2.0259901959997304,2.2144437119036393,2.5369450366457995,2.5456083230558013,2.924015822852465,3.5628655605206263,3.997505898567718,4.317470812083645,4.234752314083062,4.657332966840225,6.078367717255546,5.293899104486241,6.335221252427938,7.286593258193914,7.993104664960078,9.248379344277348,9.151962092490763,10.177199844675306,9.002366356875957,6.633046518193471,6.933483992351234,6.6747777832553625,7.489578494692014,5.388913380035423,5.624942778896163,5.381841533841278,6.431104801995371,5.991123263888591
0.17331888230444778,-0.04530772749174298,0.0472093962628078,0.4698136429681104,0.8192968091005876,1.25897930370449,1.4602583228999015,1.7490697361853076,2.0623600924358265,2.5403859796269908,2.2343297869219776,3.0402974059821277,3.784230241388604,4.132244656097184,4.190846622350897,5.117964037140904,5.375791501542414,4.925008149732442,6.036182776564367,4.914939266347046,8.285739796149752,11.30404550908644,8.799461251941336,9.032503473811108,8.920565790184122,8.136292968174407,8.867917942163196,7.240951021545464,6.30326025645689,5.694391943118184,5.411265504165803,4.605182714206672,5.23450982844423,5.702899726127775
-0.5422941640960243,-0.18480170641424742,-0.19977108624122777,-0.028842153131593863,0.24782161383229692,0.6607471165603329,0.7512932518022486,1.1000246828600841,1.4770118328176927,2.0513382172833285,2.476607979225185,2.8027754430520537,3.3850288076020325,4.196197113541217,4.204338768440535,4.237158133172468,5.735599665727001,3.6121767793929234,5.671072838105479,7.649486140124303,6.695046944480876,9.860448216002712,7.618647507072692,9.150834022778767,7.3804983694358945,6.427017032118948,7.712878898269663,7.082966269493735,7.261744879208662,6.801690305459343,5.433004395009241,5.336886419241939,5.369336885987598,5.594423123866556
-1.3203987008988611,-1.1164328729016133,-0.7297446016313462,-0.5824991434693022,-0.21845171174222944,0.07246008345359657,0.14435583142219366,0.35166587044389647,0.7318074811950044,1.2278013178932152,1.878867674042276,2.8963978741640877,3.691755480658434,3.830724992948104,4.519894874294654,5.7405903149915565,5.386583912880872,5.79330227140804,6.505409386209776,7.51562686069816,6.0340821433508145,7.620616751595535,8.944230083584388,8.133211197826412,6.5381636812234545,7.2714733235265125,7.638468065610064,7.926836741511112,6.677942331635386,6.288222236568487,5.4518551936411646,4.635809169598406,4.477712637663902,4.521781874431471
-1.766853272603102,-1.749320235688951,-1.4136575685867854,-1.2536413626173648,-0.7581889677160323,-0.490262448558058,-0.29716227626639086,-0.13632454943249914,0.2176565545138413,1.0721030140139216,1.4844381283426509,2.158743087966332,3.2287220051512935,5.022098888520428,5.421578681959296,5.286515891340665,5.9816761927755016,6.136608186663266,7.162991643632148,5.186784882164217,8.11943981773101,7.197228223757335,6.87236788331873,6.969890913564045,7.2769014209566185,6.602670836667234,7.635462757873893,7.103468860492948,7.290776063209026,7.39514773696693,6.395400544799313,4.957946763621662,4.765024806621678,5.017143940878985
-1.8494049229537415,-1.83326854776707,-1.8350228269267763,-1.7582746764846144,-1.431539250442568,-0.9346817985738362,-0.5994179520704198,-0.2882961347150013,-0.15809240674691044,0.23519310050247688,0.8199733512895184,2.1544081933440955,3.6006961165348272,6.339639963642862,3.695516055075187,4.600678160732842,4.262674520650495,6.222798293478426,7.158990447851656,6.436247892271011,7.952577590341985,7.1736548489866285,7.480231774533636,7.136191353573309,7.1596395231729835,6.684836236168552,6.729158858249991,7.27934918657596,7.139764518152491,6.747313417739387,6.3023383091322795,6.349653201831548,5.136158324095624,4.015124877852925
-1.4384527707354533,-2.0302505107427815,-1.7978424413959864,-2.1635780561290487,-2.138329973937743,-1.409709649533824,-1.0566866405025899,-0.7066974953082923,-0.1627229565055419,0.21218955311191376,1.308965641203391,2.679995525859034,3.0701760183988296,4.589856774216437,4.745896362612094,3.4398386282611866,5.324377847326713,5.681163494749969,5.708473301465993,6.222289988478604,7.794988251703179,6.375666332659929,6.812724805985273,6.921723380650038,7.500117059629649,6.708152475882621,7.078276420464941,7.416992427619201,6.376564773254536,7.573535644115435,7.762575751960829,6.814529296857717,5.851560823085991,4.44156366947236
-1.3200202019060583,-1.794559833540953,-2.0733714094253677,-2.4397046183109876,-2.544946536607974,-2.1212027661702426,-1.7582008980230532,-1.1863879647040325,-0.7846646184057335,-0.3134157022907227,0.7278651695613597,-0.07336819710164476,4.268941110982976,1.9516119004780663,3.6192012984336985,4.54863362013813,5.512098492600437,5.077817325828258,5.614268247120996,6.201901333939472,4.611863597377386,5.086228597708188,5.154877552372849,6.133613896514194,6.935128794690098,7.024260232540787,6.864806380745265,6.196306943486316,6.331025574584203,7.1882166287606815,7.254502094213882,7.246758423495327,7.169128635183629,2.441009924392887
-1.6688388841674024,-1.6928982255225553,-2.3239648792574763,-2.6787051343082573,-2.847827225903145,-2.618422720665223,-2.0213433773423417,-1.8375463383082848,-1.9416944897779387,0.9638788832696047,2.543201585673475,1.9660085951148067,3.3495069922854688,6.747997187576726,4.522351203622864,3.7590351608588737,2.482670280544671,4.407975553844076,5.489224490216108,4.226972221573211,3.832061698267497,4.236393943848818,5.90048881806044,5.351324988574198,5.749395028872609,6.068116418398657,7.306679306502089,5.941918163677821,6.892714545923232,6.2359682990277,6.6864766056083615,8.571534656127847,7.912887198260014,0.7799136127715369
-1.8848512607067214,-1.8109769642641715,-2.0380176297477024,-2.655871158697797,-3.275284173645506,-3.022409911668138,-4.0080177933083485,-1.5262971497631452,0.25725810200075894,-1.6817581246642108,2.2085484026372226,2.1881771981039764,2.911173981917374,3.6842521239040082,3.0192907861217835,2.82199741042546,1.7681270995121607,4.622786536688544,2.7865895312241085,5.4256233609742885,4.044756046328506,4.4300967676327705,4.991082829990868,5.028092781435008,4.982413995964667,6.146583529238974,6.294979263126578,5.9271746878630465,6.743329258891143,7.263625229277313,7.596097168834454,7.9100101953252056,8.425688366530334,6.792622953728208
-2.0749143734673674,-1.797818930549122,-2.052794699185234,-2.706377395771647,-3.264110150918387,-1.7965030077841784,-0.4315250423527965,-0.31915456859638974,-0.19091865896565433,1.6595152791257757,4.585633049171415,1.017293666445712,4.748882901024597,2.6238747985844753,1.9277529062991516,1.298219373066211,2.6424926995610556,2.604892794398272,3.588425789443498,2.3803502853773826,3.336371319866444,3.673598151786055,4.888996311155382,5.475513011729458,5.533908976389029,6.638935492508882,5.523175734743163,6.132685173487407,5.830789566837156,6.373295469529482,7.235457198009066,8.258215536844924,9.141364131958678,7.382868780126594
-1.7666250714122274,-1.8497519390469501,-1.6745604263151181,-2.224483871982212,-3.398831758684673,-1.9717983342323082,-2.658887908851354,-0.6159728774195664,0.7787581455397979,-0.40409126690240743,-0.0008744066016524515,2.6013972317465894,3.1850029804952564,5.515207349334677,0.7961021950243589,3.167774989260429,2.7233958671676106,1.610943105291883,2.148449227625627,3.2530746983119605,3.607180961807352,3.7344267919846628,4.079415806805876,4.62485713605821,4.67909673409692,5.1487449172289885,5.861188495147982,6.154025795991095,5.916220646265126,6.3865159736441,7.610736372409987,7.442647630970118,8.385066694130904,9.397371155900458
-1.4468260458075997,-1.4732729791873802,-1.338559532646298,-0.8028410447623078,0.18979108375115034,-0.335578581408243,-1.9382706512694983,0.9252920617954066,0.19512130092977842,-2.1122152524176365,-1.0860708912909283,1.4824744635110325,2.5625665672315754,2.3882153371968085,1.6821902768071362,-0.17201964984888413,1.4632906493780127,1.5662608460139353,0.58974143013542,2.2364853798533693,3.1768400560505388,3.2360250390697893,4.4371265539082305,4.425601536031735,5.362514509496639,5.46850112428914,5.672440202312744,6.250345506989168,5.891722120648736,6.626485472921186,7.942217544157012,9.177365748704563,8.96633489891112,8.5728955311892
-1.254354782894561,-1.0800709599756957,-0.7028292986409823,0.18685064517900535,0.9207250652439598,1.643854951957933,1.021054616792237,1.5555247894737374,-1.355564442393383,1.6366058684374587,1.792277550905627,1.9548013135972904,-2.267196163857651,0.6779289755400386,1.8813085361696364,-0.2695477576774974,-0.05557587871145738,1.662517658200659,1.9589256886108817,2.1337822823933186,2.8913529854231332,4.346527665027464,3.8035488367121917,4.765510205261889,3.9832989990014034,4.800061526825526,6.0450564070640604,6.036839279041301,5.820204874669082,6.665490823473347,6.831813670501585,7.983278215290051,9.207086232578565,8.520329957397951
-1.0429213728712188,-0.7731846179560057,-0.31735557734253467,0.382453688661138,0.7922558781927617,1.0967604329627527,-0.324808508130038,1.2944840293304183,0.17738555279959425,0.39685483239732966,3.2178007414804726,1.2711139901358663,-1.6540608235040395,-0.7389539321107846,0.3236840306989143,-0.7168283038227885,-2.9517919232663727,0.9432890380389928,1.5588883947913796,1.9013814567735798,3.677092760955557,3.7206349757421,3.7146046891196747,4.964835054869684,4.432907145197313,4.952396909913353,5.983017324872228,5.907206772922513,5.29446709292267,6.000902803059566,6.5411416758617245,7.630976943597535,8.05142615998857,9.217679027889972
-1.0874147385737722,-0.6631782769766695,-0.17432135494952292,0.37924411284365317,1.9848164113043822,-1.1090568214207774,-0.4303212043905011,0.8251153355638584,-0.19143929858899075,1.836622863463074,2.277887286793113,2.550262715892409,-1.1530959399036897,-1.0905296834391554,-0.6833336260834368,-2.127491891986167,-1.7636997939255004,0.18615449630246106,1.0856780492099969,-0.6259961153367115,2.340186215857538,4.354008132765047,4.624680064094198,5.0107262945784905,4.74857689760618,5.33650093380833,5.9016707674563245,5.077075811901063,6.1618142364057915,7.666898574552463,7.413431697639505,5.406006784181647,8.221051568337563,8.674102620163152
-0.7233413129051206,-0.736671824275327,-0.14000384704741287,0.4026682001510693,1.9741148079478084,2.449768401811358,-0.08128660924291503,0.8573003822073041,2.2652824844012316,0.7729831537075179,-1.2144656527648305,0.8361680291354967,1.9938881412096925,-3.6167937790902567,-1.8515469282913188,-4.713254245615424,-1.4759088270732714,-2.2548674539534757,-1.4410769336042633,2.120541744819241,2.823175012483151,2.8663469295019337,4.315286826219657,4.276625012274158,4.196564004025834,4.4198302869833785,5.393097116020376,5.00182580726989,5.09301647370405,4.821744784145174,5.04837899791387,6.861921035459351,6.466106385855298,7.556123973619998
-0.5224534970502455,-0.30533923837247984,-0.03648219345770192,0.5548849489212212,1.424341230772165,2.1265621702892847,0.7249183404040276,-0.1398274752380107,0.7258390169872372,2.209228577075957,2.3844254303026764,1.0008578424501255,0.9800496016786774,-0.884202917078284,-5.03841847460814,-3.4665553893804852,-2.060392015409321,-2.0771325700020564,1.4720591883700123,0.9089642930561507,0.6878902628829138,3.1875190265879336,3.4191217960366185,4.806106122784005,5.033451152392876,4.623272801922475,5.352053971547131,5.645901736576019,4.975851927211737,5.118731403982536,4.4907076858623665,4.240214762095226,5.1237603813228905,7.262551930293258
-0.7053010522573897,-0.013462243731110341,0.36166961725141783,0.8742451441294663,1.8686314828234658,2.4929307711318236,-0.08655725100626283,-0.1064677620826501,-1.5269566093609255,0.8655060336190035,0.4887256612359632,-0.006809971609824225,-1.6666055125385315,-4.934848474059616,-4.860912938546394,-4.229045804403282,-4.5250616094748,-0.7598383581654429,-0.8147823809278443,-0.08295882131917434,0.9651059862114123,3.436752462106497,2.863412583219412,3.656618715658694,4.7746452894005555,4.495808124541594,5.064060350132282,4.623491585792062,4.721460361469534,4.395627133038566,5.432212097064955,3.205373240917682,4.702017297030583,5.336353860057927
-0.890680142615632,-0.13514472738994399,0.6821016318641075,1.3703321750431612,1.3555640252972345,1.7661022538260476,0.003974729455901011,-0.49646049749702725,1.0807204749429562,0.1500898395227701,-0.1499159448016266,-0.3968205436945824,2.037714933226415,-0.9839436514078471,-3.9994018499955146,0.6070956673633493,-3.933332815526956,-3.3335343992891704,-0.28923558646152986,0.5622507418726692,1.399291158879978,2.339921903260715,3.7686644510953666,2.9180095737455325,4.8764867675863,4.473918353255453,5.460155898735187,5.8658692446507725,3.9488170042102277,5.3024117118948,5.231233018312536,3.199192376502505,4.287025774583893,4.998099795749189
-0.8103783743221132,-0.08396178912012557,0.6343291909014449,1.6535610180061577,2.0508753071150965,2.303781883911188,-0.3835394797473922,0.1624495959259144,-0.5257600764684396,0.4507155241569394,2.0086703059353206,-0.6680053564596989,1.7394879474954914,3.1993922382949562,-0.8562032215839963,3.7904126696896863,6.135755710147014,6.872659508074941,7.897345526904313,0.9319852606872089,2.2887037401596193,2.1967890776699424,3.0133275890565776,4.296077284019903,4.423538033824306,4.472691320940263,4.671739071898524,5.823402317014716,5.882296341138523,4.6818962200215175,5.6519007985092955,0.996344158198228,5.146536232102379,5.592961284272025
-0.822662004636427,-0.2874419781352557,0.30598044907577987,1.5502579508368854,2.1324342860610916,3.388070985408592,3.0029031084537126,2.4090077674485713,2.395657233162158,3.490390115637672,1.8564711728400165,1.281100657532765,1.8647603248196638,1.9358288503623562,4.103412512484962,5.6753089949595,6.576095324698414,6.782298505107807,7.169971739965537,8.993828474197612,9.283464080408036,2.9714450024566275,2.621651589434434,4.703362658529996,4.131671657388727,4.154218965084068,4.927635356103746,3.5729430181772166,4.811750084962219,5.4337821895670455,4.629646846030281,1.8942566363641762,4.6400639318898715,5.240979261001603
-0.6342807113037319,-0.38184751950240264,0.3905559940458888,1.635062175989827,2.5981503015794982,3.350436862994972,2.5857874765847586,2.548076675996495,4.060374060150147,1.1319400286893226,2.104760343182561,1.9765694119080204,1.1140433482427097,1.3772376114753664,7.360502795604782,7.400227150800812,5.930470621009075,6.067252017160337,8.416251854154266,8.172312675203944,8.61422038293184,11.802092659288798,4.461860254170273,5.927254868450632,5.430272047084803,6.510013287287677,4.961180212680372,4.528455506880063,4.541558148890681,4.689135822875285,5.036664825508568,1.7043144349786523,3.5843093909001214,6.083021440663595
