script/wind250m.json
{"header": {"parameterCategory": 2, "parameterNumber": 3, "lo1": 6.000198445256149, "la1": 58.999992894266676, "dx": 0.5, "dy": 0.25, "nx": 22, "ny": 24, "refTime": "2024-03-27T15:00:00.000Z"}, "data":
[rows 0 to 23 of 24, columns 0 to 21 of 22]
5.553572565399832,-6.296710723846538,6.744071708926739,10.007435094037525,1.6471665225035412,3.7522604530326826,5.108114406399897,4.278931253662743,5.9659853983802345,0.10993370666912856,5.292636333723795,7.846098352190321,8.643940136590716,2.6532982742311506,-3.9159187236596975,8.024568101537364,6.064622348951692,9.052239264611197,4.718371581216243,4.914525066173576,2.320626600703946,-0.8927181726031933
-5.574939420142336,9.545808655234307,6.279901731573573,-2.239908173093957,-2.0113507713703704,7.692949450031461,8.663768688446108,6.293904230075931,3.1065578384252466,3.668168907766459,7.120741289844003,-2.9007894157803147,4.894679360337982,6.758089096085379,2.969395071228659,2.6028360650071214,6.962726084798611,3.914723015246583,4.077979085876556,3.5008932465119584,5.213512156873195,3.558317149383692
1.5389574136449002,5.599334749639361,4.336153981654057,9.995266314735249,5.516053852047215,0.8578842228771959,1.4321358040996626,0.41753202714361726,-5.189191583529857,5.466436881920673,-0.6496725510354048,7.51650977050706,3.027838072689423,7.517404945245688,2.7727820528425244,3.697206087411852,-2.61855028854574,5.074174245707279,7.7661046689806055,1.5260977808423075,4.2267195149033405,4.19543740032764
5.6232347702203915,8.63784937285322,5.485022946983574,6.828635401507399,1.139137016085479,5.271943505420423,2.069877100532502,9.405338722536401,8.34110228596023,5.497772872044811,7.790442142567786,3.79671955077521,5.127662353152888,2.9295191899237447,7.692686509530932,1.5265560787110966,3.9626544243926918,7.176509767405854,-1.994669128662825,3.6252880146789574,1.973679534868629,4.20128330021308
8.887583609844041,5.375332830643934,4.6307266073615,5.605120661459198,4.5479932841540345,4.679366198232963,2.9265242222255488,3.262776816268084,0.29555811572070445,3.095925736543793,5.4737292671787126,6.3080643313574285,7.298636416005045,3.7287268395971758,4.128322788034299,9.097992801005795,3.3425500749002905,7.471298768017013,3.9564626024626337,3.6745138598441125,2.216029892625501,4.467089706237636
5.7329842535597555,5.014777792397526,4.400176655159872,3.2062320410325613,2.569957350969524,2.198384522684227,7.588144857129472,7.541739905395709,4.074561190931216,-1.0673824410448518,5.057587881777219,4.2993260623205005,9.136813650186618,-3.6373037270647357,3.452319339657457,4.334964809530588,4.634438573551849,3.871936294647207,6.73995301019774,7.3306017763528155,3.8416636819260828,4.48971923144309
4.451930516768582,4.54277196904768,6.117776057007044,4.197097426877619,9.270831038868021,10.394726337965585,-0.477177173114413,9.951356353269212,8.186258149084368,9.55399212172596,4.077403450359378,5.31703538077698,1.1299754856964992,6.70118752525814,7.02464469058982,7.193153735781004,2.624140444503961,7.233600680543877,6.553275962618359,4.699857920678289,7.274489041643105,8.432388459103377
6.869627344815042,4.081701272126698,5.279204308209378,3.744454342550492,6.9161563698253,1.357270645309422,4.970925636733384,7.6726807100850225,7.818903848527956,5.296154453576545,3.4043118758887934,7.147113197692722,3.2632858861135947,4.728645310054364,-7.764841507872914,0.8064980517441728,6.7292379327213725,3.9674989369852773,3.726001940498639,7.561855067630073,7.751772257131696,-4.859675121066935
5.269260326573884,3.0861097731066356,5.076790844028623,5.674614981418338,3.5222669443203234,7.49374369291603,-2.4058216683999327,5.330178820740892,-0.7034464511286361,-7.410632200190124,4.428718788396464,-6.903626847333593,7.112700959816791,-3.8817747899286577,6.330340264941473,7.664650913744364,7.954757661880732,5.357291017644744,7.761889894725474,2.5739827714181875,1.8298658737685995,4.746792551768793
5.143257900255874,4.7357265734504175,-3.9888271149434074,7.6782990903970445,7.9869683110123555,7.348040534902725,5.222241170905316,-3.968179138124504,3.3033308679285853,0.8639289180103333,3.8363705119522447,0.4556068346482433,5.358832848387391,7.874820415168352,-2.202100926347859,8.81403562200636,2.108273341874127,7.089249403805304,3.1697038187551416,4.501637284435243,5.719292066975726,-0.5153882915028711
1.1636612248414897,2.2519677502919153,3.335230278467921,7.68179667424363,0.828418956567083,4.51988918193277,4.89521598662059,4.752461944140707,5.171181633202271,4.9426534892202385,1.9085806509482932,8.640441433412226,2.1124639988647376,6.93066302335914,2.8796145375489,2.9663237802997955,7.651740872807398,4.311469992718575,4.901449004440775,8.178527620824434,4.435322333344863,4.161793879815138
2.4664857057316283,5.222655055092147,8.373442773575636,4.383907246406663,6.86305245869838,-0.43015418231702784,6.389650502996296,2.814569401477593,5.7782620219605745,5.045600341729251,7.00856986496221,2.7485509049640497,3.478032125056545,4.657419451650795,5.848919493718195,3.867682718561034,5.735239365318756,-0.7598235750000888,8.76524888963419,-0.7350508599300222,6.372661138070745,7.6385480401854124
4.652096335307759,4.160943572837789,8.632117075207876,7.308352600043867,3.502086021690983,10.243966897046855,7.493526359719073,7.707531382347717,1.3711025351764734,7.435242156104984,-7.744339508546416,1.5376780708109774,3.40029542351419,-2.1013461561339954,-0.5615645162665059,3.6956180497775937,7.110523793289528,6.15535641025434,-0.0379462444273928,-7.593601616913702,2.749578476161246,9.021166759360833
-3.0223007194772094,7.938886122939568,2.973234411964599,3.2090122784468615,10.286548590751785,7.987434096187846,0.882162397280861,8.38703394180045,6.607373824964134,7.404278128049139,4.777224662568968,4.496301518127899,6.290953157400574,8.053613902677354,5.771143644021862,7.766619474751616,7.665830459796393,3.3630368434197995,2.1001504332532726,1.3499003123594568,7.751883546567799,3.4118481474187052
4.119623332230434,2.742778294328979,6.638164579675999,-3.4746608022807215,2.9492220793374866,4.57255850254358,5.055687272796063,4.0995678490306755,7.041250978397436,3.6433553466424144,6.708668094845565,5.912688620944368,-2.994986667039903,-7.398811866399202,4.344299094211051,1.7978346433348815,8.364642690215028,4.245574139254747,3.579732283292509,0.04264099010922785,1.8588694195787254,0.7912466311414391
-2.296284952902149,1.1373326071622718,8.248732980499868,6.986792973153937,7.244415876771584,4.422625192746645,9.074635951627485,4.738386667085971,3.8441212794166004,7.883943554545532,-1.5785502889423861,4.497283291789506,11.35198862672387,1.2140762111655747,8.000441252822428,-4.98160937771225,3.682176523607438,5.181353176080004,4.742096095976639,10.244546723614391,-7.157878343135701,6.031817676960493
7.2460530672923715,5.635681271114527,6.642245769237069,-0.842577443051293,2.0680419843388256,6.873703565768775,5.762884402232724,4.875804298475256,4.1911686570993725,3.7506473796196214,-2.696571234683814,5.962958905424372,2.9790569636258697,2.7265079368222387,3.624122887412543,-5.064404282130426,-2.985069097428294,2.743828118363448,7.999966078819648,6.978591569675385,-3.8378240790766953,7.977246924198145
5.82905834265546,7.923793843129622,7.674516320017671,4.905491193723781,3.3167224300747273,4.440527859050109,3.1707695411017243,4.5735834627332865,2.923663013671602,6.192935366111029,5.557646610125692,2.6539152406926165,-2.2607376929309457,-3.7756723540925092,5.572194045477299,7.2278509659172645,4.271734187813222,6.566509571215031,-6.1194543959247225,-4.356776086301383,8.001091937973674,7.090735859114323
3.023979434623479,-3.6002445249873967,-5.190350281723905,3.993877022049703,2.4227211938545365,0.5703316858799538,1.405847713451033,3.7079224789814433,0.41380259315195295,7.500827128872549,3.8257922868756027,7.093292510845796,3.4183621532525392,4.808362592549668,8.203885493934454,8.757850008170525,7.023455225028427,3.588093939042583,11.892308585548413,3.901999064506154,8.496897572765779,7.70295614975439
-7.3277458552094075,-6.387641068087824,5.32363656005364,-2.668314889778318,2.980037352276022,0.46609317405611905,3.6628613199352285,6.482319488020034,-4.494592755662744,2.5668768973863485,7.517290380360264,7.004877279537256,5.757181502337105,5.411720539965767,1.4345056899108395,6.005251144158299,4.840027108586072,-1.2512173451816584,7.6933444276466005,5.469823491216229,5.355460033519346,6.506357219883263
6.639252499965909,8.838485175459219,9.113636607192285,3.3047359460882038,-0.17781240867509956,0.4780627071090968,3.310656563504046,6.012111852026452,8.22100168995253,-5.85669436826138,8.712856997527181,3.9271259912187895,-5.537653864454625,4.002507145009003,4.523686717437037,6.397707514190396,4.958859933840485,5.551459178295994,1.2369771568291303,7.514898655670631,3.599294501911321,7.716953765681338
3.832703289982907,3.5317012283763263,1.699968246257423,3.3447695785186284,0.8006656189747829,8.609834973472923,7.826272743138175,6.870593127582154,3.5311639206234986,4.707260458676295,9.612131009416647,-6.629048969886161,-5.356127430727567,6.185747223353985,1.0833361218266941,2.1305794235575037,6.6782345339710645,4.899441715335839,7.457438662670822,4.371862844819934,7.369731201148862,4.325651995874067
5.625345343317764,9.690667115492197,9.335119477852489,3.604483023632725,3.978248823025587,0.4219882081459425,-5.3191248286326145,16.152564852673475,2.84233857009476,-3.828938311464818,1.5464329326266644,6.186744146695717,5.377557629536636,2.3522607365592267,-7.5013203899695755,1.8590406915156883,3.95188289551739,7.527850260920326,5.026876761080694,6.550989452461457,3.6946256795041017,7.404861502630886
3.367795406881223,5.0003936778251,-2.163401184066015,14.045020832080832,5.0635023412084585,1.1004517307615242,7.716967129192601,5.16994328589377,5.487805447120062,7.527544762689614,3.455758946374781,4.72727623693305,4.462720442784913,8.427653294922507,7.2302873399846055,5.620845348376909,9.292243007137886,3.07131954708527,-3.667376224585754,3.5045754547944625,-0.24693040411466857,7.260895039185018
