script/wind450m.json
{"header": {"parameterCategory": 2, "parameterNumber": 3, "lo1": 3.000054539987559, "la1": 64.9999836372058, "dx": 0.5, "dy": 0.25, "nx": 34, "ny": 52, "refTime": "2026-02-25T15:00:00.000Z"}, "data":
[rows 25 to 49 of 52, columns 0 to 33 of 34]
8.579800621109351,7.5000902812320795,5.40167530393621,6.4995411663252325,12.604675354276294,15.948522449469655,15.638383459885878,10.827287146573708,10.584645209399755,9.634342158312915,10.441702374236405,6.1081403512926,6.924287396375093,7.138628163358938,9.194041479419841,12.349372569567915,18.001595116255366,13.935925491114633,13.146515088698544,11.809197761280688,12.35039245544703,10.977175178205531,11.725690955536841,14.763808465438057,15.112777964008828,15.773120991645012,15.99568504702267,15.508925640593322,15.507407663258324,14.218785521813581,12.97095731307556,10.624910380279191,8.81001817747388,6.740525869443891
7.506536999484064,7.962894312500184,5.4945345289290435,5.6153161456950365,10.650785130798079,12.424579955583189,12.524685447477683,10.244354379842433,10.008635157108358,9.193027947768357,9.661771339973573,8.306767445135812,5.950086653219571,8.822630826300474,8.884630910995828,9.773627392516167,16.950837231892105,16.550333269164323,12.79853782712165,11.60573155995978,11.67348780987989,11.005055171773796,11.394179969087041,15.859292998396416,12.40869574031135,12.747879266925137,13.585478635683344,13.971965095171143,15.248244661306384,13.17974681566786,12.445718476010716,10.2732056815778,8.173224989719449,6.426690997858043
8.586612592006416,7.521477570764599,4.213741311830747,5.197103099888399,8.260813020875482,9.728841689415574,12.278941469556216,9.777453945348197,10.47145254219617,9.117917706943464,8.298442856231105,8.781562257077226,7.450892534927888,9.055408538510191,8.809629039088732,10.307259149497686,14.409884839423622,18.52515576856969,13.858104926692572,12.328177511638007,13.974975688150849,15.31597462855255,12.89663623309105,15.106444279577197,13.51930706867325,13.451259106356208,13.81643645917787,13.795275609303479,13.973306349678488,13.086123957728423,11.975199077234935,9.701675839157586,7.381395421694859,6.620031048639463
8.4306291378711,6.4246570521680715,2.8888073367433575,5.7864782624362405,8.947689977181597,10.286754614677319,8.763893959760233,10.739668742441387,11.128909570531029,7.902256210612512,6.026622155617723,6.01883072002309,7.033515974492674,7.8686374733701765,10.485426245870318,10.58235994978226,15.775897659134532,21.471406017931482,18.257932071032588,17.58606025718921,17.53239078968497,16.036244017339662,16.19963509835656,16.78471770582988,16.16400077163168,12.41728215923075,13.937574620381595,13.038888797962413,12.900590008958945,12.472197651455806,10.869972589361884,8.004608894515751,7.233863557400934,6.579487292832879
7.679888114907984,6.231063716915959,3.1721612350235513,6.547341213077861,10.549832683284498,11.331161379285595,11.795827146753412,9.43148699817363,9.014971030289376,9.06914951867822,9.019477253491525,6.982051908767694,10.34616823167612,13.018480283111419,9.03125066973544,7.680924411490916,13.139040800053694,20.74524231581453,16.901893812944447,16.8228121714084,16.497068756494627,16.029412083834973,14.359298816979924,17.253938008610863,18.492148072935034,14.390434432515661,12.456716428031,12.648156468824295,12.216147227634565,11.91137175456834,10.239354379824007,7.416317060487775,6.579027984907545,6.215621708070884
6.284960420767284,4.139408040826344,5.881818074519464,8.194785518500803,8.812699094686046,10.7678909220434,10.659740948688361,10.26006863109686,9.447239708364275,11.198075632581954,14.438189911369061,9.654511514793974,11.79213914499791,11.36392186240182,9.724647943800331,10.677541896483273,11.109619051757981,18.49849773603746,19.587943197363924,13.699023139616054,13.346727899298754,13.088383495028232,17.269754646409076,16.742785933269552,14.51862433758112,12.148180749497453,11.208843879193077,12.26852135268225,11.400740310048116,11.056465151292702,9.492575095761948,7.75903215802866,6.011435203108731,5.205368839777482
6.9096686699169565,7.188230088466685,7.8075219177296695,8.994939721167276,11.996812699105522,10.064421928999412,11.029047357367018,9.236330139512164,8.838402782736663,14.825394923638164,15.233481269682192,14.148987733503255,13.42289967601811,11.661247347756689,12.35255809117271,10.659834777233888,10.622535279665307,13.14575889233242,20.554737251842425,16.996461100581797,14.46294659191605,13.271901149173607,14.802485385306987,13.609199728842572,15.268393567579949,11.794741946770305,10.7933215911386,11.6833600191014,10.77175227113128,10.071186777791826,8.551202113208014,6.248339003652348,5.18141333031271,4.0566000231375305
7.898994368731542,8.353688631589838,9.307835139576435,12.73192244468701,8.775275810682096,12.970461289636615,11.37659329691241,7.729570493982259,14.515070855199411,15.837685427557684,16.10967243551697,14.967219248366211,13.98926326053891,13.661362085253224,12.879821221447077,10.181255488061087,9.080357431795276,12.012672828080373,17.19418841381938,17.914093211604055,15.806025120556445,14.174547590699094,13.735772124358087,13.250894892739444,13.597204659067547,12.204346944589428,9.947148688223743,10.45134926957104,9.491658760237366,9.018326887606731,7.117241692136632,5.5963412389241745,4.296774346600014,3.2803815923591215
7.353955464792882,8.568091833415656,11.952069749722837,11.483608899534598,11.395352008380991,12.463040330455945,11.27592290146321,11.839889117358341,14.940196314004343,12.780452920553712,16.325814643559188,14.472690035462051,14.709367188783085,14.005817738111755,11.989344773774171,10.169113279326623,9.55267168659733,10.371102390274194,15.622440044972112,19.229219647074057,15.81552290506777,14.738302192322323,12.669967964675404,11.510859525912817,11.913699180760482,10.372573604751787,9.37427024614551,9.410327048616637,8.237578783958051,8.154965746362565,6.110711368888618,5.159137142886421,3.3672848434993656,2.6850195495526252
9.283613504924688,9.209637857450428,12.241684418309239,10.994187394317017,10.753001467692146,14.924100718202935,12.121490385719806,10.480629421653905,15.233977203849294,13.14599862516875,15.235864626092917,15.220148235308125,14.27644129039099,13.632159396403662,12.608215231544653,13.181475941859238,10.039927554980475,8.86759534311718,14.434115626850648,15.22442376982109,15.305767647386245,13.066578821062603,14.316980986855004,12.983014985882589,11.663904091079514,10.39168999361797,9.948685701235675,8.824228396587522,7.045809046938929,7.374438947401774,5.271382196634098,4.200342663270672,2.4812318418191,2.009855816312398
9.634275768166841,9.833718612781361,11.767659251810478,10.113788630452078,9.872307777934797,14.582008807163348,13.049187040157694,11.287684209103142,15.886749013543577,12.199495443178307,14.550704408789809,15.330137947601731,13.633178930253642,12.228303539025429,12.922112439023328,12.873765675332768,10.561664002951488,10.017920567400628,10.396384060391934,16.284126401896533,14.750141116108452,13.763370840481453,12.293906263113085,11.201378101618696,9.884914855915207,8.476828475233253,8.857545563023315,7.982995362447022,6.3750077336084905,6.456207193621618,4.164244437001577,3.3603382392939354,1.967855402755747,1.0779530361605716
8.693696112463954,11.313509131949473,12.484113941872138,10.035757627596924,10.14717313042589,13.715364021657662,13.885179031325782,13.285512249279085,15.38449768255971,15.376982096866017,15.076810637621623,14.751794753198496,12.499144900738013,10.962664111218203,12.598076762522279,12.305758714184316,11.044801978796816,10.64785196156426,12.444687681110931,14.120690719015144,13.672436697680322,13.848710716422332,11.699940130306524,9.637489369248588,8.74458602270395,7.407060147971015,8.803748557177926,7.767383319506867,5.913595414545357,5.562331080412441,3.374728738989894,2.4227050941610826,1.526846640746801,-0.38985905469770404
9.338831291780185,9.884168895872016,9.941496360668355,10.308204613436112,10.534160498916595,14.127415774067785,14.762854951215429,13.95909234076859,14.736657747596011,14.803591053523176,15.375735424574996,14.607968595988911,12.321161161041413,12.037874338390361,11.168324598302412,11.050823728701701,11.823617791343368,10.366088824824693,11.620183765156149,12.690979391191396,12.298283045584157,12.913015614988165,11.588473426499867,8.91426415053507,8.488751458280758,7.364925407539294,8.243540020844293,6.781818224706505,5.289452244579106,4.340211876940294,2.9993789328639497,1.1486416469194212,0.5029532811122224,-1.466786101392045
8.20978712586078,10.919426207503808,7.96803673982832,9.45470789027459,11.280783435291598,14.103072139012204,14.660335602672712,15.015013405546561,13.519042314156973,13.248324323622146,14.450302766088265,12.403450673508079,11.029532871538821,10.954364634257395,10.843874166942149,10.631716962600102,11.538087970662948,9.486840058803669,8.293176857363768,9.727696860945844,9.7375846636603,12.582648515569643,10.325456258206323,8.54163657159322,8.361514567412593,7.479196959067093,7.359112641363315,5.972525529266349,4.733641255249015,3.2680329458813264,2.325821858509121,0.28933687021236765,-0.5662544805378061,-2.017389215646375
8.048012082326785,8.434972732605939,6.359676608497858,11.007106772513099,15.62606223128006,14.478439855027872,14.222913162552993,14.68455840780167,13.613773151158906,12.231652768810834,14.581346764472203,11.50560719502485,11.994613181320249,10.685250691607427,10.960501786132696,10.570561196522444,10.748099807677749,10.073763651428607,7.2295493945228095,7.704734288408775,7.281504320465963,9.738456225381302,10.599941141549206,9.088744176357075,8.770519554670088,7.408496294142896,6.121608349386509,6.511870815379754,5.000153795788936,2.285938594495415,1.7910620992380197,-0.19341661632251927,-1.561947724562147,-2.3420125441115744
7.688158802524429,7.351285390383984,9.716226127470433,13.637758191048436,15.493698776094998,13.993686153270735,13.688540489514656,14.599904535385752,14.024156043992377,12.89203164835656,12.659177626851603,12.390042667383115,10.123373090153516,11.397335286237404,10.102792369834534,9.271098418944364,9.951764330212441,8.491222157851595,6.889052099510356,5.531986017681931,7.203067030569667,8.007037687201242,10.299986941471527,9.285598762915567,7.365010769778526,8.030070689530838,6.412007138063316,5.647977045079302,4.584824418845829,3.443476462808823,1.5287137906551607,-0.6825699345944938,-1.9840091117995609,-2.8183919043220347
6.083550313337837,5.800824669141529,14.212455631414274,15.361571863741451,13.54194618597992,13.662920088809,13.352992647478176,14.129191743932513,13.542075915316206,14.516353002631647,11.891722003065487,12.941841249792038,9.988837553396927,9.97715565667626,9.178059876973618,8.957898248325678,8.516131732782886,7.29747125004878,6.260397955246244,4.892357676183972,6.668541155452137,7.009468217456436,8.240710564083571,9.988402392696768,8.45400469565827,7.9547767611659825,6.716191180172489,5.364030551892744,3.689883945646007,2.641162035028789,2.31817648150807,-0.3806393641716937,-2.780384762850301,-2.9923394193027972
5.542998685411283,6.635883321479995,14.217616296997422,14.517276482083897,12.631273033425265,13.263491847442879,12.157097244129297,13.487186249595418,12.716300078978229,12.952608873347236,11.440440994835576,12.735888933307038,10.363408450285293,8.088542415456777,7.730581349792269,7.810362443030864,7.355312439413928,6.344074653482438,5.134766255632894,4.467347622024866,8.351321671239488,7.33102703032482,9.064163391318123,8.75033240619806,7.731564348458194,7.118484745845596,5.710921840197051,3.4619408065117594,3.4523548721582347,1.9924924449839263,0.5018882224116328,0.07418267007262222,-3.587352821107849,-4.7111614460228886
4.267882655812647,13.381119222172247,13.029949340161616,14.014306644061246,12.091400094420099,12.718464410747778,11.576485830658013,12.450397100458801,11.789630042862246,11.126306402962392,11.030433217267637,12.102765159221505,8.807961831438336,8.788549605694172,8.287078185638878,8.945195171885613,7.756251890611841,5.494520560255942,4.465063941653341,6.5973559355582045,8.48320444114269,7.7553069390459095,7.363158614298922,7.317505069103221,6.8258695744822795,5.880156353306454,5.14172450178894,3.7853032432274913,3.111870614472953,2.4788902796302317,1.9006210796017098,-1.481563154599361,-4.091223980152136,-3.716618095613327
5.5577838718763894,12.627451000469806,12.253309086765583,13.519682114879185,12.50924703958698,12.378567018256225,12.16068970264512,11.48571484583331,11.197911962761802,9.93726705538143,10.530183701606417,11.229721162889195,9.385362557064733,9.547947819096551,9.098577592124197,7.7616414810798675,8.083321473694673,7.34184940475806,7.506482255270644,6.275658114191656,6.958280742398177,7.204573699859251,7.667601261193437,6.79961318313368,6.36489942654465,6.013314841768616,4.3361649600830425,3.818196199460531,3.176385005212936,1.8585418889586904,0.7161013874081212,-2.342394348577981,-3.268211396838652,-2.607242904290501
12.925965998180525,11.42753297524402,12.559530444899975,13.084957358080242,12.792141963323223,11.849046584126404,12.016702782172034,10.714995736655004,10.324322273413996,9.329240233957485,9.536299742143484,10.257113780579484,9.131640489368152,8.078735941269723,8.113689274980933,9.824315406488536,8.91691740868448,8.70512439995447,8.193255574380618,6.546154777312535,6.130679536766639,5.956277312355778,6.4745147226050825,6.18233657318371,5.528960655119979,4.350165872156464,4.454828606662299,3.7256913284546638,2.5633980782432353,1.2302802589975288,0.03181180452342789,-1.5490680289065615,-2.9654870947799457,-3.5644155571197893
11.569989554293416,10.805790929187454,12.535304527547801,11.872241506208539,12.08361041858549,13.14405450387787,11.223933938816899,10.52664865778811,9.229963663834672,8.830789819261582,8.59424157546505,8.875695107312882,8.3271904908767,7.92018286028267,7.342710718373418,7.908494519256416,8.344848356670102,8.799257723306017,7.896655986740997,6.630802137335114,6.851098043414626,4.3925318497678285,6.175977726006583,4.898756718934252,5.155992549995468,4.799921208813568,4.478850122010569,3.423755167027806,2.310614234491338,1.0320385288752456,-0.2840993274440446,-2.3992275656402233,-4.267535146804913,-3.2283236146645202
10.4656501423506,10.380153882578563,11.823618929920263,10.915385354273273,11.162979950717531,13.022011970612573,10.442987677921796,9.454248301619868,8.790866363930704,7.294818928675895,7.6396945183060625,7.399953118621461,7.758505204177194,7.829510932411957,7.010934056588758,7.714501394269127,8.68976171551749,9.12687794600111,7.314510666981004,6.93271940824079,6.456178108992861,5.757558366173169,4.882765590726965,5.238154295804926,4.497820079576421,4.0463804373774295,3.481035036765034,3.1333141902478565,2.039056116704296,0.8307208876900318,-0.8503771275544232,-3.1183652613336093,-4.603593849791306,-3.611682865522234
9.839540014767396,10.292365342027194,10.838298869366422,10.462143387425778,10.359056212243255,11.887872877956124,9.634341781674667,9.905862065223578,8.851894549576562,6.765446190874208,7.166016968909984,7.01405635343375,7.259952780244956,7.755028365543788,7.128096377287372,6.680737034872032,7.939216568716012,9.342576991321684,7.998055648072645,8.440415172925666,6.350593927046461,5.83179375799387,4.707732180636529,4.510234741735636,3.691960352243748,2.8984451090991152,2.8441305175837495,2.5844055612081434,1.8373009673934195,0.27542273301156245,-1.0398666449700396,-2.8551902328395795,-4.08341174997774,-4.546095803278836
9.489793860609517,9.896727065316567,9.376084101342329,10.73013512190594,9.552369473793691,10.69641095302525,10.023080322024297,9.331021275432102,8.395251046336982,7.026680773190769,7.383096407408368,6.65707037469103,7.1923372899399824,7.5127030773503956,7.709338966696669,6.552896974373611,6.74708650412326,7.965415711991112,8.012025464085227,7.246244886455909,8.317136485195505,7.424808482924471,4.7121811067477894,2.3492227670057377,3.194538108904625,1.7823440401238342,1.893944329177382,1.8359477627252816,0.9717584726824047,-0.036018108560852,-1.606721858806665,-2.795759662427578,-4.294905979604675,-4.263175811764864
