script/wind10m.json
{"header": {"parameterCategory": 2, "parameterNumber": 2, "lo1": 6.000198445256149, "la1": 58.999992894266676, "dx": 0.5, "dy": 0.25, "nx": 22, "ny": 24, "refTime": "2024-03-21T00:00:00.000Z"}, "data":
[rows 0 to 23 of 24, columns 0 to 21 of 22]
-0.9794071938982578,-2.035365366517917,-0.8092514678313699,3.2101941205726536,1.34127199535594,0.850901049974644,0.5771171711174107,0.5047864641112235,0.6821363906929491,-0.2994174956784825,-1.2782527677848228,0.046842652101640174,0.6897573515724438,1.203973442953411,-0.37068262672623425,1.8620548165495616,0.7329564730865872,1.0312141392083833,0.8408929556205078,0.8795510811780136,0.33615972513343845,0.187831775035816
-0.7831495787784855,0.9899868953815038,-1.4488971738922336,1.3571861924171964,0.4396461339285042,-0.2034821116693323,0.9276116189652862,-0.34818474898171997,-1.7704341643459172,-1.3716178733955484,-1.9446815304811327,-0.0702105236395776,0.2299401648764208,0.667665406736201,-0.3474806370607997,1.1495599090898796,0.2075744306789814,1.3006008329561185,0.8050425714045945,0.47628471733707023,0.34176167188483914,0.1996675008199835
-0.31219232384735346,1.0276235067374146,-0.17346296613826293,-0.028364981548667314,0.04726546116116227,1.2217439483380257,-1.13853108226982,-2.9935162927322043,-3.3446653556863764,-2.8962390835745517,-1.9272535488269085,-0.32355352330966486,0.61314784584054,1.3658802241207744,0.8569912946386994,1.0845516431865905,0.9962330283325491,2.0207195414658563,1.429408347315955,1.2266361278425195,0.7293009821357291,0.27354936897668364
2.1203940276761237,0.5267366391201039,1.4606032523058472,1.3495270726345423,1.0476812858368365,-0.13195747459481666,-2.7480018574343283,-3.6366455983641504,-3.7944860998467287,-3.4648767619689287,-1.6008739873124989,-0.25536028686613693,0.2011037454410035,0.09946619902132607,0.43727032938042415,1.0576374216996214,0.6567321495936271,2.191067851449461,1.7272207494110368,1.594897127225376,0.8242164453136478,0.2825194117903792
3.304575150607316,4.203771613225268,3.851551515663893,3.1903306776917995,1.2430904326327035,-1.0634164231751633,-2.3065252896450104,-4.953324202578147,-4.151339859416843,-2.3030441420525376,0.8004011443468321,-1.3795139391254092,-0.10530981740467833,-0.24868564514995495,-0.01913895544079376,0.22292018290654203,1.5502974835278218,1.6748969997783911,1.21556184743529,0.9535497970908737,0.984382381697956,0.6689612030765286
2.8491103404174725,4.321951087741476,5.700870959094065,6.221658231541178,5.133542334431024,2.676017677460799,1.4718329240678099,4.211619648743575,4.073671100667671,4.405049173940688,3.683372734063172,2.8118988578792807,0.4675065453654766,0.17544059711278961,0.8356166910643599,0.4327900166328589,0.5498295176415208,1.710069321837958,1.115898373860027,0.7260385588939491,1.3018231011479517,1.3775135321092289
2.7171491219780624,4.062394651665367,4.842336125589331,5.844845519933338,5.604313027469969,4.807060968809545,5.249673084502813,5.36294607341923,2.5139986750850962,2.948725872968264,5.013878772981383,5.246061271709825,0.6627112544153176,0.4412748489671457,0.5277120390554753,0.8281986384886426,0.6832681154407866,1.455901833836754,1.03114468615944,0.7423640440076849,0.8759926582808563,0.9776803230995562
2.2737873716940245,3.523824839270463,4.72774486390259,4.89419760548144,5.241834244527649,5.392062220997014,4.534404767286433,4.359062633817915,2.1835502898553223,2.425205595041119,3.196773923836422,5.274085575061126,4.534611048080785,0.9620749332615511,0.8976214558853447,0.3641238351152786,0.7979414271558718,1.1369593692169886,1.0348619696568357,0.9354699948117309,0.8682627843541907,1.8841169329794425
2.543790899252044,3.0979612128412266,3.9679083318928745,4.495166239789138,4.475201171587187,1.1558905089516147,2.079214410594607,1.8526968020667516,2.2759273342471316,2.589981324029647,4.162861937434481,4.854984496519273,4.00674312222569,1.5524644832897365,0.5851465034942681,0.5138474901066954,0.4529017914428141,0.44602862264546517,1.2446102818702762,1.0428326655304816,1.3946976793200077,1.2637665800018514
2.0683957080800055,1.9653764275582544,2.0249638888565,2.103118193022959,1.2659053442244512,1.3553213357081793,0.9741036504670397,0.7801149531960966,1.1429591274702555,1.5605363138988382,3.0648110787531007,1.8630403522998318,2.713322923958482,1.367433907234618,-0.2976752542411882,0.6323620900394498,0.5533917540632531,0.9915568762987461,0.9669680421333233,1.2322166857720336,1.1950815417718628,1.1945871124252896
-0.3238557398895198,-0.7599560241086172,-0.7665505780429039,-0.464254365104576,-0.6745072312918191,0.11600456950733766,-0.4828801619687811,0.20457300157343508,0.06709617525069966,0.38080148754106635,1.0654073603647314,2.765520496237665,1.435889811225727,0.30749188664278454,-1.177287315517846,-0.3097820034928082,-0.13347730022330126,0.5340002634266933,0.48508701706458074,0.42056265431100454,0.883538636848693,1.5239180669704933
-2.5116300044362405,-2.535959462743495,-2.307104731072634,-2.303510896295486,-2.5668829038159666,-1.101653792185585,-1.9902154981662754,-1.1664620388068068,-0.9373365978967116,-0.946135474507636,1.8023626056615294,1.0008467932022327,-0.3730466861358024,-1.507904202409994,-0.7165991135710678,-0.263264771704703,0.08238322843480443,0.4925362814339371,0.2847598122799315,-0.2354612969292985,1.1744630855209883,2.1761835128128793
-4.171050020660292,-3.5529721255128375,-3.667734731990379,-4.3221790181747055,-2.7296820490305604,-2.535048768178388,-2.612636557035103,-2.831818488387138,-1.1876277122699115,-0.844568125863444,-0.8267592272135167,-1.4051170018145565,-0.824348191652115,-1.0567800839351578,-0.9542966972961061,-0.4230569569682053,0.7027937336171534,0.3935570830087247,1.9624886159513613,2.2557111033618593,2.7832816320179923,1.7574780046717278
-4.55740302253323,-4.382084276340301,-5.445468313256519,-5.674775980500754,-3.03022856198797,-3.028460235030514,-2.7417027215027825,-2.484420303253232,-1.50019019885979,-1.8443953015774777,-1.3967975342120846,0.7212854003130881,-1.1146397836652955,-1.0696522129837889,-1.2953919858616598,-1.2395161967489954,0.4221305217846323,0.9008244187486328,1.1657637115019617,1.5185576660709759,1.9204800694655617,0.5124224776048313
-4.6264260898082945,-5.619928533537281,-6.085094176657441,-4.188139867918015,-0.6919289053198621,-0.6248224090402188,-0.9145133512492583,-2.0442948397692335,-1.5290917995491289,-2.5044955401812063,-2.710272677177665,-1.405058627211886,-1.1193103229246415,-1.9277010964947892,-1.1193512878136107,-0.8933680245500346,-0.6640184976841355,0.056411856194143475,1.3190328525339952,2.1734593697551308,1.0143892792161278,1.11544016391099
-4.78172361414479,-6.06612743122821,-5.723644773261242,1.293275243340505,1.0834093595570289,1.3100820240428463,-0.2095484104133651,-0.8778149885382683,-1.4548262051219238,-2.3445535937054025,-3.887323735800072,-1.2436668670270505,-1.5641465455579144,-1.0360509249037126,0.08407109984706951,-0.41960213950107245,-0.16977449256667082,0.9630956183739527,2.612154434756924,1.6226633089974156,1.5067856160676343,1.2289092744416348
-5.52609192254946,-5.03924960683795,-0.23995669092339947,3.4032378141585644,4.402493964439957,3.861972321740224,3.4907500625643877,0.5137295904579896,-1.6605284550250525,-2.986433737140686,-3.022915846346982,-3.437026609235978,-2.161692247591491,-1.2118419483887914,-1.5406670034621661,-0.7159323506247467,0.22164736651568803,0.34587191961345143,0.9337819917846392,2.2230137006224777,1.7079150240865335,1.1491739003063568
-0.41088823383614553,5.041225725906692,4.739995519106421,5.973454316598099,6.647443749640926,5.383611768489493,3.352340031683069,3.787101627033089,0.5628797113050006,-2.2325534879227513,-3.337309238690246,-2.377200773897361,-3.6017491036579137,-2.4678007999727223,-2.2670637583834403,-1.330988653242854,-0.0866021416300802,0.060429638752435046,-0.014348332740434235,0.8802172882094775,1.3208994462351444,1.1768852811295534
5.52150635154105,6.1265045075672,6.082792783443169,6.623006388898721,6.1981307393197795,5.865104570643631,4.082799902526697,3.050475094776625,2.301839132989223,-0.7121818173818523,-1.54816631174459,-3.9553140967543894,-3.7624131779356205,-3.5464388897515167,-2.9714859361288246,-0.9764076720582081,-0.8246750623504076,-0.7767629010392119,-0.6426237879128851,-0.004994229860773812,-0.12490714478380664,0.0006544203435972267
6.150994435374905,6.646466798329211,7.4750157674707625,6.707733612428735,6.267139339019727,5.809569135947077,3.6296479178053804,2.304536998445319,1.806430834779496,0.6091863001254659,-0.2607098601403228,-1.3684561313704222,-3.1735100131101768,-1.146885479743133,-1.7438341878904113,-2.258752771637874,-1.6538322267855043,-1.8468075335083134,-0.9213313501599375,-1.3535621494849497,0.35023074213488425,0.14157220983741817
6.409260617685996,7.3209233364054525,7.429923125327753,5.869022247020873,6.494836018670028,4.608483644083914,2.6413520089740006,1.3561650590902445,1.3259460995913603,0.5110165197688711,0.2002514937792735,-0.3657209817440588,-0.6582357469528842,-0.9610522144719249,-0.8154151043448573,-1.4534216929623833,-0.971031143173761,-1.0890194065497873,-0.5729238884396881,0.07002648122336504,-0.6971529872920701,-0.5880824415946191
6.779507246023566,7.6665975888720865,6.208586842723505,4.659780470997158,5.338713015325875,1.9381952527334807,0.8965113269759182,1.4969067295845413,0.5981737337210696,0.3743924552903311,0.19734607886962469,-0.03541767830432318,0.12942190341757367,-0.5993569589648946,-0.08844031345824575,-0.2996290112118072,0.2982181212696263,-1.4415134953871973,-0.11817081192579106,-0.5029641265203074,-0.27814793292856616,-0.6616387846393315
6.918092862680028,5.592583926020931,4.084607341749856,1.9606044994627752,2.7230377935842314,1.0532264371707771,0.7099404950915705,0.7065657665229869,0.5625232814596648,0.427055799488794,-0.04467770431476363,-0.006394523279231505,-0.06595441057320207,-0.13766612992908847,0.5766892770097687,0.3901075785028645,0.5873442620096674,-0.7276553683420933,-0.6003476864743468,0.20382230487317826,-0.5604881969256051,-1.0789553244042782
3.170986285127826,2.5815587457399785,2.3182972546059797,1.5665795719566162,1.314067703621092,0.8509818966465691,0.6370453940215381,0.3444269872867071,0.5262876136470018,-0.044468940047882315,-0.135824656093009,-0.4730179168140471,-0.5001367568308618,0.10132626195770991,0.005678202828036933,0.4067714638920479,1.3708047447102074,-0.5175063884077882,-0.3722896074036851,1.1703010036623744,-0.45675986930907125,-0.660004173862926
