script/wind10m.json
{"header": {"parameterCategory": 2, "parameterNumber": 2, "lo1": 3.000054539987559, "la1": 64.9999836372058, "dx": 0.5, "dy": 0.25, "nx": 34, "ny": 52, "refTime": "2025-12-11T15:00:00.000Z"}, "data":
[rows 0 to 24 of 52, columns 0 to 33 of 34]
-11.335704893024259,-11.388551407921563,-11.843794048302376,-11.792437144188543,-11.571505051682715,-10.85191392781858,-9.760418643587101,-8.99062069177431,-8.381549453897911,-7.599642540653236,-6.630255535892369,-5.384367153311326,-3.4417231192201507,-3.8602636484248656,-3.67254498257012,-5.591855595483998,-3.4659969541992197,-4.5029208580031295,-4.012813700275321,-8.770008088879553,-3.043090173251559,-2.9195053760033893,-3.538595470902065,-6.2662637990675485,-2.620308095447577,-1.7592690402336248,-0.5782514214462199,-2.2292500833281275,-1.2754200599735135,-0.6861719846344051,-1.1159957083988303,-1.798079944637906,-2.179847827673768,-1.683241696298365
-10.431600320891185,-10.95761972059979,-10.486294753009899,-10.995624866778922,-10.508625180683092,-10.723386501869788,-10.82393943680764,-9.213904450070155,-8.545795478952021,-7.468215271913404,-5.861989548887189,-3.2410646477152225,-0.39347818917964505,-1.9753952329518667,-2.637795697383227,-5.399340628796312,-6.053245403184116,-3.06369403268638,-7.280510403022194,-5.502397485648122,-5.777870309405443,-2.4036505252124685,-0.9682729809728695,-3.9187087052697414,-0.7452814997400455,-1.801069541122142,-0.4704299785364081,-1.2829466265316327,-1.4956275716237744,-1.8411155411405977,0.028465367284144057,-0.5957890053749422,-1.293413354841881,-2.3849705095259077
-6.200784934966816,-7.664179993277789,-7.76518144674538,-7.448742497765383,-8.67041690992669,-9.124901645961812,-8.903904855588827,-8.280327200362509,-5.870628473967848,-5.80344179569712,-4.9604718113855615,-3.1630096178693843,-1.9502447636687619,-1.6661262662955136,-1.8931089676847892,-4.708443957827332,-3.9759747696339667,-3.6885788724648134,-4.543734904175348,-2.9532127392715752,-5.712465836159464,-3.488917927835863,-3.4284901279501048,-2.695868298976182,-2.2457390931391195,-0.5301617202743382,-1.2724942584942232,0.0016855908179149294,-0.7983625360122802,-2.172619962948928,-1.129545220614697,-0.4533053939053422,-0.45180773727615386,-1.9472149758922517
-2.4585481242925726,-2.358791990538366,-3.0159482395096324,-2.2170800109614692,-1.596146655406693,-0.9455509873990823,-0.8198732025012577,-0.13357876596195323,0.8184912670700673,1.067997979491056,1.9240014187020944,3.6417137049121378,-1.8312316666644124,-1.5465818908838351,-2.429875542047615,-2.1513035936698897,-2.2959211256584675,-2.608176911553913,-6.674693873188217,-1.8448471150304662,-5.8255553149867785,-3.562211170039452,-5.291927505478539,-1.9614555806470755,-1.0141740304228037,-1.1323194531385654,-1.0870578482327773,-1.0368181053890393,-1.1884639891176019,-0.9016802592548228,-1.026188531410253,-0.979026084636994,-0.7753113347682248,-0.9805269550053135
-1.2371050397516428,-1.1628771989101245,-1.8524190958998386,-2.4914789831469166,-1.5819062286907428,-0.7140933847236314,-0.45709425298171585,0.803590638949982,1.664872333331014,1.774433100290879,2.7797662236138603,4.058483982246991,2.304696803200631,-2.877727513646605,-3.0272157754650637,-2.9308930153686465,-0.5296612513372425,-2.2352696771419147,-1.9722742049504645,-3.170525144062587,-3.47695458510139,-4.064162004344164,-0.7398105832790604,-2.747892281793997,-0.8581927866328115,-1.0369737905691252,-1.152420769727885,-1.030611917043914,-1.5113847616228056,-0.5916453242288243,-0.6762539468121013,-1.315324120467218,-0.5860859822601006,0.04940082071617316
1.1386995768168808,0.22990402569443963,3.230404687107836,3.720187216516738,3.377758496229363,2.09011694253623,2.2041713372858083,2.9529010440547165,2.653325829661397,3.5714477592100566,4.020721399743945,3.0385063227527027,1.791299716446356,-5.279228740619588,-1.2393662928423355,-1.0475068781985701,-0.28681215510426805,-2.848752437569684,-4.606827938173814,-2.8547041394070414,-1.6244339919458726,-2.002267143687609,-1.3355166704283803,-1.2151334166142536,-1.2211719433731922,-1.2740747952057845,-0.7456952891246369,-0.4730266336218565,-0.7162589487802307,-1.1282431652195875,-1.2917257958433197,0.08528172187542944,-0.05823763841791667,-0.028945608768058722
5.954130848941859,6.9830021142114305,6.626704262771794,5.767303287360367,5.308484863424579,5.800337879300952,6.086912443124818,5.704596174299563,6.084995120336241,6.1171930154118614,2.129822086992744,2.1381807388556178,1.3630046873223247,-0.733706250877867,-3.0459509395460516,-2.331352431929602,1.051379935170627,-1.5723985732020402,-3.4021445513835853,-1.7624496039176163,-2.3527184861717427,-1.220210724179418,-1.2399491356629355,-1.2712771596601733,-1.676295665615016,-0.5448422316939248,-0.952467250260235,-0.33535330328820284,-0.5656433450373497,-1.0455660511378568,-0.2775040719800999,-0.7014608278259858,-0.32474861818108647,0.11646031456432893
8.96987391550093,9.22632772226428,9.872413569493949,9.37918068403845,7.498100943413391,7.5386521590060935,7.493067475031678,7.920178880056181,7.723418191702365,5.670033173914763,2.5317505145490418,-1.684001305388169,0.041566744098534204,3.7938631616180256,-1.7046886047362126,-0.057535876812967714,0.05417917088153819,0.6246974479004117,0.29243023027652126,0.1711726831519144,-1.7430364543662527,-1.6427747147168181,-0.3928608170250906,-1.0203027586752818,-0.7674111220595582,-0.7975161084417766,-1.2514539811668075,-0.8685155143700478,-0.49514974144276963,-0.18292439386249357,-0.6846770501677558,0.3349297092359883,-0.0978005964515157,-1.6638111578625838
9.223120769874278,8.87810270650005,9.693785868004115,8.985527741539778,9.903364241924246,7.999233248594113,8.292715872935721,8.41237367345346,7.708304746499091,1.9576198393793598,-0.5571935161233871,-0.5761358856160366,1.5842868538048749,0.4946629181497202,1.437555412852011,-0.8778810506350911,-1.1361468069385252,1.9669675711826538,-0.7078242806245189,-0.2776121270178377,3.2410729634675874,-0.34549595763913715,0.054659265818054255,-0.03474588347083737,-0.7520649729480348,-1.155098737535083,-1.1831449122659696,-0.8578662565274091,-0.20015109755176722,0.11076532181457568,-0.45555947809858255,-0.8693633215236982,-2.498853686358359,-2.6741145328898894
8.650773664648515,9.226839486914225,9.418277396935713,8.415983363699485,9.2759701098327,8.795714881821922,7.912276453238241,6.927393562692457,1.7646348078155578,0.9032132699507817,-1.9651780772974732,0.2635135170113034,3.238345288805078,1.97194629646834,-2.0281939278893226,1.238919547786572,0.9979798869266745,-0.9200545607640589,-0.5366393940495265,-0.4498922354548924,0.49842906071184084,-1.2141154495228688,-0.8774420858931172,0.6275492187562747,0.46596693914494874,-0.8045168604254486,-0.9192709136267347,-1.165957027873742,-0.805423113024223,-0.5690912200170849,-0.014786345298496907,-2.9636152552996893,-3.337900276733194,-3.2097800916205386
6.738311275792796,5.37873239732775,4.930871708200402,5.553033168852093,6.754203957937468,7.43498179787377,7.483575501658911,2.883868629336615,5.630941821097576,-1.5814822380146942,9.23300230249053,-1.4382793009610215,1.764340412426424,6.79714765829029,3.577624095607969,-0.4614362844974411,0.8902912923064716,-0.09512452389213288,1.3341866181646298,-0.3413482962130679,0.3243207302461511,0.59588166802444,-1.5385079618899642,0.7036868693875626,-0.14050947946943126,-0.812773600101386,-1.3140176589915051,-1.1482983010988388,-0.24282248668269243,-1.0681669931938234,-3.033800462691415,-4.229363198642717,-4.0416018616897285,-4.13154733404566
7.009365378112837,7.221470530334493,7.398008375428989,6.024958968696736,6.236086568343061,2.7257975223612654,1.4858614104422085,-0.08652658772508356,-2.0716009175975243,5.336319474344796,4.614015436214999,9.629819847024871,2.587922178930297,3.19463642181073,5.891717933363857,0.9792931741802453,-1.2863533919518424,1.9147739374168087,-1.021406198138262,-0.5690451732333982,0.18767894056792844,-0.724436499297794,0.5309824028272465,0.14627871374524354,-0.007722893812891745,-0.49383017029528803,-0.5019966281327676,-1.142896662728658,-0.43123439327444907,-1.8331640529120679,-5.326367128054608,-4.788480168622142,-4.649617987310963,-4.603386689721727
7.636543687512214,7.330163440351391,8.577032376532042,5.042711944321684,3.3902030291128415,2.434317292414202,0.7336680269604287,2.7235637831242863,3.5229887946537364,7.7385408164865686,8.870916077150019,9.03325656095326,9.271643747607945,5.950787014633,-0.5396526904690397,4.593350941359868,2.045396781103103,-0.017859789114206083,1.5765556071799092,-0.2330860436175823,-0.9279874272855079,-0.13129547044068146,-1.2315677945488637,-0.4337994069183854,0.22386340135588548,-0.558200498677706,-0.5589304874108496,-1.7405410248801931,-1.0193026319559202,-4.538551620609633,-5.352053509681259,-5.335259591197512,-4.610242945828665,-4.1332528018138275
6.946512187968394,6.965123212866412,8.075697010458985,7.6281625124695305,4.789308829531408,6.690087786728586,8.827996566134637,-1.0414866059473447,-1.6085271755662958,9.52341186922327,8.217570089593387,10.57088529590915,0.2019332393420467,0.3119114860006891,-0.647417029459056,2.3504429055919336,3.2590354229673792,-0.4631598970573239,-0.21980046085554578,0.8143781103051174,-0.7644072081105387,0.37799975529298546,-0.6309984130148448,-0.4741331406414156,-0.31209265879084375,-0.5129402920467983,-0.7892060262804013,-0.5477883602012297,-0.6870630751049519,-4.091374657569085,-4.619621117161635,-4.091596249715469,-4.089071693379231,-3.4212999586929898
6.704867728457767,7.321920415257877,7.374973661220742,7.377845097011873,5.381250771148215,4.009170353022718,1.1708602024533423,7.741022922063092,3.873683671039806,5.14988179257317,0.207408831972091,7.247293110862029,5.115914778076769,1.6636699561680393,-0.49427255724335933,0.9855653138594577,1.1711496368786403,1.8865944738622349,0.48739801397139604,-0.9235726706223141,0.039257206415827514,0.26889873655180685,-0.49223296876447103,-0.412056447795256,-0.11962262156061135,-1.1913544889240217,-0.29801360437827507,-1.539013398447831,-0.34760036811404527,-3.509719690525016,-2.8255383167519903,-2.581109436030645,-2.553283667063437,-2.4101075473053784
6.934099682067026,7.5240475652108065,7.353260196098156,6.704414904141641,2.8493947711276713,2.4695394337689716,4.448509925616874,1.5597212266000129,-0.4182896736536381,4.065660959550672,6.462153862871125,8.273186782969262,-0.5478606153993419,3.3898014178805647,0.9101040449311945,-0.07272382501110089,3.7177663125625036,-1.5092139846552037,-0.05124108301949263,1.0651532592355586,1.664891804365224,0.7121596166252182,0.15127621885139,1.0083206906660434,-0.22494775940622594,-0.9649489735270652,-1.4997321065618605,0.5492292507613606,0.5824750991266785,-3.9853494284030577,-3.6222384402923726,-2.310441089296704,-2.5043146360084547,-2.7968697105043643
6.99706559159187,6.811934984103158,6.840154204947438,6.494717694674658,1.7295075013098506,2.422196318416861,6.0793719805489745,3.6743424406571012,-0.6749382319381888,4.447758006174516,8.622109833965148,6.060344426888268,1.7613838617653261,0.7101686337731508,0.46364080137560365,-1.2786499251020076,-0.8811417503535187,-0.8017376082047036,0.07685343557786026,0.44601942956254054,0.7234891687179137,2.458958451663013,0.343969799107346,1.5362149733191022,0.790851992602546,-0.2326155757198955,-0.9163736916213986,-1.0426595142785657,-0.6598125760229107,-4.734111903606709,-5.265729625083938,-4.144969882671256,-3.5925301786598034,-2.7328100723390265
6.485210965406482,6.702126723866874,6.809163742279321,6.914338108008917,2.68103213001293,2.3178972224870207,2.830084763662714,1.2671644105309776,9.444078718074516,12.337171497192763,2.654855093123878,2.9455613703975314,-0.6382612838264492,2.721069040425958,1.1712019051465512,2.734227085052181,0.8123656506585702,0.21519317924604878,1.9697701842340836,-0.351010499860053,0.3481535925826772,0.92854684731788,1.1495843496067895,1.3844702457481117,0.5146841083883601,1.4020221599639504,1.2539221542995815,0.41514947801537727,0.19971813250231543,-2.3847162864993483,-3.3511390185004206,-2.7866264988567133,-4.356599718729487,-4.086947224117501
5.955395293894445,7.123604459044107,6.352325320621041,6.55927182132341,3.4767898684707172,0.9407703657315086,4.397022735228294,2.761490835526412,5.798822093781464,12.946633773742942,3.560790301779395,1.4170750582406657,3.203785972142664,-0.5507957679795917,1.1349661245815925,-0.8698052856582602,0.4665856406613611,-1.0013892960747997,0.11705883286553477,-0.12598784442094443,0.7741440424576843,1.6199605873511969,1.362010688733243,0.9209295112846717,0.7014603462186187,1.8899605375938195,1.4982918450408702,0.9301200101376428,-0.2083546670617679,0.1611849103033601,0.47959482308078094,-1.7762990222325445,-1.7139068151289154,-0.46167495179183543
5.499732061583701,5.878631541917768,8.135171581180359,6.166777115890992,1.5271376116004143,2.2202030111053745,-0.4293864619780565,9.124838169538563,8.89420741705531,7.952329208138216,6.642846876645907,8.057532700969437,-0.985112341662606,5.57647372900359,0.9506315954326934,2.040140399796576,3.530954131073395,-0.29618454258684207,-0.808898456460168,-0.5887990172566246,-0.39883404242858006,-0.36162204236673373,1.967025614417037,1.0154419755760113,0.16985853430225614,1.1072328807837462,1.3452129395276031,0.758782955297415,1.0358222388175415,1.0420269832548454,1.1401793605393706,0.7009453261734174,1.432627737527379,0.567842578872057
4.035257438714424,4.859503057632433,6.2292976049449456,5.4481321629616675,3.3456020906612918,1.2635958836307468,1.3089598145921078,3.095350013792032,9.647626466149058,7.63695675791312,6.190260702844303,4.924102357387442,2.3429805425023815,-0.5855288071649215,2.0796215791163375,3.0363328302282055,1.0359104724404633,0.39031365079396335,3.5321976638954298,-0.1442967674265036,1.7160385104295746,0.2666501516401339,1.592684708690128,1.1515284274501107,1.4599386218829589,1.246731240594115,1.405703465542783,1.6485537925281355,1.3745521618901653,1.6387497015450956,1.4254622194230673,1.0285613570097294,2.4345503106303608,3.1319955130646444
4.347014461898748,4.017306599335218,4.331355210099893,4.2792669133401695,2.2633770163074023,2.415079878144657,3.4516108318256924,2.145121176929542,11.177414069980072,2.6645456256114497,4.1662832573773345,4.694999499711932,0.9538340694099011,2.9799714410085234,1.0226850402543288,-0.16424892833666055,0.9957979686569489,-0.10128369779528908,2.6554066868044632,-0.24438772211246193,2.3093989020441357,-0.4868391652723003,1.811016902119473,0.9208517200677788,1.8316476322748592,1.2562517055181497,1.3619479474265537,1.565735005885051,2.145428195130494,1.9470987971591003,1.5365454419415203,1.5729446051083893,0.8956439986873512,3.338148790070244
4.615936697195401,4.605809482018536,4.472991612060623,4.332319717060964,4.8519849439842275,-1.1406756883811424,1.354011209150145,3.3904272629074925,8.629725352871422,8.19036864235175,-0.40159456028825913,-0.1224733137753344,3.524788524398688,2.6900857994986143,2.9980638221945632,0.5148489947990907,1.4979019824590096,1.9640103239963418,1.2156271859819994,3.406317596264208,1.8669309797576343,1.0417141780165218,1.255830162201295,1.0145094544671571,2.3391091409257716,1.4774048665579897,1.9648603534335198,2.9158448833025243,2.433741235200024,2.2766966189554645,2.149102473588274,1.6715177719717815,2.2228911301638017,3.8983492276640077
4.950388148148474,4.881414163744806,5.167030611924881,5.040609946241133,5.408614039710459,3.2348181277816184,1.6250251449682056,5.036673218158452,9.017268854497505,3.024966011040959,-0.28963746061540346,0.16729322850226286,2.5837829880896157,2.2976740007965812,2.5999860609431256,4.608159381998807,2.787511226953515,2.7321773352946033,2.409693623080953,3.166365670892078,4.323131548650444,2.793144022985355,0.36534924677780317,2.0347887334112458,2.3802381474467063,2.340314138076211,3.0506959549510193,2.637130453793767,2.5170274444909304,2.5423090505883517,2.9003475105142495,1.5370753412938074,3.7434090772548108,5.893074267664001
4.88140203363377,5.297619075260506,5.65743012335467,5.8626799449302665,6.077812984582463,6.173895944759226,0.31838531621975685,6.74915720850364,9.856761937477714,1.7888514464637446,0.7582072213174429,-0.5230658225057709,1.4784984762761002,2.198074659174328,3.3471466691220386,8.47622804351838,7.069373845996479,2.4913283240965844,3.430934343987771,3.9601643476673805,4.947459885146345,7.337925444024587,2.1234898632870256,3.490507621486373,3.8438381503412287,3.853799364416005,4.2542712221055305,2.4161145682267087,2.1629428237033146,2.8840500050372504,2.6966891726349376,4.238739753714639,7.110140919396024,7.543413250000916
