script/wind150m.json
[{"header": {"parameterCategory": 2, "parameterNumber": 2, "lo1": 6.000198445256149, "la1": 58.999992894266676, "dx": 0.5, "dy": 0.25, "nx": 22, "ny": 24, "refTime": "2024-03-21T19:00:00.000Z"}, "data": [5.06380028029111, 7.044382930060023, 10.104629038975776, 6.337176387549081, 4.982631101617428, 9.594616716817564, 7.512463328723723, 6.037563621656191, 8.943724603687102, 10.55274901363157, 5.4578325958489, 4.588927480295681, 8.36817550589397, 6.277140756499384, 3.722004018883681, 3.9383336525052406, 3.2055686363608844, 3.469867360552102, 9.439788897579898, 4.197908424402387, 4.655516625813643, 8.44557190991953, 4.282465784755157, 10.224791553761865, 10.92746694007, 6.533496990655964, 6.639752997208072, 5.867409530326077, 5.267739126151701, 8.595362490777775, 3.7072891744184098, 5.153228488395324, 11.312492649206495, 8.737320959778161, 10.175715319046043, 10.105715386563135, 9.257959103910299, 5.690506828810987, 11.190354736668985, 4.4392752064532335, 6.842781797114038, 7.375077289269041, 5.030293073564204, 8.498393508903598, 4.827257433188967, 5.637990321624369, 4.705159777827332, 6.867522591061731, 6.868538205897036, 2.8157757146360485, 4.0234875179953695, 1.4310973626372645, 7.4945480663503945, 6.8661721338205775, 5.689976774713476, 6.914871888905098, 4.658015560845629, 5.437278079852559, 5.886779247682092, 7.064387272571655, 9.377283087548696, 6.266476771250386, 3.7143257089607973, 4.589405568844371, 8.07750180179266, 3.184129354561397, 4.7264607463753405, 7.950112709544925, 6.271433595911647, 3.8074898145077585, 7.525529370305818, 7.424645816601418, 9.972300621687259, 3.861968026034657, 6.103277163820747, 5.21837373066543, 6.989298717680818, 0.9901896184404004, 1.9594464877885154, 7.107485610683963, 6.703191076810253, 4.212754294795963, 6.090376541088688, 6.6291956356039945, 7.863399211457658, 6.433684409418355, 2.3990397428861256, 7.822199881050135, 5.3832547402585424, 5.236408923897283, 4.295739157476778, 5.319606396772112, 6.339961290900342, 6.553906058401204, 6.483084709305493, 3.041037824357378, 7.4488961886745395, 11.358882189862515, 9.359294397354814, 4.584856248951621, 5.393023343621258, 1.8020979777222745, 5.258551348700936, 4.456300302650813, 8.55268922680029, 10.541895637020552, 6.631973124982156, 8.138887465396499, 6.928137416828631, 8.473827637803875, 4.970914537467728, 7.061724660537617, 2.6602684577913793, 5.275035373845479, 10.399044389048091, 10.799319046765483, 4.082337709359725, 8.715555238802846, 4.718485992957026, 7.445940914653908, 7.54212717354039, 5.566647438602544, 7.686769818108575, 3.759469993030643, 6.869828338714663, 1.851327941636814, 4.346944347511758, 8.993142338588186, 5.084165164702295, 7.15692728252838, 6.742139535855601, 10.7469496999542, 8.422717080924349, 10.189471992499195, 7.025126712247327, 6.365615638378681, 6.756680487809197, 3.184545978246051, 9.747524972539717, 9.645619532472049, 11.357105386752707, 5.0453030716763685, 4.343526664633652, 0.8123472775411502, 10.045879941671647, 9.416405240928757, 11.128380611954501, 11.442957351023113, 5.465457774864617, 10.404709995508219, 6.7435393509117425, 10.055598887123564, 5.084576968596584, 6.785352893029304, 8.23054131121641, 5.556760708990929, 8.913265293465352, 10.409535894000273, 5.722319921069407, 4.355384449099364, 0.8367259419269989, 4.857728347622095, 9.927133392752978, 2.8779216920330986, 11.528530294208773, 9.026839123334051, 7.421012733697705, 4.170876443448158, 8.092608895604458, 6.050651756817011, 9.673277544399637, 9.22208667364697, 3.3087913947703216, 5.3048865842819435, 6.803087130390018, 6.350255064740411, 6.916291261221664, 6.457058811221843, 3.0592953025706353, 4.094615723371841, 8.913986475917687, 9.688761071163874, 9.776410728253062, 5.292315836579263, 9.64174338451262, 6.793755999302005, 5.798760474857108, 8.517867367379576, 7.146857756154567, 7.87125888329052, 5.616474709000012, 7.131039831134225, 10.23479483387143, 3.7418262094616885, 10.793108907886682, 10.096891159615266, 7.780357861077085, 8.908288177377045, 5.395317233681558, 4.938818010614361, 4.371913909089399, 5.993028726245751, 7.607198263909286, 5.592525383282384, 5.74943376779435, 6.203816763191917, 8.096146645240129, 1.234133274758229, 5.572257580448934, 11.100300696264158, 8.806880557113969, 7.300654833829552, 6.635054097612566, 5.850104347850342, 8.659217202449359, 7.338085552893757, 12.36706822764771, 8.472699371093304, 4.760435044693122, 9.85270206981843, 4.226377545295142, 10.021844542239718, 8.6058452866276, 9.818297981525538, 4.293176576625676, 9.708143552322968, 1.4256772334298955, 7.536905756556885, 10.379206623668113, 1.375046030594995, 7.326033388154229, 9.172423978161033, 6.224709205776597, 7.843665518395671, 10.794221983298291, 7.707890619450318, 7.228319447452934, 8.219466998504737, 9.180437029055366, 5.146071781956336, 5.547471336503852, 6.512990226917664, 6.949964239071982, 9.267152553589563, 7.95681772217225, 6.318141263382003, 2.4029584830211594, 7.0162660371435575, 7.716384483110056, 9.798677695604905, 9.251077383570381, 6.726056416817777, 5.99939495451465, 5.091732268416869, 6.65794889622949, 6.152342293680043, 0.6525066556308433, 1.3134979275309144, 5.988786095510039, 8.1095569592672, 10.397814908613547, 11.803172009984515, 10.406565393126256, 7.320974134978809, 8.34781568788234, 2.828396570386705, 7.604226982890085, 10.724106922347808, 5.69585361286838, 4.769568926175745, 4.751902183931855, 5.723496925454314, 2.8636379770466203, 7.356193755775873, 7.758020344030792, 11.285176116863052, 10.633504923729028, 7.74859874864004, 6.640637847884767, 11.150433045600277, 5.757133737343689, 10.284316415930737, 6.229991545288578, 6.653340403999907, 1.681553377575481, 4.829924569720517, 7.05169324388459, 3.173276096266954, 9.5678020947997, 8.392199192417733, 7.394833960426299, 5.930528679526261, 5.855231136093065, 7.17621130871056, 6.886099231282714, 12.195938184163076, 6.391887439226135, 7.692658927225577, 5.268796238133142, 6.618546885487971, 8.948127786321539, 0.1938306877266014, 7.984324741136364, 8.201863507685283, 10.479954648356218, 6.529037705478282, 7.036613016178252, 7.646435885722471, 2.975205759561681, 4.1588518760553255, 6.56345320368935, 7.838394111653438, 7.353539311531571, 6.195899295813327, 7.300797375979534, 7.34729017668705, 7.471026613743236, 7.707136256395825, 4.2521369044893484, 10.46673843489084, 10.496682580314282, 10.014450478744159, 6.330041198963483, 9.445606481034075, 6.321477394936022, 1.876567502101888, 3.3429843458438, 2.688343285560393, 12.267726927520664, 0.562110196711745, 5.487372545507278, 6.550340338667535, 8.014986586632318, 12.862190820715192, 6.4161849797720665, 5.65130167228885, 3.0082733874529954, 7.482737797487343, 4.5432086935783875, 7.0438253789443515, 6.590853407971601, 7.042640314109075, 5.685583343479247, 5.491840439873073, 7.269859982155263, 2.220667430613638, 6.303936220336695, 8.409733167041399, 1.477174188504273, 5.093745484637719, 10.32340668321338, 9.263396287875581, 5.88624824548869, 5.297883722243284, 6.924373616378945, 3.729722886826139, 0.13879571801947602, 7.876250512170591, 7.6753012614500316, 4.822827974213996, 7.387217301563114, 9.467524371243588, 3.7631498636848297, 10.464478204451662, 1.6842138008929968, 4.184529085657205, 2.2578589802929216, 2.395662788314908, 3.893137153465681, 9.32630975528452, 5.987591607294486, 11.534519643999817, 4.334585488517174, 5.375497861293857, 5.819741948944895, 8.810935209092959, 11.300770422418701, 5.608780735252167, 8.500126539834604, 6.342913269885437, 8.898432828571975, 8.11737629673568, 5.079932304286046, 6.615700478239491, 11.318834598255119, 6.349084075683125, 11.238774578370721, 5.995758121343635, 7.352875733611518, 6.218839387799021, 5.955684596710346, 4.635430535559972, 7.78782678883955, 6.082360994793527, 10.444145494259297, 13.029922704403498, 6.283061800031705, 5.408013697709467, 2.5768710132492223, 11.027755359649968, 7.594101635817778, 8.122846569655412, 11.377289517164526, 4.945087731399438, 3.7191275558770958, 7.293718364453374, 6.861893769193481, 7.759357602073015, 8.000563151743295, 10.025207332876043, 7.532452851400743, 6.071433936030386, 10.316214284700362, 9.200863791173752, 4.778679068936784, 5.90317682486673, 8.109376460134186, 10.85854375548732, 6.556294481732135, 10.043183919642678, 7.4415373229887996, 5.96217803032904, 10.076832421131472, 6.754272307602282, 7.516108492283199, 5.029499599716342, 2.6860633995755596, 1.8339678734717535, 1.9683772474971133, 9.822554089305214, 4.458131731879737, 8.204674811634776, 2.7814047280763936, 4.322568984745306, 9.535017588136744, 7.674720841903177, 0.1382927770600999, 7.185362544856408, 6.786258324819763, 6.218865020667303, 10.176632481624617, 5.3910500748007895, 6.201114097483142, 2.243428081829402, 4.195255580402277, 7.42317942486394, 2.4355153428273097, 11.22989038324736, 6.286350628903382, 7.055700038797403, 7.253795343375613, 5.05025370325519, 7.363448388921749, 5.952907281317464, 8.022978406256035, 10.559626314884918, 4.792550289285428, 10.023899411071007, 9.469283979475406, 7.895595958734737, 1.7294043709258067, 9.338321137772757, 1.365743117757464, 3.0084700107827156, 7.284159049462617, 5.572292497703611, 8.264255776889524, 5.662698375048541, 7.679591472721104, 3.437576540261296, 5.555065823314764, 4.289016786258722, 7.5375652102169575, 6.423143010926454, -1.1049740295885908, 7.553047088854014, 5.051446468511128, 10.742074167762503, 11.385336200599308, 4.548371633493358, 6.414563401119972, 6.257123142870648, 13.200225331413836, 1.27170348973091, 9.613899769345082, 3.543193204950638, 8.40079356756024, 7.077895384273531, 7.4018184480583535, 5.745922131375755, 0.6753630730531357, 0.5294811389614846, 10.308473858397868, 7.0678452363837305, 4.659581989746194, 5.697173826885709, 6.899032535010991, 5.582115089324992, 7.055011196178308, 6.687732731453981, 6.670326627092908, 8.34906495631831, 7.517093975620253, 7.445663079173902, 4.372976613034593, 7.61281252123408, 5.535697601359439, 8.555467076113075, 7.277557274632894, 7.050918479141409, 7.669991510752549, 5.70684223886202, 7.152998905714928, 7.255737348463175, 6.82031800106759, 6.460771558982502, 5.95533729397372, 8.560897788858192, 4.0653442042786425, 8.10787740001029, 9.235653335856863, 5.536596089766511, 5.55877518873094, 6.733224327813403, 7.072490837529373, 2.6170618096770575, 10.671307723228614, 10.39745413398327]}, {"header": {"parameterCategory": 2, "parameterNumber": 3, "lo1": 6.000198445256149, "la1": 58.999992894266676, "dx": 0.5, "dy": 0.25, "nx": 22, "ny": 24, "refTime": "2024-03-21T19:00:00.000Z"}, "data": [0.15716100923260481, 14.392092767128382, 10.200768522702841, -0.4771033537670989, 1.4798011601433618, 10.690539100701118, 0.2589650105327348, 0.7951767836233978, 7.550885459173868, 13.386943015829834, 1.5843517483164922, 7.232321007089948, 13.225436717889856, 3.9640079402733512, 1.9258610540717265, 5.535048129124061, 2.525597789641443, 11.603956325225404, -0.0783127766714466, 10.867379311038045, 4.795393345816919, -1.3050843672113612, -3.302371424798402, 8.335479651175097, 12.440720972647066, -0.6650102809608907, 5.4062113805615715, 0.4315538518324442, -1.1374878614571353, 3.2260786662369183, -0.7141519200442507, -4.420583891018245, 1.0146341939084969, 5.344750886096964, 7.772789384214117, 9.951735731833852, 1.0610496587332827, 5.574338447473655, 1.875453971933533, 7.407177304221431, -0.8773393831905456, 14.102404482980242, -3.578780951051875, 0.24313637934753068, 13.721748949362961, 7.817673717504849, -3.9860412118235047, 1.125915571233872, 5.271821136732117, -3.305778049126542, -0.008066403625100539, 1.1619109308485347, 13.950621356098528, 0.4535894213892654, 7.9465683632086295, 5.479433448192138, 4.402524551007073, 9.455216171175733, 2.1423477483499127, 0.9163124450003098, 9.690003298150257, 9.067219367610173, 7.695635754374285, 7.659577597135688, -0.6831848873244496, 5.527007621854619, 0.7843569574304242, 3.709724350238708, 1.501376057901225, 6.784373212536387, 5.729299340891958, 0.8669766423944087, 2.014097839774106, -0.3215358802096202, 0.8933343739819186, -3.778066921284494, -3.1209778525295717, -1.6059634502615276, -4.022413396469005, 2.473617869509444, 7.381706026835944, 7.604269893471931, -0.8784613050792782, 6.814285337970162, 7.138685884265138, 9.815383683388148, 9.248135339483472, 0.3311679318059213, 0.8583366826566499, -3.8383139121611864, 2.005262336788792, 2.6294904521584948, -3.4271593367270565, 3.6943589439174, 7.8228214336718604, 5.607805848666748, 0.711917167261887, 12.754602377535498, 6.169746373979182, 9.48667698792852, 2.464371316526563, -4.056989273889492, 4.6333194752619615, -4.466658281655871, 1.8796015147135978, 9.645271384171737, 5.4191751355060775, -1.7365476090649228, 4.200675410265452, 0.1805687576842174, 0.899300642319709, 1.3638928146444294, -2.1477778922140836, -1.6382214456938498, 9.37911227081283, 5.825383671672152, 9.311583864133276, 6.054438905155856, 4.497728673268406, 4.554314747700324, 5.351396424252901, 7.684855827143889, 4.82098298423689, 0.5627078804561483, 2.4204150774049755, -1.2042445527298946, -1.120664158966243, 13.668577968828155, -3.8390040896550546, -1.1407468521555992, 0.4945182547375504, 2.691083032036135, 1.0262103116091739, 9.046183539903268, 7.413888455286967, -1.9575486624739435, 3.8455750524748344, -1.3956879823381474, 6.656514502441724, 6.668873931613556, 11.586422890711487, 7.395358556157095, -3.0602610302960005, 3.759978366908533, 13.294045540542584, -2.1121363613044735, 12.039947731236964, 11.746569978559199, 5.052687831187693, 8.720877992195408, -3.5934692112276947, 13.239070758953009, -3.887031226426716, 5.084970927628971, -1.068609123952778, -0.2968190218582099, 3.2341078280046327, 4.976644596054472, -4.131802884221159, 6.315228594268357, -2.205060454489443, 12.550520181834543, 9.558093048622835, 5.880141384721656, 11.247316536196946, 7.027388019413181, -1.6171983522626083, 9.51435251583801, 13.853752847245417, 4.855916676124055, 2.849583297847059, 9.947014858608245, -2.124675502137092, 1.5728987845335078, 1.9289667910501602, 7.254673975273287, 3.9973521452877385, 1.3876716850718687, 8.608583480258357, -0.7405372540238888, 2.1343282826509484, 8.702781826844875, 13.359848402593121, 13.651040752621196, 7.668283715265414, 2.7617863386620605, -0.7230291018663707, 14.216889132250381, 0.031250086178056025, 4.8113948401223, 3.779978709763442, 14.187752535932214, 8.639260278385708, 2.577157154373182, 13.180856392928453, 8.31998732125926, 5.070642521452332, 1.5158018170042966, 4.926410194496917, 0.1997115464067397, -4.795876076878476, 7.837276204642686, 3.7741743916771955, 5.057256041418243, 6.921009953186529, 0.686480658817575, 0.328301446029077, -1.532930499051379, 3.437232674198492, 5.345486427730606, 1.3398516235382185, 5.375075806440921, 2.125790091223582, -1.6208466174722636, 1.2982468687399087, 13.763322173800303, 2.1317308428976527, 3.152610575322003, -0.6958127079804277, 6.906817189611019, -4.136647448081978, 1.4010277936826303, 5.439019316392202, 12.916917210308489, 1.8816466233274167, -0.08904900479576078, -4.135135022734641, 0.056912225432897576, 10.423386587655273, -3.050631193950808, 13.692006544161412, 13.749087254316636, 4.953294755177474, 8.082103443631384, 12.92625727281016, 1.5873304112263489, 0.2899894071468596, 2.2185919273217323, 1.6174037172369644, 9.88408681190614, 9.838066112741677, 5.773285241886259, 0.7033381043945256, 2.2751042526629224, 3.823301368011494, 0.6908945308296301, -4.197168133725063, 5.143285233330046, 5.079299487096943, 2.1636687411476845, 6.775156694593224, 5.264753940459652, 9.563424134085963, 2.4798692046196225, -1.5436241699201427, -0.32870096434187407, 6.701743457179751, 1.104480306694732, 8.44344577654785, -0.953580892769224, 9.78311209262999, 10.915602077098038, 10.403244725864326, 1.5105623023053445, 2.199275193314774, -4.34210635109625, 7.943127174706275, 13.261687404903853, -0.7595155251697859, 10.144094610214012, 9.884761156153527, 8.00199505605366, 8.262163480715303, 14.03880698801759, 0.5604270474904732, 0.03186094843850368, 6.5665008303661905, 4.940441476944372, 6.060792756428662, 5.1494558877538825, 9.971619735933006, 13.532678990720266, 3.524847935382345, 10.908550626210555, -3.9897219385081146, 2.570125604460401, 5.034041352048795, 12.37131090894354, 12.935256012375723, 0.9671653871567756, 0.2937915169099672, 1.681270921733838, 4.569876632274417, 7.308876990361007, 3.4313587012270266, 12.211607692063376, 0.43844651634720894, 0.08380608128148467, 0.7713031491772457, 7.883938860480028, 2.2077449005159084, -2.3291925912192815, 10.05353788900763, 2.9290327321609197, 7.1901359660597, 6.767549319634578, 3.9728599729656566, 0.9112847937704949, 0.24336202971892046, 1.2583315714395453, 2.8879550687653293, -1.3048500052916938, 4.069018367437572, 6.648743793039844, 5.560350133242964, 5.200219784623918, -2.851085575502558, -1.335535657142117, 12.663521810045983, 12.627515460488068, 9.477556049445118, 9.093698104565002, 0.5879234465980047, 1.295724688268724, 1.5230416697738272, -2.0657198494994033, 2.1942373414828413, 8.866494162506408, 12.326013140324775, -0.8106826139761785, 9.15501353796654, 2.8148109085160558, 6.740423561778656, 11.650251280762202, 1.4491965951446708, 0.3652869441925627, 3.2765543080097737, 13.614904678477533, 2.204077435477422, 3.96885982154657, 1.6480229511431073, 1.7915373164926778, 6.275520829195226, 7.136893242808481, 4.990127260847598, -2.426697673654038, -1.0587998564672008, 5.183778775261103, -1.9914566016288562, 0.812065524656584, 6.584696382887676, 2.3320848185899496, 2.3292643267877287, 0.9914788811345484, 1.1272868378800156, 9.07008640814117, 0.9976393825773168, 6.155151365046816, 3.9443234449664066, 0.7703734769221858, -0.08849384727331507, 2.3953273262927914, 1.037000889587164, 6.592051323089615, -1.9356139514621793, -4.779521015488087, -1.8042422394314612, 1.0707515449873783, -4.586036099789592, 0.22276892468058418, 1.552406345059632, 12.78183260349649, 2.281485998607191, 1.4995729981524597, 2.207536830929843, 2.202700972607179, 11.284178079200888, -3.2587511512071794, 1.0016804310980358, 2.3010837728181497, 3.41003800653038, 4.601724023399817, 7.091952780778701, 12.295288615041748, 11.422600530579714, 1.5613979299931902, 11.767887127243851, -0.7146054443897087, -1.663361436572151, 0.9612986478664718, 11.109018664590579, 6.6995180649482595, -0.7176669778755045, 2.042321782474236, 9.054045498123338, 11.60705727711298, -4.283670701215029, 1.1666273607355908, -3.6783925324778357, 0.575045669662838, 0.23351709954196193, 0.7004946875714549, 10.244728259619128, -1.247634304528385, 11.562152539782968, 4.602759043282518, 9.97206130336136, 0.4373068931168124, 2.188064660417134, 13.36714350504585, 0.08849846728981695, 3.4042373059109403, 13.448481937341073, 5.222238154758777, 7.854762331033725, -3.851835750865586, 2.957822429378092, 6.033397824482686, 3.3669361439814334, 7.8457590674727244, 0.28910452402040043, 1.3676762768982917, 9.386076006924073, 5.789629705452029, 4.1782650182436205, -3.9736168545328256, -0.19862265796463976, -0.4622307297570735, -2.408224820436456, 7.817933507491328, 3.405536869785112, 2.4669462810899603, 3.4094350097082287, 3.669276280958398, 0.9902235526525303, 12.92682404963436, -2.553759553617823, 0.9809628652053529, -1.1189458865842818, 10.148486009160331, 0.03713904434218159, 5.045800948228396, 6.208131611844258, -2.1506625900847616, 1.9601456979521197, 6.193767761410543, 5.590898747294874, 11.88486291300673, 3.1739017281283255, 13.862751668655601, 1.6004853485581858, 4.230381396503162, 7.726721624920504, 4.622347584354851, 1.554249915046045, 12.928715400181947, 13.440171036110142, 3.9166232531804983, 4.078466845860143, 1.9163147994544545, -1.2303270136894193, 4.037746832524906, 7.453640554671768, 0.37095410597676065, 3.959337619330138, 3.2353507593130084, 0.8934170022606549, 1.4792063632716173, 7.0326661154653145, 0.6385712529101555, 4.608440746484452, 9.733914966864134, 3.482725861201225, 10.34256376813895, 0.627439960610611, 0.08914537527006738, 12.178849519355788, 8.293324021275474, 10.874296211204086, 11.33432335445923, 2.9913039091534714, 9.699087738082216, 11.557834268136887, -2.9907771660565854, 1.170954908548947, 2.248003255828925, 5.747169430464978, 1.5416664951108197, 13.912716183956704, 9.36780150482112, 4.99375441255844, 4.147706074544156, 3.6521488848871275, 13.586603216585651, 0.6654765939491287, 3.645832079742412, 14.341922210869908, 1.799476563629327, 13.437497303069767, -1.5174554522512949, 2.868886655693663, 2.5795929823833954, 13.57512419639298, 12.979997472931803, 7.795934131609083, 14.227711180829523, -0.8691202309238529, 1.4376356353107569, -0.2433365159690353, 3.2700162334490854, 12.519778623926534, 13.77821986224411, 2.920844849565784, 13.63484950745421, 0.6682728478320299, 1.300241231634654, -1.0436377716212384, 1.128813010540002, 4.479009383881573, 5.814299491230587, 2.4580736985402862, 6.449022171121906, -0.2082943285878789, 6.444923742171135, 1.8059842742050942, -4.524485402182459, 8.422029121649155, 9.397372347742046]}]