script/wind10m.json
{"header": {"parameterCategory": 2, "parameterNumber": 3, "lo1": 3.000054539987559, "la1": 64.9999836372058, "dx": 0.5, "dy": 0.25, "nx": 34, "ny": 52, "refTime": "2025-03-23T16:00:00.000Z"}, "data":
[rows 0 to 23 of 52, columns 0 to 33 of 34]
10.53577108142936,11.712839797674585,12.493292597359948,11.292382683697818,12.199087800277749,12.139742214214813,11.214920289413838,9.76564709855815,7.365211055266515,7.397438417589857,7.0792607766261595,8.045987568636,7.823704168817937,6.364900487229901,5.597778042276485,5.964918507983892,5.086126057551887,3.2775218621583906,2.986620570792541,9.510071234884446,4.283944968527032,0.6556565001664865,-0.6012168376139407,5.591377099366768,5.100525898054019,1.3446919775438406,2.5258665216248737,3.066984743509936,3.2863005087515185,2.615540370533416,2.262395239644518,1.313745714267099,2.278867271121753,1.8736505417418545
11.737721286963872,11.789622528701823,11.781515262312112,11.625134893314563,11.652914592846454,10.843094356728688,8.634419012943015,7.017868539463556,6.617646699157348,6.275007474290333,6.664165239460841,7.281866047185605,7.554371644142689,5.582156580946814,6.230409742142582,4.664768108144383,4.616465951569789,2.168810437426724,4.223747176319653,6.953985905907631,1.7306213312378669,4.55538718755733,2.5097053879157483,0.8330689239625262,-1.0588064606151373,1.36356418705105,2.5749703998435916,1.4347582306208007,3.0838177825560757,3.6458550008170656,1.8085768298664302,2.2953619813979778,2.103168100113119,2.8143913402959977
11.733251162526443,11.837750695905997,11.321738470432468,11.568759047306273,10.75064889371842,8.708104079615204,7.050937713335906,6.3075201073442235,5.723510085611153,4.985615814459614,5.5949043858500325,6.7033142266148165,7.878769179302399,4.831677604549029,5.949362195830247,5.562892356634632,3.3118009303654175,2.2100541916244474,0.9160377317333355,4.462045086180623,8.079365747876375,1.0547958483351347,2.1979177714675004,5.518433227334888,3.2457387311112287,2.001527916131288,1.6942048376203596,2.2786372186823685,2.5436529983488616,2.5197031961931216,3.44344450864463,2.803990036478256,2.398475860644654,2.9656057631304136
11.180802831779184,11.30524899038983,11.331573331573823,10.552766306163358,9.471336404957757,9.032274882991004,7.225522277083497,6.317173627107597,5.018006846616347,4.287181542522652,4.470202738501536,5.23705970393106,6.968331076798761,4.688964607557962,5.848855489643479,8.322400582851477,1.648142017862629,5.747313930518225,6.92869561748153,1.2598640436698856,8.154816831668208,6.220713490012234,5.575389231482349,2.3442653103201945,1.4538265481433734,2.104552452462978,2.243625670128832,2.144107243198343,2.4065278480170087,2.1005487551673383,1.8525345801250823,3.1876976259587706,2.8754627075756582,2.46294820697662
10.451154222582822,11.006089930117762,10.460234632893368,9.780636651858899,8.525926335313924,7.557976784929926,5.131222530868236,4.723051329431382,4.059595242404286,3.361371328162768,2.412361166041057,3.6959725165181725,5.677968426578588,5.560664275968879,4.240652107636268,6.496755307525879,5.989329891846876,2.448274090754549,4.922434067176322,7.063583453796986,9.29572515552679,3.173587867370553,2.0466520539879722,3.049211133087691,2.1707724308252185,2.123503471284905,2.196614276841782,1.9451538430554431,2.361010839874879,2.286633843547342,1.7958298963440789,2.8064190439000116,2.1686890794016453,2.094595640260844
10.153568743917615,10.625317834559873,9.381920396319327,8.774963827670655,7.003132495712501,6.5225544551473655,3.5495401315045942,3.1251526129380163,3.013374870196189,1.008720643242675,-0.3213723694589446,2.3501690251742406,4.088680791070222,7.505415590679833,2.7944736678946036,3.928814158483142,2.4283755792049746,4.421297611271589,4.716460636233153,3.4399108096690925,1.8633991986477498,2.4924419672779345,2.9947308435511983,1.5039394319004245,1.9188231063865422,2.112387273698908,2.4089990519555053,1.9277714528503616,1.9375296678113536,2.2412218999460767,2.2099548501746207,2.263964715515243,2.1752976770390067,1.760727613975556
10.3885785638956,9.531871558458178,8.417712682209382,7.1728877754469575,6.051956038392232,4.280003951723351,3.6853704756938637,2.4007871996957997,1.7411912787932964,0.6693670559507399,-0.5248532935823433,1.8939474799554317,2.3575066001044935,2.4762794545811833,2.354886728097655,4.954039131934433,1.9974058557520393,3.850196110259116,3.051678076350593,1.3648519222462665,0.34275491102700273,1.3033657581388662,2.4287717677030805,1.983132130612448,2.380336682656182,2.084694188150152,2.251300181995544,2.282297288025902,2.1318741658625275,2.5208524624287825,2.0830372886852913,2.2135096002149717,1.7074257607897454,4.053103516920942
10.088815961667963,8.920302996120036,7.698857348889623,6.076543617603775,3.8711636375793796,4.430082344909554,5.126575239740363,1.3528077618406673,0.28585165652467875,-0.9321925588634328,5.646329637471483,2.09064478275179,0.09742182071414891,-0.42793065634734034,3.7679534201591904,2.5394436400062577,0.8532172432664137,5.142556593692199,2.8388674269494865,1.5813531577321434,1.941700944063048,2.213127163853792,1.30870494088482,2.210647776946536,1.6617242269473436,1.766616469180701,1.8637869920282908,2.524683849734359,1.8060452707454293,1.8885111070742386,2.6767948448055963,1.422109174290043,1.9593476487548793,5.0435309778805655
9.61488404756251,8.38882582408371,6.596052654794001,4.826502966106913,2.0896651745069965,5.0731771928312615,6.057191073253038,1.9997049745155453,0.2978599877967811,1.9230657402100555,3.224357307426223,2.021355140953508,2.982373084845506,4.383196059619816,5.403291711988584,1.700973130927283,4.151382135166131,6.163359613618568,6.19598080805775,5.153522644878422,12.8276111451745,6.505781625243915,2.416079446757962,1.9870587393404433,2.2099718804571373,2.00330468300785,1.842387745710874,1.779887985485812,1.9178092543781606,1.5395604155571416,1.9040436995351449,3.1137108447359063,5.784565826757299,5.417942669124021
8.672593904322929,6.906712324069374,6.843539606703478,3.539779194849624,3.9099169304001333,5.552625295740299,5.7260519522439965,6.430585474584161,2.5099537001172085,1.8258676343476479,0.042177415326950844,5.011231852187161,0.8354896576004487,9.366792217591643,5.7972457987394375,14.209241280576244,5.762563331223667,5.127200663391134,3.023662901892252,2.8218516658754034,3.5693768904526957,1.6554378301153712,2.0434242215937846,2.3489473761247464,1.9396700162779632,2.0036296497032553,2.0384282552298365,1.8913092075948357,1.768011827969482,1.4397103359611152,3.3039378777872304,5.404262062182556,4.712048288437089,6.282594724122777
7.203922582555275,5.833870437737484,4.987691395383329,2.5173663290263395,3.2708815603894745,4.398975465536353,4.626380678141587,1.6022247496050572,3.2998487978099065,-0.8463992696886925,9.721688754463134,9.42869292854654,9.69858178220933,7.705920756873453,8.50286623280277,6.7381800328485175,3.737996624138356,1.4527090136984282,4.243086905451825,2.308130368902013,2.792902020490492,2.301996839991772,3.1101301974406788,1.949561822536616,2.2688356979393043,1.537209226003156,1.4216539311761294,2.2072649455469775,0.632587658213286,1.6246187215288976,3.7015437758026013,4.684397333927596,6.042691335914291,5.8265702358759945
6.39688081616644,5.272281571318352,4.406335660395286,5.911050648461149,5.602010724080399,3.6416611714022498,5.967579364034093,3.5086582933506425,2.1646504874607557,6.871114643719267,-1.6833622538918227,7.937438993805084,2.3533010585910383,2.2527321015780304,5.113113114956116,2.87238606228832,4.390666152256857,6.098224409171264,5.295717895342876,3.1203094345207036,2.462642269458669,2.387635112086286,1.7795785397923085,2.306788178174378,1.6108940962887295,1.8430735045391884,2.0542610279196833,1.872925095971642,1.7068636067510194,2.153001124572976,4.288591241553504,4.993935952941475,5.180867984676652,4.908230704400234
5.953561694639314,4.518562928442343,3.8483028370728274,4.616057231258228,4.357523431332894,3.306768170625099,2.9360430946985034,1.3020353230892807,5.283144716870298,0.842679894242739,2.0326743229146103,9.924290579597734,8.374366343870964,9.630308801364356,6.996454912062922,8.470665595118879,4.048494954230433,2.9003170571191146,2.7490733930215834,2.1432552598070025,2.625699030930996,2.3953175503077553,2.0775668527475317,2.1099682484927444,2.058786989184125,1.2729513951510962,0.6204505078802616,1.5297185258709955,1.3757884170671304,2.6377184036210792,3.9639275933792555,4.734877795434393,4.887707967163036,5.323308448706628
5.036774311818913,4.587233186694248,2.701886599136632,5.0151597873842295,2.7912037550763507,4.874820349964589,7.731705348845472,5.017725164153247,13.26352074292053,8.694296925127025,8.347841290488432,3.6518906797682735,2.876144336804704,1.142137501918333,4.157896270039913,2.1620180736749517,2.7095055891815196,1.6162254097166115,2.9180519224158554,2.073272636251922,2.1934184715528606,2.9788991344463116,2.216347569687457,2.1464642526844075,1.2679814976111385,1.304607990640237,1.2159725520424052,0.5661929158599691,1.4365705148877141,1.5114928484666788,4.237860309388331,5.144494533914111,5.235662417152219,5.286257568954016
4.2857006116766705,4.697902616224019,3.1691892398027552,4.753764513456382,5.108787853754047,2.5578106806352436,1.9296196979470137,9.785993366926213,1.0034342191822323,-0.6136189729197529,3.0396089026894324,1.6503128564403995,5.843593546766827,2.321701950767507,2.944618482480849,2.3254796829154025,2.1318030530762573,2.506309267461757,2.006140459528821,1.537266063574974,1.6778831613867244,2.0081811163990877,1.877995879829975,1.6452822005490229,1.2890713229871482,0.7781356437458034,0.7539839792036763,1.3582097608155363,0.6972464749281806,1.8218242742876583,4.160275908402187,4.782567518331874,5.7207848811164705,5.6635280039507006
3.6917583052856053,3.400849455147929,2.2057951637354187,2.4476994094530844,1.3715045805343398,2.066865096667673,1.8744562185908615,3.118266695996622,0.26635772304293404,0.5362693108444941,4.114376765922292,3.667772872341849,2.741427143106224,2.5745129259066992,1.7136848932400062,1.5247024052779972,3.2989078661287006,1.3115033503610543,1.66287243973095,1.298073330354639,1.8509440451893595,0.9931076991343463,1.079261175417565,1.3194557875847888,1.2809835254482937,1.8472397211458178,0.9416458439991638,-0.04746114888979532,0.3544853929130816,3.7922822121296544,4.9936276304754355,4.603850914097305,5.609658657691449,5.863387537907516
3.5141151103073938,2.5948456965961877,0.7612991467012415,1.5340623201194616,3.213324668175671,2.448892838241844,3.064587158357208,6.535277567974057,4.145536800877035,4.8411931185211925,5.285418122786386,3.520924889220817,1.0997519652376269,1.2416501323578284,0.8107796221387265,0.5952100056863275,1.083434964968595,1.2581252951170845,1.8947881965287736,0.4423849142214004,1.4057861778822374,0.4266815958740644,0.36862206544787984,1.1848456619019678,1.210003515519545,1.1586878383610073,1.364576016056068,0.2840534930431611,0.13485813045360806,5.40041522884484,6.276339557105731,4.680415294135852,4.889030905771861,5.66534348751385
3.3130561359506374,1.8184392405490826,1.567228097814464,2.6822170124210105,2.057741913600318,1.6291355802939076,4.336050482680032,2.6284186171860138,8.951667481902128,5.676823516003616,3.730748675468918,1.8865460143192359,1.4306494348751089,0.9044296777450672,0.3295306237231565,0.14102863345275038,0.6318740834448572,0.9431930986967776,1.4491859556942384,0.7239109799110665,0.6507346622839286,0.977652959159852,0.5945295799762869,0.518689346626111,1.4356182494960226,-0.015110399419308933,0.36485505158942727,0.21383691526816906,-0.21516773780754014,3.902887540897217,6.310051560897918,5.8942461745881065,2.9942638091156546,4.336355590595701
3.129721959025592,0.8675357192591778,1.082613130122668,4.590235584554342,4.522658520125528,1.9005651649574349,4.6460025733067996,1.5269745420010055,2.1254889669541197,1.3401564238047734,0.9323696039938891,1.9705964426292681,1.339624099848733,1.0687225440166805,1.0216160681280366,0.4836362992410139,1.0186172006802672,0.9809470687249365,1.6386789488431235,-0.13696195884067042,-0.27018592331478664,0.1092298243921667,0.5203845674124493,0.8065788150511674,0.272939722238476,-0.011378670313857992,0.7143770310819376,0.7561494856023773,1.6914298504572236,2.085995940965808,2.2725476367260744,5.403557986646902,4.390358401258468,1.1621785007990197
3.1713243589510767,0.634150169774874,-1.3709623264300235,-1.515851773766891,1.7255750105953316,1.06207233782969,-0.7584709126063631,5.839110726122569,5.59052756539811,2.5134299742349153,2.5792625182510474,2.92050689101911,1.059669408845751,0.1498384010039843,0.46104476128276733,1.0098454271244717,-0.29739179978571595,0.31357702910211255,0.3505471506468958,0.5481246882848941,0.3246552707894937,1.0751708250542888,0.20478296715552005,0.08192013929484276,0.895176113599408,1.1195158614609675,1.414058270322882,0.46412242647853963,1.8684229027338397,1.3909064515015261,1.9661397084386334,1.8200823040054608,4.173727652398903,1.4226320421936214
4.3432945454250005,-0.25721367535449624,0.000146482896083681,-2.2096317630243663,4.377736368291487,1.4112149120037074,2.898644820142362,1.9389566746742406,4.117262648962662,2.827729976949843,1.8522493443994619,0.3409825095563379,0.011189367369567242,0.18308828466444518,-2.027575942746368,-0.7058288297720847,0.1912985100711013,0.9663091558876878,0.5215526224646029,0.6059053601984706,0.23310118061185242,0.37613676238773625,0.6240310242914737,0.7425723411355015,0.5784727984489215,0.6077255382823333,1.2847502467480645,1.2341700085161398,1.3757199633342412,2.0047180460056135,1.9136484547266075,1.2166484940221622,2.125719147986857,2.0956670613291313
5.088384766462891,0.5466215115778369,-0.37387307775983525,0.5134604452198808,3.291087496611589,1.9638893144085219,0.6526987372492254,0.19445408173284062,0.7559700502777685,1.194602692698365,1.513625843840141,1.2524212533855712,1.3352641789210655,0.24543362297438434,-0.1471527708506403,-1.1691081761263282,0.28134967382587023,0.6926048145109898,0.48223898246524977,0.18435895168881136,0.022496323064834293,0.38308791257719055,0.2748357611923108,0.42679407713952205,0.4918565796651282,0.27413699282373755,0.8441082437579154,0.9816037333445138,1.8884951327873247,1.5761987557278263,1.5421109290918698,0.7957563562878851,0.8638617366040101,1.472505862672046
6.584411612311959,0.8364049318351567,-1.0359076443773871,2.747323298294885,3.5332728469205477,1.901239499848397,1.227034379152111,-2.064057567306835,3.044296897716695,1.037135450169869,0.705221358875914,0.1462317169664754,-1.6090925173765425,-0.6666021843595603,-0.8587155213886889,-2.3952068142630063,0.44790253398962515,0.6765663762912013,0.19131724453559365,-0.27686384720004853,-0.2561020067520958,-0.05740524804585298,0.7072178947462964,0.5159430279609688,0.9595912286413489,0.8220235902253525,1.5244654868264575,1.3569572122500049,1.6762834752388087,1.8118743480222803,1.341406637244041,-0.006555257490578565,1.1977385668922442,1.8778206881948767
8.134793674243724,3.4278907826906115,-1.80020999646396,-0.35118726691920776,3.0036362594767745,-0.18238281434666542,-0.7566060362763621,3.7563136920550417,0.029016009874375016,1.5573247646579165,0.4375504847984545,-0.5664213097692946,-0.06642049207074603,-0.7884862224331809,-1.6046235987121313,-1.4937338684292376,-0.05337572113428851,0.1962240464614132,0.28913642455512156,-0.09660527970677651,-0.6524189358698125,-1.3678595434804928,0.3473380230121452,0.581109728051094,1.3037326090529502,0.8934036057426508,1.7648096272626452,1.6155160861018578,1.071399244647773,1.5804333931877814,1.7115328147533893,0.7920368480667029,1.9737153406158647,2.3499471257013154
