script/wind100m.json
{"header": {"parameterCategory": 2, "parameterNumber": 3, "lo1": 6.000198445256149, "la1": 58.999992894266676, "dx": 0.5, "dy": 0.25, "nx": 22, "ny": 24, "refTime": "2024-04-05T05:00:00.000Z"}, "data":
[rows 0 to 23 of 24, columns 0 to 21 of 22]
-1.0232034388697588,3.6278376643288923,3.5529963627041545,9.015432810139904,6.532749113173954,1.9713785847684777,1.5353996715872968,-6.256854142730328,5.588771690893179,1.940947376461739,3.8561955752666957,2.888436038796271,-0.3561484048556214,3.9984602644467544,2.013428336387488,1.6406311717742128,2.0787570439205068,3.863894243486279,4.790994063963106,2.8470162002254003,3.7466414041957985,4.962513528055857
0.23187371876865795,-0.17382200457676011,1.3992238524594391,7.052277821099668,6.752813598669689,9.801687793782001,3.2801828541384324,3.517110553909327,2.9797823224895263,-1.2581751617959946,5.236789228314338,3.112054589225951,-7.666449052961008,2.4280520087928017,-11.189972040940848,1.5741702111765905,5.450094759189026,2.341247810305996,-4.188279566163242,1.6989175519613302,-2.9225468780793906,2.2361281782005458
1.0252789168593774,5.046691516175548,2.4389325327181597,4.921567696474282,5.770775753408176,2.6204083072716444,4.877460990667675,-1.645707613847745,4.095339795557034,5.705458627221236,3.46721019031703,-5.7169346242838595,3.9606517059347137,1.9842021516869162,-4.853344865647049,3.1428805702854996,2.6070503574029753,5.379861766223975,0.9372435409472261,0.9634297471838484,2.5893309930712705,2.9109178013536843
-6.463818000398937,-11.04214904713788,4.421740148552592,3.4081384715505827,1.3070962526446044,-4.5989846776625765,3.263203279641156,-4.909274275116166,6.450545935088947,-2.5340137573142187,-1.6138331816757436,6.820884296492375,3.951934850478554,1.9826210010257026,4.032849292661292,3.7989250750500525,6.282283935072067,5.108384972353758,4.2414690241614865,4.881578275194407,3.9575095298852347,3.9005597447137985
-3.5905546110463096,0.623369265834017,2.136294495006202,-5.779989967141283,3.361002137923083,4.445893586771526,4.659041886840618,4.261534558187704,5.60796301603682,2.286134886009453,5.391671851249255,0.9763792583149724,2.353039851825693,-0.434965558019635,4.2254372200785,2.840191671576864,4.986031204915327,3.658467098115723,3.92993387549676,-1.2870542941012102,1.6970121949746229,2.288155760446333
-2.4436636138708008,2.024624217160718,1.6710900970324951,-3.415070102284761,4.087471008253104,2.7176145946427956,3.954733143989958,-9.559462190593981,3.867143898544414,5.257234939987778,-5.386177719473678,4.58856730978846,6.213968757290315,5.304499070801472,2.332624825344189,2.2679459896164134,-7.378844359301918,2.8470627464272353,1.8166795477527324,4.855568147020393,6.071158293313249,3.5106547858302286
-5.2673083474735645,6.681188711792347,4.966207410181714,0.6101265844112416,3.2321108663893416,-4.987662444684954,-5.191268194330757,4.1826196230609485,5.229222090872847,3.582218764778064,-0.186992529261667,5.038880535897713,4.427107911305882,5.051980819988808,1.7192153495532516,7.119538628560085,0.9545815911308759,4.755828937553556,3.493699209020118,1.4663506440057474,-0.4349723687188134,3.1563526779594118
-10.001449621882447,-2.40900008730469,1.6256851941303367,3.3485543487328124,6.8641177678999465,2.687137635970365,2.946983714754004,3.1518661135435684,6.128562991537113,2.0097666728568178,5.027642045356991,3.619285528331518,7.010313107570082,2.8309440903595946,1.8689440915130566,4.502395439910199,-2.861975081153756,6.369888403993377,3.174032758441247,-3.580459604049679,2.698515893776367,4.688204703579973
-10.04019655858427,-4.68077875413414,0.8811422443459187,1.7535017751354278,-3.9977513603550996,1.8970361868013679,3.7506785879901394,0.3744252601430481,5.449686843360877,-0.7689444097440689,-3.5217772086908665,1.559265377360398,3.9507199177108054,2.839069764066927,2.592284032853471,3.8759106598315847,5.7148098878542175,5.402002026490892,3.069145386730401,4.98606579430267,5.06593013373175,4.180889885365825
1.3559457323189803,3.992644982179662,3.073526942915838,2.60444842424783,-10.373971054764915,3.61828915149339,3.988984378215533,3.837428806700752,-10.542992416337931,2.6425018562656297,4.776716123409801,-10.572029371522003,3.652724506358019,5.161859137152519,2.7721748080228954,3.1160827711431622,2.6546983573303096,1.9085220820760052,4.2359707783337655,4.355035885979033,0.6370489408807436,6.372440816649432
2.936434981302161,2.6773183797996043,2.7154471967865317,2.9838882921521948,3.7317281739724555,-10.705662808597808,5.999298638141619,-8.873148735414485,5.381678926508928,-2.957235343766712,1.871709353296733,5.901306020744827,1.6182198352852193,2.552296841422228,0.01194527891138802,2.882654799440362,1.8887035535306298,3.43885135504971,-2.2334454046144256,4.192340626188159,4.313565942953999,1.919235899915194
-3.647839847266499,1.9341486549501135,3.0492118497762744,3.676613707466743,6.124655305364415,6.68657082797155,4.69493751051918,2.245322189754979,-10.021462039081745,0.9089059100746626,1.0596629994683253,2.1983698775983753,5.604936455741738,0.338780734961347,3.9338589364828667,2.2846430218901452,2.363771066109241,3.9403066037036654,2.612918309606621,5.4848741364251525,-9.355921109239858,8.42643827037479
-10.111827005519046,2.96477458890296,2.722153179965444,4.526718385012972,7.373002738750035,2.721277465790281,2.1677102477664496,4.870777443011348,1.6917561028151333,2.5926788115771155,5.62068384282323,-10.414157423367215,3.6517633237355493,5.70753889667938,5.440654843593808,1.9722462488411308,3.506773034583745,2.377139189206833,2.201253637547629,2.8236515683008268,2.7915993216422237,2.5651193241645687
-1.692427312936261,2.5113939170493302,3.042392121142851,3.47908747679556,4.709689921389948,7.091827201766464,7.43690609650689,5.87507643218061,-0.8078834152257764,2.2116423128350355,2.533729149860862,4.511148367296671,-2.327961021937191,4.10887708182529,6.8749448513015485,2.8674858103119245,3.6480895917476337,4.286207452688914,5.413534348294477,5.391776853804072,7.614929395269172,5.626280054587408
-5.03742007868032,2.2595503452770997,9.093506867605894,-5.101861288939347,0.9950699112901717,-6.309296255593869,4.017132673470409,4.889745481226183,8.608229648032884,0.08728061708278362,1.0504218452113867,3.370339463037125,2.771875459246603,3.1508830401979653,6.534158937771207,4.848267952517956,3.0674586567177418,0.02913716697732357,2.452287588947902,1.019656033610562,3.934227075148693,1.635389628222995
3.9062678981334775,1.7954439865845775,3.0805182500058157,3.5701333906190715,4.262084731745426,2.381317893646388,1.4609483510641768,3.0934258390364997,4.38671561057597,5.542239395019688,3.0006920445794156,3.6695014421640124,3.7973446434549065,2.4998693604010835,5.9085507918742834,1.874262179651267,6.91618836751244,6.418703826261761,1.7893524234969769,1.3880643411594822,2.9360244927687242,3.5102817006112335
-4.033447285421687,3.07870995657818,8.566338097208726,0.8981962820839616,2.3727134694424206,2.902249387225652,4.972509759397676,3.679240244353232,8.12904030831433,2.0998345667398985,4.722707907815329,-10.216599621183239,8.767645588346209,2.6398528745201584,0.39983216290576007,1.4904712710464518,2.8054546629695314,-5.081406172157717,1.0659558676456535,4.254971978899501,1.8140374815913136,1.232249251110519
-1.3137301949819618,2.3602474498342167,5.356927725127854,2.8966205440345965,5.822989137919555,-8.71322823157631,5.384358620912357,5.234578003940282,1.9583231640862167,2.8220586233958387,6.574315617991565,5.472598049372425,2.6454470374044714,6.36295421040123,0.09600137312293469,2.210264020657226,4.719492778427058,2.5645925477634206,4.9909109161811065,-6.674999592671143,1.9929701832093893,2.816913190380267
0.435879689306712,2.7937815185699124,0.9317099373168708,2.969417196749487,-4.8171665496111284,-2.040902146395269,2.582135576262062,5.0658745392604825,2.320557314812866,4.770528771059853,2.4572766588785537,1.5937361878618503,3.7162968639767606,3.270138122745841,6.48685368425072,3.7160165205741382,4.3756601820033465,3.3385400926329236,1.6727455164169063,2.8116712107255415,6.46373901636621,3.516803805408986
-4.813806220169616,2.70206760254947,-7.982945537284809,7.641912304852975,7.154644277100131,2.1060724598315717,2.3599660725771185,7.417983044775367,-7.6590031227732664,-2.517556251075082,-2.1109541991294067,5.804266879368855,0.7462387898744637,-5.321162386298178,5.107079308711705,4.151950463962342,-3.0431037736657243,4.128393547320036,2.099724182831213,7.618498730996323,-2.1413942400768518,1.886487456669369
-6.337254899170825,1.5604310132514678,-6.067205812534872,7.314682543566906,4.409765394681992,2.282919372358475,5.530217692259966,4.053876652065437,6.742257222601685,3.7963430438996855,4.8884196630214936,2.628385166516044,5.678090378145591,4.889410028895989,5.159177519996754,3.1566095573028043,2.826437586536466,-7.839511596183801,3.406634055253545,5.043224204289523,9.563988272552125,3.06829535781967
2.011344572778651,0.8695519816350314,-6.63542422488295,2.4731414993291225,3.3573428357990442,6.859666372851992,6.114989360351786,7.533419725621366,0.029814143498141283,0.14276750335124475,2.9962640371192495,3.4873287202503787,4.617748917366426,5.948044523343346,3.5792235480268952,3.1104237507352743,2.5160612304923964,2.3421519929163868,6.689801050399769,2.0193786410378674,4.019278046979078,8.39698718112351
-9.0677523897248,2.1052337222200834,1.312659010723192,-5.24270629334514,4.3281562601823,2.5431869432762566,3.01590600474607,4.884776501086748,2.277385429583504,4.36438095700578,6.352560644547426,5.906279698605342,3.435429303814848,4.202771229665704,2.3233857860834872,9.781547043561448,2.9446993753664947,3.238886491619937,1.8719189721264753,4.169163341094957,1.8003714164593232,3.737070613016297
-1.6161004149093592,2.3755211956209923,2.387262720058089,5.135968235169327,0.7892805641912807,0.7657601817614945,-9.282545998722014,2.4203106649810975,1.6739688928931076,3.8432112181532943,-5.7948715344269495,3.5840645231644768,3.9284514084587543,1.083839764877441,3.6041862617526714,4.631675720988844,3.020400088248351,2.6717400860746356,2.071196517110659,-2.1298842812893155,5.118128997454371,5.367301408048387
