script/wind150m.json
{"header": {"parameterCategory": 2, "parameterNumber": 2, "lo1": 3.000054539987559, "la1": 64.9999836372058, "dx": 0.5, "dy": 0.25, "nx": 34, "ny": 52, "refTime": "2025-12-21T13:00:00.000Z"}, "data":
[rows 0 to 23 of 52, columns 0 to 33 of 34]
-4.200206575593753,-3.9848041595730566,-5.088580342169585,-1.6947617841158233,-3.3663574471053708,-3.0394524053262386,-2.6275541264052964,-1.2538137302217718,-0.38727100962324873,-0.23048908873892834,0.28266906643065454,0.7039155298753972,1.68046142756444,2.355202909655483,3.4406576122734793,3.742873591329291,3.288270340939146,3.962468178740012,3.5998600459540198,3.168761957864555,7.584295850913528,7.6336289465948095,7.589665960841701,7.851826127454477,9.375587521491465,3.2745772094178482,5.633948694472387,5.221566819014781,6.908285847675828,10.181608154295025,8.757970144382647,6.986238638704319,5.382688330637973,7.770791159881623
-3.7494967004652,-3.7843525004318637,-5.728006415184066,-3.6284589179401876,-3.103060419974052,-2.5373993505183816,-2.709058057702214,-1.962473676309263,-0.8161627664354617,-0.14802621420973539,-0.07850194648299637,-0.035544724103695635,0.5636831093496495,1.6628653068957435,2.2584558241639185,2.935143146282625,3.6592042866869905,3.9797831548435814,4.529079902872531,6.958330874307078,6.063313085568478,6.904019271830562,5.293926858078339,9.397716395806695,8.00254823147828,3.125252093364051,5.818615901935012,5.2587436423519005,6.366953656765962,8.26698429731386,7.879329212369859,8.111875880316749,7.449545155792459,6.627076093126441
-3.957402322695521,-4.723266115127162,-4.681423628350211,-4.560421952660932,-3.434418681247588,-2.817492164788351,-3.1388876121247455,-3.02802948759867,-2.2760841868773802,-2.8033428015242103,-0.9722903732758573,0.5912570007166699,1.1369425827522694,-0.11674353079889932,0.9188099979510927,0.8147203317229263,3.575377083135497,5.747537676400091,3.4853208005026928,7.257789367778129,7.084780119859863,8.332189116762272,7.24807409754724,9.891179252165442,7.986818195056848,3.4157427193848355,4.4194236892684025,6.677946972586178,8.279287490446526,6.47050315374882,6.59139076732186,7.367252735708436,7.694514875515562,6.705628177146463
-3.4478219515939337,-3.67661678501526,-3.9926038255626457,-3.3538091466992315,-4.195412912904437,-3.381748372527132,-2.912044607314088,-2.324365028877789,-0.3636889627076767,-1.625032855009731,-1.4660760447260344,-1.0535924563438597,-0.041920527597990004,0.904951243623416,2.6160321106278372,2.3424848031907075,1.6674089467670226,2.704883011945781,5.164251600296281,4.095523825343736,5.764303874567461,8.740538572660034,5.9124060337046345,8.128406312669142,6.207207509022976,6.969691950817523,7.9422834270738445,7.92196996041384,6.158866376285657,5.59749051735431,6.354846529112273,6.03338630149998,6.468605310147636,5.912389252570727
-4.907074924428236,-3.4213156577527704,-3.828838781714762,-3.5866854591139603,-2.7365283489100873,-4.434993023422665,-4.368577782047278,-4.39256835366748,-2.3362265926442904,-1.7147032595668805,-1.423165223919919,-0.2978625190227218,-0.9495131744371487,-0.21716900567192382,1.4806770134473932,2.7777548713793667,5.123051180571955,2.691531897161283,4.578421204881894,6.69521681559481,6.588129112713837,10.158027453505627,7.248685320248921,6.427570884080466,3.8897597846644882,5.883920551174665,6.5377815192581235,6.813204983464659,8.445248406392329,7.040330279283628,6.3660058117717195,7.541486228632544,6.446391946548475,6.030072485948245
-3.177331874178306,-4.773229262463852,-4.210323197231111,-2.653080904724866,-3.1453442953861157,-3.889810675238272,-3.7552658613431364,-4.47559328691947,-3.593391214282375,-2.923167316482531,-1.2572868415204017,0.49654765612793655,1.3026526392602609,0.4619345351045366,0.597623972995322,2.232623048538922,2.8640797089522065,4.480867765919009,5.550493702007514,6.810083558301102,5.863459442294091,8.018167802221281,7.65727202532804,5.687279240698137,3.555456616292441,5.3971450524658975,7.132282612329022,7.132979827016412,7.360707974248708,6.744476359998354,6.225540929552521,6.042452769902875,6.645562730528048,5.677162647692756
-0.28540221929785914,-1.7325725992385417,-2.7520200412621123,-3.7407565862887098,-3.9609203242440585,-3.2477459672902627,-3.4520625767779887,-3.7304078069700233,-3.708824129501016,-1.714484915705281,-1.7452851831316543,-1.428702022965284,0.5936454136411732,-0.49985951130653095,0.5635486581339996,4.104268679320704,3.406842942019091,4.048307285671993,4.674481497852623,6.4596038785870356,6.709993299755187,9.878910150729032,8.003131082049288,5.5414529244836,5.830042899477509,5.640728800206444,6.513696064627987,6.861146169926068,5.553782903057134,8.561832133154457,7.413826965790615,6.269202365319064,6.099240985839242,5.410619868159464
-0.032484319634892234,0.7359528731236289,-0.8362452827069594,-1.3341774986845745,-1.4907616004708286,-2.0421898770435556,-3.357835678375247,-3.6239276771245237,-3.8178686149369216,-4.490814031378274,-3.9541958721134502,-0.8240321999380953,-0.7210032301561138,-0.2540735186806753,2.110592860245593,2.4588881901457205,0.22062392699245648,2.8052176958902786,6.432998637984274,4.891467583207808,9.155844528210375,9.475254201897606,8.093428937505271,5.672346303897915,8.05127739180704,5.5936694054657385,5.7592964737857395,6.115333217869776,6.39381249153515,6.379037198548685,6.5295665731218495,5.520089913870215,6.574108945411956,6.426570612902209
-1.1632301702745316,0.15973203642718453,-2.018067930922012,-2.659203304649103,-3.346650594130521,-3.8967603579720875,-4.1200176174871155,-4.979967443781187,-6.270061762876494,-6.4622513740665,-4.579723657351676,-5.217067374307221,-3.9469847305202874,-1.2893257388779318,1.0981899899544367,-0.2796211080142785,0.16072704974223526,4.265618962748583,2.8121070902865144,5.4233091010854295,5.179764023163163,6.380665180677512,5.860557714058115,7.321399815013753,8.124623855799392,6.418597937813452,8.076868033816634,7.108446075725456,5.522156058442362,7.327945142967553,7.519515305426513,5.380464590915979,7.286261136872056,7.532138194344474
-2.167007137596391,-2.018607320870998,-2.8951099802430726,-3.9952883443362746,-4.654816267565641,-5.938488706714783,-6.561626170696394,-7.059680370268082,-7.923426131534037,-6.674597341701516,-5.113000215736915,-0.32354629648997696,-2.0423577147940226,-0.611191505122735,0.021980793466483548,1.650436864349476,1.5578315078829683,2.1859613535964577,3.0366844911157953,5.303039694425619,6.041242787337008,6.995957500406018,4.235349280358685,4.0591897122640725,6.481056759168898,6.463048651886978,7.266705500911099,6.830883211034023,5.956770116767201,6.150409494842018,6.326721588464112,7.667776498944068,7.239694833714605,7.21866907592138
-3.5070734632891174,-3.281902298110064,-4.466636619157839,-5.230398470185871,-5.131850717151236,-4.074246690963348,-3.467921572319509,-3.1882193301058135,-3.7525885457636363,0.8606599957101838,-2.4567068674750647,-2.0095652883326856,-0.4520084184433699,0.8685577690618573,-0.10415965329835047,0.9847638417854138,2.6485136581473756,3.0503091796340245,1.462754866998895,5.206187144008978,4.82909253419193,1.9333439458060133,4.9426390426119555,5.027816285706865,4.315550613973554,5.820009318210994,7.087171291258499,5.406505302036579,6.771566566613739,5.205090386396463,5.119712763334559,8.169231748573626,8.079885110329757,7.038764955550712
-3.930291697188524,-4.000013732250269,-4.318424937581564,-3.4243665969607924,-3.072183076265997,-1.6307868078753043,-0.9852844782921266,0.07780173026422588,0.21457899903728367,-0.2745462490323412,-2.1270080408437058,-1.2201572088959178,-0.5087312826840331,0.121580102534142,0.291851791220451,0.6456604653408127,1.3017787509033085,1.833053992190383,0.6931236614149335,5.575367428246118,5.813595135608222,5.71088546913141,3.242838229672563,4.06618263805633,5.005189989715095,4.48045840727958,4.8204284529408925,5.54251134032931,6.311568004892362,5.765359148013883,7.120395918145385,6.757683442386972,7.325984164710216,6.200630639017201
-3.5937332674411375,-2.8858233564053584,-1.5975598336771053,-0.5418353121802939,0.9467748587953022,-1.8335375086560983,-0.1346406282918414,-1.7724222467066109,-0.1505730216438415,-4.916438729742475,-3.164727341669027,-0.6820798555029947,0.13147410507458038,-0.11004303913871272,-0.5170831531653753,1.0351942610211475,1.4114938611872174,3.8801335183644885,3.3017296789020545,0.33343364658004515,2.328045452113475,5.760784648879344,4.673959606871624,6.8293734157454224,3.89556994906269,4.625913639455383,4.337802569540074,3.5063397942189827,4.876536456660178,5.803904928292689,7.989492153355764,7.483962890447214,7.060745712245847,6.261565003097292
-3.046530397926228,-2.287092321649297,-1.7400321737311708,-1.0472054570276499,0.4142257837933149,-0.5367110976303267,1.0582884302550521,-0.45026702060596796,-0.9100489639107856,-0.4791450154278496,0.17130965530437203,0.6904083786581188,-0.1363248495895669,0.20578338658916576,0.6176600961220285,2.9495982008790507,0.8911678141114294,1.3249241153729812,2.6933124101260844,4.373562745632105,6.005528595435458,1.235610309921064,3.7770072318743093,5.117852570490075,6.4688885450274105,5.338575349769972,8.502297740491471,5.406915234823616,7.3531035221302075,6.076941945551092,7.725282084835543,6.78577562051181,6.1534689863000915,6.377442128642363
-2.8914810587024133,-2.5070995931542184,-1.5569284833745647,-1.7177111423537386,0.18415473001205762,-1.0424233348231107,1.3425755435006943,-1.1701816495810096,-0.6843651969236596,-1.1713572137442123,-1.7228353252031277,-0.4819975088967804,-0.02796520849822826,0.3260424783463782,0.7744677971717995,-1.2087907659390944,2.0702707563559435,1.3297570461492307,0.7563115796034585,1.5316329370204962,3.9687591822775,3.803627415694756,0.8478679555622003,3.6861708961722464,4.234573115072698,4.521622584482265,4.546638549050559,6.489919131429015,5.5340453377429935,7.608326650539899,7.603601574531694,6.053929975544969,5.418070849206481,5.381299593727767
-4.0076795777870995,-3.1237840134050274,-1.4772964309741323,-1.221637473692219,-1.3293251870799065,-4.302777117457539,-2.062948643420684,0.8707699157455837,-0.9729653880233031,-2.667420431526744,-4.549405544004009,-2.1021993012955202,0.3248600577152142,0.7836798986761973,3.1521264654790944,-1.2161387394895096,0.7239798749025249,2.140746657855235,1.2495291529401455,0.3575826561124183,0.668438992428517,3.5159937760831435,2.674814923600089,1.862064010254582,0.5862007532019876,4.111936852343708,5.684299516140721,5.720914025298387,6.183111978683362,8.04576196762668,7.406965279138596,6.13738812086798,5.360176516499629,4.717000908223185
-2.044415364793508,-2.5740766910788233,-2.474688006934357,-3.1977472837555534,-0.717771546090142,-0.7315402008931763,-2.2118794297933086,-2.6609042063912725,-0.13962723431617505,-0.2052406172970241,-2.1499303863239,0.27787352150733013,0.4101687293760072,0.9257104780884542,1.7677487867280215,3.1118258920994544,-0.7086922084592004,0.5173626523997105,1.034232226327548,1.3120567360601927,0.7883444322812044,3.077262252212344,2.906837277636263,4.092662275046166,0.00475255576600214,1.2535891428440613,3.9240608335556,4.542659943236682,5.942786731175026,7.817339758695611,8.367737399155835,6.179638119524254,5.525448465121914,4.1210349025715285
-1.5981259108264874,-1.4015132701297504,-1.8597145166472473,-1.7910744560341934,-1.6968985973257,-2.3518435961516433,-2.6210658457341705,0.5431873281564239,-0.041665207652414764,-1.9456128666384518,-0.34543920306594345,-0.24078702904559884,0.44308454015121723,0.8598869431710852,0.37358493157370426,1.1119985706428337,3.475307891001086,1.455194923149391,0.5787933293012719,-0.005615178189430381,-0.027814324430748816,2.9138109221036386,3.1680078344824274,2.0040910965891108,5.021511310289134,2.894205717204007,2.2662988615995516,4.14474409849136,5.0020344042797165,7.147684670545737,7.3773183936162505,6.363789400055108,5.700547012144687,4.534051313628565
-2.1226459296346674,-2.124570824338867,-1.8704272361101992,-2.187135500514752,-1.5234455748834328,-0.6514797136990291,-0.7412024464451079,-3.157367265338921,-6.717280268828148,-1.1495504056432948,0.39171101922374074,0.11790480601399116,0.6612917241908356,0.3557999431646244,3.2109593144000055,0.9477721362392966,1.7444441514675963,1.7420492138810373,1.808449846072887,0.2880317683218812,0.9549174126229912,-1.183978061214298,2.2795225415314015,3.191482574239687,3.52316318330862,6.130111895672522,4.155456679662607,5.167159487064777,4.157821364292475,4.640314656059033,5.414471699441746,6.237114418444373,5.438193966458311,4.238448689935235
-2.8341292828159657,-2.839166768559669,-2.4709122419954626,-2.410475070563607,-2.943903917373733,-3.95412657127299,-0.21197054006905627,-0.6063432103606622,-1.7137904298696816,-1.2546793454750855,-1.3577754524499603,-1.2795724548641716,1.9910506653837958,-0.8020331975779165,1.2740930488661746,0.8913243392026764,0.4793564911127422,0.07498765872262997,0.48745933686398946,1.4273831038868654,0.12094459372378392,0.6249276494843217,-1.7506119459134586,2.6195487412343246,3.175742534727759,4.318809260220623,4.434675136587746,5.056161468171864,4.8165614286089315,5.041002480462666,5.01943013189787,4.494697852918291,5.981773773075416,3.4224910022152284
-3.8602691035537524,-3.6332565115984536,-3.2417615023464883,-2.1789709913928386,-1.4008183085172656,-1.3719333533361422,0.21582907999791287,-0.2226419983728705,-2.0331470676493755,-1.0974531615218688,-1.4515537960413314,-1.4897240734105066,-1.8750123700652497,0.15788958533765365,-1.735327458652409,-1.5607813163156705,-0.9037431430459337,-1.3929083898173453,-0.6075168606946435,-0.2154935558553671,0.39558020318331844,1.4931276256467243,0.05300231000441268,1.5316332590583837,2.0820291128789536,4.029364252104129,5.199595723649985,6.036387236054681,5.744391269849813,6.629848630578333,5.865892304073588,5.6522070454290985,5.902714480575563,4.1723905275643425
-4.7639320959869345,-5.078896135260658,-3.8796095146847636,-2.5078359305917295,-1.8750050155854237,-2.5474639432617,-3.610271792429205,-9.360532731278491,-5.89482502265044,0.18646810406767025,-1.1481547742837128,-2.568082379111516,1.105399438386076,0.8989717694683587,3.1948229978307445,0.34923188547221745,-4.013483797854808,-1.6011456708407084,-1.36165334969636,0.1469874753574335,-1.425936477439383,-0.35099577487269484,-1.1232470926177887,1.6432693193934311,2.3264431734276747,2.0684379683699534,4.116376350957137,5.431882820662689,4.995498034401063,4.702607272190205,5.420123902361273,5.366340474033885,5.330194025144993,5.923580371235901
-5.915356633198752,-5.544370561862664,-4.9202370692747035,-4.364625061451921,-2.479439315761424,-5.687311428991293,-7.1692791003402085,-3.4598848019737503,-7.0269518268023035,-9.04520631845948,0.016666000133367546,-2.497853753737101,-1.4904774944747328,-3.261200866542638,-2.0278929004498387,-0.8277646735197974,-5.693910855207696,-4.023310397955352,-2.0117556272175676,-0.7885291909341646,-0.058571430983743546,0.9295730887474831,-1.1786381218639363,-1.3981535127677704,2.864613101356431,2.049793388581784,3.3952079485670783,3.4137502795438595,5.169166637892649,5.440819990720718,5.952048657629742,5.523999591645826,5.854867804841981,6.124754177918078
-7.395803192861529,-6.492812474764671,-5.229141476891162,-6.33678708640039,-5.7644798365453545,-5.203281585420772,-5.022000658652259,-10.894677221973186,-11.051631830737556,-4.8276255661775505,-1.3485453762513597,0.5462191800827207,-0.3294428849217905,-2.857261264115124,-4.435916530645354,-0.43818126743176916,-5.361301544266986,-6.500580177647206,-3.2624066105108107,-1.7231111604559854,-0.15643953401263844,0.2123082183695146,1.0503741901722803,-0.9399725033672082,1.504948799516822,3.1764084765419294,4.045409295380658,4.702927519326257,5.399254633038779,5.597941508959179,6.425247471213074,6.002890840521013,6.350996518261339,6.73425527626768
