script/wind150m.json
{"header": {"parameterCategory": 2, "parameterNumber": 2, "lo1": 3.000054539987559, "la1": 64.9999836372058, "dx": 0.5, "dy": 0.25, "nx": 34, "ny": 52, "refTime": "2026-02-13T22:00:00.000Z"}, "data":
[rows 0 to 23 of 52, columns 0 to 33 of 34]
3.305023079032823,3.5298712167294206,4.014844721905358,4.366939875219831,4.664212686351758,5.257325315677574,5.585020106264185,5.574860290447959,6.493340244435329,2.9405779118633366,4.849535326135719,0.6768461996201889,5.897970314130306,3.6576272982331237,4.288911564515871,8.369399297011753,1.0850625046083693,0.4331871294934148,-0.8355755656513931,2.7420220703802127,2.044410191740382,0.10564821971876594,1.63514066129603,6.288824375127599,6.570225062787037,5.23204683157802,2.8490182255416836,3.7713669170969837,3.574936983603461,4.709057806508096,5.163194566468124,4.8193922131544635,6.329034844776097,6.4917042267507705
2.4520759927578584,2.640422145995987,3.050447576122209,3.19620772632504,3.8031303931993024,4.216080738559322,4.3437747110828075,4.055251154448305,5.115114463888201,1.268937110755919,3.8709179897663137,2.992200234030113,5.195120425157447,7.987646365166032,5.699270657889718,5.400843569366538,1.7908248518717451,0.9471164854326899,3.0332746394912737,5.329573409488057,0.9737472491963227,1.031912770104401,0.6563349909551549,6.4107410034556915,4.327898590322268,3.8911141992758917,5.891721052932786,1.8512344131998746,4.116483136820625,5.328320629110192,5.681249348597024,4.3661070532165045,3.7491225596645115,5.399508037649137
1.4425787245774515,1.751032384810283,1.371764804458396,2.2980828659200148,2.9833955787160775,3.402887386323498,3.9645809472172866,2.634962395135763,2.5600111594875656,3.540353850885325,6.6129048248336435,7.981028108259257,5.1858487999189675,4.426743179386394,4.432182912379349,3.8323718374280924,4.734363532245854,0.15349702825942574,-1.4127184961561952,0.07775966679264251,3.8073865780184337,3.7392747512562914,2.971638190711489,4.325722204659676,4.604657639025138,1.5830764492212561,1.2109922212409017,1.7169257452355275,2.0200724762077056,4.894546432632123,6.507774135424777,3.76168750247607,3.036497694494341,4.863347347357757
0.3958300244519007,-0.29500181222871463,-0.8850544676673223,5.1160060691227605,2.0488169565914243,3.1377417904078215,0.5794518934567289,1.8661977256645068,5.0553206437048885,4.440384786772762,5.837725836388581,4.549853512170328,3.3377638513546493,3.0004397838132286,3.1524351154979207,3.6058398673051943,1.0296360869500094,2.5175128597033254,2.612924828996161,1.1257752719285565,1.9695834115786954,4.049096651629355,3.6681771703066297,1.7812659824071613,2.059269274923957,2.4006810113749273,2.257240775913594,2.4690869527100427,4.086800286005849,4.172729877589347,5.483637943654965,7.297073645443014,6.219716105777484,4.674140583731548
-1.5827142707112059,-2.150874830635139,1.722394310953104,0.69921170408909,1.807511057655365,3.797729365209059,1.032485559952083,2.103409274202839,3.4884258832934276,4.239735652035594,2.5200568924312776,2.4364192445252475,2.5854127940900784,0.24432876844368717,0.14482778230705518,2.5910143537353885,3.42130960920776,0.6426564672606713,0.159469092896376,3.5389515143031485,2.93956232668834,2.9967759060095944,0.5122227691804444,3.3331629880757125,0.45891169422563644,1.263739921394858,2.155698749068954,1.895049309684611,3.021463763872407,3.712542973050533,4.999078003496281,5.725698282695959,7.615905584646176,7.2193559591609215
-1.4385668007473693,-1.4909344696920699,0.7097700893271748,0.3337898271592051,1.0689208514370825,1.225805898245491,0.5987566259455497,2.1718002003651513,1.7634551658438755,1.262789955648553,0.6164850124752036,0.9322552429738946,0.7350306352559158,-3.047334129171979,0.039417465635459066,2.072513690126509,-1.6486724064179148,0.2701508031404887,3.2015013364616802,0.5466566048243202,0.8364428473732531,2.248916472543702,1.6834212113961609,1.3504969088928147,3.780367217979819,2.732334977004906,2.337666994336111,1.9273977977817904,2.509728015464562,4.536637147658161,6.110720001238491,4.481657718911153,5.111490051321153,6.807117074304413
-2.277357250952497,1.2338965261099173,0.4489041810732281,-0.2911757578666779,-2.0318174654031824,2.8257710748202,0.4502917664112922,0.48758668394566607,0.3320057031433943,0.0970877871802207,-0.20257729506180988,1.8098605083968737,0.7044347237021452,2.2911887697992923,-1.2285814880649575,-0.6804102790806729,-0.21025549354272172,2.590179380225092,2.6398956642190785,1.6481232823278493,1.3154233360292535,2.0431310576557564,2.5128149772057626,3.1669904415031893,3.203632776437786,1.7761281575122978,2.518166977983223,1.5325684329565203,2.5036506102925533,5.219574038710191,5.578402853852652,6.05552563411683,6.265086833148824,5.177663683475275
-1.81140178533434,-2.056197900778028,-2.161528806496204,-3.2642735305101134,-1.5863287560658876,-0.28068838199613594,-0.13256527759215886,-0.8863629194690332,-0.3650111923071377,0.7812649178268443,3.5747641402941555,-1.4860906287070625,2.790799904567457,6.0002973342888195,0.13022517280611795,3.1181926994169897,-1.3703962921090656,3.405144554542638,3.194422409788445,2.141069837907002,3.478880785764362,4.050406867216433,1.4644197069239413,1.1838494756766706,1.37684428596371,1.3836747751893905,2.191609488688954,5.943223374784972,3.5868076792798407,3.8178967274056173,6.779820998756253,5.835593947243963,5.600819646063625,6.139781641315047
-1.7339599652043167,-2.9314824848906373,-1.4710476161787505,-0.9111007621458923,0.22045463920282327,-1.6949298882266934,-1.2629867555908667,-1.7874270173218538,3.7887645524340425,6.2770361350931,1.860573010095753,0.26912699300673487,4.92668370607712,5.071823350352139,4.771909792039906,-0.7606442091789536,1.409187510021623,3.499190279709899,0.751692106551977,2.1910321097743704,1.8421365071678564,1.311737765032058,0.8850769235961821,1.294306172000892,1.4405305830094972,3.3043644842790516,5.8890078203977545,3.8020158424335553,5.83241909572204,6.937540164818556,6.102741511514228,5.833147344996099,6.4672779664984885,4.082404500657276
-3.6241650972789294,-5.540414347171131,-5.26730523810474,-3.1175529876269814,-2.550451678908135,-0.14984087934558113,1.9197417627248272,3.379546453823008,0.006773430504194811,2.2083192190857823,-0.3836430598139413,-0.07808484606451546,6.104007695584597,6.472056303922264,1.3141869120899368,3.1019447145238552,3.4837723420188693,1.8444399859301703,2.520784615301336,2.4482157966547655,0.5634784978183996,1.2860909793834412,4.602627502156063,0.85882039091868,4.243387882537303,5.449774557088655,6.26169701332462,7.513070795992915,6.920159442936587,5.336470182862814,5.597733087490007,5.234016350863294,4.76787212299928,3.9008870523834602
-4.976793253249474,-5.401927958912484,-0.872609619664825,-0.4110665487290454,-4.316301014723401,-1.5670914016909938,-2.2992442789467478,-2.16083699844531,3.238908611073946,1.4465854117361985,3.996224529117236,-1.5337549738588132,5.002771074389259,6.546258132278769,5.802186502557188,2.924482112584939,1.2203959507723587,1.2434439617462179,2.9765339556386268,2.221912716541393,0.9424869676098249,1.888047669062084,2.9242622855161957,2.54520033874645,3.16627668554765,2.7437689439169066,3.052659460023767,6.655940479831775,6.359663191515401,4.988033935409974,4.539360438643064,4.198797671306923,3.055435235666216,4.162469526590856
-1.0019695345068005,-0.8324959863904864,-0.1953743421809732,-0.08058799255975402,-1.1153079380188173,-1.0296859911539613,-0.08759690782737817,-0.33920820062527973,-0.27501919496448507,0.7304795354749855,2.7119934538006096,3.162255960300473,1.2171830010583244,2.2890571481001936,3.201916199151017,2.7761122309378536,1.506424484711104,1.9026244903885137,1.8123760150954304,4.3140691054300335,5.18571132849407,5.1516470561835455,0.42004254288311554,6.196661331890196,3.5731633937751663,4.296706662677034,5.49362899196962,7.1307313332314,7.140442082714002,4.421886353330068,4.281730211329441,4.447350097935087,4.446244344886875,4.056854637125429
-1.7157296267511166,-1.836210643571963,-2.5297433437653853,-3.130120634434648,-3.2775402856806437,-1.68607756214121,-0.3246109682199415,-2.5243269179691343,-0.12802531777030315,-0.353522029039765,1.9856468355391719,0.8819088162163538,3.434754534836975,3.2570670381542,1.021741081735722,1.7827947701442102,0.509646183436318,0.9340398138655087,3.8133560263115607,4.417384062314541,3.1393519780602213,3.1393271311272843,6.624743251472628,4.898161627465987,6.964723686030943,5.245299900630589,3.5534032255608374,5.343129452372217,5.377341168479965,4.302927637480511,4.6312125341645105,4.090408084963269,3.338646252535106,3.4427295462645313
-3.3346483406165097,-3.343137679600743,-3.2687460651899163,-2.5348898380280778,-2.383853227206774,-2.444200585817683,-2.2829910294428015,-0.08155334734957606,0.15821040611844125,-1.7814876087591578,-0.46671721216416984,1.4946467919805475,3.4455976295135495,0.34164486562664853,0.37821367008335977,1.8438738503536378,0.8165092362204486,1.2315831958332975,1.4529067202082238,1.3802123766328325,1.469216560154197,4.43065409197764,7.853371462524278,6.650836807981473,4.5323873589342,5.443832473751385,5.403460077500815,4.960289545635096,3.295157296909564,5.224741285581155,4.274833762814727,3.1427195446120453,2.6332686680694755,2.4638719913522396
-4.925176536448536,-4.3158025449156066,-3.542548381354401,-4.449786520372898,-4.11161673391575,-4.327089111114316,-2.7563388351463645,-2.4422383750998646,-0.06460954422187663,0.21437669128831066,-0.2329721617641081,-1.8783205820968967,0.6768278138645698,1.4761503641413207,2.3148010632871716,0.9491402454487793,0.43838139412061905,0.8539574270529774,2.4638156253758043,1.7273979863535067,1.3611615517614826,2.6427883360946507,3.6853164502855087,5.156851966019558,3.879823678617174,3.620806075221205,2.876117527612306,3.3193982989912563,2.166608336494988,3.802299655075083,2.5492454801206126,2.2354254821017516,1.4725718401323193,0.9415130273600113
-7.200012621292303,-6.931594566574194,-5.241655991976374,-4.969513256477974,-4.658110723928678,-3.8235486893329593,-3.062906238038741,0.0115377566523219,-0.21670898327094246,0.20290612476493028,1.5101525789825494,0.2710646630768297,0.3557908205666362,-0.5969601404497827,2.424642884335651,1.6963418972359103,0.11567245517674682,-0.7954290962034396,1.3859398946274537,1.9403656704595937,3.9726724301382914,1.175497398076652,1.1964969857020786,2.5589658005734894,2.5024494734189417,2.0644268160800885,3.3447647193682326,2.292785901651783,2.2746296704676996,2.376186269439977,1.4438578136648477,0.9000649562989421,-0.06395858948997166,-0.8014865617647364
-7.633973123265888,-8.510931777008862,-8.982983386707037,-7.657319219169651,-6.316664934111478,-3.0519891692597874,-2.0368439398504155,-2.025697052874914,-0.2926623740184224,0.2268215806280315,1.3934445892588692,0.41674421310686816,0.6984262824849694,1.0602083099251214,0.680049633933597,-0.6451254657201647,1.3868238570559226,1.3408829555355424,1.4123902841959273,0.10848889064913261,2.3462816723763207,2.9564913840341167,1.513097293040517,0.4417996266795304,1.1395847550098988,1.1510774388744165,1.3960331989652264,1.1712094997169842,1.4736047817240383,0.7798442213760906,0.3831233388115864,-0.6554459973754289,-1.4814285061406551,-1.9378107878156765
-9.782726928727646,-10.13219000574137,-9.649512078494663,-8.679847349527858,-6.945203964419837,-3.7976270834792514,-4.4413736787746245,-0.8742415485345963,0.10965104331760525,0.939965877213154,1.7987214145387431,1.5186231253784912,0.3118217548956288,1.2189728714255448,1.5362296939185855,1.0601518323619694,1.0075190474968543,1.5742617084509467,0.8655729211435662,1.4669397187525843,1.0718681112177948,0.8254219212299119,0.7395948568419115,0.03828613227492356,-0.12347207702810231,0.008916281541764362,-0.3348592362266161,-0.7066446008813109,-0.6086969506524033,-0.34906655414558124,-1.3957493311319566,-2.3196284283381754,-2.555630205800303,-3.1375406679074764
-12.746794259175386,-15.636595832629627,-12.069646190038139,-11.01586246926477,-8.924356133655605,-7.6820796217036325,-4.187801859554134,-2.340157421171921,-3.2795021715622874,1.5181692008685461,2.7176495937361973,1.0464852697482983,0.8739469696674708,0.7471863811629617,-0.45724608000348266,1.4994755675534934,1.147508127578904,0.7782616114950187,-0.0954731984478761,-0.2886744343845097,-0.4806858356376314,-1.2594109267380285,-1.337141479389101,-0.49822897004783917,-0.19558515804372376,-0.5932822236203242,-0.9357877123272781,-0.9740842742305177,-1.3049447548928947,-2.404092593749216,-3.424705158146202,-3.469802298699506,-3.5674712850623975,-4.114962953979388
-3.5873924359365916,-0.7266777622974915,-11.492790838622849,-11.71088547217371,-10.519772381105323,-8.100604770944068,-1.5008913631686698,-1.1497934444560758,2.6683058178712074,3.1096585926645997,3.239808693548778,1.4197037153759207,0.8355059450837828,1.1589064526642072,1.5727925677798045,1.621434466666978,0.6013608929241822,-1.0127678023042403,-0.8818421659247723,-2.0059703590736375,-1.5769136877073173,-0.7235830244875916,-0.47187198689051885,-0.8109381589047557,-0.6453415869434254,-2.0006152844997076,-2.1871367565574644,-1.7248547464003257,-2.1169318678979274,-3.837367622638135,-4.568576249230101,-4.383439246500476,-4.6350173312342875,-6.46142919762316
1.55247424331235,3.930837580109229,-2.605080285172171,-4.245800539606869,-10.400976576053232,-7.314344395996894,-5.806359695919242,-1.0324808832565233,3.249293506999196,1.2757188744011034,2.3309311359326115,1.1911223013822028,0.9161885056584516,0.5237217069459035,1.0769032218655625,0.06953674954642748,-1.0136874392085065,-1.399944674321259,-2.6022976911772298,-2.507377981308819,-1.9730268153406445,-1.4215772015893409,-1.179951709236384,-0.8388652307474912,-2.643972166506497,-3.08065368154162,-2.6983670598531857,-2.349632546898691,-3.3953477582936027,-3.9785620509591335,-4.439209651385387,-4.493986942555795,-4.484346446754598,-4.678978072264289
6.209541321097261,7.100003227578271,5.734533842101607,1.8737876923893206,-8.077543539431959,-6.071473287635438,-4.340807168087789,-1.29590589544513,1.0383395678512235,-0.12246869895488102,0.6104958254710724,0.6881577285778254,-0.6089845301395981,0.033120594952729704,1.8071397226717842,0.26644292890141946,-2.5710619838217244,-3.417165319534821,-3.738669288941924,-2.787316620705022,-3.3105753060255885,-1.6358019686794798,-2.5310773169658516,-2.704373721729114,-3.3130566538870405,-4.663697614508406,-3.410516329162459,-3.3120121781427274,-3.7169124773861126,-4.32586709428724,-4.758883784136187,-4.849875327000452,-5.002733153961452,-6.586822532871382
4.782632874926646,5.927454618523382,6.985883178066068,5.137085616807002,-5.444306978858785,-5.7611737750051475,-4.609573729482774,-0.5028703378044624,3.442258844250877,3.018144104047072,0.5337065528315752,0.727752055013228,0.24645423681207537,0.1768900026349909,-0.9552047408905322,-2.565788123081739,-4.391196360417177,-4.365172150509523,-4.845840943313892,-3.9226090021088136,-4.591304217597276,-4.334419288172796,-4.999350810477178,-5.33096550764538,-4.509312561480812,-5.4357839295418104,-4.22231363667426,-4.323896337158785,-3.462124437570047,-4.809436739898631,-5.109854832109312,-4.656493115531598,-5.751099838501058,-6.977658855822871
7.112682756949788,5.618831833286793,6.631234388222978,8.898255221033734,-2.1634149015863753,-3.739473346031877,-0.725882918529047,-0.5599869886767277,1.1672248082160477,-0.6556975863511644,0.381242262183944,0.2933877129132633,-1.0983597506471539,-1.3438449129155288,-2.9400994445271222,-2.882343116061079,-5.063466576916784,-7.203354484219839,-6.115545195933208,-5.423572853397077,-3.944937086403452,-5.474019348555401,-5.90774431095769,-6.531908789538917,-5.79495991703204,-5.285147213179853,-4.438930088341814,-4.539988442926765,-4.274416251539234,-4.9584640116208325,-4.284835190918823,-4.106121465306578,-6.728613552071384,-7.790788341871244
