script/wind10m.json
{"header": {"parameterCategory": 2, "parameterNumber": 3, "lo1": 3.000054539987559, "la1": 64.9999836372058, "dx": 0.5, "dy": 0.25, "nx": 34, "ny": 52, "refTime": "2025-06-22T10:00:00.000Z"}, "data":
[rows 25 to 49 of 52, columns 0 to 33 of 34]
10.562640138055455,9.5175918244071,10.348737757052122,9.891670118339587,8.83706344047666,5.471337223588972,4.137736420196087,4.133148855506426,3.1684877713931314,1.6412603689800733,1.4315127767435238,0.4221234102600855,0.9891906205264339,1.8213455803843484,4.358350402317309,6.784159697365697,6.690798955320699,2.352128318702787,2.447437738609588,1.4614176068265035,1.558546957368525,2.30935233407652,1.9049952176806912,1.935650912491649,0.7270618086225383,0.8395555248802025,0.5278954612941437,-0.5985186177688633,0.9117148247770637,-0.5595742472443217,2.5572827089922607,-2.026647339469359,-4.768570751182084,-5.529416865987259
9.672911728935913,10.567181809554729,10.092260468706796,10.035458709056412,9.77571800004222,7.596018277863728,2.244457987376925,1.4608335606226093,1.779760311515319,0.45799857998446697,0.5891231447982932,0.2516782521485782,-2.032504188335798,2.454015325208663,4.919909770207635,6.736648422683869,7.585538204951531,2.5990066529767137,1.8715777776091895,4.5818275382924245,3.0815795209736594,2.303103386228042,2.1298792386013408,-0.4533909955906338,1.3641701677422502,0.6184852736428997,0.4809366223222747,0.5851473432453899,3.6013303384340296,2.2474240614069516,0.14583700520274756,-3.2509121843504563,-5.264287638310466,-5.680386275607774
10.432889316924685,8.77072021069675,7.094285731251911,7.838051386051368,8.109479519762552,6.84013482711371,4.078619442361272,0.15009459308315773,0.1379821258575624,0.6893378008358128,0.22443537304154965,-4.318840144183559,3.3991199903263696,3.350923002114038,4.146075761578985,5.864360702370805,7.296634839128509,3.1830198400943934,2.513497399484907,2.371440287572886,3.356190589010767,2.6552664824587544,1.716996500476185,-1.9809507681173149,1.1075505782298967,0.7876492485610523,0.321852930058554,0.7929516428998705,1.3268701583657332,-0.18547005938255953,-1.0825217830739018,-3.493344319309983,-6.182000041014503,-5.772811124734024
10.309223404749964,7.5038619527207855,7.462003004771635,8.921522560082604,6.6531914587687435,6.187271459976631,4.8805985505803795,3.258984564359997,-0.050026493187393425,-0.5257914502355372,-3.9335963485406196,-0.3861432813673132,2.9472554618620985,1.96115080184374,3.823768426364554,6.5595651878558225,6.732857283775455,6.99784687962777,2.09292155020193,2.436689179268962,2.7737816008354472,2.7840906029744206,1.6983483801381296,1.5717620109328667,0.5841413054418109,0.5806536410396277,0.5215589891434791,1.1083280979697634,0.5245397380417921,-1.8562813103814264,-2.7510860297651325,-3.8512861308956436,-5.482621181171868,-5.659234042027832
10.068715453301012,7.980930218148442,8.482761379286279,3.84348151779851,6.095285582910605,6.407064746121065,4.12002143933765,0.12767968325086637,-1.1838440009144142,-2.697414640632552,-2.1734808230286027,1.1075576352613308,1.4848291343757132,-0.3969480558238362,2.638266394321133,6.4460404356339325,6.712207987767505,7.411519183566191,3.3007713083903614,2.855349233675446,2.89344623247762,2.555667718900523,2.4408410091550308,1.6112572294304173,1.3852142204315796,0.7188053519452707,0.7678485673514686,0.12927554428143828,-0.9578651890437019,-2.8770456959095876,-4.2530885916726655,-3.6102853236606287,-4.7746336732335966,-7.11006162757998
9.691679961366953,9.354536835853828,10.122835165311807,11.577761797357528,8.104397430654966,5.472354332950941,2.6901929314189372,0.20236813545359464,-0.24294832264240684,-1.1550795010084904,-1.175978837783063,0.9662053527927646,1.0155366817272296,-1.0205622932865606,3.856250928435599,5.68888741841216,5.95328056026561,7.03539890975599,3.8077570504613165,1.617320849174692,2.4551692217296575,2.2630712379278393,2.018717300846609,1.8099858220061633,1.4010121552049,1.0552236660931806,0.5274816839574671,-0.39736654327463217,-1.2529169932477147,-3.4919152725492615,-5.603729266594213,-2.5696135683471097,-5.00426707077881,-7.7346094011144
8.722084718213136,9.380796964413959,9.583166621554984,7.641543391720191,5.5592011848611635,4.846843231952618,3.3529796261453346,2.0450567310708276,0.6679058287699507,-1.699418859452821,-0.4528554471329473,0.09259255047528656,1.1283373561228727,3.930513161361523,3.911360819118796,3.814566592235119,3.8105288315088397,6.278374680971765,7.157776717466429,2.6103180734570954,1.7410220279049657,2.49166440085323,2.1121153672491175,1.721414973581601,1.335050652758539,0.9962734978742582,0.5943923937140978,0.043209491913884526,-0.7509503414966224,-3.747946096316269,-6.74302021460549,-2.4076325931492706,-5.538321281371721,-7.782608595147767
8.743573781810591,9.127702359339114,6.64094991172387,5.528890912275517,4.120977410120036,5.957643495612917,7.155268307667959,6.5954121425427,8.517481231724432,3.94762801811882,3.842287472170155,2.1702441301531286,2.7513813675043415,3.6533640570849752,2.5377380100364624,5.249333298187068,4.927857804181106,5.049491039149987,4.914565391541212,3.2615458250068086,1.9377462277939352,2.122260382439871,2.8161129143462835,1.975228443364454,1.3524228324303293,0.7963764575599264,0.5453311149869197,-1.2453701306222298,-2.4603830979982573,-3.738532829048721,-6.783519209369594,-0.7082486634737845,-5.414748986115252,-7.650064102774911
8.644460561909861,8.196057746453956,6.234661077717744,5.0686945093033975,8.0996427562774,9.962953681270653,7.457379670295849,7.236221569877581,8.665966367203076,7.683159806859009,2.480717914491794,5.055996983057391,3.759782267134738,4.23011855930408,3.832316285484543,5.121145286997931,3.8308241796139746,4.446296048156893,3.5881476504945513,4.214627015229268,2.466925218608977,1.958059418966788,2.7009634603860206,2.153312043806235,1.4433804567070307,0.9991717707131031,0.6790609189931407,-3.584443323906559,-2.132836699046852,-3.941615813948389,-5.47609891655184,0.5372932545940727,-4.902681859284777,-7.4350882143862576
8.230233678240694,8.616398258062917,5.731769407859389,6.674704317905967,8.17800212227244,5.822245223350997,8.05721967722152,9.897339132857644,9.004593616532842,8.594893501398701,4.51421807874218,4.1823641441125705,3.312864410579781,3.722721948121954,4.30681046709139,4.7191065386589806,3.072263330710367,2.173777967214687,5.475326091889271,5.306579140208254,3.4315631151115107,2.716834034516155,2.482818074418786,2.120716956973365,1.5934543419162002,1.1964787299103,1.1701379843218,0.22758798599299093,-1.37433099942696,-3.411673355587087,-4.877164406819012,0.14149512268064696,-4.791275627125246,-7.60358987424672
7.844278653727545,7.567625455678726,5.365713919713459,8.203908343314854,10.372629900505125,8.066916221383654,8.880978325325794,9.341570641285319,8.14939685899049,8.301723760151821,5.368940897047755,3.5080500059845825,4.0799139837736975,3.7785455024869936,3.364121458555558,5.105891456931623,1.5222063211338122,1.6585995103697855,2.231050510045684,5.866895568420944,2.575100541162851,2.1334213018061687,2.8333905598004248,2.7237546085386115,2.370412132971771,1.9047520657285975,1.90369623253142,-0.2499730515809102,-1.793113659370028,-3.1063116757562694,-2.95661647135314,-0.21947125110902507,-4.211172985457957,-6.983750216816505
6.659246081009777,7.749492664645357,8.706194772926287,9.721618455198868,6.663419629249415,8.634819678518292,8.804833630573828,7.73588536460624,8.248927006544331,7.895355651647968,5.626379342065237,4.309148075859593,3.1690776467283213,3.157012570315036,3.755603615277711,5.493350815148125,0.8782113722165665,2.6898859446139687,3.957741843640671,4.513254041347356,3.303753738935693,1.479756884042961,2.4286129772133687,2.882783472916696,3.2772904661668334,1.5837653044052848,0.9450995467094067,-0.3824131928819683,-1.380495367344216,-2.4462220171503253,-2.5995075461481503,-2.1011430789573473,-3.36452479616479,-5.693244323839086
6.026871745053291,6.996949287247135,8.815969913033415,10.7849136487172,7.025879268143766,8.02070290512402,8.1768071124894,7.695359258403439,6.825393111647872,7.33153012587013,7.376756490118152,3.968392999082566,3.545604436470036,2.804900442030208,0.31998448193525947,6.546038029635057,6.2053871137071335,3.9850431374547854,3.786039894637204,3.8163531334656513,3.6555817568499314,3.4527757144182294,0.3014198009338301,3.120535827034823,3.4637428034258892,2.3987191823638057,1.3764551313142912,0.23841920996302354,-0.7785188774405568,-1.8072067182634604,-2.4101554174848294,-2.822178896576728,-3.74892510584532,-5.016247087312689
5.042840368483626,6.176608845755454,9.756766544121287,9.567375178679374,8.781680794948102,9.942543607416273,7.69626081630162,8.679373184114931,7.375653006918131,7.418561009321347,5.97972000113092,4.52913621316052,3.667909858104763,3.1884134475734056,3.80295085851665,4.080499098546251,4.568678765542734,3.512038584688496,3.120602841432883,5.571216304488377,4.208565380660876,3.7481793124840244,2.183745783029211,2.5490896060681463,2.8044679701374506,2.8896232283803993,1.9772649976131251,1.3768846742910366,0.004222216427947348,-1.2292835389137375,-2.205234848708805,-3.630285833985026,-3.695008685023021,-4.707593867701986
3.6107935691323574,5.93588514553896,8.359419345946513,8.229562414129395,11.401070193305243,9.208501355828576,8.927823851960364,8.787835283376817,6.927225218843675,6.679253421014474,6.211238536726948,5.371812241998781,3.6759871861247437,3.074372163873274,4.332879206459378,3.3577950635031013,3.8315669857902823,3.498948788571052,3.1218857718785404,2.747863032805569,1.6876080615586622,1.4928877081033287,0.22575676592308958,-0.4326752888203369,3.1110114426763325,2.4800260492818094,2.0534169317488913,1.2200290562836034,0.586343752673636,-0.18363151296473787,-0.4444947601482161,-1.38539298491318,-3.359271934603392,-4.640136892055768
3.650684241834046,4.504832045076109,7.268271246226268,8.84699044971627,9.975535772583543,7.072286678489725,7.714123742300454,5.309982876925821,5.7142565759834065,5.674871442915891,5.941649746397894,4.991014600418736,3.452522694779636,3.8018067088938565,5.179052246791446,3.832178534065434,3.794791682524352,3.7882284974657856,3.2867625993822727,1.9380657544691662,2.0815425088132264,2.9356700811932113,3.5455965836191705,2.8556689993771522,1.4319063380292232,2.0481829002098437,1.6156371416639792,0.6801024535712199,-0.36560544045483767,-0.39097329883416,-0.2621387554430254,-0.5547307080300728,-2.480794703628712,-3.8040664739056065
2.488504075209584,3.9878822301803662,6.306086292199533,8.472398699781063,9.391463069768253,7.559721704108391,4.6427352006776275,5.983613362894542,6.098630639259263,5.572628581494884,5.916322739831055,5.418897308603845,2.656388858350632,3.8641125810327432,3.925789434190899,4.049111773972449,3.7330318982920447,4.072753692984699,1.3072169758408827,2.409652031768016,0.2385601412988871,2.972162189473872,2.9434528345628794,1.5782733381135954,0.9787902209197705,0.6444259988142469,0.16139845574969744,-1.019234542108521,-2.2461623740987964,-2.790744362174652,-2.205150661274277,-1.7976434868216544,-2.7349716857516526,-4.52131217394399
2.3731361890924694,3.236729818129135,5.642717616635096,7.905139017028006,8.757621197800528,8.110548750795955,7.709025740931517,3.8354465209406055,5.432527117549868,5.106757210688073,5.907098711088196,7.296306731008064,4.083865904237885,3.6670417749531343,4.472631999922433,3.460212560273903,4.403672288930679,3.6309455886536655,3.803800443780926,1.78283845211501,3.219058596427203,2.119720244745044,1.9330694166100304,1.3451269866451514,0.5837131171742992,-0.23004568276190884,-1.3564070431567163,-1.255780528240102,-1.0041421418095422,-1.749157628841617,-1.4293638279323249,-1.5118485326994044,-3.4205585204103555,-5.1797856427913365
2.3076195619614666,1.723642490904241,4.8936403928872805,6.907002583786492,8.135222587294455,8.56040334429008,7.177975398416614,6.1994009965593015,4.910252117340439,4.039812133409747,5.945087271383014,5.167488218997175,4.474574760637029,4.057164009009349,3.599804742909514,3.5906176200345667,3.0515980591451286,1.399468025533486,2.456704664450763,2.8141043549331655,1.9869372957182847,0.7011398272457336,0.7545909009719118,0.8334592228030223,-0.9697656674230285,-1.9616271128501392,-2.307906439172273,-0.7256826291570223,-0.637879369105594,-1.2694450316625154,-1.7317196755259747,-2.448095860738191,-3.7516100051038666,-3.242199793134358
3.0000918862336063,1.8846706053441764,2.8768650796161515,4.913680585948151,6.872014206263995,9.505652607568564,6.341660626520527,4.719601715913773,3.836827890032376,1.7850581895081707,5.526202645911914,6.004690781600249,4.116659759131992,3.6057163876207254,2.7194924170823005,3.1204084133340872,4.754198217386914,4.284941309936976,3.139740285002659,2.664416065574604,2.0262406582825765,2.1947985182717558,0.6509735829850881,-2.6620099966949335,0.8320611793529255,0.7712427315027174,0.13827970398640474,0.3327581983239441,-0.576977342483777,-1.4167749530812888,-1.6793595313185705,-2.9506107327629407,-4.193825234767258,-4.4544351696339985
1.8025046791677726,0.0190293637039679,1.4778745205898471,3.6901834592986287,6.932621920838055,4.285139050270769,3.817578105224503,3.912724621675592,3.8435981570891466,3.300617279609285,3.4179422371577037,5.051867663947287,3.4985334492207754,3.601699534061861,2.757528335931068,3.4112639203978694,4.043643240177242,3.804604575036354,3.612056676575452,2.8255824722355145,2.267436910166778,2.129497351106597,1.7195015425256375,1.4395675497058233,0.5172642268865498,0.224524663171101,0.11812256247259807,-0.6490982860137591,-0.7615006935312754,-1.1011003784755096,-1.5331275203686026,-1.8944488093401626,-3.1906628595955047,-3.048950777527305
-0.1497207889066177,-0.025354268660061595,1.820484720008203,5.263849181337124,5.935786662254614,4.988725859962889,3.020856960758905,3.56879020427818,4.46124118751422,2.8683122526659535,2.9765749472554903,3.846773435528329,3.057974362312289,2.5498213379099606,3.275349568196223,3.180952753023925,3.366014338753538,2.755713804940082,4.379490717598032,2.7234826230913085,2.9514743689588787,2.7453457424875007,1.7317685597381693,0.9971731819741723,1.0129366496959413,-0.026666849251975936,0.21803015901987133,-0.5462170505416909,-1.2957741617719047,-1.470983259320984,-1.8395160115891116,-1.8362599770547323,-3.2182433081333235,-3.8226208262222934
-1.5696061053677928,-1.540033955032673,3.2116170704101417,3.967532531035121,4.304603409224062,4.58957315065158,3.2467996691882703,2.0933838243743597,2.364630200903957,2.9505420735172487,2.102945864812228,3.1965734338609946,3.2011767507582554,2.921494555688568,2.4011799806861904,2.364598510957569,1.9503779896759201,2.4285873196124332,3.620650193037674,2.287327624272036,2.410726019972037,2.056916120958293,2.405750036763853,0.8063267920634908,0.8527088399356969,0.30646977405392234,-0.6583241034854681,-0.37552741824908586,-1.0711479343982473,-2.14939189399918,-1.0575163082481016,-2.4186950660391244,-2.9245789830735442,-3.3807811306891864
-1.7657591685778842,3.1608314157125923,4.833217967356427,4.924064477252426,4.223817044093652,3.631128852490884,2.0751960648456795,1.3020246557021329,2.4151959426055414,2.4550032142283404,3.0490184325519696,2.7307994493387433,2.9265767011768355,3.0680054572056568,2.0614447862769008,2.4019134176841166,2.677554829500362,2.366333677466652,3.3639169509827824,2.884015797374248,3.5125156492818395,1.8040708005703532,2.5428969131943826,1.0199456090432704,0.39173778030713347,0.14351564261893843,-0.5714508217377282,-0.4213782376166677,-1.235697477008974,-1.365914806883432,-1.6052310898224245,-1.8263736739112229,-2.6082550939023013,-3.5885432980328105
1.2983880872763573,3.957871570066554,6.618366190969347,4.216671885683229,2.5244863708541616,4.624403845681455,1.5436672578806223,2.118473936987323,3.005603923491762,2.806436876483092,3.2163826311086012,3.5073861201698113,3.4676576060100635,2.0335352057496285,2.3223676122195758,2.724033249372968,2.387214853889789,3.0054773800663837,3.78404895891398,2.7626498796895795,3.1585318589728777,2.0809357667269337,1.7805190288719406,1.4030806044642041,1.243044195663145,0.29026711168986646,-0.8532294648211,-1.232179464150529,-1.4795305187641299,-1.7908160335588015,-1.873825100033014,-2.797251013123505,-1.1546925914687705,-2.5018601454539446
