script/wind10m.json
{"header": {"parameterCategory": 2, "parameterNumber": 3, "lo1": 3.000054539987559, "la1": 64.9999836372058, "dx": 0.5, "dy": 0.25, "nx": 34, "ny": 52, "refTime": "2024-12-17T11:00:00.000Z"}, "data":
[rows 24 to 47 of 52, columns 0 to 33 of 34]
5.1609260789254865,2.681603447087896,1.4952379750795424,1.5775883817192171,-0.5166552702570086,0.3673235962018894,0.623407641584085,-4.295039565210977,-3.871988589194366,-2.686069337087201,-0.6971293744927254,0.11309133294770839,1.3773901042050096,1.3836964335587953,1.147400953323808,1.9584944793909185,-0.1891996086397381,-0.6080760428895541,-0.6069557467076532,-0.5500858111717403,-1.3157218409525426,-0.5846135665436469,-0.9206556289471108,-0.3691601494690891,-0.8069238420926252,-0.8065070368797824,-1.0025866799500471,-0.7211009728388903,-0.9213292766820899,-1.7203738040779852,-2.492189880512567,-4.976891570384666,-6.711715544523056,-6.932569210387766
4.607812012040656,3.6713058194352537,2.0589378034921544,2.067348956021199,2.0965840119649473,0.9784487812083372,-0.3211102774925765,-1.806579901555795,-1.2554820525146468,-1.0765725849322016,0.26632797153763466,1.1395911206810967,1.336794920345573,3.857799883992293,2.5990577288529013,1.5540577892176537,-0.5520206459455815,-0.03970794949834635,0.393955367243331,0.3988755547013597,0.47943107538586643,-0.3182684728224501,-0.7573190088683487,-1.0369166399009935,-0.4343290804865743,-0.5459693060555141,-0.9376302557867704,-0.8089047369859524,-2.208313297933843,-3.5925534171419375,-5.322756749970665,-5.927876377291007,-6.59583216302591,-7.820413329381534
4.255545911698348,3.4304079859230874,2.5978262943625983,2.292024875676589,2.185779872488579,0.6123103175609318,-0.5855134670232328,-1.6388987799662105,-0.0668315454019089,0.48848055747333113,1.6778160214373006,1.0860741114376942,2.3789405319315673,2.5201600459206284,1.4507205017690799,0.4204187249045381,-0.31768121990207615,-0.48931008930404934,0.5114151225520697,2.7012862537315097,1.6195265291593932,0.9016331890588224,-0.5810159254391365,-0.21483311526502133,-0.21740352701302532,-0.15228865938551225,0.2178792925098711,-1.0581685676428199,-2.466856666726871,-4.351038271407324,-6.102343942411269,-6.6442835586632985,-7.375201570759357,-8.149173190465737
3.952773009454006,3.590960119515785,2.4260788973983716,2.2050325959771717,1.3387380092470245,-0.17644962569609138,-1.3587803166895063,-1.4459193791246958,-1.1163733289380067,0.5147894765784913,0.8317485039211073,2.202869698008773,0.7213845617774578,0.9646977943659542,0.11193517162356399,-1.40455074371952,-1.5027548937486184,-1.2700682349309063,0.12914962297811003,1.1911502191109704,1.5643944190922998,0.7422558007234785,-0.5650692209963087,-0.028029116122011016,-0.3234863073743547,-0.6419747932849418,-1.257907902588305,-1.6713505200018255,-3.4885982091751173,-6.218134623315326,-7.266723563719279,-7.499076116888503,-8.399819831783352,-8.066645438204748
2.666071417068838,2.4114838986612326,1.71623999823747,0.6356800437874907,-0.29313550502572305,-0.9639861938715254,-1.7197712398268523,-2.5506765037960446,-1.9206431105659283,-0.41283509079700953,0.741270341393118,-0.661359632058098,-0.3911130385136907,-0.8187603075286334,-1.2379508227802969,-3.2371420487644085,-2.906583631881832,-2.7657058527973986,-0.1554766560136843,1.087973605188957,0.1489067403208897,0.0016706097172097104,-0.8468261934168083,-0.5780948149707565,-0.22834027569914897,-0.9560900747125276,-1.2658197796395776,-2.2869651563234266,-4.709491410194866,-6.279216305871985,-7.967623678769287,-8.409555050227901,-8.429989817892704,-8.76874590950377
2.70258738167183,1.5154618518751812,0.4180803454342906,1.1315408183756177,0.5656928914205851,-0.8407803064731526,-1.3638604316711738,-2.3564889229308448,-2.5171278165983137,-1.4735088958062967,-2.3506291734165976,-2.6555459682217286,-1.7305235919109145,-2.170912981758876,-2.6360976152140077,-3.081182676921856,-3.9025508775184075,-3.145140310822184,-0.8619890387992757,-0.028724819524294138,-0.16344445365138166,-0.885442921974476,-0.16639410346173533,-0.3721359970410389,-0.7525230699264687,-0.8488684467084122,-1.5752707542213917,-2.169083154828573,-5.8146269860932085,-6.7987729314047325,-8.028299477100418,-4.623867991406606,-5.652715412158851,-7.78565531512409
2.3160720186224752,3.0482710451985375,2.434953188298053,1.8347542794391838,0.7958041128093446,0.4640522483956978,-0.9679363710323665,-1.073760469445539,-1.3178200842194245,-2.1620658604312926,-1.6825507348190085,-1.9436660638619356,-2.8016721443800603,-2.674606493547011,-1.6125238765521177,-0.9716502411658491,-2.5607098212883606,-2.4943789349157512,-0.7294692180515807,0.3065355799872471,0.33347397185507816,0.09862659470935421,-0.6563951358582675,-0.8786878079419347,-1.0657750961214567,-1.389741902376157,-1.7497994728258268,-2.1744164542850664,-5.278826223414433,-6.639519537756847,-6.464963017796147,-2.900324436548435,-5.908149601619877,-7.030268526455006
2.6670733249204273,3.377033727241,2.9745477128049913,1.5465608203524859,1.4148970312012683,0.06832616039749378,-0.1283308328243223,-0.5726936062779702,-1.5754201358695115,-1.8125619665347528,-2.024174828963557,-2.592959030046764,-1.6555362700409757,-0.5036613933661692,-0.8349654836789319,-0.5401904008828721,-0.3891281357158678,-1.1654030737555359,-0.8950180679730549,0.3146650740292813,0.2147286315451006,0.10239243006068213,-0.2775701083154687,-0.6388647655556415,-1.30049562408031,-1.4349157397930536,-1.6002961219805503,-3.0977871393479015,-1.8114598663264911,-5.385008327424824,-5.73486473445477,-3.0267455888812567,-5.041805630306715,-6.120334972840474
2.416366071800913,2.9307473733270744,3.078690401517798,3.3039738373775336,1.2829798448480876,-0.8097163523379464,-1.452512720507355,-1.3439589121644284,-0.7821463834638018,-0.7523156371077498,-0.5854312822153557,0.046771687998136864,-0.30008578382233814,1.0871002665925422,0.27878698685115744,1.1071715450269255,1.3498799112032263,0.2100373764102367,-1.4618291854400263,-0.7513776621279439,-0.4208137472991119,-0.3232942867917486,-0.4445539155332943,-0.8636669147551247,-1.3182698290202217,-1.4300097584253595,-1.8058311666165796,-2.962073652701186,-3.5456924898288773,-4.212161267479897,-5.335420917881945,-5.877895729922057,-6.100275440747099,-6.483601104333397
3.923401412787326,3.1621832779225385,2.9734717385559453,2.1779136654822424,1.0000165024967063,-0.4247773471822983,-1.6674450104818217,-1.9462871114841358,-1.1747018649704684,0.6041865184388812,0.35158001432302727,0.5914023534380751,0.7340048610242518,1.3532059168629536,0.6309847324370014,2.261266787060809,1.5753436081513128,1.150558249762978,-0.6425386545056356,-2.697966935472243,-1.1263766185818864,-0.7651385932604209,-0.4854477505354639,-0.5592318565015644,-0.8858906358624029,-1.3092484595301248,-1.153247323821651,-0.28715117055339134,-1.7046845211134058,-3.3134271743868235,-5.179391664270246,-6.0685754384820125,-7.058475140498004,-7.408716284212403
3.7864016323116467,3.492232421775701,2.636517790796614,2.5879201982550457,1.4942254628635518,0.16964824999029252,-1.1501582062957039,-1.7962558860884434,-1.8917759671145553,-1.5490501694622811,1.6261658533162096,0.7187094140693919,0.47132268619612266,0.2181739297929844,0.7207475339291215,1.1228599725327542,1.3652994109417627,1.0218457426324914,-0.35912198733478023,-2.0073033730748224,-2.1780911530910854,-1.0610477159251404,-0.6580443383502003,-0.5185657640428779,-0.7603328655175792,-0.9953634107775183,-0.7706178510967452,-0.38382540774572305,-0.9549618336474779,-2.547449408456213,-4.158705933060408,-6.461955054076675,-6.90705473064547,-7.076004956253571
4.121421632658164,2.8799822308783645,2.311591944452483,1.5445308117028507,1.192890721436423,0.5450127754553892,-0.11488890615555879,-1.385401776006077,-1.5010213702758157,-0.13578768026732405,0.6138239550897707,0.34698122646865215,0.7887568286307005,0.8923349915622374,0.462697662524768,0.639698028186499,0.7058148227711503,0.7839850180213757,-0.07342523164279341,-1.384935998227289,-2.098577824128406,-1.9046249098796315,-1.1377632254073673,-0.9076258167890878,-0.6747437535912925,-0.7071446115297687,-0.596326340671358,-0.3567455256319117,-1.6489483809740624,-2.412626064414201,-3.9267262738221076,-5.038172015032155,-6.554248912806438,-7.034748923558702
4.112209394622556,2.7602866036796367,1.7130322834183513,1.3000612392106705,0.8878855935902276,0.8072130509789359,0.5340253739226214,-0.6064849456222366,-0.9029803718812223,0.7797611800900078,0.5166223021990112,0.20214926137410202,0.4931477987802552,0.17663183377984623,-0.03133317434066729,2.069746532839482,1.4612373937377663,0.6794364629187439,-0.9257933924276525,-1.8850778764128893,-3.216605674187735,-1.8752768523446595,-1.1327556580081055,-2.173349033215387,0.36515119736969953,0.2192788777320965,-1.3471337591378645,-2.130196584814517,-1.8431554275408264,-1.6687537887580963,-3.0910998944154082,-4.840301650520068,-5.6132995881509755,-6.672645234528709
3.9742059333736384,2.655979923574155,1.9418086895341204,1.7501606934764997,1.245726802710966,0.8523215653787313,-0.11995553119652101,-0.4819923948960153,0.08596274293229667,0.8284961157722027,0.9178175966181564,0.29461741130647134,0.6536370800759718,-0.7662892196559603,0.022540746215713062,1.2490077206942194,0.9646303454612595,0.06999674246197984,-1.3666443953108587,-1.9038123248266337,-1.871484516998654,-2.1840092939792872,-1.2793632068776268,-0.936378877580207,-0.6656741008713407,-0.5925521659277108,-0.7530417216984283,-2.3238278238300305,-3.4590943893569,-3.796075237486862,-3.060093807633568,-3.9459510755625233,-5.857237727241097,-7.0901506723622845
3.665431713506826,2.8314039580707653,2.5941530250909457,1.6443958729184376,1.0784454737641844,0.05781104993849557,-0.777648606244816,-0.83653631857229,-0.21908519099394846,0.3389620024122641,1.665960188500871,0.6170362686647275,1.3592810841987168,1.3188879693393014,1.7951865768536202,1.8579725068111683,0.49403158562225596,-0.09871638658298255,-0.7152392347699215,-1.6686602493661038,-1.4085296956279088,-2.469639178151097,-2.1080584530098716,-0.5955399061970199,0.07098707751442342,-0.658871857133402,-0.6486472289764157,-1.8608184901200713,-2.9724370511607043,-4.012853290040859,-4.658374918027106,-4.690206968227311,-5.685313893615786,-7.821592844551781
3.3337682995185625,3.196676394588057,2.960923788471452,1.7897745090287187,0.4855576337602348,-0.1931010265866875,-0.8081212091392338,-0.8299856768794007,-0.5026562885743361,0.8384317057632553,1.013771599082814,1.6058319776572831,0.42688526119766806,0.6856431284475646,1.475998472841897,1.115287795449522,0.1444674399496806,-0.1121689428273055,-1.3001212163089362,-1.7194522181172545,-1.6759760487251294,-2.392996129760758,-1.562623924581657,-0.2338906682726382,-1.1151025363914944,-1.5575952937900612,-1.7624964230134659,-2.047007565293464,-2.956017984658878,-4.110130723636396,-4.947619365280412,-6.0164892165810855,-6.840019186712526,-7.182115843148944
4.147450250614872,3.980899491237975,3.6616531041537694,2.8807500939259354,1.4886558436049049,0.37822895212275354,-0.05407394953648362,-0.3593642698037703,-0.12742802622261204,0.2724025593758431,1.5885163277502168,1.8595182441130764,1.283330197174667,1.034568608006653,1.2621468036424615,1.0732477124368625,0.10587412028627793,0.22105737294731187,-0.5915168747250816,-0.1591670861746797,0.16756513282873445,-1.0127765818745775,-1.9413127980298155,-1.330813301896141,-1.3629128627049145,-0.3643432242044268,-2.410941039866187,-2.3896638571190993,-2.761697128782713,-3.3563605712569933,-4.512729368462608,-6.172250429855269,-7.069038104615689,-8.265383832964204
5.106341636143274,4.897067413572926,3.9881521169000287,3.1790553115957803,1.9925803259339883,1.6505224848346691,1.204030832907623,0.45962191171290534,0.2118503674975829,0.209273290503779,1.0485528117364946,1.6048278333364745,1.183562858347537,1.1722956382708138,1.198635985013895,2.2169783734103112,2.464637886184585,0.20162803656919545,-1.010235142439624,-0.36433953995935403,-1.0280427639261074,-0.25108340865506046,-0.6547529675302087,-1.191603957158408,-0.9907800162310182,-2.2504371589117307,-1.6878041674326243,-0.8600306821504116,-0.9578241383260967,-0.9959192901774299,-2.495191637106549,-4.8215470809303485,-7.102154291537234,-7.37152780391211
4.382551537124173,4.449739490160465,4.973282345156968,3.5553922188435236,2.9768226274346667,2.1678972763010997,1.7172980971854368,1.4432338597791674,0.3359889905506434,0.45550268725803006,1.2866265450733492,2.317115266781685,1.776943962275309,0.7945590823761146,1.7349664993924852,2.3380114683948148,1.5411987043227957,1.3907724797882586,0.4866237027013034,-0.5840571359407866,-0.8305560969237697,-0.9520977202356891,-0.17340334250247877,-0.5518581740301804,-1.72397379274044,-1.4807509466070725,-0.7796672884589813,-0.14763212188351915,-1.3865557784317186,-1.706809910803438,-2.298455141265616,-2.687202114049884,-4.802589246745074,-6.0838487304723206
4.1124592076996604,4.176765781171058,4.132507011022467,3.9962825903460732,3.1312482741553302,2.968751995777716,1.594137256078228,1.3054133472328318,1.2127894197327374,1.286187164500999,0.9746855965319703,1.7540160493986796,1.3195626249821562,0.28356508885347714,0.021318056627422952,0.3224902358728573,0.24625223457857262,1.0420634778465965,2.818870824502138,-0.6090173071779306,-1.4845522566127463,-1.8188906450416344,-1.5572649559431082,-0.5661959923288978,-1.269897250852563,-0.9554096786938808,-1.0655447189598255,-2.332656343171915,-2.231594782208465,-1.7567090522360223,-2.7994527502614717,-3.5078877521794953,-2.458587895615441,-1.8287537986910365
3.8147077160649365,3.9988106833467927,4.0555003106648035,3.552940177126136,2.8853870896227103,1.3898924026732034,0.9808309793398867,1.5230400413055745,1.8565056401101003,2.3230703388017746,2.710139543226215,2.9843288968572494,2.3223807168708883,0.8459641712092939,0.7451947478025327,0.3830628287044478,1.130551007510322,1.0126944464388714,0.32136527414838456,0.2822168857905531,-0.3823159262307876,-1.2253699741443405,-0.27983409801510467,-0.7947290351849188,-1.4145597261328,-1.672888256283125,-2.0012964359500063,-2.062312148761875,-3.649072208212202,-2.3865694544959624,-1.8124265602511815,-2.23952844950333,-1.9779338474738943,-2.553708880541603
4.4851539376977465,3.65244990906425,3.168860984049577,3.2712222385464655,2.801337341390895,2.14628483759002,1.9216434236242979,2.5181703297077616,3.9984829349128095,3.519639090409613,3.1655747873524547,2.8998941991673672,1.325533574411229,0.5714388632663514,0.9689463379955836,0.7225255933342724,0.2615345283663381,0.0210123792730861,0.6104493679757985,0.0042695558325428346,0.19195448248792063,0.3058029523237275,-0.04794225514461813,0.018973452366154605,-1.2277536180424613,-0.8660861817176313,-1.932523620543186,-2.8346143577260663,-2.064523145362492,-2.2934483861681976,-1.5857054572588296,-1.1959613681512395,-1.4611656889523312,-1.8455666106483448
4.20237343049521,4.242098950186423,3.331466860418485,3.7631228724667976,3.8240393222585563,4.1232313836929695,3.9356860488082277,3.9765960692643185,2.830809397061965,1.7317242806286575,1.739582227675619,2.182103018301044,0.9083859332205497,0.40306085333227454,0.019873066046273664,-0.1455183433292396,-0.12375970561457478,0.3004072356518482,-0.009948947003067223,-0.07706872947779705,0.633372084756307,-0.17806078861078872,0.3976178240651481,-0.33392275157555973,-0.9845925410985277,-0.9082426830150062,-1.1102107089498723,-1.2787287739534932,-1.6683967679973473,-2.6276719207085883,-2.1714763706571274,-0.9697659405517945,-1.8767772022426883,-1.8721038850697758
4.902100630842076,4.181076316742388,3.884625781658606,3.744976666886726,3.3898193608086618,5.1964064161061065,2.4454363532624166,2.5486484332429677,2.1329069335005464,1.735692478549155,1.4260153444609898,1.833199632838089,1.2100909615262814,0.8769897118443527,0.5322007078976732,0.4688263792290432,0.1999917636232245,-0.22062753046785785,0.15117610669795958,0.35339120913851185,-0.014873389047158835,-0.14518698338382607,0.8297074726808717,0.25401821825065374,-0.5108647042002616,-0.6696500181164776,-0.7664808601193197,-1.2048794109799663,-1.6437098145133957,-2.751395345069533,-1.3332925843405266,-1.2768733422550997,-1.5851304866519813,-1.5437073824322747
