script/wind350m.json
{"header": {"parameterCategory": 2, "parameterNumber": 2, "lo1": 3.000054539987559, "la1": 64.9999836372058, "dx": 0.5, "dy": 0.25, "nx": 34, "ny": 52, "refTime": "2026-03-07T14:00:00.000Z"}, "data":
[rows 0 to 23 of 52, columns 0 to 33 of 34]
10.599187010362105,10.276468274581987,9.782528148521823,9.107251811216422,9.374192998456387,9.441220617335205,9.190103365978898,9.01169278622088,9.187792677993938,8.839893860135666,8.574788008294924,8.495533146931123,8.059054182127413,8.114320298288616,8.596328163068586,11.448177660444813,7.526211983615574,6.413666181221433,5.311092993136903,5.986823015106522,5.433683746163728,2.994859370356062,4.849627028437807,9.084041370233976,9.7733721604877,6.667010360520563,5.667535201380229,9.392651824586547,10.316666681303145,11.05799910698505,9.95486680341546,7.702866004844835,9.844455074807602,10.940810820230167
9.575871428086081,9.604960827524248,8.8160466435913,9.009657414959163,9.293045695601798,9.440801137029831,8.944673711969546,8.905255145880613,8.924879891622703,8.442357613004775,8.809044749701368,9.339660610639053,9.127010125970749,10.2041529594589,9.242574866242178,8.347587617471454,5.264293682854002,4.194505910568819,5.292098520692761,6.815591142099777,1.6430532327894085,3.82023208261959,3.9734830240342145,7.306185521878495,4.201194053316872,4.892807250843774,7.990014740095488,7.195205853542933,10.532456081371103,13.366461446794904,11.072693949046014,8.751739951867766,7.85731561965844,11.364070345614902
9.033125309264323,8.810908741225958,8.329972040368471,9.056137910186553,9.467198167135562,9.272637350648804,8.908605418042251,8.786843686666653,8.838824117952608,8.855987234916098,10.552562197739327,8.064023034875216,9.013450369680266,7.55421139941343,7.146373575112654,5.000875327402564,4.4239624840644165,2.048865690949079,2.1225319214193017,1.9306386026226574,4.528281244955917,3.88033284888217,3.815221680922826,4.958334755848507,5.255484215878316,3.788681624717219,5.764979017031071,8.391653483519335,9.074742533240947,11.056249157394287,13.619289982056102,10.959062043131713,8.730185710568488,9.863680330152663
8.298721664882917,8.081689749892027,8.31098635330395,9.587774401768844,9.635389159796132,9.292072259171348,9.100454496232418,9.168537718461312,8.89885697036167,9.245940700664002,8.649740526107058,6.739960878894708,5.7406273286087695,4.286292894650773,3.086449200657457,4.12140482954494,1.8977475219030864,3.33171994472583,3.154028958608584,0.5305311099377169,3.5259697446232514,4.766223437199066,5.628084680360346,6.774785131454462,4.257593431596351,3.366820110653851,7.341169882146865,5.532830533441057,8.679255741275979,9.17301511551558,9.830402052216296,13.235714324090214,11.502085983287094,10.060112757323957
7.4939045389261745,7.667489639175378,8.89717669943551,9.534877198404665,8.939043198169786,9.064944763766762,9.53114950772124,8.98310424457211,9.364919231395374,9.064837575573499,6.298557319750897,2.9304280156770006,2.0738115533002,0.029498514842445676,0.07542647006180292,1.8756126396786323,1.9501153164962945,-0.7244920314091762,1.1040704355736843,3.776328148283793,5.017559105328947,7.822983835477259,2.5287614805974457,5.691998959517168,5.141758826551755,6.034778090683854,7.846919010861366,4.081799269269046,8.865177192518342,7.5949366403703875,10.381650674909146,11.168924625020258,11.963645265789316,10.15476508093864
7.455981283852138,7.952933755770102,8.929607273271106,8.630186816919938,9.324511616505072,9.538942623177563,9.674540767790377,9.554932424218826,10.053415914355034,3.7439827502251255,2.591168944885499,0.7555920696099835,-0.3344632785026435,-1.2630214890793754,-1.844231682302348,-0.5656546524822763,-0.3980530288897764,-0.6037642655172272,1.0053358109555184,1.1099648172654173,2.3416087011635196,5.756491409744929,4.699407480745882,5.082231890812552,3.8300067754275955,3.3099856894100683,4.920982540793926,4.482784225998257,5.857659677280027,9.911269680804171,11.329956670669151,7.813821725656385,8.166155715174519,7.464792328151961
7.292621135051347,7.932977188637753,8.407066342725418,8.377128431731855,9.377746486167885,9.90089448264859,9.795720396614593,10.361945608680758,5.068517618871329,1.7060468232912651,0.36713297513159865,2.0938259394064884,-0.8474462060479345,1.3046188783849118,-2.1368894660739257,-1.700471970289751,-0.6651504574471345,1.2029202827316563,1.4901285891257363,4.391203899445078,1.1586366155568348,0.30439821593098215,2.634768304587862,1.267949988929056,3.7121033948476776,4.248343084329387,6.141244698497946,3.8468061586252746,4.717534154665,8.453895308163476,7.244080252875478,8.343307101166946,9.664738990488127,5.186507767527509
7.01522628537318,7.706281071270777,7.583840874358836,8.774730820404885,9.183240920423762,10.714451842748858,10.952351539015227,9.257922305303598,3.4551440852540845,1.8370172423583093,1.2133535297700895,-0.5136582775872031,0.3294296702079341,2.3191238478236063,-1.6385703320835114,2.0935802720637997,-1.2077662829639646,2.4172571676237995,4.058380537336984,2.2947392072399797,1.4171412381185606,3.0375993085901114,1.5719791615254384,3.3347843170472884,3.626572648850072,3.715361595484038,5.14980667917372,6.583867597300134,5.495662052244203,7.682788252584613,12.503058864977557,6.417518116541744,8.177687981546555,8.025844636689364
6.488100672776345,7.278795136509641,7.264276761628659,8.868649763481677,9.966163216224706,11.872797916643828,8.947898598103965,5.455605735889202,3.8847767821470303,2.367906012722089,0.6179178361688021,-0.2284241209855506,0.6907137508697623,1.83043353777243,3.4328902791159743,-0.06102399547950708,0.6256611480010613,4.921179900373791,1.8889072929644912,3.647649625970297,5.373001712791903,6.572772148080921,7.06588824104654,3.0689547542866222,2.6043763636319524,3.884777785770664,4.8723871564809,5.9152752493607395,5.519199221631025,6.7257817962854425,8.471820952190262,8.302848565482366,8.434852497027569,8.835470104476416
5.904257027485941,6.469548551279908,6.865210035740659,8.479550865723924,10.397749887078136,11.184600952074097,6.597914235120637,4.706747209431768,3.3831199444344264,0.18084359302796457,-0.3558228402094938,0.45002150282513637,3.842016634621281,2.66272349125933,1.0966515721563026,4.052082189511732,4.33816858454404,2.318461515519135,2.0074104712222955,3.11690512191514,3.8756207560349227,3.949213247971581,4.628655706783043,2.6247336979414446,2.534958412620112,3.6199115132824216,4.913868455198194,6.855836929218001,7.669366478780721,7.118547213493471,6.518948117145883,8.500992457726616,8.965581753591243,9.105440115053874
5.220795235719253,5.720482439619723,6.439896279461685,7.984335559309564,9.33611487984932,5.260962921961733,3.5774311402659302,2.6383736208303135,4.631923277065503,-0.5202576662042103,4.291710482464467,-0.7300993723599203,3.6441195576249488,5.065375669778492,3.4549863501880913,2.6359074952336883,1.4672953670579245,1.0934474206044802,2.1195268857577134,2.420309574269659,3.747220543389572,2.282420844655962,6.016008468854245,1.9480241872932167,3.3068253737022406,3.665040308490607,4.4444968626265995,5.637112003699173,6.031112339377077,6.469282442258866,9.356933669583361,10.161576554844666,10.24672128121801,9.64237627467044
4.741701377611834,4.771995642679634,5.120877455531642,6.407770469981699,7.524148662045125,2.101570677287409,0.888992946680393,-1.4048346211076337,-0.28145790153001055,4.478761235300152,0.1485452981597013,4.493285117495893,4.2654732034850875,4.049815911098896,4.017783731842342,1.8748826886508834,1.6374923275903626,2.901326561245347,2.7244252393265382,3.2927613766651604,4.125050606188289,3.1997615005033286,1.493268182084629,4.0033362440507645,2.140195476532326,2.4323426434944193,3.6874929715412725,6.083492117612065,6.034499208149054,6.519694810970547,8.044347668129541,8.189213583159745,8.33321533721213,8.761758546045243
4.258358152697918,3.798602312096677,4.206649612843543,4.562032376691986,3.478721592694336,0.9759729164909833,0.8809334909159237,0.8875230755959861,1.3154501221226371,0.6588365398728298,3.6831248369207827,4.995013466859522,4.118476531988623,5.450097241126967,0.13671819084151288,0.9687004369703789,1.3854263890887664,0.9472330693090029,0.5924111375683624,1.8900756741768483,3.016907098641113,2.5587995668983776,2.7946087583148014,1.6862015017415974,2.713014234606928,2.1337093097367315,3.2206113404953967,4.588090558854932,6.000400721377449,6.594763352026878,6.680495269042697,6.271916826081077,6.604585566333722,7.118615044363457
3.9447427510767636,3.1829841514633856,3.2679262343706683,2.865005898977205,1.4417355797641673,1.1647753914905257,7.077508930693433,0.6871874590253015,-0.33043741725594095,4.960555866514054,4.58012387508092,5.500451697451211,-0.28561132641417913,-2.181712901758164,2.8605675683003575,-0.007982687794495761,1.879836275384727,0.6251454434965518,1.6383023213688308,0.96162570359993,-0.43588389763567764,1.3915365513231532,1.8353104610440727,1.9218486531188868,2.2150456886155827,3.82863977023862,2.7234764463854715,4.563275699233906,3.1710342936431246,5.362554164215675,4.618127813974557,4.5086065234583215,5.33282541943344,5.570723398868163
3.672942422818724,2.706158279215605,2.6213922891100516,1.2417789364002263,-0.011209332372346135,-0.12381561988482902,1.2650928268543367,1.9005625408022522,0.8057605612245965,1.1245947462706576,1.291960813334962,2.7248296090745674,3.993509164934423,0.920400278636928,0.9699535066207055,2.0935893332801356,0.03248870637452068,0.9704336774051513,0.6548520989167977,0.39046475164170014,0.5215571651994225,-0.3925727204805635,0.6479260719789912,2.246126826481528,2.9716090661825163,3.228510064205699,3.406276890342391,3.8671207810405805,4.768131386882368,3.552631169967034,3.133417373351284,3.360528520118626,3.8734517662054286,4.482880887589822
3.4091498995369025,2.229080783501114,2.0641797540930185,1.2523970039486136,-0.9312905600184029,-0.05881287294003107,-1.0194266817825033,0.3199224015711494,-0.19506761377140353,0.34266358229597704,2.011450629785363,2.8952281376391737,0.7223701104358297,2.6636559590870332,-0.5152498083676642,-0.10071087815670134,0.6004860440880234,-2.1658052727984933,-1.103365744785926,-1.5869781642779446,0.27672160802527757,-0.5281975370781485,-1.0130885893255583,1.325045194538774,1.6082322461055338,1.437244158590947,0.38738256717516417,2.5179359178138117,3.544826375932358,3.1000235883051013,2.6449142639636585,2.8514934717813136,2.9579141232895316,3.726948708059257
2.881229278841519,1.8474133685289467,1.2807898255348666,0.33779630690154977,-0.7250986729590491,-0.5946965894685706,0.231479916803224,2.2278659305870447,0.6956347020925094,0.4558350991450059,1.8772432110365065,1.6687616948523067,-0.35329261627652647,-0.7380243344751853,-0.7344562740288451,-1.943722320297717,-1.2407261514932062,-1.414927068451224,-1.9950366019136654,-1.7824781489634165,-0.9676564004822468,0.37338814413893096,0.10083362404330071,-0.9798672227703062,0.029303144474932884,0.09679264960396648,0.20960955389520702,0.6875373446758833,2.6302667105567146,3.7286129446289813,2.853377771228041,2.638719298611424,2.6054611824125917,2.3074903539101816
2.1074546878692675,1.6502049840463076,1.1059431408469593,0.08262405085371838,0.20870536423684874,-0.8753714559562907,0.5275616619404055,-0.324456428799458,2.2881614810746185,2.3576696729007836,2.0667925721748643,1.3056284479937736,-1.0119035082996428,-0.7861727780258438,-0.694135923301214,-2.4460884885470153,-2.523471219049866,-2.7522911243038477,-2.3835885842227342,-1.7245276009169601,-0.3664188557222432,-1.2849176896795031,-0.8348398081262096,-1.4507226622865765,-1.5258921836218315,-1.5187847419172278,-1.3472885472271174,-0.09779586010005221,1.1569216538253229,1.4935113198307215,2.641231302398754,4.563618331603092,2.620430247059461,1.7478171191915526
1.8319910930516365,1.275899287160414,1.0435504945252734,0.15862243264767215,-0.8417462599231105,-0.24470413980909064,1.3009412108863228,-0.0014833764174826606,-1.1816724950681718,1.4100869838466015,0.971825619046527,0.7537277585868614,-0.271771628171716,-0.6448361474131766,-1.6875149322592895,-2.5186764732717153,-1.3269760663131078,-2.742734670245753,-1.9393317281510873,-1.8181010381436475,-1.225616865579871,-1.0751986230794237,-1.6633514992308587,-2.7922936162786747,-2.2853616257570852,-2.177743167959061,-2.239591424909913,-2.3876984935121257,-1.0929595480977703,0.4022131489220013,1.9500619957232463,3.227337774543262,3.9086419652393554,2.679545683756689
1.590518539655016,1.7561555586528772,1.0110478827363563,0.568338985481529,-0.21630495169814984,0.6279354076498459,0.6431769035297771,1.2776453570373374,1.1796867163689324,1.5465490176387575,1.318273037347534,-0.0033375169935295312,-0.57587559854727,2.2209588460230956,-2.85399302061199,-2.3839278627878575,-2.130633768383179,-2.452370802711569,-2.9713768901812823,-3.112032962917821,-1.9327645436181748,-3.169411516143212,-3.676317752602584,-4.258361480556082,-3.497331643870685,-2.8653012269826554,-2.271351031925748,-2.9592627840022807,-2.399073206257415,-1.2211375935523907,-0.4188983812673602,0.716306803905928,1.5011085599131526,2.729743631314155
1.6731571751650474,1.7582413669698218,1.142231042966075,0.9185604835168654,1.3831266565088534,-0.5323384424525016,-0.731910691540533,-0.14595085995518806,1.1628170977085408,1.2030278727618045,0.6810451267147026,-0.5593216904238828,-0.26114239640120235,-1.7299484391374345,-3.293110698592189,-2.8788037784596856,-3.214481899652341,-2.9721570952255867,-2.7092958375175953,-2.4669021112628102,-1.0888690810114765,-1.4293730430719496,-0.4124191285230548,-4.213356014547928,-4.935810745763432,-4.987862622544899,-3.604276411097362,-3.3826939811444974,-4.350526300886004,-3.424072742730607,-2.305939331558342,-1.7444199207429525,-0.7763406686205432,1.1699173369389546
1.8692219428355858,1.4958316165660799,1.052307902881717,1.030500705903702,2.001140588960902,3.049735843468418,0.3743389766285573,-0.4475735034196555,1.020734132164458,0.4040226522759705,-0.054459779750283814,0.5791061524349683,-1.8815012207123718,-2.4953843372426827,-3.777099287131797,-2.80178969350585,-5.321667815199095,-4.6448784487290125,-3.7617960166767697,-1.030706980139836,-0.7014452975623223,-0.021852756023841208,-0.3038348329431295,-2.962887260763778,-5.460952907841674,-5.772097310731965,-5.755982930610559,-5.957027710509221,-7.0901429566819125,-6.395700025360579,-5.135884410062451,-3.920406022988147,-2.9754005249053703,-0.7987526290524509
1.7573151315497766,1.2000469667936469,1.029826223172811,1.251350254305853,2.8101809655648196,1.5575414357781103,-0.9849416305245904,-0.2835731647201299,0.796126638444565,0.9501418351994791,0.007778305072248903,-0.3755770765185696,-1.8765515771194692,-3.822167366388533,-3.281099991892499,-5.641143401571514,-5.215005316375894,-3.973257226160037,-3.177669241585916,-3.257069362146173,-1.96976574896219,-2.4885272612135125,-2.12864686936747,-1.9889257133455234,-4.9760336853502505,-5.385500689445059,-4.398441746583446,-6.310878937322736,-8.518712619552774,-8.654099810735573,-7.515507731653632,-5.979572911429913,-4.7878551165745895,-4.1021836060922094
1.8513915978312063,1.0039941036811797,1.2493994529973957,1.3112511114220051,3.0926813915474898,2.1231276127797094,-0.6085674702094968,0.2957937964461287,0.7909842086713569,-0.478936636160645,0.11940147233404887,-1.9302295545602188,-2.057211983032366,-3.9543388523809213,-6.348824470114495,-4.718032742410112,-6.175364892662278,-3.8191779968088952,-3.0795826207193624,-2.911644532646835,-3.151773264806019,-2.2092868567607122,-3.0323676672016746,-2.8062939891771057,-2.994903872224369,-2.7559628079988663,-4.803704327004971,-4.76916300498264,-7.113179333778142,-7.382061555870265,-8.860628509597122,-7.89961806530544,-6.711939534209889,-5.949784271225868
