script/wind250m.json
{"header": {"parameterCategory": 2, "parameterNumber": 2, "lo1": 3.000054539987559, "la1": 64.9999836372058, "dx": 0.5, "dy": 0.25, "nx": 34, "ny": 52, "refTime": "2026-05-24T00:00:00.000Z"}, "data":
[rows 0 to 24 of 52, columns 0 to 33 of 34]
8.369678735703967,9.267644605940658,10.028561208138054,11.171153867850846,12.202780073583805,12.966169789917284,12.548183714626038,12.360774281111832,12.774300909521932,14.098726954001226,15.050623142733563,16.5048833401712,15.28124027639929,14.289308853637506,14.041044994593516,14.831604510303704,14.944570186544539,14.843905052794723,11.790775318960474,12.331191263048641,12.202514094555635,14.73696652952218,12.595384041636942,14.983582635463597,17.06339336332136,11.946511004989446,9.423507149908575,11.531656898175788,11.449406686061991,10.76918129415307,10.347461275696755,9.490593187772506,9.96828849668576,6.600596212649359
10.35822808662364,10.967357517769779,11.272347615968577,11.630857348706286,11.968698627170113,12.416492870939685,12.328654038505263,12.791096709808732,12.979322931810962,13.534514578357633,13.87877678889659,14.450812427586749,15.253227804479506,15.774256807974838,14.905927332033773,14.356373689532356,14.292715512338068,15.13167960870558,13.069819421198881,16.322460658378358,10.338884161122069,13.8543755781889,11.766493930002103,16.132205934152058,13.109382596802464,10.918606420169752,10.89316587226883,9.892373870882821,10.238411926904055,11.633338411023908,10.588214593765938,11.024241822505601,10.472488275216135,10.324358851994049
12.047431312938304,12.547923630346304,12.694907092095356,12.934118561192461,12.952359137412103,13.78113002738319,13.955008341243204,13.710866736826619,13.734990714674925,14.076475728275463,14.551607044894139,14.470231688486043,14.787039988835515,15.484900983788066,16.62804532052742,15.567670217208446,15.51760843135661,11.921150377937172,10.994051061808262,10.770536312945701,14.375313079293838,12.86974011635673,12.649739800898034,14.32134744374098,12.724177031730202,10.126230147246616,10.10906474348635,10.581126405374286,11.15192405584625,10.805548062535829,11.490512911679582,10.63826341876858,10.893449049663449,10.708296101285587
11.142573372686712,11.620163065247471,12.211713528921406,12.73951710400197,13.18530678135579,14.096084071077954,14.9332064021789,14.880085486306445,14.654056843927588,14.831473442775279,14.919559098560539,14.838067074718959,15.35259063767382,15.196471921987568,14.454727186459756,14.777811280444503,13.283545138140438,12.849527973052567,12.843423517709386,11.28363135115883,13.924398858936573,15.877846929463821,13.707815913421094,13.228761786554163,10.59975335736151,10.93215534418786,11.673627125785359,11.27899594479147,10.339209208430075,10.282870000201465,11.08142941492139,11.144138274801403,11.171362345073788,11.22090461661287
12.334770949071267,12.092623701829533,12.425647800517575,11.567200463264946,12.303446505049907,13.025631157610585,14.362847766868889,15.195123434647922,15.442519175439708,15.547772286896372,15.549980645525437,16.628058793587904,16.510129080047147,16.23737447696475,14.275941474711901,14.008782620768557,14.42513582535525,11.060428046467631,12.877016983283138,16.643498563035397,15.533835923398188,19.375014631534828,11.373262033296609,13.390452976860832,11.362518696127387,10.153785906301453,10.367885881237397,10.547169487468093,11.917990520371326,11.695501266463896,11.411444810788003,12.221664734847716,10.472520350306393,11.407520811195376
13.124757985457801,14.225729708455294,13.053929606190145,12.824318821622729,12.803235901831634,12.573564591318096,13.58664280840024,15.246825844567528,15.471608736085471,14.958964444212777,15.764455531511246,16.512849079933,16.42328973306917,16.110874029099875,13.542260935020176,15.480427087655624,10.524974346481372,11.882807519780131,16.51266412717777,13.63434251097584,13.520305509041528,15.550808757956743,14.24372108661242,10.913984271769795,10.60917674499966,9.485962082581894,10.882589689495328,10.997450037751916,10.209609693986794,11.315128924141256,11.29899233836066,10.49188716870037,9.599877356252566,12.198411431779448
12.648388843570684,12.630034589445787,12.240629272407258,13.229657002828516,13.352615792263286,13.915211159395968,14.543603905162044,14.601132811183117,14.22016775706881,14.822584058009356,15.853470991459375,14.953237478253586,16.736788702562745,15.729014338363312,13.428361207263716,14.435539844314246,13.421761516500203,14.24374062660156,16.50667982013384,14.893122072639459,14.829353482458286,12.316067473207504,12.97167704826245,12.349418592943614,11.325651072804101,9.576081539146406,12.139746703555344,10.587920803309897,10.690476462019621,12.751978156083561,12.075878839216951,11.804010081768485,11.907025417142345,12.27724569342202
14.238407749310946,13.671421448464109,14.18976233149128,13.805748954561867,14.148459082167198,13.47716830127247,13.294473096475844,13.365003339620188,14.372211276041824,15.405732072056145,16.399145624974715,7.81607302481385,10.794567810733325,15.219962231766898,10.643014845812434,10.713065178244612,9.621062202050032,14.230402101295617,16.210728635547095,14.032906170387315,14.239721966162046,15.033751113441053,11.367228652997536,10.429710514425066,10.627901153212827,10.527762759385599,10.743434675888041,12.559319207778305,12.06692922079355,11.813113927507047,12.68729482959719,12.480864861664857,12.55898588369618,13.594256131022979
12.201790513578507,14.342194257061186,14.234183962840367,13.605092049702213,14.218258713551544,14.368834443323,14.84622462146918,15.117632799561841,13.651942680941374,11.486985666986763,9.482233671595727,6.482540483674362,13.353303162662623,14.201544775330927,13.715737447264603,8.302648637851435,12.53500662057162,14.589049334073131,13.253615071626422,17.550618620945894,18.27512735600514,14.434592469173761,9.324658103265621,9.310188085396659,11.285867623930308,10.320294929488657,12.082675784052439,11.204165394203953,10.988377200231342,12.794080807516398,12.955324952092793,12.926190455418098,14.964519658325608,15.749572758309805
11.040038738732216,11.334002144459156,12.156107691078088,13.244795403389594,14.181146616031578,14.519973935402545,14.415245051942783,11.677890598794251,8.641696985391805,8.60998797735487,9.280332406452104,3.650917462030249,14.003386023079866,12.017253592466131,8.964199295655146,12.836961260558498,12.283067889645608,12.997670343192846,13.342255522323448,16.049846770756595,13.725827430246506,12.582498512086293,10.180263137169367,10.016790273199309,8.787403342027822,10.194278163192928,10.741856219325784,12.251484352806912,11.870552514102085,11.954925238190919,11.942399556147466,14.602744527745937,16.206765794187262,16.499600570912477
11.847841536853135,11.481179785827573,12.213366024975063,12.379554978477225,12.799281478679942,12.935116247155548,10.170521517102971,7.941334762152409,9.428408840080902,1.7607410836760202,17.304126943302602,2.6707610171926346,8.326202360750223,15.15986238385451,14.686791093718318,12.12788666433607,7.479223513524639,10.525377410060162,14.102655411841292,13.857798614530108,12.45200830529801,10.14795437409341,15.156548736973674,9.403363066691194,11.301124347691156,8.425530948190804,9.389779678404844,10.381313368506666,11.98063883800107,11.287544063420087,12.760389334607112,14.586593751623885,16.987907132172552,17.521030631703166
11.638201165249974,12.00321540377182,11.353450093358845,11.796746445950692,10.83375782047283,7.606674701659399,5.162677839588311,2.2398083966236118,1.52648266808398,10.572955637449352,13.034759976685056,17.082848709344816,18.201141169973077,8.41130724714551,15.843068215429465,8.888377282508902,10.908114295671487,13.506817717832973,9.930020579336183,11.92971546625424,12.602468090965235,13.296954042028561,9.728908392076914,13.295636783862633,10.462670785055588,10.19180660003438,11.035906709064829,10.708372782921094,12.103214498562322,12.958728159501135,14.112047753511096,17.92946366535994,18.352460898884424,17.922333079639674
12.433249554655731,12.078874120258348,11.914395472989831,11.53630484371051,11.669855180946243,5.009452976743718,6.6763122310173655,5.057505887991862,7.109343014933388,17.27258833496515,12.465917283697609,13.23746957580821,20.912662560360104,19.411559939213863,11.417218009801132,14.187030708411749,11.22361076136108,12.597117393924778,11.255105850978971,7.005950734500883,10.56685043585395,12.274815460401335,13.677082577732971,11.536211299759692,11.959218063002758,10.959596160487264,8.93973639094244,10.718079855367861,11.125709264363694,11.411655661656656,13.630266715705583,17.076016922973665,18.906253573255974,19.92147548596905
12.022344917947912,12.923124641041971,11.725148910801506,10.127283204717406,9.503479871881002,10.5381341566147,11.03511207979032,3.3375072507733408,11.62344102466409,15.070702319204518,17.107467114485562,17.268829108610007,2.8685382301004845,5.8297799863219835,11.024661054101047,12.42153614174102,12.426320165619437,9.601337111574708,12.502436499913731,12.971591934109131,7.8122071806774995,11.738694015658208,13.541984479299288,13.107613729949104,10.924389457551811,11.391945703648117,11.653920842480456,12.187624576493016,11.138781612897608,12.383149968006016,14.68898830374207,16.280480592820293,18.587011288835647,19.92050939906625
13.297512491823769,12.788083661724041,11.340164624804153,10.10380502551665,9.742726766126848,7.621155965314723,3.544499283275206,11.361905772479307,7.6068960514977,11.493965534601752,12.045211427992689,24.024156252138983,15.87363028953109,9.587664043955549,3.690365213828802,11.886016138087086,11.596526367699559,10.264066702627977,10.606783848678218,10.687709092135682,12.617014225994689,8.91911638534721,10.144899038248509,9.631362574360905,9.97595302293274,10.152309296868006,9.15849508036793,11.134800113287158,11.144850917432159,12.398150244502022,15.046232067735257,16.39317236622989,17.960756588984577,18.530992304681504
12.77855159283082,10.356331402829683,10.926615495357696,9.829326655984987,9.310085217324731,6.1804935922489275,8.262165038287709,2.1207624290474176,6.825712650487086,13.45424376438364,20.267270563517076,23.077832492193362,10.833622126581384,12.695962942555457,7.151708227490041,4.453403216400316,10.280604282315286,6.485885628729022,10.365115927280616,8.142927965900455,12.51021291047428,12.571948052200757,9.411827538702228,9.744619205324803,9.44671129207312,9.185706663763083,11.757369544265197,10.461825024171935,10.908828428934665,13.30876398409188,15.385486585663669,16.713863582515284,17.176468525541818,17.210214108359814
12.196039147524347,11.497451897163174,11.518451784855715,9.927127107846497,4.893163943547971,6.5912240514405065,12.72704287525846,10.78382431515497,4.766511272064997,15.092921574770017,20.951105721045682,17.8411546876501,10.823352380972766,10.88584655967639,7.84988403769469,4.548192911154954,8.122112433594616,4.6545232072533365,7.8962844297091115,9.2177625081865,9.542648407680659,11.143421249670139,11.65175781706808,9.094715537144637,9.74747073406862,8.363731676850495,10.780146467867603,10.445203752663206,10.528752837810709,11.951202636028485,13.924439067023158,16.04185987743176,15.89014981616663,16.569569761440718
11.50522529059946,11.67576224237948,10.727313160249707,10.466408715809116,7.661142484865957,6.235952328309415,9.790854755778044,6.975659136303442,12.81932081022413,17.749609799404656,11.888205382525193,14.43764257989646,5.607439286324384,8.287137430708398,10.338657131268446,10.168213633058356,9.543913398953405,10.039052693638547,9.25159895508209,7.58064671707237,8.02265962130372,8.925694067470802,11.055830861967701,10.686320060669056,8.672932059522417,8.404887841121013,6.6166818855425475,8.028195182843046,9.442380030511869,11.186031928739132,13.259095281757611,13.538077780021801,14.654408911131796,15.811811032277431
10.473330608811496,10.421460232721738,9.740583033832728,10.862584084882208,8.42435229698621,4.534143520336689,9.068215320475526,8.655360717780933,9.322599376937307,23.549109103473086,12.785599696655098,10.853131432961625,13.888345408013688,8.961089954068227,9.8801559088516,7.2065427698647495,10.416363607378939,8.491180716209842,10.317660431342501,9.667594519541954,10.573092630479737,8.997844462644895,9.13342554162381,10.628993022953424,8.325904307446434,9.189713572651034,8.417489528343703,8.56915091417492,9.750266030865687,10.02525214384237,9.055995651596106,11.755542697439195,13.504378051706427,15.331712663230691
6.719800629263648,8.038594905385795,8.565950726706173,9.714419252451435,7.310222922435292,5.087677798888886,1.5071480402700306,15.229125607612875,15.296745861240185,14.398058565784593,14.084924010373983,15.55892393494235,4.606753775729338,16.17995072437372,9.942523023817825,10.009058686389027,9.03168767988436,8.97714482952585,8.312436329482354,8.90410882323974,11.276337663808794,8.879640201747915,8.583183761182617,9.770977765220948,9.627319977342843,9.878958670102303,10.749097326940761,9.726715299279915,10.035543493629968,9.909214892808418,9.748400223997006,9.316135668172665,11.830333159429118,13.995847837853823
5.62246988133701,4.101856818704546,6.061142145946831,8.369359264488748,7.156920196640473,5.2507044292161185,3.139730107855398,7.218457465328046,11.07862857833966,14.524417632357641,12.552767901879463,15.557305312368046,10.057395479998183,10.39227840308357,7.042213159187402,10.491137249155704,10.463043537919662,10.336451130983265,12.060159605354889,10.525206496080271,10.937825415256446,8.484583393381202,10.693262717369652,10.491579551431565,9.330847372739592,10.648255150241926,9.821376556169303,9.8066984242262,10.278339829860832,10.4449753159031,11.44941523260579,11.503744847084851,12.616089954174942,15.40358829879974
5.835138945038281,3.289813604042151,3.8380518574648685,5.374122069142246,7.592797383506445,5.095082498645623,5.494510199806981,9.320958474992489,15.029375494128821,9.309995718156406,9.225809365332205,12.852700905323783,1.100073961016624,11.086679030559857,5.872011631409445,10.70243084918174,9.695632796512305,9.71249381893042,11.634354692071065,10.09640721674684,13.041218456310233,10.31207163850202,11.029522157471796,9.706262027592881,9.937731639694457,9.465179779750047,10.106184677999362,10.268254306412274,11.627677982437138,11.138038879579074,11.79061444181422,11.34255292504665,11.445235391400765,15.633359007237956
6.069332245088426,6.565494033924667,3.738545685992424,2.682461793371579,5.109815711963068,4.678965398879035,6.622844019337048,7.16660104827055,15.181338266282074,12.07689925327972,4.449698709903276,10.770270005486084,13.725080103669292,9.178748247450866,11.411231979562142,6.633812029710073,9.043920814134063,10.612117128815942,11.05183724141758,11.323252367662485,11.389330803499762,11.863222817513362,11.034041385663382,9.192376412984906,12.392891073876106,8.436191539530368,11.12610702985193,12.057219873498012,10.740768267501979,11.536282418237127,11.122289983803528,11.0451405625213,14.19541269079229,16.03383304122784
6.201248364485644,6.234424124197546,4.398816515764656,4.402963865422574,3.845493632927006,4.293265386258821,5.7226605194032505,9.053213192077308,12.504992735022045,7.061156884460319,2.9861285019629435,2.7190660250461978,12.274405780171135,10.465311759872352,7.7767533994237885,8.333868843191388,9.045718543069793,9.416206800814503,10.763917736255848,11.847710534500505,13.777469140083364,9.842556646458641,10.371927585202922,11.655143971656457,11.893118601604877,11.31887897809673,10.923609120345832,10.641824705901406,10.613731250317374,10.938342953435654,10.663793359273475,11.093876145941017,13.039033843952266,14.905284877499026
5.477248597288422,4.598516024673365,4.520159175377585,4.460880166802195,3.593803778300008,2.45303892421853,1.3372954110022404,9.748572283221865,13.229938347504845,8.681354863683298,8.39930092708246,4.870571240461214,6.741306249707442,7.5881453759264295,8.35057224930529,8.881189870741935,9.536325250944165,10.554088288509798,11.969076879131858,13.22292653126764,11.693009294279376,13.32372672324831,12.64185384582194,11.945940058452754,11.44648056328338,10.73767176280133,10.397619687247412,9.158136694597587,9.715491113997366,10.85803384960208,10.535983897788881,11.30375691442428,14.530624078060047,15.441921648873032
