script/wind350m.json
{"header": {"parameterCategory": 2, "parameterNumber": 3, "lo1": 3.000054539987559, "la1": 64.9999836372058, "dx": 0.5, "dy": 0.25, "nx": 34, "ny": 52, "refTime": "2026-01-19T10:00:00.000Z"}, "data":
[rows 25 to 49 of 52, columns 0 to 33 of 34]
15.03537277228837,16.76905486185436,15.398601479605956,16.386321323108223,16.396336083811242,10.377398059669074,7.493354098181343,2.7529825979786047,3.5136725664128234,0.24741371107245053,1.5151033866376111,0.15935106677436378,0.868860198107361,0.41818086653421,-1.3515037245440003,0.3262076980736435,0.8083827721206989,3.6777531333871076,4.220118507777923,1.1589199956607545,4.202896723859507,3.5699030277897728,2.6781220401306456,7.975541538450038,9.140818070626354,14.741323943637795,13.368687956372236,13.614655950540238,10.312444921410671,7.873129836863333,7.0179716906039245,7.506835896033728,7.97747112173791,8.222713864970627
14.625242586896649,15.468507541380035,14.117530989497705,13.986062815591785,14.095916835647122,12.048724148088265,4.349962019775864,2.0340345712929566,-0.6331979073700761,-0.9169556956621139,-0.890185253703365,-0.12238888492244449,-0.13639020175342695,0.27841829172368104,0.6161342818849531,0.7562284146673212,1.2382509972753892,5.8166975366631295,4.82719712663202,5.732252969681116,3.5587624825169675,4.00691863455237,5.761651448880187,8.856188156534541,6.956950790198962,13.666469861227966,12.329774813926377,12.723194834704843,10.650172360036198,9.217122863247154,8.358566787118885,8.38552783599078,8.509144389940499,8.426628954550235
14.208521880893075,12.740725214071524,12.511934795235787,11.884755725844338,11.378642008753765,9.598544492949335,6.418081323396299,0.3672460530900205,0.21180791317080083,-0.8592452824218562,0.16120888906084943,0.09082743447296703,1.5317653616398221,3.051358909058509,3.7296792724651673,2.8507245698466486,2.6949510083760724,6.61600955863125,6.270799140303595,6.2720558817780745,5.059772995732138,5.086629246351747,6.377766342966433,10.431046558209934,9.188018049633076,11.145993262068428,10.363056836112372,11.98170099856729,10.217690862494464,9.592800966414714,8.198433378776398,8.85998559380864,8.852050560793623,8.523643735261098
12.816217743567266,12.059074252110573,11.431214595504883,10.051760018722584,8.58657947696193,7.87158500786086,5.606700962985008,3.261498840108073,0.35666582136308317,-0.2234398799969554,0.16431273903063376,1.3191276681771276,2.496275774258696,4.2114444993030915,4.629032352879092,5.847894587553399,4.647054790547896,5.597336814905685,9.191615352593605,10.159067796180551,10.606081392023022,9.434123960495754,9.712965344836432,8.160142869152406,9.191137603967835,8.52477020338516,9.434463605781662,10.40632567281405,8.405404440836099,8.906893334567151,8.06499226526427,9.149514880032559,9.50134182333707,8.7636302691259
12.180985467649839,10.815893328133773,9.922908567507369,8.909901307476634,7.530389429936527,6.4293478206504355,4.59618266756825,2.6962824052273104,1.3070348585291514,0.7944066571391344,1.71164255890962,2.653434769772716,3.3042069095918207,5.4693502954369215,4.818425018441369,5.923985645280124,6.7185051647076675,9.339570113659521,10.798833542241884,11.273743089826011,13.03981683768132,14.401518218575514,11.025574342643472,11.394627916581953,10.3572785397078,9.605062113339084,9.786048980852087,9.100497989584905,8.876007946162527,8.584685736840704,8.69817118726998,8.77696660240349,9.000703870976812,8.760378759136936
11.684628543000255,9.901892040218952,9.365892556177855,8.152949897420257,6.796705191341726,5.726877698234088,4.545525364425887,3.1013706225639717,2.0974999490126245,1.7905663759453831,2.192511221991029,2.596742870281697,3.6685250201460335,6.559489770593467,6.757448119224341,6.648165330106132,7.60922290650268,7.591366693078437,10.804145611853855,9.852930812461198,10.897031676593567,12.042001441656822,11.660993696904647,13.285201752441747,10.93006758850264,9.180391264732336,9.583808085845883,9.005276850464778,8.179467840987511,8.833796898393668,9.21423608800456,7.728026925471807,9.95900148381725,9.350592790215424
11.256488241735195,9.574321513132578,9.0833236873207,7.763986857433416,6.405757243442552,5.384398320275871,4.403682133310427,3.5967624853102027,2.750891552472928,1.7985346849862378,2.1880560768360056,3.0187813640824985,3.860061231329608,6.877726697314908,7.534202474681389,7.4157855566256545,8.24367198934205,8.955429155051126,10.614793869570594,10.920392268418487,11.573201694447379,7.533992468948811,7.906983170601615,11.068092561001166,9.607300473537745,9.454369310714387,8.257233603780694,9.378913565806458,7.740986204587526,8.808277138530979,9.089778826788391,8.529441351661301,9.458754538443346,9.783482083582008
10.533683436417432,8.959943751741957,8.867140733134995,7.309829383298676,6.221886409917864,5.204661886167307,4.589405305495589,4.200907910003889,2.8414729160094123,1.734079542489757,2.145772463897863,4.201145278342203,7.8101075006243725,7.3583859795411035,7.731240529137389,8.157906979561538,8.686106087980805,8.372883964543567,11.608637791251232,11.300256072594443,13.327905563922025,13.921121543210164,11.217930341043122,10.586591053477582,8.645151940803006,9.4271699102665,8.524251025910653,7.873100342980465,6.646515092552626,6.688630796014257,7.169853280626755,6.897746229321374,8.552316035352282,9.9887440275086
10.115793666072012,9.211921410141821,8.271511046271039,7.009669681719962,6.024917553807005,5.309779336546704,4.651947165109967,4.59747228294776,3.2247880963031594,1.8417089964242006,2.738210264089815,4.001762987556543,8.657467737674178,8.559717834045745,7.837711002287912,8.401675019513279,8.508433858961661,10.450896456279473,11.428224701073034,12.576713070065725,14.374753824561095,16.689673076329004,12.074228237013449,10.949858271849909,9.506069777048817,9.899822372450032,8.889519173282164,8.105215163184788,6.411496489392308,5.353357634841494,6.888546149796656,5.197858678122733,6.690901609333255,9.8261194985059
9.67449098189982,8.938773232925412,7.707072881900027,6.5970731407822,6.086306190745155,5.2205387973833846,5.030561495144619,4.6230486028625535,4.352257938619424,3.327017557978651,2.663379821782212,5.548380183389616,8.87349992511333,9.89630456358014,8.693963940878724,8.106878782793153,8.89906042684879,11.43896857229305,11.377086899107944,12.982128607533898,13.510175772616398,15.328663932894179,12.387689231560193,10.26819475346533,9.77087118903761,10.407807987930786,9.286128336121882,8.77419040076825,6.884017806334722,5.233654788028256,7.052272723890039,5.099427460553278,5.26440071956139,9.172782669101318
8.970211616212106,8.34917928548626,7.433356779062111,6.2951672004550785,6.016643597116427,5.3648649777238475,5.2692176924836245,5.244300044574662,4.237571203469532,4.796815898199156,7.3675206794859465,8.331234709186027,8.95832305734565,9.296704808455663,8.76165231616518,7.801223663246385,9.212538399625652,10.797584768509347,12.438973629630931,14.502915846702935,15.490662265260632,16.32871851540718,9.546920943365176,7.987609232643167,8.670404033779766,9.775100251235433,8.22358354086729,7.326605793295133,7.58772248747794,8.455538661425466,7.885741271179424,6.7732058457380955,6.088667427056919,8.243357099041457
9.182787333962148,8.0524131865399,7.137654475855567,6.097352049970947,5.832362976893662,6.028203053734956,5.780206364427369,5.586949621376917,5.244001468061495,3.915609686625085,6.445698461791569,8.886712033871207,8.96087346710573,6.707332967996997,8.791830953898122,8.817285993932826,8.405335237331233,10.6700851415072,13.158215735306463,14.637735010048287,17.850103464569436,18.25724091418486,9.911282905610664,6.8741582383313204,7.823999972943715,9.36130322572199,9.549627046106853,8.489932465734014,8.177517973169191,9.657748492564219,8.087732676820407,8.040387997323855,7.3979471683636255,8.010056330968146
9.344528419035289,8.979749573230949,7.297367974252795,6.495239484116986,5.80328768010439,6.304530864654956,6.473014411390383,6.102273887918288,5.494549446347112,5.590616244100546,6.130982256375623,8.038906022829055,8.371807701717744,7.998453821130296,9.236596549012656,9.842858335836912,9.688039511827574,11.59159607111428,11.814341872897412,13.117109821473196,15.047589100369937,18.35244813576048,11.675167848605573,5.941651558983702,9.016986906447837,10.54400689465526,10.91311434495566,9.940689177128592,7.564880216139958,9.190233746190602,8.623726344130741,8.259604002616415,7.807125021638606,7.967975221182019
9.816350567483944,8.878095678666961,6.684224835701005,5.998986952249235,5.917323604988616,6.334760199570737,6.9686405405666525,6.76690672049853,6.076133356696579,6.778106289424703,7.117659679632336,6.26285230024382,6.184824907648543,8.44685539005775,9.61537965933836,10.655611696583323,11.28486124260602,11.994229819582637,12.162524962140926,11.880631769166127,14.99286784338588,14.171355837102007,11.504046584107604,4.420517856833037,7.500815531253205,10.356514179425675,13.446813469830957,11.59141723405795,7.702359534732713,8.549619989191566,8.04233023039571,8.766730644257322,9.115366895514533,8.22658759889692
9.505578878581971,9.253982802762302,7.565851866147957,5.612547440299627,6.09784558336946,6.549986544687645,7.24555435813001,7.233643308885851,7.17656421156646,7.537099569267083,7.3155376376987515,6.264109751010684,6.059827682992242,8.052162318947792,9.911623413577608,10.13741951064807,11.083254352306799,11.040833597810527,12.70495216008647,13.465712604214781,13.412291406530478,16.953939313397264,12.806295638345278,6.494025824752217,7.410535127234848,11.276731842373344,14.813969058727976,12.159963033434188,9.006242086660782,9.579555329430507,8.517737118158493,9.240946236295182,10.054172058007014,8.47663220949603
10.893625495434936,8.877651560287324,7.954998563887207,5.340282908771085,6.0425637251424416,6.798785353745955,7.419501415801072,7.556525063857421,7.487380226203375,8.440936986778928,6.4435381042225774,6.677709322644883,4.889337923694742,9.387150791459613,9.199570992600794,9.727938144826595,10.84373616924987,11.521628264192712,13.729380810856332,15.596991201386874,17.83283827014016,18.678611757549596,14.408683205690382,7.147410450267147,8.31903450079316,14.712053389397928,15.490703892103806,10.829676012106004,10.472407124775833,12.505356181517497,9.774813732907672,10.7350397744562,10.474881707444457,9.242295305660699
11.215513501755497,9.268123002944742,8.048838302782888,6.621132483667805,5.65580354435422,6.675689760222497,7.684259618056064,7.391378999831798,7.426249631046012,8.76242539387384,5.927445400350349,6.899538729346942,4.828010059282927,8.580891802756012,11.391406078446865,10.416699626645142,10.091824282559818,12.311459552543461,13.974970842910002,15.073267127846275,16.36787616211963,19.85026516895034,13.5189566664968,8.953572143930689,10.105710462905817,17.731966221716963,17.351834999425957,11.504201607589154,13.056480401035255,13.8174223058114,10.876100995073951,12.313015537909541,11.683915484637447,9.622825778218377
11.735394032218265,8.942741044581776,7.951066869964391,7.149240816670029,6.60399416747689,6.974857193328228,6.975608032549166,7.53931221407366,7.430252794229287,7.656525478674867,6.153432172629543,7.6182561372393325,4.684181346564611,8.811540581704927,12.798370415045987,11.142907246309788,11.023192192383608,13.374794578663415,15.729981192409625,15.458815034002827,16.567116799856596,19.912121346326575,14.647526719823242,8.593501098922015,12.382493479185872,19.423890943742272,15.603705658917377,15.385703922425808,13.453165757749264,13.079082606618561,11.6585822822523,12.055263918137994,12.205900018624082,9.080212425871999
11.03536958810893,9.64631383768786,7.629702005219127,7.782742135824508,7.72029377583002,7.443079769130382,7.109882248649906,6.939954793351621,7.140340338639124,7.627258425837611,6.8085185433962545,8.154588537843095,6.7347251022509855,9.597860176742994,13.823934596530318,12.322155256547719,11.11117943057292,14.841508136509114,16.797697336613282,16.493397700054512,17.635018486762483,20.048822120367728,15.462390326163485,10.610642029264204,13.477150832103993,19.537601141868222,15.303500959832757,16.773926574618503,13.113167211143075,14.56608488155824,11.710391255438438,12.430941662688527,12.679427600790062,9.751128254792851
9.451492368658336,9.00692471381246,8.050930934376543,8.470701249062126,9.093006034316216,10.017440542943998,9.296987207466284,6.033000051504979,6.603994140948749,7.178552036012238,7.047539240364393,8.307895851557696,7.958038012838904,8.718457926449743,14.676077676757664,12.625697843576924,13.757591323996811,15.618703149511248,15.399919586534143,16.940660169997262,18.61990375846651,20.614758827745014,17.21473238537257,12.145007362780637,15.084175479482973,20.409805046911337,17.96620486468733,16.537040061887033,12.05709157790702,14.104857664468962,13.501407800454773,12.750691642368645,12.475543986753799,8.30486815615189
8.763432767907554,7.22064582146579,7.076651291978312,7.371435258370607,9.664561058559281,10.105747729283909,9.020749647899297,6.714663744289231,5.139518818340049,6.973599248141997,8.11759467380275,7.869534164951174,10.015977784818938,6.995764187085567,13.840982062228987,13.990505837903648,14.833735363755926,13.70063716057078,14.515227656102377,15.106665243716185,18.703333375878643,21.168924689492183,16.932984835211904,13.496822901108647,16.002254028817102,19.3276567340726,18.1474718543456,16.235629535933874,11.18862944687357,12.861750759011779,13.263108121778089,13.020464390931869,12.039567411953026,9.789161889545433
7.577854141284769,6.7812368698772785,6.412632519672404,6.126301777603351,8.139702797144405,10.066061402479551,8.652449569006661,6.519985723390869,5.854743788398504,6.24555319713453,8.563327850344667,8.05510256252023,11.139260172635632,6.894725884174495,12.52611995184195,14.67885331116741,14.307164407519698,13.484687895624164,15.977910700613013,16.254788639687455,17.13701420888025,19.89660357031523,17.25688118757814,12.953076263891594,14.319656598729157,16.97096882455503,17.151298226139403,15.614639341267218,11.23469182223416,12.569397817724953,12.738803233247316,12.649974389761384,11.064021921397604,10.289253137634928
6.687278323526329,7.127896112201039,5.636831754286836,5.111062618046813,6.196655710389465,8.833944907472647,8.783800623831796,6.713102313270961,4.731176033554578,5.023871178867483,8.834070711790885,8.719529947523323,11.96085071134078,8.69746814192104,8.828842857771315,15.224443340017718,13.862836276106664,13.536043129916049,14.480869210163036,16.24991777337973,15.675382587825897,18.607593832432386,18.223997974446988,12.398863407093373,14.446759838590394,18.262290055147652,15.239360368909436,15.237319746506742,10.23151554504862,11.906034263083049,12.717946073302103,11.759780026486387,11.108182760147614,9.058512180183863
5.4473453606857705,6.222106541905868,6.8398259176694065,4.2426515001376535,3.8047197373803288,7.643359127289176,8.756277128984499,6.735925862532077,4.444621416273541,3.369045452922633,8.572502008049963,10.967401816811,10.064852628960496,11.374172956944808,9.543181968700523,13.32855727550019,13.267979163669262,13.064171608852371,14.216064778888418,15.457342236212064,14.907666742121638,16.632735873045476,18.50037702784446,11.927499511485593,12.672338280728988,15.260613167961303,16.215010508437544,13.55298386647099,9.5265721277679,10.620320825378965,12.681240186973326,12.400541729162407,10.553823363565572,8.827099135197463
4.817019585666834,4.570896618898271,6.2256778623390865,5.484605887444279,4.48637802986955,3.643630407911175,6.669712765927191,6.249652917620785,4.267011079393877,1.465358825259717,7.013662482767919,10.864501275437423,10.183316321447592,11.966170857850713,8.364304341225468,10.445740315042157,14.236263756151013,13.311470800929538,14.17947009460404,13.995339273619997,15.647483976151829,15.951979987162531,18.45529936071417,12.252344282615255,13.212273143243229,15.130556890531368,17.02262139569032,14.945697025598491,9.407932642896702,7.954665893072698,12.66921345400183,11.566098454515684,11.326430925960429,7.928775625374946
