script/wind10m.json
{"header": {"parameterCategory": 2, "parameterNumber": 3, "lo1": 3.000054539987559, "la1": 64.9999836372058, "dx": 0.5, "dy": 0.25, "nx": 34, "ny": 52, "refTime": "2025-11-27T21:00:00.000Z"}, "data":
[rows 25 to 49 of 52, columns 0 to 33 of 34]
9.556938900833746,10.20345350422183,11.544369885058119,10.861313828031125,10.284097772012831,9.535881953096403,5.237989688575294,4.029855309881908,4.287931767820942,1.2522394471708824,3.3452322712926725,0.978447096815196,1.9600736932421008,10.758077996420612,10.563264774261974,10.626431308271135,9.665026445960455,2.920291026351157,3.2057004959083852,3.8211852603317356,9.360376829266649,9.931801256078286,2.851699616236285,3.291562391518959,3.7377241225970756,2.8731266119391847,2.726516313440799,2.608583859824011,2.668658636604042,4.921009234481107,8.458513497732412,8.81072020539913,8.982358845086242,10.134922188382884
10.645283777196864,10.15838566815368,11.038200179937993,11.06100725102618,10.180081451810596,9.26148613029955,4.313848889602871,3.150973246988306,2.373349175331214,2.2579357350349514,2.463999053984509,2.839295287569687,8.779804464557351,10.85667260526471,10.641622624190159,10.217465552713538,8.999481557323463,3.059869857518041,3.23714620979078,5.758089971150957,6.212009413400904,5.1998423519794965,4.359591920814431,5.13541906733503,6.206751166728823,1.8988368657585253,2.589688305531508,2.3817027331732326,4.481608175644589,8.60928528005783,9.290958399138463,9.53411963267515,10.400763207066696,11.329463212085905
11.190889948346115,10.381180671628755,10.86806448499528,10.67102690026334,10.309860817820317,9.17914604005195,8.285599750021762,3.8466666966844247,2.827095248828988,2.2924150693865406,2.2371519228617025,7.740626518358931,10.311143768287984,11.3599084530615,11.249790281968197,10.613059008961374,9.204546519858239,4.617341002315844,3.6679971403732554,3.7678846728256827,6.882045613336248,4.582788636067942,4.030966662820101,11.126590384164489,3.397101080005951,3.804809327153244,3.0201116026102497,2.4318078867987065,5.1307156889616365,8.877796133699565,9.754594429441168,10.508602668780641,11.585827817068456,11.06832318871453
10.835923359641694,11.34040434313079,11.186583241900736,10.331068083118765,10.271867804776312,10.329818619780129,9.328617500578689,8.477860998326953,6.352956498750472,5.265167074876438,10.292949475768618,10.21670868941458,10.9127096076892,11.714433281565215,11.615868551696776,10.407082784544059,9.352535598530798,8.02535733769573,4.194385316556693,4.111808025346229,4.620620955044559,4.90221198801983,3.3882585417293067,3.7509343980557888,3.4083864797720387,2.50477609332908,2.7232387279032197,2.6585050971629145,7.676871251793131,9.285487798707221,10.59048330804333,12.273123422065312,9.653961540042078,12.426136802707289
10.908362283009406,11.763862549724552,11.442173989461018,10.874754928196271,10.513608372957671,10.287120505987437,9.72564546688007,8.812950163136964,8.808636658240415,9.588658091233777,10.608518960843446,11.18002087327886,11.905291372167095,11.537485799995643,12.270629950518588,7.299619871147315,9.975874801111795,11.455409318991716,5.441631499935467,4.309839087564707,4.149898141001904,4.1192608131070605,3.881222388784863,3.5658104163271003,3.4977039122480718,3.2628954210286887,2.76516599561813,2.9029278652178867,7.936095024310972,9.709732714593477,11.319795769470627,6.703001119597713,10.32332788840238,13.375879564890843
10.644810411800627,10.987176355636068,11.362771350711993,11.1189533905745,10.820443656584041,10.568542733519633,9.719151142766565,9.246702027837268,9.242727214990335,9.737563495976378,10.730969084769251,11.472132086604596,11.900101057464445,10.671665155188803,5.904355782742282,6.759123943106775,10.228227743269555,10.521103900051232,4.131741063597055,4.139661370551205,3.5341440899639815,2.8180772464999886,3.1160578304635878,3.1822348128797904,3.5319438775753382,2.698263938594627,2.897712486120705,2.9768013959225113,8.986422187263063,9.691818557091828,11.965125561542887,5.285878955164946,11.214184343900248,13.821631665655978
10.80168755303502,10.896890395595415,11.00768302732579,10.962162329022824,10.995962337449278,10.471582067259614,9.607525506520355,9.269536624173645,9.340106914898714,9.513309178665853,10.163658804525198,11.360894946765814,9.612671033275939,9.963904313476352,6.662341665254374,5.105335284124035,5.31073377639605,11.117200975017907,11.71931651809078,4.830309088781181,3.6245393863739084,2.7581197798605714,2.592208918560526,2.6882753763710827,3.267047359643779,3.03178034983,2.66039585847649,5.053214936848597,3.5200019329977668,11.009407060511508,12.228005360700912,6.189250419324989,13.264502196305305,13.367364322783349
11.342404757067252,11.620874854358798,11.69833318102122,11.048340287800418,10.741641492903357,10.53330918348838,10.104631340894258,9.229537086444005,9.247020798508558,9.615419489421416,9.762970980192863,4.397332780087889,8.899422507103495,6.910092248613782,5.4748747269979425,7.775223521759062,10.359124202458693,12.260195295465534,12.759160382276301,4.97004518200629,3.2909986563904132,2.510068215397211,3.316954181398574,2.6957910553113895,2.944660280639681,3.0591955502611214,3.595262535357009,5.142433242946559,8.733187957607566,12.122678685065702,12.118772875858658,12.532191303110139,12.896326953153583,12.317718639523228
11.371401921950978,11.899596410740914,11.38869952808479,11.420047611823673,11.049957129188924,10.894488725160027,10.468000085238733,9.891148327260531,9.027281201166335,9.00768978329151,9.606513989584348,8.280450662024327,7.405262008423931,6.792151754485119,5.831154467939198,8.133578700830968,9.744705038461712,11.408027522347334,12.392936788333243,10.460097481513197,2.5945762673106683,3.070588125203376,2.961491338195543,2.7765858105462455,2.8990205238653766,2.806859175999281,2.9060079024842556,7.733319063199087,11.156000179159216,11.460568205005442,12.063587867316059,12.599491433582937,12.477793514822388,12.179719158606432
11.487669304280889,11.58438077128813,11.594959352710742,11.3464987250204,10.460527126491485,10.608874984110905,10.239659358377825,9.730116881559447,8.80118259559088,8.577601659244626,9.380225650978241,6.901224246576043,5.44085861571475,6.218333909982938,6.027901509007539,5.9208222803102055,9.75240071163543,12.313387143549699,11.7788921230168,10.822751095661818,2.8905322102482196,2.3343371807949054,2.756072755974448,3.037732477722876,3.348732439451784,3.2789983027211607,3.5221215668858488,6.967088452761196,10.87288874828557,10.7690700660803,12.304953494282453,11.845392881349463,12.0152879674491,11.612844990775864
12.163060603648173,11.82141318896689,11.565388647168088,10.874483280226283,10.018040241512526,10.237675900127526,9.688100503061957,9.434473898054092,8.943984757385609,8.728297831203001,9.163055779626069,5.520572616948814,7.586291145525651,6.310189207276691,6.3993640133804615,5.700675035776518,11.265845753841216,11.95846865151237,10.518734791743485,6.141097820820754,3.3280472287624296,3.272565512622789,2.4277293079279123,2.2648677323328026,2.820811189013527,3.6478745890701774,4.280024958124188,9.247293910410423,10.889724925910063,11.203740394058991,11.725068155051334,11.095966135519813,11.308096204403368,10.94410412014053
12.428042456410257,11.440410223940974,11.65832871737473,10.228769275402813,9.953215734657974,9.718816205265362,8.846098813015248,8.862366580556095,8.974262976442391,8.66657447047857,8.974245834845552,7.125149867143424,5.370150516896419,4.6400458712310035,5.937151628999761,9.624351246120463,10.696887425693118,11.126585212718446,5.135246360587098,3.3683405401574125,4.609371322497686,3.4813276206013226,3.0058534242453736,7.0996005018549715,9.273029005012877,9.695077439725765,9.99685730615573,10.088698760956811,10.760133313834151,11.181838592802501,11.182015632529298,11.233402007619963,10.770847956943983,10.433849859909891
12.438969119462193,11.588826451439918,10.716556689154709,10.043473149682963,10.16949881446271,9.228318527442624,8.802057541753822,8.584397589332271,9.252288731067067,9.14451297616002,9.473654009856476,7.074208984214793,7.28196380458929,4.891405229354074,6.695177842595638,9.056111592934025,9.886382997943851,6.579962131380582,5.01899651799853,4.224950268628276,6.298786866964111,4.959695770701476,3.5583734321492257,8.76077182003741,9.816770745837166,9.742383343670806,10.175573163657923,10.73562975502296,11.443565998714654,11.710352402589452,11.49733970921276,10.937856914540651,10.184524182996894,10.125283526453291
11.97028938944373,11.44438261655195,10.756491320190133,9.907481797793192,9.997715843438785,9.453524175216863,9.449136395677833,8.515739005432073,9.486360741819752,9.598299106682887,9.913129039684302,7.727576153225928,7.422940746577055,5.459786289824854,6.252496563214325,8.015663497560904,9.311846116756655,5.531801290371864,4.9307368918282775,7.370710931495173,5.742306094860858,4.804987588606389,5.837106430686318,9.606803404675878,9.817850312893034,9.18656027671255,10.445711454980314,11.365139192534302,11.815984203944176,12.199654654454413,11.101292481675005,10.124178413303309,9.590332783087023,9.915319301707704
11.927612425880868,10.9684388146379,10.60511221309604,10.609430394243637,9.181304249549857,9.777195659708443,9.332374845428179,9.162948512032367,9.90934002596413,10.173299670002704,10.748038721355101,10.58856431701686,7.283864145397566,5.741481226169352,5.6914781869054005,6.212436176156608,9.961610916853603,5.855356467657366,5.076585586337047,7.947828355993511,8.808487323415797,9.190972618064196,8.36948977706262,8.894916252985324,7.908737849928055,10.104924466805347,10.819750529422839,11.498915478674284,12.033899907967632,11.583489515415465,10.956458413258664,9.910863386140877,9.541332570457973,9.16537530328677
11.66816668641686,11.36236077520048,10.915715579181677,10.628826622742293,9.509529975084801,9.680466512856476,9.48403506173877,10.085632257540436,10.626629973640675,11.047198693635345,10.208637935731595,10.548882150000123,7.056722984668386,5.928323167372437,7.135019300774487,6.736375360643613,8.94055943714462,7.607796297276697,5.257816848329361,6.841465064948103,9.857811566813519,8.637091599447931,8.339763880454754,8.686990084792926,6.758205734043946,10.691422498730253,11.369610810445458,11.980085880721319,11.62911393127141,11.25971840287291,10.372184341409362,9.569967541010795,9.385014051087218,8.961790196967684
11.715242829265426,11.04642681397458,11.318752455293234,10.446910802751756,10.165660260674523,10.105753458699022,10.120034529196225,10.423576527265118,11.228228987690505,11.113201464063703,10.617422438096838,8.417515793546794,5.234233587312248,6.030480776834281,7.634204288846733,9.386801930786184,9.457681464411584,5.9357084974789105,6.384858090127519,10.283497607331084,9.189158167992765,8.550425671145858,8.940357755370197,9.883926748030047,10.547384380035288,11.403383906201835,12.06176901760517,12.182769762116619,11.417967123810085,5.635718707091371,4.91964748571383,6.825559761078308,9.239026920543221,8.992311367984817
10.903093296426022,11.263139675695708,11.349603641825778,10.472185375445388,10.150868423419547,10.158569171556167,10.422492075568629,11.574083678764596,11.990623999440071,10.995862694496822,10.814312973219797,10.210826275060903,7.423039365256863,5.533319189461299,8.20892566528705,9.13217054594865,7.618411963404069,10.907846660183687,10.938884273719932,9.711833591222323,8.599461002938693,5.328524763439054,10.186838111790998,10.49932340535878,11.24986114671861,11.528007238375682,11.85299603132445,5.616508316703474,4.381051711522739,5.240331424726871,3.93707012835844,4.196279903842413,9.595826495304879,8.685865583909543
11.660810978239148,11.654071638722659,11.476327105308167,10.707406703950165,9.772996012338416,10.217471559769972,11.549223816717141,12.210849575909194,11.914611638275453,11.707460286244046,11.672261382151842,11.168025358398669,6.620727018440333,5.622241723258416,5.700970000207887,5.478770358536227,6.177166152430995,10.820226210483778,10.111305985052446,5.297615164968297,4.168712800294084,8.27939349579762,9.189625872661647,11.302490796064088,11.921295655345748,11.603305714689357,6.689444346834345,5.298308092910899,3.091104488191214,3.1682010054239504,3.9992603832101286,4.755573921249627,5.189220715146094,4.7997680104698235
12.095622347922378,11.972065235833561,11.555319219634715,10.435719873572664,9.566959261703559,11.349936158137051,12.843622221470095,12.590488446419904,12.111373965760725,12.305928649238252,11.679722584117682,12.02265496821156,6.6734461642046945,5.65264688095019,4.5338425871467765,5.06919504889903,7.344372013731925,7.0869354731483725,5.056395760830661,5.612288546673467,3.8169948037636194,4.954035888519187,7.513508578850863,9.652081552051888,4.489406888877237,6.547154761295343,4.572417961547723,3.3426164131769127,4.140813217214574,3.060891870133958,2.9479872034478336,3.685425070520451,4.935808483565678,5.513680420781891
12.029301604045981,11.388887735352636,10.889161654457679,10.282374955888528,10.609947960582748,12.79802063883069,12.664436866384474,11.9163746641033,10.969321563641422,8.835589158912757,9.239390025523555,9.620995686663562,6.533073402405135,5.977737121259304,4.448781111952979,5.663371421427067,5.606299360654747,5.749883671772097,5.999914425206817,4.281996626521392,5.437334715277238,3.8932542406057653,4.839765872986309,8.592819493677801,4.028209950158036,3.9994484669483903,5.022346549339019,2.7366610037460277,2.702683558256767,3.522852045787921,2.7007446533454944,2.717725836432114,3.432757477812959,2.6419160957895937
11.713736760787516,11.354206765383019,10.460967388095758,10.480926720926185,12.385167280504312,11.248267481451458,10.925760150787125,10.130929698519584,9.448639458373009,5.421629775528567,6.253622271141283,6.815067457876299,4.191045397659921,4.245244013718677,4.125176331852898,4.251666672983241,4.212069842639986,3.77229547942991,5.277857897875206,3.0899061291900396,4.989806231208529,5.367857442846015,3.949315906931102,4.0727772276916285,3.9623110748523636,3.991574804887361,2.9798714051124704,2.6008750326646757,3.453780479348715,4.21698917002673,3.0928217168143677,2.71490890681668,3.8835344239984595,3.646858905166548
11.15324543738083,10.752641561867772,10.269404899558234,11.104991424716044,10.889216269801851,9.805126874984404,7.2153532129890925,6.603466514657699,6.358310258600167,5.919874564968202,4.455918902282764,5.642389218887011,5.840412747953032,4.809056484219131,3.957752938028962,3.3031520158478855,2.352893279633511,3.0163661848619365,3.422009482473106,2.950853371050627,3.4699857977080657,3.9522532828787442,4.240608044874597,3.3717100882507176,4.7121322260684435,3.456001362600702,2.666012959977522,4.347941494418843,3.714006015026851,3.261339292501955,2.0437892669491133,4.451540925146947,3.596623857346794,3.991357188756234
10.609534505028329,10.229241161600656,10.957627576992522,12.915955820596825,9.807153505396627,7.663928944006851,6.045021037836014,4.981819789243396,6.552321927432727,6.404725748612104,6.198850102935214,5.615491785822812,4.915991931873523,5.340346391318117,2.9504736682177315,3.151775103637851,3.103919821078948,2.69561686543882,3.1024508808920035,2.840068465920756,3.7195336615982506,2.9891138218130395,4.588053062461508,3.568320336293987,3.8966921643691754,3.1954219257452965,2.2733606226098355,2.8135025278385273,3.2148259698503225,4.020853583867548,2.540660165341691,2.7558159309810875,4.042154003100821,2.357458416966017
10.69316396413925,10.321029023258996,12.31418007276246,12.805179489540524,6.554436884045511,10.700494861278266,6.5546068396548325,6.356067183561668,5.885087862923708,5.623429981769659,5.723589585929948,5.88627254575014,5.681798468815108,3.000779741128945,3.068130836115545,3.0675991213031177,2.448984406667399,2.6176441691777463,4.360294711673172,3.519606161499946,4.559189921335672,3.1232097053013423,3.1015749860868933,4.595320069485464,4.2882626901997405,3.1231068728626568,2.307037273003608,2.2980870709825414,3.529653339512786,3.717171721153663,2.621230618547921,3.532285090442327,1.9689704776120691,1.7993387200049373
