script/wind50m.json
{"header": {"parameterCategory": 2, "parameterNumber": 2, "lo1": 3.000054539987559, "la1": 64.9999836372058, "dx": 0.5, "dy": 0.25, "nx": 34, "ny": 52, "refTime": "2026-01-19T10:00:00.000Z"}, "data":
[rows 0 to 23 of 52, columns 0 to 33 of 34]
-2.5061965336099417,-3.1900590882319535,-1.0805817051344764,0.3992034599456513,0.6649823048697471,1.435521745641715,1.6238879281855327,1.122614019030073,0.8209215124363594,0.221164232327783,-1.497513337532484,-1.9902591223608321,-2.5513628433199553,-3.865520355394577,-5.21750155826084,-6.4719127875836975,-5.114885180582236,-4.751328012154525,-6.420654204319828,-12.391019167893404,-6.521734684301098,-4.091784635428877,-8.325216926232468,-6.491432999141489,-4.527899051912546,-3.353496836861148,-2.4567836286953,-3.829495721742255,-2.004623959279779,-2.531692404813953,-3.6011085762396005,-4.411676990519719,-4.018635935182836,-0.7056952647058704
-2.3438291132793587,-2.3590512095623524,-1.64639239767409,0.07530771928820072,1.225499724581523,1.0356573755002394,1.446980416117461,1.174177979890438,1.3075692570920823,0.45269925518840903,-1.0627578369316608,-3.2678330374734057,-2.0447901913746938,-1.4440229023346134,-3.086758841519682,-5.086798209316324,-6.9707437551054685,-5.758143304825712,-7.895931829801844,-7.2392894217606365,-10.743029422915615,-5.948161779478509,-1.965893971683012,-6.611111475044499,-1.4996306618476638,-3.566221387668182,-0.6554931083009908,-4.072826146137486,-3.0395533256478946,-1.9530218755038702,-1.8814259893855563,-2.7760010356786453,-3.227713374898672,-2.8768238011512417
-2.6993469463766986,-2.830436826018393,-1.0140900152666306,0.30848870137559453,0.9028831206655837,0.919592340751104,1.5177461603107423,1.2767278081379574,1.6587645278443135,0.048735245731873995,-1.7694457654047877,-2.728112922468128,-1.493848481865003,-1.1165835214692332,-1.165728405390355,-4.073192459018866,-3.9707793473230537,-6.148482075000008,-5.688457827251928,-5.516727304150761,-8.474156192416272,-3.386622416267636,-6.618521570769778,-3.6840745731151907,-3.4430983220611515,-3.100472166164172,-2.953594931926959,-2.756357613205169,-3.1241411541099433,-2.4999228115741428,-1.523515533164686,-2.0703940473993874,-2.3234048076207925,-3.139456369510828
-2.147635578096924,-1.8837060435592112,-1.0862529118742423,-1.0334480199871174,0.06118272513421832,1.051683218485311,1.3657122538828903,1.62299061466359,1.5484163665709068,1.5237683864152478,1.7959210714849823,1.7331878549006123,1.2265853936049174,-0.9866892451890319,-2.36571600699591,-2.164107297799861,-4.263126385659843,-3.7780140621542495,-6.852173825790008,-1.4587326112784729,-8.133066761097217,-5.930455575633485,-6.478524787069738,-2.700527605571803,-2.7883459362366567,-3.5798908911499625,-1.8796249229747723,-2.3185500095834564,-2.872363167135606,-3.4460100092131003,-2.5292274520824827,-2.2045106886374963,-2.93580302587342,-4.171391251024413
-2.3411465553118,-2.672541599697723,-2.025390850932419,-0.8891668889368078,-0.5549918128070371,0.7196240695391312,1.4588833856773449,1.4808960735444032,1.4490935230128514,1.877165867524291,2.3347069186749945,3.487480841410713,1.5690568341062225,-1.7329953169510464,-5.562850201066363,-5.700238391023907,-2.527518946902584,-4.019293430495202,-2.208426428307581,-5.213041144879555,-5.721890561436708,-4.102522107688255,-2.7077265165871935,-3.136840864382974,-2.1504775272995658,-2.9560691596032513,-2.952054520653769,-2.4951612200424687,-2.0060100777517893,-1.9283701572228424,-2.1729849637478575,-2.853358020341651,-2.1256485269037793,-2.5330430123720835
-3.617675062219456,-3.1562024443651313,-2.3757622121096045,-1.9256673409897607,-0.3809111826789755,-0.2559750595038523,0.18505564777811012,1.1229056908666089,1.1680091544549422,1.1090441592888085,1.9931633436539122,2.6660492618635163,1.972560137612461,-4.125343675739737,-1.7695118760458486,-2.0872097301100245,-0.8221470231117828,-4.8477465019664825,-7.175028416087866,-8.62934972438997,-4.414100689789325,-5.233053538740049,-2.1329618850310053,-2.2077336274894632,-2.9045219921514587,-2.653769601126271,-2.2430274920831446,-2.621533004483012,-2.478737639632967,-2.702548742408788,-2.215963421623607,-2.535202354708657,-2.087368450016195,-1.7401386529119962
-3.028450683406964,-3.703958079725858,-3.1979940428013505,-2.537931828758233,-1.3450649836868174,-0.7472905390376309,-0.6771729406292328,0.11222982672119672,0.29368471426794374,0.25722464204886736,0.8357053851375466,3.480663702297882,1.6688768508633656,-2.8354882452636008,-4.111277050503761,-2.4460823414334247,-0.415933349371512,-3.7194060791689743,-2.7309617006914353,-4.293583221190304,-3.8059121350440486,-2.51212942738684,-3.698852608217808,-2.9953661977277912,-1.9555523630439173,-1.4437938097609853,-0.9383050017637354,-1.8909296984799557,-1.62434364130457,-2.2300053598944354,-2.7405207223134687,-2.1560456302470254,-2.360393629878743,-3.2267005832896274
-3.169863806134952,-1.7136618640435737,-3.726798626093328,-3.1753120349306823,-1.8793708831505274,-1.3989618864003253,-1.2876699684267217,-1.1326003841101333,-1.1904345281476643,-0.46907524982605636,1.6740266447619114,-0.816277206712263,0.5970965038425238,0.35083792392995267,-2.0727172194204355,-1.0976257979419501,-0.9465217703619595,0.39538490616267885,2.2034202908626717,-0.9545139469899364,-2.480005055013022,-1.342080538330237,-3.6069683792486145,-3.4913740032679557,-2.0801375313071953,-2.5229723776116777,-2.3247506861445486,-0.6528008314314918,-1.9161938422524663,-1.586285692165003,-1.7410704990465005,-2.7008075685755393,-2.3054851615442287,-2.8955115305495664
-3.934557912394948,-2.380749269560521,-3.5739213062855315,-4.160059093333897,-2.7383627389559404,-1.7272269627113113,-2.0240126986670037,-2.104261871423527,-0.7079480995553421,0.0055439075603859675,-0.4986245975253465,-2.7226030425753964,-2.7921447078367927,-2.445137211431318,-0.6701745261470067,-4.054898537757557,-6.357275019580858,4.0925351524327525,-2.502388552733559,-6.462340190652648,6.446376425153728,1.2553497081552563,-0.22803272259372764,-2.3870894660995643,-2.3790636490561057,-2.2947644272467587,-0.7911032071793966,-1.2507252444033805,-1.0461130396544809,-1.7266804812948537,-1.0822410855307794,0.4520256710300108,0.7391089023279828,1.0638425837436256
-5.00250216843496,-1.761969938186516,-3.560190118149931,-2.401018468874908,-2.9056350956825154,-2.8057204848391355,-2.4724098420090064,-1.3938891112901977,-1.5276859776024971,-2.266144342886579,-1.0922710603303132,-0.5227638238585526,-1.8500099104534566,1.4418160030699816,-6.102249011573794,-0.7093629704417838,1.2436947372017908,-4.752809145217005,-2.2951040216260417,-0.25960786008472153,1.5692472778444209,1.48814016263544,2.114808817639737,-0.38782469111570006,-0.5737435743480601,-0.46261139047128436,-0.717351038041968,-1.5898544880799597,-1.877376335616323,-1.2357996671263678,-0.035222728971849006,1.8226877476610945,1.1938236045175699,1.7204492570816048
-4.95228945877029,-4.8921175845537235,-3.3500633168299783,-1.248176991638815,-2.034030251090508,-2.7647552370135418,-0.7545215854205316,-0.06053540460713903,0.21563036064380756,0.8315424823106157,1.4536042992333866,-4.531150551055156,-0.2974678446229207,10.318316332306974,1.6944841543764548,-4.0671282847504635,1.6952668439475707,-0.5704675338274193,-1.2652371545411438,-2.806167475314337,0.7778538957549995,-0.6859927214617867,3.4670865426834627,-3.7255632324311088,-0.5752078401504963,-1.2454434176955378,-1.7599035251896389,-1.328366053055794,-1.8033109816259478,-1.1782565200409445,2.3183058078633065,1.9236333822833587,2.1200975855220734,1.9409901480218883
-4.9636954203696115,-4.428712111001549,-3.0719851012835284,-1.0570104563134541,-0.8004642402994038,-0.8478014233581558,-0.9486063724390938,-1.6732736440993798,0.6850806593113137,-4.347479970776892,-5.680265597832522,-2.660560691115434,-4.953110793424048,3.7439372934731816,-0.23350048421480074,-1.295750586088427,-0.8802130007700368,2.412982096271395,0.4782079133029685,-0.7360054678091024,0.6475428605260573,2.697048423530216,-1.994210350797094,0.8063354048485508,-0.5703635211852511,-2.4165728919300715,-0.5273314633409978,0.8353442000121863,0.19277326859863136,0.9486543472865219,2.0183263177141133,1.8197896508937677,2.066391570403285,1.5092172177675205
-4.745518808192777,-3.5405491054964333,-3.1442560725369653,-0.6892158026088464,-0.05050040311267749,-1.3043112254132658,0.9030782654590068,-0.5699175495885401,-1.9196425380316207,-5.608640604758203,-3.9021929161362032,-4.3368166082184265,0.05017367042011915,0.15843656662493932,-3.8763591242274043,7.026567883157839,-0.6422571895608382,-0.31122560807697575,-2.8400851420022306,-0.7416974979750028,-0.4816448995743366,0.9404760594564694,1.9477640637991063,-1.462645465012958,-0.38442378850664655,-2.3094133833565182,-1.4865148452986816,-0.4289065897210946,-0.325433429445535,1.293770337212896,1.39465093094735,1.0323352824093588,1.4370837615174745,1.628035857079604
-3.6997657922394405,-3.8380866639557083,-2.1219090200051935,-0.977047678056874,2.326149700297069,-3.03822379568003,2.0221449143817187,1.3868854548283784,-8.666021294969644,0.5457672433164366,1.0593718770012306,5.559630300627061,-4.366737274796146,-2.328951508851704,0.8649945439499205,-0.778556564768915,0.5879551448025073,0.3247932243224306,0.024260837954030418,-0.8665496528766421,-1.5415414164975547,1.5091594286235954,1.3855001297515783,0.8157314625717507,-1.244980417295553,0.8517138409880373,-1.1801515935432936,0.505828500062237,-0.15666003561946817,0.6962796413814801,1.3719027897506866,1.5393846863053318,1.5832173046985751,1.21283542482994
-3.43078705809085,-3.041757800869311,-1.5130944593753481,-1.2855361237535943,0.5964922906653574,1.4856610277567461,1.790588562718756,-5.556943717056183,-1.2408880344735123,-1.9671859455177692,-1.729420494784718,1.5888638617484918,1.5159961623656908,0.7922394432588861,-0.2635740207268907,2.2193638944589344,0.6063639351895784,-0.8968164287126968,0.1838737839835927,-1.318657737171826,-0.4966319899709169,-1.3981419382814049,-0.7917906278315378,-0.07629258220979242,-0.6752101461848055,-0.9184106746815377,-0.5816551181521317,-0.4567198734315184,0.4034234689916523,1.412539131231361,1.5117020849532272,1.8424114601200179,1.616383786787125,1.5464234323087462
-2.660625804157937,-2.93167940783243,-1.7021193820779232,-0.8279746134291504,-1.2900078784193225,0.6243831240170301,-4.387731553107161,2.700933717147728,-0.7232462169759551,-3.1413611139934132,-6.307794443379268,-1.6427206179191116,-1.6124883634184306,1.3808857812497048,-0.8648605095282558,0.3674861957648515,0.8244961783496138,-1.0818026609011226,-0.9113535502864523,-0.7537596992159419,1.2861338977797008,-1.6700551336382448,-1.112369046322556,-0.5709592408271627,-0.5760529741323627,-0.8670944315898561,0.44023696506157567,-0.12081148714901671,0.48335564977136103,0.6986377431763247,2.4528665136178023,2.7135837424128297,2.0955285314768366,1.9499767583186052
-2.5920267048495935,-2.560192529083418,-1.2661895086204846,-0.1307915941910769,-2.3735728065238875,-1.64329845087679,-4.740102770758998,-2.109894041374058,0.1469136116850057,-2.8416986625227154,-4.606730979997282,4.081579306548436,1.45080987280578,-1.19397620148777,0.12035365113345164,-1.3045754711164008,-0.15830473687308733,-0.7866904422002534,-0.11270374698371571,0.27639919409215974,-0.4176948635822065,-1.676810286922452,-1.1892793211665569,-2.2365972961385405,-1.105737246006661,-0.7211066184593975,-0.20058598016239088,0.4993078855804725,0.5296779484224592,-1.7373506823537583,-1.119003700859126,-0.5067726077993864,0.35541717308106824,0.6539474313185693
-1.7409454578158385,-2.946062411906866,-1.6815162399286052,-0.6522872031279972,-1.3762908692043863,0.0342661725378528,-3.374063050967097,1.6366921846621239,-1.2232510170422064,-2.126688117404957,1.3930831085123474,0.5829660766005408,-1.2053945124643373,1.9534095594517886,-0.25260069668907414,0.356930365884559,-2.19760391307024,-0.22257947068063041,0.20583453750036143,-0.4459250674428878,-0.9693456547625096,-1.625422842026347,-1.4950673354011728,-0.5618252534164545,-1.4384261194238372,-1.3626809836043552,-0.9600303074484476,0.047340085304785,0.7365319070211531,0.3666515731287903,-1.2035150649413524,-0.10574843741302396,0.4118696941733908,-0.008053314316250455
-1.5262627885073732,-2.2897485092563685,-1.148722839997322,-0.8225657585673911,-1.146166366116479,0.8719965692738295,-2.6758615861833266,-2.289547531134347,-8.154378944927055,0.2762823065338537,0.8902601994497469,-2.553089340669409,-1.78407733454688,-1.1625447214658482,-0.9237662320307432,0.4194270149645676,-0.8849461400491208,-0.8940106752619242,0.7020533351622181,-0.6934224184416218,-0.6840237376346932,-1.910100074889945,-1.6767708089554123,-1.7610230619647682,-0.4960710283635767,-1.2985951774512965,-1.1637216539790725,0.04194680640218036,0.47528135092733637,1.3432765328461282,1.2880171040671833,0.8620011393352609,2.163843095292466,0.5189052009275281
-2.2572301662345504,-2.189962757301261,-1.4613893821651636,-0.5417897187391819,0.07151281246251076,0.7044568294867681,1.2931044631460857,-0.7610067012362596,2.2782054307812194,-2.6356984671854744,-0.8101553193922446,0.00103108081564689,-1.1771508649912232,2.127365177199864,-1.2875376580463103,-0.570469013276183,-1.0242738439487293,-1.5604340821061258,-0.2898666726122258,-1.1578898877266233,-1.4048109140039442,-1.7642180991306446,-1.9110038509073388,-1.1418747415238886,-1.174916071024164,-1.0730874225866696,-1.2938921577141012,-0.4294282771273087,0.15068843917665445,0.320719602368875,0.8499445435241904,0.8784423791517995,1.8789710584117765,0.9144832825005624
-3.115341362991498,-3.2892348302933394,-1.3671178765263516,-0.8487020855445323,0.47547288890378975,-2.9465161686601937,0.6815575795451615,2.1180108430301803,0.822830218695519,-0.2429571189467756,-0.1839223716437139,2.31891644526872,-0.28140326109465097,-0.18017177352891087,0.2511998358755809,-1.4584464837643663,-0.9973245741004639,-1.2133796032045168,-1.3337719333305527,-1.4610485159032092,-1.8465760078825872,-1.4948756565557648,-2.424346063766986,-1.9720238258702758,-1.0869705510372467,-1.1620504563794505,-1.036934497984133,-1.0640342651816235,-0.6251605960206104,-0.18438266400945683,0.004661632033438218,0.6731695592660101,1.2667468530555406,1.730029273720335
-3.3186838568558596,-4.000822339233833,-5.96419369560982,-1.5557694646399522,0.6070672496281145,4.125018848316376,-8.63618012623625,-7.156421206253976,-7.122333943231537,-3.001336884400766,-0.03817801866611113,-0.11370998632086009,-0.6528903935984273,-0.9584725340052614,-2.639470545732025,-0.45902224359469257,-1.740562599364761,-1.2983005974250408,-1.564521784772775,-1.8485039471112248,-2.0614788773094244,-1.5332826548163974,-2.9121527063050805,-2.1242386578480734,-1.8088666407618865,-1.6562963884437165,-1.6465630285527164,-1.7895211182117439,-1.824701494207684,-1.2048715642476995,-1.0472346218392434,-0.08258078138938652,0.668246092898885,1.9467025884506395
-4.148928987112351,-5.021754706311982,-7.178891916501688,-2.934285055875211,-0.42440803409031463,-0.876057390793986,-9.032405452616016,-6.117624885048016,-5.493481765836444,-8.40056428225666,0.07931572784312735,-1.7661281241952853,0.1540007761897042,-0.6591024323451109,-1.233017121363908,-3.6558415577939964,-2.1117135791826676,-1.565944133588589,-1.4279205796450825,-2.079065004623526,-1.8908399536332121,-2.3886732845436,-3.2679604450764166,-2.555264694489967,-2.0288141041752312,-1.6878664633355238,-2.7742994622947807,-2.5035021040207077,-1.8033490013287303,-2.0248826937223776,-1.679512174755259,-0.03291696058075763,0.8395954427901284,1.5281817241613351
-4.387215488058755,-5.6459484458004665,-8.314388359478437,-4.376222381456118,-1.6092068144674894,-1.1277128175281987,-4.015460510639108,-13.901796361160491,-8.570032830292135,-3.851977077766774,0.18331851878734368,1.592497967823144,-1.8337536065195184,-1.7827237733111194,-1.9331053150335216,-3.5708021474426026,-1.5974264085516698,-1.785452109034611,-2.170968668727421,-2.286819416086617,-3.2406357196889957,-3.848274758444388,-3.1507617626741506,-2.088974700158802,-2.1874137713359034,-2.067278431228666,-2.7806007573863183,-2.3520018327498757,-1.319362323408233,-1.6574129293752042,-1.3293997167313472,-0.17807488490334078,0.7890117404819281,1.3865154353318883
