script/wind10m.json
{"header": {"parameterCategory": 2, "parameterNumber": 3, "lo1": 3.000054539987559, "la1": 64.9999836372058, "dx": 0.5, "dy": 0.25, "nx": 34, "ny": 52, "refTime": "2025-02-19T21:00:00.000Z"}, "data":
[rows 25 to 49 of 52, columns 0 to 33 of 34]
15.308467869532421,15.220957456605358,14.310575051872434,14.007447437150766,13.209055422669985,6.787167003481948,6.648034961996309,1.6111162842100772,3.3862314222109338,-0.7589530003555417,0.24573317524444308,-2.54593405867956,-0.8353895587082193,5.7781664304480636,6.768781641842604,7.80825069143964,7.7274782937792565,1.7110351768359853,1.5763593713900348,1.6423624660931773,4.783905100810132,4.128463155396826,1.1816844443489314,1.2018754648312502,0.8668621506805437,0.8941088386225388,0.8703178937795818,0.4278248009864364,0.10000873317600384,0.5740871139375813,-0.5181432731704191,-1.4221203867661,-0.9630646614357763,-1.3269310035617554
15.037293509751905,14.672415197545112,14.090460589852565,13.350154485621836,12.57511628828124,9.128783716723797,2.100677248589887,1.1280244841212386,0.17053175935390322,-0.9924353613855271,-1.0614667440893268,-0.44866380554977253,-2.3774189165137174,7.9832052559799305,8.366159564121874,8.288001879162461,8.560115600974083,1.786691367749094,1.4267578205773672,2.4346370794633243,2.3153534491097956,1.9392887156932328,1.4950489157614442,1.3345174999240754,1.1344788605419982,0.363146742028107,0.577359448989621,0.607516781225302,0.10519660737384538,-0.8503883092084628,-1.440857235614117,-1.3035189658251585,-1.4356372851653862,-1.969566438973432
14.94093416178962,14.451025624061163,13.98201448342182,13.098548780064744,12.240715441465754,10.251655588842773,8.923654467372694,0.6750594712518981,0.8641594211702878,-0.40957725847338966,-0.08763902954070696,5.818970366120621,8.532396511396803,8.480946082294887,8.669166467050502,8.515312528219816,8.031230182783696,2.8192517403422936,1.874290993747539,1.625773040489497,2.274312505786773,1.402066029860374,1.0550161784200531,1.8864093096278456,0.6426819488519426,0.49756139713653846,0.3633440715403372,0.5115943947881413,-0.0918506744211034,-1.3887280090072993,-1.2160275064079638,-1.4407653523526656,-2.094022153310973,-2.157620977884925
14.487864527717138,14.184578955895716,13.564059679958296,12.989413408363527,12.094055570739313,10.937640969198776,9.915795146275588,8.458942692567122,4.441603361797739,2.6871440625117082,6.420106538280948,7.384592779092743,9.016233305394723,8.847314445073454,7.8152016665885675,8.473154762141387,8.069574425645012,5.246820785264931,1.976324850510365,1.9361233110773197,1.7630451278764525,1.6193326985528147,0.20940754660548966,0.17287791036978242,0.8553667555873705,0.029186441621423673,0.2878829759926813,-0.06303410533474038,-1.5060505461604135,-1.997522257019018,-1.6632165749356853,-1.6488153414626994,-1.6656342198354277,1.8036889352275889
14.312066813804504,13.908446986888881,13.458505611645712,12.822509960864279,12.149968822540712,11.271003541564573,10.247366226648595,9.99364001117497,9.720460950989311,8.392677501852745,9.15281353493188,9.987763052118307,9.553811164631174,8.409037020729237,7.312949528536868,6.657920700042173,7.591105324172271,6.371698979465852,1.8612675290928702,1.53453383761408,1.8151235602218696,1.2343306961181832,0.8036550070270335,0.999139513748118,1.0603175119138377,0.3377568224456745,0.03785638202694522,0.005562927424369198,-0.8604968178656052,-0.5985999196608475,0.05314109938532186,1.1137834171366565,1.8165349745009423,1.3881879248274318
14.092131630848975,13.542667327022535,13.021660607458784,12.737541030517164,12.13692349592513,11.361839032492027,10.887006020746886,10.55393374386825,10.732236095622003,10.64208026301514,9.797499588539416,9.81990302988965,8.790273461380014,6.994726164103909,3.863929922720894,6.950725098094335,6.23738299818373,6.386856842608502,1.2204415524423804,1.181396348364438,0.8900436848649074,0.8675725300185503,0.19045364135716267,0.20122918980049623,0.46598077230319235,0.04361738903792766,0.2816198437124064,0.12366380089614235,0.751193365979246,1.6415256530051288,2.2922843660500565,1.6235388682174987,2.9466326943568295,1.9301481346661236
13.704851949361903,13.330676383547521,13.097377411650543,12.729918743207854,12.382657810983504,11.636937009356044,11.40165755440633,11.003055591540095,10.641576895677938,10.709776151776396,9.537301653814524,8.779673086188854,7.486187753982065,4.5092405361359145,3.6867552074494068,3.9596052885334045,2.5936513725645365,5.92961743161153,3.958711615871381,1.1553052036069664,0.9122001817860889,0.5930864145169921,0.37845874156484977,0.5769406625013791,0.5704589996139687,0.39874266609567954,0.08628300018882885,0.6213801402520399,0.8736936532676992,1.4618744747713186,3.07182733068032,1.4932413496214125,2.8380087427585083,1.8463950347545435
13.22132432354924,12.949846355142512,12.802930032788717,12.709273192076976,12.600476508420545,12.120671282910688,11.785120716564576,11.403387928569584,11.083687593537404,10.317675912437227,8.746473474846209,2.890495719855747,5.7070564033915945,3.207867411165365,3.0830158253681135,6.844194097109747,6.336495102240683,5.358068334166764,4.907606067586889,0.34602493460355743,0.7670888596171441,1.11422821910394,0.5617970661402677,-0.3964505710397632,0.49800011704805575,0.17773265227760177,0.36751477184223963,1.2575954289926536,1.8955515034059718,3.220914246738213,3.962404386299673,3.1156179942587725,2.799497650018685,2.0660780854551137
13.10022594094645,12.889264464204176,12.738813877662382,12.76816756766466,12.70421231049589,12.547372615759155,11.976708959053306,11.886192927180273,11.452064167429942,10.543356910139572,8.131499322574017,4.291938650563966,3.3415462476717925,3.2090914194799045,2.4758428119014013,6.462569091462809,5.956682740563022,3.6832524522944925,4.497752607407314,2.9495780114986747,0.715604321081684,0.9850184161995367,0.3663713901084793,0.3906425320315526,-0.4174976815162788,0.1657899749588799,0.69927463618892,2.8523065683112874,3.030563801520015,3.736002086359776,3.9538366304509447,3.783247470604918,2.7616505688799484,1.910703177094094
12.773860238454478,12.777248931992712,12.83580574778925,12.67277421743071,12.751806921831333,12.646047952452546,12.306338789249288,12.26385111622648,11.67000799193503,10.882154041347219,6.850706484921636,3.540226567294097,2.5141587492609885,2.88613614506375,3.0998984802992076,2.777048342963272,5.573995292044079,4.832668693625934,3.9709503972300615,1.9444029685834507,0.7731662728263395,-0.2761886001601274,-0.26607970085983823,0.2634974481225103,0.7324266233558593,0.7179118351741377,0.471171234965274,1.4403683271574512,2.8789620902164716,3.6000168386109914,4.0953755779844006,3.6035709243207297,3.1624033616504557,2.0612024390515438
12.422874266874526,12.552523756947387,12.58297382878646,12.6672740633127,12.519007003918487,12.609197299032374,12.4996079679327,12.276779614791314,12.103503151253461,11.031670890725108,7.6596864558895055,3.4003311814587436,3.540736568066882,2.889557929980991,3.403374798476359,3.353343864081679,5.9490340576649245,5.379850978772821,4.253803070957982,0.9202358177511925,0.20422942858411605,0.25822625921371556,-0.09004494039022119,0.21299212818502114,0.7555668662948798,0.5266022093989169,0.6942614605143687,1.3817675322085623,3.102135035673928,3.6558038613459263,4.008064194942322,3.773527985742638,2.9161823484334124,2.3227892441666693
12.213489962616986,12.35525580420554,12.516015453420366,12.460305142912972,12.49266562917679,12.27043941425852,12.30459720466338,12.179490892255092,11.911679177305603,10.936078024360127,8.537228470143395,3.714110959639603,3.4720462084680377,3.192415418195089,4.1598051917413,5.346230338190963,5.669088569030325,4.946030975123239,1.7941787471886614,1.0793474366443623,1.44922229553814,1.2580830769544198,0.5925806375111323,2.6135535788962296,2.4579439714511953,2.533025096593521,2.5283757963712143,2.65017335489426,3.1445494648507157,4.113683913943596,3.8179995103021147,3.278796624557865,2.906006795338089,2.051005881384861
12.04287523635444,12.00590376201108,12.258474929133241,12.354842361518331,12.292535206787791,12.15968707050225,12.379059052787037,11.94715943244487,11.877486412559442,11.414953781773825,7.964344049898162,4.582652405030979,4.2774816771108615,3.335758612927685,5.400441870865928,7.524748647737844,4.143235648824593,2.4088228140682864,2.505687126331382,0.5221814990286766,0.9057619740713455,1.1781873601371289,0.5636714224343728,3.1362602874436436,2.544048369562737,2.6869404282326546,2.6571263032645014,2.6993296353300247,3.4991453426241743,3.8609119522230078,3.4425425952595448,2.9274863731222824,2.246168949396598,2.3350755511632673
12.021486693222654,11.647372205290393,12.090799232229141,12.120052977228967,12.080797309440662,11.927301725040598,12.082186506789224,11.774739054786412,11.758668684537085,11.43292876943877,9.585148565077471,4.199782615459508,3.8007850579535822,3.314034748518882,3.4018306511025833,6.18067659344638,5.485899995653112,2.7715711530230016,1.8119142236940147,1.547100992135889,1.2820459310979633,0.9757686272961761,1.495731314513252,3.463283730123173,3.2195994514637825,2.382026355603165,5.06557826713074,3.9270936073580374,3.5536265918416183,3.3888311644841966,2.9467457555844634,2.225918786438428,2.458904494007675,2.0066839113722823
11.700427198879579,11.328677506008733,11.820876816863015,11.974559141404699,11.994856993810863,11.604642569117818,11.944720491943333,12.022600896828573,11.344173626806349,11.612863966165184,9.995598565727445,6.657428600158057,3.8114955231077454,4.76657981076461,4.073362992002155,3.4763968049697564,6.052970374820813,2.2776078731854548,2.9113030786258145,3.3262806656906956,5.265666812277072,5.227897429870731,5.470727851217755,5.2320981159863384,3.5883042009800765,4.584598628112891,4.306993564932,4.179095721824304,3.424867922784552,2.9741805078020267,2.299213379192004,1.9897781141987585,1.8971396457622225,2.220400210071492
11.597844300458807,11.392354121841821,11.394917402500797,11.67797479495018,11.71353324458819,11.602643549677822,11.59500280307038,11.680115986397531,11.370580457785529,11.088972131351776,9.85854579123798,6.78342636199667,4.044472405699423,5.259419073428244,7.648541918866131,2.5815260969266847,4.9607042193633735,3.113614615882021,2.4335771730286013,3.3652807036676893,5.794355423853835,5.186271105628913,5.150184987374653,5.125877743919079,2.142185570467119,4.071550948693543,2.9925244433990192,3.638047958377188,2.7448254697877412,2.2752614952502506,1.6697219860722665,1.8992209926303911,2.4376619973558395,2.226838520315644
11.282819405960689,11.414412894516625,11.115686013333173,11.286925522576274,11.42149424265472,11.402735614565476,11.258371034349931,11.630972855772558,11.427905864291692,10.976670267498823,10.137483586277725,6.160280530092586,2.9965764878192367,3.9769562221373556,8.36032060258993,7.265220960781341,6.92266605949747,2.9942686077517764,4.7420627915415725,5.832478651183684,5.09534815093048,5.083099113777934,4.382437786085784,4.697118557149884,3.8944338071338156,3.4026462000661133,2.396207947451462,3.8968829523432467,2.4917263455502594,1.6971593584408082,1.590393349117175,0.5011150212109716,1.4161446051624234,2.270574228839753
11.093750455163434,11.301227292659444,11.39710261622499,10.816460638631284,11.089057944688312,10.960875160520235,10.745104043842227,10.917255961953922,11.146075506218212,10.72561311718746,10.366514761266377,7.542423645601184,3.6864023023589887,3.065309787290468,4.511422936612595,7.1777925808382665,3.722123763976939,6.914491113457745,6.63464816968377,4.699391208264623,3.34718214501974,1.8670058236645544,4.51842658089485,3.2584414494229668,4.02584512109264,2.828470640628183,1.3054127358567964,1.4547565702190801,0.7724538208704131,1.1602896482861558,0.6350594485864401,0.7353566551556115,0.6481931918013347,1.6669128272372997
10.616436357785354,11.067000162628371,11.258081655974687,10.711768792388966,10.647080683929207,10.713459383264059,10.351788433391444,10.131846973119597,10.448316974071524,10.533866486738894,9.979071285192509,8.500357998917845,3.7810721064372736,3.2179471865536735,3.5823041411472163,3.6578984505955767,3.549853822204292,5.9479012654425985,5.474426621770951,2.2870689708487446,1.3897174806809571,4.5375656597025795,4.357560004718439,4.734409940434653,3.423602631505662,1.969634753716592,1.2766317501158924,1.3736071783959631,1.0839943289659482,0.7036013027455645,-0.3049040163493957,0.8431200715311341,0.9829817774439719,2.085651628991762
10.514022673602787,10.764734275508395,10.625922185493595,10.58058508252237,10.1356901571707,10.02115760169815,9.975156618503682,9.79712629261804,9.525084807319987,9.66707883806683,9.468570661255317,8.231421276012867,3.9246743442542416,2.9643608264360495,2.76373040088429,2.9060418516665365,3.0735621206795583,2.953664694418876,2.493537410486573,2.0731320507897637,1.7200237493121346,1.9414995123007794,1.9839489282794942,3.637419006681408,0.36699990092577894,1.2886619676857263,1.3728508030955664,1.145421462595452,0.7438641563460108,-0.4791355136902713,0.005260022808029309,-0.10105903512348854,0.9381849747476166,2.5695524844458264
10.074563516266373,10.252320205591536,10.018120434158867,10.158127699642243,9.173506508592471,9.293210567415807,9.199472401723638,8.778626465819118,7.567913657951018,6.713678171476602,8.050853806101873,4.572700696304577,3.226672017672826,3.374475268259895,2.940138394694415,2.989093390036773,3.498048665208506,2.615220727577465,2.7394004191537062,2.260421630583222,2.4335716953933906,1.5284891607037285,2.0882887159056183,2.500691694985188,0.823136483623952,0.7575092346262416,2.3606164445064417,0.8007847240170101,-0.36696116973407744,0.3911284457723819,1.165943758241088,0.45501011365846417,0.7096638548453745,1.0449688554515528
9.778440649630522,9.853482366214264,9.723323612305094,9.374560834985829,8.174007372400892,7.5897241603631755,7.495012637953902,6.533142054286982,5.401099547536977,2.8236984868187136,4.2134255369014815,3.751555630457572,2.3764073405814976,1.8568934359278553,2.5964884086202376,2.934688173561566,2.6377757466035003,2.2517827661867074,2.574955928502632,2.1000184358103313,1.7201253049282024,2.5754342925833664,1.4292739151842606,1.7481476369509266,1.4741644347783442,1.488610590493661,1.0377118246179826,0.6583433076723769,1.470577899608356,0.7560871060906904,1.1654919113036455,0.2761074123477309,0.14702723822927918,-0.4832463778582242
10.06198287397413,9.777446244844514,9.293829400653603,7.3696567136441145,6.568192831513293,4.191606016117512,3.571265375893427,3.6712586682654034,3.5547999212219947,3.092563755977645,2.626775559851403,4.044716889512472,3.315696413675857,2.814846012204228,2.857640287115795,2.5686270319923836,1.7309450811561022,1.7761615504732138,1.665729183222519,1.4485021034326504,1.4461916369230108,1.1068746577846091,0.9686991281080081,0.8588051149800108,1.2475332089558753,0.12969628698042854,0.1461599716886077,1.4675714835907694,1.1031737150910326,0.4577624382354617,0.22935984108494686,0.47940165892944236,0.3898708302944009,0.4270309253515666
9.952519200991704,9.275386704756116,9.100031322363924,7.1423442916204385,6.024677567960284,3.130937555169585,3.0585250080944784,2.707853984419173,2.951030984481397,3.4528443986969592,2.875007142375858,2.593105470377222,3.173389991665711,3.48150471204411,2.053299667266641,2.0276429847783315,1.912581551567668,1.620730270766285,1.989274737518203,1.5926178421180965,1.2066297846184224,0.899184857272258,1.6212288018375653,0.8971432946060429,0.7524938362665384,1.0305813133638901,0.5449529483103909,0.8737103627358497,1.4961947185978288,1.8687994224612627,0.40060994090849145,1.100441335521519,0.44845183928089144,0.28498120393333637
9.64046249554177,9.179093803656537,8.655740912258238,6.046369668584721,3.0200458324088326,4.014501346242471,2.6013025922424147,2.7823238438941864,2.742631793567735,2.366966541446909,2.5183369740813752,2.823990862230452,1.8025126972939165,2.0900533850084826,2.3634576720997784,2.149548350612553,1.3014330486650219,1.7760450871328415,1.5803616054638405,0.8846170694999247,1.1215995501682636,1.0758386776799171,1.5661698010108471,0.44311972193865035,1.6524864919833127,0.8705072096903498,1.0499276138938667,0.015763340821622396,0.3521009821595963,1.7504712604951524,1.2502771154487884,1.3558796375613769,-0.19874447664539877,1.032789584275866
