script/wind10m.json
{"header": {"parameterCategory": 2, "parameterNumber": 3, "lo1": 3.000054539987559, "la1": 64.9999836372058, "dx": 0.5, "dy": 0.25, "nx": 34, "ny": 52, "refTime": "2025-06-29T19:00:00.000Z"}, "data":
[rows 0 to 23 of 52, columns 0 to 33 of 34]
-1.583084523583614,-1.8196249697257414,-2.772670185018199,-3.1034211045724693,-3.2891065610303083,-4.5870665175274405,-4.985825923522364,-5.388492293111164,-4.24942066859622,-4.859811747648737,-4.9021322442714945,-4.864163084562342,-5.406019836173217,-3.996922725330791,-4.275192088853219,-3.9203793724918197,-1.9547108290951922,-0.3865435215026894,-0.7282080528561298,-1.0281366887243695,-1.7224635783717084,-1.4695649055141646,-1.3247267505350777,-0.8810011834482371,-1.220121823505023,0.2384060023082199,-0.6457146550853285,-0.7673974033920082,-0.22763805406586704,-1.6108313236859795,-0.8391757651859024,-1.085993619420342,-0.7677948759175609,-0.9359571968025405
-1.6086996614343265,-1.8152845576409313,-2.245891295672599,-2.8560741551181494,-2.716847331626622,-3.4038027447020602,-3.8529836469870187,-4.43675390209254,-5.0590448190991255,-4.351851340291244,-4.13695624303996,-3.9173488071303577,-4.38075390439979,-4.675134485733033,-3.1406331149278,-3.4776824456050255,-2.943070291231674,-0.5656083589124419,-0.44098121159331677,-1.995453278679907,0.7204756203217965,1.0267832062467646,-0.5010932174147282,-2.875487020600598,-1.000226537241811,-0.9746968170185838,-0.34644797456844334,-1.0392754634054824,-0.3191963297678874,-0.18847555139041813,-0.6349059300202069,-1.1240777708114844,-0.850289089156027,-1.0280962957768618
-1.6292751701935504,-2.5442746606226136,-3.21806094717223,-2.533739345707518,-2.175922055378119,-1.9924464759343576,-2.572588721857571,-3.4218889887569257,-3.911497055263936,-3.851412798555963,-2.9314522307912863,-3.1576934522990174,-2.9209835841539693,-3.675870604076199,-3.7849750594971128,-3.051271315682419,-1.2114305572925317,-1.1857820503819363,0.8730580055656151,0.18239439760921994,0.39019705656743386,-0.32717921129366595,-0.20508051480436654,-1.0424439243702663,-0.6809556305440211,-0.28451195947445496,-0.659535312893229,-0.9303110324491829,-0.9904197781424416,-1.0277021704366116,-1.0501189436253255,-1.016761761139022,-1.6154042431588878,-1.2922904895766913
-1.340032699765813,-1.8528569713880727,-2.390111481463589,-2.535653616657441,-2.0598864318894075,-1.9761226230200644,-1.803027779734194,-1.3940428134580996,-1.8326817841782066,-2.810258836415101,-2.210613308768425,-1.9338825172734981,-1.9176786059822182,-1.8687144223444307,-2.7497797894594225,-2.8713592179182417,-2.3305061596780683,-0.8791048206920729,-1.4102089662352508,1.1651385049290857,0.14235653782188568,-0.6714477261303614,-1.8377078382148648,-0.7076064959419612,-0.9072172163433967,-1.235620542614047,-0.7973738653243565,-0.45936511707488786,-0.638615865529912,-1.194072299647396,-1.1443791153241756,-0.8996042724217378,-1.3397441585890932,-1.293999622943502
-1.037320557371893,-1.1796686884327057,-1.7483181580063305,-1.4807695590930439,-0.6844755267375905,-1.1654923164306321,-1.3290616504397244,-1.4272957134533208,-1.7578968267515365,-1.51860337591747,-0.8499095011878006,-2.440695092962446,-1.200195994060403,-1.250382842587523,-1.1091935281958298,-0.9172530695719482,-2.7868123502875317,-0.1973372080762329,0.5345879148259886,-2.4794972832769706,-2.0925079430676865,-2.2642354034042396,-1.30217451686985,-1.810287270237071,-1.132302415956382,-0.907884520719628,-1.1072034833593658,-1.4379457320564943,-1.0053897029676127,-1.2907334671713917,-1.031104747510227,-0.8336697182434526,-0.3085513943091487,-1.4698275563699992
-0.39662065837018595,-0.6950747579172556,-1.1587118262187206,-1.614662292709517,-1.4573497355864824,-1.088354610545734,-0.5333309022139343,-0.9266127342847531,-0.5023171930617768,0.21974503023268774,1.901992570324216,-1.45186988854977,-1.792544584598304,-2.493557632565993,-0.6997723869528099,-0.6678813782113044,0.5279930101545616,1.7177616595509249,-0.9216859670098803,-1.5809972189948887,-0.7934332731621234,-0.9539592893289875,-0.7039898411680269,-0.34608841959098036,-0.7962586136441453,-0.8587724364020031,-1.694355296610937,-0.9386783980545371,-1.7362586067606678,-1.778360768638676,-1.7239101255791587,-1.6935503513629944,-1.2007307595209262,-1.1612214594360377
-0.6834766339195351,-0.2786658786847544,-0.5098201432860126,-0.5427811214001498,-0.9507273218121189,-0.9524540851493757,-0.5855041953679729,-0.3191404288722912,1.0042378151282796,1.5041646147268721,2.0482147470487186,1.4695149877346845,1.7330309025565573,-0.5153264025268702,-1.3201998869734908,-0.9868544523119557,-0.23710786751166288,-0.5817448842395306,-2.9955895620150037,-2.770270275618549,-1.0655152133984758,-1.144235293446927,-1.510927390283842,-0.7541423534890591,-0.812595849049425,-1.113140937997374,-1.0685681463822507,-1.4240280573941362,-1.2074160550634807,-2.293973733346811,-1.6626007210663623,-1.256570454642173,-1.3542641793747194,-2.906151345091526
0.35317683429067126,-0.025827257418761195,-0.10402379237698386,-0.058315808513330326,-0.25252395958439744,0.02128432916901971,0.7842629409644583,1.6418765042184014,2.697018674482779,2.2094719840294834,3.7342456815658167,-0.22253858285493264,0.22325420407372903,-1.722827062229651,-0.8537319597009356,0.2829605303068334,-0.9705975524099917,-2.107166091066669,-3.893190921387517,-1.5352090688062476,-3.9025848822800895,-1.4432199544722695,-1.5467159721353416,-1.2832696273717161,-1.0298243439097716,-1.5056185976335756,-1.482953395415568,-1.5520293854935898,-1.0892547750212487,-1.77661225265082,-2.001286083036142,-1.7394393125478813,-1.8226485359305948,-2.8368276521528095
-0.19337160938149484,0.13622269308911747,0.3582208958510152,0.8280437729119886,1.2163557980271271,1.543826131452474,2.3455150308586226,3.467652508500725,4.701910361495503,1.8536515288698876,1.6055016526971642,0.0338148555064071,0.5602526628485374,-2.240661542250421,-2.944047400407498,-1.0053043965684876,-3.3162322193374516,-3.880431010239981,-3.5133340645401887,-5.956184124453399,-6.985943148051654,-3.744331081673094,-1.4297864290694657,-1.8243514060711155,-1.5020564290759606,-1.393971400678523,-2.1850660298992968,-1.5205751343109732,-1.743551382393874,-1.892163272395352,-2.1803465429749656,-1.3787446419259073,-3.824567273561126,-4.615551775951619
-0.19820366228585262,-0.5479243995158272,0.11014693370756415,0.3870525572314383,1.3516522601319316,1.8801643173908154,2.110140084621702,2.798476235484965,0.2763131940454674,2.705889279277663,1.5142005696684773,1.0065874200330238,-2.573735694553601,-1.327729705991321,-1.666032913804669,-4.8061474015215495,-3.205149601842159,-4.790683267430677,-5.500676264613606,-3.3428504264686763,-3.3940817440086537,-1.9469697708508154,-0.5840652699833454,-0.6593867015728531,-1.911018126726231,-2.423210233338233,-2.0562563994085896,-3.026370319643597,-2.3290524149214358,-2.688299721234054,-3.4518578624174827,-4.455040593328441,-4.969488868697682,-4.250893963124142
-1.6186311099579629,-0.47996487725784526,-0.27900309321545347,0.3420799462503858,1.0289208147410212,2.318541829995241,2.632818746667074,0.957227456221827,2.2645417142008637,0.5625072909382037,-1.6229776796759028,-1.9146889065819994,0.5332560682203846,-5.493530585977364,-6.097378603865021,-5.717417476657504,-2.042280338087906,-3.750976058068076,-5.39976381204812,-1.5410015874901222,-3.218389008597177,-2.180903273983767,-1.6380721630067414,-1.6386284553275452,-1.2834108012503385,-1.3817619823478258,-2.3671112559198875,-2.5393543774691723,-2.2526073177515555,-2.3242281530409485,-3.2378762590477534,-3.7494060202853117,-4.035585014645976,-3.216177063763776
-1.5508297815271894,-1.3006498274393845,-0.24360678406643915,1.063071051716929,2.023193881419402,1.6492089122764217,2.495071552908355,-0.38753499776792333,3.2401858680035622,1.2359792748972551,0.4624045762768278,-0.9882074124786863,-3.950930751878299,1.627534583742871,-7.529414647199894,-2.920677890221247,-5.640524343694836,-6.241944451337883,-5.043267108688609,-6.844786019717523,-3.29108600199597,-2.6102121837092724,-2.0157431353712068,-1.8537627414484568,-0.9890135910591281,-1.520500763019857,-2.3660847351816305,-3.0195910036905556,-1.9933216205539122,-1.241004454097677,-1.4554062549773772,-2.5347754116606196,-4.892428007206718,-3.128039305112533
-0.30201132877367315,-1.879941663481259,-0.9052846324291765,0.5513016603248952,1.7869684716585497,0.5774732712347518,1.049205966154953,1.8773213958120503,0.7278005394897492,-0.7933473408074722,-1.6095668992928933,-0.28379809649398324,-2.875163947416352,-3.181142822078778,-5.254354704203012,-4.418277428282894,-5.1521069041282646,-4.392823703544345,-5.041482391100169,-3.2534876926058196,-4.482251014854604,-3.8570180547943806,-2.397700753271752,-2.372458733734322,-1.8826410695932372,-2.133813690738608,-2.9672906501663667,-2.6579717123853994,-0.9308439234623527,-3.289138219889473,-2.88255253252097,-4.31395268344709,-4.051295302012543,-4.023740302617043
0.31665746310619985,0.455536786856074,-2.0929940011787536,-0.6166772178485231,1.9116261560963537,1.855013913657245,2.9017761922659897,0.5558127700409728,0.23365071282141053,4.110090464205263,2.821404228603468,3.936513172916135,-2.48134747127046,-3.435141155445314,-2.9961853299966648,-4.34330256141464,-6.485570593913361,-2.868266472271623,-5.523682265965709,-3.893619538756804,-3.1584488892103004,-4.532988710177678,-2.3810222320974535,-2.575980837721981,-3.338931761062016,-3.0436649813405285,-2.491936107309754,-1.8253101478725302,-0.8778957878578264,-3.396750925690914,-8.268799333851575,-7.530435449775278,-3.573616048154976,-3.8619340035506675
0.7297196907342816,0.8891527257139021,0.8795607744521821,-0.015082309141993749,1.236117205475873,0.5719902119671153,0.9367990852142275,0.08560452837363625,0.9915560504481123,2.8026172745961575,0.9770714849341665,-6.06963795262764,-1.426901755326603,-2.3819642752769288,-4.016464450386598,-4.708588426408923,-3.617019749402344,-3.4249915845932226,-2.3340535118326193,-2.8590016923867174,-3.850048569247247,-3.738986348082175,-3.5069562456368852,-3.099109433149684,-2.3801189635966886,-2.166490055980004,-2.136730818801299,-2.516971946663881,-2.2064412130240534,-4.271219462467248,-13.903034838226615,-10.903512208838603,-2.6545046718871457,-3.2581382498451066
0.508428772270764,0.36449169813325133,0.8045938248573267,0.8918633076029739,-0.6481683970112069,0.1559145669857621,-1.2343771635046092,1.3602074845647218,0.8760893950876484,1.2934339758053652,-0.8975378174507683,-1.494830988313904,-0.4283563796163869,-1.76127785601821,-2.387981110653304,-2.6462118518212048,-5.060060373598954,-1.9960937891617094,-3.2413483568986616,-2.287166637809071,-3.1477511831097624,-4.104931465858466,-2.253191432959272,-2.5314469140308735,-1.5980397939364912,-3.019499316810864,-1.9886111998948317,-1.6810998257950114,-1.968168748543987,-3.361515060367057,-11.279561520933852,-11.202475666858282,-1.2222332900171946,-2.0763106088041776
-0.5197465921663174,0.16164015688365996,0.7851302406967395,0.27470138805054134,0.018490393514503715,-0.07665452197677639,-0.4813862597329401,1.6267815103785357,3.1955746983341804,1.376498856214703,-3.781724101651724,-8.460466595807723,-1.3954079115191895,-2.194019165760113,-2.227932953155848,-1.3824574126553766,-0.6440275049867704,-2.452208149331034,-3.660165845534902,-1.2831417655717794,-3.3203140582354496,-3.648431516676776,-2.4208335547844935,-2.910502244042129,-2.916764608528041,-0.9560740055140621,-3.0820334024827525,-1.4794271262484537,-1.6587907683138252,-3.052784465322755,-8.6821001663424,-11.278633286693177,-1.3309694277560624,-1.9752246763716317
-0.4802163675077236,-0.8565521812040455,-0.42399740812968806,-0.3710320189493532,-0.15241967199740794,-0.6280004175868478,-0.2173921426938049,1.8428555414330232,2.0375922446544736,-2.093037211010129,-6.362184536752254,-10.238552777604447,-1.2322186091337024,-1.5265061244249458,-2.9646934782880803,-1.357265536332498,-4.165008189507856,-0.6502886582768327,-1.9591116942415412,-2.0118285188102107,-2.555410954417528,-2.006234894333452,-1.9955480055537258,-3.0096612626484966,-2.6284549366098187,-2.299024813174365,-1.0598207836998188,-0.30046945361521094,-1.6034404459449718,-4.217006586619026,-5.56304136230495,-7.346372184622607,-1.54567514217108,-3.084028970662462
0.16864184467801918,-0.8422121365484363,-1.2271922051645197,-1.4111165919711919,-0.5841270380755488,-0.7410291325939709,0.04300641379812932,-0.12778205873746382,-1.9227135253473306,-5.642763616803071,-2.392884494756377,-3.373996424523309,-1.2923757951119985,-1.5905745573476635,-2.1304196459063856,-1.4865666133966944,-2.0876471468874955,-1.7397522225099566,-2.785559233762155,-1.5533161859491487,-1.7817114619307388,-2.5420359784813744,-2.3273467835502197,-1.7663070584540932,-2.173076127723934,-2.3835330876816165,-1.9209948806343211,-0.6852069970165027,-1.417499727686744,-1.9845952669481872,-2.851587396596834,-4.848742311140503,-3.3170259035292053,-3.381507799871877
-0.2087009808162156,-0.6007555171550831,-0.9444416587046824,-1.91327876130817,-0.6643877750245738,-0.29962303271469404,1.3036368079225147,-1.40969371349467,-3.1567688605933286,-4.439480665555798,-4.456016545484598,-6.267914361684435,-2.9810300604564324,-1.8558294351401572,-1.669518718362807,-1.2642673821504966,-0.8256368211256643,-2.985111649528999,-2.353204663871852,-1.683387860124458,-1.7865631223983323,-1.0386408652820556,-1.9538717530774194,-2.062293164858722,-2.832242339472611,-2.4230408352015846,-1.311099452360326,-3.396452334910408,-1.0204758820362123,-1.72746689216133,-1.480847428780533,-0.853076281076167,0.11466858089966248,-1.4652240525551965
-0.7632330707172911,-1.1391837020181348,-1.6021563908067527,-1.1888832240890195,-2.084478754319659,-1.1555732295154728,-1.7500408839388724,-1.4497984082502553,-5.877157215191926,-5.407112670446981,-3.9353000741606077,-4.871531324093493,-1.6772245159012384,-2.098659968391955,-0.33119908738509224,-1.179856198418283,-1.8676831796415176,-1.356220769298095,-2.663602961751122,-2.1281888504518522,-1.7953525393191248,-1.6747008054319963,-1.8362705778111585,-1.7705523576699396,-1.6675963409826031,-2.264865581170713,-2.056908979817216,-1.730553593581185,-0.5357396331106473,-2.446632963838691,0.36172740811303294,-0.5113961125562639,0.25517472703038974,-1.4816222115326239
-1.674386138060824,-1.813639691034071,-2.1464621729472833,-2.8584892855510815,-2.6636387163628696,-1.8685708700233454,-0.8449502127674366,-0.5733948568001999,-7.456498805181707,-2.1305414026520983,-6.017875076582154,-6.68689287423784,-3.3590648874901747,-2.543515595303308,-2.0236851865162757,-0.6535695187763136,-1.580246189555444,-1.2346413626542625,-2.1685081243928495,-1.3152543417268732,-2.256073366908397,-2.0221459510851743,-1.3289164210577855,-1.4301376481126324,-2.118009919380679,-1.6856268811289896,-2.416333488719554,-1.3652846645693344,-1.6480834909613786,-1.593559243601273,0.06583139029325973,0.20686078194210353,-0.6113777885846322,-0.9518498351229792
-1.5636226167189706,-2.2826588299493573,-2.741014005177616,-2.8928091301648418,-3.789487583541073,-1.9039116523099064,-2.494748750087094,-0.6636897893440352,-5.150161193100332,-4.694044812402833,-3.8496219375185814,-3.116995663029604,-3.230064735774246,-1.4016161655808923,-1.0642800274463489,-3.8996500176612487,-1.7696342216749938,-0.8186055190445986,-1.5586047774325433,-1.2624794048417307,-1.7317341925226286,-1.8399683124008843,-2.38245100156846,-1.2185845306687775,-2.8647953880447026,-3.062074074056858,-1.803827290532035,-1.5124612536927402,-1.8524913334524535,-3.8872341362593636,-2.1834669668055873,-0.36072632130612775,0.4179622553538772,-0.8244250378420415
-1.9331534441746607,-2.899586359853008,-3.2196685236518854,-3.8309141367100565,-4.375256486038203,-2.9211281511211293,-1.554575623197898,-4.486221763002302,-5.754729667089836,-2.52681104708541,-0.24681127156763405,-1.6781761050695214,-1.9923698005447021,-1.3856900696796104,-1.3807142123498537,-4.720082504552026,-2.0095837030488806,-2.0888841305332124,-1.5247989297570037,-1.376410097690827,-1.2430247188965797,-2.310032902159043,-3.504863221685425,-1.4368800318169475,-2.9177823860877754,-0.14961736288953328,-3.3632513903537062,0.2746119846695389,-0.2447387248361128,-0.086209630065086,-1.5307511348176108,-0.8528687046301802,0.07858291130733186,1.2551303897296238
