script/wind350m.json
{"header": {"parameterCategory": 2, "parameterNumber": 3, "lo1": 3.000054539987559, "la1": 64.9999836372058, "dx": 0.5, "dy": 0.25, "nx": 34, "ny": 52, "refTime": "2025-12-22T19:00:00.000Z"}, "data":
[rows 25 to 49 of 52, columns 0 to 33 of 34]
13.47503848257091,13.6366898762618,13.529929901876914,13.099734903491692,9.103450747915474,6.007877250391554,9.538882174215313,3.333210336189575,4.89463616652944,-1.596262718050188,-1.7049876277933111,-3.9046207027244457,-2.992662772539636,-3.9082033370046165,-3.453503743358889,-0.42430914780737594,0.9392698167479571,0.11364431208560924,0.06786069121037111,-1.4123166522864794,-1.2175451312036216,-0.4112984962447574,-0.750875465688092,-1.9427825962467116,-2.9428759691946844,-2.8441882854726233,-3.398064869940333,-3.839031914938868,-6.331133180239648,-8.180570642061738,-8.305337286854572,-6.9266783418156805,-8.580767780634229,-8.291566827345312
13.037217592023172,13.441091555457367,13.047440637640854,12.606371054434883,11.375361486643332,7.196480029414843,2.977785779020779,0.8659958128451349,-2.0074278594079287,-3.9355175795926742,-3.666355679807631,-2.3611050464203887,-3.827944990505623,-2.738694304829839,-1.4468261527899866,-0.20890092667298485,1.4734581973637468,0.6631038966254469,-1.8022538724220116,-0.4126258139992536,1.092962451386275,1.3499166978917094,-0.26736575996003736,-2.8161517352737637,-2.8426676762705787,-2.621311933521155,-3.1099606452732425,-3.6690210818373727,-4.069315069570901,-4.063667313711859,-7.7102975555215885,-6.92131209028807,-8.584143326857783,-8.40683967929854
12.057330419653674,12.434331564195839,12.492616653497574,11.79314320473507,9.91968674509127,7.864098834923204,3.729585224197827,0.01798946537006638,-1.7323297454843696,-3.848126967814156,-3.639229509405047,-4.887291858543029,-3.417513229874343,-1.8618238488383114,-0.47005408161311013,0.27770989579734795,2.015102649834208,0.25864972868414027,-0.3475252117384305,1.124955557318395,1.6409397354464481,1.9679751923348554,-1.5708263718440012,-2.847292598346898,-2.7972704848805123,-2.2945997478212625,-3.048509127308407,-2.7118926959616667,-5.219861810341592,-4.894597574209366,-4.696846179123261,-6.182794167840542,-6.747527060070171,-7.556491156211653
11.359296450681779,11.022343470404353,10.978504279739793,10.493179216541943,9.011751757311833,7.419249855655889,3.9830512937658544,1.6070083985823926,-1.0597187280387452,-3.982166676106322,-4.480994576744036,-4.078927037164452,-2.341019502513799,-1.1323810751821404,-0.03429874722990186,0.30052745816798165,1.9411120642420372,2.128506265741528,0.22039406256320426,0.20102125519537187,0.9865423645759241,0.8443156071753516,0.6529181059928498,-0.23882224698433488,-2.8576574855994714,-1.7173718451615523,-1.6586144890307402,-3.027557867847156,-5.004375112711048,-5.243413934754999,-5.2642203947035755,-7.036763749693868,-7.125648950199256,-5.912292892907452
10.678807684355805,10.038221113940768,9.341733412424219,8.725652662701982,7.575717519229367,6.589162838865529,4.830183139523889,1.7733184837626819,-0.01369894916670332,-1.9952509854511111,-1.991631737869779,-2.187640658067168,-1.2404150471384823,-0.18001619250649356,0.187400725786904,1.1965250726095409,0.9783075274341329,2.468819650999068,0.9584217602813966,0.9428718652354446,0.1029811339579521,-0.4872548426654068,0.12456005631490484,-0.44871444968429586,-1.2781721222222697,-0.7357331324711096,-1.5266168901599948,-3.459226856283709,-3.7951674079285653,-4.716748213507241,-4.665860713736361,-6.950647245650262,-7.942166438850831,-6.939823865042136
10.169182445056387,9.65206588073113,8.458834511575859,7.529127990767345,6.872384213991972,5.57859431702799,4.2923214730051695,2.606813854829712,0.9037416860770886,0.1289540453486534,-0.1534619226590153,-0.22354980374219807,0.04365853228101349,0.3730893644523495,0.46101016614795065,1.1397549823070714,1.5362358176070017,1.7194616198543928,2.035641014043922,1.630338683439545,1.0473722564991936,-0.23638673787292844,-0.891612829265369,-2.14078807119725,-0.6975017694240906,-0.6398539307483234,-2.4335672167415323,-3.011980528013417,-3.7057103194927907,-4.3990592986555495,-6.007014890236931,-6.669099687020618,-8.07446563392275,-6.892700700899622
9.551794283517337,8.734096450025284,7.711187885462719,6.690718353893048,5.8654981366984345,5.337597888393912,3.9332893551501322,2.8663773142032807,1.7424938021422156,1.185780992756657,0.9649340179736975,1.4337812311127363,1.4103491836546018,2.053053148088808,1.4778704319070222,1.2120213283633272,1.6449314993390989,4.008898706739147,3.2126148318530916,1.0842006739357766,1.1832505360872518,0.6765437124488577,0.14386431292649526,-0.6251862931768385,-2.1625650012552162,-1.494938478132055,-1.8253913648747735,-3.5764346059401566,-3.4756403976899906,-4.055877014436712,-4.500043921617349,-3.6889023259126987,-6.021190543922466,-7.065510831351786
8.465918921329884,8.12587411124558,7.321501559083425,6.15642108656623,5.570861533054719,4.777422565602576,4.055650993439034,2.7989157637919897,2.244730459434517,2.030462841977957,1.5902957954692025,2.2382453857890323,2.1071148728289555,1.7982652537053951,1.6933552407507588,1.9409209024387712,2.264839488031517,2.9129168877751623,4.06943412011664,1.1090909163860425,0.7167757090564865,0.2741765536838682,-0.3045121177819274,-0.663397162758937,-1.6630695492215828,-2.804357807434494,-1.8375507444458727,-3.1232161057256036,-3.860496201666166,-3.2797363206609735,-4.020289519726829,-4.11121643400214,-5.023736903440538,-6.678648449097864
7.961386609954091,7.351800173661731,6.888539384295971,6.362877519413194,5.508754228555951,4.607563431225007,3.9844425492785223,3.0918813511055223,2.5859101665990214,2.2696009681010643,1.8821590516219082,1.9150247657138812,2.412769901574116,1.8709111976490502,1.4665892695927278,1.7272074851523462,2.523302688601516,2.871352804773847,3.7277207500831158,3.3257453630553386,1.1404681342015768,0.9109800365613109,-0.35870952809934425,-1.0055328975799807,0.34741598229628956,-1.074480295051574,-2.3768785832009613,-3.002180143530874,-4.271138634779583,-4.246540651236469,-2.7913981879502545,-3.539185253083998,-4.334468245968796,-5.202668540862055
7.056594772369773,6.904139168845204,6.478372002303515,6.109777929233012,5.620392307579874,4.921692205131058,3.8610758408000097,3.088568210403489,2.4379874996983717,2.3714609991940536,2.287494323638174,2.028465377912354,1.9428324796673617,2.07071018201771,1.8270820932683614,1.9433100613918912,2.4069850859898656,2.58916946790138,3.5382747706247275,3.6943234100793183,2.5089502005769724,2.183154337452537,0.6598174803099498,0.3254868718567325,-0.3186607501593066,-0.9679250425251622,-1.7164254182313725,-3.1717059600922677,-4.8150560651690615,-4.615338274251104,-4.194436577084977,-3.4717140204687142,-3.692839148362144,-5.160782207715283
6.773943828461154,6.344983747475964,5.962238826611734,5.479147104933578,5.069585146460317,4.576566843619404,4.043767621812818,3.2960113754030016,2.7290672554938915,2.5314965072290905,2.182870344544955,2.2843309427823684,2.1996332236487546,2.2325461165265303,2.513774293974389,1.8212013665470685,1.7249699910146523,2.2605461894978243,3.3479306868525613,3.5445984446581584,3.497833076934491,2.020746132890771,1.1377515275995835,-0.4399976099352463,-1.1099336481642088,-0.986654396222009,-2.6334029467773115,-4.015842813058558,-4.171394972445513,-5.407656844973563,-4.325939449503094,-5.345809311441551,-3.663873547976602,-2.126515730994044
6.341109432300924,5.929731285817057,5.716664023799735,5.130260357943111,4.7584272831436625,4.80397221666858,4.263520854615184,3.7065026048191156,3.2174291435837596,2.392273781536365,2.4899551836981075,2.188795404267384,1.9699031463660972,2.042582821751715,1.768591623569291,2.372562126153898,1.4824378485737035,2.1630735772526473,3.5455209609555975,3.947441793366648,3.0056066416789546,2.723187509708693,1.1279463497154407,-0.8962717523284014,-1.2136206845939506,-1.2388550610814473,-3.5703295302091282,-5.203447457777481,-4.074099344925317,-3.8434098257574623,-3.90484553564706,-5.403892673882269,-5.6006038320273,-6.236894740653785
5.958996401179835,5.429552448499736,5.429507178774804,4.884892447831226,4.766217168825396,4.840591002254051,4.664517745096033,4.3941979285435835,3.393032777991766,2.4915811576771247,1.8481231961926157,2.227502977438508,2.152712310963978,1.8415179448444383,1.5109083897737368,1.6509104309535303,2.380918109016814,2.026312261102183,1.7490560975306018,2.7989798522475415,3.149856061507727,2.826749808300958,-1.3153486055784005,-1.4260716383698717,-1.214745158767507,-2.7399611730899127,-2.3723383058224132,-1.3780456115987234,-2.311353183265611,-2.68334577994936,-2.8594643258676276,-3.754180835674929,-4.4841994632068385,-5.29442431677433
5.643985704756195,5.108901921226772,4.653159073607824,4.7298686139409325,4.703074261348472,4.3987287914966675,4.092784354787186,4.2493406455346205,3.982805862430271,3.020159461375248,2.1785513843032036,1.4164454841560343,1.5387331254736953,1.4117006865641313,1.9659318065556655,2.1285762135576145,1.9124207425756943,1.7712513337943725,1.3398564991811293,1.573543527463092,2.626586171175451,1.2960117928477737,0.097042784397067,-0.10284873049301643,-1.3282258551404813,-2.0162520406907656,-2.374526880727524,-2.934444957818925,-2.377487653214981,-2.1844923604969875,-2.9250922620818884,-2.9939295881877928,-4.124399827045501,-4.385808402300373
5.249005925930814,4.779277526102135,4.241344656427079,4.409283740509269,4.559749798341461,4.014145859253165,3.434341240248524,3.259217614395649,3.6305707107637293,3.0430410813868822,1.9803429033584299,1.377306093312049,1.2296139230006393,1.5909734560181141,1.6290793357820201,2.402090279633946,2.0492303578993827,1.381851694100697,1.7278210526606468,1.1757349960685164,1.752738062555935,0.8209185350151653,-0.1402003226147572,-1.5230546887387333,-1.0307169802027023,-0.628434851976834,-0.8366800344644443,-1.7388231078851495,-1.7981442494684206,-2.6544224730682395,-1.9922290053600222,-2.7424689319267226,-2.2428766760304373,-2.992415543579649
5.290054508281759,4.810710525649011,4.385253126653385,4.114859744126444,4.200063996054283,4.092395978293897,3.6566184242224433,3.030852035660668,2.8092405891133665,2.9275919306950695,2.178042767719683,1.4205027672219723,1.0678313003679463,1.8398965619182117,2.081874272728463,0.8808089629563285,2.013843781277746,2.19294060556548,1.605672244017209,1.6349245786813236,1.1412352824574057,1.4202204235430167,0.08206321744449117,0.17669720322947108,-0.5376860505935781,-0.7481070898414892,0.4505053527013987,0.15329477687124451,-0.8345228961140427,-1.359309472760317,-1.3622048464981793,-1.365145635608834,-2.0836209242514294,-1.9210600253156092
4.953919141734468,4.751378041642402,4.528475453173334,4.1942905031413265,3.85581999894339,3.8884966902198603,3.9417435067746704,3.197280949565258,2.70060460008545,2.7808494317559846,2.4906572548379287,1.80790790297265,1.3597663505034758,1.3657418248524176,2.2301660445789584,1.8955263089238978,1.7601210412259034,1.7243247827877926,1.629836914921061,1.926688842624485,1.542803639506841,2.03651289190096,1.3420709514309106,0.7810733030184677,0.8271530015291509,1.8035677775661314,1.5918054620847295,0.7315611470424829,-0.2572246469434726,0.8657537412014771,0.7326379772270372,-1.0508913208371822,1.086556145403125,0.12439138527628506
4.603710003770633,4.057640469560933,3.746263231486069,3.645574608431354,3.403826689123914,3.365243318168064,3.7805202199914887,3.370348584237511,2.5293365526592075,2.69342076080912,2.7058722208344004,1.7462079304320595,0.9237949881884029,0.6188574098863459,2.0586812700768657,2.2292402660684165,1.883847900914799,1.288885968893856,1.5581273745798347,1.959514618556689,1.7395597994985215,1.8461126803789,1.447341856816954,1.4494967664910214,1.367532315043587,2.4292072057498983,2.279167738230867,2.008473598310944,-0.371682222720441,0.05132204859164529,0.8263721610619784,0.3459500745093586,2.1288517452007283,0.47814195897799017
4.152835862020107,4.170035472754049,3.7148544473406164,3.447771117100743,3.4430481759069362,3.3268041496203464,3.541418484495113,3.6630456654096206,2.957601656768838,2.4191595234806087,2.0768978627960655,2.1976195011214394,1.4605758735988261,1.2876668763958001,1.928673276338732,1.9631519613260056,1.6844699222545891,1.4991128058902994,2.0161752576741216,1.4617637631101013,1.1363731087709872,1.0575259018779788,1.5657839245427334,1.2997963156368584,1.433111411308159,3.0375698852318136,3.1376147433735553,3.878304070942595,3.5437158454734523,2.466086146670126,2.701291200619011,0.6020365762404335,1.9021063320368201,-1.139470796376524
3.71892256904128,3.6083856461977772,4.135627698544806,3.571939045607229,3.466291054396969,3.478959245160554,3.4721397092912714,3.765939682828697,3.0399792723659043,2.4841845022324267,2.3805855703567724,2.49725763839938,2.2001312942867104,1.651949563996268,1.5151806094838292,2.0226116856282528,1.1655315883003867,1.8151529137369353,2.688655243609812,1.7347252462956317,1.7970729203362026,1.4274646470761716,1.3818061182499648,1.410892098445344,2.3373033606436535,2.7102528733671134,3.3629501552848624,4.251693927097811,3.7248725682101025,1.634674221821651,3.1614989781579745,2.312061802592584,1.1760796393140547,0.6240703105115403
3.4156794085675335,3.4688968184066633,3.5306398071096488,3.5253081752568263,3.674691500673569,4.0041721258973135,3.797063620298019,3.106720641815979,3.2030782600341414,3.0118780555787783,2.363031220938458,2.253380309197144,2.33603667545343,2.1331578935825664,2.051072499270835,1.874325120054634,2.4072347852060187,1.9648749455907657,1.2471886682368267,2.4493675245222195,2.8486221437210673,2.4952246609244004,2.206953671070671,2.3033710809413037,2.464102125626858,4.2132076178204585,5.902528307911921,5.549124264838841,4.399468947628192,2.7250018275391046,1.945795979509618,2.729978231355877,1.572995721963887,0.4422747996267573
3.0386430428492157,3.160096379537198,3.411766853509508,3.2762136508043054,3.140000414690149,3.6653324062332033,3.690207817269973,3.7782283860950203,3.559711076715185,2.7156342542497325,2.1662770176274897,2.082835081426156,2.005216681508985,2.0016423052775267,2.284402334303259,1.7018342652710665,1.5047412670163716,0.5134619227017633,0.4914332012380052,1.0440330681903165,2.8797289354110247,5.346293394714943,4.132860206386072,2.9073813748508837,3.005094585754925,3.64712998573092,4.058624280268416,5.348573931644514,4.422728308631172,3.2170814485347337,2.9381639489497404,2.8320777696000476,1.7295521224811412,1.471024387931449
3.6262221448693106,3.2434518229223683,3.3363615727327818,3.2039969493562035,2.99210603671095,3.3437515989464246,3.304158765524248,3.181638673350384,3.5409954364844043,2.6694581857454347,2.285666275482196,2.0903246322397098,1.9004881332093386,1.8644814236638725,2.241339383674908,2.044113360705991,2.195110550408762,1.7934069806550317,1.6211787683550043,1.2832887928989103,1.491215569389107,3.982969664446943,2.789000393713001,2.0653123827771176,2.517959360713386,2.761266839612921,3.2136218230862785,3.312458130312605,4.677069194098905,4.860049500261737,3.535912827258192,2.971192111409886,3.5482934462850535,3.4220774133434717
4.085377472375453,3.7791008422024848,3.1292546798774263,3.2173027582635623,3.1851361248638685,2.497580410065194,2.2299776358363785,2.3959701185219795,2.8478986198656115,2.5289244173046805,2.2934748235524687,2.417588834500405,2.132737396927968,2.155894433825637,2.0352192037459154,2.6145164404030674,2.088172800228686,2.112109554224471,1.553719071307864,1.0029451674693142,1.118674694548155,0.9574351026041369,1.3968572405935713,2.0257261525569,2.2475277589372404,4.174083855949102,1.823144755172693,2.0380838875241505,2.987150249758971,4.331039356170922,5.839035421016333,4.678761792515037,4.0803928432164165,3.366182976251025
4.3745005731260385,4.076803099430888,3.3838351230799457,3.253342848368641,2.73844949646223,2.1620824614514182,1.7771514549478347,1.9022770940366183,2.5436598530716665,2.420350875733009,2.3985305609630285,2.4281837029552373,2.081360960726559,2.103173746887757,1.722962550481034,2.0968572922945823,1.29733094330806,0.5581006215170569,0.7796766902253671,0.5748732315810917,1.3383903764562586,1.3287267419646163,2.347598781929602,1.7843162094940603,2.496494187189461,1.3098742604180336,0.6589414881063062,3.262137472185262,3.331595073509851,3.7226873359506962,4.537503910419703,5.107814944202297,4.26330966241149,3.704005341087759
