script/wind10m.json
{"header": {"parameterCategory": 2, "parameterNumber": 2, "lo1": 6.000027932988019, "la1": 58.9999434238085, "dx": 0.5, "dy": 0.25, "nx": 22, "ny": 24, "refTime": "2024-06-02T01:00:00.000Z"}, "data":
[rows 0 to 23 of 24, columns 0 to 21 of 22]
1.588291320414763,-2.3110145344559814,-1.2357634712528454,2.8355185974246786,1.2048296775571425,1.4296836553502386,0.8242531416317295,1.3261767664468154,1.1996530277916424,2.021792180376968,1.16264503891976,-0.16354450717021787,1.3239062178051764,0.7403960247289723,-1.4728545338268995,0.4309724486448767,-0.04839778621844567,1.1389258313164885,0.8904684701275796,0.4835763986841386,0.1862429777557989,-0.1598216511064577
0.35150444496793787,0.6973390359458784,-2.0673045065819426,-0.15650947235051166,0.34689475136944287,-0.589263877022529,1.396323116277688,3.361300316731248,3.363828109875849,2.003601146600486,1.117919188674611,0.5783386322922232,-0.39128851133810155,0.7771663738568033,-0.53008835484541,-0.09024531923575808,0.5234681868977096,0.6041042669084579,-0.19851216296305735,0.6066351884093879,-0.31118314015881504,0.768393957419879
0.6834894697805466,-0.05032207758899631,-0.4909866001928441,-0.8530089766501107,1.4334674537689989,1.4174170134522408,1.2759981998295702,2.347189238535438,1.8126328198651402,2.830681261515919,1.9712608831572938,0.7106939309725083,1.0280722008727672,-0.47960552607364143,-0.3788568314129295,0.6567350318482701,0.9131839894231192,-0.5100189216871045,-0.1981047922211842,0.682419521799579,0.8114416064825076,-0.23746977664469832
5.697838748807652,0.8276418530027366,0.5722952512652307,-0.08983277493948219,0.5878233786453962,0.09662297850878163,0.24398702725373606,1.8002143142953875,-1.1746705300003295,0.9289552317088565,2.5848896598554676,-0.6081040176878831,0.5797623381382405,-0.2716430008826932,0.6165722170151973,1.0533535708742596,0.7609836621257945,1.2092023444572204,0.6367427873045852,1.220699376348811,1.226196088784362,0.7534064407414579
6.384819089375636,8.316089887594329,2.911312832404076,0.5309825537595348,-1.4655926053746886,0.12246664576819682,0.6383911723331522,1.5011488887983548,-0.4716735728025514,-0.5616456266329749,2.227060296327906,2.5410456994828574,-0.14665533123917734,0.31935124020921263,0.45423231409724313,0.7117228976494633,-0.8803851650154872,-1.1971791527343563,-0.4550618852720406,0.8294329485922031,1.194594057381761,0.6458323136118249
6.836192886402245,7.8425094171334395,8.031394261331986,7.079042265821436,4.503029731290462,1.57501857886224,2.694713610445382,0.9260223654343477,-1.3478332806886926,-0.7960545978824118,0.743539505808498,2.995746525451376,1.513595133787957,0.4880691260551697,0.040466714840275336,0.8893222586744993,0.5436491513915471,0.48793112364563385,0.4787952167062049,1.1158772621662265,1.6618468838864318,1.2884503058016699
7.510908630513961,8.360611314333715,7.904208235106229,7.2975499491613975,5.833991359880933,3.452223420602012,3.085483735352191,0.8257204361161398,-0.5453996394851703,1.8594127098937392,1.431724411178161,3.10227283323664,1.7718459511669704,0.1225073074095097,0.8325494612405405,0.06223883767950859,-0.24000057520981424,0.25584491805893544,1.2661447451296302,0.9557953580234905,1.6013917270688194,1.4031901701727678
7.532656729016383,8.64351574684007,8.160322540637674,7.305691818779779,5.988528033871819,4.900298430864277,4.970687217658352,3.210984481593208,2.0876027174619862,1.0365408478872582,1.3634048666471499,4.170279289810089,3.195825543329951,0.6960044400455206,-0.27237194785865065,0.7048601513113874,-0.5969839636590399,1.3582757768782656,0.27188163981457447,0.8539513181785802,1.4375442252992425,-0.9960686479648614
7.381599504523776,8.20651327236975,8.190391242800752,7.314342558139479,6.396111336312038,1.8311982189025924,4.217482976642371,2.8632802179208636,1.715315164444832,3.5781941005687576,3.078098883532328,4.180829170124611,3.4525048108668672,-0.24223145717397596,0.8183041766673618,0.4605695740863691,-1.536314540585072,0.6386870222611173,-0.9928027900310588,1.4964133719730797,1.8794359058688197,1.5547770005822783
7.121161642228143,7.709691590976007,7.667274875773357,6.9814484096168865,5.822614077780013,3.432750694454223,2.6398941354202354,1.402603273066252,2.4763970883145805,5.915269485998426,3.199784430131553,4.83539680275936,0.317933323427107,0.445771216099065,0.41921875954068116,0.37701951398188327,-1.4937661251390866,-0.8958232127881804,-0.44164446450507094,1.557637110210206,1.6200424211843074,2.6150739342329534
6.638938206739609,7.2514743382226206,7.192499781612172,7.03773169121514,4.973071029799589,2.7843015995558473,2.3094354958654306,1.525879609862715,2.7056482058423392,2.906381247550938,5.1450933290471506,4.04579891280449,1.7927435607007594,0.5058232733060425,1.881335618508381,-0.11257056978004021,-1.2959002092209988,-1.5946373972815582,-0.02814879534399259,1.1393886377956923,1.846526743597346,3.3694517035145015
6.226934294296004,6.928581220852242,6.890081463427733,6.935288788615061,5.72464064410481,2.388978410069543,2.707080285971898,2.3673276242729266,2.781691723468441,2.107237915360344,4.108180357709275,4.450083684521918,2.2951952808214626,-0.9421359006830217,1.1631128149065149,-1.1797138690731772,-0.5790929647733672,-0.4164168071534224,0.0704815150767121,1.0860938862670433,0.9826155628304211,2.9595905674562486
5.612129708954548,6.512282240832403,6.21272959011916,6.478482174210196,5.960190754807595,3.231813315516689,1.9481171313008823,2.1049221652553443,2.685486481551089,4.760400825868029,3.635725268394718,3.652563785250782,0.7398348538125098,1.7363168232975745,-0.5095623129429283,0.1627952785672685,-0.12502885034093908,1.0024592201028917,-1.122502908460614,-1.194215159007463,0.7448547706361025,1.425879103099822
5.301628685208157,5.85410168020679,5.941281241007802,5.879675636479323,5.70500883013292,3.4514689866688495,2.526833655460124,2.2938428255990484,3.464051949671773,2.936511068475577,4.355480680666649,1.3324636163666177,2.0580092853265293,1.953042376270832,-1.230134658437393,0.006448489368002955,-0.4840691392869536,2.2394238784362397,2.264645772798575,1.3654373919748484,-0.1389311227819197,0.8056537363567092
4.594313460596599,4.9943796374763325,5.671815864167346,5.34303782555828,5.18842738513937,2.5897037383581063,2.355272058118815,3.4364174775425176,2.4043368089375527,3.812840493742299,4.870594953277627,1.071200581729281,1.6262653873612025,2.903393227985703,1.116907760594723,1.0648338456320843,0.9957585240571893,1.3676042143373308,1.607374313156194,1.2366624026171353,0.3021699190351902,1.0056968267056554
3.8044818940221274,4.7120545843302235,5.011697250221865,5.424936358360949,4.782507994158406,3.0325389878187474,2.9068016239459538,3.2550242424921123,3.855711630235484,2.4108572872189127,4.382664158883068,1.3498660388395396,2.5308949396432006,2.070050619301077,4.264437182060495,1.3476104450099597,3.573904643511754,-1.3639458349262938,2.3820369593279564,0.38399946988230793,-0.6173617001975965,-0.6777460167876861
3.3070226491427084,4.237854365755533,4.512969874662376,5.887251309518881,4.468274499497572,3.8030061384371203,2.176311219171765,3.164929511290211,6.604179214425934,2.659343457762599,3.3164798174276067,1.157577772417035,1.8128052702550324,2.02862533930538,2.6468043877031624,0.43590876659605404,3.32925875606152,1.189320962340807,-1.4345339228063239,-0.08704651203150744,-1.4998747209488297,-1.412234703988643
3.024707251513158,3.6746079902830777,4.602062923916735,5.024910465479902,3.5188298135865215,4.015753156813656,2.181162246676818,3.5574787860419437,5.385078775127031,3.796898994499604,1.549452476305623,0.6511532022645913,2.6414643554026984,2.1434597252474124,0.33138711484726097,0.17701656803710278,3.2982511570704744,4.924370119248383,-1.1472841796024502,-2.1676962154220702,-0.7204221586152809,-2.1035349896405333
3.0265270906022463,3.5727213489988334,4.421294451081228,5.0308469825344595,3.7159729166995046,4.068236923496973,2.1863930697432625,3.2492150176534693,4.015981148878139,4.303550265174355,0.4902495505342552,0.8655339760016899,3.678435575605301,0.33691127959529515,1.8531819885503718,-0.4554931093841366,3.9901715851355433,3.308521740638397,-1.9113584613136712,-1.674560977031235,-1.1628170436100922,-1.1539488439058228
2.8617483056942454,3.1583809111659726,4.034204486568376,5.000102090289363,4.023942161857085,3.990857965077162,2.5047566434998414,3.3838822852686743,2.4194249609129037,1.3453280806725012,1.369254754538757,1.4883146721525262,3.6946203532944755,0.4514801775320665,1.110209993824296,0.17498403697800888,2.2480247982440638,3.5861318667911046,-2.1704183952893086,1.5863715957815852,1.0512896800934939,-0.7183399335243446
2.8377431581594115,2.4151602313264062,3.4694669685197055,4.167689645359419,4.0009420525161445,4.991688046462571,2.8628971107976797,2.133796582028744,1.863572433650985,1.1388482155746333,0.9143531727057911,0.6937387017264973,1.5856636343858965,0.8532247333031844,1.3678690018922555,1.4884650022379402,1.1499419932968034,0.33927293695005273,0.3174060603340659,1.1252660630656208,-0.06212365945999256,0.08452504151490095
2.630499958347094,1.3841902504720276,2.9076196268110532,3.1393605933337785,4.51216283069573,3.9934125050636746,2.692568408718094,3.3361114081863774,2.3950123891319817,1.7158379761785245,2.1036841681819953,0.8845961544443156,1.7409331618726913,1.153028984465431,1.4224469496161567,1.0538072855296594,2.1197418562327894,-0.8547534661775208,0.5726011216506754,0.058723954501561516,-0.488339188842925,1.0790211405074779
2.2724880082157264,1.4745436037006119,2.5454507903528825,1.5364090557405432,2.506292371915306,3.3577101791195094,2.350937915157378,2.7669725134177847,2.5325058491572228,2.0516107507401347,1.2707981335625467,0.566694829134589,2.0761822687049043,1.3522043566619397,1.8154077203416588,1.6971748913013887,1.0828606540945023,-0.6329008813119834,0.42981886604990593,0.19469116476915022,-0.2210713751252767,0.38489517642847093
1.0977202577533955,1.2837206523481761,1.9130541887350627,2.2393865620012834,1.9925605785477314,3.3126098579606515,2.8046962380959357,3.128449730133692,1.9033996228388432,1.5016288754643718,1.2711778681334256,1.1348984960138733,1.660014178326723,1.037128360979469,1.6947625539365196,1.448562441666919,2.247521278343572,0.4368935590693599,1.4673513961144227,0.8008267500176625,-0.10258821991457165,1.033911890689751
