script/wind10m.json
{"header": {"parameterCategory": 2, "parameterNumber": 2, "lo1": 3.000054539987559, "la1": 64.9999836372058, "dx": 0.5, "dy": 0.25, "nx": 34, "ny": 52, "refTime": "2025-07-24T08:00:00.000Z"}, "data":
[rows 0 to 23 of 52, columns 0 to 33 of 34]
-2.114972101232479,-3.9753949584495207,-4.162121145713393,-4.762605082701107,-4.759070703745586,-4.754238261854243,-4.6075721342785885,-3.891251196112475,-3.8429475247815827,-2.770277689076094,-2.8817994408634977,-2.6506537584334944,-2.1490640830883363,-2.7510085382888403,-3.3905987458158706,-2.548732497097768,-1.6537791055982596,1.0690192099815183,-0.28256223429948674,0.2812864710345472,0.8292453510689941,-1.1205292341700184,0.3269108920097024,0.7315604476711114,-1.3388626347402026,0.17904885074296997,-0.1386826931681716,0.22060820848264118,0.1120868868607837,0.5643414732612966,0.4142031766773113,1.1699221701947295,0.9027334123105076,0.6786810277010226
-2.275917102742174,-3.8381671766650216,-3.640047957257082,-3.990249500203181,-4.96686126175047,-4.67336093960895,-4.5062190484168285,-4.311205146956597,-3.61617086970101,-3.1491580859073545,-2.515698667386263,-2.2832525192015583,-2.136316411711651,-3.017244117356485,-3.224591975485529,-0.6832961407125573,0.6217358568784992,0.294040460952756,1.2566864354330316,1.8345984114743643,0.514487168635921,-0.204643686832425,0.25188636732074965,0.9261468381821187,-0.8689533129899633,-0.02036799545820204,-0.7850769586648755,0.011025688561420038,-0.05038560371698111,-0.30744303480403723,0.3824831801847408,0.5477320921643004,0.713718618931706,0.6240816097032601
-1.8313092801449642,-3.677063232696691,-3.4120461440193233,-4.060506869981871,-4.761173785360666,-4.168952126984761,-4.785650378381091,-4.390930682383238,-4.057775341508251,-3.1587694777552486,-2.671640583972317,-2.4837926109316806,-2.621976589462277,-2.958064888961432,-2.2289215952904984,-1.5733681684256475,-1.0925756904991226,0.25254299202238045,-0.1119247979457693,0.8689990034103339,1.54557089508793,0.17395287024940298,0.6188510627131103,-0.1521210335846596,0.5071400865567809,-0.09767706175658822,0.748240819630871,-0.11187554091066129,0.0796819896046428,-0.0869333483175723,0.08070271414117772,0.2754857677390796,0.7283709363819808,1.1969785390517023
-0.3566321574930917,-3.6955711790799204,-3.3150805900887006,-4.577856858930756,-4.048187755316753,-4.463037090570869,-4.9355460682973495,-4.364959508674643,-3.770610548313412,-3.372457597391724,-2.292218115522347,-2.738601489090741,-2.2390699762279493,-2.090564138171938,-1.2269425655207638,1.2199712953996058,-0.9337898893723771,0.11834279596569497,1.08119222071708,0.8251995067270858,1.724660112434805,1.377517491163926,1.576698346160038,-0.15488543684554018,-0.20693493306653332,0.5685064113086877,-0.6927849602670602,0.16313724501594204,0.39718054841330513,0.2772425591838549,-0.011197198934700387,0.2828259665613917,0.7677735334422875,1.171501752606638
0.4953212451607018,-1.5759257239085747,-3.364794774475197,-3.973282777577055,-3.060821089469305,-4.205810369181144,-4.024656651999627,-4.26267907590518,-4.184920006028052,-2.5378924306903947,-2.362014179424583,-1.0391364912330563,-0.18153677895513629,-0.05350843677501917,1.927729643422481,1.9263562576494906,-0.4290133891919469,1.5101487867831616,1.491066111184217,1.941431100991781,1.7795879013638256,1.7777761728280008,-0.2617696828891061,0.8127167786280438,-0.011605357696708523,0.714381645249153,0.6553362101373065,0.7773208561388361,0.16081261026036645,0.644895691172988,0.883168386422965,1.1026031540491803,0.2696006863193377,0.8433688715008587
1.342345296906284,1.9226327379578498,-1.9365839416727597,-2.8963886856612593,-2.517532743399843,-3.7340487471438975,-2.997812162557427,-3.500151848242223,-3.2083213705351445,-0.9773868086278585,1.887422780687529,3.3108116953973847,3.342713845416954,-0.03293666517265273,1.5516462847377224,1.4928121235104517,0.7484116465045972,1.778135119100107,2.2357602051527214,1.141959654203853,0.08221165066574439,1.8708283145498597,0.6760725437805298,0.23184760618455483,0.3875041893695939,0.07940172021508711,0.2884999702679754,0.48337797758395123,0.7362434355654874,0.8630282788389103,0.9362205117360165,0.4056583076003133,0.5955292022448148,0.7119775456735633
3.0427119888967997,3.1790201874066635,1.9619517662392565,-1.568513936222029,-2.187103357677689,-2.786354082179435,-1.8903236968458121,-0.24694701338938516,2.4970453394054233,3.315644994226458,5.060817998360379,4.642523629899535,5.740916579710228,3.2255598285012246,0.9048751067351426,0.27553175044398304,0.16747524567909605,1.0483330279129144,1.5596102163206969,0.7991407274830837,-0.018469608407118848,0.4176008605768242,0.9905900455054529,1.0267804904190785,0.7310364650055116,0.5334695741198672,-0.32590364866674515,0.18711771822074658,0.44520288620247483,0.8266704508340877,0.8768674381121759,0.9102587611097872,0.5472328504599374,-1.1885279931703892
4.174278781256511,3.929924598092208,4.671600307050625,1.7840555017056188,-0.6011537534875635,0.1458312881605766,2.796081140769891,5.95610840832598,5.758927222170345,6.495617331852401,7.194346697091749,0.38980540341621456,-1.2280887415012807,2.279039430926932,0.410745531491276,1.1519155323335015,0.008996372528651354,1.0934823093662227,0.2851361248874684,-1.3943265060827834,1.4089342691567963,1.2779647553259206,1.0650384849599264,0.8424446493303765,0.38614374877468743,0.39939004935806277,0.2699723625742717,-0.7897083189057559,-0.047273091274553064,-0.25379446710742326,1.0929324603661172,0.46114388979065407,1.096508924497355,2.6730323979635098
4.731719316589714,4.945418419573542,5.197125595423792,6.030686153464684,5.464928342554062,4.947971199161664,6.193042312319821,6.681808275500369,6.123330040003886,2.2777127584431254,1.3778009061700358,0.8210004902689421,2.2553142605877805,1.6692250299830516,1.0136445604310576,-0.01275575898028275,-1.6529025936136827,0.6270055794151258,0.7144015915006379,0.470497866426044,0.60247077554808,0.32730847093967014,-0.6258876555230279,0.7119284717584885,0.24113768289414786,0.023506802915442986,-0.64924001770908,-0.6375751715073601,-0.4091586944283086,-0.6070986783470294,0.929763516853004,-0.8420707042473115,1.8413981938123116,2.849743212674136
4.697733750546371,5.25866480260629,5.216032374609323,5.81290040604182,6.454782088757099,6.304233876484141,7.2255257611040165,6.090659663052471,1.578895296146341,1.440928867311668,1.5203513527816483,0.19377693055145112,0.745528807638372,0.1443135900406523,0.7343251805085601,0.7286170363609954,0.522257159993227,0.38180467595882345,1.4452238683789682,1.2783514123705977,1.15120253141534,0.8625659275620439,1.1169536334258967,0.43173126379208915,0.3420007361258324,-0.2157085960069199,-0.47142940754233825,-0.5518124515245763,-0.25883340083625517,0.026614482695943742,0.05411817198575473,1.0573614161967342,2.2331707667956326,0.6821779000435714
4.776601132666699,5.2247986396849715,5.32830679770716,5.770468062127995,5.543314426865124,6.746266122191602,7.592714780667977,2.998353964717781,2.30596416729878,-0.5031855389229665,1.5702703913791851,-1.5197556786096094,-0.004534374415813297,0.5898644316589885,-0.7740581674653975,-1.0536052266292943,0.02224108380725252,-0.7699732018954675,1.4766596339939495,0.399735491740809,0.5578039566116986,1.1473296722038089,-0.5072929788217125,0.32499659897434174,-0.1713757196598141,-0.9308769221837819,-0.45048139553895167,0.06726288219495859,-0.509055044574225,0.2130272805420523,0.9449797993692091,1.2628734935818346,0.3520171323736226,0.12135169167313144
4.872300165771671,5.213563013848334,5.698981876409667,5.491686267430166,5.17024848830342,2.4521549560589704,1.383227248359629,-0.6724593653424039,-0.020233837194138356,-0.4135694527706577,0.2933590019833302,0.46999739153907133,0.11222370248525546,1.0832418480657389,-0.010871048574507186,-0.25688805635372036,1.161856033729528,0.20237767097406317,1.2343226932948421,0.9445370896221132,0.7833779519355349,0.005085822971198052,0.0850476481615741,-0.6143170212330211,-0.8784272961760871,-0.273930281742445,-0.3000700073609573,-0.6126268202628492,-0.5668597786623063,-0.8422260225545275,0.9004927483491086,0.8578607224523501,-0.04711765887489589,-1.614976374664538
5.099861260835384,5.137124436548823,5.631705998751907,4.825500223892975,3.003238900698732,1.1383604957067592,-1.0780446034513964,-0.10991616444838821,0.9865672221229316,-0.5053736694176002,0.6841218982203092,-0.3930772465552025,0.8840830508535275,1.5868688560298587,0.22641906078715213,-1.2255923564996485,0.282294937421301,-0.8078909827857348,0.3675226852368779,0.3966057414175151,0.39592700142193205,0.4839459116967605,0.04471522821880745,0.4429493496368096,-0.01787598030637693,0.48580707868492123,0.6153673493116515,-0.20485213777416855,-1.062916282750491,-0.4409687788552404,0.6758291043899507,-0.37883566557164544,-1.366487966392611,-1.3601598296669741
3.72477828478026,6.204269875198611,5.092841602470781,3.318245208584582,3.4027092466462565,0.539784410265045,2.7087263294900175,0.7783297142762389,0.1364781585429932,1.7313542451763246,-0.42079158674085343,1.2692272697524605,-0.7096297052271933,-0.4983259107992315,0.8784159837114417,-0.650857519262999,-0.6313460825885627,0.003564515345791474,0.08828067642799603,0.21738421960022136,0.8999779624979274,-0.6586486020059764,-0.7111108433551043,-0.2332949502069088,0.0694694011157929,-0.7379513320604744,-0.3236323787886009,-0.9309080142434659,-1.0787750548718293,0.30948081299127,-1.1663103896939115,-1.4535022038332421,-1.6375671796790734,-1.9583397302294872
4.8203092441594775,4.781940452766551,4.018314588420039,3.022029696637891,1.4142464367851877,1.5470678676004124,0.5552416384733048,0.308078074733414,0.6528633621698207,0.5531678025677942,0.25593410022757845,0.21003317901892987,-0.6214343104375823,-0.35137170108306126,-0.3061810214673886,-0.47870155438434614,-1.0991571322620786,-0.0628373635660555,-0.20561734355869613,1.0271591000717513,-0.35888227997578825,1.1423371199342018,-0.748940426394142,-0.5513994469698786,-0.34878373582499445,0.12522637634378406,-0.3829863388473734,-0.972321957126088,-1.0306567587688187,0.08505918807776124,-1.722335764371125,-2.1266535086375455,-1.9799809172985237,-1.6329963988735972
4.724310004355912,4.809895732428116,2.878977941807863,3.1347486062364793,0.8856630453379983,0.8571297557469122,-0.6713934778430216,-0.9574304645143765,-0.05521422030657976,-0.24166278148398893,-0.3464506387203229,-0.46735278893830057,0.49022887330287,-1.062622384416569,-0.6030220407021828,0.5074067781227797,-1.080025236432591,0.9716293270988765,0.639510983903214,-0.07697384822665472,-0.47036596795347274,0.8392607588909766,0.30627151487225973,-0.6472603471807657,-0.4806506223901636,-0.4672047686001982,-1.3703934365746464,-0.7939062299292874,-1.2543134050645777,-0.6580837011244062,-1.3816973526118717,-1.9848375556122089,-1.8727696719574363,-1.1798988777746013
5.193899882343453,3.8219556863591855,2.7203532369659595,2.3917413649059087,1.1496034310560115,1.0071601535020756,0.7540916658766811,-0.06485565934981488,-0.5968646800587741,0.6994847852195027,0.1468500860764463,-0.425578671587286,-1.3492644368679718,-0.2291042730239301,-0.23902257889843825,0.31507022379939886,-0.452533442007421,0.10250444525443503,0.091532709798941,-0.2936734011581692,-0.6405938054988676,-0.5356341935580151,-0.4406896933310082,0.0503565023660573,-0.8332230728149804,-0.972499907927399,-1.422185981395673,-1.4657775318274746,-1.4767218870001344,0.015759199407499147,-0.8865862022905697,-1.622327613874896,-0.9575598548732893,-1.013317597089259
4.2054516300661975,2.984794262261792,2.346862681664138,2.587784979940943,1.6784176597853493,-0.4289122444962545,0.35865887364025256,0.6885992752620059,1.8296455329011108,0.8517048686347095,-0.43362883894783844,0.30310365423110003,0.5327388438144737,-0.6601672754346594,-0.32527588581590544,-0.6702281124389847,-1.304063103781586,0.3265837193520533,-0.0220460927152929,0.4024277062362656,-0.16990203614683919,-0.5008988003274507,-0.4550228528577432,-1.016843735939797,0.5903652428614516,-0.8833191621901721,-1.4425358197265823,-1.3524174312779016,-1.1348082119009268,0.470254336924818,0.09032193713312453,-0.19787038972836946,-0.3163140199589406,-0.7420005014764971
2.9886005948359693,2.4782315630104743,1.7015590487923775,2.363210734447221,1.5664762634219411,0.5838755329644401,1.0171662979344476,-0.03322584559134628,1.5383746120533512,0.9670068398807207,0.9443709393077631,0.7203980088120926,-0.00674828742808491,0.14224591457309466,-0.6868360612342106,-0.9049127259879095,-0.8310620949585483,0.41658591853887017,-0.07589387084047125,-0.30219580696115367,-0.5532875916370804,-1.302290808020234,-0.9754032791522034,-0.8448922855895089,-0.42538910295315235,-1.2950603029258894,-1.3956917933853819,-1.537636801103223,-1.249403693961955,-0.9112701649512716,-1.2461596788183058,-1.3337084461299402,-0.5371227944656748,-0.692163568226009
2.543283817439287,2.4401331472899783,0.9407100738930305,1.8218056666786338,0.7213824757352886,1.3433138213324125,-0.9359610649532102,2.3239078870652192,0.037609523419350525,-1.0699402551502688,-0.9471242942351592,-1.250790866828816,0.8491446406339679,-1.3993402277867821,-0.7311342879008539,0.16551009007953374,-1.0903760805758145,-0.27395465517509143,0.08668164858138373,0.4954854412191947,-0.5221953245461602,-0.9630425555281106,-1.5161015082909477,-0.5609910600917024,-0.5192680722194926,-0.88379573655314,0.13040121066337587,-1.3721077781926518,-0.9226833740716367,-0.69802409124775,-0.8240648820411026,-1.518360878203656,-0.11051038794995813,-0.5895966606527613
3.928128662550256,3.57389322338199,0.5403431914222023,1.5217821630722512,1.4199648124674646,0.9717723293244656,0.6949242535299033,0.5508559261693492,-0.2501450023596703,-0.6523893641174888,-1.0378425052248696,-1.5749942920415345,-0.9100278789140817,-0.23519846172880576,-1.090357128979576,-0.9758678824491555,-0.9111621990914847,-0.2400183119437274,-0.38801643966565363,-0.2783437866028469,-0.5642769769956117,-0.5670204712202189,-1.4150728379155475,-1.2912096459366704,-1.1305865942765791,-0.9441628565849123,-1.3996443481359526,-1.1844538457456704,-0.6786246363733172,-1.3900397160251827,-2.0545462991871895,-1.7990296221372022,-0.31744040506088295,-0.2685037119142272
3.838082510721003,3.0067996603059695,1.7766483585114714,1.5133622976091394,0.6742281228682409,-0.07820538545535727,1.3784726819170408,0.7130107397865836,-1.3938840898943083,-0.553700307315066,-1.016855802200152,-1.81958518227826,-0.07183657584548847,-0.5346278895688784,1.274455894611867,-0.4755370519787,-0.6553456012395424,0.03971238814819659,-0.0521797884930514,0.25452205153741203,-0.582992698967803,0.16290492407673904,-1.4728212675468555,-0.9972187589286214,-1.3779702341720226,-1.4318368255203238,-1.378195358154615,-1.3392046891480176,-1.8430475812228866,-1.988139087289583,-1.5960807013572442,-2.150988586939431,-1.8825635306123034,-2.830100691981638
3.5338260351460553,2.4992157277621603,3.0874092642343434,2.1689650464791717,1.0223259889608338,0.13481608112964655,1.1693027833015115,-0.16158669078561227,-1.2292726944200183,-3.0588686708302397,0.6972169829119332,-0.3459149731652477,-0.6809807209354022,-0.9516477065468577,-0.9504727623456003,-0.7855704491603295,-0.527592036811537,-0.2909366659906966,-0.5265811937735224,-0.5078852815054551,-0.4919610799940505,0.4113231968769397,-1.3854235647746191,-1.1635930682444746,-1.5013000308624074,-1.3687311576162902,-1.7337780936053673,-0.8668038283981891,-1.5999083695951466,-1.7880176844014253,-2.132603610467525,-3.257607412043223,-3.424071891089019,-3.762910748873301
2.822818611361043,2.936324815741014,3.410663527866078,2.312783804245069,1.622223044630198,-0.07370109517856166,0.1607667144166796,0.8701843971137246,-2.241755722255742,0.9277043606517114,-0.7559278458292049,1.1432087508203788,-0.2738807877120297,-0.2520294152764131,-1.2109577321037281,-0.5928484974061659,-0.8867843825775014,-0.835216149006685,0.04876784207334122,-0.9991679805622012,-0.46903914390510604,-1.1214362792247932,-2.1883963766259176,-1.6688398560440327,-1.7082984198034878,-0.8279939665846419,-1.2004491098983754,-1.6053942345532553,-1.3589100192386123,-1.5146162369457907,-2.591893600635782,-2.312737356811181,-3.5568243193503815,-3.7690004457142243
