script/wind350m.json
{"header": {"parameterCategory": 2, "parameterNumber": 2, "lo1": 3.000054539987559, "la1": 64.9999836372058, "dx": 0.5, "dy": 0.25, "nx": 34, "ny": 52, "refTime": "2025-11-26T05:00:00.000Z"}, "data":
[rows 0 to 23 of 52, columns 0 to 33 of 34]
3.03245217792558,3.4822706004775936,4.37880161730918,5.450484043027841,6.452277289733293,6.553078693801568,7.332564771016496,8.385713548691916,8.944558367116848,9.396929202097436,10.011055839742452,10.644940524243914,11.639721819066375,13.109027701186225,13.551310678508495,14.457613201057145,14.131065279945133,9.073752666117986,10.175923676939716,11.618310903827757,14.008898197460573,13.84191155297339,13.642058447269763,10.859968383398375,19.796444072155275,8.962065271401716,9.374859030477284,10.497648676766035,12.478435795629299,13.408589469477803,13.06445847791515,12.986331078834356,12.55356811626615,11.771197295681155
2.8519645816322456,3.383676291137207,3.706224826619044,4.580905290295982,5.590789555939291,6.825864097990871,7.419711697412696,8.165601638586601,9.066343364976179,9.637012276496526,10.339527090932137,11.827441064955472,13.017947986745655,13.756848808014432,12.698820902422392,12.78584879317117,11.734826552129965,11.888632285403707,14.931413914082533,19.34815982905026,9.894526681780492,15.336258942583228,8.403935304558363,18.12156874430651,12.850863083905526,7.053425946799586,13.21044074318491,10.061430911432245,11.92933062006602,14.948210969754893,14.675329254993668,13.666788796022937,13.785771931061925,11.64186384935738
5.517166904750909,9.639858698301275,6.057599222997293,4.7314989719897484,5.638636027450859,6.245434372835345,6.995058704951294,8.139857411611201,9.083367684766522,9.295854858332392,9.69604491059777,10.03443440283008,12.690639445373106,11.761379480303773,11.277161949828734,13.24417199011669,15.730277005560067,9.141039564841702,6.841175468537381,12.07746392614003,13.153409309960145,15.945160209266458,12.860576424607384,18.907627932183754,12.92065345199444,7.042925058329826,9.112443286517292,12.793848487621867,12.902214409930378,12.974151037778931,15.372707143246176,14.370851411178815,13.586780914071674,11.922226975244865
9.696312668249957,10.737926527658988,10.086305964905513,11.518244700243761,10.701412757670257,7.464696165557641,7.020453236641898,8.777646773624294,9.645587376195309,12.486396309691242,12.596716925977132,12.336467038975123,10.94338232479511,12.227081639514022,12.803561510859211,16.31695743814864,12.506112509822074,13.619409196279443,14.681803726597643,10.329524344228705,12.76319945000665,18.682220357007978,13.156448695799355,11.87593071737812,10.152540704038335,10.445743087664688,15.2845277690335,13.089068947628885,12.871752140817089,12.941138478047117,13.470888515826667,13.947532068038914,13.076870771774537,11.017363253264925
8.499036717868467,9.7062653984543,9.604809828334947,11.016833790093825,11.76952911384596,10.470680099334983,8.738337994766013,8.930024368355719,13.635259390576769,13.86546732949584,12.633581979815677,17.049516779287874,19.366962851294822,13.103711213343042,9.212850216014552,14.649449627008108,18.381493955200774,7.7420978410759895,8.716347996161321,16.499672692848403,14.447009600838463,17.738725838134368,7.919841588647357,12.14685098999898,13.324511457676294,13.214107348445788,13.300234647072969,12.741204562448559,14.746393141477641,12.705121954816489,11.7879699703966,11.897238548858518,11.919933231549305,9.941588439080299
9.601911274072727,9.970191203932712,10.927984947393599,11.73092095707983,12.814413128639913,15.336560868872255,16.979673915318077,14.485783038061362,11.85259364603428,12.95273434721906,18.66843213760357,16.725675566087904,14.045303722205443,12.336492760875576,8.348787192285142,14.134083925678707,9.001381130148056,10.363621549764972,14.968777759760256,12.026882992350858,8.692288677122242,13.30741085331041,14.745462272406963,14.413157364001162,13.836612916556891,12.475937942744906,12.948360668885922,12.420400669541573,11.348689283736173,11.67797262511728,11.913133904978222,10.550028543932703,10.909368374734617,10.359373757796359
9.209342541844176,10.906875000326279,11.512542931410703,13.058887040676938,11.859005929910102,14.265754513842218,15.50031293609651,15.95415156065325,17.391611324151565,17.0525453456976,14.83502453278672,12.2984060660154,13.568761144710047,15.94348360332093,6.268813076017381,9.444351032254126,7.439176926902455,10.551188716747882,12.729139407566663,11.957571168034113,13.25274280018442,11.72306610073142,9.987438936638737,9.20052149275204,10.77788352191161,10.97527851797585,12.256795643528687,11.596771603301393,10.715294554928862,10.527901107040115,10.795857546774451,11.100795601646421,10.625380849624845,10.121529249492157
10.270673229167269,10.916700913772596,11.613409279329325,12.837780952267327,14.614291710823174,12.53147573458693,13.969377400726557,14.891343114118623,14.290158242848387,13.717752316925417,11.133292946824568,9.804714826331598,12.427484471082238,16.81424639085608,9.159710695933134,9.015611769955049,1.7804615897418394,9.998699447488018,11.457717578149415,9.990241019921752,9.967604122778543,9.54043995832358,8.167925122179824,6.948007428718322,5.878960004095998,7.520834674483417,9.176397982569952,10.114659791443957,10.198926539244235,9.404979298967762,10.59469025057491,10.116496705743131,10.295983005378625,9.289708028896776
8.989810701889901,10.553755480917562,10.770816905040308,11.251022652219522,12.137316673562346,12.529127953557657,12.574024816335399,12.11139938727365,9.964577243866712,12.110516888933965,7.867794425920245,4.831121345562945,11.627137859067162,13.511871447808197,11.793443764992292,3.2872749877128653,4.501329061460816,8.068356852003959,5.765915902557212,8.276464656585464,7.114717270026455,5.963047442655757,8.101025253540165,3.3391917112980676,3.9409892039144063,6.02426845589066,7.648878173645032,7.736838388849071,8.190078322947368,9.183934858894503,9.27027973987165,8.554394807635896,8.083006517567137,6.479679869115327
8.73276675561974,9.39365507440189,9.45552392844044,9.489447159929329,9.398650602501041,10.278414274421028,9.230001811141994,8.286755570975062,6.470420076276628,3.1200691345042353,3.3911509675550384,3.369005082353058,10.571171638590606,11.26500273261549,4.686901604653454,5.053004311264581,4.005921871622249,5.1409361357248615,8.081084405670406,9.262293339819287,9.18844394298757,9.852952401008281,10.920279114780602,9.599438614997615,6.740404730835711,5.433086743500307,5.019611534452671,6.675057740904181,7.527027416706228,7.486307334692418,6.1528458067013965,6.2026888013116555,6.06719441939571,6.873171584062528
8.080399768365403,8.216385800871903,7.788536871960539,7.7018007171297125,7.662985390132518,7.679518619745383,7.264247492028093,3.4917571963614407,6.334285878266686,5.4682615531885626,8.325553480905755,0.8830606995065315,8.816103548139907,8.631189739168894,6.851044491589331,3.926245899323711,5.223449114718013,4.751886369117642,5.328809957148143,7.860324270176851,8.734416735668185,7.742121412340133,9.516579024239219,6.352882023231735,5.788478338444151,4.196949853317978,4.961692849400561,4.963247115904212,4.58375291974877,5.8301423907847,3.728979196359151,3.2213767055029514,5.357930298074039,6.698374481156382
7.237702399831027,6.973680437090782,6.267261571381928,5.337248981855619,4.75531666354438,4.608833038899374,3.5266799164504774,-0.9335465972445598,1.0361961460395521,5.546433917119321,6.620539506780049,6.127271698075633,7.146054107416134,8.964589459056581,4.1377789669570735,5.491057629311009,5.874954376663149,5.341323118334518,5.15981987592598,6.427478950763782,7.3091910623301795,7.5785652089886755,4.0911609415583285,6.993130521376145,5.495257469277692,4.3224155920220255,3.633562346347927,4.685233464445965,4.002706150958314,3.9057083069762912,4.311173068538503,5.257578512502012,5.659050950552497,6.518622145247048
6.755283522773119,5.738844428968632,4.673496195898813,1.8718023866245352,6.595095465474247,5.634177013374775,0.6471578131425509,0.9983861350852551,3.997877564028957,5.541652475981053,6.417061708698906,7.447141531683742,6.213637421207174,8.227467713692372,4.826806996435656,7.4765817484555726,3.7134392282866022,5.516670823376354,6.253050595573784,6.987077373430866,6.539143748722206,7.740481254404743,6.938297422030217,6.180227129875148,5.147969983187558,4.920563989066733,4.839123263747466,4.814682316343566,4.497868699633374,3.53162792626639,4.075919234499013,6.153005138236707,7.193469289376665,7.771709643360495
6.220836643881687,5.070493834124157,4.249564131579747,-0.4870636520997032,5.43116199099818,4.947373415523149,9.989831211778458,1.4611178612491627,-1.0521521720589593,5.8522730870228346,5.5918342240472425,8.11479894860784,1.7143400291331838,0.9422676715217656,7.789390577906564,7.891216801925754,6.1049410258271495,5.465949491774304,6.53506963715776,4.9562762941717775,5.83060154083418,6.978443708326173,7.492737476031488,6.3156250121570565,5.316315519534503,5.480577132997792,4.944314320540079,4.023156754969282,3.0183434527413127,2.671614297169519,3.393561857571393,4.22635046436823,6.083551487633461,7.186934517730787
5.353615747667256,4.489305200142831,4.0129683604552895,-0.27135123844133585,2.7723268079952916,2.001577022061172,-0.9360657100676228,5.314789156933004,1.7905719565357907,3.4794159685501382,2.662835560877238,2.0756207977844734,2.3355559435632,1.9858954554300048,2.8206999506146224,6.711774354596211,3.6952798824445394,4.217722695429028,5.049076007538659,4.94150317752744,5.135126904289262,3.9991900023537017,5.552301933126754,6.393064154044473,4.884815924322647,5.485899857965762,4.326905572060346,6.076336671563052,3.4204548408780173,3.7210851932890003,4.299339531796597,5.663474033446954,6.0876389268359805,6.276841412097275
4.949009477734024,4.140977396828627,3.5966777207137723,0.5670097970542921,-0.9114955796830451,1.2514701433065565,3.9419844162895625,-0.8904498629118344,2.861305874781746,4.45719315643506,6.756984720217795,7.035891449011292,8.003731516358757,1.6708111512930304,2.897573679897252,4.448989415233507,3.0384067381761617,2.241214339745007,4.811396088737479,4.418460273921556,6.863254758126998,5.901795995619298,4.584500879783701,5.286796478966628,4.525652125958344,4.644918218287528,6.112311320583517,5.1947082319808,5.553365821292091,4.711862624903469,5.171956754321055,6.001691629109455,6.124430912016615,6.165474695060717
4.6710372487133345,4.403828495055832,3.9467951693993135,-0.5877584791126701,-0.9789771432262636,3.3494724230681254,5.576048683673527,3.5410769557496784,1.8740783908580012,2.595724629182071,7.2058407000692535,4.594055384425533,6.656645415942999,3.6296158459672334,1.9845611324654027,-0.0683742196328854,3.4871294898688263,3.0487411366183577,5.287140891353455,5.209956967125635,5.6078503060695075,5.796505497328756,4.171665142807489,4.124325380133957,5.576324788903833,5.69645142098985,6.618159263105414,6.008078887502332,4.991799517454061,4.339789352492756,4.87596897107621,5.636954669583774,5.764654459067711,5.922086854990297
4.200301194194508,4.415096275383379,4.113838112936882,2.1723360930554976,-0.8850923628695677,-1.4170001211478804,2.090475809125851,0.7267236386916198,4.903108731408156,6.115403765044306,4.725483058435573,4.240372957329992,4.840000784805619,3.2022933012489783,4.083987037769945,3.885940767495258,2.2859415608254228,4.150053650626426,4.787135198821614,5.787704655614336,5.896881481754516,6.075748301850161,5.2412813602096655,5.373558905897187,4.718783064320263,5.232325347778913,6.076525276041693,4.221286237724418,3.2269208402790923,3.32963072571732,5.510750338241189,5.294545952852989,5.174102904201863,5.6864577636054765
3.9155417409731443,4.555317513172345,3.6032592845671285,0.9043833775309371,-0.5083960910122555,-0.2169785230640752,2.767308917776366,2.349320740196012,1.286699746834036,4.236240828129766,6.81585026317188,4.8969485151367795,4.392118014322733,3.4654003723664757,0.45164559122904274,3.180380193132817,2.704149440827538,2.8418920352533537,2.582490933468718,4.7771718866943145,4.474817701228601,6.833325884025247,6.069739856722044,6.027426558678337,4.883075986574454,5.021332148830976,4.928796171145777,5.663654056322921,5.235977133907193,5.959322518033906,6.509822419250069,6.937190578177389,5.893993738695214,5.684095063015778
3.672082410272303,4.133541542462648,3.3943966011292366,-0.16225130264059223,-1.7935729785266197,-2.2745389011796706,-1.278076089163278,3.089317196990807,4.146603885941563,4.9573596406673595,5.178402656859861,4.046902355212051,3.753131120516506,1.8036938147854098,2.391433395009025,3.2297667220854125,2.1845331666107826,2.933090899376824,2.788293566125463,4.151619314616534,3.184567646428865,4.994516942912329,5.982028353067737,5.280017450334933,5.584646996110706,4.400747127520684,4.323504940312985,5.588153026647169,5.796905050157967,6.815614825756825,8.121408978725325,8.331159897562431,6.991390758308249,4.889774416145476
3.4435339249531722,3.7221021761805084,3.218511021850855,-0.13385264420760704,-1.080982169610516,-0.11997901097455912,-0.47521793629526055,0.044380587194202806,3.6069662793540203,3.5441434666611946,4.649345268558091,4.075797238074976,1.7345333243072019,1.5855884571438623,0.8427329026110681,2.472502008756514,2.287930511902805,2.9862647791404817,3.1045674856588854,3.484648850719018,2.776669190142774,3.774656855010989,5.671288769273065,5.638096231980323,4.919504050794778,5.507855443854285,5.536121718826539,5.8903376306335575,6.567515450942967,6.565953705291221,7.0759683605472015,7.241760787765025,5.876272248753809,4.382096435429662
3.431056973847842,3.5370586665438633,3.297400970015753,0.11844269046816681,0.5496713617543016,-0.8569272947114277,-0.4969631096554598,2.2024341492659274,3.9027993829446928,4.51590978904356,1.4002082892611432,2.6769864099625864,0.4681205834628297,0.7808016267502769,0.932597511166265,1.4402860858640558,2.676094988559615,2.6337975162096936,2.464831316736017,2.5270747506354354,2.874695762696976,3.5273771979247153,4.178751339858446,4.815022331368991,5.47072913140223,5.892083106160288,6.202934289482957,5.494916686960093,5.43185395601039,5.4297944150322826,5.567190413395673,6.16273404675425,6.269706409450915,5.130381186232437
4.032328004687244,3.380556491768072,3.1806391567900683,1.017696472187475,0.11676227551908276,-0.05100226662164247,1.138573532343457,2.9763424525986566,7.750156578656613,6.643317026392356,3.154816289320695,2.226588505477317,1.978937927629971,2.2409545388355014,2.0457088317651566,0.6718208217682448,2.491458822558891,2.778263909570473,3.4106313602440492,3.6198157192215614,3.5686826767609086,3.257097223944976,3.9688039746685404,5.089898185872908,4.817859621103345,4.6584454252808785,4.830284087129768,4.828712994374542,4.942565862512779,4.93895680633193,6.238708054431326,6.2898080117675095,6.575805380317358,6.830021580799381
4.223512067717629,3.4351213559019125,3.11651122253682,1.366860007328045,-0.9225754378506135,-2.112477068135207,2.5693851163145696,5.805493425011701,7.622481337158938,3.4183386342748983,4.976885627741923,1.1638129772062615,3.4366766873681285,2.779814579881701,3.876773917074412,1.115304014916735,2.4183513950510034,3.2255929894064397,2.5503790307728176,3.638259602671007,2.8198320016277942,2.2995711045838276,2.8316071520996497,4.6226453040948865,4.0769855339786245,3.945688594483952,3.8682217464694686,4.729537955842411,5.447114486007408,5.512624478156998,5.702725255814633,5.4528389726528825,5.486205021835492,5.1674675938970625
