script/wind100m.json
{"header": {"parameterCategory": 2, "parameterNumber": 3, "lo1": 3.000054539987559, "la1": 64.9999836372058, "dx": 0.5, "dy": 0.25, "nx": 34, "ny": 52, "refTime": "2026-05-24T17:00:00.000Z"}, "data":
[rows 0 to 23 of 52, columns 0 to 33 of 34]
4.241695262592726,3.943953960314781,3.5102566600581437,3.360789767438068,3.383804196298184,3.497211648036,3.811819115799234,4.102601802629343,3.760457117937684,3.413290166863303,3.228661569494108,3.3572972852783205,3.4100495764365895,3.417255996620415,4.008484216774962,4.661871199598308,4.475415195834878,3.4088729475673962,2.6123675668697612,2.593682441188943,0.0021646258929514796,-0.4669473254761396,0.4339648578240634,1.533324861679127,-1.3954269887100113,1.2542878946058085,-0.41392683390024493,-0.8132044485542755,1.092660507221446,-1.6158832914218704,-1.6103027150093017,-1.7018509035716367,-1.3684100178485303,-1.6568468828209761
3.842222753485415,3.661499776216387,3.315976261946872,3.408629135308315,3.7523105831372043,3.83264786826711,4.173566538002975,4.281828588329668,4.353607880067295,4.625481433079007,4.148302127688016,4.228194143291448,4.25666758151418,3.880333290686311,3.4053112122447717,3.86037532369453,3.8087379194993343,3.7984358845153645,2.5238946505739226,0.5264279595278296,0.8465239406356223,1.499596099977135,0.13857168606443698,-3.6387028741547756,-1.490383542634079,-0.3356984385165989,-0.9019496968005206,-1.0742528682887762,-0.5670835328780716,-0.17636065285898486,-0.5197655707529416,-2.119722274593457,-1.63142288616502,-1.1783797061164756
3.9514423469865805,3.9429686691196326,3.8167269316872643,3.7338592589422013,3.986974540081328,4.177982324233025,4.390663252537812,4.502363155778806,4.583817653065034,4.4596458347389305,4.083373288456525,3.8893831741175195,3.806458045509947,3.928367935530922,4.290583462148928,4.948003892544877,2.211108328231214,0.4497804429093795,1.8206749084508123,0.5843747322808305,1.462965351514747,-0.5345678082488123,-0.5531866599819506,-1.4655998283532348,-2.961963354771889,-3.3537121783802175,-1.6435650253167557,-2.047309598711098,-1.4026233142046907,-0.3749120974215789,-2.033428784661755,-1.89300632267658,-2.8395121650578075,-1.476737913321296
4.472311993350501,4.332851948170205,4.431841512215222,4.679800199638964,4.964706086340545,4.914597971580943,4.7508457771615165,4.74145949215503,4.763501727757267,4.6482703366821205,4.197856863864705,4.179629597648453,3.566349997750101,3.7335112520176805,4.520330883851894,2.679212700661601,0.14144683424979224,0.4197987320971684,-0.08841195647279418,1.7510330954390254,0.5531360101913786,-1.137376327955686,-2.1296016332359304,-2.0436761468687576,-1.3120498109289136,-0.9568602831547866,-1.5200581097360741,-0.8936113181977572,-1.678484970325115,-1.6806667681698675,-1.3529438950480863,-1.8114127133750488,-3.30452563138085,-2.55258711240853
4.9358444957509935,4.778251096471552,4.774364217900447,4.704494846483959,4.87405250116281,4.999293929073694,5.315340851756364,4.932298104929753,4.598817425723811,4.202756784717174,3.2147846403687046,4.143542143039204,4.3537657011549005,3.990382690775385,3.346819724278879,0.9467110879122519,-0.8020375142850248,0.9462607733393619,1.433491026845297,0.3667502630086793,-1.6833009550543567,-1.4216461626735761,-1.8336660665504918,-0.08590786556129747,-0.8623546100526921,-0.038453303752117696,-1.4521501044836085,-0.6319698103189492,-0.7186238743727654,-1.0638730361084634,-2.821341849346449,-3.871274287230847,-3.745933069116572,-4.850502764032678
5.2777395138032865,4.954980821956035,4.825428364264637,5.031290247251668,5.3388989887060445,5.284819677894805,4.997193156182142,4.175736376117723,3.648791301302825,3.232263426738512,2.8474639446184478,4.348742979041123,3.27176984994105,3.865130993490406,1.0613019367681784,0.48523792052047027,1.5976670331012648,1.413889072927289,-0.1501660545946561,-1.3504824975324015,-2.843355559283381,-2.983571551440644,-2.37075077557506,-2.474894808218649,-1.2090549209852164,-0.6048585515931089,0.36565639521882054,-0.48277677267920943,-1.9084505887968226,-2.0633275472585817,-2.356585912781668,-3.586414019121215,-4.325333224182282,-5.428344628128866
4.762682034223857,4.9132872945282875,5.312410417317095,5.479088261828703,5.482873124193044,4.788950681205198,3.8420387617041905,3.895394309212305,3.3931223113917546,1.825030529189481,5.177093593345655,3.3092129619245148,4.747856701168069,1.344602724187176,-0.033943950867447996,0.7610505502142447,0.8271462680012085,1.1734722166871998,-0.11052047826145682,-2.1992455590080824,-1.2529814523960556,-2.4374310713352867,-2.92909082955644,-2.229171878962413,-1.5142683350993664,-1.3277816912963993,-2.137110971560421,-2.233762413712849,-0.646141475860548,-1.812413520144459,-2.568449238453292,-3.064967251029989,-4.060409829138251,-5.755949021516469
5.048423683543329,5.12499790523947,5.182899729616285,5.110775091620564,4.524866082295713,4.816505949047184,4.076664103978928,2.6689732160711395,6.110004090896438,6.651373419330949,6.112243353819655,0.762117201293192,1.5402923857214241,-0.5515887720478097,-0.1295672631384528,1.3910752856381157,2.130215024976711,-1.8316786739300492,-1.5406683670037362,-2.1502158388586765,-4.405564356229558,-2.8784986439033435,-2.5908318730181206,-1.3822952356256526,-3.1747272898309866,-2.5008975565852922,-2.925577472452592,-2.3006358770219317,-1.29271132119346,-2.821944316151618,-3.568612964375492,-4.052239819537676,-3.8003783640459132,-6.120413642194004
5.345208387344659,5.345719105238852,5.24745792649283,5.036657687031347,4.598355027460927,3.918471563469097,5.574692511632835,7.235175884713009,7.195976892049765,3.1061055422542325,2.8886243482959952,0.7814189438847559,2.1882537684001515,-2.629522545326905,-1.6186559046456408,-1.773808445220801,-0.05109154985942326,-1.3056478834328449,-1.6401343151435188,-3.5064415079772266,-3.7113511377086295,-3.9860950718683124,-3.417901238803061,-6.687435267957004,-5.656426337776429,-4.545157566673924,-4.069775088908506,-2.343398315902314,-4.1057540209250405,-4.529587747070466,-4.197827803325681,-4.9838215066083,-7.00749512890784,-7.423436960484977
5.432033966950871,5.4840864010626245,5.418098232269449,4.849721657359064,5.304277417140258,5.959820486437825,7.50963338588863,4.931387354378267,1.276092963486372,3.9080705363130073,1.7060803925943155,-0.23542421649821357,-2.5963206739124196,-2.419793314175428,-2.693195733380664,-4.807925181251381,-2.5521862933431914,-4.179816626896816,-5.568772116135705,-3.9815340506092087,-3.8673375141787703,-3.6813911101953187,-2.783126531256643,-3.1424780638344596,-4.557447700573551,-4.866318492392679,-5.461358450376081,-7.647937312412465,-8.136221567656635,-4.965309225131225,-5.097277803076767,-5.799047755792509,-7.154544773947078,-7.835037727476664
4.906915777836795,4.749006032937178,4.032918696594807,4.9267936790454145,5.792776943406985,7.033886378459008,5.092015982600216,2.5857514753401993,3.238827515453067,-0.21922194762600575,-3.875629763323807,-5.013695438067503,-0.7691855966331946,-2.817177078704631,-1.81173752736538,-4.6070102543531455,-3.5949782317324823,-3.3527568334708953,-6.102248047546638,-2.393409212329188,-2.290054537282622,-1.7225183886897226,-2.1117999394889773,-2.224131768426385,-0.9269667693420558,0.3225232108828978,0.2726572854292249,-3.4282651984760366,-2.9486589132369527,-3.093562259258938,-4.701593532461739,-5.870904223541656,-7.03550745654729,-7.59542519509163
4.24262387355992,3.348929477880614,4.201052098564151,5.070616361211262,6.226057162895787,4.455964613127486,3.706229345477892,-2.613245103129534,-3.812739552661438,2.873388660009334,0.11386703310685166,1.8618379019494178,1.372068989928199,3.0207757607012455,1.5634277972642507,1.1813799593784784,2.881850875821816,3.317193610408394,4.397414882277447,1.0646722078721909,1.0088817915537216,-0.5429745109454306,-2.987648673401003,-2.3355883327980584,-3.505692973040384,-4.81693986288204,-5.3670468724137494,-1.5184436958503593,-3.4065278348918193,-2.131362000805583,-5.762539036586325,-7.457170707640608,-6.802585389928383,-8.324679017046272
2.6695381297256358,3.2452481656915437,3.4447219027519322,3.9638477791091713,5.00742400501605,0.8391456522114237,-0.6810358497178263,1.2666906504882516,3.061826556061045,0.381606551411,1.5331190478830379,2.951725115714455,-0.23070236078156886,3.6279552067103396,1.2657421481228435,3.383420821596385,2.026259946517669,1.44967963187646,0.13731016789224712,-0.9564459813097158,0.15976912330144719,0.2645944579828682,0.13063725401679818,-2.7432745443748185,-3.472501972086964,-4.776944896079101,-1.8053379626715909,-1.1342665308266335,0.15275740384619102,-2.314096160975788,-6.347671460269471,-6.923094683247041,-6.8473124116145305,-5.569348729691755
2.549524142329232,2.4445447945315886,2.9899292666484008,2.1338569983975937,3.923145634493156,7.792017741302672,3.733010597378415,2.9250756792288928,5.827016333931114,8.441155641054754,8.341346809682623,5.015263964705066,1.4824517258619532,-3.475023817140375,0.43915100994398165,3.7150225715504863,3.693867343003333,1.7670823858731615,1.971899739486564,0.3906472813899631,-0.807561216379188,-2.233259588137226,-1.6980694908907554,-1.8829547620968539,-2.5941995425785263,-2.9596337475738443,-3.3871774697612733,-2.8626695121466263,-2.9244764286487945,-2.3985329090904672,-4.789242134624962,-7.234011721274711,-7.514656662877686,-9.249042361498194
2.07315760100137,1.8707887848878026,1.3770854224807396,1.766742325278602,5.962434329111268,3.7650939127328313,3.626219912684691,6.556012564193921,1.575248399871126,4.696095782236941,3.532290940288787,-1.47419032945375,6.366522433764061,4.355009182700346,4.606124379624953,4.278014256373611,2.6351529561828584,2.8424034003538723,2.8262873124629655,1.3382219159302544,1.2765296378034912,-1.0477445166417585,-2.9634326967871054,-0.7497847254818509,-0.0012698565681606266,-0.7673064868536826,-2.2393343874921863,-0.3423129172330955,-0.1518051874988407,-1.5176310033739775,-4.045010512388509,-6.000004855191087,-5.348802015267029,-7.4132661519142795
1.4180763498581876,1.4264962014521447,1.7841236014146764,5.093053708703082,6.257093291595403,3.747365961733134,4.355945401408833,3.5765833039120314,3.0886052521335983,3.7713823635719113,0.31178185538810144,1.04064030454188,1.2897322627236156,2.451584167995733,0.8188306315196072,2.587433830822365,2.2603879980132637,0.9464590954532609,1.3420254201072304,0.9834235059987934,0.4852269256096477,-0.579080861832533,-1.5355319062048867,-2.2458784615242955,2.8860925088962284,1.8585646589613107,1.4928938770857838,-1.1030914511548249,-1.4051579289290743,-0.10465459563875536,-3.894792329453881,-4.873870308951439,-2.672557744295571,-5.102173506720101
1.06005208606697,1.0272970156110588,3.0279522478102168,6.077322127144907,7.064832753779222,7.2318045518908765,9.50566688209353,9.95932052931283,7.096291736891304,8.521926559738942,1.5232940824913015,2.669792881420637,2.19948982989352,-0.06344764753715079,0.9207831190441371,-0.18708706716963092,1.5097659264267254,2.326019699288913,1.0596635710183007,0.5203593652910258,-0.0437752635809945,-0.5870463506377991,-0.4619989939776929,0.8532003592767058,2.2621473910594174,0.7094133239408532,-0.25915599343272483,0.6662982129872396,-1.8613084023682125,-2.0679539186158933,-2.7015018616305473,-2.634237948971823,-3.759483908996252,-3.570487501586335
1.173931171782007,2.498170609578235,4.850348154541812,6.432346810005416,5.34646749841621,4.779213729531014,7.026649022421585,8.380562693493316,9.646688695804544,5.073503284558722,1.342534352769794,1.2107616426862895,1.5102743681015853,2.018937242890223,2.0991367832710854,2.0598246361135537,-0.2775089762940371,0.9081458737042893,-0.38887621178916465,-0.19205989065479592,-0.18992398208417227,-0.42190273086439095,0.7814192761362728,0.5009523583024194,-0.17001813874640062,0.29502642704154863,-0.7093635304015126,-0.36498404968454345,0.36775731975864756,-6.5381746474931335,-1.5368323486980326,-2.4202093346907065,-2.79481753995733,-2.9572304699695393
1.4579433334668435,2.1985944302388187,4.961575447575858,4.925334937835968,6.069278297205893,5.514245693096462,7.664162760020503,5.9637043286366715,-1.1321394475530941,1.792690282523361,0.6301884808909854,-0.4600104072092848,0.7124497964655864,1.2102488952419874,0.03369540723221166,2.3734028653541897,0.10214735790944195,-0.3124139603339622,-1.6919782332224664,-1.7891475653305562,-1.6800877643609469,-0.9508572578288578,-0.39134094434341693,-0.14519186174472562,0.6329738356937503,-0.5136543506604712,0.16113097206843893,1.917006516900824,0.4377489058177053,0.130547508927207,-0.5686003674782848,-1.7293718147250798,-2.586115411095432,-3.044952782626603
0.5289429050643539,2.233392961392817,4.019308861087012,4.51823002298151,5.395314825505883,3.484882215405413,3.9656716906463796,3.596853980797508,2.7731034628638302,2.5280328596170216,2.653290125512783,1.188828951867243,-0.5163339690889995,1.5740470362142274,0.31505723017468396,0.24640060467708944,-0.3135034839249271,-1.3825682018639471,-1.2697246239002877,-1.0882145866459256,0.2258510113590819,-0.058520658513553696,0.8094562115926609,-0.5315357968185015,-0.35065793375802556,-0.743474814866203,0.7940658091323489,0.9264596675204658,0.7681096407633452,-0.5500927442563205,-0.7557758286868093,-1.4921293889458866,4.369909414256036,2.8704981925497632
1.2217933423232632,2.6809881565175093,3.6838410609287155,3.6250762095188733,5.766104476725682,2.4319790683018643,4.51919020242106,5.411984166741034,5.2950032732934025,5.253772086423377,1.2957910694703145,1.918055368126183,1.2019363854165512,0.3104283933425428,0.02169051288653838,-1.0450620026141177,0.45881326919467236,-0.6318682884226987,-0.6153755304804499,-0.15984072630659274,0.41464884247856804,0.7606969751953436,0.2527471402745482,-0.6939242345286178,-0.33002356031837293,-0.6609260615925137,0.19428734030286782,0.21954851089818295,0.014620820076687802,-0.49656092245283134,-0.8507063054118271,-1.831545735176863,5.053276090945231,4.549438073868286
2.0060873173459948,2.7674346411079416,2.297313830448393,2.8580715847643368,4.089505232897868,3.773217481859386,-0.027203558480954487,2.6462962662009604,2.5964050483355434,0.8272665346250491,2.5310241343838413,1.0225686321290977,0.9624997359918062,0.44798929453000624,-0.22665618910402505,0.3648447378224392,-2.3475099572260856,-0.8154039292108338,-1.01363346555566,1.0254649733799885,0.9756733096021459,0.8087902060085789,0.36976167242224406,-0.4681868361906813,-0.3942277880675325,-0.39631087624892025,0.6007598650148362,0.6911336412839741,1.9027721482485653,-0.45631322491513676,0.8300412883505387,-0.5332293609541306,0.700040448490637,3.0850577247465942
1.8238577397753013,1.4976416132627914,2.0198652269161506,2.51293459869522,2.017535572210059,0.501307307758436,1.4576944680932218,2.987216258283562,1.2716889515623877,2.2012748980190384,0.17455645285626942,0.012007707790265049,0.5150610242200074,-1.5020439267518106,-1.7599530369879364,-2.1569166961292257,0.8721521331869543,0.9539971857671339,1.2180858214345607,1.2173436238885103,0.6277106221927642,0.25869849084778707,0.45056738911856387,0.23566927661142525,-0.30526505718426117,0.11940997494513376,1.2634427708175335,1.6984912527419156,1.187527301158863,0.42350950314034774,-0.662281544618877,-0.9711759701346844,-1.537678385487837,-1.8591829118451402
0.47212744069693774,-0.0479018295252629,0.5569037184900847,1.0612511178739108,0.7213472470711747,0.6903853946565799,2.6786982023110926,0.6728443323738781,1.0034123132323842,-1.4603889312914504,1.4476196893921405,1.4549482769646778,-1.0944962264028089,-2.1100292558668827,-0.8688736166272601,0.44570384459471085,3.2103093493084325,3.7612861868695897,2.3011562876853655,1.5324524039693708,1.3543702530323567,1.8393045540740123,2.2958201076934865,1.1406471579867292,0.9604633521357053,0.6779008117732991,2.7296033945079508,0.8301672786971837,0.11902876739731255,-0.46261436472678646,-1.1184025758150988,-2.3027487029766895,-2.3505567101033935,-1.5027425594369264
