script/wind250m.json
{"header": {"parameterCategory": 2, "parameterNumber": 2, "lo1": 3.000054539987559, "la1": 64.9999836372058, "dx": 0.5, "dy": 0.25, "nx": 34, "ny": 52, "refTime": "2026-02-17T14:00:00.000Z"}, "data":
[rows 0 to 23 of 52, columns 0 to 33 of 34]
14.193140135677654,13.649433890287284,12.811833122505774,11.965214215878785,11.156841453954783,11.057758432488605,11.18766396876453,11.32852664322632,11.081609166490383,10.71575846624812,9.924829267558989,8.574133159620322,9.69366264264988,16.64561152081567,20.038651112233453,0.4245684208389606,-3.8792581627719236,-3.4625978821759027,-2.2341150512407055,1.7230049291747729,0.7032102367919868,-0.9931749292084514,0.2526291561836624,3.510941762655065,2.8877999700639068,1.3148505228378493,2.001438903001946,6.210485340541162,3.56654860714039,3.3816772497550827,3.742833814180458,3.3041961387287793,6.082304383982026,6.729771036144188
13.547490916306781,13.584119431949205,14.238046125304177,13.225751997815488,11.87301822653988,11.528822053742282,11.714799534028208,11.762056415163526,11.356986545906269,11.075384460041278,11.022507758265787,9.46679314652681,10.263380986997435,13.48327641959819,10.38229298349759,2.6746082695499354,-3.438889768963658,-3.1832676606660644,-0.47673338739043325,1.0597945045080288,-0.2211035989136789,1.1782863632525826,-0.08548694039278071,2.0714525365831227,-0.7246369647172329,-0.17365408475436633,2.4308865383339087,1.421927802427816,4.100489029364867,7.271580624526932,3.6209856765634707,3.854824843627648,5.230096657265284,9.015391721565823
14.725687723236947,13.876700588157103,13.17759943491499,12.650628925100957,12.20372026970601,12.155376310920866,11.828568758218513,11.877184137459427,11.709995528861365,11.188512593222892,10.132272088393199,9.456460181544543,9.975605424636875,10.201346027779872,5.594512344961933,5.089784361154755,2.2874864161805086,-2.161001916132359,-1.4159867352227744,-1.7256856234367008,2.130725841901811,1.0754487121702703,-0.04326691289353173,1.9693595502369357,3.0064307930407344,0.9183675619134973,1.1321690387479177,4.346438082983869,2.4126629518772376,6.450310727879778,8.626746839288389,5.11166573514047,4.762610754187252,7.096326101009085
13.979031493541301,14.148779822375605,13.82728745123513,13.05497578743426,11.939198960846488,10.980036360349336,12.061535397913843,11.855821297914991,11.774299304910896,11.606855171730198,9.567502975823986,9.074982869500829,8.06388362989791,6.5791108796727364,6.135240592310599,9.059594806928192,-1.3382289104079592,0.377437249293501,1.473755480688531,-0.31284282955165743,1.8029321606222184,1.6396765744508013,3.120025243486849,6.517870187004398,1.8078272335725112,0.5061378120278622,4.405742976016839,1.512231129214081,2.824319721985485,3.013453016833442,4.380454095080634,7.5502777348420524,6.491092742155467,5.456724772789733
13.526750584900014,13.90464830722953,12.999285128347049,12.494566110795029,12.034809589700233,12.065151220396503,11.901249297042025,12.118351925838626,11.757227044891831,11.16267167344719,9.430421874311696,9.003021946891627,6.55275812703043,1.9278921181311037,0.05923019263966685,5.974925330300656,2.3650057399695026,-0.5469641505979437,-1.4756913037434403,2.557921193506267,3.859102814595285,7.992028538825566,-0.04623886366483822,2.560167908447181,3.6215417011265116,2.236213387264948,2.6814952787513113,0.8029926448344941,3.161537020480705,4.392014032915818,5.7472260330492775,7.49405433440627,6.837033740157776,5.141648452399987
13.504058694052384,13.587047627834744,12.664170378847315,11.49885291189536,11.99190510130208,11.52029792616691,11.52646159009542,12.004158423008763,11.728521826445377,10.754326657269768,9.542950126299173,9.109334793474858,8.554113983792542,1.236674681478321,-0.8537287755523252,0.8855258600708891,1.1231067425435521,-0.06595885891734501,1.3846191272390636,-0.18917087623993212,0.7048946940785548,0.9921760179267529,3.71130844189383,1.2120112930271525,2.638889527207021,2.6217755001437686,3.1205373568490202,2.0935610278619885,1.7698158016879888,5.496980603749167,6.266997256883933,3.7769594031621403,3.9218540121392023,4.5814986059020395
12.978222283715587,12.744531396578108,11.354387846779334,10.547019608167851,11.319084539024178,11.499847496926881,11.287403680146351,11.451253663122634,11.317563922900103,10.251159252964534,9.920130070524694,9.19804719602764,9.466480795318033,12.864180335936469,-2.3652131297067314,-0.2506371418654323,-0.38067200029751685,2.060085070973453,5.5459064301886265,6.706536810049071,4.081560283335974,2.0022435892194808,1.3116997159477148,0.7421696224406511,2.922879001558679,2.4557277711051126,4.05188770331846,2.197972577651146,1.4716337500354861,6.2306166053647845,4.1143153213244945,5.317423180510945,5.087712887251817,6.650956312929486
11.36990006648451,12.733812181512702,10.378089070743743,10.910379904486216,11.123452250689093,10.73444024176716,10.792204619128086,10.863458520742993,10.394000889972972,9.831775668463983,8.331857812683042,6.142659161805284,9.92681811391017,14.23878865457337,7.168710701065429,5.585788412134498,-0.9560272353647978,3.58680329501881,7.519818890441888,8.6297814135531,4.2588700323283515,5.660720886261836,0.9937025275648815,1.7860849903203513,2.0187435794440796,2.06789386877348,3.4527681234443186,5.249650340783842,2.4593433230416784,1.3892146651920068,8.424908456933634,3.7869179786129936,5.908823433843156,8.85305979034795
10.95900249359773,11.16684560192561,10.802465736168276,11.558723733284149,10.849790349191373,10.308194960734117,10.41603139990053,9.868304031706796,9.653007314643908,9.565767480293623,7.838150831063124,4.712592043581055,11.151601585397817,10.767467715270957,12.276022060822937,0.4600054461166474,1.5076525198562103,8.480656566479754,3.3368917168719623,4.0603204834848725,14.774178495511281,7.818244437799452,9.062808237331026,2.9752899617538917,2.519987474166263,2.778036976108523,3.1365176744779406,2.8589822565444005,5.0613994116598136,3.382444664014101,3.858731487869796,4.820944518560198,7.649118735694957,7.818233411057254
12.037476422296896,10.643680048830143,10.170352211750615,10.464021799278623,9.68074552903343,9.622064752243508,9.434742498883006,7.931373774513468,9.590717926485306,8.411923146624538,7.280697619813716,2.86628175675735,10.2732838009284,12.754263378542664,2.861104728986527,9.345849134721865,10.18154991942578,2.241110737105641,2.8281337993122166,5.217583900104711,7.046367031935057,6.55927267945537,6.641092356377058,4.436197099190933,2.7156474739874623,3.1964503117423564,4.352797276042933,4.913505286572481,4.061094085795792,4.27195498610571,4.058059480356642,6.405482844578517,7.029015427243938,7.269224654783334
11.925000761789766,11.013059111155208,9.376380489604772,9.368655611473613,9.082639748308505,8.643282646603552,6.451001191616004,7.9529342991626635,7.593913575216235,5.089753899645236,11.725833323118904,2.717550013740892,10.682883940277334,13.178410633652373,14.512962221656037,2.9471117676389547,5.288502177933122,2.8899224837686504,3.5216428513661486,4.5688123622866925,6.40975754679381,4.441186138289557,9.408927199693577,3.9448561180110198,3.7463712558852476,3.3277508458948537,2.6230724514854797,3.97283907125343,2.7675248735373383,2.871433163945073,5.84855137611122,6.039790980005798,7.098093259147408,7.065374741962344
7.725314866606552,8.149973409657973,8.43816725341987,8.055335991826825,6.929455684002338,7.81954046146834,4.906709792729038,0.7193764736976238,0.6990501185314247,6.100831867270453,9.93095559284291,9.756389689757647,7.489736030271013,11.0917902402249,12.506553479387966,4.644079249559649,2.957137780570545,7.8971113729944875,5.459634120812373,5.405472668060752,7.346870216777498,6.162406100447321,3.6658293774591786,7.256325512780963,3.607985105009808,1.7668910180769326,2.9251116755465425,5.0155220496909205,3.7458234134051236,3.5545543334531122,4.787081144775428,5.3988619011165015,6.141698420234769,5.460598949262881
10.087952927240428,8.346622098454676,7.096344642219244,5.953481535425371,4.999149969347546,3.7372882970201284,3.975651003298342,2.8448883483585283,6.952685040347845,13.077686727798618,8.30475247225411,10.836143365179353,9.451409084212374,10.23293999481936,0.8042987277531727,8.827804093966076,2.8992156773300435,10.9138347750741,4.964374509231847,4.107374014272883,4.2833602048773765,5.919768735156668,7.0539922281158045,4.135718554535675,4.149148450430055,2.4381622328954644,1.6325900346488218,4.4315799325012275,3.3229632260769835,3.3345602351224315,4.387259720038797,5.195308906528956,5.469893430724225,4.407672447011018
7.778574461677204,7.509085062761073,6.538545884071035,3.6957929551655346,4.155252497773216,6.243077378796441,7.567851044566381,0.49903385137727574,0.595105438867596,5.673459049673385,8.301141061649453,11.131297094277866,0.7555896920261345,-2.4077292087145916,2.930034393975917,5.999985283581463,5.4061291126932485,4.811382596727192,4.603419264983969,6.0746899145032085,2.078167796677621,6.226733216925569,6.223299596101723,6.591281456062971,3.1101161394075354,5.046787980986068,3.261926686671295,4.019915243408259,2.4233455698583066,2.879275520461365,3.578825272639325,4.2185379339384,3.845378365614669,3.7050046685257345
6.811501042409599,6.53749131726787,6.0122257802766,1.810450460326846,0.4355806554985377,2.713035133740732,0.5362596150619162,6.140593530163194,3.850608002706111,4.046498604178008,0.5339405736436424,8.565296793334324,7.22315350851958,3.9134005967139265,4.124025506996145,5.334713714215701,1.5094592619144631,2.9399860469452896,3.3891511670600534,2.3170583305065606,3.2067218606403833,2.698318703280608,3.6002176110786057,5.305552208552989,3.376700094217654,3.5603486505470885,3.1357859907480172,3.787880300000136,2.212896391418024,3.3942891126593744,3.623318827900876,4.45250945955002,4.137241026880672,2.5943065215079733
5.949650619069614,5.880755931167926,4.345924446768082,3.7334282437547057,-1.2494071586937352,0.27779893362402985,2.3233741615772687,-0.6058250678695175,1.7693801179182593,3.7815466676290073,5.886025916519438,10.350985924916388,1.0770419287035407,5.434101895995333,0.5118318131650101,4.3297640703001665,6.614691835927827,0.11286895347828384,2.5924162982080454,2.006859121277569,5.97214039526588,3.005234566243327,1.2910102805118329,3.7810793140113703,2.7441709166021457,3.2154683552802004,3.9913164066915474,1.8632743608885973,1.8314525176162932,3.264135907024406,4.508183158448838,5.364033884300934,3.79169289600708,2.74838621622623
5.805188123051752,5.846548119741478,4.176392556287182,-4.483343669479781,-4.202952685501069,2.8278938840608094,8.276550654992512,7.09957990016339,0.7254307691504595,4.89401286410374,6.785384781712979,9.01273861249216,2.9643300075707746,-0.4467276175269004,0.06832603372623565,-3.7559923109127458,1.4627525354448259,0.4988474298515696,1.517828098696069,2.4632869489221836,3.177026101540523,3.4499925959254836,3.0726866985987478,2.131684804190485,2.1371242804762245,1.551710604092325,2.8393625600919163,2.4071718631103445,3.289271400937117,3.713653617813333,3.664850544351475,3.6993016158690697,3.3525788460242465,3.6711258235088695
5.832367734622827,5.663992207144526,5.1891756994317895,6.107330122740315,-4.553383461707626,-1.4956249048071184,3.1150866078335486,1.6330961083772653,9.296467605405565,8.04644800001855,1.9009156817134996,3.2962004618248297,1.5022918191478234,3.177955980185993,2.6575692370866766,1.7150128266206612,-1.1969722117124948,0.896119415251858,1.2530274356496924,1.5595435350177038,1.9745989672504247,2.389142600308174,2.7216648123305807,3.3627034389927237,0.9552385658772024,0.44063330076544044,1.1465529029542654,1.7505239488197473,3.4577746546884582,1.8490278409461374,2.1049579884092093,2.4461772187325215,1.7506222230243307,2.1285297477911644
5.921154831803046,5.281063608205806,5.417357114475457,7.259015260760354,-1.9582081082953073,0.06473807838129811,7.096931943677468,3.835161763832375,1.5955117070087121,7.2068998228908265,4.279411280985385,2.3904202268889776,3.543002696896858,2.5009601698802832,-0.18420586729280772,0.882528272786328,0.3767122061536888,0.8428066639757583,0.49536887595611984,0.312954337928174,0.7930007945153248,2.671936088648144,2.290741081513696,1.3366328528980809,1.50150777531669,0.9536372521791272,1.674128214252473,1.6170272556308636,0.6981013111263544,0.6916199748995656,1.12135414684321,1.1206021620999325,1.5507496221913983,2.01917142419612
5.354306073456558,2.5258813080893354,5.2119829519394445,5.710009350885207,0.4963509677528543,-0.9264354629725028,0.644594197577588,5.443066882511484,4.4438699555600785,3.927967951269191,4.136493645575575,4.927213680970482,-1.341483644592376,5.689504400780217,-0.17331908536868612,-0.2889462492063328,0.6406769322575933,1.003574818035619,0.03681284256195343,0.7293751264794295,-0.06071859662343319,0.5415334380884971,1.5290304235003602,1.4295310868452957,1.064587970891688,0.29673329200462856,0.6219580410544506,0.004175029276965243,1.077451175980812,0.2342199344976134,0.10337889170972216,-0.07773843905444729,-0.04917030677605279,0.7779922109228048
4.945552941124235,2.4626162940176033,2.665452639804299,5.763762108222006,2.457116745536534,-1.3879489132003828,-0.8750649248026258,0.7995723001006295,4.5991182196196805,2.1145822016890206,2.9951877825136908,2.993798078114896,2.1376033286348646,0.162745336428101,0.7726896330454308,-0.6180964595556785,-0.02712279837732089,-0.07619146426405404,-0.3840368146304174,0.23684240300312756,-0.2900638662339186,0.4174879941707754,0.02485342751374223,0.5822631522931699,1.2608150768045483,1.593411711170592,0.5677385691396243,-0.1636597651005436,-0.2784986994427152,-0.11734019992275245,0.06632751418508238,-0.43395283288782516,0.07773156353874984,1.8202371369418948
4.598555282275697,2.1848877389618218,3.0675648235452075,1.8363219103299309,0.44936726124866466,-0.4350237782769463,0.20701468778694715,-0.2512639761534206,2.4636142586331595,-0.07566682772467268,1.4153787858256361,2.220033318818821,-0.29898019888584,0.6568581341282868,-0.5376055342877921,-0.6611244801928332,-0.3847863091688084,-0.4161940178616761,-1.575571418952323,-1.1048138738735362,-1.0831680492097693,-1.2247392537414652,-0.8076778350812794,-0.953369229049467,0.0067954318699886326,0.2026506470191653,-0.3445975143221277,-0.6250804731766837,-1.014888574548632,0.4110096372774317,-0.456359340739022,-0.7184870957817584,0.5452805533095749,1.7458084370204536
4.371179550324402,3.540197508346874,2.9509575151840437,0.9886845496721433,-0.3703378890636371,-1.0222312116199979,-0.7143835156982581,0.6048546465250696,2.096794918213525,1.8980677882878434,0.14446382406275185,0.8100375588293864,0.67821958249252,-0.1888667645653625,-0.19868373656414412,0.46327188320946183,-1.2681039324299386,-1.8936338097459462,-1.8347701385084143,-2.070756433857088,-2.110416317523337,-2.3780160981271,-2.018677426977469,-1.6691394151767076,-1.201948273920588,-1.1951511984546217,-1.0555203823638988,-0.378245282600574,-0.8706853010626335,-0.9162385713902725,-1.4906808536537257,-0.5754941466394847,0.11152654264335031,0.74113734446204
4.373354931314882,3.7328912230336018,1.9357746809626108,1.1421562784787334,-0.6647612084291192,0.3430151338802647,0.5962082980685258,1.2293109291617166,0.3862819102994068,-1.0132228274789543,-0.4961691596196616,0.1619400596397778,0.22017450155526866,0.395471567264466,-1.6820987122717417,-0.22435131121691368,-1.4654047897744098,-2.9551090441492076,-2.6737247422057133,-2.375983406792788,-3.237453440286945,-3.3261462876174073,-3.2251863068449445,-2.9976089822277485,-2.5379055850228087,-1.3723611687287873,-2.0105353081374946,-1.4949887700441433,-1.2537571620283374,-1.6435863907945856,-1.5643444672173368,-1.0960475271124197,-0.4240816801338365,-0.5303969186419274
