script/wind250m.json
[{"header": {"parameterCategory": 2, "parameterNumber": 2, "lo1": 6.000198445256149, "la1": 58.999992894266676, "dx": 0.5, "dy": 0.25, "nx": 22, "ny": 24, "refTime": "2024-02-24T19:00:00.000Z"}, "data": [1.4211418398705828, 7.60106769227667, 3.8849448861435447, 4.916817649264352, 2.85451950693634, 4.151302956782613, 0.4647825106441883, 2.355322072284902, 5.732876734373771, 5.550288380829931, 3.5450650508811528, 3.16499300429073, 1.2609800315905917, 6.09078324509721, -1.833231249217189, 2.2329512812574657, 4.812476145315334, 1.9676722750607392, 0.7543416220484698, 0.794346143854207, 2.847881900294691, -1.6087591548791798, 0.2958858122032688, 2.2466649235176086, 7.682167421657545, -2.332393288482005, 5.208360846950226, 4.130753364717698, 4.19346183225495, 2.583928885014442, 2.77666387469589, 1.5906679693371657, 2.887551225110775, 5.544876409916329, 5.023415994799743, 3.6384264469144045, 2.9852689837702426, 8.821549449504845, 3.6389027082499354, -2.4646325827315727, 3.8474788427997337, 7.559611639838977, 2.7652446579335677, 3.101300192230964, 6.285902190317168, 2.79578207920731, 2.6616740745558585, 2.0596954712337836, 1.7700436457863016, 1.5311810252086246, 1.4518722397024975, -5.856735379714392, 6.111288308714456, 3.0505819476369127, 4.849631833444797, 6.31644045371379, 2.961877108486163, 2.58780422853602, 7.436690556185223, 3.8297392535291666, 4.924322082124412, 2.0699145292109957, 2.5364100922617654, 3.3457550569863757, 4.549116938850938, 1.7695823448876566, 1.6756498766947217, 4.134228754407411, 3.7045555362922573, 2.4506606293207445, 7.215229187533636, 2.23534702352263, 3.073022956435429, 5.782198829135469, 1.618592304662597, 3.082898848433304, 3.0304034925951258, 3.160021971948401, 2.8742512882279065, 2.324552666776349, 2.9551972047441795, 5.561780384172839, 2.104444574158991, 6.792568923434143, 5.3457900674636445, 6.710471480903722, 3.2362945848755387, 1.845828607670486, 4.1001086877220905, 1.2487020816698915, -1.047168007346101, 6.785532025497794, 1.5818304226177693, 2.2776448704607057, 2.7163252546789325, 3.0908235428977036, 4.062556212956926, 5.712814728874011, 0.7853501990576353, 2.31693704370167, 3.038348590732082, 1.5405575037006682, 3.108401221813245, 4.1827516513980605, 4.084851628530563, 3.6884374284353068, 4.125681440708371, 2.47217648049671, 5.234567488524947, 2.716859927178149, 0.8273294064079662, 1.4752163836175454, 0.18042494053579214, 3.284401516412744, 3.565517274092903, 4.544840978604216, 3.7822329992861485, 3.652401811415248, 4.199863589089439, 5.1483074731490355, 5.865293378822385, 1.9811497850403283, 1.6176110188446693, -4.424633830798488, 1.583053748905936, -0.31045227354150434, -2.965860927460608, 7.720509735249409, 4.737927406690215, 3.0987067734535017, 1.043811761454276, 2.864777000277135, 1.0302600751595539, 6.212220238562581, 6.377854036360795, 3.4425426209593213, 1.7877050569456476, 2.8581939930984355, 6.798629365663677, 3.411232057404304, 3.234190352325511, 2.868589353800536, 1.5046965462549198, 4.385307143637707, 3.1384801631006103, 2.5451143740310465, 4.625689592260426, 2.9350959024386234, 4.3114810927051925, 5.458398131176695, 1.9986159062042728, 4.191863259765083, 1.9833104677883187, 1.0552001923015406, 2.0995215355371943, -0.35775854941057694, 1.8542852759257993, 7.270846669239038, 2.9103278494986045, 2.6896605034202756, 4.574990402189831, 4.050010805827059, 5.87466781125982, 2.402167888340702, 6.8117100376581945, 2.8208121999414955, 2.1335098131610084, 2.1727683695413558, 6.448751812775811, 3.977653145618313, 4.729967935442859, 7.66244937039265, -1.567839466519625, 2.9818309257143465, 3.5477604366642717, 7.152357724459161, 0.0033412958783336144, 3.0672003735160307, -0.9882414252412764, 2.748557325261124, 2.9214826280253043, 2.72935323529686, 4.572421526515061, 3.3503967901444045, 4.10260492688511, 7.191201452403069, 2.76714074157719, 6.533605053168425, 3.666298798300383, 6.187009978444458, 4.357589249709208, 6.403182469626375, 2.575843674593914, 3.7002850408911243, 4.045609087929553, 7.543615618110117, 9.216765373283701, 2.23460804719036, 5.339903571890148, 0.32097784643979455, -1.7826747603498962, 2.9836932363529654, 3.3025543725809996, 2.315325003829625, 1.6233469319714826, -3.002122492040612, 2.9291744003115716, 0.503484553321642, 2.353767629394942, 6.417223879371243, 0.6511581964644343, 4.697764028058792, 6.465634662417296, 4.360395236413128, 3.041581539569638, 7.042121892326298, 2.8340397242319844, 0.3170765802857324, 4.1032096671000655, 5.436139220357588, 1.471735414322719, 1.2361243625555858, -0.3315254939668859, 2.0156131974892997, -1.4359443585321376, 2.5932921518413603, 1.6324575783043473, 3.7183423645160225, 7.119142467148685, 2.3902457358625617, 8.585669596899294, 3.4277758974141816, 3.3034448470732265, 3.78992980629485, 6.280864466156882, 3.2871887250214455, 0.6089006303641897, 2.078479534117571, 1.0925144873119177, 7.595365499020465, 1.2471480819459073, 6.0598857225833935, 3.261599542136871, 2.7884138037507986, 4.638512509483521, 2.8529906224954162, 3.983199588060464, 5.876291465969814, 6.539791480622324, 6.465479371801494, 2.7191913819255125, 2.564113066212661, 5.782170711818623, 0.11879080824621632, 2.2910097238352987, 2.1272500665440544, 2.3813990316385842, 1.1220480605100513, 0.0017940081727457799, -2.7112317720195263, 2.9149393718283543, 5.793701828507836, 7.752160294002132, 2.931231269828554, 2.3190624057283173, 6.122169730661912, 3.5919931758132875, 6.5348638699089125, 1.7596821288393059, 5.329133810624295, 3.177524288919641, -0.8918164842325969, 2.6054418972551416, 8.444093877285265, 3.0812790192874795, 2.6946909983638925, 6.810134349726286, 7.59476727518636, 4.735428960542547, 6.264319973454405, 0.5680612789837024, 4.941044242337778, 2.1796664285138863, 9.276217547381153, 4.7997687124825585, 3.9690402586961966, 5.806901478581216, 4.685809520088917, 8.134042168748588, 2.200983628803176, 4.627085367097809, 2.998933502165277, 5.707138515818582, 6.000048831929761, 2.9349572173548486, 3.230396120669574, 2.784849097177068, 2.9125566319838474, 0.7196613640319514, 5.729393208327107, -2.4407317108456152, 3.307213959622916, 6.975147118082333, 1.076794569873017, 6.467271290486637, 2.3231853234464745, 4.562945838125039, -0.3776589979218518, 2.759018181503034, -0.4400030914006387, 5.96760347813126, -3.014716054555975, 0.4139422360222683, 6.866484951022776, 3.15736657183965, -0.7995399807394943, 0.8576828670435381, 0.075704157614199, -4.536392911264095, 4.948952523700353, 6.293829765223641, 5.983712035416618, 0.43070972170275623, 3.2431334393789197, 3.419341420597393, 2.0656499976502003, 1.5637227202851938, 7.839161641320283, 8.23280898592793, -1.21289273827604, 7.102058334609055, 3.9576070149631346, 2.1902402032046075, 4.399322688580321, 2.5113850936290514, 2.9495391442226686, -3.8067609757392216, 6.566984611611861, 1.109939453055761, 3.0494534819518817, 8.107667687306993, 3.610403382469258, 6.222533253382372, 5.740000408994123, 3.605546153670754, 3.1088970845694495, 2.6633369599650334, -0.027529000110154155, 1.726523330574191, 3.7636554836204823, 9.476498335453643, 4.365812449093411, 7.004848326475495, 1.1153796306472972, 2.680108348092482, 7.520068292725696, -1.940629716000347, 7.7941272083363105, 7.61583096226671, 3.204930751470694, 2.923089198809178, -2.5921032528484176, -3.264505776620925, 4.2682696293629165, 5.019703392335955, -1.6358363282889656, 1.0845945058046518, 1.1885466615851419, -0.3608473625032714, 4.365899300952938, 2.0032443162277462, 5.23787419649075, 1.179271046897505, 2.306420410839489, 6.500978774884236, 2.9505411740658594, 0.6274210276690677, 0.711553704956323, 0.8382269934858235, -1.2343103537618023, 0.2715401853134119, 1.279396197613515, 4.683094645511147, 3.8377492470840116, 4.822389597987715, 3.674675523392669, 4.8787902254179265, -0.4732826155639901, -1.7265049744857395, 0.9408775374185511, 5.864797167519249, 2.278222319831002, 2.991442759167442, 5.916498101365923, 2.198734011901487, 5.023473669613847, 2.6647115077751886, 5.185373930426804, -4.043186837609193, 1.343135812355318, 5.633374522420378, 2.6335664535610173, 7.374121973064716, 2.046714008307134, 4.619670699900093, 1.0100629108948822, 4.89732274376986, 2.7379385792382283, 2.863065740705987, 7.596737091797656, -3.1525256317636003, 5.138504548310211, 4.393794014644287, 2.118104276624138, 5.909529593348568, 0.6155513027154603, 0.6600733312014458, 3.9223081053634115, 8.663385035727368, 7.470264866024195, 1.5251662531821384, 10.175219190450687, 5.586023302192817, 2.6932598003489723, 2.0402693113477692, 3.1370671801934007, 4.567497333371036, 2.519672281595344, 3.6632769980948434, 6.786254606506271, 4.270290316930489, -0.15924420812812892, -5.563816919625982, 2.538658960048072, 2.5124782017837117, 7.037648786007201, 3.1170650430742026, -4.691641893225932, 2.835827699502616, 7.858549566972384, -0.7832808125148117, 3.679904579218648, 3.0072528578958755, -1.7960165946944449, 2.5028567987807895, 2.395991681271181, 1.6955580731132822, 5.364045973762362, 3.0160139314956544, 4.8048596700143635, 1.9868897822731708, 2.6595251206890205, 7.082588846657029, 2.098744162571923, 0.8888709729182357, 3.645862272966917, 2.0276285991154195, 4.268515653091616, 5.74409657943704, 2.590317724163058, -0.7088401244726491, 3.6653595067623157, 3.1259805900933877, 5.017793408677575, 2.020803690103641, -0.555657743859152, 1.3357534258878039, 1.9544782551504805, 3.793621850778776, 0.8498495761753864, 0.8713523132458502, 5.322643567479206, 1.501336368596663, 5.8221736987598485, 2.236750848527392, 3.8452115480391655, 2.3290993091535306, 9.041458420040486, 5.301321082532879, 5.891839433252948, 7.087865194403939, 7.259038233961799, 3.71593448766604, -2.761441908576734, 3.6724518852049695, 5.00030171523516, 3.978409284717789, 2.2432588098636677, 7.851945172213053, 3.28439123099525, -0.5158234741807778, -2.9915103636668148, 4.243064744947026, 6.181729986102421, 0.6345228541173181, 1.3052550065086252, 2.2374849364283222, 2.300681784486068, 7.134214432779696, 2.4228156797640934, 5.898309764875909, 1.9451034283459294, 4.457615831628475, 3.1713929478881715, 2.0640840432538625, 2.4079696113618825, 5.7702913781044085, 2.486931351279702, 1.2588685272311115, 6.836997040241602, 5.661988300249847, 6.758291228798126, 3.796562731975625, 4.5955693224230325, 1.1414558202950131, 3.8173900624972745, 2.0423197730142775, 1.811327459125637, 1.9171298486942794, 7.781128323537025, 3.039429331132501, 1.453009804341366, 2.2351846816631236, 0.8699089056605578, 7.164182019599332, 2.47709408990776, 5.199592599766959, 5.4609085909710116]}, {"header": {"parameterCategory": 2, "parameterNumber": 3, "lo1": 6.000198445256149, "la1": 58.999992894266676, "dx": 0.5, "dy": 0.25, "nx": 22, "ny": 24, "refTime": "2024-02-24T19:00:00.000Z"}, "data": [12.55977294983658, 10.148795832531802, 13.209683845177448, 6.2634592608059805, 7.378432449361622, 10.996211252475117, 9.511690892195602, 10.657311976155594, 11.062457995012773, 11.01657667641611, 8.588864087091963, 8.160126258942903, 13.363268421418812, 5.700351230650556, 4.5873589163487525, 8.247427243014886, 11.777734159377138, 14.85946615557873, 12.002305966692846, 8.444772412954265, 6.448589928350221, 8.543781563085341, 9.110982902292426, 13.174812055103121, 9.880008683251516, 7.399373514249178, 8.106014675675697, 10.398696271505777, 5.61419262202983, 10.453960694475123, 6.759344646546604, 8.315919005650336, 9.275101146188137, 8.389699012246345, 10.953354006408958, 12.716237038927682, 10.945819501900434, 7.0090350520052205, 10.08134922863282, 7.3787308341536235, 7.5153963628277145, 9.31884711828366, 6.9387352707674115, 5.660359290434533, 6.9806961017425495, 14.421088020918539, 12.460832955488142, 9.659600511719988, 12.327345262738936, 10.502103169573308, 9.973409507038056, 4.8063153144246575, 10.163227789061636, 7.995251891819799, 10.633853863338377, 10.045834613561526, 6.860507936479007, 12.028854516613388, 9.29092567396079, 6.641785146896815, 9.188361394960658, 14.271725614951617, 10.156409749181915, 8.385189203654459, 7.931181176963358, 8.480567616856513, 10.967409132383214, 9.10666780901234, 11.557820683592682, 10.380279818159602, 8.427585946965507, 9.242672610784824, 6.184152346736283, 5.383291160002616, 10.573382863171574, 7.030778276783327, 9.382593057421005, 9.202282168998071, 3.814141981853346, 7.489196156178657, 11.700408281738156, 9.165532898701116, 10.651009586844262, 12.182031004122306, 10.937485112076482, 9.135498254393722, 6.458903978602941, 9.030064591448145, 9.05992368091366, 8.68946025078239, 5.3456410318433285, 8.24416471813691, 10.279122110255482, 12.43573548545807, 7.52809455953152, 8.330367571000169, 6.564100790375972, 8.76393892500473, 5.389227860080156, 9.940573201374079, 11.676042107620948, 2.8192276467086583, 5.25875845630996, 9.203195183360991, 8.168111466615342, 11.703637303334245, 7.437254678868993, 12.882150964346422, 10.870338278419707, 8.549823272861182, 9.364477000983197, 6.849750716445673, 2.8023324009849055, 4.84293064560366, 8.156252313480655, 8.826175670482046, 10.302748885704617, 10.766514802730972, 13.272126218776368, 7.996028726633224, 11.385666691652538, 13.548380523540192, 8.231208840525008, 4.796334740715416, 10.057315156278332, 7.1473596162684245, 6.884893554806925, 7.666624086150412, 8.434209017027689, 4.900947683645339, 6.837293650114791, 6.1494993040980725, 12.960014046442929, 11.021533480492776, 11.727883107947308, 10.739413776058562, 9.276451336157846, 4.715128119629469, 8.463182386653335, 13.154502000881031, 13.572300153395629, 13.270807034505978, 8.455849452826888, 13.316343542088317, 7.869696256200055, 8.604731998827853, 11.163803835709661, 12.780519618369262, 5.760517638141414, 9.041638025138814, 12.243546174021805, 10.310427980081053, 9.277255907783033, 8.66488893067979, 12.528032389320796, 7.542739333729581, 11.400607193275501, 7.5589100621308605, 10.829932770185398, 7.227616412035801, 6.0590573717872065, 10.525580351227473, 10.633847359518985, 11.233988647417727, 9.710616214516275, 12.802519342985777, 4.527507813196394, 9.781031691969387, 10.615340577557463, 12.293284428982984, 6.037351479225664, 10.776126745303612, 5.533465917582366, 11.411554341064528, 11.743141696012968, 10.63099001727438, 10.36003623906121, 9.041647364689345, 8.736546263248577, 7.642327697098041, 7.51250493950312, 13.737273042024805, 7.551297122333834, 12.009680199935628, 8.911664390878437, 10.516080194540697, 6.493222341099379, 10.403001568136734, 5.871164467353825, 8.70303463187097, 12.107678020867018, 11.511117400678627, 11.80788581225756, 8.76267346639254, 15.721493497416594, 6.593908287361127, 7.821602198161534, 7.880613328703183, 6.155826845064768, 8.009748754284823, 3.758737303303468, 10.008770582278645, 11.92143198156927, 8.613154373729792, 8.780959469163998, 6.478624474222423, 9.91673907505299, 10.042543914814352, 10.335600306721581, 7.687709975406092, 10.493506536317586, 10.269942739427183, 5.747816888242779, 8.394906458934761, 7.416144102902823, 13.883320652690875, 9.916033206775651, 8.58357818809873, 11.909497075856434, 8.221896227474499, 5.912198383256704, 10.852500191248136, 9.619154507180301, 14.055437256785494, 10.673175113358703, 8.069291114322615, 8.368564441323372, 13.222391971611833, 10.04990092293626, 6.771187345607758, 8.134988180319665, 11.826928129899642, 6.21306226996911, 8.88423048956336, 10.255020618331983, 6.710891974845283, 9.861585454081002, 9.875066700856639, 13.587986031440579, 12.861728371613026, 9.022084541588717, 7.637091358673842, 11.488320867179283, 9.76925343581275, 8.549302791181228, 8.147084648319993, 1.3942959898814133, 6.975871211683986, 14.694711494284165, 4.962187315422013, 11.58563528730318, 8.105324821516989, 10.558533367656075, 9.25921064255144, 12.492715196823616, 8.11765214536574, 6.25237702754372, 6.967764879201949, 14.153721203080012, 5.984320755763752, 13.108070065588379, 8.471130737224177, 10.984617736169405, 10.610424641671797, 7.292258956467901, 9.117649914514805, 13.134629934130922, 7.131664183554277, 9.27820518411511, 6.055068316980565, 10.53902983157279, 13.334690995910142, 7.272971360094791, 12.382006402546438, 9.940200274868973, 7.679223186135317, 10.809153196979246, 8.019707999417992, 9.404089759621344, 9.967834060841126, 9.086690391895374, 11.59796399050421, 6.955284432285306, 10.097524545062264, 10.523215377802082, 9.102993466661683, 6.1992657103356255, 9.494520619126837, 9.125758633596533, 11.720016709544117, 5.904740141948757, 11.86946550919803, 9.875797099513731, 15.52279716207554, 8.685853982598152, 9.021549788570725, 5.853585271592001, 6.986133399241453, 13.698429052833689, 12.042335865696431, 7.793094342967868, 2.905089591641777, 13.50168708888542, 9.119222621614341, 9.733735453067315, 7.60758898167267, 12.780898692466085, 6.3264015640288696, 9.233249845716074, 8.4994487921234, 11.849691577401707, 5.4232012663891505, 8.437140905530532, 12.073150611102564, 9.271989439423223, 14.170139485203842, 9.127038942866758, 7.563281153128193, 10.31112474375836, 9.762903376928948, 8.37319606406141, 10.58175437941586, 8.688163786658388, 6.3529157886258645, 11.113301390316591, 2.3397976996639396, 10.908381741379234, 8.837249811920474, 6.303949683873529, 7.467941498905833, 6.612598414485802, 7.411021960726542, 13.710758546096674, 12.400573238238826, 9.60368895124346, 9.95065564601164, 5.2758550072049415, 8.926927140165054, 9.492719288396051, 11.684751408366628, 5.8422748596236, 6.218107094902508, 5.548339534581781, 10.926604947057989, 9.851832820776446, 8.030819018384829, 13.38277651926875, 8.807684048257489, 10.285250137758375, 3.219994867320433, 10.018575676461165, 1.8461972249229037, 12.720566732361311, 8.345364906574517, 10.126667247750445, 9.694886869922383, 7.262811246179833, 14.335140956764358, 3.5840131997235036, 9.055528090396663, 4.879868584252737, 4.949074796051006, 4.8494385325781115, 11.223550963311576, 5.368588128948461, 7.351448378807045, 7.367177395168211, 11.103236344703888, 8.486954799990299, 5.932790907563549, 9.884700089229211, 10.035960410025734, 11.563608401625114, 9.79487319009436, 7.8848034550764545, 8.945868649600603, 11.640457671370735, 8.382833627570674, 12.100365224032085, 2.42316610047039, 7.88825278108858, 7.704645771188226, 8.914427048671948, 10.740367585009086, 10.785321695946783, 5.915371014162929, 7.654241235386296, 8.83691273618901, 5.195312642851267, 11.93091427492671, 8.715622860763771, 9.425688683276308, 7.130780137592288, 10.768318848823146, 14.725134687506623, 13.785846588205157, 10.144542124736535, 8.514031045130789, 3.80525061829993, 9.87227443437796, 8.092559894402141, 9.3822398589373, 10.421084302085022, 11.145797896950326, 9.359662869450668, 8.917267567136317, 10.878747526070363, 8.625033146715479, 6.017547061217743, 8.046597693559322, 4.9133491584674704, 7.5773675349523435, 13.970678005343826, 8.510178524868557, 5.836740651409453, 8.804352148874067, 12.461009059253392, 13.478589042283295, 10.785065025536738, 10.308211876319035, 8.478264805960698, 7.575998393431309, 10.956904536047094, 6.33259896066203, 8.717507538133587, 5.943432818744276, 5.269423479101297, 6.658868061845209, 7.570349077646765, 13.6496251215751, 7.501920116136731, 8.385324980109703, 5.435091349603529, 10.686995611127761, 7.998740197791859, 7.516264742819441, 3.505343730029048, 7.289356434253265, 6.177484298060882, 12.770963920361458, 4.590997971619388, 8.963147295043843, 14.944186943763057, 5.616400271480575, 9.99270535100281, 7.138030188119898, 7.171759902786562, 11.69064723919025, 12.55716995832152, 9.915524968665649, 10.628187007247796, 5.950290990197676, 9.79947583539783, 8.876707802515362, 8.854897118409008, 9.042097688348491, 12.668438044757464, 2.5549654166805236, 9.98126575148354, 11.021232721929437, 5.83704312941176, 10.813283272774633, 7.948803197057365, 10.696574553713566, 5.05403232134104, 8.183824329616577, 6.516512463357485, 8.78637341923303, 10.63873809770661, 11.309699947887648, 11.493495192780928, 11.19879377056872, 9.306629496130004, 9.825606053992464, 9.366903213739045, 7.7271847874915505, 9.97259738989286, 8.528008501829278, 8.079075029693767, 12.014757780675609, 14.756607463738176, 9.004849454948243, 14.665702858046975, 3.5870967463380623, 6.450418500547349, 7.911872546993119, 9.408607389286795, 9.982258608744488, 10.197703235481425, 8.531840033959483, 1.9310817194962244, 4.673953151412641, 7.4889639527838, 7.883007320278764, 10.377794360878474, 3.167816869240769, 12.084587737354274, 10.104412112080553, 9.543784524020614, 8.277921594130982, 7.898168635423549, 9.788756981410012, 11.919999465118917, 9.680153297246957, 11.00153332249839, 10.863018761493892, 8.287131879614646, 6.56504464370869, 8.042617161183612, 5.368245232138511, 10.953712658193966, 8.686532287428996, 10.365642030576693, 12.862971521750788, 8.980878070462857, 1.216303316716654, 9.563687400452134, 7.252652540583874, 10.590465351818978, 5.623484140784378, 10.451887133804494, 10.581210570655559, 9.091174786400812, 12.670791123631817, 6.881037272948496, 5.308488916985287, 10.49351039307999, 7.47579112213322]}]