script/wind50m.json
{"header": {"parameterCategory": 2, "parameterNumber": 3, "lo1": 3.000054539987559, "la1": 64.9999836372058, "dx": 0.5, "dy": 0.25, "nx": 34, "ny": 52, "refTime": "2025-12-12T20:00:00.000Z"}, "data":
[rows 0 to 24 of 52, columns 0 to 33 of 34]
6.1471673067666375,4.564368317665185,3.729646111654332,2.0100111763168846,3.934135334216158,12.756384778885614,13.480885565673717,12.452399369758961,11.102968405170106,10.512661081023808,11.548182393005364,13.363225550309725,13.478359919561992,12.742039675126634,12.268388960830453,15.031652242257161,11.226187724729357,12.042467517723493,9.585001215401032,19.566759476348725,6.645723897927542,4.571532441550307,3.9472102435490877,8.795344910222266,4.981318092744096,-0.5132449394649636,3.7468967932496158,3.543823323275444,-0.013630405505256448,2.4187961141139045,1.4146724660537706,0.12826991526980489,0.2605683713511842,-0.02510223706818704
6.177658216579246,4.084188934850662,2.455686064112708,0.20986716779506018,11.148234410338187,14.437926191369622,13.182070152433205,12.056861123952954,11.379751801705769,10.378478568332259,10.96878686472622,12.54653573329176,12.854515201155545,11.818273141982033,11.429265320201067,12.691389729706742,12.007945555833516,8.122803637350422,13.692610724503991,2.287504798849713,6.358435500155061,5.351868632540927,5.167071255107162,5.58221582770028,1.884263520949372,2.6200594467975487,1.980968231051882,2.5590579369991477,3.474394396819034,2.652242634921117,0.7387818474322831,0.7808403153083564,0.8839264057040681,2.2972687452900074
4.415729724614341,3.171733858883151,1.3901064802858822,1.3401887132662824,12.060259280276561,13.746579495630765,13.4102961829396,12.611855140269292,11.224381803508297,9.624306253478265,10.241657105851273,12.095990489596907,12.092388245370014,10.502973044804715,11.951257676517583,10.807777266973927,7.819783552828904,4.930517854402278,-0.7515245065554794,6.29468963149672,1.0004175991321784,6.22151314329057,3.7827343715020767,8.353834465184606,5.144795496471681,2.191900853236518,3.318722627158755,2.853384005115059,2.6246087301796113,3.146056476611134,3.7175039632829847,2.582148229594357,0.28486783220401546,0.7956909432774693
4.180557771061114,3.495370938712409,2.0659117385288117,12.00361678187982,14.034424586087793,13.412205783205321,13.242942283919563,12.542768809398906,11.655845675225706,7.836330341885946,9.260232513517773,10.742183784476945,11.001024838612913,10.874197889207865,7.633670670716913,8.739616798633817,2.5775152735511337,5.276410885837909,2.8888937880762176,4.514166628578822,14.31376644096052,6.615591067820072,10.534724284543117,3.935357939586991,3.4647295928861332,3.9991480853829886,2.57935914566318,2.535052466467282,2.5411595335842865,1.1220551842547868,-0.13187685738256957,0.9004899975309446,0.605397866330516,0.19465964948104128
4.0097385917358235,1.679996627746262,9.653671933633866,12.72088329857929,13.946472520958284,13.656759044259879,13.229918799759353,12.36585539532289,10.24876330645185,7.4923875394360255,7.191450971192795,9.050489873713314,8.290426686189598,7.36248018808104,4.984845856664335,8.882639688852837,2.5887645205165057,2.2948747516440027,1.3867769606126101,6.265389791785577,14.798453225467266,8.337659468282082,4.138507486486814,5.695136234623225,3.847883757811545,4.148517057981452,4.142030468013128,4.258697520046554,3.0917868224060574,2.089897982069153,1.7064679504051958,1.466149662940099,-0.30266274799535975,-1.134000035397144
3.9401339501186867,0.5158230323651085,10.587296014058118,13.907496565318224,13.747871837894529,14.033495439579081,13.22793582714564,11.047988763469984,9.165212136947487,6.245102972330127,5.277594745733945,4.37941003311985,5.4068687092679735,5.655673983159938,-0.6982458095487092,-1.3569925481988128,-2.3259917419968192,-0.6551364477970428,5.420660625146703,6.803052452654293,4.892238474080041,5.916747875789919,6.000163367741806,4.904572795146503,4.480621474322659,3.114606263620691,3.6462178855413905,2.803711147145121,2.740055593169181,2.16800126127152,1.3922553946285365,1.1491431608625082,-0.10038942590484554,-1.3990129346220075
3.29923277517154,1.7869032421907116,8.72175777214735,15.058567486233525,16.215908148394465,13.841854860315527,12.143611350377029,9.997698615197976,8.221808530644918,5.495966505574552,5.137971682124674,3.0683006128392054,1.5801132748432494,4.090496598621947,-0.34340699610316106,-1.9987015578755425,2.0452317440399503,9.722477316982555,5.731331730503104,3.883603855950578,3.6778722870112617,4.429049121680736,6.196228863953345,5.174995376788331,6.323178362892806,4.9128852448537,3.4881944824255804,3.760441913667847,2.208846199487511,2.132890416816548,1.4937454872675824,-0.2574972686429557,-1.6118284486865757,-2.1094177075948215
2.6378360844901674,3.1397727997639553,13.34942805903564,15.944988352297365,16.825476949007268,12.550541781516133,11.057217378005252,9.204863185815288,6.9865619345074315,5.517612490058892,4.888612120340735,4.362978009618773,-2.348651502611781,-0.545689348941671,4.085357859154535,10.605048789953436,3.103762899694898,11.832136618843823,12.511902125219518,-0.9125094160048458,5.265484049773724,4.169450239693214,5.114217264495434,5.223696712319155,4.384771687425488,4.618518557713447,4.363091728780029,2.7666746275496275,1.514355204713967,1.547640823957682,1.1066508441208287,-0.35097027587349855,-2.700724270431014,4.4035579917657905
3.565248752189995,2.9395365574840127,13.98787596236304,16.321278117603907,16.751266031782908,12.018380337391322,9.214772507384309,7.061831332678864,6.549424330975454,4.779884557622117,5.215279246449289,-2.284666046734137,2.3026201880658608,4.116531041615274,12.813936471595932,2.240509500880979,9.344626413592364,19.869548030079883,10.39979592251568,10.346408093880797,16.95470497904858,12.868507807060883,7.343855869815404,5.324781767322569,5.447812164709109,5.5181021640135866,4.69223280277283,2.2157231206740082,1.7612730278569892,0.8130139888512821,-0.3982526054045096,5.175040884183611,5.326664983829022,3.735830255123192
3.9216868310639756,4.447141334536572,12.638078665303517,17.333532776556893,17.98621952657422,11.020810037681235,7.803834370404612,5.511579382857491,5.345711478376634,-1.9317255062414491,-0.7636900817812788,7.81671197811849,6.850176033747322,9.63200752788977,9.484965305265906,16.85028060650015,5.873455606420018,8.095462319205561,5.357088618243771,4.841127046240852,6.684272077023237,4.279256999650963,3.675854091868888,5.507051925685015,4.628214381836918,4.657325263750092,4.493849065821634,3.771351688637882,3.59616285536151,1.7197859709409908,3.801181627126422,5.284452242711016,3.8998690400708482,3.2319706619459425
4.669126482302169,6.027336657805984,11.018703795522613,17.48107014219372,18.178345916617726,9.952784518474083,4.92355426924056,-1.9325630147241983,6.1746569857998495,5.5533194474661505,12.781751283080373,11.449943877967723,4.858154064799573,4.505439310733945,8.507769553416965,7.981922325448927,5.844506872994777,6.704481604058823,6.030378150601216,4.5449077852338196,3.237663146233973,4.213497765829791,6.415441262759806,4.381900347588237,5.075485187184014,1.790590048059254,0.0008735763267861614,3.7950145625092797,2.8365815205654026,3.2008637233867616,5.466816139431705,5.072119489355378,4.15207992373603,3.461092166247667
5.180994814488224,9.084960508451655,10.184055037828086,17.420955606721453,14.364776199190418,5.5985326956145345,11.831377077847343,4.402595171691451,4.072322543994353,13.037165236695222,-1.3310688606724534,5.158590324216149,9.041394530647292,-0.10926566092357468,8.222742544709007,5.756640319199708,8.778155076944198,11.492528321436803,11.498049491794088,10.058019821325667,6.929663097686037,2.6037421385879975,4.145437505419017,4.986052422633788,3.525719737590165,4.05521472440159,4.182392843025555,3.481605691596218,2.7411328180974057,4.452244982955219,5.582614120680805,5.026630986538174,4.59438819552351,3.962516476565025
7.8992502812504135,8.398946988591035,10.795767798379941,16.50298171068108,11.976947490918143,7.430237062008313,7.065296075998329,-1.345515052324667,9.597674932517288,11.865509070908987,2.552628363347843,8.014364422816753,8.181318660434929,13.767865067631993,11.186253628626604,18.441902558203306,8.225672376320984,4.43709013007607,2.441117614487531,3.951209793098442,6.560813934281421,2.308163311262501,3.602861759936336,3.6450608981078747,3.524922526279302,3.3191345846295186,2.528386849682814,2.531170896173563,3.0269536553580125,6.813559098106369,5.5536177565027085,4.852014947180727,4.1529566027102245,3.8441563886769132
7.283938650718366,8.477700494191518,10.191869694262923,17.42915425383304,11.824201080791141,15.318098882865677,16.12623252730151,7.39214222645732,13.895210595285954,13.772339427157057,13.301841440724077,7.593344074615847,3.6713264093879614,2.7212067119086756,5.573355537877071,2.8012328286030748,7.397683386901765,2.64048169536955,7.31161662099272,3.252838622541994,2.973461354671863,3.835244614786962,3.728247383051403,4.394494660103459,3.254754511725071,3.3944563849319733,2.5717775727480205,1.305542460587395,3.758097952946705,6.226292103884875,5.844719111142751,4.5997764975859186,4.195959715870801,3.9717031254894546
7.506857212336761,9.639470121829838,9.580418986312745,18.020043783125438,11.097365476469351,5.5158127885810755,4.115016063415307,12.460322003384181,4.351111853546958,2.7762248308202446,1.8650479962902842,2.0003039901775836,6.3767910546219015,7.352954835356099,7.049743246491554,5.328729387103058,6.690915312837686,4.330880109958724,3.7438392986974165,4.152070357927898,2.893613060133914,3.5183069641124973,4.196349113025986,3.1503740035825616,1.7421666899737298,2.6054669658788363,1.995732383432755,2.472388240913671,3.807925006093745,6.610803978920652,5.897277663653936,4.9381259174259755,4.119203451336835,4.085662901651048
8.079955849094913,10.064774031170298,9.304762111696075,16.22451389007446,7.669699748280954,4.399065241902635,5.363852397772787,1.7221937089569834,-0.2461949596183865,-2.172587929740709,1.859364833780617,5.8403023277221005,1.565416711788096,2.922895272541083,2.0448735005681615,4.025016824908953,5.097563531660328,1.792830066502909,2.8652183857649955,2.021026920582473,4.059652001813999,2.3444066022610124,1.6016261733077686,1.784536069800165,0.9741160215694306,1.7342249367640932,2.164880270357992,1.654904804583433,4.231776755384418,6.683157027569789,6.140640825578187,5.21936572954411,4.469175291173933,4.215278815649126
7.916258417945758,9.794131879970731,8.39313683092468,15.237396743777568,9.745498094227656,8.868193950394193,9.554258649228611,9.74199692420672,3.349277683831594,8.829978327451744,4.316280245620259,2.995093883306234,1.6254362869549372,1.5630193194099185,1.692604202403329,2.2710845042732215,2.4166218062129907,1.6707425436719676,1.6925559660159708,-0.6232675142253159,3.280025563774632,2.981067272649325,2.0211892122228865,1.761463499562965,1.928291767547593,2.1766052580496718,3.3046013299559602,3.2849392194210383,2.7779968203160132,7.411616027351976,6.607765583026186,5.347153660747179,4.60166733708293,4.21317251474681
8.469902740874087,8.672497219451804,7.544129475925546,14.04956054149996,7.0573144325375035,5.845448388982284,8.053635581282201,4.093382858884238,8.207968830152765,6.607039522732379,2.344152234275048,1.0923197673236043,4.893753665616735,2.3961466487510354,2.660890632303608,0.593775212727544,-1.3840640009439231,1.119787261363357,2.5913314561661807,3.176667996584289,2.9868976305634547,2.2251560880116195,2.324520504462427,2.6762219032951498,3.102522445125883,1.6606198995289727,1.895429895834555,1.7905954659005237,2.4269371835016877,6.219339108044147,6.811613652943934,6.601592123741937,5.30754164791114,4.461602255280848
8.266369561410128,7.741521685333408,7.6086062906349925,15.482104528498478,9.862609352707347,6.790859800746505,12.170518418215043,3.700424113073532,1.6063321941206572,2.943544415156857,-2.120770707561307,2.4689339347164347,3.296252370761504,3.9862153033605443,3.004980161842707,1.3885070929201164,2.0820648357720577,1.8747452708159638,2.904147133217958,1.8462252544523536,2.0621116163015647,2.195539628949511,1.3903692274093247,2.627008406109672,1.7078754618503489,1.7072307720819675,2.1921952163474443,1.10297778460571,2.282962191999364,2.0919484387921,3.925926676271971,5.594776336280033,5.240976480317299,4.429352803157116
8.488125362594062,8.423220041194934,6.7729584805756184,14.574177768787987,10.417349121097093,6.491243387159413,-0.08726702675960062,5.805608761743017,8.99248623990581,6.85599089655314,8.094630898723953,7.7102678113006204,2.353729354639977,5.982689553807543,1.3447507833744403,4.245596914298971,-0.7274121877663375,0.2344189596361939,1.8720323678114463,1.751808776258501,1.0642993842321835,2.1743564788652274,4.172721430188233,2.7577015680698524,2.6757895359825294,2.653231794274541,2.6642906518655805,1.5926797603413412,2.9984322090499775,2.6770368129712443,1.9535064396951751,2.409588893199442,4.485144919143422,0.9886840453443076
8.096821465347912,8.166304909787467,3.965153793627571,13.784609369462677,13.911629675168752,7.641085911404128,9.664547244291036,3.983653740131488,7.22431063009815,10.383755723409266,7.734623544670599,3.8835678421370825,3.5757904568985697,1.0293746943200464,-1.1868917046140508,-1.7087291087355339,-2.609898755316914,2.9465367539171226,1.9526330897458999,2.1961174600378306,2.9991324964666566,2.4774106387287214,3.3284245707656583,3.14721515917874,2.739721901896823,3.2401099047471305,2.504501899984181,2.7965445534447517,2.857582791841964,2.3686519250226703,1.63847254574081,1.84454976596119,5.126368795980032,3.9703103025270647
7.638361497962222,7.162132102269771,12.122633030770533,13.86783895225341,13.742473091606927,6.770539787548712,3.7026560519502403,2.0441637806214112,4.812699882801903,0.3827609639342775,5.288288869041804,4.824070874143537,3.7687239126709833,4.177328358889788,0.4622902181607456,-3.123199753486081,2.533610003230982,2.503552765904773,2.1348527191562905,3.1464361701859667,2.028835004073035,3.808883739373106,2.553413343532901,2.8492561861214774,2.7273581161731086,1.8844697561976136,2.293804330200742,2.9953911252596814,2.13740889782484,1.9790117497910757,1.6508546063069778,2.1485669376586864,2.9299528467120237,4.251918363308679
7.454144773521288,8.005469685281172,10.486377427652682,12.56853951533746,12.578493744066657,7.637906348108153,6.153564522064417,5.197948166630486,11.69459439934366,8.072170310082804,3.8520620321313173,3.346440223878307,4.984610839791428,5.603344666119719,0.8957240054559134,0.35756921974408357,2.8280659462452977,3.5928636062861234,2.0627126545672123,1.1294491065959082,2.651852670823519,2.335981716488689,2.8285185786447484,2.828014813866517,2.38509288541477,1.4317517961030715,1.3817355129567361,2.5524948740655358,2.063108473413624,1.7870156643043211,1.7290080433005623,2.704205629726789,4.116205827531596,3.500598223566472
6.830607667433584,7.306032104071401,11.477910129643801,12.033644740216936,12.586746664090272,10.2757308499232,6.588669415359175,10.60219942501355,9.769236844733443,3.4894556601168447,3.7707464142129057,3.348743021419966,4.485287170205622,1.3542628716182878,0.5396080261322859,0.08807935199052166,3.432667587989674,2.8928910014169142,3.4043976482699603,0.7605761146396154,1.786430410077408,4.625953694424056,3.9450107836033386,3.2896572779293707,1.227597258061021,2.194678995769881,2.521106463196515,2.774687645987422,1.6655956764475348,1.7232814483005612,1.1635411301844356,2.8937749312252605,4.197676524381221,3.387841778661939
7.233640562160333,8.33123320171755,11.525290622576636,11.488516521061175,13.105663445632182,12.534498701275812,5.508791168906501,15.264196175988808,8.575568397955557,1.9066723162686436,3.8130760522489386,0.9515411525465934,2.6276365442155245,2.353035780299568,-0.7398860655621133,0.19213063935486033,3.763004554692326,3.311748069129839,2.8816475992042045,3.903369097130616,4.477327260790809,6.177833510218503,3.1506901700716106,2.965380725621054,4.115070542616105,3.7496164068160915,2.635268962596081,1.721189215201588,1.4895241991323314,0.5995029733435414,1.2614570095344313,3.749116780559181,4.516762815863205,3.936708885230632
