script/wind10m.json
{"header": {"parameterCategory": 2, "parameterNumber": 3, "lo1": 3.000054539987559, "la1": 64.9999836372058, "dx": 0.5, "dy": 0.25, "nx": 34, "ny": 52, "refTime": "2025-03-20T00:00:00.000Z"}, "data":
[rows 0 to 24 of 52, columns 0 to 33 of 34]
2.182704425356647,1.5242095949755503,0.500453772888173,0.8272963038622407,-0.32096735530350123,-1.0171308483339312,-1.3924646624160495,-0.49260016133258544,0.5446854852800552,-0.03766416922351385,-0.33168152625611125,-1.3977931081257684,-1.673208453699246,-2.5974737940516746,-2.426848104048348,-2.2945721025474093,0.6111358807865744,2.7701086049074712,1.0356923794780921,3.317692664871349,-0.9767655705805556,0.8082632577078381,-0.5345790077731829,0.48217092340235196,-0.8208212410177812,1.0559245838527398,0.90459402469256,1.0649055381499701,1.3686761988677125,0.6200880515294267,0.33730853479238404,-0.40185396749283253,0.20031652351413531,0.44539605656839076
1.0762523408187876,-0.07404690948299407,-1.1157174783013628,-2.77963944999608,-1.6454889085944873,0.18347099506264783,3.672245287741673,3.474954588160855,2.813265860753421,3.3221454201879523,1.4569163409411867,-1.4249546134261561,-2.3873794134259723,-2.627626070840348,-0.25727416818068477,-1.44179780241548,0.004776999805571396,2.979467114794274,1.8499286809241589,0.89276604131946,0.9988196720161543,0.9655722715852366,1.1070628114801777,-1.2745788708255588,0.14135059998216215,0.5955927178888166,1.8223236657644892,0.7142240277760057,0.9503746497755173,0.784336492431015,0.5840076186829265,0.40485351713155976,0.2276095016945614,0.925721333850072
0.3295834842661371,1.5361307685227483,4.380506800054756,3.0030733272608585,3.3332002280866306,4.0458258398051266,4.545451135680085,3.9234840468385834,3.9615159907733952,3.642248551658973,1.516014831340831,-0.2189912875713751,1.9532895430547224,2.0549980740746423,2.746343021825912,3.903157764261872,1.5241985675406946,1.0893213503706405,0.6086229837019951,0.4018872371658251,1.2098712362442894,1.1716658950318548,-0.22699730878942084,0.8813584457427005,1.117562890646815,1.212617346847493,0.9360396503965688,1.5466233596102406,1.0720110342162112,0.5758224449759417,0.6122729531191063,0.8599056073615847,1.0340105725262336,1.1072108543890788
1.143215224721737,1.987755169756338,2.62144735839768,3.204957277285028,4.29832713050951,5.458539196428156,4.89140311408496,5.284470590331191,5.484454596811042,5.304259881032222,4.986092580604936,5.486123183394086,5.565369633363161,5.131075241037378,5.81941573023286,4.172860150469121,0.9681848890178393,1.3410762676543324,1.6277777275441432,1.074305383659022,3.2737513480980955,0.6462776248882771,-0.5659927059796359,0.24354520889511586,1.3329405234757916,0.3072203700676209,0.9594631466289979,1.4268768736346997,0.5415088442569023,0.8066943880900248,0.5225346735622183,0.47101293433607955,0.6921007485820693,0.3897619231564297
2.276890514503198,4.651209238783611,3.712687143593994,4.93528120749592,5.469369759770067,5.996315346857275,5.223513401836526,6.120813823333398,5.765077922527276,5.9811337796126836,6.298099215965043,6.060744643088922,5.68018591475298,5.258391629583074,3.5963662382704196,2.8272640027072864,-0.6440735534113344,3.351074246844314,3.0030983044936757,2.0128158727076615,2.7876262630643738,-0.02735155656571004,0.2590691628073777,1.791873009655986,1.3695412329000403,1.0912155873406635,0.8594000001554615,0.16249601167225683,0.677016268885056,0.8979426436423478,-0.060888194601052964,0.6551949741554125,0.8729952477897212,0.6689917986119751
3.116862622895569,7.332373287031016,4.630471477893206,5.823341011490294,3.6085835312516927,6.1252794460823505,5.472940810302119,5.322362265728487,5.341061962110044,6.318770190642804,6.385988741834275,6.165893051152126,4.600593533784042,6.48038872007133,2.0725180019109057,1.3506170513911844,2.960878522744265,3.454285867224886,1.9197927954298204,0.39047979463717897,1.1020347182015258,0.5038672676748889,1.5562980408674474,1.2477072259206696,1.4675843907360888,1.3940654816300704,0.9838512948625361,0.6991786575506338,0.8838669127613035,0.40039883427811096,0.9663723134504058,0.8953472449933182,0.6522332207287327,0.30151804786630204
3.393612974264148,5.53302715165391,4.887274351953905,8.779118851438552,7.945188151418435,7.334547880911178,7.430511529752881,8.430036597262594,7.363094921500824,5.627006694949869,5.034122174260611,3.936913376728374,3.9697737400411564,1.3094076322084094,0.6825899842336457,3.4738299814820186,1.1898100166937735,2.833271484201422,0.9732261860175578,-0.4000235171494141,0.9550805571316012,0.45174608060652244,0.766970835798312,0.9884261169767213,1.2389648098201451,0.7760146486277808,1.5498620682543072,0.6862443557414583,0.9736509430666753,0.6341133246375737,0.6115818239703881,1.1520741220379518,0.007234748478001888,0.759556480409955
2.816118606623661,3.820073567949521,7.215079649344616,8.718948674123418,9.370446583589318,9.920183230850688,10.495105763621568,10.399829251097163,8.245793337158497,6.439769350088487,6.046308059931849,1.6550259237292013,1.7520090072696985,-0.6487015477717567,1.7940756229160617,2.2883239381703304,1.8676937156584812,2.7711233620348783,1.222301380681062,1.640044561683662,-1.0750310398048328,1.187243532391012,0.3121742723404441,-0.5609661010938926,0.31767349309896,0.5981758964959618,0.12279983195274853,0.3834383733944755,0.9868454312596517,0.41680177211310016,0.9329546202037647,1.6244311040091552,0.5908392206541552,1.5591392503849786
3.2821545176053166,4.7814502810207316,7.890055199750751,9.820601586731536,12.30545886399603,11.820393789390687,9.84492456202627,7.385822941429752,7.5088302316196875,2.8050354010250453,2.0525008387172403,-0.6235875908969266,2.5652066933671382,-0.08819893497089426,2.1036700747514776,-1.598084620313849,0.7164019803417621,1.4108420924063423,1.898789521076332,-0.028652321247896403,2.3298521728809525,1.5082163643247326,0.12632730704493145,0.25379355191603364,1.0522502712742599,0.5752700899360498,0.2561480916912052,0.3441416456705856,0.805512175924846,0.42354328216427534,0.4805915448944524,0.9289972959702181,1.7297812024098778,1.3107469057748633
3.4183254709948563,4.485995899115719,8.84602092438328,10.117946504289598,12.033821840618595,10.733597474193862,6.751302169789552,4.903466781378843,2.279460034304148,-0.15617797138350095,-0.2410744020024649,-0.571002440502242,-0.9054109611738109,0.40325217649473344,-0.1701338447962276,0.4623800784907442,-0.6029586333593419,-1.5106381369216113,-2.0227118660469827,-2.565703560169461,0.043018501538903055,0.012728287415861508,0.5909285620104315,1.5870344476744944,0.4349639004002761,-0.20952006010007282,0.8351435819279538,-0.6657284533260677,0.3019132117022896,-1.1630034897868482,2.514346217971231,2.4946113438510613,1.9092663349903494,0.04362521685469926
4.9549878470199875,6.637157441733297,8.823281646865594,11.917475924586684,14.680516386976535,9.529541633964795,4.363622801887939,-1.3537193139843569,2.8077494870960393,0.36736887522638084,-2.179973010704515,2.5597356702076803,1.1294137319949993,-0.6990881486794044,0.961323166340418,-1.0590861440375794,0.2498527458228068,1.1074289848149306,-0.647086492847851,0.460535712425043,0.7043803036736381,-0.282123136873389,-0.045759397735284556,-0.03854247829581879,0.013179210157864602,-0.4615441002150297,-0.325527013089658,-1.1987371039543007,0.09901261189583084,-0.02093875478304137,3.498330381214022,2.6022226895711627,1.37127317397045,-0.11583391088332497
4.3484646864117344,6.261732200891718,8.375781509745206,11.640737664708498,9.685644606922969,3.924704242839405,5.398774635195613,-0.5846964654438962,1.0448609430229319,2.2740252729025254,-1.7834794675556518,-2.0667482646840827,0.7851754644039608,-1.6222037995866763,0.2679728909019925,0.1239409514650368,2.5825153494243995,3.8301869999684173,2.554058583202624,0.45095385189836845,1.718162724139361,-2.1639756595074515,-0.0275175658301247,0.022213997093802437,1.3564200222411855,-0.7313382174994975,0.014880692221449979,0.37570397785569415,0.4751991194370434,1.2041414649820332,2.316389492296596,2.5136725691760877,1.7040227918909265,-1.3972468401512501
4.568186753543707,8.117108290517793,7.872782651241998,12.215033659636989,7.400235054414593,2.6177631578533886,1.3898397595679153,-1.09076312253126,3.303703263481046,2.9427874800704124,-0.09359101105723475,-0.026630855913509673,-2.1694080066385077,4.894410139965533,-0.8866571317078322,3.794931291368039,2.8850310979960803,-0.08615818446807294,-0.9791892961105327,-0.44887117691810235,0.5406441954415071,0.17290126925242305,-1.7051601239499583,0.6808048214488619,0.8052958290284983,0.023879449391903465,0.42307147808941015,-1.1923549312942605,0.06043988661038751,1.279237440518384,0.8964382976660624,2.024285696970489,1.7680317679032223,-0.03329539457935446
4.1341237454623645,8.046754297818623,7.853397812491596,12.401199139611574,6.614333929883526,7.631786213226734,6.767152033251855,2.007558707416177,7.352736863855944,7.534988523258349,7.110669770032576,4.019753446475705,-0.7712106205913738,-0.4880025705814544,-2.575524605640355,1.9924386700115488,1.7493926756656129,-0.6108399084733582,2.7178738177587847,1.7928003115382853,0.2227230016670237,2.0089128740722537,0.1599102677323955,0.9141941533003412,0.1177929207023245,0.5972641742812493,0.492886926872381,1.757849123545504,-0.4473278224324349,-0.0016829057391970273,0.2299860291914152,3.735476774268247,2.5946152488549776,0.14028985071248645
5.989772623627799,7.4044415799899905,7.457048879697057,11.93987202492518,7.520105799538044,1.219014003315898,-0.21756262703839485,6.7179251443634,-3.71582449025016,3.070377880126533,-1.5514670804917408,-3.092672711912577,1.4356669324327467,1.8147255717040813,0.16932349909890657,-0.6042302985079812,0.1476731017054495,1.4454377455478198,1.5550932788184677,-0.003116063386128965,0.9225477265467478,-0.03803327925473703,-0.15551319608737887,0.9153209877945077,0.9557608685428464,-0.819802986704272,-0.3171559680358532,1.2643139591260186,-1.0644283535278796,1.107941618360669,2.527217014162482,3.4083296623964947,2.010598649924655,-0.4028085991701134
7.096494300530213,7.9464627819454146,9.225332069188662,11.968976891275505,4.409520428761813,0.3221744054334209,1.4491545778983874,0.540912963859626,-0.5210695924290254,-0.95454513638497,0.7059358602763411,0.9715551661480798,-2.246640731092923,0.348852480760377,-0.5778470768690854,2.2760435653375763,2.125048156619875,-0.18583346535125234,-0.20529367317976355,-0.22052353024120652,3.0436177264612665,1.438473322902087,0.030143288654680384,0.405438721971277,0.057355156997506235,-0.6856801175218801,0.45503495668257943,0.3368883449873942,0.8168975135778063,2.734595549805403,2.2777390862446327,3.156612621794939,2.125569119242876,0.12132455830148364
6.4561356441374755,4.540617993435975,8.000644682465024,10.422034368693815,4.4401541356563685,3.772720943064939,6.150826347780449,3.320857091187253,2.5903188536719184,4.086820782528082,0.6483213662879155,-1.8503741274745564,0.520648075013767,-0.8125746981766168,-0.2538099508244469,-0.19857395214921053,-0.22894982085533755,1.7221196724567414,-0.6981656210897323,-0.5292488312353589,1.3112652174042914,-0.09972074371719539,-0.3888424873510506,0.2717915358835467,0.1149064456106218,-0.2038350826133495,-0.5387560351180899,-0.3985150178122168,-0.005249569946701337,0.8770435198814922,0.997732909190954,2.508666201899796,1.9139955239666688,0.600162803435838
5.224923951311424,4.639784945579433,8.17415143774339,10.33820206708937,2.9857335057736574,0.33271646996577087,3.2442106904575194,2.0958172160655053,6.950995466347289,2.0260870041249714,-1.0689080630277752,0.6737530032137468,1.8147215541496144,1.5932407081934972,1.5506460820903183,0.8175266240890015,0.9105458821404614,1.7652063216142786,2.75847056070043,-0.14905542863564047,-0.25739481495583955,-0.0381454998017538,1.4912274230961644,1.5688084527694843,0.5024191977323051,-1.6568413944844744,0.2568074685751177,-0.3735676774389986,1.0236503904403766,1.9351751362365908,1.3607247628243204,1.8775678259491835,1.9077779257536145,0.9617029763605158
3.691925353966607,4.107336815414726,8.71937025472189,9.736451947585415,4.637137948577673,1.4491360640893185,4.726626160183779,2.0256574865292825,-2.4823547459700146,-1.516895777788504,0.8710520336230605,1.4033550942464368,1.6574998777561372,1.846465609767754,-0.018752703966234966,-0.40436497344386524,-2.0293601163688226,0.7132124806823571,2.597492304065496,-0.5223059027758168,-0.23516947910470518,1.3355486949562427,0.45739000927734497,-1.2081681296213214,1.1342425128974964,-0.6702365804886324,-1.3642028454176307,0.178370174580847,-0.05773938973338992,0.8207391386101148,1.1742713393686355,0.4889516268777962,0.6960804555022317,0.8784155933560372
3.7212077732297777,4.141176030749598,8.654722724563367,8.870480446413618,2.149353723712565,1.0291602059887635,-1.108564008018455,3.034613997493992,6.274267173226097,2.2085794305211937,5.04321345159787,1.8717370126342567,-2.1993847799270276,0.25399664829194796,-0.28789475934417513,1.5232261618438518,-0.57666988172598,-0.8084316124167344,1.7647729770137826,0.0756366107441048,0.07419904210706264,-0.1676438798584736,0.9492195469023371,1.6391437210965059,0.2472495295672431,0.04774484216297981,0.6531454466150283,-0.07012945450791284,1.5044722989471961,1.1346118230078992,0.7041424949186446,0.6809095263293788,-0.5284097209413577,-0.17583300628277154
3.789980091314463,4.723080278239256,8.775290287420667,8.268674445491586,5.569231012758919,1.0395776182440406,-0.05770029898228645,2.838713107377687,3.8275895906609096,4.209276809494076,2.0145589435604636,-0.1497637093754405,-0.24595169827694313,0.7005051966973513,1.4131323063276897,0.8172790861041299,1.2958585452381648,1.7066555634059644,0.23713987629752975,-0.3205668553610583,0.05528538178322539,1.7464594330360397,-0.4088271979320276,0.024322918057552212,2.0312627765460216,1.646417409360128,0.9503141327425424,0.974802683019165,1.4169857925629137,0.885759752990894,1.0288389766099364,0.47193014910373243,0.5315766116170464,-0.9688441986959127
4.660876895842679,5.848888172381019,6.948277232149438,6.8062789519091,5.344083674976602,1.8544602161236665,-1.6086845279700706,-1.6540067726294598,-0.28399550777561267,-1.1595183627438181,-0.012322210697282465,-1.215823859452833,-1.0143018712004428,0.43259224020651627,-0.6738366199445105,-0.13783690611697172,-0.5571636177469594,1.673889734715912,1.3136053546264923,-0.5172198161532259,0.3575524963937354,1.6112204157374077,1.5653985634133836,1.1405974814541244,0.4195371821104404,0.473410222018799,0.8554948162524434,1.1249978160989837,1.3513271570155263,0.9061612618944896,0.4746120714916981,0.6502699819710889,-0.41557502238481175,-0.2938481651715919
3.521060035709447,5.957341981958877,6.453604668338203,6.668892635871782,4.718552904396705,1.415537595439926,1.6594503371630154,-1.7003730267866353,1.8988310921677092,-1.9903321222988688,-0.5207005867465649,-2.7248036976404406,0.5336990849781285,1.6968355844426375,-2.080645115437165,0.006821689799095571,0.9578694292185552,1.7194243066702488,0.7405486175211594,1.3666457039598292,1.1442628379025086,1.873833391591545,1.7243232847408339,0.16333564211251636,1.3811689890983028,0.9597073851891076,1.2326376284209242,1.7800292843538523,1.0334369035763815,0.6536006315152105,0.40576674517331063,0.8482198839592491,-0.5019903724869333,0.18155987769660026
3.7363984038073386,4.627893509224498,5.178801993498965,5.086424362223418,4.535782265050409,1.12564396940792,-0.39195060650499325,2.288985078221629,-0.29637133811432115,-1.3547305759010444,-0.23469429390759644,0.3994235597118695,0.6410050246429078,-0.6223893642409443,-1.5713376841897662,0.5759017134783326,1.200843071793693,2.3240847292026445,1.3163594552589117,0.787558597733233,1.8551969421857828,2.3230097646794152,3.5266209364547194,1.2909944447950432,2.290702528459994,1.399041857418255,1.665001642692898,0.900449061721113,0.7620268370348923,1.4619800839144983,0.7435078873368802,-0.03712620764508541,2.353988110462496,2.2450689548332132
3.856384345242264,3.5616389231805137,4.178281985948853,4.672097092738722,5.710065918270974,2.957581325333951,-0.5515918529160386,1.9037300330881641,0.7037145854866712,-0.49189831407995727,-0.7538035416740853,-0.3135259319794842,-0.435762686951111,-0.7839850484582844,0.5920284890454274,1.791961731349414,3.1345136454916216,2.013269016512618,1.8767485819000143,1.3324625623209927,5.182763969586419,5.066605590299414,2.2997672034360845,1.4631094799674507,1.1418521418850454,1.1943840008729902,1.1859503345599312,0.6205372179529389,0.5168776874282288,0.21262201229741803,0.07078540735326662,1.14883491997699,1.963879830644456,2.118324383199175
