script/wind350m.json
{"header": {"parameterCategory": 2, "parameterNumber": 3, "lo1": 3.000054539987559, "la1": 64.9999836372058, "dx": 0.5, "dy": 0.25, "nx": 34, "ny": 52, "refTime": "2025-12-18T08:00:00.000Z"}, "data":
[rows 0 to 24 of 52, columns 0 to 33 of 34]
7.601248338231908,6.42506356890523,7.101893226902877,5.745856117576768,9.135463388938884,8.559898156487955,12.338799844650742,14.811126428641161,13.913568209469718,13.087323561585247,12.91243867985118,12.93017980090147,13.043660908542316,12.120059071654229,12.259278987872221,13.00047633420556,12.717894444733206,15.623303608423798,11.852388011703239,11.152941006765309,8.34787041672775,6.049150549556125,6.134696720953941,7.248085323402645,8.27499091670511,4.645335806417244,10.11280854798045,10.334254863524677,12.244826370899792,9.163486459392729,10.812886880749833,11.770278202413628,12.415913620688057,14.9851974151187
7.027673949823486,7.314631289888041,7.779698780251421,8.245672174384035,7.873035485154516,11.0462306921862,14.012923206411688,13.73847840196394,12.75614937127057,11.62999847008694,11.845457617525842,12.133685901811779,13.58128059954044,13.61579767890162,12.491107621909634,9.594645607883797,8.010908310440966,13.709579268225905,13.540493623698296,9.420986843540168,9.24416123085588,9.046668676945691,5.178699108608218,10.407695455752192,6.010696254317537,7.586417536833295,9.192788487728299,9.30125227505006,11.007583901801532,10.801666056717833,11.545620629071776,11.92448336361011,14.197536485989234,14.741208359598321
4.637466660038674,5.704176527661681,5.882646026264185,7.15462652997161,10.036281868123242,13.518473727951704,14.005953645583716,14.014125446974703,12.871567373632026,11.50667386864864,12.390006738001915,12.211824077645746,12.840136962436528,11.814216487108109,8.455553539206184,4.7113805577054215,5.843373412418052,11.57284132684465,5.892810383667086,9.479351640500035,10.00619198594635,10.215759012556685,7.076426162609881,8.448909336959,9.223006651532717,8.523562376280427,8.820488621612213,11.714696084326956,10.96407823230112,10.554205604011164,12.210300750017316,14.123249002233983,14.737141605697547,16.54749864324438
2.9780763653371864,1.5588609214218279,8.090618065694443,9.907302056170114,14.9460059456773,15.797390026955338,14.096076383508754,12.087430119060377,11.418228571205763,12.360798807472479,13.168265355820283,12.534069172551632,11.38854595995469,10.31224395255438,8.919981668438595,3.9679046363369164,8.839803960919333,11.925735267490984,12.63446348892299,12.92076006579461,14.593694778886162,9.490371142125253,12.606271645932152,11.202170807245242,9.832566906749108,10.368835775181934,11.344815353375697,11.365666015948268,10.881932689231567,11.15283334225857,11.185073171787193,12.828178421022413,13.558949340012605,14.477638759543794
1.587127333101915,8.741219536638845,8.216569783699144,13.848262879841805,16.1012915905634,16.250758504765713,14.315390865584314,12.449879705585005,12.215231696505064,14.19492431955027,12.856073924107909,10.484634374754409,8.418976903935425,4.0547944912962315,7.492117000608227,8.45672207901248,13.216386544735998,5.874300660922819,11.727283300605045,15.414846613844034,16.317307186874082,12.233764486161819,8.07967129467809,13.965450042680352,13.107613715138045,12.660846578564305,13.240836531864312,10.787093556094359,11.007620208387317,12.137910395616526,10.4989741402516,11.262893095074286,11.559647741491506,11.853596377539082
7.653264658113549,8.045058955806851,8.961053465281314,16.477852304259315,16.262651544017412,14.952562248519289,13.258522230491428,12.546684045754684,14.357798691946853,15.101031410981724,10.468647641049305,11.217698862635046,8.453969884038058,6.985653782817177,7.462912183827707,10.984857711773738,7.133061595816686,9.039682731417452,16.353540362368967,13.55456458283952,8.077779573187694,11.213422774570173,11.480439351184192,12.246413397970842,12.920928687973078,14.92329799469503,13.037116412675552,12.082114416223341,11.938687891927426,11.395735578371145,10.51519499439655,10.10885527520554,9.580495094841547,12.399329407263739
5.054621248974453,6.595027302614256,12.41784885976941,14.998620789870767,15.584433785152436,15.053492235644532,14.836767052930602,13.866812570262006,11.6102089543158,11.207407474446805,10.428944292588588,10.773640658149041,7.339746988772062,5.042139663594748,6.902048847013272,5.861915972248513,10.595017771684809,14.90021601907869,16.812631245468694,8.59663319911262,8.261319214629173,8.622764295047949,10.292634697886855,14.632881239313802,14.258347636435724,14.819314560264795,15.061443264858594,13.494741688537275,13.47392626428559,12.918691439354596,10.457442678686943,9.235851909911643,11.013643720888053,12.709845290433648
4.37541403306038,6.976800531437124,15.906797274788635,18.428653655261016,14.821925963814587,12.78548085454387,11.859492569227962,10.124678370074422,14.395549177956296,9.303684931534107,11.198853985911471,9.351898059571239,6.9287315813267485,4.823081180321496,10.770747873962133,18.197054888344397,9.853678536550035,16.951307872836978,21.526712933096196,12.650391578650648,11.843060608736899,10.931178219111526,9.518476855656107,13.061451800838325,11.985984694889233,13.132585684478055,11.956814324999305,14.677202443489644,10.932007153924262,9.503981605953712,10.848448993943485,12.035322087389295,11.979791815730017,11.809211354348115
5.411641644257831,6.1947552179574386,15.099162128366626,19.134031883845623,13.523705379664275,12.210476663421538,13.774637610343738,13.883272833599976,12.726183691373304,11.802648145977443,9.931842671117158,7.496054260824416,5.832318472124022,8.993605827435927,16.532416992159558,10.278480473677176,11.980392799940153,27.694861989650512,18.240085122913317,20.657898377572025,26.201093981197374,19.923587380778425,11.558013975008693,12.493159184447636,15.432526604737477,14.953369029316152,13.811571637721036,12.204185414554116,14.39385647007107,13.76456385860075,11.811488302357231,12.170077559846238,13.133091198379624,12.180242877498257
4.541029924350857,4.767611301877567,12.297331929865951,19.967679981361286,17.734234857044076,16.615766502334015,15.235233968354533,12.937383090095548,13.064117816843254,6.028991162058608,5.57124582773036,12.441637071427126,11.429190297302336,15.23218250253486,14.834658384895517,23.77050182079423,18.152977523671666,16.37975623180991,15.384535681911496,17.48021609221316,19.33157635208637,13.847249052969676,11.032027928227771,16.352808391843183,15.202365532859625,15.274712476492043,15.01512950626107,13.984305930604158,13.497305167339768,13.215757565229584,13.111486625634022,13.112470233390987,13.205860004975996,12.79943362645843
5.82443636759873,6.014323463011777,4.124824023275212,20.6220285690647,17.52736246259248,17.4408723045372,12.011444500403137,10.0639496912116,19.533962062822702,9.376365265588436,18.846193528491973,17.342100521262566,19.485520795945206,17.43625440616381,19.54087161652317,18.139511723850873,13.437290000121141,14.21631464310801,17.278453888124606,14.091172300203265,14.137243265151099,13.089260717859142,19.22911431587356,11.923235418560393,14.284532494616244,12.033058182086963,9.155888006883407,13.103236367724294,13.258427517400259,8.980146472259047,10.99216049088012,12.226352867500735,13.138099064585255,11.822915034290222
6.687091776777659,6.738470244047146,6.548415692105067,19.424553534096912,20.05886851597662,12.949169537024185,19.431328729288477,12.951425788581986,9.488702179868396,16.424117678444436,8.776707771595266,9.6486668944298,15.722314317028758,5.612428089243437,18.770467255427143,16.153909362390056,22.743695217357807,23.243482259319475,23.246503015544455,16.19975215752042,17.49691449998258,11.619634657814569,11.319040072116056,17.791253032662652,11.980285744341199,12.40814919063853,14.651992020601938,14.328512131488422,13.672292084958276,10.6463634696207,12.145642156305982,12.215400067194413,13.096403911419978,11.685216332238484
8.140361204910677,7.048744334165757,8.452499682963538,20.528797192100292,19.7672405345898,14.46539722567138,13.635334483908817,5.818480816934204,16.948451673472313,18.170349155750834,9.78925967744157,14.891093020149908,19.65589382404164,21.215816324079967,17.41335403979524,25.799896692567042,17.836909701765116,21.18455061775834,13.552533298338457,12.767508078176045,16.404112753778552,17.863274758894093,15.180260081787996,13.445398748014188,13.270358858863785,12.033347672043899,12.313003137232348,13.263118370451133,11.778085683607776,12.711533664427895,11.252619953349459,11.962429007923609,14.435833146172433,11.859042221663566
8.403019826508224,7.8836264782186065,11.15880874560722,18.90933284898041,19.62455478091563,21.893144143155435,24.900821954803845,15.322408446268149,24.609981593662013,20.154534507342042,19.297021301631204,16.413466161585337,10.263530160762796,8.60380528563237,16.243014002415432,19.986083277957253,19.248165291396386,17.658174792169717,19.90764653802663,15.128277744510255,10.915868591113679,18.306443317620214,13.489896104488938,16.17408405528611,12.06597052652021,13.535486473975826,11.258098724387333,11.910330966876415,11.2808692679329,11.046160259020645,9.665678998933364,11.951036570380127,12.205156644032,11.689119120157255
8.030019389450262,9.11646693261103,9.611693394336204,16.445373345615952,16.46575153621939,13.333125241653306,7.686336433698793,20.790762140349663,11.41149353360005,10.327817056528117,10.984961679748913,11.306169446961968,15.085208056751265,19.89616978635618,19.045363146644625,17.50447807924405,11.340697331825188,16.166155553622232,15.568803250547875,15.413014938086686,14.759461278383705,13.874543869484468,14.047801478834726,12.392406291869404,13.193706894346597,13.201534672987984,10.649057451490012,11.79631948654894,9.897789616688899,10.689694146769108,10.837030134907057,11.0487578119526,11.491664062365793,10.862027355200075
10.841427448247176,10.122031600068789,9.057385103870502,10.878523701477492,14.867866904941248,12.40741509711433,13.27509314807674,5.381494828269128,4.845405773988531,8.4227596872591,9.453749297972537,15.052701875542756,11.574032915518307,17.316707342645415,9.509039732403249,17.909498679352296,18.41773863386774,12.531051653534275,15.245061096787357,12.517283009896698,20.777580713753224,13.68787302067813,9.076800413250622,13.215628928764295,12.715194795367866,11.016726431490083,13.329178410203935,7.719560217864242,11.839102599889113,11.084536913402957,10.573474988801312,11.943201460467792,11.637451252685542,10.547466978202268
9.854962319344034,10.021936614883941,8.723953863463839,16.77702082233308,14.82426597483838,21.764500838031857,17.978100097806653,24.709404440064127,6.9594366511205275,25.423556210874622,22.93274744836797,16.481636195769315,10.277881864852477,8.60314212200505,10.422297436961736,8.558605916097852,15.70527728263846,14.748811329898476,15.908774079744758,12.994137122802812,14.214869711308483,13.537469597298097,13.474518560173422,8.590726798928385,12.571261962623144,9.588967859027296,12.046139687412204,9.585849404838562,9.736027527244024,10.460621204877462,10.128991855545113,10.530421193325553,11.635617335422628,10.582258695218608
10.275940646726891,10.002913014035537,9.483703541218516,15.012944007354108,12.17464766543669,14.880647132531006,16.57699014010885,16.92731595829885,19.69432200780935,22.02105079471385,12.825382956080801,10.889658240329164,15.526301582863862,12.928380081830797,17.75852721235645,11.510511506196268,11.87660790544273,15.055661631668993,17.50726088458151,13.301855007462107,16.71989906179404,11.804972496777259,12.389502255510338,13.807669626798376,11.722301803656128,9.301786993391179,8.66728845032168,8.401670258712203,8.249972590577256,10.633208695663743,14.440545435137285,13.238780383876083,10.791843814578089,9.916065097079468
9.914301335524947,8.861541323757722,9.766536551424272,15.783751457146884,17.248973415360954,16.552217302468286,21.669980127331527,11.978890696458278,7.6424120196707035,13.11553682721442,11.903000089050328,10.663422690663095,20.582644810017293,19.82039595559723,13.91929215040203,16.01450789916599,14.550924426673857,14.83021407303888,14.762622878518028,13.357357783467599,12.878339463988485,13.98979752832116,11.910935079049809,10.696583409634226,11.197153198743106,9.363033451866398,10.04296264576969,7.712088034691187,8.885649109732276,10.402619198816462,14.85964007553075,13.867240193977217,11.918639525830738,10.199782439098758
10.671330579031011,10.415867997879571,8.935068068929471,12.995794832285265,17.935788798412993,13.4404221961769,4.607021176136119,21.444271572105215,24.274481434817993,16.39754068352353,24.476636358448676,17.713093707856135,10.891216125169786,17.68486774019162,12.621791994476022,20.080779894356663,14.29203681858079,13.99397090384131,13.053516937223257,13.415431783462578,12.319020635663358,12.11793933676607,12.068006427536513,11.636916841047253,8.381321308176037,9.538209935747776,7.703203812185601,8.467583350425075,8.613482910360865,14.731953135138724,14.823569346222065,14.598609147656717,12.148098812079997,9.579039287782917
10.599740459439728,9.959869481488045,6.680870159761733,10.467278034283579,18.0186904239237,16.354158351562212,20.69609087005907,15.730670064573662,17.26270530874352,23.870851976910995,21.45935463545879,16.594851618682206,17.759625547344164,16.131217401262717,13.478975763537438,16.650442804496624,15.457351101308564,15.471805184020386,12.952716499168435,13.22394890546971,12.940271985304621,12.215623802154708,11.933907043025972,9.9391047237493,12.31592547741236,10.874430765431432,8.924230824675451,9.714791681252715,8.883380871475055,12.573105537620242,15.20846886536127,13.83320072724679,12.762286153451567,10.470908407971718
11.772021364014973,10.751222955134956,7.89616184015088,10.745900560909666,17.45374249716058,15.639141629740745,13.897295390214119,14.902750404790172,13.677935012022868,8.260221546128335,12.829547294318104,16.65719194013783,12.718454792143694,15.088790850591302,13.284374863659954,15.647749028833244,15.570555847197713,14.55923341084835,12.717175074260062,13.384936608661121,13.410869114492577,13.506044719733264,12.992367195369823,10.005709784675258,10.648620788342521,10.119668567412443,9.336832753358397,9.222213291480628,10.619468398744548,12.395176886207766,13.42047850044313,11.909985276182578,11.307248631526324,9.560866368475441
10.981050577559808,11.389896705098794,10.16968363845923,9.559878629546336,16.883081671172118,16.11660911205527,16.478800883561018,15.42989393665681,19.79134155869085,21.50035013959697,9.613389958141303,13.298727457563748,14.95300331298889,18.63319731974248,16.698371794041112,17.681503151765547,16.599506475990726,15.008934353250616,12.895123698360697,12.182125168054972,12.50324927444562,13.409286835356683,12.954955661906366,10.97628726173804,9.0896753319915,8.925368449434897,8.018769921011444,9.732665525438485,10.604761111042484,11.006127499852818,10.91278097808258,10.156292951304872,8.736292856324889,8.473187946507348
11.508061861959177,11.69407262493794,8.718379722101465,7.517528156761905,16.11182767466553,17.046929052936886,17.25748609602334,18.48604440899564,18.416530604454078,16.254076045467947,10.871184599777452,13.487239677550392,14.799223375224464,13.974281287117385,18.1253937341554,19.847080298919966,18.42819754491028,14.549559669075471,12.616146012221552,12.524854931491811,12.435101293118837,14.152279530151796,11.871448251557382,10.660357922456448,8.808754693383658,7.269508403641712,8.746699237092852,10.412992760762492,11.581003730064788,11.529984463968054,10.218721783390297,10.431355615230403,7.9451495496553415,8.150395855482632
10.841581823507049,10.401692154219601,8.001824405236412,8.819607711340508,16.18560108713152,17.982060925996123,13.958380745931077,19.987957648214966,17.774965825076862,12.402962730725749,15.408940394291092,11.606572374743857,12.736265673863468,15.54068155168455,18.51402467041152,19.291025098992613,20.56305685317567,14.725446954083894,13.294619513009371,12.451418093925279,14.110367116067014,14.146363000618704,11.589746892579479,9.987555428569959,10.767236740007169,10.441131452677858,9.352784401846389,7.484432148497295,12.326156386312574,9.883689247918385,9.709660885382405,7.841835736539695,7.905857890192418,7.969435179681302
