script/wind150m.json
{"header": {"parameterCategory": 2, "parameterNumber": 2, "lo1": 3.000054539987559, "la1": 64.9999836372058, "dx": 0.5, "dy": 0.25, "nx": 34, "ny": 52, "refTime": "2025-12-08T06:00:00.000Z"}, "data":
[rows 0 to 23 of 52, columns 0 to 33 of 34]
-4.786269702301045,-4.4487409732959176,-4.617491645799519,-5.165699970976357,-4.027219956919628,-2.622279175921359,-2.6440962583644656,-3.7269922132081366,-3.864035463081076,-3.4196054120134263,-3.793122896457286,-3.9059735403094646,-4.195649639065418,-4.288388313549508,-5.468575814980678,-6.902056627782875,-7.410037076656325,-6.975854350614517,-8.373000398653792,-8.86196729820091,-6.018112762185672,-3.6852481300378535,-8.067576420217465,-5.9281113035317174,-4.9132059299571145,-3.5434550046707334,-3.309702414428248,-2.967398810038192,-2.3001019971376038,-4.16741971640978,-3.856825695225477,-4.61017588619378,-4.190723647099792,-3.429492609617075
-4.172245185758923,-3.6783705128945807,-3.688732291418801,-4.037263040171719,-4.2184707124090055,-3.4656150998550497,-2.859636650966258,-4.014084452158033,-4.071157269324862,-4.024787111514079,-3.807800278924582,-4.112864519545737,-3.905291470823546,-3.6878619544772873,-4.750523275368963,-8.06644404016765,-6.913444658361917,-7.680336219541636,-9.193122635141673,-7.702393046554935,-11.409304761467391,-7.189092557169756,-3.5517925256374836,-6.263748530685794,-3.513574689245741,-3.5698147803026785,-3.486558537245282,-4.024691173818744,-2.9826439797865607,-2.4105678845155896,-2.7080818029080107,-4.131402062150408,-4.190481686436084,-3.1893024624491773
-4.023813875170638,-3.641344608384056,-3.526426745262525,-3.4979382294617847,-4.554585371462334,-3.8672059965431766,-3.8916866155301837,-4.1557438445554675,-4.582321475181858,-4.079487707606524,-3.68922127862705,-3.0894301618656366,-2.540184340854239,-2.215009371806948,-3.253432161088062,-5.8098646864468995,-7.620009946016804,-9.593157586290157,-8.237735383234728,-5.343120945402737,-7.830770861764209,-5.031984233565785,-8.742585482360264,-5.235643529701719,-3.8175726111340276,-3.620224727487341,-4.092715831855424,-2.79486852929364,-3.4097239754053046,-3.479188874784677,-2.7624119202460014,-3.1174385852320605,-3.230225675481004,-3.006020435915612
-5.261569267381802,-4.556092982317001,-3.7820381144517676,-3.7684713397144147,-4.629050831584409,-4.176004822159613,-3.669443319178087,-3.395472892995799,-3.580348090904361,-3.704582843386535,-3.685172452339195,-3.2375023635605635,-2.827893389031745,-1.4105806251170594,-1.841631282048307,-5.236052147360283,-7.094648574275256,-5.967212445104792,-7.029472525446906,-5.840688286139313,-7.346395784279829,-6.524776843370014,-5.158297832558358,-3.225705047723022,-4.739674457211398,-4.9418204651784245,-2.5141560066228927,-4.107788799801566,-3.584718917562822,-3.1631766356219186,-2.859270798339078,-2.796660398771206,-3.0838382350993188,-3.710541021547069
-5.898489901986803,-5.381003797732887,-4.568253899758627,-4.449826631176743,-4.72747343923965,-4.50354816516708,-3.6666818937651073,-3.308248139928174,-3.0561663137451367,-2.2107761355976465,-1.531973889872322,-0.5322883070516488,-1.0995598498544101,-2.7317108870324365,-6.071345735627905,-6.441611941448299,-2.9351170308671195,-5.646357523872591,-6.518951887673737,-4.630585835218622,-5.661934455733715,-4.225387475199227,-5.095086286180054,-3.945913873799657,-3.1858765300745215,-4.86328511627376,-4.247924835414346,-4.472651483096,-2.5699359727336986,-3.020229681665985,-3.8349249257756237,-4.438633326491581,-3.034603845777789,-3.3141143165055214
-6.783714682075852,-6.039454679375486,-5.716066610032081,-5.543616506160215,-5.468876379892875,-5.021929747315949,-4.3653183647269875,-3.470091461287113,-3.27664493754714,-2.497721769989259,-2.659875359607673,-1.01458162166127,-1.467676961129134,-6.325777517831412,-2.890371425480788,-4.241155418580887,-1.5743315747816078,-2.245091296176207,-6.602050028241155,-9.464368416183348,-6.452741177147132,-6.795709865686289,-2.5291129766030194,-3.613162799180743,-4.541569762032211,-4.011095339817463,-3.782085195428456,-4.7000054768915085,-3.606815394615849,-4.068940090145399,-4.145745822056781,-4.406626700085883,-3.658029412412702,-4.280919648446392
-7.3951224792910155,-7.073654584648562,-6.708068012387145,-6.776786054164536,-6.296715262111194,-5.941583831705826,-4.742526287467539,-3.994317209045697,-4.0422364033479266,-3.4319095705709786,-3.0554164049439003,-3.6808852070400024,-3.2834842219660882,-3.613698344455162,-4.326932338632368,-1.7251296024898046,-1.115976867435852,-6.628126616698088,-4.379725572896032,-6.965621398217626,-5.89370951737916,-3.849811055846822,-4.513675668790704,-4.026650220913216,-3.3351595403172523,-3.8183199976121145,-1.235847620236983,-2.913346227700414,-2.0631411684017347,-4.3132736313845745,-4.592049490099586,-3.637589471989011,-2.3946008103746714,-1.85542015728848
-8.175817286536875,-7.717309600232615,-7.199374120448592,-6.829024859550776,-6.8298750743933665,-6.173657721442874,-6.136172112149502,-5.889939331830354,-4.73833974138448,-4.432062403155462,-0.5625339714866355,-2.122310117341242,-0.359233998487422,-1.4015433510706392,-3.3212114136188586,-2.3671434773284408,-2.5539188861362425,-1.8304245125659346,-0.4445385510977312,-2.052520429008326,-3.187246792118169,-2.883541021841597,-4.42962103492359,-4.16015088798215,-3.8730368779327935,-4.049265418689482,-3.0907803667300486,-0.9305006428628504,-2.34101377476005,-3.546657470045764,-3.3159492963568065,-2.9749102178952747,-1.8829382527208032,-0.9557388043825782
-8.879095400474894,-8.372987810885823,-7.983139029535229,-7.781052603310376,-7.40837502678559,-6.5442775087633835,-5.498433360548191,-4.803758398625154,-3.581687465408002,-0.5720122074712278,-4.033887096044713,-4.935377198260526,0.9286981822476008,-0.5027447615886363,0.37498725170463926,-2.7493009507083754,-6.237416477692839,1.6194701375299805,-7.532057987552847,-6.178480312830523,-1.8685439300226123,-1.5983401413481608,0.024823641992441838,-3.66370848666375,-3.4916086216137687,-3.9899238300319997,-2.530485207482405,-2.8142667665875525,-2.785157297809682,-2.7330887386573375,-3.932948899570188,-2.6856041288564008,-3.0994970987679467,-1.9634776972619525
-9.586070083964723,-9.860565241221368,-9.407885026356347,-8.5779360986401,-7.6454222589763985,-6.79565118994406,-5.136773934673893,-2.784864583174983,-4.295301018954157,-4.025649158052142,-1.1567724356516365,-0.5959169153985807,-0.8135985316372948,4.54211957471545,-5.488397008539809,-1.343662803217205,-1.1512010898427283,-5.2369126936854276,-5.420460874316872,-3.305085073957175,-2.130943643667988,-2.154432886082724,-2.9842601274617158,-2.398097113836279,-3.4446536391100007,-4.444685943839234,-3.797051207328181,-3.0090368064536515,-2.8648597200214017,-1.9070612634341622,-0.4211049101711376,-1.512695680107212,-2.789233078618545,-1.6013449521017282
-9.32498544278419,-9.358451959371166,-8.999886164487428,-7.8342278339078675,-7.460757217203659,-6.152147397674469,-4.956680026432395,-4.8248514474832005,-3.3879927477133096,0.740359483370825,-0.12251659866884244,-5.736741376879406,0.5880103944908287,2.700336628469898,1.5640321683450022,-4.411173690571074,-0.22466545236936789,-4.176245024307212,-5.209618025817969,-3.34980742173512,-3.1979538680539403,-3.5036600159254054,-2.5095024858740542,-3.4235321575736033,-3.223155971015663,-1.9582390715825018,-1.94198478926108,-3.5804072382051473,-1.838948465871582,-2.341779073776029,-0.24970460799611688,1.9995942508984488,0.3211147542304459,-1.4159405219785566
-8.933991025415219,-8.795020785532254,-8.854724699589323,-8.140971837174437,-6.419863298451292,-5.595733117815263,-2.294182362875665,-2.881165577424183,1.3171286251297305,-4.882157102146554,-7.711838146143657,-4.635194202753629,-5.003336265595119,-2.3492886853122044,-1.4053466697292623,-2.147608487459496,-3.5015028091830622,-2.1893880916275292,-3.214383168993435,-3.455866240822231,-3.0378141335628737,-3.9584386845297006,-3.6687148942415293,-2.770981751911086,-1.618203190891769,-4.083992511388504,-2.580029158400721,-3.1053311663341225,-2.4758164024664966,-0.31183819474996927,0.38789061606402586,1.7386250277259716,3.5843385086358173,3.253467273535217
-8.886682813075641,-8.367671241385395,-7.38419082166896,-6.323858603806594,-7.546887380391821,-6.261238064454521,-0.990253327959108,-4.123888154203629,-6.22848594411847,-5.75696543069878,-7.444249733177946,-6.487605357656302,-2.123580351983746,-1.1027155454513589,-1.983650793487158,-1.8622960517237834,-3.942646153118946,-3.7040882005717015,-6.295000219285565,-4.581149636411364,-2.6003976446078028,-2.7429707028412893,-4.336447388238464,-3.824730958911722,-3.0926732718458063,-3.2346214681571483,-3.2000950101353123,-1.6268996992078497,-1.9940817204331178,0.6355970374666516,1.6776522824883304,2.054258677570578,3.418548124239784,4.198078031970333
-8.03105839778635,-7.741746131757392,-5.841447623426064,-3.986631315688251,-2.9628398981515427,-6.311042270378643,-7.377375199653218,4.5916491333186285,-9.217471678627588,-3.4146548622680983,-3.5764115275971475,-3.5218365614879907,-2.6565143580896056,-2.7566330029478645,-3.503181256281983,-2.6711856952348296,-4.181237028501894,-3.5642966300452943,-3.5816841890468853,-5.194692234475109,-4.433503646134602,-3.7230474314446766,-2.9584929174481616,-2.966436629795077,-2.786054240145675,-1.5533342690270366,-3.082281082815133,-1.8407752100428234,-1.1962145983385013,-0.31138738186999226,1.3744103382604702,2.029966361282589,3.13406453089616,3.7009893721294933
-6.571902557169647,-6.212658956814588,-7.006287545867361,-9.288002360056522,-8.3389612947855,-12.878302133848075,-6.1349025109760715,-8.90748673959592,-2.977436518091606,-5.036027532857408,-4.7091994984433105,-5.550950998476992,-2.7356003065908974,-4.312262121356506,-4.273643204036735,-5.138479014990585,-1.429806737197032,-5.387483464971839,-4.253753593433946,-3.6253933957107165,-3.0502014832465454,-5.766870584698841,-4.80061835955102,-3.1015769469930796,-3.701539192813651,-5.355752549436321,-3.9802182980132357,-2.7353299268921507,-1.3307523269706723,-0.7939294226849726,-0.01099796010623939,0.8350322458119742,2.5832735538100677,2.5188272520776787
-5.19281398176447,-5.7087707647504695,-6.605839650866517,-7.329639049083213,-8.110768300664493,-7.7231355684956515,-10.118561900964098,1.9588305944538802,-4.136583778237103,-7.648013181713745,-11.940590036092605,-7.232552522469921,-6.21798126944151,-5.976349632637035,-2.974929436243295,-7.356206531795792,-4.986693888153381,-7.637603652538074,-6.575770956398957,-5.258476017292493,-4.4380079990832995,-6.234236109706717,-3.753183340789825,-3.9610192503102426,-3.692550603359611,-3.795182366900813,-2.479010701684451,-2.7263915785870063,-1.0009224744692542,0.21973944205664725,1.1735034793701578,1.674086968983332,1.6862877047856895,2.8547415974557184
-6.914171948636451,-6.133106318665444,-7.3459719057217026,-7.855739298682644,-10.644720847027058,-10.316246721819764,-11.783913931556611,-9.208832518248942,2.9637182380861766,-7.429655543335368,-9.979271475637173,-6.755997758443197,-2.797660981946854,-3.2357513280583454,-1.4303767681863235,-0.6250084434277994,-6.632145807473137,-2.920848787390632,-5.163177834272335,-3.3571861266465834,-5.688589178357884,-5.500108864614861,-5.500017163729394,-4.332407143999634,-4.577022558859747,-3.6538161607815267,-2.9693085066575873,-1.9084395291083178,-1.6700660758706987,-0.8909367620157377,0.0952442729435912,0.8197776043393814,1.5850837932275268,1.9682459008846356
-6.728688792618548,-4.7203874359135325,-4.472725069817027,-4.591536243425672,-5.692507788552183,-7.445753453035657,-8.674379523458395,-2.564062836608545,-11.011675106348397,-8.945559084640884,-6.697285273010477,-8.581650119284728,-3.309350269913173,-4.980144231282826,-5.438609665999401,-6.224317187021068,-8.362147786160381,-5.319039073342393,-6.89689414807191,-7.09873585771124,-7.086274930942593,-5.224103360191079,-4.578614833416614,-4.646807002091768,-5.7784102913516335,-4.546439483279619,-4.790613379354612,-2.6221739494237513,-2.5484395911959705,-1.9011604548674,-0.5085741982101493,0.6336761623425828,0.7814031097243072,-0.34102099576739403
-6.821564049687405,-6.643317994611386,-4.717589125633904,-6.716895736610659,-9.807354060047675,-7.733310035473448,-8.680273036629597,-8.80625638434455,-12.785557267439927,-13.369335363251407,-9.745262418923778,-7.052854936733197,-6.836661090739518,-6.164758120596694,-2.372579911844288,-7.836177360748676,-4.658312181237451,-6.222641712839339,-3.5208824172487905,-5.445709403440108,-4.48663866530832,-6.506367969566111,-6.057970035610328,-6.316715787573349,-5.307945503187891,-3.8612500028454537,-3.883170376174786,-2.872986560309466,-2.904380125157045,-2.8973369817641053,-2.535291195298733,-0.9409957076724214,0.3672459926254327,0.3936982473819122
-8.003318137082314,-7.616776361901889,-7.471878068985836,-7.031827322843841,-7.86580207922716,-7.510160304181433,-4.288621996661576,-9.536451088543147,-11.170292873458054,-11.805472776434051,-9.056418420599996,-9.183832312648942,-1.80099385323404,-5.008536446089349,-7.236547786493647,-10.236467485430238,-4.7582473219396695,-6.984417536254338,-4.474476521790238,-6.1983172046705,-4.622123400304211,-5.804570456616393,-5.891668990153091,-5.265866571915605,-4.422513886320711,-4.008349065456976,-4.313815805324131,-3.472971039446433,-3.3713337457055927,-3.1686740671818434,-2.681573250941815,-2.1970223022390756,-0.7158229037209863,0.06987907223690006
-9.187712403894919,-9.125211692255515,-8.785860248818386,-8.204136232782355,-8.840385638072162,-8.923915550832064,-7.927861441033923,-0.9365584621478228,-15.56508900528042,-10.847475096047745,-11.742805779647835,-8.152086017702402,-6.986653345731025,-3.4373877573007725,-4.309154005480914,-6.997624591225066,-5.714654412899304,-7.458848044449434,-6.148029818487908,-6.469015805241399,-5.1756955727746154,-4.5198052440912235,-5.569511253202323,-5.207625876052254,-3.8593705801258062,-4.730453633211535,-3.4110977247016243,-3.5524445943503684,-3.203424798021939,-3.276294917768247,-2.6778413061732973,-2.2766589131910604,-1.1621840785478237,-0.5249583742051727
-10.295478116319364,-11.141284253100158,-11.341338164273832,-10.378771532009006,-7.991553688041373,-6.3425817951802514,-17.236211294029737,-18.44974409678358,-21.237098327355195,-8.821614935952788,-7.8271628808003015,-10.108919031739287,0.6150957468878494,-2.3744851770407966,-7.6793158801025125,-2.7833618575103047,-7.708714562706832,-8.652663787501282,-6.785786202159075,-6.442615794906802,-5.981739167544913,-7.38210749631752,-6.701003373217183,-5.440795643868862,-4.990616807473367,-4.893095929621697,-4.842727077505836,-4.238209493793701,-3.9816873754250466,-3.6078955841687437,-3.3744070229573273,-2.2411824332983055,-0.6688446166613916,-1.0252230556800461
-11.632733901056046,-12.835746309533636,-12.69704996414094,-11.206976222933774,-10.056000483263658,-4.854486426151566,-17.38818374219926,-10.547330099552676,-15.357066169565211,-20.82991830579324,-5.7765947663707875,-10.926012564400116,-7.1158154011606785,-6.990820990060149,-6.6614161324704435,-9.126660688769812,-7.996973343627886,-6.985107212479868,-6.466644027904152,-6.944788815106888,-7.004527801172674,-6.212918355201863,-6.715661212115025,-6.609353314029933,-4.712580861966366,-5.015659829549773,-4.060903358979264,-3.9207737624980035,-4.521400307174967,-3.8155264449621007,-3.325727730756061,-1.8923999567512833,-0.7386625764469062,0.3130924936895078
-11.816860539002834,-13.059579067063854,-13.326236057591695,-12.518938841291396,-11.079608581845454,-10.962689877948073,-10.525585602468844,-26.566730034652224,-18.832878657233866,-14.533903195825753,-3.451516885848022,-5.3064655916412,-7.297435016059494,-8.06514819751769,-7.987723085685474,-11.722537974159723,-8.762437235057625,-7.794571484031811,-7.030664763944453,-5.690737273429484,-6.050789118394354,-8.38814031106604,-7.748045561508818,-6.611968087949941,-4.182352618954144,-5.14780840274875,-4.498869861946006,-4.253477720155324,-3.5746453926389252,-3.2281390840412123,-2.6947055555130843,-1.86574517382919,-1.3733331659044927,0.1809806289863165
