script/wind100m.json
{"header": {"parameterCategory": 2, "parameterNumber": 2, "lo1": 3.000054539987559, "la1": 64.9999836372058, "dx": 0.5, "dy": 0.25, "nx": 34, "ny": 52, "refTime": "2025-11-29T16:00:00.000Z"}, "data":
[rows 0 to 23 of 52, columns 0 to 33 of 34]
10.790865397905899,10.371463281855597,10.7278716421934,11.099629074364415,11.12776206726525,10.349621799789125,9.729435159540127,10.698279628030656,8.78212577698447,10.800806197028976,11.87143221478546,6.85999852528824,10.521454858749387,12.726107857958546,4.977117443046777,4.713325039888933,5.911087074429199,6.866719766845293,5.884539641186792,7.317182053259129,9.880193563161564,16.31267336922442,15.007220597280739,12.233235568340547,18.462807162768474,8.615275076117058,4.0873863775643064,5.496122405556113,4.305479976648326,5.101832007470625,0.6378341795228339,-0.7061832791046581,0.9092318852838194,3.2715427232077077
10.209324030793283,9.909442023611136,10.194298910199798,10.865833127656686,10.71243726638641,9.657705181439866,9.477959395360447,9.259905109275328,10.482318306235605,10.943685031454864,8.931743798405703,8.165525684136332,8.943571920868312,9.374272838962755,6.446997101184915,5.4474279061604145,6.2718454501069285,6.75225435065127,6.171846234575871,13.735969147122958,8.416337303281795,10.346038155320159,10.36134960017442,17.78547529391241,10.922471524399203,9.482708100402833,10.121929672934945,6.2708372479703165,5.377593301028237,9.141048908808207,4.6907250416574,0.7890155915300728,0.9860185020676686,3.2915251839104145
9.324928105470342,9.534289951022371,9.937034002647898,10.088706132902038,10.112833145721021,8.932759504097564,8.40779520531547,8.846399569044443,9.850072604782428,10.875854459626837,11.79282043919662,13.71534152833336,11.21096514155865,10.202052118606629,11.240213137089947,8.876738214219083,7.029340614731334,6.54153945354748,7.985182186151711,8.792554788874817,13.28474560206509,10.845705493334647,12.214425339956806,16.743630996782077,11.54062298370411,9.847160866943113,6.186473761173016,8.962767930500775,7.498253201135117,5.905215288978334,6.605920195298998,4.30627744737319,1.6919688794427283,2.092989242039292
8.765342247119062,8.933406029864182,9.38611012145003,9.120081404043491,9.308898395652946,8.619031253280612,8.86020088270228,7.330787430656529,9.454514222330122,9.842296855605358,10.410981694296996,11.663022588687532,11.276856877509696,11.014820363250523,11.996396777666659,9.755557637413188,4.764574734949921,6.494388564771914,9.30541509844574,7.406148154151373,10.684554447790678,13.82641201444702,12.554651209291483,10.272141786416332,10.274075120963634,7.75849158573665,8.8607096826345,5.920846661700829,5.510201653535334,5.377821348830785,5.332339247821824,4.274363357030228,3.189290046341252,2.7262916147547496
8.31818137887037,8.252743003575084,8.248788202154516,8.552357825737682,7.461612874279505,7.769128668006398,8.371819735460102,7.476040696969988,8.954364030821372,10.28191082167303,8.84014874716697,10.379166789374173,8.847374395568595,9.551083557664578,7.551809271815082,5.513121541415509,7.961595181769633,5.317797765032895,7.776274802911254,11.84051673537769,9.12146586321003,14.703561497712393,8.252132555671391,9.300244664773585,8.334044602338215,7.244866013132832,8.867380907227027,4.8317563361980325,6.346286724549812,6.112374717458835,5.370688408399621,3.7398989769722792,4.274766937029973,2.9735216924386503
7.5473516690838025,7.602471123011906,7.069511801336478,7.256510233819047,7.750866424540045,7.348738861717797,7.785905246127774,7.480878177641011,7.36949314594641,9.338710755575804,8.872488345926211,8.064700094987852,6.703242832648348,8.432511208967846,8.84066281224969,6.968596195209903,4.97018411020111,8.487138453769786,10.06982950594476,8.912815082812918,5.749542653297997,9.203636193036443,11.377714944746572,6.181896292617574,9.56368938791579,10.567415955175527,9.761080543810792,7.064466983527619,3.9597527562270285,5.687020200229807,4.979152394943686,2.8959567595287927,3.783069145911017,1.9924563060444527
5.8659349004834445,6.1525649942389835,5.705890867595456,5.519049879301596,5.881758509290245,7.055584557387766,6.460808843628491,7.15197219577416,9.296432790832654,8.341008141427489,9.824548285435267,8.231318035494093,7.1039777209366655,7.7639026456796145,10.66905238742576,10.866946968659708,6.265682510029709,7.356036109450343,11.336454288519304,8.962761810970266,11.743898061601282,8.978996668836224,7.335898479130333,5.865848281630213,8.98133083144291,7.696878797445027,8.718113199051144,7.151849765478624,4.209225372220798,5.498812517008862,4.746925447124775,3.7817122323314556,4.523499714082913,6.092989058901782
5.122102136431205,5.400941878685773,5.956486260009856,5.534646392853404,5.456745985496112,6.924958461289427,5.412155598037849,7.400464793955016,5.655069747901802,7.666268564315422,8.015050127495671,7.608742583646894,5.186947697700864,9.531447811750144,6.892009766466981,6.338207172615164,6.27924762832774,7.8581429259679,9.711100752272134,7.7956506488045125,10.626851317015978,9.001604327217754,9.98245890116414,8.512910205661502,8.26996511049582,6.586232828405089,6.6969380456564,9.16289836796825,6.312264944154857,6.312273136646211,6.593944273440908,4.182466000865323,5.855087362944187,11.135237706129981
5.054712871309738,4.692759445684852,4.5003503427312515,5.299625001572945,5.062302435104404,4.633796585065627,4.066443324328577,5.7998877689433685,4.80469069970707,5.535997835398136,4.970668267129356,6.012948430520898,5.366755268327944,7.73813236236366,7.790846741736098,5.6075432897199216,8.757674662462168,11.466311483774225,5.919743727689365,8.36713228479491,12.084218692216433,8.731760094941855,12.891777055299421,5.070600851309034,8.625940361069505,6.627403678421696,8.635355400863121,7.394700802919743,7.227190130200188,8.085556098066318,6.697512737637222,6.185376760054209,10.951156897653307,12.005834413625768
4.7906445565639855,7.417094184516965,3.7280182987187467,5.3395414819522955,5.551878766238563,-0.25388320443784546,3.35388956157579,5.713476154912114,3.3312704017214916,4.187126401992485,1.2316656729290634,1.4736008921005788,7.862454571333711,10.193064219970553,6.303297064888021,10.522064987542254,10.003505669564085,4.581903809197287,8.679078418074937,7.397062842609336,12.712392903989162,11.294034435998066,9.711950997589232,6.49786124920304,8.105108474156623,6.975685149247556,8.681769981617347,8.424182145148247,8.912847981441084,5.875267950199208,6.632239737042121,10.170882827666556,11.597235111388478,11.054843609045124
5.052951819281961,3.9058286234317254,4.191360288874611,6.273215172104243,0.41475847614934314,3.433062072126179,3.0077947890588597,-1.274518671061283,5.770200093345988,0.5108947869235698,9.047750960991554,4.623318367241339,5.392710706722071,14.621512340276114,11.681338575470935,8.095388151795117,8.012134582793559,8.455175549720567,7.966512512635144,4.395050651426472,6.961665186657634,6.313644703962428,12.112362281064343,6.951130183841485,6.375147932359378,5.771416840108482,7.2828202591285764,8.876002779653476,8.342659948252047,6.115808452069906,9.393943364268564,11.5139979348233,12.09339554045852,11.040483345686942
4.872720339990671,3.066781560203976,3.6209392418611546,4.80151695129072,8.992116447845257,3.9711775199283434,1.8941038830360664,1.0658964280285768,-1.5125050269931994,5.934394350988431,6.195816592376684,9.490706388869821,10.028541283410124,8.131187387788486,11.63230274464704,7.65272417551237,7.273793598421205,7.564944644853447,5.232461214788385,8.277438006914814,7.507199233248885,8.519028701868718,4.827264154392807,10.954682679357061,7.49942642184438,6.386852043517876,8.217367573775658,8.319975992393827,8.170932472855005,7.5803687362088805,10.244378792145428,11.08455262745985,10.97101127613986,11.014107906773122
3.6933984257484873,2.1453346751538658,2.989630802907866,3.9119355305727206,3.21711680168571,3.6136482616321777,3.0540226251735847,1.938666768711878,3.8908809436718683,11.571924845317426,9.102492962545856,10.44437016821292,11.68533705644287,6.9230813249995435,10.084373180784496,14.39861733003826,9.705236105106922,8.220298942399067,8.885595353410382,5.299949199204803,4.943190420990695,7.446047057130974,10.24867110199769,8.336494159743722,9.1246393369749,7.2284792631879276,4.97168285755501,8.103303383062665,7.040733298267679,7.230606333183269,10.72896739925153,10.959605583019707,10.981882584414983,10.322966685120953
3.0134380293782734,1.51715123903149,2.2155726306737415,3.2328401489015555,-0.6707038796934641,4.144057423473142,4.202340012838509,-1.1386004681971582,-0.4331430625780048,5.146098593319761,7.932181597138953,10.417737066517608,5.287290139106968,2.1893930993358746,5.701814239640491,10.615670749999436,11.246967662282698,4.880512005921485,5.7056518823589775,7.6685774323923726,2.710024847231154,8.85835711462913,10.496520521242795,9.237718321563758,7.701668867362229,8.944880236665309,9.861465596641295,9.628537903482698,7.3555650797908605,8.626751565598802,11.225488466559582,12.595137686468213,11.128158355726113,11.347491907455879
1.7048516048434705,1.1533593458633524,1.3326401736770102,1.5097509339122943,-0.9119959102065943,-0.43951084292877557,1.3687179300527652,3.835928740393394,1.303712337628851,4.521229707188538,1.2163329240037688,12.700241575770182,14.793214433484337,7.750690609154264,7.142827612614915,4.304406459744373,3.26016604661175,5.5958134780839055,5.072763428524257,3.1541693222125984,5.378194260297237,6.558230806833505,6.735957969111912,9.035413216341558,8.143071527195051,8.119686429497408,7.764676796409748,7.717633204906162,5.771992765184527,10.083062386668091,11.307277824630294,10.999892244842892,10.804481824287684,10.84121730395392
0.6005112402490834,0.21534533682724913,1.0281710771401307,-1.1547146762971081,-0.9452468537044213,0.105560581528007,2.342024135162118,-0.2722332519441439,2.3172047469027395,5.369835511557036,10.695197269433073,13.215589587991762,5.651596781428986,12.193780364661581,10.589969185072848,6.122698878285243,14.345736869611377,3.358175148994396,6.897458741994626,4.692778223600505,13.41120796007658,6.235005295825126,5.534285102785351,8.993897112447302,6.001013969071752,6.572968733593756,10.471067400933254,8.70464521216691,7.930605295224433,9.17134517574663,10.18518490560198,9.522490625330157,10.673069412534348,10.233235114361976
1.388431308343204,-0.13205192841839614,-0.09214992332750849,-3.349497965968328,-2.8362795259746045,0.7901435142123058,5.469229421329686,5.114655143295903,-3.190599578389076,6.479964019738849,11.180721013987593,20.001947069806672,2.1987903244743947,5.216502150020901,3.446659694286285,0.54119061309093,5.996582451037502,2.4980442124013646,7.882559031724507,4.534298593170932,8.761793481992777,9.009576434540646,7.517518163881509,6.752049466863817,7.074691465852334,6.560246574496096,8.368578077649223,7.747839305090415,6.638984227703786,9.978696770728355,9.620401199365325,9.526861554309153,8.774098690808726,9.282111391531368
-0.07421725724401218,-0.8965348644240153,-0.681299147605741,2.817933849228257,-0.8089062054495145,-0.534010600171262,4.187903242173783,0.49575895221451394,10.392680153088396,11.780113807487604,13.916670258125228,11.720589715041822,2.478071416717155,6.746874272718527,6.822059292926366,9.094156339328629,6.3409243383355145,6.794633049291454,6.896243843887222,8.29524240651001,8.70418934416596,6.075303130264562,7.950515827987652,9.055953547532473,8.16999037577577,6.849847974193474,6.2336997884830225,5.562203881750775,6.247120648173946,8.318858097103735,8.532960481833106,8.638960444131278,7.046578658380173,8.819816851444967
-1.4705507789833043,-1.212631782282529,-1.8242211122147942,1.1468948250518698,0.8715301104478128,0.4362326549295906,6.506147807103034,6.009881543900864,3.442046304673028,12.04354554224131,7.416413611069304,5.309065624403829,8.372512659642904,4.680244207062281,0.2986859947536203,3.7194013318521084,3.859846294629779,3.426755837908535,4.813808528034095,7.469171731518088,7.2507093724714995,7.661665894418672,7.737073174516198,7.953825716769633,7.064242634738819,7.257250826091045,5.870063803146156,6.254776314784309,5.496489329952263,4.647287219470768,6.862236156732407,7.473755007101941,7.992110636222421,8.57735659842814
-2.0111921707349283,-1.2493059702827451,0.7410346273550288,-1.093270881254698,0.9264859733421685,0.7849374487496036,0.6838493038370971,11.722936334016282,8.753534593069492,8.007278575026014,9.338805747653135,16.44635650316545,3.332230830034537,17.14215493253025,7.41180439028717,7.702606232774013,6.005799513635184,6.294268446728042,4.638534406507337,6.503591785931288,6.456232224759204,6.070287278538162,7.734642116317861,8.097400445492896,7.714739732345442,6.192271290682738,6.012380513070355,5.9957996030049205,6.1404534914039015,5.9092683205118774,6.893094707018962,5.914190278145596,7.567920304641475,6.841017156305754
-3.2533524255657524,-1.5499422740652693,-0.3291357979920074,0.9540041215769169,2.232264846707865,-0.3181547354531029,-0.09331498268021234,0.6302978505121,5.816522903317754,8.499919282906133,7.5438614016100525,12.80684999566465,8.935069070469968,3.5623108830047476,4.469734033176618,5.778379962532169,5.712230645011398,6.207343842477555,7.414572945487165,6.136724635194022,6.367063041082913,4.980955565120191,6.187088552458666,7.367789910660304,7.874183254624818,8.21524371815469,7.28145506883464,6.952299046944734,4.799940453839782,6.085827936274202,7.729817283335814,5.486639203355432,9.162366712542433,7.966604563655657
-1.837201849866574,0.5836877814862556,2.763234127794318,3.0789832008108116,3.296583637880829,0.06896245242586378,0.8052320595904311,-0.27322287654932664,4.3808384464474335,2.1384030728807977,17.218440138862615,9.248230277567007,0.4773830535583678,6.834945839600193,6.216622781043262,6.160360311643504,5.801159808899207,5.972457612968894,6.693817412497874,5.66597673813108,6.527337425480238,4.0745568675369,6.647573068107723,7.708196867269381,8.301393361635077,7.291662983062709,6.7344561383364505,7.235290848454521,7.706667520486767,7.939345566017821,3.679124536303815,5.384998661069767,6.515298356484326,9.709240594196768
0.607843851297852,3.8452066442434933,3.013876657347521,3.320905186471638,3.2129545892901654,0.4937053909875836,1.192276685962976,2.2715868269212733,5.6774731653159085,7.801102565490131,1.092432771049388,5.765321882126261,10.116771715193233,4.419380563488153,7.8486649158848065,7.040836153739843,6.723306662139251,7.01060213865902,6.386626157048833,6.915247783231103,6.14067386907855,4.469675430434405,6.0447356656247635,7.175743538953574,8.24754947590806,7.750125439443401,6.820365107395267,6.3391127142690005,6.043924561516468,3.753268237954033,4.770850834140447,5.843503133631676,7.878553336406126,11.850510415805962
3.9168259771015808,3.6271405669393157,3.7264324325791844,3.513153561267428,2.8861808592115583,1.006467876144244,1.1519232348820865,1.3749725790342118,6.87341279974488,2.1039524838800223,3.0578783310263185,1.5565859849972767,5.301121185351369,5.8998371047751315,7.2694387324558924,7.563101741951112,6.716797695417505,7.1000106027875916,6.423847789592926,6.754945965308868,5.575457724854127,7.995012788284519,10.551074983123252,7.860366770398916,9.016186660454611,6.971332015445457,6.262118373173907,6.3130686063064765,6.539636654555896,3.2348609886158606,5.464970699388405,5.412500689316847,11.05022754930191,11.971450530025868
