script/wind10m.json
{"header": {"parameterCategory": 2, "parameterNumber": 3, "lo1": 3.000054539987559, "la1": 64.9999836372058, "dx": 0.5, "dy": 0.25, "nx": 34, "ny": 52, "refTime": "2025-08-12T11:00:00.000Z"}, "data":
[rows 0 to 23 of 52, columns 0 to 33 of 34]
5.613889079092092,5.469453838031535,4.689012016782211,4.0237269219376985,3.2292106923380492,2.2915341155282656,1.6679889681800246,0.6174628531254851,0.7284901556904794,0.06649046830975663,0.7241468949807613,1.394376365173382,0.617189215354955,-0.06201013065626306,0.08483839920560624,0.07542875111226119,-0.14684564606857964,0.9526736920411166,0.2653650107169228,3.174998523421063,-1.1256812343976543,-0.13503076672153233,-0.7780519188217944,0.7949945365000056,-1.5337470113393499,-0.33328390602138336,-0.3160694334511152,-0.3501147644899832,-1.244504424430986,-1.2765389405516046,-1.7209086507294584,-0.6003256697635859,0.18174053300868093,-0.050168296934041574
5.705224782892571,5.328572901261413,4.909436421633643,4.521772610678658,3.7143474921745865,2.5600227352563385,1.5413103207232128,1.3021625733500066,1.2357625516678774,1.407885428942729,1.4892778760440126,1.3155009661265658,1.5870526213807208,0.8317413208985102,-0.5295194583353119,-1.937349238023227,-0.6269374844539868,1.845098452437843,1.5083584833498742,1.3264630294142998,1.1031334736013256,0.6590760569037714,-0.01281037788410937,-2.4830077930605974,-0.11265058119440978,-0.1325715003395917,-0.46454318494391733,-0.6892492553587108,-0.20213126675479048,-0.9941057497678096,-1.9147959225089668,-1.4075298948463582,-0.28251391948289345,-0.41830909249619047
6.573826874202975,6.040914866585902,4.642260907937742,3.807654022583983,3.216663808718604,3.6901624423426274,2.8489719935031195,2.635548424439464,1.9540231595996111,1.972503708200292,2.695243484736447,1.5140651346238916,0.13519768863906242,-0.031950450231409466,0.9019521667609218,-0.14327365097128425,-0.14152310747515368,0.4011726375654299,0.7594899290597049,-0.24432380831171455,1.5078030748961262,0.5873933074326645,-0.32016734531611274,-2.5028625475257926,-0.7648225131222792,-1.3748397357888613,-0.2868084688914347,-1.0210418634840994,-0.8743778946333126,-0.8574602137330657,-1.1391373365612092,-1.6916125006103517,-1.2157024456028163,-1.276425692878586
6.511632175450671,6.108895294264806,6.058203653648371,5.407103469731494,4.202209195976409,3.1754315836233453,2.8023237978995454,2.571857881897146,2.339559967329109,2.5370257814762502,2.1527595398165666,1.565342612239952,0.6171235149414822,0.2116309588253601,0.6429325437192089,0.6850048487377927,0.5771548420293247,0.4078803832424747,0.06081991283702866,0.7148755604148479,-0.4409274567159121,-1.297297595666017,-1.19657973231947,-1.433554178939142,-1.7697109008293483,-1.2305607840581716,-1.0415386677624756,-0.8330260949233163,-1.0691873288374338,-0.5361858907232274,-1.1869892297026237,-1.201005450501169,-2.447313510627334,-1.3635919030142118
7.047235405417861,6.6623074232228445,5.787048498150745,4.9361640452415685,3.509644109939362,2.9619401735913664,2.587338083125365,2.4268332624863884,2.552738524863503,2.2335503514529167,1.6914179988027322,2.0427933601558177,0.912653295027041,0.5567487659827042,1.0687733279358003,0.5160854876729917,-0.3250939849777348,1.1670088756293835,0.6515301519807037,-0.22003790309439009,0.50438460109883,-1.3615395457214576,-1.0357941101072146,-2.3483267178235296,-1.2620081790747655,-0.4006963496669707,-0.5277852642060487,-1.4037292800476053,-0.8614618120240293,-0.8932781277208515,-1.16743943839838,-1.5036946838699037,-1.5328319216574398,-2.282984816245596
5.9392888191568645,6.532234269160364,5.9844238457043035,5.559774517548122,5.274809783896556,4.498491254006195,4.096301589210446,3.424553252133381,1.8970669365633444,2.045967831691417,1.944424434680872,1.793693547472273,1.3081885500057928,-0.24722254203899793,0.7824547406226467,0.20015930450761785,3.4265489310102226,2.2649304099578673,-0.28022741479934266,-1.5969785106610268,-0.5149191407364271,-1.1504615860506797,-0.4709889267075891,-0.9012571119044598,-0.18479421438755403,-0.719831147769733,-1.2890234758853123,-1.3353052676631685,-0.8434448390238273,-1.169852673195168,-1.11775582304983,-1.5153282768083756,-1.6967719572428064,-1.6118052246724628
6.693036337889176,6.182201380828636,5.767755007339828,5.783727906851973,5.19470461427684,4.940753566506049,4.105145457102497,3.212766985831113,2.5310039955593417,1.7617493882060904,1.830540184566238,0.8352464342524837,2.175536012533249,0.19530468033127327,-1.355923536843059,1.1090517293537634,0.6862285776181897,1.6344879366886067,-0.737833999386611,-0.7842586328188645,-0.9395715761825876,-1.1678776968541624,-1.02510664228902,-1.08545018662656,-0.31643250025283814,-0.6994921922322949,-0.9804617660562924,-1.3641422003755148,-1.2975372565548076,-1.372284159331563,-1.777168285765855,-1.3319967693384323,-1.5132210163188635,-3.534715266797523
6.925496877347081,6.586220732975045,5.704349678856834,5.614556736640172,5.062820119122468,4.71858446999442,4.237755701484617,3.1433522114567856,2.065695115079903,1.3842448142427615,1.1149171800671043,-0.5937839741286988,0.2372944427517633,0.17599789152906603,0.3531803151379555,0.23845866201678717,1.063287795139054,-0.011714683570518195,-0.666541032956671,-1.0969381553821562,-1.3150131771237603,-1.1257072722006112,-0.9798673007743908,-1.2223269494543714,-0.8450778212587235,-0.9675338536963084,-0.5626383749923692,-1.7610077982160808,-1.3673359718040083,-1.5283326487095872,-1.7611715671830697,-1.9947732242292326,-1.3714721897675453,-1.9592293605322024
7.298816343307271,6.860434594867578,7.382872330333192,7.705058253711966,7.497767011183363,6.4728814599510445,3.4040176093782653,2.8257798082608683,2.194055601788251,-0.7970704856950291,-0.6473131725724196,-0.23236703072445633,-0.1921670285940468,-1.1863869455328595,-1.2428176745410717,-0.015945133417961506,-1.58639630410547,-1.4956917192836774,-0.4595115571155901,-2.2999217452983123,-3.411641968968045,-2.7689274016132126,-1.5126215111308574,-1.4777271895722366,-1.71823026510796,-1.4204768477045775,-1.7807375209769207,-1.188795999616493,-1.4165079775053198,-1.5956966115694515,-1.7487210762646075,-2.3877317887332543,-2.0783841111424106,-1.98720939943761
8.024125052918498,7.567758924276058,7.601968156346375,8.52387699053996,8.28304266885353,7.0418816158206345,2.248590657441542,0.5562629182857728,-1.103796556905521,1.1595344992956553,1.0283917617635407,0.29325383088969603,-1.115767217440018,0.9591136517251776,-1.2727503853682312,-0.9002676634178642,-0.44982719062406457,-0.9522030406259364,-1.5956423833732094,-1.6722416629862555,-2.015699491599379,-0.9965013037130176,-0.6128363223570529,-1.6867883471942913,-1.9948574550095806,-1.2250337424807451,-1.5200492753231207,-1.5941973796296374,-1.457286036043548,-1.5397627165650398,-2.3144892435276967,-1.6868119951651745,-0.49941830400089715,-0.26020791025499324
8.313209537886914,8.011354306207329,8.58979886804331,10.132982706561572,8.648550046517887,5.463740729825863,-1.0313599021863575,-0.6369001410615208,0.48452183003629906,-1.7573187046218108,-2.312911419050105,0.5593234364953432,-0.2782546871245955,0.010065583344327443,1.1965009877240003,1.129377696768487,0.8975733048772729,-0.635629834297052,-0.5623789596682565,-0.6779979160195425,-1.5105768172454996,-2.0833170250038875,-1.9430784088922999,-1.1470718581103347,-1.02873919079919,-1.0912480632365005,-1.5588101047630119,-1.2591187803702724,-1.365639799336294,-1.880677331430087,-1.67531117694539,1.4652120775753013,-0.7426396274763767,-2.3263441301014582
8.144012518816925,9.955362090092006,10.183135213876097,10.089278322470122,8.668829803503149,2.2933008119624705,0.5476686215105379,1.131889169286094,-0.1074845460964684,0.6587882498133434,0.7134714031819078,1.9982024930582973,2.544103127698132,2.7066641315856996,2.543978800658236,1.4487563415203029,1.9663608090697644,0.25668392769402837,-0.04310974466068571,-1.1592506017082813,-1.0299959756225596,-0.6088230365325816,-1.329796162908754,-0.9165693356053706,-0.6684906826675671,-1.0571985837106757,-1.1331300919616205,-1.5794400739136316,-1.3217364733972352,-1.9143306603522612,0.6850576284570953,0.008587935770774012,-0.4953800008122933,-3.105965945852516
8.851868951646212,9.058945744459619,10.574069393329212,9.704337855644098,4.53037032546489,1.2790410823010943,1.3314808308402266,1.2419055992304764,1.6666636496160419,3.271913573759081,2.506011967788251,3.5284221744402218,4.218098022602672,3.5061427425063467,1.9161466514881995,1.9615718622362526,2.2424315687670346,1.415976563815466,-0.028923030671392336,0.0018992691368546555,-1.1695170488250832,-0.7718770811516114,-0.7270565766593513,-0.8135994449696413,-0.36448728139928277,-0.981566837698492,-1.2930817369858372,-0.9790530309857925,-1.0197506760029198,-1.8399241320187674,1.489337121315056,-1.8494887212678333,-2.6569849198784623,-3.4525268556802566
9.644487219412106,9.317117891604736,10.337311660025502,9.608842457261629,2.572319729236773,5.441702920875873,3.0536465438523406,0.34322391833671645,0.5054498815587855,3.191186705701461,4.341938111811357,1.7722263881829314,1.1393189998759654,0.4977126581623466,2.823783075565722,0.8233164545915963,1.5655734406785482,0.6056341326929097,1.0056314765594738,-0.6143886813079052,-0.16354807072305322,-0.5014749811702871,-0.5068453554984071,-0.5251956441873248,-0.5422756351233292,-0.1177215741449965,-1.0212362828786083,-0.5998883624282433,-1.1566130687717484,0.11223555863911563,1.5596029289378701,-1.1585805588477787,-3.8908404001170833,-3.4624801289177958
9.357189498430532,9.834612459433506,9.567458334663918,9.131393587492903,4.690835725394888,0.38381696838186186,0.4131183524077227,4.170506424071265,0.18658094319054724,2.077357307756536,2.327637931260336,0.7281164763989103,3.7799022293546423,1.7728550124754363,1.8915284812423594,1.6270705964374335,0.8048568001929256,0.2405157397357263,0.4521997441644471,0.0819647464573976,-0.3345610973806476,-0.9112488526237703,-0.5871924018011412,-0.5258734663151298,-0.17084951685204514,-0.5720173066127534,-0.3365149466436296,-1.444631261322722,-0.44443207057193396,2.3115809752839476,1.2733405434617406,-2.5686415052272835,-3.6131583211679668,-4.5031331348808035
9.700325391940119,9.27144428034419,8.977661918590847,8.570947545036299,2.9897468348270433,0.16712844203679414,1.5917608187080483,-0.536832331341405,0.6401949682916636,1.2664028964613925,-0.46740871643861104,1.6733866196827036,2.4489697379440503,2.4010743170353885,1.1528202177365525,1.4047729693258855,2.0627161009065804,1.2370716220701226,0.6934713667204981,0.4835444718198304,-0.5297486177170199,-1.4010255091923665,-0.3650399468928027,-0.2976215156850285,-0.06380266396970077,-0.7679296877001314,-0.9511108457731352,-1.1159721569598615,-0.6473081300413713,2.8926544657947093,-1.7446127188512415,-3.492653765810901,-4.436475164099019,-5.054430381490264
9.118080939171755,9.326193231995394,8.35372468689983,8.25573570444237,2.5366351874850395,1.8259009885902213,5.223972465229334,3.2894496147700782,-1.6738799111278455,0.900431343522909,1.2735195798862555,2.5001902805018803,0.4883290401708182,1.1138371348772949,1.3907346915996832,1.0959975951430931,1.7420904111906452,0.9002010899051136,1.0013074282874237,1.0725528525225907,-0.354384575463704,-0.675169650475566,-0.5218654412055056,-0.9123278297406939,-0.2579442751262778,-0.22078425516610733,-0.7891779284879944,-0.7324328520897604,-1.1324544392635232,1.7175327526288344,-2.265968377293086,-3.5242841485037215,-4.160285505635416,-5.137362916284126
8.64530334205558,8.147843344494415,8.233298921207545,8.013061494409008,2.508787940716683,1.3882826167690223,2.474536534701723,1.6401858011616839,3.78597818337867,2.292574100844547,2.057677481316385,1.84367532456708,1.1620579740348063,0.8551198916119592,1.0402256887639314,0.3532149660801913,-0.13826528132303473,-0.3882962406726275,0.39840347965197176,0.2844423283824577,-0.225725653409095,-0.6771487070239749,-0.7256933353676595,-0.6870384547133512,-0.9329251779731365,-0.12939071166182312,-0.8055151687962012,-0.8285213645599117,-0.6111096582355477,2.128346935855731,-1.686839278035387,-4.24167536999701,-4.294972999458166,-4.907446415900177
7.800867766838816,8.119992242271568,7.541794805379805,7.521279877594774,3.9862716443924,1.0735364402092877,2.9535648499787737,0.7170817150601404,0.3035591052747872,1.6186429531887898,0.48820671394755927,1.625429513748396,0.7417723627789303,2.007718847770737,1.5282380456620654,1.2736898474919134,1.0940525038549676,0.7911188035122404,-0.17479144342258054,0.3745507385226612,-0.008571844469447797,-0.159495863175061,-0.3548236330189857,-0.5545416120448301,-0.6852050426821106,-0.7339433795240019,-0.550466299316365,-0.7893300061366226,-0.5481764504243044,-0.8233584678736416,-2.7077413132510957,-4.3342574290680815,-4.038219857486081,-5.182949412640673
7.690035343529355,8.04820747706015,8.178099747083959,7.740968682117292,2.385291944580202,0.774713195333838,-0.06424369151672706,1.8270448460967845,2.4310922621861546,2.251277944112409,2.5445510135485105,2.7204516645643397,1.1388170165546656,2.72389353923364,1.068940820316721,-0.4326409959752699,0.7626689297228348,1.0672157281274794,-0.075434981576996,0.28501314038055453,-0.04481990255149314,0.1481194124715093,-0.5007151514336473,-0.7664493963438919,-0.9125489569327865,-1.0127577911693058,-1.4739414962776374,-0.43354179757283984,-1.088869177650839,-0.6969446240160209,-1.6063488233316532,-2.179214113236614,-5.908261881858141,-2.894022581424686
9.347357427547543,9.597036733796989,8.5422714502084,8.276553259602373,6.696600764248201,1.3524946187412539,0.7900640430861928,3.0393224225956246,5.489437209384706,4.02351850336905,3.480697979272474,1.9530717620156188,1.3597913433904534,1.2224800736239678,-0.3030575947177485,0.9470261485946444,0.23513005282624888,0.017645021632248202,0.6685062603868228,0.4461369760867038,-0.11984309192509555,-0.7056076392921274,-0.5741324960295214,-0.8026443714720891,-0.9823299631292151,-0.9508947071827356,-0.9978527915338344,-1.0715806663232936,-1.022341636036802,-1.761537927593861,-1.6148486703628262,-1.479927211932112,-6.8818490049225,-6.918866423918531
10.18526705288632,8.806314611800984,8.709658617187369,8.135993962027115,7.98403649422353,4.069651476341825,-0.1700126003742204,1.817041989293705,3.447558920883503,1.0481786108090323,3.100300575685786,2.8051973982607676,1.5441704397719291,0.5734052001747398,-0.1460734453443337,0.8238375050825127,0.6683580375391895,-0.010077655868339457,0.14986343914548234,0.6473194296145092,0.11272801476833332,-0.6189012223329279,-0.25911961666243744,-0.14174168993463204,-0.9839073656194336,-0.5829963031477845,-1.0387927680532276,-1.8928397121532976,-2.0740248900431504,-1.9907913926647485,-1.5498740885650197,-1.6967990629928387,-1.8157577667995506,-6.268630569298824
11.595186802053071,10.303945436214882,8.446302879743495,7.914926424452804,6.458252374147261,2.637118329144162,1.5887201154175097,1.6399026326677966,3.26365434835942,2.2140093529853284,1.1602744076570422,1.818371435438789,2.484506708380291,0.7761607063510013,1.2252282388554303,2.0256705313618055,0.2769771098587257,-0.050705843591703326,0.47801875695786966,0.9755157723858174,-0.0872425373976519,0.037467403890238976,-0.06670272949993226,0.29941303357424137,-0.8722053063540451,-0.7349049843140648,-1.3787880592988857,-1.5286135194116393,-0.7539979649298012,-1.5321182967059865,-1.6897223437541324,-2.055312195645058,-2.25758524062768,-5.06107916129177
10.743324380855473,10.849194303747234,9.584005661068408,7.311470747441252,6.299444854058379,3.000668396927117,1.0546832234916586,1.1240325846354156,3.722802060086585,1.4799591458828423,1.7236637156292591,2.0086329257622384,1.1739265721099565,1.263455444338716,0.8756162610279973,0.2486400937202828,-0.09200378323083876,0.22072585508799447,0.320007530112407,0.1407090660883954,-0.017959112731451555,1.5118338102082653,2.2159434384249206,-0.022038289991481625,-0.6371986677650766,-0.8279342483113632,1.945307467173006,-0.8213866492306222,-1.2603545905917077,-2.1513719014854646,-1.8777716385365544,-1.5150731173761216,-2.4138089145462414,-0.022330011802433797
