script/wind50m.json
{"header": {"parameterCategory": 2, "parameterNumber": 3, "lo1": 6.000198445256149, "la1": 58.999992894266676, "dx": 0.5, "dy": 0.25, "nx": 22, "ny": 24, "refTime": "2024-02-21T13:00:00.000Z"}, "data":
[rows 0 to 23 of 24, columns 0 to 21 of 22]
1.867875331448398,2.395285408548411,4.444696939135514,4.5060675633506,5.8371173598454975,3.354432274567581,3.5459413072265393,3.93763975467668,11.34036457460422,1.6943402329058195,-2.4379773324148726,3.2996528065579818,-1.4321063371122809,4.480641367101903,0.7074632233222891,1.0109461215170663,-1.1397746841855847,1.8282338750459595,7.099300048335272,5.909221741697222,3.2198198281339403,2.0958402084354857
2.1005997972531563,3.0638897787610193,2.6997608185047306,6.1186939026752984,6.717883885939925,8.683349298270816,4.6510781956541285,4.733762979255821,2.955095378926116,-2.0433367826179722,10.025183562682486,-1.0120789619500814,0.7909507737593925,1.848820244953471,0.5581062258696408,1.098858310518189,4.90298880974492,11.02009714179202,-0.6113258641430436,-0.7477986540278414,-0.05685450934821673,-1.7097507489421673
2.207156812659065,3.1089556609038507,2.887759057413037,7.142534596526994,8.62338132178009,5.176176304602982,10.67126452205674,3.104403603152048,10.980873266436705,9.527035312441043,2.176873590761046,-0.3786703070563479,8.983881656228307,-1.8029979700987906,5.170893372683769,-0.2129469501764413,4.129413239888915,-0.4430992098854304,-0.20271258475510118,-3.189025080292474,-3.000696458055219,1.9057232133473845
1.9792829850060372,2.6437297469459393,3.460245211397418,7.633815454979863,3.3512598675369625,0.11669438540225939,3.151036702972289,2.4957479649072076,1.7670521802564532,1.0028349907126615,2.1260229848897363,8.467466410372435,2.7065618994302976,0.11557282953237934,4.93692557580369,-0.2066812486033163,6.044959271575774,-0.289676124593541,-2.364212186458497,6.067462612687915,9.018246988087945,-0.29489016036151766
2.2277310286496017,3.6441897843601185,4.318232847942159,1.9722582198212837,0.7961211467152282,5.021959248532516,4.723705183270275,10.994378904195887,10.36126826443933,7.855464899616497,7.491042777146234,3.7157571190834684,-0.09068826207778943,3.127239312265187,3.6362671831419413,-0.19441524607799857,8.954856727754281,-0.7615026534280374,5.028597579890349,1.4819675856621157,-0.8019745517081875,-2.0739750532884367
2.534691866394678,3.176557361651927,4.368927935701453,3.421407391886231,2.5582229777216,5.664995572637758,9.75161383428172,3.9108264644638346,1.2743737647740843,-1.475981359446067,-1.6439302153478608,-2.0490203746469104,0.007168749856064567,9.386923706654294,2.618714303595622,0.35794471559897945,1.8796369319037232,0.19379312678763413,2.9622778759994732,-0.6732297151202763,3.145013738061687,1.7566338266998769
1.991399355279076,2.6892544007015973,4.157174735028044,2.2495247833267107,5.842821849654925,4.98125523859948,2.479875906584092,5.424717195070587,10.191588576084543,11.190174800631413,2.7608126965837725,12.667073431544342,12.744422196160418,6.2878030711142054,1.925424495904576,-0.3516742115887856,0.15714941856469927,6.155763848360644,0.036869811452527525,2.7324212273564594,0.10584292603184725,1.985141588810286
2.6345523262443877,2.6821067411774075,4.232809716659446,2.4563967480305586,6.862345073826157,0.7997817156082139,4.744887190339779,11.116299187106083,1.5235245110892646,-0.1567753559917997,1.9434993211056786,5.423397938477742,8.958617357299998,2.596769737893607,1.9108135289505845,-0.21279984272176292,0.10469997542598532,9.256313348702582,-0.27496138551104027,0.06340555186534898,-0.8014325953008754,2.625164948218972
2.717506468253313,3.9106823498103678,4.615689444290719,3.010262905180441,2.825803614636718,5.504472249375432,10.103314509292412,1.6072221647521159,10.058584137334345,4.728635879275148,0.7922646463391694,-0.26737319711527124,0.616647181938318,1.8567288995479478,1.1686458799893635,-0.22717218114682355,-0.15856429432758548,9.698872388390708,3.0052295592550826,-0.4727838958418067,5.1517864549516,2.261867715682412
2.331123512372185,4.128080876685692,4.374572494256511,4.426968523106937,2.461162313254244,8.387081698992228,3.2147475638707865,7.26743775843567,3.8607486815759953,2.419341611871896,9.72391939428283,-0.4959992065429798,-1.250615836416293,-1.3997880554182622,0.5256589287891561,-0.22274111277876882,-0.2631624353155906,-0.40063122882017493,8.076230767077048,-0.6078465801612396,0.1458683054624861,2.9910746881688337
1.843326316138129,3.131914135935203,4.5153246004666645,4.767379614931309,1.2592766884310531,3.2020424956963844,4.637265934749352,1.859301792192607,10.131918778811533,0.8762665739254051,-0.4891353038906933,10.871504925826505,0.5953106118082779,0.14506978882006138,0.07406433506445856,-0.1173436465260104,-1.2329314946869958,-0.40517281077594347,1.4005967010529157,8.787063177887033,-0.0733943158048702,-0.8312410265549465
2.095042316737059,3.109566107181415,3.522249540745812,6.146447082119204,4.783155186968958,1.7003891062042167,10.876960172489449,4.42293463757212,4.273530320942085,1.911273664289572,1.8707249499023473,-0.4565838863737627,9.475508086368407,3.1512221176545268,0.9340444007263392,0.31522377525172657,1.2739109633933907,-0.8196223874269634,-1.8244282753973278,-0.12278755523617606,1.3329965203471326,3.367596881791839
2.6444369819575653,3.7325321503104814,4.064080795190323,6.7352471304495625,7.261121751116634,4.097147220167534,3.3979686311560875,11.281408168569126,4.2737815825593195,1.5655518325243682,9.590613726557574,-0.6498997925486737,4.358632348193653,9.705229819880191,1.3996262482006385,1.240008370090099,3.7192005982514047,5.83357658815633,4.036999514682102,1.416357865780633,-0.24142984599518444,-0.07213977205750328
2.4713722644634526,4.093276046879356,5.060808430236738,7.471351778524403,8.764217905897798,7.989573810420279,4.953449060216438,2.85610183760896,4.243905008426128,8.118832162517919,-0.884763160308689,11.421200476299557,-1.1062520813608197,10.631262396290856,0.4846879119027534,-0.1068317831777549,3.5293539276688923,6.628847314624128,5.924540741269858,6.099325174233312,3.7422089039028035,3.2274317724619985
2.20119499983627,4.746918076833898,5.939013664463956,2.9993135977774674,3.4550302515322917,1.0356773471897676,11.541480082886002,10.832873080660143,3.8312703812897015,-1.3576597069841987,1.5605753598636536,4.769301718940008,0.17674102673404185,4.057256502623566,0.42927511556961157,-0.6274166542368923,3.923693804364266,2.3769044167449054,0.45929494202527327,-0.27523706721149666,0.363788391222939,0.1925884401741219
2.4886178744894996,5.161076773013701,5.775781693174784,2.0750173558788205,0.7943349528963675,3.34158581241576,2.801791588692147,1.8590220503609032,3.6884072051347734,12.094081157170196,2.491454015647591,-1.0888140311858123,11.43439865724169,1.9464313247603053,0.8718021989222925,1.0647387979600933,7.601393785902605,-0.1721412256620537,-0.2141710927518046,-0.38731038489596453,0.8294607706974864,2.7734529626753495
1.9277018927268743,3.397189977712198,6.295867472299886,2.4160596638508274,5.298023966738068,4.921954362749313,8.671168567892002,9.147404344184315,4.430268742310841,1.8730189769421939,-2.500941743425039,-0.32083112189315593,7.418313681372589,1.040859922534244,5.966566776877756,2.4882513188982265,4.221917443163497,0.5923172275001483,0.5807870191503827,7.406180336309009,0.21676175499384154,-0.1486734755416074
2.315078244317846,3.1176193614281145,6.702764737109471,4.0951266749236845,6.784096131489326,3.479733544045182,10.319623090735297,1.5989209418067272,4.404151360560508,2.993351450346733,12.75331887293808,11.307460627891164,3.0072323844328293,-1.8733372384786953,3.909822193922655,2.1215476598652345,11.347017205735963,-0.8036216867080755,5.840949890846927,-0.7955238901921092,-2.8820745205993545,2.1394948794293684
2.729081753390836,3.023371988502463,1.2595420654681584,5.004697494540086,2.680852867660624,1.6560025807613854,3.1793761685976,4.688883370180534,6.584840810477943,7.221187200011532,2.4953791428374217,-0.02495784515071846,-0.7273235646488887,0.3999541767266583,11.318394791563053,2.664509823254084,0.4972618102978228,5.036327849220155,0.19867376928226477,-2.630495930369722,2.801842183385845,1.5432311018646916
2.3278827700606852,3.182867653015345,1.7298603827792063,6.141547146895905,1.6350088990243397,4.186243034548449,4.463180049534446,10.695376971070845,3.0155467873858606,-2.033806237118293,-1.0643588345571835,-1.5075252251798938,-1.4259341708393298,4.619161647737235,11.296906121376121,0.7744560220816519,0.039694242009551906,7.39380206876518,-0.16202732712426596,5.816087704445079,0.06528160759911607,0.8900527262091681
2.118758573956988,3.664226729052773,1.6587870269652962,7.284475748203664,1.6464446403442596,4.235864700902129,10.9686836583373,2.0429620912512054,9.226421026395535,12.436041402836425,13.04393461861307,12.958177203820169,10.552600020533246,10.296588704516015,3.5742897578001767,2.732698111344275,-0.473830278871141,-0.42449651052205767,3.063162611926219,0.2523464436955923,2.179395522887419,-0.48855163240923055
2.430555959086404,3.8151398531427265,3.002934636359464,8.455669531877717,5.804470826232384,0.6552686352639936,3.243159980001735,8.787016954929078,3.8948975873228866,-1.6075999203315747,2.9421855503105347,6.164780670088648,6.646185742698944,9.818530464781057,3.3462649171998797,2.6632787024391065,1.253240732472492,-0.14169538213500668,6.442102769192854,-1.3230410720652401,8.472069105158058,2.5945753366053794
2.1785128277225265,3.7554181181189463,4.312698579719723,2.1052778353220964,7.875988671818469,4.210447318148288,8.878795475738078,2.050239336912919,3.8002066423807337,12.367871859522241,-0.9628578188634994,0.6612430857698195,3.102983605672829,6.368483712225164,2.3782196793515555,4.144472707420513,0.4216693791407835,-0.5306839769483997,0.30466793670549336,5.640870984750427,-0.8517054923489293,-1.67073405365145
1.9344376847124003,3.878224050212908,4.64360509593882,2.412909828380922,4.7592516848972,4.0322731769494204,3.773843167149661,5.0089358891076365,4.087299515536524,1.7689589377731867,4.598097750849384,-2.22265928306911,-0.7540179435223083,0.9550140414448668,1.794677780583294,6.949307837789548,3.2393407669996384,1.5431280043107058,-0.08127125800308606,-0.719111092352825,-0.33220906029664843,3.2314741025163323
