script/wind10m.json
{"header": {"parameterCategory": 2, "parameterNumber": 2, "lo1": 3.000054539987559, "la1": 64.9999836372058, "dx": 0.5, "dy": 0.25, "nx": 34, "ny": 52, "refTime": "2026-04-10T16:00:00.000Z"}, "data":
[rows 0 to 23 of 52, columns 0 to 33 of 34]
-3.097547666899165,-6.9433746153605,-6.438342109156063,-5.742594245669596,-3.8493416695498195,-2.0471529416480037,-0.22526627993265003,1.5757957587558078,3.684055939521048,4.800806121677994,1.789133369880814,-0.33787658348719063,-0.003758618215904471,-1.2520860821116229,-2.3116733501654907,-1.6143654915747458,-0.9310585657597658,-2.1641956821357664,-1.8078256615663049,-7.017651816294659,-2.7839285247865444,-0.758128438318866,-3.9458314598265014,-2.7964352287958127,-2.3174335645972706,-0.17576516532732034,-0.6521569614963019,-0.275522035560342,-0.5214696147535465,-0.5116040486406476,-0.3786437388103508,-0.6362873933467083,-0.13905754532037148,0.1104578591014429
2.120181316140673,-3.0153374426700807,-4.876437290638557,-2.939794810270974,-2.313661334841118,-0.19907936365291798,0.5346633137181316,2.2388584309008253,3.3557634106229925,4.338452127095212,5.558642027780909,0.8361300749208159,-0.9134524071684165,-0.7634535443334186,-1.6199820766417594,-1.8180534331195644,-1.3820986963098392,-2.6608523362118803,-4.606199849443123,-4.299455005195384,-2.776082476615482,-2.479912404575693,-0.566064822080559,-3.7571770043880326,-1.2491213960914824,-1.2209063454278377,-1.000295387678231,-1.2681119683258666,-0.5618210863169313,-0.24305579861065266,-0.2906379964084371,-0.4759949500254353,-0.1900741653006497,0.12134101888815244
10.482666422393335,6.6658016094802015,-0.15698257540850655,2.3962821558731195,1.0509748089149855,1.6728066786706284,2.5157493292409563,3.2302796616966187,4.146536378966909,4.145466805539252,5.39468452718685,0.7313311889196242,-1.7519345024880988,-1.3809919030692994,-2.2817773794111407,-1.473116646094018,-1.6856450101906197,-1.317791309365944,-1.1149161977067295,-4.087264737243192,-4.515318416311881,-2.124554749612662,-3.155585918840954,-2.1999973566007234,-0.8393521100108768,-1.2735957902414683,-1.2003887883823883,-0.9520863797052411,-0.6691205947498384,-0.4928155397113245,-0.4885852820488917,-0.09377676579525157,-0.37967167439092975,-0.04046153849614951
10.811398946039969,12.159147437552004,9.664726818038567,6.641572669508177,3.249514611207698,3.204973908969105,4.274144439819333,5.764667971164443,6.365834733969811,6.603034884608552,5.176853561511431,2.3551964472258673,-2.8223917395638383,-1.9419036357436361,-3.6496204126522014,-2.602931804770195,-1.5816067303968562,-1.37279577718353,-2.6751646561745703,-1.3774060481974753,-7.757667201113375,-3.2779519977529503,-3.0151579014144265,-1.498284226701776,-1.0243417408569597,-1.2228650138742327,-1.2702923105562367,-1.4256964890889114,-0.9817116106201349,-1.026440535431785,-0.853311019071152,-0.25002086384018135,-0.49659962349123354,-0.46449185832028667
9.029843350633847,9.021165283461205,9.278732863658131,7.9371443680433735,3.748985390450731,4.291274137298427,5.15164451122812,7.370765975315739,7.647776473682246,6.892150066557618,5.578633785426209,5.771874787151828,-3.2085768881421854,-2.0294803716927032,-1.3437823771049908,-2.7090380745257594,-2.158738458619893,-1.2442051634234947,-1.0104542639077545,-3.701494837398937,-6.4302531527802405,-4.351017146401729,-1.1855430046580893,-1.1434843246837292,-0.7769426292763474,-0.9346527719250679,-1.1351735272740353,-1.7851514761274387,-0.9009255962311079,-1.5680313263077046,-1.2765201296574786,-0.892947948583983,-0.4654540971782765,-0.34533695404808135
7.549997696439926,7.307233903634192,6.772081015301804,4.959594121813071,4.542847100724509,5.019750277014596,6.227033005439758,8.327630965150224,9.0451288431065,5.509077057336197,4.407685091577027,6.4377283907520555,-2.3673749135677276,-2.5503891466843798,-1.526165459499166,-1.301022672440607,-0.765971802516092,-0.5223162300773015,-4.46446987480759,-4.428821721845677,-2.34223181811359,-3.0820081896565292,-1.0771690994573044,-1.2786787080145514,-0.8495200413069395,-1.403720289709303,-1.3952812235729561,-2.0528436998233395,-1.5958130330322526,-1.6380145910444026,-1.2661068106564923,-1.1508004298170624,-0.8659731489038109,-0.2415653914015861
7.760448122333748,7.08531345081963,6.226725512628596,4.433680164126254,4.115038354456558,5.853253511857675,7.3372482285024905,9.471947480606971,10.228649278131398,5.476006964087958,4.316811106387368,4.887509715751576,-2.9087647501940777,-1.478578915904056,-2.2527120903190974,-0.3919707391141355,-1.4218004696439048,-3.2664999492212607,-3.7134830846856515,-2.5491630613288265,-2.161101829819043,-2.0503743918535027,-1.9953814433643509,-1.1082824505212032,-0.9027397975236643,-1.7877992696516187,-1.4830732519165586,-1.6274746716216808,-1.6427955904083635,-1.3208233218579628,-2.050301468804532,-1.2517205450668412,-0.7482533271998424,-0.850381375308321
7.500495154998138,8.448050702852834,4.131074188628167,4.015575678569088,4.018716922189251,5.140356702596763,8.160108149271917,10.673744464793007,9.503243266133765,4.244515901578595,2.697607919428604,2.4089884679907616,-0.4372140774677288,-2.066536444909341,-1.4968342815241715,-2.8061048519913006,-1.6949930544110978,-1.6870691874773756,-2.313426043505048,-1.508947282084174,-2.705551832011903,-1.9406640240425221,-2.1958850711939277,-2.7370619051659864,-0.975472100594468,-1.7083117858393664,-2.352786801981892,-1.2672223257965298,-2.548506109642395,-1.6590556925811055,-1.2400232104243645,-0.8419941908911911,-0.6295884130682227,-0.26395916982829193
4.610297514007445,3.5740787587259146,2.750523619538497,2.8969167386487253,3.078560774318733,5.807189719275175,8.756852064928754,9.769825092360138,7.617534305896671,2.8209807221690535,0.907073057776317,1.002832870517163,0.23251744218185297,-4.489292583424725,-2.379966691203618,-1.9594814805601395,-2.61392319043546,-3.644443136367083,-4.590755469678331,-3.5957896168482213,-3.5430631660795195,-1.519173831466293,-1.3133604376026613,-1.413475672718381,-1.5535384693653218,-1.2437305121570612,-2.0026805646332226,-1.6367008067310223,-1.2530045032120565,-2.049572895957083,-1.466628759983833,-0.9933952683579418,-1.5966551912317624,-0.7063205469529601
1.2092867594894032,1.1959017974684378,1.629519297787017,1.8799740162556469,2.473626163590472,5.410221283011621,8.618137135927583,7.744384899144991,1.5260756035915741,2.2956127042271044,-1.9418539451029329,2.161226817497486,-2.1077612076053898,0.7507022049410523,-0.40508667496871054,-3.4776230255668588,-2.1747061485936876,-5.414579251673207,-4.3178607486192835,-1.5642893188407867,-2.471727353750641,-2.0503882033713228,-1.356260916832964,-1.488059012645234,-1.7657682877979248,-1.92133637818202,-2.060222120810985,-2.6183811501745855,-2.10185185965382,-1.4612833727223402,-1.0641254739938628,-2.0860222010069402,-1.4917605420906221,-1.176556954294395
-0.7399293181092311,0.1439818714516122,0.3247175352178084,0.6104485603623923,3.1760514596094964,4.901029674933681,4.4088030948926065,3.4466436263776568,-0.3808756146728813,-1.3089903663532048,-2.8697125084759363,-2.962750628822578,-1.0866980760714566,2.8354100857890567,-2.565329803319935,-4.501830899944244,-1.195204332579782,-2.304746645628877,-5.857214296936337,-1.5947583803799144,-1.9776549635381926,-2.183622794364189,-2.161758219864505,-1.9935628933743144,-1.164026303407569,-1.147777088422756,-1.632090348361283,-2.726587658719032,-2.499372478728691,-2.2041463114755717,-2.2650477819666115,-2.0327170259793554,-1.6158528389730518,-0.545291609196387
-0.6747266861970618,-1.3135791519426796,-0.290016419174757,0.5037606709224103,2.069115356410095,0.4031503722907846,1.747723850976985,-0.10449149454135317,0.21580038401837057,-4.82936418838892,-2.270864103016637,-6.946056143639163,-2.9228124317514763,-1.1806761467092972,-2.0506292685214786,-1.5705931223487113,-2.8831783983438792,-4.208177177492195,-4.55562170225449,-3.4302127989279896,-1.7905653815607556,-2.0128878607227634,-1.7184697830305236,-1.6033342906948198,-1.2665998644101948,-1.6958920777573239,-1.5079891314069211,-1.9158022872634994,-1.671950745356587,-1.3449762043545803,-3.1435458044958873,-2.530749822831848,-1.6929716543275297,-0.6777463347474616
-1.1812384196547498,-1.4661227735387168,-1.1824094907915113,-0.30161350897116773,0.6146208317341039,-0.2448537667412885,1.6743457830467467,0.29533940115194,-3.9332260722556454,-1.4983023068275712,-5.930912475028848,-5.298007989372403,-1.5895448780208905,-1.4420869472599773,-1.8385421543496483,-1.834318887320031,-2.4250417003653983,-2.4374285801812783,-3.5602667762149105,-1.8565745261206301,-2.2724846418785036,-1.8071960379720704,-1.6769687005055725,-1.697623394747195,-1.0478549719746937,-2.3187737312260626,-3.092046766200184,-1.9968168322486437,-2.0886806815376953,-3.099957248871156,-3.5701032444744407,-2.939618404832804,-2.282208613229908,-1.2928679890914547
-1.5008159971812856,-1.5259660673092703,-1.62375322949249,-1.6984462539503784,0.1415639322639937,-2.664029939424296,1.8875433446774115,0.6019137893258576,-3.234094681651371,-3.027352908702379,-8.712848136862661,-4.499463225043711,-2.28634814434126,-2.1857453795746054,-3.0352858159564797,-1.4251773023312846,-2.452070803562806,-2.2544317880780347,-3.048358715357003,-2.557228661373414,-2.7825008095151014,-2.835920296045604,-1.8131964179065025,-1.7880721059353528,-1.5999546624113505,-1.7887098866515243,-2.465283365139686,-2.354076683304124,-1.8027358718506783,-2.79109226645335,-4.037607432433314,-3.302380108705671,-2.6815863171753866,-1.8394020078052153
-1.5020682426349314,-1.445593127032053,-1.6413928953159584,-2.1899214091282095,-1.4394430438617087,-2.010632464397098,0.6088522324658999,-3.9973385039697154,-3.0967502388219206,-4.931424110722978,-3.692259859707747,-3.6189463704337506,-4.335676961478976,-1.9064944647947115,-0.9248849914094841,-2.2494227342389177,-1.3651971520822117,-2.10364429463899,-1.2253847683684131,-1.2326157722623377,-2.022857823850408,-2.8593700981685,-1.5716484705411948,-2.2528463438471458,-1.3831766865168944,-1.9834741155189077,-2.6964417944459953,-2.645685223215229,-1.4852134965826076,-5.370317462332061,-4.584673632420313,-3.60085673961958,-3.2619596026987177,-2.6343395284465316
-1.4683761101835164,-1.9561184885989358,-1.6193157808252943,-2.057307544522217,-0.9918683919693785,-1.9318809527061442,-3.1503550739333055,0.10036602770680196,-1.5997319972609967,-3.8094102071790226,-5.717080834538893,-4.862291160650829,-1.5609874070888357,-4.031249823847649,-2.6986610422234154,-1.2830546289469207,-2.7996428150306607,-1.646049771081967,-2.044262353881747,-2.0369987567003927,-2.4561745618921282,-2.871201814445415,-2.054107884770745,-1.8100556659261926,-0.9556284864274575,-1.3169354606725683,-2.7454713611731574,-3.1239482362902264,-2.0941252776944115,-5.907543651351274,-5.062905289277997,-3.948396504451627,-3.5974002921074253,-2.9532625062917757
-2.1286129505269913,-2.526591852447451,-1.7524193981964336,-2.308510193862629,-0.8913315613135071,-0.690110851489425,-4.528353578358439,-1.7854718520579975,-1.551908697032163,-1.9108124339100852,-6.284578761949948,-4.578426415949857,-1.9487453729017616,-1.82540572167962,-0.7961518131805966,-3.5648219270258736,-0.6068386382897706,-0.13191954576869735,-2.184054516152369,-0.7888693240773742,-2.461486917935955,-3.2582253148820888,-2.0177970767041433,-2.763854977594595,-1.7173972653331913,-1.5607300155950434,-2.0464996555467194,-2.562196271904513,-2.8228368187970956,-6.686426815120596,-5.695182988214536,-4.00096358595214,-3.733099557927285,-3.5484978145596213
-2.7745595375212377,-2.8237128956490376,-2.0065685794704096,-2.9008950309099686,-1.3619714048512277,-0.9592879235806155,-4.363279190712962,0.41216643871742825,-5.59662067760992,-6.748197316950868,-3.876680841377225,-3.9122011377110186,-1.1757832580394765,-1.57785089400892,-1.0708624644971945,-1.5454531068387467,-1.6935457890523047,-1.0073518117685738,-0.7290888643973943,-0.9337690259069334,-1.5767370334374502,-2.07712804140644,-2.343192924682225,-1.751930744031041,-2.240904141340237,-1.4415890630760797,-2.3401629586058155,-2.6359076949897156,-2.540290388092731,-8.349237573261373,-6.089140968973193,-3.779327810461962,-3.8206256247993284,-4.405123566329184
-3.497182061150344,-2.8277882331567112,-2.385944076451856,-3.419484414696362,-1.0379683467480822,0.3104329116519505,-4.10636203913294,-2.392073799909719,-8.112791819066178,-4.85840435719987,-2.9077026269626156,-2.6460478565447856,-2.41414815310105,-1.2758838359583116,-1.8979566199863462,-0.9833006838748078,-0.862653744280228,-1.3595449951972975,-0.5359038586031377,-0.9095623493847085,-0.7282039044077478,-2.033581275595803,-1.9041268031407321,-2.0107593625597184,-1.4426167547908557,-2.3574163447220133,-1.672831276945732,-2.4582363925847237,-1.1705867506570429,-3.1329861301811537,-3.334768442923944,-3.48884598363836,-0.6558844227357125,0.9719835462171483
-3.9553455850176076,-3.3063334399579234,-3.033658386198458,-3.5405351387694264,-1.096377698052865,-1.1049934256155973,1.4144528805840209,-4.583550021433614,-9.318898119083386,-6.521934813185304,-5.71788054050132,-3.399452332619501,-2.2061419593545057,-3.263888918058449,-1.3303816203715655,-2.2242807828725004,-1.7517441349007912,-1.3020251878204367,-0.5192738895727204,-1.0479604437373302,0.08336177956486175,-2.0202801459277544,-1.9875389736693578,-1.6615813187787851,-1.9080710022730862,-1.6553137266777194,-2.279813506998913,-1.410845473508859,-1.4435622688469052,-2.769918426113793,-2.62291564611696,-1.7309335955872065,-2.5142970348236564,-0.38037399178199466
-4.297215120043595,-3.7187066812558465,-3.225371013895137,-4.079078715477046,-1.6936478532724963,-0.7484591055469808,-4.540519121375672,0.01176117623774245,-11.834031871044115,-5.891812108903015,-6.892688494338651,-4.398906306544014,-1.8915826550403758,-1.7428866280336774,-2.3111985597445184,-2.24896265404947,-2.471068936069058,-1.482591032305586,-1.3262031504291736,-1.1714768405399085,-0.7983734539689038,-1.1952623867557894,-2.1769707209553286,-1.6585332425544324,-1.6673355423783986,-1.775174246980772,-1.8605459642273932,-1.608523612902174,-1.0108434347650572,-2.2007398728392635,-3.0119827345125993,-1.8250649175549192,-3.749354548771845,-2.895079638341001
-3.3738337883247493,-4.134323334948337,-3.4998423220366743,-4.363265132532178,-2.8441136845575263,0.26984344691311585,-4.002389183165545,-4.549981350588699,-11.187821791125835,-3.4061834129004556,-3.377611165870383,-5.198476805356246,0.3213724030378615,-2.9630965369396,-3.173874441286852,-2.6993156880578777,-2.634089892353226,-2.6612736020913403,-1.8800654127053051,-1.5316381295547805,-1.254899264377414,-0.8360499765731514,-1.8767570307155634,-2.338176777179043,-1.9839984019073729,-2.0246058005715977,-1.572462560075632,-2.245963787564612,-1.5531595094694992,-2.7726596061065174,-2.6406028827006502,-2.2048526724143955,-1.6911374195675777,-3.369416301133319
-2.7781814253426433,-3.8943136963032052,-3.204446413166121,-3.6265279347179185,-3.2922252401748873,0.02395696651035096,-3.982504330947549,-2.686913514940583,-8.524786920501098,-15.977713958717127,-1.937087710678323,-4.022481337491723,-1.9913026951877564,-2.2158444821811423,-2.4609313289862538,-4.870189153409719,-2.8980412079989786,-2.5113652798436257,-2.39720030437273,-2.481105934283461,-1.6135106231151972,-0.8656722729596196,-1.9724043594440428,-1.8042510158393534,-2.9445247863478974,-2.599132359494178,-2.887573370410008,-1.985849137976316,-1.7133654281563868,-0.9047993350832746,-3.4849326569397143,-2.367216258247808,-3.7199698558014447,-3.992519686444292
-2.1160224820646105,-3.5339824047861597,-3.4911665657236655,-3.1817532983981023,-3.253277536778749,0.3905309238830414,-0.49299020040880376,-9.425897184991282,-10.898707109648823,-3.5634732758475343,-1.5366113876509542,-1.3297840453222538,-1.9729694198018182,-1.3914050832694218,-2.3889388913334004,-5.00107896421654,-3.6101141739487983,-3.1030020554874285,-2.676770850590921,-2.402987572529968,-2.1192412821563873,-2.270751977282194,-2.679799075614971,-2.218207397802501,-4.425359965850663,-2.720432135232039,-3.9806607433019994,-2.012432219474901,-1.4049603283838914,-1.4325534070651817,-3.2306915401067884,-1.6328239356656686,-3.539275841488216,-4.535420044394697
