script/wind10m.json
{"header": {"parameterCategory": 2, "parameterNumber": 3, "lo1": 6.000198445256149, "la1": 58.999992894266676, "dx": 0.5, "dy": 0.25, "nx": 22, "ny": 24, "refTime": "2024-02-27T00:00:00.000Z"}, "data":
[rows 0 to 23 of 24, columns 0 to 21 of 22]
0.9791903702492091,4.021483800181481,1.8038922206629364,-0.11713139880878881,0.1563260892153091,-0.7865023741943644,-0.7966798315311688,-1.0905957594967446,-0.9200886191017933,-1.4916784061860138,-0.13953776088998074,-0.03150268858954377,-0.5012376121731323,-0.7893604957272108,-1.5704276173806835,0.24086755668592702,0.5839202452499496,0.15623418099188754,-0.2902870091998879,0.03309952732630376,-0.344961927559427,-0.8805024352310322
0.9839920538231777,-0.9977972318010342,-0.29891515033599547,-0.4401923970920448,-0.5177587003849062,0.3658478685420072,-0.5343225556479426,-1.5238961504562618,-2.155635925115393,-1.7386135153134032,0.6590702250020334,-0.5432247472764706,-0.6074518253066011,-0.4715983156215993,0.0768224670205565,-1.0914415693090607,-0.1100807574632742,-0.4989965680136284,0.18738571127935172,-0.132939405854391,-0.4169242815742224,-0.03729984999039198
-0.9834169836542405,-0.7188131935988871,-0.624777244037327,-1.3919615960751168,-0.48046528244374653,-0.5628245174948289,-0.45585464786342955,-0.6283726537096668,-2.5997752400414718,-0.10321299424368863,-0.693874077131994,-0.49037875795987873,-0.3566199798836516,0.12786789120060757,-0.5890562086748791,0.26112250474409515,-0.34275210789207267,-0.292565849564465,0.021324917625556543,-0.30398144205604544,0.028464616602395118,-0.5320879417988535
0.3620755981389086,-1.6096162730485883,0.07710241803568992,-0.5905319351617082,-1.5537966160950403,-0.7202909889070844,-1.485184454915856,-2.1505767817438812,-3.2443130772314137,1.413742804297271,0.08340571757288591,-0.657033146417034,-0.11931605192565115,-0.13995511682918368,-0.570793279582832,0.3582050383282823,0.31900644595159616,-1.274785568543568,-0.1834596487705226,-0.28841925151955383,-0.5567801848259881,-0.5883863593836581
0.23297979473662886,0.0006496407128457318,-0.2385496998429025,-1.6011388625330412,-1.0612831733308958,-0.41555304257025355,-2.0953136635563934,-2.923061203215097,-0.06633235225590972,0.2947963668298805,-2.5935810489854987,-0.14394204409074682,-0.6056605241507835,0.09546272727097346,-0.23061870739433546,-0.5599967018858621,-1.0843685497913316,-0.2483559358304723,-0.46278974178491855,-0.38424590150079446,-0.02556141652782706,-0.43002036090434037
-2.5306187850284396,0.3014766229275388,0.5460786609377053,1.8925068449801035,1.6057597094723457,-0.9640489582633675,-1.500036113865556,-2.8104124276972438,0.15139886963534513,-1.7454545835161666,-2.8270700009687513,-2.355625002555802,-0.945106751169396,-1.1407571787215072,-1.4184773988716257,-0.3358636748277951,-0.3911721441393024,-0.1453888464103872,-0.22015484570234858,-1.014568760976359,-0.5963525909363464,-0.1467234551899378
-0.08420848681496387,-0.513047076189174,-0.526291025454147,1.48786065665914,0.7286037612502311,-0.671000667950577,-2.647578114636003,-2.3899132083119192,-0.4440652890436711,-0.9129119791440683,-3.3247142234537947,-3.8179062136058817,-1.5679279094775,-1.2425476060054297,-0.23754437340422427,-0.9331699223303009,-1.2800013625454096,-1.038296337651575,-1.322304632499278,-0.5111377452773165,-0.7209819890086537,-0.5910428230179118
-1.7912419131434598,-1.2209270562710521,-0.8750049554207886,1.127792206292565,-0.3634082213483746,-2.2504517546814076,-2.932864651871987,-1.44710645044562,-0.3806781106600112,-0.767373261131171,-1.0121078783219428,-3.7277543221253526,-3.391147031095103,-0.7179423236313707,-0.8393865434535789,-1.533305325238728,-1.3088663561715739,-0.5275067344857066,-0.7368180094432953,0.07097342209245366,-1.2016840193616536,-1.8358518456645239
-2.098863093281449,-2.1415466691966083,-0.2872847501624059,0.27934681178866516,-1.4071427970116637,-0.818389452121962,-2.044674053917658,-1.891469002087043,-1.1970935562802436,-3.286383895328919,-4.253780968648127,-3.3839845886614404,-3.252556524884138,-1.7349047312715917,-0.9974685285105385,-0.932052600269964,-1.219754597817079,-0.7322991885361382,-0.33445915207941485,-0.4983847538363767,-0.30473747012097435,-0.3709358110824702
-3.069064095887092,-2.565536446612533,-0.2461651088954884,-1.234581225664997,-3.1794632646180614,-1.5554392202408474,-1.0106975954446866,-1.3493665310261802,-1.7748534059054784,-4.540208459072319,-4.346560809373234,-3.5400828415894443,-2.216524191077493,-1.6127928151282045,-1.065662150951277,-0.7875222126291642,-1.44590800735884,-1.2803965695676927,-0.3066889081657099,-0.7020603763690076,-0.9700397218564089,-1.2527708285138102
-3.0261264124062603,-2.4068191390069793,-1.4504392799479358,-2.8680116527144333,-3.351213721693041,-1.8223429000186426,-0.5235340553474859,-1.2878408139157578,-2.0421448669217317,-2.801761350400901,-4.447257416387907,-4.322086857612869,-2.3553756635331786,-1.2369659571172291,-0.018810294000419905,-0.050621431019992814,-0.8985576092631573,-0.729213008690255,-0.6612859763040325,-1.0944104952470846,-1.421329875023386,-2.803304250993671
-3.3579443943568332,-2.0285721843689224,-2.8824172370145016,-4.229279255089654,-3.6374318929562977,-0.6313969367145915,-1.1040148563515932,-1.3260041216295355,-1.2466566089107232,-1.1338507233529596,-4.686748738043189,-5.123836162633943,-3.4107466038470116,0.8511615934968858,-0.6252108545473392,-0.5571762332876523,-0.7231233337917389,-0.08459799750821602,-0.8212089364837962,-1.5767842493711284,-3.0834018552727827,-5.155802460585852
-3.6599339737266243,-2.9968444242537218,-4.041936457211595,-5.02186289811677,-4.8139828089176735,-2.2624578870811787,-1.4347695032903083,-0.4130858426133124,-1.1084514533612229,-4.24359571026316,-5.512650710119607,-4.838240725407497,-1.201911853177064,-1.2174015363719983,-0.8566739750268934,-0.30578514065556595,-0.5200489690328367,0.060490734966308524,-2.736427918871802,-4.351329831291441,-5.327871099427984,-4.616076872673591
-3.69293549986882,-4.137640292995002,-5.260851339364856,-5.234870340041494,-5.638314376486967,-2.227095042922055,-1.0089626443768667,-1.8286540859719846,-1.4375259721843414,-3.2701088861775984,-4.135329126109953,-2.431645932048011,-2.5060500153901404,-1.9945098903123708,-1.4012380970102323,-2.5267454122208335,-1.29889294006111,-2.0030452293039605,-2.051205655131731,-3.6059482844046395,-4.52449011389229,-4.352074604451836
-4.689140239765392,-5.152456118211531,-6.332044999814622,-5.478020090741892,-5.890625167538471,-2.141674649361646,-1.8008367395712201,-1.9363262481495767,-1.640630933885528,-3.5564942755606745,-4.862711581173934,-2.8673667020702265,-3.1617175985099206,-3.9138017609430893,-2.570859026607708,-1.6915461105922476,-2.490912167761109,-3.5463542574290585,-3.2494510436712116,-4.291325907795917,-5.068409304693712,-4.208539130315185
-5.258403827455511,-5.794849510411279,-6.784653548055428,-6.307712434999189,-5.485191488516697,-4.035957588916873,-1.562101573125112,-1.7941612587625586,-3.335942941039955,-3.5885284928187215,-6.209374040545316,-3.6405194229942337,-2.646233110543534,-6.688202711668201,-4.9098009003481335,-3.184806625001661,-3.914699375503263,-4.109212832225614,-3.39347186434843,-5.249959897470435,-5.1612760638187805,-3.8744303316467543
-5.814224533915024,-6.437592965917804,-6.838550482225956,-5.6817478650486155,-4.639193786376013,-4.270016626727775,-0.9899959548208211,-3.0627147167249267,-3.722092795066151,-4.251911882948661,-6.7963564165271055,-5.923600157440792,-3.382596968241125,-5.616519566036544,-5.767903834374921,-4.041824014566969,-3.776363016180253,-3.940239422385212,-4.882904897655576,-5.255900235197228,-3.941051989523617,-3.472802788616013
-5.725701966562251,-5.887307960499471,-6.0376114839670985,-5.418682947632054,-4.106569141470292,-3.244209033874859,-2.201948324873809,-3.3881866060230847,-5.069217056751603,-6.363531200770653,-5.474857551330829,-4.34688528042388,-3.79100572877865,-7.138372953827016,-4.811792260575318,-4.2929959669590065,-4.783184899132697,-4.522245079537088,-6.76079056471296,-5.304016869117891,-5.109821843747767,-4.871262455410772
-5.804729947798438,-5.998063746734335,-5.408729235424533,-5.426313110064299,-3.9083308728260286,-3.809847536704105,-2.628586553564495,-2.803648231563601,-4.666167536886825,-6.126588463641693,-5.861985005676324,-5.53390642232526,-6.14174212271824,-6.426459630793714,-5.052019790701881,-2.9981418413129783,-5.32201723258994,-6.919048885570813,-6.386866603091048,-6.243425474216972,-6.647024418172988,-3.611487310091749
-5.924221012785821,-5.493264551873549,-5.422508593127822,-5.208158106209959,-4.048076491411833,-4.998461343985641,-2.5248127608215363,-3.04087442776597,-2.9989091200804925,-3.2443409919154518,-2.626926487939384,-4.268687434583098,-5.423244759921359,-2.6484757046964185,-2.3980655320184923,-5.171487379482136,-6.915236603635824,-7.506140023041502,-7.643872371377382,-7.544875211250027,-5.871089127566946,-2.3141281916675407
-5.707767940615737,-5.108229039280505,-5.394955582934792,-5.623240021639643,-5.381525306371744,-6.747896893722347,-2.8857115600932493,-2.806069134450547,-2.8403397387489036,-2.883353363242022,-5.083867241030326,-4.407330369543387,-3.9229516841340546,-2.953036410676288,-2.3741562206329396,-3.9335770970714066,-5.6627278220403205,-7.100482208339632,-3.3190826967135623,-3.76386547982902,-3.8430529831483944,-1.830486010407332
-5.448414055297831,-5.341127548614822,-5.921935317018588,-4.587078550901883,-5.946325353856721,-3.6245939440233745,-2.106839095393004,-3.4162296577702294,-2.700928346842303,-3.2268161172391445,-3.928924961187923,-3.795467029309713,-3.2019228244158624,-2.335222631253304,-3.225693674042877,-3.7357300621375122,-5.117255688465876,-6.873885333250853,-2.6154306813226484,-3.0189083194701443,-3.211129725674349,-1.6317124332462978
-5.90834401142572,-4.479181039640724,-3.5148527626976436,-1.5951489865790358,-2.455809950733975,-2.808772229250046,-1.8910141518940806,-3.152657308611709,-3.1505393515835047,-3.542514968155461,-3.9776730889910956,-3.4342769841539735,-3.352393419850767,-3.374979827909893,-3.884192003221186,-4.823400398951504,-4.104111941674386,-3.465745452125317,-4.550465983120001,-3.4139827170656796,-1.918091233899821,-1.5693254819006968
-1.7867914810107624,-1.8653513268708477,-2.5742743513456765,-1.916718062959714,-2.0390311159621604,-2.14145080861844,-3.2673799597113913,-3.1652586269760907,-2.1506479423664637,-2.9449875344014136,-2.4447556552403515,-2.4477856614895077,-5.130396251887343,-3.318334753228345,-4.1507881604033,-4.579736455348743,-5.140562247644936,-4.214287970558863,-4.471152175326249,-3.1370378196168205,-2.2237902670697873,-2.166759720525656
