script/wind10m.json
{"header": {"parameterCategory": 2, "parameterNumber": 2, "lo1": 3.000054539987559, "la1": 64.9999836372058, "dx": 0.5, "dy": 0.25, "nx": 34, "ny": 52, "refTime": "2025-04-28T00:00:00.000Z"}, "data":
[rows 0 to 23 of 52, columns 0 to 33 of 34]
5.084046369319423,6.156724228683608,7.53896996673942,7.251859201309612,6.919482513602992,5.991093582018586,7.068335185481613,6.515878579575489,7.5561333947100175,7.594801851661987,6.283896475197331,6.408859280696216,5.0875142421945965,4.532153922373582,1.927539982113249,-0.5320652180309728,-1.5708590238440199,-1.672221966513232,-1.274146425212225,-0.8656681830445807,-0.4042633852552219,0.234425867942464,0.06947633296710998,1.6861693116009495,3.247480841122548,1.5339362033125936,-0.759149579100171,0.9853082921759975,1.2725192210468523,0.9921224896921368,1.7697172810251993,-0.05989843911456003,-0.07264846491255837,1.385438954186
5.538497781245068,6.30743072817156,6.9168404359068365,6.297637654629836,5.7716714061883545,6.173770891525858,6.717473839565099,6.792186727179252,7.701047707523012,8.643175692054754,7.851380441751865,7.561624871464628,5.290237432635522,3.7759704565974603,3.5119157780315717,0.1884178547832906,-2.631608858556345,-1.0873683693881155,1.2152297143686264,2.8821059531464246,-0.545868225004387,0.9578014498772792,-0.6642843863503564,3.291499491854838,-0.3253831086342818,-0.24521893093763775,1.6472610576655813,-0.34815022062812734,0.8269327246487779,2.635144287415164,2.0620730030823418,1.8049816722531993,-0.4967181507090079,1.644522881530609
7.080162850653482,7.603725673713589,5.84034940448034,7.087516024393516,6.73848379806874,5.76584903795967,5.290945172165543,6.7328915879982105,8.160997428535968,8.751375353702674,9.439655846710687,7.055465032657637,6.4896920796767885,3.1977722753834104,2.8577132749036704,0.31694822496086456,1.418323764041969,-1.9092465697875718,-0.2416372080854374,-1.2297461148939253,2.4629258529003994,-0.06791787756476937,-1.2734934046437003,0.8698309053399416,1.1141163725254994,0.009814693244614342,-0.806598753993493,1.2863106504339976,1.2760862253536092,1.5767764372384383,1.8521445621642896,1.2814491977210294,1.8517161599755918,0.7294958489506131
7.255991940945832,6.699374224864549,5.557090675286127,6.147371292774665,6.240009737942474,5.992735723465465,5.135564037545843,5.848291239433502,7.7974622190322815,9.576574631954198,9.514393327775975,7.361099196035968,6.220065990723919,3.7709537815749434,3.3942550490814973,2.2610225923281537,-1.6780844310929808,-1.3831275160719143,-0.5165492349655402,-0.2966196768997499,0.2177682872180783,0.23387537387106444,-0.44165076628099276,1.2563808610333582,-0.45832445550783135,-0.09822953214269331,1.5672501316606418,-0.4533105115702661,-0.1720455696068041,1.0643914207851222,1.7904933122176614,2.2843165199424065,2.376048282267821,0.83595642986007
6.339754504305858,6.884555682988489,5.630988261216653,5.552897704814194,5.343463106377344,6.827099149954282,5.705299429625591,6.419894868161872,8.248946952977498,9.022272621001118,8.698486299911869,7.539945323826437,5.69485987938283,1.0302280753454007,-0.3517702706661716,0.34101550440327666,0.2781527100410269,-1.5568922450055978,-0.4894869357436973,3.207809027656174,1.1242248091058338,5.294956186931573,-1.0834389017815416,-0.25413749773372885,0.28452850654784173,-0.45859731143287796,-0.9338276744742584,-0.17597734456688569,-0.18765748693597462,1.1548051289158698,1.1757329783908923,1.8482881861187896,2.460848877070511,2.1307848928909086
4.913403197477053,6.344246881359959,5.37226619659658,5.480866121279774,6.482041335924301,6.907547057284184,6.664122483513796,7.376039232906963,8.377715468022389,8.343774058012157,8.48593788086455,6.225676172829491,3.078488500762728,-2.8246303987237282,-0.10639274983435157,0.08873568546093057,0.5901502903224846,-1.4127842926211067,-1.4193315790413537,-2.2353696181173177,-0.6520874000888568,-0.5051293448218686,1.1234824510955717,0.671388713715627,0.33441423758424305,0.27415056800674564,0.09264241491433012,0.02064737821404567,0.12868023864724515,1.4269914324232997,1.4135960971017614,-0.6998793985620884,-0.37498420712038155,1.7281534617824876
5.715078857339001,5.436903690762703,4.913996165962689,5.848437337419247,6.8426946446603045,6.220928746603019,7.422858739332569,8.321705876787789,8.445412826411033,7.866389204230025,5.564162699424701,2.9629878469077995,-0.16420126757056552,0.21960436951169351,-1.7832192163192744,-1.041140270262569,0.43723400677338875,-0.9393156056717266,1.28801999193713,-1.0250877137840926,0.5500999309281552,0.6011681063485294,-1.2905579386923727,-1.2645989538277658,-0.8047311258592659,-0.3908484855749186,0.8772749608050671,-0.4386116860480713,-0.42386666631008724,-0.46079312673189804,1.8783943539403425,1.2698324935996803,2.0234659658125684,-0.23464923972809318
4.923822994139591,4.54633932740533,5.366803130924489,5.894181644134781,5.595312901815127,6.376946626316954,8.188661248455135,8.50792611886585,5.9459635177095915,2.1207331938633227,1.1769263833440993,-1.6324015928273825,1.1393895661176983,3.0944439307765395,-0.9778624117716611,0.28724760009203104,0.07435507218566847,-1.0596893796531954,2.8157542987537485,0.11544055531793079,1.5726856113345455,0.9305003445567492,0.35823224847194274,-0.13729504003069845,0.18367619720006226,-0.5357213848063741,-0.023010709255562378,1.1097616043060676,1.2439517429227067,0.5718164433784912,1.570433663811014,-0.6031509079124775,2.367997815508936,4.554348376495361
3.644281196299774,4.668005428076396,4.957700488340336,4.596509525638176,5.005083141963662,6.492956287223378,7.5241503357177955,6.164569277210578,2.0839255984729057,1.4054149247134315,-1.4198397933671298,-0.5495696819496713,-0.1727704184317984,-1.8813048174036409,-0.7187118039006236,-0.7029105895433412,1.0599129167932744,3.9053369373211027,-0.8004494817520015,-2.0666590616141693,4.165345556096264,1.9740262009705616,0.8486947839976952,-0.1248209130314905,-1.5771526208460491,-2.0943235074046256,0.20684578534763642,0.5090849595922642,0.26378291342471866,1.0544728760235358,-0.2317284995691378,1.5675393370124997,3.1479820655804076,4.0455017806649085
4.1770282744284275,3.9776352532586077,3.1715024845985225,3.1203456745082745,5.193530950534943,6.185342770437883,5.482785565919595,1.6240118493326525,-0.5102429016274853,-0.24337240707288887,-0.6237163448543839,-0.10943286642520697,0.31373164009193877,1.9365044890300935,-2.2219740016349525,1.0337600644327798,1.3011304841173648,-0.11449831912776393,-0.2360299489866898,0.6259944122181044,2.400933855827925,0.5792122110110545,0.9463100807129919,0.4952923545156126,-0.33241466959603927,-2.026317372630422,-0.6990939409548262,-0.8154428051371937,-1.128037411530272,0.30764006672392125,-0.05533463416490315,1.074529123328849,2.3524092301898416,2.6570349035640493
3.7894806776227763,2.518217532905278,1.277028980294582,3.227484182098951,4.619986603274449,2.995948992258331,1.4578455012301375,-0.9235087987563477,3.783277225245488,1.0214011465462511,3.1268095736769324,-2.578246797394058,1.7419025226405542,5.8876051988981715,5.2541267103521365,-0.8837619932081389,1.4822694625581134,0.062188208505002444,1.234611191834257,1.044992793161316,1.5419522530880758,0.3059251431048659,2.8444037858748192,-0.008953691512003172,-1.0144897132059447,0.6607247907017447,0.019787432940419812,-2.218673707337353,0.4751841056201655,-0.9261325050941175,-0.8360351756438316,-0.14718093698809073,0.11670453169826848,1.146163775864364
2.339456821963683,1.3154745776642789,1.6050001844369663,2.05814885871233,1.8661113742084405,-0.8424081646227438,-3.999237889613244,-3.3725159931718105,-1.7321169856661331,1.5365006454139583,2.3536641752734346,4.743635990622499,0.47256552242399213,2.1311276470491993,3.844969365353309,2.1165419219876984,-0.6008382082702521,4.69528326722427,-0.5490769518473477,1.9057329920538086,2.0771505215312405,2.789722465272121,-0.2947701733598217,1.952461149359173,0.7555139702977594,-1.181103243987713,-0.37412709329951194,-0.2909053833901092,0.06852868546559979,-0.13736074182452435,-0.7428827379662727,-0.6953225466304175,0.8498144003494472,1.2571786916662633
1.3476904228779258,1.5320863226054466,1.0559714842921328,-0.05041230329738426,0.7707394989299049,-0.7083061035247001,0.8185025724534144,0.35796658509865614,-0.6435714240215976,3.6564446332698073,4.935266265803883,0.5994631327170956,1.5541325587715462,1.738297007718152,-2.2371892794849693,1.0826165675639774,-0.08839169565800857,3.5848575203586175,1.3550908246010973,0.41339864918554015,1.100794051564776,1.0239354900143935,2.463061595136953,2.2213803507430967,1.6534875094689179,-1.0163715007454375,-0.48747827551319056,-1.4279537206381778,0.28262269678230384,-0.8074414637365207,-0.26511647761788154,1.1403603174464563,0.16468189971503805,0.35773502863064477
3.758204729875298,1.1265083569636436,0.5660419736181775,-0.8956197766851638,0.6627812025735057,-0.7079752911337317,4.77326738324168,-0.19273423404689413,-1.618530331347574,1.1674233816356556,3.290578842089064,6.5054841160005585,-0.8123352309971826,0.35857941558776507,-0.9078992875376098,1.8526067163798452,3.1429550506945505,1.2594588746405366,1.6552613276680235,2.100903213476182,-0.5017936149974153,1.510448421932176,2.8687364052424535,2.494686435699563,1.6211117861321944,1.4639928401431617,1.4544870130161789,1.2676341740125017,0.24946697750453045,-1.2482822775269378,-0.5648239604612936,-1.8226608155777357,-1.4127982176718086,-0.49514041517240925
1.3482323838020047,1.2489112055449005,0.0660794588287543,-1.1535423611904563,-0.27090311811637857,-1.1437196096727134,-0.7361454057507754,2.2886203306443504,-1.2704890565975393,3.7869572116195793,-2.528055705082143,7.481347981411886,10.625037184175522,1.3472866681436102,-0.31962853642049976,1.8692417563595065,0.7977620813850188,1.0473281045337448,1.6903544335217755,-0.971248650565656,-0.9557486366025276,1.079794866176378,-0.2947345587539061,2.2753613743064456,2.12304753469383,1.1088009533088392,-0.9949078659038505,2.5836384575135027,-0.18005228981387444,0.7899922436215077,1.5311140275688162,3.1994421800342607,1.410141101920675,-1.434789147449519
0.983518587968851,0.8669491674346382,0.6634209903143101,-1.0735153390452197,-1.3332595163017271,-1.2012236820964624,0.39259266087986205,1.1643020207912858,-0.6962381594587947,2.25257078034766,1.9593321866528464,5.981562517359755,-0.03899380349915007,2.5305329639674627,-0.6429418537903353,0.7261734729771883,5.072467995580069,-1.0407961464990465,0.4496227960957579,1.0052781263016,3.1061326763791706,0.6697545006439307,-0.6006204859295676,2.6521388148453853,-0.04413803419428944,1.6697660145538415,2.7452117710464283,0.913394414623602,-0.009669401623605618,1.4241892281291126,3.5164983177691185,5.263949807442138,7.193008445062365,3.013028103152531
1.6786951483685937,1.3200285981157274,0.5473093232182964,-1.1135519235364282,-1.5053651192351727,-1.6224386287309218,0.6870643658336852,0.21169065867101033,-0.2645603014283117,2.5554322462504446,3.7046444361483273,8.934905124827203,1.5002043192645442,0.5353325587529277,0.8711504739482011,-1.414893189501693,0.383169833485339,-1.1564860100277154,2.552609557593865,0.40301751854371115,1.731593332665505,0.5241259881038833,0.5673498559309563,0.93602796866061,1.3970054357166124,1.1176197619209354,2.6204206500916296,2.1838592130570524,1.3462621676516477,3.6815180683363016,5.269455845002304,6.603093718809377,6.009123653246954,7.524425758624098
1.890971998064949,1.6294395102737944,0.9534124815122483,-1.07624605356063,-0.3409835984667259,-0.377556445926388,-0.16246200847880785,-1.0338068714292503,7.199797156580779,10.217124089491755,-1.8166412076393026,2.5364662516142986,-0.08903690634747385,3.80311426276712,1.5952461337131643,1.7801227258460783,3.070391676414653,0.9983523409610116,0.6009852407385976,1.107235588580171,0.6003535719689798,0.7109239392770323,1.421210936705673,1.929933088124643,-0.5918257650414966,1.9647606394994832,2.2556490557450988,2.8938317418652586,1.8527373108985452,3.9991944606392886,4.925295354564311,5.451885065214114,6.72476988367429,6.9780935862517355
2.0721602560733525,1.1060052172925707,1.0129238876093594,-0.33616878585120885,-0.40704256852564474,-1.3546396962733034,2.7110686573294798,1.9541676702852813,-0.41820867486727253,6.984473151195744,3.87314773816774,-1.401134714905121,3.9601414187952244,0.6602468412594634,0.4820845114752224,-0.08263608434812712,-0.2438221049543778,1.1328892977778193,-0.7634665233696223,-0.6583375487176099,0.4083401359598958,1.391903267131959,1.7519780886507703,1.3891782620476938,1.313967828353027,2.2568693288059887,1.7234782205231634,2.489532959982442,1.2944852402348763,2.2901296104013618,3.1879564196736134,5.839086370981212,5.596401990325902,6.29159183520581
2.922106291459698,2.4801993542721243,1.2781493930255179,0.08874821018580802,-0.047488011975769004,-0.9363227037209643,-0.05647970832137757,7.220856503458377,6.423881017895882,5.9887681148022835,3.9370810791744644,5.6789002392462775,-0.8615242630704133,10.25414465623758,-0.1069838891490422,1.3968632686440148,-0.05030136031836682,-0.7292481197538473,1.3357236559359884,0.11114395799076512,1.0877789070553139,-0.5534253882701893,1.6362716011645708,2.419438955846506,1.3757736590861687,1.3448809651874685,2.4228204636746713,1.199386088206115,2.089432648413882,2.108903387668755,2.473864884376599,2.4270881694202626,6.404126909410866,2.3012979229569597
3.0285684417301058,2.5622574251778665,1.9673079102194522,0.9471909599632029,-0.9283201355559257,-2.3025700738816677,-2.6343593137015797,0.8804367239480456,3.79289894164025,7.778666182796187,2.9580181273350625,5.050632457656499,4.277377235305839,-0.04053762730500775,1.9912299368974355,-0.24595710209017585,0.23998850248091616,-0.03856704256630143,1.7010895116500602,0.5826306346193779,2.1210735811023675,0.6580658542023611,0.928324219131377,1.9050872730395103,1.706138933023314,3.519213909165668,2.3381154914419127,2.7260156042255987,2.048866060937104,3.33369783673043,3.095295304479095,2.8556540044697356,5.393094531158246,5.047206157075802
3.1602715574976803,2.6474340312359246,2.5383241496553506,1.89178229659789,-1.4382458485352136,-0.572498318810834,-1.4356779427050745,1.3575167826329222,6.709962179138641,0.7709755203269865,1.392883681528927,5.718731938047588,-0.6965124878435323,4.875570842340407,1.8878059078998377,-0.8575665591045606,0.06749884844258171,0.3006055402333655,2.078345761247181,-0.026729337729315447,2.083346083898483,-0.7289480280455499,1.597941324429345,1.7601602391245292,3.256165412361823,2.672626625670288,2.917673576652109,2.8471206258556543,3.7723943218058285,2.994116111639936,2.9512394859802296,3.065211819616776,1.7184888064561743,5.945073726388673
3.9656573883080317,3.49501990272646,2.6818250077477916,1.888259130559457,-0.6941410971835715,-1.6594463538296618,-1.127496957349864,3.052303218493458,6.062410422592523,5.52792255347314,-0.1490597668334795,1.900448680502328,5.277112983755481,0.1870422436915652,1.2377425640727928,1.6256578411272455,-0.05680849334011156,1.3680568095227363,1.366542201594169,3.8816807631817944,1.0752078697660248,1.5129468487430209,0.45711885898880233,1.6942858985800238,4.474266397674773,3.157319508949815,3.7214964707839737,5.902207450631982,3.6374037117117024,3.7611805131684872,3.949832724254898,3.5809040927612354,5.4888843951927555,5.776772731865756
4.56690837062867,3.7691472266445616,3.1846287855333673,2.2388889481826824,-0.7555681665677366,1.0941301505112313,0.33834723802623606,1.769598724569817,2.4229171155024805,-1.6072852503184358,0.9964528035090603,-1.4968641583841296,0.9020297952007572,0.9764524437379855,2.9696468032505936,2.482542904661454,0.9007373065650565,1.5689880873174737,1.6196039715796522,2.7970060824318757,1.9141434676741236,4.893467548633615,1.8304984258020394,2.5484099586999367,2.8792547274383335,3.811107770854877,7.013929055634939,3.3162697248696205,2.912132862806945,3.436416328300082,3.253055644750439,2.2550466498973494,4.050153029797953,6.636086678425815
