script/wind250m.json
{"header": {"parameterCategory": 2, "parameterNumber": 2, "lo1": 3.000054539987559, "la1": 64.9999836372058, "dx": 0.5, "dy": 0.25, "nx": 34, "ny": 52, "refTime": "2026-04-08T02:00:00.000Z"}, "data":
[rows 0 to 23 of 52, columns 0 to 33 of 34]
-4.1266166591507805,-4.329326162781973,-4.5987757175478094,-4.7057055880681125,-3.887399174169295,-3.22286786526488,-3.0867578410750918,-4.018899356111778,-4.990905296270301,-6.368647704598186,-6.138121474623737,-6.6670271567787225,-7.512695123014157,-6.620116744322772,-6.211931330785984,-7.835157170809141,-7.052429289366318,-9.180158802276145,-7.5422397435373565,-7.949313947404487,-6.089818033142979,-3.1058020666769663,-7.645652562340061,-7.6569246302773335,-6.784652361166938,-5.162685076848885,-6.680171502597496,-7.602050867781318,-6.3822412854093455,-6.768974275485657,-7.968681259116457,-7.036940796776362,-7.008640722719921,-4.591383687808804
-3.380904715672459,-3.6830976834018303,-3.81751373296421,-3.5734197753617245,-1.9810443954514478,-0.8417737945727864,-0.6155673603726538,-0.7810556697280765,-3.550894453660727,-5.472491107519431,-5.6368419899959665,-6.147702588799582,-7.780020619733845,-6.064757092916623,-6.4798721015363,-7.134589582192965,-8.158648211003904,-9.567526222659303,-12.20224140049159,-7.608267009848752,-10.899045425921635,-9.492096203360433,-5.470734299392866,-8.716029268135106,-5.381707288666483,-7.558545163861238,-6.182749167842503,-8.563346389459625,-8.29024708040724,-7.648751858070535,-6.818005741767568,-5.634627926276569,-5.740340820945763,-5.9125632713807645
-2.607569979366951,-2.548788133829308,-2.9507985098965586,-2.930414257845137,-1.3666726313894364,0.23509169048131678,0.6819790753881646,1.283030747944616,0.8677995232602767,-2.119957870360838,-4.762944797172885,-5.299860358794793,-6.876657505814185,-6.835715517123336,-5.714547462456543,-6.180833441300186,-9.417325986210532,-9.779642899382969,-6.364094926156311,-8.050518180365644,-9.014431929779043,-5.02046920465001,-8.64147502447071,-7.346900991297279,-9.37227261266145,-7.358124943772996,-9.141244236663281,-6.372093800192539,-7.909372976455589,-6.805471611356689,-5.94144725271892,-5.146120397034594,-5.533155561422901,-6.023375722214444
-1.0526028630144624,-0.8392426828808714,-1.7993675581623512,-1.7308983082155087,-0.8661306532914442,1.0329248430605793,2.6155963955418273,1.7471333405933605,2.3279190726429984,2.2822452658072963,-0.1199059519842618,-3.8647863595310508,-6.5178739305328035,-5.861771235078164,-5.589412353795762,-7.479986489591485,-8.586932797918122,-8.999857763902222,-7.302463564138197,-6.1936169243880865,-7.792990405924113,-9.097936278085013,-5.266147156681279,-7.655864932639062,-5.625887590018924,-6.07081277125545,-7.048991334509976,-8.308303306813869,-9.32240152664377,-6.022690950047102,-5.34966832064069,-5.557808922512784,-4.9935766387209615,-4.800655323229368
0.11639149948963307,0.15917984615726924,0.0870241490159812,-0.5134690806011373,0.3067609277881166,1.725244046224271,3.984284295792165,3.825591209672081,3.2696019598885924,3.5351945676486296,4.316911004009308,1.3961541652289366,-6.2057398779212765,-5.868990049570225,-8.83424937740867,-8.37826677955102,-5.157333903126043,-7.473498971299069,-7.365167564791354,-7.85180554573162,-6.777765870917924,-6.848167951317497,-5.224121339458139,-8.72372700955415,-6.863459777462719,-6.755582902834273,-6.58831689029468,-8.638396639877609,-8.141869956476846,-6.420547606721216,-5.290541328037786,-6.16349616616405,-4.686611654294873,-5.1684069048963694
0.7254726309735144,1.1039296905520943,1.3088841317385138,1.0722334896613892,1.785989060965473,2.6386363132204176,4.128570342849128,3.6446454684176146,3.5390035709393293,4.405959864551539,5.146053488751543,3.9909881147920463,-2.6235277705245195,-9.738850235936498,-4.055952602459139,-6.571458652851648,-4.151773168422351,-5.654609256180136,-8.251107669927105,-7.753878250393052,-7.771050559842483,-7.713270883138428,-6.694045174028307,-6.496300783602185,-6.890022974707592,-5.388746572528908,-5.095762243624575,-6.789269470848979,-5.857188756341853,-6.17733607819797,-6.29027660708787,-5.243637655123012,-4.172655684387053,-5.542691568401009
1.4262936739745031,1.8719719012104439,2.005155937274529,2.431458082461995,3.2902852627918526,3.8429400182819275,5.094212881886384,4.9244755521343775,3.2745142004862,4.30988813215327,4.814554061316328,4.7724451405294275,-1.342589880343498,-3.503472350760539,-6.3114900573901265,-4.006463163555926,-4.318403869560001,-6.129593966756894,-5.105909474485703,-5.685851683809352,-6.585734319190157,-5.414148142059206,-6.500880949029412,-5.870234973433795,-6.001355395433519,-5.941823314171189,-5.829866753984492,-4.62291257893464,-7.382708241909062,-6.773787429310068,-5.242239972987587,-5.420907621257674,-6.081931382661356,-5.880827892482178
1.5768901666557809,2.2528669563901356,2.741666516006725,4.097073450152482,4.658831048641758,5.09615741172736,5.067986648262829,3.573677104127726,2.563904322100038,3.8386528947316636,2.9213825786099408,-1.2290980840329584,0.5696966147176499,-0.08862531761092393,-4.140104949502886,-1.3007330481911488,-4.506841024203691,-3.3518939209252427,-2.493633346129612,-1.1720721178004276,-2.413221247357059,-4.9687967998900975,-3.22784166176254,-4.725399206961168,-4.072333977032892,-4.723181105188862,-5.853651914075585,-5.184084045373417,-5.25078208120704,-5.295039986879968,-7.520675145078963,-4.969333685391982,-8.347998019036359,-8.751623603778691
1.528522623236175,2.84868117441527,3.0130749512349735,4.279066536838776,5.275611099428804,5.2429151378685654,3.7636036599867184,2.5433822627263063,1.8818111051711015,2.982624272940908,-0.5524266708543236,-1.1233496668625582,-0.3141434889210753,0.5347494490395683,0.9381799179769178,-2.596025061733521,-4.934894255214315,2.4139300169402507,-6.177520527440454,-5.133543888458323,-2.901917411249011,-1.3763453213453545,-3.5449710167698734,-3.4806846990228117,-3.421231972569205,-3.541582746613255,-5.213507036104843,-5.004741872064242,-4.273347114670676,-3.881739989513636,-9.165137980153636,-6.367223884572397,-9.953138206140544,-10.041024766474322
1.2614388595140094,2.5203717359362523,2.773702178164832,3.9854679848369963,5.199585688459399,4.646396733792242,1.6364382837209388,0.8291156734149077,2.149593206406685,-1.5467393096380844,-0.6347552633068595,-0.5414576333504135,1.5754829078294206,3.3544641587353063,-2.9580329246556767,2.789488308879812,0.5944017115818842,-3.271372632446397,-4.5924671169793,-2.0862340270992887,-1.7077759808083641,-4.006786216159014,-2.2481636787602906,-1.7081263266586246,-3.421298941215159,-3.4335821259084423,-4.535805950347774,-4.922980955400818,-7.55020962444682,-7.50603673312858,-5.0879586437206346,-9.043440049596166,-11.126798019037643,-10.036446421627222
1.0096100281859277,1.5325778027812273,2.259067951716791,3.128955187572878,3.8006005666320215,2.364731287416161,0.40287333317366125,-0.1977749665695533,3.657928404821189,-0.8210821980550348,2.6676775778945085,-5.613660031281057,1.135892616678415,8.382537224676863,6.115836182822935,-1.3342759299548326,0.5460482293797699,-2.60534456858193,-2.4010827418196112,-2.3246005126556475,-1.6361709708023344,-2.020676828778635,-1.7675123608980556,-1.8911336605472702,-0.9912057261058894,-1.8553654805035376,-1.2785782728603303,-5.366815561148953,-4.699469973914124,-5.893090471127251,-6.772624822600916,-9.110271512899752,-10.102109840437807,-10.859417119620733
0.5578967789167192,0.5095025807030482,1.3100967748118078,1.6815668381166973,2.5865086646420115,0.5037311312891452,-1.3109124671212093,-3.0687411322200187,-1.145995985939005,3.8923156531225582,-0.6959763926603207,0.42347241201589947,1.5203592083581658,2.3667633311244742,3.6606087305881356,0.8647236656517957,-0.362667142552693,1.155540072933413,-0.06062946631831169,-1.2169238282227246,-0.9186659901112644,-1.3499625351846556,-1.3997133929927632,-1.3501060351105323,-2.145900910688175,-2.3395208429133367,-4.039908019388337,-6.701726730395954,-5.7252818931012195,-5.192931538931762,-7.431217858842686,-8.992215473215765,-6.582683977096737,-10.586578326623327
-0.1772132168865343,-0.5514752346701222,-0.09161941261723998,-0.04701180745363857,2.1767239426933758,-0.4007358280363148,0.2741136599216299,0.12713339652491498,0.2350573939005854,-0.6005003556575736,0.8223668321476881,3.609811544342399,0.25434121336260507,3.1171371864045,0.25367771794516764,5.443677512547946,-0.12698913967152758,-0.9743482516160791,-2.091087566515282,-1.4777828881750985,-0.538794843896895,-1.1675719347248499,-1.0133792511006672,-2.8191558826402052,-1.336879946740801,-1.5436861811768035,-4.6319178482042584,-6.506747545443011,-5.8900974725475015,-5.531768559769042,-6.733632675460227,-7.407819144581622,-7.072623889653445,-8.987839497270214
-0.8301463765908386,-1.2453732117276193,-1.1310837681432977,-2.0361060635225496,0.3424644440732121,0.28380851854835687,8.164235112931236,-0.2167024594997789,2.7027041849601066,5.0657534034966964,5.3529654393327375,5.004568237631132,-0.7240630389635289,-4.137969780066514,1.2168066619568751,2.3864707958094664,0.1477136167313222,-1.9094022183534605,-0.4767884828789317,-1.3112512319694745,-1.5356118908436966,-0.9056897809288188,-0.831301307158249,-1.1712950540387148,-1.6123833678225208,-3.196801906801939,-4.697714770569367,-5.4373083522912555,-5.468871028363874,-5.150451026293253,-6.478398381336717,-5.926873822941308,-7.13245864131662,-8.250499834761307
-0.7938663095039545,-1.293865463660812,-1.5362333716075405,-2.3006950651036866,-2.016853114574659,-1.4306121178580253,-3.1876483211142537,3.6142958441868767,-0.26882587020573107,1.2419299272110116,-1.6595821262135242,2.712254001147671,3.350248370033016,3.1129336569452053,0.0010654288797046342,1.4636991236421881,-0.25685321222093116,-1.9904736673638181,-1.7712519199265497,-2.026141286402949,-0.7487728653161391,-0.832420208828565,-0.020845365042740916,-1.5876937492541343,-2.5714357379817945,-2.162008513303944,-5.095356162535192,-6.211361975037642,-4.545476074911992,-5.665676944682383,-5.96511803712662,-5.637626737362323,-6.8402049411542585,-8.733817570509228
-0.9420036146643643,-1.224717185214416,-1.1928653824178213,-1.210661161819378,-2.1734218799941614,-4.268389799243035,-2.6958877522380416,0.7932016886566957,-1.9154680615626178,-2.3289422297161924,-4.076759611383951,0.8566614297569946,-0.23337935658536688,1.460929855236561,-2.6445594986861423,0.47804831343177356,-0.8305935105616733,-1.6672539643443278,-3.2551960661234194,-3.30834944622708,-1.5042929943203378,-2.6235995885955465,-1.7565198950428171,-1.8689775730645977,-3.459142631918099,-3.0833182057545616,-4.342955397023809,-2.711432758930934,-4.044636056198479,-5.023445088081449,-5.151355591592015,-5.162811817880911,-7.248176810561045,-8.625739248522105
-1.1257977215577495,-1.0261323087155307,-1.1885098166804857,-1.4191849966067083,-3.1920255560381903,-1.4313027188096161,-1.1144564524270117,0.3512221146256594,-1.0670829726792879,2.0905755150330774,-0.3741322658133419,3.6619566182677676,1.8434245353209548,-1.7861035646838335,-1.0572847124080318,-0.628239190168178,-1.6029134412299848,-1.2472982141974207,-3.3449717202499154,-3.252393964339608,-3.179562584225265,-3.2574936314887766,-1.684730001244768,-2.7568233068126307,-2.7783650547398095,-1.6990120841280945,-4.081050123489759,-4.425870039176675,-3.8408275932740508,-4.7610919456111604,-5.219129929217765,-4.56289314823943,-5.916995228236506,-8.933621648024696
-1.123137344605511,-0.74619243645216,-0.5965257189941169,-1.3807350842614659,-2.2520324506999816,-2.8917640019189723,0.6324874155510606,-0.6432659555325746,1.4564181288469251,1.0005172212539484,-2.1951861323977533,1.937055742744175,0.9172952326412748,-0.5336588226492458,-1.3556679923787038,-2.225211282532924,-1.530426942714598,-2.60964806658943,-3.6945306210304065,-3.5573878319065475,-2.2719148127849444,-3.2030038714019575,-2.107526378660353,-2.4117526607607997,-1.5948641070153384,-3.7196754619309234,-6.17889820903304,-4.5758506301105575,-3.82470731427202,-3.987551566988914,-4.620320908674483,-4.266830623427305,-5.748814138321432,-8.952464968793837
-1.2381294807936347,-0.6293820039246378,-0.33351018946721295,-1.1229067483551112,-1.798895049926893,-2.3324214693059697,2.220394493576853,-3.0517615542986163,-8.401465612288776,0.8553287475998638,3.6651664013719083,0.7129320199728154,2.6886879466998246,-0.5523231242138598,-0.7831587652671311,-1.3196763951326809,-1.847057064624619,-2.3546813112689478,-0.8436231415024531,-3.4430938898979977,-3.6170776019856374,-2.6955676686443475,-2.2405534276271597,-2.8378746661649967,-4.1444936925746205,-5.0661092695810845,-6.405325204916622,-5.010029514340165,-4.289612283497802,-2.748563278843803,-2.06762821233304,-3.703744936485259,-5.607233527027664,-8.674213193064347
-1.3428604577269871,-0.7929879605895226,-0.5049398282922638,-0.9038150467983637,-1.778385181436473,-2.5226028530990368,0.40954938327487866,-0.06814219395394114,2.418936168687251,2.4144121563023666,2.5716541959793235,3.20029897296673,-1.2646111375090145,0.6160681932785583,-1.343736274336812,-1.544649629912818,-2.6565855670892713,-4.394836818808369,-4.01259682232276,-4.489814971271625,-3.4666952581646706,-3.2482784466995334,-3.4609203859569075,-3.296528196188651,-4.300044817374513,-5.671509979315304,-3.9902565776592427,-6.1363794094019335,-3.0971782973737367,-2.4026808136942313,-1.5002701028359935,-0.6480379503118557,-1.639342859905971,-3.294657843332998
-1.5057773377562937,-1.1162705719230637,-0.47820044137231676,-1.4420078598016794,-1.0174285883765113,-3.86073933727117,0.2214335391603455,-0.2670055782749197,1.2012807646224835,1.715457636705016,1.9508908803748843,1.5243648513495105,0.9214070974535927,-1.461506181031024,-2.1407455937181887,-2.450484753058848,-3.455599263512881,-4.192696941061616,-4.120047284749778,-4.843507667658742,-4.753739435566748,-4.063737790118472,-4.28076172630648,-3.805701144560883,-4.7398556052572,-5.945358275944682,-5.3470023421742825,-4.817517213884449,-2.462803538287171,-1.4945564762721886,-0.9605079833899879,-0.3317898607983488,0.752373591130478,-1.877476725362196
-1.4036335893546912,-1.359806660054424,-0.25653898439880957,-2.3829006711446783,-2.9816900408318294,-1.6914637221622115,-3.7238940049650613,-1.1808333210056705,-0.12963201591519813,-1.6528279790291733,0.9164680265244755,1.0024434036167418,-0.4641043541610662,-0.6859483308456369,-1.2195278126382496,-2.3201264480777057,-3.3966968442357213,-4.06957948848935,-4.599600649951386,-3.0907419006811296,-3.4763040201581847,-1.4410764726322192,-3.328000177681932,-3.761886386366041,-4.816887454582058,-5.2834064338802165,-5.432095706905701,-2.958110350146607,-1.9987631011965148,-1.1346192675246112,-0.7248759000070583,0.13730823957874191,0.7728757296647903,0.19650868495116788
-1.3609315940184392,-1.062981840730406,-0.30676002366656235,-3.129409289903413,-3.831004111752614,-5.326039322700313,-3.1885631197060724,-1.677004214927944,0.05858996725604075,0.5361399032780246,-0.4748714262024453,0.336060363665186,0.5031466658806018,-0.7489347308974355,-0.9051694114282424,-2.728092845995931,-2.7792835753840195,-3.611198177768273,-3.681525022552527,-3.685557547873671,-0.8839263379112724,-2.741599738448157,-3.936456238185626,-3.2812514315208205,-5.7243222003605965,-4.920382585697311,-4.060421817456116,-2.1313469524394955,-1.3195354129109769,-0.7813422182207029,0.13190815927263974,0.3084889369853394,0.45422596509111984,0.9190103072019333
-1.024309346046816,-0.9055205019718378,-0.7628931778596337,-2.085339655338959,-3.9036212089415705,-4.0619436965220865,-1.4305802062891488,-3.510544442759784,-1.0133342068165387,-0.8697770148118786,0.11489466157968488,-0.09088615060962293,0.7428060239425267,-0.8122797230824211,-2.997816228569007,-3.1225730569908317,-2.6972421443894947,-3.6554162476818135,-3.141909989252439,-4.689605900354809,-1.085496746833669,-1.9357306969290295,-0.42759115513264184,-1.9376035758383,-4.837700733167827,-3.68708971699307,-3.752629569217898,-1.6616949414923534,-0.26983156879538595,0.5112375190215649,0.9981159879008453,1.148315888898861,0.19508941585266787,0.1327076241082573
