script/wind100m.json
{"header": {"parameterCategory": 2, "parameterNumber": 3, "lo1": 3.000054539987559, "la1": 64.9999836372058, "dx": 0.5, "dy": 0.25, "nx": 34, "ny": 52, "refTime": "2026-01-26T21:00:00.000Z"}, "data":
[rows 24 to 47 of 52, columns 0 to 33 of 34]
8.789302596720264,8.054404730232164,5.240572677250018,3.0892565900110793,-0.2110163507264882,-0.30627849762640197,0.012583192476011529,8.493469171080994,-2.870393527235635,-4.239708642052772,-5.244630238127895,-4.124692649891886,-6.6117298804600475,-6.344158662464727,-7.448785940583302,-6.98001516496487,-5.541699632638864,-3.8740005351070153,-4.096790472025882,-4.775591371672954,-3.744764679082701,-3.418951969592388,-2.3243931615830378,-2.8058401382061575,-3.4100519306229256,-3.4553055633643526,-4.119387693281058,-4.460760880943714,-4.389928141650175,-5.659281787022243,-6.067796854513468,-5.2917100852001875,-4.149168728615581,-3.474914416968948
8.245753202250802,8.310624811078199,6.882571395466964,4.07809782641595,1.9343634309949025,-0.1838628278273104,-0.6846805703665778,-4.438559426496503,-5.371701290706869,-5.079308969303229,-4.442140152744012,-6.263250311450291,-7.758416613304578,-8.94370915839995,-7.769300613348869,-6.192276086966357,-5.179675478506877,-3.856717974217406,-4.513881698511006,-6.592644966987376,-4.01823149710228,-3.538529366463309,-3.0589946783382818,-3.2618670464365955,-3.649098652202639,-5.615213090923793,-5.6478279696329095,-6.3101986380905375,-7.467613396386001,-7.848961052678006,-6.868231538762453,-3.818070539507033,-3.803738724807179,-3.3312822866432454
6.93276882988425,7.363865659027702,7.086619206568798,5.220722776495185,3.2882234808517805,0.20135485313991183,0.0384135103582737,-1.1094758850711361,-3.196910358155258,-6.370435263528424,-6.307294944494905,-6.196233782950389,-10.698350000570663,-7.261523043299444,-6.762050445478088,-5.313191792099948,-5.933719472767117,-4.534205632669869,-4.539104119279087,-6.014337506029883,-3.9148956082280746,-2.6248782786666958,-1.981006980559033,-5.636843540483183,-5.023576992066298,-5.622720759598783,-5.242985359924619,-5.307098108649829,-8.360040507970274,-8.038784731274557,-4.6528415507981435,-4.565920791938725,-4.0310105187132255,-3.913633409556062
5.9881785026396095,5.720038169246663,5.537183513550451,5.335007121152603,3.9037632068892543,2.534687805887022,1.4114351085163164,-0.9972366709841011,-1.7371198315813194,-5.117961025936424,-6.176406848588499,-11.677198758645243,-5.746182584774922,-5.7240181916777555,-7.059471564467836,-7.655221250228098,-9.190447840773462,-4.943180526172058,-4.250589148148827,-4.320680792026598,-6.170917541372259,-3.575907906521909,-4.7525641841832575,-5.563650103694915,-3.848334785639328,-3.929775087439698,-3.8412397293145886,-4.527556247991227,-6.337833507320095,-4.230772386374485,-4.026247579377619,-3.1129686871539812,-3.334413349520427,-3.7948893975538174
5.320864869674626,4.818869738955743,4.614108886977223,3.9389912348640763,2.446050891996452,0.7804247337570631,-1.1072258193423457,-3.1899297877079613,-4.4181311866255575,-6.867104516344008,-11.129414383055753,-5.972811964464103,-4.300120834801426,-4.971176880154315,-6.182742698685075,-6.958449156368052,-7.2899798591645135,-5.9437885215869475,-5.380615743871924,-5.00286264258264,-3.6893117226835184,-3.8403730180270736,-4.505161508463398,-2.9927418425120997,-4.464337728175486,-4.414177129028808,-5.419345122342619,-5.378278137117015,-4.580087329131754,-4.0050060386068225,-3.3687013280164635,-3.0887533765742714,-2.49829129420258,-3.122753196858561
4.410171280093336,3.5486592010788525,2.933985112309493,2.004144849618886,1.1830366782336998,0.0006627243438316223,-1.5164826044210027,-3.514419254731126,-6.334842442450943,-4.091091016983281,-4.53927446730492,-4.458759320066061,-3.316923921433432,-4.27330053092625,-5.233800337535824,-5.948372352210927,-7.174765213452324,-6.880991161689577,-5.296090688457739,-4.538282093655679,-4.191520096600379,-3.827980629957814,-5.7448099028246995,-3.777658771361973,-4.2024758786992855,-4.608410575438681,-3.097040766989146,-3.9692695462281202,-5.549117692079028,-4.865269834279412,-3.0095192745466486,-2.6445069858808465,-4.082435161576889,-4.1397549762664045
2.1235074909623917,1.431623973276997,0.6647300053201064,3.2496465793267864,2.2356192628219813,1.497676551526801,0.5816237223186761,-0.47341673509734394,-1.959334002373092,-2.50719735980559,-2.6941092507155497,-2.622081069894856,-0.8477275283059927,-3.7293170679255976,-5.728987842018271,-6.518930225631113,-7.676995672323393,-8.462129776466888,-5.780626353648361,-4.6321479887520685,-3.1445288723543094,-2.8532142605386603,-3.692109841671488,-3.420353809451679,-2.4110746494052595,-2.8630640198111545,-3.3885730850892455,-3.9979321975420907,-3.6429334397441955,-4.437085925093864,-3.5307872379814116,-3.1378854575805484,-3.8777303479043876,-3.54183123614088
2.7358209308221673,2.2592103719525114,2.504082388544636,2.5604254808350806,1.858096297755049,2.0160328785361243,1.996532612792541,1.8316315233870128,-0.04016504775693848,-1.5103628584243673,-1.7591876089632368,-1.5662554020835624,-0.9741290985999326,-3.9959887432490917,-4.158241185343125,-6.151768464564318,-5.2827059421991915,-8.384589103760089,-7.735555018270993,-4.1185831898037994,-3.998757825695632,-3.473618313321392,-2.81672840314604,-2.1953896983743983,-3.261883773318596,-2.497154996437238,-2.9008153660177443,-5.3930281182478,-5.313382786282421,-5.116624430463772,-4.152947354787216,-4.193644036967686,-4.608618373424147,-4.295526919331842
3.05896616192242,3.016539129216874,3.297197292371192,2.88861125008599,2.528491615781114,1.6434497529164307,1.1764268153218913,1.000451943999626,-0.5661590121066723,-1.2449533664412606,-1.5614156556819874,-2.769627631831011,-4.912893327311088,-4.024884370008732,-3.6062884614072157,-5.6229565244531825,-6.648655004791062,-7.421249940608826,-7.298077419799304,-5.1887190293334395,-3.9968238870669444,-3.050018582101067,-2.4590342198963446,-2.5927053852279496,-3.1831921252986803,-3.767755830545241,-4.59526759687268,-6.596706420862525,-6.230424410008198,-5.735031335451069,-4.428053413357958,-4.784833840778687,-4.300691192335929,-3.406517851411056
3.0912222227374606,2.334557607617249,2.076611226388456,2.1795585959894224,1.8343872702202144,0.7872750658030391,1.3118464012532334,0.4415373378196916,-0.636618822834861,-2.6268889518089398,-4.131970434957251,-4.757229183439489,-5.041285094895654,-5.606263523671477,-3.534016124996403,-5.263116303783653,-6.699086112864818,-7.212231757145144,-7.746280499948526,-5.747468677762651,-3.7456798628472194,-2.878842140468435,-3.2142495205122485,-3.8974834174374484,-3.8983957781568406,-4.903555722478948,-5.206949106164663,-5.473957570457387,-5.609378584362191,-5.614740020393198,-5.042047021771192,-4.90771640662289,-4.47817467536238,-4.097814335638254
2.1497300510774924,1.7336253114783757,1.5380547112025422,1.3361242871952965,1.0582015979101913,1.1479077350647338,0.9350311182756095,1.2227829201734173,-0.18744846805061646,-2.26859304807101,-4.063672258267914,-4.165900165780534,-4.9408360425532685,-3.766344874889831,-4.260108685706375,-4.816470217098005,-6.791101658494898,-7.6311162764358755,-8.040600843748777,-7.2993522020913835,-3.437217748039684,-3.4769826304340414,-4.122970703469215,-4.546607559420383,-4.730058518393708,-5.575817435839923,-5.469670570424934,-6.290085427369201,-6.36360165998603,-5.369711338639239,-4.566036706848847,-3.9488257383523435,-3.529168263727491,-3.3873749372130724
1.3015474701967062,1.9089785253676295,1.6111561287660472,1.2256585159271973,1.170118787869976,0.7120480146901507,0.3657489984762402,0.53100506750317,-0.788270246347071,-1.8849668670919235,-3.816300445291311,-4.139967518899992,-4.251453802339076,-4.594660521077139,-4.654540964619445,-5.845598448333218,-7.252267292296485,-7.765527407934142,-8.377803228739166,-7.051758310148611,-4.490902035234536,-4.101284792174325,-4.548947006855482,-5.314583448211264,-6.580219109163305,-5.786780376929616,-7.71311962192062,-6.871700220814711,-5.155867280271755,-4.354060345171225,-3.4037988156186487,-2.4639111879040625,-2.468059688813702,-2.8406593143903485
1.4525412268116147,1.7760041163718376,1.6892218742677103,1.1673146507742929,0.8035862969580717,0.19749304438686643,0.11205536894517948,-0.6352732518464598,-1.1549563869621493,-2.0745275211346037,-3.046526812437272,-4.463206461498512,-3.9270813599604493,-5.005442308701104,-6.162413892923092,-7.863487605428545,-8.173692989579854,-8.128688191084757,-6.18647859154149,-6.051090176285403,-4.2044263514397775,-5.191051097353007,-4.938876532692265,-6.713315230801718,-7.876996443560301,-8.584771745900587,-7.549717104262354,-4.856913105728498,-3.570665552449629,-2.5214267581942775,-2.3180349622916454,-1.7805968328837443,-1.4197255041685841,-1.1952083067880677
0.7503786983019105,1.5513215688570334,1.5613664287393858,1.0336024000568915,0.6465487908242235,-0.1314951616721873,-0.3692000113310709,-0.771610309914686,-0.7484640511824919,-2.128551600984556,-3.6060968961199182,-3.665087053391167,-4.458054585119078,-6.349033334539339,-8.001055974085013,-7.760944239409153,-9.058481203807352,-7.432135158229248,-6.850783458376589,-6.696994383108489,-6.045826470148249,-5.925524404170519,-7.092026119322714,-8.213028685259816,-6.7032819707313935,-5.536275934787818,-5.290279020091806,-4.337341648166481,-3.8561067739173898,-2.976664042714394,-1.6556258976979756,-0.7011709116820455,0.05323034994793453,0.4058551739810913
1.0840601633663212,1.0266270694069242,1.1099637018059916,0.7317384584961557,0.32900031159089366,-0.20797851237614534,-0.21190702896439104,-0.31014557534465115,-0.893138581288621,-2.6126092388907947,-3.891609559533974,-4.783129354090421,-5.358193748460382,-6.423330620219089,-7.0874885976686475,-8.228554571454058,-8.077043566096673,-7.837288005294727,-7.590982997832836,-8.236186869076834,-5.832501142748175,-4.745534563463796,-4.967781295472738,-5.29794807208434,-4.162452010285508,-3.8773596973816162,-3.4718815401430683,-3.103934341153757,-1.1421373768957717,-0.6579488597877057,-0.3029937240698591,-0.24419097114799582,0.7123911729441615,1.3607035157689074
1.8298185378975238,0.6800822233436399,0.8962475524856031,0.7435923572304597,0.2520968080453531,0.10147659491616587,0.2393515139323612,-0.5688404714688563,-1.715972329668823,-3.6234502231977563,-4.66307225128078,-5.1826641496987085,-5.635278812662947,-8.017287895482268,-7.260280079326913,-7.854367427716167,-9.270891614757263,-6.9974236383818464,-7.3700382717379656,-8.267595401471585,-5.002005254158465,-6.020317665878489,-5.636948150889738,-4.881217956890254,-3.0672319022684738,-1.9220146437062324,-1.5249992553258063,0.030423473862927933,0.1750012405737197,0.5875670015721881,1.0412468936668136,0.7329377755576029,0.20915864414293386,0.7893928509748244
1.5508553886366678,1.285350344012392,0.4462813364529325,0.6665258267093023,0.25918271305767104,0.22127327940305785,-0.5198199555352141,-1.2428946615688896,-2.8971823568079396,-4.347290693445525,-5.275838486441505,-5.928349637167608,-6.261874705082027,-8.395740718256974,-8.995083230142097,-8.64055472553032,-10.397304223143504,-8.877756643178843,-7.991862805498285,-7.035911451871959,-6.2182215727733565,-5.46411789633452,-2.5259585813538386,-1.6007325890660238,-0.6735974720468849,1.6586294256451664,2.2566246461027384,2.669573528236288,2.7350594485744453,2.429303972875619,1.4311862486346392,1.2401214677006696,0.9439935581112813,0.9211706414302014
2.768105550299611,1.4924884084714736,0.5566903004897858,0.6245694334389614,0.21170909636349813,-0.1711125445102153,-1.162616078194318,-1.8456490840079187,-3.5716257945695067,-4.698545052166516,-6.016061986251951,-6.42276209191504,-6.2925541123255195,-7.948879929088386,-10.347616918922808,-10.092788264303191,-8.68906254594695,-7.375510040539934,-6.911813750616003,-6.582579092867121,-3.0252706862318948,-0.5178954445260202,0.799309161369826,1.1470593123846151,0.9017785368899248,0.8468607935077003,1.0772802766484695,1.758249048205507,1.3998660461582,0.9582241233703127,1.1173871990035356,1.5122733099591554,1.3120443460422528,1.5188289148968523
3.634940391854996,2.3037649483712883,1.3267345499682979,0.3175334937274143,-0.13078423577269346,-0.4708090066653702,-1.3465908437767784,-2.2090718930090762,-3.9784953460827386,-5.290454417943087,-6.44363303979027,-7.304689909684295,-6.238884091118914,-7.771857030348182,-10.95721172924491,-10.917187434250724,-9.726638172527498,-7.572997038838772,-5.227951884082207,-1.139418259794253,-0.01575444256332944,0.46852692397976753,0.48074979647905725,0.4086887274475971,0.9330654906555235,1.1396779803592056,0.7857652540877692,0.3220498514500376,-0.11465926823985811,0.037385671382258574,1.0191320687701217,0.9336756871783857,1.1735365705940293,2.0650871933059287
4.297267233688399,2.6625422643483336,0.893702998565273,-0.09179363400825712,-0.5152274237423293,-0.7258519840274598,-1.1930823363786576,-2.3954807399002833,-3.8874932854088846,-5.9053033865481765,-6.62185544292889,-7.113783538713954,-6.817448271852537,-7.569933686552684,-7.870527802133463,-9.66104935192839,-5.9991083704213946,-2.588332168398166,-2.345240603142963,-2.5720642844103065,-0.6555091021144739,0.2090981541987203,0.9225678825020738,0.6637896427738377,0.30696206794913933,-0.03568996405353664,-0.4527098141256845,-0.7119036062619032,0.6906408714098389,0.4954515845142556,-0.04926258890766771,-0.24703672695660095,0.8014842669403289,1.9841402553544791
4.716365309108092,2.611635589544527,1.2224188466103885,0.016115292512240562,-0.5565728337087935,-0.8869428819206355,-1.547718314052389,-2.506254317300832,-4.106796876780411,-5.471082272768102,-7.84794559368126,-7.9940576189330885,-7.267102092505326,-7.771932841883899,-7.092285125899208,-5.692622970552816,-5.118007864809186,-2.725357297058185,-1.5555617866014624,-0.09988548240295764,-0.42125389728255447,-1.0851915524126503,-1.116651202794953,-0.36675594974969156,0.2298835112838338,0.7306169424626011,1.008474080572169,1.8534680326162856,0.8492765338597115,0.5347866266586281,-0.33423574622336366,-1.243042041579375,0.6442411247655663,1.0648320287141593
4.80951492364867,3.3095437610939165,1.9093356749517396,0.2862975369888151,-0.38725573967881505,-0.7920308649833808,-1.4264181460802658,-2.5609191076624063,-3.495699400392852,-5.44072511801965,-8.089194014133136,-6.956234347896191,-7.570156609634456,-7.962481769792861,-4.697127202338221,-4.5722248958791605,-2.1199713063375896,-1.746677351696109,-1.2239781227386441,-0.8629814427635557,-1.1653984307940253,-1.1621483496220137,1.0189995497713629,2.6988518991229484,3.2630141216797712,4.147525783248935,3.6889253544646934,2.1970015728203744,1.132689164924144,0.155483800048631,-0.27269496018214323,-1.0619551181490896,0.14283149429602313,0.6121545978632718
4.783188388255105,3.6284028473936782,2.268912717214627,1.0125563060022413,-0.11439916540219519,-0.984453717202908,-1.454223796378346,-2.4540000993322715,-2.4613953555896346,-4.212403605666351,-6.466329056236771,-7.948576993088617,-6.194397105260872,-6.909777580006185,-3.8902752029163126,-3.0471301455600925,-2.551560134251978,-2.701633037397859,-0.7183369174415637,-2.3199652311488355,-0.6473011388507163,1.4384168070605317,1.625113259756415,2.443480780388069,2.1241280285992006,3.236979458743926,3.009555282946349,1.8604009868746414,1.5152899848307118,0.7347933548998875,0.28854148775247607,-0.6627439630156083,2.147382609126281,3.0744498667634996
3.8542867588280387,4.161407297324808,3.618953563943719,2.7825855283711944,0.7187935277663807,-1.8036985778873758,-2.286442002683168,-2.5285457201092147,-1.9793420761432987,-4.023682608274469,-5.850718694305325,-6.163355406847763,-6.923709092002764,-4.819456052206462,-4.068730468943885,-1.8258700288593646,-1.3417953998656174,-1.4512411115700208,-2.2127187531630765,-2.584101977680417,0.4878522691310136,2.7871514622201596,3.029436125065055,2.6724771561377163,2.831602624297416,1.5728315258405632,0.9496507215221761,3.701491987781327,0.9912889839627309,-0.07844490322356723,0.08143784905752251,1.9192205277582504,2.6654880404454286,3.8213085947980256
