script/wind350m.json
{"header": {"parameterCategory": 2, "parameterNumber": 3, "lo1": 3.000054539987559, "la1": 64.9999836372058, "dx": 0.5, "dy": 0.25, "nx": 34, "ny": 52, "refTime": "2025-11-29T20:00:00.000Z"}, "data":
[rows 0 to 24 of 52, columns 0 to 33 of 34]
-9.281789354655206,-9.25974690132086,-9.655035659836319,-9.365047158070048,-9.323479996640446,-9.681268033934211,-9.420452474052064,-9.669474232017272,-11.298383436349912,-7.026738208880405,-4.3807869165649596,-3.350435301444269,-4.254438780003402,-4.750278275991905,-5.345592592025071,-7.338961953788242,-11.372750105753262,-8.576156174922911,-5.279195171965148,1.156217026246151,-4.081346932387351,-4.663331397267061,-5.170379931574252,-5.482847800338738,-7.300209022295803,-2.762390369920114,-5.2924150176974365,-5.897567241101961,-4.956883431225184,-7.390754369315587,-7.33279398650944,-7.265207377132383,-3.888243342287234,-1.2604518677852323
-9.737168628306188,-9.655567564114174,-9.360383645813188,-9.10934423870702,-9.688732764864305,-8.280249109345636,-7.2061293260242065,-8.26806937550598,-7.4231322246698435,-6.3829902975619275,-4.401037647116997,-4.546329602173952,-5.117439259615853,-6.042939054735119,-7.355930625298214,-8.968207012943529,-9.446187020794344,-3.1957335220701655,-2.524479599898234,-2.0976503948879417,-0.4699473412312489,-3.5734728141457,-4.993704828861521,-6.79586083762428,-4.005662802160213,-3.687074646809634,-4.98501444179754,-2.6798910451880857,-5.752212951570349,-8.086656658789298,-7.216788761402638,-5.32546624593997,-2.2488767730263284,-0.7830451060190428
-9.651150610665255,-9.461193717685143,-9.281112023048344,-7.216754596326922,-8.85742256852548,-9.389141523893827,-10.04928499399833,-9.793878159861993,-5.796504954865494,-5.2652855205145865,-5.122141709061075,-5.452482791413183,-6.886079402322122,-6.811836682230797,-6.460791601633144,-9.209633909648394,-8.877428648698018,-5.6519252103026565,-0.3700583338343707,-2.4772219642559423,-2.9010970128494002,-4.076472602085234,-3.5548437694787562,-6.800859601179847,-4.796625973769758,-4.602317154866197,-4.282786538065174,-4.274687111999274,-4.5263752445329635,-6.429241419208403,-5.0010322466317785,-1.8753756496273295,-0.5598041881200303,1.134265937913286
-9.022151616480635,-9.270993052058065,-7.871663880517109,-9.173974941909417,-6.82374760372106,-11.099420562267968,-7.171552833164345,-5.640124229796261,-6.394027920871979,-5.886262155878781,-6.028090870948479,-7.088057563777618,-7.116093068437069,-7.230784119628738,-8.315145580898562,-9.830482868233078,-9.385714463339376,-3.913302567621102,-6.049122950242129,0.06623809846351454,-3.2901523938436212,-4.744498562194236,-6.544902360753733,-6.374529946556958,-5.0206236337620265,-4.548415406347433,-4.368644774735699,-3.3629454309684106,-2.812827445349533,-1.7612027149625868,-3.0789975705094386,-1.4705226721144908,-0.4458578473512467,0.7789987569202405
-9.929450274335244,-8.914169242714937,-7.1259076896710605,-7.115277195979864,-8.82482555505474,-8.212847528750448,-7.35926417450174,-6.653451435210218,-6.231951732621735,-6.87313949868241,-7.6240908239787135,-7.437758632685247,-7.938738439932911,-7.036439628866179,-6.293571420598943,-7.7635907648757625,-9.443427869355432,0.3507295932505768,-0.9275710280897828,-6.60071767729301,-4.687976875260914,-7.8370338348984925,-4.147376265187586,-4.0841995592088605,-2.012010420190902,-0.15922084600361927,-2.3699643606884133,-3.204088601806541,-4.935933476657763,-2.774654116637893,-2.9292930581243297,-2.3688340784918553,-0.8560759098812817,0.6905746758207053
-8.8412710982715,-8.157444881085446,-7.708862864023492,-7.651378392114122,-7.046943562497861,-7.282314377479662,-7.532084346529305,-7.338774534586448,-7.491731448018612,-8.181305563839292,-7.980781002812823,-7.090038156884468,-6.057541246088823,-7.124666548914644,-8.188610224471706,-5.840010630648406,-4.500878125439227,-0.8409985487807742,-2.9511028297611546,-1.0407936658186145,-1.9544710797483442,-2.051225069107488,-1.0831759166740635,0.14561008653114005,-0.013978257905759631,0.822157825023751,-0.4720099081604092,-1.0806198828057898,-0.5821609337897365,-1.5527475395331518,-1.4381005329536518,-1.045700391243963,-0.026698120895775307,-0.06655018366366358
-8.870920323680608,-8.43184550968128,-8.380093449942702,-8.178359388991646,-8.39177606312992,-8.166249059128537,-7.730539450400961,-8.075791559118132,-8.186287232105489,-8.125869253100245,-7.43178836423566,-7.367141774666963,-7.3357945646697,-7.917834252254455,-5.565514388895026,-4.020364639396845,1.9869829493054332,-5.123659841152936,-3.864560356266425,-1.8591472488274974,-2.6002846253573355,-2.7339247881460222,-2.7180345571161437,-0.373790055872991,0.8009793467557891,-0.5988175113341041,-0.7351536620785816,-1.0820136104829685,-0.28111332230008274,-0.7466080057492838,-1.073556360989604,-0.7473268045792735,-1.4252837420064437,0.41938418489817303
-9.047875318700507,-9.18572864017992,-8.770992757369516,-8.888630300853682,-8.498302242479719,-8.364252349049117,-8.364375232570369,-8.127147238993585,-7.823243784349042,-6.304588620529203,-7.215258756179452,-6.307155787297314,-5.9961897118744965,-5.426448905290294,-2.79415033590078,-3.047981134553732,-0.09525271103690539,-6.422995537104434,-2.343233255563361,-1.7594327478023795,-2.0584065481822567,-1.8442835168509795,-1.1721742648077302,-1.099202100793974,-2.781211868054053,-0.6625435775305668,0.19560688402315757,-2.282260569668812,-0.4948153134302698,-1.6022986945444708,-1.870584099813886,-2.1628859677472816,-0.5119448014623608,0.480159748324409
-9.116821370929816,-9.467258794941033,-9.318653706340822,-9.108314562199881,-9.101207998144588,-8.977507936016538,-9.022456947533959,-8.287557648017922,-7.42039843855305,-7.236944614797719,-4.4950209858081145,1.5002139430522488,-0.5291359875209743,-5.702681569508721,-5.791448723549299,-4.084262938221947,-5.137627939407179,-7.708831186048304,-4.994366099671064,-4.765818344815174,-5.188947646279152,-5.997949818597613,-7.012795148736604,-1.1506965904206972,-1.866641031104741,-1.655821585524824,-1.5752905017569796,-1.260498817203074,-1.5567613308163808,-1.5930682119288502,-4.240577941137603,-2.3577922768716597,-1.2992710870504738,0.19652832194547862
-9.979577318657842,-9.073278022448918,-8.984368777273811,-9.232264529339107,-9.214182336497295,-8.972591510664888,-8.255148501264044,-7.284952587262853,-9.452231666424414,-0.4277215723066921,1.0904136456576956,-1.060726815495299,-5.024782072924301,-8.419737717265974,-5.684707250081615,-6.132160321149633,-6.0686352416437925,-5.410141253692258,-3.965940566725664,-2.5650613412289434,-4.325623201459582,-3.47865810187766,-1.394562289431233,-0.31108852951461485,-1.4858087292134479,-1.2005949043708268,-1.812926783898635,-2.309307911031431,-3.663637891591503,-3.6315443718604836,-2.187800473648979,-2.364417860219013,-1.7919333317814463,0.6558523987076371
-9.374981629931542,-9.71719219002108,-9.300730852056384,-9.2447552086758,-8.89879632634991,-8.034205428262853,-7.429977138759768,-1.6679690935177567,-6.503244890225767,-1.7664542090924245,-2.4298610142822787,-5.978986860570443,-4.291001821104563,-5.3691009892648704,-5.40411061983752,-5.9155383076529775,-8.88585251058127,-3.9868522423861683,-5.090656338577249,-2.266925858001945,-3.247283702016518,-2.340796733859743,-5.13584370968131,-1.961931531766422,-2.8863458768518275,-0.2696567232909691,-0.4334932928348291,-2.2088485870715737,-2.782771258607648,-2.218761400700082,-3.1902690943489227,-2.1091413838552486,-1.0910734682521284,1.2311631824002094
-10.084218012152437,-9.082326521744031,-9.19135186157759,-8.658008151422278,-8.79407813532414,-5.031814988728611,-5.514857234515679,-5.758376114024064,-0.8468887258609221,2.2584739558055538,1.533982970930451,-0.7555961433639948,-1.3022138438842883,-1.7241584402418666,-3.72220689952663,-3.06151400462969,-4.409557652801837,-8.761758793394435,-3.5974935080841086,-7.2546615736039115,-5.399194219651201,-6.473103898880364,-5.127905591079182,-4.151849578968382,-2.5240218855051277,-2.5002085540350967,-5.455325707307009,-6.041486689142458,-3.7020517202254117,-3.54460453726177,-2.0316131328484275,-2.2939598635510476,1.8660944782904254,2.569232681644994
-8.847665789852643,-9.36192698394924,-8.362680704259411,-9.207990734488945,-6.3038670364873255,-4.197671627944298,-4.587622278508094,-2.554435928301398,1.4304108673259754,0.8964281783824468,-0.7748696580897811,-1.1306491222450892,-3.8101916790275423,-3.0205331088779794,-5.701724795005886,-6.900164460324508,-6.683140001245258,-7.724402502634262,-6.493223737396636,-5.835085232440518,-7.071219488404834,-6.600790214540298,-6.323587715576559,-3.8970628695366347,-2.705244721939937,-3.628186424065315,-1.291211848420334,-3.0208912289408563,-1.4447479481476917,-0.8899688676374845,-0.7297272376930766,1.2343331172135117,2.832211565538776,3.555547245714685
-9.64685319044545,-9.045930290705462,-8.97849734626531,-8.28214794691824,-3.7798504167499627,-6.5076184502332275,-5.124287213293235,1.188263086232287,-0.8507090330802923,2.503653961629405,-0.41821025631245784,-0.03710357960922786,-2.2052777709409237,-4.774727197434,-6.913179196106108,-5.335776800136935,-8.738204509985085,-5.304102062507392,-7.018218244872952,-7.207293445823285,-4.730535896411239,-4.139189981659129,-6.659568365105316,-6.568667500269004,-3.0778536279708253,-5.238431383898666,-1.968367745935946,-0.34979547065697714,-2.0844268390580636,-0.4272507068929872,0.6068828978242301,2.4255019254400674,4.400502614485367,4.868385808076401
-8.594494422948406,-8.877611235724137,-8.531623376731059,-5.555656427437248,-1.8123804587129166,-2.608577785937926,0.1824067077384838,-1.7043727916420754,-1.636357624071054,1.4630628546279139,1.7106574903458165,-2.616452843382463,-4.280055508046556,-4.725821618547551,-7.683595334440997,-5.412583419920209,-5.943969916955388,-7.385492389780261,-5.397933606370665,-5.2443957816574756,-7.42299333019892,-4.149708518136345,-4.285356209481968,-5.9196436174863285,-4.028447027071775,-1.9679217767431336,-0.0010730770983837137,1.029481066895812,0.7863513386410316,1.2579679774881845,2.451545589106369,3.7232465894122124,4.864906916306978,5.579528748023709
-9.35527903968646,-8.597957900814276,-7.755730416501926,-4.2796243044615,-2.440040086737518,-2.584641144455386,-2.852159586319469,-0.2736920619801777,0.04230866966171855,0.9221981160696348,-1.5301318860904174,-3.5166216174415683,-4.271254711322135,-3.7616320354148827,-4.735875860330593,-7.037902805450246,-8.304600817826028,-2.0521571760943815,-5.278771964314973,-2.4027180778334687,-4.937870627857757,-4.830883753379847,-1.4623430441299012,-6.939291992170324,-1.7104594676601599,0.37510790226006263,0.3001988836235724,1.130917895739458,0.911698298130051,1.5807122564929683,4.03186690149785,4.936958868729748,5.377195682709601,6.3346305690975795
-8.930474394965291,-8.13386851147698,-8.545060356499643,-1.980134574845324,-0.6663834425257738,-0.9532225289724466,-3.540376088712486,-0.7233262154032211,3.20852273049142,-1.1063805112058045,-3.860393625057154,-2.4854030116892485,-6.538097185959226,-5.540406318463052,-0.6165488601020616,-2.214891788331128,-6.940204021564825,-2.6905487284612915,-2.5721444363466124,1.0536646249151784,-3.2619413243931525,-3.2519661984867017,-2.119564634674075,-0.5566312074598658,-1.2683863748841246,1.189202313513977,-0.28677609079918087,1.1664222680793581,3.0520723346728773,4.179962744305345,4.426254756853966,5.822834061228129,5.969168373230577,6.722804307948779
-8.090363143803586,-8.127578724834864,-5.359700059473822,-1.1532065222867103,0.1239290257704854,0.7635659251626372,-0.03911953725989389,-0.02535123164013193,-1.520638995072466,-4.546328253317538,-7.486665921331004,-5.209968462607264,-0.04489426231059928,-4.5187412913097,-5.697903177793899,-4.984070143268831,-2.2203401849412128,0.1221439094389673,-2.3068815325574707,-0.9494552943659624,-2.74658698262926,-0.21233837515865817,-1.9158473622383128,-2.873609253151618,0.18181273224452643,0.6467750356091623,1.9417338128983332,2.7228201273480437,3.8513650621386066,4.409979746792107,3.9034449821959454,4.694212444300718,6.666936023267791,7.950968401569622
-8.572377742163454,-8.237450564221577,-6.5790699424175125,-2.635606539809807,1.8413871065066862,0.4762821331095641,-0.6877229045668435,-0.34656239925163984,-1.2691773217323155,0.22885701290115298,-0.9312204803292681,-4.604406051099688,-4.069789920717062,-6.007287426922617,-4.948369039548791,-2.4930933133580084,-5.650225448966883,-4.079398924204026,-0.9949551199088581,-2.2120330388427756,-2.430688381980259,-2.03648725363293,-0.9804887254543447,-0.19721348787155107,1.465420781542404,0.5285214484087178,1.6333817631143293,3.3129095557608395,3.993383518761276,5.9262542932021,7.1541621360777095,6.942577644939587,6.989637216707758,7.130076907934877
-4.942283557080686,-5.255446119276239,-3.0564473879920406,-2.767716946408068,2.6784274139765243,1.9203819757572227,-0.26758040582109655,-1.666244744618154,-3.68402186554595,-4.654882779190036,-5.3923988579354845,-6.175969362555322,-3.5822575456956858,-5.253302496858588,-3.43531006469991,-4.768351090739095,-2.8324344257526417,-0.07861578719556749,0.5391024612200878,-0.731920942615365,-0.9307676994587099,-0.809407819132608,-1.0993938425633016,-0.2225632825911801,1.7401969752678201,2.157268895869945,3.4882501450062255,3.849580602832369,5.035628473424622,4.979243359083545,6.476691472331725,6.251841951689629,6.712686314116064,7.438054011528867
-4.012180719430148,-4.278509050996449,-4.293992594633716,-3.229218812965235,0.8776755456240933,-0.3080767554873874,-3.130312685867213,-1.270206164949389,-3.900935196884061,-5.040235911649029,-4.755400144507037,-5.388616101991944,-5.37589672925676,-4.111722657500872,-0.12658501553203388,-3.3934310158454783,-1.4081343089252918,-1.1351380016277732,-0.7848270399756789,-1.1052687252770736,-0.28520491963902916,-0.442494842386282,-1.7432783445789952,-2.1515513441743814,-0.13308002061687338,1.6204680820111625,2.1564681590563604,2.7122357373584123,3.5102600569897318,5.82552744336233,6.58726458824092,6.10249229757133,6.750739505760643,5.521943783905568
-2.994244373224963,-3.3505867284382216,-2.958696575352478,1.1287366871080338,2.4237655488834933,0.9905307243203539,-1.6077376285678648,-2.3977615951847384,-3.711472437384917,-4.568058190037294,-6.628012435677082,-6.125157675498421,-5.3946268084855875,-5.3161842255884295,-1.4211617787169883,-2.6877891515248478,-0.20243362856036057,0.835210452470064,1.914145738017774,0.2866464612657115,-0.7369528156363926,-0.9231424905628596,-1.7231832087440837,-0.01659912722392647,0.2214581137910663,1.1263606933862604,2.1851163405687344,3.8319634754015044,5.557692132482325,5.880258688991689,6.151231190330895,6.856544288200372,5.166200427581131,7.3396408763909715
-3.095270145447215,-3.0931709946615547,-1.9119777276393122,0.25098932936252943,0.5703036745128784,-0.8046871673351506,-1.2811339456687634,-3.2362851383787192,-2.597519200774938,0.3728164030102088,-5.513923856357011,-1.8719336375471995,-5.809037132322281,-3.9504127455084843,-3.3255949396739095,-1.9164314858067804,0.04590640844636152,0.026726270100991687,-0.37276062354827993,-0.32909920386609554,-1.3422483844681705,-1.5127843336437081,0.4373078993812705,1.2605557467855475,1.2524046197932095,2.019065719102148,2.9726274285741683,3.441005575559718,4.507096174591541,5.205717016513612,5.923199920721704,6.78982992828756,6.765513438296218,7.461095192049569
-1.545639303362512,-1.2555349515382404,0.09657386936909573,0.3886420923566822,1.5941511724892736,0.514543897766788,-2.741623588732178,-2.3351507543353143,-0.9396932965824504,-1.773065873113605,-1.7672512425380158,-3.0326541130597304,-2.753158792566757,-1.7100152243386795,-1.359167999904977,-0.11396728625987665,-0.5926108555884003,-0.26125638606193924,-1.605226747474927,-1.8610274016458568,1.3553087659364724,1.9177891450856863,1.6947964039599994,2.4063338466176134,2.4472099486459737,2.832219276828418,3.4298512009323265,5.956896305617579,6.7027146008930565,7.407079809367493,7.5166843459374615,7.003134739054966,7.157202399983029,6.856863254945806
-0.6302919443461366,-0.039845639723218924,-0.22627704999571108,-1.1738849167971945,-1.3722768134401144,-2.590307997314658,-0.8107396252470659,0.2165866390890598,1.5114493076250948,-2.1365215756685756,-2.40073954297165,-2.4375280761399183,-1.9981142675129329,-1.597646450228622,0.47438991679616505,0.3402577705639609,-0.33174427732240724,-0.08656291906552369,-0.278552910178994,1.2423934104907266,1.7294641142461484,2.6227786273267,3.019802983864282,3.7603036158884806,2.994955568442788,3.39378396343563,6.3526800772583165,7.5104706149574785,7.967120520772774,7.4340699057691815,7.1505229491413225,5.9704224718087735,6.302885957803451,6.126251786188977
