script/wind100m.json
{"header": {"parameterCategory": 2, "parameterNumber": 2, "lo1": 3.000054539987559, "la1": 64.9999836372058, "dx": 0.5, "dy": 0.25, "nx": 34, "ny": 52, "refTime": "2026-02-24T17:00:00.000Z"}, "data":
[rows 0 to 23 of 52, columns 0 to 33 of 34]
-9.343477658761913,-10.101156800416675,-9.822213191927347,-10.902878394875714,-11.117745175016703,-11.673554081502612,-11.633645156356945,-11.869290282281266,-11.517375610941833,-10.737050409308628,-10.662376338994767,-10.848579662140454,-10.471092621620565,-9.996943955537919,-8.53739631104377,-8.059261593950552,-5.545792339175559,-5.321523260783669,-7.8178604113332835,-11.74666016705521,-5.425019382083497,-0.9326656560482447,-5.585845536114081,-3.6955690905103875,-2.7308414765265967,-2.2999687461709035,-1.4437848533768125,-2.313092422217175,-0.5638760825674286,-0.5679822963742158,-1.2765407794522445,-0.8302124165467907,-1.4118061129520119,0.652290788195366
-8.510821754278112,-8.490135135445005,-9.326155464868183,-9.638890820384876,-10.510530255717525,-10.773158438478097,-11.394975859005962,-11.99819090729253,-12.235895598945941,-11.338477776519131,-11.50232392231835,-10.759129404118543,-10.983018182756066,-10.89645715510958,-9.431040203815193,-8.311292698431789,-6.4926004888986295,-6.788984040708606,-12.55467282481021,-7.6332756355283395,-9.404416131474697,-6.418015245568403,-1.0326074107799468,-4.168790419276468,-1.0325663850227322,-0.8849034298197676,-1.249849022326453,-0.8427381343950442,-2.542914294128866,-1.9236719173816499,0.260276997815513,1.0311619861003483,1.5169758139973506,-1.100046108975278
-7.104503092146202,-7.697615459506679,-8.211225451902541,-8.782845321374598,-10.191031011172619,-9.897174159684603,-10.21508786046381,-11.577085679393399,-12.490895126297456,-11.90912548817575,-11.981081358666493,-12.025631530982373,-10.82644655709388,-10.683387485226604,-9.281430140618065,-8.365619506489903,-7.656729575249381,-9.405883855629448,-7.149240065422431,-6.839283613403272,-7.847656750716515,-3.0589207681370074,-7.50389807900114,-2.3927234187560367,-2.629580743352835,-0.6044463191777861,-0.14172323138614892,-0.5911702481443953,-1.1840274821403123,-1.5278717365662207,-0.2127098601483522,0.3532145387628671,1.721624992576217,0.9625367358095814
-6.165723599025515,-7.3993127257003,-7.830283507714019,-8.875143196793966,-8.0539332411299,-9.039653784453328,-9.276400788475907,-10.537978945668469,-11.734438173712647,-12.26770429893724,-12.431450212364707,-12.707148100417953,-11.536447664911064,-10.768681424582848,-8.369843136224526,-11.693364765555643,-7.962179628703384,-7.895967210759821,-7.932175597286794,-3.9785250808186703,-8.586006759359554,-6.036540219319372,-4.631362040996744,-2.062359490373582,-2.7167634741151567,-1.5904811817326507,-1.5683672550023526,-1.375688143685579,-2.2596990836612187,-0.972944325767885,-1.6315020848761215,-0.23779257581101615,0.29354422096859284,0.40288847105706066
-4.630534625170035,-6.328807199966407,-7.070817791695093,-7.320306786879639,-6.28375628646936,-7.218797568273733,-8.050213890640837,-8.464641379027958,-10.553770312429698,-10.920177995625252,-11.163905225320695,-12.967882325702364,-11.189413599868601,-9.890213158679762,-10.554049251288786,-11.852458093837424,-7.056581409296616,-6.714597021254637,-5.398196722565976,-6.9332568691421805,-6.842422198769833,-5.224827204765744,-3.5152645931263855,-2.558802698534543,-1.174489086431334,-0.8611048085505676,-1.9850172403864808,-2.395256198840747,-2.11283643410197,-0.14503183206255463,-0.9248709575159643,-1.6750026059661258,-1.0119753338118622,-0.11771570929186255
-3.830324894400251,-5.005889338613706,-5.236986839656957,-4.420473164849736,-6.289068250452399,-5.206009364728332,-6.150106968788143,-7.711401384492806,-8.678102878020269,-9.976337493421319,-10.357912972586645,-9.614981899389795,-10.915659165524833,-10.502082860153003,-7.660011422279114,-7.386975595767364,-3.8944976185116658,-5.152985821205108,-10.189689865897828,-9.586858111012647,-6.77153267640989,-5.629332845496204,-3.0644945028055224,-1.7705733534251444,-1.85992099325896,-1.8114896648270506,-1.547956264853833,0.41241236912002077,-1.8943303090866705,-1.9099032029760088,-2.0502251809381082,-0.7926298657848659,-1.6373501795329872,-1.3027204693849785
-4.5790740408324835,-3.7086693263330357,-3.974881764747907,-3.2434331486541135,-4.216610194303441,-5.554936672525867,-4.837740441330341,-5.645849748084109,-7.208314747303749,-7.916332371604057,-7.07026594064718,-7.372170629855497,-5.594925572122392,-9.590250900509526,-8.621015637031853,-8.523940355889382,-6.452946555315164,-8.592840332440167,-7.782524066362235,-7.063834059539453,-5.555620606302268,-3.4519938207051357,-3.1681956849784343,-2.3975234827043974,-1.7407156680335398,-2.111296506596059,-1.3791989314500006,-0.5506218408391723,-0.2545396683439346,-0.7504320872620661,-1.6874685418894164,-1.9921917063145123,-2.591867448623976,-1.6662341581000337
-4.383503685244445,-3.893998629714547,-3.1935944543319135,-3.9140562444954643,-4.382168995322595,-5.717380822870661,-5.060505999962957,-4.386558473929372,-5.062276727263353,-6.517230182341786,-3.3952357041102665,-3.763069828753723,-1.4317827284474154,-5.266532161160475,-6.105211219184614,-5.376694015713898,-4.582099079622532,-4.5985888461997515,-1.9526241833621554,-0.47869752850287806,-1.9016778436721826,-1.7814703205126388,-3.201396622203662,-1.5455637952042882,-2.81938629443993,-1.5722645607751136,-2.128216878131255,-1.2500940774458815,-0.6293665039860332,-0.3082950281866459,-2.0692467200830147,-2.184781178888477,-2.53165736806319,-3.0470975085274867
-4.997733244137176,-3.8668994748231817,-3.163030642753382,-3.6237073980246826,-5.8174005063204115,-4.634267686875128,-4.42759001281692,-4.684672400091876,-3.406265832197463,-1.848259279385468,-5.653223537646318,-5.7654294962805475,-3.1187875238783986,-7.721236521318986,-4.622647580688654,-7.238499102818664,-8.788389554870387,-1.0488331660814574,-8.629168070508005,-6.050367877993893,-2.327965302761222,0.35320813486477043,3.3736445288458325,-0.6453091038006692,-1.487511391970418,-0.7257759899707253,-0.3400179269218045,-3.042850183682574,-0.6609770017118012,1.445537812146055,-1.492340942413852,-2.2126173494131574,-3.6373285262558093,-4.095594691396905
-5.435685505206307,-4.136709942888627,-3.2798509149067994,-2.8447157805079573,-5.164964881357872,-4.3069322169222195,-3.8965748274324916,-4.392854666700899,-6.360308365012343,-1.754275688279347,-3.1416720698170426,-0.07447312144448878,-3.2741206661069966,0.7441038270377095,-6.565770562456208,-3.4487442143759455,-1.510500365447184,-6.075620679061872,-5.8052420206855135,-2.4088470778210245,-1.0072372527887752,-0.28682821967516764,-0.18207338780893512,0.6561386536333879,0.796160951291843,-0.16939308007637474,-2.02639258431478,-1.7384983663213747,-1.7024921395734014,-0.9817779500466031,-3.262814125857876,-3.4613459641258393,-4.4153708538853165,-3.976993075585722
-4.840500585791495,-4.254210735668972,-3.453947456962886,-2.2672637368222945,-3.3395181780174954,-4.542250006861764,-3.6161493151966897,-4.565731664525946,-1.3675406240099246,1.8068393426503861,-0.7448286824214336,-5.863186511537342,-0.12431603459360033,4.25026656420517,1.2098325093819766,-6.297644014252918,0.4947242833186799,-2.5562278060904777,-4.447110576604663,-2.9235634049556394,-2.3461445376922097,-1.759065167012317,0.9328332466254144,0.2119262176500371,-0.31592949098821466,0.01950722299123728,-0.9278590452852181,-2.639626010420604,-3.17889220449648,-3.727872884404122,-3.940623773665073,-4.826626826023981,-3.84170099842756,-3.7595995162044034
-4.878157796710637,-3.800602133123216,-3.791702291712463,-2.0830343527286908,-1.4087029567508003,-4.148012059601312,-5.557067965769214,-3.896663461458076,-0.21284804560611914,-6.314232773953498,-5.335619987639482,-3.7106635205676444,-6.591134986388376,3.447202211272286,-0.5536074248925186,-3.0107542941487506,-4.5587269989744605,-2.7583776445849018,-1.6750530903335736,-3.1593783824280797,-2.5167534874552784,-1.9256011427640538,-1.8409607339151295,-0.4062890836248858,0.536147591075976,-0.14996366284722482,-0.7874689983733618,-1.4545230968443326,-2.3917364819666265,-3.746282575839955,-4.309027996082978,-4.437030254190438,-3.7909623629896387,-3.825494890428992
-4.985415079190871,-3.8610165961855762,-3.315883524762533,-4.211366474939774,-0.7420912484775332,-2.709406998012703,0.9067933637598035,-0.5155995279094138,-5.331013769198789,-8.80866578082601,-7.981373152152608,-6.1741958087344555,-1.4809513290612588,-0.3732918318470536,-2.5869273121542453,2.394850598195604,-2.3663262927596453,-1.3960420813382424,-4.143816575575035,-2.07758272466057,-2.201119823542671,-1.2953402207630589,-0.8869128705741768,-1.1826558219337033,-0.20538694166318192,-0.8233129855303538,-1.6003242789899104,-1.412521969509997,-2.6435780464015233,-3.290267696873825,-4.4764071938624985,-3.9140062043440342,-3.8689856387678065,-4.099442793747848
-5.317201623097475,-4.3625748392533525,-3.8648097369286334,-4.731696818434799,-2.829483520784214,-6.868436777389287,2.374116226654181,-2.9773714703881633,-9.448070195980376,-0.24370776396368127,1.2657595397255696,7.006228028540545,-3.3439461059945,-4.0243654942698655,-1.4531743164401036,-1.1016975989781799,-2.3835756445444147,-2.64266670884572,-1.5577387245527095,-3.6826268501323116,-3.000640701968493,-3.542309645823849,-1.6652696354315952,-1.127739271467373,-0.49532917509226554,-1.9406913781498252,-1.3300572311093113,-1.552809535584637,-2.4221384927978367,-3.2350152612140777,-4.198477310672697,-3.8814333613336207,-4.1083109229757575,-4.918652529537926
-5.492771182160138,-4.887901589336664,-3.944478983021985,-4.548713758367803,-4.160340941969474,-6.686513283952767,-3.405949236444267,-5.190264809414967,-2.3247260828932523,-3.01389839437993,-2.415829029111896,3.9972762250860043,2.0436179738680758,-1.269542078057673,-2.982867585637474,-2.2259252724837286,-0.8552570750514085,-3.9162174042400624,-1.9394213896840637,-2.3563149024285712,-2.2667561550227706,-2.6831530938852515,-3.712485007803681,-1.334383457039121,-1.1162347378899007,-1.5461238603960394,-1.8940919750093885,-1.978928573385,-1.2774032627677083,-3.707936630174317,-3.706171575811516,-4.047371175495033,-4.773754381155889,-5.283478855210317
-5.0722405189983855,-4.82776515529352,-4.1482276350503815,-4.621207547338753,-4.733688419090876,-5.6710507852753,-5.572032307876478,1.6797173495541136,-2.919488945988589,-5.463757903956117,-9.244820787801503,-3.194143888821659,-3.199094323438619,-0.8867010837194015,-2.500836665686706,-4.714116755182613,-3.0388226815565287,-3.673954843459651,-4.298511694539962,-2.945447631591065,-2.067078702280879,-4.117990128653661,-1.2833581293095064,-2.3726904966846063,-2.8509403335604424,-1.9811312026059673,-3.1262942969443834,-2.7731261289000484,-1.2552474082267484,-3.5755788513570526,-3.7801640703292456,-4.4428879348943955,-5.0273384977982305,-5.3063487554301725
-5.104631012787268,-4.929867287357752,-4.709995697908644,-5.0372945098726625,-5.026771416566893,-5.027506028719233,-5.826862317090866,-4.300490276026039,-5.971109283693136,-4.401580148433068,-5.656388106763744,1.9694804281282472,-2.016397099322843,-1.9974584358090473,-2.5674191747789994,-2.243018699779304,-2.4939083805602196,-4.620250367176928,-4.554389154987992,-3.2125474648257475,-3.4591267846872107,-4.049724322056248,-3.505689591548934,-3.188282196139171,-3.5920824319808675,-2.475751720910473,-1.9660543896202822,-1.9740177127020366,-1.6424584758152703,-3.0750446352499226,-4.073560717834699,-4.877651502003306,-5.123451178027245,-6.032493980008824
-5.461141914593299,-5.185556713538018,-5.452709512759536,-5.524110526695741,-4.452469779159764,-5.968482093709145,-5.762807601169174,-2.1206923655315353,-4.733471359783811,-5.116761983251245,-4.997006023417067,-3.7826508753220516,-3.846039638412233,-2.7056363494253466,-3.6013873446922124,-3.7531498497773836,-0.37193443594257636,-0.7114316608788501,-4.776493353124363,-4.9321191783730365,-5.171438567245727,-3.7003095662051835,-4.513645729058933,-3.8768780777871457,-3.0835901621407036,-2.435667777823779,-2.4072509281706442,-2.1363379095186876,-2.0654018797741722,-3.6092231002025783,-4.197284470354409,-4.919121966493546,-5.374195675654584,-5.598939162244338
-6.320860994552749,-5.410159469890808,-5.935493796908341,-5.934922307083032,-5.0756111000551725,-4.512434241754578,-3.6816264817562216,-6.007910231332612,-11.213698921827753,-3.2582046776378393,-1.8569629959670562,-4.416884524200485,-3.3898040524275723,-1.4608687154894469,-1.6064821931186863,-2.461588509663254,-3.209604976977223,-3.3440590068654044,-2.1587979476451906,-4.029928153538257,-4.410835378009614,-5.8579775012476825,-5.0487429867692155,-4.189499538942365,-3.2960756474107122,-2.7258650774733297,-2.420281121451158,-2.6805714382239714,-2.784485792460678,-2.4233138740374476,-3.6077725812520085,-4.709942430904739,-5.087342996092388,-4.665125113613103
-7.057562322386477,-5.98720798265907,-6.581728233072529,-6.587717775847677,-4.766209542864605,-3.980493017128758,0.2053823238518252,0.2306038454011399,-1.7879738754847356,-1.6174965435835456,-3.0951383456354935,-2.3765854079293676,-5.0217836090010435,-1.6969235135762653,-3.947642125758372,-5.250786252626343,-2.629322258673402,-3.756231064726096,-2.45703590549607,-3.88483259408941,-3.3484906051976,-4.401760798388175,-5.174014862669141,-3.5502696716610624,-2.9479779369987518,-2.7831980932396574,-2.453579348509529,-3.390952717123659,-2.7639489788866047,-2.3409698399752954,-2.0294315988183795,-2.4231410619720606,-4.168630771349335,-3.234894962871125
-8.094595621864222,-7.2691392130693915,-7.43906065823469,-7.355892019321971,-6.521937532437371,-5.2284017965050875,-9.40141758180876,0.18535277223300878,0.17428599442080567,-2.3854665031429976,-1.4008755804819626,-1.7276504935019714,-2.6785969978762303,-2.1882844118716354,-1.7582519202810238,-3.5697856964425143,-2.3367992931245833,-2.7350588838962495,-4.394246522570276,-4.338667835898539,-4.0032557389191625,-3.9968473443421106,-4.239107755953447,-4.161009680168446,-3.528167111734991,-3.233296186456212,-2.288233821131904,-2.6252662461978318,-2.4488946756293144,-1.4879407174299222,-1.3153133547580793,-1.0811439503011997,-2.6513210079756964,-3.265844803329629
-9.309862853616416,-8.278728041400418,-7.979711959192177,-8.162217925025235,-7.735601696759243,-6.418916248419173,-6.5422019993821525,-9.296580981070274,-6.819744730297449,-4.211745773503183,-0.26972027213970934,-2.5223882347836413,-2.8081229805624366,-3.2532025090899626,-3.4625422638962435,-2.4123096560695365,-3.9120738035571487,-4.018768292706965,-5.49613107376528,-3.3378015420408405,-4.892476989532329,-3.9136855208458363,-4.361386454583115,-3.3478851567912695,-2.7280859116011533,-4.715342904931239,-3.490434164407951,-2.789102638158579,-2.776317480929944,-1.595514526283788,-1.0700882402195584,-0.85676416907406,-0.8589260197658874,-3.3542103581943357
-9.779373168877461,-9.771103353726138,-8.63553206962758,-8.968718802976744,-8.259358753018589,-6.963030252900925,-10.394252732509075,-3.874130193404729,-5.342466962106505,-6.208328560187237,-3.393099242139458,-4.11235125954015,-1.1538049874297673,-3.0142153036461314,-3.037446018912517,-1.9423037872856994,-4.100372702545913,-4.673954768481526,-4.322797270139961,-4.409849368003003,-4.068971327405347,-4.658080745306886,-4.931582771985118,-4.501015551711123,-3.9176341440398437,-3.5383095556065527,-3.9391482773697386,-3.1775631307676124,-1.469131468489882,-2.42906036832538,-1.1764085537824198,-0.7408964477725151,-1.3428316389985635,-3.2076647651106738
-9.527921764930255,-10.86287508804317,-10.518664647512662,-10.648440368875182,-9.169797640033728,-8.71402663541794,-5.451232710030401,-12.888032509066113,-5.879524162354116,-4.437488435602885,-0.5209087785904486,-1.380020213548953,-1.013461364817235,-2.274628504420673,-4.716197817671601,-2.4378806571548903,-3.242715784287888,-4.771462383338331,-4.886803273852768,-4.994247446155652,-4.013886595065429,-5.502251484284915,-4.488719750981423,-3.386569293742667,-3.5735037580724107,-2.621731756871293,-3.311486708046922,-3.2013216659689934,-2.652019343627917,-1.9779471794669554,-1.6183244969166255,-1.215926253099212,-1.6994275611353191,-2.9065922002854134
