script/wind350m.json
{"header": {"parameterCategory": 2, "parameterNumber": 3, "lo1": 3.000054539987559, "la1": 64.9999836372058, "dx": 0.5, "dy": 0.25, "nx": 34, "ny": 52, "refTime": "2025-12-21T07:00:00.000Z"}, "data":
[rows 0 to 24 of 52, columns 0 to 33 of 34]
0.6360152598445171,0.6759805491564711,-1.343712209358925,-0.05631905717744292,-1.430301179412878,-1.7414342857931002,-1.4811576498045824,-3.048383689424735,-3.755417442624415,-4.235778185295848,-4.773967030494484,-5.276382005637436,-5.744428821754944,-6.367116645800402,-6.57585814009347,-7.240210146079236,-7.9099231406311965,-7.874382629637641,-8.96530740608188,-9.685839413604507,-9.807358237765458,-10.856168596682641,-7.1233620955137855,-13.006818824920517,-9.607223216918674,-2.2726274696574897,-11.365042379512625,-13.734756917462306,-12.636293831618525,-12.092424315474148,-12.888306411589882,-12.210747731062607,-14.748845206513415,-14.48475070257442
1.0468814857189832,-0.7934671966583052,0.5045065035435948,0.18873000368068601,-0.20097322419440977,-1.3376433065406725,-1.8994532941502533,-1.9585976574404094,-2.9717650805881877,-4.077204435754122,-5.32735928125501,-4.923385164438254,-5.821280231066893,-5.892751131609526,-6.2845990352786565,-7.142409162368779,-7.173896696442277,-7.335186371614441,-8.371370560234354,-11.007147797220854,-8.704422178177797,-11.076288501498702,-11.146614666868514,-9.643009969968155,-13.740091710824215,-13.468484491751438,-12.086334916538581,-11.158059454722892,-14.065612481814508,-15.769032570525521,-12.547817558218407,-11.976199783131804,-15.418511746636852,-16.258108686380684
1.0002079502894974,-0.7189881293973267,0.012302677855893748,-0.36411010963456253,-0.6793457085628384,-0.1619536671225031,-0.847236017918015,-2.005682650659704,-2.8889854336765324,-3.06355081761995,-4.096330297089772,-4.28335241935971,-5.355083728664814,-5.48065246783196,-6.54657127348385,-7.035446563280657,-8.016463101422485,-7.330693786617371,-6.071848075087969,-8.899899365415646,-9.230973742808022,-8.815010977701174,-7.49392733974769,-13.644644211139525,-11.173577234676497,-8.49313508914646,-10.42289736613513,-14.688615220188598,-13.325011008601875,-15.55215611253552,-13.851883132865055,-12.938407523273012,-14.491056671343744,-15.41543992810503
0.3573438251056981,0.936838186612794,1.2078055916276587,0.11932699675556425,-0.25568748984132555,-1.0691652317164044,-1.2053359899223433,-1.172010978891417,-1.5456604997100314,-2.9115335035234637,-3.6949371121347094,-3.6476346716164696,-5.0332177852622655,-5.166369915781196,-5.562126788253824,-6.0580698201250565,-7.627857141597295,-8.711751357747586,-10.312433156397871,-5.797105601268736,-7.634593536259853,-11.320937987569733,-13.696552876056462,-11.876023280631246,-9.775159284061813,-10.889176837356167,-14.227742889307963,-12.394607098017634,-14.071850819039296,-14.509219965590106,-13.436443735247355,-13.872880434531886,-15.435938124141773,-16.214077584349635
2.505478599634061,0.8727349038186744,-1.625596654843871,0.6967449161443545,-0.8850786595712233,-2.0776414558938168,-0.9716303506992123,-1.4056049970541966,-1.9959616243429428,-2.6873962860471377,-2.5834869695006826,-3.2364909662771213,-3.86022099943758,-5.335572360653777,-5.54886763137074,-6.564764819370366,-8.196807576308155,-6.781465417226423,-8.442313115765458,-9.638267607260058,-9.971780653529938,-13.405710445306612,-9.15603588631735,-9.94119326532937,-12.64985042053236,-11.662303919835352,-13.37971268381008,-11.617566861784569,-15.685895386306662,-12.017653343920498,-14.250460550586817,-14.682315498729215,-17.038306634975896,-16.64030231805506
3.6999448207343444,2.4374720728970694,0.4839703564916989,-1.69603435890421,-1.8450342947320661,-1.8198676834465066,-1.7737150995117992,-2.2227704012964837,-3.128665986117135,-3.6520775714254587,-3.4418805414752884,-2.9224538390618817,-3.6980737405969353,-4.063048582312366,-4.416341469898835,-5.732787494811396,-6.751156292083412,-4.322118946735383,-7.476803805094559,-8.79074890790961,-7.457166290520801,-10.087992289398844,-10.309252975407963,-12.747751680704832,-10.170189077738899,-9.613125182774583,-11.643023284168583,-13.0655816589309,-13.02029057155029,-15.69869402066736,-16.79514417020151,-12.749588999357785,-14.314392324911553,-15.170066095261811
-0.3393356941248756,0.8683048547038951,0.4245555936323855,0.4097038103579806,-0.5518178034640543,-2.2549553000995766,-2.5041091596918497,-3.421450562345336,-3.557637430078567,-3.157167501983683,-4.279869303159932,-3.438123046166629,-3.4680705657002866,-6.145292034655661,-5.5616111120870935,-2.4432760721342843,-4.959306665868958,-4.5688453988064115,-3.9762297587026696,-6.744075817946443,-6.512684369349532,-7.80859081003526,-9.337324234613545,-10.71265093422059,-13.231681449872383,-9.772488426253897,-14.12348365035811,-11.676967700540764,-13.495814026207633,-15.087286128242974,-13.60993976041618,-12.750496435660976,-16.071841238857637,-15.279074495924887
-0.8450124506673277,0.8388436713955575,2.6139011362123816,0.8421629074829076,-0.6351207168199299,-0.9885221186166993,-0.21266745272720214,-0.7684773570166042,-2.4249398348332885,0.25616896036355863,-1.8798051829518994,0.594072885635663,-2.387469317522909,-6.206229642306028,-5.789358055586232,-5.827221841661464,-4.00399344759916,-8.288617079205663,-6.523557232393304,-6.828794871948322,-9.740945610022713,-9.641712737972016,-10.078423358050982,-9.550480694329393,-10.379257586092498,-11.757260274099117,-12.229482460728136,-15.700545008428866,-15.175982044297902,-14.967681042268877,-15.815290489799091,-12.063242130971084,-16.013737957043976,-14.558621532923658
1.5375596216771252,-2.024375321684005,4.25648535320141,-0.045373454988757,1.1750681552920896,1.0576350798420373,0.9497044395009656,-0.9243449774742644,-0.8579939402318695,-0.6409731471225517,-0.08986235894179641,0.9242777284855442,-1.5465362345880322,-5.042525581161899,-5.166861030280055,-3.560998894523894,-8.051134851863127,-8.921719643717676,-9.442259741572528,-8.793462344108598,-15.241525712352203,-10.779035549600378,-13.602259173205644,-11.01791705449873,-12.076800066812918,-12.42885238478935,-14.023306008976787,-10.586885487889264,-12.967878668444166,-12.272362043918658,-14.392336282642445,-13.548681389490284,-14.844879865594242,-15.098538048685628
3.348073369039895,3.5734988985904175,2.947403254247199,2.561622585563785,1.4199919813928668,0.44671338711842745,-0.1538130153132424,-0.8800795960378032,-0.7281038449177859,-1.0065058755946477,-0.263685406981667,-1.0921533866818878,-3.7878885063658965,-4.371146965199336,-5.273484783946898,-7.330396416969011,-6.965302050396807,-10.695243585411623,-11.143757299957386,-11.324650549901609,-11.431558958084949,-10.797542809975026,-9.69578741282902,-10.942970096019717,-12.340360648684568,-14.109732352546745,-11.412804913995505,-15.529222222955498,-12.670843051650735,-15.458221624245605,-13.318493327159539,-15.668847685179772,-16.078236715514645,-15.38305223484929
4.210212398628504,3.404596545331826,2.7258266511044953,1.28607146970597,-0.2901805511575236,-0.8411696825332143,-2.2424531725276875,-1.4807065266137103,-0.46095639833203517,-0.37248671278580014,-2.5336733452558127,-1.6145754582840581,-0.28882795021778235,-5.0412583493835825,-7.626607561701394,-8.31547279367894,-9.301426344693374,-7.441870167787721,-10.560828393734065,-7.614461974983593,-9.460047935620707,-10.548074171110372,-14.915735783421589,-10.004198195631862,-13.502382201664354,-11.937917930877386,-9.943197675517304,-11.366887997821005,-12.052441003890618,-13.7228014995186,-14.784294708708803,-17.199287508275564,-15.481450799353988,-15.579724908390236
3.210668683140882,4.066466791301312,2.7096171596148997,-1.0842520030313878,-2.8223590836454733,-3.270725010099347,-1.64093159518956,-0.7822131965983599,-1.3830961867522862,-2.0236394627654724,0.37814196857342114,-2.944049408308645,-5.339271288435214,-4.339050534557479,-9.67432747633792,-8.914251512024137,-8.997621635494562,-11.042814360568254,-9.76979473604001,-10.049626003520816,-10.009345866973307,-15.766576370659076,-11.220731720979664,-12.423685580497484,-13.250189940255146,-11.188625344035223,-14.294092077835138,-13.532770045570711,-11.271793099720705,-10.153290025159391,-14.870446676515638,-17.76126848801383,-16.24815320156635,-15.524393702643486
4.064146986370688,3.8221849133484835,2.8167504930006384,-2.549636446381899,-4.097124017569364,-2.076629555761095,-1.5170001904882517,-0.38873228891295747,-1.2856681644896564,-0.24518988754108878,-0.8209699278880246,-4.499821565502942,-5.050736451835083,-3.9679577285362324,-4.24451690221004,-7.189107478936191,-10.198648673224605,-10.37915034758732,-10.274624439575943,-11.720465204726995,-11.101760871997413,-11.841817967593446,-12.824799092923955,-12.095110654044356,-12.595418092714239,-12.188400893992409,-12.290344868556774,-13.953810040540265,-13.096296423977247,-13.976395152442764,-16.846283814631597,-17.66491794914512,-15.637008054814473,-16.243791400071945
3.739611096194295,3.6453590485184524,2.798682934895567,-0.3158336924437306,-2.742102702584809,0.5532830424055857,-0.2172555518197977,-1.1877142863410204,0.34839326940736187,-1.165700037759283,-1.9951856334818883,-2.4239184408913865,-1.0585025123041674,-0.7638257490879566,-4.174454011300412,-6.791292135628056,-10.006578836161953,-10.42919231409305,-11.867411128547412,-13.111210739141036,-12.806965091492824,-15.486747932601823,-16.394965760778483,-13.907450594549752,-13.70264224884338,-14.04919943626698,-14.441254058183404,-14.500618785801692,-14.053269881080526,-14.70250424770075,-16.60565149735925,-18.06506774114671,-16.744531850599305,-16.18618039831235
3.851746822678342,3.1992973080309777,2.1684022124612516,2.420908640643983,-1.7386508633026523,0.05569858943097465,-0.4609992058436671,0.44486876164317657,-0.3979079944791552,-0.586410188007003,-0.4090071356283531,-1.0452226977639172,-1.6684443660016977,-0.8813931810424318,-2.9459470339597633,-6.270177410080639,-6.0241079065746,-13.055998846219078,-12.297627315818591,-15.792529054764467,-14.594046248244469,-14.029879669419921,-17.332785452883826,-15.129337835281063,-14.225619538802256,-14.516527430426825,-14.681782476393936,-15.073213818217607,-13.363319981932639,-16.56531493105945,-17.069327886367795,-17.770096095343824,-17.925364964881467,-17.388650321105498
3.4271832087129925,5.092365267038627,2.7354252812575686,1.724397197200623,-0.616012212364259,0.9588769854170279,0.5026101538672063,0.40177018367216716,-0.9746876770413038,-0.6913175408066263,0.670315343009971,-0.5224782071828563,-0.3188394761175439,-0.0708780361115985,-2.9743737601101348,-2.562174571823296,-9.114434096264823,-9.611557973940185,-13.165315549112666,-15.27431264859737,-14.038991359335412,-16.05105088613834,-9.155795786777988,-16.886196767642502,-17.220803254478746,-16.436222338411692,-16.266529976032924,-13.445804247527946,-12.725646622458116,-19.37145173544792,-19.55584943311813,-19.100183824409875,-18.952399242909024,-18.3715685506219
3.331287378085002,4.66119077525231,4.199955286449235,1.5414655033853704,-1.3228521414603538,-1.6022778044011476,1.8094019767848135,-0.3002275939826342,-1.578661404767354,0.44116833365858443,0.5889865281229666,0.15061954429872879,-1.3409812259350289,-0.9248711191855417,-1.1864165824900799,-3.726793340243622,-7.272568602959461,-10.113300990373688,-11.986773969678554,-9.240577970102626,-11.656693149952684,-16.727531075567658,-17.39076559327911,-10.406414048671934,-11.100254248728282,-11.74588714616373,-19.141917707544323,-16.283163864193686,-14.317457904759493,-14.713580597965498,-17.207865633054933,-19.949382396812606,-19.760651965593883,-19.03098477569861
3.337864467118009,3.22556145730024,4.328454859362272,2.2894883947264186,-1.3418218906463797,-0.5631998242144546,0.6047232096548371,-0.3620375061027902,0.45017330142818224,0.6949563746193056,-0.07755649302753764,0.9744408750919206,0.2351909222779921,0.2608243068349006,-0.17655129209446205,-1.8671471292506812,-0.8957294700038538,-7.293978176440278,-10.10519482967122,-12.59023985161159,-11.976823712529736,-10.527040775788645,-16.27167053660236,-15.651111924515204,-7.933374881376419,-12.812651130961237,-13.157946870829699,-16.848173363084673,-14.394380592891483,-15.042962512005221,-16.461071065224466,-17.19607028782871,-17.619465761515357,-18.61841956405638
4.377472655230344,4.735240852237109,3.962720324999954,3.1955870878314596,0.5342712683274994,-0.6936959603550071,0.2750595439841244,-1.1153101701180455,2.6328869320958526,1.9020145018299426,0.7660093521730418,1.0737915275432508,1.1391486585460722,1.4801932150111223,-1.8090166966305252,-2.962300980512122,-4.733683511922512,-8.881785142479385,-6.080267857085081,-10.868303241863078,-11.382531769130225,-15.57027582535077,-16.807639925544745,-13.781853341355419,-9.7482926039653,-12.447166101541972,-13.863893152616988,-15.285793126441412,-14.970875174011796,-14.343319565261679,-14.013839516095853,-15.673301367910984,-16.105781169477172,-16.49079789561851
4.450692686208422,3.965452932784037,1.517443008424428,2.5809727000548284,-0.10012901809463229,0.6039746831526649,-2.541701923615408,1.9651334490642667,3.93165090590075,2.733086636116607,1.6090416563502639,2.789839486352204,-1.227435281442121,1.3458389905923007,-1.9539155536985287,-3.7481651674691148,-4.0252748005206485,-6.016098457923697,-6.528331024321291,-10.358881807489,-8.763948634787935,-11.21085258029524,-15.598418404925276,-13.848559556091232,-13.048473975613973,-13.634609312997616,-12.795183235660428,-16.512288651137276,-15.517062540108194,-15.696612163234013,-15.246951556954713,-14.499667392165511,-16.129528117479556,-14.10300934387486
4.339975745938485,4.07107243726002,3.136132089232325,1.7519841351963164,0.8517857814872862,-0.5784327267836301,-2.321680005627477,-1.5013098529455802,3.137652017205875,3.9395377702132457,3.310864194938066,1.5334257726416398,0.3311212438527573,-0.5999650119025774,-3.4609808080396776,-3.0848484970349106,-4.0884258949103405,-7.356747949691241,-7.444832710544761,-7.725069362765285,-7.834578385255869,-7.801263897802316,-14.468280816882338,-13.902164455049006,-14.268540945588043,-13.748649083171479,-15.027357209319081,-16.799486890635674,-14.784809502383734,-15.096280914317655,-15.349911276439542,-15.242750957895288,-15.301498004537532,-15.572646834176455
5.387542282001411,4.22997186597967,2.9949219229833823,2.686618741678615,1.545848944586952,-0.10161256484098012,-1.11185603608584,3.44618652850587,3.636853556385179,0.18420257618724634,2.113090220274499,2.5154091113561563,-2.7954326729410965,-1.8987141457024035,-0.1133642552684794,-3.3282911534281605,-3.263527833154707,-6.964341563878291,-8.094548539351301,-6.672228441996383,-7.084253163302086,-9.648777527592754,-12.99896653374749,-12.574551979357645,-13.282246009312676,-14.848108576996761,-15.913653291092263,-16.75297344913027,-16.224690986173744,-15.682155590098471,-15.49184887156885,-15.232323607728274,-15.872264749300827,-15.632846369123287
5.154137568743231,4.140693072774942,3.237066203584834,2.3248420439130815,1.7620393944323551,1.2486847509880161,3.089332841206183,1.6716778540982506,4.183752536422299,4.154189113780186,-2.112264421745398,1.570959459418586,-0.8372901910025615,-0.8289637468256725,-1.6402527207624102,-3.688263892896626,-3.521406534033235,-5.913538960318059,-6.9847198441875795,-4.14351300601097,-5.292620743444356,-8.306818997440526,-11.024104233243714,-11.363456347398175,-12.329780424340967,-13.92931686204948,-14.867015829105203,-15.543301815331315,-16.125216226724923,-14.957002828483052,-14.59418233220693,-15.364953731588692,-16.5115046762532,-15.70545119113105
4.795193561689611,5.175769254604547,3.188562041958656,2.536627399185647,1.4765118417794516,1.8593810313514663,1.6214188676131787,5.937657868916061,4.761913976149455,2.6950927497103914,-1.4548365396467189,-1.8966873495851648,-1.94095631804049,-1.3899732836051124,-2.9020429331233863,-3.348847200266859,-3.488263915094829,-4.942911164656694,-5.390404474108549,-1.4811343647928747,-6.062427345536801,-8.363646614319201,-9.71038671098346,-9.19537256227388,-11.110167296283057,-11.641112377276455,-12.02287624622251,-13.928950213064764,-13.788422865460817,-13.376045725098402,-13.75575628606317,-14.992490154818583,-15.856927784811758,-14.917465131581338
4.413714297502408,4.3939274141966465,4.636433281041353,3.3672468212482785,2.448704264508383,1.3691418110428726,2.3800156701171766,7.472497853350886,3.770829891725324,-1.0746653853063948,0.9171092387150147,-1.5119573475542845,-2.41207764626184,-2.874889091210523,-1.592270558180969,-1.995475630895775,-3.8797892827141163,-3.836855931107006,-2.634549431617236,-0.3876415214569539,-3.4805560669489877,-7.432606505606358,-7.476659577091019,-7.4286840547242985,-9.345117087923413,-10.490571698936321,-11.528740367769704,-12.48517881073343,-12.404982580904768,-12.99209965805335,-13.53068635535607,-14.899880375977414,-15.32987983770818,-14.732728163705197
