script/wind10m.json
{"header": {"parameterCategory": 2, "parameterNumber": 3, "lo1": 6.000027932988019, "la1": 58.9999434238085, "dx": 0.5, "dy": 0.25, "nx": 22, "ny": 24, "refTime": "2024-10-09T20:00:00.000Z"}, "data":
[rows 0 to 23 of 24, columns 0 to 21 of 22]
0.8056208816153292,7.059554000028251,3.489960159633151,0.4502737144860539,1.459536173095537,0.12239602153894011,0.3865842432850875,0.9120072915996758,1.8954473579024564,2.215289744704029,0.5447379336776522,0.6820035048763531,1.952501384816105,2.0829577905987864,8.226353544516558,7.7459991306847655,2.251297851717489,1.998247875295605,2.4122083734978625,2.194099445545032,1.8897160848919097,1.447112224003157
2.985353403102104,0.6446360956806668,2.205886359537467,1.2283141146479601,1.3933752134984343,0.6611858778360592,-0.2442028689987652,2.964348742080184,3.7442853804718763,3.048105592280772,2.7067525499315197,2.149386103601392,3.369531238657381,2.33168922470861,5.869974526729018,5.150764766727961,1.4332235103665931,2.301058891901321,2.467888566293474,1.5979749723330983,1.9366170234516795,1.807315955231395
0.4484527154410378,-0.45717332435486013,-0.12423081847667028,-0.11918185093963334,0.23189037222758846,1.173573528050027,5.28500451397828,5.961015828383531,4.2004425068117595,1.547897758837526,5.174069746886688,2.167949316242303,1.64486257489504,3.0772689448881225,2.6788325148337098,1.6271464148006136,2.0085613972376,4.40269098755951,3.1930605243390344,1.773065272340056,2.512944862011349,2.484428258142152
1.6070895908646088,-0.49968023795076605,0.488959644735856,0.25366843382770227,-0.22035469515587705,5.084056454757701,6.113319199821772,6.084605249351937,4.702110415061063,3.7949837491489937,5.481338466545739,3.161557507300503,1.9523523313088245,1.624271790246772,2.5185901283173178,1.4207726044905067,0.4846220868595545,4.760919529646306,1.7554861967032456,1.80928137488004,1.880876602918775,2.1406873107207485
0.12435240144170666,-2.088110990112185,1.2191730608181652,1.4890768011260138,5.343790089860801,7.420425177634574,6.784446662112047,6.052089729985001,5.751029904539334,4.914436141488067,8.023391621376746,5.6782609427655935,2.7370244106696933,2.190003248670965,1.3650580914322434,1.0964062271517794,0.9201170715340401,1.9928319605146585,1.8225362655644244,1.719227119617019,1.901877023358426,2.0009350802698176
-1.7837705578088368,-2.514829625360625,0.15530038251577105,3.681794122101609,6.474766066068053,7.4693021544565115,6.116422208633116,6.004599435045779,5.636235675774686,3.8468201097032217,7.473452189477532,7.100882406751207,3.306279133064644,2.9111952564958474,2.568670664003185,1.1872959608051907,0.5258160205133308,1.350585292546217,2.0882187387314834,1.7955770897963002,1.5634720872824224,1.9433900424881791
-3.526257815621903,-3.7783312608151376,-0.8667235098898306,1.2539008049434048,6.183737701344674,6.438076846546172,6.099626925340352,5.902198163247624,2.8612577170674136,4.259598178438315,5.383293837173715,7.711314037150514,1.946726791224656,1.9737793873144807,1.3844894711128248,1.1675261506417531,2.6277811229146537,2.532501594105004,1.8767510704440955,1.7689429272844366,2.3772770143291355,2.344650568252925
-4.986121919630051,-5.026248962774328,-2.208546078452167,7.121089686669739,6.618418509855791,4.658633811873656,5.332105669011997,2.0674307809612906,1.9727245630813737,1.8344001275764992,2.358931048333417,6.990442017879712,7.08573935615146,1.7087734890910191,1.6051011926268253,1.494636154076782,1.861702192497686,1.3046807007137264,2.2535881095270773,1.812991280583761,2.3619814604583356,4.311135809997802
-6.468180198320566,-5.3214741703561,-2.9052037194687492,7.293057732435782,6.636327587808323,2.428519558232478,4.249165231430092,3.2603736491594337,1.0623350101333944,4.8570073599378345,6.496157357128395,6.258526431644196,5.343248401311448,1.5708688690124104,1.0869141528075124,0.9406306547806417,1.885322125842697,1.893808929086484,1.5736653854821236,1.4423016352987186,1.829145050924247,2.4283982638547505
-7.2652042489973665,-5.209672516003569,5.1953788844778535,8.000480599951981,5.859403444559433,3.6897713805797823,2.639798457140347,3.1488524138499847,2.3214227723404592,4.210970366915569,7.296899849929877,5.650029261902476,5.7927970707059835,4.412465513300499,1.2911620958904049,1.9034338938968747,1.4661212350366841,0.3570551124610833,1.408518180773878,2.6991633559682104,1.6647858614157138,7.054057721237379
-7.289803947364985,-3.305043390720533,5.497669966039218,8.963885792878749,5.636645352398803,2.27804576033108,2.5472448658335334,2.6244449199796422,3.2158927074603803,2.279005528361497,6.286075326282442,5.775962056398835,6.216066480610462,5.185288664198108,0.9478386325819399,0.41802324577470806,1.696651994391435,1.5607021307641509,2.7488410508616568,2.144642815358254,1.6950562334814216,7.453080696063421
-0.4349246796120484,-1.826956444265489,7.062862022739867,7.677516606875909,5.636010809377278,1.9372379544629716,1.9542601812202138,2.066678651488168,2.1839818549977092,2.8578268951488868,6.314570912590683,5.921054311088766,5.011411401541447,2.172679501144995,1.396650333571107,1.544999235288658,0.8792986556031226,0.8844680138619662,1.582113563157966,1.8883503597406326,3.4724251927123206,11.275980645800196
0.04132325584662773,8.798385863633417,6.4013698781287856,5.37193663669723,5.008569959883334,0.19378827796012202,1.640749173023708,1.2617228146105666,1.9280157509548923,3.481055522894179,4.328115840195668,3.679516983465886,2.335814138563093,1.5738435268937503,2.541130799437477,2.1142010833679676,1.4269619154539137,2.911756913223087,5.486602220609483,5.525706497685049,5.545415260250337,11.26383842460249
5.488233439164801,3.112315599810633,7.635845162652509,6.671228653108102,4.968751444299004,2.1779922530344815,1.7699355791427618,1.4046008232993743,1.6897106188424498,4.9806012092504535,3.6897395093780885,1.8652589351981537,1.8662012743846428,2.515796952935333,2.081078903411532,2.011055395724939,1.5151771418717441,4.58565660928829,6.920240029182948,6.296562664512259,10.931664033023122,11.237910719153623
4.936179259955652,6.551668938163986,7.469091949814465,6.983221883320208,5.481833469165891,1.8297125906678213,1.5527399604211363,1.0972231757630533,1.2289581035090225,2.4015004568034786,4.730297820737924,2.2677820312419406,1.8735371881217049,5.536212132331477,4.2704237791529085,3.6377976188887344,4.563503768476553,10.23191022958921,7.963440763204681,10.076830741863374,10.03873707649959,11.152146556454493
4.534208983668852,8.615442209967853,7.358278755552374,6.496613041316734,5.315225527253936,2.6144432615583484,1.0361135932154106,1.2904227032987245,2.2460611902300274,2.708599810961569,4.755878681787475,2.541435839703169,3.121909529142503,7.996624556772683,8.983375801662925,8.407867873106415,12.325281610538749,10.73219513370054,9.073618381392786,8.421910856895456,11.289995540762803,10.294048811582446
6.859331171437773,7.585437758785922,7.08175947383848,4.989023045357593,4.566562509284663,3.0305851790503664,0.5766465807742889,2.5359064568035015,4.056364431954092,3.415232840982371,4.402330743504622,4.716220022573294,4.166137939241021,4.532960590479724,7.783268858148075,9.545879115564823,8.917824461358544,7.4640380712244685,5.80822912937234,9.679022174699048,9.182294726479128,8.115590619156963
5.33954404935998,7.052108883891267,6.117060992821259,5.138914001397002,4.0170185032435555,2.111974607671997,1.1569460209318223,1.900658405571044,5.595230624754834,5.445567727571124,4.840569231785153,3.242034680380589,3.586913426658989,5.308132642304734,6.709346596210382,6.733164965408326,8.40056952817152,9.608215219667388,7.385975171873938,6.71624796508534,7.31655969688453,5.957166832219423
5.041434013189505,6.90046381211276,5.813959881633688,5.01380812615576,4.910624421086626,1.2221550210842278,2.588791486911057,1.4190303755524132,1.9993291358822918,2.967804798475426,2.2474788586578187,3.467275631025054,3.8659163173692996,4.513913569030242,3.911903121528954,2.592723314885877,6.44063129628944,6.133324917906061,5.943177237597087,5.3308447491005175,6.184199076324364,3.4595338686402872
5.8100324598499125,6.590022448285007,5.117779327297308,4.848889345973064,5.782594322964268,4.228186089563785,1.9645562736614646,0.7649535987476528,0.44501744481109423,0.19955345780103226,2.748559198327834,2.2494694581971135,4.749519015974478,2.478364767765792,1.9146404547474716,2.865875452028809,4.314439670703035,4.091130725411619,3.364222846113845,4.454516324585856,4.010310218322401,4.094371166790852
6.024141022542891,5.352255265631301,5.23968285802408,3.548976817943922,4.182586968032501,2.922460272287115,0.4694386937359909,-0.688188919308152,-0.13098834214695473,0.045869771605154055,3.8069418469910783,3.032521265759714,3.030970280179831,2.4648349920565886,1.5392487052266384,1.8244677598102002,1.8850945199649083,3.5485608194270313,2.0585429206036934,3.655863244045401,3.4231767615082322,3.0465848392007144
5.479760023308475,4.550596700062553,3.2136426922907644,1.5891393474116566,2.791134596897943,0.20578676130351153,-0.547671349797332,-0.5207834757189705,0.758035336992075,3.2351473458703652,4.8037016491663485,4.434481693558041,5.321223158732261,2.955437925401889,3.6581613055106303,1.7585280314610439,2.7205578403411432,3.608883465387825,2.9950606536325957,2.670178474568956,3.565708536718757,2.4289601839680754
3.2809946812440245,1.9662075969078114,1.3671242667981418,0.7455037471875011,0.6389290390902632,-0.7882991263466258,-0.46428626033706544,1.0270476794207775,2.4118143443180515,3.757571311113415,4.099780455529621,3.2960128208667205,3.6019015454197807,2.7964162895758435,3.1871786646710945,3.490101096703553,2.6564916220734407,2.135093268969423,3.5886644253377935,2.765824675794061,2.680147320233152,2.0202544572767596
0.4158860395297427,-0.6390989133566509,0.2747180517240833,-0.6763870342208019,-0.979352557402897,-1.5534765160572044,1.7897478394922446,2.1383031177236096,2.6744308330244166,3.1123397313205463,2.5598991295675657,2.296031163669334,2.809201206805245,1.7083854664601805,1.488502669548419,1.9071963678076633,2.716620673965435,2.3503092772398615,2.8501491655772853,2.796075339133989,2.306719782416797,3.7701512210924197
