script/wind250m.json
{"header": {"parameterCategory": 2, "parameterNumber": 2, "lo1": 3.000054539987559, "la1": 64.9999836372058, "dx": 0.5, "dy": 0.25, "nx": 34, "ny": 52, "refTime": "2025-12-11T12:00:00.000Z"}, "data":
[rows 0 to 24 of 52, columns 0 to 33 of 34]
-15.301771270683352,-15.418671475979318,-15.207910410026807,-14.934256947504021,-14.551681817371774,-13.921575356957016,-12.63646456230661,-12.27795494104102,-11.75559940712599,-10.157376238304254,-8.581931061354274,-7.187488187136405,-6.234030331196496,-2.5420085176752925,-2.8263992481110054,-2.1264194560126,-3.733311904676687,-5.003777976651506,-3.6339949810516483,3.2601527025639614,-3.329846189432253,-4.11796692914196,-9.075682942765978,-8.351373979823324,-7.456011133099764,-5.6801862007322885,-4.94927386910539,-8.597889486579808,-5.973288811961195,-5.275473826989785,-5.388752669769833,-5.658167678924779,-6.988546166060525,-5.475999666087089
-15.695281749943938,-16.133482177535875,-15.60769426030727,-14.639990124242008,-14.501511476969545,-14.22348666152331,-13.660458962481838,-13.021980995515475,-11.871492403253477,-10.308958776298432,-9.67115696541503,-6.086274184358932,-0.8377758580235901,-0.14595882078535738,-1.1292693047529876,-2.1562095162452253,-5.372080584962085,-6.818990748392147,-2.9214477781667014,-3.3460054790939817,-7.940924880907783,-7.883765205385751,-2.138704276428682,-6.553886834161356,-3.9484431185672455,-6.858997079954781,-3.9513707328844574,-4.956177169666822,-6.246902525531475,-6.895861192149147,-4.41939109194107,-4.748142872981377,-5.088176427548416,-6.176031864436947
-5.623076406295482,-5.285265797269757,-5.656080233622503,-5.30553827713376,-4.6307520956928885,-3.873961327236164,-3.3455195840376,-6.08587036329668,-4.076108322556462,-2.764932424585399,-1.7938086403458005,-1.1901005501944721,0.31390094143859976,1.1327849441688627,0.47152250143747876,0.8705825480405797,-4.1616556630426285,-7.052329820065426,-9.56129491780101,-6.880678108658534,-4.336417509015279,-2.786186140051683,-9.979636024283,-6.203683811610828,-6.896277801903765,-4.282642184430217,-6.775532050225793,-4.167033593734907,-4.90380914666682,-7.449885302567152,-5.171302807164108,-3.9516045357542704,-3.486345301585342,-4.227363556339429
-2.9540222983346003,-1.9524816603583737,-1.0930592864016688,-0.47017647828330295,-0.1008754188028027,0.3635991961929123,1.35022775861683,1.591474829356345,1.7525967703021346,1.4739541993667833,3.6012261690408196,-2.0726956844810362,0.8524983543243181,2.1393686606317632,2.237779538475808,3.459580264191528,-3.252810432326858,-2.5026002470939406,-1.7918065429263224,-2.001213174966335,-0.7923242679287867,-4.21194797016358,0.0451959054924454,-4.8417017520608105,-3.4634939975930474,-3.625496077784856,-4.247023448678818,-4.325608278062698,-5.763310849299657,-4.7260146951966995,-4.639472303915149,-4.108702094260056,-3.2347024121521097,-3.1135557425672884
-1.212460026114941,-0.5369445950947166,0.7419152863652082,1.7780123998576525,3.0950538041818367,3.551807496696896,3.9009981631707884,3.8193621657331422,4.181674079943975,5.588026498815472,5.842329563647834,5.448991848951261,1.695551309571607,1.7485830880947217,2.036581235199263,1.3341657499599393,1.4064091090973025,-3.027606990840999,-3.7823832507264776,-0.546088861593649,-1.4224425077616327,-0.523604982638446,-3.010438825497733,-3.89934487624392,-3.171571546151381,-4.245979119035396,-4.849124581953133,-3.4090940984597236,-5.1310997719886435,-4.465664592751774,-3.873182668719721,-5.391344212308111,-2.6031691002875044,-2.0839573879299853
-0.14126037231160435,0.3236597987401598,1.8420542001529534,3.2373029331316605,4.494639638933143,5.0808718649821865,5.034196453491562,5.84816664765846,7.324996752777008,6.511739406473074,7.37856128018295,7.171955894072665,6.4123797318423215,2.8546216390631254,0.6075091723398954,-0.5696192475870483,-0.9003599901382786,-0.04584472479318538,1.6375895242154668,-3.2707672340962426,-5.115627281070098,-4.163156429714659,-3.026179830671025,-4.588036987052019,-4.639517889530184,-3.754290432186215,-4.1726924390152265,-3.5982366615106023,-3.6090384732147824,-4.3098042200864635,-5.392787902537858,-3.2177286924125923,-2.5845520708169976,-1.92944790902124
7.635743269816561,6.613046405645989,3.7518752312126313,4.6463663423185615,6.003330513276478,7.112172096725378,7.836170344355707,8.063141186116718,8.886631767730949,7.464786963245925,7.238163016082365,9.23796924255322,6.883780151594013,7.42152730084878,-1.0691066767809834,-1.0519448676782308,-0.14070132120052523,2.8443414473421065,4.911656857551124,-2.926471601220384,-4.348970735350334,-2.8905731131225925,-2.8001883048439487,-6.288117909038739,-4.562796973381362,-3.5206260130496103,-4.159737064502526,-3.903886655832557,-3.8461532656841166,-4.5316616677075015,-3.0433208142708192,-3.005986505905404,-2.6254828519248528,-1.65776395530001
11.690729752547428,11.434523626509172,10.270666148643958,8.383116229255268,7.627949070840799,9.00997560623421,9.767115190174898,10.463166709014468,9.10058329288435,7.969906373930078,7.397483244913036,3.0784573195241864,4.9803427808305445,11.017959805804171,3.7948661553751903,3.323350842824094,-0.8792576928090472,4.40867204700004,4.550794421315676,1.1760226146837987,2.8128059442263877,-1.7924203913086532,-1.944174686981941,-3.8531977427051056,-2.3729702571514184,-3.0703417888090416,-3.6055507901631456,-3.73477954449126,-3.585271046752899,-3.0184817849549215,-3.474059349435315,-2.333614006197826,-3.0206826975166017,-3.4313717786487237
12.865798566957745,11.439984943655602,12.751830134348467,11.722401488454706,11.132790906005836,9.879017152399582,10.775803079938242,10.559158191927938,7.408370645670924,7.240017784793876,4.837359931003728,2.8794443673432446,6.787027871794238,7.128582194312255,7.713436864694728,1.1154724285826974,5.260453902338962,5.435408984146254,2.629093536159172,5.78958322125745,5.985238163529742,2.022636713223906,-0.8771749139597399,-0.32598175892744996,-1.6401385663162256,-2.27473981806144,-2.250721622539072,-3.948824837750846,-2.638754266760294,-2.0311310676813155,-3.521392134462584,-2.314964267091152,-4.326688277485865,-4.515456343767079
13.33755964532493,13.088522427956322,12.501056279936655,11.907272617873824,12.070741228936058,11.105679485188741,12.207670662093372,10.679464997329337,6.80541865414166,3.5332925794124344,0.7392240225893678,2.5684992155633544,5.816399577696469,7.522371233628066,2.0751047212622753,5.788749352741589,5.098682738226563,5.526279183153638,3.646192619773917,6.364209674548,4.6708796212270665,-0.01928988991394183,-1.4449199717685726,-0.03425538659675787,-1.7967183900604626,-1.8449286081546032,-2.701706882942223,-3.764104212580277,-4.760917513645731,-4.822937966125082,-2.31034370264518,-4.641408913601304,-4.950615292033699,-5.1568906153386465
12.676473313828055,12.54762279915234,12.377605751289886,11.866660425135866,11.685435759238487,11.57616423266298,11.489405638758914,9.012328693672691,9.122607461142357,3.2583089890221184,11.477154344364877,1.104569615016456,5.832486242668775,11.982928058215771,8.16763990933991,5.773079935747451,3.716380046553592,3.2233822264005405,6.124479956395188,3.1024311481929643,3.2511827143380363,2.350167339864799,2.1113423912801452,-0.038013286020123764,-3.2016434485703438,-2.5312721914478384,-4.924143534074873,-5.538534339960405,-4.77070349020935,-8.780090069158584,-6.061870215156045,-5.979057047875552,-5.602794577337305,-5.509382100954602
11.49376036045156,12.99615950086554,13.25502117025565,13.848027199550117,12.59952644449679,9.797700443272339,10.841634514662474,2.4707566226385915,2.726018130951008,12.950890049547779,8.10877962410342,11.145781432739081,10.400713062260309,7.256141490697978,12.928957322871284,4.82970522302278,4.4185606523788925,6.412656869960139,2.8193947947019082,3.126910148765538,3.627168129474378,2.2049444831675675,0.4141985372684367,0.8681920207187213,-1.1560569461549057,-2.454428456607522,-3.5385148965426962,-6.47480857898719,-5.662370933749368,-6.5779860069077225,-6.85229652451846,-6.445496576962279,-6.09563698574057,-5.2763738484176805
11.096724087827837,11.436291736260717,11.392001250698417,11.634399350989032,12.74786326151583,11.073074237360421,13.358367040258592,8.681800721209148,8.936510804114405,15.112493727911174,14.205150246490971,13.864643567686032,10.602909584216583,9.956818440886929,5.592046337525973,10.085191093501017,7.531585513494248,2.9335369719128788,3.322067333094735,1.9852699443044224,3.57956163700517,2.7752589820368527,1.0296481828556752,1.6078858552856357,-1.7837944008100066,-2.465966208023464,-6.5705246886476045,-7.5249618334600115,-5.541337075521122,-6.8316024585113615,-6.518861830446552,-6.62551031652746,-5.812533587995826,-5.121769179637527
13.797839675568111,9.630148808028165,9.868494980430478,9.312453667440035,10.690858240112293,16.896890440634586,17.926725419540556,5.275482453352939,13.802363353401395,18.553526935071645,17.699882720301687,18.464549736780263,5.300405260994325,-0.5135200914833185,8.760507591105725,10.279724238940615,6.099534919548684,4.919978464972314,3.7103414509049024,3.966270638455145,3.397434145274864,3.037437962990722,2.5074454091599305,1.9846678250037761,-1.0709972393590141,-2.8015190418080023,-6.009547622410039,-5.0227585216680595,-6.239241394159593,-6.687722138634548,-6.500905286683561,-5.888230232557274,-5.222930757049203,-4.528600312542764
16.67431564038381,15.176730360548271,14.016811121242444,11.582176889104723,11.820617980054642,10.823229680772911,9.226352551808477,20.335223198991226,14.128414655859341,10.990781569064351,12.749232790931808,22.023321553131193,12.740882367728208,3.9090376905875774,3.614971000364041,8.997150701850996,3.607703536319943,7.314643179924458,4.5348010491631445,3.473301112868784,1.7015744617436834,1.563017414976511,2.2171013384741265,3.1379468917831135,1.8541509988681517,-1.4482932069187653,-2.071676141981995,-5.168821349259714,-5.063543266374467,-4.547250344782367,-5.3069065005692755,-5.274364975435147,-4.774667956093143,-3.846670826179893
16.320984016813036,16.384999274118233,15.606808301017207,13.939097340582906,11.408409942541747,9.396466356835518,12.742526882069907,4.266411129078831,3.6115980926863425,12.898659014016616,16.74383461207916,21.169936385161037,7.707727286914807,10.081710919194366,5.512079795925906,5.113927293553856,6.770339238263763,2.2216230446391685,3.851401685420744,1.8599815799243098,5.445965770517758,4.079256173697012,3.8544813074903077,2.8124912845148153,3.2236704507928287,4.837455701395978,0.19306056369033828,-4.58038651504367,-4.791915510474203,-2.6438843394592313,-4.816893816409762,-4.346846984851533,-3.613211515097789,-2.7295268290014474
16.615841307914913,16.021490005553883,15.571550079990855,15.10658535190512,10.318795714210076,9.88005913740845,15.963742490273885,10.174023262374972,0.9884889684327445,10.873170497675172,17.029683025835986,22.118292268892475,5.189343507729205,6.64963293368643,3.404681179008027,1.4246605002499373,6.794061666763428,1.1834618337749034,5.3937132530352105,4.818411491027451,5.540355599653977,7.283003368870583,4.951159419014669,5.944015567728802,5.085493527489093,5.6040090427324705,5.787207078131497,5.231157811940728,2.14535140473232,0.49758571521403616,-2.523635979018173,-3.6018896791389325,-4.679383611576952,-4.248357793221025
16.67664670467314,16.026693086728212,14.677894720565885,14.345407175566534,12.106589164059535,11.779682907830235,13.242650515985751,8.50738122178183,16.36994898887359,17.377975312180524,10.630424068793813,15.3288071605574,3.047053209329082,8.451171468008551,7.367298670686046,8.899379243403724,8.269211867853732,7.848097806190384,8.438232607820904,6.666379678002677,6.198828461882976,5.353715266136218,6.3649671886804295,7.093007464043504,5.933053690628252,5.877804456193713,5.280878268198163,6.145091863875391,6.085733713715605,4.79513777037381,5.185515076362955,4.130161358248956,1.183744428131211,0.9599452760776314
16.60009583405435,16.961787251750092,15.364443152837401,12.865073648941125,13.282305283382268,9.542887325307593,13.964498677655234,11.1762894602665,11.120274471776511,21.96689032631862,11.648745888983955,7.800861270693754,11.072788938337053,5.37412746376628,0.5981343528199733,3.5627926006196913,9.47767407944764,7.069360026774672,2.20942321144462,7.216479444732454,6.923468488127132,8.103968724322204,7.442438198289019,8.634416073530257,7.99372129800574,8.487360972534052,7.938046860456587,6.5697863788432445,7.166752842079902,7.408500361542939,8.140099611782539,7.571088698612075,6.860418061863335,5.433225648006645
16.249384910842377,15.759512018501997,16.918484036452526,13.177972149566891,12.514214234951783,10.76544915302991,5.5469675521197175,17.90568399365149,17.109458124567844,20.224191457696584,13.740936570329268,11.943402825768672,5.3212291547237465,15.643272134909164,4.443474457167415,6.933773292277638,9.172137060984497,7.520361789900438,10.71219985096813,7.203542226976684,8.272509662532066,7.0427507067157205,10.261198526567117,8.910530983082696,7.347093826208376,8.102603095435597,8.155102378847289,7.248314060971156,7.189192198783893,7.77317497052594,9.2656175625688,8.720057399184377,7.854943517476337,7.136238848152059
14.27534643991051,14.353045012875393,15.98096818376213,15.615906301698333,12.520756308028133,10.529613803107837,7.20355731872275,13.560022204600175,14.856586858519583,17.949216360613246,15.261622627297154,14.48326505941715,10.159837020772796,3.376698959763569,3.2127158496023545,7.032095189940293,7.747394187172013,11.891025037185036,12.262724548462126,9.493595511928294,12.227649737570491,8.746779822092345,9.689226020049711,9.91664996012855,9.172746039980147,9.47716299617349,7.713482838441488,8.116954306877886,8.389378803007709,8.545926492558863,8.803728086531423,8.448249091209986,8.799590067172181,8.706609657303796
15.711199521868734,14.414747686420835,13.666205993303358,14.17097928491899,13.106340753788793,9.901052515737117,9.910820319010005,11.723194704551913,16.15187736610339,12.669754300139742,20.837784296659596,17.105619892279694,1.5264649594600581,13.851536347989006,4.720742873258062,6.3701332069481555,8.980713947830518,9.384385097289277,12.089042232243695,8.97504268051687,12.251477934327191,8.18891302833194,10.697977819066322,9.54931912276117,10.592281499099737,9.696274059080872,9.132745981239069,9.018125897778317,9.293612509256866,8.897001620278708,8.734148894053028,9.659675599428885,7.790072789147543,8.583940617846068
14.926401800402083,12.731771797810302,12.419543270468877,12.50449789446327,12.726612825980919,8.984812196449436,9.465795094646472,10.039871418958285,18.125066865497523,13.731812583198202,6.600930052979802,7.738117461692093,11.170480533346161,9.290557986467524,10.792113298364823,8.81849301730847,11.626512035861744,10.870102191202182,10.202641690523036,12.191699723761403,9.437626862199883,8.362447518773394,9.394601908201826,9.967831744076255,11.468996210089347,9.722657350048497,9.691721051776344,10.196667472742883,10.25530471809359,9.485180380092864,9.161677993483108,8.779985605792763,10.726111936160642,9.194487958546139
13.554597873770645,12.977553263809959,11.892644129520805,10.948898052464004,11.446608183952629,8.660304562863162,8.940587347659527,11.412888172831398,18.234169843112582,12.610268815048418,18.364411035717207,0.30335045609860684,5.732681424800081,4.443884150897138,10.093483046429768,11.05884355644024,11.515952393566948,9.611463258134906,9.609152231293344,11.680204406259607,11.160773022825186,13.649895788497725,14.971324619002132,12.18616540238307,11.444158000803052,11.056025132525585,12.658625470532492,11.172163093059002,9.226387129437116,10.319210132217782,8.778713264664601,7.793675518110462,10.52318991954078,11.27061208832118
13.81496414159281,12.977907256640066,13.06946108960089,12.089728086694965,11.669104827801284,11.435320595197453,6.003565690093871,14.579666226961601,13.572078468733785,16.530663536946285,14.82794096842511,7.11701977261382,2.1427448824378064,10.11123331414596,11.603720920111952,12.578475893267589,14.024924116731102,9.60612610668723,10.534402856416126,12.287764907637543,11.957927743267168,16.592385864071986,18.31425850506913,14.249667230158176,12.70035907903843,11.635690183341266,9.858607139879542,9.090577594143758,9.682996951693074,8.994731468765817,9.20742073135656,10.392032645412092,11.206964146678454,12.219895656283095
