script/wind450m.json
{"header": {"parameterCategory": 2, "parameterNumber": 3, "lo1": 3.000054539987559, "la1": 64.9999836372058, "dx": 0.5, "dy": 0.25, "nx": 34, "ny": 52, "refTime": "2025-12-19T17:00:00.000Z"}, "data":
[rows 25 to 49 of 52, columns 0 to 33 of 34]
13.174876275479255,13.18865278393276,13.94789226661577,13.645692996423769,11.719328624149675,12.77279646028343,10.297277779536175,11.008331495148074,11.301707026041427,9.41966925274766,10.116188904866664,10.871838752102313,11.968602739366968,12.331606036070342,13.803901115402475,12.70529063372162,10.388228553507485,11.29180269189956,9.080570412015549,7.94171065660228,8.85115172469758,8.001069543254863,8.80231199111971,7.666383587523088,6.684027893753742,6.398863271860802,5.148570951121166,4.785554681830355,4.681881370789304,4.488668065021206,3.4957604182015514,2.12995665872862,2.9246633302534963,1.018629898124355
14.342200541290621,14.092920476626224,13.73574815576393,13.716345310151851,11.666477322605703,11.810864578717846,10.69794037941263,8.301723471500134,8.948527758560006,8.359865428105829,9.928781813365086,10.125178660553306,12.13877065695421,12.669165957086737,13.757658569729356,13.29833462610622,10.387360804864784,8.089831480966104,8.186995677906959,8.946413655177485,9.810336955490712,11.109492113714563,7.883770135757883,7.759953165506617,6.927627127804095,6.777320499237322,4.619136108126815,4.3255356511893215,3.7777916948220596,3.8534605907455886,3.2363596941110466,3.332016305988499,1.69108821710939,1.0858051446970927
13.964765974977588,14.197768619093848,15.063269160526369,14.08742252628005,13.035891343363332,12.295931719714684,9.320219387007118,6.678063228575569,5.737655971273717,6.263306182429827,5.8396512519480686,10.28898835863836,12.016476519004765,12.86716591361226,12.890573924002476,11.374420887469316,10.013630375749372,8.253984304992857,7.7469921685353444,8.275313578572634,10.440345622446662,10.262091553169267,9.233772765289551,7.917907503000813,7.6585192397292365,6.765370476661391,4.964098878627973,5.689069005095766,4.1447927364853285,3.9662460761032294,3.3019177282797902,3.101286513764668,0.8965020679543739,0.5699477509257219
12.604713357751672,13.23325298098193,14.574012723680045,13.448441164000553,12.19662128632548,10.971680573734973,9.79577252983192,7.713004473849171,6.443491613141634,5.631579591289448,8.91731267789066,10.00297353434917,10.414726541210573,10.980614730272466,12.621800965362137,9.945423053113498,8.864610570448287,7.678467116635256,8.342947751272028,8.614474461974917,8.370840285869896,8.997619891103689,8.753929070898035,8.26462581249484,8.898132027598766,6.968920857542531,5.784723202774375,4.740581151060319,4.547238184201889,2.665901908023161,2.656368651932583,2.122653372627732,0.42930112347247545,-0.07947170365309655
14.182319288829145,13.858813248956388,13.994661342214712,12.451692018674127,11.606833567422443,12.186943640383799,10.84510582944754,9.456665103834101,8.682612028882428,6.160096883002649,6.436578229512349,8.064250878908773,9.736012958165746,10.527251575289366,10.40997489629077,9.875082926225687,9.333220318455403,8.92474488949944,8.505391869410209,6.657164931919872,7.423213450426142,7.646330740017852,6.496226747877971,8.68290772712449,7.717479518700906,7.3255670600150635,4.4929618479177185,5.4698687437111,3.5595004829491534,2.242541940547427,1.6100496410949243,1.8479028297623203,1.4433426634894395,3.104304862361763
13.54527332970359,13.764410329421258,13.177147022103567,13.0674349464267,12.742474771618316,12.429504624631857,11.966639116858161,11.33364322483407,9.397234805019917,8.591597900733445,6.515165830640893,7.791367817569743,9.064299204566723,9.788729873727771,10.371374560831715,9.877461849760278,8.696348054858197,7.843826687536313,8.164324058130745,6.586889010198791,5.869728811548815,5.849969548921352,6.671655730143273,6.942240950262913,7.0083914581486315,5.305207133848078,4.789171314682268,4.215913360701366,2.405119313681299,0.7694350704837504,0.15631891087214117,2.890263286156169,4.589459535515146,7.065660968021555
13.870061206692633,13.092131945770268,12.780793233605896,13.054955511188698,12.577211571696742,12.28673211767104,11.945050703122067,10.879781966550375,10.310113561008603,10.276427115012133,9.387282791214139,8.933455220609618,8.409101797089804,9.203724022369151,9.71975280875208,9.233767784175141,7.6239652753461415,7.348397950385651,6.5024023273794995,6.0374675262902056,5.5707130367812825,5.9959395713643735,6.234506192402499,5.859987800969774,6.127088615688292,4.8062168831242875,4.668764110665051,4.19783197108778,2.945272024675267,1.640064428979728,1.9789146933145065,4.646203419072211,7.2581381468565525,6.939334890287018
12.318865031293909,11.207527307463094,11.910637305208278,12.415425608726594,11.826474717375609,11.57370246858417,10.800096968603425,10.237548807136672,9.958185814718531,10.05603856608164,10.482178351200064,9.564589589803754,9.050970186367106,9.626277404366572,9.455149833985637,8.315098056848774,7.206713193568631,6.815915944358519,6.043525112635251,5.065269857777372,5.747684604504124,6.041161133937056,5.005337842959983,4.222839351665549,5.7370344984907025,4.848848823915722,4.603754048429897,4.3314008291488,3.072486283679633,3.5710471281671103,4.599141966307301,5.611525861839875,7.040791940477102,7.9189621003593125
12.066148249576887,10.741512908014734,10.613490497549675,11.586800628125376,11.395379372685458,10.886650037124507,10.29263683750427,8.88430551568053,8.907259985613742,9.939835926725886,9.237472267552668,10.145393836729609,10.433787262085206,9.232380989824655,8.9708547242272,8.021769374725002,5.734380359745192,5.469905520565745,6.488459286520108,5.441946483431409,7.1736312116688605,4.691656012555975,4.13730966911806,4.982679912041397,4.911270197443808,5.340274330496475,4.651442652897195,3.9461394535216283,4.91636588686007,3.846040659950756,3.8437040113277803,6.4830905530598,6.583680761707693,7.0121610411015585
11.492023725367156,10.840059800401692,10.626367186382645,10.988300210069054,10.47526076004577,9.538620798218783,8.847501175490939,8.162936289421141,8.15242645867028,9.195062895991645,9.178034408035916,11.457771871196304,10.423401455481441,9.235711812772195,8.011060798419658,7.292930419534756,5.274879752837773,5.891042325649861,6.328149293101392,6.5535488208278165,5.606895679327907,4.789656071950843,4.936266771422491,4.0373832521307085,5.03944191551155,4.7223744552461255,3.542187450868536,4.540665794617525,3.973729339788197,4.715022078542691,6.293963680378175,6.2989352097136,5.610378158954864,7.266867607515597
9.972059559056337,9.65788676526469,10.026251008820585,10.210108791009914,9.012199206979943,8.452194775274045,8.901268191252937,7.743971912477772,8.490721049248908,8.864702644415845,9.71579569694199,10.201532141294644,9.545356320284046,9.198504696387745,7.383538340547467,6.407378616734517,5.828899174361707,5.558997493859449,7.151853215981013,5.591307249362779,4.915862921744156,4.122910608162307,3.2006964151137303,4.229534480129469,3.749048904433019,3.173745898116966,4.403840483324748,3.6353801552213008,5.182217612358723,5.486243264058936,5.238687535901075,6.8369506687842545,5.761471835410628,6.443454658045803
10.002655941097538,9.223211650009125,8.549607239010879,9.620698786411777,8.58423918950074,7.8268650386454395,8.234283182005242,8.342021009748809,7.652215252822406,8.541543064851973,8.062211603284801,8.440972315352013,9.080108449259845,8.197967896234307,6.983330302558686,6.030668033520856,5.602430508593408,5.173770749975226,6.174359268232003,4.50793124148343,4.164006620270706,3.8731856313860926,4.958113496430065,3.3236530878864756,3.445416779870325,2.358166184481091,2.2120096125527158,3.1472045569885028,4.106957266004673,4.920506966092072,4.758044510475893,4.042918083897737,6.73624860032672,6.5411279718273905
10.73211389749499,8.711731161153645,6.599164777173255,8.430674596537685,7.419958878075615,8.871029629818285,6.699068183126296,6.933653570948928,8.090549527819705,9.704136915333606,6.2737141161281595,7.871618128254634,8.599770224921727,6.913880721660133,6.641528904398132,6.205380505709961,4.222717377936235,5.868541988179113,5.163747736237586,4.0061999699199315,2.7607086583559637,2.263732931914368,3.047442343442722,3.5560036573824454,2.22354915578217,2.466065559864131,3.415538365877111,3.2986442418957784,3.4311284962722435,4.467435770665388,4.512856333985072,5.414436541371922,5.994273670496496,5.031471860539553
10.479697540911861,6.72353576558609,5.242410926734409,5.569560750363989,8.526399394625921,8.458571285280913,7.208924598097324,7.242364639592333,8.5010530657566,8.383785549696448,7.106873001610044,7.582144316804896,5.938277716538889,4.874737832963936,5.470500503827643,6.055321876272269,5.996724877983243,4.26133205029615,4.160226234569736,3.9018465217448672,2.128787760243766,1.1265564144557996,1.93628971821321,1.166847129687849,1.6245648953180094,1.9973649855295825,4.297343456810239,4.406043172447656,4.909220050672661,4.922562833888794,7.057011636450634,5.214801444332536,5.9464901325161375,2.475064768386806
9.289837721766878,7.887904977785714,2.5225113824405008,7.4218145873601715,8.250804368678795,8.606417150654789,5.290566034517333,7.447766222954847,8.473450976485836,6.931117954515882,8.029523574634004,7.045928483094444,4.846718602160363,3.827037091226019,4.111013708972505,4.3647314049725185,4.143061850463766,3.4019098548843596,3.5853286852194923,2.5080376116566936,1.591067544396455,0.6975117684885392,0.8773317795977882,0.33425040569418646,2.1421395270918966,2.3738301627907346,3.063906079718354,3.7566005585882714,3.7039111939798213,5.276124193303891,4.112509035512871,4.341576563598972,3.4727045455641585,3.5119343625977515
8.533547850147528,5.6245137808548105,4.185569055400897,7.284669729693089,8.00990171242052,4.368023123575673,4.720576685088987,7.426198834138674,7.311423227176748,7.27133747892766,6.85681342692128,5.431759650867442,4.045995311620288,4.303920732912131,3.6807062165436517,3.2885492653198516,3.2233868759209665,2.3093687765102136,2.4032166644930566,2.184132331610151,2.186482954346967,1.1508996333182389,1.0486317537634449,0.7990250030283189,1.1150155843368423,2.1302524172586845,2.4653256686831453,2.960488248653194,5.033158929388388,4.03104188365628,3.2599897924765613,3.724884073615964,3.904285983246276,4.369784698753343
6.76818827065859,3.9496513590260087,6.547112380834058,6.870608122133969,6.524995652211254,4.566104211249089,6.395161590101398,7.437963964749874,4.597156092070681,6.576778493257078,5.4907488388288685,3.794009383389551,3.8121181918043088,4.255973289962524,3.3178003012133956,3.891088979121681,3.670510087045463,2.4376628604553545,1.646671585601699,2.021237278076343,2.6353101266612726,2.0147004744136083,1.3165500590296568,1.4832943258088258,2.4109685574161954,3.0206596222532864,2.0163797978687685,2.3850248384299197,3.4359469623361303,3.9732604056165486,3.614616786906991,3.0792958071256544,4.468462509946979,6.2428670836642555
3.6864211237186386,2.6378482480411596,6.56265609637036,6.860041303382647,5.575238132550802,4.1105686415734235,7.010589997488822,6.474324162558658,3.8289210394579456,4.678427428360093,4.143777348236883,4.301834724058095,4.121499124820921,3.2978613026432297,3.352423458326493,3.582136699191512,2.044590466699127,2.010907603035556,2.4397388458609335,3.6559991653376804,2.728176743410111,1.9615199670475492,1.4602040168133061,2.5279044816974965,2.7702869865399222,2.109347764426027,1.049895043840395,2.9560690409698815,3.0806358272396523,4.7605492523727575,7.561445878206569,8.363348792231848,7.288262668331401,7.789283258066676
2.1544965950242814,4.793815124992403,6.30710492381934,5.110918224307936,3.9597810963933395,5.770914093132105,7.778123690933169,4.845329350440209,4.450238528430656,4.019448573735059,3.930362650931431,4.61056513456063,3.267702486062972,2.715552042737766,4.012687848260189,1.4905229431158429,1.6921972136525543,2.6916598343788154,4.616415146101477,5.214491035497259,2.367979977315296,1.9643578901027479,1.0784312246856351,1.9597297157330582,1.3249923678285072,0.9219861705292794,1.3052659166857974,1.8518976222742705,3.53106934429157,5.98658727024968,10.270192895537805,9.808437000023977,7.6631264045188345,10.55880905524875
3.688630970643013,6.200510171428447,6.208171001163833,3.6616371910036336,4.071197622575103,7.29186191987096,5.502754035971318,4.546953675624625,4.28746547090451,4.515205531946566,4.527630574355253,3.6084228374438134,2.7609098051018073,1.693820221671271,2.3324054730875745,1.2246292003266739,0.974582937512082,5.348516923644632,6.736713888408121,4.409546350816002,2.524701458646898,1.9638908426187656,1.2493894969968267,1.693225127969837,1.3900191301466223,1.4193653434074436,1.6872054559499734,2.7853758816906837,4.069014618375082,6.5979356727426035,8.376994262236078,8.1673666272446,8.178705165038512,7.070551615974993
4.992217524952225,5.646785909121936,3.1202082141130987,4.936220286467754,5.182827987867403,5.677406145663034,4.871969354918488,4.721713389787182,4.800512330412665,4.40272312037322,4.438847778034179,3.5028744653299895,2.272532826818358,0.9337355088666099,0.6977517373540104,0.6735112115654294,5.444575569283857,5.212363931292741,6.104222092471654,2.99802093649887,2.4425592152241262,1.5765344932500251,1.7253157501505503,0.31243928717662606,1.3328508709562077,2.684926487872056,3.479499347601758,2.155632223100066,4.495742523975979,6.783235695272121,7.235759938669771,7.966584900198175,8.00201861995048,7.578738185770886
4.45035154133365,3.7671117180050655,2.1553310413601343,4.345407057348725,5.387939166788254,4.160268723872332,5.08942249147157,4.785374951536113,2.894433755827317,4.467858028104534,3.4091406400307824,2.33224631656727,1.5301478408749039,0.846238291866134,0.23625093078065287,1.309049767358745,5.64983021927105,5.100268919196155,4.752186823134198,3.625136081069108,4.1655871113994545,2.718806934162445,1.9689409531889945,0.9564565154980361,1.9821006232978784,2.454744156573903,2.427344905270017,2.9255874793543084,5.662248251485471,5.765131311290188,5.728752936915805,5.873742231481326,6.01487424609316,6.07971160015538
3.6703203972779344,4.075772978152783,3.5770874069108825,3.0381005078519263,5.524638711633031,4.126838446483322,5.001572811255798,4.263213268222902,4.239807794847743,3.053916256175344,1.6040130240590122,1.2685729746433303,0.948012775681798,-0.01801403213232267,-0.11824241259448309,2.14718835034549,5.0871586321897615,4.470534746719434,3.349754837582148,3.145115622467053,3.6278545892499103,3.016219098331295,1.9316496630058164,1.778220577610144,2.319819961438213,1.8302046320136423,3.2221759125393366,3.361828320617939,2.8524525497935582,3.3333649062115747,5.479139095853403,4.383218897874534,4.475141964726293,4.828536805725151
3.8606730795097093,3.2147345489494357,2.9998898366350386,4.5427843777658685,4.150182155650401,4.295255825379351,5.502293740403115,3.8371888252656574,4.040545059893544,2.938014255674405,0.38337193967192373,-0.18081023111292,0.510445919062341,0.10338894342350949,0.5662970913395925,3.7424595687492195,5.178861467427303,5.062829395217781,3.277583269900988,2.6713775678021303,3.0740414763701285,2.3458866850612026,0.6910956192699597,2.129699319922672,2.570037748092845,1.2106530901220156,3.102142635986531,2.4064587653453966,2.4006721802456332,1.9864499070214436,2.9288267363135416,3.3845555797152245,2.177431646104409,3.904090013406564
3.4305684638871283,5.340424163511717,5.910022659939104,5.389036019997151,4.632080598200254,4.380291194490026,3.9437956180567473,3.771976174347686,3.1947741689054077,2.3867708265981493,0.5843620306593434,-0.5347911931051088,0.689718464083732,1.4443699537287185,-0.32934414945190155,2.0090730973445554,4.851630245660189,4.080601345053309,2.781119175526892,1.6610887449805891,1.8112542078035354,1.2073853877476008,-0.09120689579805509,3.3374474512631362,2.574749929768764,3.5831016187217974,2.851782368261291,1.594234995487363,0.9925333208743399,3.2191819038028178,2.4419818700511127,4.171415661431499,2.5669155884234236,2.882237296569465
