script/wind50m.json
{"header": {"parameterCategory": 2, "parameterNumber": 3, "lo1": 6.000198445256149, "la1": 58.999992894266676, "dx": 0.5, "dy": 0.25, "nx": 22, "ny": 24, "refTime": "2024-01-19T08:00:00.000Z"}, "data":
[rows 0 to 23 of 24, columns 0 to 21 of 22]
2.2182049865236944,0.46329482703217006,1.228154792895248,1.9280922077775857,1.2984933146087687,-2.073188417025035,-1.1457689421790818,-1.8207571369687856,-0.6360499609482827,-0.8848661603881415,0.9531816481135323,-0.17773234121540815,-0.6226469995614947,0.5973150805484072,0.378317478605019,-3.624909659769361,-2.190128877640568,-4.166830977625513,-5.248242130612089,-4.901993103281717,2.480568354633503,0.9643464902571446
2.489731534027558,2.4659919962355947,-0.8247057369425742,3.446655817833778,3.686435877354024,-1.73754525125131,0.9843221348739006,0.8081553120196511,-0.6557648880590026,0.7928717456391299,-2.535756196786552,0.7814656381763051,0.39628001487106884,1.4469857898702356,-0.7900545859252084,-4.024349731723437,-5.020079816967123,-0.4304097168118125,-0.3529550987024869,-0.3043184981450829,-0.41600928845919843,0.028947936738268305
3.145144092629972,3.9339867061182665,-0.9751295950583051,3.533036685986546,3.241696893739524,1.0289831142846566,-3.953434021105981,-1.5913087368389747,-2.8808147001058853,-1.6163942673394083,0.8001624120417009,-0.335426490324054,-3.3141932943281094,-3.195322184980142,0.7751279996734342,0.13618692836508065,-4.526119536877468,1.9330158449343855,2.3023363484090145,-2.3279023926208064,-1.5338161198362645,4.243390727174034
3.9566486895665074,3.2465638061835875,-1.004193864495387,3.7130871488499544,2.7148271366903383,-2.5080438446455697,-3.4915714873405252,-1.6479663655592023,-0.7287044703669705,-1.1557500477187879,-1.398879676002975,-2.948959234199447,2.492228155814056,-1.3775683562348666,-3.2839934775882376,-0.7425819834240969,-4.2122477249210935,1.0306679582251665,-3.4916529398382665,-5.034509543697566,-6.517053269233809,0.1520136596782964
3.096483121629443,3.5734136639537106,-0.5544311275448863,4.458154085930147,4.533395657655861,-5.274013493181112,-2.1954648263330547,-4.349821586297779,-2.821709937645474,-2.5428678538888083,-3.7778265989948947,0.9399325877497362,-1.2697723435905202,1.7157893568814946,-0.5351384402860343,-1.6790122121870954,-1.3437200748903397,0.15760697008954125,-3.6308630769508317,-0.7247933723575288,0.30833302107867816,0.12704310416733214
2.7060737119498826,1.3068203136238195,-0.17147787368204379,3.1640849427903213,-2.271214924447588,-0.9149505822320385,-3.320860868774128,-1.8523465573857747,-1.5872725631659728,0.08687160010324688,0.7524651643052995,1.0435185623523047,1.4551832500572817,-1.2842745448904498,1.9651924027015983,-2.201561399212764,1.3081494427344202,0.3755541993468899,0.014708300654490188,1.5281964696312547,-2.3756092057370903,-0.4264659379197719
3.3866359266755097,4.199286449192736,0.02247905646483731,2.2860259700750394,0.8220257967652399,0.6490556115349356,-1.8536547290249397,-0.09995220899238451,-2.353388265287465,-1.7587655262280222,-0.3805211910999943,-7.567980797106953,0.19322602985202567,-1.9960673169255676,1.6827993983416314,-5.094570196494103,1.3509224585282986,-4.762719693461521,2.361606166122445,-1.9952714364074908,-0.442745546551683,3.858695047616059
2.9830765344531756,3.422427198964971,0.38029231446012723,0.7341420120952161,3.131347410598401,0.6021176465099799,-1.9152794659057766,-4.132452784146236,-1.0460912958247712,0.7993377338928574,0.9902148783909983,0.9571125644158764,-3.1037736583967286,-0.8317103811746978,1.1287522008137447,1.1618812389409034,0.9078366330990636,-1.366357229370525,-2.0618668293774767,0.7608729700272264,1.6564924808733617,-3.507910210111423
3.2122159342082184,4.00208922424162,1.155443423665457,-0.04291246269932165,3.4183324155791492,-3.0181047595720827,-3.690939690333827,-1.4776068614159317,-2.248976560788036,-1.9579590166495031,-0.7415588915339661,0.17692162716203394,-1.1572839143314022,1.3515194875433858,2.2758977306986248,-0.5801568965373571,0.6832275469903174,-0.7541334727457752,-2.807387280682151,1.87997058436677,-4.608135156089551,4.308668038147775
3.2713168044508847,1.372433799688903,1.2350186570544228,1.3295315742796046,1.4913062230984349,-1.685784325746098,-1.0461171708806538,-3.068185607586335,-0.9796924619214359,1.6895747411105884,-2.791120547599509,1.1976023797978566,2.0464518858271665,-3.6337360329666897,-1.1158511616599462,-1.474300193171077,0.1225427745774517,1.162358028573419,-2.7933656511868428,-3.3772648029268235,-0.08720726312254704,-3.229791306703903
2.7091005367142698,1.1228011186372768,2.1767891677935918,2.434704793976032,3.6694283528984677,-2.380484415755645,1.1185428235745232,-0.980743776305249,-2.2475929005158535,-1.187849084415129,1.4702009322129608,-3.381529932291846,-0.10379552241234316,-1.5189919663614952,-0.7950012152693983,-3.4543733523255575,-3.440155680469761,0.7199064033293452,0.8008336264082708,-4.961786667352942,-1.428982730706154,0.10098583348752888
2.7222218427534206,1.5428264520062362,2.320994492316779,2.843543748767752,1.2455782369998896,-0.5259078791234356,-3.7445731476769804,0.2688251227477419,-1.3943723718502468,-0.5728291022923496,-1.718534833510765,0.15764226439924248,-1.0033120596618266,1.6422062557737274,-0.2257018139792674,-3.460049447003648,0.5756704656883096,0.033280509602175705,-3.188230560295871,1.6075451600815285,-2.308027534857283,-1.7456743509661268
3.059584616889692,0.14999440288547555,2.2964644200463042,3.100318838728382,3.399932412369218,0.3107757333108629,-1.4510099025181822,-4.044150884927654,0.8752376894448008,-2.001583078444109,-3.077505870355779,1.1247663079605794,0.16487047233685526,0.14135443118732682,-0.1248559607322052,-3.9931417834390666,-1.7784852281541503,-4.200118243451902,-3.2683401887741153,-1.124813245937373,0.931035962661318,0.6783251490165781
3.0829423662757858,-0.16905249030820138,1.851210307503668,3.381276642833202,3.1217902547901386,-10.995930166289938,-0.9712061488808816,-0.5289542585843405,-1.3167272961144232,-2.455897669129266,1.469231580523815,-3.071517499264727,-0.7459232932597447,-3.4925371201794335,1.1526670633026312,-1.8518672358359733,-4.280332818899869,-5.800966160633439,-5.142844935421619,-4.9801514590354055,0.8482079351600016,-1.7535949208092405
3.0491769184934268,-1.7123357918840156,2.1368368441617034,2.81868568997258,3.13856207858494,0.6272696869932638,-4.0117597676316175,-4.785347211296398,0.7621975571763666,0.07056497851258418,-1.6165520659627886,0.9784513085210763,0.38717696637055293,-1.493693710736121,0.9260079690566002,-4.66476167582612,-2.5753882491921063,1.4977213456984155,-0.14873386529741978,0.6433973337411694,0.6155513705084513,-0.09829692264572779
2.7825685745874877,-1.3851647832027494,1.868703632063651,1.35628477334401,3.7005500179166244,-4.695700392296875,-1.5839502485931722,-1.682111514855655,-0.8954315593852513,0.5979397658461676,1.6945985163891872,0.6036375556559421,0.8390803157864035,1.4740027218189755,1.3749714616421633,-3.944203794356423,-2.727480918223534,1.1822966164766975,1.954383886871558,-2.7334676160343667,0.09467528709905729,4.749685650688152
2.076931108266133,1.215405698048988,2.8148578312259294,-1.122514466798752,1.6162090351426437,0.16863505668002407,-2.693858817022926,-3.943368296746066,0.11532619896212852,0.002512876656116241,1.2304922685988124,1.2453049281627357,-0.7627667243296408,2.0487043540914773,0.4367130573011474,-1.5805246346737136,-0.2146741340553799,2.671992885183631,-2.6490096159552214,-4.77957778289171,-0.6866419535527124,0.4562009784803066
2.7237985199015324,1.5388650478271053,3.509638615044257,1.0743267371404948,3.6941042323517084,-2.230677467158932,-3.8539460008082282,-1.5872487735769418,-0.9883609345630077,-3.285668306574729,2.486431713578248,-2.9564242509104184,-0.8352976250851156,-3.5085189522387563,1.023197481623396,2.415619864084086,-1.1926582459228787,-1.767548702780364,-4.6772215999979565,-0.39232284792726785,-1.849250382482931,4.819933666407841
2.979951366207934,1.5442462827819574,3.4088189455035716,2.5762595195562383,3.3862669912067345,1.00197669329001,-3.5823318648449876,0.8187158971523011,-1.9652007467373536,-2.6947361266345906,1.8759815366465418,0.15712089282725442,-1.416898856118794,0.4866145524885016,-2.582423007506,-4.131350390952939,1.6564519574018854,-4.183924948543191,-0.046906782957864976,-2.1958833211535698,-2.8417126819596583,0.43510100998761975
3.375888423101391,1.665617770314288,2.8908244202869606,3.038541120832765,0.26118256013027497,-0.3196173762966173,0.8465269811055672,-5.524478123768817,-0.43256524030806576,0.6682959978286288,2.588469450722535,1.5571994242340068,-0.5992306000976039,2.0675953058752223,-3.1423001228940137,2.491628466734139,0.6686469441026309,-2.276925949340913,1.6441966206686456,-5.00781538244618,0.7287141899720558,2.2486963837202434
2.768450226725161,1.0031106987075513,2.712041942293979,3.7296262417256703,-2.899036157942367,0.12511261643243574,-3.8263928184693814,-1.9561636525521109,-2.5817990007952205,1.3563684320908533,-1.3992574983866473,-2.522269423937618,0.7557866221957104,-0.2024197208544711,-0.15563811813863818,2.5381420158857506,-1.5339340249858404,0.3926308295621924,-2.798449671001533,1.3233139331495025,1.6306866334556709,-0.3143578416964977
3.3825950321664418,0.48648954947980966,3.0151981464744892,3.5083426799823183,-0.49845440796541385,-1.9361326679527486,-2.2230895234063017,-3.448948692326832,-0.7463335833810105,1.0053304922276867,1.723788846560491,-3.0633945277726107,1.0794799095551935,-2.9533193061765886,1.403199894671765,-3.7924214773227325,0.1912745938916468,1.214034876330935,-5.047499238838331,-0.6471645001435959,-6.235944586820214,2.8504149432700574
2.5998915727135774,0.34756969171980534,0.13871875862964173,2.0477708499832525,4.122267154906222,-4.6839012729823,-2.609060369717728,-1.807298386299616,0.9185329894175633,1.3703697377949138,2.877551201435196,0.8477479437660155,1.2802594478530636,-2.2998166272037337,1.8147123027792849,-3.2235130085732324,-1.127854465723584,0.16732110793279573,-0.13842527867377172,-2.0165449777853643,-0.4292267218499313,-1.8093611495490214
3.3144471860189473,0.13824195083877774,1.4097972630966218,-1.2589368650638748,0.9666473829767599,-3.0407488818305133,-0.5893875421353569,0.37954132368051263,-1.2438253915840327,0.10155882680185672,-0.9042162266300438,1.7694472148375857,-1.5842727746227654,2.0253016296842867,0.11441210109480175,-4.115084373358236,-5.342029243872381,-2.564806669611418,2.3066789414355044,-0.5438766111439259,-2.7621744676570694,-1.598514566248081
