script/wind150m.json
[{"header": {"parameterCategory": 2, "parameterNumber": 2, "lo1": 6.000198445256149, "la1": 58.999992894266676, "dx": 0.5, "dy": 0.25, "nx": 22, "ny": 24, "refTime": "2024-02-02T09:00:00.000Z"}, "data": [10.422327431453448, 16.716121002064828, 14.84070112257838, 8.446714360351528, 7.784015235099635, 17.04118680747985, 9.19477754445738, 12.468325275812367, 14.530632874715698, 18.051529986291104, 8.078205792641532, 6.781648946324954, 20.451791977747668, 6.217658945842482, 6.680055005426764, 6.577198449977653, 7.36209594964326, 12.849624112797322, 7.293940663472888, 7.436603672156087, 8.444883369366854, 14.647758926720766, 9.270706501774251, 16.460539701466455, 17.44045688434747, 12.781563293673809, 16.02190437539738, 10.292241842433839, 10.320974799212664, 14.3254765774855, 8.292012297832684, 8.548699379884333, 14.571488488172635, 17.131536876172248, 15.939053045915912, 14.649950993652507, 12.358742900217717, 11.943135411480773, 12.686561289859153, 4.6282875778550325, 7.490251305726408, 17.667692666800647, 6.997814327169052, 7.30867524099983, 13.443322548367878, 8.971885746025135, 7.451220538567769, 8.266552752641127, 10.519664778529044, 8.0625345435785, 7.9306306747783175, 8.51992381380122, 14.900674030199507, 9.928334437572772, 10.088151185318498, 16.143006727288807, 5.840026602922779, 12.119929570253833, 11.320836193311015, 6.34337780011686, 16.81402849816267, 11.371987278854258, 9.389519618611459, 14.289134746225589, 10.486055305346733, 6.275894880526938, 8.815564543244985, 14.464611541640009, 10.011867553242777, 4.252953704659728, 12.011169512845937, 9.053640770607498, 9.269616289199682, 11.020977132415744, 7.904965299868953, 7.156547950084629, 7.196086635032784, 8.29812324085499, 9.440134496863887, 9.845224346416634, 10.107057019839658, 8.270218039628471, 8.19212810217026, 11.44993704150988, 10.820485397623361, 12.876751908638157, 4.913662409802482, 12.223951606727821, 8.82794628389515, 7.2646440834168216, 5.35176262166642, 11.97677759526057, 7.538473585872837, 9.932344965280741, 5.622363446975271, 6.024771711901839, 12.696890891807453, 17.619326045579953, 12.180024965933884, 6.522941109206721, 12.614975384206549, 8.910932342306678, 7.027449234241611, 7.666677094628684, 11.25710927217543, 16.84296426272461, 9.033061743441746, 6.877783699296316, 11.173195624985157, 10.590895383106712, 9.839162667700041, 11.926059737449624, 8.135583177996766, 8.285547468555288, 15.32144105215611, 16.84033995672271, 8.976045339694188, 16.832630822430538, 5.924314007351255, 11.944945028378486, 13.960738602683533, 8.892496964914335, 12.743479147539574, 14.364391366647608, 5.733601988138363, 14.06054546285983, 12.701525792495008, 19.761477187107165, 7.484892752729623, 8.484835345256924, 8.234749688822076, 13.50234328003195, 11.754962862723492, 17.782142439194743, 11.168336375577912, 7.455364868518868, 11.443179801491768, 9.708965163433938, 16.64304184697454, 16.76054764619188, 18.62094491493142, 15.078497190907571, 6.913395046433048, 8.148431755309058, 16.425519083911812, 10.286241942439966, 18.319105663198272, 18.614268291192438, 6.248875999084595, 15.302439722596954, 7.703221378317225, 16.329079309457583, 7.109191376580471, 9.256006368650544, 12.6274180000466, 12.037030126831045, 10.40856049053058, 18.029274675809422, 9.03881897119148, 5.54799414596121, 5.911498551807687, 11.33959753137495, 17.112166966723684, 5.7124534169256025, 18.667570522627422, 15.915408603027057, 6.964939424675572, 6.301913761432788, 15.792812542160474, 7.431314733882194, 14.081081302392723, 16.870525334026468, 9.28001537681626, 12.711875791314476, 10.923777171517484, 9.79120011076904, 14.260524932060251, 8.523543079565393, 4.695825080829675, 8.538041659975015, 13.501105119584603, 15.99838391446704, 19.49048127328362, 12.944960660347146, 16.304298793464188, 10.75136068454795, 7.312365120119541, 16.387142083544006, 10.010538453421793, 13.409024155166277, 4.799274604469162, 16.73500790626387, 17.160267197172384, 10.426221399548778, 17.632631443101918, 16.6317132433412, 14.271718354787563, 10.42996038695655, 8.866121470504932, 7.614503636920747, 7.598291330102984, 9.635118087189122, 13.787636055997684, 6.673128760887944, 7.4309357841261265, 13.00126923994304, 10.958848551028385, 13.521098762536392, 11.389526007719038, 17.45647691301113, 7.262572336453874, 12.337012515061524, 10.314986978914002, 7.263011643974993, 11.136822441586753, 16.87848745270346, 11.829800092398491, 6.956986968927354, 9.270934658117902, 16.700612157452916, 7.9855229891380946, 10.042866116634972, 13.350186121848145, 17.929772399782795, 5.882750004873046, 10.37434913651129, 7.470832535955838, 12.232871601447359, 16.26748621652343, 7.341317360188695, 16.803604006174027, 17.106121169643995, 7.842247646129972, 16.327212211033626, 17.593296403210324, 10.697911403925557, 9.91336863041192, 14.043996120832096, 10.682579460898957, 5.400335800823506, 9.29970877070857, 9.098935658016739, 10.311790999442499, 10.73875547348527, 14.169912404023476, 7.995415899996746, 7.4378235067270015, 11.474498082611445, 14.588031513632266, 12.229727321069436, 17.140617522962597, 8.283618275555106, 23.699019020983556, 6.4102853543386065, 9.701356393968686, 9.849136069381121, 8.338959816658134, 7.566020908562262, 9.929017654929009, 14.908941561625701, 15.26340943106766, 18.27151943407508, 16.54634236966424, 10.72245146093737, 14.021155564315874, 7.161582847643143, 15.88980061297442, 18.238687800671457, 10.955702354298417, 6.646732801972795, 16.758259107000796, 9.734789096957083, 5.819203890889269, 17.557012190769754, 12.983825431393313, 12.673207832494127, 15.609488928214263, 13.50701878934942, 9.849442757689483, 17.193927409412467, 9.385694451500013, 18.216393378069927, 7.240314658130672, 13.821939274985134, 7.686563997626981, 6.724373757052453, 11.403542617481646, 11.178656326727083, 20.1197498727641, 11.575722735074148, 6.337468860164007, 13.793050603031157, 10.669802028980117, 12.022926920780806, 9.082595562724412, 17.062133915618052, 7.5147211318418865, 9.90963791842889, 10.041939693862856, 9.464462608308622, 11.063937192452858, 6.250997582209378, 18.66172897666123, 6.278841179149015, 15.876336709118918, 5.617890278505812, 10.978427555895097, 12.503702158238777, 12.09682842190754, 5.72996015311121, 10.425739647708381, 14.586187598624043, 6.627700813153875, 15.842287195655485, 8.199487373149726, 12.00291021087492, 7.2913675873220605, 14.277741303558422, 12.424284448478758, 17.617114905092645, 17.775428717280143, 17.3402590664836, 7.774134438790992, 9.326388781322905, 6.467372800556776, 6.506680795650802, 8.117750930929288, 15.71684705061765, 17.423263991545465, 12.259862991021825, 12.026275119540118, 10.047131257853373, 13.644309238629031, 17.33388263550242, 9.881916948616592, 11.018685239983546, 9.6144769596728, 18.295010814347375, 7.761941443416609, 14.672128830389434, 11.010087880911993, 11.513761795564081, 7.402819941674335, 9.747094173663482, 11.858024669802052, 8.866321743610563, 7.549667175579684, 12.247671753820637, 10.350231855212627, 7.7629045542138515, 17.069258633965223, 7.299773291058408, 10.399815573602156, 9.504980420715997, 10.175797374210804, 17.344497081109395, 8.078237662590986, 13.522603870082438, 12.361227107371548, 9.726821619162159, 8.934325582365986, 11.02734727924533, 7.332234122559444, 16.361138426190145, 6.477351354873457, 8.00394276756426, 7.988755574373066, 6.3352254957157115, 8.142927255283, 11.306274035489816, 13.29342761167061, 17.959444878397814, 6.59053909492048, 12.965205295686483, 10.677676407516627, 14.023091082753833, 18.768808632709913, 7.568969496798833, 11.522071821207945, 12.25025823056757, 9.979606106766944, 10.608616257238923, 6.368711403863599, 14.671948279166907, 18.845038536642846, 8.600728527260348, 18.31292973120525, 7.065711540828197, 7.736466978953389, 7.835196319494928, 14.573934687693793, 6.418454052361252, 13.314323489102588, 14.343451571802085, 16.064349797756396, 16.644749881676958, 7.796545253938316, 11.665449726866859, 8.284752362794729, 11.797341216580525, 10.55628097625835, 11.590906117718536, 18.260009845212064, 9.489162110616592, 9.003845653458658, 11.632116651961459, 11.971575417335615, 9.344036500539097, 6.226503018283073, 16.848044647011093, 10.416283524078416, 5.3736861636236135, 17.336551023561693, 13.548076183835308, 5.9458779128316, 7.2922051927934115, 15.309073259785404, 16.183873713994885, 12.92994633848835, 16.301145215224558, 12.129140350174643, 13.025451865892236, 17.682233426956365, 8.777155395405638, 11.937923852708643, 7.277711802884419, 14.794104561549116, 11.693212662123479, 10.080136202516771, 16.1690489299898, 9.76822834253169, 9.151455167483292, 9.407312099871662, 5.696869799582533, 12.74239715420614, 14.90215206535196, 6.427125777863008, 9.749318753288584, 8.456488694166364, 11.646203462243786, 11.496477388526582, 6.923367924613079, 15.760768113886227, 8.242533914728428, 7.941749767425672, 7.118299964727901, 7.562243588966559, 18.378923511922558, 10.033047509409938, 17.871164616020504, 7.354790159955666, 9.13451555910353, 12.246065974480022, 10.510485549173438, 12.047301811310945, 17.527920335377974, 13.308870996989928, 9.959932748028914, 18.13827954060538, 6.749613037475014, 8.390166058546145, 18.14964344955248, 5.669333396463136, 11.964358597775613, 9.681038985529085, 8.250581360063435, 11.891266633747348, 8.154086821794543, 11.423718113304682, 12.301495747411293, 9.224147833820123, 14.226950719232946, 12.306739471464084, 11.752521212637559, 7.9760793224378, 11.88434746211587, 10.853443811019112, 15.337038026188157, 18.95975908428883, 16.734315219568355, 11.245690124485431, 11.454839064508834, 16.825159840662934, 7.964011798784435, 9.571595074216773, 7.557466698643365, 9.3259696986591, 13.611105643493401, 13.816826413035317, 10.940659541682765, 8.490325357445009, 9.425114634560412, 10.370562890562496, 14.365178497599842, 6.129294960387934, 6.915568142365785, 16.692984135154344, 8.257093686216944, 15.015627541081997, 7.319813510120136, 10.521695016982681, 9.947353069831461, 18.79649996025595, 15.520426776010481, 5.221150237984072, 17.03855647635859, 9.564554359209756, 10.966748358767727, 9.169588429972535, 9.004191745746411, 10.132170379603425, 12.853327969854318, 11.37221811594148, 18.164560055838148, 8.15672203285793, 10.220049904403021, 12.287725973682885, 7.358725591367328, 9.292242006429577, 9.212663410117603, 14.346262342198488, 8.633612526740343, 11.862411879942568, 6.7292555041952475, 11.171449563223417, 7.359007785930641, 15.735533471721467, 15.609350996081922]}, {"header": {"parameterCategory": 2, "parameterNumber": 3, "lo1": 6.000198445256149, "la1": 58.999992894266676, "dx": 0.5, "dy": 0.25, "nx": 22, "ny": 24, "refTime": "2024-02-02T09:00:00.000Z"}, "data": [4.836956957827522, 2.382042637910052, 4.01719550279564, 4.741243980679764, 5.870766865644154, 3.7532668450413063, 5.742224818740795, 10.30621771494844, 5.923809629236985, 0.5965579251133267, 4.274508101087393, 10.873933209192778, 1.9659727991643703, 3.017081509919616, 2.6477615291779646, 7.216049412799667, 6.404714131058826, -0.6332618777037873, 3.21721477855786, 13.152767857212426, 11.058055736971076, 5.304487608390748, 0.8336757805896945, 3.12303856378084, 0.6644469993353214, 6.129649669947686, 4.618266784485902, 4.485277369736781, 6.785703334017333, 4.839569506820713, 6.014125742811749, 6.244084730386376, 6.81817133687264, 5.106684176309098, 4.717975976287958, 4.7078495397942275, 4.884377780942323, 3.122571156996736, 6.128011344383984, 6.968942007187794, 6.3010236854599295, 5.3813210939534315, 6.744344081822081, 3.029053517353913, 14.150374532365701, 7.109918442396482, 5.184828129316841, 3.2437362381073913, 6.3053304347275905, 3.4459265078400305, 3.9215851212889214, 6.057795528797151, 9.545569844400214, 5.399410467160746, 4.916780618233214, 4.602863869465878, 6.442238779307607, 4.004736364670407, 4.5037225878779115, 5.195241200143658, 4.2113999510026785, 5.010206345695853, -1.6302507126306705, -3.4813140188064153, 5.553475367223428, 6.9833167841336445, 5.842874262469512, 4.911811712516648, 5.1697887132806954, 6.6908542377549445, 6.3140670497492035, 5.1190376301202, 6.890500655766339, 7.469922528952663, 3.5990844257148384, 6.687137325508149, 4.654898448237497, 5.359576480821818, 1.7127352942086178, 8.042765308574166, 6.470018852808111, 8.838316094850082, 6.193479488659769, 5.5337843801685, 4.533841515741556, 4.531384639383031, 11.255060933952791, 10.623366226887157, 4.60336304060224, 6.839868812586252, 4.6101957912454905, 4.619481653026685, 4.251319423590144, 5.810162097554179, 12.289624025620911, 6.767870084413466, 3.8768946395204806, -0.014121006293487108, 10.711736842251382, 12.407975933556505, 4.731994267017786, 2.4365424783471634, 5.3335986896017324, 4.902708882359879, 5.109845955520568, 2.8276444313098787, 10.80448132971491, 2.3821959555124215, 4.215066613181782, 6.301093952047982, 4.953646611967, 10.305919021441618, 3.516903516001285, 5.742266359459593, 3.916870293012607, 4.65971141054235, 12.52244343487154, 5.459992107817257, 6.531084086237642, 5.74641112734029, 4.613344679766329, 8.933803654528932, 5.8593493902718645, 2.9425635055063513, 6.01942443623907, 3.6134476612768, 3.4097233904645785, 1.6924551064385371, 4.801734940763465, 2.9151990805575463, 6.766404868597256, 6.812090676638923, 5.142790306486107, 3.564107119474114, 5.737934654227597, 4.440099499882112, 6.229833263016428, 7.103505815746891, 4.787528925247886, 5.0686378331609605, 4.218065799646966, -2.98990846974649, 6.90640519144715, 6.838811836356543, -1.0066585563188213, 2.899590073429269, 2.4448108798113397, 4.6637942864700594, 7.552608675688296, 4.343317660433034, 4.860238266904827, -0.9915353459336448, 6.233139330022722, 6.119575379184648, 5.534086634489139, 6.429401293052398, 6.121339147864345, 4.699430068517505, 6.128408968044404, 12.593485788571781, 4.760406723309392, 13.048285349520619, 3.7923788503699773, 7.058953654992196, 3.8248186695551194, 6.204215255824319, 4.95714154275378, 12.135316816499488, -0.12490055994581266, 6.798762037958702, 5.372895677914905, 4.263107479407, 2.1797676168098974, 4.095096267780132, 4.314228411453308, 3.2765606946265273, 4.115981973590359, 6.594205306578396, 10.503088855607112, 5.701734690880474, 7.400505114550348, 3.125978075428495, 1.2257775439439607, 13.305099577524958, 4.820307837529685, 4.638095669995484, 6.331059187382311, 6.038863162702697, 4.027057265645151, 5.076863200219419, 6.274384387256665, 1.2668570944823785, 3.5981705734716067, 7.681333361291633, -1.4872082943160763, 3.9664476662140946, 4.2592231934238605, 6.716394709412128, 3.6391191647015417, 5.84553428166434, -0.11172034980195591, 6.318403658027046, 4.19163626035637, 5.810314509253806, 10.720969813120167, 5.870627754880652, 5.016876809695376, 6.9147913760214355, 10.226974351727788, 4.678559215987426, 4.603199990723486, 6.428974384577968, 4.523721263823911, 4.9630669742124915, 7.151356824903295, 6.222514427729392, 5.612139285689255, 5.894608226508638, 4.213766069585432, 4.930605884261202, 1.0296882442457902, 6.188089667925465, 6.794894780450421, 0.7207311248015011, 4.83755127487728, 7.959257082868192, 4.149005713025046, 10.714374251575295, 2.625148135901308, 6.122785672675414, 5.632519771534534, -0.33981546548440306, 12.897452645998506, 3.5728070449952996, 1.2864761492481065, 6.6681961681251956, 4.63709946677486, 6.144105235187961, 5.095809293481436, 6.096668797224955, 13.302249473038973, 10.162090783440581, 4.367151460047419, 10.454119083859656, 4.667462809444394, 2.919356715534364, 4.216302958499257, 6.111820244915518, 4.331400809155836, 5.110258022298538, 6.19962570050362, 9.176709590948631, -2.480405891414655, 4.34103574939829, 3.382179654817266, 4.0694104952082055, 9.958933094867701, 2.6351169064042796, 5.213238867149427, 5.618368291302476, 3.8366379328097944, 3.4276677602318384, 2.3594685590154554, 4.563464282238692, 6.15092572634078, 4.048363867340963, 3.1487287069016725, 1.045243287093125, 6.910690842521892, 12.104779489356163, -4.406869521671352, 6.957302185641617, 10.394607405814801, 3.519813126894921, 6.172043981569601, 7.3986078814975205, 4.550696477882353, 4.956560730773912, 6.587413850549629, 4.541758782810576, 13.557343304276099, 1.2412060437785193, 7.596403121363426, 2.573248157604946, 3.9757523453315358, 5.471788002333176, 6.030313603839897, 11.602175037870708, 0.8805834091223771, 7.2454221412086435, 5.310549218213736, 4.060788111221681, 3.8003411472902013, 5.476401383568707, 5.02927315620023, -0.1596677804118488, 4.7949557906979905, 3.8976195271226817, 4.055174855658957, 6.15772631694631, 10.444834550837088, 4.656347791211731, -3.86299833774469, 6.56552642803265, 5.138434555266434, 12.36924353197731, 4.198280188940949, 3.548187819836165, 7.707895979407861, 5.154839494422938, 4.183669220091701, 4.865362107734068, 6.9915412653247175, 4.329711844131538, 12.444230698587496, 6.304941101025437, 5.002273784532258, 4.96030070380648, 12.550658450296861, 0.5594064616902329, 3.9327484957090206, 3.756981801789517, 2.729209338937671, 4.780997665179035, 4.922504237802993, 4.251684201578876, 4.265079840944165, -4.989958769342166, -1.1054164643274569, 4.730901858191373, 10.139158394022859, 4.897294309100642, 6.624053481848116, 0.3969885692985382, 5.298718609679899, 7.356747510001941, 1.4678649224344922, 3.3379965496491133, 4.464275891866126, 4.06728972572154, 4.284698681678421, 10.24474748971804, 12.780435527362496, -0.4932525081362651, 6.061244479178359, 1.0701477340782692, 5.337843325288077, 7.091460512767617, 7.73656381678723, 4.502959028086738, 5.672522683058905, 4.236988770247711, 4.358705921334015, 5.993237768959742, 4.511040440546187, -5.359750516253593, 6.157562612174551, 6.111183424895288, 6.193853754218383, 4.871568202637844, 5.429275535060144, 5.489321156425006, 4.510966378518744, 4.808117145209032, 4.9437408745210085, 0.12328576467574269, 3.719464128936829, 2.8977218982024837, 0.5782311274894256, 8.706805779703634, 3.913327526243289, -1.2116682411991562, 3.505895460215611, 3.9784561288881863, 4.305024641212387, 6.213934163657668, 4.17338608580246, 4.585081864158116, 7.165076222739091, 5.765763177850949, 6.064032547257585, 8.546841182153361, 11.991331077826977, 1.414243166010084, 4.33427280942651, 4.178606679283099, 2.4649805019754534, 6.270887550544317, 5.355558148609459, 3.3299697579941783, 8.700880138593966, 12.125401431870007, 5.978141002293859, 4.792568237394509, 4.255276138881823, -1.1174870892159476, 4.04075803486652, 3.9509023794681752, 0.6745279896244635, 8.333630998237755, 4.316084084553066, 4.207991589887559, 4.073277504123152, 6.123236461464416, 9.363200901082857, 11.320414018452897, 3.05549932401235, 5.267036008164161, 6.7038088899936685, -1.0226397740097122, 5.408965877468408, 5.40561457460465, -0.3858333227786726, 7.963578470753406, 11.881753483644937, 5.60432008190989, 5.158532879864425, 5.191214404608374, 4.395347908791139, 5.012107003327056, 10.717120440215036, 3.2832022056011536, 3.6060986071844665, 11.59754040948016, 6.379990180976168, 5.511638206271274, 2.8967491965621934, 7.2985172330664305, 7.817843097829226, 5.40219512042934, 5.816871661382476, 6.063039950513124, 4.8073977748478915, 6.4640852995430285, 5.673741692167844, 8.06689804280794, 5.32216654043652, 4.634238634154471, 5.145178356924336, 3.541908190345178, 7.030433911000919, 8.566123643771071, 4.616715409999995, 4.445968801120384, 2.4156092079587275, 11.350792548756539, 8.453973862460995, 2.078244361753485, 4.343905158596444, 3.829319996984744, 4.098187362624845, 5.336072486143167, 4.680070876918552, 11.182324655736311, 4.765528273864561, 0.9898939036680844, 13.195985566519736, 6.322689597835623, 5.079842536426898, 5.7810091548976, 3.6177162645530747, 5.06330445537856, 8.665266147795062, 8.238923175868091, 6.0803317028237105, 1.9862517556114523, 4.301692455357445, 3.7693821908268066, 4.436436667998255, 8.059816436453055, 11.589414694327694, -3.523587650338214, 5.539708010539333, 3.3939369016642065, 3.2518908042222696, 4.551727641833968, 13.279105920125744, 5.1671725014571255, 4.2327405629251595, -2.980013802298311, 4.71061500842316, 4.052167495918538, -0.3883624853430767, 3.638085530512229, 6.946525876053165, 4.98933894725138, 10.566557055517173, 6.181156397188911, 10.72769023235195, 11.415530734662424, 4.914652435863333, 5.422188588702957, 6.136789084810518, 10.528511469565975, 4.627028275723433, 7.132797696567792, 1.6603442680473963, 3.0764865136635553, 0.794698506476657, 5.235000068392269, 4.4945017908196725, 7.417322162499826, 2.9456500846683995, 1.0397792987054673, 8.258779606645088, 3.7198362235801876, 4.24213941873166, 6.622039240771488, 7.088709113752241, 5.213395787521672, 6.976008322538451, 13.062949067582005, 4.890840875991972, 3.5390454249478567, 3.5907274911361435, 4.985820363192645, 7.693919067130216, 4.209292101726914, 10.304532748293845, 10.627924159165655, 6.750874805207505, 8.177581160363756, 7.4365334659509035, 11.256734314222491, 4.414431169405513, 4.133346062713979, 4.706727192964125, 3.658454548835868]}]