script/wind10m.json
{"header": {"parameterCategory": 2, "parameterNumber": 2, "lo1": 3.000054539987559, "la1": 64.9999836372058, "dx": 0.5, "dy": 0.25, "nx": 34, "ny": 52, "refTime": "2025-10-28T16:00:00.000Z"}, "data":
[rows 0 to 24 of 52, columns 0 to 33 of 34]
4.785963652924014,5.072036852810073,5.171108898499278,5.283923405374946,5.41439382105676,5.866695447382044,5.961665187502457,5.820230904512692,5.955842810125278,8.696617555893486,8.541675466315814,7.122603573593348,7.211889343127872,7.916653338396482,8.393181428856423,8.18284400043774,4.766596584325754,3.2984996774716424,1.191172959900371,3.986130613229881,3.3300260525672005,1.3811590362980986,-0.4191930406235177,0.009953217949231189,-0.6679341607712586,-0.38917445562830355,-0.7900561423102928,-0.16858798389232876,-0.43232986329413614,-0.65703431263714,-1.9218144854074393,-2.0374962331201045,-1.6072900105558512,-1.361177972896111
4.669955465443559,5.1892684327057035,5.274736376867582,5.31613751718572,5.416330686074191,5.298216600976825,5.197809729004381,5.5741658381218775,7.869084028299449,7.761559735318018,7.6117177244249525,7.42381968850461,7.548341341729503,7.098948913029109,8.1855277916615,8.494668164263171,7.7877402824522655,3.234373117584946,2.344569153393229,6.185442143236459,1.861950311288197,2.9896546070496934,0.7814533120109977,2.823245403986588,-0.6693390832725916,-0.8438374767428958,-0.8040101532678122,-1.0973707578933516,-0.2423484840704881,0.707409120146187,-1.442248790935715,-1.5697141430557384,-1.859163126391966,-1.6102499638160257
4.804428118227236,5.098638779917591,5.555526690860023,4.9146221339608225,5.008312688161868,5.438386859662595,4.8835579405317775,5.624965894055297,6.553719245289472,7.192801677052122,8.145025236855144,8.200585731692449,8.324416863286185,8.800628885957249,8.324464137422734,8.32358518585282,3.595219869561142,0.6375793671664137,1.5587453497357258,2.1129197115572445,4.395189451358022,0.7755078016997508,2.4722376662557126,0.9237159624621856,-0.34326219241467026,-0.8360975141681709,-0.639689337452598,-0.1335622011934482,-0.10234033208349481,0.7617138498388696,-0.9012958079965828,-1.4201684049888461,-1.0763063334715683,-1.708655608861323
4.6303063241952795,5.405375339880106,5.988488809713815,5.858853661141451,4.906243236127855,4.044821854123866,6.980161565342156,4.870304582538969,7.470738365596577,8.865745271360948,9.526569215627882,10.070138160102834,10.078088193510581,9.021611267111894,8.243069850535624,4.701907356795718,1.223780559455532,1.1042687503374216,3.147568596515338,1.2048906592165158,4.383637698893048,3.8840616797677483,2.7740519997606605,1.098768433242526,-0.5230131664196843,-0.9619309698799091,-0.19392289557568743,-0.3417437205694859,0.03875579081867946,-0.44516508092018403,-1.144905712861447,-1.4291151719507205,-1.2845785114573887,-1.2350047249168299
4.791589340295556,4.973423660836937,5.498054997181066,5.313319801839956,5.979207337759137,6.111842835321507,6.995219933651161,8.669627503852125,9.298532005737492,8.492429990099502,9.42539667525544,9.432140046635899,9.404804804122698,8.484272836135576,4.0772951124602175,3.0839979689431627,2.639311872456064,1.9764750590635403,3.7148397482306312,4.85640061212667,4.37363498692146,6.028600075522805,0.46410343242688734,1.252280836294307,0.08335944277057948,-0.5263410314624505,-0.33105517054847633,-0.43859393441032957,0.16726264624817697,-0.41968973202926413,-1.4194952156568248,-1.9064742568234185,-1.460539360154408,-1.2210057290852094
5.964363605846946,5.65522057591047,5.506296485368299,8.712315916774141,7.0471100838108685,8.40425160955958,9.079424632262688,9.900321105811205,9.466721690643354,8.79041025400612,8.759312780301672,8.719021090822332,5.5964845367579255,7.118950127351883,1.9049577942151739,1.8835390400853216,3.721073999068432,2.225669652478286,5.278822671083473,2.7815617063269684,1.0918666996666038,3.196535695768866,2.997909657776059,0.8319903228053062,1.0987129679872791,0.3061938512048205,-0.4480699552187873,-0.3456014061528145,-0.38623729686296904,-0.05753558257387994,-0.4092261131504267,-1.4592524352480667,-1.210872985899234,-1.0195121492373407
6.105237373205909,6.422934938948437,7.271056452842812,7.904235204186205,7.4226031827474594,7.6072988109313755,8.69334085268386,9.292234948432784,8.428467966821025,8.154547995355177,6.800547841109457,4.209227098804418,5.047425092329979,2.380208592060092,1.6142768611786886,3.852514289496332,1.505850152140736,1.5473758954721082,4.740744780327786,2.378099465969193,1.6084722322584963,1.5069923147651443,1.303402401563299,1.2148027021629295,0.9519164770033559,0.928517243453907,1.1438304293589598,-0.3929934900824562,-0.1334106366253432,0.0615295031687178,0.9825103258429694,-0.8196909086527907,-1.0631117883749057,-3.169687049331117
5.699828396789619,6.376488170340745,6.56674823672196,6.703101064486623,6.835486340907042,7.173553500232534,7.411654587340418,7.348565577849187,7.379550682740195,7.37809425553342,3.439873191135341,-0.8692870605361983,0.39185327289924815,4.565063327371708,0.5872275623336634,1.8254735490411855,1.453236910173919,2.6181940950835068,3.977002758690028,2.523504989983558,2.670098794760703,2.078498241256632,0.685447826024972,2.109528543328057,1.3616000143037126,-0.19738203627164755,0.8789525944096391,1.1594820986730872,-0.19789865092037998,-0.28116871209831296,0.43023608455816326,-0.9527253052404819,-1.1960958472467873,-2.077146911463375
5.405047407488873,5.3492114170240725,5.658069061635435,5.9240059652983925,5.988939701163899,6.267222315870728,6.351882825438331,6.3014886133723245,4.962473074891893,1.7624402304311213,0.1566607744199486,-0.3780859478411716,1.8006164471387245,1.7610617861748812,2.1973440163860993,0.021636429065177806,1.9345896238740292,3.4306195647338895,0.8933141373753429,2.629550302978411,5.490772345662635,1.2311620218571866,0.7621914631273257,-0.31461719122638954,1.2792465938098823,0.5369438717323217,1.3061348447921735,0.12109439960820852,0.1587786270553187,-0.34588596867688765,-0.30658428491005735,0.2514452288199007,-1.857957542663358,-3.7104931827395786
4.639177343495132,4.5978699648162955,5.163093775477236,4.512162969244207,4.68085022407196,5.15128499936106,5.452041956880825,1.1083169387549503,0.08397868745043997,2.6027212248591147,0.7302198011225136,0.6629145320826461,3.098209637591008,2.413931593900231,0.02292848624644443,1.6284751107069282,0.8298877183250188,1.680575157542877,1.9691305094006013,1.859402091915146,3.3143300392780017,1.8820234558129814,1.3634259593351303,-0.06575039881509301,0.6509900318107952,0.6464547890535226,1.5554635605850688,1.0386362712632156,0.5024282361072987,0.23758096793316685,0.8149394221397475,1.4195528964044133,0.17177871981099108,0.9472073192830265
4.789763629963185,3.6590325926553033,4.114894389517521,3.4823654515536333,2.689928308273151,3.7896262622755024,2.9546911494997707,-1.637469454410152,2.593103881532264,-0.9505851438411032,3.9610335928902964,-1.6760684958931735,0.14789446585367855,4.921785286572339,3.4950791826069127,1.4136841592536737,1.1545454274931795,0.922742691655668,2.390670456893512,1.34568681512908,1.5570663571133898,1.2888366991065996,2.3145604598238427,-0.18282434060644354,-0.17907722699903486,0.6433400195372037,1.074827322448647,0.9270195685381031,0.7342784489200336,-1.0214337513043745,0.9520680893854638,-0.34411609474020566,0.49189875407449224,0.6336704676428175
3.180680568541526,4.884031873905049,2.9099591862978462,1.5618351256559684,-2.5409954012531744,2.278861071036493,-1.5448630961290055,-1.2862906505978131,-1.429733852288043,0.7549100013550825,0.5033598154859286,4.210895803620412,0.9058507288741271,0.6003156592094928,1.445686693286269,-0.6486492048987137,-0.37422930688652734,2.022050731576023,0.30905092055468775,1.2500494580511867,1.4415058255718969,1.4385928866102047,0.6151867688454743,1.1756277133962076,0.395588159494612,-0.021274440299429428,0.558169642703171,1.0200655895937227,0.7964445858458775,-0.28303789713267913,1.3217931178308242,-0.5588912875810234,0.6361128688633072,0.28520734164187966
5.064579357356137,5.0726322633176775,-5.3986966546991075,5.945772688330257,0.24697679427896763,0.52851717169117,0.6822477545008754,-0.09130549543328118,-0.09276107005970109,3.4251261452048087,2.9614346834699394,1.4882900990005672,1.7622261544880478,2.1991230618426605,-0.4055536515724172,1.165332391088813,0.4496404745053471,1.3504182813758172,0.990555770562929,-0.26422940213842994,1.0925627532589337,1.0794613162147144,1.0823823639028292,0.8310839612003106,0.43614025240710447,0.6008481375043621,0.8065875508423495,0.527195287337152,0.5225652457647609,0.00139929994907167,1.0789106345915807,0.8209471624695565,0.7682090416135331,0.030958145791365764
4.440985763060951,6.554580616842141,5.561545995345767,4.155945519182158,2.7672761612012815,0.5147248786460561,2.546023828645136,-0.6636192444996194,-0.07957984496906771,2.1327522692917653,-0.2808992697618415,0.5816129807022559,0.5475973496052255,0.6521609112121621,-0.8669915387922777,0.09279254999800984,0.6595971069062212,1.0302721998859512,-0.2871238248047842,1.444640353713291,1.0138739007611648,1.865134645041268,1.1336622625642083,1.0359636077249967,0.20563452385283038,0.19768070192674506,1.4184689378620914,1.1654235879637107,0.27969983094729634,-1.2492948648621243,0.40502950130423154,1.0242833694875817,0.6852429518920983,0.138817401747274
2.9524875027759445,3.041524704962131,3.7668623039097127,4.38949429590449,1.7586835305166986,-0.3423071474214485,-0.5481077521405755,1.5713071345195206,-0.35415675453264817,-0.2781569199294694,0.7949186303104893,-0.6249631749705139,0.8867179639331781,0.7090290912235315,1.5817842746015778,0.2050925494159133,1.0169343590337823,1.2965706964490635,0.4671899230664081,-0.29701509384630503,1.4393953143438303,0.7504169019623986,-0.6834541636035241,0.1389572869035615,0.4846695205952524,0.44795217902763557,0.4743901360806354,0.7415461239719522,-0.04841082378319876,0.03420992421431844,0.34427911352012996,1.2039626476005967,0.7933105743027449,-0.7238786193175153
2.4378685382609873,3.0031097831315403,3.1889462066279872,2.911258147094138,0.035451183423915116,-0.519286316528814,1.3045958821922787,-0.4386477080300162,-0.5165571233759206,0.9376635594174859,1.9971949780326905,2.9729850006596132,0.2608214129427496,0.8445109215415397,1.0959600621020182,-0.3248621733764612,1.335409731903817,-0.7194913332064415,0.3970459890007163,1.0033903059820324,1.1634119675428771,0.8470980450234028,0.057600515011930996,0.561252103742865,0.29028370149303423,0.742466048811434,0.7243990929427433,0.9452192131605454,-0.3403816142855824,-0.19435839549333367,0.46653230648805843,1.2839818290828267,0.6252509991512043,-0.32959042455000537
2.765997509836085,2.8620741925895223,2.888545615001778,2.410713046449824,-0.8573737786239323,-0.4631646728472828,1.5143452727060938,-0.4907599586814087,-0.537865339297915,-0.5419024300945702,1.8914885727628128,2.3122685230132163,0.9654655743171284,1.1668010165941727,0.6084958358660598,0.40098184926336605,-0.534946136193577,-0.7499582456748798,0.7032699192427512,0.4440465824287694,1.38528601740152,1.0072263122072187,-0.6345620889740932,1.0187377393801507,0.8990145042922821,0.897670769400148,0.5920020751427679,-0.26613723179918064,-0.23100548037201757,0.22193603074284626,1.4709122958684562,1.7146176320179651,0.6713934153767394,0.33624761868890535
1.8804021531341204,1.9837704970244223,1.920308056043938,1.4759449191811895,-0.04644505635202622,1.0090931875711477,1.1026444073713175,-0.48869655328278316,0.07698928234457514,1.8045212697731965,1.26500167005405,0.7071050700052238,-0.35331489348803014,1.144417044128972,0.14052768212864314,0.5031196318969854,0.530859249075593,0.5443245232832676,0.7943347286438328,-0.3888326870840234,-0.6575875426535289,0.8107359174616221,0.35143256308266124,0.018570667001901513,0.5510069474295887,0.9354727862007893,1.286317267914536,0.40613672364501463,0.3023464140453486,0.4132169436957483,1.883792050739033,1.2712695008567902,1.0875657964716388,0.16212219243958567
1.027269558888689,1.1434071458510109,1.0198132943178175,0.13328072097751262,-0.23634310612685117,-0.3702139407699764,1.5443124046076968,0.735307814074601,0.2819097202859473,0.20819138826852168,-0.6799787023504593,0.41222866172627637,0.8341680960846314,-1.349615294068772,1.5856827762090333,-1.1770533418119364,0.49208841184873076,0.34435169133650706,0.40972574662986117,0.3111971332815302,0.291777986641008,0.7425265195508798,-0.18908692381592468,0.056395623980514224,0.08766482633822063,1.2139502168374061,1.2696611015479948,1.043098920635634,0.33801259761111924,0.7657631504433832,0.765974813552224,1.8879856394865093,1.8428407799273103,0.342490576953214
0.32882555124957435,0.0660540303318087,-0.1895914011498661,-1.0994744754126402,-0.1895524302277339,0.9787026299491007,-0.0785095222228402,2.9889523214264475,2.797989389737324,1.8955599097760971,1.7869214683200498,0.8914693071323869,-0.6335848570013678,0.9211630671436682,0.02218325147401991,-0.12720982964675503,0.4605079352847018,-0.15173118507801947,0.2056463921671685,0.35247721901656515,0.3633957881096626,-0.22136011993352955,0.8142321981314816,0.657847825357478,-0.21309512889519652,0.1352679038475665,1.224945359115042,0.7911336839106297,0.5290840399414245,0.667555217027733,0.8632761988677424,1.1468220083051395,1.9605145580730827,-0.36940036243122853
-0.8924971875056752,-0.6524862415518033,-0.7262340644957191,-2.2075949662451557,-1.1179742069368621,-0.13307822570384367,0.17312974992947724,1.782791929065876,-0.20103982520802735,2.085091632559742,0.7171858499437415,0.20610099463544562,0.4768157379354207,-0.17777590461860518,0.4820142133177084,0.2589071606758401,-0.1818492280035866,0.2642905707331626,0.10723538567780036,0.1321400819186845,0.13803829266519266,0.4202663789424696,0.48841986848408747,0.909962331478135,0.7003341375435173,1.4148516476236666,0.6787161856917809,0.958840804173424,0.7489612678123215,0.6697039594438792,0.9361658488678269,0.7005117840235934,2.365642245412483,2.1855024258133224
-1.7514700688298586,-3.8303210983937412,1.4343781682317627,-1.1653882363445969,-1.247702244732092,-0.6345757737102181,0.011578154997221498,-0.20275220365814078,2.0693215102552394,2.26334392641348,3.1301616849039964,1.5257744465042566,0.8531033866313916,1.4023598173766587,0.6284265563637599,0.5156900883865891,-0.5663080603852474,-0.45232323748803527,-0.19545026346461508,-0.44485557727321945,0.12324158641091075,-0.3545910586219661,0.931919556928554,0.7379127753675656,0.874417625470303,1.0157508297843483,0.7884142328628801,0.8385858253093726,1.2820116838563094,1.5012904268489164,1.2840840301873646,0.9892656443722819,0.3066642335385073,3.132893116639016
1.1788236807279697,0.28206986415823143,0.7998864426359892,-0.4260293311566996,-0.3648141105691153,0.1361307210568209,-0.3570314971594878,0.1702406901573064,3.291592514654586,1.7975630734052002,-0.27546487852405455,-0.3324417376054741,1.3701059526269745,0.32647053222883093,0.9979268017775483,0.8595517687653503,-0.39671691708694584,-0.7075356429653796,1.3968849450990475,-0.7539647743259387,-0.7818437428133564,-0.6775784242909617,-0.03303645404658457,0.5593153189529612,0.3939375551591381,0.4323323745413582,1.5324920217685167,1.8766651701166346,1.0198336339696359,2.1750606431802204,1.3279473148511591,1.8784722948354367,1.6228178197207732,3.5711576635988274
-1.0489988943115613,1.2184660938002143,-0.09957340652538418,-0.2446118394880263,0.05341315809495734,-1.5522224687490096,-0.3263105716881837,1.1145368406004628,3.3599943340405916,0.512778590238339,1.6383106164138883,-1.7266255359623683,0.9279998325394542,0.9245920748697072,1.103434457352515,2.265766879630117,1.0517543398430664,0.041443095162490874,-0.8351432569427226,-0.7062199726237902,-0.8942988802127286,-1.493539783443364,-1.1838757008403642,-0.05800880508257488,0.9170129880415396,0.11566441206653956,1.0570298912694476,0.8790459978822919,0.815534581304918,1.307454239562888,1.9937934129069736,1.4077612678225873,3.9251245524859293,4.301537542458631
0.8046706609401142,-0.5255186428673343,4.130922975292448,5.083147345218478,3.808984331114838,-0.3431385768796998,-1.6624271647568358,1.8351327441163674,4.638697256021312,2.2880883298460692,1.7774505170478905,0.3504547003445736,1.0378541747476377,1.3005843466618192,1.3910656831043102,2.6509666765229594,1.4978974097877094,0.9208578371884597,0.38042856925049806,-0.05924793309095582,3.9239142969397944,3.824388219691194,0.22504314585816615,0.3097956516327821,0.08041184973422108,0.5544677862656829,0.26718608978504893,-0.14535921644124827,0.04223731791682793,1.4436908749496575,2.0204543776969293,4.927969238457789,5.244059366068243,4.609312985313752
