script/wind350m.json
{"header": {"parameterCategory": 2, "parameterNumber": 3, "lo1": 3.000054539987559, "la1": 64.9999836372058, "dx": 0.5, "dy": 0.25, "nx": 34, "ny": 52, "refTime": "2026-01-27T19:00:00.000Z"}, "data":
[rows 0 to 23 of 52, columns 0 to 33 of 34]
-3.096025445352774,-4.122985609132754,-2.9875836965284837,-3.233495622003377,-3.30561889115726,-3.328426058608898,-2.664953260138392,-1.117709101826453,-0.5045449620811927,-0.2541783967953942,-0.2226232009565072,-0.3011282519995733,0.3494063724358475,0.7429376324622947,1.5943970043257134,3.7009953515170064,4.812655008370932,3.8839883282077414,0.6267368876494129,-0.014406213783077966,1.8087248375645806,2.366875096323327,0.28843078400734523,-1.7288588122173492,-1.4530737149586124,1.0013211082099915,-0.4883811060221436,-0.8472755974419315,0.14040868882934693,-0.7543250804971412,-1.6587556432378645,-1.6899921786468728,-1.8025787976840644,-1.4421438949264347
-2.5692249148222714,-3.076791188826413,-3.327457523214086,-3.3638732189667113,-3.475867475318114,-3.3095930805781046,-3.1968679768899047,-3.215959176969434,-2.500517466425444,-2.266687061712444,-2.2046886537903654,-1.8853109805813628,-0.32982751502466745,0.9496553484305046,2.2328062923135255,2.2465504290305187,4.451377989656725,4.68515636091035,2.725217293492765,2.993966033003742,1.9628876369999857,3.017868447307935,1.6452196860948252,-0.18841820203917886,0.6603369733111553,0.25898562728089053,0.004429703851534802,0.8235267192527642,0.513171109153166,-0.25309650647775833,-1.7535654725850012,-1.5964357896924457,-1.1320547803561023,-1.713728031954923
-3.257717032814375,-3.594964589216685,-3.699223075893715,-3.6125639776031466,-3.661345055714755,-3.7590880950630785,-3.855468159821573,-3.6199320450575483,-3.370744098341618,-3.6694645572245985,-3.04121544626265,-2.090985690056101,-1.015432428164069,0.34765743073379884,3.0258117665605813,4.581961365800512,4.508936003233869,4.373870390179905,1.569267242736053,3.5739310221262532,3.5584554319848527,2.238431831248857,2.6655758303456123,1.9296483743944686,1.277142332378316,0.6897593345703117,0.5819895733001493,-0.08123043910008423,-0.6794012553364461,-0.7042429118900906,-0.3517483172050909,-0.7103354783134893,-2.135822073163108,-2.2360274282227985
-3.8729793232293903,-3.9893191925535434,-4.27594029087334,-4.419904945033472,-4.70949296750476,-4.5936050169454745,-4.370150937760452,-4.349924451528647,-4.3449464181045965,-3.8910620279661403,-3.1839914534948583,-2.095706989421872,-1.8346090822350116,-0.7715832242451249,3.5330157738051815,5.324053698685082,5.359840271358276,5.095254056769364,4.337011063801325,5.808842686678929,5.228406776236543,4.7136587322115835,3.8711678976797876,2.6667280580637063,0.9233928795376113,0.5977250927564804,0.7486699951080029,-0.15104146078166736,-0.48204524878296406,-0.33892734129482616,-0.264300651331824,-0.6738299930663987,-1.7452880340133832,-2.8334470293392213
-4.115271530927777,-4.23242126542551,-4.585396973830336,-5.019455110205437,-4.9633679846686345,-4.9409388889986765,-4.879914793656303,-5.068289657531788,-4.662643603306611,-3.8056031753830557,-2.7489135978461663,-1.245769959928296,-0.2525032209355136,1.6394364386383358,3.5806625723240955,4.381352200556072,4.321770988023329,4.668592105843114,7.740316289957874,7.591067488001102,7.28340157198906,5.870106743805223,2.9546988824898293,2.9256744465228848,1.273151275973268,0.6529135680639873,0.837596213586187,0.8285560519117187,1.2118399875654124,0.11019451043725756,0.45841831002320943,0.31533943544045867,-0.7934954334330117,-1.8654769450085136
-4.321914425953843,-4.709242965150667,-5.024960602402471,-5.217786477977974,-5.371646742628155,-5.409354470231358,-5.188729282079125,-5.02731813788472,-4.382558317480755,-3.862014687635489,-3.1457166986175924,-1.1331200572434008,1.8729445470291504,4.736061868346718,5.122085451653476,3.3734753096805536,-1.4678446444270077,3.879170608583792,8.147836766090029,8.660338628265277,5.596222299052019,4.725457803807959,3.862787503233942,1.1838139678844166,0.6771677979351626,0.10471647723224138,0.5142280967466069,0.9326835861628565,0.8788910245023548,1.1117776629530212,0.9258741771624822,-0.3005644348838288,-1.4784712517414438,-1.3743179740352636
-4.775835488359939,-4.951185544251605,-5.245338883988037,-5.474031825631456,-5.662173832435126,-5.769658689049558,-5.541982427023228,-5.508632585553995,-5.352633372964772,-4.193959850579365,-3.169533169823354,-0.6726061251106225,2.5245775711531473,4.224553823957151,2.8182345955447494,0.17513511795547476,1.64497589957148,4.960511875300412,4.939136444013062,8.006640327605192,5.843778887824875,3.857740607841261,2.565319366362344,1.1921179245584332,2.2844199933929197,0.4472475021614272,1.0810138657705903,0.3533941948594795,0.6731305838605012,1.1462264460186051,0.7865100943616165,0.5495716690836474,-0.3982089692630354,-0.905406066144141
-4.795333273216565,-5.2405626460068016,-5.442300274193016,-5.800190062585235,-5.967764623086741,-6.0878904903377755,-6.033407593916734,-5.11976864325508,-4.813283434612819,-3.4423558663061056,-1.5365579491942127,1.9091504416481944,1.9207423173140405,2.170888443627863,4.050543958213749,1.9107428387931724,6.50104038896985,2.5967619878842805,5.5514938744036,1.0282378183683287,6.200073774018475,4.764370335960438,1.7365779555174505,1.209681912012148,0.45325471484672897,0.6371337155970487,1.9092256810440245,1.9071793126221632,0.25355526658603983,0.5372047369895485,1.2451264457936488,-0.2718737139924012,0.1366661117081246,0.02173542167124274
-4.397191040908845,-4.848039442775692,-5.399308052629979,-5.6547002021540544,-5.813303333502115,-5.638447150946776,-5.290683469171229,-4.726001313484926,-4.062385138459514,-1.2799270938149756,-0.2633863209403694,-0.9563229039028314,1.3891855357125555,0.8714476604833038,4.490776353771274,3.7415555476244258,8.676027064240396,1.1563433141829076,6.954854305101143,4.850503965026159,4.500704626275578,4.0151611603466995,2.747782551779797,1.2353561381981797,1.7881492422738738,2.633566545834394,2.1401580041111914,0.3427415124085833,0.5832354446673769,-0.3863661681722764,0.6850695408058737,0.5263211189218531,0.7056470983695072,-0.09859127702775565
-3.95195354558601,-4.416939258975287,-4.800894855229199,-5.099458768324171,-5.135733762718148,-4.928771948088889,-4.644750487741647,-1.9175777697473373,0.7544234794946976,-2.833496248145209,-0.6793571954810282,3.31598327818468,0.61753524385303,1.4838670910353167,7.8315118649052105,1.6620005313274138,3.8662129134279826,6.748693746474035,4.686488658814966,2.78720249654575,2.1955879915176264,1.559621789214523,0.44575464752620114,1.3071645206535618,1.412054047621748,2.9278820109803996,2.706365919120904,2.604737105500336,1.7569921053272823,0.9574553078519814,-0.7924790057122033,0.028347161258555582,-0.863733036972392,-0.16472597939367303
-4.063105476879098,-4.008193089718871,-4.211508690882944,-4.539574574217927,-4.806380197808991,-4.996773928164279,-0.6214151795869775,-1.5958665687228286,1.1605973715368152,0.39683555111441393,1.7477400694206726,4.658612403975557,0.7953702763660695,2.0062611521924962,4.143099533211171,6.163161877194565,4.1031973565598925,5.163433467415095,3.3354151403398955,0.9207018415984519,0.46330424523806385,0.27286949159596646,1.3621690427173687,-0.540081320193795,1.8919677455579937,0.6091781116471937,0.5899312658543241,2.8771863195174108,1.3583039513998576,1.9357438764116555,2.8193725707999295,1.0372546235982452,-0.30480018794568287,0.804246514503596
-3.1882617367413846,-3.7853647110933157,-4.222066103313421,-4.303531051823975,-3.3188011534889084,-0.5172888550460941,0.7006492778535544,-0.21620160233007293,-0.2692233110214107,0.057716353368243795,1.7570725607302933,2.7139558656179306,1.8986467604227322,2.08701712875212,3.1215776064901837,3.2822942220150533,3.1031541439704275,2.6939864232063484,2.210190627837495,0.9170998980857359,1.097119883032662,-0.006703245808338575,-1.4350356847022854,1.0857716296915565,0.21936974740108534,1.5914845525087724,3.443947603550136,3.1104418974817873,2.0263927273723876,2.171350043226714,-0.0746889559356681,1.0955072512363115,1.9012347650939303,1.306462427846147
-3.36095320687034,-3.591885136708126,-3.2870374051004743,-2.5311907015924477,-0.6289623512237823,-1.4973049564854533,-0.549286393814784,-0.312850284888913,1.8941984679243558,2.794852697057932,2.769762795365006,2.1403377070161116,4.4480749281198895,2.616920990026863,3.5306811240067884,2.223043886200752,2.4129713720901425,2.0604159220239477,1.5443237823314966,0.5702885211650086,1.108823908353409,-1.0201627171556686,-0.4737707711099758,-0.6393034625187658,1.5425021846499847,2.30806855965687,2.862224019894143,3.9456644056306427,2.690922981959246,2.345240230581465,1.457568540293622,1.404940791217441,1.1729981152141895,0.5992305475248512
-2.2257725457173905,-2.693616828068965,-2.261777807560907,-2.135907957023966,-2.06830746979921,0.8338028859333794,0.23221308709062854,-1.7964217630267494,1.9012597440451486,2.2763040473007954,2.182566706520661,2.499369964400045,3.1433234636152596,2.903258760359808,2.1573331207432953,2.020934338858905,1.7155740768626464,-0.10202253036365172,1.6243584951576013,0.4035948067988771,0.8758098836788649,0.5581761335808736,0.5061129657814722,1.014628919196461,1.8658653608160263,4.016939526542847,4.6302151872417445,4.040387882371916,3.0340676060023393,1.3758078686348574,-0.07634936805821817,0.572003203270716,0.9393917204178411,-0.13177551613230068
-0.2621672611768634,-0.8630586399645758,-1.1476527156412368,-1.0220195779546093,-0.41107866215821365,2.935145409608773,0.8713100765763144,4.754650335347691,0.8360058840750302,1.0813610718062767,2.209993520855208,1.3750791289489142,2.148421192761036,1.8954448168509566,1.9807060147336268,2.2756946823570994,1.0668412673054863,1.3925891165912991,0.29367883619070995,-0.7648859796620364,-1.164345760448714,1.940630603009539,1.4834539220873006,3.116212585322002,2.6031366158086398,4.702770405439995,3.390426313342935,3.5202136407963573,1.621446546402363,1.1148079498093086,-0.9555776730406693,-0.030442605320694302,-0.6678367526871558,-0.91357299324076
0.9479980512355783,0.4093872985399788,-1.2287085448230182,-0.0694415071665313,1.024307789546527,3.845600440872535,4.933635382963304,0.539675142742731,-1.1147790240069186,0.9848006158768464,4.0656531987215825,2.3856767220356048,0.8973444902419494,1.130460902153626,1.059504743983458,0.7544154341005604,0.5998386028473381,0.36716448336757207,0.9475002275474408,-0.03949700538686243,0.5143603845676765,1.817386627344367,0.5451847991986017,3.6193371839234296,3.478303266833996,3.357673559589112,3.1517901758633795,1.184722119494061,0.2100186731148884,-2.4047877644941256,-1.633013700995587,-1.5348821155150565,-1.4144700679517266,-1.7933581817562094
1.3754108998016854,0.45603630972943393,-0.42879469525627933,0.09578193193455531,1.0897766438088474,4.042055597100231,6.51132130322941,4.500739763392959,0.12324603855362223,2.9650733850166366,5.362118702284325,2.8271431007386036,0.46988881285867207,1.0149522577926753,0.5063139165788878,1.4061008688704573,1.120899551646052,0.581438631832695,1.265518386516786,0.20686056809361164,1.4722624864978076,2.2906245811346535,2.929073402943208,1.9383532688899434,2.5929674141139487,2.78127327308885,4.828008031158639,3.2460602065578557,-1.7855347039581375,-2.0728327496222927,1.9641824346538812,0.1751169719016252,0.8433605793323348,1.0819267591178974
1.9563719740810652,1.3100745926056876,0.08018258189715677,-0.4773061510703296,0.6224954414662512,2.293333397395928,6.312740745103266,2.302035194155418,7.919385253770112,7.665763929109685,2.1086696259501516,0.8014627193188458,1.2058246465095228,0.3267397755260905,0.33685967039875975,1.0319460802762095,-0.491879042356035,0.5875518541455875,1.77823243877833,1.483969359359341,1.6611761335848847,1.3375807503996873,1.5866475294393685,2.3893154497651685,1.929675598909616,2.1831583528002376,1.2593405880912099,-0.3111379951243617,-2.7487389324086458,3.5359606537665638,2.1974728820760396,0.7582589103737472,1.4888516544129609,0.6800467047266269
2.583621796029379,1.5478689951331865,0.7986377159637887,-0.4583885293105842,-0.36330870220861017,0.6722828311158334,3.518822686562508,2.7352354803628183,6.407473934710234,4.964357071841567,-0.499154728398748,0.5148331624020721,0.7834802032469638,0.2803453288565673,0.5248712615884336,-0.23718377725803044,0.5343654021048603,0.6272585741044011,-0.6809238265134032,1.273912479448681,1.077038739299798,0.8000134491480108,0.6734993414344486,1.4077280392686644,1.0965666664228422,1.3910473441478886,1.634374377333614,-2.163580995902107,1.9350414145327492,1.6152063311243654,0.37435760749523483,0.23286637905762952,-0.3596573189955204,-0.744927011950602
3.8026394883232495,2.2636350936851395,1.0525488721230811,0.20745905682442994,0.37787260299296416,1.4350437032760421,-2.112995002375485,7.472283772787883,9.519963662944045,7.838976279825704,4.015994181981962,3.2128385552077137,1.9386604612003224,0.42055725725045706,-0.9293451270448906,1.0396927726575433,-1.5332480445333174,-0.37118122892753475,-1.2391062527306609,1.116554032578841,0.8468928559885293,1.2779367514410405,0.22991622950101354,0.9085871728080838,0.663928140728354,0.3795254916013787,0.7161786126642364,0.4412754422088558,-0.002534164327661521,0.6965416597154809,-0.16496152257777136,-0.7533820012683211,-1.1918879600748,-1.9757582170960153
4.370484512455221,3.539325398642817,2.388874732414571,1.1982329566432421,0.0863493543172165,-0.13969395126430617,3.847294271289658,-0.3145495934436548,5.7986197691977255,4.738117592079142,5.25475693845713,1.597236937346118,-0.6637188690808556,-0.9081531108169788,-1.526692682648448,-0.21219831163664898,-2.9292177073262176,-0.1923128432888976,0.2799004043357001,0.05468462475227164,0.8186774173649856,0.3706520923964466,0.4139768417212404,0.3128529579085545,-0.426239198318632,-0.05707087821225039,-0.7588518368197589,-2.271177608455563,-1.399261215555069,-1.0968535468964664,-1.6511058605303994,-1.483229908222381,-1.1469943343456557,-1.5467850541404464
7.4867243761403035,4.995545072841144,3.339488449237437,2.4154468013276618,1.7688936924755796,0.35180878478257943,-0.7748237724914383,4.025262440197228,6.95590740492572,2.914607723964639,-0.21961850314518394,0.5765610554114076,-0.49748949590423963,-2.7878294974288953,-1.0402517876974073,-3.761881657755715,-1.0528728181273006,-0.44856116063576185,-0.32007921054574434,0.5340388307763186,0.014787287423382867,0.2321469744352609,0.03236043105156701,-0.09646788489318547,-0.0011968000758858133,-0.8739798285818536,-2.1574229131064038,-1.922592987670105,-1.3201344333643956,-1.8185413502378704,-2.0606392962764017,-1.1615321153410454,-1.6316437483904092,-2.0384324284169355
10.283721863607223,7.644433853875105,6.333106985422263,3.177401293508486,1.2718800588991441,1.5305741699883872,2.0850601733469007,-0.047391025321443105,4.349674119746436,6.337746461880745,-0.2158386811050917,-0.2788138612687712,-5.196323345358888,-3.6546694990574515,-2.962744883125439,-2.5653675206808706,-1.4831859287029965,-0.3927230164348353,-0.3443631117180164,-0.29196737869959866,0.030395430032056945,0.17411373470422511,-0.5469311661815188,-0.6014938231580379,-0.40127804185774,-1.5800326757110585,-2.6937728998915955,-3.013667924375966,-1.887070713885647,-1.130139067129518,-1.3017548364775164,-3.532318188706887,-2.9029089634508916,-2.8765392936736984
11.152335590975452,10.51290173150987,8.092793197493261,6.0579159870788555,3.658945424661574,1.8486074489274988,-0.5131743031424054,10.42844183216811,5.420543192122576,-0.26184201460068235,-2.773206469767674,-1.6527213095566369,-2.7793032487049127,-4.546219432002969,-5.393853669882776,-3.0208056979978273,-2.170216316693533,-1.0432594136728979,-0.09939809856162662,0.05204673358752094,-0.8706195528751629,-0.9502702701804864,-0.9642366271800221,-1.0690102114720414,-2.330432631105278,-1.8894286412337302,-1.9828769966838855,-4.127252052610733,-3.1245173519061944,-2.9888733243273724,-3.6317650687646386,-3.475321282770394,-3.470808346302663,-3.6550948029591797
