script/wind100m.json
{"header": {"parameterCategory": 2, "parameterNumber": 3, "lo1": 3.000054539987559, "la1": 64.9999836372058, "dx": 0.5, "dy": 0.25, "nx": 34, "ny": 52, "refTime": "2025-11-27T15:00:00.000Z"}, "data":
[rows 25 to 49 of 52, columns 0 to 33 of 34]
12.355432536065743,11.497508679886614,10.640418606387394,9.61145952721198,7.774593934173717,6.573722174513994,5.643571117471731,2.4000082889254175,3.7894331366455494,2.454639015090907,2.0729314181473217,2.6464055417080274,2.1158278791543395,4.466016459885233,6.176043698335725,11.69497806488594,13.613914585520579,10.07002398776864,9.944698046142728,8.26232959299388,13.2050089699174,12.939707883731414,7.34789863686969,8.106166369947534,9.271355419752078,6.8854541518919214,8.409188069896665,8.497701742273815,8.85795259665778,10.214426662440456,11.521911010552586,11.18035110026323,12.813864813966141,12.253192633350672
12.673240516294229,10.495780915763495,9.386006831019946,9.589131764095626,7.9426660368485065,5.670474322545077,3.299131874387025,2.4019382931417956,2.4555832383135074,2.6290908123578247,2.9095049381003997,2.450454319266945,3.9642003147403564,6.363411214174698,7.451785020247111,13.171024311621734,12.613844885829458,10.98922318711867,10.616687359899561,12.958906592279696,10.050339018281068,11.244363210089952,9.350204336333348,12.718708656114332,8.071618316801866,6.582950511295592,7.687925343475827,7.9084689738619245,11.315068933793084,13.037079113377123,11.860289720944573,12.475719378132549,12.78376492808751,12.124841923875731
11.599686307080674,9.955815173218335,9.151396041801624,9.036666942761432,7.894948667822021,6.069929050148679,4.464400759140668,1.493887622612628,2.028646290267898,2.682531045252785,2.5237235462966057,4.03991642478768,6.47030239706444,6.752190692490195,10.943181871244384,13.538640523422721,13.011532191460773,12.209957781594495,11.022230790160489,10.9413699513665,10.899057926918982,10.844907898156055,9.398444792150807,14.107061181109186,8.56507151004343,8.894335042078625,8.411500814579393,7.5998459953417985,13.07095511195126,13.068056219937272,12.594435962173895,12.905295812674476,12.622528347393699,12.675950300083178
10.978849446606667,10.626416822115397,9.763247794489189,8.024664327359966,8.183380508410872,6.680018375174943,5.219477659549791,4.034844534260313,4.339474068778263,3.4459108088886934,4.236535699343901,5.803355680763832,5.995985753004698,6.357204563439685,13.108348159336085,13.584692049112215,14.05076085724052,14.699034857900243,11.691156370648619,11.564010305804407,9.115323761349789,11.162573999544563,9.33160592053437,9.287434173231512,9.099403634765443,7.392097506555281,7.61324695355978,7.866614216320073,13.900363969653318,12.633198950443944,13.484625630571651,13.202169339120116,10.503238956853563,11.691780445816667
10.126967004039953,10.0539016627091,9.229935584535005,8.387283836264167,7.289802274535419,7.4023711096677065,5.906909055609651,6.0591280413446285,7.205808831793802,6.5177797552732075,6.348463203210155,5.490612729093266,5.381877829253991,9.103125136854219,12.802761827694816,10.333078093626856,13.735800519897703,14.465230054077216,13.270258675208307,11.866374583119804,10.047613113870472,10.75127024460849,10.376562648833648,9.709660591860214,9.362228130806923,8.732774144814897,7.287861748503592,7.782263773443338,12.681768297853715,12.383721077939315,13.375695737605295,8.389723303842475,10.866550726697158,10.550710404787749
11.5596114816265,10.007945984581438,9.813562541404943,8.899111023290672,7.824784357273068,7.18532586658156,7.214274736941039,7.176697693542066,7.51858564759654,7.450856563260006,6.403939630737605,5.468822456420975,5.979310694885878,11.884699075724898,10.168069153649071,9.288315559277853,14.58046870036252,14.903136048268362,11.541479368616699,11.086759803931116,8.677488889624826,9.069267678053443,9.131646301471319,8.942663177923585,8.541819946949367,7.271261024985984,6.724458460472573,7.352945923658755,12.959429747663778,13.013893323796978,12.111104810468559,6.90965075624909,10.06061135869171,9.547377287511983
11.55562136491507,10.535689926105238,9.89704120784499,8.629000907651921,7.984650019360768,7.028024059435347,7.120587613151034,6.70347497030987,6.509056757054754,6.574132804681672,6.210047944054343,5.811152542106277,7.4971767844094535,10.59791069880542,9.293445133928167,8.944482482185894,11.562647529329649,14.692151074453252,15.82876003509038,12.329144877417189,9.178288690166506,8.547106477899641,8.115301498775992,8.143055679317616,8.977227423417975,7.77810233544559,6.677577542255429,7.968312698732736,7.791092726811201,12.705658714913726,10.17251274646151,7.497681996997071,10.350711599561423,8.069675672809213
11.397033718114045,10.851381403717003,9.107234035856962,8.656407909397322,7.821349378181155,6.931973813074522,6.44488239646121,5.969570781072383,5.812583694602933,5.70964977047578,5.765354608126523,4.540545001165458,8.670446783339566,9.882218102261204,8.764666058638978,11.358085073203178,14.551145565060802,14.58838514403685,16.77460545881552,12.5735754672468,9.131538922405532,8.38571389571897,8.832737796017902,7.7627228099523595,8.557046644489716,7.724346905485902,7.30289685013275,8.544167644055733,11.955907386155506,11.579544091979724,9.80248105852508,11.239771872110671,9.146860568284588,10.056302246828327
11.522059680498572,10.790855667756995,9.729438282942299,8.973361374790825,8.396463858497217,7.6078153948673215,6.443621639706762,6.159431797918034,5.860413707340274,6.406077284981983,7.133828638564773,6.758749989445704,9.239849339307021,9.081388517380761,9.213080337195512,12.455484737581902,12.680031827968962,16.160562581281425,16.368525458943974,15.163812222586728,8.446670177961167,8.886247662436688,8.102572627129769,7.9786187030808495,8.121768997470104,6.996713527531731,6.4644088018803085,10.4259917188389,11.813597254043708,10.6595532740503,9.307126029739218,9.302312151386404,8.323893300187487,7.168613520615506
10.9866045558188,11.857698179488693,10.67043302570786,9.219287435293657,8.352590650065391,7.67308452793454,7.062228962076517,6.418150988495817,6.3868996021117646,6.968127536404404,8.03514797058221,7.1539868003065905,8.172978203416132,8.934487331370983,9.258037968184945,12.025410473320573,12.863981720673813,15.629173163503948,15.992844590931936,15.95411625152844,9.473957807985323,7.490397991858082,8.617473657332077,8.742553855197045,8.214138672344019,7.054817118929698,6.267171442834625,9.224972223132408,11.544174985500733,9.696453345454179,8.815579859626087,8.42653352894022,6.975379831408018,6.443527600142802
11.005688103151634,11.320001200007964,10.202119488136605,9.26851173733759,8.426903413487352,7.783475394881867,7.111547868001131,6.70637886356279,6.825616291036185,7.666434090223259,8.224899727968824,7.134462488360925,9.77062139732975,9.290078188952048,9.402885230644614,11.073851092578481,14.640902168742885,14.95003660678664,14.707666039456065,12.450258775584329,9.415896273959454,8.49232840475416,6.528059912865635,7.520748440371749,7.040506404244431,6.755664613408899,6.715383805300753,10.35558962922548,10.690420797691356,8.965703751348432,7.890195733229222,8.012232032448097,6.166881137288903,6.46726225795962
11.352974419122736,10.882666669042873,9.784034470673786,9.318030999846673,8.81126331624369,8.159239838550143,7.338459539623146,6.9978139423160854,7.253010389806192,7.430314230712453,8.11576855830884,8.296520012787198,8.906871082243375,9.600591068920457,10.751041007878099,14.253797013810154,14.600364164616892,15.168212925964045,11.203751042634826,10.359636604253886,12.059926135212828,10.045300127708884,7.292263451858192,11.176406683065888,10.186098583032617,9.42905697974746,10.047129980014294,10.688536959883495,9.930943265209143,8.007358561059895,7.124402759989171,7.069642216746067,5.344446429949973,5.344157293046217
10.952321481594504,10.415541010566997,9.83879721893832,8.74126140411227,8.393962613791555,8.142402457314985,7.632023906751232,7.488436363553542,7.338214861537182,7.86475767006262,8.51159246794097,9.276863314325931,10.674115857217554,10.181847326682375,11.312241761624565,12.612428354476215,13.121192822414079,11.893562901952217,10.97620035379659,10.906419294956594,13.366249802274703,9.066856262654776,8.885751413589212,11.033935209637947,10.482360970450557,10.264405437041376,10.645018548589267,10.522327331800248,9.15656118349626,7.225084233633568,6.370720766284947,6.005168115633933,4.057125754651755,4.026737011032404
11.164757186751844,10.670179691590862,9.434885515152422,9.227114891768602,8.753555054562959,8.148854407771587,8.068478773327612,7.806145675496661,7.422420315571049,7.242616411093441,8.215344303739043,10.69555103211784,12.564012224525104,9.068623580693579,11.702772274623953,11.58082805522697,12.776332220453178,11.616264550418208,10.346237595641943,13.72887355818791,12.395652210718097,10.063043128414597,9.99957815350494,10.958724741074384,10.19803094829962,10.267333969014537,11.304973838345472,9.953317144539698,8.476803353338267,6.945766020726115,6.139365500857565,5.0309422091588205,4.7458487949511685,3.286690943223948
10.852672347446605,11.140038852240089,9.6279329579671,8.69068599228208,8.432131605286838,7.800421185889616,7.626479536506149,7.710038434645954,7.541576443258813,7.750175117109492,10.900323020127244,13.61312314852508,11.363886171364257,10.370134902867674,10.990949284874787,11.67317401613237,13.733137448370893,10.666286929475575,10.451817178308804,14.05245512724605,15.129896447317458,13.3289720494263,11.130629132617644,10.414745536755733,8.905204030534204,11.319789208878824,10.90246114316131,9.77858585624721,8.340584424128906,8.014051767461455,5.889328642460687,4.949008395965663,3.9720505260463534,2.2946027415157606
10.796495656662856,10.593137992362578,9.839722623417083,9.373025265663507,8.769240497965598,8.41466052724183,7.376139047195273,7.586824022987511,7.874298760064359,8.312390183168603,11.65522106952495,12.759151826715776,11.106047792319231,10.666306691126831,11.449065460208539,12.259551531147174,12.027273262393505,12.758821129872842,11.519382892763131,13.893284638048952,13.953823032207051,12.744002681970134,10.919826959434415,10.646110605203088,10.347402374386078,11.691618329862164,10.76139007396634,10.056712986998216,8.403821187171152,6.98928052320758,6.812908757799567,4.475184604317697,4.191196113176483,1.5249721485385908
10.891020970978195,10.505389712127819,10.002560403019325,8.610151087897794,8.214797937798265,8.217861174244174,7.867131208105764,7.6610170435894736,7.950918971910043,12.381544511769784,12.150424542239035,11.361626994186176,9.992221392628998,10.042622826325445,11.967281557055864,12.851786899683677,13.079439278437377,11.354147704392105,12.499188045807331,14.033087779301407,12.823500927382897,11.277482709710837,11.853507613193136,11.314840106889779,12.015426220357538,11.62633687099781,11.027362543275126,10.23666423619657,7.837059693863498,6.287490424263728,5.934755247965921,4.427505027374883,3.4134072522177323,0.5054847879459139
10.972278264118108,10.362081213088212,9.422875425295842,8.628264080351201,8.38230116373037,8.127414466145988,8.049040752096616,8.260099784978964,12.948332550262625,12.677609675396438,12.354171386262012,12.684683908731065,11.244640215368982,9.68306799062107,11.022423202420345,12.749245533586043,12.089340129397737,15.386356999959611,14.424311321766933,11.85812800167479,10.931607882058918,8.980461145060197,11.880651545079166,12.21902265902941,11.486581289765004,11.025358306849549,11.207346364784792,8.159695487321798,7.100557182957012,7.388936759384883,4.739158723346875,3.874156687757664,2.3362599088806615,-0.7703130235394398
11.221357277530366,10.305380836347648,9.198529013551592,8.402781467255046,8.406437821398535,8.351553464685361,8.473622115549306,8.976015974991752,12.872521918933556,12.721895771201927,12.301653079294924,12.309953990119096,10.373452816385091,9.409308653358531,10.610581196106448,9.688027035586742,11.87778514274928,15.747902987093891,12.72287415406716,9.952433629190644,8.95113853791596,10.723212289962134,12.187411784049374,11.59765364375112,10.720343609411582,10.38367392773343,9.187934938110828,7.207557969384391,6.220388718952181,6.284621274519994,4.055687857687411,2.6082386257236085,1.5802464498552204,0.19829246761258784
10.574850126582632,9.457082445570247,9.14867690088182,9.37715183037184,8.489890357241023,8.619267043652952,9.700506657375877,12.68978412864724,12.737039988371015,12.47697393167611,12.127973636977092,12.813805847895932,9.862713023116614,9.130797482035685,9.41871245117064,9.762950927727886,10.978035756508895,12.486852421020084,10.339736989518187,9.603475542999162,8.184069242366725,9.292365906491142,9.73769800043191,9.25100427300535,7.243536346856207,8.029305185993723,7.265955281090225,5.50058071781396,5.360196520793574,5.105684619568131,3.716193352693429,2.8465938448141683,1.5319554750239692,-0.8142456359210863
9.880801683851367,9.099860038806922,9.19886727296948,8.129470613842983,7.932519289201649,8.70310992325291,13.011372029994611,12.955600984568274,12.383241378192343,10.906877436645223,10.993060461700837,12.218218313927448,9.937298609600768,9.65292626494414,9.667705578689207,10.727195703045174,11.171975413596664,11.164201915972656,10.287145176188087,8.331843931145594,8.493829018210167,8.323044807352549,7.91692284609974,8.26995068496598,6.141406796851034,6.973431487778595,6.582547167768756,4.51148963282431,4.678208429539292,5.441477575070055,3.4598450316529554,3.1233832290760963,1.4373974215427443,-0.10262332928395378
8.91030248867838,8.838491374650951,7.935170638477739,7.378574338304127,8.795430006597481,11.341334677205717,12.023580778543462,12.090700391194414,11.694809435550125,8.859185183084143,8.882311200915593,8.943452399756659,8.804719672146495,10.34673603175952,7.800830678649705,8.682735833740821,10.077814031305381,9.211225579902813,9.580275959454356,7.951690199910029,7.7254622176203265,8.792926283995058,7.729147878104978,7.862396897403348,6.923206391161489,6.708003464879008,5.278363702896642,4.0718057694669625,3.823975080522594,4.366975336743949,3.9263429860109933,1.3642451023751394,1.0578618118273493,0.01464228586606402
9.26621873191018,8.417413425204337,7.63820851798269,7.703570983785681,9.205628784931417,11.63499718285123,9.75649507052016,9.169360306496925,8.629560249303045,8.897304714182518,8.099157163014889,8.651582622716283,9.387499642394156,9.785419319325179,10.048724805796994,9.814814046129342,7.699625967661635,8.463192613568566,8.116690216045534,7.628566109564656,7.627590635559889,7.2212779601593065,7.780972947716145,6.476226756332639,7.512712545795036,5.567528532240718,4.371296031518636,4.112578301982226,3.9702225859315763,3.893625019220585,2.792349431898018,1.6889402667307727,0.5270645905612641,-0.036135592042668
8.539379282715194,7.649613530491998,7.435290593228918,9.40713694594162,11.397858249146122,9.438908029679302,8.457696290273296,8.190681834207089,8.366510869900464,9.132800522691088,9.027776272296135,9.186702626715956,8.682782430124776,9.930593929338016,7.9714005698893775,8.583419464401535,8.18025662791416,7.6072150042936535,7.324292955075079,6.959234581649766,6.919894582970057,6.260148928063854,7.499561644111659,6.313082207947932,6.689503000846568,6.653119731055168,4.15889495651683,2.818706630615787,3.4415230179436445,3.6088406264646924,1.705950241443618,2.693016653958669,0.6019297704344776,0.15933267240089866
8.066888439274244,7.6992844613493645,8.690338175747582,13.109080119192653,9.011566832333273,12.435956606590654,8.27012932469508,8.062145136203926,8.484243020334327,8.0346867774257,8.547404472881764,8.111554758460509,9.220807830632085,6.961966944342527,7.484773778593612,8.501626498127688,8.568365629339581,7.874563177855936,7.990211908019566,7.396021231016683,7.205625211645918,5.623166040523964,5.416638698683564,6.197496916108676,5.807946814509356,5.065691100670406,4.846307292028149,3.5879954563904897,2.8489302462368484,2.8591781139076717,2.0835902558078,1.2717852791949955,0.1164487698304004,-0.18619331801685002
