script/wind10m.json
{"header": {"parameterCategory": 2, "parameterNumber": 2, "lo1": 6.000027932988019, "la1": 58.9999434238085, "dx": 0.5, "dy": 0.25, "nx": 22, "ny": 24, "refTime": "2024-08-08T08:00:00.000Z"}, "data":
[rows 0 to 23 of 24, columns 0 to 21 of 22]
1.045856765130464,3.4043162031675607,3.4343510111371733,-0.7463426718819879,1.065246789790486,-0.377097522699643,0.4567369313890178,0.8320351163237396,1.9384739056689473,3.5558510273207835,3.582755632214883,1.5923237975764766,0.9785404294558803,1.0782111054933432,1.0323696506894657,3.740108158914364,2.1549900849558643,0.2526259337602752,0.10874518410180876,-0.6987832231713071,-0.936310412336067,-1.326373056023041
1.9603585619589574,2.8423850232972874,2.667442211798493,-0.462754509084809,1.26191006457213,1.1040268551300019,1.0445232261099822,4.737773012095814,4.392033929515791,3.784298913929943,4.0706778277458655,1.2076767556535426,1.1157157886332056,1.5350276326161818,5.130606730444319,3.9840190021158883,1.2667170304584134,0.7424170123461479,0.07279140524582599,-0.5589830397001847,-1.3873528906213133,-1.171425735495785
0.9662461061089028,1.8620814968940895,1.7044200776018181,1.2040761709231595,1.6612191407428418,0.894626061081582,3.7295645682090925,5.177247778212418,5.22193989938456,4.251632157536777,3.919142995312738,1.3351166382842938,1.0678668279463868,3.516298969496268,1.011729703459839,1.4025827282077592,1.5892586802615438,2.4788207616920777,0.8448599393689876,-1.0473622228534738,-1.3742934377291103,-1.319828699510127
3.864000925460417,1.6041156698750443,1.7478389362924431,0.03749736676307672,1.3744746056857122,3.978099152077676,5.483455956934446,4.410928999701756,5.306046678272094,4.512491964874127,4.124823753748113,2.3739716515631106,1.2427252905545427,1.0450445795146837,1.2807540521027698,1.7646061618601674,2.4258239856033543,2.742608992761526,-0.3810087067695377,-1.3017399608261033,-1.2867519958114941,-0.9019618545265208
3.6431906195379855,3.867788118610732,3.6458853867287857,2.2405616042029317,4.784319455689992,4.472840954524037,5.187867523461397,4.108444255292078,4.233707062413759,3.8468890357799634,3.809095377422655,3.016238782230338,1.322754796163252,1.157135050199487,1.36911169883994,1.231377869085459,2.7413882092896964,0.3591218904834596,-0.5746514216434079,-1.366876450134206,-1.3132136674346757,-1.2287645528798494
4.85206353727213,4.6080219499936,6.338353621231352,4.740817404326177,4.353516278012192,4.809279118112164,5.803471229342734,4.113569098340083,3.3096239070027167,3.1251335499493207,3.7402048094988047,4.204015070533325,1.7212053572101025,1.31444952128118,1.4415112404493153,0.7697636596765602,1.8346677456486906,-0.26102266035436184,-0.5816262337989578,-1.2177087050366453,-1.349197581647346,-0.8974579675204002
4.8640414396073055,4.649799873796933,5.455179736702921,5.521768491147959,5.2725236653853305,4.8820982727359885,5.43637328366609,3.676403318265713,1.4448736180600954,1.9271327795375601,3.604853971560553,4.051535218859636,1.7951891325004516,1.4339289924757241,1.4107489844317016,1.1064752594550464,2.7985328587244656,-0.03208285425804981,-0.14137863535223222,-1.195906594504803,-1.4921933353746908,-1.5243513383473917
4.941708131520749,5.33452616110788,5.723514970773439,5.668990463244853,5.088112719259526,5.301701487990639,5.015253474577705,2.6518885170453586,1.141683025183995,1.8346766551360871,1.9235962919788232,4.413486112586804,4.357494697135951,1.6497981627182365,1.1054033161333363,1.2017636035812163,1.6279008540243705,1.720037521310755,0.2630056441441173,0.0042609255821891255,-1.3957945298052288,-1.9646711654890632
2.7041704222367713,5.560933087697007,5.809320503100183,6.286207656877205,5.614309321951841,2.0230456621722506,4.341060428404627,2.466356589163341,1.3308765610164122,3.151904564344016,3.8169505143874294,4.170432175909115,5.008460427281356,2.2830244479032076,1.133023220558968,1.356028276293024,1.9511169305669107,1.3681720762761365,0.777805667088375,0.24402646637477463,-1.3513183651239637,-2.1384317033552804
7.073905193673263,6.140280307371399,6.292903213308338,6.000143934165138,5.676502030065379,3.486608786631461,1.4211559912802139,2.444504691464199,2.31233525664737,3.164548611529116,2.77661805566867,4.087101363581398,5.162057560895787,5.900019772119145,1.8580130677480937,0.8643335495506295,2.005918267915068,1.9544524109918056,0.8893892569394442,0.3913887903014745,-1.3297386326379743,-1.9554265162663147
6.711928850474996,6.541639468897249,6.397930872729603,5.9975684340984685,6.191183554293327,1.4236763392243916,0.6603377917561782,1.4667512697051563,2.5689121086630013,2.629085508036991,2.5287888331227317,3.863893493089324,5.630387147589893,5.952029355504876,3.191815989103088,0.7337131389274022,2.0721588452065745,1.295092764518331,0.4022026107702326,0.7619301953891233,-0.9428387179959644,-2.5961218350841877
6.790077531751074,6.941539055317148,6.817588617074975,6.09046130067279,5.8472725460045964,0.8626072772572031,1.580302623549366,2.344445178044748,2.7037027430505094,2.5559142676904907,4.785741642046842,3.8627989641142064,5.199192778873085,3.845992467850108,1.7614218978059855,1.7247859620838681,2.083003776303976,0.933645728515081,1.1981706674195267,1.3714940787837264,-0.270123004090113,-1.284472249737328
6.905514050745187,7.058018721288104,6.917646755688518,6.354002282858107,6.6121036159748,1.1042918439771505,0.9962349764297922,0.9209617322768594,2.875939544279326,4.685968503867605,4.211509657806238,4.0360006603624035,3.0501454619511943,2.2563185123301412,2.97502524809671,1.4954498033385366,1.3470362181901578,2.7318247467609367,4.21302887499394,7.797969349564366,3.6051071406042654,-1.2454364525030563
7.317448974617838,7.38169341596522,7.727123720493067,7.095441909234962,7.498600461391212,3.4800410631738496,2.22846880400576,1.8948424570642755,2.8641528770339977,4.680593308115457,4.021415632215505,2.907106586066181,3.1915659386287376,2.785942683520235,3.3085197399279966,3.301844345870422,1.8078536679019923,3.5030404804953075,7.192466589322567,6.072046558165636,5.13712674475676,0.48477083129456744
7.779284964244625,7.628726995970239,7.387679203179673,6.884302874420609,7.800532644207782,4.345544972592956,0.8922859895309717,1.80214674883927,2.826991610560765,4.372903368793849,4.390232135397013,3.2288344595215848,2.895311138191784,5.0985851507600675,3.526963313227506,3.723396517458519,3.5820029708168137,2.2580691601555674,5.00555391262556,5.68789933689577,3.5768582731569336,2.068339732182739
7.796375419563897,7.03319819930235,7.28020137332874,7.338101889277738,7.592728852268754,6.05125962342183,1.3023844491015961,1.9965088102208755,3.232851126559018,3.1742521295860464,5.067449974967545,3.2729302923507624,2.8197298259630723,5.069312515956504,6.378978013777978,7.083874254586739,6.282362210122727,4.100822500819191,5.130690872329634,5.255637711619842,6.4422559981787755,2.830244542184535
6.681793496734921,6.673026351425815,6.890502887056059,7.046317123127888,7.191517304627405,6.302347952943244,1.1057576428471634,2.1390267295029144,4.015724515112528,4.919754866750558,6.014278389543807,5.02076012959442,3.2171498005412236,3.2961376434154768,6.353682369729433,6.59510779151186,7.667248228564781,6.418479815453822,3.311951394033508,2.3309379157739003,7.9836055673205415,5.380906168827595
6.465568991130161,6.8403828972457354,6.240375162499074,7.071423585802612,6.5454562802259755,4.425582621973274,1.9454219131961814,2.4728852738637266,3.9288661661559314,6.655715983132868,6.244298591061962,4.1398906521287,3.418085406891013,5.225737650381212,5.860787129638528,6.961834878554377,6.995746294249009,8.313280112378079,6.4843073878856705,6.354773137029894,6.684175362217942,5.358245109321866
5.9319663452884,6.318836323168348,6.1094910498911,5.882435396129335,5.614903177177578,7.098414183762941,3.1285207909802866,2.692216792188681,4.34603798462867,5.718911805883116,5.06054906085041,5.942896439602809,6.632165995414986,5.042710731843583,6.073577223132229,5.090153958046671,6.878492179390332,8.241993983296705,6.348187527283542,5.529726759308428,6.678503054117861,4.017179521317041
5.839557126689906,5.676951415686846,6.179272621394398,6.323398472696185,7.4412098004737794,5.910302806210916,2.869168548968941,1.8298853588502517,2.5510320734521064,3.527894771791531,2.9699407871088948,5.712032023016656,6.739792369690931,3.9235067549229856,2.646932488161066,5.74307118514745,5.09837343814268,6.7014607279423375,6.292839821921431,3.8101509393883806,4.645931400650325,3.0061992078523057
5.463002947795406,5.3854030097586785,5.8117975317882555,6.652939188360257,5.6722665067963485,6.135777243669811,2.2784756696689663,2.4757659727393255,2.061322266764547,3.267398951322565,3.9149332302893667,3.2329640110448867,3.125270553760439,3.4186177759266387,3.252279445590622,3.385967182125536,4.60993180628904,6.45149498122649,2.4976623149336143,2.511071690487343,2.6830591404126816,2.1168507807123733
5.093599935123224,6.1379126879602,6.831892298711108,5.190479119891043,4.360268675277345,4.29630645092985,2.0004729829913415,2.5017706357479743,2.0621820110962057,2.9843322226146687,3.0181167857575715,2.839796195485186,2.5215039069414535,2.780650827108656,3.5022014291255985,3.1837924105838207,3.21444096025917,5.858379513226974,2.5462345037830096,1.6045640439164501,2.1430777518952766,1.316211301235122
5.206870105572494,5.546961998421572,5.544705136567016,1.1442899875186332,2.5987615457272972,2.3777729464349,1.593030198391975,1.2612423605403402,1.8105335389602357,2.123261399054469,2.027985087754212,1.7654357891086148,2.7357035755995915,2.1744478363448594,3.422242750484239,3.6751980079639783,2.3085321359536497,1.7827042276615053,2.8987327274308328,1.3365936221166141,0.6124141464289699,1.548581386907228
3.2229300609325904,3.309439244730138,2.2636908753171867,2.053451479771203,1.7489394268105267,2.186535086960479,1.9143706395213493,1.0977618243945584,1.6903266770371637,1.1775974938893319,0.7691248114252538,1.463096703084153,2.0543965784531193,1.5037838035362159,2.119840446890583,2.4458430400795077,3.9812819321087094,2.6727770242848696,2.9407894545597553,1.6643087911797974,1.4244451989248827,0.5575002406255747
