script/wind10m.json
{"header": {"parameterCategory": 2, "parameterNumber": 3, "lo1": 3.000054539987559, "la1": 64.9999836372058, "dx": 0.5, "dy": 0.25, "nx": 34, "ny": 52, "refTime": "2026-03-07T12:00:00.000Z"}, "data":
[rows 24 to 47 of 52, columns 0 to 33 of 34]
4.530742489502775,3.0008842417956374,1.0168290906853414,1.1333467904399157,0.9641399701217022,0.12716310495679525,0.6527598697715207,-0.6110145790096853,0.3038574693028556,0.040744689083596144,-0.5941685585608494,0.8145522462741263,-0.0015825645950012148,-0.8512745185974327,-2.2221704030005673,-5.035623381393763,-1.602204226703065,-0.5734221300886049,-0.5812186373476546,-0.40287804894052986,-0.5575252270075107,-2.083369737588836,0.14908962043065085,-0.24713371425961758,-0.31499854935733584,0.6481536121755131,0.14997275749916716,-0.2379525190288465,-0.7201903032350774,-0.6183954912911741,-1.070180808840889,-2.5463416827439675,-1.429053965603282,-0.4530200619371596
3.502651541037055,2.29205659167155,0.4618540246997755,-0.3904442594509078,-0.7565367436871188,0.31422964634476624,-0.3855689918306702,-0.33429194525282485,0.11540226400918585,-0.5013610482664238,-0.16441716368423298,-0.2564263396114691,-0.5176528599524408,-2.3360701512049578,-4.528573845064933,-4.940747558346297,-2.9213306879857437,-0.6871512804340738,-0.6235707367450309,-1.2911037555551523,0.001145555492530126,1.223930459914474,0.5306439100166863,0.689215123991417,-0.14888285723371358,-0.6323009761324618,-0.8008618971568839,-0.7460377496380639,-0.04246284806014934,-1.4435677636775044,-3.445665697677571,-0.4979338408206184,0.9846433952398711,1.1959877235825571
2.9065658996339736,1.5060619513951106,-0.44032428774433285,-1.3110750961894044,-1.2653381431496569,-1.8803471090647264,-0.27637735598355473,-0.19485893868647308,-0.3469732729508245,-0.6612382043070214,-0.8559780154621611,-0.8130265959823355,-3.990062535119872,-4.488707505662718,-3.99525061187586,-3.2171045719518596,-3.638292803814577,-0.7210889788670122,0.031543976196368666,-1.557410587782957,0.9353449120582867,-0.3900556579255219,0.560086320212691,-0.1087866028550353,-0.32246536815844323,0.40855556583520547,-0.913585414506075,-1.0176615237371494,-2.212866744289222,-2.998509649676745,-3.2125210075786037,-2.4420267729970573,-0.7254228174640596,0.0981258860722453
2.2762275065749336,0.8971681075160701,-1.2203816458850016,-2.4802220190337847,-1.9469289400897354,-2.6209925337001696,-3.5688586355799172,0.4302544753311365,-0.27743828963853584,-1.2810682104189481,-1.8593730753213344,-4.756625524022605,-6.071185780167514,-5.164468608455192,-4.443854072674595,-2.9080224515751176,-2.8134827145201515,-0.6140436376102664,0.23202057111976113,0.47103024916760866,1.176048461711276,0.37776589907612707,-0.6412925367566857,-2.9594941718724312,-0.8174474186422243,-1.1939565680636113,-0.9803892062154249,-1.050431342043675,-2.2521440187861015,-1.8555106751105153,-1.9956833421181983,-1.709790291734608,-1.2167596043824607,-0.9386310353831172
2.5045024184502798,-0.2586833582963512,-1.9741153461574972,-2.9214072392926744,0.633787205938934,0.8395131093139683,-3.2475881947336536,-3.1102221193373616,0.10465449483097504,-1.6850077495377491,-4.901504772526283,-6.320793758741624,-5.308944741593164,-5.462183190410539,-4.237875453949531,0.9641259538295798,1.0871835659003202,-0.2378655376989689,0.22603978809763983,0.4920983064291562,0.6095184753654981,0.8931159459428331,0.053740277756512383,-0.28090097492146127,-0.5565720757029049,-0.9262242397242292,-0.729698447549854,-0.9684790177518403,-3.4530898164982426,-2.8039473718611956,-1.4473500441703646,0.6738879249248156,1.2403865269032812,-1.4448302375982962
1.9018662371254633,-1.4599653566009552,-2.095571346933476,-2.7067554580808935,2.0472546579908504,0.14694872412972126,-2.9088080770944043,-1.1212753923263838,-1.3387850047740324,-4.183367117816133,-6.638250013772916,-5.224432164321276,-5.352226235508414,-3.8851849655655992,-1.990537891752276,1.7211602993603907,3.299080415478708,1.3104920961586155,0.15828746489873716,0.28649907130502356,0.28156767861479726,0.2241202024431207,-0.41888283505723223,-0.30926269777502646,-0.9391558114502654,-0.5935609480725427,-0.48903702589856685,-1.0732029341271847,-4.100896895077773,-2.3928972806179685,0.9741669603311168,-0.6128070480858868,-0.9550255605686101,1.1478101958913063
0.04361936401009609,-1.0970560074138482,-2.6408359271520183,-3.414958130322632,-0.9892689479265806,-0.639977334275187,-1.8554224783714428,-2.779684602290943,-4.14916427523097,-5.7702216353221925,-5.412226397364336,-4.987025453449383,-3.232796338648165,-0.7963720162005158,-0.08600985581338623,3.0170580121260313,6.2579934317568755,6.098259963910205,-0.13937960013698822,-0.8040769111907159,-0.23510913819094037,-0.4794985597407506,0.30083646721050766,-0.14197929783551527,-0.07189681808132146,0.07453145728665017,-0.4174214842429555,-0.848457811871027,-4.2884560958944205,-3.6672237298602877,0.6088723120588937,-0.951921654091976,-0.9886474973541558,0.9232061100321358
-0.0786915413150243,-1.156562144622588,-3.2579674230610385,-4.178538610799747,-3.876332188363846,-3.1701857723968256,-3.3035590756424154,-2.9270395719099525,-3.7086968244962732,-4.468956959000041,-2.2569004469238214,-1.588648769659741,0.9794473178473163,1.16021940244149,0.27362222155268817,2.0501153361919333,1.9441740247532944,4.882106512808825,4.855710835731066,0.034082414917294274,-0.4134376568159597,-0.3725255345298974,-0.10903476489532005,-0.25076745284760305,-0.003391065605113191,-0.2960595606728323,-0.1815119339965445,-1.8243421220528204,-0.2845582136142765,-0.6233895987740545,0.8669014583034914,-0.009888748430927904,-0.7630028615110402,0.05715941148472087
-0.16150415462202514,-2.3706725879862653,-4.32068887638132,-4.693134803105793,-5.335114245920215,-3.737650447294054,-4.135572105154018,-4.100275342900184,-4.622088211811419,-1.3423935422072197,1.8104918158403733,0.003782763463349852,0.13496975876119852,1.1933714224201286,0.5394029191848309,1.690996917839104,3.3807593682494743,3.5928056727685167,3.0264478260764687,0.3320497784540377,0.003039496021711964,0.17154974914110863,-0.15229632529686607,0.1739292035355546,-0.2732608383222776,-0.06047011659538088,0.05479037193380041,0.4740553933229369,1.5639324248686561,-1.7612398139789183,0.6017350032858519,1.7332878265928175,1.9949543692604792,1.125431334063008
-0.7752944852068683,-2.0677644629566663,-4.331906199719562,-4.9592786840855485,-4.54940834731609,-4.264534451706616,-5.629359899499212,-4.273559319416505,-1.587715528534002,0.7595595160010854,0.9763868341951122,0.7949940487961307,1.019848982500155,0.1175552235855976,-0.3662690418727592,2.3738943203812783,1.8568944717977758,0.05805888225711781,1.7095525609426545,-0.2070050926313239,-0.3225669069140909,0.14753086191049442,-0.04895778101573079,-0.13545884394561686,0.26445379745378644,0.012231797897393875,0.2677702381456301,0.48542132996280524,1.3611418227997338,2.2966383172923774,2.1231308473749633,1.0361475894097987,0.10701787511048745,0.939697042677508
-0.9951804584416226,-2.194912675755458,-3.976667260207269,-3.8632361687194137,-5.015373761878837,-5.220174213232289,-4.088098137035897,-4.8443177405835725,-2.426920136064203,0.06394670524853596,1.7206556678877867,0.07720860508601601,0.6744222316590347,0.8001460329700852,0.12031359035168636,1.6079307538614325,0.7903613473922971,0.7982313129911704,1.0236340909590593,-0.7455334522806668,-0.35389047296724113,0.17914805397549752,0.47187134459425395,0.47890272142429136,0.3570520860534812,0.30640816744524757,0.38154442921928233,0.6997389543367457,1.8531356693892758,2.682412807161638,2.8435175153553716,2.8704137559280434,2.5702354367135216,2.0475089121083156
-1.762575877891088,-2.76936750622022,-3.1615014920937217,-3.987191380830533,-4.387952212200611,-3.889453927965251,-4.116544765461907,-3.3696584947206603,-3.584487624402724,-1.403289570007169,2.2054062923289703,0.6941328678810674,1.3540070463595681,-0.1665564159131069,0.810295773217147,0.4905096337938691,1.5310005845136898,-0.04332768512813559,-0.5226037522211464,0.3694648201909004,-0.3476249221461866,0.2880133097706492,0.25985378812529497,0.32716641524871687,0.23085795267154377,0.06984437390269853,-0.24728348068184172,1.2829499874326866,1.4424857972825877,1.557114571723875,1.9372698426475858,2.396810694776664,2.27973106124622,3.1199176860799804
-0.9251976386397368,-1.0178238192932694,-1.2429509270811048,-4.331142398367879,-3.378931399847668,-4.2812143781959575,-3.689622346991632,-3.6653938342228454,-3.6527721086109213,-2.0598714853924363,1.564096531494784,1.0411229791212286,0.8123219524921732,0.7956468460491163,0.12648593579849507,0.6515746721052335,0.5674086928993756,-0.011347793999288787,0.32676898603761345,0.8125590436447693,1.120003812940906,0.6921091678593078,0.007230811377314704,2.0206525950003287,-0.42606735521248723,-0.6934145199714821,0.21742616378890212,0.7993927923785334,1.1201157308798597,1.5074817192900898,1.4203519673433564,2.0711371260481957,2.3117739513183024,2.1305814531759206
-0.002176705672793161,-0.8884648777365896,-0.8471762672720485,-2.67744013532225,-3.837603447982779,-4.552254086808214,-3.753116551133816,-2.794507961290068,-2.3866530088065447,-1.1052668149674676,1.4196324505802815,1.1287731609442548,1.0698485255433061,0.6388437560215774,-0.47431327618187474,-0.4629410884736676,1.8875088303658971,0.8131808841342236,0.7225851420209641,0.18530735411635865,0.7659227108481497,1.12119461101518,0.5506945009825174,1.6652389421627993,0.5137389734636736,1.0014335812513167,0.8162489317498528,1.2748280281292175,1.5427378456649092,1.970226153548977,1.8274242375987637,2.226237265242596,2.5587625191934276,2.951874650114778
-1.3109241420135225,-2.9494122386856776,-1.472274765028072,-3.2012907438408,-4.061376681586608,-4.732129095000519,-3.9494338330317253,-2.8484555047528786,-2.5419778803665554,-1.0404778282149139,1.6481730685907023,1.2442781697637277,0.9112433946173968,0.039745688124400685,0.06479189594959701,-0.8390109046344874,3.737557877554966,0.8698954179637571,0.22827813115478954,1.687922846227253,1.3382318138874376,0.7432653080334922,0.6659479089356524,2.210505509663223,-0.7135295229538118,1.4925881340159597,2.0723722977344408,1.9494824762406007,1.7381616375833084,1.6686371756648728,2.379882788334532,3.0214720591206756,2.7078535271482176,3.1494033890463173
-1.3788920721110887,-3.154832206827448,-1.7939803662423364,-4.025265506896611,-3.6532679919632036,-2.7188166089572086,-3.781574646090015,-3.7194260538093467,-2.6681171757492113,-1.2242826124755617,0.9535789385943286,0.2964578198662993,0.47065184888069655,0.3838454064182388,1.348585892893621,1.538657891820582,2.751657757501763,1.573245484492213,1.4595084211187366,2.359504870332233,1.7979513620991352,0.3650111672358604,-0.4019899648578439,2.840087965683382,-0.9976258631111622,2.6006569045514563,2.469056624750828,1.35845103435396,1.5198838009981812,1.1138196527369333,0.7395691336665673,2.4130408758792,3.2438462779216986,3.2805535568405033
-3.5981567632060685,-3.5411152599398723,-3.487181823983604,-3.2329161782387086,-4.207686206853618,-2.4796754528938956,-3.5452160020674297,-5.265294247025875,-3.204877553880606,-1.1082795271859376,-0.6408902824657103,-0.4269700363373318,-0.14104505490824695,0.3950318868085966,0.5975748622479435,1.3457942345539864,2.4911076754304915,1.4182894079850819,1.7928314289014702,1.2596789830941848,1.3015158024882154,0.1349144830498984,0.32599708645788145,0.7010273597658961,0.4203045074563184,1.3406951475087656,1.5553945425352316,0.7542018511371926,-0.10425427608999721,-0.424379966055069,-0.46601985645235267,2.401799545707407,3.472806678126185,2.8533229317146143
-4.7272328070422915,-4.239285247746083,-4.852491696208985,-4.155591272116571,-3.6721069136365383,-3.7105786520243043,-4.299927541209495,-4.3292864874403865,-2.354916769285787,-1.2737500074381756,-0.5068844518725542,-0.5265313407308173,-0.5528695550940704,-0.5099357883273459,-0.8153486972212833,1.3576753832697448,1.1913636224311495,1.5015940640642913,1.7318601060444454,2.114467633412702,1.6998252188096132,0.560292702374139,2.9026535634101234,2.208670663405252,0.20337519460693532,1.5090005203171362,2.0818310856835964,2.1216755790842194,-0.7488500857669802,1.5404790786988054,1.0010803535019401,2.3407863380856453,3.252288695921632,2.7194763679757687
-4.238750870016974,-3.939228287788222,-4.197583760928368,-3.9640798133787816,-3.7198457399317144,-5.639149597145423,-4.9256583862392675,-4.139018874696914,-2.8660427295941875,-1.4951568442765724,-0.37773608739247433,-1.0718150781114568,-0.23793065254740722,-0.4626972535065656,-0.8205289496483629,0.050768116707449795,-0.2623970270671149,1.2308971809212212,1.110148813860439,-0.7526991406643128,0.9968738781956847,1.6736848291844573,2.2846698049660428,1.696930456222028,1.644389145873443,1.4366322985360072,1.3683229214607684,0.8829291781268457,1.5806381182410822,2.434336347703271,1.6591603732904494,1.118093900713889,2.684309850469345,3.656943296328871
-3.297539179834611,-3.7546722875496275,-3.860789345394402,-3.805696739927401,-4.2375962199390305,-4.5710475062611575,-4.801098560109384,-3.7498324363959417,-3.5164694644036714,-2.636065454527763,-0.37198538128090985,-1.7202742901380519,-1.3594168550959946,-0.3565648485707479,0.5788988050193229,0.4378804608453657,1.3320936696720576,1.8393104794080914,-0.7699591259825624,0.9225448225919781,1.0933343738424774,-0.6125295896933028,1.3759359714947792,1.4155934767331213,1.0734061542926554,-0.2749930142299479,1.3513207052679046,1.5923270308706474,1.6865288021195304,1.8543092510109622,1.981171361679747,1.901858754959519,2.8004245812772197,1.632218625273612
-2.7844692031395195,-2.6544841648568136,-2.7143091974478217,-2.5324456281351218,-4.1112275606002795,-4.83313080953054,-4.844500443922659,-4.147498407591697,-4.251217414047731,-1.6586158180245403,-1.154937036162036,-0.8392072011820679,-1.5946164119169859,-0.11793252143840637,-0.31179484325541296,-0.03752268925569797,-1.0604515711645817,0.2963166016917271,1.0234095414948061,1.1364711730923331,0.8238307345679095,1.2774210113853866,1.9089599710446863,0.033158631031080105,1.1796625115264072,1.2341570502181503,1.4264364351322811,1.3314530722813025,2.237496372715456,1.5634757206495105,1.3415411050144233,1.7818796340683352,1.9542190924684304,1.6140039001485267
-1.6009629318968306,-3.561770251128599,-3.2092581056506035,-4.88555153341195,-5.192388064850159,-5.0998116444746815,-4.654815135011942,-4.03820743769151,-4.401824713938057,-1.5384490910273414,-2.579163347550118,-2.0095943893020203,-1.805809728695372,-0.21970991819071828,-0.27914509808224297,-0.4278004069536132,1.3777141108052777,0.9683029854241924,0.8005916862095571,1.3129365872569683,1.227291478655241,0.7417775024697363,-1.2374928270584185,1.670700852437852,1.4313033817568828,1.0560971270104267,1.3939374743275246,1.179524492413724,1.42346529678997,1.9099894153088766,1.447939996858905,1.334057505361499,1.7943043619483146,1.0864948315263638
-3.9069967005154322,-4.525934196650178,-4.878736149480815,-5.100703372852098,-5.0001409209146805,-3.741707750049903,-3.772357343903984,-4.426449848283359,-3.880140479137539,-1.9006966185184497,-2.4887401197979306,-3.124531273432508,-1.400344197416454,-0.5834460056148482,1.0606040527923515,0.5534491963342587,1.154852598783779,1.157927941029204,1.3125350804077625,0.7369719236450493,2.1448494851364694,2.1299038350728807,1.4184638355867696,1.330758407991955,2.1589098922298495,1.3929373925444744,0.8401843037523851,1.0529376399662749,1.491792503052716,2.339765445632965,1.6181000237949,1.2368119064503305,1.4906895383937164,1.577015375199704
-4.241334950808789,-4.613094886143295,-4.685346840635166,-4.751210544086487,-4.044687168081443,-4.169685683395966,-2.8349193873512166,-3.038797187210998,-3.2120591803499052,-2.1337605189698623,-1.5663789921656257,-2.856422163866568,-1.7228215078992348,-0.561198858492692,-0.705532578899648,0.524087366108836,0.4238406080363829,0.7197521444363456,0.7854988097408917,1.1133872197013648,1.890686782468635,1.485089768326179,2.2622819257092996,0.9649319692466426,1.6290560701821502,1.299007769233778,0.6789248733155688,1.6615194513718743,1.7562754751985052,1.6856873914443693,0.9686444313000974,2.059871518711578,1.5442250541123204,1.6611702780084738
