script/wind10m.json
{"header": {"parameterCategory": 2, "parameterNumber": 2, "lo1": 6.000198445256149, "la1": 58.999992894266676, "dx": 0.5, "dy": 0.25, "nx": 22, "ny": 24, "refTime": "2024-02-11T20:00:00.000Z"}, "data":
[rows 0 to 23 of 24, columns 0 to 21 of 22]
-12.161590022048243,-21.093342834522215,-18.757282121867313,-2.1356118710044236,-2.299962123250914,-1.5359162785928058,-1.3006605378421086,-2.549358702232813,-4.64228210146442,-8.291649681891721,-6.301007149853817,-5.2410595762402385,-5.051851394130734,-4.3818560138199505,-7.562277807088916,-8.225514984979123,-5.869758278920069,-5.074243732241551,-3.9385780925766856,-3.206470488217678,-3.1749372687645736,-3.1585872328320552
-12.514771776882247,-11.187407734746136,-12.244914867918933,-1.9541261059082926,-4.769219982647543,-2.178731174450922,-2.8765908118235304,-7.82446690341025,-9.516338049604109,-9.30109205376137,-8.118906565888006,-6.36044903088268,-6.1009307990537085,-7.326719036118039,-9.818237152542048,-6.963767596049051,-4.775646769328156,-4.990218313619106,-4.16688695766734,-3.5821456206842655,-2.9625134348160067,-2.6001157432732622
-8.738734410212125,-5.552926822969997,-7.320130611313362,-4.004150778873522,-5.762493326251286,-3.6474066538118013,-8.278859805497193,-11.2308894868383,-10.03072755787262,-10.762315261711716,-9.375145099956987,-6.367339464196745,-5.862270095123167,-6.999574614654509,-5.763159219032585,-5.668649816357579,-4.7945623246049225,-6.791143470445081,-6.694165077487047,-5.061152226265026,-4.137176357078418,-3.6671380880285716
-16.487085201023316,-10.964782790051778,-9.177980506977525,-4.177395573989801,-4.645137039643273,-8.488971271832414,-11.428226579653732,-11.26115189635532,-11.317376319188876,-10.08316802708786,-11.452247655186751,-7.813413963276111,-5.216713166017623,-4.1043473826657415,-6.369202450985077,-7.384832871905576,-4.941377385916792,-7.8643466956073365,-4.095034472713572,-3.7970165472096196,-4.223974697437813,-4.180775713577387
-21.006990565619162,-17.11121210835684,-13.696616955174731,-10.935613571099152,-14.236622908781763,-14.009397170905807,-12.940979715932576,-11.105820873668174,-11.73483750947327,-10.881291049532912,-11.238318046402608,-10.257036184354495,-6.042316171603558,-4.794035742836789,-4.1370674366957205,-5.212592700284016,-5.398587074911753,-4.938864822001601,-5.130495424539745,-4.068290179224121,-4.0952623223209255,-3.6152504717768297
-22.372351766015687,-20.797676516870713,-19.84809399857482,-17.34822836118041,-15.630134487148531,-14.288173316139225,-12.913364155930692,-11.904029070740302,-11.012422196684087,-9.84078699877169,-10.692721600298944,-10.334811634083609,-5.976542153960991,-5.032039305813006,-4.0029279514969325,-6.030678950540507,-4.188980657745675,-4.7441644765504085,-4.613032692631168,-3.545127520963266,-3.530669306263199,-3.2125101803431773
-20.829735998225217,-20.04435506001378,-17.588943024461344,-16.492867295087507,-15.085772044808966,-13.974918954328933,-12.63269564256017,-11.526888562928955,-7.109357475253642,-9.040488682707132,-9.460089485977086,-9.264369457088035,-5.942430643786433,-4.798102863179466,-4.985959304259726,-4.878868854039677,-3.7610914728633977,-5.771649382373691,-4.415411397623282,-3.774683692594432,-3.5336669901751003,-3.134332768214349
-18.251188714271926,-17.702088599098087,-17.171923379740726,-15.128894609427052,-14.408297357167388,-13.889983332394578,-11.324471918708536,-8.472460351513032,-7.2684460333646195,-6.268793383865079,-7.251456090133892,-8.89243527201632,-8.05726934172282,-4.934927701000824,-5.100242570367976,-4.3080968077606725,-3.922443431820287,-4.6349175529229925,-4.19462656959903,-3.309446312424625,-3.278316985749013,-5.354763410645611
-15.457698783112233,-15.64768747944207,-15.328290642696967,-13.603015040218972,-11.765304302628406,-6.547460379759911,-9.658465120623166,-7.738389123071372,-6.010289316239189,-10.063926327100733,-10.189611895795846,-9.791337259543392,-9.23222695134306,-7.252680452647357,-5.314698253448733,-4.741374108807277,-3.9727438606058625,-4.257385638170042,-4.580740160856291,-3.7052010932639234,-3.192770246093964,-3.404727148008248
-13.898296350171751,-14.627500559114635,-14.22718592230969,-13.540572517408522,-11.55904922956793,-8.565586237622977,-7.8047301314093955,-7.449001929710452,-6.418845361392617,-9.459233271746852,-10.246466809369261,-9.933066553782073,-10.595600992822092,-8.309799946441892,-5.030828107466781,-5.132550893752383,-3.8939393834502973,-4.263581349270748,-4.629530681593698,-4.33610661369702,-3.111424243091168,-4.222446313201031
-12.134928260120757,-12.084144127927903,-12.406025102953434,-11.99539186980726,-8.12284048913398,-7.960317298772196,-7.20780527943271,-6.658268210048887,-6.669969597768898,-6.494125417890962,-10.13726597122419,-10.242428685573053,-11.066441128653397,-10.072370059433403,-7.020594142038792,-4.351196183744746,-3.9352363364215934,-4.164404900234539,-4.572664209177274,-4.319117867789835,-2.9925918262254068,-6.382838384600613
-11.305127110471792,-11.325840659013192,-10.896787454829546,-10.836408589193525,-8.812633114120032,-5.23820494798148,-6.72887518190608,-5.821865108964788,-5.331352739942545,-6.1474261465813065,-8.156663048905294,-9.440205342019063,-9.242681788067951,-6.908797653265214,-6.441213175719006,-4.81778192633576,-3.4286585428802803,-3.159255044940699,-4.170558195894241,-4.615524516814648,-4.806572862054297,-9.390452330079
-10.728078606602786,-10.560074801077537,-10.37812093403192,-10.248416446955824,-9.699597692668695,-6.075771598020215,-5.156963465885696,-6.075136677124455,-6.647675625579124,-7.56935841530739,-6.6912338981120065,-6.693975121815334,-3.8988453240486023,-4.532732419462076,-6.690811002492512,-5.41759329686701,-3.557298127133896,-5.890412961415668,-10.695154475721944,-10.329946104700399,-10.430245184553508,-9.910493570384684
-9.616939551605014,-10.332015627769527,-10.13747903063622,-9.447516269859628,-8.611793643522471,-6.30055782411047,-5.742102398865958,-5.472468301547608,-6.104649770115866,-7.721218394969641,-6.100903843250338,-5.037378774686579,-6.123907855070546,-6.656360817132669,-8.333319261950974,-7.907818506291698,-6.4340110964723145,-11.048956298732097,-12.322941747776895,-12.328900060799127,-10.818078301597971,-10.118131070291874
-9.14591056209717,-9.297487909289917,-10.102154895135667,-10.17108743322092,-8.89997270663529,-5.844613796922259,-6.139231827358646,-5.572570305066809,-4.7830565475814115,-5.705562697011707,-5.375726546440824,-5.296218738098702,-5.4041108782359855,-10.085058898994479,-9.228930360325016,-8.674982954737693,-10.397275569467755,-11.413522987269475,-12.029536366905456,-11.632873846809675,-10.987819666724633,-10.450912445144171
-7.085518142194549,-8.782931399874945,-9.221484877228551,-9.807391320118713,-9.537660025057177,-8.350142102329592,-6.273482249025411,-5.193708286817797,-5.591846140920588,-6.339890470387512,-6.941559827363277,-6.130795157883802,-6.260449601978013,-15.012611308534863,-15.083685830338487,-14.207704856745467,-12.740197624005065,-12.173982558452096,-10.900453599248232,-11.15863461254197,-10.456225535305009,-9.866562201262111
0.8158490470197296,-7.357825885053362,-8.680911020621473,-9.122815194876406,-8.680186591946576,-7.653719251112208,-5.999113650797215,-6.108149020271009,-9.04897484222737,-8.966328583555855,-10.245360213000911,-10.419212794515305,-6.73239062582263,-12.163407181478991,-14.017499278288774,-13.133313010276996,-10.353733351341296,-10.248777568838983,-9.037420342075038,-10.439063121302226,-9.788448388549925,-9.400146398821397
1.0834438063322935,-2.8803937876895223,-7.402139400668259,-8.620037484793349,-8.840253471264484,-6.436510216770543,-4.047937704936722,-5.192348995493525,-6.767414905298101,-8.03959848309729,-7.563234817934587,-7.1141302426833155,-7.7111765470754765,-13.450899697484257,-10.578428692036644,-10.56620800445233,-10.648356249126046,-11.696718110061079,-10.240629897380826,-9.318869365605003,-9.064421092211939,-8.35399662511403
2.6991028702091735,2.2994761320568458,-4.781254937620141,-6.990439807718912,-7.731806339690832,-6.820798503985474,-4.92693836581877,-4.565395068184245,-8.078645479946053,-9.382387222435465,-8.128909819372417,-9.888874516034745,-8.86995297849359,-10.013357009714156,-9.560350500144073,-7.832864978982774,-10.049511771426683,-10.148235377200143,-8.810778106230114,-8.100773982359158,-7.63253909833754,-3.153439524810936
3.2405178444380827,3.9059212765590012,1.9933798388955115,-5.130384954528396,-6.4559570614537485,-6.56296103624209,-3.462055908619864,-2.497867650120605,-2.098173371291177,-2.927311123393617,-4.390869144115996,-6.281442682304469,-4.866114321960118,-3.311797563745344,-4.452955050005285,-7.758111584333179,-9.269295991609535,-8.666488738264341,-7.804342428447298,-6.38157208104513,-3.5288462639371723,-1.919190659656801
2.1986425310713313,2.6680772589977773,1.6155400013889019,1.70422035978922,-3.8624944191963064,-5.168512172440955,-2.977819875152645,-2.0982745562106397,-1.8442597862222148,-2.1751844277536008,-2.3360515382352762,-0.7581479672733175,-2.826109952305589,-2.7506688294781854,-2.5360508563778428,-3.7908873207657323,-5.714059449629985,-6.817122142440456,-2.4648269953988122,-2.7790776368970778,-1.7541076926941004,-2.2571178140570827
2.7022099868019103,2.692842010992425,1.922795064910628,1.4219442013150074,0.34726880527236426,-2.2733391892408963,-1.5608831336267464,-1.9320125256377854,-1.1844797949444459,-0.9757915210256117,-0.6764052893441143,-0.3019811995315937,-1.0467524269407107,-0.9826461610505473,-1.691161153655857,-1.8844389992229984,-1.4658266987155755,-2.3654174785122866,-1.7852572067880226,-2.475074876740886,-3.63887321231684,-3.0948088827360425
3.1393572779218126,1.8009165854772218,0.9542761859147043,0.845090094898769,0.9390664750922209,-0.8293668764777754,-0.9473076431362694,-0.8164348553287817,-1.3326439852988756,-0.9355907780097541,-0.1672165780926912,0.1528741268857129,0.10544700612710088,-0.5018120813837549,-0.6879302377846309,-1.2216135683426859,-1.004008532065574,-1.4085031528540766,-2.264732237087671,-2.663971307090805,-3.152017021985052,-2.4701325508515493
1.2149457616622024,1.2683430040175407,0.09075757951728829,1.0511602863858056,0.8845985293203424,0.38861009864513435,-0.37207242026892623,-0.6896504196672961,-0.3835735424053462,-0.8518807792486291,-0.36087046450480365,0.24212892997401672,0.4697693303324055,0.24315032363294758,0.08230799368159973,-0.4735458570880825,-1.4062220057361685,-2.0277740481646664,-2.514388418318635,-3.3267687726345367,-2.6432523813685576,-3.7592618333143717
