script/wind10m.json
{"header": {"parameterCategory": 2, "parameterNumber": 2, "lo1": 6.000198445256149, "la1": 58.999992894266676, "dx": 0.5, "dy": 0.25, "nx": 22, "ny": 24, "refTime": "2024-03-12T02:00:00.000Z"}, "data":
[rows 0 to 23 of 24, columns 0 to 21 of 22]
0.3471401593950743,-11.168168716783663,-11.582468408363349,0.44730898809829417,-0.08748996425095719,0.3360949535983727,-0.23680712188544356,-0.8539819250843317,-3.085354901617152,-5.248522160694501,-2.9816142856611934,-3.8692407143791847,-1.6998131892873953,-1.7030435531699988,-4.0486298475256275,-6.161404085912418,-3.467610845028226,-2.476937876957754,-1.4660731530077609,-0.8443318360722978,-0.682508903965001,-1.1229740283963827
1.152182759827133,-6.52237174843593,-4.3984164756303725,0.6626661816800105,-2.6543051535819107,-1.1379379991867753,-1.2098590465248895,-5.087077014922459,-7.643603430096669,-6.201383165698985,-4.7112912049090525,-3.248632288931286,-2.369118975845412,-3.236490726516248,-6.6286416403063475,-5.248352433528135,-1.8141123671214394,-2.9675999036059264,-2.3485792191799586,-1.1089940818084172,-1.4121334772875056,-0.17296176456388232
-0.4893258112749099,-2.4627510886052337,-1.8172085063401662,-1.751805876057767,-3.8610048169967524,-2.563986584205444,-5.61852409885153,-8.46271194012865,-7.241243222603053,-6.388805661030816,-6.66697220825127,-2.9036617568910374,-3.5322018807584064,-5.845805158327243,-3.2732741981110025,-2.481892183279752,-1.8699162604666997,-4.459350877676358,-3.225355684388132,-1.8285491676584085,-1.8833443101036027,-1.7796743986668513
-10.799639619035812,-6.362956271090327,-4.320842260882851,-2.7677224041774307,-2.5479104912449793,-5.972815419397648,-9.301024137324614,-8.529627738433467,-8.104350013032532,-7.5079485624485365,-6.517359119980125,-4.000607387682839,-4.316377776888084,-2.531200833107032,-2.760322015342468,-3.438620805755138,-1.3640341204971325,-6.1349462432671755,-2.3674191729900893,-1.959653760097136,-1.3745569521335268,-1.3583156893844963
-13.0538786823822,-11.166131222875892,-7.925840538730113,-7.017527152233545,-9.35890836285489,-10.07790043632458,-9.256004064115794,-8.86536687748269,-8.626169403476135,-7.717908491668536,-6.393781624327582,-3.812242399622587,-4.004507966710231,-2.053802817975855,-1.9529709450762465,-2.519457851021621,-3.2397355407537582,-2.8341103836339205,-1.7081315959836199,-1.5709087308207825,-1.4252728636235508,-0.729723118990731
-15.010549326719172,-14.915660303165357,-14.046539067890187,-12.610344843903766,-10.665900699852982,-8.690547775876825,-9.269185900950783,-9.41446367274123,-8.699360830845526,-6.50110098837568,-6.889815338976142,-6.303185398915272,-2.7272642406477585,-1.875518935109578,-1.449382257121654,-3.6426117258177615,-2.319033239966004,-2.61759076022641,-2.06499743527482,-1.5319156676080425,-1.060829467839314,0.31644777593573936
-13.80605421341198,-13.677248014055492,-12.5937566428133,-11.116628524491693,-9.443622029681741,-9.208430481960493,-8.345058995042157,-8.140005951250966,-2.8569421399646706,-6.271544941512255,-6.802572273901333,-5.761000831651713,-2.2800694799748813,-1.3780982220596225,-2.3823883538937958,-2.742297728002405,-2.226327024213754,-3.5048198080962742,-2.2573324739859597,-2.0650506364239387,-1.6531221079397613,-1.0182880608557412
-12.38909283025104,-11.807597330779261,-11.47779899534652,-10.518585816021917,-9.17523894145859,-8.12293024953262,-7.4655730082464276,-4.823191473324032,-1.6402491373308872,-2.9996284084606932,-2.9421621781227634,-6.0827648750485395,-4.8631952941521455,-0.8503280221952295,-1.9472543291995505,-2.5636230904037416,-2.4176441967064997,-2.810853917308407,-2.4275278722909066,-1.964785972062234,-1.530740599447648,-3.0434741725309005
-10.733321207673173,-10.332907751947344,-10.044655375106235,-10.258001443984652,-9.441779551745379,-3.3737731996119518,-4.050548980622735,-2.551399080273024,-2.720348521202032,-6.908993594345428,-7.139817205329009,-7.240818945286809,-6.190813302986183,-2.0494608301721877,-2.1954686473604377,-2.397362666031791,-2.347830652567007,-2.6191962740121615,-2.328225932375843,-2.233662404087013,-1.9953748974996328,-4.163398011411415
-10.155682713816025,-10.410568113078964,-10.172515001172606,-9.539460966829212,-8.121828983787912,-4.353607363969631,-2.864661427397816,-2.611345571525575,-2.915916133479996,-7.106428845803215,-7.111106869176284,-7.342983611484855,-5.813381918488803,-3.2818500382139306,-2.120873867357049,-2.668305718270918,-2.408549341755561,-2.6653545401308634,-2.355176842620539,-2.6285403256803703,-2.1170107028691287,-3.1606266221519164
-9.089243699868417,-9.347691963059168,-9.448664682811119,-8.894441365674101,-6.521125281548073,-4.386896657022872,-3.141805908783091,-3.3491114768272476,-3.2926882639709247,-3.785393565020239,-7.245703365900001,-6.848187216266367,-6.908929325909192,-6.026233622033317,-3.103380990542337,-2.694348984640565,-2.125940358861122,-2.577258294220048,-2.226706567255552,-2.253051434247424,-1.9650895460882336,-4.014661325318222
-8.6551269581626,-8.48612186144085,-8.646093800977392,-8.354925079319745,-6.359467424606217,-3.0284544097564723,-3.2053115140928594,-2.5347941685467377,-1.9374426517761205,-3.2534758714457466,-6.175298090211433,-6.422259094458834,-5.269857412328249,-3.6522708800618022,-3.398476139203231,-3.100438089419082,-2.1942556747262056,-2.2945073900171065,-1.7820436493686587,-2.220285153464116,-4.302582434365008,-6.901045561708254
-7.8625865103448795,-8.493914626966802,-8.514615419064322,-8.29003917341649,-7.189155976168898,-3.806502467133374,-2.9503899462674035,-2.937896042871167,-3.315253158097465,-5.438597290472016,-5.87756552375945,-5.453502918608773,-1.9860353764973488,-2.0425783920744562,-2.689279503802087,-2.904265456319476,-2.2710953764540225,-5.4701362975711945,-7.253294002207787,-7.422628956312595,-7.658595626095379,-7.5924924713709645
-8.08346845182583,-7.680484677820892,-7.7771255473092635,-7.200524510291435,-6.058154780485375,-4.001361275442469,-3.3665406866278227,-3.1685739243879607,-3.7450775331040225,-5.271541440681729,-4.523797601203167,-2.3544277051906914,-2.901689271999808,-2.7203691722141965,-1.5592359550551358,-2.820907499670587,-3.1061424922441905,-5.211113927793493,-5.170027267950704,-5.741265663413064,-5.869006077045952,-6.67877610419538
-7.623953788189601,-8.07022919302273,-8.299875383943009,-7.9783600439060525,-7.3183519060198705,-4.0203558776364,-4.259065950731708,-3.2430351460748135,-2.425122466460761,-3.5793292274305477,-3.9867022253632216,-2.854739142235832,-3.0770393739181707,-4.730313640900022,-1.7006394584385613,-2.233117958963895,-2.9727833564114854,-3.622234253728633,-3.522709280476329,-4.055117162762116,-4.305007620689347,-5.033911779587598
-6.974459908941573,-7.149233953875729,-7.901169015599032,-8.39864543019263,-7.880656979174766,-5.37677952077381,-4.079386437895512,-2.7543735059473953,-3.7755509227949595,-3.71405072897438,-3.867686824776349,-2.931695004975344,-3.6445933105529846,-5.050266230187642,-5.2612430834846045,-4.594761423191193,-4.25654265396479,-3.2100345371258032,-2.9595193582124137,-3.2104441918256232,-3.5955522843767485,-4.385496235759847
-6.327288300426141,-6.325160247573686,-6.9836809675401526,-7.874287260486136,-7.5377196459961375,-6.293599242493417,-3.466777236499226,-3.552152391522777,-5.466690255168254,-5.57270994089892,-6.34112145616164,-5.858690545193403,-3.6053248753965783,-4.095630313037357,-5.446689410746084,-3.9301842815917287,-3.4245505165872703,-3.3913743337773203,-2.2701254680141987,-2.9012434505125535,-3.5070691858345495,-4.174259444275802
-5.006449897913257,-6.513773366830109,-7.350238694495855,-7.35154113114355,-6.481819746890205,-4.687632897495845,-2.861014725172169,-3.4350800253389004,-4.3639034840737985,-3.7485165837112397,-3.803887651536196,-3.392147873385726,-4.2890869273456005,-4.803586583953142,-5.218255787083681,-4.013602401190538,-3.541410236607602,-2.551336171471887,-2.7537720603498683,-2.843174469482112,-3.369624254101844,-3.5086334157837205
-5.669239996464373,-5.414207084037846,-5.4752458698699265,-6.559248016517997,-7.249025277042977,-6.198802827809227,-3.7375831705361864,-3.3787276160243684,-4.55060870126455,-4.597711199016231,-3.718597757680669,-4.706266684017855,-3.40385620593451,-1.342638854041961,-3.045861392894819,-2.4982672311947947,-3.3628206948533177,-2.740667298083978,-2.3028935760006233,-2.734420871630334,-2.6958691201423544,-1.072499844209692
-4.447779469412452,-5.349477774084374,-5.189619768060042,-6.563954739933888,-6.636054342840634,-5.8587526990492425,-3.2959025879029347,-2.890423194534348,-1.738887204874511,-1.3106871650122116,-2.701411072182828,-4.963586790049904,-3.311100644459853,-1.478154363095199,-1.113724825353088,-3.4333778295600896,-3.0663696368084437,-2.268194961381511,-1.8071825404408917,-1.6973346000236786,-1.0706249800114267,-0.30111483713274134
-3.6443997891026063,-4.645103723900626,-3.4404607658693838,-5.98958699081405,-5.5797602823534085,-5.537408991048827,-2.4000794745110006,-2.207600200982885,-2.74652056421031,-2.026981110183217,-0.88645234045021,-0.8955443709194142,-1.7431913331333446,-1.3930108203377605,-1.2366505428296417,-1.2189969638777958,-2.270044476136137,-1.6259604180296214,-0.13051029574144454,-0.7188513405846629,-0.8364705351527456,-0.7349137949851415
-1.6348853722054195,-2.184600986405876,-2.8250885720501233,-2.737483586114309,-3.7149214264321753,-2.7782614807031116,-1.2950396335544079,-2.117449220332086,-1.9653360414844123,-1.819981415506088,-0.6893087385610773,-0.37596344059752296,0.4218169095282336,0.51329211754762,0.6621623193001998,-1.0014836687856001,-0.8174444299493328,-1.1165707772948852,-0.6421312360750363,-1.065328983839791,-0.4044187503452172,-1.2039462519709987
0.8790173760326843,-0.1675688102362753,-2.517265838918607,-1.4675778600265093,-0.8379200762103985,-0.8743334149828729,-0.7365478414815888,-0.7922391002071261,-0.6060266021955907,-0.5893530836272456,-0.7376394161057507,-0.6402230664773303,-0.49354046159911447,0.4854208491870877,1.2700108673271,1.181681255875154,0.7700219642481175,0.486363359211157,-0.400891386334394,-0.7104813185568749,-0.8992125151523706,-1.152901418621683
0.6376953440217931,0.25303383539041824,0.35183938011164306,-0.8006370676258278,-0.9700065837599445,0.007470338820377431,-0.8296633041078163,-1.1522891355510188,-0.18604835018378368,-0.44207616902172225,-0.9338728981713798,-0.8341220334156582,0.2461710582326106,-0.24556459751360224,0.4646134604747088,0.649194118238801,1.0362750523912316,0.6810962869238953,-0.322401863995207,-0.729608161621202,-0.6437291133699894,-1.5354206193796756
