script/wind250m.json
[{"header": {"parameterCategory": 2, "parameterNumber": 2, "lo1": 6.000198445256149, "la1": 58.999992894266676, "dx": 0.5, "dy": 0.25, "nx": 22, "ny": 24, "refTime": "2024-02-14T09:00:00.000Z"}, "data": [0.08543193091788831, 10.40982540815318, 3.8550547834266746, 4.9974398696617905, -0.12225439570415327, 9.767982160541802, 3.1712075712003553, 4.540492739035472, 5.27472810009537, 7.674137210671202, 0.218275015765002, 3.2855512332539245, 4.220957832506533, 3.921237638274464, 3.272642187966675, 2.6896686155424163, -2.6968366007188407, 2.5706731998605465, -1.9934026907292386, 3.605912002531178, -1.002582796636822, 2.043779677534456, 0.5342479952095007, 5.306784669804495, 3.740142619265015, 2.690705163532872, 9.786459026421483, 2.0901266007120185, -1.0749065515481533, 1.7437218027901655, -1.6662399865314794, 3.665763239479669, 3.8230416306566135, 9.285022417841857, 2.4108367720357893, 4.084366251109014, 2.783418979921463, 7.466674084302022, 3.851355904219114, 1.1209434794663249, 1.01204996430119, 0.6314059078173063, -0.6574541820458255, 3.8367575428769234, 7.463127567912265, 1.2268703410656723, 4.501486810052226, 3.0282023196103887, 0.37491163972677716, 2.8259923595826804, 4.99786624539416, 3.1366405813794223, 8.946621330288211, -0.04246391093827662, 11.796165725082874, 3.0296815364841443, 4.3014991884323655, 1.6220966796001552, 0.9216869442847537, 3.357912610959684, 9.647337769189452, 1.8361571636203753, 2.6287943213825207, 7.098512583279177, 1.9600868621446819, 1.3870720049388592, -0.06853979225922313, 3.5822367279617144, 4.353975259061047, 1.8044958111392198, 8.408531116201253, 2.9960097599191484, 2.914765843718655, -0.45922007437534373, -0.3965705200914462, -0.7126652424882254, 1.573807508410139, 0.22555500338152376, 5.480566322325349, 3.5856545818393006, 4.265423200307858, 0.6933641950122628, 3.9988119554671995, 3.5519476027631796, 14.76469909295487, 1.0931227829129797, 2.594982979813157, 4.453870060571543, 2.32304796980282, -0.6223096086932316, 5.61194552102838, 1.2296645513141782, 3.4068971467482596, 4.0260521251619155, -0.7853049060748104, 3.64837978042995, -1.730578534370698, 4.4668892742528135, 0.932712669714755, 2.0976060724940657, 5.396396434445788, 4.730666788154628, 5.010869848649412, -2.0762147885863076, -1.5211494558313812, 1.8319626232633361, -1.7569347009426035, -2.718964540798251, 8.610475943537704, 2.268227025601771, -0.43219804122800737, 0.0013544886506884723, 5.499763637924026, 0.39968941306115163, 6.022394565744782, 5.326530118503455, 3.131557231721945, 5.890359260009692, 4.155167371592557, -0.3051824683601726, 1.3311558708045796, 2.256081884089877, 3.9870670933788674, 3.528567452288092, 1.4933381430669534, 7.358996082739746, 6.93909509250541, 0.9231250834387632, 0.6679425980941568, 3.854669924732995, 0.3295324202581931, 3.152944058317212, 2.866852320388247, 3.0656894510088244, 4.844430847029521, 2.5921224457943848, 3.4753218299126445, 4.227313223192083, 7.82855049884447, 5.837126206466842, 4.311200888523038, 4.459642847849577, 4.211330081254458, 3.673809575478217, 4.228730921631795, -1.9837463262275132, 2.0327074606534468, 3.550625769938901, 3.062757134909035, 1.8357566537354795, 0.5841269520758513, 2.4182126578523344, 2.13547123596599, 2.198919507122152, -3.122440658157727, 8.000849577429182, 2.9880244197243124, 2.5007920629671245, 3.6892092819171585, 0.09626696199495606, 2.5603693997755625, 1.962690808883921, 3.3160255052018326, 3.0742188591903843, 4.16362248177049, 4.691530826742978, -0.8242331444774998, 3.1159457903796945, 9.697081654613537, 3.7192495171648807, 0.07467223502600197, 3.3699563072625485, 6.054126103736388, 4.926313347243073, 4.963836842474104, 11.015333621021096, 1.8739787010367954, -0.6324775114736332, 3.1551314414762466, 1.5147156267729274, 4.347322792914382, 3.207626784907099, 10.07421999461051, 2.0330041525160416, 8.992601431145914, 10.083229181602336, 0.11697274131922189, 7.092564500816836, -1.3477735407553761, 5.822671632845582, 3.9806725930918923, 4.614660381433763, 0.4890822400540353, 0.3911969542705142, 2.9969712024598425, 3.1712850581919794, 0.3754756647097337, -0.19454846452054939, 2.24393757100152, 2.990758805476396, 3.4564705695253437, 4.063594533472486, 4.304139783822077, 3.338745749831232, 2.3501042182057166, 2.3597428003675835, 4.250673573515426, 3.526864371235055, 3.838576114935884, 4.257205285906, -2.900161884376203, 3.0891897748738737, 0.9899867410374465, -1.3106353634044925, -0.08876008278036024, 2.3817633840576877, 4.334447448198705, 4.550638099037862, 3.879885146492578, 10.100993643105246, -2.1559128834963617, 0.19151975924003004, 2.3535813160298344, 3.146393603050581, 5.843664900956653, 0.46502875563911594, 5.425156480074652, 3.703158791859521, 1.8669606224747013, 5.551751187110533, 0.37128751087991146, 4.489587288175045, 2.975113654168697, 3.060452349380171, 3.7069668308158388, 4.121435765680944, 0.8202008447215462, 5.226659637123518, 3.236832636053526, 3.0247730754257063, 3.5716729911717406, -0.6930799555297531, 2.204227472146361, 3.6446596106318285, 5.307408972584464, 1.391600695211976, 6.604882927011922, -1.3064440078763506, 2.9947757925308247, 4.10450767452753, 2.246189688756563, 0.9379466060628268, 3.4578702653927884, 4.147947012599745, 2.95923911421061, 2.4023433889328953, 0.22408964866271217, 5.182956830148937, 0.06847309835814953, 2.0966644176818185, 4.714923929619568, 10.055402393106778, 2.9759413406242365, 4.326928400930589, 4.523568735255544, 3.0242224075845394, 5.223851346337363, 1.1843350328106308, 4.514924238593626, 5.112752335217968, 2.6838440861369066, 1.7100524733851594, 0.6842445446882672, 6.625669198923634, -1.1768225270891022, 0.6308506548943966, 3.949365947281532, 1.6061442086541493, 5.425936355737339, 2.0934654050520116, 2.4401731466140695, 3.3970622191223843, -1.0397844629698878, 9.739379967831114, 3.850076215344016, 2.246728040405649, 4.374505453975355, 4.490045897093259, 3.8643709692867705, 1.999986779190996, -1.9874621863996043, 4.052668915423679, 8.063073580693397, 6.182466337270195, 3.1484608431728733, 2.075523457872895, 3.434652435131967, 4.435436165644901, 1.866034299918991, 2.4397200357547764, 1.6145387828741393, 7.295185807783688, 0.39194468989860454, 1.55888648413479, 5.889280321316044, 0.6920703447754999, 3.419750077079495, 5.702643751577388, 3.4547953638171633, 6.33699910445954, 2.3912601670855116, 1.8737913411597402, 1.7086113622112375, 2.1251501508248856, 2.5579001078644703, -0.2007464513459424, 1.713242554408615, 6.2855922951414875, -1.2928236181219552, 3.4749006215717824, 9.900448648169476, 9.485911682615681, 4.187885871027393, 3.6398730330807614, 0.0685076180306127, 4.321641119001689, 1.8078368040702444, 7.938583988229242, 7.09868570432047, 7.93822045411326, -0.4025105576509111, 4.117114066100343, 1.0071397144565748, 4.071034924748033, -1.123658256978423, 4.845040896091054, 6.62822051290473, 1.290569848684018, 3.9544800073291424, 3.7900823992092216, 0.35165277926211364, 0.9193670760601858, 3.4003083656947544, 9.615888903789806, 4.281383552901348, -1.5760294903734278, 3.297460253755386, -0.2398730158481392, 4.010034344809181, -1.3210179482805673, 9.48274437014232, 5.059337153552303, 4.549073869667961, 0.3465924431595809, 1.7712172056311248, 8.939155558259486, 7.02406991437468, 4.739115143270952, 3.0174455929442634, 0.3475285073893848, -0.37916115786258986, 4.5603094595187645, -2.146163143249256, 3.1256726072889798, -3.089238050242126, 7.270618787254836, 5.818578815620784, 0.21539067682391863, 1.264604134121453, 3.1523676629753856, 5.028700242151436, 0.044199444126507226, -0.3387440404860986, 4.804542514019419, 1.4156765277415893, -0.39256124157833056, 2.0847564283490647, 0.2046885430075409, 3.9421749825430754, 3.608078717939096, 0.8377275275567024, 0.4915711904541675, 3.526154968928809, 3.7684417427281627, 2.194908728841185, 4.534267956234102, 10.230164642750122, 1.1630977821030444, 2.480578106010486, 0.7039306229331542, 0.002947801893634359, 3.998899815833759, -1.6547697080458232, 8.552768590638896, 2.864672140541572, 4.421341642980811, 1.2219839150278509, 5.596402366771126, 6.526677917873794, -0.5028321914574772, 0.6784314539654225, -2.0113401718176007, 7.844105999089529, 1.9812538732196079, 3.726896796780706, 2.6290815188169465, 13.079240546123076, 3.7860087025414657, 2.9757117811921074, -0.04809318697700345, 0.2501258282423, -1.5415307246186387, -0.38210549436385177, 2.0899620715181215, 5.100839451286718, 3.3724717095097363, 1.0241299733023301, 0.08821524665104818, 9.987032454866501, 9.979356466596036, 1.7611901780333348, 1.0574541832138498, 3.820882954756291, 0.9596424544266192, 2.243633697723456, -0.3119586090897868, -1.311822725630031, 4.0553191948560166, -2.0027138926020647, 4.706084944842518, 0.5080892076517286, 0.7434675208161319, 2.476052523944783, -1.1128961410351859, 1.2080375302429236, -0.5314751709078367, 6.138477740264006, -0.5949526689851723, -2.280514228214711, 6.154901847627009, 2.872317675766327, 2.2438934235084713, 3.927892396805496, 4.671804063347088, 3.058407782409168, 0.34360185906240276, 0.2830162830486459, 2.517144619327021, 4.111878024746699, 11.977026728906745, 0.29853518615930164, 2.1955550469792904, 11.204791550424892, 2.7075606875807257, 3.969633727800326, 2.41242605656165, 0.9105835508633977, 6.160103920110372, 16.16060894844547, -0.2095723331232959, 4.841267176685168, 5.838809448610895, -0.6436623961210167, 1.5901748883295592, -1.302602428826982, 8.021103812349791, -2.22385739412655, 2.469002635729694, 5.854076058880352, -0.8723116571090073, 4.676510929508184, 3.112333175301736, 3.062025078688839, 6.914722899876391, -2.069217404162757, -1.1103237223443088, -1.5746788752197176, 6.8311842496698425, 0.7359929421437813, 5.185564204563611, 5.174816189312677, 1.900707995731192, 4.108522007032746, 4.452692742492147, 1.3832840921351959, 1.962896396152063, 2.6156334473430456, 2.282801240158317, 1.0900950889249212, 0.749593660455475, 2.2359878659507224, 0.9200353447075006, 1.802275430198865, 5.585525014628068, 2.2008260837355107, -0.18957594620952578, 1.6175664904477518, 4.256930715043577, 10.04313156124786, 0.4136129172993747, 2.299604726597949, 1.8843346071057907, 13.00375697835033, 3.359856610803704, 3.7521017334061484, 2.2096496022818686, 0.5975093116668491, -2.4200966817781797, 0.8860386973020823, 2.070997753667401, 14.223095227763006, 8.083696722838786, 2.708458318610231, 15.03613201255979, 1.1321258642251038, 5.491140678420929, 1.4415246891937146, 3.440783554908104, 4.184782915677906, 3.998913119076462, 0.5157429083395177, 2.0204511332221418, 0.502883889465593, 4.134070642721916, 2.9088388172219015, 5.982093157282494, 9.931999558149199, 1.0409006633870512]}, {"header": {"parameterCategory": 2, "parameterNumber": 3, "lo1": 6.000198445256149, "la1": 58.999992894266676, "dx": 0.5, "dy": 0.25, "nx": 22, "ny": 24, "refTime": "2024-02-14T09:00:00.000Z"}, "data": [8.6004562326194, 6.265800485381792, 10.72125930067786, 3.837341856500914, 4.3277893583744795, 7.312147910015127, 9.215630356678734, 6.2305890572218745, 10.692168037440375, 7.331256084132754, 1.3829682707672872, 8.589121871883306, 11.803728213288453, 2.844811588234286, 4.5939719744332015, 3.517254398146604, 3.0334933211394004, 11.214802992320305, 3.2335745580012563, 8.271411880950865, 7.29312020144804, -0.14718791203364448, 7.0566002101858505, 11.971704693071999, 10.101748373506748, 0.032942137188865815, 7.61688259761235, 5.9199822057936435, 4.197164889302391, 6.192148317155887, 7.917784407180092, 6.008728796410318, 8.30780836618346, 7.302495728271039, 11.426954038818407, 10.285083538225846, 6.711549061642912, 8.317867980945538, 3.186989028756494, 6.243871893299863, 5.45892265538543, 8.49291161900041, 3.718376497091888, 5.712934401950129, 3.3913985827740825, 7.84894108331969, 6.218531406280555, 2.534215396007668, 8.472756538395949, 4.7596950720766396, 3.8412869222947736, 5.9475103102343985, 6.74257102944488, 3.990473109079774, 2.765355076563766, 12.748112676899613, 5.729353857708482, 11.259028511014199, 8.66410197294296, 6.103062187246259, 6.87521996215831, 8.252607083724074, 12.800701687420196, 7.872907064122771, 2.9605718324363606, 4.326788129346504, 4.879588038093609, 4.32765217378136, 5.239585678243905, 5.65112610102973, 3.8478762196875094, 6.380164361976336, 6.593941536289879, 4.010100290221754, 6.53427046101703, 3.4133889161742768, 3.7292602398935446, 1.403173113498692, 5.838424440484148, 5.9566720848275745, 6.601065611379659, 2.3945075817990515, 5.454291677601966, 9.823856321887083, 5.542666139945534, 9.484967272469738, 6.3149371234938645, 5.048640076330939, 3.074881515878564, 6.486819992712119, 4.158883796298413, 9.99956101295652, 4.402083391429585, 5.428858472857729, 1.8378628183035308, 5.362713138542041, 3.695489711071269, 8.376507109133303, 6.5222926767684575, 6.082659688105518, 6.378234312885101, 6.130700565748727, 5.580792722525741, 6.125156159164993, 1.5033397364589338, 11.897168924236977, 1.3659145149665084, 3.7218016956058877, 6.930153540183911, 3.738871838227317, 6.774323533966507, 6.738921039211981, 5.732934716403769, 6.134950634058466, 8.775445018267563, 8.006475484878125, 3.0370812419878224, 8.10504320631001, 6.110024770482167, 9.061545259235217, 9.899544685352364, 5.967366622595038, 8.011564786748657, 0.5016785923169884, 3.3317011539877592, 7.171257423632533, 7.085789949087316, 10.5426205140831, 6.38941412982637, 3.4779204234645826, 5.164773456261439, 7.958087175992369, 7.103160425181232, 8.74042584562362, 10.267917085761386, 6.673816731225149, 10.653318230846953, 3.2498502883003355, 7.135837464547227, 11.733750075008107, 11.13912444856313, 11.023817698881349, 4.443658637602371, 5.052747006866833, 7.759462785095818, 3.6463063472716324, 10.253375567704381, 10.19169066587383, 3.87928101010474, 12.59751689213332, 4.7012198337574365, 9.511294011540938, 4.096574777792055, 6.05123911290402, 4.035996334114434, 7.478952048551938, 4.090383370275333, 10.133815885976755, 3.3112680073456, 3.7150519882340505, 7.2201377753011, 5.9506295920479175, 11.931938360934044, 5.033378297309798, 10.43285978067502, 9.990624715419765, 8.575171910363915, 5.166328511807303, 6.418354774335812, 6.192692549108188, 10.570122264387248, 11.256519025610647, 5.217460549274109, 6.357318584303253, 6.508659549101029, 5.652151980761298, 9.445108602552077, 4.061383692821299, 9.230880756332404, 3.9361589595033752, 4.510891465317292, 10.310866525484286, 6.436186694719996, 7.177751412122992, 6.4992784599001, 6.56078398582193, 6.494246468131014, 8.265561941579804, 3.6783222360853736, 6.697265030378606, 4.108001994621928, 11.786031356079473, 12.0055129041187, 6.4507083213224865, 11.933951063315746, 8.75741380203553, 8.15836787746623, 3.2636817266819116, 3.4156932465064247, 6.974928731056335, 4.165745882795974, 9.7592474511614, 6.782943994373557, 4.2656620139424914, 10.590016666592069, 6.127665846418547, 5.892956006953628, 4.160213999750343, 7.015220714999636, 8.567958524314031, 4.655303070606799, 4.801123630013193, 7.98233628987129, 4.572202113177188, 3.0228591056028367, 7.343502655096325, 6.067351436459529, 5.011120086999595, 3.7662606642252987, 7.585197844187046, 4.988203491924302, 1.7029913446342846, 7.952614000484767, 10.831856034995681, 4.6831807511465, 3.0363675528453276, 6.069700114074128, 5.132265010111258, 11.098169576173515, 5.014326008735181, 8.00157220734913, 9.591680172216119, 6.5243048585216386, 11.126982467065929, 9.79885828619056, 5.605748628852447, 9.122050654899377, 5.64998120182274, 7.171619064820391, 8.51357865300712, 8.233813220851205, 1.5553594016987433, 6.882412011226054, 4.8808412430545935, 5.531379289210012, 4.249423001713298, 4.215090620771559, 7.275590120086284, 6.161240056159379, 2.7283480466598204, 11.6440001216266, 6.551756766824868, 12.664764460041187, 4.954278165070527, 4.624660331816277, 9.078464733411076, 6.9542927990820065, 6.4204547558128136, 9.800006581644519, 5.526333726719045, 11.145458827681587, 7.473074817036897, 10.467225803481558, 6.743095747310002, 5.186867170455206, 2.238270105191058, 10.99071497684149, 12.42636656822442, 4.759613035088895, 4.183307989924974, 12.729094468391976, 6.377057548954299, 5.786827570813269, 11.380105771710182, 3.123640080402422, 5.830570886710232, 10.266721610116008, 8.049721871498475, 3.0465102459260103, 10.4350299802709, 7.691700978811753, 9.919349395983163, 8.810928997337681, 6.89254273845222, 2.7349211651240695, 3.456343049270053, 6.653248477532605, 5.466497237002344, 8.09634689151756, 7.3675117490377655, 3.7241006919322293, 6.685426388631005, 8.419515513398276, 9.797511264483964, 5.060937304145021, 9.436401559843915, 6.887704912294864, 4.340956832019472, 5.824181226849949, 8.12052909075039, 7.1702963737218814, 3.974093374314152, 11.989313713996086, 3.1711590546958806, 7.998532502333023, 5.896387942852847, 12.07523477895775, 7.324186080872379, 5.67749949417568, 4.720379574878317, 12.516174472468444, 4.866693901557962, 2.7333966896083046, 9.91516766913289, 6.129362334087223, 8.071135899500579, 4.830611488214639, 7.216670061219246, 8.369114792365558, 10.506903183004182, 6.4887702271125685, 6.391973284030003, 5.083189762931951, 3.3090061223047007, 6.0794689221230405, 4.224559748496481, 5.293854787158721, 6.236591211349745, 7.4454840457026785, 5.84931922023142, 8.165387848364253, 7.995276670806563, 11.274701351468162, 9.741556025073987, 5.833399939091313, 5.295316003163786, 4.797863106925408, 10.61792087859576, 6.43123404817831, 6.761425235412656, 7.79205950970676, 6.736242790021733, 4.566215380617327, 6.196907957538274, 6.331441458319096, 0.7629014838510273, 7.478940430809179, 8.846353491985537, 4.775133058111571, 3.1384314911614237, 6.984202342723982, 2.6812218057052166, 11.019027582516452, 4.007426968232007, 6.888106009543427, 6.47819786038301, 5.680089234699964, 8.1947404948704, 2.4038448446898997, 6.009989959588511, 8.0877121419659, 5.044880859263091, 6.124099072358684, 9.89965069027069, 3.4881033390199288, 6.161552694804675, 6.024998841708857, 3.256166684448661, 0.666056117194807, 5.021985267216142, 6.593077514127614, 10.849702023776072, 2.1700489335206936, 6.691687169076311, 10.17143300345427, 4.032382339366772, 11.992556935114251, 5.550517937043511, 8.064080602445495, 6.311719119947941, 4.934336989172175, 7.88324028079522, 6.755191499930944, 11.951805162359683, 9.757082420933356, 4.049847045262146, 6.8508265223858125, 7.402267100231048, 5.9592710767807215, 5.990638378777274, 8.449174108190109, 9.108984519704633, 1.1581432009218386, 3.7897938891922, 11.014094992177586, 10.258811728432986, 4.834726057364814, 6.399202758388427, 3.9193736756146573, 6.466478463164104, 2.219541248177054, 8.115371118623361, 7.652043056890868, 3.766280548094641, 3.0320639818483155, 5.258371392844342, 6.797119579282563, 2.965912701224073, 5.618956293795621, 9.812315908870891, 7.629663560440833, 3.652559829305068, 11.802830422202922, 10.469661590742744, 4.727578019104818, 5.14957958018711, 9.69924990602534, 12.016533075354673, 6.7128767330517, 6.481512353127528, 4.08395205494243, 8.915249711815331, 9.542627573883669, 7.527175016210586, 10.23257160962519, 3.329416619467703, 1.1216374338109285, 7.056986905993318, 3.188398558609143, 10.80153228343539, 3.0560659997807056, 4.205738253298581, 5.184401203868189, 6.590797244236293, 3.6726757303217386, 7.670916989974472, 3.7290902483688027, 7.486916510732329, 0.7784953119578656, 10.734399365469887, 6.061026592646323, 3.2953860906143024, 11.683221020726753, 5.242703112966547, 6.887185339542617, 4.415255088833322, 8.069836558713082, 10.269693912705968, 10.760878771917799, 5.826339840479647, 3.6545722717946942, 6.776406364064648, 5.744245665920431, 6.158120618704277, 8.110139618153523, 10.448438904230457, 8.329683441581247, 4.957318856286699, 6.337839542559521, 3.5313782222006136, 7.619334185583134, 8.481688831604668, 3.599072830109702, 4.051462994399956, 8.699975986293923, 4.68727431962903, 4.257939579883674, 3.0402299378562874, 8.099236420593487, 3.064986959275871, 5.815010476185413, 9.943729622086238, 10.99721052368297, 8.401423132348128, 3.2768864468291152, 3.5794475119500557, 7.804944333662307, 8.390578735018469, 10.738853899966994, 10.893603294358442, 10.68548886669655, 10.08552699108942, 11.254343431622587, 7.269598338583543, 4.191364061381151, 2.774068984731656, 3.167419514181565, 2.7956696347865457, 9.58430183210284, 2.3669722125655284, 4.3076874903885525, 8.263448012943467, 2.4123151978802446, 7.371026291920058, 4.174413903525196, 9.47997918438673, 11.150138380657468, 6.181275908489807, 6.818992053902798, 5.31773458487347, 9.795186254724381, 4.603196554390889, 6.604281280270401, 11.992682740589313, 5.699376016382448, 11.394294697335752, 2.0262786598521965, 0.5709126494590947, 0.7723145688681549, 2.3344176433686497, 4.216629813054775, 3.722204717329466, 3.3903425339385245, 4.976114888142305, 4.001323203161408, 3.279306094264691, 4.5968735116087265, 6.479652941313631, 5.6071730726601565, 3.956383676407141, 3.292918468482535, 5.870429737397785, 3.7867524670438617, 7.9370524006679615, 9.624747541995216, 7.063824491011427, 6.6119839888885625, 12.207672345086868]}]