script/wind150m.json
{"header": {"parameterCategory": 2, "parameterNumber": 2, "lo1": 6.000198445256149, "la1": 58.999992894266676, "dx": 0.5, "dy": 0.25, "nx": 22, "ny": 24, "refTime": "2024-02-05T22:00:00.000Z"}, "data":
[rows 0 to 23 of 24, columns 0 to 21 of 22]
15.91428185044598,-8.430685362840727,19.47966764722655,15.002240857046834,18.120141062735723,19.559102329803938,18.307673533821223,19.58549652011284,18.467130684993965,16.9097577404503,2.606614586400929,-2.261766445778535,-4.777524503232314,1.5613102604198799,1.8424162241485151,-1.6544572600873066,0.7676341295373886,-5.7113169295624076,4.086885184930953,-2.3144752645763416,-3.654592442027772,8.473707245298638
14.090144648224069,20.20891348727699,-9.064116443112416,6.067293049989118,16.524845102598125,15.979533028858857,21.061771498162273,20.66231362440898,17.228584402871384,16.51623632381783,21.391887284126145,18.765828322373995,19.176375637184673,19.36038601887034,2.3553352036537496,13.766653484232418,19.74393169886437,-2.285011708233118,17.786426989925207,1.0173398310975876,16.39079931189426,4.920133084327068
-3.059699080823092,-6.771370898140682,15.286919162667443,4.021613125163986,10.434634591075884,13.805104180407822,3.997472633779656,1.8501243078752707,-5.528730352746992,-1.9634534521656384,-6.559968386405204,17.21999740708028,-1.6954393131247436,-6.976302584431631,15.670710387184776,1.1668211175582865,19.79771083588442,-8.452047570170784,-5.8876483368867385,-3.35946034438919,7.733862386762662,-2.4721510368961934
17.347161313258646,20.679531101221137,-6.753083150449833,-1.8187385513743914,15.24039679876544,17.663669549817303,12.94439249057903,19.090308035314504,-0.23987379487657148,16.093867554923555,13.981026234885112,15.06269495645579,13.387865408054703,21.152082807259642,-1.4836428952911163,1.0776697285184837,17.51601173575035,14.599201989542914,16.08082513181873,-9.214684897947993,-3.1373711374664146,20.626202656571284
-2.798078036709773,15.87835488136146,1.9789323085238952,15.219445205841536,13.879840222650392,-1.2418993279396386,-3.36790512592364,-2.8544334336865558,2.428162646032273,12.953631288512096,-7.926483153847747,-2.3708669937205116,15.40006517609381,13.736614311854547,0.9912880827941534,14.827316534820442,16.514506923349213,19.430289371503466,-3.5396368913311322,4.602403251328263,14.488973646238728,18.408537878350472
-4.422155497515223,19.255953872090316,14.706456629513369,16.82661361883068,19.673447687225266,21.22594599128098,-2.354274327734114,19.914349697304733,-1.6223661960333924,16.16989219901709,18.49891966331094,0.528337211288295,16.06797474406051,6.872597616133245,0.11775061013842203,0.08451371370913087,4.037771719271808,-7.723298720224678,14.108313347317363,1.5254073943920352,17.65449798811178,0.009749534068615336
20.417576347581917,19.47889193625571,14.598851054393181,15.285576470230238,14.970332407864989,20.595681559546843,19.8413543392342,19.955461339184446,19.10178527302751,-6.204975787892879,16.316596927156827,4.1455323968584645,-10.679038950792432,5.052873792922491,18.47936226684456,19.655612685973185,-2.0462660875092853,19.813606848290945,14.759095216198254,-10.765025193356974,14.944825353800535,-5.608407001047109
0.13083103154059333,6.3786057891998835,18.080746127510746,21.270672703556187,16.10314443369516,-3.759888718258903,13.699755354979501,-3.248543593955763,19.769628744435064,-2.547925228700659,18.958710717042752,20.027364644464495,15.203802800739995,-2.1944751291353874,-9.880125808824927,-6.819064716524397,19.46950811595523,19.803656777647802,14.618753760082221,15.48237327563614,16.380972201828865,-7.605379461620176
19.47299760797723,16.994245449645362,-1.9288546709597714,17.900029717672354,17.727935064346195,18.079597703790164,-8.248086800599088,-3.2441306543013293,18.81529869099661,13.954156820964233,17.56425846880363,-0.7276735662423796,-0.760197010646988,17.909050304197102,-0.9530373735511575,-9.137335276275492,19.704392052650526,2.4980800628378295,-10.892419451596542,19.969055257652105,18.413883168989795,17.806183190659926
1.6873365857975084,15.859839234954215,14.007724154931376,-8.41806475861219,19.11169341642654,-0.09856077516322194,-2.4767002840175816,6.501007933858571,0.8361127602828299,10.419681902849264,-1.4579331212090452,20.78633106837898,2.0201170989118267,15.424780927212577,15.314895712404219,14.466149202455739,16.34927920821882,1.7157111130310903,3.229589542267752,1.209232182261688,-4.319184085796768,19.95672074957488
14.357175278664807,7.109884768454029,14.916059357289774,-8.579859730505442,1.6560405643990266,18.519725911033763,14.009870146859484,20.69361489441383,19.27593106189798,16.44701052267406,-0.45397449782291316,-9.961790591070558,0.5917229674917206,17.962802131074255,-9.127494072390382,4.677405189577197,16.786858728123434,-2.7557710547716856,15.477281801726452,-3.5597971159787236,-2.356303806546613,-3.5751096047151454
17.556349090622433,-8.302802893393665,19.95409660002813,3.5926548892197983,14.208828863941411,13.67111407552592,18.496966138537537,4.7834930875880985,20.6635234904621,-1.3010033520104785,-1.8664024579275231,1.2936601569513366,-3.8236209111362403,15.797705030164106,-1.9511607483584574,1.8964434646877486,-6.517683729196921,6.754349703901102,19.55597085870364,18.946392189997116,19.22760612722595,16.53562992132103
-2.992994613218874,14.96020247694698,17.45991064236189,17.74559737925432,19.808222109776178,-2.149733235597993,-5.7238806919252285,-7.628031944899889,-2.038943362721119,-5.699772803600989,6.110757571630181,21.09118132887645,20.742712027407542,17.52035013960751,-6.801203670975485,20.706861128540808,-2.3834671862902015,-9.28491641008515,-6.519799618993483,13.945416000464512,13.840722110149663,-1.5027800441386077
13.281244315820713,-3.533055798467269,-7.102157101474063,16.722482143497636,0.44135838467241056,19.080100159968687,14.228702025368014,16.239595136646454,-5.599338187679285,-10.30534529364611,1.9717900094985734,-1.2753135746650572,16.662643143113517,-6.055760842723221,-7.602119084693272,13.022284360189428,-6.765362899003247,-1.0202591711992222,19.509436690011846,-3.525276842365208,14.209957709249121,5.915712983153671
19.858465349002536,2.5216364523773884,14.080990379618246,8.481717740038214,-0.0264631476226862,16.399552842924003,2.1823033697147407,14.360273249213419,15.622853658900727,8.405398816938035,-4.345612693806191,-8.780621404840845,19.891850912471988,19.93452220646877,3.8203675989224584,5.798381631339694,1.3952536103121114,13.745194321770752,2.0254807727240296,-5.431011488810716,-7.573025987847989,-1.11366579094798
-1.4604411710358567,13.848137519474223,16.921495457791934,17.843869229951682,-5.659467743840549,20.61513613704267,1.5384768355878404,-2.974698018091393,1.6062359864864857,20.14857379582078,15.281629983354536,19.07238064619799,-3.123527052440339,-5.7132550963135165,13.43221470674305,14.042711244812212,18.301097896534163,12.283124164337377,20.246625185981802,2.0889195074339666,20.85707246373805,4.819174125676834
13.922983854008743,17.74176754086747,16.635701555593673,-5.240129147352709,1.6881713914848566,17.966969747182826,15.417894767367583,-4.22897630622012,17.61550287176995,5.487664148998609,2.2879002140942313,19.572536716502494,14.411350108574235,13.824375561506404,13.870748864996848,3.7829949920580463,14.43069232206518,18.509373082636145,18.571889933033145,-10.880425528093266,2.529296038745904,16.12687883650506
15.278702876597073,-2.482464923873662,19.114696758000694,14.321134429018812,16.69980261279602,-0.34275594814301996,16.806084864032435,-3.6389974477610303,-3.6369823146885096,-11.124009622775034,19.273993679129113,-2.3942146982532337,18.546767126144683,2.810757013296707,15.653152135730583,4.790968251564761,1.0352915401132203,-3.636656113817285,6.649781036307849,18.93175505245479,17.851822976967455,-8.62027127031905
14.2948431738647,16.385022643634134,13.066254254922598,17.625045027223255,17.73268307000023,18.500588189390225,20.159937743389367,19.372843417622974,-4.32391664250803,-1.4931487741517981,4.409523073826053,17.812950858975746,-0.5433865334527069,-10.554589198141837,18.885450771000833,0.4574137871631373,0.5895161733197816,12.893116681145123,-3.862123433144462,15.207930024774528,19.991138134636188,19.883732026669282
17.10343207533501,20.122795335596567,20.878971795323878,17.35122672264502,19.532801672508214,1.8047300056518012,15.613393720104918,15.181570622779164,1.8774631150721497,18.610287186486833,19.882658371539414,20.14741015252175,1.7172936685215636,16.69518898368895,3.305286938435308,-1.266464783049637,-4.226547555021969,-4.2378072798214745,12.593363654205504,15.37190972764551,16.14324611810874,-9.119733162329918
16.904184583679708,-2.625877286565501,16.537376272965755,16.023472939718303,2.1551884696685666,3.0861860613584513,-1.4736183599626504,18.389282501020652,14.250920953230379,-4.146384840631319,3.0613800101767743,2.1171790203680163,16.595768754806848,-1.6091949226168016,19.204187733116363,-9.077842088143877,-2.9256882668745456,6.771984652236211,21.946067938605143,0.6378954874664141,16.298678286313514,21.95837304535467
-3.2069980293051756,12.05101605418401,18.863695045788962,0.8004273362253166,6.700476966994662,-0.9317091659540103,16.57749858820606,20.723358175815015,-2.9295944869542674,-3.5327960882188285,15.743368599289981,-8.959908759466039,1.740051593615497,-0.7268279659742845,-2.8314923877109925,18.915101913457605,19.680503514675106,-5.972812737932211,15.241059116262509,-8.899567855100127,16.816042683355693,14.265794432908182
18.73552354206429,1.1807683017987014,-0.6273552781665773,11.986852845296482,-5.079531624627946,1.2642307531411743,2.7552400461259814,2.623093784703464,5.5573044431655765,-3.6005080348524707,5.5549202847398185,-6.731997699357763,-8.79837376408408,4.085151176849147,0.3132578831478114,13.97955559811697,14.287588059619878,17.517237728642993,-4.199852720707354,14.778692884608438,-2.322129126558666,-6.493095668291326
16.115250515672248,15.88187339451032,4.017796528497265,-4.9497878997010885,-5.931456045803103,-3.1253341894091293,15.928925296106636,-2.980335140639515,-0.0562827761749647,0.9175333625319765,20.455809744767492,2.2829379046457854,2.0721222898194074,-0.863718537602889,1.1003863670801641,-1.2031148738397741,20.372163376948937,-2.159809137664803,16.338439058290863,14.556265613724037,18.483421354861957,19.719962271512795
