script/wind10m.json
{"header": {"parameterCategory": 2, "parameterNumber": 2, "lo1": 3.000054539987559, "la1": 64.9999836372058, "dx": 0.5, "dy": 0.25, "nx": 34, "ny": 52, "refTime": "2024-11-09T16:00:00.000Z"}, "data":
[rows 0 to 23 of 52, columns 0 to 33 of 34]
-0.07328973015075196,-0.13623290453383402,0.1382275413362154,1.2811298820247567,0.7601458222767074,1.4402173028275156,2.098427417838543,4.980934930072161,0.9744597586239093,0.7533524423121087,1.6210040037917983,-0.008537174219148208,1.6225211467262473,2.0974969647441264,0.3803629922154861,-1.1629147490121985,-1.329863063193104,-2.4137385929386945,-1.3275749091484028,-1.7257759038025584,-0.9916131608428349,0.3768831091222898,-0.3190909049796355,-1.0041459466606473,2.8437266088066937,0.13151809234144787,-0.5137452111038512,0.3697004470785267,0.7803328393528818,0.9432938517722845,1.3032919254285142,-0.0522855644510822,-0.3178638254110131,1.641743715130219
-0.3121994912021287,-0.32822277704629,0.6108555907314154,0.8467067108736263,0.9234394862738193,0.9852792208154517,1.0965418038751,5.140422449778108,0.8018293304695865,0.07223665522948959,0.3391021862920822,0.587473113180944,-0.0563883211813903,1.2535383873017993,0.24091458246260575,-0.14939612752154344,-2.1266981485792478,-1.6793767754899562,-1.4011060615556366,-1.0663363696427606,-1.4097436093706968,-0.25713595596658806,-0.4309881409251073,2.6993878117362575,1.0405032553322182,0.7060061682851756,1.037353178854012,-0.2079563005772034,-0.5171415613386711,1.817352832147035,1.3410149724939453,0.694181801145127,0.3072555129148714,1.5506137955144108
-0.7599139632250982,-0.39835500300849114,0.022997339383058413,0.6210119268856517,0.8616198195229858,0.7626006930505029,0.7679660981665829,3.8658664647126546,3.1094486484779686,-1.3938289786184521,-0.5471839372207509,-0.3896859347246509,0.3967227899252637,0.24350193018971591,0.6212649491592154,-0.33070885204889783,-1.2597841170470676,-1.9637401086195958,-1.528268254184156,-1.6220359136914635,-1.4455175160972324,-0.827684054611163,-1.277737390202505,-0.0593409861120241,1.1989001829239163,-0.38939118968484604,-1.4915865777872812,0.43001555120315077,0.4405696971503635,-0.6710509692326581,1.2603463263803094,0.48409909162042597,1.6173508387480708,1.0933906572887537
-0.44734916410892706,-0.08689981096347632,-0.10485719647701537,0.6439644925783728,0.5804151432849123,0.16942303674948123,0.9715346757558082,3.242354351887259,-1.486541667434399,-1.7018792716256022,-1.0477663464302174,-0.7612156404059847,-0.488983421158462,-1.624504328712057,-2.6715731908435676,-1.4934709185212285,-1.6733293202113213,-1.6234564832960314,-3.3678471181135885,-1.0729426522013679,-2.5761222172020593,-0.5940161130741486,-0.5495828906571374,0.7808255481229952,0.23742615126260333,-0.25724895411149556,0.9109001326181116,-0.5075592797002733,-0.6596552636023759,0.5568883161675461,0.32883933103687873,1.3333222612871163,1.5959368453257348,0.9421523715341986
-0.8078855422247345,-0.23394436438841715,-0.4704487346150352,0.20900179779345415,-0.5857743887406827,0.6202375287029881,0.5675544468860606,2.710994752958883,0.24341008515670637,-0.8604273960851555,-1.5637646746443057,-1.614991529554152,-2.2796448855514435,-2.997055613994152,-1.3847651780701467,-3.8802096120924467,-1.935643501877392,-2.070588883606964,-1.4709050379225075,-1.4344290315697126,-2.1925289411896025,0.32321820419566183,-0.20444779410195024,0.48716540660780877,-0.29310272235714524,-0.5274398254675114,-0.9975916197268015,-0.18970203845645836,-0.795685926277566,0.44206616254300546,0.8118025961569644,0.3754225803235532,1.7062559111677444,1.7486074159834148
-0.9648072991892058,-0.1440582991769535,-0.43803050377303177,-0.0030716226412548673,-2.1262424435214955,0.8265764997098919,1.12278159730233,1.3537142699761766,-0.4514982284960177,-1.7878458765964083,-3.377413699323702,-1.6393953662828207,-3.5278930633519296,-2.1365181157172612,-1.5203045674602889,-2.1569163925413344,0.39053666377639623,-2.787019477174963,-3.936228091086599,-2.7659112546674374,-1.1659820159027467,-1.4758761018812032,0.2426820886443319,0.9858881430577061,0.9888888257940228,-0.7858210956814913,-0.033624135584768726,0.6453249135357505,-0.02134108294883228,0.12223021162706225,-0.4230508423995022,-0.3862993156649223,0.5372044626401676,0.9482634583366223
-0.4612961357476639,-1.6870280855828779,-0.8256081719772235,-0.02200539057874058,-1.1278608639625343,0.7916539975494975,2.409900953320022,0.042293936176070086,0.05547751048321175,-1.3604718442663686,-1.9571818419714448,-1.813276326050417,-2.344413771513502,-2.719578570968466,-4.084984882028649,-3.6181175241586128,0.7958087074697384,-3.557735947540358,-3.209127916297803,-1.633618632343112,-0.7473125366905173,-1.160584048009707,-0.9244697585984055,-0.4385304700390048,0.4183184880111519,-0.43315643698623985,1.4325135365013921,-0.5148209920692578,-0.4020702540922905,1.0690825823189551,1.9115298639583191,0.38101647936093175,1.0181962202598605,0.9463377481913037
1.6433705981010787,-0.4663674866292384,-1.4382612200002047,-1.3177394816804744,-0.17729227120596877,0.5543653671053028,2.211615692483962,-0.029594432822555798,-0.07637333143076395,-0.2908547121906741,0.4374412245593198,-0.33425160733182985,0.9913495878938213,-0.36367425641412504,0.394677109601445,-1.0490417042794806,-0.047390444326592764,-0.891274991066738,0.6136178561312374,0.7380610692277538,-1.9362738192134987,-1.8944983800427417,-0.951746282901499,-1.1511844047836233,0.1827165506993982,-0.32287251637373476,0.4941732991633572,1.149731032727764,0.7099084429707261,0.5475629055737248,0.8746217589339443,-0.4813397445971018,1.2465689291381659,1.8432079889604558
-0.1925314637437567,-0.2572277544118412,-0.7195511417552474,-0.7958275813547384,-0.24040174157534308,1.4758080375802267,1.784531621490038,-0.2500936469248132,0.09557947156204025,0.1271629182551413,-0.5648143083084779,-0.19681557251520004,-0.8845357291570846,-1.2090135886158364,-0.9072097882555052,-2.498016741235288,-4.201716899035336,-1.062056017522925,-3.3201738506016154,-2.8209958957669095,0.9925656113597563,0.8451253428436931,0.5920626012613532,-1.34062467790611,-0.23684994249414743,-0.23404220847891777,0.3147822616353911,0.0700913768354569,1.101773130549606,1.3422724768328373,0.6406211900144749,1.416115050769736,2.2162109170366335,1.8633205355253801
-0.20797075693552441,-0.48410233188768037,-1.5797900286045976,-0.7501057171633793,-2.607104872472927,1.34786617619477,1.071464057078479,1.4443220339869376,-1.195123312382797,-0.2208538911477686,0.1403591865195326,-0.5266086698641985,0.6964654647486728,3.234110612845488,-3.3977602508798674,-1.7237895330418251,-0.04797956892304495,-4.27011049306376,-3.9154427328041703,-1.354276523953863,0.8698692258069304,-0.5172617120980589,-0.028907333355167743,0.9395101709726421,-0.27665548143091057,-0.018201753717108613,0.6170958153076334,0.594301979721764,0.8328809190841984,1.4406156606089684,0.34095300065746204,3.1690896715516583,1.5737167075481029,2.2219855995935625
-0.18478159469129493,1.2102301905442383,2.0335921189468413,-0.4263432326437355,0.22397542622087274,-0.009938123752597948,1.2820783945660048,0.18679463596518162,0.9473078856972296,1.1663887558677362,-1.1522287893950205,-2.3090586724718016,1.0229739766827841,7.345375707699204,4.418738636720183,-3.619747116670718,1.499563834956535,-0.9695314679392201,-5.14271618571115,0.13936361129735753,0.17532925086254886,0.09086517510385768,1.2881870788412908,-0.12527604845629975,-1.0752297543671632,0.7748135819940529,0.1832673464941551,0.06332531036579349,0.9069907553603682,0.2519523506368677,2.1969436099869664,2.7582192263600955,2.3878064643827956,1.8040459965653362
-0.23477889095429522,1.2988052455161272,2.0201825009262318,0.09379033594081894,0.9595693324387023,-1.1441572297389564,-0.8776242428336939,-1.2947929048221003,-0.6556709086929408,-3.1189624464672265,-0.8416349604825689,-1.879286656954185,-3.371698150020133,1.216814038336486,1.2604324566207532,-1.0031380838471047,-3.552285535750301,-2.6475122415129424,-2.833866602911251,-2.0594058365262704,0.2121061957053483,-0.1489802463060941,0.6041901394938822,0.6801996246915577,0.5067926411115021,-0.8122281240612472,-0.6748548710337798,0.7908096252946996,0.9336785860305297,1.372528839295128,2.701431646042418,2.6439020596966363,2.6241570243161596,2.448073423722105
-0.4286963999907363,1.2510748452842837,1.717473315357073,2.2403095829540165,0.4825366296068312,-0.3349116792173613,1.6663932352536974,1.715063283672825,-0.28475918945583323,-0.6838840213611984,-4.161615744652837,-4.303342979620651,-0.7730038340698974,-2.240730279845109,-0.9715290914787801,0.33838741982253284,-1.0284284163792896,0.22661777872602928,-2.0898213026237524,-0.8274336437587053,-1.1581914374505564,-0.0512915468136813,0.17372799814037573,0.6067611613552233,0.041827822902332196,-0.804597591038027,-0.8445390012938363,-1.5412873503521782,0.8365680024830319,1.0320450326306811,1.4270482749980757,1.4390581420273498,1.8234153073560873,1.7353848847606195
0.015971386993581898,0.4651585142635134,1.6348805979117496,0.25217513589156404,1.1683912536129473,-0.41257642206107104,2.186747961528989,-0.8089647257100822,-1.4332046824129372,-1.5824311673771285,-2.5816714402527916,0.18040010070519544,-1.6049498249446272,0.15417661438663305,-1.7777109441205319,0.13497141828885137,-1.6783351338808603,-1.9698108269668324,-2.3385991224390272,0.4676295664705118,0.3324610970288995,-1.7328356542468133,0.9761601637474233,0.46430310673015823,0.4458730812293169,0.4121478103641509,1.5619043480937382,0.9394471870615697,1.3631802126367158,1.6638610932622826,1.0830108394998583,0.743890970138919,1.1966706494278507,1.2126636015408638
-0.20499048079889245,-0.06075898748168193,1.156058304284248,-0.4683808421584596,0.007552774820345861,0.0231360333797623,-1.1762921943644133,-1.1269169973268143,-1.999821310428392,0.3623465160125183,-0.6898553324597554,-2.541174190671648,0.43368488918109643,0.17269777442806897,-1.5118733254887426,-2.1348574132649927,1.0983548952878242,-1.5398196032824925,0.2740085237787759,-0.042789576623381814,0.46779008472549766,-0.8688771794697312,-1.2811819059354408,0.5470543297329052,-0.4712005472021684,-0.6078347001212743,-0.0045095275954618015,0.10151603971129806,0.377507361848049,1.5314618502015271,0.8336922080172217,0.01621137318561457,0.08829942444851427,0.5589634308684166
0.8154603964829426,-0.3537751834210381,1.052639755608738,-0.15486524249476985,-1.0602326034038507,0.7542141288209783,-0.20597999074046996,1.2655185133744846,-0.3295356726895151,-1.0320703508944726,-1.0206108165472614,-2.110702358861044,-1.1624422602010054,-0.021372957314641294,0.26680265946095244,-1.382006708030074,-1.3396096932201376,-1.236918959149587,-0.5917840179919099,0.2948488767329769,-0.501030811982943,-0.4035738948168139,0.23018953951323837,1.3509181167018198,-0.2530378852805931,-0.3723965479407435,0.2847763531275846,1.450955685652421,1.007999656188629,1.5718223975325492,0.3535644222221938,-0.24508511150273707,0.1703377471513605,-0.38074934331110183
-1.6501975563721116,-0.5819926263716254,-0.3853340202984595,-1.125776332475401,-1.5493970438038867,0.848420115668799,-2.6688357505884306,0.1303905442986522,1.8807611889524107,-2.9595136671549795,-0.8280078307471913,0.6761725500624566,0.8423373846896377,0.8055794889906924,0.03752593491562357,-0.7496890492168398,-0.5488105496542217,0.4017236133287451,0.3057027251882218,0.15854804618492782,-0.7788679858560277,0.07286206062440007,-0.16299557274288412,0.3699072523818964,0.16669506865989225,-0.22488170745002808,0.04684341433521191,0.8554610495045494,0.5544549689764817,0.6485330222126887,0.21943539373186566,-0.2235368417255642,-0.1314899126589842,-0.14196726509921478
-2.4504586772627124,-2.0269843214748717,-0.6883564969306519,-1.4383215980807333,-0.8893822515817653,0.8160980203020143,-0.25107451528180275,-0.7115670807587802,-2.018327928675932,1.5080089211167322,0.7298306793144674,0.8626007806345649,-0.49186312832592777,0.6801868607494148,0.18749262959729607,-0.1289020015239524,-0.758753883667855,0.1912522416019918,-0.6139433591392685,-0.4407826208890505,-0.5188009467181911,-0.36440108260654275,0.26027304349342145,0.21624776746563357,-0.3251538228314216,0.12857290171760646,0.644387991712859,0.9727028296687453,0.26713044033347133,1.2804180271965817,1.3524743448731416,1.92280960177477,1.8588418128336974,0.9363655479661226
-1.6087353208951982,-2.4055936002809566,-1.494971392516121,-0.4344064161109342,-1.2976870538440732,-0.5997085646365904,1.2171608136497007,-0.4645724199200155,-3.406916269122032,-0.2656117400032351,-0.9751103377469951,0.2920559804712252,-0.09781253501676421,-0.4643730486019039,0.8868619550088209,-0.5652612899127099,-0.10779566601594329,0.012480133015964436,0.32743501236572325,-0.4280743694269461,-0.3308943203566117,-1.2284316883742614,-0.16674351741832438,0.19653224813074857,-0.019415323957218057,1.0043717389072115,0.7668644477321805,0.7529237091484381,0.5242552057079021,0.46112908833582483,0.8753505830976657,1.848685829731748,2.8938727958586083,2.416162828904944
-2.8336636311858214,-1.8660804357234977,-1.3607515486366548,-0.4768193510029182,-1.3420534631055752,-0.6185981427139805,1.0016800085076907,-0.9718213834360099,-3.6367252377679686,-1.4506931665931555,-0.9122219554509381,1.398401968595924,-1.0208872898085253,0.37011022346978795,0.09572847376473502,-0.12310730869420823,0.42293758370197776,0.11371137883436057,-0.11149792639389568,0.6448226476781971,-0.4695741766679069,-0.605706288896401,-0.7521347751550448,-0.4160835470043119,-0.008601579972190429,0.22646481130371954,-0.4542314662419707,0.9876307913310373,0.7839438522025266,0.14394123424534058,0.6676213543730027,0.9425405350875526,2.606603841338331,1.2107722352899217
-3.3946235567053,-2.766274926115387,-2.675154961687201,-2.367723537173089,-2.5722687789721204,-1.3235064658705888,-0.28583240581950825,1.835765134749884,-5.389857469165896,0.9764398815011853,-1.5861680676098353,0.2765846507427555,0.04490080764928243,-0.04203182739053025,0.9265985838682375,0.05869340131418248,-0.4317871640018283,0.6640958232378129,0.03610232980063098,-0.8427904305050702,-0.25131990900701306,0.08095902804826302,0.04456560912765454,-0.10747497640032419,-0.8247647745586497,-0.30165275679560044,0.10034572770738294,0.6039292132458017,0.8532581268803632,0.5366590570369412,0.5474951450387096,0.530956361696234,2.394976103070798,3.433387295397767
-0.8186933779837728,-3.3744876136954236,-4.146812847612447,-4.46526029735418,-2.882484073968876,-1.403991992292908,-0.41524508366416746,-1.5111673417525975,-2.7307388933589993,0.18364822223001148,0.9534745973867331,0.8101824495243171,0.933061877132094,1.2677491321272572,1.017903324283955,-0.4451778379114761,-0.6252407886586199,0.11034849864228755,0.04193104220804625,0.021620522348128002,-0.5179079299028424,-0.05420120842443213,-0.210838026973404,-0.203862290237346,-0.044991910082136245,-0.6549152708886172,-0.5221145673227914,-0.6979547878040239,0.005469652516359289,0.2354013763046315,0.06227441764336634,0.7006473794996759,0.5507061253957636,1.7140696058677332
-2.7596934389608636,-3.4601228289584296,-5.164502001836121,-5.030707476403078,-3.9565209800413235,-0.04791475462743747,-1.5852697712992918,-1.655755860882169,-3.087239318405215,-6.227309144597637,-0.3915639194671213,-1.5906758707709105,0.7505090649205887,-0.2810612788139491,0.4304365631561887,-0.16781491924365743,-0.5710121166799687,-0.3293633318857213,-0.7105747373764322,-1.0977872907645962,-0.9126417993788879,-0.8019672718408071,-0.22490691671208832,0.06751423977082327,0.004402604552589472,-0.583305558459587,-0.15615524383439708,0.636978698845516,-0.028469489259411306,0.47733012067945657,0.5165454514412144,0.520797702312952,1.7580987310027556,1.8775634321800179
-3.4970723028741677,-4.975070211648444,-6.4927174300452375,-5.234043006484384,-4.617221605590399,-1.6612641934219317,-0.8025850954950493,-7.259980802874236,-5.50314642193305,-1.3264162062958504,0.5628527973720922,0.4145482356254126,0.03525862619895453,0.07894118586939826,-0.7828549377840885,-1.074245231118837,-0.8003689531776864,-1.2170431405308793,-1.079007985082741,-1.2290418848554259,-0.8068021006978039,-2.441159898674792,-0.6745489483394894,0.2516642217510533,0.9597844816768961,0.4085212816665537,0.5687859012521194,0.48666148537173837,0.5236433549656585,0.22064832342636156,1.4091804286124692,0.550664600163178,2.1344817998417094,2.617695486486672
