script/wind250m.json
{"header": {"parameterCategory": 2, "parameterNumber": 3, "lo1": 6.000198445256149, "la1": 58.999992894266676, "dx": 0.5, "dy": 0.25, "nx": 22, "ny": 24, "refTime": "2024-03-16T11:00:00.000Z"}, "data":
[rows 0 to 23 of 24, columns 0 to 21 of 22]
-2.7589738658959835,-5.020781670178718,2.9845144497059777,8.765163458233163,-7.949533808379066,-4.56262764563267,-0.36202303180436646,2.9447508399107187,-7.631888385502604,-4.12454213530346,-11.709525962654018,-0.8246377722523311,5.656621676795682,-4.477507805259838,-11.744907317176668,2.0037252003519583,-13.59109248905401,5.0389941791723585,-11.294818982474782,-1.4880324023262523,-7.864866669104458,-6.430038252854249
-11.160437840233868,4.904308319982654,3.4463354322207054,-18.865988547167177,-3.456263085550368,4.139781827181701,-12.610356608319108,-0.9710686277088546,-7.981245262214724,5.687040786465147,-0.3910328013321946,-3.849404279244657,-2.8060665319504885,2.6824189930370523,9.165887200593286,-4.489078096492677,0.3869659281378805,-3.787128428708157,-3.1697430221596936,-3.4610263324757975,-8.60622386978903,5.562071244807099
-7.115497070140233,-4.528325069591542,4.226520289562846,0.10988584306943172,-2.702488926213348,7.329883396274431,6.390874564309646,-9.373589225333985,-6.591855963186796,-9.739402537446617,-6.089453419776303,6.788413890996486,2.6060882797081275,-3.1395044395829075,-3.48449494563134,6.1004311974330045,-5.460640800723988,-2.498603012069771,4.985721307902825,-4.674789298614543,-10.786479062411752,-0.6479893885204637
-8.947093169114943,7.510657754671306,4.697100398956476,2.9741006486633697,-6.938744681385615,-1.0121946747479749,6.251964929971462,-14.84665014218562,-10.100348964108212,-8.730881878904608,-5.995106518804911,-12.510554833968794,5.920745807798875,0.033162895252644056,7.475450547714325,-7.494852757336619,3.7193555865329246,-6.119156401659236,-5.814507676913981,-3.0487425077706414,6.212027429555387,2.5870657514468838
1.390192523759415,-6.2233768038429025,4.770064054599094,-2.8890325563256862,9.257398425411283,3.758164816579702,-7.8620830370554415,1.2657087552984572,-16.30820338124706,-3.678308335708573,-5.106187204427099,-0.36817429448349753,7.67104073556482,6.079502649244646,5.252921419962073,-10.568618828219071,-7.510497694911711,5.152439994563762,-7.587185872265124,-12.538969858826869,-4.410304432421729,-2.977613890547546
-5.475472710571198,-5.366833999654462,3.6984162991419423,-4.068993049496163,-3.8095738623835653,-4.004301238905016,3.0426166687984373,6.955693490182185,4.176530379878491,-7.187937468204307,-4.212310085655393,-2.1080911505771014,-2.2770303296061996,-21.887118768314963,7.418210796739446,8.137203692626679,7.791010975293334,-3.4886820284344573,-10.366215162080499,5.916965763683769,-2.6203223423859834,6.079159742262621
-1.416099400326914,-4.606208446026393,-7.09645556235648,-0.6242706706961023,-1.4040836238695,7.286603574997727,-3.8267003358100014,4.777502316415019,3.246440843492797,4.4711618683183865,1.5252240481745032,4.626700531653619,-4.5985456411026675,-9.967990052045897,-5.800420400474135,3.9903553061611405,6.132193275430582,5.568436300482687,-11.41158159705027,-4.953268137379009,1.4675751522385359,-2.888308295482993
-11.71569053464407,7.462982925694716,3.693242299618006,-3.045831566399253,3.447351366755398,-7.830345079431794,4.82984975861323,3.5327857466074843,8.880021276593663,3.92020515117512,-3.817298737797375,7.402408451624024,-6.7841675473025225,-2.3319087583862586,-6.4507422710487035,-2.294961498368961,-4.58541931040382,-2.3860356527559414,4.324451115010154,5.902858371150767,6.025068529986624,-5.877825003379035
-2.1170874331181815,-8.284121779340747,0.020083640468824247,-2.237243831242384,4.413237173090397,4.516248482810521,-4.712522115627172,-2.5491489173467854,-4.800168935478351,-6.085878169172671,-4.930373741693886,-6.330900895406024,-11.909560298134718,-7.193636097789029,5.21905322010231,10.211125989343916,-5.802173192681682,-9.784301824909132,5.809099431453224,-3.3198020528223187,-4.68675505957516,-9.115815676267335
-8.442390139943022,-0.5691218383795529,-13.301790704385393,-3.7409090235299485,7.188565960243897,-4.322571508818059,-1.111712466282601,-11.150676705487713,10.36331826977455,6.123912229848813,2.2467311419138007,-4.083903911948005,-11.069120906863915,6.397380351206209,-5.61525248287702,-11.837777489678666,-7.821756162368869,-6.405523702410769,10.038615985553982,6.495539677021094,4.693470900197917,-3.616696630749815
-16.648390777692704,-11.130473803928485,-2.7363004237172466,3.4321256443136687,2.5064384103359814,-0.21473190635205705,7.805273600101023,4.544342212347383,4.344791744212263,7.047573732588367,-4.685355647337072,6.117457505681568,6.626368963932367,4.112948457585992,-3.6859883037927266,2.2569412116406937,-3.1030474640084935,8.2185442605757,-1.4521842633292328,-6.83700521661017,-1.7554945296702298,-7.431685956422321
-2.779911886535981,-2.7266011382479314,7.853792749841835,-2.853072857827228,7.166522423051902,-6.278319595422792,-4.723017635483672,-3.3537866547305493,-4.901609225607147,-4.591990432940753,7.472993455700508,6.613886111293261,6.070055867389423,-1.8747197731018714,-5.758321397058982,8.978330561909022,-2.614901612921134,-9.152412424335976,3.729424172036846,-3.78413584790208,3.2838160937702976,7.062598344728968
7.171788021313146,0.9951122081570911,3.1361387378310406,5.130423052767115,6.633767481638287,8.15786616051227,5.228092972739196,1.785134697890148,-8.030336901407765,-4.521345710627039,-11.34986006730853,-8.003218959246754,-3.2557770969156326,-7.0944018335945955,-7.326785273147552,-3.0415022679726036,-3.033526919814561,-5.808030150180398,-7.379032811826742,-5.796215536054413,3.235193960377218,1.6096752366873042
-7.463522005822242,8.208683029389123,-3.7273760268879843,-0.39584975626792296,-13.484084968924499,7.553982590880233,-3.2976021941259948,8.367102321953572,3.8440620662971914,4.72107750123622,8.226275083521069,5.953549208842092,-3.1710802105360383,-5.421396335490273,-3.2218622806102966,6.821589604062994,5.228109564994333,7.950065468038841,-4.262346993851221,-8.02491007991628,6.281426927884693,9.28047384981086
8.63917742473371,5.634244487132044,8.211439605469106,-12.710436709330969,7.499691147054047,-3.343855241224815,-0.9553701642892436,-2.1366100965304957,-8.736434726244365,5.385924284608907,-4.616092437943343,5.491950975686379,-3.952172555908386,-6.43746054818445,6.495128092772596,-3.215903696943593,-10.941115376089671,6.850705342069856,9.141309072703889,-3.6466564263369863,-5.265723027998436,3.228544868060669
-6.676346286680996,-4.129016137347793,-3.4218647521153427,3.0164075143874123,-8.391483703617965,7.942232873203006,-11.089230034858799,-3.3562161917087496,4.844183231608306,7.282522746879256,-5.36776959283815,-4.1446277189207015,7.860590613505776,-5.996460763759562,7.066557245426752,-17.168697992073373,4.214925867879069,-4.0957089774052315,9.296733199833213,-15.855684160757606,-5.959438500883382,7.1267557993377
9.674618510858814,-8.412469410419007,2.0759760024353096,-4.316047978976338,3.311522748035435,-4.273499748449355,-7.025781427849441,-10.135381357860087,-5.6859878764359895,5.619841479450784,-11.202379890985554,-5.105003133318041,-16.08479436058359,2.088567271994157,10.125414407616558,-8.610587549527938,-20.577094403915652,3.3035822456411634,6.571636775848255,4.154524291547253,-9.033199509051594,6.625141651477214
-2.9517262191514786,-5.751582336547957,3.8152842165093794,-6.799174013937053,-0.8558234160000369,5.220396071237769,-1.88447517430898,-3.838612044332419,-1.2099420509050727,-8.456004469749868,-5.042669044023677,6.812963616396211,-4.6447432024787805,-9.713869319191756,-2.677326643254238,-10.654382245642905,-4.704093025350574,-0.07373041153574154,-14.827327246856257,-6.270771755443014,4.036730239678844,2.976190384762955
9.62101152061709,-7.2635540636889395,-16.531817441356875,-8.64581013652063,-7.3546877226781655,-6.755239310259147,-3.504826016330612,6.960899576163508,-7.399274269860133,1.0888755721715777,-5.539841673433278,5.045787394780684,4.921665796080907,-3.2419399019457122,-5.309943695267311,-12.799335418844276,-4.506350928053286,-2.511447838671487,8.768588394414639,6.033006537489144,-3.7901019103308906,-5.03191644911643
-5.465171350376605,-5.543689975861102,-0.023100148304051358,-6.792415524732127,-3.2460362136810015,-7.601612250206171,-2.3786962573139645,-9.497434474090031,-15.147670544414035,6.129783272665195,-9.256320181216461,9.169042020441196,-9.719283425087818,-1.5644299595948712,-10.348568272657921,-8.89849122003747,-2.9914669588666865,-5.613477390531808,6.555184404196951,-4.486983645320436,-7.553392508977775,-7.012273270887942
-2.3661170705459025,1.4567482489400372,4.843755844023051,5.296137297090779,9.31805545372337,-7.80844971984053,-7.1959408916280445,-5.6369579677985815,5.084428447404272,-5.941486185838367,0.2383954150468834,9.062675664559174,-5.426361527950724,0.8254710482591978,-2.0694394982573407,4.265311089743061,-2.4043539920540486,7.277001521867405,-6.015366903955446,2.7325958508333112,9.306855221885279,6.582779550194404
-8.08394537736874,5.283443681328748,-7.044666984479264,3.708640448483654,-15.86570874381941,0.7473485739630956,7.196825852081667,-11.68808839591347,-0.48184306177512903,-4.586668469867343,-1.4877850343703163,-6.258225401236027,-8.403752544993683,-9.182809964351357,-6.150594342118488,-4.612432071680363,5.326374709767034,-5.949589462612019,8.646727367349392,-2.824411883173724,3.8387695251016343,6.243909509752137
-2.847522147897756,-6.635563810600855,1.8138541338415566,8.433285611032634,-3.4595819711020064,-7.6010653150707155,-15.439831896313178,-8.12757112925942,-11.422657569935634,-7.238747007302704,5.8101055240757065,-5.048547008755017,-2.0755842255629213,9.91359144533513,-6.541350761900495,-8.01506219421297,-3.2202952422781004,2.932380031434781,-5.173701403880047,-4.332621642523786,-0.7364695255619393,-4.639389672411902
-7.364686008404716,-7.56970055553175,-21.21564742527292,8.674899186880273,-5.469692859632721,-7.109399481097951,3.2842420248752893,-4.835646603514639,-5.823344282506501,6.7971746582021275,8.78183848173518,7.061050212881454,2.87923795802594,8.573031421056182,4.478200640150192,-2.8583343393513267,-0.3839209482808768,-0.7225913768124341,-6.813609275597258,7.342364803875133,-4.033623969304119,5.188401418739272
