script/wind150m.json
[{"header": {"parameterCategory": 2, "parameterNumber": 2, "lo1": 6.000198445256149, "la1": 58.999992894266676, "dx": 0.5, "dy": 0.25, "nx": 22, "ny": 24, "refTime": "2024-03-29T03:00:00.000Z"}, "data": [2.351138184153826, 1.62988179874241, 3.2450481849889656, 1.994790909151196, 3.781143788010239, 4.715395138288645, 2.752559456584205, 7.002887448484117, 3.131816750018815, 5.2467434696603705, 5.822277393749087, 6.07353512839218, 0.8091936939902381, 7.4835261035836815, 9.02544566128759, 5.369511027304178, 7.320833735965903, -3.8209804598694626, 6.7272092216420605, 8.702266399797034, 6.729577261882317, 13.452671612237312, 6.433263859453846, 4.306285433253333, -3.1696804754216643, 9.331449391889016, 2.1325198492017354, 1.739178041402818, 6.125345715111137, 4.362557558790271, 3.0946178173868844, 4.832809165040127, 7.446328505838004, 4.007988635370683, 3.0988560005952963, 2.962040939720147, 15.363835321285423, -0.6798018243078168, 6.0392108978003245, 6.723847025375788, 3.9447682820560463, 5.122894703215581, 4.597818508795439, 6.860508145447374, 12.090260632434344, -0.8406941230598088, 3.2066981002477934, 5.544116756498941, 1.7329605357581626, 6.280841444961322, 9.58196101815715, 11.882450788107562, 6.019213122206516, 7.731696897389814, 1.0150375768968212, 2.5114856672118098, 5.6357218015260875, 0.003153054424089165, 2.5725190678033685, 5.464731541514032, 4.625910987465185, 0.7006347213425433, -1.769187286342009, -0.07512865592365364, 14.426525485642161, 6.059945353887261, 4.292379605978961, 4.67335249178798, 5.877759250688197, 6.158025843310291, 0.8789596447784126, 2.521282068498404, 2.1575850111216415, 9.629505765240783, 5.341466767898241, 4.479867819968113, 4.41917223287878, 6.104638295253966, 6.6252049831179916, 4.801274904290916, 2.065295130008536, 3.1852227519518115, 3.6370596097642047, 0.8978409023250455, 2.2159677668273905, -0.3162375646229268, 5.951148907014398, 7.2158913946231, 3.313282330358847, 4.398485098120599, 10.085422322385675, 2.8532181987126606, 6.46397179699442, 5.511349689536433, 7.30465972878346, 5.336319676272314, 13.44634323399797, 4.368211386005886, 5.212239894200876, 7.744125688478555, 2.710110675008396, 6.478862653878714, 6.694146733164256, 2.818536645661822, 3.437817500398954, 5.334986864894673, 3.2848202382969145, 7.775157904972324, 1.1153393447522781, 5.503608144899693, 3.9908126448171806, 7.453944134924361, 6.020032629524906, 3.3729960752626624, 4.8784825277821, 4.618459063107829, 6.460096461932586, 2.388718043376863, 5.705627484218574, 2.1856085576385227, 2.7391761490379434, 3.14091497787495, 2.27735228625731, 16.491800161199546, 6.067627682217805, 12.881635424895771, 16.324293645271595, -0.00988169326484974, 4.070558951969272, 6.816507719683634, 3.9869449035286304, 15.275703375476066, 5.602434235142449, 3.7588398576637365, 0.6442214377906473, 2.839405168013843, 2.555510441776898, 7.075830917748967, 5.5850632271578675, 4.451416218049842, 5.0282664924431915, 0.3644962909744744, 4.439373094555379, 5.947401886323604, 0.9266403604557649, 9.861055146853516, 4.353224379279025, 4.4208794746658935, 5.284664283998857, 5.1954016623271855, 6.353437171504188, 0.9902793242970195, 4.10167348944858, 2.073865911129888, 14.602769314112317, 9.076833422432877, 5.23277256317343, 3.892662518889011, 4.303903279271972, 7.57408948835855, 4.7387635412649285, 9.454644948843324, 4.457535044260991, 4.536018849197742, 3.920652389230142, 3.257207024339832, 1.0099010881974235, 6.710579943928662, -0.7195268379292149, 1.339312818819602, 5.380343524991044, 5.335907597163726, 6.889638512870675, 2.2134539449944413, 2.640685117668929, 3.9573148961302693, 1.8049819341211648, 4.060721201726862, 5.398967317132254, 4.395251802293285, 8.18208675576159, 3.0159057483455047, -0.42609506887224297, 12.26163111778755, 3.0395032454428437, 2.0486400501195337, 3.9530290287626717, 6.797314154685961, 7.317102253887194, 2.6979693476036757, 5.3951091176822805, 1.6410186422173385, 4.172937624221537, 5.777855660264267, 0.9039138898178289, 4.319455965560711, 2.3299891128621715, 6.242729531163293, 8.376981780539031, 2.023659182977712, 5.964028426578488, 0.2472418260198102, 1.8913940680798056, 5.842787111598386, 5.888632478219017, 10.139320105393642, 12.035135161809094, 9.109762377800092, 6.498307864891949, 4.674327575782677, 5.759849311460948, 2.057068178953405, 2.4146806507282745, 3.4091201225454077, 2.687213405943977, 3.7227389766309935, 14.880640361846774, 6.261827728820022, 4.2728864548740795, 5.7418914037960125, 5.919080040224554, 15.064823264552832, 1.9693224323092655, -2.8678555254750466, 9.114679312455753, 6.684160180320277, 6.37913514823658, 6.921030461907588, 4.171892966843791, 6.426945842154481, 2.086362982055421, -0.14291335714471107, 6.959366561616957, 3.0404022269162887, -1.1410576742085172, 8.293534721117972, 2.414690308686271, 7.765204972729204, 3.177941811540045, 5.6847347626474445, 8.368856819091677, 2.976886522940796, 2.2188177417509576, 4.543437917124857, 3.774260780054321, 6.4577888819902105, 6.343707854030278, 1.5540906823149383, 2.2714329361706422, 17.788786151643716, 3.2684777110732885, 6.389178483906432, 4.904017376226812, 9.538508696928874, 5.691992551557465, 2.3175111073827828, 5.697448015345298, 7.621866407664008, 1.1245674607312468, 13.154537480196897, 4.3631200429706025, 4.503423201720849, 4.397086499856844, 2.5008565336431046, 7.571785891603966, 5.8675525300279885, 2.929482359088006, 4.932518781662966, 10.479501160385038, 6.8838844111595465, 1.2442335192212897, -0.6571734829903624, 5.027279081696377, 1.5226886627754193, 13.205859685573765, 6.319254741181559, 3.774645226737895, 2.884077575700109, 1.0254667282054255, 4.362420337685757, 8.928155055685473, -0.4690444106047342, 2.1067270751452267, 0.5724211506520335, 6.344740079739746, 5.968672570106287, 1.7887078029321377, 9.559560697613058, -1.209386688821419, 3.488183251374278, 5.201053453263688, 1.5804499502617704, 0.9179675805593261, 1.1105015593561913, 2.8155592616618357, -2.2042866715301783, 6.060772653921941, 10.064159665368376, 2.1473307868867657, 1.8183385963022767, 4.822966716893533, 5.547665241895314, 5.4202356253743815, 5.902935857747802, 5.038709238197172, 7.273817411103876, 1.1821323703885336, 16.974379933425965, 10.135978702933727, 8.978828183546325, 1.4808636522726275, 14.027059229062527, 5.480686462431277, 2.6203463275253562, 5.931921001551584, 0.9550821788884124, 4.965052927215836, 14.49165048718138, 11.26886986309847, -3.0230610683044383, 4.179152259073991, 4.4860131303210675, 6.733174198349147, 8.494118205625634, 6.71366022818561, 5.114353629954971, 7.398340635953968, -2.4284858361362156, 2.091207641759268, 9.728031242670298, 1.2445034048723314, 1.2480926953623113, 1.7623606363811517, 2.492482674582287, 6.8994651110491825, 7.64794729498188, 9.48456631583307, 3.3654837776919586, 7.088509333250615, 2.121145456978588, 2.5341147426263335, 7.3131196135641305, 6.924905115745925, 2.119571336782851, 1.1056036282304111, 5.854028367887959, 4.2312956991183865, 2.846634675856969, 8.039765714103778, 6.72334854472659, 3.4638877580219707, 8.141214680686604, 2.173777330863129, 3.654005385884637, 1.9556137038420514, -2.4386613015703777, 9.514865095124573, 2.06224931901556, 2.1640047339592834, 3.5209463239614434, 2.3429858419055067, 16.558240125041667, 8.78238732932188, 5.779850872089252, 5.744525022854298, 5.627692567977129, 6.558858443726409, 7.2941911452301, 5.904226115795903, 6.519724136557495, 1.688358131054755, 0.15807465485011113, 9.115728712456054, 1.988665105806113, 2.2469743054183544, 8.814336731566206, 4.764361158736685, 3.386891699341776, 3.6164283016568737, 14.197670424647184, 5.649036402381618, 4.254705244388952, 7.246382886406709, 1.2443665375716537, 5.0614639925442475, 3.8115737988979013, 4.502690660146474, 7.463098898219684, 1.6705385501037973, 7.440090551307061, 3.3272971877967588, 7.290913756075811, 14.363935538864986, 2.1481963968545448, 3.0169455698694896, 1.7377838744600855, 6.601080191601476, 3.1307986881125927, 6.822277032195532, 7.078075345366701, 2.323421196575381, 3.4153358637743603, 5.756517708276959, 4.716031920478546, 9.914308275196438, 6.9075292857947606, 1.6487536487738148, 2.9533850726038993, 6.496767284134642, 0.3176268164015116, 3.842586666823334, 4.837968254182217, 2.966393408980869, 2.5556361360580255, 7.680748134966755, 5.3825073751627865, 2.059451249813116, 5.678895390530035, 3.634081158274364, 3.870969499140502, 6.889062550754251, 2.3820580941297087, 4.4599496695535885, 4.846588792085526, 2.268512407754772, 3.6331570718084207, 15.89754713616257, 7.5866616708772066, 7.650086358985873, 4.038988703310474, 9.882657598131667, 5.960048421945542, 8.012362846305924, 5.46547144751292, 7.3180499218789405, 5.349776201350742, 5.304313782618422, 1.9178578093437255, 1.9838413859470754, -0.0883624778731006, 4.242988251063582, 4.599495345102873, -0.3356163107588378, 6.297613632083555, 7.296112972304935, 5.322239257474532, 4.277914173388403, 4.816137699085498, 1.5095149569463104, 2.944097614810457, 7.2290703760785515, 9.43227877206481, 2.5387347962615863, 7.007974337457926, 4.225223533921719, -2.619215656134826, 11.513423180638627, 15.252909888213603, 3.880123034889307, 5.384001701471905, 5.062352318332622, 3.6785744170194197, 3.753263047255804, 8.845389478567936, 5.793529326866501, 9.175492828299154, 17.93201044333981, 4.176467225963654, 2.5246744635162512, 9.022105702039763, 6.285410883172709, -5.641482925002359, 1.7600623503941746, -0.1025008065904703, 9.448669596402459, 11.460737320963704, 8.976283964032909, 2.755128189420163, 5.574087626602234, -1.0710405015317075, 2.411730932343124, 0.46541806063018915, 2.6090725714092473, 5.934314735680855, 6.6561129644822135, 7.062645619149697, 6.928096716190347, 6.684490510727555, 7.436057385961427, 4.420003370776244, 8.731343899887031, 10.658840249609094, 15.77592704112978, 8.100241722441025, 6.89696992680467, 1.4577004477363562, 2.279199518317736, 6.951648746245451, 0.7109372005598067, 1.7569904730757082, 2.145528342386034, 6.302153148755083, 3.195422604001194, 1.1446145205105955, 6.465066848888385, 0.8496049050248802, 1.3557253291607168, 3.250279663252805, 7.041514205909927, 3.067471707003343, 6.149276129503721, 11.634944236567575, 1.9668120353009748, 3.3112308174489185, 5.95212583465388, 11.530044639005585, 9.302476633899664, 4.719216998712316, 7.560062674478924, 6.082362298189885, 5.794215889072457, 2.3148567538881735, 8.397395350051006, 5.672609512362496, 2.53296804376294, 6.126697742497757, 1.6697066544836627, 5.2175585881986075]}, {"header": {"parameterCategory": 2, "parameterNumber": 3, "lo1": 6.000198445256149, "la1": 58.999992894266676, "dx": 0.5, "dy": 0.25, "nx": 22, "ny": 24, "refTime": "2024-03-29T03:00:00.000Z"}, "data": [8.980144858085836, 13.436634107054982, 18.39186683024871, 10.853841420385821, 11.564683559588955, 16.58365487873547, 12.39314494830723, 12.139375040377637, 15.082147797935201, 18.263697322026477, 3.851234894084115, 10.629411791248742, 10.999335239151375, 4.522421169563764, 4.512696619013282, 7.473841917646201, 5.84200263538718, 7.953598954416036, 3.583403601832764, 14.258968172585817, 13.430007967127324, 7.493839300167892, 6.415304459426744, 16.742823342083994, 11.561115236476672, 5.34702775109685, 13.717142460349875, 10.185721612223102, 10.11376897576961, 13.507715524167285, 10.821912386295114, 9.722450857848395, 13.997602467147013, 15.026668208140427, 17.747674068213406, 18.647651926169097, 7.110749329230321, 12.121145170524947, 12.128095219166788, 9.109506132827589, 9.718504886536822, 12.147834036108929, 11.298139800201985, 2.050830973017616, 10.656116792297585, 10.536158584031703, 9.264220285948555, 4.107580587248684, 10.455285479782662, 7.443245765934225, 2.786709516943327, 1.3213476291681927, 9.311571353496781, 9.308938735642604, 9.980621604014662, 14.267808418723712, 6.564116933809088, 10.44300711527871, 11.35167810264009, 4.372667229553901, 16.537832691548324, 10.023730374609814, 4.421358531572984, 4.5675514017806, 0.31221022924600567, 7.240269341543648, 9.260171718244699, 13.55281328951159, 9.240285544024461, 8.808575837827567, 10.213130665639346, 10.907683848071798, 8.914020532853932, 9.845410686100175, 5.344488965976069, 11.14374113892395, 7.297239611611116, 7.528778937714847, 6.438991411417514, 11.370124394389315, 10.501393470622617, 8.901957980746381, 10.714281224620805, 9.667135454958881, 11.8767176841292, 10.08955465472735, 10.736849963465945, 12.48882446680687, 7.591457843699707, 11.221523304127267, 3.434880361291859, 11.398712135787981, 8.290816232441093, 7.99380250272803, 10.542396300950154, 7.013257758200323, 6.803307106994515, 17.436979484090788, 11.776767237150583, 12.798794478850223, 11.879261949798469, 6.583681407995914, 4.0977592493935555, 8.94790923874885, 8.880401644572613, 18.443070854880894, 12.250428976540011, 1.0290137999227904, 13.132560527664797, 12.181832153146326, 8.800881809762252, 12.48987954108398, 7.058586271936131, 10.1641759160372, 18.89695917251393, 15.392092608579226, 12.047887140022262, 14.097022603276864, 6.800306139993808, 10.292162594371941, 11.8651180512151, 9.505038904096814, 11.111399771547148, 7.896242838684292, 5.563320949792373, 6.641477315209855, 7.294001500358695, 12.963295215505395, 9.428177624911308, 2.5109307079788272, 11.078609897479831, 5.99758502704487, 12.553708823437729, 16.45900038457388, 9.962887280201437, 11.668637859974268, 10.378881657159482, 9.832411334929168, 17.39958361758921, 17.372311853172533, 17.903246244468548, 4.607950500764778, 11.807640451532688, 8.405758766963002, 15.16151055512486, 1.7353235178646411, 17.377259789915655, 19.26777818985719, 6.853582402295004, 18.78898956261189, 7.410301940901771, 15.201432977091347, 10.325614970402055, 10.815682951228485, 6.881523161478227, 4.344424485912906, 10.341768465253656, 15.194853693051897, 9.950387093828494, 10.88269439042129, 7.084338917882485, 12.090586757225045, 16.395182473053953, 6.4641036748612475, 17.75212878174691, 15.265086615527517, 11.365619479408759, 12.463403517832718, 14.355195589870041, 9.94590209115002, 13.561192987452731, 17.1324318907361, 7.411726661149825, 12.003687832210192, 12.161119875443585, 4.046793630846295, 12.272448888272741, 10.935619185079677, 11.08787207117356, 8.939634204040377, 9.019726347345038, 17.25225271948268, 12.383408128489034, 11.53836839665328, 17.63547813273842, 13.11987963142354, 10.031487434206463, 7.003576852841625, 6.448733424550021, 11.147065372410875, 5.974604873154416, 14.481306683083137, 16.713562598950446, 9.180909159643264, 14.439760597158953, 16.82323483742195, 11.856708367304007, 8.947405378438345, 4.282677997390841, 10.884713003872012, 5.731654537978156, 9.413081640479104, 12.018459894573141, 5.17492937874145, 9.507113667230994, 6.0470288764585955, 5.581685106996966, 7.057469427993932, 11.616575833613664, 15.713731712271091, 3.797883169436231, 11.735624867412131, 12.781294988196597, 8.302831113706603, 10.720847351815282, 12.125283097973064, 5.506401802574825, 5.22213337696363, 7.2407804003536, 17.844256912102217, 5.684306275173733, 0.7759891590231107, 11.616855851681207, 10.678928122388095, 3.9289653562038542, 11.1880832319097, 8.816664076450905, 12.438807352345005, 19.1968967800641, 9.651098243390319, 11.86685576011734, 13.80521456365194, 10.634417665189902, 15.587469337789782, 13.335691401227422, 9.73115685467997, 11.054611413356987, 9.763603447375393, 9.91720033023332, 5.809363957811706, 12.056734646011744, 12.247007733222514, 11.020056559020915, 12.933179471799095, 12.21534873678755, 3.6126114794347366, 8.43571683223126, 10.999001184499425, 11.85533871704136, 6.010604959714827, 15.294098083631736, 7.067649147893031, 4.814624895873054, 4.121898468507323, 6.892075343977739, 9.932240964096156, 11.29142436581664, 2.814496089701003, 10.594214352830058, 7.164859703200628, 18.54961679923578, 17.534114763247338, 19.172046395897226, 10.958502792351512, 9.697334519646486, 8.17533735855882, 15.75449977306639, 18.067539177550227, 8.887352743512569, 13.964711537268565, 6.288402366484649, 10.726593647343366, 10.627578822040897, 12.903022705260659, 3.9906026386707723, 12.127994204699888, 16.26822713952, 11.863233181490592, 10.047083102458284, 15.707797946912244, 12.462948276291566, 12.835909926519324, 9.409874053808528, 12.677543605459142, 8.693668000685332, 5.467648905289949, 11.049911421306993, 12.750077502872005, 9.213487355928258, 10.1886330687911, 4.691359798016224, 11.829320909350848, 13.845636350571649, 10.599018676766413, 6.929008762464417, 12.26417724404732, 3.3687207328959436, 6.28848937416906, 10.214109882761457, 10.599740192822338, 12.874333754177977, 6.808122199913444, 7.161486900574747, 5.338185047735656, 18.226048390111316, 10.58206735690165, 12.992362224273867, 6.508331015330614, 9.029489114742706, 3.4484502671871375, 12.75626870345162, 6.716445869332556, 6.303254314959198, 13.819835571797146, 12.117163517847239, 10.256535901008512, 7.938645181060951, 6.375118422270205, 12.844784114859342, 11.001729427446728, 16.889287124258363, 16.590182531737224, 2.757091772609554, 2.351600539564353, 4.135043328168936, 6.743277808222563, 3.5035342785897874, 6.161763337733526, 15.175650600378082, 5.822992524489835, 10.511358185328522, 12.746452067668558, 11.656018762699862, 18.318419322556075, 9.982236512550841, 8.269557175694597, 4.489311496245145, 12.804814480488501, 4.246743586987198, 12.206455488220719, 11.250971646363334, 12.60907750363037, 10.933381294815193, 3.973249499006983, 9.918365250577507, 6.757082275542875, 9.583971877425768, 11.855812123327103, 9.771122698906458, 3.09770716653377, 15.48812092662459, 0.20278486609893898, 11.80061784101785, 8.13661921388786, 10.332704772539469, 6.3952824283116705, 2.7837687892428495, 11.581024546247342, 10.5713420466244, 8.713365307788148, 11.770359388012169, 5.615210232247553, 3.8287655862978753, 17.663142122257543, 7.220737046836157, 5.240802464546239, 7.246283869062898, 3.2625524862767907, 6.013700192523671, 11.48437672919629, 11.895832618911387, 14.01820696747955, 3.3236855976623314, 12.07680028240048, 11.015474916004445, 9.657790557820114, 17.703589663091833, 9.684350091713128, 10.62084161624614, 4.086508924241517, 10.005185602531766, 12.890830800297305, 10.861927569683838, 13.348105517713392, 17.680359388998774, 6.772254210152234, 17.372481188662427, 1.7344260356817323, 11.666465712190814, 2.4395256279940836, 12.63650024610926, 10.84341169680219, 4.709572240487105, 12.018224079732597, 17.286580948633727, 15.326391864768276, 7.276609436830188, 11.850684782924493, 5.821001103622404, 9.735154921980063, 11.085370059267355, 11.491071926536387, 17.976146134442658, 8.49316503021364, 12.350000261933715, 13.225242411527955, 11.733825942644694, 11.826098113038558, 5.290825089405758, 15.020900942913617, 11.569614281640908, 4.8226615018465475, 14.854656696132519, 11.833614985060507, 10.684455035915333, 10.262942318997737, 12.399649719051089, 16.86903642930775, 12.593414678643644, 16.55582370910041, 12.454601213946908, 11.656749701422465, 16.868165711679236, 12.308034534005703, 10.302976845102439, 9.661029535342529, 6.517394505156136, 8.576492331735862, 9.496738059167333, 16.98604805739078, 4.527879537562039, 10.761786819315859, 6.167657058701766, 6.61126731875374, 9.851300675264737, 12.720852565279577, 6.987925561252951, 11.324931446201674, 11.670991261190192, 11.565951967164807, 10.748483016176706, 7.750380243393903, 13.506943126900014, 7.490506648438721, 2.7214703618935085, 9.86835734823926, 9.149881242028405, 17.563771540296298, 13.087539935248602, 13.079502207382472, 3.4762217608833668, 3.866226256445969, 11.992723026020746, 12.499747456774204, 12.424243954556395, 12.387773379423106, 10.813756106033393, 2.7077466397730636, 14.482229503528465, 4.617503061437608, 6.93786318100329, 14.385710302695097, 8.087945722549485, 7.650333487967613, 13.458457744046173, 4.215542587012569, 6.299499889222159, 6.259065345930697, 11.389183696817247, 8.791922048326555, 13.324569083039295, 6.0786689456325576, 10.077048596634107, 10.801031334728366, 2.637366733705543, 6.6675673517812655, 11.776411990403258, 18.26107058493207, 17.692228930558944, 7.659219026145099, 12.090113722222453, 9.936759569645249, 17.970955417476944, 7.554107045602773, 10.523583241354116, 4.715672327790888, 8.497426679630202, 8.599476646644579, 7.85676247871721, 10.87046960646527, 6.799539441654121, 7.083056180664236, 4.3796794348728, 12.040684337593243, 1.1736916723884683, 9.547911956591568, 14.47592989677443, 2.9323890758384916, 16.088495526931588, 10.610154031907658, 12.500145901056454, 11.054885156029878, 13.072301694929145, 16.24774508627512, 10.284415383324168, 13.001778752812386, 10.047818837666748, 11.745568300941192, 3.5634257354884404, 7.44288203562305, 6.444977218527552, 10.366892759565738, 9.82308416673622, 13.390432010522021, 4.957849706619786, 4.987185657685205, 9.407017528934839, 3.8901097694706968, 11.179223235579203, 8.197590048063395, 9.236100240507529, 9.296214824152116, 8.41111236223392, 9.803237816286329, 11.556602063288341, 8.11094275062301, 17.002175947277426, 18.746338759581313]}]