script/wind50m.json
{"header": {"parameterCategory": 2, "parameterNumber": 2, "lo1": 6.000198445256149, "la1": 58.999992894266676, "dx": 0.5, "dy": 0.25, "nx": 22, "ny": 24, "refTime": "2024-02-24T09:00:00.000Z"}, "data":
[rows 0 to 23 of 24, columns 0 to 21 of 22]
4.04081778666492,1.7697369850808198,-0.9889240430406643,0.9712269415771834,-0.10470818404456919,0.9891414271949878,0.7957443062610988,-0.6458653419418537,0.86677311214828,-2.252466558673131,-1.4445672855693352,-1.5455341264918874,-1.8815516420953038,-2.005033288940612,-0.5278707977560956,-5.255530292405697,-4.492981757700574,-0.857363937788494,-2.4204764595203514,-0.3218072937621977,0.255230118866984,1.0478786099473254
4.253771336103125,2.0154164128920744,0.34933593706447486,0.10970527374790823,0.8530203936363443,0.3386284162396348,-0.5513994654117813,-0.0011165269699389012,-1.4520776666951554,-1.4423141747642674,0.9827770121074219,-1.8997976091094597,1.360782906639155,-1.5584758397867522,-0.23421339939491245,-3.4610247122820814,-2.551280124693306,-1.6978575166378937,0.5884765469237211,0.07958126993988356,1.428106510370215,1.3152775250143212
2.139237350742876,2.676753304482731,0.17633094899810461,-0.5318231217570162,1.183878616599831,-0.01558317245189038,2.0998113794271966,0.20914218826749856,2.2315772532706974,0.6943418240417,-1.2651925880267993,-0.3735251783169232,-2.9366062991394286,-3.8534236289106807,-0.7255302614298282,-1.746030355520193,-2.052726461166011,0.2524222292402719,-0.9204109250767352,-2.153761572862002,0.6489605434597849,2.8047655741378965
2.547347302214213,1.595101105876619,0.46974408477323215,0.8459809804833877,2.2337291576022236,3.0974747933212257,0.13622711301216717,-0.6778053453430495,-0.9899458567923075,1.2876801055035725,-1.899186124236926,-1.2450568495375707,-1.7172822894303363,-2.2612435472277217,-1.7170993765402847,-1.9201324021511026,-2.741327950197639,-0.6699341521679002,-3.2042030857059474,-0.0653155778362318,-0.5899442159589593,-0.6893793125072587
3.0912163471360117,2.4227475612692015,0.6365463803934528,2.3712837131791873,1.6216808637688063,0.30648530237801336,1.2923346197239265,1.838015091089217,1.5611697942983318,-1.9445203302533336,-1.8835822468562213,-3.189522783523819,-4.369352097613021,-1.9844300480694843,-2.4625848997276716,-2.4488276652075904,-1.6905116998193628,-2.0802529730963384,-2.0205052333587594,-1.2929776061064489,-1.0132808439178014,1.1385675197722493
2.585383649353503,1.7202166021739886,0.9399623260479004,4.4526241959593404,0.03679557573529422,-0.06571949077515518,1.533357202747714,-0.14179001490284474,-2.5585903421693956,-1.915644594165524,-0.43812614047408593,-1.7947997172398278,-2.023849788216898,-2.8273337615184837,-1.9793404012667113,-2.4782128662434273,-0.9279295101748566,-0.9280981285338501,-0.44951070655114866,-1.9938374490500002,-0.9533102243243934,-2.6690632481669083
4.213622682971759,2.7580347400633736,0.7340623484680733,1.32713880051925,0.07078958388648389,-1.283362036615271,0.7991036983812063,-0.12645798828261312,1.3749737837527805,2.0039631637835913,0.33118512955187707,0.681547129786984,0.4331581766165446,-2.9165641762871197,-1.1838218642304301,-4.160934889072296,-0.0629383668459965,-1.995067060888886,-0.9872231784516412,-1.7145367409842462,0.024283713299583835,1.1606344009427267
2.320511576426731,3.1660373431278934,-0.006924011508060202,0.29303743292943557,0.2559673890564524,2.4567540253726223,0.6755215410042738,1.940243150138485,-2.715673994713276,-1.1222862209534525,-1.131382615179857,-1.1935453408257637,-2.747118064106681,-2.5437831691412107,-0.6163095700781809,-1.4005477197498206,-0.3788940072705082,-3.583806389787679,-0.7356229917446548,-1.017900639870609,-1.3672168090044878,-0.4284862453151678
2.5783191676137425,2.0330737835015604,-0.48799109947273545,0.0354337720412193,2.033503348384553,0.4362098698181153,2.1266917755955257,0.1411933904028156,1.1657649031326367,-0.6821158512720306,-0.41462207000304013,-2.3945784889355037,-2.647994087969756,-1.1836793459007173,-2.8654879943559184,-1.8810745692586794,-0.630127844329475,-2.891561672152859,-0.6023778121947224,-1.5809829538776694,-1.6487909604615087,2.1011773609287467
2.0172872872159657,1.3002262457734908,-0.7738898354689473,-0.7768311946235816,3.0605204570923132,0.19083570550202236,-0.06517202525427508,-0.5140165323778476,-0.8499079167098058,0.24396123482474263,0.4608592689036224,-2.209727562870281,-1.5655523311965196,-4.693700688823273,-1.6931062371702479,-2.3416536756208544,-1.8418351716115795,-0.035780256409987214,-3.3124296883432747,0.34388125634693545,0.4832128677259602,-0.1749073818306431
3.758200389066549,1.7800161640961176,-0.9708996629253888,-0.010507711658135013,0.1515565504718665,-1.0439957060010698,-0.4248747730067111,0.0042968673181754255,1.2634159329737367,1.205187310254185,-2.1368420714240646,0.9156144479879746,-0.15401471948373166,-2.489644223857111,-1.873933879987205,-3.170056213141911,-3.2952165660093344,-1.7253777045018384,-0.786012062486148,-1.5447100028443155,0.5364442882617756,1.5178191267806649
2.8619730770849903,1.608896434777969,-0.3751910082650286,-0.07928230051825005,-0.9703625070739442,-0.09597374891935506,2.26607949269883,0.048812395281119296,0.0439962521309808,-2.1361553909344697,-1.8098464072927136,-2.581920397136756,-1.430196640651131,-2.126420430111029,-1.117464217861119,-5.412974786120237,-0.3777260993548366,-2.0919782501749102,-2.110196442556603,-2.45028849601581,-1.674685658221509,0.6836590512885059
3.3481381350900947,-1.397623818057248,1.7827788748567073,-0.44828103229532157,0.8567105795584158,0.1113904302789025,-1.0252503990690214,2.324563194782612,0.7561770958901425,0.03761190409777619,0.4092945395158233,-2.1881182682328366,-1.9897795751723513,-2.2120311409312223,-1.2581471660536723,-3.5390947800437873,-1.0152836321315852,-2.1761442740029993,-0.5639737714361458,0.9593151311667563,-1.0671174379911836,1.3815833796759849
3.3436910938980646,-0.7065023852220857,0.6296641281381141,1.2678031815628645,1.2169563891575321,1.615344440111601,-0.011637284674549149,-0.5483362162280775,0.12448814956619353,-2.0620751412565603,-2.7690651502101358,1.1528772286705289,-0.8175563737824378,-3.0208780518939435,-1.9500100618979896,-2.5534277564945502,-1.2291972311808037,-2.053170712092614,-1.392325271044321,0.00509299157213459,0.8568220100492274,0.45741596567842924
4.538121845474923,-0.4825225186109054,0.26305607437493783,4.557341355275908,2.501651126883562,3.141283084326969,1.9096056061972353,1.6736922497353348,0.2359460124736139,-2.042143332205983,-1.4705482589470904,-0.8913365430069078,-1.791980166106166,-1.8943188791307781,-1.5112821087367618,-3.4819700380980656,-2.645467606377502,-1.7369046711402807,-0.059922087589678166,-1.0336505435409467,0.9367208188314111,-0.21846537256280674
1.9214297447634932,0.8785375785118407,1.0118120633163727,0.2303901304148149,0.004542147885984343,0.4395400958054171,0.20588601776680465,0.07148727146650269,0.7493092141702746,1.3538497817042547,-2.7156820631136083,-1.716628508766418,-0.15095361514951883,-2.8704305348132473,-0.3242018244343262,-4.2042473740869255,-2.3838739824292667,-0.6225380501153881,-1.6672995664418888,0.36519597744643023,1.0778088316386498,2.2198366467988757
4.457468786363825,2.447599987739588,0.8671190799751285,0.4570685854994551,-0.3268544017211445,-0.4920697892133766,0.6343675442160397,0.1528630828175687,0.31531249376753756,-0.8349090119670358,-1.584664587519857,-2.202773005029517,-1.6950017109407824,-4.460351812893419,-0.9085693926254227,-1.891383523489249,-3.2533619408599854,1.3408975900423161,-0.422899821284545,-0.9587929988805485,-0.44892902137256163,-0.2938196015489912
3.3458790232536324,1.5321410346749849,-0.1068138833999109,-0.4531944882592601,0.7296931345893405,-0.4161062539371815,0.41854695961668414,2.0245208359518423,1.075644513946013,0.19444114271761098,0.31428635762526486,1.2396174832471454,-1.7131960792021388,-4.400379744746329,-0.8292168183905759,-0.6093306969465736,-1.0652802641306345,-3.229500369416431,-0.8032762469888084,-0.9478565055201351,-3.1896367147634463,2.84517548576864
3.0951037106888175,0.8820137342835253,0.842242390645449,-1.1540374781423193,1.8450115537602325,-0.2129558281286733,0.19182592966576215,-0.046126907503944596,-0.9631419406120885,-1.6710063175127061,-0.6699307122155028,-2.240682839283794,-1.7789955282458534,-0.8679922163939402,-1.3193191833252436,-2.203859867344678,0.7047177219785834,-1.5988655401879732,0.2582969370867397,-1.8283524956445483,-0.6003932462470443,-2.3328795614352633
2.4477175354034193,0.6637595809811121,1.251371294149813,0.4180778784595584,3.926266926088944,0.21824411182679523,-0.5637603179594258,1.5425133945525655,1.3455674480158781,-1.72244202967491,-2.1259020795739736,-1.3886123113070614,-2.048249787320098,-1.4215805460421174,-2.6173848578461745,-1.611568721502357,-1.000682352081346,-2.15498710352026,-2.230858335564105,-0.5388504040923682,0.2291805728214312,1.7154721591079873
3.631581505254814,-0.364062034863458,1.7523045343783763,-0.428471273296934,0.7316527224543531,-0.34808640044067546,2.160082421093389,-0.2649210398084926,1.2282329310582174,1.1556182328600473,0.12385311146682842,0.6337313899280085,-0.5611249572317353,-1.0109260875989388,-2.2025700717060768,-0.7298814296724909,-2.905270786323186,-0.6508480265186981,-0.4295876380412477,-2.3230949839809925,1.765906493370545,-0.7115656262716331
1.96382727555904,-1.5319715080524594,1.8155005054234132,0.7477821993744717,0.7955068829161246,3.581934377507896,0.29654658411857526,0.7182613006342331,-0.3929463944643828,-0.9553617818840658,0.13570537221758716,-1.6307261666365742,-1.9153593325602762,-2.9733182446754483,-2.1286677240730327,-2.774093817265587,-0.7151955348489443,0.5313040515553794,-0.5098465846925131,-0.6892565492491347,-0.6311572883455083,2.3081822901786873
3.3135082381601455,-0.818176365452683,0.2265648948773098,0.35157037495932764,-0.4348020144067746,-0.16865031523483498,0.20850318761891454,1.722752657547926,0.2669495193890446,1.217195366779556,-0.9454884965906674,-2.5297672736708483,-2.365351484864004,-2.8194440241642313,-1.9472641765746441,-2.2184569037710307,-3.026297785204895,-1.6411849217392165,0.21030351160106198,0.033742739901898404,-0.9978138323387158,-2.6984356666397646
2.451836821569654,-0.9594351870343841,-1.1830312536055083,0.3801446346401841,-1.0403414604070687,1.059517518766006,0.7422698241277376,-0.19325249806652814,0.09577021402736399,-0.8044777091114244,-0.06317480223433264,-1.9637814225587547,-1.5481911864065165,-4.705856650924618,-2.0299487312077686,-1.7561849432627488,-1.5070492962707538,-0.06433674771665795,-2.144710342598872,0.16033580863614888,-0.7206724226179988,0.7695011322877522
