script/wind250m.json
{"header": {"parameterCategory": 2, "parameterNumber": 2, "lo1": 3.000054539987559, "la1": 64.9999836372058, "dx": 0.5, "dy": 0.25, "nx": 34, "ny": 52, "refTime": "2026-05-12T02:00:00.000Z"}, "data":
[rows 0 to 24 of 52, columns 0 to 33 of 34]
5.745882101015154,6.948287362736576,7.348608178677022,4.680436308072609,4.112211461159635,4.970008555527416,5.366804695659107,5.663352433602798,6.4380480386478345,5.051054130469693,4.364752256833168,4.330973010202587,6.0403526445302065,4.740536183109751,4.388325494979285,4.068568786741419,2.034524705484803,1.0225485698519112,0.20858339391156258,3.1834526694109804,2.6797030434876263,1.2184918033156673,3.6779141695786453,6.291408402857462,5.977531703866578,4.735512396570742,1.75718852458364,4.551936695282755,4.43089245314244,4.560124526942152,4.272334819486571,4.750190637917764,6.495061408485102,6.0816505414389725
4.359148449575987,5.835050491430247,6.7956601152225025,6.462453433841788,6.093909160673659,4.737773770698313,4.880033416962883,4.929014271353301,5.292035243388129,5.225660119253791,4.25458413404036,4.3151448250643725,3.821857980020873,4.62624717808639,4.989041567728774,2.613997370037092,2.1843823349337192,0.6219932084777755,2.5043646805454705,3.511874835235973,0.03193933402448316,1.5486178439854705,1.3077320889532726,5.396311074329102,4.606832773677162,5.0084582008254594,3.4561248929644597,2.8029421531149716,2.7753211899346852,2.795460606935281,2.9136335569937746,2.7562330712526877,2.2361553996783226,4.287184659181606
4.733055063225676,4.747660197312722,5.574411334203879,6.202623050279748,6.069135488548437,5.638143290033711,4.671396807565034,5.9292124296034,5.487774712708656,4.732457105345569,5.1825102414153905,5.970823584816781,3.861893112747099,4.284912228776659,3.8626823222952065,3.793184541661749,3.5877270920586084,-0.2872240777697811,-1.6746255469175766,0.08352869174866807,1.2956829902657931,1.4281436090839215,1.5643653230895584,3.265057665143237,3.9743987271503407,2.812852447656521,2.8190663156027638,2.2048594040568315,0.39634102808456323,0.8885802657827541,0.12616493381887203,0.5914836606385077,-0.22076587730880115,1.0080595325278374
4.482897767117024,4.540917146011295,4.720856067168705,5.785028820024362,5.642085656006684,6.017636555302209,4.199762080352819,5.302906839371644,5.309775253454529,4.183849680058967,4.061725627634992,5.035289053180933,4.708351476884055,5.504617318055637,4.269649505742222,4.581003255464196,1.0690258891181554,0.05105280976396136,1.2587070993169989,0.3801074247698819,1.24460873480443,1.8431384903839234,2.909632375834441,2.2358859494714833,2.4391511287136134,2.4399073729868572,2.526803333382297,0.6569695974831298,-0.5442492668651676,-0.19143393886537258,0.11396108935336932,-0.5366619839803463,0.22677581674307065,0.4180572679452241
4.124587220359552,4.064576317024582,4.6415390147994025,4.979577754162485,4.857256793551057,4.96158364070648,4.9568680336605135,4.580204558342049,3.946655256482028,3.8031899852483084,5.123823294238188,4.937663243021021,6.768849479964581,5.2131934194863,3.4667445077480763,1.1715455147926714,-0.01720825656226115,-0.02374165562785313,-0.6360875633434444,1.9193628506927691,2.7104566301702055,4.221992002711968,0.9847936497264828,2.414976853357817,1.0272919309415787,0.36331650180655695,1.3206419309219355,0.1241757299455216,0.9585807912574434,-0.09595676902053908,-1.064753259132551,0.33381080491552173,-0.03426929714090413,0.5973453885663985
3.803697166452613,3.9283391291418805,4.657781815292918,4.997717243669273,4.168578791851019,4.277454918126621,2.835309275881304,3.1993180284163643,2.836873319287395,4.484564490482651,4.552520885003805,4.759803590475475,7.115147636580739,4.639222746647369,2.4750929183035204,-0.14318973292945675,0.6597691684769726,0.8684257533833954,0.965096429138212,-0.10063614298139403,-0.31473665439041437,2.0039134035463793,2.5097069471444584,0.6916902717649445,0.15651077571654823,-0.5562536325143874,-0.5391760548317137,0.39722129224986724,-0.2079086317275711,-0.5246968227531504,-1.435729459849156,-0.39168934940070693,0.668575496297548,-0.9497317708132484
3.5244740811853226,3.441379759495581,4.4528094950089905,4.428681383733473,3.5245164251252685,2.4293207979817106,2.6934545888457633,2.4042989827816292,3.3472622885409034,3.7524722345436787,4.446659058001625,5.5157461958475125,3.758885627682381,1.0494365583349237,-0.36105485244786417,1.3655735224413745,1.0114524398248939,1.2869406139832653,0.2809770379029949,-0.8533883713344071,0.13877158699392791,0.42139920694838595,0.06347435217077,-1.9719146335870845,-1.7191483561962055,-2.536166971877834,-1.2491151177529276,-0.43327739877920995,-1.7485487937943673,-2.7781851290547013,-2.6357786380789556,-0.09937891062366022,0.20614318537120618,0.08959639188297495
3.500881739773954,3.669933520144864,4.670771672869965,3.8856516292584327,3.0142488781919257,2.9102896535126344,2.633501063129417,2.660855066200532,3.7033181019870285,4.75396650914077,5.268676777644129,1.200303489192419,1.5925867938207796,1.9814861161564394,-0.21388228446523325,2.286097940215294,-0.6119868202530212,0.9394256922355341,0.4320679494699761,-0.37984754486099526,-0.5564934022305784,-1.5879551314226983,-1.6694376611802766,-3.402866122869394,-3.1903351763160557,-3.140573145387161,-2.0016546028397473,-1.3539373981422105,-2.5451660065104647,-3.0454586006167323,-1.1382377488442066,0.3838282530348953,0.6466154546099162,0.2662632201571704
3.2133336123527836,3.468268257598391,3.983117709503595,3.6120515197611978,1.8660665703883985,2.37589794460195,2.863916021655346,4.319120089744097,5.087596143628546,5.475188222713899,3.1650526028072448,1.1878901805527997,2.0012228428481946,1.7332519167489788,1.9736205284063026,0.4963684018347344,0.4628816049583769,1.5686337240103532,-0.4295955732674691,-0.012156916406397864,1.1114475587571064,-1.4568808047717843,-1.9389722118301573,-3.8642661942959085,-3.374678366645736,-2.7381479922111356,-3.0610006143596173,-2.812436421746596,-1.2702151823393772,-0.9807379711089599,0.17109404781664067,0.6351490178854742,0.5644465871489297,-0.8777770360155704
2.9001813633678326,3.678433652390088,3.7686171790490666,2.706075397529155,1.48534471713342,1.698330893415443,3.576836098854186,4.707442167351832,2.6014791689399885,1.3425827033613478,0.015462470522547933,0.6581412725076303,2.873304689075872,2.788920593300639,2.5794314768624527,2.5265932418545454,0.1035658582055713,-0.13886432595567572,-0.5149696720902623,-1.157429293729132,-2.5178560702162245,-3.1348816767841132,-4.739049920712897,-4.961882623478008,-4.596618074276111,-3.066543587655382,-3.8294220133510106,-3.6853476125118427,-4.199809396926048,0.1926770366794985,0.49019272557583576,0.31982414065915865,-0.26300675824713377,-2.076728290196027
2.96406372208656,3.8122421169917744,3.962863617057374,2.8876933222006245,2.0102993840832037,3.0751179688758805,2.7721409123895326,1.5949575740263693,2.72764331617839,0.24901756682449816,3.950763811641551,-0.9298142921601661,3.4410577894249723,4.103699968932132,2.3777171425533665,-0.013280135197002678,-0.2544889625802417,-0.4953028830821691,-0.36769272519016205,-1.1831222934424634,-3.567654442776768,-6.312795471432365,-3.3293102901946012,-4.07343011426853,-3.6266102288543713,-4.269487864475175,-2.8859097939080813,-6.099647235544674,-0.6208316457924535,-0.6082176507666199,-0.852405853158502,-1.872690062909737,-2.995664538849645,-4.315745181189282
2.8905302640684205,3.76199898554724,3.674100485812788,3.313382383339697,1.6931302841122169,0.9028684163856133,0.5382777878562626,-0.9681818989899981,-0.3115132587566537,2.469580170469335,0.7236991960123427,2.5337318301135405,1.4519565540184631,1.2590882839947193,1.136551546568528,0.45551623477658787,0.35054213730288153,0.5998951421741154,0.07957130412796354,-2.100971962852202,-2.7419305330618458,-3.525209835858039,-4.733364926108259,-3.857203159394915,-5.160548640885452,-6.083820685684942,-6.272865795030296,-2.9581215908830054,-0.9822991656334401,-1.3841379617190233,-3.214928037898659,-3.2604651443397965,-3.653146819565665,-1.6232704121023347
2.937606886036891,3.5701827284948346,4.454996155420204,2.604928632953542,2.2429612057955186,1.0012294574647358,0.6733955186058426,0.03577366977665147,0.2552273540389424,-0.2372390849484494,1.4195211394687808,2.314752980575506,1.2198905714746333,1.6225139216820974,0.5295642138826475,0.4205936057622182,0.49320606953856044,-0.5868789894527767,-1.9944376434712197,-3.273193279404071,-4.1319836150616664,-4.963860699228062,-4.385388324293843,-5.5117913184051,-4.772694213146917,-5.806614244720848,-4.68906661921842,-2.8226916222066185,-2.810632695048751,-2.5992763608261304,-3.421981632517073,-2.534564929712134,-1.6682571194715343,-1.84499873637739
2.8135253380077248,3.2488688114610347,3.5383028011119193,2.26241101432222,0.43913766663177306,1.3554672392251201,1.600208195368791,0.47062213491410415,-0.383180681943185,2.292410595747794,2.650891195036594,2.6854635861324607,0.33651210677919324,0.3577698027019748,-0.3995347657465265,0.08998868435891103,-1.0907828652935265,-3.5983029190035287,-2.6652478471278602,-4.334442990313407,-2.683457431485087,-5.737679378613918,-5.512560023799373,-6.127580427594225,-5.712012105025349,-3.285948264097386,-1.0082332617700251,-1.4494161508685335,-3.1585195695676758,-3.7553981602583977,-1.620493206954373,-2.0043773950126185,-2.6569334814387,-2.809757394585817
2.6979540459645897,2.8101771387221564,3.123070750511017,3.041207578023653,-0.784357115874557,-1.1676927719551256,-0.9522132982415545,0.6864919586113982,0.13424416493056204,0.13003151911235983,0.4618536947421513,1.2198499502558326,-0.479259172695253,0.33105700782132164,0.5751695681983053,-0.5214518903080176,0.35006951857046587,-1.2612148059715027,-4.897240327883679,-5.727756465093822,-2.803952731307274,-8.37388817589982,-6.987773297175599,-6.184097736278247,-3.854975697836677,-3.137197718355244,-3.8484855475533557,-3.8741407223180633,-4.479948962337018,-1.521933055208746,-2.691926526205569,-4.026768745929811,-4.4903097571128745,-4.557575583872595
2.5968641595208575,2.895013562817246,2.5158699035052052,3.1037817215693377,-1.7053551247115297,-1.697039639179834,-0.9430516675234266,0.02009489632298795,0.4054714835722909,-0.09598920798624466,0.47016392448934546,-0.13970864980492184,-0.6917373228839244,-1.3359020220951021,1.2805610456325318,-2.378888792117855,-1.820827894241157,-3.529225824841053,-6.847824956558901,-6.176898461019323,-2.833050428563048,-6.496635959058775,-4.242914698960543,-3.5358769275144537,-2.663050954310983,-3.8162408210354455,-4.322753648420067,-4.495627273810908,-2.0413747696723172,-2.4772988720765277,-4.339768034461593,-6.544526630151536,-4.858812824800601,-5.695359071796191
2.9909777040451604,2.792914927205676,2.352085817475892,2.730390012386944,0.447013530839379,0.0911593143125686,0.9263116032178546,-0.8496648362319201,-0.23954922240800972,0.06465004346738507,0.948438453554554,-0.4300408498635709,0.07390318941154757,-0.37694996687542864,0.8982243298601881,4.080077954293274,-5.033716458900435,-1.8615798578255338,-6.301852824188715,-5.4491687244675395,-3.731372416010315,-1.2249258901201032,-3.1544689306773885,-4.145170455743592,-6.31085128672748,-4.8173176598770695,-4.383928992911393,-3.34743142238301,-3.156962969565205,-3.3517029404936385,-5.102545949669618,-5.681720817255559,-6.173138749834737,-6.6562827694802245
3.3229647623383842,2.007826551607061,2.0351166654860644,1.2132187291305758,0.3199627711685565,-2.0140420322919677,-0.44667535126037017,-0.9387596687639246,-0.18287626278792918,-0.11025371668386975,0.685128398675094,0.04008513472847045,-1.2740915698975948,0.7463072193112168,0.309955928439181,-2.5622012037912936,0.12053139950188589,-1.6736635335130543,-5.721564388974497,-3.8794494871709624,-3.205689693716629,-3.412481157068954,-4.6022424455019095,-6.084181804075712,-4.360812880162968,-3.420332639539198,-3.397429820200548,-3.629501193868462,-4.000241662403527,-6.033503850805398,-5.8603929645468815,-5.606836293644236,-7.368795482724766,-6.842390698498986
3.1510789220772373,1.5088463255648703,1.7488896367954154,0.2622483392766408,0.5612688095499285,-0.9729849467137845,-0.88820643793847,-1.075154911933473,-2.7233822536497625,0.3782956519569214,1.3717308776366675,-0.2131053627538199,0.3106955790870627,-0.35438842244208296,4.429221985513715,-3.64677896420876,-3.680193002353112,-5.540283510924555,-2.691988381489677,-3.722399934729125,-2.7494533011167137,-5.504533357934507,-4.8765381599358095,-3.9952915303888736,-3.4381838296419285,-2.9836033868500227,-4.7484920778021396,-3.4006163535780694,-4.581525881115816,-5.689896223297746,-6.64233204034457,-6.45348243387113,-7.066094415816476,-7.648535657481638
2.8653218804248124,1.3394927145627016,1.2910984703725767,0.6052572442936898,0.17604513648232872,-1.0173366038241838,-0.3866890403256748,-0.40411925582605457,-1.4380767290701577,-2.46331123418527,-2.185296874706699,-0.3731153187729893,1.7107850308940757,-2.583394983040712,-0.6874523705405696,-1.2447162340136544,-3.1711536542022083,-5.063022851650007,-2.2028042223745974,-4.226730329988923,-3.249539827287256,-4.109918901857631,-6.727879511046305,-4.297377699744761,-3.289003961327686,-3.6516620024788544,-3.1075247540680895,-3.778805172950391,-4.252338317012784,-5.252606709635415,-5.303285333693268,-7.05662742752693,-7.696564320525391,-10.12775543526839
2.9927479221805644,1.6472357837431044,1.1048873293833037,0.684321734123959,0.5629369608516257,0.22179144347949672,-0.6403788603065782,0.1686509588122427,-2.7110484039896665,-1.668135156781907,-2.1090148523426144,-0.9780366030663572,-1.8807755619066913,0.5969685038070224,-0.9317064841465792,-4.160795790342825,-3.1005477696582266,-5.041150312422305,-5.377659498644818,-4.855580832722337,-4.128610689953859,-3.70755758915405,-7.263068636320559,-5.416136478628935,-4.8678584707874695,-3.7277457512103034,-4.559360137697581,-3.6756763881154844,-3.117499282546823,-5.223048712576031,-5.318171497955515,-6.25446721577773,-8.691433023621782,-10.29757532546041
2.8414315929274228,1.766619251995025,1.228201003513708,1.0286230326349164,0.8682748787524678,-1.6889534275144311,-0.31739014435905283,-1.0122893224438132,1.1571289796574928,-1.0107148008789741,-0.6885120240108188,-0.3621258459179616,0.45483175732987835,0.6744742198831473,0.5757377685089048,0.09290265602208306,-4.382170242628038,-4.065913605090476,-4.98105111517822,-5.235754708044355,-4.352047060576158,-4.571799128279387,-6.181316772842827,-5.162234491393982,-3.924922293708241,-4.533006071822783,-4.210506004238252,-2.745496631192496,-3.972860518208295,-6.663149837109216,-6.329080626070244,-8.371586189831978,-9.858587681727334,-8.08050127882676
2.7440588976763656,1.9004797061558305,1.451319557377932,1.5866687643067285,1.3322596908347757,-0.47121293340807235,-2.0276645778743685,-2.346544899891349,1.0641745321519165,1.173431487817361,0.20631241443482787,-0.25398163297752036,-0.09729635020316459,-3.1679105881905123,-2.4278363073166904,-3.957820968057344,-4.68896047613335,-5.113421835398543,-5.519406828894773,-4.723588540414411,-3.8854945524762075,-3.3830689179427202,-5.783153055553206,-4.963408642795275,-4.2450652675787754,-4.729132528564414,-3.3618020490231997,-4.115231617548047,-4.815806227889101,-6.615593498679802,-6.79711439581917,-10.424423332808146,-9.17972977454414,-6.5727633050013266
2.97812330138619,2.1797645391282,1.7241891533395786,2.17083451657899,1.3681268596764304,-0.10965193923134428,-0.7800555914725443,0.04203798292473339,-0.07889762899077499,0.7949807463841257,-1.778980371030403,0.7982122518288292,-1.4651835775092006,-2.0516814034445545,-3.609568625096872,-1.1576406039240443,-5.241293182639967,-6.5255114620491765,-6.329842181929433,-4.614476524445711,-3.660679123231959,-4.16619934284634,-4.2456822096473035,-5.552658943749625,-5.239443612111414,-3.1916973710438246,-3.923234323668305,-4.616673451880667,-6.046924785056467,-5.934854608587535,-7.815953090139711,-9.273525232345555,-6.423014333811437,-4.330823792295813
3.389552453269694,2.5946416611435814,2.129929439061139,2.546933556478449,1.7938227503736952,-0.8460030986803567,-0.5653418631294251,0.7629647837126915,-1.5903992290497597,-0.5405030038811903,-1.120097915505521,0.5947200554538913,-1.4034246207064005,-1.6230322927809109,-4.315184461140573,-2.802147511734386,-5.560180677926614,-4.449339477815609,-5.679835024932622,-4.687340597933295,-2.8425278220654753,-4.61803687634016,-4.580194276516676,-6.172525336678247,-4.803230013924461,-3.311769178083589,-2.848196964400453,-5.93529930284255,-7.19038048796508,-7.505574069445038,-8.997317276390241,-7.396976460994604,-3.6164577426881865,-2.8118233374508477
