script/wind10m.json
{"header": {"parameterCategory": 2, "parameterNumber": 2, "lo1": 3.000054539987559, "la1": 64.9999836372058, "dx": 0.5, "dy": 0.25, "nx": 34, "ny": 52, "refTime": "2025-07-23T12:00:00.000Z"}, "data":
[rows 0 to 23 of 52, columns 0 to 33 of 34]
-0.7825792627964384,-0.28780622788230736,-1.4801197543905,0.16120176171183428,-1.016630872052893,-1.7193070226531253,-0.9263149114590454,-1.5217515123499175,-1.7671772852674574,0.168236558998309,-0.37407001042414145,-1.0918559890642099,-0.9829448950167402,-0.23605839076234345,-0.919215413516425,0.30259227785665993,0.2347482664202376,2.547432344356493,0.3299058863669827,1.055929670344403,0.7550319282049349,-0.40710423627776954,0.5407083538188622,0.38094306599447586,-1.5004561243386831,0.9128027466959464,-0.4094853896760265,0.4129705481193625,0.41039814276746994,0.9284991020314607,0.3075755788028818,0.8472679865947781,1.0968197683726868,2.811624664680812
-1.0249395453100898,-1.2439657966916957,-1.2522459149085794,-0.3044703703831206,-1.7227524683127977,-2.5543472928225466,-1.2403396808948053,-3.1866546891556444,-1.1513159227815362,-0.1402958532400066,-1.193509565434943,-1.3862578794727016,-0.6925165061137132,-1.7218495429245453,-1.2763759523896057,-0.5005436766657622,3.5200156441817416,2.1079623697216805,1.9576466313707648,-1.2980005055773212,0.44365210832935403,0.04245637200274624,0.8009890868643488,-0.16712690399951244,-0.7711204289306346,-0.2173542936591462,-0.9708608802037759,0.7510732932292894,-0.13626634467105592,0.38501965773745656,0.21015331785108585,1.1394192139877486,1.3397190763103204,1.159565768415633
-2.0592096578565324,-1.0104898992160651,-1.7335452003146303,-1.5536513001345575,-1.1368840805721003,-2.131027244345939,-2.7508049267240393,-2.805116897909876,-0.7359854792733942,-1.3461722018816757,-1.613353162370702,-1.7969409824936133,-1.9297844876467083,-1.4897108073975311,-0.797454090048673,0.25858652514713004,0.27637527847273663,1.4779590734922123,-0.5662491027630098,1.2867454532368825,-0.5471682743733747,0.17554178609483345,0.4981042283327331,0.6786070499729042,0.796634339505841,0.07164303955650027,-0.5256064155026144,0.8392801091890962,0.6114335760538729,0.7650001063890397,1.3883375191654428,0.6383526313882334,0.37615908688422767,1.425848043522577
-1.5340801568446063,-1.959582707113341,-2.7479048140612106,-2.189970577674318,-2.44332851138621,-2.0007984899622806,-3.1761556990075652,-2.3658449297526465,-1.9856864124581501,-1.5053320266904255,-2.0100246716815318,-1.8538586363486504,-1.9908967360830228,-0.9307504698865611,0.27031068281407955,1.677406272893931,-0.19380332828894192,-0.6263479503447825,1.5371070474386443,0.09687423539747798,0.9017547796449574,-0.6866441207918247,1.0177479727523946,0.15036171334679152,0.191135308907123,0.2340983637808906,0.029941375982586917,0.743678365539089,0.7751344949029072,0.9441620110730475,1.0031118750688832,0.6636672165883855,0.5139944008826995,1.2506871824630696
-1.5690751380352341,-3.245805814441809,-3.050807717965312,-1.5928352624985103,-2.149152800763741,-3.9429928984320877,-3.6961527368417872,-2.8004471245968605,-2.7275449899960824,-1.6873414749428748,-3.1994087895102905,-2.9531842660828302,-1.7389883496474168,-0.891105359648016,0.9209967361079312,-2.315263506510789,-1.7108314766888766,1.9726757109968744,-0.6740921684710185,-2.0497603738225156,3.400817309316538,-1.9704164168296046,0.04292251965160131,-0.32514163192748163,0.10539344904189372,0.9472973389655646,0.8606934732063087,1.3582490271285521,0.07968095819411182,0.35911967699255515,0.5657839416711211,0.7318547235250538,-0.17233755285408153,0.3819640364842531
-2.280390342605997,-4.229734232664202,-2.3404246345968707,-2.036163650534397,-1.4720433333514744,-2.7092958103991225,-4.095269071768856,-3.151141117837822,-2.70588246199797,-2.836799623308962,-4.395656002380895,-3.307557675086046,-3.2285735343964084,-1.7922703445165047,-0.5647300731790793,-1.0966294519303197,0.24321504708807837,3.767835663192233,-2.5397622810032137,-0.9084322357797027,-0.3676061516266119,-1.3022661688284443,-1.683761239952816,-0.6203747280546296,-0.16049129143928406,0.1912594024612279,-0.041484539559356555,0.03778045864168097,0.6996485525258391,0.22531923079571065,0.37740816161965224,0.5107131205047211,0.4676495490796209,-0.18822630814340746
-2.6820307820833125,-2.8737984738989333,-2.021046351443957,-2.247809312542904,-2.2533074132405333,-2.0102163527165953,-2.6264820024746065,-2.484532876882568,-1.848671590604961,-1.0957980796131521,-2.036674964551593,-3.7357058501293263,-3.0962746451812015,-2.9175659794558357,-2.309737267086551,-1.9731945652263685,-0.5123302870912966,-1.0778199467219205,-3.5290653997048405,-1.725060182150907,-2.113614826599185,-1.1240440790541155,0.06641812628561594,-0.03278075457174828,-0.3732394248048526,-0.4372568601783757,-0.9285384739729595,0.8026110791939807,-0.5693680228387576,-0.5727169017238869,-0.3375430668515928,-0.20780112928367456,-0.0003245881403306448,-0.15118940537649528
-1.5963455387594185,-1.805466754125935,-2.1644539568191856,-3.0064925672928675,-2.7672475489152877,-2.370475793980971,-2.0846648512649466,-1.3987074743782837,-1.3708474852650638,-0.6588870930815529,0.733931465028757,2.1591419936078666,-1.0795821743878118,-3.2732380726628456,-0.44990942935859696,-2.0136948731780495,0.49843332402240387,-0.9883559763578568,-2.659055312039339,-3.0034775173273407,-2.5581699333274135,-1.8815119624353365,-1.4592537075514904,0.4313601653929582,-0.525112194386683,0.13385456556752334,0.2913750413654095,-0.6587529018634324,-0.611929002843871,-0.2608784591384379,-0.17095840060852546,0.04910530828860675,0.6341220550439968,3.0416160399096235
-1.360143598100514,-1.478918946679613,-2.0629568132007488,-3.3376625885656415,-3.8408624709994563,-2.8729789060170554,-1.952956499883922,-0.8761038708060883,-0.9218158674569844,-0.12131831486003664,1.9365586664185122,-0.13334615052303334,-1.7125021030156238,-1.0671123620038856,-1.8932307353166633,-0.9877839316467569,-1.272793003127797,-2.4474531384836475,-1.4669011771846625,-2.174112739340626,-3.7439300131750883,-2.1411938237952093,-1.5076918055883697,-0.36513367104955474,-0.46639088267698625,-0.37300277623021444,-0.5135558379203634,-0.08509015894022659,-0.14916816826208337,0.5136504385659367,0.8932392396905435,-0.2646989828034223,2.580041831910179,2.4050642468781462
-0.5560063450591489,-0.6864743139669988,-1.6695610744505147,-1.6740623658014218,-1.6667623221104293,-2.1679474125402427,-1.5401404575418292,-0.791907229261178,1.7560059595531121,2.1975659478951033,-0.2651592920584577,-0.2160473453292383,-3.7948983355499726,-2.5543200273600024,-0.8718950223504564,-3.15300259625235,-1.686184478789838,-1.6650257277405087,-2.1176708976762457,-1.8809853794661613,-2.0026457607661516,-1.5868702508926085,-1.7439180814001451,-1.5725504356477227,-1.0687443715439364,-1.118949841884863,-0.43820967498024604,-0.11825843682235229,0.8706584193796914,0.42274929388356447,0.5673962202702567,1.8442223220986946,2.683153372231947,2.252160911623816
-0.869849663136706,-0.6337560229752174,-0.8874258222951672,-0.5726699266504085,-0.41451346292063174,-1.055604197439189,1.5712587008884134,1.3295553968505198,-1.7731082330842316,-0.9154920766891946,0.48491431531039153,0.38159739691460764,-1.597410660104864,-2.3969991566528375,-3.249673454683727,-1.3911283907806753,-1.7885855293935429,-2.044242396146267,-3.237174687572597,-1.6267781353910042,-1.4342081877615027,-1.4317310634075666,-2.3753172121402506,-0.852612261880279,-1.360934667423613,-1.2800428419319625,-0.7070334384340766,-0.6883006189123362,-0.3924060997687387,1.4260544983416625,0.848605093027784,1.9523431215254723,2.706898492448874,1.6155647313647956
-1.089251652551481,0.42543120713578664,0.04440051428376837,-0.5038744490383438,-0.3254030900209713,0.7970391154392615,0.15250995953718166,2.979573480985373,0.012083292486586262,-1.6316282997692009,-0.6545138271432432,-3.18692162847932,-0.20312264530297705,-2.6232664297309136,-1.8531243026357058,-0.5741343438319993,-1.4356547784874125,-2.367843332713777,-2.6197719530683794,-2.5371703217637975,-2.0514324059084226,-1.6964442504900252,-1.0652776201839795,-1.136726465086876,-1.0698118217620687,-1.350436818265785,-1.2290941785300555,-1.326610020752849,-1.055259419178316,-1.0065722899141352,1.1719242472302789,1.5064633446098923,1.799928658443658,2.0150587296550824
0.46422402391102285,0.6207044858212336,-0.05801088208398406,-0.9322387817534503,0.6885658905777029,0.37246184911561125,-2.017410546333415,0.5094776796875383,1.3058837771821894,-1.3489453669366513,-2.338169290263199,-1.5895528824756116,-2.4274408933482845,-3.4445311885667986,1.6588410346761007,-2.3446348289619197,-3.1603454715891144,-1.3438986702452935,-2.8830820537010484,-1.7831582238281498,-1.8434109406559405,-1.7265452267375228,-1.8561003004371792,-1.305218410336813,-0.8842510887193797,-1.076324037646616,-1.1972874093691126,-1.4732009883130828,-1.2409714470697473,-1.2016774817095806,1.1418755464157855,0.3741695984078964,0.2652034839936481,1.366110031364926
0.5351667752022943,0.3930328715305534,-0.26892867836327244,0.08542123135707673,2.4754996929794344,1.0193254441975979,0.39798649747676934,0.8952030417164106,-0.472529107554419,-1.0894422298683835,-0.9929933539821355,-4.5898649735139045,-2.3108866418195984,0.02135767806995045,-3.304658361574007,-1.376632844732826,-2.4910991122655406,-1.4882321047638971,-2.864561200495712,-1.8428186786160075,-2.7057262075069,-3.0045034064978684,-1.5845729826636192,-1.7917474743659765,-1.472402833106789,-1.4637905198380419,-1.9465162371158002,-1.7423127961276028,-1.9370588878418362,0.8928619484455498,0.3333862854128415,0.08494668822188972,0.7013308943343712,0.7402698986223576
1.484913925207793,1.5782481669260346,2.1837984037351754,2.4100535101841114,2.021721712904903,1.6313728628254982,1.2306148444372762,-1.8828581176662251,2.295960628733354,0.6014669540407747,-1.0245199766473994,-1.6863098674599806,-2.951089978004542,-2.246082463119709,-1.5008129876072787,-2.8005844959800354,-1.570332952274835,-1.4153369221319227,-2.2654591744906276,0.1002058874246215,1.2246286110469053,-2.1381597786430375,-1.6169264734087958,-2.109135117355913,-1.547431528302858,-1.4704364714062956,-1.5174410367956412,-1.5159075799924213,-1.619538766791589,-0.9396690344068038,0.5074946701573564,-0.12274208866638602,-0.1130398886092072,-0.6731926013081544
2.660157188747015,2.9580804707909785,3.3403929560683387,3.229113850789537,2.1717045812112703,1.8285920081081288,0.5404581652884896,-1.085827493512739,0.9617563336188193,-1.4234105457289132,-2.887710034923855,-3.7211938273080527,-2.9494455026065634,-2.3841633113587815,-1.2740457732352517,-2.824573742508537,-2.086816642026363,-1.3430982207053395,-3.94825308241254,0.6933312936480012,-1.873015832836618,-2.728732399597928,-1.0378565950035565,-1.7538347895221416,-1.1840083393501686,-1.6679336364589894,-2.0946744995250923,-2.497072555279913,-1.8792059720351633,-0.8784870530201846,0.0017429307194715912,-0.5621833432502403,-1.0168639955212668,-0.4769477957726962
4.78202112280487,3.8117334499529347,3.593418499211362,3.1454649685947653,2.1339149788912346,1.3314596524357913,-2.475204203218087,-1.0991636536885876,-1.4910517509082792,2.0112232907444447,-3.398232422183146,-3.5487708610261226,-2.226684021948388,-0.8858680982501399,-1.039687935027647,0.36796717531456036,-2.046235820677478,-1.1538035723637303,-2.3374568843657424,-0.6013567977884852,-3.7082749425184875,0.9617603644104072,-1.962148688901335,-0.761696931879521,-1.3596531724539356,-1.5937235226516937,-2.4081067334847526,-2.0558584211481037,-2.1074936835744422,-0.6842668007897161,-0.5116756905721265,0.08098428739735128,-1.4108358760014397,-1.2540808132731494
4.45925185465308,4.779922473142006,3.602426101283433,3.256603323804087,2.4457871624994714,2.280605577527358,1.206491682998081,1.0376269172668142,-2.428454397856461,-2.9025244621773396,-2.3763563037796094,-0.7701211204935938,-1.4134485108275217,-2.5176822395321485,-1.4238046894430203,-2.0792557826292577,-6.3729067334641405,-2.0072774389320176,-2.2599309623834647,-2.2478239292890225,-1.50082427835933,0.11806815970236312,-0.72287709928504,-1.5445123210292546,-1.5605865750686227,-1.9698712131932923,-2.4234212916902464,-2.5117629426478825,-1.9077594409386167,-0.5580744386508941,-0.39894738733419843,-1.2501069235614553,-1.3250975025834413,-1.2486777868211845
4.812113739736778,4.678159898018184,3.1250728375452828,3.0402594144921973,2.018340020262224,1.4975196548715004,-0.8862586739193933,-1.1721584503803417,-1.694207569198793,-3.9698974689486097,-3.0434889737063306,-2.4286423268978368,-1.2318876177274414,-1.3625188226894567,-2.1040996735759467,-1.7810394070528848,-2.0162681718062143,-1.2718690191589308,-2.956835412612298,-3.615876063011246,-2.3294794366187577,-0.4821285413534322,0.9853905576204853,0.5909109228279398,-0.9639046663402948,-2.6384587956895413,-2.5301824082748605,-3.443434714330426,-2.280966632962726,-2.448033547040145,-1.0823100925525158,-1.4844659862115315,-2.140054486588562,-1.7616889379456855
4.38900738032063,4.742397852025533,3.0212463831218104,2.675852501408049,1.9228782086842724,2.305962297281662,-0.9260332453262556,-2.23408105230195,-4.489679581515034,-2.5961216136087084,-4.342591326463988,-4.891186090518584,-0.21121865533993342,-1.9863145552085497,-1.7423887390422947,-1.9235202673709022,-1.8327051298596513,1.0368971728167808,-1.318168585184957,-2.563000333829553,-1.698274334455837,-1.6299658081715669,-1.0474271308309362,-0.2547287016438873,-1.959363704085646,-2.0974539547752866,-2.8517646664466585,-2.6031942310795984,-1.883343936406448,-2.302818058917034,-1.5335126876362113,-1.5921047326389535,-2.0886333154183014,-0.9100649373189468
3.7196915739303615,4.163113725243676,2.6510588733022047,2.4848979980838157,3.5963050488188637,1.1849613367331358,1.8825023142743464,-0.5410757620673938,-2.521329407987604,-1.3009148443044731,-3.137448260980204,-2.6963270338870307,-2.3166499276339803,-1.0452857437216379,-1.9565638158538854,-2.231899649338953,-0.9496630978669333,-1.9429776556186658,-1.5745437624347804,-3.0719932852003087,-2.4851367411816203,-1.9024845033468498,-2.0011274960353496,-2.121738331477366,-1.6969784836665904,-2.096914330710794,-2.062619948403112,-1.564773181835517,-2.1399288719595004,-2.7417125468754824,-3.331755714964571,-2.0733168340062273,-0.8125621409163747,2.5152900985946434
3.2301052111180213,3.4302012935663986,2.454517595412528,2.4922134667694458,2.782183964908782,2.530439883335224,-1.5555690870839345,-1.6007782191771436,-4.2876490492447275,-1.6848248907771977,-2.467819064199897,-3.2329179234995746,-1.2909855390957097,-1.693427301797561,-2.337559014186422,3.2487404016210335,-2.7970344075535114,-1.4032219140902982,-2.3437356992077496,-2.1131127233677973,-2.559699404541017,-1.8505666524235589,-2.259791087325184,-2.134470468263734,-1.1729597561915022,-2.9458206360659167,0.18840933643728505,-3.042340411913201,-2.319125837190339,-3.813190982335961,-2.7816016116492537,-3.1364777864801265,-1.628270295482247,0.09305557020509167
2.6962647450200556,2.9010335201426694,2.31295267573409,2.3426995469907905,3.1551290043695546,1.4059621909495084,-0.3159838588015598,-2.9018743786226646,-4.663669579651583,-4.693591000971047,-1.0655553548847698,-2.8142469757228357,0.9550276013772095,-0.967050460571532,-2.639445939281609,-2.149553689853162,-2.3459294173543634,-2.0156471084708145,-2.35780593731181,-3.3639913079148727,-1.6048541374487975,-1.8724681979620994,-1.9936225889390582,-1.9276023891403626,-2.032162562172037,-2.1650963869540454,-4.102285810341567,-4.5413263318955925,-2.627470281663799,-3.1328848078249534,-3.124706637363636,-3.164504820529373,-2.940291386137707,-2.602530468671145
2.2069125182533567,2.3062257146396132,2.1473574127726462,2.144999625328203,2.9089105630435994,4.650573835754864,0.5357697954206746,-3.319891919819907,-5.147119018457949,-1.5638345857197116,-1.4402009179552542,-0.6885661198409994,-1.6030463008274258,-1.917218745111525,-2.1441282474566465,-3.103432418293712,-2.6190705685073414,-2.6665704042336236,-2.2188776302665647,-0.6013651262522375,-2.378268471472568,-2.9339650650426394,-3.659447633368751,-1.8823601459692685,-5.028773214688867,-2.2240868367577256,-4.440306865857671,-0.6948677834563833,-3.0585373955878965,-3.248408377533666,-3.562277811878119,-2.750750633487704,-3.9051342454682847,-4.1062066137799755
