script/wind10m.json
{"header": {"parameterCategory": 2, "parameterNumber": 2, "lo1": 6.000027932988019, "la1": 58.9999434238085, "dx": 0.5, "dy": 0.25, "nx": 22, "ny": 24, "refTime": "2024-08-14T01:00:00.000Z"}, "data":
[rows 0 to 23 of 24, columns 0 to 21 of 22]
-3.001823882044435,-8.373013749450733,-5.145643410936802,0.3428505044983719,-1.053820587075313,0.11290173585746391,0.4030453288429512,-0.4566577047077005,-1.0319982858592622,-0.4113899348137936,-1.8962505646613692,-1.0234943546671493,-0.3818077846393824,0.6366826400282376,0.880812180460454,1.173848573676316,0.10006464927416928,0.7937349363291678,0.8409144858939298,0.3439226295120851,1.0867310166423603,0.2884913149070709
-3.6129355148390934,-3.709708926310659,-3.4673246823907298,-0.4266659595991216,-0.7691030153452802,-0.730245621546763,-0.6139689453936957,-2.278858165524186,-2.049324420882191,-1.6117960855319065,-2.761811974885469,-0.477793972057365,-0.4588071870089237,0.23333119124726406,-0.4946884222068759,0.7759385309461193,-0.541086568810092,0.22338103058720066,0.9797768729968038,0.46399856278161183,0.7159266892768155,0.9728927428630691
-2.4662739314096056,-2.465852064913112,-2.7122701601138752,-2.781905398521657,-1.911157377925264,-1.4870771675665115,0.6916056850520619,1.6191503430991805,-1.4799083012937042,-1.3670385865079546,-1.3026147764920608,-1.5616999686209487,-0.6444572387323039,-1.6460519545115415,-0.9474524111180758,-0.6309243384208849,-0.36083674974174734,2.009065752796233,0.7113091310611602,0.4967042238581218,0.6514534086435504,0.8955013769010448
-6.265547794047436,-3.403686147747162,-2.1091456417513603,-2.1707449470820936,-2.004795921562395,-0.5182214193999536,2.2197967064472963,2.0939118485301456,-1.198115488478923,-1.0673405700644278,-2.176690202423684,-2.298127947444219,-1.2228050142958007,-0.8317324026108374,-1.7841354757950656,-1.1062902520803517,0.1864994316020009,1.9479637046916622,-0.15366151826254046,0.03904205355927422,0.3290740353955603,0.4281584028241061
0.9049266993275065,-6.3193332692115325,-5.289704248679967,-2.729045216884875,-4.5163218270020655,-5.041440288756554,1.2213110364458168,3.5473875511025663,-1.218780895895532,-0.9785819845264748,-3.042210184307343,-3.558266283144242,-1.6120033711383697,-0.9157608923967141,-1.306340534658425,-0.6216473921689604,0.5702336129018148,-0.40290387887595014,0.266336775692223,-0.08130283689829239,0.9131278892616296,0.20053077290802657
2.660348020433751,-0.11275118916123052,3.122681276183898,1.3241834420868392,-3.87588594952464,-7.966732521324803,-2.1075804673681398,2.6940389601681685,-1.15770023388857,-1.3244076901094135,-3.2863465761810806,-5.533982724878756,-2.0802939108357212,-1.7675714340016755,-1.9220430687682062,-1.3700988517027146,-0.22741332039409784,-0.834146368633977,0.25749489568025563,0.6546650216356547,-0.17284132122888335,0.34359497909125436
3.4988487988780195,0.013863720459235208,5.199674368855448,3.840642868294542,-1.894213825612088,-3.260199797428228,-3.486084785491669,-1.8280689958262049,-0.8466256446506988,-1.560555635855919,-4.349587850951778,-5.761754475041619,-2.4391169484464643,-1.522437409939001,-1.6880087993641,-1.398708267581542,-0.14358976614713231,-0.8080611889203175,0.12621775670366395,0.14343943849157412,0.5425219018093898,0.05177394011140373
-0.17248821605527467,1.9196041845950809,4.0743830759088535,7.765928039192297,-1.5368268330013877,-4.923834693441419,-3.1019385517686064,-3.9049753481388314,-2.963597876680822,-1.638283973701206,-2.184064258941731,-5.836939217195047,-6.713503496797472,-1.9858368450242017,-1.6637301884283464,-1.2827124845325353,-1.1339960443637473,-0.7432835653701458,-0.14066761403472533,0.11094990938463109,0.9338263587733588,-0.102189998787119
1.4464747026937759,1.5467580160813141,3.8071677681125062,5.412290188957212,-3.5773232981168537,-1.694216303440339,-4.878936517779121,-4.02025790478971,-2.5244999007449156,-3.542094932134983,-4.552716278149518,-5.671614380710881,-7.523902693507948,-2.650024656013279,-1.8253226187111544,-1.6439936478036687,-1.6697310741294118,-1.1046515468702638,-1.2432734011265205,0.17925831406846404,-0.1567057125136743,0.2790852411637765
0.9577801524254587,-0.9526489808010835,3.2572131405500744,3.9327722818147923,-2.2203952143432297,-4.53570891352336,-4.2319346440189465,-3.095379667998159,-2.756055854306813,-3.898782091289116,-4.801944298859386,-4.837687449542184,-6.994526878375254,-7.85059585836603,-2.6819716543154763,-2.0544239066916257,-1.4829606028151554,-0.8474298376157832,-1.5901778439066716,-1.365864760714988,-0.004020393400352083,-0.28143158674916047
-1.9205247148870084,-3.8655609293282773,-1.8632565017059106,2.9256001569669983,-4.10650284611948,-3.5331464333115132,-3.422180637834176,-2.828495207370891,-3.229505861148073,-2.8806137684266737,-4.822206145403935,-5.869584936724554,-6.712400814463941,-6.014811227791646,-3.622504697232303,-2.3076144681682806,-1.7744409090813884,-1.0545922723030166,-1.9695135022256585,-1.3984243228698123,-1.1534645802570183,0.12987746171065795
0.7684957555320876,-2.9733589369623545,-1.9495637124333791,0.8524943518008882,3.037782942523507,-1.8288587773033662,-3.9775310530938053,-3.460650336385146,-2.9347436021709035,-3.974743724138457,-7.0564082414226,-6.745614919874963,-6.750093235264234,-4.065920431626098,-3.467156680222028,-2.5129036015118245,-1.5920195694109545,0.18760803322047756,-1.8721006533574842,-2.150737144890866,0.44164377321195036,-1.2932007931402758
1.7732647182443488,-5.33554375189364,-3.6041657404003864,-1.1498416783488803,-0.9205193942143987,-1.6957213548568102,-2.6911182870077646,-2.108900115673405,-4.121182185475387,-3.4659699390000176,-7.712959766604662,-7.566663099866441,-3.51948402045093,-2.679644470882575,-3.593755114524079,-2.5180920135108638,-1.3285923621266262,-5.414626670629968,-4.654177413368061,-4.290333839196036,-2.936763221408249,-2.024817125067505
0.5089429337585376,3.4055479118581875,-3.762357038757731,-2.1510536894351153,-3.062055132442543,-1.1719363277902262,-2.2631065483670127,-2.3583259590041896,-3.2405102116461624,-6.181732710592581,-6.095277711096547,-3.960136637664802,-3.106267120817782,-3.349902783196909,-3.6471723595707215,-3.707225325181059,-1.2878793108161537,-5.627054564658828,-4.497696045079778,-4.30171440015604,-3.6126947205329962,-2.451360463188376
1.5526694548946587,1.259285907778978,-2.278193580652858,-5.4842004570090195,-1.9255099602998547,-1.105426453404479,-3.393776184824111,-2.574563679079984,-4.226667975071609,-4.719899692240517,-6.986361360765425,-4.15195668699875,-3.4834050665640786,-7.853152355419845,-4.868110578024261,-3.2780806064383397,-3.3886322805460276,-5.932212466644141,-4.356458381163649,-4.614473865055742,-4.522813373855178,-3.440336633433718
2.805472454882638,-1.6184849907068366,-3.182017548871177,-5.92518219160363,-5.26604124106024,-4.1840239705406015,-4.076044112133338,-4.059175088458821,-4.781655295969132,-4.262823354385764,-6.982207616497992,-3.0773208106461705,-3.1561964941482095,-6.821460442427991,-5.999459765192089,-6.810073092603546,-6.881838306654994,-6.14632190249742,-4.833020360565873,-4.790881402637613,-4.543424081239948,-4.282829773907871
2.3943618765061587,-1.1847877579341113,-4.996219869073492,-7.269656017967712,-7.7665784385343075,-4.666546478239686,-3.6732168562631546,-3.6862930951373456,-7.2671010859462495,-4.427122728845351,-6.444908019047551,-5.482383246941848,-3.217730618557194,-3.4438581277560782,-5.791360583742097,-6.913028431152714,-7.0223481118339155,-6.9775508168917035,-3.892830964511999,-5.106607392320118,-4.596759630006017,-4.043241328678471
1.7651905212413692,-4.371403196144479,-4.781583444599786,-6.8789530547446995,-7.210402878790857,-3.3059008853042413,-2.5312240748195722,-2.8999750202662677,-8.967461011252752,-7.459151502323997,-6.202418781257059,-3.9185108241087425,-4.775617180755574,-5.801227601849934,-4.788427046385615,-6.268580455214019,-6.859434666634698,-7.076549616666669,-6.382365701043947,-5.353486579363009,-5.350755001706946,-4.734804683096605
1.189498842954921,-3.3756217785192777,-6.9785835161034,-6.037652199708704,-7.691206272351742,-4.209616490876481,-2.742976123667771,-2.151532732387358,-6.663412615156531,-4.556421187374028,-4.136625865154691,-6.202428312822837,-6.970167337761899,-5.55383919176302,-4.5467897004448785,-3.2873035629401883,-5.725858189852205,-6.10302656881408,-6.613046944858105,-5.769190604122871,-6.300858535724619,-2.462366620153986
0.5320467697251176,-3.650780612240251,-6.051815220394761,-5.118108171665845,-5.8471570020806665,-4.932017810165747,-3.769037093321843,-2.5995403447032994,-3.2528968774273306,-1.5509190497989342,-3.149146325098934,-5.214136001281943,-6.345683992708232,-3.415650100925301,-2.2487431988322193,-4.942300032365675,-5.161982061639252,-5.126676463937851,-5.748862074225609,-5.989078340446009,-3.2711687339533593,-2.3025247762502694
2.6301146796174515,-6.3802276485011795,-6.3482244946154855,-7.067610987629756,-6.608844881430579,-7.1881199187895275,-3.1347255439843185,-2.8819862014608533,-2.807524098181896,-2.4630680628190373,-2.9476017532576795,-3.630338928779988,-3.182549314337061,-3.6310792503401847,-2.9999618874379568,-2.863168774932548,-3.4482707799776575,-4.1201510188326465,-1.8374952014825798,-2.92281920503078,-2.5877716823046497,-1.7438988892654874
6.579680437109883,-6.407086290059206,-6.7115216399193836,-2.8523155601556023,-6.0092569512870595,-5.367160493679989,-3.164347110132087,-3.23462856675105,-2.7823949621414825,-2.032710330253524,-2.3021084640856824,-3.440478587523157,-2.078583452069751,-2.882424973928569,-3.233147838663138,-2.9135270331252463,-2.8900546864162715,-4.083036487518769,-2.181322270729844,-2.1566076881292218,-2.4670317405620326,-2.305137428057052
5.50049199679908,-7.209876516343919,-1.5133500298193718,-0.2132587636725724,-2.3875504622950676,-4.056069781375992,-2.125060694642217,-1.9160543075256904,-2.9683113930804708,-1.9085382877991146,-2.0557543389950808,-2.3710394551413176,-2.8331776216831708,-2.898621163558503,-2.7115348314636556,-3.5920083814735,-2.8203398166978624,-2.8267019418974324,-3.2662699559497526,-2.0595194454723074,-2.3563381701903023,-2.241388218183026
1.688557046887698,0.13120897299166956,-2.397026799977602,-1.644494679153741,1.363076907123801,-2.750084672460725,-2.310460883642793,-2.4730261112428904,-1.201875015916581,-1.6686963125585514,-1.5710671379633712,-2.171205465517315,-3.0465739742300304,-2.2796689288573595,-2.693202690366996,-2.4793182285052198,-3.2610181892872627,-3.2893010942878336,-2.9542079201209006,-2.3124555114010774,-1.7601507413048383,-2.911923672713303
