script/wind10m.json
{"header": {"parameterCategory": 2, "parameterNumber": 2, "lo1": 3.000054539987559, "la1": 64.9999836372058, "dx": 0.5, "dy": 0.25, "nx": 34, "ny": 52, "refTime": "2024-12-29T11:00:00.000Z"}, "data":
[rows 0 to 24 of 52, columns 0 to 33 of 34]
19.039528274204784,20.171882105983663,16.477663490060884,15.85477912439909,18.883341600696266,15.64375783873905,17.66716128455713,17.603615688285508,16.944187613688875,16.56099409208538,17.642695768196592,17.86153677606603,18.253372312700012,14.834827222330885,20.99211151486408,13.720132331193675,15.477407588353273,13.356363887178626,5.6325724897459,5.376165484582091,10.63441731859427,7.171622262398222,7.3120899939888675,10.678286704795982,9.316995541197567,7.206015576845715,5.16985478588324,3.7414566644299643,3.5934759585703335,2.9229304468162285,3.835177988461605,2.1958672021134396,1.661962284382323,2.667057886728813
19.5372096427978,20.36988695062106,20.90252932999072,18.057753298037255,16.93832764958009,16.238194855849077,18.53457996893535,17.638651747197066,17.738904971825406,18.118912533594514,17.589860161756413,19.63241101509666,14.64003550253656,20.012293850244024,17.588461883096414,13.212087790978456,14.498606304485941,10.082117096578697,4.944532340810198,11.240154819476224,3.3277116319821647,5.934101233181832,5.3291809272038755,11.526976856446273,5.953428987729479,5.866271245936455,3.3298490983871876,2.9873033063402628,2.6503254233608438,3.289555518999755,4.332890059374222,3.376503856407071,1.6238539705610702,2.144504844943455
19.73361286511865,20.51198684118296,18.71673837581859,18.657276402811913,18.274913333459757,18.923435146416104,17.010371546610244,18.101732453174982,18.13565393344409,17.7262975488209,17.779311213427224,18.60298872240999,16.81977401982207,17.239655849044343,15.309273726085578,15.670022162462898,9.942208642083706,4.068809361854892,2.370382809840432,4.615155632466441,7.280475426123053,5.193314243996939,5.269498104970242,10.373275796585103,6.854972401762456,4.138862702954051,1.629595040660159,1.1681865750841074,2.4451672596905962,2.855416175877348,3.6696398453798333,3.709354535970074,2.8880929270495086,1.1502918472550359
18.903449921626137,18.201055798404564,19.06750281865137,18.068821943378378,16.745993641922322,18.023076468191068,18.217155581348052,19.477125335747335,18.831264309716275,18.685650318565045,17.953923100334862,17.47707639337842,16.950474246369957,18.178259602838683,15.49074845496321,11.444944726028318,6.3268175391858685,5.08558773231847,4.432487102073601,3.354023950622025,8.413394091042624,8.381534494355979,9.669688453259212,7.0267213721925685,6.876026080097082,6.140966775894386,3.160074649043619,2.411096633023872,2.413233917455653,1.5791494197284308,3.4882971258509015,3.7291063897678143,2.337966633204205,-0.4970609653760036
17.456730080816563,17.46844692137442,17.303836043552298,18.680153089678235,16.403524744567104,18.036419086278414,18.4950002792868,18.57879477619272,18.459620614020015,18.229197250823542,17.944300580151516,17.842076539908966,17.753634172091605,16.536502591775037,11.265140184903517,7.890159082747573,6.5361357141205225,2.240781525661606,5.30772777623667,9.062295121280322,10.305536164907855,12.674107486331904,6.8052490630912805,8.355100367228935,6.726646680306596,4.633111070108236,3.743174692168179,2.836125458233948,2.679529042319011,3.0292594056724753,3.7927805904163265,2.0354436608338786,2.951381285889146,1.6744628927468628
18.671288186824924,17.10784909711553,18.623731015387442,17.371906790416404,17.643264049986094,18.071410864813124,18.034165243174158,18.401550004026703,18.067369062763596,18.791058915197162,16.74344303995793,16.54891233868762,16.071305424016096,15.246457652691106,5.331369787771121,3.910563972842106,3.4260247536392576,4.150798891883703,8.893883307215713,5.617405903684472,5.6772215423957775,9.031558147622482,5.537151164481747,5.399186469790683,4.9469432181240744,4.3863999312533775,3.0102590600209953,3.2439123586228145,0.9633748440957918,3.225596657443121,2.3800144366795335,-0.6227977762383191,1.595984621739703,-1.0249186995911663
17.020224176579767,17.516877937980766,17.0615958469367,17.447705917310692,17.273319718407684,17.793751832579588,18.11834067097544,17.363519599322007,18.572439892834552,17.83337047815999,16.048822350755874,10.8992783832504,13.160220482721131,4.973575565775765,5.0597443693662845,7.749254641355011,2.529772585223659,5.435000334251022,10.642020602699942,8.369252316066767,5.896002712457446,4.534139348597968,5.83956489094998,4.653255894389626,4.31072488727476,2.431245013017544,2.461485496020502,2.5965179901374853,0.6440278895375016,4.225317252095751,3.1019758399392843,2.1786022866240105,1.3049100107106941,3.70761232889293
15.956780070086701,16.82256754883378,16.130639747283517,16.44940222449575,16.929899351530064,17.346312234778605,18.492757017093886,16.98713407348743,17.52214428287852,17.29431622665,17.826592450428066,1.4583776880578054,2.8591829710897487,12.34144420710416,2.3832446926342636,4.320546068279188,6.001284571631054,6.001886601249332,10.076836063414675,8.272646546848133,7.773498188855534,5.371709929056842,5.7899979269573585,6.059321061054338,4.999981494632139,1.9941422907992206,1.563251060864352,3.203551956823066,1.0867746439271264,3.4546454143422123,4.262425981433301,1.7951429700879387,2.1698105538546817,7.684057562380738
15.327488297268703,15.251155851347617,15.992256228482685,16.35052283320125,15.853814353913657,15.538673984181461,15.634627407884086,15.54316266712337,15.614118702599779,6.4253063399179595,5.330339069172995,3.751208231018781,6.747131201092198,8.689526371508713,8.23557525561844,4.747746741003623,6.939577248166174,8.61558672950275,5.061497498762947,9.290292055920158,13.113466092578534,7.70304467654672,4.883227604186545,1.0951624420537474,2.88716263510385,1.6988172088638656,3.4285671852363655,3.0436832073048965,4.563221487617712,3.7582842035445654,3.7352367008638026,3.770874773064283,5.554308691706573,8.591022692421856
15.129131298941218,14.149345534047002,14.669219617313495,14.218777530486985,14.037655916084507,14.906881574153095,15.194984000803617,12.336205112462928,5.611640394862357,2.6397881223702964,4.578466334645115,3.6122881570140595,11.063216521602715,9.471804886921111,7.297108415201854,13.189350347321607,4.528481216681438,4.01491171778251,5.233603500158089,6.634026999394292,6.730065823726675,4.170432174292162,2.6625775256535786,3.5053144528136118,2.1871201409033736,2.1362150287287673,2.876834209252772,3.3385844763763197,3.3442635367040516,2.6451971626282424,4.9671064430083245,8.116408500956227,8.706062319423175,8.465383077703592
12.45749270270155,13.50516583484127,12.795157038185334,12.872821135619766,12.862578391197426,14.530074869402618,13.157397200398446,5.284597166661926,8.090892559856552,-1.160126426566304,12.854132186332869,9.832565657084942,6.063214638245023,11.669703857848697,13.209545471149,9.364351949441717,2.4037544638424393,3.276386495664501,4.4670726535281275,2.8086452615029964,3.995447003653583,3.776281216470397,4.669833289755347,3.1238455200412965,0.5420122808812662,1.825940890160905,4.104432505727633,3.3789529800629916,3.64218176504873,1.186907245678229,8.523956600233948,9.270737432157485,9.610324622594913,8.471540823653317
11.826375923135645,12.405380816645321,11.755221821903605,11.825827103960291,12.534178861757459,7.540544589678356,2.449075572050974,2.82566199655684,-1.2579407408657464,6.083107883352418,4.167382399050205,9.74509566215638,10.301892536997155,11.677854538097785,9.73666756810622,6.220040395516117,6.345284086330556,9.59880377286481,4.2328816054672975,5.1350817595855185,3.6931938236617454,4.0196464290137355,2.6064306862770037,4.520221143900414,0.5425970639777198,2.0826018134501654,3.3102719983203905,3.9220963130167728,4.3435992603559015,4.088611891546338,9.854260315633539,10.64343202113121,9.705661879609012,9.253131254607922
12.692659416225057,12.000316932342374,9.099984489814737,13.381759352258852,7.52139150229766,3.1936269651778098,0.6433339388477929,3.935147409369847,4.01802996381805,11.783245548334323,14.472836234871426,8.984091910662256,11.898453513090606,10.991796403342224,6.255644209317516,6.556228202062199,3.9782306064980872,2.5039721371370667,3.1832984648092535,1.5305697482909932,3.547549885586978,3.92704265415773,4.777677893285443,4.6818788950831,3.897363467311382,2.1979711265990916,0.048448065942117625,3.4196104461688828,5.038061206444772,6.497080984277794,9.603000668930544,9.340141398359487,10.933023733294965,10.22906783216773
10.455019028041185,15.415890165902624,11.829083403334508,11.571574117428526,10.188734478642107,10.432223895791525,12.927482450597388,1.0463088229704522,6.0411469532450335,14.68762115022147,13.071224876431595,10.418089526041596,7.540636036834187,1.4816865023565093,4.7111559479586465,3.580181412986938,1.2228783173166118,1.9523610365598034,4.489109666057863,3.4775990431452497,2.9205167833023244,5.389235627633631,5.778559369260998,4.45440513853569,2.398100855462176,3.3315641398000193,3.8836491554367636,4.315082083313671,3.585983361479597,5.243346264337917,8.664502883779914,9.803956580566329,10.309563017836759,10.551956570057785
11.046519539560123,13.489679064833478,12.912620259934801,12.507629385328338,8.954276371546763,3.1883997138783333,3.170716439845136,12.256603875011244,6.195090174763957,8.791116674869937,6.628469889254863,9.662200976192445,13.019485593025415,5.721755395284715,5.128119011560481,2.5881639802395475,0.9517541709739223,2.7864393595541297,3.1633278225070183,2.539326697520772,4.114897271031172,3.507911009226646,4.352292541592019,6.099538535757513,4.027873454301197,3.5217730888377843,2.5796689565671715,2.3665988595115737,3.365961262318441,7.665216520547579,7.526555388719929,9.36730280053294,10.852903170145794,9.696027819841628
13.79990542048618,12.396125729746423,8.871681204690391,9.078988611353347,3.1165162837450646,2.7231082671073312,8.944051659694562,3.558459433133519,2.8762130661250453,6.95548607123195,10.01039916722458,12.461099626809265,8.492092014724607,10.648653173993395,4.302585312713808,2.365293822463722,3.847039455356521,-0.11199310582767684,3.065335576135654,1.5707307374069779,5.620525766423828,3.2008586345753027,2.627440043444535,3.727344795779407,2.582427117840208,3.3922198831185804,4.883606466324241,4.272218277546169,3.017389972127859,7.72641994222936,9.668878253403575,9.6589523159671,10.92593534200621,10.03701649754795
12.639244863344636,11.949548624505098,11.810396018945806,12.262476045964101,4.434882650686371,5.408317341717839,12.549795512428854,7.520088994187342,-2.193969195648347,5.419318058898193,8.242791719861502,12.393679458172295,5.560585107963467,2.3962782860228176,0.17943204524278583,-1.6752751140239763,0.4107380412462622,-0.550811230916764,2.72076072036695,2.18054895241684,3.781215095280291,7.07753179355674,1.9072521994726337,3.6281909586297996,3.6481469600958687,3.381813924980216,3.5777436049994464,4.062596668182418,3.895149538067971,7.234560717952191,9.076754472876654,10.446741859648876,9.256271348482183,8.468086482926095
11.756128868121003,11.890593044252912,11.510095095224889,10.952945516412651,3.801605245632152,2.8507254073386155,7.454297981695905,5.039362305145924,14.56863699864127,13.719378843502147,8.12683162548242,7.590682980734401,2.913863327630076,7.401508428545019,2.896859615061677,1.7725479512414755,1.917121702542295,1.826637380555432,1.587030082498667,2.973733902854411,1.6392317198285415,3.938597421799368,3.4904434826773776,5.175430694539109,4.407353768131831,2.736376096537592,2.0140860535491725,2.7009630559311164,3.544684837765732,7.046777039794862,8.383989683994889,8.526691365441138,9.530811495131593,6.421160549815403
13.453271700090443,9.75778465210838,12.243602604047428,9.218369559867988,5.077935243183745,2.7169753154131344,11.749024822317637,5.178972280903159,6.486023549484752,14.430476145534879,9.066906452345977,7.623702338356836,7.117422804768802,5.155314371576568,-0.6425157877808585,0.9902072021898161,-0.24477583840748113,1.6852101674811122,4.681199702389684,3.7479455991615915,1.8675264378555756,5.074912700001255,3.928864066628861,3.858365609856698,3.413068076196645,3.987065781947224,3.1171240825336097,3.458950557736905,2.6923741951405433,4.166189848261311,4.861257350111243,9.444947721760629,7.174870978112919,6.875475558468144
11.970741459851366,11.275236346737554,10.668522769876942,9.621292564576981,4.9248204489127625,3.8824345791040558,0.9615383843384665,16.17297986626905,9.903814059735046,10.666201007457936,11.783094653469462,16.39983721755251,5.7807157045738675,10.579426729430708,2.3709083850638795,0.5935433740022029,2.1540241752622182,1.262715937944834,2.8290584571388733,2.5258906066412496,1.1066973307138763,3.185603945364696,4.5681931843980985,4.456303547594646,4.755303178601953,3.3631293080625064,5.055212042459606,3.157957306209691,3.127839069998818,3.1945802352641026,4.228861730260025,4.141794626333142,6.946635173318554,4.002201831681337
11.887688570070603,10.604200091128341,10.870240765923336,8.96163656931867,7.184510941093103,3.1526705275673828,2.047216400633729,4.450306421069026,8.892568194081758,9.068480357373007,9.994218809497593,13.243525385638712,7.054415428535113,1.9625559626700257,1.0028025574861081,0.2834940837796066,1.6656142743454962,1.720792384460367,3.578774544740599,2.771255957070006,3.264023497238814,3.933217388750226,4.48004834531629,3.5838296980936035,3.6939609440081553,4.871104215819589,4.811153055562811,4.773942693060041,3.3536507690449278,5.326272882910968,5.650154906350546,4.444673777591427,9.240308704401526,8.700811352334071
11.764012435022178,9.128274165208556,10.897246703116819,7.372743211609959,5.445047700740905,4.253011600453234,4.739724728595041,3.5701626979584162,8.88640440522668,4.229324924040457,9.890330643515258,11.14139643562998,3.5044506917074387,3.339950169000762,-2.0337282707673485,1.9632114045213194,2.3853493443770426,3.2727413009377586,3.9002413367252786,3.2560882115601553,4.0215021612570565,3.338965525130829,4.020024268494321,4.690913401644234,5.032786607804658,4.26481245260147,4.894305595118516,5.253053750591214,6.2626243092823906,6.110042919301418,5.938243364793208,5.133164311381693,4.752184326450045,8.51902417084073
11.863321500962655,9.861923573186914,9.838176629738502,8.102397041381934,7.442623166341457,2.1472536636284927,2.564873748167616,4.18837150244743,11.88985601128833,11.007444506996988,5.059606667695505,7.003889040600684,6.277844831935976,3.6665145587088688,1.2683251926384613,2.2125394327532026,2.445123673963769,4.255684498868152,4.284717528992468,6.5257053601684625,4.248609980099222,3.2971053480754184,3.0995828386903486,5.020254031183401,5.587718140004889,5.893162540263026,6.467491127807174,8.67788376426498,6.084884555155664,6.791303713829101,5.067787167589065,6.519193647071813,8.731862542540053,8.233312596545119
10.192340838113362,11.071453346284846,10.44531706505119,8.995072934316378,8.647046483843498,4.46132446266191,2.271649052902708,7.4159146674935625,11.800473042406832,4.383635309753422,4.376315354374981,5.481272727278844,4.1162151688663124,0.5444116947811815,1.7569551056190806,2.929079657328877,4.364157413539536,5.514239695282167,4.451756678291086,4.936269898556275,4.695663783891169,6.374843325835345,6.588570233589997,5.1277078528497,8.66698767669226,6.554691932733464,6.979081800063046,5.402147687609343,4.628509286572565,5.511485943709232,6.6506590042507625,3.925135109156123,6.438908286053081,10.170742125909873
9.899470810371916,9.677862588501196,9.863256081851848,9.369084506343112,8.639262510538357,6.606249873137354,3.4786187257613697,9.932291688447215,10.203386254755417,6.686239923892226,4.943269939999571,1.2616419705930566,2.2515653659275916,3.473658428032736,4.736221108762914,10.032062771774834,6.450888384613433,4.955598628916192,4.735316160701698,4.871976724174949,8.614172251692748,9.70015746982276,5.9556123698856505,5.337415322369875,5.491684365385103,4.744749435673948,6.405854904829267,4.423768718673991,4.590936496307118,6.120003120248813,6.222999444618658,8.360431539738068,9.36300392376512,10.22887043663667
