script/wind250m.json
{"header": {"parameterCategory": 2, "parameterNumber": 3, "lo1": 6.000198445256149, "la1": 58.999992894266676, "dx": 0.5, "dy": 0.25, "nx": 22, "ny": 24, "refTime": "2024-03-10T08:00:00.000Z"}, "data":
[rows 0 to 23 of 24, columns 0 to 21 of 22]
-1.2202057774857216,-1.9462170040385867,4.035355574164852,3.3629847496040104,-1.5174707714291218,-2.218788544176987,0.47207359966169565,0.8682226230408823,6.968608268699217,0.29682553179969684,-5.077171432277376,-0.8226050445725623,5.142131884836133,-3.925615701377279,-5.751782408077005,-0.13864645026780537,-4.783761339834987,4.440779588645089,-5.4478391407976385,-0.46579833955861366,-2.6882676940064885,-4.227522490426812
-7.9780983316243725,5.731695737680204,2.4797042494421917,-4.956498813670971,-2.1444204685909023,0.9869913655790455,-1.783986878755784,-0.8720055456039846,-3.718048122496268,0.23464213775001455,-0.5154664700433202,-2.156143054281793,1.8739733519772288,3.5147123011182146,-0.33338593913875647,4.10072711745778,-2.4119153196859315,-3.2584043018233784,-2.8996738171309215,-0.7158371930786974,-2.1894429023092803,2.4607365913451367
-2.5106460833962356,1.778597858965201,0.7352132285841012,-1.7878581522302883,-1.2181895767142392,-2.330336957435306,-1.0513071080670806,-3.590772171508902,-2.5220599652626245,-2.982927710964958,-2.0501350879767197,7.632248066038749,0.8340328577917244,2.654459106029726,-1.0614457860594324,3.1743281939553945,-0.8158400995480445,2.082544623709607,6.802260271493906,1.2006451386892358,-4.032350824068676,-2.1310242250469535
-3.967280042527332,3.2787178806063433,0.20379644670106858,0.6051525586167921,-2.281099629978358,-2.849359859738925,-1.762352427551612,-4.38821995801669,-4.052817276641281,-2.229048026468073,-2.88982012853704,-5.714919889979268,1.1188317299000283,-0.0405884867844028,6.5802255976774315,-2.1748480877853527,-0.23892227546810565,3.739938893416782,-1.8065995047874224,-0.20625406819496828,-2.2507228022289443,0.7449877240223207
-0.8477053197834862,-3.0262875882039375,2.666847818278293,0.14230112702364656,1.1283068583814027,-0.2730192578305707,-0.3763817962757856,0.32694502004700915,-5.4981494786725,1.8119519149413656,-2.7073826946720616,-1.7528417882054121,9.118931683193575,1.299178067902014,2.6396538007160633,-1.9642304169484035,-1.8327166792808671,7.447113750834345,-1.765709852510241,-5.682959111022206,-1.959348829256252,-2.809671610962285
-2.5362215986384227,-2.805055631655513,1.3009920381563247,-3.3540378284925363,1.7529191915200235,0.2414433514218721,-0.559436117097864,8.165809091099183,0.12228980300854128,-2.4288038710907793,-1.700410854275017,-4.329439314994218,-1.3285970818197332,-6.910375302855839,0.6253187491711115,-0.5808134630765283,1.0707632324973024,2.5059406167035134,-1.9765855001490908,2.354517738848106,-2.062852480516057,3.131831800212498
-4.7848808411325034,3.526118386065329,5.753166566417092,-1.6656758680059762,-2.093734197509966,2.2709624905727868,-0.41627682092907714,7.294131459068691,4.406122046353331,5.466962761866085,0.25422616267100656,0.6172165773883881,0.39361573639887304,-3.889131472118577,3.812024225639418,4.895182552318133,1.4554830230021154,5.895812461354475,-4.608118339854537,3.1338876169689147,-0.9970212168256449,-2.5849548900947457
-4.568705554617037,-1.8115679029262068,-0.3743615860266505,1.1285188808364581,-1.6407552985206877,-1.1933886177553092,2.9523664712825783,0.7599049587874726,7.7077562233007715,-0.09224526473413089,1.1090958863156497,9.443370686763,-3.3655451241531917,-4.130951426598152,-1.1460435909193023,-4.706048566603494,-1.266096968078362,1.1797786907794696,1.920699189782628,4.343875262267338,4.382002808348044,-1.3677736551792992
-0.8483905986341775,-1.8064731209657108,1.3108629236568783,-2.7367438977181577,1.7404316290558586,4.0096464888140995,-1.3913601985267086,-4.124115197348518,-1.0390552529136552,-1.4662414848796994,-3.07791167596104,-1.448034373827309,-1.33049082791352,-2.6901391546627913,-1.1352538960373542,8.418205396938129,8.292477166127496,-2.9099291381162162,4.69377603231519,-0.355695345514944,-1.7582169932449159,-2.6254819880514173
-3.535580880358795,0.9406288508316328,-6.067619939619768,0.00449265541825893,4.7169999645716025,-2.595409592023241,-0.3579887022040518,-6.784556666001619,0.6877903899931692,-1.4167451460787865,0.050762749387956885,-0.975495964692793,-3.5012591235537256,2.3139294225383966,-2.3551218251491663,-4.18772173080429,-0.8328225249496887,3.901526928649498,1.0589680805974337,1.4805531239748704,-1.2825893704741977,-2.0455212913487784
-4.053357650399893,-6.410282933797139,-1.3208646464108607,3.998033187735373,-0.7364231485948469,-2.827030183756387,2.9199370989642524,0.32129406499358343,2.5462424017162313,2.8084566876836394,-2.0413155192856136,6.158407293783617,-2.0260223648771407,4.019635471177941,1.3068059366646743,0.9055360210049613,0.11362566043715365,1.6769151522187902,-5.044953203229731,3.7864004755748204,-0.5720078935490619,-1.6776148666793473
-4.235527719551156,-3.9384095816614155,4.116993371292968,-2.4229042661230453,3.011685701846504,-1.721359076806717,1.9833485115908347,-3.340755682526964,6.222311463754295,-3.1742374733630756,6.475275559591137,-0.3989475280356108,0.8778805335431201,-0.9346926297812522,-2.70263530910843,1.5521540964858183,1.2337322096945997,-3.930885521312536,5.202338873105224,-1.8852205748354927,2.3158665302004393,3.2278546123167593
2.6605321211243647,-2.5675748329529005,4.207284790854481,5.547203985347509,0.8364598002251926,3.196138810072327,5.191822644106898,5.863267644462622,-2.5997821008410127,6.525577665484545,-9.546591956957764,-2.4901540110168847,1.2772889493812507,-2.3970296636326993,-2.84042683799435,2.8878360396773277,-0.5887628586516032,5.571902175670837,-3.372142145753129,-1.6814419937913843,-2.6976959615066396,-0.7924299166112752
-2.732294678245291,2.9922805301735522,1.4783139892862065,-2.0147113405499453,-3.689133560465966,5.458034813145436,1.7824417417760348,9.070654066503998,-0.0680687878166193,5.2229048078161,2.7966278633847725,2.678108176104817,-2.6217859079260224,3.9908646433774617,1.6279675236857454,3.301651776256972,8.989165786211027,-0.0846688535310057,0.44637932700496935,-2.657966689677937,5.760840869540492,-0.375673059748842
2.1926652485793814,-0.3614888114073314,9.983710628820676,-5.958828554406149,-0.6055308195908502,2.8308775326493514,-2.7678695904533233,-0.3504959110122185,-2.774168626109409,-1.8000178535286464,-2.689248637244695,2.9935950400939864,-1.2821151038036243,-0.9876587183695248,1.0620947729072923,-4.09624520476967,-4.544725749189675,2.379422707727965,-0.6947912274411829,0.4118700776056362,2.684566997637771,-1.0612241180940387
-1.7991113751001593,-0.08868326534087914,3.084135836661614,3.189425330166961,-2.679988821346232,1.9568133454832242,-4.6366459960483954,-0.6901655434504113,1.2165635294416948,4.135406786108235,-2.107998595160975,-2.2604802307548946,1.473228899170933,-1.6415475276907503,3.260518247784362,-8.059664318175377,-0.913447066411964,-1.5538995869984236,1.3394132976332525,-2.629116192136887,-1.4685100909409985,3.05426913859377
7.741809052851005,-4.2512511871175525,1.4098631613820876,0.2985700389662061,-1.6593124934156376,4.900973431297609,-1.5049342393177718,-2.6074262742810554,-3.042778627952349,2.1800148247638425,-3.6860517061731866,3.5340153296728043,-4.93068988803496,-1.041519294149417,1.2270836384886445,-8.581105109524255,-7.133988163857994,1.54421468964049,3.7825876114977643,4.163902833385828,-8.79852701956781,3.6229970308214225
0.08607296204718577,-2.9567603344511832,5.344377531268313,-3.6010689257108037,-1.356916007923225,2.1844798575515867,-1.9833251286214912,-0.3845012369684024,-2.6732757750039924,10.343919075575492,2.832565053140709,1.700506516458037,-1.212712134368131,-6.310176738696341,1.0061930930079084,-4.71047320272221,-1.6364652052645863,-0.17301599573578919,-8.837553928533028,-2.146600818285858,3.6120678954801133,4.768143882563856
-0.9975583730039655,-2.5994701182355744,-6.044211342183267,-2.6046976901379955,-2.0687915570351905,-2.85735118690658,1.3445137296105174,0.9285555703612525,-2.651323535235166,0.7326792503698717,-1.443058386301693,-2.134313138032359,2.2286358313445964,2.10101684131408,-2.0345889928447174,-3.530549381172665,6.700689542723132,-1.0201237970111847,3.71526661654742,0.7557201968248388,1.7311945406060438,9.168437724424276
-1.719726984627059,-1.6226485357724494,-2.039000305719196,-2.087515899817688,0.24854972621173732,-3.3079683253921837,-0.983391424336419,-2.188170615260028,-8.01986719670607,2.4054273864526623,-4.369194119426221,7.523185533035169,-3.715503343601039,-2.755144491504526,-4.368665673421182,-1.9029113471352672,-2.8480075627299275,-1.8037778977232999,3.0638857958835684,-2.845365809733462,-1.4530924738841688,5.816740881373094
0.7419773883101871,-0.8563861110457703,5.265887122215718,1.7155638744026276,-1.0482165138927955,-1.6150969887078024,-2.525819435088367,4.544262321562407,5.623009252445259,-2.034765816013937,-2.6123314461456437,1.817902435690801,-2.0597346654498536,-0.9112838356487817,-0.8358233792813898,6.146191041042402,-0.6114527621905067,3.1684433136766366,-1.198658498888566,-1.8257401413326653,-0.09507145875041259,8.259838406526407
-1.2790924489210833,-2.8362357046131867,-3.621097116566565,-1.0511812959925197,-3.9168943605797515,-1.2290763463759369,7.88731940930497,-4.079820777980513,-1.2366234572099997,2.8952228874818937,-1.8133597134184933,-1.999853857427129,-7.193031753891416,-4.266896519532628,-2.1667086603766887,1.9358602411218804,3.8486768156633335,2.5264278042058215,8.066022060370043,0.49232465421460414,2.751851719010209,1.6798559919068496
-3.2161719802443494,-2.5474293086900444,-0.7757831987260527,0.48417018813537294,-0.9591638876677517,-2.3195218874784085,-7.392341252620522,1.631149736293832,-4.35310861283307,-2.6398272955148383,-2.0290809155623815,-0.7493318015455184,2.5516208209472526,0.5073243658881682,-1.3005088131782483,-1.8049401693632074,-0.760229661585082,0.26789196724844716,-2.074223076667944,8.463845213873721,-2.0098367535786363,4.751010558365721
-1.8807970273290489,-1.3768618363976717,-6.46489530485355,2.578917819927143,-1.4200427664750666,-2.472810950510188,0.23585400769225923,-1.9565532827433207,-3.5187951169778784,3.011931556893575,-0.3530773768273803,2.222134616646237,0.868002158699283,1.8763244153656398,-2.2444267177727726,-2.6045582209104476,-2.3645712152194966,-0.7773080653409867,-2.5641245047411854,1.7291686593362168,-0.8890412005198951,5.834717033704013
