script/wind10m.json
{"header": {"parameterCategory": 2, "parameterNumber": 3, "lo1": 3.000054539987559, "la1": 64.9999836372058, "dx": 0.5, "dy": 0.25, "nx": 34, "ny": 52, "refTime": "2025-09-05T14:00:00.000Z"}, "data":
[rows 24 to 47 of 52, columns 0 to 33 of 34]
0.697828142020989,-0.39593565034336675,-0.8049335360109781,-0.07859735116124178,0.1648400048952369,0.4496883742094158,-0.10548840370195034,2.1941035876523034,3.2152468774709337,2.456461418747545,1.8368055448819176,1.6805559839713282,1.3623010305166114,2.298485787203197,2.9490697453667143,5.177059835466571,2.7462541746740525,0.4299243971547944,0.2725948519119719,-0.39805385092024603,-2.4614230373740353,-3.7259768034682366,-2.010550882477159,-0.35544143229326713,0.5108451333966971,-0.007666980778899618,2.295187322461543,2.852288603322015,2.4116906540204845,2.5865763045659533,1.5023110163522566,1.8451949114759134,2.8870791588450415,4.701058163293931
0.3672731772555725,-0.18968452483974166,-0.930490326890409,-0.8189999514110503,-0.5211727179327725,0.15374748640081365,0.23191089962203812,1.9637165623542634,0.7528495894450145,1.3437219852132745,1.9979639421616358,1.2867936770458273,1.4507363488440765,5.874167857229372,4.984187354470919,4.004776504232094,4.1209842020615515,0.2035602869286443,0.7136716773252081,-0.1911883880310967,-3.615444764798774,-4.732789476481025,-2.5505454946244557,0.3499790611285544,-0.1702517434939149,-0.14835373949439767,1.7100646821771102,1.9427590891151854,1.915426791303673,0.5081839588146967,1.302034241018499,3.0504866315794774,4.962700646791401,4.783145520592587
-0.03689507123151041,-0.5687912445459438,-0.8646704696520918,-1.3255197003999881,-1.7513120947304481,-0.878147513500129,0.44864790201639243,0.620770654301662,1.4106032798426826,1.2053724638111754,1.5628325848396272,1.5005537662952024,4.404397329536733,5.730415789842721,5.353915184412545,3.577377909530761,3.654914946255382,0.5266728560704714,-0.7478662100613118,-1.489713165308891,-2.1728866363610084,-0.4259797164871182,0.6831966355128454,-2.9616529878187445,0.955479830212519,1.8879716089592864,2.10925203198425,2.220709065966872,-0.10911079352206354,0.8214741876616463,2.608501929353605,4.166014489639393,5.114818898388113,4.457278726549455
-0.24390381979491704,-0.7628090361944825,-0.7629374224680368,-1.3083367414324538,-0.8618931083765965,-1.5363978475717752,-1.2669410877581626,0.3457955826771551,0.663554919287003,1.1825935693554868,1.5614025655612271,4.7975707909555565,4.490389457585169,4.732199773620512,2.8537499922812892,3.993875457684219,2.94908010604571,0.7063699402458977,-0.888232629351198,-0.7891788263289229,-2.713377994106721,0.08937727527799175,0.6504263921403984,-3.761844283798555,0.1726702956591602,1.203511637132357,1.4762609872570556,1.7947670826635318,1.0107616009671705,1.7650488482520041,2.0503057779094327,3.9237796955343742,5.000372183251651,5.079223170958666
-0.21178112708906582,-1.2160740728788397,-1.0315967276089426,-1.206202430121995,-0.894386818550994,-0.9940248377600255,-0.6342033833512226,-2.220889034516695,0.5962046873760405,1.3613688133013464,3.5944157495132965,3.2270352039693866,4.158103789173793,4.103689467715098,3.7982602386979765,3.2181932201451,3.8225283294276275,1.8415648084302676,-0.23393086195435245,-0.6954532333708953,-1.4237050022434583,0.22466054013794656,-0.5940123352951339,0.7229651160691531,1.7007494945470871,1.2843144886896336,0.922698075590162,1.505715229079674,3.1578322387512774,2.6238674905444404,1.8848668352058149,2.856060849503617,5.0902775316681925,4.18303832021054
0.05233170727773481,-1.029856205299323,-1.869615473085709,-1.8809002308189173,-1.3608511971222852,-0.9540462763687784,-0.5789750328946953,-1.093992647483036,-1.0746667217811612,-0.016907293669936492,1.796033900358142,3.1067611991658217,2.948968775150361,4.142938224970273,3.0419393164666304,0.9734695949423168,4.3931610401061505,2.1143306322249806,-0.46245944459867705,-0.9387375986910115,-0.09546132013930277,0.5802696350619749,0.07864332266599877,1.312668203415205,2.050673404318212,2.1572125500249193,1.7277592083886457,1.4461352092398487,4.767458868627474,4.659064856889293,0.9462851234490705,3.280358852282869,3.0650367344079004,3.7231087945274792
-0.31198342897379755,-0.9517672337015088,-1.6431018561234216,-1.4910784886307678,-1.9271154531370591,-1.9987554593413979,-0.8704445718351573,-1.1552346151265511,-0.9069757270570705,-0.11112727881325357,-0.21278662002824827,2.5441339915932057,3.73269854444993,5.0038352639881065,2.0185010707155686,2.610315615784938,3.2157204462633526,1.0260445950340706,-0.014191662345227873,-0.29815378294001194,0.4448650339989582,-0.1586493352303089,-0.017386042852070484,0.3712991212853083,2.503049931171792,1.986219008676752,2.2085055031049103,2.238841539680918,5.515701439474795,5.782846435566798,3.6068638231799537,2.6957032822005087,3.6074418098593757,3.329821496239992
-0.3932802807066553,-0.6037547783568885,-1.84932832753725,-1.8584887917029502,-1.2429756243106655,-1.6862637212706801,-1.2692803811788933,-1.1571416777326653,-0.5925151669604203,-0.17713707771443674,0.7999675991049372,2.1004682650117794,2.1161669623507415,1.2503969274339797,1.7698472011519313,1.1317700215044464,1.0388118595492413,2.618981346203155,1.301064011352409,0.524303108838443,0.7156982342000742,0.6546345809932838,-0.43527748214647227,0.16916828903456324,2.4323479942044015,2.3315751092699255,2.00965649313556,2.0749585625446847,2.4234860910747087,5.660058005870044,5.282714179428118,3.3226716844172106,4.257967261948671,3.4749096282006713
-0.3919184803017243,-1.1924471667581371,-1.7967465124840012,-2.334750693430238,-1.642237929333205,-1.1302124288190334,-0.6910802408277547,-0.5886659666784415,-0.07184392477875877,0.4631672129090056,0.18442517220888377,0.46554115944807467,2.1066214141304127,1.0384092831903216,1.3212689257633194,2.4475057370984383,1.184134985509242,2.8587891951733457,2.2678539677461513,0.05964760510713308,0.5759785780862338,0.7478922821236892,0.013517321069831079,-0.30563732487211226,2.037248802748964,2.292269637723205,2.5159752949104317,2.8423758613489407,5.409713380966847,5.625620714061105,5.733535099628811,4.068676637015299,3.8710947256693298,2.667613994422863
-0.7013692488281054,-1.0696252260904189,-1.7119123880028633,-2.045488210396277,-1.940900220421908,-1.130593440989812,-0.993842064083357,-0.7038046341298447,0.11763604907282042,-0.0730958437178123,-0.259935056331937,-0.20266033785706644,1.086336684554149,0.7431960603559322,-0.13275270253803367,2.8325913412213723,1.317052488463693,3.4891575124039185,2.8901994130722457,-0.8104001738073304,1.243624945821261,0.54497412766249,0.10986331443643708,-0.03551820884715879,1.963601390116361,2.0068471719001364,2.3585076198152812,3.916712029095873,5.206117298125992,4.828392731833954,4.827496372838427,4.037032419613433,3.060426004267651,1.8356425989306764
-0.33079950479738185,-1.1090852188829001,-2.0070800312313266,-1.9068864067174036,-2.0075043078548975,-1.0447080341033024,-0.3859983281478483,0.7845406611373336,0.29884622682071166,0.07982182316444386,-0.48361366611115547,-0.6632005965165255,-0.2057016468170279,0.6360834258437759,1.280574459006065,1.4006395564720917,1.6146851966741653,2.8009732967668004,1.5037827552780634,-1.592486749516675,0.9558518007534381,0.180701347903766,-0.18880398015315478,-0.4465350260630652,1.80250599283371,1.9559303404098554,2.4287427187809323,3.649078483841745,4.878092271445491,4.617767191144449,3.8449419666853832,2.7304185638574956,2.4802845694346796,1.7327224598989
-0.414787895014694,-0.994756926445781,-1.2761423236991771,-1.619725264738604,-1.7370524464435515,-1.4072702653054845,-0.6660480785084708,0.8960701828783572,0.44368182120692684,0.2418800755050021,-0.3628671602863323,-0.449015566729784,-0.12476883519919285,0.7303168390937742,1.571303145678887,2.808396950542156,3.9270991543349902,1.8739347108498778,1.0465609832903544,-1.2987833037508392,1.1292712152455793,0.28665311504882407,0.702394151300985,-0.31846607983529684,1.4104541668088428,2.276218876520406,2.722461515700087,4.248800596694683,4.058846212116886,3.716703390939887,3.19175989334183,2.273933387703894,2.0064865383696135,1.711428736635724
-0.44471905005681717,-1.077366510645033,-1.1560429434640571,-0.9341840611102178,-1.0061637049591476,-1.4148782234076864,-0.620126284454212,0.23627977810389797,0.4087710864972808,-0.5265753094940013,-0.7320479113712606,-0.5011565464168021,0.25005982867203813,0.47113465560138046,0.9502599852950298,4.352769832924339,2.49791898492467,1.5828672399249386,0.2536910161115176,0.12581193599101057,1.1212237251882142,0.8110999111781837,0.15708471961420206,-0.36162036959055727,2.173717408580605,3.0436059102910877,4.074995662082473,4.539766131400716,4.027557344587735,3.584075157197357,3.2217894974143584,2.78830441944406,2.2898573192684375,1.0950668451810361
-0.4810153760998753,-0.6557470547757045,-0.9090271266081936,-1.2689573693198835,-1.3722826240295123,-1.214818974020812,-0.8084374866491184,-0.3236081704502386,0.07772645111612714,-0.45264103570161307,-1.0440759292836568,-0.6958135488187089,-0.24600262055167166,0.06280335450860058,0.23444387044828716,3.297338120168207,3.005803392123419,1.1426979921770306,1.4748326160830476,0.2066260944463421,1.123951396385674,-0.14080818735851597,0.4661877840943986,-0.13019765856335894,-0.45531617617665654,3.992051749607173,4.11506611380968,3.954357555545998,4.2751819721559485,3.429250560276544,2.6348938946439793,2.315369582758671,2.2213859573423145,1.5544555477251327
-0.25871252797050304,-0.42611801019096057,-0.6195073595063391,-1.0748388727701699,-0.9655255751675236,-0.9373750765005713,-0.8503344633796595,-0.7190752875256318,-0.3495780665910661,-0.5980249600892863,-1.1945534288580626,-0.1414840052631326,-0.005937519614859536,0.4822780035463083,0.29046917881415757,1.5067986082621454,3.008564916183366,0.9158011787863216,0.8933080737977708,-0.0005161661223902194,1.1647695424341986,-0.8699832532092722,1.2660636735962816,1.019209069824213,-0.02823865080902646,-1.5258822016992124,3.9477795672541762,3.969832839222977,3.9659472451195867,3.526784672822012,2.7912226417870927,2.295818237889474,2.0767582384539383,1.3361571843866988
-0.15451065755955154,-0.6081577974444203,-0.9744842696909728,-1.11771691479194,-0.8808489155450057,-0.993328813587159,-0.9918413199920019,-1.2585342745173809,-1.023840730691351,-1.087470453945755,-1.101206449564677,-1.5156468522077777,-0.21382387704129308,-0.04237772840106205,0.29789742107421685,0.6788741406366586,1.4018610251234933,1.4723850861805032,0.8337574257526457,-0.03776127580808758,1.044592676779255,-1.3743669803979788,1.6123706768252122,1.740001830471709,0.03853497555565667,-0.5737665464280495,-0.7537945853242829,2.543239811748802,3.7207657156015124,2.6555564971929715,2.604597599904492,2.110202246390479,1.9274050277311,1.4172572276742896
-0.40481452553877995,-0.5754030608931996,-0.5356297734288737,-1.0804688942347747,-0.8444892036324195,-0.7212779016059261,-1.0027616138471371,-1.2230557117143015,-1.3213602168834129,-0.2428231364365497,-0.6924397089719405,-1.8033373825737486,-0.5846731797839745,-0.49078552313273044,-0.6931000516678667,-0.83874649191875,2.0720167384746504,1.8775694744312474,0.6224539757760029,0.1964566544037527,-1.434595798009224,-1.111527740236794,2.3762171269418015,0.9289266082447405,0.286744625814381,0.9958219644631632,-0.6052469969427164,2.5488339930562276,1.9956376716705673,-0.24410986714034155,3.619926935960458,1.0951925823632118,0.4624426638926145,-0.4458920825939633
-0.2989311639275506,-0.5875721094655779,-0.5128175624537789,-0.9262961160159898,-0.7960597189345776,-0.4944655991800719,-0.9804866928983329,-1.6129985522867019,-1.2981018694508453,-0.5367634362038413,-0.7098710961543658,-1.3379961706640777,-0.4481229765722469,-0.7666312519071278,-1.799861751011902,-1.0718827507105728,-0.3629728070168943,-0.31844938758709757,0.8715120386407188,0.43245267035943674,-1.4482571607973793,-1.0482447044475611,2.316379390953171,1.6367641406781985,0.3699764138251978,-0.3714602767693341,-0.00880570469517388,-0.9118251360771534,1.1618713276044481,0.39663870473219326,6.1778873380066965,1.2008587307132859,0.39317337044346096,-0.06653715834284425
-0.3882416138551522,-0.6152629748503828,-0.7772380091693936,-1.0410321158594527,-0.5224147016998523,-0.3882975938389592,-0.9463937096376205,-1.7771236135609227,-1.257587329299808,-0.8775716685703534,-0.29976345504320423,-0.07891161166208845,-0.7870188625389714,-0.5024657749739178,-0.6156726555250142,0.1566225088829522,-0.33716927060979124,-0.32057576738793514,0.9806887277812915,0.49342269147528106,-0.7192374822755624,-0.18092163307538775,0.3401968045060481,1.9527078336798867,0.9736207585691328,0.23863429398105906,-0.28447620032861776,-0.6109851078547065,0.31708356816262956,0.8680481474856028,0.12454456253845475,1.3821070796744097,0.19657875678267528,-1.0839003780641552
-0.17703013875717238,-0.12520944429462394,-0.12519723828770196,-0.3367321555387337,-0.16224841555326514,-0.6557379196138484,-1.2259247566179516,-1.3450353398051684,-1.2787806573676896,-0.7826461316699856,-1.0074359380238451,-0.7321068168461266,-0.24844376263397094,-1.002234162901242,-0.4893640262205832,-0.48550456499823447,0.37969131838125963,-0.3624886818030469,1.085266432707289,0.3482730982850825,-0.04311290492744856,0.8073570890011716,-0.17744268084854425,2.255761437755491,1.6593638769569834,0.02724812158905902,-0.1848813187739111,-0.8533861317851851,-0.4472526020953175,-0.3398282856668516,-0.10700160985488726,3.337613627791063,3.2839753515742474,2.4428040337417705
-0.4366049052740728,-0.7195581676879163,-0.7455090593407392,-0.8081413346426598,-0.654226149846512,-0.9482753010695774,-1.4487057584083063,-1.4138736623578048,-0.931404589790439,-0.7170862505444132,-1.0229524058635862,-1.272791388061657,-1.1914571397443943,-0.6212797901455533,-0.12288291601201921,0.294288412431383,0.2952165624083249,0.2039347462107772,-0.15494733110661532,0.2876806580401295,0.7185162286380465,0.1331064861832326,-0.45204622141623146,1.9219319650031066,0.9231550234801962,-0.33263171638523,-2.094365144844067,-1.0891974026904965,-2.0048982231924497,-1.2798624735973525,0.5373040708209443,3.375022630529241,3.1221630239663205,2.9893237254640828
-1.1394407331086756,-1.283372175677992,-1.142513248670678,-1.053453248176844,-0.3970686820367568,-0.26948118200477733,-1.1385700075757674,-1.190741197208583,-1.2825447070105116,-1.0756792428857345,-1.7666843018791247,-2.5299902656207363,-0.9876371485642353,-1.8622464077492433,-0.6137858269671479,0.656990838769185,-0.6084566988734758,0.19823160888027921,0.5848777620829051,0.44126173534758767,0.5939000839744701,0.31432592712742347,-0.052414312345626206,1.0364682473285465,0.4398110788262115,0.35763614450137465,-1.0778801495476673,-2.5686179826128144,-2.193215807349768,-2.566842878826112,2.565154096201617,1.2600654705361307,-0.32636672664782407,2.2913268052950047
-0.8926447408698432,-1.50831429267672,-1.1024717519367473,-0.89366772361271,-0.1984527654549319,-0.18419783953121696,-1.5120450102825376,-2.480816159688535,-1.7286766109167873,-0.729547756786471,-0.28791213172681,-0.09774410544206323,-0.9814211854791917,0.6680198976509958,1.267216560149509,-0.1781764831722008,-0.04921433450493855,-0.06868602044169297,-0.28546179178742204,0.3573682953168119,0.6627045338866575,0.4143485852738552,0.08310343268316554,0.2140590743895882,1.0766277818217305,0.1265425498030812,-0.3337623060067725,-1.315108519426287,-0.8269665977011471,2.0502021496579546,2.228744694478143,2.8835422868017577,2.8552526079207543,3.766743737207212
-1.086978581311779,-1.6690776350019438,-1.5639050106020553,-0.8310861941567679,-0.42274434742217487,-0.3143747838396583,-0.7795585568868066,-1.5650467238681833,-1.7844080106132068,-0.7796732091863888,0.9756210077731835,2.036795054293991,-3.0383189408773768,-2.1431851720315547,-0.5224613830762169,-0.3898705467406906,-0.3621804075045859,0.18091686419466876,0.19254659086589374,0.4316400166193342,0.4931054528989368,0.3467446285508078,0.25729841102083933,0.23251931878181134,0.6072299983516712,-0.057816850572965275,0.11193349802678905,-0.7331260552436886,-0.22117452392266593,1.5859703880121137,1.0945146990747643,2.496499208313383,2.917456888255675,3.03395726105678
