script/wind10m.json
{"header": {"parameterCategory": 2, "parameterNumber": 3, "lo1": 6.000198445256149, "la1": 58.999992894266676, "dx": 0.5, "dy": 0.25, "nx": 22, "ny": 24, "refTime": "2024-01-20T23:00:00.000Z"}, "data":
[rows 0 to 23 of 24, columns 0 to 21 of 22]
4.5571954296516015,10.178514573846533,6.479040262787488,1.0689442818384614,0.40491369124071186,-0.6106611992345969,-0.8197041459465095,-2.637865045100737,-4.537587540232623,-6.567971552516801,9.812604892786098,2.5483160324193697,0.8649814935248711,-0.5804950360973791,5.277212474813232,7.9766259570857265,4.316953678723763,2.577561632315545,2.554688591865428,2.916648336634252,2.0449790667284446,2.2801981930105786
5.26893937330364,1.4276941206783311,2.6319776377981907,-0.2626513978282432,-0.40641276657447756,0.6382605947813521,-1.553388780395179,-4.901740891785071,-6.137472616441471,6.600109930237758,9.20856534842359,2.274446928278181,2.9744839820364244,0.20437649756554077,5.195446401699842,3.94861211772309,3.9134894932848163,4.956847424338508,3.529862368095554,1.1582430247758195,3.017092629744222,3.4583581993344157
2.760358946667202,1.8486804922274296,-0.13304383182194146,-0.802672381676109,-0.45942083242939696,-0.47017620570402846,-3.7979357981095587,-5.567385218540296,-0.42630556862485264,8.92995091347852,9.555723458359394,5.284270533216861,0.5689552044799357,3.6224138630313165,5.528835391714522,5.885243195439609,4.2255005531850385,3.308512180370212,3.6786580318052047,-0.3723549652011492,3.9889467281639095,3.6085265798615738
8.486069534090571,1.6695061073559228,0.9215103956789056,-0.6876060482766618,-1.4123815310222732,-3.1022967153966494,-3.7169325203099093,-2.965881685267844,8.379101385761222,10.59381996703437,10.58388132551661,6.461475531011305,4.548893342490621,4.112542035656538,6.180284759963308,6.403666715375958,3.496999506419176,7.8973501806795685,3.3900115078354327,3.010389302431591,2.6047669176915043,3.3444709408649005
8.972562855035576,7.825614954787882,1.3629266005901886,-2.301670821675785,-4.02070537630629,5.054988569519537,7.737581234963221,9.130109936305837,10.31079824159439,10.92464019640948,10.955849553476227,10.639214953825693,4.660385856631395,4.434693246541098,4.685690802207627,5.509727077048539,3.8909920353901986,4.909919048724895,5.1914655318704535,3.118242756949058,2.6474906528721234,2.787831778107142
9.320149170892744,8.317852607123434,8.294629251358508,8.07798006573907,8.055994944220627,8.648244411651222,9.315625689842957,10.274010521561928,11.245120069850298,8.133551626661172,11.164489590597796,11.29496071584358,7.088891948007272,3.7518763215849833,4.3941062138600175,4.042904025105775,3.776543954529099,4.437659704136057,4.2614330301409336,2.529091241638147,2.434199581174322,2.602032636952176
9.586229818535326,8.928014072261279,8.767721737717658,9.255970457999439,9.339034197222977,9.56350550474141,9.511135428190888,10.581421590576223,6.835972678415812,7.0079622162947395,10.92051537622272,10.96941349430741,5.751630711321137,3.9187061909505103,3.4690369247818973,3.5065870789334816,3.5874419035536507,3.8702152831783794,4.0354752302778865,2.107984498628186,2.7092132131270374,2.2397002001183206
10.137868679206019,9.686687977371458,9.101100055425146,9.420884502768482,9.785612389415242,9.384830340299574,7.596288763517482,8.443875984309171,6.480223653496328,5.516844004122203,8.7008003711979,10.759340450850315,11.016779993101146,4.921458116655922,3.1145890637424314,3.0589177960683904,3.6391164138716148,3.663332855275167,3.999296663627284,3.3137667571471994,2.179865795501291,3.6368175323813574
10.346815133736348,9.912066352780661,9.677925975657375,9.417932632322845,9.55703530722201,4.7785041398832835,7.8876713909770775,6.872315866513656,4.7006861972319305,9.619949379797417,10.591726132267265,10.338372027148333,10.552305544736395,6.026645986645081,3.403902156183001,2.9365699686732722,3.689910362576371,2.432915420842265,3.5791216877796908,2.8389448068318486,2.246296313804172,2.812806483111992
11.009950533161849,10.07766018537619,9.860239172926255,9.541437756845866,9.137995773180618,7.5841778921321,6.759342547739206,6.768626371766414,5.5890172632273005,9.043999362695924,9.48514359799714,10.871259178010954,10.698099827876183,8.792884187628237,3.670280644209452,3.089828680753208,3.0335471642331644,3.0216080124815288,2.2014207071308216,2.173062130935,1.677621731608344,4.677182917368761
11.1770323247523,10.877542367586733,10.269607164571909,9.955345980819725,9.202925978065437,7.129344024291551,6.928536032991527,6.461856452449721,6.659353754689467,7.666795460095714,8.851164562719484,10.425843774172828,10.340783306224823,8.686223984965018,4.411614816541451,2.2370311868573296,2.5991502521023593,2.9280730244302915,2.589497297541654,1.6847055659090786,0.8063201807423496,3.2510714095130635
11.366765334749358,11.17016302411777,10.780697162556464,10.059979767206789,9.313619082186015,5.7214658582311575,7.073645376309301,6.560958510935131,6.415149384374769,7.306271267804131,10.91046514528651,10.251473210195368,9.068711142575625,6.956812497112083,4.06158357719722,2.597746188850225,1.8815566725101036,2.6507855435900876,1.7539940222596733,1.9532114485910694,3.8188586239077598,7.481897715524259
11.559020978673228,11.263563351084828,10.980229618341227,10.25685616406207,9.75679443960638,6.981801433433792,6.078320777386829,6.439373958978095,7.5342726314592605,10.671893471397102,9.844186649388144,9.260381415534273,5.3011654522247555,4.11341815070318,4.346162792986543,2.870836999944276,1.8565340028532888,4.644132854096707,6.923370104340754,6.430178906379972,7.226376904524656,8.076604506696466
11.779768734861426,11.43756016044275,10.922566943688642,10.490189613058647,10.124065225592057,7.819800968369597,7.181490037652807,6.482974214323205,6.904677705459435,9.488424032981257,8.502739856843945,6.553892400048262,5.935006013239013,4.350494815003973,5.685117308569893,3.286323949965613,1.7414599257079904,3.5854716471599524,6.350739545122127,6.847493610818871,6.494951552519386,8.085390487082549
11.940151376497656,11.6515802754711,11.286001416857802,11.391393185415044,11.727489469891458,8.013252816417609,8.04114994122888,7.202737248008445,7.119128323871177,7.417307237680771,8.122978259371619,5.804943880475004,5.26910307903816,6.472149145427207,5.283753726748845,2.7394566911316343,2.309993899043104,2.4605422434220703,3.0180080805067844,6.838233899478402,6.3032635167908655,7.519796727282515
12.228483505423025,12.375917077958906,12.068939293527215,11.953027102264098,11.459400853050163,10.031252863871302,7.467228462225814,6.710579878257654,6.513384688339279,6.014954600599248,8.338470251596902,5.628908205628016,5.177167207900108,7.160010186703327,7.9380388814367615,6.243003038922235,3.776910136119691,2.8859337230072613,1.740477922137898,3.0639629640452277,6.303087785419158,8.286757764141537
12.897317567832037,12.606713363765936,12.443433946366214,11.674053753530414,10.604341937447666,9.61937173337198,7.157005711853598,6.96400059145691,7.286868070141837,7.4190285251647765,8.035913921997157,7.136756795914232,4.839484911575872,6.225945071916546,7.9953909803282555,6.2974031120760205,4.008839158274499,2.3764815871052165,1.2054026794643997,0.4678745434330054,5.6607914052256705,4.536939055554707
12.888902658740959,12.602473069413033,12.201256508197439,11.1203381105375,10.526460754147397,7.693992999941252,5.9312088655446935,6.4516683976301366,6.734802329877866,8.706751564120493,8.376740666864151,5.125490784808836,5.627863124312592,8.439891680367813,7.224249268913334,5.750844726480515,3.9380214222119925,3.0394368231408952,2.111153394819991,1.0287479729256432,-0.09442081693197071,5.7867291058592984
12.942092028163236,12.46161380511084,11.735905047750926,10.973698404919169,10.24961613015227,9.470992389679054,6.818455248411033,5.101512481583555,6.916187803278285,7.840569798994565,7.306137139944775,9.382168658523328,8.976007615580418,7.187741386788625,6.696671190291384,3.3058090507786826,4.549559207804123,3.8106804269252814,3.582358348391033,2.5990299179265866,0.40933130423808234,3.148206116784716
12.997284744570345,12.116310454519903,11.541370147132682,11.15577898493508,10.797689211469997,10.269087074054557,5.768278245701008,5.324518995983694,5.327620593944935,4.779118592680989,5.056825045924226,9.625579708010862,7.708150005055293,3.9934136265279165,3.3513883931955935,4.480837064283216,4.417623062419482,4.735102027018536,4.759754215439627,3.874517198210421,1.9733417469729861,1.0315091482528655
13.075565130615933,12.377102652598053,11.797742632412543,11.083922856245637,10.946051298954709,11.191427972607036,5.824583170154822,4.977746338945037,4.2812921661151995,3.9935384645452827,6.715205564818364,5.846238329476023,4.096832402271202,3.459506680031794,2.943361671910005,3.4232000281142203,3.751821790576432,4.647817676754324,2.3836747282272186,2.0295903128324864,1.1270819199149427,1.2310036780033433
12.609471683819383,12.561260602531915,11.528594960668363,8.980269468158635,8.962214691813795,8.890405554805513,5.125472230772511,5.641024941751732,3.8802395091038497,4.4110930279591445,4.611205629741415,4.985780082244914,4.2692614928038575,3.440021731671168,2.449324210259456,2.95032119971622,2.4793255615190883,3.9116363822973836,1.8619372812695814,1.877260283871682,1.652115398134723,0.895870155572234
11.498988901983806,10.774431091029328,10.002876242908304,5.921016071587621,5.607140802191973,5.964053542115227,4.308266406470499,5.1504803232094565,3.755185090437094,3.077778414863319,3.3013685814626497,3.3801526556932515,3.7299527122577345,2.7381148833238558,2.8716112990372666,2.555674108763497,2.4158641209302796,2.1013145232392634,1.9045942379525784,1.9497379384501852,1.3429157436508954,0.8975131445655005
6.342810840012193,6.033703980001211,5.765763501893842,5.6916967721364795,4.388176429943802,4.9180445258467085,4.556109871706401,4.433643923564926,3.791681828765125,3.6488016383717765,1.6036015341859966,2.935896053506599,2.766683866708332,2.5796504108466154,2.5797473649845806,2.114401330488433,1.7568111454614768,2.227908170533188,2.085172126114391,1.2982223228478638,0.776068089452865,0.7529313850890026
