script/wind150m.json
{"header": {"parameterCategory": 2, "parameterNumber": 3, "lo1": 6.000198445256149, "la1": 58.999992894266676, "dx": 0.5, "dy": 0.25, "nx": 22, "ny": 24, "refTime": "2024-04-25T04:00:00.000Z"}, "data":
[rows 0 to 23 of 24, columns 0 to 21 of 22]
-0.013088645200135784,-0.21394136621545565,-4.353012973436034,0.38364365170393677,1.9068000233806437,-3.3903573896144246,-1.2447710541192765,0.9604609933026956,2.606009501623182,-2.6069451332814877,-1.6920343682080023,4.100118520120699,-0.8005755690580983,1.9578772613806776,-1.8036476034879274,-0.8264759179427394,0.15136347666522704,5.253893650150032,-3.6637717803335277,3.1454905843188947,4.864768261986765,-5.209402738310887
5.233318193793609,-6.716891740179343,0.35013528361481117,-5.318582142885009,-7.11394536262032,-1.782142016112335,-0.6778169579566871,0.20401459735640284,2.694050072818726,0.9061490319355687,1.391453349035933,-7.608647748626356,-6.397486286617386,-4.448833691889729,-0.31141696737163665,-6.169335908167005,1.4721866105455848,1.4751301119990243,1.7828376469442264,2.1820367691656295,1.188479365308151,-0.15797662497058768
4.123281392995063,8.056831484959742,2.6488852939736116,2.9274526172360082,4.55415341408158,4.6132072465542295,-0.9719996068066474,-5.550990207863484,3.7152234694162316,3.906338472764081,2.6940543319631622,-7.189428791654859,2.180901593495273,2.3063693350804106,-1.1907990230868242,0.1428963647505864,-2.349019325610802,4.043867906684137,0.9697403987941433,0.8573788001776739,-2.217529249816297,2.832870851738708
3.4981074113657873,0.2321798820941171,5.281973134712679,2.4573090895525334,4.114871062073686,0.947062995954468,3.478284538781199,1.405688842351137,2.8018049717591516,1.3766224510629734,1.5226905495620868,4.96593028295233,5.573758617777662,3.3660314400607603,6.80895674134498,5.805375318154873,2.3566359473853518,6.0405855937537005,4.179706820591591,1.7175922851784544,3.26060216731825,1.8897377281208172
3.8660287154010495,1.7886499959983635,0.1384608248850757,-0.8874448060908876,2.9775433872451464,4.989744531425218,2.8876739568271974,3.1357588150095626,-0.47465136625187815,-1.586564763576233,5.949106088577484,2.5980476386222287,-1.0673672775637437,6.32609133422181,1.1399266340402252,2.348657503014894,2.327471537522591,-5.023984754743332,5.546254629265066,-1.9738618727899475,-4.617177934768816,1.3554733898730225
5.184430995464108,2.1178817540811727,5.200474036148275,2.13205055878734,-5.1046708066327655,-5.532673995792475,5.953132771274526,1.3569916461436125,1.8638248201168612,2.8034370149117582,1.5775036864379839,6.476956088374888,3.6164418633143813,-4.601489002035932,1.1873340203639424,-1.4944172209154032,-2.3501258488128896,-1.1599259233281114,1.722890045255717,0.8180105392404875,2.487274155548766,0.8834869039603828
-1.5117457966578567,-5.1780522948706444,3.2071037649938474,-1.2726657756622655,3.4588781416531895,0.8719437777846512,-6.490881803022589,-6.777699416634656,-2.763081151778764,0.06053897302564945,1.6313199289012779,2.503621367055129,-0.3240691311515661,-0.054285189220606725,-3.3541511132059747,-2.7073753116835095,0.11122180991623128,-4.939943846071125,2.418560787690942,-0.7244093901688152,1.7155389502633736,4.743446111157087
0.6486647263797172,-5.05363747453312,2.747150408748261,-1.180302715224683,4.084103607945564,2.703573807839964,7.272700555708978,2.4449338132587655,-3.7257619178451877,3.3784239477075744,-3.644509072506233,2.2569378851372117,-1.2776059836173297,2.451366539157258,-2.500601185698642,5.723474353358996,0.9032482148051418,-2.489950063451605,4.878338568486593,-1.1214704234381796,-0.7617280689352413,-2.3304851251855343
0.8704416457237945,2.046499303612707,2.821981308273419,-1.0251161599156595,1.945487117918253,-5.295170553503593,-0.7931692274579926,0.5793824426160701,-6.590051496936145,-1.0239769204781077,1.177637598355147,-0.1741747769953574,2.95595280080816,1.6068149785408432,0.16384843179555464,-3.74509320639304,0.8725128620505563,2.4568396603262093,-1.4591613794470901,0.6577741313214643,0.9241029479208019,3.766571046647114
0.4573413006012541,0.4196158904370253,3.6951952218048056,4.794579279351537,-0.14242857308474752,2.352486573964419,5.262385194871645,-5.227732020578507,0.3049692743539133,-0.5526709066773122,4.328856560602478,-0.3252193852821607,-2.354365819569492,4.187276252151501,-0.45472906413761743,2.095737892401662,3.5346440655164715,1.8924123828687411,-0.5755742141069763,1.7137643256662938,4.727435793029601,-7.170122124482343
4.780739976808586,-2.079152157399347,3.0486641265346015,-0.09907327458124958,-2.7249719109965396,4.598521878026673,5.297960342758281,1.7765738345035946,-4.118910892949411,6.0030393613369,5.100636535468649,0.25636469164623416,3.2217532725545643,-5.2838396546452575,-0.9930252874242368,2.141952203558002,-0.7243491385874318,2.602652377438072,3.2193508755337046,-2.0737250593439924,3.0650348697613596,6.0120773623336685
-0.4348339945545666,4.330015431902784,0.7486083438296844,2.513878516770187,5.723690192230562,3.7749378841034864,1.1037332081740527,-1.5606302373071785,-0.14218348303696254,0.9338671421012351,-1.0669415220997382,-0.923833367636494,3.4165245758571436,-1.2549793621861236,4.514735506407665,-1.8782924668473988,3.6055565535259775,-5.6986841801502095,-4.839156533372611,-3.6289411740507895,-4.1532180518699,-1.9476016047536684
2.729676322329626,4.906817952320838,-5.184879785225302,-2.430582023702711,1.8228868723225122,2.2276361780084026,2.8666853361514755,6.133098423848153,2.3642915366001476,1.1154675532506424,-3.8516690924154804,1.3093923898210431,-6.3014001026322,1.8250871412010699,6.316820558727671,-0.31641503501191826,1.315669159100076,-1.1493784051898286,5.7875201912804455,-2.3362438228785725,5.757490886494541,1.7687732855991443
3.8087083025308073,-2.6978921997563114,-0.2357335649018742,2.5060714686627437,0.48922533864765605,-0.19304189200028804,-6.985422277833932,0.7180962274722965,3.563689089663487,-0.5258790772233024,-1.6092566868137144,0.8361995832144995,-0.3804285243436708,4.459555038045525,4.356096180411758,3.286953838202487,0.5604213718180494,0.7104005106421923,-6.389913605160257,2.7041849755833773,-4.8312271951070445,-3.0913169951788726
0.9267821350324578,-2.1393419794258737,-3.7606151324742036,-4.900688631775629,2.9903540471477723,-5.107566933147768,4.726730169175397,3.9099648915508745,2.56397238988376,-4.697313470867941,-2.203324376050852,0.14099789037723626,-5.058286937934581,-1.7531558344498115,2.1772498951044184,-3.735280152953476,0.9874263146280214,5.505647872703122,-0.5210086805407769,1.8612287754302694,-1.7427166548251418,-2.3656828158968755
8.515054325935427,-1.275924870694315,2.5107035747848814,-0.46847533073895936,6.092602485844681,1.0703648966208474,-0.12243287767814484,-0.34113625977583206,2.350042204740001,0.0334679504937004,-1.0549733994828294,2.0010524244436576,3.861897335481706,-1.6204972633598649,3.8013086765243767,2.5384247262998283,3.6686205377893404,3.5797018711018604,1.4329477577352128,-1.4035856123980999,-0.36728578173452037,-3.1277119736976093
-2.1555672675565005,3.3487797343494403,-2.421785855694912,2.0667069108083744,-4.479881459666435,2.0459629023109698,2.574301108917314,4.986211178660664,-0.5826327291582066,-1.8485113647006604,-3.3608259071838074,-6.444387086706427,4.566740250622545,3.611846617286207,6.710603479876228,-0.59572243277894,4.826768049779095,3.6768961569597893,-0.45387658099196576,-1.2503397541914172,0.4644254938293385,-1.034197564576321
-1.0644290509252456,1.9227585712528157,-3.4029733188067697,1.6179091894459394,2.4823652591891037,-0.04987373442855791,0.5221022884031317,4.676513655690951,2.1664212924137947,1.071990456160294,-3.378624097932697,3.8527401075317846,-3.341094545570155,-3.792494696918808,0.4165125722900759,2.0998932605547673,4.33320194250579,3.4989335605411873,-4.492827834465351,-0.6319352159597246,-5.317674846719747,-0.09082903676076759
4.123719970451763,0.3460373895954805,2.549114215702632,2.129274868997797,0.3079407068524047,0.9893792451786468,-4.66115497508074,-0.08187304451767538,-2.6384336496936407,4.259779382503618,-0.15868140863902805,0.8627736072070806,0.12569465831969842,1.315105158876269,0.7454179439884383,1.9590856864683674,1.9121180155158517,4.148181683604226,0.703137138590176,2.2802641371243193,0.603198337553771,-5.625603097465246
-1.2634007396598779,0.7499232467829694,1.7282023618793925,-0.32622135361389787,-5.133018708465571,4.959529804967513,2.410856236620138,2.6277605322043933,-1.6274275505303117,0.5409258965887068,3.6025411645101317,1.7202992522909843,1.3940090860378098,1.8795496306897173,-6.289892303379438,2.218583193632478,1.702597405406253,3.7211867678494626,3.7665015434629368,-1.8421266978978945,0.9991743496603469,4.997149769529967
1.323198070210747,0.8580643898457531,-6.532398353295965,6.64926291636396,-1.3043020226910431,3.886068301740984,4.2375968866101665,-3.6401201722587078,-2.4451868415462483,0.8544900563405159,-0.5097272435096631,1.4479945343654759,0.9766205978186409,4.465435695634265,-0.5254668428124274,-0.302333523250302,3.1148684016246952,-2.2569274715286465,-1.011493426225663,0.8745175450619252,2.9693394780800255,-0.834972701540906
3.6163905204469433,0.22115679916504502,0.8428973835549195,-1.3375443206103024,-3.0351104918584424,3.8905860752887014,3.7727485768604696,0.999628879389839,4.522445407649537,2.1005948568373696,3.844410324987089,4.151522678550626,-2.927606740301972,0.9661219300429583,2.230702814431441,-6.07857387044111,-3.8905999044710744,3.7047158185027858,-1.3573195638876658,1.5532907253905113,-0.32878021368921156,4.046049370149806
5.24191907961923,0.293674298527882,2.0154844064786737,1.670755165413969,2.4496166683981047,6.016109176854605,-5.225491142557082,-7.382685578455176,-1.860929500279156,2.847308849048206,-5.5750899306819095,5.854423169866364,-2.9420719046669137,-4.27560546224823,-1.0903711656218849,-1.8690476140885661,-1.683798470307342,1.4041030326520894,-1.3801395754126338,-4.374274323504018,2.0958078127209134,1.2176327310846224
-0.9785970516272888,4.67880195784402,-4.498980853670644,3.7149786627590253,1.759492258330888,2.7217177851046523,3.845778335485572,1.0894729269362557,2.6927551593683767,-0.00165727660559508,1.499535947521798,-2.371059873588935,3.5437130098867766,0.716535980067756,2.4806214639961097,6.538055795643889,1.8672889212452928,2.8309090798974803,-1.04119201760537,4.275450347049294,-6.148526138463007,-5.091256994586252
