script/wind50m.json
{"header": {"parameterCategory": 2, "parameterNumber": 3, "lo1": 6.000198445256149, "la1": 58.999992894266676, "dx": 0.5, "dy": 0.25, "nx": 22, "ny": 24, "refTime": "2024-03-26T14:00:00.000Z"}, "data":
[rows 0 to 23 of 24, columns 0 to 21 of 22]
4.6250313169572195,5.513154486373699,5.207420566762313,6.466787270720417,5.682366873338492,3.689200442316397,2.4180655352159177,1.6914040456714232,4.994128544894604,5.689077029560174,4.743116308582148,3.966107796466357,5.346961694664264,5.4660561543597606,3.660807986965366,7.526759518236029,3.68927327935795,3.6586945784632934,4.3556924445523,2.587669296707322,1.165500321532829,1.0311718196364494
4.762286018602018,5.414615615657229,5.082684945556207,6.5123653713139005,6.045293119275558,6.639817266781755,4.803857761450319,5.227655587866455,4.410627315573843,4.22153508699456,5.042404923583555,5.742225869246576,3.9642809031979445,6.257621640410282,4.2789642418750375,7.6835867274125444,1.351112439738277,6.699775723765521,3.048359508890132,3.2664168671476523,1.9433519206322398,6.394377939833396
5.195872865300213,4.927709897903193,5.336096400868017,5.735275318845419,5.117621529917748,2.047208532752205,4.825471476759721,0.967068285573793,6.635894590066557,4.834698102959903,5.69932937000447,2.9198546593410004,4.359897207597574,8.810377692424332,5.554996519662164,4.147253242451681,1.9800340627966264,4.185243940522823,3.0529513840632854,5.852442009857328,6.262372828747471,1.66776136367647
4.831425007338037,4.616090903490671,5.32341976555116,5.697281997686887,1.6527151149835217,1.642795853381123,3.5328996663119665,4.063067602460007,3.66865508931358,4.334189595937583,3.8028880326306806,3.8948427484699346,7.21722701072467,3.9023283110978695,5.411057080509773,3.7030457966251396,1.606962890455457,4.593988746144129,4.6201471913246674,2.5803303682312753,5.009270913430724,3.248006419705003
4.391585647304573,4.329807548186008,5.074832784898219,4.788885087599244,2.2805772452938924,4.938045058515225,5.505014751177715,4.596573774340238,6.667881642731251,4.970363228183525,3.7246753948489384,7.068779649789926,7.250029488024931,5.984606066936723,4.426286984300057,3.2858605447207125,2.9454603231983416,2.6658660918339554,1.9923533944426288,2.083799223933953,3.3153129372385766,6.24714246677651
3.6634912096908123,4.693176967376012,5.494881996433347,4.409604900903239,5.148449430974097,5.509078695055979,5.180167085829498,1.631179738282169,3.6060386984662265,4.281556469194063,4.795648995129514,5.039857261239365,3.8449954119118877,5.751755803971704,5.309036226210141,4.454485483242695,4.329701125961103,4.349001276632844,4.158884258345307,2.4863314278647626,2.669284996481295,5.745866610322304
4.604444424331389,4.979629561810583,5.841231927929915,4.1751822586412235,5.780106211683684,1.2917549183978403,2.312334155539386,5.166257932515764,6.340961456915951,5.649251901787075,4.24602737944731,5.868578991563854,5.709111281340149,5.378352869091029,6.52421138072933,8.121394937353429,3.6274064415823624,0.8659265094412032,3.235935612777936,1.7371106873181186,1.8807257361340366,0.9633550899757642
3.869406454655972,5.551499746545352,5.30858729506758,4.331586092677109,5.3492788260449045,2.0552849582107005,4.778352362273066,4.434469403879305,4.006776253567625,5.515267170025527,5.409123780861617,5.208579262526717,4.5681513877691104,6.226280549018125,5.482217725104714,4.7204958766490295,4.653553317512196,4.971385079575663,5.415451106904166,2.7246655381569234,2.476875889795818,3.0397165493007914
4.225467751887162,5.142951496018866,5.299385788206156,5.613991496065048,5.32434274136621,3.8538126936654766,4.970035368183255,3.736568312092581,5.638792640107826,3.3975868609651108,4.766469919641159,6.34768269826205,8.42453431644119,4.234695517478746,4.578278792594244,3.9013550089887414,4.691145634491358,5.958325204177799,2.0920322337740127,2.823336790229653,2.735981184863517,1.004089380871411
5.268755661799615,4.062033416622079,5.4720496083891605,5.629427999701132,2.0859645253205885,6.8228413582033935,2.280554273036683,6.0034386991267,2.555343414315302,5.008150483487295,4.074175409781379,3.8929069264999843,4.463773225098169,10.338463847172749,3.8781605262107393,3.414219555857898,3.150291699978634,3.241160298209465,5.524246064355283,4.675171265955858,2.341331620602586,3.1939323693692105
4.611102607013785,4.384905651747584,5.573214118405087,5.767146677453445,2.620578326997784,-0.8491230114091914,4.796349452201136,1.1677195807615806,5.996500560694057,4.324934722034782,6.7272152543028785,5.126891607665658,4.524972435549505,4.179402564573741,4.309205831996007,6.178832055267485,5.631648423133025,4.085537033567268,3.587693653937703,5.732611854802311,3.6988604959253393,6.291369267282375
4.045131208691391,4.56250220721994,4.940852581167483,6.366067424104944,4.880799825493651,2.93687718309086,4.777404427925995,4.3653549193966565,2.655269163253374,6.316997075041109,3.313119714374185,6.7800731048959255,3.8916070001522516,6.566222473069299,4.253725385568643,7.8989227831582625,3.204303976978864,2.5990378463965658,4.29426020109144,3.322316455640239,2.1127882762356065,1.1355333044694502
4.053979831755749,4.597228677947583,4.457140789199841,5.881475742320589,7.472431806364638,5.752437985989829,1.8275475037702624,3.573744060093987,4.930683816111919,3.9404698150282353,4.188558138072016,3.834889799742523,6.31915059696305,5.760873990345351,5.1485395473203885,7.113406533417146,1.9674309521959994,0.6449827117814948,4.28664007719878,0.638110741383924,2.43251872372223,5.965724831680092
4.660728059288567,4.503197712112856,5.420919495581888,5.512373175364622,5.10405791858414,6.309949677972234,4.991022546083401,4.095233367257829,2.2265175462058893,5.448267542444848,6.8676736375241685,5.158563162725579,4.613263622953365,5.358753421988994,5.056912427765515,3.197825229490557,2.4796311246096963,2.1698213979716137,3.001604936581231,2.5629280582810567,2.3413919734671573,0.8668339469032118
4.714551723921921,5.267430635433285,5.6720441499663545,4.482223762285553,1.7476687858719684,0.5878551830485129,5.404691347368803,4.956500025705859,4.325903562300125,4.30422699213353,3.0420042117008497,5.523256059811487,3.8890352514119906,6.323456942991078,5.285153072612192,7.4153705213262455,1.7243616594788802,5.354405368439123,2.7770305535930673,2.9220139729040406,2.3725233977929174,3.1121540842512867
4.270705777787208,5.291187076442242,5.48081576509367,3.6602294117882272,1.1808475870400883,4.101861930455485,3.345963009393396,4.02973941987823,2.3420587808238786,6.154924117101763,8.222144833704075,5.716296851426492,5.001195702685208,7.886540850532059,4.844615139326021,7.880673211756172,1.9713215668879598,4.646816681601312,2.594397878177789,4.809132668449196,2.711841252090294,1.6713260470143554
4.746509661274811,4.52531153956512,5.669992012423047,4.823764729554718,5.525924251894004,5.118897245399116,7.233792896718394,5.693376290988997,3.0038594852382237,4.606849002515184,4.107895733599659,3.892398366073454,4.565249738317818,7.282067280436759,6.634443606009621,4.534189141511136,7.279662765137011,6.141031451521282,5.403409353767636,4.691067418992407,1.181243194178433,3.3419992865504957
4.418070036744512,4.698823814765661,5.541335804453178,6.02289594843085,5.715160029334859,-0.3617374250459062,6.19202565755037,1.6629100082539994,2.3844459054725853,4.011935154011944,6.124538751207908,5.136259170036081,5.574612993858841,9.792957931399092,4.656678041685979,2.115688613709216,4.800695688109151,2.932653859990199,2.6608958486075722,3.0184235355256748,6.160225201240623,1.8697616458391781
3.9465042732417923,4.532712974074589,4.961133917977556,5.7412837827871925,5.335474619485038,3.0514614546646217,3.383127184323759,5.175802055865403,4.861175957292764,4.136965597322884,7.862884708300231,5.726118450938711,5.519834997293721,4.5793060419886995,5.19879174109895,4.28234386904901,3.955698196358032,2.690703720318408,2.523076061212708,6.359699936514769,2.514427741694085,6.166591055456858
4.92829955292323,4.7882906587620315,4.863320260575689,6.589159375416107,2.3655113979282776,5.743959084302047,4.9482830985361925,5.39492220145777,3.4770953265266082,4.376064572182681,3.259954992355711,4.2009501973417205,5.236245041951625,5.553136605114966,3.411837629384112,2.7148799625196647,3.7990887108910814,3.891348849590137,2.7891475076146532,2.5974699361349924,3.332863871259152,4.891931363413322
4.404422389716927,5.00094833006007,4.61336808164085,5.984020433943573,4.502219296270896,5.402659558682294,4.847104029985057,4.127930028556984,5.473435333780792,5.989839816307612,6.126163582330974,6.457826571472984,4.18387810971564,5.907024061541347,4.694248051725683,2.1061450668961275,4.114276815834427,2.716708348483993,1.585202047522202,4.312277478400869,2.183901930428556,3.122457084282977
5.0983921142634046,4.539209863646244,4.27389762748058,4.844127756353227,5.56266396595808,0.989122317713705,4.287593857122553,6.3990481773238646,2.331324097007649,3.652937849072959,6.191993343258053,4.197542355073209,4.843191065526611,3.9937833665780964,5.018322228350151,3.9722642179291743,3.2649044612568936,3.2608440182661176,2.3425091901824846,2.7913474008016594,4.675957652467772,2.572497337298604
4.239667034901949,4.543678974991405,5.374405251213557,4.716402716640071,5.918374870459756,5.191821831449148,6.170240613589055,1.7988325669230831,4.811676484103814,6.031595167112324,5.1959134860629215,6.957265786952262,6.856462348322089,5.297617845941912,5.427004067253528,3.319622556457477,3.574542477366289,4.36785382123904,2.4449525115029123,2.7920791260966507,2.855097489346244,4.435754211666133
4.761331666257156,4.820527567995554,5.775054764533434,4.822582194163162,4.857277358946747,5.077140961542764,0.40293817551070793,5.2145498787192,2.2043497887609544,4.651577468826073,4.192540354409428,4.973601083478622,5.041179730133337,7.3922309197285925,5.591270222208913,3.8646209292360947,2.6338323568939064,3.6841360669997414,2.8462711512256984,3.093339884931384,1.0288163957571992,0.7828410616038691
