script/wind10m.json
{"header": {"parameterCategory": 2, "parameterNumber": 2, "lo1": 3.000054539987559, "la1": 64.9999836372058, "dx": 0.5, "dy": 0.25, "nx": 34, "ny": 52, "refTime": "2025-09-08T03:00:00.000Z"}, "data":
[rows 0 to 23 of 52, columns 0 to 33 of 34]
-7.301630554186974,-7.014741113892265,-6.793179860021325,-6.453634584238098,-6.050880813451771,-5.745911774152774,-5.782881962352678,-4.894356063247696,-5.337652125442489,-4.920263044344554,-4.692874219370638,-4.629324225249805,-3.527505710920662,-5.225214891387579,-5.15239435487646,-4.924236376424045,-2.588480548457143,-1.3981916758349755,-2.1819821715415064,-3.191154371762491,-1.598909450748513,0.43504137553219624,-1.2226476590172333,-0.39476843014576807,0.8336880455838575,0.012377149163012103,-0.40996247085609766,0.9602537783190944,0.5063201253480779,-0.15525843769601835,0.595803040052443,-0.1645136064561918,0.7736146595103984,0.605247236754693
-7.206130933606767,-6.921052997844001,-7.006555145325598,-6.775291693922059,-6.434054845319619,-6.184777599984368,-5.96610745673797,-5.840480100270532,-5.547985432052432,-5.568264183732625,-5.1642246761287645,-5.051734531804442,-4.762741798469039,-5.045626957734854,-4.789333644745137,-4.754112071770092,-3.186420703126386,-1.49226251372548,-4.0501610788635345,-2.2257126554387288,-0.8775714084742633,-1.675986044845325,-0.7298058560568347,-0.5686545720025449,0.6467583972435094,0.015415562931704072,0.35222879610089713,-0.32447275474881887,0.45076182886801686,0.6250085484065381,0.03426295380277769,0.7147754634690091,0.600996552619701,0.6029220228740886
-7.281413769057281,-6.711483239254934,-6.904808171052308,-7.411464135420408,-6.778207995125775,-6.298194341761591,-6.420834991694491,-6.4561681456291655,-5.82412989250308,-5.734342625821164,-5.848950804165496,-5.552221546431611,-5.120106624762993,-4.3342901667447,-4.459564372300985,-4.233980768940339,-3.074134063533757,-2.6390046882674683,-2.7729035898251,-2.7836467805728375,-2.780400066219267,-0.11639053111014146,-2.307066691759819,0.08189171314523908,-0.8748084998446995,-0.22993518455770817,-0.1467615898097639,0.41444530875778063,-0.009295350993494975,0.35767247312259787,0.8992650251592791,-0.04804502324092074,0.2697383784044497,0.16552151814133967
-7.618794313244033,-6.832150987238477,-7.024011258978485,-7.424402095903156,-6.860353647391122,-6.918616662343857,-6.5765364202567955,-6.574464897439734,-6.324931520842416,-5.973829637883528,-6.220737676130416,-5.770280342901513,-4.986258145552197,-4.290143578321309,-2.8799882002528707,-3.1144100182926207,0.04094900611266908,-2.6030144457262097,-4.550238298768067,-0.523051374530249,-4.558393873614335,-2.91887135980132,-3.1634449450876967,0.20101145285203098,-0.9337284915420059,-0.1651881797234152,0.14815215463085465,-0.22398941940834458,-1.1780408359756767,0.11544800482141153,0.6500483042942807,1.6149979471514953,0.5831968279972833,0.1902941565861817
-7.683281429961612,-7.297397596805499,-6.563653746570887,-7.437007080196833,-6.919228491158994,-7.251728199105921,-6.851529706031514,-7.034530366498607,-7.047168071002354,-6.375361444621838,-5.899568027371724,-5.286112618865972,-3.8006063516752224,-2.942353058667646,-4.254926006986111,-4.819406893695984,-1.5092375497348967,-2.33340147483062,-1.8840452690002407,-1.7124904312644014,-2.878340169818374,-0.545246346805653,-0.6227782314782926,-1.1516364307714282,0.15423437757901007,-0.7832148323518376,-1.70309065385799,-1.3953814699084774,-0.18635545541087287,-0.1833859321881973,0.3890203268233184,0.8261601791435917,0.7319985600234213,-0.3922131447889462
-7.674571433642222,-7.547018657916491,-6.613965448662363,-6.587964965915597,-6.315184352870375,-7.082736356098203,-6.980522651172069,-6.418694061351634,-6.661162340120089,-6.536612173742755,-5.982149621339294,-4.690380573377343,-4.988892308651464,-2.8458309021342747,-1.928509919243682,-1.5459626213680806,0.38789031315020917,-1.4110963802257372,-2.965905155495446,-2.32214778450805,0.7024282014746794,-2.8592014421653826,1.1528260559400758,0.5755618207339106,-0.34106712249359666,0.14929197678316014,-0.8682364199920164,-1.2121448166846045,-0.4497528083631003,-0.5952148475163129,0.16690946664186687,0.1373694476865941,0.3974905579400857,-0.23435553288623556
-7.370799067731128,-7.450896590216787,-6.393054778859028,-5.936899660642092,-5.96288360629581,-6.329897549086504,-6.207689342443708,-6.172805004361901,-6.181968821788577,-6.337303721039248,-5.389469594332219,-1.9679537773891296,-2.917470403789764,-3.1318824675532775,-3.774541124865769,-3.103449788943294,0.7357246446400972,-3.586198785562539,-3.111332374848965,-1.7859882358580066,0.7144229841371554,-0.28163170591605485,-1.3825050540479047,-1.461199157578599,-0.6448820662527175,-0.7293215706673758,1.0924845945156987,-0.4749428383927226,-0.24967206859228164,-0.6338995320543837,-0.5321652431208892,-0.004089515097846618,0.18611551812712993,0.24438810068148042
-7.063384712702826,-6.828885168631978,-6.3254443975138654,-4.703716778387903,-4.6981736223397625,-4.766849334802128,-4.692870942937425,-4.569990687717979,-4.446961988166608,-4.328328336027068,-3.9902276580295477,-0.4855460270576376,1.8103722016716612,-0.8960695050702057,0.11856426051421617,-0.9790591049627503,0.2863837747200937,-0.4159461595624261,1.456449316874206,0.7744987351269838,-2.2013523972129287,0.8307639376674926,0.6463689846073732,-1.3774859166146598,-0.9546477313268422,-0.9266742012496607,-0.8461205600921297,1.526664071341653,-0.6043505231883856,0.41653156580454587,-0.5635650828716882,-0.2608406424485602,0.00712129032516929,1.4278644425187121
-6.432034070872176,-6.07823014826996,-5.160056575464943,-4.164022200009819,-3.01283053384388,-3.4277753365181645,-3.123734403630578,-3.0488465450428546,-3.2485157066918116,0.5081750534873869,-0.7156708970947895,-1.4360072297030584,-2.0893553999867063,-4.971975327756291,-2.5336772641357483,-1.853055767748519,-4.526767714671569,2.2236662613576876,-2.984163946377399,-3.2218287293521413,3.290834929885091,1.0266925556944546,1.5382410650279303,-1.4367916829122853,0.11543375977549603,-1.0573935142403768,0.2628104162673743,0.0993445276796656,-0.5117299685425902,-0.9364168470942915,-0.7690137928967491,-0.38594055646418396,0.7155983446929457,0.8575287471838083
-6.0692970815887985,-5.073382980868491,-4.712158805602749,-3.551438947559282,-2.179935484694677,-2.87728799502926,-1.7470244169095992,-0.34152364591293655,-2.6777787057992364,-0.904996378819402,-0.8586186876285572,-0.28887013928629934,-2.9439375767185663,2.2364768938653636,-3.840949585574553,-1.3132325740761541,0.8933818944053205,-3.879054079158134,-3.597142959920795,-0.6590012325397441,1.2378070009827837,0.18221011093424172,1.9262107284533556,1.135061209399064,-0.6167911475797756,-0.7278321439755434,0.6633051955764533,0.8517980484611825,-1.2320291090400743,-0.15746506453845593,-0.6168432861634155,-0.00855658090932418,0.3225262210776775,0.4187690924888139
-4.49712664663559,-4.141713549496879,-4.530960124480363,-3.0331903437174508,-2.6873446110816395,-1.5501422379224727,-1.3224145896227406,-0.5526301951784063,2.417057118857653,1.5332522673650686,-0.17065885434729103,-2.416106787177008,0.3132364948227338,8.895672234793874,2.6577985322712703,-3.3417446554657766,1.2863424792628302,-1.2089972118910168,-1.685989817463514,-0.2916467255645332,1.2524982019368744,-0.0826397979105392,2.3982101733704577,-0.4381459094718092,-0.7525711884877719,0.571885934174424,0.32884931260466604,-0.5443185497281304,0.24640341296068297,-0.49084728849498316,0.013540682882995255,-0.7164069399214997,-0.7935290700201165,-0.7037295260513753
-4.358741776054156,-4.154654976227119,-4.64082398309674,-3.5723056113844374,-2.359576060812677,-1.29946071057574,-1.5091194410951623,-2.33097969405965,0.04386950957502472,-7.639830689746117,-2.0491395337255405,-2.8489238801420944,-2.637739439241241,3.3048388730939524,0.9093461373432624,-0.2886378929816704,-2.6802808475879303,1.0042012476425006,-0.7809320587035766,-1.2427374380309033,0.8057858545531305,1.6336057370554256,0.37443496381502506,0.800693835472235,0.562877612822012,-0.4712450332800317,-0.7530177654543808,1.1638677385318412,0.03728477925207099,-0.09966161635403031,0.6763579823157565,0.5739713684552773,-0.45588146374119587,-0.6544315603584073
-6.475658014761172,-4.719466915603113,-4.45235807026276,-3.8006930963278083,-1.1735710915457136,-0.8181925516349203,2.5680668954704546,0.6625709088897047,-3.9919374004351993,-4.188564003284432,-4.010511038047143,-4.774157126650419,-0.04851191736528002,-0.4790817076865102,-2.820470323918774,3.4022879491697515,-1.0660224019983877,-0.1916012991844854,-1.5779550647539742,-0.23387626678574858,-0.38835468507996396,0.44241053835876276,1.9324881175485762,-0.33195874714555695,-0.03844886776942531,-0.49008873777827916,-0.4824338224154728,-0.7350763226193235,0.07441268383056991,-0.20115938285271417,0.33821815357779006,0.7883491839750684,0.19188783863638917,-0.2310115404915642
-6.125757086210629,-3.763641111503476,-4.943823593022427,-3.666120777960112,-2.6060890384831636,-5.037911989944786,-1.4978839533192674,-0.85562642741716,-6.9677827165432475,-1.8840026739849414,-3.083516865532622,2.4427716634329095,-2.023955835706221,-0.8073077467037687,0.014863583542860893,-1.4744536240277348,-0.18426093020396095,-1.0591193818635225,0.2942125554280947,0.3300528000785993,-0.24718576370151077,0.15724781851705602,1.8746122944072576,1.5519536465984831,-0.22450875428305925,1.2781152840962284,0.5840525895190185,0.2951848678964053,-0.08214790157802539,-0.5204661836883095,0.5684478433203933,0.6665289419169123,0.6562757206671582,0.48607951282464723
-6.562919151076172,-5.957135026019427,-4.792162342346657,-3.7275362884930727,-3.343866543890659,-3.970338513373073,-0.8931613486755863,-5.0848160875785124,-4.092438830847752,-2.421199829344856,-2.407269001843387,0.012584739149324231,1.775133657716506,0.37104876795429464,-1.1304536974746227,0.8946634152130619,1.1031318168176552,0.001358310827471023,0.276280193062746,-1.5222788144615922,0.7553093903578281,-1.3654392131208466,-0.9895337558503776,1.6211963079440328,-0.7306206868600766,-0.17134033538024288,-0.06003934576911522,0.5480563500904898,-0.5387136609824776,-0.014167388662769323,0.6751655715360394,0.5417285585904387,0.8592735251430271,0.8653222534946158
-7.689658427155715,-7.01561748436393,-4.851828022355476,-4.311052532196498,-2.9247207349431568,-2.420090768052577,-4.736187017590457,2.3788015229654023,-0.25153033077265524,-1.8050676907120329,-3.294689169629206,-3.151946801888617,-2.105406309201639,1.1730211678291658,0.405434247181587,-0.8248003213778082,2.1692028995339983,-1.808502804231623,-0.9889987071700881,0.13630244489774862,1.2340019544388205,0.13576325692744445,0.35272783765389526,1.2079657677858615,-0.21423375846881582,-0.7483873287869678,1.6238335778681385,1.1554561652121513,-0.0989778343050039,0.4918746438663844,0.9853352372375433,1.0858979585104778,0.7536258728199912,0.499894810169989
-8.4061697224082,-7.355730697415102,-5.000080690101818,-3.132068050638659,-3.1443362003454673,-4.420597284868506,-4.534444958052587,-1.6074217819409515,1.5086295099967408,-4.395593776991801,-4.1226609180463045,3.2531441891558823,1.0418832680368137,0.9624756685107452,0.3683722505560102,-0.34843081833148964,-1.4319607935578444,-0.051109210428522914,0.06149955383951966,0.1566083333266751,0.5464835175554048,0.41822008573680186,-1.081748126869319,0.7784326972465897,-0.8661391446717595,-0.28511091763352125,1.7822173604709075,1.9966468125011385,0.6504855253686803,1.0952611221930506,1.7520904441375296,0.9169847285383415,0.3172525518210255,0.48935756938418457
-8.98488454543487,-7.663166687991328,-6.016261193403196,-3.67970368488861,-1.397502956678442,1.1804390343175306,-3.8148334139521274,-0.058365401681672514,-5.172273162234869,-0.38669158423442473,1.0007225427015136,-0.2532116916942267,-0.19922722752597247,1.9999559640932756,0.4739803765513293,1.090470570571055,-1.666838025608754,0.2509237380598289,-0.22772095003071213,-1.6281779483632046,-0.84338014118355,0.2765286709094835,0.16145394244502706,1.1373447939240957,-0.8955311065708114,-0.08692160318438205,-0.09095532887105519,0.25758440471303384,0.8076823387144303,1.5020513334383316,1.973110029921325,0.059368105899852475,0.6315796286146211,0.10966881274693947
-9.730962145638479,-8.84264926813688,-7.548522717079456,-3.461428733254488,-2.36619260795927,-0.950543470109488,-2.678162794740196,-2.2646197954800518,-9.205593847432432,-1.3070939790094864,-0.8309327805069936,-0.09545863090887735,-1.3513620535641362,-0.7448883711837743,-0.41170138594647876,-0.6868665052747718,-0.08576848434676677,-0.9231048321069661,0.30262300529707437,0.16551058523089163,0.3506021325104442,0.7472557440731393,0.35244608828476504,-1.0842294492920113,-0.6489539909207198,0.3750494194588928,-0.04143260353976721,0.2718368382830358,0.5844272015452526,0.6285365292724112,0.9076971553316514,0.2161825157107995,0.10935009246708216,-0.7714888379287106
-10.918742231992002,-10.002862943768362,-8.1869110556109,-5.135983365319965,-1.089204140172283,-2.0790135510466565,2.548364184465513,-1.8357811952709093,-5.4720486387176575,-2.106651490033016,-2.2904387421927135,-0.434845644772654,-1.6824937095313666,3.3496834577085934,-0.08742618244219047,-0.9232736315309438,0.17386249065820591,-0.6686484364940256,0.28738529805136653,0.2795589554372884,0.5763018295501817,-0.2059431154363497,-0.7156955702513081,-0.5113130734564975,-0.12124026182034871,0.16065384941295097,0.3192567083765184,-0.056410001128060126,-0.8004656190973225,-0.753161815403316,-0.0071617806286864375,0.240081179627627,-1.0237816564344717,-0.6990430750048949
-11.721970896967914,-10.647691994753044,-9.02577632433161,-7.538074848632242,-2.510074874868423,-2.181905522455463,-2.899606109983756,1.7427925342045716,-2.989343462000165,-1.3400215519214147,-1.3867963775943615,-0.4807050148841343,1.3770115684883253,0.277778120124076,1.363470320980894,-0.12831332704974363,-0.624157202959547,-0.49893346331461613,0.24130212750770766,-0.39867971025321114,0.6637513496191465,0.4528212171888027,-0.10550652380180468,0.5284670658074597,-0.5539778928200695,0.03065173516941204,0.3506841119745973,0.28732191222781156,-0.652309629364711,-0.04248015659277408,-0.8116618476191262,-0.3127325272700471,-1.3152786003913093,-2.4793849653277245
-11.644258462524743,-11.529637069029588,-10.451560729043273,-9.803840706043822,-5.2325326402189685,0.08718537209598284,-6.880047023344759,-6.047306755354087,-3.1548395583271724,0.2837945794288029,0.902724194769583,0.7911330223267047,1.6317664716792313,0.9852107436362229,-1.2360214573008694,1.0596200479451527,-1.5075778331100433,-1.330229586952309,0.2126712931987085,-0.30895709435220065,0.10488285679137575,-1.0248698717970788,0.033764502671467966,0.18127259928337067,0.38427265103456837,0.27767857616464087,0.7341562765784408,-1.0660734389677733,-0.4090341796212655,-1.198489790597216,-0.530743979565651,-0.9105082018895635,-1.0675723794390055,-2.6415883605026065
-11.932648416458632,-12.054990569998424,-11.797603316357446,-10.732725616333616,-8.533062258508862,-2.142728772611658,-6.066579632642679,-3.8640819274986615,-5.610380227899408,-8.24173595292976,-0.5640593197626854,-2.912918887201047,0.8642100811455571,0.1658955599461321,0.07138244308256189,-2.232285221089378,-2.1235402741081866,-1.6876854619967165,0.34328754395930844,-0.9583562062098845,-1.1882337949464044,-1.2333853540129098,-1.4401855380889141,-1.585637029279436,0.1901185733329945,-0.022111350169368757,-0.8296265421342969,-0.8446395340733636,-0.8121913684397963,-1.511702218775939,-0.9211702374789391,-0.21884524893519886,-2.1490791650442387,-3.3101688995008463
-12.170976377834013,-12.441974622453607,-12.08421678453264,-11.678352189507184,-9.320040319572822,-5.474779008054776,-2.9040810207885204,-13.217893317222606,-5.757518277036682,-3.112148394072092,1.4435000472250537,0.22175314850145966,0.14169717777883656,1.3157491919997284,-1.1340133789665516,-2.4550993491098057,-1.101384354490279,-2.145102275284263,-1.517097036788101,-1.5727916627567053,0.8331243984897727,-3.186218833001432,-2.5311603079481197,-1.2993304912411818,0.21356091479961917,-1.0929357823334718,-1.7433755154670312,-0.7081128138853815,-0.5679577607499728,-0.8503354284939373,-1.1306417292930275,-1.1792019177141155,-2.5874492735213757,-3.6645648781298816
