script/wind10m.json
{"header": {"parameterCategory": 2, "parameterNumber": 2, "lo1": 6.000027932988019, "la1": 58.9999434238085, "dx": 0.5, "dy": 0.25, "nx": 22, "ny": 24, "refTime": "2024-05-22T07:00:00.000Z"}, "data":
[rows 0 to 23 of 24, columns 0 to 21 of 22]
-2.836933154365258,-16.56500211015326,-11.504996227146812,-2.407728960787224,-2.711578945649009,-2.0222820654391125,-1.8859124191843777,-2.103440910085787,-4.231573468215863,-6.182756320959966,-4.695504133842585,-3.29504402922369,-2.8831311917117586,-2.5830904376716886,-5.833861640470764,-4.63715279197743,-3.4334114934985354,-2.7413212871642085,-2.068729582124362,-1.8103095184469145,-2.437899241704431,-2.3430186742425554
-7.293373734386903,-8.310615976857676,-7.078052566908391,-1.6193847618781638,-4.186311180867931,-2.4436626869576816,-2.4241408665664497,-8.446412505994177,-7.637785640986143,-6.955064895296567,-6.22382758399534,-3.2863913919855836,-3.4311600666084514,-3.707870618561372,-7.714569514040896,-6.277716576161911,-3.065604534547914,-3.070776301740566,-2.550287325149695,-2.237951860131556,-2.6189412487666472,-2.2749546439826
-3.9957768801564972,-3.7935888684338983,-4.618890111269827,-4.122639214509631,-3.6011164268955627,-3.204660830886906,-8.875295850452554,-9.717624645716194,-8.6674923693017,-7.708072708127568,-6.816369899226203,-3.841881386077359,-3.3856431187661906,-6.618719553190468,-4.630553234035903,-3.465677231199549,-3.0122723118473043,-3.581066099803392,-4.51218565986604,-3.3730301347437472,-3.3721932319822616,-3.6733194737910786
-7.464321382571122,-5.51901167647367,-4.388481528063279,-3.119624313873978,-3.662540090077796,-10.051232504408462,-10.337519445070601,-10.556430990636109,-9.75742160413223,-8.727175236769517,-9.849593920693286,-5.5540209685621695,-3.0117292328280505,-2.4019470158973975,-4.011062036145781,-4.301850994446178,-2.1626233923064793,-1.5214772034266488,-2.7182683678744337,-2.6827319196774315,-2.7888452835807067,-2.7327962553966993
-9.455277403365212,-9.543178687331789,-7.027221486462695,-5.544742953353281,-13.02092188035906,-11.266516264249574,-10.848591950771798,-10.616514846232242,-10.451138682766176,-9.175138020153835,-9.371401960795843,-6.598209909736984,-3.6030832650926086,-2.699409700099532,-2.8613404685419597,-3.304430035498846,-2.3269905681872727,-2.840392070229148,-2.5551246590811334,-2.604687614099519,-2.9156497138822273,-2.5595389985043
-12.66250496981914,-13.562244756718446,-14.986193938354612,-13.248333074162247,-11.247877818360566,-11.277289792886611,-10.838414707772271,-10.103074443534629,-9.424418179497351,-9.193013574368978,-9.267238515027593,-8.015329174680623,-4.904723792892575,-3.2650925583872517,-3.4906212652147257,-3.627158672336018,-2.1542006587199483,-2.6363234704727683,-2.452729009604251,-2.3272457161059616,-2.4644674133782467,-1.92347262107547
-14.184241319445908,-13.51962400273971,-12.908047887711424,-11.726465910256598,-11.519574211847113,-11.44638061887873,-10.265969971860248,-7.410605542719622,-5.522855578050011,-9.335140151611505,-8.733790023996992,-7.084443456361734,-4.25850320460725,-3.821833154023658,-3.2826601530829715,-3.4410724808720254,-2.751913554767164,-3.187210735693239,-2.3950260670302668,-2.116058672886883,-2.033808528624933,-2.001205884595414
-13.505525749537359,-12.407661933280986,-11.398769436704066,-10.119342994484372,-10.387871909102852,-9.929394412858139,-7.699664325659509,-7.328430249514643,-5.660839626321559,-4.67144416904988,-4.962843166445512,-8.684214827831566,-8.207782948431674,-3.761093850625776,-3.2454825427509753,-3.0916235198746214,-2.6978180299536882,-2.7280883198634247,-2.6230516419995076,-1.734867555736718,-2.06956971118222,-2.7700854766250433
-11.964499658561378,-11.452097252594827,-11.291436379363587,-10.086167638559937,-9.312897266619897,-4.448664755367838,-10.502567623050139,-6.659781630675806,-5.371300698704233,-9.707571815414553,-9.198582112397991,-8.035746613963859,-7.966145875246865,-4.618944167007586,-3.552871567697642,-3.3472243615575916,-3.42891173772177,-2.9230231821844646,-2.795474704672861,-2.241563678636537,-2.082323876940066,-2.626867571127659
-11.415129097896193,-11.240107134257608,-11.2560783534232,-11.058872245944187,-10.200043194360415,-7.8308071056289075,-6.453035810588482,-6.362476032426435,-6.015007829769096,-9.50621436238556,-9.614843374524472,-8.798896077255696,-7.996601489106071,-7.85389300314575,-3.956187472095055,-3.4317122567121046,-3.40881483653714,-3.4399163991698454,-3.075519776865656,-2.741350693885849,-1.941590126867895,-3.8490474356084845
-12.202599264099243,-12.355282311421101,-12.494486942223215,-11.674114963222454,-10.232227326208328,-6.673425440308899,-5.927851954106428,-6.052003319738466,-5.318824775947475,-5.872911363642689,-10.939027993913681,-11.12286333856552,-10.838608641256313,-9.210690052354755,-5.121642321981268,-3.1106157801506322,-3.2398340150850506,-3.1642174418115925,-3.270817577845391,-2.687259972389561,-2.4981660089756392,-5.075227088538283
-12.58758875337104,-12.442722102923959,-12.611435842967262,-11.783168036800111,-9.783985508040171,-5.976542268143233,-6.706531076490387,-5.304803004268367,-5.18508669195436,-6.56636255773401,-10.629906358083877,-9.746974336412388,-7.293005234334261,-6.814542185617225,-4.281224099568577,-3.1258252076893243,-2.7747653671353465,-3.2436279929153953,-3.072518586970235,-3.119920885527355,-3.0186516694651813,-5.692926678676141
-12.821093864656468,-12.651749156537049,-12.368373413107832,-11.99372815649049,-11.047251973066006,-6.650076167453222,-5.62604340743305,-5.409206644648663,-6.868447919902505,-9.278509403230977,-8.812344147789979,-6.6194296784670925,-5.2708815223177385,-4.218653538773084,-5.469813792124887,-4.077335638778415,-3.609268029407868,-8.813247052351887,-8.496916560670272,-8.238545233762354,-7.556566309410505,-7.919739310195985
-12.43779548012489,-12.735242201827566,-12.78526852386035,-11.843299090904006,-10.268836673980823,-7.323783520816373,-7.161102992338827,-5.147396978455353,-5.842904228398279,-9.191479004696394,-8.08046633185452,-6.555757530471747,-6.53008517640408,-4.987528591965036,-6.471705747039929,-6.430806924928326,-4.306014042858103,-9.444037458473455,-9.161305235694947,-7.881991449632287,-8.392023168911452,-8.37428331357156
-11.738646938124374,-11.12665821266483,-12.421332350128214,-11.054106133082401,-11.068530085284173,-7.090570887118599,-6.5916597174982146,-5.982580777460337,-6.593361810435383,-8.414198480636568,-9.709072514678018,-6.246522797367909,-6.244295026227755,-7.67614012480334,-6.540370482897085,-6.0543728426872265,-6.173345271834876,-9.950864076392413,-8.886710713489634,-8.57849268125334,-8.050054407468851,-8.494160547609528
-13.081669110479861,-12.985070120055816,-13.027322010476396,-13.479264498399845,-12.355729190027308,-9.714156246663473,-6.319106339371319,-6.069073035948909,-7.79344632996228,-6.509112104459657,-9.253504970615788,-6.48658587352578,-5.855705118045052,-9.339399726583556,-11.59958150802023,-9.721198854751911,-9.039248862034063,-8.932026241218413,-9.23795041617308,-9.635015916054085,-9.278360721813645,-8.620827504362145
-13.410811268130196,-13.636747875183413,-13.100145405753185,-13.075544470566266,-11.255302485974163,-9.80565632410181,-5.782613821377684,-6.242859690271669,-12.245398655498544,-8.750338858920578,-12.352051149808062,-10.578074501302854,-6.083262811560449,-8.463432052768335,-11.540182725946924,-9.455413223047813,-6.994721962322764,-9.11951116307705,-5.938654782783171,-9.025625593684648,-8.951921690458509,-9.186576402125636
-13.273791842723094,-13.781409663071711,-13.301928308098883,-11.737974314962287,-11.689374425597371,-9.065730334357431,-5.077779748867508,-5.4186273295883085,-11.952325915470999,-9.97101326303145,-8.574268350453428,-6.867635131678294,-8.310196134766787,-11.291004650444684,-9.560998079449691,-9.692005389920489,-9.947708643105095,-8.832807076473465,-9.588885831218068,-9.130255293920568,-8.501741453391437,-8.008731296899223
-13.504632740295882,-14.342751268447484,-14.009848732196996,-13.139955350127472,-12.774984124945288,-11.000354767676901,-6.86191633079799,-6.075448360719011,-10.535347485666344,-11.770695773380767,-9.505196705990775,-11.86087347130976,-11.646137164104314,-9.35004003338347,-6.5379856617116126,-6.954088365399821,-10.031928894660512,-8.688720042971859,-8.449908894651568,-8.140039148112525,-6.716281559411429,-4.290044387219095
-12.464442581742894,-13.528622406732017,-14.131658261383466,-12.676229842432784,-12.661265177802514,-11.468383195959099,-5.511247272333526,-4.741233036259511,-4.091967978986092,-4.669109855154123,-7.050718830829817,-9.823081972109259,-7.785722448241588,-4.824648179536925,-4.643609060777583,-9.562002623121444,-9.921529285812499,-8.98293216520692,-7.6175965737754945,-6.655752231084055,-3.142643224039654,-3.543000490564508
-11.650425236691108,-11.986642235028118,-12.19116551673288,-12.836845507241296,-11.593490826550841,-11.758446645102298,-5.467996220540829,-4.264886371518952,-3.7657130710453743,-4.7776268593710505,-2.6485713587671698,-6.1685001425257076,-4.84277129574685,-4.506256929808322,-3.6172097975122903,-4.293365270779638,-4.7759489166633236,-5.1461404821810115,-3.0428970007706746,-4.504603115989503,-3.5270526623711023,-2.89901550109938
2.321444839058978,-6.314087634546778,-6.89191983993922,-6.417964220723404,-7.033301315378126,-7.0596651956220775,-5.358648239355805,-4.115332736946919,-3.456354603046227,-3.5695399770078766,-3.086566229835469,-5.128417787754075,-4.075097518040498,-4.012399572550237,-4.644384134464617,-3.6757469407821546,-5.6223364410791765,-6.257027663981052,-3.641477406532521,-3.2396415378476124,-3.6930243760255164,-3.180916505327682
3.1202560701036104,3.370135649704895,3.3698326711718987,0.6591946204841759,0.5500625825804585,-2.6784991188041762,-3.6894509987260444,-2.6707574105905483,-3.2322666536697646,-2.2401239867501404,-4.0704394282126275,-2.381109083742049,-4.38843448389995,-3.329502309955545,-4.695727877204255,-4.370174379915585,-3.5590392646164006,-3.0453254243824897,-4.630365137275658,-3.325561997837358,-3.0556908696401717,-2.812561672892135
2.240177496748174,1.7645673809482463,2.3119149535649646,2.0706497487726305,0.9011680189015027,0.7016513145286589,0.8150100652737989,1.1775804283932458,-2.396267119286991,-2.1637351816586516,-1.356869976330822,-2.759587273813827,-4.196675823461433,-2.8988751745872756,-3.3601727189870507,-3.9262530113033827,-4.7718998605705245,-3.926029640442921,-5.53157339168423,-4.336918096343655,-3.2842402522933067,-4.389009709333306
