script/wind10m.json
{"header": {"parameterCategory": 2, "parameterNumber": 3, "lo1": 3.000054539987559, "la1": 64.9999836372058, "dx": 0.5, "dy": 0.25, "nx": 34, "ny": 52, "refTime": "2025-11-21T19:00:00.000Z"}, "data":
[rows 0 to 23 of 52, columns 0 to 33 of 34]
3.578079565745134,3.751241120578903,3.656922843420695,3.718696032839359,4.223860156218552,4.613079778925791,3.8614998660343334,1.3022312590824139,-3.326862991681962,-3.6785886181656062,-0.28720422043589044,6.814754163371948,7.375055405215355,6.987332664345963,4.710047796826793,6.111520996347895,5.7876522351230415,7.011017440330589,2.838219562771103,8.879298238585445,2.216001724681911,0.0722136773860526,0.09197063594847144,2.6337321662838855,0.5881810755104909,-0.5726993706249364,1.129363065606703,1.8113745235313312,1.7056195527096216,0.7489379783020502,0.5651074033566653,-0.21510425056329924,-0.043033813482559205,-0.40431259673238856
4.211760344639582,4.244270402958645,4.207599051749005,4.166894052663812,4.507885777723083,4.734931127421069,4.93820395193757,5.144559918628343,5.401210705404713,5.624490934568759,5.72996424737065,5.495046553553917,4.441150684003735,5.514617245381247,7.818436732751237,7.014700511316571,12.667146056076449,2.889415183616172,7.343209603410419,6.2084772683498635,2.155098767394953,2.075001307819202,0.4600844178618262,0.8069175669932771,0.31346722283892986,0.12604154042484308,-0.04850684625613026,0.4978720140904587,1.249792979030026,1.2596579044212752,0.875557176091474,0.9034455405686771,0.09856109547679504,0.6762171031559401
4.841051950704836,4.870053106611549,4.200059652869199,4.382141286595525,4.340184806321415,4.128734787606844,4.300061009889031,4.3611320631630015,4.171734546019563,4.631694573149417,4.560512295088691,4.688843189285331,6.664890484911999,6.675918235898932,7.184747605129784,12.077429771983585,4.77418057877773,4.271985395545751,1.372041339510266,3.5754887188316307,3.052025090575328,2.9304184290282524,0.3595814249322282,1.9267851171598316,1.2784439817406659,0.20841540986454563,0.6098866999175031,2.313226419495096,0.4914290514563219,0.36654816456808725,1.5843593463653243,1.8590108129525482,0.2366812377629605,0.7232295891034283
4.199579379034945,5.555845428414978,5.898990186822352,5.907555443478127,4.768693864463675,5.263197370169048,4.409960528861601,5.0614055524646515,5.5842244894437325,5.647160565110704,6.511458091509376,7.041436644296808,7.035577535045547,6.539560967327785,10.137279961600772,7.228350231125799,2.930146110690865,5.280724932553742,5.8921760968095285,1.2172622323041575,6.75207310886835,1.784060386214751,2.5543337505183112,1.2112943752791439,0.06530050594492542,0.7564166063098798,-0.09367111761500695,1.4754549433931123,1.0503323356284033,-0.190574029700944,-0.14949647662745347,0.699137506193852,1.1381736469284525,-0.39659528099628893
6.612768481611699,5.0972869019989675,5.2686469099445254,7.049097418609667,7.5904326732566,7.112733941036877,7.26565985091785,7.2677418392760815,6.6558787912919755,6.4549048022467,6.779753429116814,6.561352901144948,10.465226038560848,10.11442100773494,6.830288053234664,4.990059606594921,4.067453579639297,4.877724805910889,3.490910067056034,5.998655844269759,7.557827618710941,4.723170433993529,0.17263457614148425,1.9696253374050177,1.7886990443857835,1.785479704975368,1.456061913430093,1.0937881389253377,1.3535689739834884,0.332118735102128,-0.06971412626751976,1.0149166268435406,0.7479969427882835,-0.2867608677363516
7.186030965631917,7.197940691237166,6.357114205238929,6.574863850296357,7.153593854708651,7.671155090800534,7.033014155895961,6.855774584618278,6.456872727072779,5.6263384065673065,6.0599796505904155,11.336888228561433,8.12297030954098,9.15604973416447,4.147535046411093,3.4692799055776464,5.489007541504389,4.808884762663507,5.041072495401043,3.058899485268014,1.757200240271433,1.161944803270453,2.50906788894792,1.961432792329767,0.5392696446479025,1.649821515889919,0.7975427719800737,0.8263122337383176,0.1818674439500243,0.6024097355540412,1.0239182792516959,0.1936288884909619,0.057297154383500276,0.29672651472229195
8.084217769104143,8.553689283985968,7.572149262240695,9.021088170553563,9.451402395167191,8.712639610515916,7.519588455542458,8.109673132309357,6.547920844317613,10.24950750496446,8.688182885859508,6.391532702782401,5.877019175415646,4.267046446191735,3.890407575684493,6.321214724595107,1.0430101806919778,3.9072508826101613,4.670735833336589,2.5383041144348604,3.3307735553775024,1.620643230619385,1.1313480303873427,1.659375094310043,1.814951005988514,1.5481851554661044,2.0699331711043305,1.463230291657228,0.9733927252683141,1.5829027593477636,0.02694507235986836,0.7072601362085276,0.15443343541072915,-1.178062898266287
10.350223331358146,9.6257295230859,9.309585668433494,9.917143394504354,9.262059912587654,9.126567210612189,9.880286628383793,12.182020686141074,13.7354603785383,13.053943128777176,10.155470577856304,4.357507767570598,4.365685623383404,3.94162592793384,2.198695367832425,4.221486683707253,1.5848958518958545,4.4237538837495505,4.522178008740227,3.117378719396572,1.4095132333518503,1.4967965245956296,1.2903317291185228,2.369208571215276,1.3396029509804668,0.5885329418802352,0.6153616222498961,1.848318689830223,-0.06632531711305213,0.5393275966618214,0.9491540579207456,-0.059175069556307386,0.5399330549557739,-0.6768643311789971
10.350519835318304,9.528444786002279,11.15360382763253,11.425519427753228,11.290131498101523,11.01082303542775,14.43877603566356,13.059774813566932,12.960485142182334,5.104633347868736,4.775416108177094,1.4890159791202424,3.021986471008042,2.388417114620061,5.199159418855961,0.32536054203838255,3.9198458157313496,8.145862461101258,4.789338552389519,2.8389942714241974,5.410050918079888,4.155342947422593,1.9292704168380255,1.8784351160309218,1.9641726308844003,1.1247288131659934,1.543520086119206,-0.2808907789067133,1.069369069809698,-0.18580955530539384,0.2913021672742064,1.3529606298850465,-0.6802325938212943,-0.7502821106374971
11.533122658556195,11.940293505327784,11.452058437122433,13.003347442279363,12.264313118259908,14.018929528144362,13.862946131675487,9.756461823271806,4.4296238297171024,1.3769148059263285,1.6687701397162111,3.682887492621979,3.4916092232543074,6.354423351170059,3.5549137095932424,7.868344644516149,2.2614720222077125,2.7413927890368632,1.2023950360978335,1.0307366360726693,4.198737040717222,1.6124100086863822,1.7671561199006705,2.4851888417149586,1.3549629124197435,1.3040601313848947,2.2394943985700655,1.0218961578847345,0.4139970101932883,-0.9926047512940666,1.597747381656275,0.8183014414100224,0.27798754337512493,0.2741712347806692
13.117653713521378,12.813510291406113,13.399576225591831,13.123647190391939,12.536142691783487,13.306304134268077,8.233462383188998,2.0085195078060263,7.360837388331792,4.66752184558033,9.452073087080263,5.615047470048179,3.8898804097524025,3.786132126957189,3.9348616956401425,2.6745291491293033,3.3675980282532954,0.8239435024135525,1.2579963885946708,1.5963772273326942,2.0525125782123785,0.5485375558130534,1.484732303183623,0.6883919657661889,1.7435022854668938,0.22100563675782534,-0.6151312134334654,0.9038274841113788,-0.19973703339209922,0.12326569114819619,0.8056274937277095,0.8514816462453649,0.7484622303854849,-0.04854271338591816
13.692950902499167,13.254153773400123,13.187638059307702,12.797366055311674,17.005181040372946,7.278724552281886,7.823684474083677,3.3134034841684787,4.384881978519163,7.305407992013164,2.60152633905272,3.2088440375442326,3.834598311735353,2.1009320608017656,3.113110907496167,2.0301801937556467,3.607801254810021,3.6269031966646796,5.248587786588933,2.6250443635515057,3.1530680005519387,-1.1292567320329043,0.7941582193023813,2.3721883860649093,1.8702121033411303,-0.08948125409255181,0.9196706866412537,0.8813246644051953,0.5711413419577724,1.2993452965575487,1.1986374930357482,1.3500599984573693,0.8500405320777947,0.30297324545527604
13.685807228571251,12.716241738536333,12.614356153472574,12.614567496956628,8.976988090554274,4.005632231152179,2.878697251392385,-0.6819252563898904,5.4189741401764016,5.880973731529431,0.9942501482275676,3.6008906090653197,3.981911916802946,5.844894214284162,-0.016302683554363755,8.034517409710496,4.041867606486228,3.7504988658650085,1.403391299850901,0.8725607259472495,1.9919117750960318,1.2094576837215518,0.5471613515405644,1.4020773422477313,1.1992233709251505,-0.03547919440031375,1.0668514723272335,0.3368687884921956,-0.38947445850817586,1.788927642845984,1.5035901762385098,0.8832080755295186,0.0562603179979839,-0.141995883090928
13.121297304190522,12.166515686485576,12.241771578550626,12.06088107031213,8.301125780937774,9.800692094809891,9.853123932578491,3.411492097895636,8.204269879655499,8.03931483978945,8.734773827869384,3.695771071524489,0.12883143445662065,-0.4946788785059338,2.2769462797588624,1.458936780044287,3.0820370003816846,-0.8546580392036991,2.2415343549119746,1.8359159991501712,-0.37791197006650196,3.509499100406086,0.8275392599142881,1.6864358030516124,0.8087071815957302,1.849693584208384,0.43068385063054554,1.013803345045313,0.79988080835759,1.8695514138291254,0.39706605384258414,0.618277799903745,0.029855967715334834,-0.20396355542732258
12.554666887457502,11.80720967795216,11.40556886310296,11.171309506519185,9.391736405622991,1.5337214482719823,-0.6927212405595662,8.911567148802595,0.6507237661254395,2.8217116806915286,-0.31422129167091767,-0.6117230951349708,2.321125672221007,3.53470540617407,1.8836223918441088,3.0687582722303777,1.9346052347772493,0.850397208202217,2.0596433851245246,0.5582890917713786,1.5783430442763369,1.245790521316081,0.8821345143528276,0.9386551662816749,1.0282110007138119,-0.6229061772331193,-0.2479011219075512,1.795071899381368,1.3054580771291135,1.1476332782881882,0.22219453309588322,0.16954674608408546,-0.13363735684001335,-0.6679407003386763
11.813442291949059,11.222532641208518,10.685388842949594,10.680228780961464,6.017354077067827,1.615971389396688,2.729786162003232,-0.20184179755637718,-0.3646943021190334,1.2580243929368515,0.258769434573541,2.032040551977782,1.157978976911523,2.02386271189983,-0.26680898447268153,1.5688414518843763,2.7624369201282093,0.6772571273277199,0.42583180764245826,0.6842189872038634,3.116985566834984,2.1073348184808185,-0.20904717588924202,0.9400251099972218,1.6193465206226938,0.6902091771993948,1.7126630060843508,-0.03338047614833416,0.8945777832374896,0.3893664852495168,-0.5744625128506151,0.059070351738833494,-0.18713675784169062,-1.3597918270311893
11.378366941119399,10.994868838255908,10.59800521139822,11.063148666525539,5.622959272373737,5.784235085398981,6.9611884391568895,7.604831987084202,3.281157682787034,5.5367411861543605,1.6585672191419096,1.2178691485430002,2.131204896008546,0.2570491914886656,0.44551692841076324,0.6792284470344047,1.392459063105884,1.3344669674850234,1.038944026786757,1.5929329614531138,1.1093015582085,1.350651320984337,1.2054543654537537,1.4575886569097225,1.0193446924029241,0.1443977822653719,0.8788730827623982,0.35331721069991484,1.071704937210039,1.014287014824768,-0.4874916509557597,-0.3056082433628466,-0.9355883573083588,-2.507809197090891
11.326959266633143,10.994484153062546,10.273853073271484,10.684410267490708,5.108585026425848,2.727766115658399,5.7871778044194215,3.2559580541133055,7.302835109331006,5.192425938253807,-0.4224745830697972,2.041728451582337,1.8739082558384452,2.5428362130936804,2.0085107101156248,1.811555336807084,2.020580656591824,1.1170225017820774,2.258047882367946,-0.29037270042823987,1.1398102785623783,-0.41234767975206527,1.0816238445683766,1.4244936408474336,1.2795710335425088,-0.006119133065814845,0.07073348738192006,0.2309785606271155,1.2340978480737193,1.6021858587656874,0.2592483441635031,-0.8617190354725522,-1.7351726628309283,-3.520351364043746
11.208439809802757,11.241219667306806,10.283422263421528,9.737394699876578,7.041855929215053,2.81516240028389,5.926020386414802,3.1870556798082137,-0.6123643546547625,2.9181181820224786,0.14100821231599292,0.6657387745193593,2.397023156924384,2.583116214015871,-0.8195367515668485,1.2645805428419405,-0.29823707154045515,0.8705963388203312,2.269799430204195,0.5703347928952694,0.49337600436130646,1.2309072128392002,1.0589902201689099,-0.6004534983129007,1.4245412841673648,-0.08603087180444746,0.03639580930997693,1.577640170137208,1.084712930375053,1.2278145495824113,1.2696134147516787,0.4770222607878461,-2.4719821025095428,-4.378669667107036
10.91704087151469,10.62895704858789,9.385354238760332,9.071562470133216,4.202869652705573,2.400599646583864,-1.9623785476680564,3.953106550421654,6.999767209308709,3.3819125670792682,4.157699515598235,3.7341481351665804,-0.057786702859347595,1.3018053246014683,-0.46514363852459195,1.1801516489640635,0.7597168884127766,-0.18459690039159324,0.9226167392336257,0.7962206035219845,1.108982215871562,-0.21059151748905575,0.4711789033102633,1.266820870472877,0.43929856618164176,0.7740775724345229,0.688176610324842,0.6129372319114456,1.4967978452533592,1.236828171489754,0.7248416720473527,0.4845521224879609,-2.2112972798573316,-2.4377097716808995
10.345889754165706,9.405894104104352,8.166463074815805,7.677458175984992,9.639386693990058,3.111550192007754,3.747820620390012,3.560527635843643,5.749776582245702,5.083790656109596,1.815213677812941,1.5891327459306546,1.3182312150238584,1.359974210826704,-0.1451624805566572,0.7381983516379788,1.1948332198537228,1.2680929474150333,0.855367136912821,0.6143551569235502,0.3174300874212902,1.1942698845390753,-0.1630593559372745,0.46317040098565315,1.6471205195649672,1.1783453259603833,1.26476704787341,0.7924400260610106,1.0551750913338964,1.0797579715428511,0.7768069692690962,0.1753356076529326,-1.6050130808232657,-5.272978818661827
9.583662411065403,8.49334339039514,7.060624962323605,7.162835508582011,8.521398858769802,7.416620731520813,-0.04134108188832502,-0.31702207430662205,3.225409484278076,-0.22145176352046686,1.1123857442376912,1.5177277037521315,1.1160292902427598,0.8831842829564829,-1.02530267749082,0.35088197339484156,0.5485465890003964,1.8444097546502534,1.1757492410933126,-0.6553591734332703,0.5346158971994369,1.4267308941489787,1.1210041728077031,1.194494031432765,0.5646667518892122,0.5585410291764701,0.3272472720778697,0.7293631153094664,1.6223660403427103,0.866706712909569,0.2795661418791365,-0.07403981526204495,-0.46074479890522163,-4.498156017779495
8.845171393244446,7.680229241740211,6.513377424829538,6.61863526076675,7.892270015862114,2.529933950150134,2.247975842771245,-0.4540922415622334,3.469092692792124,1.292030790252262,0.6339204930481548,-0.2634447063669584,0.6446876770858521,0.8087171180871897,-0.32501560246012484,0.8048783185372759,1.3916325667754785,1.7101518394649864,0.6908011088598762,1.4787592463810246,1.2904590460329277,1.8011434293817425,1.5052140346915326,-0.024571431231756896,0.5592478173603558,0.24380886276509922,0.6341347849632354,1.313842974124906,1.2228061723265036,0.07756267031726603,-0.10151521128628758,-0.9722691708178306,-3.5463859711316568,-6.048190246120634
8.057497606078334,6.996020013072554,5.883874385401311,2.5879013299652818,6.861104659593748,6.702063564771755,1.798578049105634,2.938610599053895,3.5679885075948197,0.4860173303629788,0.8627135676750255,2.4182903634664643,0.5190465647346679,0.4462427126753809,0.4706260771262047,1.5020884941505355,0.33845447310993865,1.7072174012083736,1.4491905720562261,1.411138453280476,2.1190904620631157,2.700872218351477,0.973533069962655,0.8062292535597809,1.101376107546035,0.5458322607854634,1.1995893421172716,1.1432614462973496,0.44179118557997,0.5007057649043727,-0.5533909796894737,-1.1195558922809306,-4.501080961571584,-6.577149816161239
