script/wind250m.json
{"header": {"parameterCategory": 2, "parameterNumber": 2, "lo1": 6.000198445256149, "la1": 58.999992894266676, "dx": 0.5, "dy": 0.25, "nx": 22, "ny": 24, "refTime": "2024-03-03T19:00:00.000Z"}, "data":
[rows 0 to 23 of 24, columns 0 to 21 of 22]
-11.181485500133292,-11.968219306025059,-11.96223595770169,-14.079216882318544,-11.387385966978913,-8.058194069405294,-9.658609235794323,-8.309625242107556,-5.264038813742291,-11.007089405410767,-11.495226736847114,-10.773775052115882,-5.192062066624505,-12.855277149484841,-5.705370498540772,-10.155059250969144,-14.772127743495872,-8.116381819163866,-12.496852651430949,-10.57756660004036,-11.06901165042318,-9.635645109986209
-9.574502900580422,-5.4189018941299905,-11.422427375958318,-9.301018641908838,-9.783502712189122,-9.823182104890963,-11.536461977756415,-10.05698656632196,-10.522662250933145,-9.18781370314311,-10.262380476738482,-9.57461005510768,-9.3396765346816,-11.884462975771942,-9.904962484233284,-10.015093108829609,-15.518367516134635,-7.1329582992675356,-8.310786862966248,-8.382542701424967,-13.219535170246607,-8.526506763904015
-9.047629409044433,-9.645741741531166,-10.071108586498278,-12.395671395630618,-11.111037588571785,-12.554421922921362,-13.620781440535907,-13.947989440111911,-11.249100175874897,-11.225430784294353,-8.739777105888253,-7.752502065002002,-10.376147373890364,-6.354729496300017,-9.10126456835278,-8.069228575796012,-10.315695681485856,-6.82336383718179,-8.446695936706012,-10.491225489079536,-9.878133749787901,-9.82184386182205
-8.30258973546066,-13.454505231820518,-11.59334610519569,-11.021619277763927,-8.916373453686122,-15.299114420164083,-12.47673370538317,-14.894878051481989,-9.077818937019064,-13.665671125231063,-12.224992825238113,-11.878279581261728,-8.366167465716309,-10.374807093972782,-7.300039417876735,-8.8989825789607,-12.073644534237562,-5.531574068885407,-8.911871792751635,-8.863129457246513,-12.561698183541903,-9.725503789463808
-15.130474012985816,-7.563500701173944,-10.32969735909198,-6.879340505891045,-9.472296512718872,-10.84642078944084,-11.696531044965665,-10.40253409335225,-20.447250257334733,-10.873630613428876,-7.224207801127787,-14.281000376694346,-7.466315429332489,-7.645385818747265,-9.213784720681444,-11.16863185614297,-9.048964943139529,-10.141949008070835,-9.47937669705564,-13.643622847437005,-9.800555724281626,-11.657217373488137
-7.829160599866258,-7.174670548616588,-8.55640714217481,-7.83327897188522,-10.611292518313618,-10.5503280235441,-14.72196749857989,-7.948103483396036,-10.985873665483034,-11.43180660444933,-6.916060235202782,-12.122471263343607,-13.20615515169099,-10.003865816172098,-11.709014204034386,-12.26640569561617,-10.556444819720227,-10.331308539478925,-10.570229254290426,-8.390688534314506,-7.884418373667091,-9.677409202233152
-13.69191047968094,-9.255742380277809,-5.2788023436848714,-14.86425985625696,-13.45826763725726,-7.76002286979369,-10.181024175411464,-6.012324147889312,-6.424043226626471,-5.168489381798876,-8.815559506223009,-12.462992947321279,-10.77729288473768,-12.164296623552236,-9.778348406056375,-10.418970401668826,-10.642778366422618,-9.580885863744953,-12.450076831057991,-9.681229855958735,-10.726655167564672,-14.275125730554244
-12.67441693171918,-12.895750897479337,-10.124215568332955,-8.616974269918869,-13.133801049562308,-10.901520625382656,-8.929715758315334,-10.151936238090306,-4.846883627864523,-12.537022943287171,-9.653513726825539,-4.466810720424386,-10.24843660150024,-13.095143818896737,-10.393780264258892,-12.43822841559311,-7.797613612811485,-8.50682327581748,-9.762770121402934,-8.030879559181084,-7.859650317058452,-9.432831741772285
-12.32437586338411,-12.401260517876327,-9.88168398224652,-11.652716289953393,-9.490007582163354,-10.879718656645878,-11.042317939497016,-13.309473914415499,-11.094077549063527,-10.832147772067723,-7.461205149426529,-12.06125579621397,-10.8757288016186,-9.519372033195946,-14.009888935524058,-4.783213798049261,-8.758966131222355,-12.279205776873347,-8.09787679450383,-11.013789384004557,-10.431441925325199,-13.274169971447089
-10.135229966402793,-10.151363489731263,-6.513021708175981,-9.748777803263831,-7.756164386505524,-12.259535060897724,-10.445934134145205,-8.988319949037741,-9.92538047766764,-11.931889718018722,-8.366864393589363,-11.178250030332086,-11.599422942000233,-9.408371609915449,-10.4898771708179,-11.545102495975266,-11.223801142376646,-6.207305085473401,-9.86977349107551,-10.188867827282666,-13.521429440368836,-10.56872419779533
-20.530184700996678,-12.732157359082882,-13.518508917128237,-6.573298351986556,-13.394307072178277,-11.236640683264538,-12.684293693595428,-13.46798030950128,-10.28787509136879,-10.681096773301379,-10.36270295735199,-5.405914541153586,-12.795810248728856,-13.400330610741289,-9.374252615783403,-10.170671226825586,-10.134270266475996,-10.926669024111751,-13.26232656314278,-6.290390709535684,-10.091688361388375,-9.93622068195269
-13.876118830342893,-14.525176324729477,-11.898052836728352,-10.282068664371062,-9.60310055276864,-10.099703521142347,-5.89257030732246,-12.430991233405306,-6.07305811964371,-7.096049376452465,-6.111969575112934,-15.467707921802216,-10.132456364088592,-9.204006420888808,-7.519419158702997,-9.987528637194696,-7.003584281937627,-12.234532494545578,-7.860206203463866,-10.57711854638221,-9.882479076098315,-8.33328025470214
-10.272979759713852,-11.656469758584814,-10.017987751085386,-9.292317427358311,-10.397516151239042,-13.377095752954524,-8.119173776754666,-8.101983109823118,-10.774006552366176,-4.8800931878631175,-12.622072829979446,-10.502606625817448,-10.711193919882435,-10.366184640711637,-8.579878895022805,-8.7641904507839,-7.712366096779789,-9.576099698396279,-11.135264558479472,-11.834831214267158,-12.953461037935112,-15.237658868560304
-10.988613135035225,-9.260565450477081,-10.676677443182886,-12.62344065592584,-12.652627623601424,-7.595543117164187,-10.409625158872274,-3.536983772171391,-14.051812470613216,-10.69564940656728,-9.895824072794174,-9.543482203259627,-11.564295276375272,-6.402181102826242,-7.837877399900368,-8.304030042422259,-10.496095541281218,-9.513887291952578,-11.007608523276607,-10.267936508111275,-5.688870783545374,-12.36733357250772
-10.185957170130537,-14.913374382101928,-7.006895856145169,-7.248613916076709,-10.808454381375887,-9.89476056452323,-13.345779433927591,-10.572765491662285,-11.342628640987446,-13.711446170374693,-7.249096528819365,-11.969717449901422,-11.302442702442015,-10.35368320675951,-8.777825189579248,-12.626997333011774,-10.907612718670183,-9.15999949601466,-10.852795789141616,-10.511618693019336,-9.885931984156587,-11.829418400469766
-10.394250468578619,-10.53693000221379,-6.662715384861361,-11.511658144064768,-8.826566565896233,-10.695131966468642,-14.934477567425665,-8.703874035483178,-9.998323947245845,-8.042529459911021,-10.664153289545157,-7.511517147445803,-10.839978201195649,-9.096348580054348,-8.547829064400892,-10.950301877976683,-9.798350362718901,-9.036150989231459,-10.703468283328139,-17.539968179889176,-11.886922795626262,-9.603639067343899
-4.0714770330812415,-10.180150489200965,-9.18848195122603,-11.733133821285612,-13.615580745366318,-5.5784801639628245,-9.745746051416255,-11.08007180151054,-11.402175126095155,-12.354145010735898,-13.239838829645572,-10.13732443221111,-18.6132719634336,-13.736408195241273,-10.270511858176505,-16.02837703839769,-10.810199638369026,-9.609625322560355,-10.116504345715358,-8.800800929944948,-16.43136413727393,-9.931486561610217
-6.844494248752905,-12.041435222518905,-9.559081974037815,-7.796342430896677,-9.295948271767857,-10.726369626898588,-10.021601950416787,-10.286055995306581,-14.1144022607524,-5.129809723874634,-9.793524924326203,-11.303498860357426,-11.757323254905161,-10.374698080653287,-9.06567867405166,-11.335931883278654,-10.671000590664393,-10.635338869943,-11.74432825412822,-10.326945608376565,-8.901763217037018,-12.419273685805225
-11.086213499486249,-10.00423222711222,-7.497771911107779,-7.947875997647932,-9.35257615883437,-10.369716285389009,-9.882396697222788,-11.6800871199373,-9.194756741479623,-12.107657159043741,-8.502637570929968,-15.19504833509727,-8.945808888250895,-9.847802821998208,-8.873805829199007,-11.70798972828285,-10.342594201593908,-9.945728269673383,-12.67263553000249,-8.525596196481354,-8.851716779934547,-7.903327343110256
-12.057875215998317,-10.752618636445884,-9.91903849259584,-10.180399541888947,-10.986567582219822,-10.944667413392063,-9.65168174937274,-12.70658841222777,-11.189975856387683,-10.599980993110652,-11.608303494809014,-4.158941670354699,-10.821634510234752,-9.709328944707883,-15.605655823582408,-8.34913167410772,-10.294131090190438,-10.205445330483037,-8.354935711631793,-7.181698926552132,-10.397463408114566,-5.20453632785669
-8.67665253932671,-15.245690213220746,-7.720175202551634,-13.622002331912912,-9.906122759054842,-11.005898477038986,-8.879228032524772,-8.989381979420118,-4.897849936596402,-11.566009552436345,-9.216622842548365,-7.121147954858655,-11.858772159392641,-8.212650383193461,-10.090072897210737,-8.566967435349298,-12.632136385149181,-8.315460412580755,-9.052062350554548,-10.872193076705292,-12.436111598012344,-7.5767032581917135
-11.811962791266758,-12.2856396677565,-10.37806962413418,-14.166271670266665,-18.92623111301576,-14.697988298556288,-7.9197749210593384,-11.232549898341832,-8.225803485551465,-10.455401304706553,-13.35497915075657,-11.672941332669753,-9.036958553816259,-11.46361036856828,-9.47496445123563,-10.158186622496117,-11.696354218346679,-9.141956889740671,-4.091772222243278,-8.48698023371731,-7.990194608146143,-11.007545289678173
-8.876532187624461,-9.496845210381768,-14.123278245245793,-10.948929251422934,-7.830225878798606,-9.26230916916437,-7.202309496179612,-16.79501073694189,-11.730827727531707,-10.222841546323785,-13.146664335684171,-7.994850218706383,-9.390587560373145,-10.76941477549536,-11.02882329897683,-11.709094433407031,-8.724180726272415,-7.9877647601657005,-8.665613584624221,-5.992212108454728,-7.370138523689867,-5.125570523612337
-9.691577565010572,-10.397653359517927,-10.70753018839403,-12.956117572391069,-8.983699520957401,-8.405312436144246,-14.309134130613396,-5.84698438473189,-9.19047974934638,-9.96020855049442,-11.565756416482994,-9.46973994259018,-9.989934457453385,-10.50021283695679,-11.199699560637088,-10.68970769335091,-10.499303166196627,-10.000133162683458,-9.884327863814763,-12.16196613715538,-11.935552809901838,-9.585117991735057
