script/wind10m.json
{"header": {"parameterCategory": 2, "parameterNumber": 2, "lo1": 3.000054539987559, "la1": 64.9999836372058, "dx": 0.5, "dy": 0.25, "nx": 34, "ny": 52, "refTime": "2025-10-22T08:00:00.000Z"}, "data":
[rows 0 to 23 of 52, columns 0 to 33 of 34]
-13.284812232110582,-12.087689182795145,-11.698271828123842,-11.203241706578567,-10.672591624924829,-10.506076545035883,-10.430758698759586,-10.474078520110774,-9.115577755329522,-8.690926801545997,-8.39534675434613,-8.322307280283665,-7.016211814089522,-5.011354388581223,-5.676008743860566,-5.492483904410472,-3.027791043455885,-4.119604281299645,-2.8167338879610435,-5.054262267392341,-2.5156749882394096,0.6666334204110343,-3.2355886099803044,-3.095460109626846,-2.040134643682561,-0.8477155389738665,-1.2527383445691478,-0.856500852917647,-0.9583300600487425,-1.6247156480500626,-1.5361761683256905,-1.7323458049531502,-1.1443800758150329,-1.3538663551885615
-11.109264373829262,-10.752209479519488,-10.558949037935804,-10.136718994206973,-10.229656301561086,-10.128469648401028,-9.475245032786408,-9.1583188284623,-8.740287496519288,-8.757378849567385,-7.605433937578786,-6.2089884663589245,-4.449528477505902,-3.76167897130771,-3.963192411515233,-4.678918731402237,-5.156244066345265,-2.4952832406471193,-5.047606525532314,-2.7825226620630534,-4.554932588056665,-2.874970796627963,-0.8516116052757763,-3.298012713672076,-1.5026289578258483,-1.5634467449599867,-1.0989454424744085,-1.7784868783061154,-1.2946416537766035,-0.9178284610655955,-1.3118574714522724,-1.7110210707629838,-1.3573216249020525,-0.9039785875229557
-10.561176659402758,-10.107341567480152,-9.936867928094909,-10.206813463469368,-8.737036726994747,-8.883980867464725,-8.794236099215231,-8.418563191985378,-8.316661603256772,-7.498133011548402,-5.908008697685457,-4.86917787407494,-3.3695091767310537,-3.2109665370446647,-3.007414129094348,-1.7313646550260833,-2.5614395155185568,-2.751758767482142,-1.822900293311882,-2.736385482284505,-4.321681224568309,-1.7029703089986004,-3.1704209394912475,-2.6809438294184744,-1.4683696878164199,-1.1694630451113657,-1.1816358792216153,-1.1050254144848364,-1.5439071029179532,-1.2427248727891707,-0.7718111867603958,-1.3077507611593309,-1.4455877957770822,-1.2190718707037078
-9.799479195247837,-9.813645659043717,-9.357905963661278,-8.846113280720841,-8.811988790700141,-8.611392112450933,-8.391781818214753,-7.7933967606613255,-6.751103137300967,-6.277500368285316,-5.383055540185995,-3.526130545141831,-3.199024088695627,-2.908054907683599,-2.810793803212954,-3.1002795552625626,-2.586946405407296,-2.2815361684854967,-4.756537586902777,-2.241364225391343,-5.821329207219752,-3.10080358489145,-2.7955796406932447,-1.3960817978305053,-1.5578533280220042,-1.5427324380142355,-1.423434462084554,-1.2521529880368727,-1.5606412638843676,-1.3273273180184235,-1.457324277359901,-1.3814333214585952,-1.1551458585184557,-1.6580456668587789
-9.952713932553584,-9.391181907546654,-9.009725402015958,-8.687643927317822,-8.381958433955123,-7.937171879810725,-7.571127402790416,-6.971797880364183,-6.545646850388149,-5.3437126208386125,-3.254112582467775,-3.2597130435680493,-3.6508069198347814,-4.029716367760816,-3.5218704694407736,-3.9907948455346314,-2.125582601237596,-2.0196946016517874,-2.452955395519388,-3.9761265697715475,-6.20041280545265,-2.8796891425259785,-1.6616295478629213,-2.135223453161084,-1.0171787977160187,-1.5191421948351127,-1.8217988462246952,-1.6811609768189162,-1.4695618602091927,-2.0364002971670825,-1.8660394475380058,-1.4153867509327498,-1.1003628252053979,-1.293711458232454
-8.973411916874866,-8.523598528310783,-8.519691473072246,-8.376262881607685,-8.150513383803577,-7.918928792028528,-7.183995359637938,-6.528070974893491,-5.867548111360076,-3.9688201379233177,-2.457223495972424,-2.981633015873653,-4.37837869599793,-5.799735912395643,-1.3332809092443167,-1.5290769345779174,0.6173149277193811,-2.043463015961114,-5.105443092992419,-6.845216611461535,-2.5009464292190478,-3.3539964418992105,-1.3471885574620506,-1.5230687146768314,-1.3459546703272955,-1.2631076878556031,-1.6440303675460735,-1.8494440088255282,-1.4846214075138704,-1.7159203612873244,-1.7161639034199212,-1.2553145096320026,-1.1932202037680097,-0.8151965360380534
-8.847039332139795,-8.249095727063363,-8.301418541200679,-7.505900183091352,-7.0844439268515575,-7.378597575469184,-6.359625989545982,-4.801570322229502,-3.7950874691980494,-2.998159698602719,-2.4639106170894354,-1.7297120156147527,-1.2850584003633776,-2.7881519461933153,-3.4104375944291108,-2.8411460308563856,-1.4639946580656196,-4.4911945275891645,-5.731382317184882,-3.1469536824877182,-2.4739034020053254,-1.7493536506185055,-2.082659127844671,-1.7867678238347091,-1.6210531781577704,-1.41691731610082,-1.6580048728890815,-1.6090327732843235,-1.768287568138335,-1.5498839702470706,-2.0891109752874786,-1.359959271158702,-0.9685569018751329,-2.678823968854678
-8.81574203432383,-8.532010967230878,-7.276636956531371,-6.1648944054595995,-5.651676240025962,-5.088158633787794,-4.230877016838269,-2.637801440876665,-1.3755532498933043,-3.040582812762617,-3.5564593099498434,-1.3386491087288637,1.169605265556609,-0.647398046976361,-1.5271551839531021,-1.1748652230120638,-0.3479339711993533,-0.5929760326587615,-1.436470878891248,-3.1635656539852377,-2.7121100694344236,-1.8612222155784195,-1.8737263736526149,-2.839510441604079,-1.6837540999929321,-1.81386865560698,-1.9424170559243479,-1.271262363601778,-1.5698397296070477,-1.9114166349430803,-1.3585000119454336,-1.0100899326084138,-1.1042104336338396,-3.6862977423585948
-7.821187929034471,-7.044362018986944,-5.716174623304163,-4.333759423942918,-2.357886252777387,-1.3075996282161575,-0.8990397488407404,-2.057673137625519,-0.9489972358853577,0.5057034562610242,-1.3600509761621595,-1.181406513969843,-1.7815285040661963,-5.1433672896129154,-2.7385683182012985,-2.9518167830579363,-3.536590609741451,-3.0033428025361535,-4.239436778236259,-3.20145358428235,-3.3510519053696064,-1.6822072206105902,-0.5208930222466398,-1.8364794472633819,-2.063198710383361,-2.0484473302930883,-1.2568721049219342,-1.3395786885645522,-1.4451892879895063,-1.777033415107779,-1.4737759064129754,-1.8709853895589832,-3.0628358071405395,-4.149749391023773
-5.100281233410734,-4.692113367585469,-4.096364914870171,-2.5116632415548694,0.46934403229158117,1.4546433876592253,-0.5545169053844454,-0.8092060981175357,-2.4514464870144455,-0.8386713011689632,-0.2876445653125398,1.550532080719006,-2.996677440939045,1.384066900779318,-1.8624913634517617,-1.950515306367252,-1.732360008933298,-4.409208762654251,-3.9246539558929614,-2.0930409911171117,-1.4213866856468662,-1.6702755702295895,-1.8077420485851847,-1.551313605528218,-1.8356589310969917,-2.222094839847782,-1.5366567189520888,-1.7206206031540756,-1.7071054098179788,-1.6859088524502248,-1.8661798912541165,-3.8741055694264794,-3.8849215313469667,-4.075001404874895
-5.751682069512262,-5.715951017450704,-6.106725555449958,-2.9610185604711017,-1.0002134858274532,0.09463609148419594,-2.0453772872355045,-0.7097620324472345,1.4031273578367511,1.6125462511472477,0.5596855572594066,-2.8682087915061776,-0.09647066411879031,5.056258204657471,0.3387654580413623,-3.5611797207502964,-0.10420006822099324,-1.910233193675834,-4.552687702910203,-1.2265317407903007,-1.4735118799346982,-1.9649136307618797,-1.8614748564382098,-1.953768724013081,-2.2047139536363094,-1.6399242935386666,-2.0885167588540092,-2.1737911375811976,-1.563347778560233,-2.016618528398953,-3.9796745983817146,-4.951516993088411,-4.821391587830254,-4.693359745811314
-5.436811069839132,-6.194422289802485,-6.103356233946668,-5.424937567064608,-3.675474511984157,-0.166796563701936,-1.7515283260825085,-2.8688806053101694,0.6499015795572436,-6.359395843960207,-2.9212836460046234,-2.190275270887235,-3.4925071394256393,1.026888090411105,-1.2976452665720384,-0.4392159871369537,-2.9721540420249895,-3.443813715867665,-4.783688567844732,-2.4093976393361767,-2.003920312397881,-1.9301747236782538,-1.1809683485967135,-1.7003183775941242,-1.4758388542211789,-2.0926901838600314,-2.0028152256768172,-1.7128916505474725,-0.9913260425743772,-1.2807058478613895,-3.9172153845878666,-4.418326362691452,-5.422902326771438,-5.089829743310588
-6.22916345536134,-5.602323804303347,-6.196447276408628,-4.629612644082721,-1.8193819947019825,-0.6601227407074627,1.9027194195580528,0.5657310807338709,-2.9686673181942145,-3.916544643014059,-4.160690867557576,-5.353471717414348,-0.38690400211572146,-0.8787779206749377,-1.1390096440118995,-1.248182556164759,-1.5445846924756113,-1.373662933072872,-3.214325649973349,-1.789825494584064,-1.083996829762209,-1.2824294703183834,-1.8240373506673069,-1.6644753558465224,-1.6730570379144758,-2.3950724473458345,-2.5552478211914638,-2.257402336352358,-1.9970715292989165,-4.058664006934608,-3.954333459424486,-3.868518395847296,-5.48902141283962,-5.697377524304024
-5.857426392626503,-5.788687604007223,-5.734443724916926,-6.399854448356018,-2.9163996511917567,-4.634978883322963,1.0283826902355109,-0.5618759912887964,-6.289140995262696,-0.9616159423596724,-1.615400483738247,0.320973623595191,-1.446738140392438,-0.7419882465533283,-2.4068275350511334,-0.7226416879059293,-1.7405159339928247,-2.191924603286086,-2.610865477041381,-2.0341389753785974,-1.67600830057652,-2.862712365515048,-1.3597172998645686,-1.8366252936317513,-1.6873407831052145,-1.5344311778867064,-2.0869975395282485,-1.6685119561468964,-2.1140808284286012,-3.6399258600061493,-4.085389306205349,-4.1804687125689375,-5.35762179748814,-5.693627374225823
0.9460945036622831,0.7494179683402548,-3.7121211216147874,-4.7806448763668685,-4.018205285624352,-3.837070969261805,-0.08996092970638392,-4.902009490018109,-1.6770059301317932,-1.15004991988486,-0.7465603604335203,-2.266933221790222,-0.014008322759043339,0.025282922570373855,-1.6625708704351487,-2.5933797378665324,0.5358768150314553,-1.4056148370808375,-1.4509705724443482,-1.5606210623777796,-1.1531530785744672,-2.299939615105066,-1.7690778674144867,-1.8936192521284674,-1.3913072436319864,-2.4681178920845426,-2.0505801096778256,-2.0221604085240052,-1.5475131618672433,-5.145260941322338,-5.281621647014487,-4.991462824978659,-5.866992102247607,-6.023621821058285
0.7137299576389741,0.36337543253788657,1.0585271116577823,-4.164313049796718,-2.7871329299821914,-2.4076055585678238,-3.783351225030607,1.4769311105810081,0.025629919389317243,-2.0011840145577846,-3.5734071549186797,-2.1337055728923358,-1.8691244597749057,-0.5183000796025274,0.753662812614944,-2.7723626585041514,-1.0185791070185488,-2.3803870723012324,-2.387089743626424,-1.5865710897697969,-1.7607098315512448,-1.9187288611777849,-1.49529464044149,-1.1752622643117125,-1.2513113789426795,-1.8301084729599026,-1.7448573379548296,-1.9587408097279375,-1.8268675316058343,-5.288099862532646,-5.064895760543096,-5.73655446135632,-5.822306014886364,-6.712529830042109
-0.17883476980426447,-1.2231777481672679,-0.32579436954272306,-4.578565663841994,-2.792490631629099,-1.6575069841458157,-3.418132827846155,-1.1526926493678598,2.250366546955365,-2.442603854770175,-3.1930334219679106,-0.33615043882765633,1.2964295155885461,0.8636683377330056,1.1002437673252397,0.9700762463948679,-1.8334159548906885,-0.6494049858078506,-1.628640781548124,-0.4642744306834175,-1.9853786522803747,-1.856654210574278,-1.532083151005295,-2.5438151656142662,-1.9406127249668126,-1.758309802113372,-1.6397629647100886,-1.4787306600148027,-1.41771421922691,-4.583367744850285,-5.386503900681418,-6.068770212483313,-6.268007155900093,-6.82259944602593
-1.4914162770801445,-1.452108709953944,-1.0032512054951659,-4.546134594342645,-2.3092579588988187,-0.866432104812571,-2.3683695759576815,0.3225906847397785,-2.1937407837174407,-0.2302108092017024,0.6528292061230243,-0.9411439423967769,0.14708871697948558,0.7310391588455104,0.14077605397952922,0.2366006056707636,-3.8149271127081397,-1.6039808050321906,-1.811694038701356,-2.109133927985439,-1.584343625284946,-1.640311541327673,-1.678503416068998,-1.3231307240797376,-1.8319761106079706,-1.4007307837786223,-2.102011033903903,-1.6365810403060332,-1.3226515242646915,-3.0930562918658056,-4.84559744298897,-6.361617025755808,-7.092180293790826,-6.317942985676847
-1.4750769980747964,-1.5504081102072216,-1.3916794881200143,-4.324543030057934,-2.6684893307804325,-1.8589339474482443,-1.2416117364599832,-2.175705610447666,-5.523362878335087,-2.120407676465871,-1.7838217145870945,-0.24580994565638423,-0.45929831333530785,0.9762181270418688,1.0169059484560856,-0.491691481349663,-0.6772721652428829,-1.2997446257707976,0.3071610350788248,-1.6133395958679069,-0.6127675245856484,-1.3867268444867114,-1.5551940500055177,-1.7987735871426604,-1.2348090795402749,-1.307269979003024,-1.55866680480154,-1.574877066892851,-1.269372297342637,-1.6443017256439343,-1.958314992576785,-5.5100244248649215,-7.37303666767332,-5.625090850463507
-2.693243715477088,-3.0864314210785144,-3.2271816584836848,-4.409084239383502,-2.0139351356312227,-1.9970206134433393,1.0825924416659085,-1.3101232662191604,-2.1689518074859806,-1.1780658325447242,-2.2991848708494897,-1.6269923250755085,-1.0268830468855443,1.2636473817787415,0.7204180203505728,-0.47227883360166795,-0.2172663186960187,-1.52063375127703,-0.2118926790667583,-1.5718464057887427,-0.44580179649959095,-1.2980273194058396,-1.4877761267848977,-1.1110335080068223,-1.5075939583239826,-0.8798578827555584,-1.2256614018024734,-1.1582765369762973,-1.393754786512581,-1.5922997111751809,-1.3748815657693272,-1.5585834885429675,-5.146554925687648,-3.117073852612356
0.34022446776968657,-2.606399701623161,-3.735816795711822,-4.415714140464524,-3.645012975289204,-2.4917327568062198,-1.8002302807380604,-0.03562181222881794,-3.034060451773309,-0.514124724422291,-0.9316126067839956,-0.6592335884667173,0.5626640809827502,-0.19719420236452642,1.0683403336539667,0.21113553820379863,-0.7306061968359129,-0.6668407021560425,-0.5528019978556994,-0.9233127222729669,-0.8343411378523058,-0.3173872946661643,-0.8196018603675925,-1.4544944386505472,-0.574016108459381,-0.7687164040690618,-0.4429161941519493,-0.9472505112177244,-1.0209238068617377,-1.7722256782194856,-1.2940375335391305,-1.135934165697528,-2.2974621274680747,-5.30725173546641
6.066765845453331,3.456496156389365,1.748721229132767,-2.486320500224615,-4.828704252631068,-3.946123994593047,-3.265708580113765,-2.3000914811842534,-2.618232730283613,-0.7609593647771266,0.5942156073519343,0.6839082351981616,0.42313536676457586,0.8115387168855439,1.3077619362555142,1.1550698446026912,-0.7612473229344673,0.007083509062712082,0.19287201914500934,-0.8799985390943785,-0.034046012473894716,-0.5278490423885253,-0.20814035947938164,-0.6359772867671879,-0.7831596306509186,-0.5006753186147308,-0.8469683683950788,-0.9810477937026292,-1.9275411772609916,-2.057955950952994,-1.0067546884938299,-0.9125797253688905,-0.9511160001985407,-3.2948039884438467
5.150921933739071,5.231143936539512,1.8345469186751222,1.7924696362471912,-4.676997925474734,-2.1651210940991032,-2.9262737529073317,-1.314094203333562,-1.7646362853028643,-2.635262324871628,-0.35836533429498063,-1.1293379624969426,0.8553378659879959,-0.10841289711609009,1.3033184799405044,2.1234083811960285,1.303507909184756,0.8276178487162411,-0.04655380061560428,0.07034735835581325,-0.6671025659120123,-1.1093380451902606,-0.8601743120993682,-0.558197900382519,-0.9663884043805887,-1.272521055549956,-0.7041350666211265,-2.085118178928622,-1.1472278896648194,-1.493781170800111,-1.3094902286140364,-0.6780991758274583,-1.6456961063359006,-2.658580568202567
6.1330627389090475,6.463968536079543,1.9412305738678253,2.238230601418624,1.3139690422826424,-5.143165350085436,-1.3402292838661296,-5.252162279133962,-2.201550388437413,-1.3620623836073227,0.8636248487706274,0.07678035511753209,0.22230850224285045,0.32718878807414886,-0.34252756662716705,1.2484096355243852,0.9579070641029779,0.36555886417152045,-0.5816968368567366,-0.7346204339827289,0.22063162816428344,-2.3513229010548224,-2.1273531882626826,-0.944103154014834,-0.4049057955301585,-0.8887932081549276,-1.33214901669325,-0.40859152287621453,0.029140868663230384,0.17561892019844758,-0.559285572109,-0.227120905706936,-1.089107239813831,-2.324170237616712
