script/wind50m.json
{"header": {"parameterCategory": 2, "parameterNumber": 2, "lo1": 3.000054539987559, "la1": 64.9999836372058, "dx": 0.5, "dy": 0.25, "nx": 34, "ny": 52, "refTime": "2026-01-07T11:00:00.000Z"}, "data":
[rows 0 to 23 of 52, columns 0 to 33 of 34]
-0.7084525496684703,-0.4205389405367328,-3.489548243784859,-5.003341989636191,-5.867358505807999,-6.500393127731146,-6.962874583667497,-7.191880582735354,-7.151697362973626,-7.768873250143206,-8.593944126976076,-8.240647707058509,-7.9682487124777035,-7.938286473055519,-8.093855186218532,-8.39119749384915,-6.0684709857981325,-5.8005771331958655,-7.248612894971143,-16.2845968648751,-9.373525188337963,-3.5622673850619546,-8.514787676757688,-11.691239167660541,-2.966100905145262,-3.6607381645671198,-1.3001372350933151,-6.2776688130346985,-3.650281613150655,-3.026571514132637,-1.1231657517224496,-2.9472538599834714,-5.306531600616703,-1.7592522928851118
-2.870658254966063,-1.9221308634409187,-4.241338928474462,-5.835700239754192,-6.501628451582102,-7.157161780942903,-7.364629936169087,-7.340769318309539,-7.221619803671473,-7.27030658175212,-7.705191661416722,-8.043952446595002,-8.035387125340755,-8.651764336160712,-8.677407852957078,-8.96587947701771,-8.890491285691123,-7.646032049716306,-13.940006421532708,-9.402745819237742,-9.192738342616519,-6.001003534092463,-4.619430970497462,-7.567923875882269,-2.194794555897471,-3.7259126956921707,0.12218826650548513,-0.6967783347914379,-3.9467208923758115,-3.8523375149833994,0.9185305953855974,0.037314107482729564,-1.8419592022596305,-4.612167599918418
-4.026934885760855,-3.00716365313811,-5.603852055030769,-6.445681398889532,-7.194683502851399,-7.872504620854358,-7.965222832007763,-7.839554745169035,-7.788478009111499,-7.357483496573616,-7.419640934219736,-6.932872927748679,-6.796872102403074,-8.107871299322273,-8.232929778830627,-10.561335816906318,-8.756284669922582,-8.563587711295108,-7.836599115861414,-6.141106506803164,-11.728226422930023,-7.565892032577117,-6.471463024813984,-6.652148991321804,-5.7740138060090915,-0.5437820528096259,-3.622424571039622,1.1766430488670863,-2.47413529058043,-6.212470797336474,-2.1495234397489638,-0.9076073474679467,0.7830704693554226,-4.641589126341032
-4.474816625859691,-4.91479051038666,-7.393869770084594,-6.996156971613162,-7.994266965312467,-8.397604336623669,-8.595682730518492,-8.296432114340863,-8.84267513767633,-8.085079218247564,-7.315723720798462,-6.742997360273773,-5.697821697403354,-3.6396816128039644,-6.0217456522750155,-8.978353058324332,-4.520762636985448,-6.427702553488162,-14.47390745064197,-4.58614641177576,-16.251278690845904,-5.71769635358922,-15.383216985708419,-3.437538716235215,-1.955590893722824,-2.672369906802659,-2.917024862237161,-2.90543956923741,-4.4122886607389065,-3.1602637608299853,-3.3556496531072355,-1.9405954925444915,-1.5203788946190002,-2.647246939489833
-5.148900061516961,-6.9237767949978855,-7.352590238871384,-7.787404320902698,-8.324512355952695,-8.623118955716375,-9.859851917053671,-9.871223510847262,-9.149343201846266,-9.203741753004723,-9.160846513193993,-7.557068570075319,-6.777108973392349,-5.193079561899902,-10.30391730533851,-12.523992955537144,-7.170743613044338,-3.636576789769685,-6.445205567157512,-4.721971435103024,-14.612462944114114,-9.70917052535181,-2.2559528863355376,-8.143859587334687,-2.6501392521279064,-4.446421337120577,-3.7322291929915234,-2.027587160854312,-4.3061747380370194,-3.0759536135364995,-2.5892162099292686,-4.6612324864004995,-0.5558683924587207,-0.7279130080410944
-6.711649552923853,-6.92250496476804,-7.025682132915966,-7.635674594831875,-8.26457767826928,-8.525442127535275,-8.693603534905241,-10.37101289405288,-11.585190925936182,-11.504344338902524,-11.172544102567453,-8.248672024197665,-9.10764166913537,-10.243356235177226,-4.708241789797496,-4.859071593976559,-3.182969179339537,-5.8212582003580335,-12.655018830742932,-11.362134411117308,-4.022381228475806,-7.318399812696189,-4.177813211790267,-3.0146783773562396,-4.150163184927193,-3.7399566422943815,-2.835492392587254,-3.1575975572557877,-3.0369275047980913,-4.86278433139546,-5.020488743786019,-1.8748134052349634,-1.5078991412354354,-1.053336171333916
-7.158366991082584,-6.793391899198717,-6.93976936675414,-7.22621450726949,-8.191733629119094,-8.24094397004916,-9.020523103955867,-11.785767500107488,-11.341017586939943,-11.77988297531364,-12.370249849291579,-7.236121407605901,-5.794022687265512,-7.126853079634699,-7.658626831708711,-9.636018392679953,-4.737063141048413,-12.134165766851286,-12.843383142725855,-5.352579943961915,-5.696651450773552,-4.074724074016824,-6.3204332437182495,-6.433279501526563,-6.233536527861532,-1.539297409092008,-3.9531653392714974,-2.0024270908013118,-3.4418485816708357,-4.561702081079051,-2.933957126186536,-3.016552902977668,-2.8811979109989805,-3.0339019844865622
-6.937219192562127,-7.079483494375484,-6.6483684356948745,-7.0068027564877635,-7.364984444256348,-7.370365435244865,-8.28379826863562,-9.722814919442866,-9.172115156028639,-9.366448529211315,-8.68062202196016,-4.998769799985222,-2.1117495312939614,-7.07553561324622,-1.4060357767084102,-3.1705474625871286,-3.3987247859653418,-7.845753826164403,-8.338615481306967,-6.549100927715838,-6.6248770120476586,-4.540336449812933,-1.9891570244429047,-4.1856313818131845,-3.3862136165509633,-2.899276837618346,-5.99122287291577,-3.3274877779888503,-3.0005220609408054,-1.6355832562135706,-2.4894900375841416,-3.252239705564863,-3.3146182031368907,-10.344579929279623
-6.7803997838066214,-6.785771812724156,-7.0490101217594985,-6.770110613800061,-6.422237539340437,-6.034661605457212,-7.075400391930135,-7.612353501677954,-5.831458927823488,-3.167915210838226,-2.643508439724482,-4.858185493186226,-6.2545625577609165,-9.079720698517583,-5.2789256442034755,-2.0719104500800483,-3.835077088202195,-5.936010241195554,-9.509024864891556,-14.804212744042232,-11.20825322089068,-4.725203567753429,-0.5800290628464485,-1.9668429464051491,-3.874879869452416,-5.3720821101278355,-3.2480347057068206,-3.2181260491968566,-0.34121399578262573,-0.06417685176850835,-4.996013807561771,-9.224687188625282,-10.697563408797704,-9.90744477146185
-6.8599799124859535,-7.259568786560744,-7.388678259847644,-7.3476610742652,-6.0217829222993124,-4.632881530711979,-5.069363530729422,-4.019896490209304,-5.393174560686382,-2.1127065028800187,-2.600832743921038,0.3977131519356047,-12.532324654912943,1.3714031708913226,-1.884837975846889,-8.87765883919805,-3.631640669020458,-14.447002113990145,-15.089177855182522,-9.446487018643122,-5.077370940096629,-4.1997885970284665,-5.8896064479992765,-1.6001556906456642,-1.7418762049969627,-7.43612180481218,-3.8653637550172326,-5.080642277685554,-5.391514685766315,-4.3253587051128015,-8.379873520210259,-9.831142598592647,-9.162174005338427,-8.649784440265408
-6.364074123129407,-6.684318056334598,-6.70448827274618,-6.074611063761012,-5.954519445186122,-4.392036504645153,-4.2801383942648386,-2.1095450352565965,-3.490727206393597,3.129699312170297,-6.981841427723611,2.064327468756571,0.02721644254094865,-1.0375126522368283,-3.6781444955720066,-8.24385099451301,-0.05235261130839034,0.9463024058582558,-15.31895755248375,-3.488824607692228,-5.1810811856031105,-5.83781620233338,-6.394495592573198,-1.0858216068209583,-5.315194054419765,-3.14889891089497,-3.3586936686016795,-5.59018238303194,-3.6143876346801886,-6.277873133279813,-10.988726776469129,-10.705057837084269,-9.74729194335239,-8.922075107984757
-6.222275826959269,-5.840016555532301,-5.485322036829532,-4.925962723884745,-2.9174302988747316,0.00024322059588498357,-0.6438124248273402,-2.8322036478943646,-1.6034843376494483,-6.007186514449147,-2.4177724901949964,-3.1960689321624067,-4.2455731706911335,-2.015950834208434,-5.182140445019504,-2.943877913501083,-10.098276992265415,-11.672243832725501,-13.562284385440696,-5.672441795326265,-5.362152431422666,-9.35697299806897,-1.5609088122938073,-2.564962434018785,-2.581768467474738,-5.205547610541588,-4.710393125217229,-4.836850138318643,-6.953320123162003,-8.656287387948858,-11.2042187473208,-10.154522193615467,-9.770760977125542,-9.172493088797903
-5.3091005645065,-5.149527076145868,-4.142153214104653,-2.355068612036842,-2.970003618558193,-1.3983671027660558,1.1038407461369812,-3.570355023428651,-7.026295302179149,-4.091022162975056,-5.878396829337073,-4.08291555713823,-0.4517548217361079,-7.135321359586051,0.04257750282469971,1.2647326084651536,-3.4706663279640475,-1.907386645189265,-5.6963768819230065,-2.7773720072562083,-1.665380424199541,-3.677464657597409,-3.7848584575441717,-3.108109660602784,-2.6595223974925677,-6.863242738713808,-5.830216614232475,-7.905869219855396,-7.7822311017148555,-11.972866217195207,-11.716328629332493,-11.195231534601895,-10.46680483118925,-9.619398371556333
-4.434973180898947,-4.359473865628226,-2.9020178674371997,-0.9916784163439316,-0.6491551762376332,-2.5802272743124486,-1.9702042332772691,-1.8750232964534377,-6.082168679801669,-3.4120819142346983,-6.67648153687355,-4.943261190647975,0.7839573720110253,-0.02172000835059878,-6.313069466785193,1.6627341763249373,-2.722225949299361,-6.2762819263025476,-10.344107551223438,-2.115128611707294,-1.0050268361459973,-5.577492917024083,-2.793358711753695,-3.1259025185174076,-4.884467746925996,-5.479557568214453,-6.317191532846342,-7.29023223912219,-7.996493399140138,-12.124634700315946,-12.702812392949577,-11.54420293394311,-10.878375325472545,-10.376964533041058
-3.791363208724585,-3.6411966992857914,-2.916318732206366,-3.146327791375331,-3.417641129048719,-4.656809893101711,-0.6340923308248875,-7.498919693738814,-2.580380373505097,-3.223273439477683,-1.4864149784717675,-4.812335827352264,-0.24473540816068612,-1.307720572222828,-0.5918400829305315,-4.894864600262428,1.5457105246848912,-3.3571214145520507,-1.8770345052421458,-2.4565629130255355,0.2275947485295287,0.6978931599726357,-3.3958981575590097,-3.206139332255154,0.0944204364316349,-2.744259961214921,-3.8923270248487225,-2.2119015584510833,-8.284903662582874,-13.111893361652902,-12.540117975143103,-12.015011108907673,-10.732734726500018,-10.044876432841864
-3.3522799885832657,-4.066277152112537,-4.692035734645184,-5.172755614329558,-4.4094119433152255,-4.721482395696398,-5.989896836295127,1.4501678739512682,-0.6424280390665689,-4.53114170987384,-3.1400853029178926,-4.665479772726308,-4.191665054149729,-1.6628271547599205,3.7653746298887385,-7.390104793473457,0.8928013862789461,0.2742067769418879,-2.8335756865424613,-2.2133460422694933,-0.5437093150964754,1.052191791442114,1.1173686654140447,-1.7314965830401292,-0.7439270566107691,-0.0942079092214118,-2.541695309505974,0.1523059413081269,3.1666868379506425,-4.6887497285686575,-14.93421436751685,-13.146888888010027,-11.475456375681615,-10.743222064196374
-4.6810727005777615,-4.311754176365132,-5.310535703984486,-4.8648126826464235,-2.2934445378794313,-4.787318004293936,-8.220408114171306,-3.696686722814014,-0.5407281655480926,-3.0767723415527217,-2.995358112186582,-1.8668516170797624,0.15085311899907072,3.0526329000009684,1.015907895910519,1.442599228740425,-1.6967300479532634,-0.17103824532920187,-1.0477673662881601,-1.6694451121174951,-1.4108610965563153,0.06702514870502954,-0.15514435856061234,0.362487566458778,-1.2025983625461156,-0.8869067102136574,-1.3605932474914824,-1.0906605434248628,1.9239427528484199,0.9022863441932624,2.0013034208853737,-0.8123130691809509,-11.187148190791659,-11.071245252405301
-4.388842743474709,-3.631863869199235,-4.103917784278326,-3.529607440658869,-2.396273876509923,-2.790116991207084,-5.382881254715337,0.07525869851776984,-5.242361455953547,-0.9071454080581591,2.6514746347715783,0.21428258260740402,-1.6197733755833554,0.8794921603341357,0.4942618593498912,-0.7045609079532666,0.4575004320607901,0.0898926468863679,-1.3204221614795637,-2.565119442192012,-3.352408322601032,0.1929011910846001,-0.037031193395955085,-1.4626412534376363,-0.720809338068532,-1.2389182792813493,-1.1577376821385563,-0.4024124706021444,0.839450102668373,2.6028336937594743,1.6422593066892177,-0.5580889625856936,-3.74339585494259,-9.79990715323483
-3.72635330982677,-3.3809125686361234,-5.6152536709072525,-7.900566957281542,-5.016936434137273,-2.268640804066847,-4.414884267844811,-3.365466500359765,-6.871558982967947,-1.4364720858517632,1.4999195159056962,1.127652997563122,1.353711688387786,-1.557177683149764,2.5031785531894917,-0.8788402653062074,0.5072614045696009,0.8012777268934191,0.1945183777944579,-0.8217373006052999,-1.2398543801481121,-3.1033597443602443,-1.3341142742304664,-0.6415131121295994,-0.13935442707793516,-0.5709990399728783,-1.0880903641605724,-0.19046331064769484,0.17373348009728556,0.6244640550473206,1.445055249518281,0.5253268894962829,-0.17817865665516697,-6.90306474014103
-6.022552196071329,-5.449014347615029,-4.91582127110204,-4.763896660058296,-3.0384181922690994,-3.4526123266091733,-0.48460349885475346,-3.110125116057588,-7.673816789536585,-2.0628156597911924,-2.364185950208913,1.0341467623694554,0.2523258124520921,0.5959278801758696,0.9457937606739946,-0.46270336933739686,-0.8744903651223168,-0.8544775816419494,0.1625207283814485,-0.6481150755599919,-0.5932315860930373,-2.1701367781182026,-2.5797100096143106,-0.6920593988016651,-0.5471198558683589,0.0016778728799316004,-0.5675962833030938,-0.0746350929244999,0.3715385415313322,0.16950451009861467,0.9718979515909586,0.5290632213597821,2.5591349954699165,-2.934903291597458
-4.299140028571551,-4.274281204539938,-2.4966930773099993,-4.369271189619248,-4.357882152591826,-4.3959786122649405,0.4897070747125598,1.7513486705444283,-6.195387117759757,-0.13721768989412506,-4.009922233536047,0.04074694277911042,-2.264079391122583,0.25522914465612073,-0.4754638487350056,-1.3635460470319885,-1.0648022886285635,-0.4312439111725174,-0.5325739889960275,-2.6266207652013986,-1.4171011053438203,-0.9314341650484075,-2.57232856631441,-1.294411310963762,-0.5582429416288895,0.12153662753175096,0.21539280163284846,0.7664363021482339,0.9205790492409848,0.06756981731763749,1.032497448977798,1.5078502520577177,2.4907793309849335,3.178401219749246
-5.660852901586012,-4.772059835472224,-4.670203648504935,-4.030095986956487,-1.8688293390970003,-2.5333203828671014,-7.4869791550048,-7.223061878338625,-8.133189011810543,0.42455113796828325,-0.13248088937821856,0.006597700000175793,-0.6230480734731769,1.34801752555118,2.669778075016345,-0.15714806549610663,-1.527852265345605,-0.31860798945971497,-0.6110964050823042,-0.1961437730483852,-2.1074434865743155,-1.973740452180595,-3.2018506305430825,-2.085312492680949,-1.3775247671438975,-0.7386926984693165,0.07554557986301735,-0.08095210405187442,0.36047113658450713,1.1180606306045007,1.0328180508714062,1.3987364775811193,1.6007474014264904,2.2101508530455933
-7.690128947040344,-7.248028288836272,-6.767994082024479,-6.987127649352126,-7.066153062365499,-2.3799490658303726,-7.140276772947148,-5.422753463910263,-4.804812138986539,-10.146989553331226,-0.42612061780790306,-2.221980952146769,1.241613367378307,-2.6360947335763587,-0.17504002712815434,-1.0109996762664608,-1.6174544655256153,-1.108584491547987,-0.8167181739338192,-1.2865416110307115,-2.1126052066956675,-2.9630235187839102,-4.496169559793054,-3.26468657328352,-2.356997504217265,-1.7369390640847888,-0.9920442906605468,-0.6436303825235261,-0.20375423379873778,0.14931687548012312,1.312162062725026,2.2813193317585334,2.681421507717453,3.21753865280687
-8.923677552243104,-8.643959718018616,-8.256044330995694,-7.688432531055397,-6.794586201470846,-6.286518931958827,-4.696662550173231,-15.36120179460151,-11.450164409060502,-3.95310279089708,1.1190592675075437,0.29861493261412786,0.7257414673568255,-1.4022545968041495,-2.744854773617518,-3.845612856076187,-0.6319412046239286,-3.1205478262023894,-2.4016785206219327,-3.4037287926650084,-1.6345722469067503,-5.09524935193652,-5.483654029988636,-3.866420185083155,-2.283127233751903,-3.1957784053333174,-2.0302447327383684,-0.10993392389636673,-0.10001809217919866,0.41600212203296244,1.45644205240915,2.7838169082377187,3.6598991230171993,4.392701536371637
