script/wind50m.json
[{"header": {"parameterCategory": 2, "parameterNumber": 2, "lo1": 6.000198445256149, "la1": 58.999992894266676, "dx": 0.5, "dy": 0.25, "nx": 22, "ny": 24, "refTime": "2024-03-23T10:00:00.000Z"}, "data": [-1.4096600052164627, 3.9404630509025305, 5.737572223940684, 6.750617218124382, 9.230123551355204, 5.850243379558399, 7.038212906207337, 5.57941449593758, 10.635309276435523, 5.600577116075596, 4.333193713843267, 6.432013480638659, 3.1506196799136257, 7.443802020490242, 4.868620142193579, 6.803149601908799, 6.164262132639005, 5.89958491923953, 9.491059464254613, 8.12898632622892, 8.3076398180033, 3.8498866615559004, -1.5261556437884063, 2.345955320444427, 3.5144835722944725, 6.002508793506439, 8.02165020693841, 10.741384957804659, 7.552958786293969, 8.433245733615292, 6.733213923416674, 4.768564099897571, 9.836041054391215, 2.865359664312126, 4.808665136895991, 5.025075433914173, 5.488995872705093, 5.2122784334033545, 6.208235816031691, 10.997278699231058, 5.067758777745569, 7.038711090101203, 4.453202402122716, 7.844171774530135, 0.9778368032923269, 2.7086728611973734, 3.6098386737379866, 7.910002539061353, 9.021833294114945, 5.2120592439352444, 11.249955350289131, 5.243736670906196, 10.721800612350469, 10.484242733864447, 4.858490475455466, 3.765662361955874, 9.659471189722973, 7.694166839055098, 4.040436861766357, 4.262532909366054, 7.044367706147578, 5.441404605815999, 4.996901849276353, 3.8756478350358026, 7.4186002187780975, 5.684403489110694, 1.0703796111068173, 0.8681939096719045, 3.812840941374867, 9.395538037813186, 4.87464560629242, 5.240835396286778, 8.884006518150093, 4.950089174228424, 6.543366198091091, 5.543724594824147, 7.2103492976151635, 9.923611149850707, 6.23803665639484, 5.659217465148183, 6.991443434029532, 4.286661518830755, 7.974745435897242, 4.851207030148627, 5.360470698646192, 8.017045136510408, 10.490979925029844, 5.734424538500967, -1.2403750954102026, 0.8382810801334266, 4.03315890084192, 2.408030893866113, 5.185686160829688, 7.804633163634808, 6.955238165926309, 10.587702913152876, 10.658012512976462, 9.6594226494246, 9.440459864225149, 7.328592578324473, 6.833985217832438, 6.695114862591822, 6.366798403113615, 3.974002782749484, 9.565107687038976, 4.281052396653755, 8.90716940438275, 6.094290189403255, 6.513508759563458, 7.434784023440617, -0.05303757157847157, 6.25312275776467, 3.977193849623769, 4.534297765553512, 4.12431002979063, 8.616264268984839, 10.351727779141337, 5.5168957839670645, 6.6352231769336605, 3.80652361448402, 4.667057884686837, 3.1450179733666084, 4.437866799272182, 9.947208408396607, 5.765229392576754, 4.152177479590675, 5.589662564346733, 6.537612692153514, 5.862232263050681, 5.273398249535183, 7.291561311856441, 6.59025914135049, -0.9838011105721468, 2.3775566372491883, 4.108213534841815, 2.0680097724850186, 8.258958886760995, 4.888637362149971, 7.9060293079038235, 8.068070156400648, 10.245307906305415, 10.068358170731939, 6.913701232276132, 11.356220154348007, 11.918021488549476, 8.03667481906271, 6.721617740078663, 6.460323362136087, 5.1805527752141, 7.571138281231483, 4.214728120687787, 8.255616593909588, 5.197853444060979, 4.013433451753472, -0.18749722559675644, 0.9520468061711672, 5.238551502629561, 3.8503005646169295, 8.068757665872376, 4.618791114929036, 7.007770771356226, 10.54383226307151, 7.345100544735247, 5.857201145754686, 5.139680481171544, 6.416897570189938, 9.715384569848071, 7.154300918053469, 7.3956070821466255, 4.213136618066854, 3.8929224287312625, 9.66381030040815, 6.478016968216171, 6.029995016744777, 4.581857823103087, 5.467990257778482, -0.3452334270753083, 0.6439618142022276, 6.216012805576879, 3.7983395712360895, 3.6945185644176166, 5.796040499737437, 10.25143028412399, 7.085315235667454, 10.112228116957901, 5.733378435684069, 7.360549968540131, 5.140858944004942, 6.600032096394137, 6.324288070526267, 5.386560425722783, 4.281668163819636, 4.930326155833527, 10.458682864182572, 8.19089930392152, 6.7238960175296, 8.418012021451373, 4.169477956698974, 0.9440239658497743, 5.288619285489032, 5.142718330633282, 5.791258266956077, 4.4198809049106105, 10.754862466830748, 7.261462460925374, 8.836603499860935, 5.31295189748249, 5.412283138633193, 10.301478049535277, 3.955184044227779, 3.6543920236526413, 8.12232401279601, 4.791785062203382, 3.819466114888264, 3.8887492506723986, 5.472052503151872, 9.64043804747426, 7.714118113979453, 4.872586310493818, 5.8254094822612785, -1.3103880483070145, 5.962571750180638, 6.661455198803292, 6.484606559236803, 4.6281370320323045, 4.734338595481465, 7.484751637276656, 3.643481780616208, 10.164703400405333, 5.40436054590554, 6.1911318543365015, 10.193562768475566, 3.6591119822260114, 5.464049449801749, 4.031338380744919, 5.265208412973688, 5.60742500341982, 4.34957253564925, 5.3904168547741795, 9.963793216839349, 7.182997399730432, 7.908203619215391, -0.18224306273879795, 5.664688240591417, 6.746002516669029, 6.731922715392827, 5.991340829813389, 5.277458137787142, 12.29744627514837, 5.954404771830318, 5.72381509634642, 4.7631300297461, 6.793823538450179, 5.1124679058043405, 9.967339430547643, 6.729333222958829, 4.857469999216864, 6.871399386672551, 5.867604613917458, 4.14963210992302, 4.9145003443387365, 4.95231883091543, 5.350180145774134, 3.938920336099303, -1.3277346395789298, 4.448764256376408, 6.449464420460332, 6.476392480161687, 8.4836840188555, 5.991621908754032, 7.47865707618788, 11.625780450313238, 7.195555144303647, 6.590533952190524, 10.455913708731991, 3.95627531653719, 6.680785333725222, 10.236566708844833, 4.330824127172899, 5.266418420738974, 6.407748189530842, 7.959315392563076, 8.167938792151933, 7.387097706708838, 5.264599532213022, 7.75713401381092, -1.086281864140159, 3.7761008631394986, 5.748895302112976, 10.08483785734213, 9.246486035858116, 11.763186466065154, 8.36959734551546, 5.2804539636598475, 6.633309600377273, 9.953735464244238, 5.744787364152867, 10.466026802592465, 4.074526246634455, 8.72900240355778, 3.580965258787845, 3.9579249099371565, 7.248199008870974, 7.39697911061269, 8.06075678539908, 8.085506231689456, 7.704386369308511, 3.6645222255924224, -1.978730300497562, 3.7092239490210166, 9.336805849146783, 4.415212182277083, 4.588566760771357, 6.172443636098851, 12.189198076301107, 10.769400382859684, 7.604982438372728, 3.9894636984813765, 6.271120056631643, 5.731915489113931, 4.041984016964016, 7.63985593655519, 3.3360462634416557, 5.909744932498383, 6.745449223368827, 5.155691147528948, 5.70920501168085, 4.680496970122197, 3.440335928957522, 5.84693837447995, -0.3494093418454529, 3.7035603603372573, 5.313113923950582, 3.5244228609975576, 4.5517067205853925, 6.040549046650012, 6.46402795492885, 7.049946167203569, 6.749758980183841, 10.132414733119775, 6.148255307241534, 2.8618232697045176, 10.656750181453447, 6.040058247928443, 2.5068833418778094, 5.7551938536270395, 8.99806700679603, 4.831088191776029, 4.769871629550437, 7.732102975785192, 6.91042224101778, 7.376339782132224, -1.42825822912006, 6.130949469512412, 6.568187285355253, 4.329885032899436, 7.921577469471375, 7.414560081992834, 9.597901650724028, 9.127811576060754, 7.447824874448533, 5.479176266544054, 4.8042794744310156, 3.9520012152717743, 7.343657703543374, 5.1182196508705, 4.386426764309427, 5.862058388619223, 5.475142799288633, 3.4894264173302534, 7.075507220632528, 10.484717692730753, 5.074052310966057, 5.483065635984405, -0.9138591080805887, 6.624183977002925, 7.255247295149881, 6.070473477384651, 8.03538145183989, 4.398602671210043, 11.247368122293835, 3.4125319578338997, 6.3907528741129545, 5.88032725030578, 11.024539854906934, 10.338390654428448, 6.690807330333078, 8.06745007629167, 4.158394850993406, 5.923034772007574, 10.727171772486283, 4.776322327565964, 7.680911401934086, 6.897358619085038, 5.8987713402330835, 6.4382215038570765, -0.6605446715799256, 5.780179668572619, 0.7706459684724792, 6.178631165051514, 3.5502817005756775, 5.608608353187339, 8.336824253820303, 7.875614146940157, 8.851923438488694, 9.120112758563282, 6.711642053568858, 4.372498985691138, 4.581155619003728, 4.707897953615468, 10.456079192799736, 7.181528704592294, 4.82954671274944, 8.185982662834647, 5.2688083654012425, 5.178529802854537, 7.3372570734521565, 6.857297991295155, 0.7888092951730965, 5.855750766309514, 1.0725735117483093, 5.9411940833120065, 4.541522670796173, 5.546734618020138, 7.6500482371792575, 10.954733084410789, 6.85085526514462, 4.702413316597762, 3.4815742495313344, 3.6993066063391495, 3.0757624773452537, 6.896836112633073, 9.247802589880173, 6.2609136174162066, 4.247058017733204, 8.971441489247802, 5.305038144958375, 8.147867058718074, 4.453381981571337, 7.510823068829014, -0.8567980533780526, 5.159559488636833, 1.6955578376241638, 6.819655139942104, 4.202783262104984, 6.574415988674321, 12.248558855354368, 6.377666485492075, 9.50027087821093, 10.261914003988418, 11.622081417676263, 11.581194543559006, 10.606707970231415, 10.672864814519052, 6.197326704253597, 6.15002687605806, 4.807185318547342, 5.168823481340993, 8.26209802169452, 6.279228343389169, 7.917159061285, 5.73894320470419, 0.7211854966803561, 4.515353726115417, 2.272039207707072, 6.927408990696557, 7.384865684545326, 5.850473049386856, 6.3427274755921035, 10.523354882447999, 5.333862605304722, 4.74501175960334, 6.766978088890312, 8.66162907640466, 7.754456073585602, 9.33946323879368, 5.8148823089220425, 7.556957440084512, 5.2066690050263205, 5.013837196935499, 8.144149064779636, 4.120946694741079, 10.261906062574411, 7.095630308527464, -0.772121873370612, 3.996796360117453, 4.632397373395837, 2.948487201086424, 7.858496172819208, 7.549558403449818, 9.299071538271448, 3.821460515293785, 6.796039389035302, 10.250909258903567, 3.1427008991113228, 4.446582370561507, 6.266585421987587, 7.852730793369182, 5.811328702092548, 7.6092266706788925, 5.424345089703036, 4.726772019247396, 5.4241798571007624, 6.717517365271901, 5.694279529827491, 6.007869791532803, 0.05760049150914173, 3.862630024807677, 5.6374739956212405, 4.136167147462248, 5.248059938607178, 4.664052680870559, 4.59164716003885, 8.633644301665937, 6.561442320133282, 5.471868498033728, 6.72257577637171, 3.7803060268238817, 5.274286823097529, 5.396278093138193, 6.065064905928415, 8.41588340847971, 6.343510736124193, 6.027108415394255, 5.147366521548692, 6.736255980640463, 6.540053007154473, 4.064404057467825]}, {"header": {"parameterCategory": 2, "parameterNumber": 3, "lo1": 6.000198445256149, "la1": 58.999992894266676, "dx": 0.5, "dy": 0.25, "nx": 22, "ny": 24, "refTime": "2024-03-23T10:00:00.000Z"}, "data": [-3.0607521864799274, -1.5006284426901426, -0.4248675979190528, 0.7982356985512167, -0.6507710432123172, 2.2803571418413173, 4.062308339236255, 1.5111443479316795, 3.636271296771302, 3.7973098445668176, 1.1792513286349044, 2.3330417168740283, 3.190902929843083, 5.502107734214781, 2.4603807704632943, 8.196329021420134, 9.443377885810829, 6.227101850122443, 6.969491177664688, 7.295065490886949, 9.172182425798619, 4.809893782835589, -3.31115731185042, -0.6314104075119998, 0.577024180161435, 3.0194504101967437, 1.4513979214207693, 0.6309199299339822, 2.3648839460947384, 2.7384608305377047, 3.1871452195557963, 1.2074706485719475, 5.04867846135787, 3.7724940360931734, 3.263313818399968, 3.7281916364413967, 2.2132510388397137, 8.701793933679177, 7.376517556154705, 5.86027447191053, 2.720760632889086, 2.9595291040946705, 2.3641552818780354, 9.543082067737375, -2.4723196883394944, -0.5955424338204114, 0.5882361322272457, 2.097693340414943, 1.1350992825459414, 0.4572903073872762, 0.3951639175644051, 1.8685780008729262, 3.8335087059403405, 3.4261770164794854, 3.452743588863994, 2.2538730762861072, 6.773181808206521, 8.185697818284632, 5.4186887814930484, 3.4819980941332624, 6.212776340761395, 3.722648902182479, 3.721682148883395, 8.267787934118676, 8.851117470831435, 8.152349123185774, -2.3003367162903037, -0.6611107460361518, 0.645056015629892, 1.7015893311753134, 0.6377750050584836, 1.3725582134141099, 5.724170529861359, 2.9022513892761403, 2.9958280308036604, 5.461264435015728, 4.225775220369902, 5.531947371568381, 4.421754513825421, 3.612338470605805, 5.455130463044733, 3.787310743153465, 8.615261893400687, 3.6453924013841035, 9.061910851777196, 7.395668738623933, 6.19920011212207, 3.8672626607154443, -3.1309954257078134, -0.281886523900531, 0.8213235664705293, -0.08541791582717692, 1.505138856769547, 3.919694861675181, 3.7925750394548383, 3.138648135885967, 3.7382619566856556, 3.7368597439811433, 4.336499749433456, 6.917843583154357, 5.242534527625965, 3.9968195320466093, 4.6008794465743135, 4.095421864177712, 8.108490737029193, 3.7351557941581754, 7.7394047216113275, 1.9946671749477431, 4.942452617446463, 9.215658685565668, -2.988664704023674, 0.10725559154852728, 0.8172711253617874, 0.16019292798586415, 1.8314006129032638, 0.6546804709628398, 1.1626974928970046, 1.4891486803301754, 1.954856023052001, 0.5828773675589806, 3.9260438088012752, 2.0022776029056217, 1.7476598746183438, 6.381047953382128, 4.1245910590501, 3.7989013185314766, 2.9702538981022917, 4.763988386525646, 1.782014251694799, 4.209564620072661, 7.614430177647549, 5.628378610443036, -2.6623965068360422, -0.9108271388728449, 0.9837793379825468, -0.06855821475849387, -0.5818216836746072, 0.4793579363318517, 2.9336533927867463, 1.994074298139548, 3.472031627323903, 4.0300617301634905, 4.043259655129955, 3.321884978294339, 3.2393394990740347, 5.229915282658701, 4.102506225007741, 7.068707976350604, 3.635564145947676, 7.75070339947921, 3.5784112392608654, 8.709305727123636, 2.1036757674431956, 4.957943864762983, -3.062936819098793, -0.7070673642862514, 0.7041624936129233, 0.31852076723650247, 1.1244400892235378, -0.06500581082737625, 4.128395194372854, 3.042872237164324, 2.1486604388221178, 2.865617627110432, 3.3279714035663632, 3.0172708366732595, 6.630369398034771, 4.318521638259172, 4.342657032959394, 3.4937819960030634, 3.830154296453408, 6.6814863390818475, 5.428658744804669, 2.18985406362069, 5.728597138568537, 3.782859306834892, -2.943012996379823, -0.3250873056109172, 0.3463660650680538, 2.0746031181237155, -1.1902020415256822, 4.662930679647056, 0.959173812169529, 3.652521901494215, 3.3160422048005778, 3.563881509457895, 4.369910829196387, 2.297987336123654, 5.689591290279482, 4.661018695887422, 5.975677548852461, 3.629045430418655, 3.374773920743516, 6.939325319099203, 8.57020720688649, 4.215415083169063, 4.529983438732098, 5.829815189591137, -2.417292211272459, 1.2426503144770735, -0.24815459778963012, 1.1592471403788531, 1.8347640996922345, 0.19912271442767338, 3.7994311013239024, 2.9251267718779985, 2.7627159459441017, 0.8667591152353059, 4.975783131177932, 2.5276669786564576, 2.6421804744617967, 7.492660002707798, 3.8102938449278803, 4.281117800744535, 3.5613826013733703, 3.5671470810327195, 7.1001521656450794, 8.850682594501416, 1.9248038341347184, 3.774495044479638, -3.100262168967744, 0.05819832676476527, 0.5218697025739665, 2.0025603851857734, 0.5128372563536931, 0.06092819995938657, 2.4798307987355472, 1.6726807371146868, 3.39799891234036, 5.497542213832777, 2.1996193538497453, 5.06928499401314, 2.7895450213555875, 3.691737314538333, 3.547627326436613, 5.055226934047649, 6.652318665902316, 4.323429191370486, 4.818116539021166, 5.42334449616157, 8.590844258253252, 9.760128364379629, -2.566671124000181, -0.7905932827516262, 0.4806099991030486, 1.9599100170585264, 1.5385242667287191, 1.7728741824379541, 0.6483267033837139, 4.4089378370062695, 3.375344993570084, 4.00561591396235, 3.9774939616077845, 2.5242867234178283, 5.491436056708562, 4.2040990808547365, 3.621959087116559, 7.785306909539247, 6.688170483110272, 3.8284150590866135, 7.816722687037784, 3.2433595428164623, 1.5585576654403024, 4.26152587442637, -2.9612010609556987, 0.4906477575597632, 1.6310558617176525, 1.2273852814874875, 0.5575430942189129, 2.7700574280603245, 4.143325865887437, 2.048162270854389, 2.0629969380923305, 3.941840133997599, 4.987076300079496, 2.3582211465624288, 3.3091811509135316, 6.168704675124083, 3.2208866926186066, 8.508673768191073, 5.904973549991346, 7.729617088205185, 6.886327013163616, 8.87045325897039, 5.632821918555702, 9.764248893844174, -2.9658760669686925, 0.4347778352417154, 1.8552885780268087, -1.2101234393480538, 0.8801574350911056, 2.5492056994439523, 1.6568631245439764, 2.7758905809465197, 3.4311897232552377, 3.5362826167371284, 1.895497845300518, 5.256375444721271, 2.400310134554745, 6.518741132863272, 2.7856178020608, 3.9042244621708546, 5.567218911281706, 7.329149353527378, 6.061675408327451, 7.346997093702574, 8.534450149585053, 4.314668951114571, -3.099995169803161, 0.2011078425837252, -0.07127441349424908, 0.5043549301935794, 1.4281307085606099, 1.3127329610528702, 1.534183211188862, 3.2292634088104264, 2.1522002594666043, 0.6251963985868215, 3.457320659019093, 3.0340268360992804, 1.569532373612959, 5.502646844829236, 2.7752366829072317, 5.990200624992427, 5.982247850625666, 3.527636929748974, 2.9390286071227347, 3.6154074483571885, 3.292975198029702, 4.884203754534335, -2.4906914789366534, 0.2688724424318668, 1.7411526029820061, -0.3506153456545559, 0.48084937308691394, 2.4862977760145824, 3.7942096394652154, 3.516228329940863, 3.2159789680989723, 3.8852437991383066, 4.111035820847868, 3.7826088197581766, 5.187585535183096, 1.9048735253798041, 2.718940136214211, 8.782947582340595, 7.378039988983246, 3.7172760951699417, 4.693449241333175, 8.810971336846707, 9.371344333348018, 10.131729811066045, -2.998963183664795, -0.16228977291058663, 3.1644941587932687, 1.3174318419099573, -0.201291135552541, 1.7854443662719301, 2.749148233187348, 3.525068342995685, 2.69058491358781, 2.915709517618721, 0.3415581419142812, 2.6533215879848835, 3.9059248262049406, 7.68746154021876, 6.068372163698314, 8.471097703441892, 4.199884498799412, 5.249434802486509, 5.433937287058431, 5.431140766333624, 1.5860895983775625, 5.24085356224395, -2.8209911964943313, -0.11103170248009574, 5.7351598980305685, 1.3223600191342608, 1.4739024468212256, 0.2676972595615254, 2.5580398755354317, 1.147557599604089, 2.879864802699123, 4.051337858126332, 4.059080436814551, 5.272879815717607, 4.49151841989491, 7.817319256486942, 4.215887133713204, 3.481346278623275, 6.373079621361418, 6.186697493942946, 6.346283357712612, 2.407863174170904, 8.709276666661783, 9.308125382408214, -3.0806740788371734, -0.5223171522092732, -0.6715464464893038, 2.454228985443585, -1.2005501063974273, 1.2639814798550775, 5.264962426078006, 3.0216758756084845, 3.3207324783624115, 3.9295830367072617, 3.5302599436982725, 3.5884012641258414, 4.000790857923958, 1.7999636297989257, 6.7766612975301594, 4.633560052036485, 3.7588451695391956, 7.5481872116763755, 2.778196510935697, 7.905502242340696, 7.557283488062316, 4.937509201567097, -2.6966919880624873, -1.4179630319395191, -0.5456903347557978, 2.2680355649164965, 1.5843772632893593, 2.9190712889840635, 2.1783381562257467, 3.24824682905319, 3.9245481012112564, 1.087908711375994, 1.597638296346869, 1.9991199622378308, 3.273541868627184, 5.556109712468102, 7.22620327777408, 6.979705567008273, 3.7529272422267588, 5.59095921576176, 4.029407579865118, 7.305230588241848, 3.4574518165053556, 9.724541942982407, -2.8259437535555443, -0.15248373548926322, -1.0553196424410323, 1.9448165598035108, 1.2427903636618596, -1.3742452764663609, 0.8117033209179223, 3.196235832008284, 3.532566446990711, 4.008272864242645, 2.939404466429267, 3.0727633741011005, 5.207512473155004, 5.72146640496426, 4.305028453556004, 4.58775395100871, 4.685233646487138, 3.2042994485557443, 8.59825799402762, 4.68251354040702, 9.14865292835476, 3.9402710549659514, -2.3350176448627447, 0.5546548295773418, -1.0675091713740077, 2.7888888435101005, 1.249573548725503, 1.592260996044874, 4.5114319808484495, 3.7788381078202034, 2.2848651201009047, 1.2810717781026035, 3.250464561858357, 4.32890357183905, 3.604024305908905, 6.690571102751186, 4.550061121013366, 5.133364870034684, 7.454253190669213, 3.6138177813930272, 6.516960302492717, 4.779067669972256, 6.313355408051309, 9.971833209444382, -2.8675129148382967, 0.5880803939004827, 0.9171276245170074, -0.20428263195468352, 2.0510011255464917, 3.319909782200501, 2.4833684108681897, 0.5906702578957654, 2.3301933894036377, 3.9837024122909024, 2.689838118756309, 3.92660836464734, 3.5129949215104124, 5.263720964310127, 3.974451735476195, 6.82194971868651, 7.758459334236909, 3.3253954595478277, 2.7496529159732006, 6.290328074467152, 3.9263459268857304, 6.239979918591205, -2.208008909115208, 0.5700789621244847, 0.053634361739875784, 0.9154234542286348, -0.22240594961052773, 3.56651919470816, 1.1174510684811565, 1.6489549720991095, 3.3938974886421667, 2.967952931764267, 3.866593272442168, 2.0766808240660257, 3.3237519751347167, 8.337438226434369, 3.422742993363886, 7.701840173278006, 5.776096908129539, 5.746788175247959, 4.47073800115147, 2.7796470752718285, 7.504276748449445, 4.194217665350764]}]