script/wind100m.json
{"header": {"parameterCategory": 2, "parameterNumber": 3, "lo1": 3.000054539987559, "la1": 64.9999836372058, "dx": 0.5, "dy": 0.25, "nx": 34, "ny": 52, "refTime": "2026-01-13T12:00:00.000Z"}, "data":
[rows 0 to 24 of 52, columns 0 to 33 of 34]
11.860310956410034,13.685218955782803,19.782555070159226,19.546572364023767,18.07456659429811,15.830017993488399,14.277725937370956,12.582741426758995,10.655669811300488,10.815210173201386,11.049804601895028,11.389611890691388,11.567641954156663,10.589518970082185,11.168956426586686,13.721237045846909,10.870454317924503,9.7802769745688,11.888208140282025,22.378733924365882,8.893975927322789,3.8699719449723657,5.018341693510433,11.28167592080198,5.856190322017481,0.5932593371523707,5.367259129788687,6.506676848413627,1.778161143372305,6.487066701956532,4.4324100438693455,3.2596263861055927,5.279613132257021,3.0718603833456313
12.944939913070364,14.757139523291714,17.745654804471258,18.518440888052886,17.287088381431357,15.210649568487698,13.452082839574542,11.695544333429822,10.357659976268634,10.885768747624027,11.906716364105536,11.458362506908747,11.097514085171154,9.742043830497643,11.24246590515782,11.580544876872304,12.76583213025498,7.824131732932102,12.464225599536432,5.670111240831985,9.261986471854183,7.034344273228789,5.459802547144655,6.985193154591756,2.1020437629743243,2.9256623221768967,3.6636918365134172,3.84666500114591,5.81557222056764,5.187513878737756,5.303039004992384,6.940762833801637,4.934770013323594,7.418606504610899
11.935279206617116,17.711679018195213,18.22067775416847,17.671871995482572,16.413819218678704,14.776426722479915,12.744684820021764,11.2661323987988,10.968272923739253,9.319510758777813,9.911927554924937,10.980472270364624,11.090790256133946,11.11936676554609,11.107801845091824,10.911767951695046,9.747543465514775,7.455201527336991,1.8124152833389697,6.908095314148725,2.9906179318969563,7.627043106249617,4.4104182709974,8.915194674197647,6.330935933849269,3.151708010564271,4.894637103835472,5.2609633730166525,5.02595598574085,5.826010666491701,8.311497408160227,8.573550496332663,4.959730606464959,7.006751698313064
10.001956866619492,18.970387021020432,17.827103202226855,16.65624901499292,15.992687269293967,15.04624192521357,12.61516380387965,12.675385722944377,10.855215885240375,7.920638670997459,8.304240988768859,10.53634518087704,10.454178635731102,11.198075694600458,9.25810260831271,13.401289468782322,4.302655957059474,9.855462126201898,12.13078865044732,4.8122850957192,17.647674701960717,7.7722509205320245,11.775152157170362,6.697313849782379,4.641306758997189,4.297918138801907,4.407567199707126,4.299965146793629,5.170206121220586,3.9845321303683305,4.041644926601393,4.14424414267113,6.39577545397239,5.944134205644817
8.794597468681033,19.413463327644624,17.485577084906442,16.545012191265027,15.642473719067665,13.902264418588627,13.76020819132359,13.577297485177855,6.998260820265573,7.504570884961484,6.437614010137968,7.84096743488947,10.077242685725448,8.88498104108382,7.7911342991423655,12.10460010064979,10.495949161484523,3.9969518033890656,9.872435529488534,7.5370704622375815,18.0080175981045,9.113500160880347,6.203673425227713,6.937675066141163,4.933685225288794,5.565972256747144,5.5980974076996315,5.657350395399601,5.249883630413634,4.070575567648158,3.6583548352851194,3.634657562707731,3.94765519928415,4.0426690872610855
19.574271466327144,18.515596217410458,17.566734690163273,16.257725646070934,15.535496930954022,13.466850921405587,12.22106449725624,9.218551534299978,6.704992377277039,5.977074651301171,5.029693287673971,4.312786751778468,5.1537763814266615,9.354812338820613,3.0981697539029835,6.67942742782617,4.20639034139442,2.15298306586954,13.673176934506367,10.82053281644753,5.428816111306231,5.885439140793797,7.53262025247267,5.946785627449414,4.896090433034319,3.960097390693085,4.637286357088439,5.273044353901363,4.397922210158168,4.4997585104945035,4.226175505688924,0.6946954961323619,1.8790355944960504,2.717466384972079
18.616796761079396,18.396434870100332,17.98607746195986,16.069028020125444,15.866570747796855,11.466542187919705,9.864953785162049,7.731074371847884,5.101748338433114,7.890207756704677,6.848441659603108,3.714970989691522,4.842543763386642,6.009032999580566,6.15079695311518,3.4731215826363195,5.592032679573371,14.98329588642164,12.623241728663293,7.1008319500475565,2.880221722911523,4.0321787828046665,7.407520369000056,6.794625990622552,7.679508828335575,5.55241241277442,7.014135215836015,5.212679620105522,5.357174821163749,6.228235913976909,2.2576551484439293,1.4051055591117279,0.8691604551369948,2.1938718950373155
18.28716422832149,18.70016468715834,17.03952866098915,16.37784556462903,14.42535056158641,11.116228446725252,6.920938152356098,7.80962593370187,6.0193260104565285,6.709595062815747,7.987084119786543,5.698143305894275,1.8186226868282018,3.433754134990645,7.839137000159521,13.604286315458536,5.687951592115067,16.671060598818194,18.927477307616147,6.560762981833022,6.549592756040653,4.0877338627884585,5.919064144790842,6.070800745372639,5.3876083062173485,4.841836311600828,5.187462212518494,7.1078792935683675,3.8523991504341852,3.507219926025597,5.402985023343853,1.7288867274785547,5.9453046574464725,7.59192153884778
18.65205977120579,18.50639268571871,17.203970106735383,15.984625099795721,12.835382414244785,8.148448984066546,5.704863150542645,6.8913709634586375,7.938596809895042,1.5321142789427675,8.325787594341314,-1.0768952825486846,2.3644237105201245,7.713536473988424,20.886384626855836,4.551682130879537,10.440756297152403,19.604273417990232,12.914033179807971,14.65511607802301,23.90863470409424,13.068967401347654,9.244910412267409,7.53127729149975,6.666324843694686,6.136152244629132,5.816702865843235,4.501288498793503,5.267956651409298,3.4955607282849996,2.6908330320023044,8.6856900873303,9.061581970425706,7.882514467025525
19.12463563454051,17.762604672999927,17.47813035497997,13.399949221408347,11.557433533413466,3.4206245692254638,3.0080365467648362,3.817856144223832,4.310466069874877,-1.4253572058908792,5.667810587525818,11.954641210654463,11.264135107729999,12.747643792695513,13.691121115555433,22.25547432400395,13.058444207286184,13.259585622132612,6.8362323244214664,7.4255214582628115,12.233297535854398,6.380245280839678,5.400444822466501,7.136259752481883,5.901163808356567,6.184479885316159,6.973814479429132,8.101103766466775,6.21251226225754,3.5767866526583085,1.441504621289486,8.914115408739608,9.019549417003706,8.356419954750589
18.212875170018023,17.3017862660017,14.68193584332491,12.405037118574526,8.320349811299982,1.5222876552936713,2.0400618817611593,-0.6378331777900741,6.318740654565548,6.675141031118494,16.78572624251652,16.446102905612413,11.335356139497735,5.132414483203078,13.282906830853134,10.83673950560777,8.519614465808958,8.234629964371209,9.313288449373852,6.0306529072433355,6.483371521746897,4.708626186876638,8.891425263922402,4.952267339456007,6.982010085410391,2.4775360437605403,2.0876639742991525,6.811962039118932,3.347495144615951,2.6521240875577248,8.218022878108147,8.045722187213684,7.99276690904934,8.193299407211045
17.633020053384865,17.23258561656361,14.100268545483488,14.279986463657325,6.416663478822678,2.6067082031346693,3.8384461701586567,6.561205530327507,2.936085972283716,15.914172738795019,2.8250270650711986,7.206501536844488,8.465170851418348,2.508235269289205,10.231336028752565,7.108605420169587,13.01805348799433,16.05708801408325,12.953157203660309,9.600318619086508,9.105615625797174,5.370614249618923,5.04570236906182,7.966244739827072,5.707506351285024,5.552128590132844,6.398655021927077,5.807258990134179,4.640722259434926,5.541557568030197,7.301360783541298,6.924660058717319,7.089434922639276,6.784361972145769
17.152319838532666,15.304355367773278,13.782622130970418,13.93033210307225,7.131032481593048,5.754988594152177,5.996507741101844,-2.1853293926007846,10.333967262884885,1.2125930421281392,2.923549690158811,9.771026409480177,13.455394339525935,20.236032465131807,15.238458980471075,20.147023550585942,10.96913826281997,6.746693088047506,5.942167589557683,4.7899454886223305,7.752962067245821,7.1136627455012285,6.996038829654034,5.50606674910106,5.716985352201459,4.436694868883148,4.846784934907475,4.712694768965507,2.8191717895084762,5.040464617105634,6.694932269742429,6.317457305097714,6.46260398300419,6.436052865677535
16.238444623808824,13.965122520988473,11.623708928071881,9.836252915998237,6.755530190306813,13.364653835481462,9.933732195753512,5.041966535709363,22.27250703874594,13.292879389553883,14.239152868716387,8.011979786438037,4.867985552841401,3.5343465072081224,7.338763434234013,5.269142106706935,10.257454556850137,5.727774751856831,8.68925984925398,4.330180084158556,4.312623231012889,8.530919553396739,5.821434083179951,5.784558004444319,3.9394738132434903,4.898874934580496,3.6159401112684386,3.1890316862560897,2.94618940195727,5.520964707898524,6.688325978336809,6.041150769870866,6.3621890815054725,5.891156100385279
15.253185217348951,13.425557534520001,9.487911268693782,8.681638330147024,5.940368002589433,4.387550657097958,0.6334946876362633,15.30008405777084,3.625554006596563,-1.3216006769443078,1.850715119776792,2.2209761720228802,8.341180945487778,7.500472971486362,6.417270542657727,7.399152534893,7.278469367985945,6.678042253718442,5.7066839266706415,5.281816449855861,5.663405639255,4.786172236525224,5.303186654635938,4.5078116220874085,3.3157519222101905,3.2557692817109816,3.5733175228669234,4.75687382578136,3.774639215382108,5.920743312432395,6.426851507461122,6.098762886823197,5.913578224742075,6.2794898714208776
14.733553941544429,11.581726562402352,9.371397239993485,6.525944726174994,4.336832041665506,3.477969441346011,1.785508593327007,6.2517814771751965,-2.810076087665511,-4.9627212165550185,4.5040450822957965,7.447084223524418,1.351676317382066,3.9648510870471756,1.821788023487063,4.468097003164428,6.8292699334792255,2.476655750700091,2.7003756921946427,4.118492830225032,6.624305053591261,4.980503284261057,1.802137603981925,3.1689910706525635,3.003875797504657,3.47930225089402,3.6994713774051107,3.0892527683902573,4.8881363840260645,5.08372640418453,5.807989664244984,5.599924698051629,5.19777895519824,6.430642009001521
16.525580513564496,13.976971462981107,9.91062751446014,5.539833638048974,4.212692300350675,8.959929204124228,9.449928813992868,11.905317970519217,6.93315217350429,19.69111115878829,11.692411637159164,5.702676213538372,0.6781679769838486,0.4158384212289165,-0.5739549170711343,0.5369923767727053,2.6712106298710117,1.3385686636389469,2.7129188452153583,0.22591106973960962,4.159931503883477,4.18740416795717,2.6867150863025477,2.841403392194823,3.028143587546417,2.9501209611361157,3.133707071044748,3.28542425817474,4.17519701686358,4.134943484942606,4.949163280882472,4.551255650836917,5.2196642589234274,6.658660269170337
18.102389515572963,15.696503751987233,11.243443443079238,6.1693183275661205,3.813736058088076,1.3490789809533528,7.010410029089734,0.10080507024001314,11.16648506200514,9.43240326533174,3.9161215579272537,0.9683915746952021,0.37542972383653367,1.0019879354830845,1.1300925675812052,-0.27799715286697574,-1.907179711235984,1.0917662861791049,2.909582637748246,2.52027055156867,3.104458766150163,1.9345831235211803,2.560112833262775,2.680321301639323,3.1652305713634235,1.5143957243800297,1.5331151434742838,1.3339825872224549,2.464679031020984,3.0261853562871153,3.54400808455108,3.532790196040504,4.5344703208951005,5.7130991080913445
19.90186892862472,19.696539900694006,17.25858323617708,12.929833761198454,4.605970660187686,5.2897980974236525,2.940567087784007,2.0461136419394097,1.2454079611076685,-0.4049799405994844,-2.6427420589312938,2.0680266997723353,3.5093796287481758,3.244526886818633,-0.6005493740546862,-1.28698158606653,0.9834935602473158,1.9329826784438637,0.3786167463993288,0.7528933383498921,1.5365276468815232,2.309343965787136,1.3156483978750373,2.9112271237443057,2.044478669870321,1.434195326972509,1.9597783284006036,0.3298925442221404,1.0477987912709457,1.265804088807307,1.7018549234578833,3.041414949146684,5.848379559469723,5.25006751712593
19.196784125064557,19.992738907275847,19.15375577613196,15.539880215844388,6.473037798208608,3.2236347813214667,-5.912313732868362,11.570507961347838,18.33351105982629,5.762311240299757,8.841686096623857,6.328431092655983,2.1819075789874165,5.697969316158966,-3.890239587663058,2.219364259517937,-1.301068616186059,0.37933203032120594,0.5957537883452582,1.7206060513663277,0.6233304989442217,2.2735056666063347,4.328454223299504,2.0318100099793934,2.290816607702706,2.154264880195865,1.750217901691686,0.6079285194445906,0.8122971532712403,0.725578822423484,0.6642753608112866,2.4706371023906906,4.150214345371587,2.5225937470902915
18.041303697726196,19.860774056561397,18.080648418663735,15.861866371702837,10.902317013807101,8.576264093154693,9.309793632790399,7.643453625462246,16.164098090768118,9.25515120403402,9.531760226873661,3.83519628215094,2.667525881773573,-2.511592006405405,-0.8482026446573455,-0.7553654033671993,-2.512154972799667,2.4789046860874073,1.4613256334333047,1.4027862087922898,1.316355748651402,1.4339058218866494,2.939762385620807,3.1587567240284162,1.586642364787353,1.8976658290465371,0.21516905330895622,0.725204677946625,1.0670703703974633,0.3976821115924947,0.9478431516032608,2.410898700899503,2.5200775888222937,4.460586220657958
17.471187540202493,19.7840088716884,18.708908192288842,15.465371876399455,9.635031453653326,5.788295462065987,-2.911647940957423,1.4425724938283242,6.322529081776088,1.2030256776894583,2.1070503214596994,2.5890552202929107,1.0735701859931295,-3.1995709983307834,-0.12190173779262481,-4.644540373827271,-0.13411195539620768,1.7689977110051522,1.315407633199716,2.1916553265689296,1.7054789749525614,2.5301968545758355,1.4506944713612926,2.556878455678706,1.4519897361218372,1.0942680763320476,1.4666973119719748,0.9580840384468625,0.5659821612690875,0.7766482725089322,1.0734629929529698,1.6805208426998148,3.626710878639108,5.084883798349495
12.783356327388665,19.076523130044457,17.346916009852016,13.618885133048643,9.766442713999266,5.679907655307459,3.316615811877896,-2.70062990584679,10.853618275171284,8.391602841763149,-0.9798170291665373,2.149197092152595,-1.2826525231249566,-3.293934740581998,-3.174470291569318,-1.8585994513799688,0.6781199405831011,1.3069554603084006,1.0130386499137476,1.6224802846361204,1.8818958683192373,1.1698643039687806,1.1279740343913607,1.4394759654734035,0.8406868361694874,0.45027094475963,0.3129789836502096,0.8509501881251668,0.9976539032335178,0.9672522680808735,2.5052444586260014,3.4020959909760884,6.279703352991894,6.386457158998825
9.673363454999052,17.969814175260524,17.846744484863073,15.108016413573454,9.315718320543974,0.6084668321772344,1.3382187035347775,8.763160039833592,3.2509728158993507,0.30555717099878515,-4.68964490618887,-0.8931198180171588,-2.5310056590069965,-2.7818585899551316,-4.974094451136436,0.8971872336254825,0.5104715677060722,1.628324661986986,2.0847083030032527,2.4790298695537594,2.2568390207773827,1.9201812331415047,1.7833413990104223,1.9958991314110863,-0.5484404698324521,0.95687273487534,0.552321978954543,1.2640430379227605,0.7117802106112235,1.4937624378646925,2.5982792188704638,3.5682655688579956,6.343042641956029,6.46932636063593
8.843412042283209,15.264046062891047,16.80031442899105,15.840288126699589,12.065902323646869,6.305024968074688,4.863243038092252,14.879658441452875,1.23913984134745,-2.5469249921852724,-2.2276144377615985,-3.7461722103363697,-4.147383387567433,-4.176817439158229,-0.08604666969578105,2.5018293844390773,1.5666435181492486,2.204047220548713,2.3672016556095983,2.589490029052064,3.2515053396519296,4.831011271592347,2.2834260481119446,1.209168870089755,1.617656077288932,1.8674716664715103,1.6830893222075318,1.196943741102575,1.1232946874232006,1.7860194631752349,2.7903275731269335,6.429226749546182,7.072077312715568,6.741571070264044
