script/wind10m.json
{"header": {"parameterCategory": 2, "parameterNumber": 3, "lo1": 3.000054539987559, "la1": 64.9999836372058, "dx": 0.5, "dy": 0.25, "nx": 34, "ny": 52, "refTime": "2025-08-05T23:00:00.000Z"}, "data":
[rows 24 to 47 of 52, columns 0 to 33 of 34]
-3.744360639125509,-4.0089826978697065,-4.10825382180157,-4.533099201828647,-3.64490637367976,-2.8929541897576145,-2.1961025491889763,-2.8468402975608678,-3.324294975727074,-0.5126156148213904,-0.12616348576144612,-0.34586263389574545,0.6701480409306612,0.8662894583705589,1.613676504963453,2.785133880380727,1.9445218712657601,1.7804662172890975,1.774001468628718,2.170437598475633,5.78156408022782,6.357285951977857,4.399476876722477,2.8751627107744455,3.591905187962246,3.5687001950611053,4.426798645605025,3.632151353381716,3.1759390478308753,3.5101145367322615,3.596205959913882,6.286187967840899,7.499885998355316,7.335499106534689
-3.579549582062425,-3.8170577761589066,-4.084802133037276,-4.208894345576687,-4.063958862651563,-3.5728522560306675,-1.8013968100240867,-3.1280816853412716,-1.5408940832238986,-0.13171440931269984,0.34594925081594435,0.21983819763922516,-0.012790312590296534,2.962237144985809,2.9721737050293617,2.8449566886754103,1.8991040542164996,1.455415856650909,1.6263463931369053,2.3114362703208258,6.623742143401512,7.126715348724721,3.107456927867405,3.494020956451087,3.5345769982019206,3.194093729152728,3.2469565562575333,3.2482949795466465,3.393512363621808,4.474548551036207,6.542190300342992,6.415472932368966,6.879926616573488,6.641870962980551
-3.974541042084632,-4.338048892105101,-3.849213316239716,-4.703144754910685,-2.976150727545339,-4.376295376329584,-1.522274505077237,-0.8705819741540286,-0.27157983453496265,-0.4478341228928173,0.3777590173480438,-0.018717374757003642,2.0937142015297834,2.7066853207759536,2.1554205802678075,1.668588666251552,2.460659812336878,0.8485771187675819,1.500952894533237,4.090041561208226,3.5146222900914172,3.6267093609858763,3.252165861089218,5.2693681129759735,5.715760599134773,3.1853334213078406,3.9285050209868677,3.95494378804978,5.18789721657384,8.242954269165622,7.880162377404729,6.6948376265751595,5.7652442155996635,6.686903369458715
-4.741744733560729,-4.9779385798143325,-5.082703295653881,-4.320661092209413,-4.221463501432654,-4.223331050265231,-4.723182700504204,-2.40331272615332,-0.27118338536777115,0.023348257551560267,-0.8711052935336928,0.8093191211484577,1.0699280752072813,0.47822623061517694,1.1073766790005766,1.7246885658778053,2.0388826177409145,1.7727907450507367,1.28960019136734,1.7488343585342365,3.7616063743268047,3.686671130436291,3.908379130925963,9.08805475520113,3.540475588311331,3.3411082562685253,2.6097854881704854,2.5334857266988755,5.086586363883752,7.532122406016145,7.5082708860965095,6.716052150228464,6.293211085779722,6.639560901747153
-5.663546642460491,-4.497691415076179,-5.01225118505256,-4.66727524610173,-4.413770293010877,-4.119612183075741,-4.39948046332143,-5.518840741201368,-3.93267548838852,-1.8422695804976574,-0.6933091007313295,-0.5674784273509771,-0.9722105672119479,-0.5701634185516281,0.5553678284453215,1.5954956770332585,2.0507005046975033,1.2739286383989503,1.101339554091859,1.5837727877156023,3.2667906873169743,3.2520647025136604,2.5465662054350098,3.170353825915893,2.7364847149792895,2.293757456831392,2.297676869660593,2.5779578396039247,6.9625205308458735,6.80851234008909,6.496250782104392,5.965206023870501,5.560572711192371,5.1161661461897
-3.6995761230226787,-5.134491973739871,-5.259701418412623,-4.972280491725974,-5.0369695968208905,-4.861767012155847,-3.468955187132864,-4.1712349680614835,-4.179856404987063,-3.6450535049931037,-3.316658314416354,-2.5786376244841103,-2.3084745541336864,-0.6489277096121557,1.1328297455994216,0.9758926277007338,1.0705925833099992,0.5940642899720395,1.8945426922708015,1.997142347359567,2.863718478859499,3.1412070408877484,2.915717119916957,2.6187435462748305,2.6202172823152057,2.2387077497931767,1.969260433679846,2.3807121663470223,5.8321088953572655,7.083193795235339,5.394699981422009,2.834229774607717,4.139491015818291,5.529125640708882
-3.850870066316448,-4.831806277740261,-5.293533329186172,-5.215766266689174,-4.058327107592556,-4.811300038347682,-2.345854569831873,-3.5650703232797465,-3.412375352394096,-2.951444944718233,-2.8838718606067544,-1.5000579764871056,-2.3346075074878136,-2.2992529400699957,2.5345705366947966,2.236353656160319,3.733675684856008,3.5737910869565064,0.9359896650764536,2.3975039996243486,2.1251124136531248,2.0790672045266283,2.2597715380859427,2.4503832320432135,2.293173145033371,2.127953174600972,2.2546427755310514,2.3538312043186886,6.939634970185549,5.531520683906383,5.198062925886398,1.875370706359402,4.918426282804568,4.654645542688016
-5.1481959621934426,-5.1731839947862435,-4.525255471122647,-6.196585623167699,-4.043223289912946,-3.700160250461514,-1.571738311440742,-2.6142807876625107,-2.4911408084138165,-2.9182989217194737,-2.533904225438481,-2.0550115059249245,-1.4388183490180453,-0.27541011808646887,0.5592255959110431,0.8408804329250174,1.7016736656648337,2.382393756062227,2.5898350006253663,1.8294051182309585,1.5429307879283112,1.8882209085539663,1.6526249504578667,1.9059953724573853,2.484754403924513,2.0524497124422543,1.8932207707039848,3.332597335497752,2.213512035336328,5.8289849799757345,4.799031181594885,1.671166400305039,3.858900611232153,3.7077315096663908
-4.953774197937509,-5.322268979835567,-4.87968635204975,-4.321191779850167,-4.865069354170154,-3.1425815734719094,-2.5664506001775895,-3.307067907356439,-3.9348754504688666,-3.985941471801196,-3.166063078224094,-0.9102188279784321,-0.28635708992657927,0.550294560942338,2.504047254446191,5.0280130816619915,4.322078003410113,2.252362282203204,2.68382975166541,1.6322274408715742,1.0551266593774469,0.9276067013679294,2.5976074242699543,2.190592003326888,2.207538126658368,1.9874125098515385,1.8109241236123035,4.419586150019068,5.6700101498902695,5.4285307214711125,3.93922298271475,2.708551456953363,2.5966583198010302,2.452770883002497
-4.12502747158858,-4.606187767451674,-5.266393572221294,-6.024180402536676,-4.531478456675572,-3.882903783103961,-3.700681794891258,-3.910049383194713,-3.836046063502537,-4.149452322355854,-2.795266759922862,-1.3676435409961374,0.9501002986924414,1.2189580813667078,2.4686860989945405,4.050466183867895,2.4322923056331365,2.7774072192959687,2.404725077569082,1.0399950812336822,0.5572743759318446,1.1643172452175514,1.8206698739208524,1.7473054043004073,1.636005297173985,1.9188291508995745,1.7726645715345255,5.050805206965186,4.62953111417178,3.7244283032556864,3.9240288615876904,2.8823772556312655,2.671797687312613,2.859499760695687
-4.801594574319531,-4.508226636738377,-4.3014055158401545,-4.794726656192814,-5.0801672168362835,-4.840518505772707,-4.44203287742624,-4.747574189030065,-4.875256708301574,-2.1318064703812514,-2.6275387627685016,-0.26627002041989845,0.931329259581424,1.7829805060461263,2.720433275391038,2.845026208064634,2.935887493746254,1.4686941217635079,0.6852935611045463,0.9143952190989754,1.282782128359648,1.3475236147202583,1.4529449631290954,1.889271482719214,1.8340579599145834,1.841758982513332,1.6881948557834263,2.6486838093214637,3.576140753684704,3.2010939858675256,2.458192294987566,2.632838002555074,1.2207043895511316,3.8654381472348818
-1.432758371072077,-3.1783848306871008,-4.7148603524216615,-3.7147765819859915,-5.057393236337657,-4.58495058187687,-5.301204274138975,-4.987927646006999,-4.640084993593965,-4.37275024188495,-2.842933799318365,-0.09226313673040623,1.1789583060997026,1.5058179385416406,1.5997632828716852,2.4104061513875727,2.260514167109871,1.1203520073126978,0.40246980202958793,-0.5360031044097938,0.6772282889673265,1.7825039055489043,1.6326789651801719,1.6497193667753767,1.3929452749774636,1.3701175129550243,1.3023766773248737,1.7758129763262736,1.5171490674211825,1.8084205388130523,2.055034569511794,1.6245710517753733,2.37891038555253,3.0695684296438586
-3.104436460304465,-2.6267071931155255,-2.8676377988604242,-3.2769442230053767,-4.480723889321802,-4.263806876043787,-4.865317847896628,-4.359997136589545,-3.9808915439346153,-3.472131335790074,0.6273588425935678,-0.5636436204521876,1.3718111942095594,1.7857771210543798,2.922953005823169,3.8767601514595835,1.7185110096235343,0.6932593655748053,0.2500740862229403,0.2846726453846948,1.9916453397742317,1.4983055705756476,1.4039320359002392,3.586451045659751,2.7162310181051987,1.9485515908669262,0.9199814791819347,1.092623677846273,1.6701776296805297,0.5409663851536954,1.8159414816266863,1.8182775489689262,1.275545940735139,2.7538699529807618
-3.625165319810317,-3.640615927916283,-2.766281306189455,-1.4390496616805182,-3.078026691138552,-5.288471578134428,-5.096640938130598,-4.871215071792249,-2.1971723687220805,-3.0417977827436515,-0.6504385722924168,-0.0590769328268096,1.9313280194082,2.156436064591784,2.7790431394032487,3.5126088100277,0.6907547982747628,1.5427754109076524,1.8473199384552226,1.5424531228048106,1.288487123216087,1.5171652404520999,1.1808846970910694,2.0190721258106725,1.1723667552295802,0.41509911019794843,0.21693176988460283,1.0764460365571915,1.3683520378094183,1.3177100864504985,1.5581690222104827,1.0581652843357567,1.942760065388611,2.5016716886870562
-3.8517478067469746,-3.678600166985459,-2.606369924494833,-2.491620393690239,-3.6060510401816437,-6.118637794791037,-5.4647303153497795,-4.231810539119973,-4.309536228612928,-1.6816679987746503,-2.0201463745763175,-1.007710012424117,1.1075795600862086,2.4037827724679164,2.673352079849752,3.6586946098535917,3.2724356273182456,1.3782913272495958,1.1356847278661963,2.20718390950181,0.7373752767455599,0.6585740459836201,1.2768834835115674,1.9809504274389371,-0.03962411725860584,-0.47953159162212133,0.4321012068977563,0.6325550966803993,1.3269520772838648,1.4085082144152956,1.4626940558815376,1.1108539828954178,1.9388080296506804,2.5998766885403217
-3.9339252801875237,-4.315246558634848,-3.6692892943999977,-3.649642654263403,-3.2167158929239172,-6.319120227682923,-5.220842469955167,-4.8393876744649225,-3.873237695117247,-0.004825794185452869,-0.02137580880855364,-1.5548729978214757,1.412396491691816,2.220755779023552,1.6896967847539222,2.144571006073626,3.258121403516045,0.8598242584390705,1.0267086072740044,1.275358416990868,-0.15326958587758344,-1.2206077408450535,-1.468852770831579,-0.7350465643591944,-0.7327384450765035,0.13500702393160466,2.603267591147046,1.9209341793564638,1.4041739553398946,1.282179917532351,1.0821669659248392,1.1539973312443785,1.5527068573989857,1.8153223934916645
-4.055832704184264,-4.102622793503979,-4.01868461706471,-4.0114411064698166,-4.088871874733181,-4.793840798780337,-4.286494544448039,-4.87168497644477,-2.5636916607415263,-1.1750056462683924,0.41458668996962145,-0.21418287590854015,-0.6954358317553537,1.1438172124755608,2.8596816098606515,1.2434093454622053,1.0064601289809285,-0.34655172826911207,-0.10170255775482223,1.7088579371216113,0.6301377026173383,0.007867579157428032,-0.14692505347493195,-1.7594865725606537,-0.4778723790209645,-0.47976490792131365,-0.4602397103407347,1.469350160073198,1.934595321318573,1.842928603097847,1.6926809472616122,5.138196172514052,4.18190896578819,1.9560609732098828
-4.935585292987353,-3.730084234349698,-3.751221092471826,-4.171157997679214,-4.448438023920265,-5.23991121758969,-5.19929549851557,-3.6803330870732744,-2.792765882532271,-0.1206827338135938,-0.809741872139725,-3.993100749821756,0.823352770060613,2.1125038956534894,3.3473421359377933,0.6591555703877132,0.799126286169785,0.5985607084643384,0.6462638130680216,-0.10896990117718064,-0.12753896689918856,-0.18608291358275775,2.363038119325166,0.8692284215531303,-1.7361716890449592,-0.43803501473456363,3.398700956188976,0.6509484754653801,1.1008172323566536,3.761437983164616,2.855984908769345,4.205831321158755,2.8460015729739685,3.7402079548633687
-3.4191121838557432,-3.3801429194443635,-3.6793751312490213,-4.353547952268585,-4.8157785773094215,-5.018981996826465,-6.591594107511624,-4.437946237168253,-2.837933326403812,-0.31063832548226544,-0.5223038364211982,-0.7514849635806166,0.08604440241839444,1.3787645805118245,4.8016732620704925,2.7862788717441154,2.8325967177069904,2.262541825927481,0.8043520442959726,-1.8654630756406516,3.2277342017262427,2.0276074031658484,0.32504692737657787,-0.25082050759447294,2.5616790967947956,0.427824796237927,0.5349190573539887,-1.6323865790310141,2.191814608364275,2.2909144530922987,1.7835580914075848,1.4491130721274164,3.6785195035661737,3.4636362713720388
-3.867902213988831,-4.438863363906723,-3.7391446181810575,-4.061344261071315,-5.63708794686025,-3.904618240830545,-5.615540501104399,-4.242761444377763,-2.962553727155017,-0.8819094755918957,-1.730300685657266,-2.053081221579311,-0.7719587846727748,1.6973527378270243,3.0101693689484237,2.3959470888858885,1.708519703839272,1.8502220212899279,1.6201017266344409,0.49306161750073124,1.5511394736665896,0.5551044150013037,2.651463239688907,1.689662269907712,0.7638540765810552,-0.9576348005933499,0.5686203997690079,2.0762973075059774,1.605460949905149,1.4864223091601259,1.6925386632933441,1.8536598991569744,2.482994343259342,1.789806482781279
-2.474612139120008,-4.671158112138682,-4.5249190175180924,-3.3338168897716445,-1.38840498696333,-6.184514642742075,-4.502042015158925,-3.2436023920224835,-2.3889349518598406,-1.9834600398393036,-0.7174991944531995,-2.4806600262561083,-0.7820922266567153,3.1120964515727887,1.8882998627257144,2.1932199374149866,2.943948388969685,2.5938595896020575,2.0546312350897966,1.8269799221579497,1.5141238046836707,1.4665213783375155,2.093365788129494,2.127019808415314,1.4941300545862342,2.025495446310736,2.0038703715700894,1.6741940245875888,1.987222769581439,1.353191132469,0.7971093924005158,1.5471160045812942,2.3035751993890194,1.6883707231936662
-0.6400381140788005,-2.885124813820677,-3.0453000135632626,-1.8501068370266631,-2.39746710006492,-3.8962828853419964,-3.326757792649849,-3.9979636013320743,-2.3024176236198475,-1.3221030244448957,-0.8530610634630896,1.6329994795452796,2.9277257021814127,2.7481345519698617,2.0515318400924833,2.2352108644513313,1.6469746836095398,1.9687738430539365,1.7416879431143661,1.3009601790083725,1.5116278443429134,1.1689382956024228,1.4001097726208303,1.2295423333396633,1.1786519927063501,1.4845066960269941,2.653420639484912,1.6354058361673487,1.3515010250410195,1.7359663850857394,1.3084708545280301,0.8467914557491344,1.1461679601431478,0.5334667909587495
-3.8755818760378595,-2.88447884643809,-3.658367212610342,-2.200637807950433,-3.0063127272812284,-4.217208408922236,-3.4081620996640534,-3.7706122721708564,-2.689362251846582,1.6789275429038708,2.145944175399853,2.665664367404719,1.7549898328809237,0.8526356318535914,1.0889679205981884,1.5199228154013014,0.8614927392939719,0.8390621594062885,1.198542592713968,0.60880694615559,1.8441248431552257,1.8637548662570187,1.1034432427392293,0.8704586427330027,1.6006737020459851,1.092801219694348,1.5288886685233725,1.4371519267593658,1.9347546427692994,1.5572094565128158,1.1869580842709313,0.5622966872821015,0.616038239857028,0.38367825694547125
-4.162376800148877,-3.929711249171483,-3.9704415086105254,-4.097821830671253,-4.0953743008043455,-4.653944726756712,-0.23202541738413607,1.770029006910529,2.2762412670608243,2.1794503139138564,1.8684646922718688,2.245850777344859,1.7553355174172294,1.581141538953051,1.331006671450855,1.02616163059365,0.45358796868868184,1.036202654248174,0.8142972150579987,0.7429940420160728,0.90603676710881,1.106798555460162,0.9488177108713189,1.0023818419865194,1.6736192239774115,1.2641862206894825,1.6401051021267272,2.2475932937656324,2.271805735181297,1.5758015604679183,0.6223666550820041,0.8516386732769594,0.5784498745979862,0.2670872561419659
