script/wind150m.json
{"header": {"parameterCategory": 2, "parameterNumber": 2, "lo1": 6.000198445256149, "la1": 58.999992894266676, "dx": 0.5, "dy": 0.25, "nx": 22, "ny": 24, "refTime": "2024-04-28T06:00:00.000Z"}, "data":
[rows 0 to 23 of 24, columns 0 to 21 of 22]
-6.516726354364245,-7.203672241195946,-9.042985995058654,-6.904940399917199,-6.558376741422715,-10.289231917247804,-6.087817801473452,-2.314347621172517,-7.604577379823264,-11.720521113356842,-9.009769863294476,-8.633763373399642,-16.85996670246549,-7.172059902050709,-7.7067831514717104,-6.902422149523817,-10.204514159086859,-18.99604644103531,-5.581694422983184,-9.01452580557498,-11.879024252173895,-1.2732462250566599
-5.837550557013803,-7.157897456712028,-18.43935867244037,-0.664221627010828,-8.889431852739667,-6.154828544824905,-4.356927762389714,-2.666165727041907,-6.406855506514113,-6.477681173933332,-4.830849052114996,-10.485823068792929,-10.642911289155238,-10.329571994455748,-2.0978983413677543,-6.851228067827179,-4.9293636242927645,-11.563044029637862,-5.908208860470501,-9.23245418618493,-6.3120976798698445,-5.6700562495597175
-10.201524716164805,-7.799972611526749,-5.871773567097794,-4.3213583361398005,-8.153313320577007,-5.641752779172794,-10.289206863527529,-5.006855939828548,-10.5871732702952,-5.29148940667879,-5.886542688086077,-9.152703363615261,-5.864665987766232,-6.921226826805705,-6.5855012069114345,-10.734940839044116,-10.997290630929703,-7.090544618527301,-10.22451608438086,-10.20666432996842,-5.808505774065088,-5.134716565363932
-3.978156541991579,-3.3727869605929794,-2.5309161343512985,-10.8071993271505,-6.504155896974909,-5.478511898961859,-4.817052591199674,-2.592918909383549,-6.220377758776754,-6.102514661887678,-4.314007262858479,-4.803961655068148,-5.0097019534366245,-5.316448703625087,-6.634075820520042,-7.5085361382025075,-6.214006223240344,-5.918077114028558,-7.628811843343305,-7.410601066418672,-9.477690109828812,-3.07958873011016
-7.067564396318028,-6.097173667827391,-9.16786813970275,-6.965965614182627,-6.082908623571111,-3.3676652610895434,-8.350059658604682,-5.578225994801428,-1.5676936782272215,-9.698941652591676,-9.111533913841779,-11.672359346508843,-7.163563915950516,-5.685052675905755,-8.443567722778164,-6.189013772016259,-5.320605781129323,-8.387584012511429,-11.023696273253545,-4.7925585590831,-7.273620560312601,-4.30796265917557
-7.185568189987786,-2.417515768265843,-4.235305643670533,-6.045575126546246,-8.56482098950585,-10.270408365779076,-9.197200179100015,-4.554478878118493,-6.0301164107874206,-5.360668819709898,-2.8688956347795393,-6.319603384637151,-6.5588780168992455,0.42949915693240587,-7.085554745882987,-3.6707164308588323,-0.8842874828555071,-14.214345137377961,-6.393362125260113,-4.5516956529954875,-6.218056458726549,-1.5751571538789526
-3.0314322714605475,-9.192036639462042,-5.084103540618975,-7.091785361280746,-6.873719833179162,-4.339559616890369,-10.73073649948616,-9.28235452476965,-5.193468703771444,-8.178197625447906,-6.380405006457444,-9.049655388192894,-7.40694774032394,-5.104202238045363,-9.59620870835229,-4.96367096165986,-7.044519103132636,-8.462411698064942,-6.221514991710091,-6.939823620449702,-6.035736283875773,-8.177462528386496
0.5627479704535855,0.08410626135912155,-3.3917564679786496,-6.974942444071399,-5.362741847264028,-9.483899728224275,-4.9480053028756075,-8.23195600299709,-9.80365439833319,-7.475418306470353,-8.678522082527605,-4.623949649852996,-7.347784438697767,-11.296640157072693,-7.816024889859276,-6.794127474524287,-5.758896119207577,-10.40125096858591,-4.145798956502827,-6.079828791645879,-6.966240136792796,-7.467920498327479
-5.036217818932442,-5.982382399245398,-11.187903300615485,-4.807598334414518,-1.4813788497168352,-9.84038162148379,-18.64685020900755,-9.492972511444636,-9.819904716017104,-7.203754909774388,-6.173678007624245,-11.690674684073402,-0.9449203490696813,-5.298071004362514,-7.625970252701121,-6.975067453350949,-8.438567885815846,-9.799334122598143,-9.99765914639804,-8.108130941336322,-4.747503211464472,-2.3651983332426125
-9.70159138845158,-7.163192494575583,-5.126523649659792,-7.010477034463374,-5.778975020027631,-9.502030778188756,-8.03046012916841,0.17876728858304358,-2.1525178098410445,-4.4047637581570385,-8.008536948465386,-7.055295547626142,-7.005431570091332,-5.1353204235103735,-7.3513022175249985,-5.535655558483038,-5.9577602663486315,-8.350429386317405,-4.0260600347891256,-6.1676600887418696,-6.346450338326241,-10.962116401502096
-5.011760380376141,-4.504541214221818,-6.822298065961636,-17.36789431754568,-8.867483820094872,-1.1411892986448406,-5.839911918830254,-3.1603846878391515,-9.81745687966082,-6.299219486048575,-7.09583523851001,-8.246135555673153,-10.886197261896676,-9.011699469648503,-18.336527673621728,-5.897577289171794,-7.261528575836356,-1.512366881119021,-5.067380478468805,-6.021283091862126,-10.70643381563443,-10.885199013943241
-6.683130864942526,-10.255187711145076,-2.400610729800851,-4.614125768758471,-5.360798397792572,-7.602598752844411,-4.59789326210621,-4.728273680989036,-7.806678653119625,-9.86574870902595,-3.144103842040581,-9.689691169880533,-4.050488341419009,-6.968867561570851,-10.12212801018544,-7.531780671543463,-5.8871828164975035,3.4637505700360256,-9.518091670015423,-6.144371587538374,-9.890328377904613,-5.762351201266558
-1.3505034081241172,-6.080586172180551,-9.626980344112855,-11.335480888329355,-2.7301230426334855,-8.920182724300721,-10.926570807826764,-7.629606684213841,-10.249372143320576,-7.6631524134519164,-5.324282459319319,-4.534971358910839,-8.561812592112593,-7.496486458962954,-7.966086218470658,-8.219754574360193,-10.846223417629194,-16.476622664607937,-8.394158061628032,-6.790555786748059,-5.992927047645204,-8.879580486085118
-7.1916195272153125,-8.094524027316675,-16.026200421498327,-5.391327684811914,-6.096513081978944,-6.105321191055383,-6.598105084159369,-5.890062644064098,-5.610819419979503,-16.503893053197515,-6.840055734422957,-2.2497692434271492,-6.643523714042199,-7.037198863997842,-9.402609074798137,-5.214785817706459,-11.277696089890087,-6.952367829844297,-10.63390247013974,-8.561771588711295,-7.1918491805313725,-3.47134073727022
-1.539624331701726,-8.36366864903435,-7.07572706873755,-1.9397449571507404,-9.622759693498686,-8.176779484457917,-7.1792506283615145,-7.881566733725164,-5.888537991664118,-2.0511084727644606,-9.01365687803168,-17.808770556739805,-7.723978405795983,-8.768001293644003,-4.395574466136638,-4.8485138077673025,-7.749999637982258,-5.019915699840101,-8.988164120904708,-11.530461450355684,-11.16791171493787,-4.026485008737038
-8.169770182571057,-4.871635548677116,-7.17497317106767,-11.939898386841524,-4.570776348926343,-0.9802996588011055,-8.857227365002215,-9.532437475564715,-8.256568608541091,-4.555242560556619,-6.283718609165881,-2.1232607699435126,-9.093705956868236,-5.698419836325169,-8.435976082013399,-4.604796571089685,-5.58233918970602,-9.633368482520373,-3.932010861956844,-7.911215059930294,-8.270684140438878,-5.060480179993341
-7.448041725147873,-3.7235680063469374,-4.615696113717608,-10.022878356737605,-7.119254846694181,-5.857112262323844,-5.612480956594503,-7.65724575790888,-6.4844437298433,-5.581176463321981,-8.29091820087228,-10.99045190189032,-5.168447950319097,-4.405974798546292,-5.230658967086489,-8.340481669722742,-4.170956117666694,-1.2297293221547343,-5.867573506834141,-12.800241371675526,-7.791440704963238,-6.107397111290609
-7.407433222017715,-1.477108384137534,-5.658384324778147,-6.445656403978347,-5.377009912656145,-3.209250628662723,-4.053395550463249,-9.179316121038697,-10.381629498080526,-8.844222285831934,-4.779312501860294,-5.956647462744151,-9.095870622501495,-6.367311198220348,-6.656173769710949,-4.04924103719949,-7.317840123855823,-8.617976541349377,-3.0263841149516173,-7.136048477531946,-10.328529414219878,-13.598036313239394
-6.586496064853916,-6.932923569530934,-4.766250711460881,-0.8064773398012062,-6.590810516132132,-5.024478105385579,-8.863573222744954,-4.179862783274372,-7.125897814900996,-11.53564429033827,-7.029298705293015,-5.954261589756018,-3.966543717168206,-8.549336638974358,-3.712224182358422,-5.182803188677263,-8.880631526183677,-9.132474994453093,-11.14107223179762,-5.600606849998005,-6.461984057543423,-10.576588933355808
-8.980140376979568,-7.391302411675258,-3.0336156093837223,-5.610513352845208,-8.600391215201958,-8.050357216288745,-5.736802049351712,-6.035077087683701,-2.6642145366105234,-4.993195257337385,-4.307060438504409,-7.4924965361320695,-12.557911384414094,-2.049713459005076,-12.105185305605778,-7.560929159052066,-0.3195796545109439,-8.098197542419411,-4.985902972437092,-4.874681967575723,-7.240242083541929,-7.849720426172448
-4.693695195199441,-8.76316241766092,-7.6117728982590585,-4.490536177552392,-6.690834559065105,-8.083181965713905,-9.978517089770062,-9.548793283681,-6.089822508106848,-7.76406900835244,-6.016266926442842,-13.07688687398472,-6.864079259208102,-10.327932602021141,-3.019271067870115,-19.617008592663918,-10.186561697922809,-5.274024622354761,-7.501744033920885,-4.368764892975368,-4.502795735759942,-7.464314870273214
-8.62567294126874,-2.488001984469853,-3.4105728704238407,-7.603113878854694,-3.5478163160262985,-6.706809656131268,-8.10028100145708,-1.1750109046614319,-11.77506407984641,-16.3820710423717,-5.610508680452426,-7.489285799946352,-7.045059572546552,-0.44768560606141433,-8.194078302230235,-11.356678345355661,-6.919342410918255,-14.376458139560633,-8.115021206445352,-6.995535778667554,-9.515257784617843,-5.620745832896435
-1.9151261873282295,-9.630549082634507,-12.62183524847819,-0.8426135310962278,-10.3027756550127,-8.341546786846065,-8.622798483585681,-9.371002876533076,-6.104913076092715,-9.325614680318493,-5.949834327281975,-8.49997114710629,-6.928333849059111,-6.044748585573231,-8.776115844899248,-7.705735651660268,-6.511635975807214,-2.6434102988472157,-10.338036272307685,-7.9494976733315,-12.271279386730944,-7.200416440909779
-6.93762657827836,-5.314799733398095,-5.537571617130566,-6.29068206454735,-9.621458219981575,-10.12380241310975,-5.731834560410131,-8.892443395128911,-5.696443743386457,-2.290872017563957,-2.2340702464874527,-6.783810831512685,-12.601002107038758,-12.30623291949377,-1.9447415888915456,-5.787170207105048,-3.159387221857073,-9.167401318476292,-6.511245567527537,-6.299080652866487,-11.209286068640875,-8.464766077727347
