script/wind10m.json
{"header": {"parameterCategory": 2, "parameterNumber": 2, "lo1": 6.000027932988019, "la1": 58.9999434238085, "dx": 0.5, "dy": 0.25, "nx": 22, "ny": 24, "refTime": "2024-08-08T05:00:00.000Z"}, "data":
[rows 0 to 23 of 24, columns 0 to 21 of 22]
-2.123327161611452,0.8624574091556526,1.6203105481913285,-0.084734830980923,0.9406567631840326,-0.26541420726319515,0.4814104703374272,1.7084248935218234,2.1572987360605205,3.233973208399361,3.096476217630498,0.6457216460873574,1.332560614685264,1.0234031531254713,6.638702814705366,1.324453318285519,-0.5003826850476016,-0.608111448680097,-0.20494734736821227,-0.19407187517678456,-0.06412870468875861,-0.7660724040765919
0.6674872031568438,0.3073532439894775,1.5632103269613455,-0.2387226312290133,1.0646089723436212,-0.5752313950891094,0.7962027738270384,6.230417811055138,4.650137134506916,4.879295461937257,3.576261751606623,1.0488122948060346,1.0532278209871324,0.9613891670900572,5.895770956582325,1.873227694754793,-0.41149132928173865,-0.7302444856523743,-0.7866657655578789,-0.09601704103505479,-0.472128866276299,-0.4806693471998107
1.0403531364601588,-0.35596724467464314,0.41463442679154416,0.8478765986952586,0.6769420271928369,0.7187094246578415,3.361639355092595,5.195039543959902,4.629336294499808,4.641627356019117,5.034769421233908,0.9846968815817304,0.7650277862237204,3.0109357179346787,2.3770937131659653,0.38459930037231044,-0.6795356041199623,-0.5233616145414247,-1.35521892921195,-0.3160862422145534,-0.5464128555703353,-0.9429124206473444
3.5879072997573704,2.270537262458384,0.5952518054838873,0.2731974933956503,0.16313438278134207,5.3504411411305055,4.796686794580913,4.173178272183982,5.422829273561784,4.954976986870804,4.992503906787187,2.5157178069069386,1.100552612211964,0.822758401934125,2.6418751669348843,0.5860341827043275,-0.22009568548202735,-1.6940338410853781,-0.8427834750552903,-0.8150317241536986,-0.6614452675093039,-0.6232852339221542
3.257488355712289,3.868397326521957,2.4258666352444984,2.5877106961604586,4.859139531350706,5.405225300569348,4.601541044023302,4.266626108261812,5.676658098442841,5.309576048136706,4.858569953413257,3.7386467261499194,0.7740608445420353,1.0348220926306413,1.885439093509281,-0.08850731491702023,-0.44424461933740217,-1.1549375683732102,-0.1501502360631721,-0.6936417863109107,-0.5733372509428553,-0.4935748979870089
4.0797627165061385,4.140574883196288,5.242699789935833,5.773530679861519,5.089988370645748,4.7551000381852795,4.268600922336966,3.8101723953431916,5.398608712436791,2.5115588884968676,5.431061579606548,5.158482369646056,1.3279947279635267,1.2111341568884881,2.409423341468754,0.332175982210238,-0.5351775198570028,-1.024576303716567,-0.2884418593971828,-0.6562571895141337,-0.7110479007320406,-0.6860944794467105
4.099755589058981,4.054586782807248,5.3546982873462365,5.398866696708375,4.719187136579802,3.961848922501802,3.180662486159105,3.31758850617287,1.1020386208879769,2.516493937384815,5.0514246054637,5.923910174160483,2.174691318503932,0.9395977110767012,2.281735270824183,0.3401971546451336,-0.3389108249378761,-0.9536755797579561,-0.7929725186487084,-1.0376124891463285,-0.5849744531193896,-0.6412348307291037
5.988919051218131,4.630436695269335,5.635327801832994,4.3106373694591165,2.715190764221466,2.252758957519127,1.0518133551080315,-0.7331475474059047,1.1457658336323164,1.7845249226231326,1.3028581555995655,5.643789315588269,6.100369587287078,1.1130042847305452,2.3239750599290434,-0.18502210564596971,-0.5945800579339715,-0.6837606586800014,-0.7198802918353927,-1.0316242841370489,-1.0001107297476746,-1.917427598363844
5.115875139403777,5.071553008192287,5.769521219116242,4.855010817470774,5.237574669072245,-0.11466141184298083,1.6878644607028412,0.3980603293548073,1.245029690538587,4.425696960484213,5.08970540397034,5.824380065158816,6.181393933602115,1.5193137211955472,2.505292678292239,-0.20559165700051166,-0.5199870103988873,-1.0204455516787017,-1.3728965496210344,-1.3125247600865981,-1.3846425431882172,-1.9460282430496234
6.442397173443815,5.698393210396158,5.069039092479502,5.809367626067543,4.575256014802129,0.21523017447616113,0.14810605089684425,-0.5158696278222146,0.5746815826619969,4.8534230647057655,5.462744429782913,5.585941132414087,6.189617437076534,5.179305026143133,1.8258806725093744,2.7966252467975052,-0.5156775963597456,-0.9566358498489932,-1.52306088652902,-1.5557615793405728,-1.019947815308728,-2.9187786933601103
7.002836313256126,6.072323405556455,4.7076596714689565,5.593510858228762,5.769550873847925,0.26216021861584965,0.0011935546639925225,0.4837225915162743,0.580343093021836,1.4910820869980521,4.468846387901159,5.0700596820217125,6.38756094198052,6.213495702411954,2.5000841652647843,1.996215730288883,-0.0836278582146013,-0.3216132817081336,-1.799902942472207,-1.1169243655793297,-1.3530370399813938,-2.833403360299668
7.220860314471139,5.598512202425942,4.792756301037883,5.4746556686926935,4.922474829250771,-0.4614509996174654,0.48159730522929617,0.24141135274289122,1.043693546087253,2.2661220324147866,4.843009738862078,5.277515947704541,6.083871311608105,3.5199045053466946,2.303372592056597,1.4228643732355308,0.7454065723314112,0.3798046022122611,-1.255280347266667,-1.517853399009314,-1.2577953356686888,-4.59536571634205
6.935924082157655,5.883300849082577,5.11891122775599,5.708149100619143,5.776749604442819,-0.39031609761743574,0.024601036367600786,0.7503562538269851,-0.1543544252466056,4.7189329724034925,5.6832987668748185,5.692803558520273,2.5811444469864133,1.8077346253693198,2.5957231524858027,1.4311726587240712,1.6560119667009718,-0.08627046778851295,-0.3424973653218661,-1.2180524629873202,-1.8717281934852394,-3.506386774062922
6.688943628723663,6.675679507700253,3.9839400505132447,3.8071362073633543,5.051649810112533,-0.9337355562750342,-0.05447265574919259,0.19649756989979245,1.5767502293543962,4.75107914814478,4.715659656274535,2.6700843507123695,2.797595304764593,2.398976185939032,3.605860827065129,2.448415312011849,2.325269351290602,2.6001046297453074,1.2616244885783594,-1.1607874776709861,-1.9797359839468718,-2.7948089588223284
7.302088034413303,7.229532912826735,6.667840550108212,7.15707090332777,5.111159219097932,1.5811051415471074,-0.14693035205681795,1.725847187830047,-0.6979492850206924,2.456394768286265,5.033270481253435,1.5982150487648579,2.560307662843596,5.683415809649895,3.2230412663003003,2.6615260998258456,2.6936241171135555,2.518643550460215,1.7326955824590875,-1.1267941655544678,-1.4666412079341364,-3.0282108477093566
7.4705047705212575,6.422928960410651,7.003571071188831,5.7712057269632675,3.793721831676765,3.3368178545549485,0.1189965162351353,0.760902344939357,2.171869923065773,1.3660886252076179,4.451495314491254,1.990896652978571,3.045472855109874,5.263297391460717,6.468164120947873,6.054525626343176,6.818973520226647,5.904329758370778,2.503311007893671,-0.1275800291268211,-0.8966755043362256,-1.709736511909233
7.3738537485447075,6.873000901105964,6.245868185563943,6.89786782895232,5.334886590402771,4.2657756749930975,-0.1560684344359395,0.8028728962409466,3.086004787793345,4.178900696590513,4.279161247133919,5.433494607802946,2.4176990634163644,3.9026264700105022,6.6476639139516465,6.160462132389924,6.402432684780146,7.205136774780431,3.605188254337499,0.6645512571886729,0.016909447111861403,-0.34007700097913146
7.107739872262665,7.154586026909736,5.846985823155772,6.872958208306023,5.678723054447837,2.3228177671570247,0.2854682368749094,0.9084704485208701,2.857048012989848,4.920404749622725,3.6140267304489613,2.3668691557488657,2.987071696413205,6.450406969716935,6.661276198875254,5.954006322226683,6.693183048775752,5.918650944000294,5.991380142096508,1.212372789652683,-0.5381249464598821,-1.8060915028346702
7.233494244945036,6.517928089352174,6.441569192707477,4.499345174687368,5.133721803081527,4.767005115587443,0.7825313887496153,0.528552575542385,2.7062892243834016,5.160778168682379,4.490027345703215,4.57204618399359,5.611079378697085,5.929218449222219,5.607824989392034,4.919528344524183,7.9946948980102075,7.013089825060298,6.561165546915918,1.6107525539152294,0.9529548332503418,-1.5205909909047468
6.855638204172362,7.235931963452634,5.818393584739962,4.805582241772815,4.953409503643282,5.224553312661652,-0.29572533548402785,0.7183933618147257,1.3178488146811642,1.7725030186939037,2.0406367221219988,4.902997006020688,7.2182341270861325,2.573854520252876,2.0082120005718074,6.01665529604408,6.802697054308775,6.434744732777493,7.243608711933188,1.0845756828480448,-0.4105036798365388,0.8254691837168603
6.669884186369713,6.133546530488167,5.695511035512961,7.277207211758073,4.432090284242373,5.2835546402002835,1.0694812703595922,1.107476345226532,1.3302110460869674,1.2392131129278587,4.064923696148237,3.3385742084882097,2.08139185352448,2.2710860408251783,2.25015718271517,2.87774482235025,3.9689635711386715,6.714199630541787,3.098659694097326,2.3630279194080983,-0.8541473060505687,-0.5971865614052785
7.63253541724694,4.7971096387252565,5.213101964932522,2.9608073659887677,2.7528897494780984,3.1454289150374986,0.6919117478402592,1.8048275906393334,1.2186783738624436,2.2132058970789363,2.3341474731332807,1.7641317759055806,2.328738772897357,2.512431909482672,3.0656983252865033,2.9698246348109363,3.6062600605337916,7.280998852238758,2.561475064072739,0.6516199272159796,-2.193244740346231,0.30451812174541104
6.343850176544787,3.6870451415870455,3.7797205926081143,0.6620031622085072,1.3989578819259167,0.9361892486007813,1.0636791460028365,1.2977314068765977,1.9761646829471888,1.5341992665507804,1.1654689892204424,0.4767927736126798,1.8711298681692634,1.7584964789281117,3.8760761655598235,2.8753840172819327,2.3373157821657657,2.337076549664026,3.0640942992870577,1.7576006694245705,-0.9088025729180297,-0.8599624942971041
1.7369858566798306,1.5150344914507776,0.8024391296275507,1.2072875858491385,0.06965213200749949,0.8290422841381135,-0.09576198248348822,0.02276322462407634,1.0294781780613216,1.0034495665818366,1.0595722585425753,0.9235559190091378,1.5486327046689357,1.0797870122298732,1.9278367578535607,2.079408775931345,3.486973496102135,2.8187322441045835,2.8134685119745586,2.4551812279408365,0.8367416139448951,1.3767954253220738
