script/wind450m.json
{"header": {"parameterCategory": 2, "parameterNumber": 3, "lo1": 3.000054539987559, "la1": 64.9999836372058, "dx": 0.5, "dy": 0.25, "nx": 34, "ny": 52, "refTime": "2026-02-26T05:00:00.000Z"}, "data":
[rows 25 to 49 of 52, columns 0 to 33 of 34]
5.237256541326666,5.100821165666037,3.0973209731918474,5.977441929019394,5.845768737396402,8.444611821761752,7.942855173710732,6.9055853848332,9.739499528946729,8.809164741502848,8.877756033077247,11.055652351813453,14.403277486610142,12.078994216204103,11.77336854856817,10.844811047540817,10.457335016507528,10.4573924020409,11.010544925078067,13.47768046384473,12.377749029911207,10.836855235644762,10.746900244550746,9.696438099816776,11.859938405036722,13.232649225599074,14.385369962665136,14.175983412656576,12.235265985409145,12.165958993250145,11.837021298574973,11.563351236574617,12.229681647577323,14.95867243038014
4.497642735478655,4.283855065265426,3.1166764426620945,5.2997475370009886,4.897274897172496,7.680842649571657,8.232198095508627,7.540776923367592,8.163506536975085,8.51970355991182,11.333503112685195,11.283480459243252,11.761499836507488,13.71183377663321,12.415075615471604,11.340019266634188,9.893705199808398,11.639426020658895,11.477703509863096,13.643864297172685,12.734624954506279,13.298532839639124,10.78944098053161,11.831607081433084,14.133404120617099,12.984313673777153,12.444135085602568,12.262507700554027,12.141363195492902,12.013989328068984,11.846186097585463,10.144416866051074,15.320141807858782,15.236710262054835
4.95086317423206,5.4650151178509425,2.7383601385077587,3.476726550717605,4.967120307403528,5.551884515014665,5.662055855946342,9.99807662559541,7.942215483452418,8.405479441300965,9.134812398557118,9.710380745075353,13.35199844063578,13.404036554580777,12.514505437625301,11.230590683655565,9.320344527153141,9.878934280905295,13.385118467601373,14.54933737573266,12.431445072388732,11.028518746363318,12.396237151679387,11.437603202971744,13.220606526334633,11.952888663216905,12.775463146510907,12.445188409202325,12.28859814412813,10.883655689102316,10.011683378388845,15.182985035044915,15.601847016903982,14.085620029276432
3.6146676909477398,4.357755641945341,3.9841966319967335,3.903609176370836,5.799835612918611,4.720622321308946,5.990047048748124,4.508306788695872,3.71290268890794,4.273330875883009,5.549981379133495,12.518665793526047,13.77686213156875,12.755269043589555,11.029492468432963,9.42660071180449,8.616099294733463,10.457563351232261,13.164206252300392,13.417139834185031,14.231186400540357,12.786890886756513,12.851513611862911,11.531736585168575,12.914360312296196,13.080284195759994,12.355477307823584,12.325015028927185,10.802741025839614,10.050743119969598,13.205527379436512,17.781609293078848,16.002969187600502,16.297477252663327
4.671307553955612,3.8925722958502065,4.077391943377782,3.319607406520355,5.381083915819254,4.845234278656859,5.888391865840634,6.842114859315695,5.818428771531585,7.899484787034352,8.004626966514174,12.551403685444704,12.358704145037056,11.45768968817865,9.561844086962514,7.305942372435006,10.026227737617074,9.211758585985143,14.664103392825762,14.920348875871259,13.872792076081371,13.472949754964771,13.352125323678298,13.41345597556084,11.445378141730712,13.091221327844107,12.00913459977788,10.245203803975548,9.919252373196292,13.345940591233774,16.548779139818464,15.855222425022927,15.668486331382358,16.83357276454408
5.527468459552307,3.585488679023335,3.989100155473156,4.439912369676558,5.680589003437289,5.305495323287821,6.112234626494013,7.953491254715895,8.223388940711601,9.318113538797805,10.756245945873674,11.039457127869454,10.885194701929048,10.478991214155807,8.631721717048032,6.298123161264661,9.178460140221066,8.868698768348581,11.867316635619618,14.074354866097059,12.769495058417222,11.58202718043036,12.008498968439984,12.483646329264594,11.43264135550961,11.693241986845539,11.31967645769862,10.24721852438279,11.078772793342605,15.702066383639613,16.509070172523362,15.532746207476391,16.354706543526085,15.721250515631418
5.159661504359907,3.6126305526892115,5.1839833285852706,6.7501434193065855,6.005152429848763,5.403467452794374,7.821134530524951,8.33412291572193,9.673817785532224,9.930863832449297,10.49398431637178,10.012907502829975,10.624114660418643,10.075814565995474,7.554345721232813,8.71005786370612,8.390779664441288,8.29109448716491,11.467661914545824,12.375568516047442,11.828793291538249,11.540163422221143,11.887288459817718,10.114585895903117,12.242634625189647,13.003729471644721,11.1296996240636,11.380816003082472,15.185124332130671,15.437023809143717,14.653923778903144,14.165065169802613,15.082316014560462,14.872425360527219
5.73288211369367,4.882299170901534,7.920368606114086,8.170235416139706,6.126460941902878,8.036780381065483,7.733343567945761,9.151124854206971,10.068884996752233,9.793462807420433,8.963083314800421,10.674521561544402,10.00058081082634,9.399188474501628,7.6954752405386815,10.207329276088592,9.747768017345585,9.04087974554468,11.202124180278183,10.272165368784925,9.863014511134105,10.921623760456432,10.10804022414959,10.233791080192546,11.603111570162032,13.123343089460176,12.145712749446451,14.293879356562957,16.545790485563998,15.118351661093202,13.064593007668662,14.046982688016357,15.274983643724875,15.409304677152562
3.3705064235103146,6.1629356848109165,7.172303670827749,8.47905567961741,5.93327962140901,6.94508676634476,9.280708589420868,8.698724087575965,9.847765829268898,10.16548950993525,8.636963457535416,9.634318112880074,9.245104220266025,9.100642041559748,11.284097514465234,10.612454453559701,8.905182267417178,9.019597878365225,8.772183270843431,7.866474505649203,8.431692107727752,9.351088348882262,10.892697942919025,9.478564154113347,10.356310505199271,11.993926955670396,14.831413143827321,16.343681284921075,15.621239392067027,13.720543286130185,13.414678130012069,15.221608522050477,15.500229273174677,15.19899639210441
5.3454124525599624,7.334224766468146,7.175176171587811,6.351804200088967,7.359491625149563,7.9712121709767585,9.045909698857661,9.56818096207407,8.6833227082311,9.635319416105624,9.87449954278725,9.46466303237228,8.015339941571735,11.116088347155271,10.522216335021726,10.535519596572298,9.334139822784408,8.796425666427067,7.950839116372642,7.435605105845351,8.756147628954167,9.081796147654774,9.806049561707717,10.268043303592696,11.926128764990562,15.457849281832356,15.697279025158617,15.719379378011348,13.732408008373376,13.256956428063438,13.204400684178488,14.156101316115496,14.356849136656505,14.097884293614252
6.786571543498499,6.482815471918842,6.2916154876983805,5.865829580888059,5.971122635776643,8.202990907039725,9.467548880399848,8.807762948336755,8.612129449686375,8.780717246590726,8.51219722333255,7.514251082804594,9.037767686104997,10.217310847299453,9.56273386029923,9.281861528922844,8.420240491738346,7.573792498191924,7.685394749216418,6.943337518633014,8.43593593496465,10.006653404362453,10.29075736022349,10.272126007225001,14.066924940428242,14.837094079056792,14.934782272782808,14.479167311225131,13.133112029787904,12.043772933718131,12.004445887050533,12.437098956101396,12.828102180554806,12.86522169262592
6.772276369743455,6.451839234434587,5.861533355385965,5.436784991878169,5.5758142406116535,9.20117008735518,9.288063722408568,7.983858098090325,7.791642936527565,8.561043284189543,7.188728416332893,7.70602279842569,6.933734628068901,8.597379454944695,9.59620933116846,8.847213437479793,7.036285891726349,7.77989482274726,7.102652988479836,9.42050907947617,10.25392257263086,10.573608268616194,9.987877077415543,11.434406676957538,15.042934037886077,12.438440421196587,14.018339426288307,13.86385558241288,12.610859047290734,11.023960765202268,10.846607235898096,10.98274833349602,11.381112369787756,12.152887844292914
4.824204951150806,5.427666845786343,4.325201184207633,5.0759083240138185,5.125962739102611,9.908169578401752,8.477725952255874,8.425558746043334,7.910743287759787,8.205978718657118,5.0774048892534,7.50147310865935,9.014762328357483,9.354618537428795,8.626073953001386,8.509545983063218,8.323758954193602,7.4221428091835815,7.74201311148631,9.264893096267434,9.00091909384315,9.165848584162402,12.681216483818597,12.872176189889654,14.349710924169413,12.984096721132818,13.33600063579958,12.94509818601576,12.078241373782562,11.02722676385826,10.817408429311893,10.241679436528662,10.932395154778012,11.604308096072108
5.114316648461711,4.608842424198361,3.2852240031948994,4.711345976653903,5.659982805633497,9.000595102880503,7.858185641547945,7.382486731770985,8.492867275148003,7.663785177832599,2.398580207549973,8.547925754900268,8.289047576946112,7.458330750973994,8.53955528225299,7.927401850672397,7.624494099024195,8.415428468417732,9.193019124462753,8.503758039242948,8.141727877156853,8.750428409969533,10.903473963213505,14.785406398423742,14.005743080281093,13.379541838282357,13.123901457108825,11.626617714567283,11.19614636315868,10.888649640383546,9.892778273307293,9.163091506638347,9.384455630856605,11.589515848878499
4.892613575177036,5.7130477201673795,3.835688768842382,3.7178637970325528,5.464269834238299,7.664076637709986,6.937351784871879,6.872384213745722,6.766392975492645,4.803381348483534,5.346698017504259,9.6360165969782,6.555844414673809,7.572941497488534,7.490545302735337,8.154517146810544,7.128890034750764,6.721448695462613,8.998336061147388,8.232234448969047,6.156935170070458,8.59193935154489,11.546951787006536,15.062649308033523,13.78670248850179,13.884138454478203,12.257915664266456,10.777145836129998,9.912223237867318,9.19800003378331,8.513796565617605,7.677701182955817,10.23669675277143,11.915599992292293
3.9761011772621795,4.047230797458183,4.148376883882183,3.3717029925258974,4.674204988497533,5.70644287082924,5.93396908013182,5.113192225052061,7.032539537897005,5.030895864382996,7.6644711649663595,6.671354581782252,7.416006308949322,8.206813020744095,5.887850920645671,5.375649340397313,7.097414543740871,6.6338421387170925,8.722678528854814,9.586059286819927,6.650916027064295,9.58208251042238,12.497204484931483,14.515781346036313,13.048142805006991,13.577998410759658,11.368898915541003,9.636048982527898,9.195556057856662,8.006175268961137,6.790821887000275,6.9944993949010845,11.589980519488773,11.664644049186837
3.1535787601791947,3.3618915811876233,3.3917760247224855,4.759052365231899,4.567849316003799,4.800049889283189,4.891884781919769,4.005724168944443,6.44139497737452,6.916434415780512,6.756207167535085,6.529827087851839,6.527076653456226,7.341385214084798,4.625463324227195,6.03842838838957,6.575711291602,6.776945254119271,7.326661375569475,7.155481140836405,7.539585832519131,11.255400201148278,14.429033219261743,13.862042114983751,13.156185006527561,13.041755068147248,10.998999958201882,9.710012338671271,9.009543031271864,8.98953452577335,6.437083584577242,8.61559622439072,12.188315150586961,10.976054404977477
3.0895264588114792,3.5120053380277945,3.667620604659565,5.164168433374536,4.4165060654496555,4.830948431922941,3.9298329943887986,2.5950562222639686,4.541331980224077,8.331571737655157,6.442827659686565,7.379116099751904,6.401175775698083,6.317728846003572,5.922084225840544,6.837924183847595,7.403536185443398,6.776008072691737,7.064444155782302,8.017252058366063,10.141082898946095,12.809070536201908,14.346680208254623,13.468847657176918,12.896990299968179,12.730006249880077,11.146826252532975,9.966970551140859,10.867655216023376,8.384676805208738,6.834594518449129,7.314012929557504,11.714753320531495,10.277097619922774
2.4186764416199367,4.476762749425489,4.5272375636118,3.664280124907304,4.540050710750632,4.675296418282493,3.7805546664013225,3.6348939424502813,4.225252423641657,7.623639341631977,7.074887129524737,6.5366412637458655,5.947501173928911,5.527629640506535,7.14022953442929,7.869759449573707,7.869198386878424,7.108369444351689,8.084068075461373,8.82548262827413,11.273070045118402,13.480831937480298,14.446060179315163,13.15163427164472,12.820964083551402,12.791310534852965,11.31666903778568,9.971611614066068,9.974760918288927,11.105799823598684,9.808771738167417,10.250385964589563,10.910344892924869,8.740547574853682
2.380828568761173,3.0704090310210588,2.6528421856110747,2.925994710958734,5.05514962448837,3.5516834774989894,3.437684256502093,4.905498967613314,4.301820798040515,6.127509817006435,6.920424292038807,4.156592406041842,5.632655879941299,5.37268907613088,7.234406256197792,7.927889049864634,6.892307263157214,8.054403757317829,8.9598990226189,8.463934590437194,11.699082892694134,14.044422559097692,13.644249289256443,12.71850235912439,13.172300520426408,12.761324021088159,11.601597541100356,10.718296455873409,10.957108836190425,11.784777428480178,10.968950062065442,10.06181796392558,9.83192863873166,8.322534515745597
2.672723470489397,1.493471598908225,2.342723151968371,2.5369807860968394,4.698787075207508,2.5725569370120946,2.6931075790126107,3.358795935342122,5.66109390345793,5.046377619143862,4.495256452463459,4.026579793286515,4.699108804061006,5.064787311436918,6.273101538454404,7.727621381927969,6.981372248296961,7.768441443803536,8.973864482881925,10.256127030504697,12.107343443835031,13.563606968308857,13.137549787443158,11.863647734116872,12.35159371058342,11.899436139835021,9.605592434609829,10.884205468103165,11.035228164151704,11.835646316166855,10.677564933355832,9.909340538022061,9.057785387963575,8.280007056408703
3.634996658457979,1.9390909227499153,2.729240858782183,2.529658393812669,3.9372717562194692,1.6952907833948851,2.6443748042375708,3.720938886606664,4.846115092328847,4.6976724644402506,3.243611961874909,3.7296956820837517,5.234228435088503,7.337948575137462,5.418783263580053,5.900605561895114,6.684643736847892,6.645794668199237,8.294078493869405,10.636654447419307,12.14030498273402,12.745164456781215,11.934706364457842,10.53688323528314,11.370785274862637,10.953862765778123,10.114467213007956,9.908111396347477,10.178761275176303,11.176432016034159,10.161322864303918,9.015584933578142,8.52709211291332,7.640975534634833
2.112693404085453,4.289094466997712,3.173369027605759,1.6793448417039551,2.061726685513535,1.282173359274219,1.9173494670783915,4.191304729767245,3.6474551024037183,2.4655066391445235,3.771679478458148,4.369865070025032,6.234072921378253,6.9719634742575884,6.922795061017938,5.9339512689649165,6.875378276573073,6.011384384636173,8.935412758045429,8.802905853258668,10.858440716026486,11.567975163788907,11.56013986763966,9.384699677602134,10.175006815711066,10.624012047685984,9.475371946450517,8.936385586709084,9.26375743385605,10.681160703354431,10.157937718112972,8.41988716330297,8.268537811004714,6.537032185513975
4.262856788721699,3.434547988686689,3.5828578666674633,3.6476741969145228,0.8663536022884232,0.37413845199916707,0.9079187442172516,3.7182519210480915,1.7078409246097954,2.172081263151504,3.6346075727113587,5.041088443698384,6.674513397902159,5.924447446888205,5.6893084165879415,6.049052159340996,5.975395464601049,8.877115243900944,7.376335048031236,9.066249036256895,10.053967612471364,11.04573596594906,11.03927505656901,8.470743587906163,9.190155943866342,9.544737983051075,9.07852973292756,8.703091826287073,8.142047004702098,10.108256560970084,9.60845442901997,7.409977750010903,7.367214188521154,6.2235562221736975
3.4654324058261157,2.0082889648688984,4.56630074615261,1.7798415846556002,-0.429496177422215,-1.3141853008775022,1.553968837104283,2.3860127268631817,1.9761928074258717,3.932317234711428,4.6506604415420085,5.97169265349596,6.6828372987517835,4.510546682981408,3.8390111160160107,4.984774090501611,8.220222966439753,7.404959705807675,6.218015042878295,8.58411344214176,9.460493131298271,10.89704308922565,9.910738125595296,7.9513721459713045,8.55437699219064,7.966671650437409,8.47194063435529,8.444441445553128,8.577112410489454,9.93580140282229,9.23733351456847,7.413006364646598,6.718825182047446,6.357434798676088
