script/wind450m.json
{"header": {"parameterCategory": 2, "parameterNumber": 3, "lo1": 3.000054539987559, "la1": 64.9999836372058, "dx": 0.5, "dy": 0.25, "nx": 34, "ny": 52, "refTime": "2026-05-29T21:00:00.000Z"}, "data":
[rows 24 to 47 of 52, columns 0 to 33 of 34]
-1.2317024221502033,-2.687194297863815,0.251109084483811,4.115887942692645,5.889986420002313,4.63006820484498,4.983900433987762,0.7359891333218133,-0.3993625876468173,-1.075367332120372,-2.8932489260349255,-3.7176227129466133,-4.999500516634855,-3.536961436072479,-1.8063125557746067,3.397532293290194,4.214139780631313,4.256429962475327,5.448603278523327,6.14923006061106,8.881075464754932,6.361116336351631,6.5688256861866305,5.927684008659171,2.670149576488484,3.504493031374774,3.569825908940096,7.542170942641597,7.320855427104918,5.853952638271106,5.828848800010222,4.155014692399401,2.430248003034205,-2.252325781816751
-1.566136547196837,-3.9818052961245782,-3.194691411240381,1.224138805179733,4.3916172064409045,4.2902241188347245,5.331780623360214,1.3463848626177926,-0.19048410343617117,-1.4095491831933935,-3.9284717399912417,-2.214507562085297,-3.2639835498664183,-3.1778638480557584,-1.273424594931408,0.708179121603511,3.41314898839229,2.5358455839537846,3.7021475229105683,5.264449383052621,7.4250416984172976,7.877037820078123,5.5113680061578965,4.481202357984619,2.5157086581055736,3.38687271695897,3.4103665050280423,6.7674600672623075,7.476429049337527,5.098940162323,5.083195417316124,4.035364687122062,2.7307346475137075,-2.973898034589685
-2.9427002508887656,-6.633469578337245,-3.1349197161882096,-1.6087267522760698,0.8954616994460743,1.8987078764206426,2.4879723127457236,1.4487381450198897,-1.1530791120050783,-2.1343792265268546,-2.9185409284596058,-3.722007899824818,-2.950859201600154,-2.2594806600965556,-0.89433517556003,0.212497158571236,1.4535920361727424,2.6716773192491376,1.252682407877845,4.7179017945852015,6.6282794689064115,7.553803307953344,6.693124523696614,5.509266177260278,3.663902336700971,2.264585516844065,3.5180655236123908,8.306477418077955,7.138827018553941,4.380106608954455,4.234041591484039,3.4444930169762684,2.607637386081881,-2.4772489669551234
-3.848503246095387,-6.835926594914675,-3.776900624877445,-2.517760061800456,0.5256234666810059,-0.6597499063986131,0.3077655011300194,0.6709750425602263,-0.37795594166726604,-2.519497654380643,-3.465411065147786,-3.1354433663070824,-3.5010003401066156,-2.8359947548812254,-1.1146238981727166,-0.009406780585725978,1.3842609281204987,2.062333263610413,0.14182741349488168,3.1783733875996174,4.949010547046066,5.812967991780568,6.687342017066165,5.880287621530767,4.915287116802274,3.8954367144936475,7.645981050425732,8.97811722262752,6.794053854516766,3.606678635162878,2.8193790213902328,3.9024322743603927,2.60285642824243,-1.5104898753660556
-6.694271068165252,-6.420710758105421,-5.277091536972668,-2.7499682819058346,-0.5494456651921414,-0.2576515341800941,0.5979776300675964,0.2917269951387402,-1.9567158293177602,-1.0602972682985279,-1.363897272138145,-1.9056427815669836,-1.2772620845374156,-1.0733173712442232,-0.6987165275497683,-0.35085966307026323,2.1136486988864127,0.9253386517837743,0.0004826156008996584,0.7963096679558356,2.9099780297254134,5.0589869028242855,5.858583136089452,5.126732785381127,3.7674462541888647,0.6343986817036259,0.4847483977970588,8.270749071373535,6.579295273151708,2.829281546831335,2.9169898395603577,3.315016158062162,2.789305723706171,0.9521986186413237
-6.825157634844938,-6.987902845665675,-5.229738096111836,-3.227578268305515,-0.6741386472256535,-0.2446980574209168,0.6743588535799558,0.8120856867151196,0.4363926812696263,-1.9476763497887875,-1.059730111281742,-1.7559217778253526,-1.5658073144821123,-1.1091065403095457,-1.2567403048230361,-0.2848788669870716,-0.25787237300202054,-0.7614663987907753,-1.5484211810177806,-1.3330031251961325,0.3806127089259707,4.277852970810167,6.101334343407043,3.760784678714642,2.8747917918784758,0.5481711751014816,-0.6216075816046844,7.485826786870475,3.1000807612431176,3.7123224518148885,4.254794537599629,1.820144122774021,2.261828651650835,0.3251303080002623
-5.716520689235346,-5.985298210886459,-4.571189757999036,-1.6429732063725322,0.40393509427849106,0.22759287416280236,-0.11713823949172053,-0.9197319200311169,0.06999319735057365,-1.0719320780764108,-1.2279932170536492,-0.5670893878476929,-1.962888708142294,-0.8079817392938407,-1.6847707994331407,-3.1622163289072294,-2.4949163788729303,-2.5812534466433164,-3.636900676381696,-2.8409331841354932,-2.1879905748360495,3.0965165501378342,5.50837113427876,2.2627971511847162,1.4381709617011933,1.069567630758194,0.4205267946123623,5.1784631804454895,2.753300285030722,3.542199817818609,3.5309690726310414,2.0606815985375997,1.780886730684512,-0.5997661312224986
-5.504482938595582,-5.741273854648696,-3.4364982656715246,-1.7881880857191927,-0.4547131218404928,-0.30436152763424423,-0.7724746320322058,-1.3633731438315135,-0.6158707170579453,-1.702999663180959,-0.6029755138823559,-0.49444164602781343,-1.2577208364101082,-1.7174112047089076,-2.6040786348375513,-3.6961179739195003,-2.570787315402282,-3.893946297143875,-5.147271578671379,-4.162877423572537,-4.243309073649075,1.5021791926581691,5.885719070863239,3.4092518897377904,0.8032620825579825,-0.4092489435176652,-0.9480553780715931,-2.089792532351823,4.171523034382967,1.6358659391322201,2.251622443993505,2.197092216800418,1.2401406463537237,-0.6264121893494892
-5.5034334926436035,-4.290047815262514,-3.1534576887255152,-2.4110633680019355,-1.0717193448455888,-1.001953108404696,-2.1281067548661317,-1.8584030924887134,-1.9215462043295681,-2.3423868015742957,-0.47834072359415203,-0.026522478902963165,-0.9443781018560868,-2.6329041225076173,-4.095154315531144,-4.466922817096138,-4.2774256765448815,-4.903896257912416,-5.374771251314748,-6.9548211787243455,-5.421403158644036,1.4420001794677775,4.406774585912794,1.4723086571862511,2.4775350835916377,0.5415123942966816,-1.347502727215166,-2.6628647920638366,-0.05045579346001577,0.123727740372576,2.4543099255491287,0.8834010395133208,1.1155224910607566,-0.3778742775656829
-3.981886829577714,-4.106376281038314,-2.510017006608855,-1.2238712459400345,-1.9641830333081687,-2.0154239076061655,-2.2713396713809173,-1.5505114943013507,-2.0590246641458227,-2.1063639313838287,-1.0218184162991668,-1.5365863363769394,-1.9378262570339624,-2.4574702303316553,-3.971275516853575,-4.5737904863390595,-5.775630626381734,-5.593555046730537,-5.863085134631623,-6.719188481555243,-6.653330225508693,0.7517030305042064,3.2848283727853023,2.397502022509838,-0.3537830155272309,0.4124261395043817,-2.2327634506460923,-2.0616577984696893,-5.017769370888945,-0.025683821548069682,-0.21836740980271294,0.2571435242751944,0.11846154709342531,-0.8060651480454615
-3.307661839820144,-3.8030903991092226,-1.7576624612312772,-2.58531336153158,-5.0413982469221885,-2.512033777499361,-1.0588242192799335,-1.4585787769485834,-2.4209056620578853,-1.3342099445253126,-1.8309341207514704,-2.1111251005605993,-2.726875394641888,-2.664692555149661,-5.49430444848152,-3.9875640158467793,-5.167223807521073,-6.20606953331472,-7.485549494143842,-6.488278368418721,-7.546785808969527,-0.7871199517409346,1.2483611616251995,1.023076627718021,-0.3610578711290234,-1.9956124304653045,-2.463943580967922,-3.977488393395445,-4.76781897742486,-6.1493450663832085,1.0828306688642724,-0.9879555657206595,-2.1242693082737074,-2.122522781870415
-1.0880890159376524,-3.286855510232899,-2.8380011426253287,-3.0249176020803143,-4.088197646261003,-3.90581635572248,-1.9351076074620823,-2.3517613547305944,-2.290967405584743,-0.5514356315438886,-2.3601922131625694,-2.6777712575750523,-3.5197131274832874,-4.158199931548885,-5.940126007417266,-3.0016169914198496,-2.486783521558433,-5.5662230763092415,-5.854931084382986,-5.6368647722912195,-6.038165663045247,-0.3753413766080525,-0.19536763271907534,0.15113767577304768,0.8579629700769047,-2.6335495060461267,-2.4044856702090844,-1.7104672197633697,-4.177409790221669,-5.3593340912032,-7.708655508374412,-0.9397576120102926,-3.407713011412439,-4.6806141447476035
-1.0249235143094793,-2.165207492884633,-4.174139115795305,-3.7520124265653045,-4.0687155706622535,-4.112313650334006,-3.6177783387414904,-3.15828515911915,-3.9667320055620334,-0.3994778351049071,-2.7687155779306623,-2.146145594506445,-3.4062162148677397,-5.633052397666485,-4.651733953834041,-3.2853439848238777,-4.993264432938312,-6.189548624705656,-5.104903376206667,-6.729751719980201,-3.1614392316231235,-2.0849918520831703,-1.369844316413661,-0.4511873035941337,-1.6693265387568172,-2.916020123084178,-3.437871815691927,-3.1350855720859294,-2.461969086105652,-3.298209374850231,-7.197431956230739,-9.02895340629549,-3.8995688289923187,-2.745084267656072
-1.9610289286935068,-4.083503073285757,-4.990279194663059,-3.823743903955201,-3.775765357338666,-5.061509605556601,-4.068095555272377,-4.3809623717025525,-2.743203260098898,-0.47418976625228443,-1.52156635344957,-1.8662695117704031,-4.431481427697772,-4.347969175377198,-5.325204239099825,-6.184816737647015,-4.444197615554823,-4.472207886328013,-5.381797450068688,-4.377100781474547,-2.880960530387201,-0.9191843620573169,-0.5504395570500251,-1.3880598270584383,-1.6764525098457852,-1.9601810790971945,-2.6246357930274806,-5.02929325439855,-4.22823887730928,-2.935287345997246,-4.628849003505743,-6.847048981785645,-10.120468421906144,-5.530871085348453
-3.1129434651555816,-4.038189864183751,-3.0990709164839343,-4.654917080373688,-4.1647980630086945,-5.004545154916293,-4.031618036439902,-4.301914505402807,-3.106540288702461,-2.0053958167227517,-1.8104817289818005,-3.4111269546809253,-4.707866845786005,-4.8033695456342,-4.636686073300394,-4.913757459565042,-4.76914952280731,-4.762246031524329,-3.6957651507637865,-3.7102571772590482,-2.8935751256690985,-0.11315681087737818,1.839519673767945,2.9693154207731927,0.9426639201528811,-1.6334585838680071,-4.027228687528061,-4.088195181867959,-5.991983098003893,-3.57153906052931,-5.0712976802975325,-7.377588590227176,-9.552842193205027,-11.275435155295622
-4.636791044010505,-5.122832448003329,-3.784746630430217,-4.018612009494585,-4.787808182089113,-3.539236910398408,-3.8704375291341626,-4.495073745741357,-3.6341325016178634,-3.0823785988391355,-2.4154139602341878,-5.325776303380895,-4.795121772096905,-6.088931513135672,-6.069687353450029,-6.272839826654524,-5.4603603083882915,-5.221922693421872,-3.951910623714351,-3.8837197601607345,-1.667310901839939,0.4955615612642949,0.8813627326109434,2.7248940821272543,0.6818748194462386,-1.0118900656579066,-4.706958065177878,-4.301160145184461,-5.609157892465688,-4.619931707622584,-4.906194105067987,-6.911207563475888,-8.806600924912605,-10.868850250713358
-4.238935109262406,-3.76179554830302,-4.826877542784252,-4.919700360479687,-4.181292755584626,-2.8813771359327025,-3.779531916761239,-4.969607744178254,-4.393641754991266,-4.749394718672316,-3.446055484460407,-4.886121530703179,-4.094066867270772,-6.078384853311461,-6.785311956265611,-4.415589441242663,-5.10917785015734,-4.633421822017421,-3.8780654411599733,1.1535289607518788,-0.2024132174941062,3.090537563071762,1.9868265391277014,3.2681879410989665,1.5700784450088905,-1.1921511817305608,-3.3510002358953326,-6.887867388254721,-5.624911173347744,-5.540772829277642,-5.6472947182599444,-6.1320837392018985,-7.283943183528871,-9.461260527838629
-5.303451785712821,-4.889897667736529,-5.516642082986272,-5.359213325667904,-3.516424762481522,-2.7016557303986524,-4.530081116320067,-4.882791212715012,-5.23861010931366,-5.206462223665989,-3.3445966386423156,-3.9147523339682633,-2.587890730817025,-4.25300781297367,-4.910391366611066,-5.1795398326293,-5.603148061254193,-4.640348855331879,1.0974152762820857,0.8818394065464348,2.652153405334167,2.658245644472989,2.7596332885079895,2.35171894175751,1.3181020601516549,-0.9539369252023812,-3.189367030993007,-4.635655794389252,-5.553535986702398,-8.412944336472293,-6.586567579276295,-5.950661152023465,-7.714352005485534,-9.01161919876291
-4.866079726810924,-5.038546215153574,-4.730068793077985,-4.773902189969716,-3.6859565533792247,-4.064835178659689,-4.561955823540589,-5.286360853013926,-5.668013183409798,-6.16290665526039,-4.09575396958493,-3.726813500852189,-3.5924050183480944,-3.7323981789692624,-4.83304976645359,-5.564826145028595,-5.387947663117437,-1.4740433923314589,-1.964657058356426,2.623569248752672,3.0341230338747973,3.407394898361011,3.6111644254082242,2.2883066498213154,0.9873581559212358,-1.346217776915796,-2.321553097701657,-1.4333714861734717,-4.020630559773972,-8.2143490416479,-8.40345706469084,-6.579838550954283,-8.971968677510194,-10.404242649237082
-4.731395119691914,-4.42789443136585,-4.524665407343047,-3.9669674589916113,-4.906577876845631,-4.991961431153943,-5.571042456153591,-5.398966670424738,-5.2610189500021,-3.5710794685211456,-3.226148580332333,-5.272503188744993,-6.55574567344853,-5.418190046966096,-5.723736554664258,-3.778163418436871,-3.812043565248423,-3.681440508336521,0.07272983522399644,3.2547448770184513,3.652879400209913,4.201729011255226,4.1016340061137635,3.7582008715591875,2.268508685719845,-0.3598070173618996,-0.9402395788358018,-3.3974783051159383,-4.049997792188789,-5.413782017864762,-6.694959024705405,-7.9429517602863156,-8.10059447392617,-9.539494094088479
-3.2977560795611502,-3.5328665490644897,-3.5361257887073214,-4.503633744917656,-4.336870674762516,-3.5932565677700135,-5.047326109282732,-5.906588662665829,-5.63160188463689,-2.899099619512623,-3.4122841443458736,-3.5341553744221677,-3.8031416728727256,-5.633073234111638,-5.456635303430405,-7.356597598957479,-5.933737103819242,-0.5126725926632235,1.216930968447034,3.640407310493518,3.5007010596366355,4.0138403752384155,5.496966271670716,3.2247623032398547,1.4719748117100269,0.48117527951837025,-2.257102767638898,-3.6190949770775185,-5.745887882963016,-7.489484316522241,-7.046793805405327,-8.304130634701623,-8.554645421094365,-6.952322075488886
-2.1015280482014544,-3.278010431598424,-5.682975282625974,-4.949740778554863,-3.5688006942661517,-4.021651211594498,-5.532719368141922,-5.029854931403206,-4.980381809645525,-4.608129646862896,-2.269810796589626,-2.5043696892701472,-4.415314404329968,-6.247631683134115,-6.608080149631829,-7.007405617454903,-2.6708760566399135,2.661313673296121,2.8593528298598208,3.911339078282351,4.364614074782152,5.40789706608477,5.5609399917842515,4.037637178762707,1.0086828049418863,0.3567501472198846,-3.1358549835062735,-6.79804112023813,-3.0827989242691043,-5.569298498493672,-5.619302859113965,-8.818981292292658,-8.221762247975345,-8.112298371042566
-2.2236139929435357,-3.6111807490162695,-4.666850275771366,-5.890867615467639,-5.196403156961679,-5.85961679108937,-5.455194752956824,-4.5269336358823935,-5.373092922218149,-3.2239887070795716,-2.3509530442982864,-2.867817109520309,-5.340506092452734,-3.1926874714375195,-7.398065520937676,-3.2793851684223005,2.917342442015964,4.639175994777925,3.421954176690413,4.182976052856747,4.507139839517373,5.168678485319473,4.650293080145302,3.9888252677126945,2.2274092144893194,-1.0763574498744821,-1.1761403083183901,-7.196945074304648,-1.537089702719883,-4.430077431630693,-5.151692071910139,-8.432821260695459,-8.383142009730763,-4.8063966906936795
-2.96022906428202,-3.702608885631229,-5.730074161092258,-5.681028092706759,-6.7899880246048605,-6.883898206946684,-5.932770674156459,-4.9957031875003945,-5.021069267462398,-3.6282012913838093,-1.452873100923346,-4.954872630877573,-5.462520125148352,-2.12756219167748,-0.10154321126104339,-0.48611914723511684,5.907102259233221,5.303076137795657,4.305333620970717,4.251813335129098,4.165208602272139,5.2338403018729,4.287450923275611,4.309305281371886,2.763660633748724,-0.7515470620808937,-5.106523552025845,-6.74781669997033,-1.5436452264992029,-3.436262007834339,-4.846293407320606,-7.31612245886905,-9.457827595659523,-6.958299784563306
