script/wind50m.json
{"header": {"parameterCategory": 2, "parameterNumber": 3, "lo1": 3.000054539987559, "la1": 64.9999836372058, "dx": 0.5, "dy": 0.25, "nx": 34, "ny": 52, "refTime": "2025-12-15T07:00:00.000Z"}, "data":
[rows 25 to 49 of 52, columns 0 to 33 of 34]
-1.0481944969363364,-1.5103605687465984,1.1505825238731877,5.984247357127552,7.470408604704714,8.413590420819377,6.429000626409585,5.811606220065102,6.341796152570795,4.405761327223057,5.313471721907267,3.9462875633628576,4.663306050917521,12.261835622052796,13.137085548885432,13.184450108005034,12.21800281122872,8.035265951790175,7.250183785640629,7.289145612444983,11.524725042111543,11.048422702623183,6.406721825676268,5.606704549168511,6.708788378943275,4.260759631656026,3.7404352571608412,2.9353631411324526,2.9863872059033003,4.218753003013594,8.920893234167188,8.820467037698213,9.249559449157802,8.795174449110561
-1.6957471602707814,0.025901878042625615,4.021418975733505,7.466080383181094,8.711600034390472,9.020400906945007,5.48801070076957,3.9751251343489216,4.078059932450726,4.1863116716831374,4.236040037531959,4.816046783296767,10.542933092807331,12.30213531372584,12.4084118446175,12.422205401394743,13.314553943564567,7.928474697030144,7.429740188522506,11.382803887695934,8.702892299371454,7.6890374441607765,5.14672176430834,6.273505845289157,6.032642942029185,3.380891794851789,2.9912078191625535,2.8017514505043324,3.261911430845185,7.51288736328014,8.195215189105712,9.273857734120261,9.026711948382395,7.651709912696125
-1.0251460142544,5.635490197303939,7.535659921452928,8.58595243897769,9.035883295348716,9.152517628909647,8.692861452279066,5.3692274252442065,3.6772294636036253,3.7996655219686404,4.242601418793754,8.457473341358119,10.655433260678985,11.464378627473538,11.733823649664341,11.846408016212472,11.898984380074326,9.412931394432935,8.513303015343945,7.979533181162697,8.34913900289621,6.226085269986961,5.978450152629634,10.424542904734954,4.360674929535525,4.065295332676476,3.1886551726970818,2.7056451041532283,4.2592407085150565,7.981174935979154,8.821203059682981,9.3623817168347,8.954053714725472,7.598981780820896
6.2156251686254205,7.3407811680946455,8.613156151227379,9.033731175508906,9.586511426331379,9.641931924459168,9.555444196867672,9.31507075838641,7.83798949221979,6.609436534512313,9.24407254460893,10.605425863586978,10.883264407740747,11.197073587849976,11.806161763690415,13.286211468041499,11.21936542309741,11.983616491990873,8.683736949512044,8.106209038090114,7.569457742023016,7.346358836422145,5.734554205867988,5.779728159155993,5.124784477360924,3.515466985973519,3.324676678532708,3.3490038358600542,7.0788971628762996,8.834974546282771,9.656710699042776,9.471217885997634,6.274409860884449,5.231729705137452
7.734456020809359,9.049747658629146,9.440018291950082,10.030020048273693,10.136187467570638,10.035792435567384,10.309131153310789,10.170254542280798,10.439549614902052,10.6297190036917,11.28470285256381,11.439519506529486,11.750589144709812,12.198720949982526,12.391468595443577,8.251666386298705,10.378974628447711,12.567906371246348,10.115616139029266,7.651393289180329,7.83651445359374,6.736474690983079,6.171409592505264,5.5187537432348295,5.4411073221827,4.027411030919559,3.3289918483433087,3.446770875060943,7.159938901936911,9.845096086568383,8.807458933993246,5.745404193143253,3.887729000685261,5.344176828435559
8.936663651987784,9.5527351008515,10.325255552359868,10.180480729686762,10.11991794947755,10.440321332512136,10.759423654054478,11.27399873142061,11.468159130654751,11.66440236618506,12.29778244103219,12.71773116209587,13.647864769833587,12.170753797656593,9.129432026374557,7.787116277226404,11.495444901004387,12.53260982410247,8.2485213418688,7.5624940853695515,5.89652270882936,5.674251166801975,5.94499686920776,5.504354246598442,4.758819703237756,3.8452386124537647,3.3393136885317767,3.4129032887228945,8.156362803481619,8.133083331521815,8.113319853549058,4.34183639589391,3.858174848060706,5.721839133256229
10.484880593462057,10.634304691598881,10.406999825368208,10.430739545053749,10.47056089169042,10.753610692292424,10.98195747131499,11.32138107642744,11.462881457581293,11.81838872283049,12.626187127952605,13.012953237287412,12.063374490313386,11.476958433781965,8.620674573315945,6.813390625775338,9.195724902528866,11.602249194458182,12.028763329474732,7.54299146299311,6.3167460091533805,5.61351564245211,4.965165972658919,4.4096459318407115,4.500631626881594,2.9518147508874555,2.593715424291274,3.0622651294956817,4.279848658953249,7.60618281553273,7.859586898861778,3.4906761436970224,4.828994046533654,5.372108698502977
10.989435293994841,11.082644172491484,11.071527172374841,10.845455282711281,10.466443849985872,11.397206289886203,11.56511864477354,11.398334261331758,11.790600302885691,12.299006256796716,13.012020255362376,8.64855510415525,11.404671541235818,10.047275682394002,8.158996402941856,9.647501411968445,11.317744021601873,10.430323364072727,10.753499472499128,7.547942675947343,5.636569811916514,4.97687449950084,4.873784938168786,3.4832219774398108,3.310482345208,2.8074754414493404,2.7052735552834117,3.7813736024393885,6.782282882186045,7.831148027247391,7.349103375578523,5.266466483140992,5.45520046584623,5.083667530613985
11.001676459040489,11.12392440744479,10.68193385340835,11.026198717440328,11.535091422447882,11.804565378588507,11.758862670635624,11.99612090750313,12.136238484024094,12.77762752765947,13.069725583449697,11.192349991713751,10.520055544695728,8.674816824208516,7.922686831393374,10.210396870512902,9.655719364858058,10.143204217595372,11.136801062857417,9.59736455711843,5.957235372888943,4.4895718378580725,3.4915539694482596,2.9256135308707965,2.650243158925407,2.465965850942348,2.6494764041709797,5.710627078065512,7.60686643213048,8.380257161406016,7.070574691880817,6.406736195610168,5.165370415622769,4.990071065377185
11.738716311492372,11.513917995597582,11.465169430074141,11.486690161086626,11.614787039601122,11.866414911588366,12.078050737977625,12.420052030784316,12.762479977971651,12.785996343195906,13.088449112175306,10.5541400943019,9.12476039861495,8.26221998941153,7.75555227740087,7.799242757213281,9.079700182228843,11.643884185258509,11.771748001138205,9.713930887411133,4.608719426419227,3.040378157601279,3.316155558426774,2.9585907544049452,2.6839400900329826,2.696509946656161,2.828924929285202,4.8539449783472675,7.314130430995945,7.087050876184282,6.694930286573544,6.279301457854288,5.681273803492759,5.032464903189174
12.46459545529732,12.598754331725067,12.580274130340925,12.331071648158197,12.163886741871663,12.165248423037486,12.721476539384595,12.968766028989053,12.955351550607402,13.330846127855057,13.441232125223335,9.567674911323845,9.519249769067724,8.159590519406803,8.284543335045884,7.968083631464889,11.401929064533663,11.301487250960376,10.900116792317863,7.913031741570316,4.874222225090129,3.500466568188406,2.7367690573579417,2.6468272659575054,2.87832649369973,3.0381420344772243,3.6322071632423003,5.4412368037339345,7.209563722419775,7.114964189630765,6.497224455601736,6.0408887532354125,5.280938448357804,4.728123661996238
13.222351359021424,13.020642459074647,12.97196674768573,12.95814023643866,12.57719929363287,12.787543286741649,13.131983298255921,13.251105556675522,13.596992462535571,13.351140809051932,13.586604605693738,9.967632195593296,7.735644970213012,7.527090566345401,7.354827146699229,10.223881946233709,11.247205654786342,10.726387612713836,6.342453685429762,5.3685276724773265,5.294052960997005,4.299763487560723,2.6591372769245005,3.680975388078507,4.645084516525786,4.646415961428349,5.06553068331562,5.558244141045177,6.344814904372562,7.491076605768696,7.091522451022208,6.214075782604189,5.075975008836746,4.336210557623784
13.431858334224598,13.336894453746371,13.285881731674321,12.963734978649544,12.833803173673086,12.751351752440483,13.36464276900115,13.59592081145017,13.047870771006592,13.175320635778094,12.931830759069637,9.363851448928443,9.03787550202511,7.516300902076091,7.434970992612913,8.826714638088042,10.086623623394798,7.310969729069059,6.141621423030193,4.951672782233273,6.102449383481424,5.593912616109122,3.6631352884558135,4.070648914780467,5.345700565854071,6.349014997622776,5.081366944032009,5.924832584876124,6.770389878024457,6.440739031525798,6.283504077628597,5.366820131383944,4.585497498265341,4.315416472258089
13.448947754579638,13.46983294730915,13.423417418706594,13.22829323093004,13.340117157510466,14.064614696823861,14.1535143120627,13.861222588102423,12.838395795187244,13.033404872486763,12.210590532420001,10.074605339212988,8.586924136115591,7.099247432702586,7.475975633051168,8.608855969531666,8.464428579784427,6.060342714955806,5.568508479670561,6.6358469149703305,6.520282338288989,4.790095786781306,5.197211590777986,5.211927845492967,5.596669263112506,6.945241830276025,5.870242971229749,6.1326331017718365,6.742332588747031,6.497237240806038,6.123401957224227,5.440620977146123,4.633095584244168,4.340325737617472
13.685071881238374,13.81133896807248,13.968936894675982,13.913093961875607,14.614937543486118,14.296183656492486,13.379093505381269,13.060743832208559,14.025517771885031,13.781903690766713,13.262287414680877,11.566935990756303,8.001322063915115,7.04720590621181,7.658668348908675,7.255386359875056,8.626968433344983,6.799460024624275,5.8486570379928295,8.251883048790024,7.311418230086231,6.196089646117622,7.044522610904579,8.801823865854644,5.129249030506446,5.569768928687386,6.6558592038333915,6.088023702841635,7.212010812556948,6.58588250017202,5.231903772272089,4.929070997740033,5.167034798437176,5.530221934069041
13.830593224480738,14.91568818266611,15.165688769942317,15.144397158660968,15.27876360715648,12.506579855291154,11.939301532554062,13.956641279399966,13.83463408249116,13.424084402883985,12.897639139387492,12.705687742365152,8.318169078234583,7.971316945142025,6.337102291364977,7.011297187247047,9.710470475974024,7.311379177580003,6.489453703730677,6.948377456197886,7.853871084740342,6.909887502224527,7.664832598972379,8.10972635182912,6.717149235788407,6.302444161891489,7.09041878026472,6.2435685941936665,7.91601675905251,7.930101136765274,6.963998222423956,5.456668514287385,5.437129535198684,4.883198700985036
14.585085782716591,15.453451090255715,15.340063962082203,14.532221713768397,13.624429765797764,13.002632437702722,14.306876010997373,13.752624383200823,13.487159261473417,13.46480210044316,12.713841631766844,9.770919885342506,6.7013631825896685,6.62076092942595,6.57773216047601,8.149043530121133,8.128172861624858,6.971164165700531,7.758659856621589,9.28321508918888,7.840901801695022,6.429691102551954,8.925966593893964,9.075206381669323,9.044889074807054,8.870460411338422,8.561111455809105,7.536885942747618,8.518704968486489,5.785889822520513,4.546696694283646,4.164838540639206,4.707269346340574,5.737327132254707
15.308160640363857,15.090076144054567,13.865049106949542,14.447923885993442,13.108069569672418,14.861417840180446,14.925433745899763,14.505708643141288,13.86914925175802,12.79959542284757,11.703937099111576,9.996790505338224,8.233259106314094,6.362307692268428,6.596339111080716,7.261205127810644,6.491418280883308,9.013165920494837,9.079523515745699,8.203410002046432,6.71669669863013,5.4806654873050205,8.070156414707007,9.831700963776926,9.490809128120922,9.729407012662055,8.808073616006682,6.0350759053497764,5.60345023219279,5.737483260982677,4.075770006903053,3.0683304768462953,5.293172273195145,5.917662555048293
15.767859039061408,14.487128153231875,14.196672894664117,14.352336484502805,15.048675440207964,14.918252252025386,14.148664767134045,12.964087583206222,12.52116481805515,11.660743133704196,10.494464126232742,9.159871250169227,7.440193780105442,5.6292903395088265,5.524045218784191,5.6734650490432825,5.348314357099197,9.42365616530233,7.3422109193765035,5.360681974418345,4.875608342318427,6.853419058424536,8.295420437299281,10.26781349658537,9.963944200518647,9.149065158332228,6.602199717363458,5.389261050424137,4.3101933668254375,3.99194883159103,4.139921348513116,3.467402935145897,4.787192641395715,5.268218986765813
14.498584361078667,13.184673041882373,13.215331490538379,13.359364436184181,14.596889111556154,14.058936014023582,13.288744586390465,11.035995922182368,9.48303453034778,9.328488987431813,8.597721605063999,8.23840772111216,5.6655618054088,4.504077738586936,5.004681887902418,5.563006706094584,6.644651565957907,7.405702498942971,6.435210957546599,5.204404449823075,5.245546383961349,5.89595535270692,5.719654324860609,7.723336597507356,5.786412038985342,5.981775290803739,6.053224475981574,4.200852540669131,3.533998685590922,3.2267170706269277,3.256790248996488,3.8500542749684885,4.773480663368952,4.677387934962208
14.713678182363296,14.00402328234667,12.744624079667497,13.35960860571418,13.844430120217577,12.653546167939322,11.305286496736443,10.28186207047096,9.399343998416356,8.1993300033702,7.322842331446717,7.62622479144555,5.299883466609111,5.467031070429427,4.588817527890911,4.706807993231229,6.092594189117973,5.7930688960773535,6.026725356965191,5.012923546206131,5.58323868000364,4.807602761680411,5.513114461506506,8.240067511028686,5.005135179745453,5.460695510550313,5.199028284477287,2.817847464513946,3.156882916782492,2.7684157890525536,3.290318340699799,3.62253688586437,4.21665755389352,4.0119975325909065
14.331659849090267,13.029588840327634,13.155113605879157,13.215719367043457,12.486562189693508,11.735084620453136,10.535619944420198,9.427654233086265,9.698667561846072,6.904146124110675,6.477305055256951,6.784382258592775,5.169379840938144,4.781584806677726,3.8212075406466424,4.445682159076457,4.927646469027321,4.654072515838793,5.814959884543997,4.834822097052139,5.942850872666659,6.878825407211497,6.559963912591758,5.326969025180485,5.911166327268098,4.565871912340997,2.7713645535888465,3.1543086895712156,3.411646327180841,3.773021997101709,3.395752141425526,3.4996601473542333,3.625082864099263,3.125379908221565
12.855721562191459,13.295576737733528,13.101765047100294,13.140772246276192,10.866700832398573,10.331493334226174,8.291036317751622,7.3274272924586885,7.016016200790501,6.489961922608806,5.791857233037504,6.053690707780627,5.9882766609707545,5.720427834040628,5.344839363087209,5.0340475188617955,4.111412464031295,4.351362096565514,4.941469739104822,5.271517951150596,4.8399937146539065,5.126111844893932,5.734273127759283,3.7381467053294335,4.294506965114243,3.0099636170421227,2.971721345246547,3.4874050407280643,3.5391457276783482,3.759626245456455,2.917466255847621,4.18467374100209,3.7654748323643354,3.1741852439251534
13.59397113755417,13.352597213288522,13.01101308849422,12.74786904259477,9.358080490863275,8.363693220167935,6.497813700226713,6.481537677868822,6.450318911547214,5.781630081148956,5.740833849311234,5.482380267048193,5.7065685591292254,6.040763505555156,4.067930443359539,4.07729214473311,3.870163244132632,4.004041139072493,4.5267986425075035,4.05634245759873,4.709936499295543,4.284380548929546,5.666484197231529,4.279002258679152,4.371936372638651,3.857745983758614,3.1910901743609754,3.4431996067831476,3.6805221265985426,3.2110691655305037,2.4947147466655117,2.5180876988484013,3.3612099930037758,2.945283275692153
13.282606308460128,12.982177683126688,12.601407128063487,11.147377746381505,7.05151555402245,8.90508927355866,5.5788728841845545,5.583261903468097,6.49980445395503,5.456151894189654,6.392498488613322,6.335420644820144,5.020638805939287,3.3538399897414575,4.66167592621299,6.272054426595498,6.085991172628928,5.336679753911513,5.728122371123697,4.839101689624054,5.374955644034882,4.6179782189502365,3.761734862757046,4.963920661556128,4.773689812537368,4.026812160196609,3.223597246337947,2.8732666746692255,3.6099213873100653,3.142962245794368,2.6028308368083195,3.1671712439461674,2.3565698345537216,2.445729213677113
