script/wind100m.json
{"header": {"parameterCategory": 2, "parameterNumber": 2, "lo1": 3.000054539987559, "la1": 64.9999836372058, "dx": 0.5, "dy": 0.25, "nx": 34, "ny": 52, "refTime": "2026-02-12T22:00:00.000Z"}, "data":
[rows 0 to 23 of 52, columns 0 to 33 of 34]
-9.18042978003482,-10.554144088032944,-9.831702153710706,-10.740475173819622,-13.216692977301822,-6.268287621760284,-10.874616791260504,-10.638491481685824,-9.906100614515873,-8.522983484664769,-8.196479132626926,-6.865989857976442,-5.83964082568796,-5.10557151225796,-5.283238500773768,-5.394381150817695,-4.095269345330966,-3.536885347131306,-6.789150295166299,-0.6615291163913433,-0.3945918646755915,0.257400782160754,-3.6926199621504034,-0.5433022149063059,-0.8516845362602614,0.6268673970726308,0.01648511152465398,4.856292467143445,3.297326309608259,0.8222417738164326,0.38607900898706504,1.198399377843492,3.205203692230778,4.503644096025648
-7.77477379302552,-7.5878786370798625,-4.656409340567947,-8.84509058902201,-3.240055627446463,-3.2445275510131584,-3.1398224906074934,1.7661069257890545,-5.290976789458394,-10.783233661688776,-10.011303124352033,-8.451952334521716,-5.825152368946669,-4.363199388514634,-3.1714064402025794,-3.8111091042185214,-6.510784668152189,-4.179564475386902,-5.4915738180599,-3.2068071291984492,-5.612708375584814,-3.8114628396342223,0.012975599602196906,-2.046905767789091,-1.5874893169509956,-0.5390747344137415,1.2081060349925155,-1.0956703356076472,3.44885096316148,8.128455440071637,4.36168775387426,4.145585481361305,2.46564555984392,5.452417036972747
-5.253661584746531,-4.051124597404256,-3.936955391816046,-2.3523554019964483,-1.2027700217006663,-1.9184393291708708,-0.8459369848173569,-0.3363369549430821,0.07686102694268097,1.4958675179858354,1.2341640571764216,-8.328932909868463,-6.675466547084252,-3.217268097005571,-1.4749634281978004,-2.693826191424699,-5.568852553759073,-10.516595371485028,-7.128019037267395,-6.111550419888611,-5.178138951037759,-1.171096134188282,-6.3883929974949165,-1.50740922812961,-1.790774208494,-1.9372400686933824,-1.2071158469365106,3.967141253947063,2.0994867906597827,4.726757965376855,6.936869875707755,6.603306514998843,4.007802320832426,4.435512820025974
-6.101397391985135,-5.183620587727674,-2.56563354761589,-1.4332329079238633,0.32613028928025484,1.274131248509763,2.1641768527597187,-0.9324323739615432,2.830838496017252,3.779878377744193,0.9456949964861431,3.650400687877426,-2.726498942548638,-3.770669403003893,-0.9969811611549878,-0.7463005365973393,-4.522302853036173,-5.181772403734216,-2.928522951972845,-1.673681417957526,0.22552330421219338,-5.318980138282625,-2.3751283988765497,0.8066899456625115,-2.7153301095828875,-2.9684102147316382,1.4236347048687403,0.6886651254462997,1.5795983992430314,2.044214864092492,1.6240191247802553,5.357116840991785,5.473587524223222,4.778143976068374
-3.1432603780173247,-2.5431693205168058,-0.9901809435298059,3.069767435932773,0.35533576937674016,0.4423301158194083,2.3962424812866496,2.090559213984301,2.6593875369315167,4.265207248441823,0.42973847991482583,2.959662523539729,0.8447578281598727,-2.7330779125652302,-7.450639140926639,-3.818983935973805,-0.2261484579179046,-3.450524694070667,-1.927117565490737,0.08902738375885036,0.1051520021299915,2.7128184228787324,-1.8834334309491751,-0.40209795358061673,0.8400950473888094,0.1990034859369087,0.030147929857988077,-1.9094197394869246,2.250094743135226,2.2046888132133047,2.948016266964507,4.511916886823904,6.302349842211452,4.90319755182622
-2.6687677748976033,-3.1797336774159635,-1.4516770412169209,4.091133597417164,-1.9375554469755556,2.051148286954967,-1.395531200380693,-0.13104622397623342,2.366343055379068,4.4212345236372075,4.029472757584011,5.6423312635994245,1.9778478741997574,-6.123799831940448,-2.122664714742786,-2.753902083825761,-0.7378917677414187,-3.713105931306381,0.5512570281478456,-3.543445649652511,-3.7711202468534335,-3.149946466087661,1.1477534104267026,-1.0233437807002899,-1.2171631523424182,-0.08877993976860363,-0.5984653426788317,-0.6032835429828073,-0.5445268407337659,1.4559124839923134,2.657288767395471,2.437648022523363,2.928960624493311,3.384662372487851
-8.752220046319037,-0.33962552732634077,-1.2421915549664715,-0.031235149518268952,2.437286787346311,2.0545347406549164,0.1529868656391514,-0.46053537015694845,4.113158992610362,6.540890220930544,3.4054971285028297,4.9216488818831925,-0.5065040581471206,-1.4652397231561547,-1.9925582683845537,-1.9113069508802831,-1.016021637399777,-1.962979610656737,1.8815102998597688,2.428625832846175,-0.9979051740710383,-1.5083162578243685,-2.3612152176414414,-1.2795540418485694,0.8161897159803485,-0.8762074227144985,2.7063989954736534,-0.9575470482403083,-0.17807267914223937,1.5297756257319857,0.7523390189384042,2.840941515818879,2.4688703898297533,1.8476494542289499
-1.530580999640615,-3.142379203364311,2.1975134969908536,-0.12311761976326328,0.6195553599477694,0.3315772335644415,2.0318827909676473,4.928789119648825,5.210602138268229,2.3146785556146696,3.1005465999477417,-2.654703036884521,1.7825208346896293,2.3695846651328516,-3.2374278820900306,-1.443729364261938,-1.9495389329078263,0.8715550276765455,4.584600237450632,-0.462523536007591,0.17244359371538348,2.6726368957763014,-0.8363000373177286,-0.8557680054094461,0.8814189889823716,-0.402088856496637,-0.011667488022353399,4.195848172255168,-0.3170688004614629,-0.5096930950540984,1.6187161465391666,1.0963708171989113,1.2593216081575145,0.3992708601925838
-1.373595554117395,-1.7416552224544137,2.281762202431255,3.220532517349219,2.3366899946971142,6.492402304064605,1.4602847129080658,3.693498010912157,0.5521933557921339,0.7080941881368056,-2.6418610892411776,-1.1247229996010637,-0.7702753099111199,-0.2974499351887751,0.8663089441449989,-3.073411073473326,-6.640368486392847,5.119951356070136,-0.45731859732907626,2.0082891068042574,5.478856368872356,7.39818087503667,5.616948327602591,0.9277540300211149,1.8873997904953421,1.768663986201127,1.6196142507566877,0.2219673769324739,0.8899731099001189,-0.21353272535190776,-0.6798614853862393,0.5495116923393835,-0.10863465760080585,0.2082958878645969
-1.1855451676224669,-1.5585427991693945,0.8822933311471872,4.1928846050633135,6.167441927476473,3.998958790547345,2.5662256811324404,1.0709189411660514,-4.167368043285118,-1.1618056506897834,-2.31801406870314,-0.5266640094248564,0.09310148048274626,2.8523383409259186,-7.297604901900749,0.4967195544577251,2.416873057915919,-1.6002619007728773,0.3617522196025693,1.686606027215172,5.5151732727214355,1.5212733050119884,6.211491237193606,3.0727669115687304,1.237089438103606,2.0531820596235213,2.095175381307474,1.0741677114020836,-0.6850747516681128,-0.2431437862809908,0.4665328366929217,-0.9208705113640843,-0.7152494774311939,-0.7975687809956168
2.0174742202246465,0.03988053523296661,2.24950332970255,4.286407022332482,5.275326001005699,3.49484789700273,-0.02909085606993909,-2.2407463202249556,1.4769809069509727,2.2946018048868404,2.3945282507107946,-4.803022221153525,1.8098318041787034,4.306876607664757,0.8403865211205959,-3.82638175654443,3.5736432037684307,-1.3093542441549575,-0.06100181623577614,1.3132347177358,4.893406011345785,-0.1931525464790932,6.8651130089416235,0.18326010919710312,0.7562248437780076,0.6972088990266856,-0.6380411979783176,-0.28641127248384973,-1.176699397100165,-1.8258371967236282,-1.3871390921811158,-1.7164484868027006,-1.5398973428077427,-2.573440412132654
-0.44584114988252743,-1.8476015381088329,2.0206814126737527,1.9806344919780896,2.274763451272003,-1.4445880076310447,-4.870545978132198,-3.135634660764993,-0.7999894191905664,0.5855584235174353,-2.6704040352288807,-0.06687399419729845,0.6391674747352571,1.2855911377033153,2.574946651656895,-0.1643395093901016,-1.293965937829411,3.3069261650969333,1.0668440886719674,1.7609855750202126,4.263009230734996,2.7219604094494128,0.7173560800780039,3.210433575593876,0.36576105459808167,-1.3566902990633536,-1.44085965497922,-1.464673131980346,-0.7326052995892154,-0.1382429791372241,-3.1273005327550862,-2.7204471453471437,-2.5583065461793884,-3.961011594284586
0.9628083315679675,-1.1274927286345362,-0.9104789374736084,0.13118233013263003,0.28195042076908805,-1.8176945015108859,0.6929408512433302,-0.6311099858460545,-1.4948271138687688,-4.53987776836481,-3.30277760789752,-0.26023650896697537,1.570784104057725,2.497602451363027,-0.7723524654674259,2.0345023490153613,-0.37128014779985935,4.5964214159958905,0.4696316390972393,0.5364899499521072,0.5499078864164378,3.1318825810814346,1.1582172821255587,-0.37651007100885125,-1.0687127685121023,-1.8004209901460035,-1.300504784763344,-2.574416299327457,-0.6671170155523276,-0.81050894718028,-2.783721633308515,-3.155698256872308,-3.867787037429627,-4.604451111459899
0.731490948217278,-1.6674308429496618,-3.6810840062244456,-3.215114003747535,-2.744623753924964,-2.308534167237174,2.741495606234581,0.5183503694509007,0.07211099685729262,2.230982099232043,1.9715320914676404,1.9394376474292758,-1.9298437945972042,-2.29436586280841,-0.26915713227630217,1.7146167516611734,0.20003035348924675,-0.03453441472365547,-0.29276118332051176,0.7529719124654238,-1.0413385248147426,-0.04000674022464091,-0.11450802756987483,-0.6036661838485854,-1.459547200772581,-3.4249037627038637,-1.9230505148362653,-0.23651751507875776,-1.317447857733317,-3.632919281262062,-3.7689120288527493,-4.4220571562906015,-4.894685108716914,-5.392503065357196
0.4450300056448449,-3.332064887569803,-4.984692948904593,-4.29613168643434,-3.096048277536277,-6.840458631339879,0.6209344824728921,0.4799566107242611,-0.327885863720311,0.536179630933443,-2.0321842825978087,0.39266900910842384,-0.21926999639530156,0.397753454980268,-0.4660099276977725,1.2112014026600284,0.5113799943980925,-1.906020699850369,-1.3726783693367437,-1.0795756216879842,-0.5654382891311964,-2.898211814922419,-2.3987186533091744,-2.2894024643478974,-0.8228689723147181,-4.644176124246465,-6.053451462553464,-3.01174103931016,-0.16525962894240015,-4.518288679102351,-5.005544816761873,-5.53610870240017,-5.762718606571937,-5.851230942711172
-0.07824988863312873,-3.5710393310955184,-6.279594726679269,-5.00858299768346,-4.418613910628772,-4.741706315777882,-4.202000242970574,2.0112116238935527,0.1967625924947731,-1.311462607760015,-4.061054609150239,-0.5481788442477287,-0.8263255921398385,1.7283414539680633,-0.26041756117424,-0.11030551615573528,-0.46780934829223114,-2.291511009149503,-2.992228197948589,-2.045452377724627,-3.0544914869408006,-4.382307040236177,-1.5746600075880421,-1.360994548245957,-1.3815010221326403,-3.2901819625817983,-2.9126828959231252,0.3703492127224703,-0.28896983282916305,-5.366436223726648,-5.871126351959027,-6.575876988730965,-6.534540202097612,-6.378911265493297
3.5996478278541946,0.0046095188299026734,-0.36315028853624576,-6.311573764041416,-1.1419416408668015,-2.3828206998684838,-3.574336510680375,-2.599445882601853,-0.3962919563504889,-0.5346524932364255,-2.2553107722117463,0.4882026449764849,-1.4648297019464014,-0.0557754551949475,1.5706120018510088,-1.3204812361016578,-4.223859717874074,-0.7000022958326194,-3.2371993859797197,-1.158803936778049,-4.162493275957822,-4.2649122804324255,-4.447237315509852,0.3323547926666425,-3.7729094068128792,-2.9892941926014234,-2.5963026745263775,-1.599344534603619,-0.285092292793709,-5.9985467060051105,-6.4970042361690075,-7.104893966257164,-7.442803201676076,-7.405310052935328
4.74884909801982,1.08730967551429,0.4946500089661412,-5.280304182620845,-5.240329953263628,-0.22309786891832026,-3.942907301130646,0.05061079024733336,-2.695159469268478,-1.6092677526165553,0.0038829597813027365,0.34592854949187735,-0.6333846124061718,-0.5136769748820625,-1.5247629897180122,-2.4508472279396045,-3.927683870569826,-2.514814589316041,-4.104599387151186,-5.008275158243718,-5.127197837579113,-2.93343312452816,-3.3891670778247414,-2.0595112755093954,-4.684155178238341,-3.6571776642583855,-3.3175690099208457,-0.8440852241781688,-4.217372193920834,-6.5808275219761985,-7.124707319484456,-7.883830012162224,-8.366548946940572,-8.553128021112293
3.467434800622118,1.6578667650046375,-2.2466247935397963,-2.714424727675921,-3.470420797886934,-5.091168333462696,-4.154034603593334,-2.313097677342952,-7.369105982118617,-1.909791602476799,1.3480376760113602,0.16155458095456843,-2.3408001566210177,0.5012216609809861,0.5279104190089577,-4.2718810976780155,-2.6090113538501947,-4.473495875166715,0.03250564644821138,-3.7955591366356427,-2.6914842965650916,-6.2854645511131855,-4.5344025056584885,-4.6377383714298945,-2.105571737697117,-1.7266924829845935,-1.8156914541158813,-1.4035293455264701,-3.7376485414835563,-4.769298407953906,-6.944418920114113,-7.962146558526659,-8.523991983561855,-8.548191323430018
4.6661232767612155,3.6914962322240084,3.011673496207067,-3.3966275363614207,-2.8180613870663183,-6.083857949111973,-0.3787470149648113,-0.8130765825436218,-4.11446026757629,-2.44866143345026,-2.1361114370178464,-0.9348414726177975,-0.2177231512268072,-1.9236535590885653,-3.282113640955322,-5.3523379685486585,-2.772383793932395,-3.914114338884531,-1.2345875556616994,-3.7474708164674735,-2.6286526564367967,-4.3500227797936235,-6.447039802489145,-3.0915211175861725,-2.5059473490073376,-1.7566126652983718,-1.0124359673815069,-2.970950040517949,-3.5010534051304703,-4.5642277834585885,-4.840771913381067,-6.2336030855947255,-7.951811068315407,-4.895799372242638
2.7099753471947565,2.6913954747239046,-0.40762428908327764,-1.1880608665985484,-3.338280022254691,-3.6034895827907443,0.7444846325225585,-0.0639842922181669,-3.54102329605154,-1.0216528207194908,-2.2785257189248798,-2.9465584663011266,-2.808198765170081,-0.20768399750687958,-1.2793183125120495,-4.368992061833318,-3.294507921478704,-3.8760313250273364,-3.9989111095011123,-5.6054335326092595,-3.817375654223534,-2.834739777034997,-6.780115175231491,-4.103687759614939,-3.701238441608793,-3.332365503397081,-2.7943763486729436,-2.304125526274437,-2.612107340957607,-4.557477458454655,-5.2002826135804625,-4.885428960846732,-7.207965859718169,-6.85479147784005
2.555414040747693,5.043119566425162,-0.5919547058140893,-0.7182597267258465,-3.9286566110347865,-1.2540693282990865,-4.310788716858542,-5.4015560494445,-5.622158746857199,0.09793612272271172,-0.5901348550610382,-0.9519339113225539,0.7055416637064513,-0.858202987583585,-0.9830372745467331,-0.9876941230516948,-5.219847541253255,-5.219252995408549,-4.79687650584962,-2.820837302639901,-5.472436665955368,-4.262577042710252,-7.366326964571855,-5.2928794768168945,-5.3552607729548605,-4.547796960467157,-2.9401080996515354,-2.7591931537830336,-3.249488036879097,-4.938278772790921,-4.781498064716575,-5.407000775858895,-5.451865461208051,-7.602422061683165
1.4750477601113354,2.8212224456964874,-1.3122397262371521,-2.936641780248625,-2.9687311434346975,-4.205236480602795,-5.836433102455861,-5.615996569288823,-4.537681090254108,-7.235722337464639,-1.5356501939332456,-3.4956739320063868,-1.1211330502899255,-3.656637546022542,-2.9924387104309376,-4.2973904135414935,-6.33715916795099,-6.141064516312939,-6.075590786194904,-5.217948966198816,-5.835817253480997,-5.534394334997755,-8.092496384477803,-7.131096177441186,-5.236251508189798,-3.5756773536802675,-4.005667684804578,-4.108051539695289,-4.306957415975989,-4.491214937940835,-4.407445822659811,-3.545215492739884,-7.288559679501246,-7.6391349541948
5.477303106197591,5.966545811184204,0.5950443919496097,-2.686224337700998,-2.028303944476927,-0.941982760075928,-2.985108747612211,-4.59378538857466,-9.320741438171085,-4.367291055219935,-0.7964524351810497,-0.310767608573721,-1.6276695331842728,-2.8803077243995125,-4.093230755759614,-5.636986194545967,-5.088982816029027,-8.60344240313168,-6.7121738975619305,-6.429861512688568,-4.414626420819484,-7.295674166756939,-6.4027525055944,-5.915163716023212,-3.3958760941444033,-4.251118222418711,-3.811830434430402,-3.781995028214753,-4.017473042250669,-4.10658635155031,-3.351738196924225,-4.621618603477005,-7.5788125061027,-8.321792168101029
