script/wind10m.json
{"header": {"parameterCategory": 2, "parameterNumber": 2, "lo1": 6.000027932988019, "la1": 58.9999434238085, "dx": 0.5, "dy": 0.25, "nx": 22, "ny": 24, "refTime": "2024-08-03T03:00:00.000Z"}, "data":
[rows 0 to 23 of 24, columns 0 to 21 of 22]
-0.4067698594267138,-0.6097698500145862,2.293742630253856,1.6278258844293008,1.1415887473772663,0.2878335111518235,0.28625624327903587,0.7309350963897122,0.7202200415206012,0.8993940053054325,0.5430872343282546,-0.15307739136291615,1.441486567410427,1.7693066801804418,1.9278192857815275,3.545650678600841,-0.014091172027188925,1.842050436912778,0.8134114269524229,1.3697107629237142,1.0681995807356328,0.7601009614949548
-0.6342028178545168,-0.28404603814138796,-0.46586369858652354,-0.6893178976552098,2.0807667427560914,-0.37974792157262255,0.8794135487049397,1.2548519351547198,2.2911244587465105,1.5215672874751827,1.2884977148261347,0.378082401758075,1.2745667273042722,1.3207097308361604,3.7149162240557763,3.3890982484472203,1.6016923570021229,-0.35695590621332707,-0.7144365624831222,1.3085729811101092,0.9056516894034552,1.3912462619986035
-0.3139063191634673,-1.072865358142983,0.22724131067613626,1.0996066075379747,1.5982552057536914,1.5770818325577354,1.1983131608003386,3.6779839664154856,4.283320825172163,4.155876161284388,3.095557215005957,0.11599557852608991,1.274901997102948,3.5173899078082553,2.2570112790971866,0.8028045443256892,-0.17109647260100477,2.9900085279195157,-0.2164319819018695,2.0870625875448447,0.7310433716823551,-0.17386244975986725
1.33036065902747,1.2772835214732636,1.5739280540691656,1.513951305529293,1.3046273849621002,5.340321629987654,8.106643113841532,7.561863966578619,7.281186890176496,6.919403091356326,5.65990180643839,1.8319542463411713,1.4243632777287638,1.0684453187451244,1.9739895334056807,2.026221806405303,0.6921572373316055,3.619099074733484,1.058262362389802,-0.3933832572018496,0.06307157692843353,1.4752827851789792
2.493383418623536,3.3471574875533454,3.577671673857586,3.224780996916547,8.6505109693593,9.006841749213438,8.200816095914313,7.210947690078052,7.02476033670029,7.088297363340439,6.921465362501618,3.958993341882785,1.3477080621329862,1.1838247952077816,1.2268055112427665,1.2523233826183315,1.5677128613706042,-0.0397454749827928,1.8192096956712274,1.234552335785729,1.7870509422392005,1.1184314867264775
3.6098988822239138,4.188101174855933,4.530946249776116,6.472727192146437,7.454192216071147,7.28464404452166,7.320233839330924,6.805457976188687,6.033409224940981,6.154810933225403,6.1153364364513285,5.339008096272257,1.0684149934646896,1.4556305545457437,0.746879358738408,1.0078757508939817,1.613753948836754,0.27070802597235805,0.9517117414360932,1.7140631107197397,1.4571110986232243,1.2153641943961633
2.5533177217122938,4.7974125092050395,4.927749618845927,5.351460478387301,6.1501598336484635,6.725538772080811,6.50886417123796,5.000911761628159,2.5702379255891135,2.591792248520424,5.816197869081537,5.41935998408693,0.9802215882825228,0.9154945061648049,1.6558529427657047,1.0674259298922835,1.0110683483607836,-0.05431757578742084,1.4450917683585482,1.0372449486584132,1.3254453180444565,1.3057826185590333
2.5251765561620174,4.609306709838427,4.6591230977942795,4.847568896426709,5.388580363201269,5.405186481709391,5.493420376323333,5.500261492506381,1.566984824085353,0.8869988892395715,2.1207550355034233,4.866222655232442,3.2000829828108293,0.026120794972925965,1.1926893568557821,1.0039394608531982,0.9195958722784691,-0.2098382314370701,-0.5022995913844454,1.53238989435288,1.5690197644596378,1.311740502856463
2.764229051293671,3.564055936050362,4.403412031713087,4.221089818156443,4.764090230288059,2.0732201636782124,4.928913231369651,2.2577429659346477,1.1016446592932556,2.8799543747343446,5.223772644744952,4.662757838733028,3.2378513868744987,0.5044916469978755,1.2423836470386624,1.3796910552591661,1.2284543123134948,0.206846659219839,-1.2690781409435252,0.4662343214764074,0.9348967914483036,0.8839038545237742
2.629348097948423,2.665614123175482,3.9824647774492616,3.7824376136450293,4.556760858069435,2.484138114407634,2.2329608386933324,1.6375607800061904,1.300081918099734,1.7245571441256076,4.52015627231198,3.878622237676319,2.0206841732025547,2.0070815692600616,-0.3832083647710884,1.357978176386522,1.0341917097632105,0.7787717577161761,1.1089211721820709,0.2488992800973474,1.0946951456716378,0.8915245348548623
1.4172144096315369,3.2065959691012043,3.4450638297035625,3.26868017670109,3.6719407490087916,1.6918111961218796,1.2228876202503205,2.4469154883277566,1.9706330912639716,0.8081141438952957,3.157227659351989,3.4550128931787882,2.8375975513278067,1.9491187951765534,-0.7703633109165354,0.45065393585818014,1.0797838530936403,1.6115051377150007,0.789333780863427,0.7886193914450292,1.0706281367565504,2.3895788891641985
1.165556959398316,2.6753219398561496,3.7511650231270086,3.176610810006494,2.7742620475171185,0.6591267923855234,2.01293025275121,1.6728510896817983,1.6973609122727247,2.7724313341157356,3.0947723123296007,3.4340001127419106,4.073003124938107,-0.44717000192144285,-0.49597296958273746,0.9558645831356565,1.2025833896238245,1.9312140942309666,0.667044257194827,0.6524519391899116,1.5192217889052086,3.4262220848936824
1.0551852318899335,1.416420484694232,2.8281463560718474,2.3010711674792583,2.002295723627087,-0.690817469757804,1.1674648542593502,1.3214845966502113,1.882777288384843,3.8516913834110027,2.1545326219456378,3.1484233496209084,1.9074922399613832,1.9402609025419884,-0.1285568145713577,1.9753412137731672,1.5934385460611975,3.0974301913138866,3.787348441392522,4.104134218204706,3.655951862018383,5.953691431598904
0.19727489089232825,0.6211276067007953,1.7840162783800109,0.980305944666452,1.3445810224050654,-0.6644456300048502,0.18117076831313492,1.4149625818000262,1.6366469555230267,2.7848172430759153,1.8707928623187742,1.0001871447631743,2.183644020726571,1.3297962732791855,-0.09113549325245829,0.14183723387221986,1.8400477848430299,4.315497697129423,4.469675184217866,4.430619598915568,4.062972392037219,5.394686568279987
-0.5417082298798662,-0.1374407816140852,0.6313240084874246,0.1179371095129995,-0.02433769678209102,-0.7644961407377303,-0.14811537679878084,1.498708229783997,1.476458881559629,2.7211139409293215,2.268008035035983,1.157214831587616,1.765129164786213,2.724761369281845,-0.9815185766839586,0.4051855833848785,1.5999950928746507,3.987140381766138,4.236997329691188,4.352216918937,4.338935515159301,4.667116591204157
-0.733198389367979,-1.0473782603221162,-0.9601675455674847,-0.35149858099243375,-0.961165941268167,-0.2392890476465079,-0.5834184263370668,0.9099924475350386,0.935496530952122,0.9180858429214606,3.0726731576662925,1.230709718743608,1.795523708491517,3.3474606990694147,3.119778500888776,0.5878979732364514,2.409874875681961,2.955579646376028,3.5245830805074365,4.261718351469562,4.725176246515851,4.757610260810868
-1.462872608352226,-1.7572327892932513,-1.9030312526341242,-1.348863086322261,-1.304917736731497,-1.386779296266187,-0.6202001382804633,0.7333390080922393,1.1692141726269611,0.12667791420529081,2.4107633108555038,1.295467323119119,0.8068067703715198,1.6607137811272523,2.61843475979705,1.3598485390957127,2.0827689608824946,3.6103078069463588,-0.11220934774080375,4.217776416385649,4.379873166635832,4.495781693088669
-1.9662384326234155,-2.3167749470149617,-2.5207179909458475,-2.0964727801817244,-1.7623276174301268,-0.7372046519352495,0.16894015550015493,-0.42732941462079116,0.9602420745734475,0.5529869544432068,1.6644187111190978,2.0152528197752764,0.9145104838443674,2.256600177349293,2.593032970231609,1.3464053232631956,1.8410691140669553,3.270648230481251,3.9985190507620487,4.146969737003193,4.16475478018833,4.402180750120109
-2.1472355954313724,-2.5111887500509846,-2.5155219868484004,-3.0654753519916897,-2.127237564682413,-1.4867255137405793,-0.26126339688424327,0.1951833656586774,1.9729722867848736,2.18012289001985,1.562906770147072,2.6028880197096758,1.5942233360170135,1.5421779758018628,2.1767323910546903,-0.1385576812585525,2.3378824018712745,3.2636356613185824,4.110397518744888,4.1323208488361685,4.216838503915643,0.4729584563450098
-1.9082911640126932,-2.4389545556095613,-2.7262955022917637,-3.341743659592228,-2.47704338022136,-2.0715675779104963,-0.3967985058048999,-0.106984804267519,1.6702001002674438,1.6292827611299934,1.8950064023772668,2.6642303530783975,2.137247235132724,0.7636907587683859,1.200170939655283,3.43104978585727,1.9281702766128541,2.9176602291528297,2.5289766180309625,2.9074992424632957,1.8994600383265632,-0.11605242110076144
-1.6547845920709394,-3.1673434186576777,-3.138059904072578,-3.0170497497131343,-2.7747642167466964,-2.2803103417844466,-1.072107944893117,0.4494414267304756,1.0155480691406475,0.7832080336923725,2.2875593474904927,2.2582566317749926,0.9093839603105116,1.695777525630195,0.9397355083328264,1.7111366019526668,2.4863676488452904,2.4061206931294477,0.6025958847739099,-0.22477446445141705,-0.3751365195127927,-0.4765400019224197
-1.0893519168451142,-3.2390004985790277,-3.922518817773458,-3.097485336366156,-3.3956139118641593,-2.6608052921759358,-0.9772373224259853,0.13267868805088562,0.8120078979652868,2.0378119682420524,1.9120422320445172,1.6895594445899753,1.8946039551687337,1.3440159263998221,0.9561240642032892,1.259811848748764,2.1782986413491003,3.429365811334683,-0.3047240529031638,-0.44868980927831303,2.479458699773258,-0.240095964620479
-2.0512998215542524,-3.6187499746915983,-3.8103856642505476,-2.012775738476873,-1.9974873623682277,-2.099177275031549,-1.2764368813513083,0.5291234322506997,0.7026548997993157,1.4658557509490353,1.1621446818132255,1.2748719733341356,1.5607070306330155,1.3799868435606313,1.3741388512792598,1.6938769852556086,1.4865150959542435,0.8352257671124343,0.14250506375649316,0.11461841577804321,0.4535453301317361,0.8534929711093414
-1.5691896082205932,-1.6846962593660206,-2.3112974920795417,-1.8332514891339478,-1.3207174106169108,-1.9486772625080357,-0.6208715693826865,0.5355640743208676,0.13071743689590717,0.4506015510339335,0.42844991415054523,1.0567332584148772,0.4653495244740692,0.875212685350466,0.915274369232887,1.5397942232329063,2.389464420560983,-0.05278965164535498,0.10317163897535642,0.69802349775278,0.5983396792715981,1.5158097435930986
