script/wind350m.json
{"header": {"parameterCategory": 2, "parameterNumber": 3, "lo1": 3.000054539987559, "la1": 64.9999836372058, "dx": 0.5, "dy": 0.25, "nx": 34, "ny": 52, "refTime": "2026-02-04T07:00:00.000Z"}, "data":
[rows 0 to 24 of 52, columns 0 to 33 of 34]
1.99460516345503,2.1107488028587387,1.818737748521996,1.8836773138311158,1.807721590860037,1.4260203713500115,2.0475711945822774,3.194628252098654,0.7432761820990182,0.6259490904630464,1.0763220672791491,1.1458630149433024,1.9099589906031806,2.9842622445714273,5.368915239331768,7.9755434547254715,9.717807674209539,8.94311953201607,4.253336672568692,5.931734621183698,5.819154589535905,4.6128777879391425,3.9149254516856464,3.567994893256541,2.4295646498181487,2.551887820024976,3.0670415876763255,3.341878252219272,2.0854691770227403,0.932723782975766,0.6979787005409067,0.8871416466458254,1.3343519090843687,0.5891393916200692
3.554381179638884,3.1857881684192253,1.286560181702568,1.9776465855386383,1.5510753048864496,1.318638354416334,1.3521872973889124,2.372424613129333,1.0615569218808751,0.2747098925241743,0.9105242459572356,0.459181923325524,1.189136707704657,2.410581252403093,4.306697940356615,7.425833425403349,11.2942495869793,10.360543369211719,9.508302133270032,7.116559517054624,5.712183624139387,6.103302019352649,3.0711637190247525,2.036669672041907,1.0309274642926718,2.4020311469287328,2.6738673904090984,2.8676747692139806,2.491657044398756,0.648950404859898,0.7292508931633335,0.7670644471731126,1.0495535747650655,1.431854879993538
4.951601630151813,3.622622511619336,1.8828062056292327,2.7801971367170744,3.4616498796317936,2.239430681050574,1.711710946471305,1.9513422691844382,1.2527283996646144,-0.06637210376753537,0.7229247455521314,0.8999547626654396,1.6365023841527384,3.1174330967709656,3.8749366183189684,5.234500071677395,12.082944601810052,13.577078047335814,5.052626316785152,4.585357066971325,6.743546625826219,6.43907867993183,1.6421453672555113,1.4370217707143944,3.069581658536408,3.1217320533657946,3.843982415094782,3.1792237838973016,2.27223251918305,1.5578232447556033,1.0608410567809625,0.41809798313552177,0.6960391879736226,1.0776262935126715
5.228188285522732,4.236656774506156,3.4953858262655375,2.6322091642073553,2.8627258904676336,2.6968994850507557,2.1967201154208698,1.9583366425134041,1.0252197673321184,-0.28078665776816286,0.20530398843852743,0.6821529324346584,2.733861649532969,3.8509185589723955,4.21892950957471,8.18924062465448,11.21423913601874,13.081254943477925,11.990859244991986,5.919166540275958,7.321556316301534,7.757879594040985,5.570253394835749,1.8004848073190758,1.9642779126401313,4.39836079110597,4.580369500338934,3.367927938237809,2.8667335724590606,1.096191900368919,1.7746918099156166,2.011088833999319,-0.44879083692827093,0.4703310022643022
4.0528219807153985,4.145242821649215,3.4790354505662955,2.4798648919255237,2.3169761028201994,2.061273145408221,1.8517138451669364,0.8404450575003034,0.7387098690888226,-0.8417711974789437,-0.49111243495971335,0.2309988754309152,4.002223275169824,6.3838060540545944,8.163307770990569,8.179258177927418,13.572010696497706,8.152636868550083,10.381257952459109,8.467001847709952,8.470267054722582,7.592195714404481,3.6666605929346026,4.037389745149177,4.541745148499719,5.321116342207081,4.440259317995882,3.029527706886244,2.3843212722807454,1.6497215175809605,1.2181071469468916,0.5862003896409146,0.47904524580576,1.3864917665148824
4.461734238511234,4.041174133657432,3.1772194979441455,2.3162528431310907,1.5961282375188648,1.6377984997928736,1.057278201037048,0.22187073085179423,0.08046122770365582,-0.6685582124013404,-1.0061188262917065,0.5593210995767075,2.300781653323766,8.384574188626953,9.668844169057316,9.649838200006663,7.066072265252726,5.503602833055461,11.049579692830509,13.894705913907153,4.62960818061126,5.087229514042708,3.537396378429746,5.674929847233893,5.501146285850232,4.2431109005036225,3.708725029873665,2.940435618024716,1.750391811081643,1.181599764513703,1.5397260084337197,-0.21314542919074214,0.5793357559191828,1.7157627441466659
3.803102867065195,3.3336320012845495,2.609361436682743,1.9015631038191687,0.53982067042911,0.6597354235000116,1.178713644004203,0.7775371408661063,0.28075835454013326,0.7542690789425951,1.661139895973405,2.379805990896378,1.6109247133162592,4.066909615766274,7.487736464343068,4.941651361390635,10.350985045846572,13.575577697718598,14.333984859006717,9.510598451935868,4.948952134921721,5.319910574097457,5.534293687300325,6.125772327630595,4.730108797909771,3.1040688428150784,4.510539326770379,3.5615853149046237,2.581236433936764,1.5182245322533452,0.6390692282387362,0.09183918349978515,0.8041916672568059,1.312180076537064
3.306164345027539,2.5491330917370174,2.048956996090461,1.63454084028225,0.6372037212665098,0.7262592358518731,1.4658293187578046,-0.054694648684618756,0.849209391189814,1.5437487807666788,6.4857219837552025,2.619531667066044,0.842569735230562,2.9616963732446044,11.271419479879745,19.198693046247683,8.856247472942401,15.91127696552297,16.551864569549668,9.801153866522379,9.124766998561613,4.813333036041228,3.0740989185830645,2.062325004660035,4.908839603756557,5.710969346813151,4.402833453747446,3.8358573489750705,1.6240766681327095,0.5537215826541972,-0.09469218724708792,-0.3008908904071596,0.24335063887796488,0.7744946672135741
2.0138006328282794,0.8226769185257421,0.29042461985741147,1.41708116401884,1.1689804651302942,1.3191498660855947,1.1754369362333148,1.2570030707978206,0.6997539767058868,1.14951020884539,7.668589401702931,1.1909397520440976,9.038648719903025,7.611791224400985,17.34108638469884,9.54248048830972,16.66257810666002,20.433763862545398,13.013556491620092,12.377385172273472,15.046431556360245,12.810087684718212,11.787051149426981,7.413927959528595,6.763295455619179,5.075804807780453,4.77248884367132,2.2238844133166924,1.6534660295526804,0.04227421174026906,-0.4465198428370042,-0.5208250575339044,0.6465463615348972,0.1486537552561717
2.966971316412516,1.0106819987107896,-0.0438741781711352,1.008710170066327,0.41524280602277513,0.16017417003170709,-0.1695762416299698,2.507915157404334,2.1875008388278063,2.671747135569733,6.194928665407767,13.709893552982914,15.228335754397275,14.102693569991052,15.984116805996045,21.764109473480953,16.579343730227553,12.114929324666821,11.392137952103171,11.516507126635132,11.977003435588205,8.885298086297881,6.9911404642197175,6.652226524285627,5.5435569528182285,5.392388332525663,3.28839271244115,2.6519527952857787,1.5104486220575386,1.139044253892209,-0.2029331996120096,-0.8297118179971195,-0.272689679773229,-0.26240648519303067
4.258539676038746,2.377225243019216,1.0374427154819421,0.7369430448985494,1.6354489021891163,-0.9597416790943138,1.1726189384495183,1.7993648644576254,11.177508264441977,6.7339705261041285,14.724001707355779,17.08828069622782,16.97733013874142,8.60668759414623,16.487579555619686,16.264456082239448,14.559615976791049,13.370917396464451,11.49087146106011,9.537081465628695,10.33859902939535,5.938969867632732,9.105383826417842,6.036686826005741,6.9466947984396485,4.271717827722866,2.9204596998733576,3.4603809558994914,1.1182076136191708,0.7059986617740142,0.4835233224365915,-0.6951983534978257,-0.7099133625502945,-0.8487316525198653
3.4477601788554404,3.3921178245289774,2.0301887907692593,1.4030155142962095,1.7855869442362073,1.085208287327264,6.069081423076265,4.084445835731925,3.4582467879490455,17.233615494547713,9.726331773028354,9.456735413237302,15.436732464257988,5.21670234457366,12.14187226756796,10.199928262100261,14.430186567754193,15.442325130569843,12.227300402175548,11.937614863030396,11.533644318113883,7.7882974635510775,6.220140697404208,9.237621150899123,6.112254292301067,4.9666221248900175,4.686157761049518,3.529787646583551,1.889019374057298,0.4307734764305484,0.14564291708598176,-0.4668967853396969,-1.1643480890461495,-1.4270919145621759
2.1185229792589464,3.3328081903794433,4.505943376655883,1.6695658637807387,4.015234402875913,6.368118351523975,7.781122736841892,1.9409126487821877,12.298280362265094,13.778895935412004,6.8713751662584075,14.623860543672155,17.162588169465597,17.560027737062697,15.819650796563893,17.8079786605433,11.235433798255839,7.47703337029858,8.655462894377772,7.73530682184666,9.470113154418737,9.836827960724573,8.969770717997655,7.012248494429102,6.465396888557287,4.6790901645179765,3.6286072366759283,3.267083049673042,1.7476829357912758,1.9847997188126432,0.4787775886632896,-0.8743909588743544,-1.5754568191717788,-1.9683148661359966
1.7036805761505134,2.98438252037953,4.106076764092352,6.367857210124121,8.458816150655759,16.99817822384118,15.068671876230415,4.357869288148178,19.20638286965353,14.132567998715896,17.223804768723884,11.95432509597504,9.484569442565414,5.7763242865753535,10.05018672306263,9.989138869248348,10.582097382099175,7.189579414903342,10.63004312966268,8.771321990591709,5.640230769977045,8.972497285178008,8.468788642598676,8.30458118522806,6.379247634511703,5.75859211101829,3.4881971143086368,1.904295453261904,2.110970331445615,1.1246982348151642,-0.2615178913827988,-0.8662362569171193,-1.6956967456259506,-2.0757598254360055
2.029011748460599,2.7598408239368504,3.197642859346997,3.9946224201322296,3.6468503468034785,8.956362103915412,3.4911621903280516,15.640281580830449,9.967108074691232,2.5186157007212997,5.997793504978706,9.342376596465327,13.044347752746637,11.6295056064966,10.076517647096393,9.811724876668107,7.127960107725138,8.12913559976279,6.284535491847041,6.855901435765701,6.692950493493973,7.104847687609599,8.433008143140386,7.850986748824016,6.259569702716348,5.086472512551619,3.44535623297662,2.8753946593152864,1.810447753711957,0.7770660003377793,-0.7823599544124098,-0.9920510370470559,-1.4929125321200587,-2.102608364357179
2.473688079213352,2.3809904593811466,2.8962070669019857,4.288637243850008,4.543308622451988,7.89474885201701,9.206545118934516,7.897295523889258,1.2986167817754342,4.377536799335735,11.290982439001143,12.51538115016414,4.654121459051252,8.693825644141578,5.1310595210998,8.143272842483398,8.42271678569339,4.058690779009457,6.49946670245163,5.4856433354356975,8.387231214072177,7.512382228152555,3.71967249861512,6.468517223510452,5.27772050568,4.842298755661375,2.4699547118604124,4.030897047912284,3.0811868701248333,1.4981757121209454,-1.390727941475619,-1.1705067243191365,-1.7943939328248801,-2.2331747109006197
3.190048528051153,3.4805086043782776,3.111908297226526,2.8836339929892643,5.593130320645975,9.458055315406227,13.737787415736657,20.656958329844517,9.120651463212726,21.666518737220457,18.083343495531413,10.823097295624157,4.774662411154609,3.346051488647243,2.7518524090743957,-0.15891118224789305,7.128289224774662,3.8704088615787478,5.869031744024373,3.929192651877091,7.365280109238994,6.993704260956204,6.257632445953331,4.362015100420773,5.553878372319269,5.272743680110515,4.5147914744246345,4.605596006796017,2.9307406765049255,0.39364336019733165,-1.1379035337288943,-1.3143622839105062,-1.6458002444960376,-2.209578189922116
3.0201839094346785,2.5528342204416217,2.8549683621216677,5.159989979191372,2.8744171054343437,3.5511262738699583,13.89560862964025,5.291329924700376,17.829727184732526,14.902164083098073,6.345345696615794,6.540020695214606,7.188537638003421,4.013722787373522,4.299788096892831,1.1274675109378889,1.9433367584890289,3.4673587267300143,7.188615061845977,7.903405815730374,8.057851318305508,5.891314424872364,6.0809369526487895,6.199836476542599,5.266295628888968,5.097708741593432,5.006642761390212,3.4392398102490715,1.755859516313746,0.4129087618607782,-0.4725608190165708,-1.1446295584713695,-1.7242377608455761,-2.2935606686825474
3.707904259026746,2.3798768989219075,2.1340916652022113,1.9541900353470263,2.7503695901444094,3.3104587139184183,6.430724714783429,7.079463207746199,7.90857558490874,7.4409273620335386,1.8699709311089683,3.8396981187248276,6.0084206994520555,6.37185715002922,-2.110570189571679,5.0829077320154115,6.182619896084769,7.3804750441559115,3.1097166543888304,7.9289446046683585,7.166990181460133,6.6161550169584356,5.931863018277437,6.176650580373554,5.293696846966174,5.072243517562573,5.016334037967194,3.136566235656427,1.6806964225942282,0.5368531880828887,-0.36862811947066193,-1.2392861722722293,-1.8676668725529362,-2.3873787801130257
6.440837701190264,4.052213926553689,1.9474750954102815,2.1389509452518536,1.876271894271968,0.25422334126030116,-3.6985031325872826,10.736167064629,16.704608984763354,10.589473184345394,7.2499036298756705,8.686961924536774,2.672131430005401,6.333668967127673,2.034595954782468,8.580401936284076,2.1484751023105693,6.2571786206389355,4.515100181228559,6.378936539009989,7.176562454859337,7.477494067210622,6.616524623812995,5.961260183345502,5.462151386405417,5.094560009251514,3.77827097875715,2.9672567229856224,2.348276762101015,1.655827359361868,-0.19252211515803147,-1.189060027479099,-1.7684965474388226,-2.953709843757257
8.70617743356023,7.247311503190267,4.40485359586474,1.1327160952493487,1.3027875374632942,2.315324203364799,10.606154472847532,3.018432992162048,12.11022903488167,6.678980346018894,8.15378106588812,4.904339405455088,2.731370094975611,-1.646589016024225,-4.391832202349987,2.9380047600440475,2.2265805221676014,7.787622221128771,7.815199865503953,7.996437049574786,7.111396152727324,6.131005871802445,6.552025425626554,6.090737567634632,5.172365574953025,4.605905428114214,3.2349194268445896,3.1477995113117325,3.313576967956473,2.109729984995254,0.8428948637632088,-0.242369114858396,-0.8250656022145696,-1.291630797116027
8.726445896279188,7.590183853303914,7.126613524503808,2.673445563845446,1.9571296115787573,1.4066964509054074,-3.8360793860007396,7.644556742751556,6.7494277672216505,2.0085170667704704,1.7524629738852808,4.665869621705276,-1.1716105524399187,-1.8950373741752875,-1.4446798331857105,-5.1882127038991905,5.750545895244148,8.676691658770588,5.9394006889546676,7.807720558257997,6.619611090172553,7.197863018894075,6.185691358948412,5.771430161463547,5.566608475444618,3.9439113135873702,3.519833017064808,3.41715471602075,2.897679089694371,2.166512080554104,0.7006317157691313,0.12953011586591578,-0.9274279433873325,-1.1890255302756205
9.938631960646852,8.535561285221686,5.886614931436532,4.878949621549634,3.4288562112806127,3.5688018228690925,5.776089303824489,-3.1797705681858246,3.839617255996216,6.0977368672719505,-0.566210449595093,4.390103392599597,-0.014733507222025127,-0.9809819621340945,-0.21353437570142078,-4.837732323242571,4.522616436099176,7.664791248696903,5.336839683452175,6.3006542196205935,6.9247833273882105,6.064064134882135,5.391415283273429,5.043335837615304,3.8853698025760606,3.239031752261877,3.2278551676918226,3.611506645693525,1.9832046615463925,2.071904790624576,1.5001872515321155,0.22620491556164085,-0.5258782207699636,-1.0797640036462863
8.727860657238848,8.185655921393824,7.555850497899605,4.579532366858187,2.2451513942880053,-0.09505001561893338,-1.0527701010846109,13.37479325705793,5.394597954717595,0.8719004574405567,-2.2903428160674233,-2.26761688350533,-2.3314766766964135,-3.6022572765016396,-4.593683079592687,-4.223182361959554,0.5162819710706601,6.1793499685251865,4.970646608754731,5.36375487005735,3.382418692662672,4.755009754214179,3.3276734168816424,4.803570554448216,2.7505750586739968,4.141929247160512,3.589959207548383,3.569111334516363,2.2142058413772805,0.6087765888322482,-0.23358139401953754,-0.5943418666878317,-0.677823462710258,-1.050839496123095
7.674796049352208,7.063432344689277,6.38786828076744,4.577506803525107,2.9470467923467525,1.04687266348144,3.6406647969715253,16.797176953095928,-0.018569284467890024,-2.0705214995773593,-2.7744669371885338,-5.13099145784409,-6.173579994820439,-5.1659843733265625,-6.8682890052606345,-3.0977928232542977,0.15365578396294316,3.901376463824514,4.4753459104155375,1.94013801872424,0.9076532403823759,6.953281515631718,5.582860681701991,5.342946756152542,4.930401975129323,4.369747769555456,4.141251999707904,3.460713436782004,2.781706972528047,2.0798440158498215,1.3693782733861446,0.5608034841983144,-0.7028623228390501,-0.7515166239939949
