script/wind10m.json
{"header": {"parameterCategory": 2, "parameterNumber": 2, "lo1": 3.000054539987559, "la1": 64.9999836372058, "dx": 0.5, "dy": 0.25, "nx": 34, "ny": 52, "refTime": "2025-06-24T07:00:00.000Z"}, "data":
[rows 0 to 24 of 52, columns 0 to 33 of 34]
-3.1575770787057285,-2.9860647099194377,-2.6189849772980254,-1.9813158318741169,-2.1575271927111124,-2.248618948146937,-1.659340222835627,-1.4483568548491372,-0.5019478466191716,-0.49851585609941573,-0.060274265121526324,0.5533255322313716,0.7820301338423822,0.5658433724550148,1.2529996620415937,0.5623310492305751,0.7905757651982362,0.4762935096639473,0.15722605491932368,-0.6909736051131801,-1.3338149255571772,0.6014840111605037,-1.4996717936038733,-2.5760857029162385,-1.3595021365424127,-1.4325721629804569,-0.9280677724084976,-1.9897290603744788,-1.5162686945574253,-0.9285757431052721,-0.8943221707403223,-0.7193998328367643,-1.36336140402614,-1.0023027654043326
-1.9823430664112365,-2.0242114308025996,-1.6106846905304288,-1.193572618792848,-1.2929964071354485,-1.0023014080581452,-0.6864417924317289,0.45924454383382113,0.9894566400841163,1.417551850584567,1.9430561767345143,2.2647313450110147,2.049199586714592,2.7409395282218036,0.925914491035848,2.0119943053087814,3.6274503646158367,0.3252769882608835,0.7592601441253639,0.978104752444857,0.6995352731175399,-0.28831284871754453,-0.4094724248592139,-1.9828281970100257,-0.2741918350198533,-1.125079052505514,-0.6565562178516726,-1.4974509070809445,-1.4038628436556935,-1.465051485300983,-0.8707012721199658,-0.900579155196298,-0.9926981919352839,-1.4854309466231062
-1.8332329092843598,-1.4296034009678926,-0.652839438450966,-0.2770396755378404,-0.4161848999231807,-0.059533879913621884,0.2476430456355016,1.763335204797999,2.8221642989228637,3.3151008823022208,3.8383759827736594,4.126659239763453,4.195863187606383,3.745671396968367,3.0673414802024896,3.838507222871145,3.0103936502592976,0.39807900335652097,0.9893859683655356,1.5917586072044392,0.40171776793252595,-0.3336499452505467,0.09406545670350967,-1.1314115128088473,-1.4267698896811978,-0.6676781764040773,-1.2022222233606896,-0.6856167728138187,-0.818055479866318,-1.844898681736075,-1.236638537685949,-1.0022381468861183,-0.69503500558038,-1.1953348964601087
-0.46902848533284575,-0.052797704355984076,0.40373879635277504,1.5589909886620872,1.7420437626585834,2.2301923570100475,2.166958063067868,2.9634124521156804,4.061914881993486,4.420340298991628,4.895316888168041,6.120679768407335,6.77593992623126,6.2117751173801725,5.166463319137788,4.091961787986351,1.8053176167870855,1.6946298136533269,1.8580528785335682,1.3203886235277889,1.1907974304744577,-0.125637977451359,-2.7911486113144357,-1.218200392640072,-0.586215871773076,-1.011114751012764,-0.8469248907091879,-1.169572345586505,-1.2275358614494962,-1.230220004622446,-1.1848280055264717,-0.8778296404081556,-1.0216839450582673,-0.6293873840797022
0.5583164061151474,0.263289645867767,0.7247946608841535,1.3024198825246573,2.897097096456412,3.0817633308070134,4.008673995300627,5.926189272021442,6.942271282086532,6.972631625491372,7.6521289305038875,8.282854756904271,8.542792872827317,7.5082860057833845,3.9622805750656123,3.2723342591218634,4.131722054168972,1.7381134110465444,2.0742563655081168,4.159648379574859,0.4794669844613263,1.2697092690461755,0.02193954873357756,-1.890962950428095,-0.8300362031821061,-0.7716221982772197,-1.1907346580624936,-0.9861197918227691,-1.4437206350385283,-1.0824330096534889,-1.0350412062135899,-1.3572958673961706,-0.95444676096189,-0.9259102650748918
3.9361705475930293,3.5896496279132517,3.5858665689771443,4.714171611976368,5.020083176446489,5.311354226303157,4.582708823086127,4.882450021226232,5.549939355716713,5.8713353112408875,6.174880216614408,7.00230228341467,6.0764649887741236,6.95035348576967,2.9117898333634185,2.787509842199799,1.483495754958094,2.4757819741034917,3.344828407072378,2.0713359212885325,1.1587609053121304,0.4132429411738552,-0.635547798751873,-1.0242379948038265,-1.207268531767801,-0.892211806622979,-1.1209035544053192,-0.7247370493796277,-0.840340229936777,-1.2078752481668447,-1.2710101117156152,-0.5960277755490974,-0.830789824689995,-1.3146820240289008
2.1234598155669624,2.331829240044856,1.8971431144279176,2.154379079722992,2.6294031716965884,2.623052653786908,3.548398138366845,3.707709655142452,4.056284178753597,5.448954021216106,5.068466803122627,4.304690181544771,4.19192321295796,2.935153712355233,1.9324407007699154,6.658511540379369,1.690010640409372,2.1693092590843213,3.972563220926699,2.7964208140546534,1.7559115868293254,2.141017116460416,-0.4587145768606458,-0.678823025962925,-1.0709666966633717,-0.8038536960343801,-1.0523074432031758,-0.3787852885932513,-0.9648291399524416,-1.2408254396262313,-0.737896059641774,-1.1352015852238115,-1.496072909503376,-2.472899122879843
0.5607559305871662,0.6782041121002542,0.8429296728144478,1.1228145048190024,1.8256245400270565,2.5687048628961664,2.799459969710149,3.4438441373810043,3.536023574968415,4.017628486588267,4.233171921274317,1.0236806737576258,0.7513150797022936,4.571120236994167,1.0318589444201636,1.3542749356074903,1.7046628982955851,2.863784552049905,4.227137034932377,2.9732638645810865,3.0689451492760087,1.6045666382700967,-0.6118172586932946,-0.8038827930431564,-0.7865683254611916,-0.6170478001895311,-0.9606973956531916,-1.0126598435967336,-0.44189884534951573,-0.5728600273684885,-1.1983237269171656,-0.3743919065690865,-1.5959778958231507,-5.825588760582394
-1.1082469898542526,-0.613424302205467,-0.18422810578818838,0.17303200786405953,0.8619576760161218,1.0698417573509678,2.006650883376295,2.4170960962407815,2.5341738186193683,0.9560754294293098,0.8241567720095745,0.5134805820334508,2.4285849057447617,2.581218019954912,2.749663482010958,1.6249961276360991,3.1565357497514532,3.7185622782580783,1.4965034717153483,2.3136032488590326,2.2661516231362038,2.2290907324986686,-0.29005672647341013,0.452267658271781,-0.7269655799201102,-0.8907778637677607,-0.43050318082788,0.10305660977978118,-0.2888036546289233,-0.5738197217088223,-1.3455033933728116,-2.1474364004008355,-5.185746892726993,-5.435716105005876
-2.654697035600931,-2.216542684301893,-1.8992424732390747,-1.139822481702592,-0.7961011003452355,-0.5027344700735108,-0.07684837242238521,0.04071746160214856,1.2148821580647422,0.9937002998757893,0.19897210402981827,-0.2674912191356889,2.573987296824943,1.426243392304003,0.08219720438289518,2.045138904394274,2.641937032750288,3.008739258655327,2.899585780907763,1.8366825375393003,1.6087692519638632,0.7333763636882,-0.9533751320647778,-0.25931911670944663,-0.5557557806494773,-0.9640320660974154,-0.4610837995601799,-0.5344815834832246,-0.7751018470727123,-0.9761118440379525,-1.3703564542551632,-5.083166671520936,-5.388285060157248,-5.829994642178787
-3.4793018302448453,-3.564358099950493,-2.9275406001076556,-1.8054297552662,-0.9653068566690193,1.1036124228961046,0.8283691830032124,0.8473248857208839,0.5390559429634341,-0.5682610009210513,0.7420430727473354,0.8487416246901829,-0.21834177110095287,1.3774261443167197,3.437574670721206,2.471835569796716,1.9152639339117097,1.8381772066894797,1.0928770305091933,0.8644713943473028,0.621085809825754,0.7822509596183085,-1.5139136444277113,-0.10883278151606962,-0.8906273136909358,-0.9036876177420036,0.33790236743048196,-1.0041122270047376,-0.08503240452817284,-1.9714439968216868,-4.653967237268751,-5.270327980579449,-5.033430764286705,-5.917090647877135
-3.7393989709126423,-3.5372259626239013,-3.2961260314503633,-2.433448607703643,-1.364889985841604,0.421173743480004,-0.13255893687121037,1.1668569017881012,-0.13482641775785076,-2.2831005268099958,0.9612940520340229,0.7031809796159636,-1.217788427948813,0.533715269449068,1.783297515412478,1.0920082262150614,1.5226869068938425,0.7043785745866711,0.7632870500974341,1.30669375013258,0.6626661230813389,0.6978412376848018,-0.4699711192737276,-0.7266779392205833,-0.6307953801366911,-0.418182715896743,-0.7664058208103767,-0.48165517114225553,-0.7165310249126005,-2.5586283130458383,-4.865886844430415,-5.249627089557219,-5.6174312334404695,-6.031755693192777
-6.040791316021954,-5.479882252532807,-4.435577509903935,-3.163391787836628,-2.008768400876274,0.14755645832015707,0.17123750603952922,0.2110865963745349,0.7096338239076786,1.7188562429309293,-0.11903029589759413,-2.1523223896007315,2.452475681692509,-1.498373754148792,0.5585258604808624,0.8289649206585836,2.217361271953314,1.4184497349324698,0.7064736568410835,0.7966930426436324,1.0626845124561242,0.336321303387564,-1.1684805992586809,-0.3912427730577407,-0.7281536660946751,-0.36484348366418556,-0.1663188126531571,-0.9047013028380912,-0.39603288310907286,-4.113398184493236,-4.848317433189277,-4.26133922850297,-5.945822657186974,-7.404242113550015
-6.114616001688393,-6.784306933903018,-6.020505396928813,-3.3609815310980276,-0.7832068134979249,-2.5583065243532164,-1.3709067808927438,0.41586025366762236,0.8423495918891164,-1.4086155054441498,-1.5289466153015367,0.9106235260254552,1.1402292188600225,1.5018934451702037,-2.2773836351229724,1.6250873779122181,1.036969007825949,-0.48095792020864614,0.8458571902595683,1.3374837949699656,2.014843028409797,-1.3020369890126458,-0.3008591244819649,-0.6268270914469836,-0.5841534257738699,-0.6633384588421545,0.3144133028958555,-0.2870051882889627,-0.7435744664922866,-3.4582783833342408,-6.319619518841639,-6.129763955882721,-5.447862773460365,-5.675533044026291
-5.286330427447546,-3.5882178282576476,-4.344071020128485,-1.9124296691938025,1.429811480351301,0.35738070633909724,-0.16287232384396275,1.8772631038958703,0.17766949831434223,-0.7534843805535351,-0.027021105285190805,-0.36157616125880715,1.8073215479907259,0.8552285857756674,1.6546281093356423,-1.522961863353347,1.5061032342956613,0.5968010467376542,-0.08183348347669381,1.0630627771167074,1.408765169223235,0.8844720600734978,-0.42512691609131276,-0.6193151842030079,-0.3104845899022887,-0.678304976413418,0.1445803571892635,-0.001849693787338433,0.17196223024258567,-2.006668470301101,-2.795143001607516,-3.4730935092522484,-3.2256968025879162,-2.7709161928541044
-3.5514250380254357,-3.3056645172679673,-2.619414288356833,-3.1536749976880656,0.0324357041435814,-0.13622136024579323,0.9981104173253801,-0.8539270270788045,-0.12628326180038474,1.5849627841839489,2.8362218303012288,4.374707300930501,0.9347920548440118,2.1200288487987704,2.5983754517121067,-1.7866980485368604,1.13393906823248,1.8373252262203152,1.4613538272479063,0.831714080076983,0.2537130802144363,0.6188161096015458,0.6035858524565489,-0.27978988739029137,-0.5016019534569847,-0.17613856781904128,0.41522943163897147,1.0199057078516416,0.1927917145691655,-1.8996843272476573,0.1850343331813331,-1.4617589172730696,-1.6985064522671531,-2.6018951344799794
-4.471494654244892,-3.9460135347160783,-3.1156776815058507,-2.3955884346682366,-1.3638099035011497,1.035609058913099,-0.09153852769131525,1.2940501001467113,-1.5738108209762136,-0.35165454959075404,3.849886741074535,4.912941721683627,1.6752174254916279,1.6938776069358819,0.8243287964341249,2.3880605307935396,-0.3623020448009251,0.39838870695142486,1.1782370926662646,1.6596292543073923,0.4582902308583203,0.6083035642425275,0.6604897078343561,0.2608030859633409,0.4020268697058128,0.08057470441273458,0.05214841027973657,-0.1625283877671729,0.107569837878858,-1.7457322919272742,-0.052691202536647296,-1.129617047327975,-2.1373812973849025,-2.0282897852957187
-3.534627445954318,-2.4709003085073826,-2.6697476812081264,-3.5856613739754666,-1.5001114671118352,-0.8782715706126207,0.7389002924303715,0.8508156068121421,4.4138207211681335,4.99329347977575,2.3199432793039465,2.372850600550415,-0.1999260657990011,1.6923032506104907,1.8942510484789323,1.7231007441091122,4.008650414429953,0.8595120002651588,1.2063698853939047,0.8494077266399804,0.9797036323682367,1.291043490213861,0.9810709399417249,0.7559241021953461,1.073241767429879,0.5791924808614908,0.7777401850214828,0.06205386231502949,0.12405805790568075,-0.17787017932200674,-0.201074444093766,-1.503331825283991,2.8893098669627086,2.189879103328506
2.1508371989394526,1.2822945124182457,1.2767417750738574,0.4889006711471415,-0.33009536323850147,-1.039530974368654,2.4766456079596417,0.7489547886840267,1.2785297867159027,8.900147415484742,5.476581243731459,2.2232131390954732,0.9555035562527641,0.6638633456078064,1.770433031900337,0.7323420488414858,1.8595346057111048,1.665616456115504,2.1569884443570806,1.0879401148918735,0.7651138158349393,1.2924424798997378,1.3546988368735309,1.1113346178833292,1.0978156198398537,1.4735164258255358,1.0603284812707692,0.48422209074003913,0.2888018767224317,0.593348231824051,1.0787079671660378,3.670673129271569,2.7172074028893873,2.3807442855827095
5.594704488068893,5.321544458415695,4.439854226993433,4.062141739634826,0.40388020289635274,0.7741128904146993,-1.1012569550618745,3.6373108224924486,3.2300026701417037,4.633603093245332,4.9441446747402775,7.029606455505201,2.0643194138141285,2.436492502705063,1.0507681122308998,1.3000861299771982,1.8533694671318186,1.5123277219652889,1.1820963050659403,1.6060441393883929,1.313734872426072,1.302860717730056,1.5028291204553623,1.3913298059545633,1.451916231741364,1.1399280110272707,1.2244697600535546,0.537340138151378,0.694776214744185,0.7390296619753484,1.527456603124438,1.9064432386175136,2.1208410021885116,1.9042041639144023
8.102833003667033,8.025964527834953,6.495090171305766,6.619097479675728,6.318905584531761,1.0957945869239867,0.3112344288122814,-0.029466845273948213,4.4176455015221014,4.625151700272983,5.149405040269407,6.103468691783952,2.6645471282919746,0.6213670788154162,1.0264035035589787,1.3934643656388026,1.4409298879001848,1.1464588214351104,2.8162319796689474,2.0555188882979483,2.6834559045266047,2.1325283915527713,2.192217919226106,1.5868423895937291,1.717283267466906,1.7011447168906226,1.3774242467399054,1.3760750152006018,1.6585754642960395,2.63283668600183,2.599406714466594,1.8582283941354774,3.2651125713717963,3.971491422257717
9.677346539548822,9.104422124991649,9.076902840089328,7.93839490026158,7.799948643465122,4.352361407288415,3.3957108405974235,2.294040778137676,5.886061895682762,2.9743681046444066,7.466722877069391,5.443087893053536,-0.043929765793165175,1.700673344725302,2.4261388790368277,1.054201158273999,2.382454122531748,1.9768463141234094,2.194707530736177,1.937587693226153,2.683546275341151,1.4374126160138785,2.724962905387767,2.8293074822885003,3.3845320875916856,2.888837504536125,3.2330463225306656,3.8474595710415804,4.462365835843108,4.366816072123092,2.9560764971109212,3.223091385527674,2.6935650678890277,6.04711477177503
11.551233140084339,10.87144138513383,9.847741243987954,8.443165653739774,7.796942375875935,2.6998088154413287,2.6086939798373137,3.2155030189988407,10.142615945597626,6.824617542860041,2.2017659533284184,4.368498291470657,2.555506590937119,3.2253538076262593,2.551695047313306,4.122331204308928,2.3194312716949788,2.5978445693290206,2.684114109184438,4.067513708354552,2.8194524369708858,2.6732596070217567,2.138824129477366,2.651575699047288,4.34060944166847,4.401178392847809,4.660851780225559,7.513258625794672,4.477376981822204,5.126781461952642,4.164123017728191,4.673052972625514,5.5083103428391995,7.1520910613614035
10.843792915702965,10.117832665592386,9.522977125839843,8.57224163586667,7.888630088247302,3.896335938016027,2.7467382032057706,6.733826940143453,9.322868807856771,3.379554284990086,2.6566797282106287,2.225473695906755,3.870319368847279,2.666323933896776,2.923345677517416,5.065441520804616,2.773416213036557,2.7754347252747977,3.0589775114809563,3.562800478745783,3.641721773300089,6.385940065992074,7.7235821598208165,3.481949052087673,5.2553117275322965,4.499195502184428,11.23047613135338,3.4338502627136003,3.0014593860795555,3.426915585549739,4.356651845704878,2.2808093077190787,5.340588034206552,8.257877089180305
10.859837334495852,10.226528659903595,9.899248623112996,9.020637765813357,8.60423557011381,6.415875994649846,2.8991862708550675,9.708443650910581,9.450463312419346,4.162997721739587,3.7023311977885474,2.4869047037186682,3.272339815438987,3.4364472313977026,4.374735347612352,8.622468889224095,8.928736585622698,3.489114881381363,3.538608441253011,3.7457276715763848,9.128042074393646,10.031576380179304,5.823366692213905,4.77770102175173,4.74543423827669,4.67545021709698,3.7460948763795408,2.480020433956751,2.5573661675019785,3.6837360795421823,4.459984686786503,7.140003429941903,10.692774948617663,9.800885248789474
