script/wind10m.json
{"header": {"parameterCategory": 2, "parameterNumber": 3, "lo1": 3.000054539987559, "la1": 64.9999836372058, "dx": 0.5, "dy": 0.25, "nx": 34, "ny": 52, "refTime": "2024-12-09T06:00:00.000Z"}, "data":
[rows 0 to 23 of 52, columns 0 to 33 of 34]
7.0762478701854645,6.46684909805282,6.001417502996321,5.082067436062409,4.744256124332514,4.677913759788732,4.586587436636653,5.118944863890361,5.555471696522167,5.227073646078749,4.8737938074518325,4.621407575498114,4.6950462576010334,4.581794724083695,4.318961540600883,4.194801936000687,3.9990159047170897,4.555623933129462,1.8327724296973416,4.087378008196006,-1.5212096602950698,-2.3071001115274763,-1.8305715394364352,-0.08100097685647856,-2.9098645372310767,2.180883259915726,0.18812941641620826,1.6402087339724079,1.7624204292882737,0.5288373422168777,0.7878134473345014,-0.5998799563526276,-0.8931239359505768,0.5895668219625577
6.556364629247361,5.8035135513268035,4.796010573771602,4.312850364944177,4.130582827099951,4.090566260937826,4.4383497702818655,4.880561780873254,4.529478631855051,4.54741276530868,4.307382026102139,4.357746844803682,4.291381484997306,4.332382930726067,4.61674863386304,4.411696684855676,3.3237682804453543,2.637039591490665,2.304251412340108,-1.180495260559551,0.7097175744388934,0.19239075127612867,1.2570585843207054,-4.38753343742471,-0.7220151149993164,-0.3302416104129242,2.1166618534133366,0.05477527776257598,0.6358774816197564,0.6569874020393468,1.090209586250895,-0.10930413366052173,0.048289533993713524,0.4290296837795303
5.531762888526486,4.7455138601860405,4.461680397290844,4.032927197259622,4.0082723799207605,4.064676530615821,4.421323546080683,4.023559946087479,4.171214200020932,4.101849832387641,4.258189268077889,4.19465157077612,3.9896716188238983,4.372406701016039,4.332805831401895,3.782261471971065,2.3980349365283202,2.1851348534287514,-1.1143738711433038,0.36077789593832904,0.47635075740013544,0.6892404688591405,-0.7139686754358733,-2.1481600354384467,-0.9871170570678279,1.3693759949673165,-0.205044062160046,1.142360115916622,0.8139609425587498,0.43155270261602713,1.0142085522509925,1.074088899860915,-0.07357353078388341,0.9527946477660579
4.310490179152921,4.109043454693331,3.908922504134556,4.033071719075504,3.826627304637387,3.975544348576663,3.5807696059671823,3.9487109995048644,4.09877252071011,4.138243134976322,3.7350458580507007,3.983878531121049,3.633917574519849,5.460253827505064,5.8914618659139695,4.141150548989417,-0.926861311018914,2.5895057907599615,2.7337574182333704,0.6501260052744254,3.2094167836562604,0.8075875402563342,-0.6875911436138726,0.6640915098576089,1.3297049982175837,-0.33127376842670075,0.47289255056541385,1.57093384026857,0.3609570919957169,0.7130965552479117,0.15935913088217593,-0.011730746119576958,-0.3334297893626441,-1.3329479318785913
4.178373910148129,3.8688007407758533,3.6979243874188885,3.3289014791797165,3.358630576011886,3.4139945840909376,3.9077466076736,3.9914545067596814,3.833162958806433,3.8686742469406608,3.735786321742378,3.425344199312633,6.656652251426462,6.0080292243289355,3.235603071858655,3.637799920086111,1.6553590551378083,1.715246169023802,-0.6873919972761375,1.7369364894180328,1.8638663726258753,-0.6106044745747219,-0.015444989024185271,-0.21211308841400933,0.8068492522412495,1.3269307203220677,0.4740422959937015,-0.5306174923727136,0.6164786453081376,-0.13360960284260426,-1.120420813494719,-2.027432406236004,-0.7780641374095083,-1.5081378429222485
3.8365471357292456,3.3477334133635375,3.219373248831603,3.404499355723975,3.2782707533473228,3.5690855303161486,3.692931463598529,3.391223798768935,3.6817534397750737,3.3954550297720236,2.9858198566277236,5.442651933966218,5.643566817477102,4.795470399041674,-1.4963164426845286,1.7850393005115337,2.2131763925214694,0.26573931817688123,1.329233454154109,-0.03065504313468144,-0.10221653054501856,-0.2600652793540844,0.47142198462783874,0.8879764510628033,0.7241312348228499,0.13752476847565737,0.5814899351628564,-0.19772499204946953,-0.8541796907710802,-1.4356911337402525,-1.1616264134130443,-0.6471676939115256,-1.2599686120932947,-1.23065806449398
3.0757896310298785,2.9360519969561083,3.072121944779002,3.2404129678021656,3.257693956843139,3.300350637478841,2.7979555552777384,3.2591389939441413,2.8056919471801045,3.009197447864382,3.6172043186967247,2.5038387668305497,1.2520419732995205,0.7675403401068348,1.8607183079048408,2.8933755654738,-0.13861317412085863,2.4197223059016504,1.369626739000195,0.42865954173151466,1.3659031935600316,-0.19261663947209567,-1.851723707768421,-1.432505274364435,-1.6511488662439178,-1.0827779099336194,-1.7155216391509147,-1.152276329281508,0.11951671319527095,-0.33646977658484734,-0.6180300327692075,0.5376128345452752,-1.070529294835564,-3.5693512523765802
3.3017536382633352,3.086451454656966,2.7753493271174166,2.361286948447149,2.116315391797549,2.0576293145045614,2.6455413843550812,2.543021761564383,2.1698000921944294,2.660652721941289,1.477987569155125,0.033795307047253094,-0.015321976687351085,-1.0033764174174717,0.4644576502618817,1.3460274782900459,-0.07646090321441026,0.021497657304714337,-0.2633782572580315,-0.1168597857457221,-2.098190775952682,-0.3401172105574103,-0.987368508539603,-1.2138487321152776,-0.004800733718279792,-0.5454711760239075,-0.6336873360117505,-1.3023077249320905,0.19320935543342665,-1.285038632676521,-0.8047159173070136,-0.4142036834574353,-0.8774107126304912,-5.230777573500125
2.9138542666603486,2.6526492202413667,1.891648893011327,1.7747944552150647,1.7200376233614054,2.009736860319749,2.1554710994155344,1.4854418067105868,2.1614585394768446,1.0223391762562892,1.1888416930289931,0.20133113379719866,1.2683362517915857,0.42169262733343704,2.876418355302267,-1.136855839198107,1.454755492865237,1.2911160489865023,-0.004358371636662532,-1.305560351634661,-1.984921134636666,-3.2181342618918682,0.07219537806165482,0.21711904092682408,-0.23558112667765949,-1.273009649503578,-0.8837025764897701,-0.18139923037455447,0.48822128516152663,-0.23387510663136257,-1.7494230851175143,-1.8584818635364704,-6.042816613336152,-6.059342489375271
2.2865616296751923,1.6299775899613391,1.4693502425691245,1.3356044888751304,1.2338435743782823,1.655707624951811,0.839730804633959,1.125122868276095,0.1726094246823944,0.2102509157741898,-0.7949422725267998,-0.35182383378491083,1.9935866014617165,2.5563437228475543,2.625128883528575,4.148476241463489,-0.6562629360141521,-3.058199985523492,-1.8266369353633805,-2.9160643176230705,-2.145403929177509,1.923985660774679,-0.20561015904771093,1.2958293226436435,-0.25578911884081096,-1.0397297578124687,0.11011780397657302,-1.8767317929361091,-0.8733092065398909,-1.5162736370766072,-2.0264586428995943,-5.061360445658255,-7.7944806127935635,-6.86878147276289
1.082699000807566,1.0261633823503404,0.3704250346448834,0.12188092501997529,0.18992715802067928,-0.2808166014347766,0.02009877861008007,-0.593774318557883,0.7568275844907285,-0.5651250483562564,-1.6017917897777174,1.5113723617097454,1.545956702292099,-1.4055112218946388,1.5343412487446069,-1.216614867866267,0.2927200605222748,0.7632246704580521,-4.917297174545906,-0.4294346536098515,1.0848665800877757,-0.20488380303820608,-1.753362038164796,-0.9869882523782386,-1.4450543936689948,-1.9296732995651718,-0.918358231205996,-2.970133925668162,-0.9926989053674827,-3.3252093686239426,-6.26692032076986,-8.31720530291121,-7.7415722072816,-6.552514855590247
0.18587757744667394,-0.3049270675326964,-0.8247851472320804,-0.9157698893007197,-0.9470735183970899,0.24703482986418387,0.3316875012151374,-0.6106201817739232,0.32545679168135255,0.9188502877134926,-0.8150495396839367,-1.3239253886433486,0.44118965905908336,-1.3010552528970942,-1.1027822037837827,-0.15010576379033047,-0.665869283208881,-2.9563975029591476,-1.4766969970327832,-1.489767816308726,-0.34053556367807847,-2.567459499673198,-1.5528711122063221,-2.4595508263876162,-2.1532992533025777,-1.4163033731228705,-1.638355744058791,-1.893473762635911,-0.95021831960708,-2.3868971586790044,-7.9004353012089465,-8.978288151390414,-7.493536166856415,-6.598852174017247
-0.9348229756371177,-1.8285356905223553,-2.4100579517362837,-2.3765872609846097,-1.6097026578123717,1.4064180618427737,-0.5109257464741642,-2.756100626006649,1.2443807220087046,2.452753170178462,-2.4212566947890144,-2.6478612858411896,-0.9614925762246813,2.2255269992994324,-0.03999923556317475,2.2666941106131877,-3.089075628645269,-0.5894632029527196,-1.604116484346259,-1.0263013545502317,-2.0907318658633764,-1.2626485606378783,-2.7673113468142145,-0.9070175301437094,-0.6828503541369063,-1.1597580112787544,-0.04519775300563665,-1.3338150676204072,-0.6819136378794167,-4.88711252508844,-7.647621314433329,-7.1624348461285505,-7.031068454050289,-7.089802719013271
-2.0477923508443734,-2.570706041855565,-3.2608802946789246,-4.519340267665748,0.514388502766406,1.1570583191266064,0.9344449015232542,-1.6237817618798978,0.7900571647608574,0.5231013838504361,2.513931655156505,0.47415475286851627,-0.6155098411484227,-0.5352271797584047,-3.9135335310172277,0.513067842773638,-2.0633353379035158,-0.40287378475374325,-4.303225427351264,0.5065429961658683,0.07271757937399977,-0.9804149594265377,-1.4411124737822258,-0.5558052555754506,-0.9896361324484513,-2.565630013325156,-0.7151611761257841,1.2072607804860593,-0.48617135659835853,-6.356437233173962,-7.936080493506785,-7.083878422358374,-6.998559675348717,-6.6089387432848055
-2.722053568999084,-3.44161685973186,-4.250579646120364,-5.262369927086191,-0.5654371701548212,-0.6256973709669055,0.18800855942635,1.5280821080317666,-0.6572210855677716,-0.09285784091828857,-1.536259647501442,-1.2844213017136679,-1.2739063122740333,1.8253616648028252,-0.29184642276575334,-0.9995253046878727,-0.5892535434015594,-0.488156552710927,-1.0091681426220311,-0.8080370001129099,-1.3875636314068418,0.31559526100664304,-1.3231684985275316,-2.133288664237232,-2.2447886557609222,-2.4356454508922667,-2.3976629290083316,0.052294667056192505,-1.9355781360161675,-4.999630104821792,-7.799671226139565,-7.425972606803997,-7.398031974743893,-6.95305567978559
-3.472006037378148,-4.300457534085972,-4.649370555365776,-5.413598120560733,-0.3283618711919605,-1.054822945056867,-1.5804886451582882,0.8133338089717891,-1.175403519683407,-0.7610175181053767,1.1545831991645465,0.7591161054128931,-2.0122602363877014,-1.3219511229214123,0.092708042419627,-0.3547041573419108,-2.8941425834085885,-0.5017697870169004,-0.8696386054139049,-1.5787533352468432,-2.3245158177695617,-1.6555809986995533,-0.8988929345796193,-1.6372291409806359,-1.0264095044866508,-1.8715791379462856,-0.9515951443461252,-1.8216272132246847,-0.9046911966157428,-7.387240311409569,-8.489793935952292,-8.11829452667638,-7.9600326534088826,-7.469869397243773
-4.205119041380276,-4.979664449037961,-5.388780522308756,-4.4304830565739,0.19434222409926954,1.6420529721842434,1.4993499169481823,1.3704692934132086,-0.59324743201547,0.912484188926779,0.6238992724217626,-2.0277336203257064,1.1939144743947343,-1.0220800059863593,0.3901201668756095,0.29983514837597647,-1.1228749547046988,-0.594231402797173,-1.5215667400405102,0.26224108262471363,-1.0893374297873926,-2.412550739773515,-1.655477839560079,-1.8122467519352954,-1.7030184848598378,-1.6805108768803392,-2.8594054187483375,-2.7928856301314386,-2.009961668305964,-8.615953748548508,-8.527864673476806,-8.346511011443317,-8.687010369114715,-7.622662505590061
-4.99105989821586,-5.623859626843796,-5.93379930716986,-3.8099684837677708,-0.07265510022188734,-0.3201738018450574,1.542400260440862,0.9073756075199441,-0.33633159315038647,-1.0322610408718207,-0.4549794932753936,-2.2697661050158957,-0.7335765797191893,0.0935478953034271,0.9417318328748364,0.20446231305945337,1.0350388746341666,0.8544636816656432,-1.2691666075039665,-1.6856609434767933,-1.971045568325713,-1.4798566194797511,-1.7535123461120012,-2.40054865157176,-0.6676736350846574,-2.79219050054271,-0.648444804604343,-1.533650049278893,-1.9561069858988214,-8.250833976926064,-8.002386303486587,-8.008350620334966,-8.41739957992594,-7.384054908457448
-5.259153721710882,-5.6679709844707515,-6.175788242603223,-4.122175563489509,-1.1485837202389138,0.9399532659484365,-0.7280553617760839,0.830528394913284,-1.1115819609690505,-2.8184044304862907,0.32863173580331845,-1.6008020101411273,1.5638095337361797,0.3808323975846878,-1.049043428685001,-0.9334195060896923,-1.3372562730227546,-2.622600895666918,-1.5224825960508668,-2.4760494786693594,-2.494145245395995,-3.097840619686164,-2.077783051515213,-1.8793224831784752,0.4588370124998751,-2.5507607124534863,-2.096808407758275,-1.5918864652292075,-1.8131581357595021,-1.6047824310806755,-5.272007805331931,-7.615572002079958,-8.515581308835744,-7.993731130157586
-5.2424024743989674,-5.713400162267526,-6.129313481389567,-3.8335200151439492,-0.7828812134249642,0.4218871862739761,-0.7330415034691019,-1.0936299095741042,3.396808381011709,0.06317511479333383,0.7419315541751823,-2.386679882515244,-2.0105394297944925,-2.072495679805722,-0.5165127094815037,-1.084744250725866,-0.7448637597369322,-0.735646675138135,-1.922672844867844,-0.4513133931737842,-2.2930834299883647,-1.5204256217223344,-2.6075501137512958,-1.2734479061743185,-1.6549121085718639,-2.513826533527715,-1.3789420088475723,-1.9716722121731756,-2.377222970520694,-1.180354896444582,-2.690422251407927,-3.2150424196901666,-8.47068986626455,-4.461155452810749
-5.472030580032487,-5.4312655390908215,-4.98905671592837,-2.9760722204673224,-0.5462119946457441,-0.14985095809034088,0.06584307501640384,0.268810464194868,-2.698111436174474,0.6515884606888768,-1.5982736618521869,-1.3474122326892075,0.6951490689438694,0.22365084914499006,0.04767321714650236,-2.695631388148516,-1.4626492630758408,-0.6217799173593809,-3.215738744259265,-1.9527754304498985,-2.5768402346638886,-2.1938041782104793,-2.898344811671415,-2.5109464815351483,-2.527920708542031,-2.71533231523495,-1.9068094440813506,-2.01805126700498,-2.101020810414309,-2.791240169365667,-2.7694983445041257,-2.116198822896729,-7.540802415241895,-7.240571786381358
-4.956439450455214,-5.0371508126206725,-4.166868762888248,-3.2211356082351026,-0.2697783484788466,-1.3614960605517124,-1.5676142594835305,-2.3964641823907593,-4.180854019224927,-0.9320202013412122,-2.756222731085216,-1.1008323839457677,-2.568185475966566,-1.4465532955062625,0.9700256006596737,-2.4811523321594757,-2.5594185576893524,-1.7430051478950586,-2.225849272862074,-1.7042604788249653,-3.17850518453554,-2.598295440174557,-2.8672765759760455,-1.7982646367569046,-2.164634856442504,-2.2420209160924864,-2.186472966303661,-2.8542521869555313,-3.373735756680475,-3.5033256105915154,-2.1192985281375676,-2.1825394566283935,-3.722893819623649,-7.566479331586507
-5.191243603398677,-5.119724569070282,-3.996816540810488,-3.7112433672623433,-1.9463421174199131,0.32750328063564255,0.9206428669044646,-2.923594229806784,-2.7173983190976734,-2.719396308778768,0.5638494938917995,-2.0704403746332254,-4.3273250454251135,-1.3794913964969535,-3.4401921135007325,-4.748422401852226,-2.3918021386012462,-1.99468462856744,-2.1825748056255443,-3.4157240195930894,-2.203674547535922,-2.2686763368701532,-2.3726547313596282,-2.4665427095909584,-1.7866247557325017,-1.8700251125279845,-2.736907689326761,-4.488345140020423,-2.465496453418708,-2.9988848622691453,-2.616826911550847,-3.5910677764968852,-7.131428686075959,-7.329886388318292
-5.587288681033843,-4.590006778556432,-4.396778415155425,-2.89507842618176,-2.299991724484039,-0.3904303683695847,-2.0820254592570566,-0.6405221663322709,-3.9990862471690902,-2.171855609031759,-1.5551429736503664,0.18846373495180296,-2.0641026671793687,-2.1230479473139003,-3.283679906444148,-9.405990502920092,-2.713693901348636,-2.5648252185944105,-1.9503686616965954,-2.634692036056038,-2.946855147883548,-3.643540176934223,-2.7587024360278805,-1.9605588365492153,-3.8532839608634144,-2.185670045532062,-4.316207729139651,-3.03084687438284,-2.679525300792376,-3.3370286285458812,-3.9260394702256733,-2.7494966940579713,-8.854176354815515,-7.53713287422468
