script/wind250m.json
{"header": {"parameterCategory": 2, "parameterNumber": 2, "lo1": 6.000198445256149, "la1": 58.999992894266676, "dx": 0.5, "dy": 0.25, "nx": 22, "ny": 24, "refTime": "2024-04-20T10:00:00.000Z"}, "data":
[rows 0 to 23 of 24, columns 0 to 21 of 22]
0.10586018546247754,-0.14750837580247955,-1.393445898087579,-0.5061565652812877,-1.9195263774111173,3.929290542279468,1.3052715041493923,3.4105685772371572,1.2866268273958839,2.351787903426206,5.622899512381846,2.4833187517152,-2.0293514988039982,1.7628510238026986,-0.7919232363008444,2.6377145322813504,8.695943558161199,-0.5551018449518168,8.076162371933544,3.1159970317467005,-1.1445786970847647,-0.24744409393608308
2.0654181573374233,-0.35626374549648426,-1.0130820987190645,-0.977406440583793,3.3293312408193976,5.257928947133902,4.697468149983394,5.188529534851974,-0.0006668075506156183,3.9199903953662782,2.4954207348145343,3.129505006920691,-0.2680572782236547,-1.2384356560771905,3.88967283931787,0.7918874488119069,2.0326610917526846,1.179980663538606,3.327717609428936,-2.252414095195356,-1.2254422097386262,3.6306728448841357
-1.7902764092536363,3.5334506859928574,3.6077090135989276,5.6769270705516535,0.1949895639823891,4.507674362836859,4.355351536695065,1.8411867610706962,-0.6659073568966413,0.9913914626647191,-1.167716412997688,-1.554839691303725,2.375096196922703,1.5444921092061805,-2.1991175885290764,3.132158311318997,0.7153004483551734,-1.0661441682256283,-1.2476352268380402,1.3387062200141413,2.9519068985625596,2.7180482255757097
6.748042877169235,1.7221134136408556,4.194200389980889,2.805298699071489,-0.6261825959050648,1.310983948349676,1.5138562888446894,9.006520161018187,7.590867596025527,-0.7808434745015107,8.3602062200631,4.01944739383746,2.7739517426723443,2.460650956429968,2.8136611940538865,-2.1889568305895284,3.7386665411257,2.0086983284758477,-0.8364135567040666,-1.444577916984906,1.2587341533893828,3.7539861354923967
1.8372084148960874,4.75935462374973,4.665326750437796,-1.1683989136846409,4.4073437113444465,5.429880419796577,-3.2639764432919645,2.825185007234836,9.024402484807219,-1.574958552512923,1.260920194124805,1.6933213577084045,2.161252087355317,2.50551794352851,4.395538238656631,5.076667845185167,-3.0736438037621476,-0.6471881798998903,-3.5323202404567255,8.4506883263377,5.26422960108964,1.5486620088731808
5.086812002029595,2.2938337427938538,2.5546169354138426,2.1297965799833074,-2.8212696464457463,-2.175654076493776,2.639707055430867,1.829057364648039,3.598817585351492,-1.020148313036697,-0.9006512323846652,2.2925195575551833,1.1586927686244703,-2.1044826414092075,4.412100043233859,2.226081100448938,2.583635294080628,-0.0039613452810315294,3.1267967504711307,2.4841213387506764,2.147642686189165,4.432102073119723
3.4753372581364386,-0.7644121524041801,1.4995597961307532,4.809216391496928,1.6800601606531511,2.600556030461679,1.7110233412966391,-1.4782625021006268,-0.6831235827192552,-0.6615013230705813,2.9065608842961175,4.399249925920757,-3.3402685670822065,9.778630535516603,-0.2666049009549504,-0.6816249927571697,2.338437610369606,-1.1562863540032173,11.11915399712524,-0.81895641025068,2.731160902338303,3.310335944106713
11.026122810788351,-0.5875716997037593,3.4543107962614275,-1.4418985166643365,3.7566792073751896,-3.2353225680714535,3.9854265528622594,5.147374985590228,-2.4434458802556134,3.333809477758249,0.9675561242740508,0.6565215967186281,0.7620056143529192,3.148284122396798,0.5673070814138096,2.243610321840224,1.0194870449897786,-2.2727151023766234,4.0194926128021375,2.653863244394635,2.635821528106975,-0.5692774069100053
0.4737414830930351,-0.855903322156292,1.2120857612209786,6.2657818319563185,3.5316477065188208,-1.0841813637337745,2.9344234103913918,2.538622152865107,1.9292941956320069,0.38147501280845,2.4254938537328417,0.2577967016194699,3.6806802296650085,-1.3813231462415159,4.718373635646326,-0.9624482050569468,-0.5936779267918185,1.344811216298719,-1.4814952861061412,-1.1182953325185974,-1.5055721451441102,-0.5106330056733603
3.9126174371243083,0.9637040867475002,-1.2772904349990377,2.583220744774254,2.437320798025043,8.881146866529052,2.0045398448104446,1.2222971345017835,3.762503859391394,4.47747473079381,3.4240368717302836,-0.9964083616541307,10.178976290965254,3.0208800137304546,-0.9879747571340485,7.486741774195374,-3.900025765500519,2.790198336832022,4.008838368017854,4.55372324992,4.584518870117964,2.50285658304824
8.355307314521863,4.577540053775186,1.5193709324485878,-0.7634573405231955,2.6685163575472637,4.596515828190158,3.8948731955835103,4.189623760181979,-0.7923949149902902,3.3727226433438084,-1.2918403210449816,-1.6296082414591866,1.2110923162939666,-1.4092164764871542,1.4221346183026453,2.7002767477304865,0.3985398177727719,4.808490726738234,3.1263348041718184,1.55595758407965,3.0938733886954286,-1.7483848881556723
2.2139445152658754,1.8781066086960672,-0.37365623661131986,7.366114993814287,1.9000994534981983,-0.49263120244411757,1.1761584605632815,3.365659778079462,0.664515997268758,4.104110278688267,-2.022263189701377,2.7868452046017933,4.30561259584702,1.6885391480346645,1.7198029270047384,3.313476821070369,-0.3112705041859282,3.194695837169652,-0.5441790261095045,1.784107456597741,-1.0600625131973997,1.9383844892826334
3.731313627317882,7.321379241025011,-1.5478260826556134,-0.8537023725994513,4.817734570567136,-0.8941907588423196,-1.267858373472395,5.187247325606602,-1.8379054191385864,2.4485859270858734,0.43569376112587027,-2.0360990003697634,-1.8916204719191752,-0.0283829176584811,-2.3034452414174202,-1.8918455384583681,2.189657542398441,-0.5701420760940527,-0.6084720525435123,0.4086483284503143,6.047306162768883,1.7779173650184177
-1.492513967297861,1.9317062574197632,-1.878539421106232,3.5037288313280524,5.871503616250119,2.83008026364161,1.6378097259875783,1.277267501451133,3.4790729198235253,-1.078408961739246,4.220542285669492,3.8923492384535363,4.411817644855142,3.001306302009448,0.21377678353770038,3.3225925673055565,-1.8533127926200808,4.472092036730113,-1.338477910688191,-2.2383113445675336,-1.9086703980228528,1.9060707464813813
4.853819522288087,1.446434840741164,-2.132316834056592,-0.07458692114736087,4.9639946138960855,0.3422374542706171,1.9029573624050364,0.09257903669756123,10.47681270047161,1.4574001605971227,0.536135467239454,-1.0878580855115398,2.313252275626282,0.6552577560130468,3.816461084827103,-0.3891109923657497,8.746887495334338,3.2997643171913,5.213257309583128,2.4021225390055445,1.2591646127381617,0.606913995452844
-0.05938700434956147,-1.2912059715511799,0.9224438208059696,-1.452206408184784,4.754666380427694,4.841159086950649,2.2126836874143807,-0.41873826572952505,3.5182749466008123,2.898140091370032,-1.5902997883525638,3.44828557869779,-2.4290876616991692,5.179485925942381,2.2213704400854657,-3.9371539463669287,4.747539897557644,-0.3647797879309757,4.790964495128708,7.061571343764241,0.4803795080266531,1.957967324875285
-0.39126806441651524,7.964612744074094,5.598898619438058,2.3076254646586714,1.6922654117965639,1.8705708623040018,1.0512891966346511,1.8787859166383776,0.4866052945248641,5.206304318042261,5.10355773074019,-1.09421823987192,8.948638773551545,1.3103381517599706,2.592009149762671,3.3128815443786026,-2.8472384134461604,2.9606155096961198,2.3482927607584347,-0.783748726832208,5.1547585126565565,2.4244553200461443
-1.0008668860558534,7.552641250761328,-1.161383576251869,5.301613996424155,3.139847294422694,4.871133166139936,2.1471466711351535,0.0024768275985350453,3.328192855255327,0.677439450883732,0.45926004316005187,1.9827942951383968,2.8272337394112754,2.5405097472557636,0.012009630426920761,9.046701318307248,-0.6580809080765554,0.8000926853254385,-1.8652356546160007,-1.069540939180319,-1.2169524175714863,-0.8893042589051122
4.498374312491345,-1.4642656755293688,-0.5306341862479137,5.518177330650542,-3.0260716825917298,0.7314319821594315,0.8363349807791219,4.5585853035381385,-2.802841793330509,0.7043961442439246,4.377924517311038,1.339940018735561,4.221083797802762,0.06018320043771839,0.18629729265392314,6.363731474688403,-1.5774467988245484,1.556963011032944,-0.2938114389820874,3.761581334534866,0.987820566317679,-1.2794112755010854
0.20797359911829053,0.23835892932109626,2.1395668844967433,1.047089040952564,-1.5220511100594694,-1.2321504673870494,1.74905932075403,0.7693506426866342,-3.703093121309125,3.984435390526151,8.449539096504486,-0.13505949154580194,5.52808324876264,2.344297099117287,2.312949194278664,4.828924053931113,6.969774586476792,-1.3942597459672785,3.2212086862132674,-0.09972021367945921,-2.58463828396499,2.1735644721271004
0.11121663004845787,1.6165545727374644,0.29104921898828356,4.921622348374161,3.497838763163285,-2.547253718623721,4.403826305171626,-1.0147384110754425,-2.280425007546012,-0.3270106826501645,6.541877660555549,3.822638495588374,-0.33597957048317273,3.208666359339884,3.175262592662051,-0.8802656465196282,1.4848449072895822,2.440062145084557,1.6864434648067912,4.956958610708178,2.0108810661401213,1.1453642126046886
-2.1236365462289473,6.499450537833308,1.2213448842752253,1.0977178257326896,8.132628032669071,2.6558413595723716,1.0793928717889414,5.914431063246243,3.32849085889583,0.10812189428195798,1.5273670947789006,-0.20640044100548313,1.386044355772669,10.409864328770203,-0.14499258546266963,1.0483752924491507,-0.5208370480116112,-0.3504285931854088,0.3425390115789608,-1.3807690407691011,-1.354184942390164,5.041918863421983
4.561942620036846,7.602832467218947,2.835237818642998,4.7348587939587,-1.1037699281308408,-3.3281351903074365,-1.7403104586144034,2.509540221084313,1.4949814270583919,-1.1140108923658134,4.306745255436781,1.1652667401594998,-0.5526571936141949,3.477588322372085,0.6061338084514054,-2.1302807715650136,-0.9037927981212219,2.6529775515715994,5.5707845102427855,-0.5719745858756196,3.6340446573993974,1.2396885804115994
-2.588321407783877,-2.6081999217292635,-3.1218902108643194,-1.023007048448567,3.202153520972915,-0.19323977525551225,3.0041075044929326,6.112633743002371,7.334763811492481,1.7953592575657007,4.30872914050813,4.842592370723692,6.109531723705113,-1.8793893816720009,4.778177657890101,5.611007225052683,6.826773676938008,3.2438228218780187,-0.2825144344162675,4.055765247405726,2.4797529893023698,-0.8402227805481601
