script/wind250m.json
[{"header": {"parameterCategory": 2, "parameterNumber": 2, "lo1": 6.000198445256149, "la1": 58.999992894266676, "dx": 0.5, "dy": 0.25, "nx": 22, "ny": 24, "refTime": "2024-01-30T18:00:00.000Z"}, "data": [13.75842149891357, 17.83224535819059, 9.417573730021429, 8.144346679266453, 13.491714664274888, 11.763828201777939, 10.98963575113679, 6.337920126994879, 12.850312533139427, 11.922916558994231, 0.9026029258265403, 13.602689913890485, 9.309718397164188, 5.006814643647685, -1.1331138786978583, 11.072974064955563, -4.046690210441292, 11.277617215403266, -4.912806412496988, 11.85248312559212, 13.089848201836153, -3.179455432781172, -2.7713395350465415, 10.113248773866756, 13.023072743054305, -4.142215734638901, 11.57541992428339, 6.215779296946211, 6.546747110768707, 5.527297428379109, 13.077883860300304, 3.700501884853492, 13.741138943692308, 11.966632368811174, 13.242674644622793, 9.44770372727926, 5.655490492591231, 13.256994410686364, 5.295881622013347, 9.485616820408906, 6.809523639048226, 12.310646478878038, 12.373402933041325, 3.8400264017983647, 15.176715074036595, 11.258166181721391, 6.991905387558968, 6.666326458372941, 14.093027243448867, 5.294331580287513, 4.846676190318188, 1.1602969567508152, 16.962199125360417, 10.185144793851329, 17.297420178301856, 10.03744483016711, 9.580450535557821, 13.587765186682098, 11.435786830671853, 2.4986114744728507, 14.548877071697074, 13.002244575664058, 10.669789368176218, 12.793569854980937, 7.018777079499475, 8.017675228531829, 10.5734809501556, 6.257793590215436, 10.451697032712431, 11.073892731455715, 16.573417930660167, 10.630982408129745, 7.731208981512843, -3.580679556217518, 9.465445502613493, 12.201332950264883, 7.825577994814714, -4.145723898163779, 1.9353512257517185, 7.681174824003447, 7.1968582155543155, 13.951335841611778, 5.097258429766967, 12.811609356345517, 17.600871964427657, 12.786268478470257, 7.51873297142491, 5.601508055798948, 9.427370505008735, 9.988823615137804, 0.07088950127354784, 12.200466905571691, 5.167089760494017, 6.156785459987442, 13.376498251243095, 7.072298369099587, 1.229701795548562, 12.730406924681553, 8.219848556908678, 10.595110009559379, 7.614222742862816, 3.8675428662966436, 9.297943804776803, 9.082332924117434, 13.584566025683026, 11.809765724060028, 13.325367104436369, -5.528413419560612, 11.502665798957443, 4.8020807131837175, 7.159965368219564, 6.359414024872386, 2.0134052750638984, 7.117582344871184, 11.793161297107073, 11.568008050795193, 5.689226014423431, 9.541584328526636, 5.654438052077846, 14.587647968206525, 14.38654921121512, 13.182712721087839, 14.20507818881115, -4.092661856907324, 4.222430703426117, 3.6698651666974014, 3.1698448748182804, 13.575941406717245, 10.233637536442798, 3.8287525593495304, 8.3373948727483, 3.628325738720105, 8.421789196513403, 13.827558658779974, 13.117995077730747, 8.336223327539942, 14.49035700256154, 4.343518275435447, 10.773454745788321, 11.338647984392816, 10.890144960969279, 9.731306155264067, 6.193403617738911, 9.34243304565569, 11.777379381646513, 7.934100917800326, 14.163719886831855, 12.663188546446294, 6.0930125269400435, 10.54230490421897, 6.793195186171481, 12.864021262889924, 9.263609140226675, 13.673209769553267, 6.617467681558776, 2.664922432344178, 12.89115398638835, 11.452960562887736, 9.950554848233097, 13.30752491923019, 5.757910173055975, 6.0928277182533535, 10.844956047460057, 12.206611509716677, 12.161603416285772, 8.699278526362162, 13.663783515185818, 4.803898848129683, 13.025493354944508, 12.565640904658894, 11.288852832624677, 10.10833908169269, 0.11944993810635592, 8.590862900922412, 8.389172954652327, 16.39229441750719, 13.30287977233154, 12.45400299942612, 11.291749568147134, 7.40694915467771, 7.749557870369334, 10.587932110753055, 11.000770026029794, 12.602536632603622, 11.790582110723655, 13.409561337315742, 6.1285192514218245, 13.534772700245906, 7.394034518221013, 14.659023417132783, 11.133055590787716, 10.831170899455355, 13.623826214837857, 10.591425062979884, 8.96517341558407, 11.407826750700341, 11.436810713977513, 11.28310675200614, 7.468118714546451, 11.203471812889642, -2.6573053386289662, 14.051781710853586, 7.660493302984532, 7.928991671406077, 12.695555191582189, -2.7822865500989327, 5.9818308094336015, 4.855350507234429, 6.812501062958623, 11.208753869478073, 7.836357301710533, 5.222303073971051, 12.48014031668114, 8.236003634509526, 13.414850372506004, 11.716106439823674, 5.718532485078476, 6.6020037551384, 11.033913550813066, 11.6064945294068, 3.910236747297934, -5.26628685525413, 14.09361966382417, 10.667247930626754, 2.7410654601335724, 7.762894914207916, 7.13305582116057, 9.266293968134397, 10.52613223063241, 5.273472779890108, 11.176945945906692, 9.59006270942934, 7.938598959800763, 11.360763346511565, 11.757183018699846, 10.178989885217538, 10.591371082802524, 7.191977868733949, 8.534114987166937, 13.139800210102273, 13.08144293736534, 13.54942860371078, 11.493409142693613, 6.779668102984151, 7.312378977503872, 7.786129648985366, 3.400606286055066, 12.125346436973677, 9.65904363127619, 8.264402663612058, 11.60905109029203, 6.433952539480962, 10.613375358616398, 6.104114762464639, 5.301473800285852, 14.943646482879409, 8.076355568757702, 5.946794254486533, 12.91191914305649, 1.6306979036678262, 11.152056099417733, 11.058136719202727, 13.521886815072175, 7.548142340131711, 6.187059505972241, 6.3557842524906825, 10.224563736176606, 10.529935073726335, 4.39256733889006, 9.489262322268992, 10.501024316533481, 7.2886319549088645, 12.925860637108634, 10.586971849030679, -3.935994199749559, 12.6547049761658, 13.058676229466176, 16.512247858474904, 14.445694357909078, 10.62185656926552, 10.902660721861617, 14.67319702806723, 14.59490374339372, 13.507602231536953, 5.665220271102298, 9.859322918357892, 14.233332318656812, 7.3070551858535495, 12.156588706445397, 7.690704204951849, 3.1210246748289845, 7.114026049115752, 12.086184997339899, 8.744721287272926, 11.392068069521656, 10.565570557910366, 5.800399098566653, 8.331848884774221, 11.861588603163963, 13.003441180564652, 9.4467305726335, 3.965563763902022, 11.880844384028833, 4.127935528895723, 13.078184103903423, 12.925432050604543, 9.273667662659012, 6.311707532381725, 5.127224428562489, 5.945679802690716, 11.288025398426804, -2.223657101792719, 4.152452072362199, 13.74647326901968, 11.34243746305407, 14.472666695041152, 8.584389300208345, 1.5049885243732086, 10.789533954670576, 11.100309433655907, 11.041690335784864, 12.885992593299084, 6.321537974719454, 5.455413492650711, 8.251146793258672, 4.13041568571577, 3.6061217901126783, 12.278942880218198, 13.287010260469785, 0.9402848296668629, 14.835340237801715, 12.368495487549051, 13.447712099427648, 8.748703024882717, 12.39237826562241, 7.753126115781389, 5.054991462650599, 11.087944990994686, 4.7448303583868645, 6.8322362414463385, 11.949915183743343, 6.21746348604348, 11.056942537901916, 12.596046494614237, 8.74506127030943, -2.357312262841523, 5.787398091453517, 11.504060501249931, 5.027283738998272, 1.854653538277916, 13.221414457839074, 1.7755936669199877, 9.921574311097958, 10.86100022663283, 5.621967572249041, 12.447199205268168, 1.3466404379838568, 9.82775253411722, 13.291464408773512, 9.932462348771887, 9.816115779901649, 2.0712513076115244, 2.944465690104505, 13.906065195973635, -0.28807136929545524, 0.5178776176503143, 5.437533925731024, -2.6226354075337284, -1.806439694716912, 8.92498605672669, 8.82028987575487, 9.115171018869038, -2.7779580017742163, 8.91068611409468, 12.31620354985254, 7.871545368296891, 11.093478382271364, 9.335169545555244, 8.43654996899948, 2.7053300626592436, 7.340989715022893, 11.345294039747547, 8.515862798111362, 12.781557456055504, 14.47725506780441, 7.578378214739631, 11.034877655047513, -3.8184276033248894, 9.318862928111864, 8.218687596843537, 11.549877007058994, 11.989082734739029, -3.8682789373525797, 17.427588600617256, 11.465366171005472, 11.440469545719711, 4.626754211044686, 14.540586487421416, -1.8772726666155242, 11.372243805076568, 13.83215891894209, 14.09698842859307, 12.346065600020948, 4.220368928788342, 14.459283364309854, 11.41260775579661, 15.627888889351025, 5.479483556364007, 6.703871783997608, 12.056909154859358, 9.702212281253786, 6.208674294120471, 12.539956675752048, 13.36721497113144, 9.96626963556305, 4.512698655071668, 14.24718390826828, 13.083143078471688, 14.057099128158686, 13.563338639438618, 9.072267155569714, 15.647562531841318, 12.372700677930423, 14.237864907910799, 13.160269720611, 11.01808029704705, -3.001003695207438, 2.8354695154489304, 8.68352567786776, 9.771518233801425, 8.8400509650148, 7.7155717200151, 2.4182694779476672, 11.435323220075158, 8.502816594437302, 11.957994696427278, 3.8529534320919367, 10.868537239326153, 12.874484789621842, 11.713841836288854, 10.20156775309515, 9.651046030574765, 11.716028577202268, 4.73226887313328, 5.236694137483271, 12.961269869257912, 11.900405235831519, 14.580028887982932, 9.250580507781127, 18.474651866845964, 6.709876227389322, 3.778683019383957, 18.134777950974506, 6.748131196886114, 12.265817522670037, 11.859296875994795, 14.082420649222925, 2.5970118638862876, 16.478049105765656, 7.90417798962745, 6.2065838576595525, 9.788452846936826, 13.047523940449603, 4.959006875166453, 13.620818689220416, 4.583587285667108, 3.748310254044577, 7.278327595228445, 10.207767483445176, 8.42344507202169, 5.873310889160371, 14.588149353379098, 14.44431292773393, 14.23708425995303, -1.7571013223953258, 8.601868942012363, 11.384903168464545, 11.167884250642297, 10.358929753015104, 14.82526194742457, 9.358481942453137, 11.771235583603497, 10.825088724686578, 3.339315538694428, 8.760435955994003, 6.682855237735803, 9.24931556982779, 3.5785436687508243, 13.404692392654331, 13.899364471849415, -2.1208496989267123, 3.319628567375118, 4.192598345838337, 14.843957227026944, 6.488410454367975, 11.354112447022182, 12.731041962605952, 6.247660086568543, 13.042599006241234, 12.639424556188551, 11.858705784072091, 12.905332676372588, 14.708703587813458, 11.926053509406142, 3.11256104402284, 12.510167242668423, 13.721488047082723, 12.98302403300312, -2.845996134242532, 10.726383817841455, 15.418591995739751, 16.0263474973773, 5.765316293402327, 14.1322750463489, 8.253101490177565, 3.035639055755542, 3.6206726938499427, 7.020028178630526, 8.515598365389804, 7.824214651205307, 9.191988074768819, 8.228474752497114, 6.916946504906846, 9.85312567872971, 15.944150397097983, 5.351287131737489, 12.01116087675157, 10.850412033401009]}, {"header": {"parameterCategory": 2, "parameterNumber": 3, "lo1": 6.000198445256149, "la1": 58.999992894266676, "dx": 0.5, "dy": 0.25, "nx": 22, "ny": 24, "refTime": "2024-01-30T18:00:00.000Z"}, "data": [7.038106424171809, 6.858390847498107, 7.542176363041031, 7.96068195315065, -5.970094753492116, -1.252801750029008, 9.997995577471197, 11.631142982429614, 7.350014940766093, 3.519264663732091, -3.4010364864795797, 7.887957353993201, 11.731616589421037, 2.047899001299671, -7.079485442107798, 11.520080442459253, -8.758897488469735, 7.873319071624686, -9.82331915517384, 9.86567049909395, 2.2203426408400504, -3.837981382811659, -8.63930028741157, 10.533481693209826, 6.5166123030596745, -5.962374999212128, 6.398705866437726, 5.183511379707757, -17.17041217166188, 4.736390960121963, 4.241444811018691, 9.715641708047679, 8.298497898754682, 5.579303950417891, 4.598186856100346, 7.62311134215226, 9.036963083165293, 5.725514102237942, 5.976372716579126, 7.343102585585542, 8.317005229876823, 8.445421224233495, -13.9945312593175, 8.575743989546634, -5.391230907233427, 9.357626339556829, 9.556606874687775, 8.182604819041886, 6.726110086203559, 4.561738966325806, 7.623769172807403, -4.267034786064904, 9.193441354468398, -15.49727227296072, 3.757817510913872, 10.631837969041102, 10.093421237484202, 4.101919739353339, 8.286735272073285, 11.018847420536455, 3.457765508503466, 4.629197270729211, 9.527453539715637, 3.7099833223882017, 4.223715072387234, 8.936077459383357, 2.494123977179423, 7.475802752924095, 11.433419815892039, 9.2403619310591, -1.7664027772466224, 6.429541057415298, 8.910422220594906, -12.485852024671486, 0.22012658518119296, -14.494503017858362, 7.636858881769482, -8.49140340461193, 7.289935591490803, 7.409537653558658, 5.85423672769985, -7.065837959158336, 9.023065045516114, 5.627819202417301, 4.321963190672674, 6.746112068912263, 8.494102639042106, 9.127848645673852, 10.29790726965837, 9.560142874866285, 8.522363134369083, 6.086282929077847, 8.873693225429829, 9.224612363758608, -10.566872165163772, 8.429612985999697, -7.808277059652682, 4.18069904421907, 8.339012868444366, 6.517849179073894, 5.427114534854053, 8.050623998881015, 10.975814894377846, -0.7745357824644287, -9.885717431662455, 8.86174354143806, -10.871200897184686, -9.69423307817897, 0.2708916703529445, 5.413160364401272, 7.2812092419585115, 7.696904679086311, 6.838744342667899, 8.163161540199896, 4.066738329127054, 4.50086543030727, 5.519784000775234, 7.7636420616956245, 9.056388529745307, 9.047692101600768, 7.346854549291741, 9.444385985036055, 4.729543820487167, -9.92901843820685, 10.675762225487775, 6.56517207196392, 8.405198078025519, 6.8801463068851385, -5.377649691263058, 7.855729228173264, 7.627540049776249, 9.638060994707395, 8.992170740585541, 5.854220636569387, 7.244997354467386, 6.674699424813737, 5.306257161049963, 8.153548456208675, 6.52000758200173, 9.922720256102606, 7.580402681140064, 10.219763228729017, 8.293584901432082, 11.148058080935629, 3.3665141775593557, 1.6662499577512895, 5.849859596169016, 7.59211917921521, 7.328725825851387, 10.57981246385246, -3.324259916315517, 6.225791768311862, 11.056138247888109, 4.080419834055757, -2.8692222232708113, 7.871433808416085, 9.128759759409464, 2.7835429749600635, 10.167041690432894, -5.519206517682548, 8.89969276824554, 4.789819174819053, 9.589732980554937, 9.547947788053312, 4.591287627893373, 6.817645256166284, 10.082508962632488, 7.96739527467352, 6.709684821526056, 7.593834339794075, 9.348089688782693, 6.424039047807072, 9.540361984637952, 6.606442800773212, 6.209322946052917, 6.513805046136633, 4.055668240150091, -7.965180368358134, 10.275710520342013, 8.589597918794686, 10.995328786178332, 7.564977575212237, 6.892565540499782, 6.805860105525051, 6.369835296829586, 6.847842393353022, 7.689725973760339, 10.399246968508967, -17.621910736739082, 9.036731930719872, 9.552165834906637, 8.704517419957869, 6.2682545039587385, -7.174446888220508, 11.058058966276407, 3.858363999303384, 8.915993718875281, -14.29735396882888, 5.8387491689425035, 9.73160340474818, -7.572322666744562, 6.020291387871965, 5.969236394678095, 7.525850610536432, 8.496433767563984, -9.438229231660195, 9.513780419931647, 6.582897558509849, 11.785343163998933, 8.862826678196853, -0.8219639853023242, 7.494638976481657, 10.460133535888236, -3.2869478903674483, -6.560581493955794, 6.250649982019273, 8.877230939999952, 12.332886966687564, 9.617941648665623, 7.085694056345086, -6.254205299995923, -11.110241277158202, 6.935335466636312, 7.705571146959312, 7.842371479537404, 8.853079265056998, 9.438765529430865, 10.931358051932005, 7.659661524486197, 11.0363570956489, 8.652193275360805, 10.755620439572622, 8.840190959002655, 7.753709317820885, 4.592068897886337, 10.109016083009056, 7.5797104269406645, 11.71206822103481, 8.279367848710862, 6.4055958873778875, 9.600676872506616, -10.468694000149862, 7.330501284220797, 8.590342131743258, 6.377754262468621, 8.762046305285068, 9.446318741422326, 10.091669833622626, 6.534694849237364, 5.499509299877235, 6.691260290171243, 8.669060307817551, 9.885634059641166, 8.386690360830002, 8.406229330077487, 5.862837986571626, 8.456845489219688, 10.748906181513991, 4.9917741932524216, -3.9926832788723035, 7.880844340733203, 6.945081357758364, 5.413219233214477, 6.667956696612783, 11.148893403245497, 4.165723502670131, 7.727003396172179, 10.46842032600948, 10.624300585780121, 8.557440512041723, 9.998359226035582, 7.66547637785422, 0.6797702575444174, 6.7595568492750155, -10.216223097908145, -0.39935972364788264, 7.083769251234544, 11.055236325475667, -0.0020029924338007456, 7.44381701154061, 8.720161752107495, 4.968078617280194, 8.493094426417654, 7.6281641504012185, 3.5109885108727665, 10.371886130141455, 8.073470324553028, 7.339726608169521, 5.389295202980164, 7.006354615951271, -15.338171840833713, 6.017455954871701, 5.036568624941486, 7.272804133102604, 10.59266771476542, 8.394300138107774, 9.798143656313172, 9.637967402669496, 9.277130164923133, 5.450669412098119, 8.69413630567775, 9.40330267720871, 8.837033087129882, 10.29199454214971, 3.638204569895657, 0.12272259410077617, 11.391463310538017, 7.9507681137748, 9.450657284716833, 7.929709573211066, 9.010868464937332, -8.753041751175926, 11.031846480790213, 2.922753206449075, 6.18563964494262, 8.40569716139336, 1.714185102876038, 6.853832371404186, 8.620766189610835, 8.47721316872356, 7.089670277047747, 6.549342012103531, 11.737056788275169, 1.3289881030131327, -1.2200122434604053, 8.593273062130747, 7.061278799533377, 4.202809942044854, 3.752060252327374, 6.012775259089721, 11.06885783127867, 3.7244319934107706, 3.8830840692378, 7.315186428874158, 6.5728975981812825, 12.183359593241512, -7.0655875935991235, 6.151921287359329, 11.295379657108885, 6.100428743258931, 10.32725512573315, 8.065332508125486, 6.613734263584275, 0.2627251585241337, 7.529517134519896, -10.062792360405076, 11.415803352202197, 8.440892304092742, 8.956696273402494, -11.02780695176819, 8.46231753453828, 9.51502435912232, 8.666084360042374, 5.2723274009412355, 4.549680729560437, 4.909568832930802, 5.68736203953707, 6.508414371213062, -10.82190225884698, -9.948121628796825, 9.11882426882094, 8.27144453151091, -4.489456268806237, 5.481605382888509, -8.521573654381363, 5.92997564530665, 9.605032028120492, -8.403003015364105, -9.36227908132319, 8.71588148376135, 7.48685022185531, 9.76047522748844, -7.960353392773948, 7.543613576871234, 5.68210145780947, 7.381714674826737, 8.23279980427942, 7.00320237169845, 7.726196990396289, 6.890821871075511, 8.262683531308792, 9.059208771890082, 6.388229365879417, 7.618421184505503, 2.77056528074601, 6.844122808336438, 6.848090328013263, -7.281366662381568, 9.49505656559404, -0.483462727012412, 8.21623615200708, 9.191595526162576, -9.947541538433063, 6.9259951682663345, 7.561649213393849, 7.883044978692573, 9.067539883595762, 8.830000232312623, -9.251882725461245, 3.8781451844788797, -8.838386644527853, 10.079300544562093, 5.604956192456919, 9.9268243472364, -3.5448312076372077, 10.54890269261832, -2.015440475867554, 6.5423401640073555, 9.684336379471565, 6.968921013814159, 8.909756625167764, -8.602103185164747, 7.591448464485021, 8.055114682397322, 6.431925768357353, 10.503617322765397, 3.876134190441887, 8.049486278893973, 7.7836472638280485, 5.986571634971846, 9.350922570846867, 11.316842503466988, 3.7541689407130185, 6.02708491334496, 7.782193070644262, -15.863108437866847, -10.274540626086399, 9.555205943293418, 5.526781410578528, 8.47705648529995, 8.118452976078828, 9.094343934407226, -5.4545629856608375, 3.80680288977362, 9.39745932056435, 10.285761610818309, 9.280852911110657, 8.3076202688307, -12.023723753832227, 6.629166198976612, 9.606040907589096, 10.31246881205395, 8.700310429461574, 8.326387214820846, 9.082574647828551, -5.044387586085831, 9.065605026534502, 5.3082446184780725, 11.974761901097269, 8.504695313149185, 6.847360875619439, 8.943114424721669, 8.275521704733125, 9.986981282003178, 9.964462538092553, 7.411751624993418, 6.502221517909229, 5.6356989105443915, 0.8956104799841271, 7.9062656788790315, 8.507045102751485, 8.562637145241105, -11.681190525203494, 3.854029784993172, 8.89219190044469, 6.985506970675539, -6.258824526780021, 8.7631960101905, 8.915480420842874, 5.658697487392468, 7.036682096807826, 1.9877745136357226, 5.209677901354149, 9.519226453565725, -8.038579460378791, 4.9878079948575955, 9.999541240700887, 3.837385030647751, 9.607155269202279, 3.655377772822445, 7.78603090019978, 6.723275122547381, 7.151725614428836, 10.140173981708159, 8.917682151301374, 5.730244357433841, 9.877458375845428, 7.083292358982435, 6.511359583567059, -2.6544538047400192, -9.816127914249083, -4.53775167170611, 1.304026182636395, 9.292151591443007, 4.193643394879146, 9.86521791282829, 5.5223417635041345, 9.882097161913833, 7.728755191422425, -4.768448111787065, 6.974152617216225, 10.309338311219232, -3.998546280257766, 7.928058634602282, 7.087846561063234, 5.230871281785414, -9.494516100147662, -11.868767161610155, -10.036813902481631, 3.9467332135584736, -4.321770594763125, -3.6839809598765476, 5.571387546599383, -5.346305033273181, 6.703921735472168, 9.848625796770646, 9.793921494642229, 10.410700466289336, 9.48821084494816, 3.7707745277826588, 8.91732609279308, 8.116241258239588, 6.988595006008858, 8.979084481844662, 11.311506501687226, 7.629684959382872, 5.311812754625055, 10.19639491534464]}]