script/wind100m.json
{"header": {"parameterCategory": 2, "parameterNumber": 2, "lo1": 3.000054539987559, "la1": 64.9999836372058, "dx": 0.5, "dy": 0.25, "nx": 34, "ny": 52, "refTime": "2026-04-21T04:00:00.000Z"}, "data":
[rows 0 to 23 of 52, columns 0 to 33 of 34]
1.9072208132865724,1.5368013649745662,1.6890595256863499,2.1475756120252605,2.47789890229204,2.457320129839791,1.1794007721474526,0.5350920397279394,-0.10053123537882352,-0.6693497912692883,-1.1643065276943538,-1.0365365575115166,-1.2246906754538427,-1.778160488309682,-2.4163291078354887,1.9065328962752353,2.4550133446815043,2.8627247479319826,2.0004322754902026,3.364724354184831,4.962745436420496,3.353934441588824,4.668418774885042,4.2105872939236715,5.544976393901461,2.831613340169636,3.6842691463590387,2.7749482207088487,5.054571051361234,4.827502980424392,4.259956662000404,3.386666351929102,1.9077836752806692,5.710895130953397
0.9674021852512961,1.289969856926795,1.3155007518879247,2.3126253667467624,2.082352298751438,1.6400228923392646,0.1516575986931795,-0.16364599715409883,-0.8667276377861785,-1.3512207103574434,-0.6575028064391989,-0.5267070815493677,-0.7428734441808635,1.3468510657654478,3.246582757294656,4.341736988629493,5.288561324095713,3.488761090462805,1.9029773664409018,6.310105670343752,3.389173460054439,4.145988325365101,1.8169741720524264,6.40689660563069,5.577905118069562,3.130489413218306,3.4500149995894667,1.599800139442524,1.5868967723986422,3.743134095551025,5.831353831202937,5.707098144383577,4.704573038303657,3.25867269697417
1.0076752168794125,1.3758865608332123,2.382694862991811,2.3431301387449763,1.392343133413221,1.3697987772776372,0.047476679078975355,-0.745787937436732,-1.4240787145462737,-0.6184049107133206,-0.2543226463136902,0.4081060503449117,1.1806167609505889,3.4257624990997293,5.142102839387982,6.075284781684933,6.152947541668358,0.254023425901672,0.8368663027383416,3.9113471279817538,6.86517003497569,7.832060422886285,5.049500863182439,6.474073684841637,5.403839130823621,2.8898811507195945,1.8108885405367818,4.0093602217967375,2.617984269570724,0.7988133896756582,2.6343492446564545,3.645450427547197,5.925509603171103,4.169634057869036
0.7471735631609935,2.453038362539281,1.713905193895135,2.333427031240987,1.2662107163736056,-0.9745563896298999,-1.4125059048672561,-0.9178683213090061,-0.5259386449565682,0.09000228606136843,1.0416974928619271,1.0378538200317784,3.954346336436468,5.312996202399494,5.680609200002874,6.256994580404026,3.692511065460083,4.124578397155664,3.4636251164132186,1.523117273279348,4.358404235006154,8.310592576768773,6.04506275251844,5.497655401798611,4.444404800210655,4.521946113113412,4.375617076179093,1.4658124169439628,0.9713997906647247,2.187716536467244,1.4137069160655693,2.5177318331629928,3.4742794758670708,3.0666769162585226
0.759424784912183,1.033322115628094,1.250545097166439,1.6629998960833967,1.262363521034337,-0.7150321609001252,-0.39458058310989563,-0.4190299592468806,0.2487507907091033,0.9181729016484199,2.114055172341826,3.914823656618526,5.378625526950971,5.868035053926609,2.9102714644613337,4.212419454420578,6.131869667884354,2.0971785639532254,3.066877799352792,7.527246782401589,5.174780219052788,9.280507119143396,2.5741365660323265,4.42077608340025,5.086998956202509,3.8908846536797053,4.499108007351394,2.4553023714977535,1.7447436496839699,2.5889814069765436,1.5878001964270265,0.37847409506310636,4.177815113682815,3.742043289299491
0.49843037315131605,-0.24253508091035053,0.7698036037338096,0.8100342451071079,-0.11554911168898828,-1.1665674141222153,-0.27036121670141516,0.3810189458630642,0.7785917565729779,1.67038376710814,3.16814704452906,5.148074100921749,6.061237800809803,4.102107370622958,2.176267942899171,5.719004710790602,2.309159143999432,3.7114451487345095,6.7347605847056995,1.8627899445603067,2.2365969752752526,6.835815505415571,5.745511620831732,5.574873738246894,4.088053973006667,2.576252335204593,2.851927459299773,3.5010746369944465,-0.20264410344737727,1.118444895795833,0.6189655980107392,2.9562008914927036,3.084130542352314,2.602535156575909
-0.9480425561363048,-1.0474017195699235,-0.601669396617183,-0.3010004324281863,0.15468509827370125,-0.28642226050747954,0.31054204039978095,1.077771112099242,1.6082995314518238,3.5328326302642306,4.377594039766809,5.742040812550926,5.4891377196255835,5.324543240914831,2.386169524047512,5.825685862367555,4.0976330471014615,2.8820138117273317,5.719373287063269,6.046919186591326,4.834340923355058,7.7386174120714,5.906283262484475,4.483730198735795,5.4979630078978605,5.2976170756740695,3.263876079712569,3.8941123772983604,2.2650793738722452,4.017041179872471,3.595130526621644,-0.0992380886330945,1.8837132614915946,2.213714297899738
1.7210785035951996,0.154046344797773,-0.937739760226311,-0.7175210457530902,-0.3925959028182293,0.0192688158948773,0.9548467686164949,1.8993634150761984,3.6963296260323326,5.22573958385464,4.9664225915608,0.65728534751224,0.6065555915216843,9.739696496191435,-0.22055274076411777,3.6019224765218616,-0.2540739689549874,4.032327562075404,5.521195427803694,6.262468393930472,8.462743753614562,8.351087945450537,9.42860166705015,5.328861209542465,4.4016734653848575,3.6193005959351883,2.045074431219963,2.7082166840559454,3.6596958042125753,3.067525920680383,2.556893433358311,2.9219091526817964,1.5295065602485767,0.166304216679726
1.390362511108363,0.046645464080619536,-1.4787748048632334,-0.5267478940532936,-0.39241422832177497,0.5201926902394625,1.1622213448132783,3.0745209404854474,4.112562486974385,4.667214528434747,0.7079129875087613,1.1648825189691128,3.637414636687013,3.177050150198175,3.8075440141406434,1.1493863483087925,3.7339844491185934,3.8407954251084058,-0.5963977511605288,3.086257784052395,4.481072939503456,5.588745930834248,5.0505890197511,4.5079763616534025,6.358025709957653,4.323003317498121,5.076835438522177,5.671043681491672,3.0625311243151923,6.283018814448121,2.8635721537468526,2.4438536346187574,3.1883643152088537,-0.5926172968930749
1.7217038049169864,-1.499284944093305,-1.1092178407814592,-1.5175283284450118,-0.12831211206542964,0.6997622193935268,2.0771690671290934,3.229212355600353,3.53302923903958,2.4961081158188723,2.0744383814503675,1.1806862274069518,3.5810607315468537,4.607696741346426,0.9686343514116171,2.6680462290912526,3.5836460099275005,2.5871624286334516,3.1827186456310814,4.772741354742613,5.2363719678385845,5.213120189657976,6.734071586446945,2.788972856388019,4.079565534471881,3.9651793370012203,4.3465483987182605,1.9015001147282296,2.1690279735881486,4.241242977485752,5.6739587682364965,3.772960651183124,1.6511083089670158,-1.1819820622122146
0.8547553868507108,-1.1173412200864874,-1.8792431927134012,-0.5518828856027671,-0.04472495356437475,0.9829710030132219,1.9088966865516255,-0.5746370008707373,1.2930397453736795,0.11807090386298848,1.9680710308962088,-0.6296637687840925,2.7989640828870153,2.3213315429599044,2.968860763415288,2.8047601538142706,2.5806147727472664,2.796292231290391,0.8960870002833959,3.2514542611346102,3.326676307759463,3.461378120134577,1.4954033247229372,4.87312730204651,2.629116546710092,3.0187145938768714,5.8402458183951325,2.014189017582525,5.402413747620753,2.202131820197667,3.833756529632699,4.015836030570736,1.6925765774137826,-1.6189160623623606
0.6692649280883176,-0.04334232529015051,-1.7595460787480064,-1.130208021040357,-0.5738849094587136,-0.6236344677811412,0.008355484801344735,0.19912364581311884,1.1729542752382038,0.404049036079195,1.6374244985270758,2.1086949488972118,-0.9445248607302018,0.44560971181529013,1.9366600946122687,1.1268106006434957,0.8177077719780735,0.7494380894195112,0.5072736796409131,4.417463531641744,2.969432563698905,0.5987124187964253,4.432685680728596,2.473777302199586,3.1999396130142976,2.6473009675772072,3.91872999478211,4.044091412490449,5.62554860653678,4.857067183970535,3.006707961822622,0.6829660738749077,0.32623775199109717,0.026940113527518114
-0.7736033234963321,-2.138613235577662,-1.244452808918343,-1.5224028202229154,-1.7239753993252327,0.0774577500932682,-0.19349548605511113,-1.5192141555820993,0.183271645696069,0.7238364076548699,1.2642667513206503,0.7086227166020318,2.65721733137949,1.153665034343229,0.4956679430268704,1.8870963591013872,2.248882103181729,2.353776219800432,1.7844616860583657,0.533748364117866,2.6151984532763994,4.109110084828894,3.6847721354104785,5.431336821660276,3.0110891101107806,2.784283172418916,1.9115771421710097,1.053146464888413,3.7703851199343745,4.894343223486743,4.476151077481466,2.026185912887627,-0.7880045266137877,-0.5361000258023895
-1.8363948722547339,-1.3578041362570017,-1.350388258093372,-1.5584093244577184,-3.548386806651134,-1.529022280319379,-0.9606880473244552,-0.6641116116328011,0.6920541241868431,-0.993511622292272,-0.2685497219858668,1.027709405098748,3.012807927762626,1.4899813377367481,-1.1296621557654336,2.7195164606052,0.5565448601072445,0.7200695320418193,0.4289998575369227,3.108919177940924,6.858945489057765,0.10701056832890449,2.2965838608354203,3.2953715044981506,5.081170641982162,4.8949803321305145,6.711215121088396,5.949610271288953,7.730457694552356,3.6503504199798873,3.2530505119949558,0.5436147959096648,-0.7782278824947138,1.3037541273334803
-1.2293450586990564,-1.2543936679444871,-0.8077710387728977,0.005646074300563462,0.4702903310888494,-0.7656659466313213,-2.131204589542459,0.6056409112196358,-0.1928610022826676,-0.9208054164137438,-1.5896155245263044,-0.5460569023420221,1.7451514725055823,1.7832533695764523,3.3292785480538245,-2.7468656042886934,1.553066321651652,-1.01585839108634,0.30096502961909694,0.9564217723855796,6.00282175420266,3.456268702961861,-0.5775965641130124,3.3931480531822076,3.937308825125302,2.6913539261969883,1.5147938991489278,5.023475119149215,6.138816436945555,4.584400749181748,1.9832628040901676,0.7448218697440241,-0.2716471645455207,3.6666641179906674
-1.2318614043640728,-0.7575197531391008,-0.56242834123515,-0.17528049099072793,-0.7827515825475749,-0.12256924879120129,-0.9022044020587007,-0.050934634766589285,0.2560100810846842,0.45247556422245205,0.1229985060544443,0.8368999556085472,0.20808418325988884,1.0922919282023245,4.722597168972774,-4.76869658859599,0.3160528743191366,1.0762208186141389,-0.5637824391574476,-0.9850904165561161,-0.15075895649032556,3.4786188702750107,3.220194001594932,2.964727584492737,1.228427176047604,2.3775752264417727,4.690717240279322,6.622089490082214,7.194235386947494,4.2297889132841835,2.0987906213053327,0.9286691770132188,0.6277757701796322,2.694279647211067
-0.8176584456212121,-0.7762091710849613,-0.5036958047785847,-0.5905076750501358,-0.4852340115325021,-0.5431647838596616,-1.3641488542177136,-0.7066143362641001,-0.1305788033387291,0.11546221588191076,-0.3344454720971678,-1.8600512429839613,0.41562111476299896,2.9649804358319765,1.4322640458328073,4.568627247207559,-3.159709464715195,0.18489095747272707,0.05048299934063326,0.9410866894109409,-0.7931155921640723,2.497803949722598,-0.1716822893704183,4.410176751018155,-0.24449801304696364,1.133720843850234,2.2454167270862806,3.462637114155299,5.921010333290996,4.427004012598824,1.6903085366307653,0.9519499627491442,2.191208451853448,3.364268173743353
-0.7184326734085142,-0.16400424164705596,0.008402606938284332,0.4278813976078793,1.8659486488660397,-0.6703497718419432,-2.533798731599505,-0.9873534507752206,-3.5818839024785367,-1.2881333594496025,1.5330695892139061,-0.589277313660359,-0.8820268596873355,0.8036402257765195,0.0682867529555478,-1.0866548400262015,0.38997870032532406,0.31944840957904846,-2.648213315349731,-2.885248226672999,-3.5537305575600207,1.0945418022939413,2.3911888031827995,-0.27657486442882645,4.339065733926745,0.4558856087821156,2.214555726678546,4.02571670326131,3.096193760725589,1.2461001128560685,1.259082400825843,2.5701538571692475,3.7099959575721453,1.3565971190203276
-0.24988007229799666,-0.23205473421961095,0.2870832978672395,0.5589403619556015,1.8658886684632503,-0.1841370359205321,-1.7370329277587302,0.9826698962505904,-1.5447413165137418,-0.7553415418285316,0.9984305223835707,1.2232025407030067,0.6453793317686052,-2.8514555744432086,4.748702974753291,-1.477241938819075,1.569947548987459,1.1726043787035048,2.626255807638113,-2.838759301943293,-0.7335622479934527,-4.504364430350067,-0.40258827680050413,-0.44883756011475995,0.7464623041358295,4.390612977915855,1.8113397209218984,2.2702677546997285,1.8995407256462713,2.9978597365122965,3.8773412126332896,2.3079001618865607,2.0536418216364587,0.852752470110187
-0.04096947873796689,0.19420591917826058,0.21977214327710384,0.4945642610819465,0.6993854874128055,-0.10760766803732161,0.19057327600515558,-0.8137511149440227,-0.5523276164885174,-1.0355252823271743,-0.18073393238004765,-0.33479672646078207,2.5020547556101027,-2.2321622882770464,1.1356140620271864,-0.07357028025471378,0.5320122723010868,-1.1758537417884458,-0.0041995160733578575,1.2358889275410707,-0.5883796434072257,-4.20208566629361,-3.953404588160494,1.4562970353689622,2.3101489852601103,2.510436868423958,4.22212763281427,-0.835345328634098,2.3512999255195046,2.033210624128795,1.3683353970200434,1.643179105405227,0.8912636094763726,-0.6891073691865855
-0.5985567513893316,-0.3737137005181414,-0.06933425935818484,0.5214069927497998,0.8410164577246662,0.5212299267431171,0.03219153736174799,0.4868131144323466,-3.8205871059390017,-0.5353516584576223,-0.8284467376113046,-0.9870272171518769,-0.6763376531621256,0.8784724753989333,0.1616066648136384,-1.7654981925567967,-0.7411060072585317,-0.9019907843641295,-0.9396533875338026,-3.5062721989692696,-0.6990736138057247,0.6885485311770118,-5.029505476956819,-1.2361545416994515,0.34929326681292827,1.8046244201935036,2.5048860668126123,2.610944411619988,1.8438348284158381,0.9737683511148945,0.5843291355805389,0.5263800498933446,-0.7425891098495543,-1.4404906821031607
-1.3248440739863725,-0.9334112269667202,-0.5992878752501214,0.31672248033536865,1.1852182141427858,-1.2720523266735717,-0.934437474055525,-3.202268783151477,-3.4836412835903117,-0.6694378615796869,0.3667256091333479,-0.6134030917729459,2.059879230404768,4.544862529167392,4.313063111979864,0.011504672921170444,-4.005668494342628,-1.736733167875324,-1.1189146618335404,-1.3219327087638377,-1.8270931360323162,-2.212584147998489,-4.537394647562602,-1.3177862426043296,-0.9777867636863535,-0.6825659633082053,1.2229121124408697,2.778036816041485,1.0713844841117224,0.3952154782290864,0.5487705969910224,0.10707450999508737,-1.0696661955351696,-0.8332095989749273
-2.135016073241199,-1.7527950332982511,-0.9346090194451226,0.15664179719032587,1.220173032605963,0.006911239268527467,-0.8526364124107236,-3.069535707468337,-2.056233777817511,-2.918926468598196,2.2142760231905516,-2.2690731512226794,2.407955046041529,-1.6289232153073194,1.8648068157693574,1.1666550650902838,-3.375456162616317,-2.8648446321552004,-2.6878415163011415,0.9255187849436928,0.7144699848407907,0.6092749005856904,-4.125767282006381,-4.005411389757868,1.0623742676088297,0.06915168166419042,-0.559829107620579,2.1885529507108337,3.12821486752627,2.130212663758764,0.8212078166786564,0.686444297745758,-0.9935326322119689,-0.5798280770115845
-2.9909711246787,-2.1142601393899194,-1.005362955917766,0.3580628098752166,0.8749304792249999,0.539684683456254,-1.6249060868633007,0.14085812326072947,-3.476751347449948,1.8642574578590054,-0.35827428122531146,0.34252191383492536,1.3443625904482037,-0.0780142945988514,-0.4615442117690785,1.7846811962485942,-1.3037247560521656,-4.457406766822427,-1.6629588577284962,0.2998754226622431,1.1771535021806072,0.10936681599694524,1.33045166335524,3.680616525037892,1.7259541933100073,3.0443059345773906,2.363103635326035,2.540955321855778,1.8134254984350042,1.849479810578305,0.9807452503419694,0.058815585898456084,0.09801907326379952,1.1355412937800258
