script/wind10m.json
{"header": {"parameterCategory": 2, "parameterNumber": 2, "lo1": 3.000054539987559, "la1": 64.9999836372058, "dx": 0.5, "dy": 0.25, "nx": 34, "ny": 52, "refTime": "2025-01-21T21:00:00.000Z"}, "data":
[rows 0 to 23 of 52, columns 0 to 33 of 34]
0.29155199194427045,-0.5177076662145254,-2.214442500305389,-2.6467773929476044,-2.124732217921391,-6.163555547191243,-7.108985899196293,-7.305603724353269,-6.2770473962039395,-6.040313317455412,-6.431021967224449,-6.378409898526181,-6.149979670940283,-6.835385168326406,-8.168955930383209,-8.458465065732865,-5.474485913339807,-6.917990518264195,-3.820708760156239,-10.267492554098038,-3.2488025598055525,-2.092423205150748,-5.074622598293449,-6.534794371796023,-3.4710554106694285,-2.138529273005019,-1.5879278457900023,-2.3768951211120086,-2.0181468532465154,-1.9507702226130832,-1.8914908622336875,-1.8278352184078717,-1.7421684808930638,-1.6496678495188117
0.25265421254884657,-0.8642248003555285,-2.03821104638845,-1.3297588706131134,-0.9714235314374912,-5.163414136226291,-7.285252959747843,-7.521567363868099,-6.6321732059604654,-5.821642848262054,-5.9605773872889545,-4.919645140687433,-5.793009184133523,-6.305714789013972,-7.624030755489681,-8.81414028447078,-7.960393148222021,-4.78920664745815,-8.931889300071706,-7.312121468932577,-7.483593196742849,-4.2333036068737675,-1.4282485950226114,-6.365414601608689,-2.0758449466512765,-2.419219065498642,-1.845435988436428,-2.52317718610669,-2.003732714944998,-2.2771202478246075,-1.6729857229344969,-1.6862811439304917,-1.6714920606605121,-1.912492878293895
-0.24560661392614758,0.48301067835059036,-1.5086519091965225,-1.2730835911758585,-5.1148004427644835,-1.580982422877555,-4.84858746490817,-6.9182322787628605,-7.295370790259962,-6.150098367364341,-4.435136320242606,-4.934631912119285,-4.1072869693362986,-4.477293732381621,-5.5811896563047725,-7.472980105851119,-4.855998911553669,-4.306385716070962,-4.243548126054722,-3.703636339996164,-7.042437391019046,-3.4952042083235146,-4.777432897960528,-3.807924797326691,-3.0578697196227633,-1.5037701859874917,-2.2084649273935715,-1.8035689512989626,-1.9785552585826167,-2.212748431498388,-2.001044996799831,-1.6777005718801319,-1.561481269014441,-1.7840036969833204
1.7989631153730792,1.857162649561035,3.361115474607578,4.3646426243807035,4.082610577959866,1.6760835214805299,3.6705570281549527,4.440310384882376,4.573733283244482,-5.447295162639711,-4.93984266416455,-4.363580418214966,-3.738729727689057,-3.75901335039565,-4.929358184321915,-5.186691401998779,-3.16124992019664,-3.6288606394319687,-8.066934877922893,-1.9029431098605822,-9.861260035174155,-5.314659458612375,-7.499917867983418,-2.827838708188756,-2.2741680833814,-2.3447436959304375,-2.1746066764466057,-2.1832829788441646,-2.4313797266160604,-2.056805826754304,-1.8452883023488782,-1.8176969780602459,-1.6113782355986814,-1.7486462462614727
1.6209681602753505,2.3028594688013055,3.1051919333107967,3.3378567867568467,4.399729515892181,2.7918701377021935,4.8685432895083185,5.573344758487758,3.8251984244032515,3.974323380215167,-3.6546518302215474,-3.0997059434220153,-3.713794104867535,-5.121159316265407,-4.845146156753241,-6.880659225836992,-3.3795046324471905,-3.2639210615305245,-3.8047224095946084,-6.491996988518357,-8.483004002601925,-6.757895951178488,-1.662188114231341,-4.444063287725921,-2.28468769253883,-2.5018905991619755,-2.643496182544044,-2.3057874606129043,-2.3913086462329396,-2.231777510586906,-2.0413565819251667,-2.5782642422477813,-1.6177189948318136,-1.6437196625015156
2.022638624623186,2.4422442208834223,2.596079527704729,2.645934461867719,3.908138915470502,3.555900622418815,5.335941430748552,6.009783862760482,3.838956447768973,3.8261355769185466,2.7663543482485826,-2.4886665374979233,-0.49336408039318774,-4.266797363969422,-1.940570517558782,-2.23166143419448,-1.5345786139075819,-3.7007966455655823,-8.201687184031961,-10.125248478990699,-2.772104498874611,-4.694284440175772,-2.811231133497116,-2.514478578923435,-2.5816546188862484,-2.5603976552323533,-2.470414077584424,-2.5964314807950855,-2.205974417940741,-2.5224088018623516,-2.241131489160299,-1.8845291682036422,-1.8765185478158053,-1.7136061589453606
1.020867646816353,1.8596224665331702,2.142969651857567,3.2163361623035374,4.128699292572476,4.41299671347857,5.162905879613743,4.4434077207973806,3.447570820195744,4.089620920516138,0.9911409051351288,1.0146820902721283,-0.24520348793375735,-1.5755625839957395,-3.510243982946994,-4.4172927626856,-1.4492325546917921,-6.2912618033276875,-7.926507257343042,-4.5545058211118645,-3.5216926567443396,-2.388305237995303,-3.0479137776343914,-2.4670585556929034,-2.9153192229541363,-2.0933545200086883,-2.5868524679237894,-1.8158418713917297,-2.0261042628897377,-2.5347266803948236,-2.116684853583842,-1.9436453538234466,-1.7978591426827621,-3.9861302970560004
1.9591874950858146,2.217546182025391,2.730398227440247,3.0281816177546506,3.940731883952062,4.277727385630374,3.3231421528632015,3.1417173403991696,2.68917662292638,1.7241067298977568,1.6213966897160672,-0.9508121107007224,0.11089701590835606,0.4006916015542435,-0.19382864380912462,-0.029127151685813243,-1.4324065771922465,-1.4351352699848476,-3.299160981766317,-4.123574771061381,-4.236919738409189,-2.8756696689595183,-2.534242584098974,-3.0027409829030627,-2.312644789254347,-2.4004141584143346,-3.1039715663697556,-3.028438626128023,-2.110440040757275,-1.7527158378585534,-2.3339667717395636,-1.670892158482208,-2.4258487855421995,-6.710634841942791
1.785196180345701,1.3609667189135712,1.7419179755933807,2.794336944850661,4.443981822350038,3.3196981841167537,3.170163174677836,1.8841848945218322,0.29141170233020186,0.0805387779276333,-1.1406150414496756,-0.3315016671642033,0.8876378687270741,-0.08594910017590394,-0.2581364611504581,-1.5396697488772204,-3.9115203503011293,-2.0684632960486646,-4.635391039808052,-4.69119561729519,-4.596021573516434,-2.4079237922526575,-1.282848426895201,-1.7886805119059188,-2.5161823619357033,-2.9769751058355554,-2.224781744506045,-2.051923204448181,-1.8407432803283605,-2.077609321634971,-2.4502534923671133,-4.540716817431012,-7.727058608772216,-7.234892555909402
1.7914864114230349,0.5849722982773399,0.46096815961110604,2.3627836136167746,4.053921790137665,3.2036716204376607,1.8714118989432178,-0.11917682257081047,-1.1962616644409676,-0.17967289032124997,-0.1644429642986771,-0.23095296481949412,1.5102735314293876,1.0584101810328188,-1.5392276656421882,-0.10666021678925655,-1.4520467803208497,-3.7852709519492347,-4.911762096130081,-3.1439331969688467,-2.5597217353747297,-2.322059034967462,-2.4779159164358426,-1.4753648330240303,-2.060353675629985,-3.4565434596450904,-2.7406688608315806,-3.0961647291946752,-2.9163249097725115,-2.320472196818418,-3.5616712913024995,-7.92015797435402,-7.987178722294417,-8.153398120079771
1.7478416311184486,0.7145751468397131,0.8740395312479855,2.027385553430705,3.312501344647303,2.1077380391617067,-2.261955772053287,-0.9798836634155866,1.279568078156664,0.07138237063951271,1.3892604809911728,-1.5040746629335444,0.15986126880764817,0.2703645799542978,0.4217994306994642,-2.5807842484918972,-0.16713271486067485,-1.957959953569248,-6.707348249974558,-1.729190929801234,-2.3606925234831344,-1.4060149737145773,-2.952145096186677,-1.6599346812227693,-3.4590227077789195,-2.436101052113326,-2.2303061705818967,-3.84922910111924,-2.361502456892734,-3.686147974702798,-7.5465154962953065,-7.88024603535047,-8.143913630664045,-8.155991671198779
2.248442137633924,0.6418482566105543,0.9713885840165961,0.8178148762675962,1.172383261675094,-1.4844790449425649,-0.373628335357064,-0.22028860667450462,-0.7302041708568304,-1.1178541011787888,-0.5539144704557957,0.1492700366774705,-1.6998231209101904,-0.25670554869819284,-0.733920457257214,-0.7141325918432692,-2.5088842161669294,-2.7569297578515863,-5.940128393603263,-3.493307652490565,-3.060021984644933,-2.7679306158750117,-0.733303155938011,-2.18525169602307,-1.2496553060551585,-2.2599640880827647,-2.692623273484572,-2.5298967856562395,-2.1557553387355166,-3.616861312557968,-8.482387481793335,-8.242426067854744,-8.273279533507816,-8.439624065382683
-0.04532310978949314,0.786446708234339,-0.4459058824788145,-0.7775137877165679,0.5798040604862362,-0.08604123594310112,0.05924534841031145,0.5619305234065712,0.6782543991586223,1.3698516005339378,-0.05622834126594107,0.7402737438197758,0.622368320014623,0.4275412613234662,-0.2460661909603135,-0.06738711683723565,-1.6554302144715505,-1.4608742151210194,-3.6459156171371494,-1.0038587593123065,-1.4194984174404657,-1.5583237218389236,-2.4796829994121814,-1.652382623952515,-1.8265310287315224,-2.975985601192461,-2.7224968460595154,-2.7354842614500954,-2.5269402008176107,-9.136705764787951,-8.8118293204302,-8.681900347461347,-8.616919971576026,-8.769248786419864
1.3647904949075178,0.41695434743330845,-0.936322018386343,-1.6036530409289773,1.8679890621996211,0.4589131935127329,1.2863155865629392,-0.6163728491866461,1.1652834638106844,-0.7043618864562329,-2.152091784680901,0.4844244884968012,0.0179078963979837,0.10964325931432962,-1.6976696615919757,0.044367306888967874,-1.2283194728791789,-2.222510545059873,-3.5239907444715337,-2.1205444449196453,-1.2693677735400752,-3.7936939016716926,-1.6536899334807813,-2.0544743321767642,-1.5125420404276693,-2.1661308847929694,-1.8149363524612305,-1.61791894339308,-1.8199574697116099,-7.526690435517821,-9.120730120642719,-9.108228561281313,-8.778514358115418,-9.121854695315875
1.7832944883061657,-0.8384333382915463,0.1186080417443917,-1.9811197643471912,-1.7803406095650367,-0.15559339575077874,-0.7118437522415652,2.560337763249413,-0.007371915606586821,0.608638776526986,0.6473818046409331,0.6244626468488418,-0.554553112475771,-0.04988259948251461,-0.08476381276769057,-1.0218735690938314,-0.037478301069318855,-1.2648047666664297,-1.0403360514685538,-0.36636522773474034,-0.28484102954188395,-1.6584375449110043,-2.0704891039917532,-2.0273298361702516,-0.886613060589974,-2.3241038791632858,-1.805068608263369,-1.7498676545343066,-1.8252272896954924,-8.303939019127856,-9.14439130793821,-9.27654152946874,-9.058935243197965,-9.358982164047415
0.9142346699946348,1.2340945289614764,-1.1398487098466694,-2.0918880791447187,-1.164329309229258,-1.1275134942001659,0.7734979146156419,0.4096294551375675,-0.7749606453545956,1.6929014337211985,2.1708048917486016,3.7291238269377502,-0.5825604909328295,-0.07516156143184478,0.555361910284121,-0.4807143361639934,-0.8315303775430801,-0.5489153333841481,-1.4543597791174188,-0.3983641417436074,-1.3957279977255006,-1.8211757524830756,0.69514640596569,-0.7223725471457955,-0.3381584749634574,-1.144999659182625,-1.658617174628579,-1.29217727286957,-1.2873494169706619,-7.4144300636831515,-8.335079492332602,-9.093100407719646,-9.395050705558507,-9.744421185873476
0.2842661263845123,-0.2852006482217134,-0.09737357339320865,-2.634328464585603,-1.7002084238563324,-0.3207392402897474,2.299545451594559,1.079139237173835,0.09376917688625964,-0.826786206721653,3.3690777642023377,2.727081091823647,0.5927566608914784,0.7602804997745826,0.8210998756360207,-0.10375040525619075,-0.4295072486595139,0.13941561816186687,-0.302348067461232,-0.10814934850095297,-1.246419125595308,-2.0435992530046057,-1.5795021810656087,0.12130139885430714,-1.219815034057863,-0.896577301977107,-1.1373747317970693,-1.006831918450807,-2.011344853271989,-7.6953368103760145,-9.396683499890726,-10.101158406556491,-10.313983421876829,-10.531572400755483
-2.4854591210798085,0.9938011796256525,0.6663717951899845,-1.6474518262322764,-1.3825028606582768,-0.3413995754077228,-0.08064967745146744,-0.42103834396680473,3.6371522206981535,4.465845674768137,-0.5130975749696954,0.17476680600974182,-0.25710341378685453,0.668973244426341,0.543403170130525,0.6628206656839564,-0.4760980148297521,0.08266030401885593,-0.022056665813413784,-0.9149929724525124,0.11766753959261554,-0.9825711093889814,-0.9530374005594117,-0.6965592855038863,-0.6079824912986069,-0.7020518072836218,-1.0357281195414663,-0.09735516686887244,-1.0758694744107657,-7.5078599969449025,-9.081833065983217,-9.947521093646778,-11.371659147713313,-11.518228212426445
3.003622701491849,2.3319144704573027,0.5019173340603896,-1.1845138742226484,-2.042818278233784,-0.6583389084159297,2.1463886320768033,-0.11110512109830403,0.6347510542670584,3.4598320343940423,1.1235854346200291,-0.21975561128820678,0.9420318458301538,-0.2800654614494172,0.36298903410856603,0.5083553522332389,-0.2941648467040439,0.1577710601973318,-0.2737782511649607,-0.0466086475780483,-0.36467406802949226,0.2758096832512209,0.7646077701061618,-0.9127380887175472,-0.3263862742525134,-0.39136097331883685,-0.8583481629502485,-0.42263297770511116,-0.49290106720254134,-0.49862719329247174,-2.606317438649976,-7.907641024424462,-8.42935231936657,-8.345966771033499
3.1537619275685773,0.5911699157555127,-0.05261227083243015,-1.1205391592484821,-1.2560251641438478,-1.2974538612832296,-0.2567393766480313,2.130959902787444,2.8211144831062365,2.684236735482856,3.017725257870746,3.165420092735981,0.012963840006057836,1.7166965935530216,0.30723498471022287,0.6504099552537447,0.2802740578483644,0.051158440110301184,-0.1569878694920811,0.26085811669611225,0.02699386139119361,-0.03389271051340148,0.91390905822056,0.6350657970017228,0.1274992928279948,0.08574753812854291,0.13549755280929168,-0.38235148803931057,-0.08467715460040512,0.3106862043547862,-0.34506651721413706,-0.8716988226711001,-3.749696099773797,-2.91425388660647
-0.2450172693029112,-0.1144985846593948,-1.2873091614431358,-1.4716834982662592,-1.5036497324036475,-1.7375707177698123,-0.428368332937949,-0.443661698994564,0.6966002497563424,0.594994758224239,1.6439605644523547,2.2775330841837707,0.8250407600023808,0.19591681131805366,0.031734857803236906,0.12344853635103577,0.31346890286301854,0.11667846154892528,0.14623291523638648,0.06322396313887521,-0.2414116073842126,0.15745108757658316,0.4391273485231261,0.5536187378753037,1.3640390923603276,1.2607933072230157,0.7987417339452856,0.5599642782476376,-0.40197754264355795,0.1284762343248749,0.28842190865263106,-0.12434995437567381,-2.0742077959404295,-2.0225569876284917
-2.265162769962124,-2.0815454430500613,-1.2385936429016122,-2.469680527860155,-3.848331595012242,-2.3058150381640026,-1.4622455106598775,-0.588054811269552,1.1941282357957235,0.43544916852621,1.4398371856128238,2.8368571831859084,-0.03265613885953186,0.11867546474320526,0.7163308463826569,0.24210050873414304,0.13569427856350336,0.34554984372248093,-0.031222874039693257,-0.609398607365633,-0.1094737254588521,-0.5042593090726234,0.2829917561224408,-0.018647924349168777,0.9119397158704523,1.006001935950138,1.5556636681781406,1.4102703140508814,2.158587495049798,2.4733081239525903,1.2707328176555843,0.3002743340937201,-0.6453153640339111,-0.6433729486007337
-2.0161894454564897,-3.920935952224235,-3.6912565905300845,-3.238797977496732,-3.3825959716670204,-1.8550799195835823,-1.774452178327177,0.15297879241592627,2.478468878674814,-0.38757353356213886,-0.6469351052187279,0.29282218013586514,1.3293407018766485,0.8445562489705718,0.7164075413267551,0.12229856787683495,0.029002882363791317,-0.2684122652083733,-0.3639153523986732,-0.6384974529344886,-0.6244868564660015,-0.7118025197125882,-0.4467811251314078,-0.06039010532826142,0.6350563573417222,0.9312137496516717,1.6298695869978668,1.4538753271956268,1.4880798743942436,1.9738207893294804,2.647329351790948,0.7683851870656901,0.6594149164157738,-0.15326118181322496
-0.3577771778355443,-2.620209527058336,-4.5884275771065814,-4.881457959972963,-4.169640148366002,-2.355891394067631,-0.3205006361357836,-4.877980472842216,-0.8434065205414131,-0.9599132909556367,1.319628411141388,-0.37054480226182795,1.0448981896112302,0.675201575821305,0.1862845654716997,0.9503752993243976,0.36762586692066945,-0.5566958685300557,-0.7989045477217677,-0.7590077120206731,-0.5051877255148953,0.5599777438256759,-0.9634962914739882,0.5384075275460273,0.36506956744025293,0.6945844612290071,0.8860416887382468,0.9247774926302081,1.2322531242004353,1.4113030647647928,2.74281619904271,1.3392962025174842,2.3468182801381845,4.025967758063544
