script/wind.json
{"header": {"parameterCategory": 2, "parameterNumber": 2, "lo1": 6.000198445256149, "la1": 58.999992894266676, "dx": 0.5, "dy": 0.25, "nx": 22, "ny": 24, "refTime": "2024-01-16T14:00:00.000Z"}, "data":
[rows 0 to 23 of 24, columns 0 to 21 of 22]
-0.9714428576837455,-4.715794464827661,-3.4585018581727422,1.1054526502521613,-1.3248424329961235,-0.36153000752327935,-1.0747068501442116,-0.5118218783407315,0.6908486245342149,2.0890123505390656,-2.9102492667209354,-0.6882783248708289,-0.5548061012348385,-0.15341181880226754,2.4205770092013306,2.9309810408987436,0.4035004479027337,1.1504343582254053,1.1207341644261235,1.4673615864422747,1.6501326739718842,0.9816233515011935
-1.7710540069553946,-1.3778616202933547,-2.4026922917348315,-0.04100402975639948,-2.1756368564069177,0.415059193831401,-1.144954615967733,-0.9655805587645966,-0.4606848423963189,0.25471763136775977,-2.295259737998284,-0.6388369528460869,-0.6435904730746114,0.23135669416789503,-0.2833501352144532,0.6788713818364547,-0.5736248368238964,0.5301742415788714,1.4587114527549458,1.4997515252042624,1.1560827802518936,1.8579590825419139
0.45837623587383786,-1.3543757891376782,2.1953189287240704,-2.6370786074031076,-2.8551008607203916,-1.8033551680637723,-2.0456307883929195,-2.046531939882792,-1.3055776064154103,-1.3515203277883159,-1.2091834662406071,-1.3368224021037163,-0.9590837453666835,-0.9104077645956941,-0.3440645302151987,-0.8607486332699213,-0.11346584440178159,0.07211964464784361,0.09191898828794418,1.552647641482358,2.5385762528352838,3.1156506347953528
10.031560579949364,5.470982522974763,3.8566929788640625,0.03477847815583968,-2.9643260080185416,-3.987663352850654,-3.0736362710028695,-1.5068869354153953,-1.7527259287461239,-1.983388256669907,-1.7543313974816999,-2.1407399182034257,-0.7846163953146652,-0.2833103862642215,-0.29493319210754637,0.5400481789815064,0.495425364442971,2.2715390195295537,0.5976928737046661,0.836427026006096,0.8960030623684689,1.8527322641427262
9.513016209173387,9.72712061418231,8.626472851307097,11.266753381931302,-6.957940104987636,-4.304445523703253,-2.66415419852979,-2.0659545886562243,-2.151830334859791,-2.3675142484931,-1.7069764498271038,-4.46338519497644,-0.9075889516160547,-0.019246006593397754,-0.01017576046083267,0.43961853741324664,0.9598165090806924,0.2583744993098493,0.8659714073810583,0.9636037186431415,1.007798092528651,1.4376668055979374
9.337504978982507,10.651663504280616,10.594914913050898,10.328730834364757,4.467305484461613,-4.3121301177708276,-2.6133549913460485,-2.125482125391688,-2.5593700241521202,-0.7367340564850691,-2.1067295190438977,-2.692144224789023,-1.7077026664135253,-0.6821970692585703,0.018214890282270475,0.25330794122657235,0.9577828158628021,0.7219399189829676,0.4950127314806911,1.1745386150220816,0.660039627445982,1.3896252479256779
9.762739169202653,9.55784706017189,10.024709002996522,10.612266488411969,3.954593285153697,-2.7558950120307277,-1.7947584335410514,-1.902831673514301,-1.6603945333975778,0.17462981757435989,-2.1455554948165174,-2.504454662643133,-1.987699989772384,-1.01829399627926,-0.46252991996971204,-0.16570172417572723,0.3807771056881111,0.8146748732568886,1.032142979039301,1.1040470778974614,1.1454555192077727,1.3930468923471941
11.243864088570442,11.36116622055091,10.425892452088583,12.227656999970167,8.556903036955,-0.8915450695119874,-1.563103759190816,-1.5325941208551583,-1.5750712704654948,0.42715779853293073,-1.404301260853011,-2.570239180480841,-4.6893011117650705,-1.111383985788325,-0.4153081424178087,-0.3121325137527397,0.13579336516664336,0.36372057480407866,0.7801192449525758,1.0425551411108678,1.075572634056207,2.316471905114306
11.407074901384819,10.428659789272778,10.696862096309431,7.870725532646551,6.4807481226674835,0.6577612635573393,-0.49764049853709513,-0.9450672167997526,-0.9144610986201964,0.8703479763400931,-0.5550219231905501,-2.535626102641189,-3.2951458336255137,-2.3027325318261926,-0.4769548790208697,-0.7236787865016904,-0.40346458569088917,0.3021413775717512,0.7248845704822067,1.1394123804988463,0.9428828727846703,1.900542279562339
10.880769981104299,10.370917381519241,7.792112324823917,3.1578178456245025,4.64726008148576,1.3620019628684443,-0.3834972067716691,-1.164998844959572,-0.8041045734762068,0.3321431860022664,-0.2590113236908065,-2.230416764807376,-2.849803339461275,-2.3480533178692817,-0.5778771563612951,-0.7440312701067421,-0.8110040565666318,0.4707904275368794,0.5642711419927307,1.0987765583943825,0.8232085373271947,2.293669782106641
8.342757423371987,10.86977886701872,9.565794781445275,9.659789032608566,2.6825942397713214,0.8392556052529551,0.14749255476434817,-0.5465719783038846,-0.9747743723096046,-0.4615051221793234,-0.3262033333357354,-0.8981098098738797,-2.298998497214139,-2.495590381724239,-1.4824291595848267,-0.8982441867666268,-0.5537252009262529,-0.41049620603799003,0.37946345640194123,0.8124849376769968,1.0616303805091574,1.0089338271918247
10.354276787585343,11.286866297351386,9.777529315312869,6.469233313403029,4.932868146993911,0.17738449201426293,-0.11248656426130481,-0.10587575992827752,-0.23657298662914925,-0.5820583576937883,-1.263329005069652,-1.3081392772941716,-1.6941619815692737,-2.844467132563583,-1.304712380510738,-1.0672429147845355,-0.42024287247674835,-0.614175016800154,0.2431092538241309,0.6145869963047089,1.1544510312903815,1.6232472623661278
11.754777563726705,8.526758508167777,9.288296204280925,2.9034516537919415,3.5623641403343624,-0.12311907114903636,-0.18674281467888154,0.1561169803800459,-0.06665441164307156,-0.8266178457442929,-1.935065236083222,-2.5688605790386907,-1.8903195666029862,-1.7215599338774863,-1.7290143045745399,-0.4400560223768328,-0.4909690358368398,-0.5784914863738089,-0.9229767792668793,0.8512050230972755,2.4365542166332608,2.0731769451421904
10.771886985376366,8.987220131318743,10.634054147299603,7.16206225823153,3.7739854395403882,-0.40097217650160916,-0.5265212187701186,-0.0051362028628833545,0.20980836532144148,-1.4754958543094914,-1.4459919619300157,-1.7841250449985582,-2.1038902032966162,-1.3980794131566123,-2.3373780963126456,-1.914330314679598,-0.7111995304253091,-0.42391833907752385,-0.3954264744619177,0.2993173846691265,1.2553356658409973,2.3688186649902456
10.499868085004673,6.9309855418870425,8.12415561337667,7.37978116021677,8.655321956352303,-0.4656846031016703,-0.7030009250336355,-0.3937103535750113,-0.48068837382273094,-1.2129891382573403,-1.5494795145395401,-1.8456276502419384,-1.785478627919165,-3.444354929182977,-2.873567047636456,-2.1358702031693912,-2.1892905276609977,-1.018527844088024,0.011595298974753384,0.5996706162043339,0.9083215231370846,1.5976388007247855
9.973823495987538,10.29399378723743,6.2123818673177205,5.682000188392011,6.321383062279632,-0.9987455530778518,-0.531437998552174,-0.9916819834368398,-0.6112871768773618,-0.9650705808148639,-1.735971233165501,-1.420232715138475,-1.316345886538541,-0.9600146502263569,-3.796495374121027,-3.5403666592220953,-2.801160300981891,-1.201326618568082,0.278294485945896,1.1881067163915164,1.3964174348782772,1.485405884119529
10.082420147658606,9.032718126320248,7.0397806857673775,4.18553126575183,5.159288246416002,-1.7505086599533324,-0.954624333039706,-0.8980973252704156,-0.9954182158096221,-1.4127383414926027,-1.709368583944802,-2.8214341268657863,-2.9355858077735912,-2.0951065821027415,-0.4613824577780284,-3.085895544449735,-2.6140836137847376,-1.8065080089990637,-1.0250142972579337,1.5530627169209374,1.8852941461342396,2.216668205395759
10.946505283595027,10.727964545307907,9.951974674840843,6.467493597322267,3.6827564377258,2.4377660939222885,-0.7525210751483477,-0.22699601352274623,-1.5639065118333417,-1.5493789542327434,-1.6117036982382138,-0.3701284973969877,-0.6465754969676883,-1.693618235392222,-1.1154239403067026,-0.271054486515695,0.02208861435335702,0.3081427661941552,-0.8281258626544135,0.10899109747428327,2.4437857887670082,2.4332487814814394
10.017059545911248,9.082109160459378,8.832684308129586,7.30917182334496,3.638684703639435,4.566360938258588,-0.20061022977872206,-0.11151949682972276,0.4890929793209947,-1.2274697101483454,-1.4311681401610412,-1.4459797906708036,-0.8174916652864395,-1.1044274944648913,-2.612151679480727,-1.023992251798789,0.6687345930042153,0.42146135355856407,-0.052672050979766766,0.8349292160796425,2.199622560136836,2.051407154972837
8.646604390733044,9.186315145898247,8.925129994958775,7.006725124119805,3.705821548641248,5.179318577703151,2.12498225393654,0.9290941765494766,1.1735956483605647,1.7484906597835286,-0.13477787812768338,-2.987430033168446,-1.7432294982589402,-0.9830184760433147,-0.8440817119725923,-1.6394994243625869,-0.5096846903590224,1.1640054976352552,1.2465848258599455,-0.2926947184230528,0.6585023849695454,0.8280150089209549
10.445588427756826,10.373734729466317,9.446892438508307,10.183409486120395,2.8534708055424285,6.607110552003399,3.8151562157712084,3.871840420384283,3.749605711438696,3.8620555330926263,5.111880400644489,3.976036167786495,0.004534046846412888,-1.6979865663469882,-1.1663731191483853,-0.980575621934807,-1.4447865063999523,-0.059925899827121515,0.05918852358091737,0.19419511126006395,-0.15091843676860697,1.0848282125638875
9.09313711868083,9.918423459338726,10.064346402992394,9.603768599644544,9.588189391182906,6.051793433290459,2.519783723240576,4.5877848585529515,4.065106981655299,4.483015316739994,4.206879617348596,4.9166478625784515,4.536716839359277,-1.0886348972438307,-1.7181028163722247,-0.7304919157911396,-0.69460268350094,-1.4596934244800928,-0.1459863862286136,0.17817310555084243,0.8834545486209875,0.8737971438224688
8.80205396562927,6.687123795619911,8.09594685262992,4.857519206744575,5.058885326307156,4.467505844924899,4.001489378915796,2.809723332234109,4.650637615984727,4.4157088044421,4.20984531106862,4.001791303759234,5.066274756596791,5.435243693712222,1.2382249361947892,-0.04763380512830062,-1.2758139702984284,-0.7419917427453958,-0.5361859357985012,0.34503039128658713,0.5763109051994705,1.262894161433366
4.623829191101055,4.375428877466774,4.210597831852145,5.014231969166414,4.775717328411629,5.209424721899189,4.598916466207697,4.177633605657811,3.7883490271630382,3.5467960399741187,3.6545382823509334,3.3417671351115135,3.877721871911207,3.365847691354837,2.410552277602904,0.8642941721591514,-1.2003843402006524,-0.7195299796001889,-0.3846000306989882,-0.34498944460434694,0.6445839926753186,1.6465152121765765
