script/wind10m.json
{"header": {"parameterCategory": 2, "parameterNumber": 3, "lo1": 3.000054539987559, "la1": 64.9999836372058, "dx": 0.5, "dy": 0.25, "nx": 34, "ny": 52, "refTime": "2026-01-17T00:00:00.000Z"}, "data":
[rows 0 to 24 of 52, columns 0 to 33 of 34]
0.3702270493052392,-0.4477467553889078,-0.08962818128859175,-0.031917179489074764,-0.5493950752077121,-0.25693582924335806,-1.1697411809174907,-1.0725540701347203,0.0741171293220698,0.7954152249730958,-0.8021033771650714,-0.543245270645249,-0.3259463161091853,-0.5172672951560681,0.31895727277522745,1.4477148044525319,3.4021190517279485,2.6566729118545256,1.6004839144642036,8.628736919913,1.5236249572963516,1.002727109973985,0.42266439286422086,4.430621653380412,2.778255835681605,-1.5383659749936878,1.352492253719251,3.0580000502050675,1.3099775425833993,1.7020122998076737,1.6133095052264033,1.1829164672044339,2.217393415281924,0.553128667185712
0.06899402377115592,-0.744967499955163,-0.8944119209589846,-0.4359611549121179,0.979095338551781,0.16793784198241615,-0.1393925596581976,0.309683908949947,1.3556449661667986,0.6657275467639413,-0.9560412155903842,-0.8778750014388439,-0.15513839579217545,0.6143454293236144,1.2734946038573085,1.5401185456467525,5.07560924796208,3.9295210211082243,4.5153990084417615,4.217835790031343,1.5019421932809163,2.3710678877032136,-0.11496382280312413,1.7533949443116936,-0.9953138021885137,0.19115941127273295,0.20365756523947803,2.178863481678348,3.1662735822956702,3.0150523190104304,0.9790977490349242,2.1713192516227715,2.392437161468414,3.6250500839176434
-0.8364205681984114,-0.2511165632075695,-2.7255762717465153,3.0682111404569516,2.4999434087730554,1.6439021537121947,0.8449684074398633,0.9281688558270763,1.1209581689226553,0.014615464773855754,-1.558638423078122,-0.7077201755566391,0.06411191616688107,0.5740543534922127,0.8214849361514814,3.2837125677075263,2.341806457872584,1.3301517951938293,-1.2084580495786246,1.1090557355446946,0.4558658572833452,2.1282372084176546,0.4332973358021285,3.71820657659446,2.723757556290369,1.6887829407325776,2.472064537802877,2.705198863727471,2.3931166150873624,3.300725230603121,3.3712485213103784,3.0172083290488825,2.9213757305839647,3.761703837337111
-1.2616746199952953,-0.007258738495203451,2.488723312960761,3.5940863741310483,3.5068747885846667,2.816561604003008,1.9385874593862271,1.5890097419000218,1.3019543227461072,-0.3077499860299434,-1.942754076409295,0.2405550486506706,-0.21231041736811507,-1.078261332788688,0.4571707992862654,4.064706282813036,-0.04269523101452916,3.091767301270991,4.465297585573137,1.8867166688480088,6.433483997916221,1.6058866209998504,4.630355784446301,2.7689057326278945,1.1180910807700926,1.164861300582561,2.6819127308988597,2.785841535600757,2.921701635737923,2.1399140763531266,1.818630759458713,3.276695810054989,3.3582302868740554,3.6486572915886586
-0.40350159453708684,0.358157592506128,2.912765767379374,3.6296192210837512,3.960314931043861,2.612914884704171,2.1565100997825115,1.711694619000622,1.2442915497918638,0.016716824938867093,-1.2989999024554777,1.9593695379244511,1.0690575313933488,0.0511039367286821,2.964646172756355,3.2441739689065225,2.1437613731906,2.3089652193991057,1.7842886180885271,5.312549684642653,8.1891864403834,5.47360460086401,0.2412528877880354,3.6139405009792527,2.6877385082444833,2.541805253986722,2.3121237242394432,2.839989109528287,2.712783680518803,2.5894400733146665,2.2360063407111337,3.432542018442751,3.012912773673885,3.6020783727956514
1.200266900468881,1.1557513648783464,3.1967653312366133,3.805852604225628,3.763820493813735,3.121780006589293,1.913244205515153,2.1914524362662884,1.7885529384222516,0.49815755535388545,-0.39058387027295155,2.329584958888379,3.799634367156875,3.1287312068245305,1.8224134354714496,2.330834198149976,3.2373120144533463,3.2736731862695048,2.8876562483951327,3.8161728641214614,1.2039497328558681,1.895123247297855,2.75152854284857,2.090709128524165,1.3638258583034955,1.5418084372252125,1.343834976554149,1.7526938254201574,2.1033162163843224,2.5776657528950726,2.790717801339195,2.370492681262313,3.072355584962949,3.857079825167867
3.09212232205057,2.529522352842339,3.439905122510189,3.4828950849380864,3.942133917626679,3.111214426641609,1.4249853655363323,2.133582998824431,1.879061149637618,0.9108002516978475,1.4678709215415386,4.685520546706319,2.922160930985874,1.7125839807915604,1.1441375535977045,4.888922464003742,1.0378444733495735,2.6365097840129748,3.843841979040122,3.208922982195514,0.3907435362268353,0.5417263480736254,2.3014910094744923,2.367483150136851,3.4795660679114495,2.801116992924764,3.4374091663038318,2.4318257050222702,2.7423930360987705,2.7971577515675055,2.281621350659031,2.9050723994381835,3.5322508764804956,9.955242071457805
3.7868958511626407,3.560334037272224,3.379222904528109,3.856178180489986,3.73562855932682,2.0353950024025065,2.554995485950324,1.7490097253173187,2.9087361438445245,6.0847808992360255,6.836796431968915,1.453701508881796,1.5907162868456548,0.21085225231589694,1.4874440424358328,2.363754393510944,0.11077636570427857,3.311393401841965,4.258957444067494,2.7963533788326345,-0.3262773258670822,2.4417603343854317,1.8693888750481984,4.06690891473076,3.0556148661456364,3.176809041761407,2.175731523110738,3.2858429479888382,1.0084023916800886,1.7943077802518226,3.1334461271450187,3.3546515382854354,5.673143518987381,13.447298189130281
3.635791948225478,4.161127880729936,3.6664988964521052,3.900404867722689,2.6725490128480693,3.5466150832332004,3.8575757532268566,8.053080709731764,7.748012810073137,2.4043341230449005,2.170268012159931,0.8138286397869856,1.5023124598787254,-0.8580721437105924,1.5139890513235374,-0.4911561062995851,0.0521774048414974,5.8238841096023775,4.290104497491621,3.2279734008615257,8.38199582437704,6.176029166132961,3.1643821755467605,2.990500143988176,2.747553814073159,2.8700398468759674,2.247985647300926,1.4464968948168682,2.2241113766190583,0.9208933015942727,3.1662046542322906,6.371844359631225,13.232688760892708,14.231809840325536
4.488086399907078,4.841220888519603,4.476069482272749,4.058635177788582,6.133875512223377,6.818670639743669,7.759518253167751,4.750068294216659,2.508487497711482,1.4224135038826244,-0.17433687570050196,1.2515955655456428,-0.6949888216751522,2.3449125409251583,1.3683171168298942,3.8300256706362394,2.820049675299154,3.8936406873814713,3.190107749630421,2.430129845694391,4.886112387729654,2.4723871137784927,2.053966023230588,3.3386906106054632,2.8330499964446356,3.3256472219612903,3.904729137636028,2.734461529180405,1.9532734567873855,1.6573311974154115,5.2310141770528125,12.112769857317803,13.802310477326222,14.598093198893292
4.814370318538554,4.490230210450571,4.466236015869621,5.544260828727405,9.976309017768722,8.277991288679635,4.436596322396019,-1.0785311158439437,2.3829071547867278,0.5477427273396912,-1.9415587489560835,1.9137243126352164,0.08508542424948615,-1.3187324829933162,1.6550879505298317,1.6354309509201521,2.5251427614165665,0.3497447386476223,3.6596395380979683,1.2867282135838767,3.178159853306706,2.0210822295389894,4.901712255733488,0.8577021325673485,3.1416353038152276,-0.23279653800610353,-0.09644753153035167,2.2958070097355923,0.9763081877739562,2.405406769610484,10.424538044715405,12.15075681734968,13.608552051086148,14.332843209512797
5.3585953687063,5.146223580501647,3.713187570257068,9.644391271964844,10.49563495290013,2.566400388375182,2.978845879740477,0.6840650578452703,2.3758391339144196,1.8489932999988923,0.12035850942554673,-0.014941111592241358,2.5823971022975636,1.9891748115011947,2.5469592721415713,1.6384370696721546,4.975961376513736,5.45729743615777,6.424925175014591,3.8748827040732934,4.1675337177702385,1.76943635514202,1.8410390614658467,3.8947281781140832,1.8189998190122574,1.4118027688424166,2.9917154599872937,2.6182526163833253,2.4010953574007083,3.6690669764550505,11.97928890178204,12.427600414506314,13.375253912380115,14.262048493869692
5.876836425157798,4.9338226320343805,6.591032537389583,10.871714712569476,5.033809871222434,3.2880556843709114,1.1171876352041301,0.18514912744257536,0.9386581386792665,1.2138908703615894,-2.2526313875457387,0.29204594798203515,-0.2271697635268341,4.238853018912843,3.9653303285462806,8.001485476727527,4.436806171533224,3.153844637960625,2.7710568295708558,1.318544533068841,3.4019880635133086,3.475148296617144,2.096058653007847,2.0204770490694126,3.283745736401187,1.674141419600029,2.478077626661435,3.0821728203092325,1.9578961961726302,7.036565353304596,11.603423992526942,11.51545340840251,12.371867704229196,13.975087249135676
4.9426441793330405,5.03848768063124,5.781180340948368,10.056166054884383,2.103133233505919,4.422578175104857,3.649048136945871,1.0529400874039556,4.919973101420351,4.711886485804362,4.882899602496407,2.4442229122509573,-1.651990201185685,-1.3862703222388977,2.752010070477705,1.7583103503395712,3.4233000070063806,2.7631703244107193,4.594993000251052,2.816254734339194,0.8981237101875079,7.276035363173161,3.102493150382721,3.514721295379573,2.558623187539177,2.9425968351567975,2.784801841827486,2.867427286286279,4.145602630524155,5.808978485400483,11.07755760804926,11.363563010521775,12.174336485310493,13.940998431594435
5.578377139133444,5.1902008109618585,5.2397325797210685,10.121236910658862,-0.969399985678995,0.8602825333700346,-0.21788954157244922,1.627635007253263,-2.2134607932179393,2.5289328147593917,0.7391587421275011,-1.3471321703431536,-0.6325430065939677,3.2657830153803533,2.2973325894487124,4.5365969507041575,1.8614838227698944,2.7606557780523246,2.3143137908426037,2.191958994318761,1.7966004755183902,2.3099656128062995,3.173501999205214,2.882926158262279,2.5845380105819022,2.6756192958902103,1.654905769928141,3.2597136160464215,2.748440259588723,10.031831197192643,11.323299265242325,11.695338529849078,12.531822869263095,13.98062574163205
5.113933794596558,4.91173999155739,8.0379142100462,9.189965651750562,-0.5788915170760095,-1.260903982127898,-0.11602336300223955,-0.07750542849606148,-0.15201040870536628,1.1583845026062407,-0.4613768850675178,-0.10007707288091962,-1.061184343033306,0.797631820778736,-0.6155006719773551,3.036695201676514,6.119582160753468,1.5028400457113409,2.1027756665629864,1.9780299163180528,5.235090250734976,2.7699339775954486,1.2755896828371391,3.1310896136527773,3.1692126195747314,3.034334372522091,3.632298182458609,2.2678587793129945,3.9487010761798857,9.361447764110594,10.653853871427582,10.732531616797628,12.164753050048965,14.30029770139859
6.175982372607943,6.644358071342912,6.100976736157515,8.24600154071675,2.822167599855032,2.2620757159171063,2.1748980497310493,1.9240807211309894,1.3717747833085905,3.3288558102037964,-0.026101839378723478,-0.42987736788340003,1.7620491739755422,-0.9687423035427394,0.322694393664041,0.09129436969458014,2.2212012945890445,1.5508305485011884,4.070804581900227,3.019336153092741,3.706809143976555,4.8786181417104055,3.1703013442244545,2.098186316784473,3.5802113883940136,3.1664776045605896,3.9181182989480092,2.968085083676594,3.6259749353479527,9.114605543658238,9.409540959893492,10.703420109305336,11.249701972364413,14.182527777999567
6.450728374055684,6.2088220089710076,6.226108783484556,6.463260897136352,1.4533024356351338,-0.22545656520237076,1.0545127462414308,2.3317371194792385,3.395853774329955,2.6707692225228565,0.8826507576188846,-2.4447034611995893,1.655110010385464,1.8993572514744483,1.8328267408806522,1.757343986040942,5.39644184101401,2.6755215586999985,3.7119794678871507,2.9501090062083137,3.6374318239890626,2.4479569939353985,3.3729818842009105,3.6688248853244696,3.085083432354331,2.8027729078575794,3.0182098788674594,3.1814198902282183,3.4406375725943135,7.650886153535694,7.252481624357655,8.508636770260486,10.215242814976518,13.112236580351295
7.300960535979803,5.72095559775537,7.353144418291332,8.297772691128161,3.925200169811535,2.137746999184281,1.949316766355889,1.2784216411756217,-0.7245194640071284,-2.0803656568492594,0.7842602229704876,-0.7840386369468348,1.454017427057892,1.9194551083857352,0.8840751586485116,2.695276800948744,1.4607097900610166,2.4074617642547493,3.4946324929815953,2.9357577198183566,2.626736710144013,4.100094773866006,3.511488220728052,2.9494653499021046,3.386969873831824,2.442015006500428,3.2433392647754795,4.0996998066569805,3.3211211973754837,3.5925425587822413,4.287926080498464,7.299181149052686,10.142823822032328,12.738313361710114
6.492856200248066,6.519038091891073,8.802528074297383,8.99279968797372,1.706445933895134,0.409321635057369,-1.452295222022213,0.7318808901791485,3.604361303459727,-0.0022993195046121973,1.788530378308284,-1.169873428983696,-1.9476837488942789,-2.2760572011948392,-1.588977551320778,1.9205972086277456,1.4494932930566042,2.3901355692184145,2.99709666712876,2.3782753579955807,2.5540773627061992,2.6853056875611476,3.4337845030578684,3.122405392394335,2.723548269960028,2.74624430872397,3.7648045107753196,2.7419373175884147,2.990265580330409,2.987755127692309,3.1878608269510904,3.294582729021326,9.66300564575544,7.612448620371173
6.4226518670109725,6.1470102327498575,6.909989543551655,7.2302768308265275,5.885391833945714,1.991567873568677,0.9946286974471628,1.046091069469594,3.264425884002643,-0.5506440117471467,0.787398912136458,-1.2793275473014687,-0.5235931684072591,1.6028491564051894,0.490595346236597,2.1331323883568105,2.9271509402355247,2.4097404721032367,2.251910735730706,2.785408706697436,2.269010376874723,3.2386833043739656,2.8062245750584482,2.7908197823136947,2.7931913620988498,3.0583011900473,2.4719572135366903,3.0435622009541294,3.1016251075138284,4.538353357196222,4.058181067333369,3.3345952683490223,8.354518120909852,12.548741938756221
6.52805545338962,5.771161325223539,5.6714307348858215,6.338640439276676,3.7489475603051794,2.6044107524687985,-1.3193743982113921,0.4325629544542175,1.4186305691869066,-1.040460427763989,-1.3098860678660975,-1.7755615820663306,0.48554716858329267,1.0380073309490332,-1.3021559537718441,2.081674390653063,2.6152976864199884,3.577582658321943,2.8276107585015327,2.157219099570212,2.3720470243832725,3.5468723472169823,3.353616938966254,2.9382602335565067,2.0635491362664844,2.768315828616131,2.9252087523216286,3.759077343881202,4.824459818148868,5.4074339235842,3.7495378169975395,4.4593525496214825,4.175879801629456,12.002155757044573
6.453036534604888,6.476701202569674,4.916842315668063,5.263079431698745,4.807685319808985,0.8632633555241154,1.438997882539955,0.4158911221471512,3.668187804420196,-0.3321965515572249,0.7418121969565892,-2.642130263973637,-1.0734102616384915,1.5702540976240413,-0.6268504804786373,2.4978514909663447,3.0299650200513377,3.5633766882051625,3.08195967837749,2.6576705318172094,2.345044249427112,3.719866805642117,3.621326957061035,2.283575113858839,2.377617745504303,2.9485137140804656,4.127042463769048,5.323336196269077,3.792623616974652,3.3287138077403178,4.295701469429767,5.205241022754636,9.521172003625782,11.072286489422156
6.3785178196649674,6.18268253820282,5.668032056875472,4.617222725228559,3.326534196710749,0.09368294736517492,-0.21573891257853597,2.6229435184470113,2.7054800698258425,-1.3138852172713353,0.03142265124988229,2.7594663379346076,1.0384131272681938,1.1357780294755722,1.7967069020565039,4.412434241282839,3.3573307502868914,3.5491120005806964,2.36288009920377,2.2886687679799844,3.358781918787742,5.746909671539279,5.182491074491403,2.6471767154181296,3.5434552992172943,3.121074244050475,5.66619608589091,4.087956507949623,2.8094123287375017,3.1617124111080317,4.514626414372232,4.113958177446221,9.882419458281884,9.993805306840077
5.373532117688144,6.3449490465787175,4.813849490263665,4.492452577440507,4.711027543045845,3.8831874722853574,0.8064151285102522,5.354610752670353,2.0206114169531384,-0.2772750922271452,-0.5313428964632623,-0.2284995063569007,1.428867425940085,2.0038072140440444,1.972427628827284,6.001184615035639,5.8584855575642765,3.1111765409266114,2.5030667972977714,2.3672856290889923,10.13496133234498,9.662987600095411,3.3223430844942805,2.502246033857085,2.8707736748944352,2.5606925125712707,3.127749114539526,3.2297634570682296,2.9642333996220906,3.7688427130361504,3.384272239784505,9.433348772060759,9.969773511556566,10.075111019648523
