script/wind350m.json
{"header": {"parameterCategory": 2, "parameterNumber": 2, "lo1": 3.000054539987559, "la1": 64.9999836372058, "dx": 0.5, "dy": 0.25, "nx": 34, "ny": 52, "refTime": "2026-01-29T19:00:00.000Z"}, "data":
[rows 0 to 22 of 52, columns 0 to 33 of 34]
-8.71816479181307,-8.887009612852747,-9.03320409101173,-9.233320325692288,-9.869907335697823,-10.211484799554315,-10.417584514580229,-10.799434941330961,-11.350984741211414,-11.883563400205434,-12.013655007439015,-12.642356076408975,-12.126526685028507,-10.471344902850362,-9.265095754170291,-5.776307244995264,-10.889237672752747,-7.112224970445898,-15.669354841651035,-14.47677298089696,-13.373287491235885,-8.261782899054065,-13.671418962637041,-11.97144058437339,-7.661802263995581,-4.806762296417017,-2.9696975182171816,-1.255200019847215,-0.36309368017189436,0.5817415017895963,1.390296233663102,2.4274645286875325,3.166029142869948,1.5879950232870625
-8.471812545292696,-8.52492579474496,-8.565547029408918,-8.685242823159783,-9.127018516286336,-9.733759280205,-10.189072588956,-10.160340436807106,-10.721595520821044,-11.337432352023532,-11.596764130016204,-11.63524401434357,-11.973543043544066,-12.166813186784005,-12.139167808488402,-11.770450663469997,-10.612252540907168,-9.977934436090813,-17.181573721505845,-17.071446226735265,-13.795813329525188,-12.529374261092487,-7.977051817298486,-11.807738378941615,-7.242297605492306,-5.974950011455136,-5.116559679103643,-3.4080724304878065,-0.7526076517615081,0.9557444137698606,-0.7037641252540564,-0.3459691754107222,0.28568056024518856,2.2860780507695835
-8.01926723545155,-7.935143177585673,-7.956375895595169,-7.894596940597237,-8.307691724560852,-8.858066257051638,-9.761775320548042,-9.812254453146613,-9.885330761372764,-10.141942950747536,-10.128077733693337,-10.185675866654824,-10.108101430707556,-10.07626490016063,-9.030890494029842,-10.971071457730135,-15.66805187190762,-16.681976835935966,-14.155797718500265,-13.187068718596725,-15.16303938010342,-11.267126255359054,-11.638510773453692,-8.730981336092473,-7.578746024500665,-6.161017797567969,-4.762465887610204,-2.9902653791522034,-3.3229516488769772,-2.8119746879932683,-1.9529320196418263,-1.5055521822206586,-1.2034148029005733,-0.19570874003754596
-8.173996086560694,-8.060338509414985,-8.11664397814998,-8.149080531730876,-8.274374119832439,-8.519011786467562,-9.045552843007618,-9.0132470270092,-9.191637734990902,-8.978048667586707,-8.536206908089047,-8.209674128529924,-5.6405526890200886,-5.048616021532893,-9.672699152725194,-11.941527335309617,-9.337730695524524,-6.667964273466404,-10.17701055884409,-10.01563469405485,-6.0990547451995,-10.810812589160854,-8.49417725925653,-7.208738183480582,-5.679981362379342,-6.5174038367423135,-5.139443152123201,-2.6622235260546634,-0.5668743995006872,-1.1545828458707936,-3.565212346236996,-3.134803535434411,-2.093571387408446,-0.3592536806302686
-8.117513115079984,-8.369635634279007,-8.310348279166025,-8.360813579889475,-8.246451135289574,-8.559241465206545,-9.226735618850443,-10.294187422442214,-10.156721437902876,-10.237957810476638,-9.988734308019655,-9.420311057634374,-8.123848066488327,-7.6636427592979,-10.23503355519178,-8.818543710648958,-9.0151004211682,-9.14460050416315,-6.604791875438505,-8.25944862946889,-1.2653987196737306,-5.098018586371858,-5.1432946093134495,-4.949393723095455,-4.391159758711807,-2.7902583701183907,-3.3165313798452782,-3.368818193161115,-1.449618874211113,-1.7651546712737651,-2.6597944842451824,-1.4133170681208138,-4.8102799431152565,-3.6591062480079057
-7.627831789688532,-7.873629160077588,-7.775181951628225,-8.341497683278773,-8.460160349615101,-8.432048205623039,-8.379220756097428,-8.973735465138564,-9.577218434026015,-9.790340770907203,-9.105422562656194,-9.023056983476446,-9.91993617548886,-9.054211472018038,-9.277391094726108,-7.696751438381675,-6.9893262875494075,-8.146485825847462,-3.858244732180516,-5.9406902196911044,-11.16776636202752,-7.470418035482331,-4.50000020245402,-4.1014169047859035,-2.7207552676327498,-2.0571943770288743,-1.5490947461865803,-2.470355771722053,-2.029236608710558,-1.9064138314264956,-2.070960273921013,-4.378317352093892,-5.690150743170793,-6.286880239722353
-6.984455185191233,-6.32249972736301,-6.097903039702098,-6.227042089645606,-5.928289837890132,-5.740290970253024,-5.51688093808509,-5.4735414283720125,-6.3127447801898375,-6.366687695161849,-5.37852509673868,-5.014047135868108,-5.426363936415467,-7.23770914682443,-10.027706608967392,-5.948419331392118,-3.3409917766553465,0.8614706061708599,-2.353640138155689,-6.260637455375281,-7.27916651618919,-6.46960332205771,-4.642560328132153,-2.3968890434784234,-0.016239225387741026,-0.8200544300196908,-0.5677018852634026,-1.746657764055006,-1.9831456434180985,-1.0636800486082316,-3.6585426975464985,-1.8769440359633967,-2.1396306248501458,-5.393605313130041
-5.050687648699003,-4.9654097419027545,-4.2577648903051015,-4.47687200778495,-4.748136014947287,-4.2937422772753235,-4.144901614192089,-3.513853451138602,-3.194118564900299,-2.084684592401252,-1.0052863645959833,-1.6843772901231364,-2.6510180063273907,-3.8965475312524283,-4.838060791950029,-0.33465485752368596,-2.7261321477232796,1.1058498000664307,-1.1564375081728835,1.3726820658799832,1.139885959865436,0.3564071051411896,-3.803445309460456,-0.7636844511778268,-0.8209436674842331,-0.28139419797828324,-0.444804912077657,-1.1711721435074849,-0.6420472656063925,-1.3707577565428664,0.13309468195652543,-3.49485905882122,-1.2735774823323314,-1.140649841298994
-2.8833064992058777,-3.8604186979143185,-2.8990598914405887,-2.654101909375808,-3.3188677425076913,-2.9244492729776153,-2.330421387602369,-2.9602835081788097,-1.7996339180576648,-1.5418697636529985,-1.5950886679655272,-2.4407602639010504,-0.5559678886678842,-1.344416754908732,0.0942625491893082,-1.239740359281804,-2.5444152642433466,-0.3260136317566077,0.755325107122247,2.379802423549458,2.0379674794625076,5.42317120288006,3.558900776160838,0.6624261642754803,0.28973009691328905,0.4282012198731137,0.032363292854298,0.042282031736758915,-0.2884125431875456,-1.2680153709099165,-0.7128683013223627,-2.8633171265407067,-1.4998578851063094,-1.0015407909429148
-3.153343781591188,-2.2419652248288813,-1.9620434249174346,-1.3173884558862945,-0.382476074875429,-1.1559095129969383,-1.3758461235559751,-0.5016579101633286,-1.3997864239673181,-1.6210013697061545,0.43513994245527815,0.08645496966765315,-0.04745306029343573,1.0600793542301725,-0.49091080169520424,1.9720045698568738,2.1282885338976874,-1.2007972237655664,0.7699039045099635,2.1516790475587215,4.942417582900714,4.213459814592383,3.044116549258372,1.3055060183873641,0.5213030962324652,-0.09676269282977125,-0.49991914719685304,-0.8184914018560779,-0.964000116375807,-1.1383466866402097,-1.5343785890366815,-1.5205374017684274,-0.8744252089759704,-0.5190525264582302
-3.6509200741506564,-3.1220633957008026,-2.0607898881310764,-1.9971808973785534,-1.5479819148133522,-1.8325169408451902,-1.123919708903181,-0.07718804371600711,-0.6770240007308873,0.26090728773836597,-0.38971875796828354,-4.123895523232625,1.3600036803568827,1.4430368750274878,1.0404866723632546,-0.506124943166626,1.1367515221525215,1.9825767802641217,2.686958542547743,3.5133816532196946,4.605802516147306,1.6728387034074985,3.6455015047150097,0.9862248772785409,0.38908108269338504,-0.3268526681543631,0.11421852318328643,-1.0766943619112077,-1.67046710109595,-0.787285400837343,-1.9809991108543306,-0.8629939760396266,-0.9339796585225422,-0.009277773437782211
-4.2741025490785844,-4.083760823657162,-3.7581020457036276,-2.953863826275432,-2.612746680145002,-1.4270780041100815,-0.08843724424959812,-0.24909571861176172,-0.12281122905835451,0.04003534581734285,-3.113279028720429,-2.7250236064503306,1.3272580611056886,1.8767543011221843,1.7460363013013538,1.5869927459248117,0.6401388013304715,1.578052661750791,4.810746434820027,2.586924726446844,3.689307090662639,2.337266711190121,0.7573824305981813,1.2672203565234432,-0.11220129470640926,-1.1785920134914631,-2.3854790160173156,-2.5781722645239986,-2.3919200373605234,-2.348990028610587,-1.3146560584637665,-1.3995237505900409,-0.6437502276383578,0.27805377445185675
-3.8637005799941915,-3.179520849978633,-2.058529242050296,-1.2163445694845807,0.34239700812552887,0.3672912625223358,0.07802943566714611,0.1779805765331944,-0.8420641783836508,-5.39020217022276,-5.031489605097289,-0.7260207361667855,-1.9242353393728018,1.433003360464234,0.7272266570371019,0.6267855895562959,1.539101188085251,2.6279788463017777,2.5087762500239696,2.0300482458003706,2.0255029223902428,1.4378071534737336,0.9562979605266062,-0.3236410773190214,-0.9843563743378201,-1.749933316728314,-1.6923775363628888,-2.8799869802348455,-1.6787749203783364,-2.4799604538782454,-1.6198216413895765,-1.1959816047264158,-0.7075316784008373,-0.43524358616697606
-1.276565404329753,-1.613295440059342,-1.5763425310778607,-0.9292036762596824,0.44113614357719977,-2.812365507644162,-2.169119959535221,0.19632009352308694,-3.961984585275442,-0.7099694601026836,-0.8742653768533261,-0.49237000055758195,-1.603217062216889,-4.078553412962461,2.2135964653350166,1.1135848192464877,2.6819204013879023,2.0017963621902997,2.4733958480395684,0.22083399549070112,-0.9989743677860784,1.2816240205614462,-0.5656280147265613,-0.7768589288567963,-2.075804019270759,-1.5996264974406562,-2.6635792476507123,-1.639141156498673,-2.0250012116971576,-1.707427660231408,-1.1606524745572637,-1.2361247369511559,-0.9238645697929235,-0.943723380622042
-1.079194394773107,-0.813493877314831,-1.4843806581969083,-0.7676640064722638,-0.4110583171044787,-2.4993899386655536,-1.5954821463020876,-6.262617198373246,-2.3473949821012656,-3.3037902025582273,-3.1675196764590723,-1.603009142299754,0.18742398859592047,1.616712729051036,0.7513525422066257,2.807849079072479,0.45627127731753697,-0.1020982159294058,0.26708230085679935,-0.06904611390070928,-0.6712739101219654,-1.3985378273119191,-1.394188580217996,-1.728728373024794,-2.172309077894548,-2.5190597714229783,-3.7501645709793703,-2.843409640266036,-1.2220779781944926,1.0255950006378074,-0.5256007175875171,-1.4362609434093356,-1.6591435223447182,-1.6619566014856588
-1.2345399533589956,-0.7071799836418252,-1.2214609029121881,-1.2296672116529233,-0.5627440111336378,-3.996695151810041,-4.543097419746263,-0.36260511168350645,-4.115101342971656,-4.245981408018123,-6.037886757457115,-2.5258225995270647,-0.09301526553438368,0.6049265658580453,-0.6384262534997245,0.45628818349022593,-0.28320550421702884,-1.7593100843437295,-1.7918421293641507,-1.9879238406326731,-1.9031056375582625,-2.51003082688414,-2.9372118424354468,-2.5007030251442237,-2.1510840479563886,-1.3646576039079712,-0.11643225993908174,-2.213465119579476,-2.404122919233505,-0.2764254390956317,-0.5779983902991169,-0.6316598860580653,-0.8376437888840365,-1.1275101727149808
-1.8497384881181287,-0.8198657433593675,0.47290286803143405,-0.9505565368638355,-1.6225047933233627,-0.0055269121211088505,-5.491903144698166,-4.903476565223345,-3.939513377873336,-4.299863789460241,-7.0482140153057316,-2.282894342610163,-0.8297359060220569,-1.7340346663280544,-0.7623951381856579,-1.1951405753439355,-1.3139351637576389,-2.5043325030431163,-1.9087084870328788,-1.6140882132211225,-1.4583086664235492,-1.6627355329983653,-1.1813582573850454,-2.9809872354794327,-0.6733461854661481,-0.05210579690797669,-0.4129985194157647,-1.0478354429781132,-2.5480165050756662,-1.1126310369125738,-1.7044295746547158,-1.567722675725368,-1.4251067698930298,-2.179207648452223
-1.4873529773353777,-1.7307391901351654,-0.11031344944655039,1.075699417763105,0.9764931035834478,-5.501111956749387,-10.179233631417185,0.8724418010849416,-6.743612984123101,-7.6223819155437305,-5.1732669307330275,-2.8560685843705875,-2.4117553958676576,-2.552584035466004,-2.0768115338962465,-2.1354456158461055,-3.0621308685543633,-2.3028769992754983,-2.126898765125936,-2.9390633338356515,-2.3846328821021534,-3.7995376931687503,-2.794617888378773,-2.3237392128943917,-2.0878879848222285,-3.0796154981653014,-4.485057529322355,-3.803126624099519,-4.733628943244029,-3.859958085112776,-3.5539923581984247,-2.97175431848418,-2.952193134480692,-3.3202311661350277
-3.3291287835540624,-2.794451282479874,-1.0358380411541974,-0.5212497168328059,1.7769689465549696,0.07499254261661824,-4.799264922928793,-6.14442174126773,-11.823303178967903,-8.04577454148326,-6.897461498619513,-4.693397857084745,-3.825524038368492,-1.947854051421856,-1.476201313061147,-1.5361986298434114,-1.5052174112244123,-2.501176927496462,-3.9587332402754805,-3.7362455058068296,-4.567890078269341,-5.389709494908108,-5.0045624839182645,-4.489638977139026,-5.825640605265451,-5.624381690803131,-7.130349213066969,-5.908162722614625,-6.466888426938447,-6.3929085544060875,-5.0705678088598525,-4.7743684612722435,-4.759607158533277,-4.6191696980610555
-4.429588515776032,-3.7650597210859775,-2.9236852161031974,-0.8688222442686878,-0.2647225549626111,0.11783078646500303,0.3538545460100149,-3.9721315882900656,-12.080242013323193,-8.437934583168405,-8.276870480834534,-7.512559267199816,-2.840924171894843,-5.193907512920942,-2.2398366943012196,-4.339928205171721,-4.32015112834947,-4.949904976900912,-6.402335242076337,-6.677248905717607,-5.915887688549698,-5.855629328013099,-7.31509118862999,-8.215902834036205,-8.799511522257346,-8.77058827392003,-8.312573188952626,-9.037267430137248,-9.141465538631438,-9.525961148798539,-8.912333153596213,-7.235408627825571,-6.868880294497315,-7.335874747112864
-7.606548078843029,-5.523237796934286,-2.768426062271102,-2.5157689727100814,-1.6750330192416791,0.011821741329453845,0.8688065448407993,0.5093655953385192,-8.113296669659928,-8.284288066375053,-7.076867108640879,-7.367435223229895,-6.13317768307167,-3.0653186650952735,-2.815677338749816,-6.335995071365405,-6.369880755384681,-6.45180762862938,-7.788560624484311,-6.583526293238873,-8.257748312523908,-9.540765747677087,-9.935324718291856,-9.606690312617598,-9.037832195930198,-9.187846933555667,-11.185923363463695,-11.319402005454135,-11.862080824258994,-11.879068841110877,-11.342827263588466,-10.153379216435212,-9.722218338600996,-9.445000603565408
-8.477601191698701,-7.542940636567291,-4.091720571895174,-3.3801656496193737,-2.703699949593612,-0.1530058389647252,-2.324878052095872,-15.741940650744656,-13.636398643425851,-8.982229638901037,-6.190635329041827,-8.25028766767241,-2.8032286333569427,-5.070120379792769,-4.304420367494443,-5.788950917578541,-8.759510205890832,-8.394797034944844,-8.84093598904697,-8.783989100537008,-10.967071456458882,-10.14065645408465,-11.526391948071637,-10.76247385446513,-10.010708880610165,-9.889906812167622,-9.97166871008116,-9.808351659579664,-9.593260330083565,-9.503300435668098,-10.006000152327793,-9.109405819156095,-8.736582825553313,-9.35569722967817
-9.802675929250805,-8.956752375243731,-8.392539008933646,-3.546880410487799,-4.120560496672724,-7.508411685355514,-10.311180295444599,-4.983258120349031,-12.857181839767867,-13.21868710366116,-4.331357725157,-7.653964212526838,-7.763834038219952,-10.466184010451068,-8.865420295268823,-9.077961287263292,-9.832882585989722,-10.479587224434148,-9.087687518171101,-11.282047152302734,-12.748401825087216,-12.794932648221847,-13.085242129005241,-12.777337575124278,-11.689430073693842,-10.874321767787027,-10.766157964984439,-10.794879047057453,-10.772653386583174,-10.158796556741752,-10.346765285585633,-9.23040125740807,-9.646757063708298,-10.18988864238469
