script/wind10m.json
{"header": {"parameterCategory": 2, "parameterNumber": 3, "lo1": 3.000054539987559, "la1": 64.9999836372058, "dx": 0.5, "dy": 0.25, "nx": 34, "ny": 52, "refTime": "2025-09-15T05:00:00.000Z"}, "data":
[rows 25 to 49 of 52, columns 0 to 33 of 34]
2.3048502290734283,3.1939557009558004,3.3914886387636014,3.768319395019388,3.996291456980603,1.3224067941132789,1.9016502500969035,1.6577415608436574,1.9341819904356337,-0.48275009350820985,-0.15091910081680543,-1.0924151394655282,-1.3926704491126383,4.9725733253721796,4.896142438048902,5.322509567031079,4.467136892928253,0.491142205964568,0.28887974513855164,1.0676739835678246,2.487188641810686,2.670769826157206,1.1721213478811798,1.2739401348073722,0.9684986348413029,1.2266406548608566,0.6947489154890334,0.7705310704682837,0.3695091932276617,0.5228988582271568,1.5951682705740269,2.649502787618569,2.196368047230987,3.2354482943000518
1.644277428260629,1.8891579023727745,3.4410115401645136,4.274741311503183,5.51422286057968,3.920591022161012,0.7965061619185106,0.35601950159186846,0.39663189706078095,-0.3792020979216421,-0.25390339296612663,-0.30939642105937604,5.1169397568821084,6.484971842912644,6.712926230570113,6.232512316272094,3.90742762469549,0.769548197654497,0.29407371207326555,2.5275231337428687,2.4372507940220807,1.755560702305187,1.723847138445453,1.651339976709179,1.0010673704931612,0.971693236394559,2.048530098906963,1.5271492132595343,1.52207959325917,1.0738462605053776,1.0434874031547159,2.9589153883429398,3.239945995157186,3.347945262214457
5.480039622549635,7.1941389328169185,8.023807218759254,7.1394237328547705,7.073439951136484,6.716284501774983,3.3568154590688595,-0.13985952658291104,0.8741658030022029,0.008852412297965793,-0.0816567272018557,4.470084075398446,5.7382776711581505,6.738221627909652,7.336962101807993,6.6124897883371085,6.711151137095737,1.0988702782692934,1.2243723900612857,1.1164709967720967,2.833766882393682,1.8216275607139576,1.5042972442399858,3.258254267868478,1.4264326883294565,1.6002889127252198,1.0747521181741175,1.0733886699649935,1.824461614950437,1.5389634159435726,0.5798189499540592,2.2963207497316143,3.238519917415323,4.036344969382813
5.124779563903872,5.768999020810881,5.262741275868938,5.445869929069672,6.995358186231229,7.9339433995684425,7.274560739397038,7.067347491439219,3.8396084709283147,2.167383513031105,4.574636305145061,5.289742947849583,5.737184740238759,5.886795129719195,7.137585689110187,7.404076877625526,7.406327889480184,1.7775673660904832,0.9784023280359734,1.4487872397525223,1.6241048253025898,2.0185397050611273,1.230055255056462,1.7870810316858317,1.2723020890313665,1.0879656086453058,1.086705336478485,0.9957522350220029,3.1682952551599697,1.6550935746520241,0.3576650146143706,-0.7654148501219882,4.8160799660238744,4.576117222920637
6.13714196210238,7.603817837897015,7.891239007839382,10.646373165735545,7.570170916211527,7.470419853976762,9.266597868526885,9.022227844004076,7.586066851858154,6.575761909734998,6.773834899631252,7.1001881862425025,6.072725925592987,5.8704957626133245,5.707774115224346,4.851510612355237,7.536459052757221,8.0183236913871,1.3691045223650358,1.2569036845259556,1.424702402936388,1.4513183924031683,1.6023513317044433,1.3026866731880853,1.0597657367678406,1.1154700948601894,1.0051931174836148,1.0535668760772225,2.782525842315847,2.8371694062468817,1.6833850894049474,0.8946380458270308,2.9424396933128407,4.087397049854547
6.7975520538923275,8.329247964357043,7.799929567075606,9.1123890754451,8.814353376361632,10.699031407827567,6.05074047424195,5.978088425354231,8.452776241685317,9.44642309893681,8.826508740630185,8.19264505291624,7.992820545709524,6.65082728599027,1.857035266366028,7.656448222434016,7.8909978656759225,8.03705129837251,0.6154051479174898,1.0127737935284968,0.8702015653197335,1.2042736807481513,1.0799061562816383,1.2514541968690762,1.328459741679518,1.0751132609955278,1.0617063586551916,1.5084956223682353,2.954088820381158,2.8471195644330156,1.530736193393174,1.044550931653949,2.2799980425906528,3.5282052576079903
11.098395770334271,10.19751257431455,8.401524377417152,11.952526546652466,11.021224408208026,10.155570547527997,8.99511000339822,11.284620550469146,12.349561141821473,12.83369069972375,10.287950334683945,8.126941288280557,8.167330884102414,4.705360652416047,2.893521520983241,5.914004233235886,4.380308447970472,8.931624826371108,4.498762644722918,1.8929432645288629,1.527453813855694,0.8046883764752796,1.6490036892045117,1.4239529482221778,1.600611493361167,1.1997319509448265,1.1349042522250143,2.2724791456572424,1.299344930588872,2.8988035657203004,1.767955717456195,0.8642665431325129,1.9860301677360448,2.646564061343709
10.160697392320982,10.883723764634741,10.658664989264851,10.256812110057604,12.071929692713907,13.1029734403319,9.847953947308067,10.463339982023863,12.580718939735632,10.408918570687185,10.361435603666417,4.097746143469415,7.8616835263685525,4.146807497334344,3.4920228253481227,10.824314261782863,9.78439474697819,9.525123759130803,9.028153727919252,2.051258255067513,1.2194298135324348,1.398497522228439,1.7171164291323733,1.3209334932338888,1.3057793356378502,1.0678153619190816,1.5366561259203975,2.64747021087781,4.067106713430685,2.735158943601856,1.7846686490485444,1.1611258590373101,2.1368499876386116,2.2940367946052236
10.165768066310726,10.570812718982289,9.636370770367787,9.130952436653367,9.406417446147783,13.179006410061644,14.302902585514214,12.978646684701332,10.661298757973745,13.059261915607703,9.52178710282384,6.331533246843097,5.269480368518089,4.012358102394906,3.3060271728675525,9.6364028177063,10.30940088829439,7.597576212738796,9.524080042417431,8.219914213282648,1.5557235803236262,1.7170375667656406,1.1518906383087573,0.956774176490203,1.063901377394549,0.8835076607617856,0.940121145777387,2.9129872918124233,4.165974275513462,3.0534835580185016,2.6385233372256893,1.518585104364184,1.496431230017315,2.438656212864137
9.1012933503203,9.175877821776542,9.16180222965646,8.859154164110269,9.115490039926451,11.603041234377892,14.414418495631708,14.928854426106597,15.239710070353622,13.180888587854568,12.17785732411865,6.176567452563371,3.4191056353275178,4.145610503714432,3.6432218375748016,4.33464730475698,10.978580638379825,10.308787637739874,9.29246905530031,6.650101995996115,1.8360616834756025,0.6288494384825446,1.0373176350915307,0.9696736389932584,0.6995135172693474,1.0269544240412258,0.844356478904762,2.069897071345446,3.2041321413340227,2.8859546236407687,2.4580721975779434,2.2981037304191054,2.0445173552785523,1.3416900306666761
7.779413170660553,9.542373283063673,8.192829563251863,8.750463644295195,7.8117764936895,9.374058647768738,12.033943074508917,15.486023467831806,15.360378665799566,13.919984911456933,10.1877040030371,4.769819733562046,6.840007696976474,5.174895936541774,6.481360151517118,7.405735229576788,10.651946762451784,10.438773240910336,9.354049674063603,2.3567090949752787,1.844504254500711,1.2039893974629141,1.1966350030412358,0.45477835019387736,-0.1018452586790121,0.29834677746632254,0.5508788068256477,0.2663367341312282,3.2965867036458496,2.1494873566170885,2.1123152757884376,2.66553351804665,2.238876935045823,1.7049900052666327
7.658528715741827,9.233780728218289,7.96928617064988,8.120485398754075,7.487050391547277,6.6861867901050696,10.220155287826005,11.714471960123062,15.26144241308792,15.485027965843692,10.735038218080676,5.1960734363316154,4.6627204761749725,5.2102508473974005,7.752772929226832,10.70459882596868,11.437072766819835,8.398239318658339,3.2099494024826947,4.117488240123094,3.055385686115755,2.1622441320944796,1.8486531807775177,7.197594647356011,5.0570944353552605,4.20627688944444,3.6920368041673264,2.819072378560161,2.8220051843945666,3.5695815979717573,3.376781048903626,2.9524088206747656,2.15575882332846,1.3895200282435922
9.232664506293506,9.801931295038113,8.646495672949163,8.007559835443002,7.4362390047812035,6.790950113465231,7.705680393286719,10.887161291604233,13.958579183429457,15.39765880375223,12.21105536796857,5.860173712779553,5.351090881042754,4.037657548771657,6.778703818177062,12.042531082951085,7.810413215929289,4.7955799981888365,5.187671784660425,3.5944397548496436,2.966132221839426,2.5482741890420275,2.056129659624698,7.15294434558488,7.066723160279325,6.486605766943516,3.9661680348304498,3.2493314528156496,2.964601176320266,3.607238868747723,3.870660354822033,2.6087062166162482,1.3879083832013182,1.855699997699482
9.37651334161106,9.317064466699849,9.75424960118257,10.284387813805768,7.453074700977566,7.089800276972455,6.685052936045988,4.304991733017092,18.32008309282291,15.857690425801449,15.685414150404082,6.501795907909462,5.801116378195552,6.746245199954556,5.539872236006259,7.833891631557269,12.902651169190376,3.986436704747841,4.346339102366831,11.356317406581304,4.454924197882964,3.6088052671000237,3.4814088357887365,8.316829132429163,7.67318580558235,6.495181390061948,5.065179651610646,4.274593468662334,3.6562093807463687,3.60237263661819,3.678515189818748,3.4889920867610904,2.4456588649682165,1.3280211503452444
9.783904462959839,9.808475737344056,9.468663069322501,9.80982743061034,8.846608297503582,7.39164455178989,7.332274222244871,4.95923695329455,10.466922788882318,15.571006570875683,16.21942237965774,12.437256620227243,6.626004379876344,8.188749552141843,7.966472526397447,6.963395206066508,11.652773527195302,6.723274585158814,6.254540125837687,11.956603153463913,10.775634712013396,10.344754831009574,9.442743855360915,8.236255337322346,5.311069351705268,6.997414695343495,5.786039196196986,5.159936357415653,4.821077178763282,3.76921754341727,7.592878740607577,5.4182977786171245,4.346735187103513,2.7752188428173308
8.788094917475597,9.14241895323931,8.48632951062098,8.33394519727745,8.51607033330792,7.200645203592864,6.658899460827312,7.379797874177095,10.361428612245996,15.397497786385504,15.336985632007158,14.688229429713193,7.157880058820518,7.125144253333082,13.070793262821077,8.80898302769649,9.29064846758006,8.68621040006214,5.612726365938647,6.830678844197248,11.653451715749044,10.489588996180675,9.681962053305492,8.749029138386108,5.650334493146201,7.586861544450255,7.240691317655459,7.339599466498233,7.629091983891623,6.75295465467698,6.6285596004469705,5.526816253840646,3.452291652057865,2.1172316143531607
9.532553653358512,8.866110445365079,8.032784080039875,8.39304194330788,8.363109548728236,7.645901560242104,7.690822342398629,8.504557480488234,10.380013790455816,15.975179797029309,15.570279921856024,10.003767652137594,5.133310885537729,7.231794393151937,13.108603821087081,12.782912951119037,11.134071923693227,6.608622191634501,7.856804187324943,11.046360731748754,11.24771097772982,10.48608831632173,10.359071750201773,9.544479817685241,8.945142172330423,8.655294877322902,8.410750170916268,8.231673787734222,7.390208118031055,3.184587328768054,3.2163818602005105,4.004827921284036,4.211690703927584,3.622383823842315
9.999082576278399,9.662028866509143,9.560169460922134,8.400170815915093,8.168797311930962,8.17491466223619,7.613341324638327,7.808549503029782,9.210404401042425,15.27610629153069,15.642268272507014,14.336067451233223,6.457718643459997,5.709080166450676,9.12951426589997,11.630416790982782,8.714431257461952,12.01848135341837,9.369575845018641,6.297829563150519,7.338458838971556,5.211370345946912,11.233882733096477,10.291629754390895,9.69406200331025,8.693141305525154,8.520295711867364,3.5898873758548238,2.801607012895002,3.5875521902741547,2.1133275542818333,2.2743566241755273,5.257089625620939,5.996303419495526
10.326762941861881,9.873658426682452,8.640750939689045,9.443966749380953,8.55674492959044,8.094862891887056,8.28256539335144,7.999655139003839,8.745940491506715,15.441055268889677,14.118181942342689,13.261715345039294,6.81278789743605,5.722636606243794,5.708585726019408,5.72499648777761,5.977779241794108,9.94530009603059,9.63186826128051,3.5297615500768558,2.0252333082503333,8.371479641549753,9.568621780018042,9.698957109627889,8.903238477879553,8.015115536440804,4.264806568025262,3.414109239978556,1.9877174493448404,2.2471628116241127,2.33778781048324,2.456663885741386,3.3911920133988325,3.0120398838846802
10.595251984295489,9.093109533487135,10.845500719525347,10.038777850055597,8.795940707956252,8.029756981916035,8.676305775663797,10.064109831655449,9.300696283719384,13.38584662119536,13.00028493466231,11.789083146009771,6.557468146971976,5.272932169636166,4.572487322346152,5.2113144571155,7.506536907085547,6.023573543294784,3.6416389078164038,4.138319508579186,3.493892623790394,3.4596710107575803,5.0012260622284135,6.157113904042758,2.4363673668883514,3.5203182985926067,2.7645501123721776,2.2800779932879314,2.4748229783786684,2.029490611884028,1.81111993087406,1.8318607255856334,3.408768133650421,3.980465875903222
10.612088157198446,9.794074430193922,9.484601927815282,9.811517903752067,9.703472216393395,8.620466969240425,8.82669347656145,11.196865459477696,9.471350237052516,8.143128199928729,9.252327727843396,8.687434974677267,5.607405711349585,5.3587358120902095,4.636248931848454,5.6847361955551365,4.985878681983154,4.348604759466358,5.148341294135895,3.485698302079669,5.376354254472492,3.5826549832739465,3.9038607982136804,5.1838639568172065,2.961030886390017,2.682951130430884,3.236778267357656,2.130839740303963,1.9616971501922182,2.5734564091408303,1.8705900523735204,1.778479409371561,2.1223186514531824,2.106640611699131
9.58019782172265,9.844130720290314,9.50470760397799,9.734689723816121,9.323083955777967,8.256609342223925,8.211158183401665,8.986772662526747,7.567086945774704,4.59515076032748,4.404660727137613,5.88334613121118,3.706811900054962,2.8506218839598056,3.432540362602197,3.576014552078875,4.125554779959442,2.913963113433914,4.093118851835029,3.676186649475647,2.4463286730688982,4.5305151872666345,4.2464966360084,3.2690570403595802,3.1997937273518926,2.7972289107513495,2.0977500376680696,1.3973772565834852,2.5254336037153,3.688985148811792,2.647761347696585,1.908172549410071,2.4267185639560256,1.981021288740595
10.373886284464234,9.574759667138357,9.278107849062556,8.637064712191215,7.770017590487828,7.655415104310822,5.524903956732807,5.046545581311233,4.882716630187841,3.8507837000905476,3.9260112061772547,4.312451838283758,4.475405347230617,4.147544029859402,3.0766774120725917,2.8774628231776784,2.2985034693564392,3.6564886327894977,4.2889315523067095,3.1601511224560017,3.644157754432864,4.320766370195455,3.8662420617991184,2.851782419241839,3.717697828682275,2.3118081324323265,1.3330135210096057,2.9557541528847686,2.6441178307385593,2.810151297063364,1.5623399500930772,2.763969116616072,2.0541554646229105,1.2940661430500813
9.667281867049436,9.302398809507247,8.629952770185536,8.1251310090789,8.849324173694091,5.353435374306155,4.545203636845614,4.1095194572096165,4.255683947651874,5.029862264495755,5.296842889018537,3.35985892462504,2.552490016491662,4.209720852403593,2.5094763146898424,3.1701888964633222,3.8151770105457805,3.219490558304892,3.8090806082789817,3.7726668091799005,4.3201099042524405,2.5879339010768403,4.1961459833511086,2.8056291376179754,2.5525824600812563,2.475132723190994,1.7867478678213418,1.3062871289518314,2.180272538754318,2.6122332701150532,2.157234532117558,2.0439354841792294,2.539094501915143,1.2622346096786698
9.4073886487712,8.417275219190063,7.910940363834145,9.040785159477029,5.6107236789149475,7.8577885371917375,4.274142480217815,3.8318368060953762,3.434014077993658,4.962249834997438,3.9636392758888346,3.29754792868016,3.5473479502802805,-0.8975686815721554,3.4813981794163733,3.0291560409055363,2.1071031501445727,3.0131683538115928,5.132000930078281,3.6403784787479894,4.175285996392307,2.9630136378903145,3.3360237882356483,3.8797741578110276,3.2144525691132864,2.99293434624708,1.853350817005528,1.446229134307911,2.1136674271638802,2.9531304206942295,2.3485101948678166,3.1693654516411454,1.3846142319275785,1.9911104021676373
