script/wind10m.json
{"header": {"parameterCategory": 2, "parameterNumber": 2, "lo1": 3.000054539987559, "la1": 64.9999836372058, "dx": 0.5, "dy": 0.25, "nx": 34, "ny": 52, "refTime": "2024-12-18T20:00:00.000Z"}, "data":
[rows 0 to 24 of 52, columns 0 to 33 of 34]
-13.447832486983641,-13.748662395882906,-14.229606997127425,-14.230577996592867,-13.787560662588811,-12.961517861516699,-12.853878581819579,-12.471943395419656,-11.234765641623685,-10.450583415970783,-9.54636796254267,-9.749791627353245,-9.856444282108088,-9.959907027141668,-10.583997245539457,-10.169168674619842,-6.904100394688276,-10.672618122774521,-5.460419401061694,-15.592125472292752,-7.743169330035461,-2.875990115060656,-7.657338266360141,-11.699385738462643,-5.189297599904972,-3.257997744055298,-2.8011733298341004,-4.746560811655736,-4.627678680375644,-4.223996071211527,-4.583067040205043,-4.605026051982376,-5.129584054638842,-3.832775439529729
-12.413219257669661,-12.330327367268238,-12.51245248903073,-13.235157104679754,-13.750385371222622,-13.105205711544617,-12.491620329563494,-10.824388256922163,-9.676027210218978,-8.145237974685076,-7.0652606324447245,-6.323862882840125,-6.095287472582779,-6.520585981515808,-8.002389020642989,-9.811978593058424,-10.51772893343633,-8.164705673394517,-12.109094462565468,-9.419344433891819,-10.527037484438912,-6.135523198701974,-2.758618139089387,-9.261185713372958,-2.7958756699270744,-3.8318924344879326,-2.3158460435282304,-4.857273171388294,-4.625991242125018,-4.5110764215125485,-4.126092019029155,-4.240340388491564,-4.249214103800689,-4.95558503700569
-9.646906822330502,-10.997895743959338,-12.325333984852362,-11.734686625051301,2.7673114727223047,3.031095654860386,3.5550488081475,-2.289007288734713,-5.5900589667412515,-6.957669532334598,-7.795996726903073,-7.334674276262029,-6.690956389995875,-6.312867705599454,-7.160974213019289,-8.050212816205352,-6.071298577280986,-4.62578065209328,-5.742846395010897,-5.929942775809899,-9.422357032176599,-3.636306626116872,-6.54415752452835,-6.600477461602589,-3.8841000358178537,-2.3745606184343924,-3.9117182421392767,-2.8133023397550394,-3.986020183487222,-4.8525636561845396,-4.7077876789001945,-4.036646830106941,-4.121461106066917,-4.4556165285544855
-7.220862999630859,-7.5002378095557605,3.7511933981379926,5.87290192413858,4.203569501608411,4.51218416162836,5.665984364196785,4.023432793152367,-1.4248086057258091,-4.542236664054746,-6.946153202476573,-7.699642873450104,-6.956346302364102,-7.042457638266165,-6.920109177276004,-5.8455702074056415,-3.948193412228329,-4.695894324448779,-10.856151115052752,-3.551775205376038,-11.857496473160746,-7.4435934688043135,-9.079155358945028,-3.6339498687396112,-3.2523607774403502,-3.699790600432009,-3.3324988776907354,-3.078957768725373,-3.573940362194865,-3.532757435504758,-3.916934086957872,-4.217837207977064,-4.118333089937932,-4.302500449043201
-2.020552060890356,7.789289786379979,8.603184478377097,8.788084115331142,6.4825472112792895,5.977766479253455,5.878610012261193,5.177723334562048,2.252314291753955,-3.2656170407347367,-4.806856778144006,-6.432397074534806,-6.616764799103843,-6.3335748060536545,-6.488762588281183,-7.866872537181209,-3.5573411956147596,-3.9066286407612076,-4.032117281148155,-5.910492312263661,-12.157930938124855,-7.371503461862782,-2.5029512516960915,-4.612526713337139,-2.923555005270821,-3.2123030061772058,-3.641576937993694,-3.6006011540304432,-3.837849303002845,-4.210474048527778,-3.9569345848608495,-4.830543435084472,-3.70533239338789,-3.710625074275471
4.202446834201004,9.914076908877998,10.070732119947719,10.04431503684676,9.524325624096553,8.1645394333185,5.72945350800487,5.221806479326369,3.653621713582184,-0.23532979061691078,-2.460196518084807,-4.168831439813769,-4.699160563307666,-7.739311230258407,-1.7653072966520778,-1.5827950028051307,0.5327010148859116,-3.9948473149445567,-8.0860905789483,-11.818135899811203,-3.271177585903091,-6.02979401713734,-3.0672488062546552,-2.341735787719504,-2.685229737460099,-3.0441211801530765,-3.417736029478409,-3.7851830225875656,-3.5706484859872103,-4.231547508986816,-3.948083417493728,-3.4058362650726455,-3.564884311045042,-3.74563170271587
11.448995147829608,11.264970785825948,11.317001646138806,11.89408044984671,11.238250436296626,10.254720854974114,7.676262538123796,5.386224662271269,5.099587916181715,0.35834354506620447,-1.3639547603858062,-1.6498896167723305,-2.491450183266547,-3.118257751554326,-4.810238923045732,-3.6228735732047253,-0.57337523679543,-4.711561480648152,-5.488277817831878,-5.22326813639855,-4.323265131394799,-3.052083654427433,-3.590841678770708,-2.5968059480936136,-2.8269297940114293,-2.5948744378726,-2.9293132032022453,-3.256221692067589,-3.4999113233670327,-3.7615985952847573,-4.2468507872146795,-4.067847898118128,-3.9623659084611047,-8.36360747351937
12.98323536753735,12.2477924040471,11.800138380550047,12.238797346608923,12.629019780700311,11.96230348927561,10.561612061172557,7.44789657465578,5.684149624204782,2.3771984125358787,0.5176144289621794,-2.1681550739655107,1.7520769125014688,-1.5230344461862415,-1.8390177810177781,-0.8344768405447609,-2.033387351425076,-1.5207474177108822,1.4060954316067553,-0.8433866333571374,-2.9522797257132303,-2.570920161579924,-2.826764304354363,-3.5979323124368694,-2.1422995973847345,-2.7322615815931828,-3.47053468049946,-3.0027569378920043,-3.2367866507634995,-2.8847504101110846,-3.2788617820959627,-2.987999183102996,-4.092484164062662,-10.03315685915648
12.77674283295513,13.359613323930764,12.45214400311875,12.607071309065555,13.056454737478285,13.083189589153694,13.235583528873782,9.790566568934858,7.4446008107004795,1.9524793540112235,-1.9223800881503161,0.5275330387105023,1.021320637577844,-3.934219721453452,-2.071618260032516,-2.7575032596663918,-6.309311028691603,3.119389319878597,-6.8013541210051836,-5.3049534897036255,0.030870846526999493,-0.5236601054098989,-0.4519286042982661,-2.123967493655197,-2.3275215817003527,-2.621477025487666,-1.9308709865473932,-2.263417980312017,-2.1278555024133334,-2.644490672570327,-2.8401367755609486,-4.9632603874614,-8.616263494147791,-9.871601185959882
13.1530886355609,13.01255539628967,13.529994641838451,11.513298962060762,12.345738190486866,13.10186923821658,12.852510712026604,9.240750960110622,2.382832522716258,2.941472792784924,-1.4319165569061674,0.8173984896982739,2.7000643658899226,2.289580172544667,-3.4706144140458624,-1.602000418058326,1.5248221019015071,-4.551816648419127,-4.986461946057448,-2.09063606120144,-0.6155539727209905,-1.0173558359735615,-2.078564915906039,-1.214204912695058,-1.6997817273708744,-2.2876861891917892,-2.115517964885116,-2.505969216718899,-2.8011138170655983,-2.2630112943237397,-2.2771081129124164,-6.517757512727941,-8.435323539471007,-9.461241350152738
12.413842307110938,12.91181177736587,12.82514030778062,11.89102488727049,10.839196885529017,11.709172879156416,10.632713892369635,4.769949178890273,8.059483459623367,0.2924126478626685,6.2211965627895545,-4.801101658939545,2.5898057724891417,1.5833928184397397,-0.21517503399337382,-3.8082210496767765,1.1115737032495603,-1.6315612067775527,-1.5117299582305135,-0.596082652215494,-0.8310288150192127,-1.4447413309734065,0.31419454683963965,-2.1425140102612676,-1.883588776686783,-1.3910835940385362,-2.2007605068197087,-2.55885964171752,-1.7586797612842937,-2.140781902526726,-3.436890832196922,-5.551953530231583,-7.7721295665870915,-8.586949794766994
12.704382230206221,13.571967057613458,11.226847736548944,12.151090839946557,13.442054688309844,6.251831334566065,5.57311656125775,-0.21921327004261698,-1.5063641912456291,5.659293878565412,3.5049693777761166,-0.917027186053355,-2.9999605306704256,2.133476637403039,-0.5614158115515042,-0.7965972873985064,-1.2541487613733397,0.3226476747744617,-0.1101180195159008,-1.088939562005891,1.0204485255154627,1.3821814311823262,-0.6412574867887828,-0.7507163422293004,-0.9412163203636785,-2.0659542860507436,-1.4124447197679821,-0.9855464780993201,-0.7949050436256407,-0.5250084528830529,-1.7734835801465587,-3.483785308485927,-7.090381956385566,-7.551919840483371
13.519881718854586,13.929888646071882,13.74213182869881,13.513801825992587,9.78213670969725,4.812038711382913,3.0724275175908806,3.2834975970711184,1.527702162515092,5.534997894581136,6.998985565839072,-1.1393530210236145,-1.0868202025262717,2.3312213867347955,-2.86300284943973,3.3078558353636596,-1.1556459890132866,-1.3171733169831443,-2.579788925327396,-1.339826977996447,-0.4348371286037522,0.6380341683743682,0.08550282059483674,-1.4620514054185285,-0.9821550664571396,-1.9580087963830328,-1.5830564342535063,-1.8933807806762903,-0.9751278782736831,-0.02046592263949452,-0.6856535504020373,-2.160503175719937,-4.658567206309403,-6.588595784576563
12.581253739374905,12.801206264899891,13.421943547478456,13.1656352897926,11.036897404811507,13.223869576799208,12.68992996545502,1.4358646585914445,5.089855810067213,7.561224437382749,8.56800135123779,7.790337104386333,-2.3770156173086807,-1.0243108228616469,1.59684376401988,0.2573905774975292,-0.46675598862606116,-0.4672494653823568,-0.20768280164066494,-0.6158676922246975,-1.7540767448729981,-0.41514053384573935,0.1562915155444629,0.6251975129510322,-0.5326028245241562,0.19371652216044036,-1.2892538432879406,-0.5185478423116625,-0.9010649038570706,-0.43636678126977285,0.3533546051758796,-1.0667546170068765,-2.8079032186695847,-5.724288149577136
12.948966253813602,12.726735886435536,11.968811124900512,12.473456493128005,11.112417994039477,7.180195177468385,4.019186792849344,6.8998965531960295,1.2110082912281537,7.593188801273352,1.2333927433334197,3.585319197878623,2.4470305611570917,1.6265006451014201,-0.08626579276412692,3.486371650135798,0.3779318921510371,-0.36477143588393646,0.21266481725709702,-1.1507490124436914,-0.8518751140134685,-1.7982110495942933,-0.41430985191095643,0.34924694993345734,-0.3117346325629834,-1.1428425821825003,-0.7732260374509486,-1.0086737862154889,-0.3873279577995099,-0.8823763263455432,-0.931811250136599,-0.08592678698351625,-1.8865577290065771,-4.922191886210626
12.856310628538989,12.332462187372936,12.085332297996032,10.575553437532989,6.788516162007436,5.901317451253224,8.750333655508078,0.06903616808651339,2.387701512536187,5.5355061017660185,5.542749054786804,7.492409130956085,-0.8501662585686008,2.1674257592784825,-1.5616247861151462,1.1133033562813417,2.216141260045296,-1.0848734380680747,-1.2208577260206344,-0.6177657556733724,1.5966648757718496,-1.495761781700526,-0.7175151045380392,-0.5334589129270998,-0.479621199576709,-0.4305786186324399,1.512099048660534,-1.5083463415356015,-0.3858652953349807,-0.9359330012615802,-1.623122704756484,-0.5042996046152959,0.04625155146262784,-3.094103556151082
14.855783112158619,12.070754838275922,12.065083092469317,11.486000575816323,4.711789785928039,6.198259419576812,12.0238415840706,5.55772571855698,-3.2475305262392133,4.365463892682532,12.660907148502089,8.923616925031343,0.8183031409921439,-1.8504445765172377,-0.1328459876620391,-2.3959082359783226,-0.11991389474364327,-0.33169619963615254,-0.6012818898323729,-0.2828068642832471,0.11382150404165116,-0.0486910300865189,-0.4425030545410666,-1.2892256464798937,-0.6468173508142514,-0.3462718607567453,1.198387442709883,0.905699202014946,0.7028556073052837,-0.38052777552937983,-1.5520065314762006,-0.7998983319123908,-0.17463633642688528,-1.0291314149864588
15.10640397016235,12.365169815261618,11.343496242931106,10.7851761564773,5.4523585015007745,6.117785634992293,8.100416514956494,1.252945396822419,15.0329584422641,15.89242215308864,5.90276250551461,2.659360698157409,-0.7353632200325146,0.97726032567622,0.5744926354019281,1.5405520139994144,-2.7552105547532393,0.07088915151984518,-0.3229149759030608,-0.9070240997365161,0.10638117423051477,-0.5091533456350804,0.16189979345846728,0.31421643776954195,-0.9169692618678534,-1.1325689335775087,0.045640752755422405,-0.13239621640912735,1.0125105822074878,1.458028696491395,-1.2844971673790857,-0.9100301638275866,-0.05682098077134594,-0.5408584165826813
14.954447927381059,13.840017465421822,11.290128727119209,9.621973625288541,7.871705864206943,2.891775952712381,11.712731689588772,5.1927595279516945,5.280847120546082,14.435410067606623,10.02273242901448,4.310617658653859,3.321928440391948,0.5156004479185603,0.3259574157379474,1.3614510497626484,-0.017703093527899567,-0.22561091091141044,-0.2493881956378758,-0.73563473992128,-0.15582040994886182,0.5235107923514518,0.8684366370675869,-0.22200557673869994,0.22630850102158256,0.1409657095392887,-0.18656641945375096,1.027287445977659,0.5271511290027575,0.9094691993357014,1.0158081901553926,-0.6202124933650359,-0.5919434293596291,0.23693246807864252
15.564834265717819,14.513282997628805,12.87661220815362,11.620430392007652,4.79327790583643,4.4194716946436685,4.0671871996582265,13.863594195001875,11.779585588985766,10.808198709139198,13.166016361855826,10.587816686516414,-0.7984640776341585,6.861244193590559,-0.566132894761577,1.2849919743502385,0.104035164088978,0.012325310055466759,-0.48958107558557923,-0.7006944916904696,0.34666534768805257,0.05185600844560814,1.002977429971304,0.8397761507841969,-0.6091595785534801,-0.09073049262318168,0.7725223435732296,0.19523417390956554,0.45133279237735696,0.29223646724738683,0.7651622014807934,0.5634132705191849,-0.7131770285613622,0.3404411647234143
15.012976141071984,14.123492646377985,13.672082740582285,11.89753514799201,7.531839710878127,2.1664174337361435,2.777272333874633,5.327311126809136,16.122246561302173,12.421814787534586,7.228584280605927,9.339553134658951,3.740519471943546,-0.7659429997500509,2.7753767886972,0.6598620979318683,1.5880543961643003,0.24658809081733116,-0.13685747372400478,-0.5978342063268054,-0.6207368702873552,0.3205127871111995,0.8678021503397694,1.008490082689985,0.329892218724939,0.9359139427659484,0.7026264635048053,0.677035147094955,0.4548271948141058,0.1907192113389597,1.0580909328388843,0.7377032368081614,0.2232905078018342,1.8795867881660693
14.634092099615962,14.203234287809277,13.495971931165725,12.222495437467524,9.812550998426424,5.333953020018195,5.430720932787929,5.599707264670278,12.332561749495772,4.459943724794764,14.117003026852707,8.589692473971356,-2.0341526527433653,2.4991915609891087,0.6254024611336565,0.26790652374146434,2.0058041201458865,1.2418772951756194,0.5010966809090018,-1.252357398695294,-0.09785162861943458,-0.4283484091722639,1.1829775686085298,1.077874534731066,0.0718460837345036,0.7562201181756085,0.24591893715289273,0.8756492129597434,0.5374786056119346,0.13655605869357532,0.7060387707784063,1.0165854518879023,1.0799342065802722,3.4538026571057014
14.914129292783304,14.279422596168633,13.54766742513729,12.542879345943325,11.309548155305379,3.841280576373614,4.575992056211445,6.505072306597949,14.717419742700397,10.482357178713565,4.707878733251345,3.314125357418245,0.897865719437549,3.026113390517433,3.845809970939134,2.036157145392691,2.531831991985814,2.30442698057722,1.4025070978386691,-0.6900936429186708,-0.46729862602009786,0.1785466293844845,1.0880434649006445,0.48702156939702196,0.4675684727514404,1.3077203500892074,1.1743410572972934,1.3580805079578493,1.150156391169832,-0.30826434356685956,0.6684913193050862,1.9519069123758646,3.1638095274679365,5.452297098646386
15.136104422783403,14.095479868649864,13.580890308969662,12.430824240250377,10.756752105336435,5.027616803606531,3.614605107739989,10.159038590405224,13.55205436882715,3.0902621596259636,3.8277807605031544,-0.4483823203753833,-0.45818532757747665,1.7966309805112521,2.342785623529293,4.766529086476245,3.5977724847530324,2.4090082501112544,1.8534388991819275,-0.47101299387432577,0.23318248046438864,1.8572517240474096,0.29253408977686013,1.2750924112790583,0.6897172303852783,1.1301993989326102,2.4779014255373264,1.4751165193707947,1.4068826461220914,0.7659887661449319,0.8604433049389845,1.7283171608776147,5.844518321011443,6.908709032769508
15.098476526358725,14.069188340405164,13.957162326317476,13.55684508582493,7.459353885747971,6.116132047970879,3.6448739261020178,12.830846595802129,13.833847574535298,2.5878078254334946,4.756733713487685,2.991741091762992,2.632522480380787,2.609079941101712,4.148202622724193,8.298701250736089,5.228228344621644,2.6252013034827986,2.388883119709345,0.9022953847782061,0.8565730233112607,2.1763421003583594,0.3413772194002486,1.1196418233359504,1.7404015127494743,1.1915140708993641,2.0050501825610585,0.9748448673168421,1.1187647222505377,0.6644510822496141,1.6146319881989186,4.382817346404066,6.439057920190407,7.387225030848407
