script/wind10m.json
{"header": {"parameterCategory": 2, "parameterNumber": 2, "lo1": 3.000054539987559, "la1": 64.9999836372058, "dx": 0.5, "dy": 0.25, "nx": 34, "ny": 52, "refTime": "2025-07-31T03:00:00.000Z"}, "data":
[rows 0 to 23 of 52, columns 0 to 33 of 34]
-2.7992874353477832,-3.6346904712018304,-2.782604228937788,-2.588437674744966,-3.5961854156302766,-3.8206349638949946,-3.65321486757347,-3.08559793243206,-2.3196974507991337,-1.9998288498799546,-2.4214447873129754,-1.5237945976474108,-1.309212112024421,-1.540770110596032,-1.2840317956092275,-0.050031740978375774,-0.08302568841866469,-0.47155330833189335,-1.0349527605075888,-1.6515680166687128,-0.9299891762070172,0.29893656015511033,-1.6789433436854677,-2.938274808249458,0.4010029947411873,-0.9120480885295366,-0.2955776552083567,-0.8295387345820477,-0.5903769306580016,-0.8816577788231191,-0.9065672761336411,-1.2243417574620346,-1.4081463517859942,0.05719464430033624
-3.182676693083591,-3.624640224727835,-3.022085017646786,-3.322631556079081,-3.9484929363194157,-4.053211774286997,-3.888740396734057,-3.5327053546112723,-3.2397279513375588,-2.604769313180437,-1.8098858813743186,-1.937658385090842,-2.189649254821418,-2.7514800289513146,-1.3020838344638348,-0.8960260951727747,-0.508685969898287,-1.5122706616793005,-0.9783209001990554,-0.8066581487097106,-0.6129655811122886,-1.1378118158331416,-0.05557850974407722,-1.5438352425956565,0.5656619121406672,-0.7330312106748206,0.4302792246501226,-1.9383350251998215,-1.2967938168985853,0.48736463785764733,-0.6726754025615715,-0.9274895052956774,0.06389697321642661,-0.4888058740331186
-3.1372636065825583,-4.288503569886511,-3.7860916143822814,-3.421736402271704,-3.910811889680201,-4.294253374645267,-4.12572862543333,-4.160899149623623,-3.5967795173960795,-3.079189368944169,-2.691899553820069,-2.741857449670835,-3.268402510718355,-1.7016478225630287,-1.988613891656733,-1.8937259811434441,-1.171004688159904,-2.011121555778944,-0.4581371365184344,-1.202411076036056,-2.0454651220582796,-0.1173648338621579,-2.2991452488484088,0.6405051277340004,-1.6565561554632056,0.47294212918431544,-1.5939009068451935,0.03721541696751639,-0.5999489418498284,-1.1137845572585232,-0.05629707672715028,-0.19333155441664077,0.16713234997692142,-1.840817974788195
-3.456356403921544,-3.8229069686114574,-4.02995021830494,-4.178357124025852,-3.726201639150308,-4.340019775337745,-4.472636739963529,-4.522939905111524,-4.188736884035206,-3.84954674058835,-3.7038505629526792,-3.8667330407538922,-2.8731518901290762,-2.4742499600407073,-2.3931311752995565,-2.1623769471624774,-1.6039117742079887,-1.3100642131071347,-3.7451492853779835,-0.6247239736386054,-2.610621871873537,-1.2487425891038115,-2.148739223977491,0.027450161933756597,-0.5555454318768146,-1.5227651497360184,0.07236634814322203,-0.8397538439748132,-1.43434772488645,0.030287234746191348,0.138270507375059,0.2876982398790727,-0.8705418363132519,-1.0984819149014862
-3.6509591793860348,-3.6018220130238694,-4.094321289642271,-4.566348703943266,-4.380529660009649,-4.881087575162064,-4.9092051543559565,-4.807667214283719,-4.663599341462579,-4.639947845690763,-4.414853175292623,-3.6489332318654983,-2.8576151879346634,-3.4928887634338297,-1.048671074071872,-2.5331943064344564,-1.6324886095785247,-1.5637658595269472,-0.4344263865020553,-0.47866709417260184,-1.4278886991000552,-1.5725044315988062,-0.31959570290861616,-1.6404794494742312,0.24613078225274035,-1.6770950286821693,-1.6419367417664241,-1.5029135474933895,-1.0237794547157875,-0.4790242151781798,0.4794345918501288,-2.1528581574412717,0.5731013065921707,0.28798883208076426
-3.6364726805490197,-3.6586229193929016,-4.472083488344786,-4.867296090401724,-5.250576886031772,-5.262069166316141,-5.176167098611014,-5.193750989412872,-5.408640867467526,-5.2457865227832325,-4.902973736284496,-3.372089917130559,-2.5757452685169193,-2.149668001042934,-1.5753374430045868,-1.4724573228400077,-0.9167128940902338,-0.36215151213697166,-2.8711900811891926,-1.3320247902048639,0.4528510741776098,-1.68632050932424,0.3759403213018851,-0.19181846628285484,-1.0187976686431932,-1.3822119749677524,-1.079240613252728,-1.1807798818375905,-0.2877281317067417,-1.41173690831553,-1.10557350214452,0.3647279413635767,0.2852223599253608,-0.18865282129346303
-3.486816082517493,-3.641311082087243,-4.285637103343473,-5.095541222026307,-5.540703036190651,-5.40300313742354,-5.4229828501624135,-5.8234364583807725,-6.029409670559684,-5.567173450014686,-4.809101526962879,-2.24286007624555,-1.6595454195222443,-1.955970635451629,-1.6458191395295847,-2.880444524238306,0.943571514625025,-2.4744548034956075,-3.802040008425282,-0.4398137286011277,0.28634434595000785,0.14849880393609122,-0.6588900491096518,-1.8083568112900443,-1.2320634739999787,-1.3662681686273486,0.42855988050136073,0.12092594958385115,-0.7652969845972192,-1.0437487037344382,0.4104943520436488,-0.4764109674989264,-0.7200307550591547,-0.5751002420114059
-3.8244661235491813,-3.30502820387368,-4.3583320716504605,-5.303851995064917,-5.074368046471597,-5.423805988995416,-6.041577815268316,-6.56240546550732,-6.358053944757176,-5.883292538679401,-5.300778467973631,0.5019065322148858,0.4403160645909702,-2.4919271470622077,0.4621708127902751,-0.14987728161380356,-0.7080671334565445,-0.9343309866555529,0.8669111730593186,0.9713516228703668,-1.0994078410300177,0.8817493041302809,0.6832599015229767,-1.668903128921682,-1.0309821413716176,-1.281394420123611,-0.7733496959475862,-0.9878480507299389,0.5377463149005278,1.128588842577514,-0.8661826014765251,0.06296089891283116,-1.0233085899256953,-4.745160342080173
-3.5744782772573775,-3.6156300861888235,-4.422589853683096,-5.11068893619758,-5.730607922743,-5.847944152577478,-6.710477771603295,-7.017988091425873,-7.334614127857515,-0.761880425031128,0.15667133929881055,-2.2072846683911376,-2.6627586290100216,-3.909602320513367,-1.5646558632328238,-1.4879461651749835,-2.7617951867835746,-0.40623582875459685,-2.3424439370523005,-1.8649052598274258,-0.6340890283311412,0.4932545529259687,0.8420017548473359,-1.2451776359698115,-1.6147123775924266,-1.346353633382665,0.36191418843659495,0.494538898127319,0.3927542565685348,1.1201958804500067,-1.2993358819145127,-1.083995298583601,-3.7855788398398786,-4.3679648246386575
-3.466367129996588,-3.92359406814918,-4.3853100797589,-5.705058184279355,-6.305877004082561,-6.3596248721512,-7.237729137123039,-5.147553463638691,-1.234682216623198,-1.5883136417839951,-0.35529769103038694,0.1064064087691752,-1.5583272925729166,2.024146844627311,-2.1252715315362454,-1.1108902791193629,-0.5251774297545132,-2.1697007700272035,-2.2506887109427045,-1.4039077163131612,-0.15680226540508205,0.16915856016283934,0.27258125478638257,-0.4690115628831741,-0.5645924837176748,-1.3503758025754358,-0.6127818107135774,-0.9565624122659897,-1.615365272309138,-0.7671201274424757,0.3530771919407146,-3.7807687566847483,-4.702652795730072,-4.1606528689217965
-3.532755950288029,-3.831718866841857,-5.775141054817363,-6.6528464525272355,-6.826858275347672,-6.553677799393772,-2.322554372822338,-0.059005792818472895,-0.37919235169247345,0.8947589121831702,0.009163172355062489,-1.3854477019941713,0.20334887006656266,4.606480324304619,1.2841723825294318,-1.8120396619879608,0.46160298655685766,-0.3007781723838452,-3.7619631793696584,0.11628886361288479,1.0433365525014175,0.9733290942347815,-0.6904604983086803,-0.0813678700602802,-1.693436074490421,-0.7253724916185375,0.09623673846914817,-1.7023556687889296,0.9292870448317498,-1.6697018572873836,-2.610688715127002,-4.2357131803570836,-4.792939958207409,-4.618711063203962
-3.570948101715086,-4.55179066065114,-5.973805441486131,-7.508043209097853,-5.797688500616738,-0.07681415770459248,-1.354178438969636,-1.2760168449599274,-0.004164933829859133,-3.3031051365912876,-0.5058530822616797,-2.4236726764438514,-1.376841976266967,-0.05254010890161416,-0.4710700468333968,-1.0357171342002625,-2.2609017373519666,-1.8012885909812644,-3.5762717461441476,-2.1374313287921725,-1.761229914170083,-1.477697537341864,0.8001330250550173,0.4830887141338493,0.4444944981069286,-1.2824635845410042,-0.7118092756505261,-0.41457612939665406,0.6890882555700141,-0.03869143916446814,-3.654151435882059,-4.741060111985756,-4.833324792181013,-5.054523267995572
-3.3306670224703563,-4.863417178203168,-6.839778568645727,-6.129056510024176,-2.086079266578756,-0.13887947512375942,1.4606559379007928,0.3357153061921312,-1.056758891887898,-2.3777112065292734,-2.2729043206298813,-2.0727685625162056,-1.0914552664440922,-1.7628215966837744,-0.44704841871153267,0.5865917559437834,0.049689241235076495,0.9626206941589606,-1.333314511478101,-0.8851247629466338,-0.7096876285635124,0.8162487775069959,-0.1410769506136391,-1.2121079233137628,0.0057620086272922155,-1.2556252986010694,-1.2843331860101097,-1.7826122990111228,-0.2697308419164037,-1.2621439947201032,-3.9208219585342143,-5.702850591176018,-4.827113659006376,-5.657502190475178
-2.7860366409484443,-5.454927967023539,-5.914854062990311,-2.2934802687023863,0.7044477203902857,-1.5224782918039008,1.6427986318158176,-0.6604276704775552,-2.045157319560682,-0.8324682648415421,-1.0128255344881214,0.8340264692764154,-0.8779030631536963,0.031575602360306564,-1.520834861683859,0.1464060350005098,-1.1727922448442392,-1.405941961870277,-3.0574216480730767,1.000242441944753,0.9418472487580185,-0.9990466563616843,0.6123389364836259,-0.10718236662367935,-0.40004892934134084,-0.5335399693966785,0.036954100760012785,0.004975788447415873,-0.14671977744090203,-1.6636652910724528,-4.838418027019328,-5.335545564018804,-5.8718215791902,-6.5776587266101805
-2.382169152628109,-4.317747448420776,-2.31799559264988,0.06519054705945534,0.34210741696238006,-1.9879885374918385,-0.5403282416864088,-0.5501665373637804,-1.5214503038102152,-1.3830714990294248,-1.1349240778571137,-0.8466670994158962,-1.11843034864816,0.1409404425416501,-0.8308391086837157,-1.3059092654246511,1.0514546233894593,-0.5771666250977844,-0.04834362907332265,0.27933451618233146,0.9316343807922852,-1.1395831096188105,-1.1171950243234876,-0.33409113179046296,0.07120597375467529,-1.4460873609709468,-0.7303740260299848,-0.4292061318908902,-0.4485388063695285,-3.74830130557433,-5.625642958604757,-5.885674770752021,-6.1030063569326085,-6.697405344954269
-1.1165225158490888,-1.979061147508121,-1.003342524365641,-1.370306590288026,-1.5484699228162209,-1.490465203792927,-0.872093134570632,0.7903256450058309,-0.0018689370625273344,-0.8489455330629821,-1.4578672547421911,-0.7316450393062616,-0.25227546305125154,0.3718459471661013,1.3064462830199761,-2.014961827065229,1.6757426533856052,-0.15957093824012744,0.81432591192236,0.34054528414911905,0.5673259476743426,0.12977465329523422,0.4138840292255578,1.001726726679768,-0.582904073551707,-0.5833807089897664,-1.0512288422198715,0.7724704289078461,-0.8159917381798228,-5.431899919126009,-6.555480785479396,-5.518934278058704,-5.353561259673281,-6.219138130956859
1.372221936158686,0.45924014594658025,1.4714691726525084,-1.2669342766971312,-1.2044160227609646,0.06885143158821021,0.5487307747136803,-0.24986385806647068,1.1248941780845374,-1.7247887916158244,-0.15232973828618823,-0.6863230103778205,0.47180759779023984,0.9129011532460298,1.0146218878627962,0.7558023464353014,-1.4638580843110294,0.06841011807104395,-0.03772561893909996,-0.5132509398490774,0.7886045891326139,-0.00978822055151868,-0.3223895724982945,0.5552368588128833,-0.7838402678965396,-1.1058202678676994,-0.5372594301109621,-0.2127817716539349,-1.9509579310014231,-6.657209369278681,-5.583885632788408,-4.839250804266586,-5.7185990007308485,-5.557546984029608
3.4254201180049533,1.06870221564595,1.6379294563718116,-0.649088546880475,0.1447739683662368,-0.906699255221841,0.43221186847116305,-0.35547079749959354,-0.1899914023182154,1.0409447637463654,1.0609691819850333,0.2719480094471658,-0.36519399425793575,0.7948043320601937,1.024285900570204,0.8537089739050685,-0.7374595708569189,-0.1352810719362243,-0.15572295244085071,-1.2977784728238595,-1.2359466348605974,0.8535594528883124,-0.4471840508915018,-0.6156756219601449,-0.7582381535327729,0.43510086968954415,0.06962111373088119,-0.5460080999969539,-0.997437375045903,-7.863204862562149,-6.604101722295125,-4.817501993896539,-5.219739830567143,-5.190744748767063
3.644636682423001,1.7217066563978294,2.2237125935895734,1.0061852575391168,-0.22596249734825488,-1.4181084985605519,0.8003069867947269,-0.641352501546616,-1.833692275707637,-0.5523530607999452,-1.0503710404894413,-0.24541313036523266,-0.0025550141706862832,-0.5065891737718806,1.6605862524445654,-1.3316871188178057,0.876381979334057,0.4077784004498975,0.06157260627198179,-0.3135460510766106,-0.29059034963956226,-1.3219273388182589,-0.9381509244327816,0.17331264760300158,-0.9882641046110581,0.8086563575513463,0.29790968758627473,-0.36583666116849384,-0.33009180533332255,-1.6928189132673084,-5.611280211461268,-5.028156582346557,-5.1926703556636244,-4.352916828209425
3.259397194026202,2.6335216720827206,1.1209090526942376,1.2636110742392503,-0.34645583090177173,-1.3341876549692744,-0.09508408789012342,0.35626788219232225,0.041558738841862876,-1.2016295356671767,-1.046216123915398,0.8668550346344063,-1.0569238823993456,1.0715793362303112,1.4147285634494147,0.29792238923333425,0.5070395819953626,0.28593939141019087,-0.016852668426379835,0.3677803148079487,0.048480378979571206,-0.7395968123788581,-0.7800806829731957,0.8792602118691767,0.16391441533501105,-0.23168023877091412,1.2453637775606974,-0.5038027270474293,-0.687799121079816,-1.1113566484595523,-1.9415489317242336,-2.4212243322189497,-4.801653053082305,-1.9019726554365426
2.8682717705490406,3.0248911071887084,1.1516051743325375,0.9418011920659839,-0.42164875862165785,-1.806786747261617,-0.723361517650786,1.5222991917298825,-2.7210386814739707,-1.0146177416782436,-2.0716918081568507,0.4906803258148111,0.8581721158002185,0.4267156126017088,1.653930850319486,-0.18657186157572653,-0.5742722894112291,0.486911941883053,0.7725272187071517,-0.3382821269021691,0.0018280161497267954,0.4080913093512522,0.1900756437247327,0.9914071305147527,0.528967011424095,1.3148051440926636,0.9513680378559539,0.22044721278528656,-0.20566057013572608,-1.1656552887992768,-2.26611046840612,-2.0595238887998475,-5.794487742172165,-4.737211737145358
3.233656396499143,3.2085163761704907,1.1367757004104706,1.0326085587339913,0.5587330061506277,-0.50931965673384,-0.2716507579137467,-0.8178541660983855,-1.1437383430717882,0.5730857534393433,1.9945832488705522,1.5381873330735873,0.39996490229156934,2.2583148061914766,1.7137900817288199,0.35657347483229673,-0.6920105172279213,-0.9751862840009379,0.9605451375943304,-0.10866127392037055,-0.5018728792340744,-0.46841968449644367,-1.034192547485135,0.3558161937938093,1.3943806303379371,1.5971616111519558,1.2970855062211102,0.9648562731721085,2.11016978574082,2.1850291910858517,0.14732413342796544,-2.3164173121763634,-2.971571122559918,-6.748056232397711
3.8955182732176663,3.0211010535401113,0.5648318664003884,-0.010039961009759842,-0.1917582932179523,-0.9247501471835949,-1.3189422795295458,-0.5599665283586565,-2.0227597149871013,-3.242079906733917,-0.6624840855772532,-1.385945042113089,2.3303335330177464,0.4228281786165224,1.055301765876808,-0.17552863739211272,-1.3184356894810447,-1.277475564901865,-0.043754060284768435,0.15863440603670903,-0.8624137645966019,0.1424248199656011,-1.6161021919445098,-1.0285524644771382,0.17148168377368941,1.7628684835357662,2.764151476683144,3.9287568804742516,2.1461577942409713,3.370690716980911,1.7342533550056178,1.5251920591817758,3.3658951840468103,-5.538157909644802
3.6722583361699157,2.568098586636123,1.0032236122765887,0.4975565662963796,-0.5761093660848029,0.10002914020299938,-1.2105226987775362,-4.140344438051473,-2.830298750960727,-1.0932866219403117,1.5371015794761522,-1.0358155560073377,1.4231250305945993,1.4966560703160599,0.33795384485245056,2.4402577746614185,-0.7743420662211488,-1.831543536857926,-0.6322871429790974,-0.16051062994190432,0.41436151775281743,-2.910707813279403,-2.470600647002013,0.1250358707020076,0.8040814101921238,0.18185602725187086,2.6018150001734646,2.2531921082602575,1.5591865217939105,2.0380233789675053,1.9529109462719367,1.4062283444930685,5.26045437346895,4.459150987559516
