script/wind350m.json
{"header": {"parameterCategory": 2, "parameterNumber": 2, "lo1": 3.000054539987559, "la1": 64.9999836372058, "dx": 0.5, "dy": 0.25, "nx": 34, "ny": 52, "refTime": "2026-01-01T12:00:00.000Z"}, "data":
[rows 0 to 24 of 52, columns 0 to 33 of 34]
-8.422716737876145,-14.215737443312744,-14.57065228121231,-15.930374032895648,-17.141545540736075,-17.663777828322623,-17.86640592136434,-18.325768206672407,-18.323771250132847,-17.43977075917645,-16.936931346648397,-16.00977072723196,-14.765172491204181,-12.918093791194556,-11.33313906755211,-9.419753544309225,-7.798990755941496,-7.337088883306696,-9.829263060759194,-9.42411046938068,-9.507323146432475,-8.892442263977182,-13.137104352773422,-15.617177466431016,-10.959311555358118,-9.706878322128786,-9.820396154483712,-15.450313606825675,-12.045722862386992,-12.472514930992736,-15.362153838191636,-14.866037704237533,-13.39654321552619,-11.445318591481321
-3.9002567179537757,-13.539873431009909,-13.256573758942638,-14.93448118801669,-16.510931570156803,-17.064106976599398,-17.29759054190629,-18.165928229751287,-17.99060497642132,-17.075810708558823,-16.837450045157254,-15.678143371280632,-13.819022309221621,-12.292212455101643,-10.365310911561416,-9.0618181981937,-7.972880552645386,-5.683717770823432,-11.297943425148265,-12.964635556405755,-10.50219800411562,-11.489070978560415,-9.820054447345168,-13.541385519365232,-8.775742698409937,-12.633860170400611,-9.288682536987423,-12.80669009225868,-15.181923686787652,-13.48000840463248,-11.689887832976055,-14.506402532125353,-13.130576924559556,-14.80174062746795
-10.193849173117574,-11.820697379854103,-12.444063030725525,-13.332819347825591,-14.9712625604387,-15.991142876916353,-17.38607256420125,-17.474441752390256,-16.64760036510972,-15.813357257359588,-15.49777187571271,-14.456490896202112,-12.781378633719482,-11.479897017389119,-10.735841183821888,-9.796142568371332,-10.00227897805588,-12.3583729973953,-12.685116853107134,-10.621053893010975,-15.181240333825238,-14.406446996818172,-10.540865019592662,-15.626972460225618,-13.258419301579,-8.611749301490299,-15.105997197721086,-10.771391128472652,-14.0708878281949,-16.105247716473052,-12.7314946468521,-10.752602320347565,-11.940349028411097,-12.32020839916831
-9.760785076217008,-10.657935346612982,-11.377272597545826,-12.601529502077241,-14.035923783971123,-15.725396446087247,-16.570984876381033,-16.235832095331194,-15.946719950178151,-15.621524292113085,-14.645041939383875,-13.541415439007935,-12.625893907303638,-11.978161641464565,-10.56049625652115,-13.461493000589659,-11.997341297621075,-13.105054214596562,-14.668003173335059,-8.638596500702254,-17.360428785556376,-8.498220952207575,-13.689772641847144,-10.800996995097343,-8.956700673440222,-11.384896335626092,-11.123742037576484,-13.80476240092935,-16.525772046969742,-14.841975756882412,-13.147634944372957,-11.430618604634883,-9.593626653312047,-9.173484528231082
-8.377802211999049,-9.736226531372242,-10.951662202559652,-12.013439926119995,-13.23863146679705,-14.88878565354457,-15.362911028095034,-15.233997242171405,-14.826901794134224,-14.488721273624305,-14.341843266297388,-13.739321167321938,-12.319637375043548,-10.200895979264615,-12.801493848284679,-14.469666085865947,-10.520560485566168,-10.21388170242729,-10.945003725086346,-12.27561395788216,-15.41700256394272,-14.624459626505866,-8.72027598463481,-15.194035977221626,-8.844964994087702,-13.484271430357254,-12.94812514053577,-13.843146574545205,-13.265501180851404,-13.122437262833811,-12.943332221571898,-13.39034163116822,-9.962927684285162,-9.005346440081558
-7.258414706310833,-9.009622050332599,-10.31806763277476,-11.631897381603647,-12.75763835934709,-13.869919357154334,-14.250715015949305,-14.411286769559968,-14.579342745090278,-14.52153249644918,-13.513162538746714,-12.539736118543647,-11.768223751939194,-9.549342241202508,-11.906783761936056,-11.899658805945974,-6.641456593750732,-8.777109576102246,-16.11823626367592,-17.151528136253432,-11.204556803331263,-15.877492030729186,-9.72374417838915,-10.54290028530894,-10.45099186889285,-9.862184490246904,-11.23021220993831,-13.001989737431417,-11.651019106541709,-14.085971293938591,-13.45688633691591,-13.289338237994675,-11.558983922459419,-10.05194827358213
-6.970201786081261,-8.521832949164747,-9.593934966359075,-9.982504389342482,-11.792167681405141,-12.616257670428896,-13.338820359013962,-13.735050114760487,-13.447466463230665,-12.906962503830652,-11.869396311747293,-10.559971654742759,-9.573609654973456,-12.268777908623983,-10.763506867213565,-9.489439826599595,-7.551089558486211,-13.058574764312805,-17.49563186644308,-11.85847240739249,-9.54238175019596,-10.597860732380044,-13.635225725999586,-11.162391312990575,-11.469562180114663,-9.586930331078205,-11.100495058605755,-9.707050494323385,-12.281970514904812,-14.01540006735161,-13.360063508588697,-11.76120734498198,-11.57520070234619,-11.531377273217366
-6.775551069961334,-7.607765546268169,-8.492324808420717,-9.933119340893574,-10.616965282934919,-11.370612898857534,-11.877846743138127,-11.999050820575377,-12.060115585585752,-10.39330870185454,-9.912992649385767,-5.6442068530568275,-5.636383089530823,-9.495674994611525,-8.231175876963121,-7.171383905556986,-4.7528988918178445,-11.750356373538812,-11.861419848516142,-10.44070775811284,-11.896924819205507,-11.072562954573586,-9.896895237930138,-10.617846282423773,-10.648304303258119,-11.561005805365559,-12.072143455824122,-10.537711373856673,-11.434169385422264,-10.369802477922049,-11.093247681278408,-11.628449926915733,-12.22403551195491,-11.051256524380177
-6.045231128487437,-7.314075439703372,-8.299102087132427,-9.375053204700482,-9.918897970506732,-10.332300829968128,-10.397286706900198,-11.252583397307767,-11.11293124721795,-8.04020383669333,-6.072637335081157,-7.907466224301524,-8.050692878050638,-7.61661792999071,-7.038716037637934,-9.283866529579928,-7.353900763983413,-9.41645016142375,-11.904873152314018,-14.188417854675121,-11.936338154422067,-12.03434800366516,-7.306223536448625,-11.415195111860708,-12.097126199546079,-11.826166169977201,-10.933790763949837,-9.287550142580757,-10.153753617403508,-11.361268614613554,-11.44247438369092,-13.198927749210851,-12.572525943627063,-11.452027259349201
-5.909686790314711,-7.415730044724714,-8.209307069430077,-8.497270288018898,-9.167912481319206,-9.607131440644633,-10.101627011295255,-10.646900634750025,-7.8653595716734355,-5.0791244671770786,-3.7589818910736454,-4.479041127633201,-6.347837896993701,-5.249960750774163,-2.598242090961509,-6.549189545652458,-9.26623947164028,-12.13660605231378,-14.498533269595795,-13.419270146215833,-10.678986486563057,-9.617518466853296,-9.962434107985011,-9.906249865522085,-11.213361948028746,-13.30666731833288,-11.78310324785204,-12.840176897193059,-12.54881482788607,-12.151315313731283,-13.130297707181915,-14.261234069830394,-13.164381598687275,-11.89146119748236
-6.487141213439546,-7.506815437439401,-8.004356080301113,-8.21310339968572,-9.500537241739037,-10.155643632754481,-9.000404039065584,-7.076393576821791,-6.347609680489421,1.6546298918127178,-2.5603523209079286,1.32446717302,-3.3073913554365486,-3.5926963842114206,-5.441957626766274,-5.684852843938792,-7.410248522372408,-7.910736990791847,-13.213859968797129,-9.129924700590873,-10.428876859414096,-9.57286555876659,-11.55690438263921,-9.43708985004847,-13.816437263098729,-11.468744120480709,-11.266606192098065,-13.892692509195019,-12.600239930902584,-14.335192936543521,-15.573079089219185,-15.40489722643445,-14.091340326894203,-12.860731630716625
-6.787451629698275,-7.6695961055425785,-7.526521485655637,-9.279459615305536,-11.178103751536929,-9.752128346158939,-8.284963198313907,-3.9862453101584037,1.0815106113897608,-2.243271537625183,1.275456977394507,0.43768549643625837,-1.6289281831462539,-4.057339783061656,-5.37722472191399,-6.033773807210586,-10.314307958903642,-10.761343044673461,-12.368677923622146,-12.326206025923373,-10.392809812058859,-13.795751649109889,-9.676993384581461,-11.896745611890788,-10.186959318496333,-12.704352890602818,-10.536366970022424,-10.92288531221319,-11.807286334534277,-13.610074883107284,-16.17472106807609,-15.75111567279314,-15.526490772120539,-13.859089736159254
-7.500517037688854,-7.411356513232404,-9.264857360090286,-11.260678269083387,-10.121275905213285,-6.305961642453696,-1.9558985691802975,-1.7562978794107638,-0.030110698251344454,1.6766171771990674,-1.4143169847214276,-1.0381657894736334,0.29321917991873825,-4.6892094075254285,-2.500086532370489,-5.945743856784651,-8.7753018174067,-7.06428552800838,-9.732458938666175,-10.385379384878934,-12.615542339547861,-9.570585633741187,-12.59508166858001,-10.471491744109272,-12.937158174094746,-13.823468585713197,-12.675870719599155,-11.808796537953677,-12.722946907091815,-13.817300800219593,-16.32962961309787,-16.228691672677265,-16.521480367682702,-14.629126095287333
-5.797447603788059,-8.907765224335476,-10.821733080312821,-10.438697095215096,-7.64062559184641,-4.735539339202174,-5.041609168886662,-2.4542883924657284,-0.04915566784131205,-1.528503555729039,-2.6329199599228836,-0.7110073841007797,0.6016251593764296,2.7592357700675554,-4.474538818584989,-5.175729575115116,-8.277826113148885,-9.523974012856987,-10.636277169858529,-9.031399177263678,-9.53416581145182,-11.201438156427333,-9.758698738452795,-11.103818467598371,-11.382786428758266,-11.607558122558386,-12.31455999231814,-12.049887859530353,-12.490171098182422,-14.557362123942406,-15.544129151372614,-17.071846295296133,-16.807902917195776,-16.12721555756521
-5.982066494709079,-10.37996562238082,-8.849951654205327,-6.897517579439145,-4.388843773742745,-7.428362148122603,-3.7366615149020497,-1.5966380770790947,-2.53795821219715,-3.495604276866453,-1.8703096364412815,-2.9627965172279787,-0.8830031765358958,-2.0862507887013133,-3.391167046830822,-7.712350477631955,-3.0644180147565123,-7.142450611908278,-6.851249183990129,-8.216859867449852,-6.37551088152864,-9.803449630400303,-14.630239765867385,-13.287875853223573,-12.863754709652488,-14.736065379990011,-13.672247315664706,-12.280581778904121,-12.664625787963278,-15.152533120050887,-15.592619606767206,-15.341794015076365,-16.84169366554922,-16.662853904601334
-8.749444633645345,-9.275179740265868,-8.372221205333348,-6.056790241755489,-6.853680643426083,-6.934507442942472,-4.599774230776705,-0.9705218033626158,-1.3990206403068854,-2.548588412924691,-0.5982816206353216,-1.7717632228825047,-4.779628599546828,-4.070171049364838,-2.032753005635525,-8.290641619995613,-5.9817620597782195,-7.089458707031288,-9.083677682502275,-8.79723566887588,-6.348297839646756,-10.736239560917085,-9.438421481788197,-10.555352871757014,-10.193469368152671,-11.56210409134625,-12.571778554126817,-12.468366432453282,-13.97396551633553,-15.41809888627401,-16.05828589478769,-15.847582573557757,-15.864359921451808,-16.978648968234808
-9.994355501419303,-8.636798446344812,-8.769006135220257,-8.02410586549394,-9.232096541869502,-5.8674433273796645,-7.234301151983306,-2.502672017682274,-0.21274418430826583,0.11414502970058722,-1.0632480374288842,-3.965393038753033,-1.4294859425230697,-3.471695828787254,-2.5852580611675204,0.03164215587443572,-5.758279502581092,-5.12642512007841,-6.648032701957266,-5.702553274993248,-8.590923540398135,-10.009728500423716,-11.768100740261007,-9.587361313453146,-12.897842380289983,-11.99855848437834,-12.864265791349691,-12.357852223737542,-14.501695666791422,-16.979453298107657,-15.642778090357544,-16.6546809116166,-16.889329270880882,-16.96588674535546
-5.814998300007553,-7.074096799972796,-4.561656333715073,-5.665207963095543,-7.651947706624665,-6.008421397883701,-5.991714434939145,-3.607686416029711,-2.79294002231948,1.1266588176270964,-0.3437705154221739,-3.836710684785498,-3.4305441651508217,-2.828080837318016,-3.034855200538896,-4.781124936585834,-4.748169249892938,-4.398382071016457,-5.35249809265805,-6.8286216111389075,-8.195185969450284,-8.515779832388386,-8.859883851908481,-9.54856295665997,-13.01331202422905,-12.476533635926174,-13.921724974003173,-11.3838052003635,-11.952279127688984,-15.951542955992695,-15.624647064460694,-17.17287990282005,-16.833052803343104,-17.022435999459063
5.588671470647716,-1.845952107184988,-1.5181183599590693,3.569897814874198,2.7355418224294024,1.2483224729949116,-1.572763932294176,-4.193829058653806,-1.765025888340869,0.39825394643354306,-0.324288704709991,-0.7601649653857439,-1.1884657767273554,-3.487452379867357,-0.9853720233868354,-5.3779205693528045,-2.2588102823943217,-3.780698639229783,-3.2357237616285417,-5.609926878709694,-5.646905265876916,-8.754912609174726,-9.434185086192318,-10.622820413688453,-11.586647371022938,-11.084234662790154,-13.40695105634005,-11.560346891354278,-12.871933493321864,-13.255652966169407,-14.794873146119837,-19.27045007035583,-16.67908585599939,-15.616311313413515
9.849159323440619,11.22656325172051,9.966092357498022,9.023368666795271,5.910277800303298,-2.263331191119042,-0.0615736413660784,-0.4605836198129682,0.8628582046483748,2.1432984892827176,2.7731607169175336,-0.05983216633124018,3.17109914332427,-1.0686804623981823,-2.363325876472379,-2.287607660687523,-1.9744819533223126,-2.7569823117297005,-1.721109441423675,-4.59998378160039,-5.1564647257548355,-7.315842791219169,-8.282131434730555,-8.655153132783088,-10.660177987598253,-9.967379723091236,-11.365024805170345,-11.625703701908103,-13.445359643302234,-13.115543593965386,-13.173502602314947,-12.775004620680653,-18.76035206984075,-15.171827206077635
10.517223745361406,10.1124207049448,12.530817311526146,13.333809677053841,9.669749708296832,6.698980138691042,0.483902444735463,2.2881567281493234,4.509069291250902,3.7602097092601667,4.171123511033666,-0.0819542652036271,-0.44744608905980343,0.1585892707615517,-3.189970966608894,-1.5197754802758834,-2.2938979662494234,-1.7905052363212046,-2.2961448636261315,-4.5569155314840915,-4.950002286146041,-5.079394772266808,-6.0960769777481385,-7.678871556223251,-8.00366592551075,-8.548009740029025,-9.632139259466829,-10.566977202591664,-12.572979879033587,-13.12060260859902,-13.881581127610533,-13.636145744582892,-14.511478146024789,-16.697315621514438
13.96615296259485,13.206727843810137,10.358279726130709,11.47312142225606,9.720886029214952,6.559880227088165,1.7952433244721433,1.7405768019529673,4.748929420554685,4.218976458241007,0.698498643181785,-0.6435809248953699,2.2333392119115496,0.497169267845837,1.08365009683923,-0.5524971290390304,-0.2225247018945596,-0.5618745647942534,-0.8993920334020843,-2.245695483651525,-3.39814506989436,-2.9017121836875797,-0.1771557865503823,-4.274881335964264,-5.653597442305735,-5.72528639339168,-7.827865879806062,-10.23151719632973,-11.936240852184394,-13.870142944932873,-14.04715040342479,-15.231801572032792,-15.613338756789583,-14.911504811893817
17.626656274776305,18.10882800079383,16.452333796561945,14.210891595400408,14.806732130504406,5.576548856197815,2.40524747721936,2.056626948305973,6.32727821801206,6.28692339094426,3.9752981087589077,2.4577167147144316,0.5423260963368902,0.7500222394160965,1.8012406075810294,0.9480924443510462,0.9559480647467343,1.3734154035892137,0.5133531953604545,0.6827309626239612,3.4209812908103427,4.731929067348225,5.678427919642511,4.148251763459573,3.0284297408501093,-2.7267524901235705,-2.267035060365891,-4.709746681184797,-7.873077562883571,-12.029928992690682,-13.153491104720999,-14.41886485116294,-16.831246100942046,-16.575694757968687
16.576754556052265,16.55996774797829,16.786035941209967,18.8101341848252,15.949717850967586,10.446304121720045,4.369835125636643,10.030216846423393,5.583545364710198,5.840748486074448,4.099510226983353,2.976072001239099,2.555024578165525,1.3279049705461587,1.443372090059385,1.5264986509492011,2.7099390926599094,3.606774306967019,4.683872840567346,5.359599552833312,4.80359899913116,5.093983749491017,7.2041018837337205,6.439507382406644,4.097214471566069,6.511720835693373,4.710373046203447,2.137546127635144,-0.1107994507890884,-4.21452208521481,-9.978233513920689,-13.665593282815275,-16.554915872609552,-13.937677401758402
19.029609156709597,19.878366876840932,17.429236771682394,17.20802522051067,15.769032959349657,13.693860329870997,3.4729469033533977,12.597797157690724,9.310520267372427,7.6283344019630706,5.4220797070183195,5.271274378281388,5.6232715644968625,1.1465942708277788,1.7471733294001497,1.184588046049348,2.3892474654405795,3.6109447420663314,4.961044729460143,5.764533733411991,5.914816426525079,8.954296444632368,9.485627424000905,9.186383801993388,7.012852618272327,7.501201192061588,7.258570542718808,7.956204887751466,5.281233408096686,3.3351433984069367,3.8397285947061195,-6.821912963671799,-13.539634377862946,-14.310392120515134
