script/wind50m.json
{"header": {"parameterCategory": 2, "parameterNumber": 3, "lo1": 6.000198445256149, "la1": 58.999992894266676, "dx": 0.5, "dy": 0.25, "nx": 22, "ny": 24, "refTime": "2024-01-30T12:00:00.000Z"}, "data":
[rows 0 to 23 of 24, columns 0 to 21 of 22]
2.9102246043486373,4.395614397641025,4.490055097386195,4.270120734520051,4.853005709882128,6.009113392377248,6.909359886493111,5.736630402795912,10.54143448319352,6.2348717676963075,3.317586465181474,4.901086525541884,2.473024376063737,7.742582905500199,1.3205768151957569,9.672993662042945,10.227934787817178,7.71387897937995,7.263980298596983,4.700951967669444,0.3236388184836367,-4.770000609073519
3.3159261460278726,4.425904490366287,4.708226954038223,4.820292707674727,5.350616696569413,9.080059916172363,5.3973512550480605,5.859401648900657,8.989535089351119,4.344089921217334,11.288194570596497,6.545472163560022,2.0742689907397702,8.637096755428296,0.9021271681429626,10.133989241886638,10.254588328219238,5.699152384451227,1.5058776006950403,1.634093990124559,2.1440866514738595,0.23009754502342608
3.805486696154878,5.263786028264427,4.849885801936519,5.235512558283438,7.689610327420132,7.380440091488256,10.870682153423202,5.783600148071939,10.916373911149718,11.545257943885236,6.527411529658089,1.4963378410408636,11.896713864470156,9.880620100992315,2.322963444975837,2.2763816366926064,9.822150975630832,3.218650291634825,4.429212875374295,7.264063542356569,3.9596970712971475,-8.571880152160052
4.2050786949089085,4.312544766938346,4.802032885735997,5.524274175043345,7.09671729717243,6.837597364884988,7.764706877271663,6.010296876578498,8.419573720222777,5.311002688733387,2.820224698859403,11.42146519315407,10.303649955791277,3.9003996764112516,9.196081551001132,3.025511692740474,13.774617553569996,2.8617278985043013,9.545785994706915,4.584205319215065,-1.0925250665706467,-0.8078072906896206
3.220136794235638,3.0280922361030913,4.611727988524834,3.545919783375907,7.733185179317481,9.309625779796834,5.684738318408276,11.180601592769584,11.629172104528363,10.838076711549107,11.35209913831215,9.332987384168025,6.2400160483468,1.988564925334897,7.809240952086736,3.319229536134495,9.515440466954603,4.4132016968933385,9.508940683158071,1.9619740467672473,-1.3309376846147511,-0.3180810781081722
2.3487054852868443,4.575719091748164,4.778598436103629,6.879945816783561,5.14067585740638,5.335856636411299,8.910934779588432,5.736121282847418,7.8156603549650265,3.998860900501994,4.396770954714567,1.9190733707183958,1.4990838808741445,10.978619094225394,8.413677833786053,3.9523591920894074,1.7389385215766093,12.913794377351117,2.802774278181005,3.303896083267477,-7.076007941961351,1.910172839976705
2.910100620846779,5.102433549641525,4.516555052884975,5.735290504153446,4.864043100172281,7.015995204397284,7.68159450800632,5.933003710697509,11.57830755983555,10.788417877740038,4.40150246180481,9.600189128141745,9.63744937827941,9.110806873963414,7.6892411521672415,6.844406639344246,1.90648744323614,10.087843304470836,3.510949833775314,5.517213531945928,1.7713438411608902,-4.922174286142434
2.5082349266615376,4.084317541774482,4.330925217544728,4.211783917675233,5.477659279725803,7.075705606160326,5.828417832545835,11.242691944606003,8.121230510541995,5.933574793675022,6.670683684692989,6.32860441590778,11.978733694723653,6.916623339221389,9.598564613792417,2.236997377547278,3.439275386623675,7.652607472792829,11.295211720273345,1.364162858586991,1.0168166025678398,-2.0965017071495615
2.855629183542668,3.5856336050220383,4.624321345536298,4.414542534168108,4.823889453070241,10.424692705194463,9.615921453847328,8.466714641558635,11.3186556902452,4.947419593164216,3.289040074803042,4.567516645216641,7.66545623322913,6.901821388660263,9.851602518370747,2.8535221339523917,2.5789631439450824,6.482660442149949,8.909407822119034,2.564932537845001,-3.182560741834537,-5.443789200640856
3.7531918893708407,3.898630067660171,4.305439393786933,5.824215248422544,6.329862256946379,8.490462684825303,8.621970297118496,8.535331088380953,4.844169077075041,5.920483945803067,11.417702424701657,1.2734200523199342,2.336423115501322,9.308009931757278,2.8256375403634446,3.2233904139517264,3.6301154205123924,2.432590854647679,6.208522967013619,7.672356447932958,2.4582254734162157,-1.4843796148210349
3.0418322391116757,4.374923771334687,4.399920685664107,4.088572200093532,5.024536405980469,7.77836272536567,5.480546056715871,7.310147811330166,11.465322859369058,5.433607312092658,5.635786780449014,11.395743942061554,2.4555766621528927,4.010294099498215,2.602788293403681,4.574964734261458,6.483591067422891,5.038343512231122,2.689216765577959,3.611220939076223,3.5900324918692483,0.3279007906689162
2.6428447006740017,4.415617186496922,4.044992204406986,4.852127990162425,4.0911224758034095,5.217614553708877,11.65294782879638,7.112189343282983,4.905110637143719,6.5786960817569335,2.7526165404018053,4.78988742169338,11.85945089485366,2.7195329908027914,3.317234714806981,9.558651402963784,11.837169483295966,4.349683087003986,6.725944160106347,4.009188840655081,1.7774537375452824,-3.820224725366933
2.6463005937702926,4.140935148293822,4.462625879155652,4.841262135584671,4.660713719329975,5.930080432620199,9.062482915334952,10.689730385505504,6.32701317320386,4.781622456577465,11.25886672646436,1.2227525181080816,7.223623049644084,10.613591952628221,2.9294031319546856,10.232647956817857,7.140246333044694,12.877753948098652,9.75203595735385,5.76825769634582,0.6275535671660327,0.19773641637995581
2.8597848693384633,3.922820472820658,4.932536960751026,6.5542205770194375,7.691157306792674,7.536374574543798,4.9994982705667725,5.858295896754632,4.970810261471455,10.75285806254022,5.420399927007589,10.99413220353961,3.029138669067915,12.729584931405991,2.569394444138958,3.3904857499320507,7.487420410699536,13.183029186142553,9.292397757001496,4.632863971438743,-2.7312294817846836,-3.533070033512175
3.2183041185069086,4.137794335231152,4.653195267093783,7.6096555858444574,6.44935774961566,7.524720703370324,11.803722791095495,11.037252351188803,5.464615213315773,4.0237830369090695,2.7726996443946663,6.054258127949836,1.165602545468482,7.685710154654335,2.0039814483991596,5.360331369156301,8.224098961482852,2.8098413214198397,2.3237106577016746,2.8868007848899406,2.293460146302302,-0.13879569569154332
2.669132847014711,4.748062371463191,3.8442981469937756,4.56174159711415,4.630884594246722,4.722625189853323,8.919236981847662,8.109621033982306,4.67129267759748,10.70051042139297,11.249478854368164,6.376172401458054,10.661677919156974,7.954082856548429,1.7360523046321956,9.872574198204408,11.181272673481844,3.2383183035116185,2.9922034977220466,8.283697400069709,3.3530527186177266,-7.373423714955404
2.648542699971554,4.138123112394128,4.361522377803622,4.401266911507894,4.893327930726963,4.586636312136206,10.331625352749619,9.78982500003101,6.258221710309763,4.7015461607524145,2.429070530627244,1.3218988793342823,8.507204413266892,11.58550963825554,2.9580944880025486,11.005356085822985,3.340535792952942,4.686655927453294,11.082202320583182,3.8994352269246733,1.4161188260685866,-0.1426213834603718
2.5763256408069646,4.717106052177675,4.978154628400477,5.820889678554598,5.550883040591593,8.091339078841326,10.816368962846704,7.017211689639298,4.6512762458733405,5.097645289304693,10.466761808213013,11.122549020828574,6.36971533101121,9.314690908648677,1.6485449223193238,8.456723341375127,6.912749895186766,5.380996568247139,10.338966121145424,1.7219821448901815,2.3387397196002224,-9.167937411335943
2.4750957733971224,4.649227937938919,4.082947306382233,4.22969293966479,4.62645311831507,4.856539276380776,7.3089176250817305,5.948024710011454,8.145839379981807,10.386444655607388,8.412210078179786,6.048554262070421,5.133654793061016,1.12776452445557,10.509801712700849,8.03092917571077,2.3122195050447534,11.672525342430559,2.128227851727696,8.813838827603329,-6.807178036353775,0.01116316297260965
3.8026234728482002,4.074994334205529,4.0632988913258234,4.832664227674909,6.859150958273098,6.538925185985355,5.308639439311251,11.087394247913966,6.914545760659347,4.131361435309565,3.949519928049918,1.2623219688991196,2.5143841861611693,1.9748365811011812,11.220590330492277,10.796160186687304,3.048131930127923,9.428101211383401,4.556217042608556,4.734718750857705,2.0912704949975556,-0.31475469294271946
2.621423136976908,4.401051622822545,4.289236558982031,5.298778137525132,4.8133291937641784,5.019402709528866,11.460889051157057,7.87955091112115,10.352599999318155,10.526007135487239,9.961515270423456,9.493152388965658,11.163784923871512,10.15144494662486,8.157262399164331,8.564648777473229,4.990385190886198,1.991318075137739,8.425103419282951,3.344536422324624,1.2090871654051165,-0.5738865142739996
3.6382712914610655,4.055775588117152,4.594302685692599,7.163898852978365,5.0728848789748255,7.460212514810291,8.94352242021593,9.960900368398073,4.9011054588453105,4.4146775765565005,6.170086462758221,10.258265786698022,7.851112298132446,11.720403480059915,8.131135614477552,8.472611843517498,11.822243637307265,2.4499287362872657,10.533299195074825,3.5101973496163152,-1.1972072153336004,-1.816166742923256
2.542312201370702,3.9513622857495267,4.562647916601199,4.984062167035115,6.499820285678076,6.908169665924993,9.96513737519438,6.039151282826467,5.361504238621923,10.55534211079084,4.361480718227302,5.89158459499547,7.290811025999025,8.954970526480649,8.567733196737828,8.948439032110377,10.134503840505015,5.183400049130822,2.2397702497408822,5.30899762021151,-1.0141599802379386,2.559732507429153
4.045942902955046,3.8152998725185867,4.61368687584919,4.702388150249386,8.262365839364874,7.949871212605556,5.849882231511761,5.708519486236093,4.942384984443504,4.579853806561512,4.935310003076089,2.3013602654026526,4.413526244765155,11.675915839018078,7.940147073673827,12.974369764562095,7.799741962748174,7.887943290772273,4.443756635199188,1.614487315730639,-4.813097761685206,-3.62109054752529
