script/wind100m.json
{"header": {"parameterCategory": 2, "parameterNumber": 3, "lo1": 3.000054539987559, "la1": 64.9999836372058, "dx": 0.5, "dy": 0.25, "nx": 34, "ny": 52, "refTime": "2025-12-03T21:00:00.000Z"}, "data":
[rows 25 to 49 of 52, columns 0 to 33 of 34]
12.826945556205024,11.883585183338182,11.509470833225249,11.741553863604045,12.654991941387916,11.082383514184716,8.153411768184059,5.92925690726959,5.076797147398553,2.722851328015828,3.074706995281198,1.6083611075128375,3.2168480165448,4.6451923962501125,7.003345830552155,5.4333878116303005,4.131483763671242,2.160591754604182,2.5245295685242244,4.565737723924401,5.23600560768492,5.3702913870003135,4.206085262483209,4.503467683127533,4.166344110041494,3.838455956958174,4.121855527487574,3.5901099342614224,3.8560797425282365,8.027695668336113,8.423273084338472,8.313807324787515,7.168320311743443,9.472508483316
12.127151655319864,10.999474023307581,11.016132946512382,8.15737356116432,11.613300188779832,10.283541421508291,5.904124953407928,3.762933953881886,2.5782950873307158,3.6445019836527295,3.9026870030182175,3.61069257250939,5.534617661827156,6.460796055462211,6.953976518170547,7.927390502509773,4.596951037236291,2.4692642668573517,2.4380398412948807,4.782575446757906,5.825207262153106,4.46723830326622,4.4118413420520985,5.504764322738388,4.829895180555295,3.0816294216918187,4.818666706442254,4.3101602254933535,4.086796457202856,9.083255891270182,9.256652094388322,8.69272147176159,6.891367672074424,11.02100869616532
11.330270331195146,10.666712837640622,10.812119800452415,8.28669567023738,10.507938222120924,9.935226279507969,8.761545140269343,4.537433984201492,3.79934378754353,3.090748706185609,3.950987340394087,6.225458169786256,6.011212818794906,6.851304826615457,6.744816154320523,6.73913938818931,7.274379777051191,3.441277002742609,3.2672273603764457,3.5235391825080704,5.48643784625672,5.26353787669441,4.148415655455844,5.566834257205508,3.1868881651472276,3.8968764687703996,4.365454168640713,5.068860695947007,4.714436637468487,9.399549268302366,8.659997783770686,7.217314798672518,6.6013849430810625,10.992382629327578
10.391328908146338,10.163137845142217,9.746019759215438,9.304615175721734,10.323855741595628,8.739747296754839,9.067225335100094,9.582660628545684,5.548264212148325,4.986182186313186,6.100070017910307,6.658049379738957,6.684846202942585,6.558747933656823,6.9391908470499954,7.261557007457966,7.48261591722435,4.24303558992293,3.7230626481485687,4.615861256853036,4.688637205903316,3.9147957992420124,3.4999045494991994,2.9912117468560155,3.56967672988705,2.350563302637529,3.606267341612165,3.8955149258194317,3.7627871124397405,9.665131281641987,8.999747053605933,6.1811174570714265,8.738139056056065,9.127442099534731
10.134941383789672,10.17282063222754,9.747130561671108,9.051615856050146,7.634110998352547,8.358198445685481,7.510099450282289,8.977591668249163,7.997122361283105,6.536726005728966,6.444011545669951,7.19360926556799,7.305967852913442,7.514155752064974,6.414506624085479,6.578618084449,7.1970573517991125,6.339978544069662,4.0891094409879125,4.32886930437239,5.1416066986497535,4.3898853442428525,4.020810884256875,3.2420925361888306,3.9930746874998095,3.367753480129921,4.0805196054970185,4.094895303585669,3.937818435702603,6.7969811373864,8.033664762293316,5.947803567192767,10.261897042341209,10.750766758066714
9.984069538699124,10.1225447847553,9.516443829002865,8.533851241496889,6.185492903564415,9.618841889498547,8.120789989197657,8.446949270185721,9.143609560469978,7.514338250149207,6.940405599132869,7.631486120646165,7.066902280914954,7.289023740823169,5.65259754347369,6.349912943116395,6.594786143881108,6.843321308205178,3.7614392525518667,3.5690450745169415,4.01529975528839,3.3872680907731434,3.7760334611185353,3.2706016291400166,3.6981419218753433,3.488149706562116,4.567984040037735,4.177798271327632,4.217065778046223,8.520734738272147,8.20411778767475,5.637013090176329,9.744938803258481,10.551317737696953
10.217009969258143,10.029986919403116,9.24438482056363,8.627134513431578,7.340046199792482,7.1818305242980225,8.51112749750078,8.325479780121022,9.606798295968034,8.145212837439264,7.439716593815638,7.099950630900798,6.360736404292636,4.925908037569837,5.3898707958961625,5.539294299882615,5.487094858659081,6.888280721145866,5.222093568748332,3.5598440490190115,3.7204915034114845,2.8862403487623647,3.3759580685231274,3.0553493576746877,3.6282869272941327,3.6181113132214326,4.907434883795295,3.0171504302786003,3.489810609339993,8.517647657763012,9.10103175756229,7.505271908736882,10.849701444956256,10.379297747070177
10.196100484773337,10.236115723525572,9.037596828235634,7.953755401088104,7.301759159853331,6.680584369434299,9.471690735992677,8.069856612324871,9.50581789567802,9.042414657294055,7.267891761065351,5.344676756018216,6.408644170496821,5.079252659477508,5.130378422105357,6.002456370215084,6.506748541853421,7.069643110574894,6.990322892815506,3.673928112604806,3.4872423750594543,3.858756043997844,3.4907208235722313,3.3978704862296794,3.729393608188734,4.32413478699393,4.828470248790569,2.68888697513981,6.816583940509099,10.244203264179538,9.328779712044938,9.623559336619778,10.317362572521159,10.172312817764164
10.22845980368171,10.099152630854757,8.743428097766076,7.426428409222327,6.620799576945776,7.110797809857281,10.090938180143148,8.117431601255797,10.319133934572553,9.428737768248531,6.786969444255501,6.145319839024218,4.883922816192019,4.168944945183577,4.355406533576811,6.0285431831038805,6.445244558065303,6.8082202683641055,7.090353463748887,5.265293385468881,3.9043994206998254,3.7872220406408887,3.089197063379515,3.1302238670890308,3.5758507615546553,4.548697447274471,5.415198889157092,3.737705912095112,7.218629865909461,9.06152236613037,12.459651760199382,9.443705462421335,9.705780542092024,10.153650509921922
10.078373145349717,9.63920169342798,8.394071440129167,7.346849711662937,6.546627407064325,4.783220365373759,9.88900445667281,8.200871955627004,8.687126023436084,8.771378770960204,6.6394425411269715,5.877175161008814,4.761159804572562,4.0439133612549165,4.6306850040361764,5.503975363892261,6.487020561914811,7.6545532384201795,7.080224431617308,7.737525335037613,4.375688519280883,3.3651816450820324,4.286363604699727,3.836576676279141,3.6627007036614203,4.153433087462451,5.261321668624825,5.169315252602751,6.52525496408869,6.974504323557465,10.78028541537611,9.5198865684943,9.467324353892328,10.439475071605726
9.945608494200842,9.170067709693512,8.180009343185699,7.562839490900636,6.584743067034129,5.5830516021856385,9.484438407268332,8.970110288061797,8.051404120258743,9.12999124552963,7.247213959794639,5.156684431813625,4.651601934174746,4.159540146644734,5.171046402512029,5.942792391418022,6.2094267388036,7.419294166939426,7.147389831812829,5.356410324965224,4.011104033347388,4.104630659500436,4.916547827272828,4.748399676132375,4.1494843565787685,4.50528011943338,4.655583725826586,5.182168696575602,6.135652654034768,7.206148078257912,8.192301996981854,9.749302777292177,10.292243265421902,9.791781774956066
9.62634894681158,8.496575445048082,7.576064331944397,7.4292329759347515,6.869489177524372,6.517683443840033,9.794331984622799,9.117252577604829,8.045472453632945,8.147657412113542,6.42415062712463,5.06015008074149,4.4548173887861635,4.496824356594177,4.65203868519824,6.273239212978155,6.2702886417503745,5.85679245227364,5.417777689763647,5.986918844733093,5.0420450682429685,4.3453460577003815,4.5592714049355365,6.310511652433462,5.144906070543695,6.424685104557579,5.4102323311053295,4.904340780145462,6.1554264043596145,6.5705238026676716,7.708027229575457,8.845337758051336,10.200765770484654,9.823331132429322
9.8062740122626,8.371504307293154,7.0982172600099345,6.721207376884033,6.630145900422159,6.1328645481411534,9.929260711628864,8.845114182209302,7.238658872327356,8.189684076708804,6.03905035480322,5.1838634045094185,4.09513704422158,4.640465475175025,4.405223579912454,6.816923221987957,6.293677457176009,4.868762429290309,5.3034768144557205,5.869641013712119,5.357273254113883,6.512989966011032,5.746569371689302,7.200824140639997,6.835639609969887,6.1627413913761355,5.714813240852617,4.672336253485118,5.563748669540132,6.04237156938846,6.581251181851181,8.055567279642522,9.779285611543227,10.018976833096364
9.442066168450452,8.161107250123106,6.848326951701896,6.470650288809724,6.744637977718225,5.284952692907219,10.836401105681146,9.296461145141302,5.892062761704234,5.551771568682299,6.792088519089135,4.978078000475393,5.050568242882328,3.953676013812377,6.044010938845209,4.79794371720279,7.007352145487147,5.17610190050019,4.888021952596548,8.902844961542906,6.95311838947898,6.004837498399497,6.411904283341269,6.186280150028967,6.5424542020318235,6.961906725626734,5.069177949114114,4.810884671097333,5.117385323914953,5.896337824626787,6.06354369886078,8.198830170051265,9.971930313787812,10.269935489144455
8.824003557550675,7.438008663187896,6.709701873003843,7.158808732539492,5.580182475126493,4.767399023672291,7.881074487013781,9.360308609749545,4.688374818672999,4.9691388345858725,6.535331313175278,5.15829960348455,4.795480554613988,5.339372308831736,5.414622195984904,4.930158607681906,5.949660841626134,5.774985571340885,5.562759422263729,7.095678978714497,7.645469997645262,7.273851338890095,7.03249704674219,6.843882922686778,5.690499980486671,6.294728955398183,5.838025012457338,5.163103027350141,5.71895066459719,6.035555381764059,5.302256408691112,7.31116326997071,10.083745081056396,9.659688126238244
8.016150506733931,7.044204657537499,6.9147834127175996,6.493287579247814,5.7357452433799,5.505092346814529,8.617154883752061,8.58853846337493,6.389620258866784,4.9322255614134205,5.137890807884546,5.655259775072108,4.953682846263451,5.76855210171288,5.259117976651018,4.61397353271558,4.653826529257278,5.468574263572196,5.118847122565378,6.887623782538683,6.549564536768795,7.52196367165307,7.2876013496290515,6.326467171691152,5.5275921104118755,6.383294886029923,6.492117829666849,5.809751331959634,6.102000245941266,7.081209538752858,5.896015386841951,6.513248109700216,9.38190961769241,9.264201140795622
6.903886375576572,7.111616033117994,7.877384836912511,5.776910712346894,5.285039515996341,8.158844141572255,8.752799332414083,8.046726780651825,6.600003405235904,4.437830023596965,4.268535832230128,4.550095914529424,5.443869117317419,5.456292460427003,5.912816869004547,4.869467257012297,4.919104160130522,5.283184843078089,5.906001414784845,5.233707124595944,6.464719149772722,7.121211180555029,8.032873290372768,7.1347236594439885,6.994200201583803,6.954297008521836,6.586691782651972,6.148921944125944,5.506122679839137,4.345757109066715,4.067680896904377,6.179019401328774,9.39885489822392,8.935497484867495
7.149055340817644,6.973900157356024,7.279949811609352,9.43645519728817,10.99548357109182,9.729687777213595,8.841033441616151,7.241189968300296,6.607160800629774,3.1640274394000123,3.838972807377359,4.965318733881118,5.112982513248322,5.261540708077569,6.363690206094347,5.351356550120617,5.015171230217695,5.603302930192817,6.45198401869609,5.173221697156499,5.90749220807516,4.820720920092036,6.576307536854896,6.679197626771122,6.811048313815089,6.697247428709472,6.821724512047907,4.561712452524694,4.314589138006582,5.094247170523485,5.518344311998067,5.278367294493358,8.88460709261307,7.2371453725737425
7.0135094901673405,6.4794395195130825,6.700034558863443,11.325612147498076,11.398551421125903,10.039145939438622,8.254596705083152,6.643613502385838,6.12462027440581,5.153959631819127,3.914486636724704,4.288424896761944,5.871797389141119,6.5827931430416475,5.75878159950128,5.310449962500448,5.257876092875826,5.767439017150116,6.289220165526108,5.278520526693361,5.862122042892243,4.8500007440321315,7.283630900038219,6.886690407927085,7.090411530255826,6.17808720172962,5.895448753914889,4.825485361726339,4.855262568516943,5.234026115805008,5.761363754191606,5.860958817594718,6.519841498809901,6.480663883197792
6.391562231002402,5.99140981912066,7.274603144200482,11.485381171618222,10.164518638398489,8.512322360855206,8.180016433085637,6.037103200389402,7.499965956762856,4.809736605845273,3.4464298510506475,4.264623615590017,4.398437931510381,4.278527535814173,5.397602717925385,7.061315350112999,7.882845043194559,6.212517878348801,4.482938493607979,5.361250645629093,4.348177660740541,6.581701927875832,6.489067508055515,5.937987824875788,5.89112322040449,5.654760967278593,5.2075068874857395,5.397739509300642,5.058697667454078,4.780697428085307,4.3251413996091825,3.8943458274939124,5.714911877740344,5.030841576320188
6.611839796762291,6.233021944520797,10.671387934350417,10.512446361070761,8.906787234317187,7.602201212360416,6.711742995545477,5.671013776528651,5.922168196230556,4.63141556960146,2.4052944572803856,5.7578790618496525,4.14828016876077,4.652048090285401,4.1530001342488205,7.9891428846524954,6.025007592118635,5.668565862311298,5.211008791907012,5.466932838328595,5.946432975592752,5.400429226682928,5.069857783152194,6.847453926978377,5.471484448530378,5.085796647496794,6.033627573341448,4.389272196372635,4.15810062902076,4.6925218291660755,4.552587124623241,5.181577578818169,6.490959398833399,5.66626551612763
6.583315880662117,12.756241841488933,12.456708212083916,10.249107647393119,9.127320043939118,6.66141054316115,6.752897945492432,6.364692685123104,5.1304086246975995,2.888378826462333,3.8318405016564343,5.915153506922194,5.014807996576836,4.673978790624705,3.7166427379705547,5.631746843700913,6.511289031983385,5.909618422096923,6.498925270225096,4.902318771536573,5.558095951235422,6.555703864263889,5.466146217053103,5.106196577167487,5.998896180738686,5.498580317797501,4.6101825093029944,3.814399217070075,3.9400015741766468,4.743985981189394,3.6674897600850636,4.181898955500903,6.79062443555452,6.165531261102507
7.201693925447328,9.92156661661276,11.768292179258905,9.51072535819214,8.779176561352214,5.784085091837774,6.776629272196421,4.146018301325785,3.0192717163577094,4.105327040618007,4.667078298481115,5.055486919444413,3.8357835490675583,3.511053716083076,4.396723053279634,5.199965827159608,5.660610231230552,6.346257849960752,6.594948629775357,6.381594827103187,5.303398179453498,5.465042432636719,5.956905862137902,4.448412008420914,5.1313283258333175,4.079274458465941,3.2882515956258187,3.480107972987627,3.4635728793082428,3.8819007885497165,3.6589228411179464,5.362189110143127,6.117032097268174,5.675780727947249
6.483407132789731,11.847269847458282,11.74143831098104,7.416302912213288,7.221749342077786,5.806389319045593,6.24632777116775,4.663773015098606,3.2397186371869093,3.69403066375602,4.218904067887844,3.683600145592406,2.854482012172107,3.986943164277702,4.679559548895265,5.2702988674655,4.489022475882702,5.136414411662283,5.352947530650757,5.501128254888459,5.103235919887459,5.172852980741728,5.926039089236204,4.324695925511851,4.5241862429949204,4.13163528041746,2.669765455094095,2.667522717678527,3.0792763110948735,4.148430250590197,4.145159486279413,4.559668106700746,5.5526549782506835,5.327270437897469
9.320832113509038,11.32451432288963,8.862164952971805,7.643593083358147,5.141072184708755,5.907106119394501,5.913841272675581,4.910571977595723,4.962115599839525,5.380759433176878,2.6941934238605705,1.9484220600431255,3.3080745199566985,3.9559604738759515,5.011430603017799,6.7432792326309485,3.2722549072765568,4.182397624149033,4.625638910221716,5.136575515944168,5.7140188838630355,5.426521376742214,4.904385046190541,4.1881563567999445,4.105113476720219,3.0528995502300784,2.494637986733988,2.685303354471607,3.370628579995126,3.584709223730695,4.825200430917229,3.587894313723319,3.2413604255819326,4.905189156973642
