script/wind350m.json
{"header": {"parameterCategory": 2, "parameterNumber": 3, "lo1": 3.000054539987559, "la1": 64.9999836372058, "dx": 0.5, "dy": 0.25, "nx": 34, "ny": 52, "refTime": "2026-01-28T16:00:00.000Z"}, "data":
[rows 0 to 23 of 52, columns 0 to 33 of 34]
-0.9623976324868461,-0.8357567203995603,-2.0399838407109727,-2.6679816576775925,-2.6564841614284425,-2.8113741403974504,-2.8359891371824038,-2.736478185096472,-2.184365901727666,-2.366745754410727,-2.210376874011351,-1.969095482213658,-1.5133475505074698,-0.8413977935434556,0.23805909586312532,1.7942564498408136,0.2995075955242096,0.02826899368795876,-2.586744072048637,-1.2299080745879556,1.8421754960842984,1.247704674977204,2.337575330329415,1.3597090159903689,-0.08016891316084646,-0.07721622603598795,1.4900365788945886,1.1244011148786606,0.7532478000196352,0.8122802536029717,0.6734453918701058,2.025001869948206,2.4636975480634216,2.2046477704832688
0.04652606209671105,-0.3856139972838958,-1.0001193830912452,-1.3948937037864122,-2.0670221693318265,-2.183335328346262,-2.3588777485323886,-2.6761478119114934,-2.8557271080958366,-2.94911009570783,-2.667624607383825,-2.2623701415533546,-1.5235204091081442,-0.45669151485480564,0.37700659150091026,1.724662500143026,3.866260716363065,-0.683406397094982,-1.1766222871314644,-0.7367957308168415,0.07675707990631699,3.6349454891603177,2.8067713744861127,2.5331857165609057,1.2820474984034398,1.867773653548522,2.1082195981887195,1.1652132176343386,2.057056664649294,0.4453601925015677,0.41388642777825174,1.0700240667249024,2.1124926401760544,2.661357122994082
-0.28265154802233694,-0.7884150302302749,-1.2238685875928532,-1.6436412634816597,-1.9979619107774678,-2.4623651032471185,-2.5533252186150652,-2.873340962238393,-2.9802446312577837,-2.7564883571174605,-2.2722871731775687,-1.7604215990864163,-1.1387740436136076,-0.10755482026557034,1.0350353799932686,3.1779535665828633,0.3192342886774715,4.247596451167315,0.2561384621443751,2.24856670843778,1.5999229027646702,4.2119667830037715,4.197006310005359,3.664298192726606,3.127770091743261,1.634182645914201,2.761998710568531,2.5380246516875182,2.6059676780243586,3.1927281930052605,1.90289585919661,1.1870670082180481,1.6284109341620463,2.3667518630309816
-0.44055665664829236,-0.6919629531008114,-1.0590726928442644,-1.326635596470147,-1.5286178243312953,-1.6380537478485016,-1.5894032599164611,-2.0838039474054435,-2.815350625619898,-2.3869579827326985,-1.6208416496966431,-1.1630522756681851,-0.9920086286457824,-0.15555786241761976,3.4591029412279237,0.4132758071104716,4.026968324637887,2.5883300819455157,0.28574049524972434,1.1301743923750047,1.3773732318891136,5.268643736557055,4.723772661309205,3.897521073710507,2.9857192350909654,2.9446494444749476,4.101490812920874,4.145376856005788,4.130838822521735,3.4690246230030195,2.747913974767598,2.5644994360109012,0.7063498019437775,1.711773122524112
0.28841908062026683,-0.11149054592147328,-0.5998641457165337,-0.8977628569235687,-1.2738124123919394,-1.3773334347571562,-1.931549889313307,-2.4220714464888617,-2.944497376187409,-2.6030442322823615,-1.690322521990173,-0.8464664294796252,0.4071642988383136,1.9967279504394049,2.904988151141124,0.5620049051538686,3.5360206241364915,1.1704268230949326,5.09933978830606,3.7814116152872317,2.173671447275762,2.683913509072682,2.6260152588361994,5.349773328955147,6.109478515276653,4.037733144317786,4.876589612598014,5.208973315214196,5.13747574555442,4.745861908180254,4.848728689595608,3.7787923838011093,1.8454547924750058,-0.004218856335812356
0.013735180098442143,0.05960875586474281,-0.47233545764619206,-1.1321975605115098,-1.5504660569162405,-1.898243080152453,-2.2647666279520005,-2.0252163929605596,-1.9514275642229515,-2.2467865669533342,-1.0748196515858126,-0.48679289272886705,0.787477002257739,5.902715763493924,5.95027049640169,4.4159707072743615,0.043575524388899486,-0.06364374510374092,1.7187799999307816,3.313277686979302,3.450803216235835,4.09023170303339,4.100434107971796,3.417595287343697,7.30041376068261,5.1986221048431664,4.546871515303099,6.834540338577932,6.21884353199157,6.472561603859926,6.497392747323367,4.019630736499082,1.4227498806070662,-0.09553038952569014
-0.004020450433675967,-0.13965287871332846,-0.4201789965580421,-0.7355278144199254,-1.545832172987792,-2.2698604362188655,-1.7253405082858202,-0.19523820309818649,0.7448042149684321,-0.18362767120380205,0.46328565089577517,0.988470229389749,0.7223014423553595,0.4470670542934186,3.6198135983087667,0.7810239936789761,6.2019287126243805,0.2863421888891953,0.8845908111066071,3.6686772808302446,0.07376686711110424,1.5320031737863695,3.4728538426642572,6.367378450352372,10.123772701871284,7.518978579930359,6.852686050116479,8.924158103799932,8.248056718027497,7.812058336958376,5.941795755098339,5.02520810857579,3.096230815009654,-0.7015659369359448
-0.03624141097758956,-0.219499801337577,-0.28000793170990135,-0.25008238710702346,-0.557897416989955,-1.0544550657073657,-1.2584336300340653,0.12478379493289678,0.6220293924426306,0.8785663154894708,1.939321691791379,1.3863111944483106,0.4392025603076886,-1.207422269236323,1.4023253272585376,3.135654560815326,1.6285401881405253,2.0272001747145385,0.1404341253791132,1.8836974472050843,1.5535580210807036,1.051770759332996,2.9526053016013925,10.630337619803583,10.852896665265368,7.027675492645468,9.956530658467168,10.230087127373364,8.30737152507055,6.694755789515212,7.798343515001538,5.157622704372366,1.8704252241256678,-1.3480403052532497
-0.28365308970136355,-0.2215640328079491,0.33518376545213946,0.20951302218509765,-0.19484517100290014,-0.7454437528292303,-0.2916692252571278,1.0738001617200141,0.6693225730300841,0.5367691692589385,1.3490874153663197,1.5676023752768118,0.7680755482720597,-1.6069759739033267,-1.0856861281938384,5.1724076653062205,2.4640313555350977,-0.8751096305544851,10.700536687964613,2.999975496755734,-1.5965619921562333,8.05167334389806,5.737323480528969,11.449335073698348,7.7028563124672615,10.503431953806055,11.403087187411721,10.048902546937253,9.788989725305301,7.368614978794196,5.900678484996506,1.3106088954562831,0.19671907368307426,-0.9749258993346562
0.3392861295779883,0.05995482959789398,0.6538743925027349,1.4643398271402241,2.2999061752644114,1.7416383647326454,0.6963601431312998,0.38154035337656644,0.5190017182521581,1.2490397740059862,0.3719070935715605,2.8207479637803368,-1.57951466275343,-1.856771498624369,2.696659369587932,-0.9948087510149667,3.798105904136175,7.274645030653365,6.609793759033905,4.063696680125753,5.429605338564479,7.378043963305154,7.691923434388526,7.512417702616091,11.537139497318675,11.07271291010618,11.719139596717454,9.779732791162894,8.906107573313333,8.27954254775092,2.6626219568052334,0.34588685980326095,-0.05531062548331062,-0.37306858740200044
1.411689817043824,1.4038191428135323,1.5758232288226373,1.9223138268556996,2.371026058638439,2.239644738931869,0.6135966743585946,0.3379324362605448,1.438264482308282,-0.452421980966331,-1.7374607122615833,2.041132846621604,0.401539821460099,-2.083702866986508,-1.604838071354839,1.5466418695790538,8.04717799765437,4.624897959949843,3.218320198147245,5.7032380972456265,8.044323767486716,6.1877586239162765,8.103998744718318,9.92753628587466,10.206093297739928,8.568637922445616,7.6178802068444895,8.89868195658208,7.8210133730635665,3.643957914750167,1.2586982412795582,1.1730396196987571,-1.044606804576038,-0.6327265698164662
1.681930838812061,1.1035221912460427,1.2334869317246526,3.032337742438433,3.527481920116136,1.192643032662666,0.7559536275571229,0.49774737688879406,-0.3649273284549849,-1.406450164090083,0.029021775859195395,-2.876861507752337,-2.660699756181624,0.9570937003122687,-1.4745190190018023,4.042375166190233,3.6825782154503686,3.6693718448739117,8.78327579570648,7.672239012780532,9.475427813790715,7.754496263084033,8.92805338346705,10.789305958196673,8.988537255854169,8.157003528207055,8.815909684606664,8.566204774458221,7.506952726005193,1.5476550681271453,-0.4745982088343019,-1.2020078422787095,-0.5060252794714548,0.5175619760744685
1.973757989799128,1.1491219078391097,0.8075266777796115,2.9473101024028345,2.948919996792084,1.080161836092229,0.06531420763495313,-0.2675638031952845,0.2389981276110309,0.8099901173579026,0.4083993321747319,-2.5860501560700517,-1.6851792012313223,-1.0837081971782976,0.8927056713326265,-1.007531458822814,6.7209259419947545,7.673643424089728,8.563938676767256,6.084077075876626,10.146416499291854,10.450866324127864,9.024510467273373,8.722768334134711,8.63685604808875,7.461662998243994,6.377184613287538,6.976810447603009,4.864654002002845,-0.42646415999368087,-3.6890218069919958,2.4989383058156855,2.8856685783194886,-0.4591696935522623
3.4053410269816298,1.532053375887503,-0.057154739154280244,1.8030683532837521,2.3968452447381194,3.5844954566289307,0.26757595028095693,-0.7216127356466455,0.39079719974062127,0.03544281523322637,-1.1381059218059897,-0.646176099273619,0.4451799263241659,3.9664081661633053,2.779442443656558,0.8459044628736632,6.362837205482565,6.434858937362994,6.9973849748962555,8.95708008368299,6.933699059459516,8.920943579838893,9.055549085291416,8.757189997952615,7.031567837555699,6.884374195099645,6.492554177269042,5.2663583166037995,2.0025808177192146,-0.595839759743722,0.3830924948598354,3.4218176258449535,2.579333521310372,1.47584259332
4.41755245094153,1.7829480783507135,0.09908462008537798,1.3243174534250064,3.3623690440702694,0.5937049636756933,2.5988332037032955,-0.5624257320918804,-0.14389245727461245,0.06988764721319385,-0.3263123235843736,-0.2015384045204309,0.6987571399853219,2.692194438565881,2.6006301499265088,5.04199470388468,5.065235718190861,7.292013393327754,6.928787145229523,6.555498854150657,6.194497940380312,6.329965217618144,7.935621567487365,7.217651518414423,6.193396802902094,6.022468063434714,5.699388045754034,5.06232313766013,1.339022431821812,-1.3499711083996893,-0.8333485912879002,2.47917769915612,1.884823241521565,1.314355862795329
5.344733303087129,2.8800190364052316,0.5966423876263288,1.036590096061316,0.8880880499954278,3.440660967259173,0.05809631191912791,1.1172473653010773,-0.07929575984044948,-0.8194838346936062,2.578196054119178,-0.020570461761995097,3.5739257508623656,4.0490302574868995,3.279112840027276,4.717386241596237,6.843909243804,4.065927082436035,4.999896811519711,4.1107844325599086,6.826767345285643,6.379196647420928,3.1480793863700263,5.025244523521565,4.526776124186353,5.463208351977197,5.0267769482257645,2.2805756731355515,1.4393802676670566,1.3854657305387503,0.754674776804383,0.8599654300317234,0.1760498393001252,-0.40416119086179536
6.294612579695442,3.4522521806323767,1.6511802501720656,-0.18758869006671797,-0.8561383511846229,1.6282310649506133,1.469408636496215,-0.056389570462048594,2.3217600999195063,0.8711008482385838,0.9914584627173824,1.831027224157497,2.1601745062757782,2.039262390421157,1.9455641615620993,1.1103986085231614,3.635062808481594,1.7528313856899551,3.2756032446339463,2.864386218123865,5.087694769041987,6.867286552511759,5.737096230941341,1.1380357469441083,4.023666827370633,3.9305730723982366,3.340277325603162,2.160574612097312,0.5166923686482258,0.9724255924766145,0.20142725394467256,-0.09142791486044857,-0.7543423673537554,-1.3160895457643287
6.464163395152666,4.057082912991823,-0.15945387660541493,0.01904216406521625,-0.17313765770259984,1.2218294179365874,3.6580105782639043,1.558235551855342,1.7970146839953733,3.550990496449761,1.2387724708143857,2.1860265450233,1.9723427321150018,2.2105820547776784,3.093893992843653,1.8183831847962515,-0.0832548092690613,0.4882110352851443,2.9415877756016946,3.255748238101489,5.348666071554979,3.7142925068798793,3.8134720782121687,5.18794426890905,2.246360326556934,1.2223085441565034,1.2865417520104503,0.9308140658342505,0.09358375449599414,-0.36612749055419747,-0.576229173428898,-0.963223878138839,-1.2891428112692354,-1.6498394848592528
7.307269937739145,4.258496902884227,1.9758211160131516,-0.6327718815474543,-1.5896068401202712,-0.366587879798067,0.5104382703539845,2.0432995384476573,5.606965418434118,3.391085175888614,1.2440297518570513,1.9961348794451017,1.9738534475919174,2.5127588620154864,-0.01897169060869589,1.6883235510897847,0.9874452334288241,1.591708124847722,0.10728079875703936,2.819304096224053,3.2187708013271,5.079521063176267,2.1045837199458206,2.3084039189438372,1.372853890835363,0.24575070136774038,-0.05988138230715081,-0.2961202437198972,-1.1211603311107445,-1.2756181755462697,-1.1361183837107092,-1.3530444892827496,-1.0712529823256012,-1.3036736409708847
8.70814710690465,5.509727736350819,3.6035638561550862,0.22005185584093667,-1.9474456353049518,-0.7700820000091836,-1.7137700562495726,3.3321412552953404,5.954138257032369,5.033007372934304,2.56626742380574,2.5326664186422736,0.798174827676817,1.9032063853735672,-0.6413196812080039,2.922413940387895,-1.332898033869493,-0.482536017354623,-1.5292785835397487,1.978633623224486,1.4099054093328887,2.332668185335256,3.0619850575067664,0.7364946562188687,1.0574441838690658,0.6192719196049662,-0.8915084695631093,-1.7495552297374855,-2.3605936559139646,-1.9535883419903424,-1.9975814441572357,-2.0039686557796266,-1.0650512218839354,-0.4306710885956307
8.428897306973084,6.819245057101393,4.58678055167323,1.9090180648813038,-2.156529619915212,-2.6234105795675653,-0.7838885589746782,0.20663672512280898,4.308960294580971,3.824419913383011,3.120568409182044,1.428864092586664,0.7559743814736726,-1.2801161308344189,-4.22782788296458,-0.7531356827563609,-4.016525228220817,-1.3170584992419576,-0.9990639847817407,1.2892108958382535,-0.7316531899515732,-1.0253054907339598,2.0703098019414212,0.9980394065901586,0.5507937075284751,-0.06927399634042061,-1.1124288711625732,-2.2459160389707518,-3.080145145155662,-2.6186945255747363,-2.697924682456296,-2.5483943235285524,-1.633421433782022,-1.4567302119735324
9.332921544132386,7.472709239030802,5.029173062694518,4.255962704111288,-0.7218099491937957,-2.4042800632636827,0.032478960260345385,3.0300117044861516,4.227746399556375,1.9475242285904293,0.34380951222531714,0.9151284487949091,-1.2165384545119668,-3.063735631145647,-1.477530455556288,-5.183427142668126,-2.6916765518940395,-3.2977566008294446,-3.449949952491346,-2.253401362408927,-2.4620908275457394,0.9501860492585341,0.13316003310296412,-0.7118852324671138,-0.9548190025926576,-1.1116044572468442,-0.912242488102199,-1.5724033522164207,-1.825869478075386,-2.0980593687090066,-2.053770161205304,-3.2890199928928676,-2.7753303854869036,-2.324999852781115
9.54730133886625,9.16340441113274,6.665927425596817,3.7110407022397043,1.6696624178036055,1.0408239605871439,2.7928718577638305,-1.0066207987205786,2.9387563140678243,5.3065213857523785,-1.3327123215682655,0.062151436147100045,-4.287936979401786,-3.2441503439568358,-3.7268421242875722,-4.785143036241602,-5.669329066923866,-4.5307549094604225,-4.298422047444931,-3.6774234495602305,-2.261599825438251,-2.7500820662603838,-1.1457714323347965,0.42870803636655397,-2.500517701265501,-1.6278962253686782,-0.011906413928047753,-0.3412314761861807,-2.1292918669183,-3.112995664118826,-3.5718982002444766,-4.160287314696101,-3.658490746421992,-3.2177075813573968
10.17270635038602,9.272997473979542,8.196451550860942,5.017701341759174,2.671636056497332,1.0719456181324476,1.8143107908025131,4.816052988690095,4.900871613766161,0.9912641189229339,-3.1444321867745573,-2.3922789781196423,-4.104781588230397,-4.801428562064606,-7.517536385191437,-7.7645618701415176,-5.266692877996955,-3.7313190583159694,-3.2930520473615226,-2.892877355754174,-4.231723865334532,-3.552204346765855,-2.9204432354635377,-1.2306796513488407,-3.761115893134224,-3.2646513613093067,-3.5220118372078297,-3.1117675883679756,-4.034974129535573,-4.953992751596731,-4.023360268414396,-4.635633610259175,-4.360995993353613,-4.166621527498008
