script/wind10m.json
{"header": {"parameterCategory": 2, "parameterNumber": 2, "lo1": 6.000027932988019, "la1": 58.9999434238085, "dx": 0.5, "dy": 0.25, "nx": 22, "ny": 24, "refTime": "2024-07-20T10:00:00.000Z"}, "data":
[rows 0 to 23 of 24, columns 0 to 21 of 22]
0.713983483600325,-3.5891393936191958,-2.9323228804480888,-1.9005937637813746,-1.5910956739081135,-0.5235483563345124,-0.8978559661815885,-1.7927305372573983,-1.4591491258543245,-0.2795457461638321,0.47436998950757453,1.0543040647168271,0.28222385691085966,0.2194407898751156,1.123644286655765,0.3491703367117701,2.0245047790987734,2.054971337716836,0.9352894111004634,0.5960048983184418,1.2697888373673267,1.5735598609235908
-1.2723256442559374,-2.0654179017417844,-1.0771572670624088,-0.026481105371896154,-1.545937131541187,-0.6830181950727336,-1.5387037585646286,1.862943676813824,1.8104131631687923,0.6873548100470991,0.5847004491399089,1.6486137506220069,0.7432848591720006,-1.648968087710499,2.1445487197688213,3.1179288429052887,2.2038146524704723,1.661050701885583,1.407310916198156,0.5126799016954847,0.8170875626721321,0.9320613109000887
-0.8619310208279379,0.08494501049151174,-1.04412430351482,-0.8704164408530888,-1.022440828096573,-0.8622865948660572,1.7415298889937778,1.4571366035021254,1.3289145370125555,-0.10941700419255779,-0.13521441070757353,1.0301001341094607,0.7990661600510394,0.6336475133143565,1.679210937294564,1.4169374914405573,1.6716676926895535,2.400104966983957,3.275468771552174,1.3280355573916653,0.9119700216679735,2.017209398807072
-5.280356050159708,-0.2567272746179711,-0.7822383539363243,-0.032873255226292364,-0.9940457565951565,0.7955064295096714,0.9493643872468597,0.16087656499054656,0.5607460947607836,-0.5557856403501126,-0.6147272165484262,1.8045731052305636,0.7864691024215166,0.6815169013898591,0.8663277314010751,1.0705568498290123,1.3867260179558814,-0.07695306592361109,1.5282937034735724,1.9686160983775955,1.6183816359056409,1.7075942457874422
-6.006651762901908,-6.0264672076294,-2.8573587231921125,-1.2514476870435667,-1.5914790606965132,-1.1571871091059054,-0.8646578010978108,-0.7370661030077065,-1.2406877024380145,-1.9262615212180072,-1.112094222024588,1.6549601884851677,0.6252217785100743,0.6235566867756339,0.5827922647541799,0.6275172705869345,0.9036349614191997,1.4301991067964126,1.1024253120082348,1.4885285407029873,1.6645934918238363,1.747330585107573
-6.38925341820405,-5.213423029719288,-4.22824406363842,-3.193979202266836,-2.8956059379588033,-2.287739225531018,-2.112758438827415,-2.3282242170712646,-2.3920385676002276,-2.369611603851063,-1.4293732270406123,-0.18941904724223654,0.9119511328343454,0.7275832316859914,0.2536456065034503,0.5463333069914593,0.23281745339008217,0.9732193215776428,1.0213866968136645,0.79656013696695,1.443542261358183,1.524775249203484
-5.430684106349456,-5.402929848507076,-4.460741404669486,-3.908542998415676,-3.062375471770167,-2.669428016434764,-1.9632289661382956,-0.6298233376233314,-0.9149949456749931,-3.107071027570462,-1.082640631646399,-0.10500479996963105,1.6733260682430833,0.3417067439651888,0.21319212639394639,0.36905315034754477,0.13625181280285298,0.7421901909126447,0.6716234755255339,0.7708913443908945,0.9170758111732785,1.5122158939451509
-5.499521072544674,-5.0252752050176515,-4.180082047916877,-3.4370162235040547,-3.384481748422414,-3.9594274005188934,-2.579329576976138,-1.209310018854325,-1.2463044719227987,-1.5207328809472302,0.220821281197594,-1.2370125070152391,0.3633632272126596,-0.1344326527475194,-0.020000044774248146,-0.172715496420608,0.38578554431221673,0.8775674682907934,0.4517932041468747,0.7065503863604754,1.0402831923453066,-1.3576692959214522
-5.476863757578242,-4.489267343329722,-4.143688561234686,-3.6546122571313044,-2.059693111046032,-1.3897835318983844,-0.6286893804997188,-1.757782136911787,-1.8628928486019065,-3.1327189696540096,-1.8559993476740475,-1.0828651919515069,-0.30836496365760013,0.7588288273257736,-0.026545790437049337,0.1029106228209954,0.18887446796172458,0.22047441438788526,0.5625084205422637,0.29731479930105853,0.6843826412397864,-0.8864068976757323
-5.2666788373873175,-4.385729360317125,-3.939287024967489,-3.3652651536836373,-2.5890954169596108,-1.4800849263729214,-1.3277248277879992,-1.3236157370794543,-0.9982193891145736,-2.9070754830985974,-1.918760104759244,0.7935777954900245,-0.2870039583873899,1.7040505357320803,0.5372933328295929,-0.2385193640839758,-0.0408402882216534,-0.2415245709459479,0.31878633891046554,0.44816028149775755,0.7471672857061925,-0.13342575767984835
-4.933519551322791,-4.607575062064822,-3.931115303802615,-3.5310894328674025,-0.9693832534387236,-1.8815154354761252,-0.7907989796186815,-1.26453407235677,-1.208124642262647,-0.5955950811627426,-0.8152549765734032,-0.42805634265326453,0.4283550588815626,-0.021063160693073832,2.2906373419299157,0.1421124861616166,-0.22883305517527977,-0.6244393032320386,-0.01632710216321554,-0.3350899090631802,-0.016881695397508858,0.6648478555162769
-5.184700096853891,-4.525418464690112,-4.112979932686692,-3.3546778430460624,-0.651560866397856,-1.3845138349475048,-1.4600182564362216,-1.6508462189362685,-1.4849846948824532,-1.4229231990628124,-1.2628046903692858,-1.4086233698384074,-0.9897002129771899,1.3557153443272887,-0.4643716036437821,-0.032519044342522466,-0.008850141673120702,-0.26993127887076335,0.0039865654478199,-0.3223524808144915,-1.4048772138981283,-0.9897343225184121
-5.010164289234599,-4.978002351370531,-4.710138795452381,-3.754343938252445,-1.2067130569362863,-1.8263746831653374,-1.6209935943817033,-1.6660800395250683,-1.643128675145445,-2.7325519867807198,-2.5745418755393135,-2.421492568788952,-0.7638128241381398,-1.3187303537359811,-0.2003652145213598,-0.10834068176450412,0.10558463746419648,0.7384367779558649,1.461186074200614,2.1269097916801774,0.30892937691502165,1.2367956959634563
-5.237912364033758,-5.3477946523857725,-5.329351643371769,-4.161411044884002,-1.4453046214076686,-2.1341109687052313,-1.931819568025362,-1.7904405624879047,-3.2805268277268484,-2.723386337564472,-3.7579313989628593,-2.7595672256293353,-0.9417367925747422,-2.094932329608857,-1.4305053108830987,-0.14917904051025885,-0.2934723627334984,1.1155174932211251,0.9864195071232897,0.5925311822153791,0.7259658831762666,1.294528973575601
-5.08146973601732,-5.158767713115196,-5.4341226499421,-5.370846690433803,-3.9651421377761986,-2.9848057168886717,-2.571431591225424,-2.2993203178497357,-1.259227465818112,-4.768365149412558,2.2124981464186138,-2.224310070177465,-2.4080316306601426,-2.555069287145154,-1.8783345778622471,-0.0008446611667610894,-0.11357894584345664,0.6110634749349355,0.5222424819193698,0.6966984777054993,0.8135132346960818,1.1184980471036852
-5.278569753458721,-4.825224712179037,-5.3763226539437845,-5.351034565012732,-4.24608889228339,-3.238503868681848,-3.113318776593297,-3.1333998898208995,-1.286564536956897,-3.1726394104614446,-3.2588787001813704,-2.622355165362659,-2.6510059833265838,-0.48454480490528046,0.8894338611449554,0.6956001660528806,1.143273475337399,-0.9594988414352165,0.6693113580840716,1.203670182408445,1.8538473009493404,1.9012830906730815
-5.436622950194623,-4.6299440625384385,-5.521362109504327,-4.970089266191702,-4.557053794696194,-3.244477759618742,-3.135977456852355,-2.564569911941418,-2.558217605401152,-2.4821777136136163,-6.9042603527407715,-5.538372123957682,-3.3376348428655414,-2.722144734639475,-2.414249466729476,-1.555513006293012,-1.2526910414647399,0.9081222173757689,0.8573926262853152,0.5777548746625671,1.5456704272976152,1.8838311713031282
-4.639849241130721,-4.719805224561942,-5.211254010431865,-5.3530236114867575,-4.623288829495478,-4.328881528596353,-2.61922746568553,-3.415906398763025,-5.686992735590166,-5.914952866110275,-3.4904947674232565,-4.310822227460351,-3.953319921846633,-4.070772779762234,-3.4323334850565725,-2.5614291512426623,-1.3881490744856673,0.20600138743306548,-0.2742162351142355,0.0009163096936004073,1.3497386807440874,2.5115476335395717
-4.585242099266924,-4.806129949279664,-5.322841604580604,-5.743638134590184,-5.221104741881273,-5.582848231349268,-3.2933921821607615,-2.9874360457846287,-6.219320261552677,-5.299497870631697,-5.209248061632558,-6.574430383236113,-6.612203287180973,-4.330237659687886,-2.873574581973822,-0.8601879187821317,-1.5320995041840493,0.2262955023823081,0.3403704757243078,0.11056287824957449,1.4499765159637015,2.4140685506748394
-4.493166957662104,-4.164390334265211,-5.593673719753718,-6.051828269991495,-5.380567616574987,-3.9191258797893123,-3.1186811845961007,-2.9176161376645133,-2.7806721119053477,-2.3469575948903048,-4.311032485505046,-5.908198330909144,-3.653094620790483,-2.6626967638178813,-2.011270279977083,-4.052847746012469,-2.081032053911003,-0.9816390244513009,0.6724539519404309,1.9484031717754111,1.9329233590122137,1.3191012229313754
-4.553555067920044,-4.092180309701328,-5.95985150210306,-6.02043542448545,-6.240754567139675,-5.5439128312262556,-2.311176713125435,-2.7548491512938225,-2.3373610163921357,-2.6948706273401073,-4.615109747095257,-2.0632090584175318,-2.6467194885721597,-2.591139926974363,-2.3332277752619746,-2.360010118474115,-2.694201605223968,-1.741878384008968,-0.4103993471236579,0.09274714175788103,0.14912736697202336,0.563914788651391
-4.1606508513716465,-3.6206552735628654,-4.076717128131953,-4.402788149677287,-5.015444521737059,-4.108733825955291,-2.1581702489597476,-2.6576809388578067,-2.4576758866377117,-1.8748421558634318,-2.042257799291158,-2.061035669384158,-2.7839899697755204,-2.3774366839067644,-2.6588045827660745,-2.456002314014953,-2.74109061477458,-1.598210209410677,-1.104520700861165,-0.2995449250539802,-0.4269690624446485,0.23621397436358887
-3.788736533703062,-4.294401142528731,-2.101008177116395,-2.358803102325363,-3.8279336605777092,-3.1268272501275702,-2.129606630157352,-1.5955387033793622,-2.4648668134073617,-1.8877193628023705,-1.549042151436068,-1.4697222912400136,-2.233194874639007,-1.5061209373184128,-2.2228271790238527,-2.6096944602811805,-1.745075078673409,-1.3073773304620724,-1.2034604854549922,-0.10746926238058567,0.420122832673161,0.5695040470695667
-2.287204096407423,-2.140156487099557,-2.300486337444808,-2.6058324792607643,-2.455470283342872,-2.744516125597514,-2.177505957332203,-2.5661695498375106,-1.6780543817450118,-1.8437909001048431,-0.9595059796560007,-1.2195861264329366,-1.7068551252853925,-1.3721033347843585,-1.1206415301480268,-1.6192551171640657,-2.5124976494037865,-1.6936270671399554,-1.7671630494921085,-0.4738434650720801,0.19403837267845164,0.9348850580775909
