script/wind10m.json
{"header": {"parameterCategory": 2, "parameterNumber": 3, "lo1": 3.000054539987559, "la1": 64.9999836372058, "dx": 0.5, "dy": 0.25, "nx": 34, "ny": 52, "refTime": "2025-11-25T17:00:00.000Z"}, "data":
[rows 24 to 47 of 52, columns 0 to 33 of 34]
-6.395662734524156,-6.079259702202599,-4.397323627587302,-2.0807140037694127,6.63999783628077,3.841065630666593,0.1191970622252657,-2.3290739622250594,-1.57669866856353,-0.18449130257413246,-0.4343582372413388,-0.47352754995879276,-0.4971878214371633,-1.3227911226847073,-2.2526037903781364,-3.3804682002459656,-2.3402963845063365,-0.920040876100825,-1.250592154649004,-1.0924828636567094,-3.6933183978014146,-3.2325196042726034,-0.8350108017729261,-0.0150809825891973,-0.34950505499395446,-0.8009359817611303,-0.9244432022550964,-1.00412083600215,-0.8749405122398808,-1.6467143585875537,-1.938395010015077,-3.9516764765272376,-4.617408515484737,-3.792305046060668
-6.482350898374974,-6.681126022514379,-5.119302684576656,-0.8760977668491902,6.018007591172818,2.904725890695883,0.9257314635227901,-0.1629849337891018,-0.37405155606193835,-0.10404655821583035,-0.99399906881795,-0.9635133056242499,-1.3905753626061557,-4.524908468596865,-4.458308738821641,-3.2976997721541723,-2.649750465845223,-1.1762959424456103,-1.20690690652226,-1.6794761662308755,-4.8294029869268345,-3.0728754468318336,-0.16340660210563518,-0.9209804990256288,-0.8866292043845145,-1.134932984636259,-1.127638254123908,-1.2211020416470453,-1.7339786590406792,-3.6326633298857893,-4.640976479522582,-4.400528312681276,-3.8393509699040362,-4.777961943243559
-6.448113554446517,-6.76005004808991,-3.6724905925902713,5.292299978863845,4.643473809754844,3.9304701668777327,-0.7333967063683604,0.10119574803843437,-0.8737511593988191,-0.44894811235367865,-0.7831068218391574,-1.4141110089564484,-4.6800254225914415,-5.1087315713088035,-4.012535992695267,-2.1698180578799118,-1.9167316059247836,-1.0165653468998646,-1.0339955305833102,-3.267105949365046,-0.2570280483192775,-0.7209912023442056,0.4018350987660547,-2.2718724521679623,-1.2302502643705269,-2.017950569714578,-2.0003510484979548,-2.2140488682042845,-4.955923556210836,-5.136011552530599,-4.257100895908398,-4.099331506458516,-4.547829847623727,-4.921928607717244
-5.967319682189053,-6.383301749801134,-3.666738860963207,3.842991190654385,2.9266378772726345,2.3470530843477597,1.2279886862062461,-1.77811410721572,-0.4157535404350991,-1.0720275737916245,-1.5962080964058714,-4.895212000442959,-5.7706703660801795,-4.311332154132923,-3.21901311628576,-2.1031102313640946,-2.1259728980207386,-1.138937912995502,-1.0838178905328615,-1.0333188620692522,-1.536470405538309,0.8530777372472879,-1.1839824478280279,-2.0913108414169344,-1.148002816048192,-1.07384206723024,-0.8633353144806468,-1.642412638015778,-4.221860201475084,-3.927884493871814,-2.5565675991613532,-3.170106200637732,-4.0061078746022405,-4.286433231471111
-5.383405088676885,-5.139885686193993,3.231618651672617,2.892298957957718,1.3543139349328948,0.09493406536177458,-0.37376846880182146,-1.1074585483127137,-1.3317051262541881,-2.249465093379222,-5.563513550199293,-6.356685077266809,-4.83975637148565,-4.04704824853564,-2.963788539303658,-2.596336358032408,-2.64512620460794,-1.879101547794309,-1.3508480393497193,-0.9530375524901882,-0.7177091221308654,-0.7713302041765266,-1.0267082274067263,-0.6821411888156711,-0.7614375412740262,-0.8794376988557281,-0.8979920447183442,-1.8556633334111479,-3.996520438317311,-2.389967392126763,-2.7199978719690674,-2.826602841262571,-0.8993104293672308,-0.17717454133337365
-5.387121399206702,-1.3034586329858575,3.4291377245129664,1.3467993191108134,-0.2609133450579747,-1.0201298407380657,-1.6931457162365877,-2.066627528929736,-3.1332465581971918,-4.833772792840168,-5.959056273182893,-5.61255825165059,-5.249768279935299,-3.771082949385514,-3.367963278411854,-1.0086391597870514,-1.4528127602052359,-3.2200686679091644,-1.560371210068511,-1.3177923081649676,-1.2886919554030245,-1.2627301570592042,-0.7957054929146689,-0.9168569422754503,-0.9179153571061011,-1.2477531366263555,-1.626455842827171,-1.5911384463544715,-2.230088118929057,-2.2078402869708116,0.12688816963118846,-0.8745748571378951,-1.7946012724309364,0.041267603431627144
-5.677621726411863,0.5812453283192551,1.9145131881027768,-1.01064253380881,-1.5186827288217115,-2.077728060967067,-2.517087417242747,-2.74683346641128,-3.9137885642604497,-5.52576224918638,-6.353745345638484,-5.657287376215143,-5.702480103187771,-4.2173688523407336,-1.6688949888523081,-1.66435334335403,-1.7049759113142484,-2.703346296238535,-1.7079621107962302,-1.4041443314886308,-1.2173555887711363,-0.805804902972661,-1.5553168822517094,-1.114363712519684,-1.4229149108049817,-1.7693951292040089,-1.5554102351214174,-1.5159426391466613,-0.03905455369253372,0.40664054071001043,-0.1292370222160081,0.1217260811419046,0.5505542790416328,1.4328339464841633
-0.875109522952718,0.3222729798307525,-0.44235429986357516,-1.814047242892352,-2.420455139937247,-2.7463126034821506,-3.0330444055358208,-4.002804192781137,-5.590684543394278,-6.136935946839905,-6.092205440185111,-5.301517337458869,-3.489174977669657,-2.2725264137998646,-1.956877472166085,-0.9430559773444084,-1.0676340380333647,-1.2895026229754865,-3.2030313836189728,-1.136564361046264,-1.0900034125504316,-1.4676892626239881,-1.1809559349846614,-1.139992112167302,-1.6377512960018492,-1.2206560073435548,-1.3764997429435817,-1.9927034147559277,-0.6268133474846485,-0.6470276208364046,-1.1347818356359272,-1.269911507449068,0.3851830076479973,0.7453124406631856
0.06773245538023391,-0.996760724368097,-2.0941386689088444,-2.7296169424246153,-3.3391486747291914,-3.894917528527524,-4.684779862866528,-5.5849141999477485,-6.22458908681865,-6.2828403185027515,-4.876566511165734,-0.3967626012913056,-2.617231839258608,-3.032798162800124,-2.453666131898243,-2.6008251953727775,-1.7009878692983569,-1.3024722261724493,-2.2338521452232873,-1.3930307828985076,-0.9056762649025124,-1.221092748375288,-1.747386714522662,-1.4247694229276737,-1.3841206028668611,-1.334096826107515,-1.8503974284550797,-2.27620002172996,-0.6756559563052063,-0.6518785095251498,-0.7317202794084495,-0.3405458974034698,0.9889200035768956,0.8831568680188571
-2.400419320586504,-2.7368064705862025,-3.4655242971115086,-4.450803845844806,-4.835309080709527,-5.39885442715667,-6.181623693007166,-7.11529324254936,-5.9947430777248325,-2.2862802978682453,-2.368520001061981,-2.3002083175705517,-2.570523450558531,-3.190123426793979,-2.3285577801510002,-3.342440357334504,-2.137909842376713,-1.7515239149012538,-1.6159492566268956,-2.557234990388161,-1.1063103661044087,-1.321299172599575,-1.4638346829925157,-1.4949194698279753,-1.0621363482828514,-1.6755401549110414,-1.5745676522128107,-2.1176006877847287,-1.0770935698961663,-0.30656362050391583,-0.48958174298630436,0.48335333258177704,-0.10306561247967856,-0.32396785988144544
-3.2724899146724105,-4.640949763788358,-5.069819579774737,-5.723699502158869,-6.152029490335387,-6.56496407170564,-7.278724470626011,-6.028804027301348,-4.185734056604795,-5.094227359930337,-4.505461282056397,-2.985644324986821,-2.4653357193573058,-2.4379091091786047,-2.697174943447561,-2.1411934266793913,-2.871204252348964,-2.2256639892259864,-1.9416263515705614,-1.8409917714034554,-1.2300084392239898,-1.3478876686097594,-1.4435732913122399,-1.0738527876087558,-1.241762158463559,-1.2372114313449833,-1.1530056332251233,-1.3517695660007605,-2.2751401260486253,1.1896680273369733,0.08273682492455267,1.5967140971227456,-0.10069319171759408,0.06445244460686456
-4.302078182009023,-5.813080425834573,-5.960411438349801,-6.651284541745698,-7.10203530815091,-7.655822056502125,-7.0122429259542205,-4.785194031274412,-5.504124280855013,-5.391168998503431,-5.293316308866306,-2.5966814493697714,-3.2330360253157147,-2.3281553678604205,-2.2710267617292925,-0.6935823503030091,-2.6154539456575296,-1.2777381198295101,-0.21164280048955772,-0.9387903850027544,-1.1006410622983887,-0.5864129288882572,-0.961438249036474,-1.4733523006579203,-1.367486456844939,-1.4702343524368138,-1.6034020595454397,-2.465379124053132,2.83559479018774,1.9145322520194845,0.13521041396589883,0.4789802883215869,0.4671869070204955,0.140730145136939
-5.719999715577247,-6.2984354958679605,-6.935444800303171,-7.5137727394502125,-8.229172069740843,-6.837577627633885,-5.885269716926145,-6.459557893122627,-5.649283972540648,-4.955175890649002,-5.852434431464078,-3.3599579983900822,-2.309427116996046,-1.9759254133111626,-3.1244233233183922,-3.1222196764364654,-1.2986074114580979,-0.5150245806212522,-0.663592896779391,-0.5275934613646133,-0.6890722836788278,-1.3019295043389645,-1.4053796898335527,-4.38618194266748,-3.5440804206515213,-3.3059279338323364,-2.211800472972005,2.1450109600852563,2.030650476815537,0.4249751148782626,0.13604566387236455,0.5067544271468409,1.8813555667227515,1.67751508056604
-6.951091298553304,-6.850702232085912,-7.728335182360286,-8.320523353879462,-8.627252173628946,-6.3721642153857,-7.524203620604673,-6.701620996315381,-4.778396028524159,-4.147397310025897,-4.1250187380918275,-2.747401291268992,-2.466097186706344,-2.3833553721711405,-2.7770752309079394,-1.9868067543039232,-2.1231476135067266,-0.8554525776088857,-0.5786603555448073,-1.1271717045038332,-1.7144846850069924,-3.48851379282935,-2.1774554288319936,1.1932445040555868,1.2428669065190125,1.8167968469898153,1.1833909993912322,2.104734668215251,2.3413234599865325,0.9147798156320324,0.6491519259683951,2.321451841258078,2.035989469457743,1.362125457742818
-7.215582359044112,-7.854977036871,-8.698926811542878,-9.438841255089217,-7.396492879094968,-7.624550055819992,-7.825290279625259,-6.224421665459962,-5.028442062790183,-3.385982839329227,-5.929367861325615,-3.1424567134320567,-2.9706288282626456,-3.4380137034640765,-1.8079875219241657,-2.507866731542056,-2.437845007369555,-1.5534373236256174,-2.2111242103352238,-3.914276697853812,-1.9684769593288158,-3.2879455132624216,-2.4388053805869645,0.46777715672807985,1.139997712458813,1.0973688882156074,1.1700414393704748,1.8598746721929436,0.01540876473548988,0.6702539361706038,0.3265058753249026,0.16508669417461752,-1.6071524197022318,-1.9686868140404368
-7.524494183458958,-8.671400036363021,-9.61891999660927,-8.25066722317534,-7.910065667985173,-8.619767466914723,-7.493903676110218,-6.90753954659652,-3.6617216169862687,-3.4841895940258234,-4.340864636158257,-4.386594742412961,-2.188949298025049,-1.9227951763923816,-2.2460032782710613,-1.9892398330256358,-2.7978059454999076,-3.171770653160467,-3.2663542344597807,-4.272702150348612,-5.618043659679196,-5.5948285336689025,1.366634764911388,0.8041878492768558,0.37059648889564084,0.42159391069181834,0.8479187191909016,0.7932377731417973,0.4409382705001376,-0.838821538074075,-1.4089028409028643,-2.4097376001045543,-2.9230966423105067,-2.0071179107087023
-8.521354802033848,-9.608436265062279,-9.96199661903265,-10.176481767891998,-9.180368179692467,-8.523050958509925,-8.140794991652692,-5.800870116260123,-3.487883923154479,-2.344173422318,-4.177738579330994,-4.0765110804948215,-2.156622764435546,-0.4579896851991391,-3.845443075715591,-1.6767620599924458,-4.6458344351517455,-5.796250926482497,-2.3492772431155986,-2.102595939901383,-2.230308091839953,-1.5438872938087331,-0.7266369799878094,-1.0004666467999133,-0.594122152986665,0.30084397776965965,1.0021026797634942,-0.24864924930925178,-1.100285594955076,-1.3899792915724583,-0.9917455459811543,-2.8246658585473914,-2.5839165525064063,-2.792112442052188
-9.159162942724556,-10.239521196739624,-7.582232630971164,-9.184350914822094,-9.463185864018813,-9.187453141189598,-7.795282576577725,-4.825645113344278,-3.729000264043548,-3.243778851438635,-4.478672378176076,-3.651028293304488,-1.6068443139544777,-2.383876114111681,-3.4666177102421445,-4.060683837127953,-2.6068439142626545,-2.419013181661087,-1.994760211122962,0.6318008151735686,0.2061630265324,-0.18979442399045285,-1.9292045387872923,-0.8991999291912904,-0.634784745100656,0.019356997658822362,0.8016217383401584,0.5828532247256776,0.5605074526499696,0.4565100045211074,-0.4255211553394178,-3.68438933875235,-3.0889158945441335,-2.1861681329629454
-9.660613104812528,-10.285131816632418,-9.633089587204386,-10.252346468501367,-9.784228187300673,-9.34488831039355,-7.105687364291351,-4.547990709996408,-3.496057621699016,-3.6082924829613314,-2.7968636922343055,-3.6241994388192427,-2.067838121442597,-2.844337513339676,-3.4105081082881497,-3.848971256251524,-2.407873354927403,-1.6471689309510942,-1.2252664038622818,-0.722422073588526,-1.3499524956126852,-1.2787850691474816,-2.107219443508899,-1.106064363008951,-0.23795254961288198,0.6468042970650721,0.20753032669955224,-0.33811393429606773,-0.8441726215506409,-2.1068016072460067,-1.265416331627619,-2.112901321428205,-2.75844232503381,-2.784893747370527
-10.355484085306655,-10.505726194900085,-10.018394884828226,-10.254624940512507,-10.582305311480662,-9.088283715370672,-6.0839518949814035,-5.259157816096943,-4.3702105771069295,-3.336892844306286,-2.7977617187956008,-3.3430999714757794,-2.2224323655908793,-2.020197992427736,-1.440431895649962,-1.3844064180464921,-1.0783146535917998,-0.34102706041484754,-0.6821585918720471,-1.129145902053725,-1.3488924804992564,-0.9921358394331892,-1.3295522927393608,-0.6815733039715912,0.9792968451764095,-0.20352172298805477,-0.9009012850612355,-0.4732616333956516,-0.718657867941706,-1.2855884004748335,-1.3393058979537242,0.11007995735920592,-1.6706927756708971,-1.2316318176738075
-10.552300068368853,-9.890025556580113,-11.109424970668558,-10.281129135400203,-9.375001158940503,-9.79230532180918,-7.081787867927105,-5.546630667148761,-3.9472993577489177,-3.6502878344845953,-2.649471977274559,-3.468831209149953,-2.2400893556096424,-2.221291175234439,-1.6010520490663234,-1.0210370471880186,0.029821245801492,-0.32645835846578847,-1.1645551210879617,-1.5349831034146622,-1.3428491641813487,-0.5075201469447923,-0.4227501355201713,0.7539595935454715,-0.3813679029268872,-0.9976988169937749,-1.581181320468223,-0.8273417863069565,-1.7236222632635054,-1.2432115224018145,-1.044249153816351,-1.1820576991184053,-1.4039718166472086,-1.6738148927864458
-10.976226213236755,-10.57144139111925,-11.667046026268375,-10.750915419509502,-11.988811403215621,-7.809734800919317,-9.049469854090788,-4.366721046772322,-0.6929144785497288,-1.3290888915633923,-2.186395799490061,-1.8976262824742867,-1.5409986971779912,-2.0486980459587985,-1.1420327141292714,-1.3508160736914623,-1.9647159170795856,-1.318285669392315,-1.7302633339088105,-0.8399609457036142,-0.8926128568292675,-0.8410101221344667,-0.9810065533936855,-2.7934735565993924,-1.1202647772689904,-0.5001727423034508,-0.5880497655978335,-0.6329276735191545,-1.1200074903337298,-0.963333811081711,-1.212867991083606,-1.7012607011702185,-1.6660973406206774,-1.2455729114647087
-11.112703275098095,-10.936759883154583,-11.668939381215003,-10.983932196238369,-10.712520876205101,-9.454508282326616,-10.509340390579169,-5.681931734403588,-1.6006896202219478,-0.5370652976116039,-1.3421938765796078,-1.6829863314664621,-1.5117694989039656,-1.2524964644807293,-0.9591750939066238,-1.6670657281242665,-1.8715817996223296,-1.3594660978826925,-1.5673994680688574,-1.0627935159450035,-1.2259757558995084,-1.639128381693697,-1.4000014948160386,-0.95569596616991,-1.784366268704694,-0.5075065098877316,-0.6580094051812494,-1.1024446259016787,-1.4485451480145901,-2.39962515534836,-2.091358056687448,-1.77806300777259,-2.161500140509338,-1.762988605918152
-10.958706273722767,-10.448142284339639,-11.809055487360773,-11.04461218396298,-8.858969837401656,-6.6722552909835935,-3.063526546821476,0.5277997908242459,0.11276186979258371,-1.0124962653228446,-1.2030538564879507,-0.8307217897318504,-1.7801183791981114,-1.4214887453205147,-1.123487693636358,-1.141705680409616,-0.9284813333413309,-1.1987766190646312,-1.7248975590691005,-1.3320139287763146,-1.401773589281857,-1.7332231254547772,-2.1160177707593864,-1.0391868438554643,-1.1044128118537853,-0.5883495681094163,-0.8566766207989311,-2.0883866667909428,-2.058216427340801,-2.293785035273145,-1.6110102655412664,-3.3852483288485202,-2.494897894485859,-1.8715416751618623
