script/wind50m.json
{"header": {"parameterCategory": 2, "parameterNumber": 3, "lo1": 3.000054539987559, "la1": 64.9999836372058, "dx": 0.5, "dy": 0.25, "nx": 34, "ny": 52, "refTime": "2026-02-23T00:00:00.000Z"}, "data":
[rows 25 to 49 of 52, columns 0 to 33 of 34]
5.550075638619017,5.942618777998555,2.8180884537783975,3.680660152424798,6.493762067546449,8.374091851474265,6.138638748065809,3.256094275621909,4.204740528534943,2.1082529455561603,1.303922504760068,-1.6107116432611805,-3.2320628451921882,-5.411621261859273,0.4531601930022905,3.255634654101837,1.9448367987022657,0.9142937863428322,0.958164456998399,0.5931333971299745,3.830192602553978,4.63009702989,3.644250199813334,4.129520814128951,2.7619153266879897,1.7139662824139594,2.899211622389263,2.334142836064075,3.062811774005642,3.417485458252603,5.097320803115263,5.1300991465611006,4.901364490461101,4.114622270283099
5.553716123180352,4.645216306908981,3.2980699357637335,3.364902968380841,5.515605276206316,9.049551004409599,1.490386193136481,2.5470963244138685,-0.5252684908589494,0.40485818938401547,-1.0970942628414073,-2.268944267797267,-3.868574408691429,-2.272703347681136,0.8005539069795425,2.5862624804499097,2.1062376957098206,0.09276277552629807,-0.3166213375151368,2.0991337038731372,3.6324828664378552,3.3750864983885407,2.8458154553048565,2.980388926193633,1.7061175582501,0.26877011834368053,1.636419821740218,2.143857679413256,5.2491562676042225,6.093576747750026,6.209881443666394,6.258782434130948,5.187456363092346,5.105804582046913
5.475869455839385,4.704663618866679,4.048046382003731,4.027103198335615,5.283544499642511,5.080156700290772,7.3676403938391255,-0.723957569130207,0.7500088175386762,-0.8011622836712963,-2.3697024314136153,-3.5605182238970254,-6.274753140532126,-0.9110026645698681,-0.9203232809957083,0.19004817350543637,4.244748313860776,1.8157577006633057,1.6007440882402049,2.097223895990044,3.4339040693617746,3.264656682498841,2.2981084168257953,3.122449821614175,2.82748874063448,2.809950638030436,2.2048448015442053,2.5227192263253526,4.708935925467207,5.726425565308698,6.355998379040125,5.961084232484505,6.223536400312495,5.846429418481271
6.171767040589003,4.0574633374265225,5.489402291063046,3.6358728721196765,4.126471683903337,5.22156142648081,3.466219415746094,4.500492914277518,0.4442852550032126,-2.1165132956447583,-3.057462036919385,-4.296087262028173,-4.373674950076487,-0.6490186489147418,0.5099534649395351,0.34020271905724114,1.870099742243362,5.311305206453113,3.1942983601246793,3.5444605529714144,3.609726114711788,2.971384398284232,2.706006208933475,3.622603435097138,3.129756825544351,2.244538730725357,2.21454545597117,2.3051643355115408,5.805752715028956,5.756048793203215,5.339794642947219,5.347360041106248,4.316915530042587,6.221374645113807
6.817462779869006,6.057954395724477,5.120883475663906,5.097517459587431,5.396962229103829,4.86358876376562,3.97942675977399,1.9274176862262977,2.3711405584392296,-0.0940171773221626,-0.691372162279942,-3.217049523102249,-2.6205900010010077,0.5482121436793913,0.4506203364238589,0.49395107482457734,1.4548213849821796,5.133269983867225,4.352529583605834,2.9745275957010477,4.493707792042482,4.532826117215132,3.415609506488325,3.2431312802375354,4.0298713340727685,2.1728204744658624,0.9635828708641883,2.0654986834072493,5.242477953448563,4.8677026020326295,4.199379311256344,3.5785008814116264,6.138252219951732,5.834013470742227
6.411782362155264,6.247092068965948,5.358165117935717,4.875834291726025,5.196534742231751,5.265407914930208,4.807328198005962,2.9536423678578276,2.4747470349442486,2.4832105719391855,2.0915157281414447,-0.36366219740770866,-0.1274179161164384,3.2082438569469915,2.335735165837332,1.6535806398582762,2.513230128732101,1.930639358169536,3.106685706058312,3.2164040570767574,2.1175401421625333,2.9908526913620483,2.7512073199417277,2.5492408119268677,1.962845840043159,2.6091402543071376,2.4169974725562176,1.542578019830187,4.801570732214938,5.161765451866012,1.9348653196279475,2.3538806312908367,5.699292794425894,6.46434004226952
6.93566906239154,5.865924449154825,5.696595545333396,5.424273248233111,4.3935486514119075,4.600412064706321,3.9650770104095607,3.47235641320879,1.9854078442646386,1.5388947874876175,0.8138316495897169,4.093146360067215,3.9297718718681214,5.06722018830857,3.0052361790859212,1.2608135109699492,0.9668163936926085,3.4740028354113592,5.058181958572308,3.421164689039357,2.5338778041830823,1.9180780791405636,2.562169490741914,2.3547110605162533,2.865872436087425,1.8972890942488863,1.5684827481656631,0.7835285850427917,2.9107336001672746,5.0982772042569104,3.360090190086568,2.7777451213252635,5.143332357353145,5.565628351719417
5.106678923558208,6.280343458740245,5.854318111492359,5.794689790726002,4.73160966771942,3.8352560934269055,3.4969970463681235,1.942430465108612,1.343733216569079,1.2155698614921293,2.376937485136049,1.2106378110878586,3.9542300622454505,4.431920242855104,2.09384151156001,0.46683566725842884,1.465809286503255,3.19082745415044,4.476910660110274,4.385397294221224,2.9391688421999977,2.705114309065608,2.1559760077908603,1.6103159758055716,1.9290568090881581,1.5101575911767204,-0.08055027518315967,2.565181274020116,3.877071346886579,4.655504943201581,4.735760906175436,5.72845826551501,5.485380236883598,5.845068560742298
7.0898617221883855,6.7429686817252135,5.2957456618204555,5.2476720485554695,5.385471572156752,4.119306517553189,3.49948164681072,2.8496520298973955,2.414057352165407,3.2220295078403205,2.1797828434790625,2.418482388999779,3.81943060239139,3.9534711943629226,2.489635530094058,3.0561170476184905,2.1305304128265754,2.1752355982115104,2.9059760244840493,5.510440870323826,3.5272596330876786,3.2387930841899224,2.3338683559093125,1.2956585501896618,0.6802296718913947,0.36690458581311663,-0.3870067416030266,1.6428481213728245,5.91543906897874,6.448239242981812,5.294865478219428,5.829021499794858,6.194376388943654,6.241759013497678
7.855369019763912,4.842124023649323,3.711782901771387,4.8758064669486885,5.232518860177484,4.91233560869201,3.089733514606545,3.001184585492573,2.625269876002121,3.5123857484150545,4.885283912529908,2.314914496825043,2.8591478529214163,3.2040860380332292,3.307280490810232,3.3401079844895416,3.880448066761507,5.164986560181803,4.06880347169839,4.503193802174882,2.039211633874173,2.5533471707643702,2.1638074182541622,1.6471917339422646,0.08305096313282925,-0.68402225295164,0.3327295914130564,4.5858090251862595,7.612046226948081,6.747853812675513,6.469584999305651,6.235332801042775,6.03795805403936,6.505890186293301
3.3749565138706967,3.1254227745068364,4.087320688882479,4.377357506777216,4.72316768487406,3.835881583831164,3.28668302686958,2.5491521200353473,2.3009187178633144,3.4733279735045595,4.70823519501245,2.075917808270879,3.4339331841916887,2.524249102631121,1.9699087491966965,2.9943808403576098,3.6987499946592917,4.248535678722896,4.745781433290664,2.0951132857698593,2.9028459058762843,2.3643098241332163,0.8820798755949382,0.9476951985279959,0.10947761694843693,-0.19136917967748174,3.940544795350653,7.967168083654987,8.62845171060865,8.304249421085277,7.911190848689639,7.862851445875038,6.227161697605276,5.760878635907324
5.608801598281819,5.076222202558678,5.535808733986017,4.8794895277329,4.548460057808147,4.316497477951572,3.8962951223510442,3.4938542293892065,3.3271813045358036,4.377321507533185,4.657228700556244,2.3311645652148862,2.4620678843820123,1.7500862919042632,1.4296331671226679,2.0532312565760846,1.9568649771087354,2.768587317058325,1.6760893264841337,0.1816822496193876,1.7182511732051367,2.2357137707878434,-0.09435397914721365,0.7450378539249917,2.9346382976565484,3.536514372423924,5.47433726859443,7.585231345817629,9.08840159327926,8.591705718189855,7.837657763460312,6.868947635595673,6.2741423185205765,5.751994763933498
6.8485299641344435,4.795325642260695,4.238532455141548,4.328866704964017,4.3918182070291465,3.973053567870636,3.4346568329678537,2.8427752805622215,3.2907852765158094,4.1733728644983135,4.760938517956504,2.481643009172682,2.777577870709465,2.5620894094046855,3.054961099579067,4.704470591947817,2.625237119926201,1.6726787827330258,0.8340012474700956,-1.192103814380599,0.7448139005707451,0.941624234646761,0.580938334855334,-0.35589073696159446,0.7285628224603575,3.3462864493380686,5.003324254231869,7.460459523135825,8.815744057460401,8.463053693573087,8.034355882261742,7.600011871981887,7.2253274712077085,5.757783493932997
6.6388236621163195,6.083375718306611,4.997626220393354,4.968114691760796,3.627901397439849,3.2611499534401625,3.5741454497694134,3.1179187949971565,3.1928168366600596,3.901600734490655,4.3829280512441,2.9806969745847565,2.2027770616840274,1.538006414618407,4.378878055097267,3.4472371984385255,3.417151667135999,2.0494257221958607,0.3942296709548767,-0.4457388777223259,-0.08695861573464099,-1.7216973031599299,-0.39486395774570665,0.10197697254879391,-1.8258992385747597,-1.0044420646138859,4.6165375571032845,6.085910659902126,7.039749314103101,8.318156910122687,8.13234573948309,7.356829966776157,6.647517938828167,6.513370397315271
7.246754032554374,6.145970441425462,5.7666443606540305,4.5514560665039685,4.105422359861549,4.405047772164602,4.475767489576749,4.043216483670301,3.768659584842228,4.071526291953653,4.639638880513085,5.784822018605301,2.6549494849740602,2.4658138568951924,2.6766750155434034,3.3384125874466037,1.9164209690346923,0.9458899942816921,0.7994773127839853,0.712332508174619,-1.038832993471031,-0.958463069309076,-1.4363019689138854,-1.723211564898589,0.7685598240009851,-1.4400375461367905,1.3579097557792723,4.881176010429908,5.464445053742807,6.217064460858479,6.942979632529371,6.9101012235651575,6.640571974949529,5.7085184875983455
5.979561920579492,5.266078139433664,4.92014379609287,5.2259097520961975,4.3619090230836886,4.488123012122449,4.3488017130669485,2.970776951267487,3.361063892204748,3.856492669857194,5.231162135368963,5.38100216447219,3.901548491189941,3.3827433824003874,3.23257107769889,2.0410075511107975,2.3553806433825253,3.419686227744602,1.18532204679704,0.2531283112223054,-0.2908558626197086,-1.7085954908590149,-1.3666555863461758,-2.613774886685516,-1.9373257971631879,-1.3108022739198693,-1.1585009600842207,0.6810339255965322,3.8842899300259575,5.488714389410754,5.711658242306317,6.727976994561126,6.1972677026588405,6.255061140203925
6.831107829675143,6.129234213423805,5.216586499736125,5.207729363926866,6.102689078963896,5.4418941776677325,3.4951173905434962,4.089515765591452,3.6541909879981076,4.842198512801205,6.555025179738379,5.207095897151239,2.7628652521144015,3.4483871561355084,4.137361244553053,5.604746527207418,3.7772333493644643,1.5971264198500077,1.3113524135126418,1.1533661204114412,0.7540089873199296,1.4128560509310604,-0.4219236577766875,-2.183795485427581,-1.8522034824749412,-2.296980809951317,-0.7905451262902967,0.7755302110434482,2.4847026342766307,3.9553688718100912,2.6264754052825117,6.2958851052865645,7.502700436077529,5.74551008911724
6.417052575085219,5.40638966661604,5.657203727108414,5.20733143296411,5.820539114362072,5.979372831137193,5.220444964577386,4.612203894218525,4.35326249649396,5.341423591852962,5.475710078153307,7.210881058592832,4.736648525159528,3.3101767417559453,4.678112527667104,5.103400403883615,5.742333691474866,3.5971661574736187,2.839688852239102,2.1609558224884573,-0.79013079252003,-0.33713498823374244,1.5514036019209867,-2.5146678422185746,-2.153283072459819,-1.3352204800276832,-0.13633260003140865,1.1352930949202884,0.4579803503377184,4.560816135222033,2.7157899907147747,2.5427161377536773,4.922152424217645,6.149132284825498
6.707893679760409,6.049976596396111,5.186980747216176,4.901602192825115,5.338057835444007,4.7392895206606385,4.94073010613323,5.1309797756774325,5.636599968238471,4.688741706902122,5.825490687345673,7.716389649238026,4.754333879243972,2.8014301751348283,2.7596402718822506,3.6555191356615135,4.220929649431445,4.934230863917121,3.022106451299146,1.3591840179424575,0.45268861471971433,-0.7079622246237627,-0.8890202803981898,-1.164113858802181,-1.5446777549871027,-0.9838072632227236,0.05514034194206654,-0.20131192894721672,0.21993141960108561,2.042997338137493,3.3444169929948977,1.2739857552717564,3.4929930294823563,4.841837492978895
6.788134410947493,6.417916417503524,6.164308058555375,5.486915456770376,4.83723806813204,4.93390625412621,5.029762908358876,5.65016605820107,5.539516850141773,6.393234469148967,7.256170870615412,7.863893891160339,5.345643223663718,3.805899157330536,3.453297319741028,2.9848818711242684,4.270062139905735,2.897783396906238,1.0285990263412956,0.5259076517110485,0.4097331070536356,-1.0672898141013754,-0.5442079894404385,-0.11131345096946504,-1.9824034300627291,-2.264643840376147,-1.6825748819818354,-1.3454572213131677,1.2998313655388625,1.3404365421942173,2.2932952818489354,2.800097770932543,4.794068305029463,6.8522754515678015
7.231353857190407,6.19847805263146,5.408082748662377,6.22289033700377,5.219564014500731,5.488783952155122,5.586351177315892,5.833836245866047,6.535414346797611,6.31816375768851,6.183733525698011,8.119062853140777,4.107630320265399,3.9123513364759237,3.586275708361484,3.8505228980747392,2.4876781097574425,1.566613092604022,1.3690919770709427,-0.26763868284542913,0.35192355679745313,-1.03480763953978,-1.5393755136842737,-2.3784341124167123,-1.6250723122797315,-1.2876171827389105,-2.6844822816451033,-3.2695199315269785,0.5631672317321157,1.2512483658600615,2.209700044273765,2.993356103301561,4.554772277244006,3.3952383725876456
7.05102986537521,5.93184027846116,6.22802490140689,6.510581510532988,5.6795508931948415,5.5781588731768466,5.721705317175091,5.856095285681661,6.066540506687117,3.797123875677984,4.424008114703713,3.741163937133447,3.4417454912343586,3.8069708087311014,2.7631138133933253,2.385704244493206,2.5087983073275946,1.7326644057006944,0.9450658310750176,0.5678019468799562,1.1043260522528047,0.5632072666961273,-0.4826690536735792,-2.22644857782229,-2.3397883104534634,-0.17908259766040244,-1.0227250800864318,-1.0368224890518556,0.7402520351830189,1.3360336242465616,1.9732054566272597,2.4458884869744444,3.667671142929492,4.0836186873527875
6.620224960997638,5.799356353193114,6.712722595211661,6.6459447531465266,5.32379773774573,6.146103233471595,3.82252078199762,3.8605120485022653,3.25804811959099,3.7123280981810938,2.553968301571942,3.6555562783496542,3.9121892943262773,3.600838695843136,2.968516426924981,2.879057087365481,1.5417628847084266,1.3934937409339152,1.063969572973037,0.5179695072727347,0.4201183000506776,-0.8700869423626544,-1.8702304913951506,-1.4870750076065438,-3.070670734748248,-0.9453813428214427,-0.5258820870690745,-0.6606792897778124,-0.120409607787002,1.2693532434604702,1.717686649064076,2.5049328356773377,3.5649943298892453,3.7298216254359806
6.675394141050848,6.503159818102521,6.819133444073709,7.245507954127538,6.841871012158449,4.50162477847763,4.166598013453433,3.130181320670177,2.864533012922134,2.9924081675081284,3.675215302909611,3.6794699965130966,3.0665367270952126,3.6056267349765516,1.808683843479189,2.1958496511681664,2.2060124213520593,1.2146213390087754,1.4700731387282828,1.5020605529591728,0.7916994228671977,-0.23354870368857367,-1.2491443997917664,-1.1089829373771434,-2.280622176447582,-0.865142794719094,-0.8285150733056588,0.030434445002297972,-0.027390864064416872,0.2665977304470098,1.064785883456086,1.5851395524888756,3.5591493176957294,2.5955561478588827
6.621056277487594,6.78355556735007,7.145104880592116,7.903061212021312,4.702371377772597,6.838792293949408,3.8487149018355966,2.3479902203856295,1.5984639704124022,2.1346668135206905,3.313113801406338,3.725066187275661,4.279231345130011,2.9446192575666226,1.9027411441700595,0.8348354932398447,1.8795445500443209,0.9848679618364126,0.7943923505010835,0.7779976584015428,0.9690837024805011,-0.10684033180389134,-0.6256449842379953,-1.4284022035229562,-1.2760047478384535,0.13143111087649978,0.004598692374172541,-0.38850339492694497,0.22527114084176986,-0.5123976494606183,0.013213597096694167,1.9727065011183185,1.5342256420240472,2.4230305050257077
