script/wind50m.json
{"header": {"parameterCategory": 2, "parameterNumber": 2, "lo1": 6.000198445256149, "la1": 58.999992894266676, "dx": 0.5, "dy": 0.25, "nx": 22, "ny": 24, "refTime": "2024-05-03T20:00:00.000Z"}, "data":
[rows 0 to 23 of 24, columns 0 to 21 of 22]
-0.2747206204070383,1.699690747497294,5.7269308636401846,3.18499964274791,3.246195596631845,-0.15298668539453322,-1.6527477224053193,-11.312663584663563,2.242002033697266,-5.503836396303451,-6.036066077815416,0.1787185134256489,-4.443536788505531,2.9525763535613136,-3.743550905269571,-8.138723895014808,-7.324649439348428,-4.762474931376589,-12.246936448132749,-14.358937052740732,-10.356145546677405,-3.314715261438168
-0.3710193652066731,-0.12164365910975117,3.9933301982170457,4.487354959000746,3.6402710969842937,5.206647825481575,3.7059162451816006,4.928873461460141,-9.10708288337945,-7.361658781832111,-0.3894979648686858,-7.481239236909356,-4.417525870903518,-4.217858961280807,-2.4594498794494406,-6.0316935654121195,-5.668950794429659,-11.058925939963386,-3.9806706317202196,-4.561606367475333,-4.007932575715611,-7.985518366674954
4.066568453543287,3.9825836166924304,3.9803649849928195,2.522975787797868,3.4034238917886186,-7.073763789889568,3.5346480304801258,-11.013704846506165,3.117542538824672,3.306227617754639,-5.280038672465976,-2.941699620030807,4.741404472271155,-5.431130403836199,-4.5683232985667654,-4.9886624056334385,-6.40621445984361,-5.291379858268058,-5.368912290707874,-8.345133578556657,-8.044918018778493,-6.311682585665061
5.7728232894517655,0.5817888995520507,3.0062705357287567,3.392634734974389,-2.7863945629962066,-4.198972846345909,1.953438425066604,-8.717497677081104,-9.295935833306604,-9.504916204624607,-5.988299207158978,3.290592611423733,-3.4853084492328916,-6.357912980118438,3.49794161959934,-5.2491684451909215,-7.503212783394129,-3.550711579356084,-8.289261195590894,-14.208485703842452,-15.606519012106501,-5.589766519436593
-0.9008094574520032,-0.21238097505529271,4.233993978993358,-0.2787078810249612,2.9515969245287454,2.407997325621477,6.690786226706437,3.4387525432954478,3.0237115186469823,4.38065876766885,3.674327209817102,-7.549173468187846,-4.793458742459406,-7.941965726927061,-3.849071561525684,-4.798601683495912,-2.916095142063889,-5.097566610464108,-11.792934917872788,-4.265326170305091,-5.238751611269124,-7.462095885385078
4.54290515844306,3.9635242928980405,5.397777758101893,-0.041845595310449665,-3.2030477109161373,5.432899709573873,4.5455792240026645,-11.157806936963748,-8.244732023461841,-6.746566237316597,-6.201715122432647,-3.4470477988822563,-4.64039886494962,3.5090838780876563,-4.165797237281355,-5.589896617117673,-0.2807003532910973,-4.572374013538414,-2.8166975670865653,-6.301616263136585,-9.619711956448873,-6.937727128105411
-0.8530666448440632,5.6692400396663425,5.404169393331083,-2.4741395616657504,3.2136661695758817,-6.252729981087304,0.8068039809875326,4.480501140588291,2.63509232701489,2.8629493310758507,-6.483027572540014,0.7396355071580055,1.395343528284199,3.554167291551018,-3.559549503299907,-6.361035845032828,-3.991831688336909,-10.09420561595883,-3.2562534337732156,-11.860071047429509,-3.6852679904800536,-3.5884826127809024
4.143268922627706,0.612790020224039,5.888190203647748,0.017258323588723375,3.0424991024922234,4.38468376748245,7.336222074831438,3.3381396749359435,-9.04163620700739,-4.488010883756204,-5.656519431111142,3.4698001789415667,4.712999911536837,-3.7095267492611863,-0.9627631754554252,-4.852371836360173,-3.8993044928914475,-11.131044447640742,-12.4373705304592,-4.406992258450915,-5.59436240526656,-7.550644676685037
2.145041472213715,-1.489076392922278,5.875988847693528,-0.06708246034160735,-2.8177584474329227,0.7004417924670444,4.151394834572578,-8.935667221777463,2.6048201202885277,-9.849463910822948,-7.834161317330348,-5.44025533772202,-5.76348252723556,-2.665918864961646,-4.164994965592837,-5.189861306822982,-5.175218216902515,-10.67578639413186,-9.072658140201414,-5.720989770071434,-13.475442906788977,-4.479904679779111
3.5669001575220096,4.222279922088119,5.056493437873784,5.319726488930221,-6.202866297810638,5.181783557701414,-3.436904750188098,4.068393281949227,-5.829616112257516,-4.360520799224206,0.4107892430471509,-4.461298877711615,-5.10867345226494,-4.911671628802708,-5.515183886653789,-4.597818731571295,-5.0632340789911305,-3.5955306016489463,-13.407780060153494,-10.753238304918517,-3.9040693956363444,-7.973514408056011
-0.5333149578082149,3.76846946387804,4.972170093710822,4.297482113832701,-1.9099142411327321,1.5270004170607636,3.6413448942259183,-3.6851163516243304,2.5809773350852923,-8.91983738034795,-5.559372033220053,0.6986865230018858,-3.0679397262135075,-6.362883368929481,-5.360613815858438,-6.747150831278905,-5.313968796439558,-4.5121907356734585,-4.81859010662226,-16.719961343995305,-9.991897324517316,-8.62491002207994
3.9563939882002317,4.2059820838867,4.878958061042307,3.8197004651593462,3.656168560707002,0.44290936056782737,3.2752341744120224,1.378778325059613,-6.07694601914104,-3.4136905713903665,-5.960282651788955,-5.501619514977199,2.1388355306247044,-9.023318426592347,-4.6712754504318275,-7.141728387038476,-2.7682871143872627,-4.9488526814540235,-6.738685630928333,-4.283241178945337,-3.863109807879291,-4.618576117567609
0.22058027020003876,4.927020104663258,4.79612376882753,2.4742768888614934,4.4275887362166495,4.2939908581365325,-4.52408681300161,3.1636619041660388,3.001224413120018,-11.69549051018364,0.6167625500647754,-4.361183938652163,3.5644066307695494,2.7020620306932837,-5.110533212483075,-5.156129799599964,-5.070536396931494,-11.00603133498666,-10.022602796385012,-10.80195553947488,-6.6596413233127505,-8.883298108844027
-0.31486645647839406,5.147990186182926,3.5760057680338653,3.081199857961905,3.430047006731923,5.261279817908419,4.659033071344112,-5.503913568049634,-6.7519329534577786,4.553184817915243,-5.5660435621394315,1.1983328544392042,-4.697201614885863,1.970645376442772,-5.096879245288318,-5.078143730986714,-4.0339946979114965,-10.7917429209808,-12.543033704483184,-14.329887825012493,-9.828598857677106,-4.769349824300622
-0.20949801354398015,3.8313758593295275,3.8391471459821354,-0.49114674841197714,-5.006177143277531,-4.825208460649847,4.629228139308611,3.534306429376676,4.971006226116082,-7.091873896557775,-6.145691517259075,3.9252654836500103,-4.185961440477144,-1.7335609441477313,-4.959914027269952,-6.21609615654142,-6.599177562943665,-2.1754176311912543,-4.112742572084908,-6.447678868072615,-5.221367892345806,-5.806304313263901
2.7607914139068686,4.428060945422199,3.9458993340575894,-2.4312182717764523,0.5743274348378298,0.7568685838543112,-1.2602367823047842,-8.486833947486483,-6.705552866062466,2.4434219515982125,1.979537472500158,-7.881620035532722,1.3451962666730775,-4.163866400931529,-4.378167361970708,-7.691665103121174,-5.492920715203015,-5.702058184099924,-4.075162862706758,-10.210563741708961,-10.526807760538842,-9.030000098300027
-0.2857306983702569,4.121206731139971,3.318698075671672,-2.162262216938442,4.6668329014578305,5.295288921750932,2.9477154690345544,4.154695441888981,4.065295188413536,-4.091386624046483,-4.774511292580216,-4.6171462294381165,2.7173904037981993,-2.7470519292788382,-4.463200816933479,-3.523052766774119,-6.9213905757617935,-1.716537792716243,-12.62487853993128,-15.136158163835976,-3.742443527587904,-5.43399738327027
-0.6187913184863547,4.197940967062034,2.3477305511867708,6.116928138343883,3.514782523971341,2.1064041760814325,4.496989429416706,-3.9292951091067865,-9.792156755419583,-8.22779277047998,1.020892931986262,0.9347477654038681,-3.4196168489576353,-5.722432693764837,-5.0672527746434435,-3.367798838725306,-1.311442462043672,-5.8806429436936005,-12.327973065991243,-4.336310177952601,-8.546130593017486,-7.434469283928191
1.6980642338596053,4.783329346343922,-0.758675257039488,4.890329811798001,-2.758713974837445,0.405611364669234,2.757271515920375,4.875173143790145,4.314276299543408,4.048583304352068,-0.14176168930956237,-6.566500688701289,-5.355868817800048,-2.4199231882974663,2.10937673972219,-5.293784922758562,-5.023555563382741,-9.385663679015117,-3.997171475591428,-9.190054863088154,-8.993027713862167,-7.248353934554314
4.8480894983281635,4.493119733323989,0.3305087071811034,4.084437014608592,-5.0356705606517,1.884260635301376,4.243560393573665,3.882712711835072,-11.489059687383989,-7.437721360669831,-6.679474584381806,-4.428567123625278,-4.621820136119138,-4.43593679964653,2.5830565640988854,-4.1399459942204775,-3.5674438893808795,-10.535297134693323,-5.653318349259213,-14.34459978317066,-3.824014994061517,-9.3717761916839
-0.7751346084780244,5.081426538586277,-2.8098943056009187,2.4983331873116463,0.7802932494871981,5.112645400513585,3.2552047824086623,-6.883226089089728,3.9219575751240816,2.223488994360582,0.9290028732429834,0.5527099740931709,1.2362274759719636,-0.5595731960346871,-3.660910847384986,-2.2972031285295067,-5.602434171041894,-2.609711092440721,-9.92223804547026,-4.118146502091413,-11.04602665840036,-5.523637329797485
3.3896006185558485,5.213863017165338,1.969415740142453,3.5722889267053297,4.242520156474102,-6.25627850596055,-0.2342522126265316,4.657350066233417,-8.60421182265427,-6.5719667109928945,-0.24807351447808218,2.6767753772143745,2.694154503072724,3.7729263943109204,-3.996589379872236,-5.432899753700743,-2.923808040042134,-3.466590352107661,-12.267313979722337,-5.654634629394335,-15.549855105719196,-10.200677943553169
-0.8630253688296458,5.296375436641518,5.984551382598134,-3.0017090441091976,2.9854749623891967,1.7364651217579787,2.7208547685046223,-8.866813833210685,4.9723814611597055,2.303578234217892,-7.784140405139918,-6.021713031565469,-3.0863613027828323,3.3237627801151657,-4.142719947734537,-5.0060775053212305,-2.9908521975016678,-5.490316698498602,-4.221507824969949,-11.772265741515078,-4.875238524545738,-6.157680440652457
4.9624864055791225,5.529176563540221,5.381976857118489,0.46472138110762806,2.0224033407590536,3.173197871231438,-2.6178794127968312,4.777410311737833,-4.865507572495706,-3.647168466481171,-7.272985952261335,-4.88734226464231,-5.079104761558816,-3.0129824440143036,-4.049993401437535,5.200119611552823,-4.018698748578522,-4.536322452387179,-5.223597884293417,-4.872374870839752,-9.936677639008026,-4.21014052834324
