script/wind50m.json
{"header": {"parameterCategory": 2, "parameterNumber": 3, "lo1": 6.000198445256149, "la1": 58.999992894266676, "dx": 0.5, "dy": 0.25, "nx": 22, "ny": 24, "refTime": "2024-02-11T09:00:00.000Z"}, "data":
[rows 0 to 23 of 24, columns 0 to 21 of 22]
-0.7212515541404908,-1.8439239302374728,-1.1386899034056917,0.17415044355827766,-0.6766219161997087,-2.8075691740766517,-5.812774400555477,-4.500976915694855,4.402391716922047,-0.6329353994356711,-4.603579887692009,-0.8729643550584855,-2.170641968512067,-0.100960697892617,-2.4879827402325616,-1.0172886043139442,-2.513844647796905,-1.753593181439478,-3.5633429475010647,-7.26678238978858,-9.941740875103559,-6.528547955945665
-1.1700180434968037,-0.6183574752851901,-2.016015201947872,1.3370935911355804,1.6489752439542447,0.36410024936347724,0.15595634703741462,0.03762592834693574,-3.26153856193066,-6.119397866431044,2.9936239801977393,-1.1843307368003015,-4.471113274720491,-0.3029806425481443,-3.2695227293457303,-1.1262217672979193,-1.1476991680802753,-1.3669229817735018,-0.5348335525766978,-0.9283230923570428,-2.1820857204223696,-6.292835516986471
-0.497580480123109,0.7281824017010494,-1.9829723839486009,1.252892672190758,1.6719661266777257,-1.2752167615654793,3.0077365126133078,-5.233950406162903,3.9370927850359405,2.8931645287956047,0.004727005754064439,-5.00754081142392,0.1734479597794545,0.14318269726271535,-3.0895669133982575,-1.2087804863470357,-1.0097680228333223,-0.9554519393011389,-1.5301724748033707,-2.492489046903778,-3.9619999532079575,-10.42016035409357
0.14402372290597146,0.4859154675471987,-2.08177261422987,0.8294600870678362,-4.264277494262399,-5.880217126178479,-2.9710387889208127,-5.20750680682548,-4.6872360633425565,-6.472925692957307,-6.606584534564115,0.6776032264437641,-1.0240709421247098,-1.5600627679210026,-0.6098967857172843,-0.7962669930687802,-1.759721836302154,-0.7783913643052018,-2.23053273020887,-7.949436991996223,-1.4034694404485426,-4.092347238658506
-1.473712228312772,0.20808757304461523,-2.2975897378354686,0.9966329100990055,-3.671410262853423,-4.190689504396135,-0.8887800812082907,3.554635512148705,2.840188552439822,0.9604276165931462,-0.058855130746790024,0.11401223569971981,0.010219172305865306,-5.71462095248157,-0.1279400292174832,-0.8231656997097345,-0.8249222214489879,-0.3369472261211507,-5.09994736789626,-1.1037935535067622,-5.3241239427567395,-5.8908695703951315
-1.274647720232888,-0.4682431246766773,-2.077075439687528,-2.0069223807090166,-2.0196456719563654,0.4016502815659445,3.2581274895149828,-4.61481874771786,-6.381657222593273,-3.4727963353622786,-6.753977858278699,-2.8097870328893366,-2.858238083248778,0.5581430818440523,0.14953759668922564,-1.170643152882236,-3.736206789570003,-2.4075016522493775,-2.426592680320812,-1.347996549269698,-11.606265809774717,-5.057616840367282
-0.6481458728117582,0.6047002982656865,-1.5081240670671419,-2.152063117789534,-0.8623071404791044,-1.8840437908113339,-5.982248420489111,0.6314946388328645,2.6414344175607853,3.631132573831102,-7.294125912916598,3.9811868935664307,3.744194303067886,-0.3872298980390349,-0.7773372261014839,-1.2595284061372551,-1.4882913187279236,-2.3340212111908865,-1.0268343963701472,-7.438526932123663,-2.083856793123779,-6.8660817752196595
-0.8615488543909032,0.9331602622704374,-1.2447382266578715,-2.932949761349691,1.8403889281082926,-5.352854748916792,-0.42734355632981547,3.5565585343604242,-6.9001730794961595,-1.9716636479873764,0.19762403075922363,0.09639651385524631,0.09416924602127087,0.8307703883255371,0.10033073567628956,-1.8635703976491413,-0.6434886992240514,-0.936522180425864,-3.2827112035448,-1.2124398856966667,-2.7834601179672345,-5.322185982520939
-0.4596565544780834,0.4797198637481389,-1.27858873111964,-1.807041612249258,0.023028955210916427,-4.760236861274609,3.167097904106424,-6.572854406045938,2.573580024356957,-4.192037502501102,-6.107900887895378,-0.27866366299172357,-0.4358936993247695,-0.1968264525440691,0.03389694549110147,-0.8984014817315961,-0.4470270375330187,-1.1040157592753266,-4.443426141721932,-2.1154413635948304,-6.12249100088498,-7.641497348801284
-0.582872459197599,-0.6699006828690576,-1.0032656412131695,-1.3089057412328848,-4.684182363094154,0.1792769816598812,-6.231946041534562,1.8204151705926537,-5.149221143701827,0.4626435761150472,1.828664174639383,-3.8646787429195295,-2.5533151097435804,0.026293345865778625,-1.2406189896551636,-0.8126087511650532,-0.6064243718572107,-0.7754465833187217,-3.747446308071709,-5.9373993815393495,-2.4733549284301897,-4.825807075108457
-0.671885842188388,-0.4097044054956765,-1.1664146170591934,-0.39429933821775365,-2.585685019670166,-4.662695096372678,0.10088541114146785,-6.396812820547836,2.6253690463853605,-6.457825924688994,0.1987214896031931,2.6999272517464843,-5.394157116616848,-1.4907307696281973,-0.892232004973439,-1.551892329806311,-2.5365716646250323,-0.22589527431498607,-0.09791227919557101,-3.260824222534829,-5.505677287323996,-7.052065756688911
-0.5784097969521319,-0.9232211580547748,-0.882653263002029,0.3688040815187903,-0.9542185045495108,-3.477183938861083,2.7502054004115934,-1.1618302030998122,-5.536996589203819,-0.12873170592472924,-6.716250865511457,-0.27770232634334935,1.506356615758122,-5.961775903772564,-1.4748230747372644,-0.9153562561983606,-1.6036899982362982,-0.41053611812416674,-2.3434594077101902,-0.2100186627293936,-2.1243101272757294,-5.747978529844581
-1.669079167062041,-1.3899274354121678,-1.3820276705309467,1.2578774021573802,1.8751527949124753,-1.354142299184159,-5.528592140935116,4.187910810429051,0.1404116381860544,-6.608927800142319,1.685018642389706,-3.768914575967179,-0.03760632943664422,0.9191211806143711,-1.1044807619101804,-1.0282507613456466,-1.4251050080769183,-2.123342333666869,-3.6367040116996656,-6.3808653053249795,-3.0365048304108258,-7.35308250175396
-1.3557768254970448,-1.6769778378513405,-0.32716554087666233,0.8671146349969547,1.6314700733488945,1.7656079550828534,-0.23208273294726875,-1.5432718992532861,-6.1683323393417515,0.9690195732001735,-0.08167242030685364,3.3448102033704123,-1.2039845671908787,-0.018706821293051287,-0.7710216923076922,-0.8792588299265882,-1.0634190890166053,-2.2075473440359774,-4.025165925563059,-7.735595183498988,-11.982885003800835,-5.612305008240288
-1.0812993461379166,-1.929306999040282,0.07771989571575894,-2.2146435173732475,-4.370280182411496,-6.308223970854058,2.290652530749401,3.5139649697949698,-0.03216082667653201,-3.8235217369203465,-7.220302405755824,-0.17695455246591787,-3.5308424114865313,-0.16133444901802635,-1.6891860657625635,-1.7190187619550794,-1.0729087237888664,-3.6117337267127048,-0.45544219214314313,-0.22299905446542045,-1.9791530044604575,-2.0574463983279228
-0.5356290184424268,-2.535938092015369,0.2154121914343575,-1.8819859929531768,-3.6370498953426753,-2.6593801327605955,-4.640121691569438,-6.316258836527402,-6.669695074491279,4.476849461587363,0.27484832347989147,-1.4494916722438382,2.6019756642140304,-0.23198884782311327,-2.1154617840727954,-1.2374730104501273,-1.4639047143336277,-0.5365388834208482,-3.0831951575161476,-5.628097147546895,-6.911937400892979,-11.54632686051586
-0.8140702993604938,-0.34908213002154487,0.8189678517953182,-2.219767272593376,-0.664545558651534,-0.36052902776798607,0.20227482785886713,0.21576966299057437,0.4114267166090854,-1.139786838967474,-2.8464877702328972,-3.9318633219333394,0.0012127953028823791,-0.24380706604532223,-3.4020088985897408,-0.6276199792553084,-4.0114336918910345,-1.6092513465340137,-3.4679460538528146,-4.048738107562325,-2.2467375595537344,-2.0734227982860465
-1.156552210328911,-0.38078060132914665,1.2319323522952805,-1.3909343894074822,1.6866611293736737,-4.064505075959573,2.8742743705996627,-6.56516362109956,-6.505298447570131,-6.4820723140161745,4.722025119553816,3.1445536141444395,-0.4566437719661988,0.10556606330921225,-3.1315439956967253,-1.0119224670198834,-0.2574405695598325,-1.384148483957588,-4.3135075043575055,-0.9973541738043445,-2.985040542747091,-11.32388469588118
-1.3927446808501822,-1.1251259284155621,1.5491138058934903,-0.15217033493707485,0.043583309850619055,-4.201883906758967,-2.8320476613006513,0.07565200930043492,1.1580520048312448,0.9278722852461516,1.0371866156786504,-0.661015075167763,-1.4564743685829151,-3.239624747206121,0.5842093932974177,-0.3212874422520839,-1.2687981485135023,-2.6227348449315135,-0.5818055655167621,-3.2330004602561466,-11.394263424161041,-5.320444214818205
-0.48973326164290626,-1.0500043304640063,1.4006730782348586,0.48725092022202837,-4.991003272106086,-1.5107200466218007,-0.053414325091408456,3.37936838938438,-6.043079155260426,-5.911385654750517,-2.1495740078177845,-3.3943126208731997,-2.3536763139291366,-4.918121883095889,0.10517178897938441,-0.42143779679554955,-1.0644772040911374,-2.0669082572178823,-1.3797380008335771,-7.062018031898258,-1.291781187207774,-8.099071489625434
-0.8888942811712012,-1.443394522878611,0.5555383516285686,1.225020800609293,-2.5137369203395545,-1.0995893503537082,2.6531696060205996,-6.034652983758721,2.1510022239883795,4.814824472948681,5.150049181810298,4.3051204356350645,2.482852124811217,2.0169768641925248,0.2866542412946252,-0.8543425414409066,-1.3893040365033127,-0.8323638730745253,-4.880293050055516,-0.050080185201004226,-8.335048980003753,-3.7524234223382487
-0.6258580582870326,-1.465409873475234,0.06381894088928915,0.8158722256349313,0.18043131908003773,-6.501901462354647,-4.866698442662991,1.2054256363944444,-4.771744236718835,-5.722309917830462,0.9223606152139974,-0.45684999936766696,0.02076380290218504,0.21576370915673296,0.35122079321068084,-0.37774379755973514,-1.5302836711643009,-1.0649676426396637,-4.211082178974171,-2.289704509537407,-1.7185190943553053,-9.5491680254638
-1.1852677893788988,-1.3857297505560162,-1.2283434316912114,-2.085727808656065,1.9485293026386612,-3.6811655585679377,-0.399416463241565,-6.564104821242505,0.3111224085637687,4.751881620916636,-2.8418500352194243,0.05733185134017378,0.43119043769314397,-0.40981066507630143,0.06634518212829635,-0.7597490317539202,-2.2365564811271277,0.45059688476982884,-0.5380171765098029,-8.995569709395093,-4.041772725646085,-3.1889337349254903
0.007853139516248234,-1.4795593487315295,-0.921519418485042,-2.5076377136293955,-3.4652476263457603,-4.173937134203085,-3.452054806875726,0.19414034033076685,-6.255767400574475,-1.4073764817590535,-6.454688123221916,-3.3209848420047727,-0.3568188500140991,-0.2718565114080089,-0.3172139337675401,-1.0860854481142972,-1.3298006266904923,-2.0000877392032677,-1.7923106579696113,-0.8126962392873601,-8.82416140895143,-5.5237452608814674
