script/wind150m.json
{"header": {"parameterCategory": 2, "parameterNumber": 2, "lo1": 6.000198445256149, "la1": 58.999992894266676, "dx": 0.5, "dy": 0.25, "nx": 22, "ny": 24, "refTime": "2024-03-12T17:00:00.000Z"}, "data":
[rows 0 to 23 of 24, columns 0 to 21 of 22]
3.904425410892408,-5.950308428999383,5.364493818646693,3.0236174749077516,1.2156525277120818,-1.09700149918947,2.1542916241514547,-1.8902281041410638,0.2765250211671623,-4.465385388317884,-4.024401725270512,-0.4166197868899648,-9.590061564942571,-3.2604323686322654,-4.196643476120752,-4.602651263348928,-5.670009094427857,-11.240892304432007,-3.9897991811889666,-5.449493811056625,-3.156696690352299,-3.7837822579984866
1.535229727675055,3.30322371538835,-13.708532834658545,-5.05481850357104,3.203211670008844,5.691614643045289,-0.7549473245535723,0.5797291440952682,2.688494680621335,-0.49672195842066097,0.7608348169356862,3.715449620123915,6.436212783237496,5.138175078761562,-2.228936965113029,1.7740719274196726,-1.0918399896298325,-6.261047067768703,2.2549411730584143,-5.1070736499498866,3.2929742338600234,-3.134210658596376
-4.091239426669875,-4.194713873901375,1.0968041568561462,-2.901922236075835,-2.822832162604516,1.1805919955073554,-4.317458602491167,-5.0975021268177,-4.349273647789806,-0.6188047348681497,-3.670143633071849,3.4180784833136255,-4.484659660660725,-5.280572793614254,4.80813809717898,-4.122604856841234,-2.34849900633916,-4.084826940277564,-6.385705752504633,-7.19931456802729,-5.1610374291738745,-4.629099400225779
-2.4696776196870114,1.2952039061215201,-1.6483299468571329,-4.585114187245573,-2.1985922089540186,0.9436563218006211,-2.085924299639078,0.42771803415415127,-3.0285317987978884,0.7438785798697694,-0.5992819796823206,0.6034781791690131,-0.9493271535534554,1.7678711150580086,-3.438800395997022,-2.281037118302367,1.4127367191840479,-1.9159712190754485,-1.2092814444842965,-5.329228258946134,-5.4607000876295055,-3.125439734885104
-3.2093299596261313,0.5526708211543151,-3.727896155423571,5.079058701566631,0.3119956924523033,-2.4481020546860845,2.8178208572259145,-4.21011232210297,-1.3504493622814173,-5.699488560839949,-3.664875205439788,-5.511844909131641,5.6488256967330175,-0.4490127730355816,-5.837612938278637,1.3047173398154281,-1.9219157460540244,1.9930080640217929,-2.756318199504277,-3.7239198537733644,2.5923758803150916,1.5039923829621753
-3.0200151773767474,-3.040850132964543,1.1550652905787608,1.4974259480230345,3.627113492385253,6.0728057967322915,-1.9509113273447902,3.1463123752860955,-4.295730934821812,-0.8336784617307128,-0.3818804508489329,-2.886702728188126,-0.14430559406456592,-1.3033993345585795,-4.38786668040302,2.8750616247053644,-1.1888026486783514,-8.860619332630932,1.5248488308453332,-3.5765508166481625,3.001488322966753,-4.024845042987853
1.8955813057489417,2.0485215228247915,-3.325514046927981,4.073033799195798,-2.25445665353071,-0.8496750490870107,5.988539329212916,3.9171601419751187,-2.5768812132138836,-5.306631862371427,4.323852616251193,-2.853283459431805,-6.723683148014423,-3.776014846891081,-6.172308301532445,0.02392326472221326,-6.566191426650619,3.315175810041492,-0.32808812527487585,-6.787341867083626,2.9305043237291204,-3.073293734410947
-6.365919431000529,-5.402854198933765,-4.598741653169108,6.170884350350908,1.0340303632874308,-3.9820898547056798,-1.059731735715451,-3.860695300008568,0.08684044270554171,0.5531311801356038,-4.395067167703118,2.622209983767639,2.9664860721918194,-4.996665126875488,-5.477841844108783,-2.3506669865274827,-2.554880624745121,-2.860743717764836,-0.04552580628686157,3.434320016449189,4.280283633117392,-5.980241487021709
1.5634067072664746,2.4776908899438044,-5.119331365090525,-2.270153086839242,-2.3024496023968486,4.117733133088483,-10.175719692558259,-3.719099561560722,5.9444345674224905,3.5488039356510446,1.7831274763494052,-6.681495440038506,-3.3419858398232423,-1.824999080995092,-6.0020794240896445,-5.883634762757457,-0.009743837684998365,-2.8839496481188442,-7.001828587078974,-0.17860221810245333,0.7328602737606472,-2.5215956697355413
-3.31281113702526,3.2011684651367456,-3.5334485559568978,-3.24362206573837,3.256992362195968,-4.1974253893115945,-1.1578692738884733,-5.173733878208028,-1.1808075124457098,2.9656987788431732,-1.8808933949106414,5.455668033902966,-3.8939443373950096,0.8586947943495894,4.525438184911098,-0.8037895328214287,-0.937666345806402,-4.549417386968298,-4.922819405551373,-4.218438342793747,-2.708484533575894,4.589749904326851
1.9221001529282764,-7.026091674325429,-2.968774294107024,-14.356744821058854,-3.9293380726836937,-2.6312736519410658,0.13872801882657607,-3.0036991163407496,4.276852260865399,-1.3430272120621838,-4.634376677172142,-5.934074904093377,-1.5978593934004148,0.7661795826030451,-9.925113483954842,-1.3477441099232852,3.223667301772428,-1.0328351656654895,0.09075293022045083,-4.651875782624526,-2.211250679810525,-2.468393070849138
4.184114641755144,-4.233723319077823,1.1469513772470226,-2.810251574629083,-0.16920189561370222,-2.1748982999776585,1.5333843822036632,-3.872417189461864,3.2329169195069003,-8.597722920549995,-4.413293879275273,-3.5316181474780115,-2.887673759258527,5.977623315995491,-0.2997896543695756,-3.9026746295974326,-3.663757363983479,-4.523112604660497,4.382629741313092,-4.8537268698686376,4.074199007474636,5.223916644105547
-0.9321709286627755,-0.8933027167790569,0.42352453567255843,-4.622334570296341,0.17466719693564356,-4.820297967426178,-6.412014909421389,-4.10811581978426,-5.457460758675118,-6.591394544927796,-5.720487915237086,0.21732967133071293,4.028649227545329,-1.8836735854873532,-2.9705076930451213,5.955575615697706,-3.8030295443391404,-9.126988738708995,-2.537047119802034,-2.7893677259729732,0.04014045954232193,-2.4475987356740005
-2.311262040895207,-3.3278487772717336,-12.679468801531518,-1.3351181771117768,-3.5500652067024663,3.105213253870387,2.6386027402073133,-4.863536280665123,-2.870391929457442,-8.666656990612852,-3.849006283212912,-4.635702907338347,3.1201044935931654,-3.47152117552531,-4.085485183080317,-0.6581368058091952,-8.130715149728095,-4.692873437957813,6.021352895040201,2.246249614745566,2.566131063557233,-2.972993504907636
1.9493203989487486,-3.3946411418685623,2.1804947842818114,-3.2988094631144973,-3.6183614239092945,1.1171100097138302,-2.431509235596511,-1.411355418191147,0.3646078568006304,-3.5021567699958727,-3.23219031783028,-14.203554856436517,3.8290356057031167,-0.6707181357263872,-2.3891651621274423,-4.597977721725326,-3.8704738721808103,0.8295767928462855,-4.044436804141382,-6.83697175065937,-7.339383138181602,3.3267305834595438
-3.8424161883507244,3.373865226057923,0.7441590751522131,-5.21684353013035,-1.0815405069544988,0.159247197121596,-4.147818213243394,-7.241279286471376,-3.010605701656385,0.6510341190236931,4.541635033616786,-1.956067518425464,1.447690245867515,-6.089693693452703,-2.547988703602319,1.8499182697085013,1.5785195736550444,-2.755070806397747,-1.0232870206114324,-3.548155514503934,4.410455221814717,-4.139997687819327
3.477802970690233,-0.37326556837637487,5.48759421212639,-6.73448928335578,-4.8230824414971,0.18715303850589046,-1.3699182469433313,-3.0728858428378723,2.630685395881862,-4.754443245628205,-3.219308320131515,6.711601177940008,-0.0996758989441748,-3.944208499331495,0.7871262107017358,-4.085364189473663,-1.6443803289722347,-2.2445660895754163,3.3382988288247892,-7.19657616929091,-3.684162911198031,3.6981600454282817
4.244275121480946,-1.3491006657322067,-2.524497837127828,1.300558975876513,-0.8121428081106496,0.5024551741240308,-4.635552657968941,-2.394444088361122,-2.446701072909364,-6.376110519452225,-1.5296662286035714,-2.9175581555607097,-5.823877521218734,-3.792923853402198,3.188813168073735,-2.6518299477769727,-3.888857774494444,0.9146953338445128,-4.879821681978041,4.838392738497142,5.178380080487593,-7.393000954547461
0.3446445555072115,4.542735878767001,-1.2441541613458384,-2.7466209627506917,3.214527409055811,0.6471576709476523,2.099418733784366,-2.083266336023253,-3.233146192960103,-3.1280965129225047,-3.2579472540711203,1.545971535935835,-4.618512194107068,-6.701761027446342,2.3904081967040836,-3.8688565915834707,-5.816769827626253,-2.299795235027997,-6.279713240324773,0.6201514849735998,4.2270578426829895,5.159688260778313
3.850191994235722,0.9430336097301313,-3.006757145913788,2.839455491948426,-0.3217663102043044,-3.0726691055894966,0.10271589451208449,0.917036849985688,1.1786688402543444,1.22506211771749,-0.6129970451633938,0.8634916239715716,-5.536091054329796,-4.361896945668334,-3.518511278267772,-4.644497545482926,-3.845962693457532,-3.926863856229576,-0.8672629936951822,5.51197942337983,3.060079146859416,-5.198509198053733
0.5006247720406628,-8.3309319268855,2.3351593427519077,1.6130309583802602,-3.626110637385374,-1.0792838343377709,-2.4256837124394903,-5.174283452199412,2.4845340032288816,-6.235617098368965,-4.034574206598542,-3.9375985310304342,-4.228885655819663,-3.227568487137623,1.956070804457079,-10.92985995852613,-4.3611448436886375,-6.264103660831789,6.334581652829486,-3.7835873913410327,1.2637055892673636,6.5930182678903195
-3.3667789147892493,0.8477483896235208,4.833415452330727,-3.2747147713848332,-3.4414194386374835,-2.8069537973063206,-1.8208837230190584,1.3693651190973717,-3.528302913659114,-10.29941923291927,-1.5357491561138672,-4.948080360478603,-3.9607726329117883,-6.379738894789923,-3.390867466624897,5.459921976402491,0.3830736720608056,-9.488159814627,5.039744914545515,-4.1263912881477935,-8.013911156900187,0.5917294867825917
-2.025559093565207,-5.355251053869453,-8.221851785881183,0.371665398602397,-4.586861552885379,-2.112475846702441,-4.732662088379142,-3.9257643233882673,-5.699641485545352,-3.3560229935003867,-4.142046549949651,-2.5917183766540215,-5.948543802103472,-4.274230014957233,-3.4615402548186003,4.266945846986496,3.7559412357013566,-3.7293025748559065,-7.314556589115328,-3.108053295408914,-6.3792380342483215,-6.637737388767622
3.940393339792801,1.6936070641501755,-4.482884725230566,-3.1214013870024004,-4.531031751593849,-4.368413969329294,-1.7000433672947182,-6.364787171208434,-2.9937383232828574,-0.3136900358356875,-0.008973401309027946,-3.371785258798931,-3.0455527404144433,-8.760158023361928,-1.2902888142956357,-3.2283650032070192,0.6050092799812281,-1.4167994054964075,4.769057122341669,-0.30677074933860643,5.763501929242999,3.0388738707266296
