script/wind250m.json
{"header": {"parameterCategory": 2, "parameterNumber": 3, "lo1": 3.000054539987559, "la1": 64.9999836372058, "dx": 0.5, "dy": 0.25, "nx": 34, "ny": 52, "refTime": "2026-02-07T14:00:00.000Z"}, "data":
[rows 0 to 23 of 52, columns 0 to 33 of 34]
3.806440251645864,4.137738631758328,4.213590244409119,4.212604771166403,5.480262289648687,6.66856809891953,7.717533828546678,8.33176685248856,9.30977677919242,10.021011878320698,9.927136677356836,9.924979562610924,10.630516252212802,10.821585484653712,11.813597922326474,10.421338259251131,10.110986531704775,10.152684586448883,10.939781743003609,14.746866325254402,8.042845355980813,2.523392702657713,6.338252857652655,7.039284842567766,5.09567860682319,0.34832554972367497,1.7816564188627542,1.8467957760458211,0.35370436234922137,1.3900858760705888,1.8318104353669193,0.8454761845511006,-1.3405681814952142,-1.3233106857528907
3.514299831683393,3.361393233600507,3.2434418194674137,4.264264694115715,4.568578878165967,5.533148924425329,6.256101456468367,7.542149516984337,8.991622469246298,9.727230996999008,10.586631823477784,10.048173597020076,9.809234699119893,9.420435120724658,9.435645704945784,9.023842320513586,6.663561816269273,7.051951758066835,16.983050452049614,8.61005647620997,10.613460500921597,8.66509658937135,2.8210414189979636,7.196027189758034,1.6724818693925367,1.4272828741085115,0.06235526787272242,0.6253448615234262,0.31985521699802316,0.2623518369950392,0.49282585162776904,0.31173188546090497,-1.106412207184682,-1.731693015349418
2.9665076806859974,3.1725308033680184,2.9291301146746775,3.651066881652326,4.154100459582367,4.695015523702185,5.543543538448831,5.987379388289673,6.873773902244942,8.92757342819831,10.285816438130363,11.189891779975682,10.665864810375629,9.724027300844856,9.412630965164727,8.53811619222121,13.19905857665373,7.335784911404358,-0.6713976615050351,7.637420043870241,8.601631216332654,5.6755826804720275,6.508774610956891,6.063467504741236,4.347098136509536,0.19793424263816445,0.32975241032218133,-0.08713274497025086,0.23908339652906543,-1.0160149192565895,-1.5430038929804017,-0.8282431668797222,-1.9847857396309894,-2.9130916798099586
2.9047762673386957,2.6027154175572202,2.4965273908949275,2.9750552173707785,3.647579691565228,4.330505006323642,4.664449374586166,5.080313623624649,5.173455260401396,7.259531863590956,10.456120354825133,10.889226755194917,11.823717880784189,11.57044571001372,11.480566705682417,17.01607210657854,9.544099649537372,12.062791372860934,9.905020189423457,6.656631237809307,14.904003726771423,10.41344541765935,9.644889081590016,5.186526216029747,2.148244932949651,0.679716652471443,0.7706241254403418,-0.8491913168960895,-0.6879716247310421,-1.6283945846878733,-2.2756634325217813,-1.6810451379011357,-3.867559272851006,-5.350946007817407
2.5627000217837077,1.759984637632498,1.388824262090397,2.775443327493549,2.808237423831423,3.8512149112426335,4.126202233164332,4.165816007388487,4.518082999901688,5.249770996208281,7.181679719527904,11.12932146848328,11.559123637176402,11.841772162527294,15.924833221054314,15.238100747321841,7.9067943489228325,4.312943743021661,3.8969701161125982,11.149477205111555,12.677803093742906,10.17491679718754,4.980630928755571,5.427909664095225,1.4439419753683702,1.4901937911125454,0.10742766926308543,0.1250557997947366,-1.551343466027853,-1.4948509328860395,-2.3223435459173873,-3.7370236920474995,-5.739953236606134,-5.9488337535297005
3.5570519989522515,1.6263542726603721,0.7884513876764483,1.3379497859300442,1.7264663356437622,3.1344298089056526,3.603399557320663,3.696993031827871,3.9141524555024314,5.024938358143811,4.056104252638913,8.693692840067163,8.824392613774217,10.863092320992722,7.0660298121481775,6.6925151814961605,-3.019259811084926,4.876734818177384,13.395812361664442,13.619557330026973,6.6870945983112895,6.218962875487264,5.240491608876391,2.4773319407669954,1.2052591061502371,-0.5552318237841352,-0.053494843399433036,-0.6754919549850542,-0.7963875996841902,-2.3607045280095953,-3.9750914114811224,-4.900594505177232,-5.8353589281358715,-7.04959645516956
5.472438128498215,1.7704082023057321,0.3149971770822432,0.35727977899893115,0.6322192792523407,2.1505728986529853,3.0483438215029297,2.52641798383361,2.3242553126328405,3.6287096307097557,4.697333640613785,5.3953104423470215,9.780492422656708,11.314901459021126,3.1488013931705616,1.3838299963584644,4.6939570032872,13.75586813545045,8.503147675414121,8.601049257400422,6.907728890431831,5.294448396731565,4.511867211308213,3.610611660053862,2.852493769190636,0.21563413771156115,0.4398970752108977,-1.1773558198973006,-2.164876397610229,-2.013282566115762,-3.471257380639986,-5.114655687578613,-5.717755434857612,-7.323316548886318
6.484508089106941,2.4218960084828693,0.30825202968781035,0.021210061447653993,0.688510587236025,1.2994610902555355,1.778896591481194,1.4461914577317871,0.6831570919594384,1.153719004509987,5.858867871130789,5.38181099348891,6.531464671624234,7.5217614321244435,8.337955724961228,12.79466759115564,5.691843922606316,13.424509718317823,10.580999392366792,1.2734538599182366,7.179014012453864,6.432765210245032,2.653840583550286,2.0440242328583493,1.1687487481673835,0.7302302243466205,0.5537298727159947,-0.9304981595386553,-1.0940790459114105,-2.4848130433663576,-2.881146046652389,-5.273586824787173,-6.393886605157451,-7.203755994394195
5.933612220929597,3.8792237220916976,0.873324474785071,0.010494996927696345,0.6816671977568729,1.1631612668508413,0.6031196513342787,0.047969267312807755,2.7562338429715507,-0.36012811396872885,5.379398398444424,-0.28664182741604605,3.188242282432174,18.003917209943793,20.859216460793707,8.64511938879912,16.864669807247186,16.461667448486082,13.775610282900635,11.976440440815662,10.552714348898316,9.039752464353167,5.278956192747481,1.6402378347899225,2.1346534859242237,1.3926260660474068,-1.3095931562805232,-2.414058797352811,-2.3530027840307817,-2.4066788796903773,-4.488576735761415,-6.612032451234865,-7.233688736978399,-7.684967916154214
4.5173475220042985,4.725866588862423,2.0854499289089157,0.912663643539972,0.5172694578548307,0.49757670972582685,0.2743696893007071,0.7361447869839478,2.8801942843233954,-0.7117135438347992,5.1334344503809115,16.60025283762628,11.331423683567314,16.184388499582273,17.753986556561117,20.226947845064572,10.537276091818763,12.085806895742433,9.130889989009408,4.854471430910058,4.293008252097675,4.150532071146351,2.5629698951561695,2.1167993258766042,0.09372179107915257,0.7499410540151794,-0.7296537230674432,-1.6010925460607632,-3.0661624405131516,-6.203775466172187,-6.348301856959867,-6.4787208568253565,-7.254681397639465,-7.179575474000091
4.196973557901216,4.47672917812228,1.2654388802074028,0.548774895367243,0.5264418250184906,1.0651477990158864,-0.6729520359764949,-0.8032294533559988,7.1932867202821855,1.0652687155091038,13.254856342908617,17.44727797352183,10.934016495694328,10.678372216345284,15.435462844768256,12.121113820534632,8.167324163781064,8.4785257518172,7.697908532051502,2.59145696129519,2.2839073510104586,1.8713811078255926,4.209386088272876,-0.3124868703932547,0.7066769333226017,-1.5344914658307385,-2.5170522903302115,-1.3235152785337039,-3.695510620833469,-6.927609830675133,-7.953382989000484,-6.866579676948206,-6.819148907100384,-6.748553151251116
4.272731177401851,4.021127554772078,4.048172315253752,0.7855554816231918,0.2534085047068053,-0.5628137262755043,1.4866301720337505,1.8814213139426834,2.073667761021254,5.292430246857861,6.331279705247855,7.226873079740187,10.080881420920303,2.603316268715271,10.26908820734946,9.320406944131111,10.685791513843704,10.967979730879577,6.531669566236004,4.166057245227025,3.1699377629455467,2.008277205357038,-0.1897331082991623,1.0747395628744225,-2.155561584218006,-1.3167847629456917,-2.3485795861787375,-3.0325117215451414,-4.591362331401462,-6.484786175366865,-7.742886876147125,-7.027640923007625,-7.193805358719531,-7.590148010256565
4.246083919676788,4.064949335736935,4.4492519265070065,2.916138208429585,2.05060524808033,0.8791656638521864,3.4539040938695114,0.07911342304303698,7.483998004845086,4.9687133896160995,5.529417135882096,8.156792130986837,12.571815727921592,12.226797446035183,11.430942049828369,10.192298889272836,7.478163862067876,2.741393802918738,4.181520127447538,1.2432861800077781,2.459609667817017,0.12965111365727677,1.0367099863673381,-1.9257875317906747,-1.1793554917907063,-1.0012798327021593,-1.590878887652715,-2.99612958048493,-6.2409295093914405,-7.327943036038863,-7.236449498210222,-7.14841003400402,-7.519330707440079,-8.140931542943235
4.160385109849548,3.9984243720806694,4.780808651654082,4.008347417295359,4.007867767943305,11.755987848679215,3.461392737700675,-1.3064027295130507,16.836350875795315,9.180799047152357,8.468311923846882,4.480420311479078,8.108343784748794,5.124417595228157,6.158535418371306,5.421832727373763,5.794219267722706,2.779978416698849,3.451148892504467,2.5096264111822855,-1.3839612528989473,-0.8789151595715602,-0.7034681016671958,-0.5938639878926851,-3.0296094191360785,-1.5071156994401236,-2.407773669600278,-3.891156437049063,-6.718969247943998,-7.142012225330348,-7.124316489370395,-7.284947179574506,-7.656893195225978,-8.125906805553585
4.3863445697505306,3.7509541532306567,4.155724333749252,3.8544215813799965,2.432760427172346,5.356495275983638,-0.509121659362946,12.38445214292055,3.6339022393318805,1.8797637683467527,5.460554744162488,1.668491448617796,7.743511915123455,6.880290841098251,6.766482183599264,6.075552140644258,3.3571422349907745,3.593679500868626,1.6577993196838152,1.808510545424524,-1.8656799730033362,-0.9989404430416701,-2.0706868284873634,-1.807991052519504,-3.3549074610732417,-1.594741832449916,-4.0741745343364775,-5.466955987079919,-8.101124712676821,-7.545906447983943,-7.153503536775919,-7.326887273246289,-7.6111810893168474,-8.061155144369051
4.0218345265158195,4.619960109731333,3.826425953172991,4.229457503665586,4.028403907047522,3.056259860631312,5.485942061737349,2.154484111528939,-0.23811715418205578,-0.924683389342078,8.433397867543546,7.287147189339788,2.8447585479833886,5.127535353250882,3.2656328569310835,4.242205568329652,4.176371284915941,0.13723958595995905,0.9028658663245648,-1.1557945042111037,-1.2661465255978572,-1.3536376264292844,-3.127199885494587,-3.997569200499589,-6.611812192720262,-4.177095857485346,-2.7017370449039113,-4.692408467178683,-6.484957176619536,-7.367559285324122,-6.899028733833957,-7.36356214721505,-7.54932925778414,-7.3388958716480746
5.045423595667244,4.261272742846793,2.956696100730038,2.355175144391864,2.6828198138913826,6.39537815009973,8.622961480725282,11.135368490739902,4.798901446387089,13.932138083879764,10.199435775475576,4.8867487897651865,1.1738405408737198,0.6855929196303867,-0.6972210288517515,-0.15452805963483324,2.1046051358490088,-1.6871541666060903,-0.2923088255214515,-1.3749136392508527,-1.6170332024627814,-2.4649517637744887,-3.2789373443871233,-3.4144154037561454,-5.036245927157687,-4.545124654069094,-4.305564084044486,-5.731808278289544,-8.674473749938258,-9.429918789618057,-6.669273123443545,-6.911332815874139,-7.115248579700951,-6.894059881781624
4.409978267675041,3.4293257818126293,1.054254132870624,0.05317023652746966,0.03975679301420981,1.227175252492005,10.177825720840737,3.5301293955219686,12.74561063077459,9.803115859789433,3.0599344266138786,1.6708544262491754,-0.2186981428432172,-0.015509730808718404,0.6103520915337548,-0.3389935005752804,-1.4118864040395387,-2.150099167380684,-1.0186674322567135,-1.1213528431764044,-2.7246354676219595,-2.483655793444224,-5.036615940745665,-4.232873449642192,-4.499262886669013,-4.599420463575336,-4.349389288415549,-6.117367722901193,-5.90711158649526,-10.875375811944512,-6.85210667532579,-6.738646233534316,-6.68640239520618,-5.568735874742466
4.586661202938163,3.2014590525500664,1.5040475270194473,-2.5828623152122803,-1.8602322956186357,1.8703914800479275,3.914748328202707,2.5182127105094145,5.093638032787852,3.115052035276157,-1.3196302402895066,-0.3596255432822049,1.779960756458616,2.134030692575865,-3.8607990015200158,-0.2094955066842823,-1.2682228748913837,-1.0341161498067621,-3.6214285972881695,-2.865251357135478,-3.8045142734693576,-3.98475647676857,-3.668379915302754,-3.7104618588972333,-3.709006793906068,-4.773060193036891,-5.323305209140933,-6.016068202028268,-5.517868891125895,-8.400560080095023,-7.05123859436258,-7.122518872179678,-7.363932449574,-2.8698245929351094
5.65965320606853,2.553653141101113,0.40359499515708014,-3.018883662202367,-1.6733297907052396,0.09528390297013023,-6.966524196626442,7.718886887759616,10.728936068264932,5.264707666350544,4.154317439403418,2.9932187696147796,0.005242155098828611,0.6259218192369423,-5.5498488777442505,1.6428464359240185,-4.174516884423738,-2.631713801450436,-4.077348496249329,-2.7600248733804107,-4.257395106737773,-5.092472951616031,-5.074825021369214,-4.875257943767142,-4.295145782378833,-5.511824274490246,-4.218246150525029,-6.243284130415378,-5.85351191877114,-6.349358573153843,-7.083051518443128,-6.736269624958232,-7.194703418509066,-4.97572485210982
4.77831225982743,3.7564714109522184,1.8610097987469878,-2.026458958142414,-0.6197761261327057,1.8358984508185479,3.5880532166044063,2.665907737704577,5.267420582463691,2.953221113099533,3.1073215122105364,0.46608238421523923,-2.0845148989175106,-4.281509258950268,-5.088752854906733,-3.1769120245170264,-6.660004949422467,-2.561913661144141,-4.056570115460083,-3.5408909893556975,-4.747512364320682,-4.225994539963295,-4.629256750880121,-5.358397717274108,-5.692756600568986,-5.3914263329725,-5.239843765226534,-5.627404530117174,-6.374832258455584,-7.693514827141482,-7.298546478701778,-6.680454146537094,-6.501682693131817,-5.76562981288146
4.524517808561914,3.1775595967771944,2.3649892379777286,-0.5222624333820042,0.3867110074156923,1.0400639489215078,-3.647976353765605,3.0793608408554163,1.2844801827416075,1.3664664582628971,-1.5573105631662203,-0.1477975147513502,-2.86405984977919,-6.103859599501598,-1.648395101698051,-7.051303740027558,-3.420503786397319,-2.9029646993731486,-4.20262242903617,-3.0514016852049353,-5.235898776163663,-4.517884183117613,-4.646884110905726,-4.713992165105856,-4.925849629001787,-5.605946503551135,-6.064080697184398,-6.975970166937699,-6.607238365351004,-5.5562685082823124,-5.750188175777837,-5.872526358963397,-7.114610774309558,-7.474812163256811
4.8386852974884835,3.9392408306999402,3.201907119134167,1.407300086198428,2.9850038318349257,3.4426970903550793,4.176408615247655,-5.028931051219037,2.3726747177768392,4.708869363702396,-1.1692894687098743,0.043259275622246844,-6.017333771441379,-5.939449362768202,-5.673008686879375,-5.890574365723369,-5.633039648007311,-3.1485042830389802,-3.5095917267085497,-3.6100457625611777,-3.910624699211979,-3.645384875997755,-4.595434188967282,-4.548924069943083,-4.04172372713743,-5.122848927439539,-5.927453214957037,-6.144081070208574,-5.304037963742758,-5.417005257165718,-5.665224590578506,-5.948151937065323,-8.027140853259919,-8.751199487326147
6.5255877743574615,4.681765730720094,4.896634175287548,2.9356623572535563,2.0932223993487598,0.9399103050576176,-0.9539590283419316,10.200384425758159,1.4432669780222736,-1.3993409178962408,-4.310589032561033,-2.103424807200752,-6.087111754618228,-6.603526656553714,-9.392415065263972,-8.258896421505582,-4.976767299694156,-3.2345355521764185,-2.6685498766112743,-3.408436165272572,-3.6876460171136034,-4.333049108016122,-3.5359441107369336,-3.2334670305390802,-5.218585964527603,-4.982284331677208,-5.089017616415303,-5.679805843835468,-5.644840524949142,-5.7473264579844,-5.871846366164298,-7.254478425582231,-8.659561621445526,-8.343748850659535
