script/wind150m.json
{"header": {"parameterCategory": 2, "parameterNumber": 3, "lo1": 6.000198445256149, "la1": 58.999992894266676, "dx": 0.5, "dy": 0.25, "nx": 22, "ny": 24, "refTime": "2024-03-16T22:00:00.000Z"}, "data":
[rows 0 to 23 of 24, columns 0 to 21 of 22]
-2.7681379360360165,-6.889927151340835,-2.1709089084403415,-4.372290774075503,-4.445390468024625,-7.9092276485985265,-3.9636745730765104,-7.167467015716639,-7.494160280347005,-7.565753264409039,-10.578089250131862,-14.227919826011538,0.5622248242726711,-12.148135354556876,-10.9428163251427,-10.481517683976026,-10.380590342267402,0.5568716412262307,-6.3024332279176285,-12.59948178783204,-14.711993766655356,-0.22294708091417825
-4.789018364214014,-5.866837628158049,-0.7961285264277581,0.12413969739276297,-1.3315201306969238,-2.9595000605296877,-4.306629200235813,-6.02509780432908,-4.527323541868075,-3.7972678280409538,-6.425411559416358,-1.916707689228234,-2.564496847175781,-2.215757567581241,-2.7344344644786673,-0.6201156057385235,-5.884769900108602,-6.503766426570957,-5.193243970712365,-9.368904869458522,-4.28798708758265,-3.293511321538707
-9.296113553577086,-9.193214526374435,-3.734851646785401,-7.157452140151606,-7.99323951693636,-2.731212317357438,-10.159860747798401,-0.9700433528938929,-8.920401977481122,-8.893337607718795,-7.139786314353591,-1.855368553444298,-10.692299731411273,-8.331558546471598,-2.546072688595942,-10.43228682467987,-9.112472723520249,-7.301519578671273,-3.9971592068871757,-5.015533746225062,-1.325848741164703,-10.521092185049557
-4.2181078360737025,-5.592328309244582,-8.232804764582836,-7.4591434278991136,-7.251398786192628,-3.71906157763574,-7.956932879595464,-3.869213420605409,-4.960111804807227,-4.315686490459462,-3.177623171766493,-1.0878149018385344,-2.246957750007137,-5.772980925258515,-7.881363372142209,-13.22690877319824,-5.03847489455033,-6.648107246524016,-5.682878882129565,-8.043698599166767,-9.83049729626562,-6.821873086018102
-8.90245084482805,-4.0763049491305345,-12.076765103915163,-3.556572418896304,-3.1128073108607914,-8.537352138993086,-12.181218010092692,-10.30887818258323,-4.238505683743505,-6.815455144671507,-13.03160156806508,-10.777736505972989,-4.077834032076314,-2.362517930465294,-7.893644816583415,-3.452618231106242,-7.44071918316807,-4.853266118663882,-12.608018992304668,-2.415104119952172,-2.7911298422049193,-5.79897461877391
-9.128042027230519,-7.327589643095206,-1.1249052231853793,-4.689068016821816,-4.345284513422685,-3.0753586302858187,-13.755876057545095,-6.930655698928991,-10.625135786167727,-7.085125588693357,-5.973356970016135,-11.298524085190989,-7.025403606616113,0.2779665142169652,-10.029437696399341,1.1228381014045365,-0.6240808484257042,0.2976483117451546,-3.131354907579238,-3.2642896758567783,-5.461721058843452,-2.965206008522239
-5.091392976367652,-7.010207315381904,-6.241154089721194,-3.276604898242897,-7.484837468794631,-3.9783345301714927,-3.1433496852832388,-1.532660801195031,-5.417418443534577,-5.381461418190618,-4.638021901067831,-10.185272157401151,-1.4875719286927906,-2.8385538206658256,-6.938353018807081,-4.374211468220598,-11.568501511063282,-4.820958301396141,-3.7584838305327124,-1.484448088931124,-2.775254185324069,-7.08637167145559
-2.837738109291176,-0.1697790428932362,-6.915658555947678,-6.815874367794034,-3.686520779406987,-12.533381397850048,-2.364423622358177,-12.483639711234737,-7.994642233212272,-10.2810838407096,-5.969509764550662,-7.396809698426652,-2.48449233488892,-9.827808042697372,-5.7502408329567345,-8.1981115589922,-6.687003147920961,-9.280008062024976,-0.7713494622041017,-4.227814985115387,-5.603505348833063,-8.021295642915003
-5.337865816520035,-5.365338363985364,-8.09556706009733,-4.853271295096904,-6.377452193811655,-1.6888147372394375,3.3890827010351874,-9.59991041838255,-2.8312544027356585,-5.7763453382820735,-4.709124288813564,-8.20752781229594,-4.814199039094763,-5.127002572720712,-10.073774099627299,-6.477483587115238,-7.813583131601073,-10.005734972064664,2.412652884149566,-7.920921280848152,-6.118489390332554,-6.353305345821545
-10.952784240316932,-4.860015941812846,-3.0703724512717323,-8.635522759593602,-5.710793838225684,-7.928438653855701,-14.24867735373805,0.47812144147570357,-4.206388621490111,-0.919897715707021,-14.019076817117988,-5.911712974533397,-10.611432806625347,-7.61534876767818,-5.496877587930136,-2.941336482242797,-9.400219494211663,-9.183496876378879,-1.476597074748567,-9.898035703097856,-6.3578903265829965,-3.0262492163049277
-2.0339757727130365,-1.289434882325618,-7.916701768204213,4.125195997388379,-10.830867878430322,-7.720063734840237,-2.63712122842196,-6.791360775122952,-2.3391863750745205,-2.8641875031541812,-8.60922204186489,-3.5060213728513845,-13.200564531027863,-0.5160220396806282,4.109945886810573,-8.687730309757216,-4.649458803876339,-6.397319053057819,-7.383893128406821,-9.529918194323473,-13.095984280883348,-12.184429289402868
-4.318449584446973,-9.800254342644214,-5.7713132517585795,-5.587140528998789,-3.0761542376052033,-6.969968846066037,-6.15531444558728,-0.9898725625249112,-7.334140565721626,-12.416859294274524,-6.386773285856853,-11.204007984305695,-5.101208809324325,-3.354645791268198,-9.557014841963792,-10.791719267720918,-7.30971600716167,2.118553148015626,-2.723201894396481,-6.984759491522963,-2.3145362268571157,-4.366151433331765
-6.419016307225914,-2.958301433929828,-0.5631727401422532,-7.413920127314551,-4.704206544142308,-9.483552190872578,-4.417816005069682,-8.69238558763614,-8.298485814661174,-7.2675577444364325,0.29653663350698933,-6.081996206144896,-6.60301642764644,-6.403731781847188,-8.429013032247349,-4.573544588386708,-12.954455226662592,3.9945513785299935,-10.653519517328737,-4.304513849346272,-2.6780804721412195,-9.1660104694831
-6.913746056233564,-7.584407966474641,3.462026826453254,-9.457420743925047,-12.134161006309304,-5.035552728128154,-1.9841086897524225,-5.813464453817249,-8.333758925873632,-5.760020156707436,-10.945510673029123,-3.9140932728373476,-4.157301060259824,-7.595932477411254,-9.80262836977231,-2.1484382579254664,-5.352491965550921,-9.097751298337434,-3.5121036143586477,-12.715973133705297,-2.8237477698540805,-0.9962814252715666
-3.335151917380376,-10.811006062026564,-3.283701696961457,-0.6464333132138455,-10.56649288013119,-1.707704386657566,-13.870885431105314,-7.204256149969297,-3.602417861442466,-0.5089995818694353,-8.238066601874865,2.738343511124422,-6.38954801317398,-8.080799390708835,-4.491567902251549,-0.5042043481617945,-8.633327384528323,-1.0269604910132968,-10.633524426931546,-2.601752698432413,-6.41487084038035,1.7534357690138593
-11.779625030403702,-2.9564049274618336,-6.771184140280281,-4.959711963008183,-8.953564147791477,-3.8998825622096094,-12.18830240265008,-8.00346550493936,-9.976057396415243,-5.171388359737131,-4.30915921618596,-7.266939290574858,-12.568274398398325,-6.503845476429099,-7.585093321204991,-1.3368965402954465,-5.350353051023428,-8.04147497301034,-3.569716989848683,-10.846461055791016,-7.208574074186726,-1.8264275858960075
-5.018897166478761,-4.203415201234614,-4.09598742274514,-2.6705279018020827,-1.8415562938808896,-6.2898549891949305,-7.239358638541658,-9.234312740583302,-4.293855152682603,-1.184385321624737,-10.892571952436157,-3.2298343775479648,-1.4591528592136571,-2.675882269375535,-1.2364999047963199,-10.380621840178176,-1.4342004055785635,-6.632340907931147,-5.080570109261464,-4.867858964923865,-11.683603452825754,-4.768235559300364
-5.234432241143523,-5.696469128590206,-5.759684950147629,-3.4167915657052235,-9.440665657603146,-2.266888872123242,-8.121911387337216,-7.7863926449675125,-13.741258198093073,-4.956528619627997,-5.546068445198276,-7.823077377169015,-7.215952078199246,-1.6655251338438144,-4.970252106842626,-10.087251320102826,-11.1321723933459,-13.788310899723458,1.0599667120168361,-4.882265744696164,-2.2311876673007327,-5.799679410510558
-3.5342999835436957,-2.8134065998804982,-2.9157794538342108,-8.80231644920324,-4.793905045111487,-4.396827799205827,-5.818926489447781,-4.792170587016425,-8.898035375237253,-14.712907500285665,-5.249643644382216,-3.937748843963689,-9.030388598651967,-0.7396624701003078,-4.1497288282252764,-9.153722183596056,-1.5255827481764441,-8.40951623734309,-12.145970471599636,-3.4375746441046777,-5.295995573376661,-4.78533585534845
-4.324593042198508,-7.81501135446649,-6.90251358984958,-4.404083551458591,-7.426278019277387,-13.980156255490401,-7.103377184512026,-3.7818310649761155,1.5749982441081956,-1.7779926918064803,-3.164232413743368,-7.872255923733207,-10.211813647086688,-7.855695523840626,-11.241729502450708,-10.566341518847683,-7.36494145920264,-9.874943943998565,-2.0456015420169,-4.182722459039263,-5.140144385509175,-7.348830087460904
-5.571392046152748,-12.39594012734972,-1.46162844510028,-0.8262256316275878,-11.018981272319815,-13.572905962502256,-9.124302107381851,-7.456004228837949,-4.1879176250924335,-7.663879766488451,-9.847557679830143,-9.426267971982126,-5.327353942114819,-14.489271353024773,-4.484575125743697,-2.495788583509327,-10.074921750906645,-1.4128783891528518,-5.779185167232491,-10.154175538856869,-1.0206162732640605,-5.913816111120074
-8.751586721731643,-2.829278372806543,-4.934774888195828,-13.236114985514925,-1.0821572846476881,-6.286147085826893,-5.283057468046432,-3.5539343941429253,-14.850947703165652,-0.8091976155677668,-7.494148513222399,-7.352362841216263,-3.6903466298114105,-3.7162483312235572,-12.787403119078588,-2.4690190000584042,-5.552827711708098,-1.8875754948740258,-1.9576873234916603,-7.374112813180641,-6.021927078241209,-2.2676304539425707
-7.359043534386789,-8.841437405953748,-11.27207586418819,-5.620689213848475,-9.357469124292125,-13.275928780750867,-11.013149641329237,-14.577532718773313,-1.577882328893756,-10.306738111940051,-2.9203232869360436,-10.00692377599745,-6.59539263323512,-5.865288948620315,-3.465933923166201,-2.8594654551352194,-5.45931568558722,-7.295726095560552,-7.2334994842192994,-4.37270018784686,-7.581669706560024,-7.329638937340966
-3.173612231682634,-9.831032369162882,-1.0215192257416754,-9.123171226379826,-8.427360194025471,-10.064218573621298,-7.687717016154867,-8.084153174761939,-4.261156773750722,-3.7136274882509834,-4.438778396031074,-10.664546898806824,-13.389157357668427,-11.849015456878512,-7.778558688500673,-10.716952587014626,-4.0335900256483095,-13.341383389997832,-5.002111568654433,-2.739831267636848,-2.071302510287741,-4.755842270454449
