script/wind450m.json
{"header": {"parameterCategory": 2, "parameterNumber": 3, "lo1": 3.000054539987559, "la1": 64.9999836372058, "dx": 0.5, "dy": 0.25, "nx": 34, "ny": 52, "refTime": "2025-12-12T06:00:00.000Z"}, "data":
[rows 0 to 23 of 52, columns 0 to 33 of 34]
11.099803834836145,10.066998146693333,8.531548987207541,7.495702477924887,5.212653385158251,5.542728577677346,5.051522416283779,5.828238926417479,4.289639459429853,3.0708261708144593,3.6063954518741377,4.780217120116433,9.253366227375517,9.066599151737282,10.96305068859465,13.757539813045216,13.730239708864346,12.901980611078473,13.340969077446422,5.4163864219708175,11.58603604471511,6.575998155343017,8.611811152092956,10.783520863983929,9.957713558252241,3.1414031997328054,6.034488946193807,4.646888049223542,3.0879133211020524,1.8294215262526785,0.33289797662287257,-0.9881814935596055,-2.766976533862967,-2.841021295175862
9.14494421948725,10.213090110194859,8.406053561208381,6.70883967182749,6.839206336021491,5.472995521111322,5.081179917647018,4.471058544579957,4.469605277476504,5.523302195824612,2.8569683167819218,2.600113491325958,5.497321849252105,7.824749346973737,8.483552647599693,12.06212169798455,13.05815510191639,13.182912067831106,12.238148419361353,9.125691900834916,15.578890184417846,9.945549896578104,6.75348856868679,10.787453790079214,3.6551468950689965,5.285114276087979,3.543422450548517,4.41126737659842,3.0885059879214847,1.5199019783835275,0.38802058397952516,-1.3975598874355766,-2.708350226713513,-4.569282350741645
9.974306589768691,9.770545708938155,10.614695020998964,9.26064464688403,6.390268908667282,5.675643466263202,5.4561107952067,4.120883887154074,5.325957523313,4.4968563687568475,3.699374989006973,1.882032472955215,2.270523021351778,2.420767723766045,6.344408004403776,7.572062059210246,10.465511919236222,9.204759389558275,3.1133376210345274,11.556533783114332,8.85721331903586,8.548585146337008,8.214013697333892,10.087391424948295,8.277486707452526,2.8697351377116016,6.454956671580877,4.697530215844305,3.615860160125023,1.701999587762559,-0.8826323084892647,-1.9338965390054574,-3.2691405327593412,-4.738379151429407
9.539342361196539,10.414184393084232,10.471685623573814,9.397602559295636,7.9433815162502786,7.652335608347426,6.120425803619379,5.7382677651273735,5.2777027719990075,4.822827653408768,3.8913157286701505,1.849317408107721,0.35124237473234765,0.360156069649109,3.4844400277334953,3.3302692525529642,7.930114086624468,11.476942347948398,4.9848061770030165,12.943381746406994,10.724348159472921,12.299434790248206,13.742548354108937,5.5260548398956955,4.40018085173065,3.8492440631847997,4.901948305526913,3.4959886442808594,4.162578847049445,1.6953701193413764,0.1889448569627741,-2.3184495643291645,-3.8390720700652254,-5.200470992465922
9.779649939784065,10.163809599356428,9.180877755929142,8.838658371384408,9.331145294267717,8.985746622128948,8.488694703261023,8.838169116233903,7.313754018022232,5.739873769410534,3.453798721123393,2.9785557539066394,0.9159550357293559,1.9894712577644995,2.848897795624888,1.6179206611595391,4.498980856479567,6.059092899242547,7.690802065760691,8.948659055646484,11.616636047065073,12.643261385652462,6.882633871822382,8.549269417968391,4.413083324397949,4.659350634207015,5.532354554494548,4.584838404935351,3.915554183599736,2.431493158642485,1.3458484196494838,-1.0339268903597947,-3.962734307815123,-5.2185525028737025
9.302942078430483,8.569802582465151,9.087889375584968,9.526548505854306,8.948229160014389,10.481141277124737,10.54883397578001,9.978284227574143,8.07999387987088,6.337990048286329,3.821208139797549,2.360645284683678,2.0784834440085356,3.1007116342643264,4.393237198898929,2.839467795371592,-0.29630909479077977,5.75270883405343,7.650938649053442,10.519264794609262,7.554969906791206,8.860016157135254,7.188790865699374,4.7355091710258845,4.364805023994412,3.2995346113501904,3.4912290233602032,3.298556528174173,1.5303409142777196,2.7463457356441756,0.4197087300934552,-0.6716981595307774,-2.1519718129117087,-2.9195265644342148
8.74382268312384,9.170212086940507,10.432688731079638,12.639451605807409,13.801974993192161,13.556236214745018,11.873128844986471,12.566265565944304,9.350547039636696,5.850634375665139,3.0357346541588437,1.0475359461080114,0.08492682810151195,0.4154796290156702,1.8298921556542431,3.119478190614351,2.499339589018769,2.29362321192961,1.7618637356352966,7.416252315477161,8.256319022466606,5.471431941334097,8.081825805172343,6.806086441114986,7.376934047327786,3.7036905330029146,4.103863405556228,3.9780794161596527,2.2768053099609955,1.6896860099584892,-0.36638596404294943,-1.5760364835583598,-2.703754077061363,-4.821034916367945
10.326778413665181,10.371434974097305,10.491087557127425,14.282367964730728,14.599453427245958,15.159789405783012,15.31450891212433,11.47652548130339,7.781477311033747,4.9709269043058955,1.9647666481973203,1.9606205730734265,1.0736844319401946,-1.3856149116332799,0.6948401953210113,0.6625550802003224,1.2747334241510815,-1.6487510279921724,0.9501038878727608,2.698223875747804,5.484313602078316,7.541672308793852,5.946136421469455,6.445536919326326,5.245427493009317,4.266795391990489,3.887854568251524,3.5144624929585593,0.3940747236272281,0.34541443697361646,-1.1525061105483043,-3.867457771223781,-4.016421082853639,-7.959075426369882
11.71730176224365,12.470683267655424,12.561006244909965,15.671534029377193,16.179832977518767,17.038716674438273,13.12731618545436,10.728748169128682,6.161050885934687,3.930316781254094,3.457350814672765,2.5432656685089836,1.65828577014681,-1.0082695986138548,-1.2376842620377178,1.5358399732377517,-0.7284954815432941,-2.9549286131168655,0.48093853778195095,-2.0942949136565754,-1.3778444378077357,11.08472218580788,7.871563328116958,7.696608281380762,6.877979169454417,6.08744537622654,2.8229249397184892,1.0385658229728463,0.08688721918625487,-1.0909702928787788,-2.9585699148016427,-5.796476707621731,-7.468510224226413,-8.177974794760617
12.894902893951548,12.849048838120835,13.887830651215566,16.357012545693088,17.408792717643973,17.677927930383255,12.462862244008395,9.274630222353254,5.09225669632768,2.959590403196136,2.307308483037069,3.390462505557818,-0.12318761460663273,-0.8712541190550623,3.1877977463288887,-1.2745593088918497,-2.319914424934629,-1.3810207127343528,-1.3461067137050067,2.227772706567761,7.068247036853285,8.04360739734168,8.043762845775506,7.2053309087144015,5.813149500055752,5.028583095021234,3.317916194057737,2.5622569286171415,1.1321590509843469,-2.0948842560073895,-5.0870387290171095,-7.128658985023388,-5.308372937730189,-5.01621470710927
14.615332618715788,14.511534250935096,14.57145233802276,15.779382016216868,17.707133160570816,15.948384125329094,8.680744007017926,5.357977184383842,5.402797867536369,4.297270139450798,1.287489532379511,3.3373128254375777,1.790853332404236,-0.007444065858243631,-0.2988771343643659,0.4293164157512305,0.652713905650912,-0.49240903859533786,-2.197539497974367,1.420327911401912,6.044802247894267,8.43140497291179,10.378965315287235,6.772726907525587,6.169149393060485,2.840632039970831,1.406746968064725,1.9966540586777246,-1.411921765853311,-2.9832451811515326,-4.7225509297799775,-4.755896343255496,-5.260016181063591,-5.745296667139764
17.903647260312937,15.670954955376663,14.061662447456278,15.992771481590937,18.00171529367875,12.49886821363225,8.876744981758998,5.734190086982976,7.548105370864043,4.222684188096646,3.6601110439549362,2.3313937549126593,0.5708385415540649,-0.10290924953860632,-1.3246050101420572,1.341178877696015,0.6218430929141185,-1.3807835358637854,-1.4042467603593742,-1.4431461349240957,1.6799328127422914,7.894350199633299,8.185446245176493,8.269058508942384,4.243706354479549,3.268448821937193,1.4330452023020643,0.23603431740785472,-1.292428106421427,-3.6205874245448375,-4.549092795784567,-5.395824391900841,-5.9399002993635195,-6.580737023317908
15.509685655033293,14.961577730698432,14.56341144151018,16.035256293307974,17.825680095985614,13.036695386989141,6.173892979433998,5.654171114859411,6.069817279323288,1.9989530007788459,3.663899239530019,2.3181802091864223,0.6798974632961807,-0.28582134319719954,-0.8616594167981555,-1.763857104973031,0.7772575333187041,1.3103325798958496,-0.7017560274196728,0.46753113036440824,1.4396720381358523,7.376440326178222,9.01611768568223,7.891039029541583,5.116314388140668,2.8531293742370525,0.3087724575476071,-1.913274439393467,-3.10770155752957,-4.59592884879021,-5.047832417742988,-5.856864916099108,-6.555343880710935,-6.863335918568772
15.282454975139567,14.90450258529953,16.301116345329888,15.384998382384687,15.291230917833609,17.694747604482504,13.385820642298995,7.465768237050388,-1.2992059979085953,5.826007017134468,1.7977289716664195,1.7096814870055672,0.7071223118288817,1.930258360506276,1.1166409577090728,-0.33440876038367484,0.6897753465160164,1.6286401525014167,-0.8046069110185797,-1.1539789396957327,6.273811757790045,4.535818728499822,7.7003233033905625,8.42981160466485,4.245589216477304,1.0961105083883842,-0.29281182062595007,-1.9221705557991746,-4.841744843986645,-5.067727859179766,-5.333896444690745,-5.594180934263706,-6.092293906079917,-6.474896816230199
15.460408019597747,14.615632555880886,13.85471692738457,14.502588752360099,14.449676737071352,10.512995343641347,8.644903592086447,1.0634190408698883,2.629242103731251,3.3138513368743836,1.8404730405955567,0.5771470188366717,0.8845689575690218,0.6013857360909881,2.991639135830425,1.325900101275241,2.1404259830896497,0.7935191190816612,0.4819905023520891,0.615937791386405,4.445479068290223,7.512084611833591,6.699064046097052,5.886522680291983,3.509247025849456,2.081406465923671,-0.5967985995019295,-2.602031303938957,-5.0095373182706116,-5.218663050410359,-5.405252919005961,-6.128120385163477,-6.250144122424527,-6.146778661526013
14.580969886206109,14.570063936961839,14.195784922111532,15.885534572497106,14.550682210415768,11.726965978706714,11.54239868956167,5.263362660776439,2.0451489291275853,3.149281351143582,1.0583113296823352,-0.7908334066759549,-0.9119185201127638,0.8644565662063309,1.7909013050501452,1.2163392517421958,1.6118571563308774,2.821453263625071,1.2595170985839401,3.759851826629608,-0.9037816478877085,6.778760193398844,5.943400101960978,4.078884312216075,2.593117708430578,0.5488296692523947,0.06443232722376135,-3.028120089419792,-5.203932821972459,-5.038471876178496,-5.518696256377236,-5.764485052491417,-6.044905205546532,-5.614532852109385
13.01436427348032,14.520002840275886,15.121019902380727,15.237600082549305,14.106702783894631,14.721565958368945,13.293599672134109,10.808675544449907,6.390309838873472,2.8720252210447987,-0.3007080488169104,-1.3186644896223783,0.6427845983624719,-1.0524849645979146,0.8268978213957849,1.5153934201707706,1.1300964536009366,2.294043879810867,2.1438437289580765,4.25397552462699,3.5047009508849145,4.9080986767205275,4.366677649453205,4.246139255959615,2.8974628938595055,0.5607402584539234,-1.4843064974286515,-3.9337493498686302,-5.448761547880374,-5.246663216660779,-5.500047806494787,-5.754910639742775,-5.679351810445191,-5.556772057753258
13.029482209571487,13.113544575635945,15.110537644934206,15.298241728816212,13.225305641243725,12.807359776762354,11.693962983188301,4.427219602865136,7.116790445020823,0.022102817355436018,-0.10103153338205219,-0.3837271351620483,0.4629711977781643,1.341141256812034,1.7025827262439894,1.138071897811465,1.2340383992949777,1.9249737683870045,1.6688234376962727,1.9786867255599434,2.9953961839914247,4.653545503731327,4.229276603970034,5.107396609205666,4.099768325916182,0.6821901307884387,-1.5352681403838186,-4.7294767489584055,-5.925937121913346,-5.436418450052176,-5.237106864174711,-5.3218346060848525,-5.788454576104666,-6.003724352082309
11.979362390610312,12.012868869114776,14.013621676675939,14.725095099911947,13.354738767681987,12.737125682751095,11.803705896064386,8.946627043688926,1.7518589299940066,2.8382243673823657,-0.2219780179015938,-0.354545446729783,-1.2849701405002807,0.049057472874401674,0.28743501724446496,1.4592601724548608,0.9791573566756399,2.234877859077666,4.565391398232823,3.2511719323094637,4.3669464483417455,2.7120291852117098,2.967745682400549,5.181477114502682,4.296170510105845,0.4377269972388162,-0.7725483194158995,-3.0062102608550787,-5.097704132453755,-5.651205566954204,-5.531095474740303,-5.976895758954425,-6.650584355518122,-6.579681481026098
12.473374472659032,12.61298986506007,12.222696711956907,14.555435012830959,12.917069838958351,11.53692240735091,8.27024903085231,3.0041286789119126,1.2550133089796105,1.6985170818196582,1.2369959341992045,-1.3007604209411074,-1.5918755226978294,-0.3063825819361137,-0.2731334254066462,1.1082624446079747,2.677562968505351,3.109532568218022,3.9197894762803926,2.910953524042107,2.8285247151164983,3.711624544849261,1.9867877297001915,2.775102100936907,4.07176458208581,1.5946662767034485,-0.5811413977264619,-2.956439236364719,-4.3574130871697925,-5.230906107086737,-5.614314476523531,-7.527349534634817,-7.518677977028292,-7.586230746309881
11.4236782160163,12.024698509846257,12.120569908044494,13.307800690792059,13.271093847551185,11.608327864592244,10.818181245876758,7.8700184387373735,4.400635867830674,0.5504530237204938,1.3989420490999618,1.1584435389933403,-0.43277313550122837,-2.2201046491480616,1.7803438441333865,1.1336082941834462,1.0974167262967034,1.7457957497336154,2.5858527637708035,2.136679874614365,1.9269693071232974,3.1837864653307286,3.5361037131525346,3.1805825213080716,1.4866256527408825,1.3536175178968803,-0.30197667381305626,-2.4728994874173003,-4.188367192066685,-5.947420152386432,-6.3028906470620845,-7.224395622926564,-8.023206313602149,-7.300568682984884
11.667406261355792,12.242661104360083,11.855463917494834,12.983359447148802,13.969994089046295,10.44577133704443,7.371336475021996,5.39507088724569,3.0866155942080464,0.49072224160776573,1.1541520253604092,1.8241190015294515,-0.3466952020156644,0.6264552770004977,1.3601676385361423,1.7010836738648083,1.9296295492016793,2.106899931239935,1.812322620803261,3.4980701228146,2.513750977648,2.0403565366004277,1.7094569474780306,4.4015708208657,3.214464832418268,1.2159794113030382,-1.4142688043497689,-2.0026630747422502,-3.353990576825851,-4.7176669353315415,-5.9241686591146765,-6.701630864693131,-7.086684299732183,-7.669408388526879
12.748814125839987,11.894430067378739,11.53822222607716,12.265958759551859,13.781352910781592,8.659355263372237,9.386334700652327,6.1191511047787435,3.26022441050845,1.5148993078101944,-2.251368481331716,1.4297254171329152,0.26102743892537117,1.7197199243058314,1.1587194197416373,0.9065724856157977,0.9873492461532971,2.2922172302763397,2.2929381975557517,2.6958355337393227,4.706371398285853,4.408380999870673,3.279192473402366,2.1386542830699393,3.6264721719186697,1.6811556038580617,0.5402716358225628,-1.7451644271941986,-3.258000559729224,-4.150575295467319,-5.210608264252473,-5.720157648710851,-6.481310386438874,-7.64433149914048
12.123175696068731,11.703715303460184,11.259511806235173,11.159375834049959,12.96322200532892,12.817028355958747,8.338443275603074,6.641652296569616,3.19433135960113,-0.5141780226793329,0.20027056962023967,-1.8097539714716542,-1.5415804570930842,1.1772991853908332,1.1200918519110732,1.2818500593928706,2.391441186875949,1.8567601853972917,2.782041825438652,2.1116646816532376,3.8386561553847516,3.715280598795013,3.1946490960901692,2.156430893730147,1.4621140025065131,1.9987727729573785,0.2298212932578205,-0.45503354693563164,-1.8781866236293672,-3.5923781995768436,-4.652790228136191,-5.861666857130928,-6.437371438804736,-7.945065039989904
