script/wind250m.json
{"header": {"parameterCategory": 2, "parameterNumber": 3, "lo1": 3.000054539987559, "la1": 64.9999836372058, "dx": 0.5, "dy": 0.25, "nx": 34, "ny": 52, "refTime": "2026-03-11T17:00:00.000Z"}, "data":
[rows 25 to 49 of 52, columns 0 to 33 of 34]
2.6665567874070906,2.360676177855802,2.1603442572858134,2.648041438870379,3.437376131982212,5.170726316586923,5.031734192673172,4.866880931737686,6.769656483483738,4.697453704111212,4.559206045282812,6.136383941647655,4.663990380876399,5.7175126485190955,7.751545715592762,9.846172172318123,12.414473152153285,9.970411956204172,10.173073493483129,10.983334129944247,15.406029253522977,12.389548405190753,8.890216579073341,11.20117295486903,11.699052207521508,8.659414622147642,8.842733109997681,9.402287873367895,7.511027018377414,8.688129461769618,9.165340952005645,8.8805908107279,7.08631364536854,9.201908041775567
1.4309495239099856,1.0083538335427358,1.7292998725602864,2.2782621267925607,2.3472296155924868,3.2528393532212325,5.207283296430063,3.4987151325647075,4.07009423301044,4.640076495835667,4.348566296554105,3.2565877907926364,6.359193831739797,7.101709139598068,7.5224997527490665,11.357521916228626,12.274267645658927,11.770747706418234,10.723075599457662,11.762262569146126,12.198079127241416,11.558156095232208,8.859043156355506,13.898642106974123,10.209666377008691,9.719722781046544,8.88144216377993,8.159827832648418,7.099793317782312,7.711313373203384,8.738334717131222,8.741523819875663,8.197447724399066,9.00152910195444
0.90595507552494,-0.07621744675828104,1.2402128203187608,1.1979358282956623,1.848887537797356,3.205412445821147,4.6891898385167545,4.805800464502746,3.5637182993233134,3.731211882450702,3.2660475391826713,4.756506984569663,5.1754766919215,7.230959284355907,7.626742154142833,11.313204823324899,9.897385322759977,15.504311508667762,11.854537439404437,11.0126278978201,12.873435619789738,9.852134857245316,8.626621839445937,12.700638949990083,10.379721130901231,9.368779869741177,8.628112247473458,7.541697322035854,7.051151177987492,8.18172483156638,10.81210756917464,8.07085782565716,9.515524450477518,7.452949334905048
0.7867720570618966,-0.08208118133165693,-0.14293117589242285,0.6128538957200393,1.5290637280404087,3.5011550514211565,4.311997167519803,4.099597975977191,3.1783960774787188,5.067060740691454,7.587084557346301,4.4472543249896574,4.754762903533465,6.78701952660478,9.560351396631516,12.41685464273109,10.861665251950207,15.425025935358851,12.513883053314732,11.971263884652057,10.442434755383847,9.714955362571642,8.22056438719429,9.579889123776093,10.933331487938634,9.402510985519042,8.675368395325153,7.16821832234915,7.165695042169569,7.801223269332608,10.24326269805618,9.589053159331348,7.533943234098706,8.457465939574346
-0.3451663988073597,-1.3511772213593949,-0.9465237770550913,0.5931979071529271,2.600153783332888,3.643027664793125,3.931367328571034,3.8896384387589102,3.273556114559097,3.8410821860295377,4.461257275584138,6.217547135406529,5.7381287695820955,9.222048406268534,11.328496775208697,8.909918679079643,12.597272178279614,15.823706410493001,14.716507852345964,11.390764399041812,11.422011367866489,11.478332541744257,9.276923365078686,8.721032329084657,10.833334615459563,9.232897338030684,8.052102200780382,8.227325130980754,7.655951848229491,8.323809523190503,10.47776247270649,10.083806854336666,7.03776366983788,8.42753198145271
-0.8503756725974587,-1.218980970639882,-0.15180516852992426,2.5388311797515053,3.5047205434259716,3.109438842605417,3.737357388795435,2.5719399051910488,2.8450709082654875,2.891945074878123,3.6579587300244722,6.362754941514794,7.081649579016981,8.631008492571274,9.501375056458869,8.175801274361852,13.68449801570405,16.394738206297024,15.534736135774526,11.204915284334035,10.86047287006193,10.758086653919504,10.441824105733973,11.019486636027194,10.90740259626093,9.89295099144888,9.739259348423387,8.6157667805778,6.789280690414853,7.424069366713867,9.418208712138073,9.907254703737458,9.166914146207121,9.42614201004967
-0.16730379295657888,0.1374445714897583,0.9129095452692342,2.5254240349537476,4.07652354497644,3.4305940770800434,2.984881866439708,2.3247173509983003,2.427819961672021,1.7947021448738723,2.3393005299492957,3.9818196809780475,6.903195579590938,9.331954270161395,9.536204954438341,8.479315326819135,14.611043440402346,16.099297817080352,16.779218085264812,11.926090218947376,10.239843685431397,9.47629296256529,10.184920622554845,10.475140508418853,11.462773589575342,9.611069395749677,8.31867101947702,8.129492712129146,6.908712267421684,6.71689718301374,10.864842351768916,8.945828684007953,9.663439756930618,8.247632359230293
0.6202905888763178,0.7049639065262867,1.3636924835540514,1.693637271728619,3.7413409575174095,3.859788374396187,2.5983979578972063,1.7188366634891226,0.9965962237143894,1.6285707778888556,2.4988663504041453,5.300485376969809,7.041485978760175,7.448489747381616,7.907254423964235,9.38240801189296,14.12671305461211,16.02893772733061,15.43142219648713,13.84873812920408,10.164767084775542,10.855825532212602,10.298996098836586,9.689858893527852,10.330977992149236,8.725098398603244,8.826689563827578,6.48710752638763,7.036774962007497,9.375970318023645,10.115061316260238,10.08330779614876,9.33103306840329,9.249828292211719
0.5701646238796432,1.1890012563245123,1.672147224028904,1.6958497560875987,2.222146847922661,3.2686111270973734,1.9640422550331469,0.5239304687325474,0.3973708105145318,0.9279359526708183,2.547859531945276,5.0606924832960205,7.279730044057299,6.877391112862626,7.403498429817589,8.5242393586665,12.787557431338197,16.03406287404017,14.258685780347497,12.556574935160636,10.514376193953257,11.538480609241219,9.968848085158955,9.727907551045053,8.474181086197088,7.8997159675303275,8.001893940527626,6.3011965871252125,7.408638062691394,8.621895201485057,9.167508271753258,8.717780008749672,9.906341163299276,9.081794466262576
1.6390803411488637,1.338406061642955,1.2779126970754646,2.4119181640114435,1.2973381949583551,1.952396388033166,1.5445014862972661,-1.4894910185167662,-0.31510439315101174,1.2974999295805925,1.9730364558204474,5.210329405755218,6.871263343147505,6.703961035069174,6.706073587169754,10.315916553267796,15.155801826352105,15.455143396496789,14.127694386678073,12.351209830908196,9.892143024463035,9.587152250793753,10.309726771531368,10.047210098408247,10.480475375986282,9.951222973644587,7.1690233729845225,7.580829727888507,8.734164340240154,7.460658721291131,8.112559792180312,8.533854681516654,8.6809416098596,9.423896923749636
1.3912892991569648,2.184082679581657,2.5839612278396777,2.0380465042060187,1.5151334494339188,0.9283157747225634,0.5429806258586078,-2.234730551801262,0.20126943865978053,1.5441840019737523,1.1669398266743574,4.709564013644543,5.6077751865841705,5.6716330323692095,6.573550381997923,13.12477615465857,14.949206180701019,14.447873273863856,13.140235240928638,8.32927687763475,9.797995499773613,8.62248806840456,7.471074803435535,9.300796595599389,10.204499866419916,12.01658613125886,9.896024662991152,8.771702500934458,7.640289914677958,7.387306468894834,7.605794867697151,7.37448736060904,8.892513687363877,7.496708685444815
2.5762516461000704,2.2486528348124035,2.385262317004446,0.8864139446468834,1.3078039672738728,0.03894043342047035,-1.6692231407185592,-1.4224972906461537,0.5075707116777056,0.36693993515057993,0.8327663965360952,3.6691014482439814,4.403701554492021,4.280048083840322,6.006688356657997,13.548458107079215,13.99090804747712,14.46607631653022,10.631743221654888,9.351246571084092,11.493424591722693,10.48945570066517,9.474149817100816,13.301063524010695,13.315404736603593,9.606738289378283,9.047904474488154,10.169990519926284,9.450978660757833,8.629499777396699,7.991466921996869,8.093884502321629,6.881604917298368,5.0714948235125705
2.1218686560060442,1.6701289476928993,1.5710808059693275,0.18210504379910872,0.5735020372409573,-0.4166678258787292,-2.455328457653731,-1.0367071547232867,-0.59360417180101,-0.44386541623390485,-0.7695630912712618,1.7163593138120443,3.506494281550772,4.727432487795967,8.283661007126703,12.542599329342062,13.006825819795766,13.017404454608242,7.8457200808408825,10.032105370092731,12.661741650073171,11.240378757601054,13.378702013913436,14.508759646973495,12.125067805277652,10.215806091960568,11.339188767315605,11.285550706094865,9.582145223178749,8.534997562261186,7.871413713796633,8.067287257262572,5.7317296557099064,4.150458182244372
0.24369033573391594,0.42003445179701276,0.0710406948053989,-1.1918404367088906,-1.2732006129565256,-1.442950005256762,-2.7188938598159105,-1.0872962209918209,-1.226153566295082,-1.6306450992450394,-2.0496507250354674,0.1812140739531488,3.435374527831172,4.900550723389434,11.285002691470847,11.750642478861213,12.661646932252099,10.983395465083365,9.431958396636094,12.427131576720246,11.735062829503192,10.950808682164956,11.045337829225877,13.406397499675059,12.010482804682097,11.395035421890691,11.236741383848473,11.319382476029764,9.633018782049136,8.66145663932153,7.59362963133385,7.13287205256172,4.082727703107554,5.1645241372164605
-0.8470044915030278,-1.1905991877802546,-1.2307763855098206,-1.3443117877311943,-1.3769069031398125,-1.6570254580370571,-2.1171936471909967,-2.083252019318611,-0.5035200268473434,-1.7935329303673966,-1.0428710046536684,-0.9312471916097107,3.8805010074956883,5.817571106285417,11.397540120065154,12.432801846584185,12.053862055690756,10.159754912759837,10.702145980360479,12.865080420994262,11.33812859153252,10.85016607992563,10.99108755199934,11.603994232856493,14.037689282742374,11.709681030557622,11.775099364166303,11.323549471647906,10.214375790237884,9.085555597470805,7.291609001524531,5.4620433205218255,3.032109775037873,11.115829885184025
-0.9152142372024347,-1.31374533306305,-2.1923087909636028,-0.3150809560801955,-1.614811617633023,-2.185525567316043,-2.0323025667030445,-3.1052584978302398,-1.8335537264148227,-1.0323610422403138,-1.7626009174222148,-1.0852000912903121,4.24052324090528,7.883110608462838,10.645055745317412,12.163882360110966,10.836536289846448,10.554624171649857,10.79595069987203,9.984345927235541,12.365498387395219,10.325782637426027,11.085894282072928,10.757474351441925,13.083933473900633,12.592693140644547,11.68281898496376,11.379175608353552,9.28427791779293,8.044550855009891,7.138663921277566,5.215352920301718,9.792860025450311,10.855742668164503
-0.19440247155589624,-0.9401889164832616,-2.245943487492538,-0.3295716189657895,-2.0140467193509837,-2.5822457945242903,-3.21353072762726,-1.9408109214158813,-2.8632095703703646,-1.497878466429867,-1.721551587094252,-0.4857770020591646,4.667442631502953,10.176628627754301,10.47112553523367,10.651550350507637,9.896453385138502,9.662896115865943,8.522690766762354,7.857240921041793,12.76862907953889,11.253004503209516,10.759895586902466,12.740906631354799,13.665851938521005,13.309350053242863,12.864165304501508,11.100006592487123,9.411753129075766,9.601391914634547,7.789353302662739,8.667097321356474,9.84880600354166,10.685239110298367
0.16100459476093912,-0.688570103358375,-1.359648117051632,-0.013076358425298522,-1.6138804041406765,-2.6482098574475614,-2.934202426866328,-2.378247883030229,-3.2782338828418682,-2.28798278390127,-1.8020765347243635,-1.0404524731603733,11.251070193243766,9.157117918408057,9.066033607994056,9.792656049504561,9.54600711078396,9.631690036720578,10.762884017532675,7.594905476616874,12.539081297730169,13.350091201976403,13.328637222959353,13.28038248356479,12.919172960281395,13.627214389849465,11.689539898578792,10.704351279975727,8.710865221349223,10.006927671668484,10.573419465469993,10.3813121338651,9.71580605537612,11.393307474561919
-0.7153180272356414,-1.592817896770374,-1.7392961497541963,-1.342561197160894,-1.523076853327304,-3.402379158565472,-3.2870413725927095,-3.6590070935986456,-2.992996144371831,-3.74129533262856,-1.299745820224295,-2.1091309144223693,11.648189642277664,10.8378929200576,8.471837252432538,9.71641932420529,8.238726505739479,9.542318760577324,10.918251381808448,11.000655808754995,12.79875207553729,12.631678035177115,11.403445821488944,13.290723444152231,12.512800321527703,12.493485810184508,11.30371019691061,11.343390441104527,10.107027911390468,10.81353813651846,9.323142124944487,9.132914452414395,10.126339020239532,11.695949533758885
-0.9168960221555157,-2.022199571010817,-2.1292768429729376,-2.2607185890279284,-3.368021255944448,-3.8550606849166034,-3.9044177009266625,-3.6685973499379125,-3.970009444406486,-5.32402567453381,-2.423628809970271,2.7951220650359483,10.874411296422661,10.186896520825933,9.11475321414329,9.378581510339025,7.431556746801139,10.392332067855993,10.303926286649968,11.085621550619997,12.62055396558859,10.784145215188541,10.01939513177215,13.929133669507918,13.400493192886604,12.601175569081295,10.944511102622004,11.029504983340884,10.430770170392302,10.054442627358751,9.509974417759324,9.408436589433824,11.136054751997147,4.765697549836333
-1.9448946502892746,-2.214982857252376,-1.9377788684489743,-2.327522642665477,-3.3167615939851216,-2.4747916785949315,-3.4667462594741214,-3.547133158352352,-4.526917747166374,-6.584319647956933,-3.3282614666103063,9.117613008882243,9.065916778862176,10.476056484243761,9.454337540894121,9.006127459994193,8.628052597214179,8.572122191171792,8.498194559461428,10.314102230192132,10.117361802901119,6.698460977965624,11.22225141154011,12.129109249574505,13.127053996851048,11.57589635015717,10.824078299403752,9.627456365299821,9.21432759114749,8.489048800596239,9.494769229238393,10.032444302335646,6.711040816954801,9.36444590713756
-0.8568711755114787,-1.9891507446947967,-2.6907204584940363,-1.4944953402548249,-1.7108512882657634,-2.126643152359213,-3.166405656488637,-3.4789834658738426,-5.281088580887045,-4.295012981192209,-2.206169505144392,8.64450199858872,8.14065576845318,10.555694108346707,8.953132402736268,8.238077819971968,7.699487277447454,6.105660267394665,9.939693168251932,10.009030462896995,8.489922814204412,1.950281191129588,12.47242973241881,12.619373214615823,12.54808725252057,11.20375857154058,10.177013444480803,9.500266981414285,10.568351517959146,10.100312962451554,9.2097885616539,7.446280061589493,7.299786733413666,8.540203983923574
-1.8116407342674956,-1.7957210464404467,-2.2924223466922617,-1.9457145543970071,-1.9755539936694821,-2.071559773854246,-1.8702426502673684,-1.6753235980913812,-2.413924557518363,-3.5122003693281547,-1.0540554299498561,8.422823177172846,10.292114923235424,11.204776232897299,8.474862692836455,8.373714955353078,7.27589185369952,8.665048335555502,9.287590192326471,7.449022436012576,10.840196285487762,10.679609442549847,11.561858323437786,11.885094180403875,12.150544858744892,11.138402052845832,10.077469295301473,9.909076240961554,11.906377896238888,10.183330086056074,7.953673375930141,7.1566730203691105,6.283481115639397,7.4456744003418915
-2.563988518513516,-2.1232337320791297,-2.492542072911767,-2.5729910537812635,-3.0281780108174225,-2.6172189339355563,-1.907705812876056,-1.995803176073709,-2.748820925747361,-2.8250966114848177,0.826304309793257,7.46168370864295,9.816925064074495,10.587772324971361,8.24351324649206,5.0827866309380365,8.807007963981656,10.018875718122995,10.196946339514563,11.654690216822402,11.29275228281685,10.445008414839604,10.52751802781864,12.10146227177883,11.580872398832923,10.517230543283663,9.311879355385877,11.112265485426457,10.752276567942374,9.36816383190116,8.407258996063584,6.328574220887143,4.607519789704225,6.778975208897814
-4.956607682498241,-2.8842883724796033,-2.0983521271219687,-2.5428855964815287,-2.511097247681984,-3.7027797298981153,-2.338328638045759,-2.555028949366397,-1.8241687657913854,1.1205735458205452,3.43384933166897,7.6702627686247915,10.587182295803288,9.216214691256347,7.995161653754435,8.375625936268765,7.3688767318969965,8.110919306897058,9.376720618068319,10.848291636288364,11.591160906750545,10.148929856527083,10.483578602657442,11.735052201112708,11.191593708970883,9.825004844854025,10.730735366980483,9.778042217586648,8.26691741132727,8.0610739188684,6.270075849073399,4.245197799694669,4.794678901709055,5.797261389457616
