script/wind450m.json
{"header": {"parameterCategory": 2, "parameterNumber": 3, "lo1": 3.000054539987559, "la1": 64.9999836372058, "dx": 0.5, "dy": 0.25, "nx": 34, "ny": 52, "refTime": "2026-05-09T15:00:00.000Z"}, "data":
[rows 24 to 47 of 52, columns 0 to 33 of 34]
-3.303788910423398,-2.8147787669367603,-1.1513276964580363,-2.5971717094853846,-4.917055768107456,-4.8927661389750225,-7.46423938723463,4.479313452554784,3.2681884390292053,2.696211604740499,4.426301102241052,0.5763164022362133,6.702208253385192,10.557013502912735,8.653610016577032,7.0339050588090055,5.88732920762495,3.231877774292,1.432943918556014,4.174518398358038,3.2762017698640475,3.1591478156074078,2.903961551814365,5.86992828333455,3.2293600909376914,5.025174069487973,4.342539548669318,5.7194246281172285,6.380513511259695,5.139578587823926,5.497234709435968,5.979819025499628,5.350868076747728,3.4661907383246984
-4.079298932850127,-2.2448332969616054,-3.1935625130179663,-4.102573218469223,-6.030107187124298,-8.074589627137742,-3.3264310925732783,1.460321359066684,3.8608714152044312,2.379393093193953,4.233615568402751,5.857289167807326,7.841019722300863,8.893920605756426,6.913291370123531,5.912944009772947,4.390169329726865,1.7401711725505098,0.36339386013150116,3.244644250627916,1.1383372884352114,0.31671986674990116,3.4212038919763614,4.753308880697377,3.068433165497268,3.9938003065963184,4.346892256522213,4.671588535264204,6.554568866210032,4.336379702032942,3.7955381499050116,4.876206841448394,5.523200156043695,2.3171514232612265
-4.483937719777929,-1.7579296745410034,-3.499713498629457,-5.057704242497788,-6.9809783261567935,-10.64581011949671,-2.825870695337293,1.5220458345430623,3.3961166397847116,4.19483179243983,5.40599084349557,5.706228709445324,8.852514178332408,6.386857450394011,4.666535162649649,4.509306747298978,2.461850563906821,0.3528643772102132,-0.7976223456850386,0.16580918967413927,-2.9190857721566856,2.1392894760184977,3.5144616379448763,2.1795395824465973,1.017820063924954,2.0382173461187603,3.05330761494187,4.262287632886448,5.297797115395244,4.804160256448181,2.879176949193396,4.028772433694257,3.1364714243311798,3.9113654877274753
-2.91887132124437,-3.207777355013878,-5.476439347373618,-8.54786054740536,-9.886373720076207,-5.0198598499354805,-0.16208601874698395,0.9638191066076534,3.251953838822706,4.518305469479454,5.066668915488626,6.120821573979077,6.1284034425352925,3.009837400984957,3.9401000062197964,2.8730205192494074,2.4425020248197784,0.7783045005118449,-1.2671645532067415,1.0372868236848158,0.6763875375724535,3.250978141818884,2.8613186175194003,1.387251211453866,2.839063307974902,3.5016859077868827,3.876387310663867,3.1666772514527817,4.3311618068974145,4.104779873035577,2.141366076416002,2.77578031373733,1.5087395841796976,2.0545676744071906
-2.855875430196085,-4.210666590873498,-7.968144221208255,-8.704821083147168,-8.384905932858185,-4.124396879271177,1.1083559785508148,0.3857735398708752,3.527162825188128,3.181186143734464,3.629155434019081,2.9934586049077767,3.8370684390034984,1.5634637900787542,2.399682491679332,2.096608321797722,3.289456459505133,1.1078749494804672,-1.0458034469190198,1.7120831267178696,3.159119814529114,3.031353759998821,3.2992128512063443,-0.8146305138568032,2.48533698539424,2.788161033280732,3.2679454922220668,3.2778463150934534,4.340283657792955,2.728737277775721,1.230666020230667,2.111424674852111,1.8677002803774339,1.1390102630776064
-4.577622190584095,-8.931149762135847,-8.559598738876828,-10.838805989089217,-6.237127698006285,-2.874534974373427,1.8301659111627355,1.8105037918134472,3.0697829889373414,2.580841789087879,1.6050570610992732,2.5018900075555295,2.957832620779515,0.4671080510525612,-0.7941081124842148,5.249039596957474,2.832951185973969,0.36415156493114365,-0.4669451569188463,-0.35004481720241604,3.7063943970149413,2.9236213300214593,2.4429150650141316,2.6401768402620234,3.3194901267536867,2.6935471894328957,2.3947557441796263,3.0755120456743645,2.2654673004806996,2.7576080604104574,0.05375596715373886,-0.4973428819775038,-0.8960477403546027,-0.3403718467046114
-9.15875970654835,-10.541342163208403,-10.142989915040923,-8.777341384418687,-4.779754575463659,-0.6570240530068517,1.1962457842032326,2.3411014575047866,2.510994093532837,2.1420925052175126,1.1485423592226307,1.8306257741795038,2.1558208171236473,0.6754929533616807,-0.740106466468325,6.4301200049013625,5.9882941217668675,1.8034882396933414,-0.5493651431410448,-0.4812950745743894,3.0850845600568526,2.8641613250683426,2.8584856955447244,3.187739109963413,2.544930587561112,2.3966813554048922,2.4459478591720463,2.3223010949252663,1.4513620008106938,1.4934871857984124,-0.20783929681900123,-1.4029521214658012,-2.0309651151395878,-1.121885449767883
-9.700520698574923,-8.716076202998769,-9.550429091687528,-6.5561837257195865,-1.4382923187584968,0.856741676976481,1.6568472076958107,1.99491218385052,2.4075309223780343,1.3337752237647402,0.0012966907293415538,0.6306288175679552,2.1183551352127235,0.5246202471141654,5.222341088719539,4.754235647134412,4.908698982924155,3.433946457416329,2.614551167484174,1.7777670145363866,2.193636926136168,2.7994946953166346,3.2300523411420814,2.9065718130658507,2.646459004932123,1.9420189464517368,1.4272789448180434,2.050822589088132,1.3214209677183901,1.79390111948162,1.155094411883904,-2.276855775905359,-2.697805801252739,-0.5679341770541201
-9.977136127765888,-9.255087723110277,-6.572193681131156,-1.5388605879785069,-0.6895461480511988,0.556875347863947,1.903783915996287,2.428761819148857,2.327805156409643,0.6062250438439337,-0.4901983448989468,-0.6898650434207607,4.401370554944956,4.912311633874585,4.467876948351735,4.475519149675715,4.613705369207196,5.3929778456971125,5.585402125570207,2.7002146634299136,0.9252042632661971,2.1376267846507275,2.685616599182737,2.986353316313774,2.109507533028896,1.8565211886416249,1.0360054889251236,0.10813598828951618,0.9810497596978347,0.9114859988068381,-0.5342795714783152,-2.9016858132481063,-3.2247124201549053,-1.0080512669566466
-9.788348063969456,-7.375874635691976,-2.298232179150917,-1.015820562230825,-0.16041182204815432,1.7164231946787614,2.1005799994182666,2.1294584130683396,3.109064074617793,0.4566663505304587,1.1567587505731602,3.6454607119766793,4.049254052755043,5.037270779245391,3.5185524102458383,3.079925711379604,4.113683949245305,2.9182495961761714,4.639360616466695,5.040547656233723,1.9130795879019347,2.2653831726259006,1.4482635414084408,2.254733955360244,2.5056238578984695,2.7328869728333487,0.6967988358284536,0.4650120861296589,1.3673490507722286,0.14485546577907144,0.13955082454030618,-3.205496252270837,-4.2421595744669425,-2.4904461371768014
-7.816122929041843,-3.425621944076814,-1.8693141890088338,-0.39109594768628153,0.48747818330087317,1.4964116609073288,2.7334223871302252,3.5421913915862424,3.619965116827426,1.4684461077319122,0.31401107798390704,-3.2683113370122485,3.631697882874478,3.750805194818423,3.8216966184565253,2.9238499530641384,3.1251540779335927,4.2919528753101535,2.02631451464346,3.7089467212453755,-0.3180812505046416,2.240750767765289,3.1737640053237905,5.686619607404502,5.164865624938349,3.4435903657994524,0.9646290396395141,1.2395760281702213,1.7047962188073331,-0.6042764882896285,-0.23841688003423203,-2.593879167135737,-4.3865723684390705,-3.17413594321689
-3.9267096434068405,-3.241984294554321,-1.6320421368863638,-0.033266986612408705,0.3454366280337232,2.1107030042798858,2.822739252795565,4.065209712022167,3.5726659712581506,2.0361441252276355,1.4035727656733483,3.9086999185679856,3.1184781204372483,3.3511311912128905,3.575720705339079,1.513323022105912,1.3640237510344873,4.616074102739794,0.2092988185036598,3.030727346287587,-0.33380280583438315,1.5340919189638802,4.997789972092682,5.108951394000535,5.965625853603607,3.963239054113122,0.24397545099584436,0.5824659688017825,1.2848314269485501,-1.6883290916818656,-1.6475731687962927,-2.8026715163802813,-4.205043041580415,-3.098405551739846
-5.296693915584616,-2.625196646135786,-0.4127981995721005,0.574007132300755,1.0298225139444288,1.886797605686294,4.265975251597559,5.769877909595526,3.791433438820985,2.666116567381584,3.411564703243057,0.10702477542090079,3.2940713961687766,2.8635391344115084,2.5608262585287407,0.742005684573629,0.7604617158083934,5.918195788746243,0.08116464053338826,4.3932972398440535,4.04626282568799,3.9189574066959483,3.6175163488299353,2.7584549522502555,4.453004815902008,2.5156614246413698,0.5879804309504416,0.6086039639221897,0.9229299078897257,-1.987837216090636,-2.4605946045564484,-3.528032481212172,-4.819948246550221,-3.304957188484802
-2.850933867074537,-0.43819310011377927,1.6662330505005607,1.804503018736576,1.787921525260587,2.041146157055926,4.282453858662167,6.935289651713841,4.484590941863638,3.4523395773691545,5.6902924297849315,2.872388582353784,2.9272502917840373,1.8448703517958613,3.893707309505483,0.8503871840159797,-1.6691300464711292,4.538010159655607,5.345308082716281,5.44183875585261,3.221891518266992,4.681565373271903,1.5764898582163207,1.2945570408858738,2.758146651900367,1.9286215234078237,0.6002546834838803,0.47259867504875175,0.3644996712400164,-1.4988097935004543,-2.3972400248921217,-3.4701519515875594,-5.825091768055776,-4.897721722503543
-2.6494254430242523,-0.37584179496991343,1.5856866588828087,1.7927140858707145,0.9113741535322726,1.0002859163095168,4.044554038980354,6.49080682247546,4.822676835226955,3.8995658258115053,3.7669519382406293,3.2386097859716583,3.318295371267768,0.5486712439519054,3.114934103070631,2.363893057741435,2.4207624910991394,4.553416390120407,4.373991757579361,6.392389327229927,5.404324643201292,4.170235246118687,1.4148137759935722,0.7407835699152804,2.217852783097395,2.1342371543082925,1.550744336873083,0.33372823136941193,0.0611191399969039,-0.8507074918648844,-2.8962683363760937,-3.630926410860677,-5.479320387644012,-6.068082223436237
-0.3006869368307527,0.9900097885569085,0.770657774046696,1.3953283543105066,1.2403691964851977,0.9818581775274348,3.2377070666998637,4.804184457654096,4.276216026469232,2.4316644291839644,1.068858232788541,3.2774431977136262,1.8773077761485246,4.545315647222664,2.481752913777572,2.7200076885676907,3.7739363322235158,2.682402948251314,3.7537195290763163,4.6748110696259495,5.382136894494632,4.383711675442259,2.196258228521322,0.23211098978080316,1.3236668123546307,1.4787159940555024,1.194684988383631,0.7409756270444351,-0.2554945807971003,0.08768146346897884,-2.392656178981978,-3.8088931080281974,-3.528580715787851,-4.333376985506127
-0.13799036929271707,1.0031007542613064,1.857303180656303,1.6189419833302907,1.540250981596693,2.472082173096925,3.929999666688449,3.5377014348495477,3.2704932423119244,1.6085981824345326,0.9849365832767373,1.0973222028435203,2.2615262638524163,1.9123443787507504,1.9395419952862958,1.6205920481511331,2.506768053037611,3.120354797183635,1.8895967589139715,3.13975046378131,3.6982363621278096,3.249672187670024,1.4641033782390924,-0.9680054898158118,-1.2738307458128169,-0.003402253779303902,0.13795952780894677,-0.7651752554842024,-1.415128727097714,-1.1305740985428767,-0.6752892262485372,-3.075123210797259,-3.2767039439837222,-3.1872426542920573
1.0833126196245542,2.5503647660682134,2.219182233588475,2.157969983983844,2.51330695107634,3.1203821823652227,2.689048787691144,2.7319059922079014,2.070268242139882,-0.10475652059244327,1.431113262221125,0.5391241010648827,0.5683802169024714,1.5447293895328245,2.0446554591332995,3.1249513211641795,3.555217571305508,2.451493499579032,0.7297323289494793,2.7685087932982237,2.8011501858801937,2.166490227348423,1.429183667828476,-0.7314479395313395,-1.7907369918510656,-1.616754890228776,-1.6869755812917757,-1.610764138840213,-2.4203049177682767,-3.056849652568993,-1.906287577692854,-2.6277952245106455,-2.709448534786181,-4.517721838875754
1.0813050369269854,2.3739834374509505,2.558168602189281,1.5404837707346435,1.4885256281842316,2.225856631105659,1.6762517880498495,2.2896117376782428,0.5344488295805961,-0.2309743362385554,0.21675965512572568,-1.1844400221685503,0.5975945248730035,0.3039465885233454,0.2916701267271823,1.5601505430546536,2.952680168750078,0.2910810330444841,0.21218518160399186,2.3044377003571572,2.5849721349491492,2.173438173027218,0.02596115366325695,-0.6609758853631851,-1.4438255724070348,-2.7380150953684455,-2.9962053067124943,-2.801882449429551,-3.1173689272014733,-3.271442410967664,-4.350989067404124,-2.37504341440071,-4.01279292267828,-5.042291855432028
1.9592758302524587,2.5291123053133275,2.080855838942217,1.5357142183153802,1.3051225585279573,0.7629630528682636,-0.04853417771982722,0.2764659092715249,-0.3675942413863737,-0.5238753911144933,0.12083847106102655,-0.4952609029420412,0.8534290031572148,-0.20899646613759687,0.5695374895782033,2.8849053550526205,2.443733201864584,-1.0121994401365224,-1.3820167806259274,3.2360286724771004,2.676463128585795,1.8634686199185029,-0.3203876695815548,-1.8107040063589137,-2.1909411577387745,-2.0054749311223867,-2.9344028724497386,-4.205891591177035,-4.744891934076946,-5.304123114163796,-4.885069991586863,-3.7913390580589885,-5.233446158599072,-5.943335488505171
1.9912322762206072,2.1444667908387736,1.4781590064945145,1.5990203643992362,-0.2148649424534332,-1.8719119727745577,-0.5331446622941647,-1.0275812841289131,-1.1070577533050303,-1.7778688846834712,0.04596817242686308,-0.7505983862659017,1.7741666591371068,1.7043223272000945,2.8403434957122777,2.1734082404942154,1.4295369558379671,-1.9484408840708367,2.2611221806122033,2.6560893918559447,1.3456383503649627,1.122932701929323,-0.6871834121101121,-2.541910524149879,-3.4275819796721434,-3.6144807389607014,-4.154112234983462,-4.794778447345634,-4.872286545980141,-4.651868809937026,-3.4002905955739537,-5.771718646416851,-6.452869271110623,-6.116703973937255
1.6351155925216372,1.6016484668564657,0.8392442180758205,0.2054771437086237,-1.7529127684404802,-2.5420521448412505,-3.03102857603081,-3.1838026887381505,-0.8739470963408719,-0.5457918419000114,-0.05149409933948227,-0.20545346924981636,2.778132071183318,4.323925277468092,3.1374733839305344,1.9821332735963477,1.5506300302839966,2.2706430297709645,1.7997906375917816,1.3748087465433914,1.3940281324494344,0.8026093625319848,-0.08768348573242135,-3.7456880768747007,-0.5905577629541937,0.37842930784860357,-2.8971322649017326,-1.7787863975923934,-3.3712417402839643,-3.6837323393364514,-4.57222757206564,-6.162059616908538,-6.90562258344466,-5.827727628502405
0.9764901209047547,0.36403219397179826,-0.3718278966409879,-1.5771910613191533,-2.9018846409633645,-3.0756777575452654,-3.7487366237879693,-3.8670015575381056,-0.5564763166898172,2.3453289868843563,1.0435788008705358,2.289671859489731,3.0519689463717024,4.796847495527469,4.131661548002415,2.7890148619244557,2.022729130572834,1.9424669557920162,1.745587267498637,1.1018365779003871,0.9453939310939017,0.8737173092192542,-0.34850897780545087,0.20500829403692156,0.9667398204393463,0.9335858200569276,0.11275764950396196,-0.7809737852262663,-1.8438397052534479,-3.5071767584396,-3.9373018910092936,-5.666376740187246,-6.400801979799307,-4.942860215686096
0.8269024856718785,-0.5582813333398281,-0.1965638560100859,-2.3132334416065032,-4.510973533252984,-2.6000430088744646,-4.850471896290265,0.9435141726314121,0.5771462889805149,0.8584582799976472,1.6741581846089706,2.572289547305429,2.7770323560965466,2.9278108222953145,3.278767714905032,2.926648616983241,1.8131888202966455,1.9082789375495808,1.9651791847929814,1.3074289303569266,0.6888418026016139,0.4212441498180344,0.2338947343591831,0.3209681963340794,1.1054498047793584,1.031276811848496,0.5421462498822336,-0.1950415329156038,-1.4067438635361826,-2.714551398087829,-3.942893503680915,-5.13697300609964,-5.998585226968965,-4.006765564403858
