script/wind250m.json
{"header": {"parameterCategory": 2, "parameterNumber": 2, "lo1": 3.000054539987559, "la1": 64.9999836372058, "dx": 0.5, "dy": 0.25, "nx": 34, "ny": 52, "refTime": "2026-01-03T17:00:00.000Z"}, "data":
[rows 0 to 24 of 52, columns 0 to 33 of 34]
-3.4625912178548437,-1.9160411559286485,0.14986450260006504,-3.819403289445231,-2.676800352241184,-2.8158331287553238,-6.271155581863019,-1.5145335822762178,-1.583649509318218,-4.345694099382202,-2.0876067245974284,-1.188934399468382,-1.2056458432400834,-2.84694051948514,-2.083839594593031,-2.0566429928594077,-0.8169197113536766,-1.1994331077420328,-4.59060844988754,-5.117183020703361,-4.095941258536677,-4.575821060964764,-7.922586290442218,-10.240558617921446,-2.891415501533169,-3.7080317579025053,-4.7083214363226675,-8.0987209558311,-7.077287056506704,-6.458110607821084,-7.62113593497128,-7.896114665157773,-8.581657921899177,-7.009390494761532
-2.86605376531636,-2.708371745062175,-0.780000167087638,-3.143987278587783,-2.0925804159997297,-5.640335027813612,-0.19610427988810453,2.805888736373648,2.2499818385875194,-1.7214899404504598,-1.9927589517838993,-1.1023644556425463,-2.669761384322119,-2.560031633100791,-2.5237461362435227,-2.37281899840553,-4.052274157709399,-5.054656705551035,-8.845434561759017,-7.7317056394136445,-2.324508546635839,-6.218024269302047,-6.893557485980594,-9.1504014165929,-4.162922965496636,-6.743157377773137,-4.022198864230245,-4.885298148382673,-10.586373931980779,-8.80709061189139,-5.785843842499934,-6.431493124058752,-8.047148083547922,-10.033954125787414
-2.656249948001614,-1.6064613657608084,-1.696181895854236,-1.3345609570781605,-3.472633524552219,-5.146066491851715,-4.069582013677008,2.66933876971759,-0.6604496895993252,-2.037514526209415,-1.9586843698585303,-1.5450618179915465,-2.727623839902664,-1.8104522497032303,-2.4297365363796737,-3.9118113161789716,-7.722988024621965,-9.037315800099023,-5.782048968020599,-4.717554213891876,-10.337247506384585,-7.2673889926696305,-4.399265392187419,-9.142067637509728,-9.128562515039171,-5.014407635720458,-6.2602694611311085,-5.283603787234749,-7.893646962528309,-11.165806994037967,-9.035612952877113,-6.34906144541688,-6.161917135986805,-9.84453325756826
-1.8172671194144738,-1.4477380798910366,-1.9690322656181993,-1.9465866575662871,-0.45489106992380723,-4.800088322514927,0.3271898982713616,-0.9349649606123075,-2.574031833726754,-2.5195632742922855,-2.5823565003094524,-3.6746273709094606,-2.9834844336126225,-1.7899155730201255,-0.9164632846402604,-6.1738130022357955,-5.972814098452118,-5.853717719577227,-7.456360206699355,-5.023222237338282,-9.100892605216586,-6.336398821275365,-15.326953107310226,-7.650658415039972,-3.5761329508515156,-5.106729301341616,-6.503807338686907,-6.595219462279303,-12.168272179600283,-10.888233865423084,-11.088964324960351,-10.10070525394558,-11.432858515128597,-12.269181266925278
-2.379232168165462,0.6772097934364582,-6.8618587022730155,-1.2512807721050865,-4.036834153986212,-4.486920369888619,-2.201699757557875,-2.887495210036191,-2.612887227427216,-3.8200294429468444,-4.453078646221664,-3.274982491837053,-2.870784826783041,-3.1639333467090855,-5.900094821586271,-7.019546351765772,-5.163707412447563,-2.2797493554982027,-3.710559492400882,-8.624761420032186,-13.55652664332517,-12.393799359551265,-3.0871645777839705,-11.218058778947361,-5.652776378816268,-4.805112348202244,-6.315084515655346,-7.4623481369700055,-12.211290582987342,-8.609095464516885,-13.05086318402485,-15.698240536309294,-9.600186036512172,-10.22062211085076
-3.9859968005537523,-3.456427727713729,-5.63739586928097,-6.05208083467785,-2.6493598933317637,-2.2146531174823063,-3.4022194185298917,-4.285098561205117,-3.6154122317838553,-4.779385223972324,-4.801767951873263,-3.871114260647303,-3.930658510541147,-5.284494353663199,-4.726584516713243,-5.36455649284115,-2.119311364780059,-2.4494201608689696,-10.492787866703125,-8.624945698780731,-4.06510120479253,-11.192735478022248,-8.506709715261385,-6.251295525810727,-6.146992503519536,-4.282700508109881,-4.4956016308776,-5.966870105629563,-7.6980341395347756,-13.850470504320668,-15.366005716440002,-8.621464956565115,-6.5290318635053115,-3.932527303762215
-2.521671300793394,-2.9101994753420435,-6.874692616478322,-1.9895065727402583,-4.006988044829043,-5.062641035570037,-4.63638853725492,-4.0316337334844565,-5.155612776510133,-4.609624526090996,-5.413504411438115,-5.5141983195117845,-3.92922440551664,-7.713697777098729,-4.1162960950914975,-3.2609551010492654,-4.8032350964408135,-8.933046596093313,-11.872236686713835,-6.504372364284934,-3.2762164719878335,-4.312380164051054,-7.46303205604543,-7.8476414309719145,-8.050224197582217,-4.4902830919037005,-3.5405090915900397,-2.026218790875338,-5.005862312460835,-9.023087901118691,-6.407295121162032,-5.004485034384187,-5.047288085236917,-4.044033053109484
-4.966966393937307,-8.429780225454929,-4.873015367939492,-4.601867602245266,-5.027912845282413,-5.803550104404877,-5.107579767944733,-5.097767351992316,-5.574204399027589,-5.777541512846484,-6.098446741417605,-4.963723596434103,-3.481408383376595,-5.489568227168486,-1.2385066016737543,-3.4900861088855124,-3.7654625472609524,-11.722104022297232,-9.808782458504092,-2.577740182528165,-7.655074345222057,-4.362730743372221,-2.6109215011794724,-4.430615429434839,-3.031483076917825,-2.967287461637948,-8.71001441416028,-5.352207837000753,-3.2621027109293776,-4.234524542504682,-5.645874504463542,-2.6323338581596656,-4.599584095968561,-8.562975249843745
-3.2340127601868933,-10.210866948414399,-9.075274877978549,-3.614676470279563,-5.304564762179017,-6.739334501740976,-5.732157456607689,-6.054992425044402,-5.794682679090532,-5.777391595416386,-5.862485652332799,-8.132461211502328,-7.354842942875348,-6.670953374520119,-5.751849725451147,-2.553962272173771,-8.454710579148225,-8.228295600593347,-9.865397291096597,-15.250253472809668,-9.530165197057281,-6.676341254887885,-0.09751316165727264,-0.7268380065104318,-2.4814204474942922,-3.662152241091082,-2.6976525277046495,-1.6546948656857132,-0.013741281365985783,-1.2865711183202455,-5.091709963727957,-3.79337381120002,-8.441435703799993,-13.634117792766691
-4.01066475613511,-6.917189302602704,-9.154964931218121,-4.900911382784376,-5.89162029375192,-6.622042058111992,-5.415791415093898,-5.035325378092775,-5.517789431692785,-5.864425977585561,-4.9883603403808845,0.12528836177321379,-8.795625227475975,-5.428304073523498,-3.0503823545456945,-7.385137015879436,-4.036689530859042,-9.694029697103927,-10.680561853473016,-11.274557389040327,-7.734310853410291,-2.8253640293762605,-5.088896285532431,-0.5951697529850758,-0.28351842675948974,-3.7727097615417655,-1.5583388349772365,-7.722678649031462,-4.839968467181289,-3.5047082247342987,-1.1133115453067899,-7.675305823831955,-11.609965718089997,-10.810211530468404
-0.4402127893903585,2.1018080893388214,-2.1643310960653968,-4.758014301424957,-5.7338662404053675,-6.219471960184311,-4.131440814494176,-2.2904109753533612,-5.468163023739609,0.5383012389791286,-7.519174268778526,-2.7783712644694867,-0.30635828041575697,-4.600228729076068,-6.833184771089268,-10.231635476474912,-4.376432183426635,-3.107930122575447,-17.50809823282645,-4.420486695445357,-5.010415832877342,-5.338051772612108,-9.524583433014191,-0.8088002879534221,-3.037343085163332,-1.338334021924231,-1.77707003514116,-5.933355036099618,-0.25838702583760803,-3.2120336930953015,-4.812967738623595,-12.18158374096702,-11.255459431626866,-10.67182931956796
-2.3276740952674424,-0.38833091998547675,-2.0732440585006904,-5.242410209617067,-6.014941644455229,-4.79964101046887,-4.7125530942509295,-1.9416437519195473,-0.8015211565416979,-6.754511183923106,-2.1313004207432615,-4.718913792007383,-7.45485781148408,-5.139851238169504,-7.798988593344686,-5.268311653051723,-11.82860071186063,-14.65607555111353,-10.49767076007759,-6.126584027636885,-5.342624585321655,-11.668466124823707,-1.4389786208787458,-2.6527082242571494,-0.8220604375562018,-2.2160723573728416,-1.9656014707733807,-1.1620759437735526,-0.40100978311799773,-2.935420265720717,-12.390236782570549,-12.29904816433564,-12.349776255815126,-11.70832489851827
-2.1087142738874327,-1.9470765705839368,-3.8180603686178065,-5.50706871431745,-6.2586196618785035,-3.0478388606312765,-0.8891726999376895,-4.965970997302306,-1.9333171094867936,-6.643441314419613,-9.41659301373443,-8.972097548968275,-6.735793380296584,-11.432279963620061,-2.8038455114787695,-2.0284096997789347,-6.430418642575487,-5.813969359569697,-6.162256542523562,-7.409150685179017,-4.510109088317881,-3.56305117308585,-3.4521529184130944,-2.526488077919323,-0.9463623924024879,-1.7713053292645484,-2.05187752763966,-3.4634344830545167,-1.880352757507494,-4.136559201600473,-11.620409021520935,-12.354051349653387,-11.898330139316393,-11.09549758588376
-2.4339043890904417,-3.080067484130989,-4.576589298671443,-6.325316817279143,-5.8063563117852635,-5.187023782423044,-4.590285224990465,-1.2354769905138372,0.21002791816186878,-9.576293256647782,-8.507572444550712,-8.506823644399253,-2.2201596838621365,1.733162084553692,-12.439814842475485,-1.853277854708548,-6.755601494651091,-8.834105108632912,-8.628757343875835,-3.3162974556128693,-2.175276275519786,-6.1768410551074755,-3.1448932825963816,-2.8344478529067922,-0.977471873764748,-1.5419147658363017,-0.5725716954900474,-2.193221214250984,-1.904550956396551,-10.498142245818817,-11.25118041894266,-10.948447945013102,-10.860210673029899,-10.727384303503955
-2.357581341446272,-4.10503909066348,-5.454649655259492,-4.796682378075934,-2.4787564096308037,-4.422994251265025,-3.174554364168853,-1.645542162654241,-5.06949405224549,-7.2626859684532015,-6.180623409633843,-8.981193139801361,-5.869107909209449,-4.827435701301502,-3.4149666531180043,-9.584782990997292,0.3344264968079362,-5.427543655745039,-3.532609761047402,-4.496529189085059,-1.6597894038385244,-3.218857287798171,-4.820859528464108,-4.215747379046288,-1.4696713792873763,-2.9154191867258694,-2.8383885459860814,-2.3311260838415264,-1.0374683113889025,-10.598687280894742,-10.704591511837215,-10.644467959681842,-10.579916918716144,-10.279834731852711
-3.2654941512380944,-5.870178526898072,-6.148216346219909,-4.128590315466921,-2.0227594270145293,-3.999325857122729,-2.833606518810299,-0.02637132145990748,-2.6706901437038977,-6.9467036251370775,-3.8189632821002464,-9.262857427408116,-8.346649495757662,-5.346364575475394,0.7331413750570871,-10.328842227219662,-4.225239999187757,-2.2914007625267536,-2.7202415075672732,-2.684915577063519,-4.672494411763065,-2.1461807400482718,-2.2213592649715888,-3.3819214293811917,-3.771716242590801,-3.2735758894751634,-3.316324493615978,-0.7988976579037441,-1.2605225414067993,-9.964639862602734,-10.120590995284179,-10.126057972604087,-10.64050127494936,-10.661268185328515
-5.413292949643218,-5.051674944182574,-5.113837100276192,-3.526038147061778,-1.0749301954428472,-2.874196952475463,-5.60029202246746,-3.3118190996996044,0.9792635037671718,-3.6619653470959577,-6.084183348724673,-8.489912408581588,-1.6211916629990581,-1.1826153966140138,-0.42127162555660064,3.3439604411826003,-5.518433687529574,-1.015564263280593,-3.9890106622215518,-4.23144172780924,-4.01702753929067,-3.1578398086178234,-3.948529852359317,-2.6413728038324167,-4.669585938589695,-4.413524266592561,-4.230568598678262,-2.152132508160509,-2.2013456594363303,-9.299319424689584,-9.425831699172067,-10.147726051427602,-11.000447188528069,-10.903155952941326
-5.1989593703891614,-4.360907994543088,-3.423478304694038,-2.2243122615688153,-2.1403236166246913,-4.243975575042039,-6.82378938236927,-4.778063018433429,-7.307415360575049,-10.585588032712995,-5.122495862389226,-6.790087689494879,-4.468958373865395,-1.2220177885408687,-2.106921399154852,-2.3248897366622066,-1.0301899366830334,-3.047255642861285,-3.504378990596897,-4.162969611073264,-5.002303249424848,-3.024716241787081,-3.811369904365565,-4.817053886998907,-2.690424340032857,-3.61522964317407,-3.8453208145857474,-2.517254271997427,-4.087054609227515,-8.577388561767398,-9.394266709732353,-10.064901249106441,-10.796288350310833,-10.937578429797922
-3.9393767309143413,-3.4371633841575906,-1.809562989395135,-2.0293328564822986,-1.3938081743153314,-4.707634309949581,-7.495663548175957,-2.173589207889509,-5.025612410665484,-7.097032402874305,-9.689888948595941,-3.7837618295622817,-2.246077831932532,-4.734358538351341,2.7412852134524632,-4.590974942144316,-2.396822518329923,-1.814097568310593,-1.2889404689943738,-3.4837549532421273,-3.8539964105059803,-7.814106826714219,-5.116496352457547,-4.531095919560763,-3.842528591517356,-2.05176761023982,-4.3496018233828835,-2.9318041802535775,-6.550672893331195,-7.513339175749367,-9.072006082525709,-9.760109361401208,-10.641675798283847,-11.089494019963071
-3.0170963671605167,-2.519223703231585,-1.3431627403202597,-1.8800194357472395,-3.191946122160423,-4.510121088257321,-4.506276020092369,-5.4921415344389946,-7.9164932740758776,-8.06173842970573,-7.0328431474196655,-2.634569030708699,0.394372506279831,-6.173189283388782,-2.5779057244583914,-2.3877613081299995,-2.492685066129491,-3.158625692066415,-1.8553253315486888,-2.802179594548627,-3.0687543188732707,-5.088820318187687,-7.46253369710857,-4.623877387969964,-2.3030616257809777,-2.9480807056297205,-1.474557494475899,-3.5983129165559786,-6.170412699132793,-6.77381295497535,-6.737292368447891,-8.61044543473637,-9.634557966701529,-9.072362965555907
-2.206174575876833,-2.2966041718467793,-1.6844967621812372,-2.4331707506699827,-1.6277723649228864,-3.6957014846254506,-0.8538901500674895,0.32270765210743996,-9.469390641468458,-4.772796329684702,-7.619525872591641,-5.983717105576972,-3.2302055715724127,-1.3311801312392175,-2.913490796462745,-2.5642495624653203,-3.6667222380729765,-2.9135904945188873,-2.5512138169287533,-3.4953509342547977,-3.037325603165329,-3.3699742076435815,-6.601349942708364,-5.744705740866239,-6.1756948129842435,-2.619244975640932,-2.812559621444945,-2.954395978357445,-6.363743742386244,-6.1766693986752665,-6.637488385447921,-7.496387163345145,-9.969979468696112,-11.307274350969491
-1.9804253893905581,-1.8813230320828551,-1.766147532569864,-2.309743343147549,-2.4645546918598864,-2.308950113495363,-1.824753495141619,-7.260628857546389,-9.200770999927586,-0.09673978474903742,-5.510135137483601,-3.6934188005508313,0.7930256767581311,-1.3111079894023914,-1.8777632954011516,-0.9901855743102898,-4.060242215409982,-3.255471987746823,-2.704445666483729,-2.253267478926432,-4.388722795413324,-3.7854451527993223,-5.541258919878476,-4.816715612531349,-4.934775740571939,-4.692447939695364,-3.0810009961646276,-5.370075783608823,-6.796786863696276,-6.048053067510919,-6.2073721029514095,-7.5996678275085445,-11.858950420221017,-14.28737308301023
-2.4487627179873184,-1.6651538453363588,-2.1205207458150217,-2.5818004526038036,-2.5039312696143137,-0.8011311390751724,-3.9739322636718803,-4.734467095625159,-7.5193741320225955,-9.30571543085985,1.4319737260016683,-4.190301253634716,0.0764940254839658,-3.551226084108301,-0.6236711220908446,-3.1089945945859667,-3.159109119986959,-3.3414823235927607,-3.033806620574498,-1.7386946892906028,-2.2991567906631567,-2.6386849103215297,-5.64150977481283,-7.4880532873763626,-3.7069167970401193,-4.915705118734466,-3.12335049019328,-5.772635146171138,-6.285723942796752,-6.2731292831564875,-7.197741041972289,-8.029302636355592,-17.6783529632288,-17.48927248942318
-2.2352213132777212,-1.8799667362930148,-1.6856839873047424,-2.423638627117253,-2.338827847974702,-3.1536077245277454,-2.3198790443378354,-3.5359323818471404,-7.291331916199843,1.374007348224273,-0.512204965221568,1.3163524662453179,-0.8185852330274566,-1.4521104979144046,-2.523918239336588,-3.641502079395236,-2.7897195186328054,-3.548315354658037,-2.0497445563946837,-1.9853827814167575,-1.4724739547977883,-2.4553759100681307,-4.1384922101704005,-4.760860052383497,-4.493346387784936,-3.707777289466763,-3.909289199850363,-4.043769707538502,-4.2534111806798425,-4.536588535272276,-5.475517662696565,-5.842314878518141,-7.37699785160525,-14.446294581787502
-1.8871208143774094,-2.15002426530732,-1.5049387262101421,-1.5579290398439138,-1.4384022618228156,-1.4332226607917995,-2.710625399957179,-1.7243697774079425,-7.788254995572088,0.6492938161163982,-0.04047659058877725,0.44805599565334236,-1.5183812420588914,-1.1487605390020605,-1.654166861768384,-3.845890754497508,-3.153260610187267,-3.4010617770443137,-1.8624690185035548,-0.8963804930498864,-1.4696465711880136,-2.788232864293822,-3.722607600485495,-4.946871830104584,-5.004798402572846,-2.676492757719524,-3.972558124907299,-4.69218152388962,-3.9492527367909385,-3.9185297723104062,-3.162955986874422,-4.387372069116605,-5.558109591925326,-9.129388331660207
