script/wind10m.json
{"header": {"parameterCategory": 2, "parameterNumber": 3, "lo1": 6.000198445256149, "la1": 58.999992894266676, "dx": 0.5, "dy": 0.25, "nx": 22, "ny": 24, "refTime": "2024-02-11T06:00:00.000Z"}, "data":
[rows 0 to 23 of 24, columns 0 to 21 of 22]
2.9143206660684178,9.295900489814807,-0.06276130752450981,-2.0285484564061607,-3.825105631512259,-3.3669813264622883,-3.3470388901768704,-3.685319153907178,-6.248982419785328,-7.8238723493281555,-4.125154624371007,-1.2275808784275881,-1.327680956680106,-1.9769486303208668,-2.9810381064859066,-2.4329546727312636,-1.7738596718255903,-2.0215666812900377,-2.0980136348499494,-1.7094943476792261,-1.4924054136990046,-1.4798817800819724
3.34101557094697,-1.8498591329134473,-2.2357488428553065,-3.06287579294553,-3.0698337080633844,-2.7451633909371798,-3.3652580852145526,-9.200070600554444,-8.511208189313054,-6.798403729540186,-3.462486149141601,-1.3162469360668931,-1.5790663545153412,-3.9445980093494004,-4.095540123718646,-2.7441231461853155,-1.0020507239709977,-1.1897326548181735,-1.2375866190106815,-1.6007535572915093,-1.2226860440222762,-1.1455124948532946
0.8978124927896612,0.06907003111163816,-1.6060263954952376,-3.301027517736373,-3.531867160595079,-3.4352961605030723,-9.969048723641981,-8.197242935760922,-6.999248943211713,-5.141716626336646,-3.2219756876196888,-0.9965762635298655,-1.973095445249013,-4.96699034666812,-2.320338879562961,-0.8054191396296083,-0.05011178315344418,-1.3800637536794031,-1.2635281398642657,-1.4340706252750208,-1.323850889854915,-1.1821925643298592
1.8546683140652915,-2.4075940003385066,-1.3301676062025116,-3.350181408186838,-4.401475993659387,-9.252503280700207,-9.030682054386299,-7.18043181769471,-5.742910605551365,-3.827606336818307,-2.7233553840830074,-1.7019803542142153,-1.7956423528152832,-1.6414618280462419,-1.418914643664422,-0.7524956530565086,-1.1487206925279112,-2.0238542334754794,-0.25287475007448806,-0.4605549569418543,-0.6469315401490222,-0.9900232446712198
1.0175521205512081,-1.465304791753326,-3.8741175590737,-5.926191269031477,-10.927776126208153,-8.623644162606595,-6.820653318359606,-5.460470293337874,-4.699655045429075,-3.9397952104853036,-3.412318300908798,-3.5364089616540597,-1.4224206080362711,-1.2600890707082006,-0.2781534623058574,-0.3810952475994798,-0.7100156189408252,-0.04908358937891994,-0.5248462555613628,-0.7125237022569215,-1.160307339676241,-1.8311172195703287
-1.3257339128719408,-3.872723128176598,-6.837987507116647,-6.856740214628495,-6.570704711276996,-5.796116538082835,-4.8574718688072505,-4.00285351179569,-3.017005982911177,-1.6826561568367842,-2.656980197853585,-2.7175313683729407,-1.5381160766642186,-0.40547348964330676,-0.8064430525097179,-0.5206767939538717,-1.1801425900189,-0.45039578040310646,-1.0605348416186597,-0.8731077870162711,-1.3333495150253523,-2.1228030705921728
-0.7919084863129411,-2.6532176286081186,-3.9575996956329127,-4.607003408479327,-4.41142169031797,-3.2324077458092706,-2.925541627960431,-2.722573839219379,-1.53338285879157,-0.7748467116747634,-0.6706646615648615,-0.5694197265342146,-0.5766171666793566,-0.44352315509098683,-0.39692772692351724,-0.6401957362606783,-1.195107658027552,-0.9573483338499583,-1.2758619904562725,-1.4361733352541206,-1.603819169569153,-1.827688811853977
-0.4544451873012651,-1.8580688954903013,-2.4469822798113183,-2.761889358102426,-2.5465346803132016,-2.434336822555638,-1.9750347756762408,-1.2574422598449893,-0.7022110604644701,-1.2509625374405455,-0.7529987469183116,-0.32813166210925526,-0.12000564271803409,-0.9796433577755556,-0.7793793677092969,-0.9750229658702463,-1.012459706625083,-1.0713094091979858,-1.6748361358144948,-1.4049636496737608,-1.7476292544773435,-4.377918481957462
0.3243731646779571,-0.8491164158350094,-1.9581188858980556,-2.187947503412746,-2.368557359034896,-0.756409797907014,-1.888936676765822,-0.6894626430200053,-0.6281211356147893,-0.42211675035150487,-0.2786365041171007,-0.3899599129621879,-0.5874805382493159,-0.8278295391761502,-0.6117647364630853,-0.9335578880525083,-1.5608724774994014,-1.4547895187370898,-1.4021521117992894,-1.6426993071445954,-1.9397127414901083,-3.2353221142028987
0.4198504649164571,-0.2610815400455923,-0.5913229211369588,-0.9534206135620493,-1.0346197992354424,-1.0400412812955133,-0.4401882991133614,-0.7629827497040007,-0.8484505136428485,-0.1629713638764993,-0.20734127474065112,-0.4047891239821716,-0.8412843336727526,-1.193668313905739,-1.1005908195388392,-1.095362412107164,-1.4343325761209427,-1.8709753289147346,-1.9925563961343726,-2.091623459950476,-2.5385351152048785,-4.030266538589176
0.4601541418730986,-0.7483573108019479,-1.2568204402727534,-1.3720395139219472,-1.5044392133156932,-1.0694889432785954,-0.8259627425658878,-0.7395474461005859,-0.7994216382275592,0.0033715923439297203,-0.4900743564574328,-0.6445972666640118,-0.9991716064593019,-1.1658915649596504,-0.008162399675468704,-0.5948539789550507,-1.0653092533735913,-1.7811663043300168,-2.0706689887819696,-2.2187012069383063,-2.8869610992451356,-4.199255587464627
0.38694472304799654,-0.06995059445685792,-0.35710227381169213,-1.2616690084839617,-1.9046303188988098,-0.9528088897635532,-1.2146661917105332,-0.6430706785542641,-0.8433073892473347,-0.3945456927708082,-0.3727404761982977,-0.08553447280793015,-0.29357638105877387,-0.7478824648806989,-1.2877622512941438,-0.9301546219118068,-1.1211440520794154,-1.6195112898381827,-2.350125233871397,-3.032325368180984,-4.8583625993877115,-5.781958190006217
1.071177264553767,-0.10083203634709545,-0.5474713006310563,-0.8517886052502492,-1.190074882621781,-1.0749192433117607,-0.8734534744656695,-0.9168192260323159,-0.9392391088798981,-0.8546196194692873,0.15747184297083425,0.014061419592864059,0.07740461858013993,-0.06160159615517654,-0.9516846639925648,-1.4223622193330185,-1.3575533159469653,-4.132130878592438,-5.569582108363959,-6.132592787815623,-6.8499591811805844,-5.463794339392411
1.3540616699145152,0.8327873871379646,0.13152750025354645,-1.0732326102118008,-0.8428515696480695,-0.6370401821048551,-0.48799727582522556,-1.234501396217675,-1.034744355986914,-0.9057029437148875,0.10951558892338092,0.06052441997403623,0.06990689008167983,-0.9553295235193234,-1.5906329106557127,-1.5518940834298314,-2.7070601512734624,-5.967786444661172,-6.28382892438754,-6.658466781469958,-6.226458312932342,-4.978038100361812
1.783098274870691,1.1820955727729217,0.620435744830881,-0.24308829583528868,-1.6011480406224325,-1.0250223047894034,-0.61409786718843,-1.0159310296693118,-0.6001020216599785,0.30864258400403954,-0.8425663494263385,-0.05675796324833211,-0.8500130201273564,-1.6338855910575856,-1.3611996072511907,-2.752635162342835,-4.883074416737568,-5.114940789001294,-5.302360475840883,-5.341479946230358,-4.417039309010488,-3.5057104735731146
2.2730316660940453,1.3093951002795197,0.43254524482958556,-0.2662955197757055,-0.9810015618466082,-1.1327364466687877,-1.0197323025021485,-1.0406588922049296,-0.6231106548405775,-0.19838927511643337,-0.5268444133090989,-1.062753500892323,-0.5720839200132817,-1.7766592675082453,-3.058262906753133,-4.583243295524714,-5.828862906256344,-4.101935388879554,-3.5236453902457328,-4.217976376842116,-4.1020142039982135,-3.575517280188401
2.462039433688273,1.4560302612701177,0.4506188116430855,-0.26829449017782453,-0.5919397047953312,-0.5067316347759845,-0.5496695534318576,-0.5910486821171519,-0.8007150632777332,-1.9411072039805857,-0.7999118933716913,-1.2891442489931662,-1.9383747097672719,-1.887213581412622,-4.289327949150155,-5.221595862938921,-4.818230947653754,-3.7160371431541845,-5.220266696771787,-4.400640810084766,-3.915451641633312,-2.874680271853363
2.363639957795224,1.5089922651475205,0.49586122774071,-0.1715697154019029,-0.05186511286255741,-0.4011838484359577,-0.541096115694042,-1.0898702651187535,-1.1199976938343352,-2.3298579858788435,-1.7239809930545567,-1.404275510381319,-2.947385504500886,-3.2459426768519926,-3.73416628719938,-4.500996875613468,-4.400170457918736,-4.931623699250935,-5.02133178880345,-3.8605871866537487,-3.310461688653462,-2.8961247150977667
2.1125349457759497,1.6022384061201245,0.8749275950521913,0.23947469680278072,-0.36073293856725674,-0.8236142300193381,-1.0576599416769812,-1.216997041574872,-0.9050319239468634,-0.9581834194690433,-1.7254162857161608,-3.0854715934698786,-3.1149354370092155,-2.910451052796895,-3.8337621437641047,-3.0327485012892117,-4.929006409592395,-5.052703155111372,-3.6480485132338702,-3.131663154164662,-2.4987358369771493,-1.068473634339642
2.101766098903481,1.6738492328857515,1.133729023892448,0.6661873014568118,-0.3017507604697871,-1.0560335878163887,-1.3908824965196636,-1.1239067709014225,-1.2169798011303434,-0.823616003980578,-1.8406087677215803,-2.848072508508207,-2.525369987702629,-2.0049046069185796,-1.6936712820135433,-5.441214975506942,-4.9602390884522025,-4.376747065867171,-3.6294625383936294,-2.5672349859817825,-1.492718591808026,-0.7727978638490325
2.355374863456646,2.098521508442321,1.6139482089386392,0.7246830528331306,-0.43406497603641775,-0.6319601488828867,-0.6160914353941281,-1.2824276106860037,-0.6327523542959798,-1.8471815429171492,-2.2598370711301614,-1.3299975720067019,-1.7907083773325618,-2.5419047153766163,-2.64431065288971,-2.747471474123865,-3.1068880766482554,-4.076757694889933,-1.9283311930966125,-0.7529011433031363,0.6821199032684259,0.3571695720859583
1.0259213495852466,0.9654802887505473,1.2215924469633344,1.5565210561406686,0.5723856562377084,-0.03331315291265104,-0.7307598075651315,-1.2199657444120358,-0.9455415184299811,-1.0746491605219262,-0.888535690361391,-1.2202891696768978,-2.519485634318228,-2.0349759330000756,-2.272658516962306,-1.9708803936973764,-1.472710854373911,-1.3470362984055109,-0.5796122141399453,0.025391179037625524,0.28241302376720734,0.6751376443030975
1.082782897924656,0.8084196260610991,0.7936105552665665,0.49716663834262603,0.25409341498561805,-0.09193075881195645,-0.4742395144207019,-0.5718323381708695,-0.5289928797622686,-1.368023264900091,-1.0324631493286596,-1.609963592448912,-2.1453970903349187,-2.440473739165605,-2.570893572749467,-2.5354838904540324,-1.8521586405694406,-0.9907110545192884,-0.5440651660916689,0.0287238388426005,-0.10670178717135419,-0.18665971800737427
0.8587560273590251,0.7321383746915514,0.6143134688959039,0.24659581261734134,-0.02941667911495356,-0.08774896981091973,-0.9445210089176862,-0.738131669613852,-0.36773902847630885,-0.7001140290370926,-0.03705424429395793,-1.517474455393804,-2.5609142621476115,-2.005081651976964,-2.2343176428663836,-1.7610261104919482,-1.0639304487691932,-0.1127475645002884,-0.0018383387969757791,-0.058500567294653395,-0.13881752116360555,-0.48559039385938607
