script/wind10m.json
{"header": {"parameterCategory": 2, "parameterNumber": 2, "lo1": 3.000054539987559, "la1": 64.9999836372058, "dx": 0.5, "dy": 0.25, "nx": 34, "ny": 52, "refTime": "2025-05-04T21:00:00.000Z"}, "data":
[rows 0 to 23 of 52, columns 0 to 33 of 34]
12.48156401196094,12.43676953477365,12.090449977341185,12.083113745448891,11.458539323723153,10.745887547839182,10.50109270284218,10.15300494702435,9.534184487012613,9.497128932807259,9.476501348678521,8.914540005449995,8.660773636939632,8.655445542359109,8.296431032542127,7.672229357895369,6.053260257476477,5.161965433685389,1.3984703042106295,1.912331139497364,3.8169611949430187,3.952156453180293,4.198452908366051,2.511162609069415,3.827267026154967,1.1934115123211007,1.7135620159054774,1.5864650143065333,1.9134429828357264,1.8295971271815936,1.7239555402807742,1.4162207998705771,1.3233507886194682,1.7857016473379612
11.971308973813633,11.795923377191468,11.93001564367202,11.283605825251989,11.142445062503015,10.336203720853357,9.84412564305808,9.826561669142675,9.129795433625015,9.253110028522645,8.92758119453446,8.63379776785142,8.451302604145006,8.25710008471073,7.890258037558081,7.577168855446139,7.217586951345102,2.3623164268614487,3.0686834665953957,6.342766943552217,1.6491458199820472,3.37281459474213,1.5535119884430577,4.936354675925865,1.9194322533232826,1.8788433590721856,2.0541346355135732,2.227888465749056,1.4879446975076172,2.009905145525204,1.8322757698560643,1.785696875821881,1.4962698161698365,1.5656022585485698
11.554137825286757,11.743303709156988,11.251251586885953,10.995253708810548,10.34452307072228,9.69527200538866,9.497363972056782,9.276720476806329,8.91971661186054,8.785704673181618,8.517458653161777,8.431624788607586,8.152186127120897,7.8203666698128425,7.581999210208212,7.5714641629964055,4.244482641345593,0.8978902209739144,1.4431605997958816,1.8833199735320405,3.4942416183677394,2.3682004892148103,2.4014782652466997,2.9944926588783845,1.9578355257963576,1.7329266642717223,1.3809884935673422,2.0890108251063184,1.7162639541746423,1.2910012377484372,1.6484000759152888,1.7004080620445212,1.754285602263719,1.4195079598836042
11.13185708679326,10.735242709811534,10.350531077359397,9.928882618818296,9.374147964443662,9.26110638161057,8.98736994507193,8.694570214550305,8.481183072654158,8.561702770820432,8.521574653353582,8.419169618432656,8.078438162584234,7.882388637476976,7.359928850675371,5.25150566735093,2.2627117969881048,1.747216584215688,4.868788002968533,1.3923668908476032,3.254431365881812,4.329104884361087,5.525217884293715,3.2225221873117396,2.1950771171679047,1.9156797452197043,2.7888244224337275,1.6656456484310633,1.3462809111559773,1.5559857781574324,1.8065886501779576,1.718986613606324,1.4572804591673896,1.387672871195776
10.221345970826246,9.565792285193034,9.602716364446547,9.215485843711258,8.746553494794087,8.556997452658186,8.450208109959705,8.26657404378982,8.19423556784885,8.527344773512958,8.381274481982457,8.16539331197124,7.989243596072072,7.502300603140462,4.152899510963172,3.22271597274564,3.12026281288337,2.4542306360275257,3.0592351512676617,5.592118043304115,4.424708715193932,7.089650122595797,2.1284601006071795,1.7567778875314939,2.026175955959334,1.685392368107686,2.3630282693881233,1.6259772820776548,2.0665943745842297,1.929202042458678,1.7872342134224934,1.1323710292663751,1.7636972843999839,1.759977870791723
9.149049171209091,8.980571273081752,8.516570622293532,8.093619089550828,8.254615503387399,7.812011970383527,7.8498235830910845,7.837633023860413,8.05930290139649,8.112013984437048,7.871740536466536,7.783375237585572,5.898250771678276,6.967228053691288,2.073479220811631,2.3913642002473083,1.6184627653176646,2.450366070672827,5.693572397686596,4.199013656881117,1.9910312559203496,3.0960888830897444,2.3559066928961383,2.05608594337944,1.8801795110377852,2.0258218277475226,2.4126651221284625,2.334583922442118,2.0938045464266715,1.6273197888567228,1.533947624405328,0.9778149553252617,1.2452971029067204,1.4108712754670147
8.75263805601311,8.036231953529358,7.329305530683475,7.577687003319111,7.3667687284885615,7.272520790869286,7.522801941651675,7.570108198242953,7.421420212741383,7.2132634214680715,6.519819692168315,3.6010718092957044,3.7208889280709028,3.093464402909924,2.8523419915773998,5.2008624692427325,1.7344839769094,2.5811027886471196,6.276432241782172,3.3372675562001297,3.0328549546559063,2.011945207651891,2.065468380470909,1.483814977169975,2.0683700012069264,2.20274614575565,2.1993802727925624,2.2201765852713478,2.163826506659085,1.8220675832855626,2.0795320667412094,1.8368971206284526,1.7706204202055762,2.2838574073517948
7.680318588663668,6.988936353443438,6.9358349943849715,6.764112556269991,6.6218334465518724,6.663333498926189,6.782756450141011,6.62846220389079,6.272376697838705,6.217572817252446,6.576854215636546,-0.07099684905348462,0.638098403414072,5.411038982624195,1.1118822079000552,1.7458066372579901,1.8840398452823293,4.121566150217691,5.792026143209489,2.5973692899687286,3.6632645236822086,2.168036159085035,2.055816787565912,2.70417810210678,1.8986943944989993,1.9659557880142915,2.023951772798382,2.591254815104334,2.468752743989497,2.1651605915720764,2.189855636955984,1.719160695788141,1.8062703802001838,3.85317626497942
6.535131662305321,6.5355812824616155,6.228222046545775,6.013149331764363,5.865957782057101,5.816341431856486,5.339593444388551,4.985197385328543,4.674574772364454,1.7535313052358428,1.8671063707095468,1.4638881202253033,2.735199574060442,5.346786018757334,3.1366059458763096,1.4131147741599435,4.013433741263056,5.295393706862473,2.722577414511513,5.99533411357164,5.789986285132,3.186352555770824,1.332191605920147,2.0151405337040043,2.197018694439014,2.049739616903438,2.218615226785375,2.0151842164987808,2.408379155832877,2.4972075617232683,1.4796576576889688,2.917561730282328,3.3872954776777524,3.609293641459666
5.934808531137134,5.59211795655325,5.572793253800949,5.144451582069602,4.617214368602018,3.8758892316091287,3.6965495629511915,2.863420592522379,1.3033731965255415,-0.19303147540468737,-0.08917910904221849,-0.8569118313056135,7.046280381920861,4.6493217402001745,0.5281748367748265,4.631598958778757,3.845343155186439,4.018850549487476,4.545955752829029,3.831177391432038,3.8121936720461718,2.595846754307732,1.8802404158690142,1.8886482589768978,2.3388944297941308,2.10378775645633,2.3828052079988513,2.3893963996271546,1.8963035805740138,1.7371239671147993,2.1161238951950456,5.229205398125614,4.610734097764109,4.197395642778297
5.175195065022315,4.942275550852539,4.650959103370873,3.9529674535055936,2.649348903857495,2.2260430782714278,2.273169560780228,0.6620366940103317,2.4198191470052053,0.40220610961647607,6.069884103582895,1.0421726203158581,1.424988088089219,4.389652219809572,3.913360611371013,4.598622259527657,1.0439573682557037,1.760769786728514,4.713222745896208,1.4784279639967592,2.0098516169457543,2.889577826527191,2.8489403038917653,1.622422535889137,1.7980168587457512,2.076217496528746,2.7097228346875117,1.7784551609976338,2.3655564868663705,1.7126295162845673,4.994871933116134,5.980043018492612,4.315394735962045,4.531868162640556
4.7441121485178215,4.2598495596612835,3.561681602129555,2.1134816553121705,0.6669370956405748,0.20941321409246888,-0.7991958449641311,-0.9017869658075909,-0.7951385731697349,-0.3203834426063822,1.3348889712769085,3.516573601381113,2.1996846411549233,3.2634859974203834,3.871807384147904,1.7254291051168,2.059132022007673,4.736100103986343,1.9262043482347222,3.342371141625989,1.9969211366716069,2.217745020508505,1.6796866673847892,1.6358433613658925,1.7467108541201612,1.9303678978895844,2.153390162988293,2.070469813306551,2.3008849070867745,3.1345806785047463,5.982540807199914,5.760374723203678,4.3678680814357245,4.008616793167199
4.277519029221755,3.473183857693191,1.938718348207278,0.2191445807105813,0.10214521205889064,0.8682186340530597,1.8660940927637046,1.84581415235424,0.6876609540429178,3.5910110576835232,2.8413706096897187,-0.8034577911288808,2.710596194392601,3.031059292556572,-0.20775798655435346,2.4760829814872514,2.2358572753618415,0.8739780071490444,1.6515216745187522,1.1354340532663603,1.6684053387293787,1.8114445531052699,1.7835939374764034,1.893960958314481,1.8592933514644912,1.77794203808082,1.6275838782910483,2.034270191389303,2.417631319619499,4.871994593906074,5.2567938425150595,5.297310004970718,3.0618709987273234,3.36181673562025
3.3635290340958113,2.1032636880838567,0.8908372875378704,-0.1741935653471651,-2.199760533099817,-1.518986880018658,-0.18423622401749698,-0.6447917440119727,0.45456871734345544,-1.0397445056726735,-0.8089957015600789,3.8185146562975403,1.0359744365986632,1.6604409161143825,0.6193329013020982,1.7363022604868514,1.3656808625685448,1.4720439250701773,1.2379268991404944,1.9655182938606885,2.0365253247746207,2.246819107232573,1.884368551073203,1.886310592947199,1.5762101556131298,1.4974672567658591,2.3829964717361882,1.856735230436075,2.3067656916902197,5.277594236327269,4.672500767074531,5.043847505463078,2.3520161747088,3.0737478768912143
2.285822089673214,1.0554743657567092,0.39103541263151365,0.3965104947962033,1.6007028420939202,-0.6803913736349678,-1.479264938518459,3.0305140767683203,-2.9297794412348996,-0.12145833433552357,1.5092722956529758,-0.8811615701443817,1.704651558189154,0.7526826574169659,1.9231769744231588,1.0894952091753944,1.55917539762386,1.691011760231519,0.6727004138452573,1.2535701069734728,1.4272650017936996,2.023579665609219,1.5054361701453718,1.8339310228254175,1.5639064233416913,1.3469789064200066,1.6634786170861924,1.9392920387173513,1.83724783791574,3.83304897594417,4.023501552327431,4.879089636723036,4.504286993680396,3.386647027096506
1.108403883709313,0.7126022756919507,0.5833507296453138,0.6258352568704715,0.1114248247669382,-0.7000182507451704,0.8848283900588,1.0259286148781608,0.25242038056988975,1.5430019930453431,2.371970118609388,5.066824978008836,-1.1690076203487902,1.0317696885224479,1.8594896111372836,0.3695725093334522,1.3228889516510045,0.4935296349072501,1.3919543249485682,1.2197252709030124,1.1743717450951856,1.8327974826482527,1.2913713278289285,1.8622737324788141,1.2684828695899415,1.180655924824628,1.9993281648345667,2.447584382670296,1.7294760643827227,4.512749686002563,5.370121514574458,5.811092807434349,6.192155266773763,4.09694539097354
0.3372435259242597,0.7470494293783105,0.8196823467622709,0.600922160658303,-0.08226296436332572,0.846407118810888,0.6991725240880837,-0.024590278457361565,1.2991260512446403,-1.2563472459502676,4.681648020596219,4.984653881803406,1.0487314114071964,1.525393443811679,1.410055384026483,1.3625337950298169,-0.4170225868644578,0.6658195325987127,1.0438290578656189,1.2711080222165707,2.0514393340602113,1.82839631198915,1.3443541354508097,2.001066420268532,1.3812722964190818,1.1269078478793964,1.3954390765887545,2.122529564637339,1.8785939406029966,4.532650937181312,5.229743739413936,6.806366339039639,7.25462781822309,5.764828548532717
0.655792784223399,0.7123050565662542,0.32118618861969195,0.3568740051413527,0.9981953226716723,1.5004804041814355,-1.4273580153678131,-0.7940159667162143,-1.088723644245107,3.6735664856627044,1.9203885048547025,1.8646478396671071,-0.5168573515521763,1.2798740754845241,1.2756963015193887,1.6050840179082186,-0.777896581590312,1.0394229934388723,0.7154592001693287,0.6196946227715168,0.5398811993030973,1.3753912981889305,1.4840420002018944,1.3636554706044657,1.6028789326424027,1.1329128239661095,1.3489045148538197,1.9724762065370063,1.7325775360025797,4.616318102813996,6.504192747356799,7.2867904511075805,7.581596434054829,5.021496398331996
0.18077806248783293,0.017209259722557012,0.13597576710295506,0.25729942742479595,1.021712972228389,0.02224829318144274,2.190796194763355,0.13483701836561915,-0.2636463097850556,2.937101209142634,1.625644511317975,0.7745684530446644,0.744393740958904,-1.01296294493606,1.6138003992675285,-0.5899566924319161,0.5601345545195825,0.49478543844113054,1.1367527044725045,1.0901181863081277,1.2065553935856195,0.9207411376839506,1.4105924115753998,0.914307475818887,1.0092077062413216,1.5312801488197632,1.1010721920699094,1.896186335646081,1.4052081222274384,2.1278009887781493,2.8172002465699912,5.675622993284744,6.511029914278067,4.783064624186273
-0.3693425140010193,-0.17890658139570498,-0.2031794941272776,0.45052177843652264,0.6753944417333778,1.1436954201557035,0.8992450644109004,2.174194417287535,1.2821556859068313,2.0949780216801783,1.8589943158012172,2.3478152718579897,-0.8205215369000464,1.0952370974647898,0.3244739976278335,-0.22760632632674097,1.252857773411415,0.6278850271098226,0.9065208368306806,0.9905757923907247,0.6051199670391154,0.8665919606378335,0.9578715307920748,1.2908235265411423,0.9729806557482299,1.6077398314402076,0.9012957456492156,1.2994258298939338,1.3349226856410716,1.4285893275441441,2.1199460570926707,1.747400435523089,5.926531883715614,1.8986609042761144
-0.713270421172278,-0.5890480178799705,-0.1924324064073993,0.10483654128913693,0.7333013596592417,-0.1076970126067215,-1.2046334176533002,2.288933875820646,-0.9794635468920188,1.5556250729525345,-0.15958759632897937,0.5441013215960719,0.03491402462779566,0.13641776496570693,0.586002203772259,1.1160484237723147,0.18929216207747482,0.6069121154998349,0.6207395080574993,0.6553430124168138,0.8526240810600328,0.9278004991743399,1.2896790179041575,1.3992523868830982,0.5646752894322442,1.6178153359691674,1.1479585448740193,1.7419504628639069,0.7403626723955854,2.1834518350175363,2.0693433672215487,1.9707036140488945,4.4702484250624055,3.928725462470397
-0.8165208947271558,-0.7111098324842873,-0.48844417665597006,0.18943992505307916,-0.08157050591134059,0.7361274877466008,-0.6612744736900106,-1.1958851196567828,0.38671707332300226,1.9227606708101448,3.3089928973750973,1.6067611344062276,1.0114513148643849,1.4779837829945446,-0.6211396850647088,0.5388666459153323,-0.12196597728236236,-0.07290746564239259,0.7271282175026529,0.31189926283331615,0.8170805128407189,0.14627390375893606,0.8336846968060824,0.961954646941871,1.6841870217118813,1.063002736729241,1.5864392831037,1.6482299573327224,1.6757523529074685,2.0363466003440354,1.9102939983769256,1.764311678052267,1.4762791734251621,3.753693241470815
-1.1020860818288312,-0.9271234278786401,-0.5276653818519428,-0.002770763632859887,1.2133413066374883,0.8351564502122001,-1.9796215326446789,-0.4664309617930702,-0.783011503366828,-3.0705314777225654,-0.28504378486709037,-1.3317884613174713,1.2942441826938964,0.5831669449288319,0.4836521418802307,-0.671912345054103,0.15018944416220228,0.6159988441843421,0.5184420165377357,0.7973877822239811,0.7658951408742766,0.6835751399739302,1.4163817226135527,0.8197198570834332,2.0805057557824815,2.1170849858470526,1.9786234564296457,2.7183950654693945,1.2477133669630525,1.5564205477457809,1.9562951526629315,2.2841190524432924,3.531665173677779,3.6223014686907122
-1.4906312845140304,-1.1467873640623363,-0.8389563156123797,-0.5244290691359172,1.0276276692248765,1.4394394583118828,-0.08017422314720377,-5.088258175626866,-1.736061002242877,-0.7485099069584827,1.7128281188036658,-0.6873434015156893,0.046645865670539584,0.797943212518856,-0.2099710244465457,-2.2159435198101978,0.48618268921023916,-0.18806878025513896,0.00702417047323762,1.0423115850588485,1.7155577616173974,1.7786195438166446,1.9198246419075993,1.2919303678549852,2.590842498815795,2.180941383515554,4.732651259343446,1.5588379310424352,1.4003292215658079,1.6450062741369469,1.8981542835856982,1.6754684693592659,3.548688987929848,2.383289638571096
