script/wind100m.json
{"header": {"parameterCategory": 2, "parameterNumber": 2, "lo1": 6.000198445256149, "la1": 58.999992894266676, "dx": 0.5, "dy": 0.25, "nx": 22, "ny": 24, "refTime": "2024-01-24T21:00:00.000Z"}, "data":
[rows 0 to 23 of 24, columns 0 to 21 of 22]
13.240596730379966,8.412297886332015,21.139002158835535,18.99142038551352,20.26522997801958,17.790731656947248,19.017018734993997,9.998872574989878,16.098371311837013,14.670972826977778,7.744832641702766,20.390978972613283,6.932721901152968,20.681908023799036,5.145282858690232,9.707090875574515,10.341047841846255,19.137854575875238,15.546801870989702,17.78947800964774,22.826947186665663,18.279010663894923
9.668247682391755,16.3944797193239,8.337840569509547,22.74041109889222,18.903537389094545,18.717225628083487,20.861763597447172,16.507398132415993,19.854542856736273,20.693453799056666,14.667869608011902,15.806941813147063,9.319546850033056,18.03972720692169,17.372456325580014,17.564654113309228,16.45060314875575,14.476230800340351,18.989762177151356,6.515256186026442,21.441167040865317,16.154119919556084
4.553391245636946,4.523274394351675,19.05218845835676,17.861642640847414,15.868109187435689,13.49162965793348,22.695846777692598,5.334752943751515,21.83658973424354,16.311580074852692,14.216150493427746,12.613343484205972,25.406679241670982,10.12262128553695,12.786791628861291,8.06522528577509,17.048813190905,7.1203682694134125,10.149649128950598,12.82199234022607,20.77303540427067,22.615046427732402
16.482893990819516,17.68538514681573,21.17165212343696,17.521684143665507,8.235698963538221,21.28618365708865,21.090840081615,21.13298863650193,21.186070237133816,22.321819742157864,20.639838112870887,16.00761639530863,19.840795207936953,18.298037447012902,20.423944054364647,9.059983973133292,14.812585476639715,9.364913959160212,17.869009393462488,21.876521134368115,17.407806965791856,16.013698954171243
4.765303886599948,13.84622463743913,10.572568416591775,8.538477605375427,18.46109645957791,21.378422848944986,17.034341542497625,23.647646365702112,16.508994072552145,23.38674748235597,21.610131219716287,12.257818095737173,17.845279191032304,14.182645892752928,20.697885113270758,19.34749668549162,14.991049109027044,18.48856784122836,21.41049533188093,7.40669497687896,19.281298477310198,15.600720463444615
11.526581447731738,16.0374258708542,19.71102542037495,22.202458960325078,20.380952250082153,18.66453666740134,20.143941437492078,11.591226344994592,9.147478352797966,21.582389520125176,17.785425121581394,6.060589232390824,19.08159487169013,13.537700394465165,22.15212024223637,15.254336061970553,8.75803224774705,16.941971369175796,11.595713208356202,21.58303463818645,15.47702874021418,18.495427452356694
9.407988443907357,15.868222164423234,17.76887754038986,19.932142228019025,22.498652542047584,11.166408107454222,18.043316448944843,19.27056218139259,17.960524982215478,19.40009155504644,21.15881470633293,15.663676633309253,18.100091547596403,19.781353279085703,20.777601422435538,21.01618175356566,5.621090152367303,17.243516602324522,18.396752980660143,23.588218469908394,20.8227001604325,22.26264487498664
17.449040735558015,8.247991030863593,17.363846250034094,16.02845030428146,14.496785009683768,8.536070401874989,19.510460785401936,18.19784128095015,18.381010825148152,10.56794547177582,17.98751963701964,19.177400907205644,14.887237972149252,19.020746952530345,17.351817381433374,10.190388948084829,18.825745682029034,15.871456744206432,19.783209127714194,8.8369163497693,19.80753841140056,18.76187924717879
17.058514854948715,7.430266509417911,12.743909448410628,18.071544364610194,5.321980527792003,15.230775318972546,19.267397286873987,7.121000728569256,15.603645971647856,10.226231311705972,22.38154489615111,8.867195722979119,19.68137971653699,20.245229846265715,16.13570750837942,8.895495522517066,18.547526924086977,15.628579649212893,21.109134259647657,21.40280465892102,12.427926266207054,15.820880988927849
5.109225237350332,20.04736093482265,18.85089690201114,17.03509970868519,21.719748850819265,22.952663088198168,9.077967752657585,20.31721803446565,17.91344114796947,21.13886219131762,18.583603262794007,20.933824332353186,6.887508093554647,20.519193748154933,19.065428293295298,19.432519939036354,19.295275600249703,6.080292859040132,13.079402570282465,17.106353189843723,18.43768674690043,14.998000152259987
11.406943881743965,20.150993368211648,17.010290398652106,19.427896450240354,9.095967571415414,18.50494447553144,19.909561431537906,17.48906824400714,17.840571616442674,21.696491924633808,10.03746567781553,21.291406932335992,4.840848965726786,17.09284067263008,8.82839243806543,19.208850760748444,18.7761876393871,17.99351834270001,15.106735542081722,14.737630047759072,16.343825063847422,17.03944178468637
9.408962765325189,17.71484309040314,18.126613396475513,21.694669656444376,20.03986251727848,20.438574502912918,12.714733482210777,19.138164455256177,18.285930599008108,12.47498862100576,4.507111123221119,9.234081554625698,15.956883966385455,15.389989134142901,7.395683794850265,11.581485239028044,18.93937075734363,19.130687405296662,20.566445667219796,10.583628155730961,11.26571655733279,18.301893363422266
14.76827941064747,20.239293101044385,18.28783398289315,21.3963593903003,19.975566576884955,18.401624248585485,9.21683884980794,16.46432386148937,19.48422525136711,4.690788707777696,17.627407680371537,21.02602942263384,19.29796323424631,16.933991550274875,8.332341277208773,14.699351546813682,20.890965578077445,23.896644711920764,20.299356418666665,22.28237866218793,19.992723964480444,18.35825562212893
2.8705332833008352,12.93691253790086,19.426470788808547,12.368102669719327,18.096159113576476,20.23458090740666,20.315686658796505,19.41362621170716,16.941937433346293,23.553939216800465,11.78641814077315,14.03149328560213,20.73343738125385,20.139423047356278,15.644153729486371,18.14233087035365,19.52115715285788,23.660984647144417,15.121474538048197,24.462045262197705,19.02745835725108,15.746264967356007
7.262033382053961,10.55527396451032,19.585286177134503,19.123156558910715,7.10959661152151,20.99230395960772,18.32213654416971,15.599675955484367,18.770665678911296,19.438652726394842,4.657874707437486,21.427564226477195,17.51028702234994,19.868558090592792,15.226692931077466,21.45411723255274,19.993191588209395,12.096022710006999,6.976220616192014,7.447829959453315,6.645592100722251,17.793907915635177
3.2269143897147328,20.821201263000205,22.617078868688843,8.439120975744657,20.86936313097038,14.768601266464076,9.351115521241672,8.096213204971104,5.372804733436101,12.961518716056954,20.76058637640851,17.005426951144198,17.986758939100447,19.305085548184604,12.723469755792543,19.740054142708615,15.344462714790625,17.935287213583997,19.301725787204067,16.388140675669533,18.05832607527952,19.956737073838855
16.772232299449982,18.24711060335046,18.199113410066435,10.172964503329014,21.09521253833931,21.30429183128593,18.613996981428112,20.48671981827363,19.963746625591067,20.447045036417112,7.415368577161423,20.8413600193072,18.679162795640906,18.488227309323133,11.990382987338142,13.664341670816796,12.134983224970732,21.584730134700635,20.361050837656446,16.015798215628877,5.292685499850616,17.4080746232321
9.755207110580779,16.793331672846534,17.185091155277618,19.55963959892782,16.735708068485796,16.685845981805684,15.656066039794819,6.791877078815085,6.099627378184224,5.720324928519612,16.28998960588761,15.751202920187696,21.861420437404185,20.101491243819275,12.584192757608724,20.70162316630418,17.16875056606152,10.598430411357757,16.211926106534147,17.633855509980116,16.59898696061238,22.19648499223728
19.517998794976545,20.85120220720531,18.03793349588457,17.041828490264198,6.424377247760731,18.543166775495976,16.515053282916494,20.516871917208945,21.199685191368907,23.2181486239355,18.051797936385952,19.007516798852375,9.2556579798846,5.281053756026874,14.959767670588544,21.042279008849313,6.93179125252802,21.69735575475979,7.047076870393974,19.803209296994215,16.59788017976943,17.44656235451688
16.06076497427702,19.809928423476954,16.103466371656037,19.319052703221534,17.284517637981185,15.429376422428449,20.32533186594963,11.852652098116064,20.507112093754007,21.42462728742536,21.172582354490753,18.887433943901737,7.513529144363602,9.727728741090964,21.359573191396084,18.00010405944953,18.13247927262427,21.46482857879392,20.34030304409729,12.199113979127565,21.913651803211767,19.039447709796406
7.876264651619457,10.332219061305903,17.475949748739804,13.112359805683859,8.80281220376668,17.596289920178815,19.5813281123151,7.138016045368182,16.247960700028745,15.366871113204088,14.574458734225995,16.27849631746637,16.7678058415189,16.338971866175093,20.30599964235325,19.18226146704579,10.100716203897406,17.96010826149693,18.151137725775364,8.106997341365966,19.90207513169159,14.124153724023584
3.9640251686402923,17.364748724558076,20.728043413815957,16.315875462649057,17.715627201055362,16.25631769329955,21.25382285378039,19.39379887488065,3.3998864020893746,6.834516624005678,18.55149673959893,23.042098351162693,22.450569961753935,16.1277434589273,20.834122557209596,16.25575266651052,16.71399178459744,5.763604175580222,15.16982618563859,12.982992659486097,18.01701702963554,19.18104467130698
11.362808116078408,10.298659339251445,11.237323886814346,19.06789392933829,18.805418129322447,10.226651673105847,22.69431241381059,5.122293467458214,19.325988684482322,17.761904288529408,19.152598897302656,18.39147175082896,19.755889273853228,22.126071298948236,22.506799225818483,18.16835104377331,20.728796111548743,17.23289543568972,6.134839682475172,20.780105170609858,9.34395526028719,8.614170742070952
21.99865225265945,18.965157168955336,16.94228857672341,21.942275923856524,4.794520298592979,12.382885920047562,15.859038092547829,21.167679080803424,14.609531283302324,15.492781238268444,8.954672686862429,7.435822344186458,8.797774147949228,12.231304793707473,16.869590191679155,25.589197889103303,21.74484168584451,18.736402515385418,20.980895413759242,21.08088132712262,15.109971069289005,17.637308395898312
