script/wind10m.json
{"header": {"parameterCategory": 2, "parameterNumber": 3, "lo1": 3.000054539987559, "la1": 64.9999836372058, "dx": 0.5, "dy": 0.25, "nx": 34, "ny": 52, "refTime": "2025-12-15T15:00:00.000Z"}, "data":
[rows 25 to 49 of 52, columns 0 to 33 of 34]
2.720152705958758,1.4442670698599605,5.918087188898305,6.732096737602829,6.452450474828189,5.503694950363642,3.2204569865902775,2.7467452666010646,3.2313707633821864,1.6083914800584729,2.4542926841015777,1.694528200209057,2.0023182215810618,8.918271229576154,9.255044411837885,9.288712146354268,9.623679323619276,4.210363840570943,3.5785092916578662,3.582647304798147,8.115806355094117,7.459718193111685,3.2379638779341016,2.7749001880358306,3.1269982055918466,2.6914311660427344,2.3417826636202785,2.085584604951347,2.249372075177875,3.020947563719386,6.766020375375516,7.291362840310919,7.292358110292993,7.011866228213338
1.6865814094525489,2.2113195342481067,6.070673264439554,5.919004329647181,5.749231896167433,6.883683336270495,3.4927299121009923,2.4479147839433355,1.9846948677423317,2.103823330703387,1.9046975273309399,2.0819125513299817,7.612041972749858,9.058913356590708,9.07538540204943,9.261730792448512,10.372223116474412,3.9341583667774933,3.387110539490591,8.824067971283215,5.795128677507951,4.803794298003488,3.3155915189761305,4.57672884829595,5.052463676526136,1.9361614238998484,2.0444749074780026,2.3084381293316563,2.579012458765047,6.267308062300147,7.100462766197392,7.096750768553127,7.548670834542914,6.532110365913795
1.3657453323640145,3.0168967649584113,4.574940418186778,5.393319490150182,6.98115158565245,8.216394112715117,7.6843788869289495,4.644778050245541,2.9059042832462856,2.7322477969943897,2.807137216313628,7.7007496876247306,8.841219898963564,8.727056543908315,9.846966993175487,10.989944678567365,10.582570403654561,5.832867609434513,3.8401262813391464,3.645835353792705,5.866565535251612,3.4732842110706574,3.1786689604500795,8.844666753067457,2.892720635838767,2.7930686141819954,2.110196527018995,1.4416729953101317,3.134669301782961,6.817297479688273,7.154906432518767,6.854399926171766,6.922285995930855,6.075186730503955
3.679792218343476,4.795064384161663,4.839286308877112,6.675110233951254,8.53229347808574,8.983242765725722,8.91212813503855,8.697880180260915,6.426799985064522,4.7195627143845,8.38563703054779,8.266372434845733,8.840890631413535,10.31584255663081,11.245764926558007,11.648268884438602,9.76331432100596,8.880592741722916,3.947437828675425,3.319697015113999,3.510328064106397,3.759707891217512,2.5046808394914093,2.9333670452166523,2.5305919588189663,2.0744664028769226,1.8025325341594045,1.7723881111230813,5.376163191237769,6.905596698171736,8.066266044096567,9.008594041182317,6.3418796869135425,5.399166786681649
3.7087144973633004,4.017293800951881,5.36601613875979,8.213558899775684,9.116023478052409,9.692085385547053,10.129965424200131,10.27414040340147,10.436520763854967,9.841215562772533,9.541997546503762,9.731034333875328,10.853093002259977,11.606550778536556,11.443953758443934,7.519886938258667,11.067000197618468,10.16486067211926,6.305395271398371,3.765589485445402,3.4332066231705998,3.0703668093162375,2.851317691299963,2.708552613923959,2.699530935201812,2.3663930202104293,1.972386215296267,1.940399540985822,5.125349778380402,5.956670225515446,6.358964664346187,2.7836700603094693,3.7128801645946288,5.071818396807224
3.910245296888052,4.728569906807161,8.053400159886678,9.161593137884857,10.011674684155194,10.481537921071775,10.795086461940773,10.961315153641408,10.72032845522167,10.642749380344794,11.382747681970201,12.264182986042126,12.022060811077436,11.077280091723027,6.236192438356065,6.866095660140808,10.518624784334303,10.960760806332415,4.287969369752622,3.349917344973406,2.857151608985317,3.197146144701223,3.0706279716361244,3.0877538901798345,2.05502152821295,2.213149094436884,1.4656404369116303,1.342795348676517,4.216090511000208,5.045867247897014,5.867446707687141,2.025446717339089,4.478832075148694,4.896442339110273
2.9308025050873727,7.52209172503371,8.55798711722172,9.569208104989062,10.400436751408304,10.75061255085872,11.002571897380374,10.911880800505338,11.339384598857233,11.838743324658472,12.286647436793979,13.563345230222607,10.114113447365792,8.863782702906699,5.973156710806606,5.256850618203542,5.970285154806457,11.187942726064641,10.023856865507886,4.887712198769848,2.7241772064209706,2.4975481716030776,2.6359570243204096,2.1168462077131345,1.997735071453489,1.194125217452904,1.1137180234408304,1.9501046901204202,1.4128823763799534,4.5437509783406185,4.305646174423109,1.737423393417012,4.192650659576621,4.338191189009735
7.573982329009421,8.664813816572693,8.899920638304087,9.69107016442039,10.822316337553898,11.46044742853475,11.619743320017793,11.450547144851075,11.701859497020804,11.69106268235952,12.684521590502102,4.954196124841721,8.700907953036618,6.715373478290957,5.155062287330753,10.285772911525248,11.397666417897298,11.869205932451015,10.139235462777682,4.260550730496689,2.8132470645303416,2.262462545399576,2.7271702215969125,2.2724320626114674,1.8818067432393382,1.3132990818167307,1.4680339621087326,1.8767436314558925,2.85618472495859,3.0915438121493555,2.7161944688175974,2.7615391557333235,2.8389130875772004,3.449027432171933
8.400468979174157,8.96053192291808,10.003445336007694,11.112743919871132,11.29607546388361,11.595283282493833,11.682036134629511,11.754026808842637,11.538900060823103,12.404971058458425,12.07024052752562,8.226486021235992,6.507658815676595,6.099467161146513,5.371372329172309,7.968879704126771,8.960463650646831,9.467352071116107,9.337938712283695,8.86326536796473,2.6644078610921134,2.372701909209896,2.1558215508677336,1.9088626288528785,1.7131242526607011,1.570172856214458,1.1472855690588746,2.5638950032523233,2.7044389999342027,2.7339772655782517,2.657658868100591,3.2158679140224757,3.3652203917257983,4.114807064734374
8.95514527289636,10.206749510658572,10.681113327444177,10.784108682401875,11.116241419493997,12.104459490732719,11.626360595178967,11.345028973675381,11.500167192617756,12.571153722427066,12.342102156631235,7.379158848983318,5.2970292533345145,5.2405266803437,4.872338963265632,4.555385089699931,7.816876709276507,9.007480169021227,8.917907622999396,8.782945194705096,3.657711618614538,1.9607499882672763,1.867504872411166,1.8631433292788984,1.6662785297298146,1.5240750035929056,1.2070326997034633,1.7175087973994856,3.0393648853524637,2.4141144711925406,2.9014387546031672,3.201366902089279,2.768915500532999,3.425043243690297
10.386607248215697,10.83329109209682,11.051718924419983,11.20721034730793,11.18094471187851,11.211455641782537,10.93449369621531,11.093706809798583,11.621003219228616,11.414151989452142,10.222869502434067,5.461221673671392,5.848520564594344,4.737060776681822,4.051752962362212,5.292877440670684,8.879990056564584,8.272354667436872,7.987679763725763,4.282949163930728,2.833913124496593,2.0918703070523907,1.609778820840715,1.621790863392282,1.581164304822693,1.4656777923517694,1.618436902940065,3.3680858760307446,4.00698900228508,3.748872868309407,3.082873586556273,2.849540969422546,4.064262110079651,4.239473522352535
10.924459972502323,11.064635654428699,11.474972559884295,11.699182427031813,11.068293667035908,10.646050729798448,10.329387975637022,10.657672984130707,11.065642069324118,11.288130143981041,9.776889124205482,6.003162328417067,4.823407396206311,3.8342008691507368,4.811527077465205,8.605181540081013,8.288182906089048,8.155962254161757,3.757266310836554,2.532327007248629,3.7832313996265583,2.0358372056381477,1.4628841668838029,4.097965013591139,5.186842008979748,5.210905171386467,5.5282301131589,5.7372015976445265,4.8906643911961885,3.890575458111497,3.515419752894752,3.5276381217504547,3.434669586232488,3.2514143460246014
11.100824687812262,11.664947380225481,11.707995585266433,11.042007168333459,10.579578227046502,10.293738439717327,11.342087377173621,10.217354636907677,10.914691527039434,10.576271660386048,9.19311292476323,5.740161338961689,5.2679452543843714,3.9419276598703283,5.128888702073374,7.217383802864281,7.022125378900351,4.749368848980201,3.073188256767269,3.671608638139914,5.304328468829146,3.191425283236569,2.2362057127361044,6.554893072276335,6.693553713938009,6.787930258941797,5.617381204403315,4.62095849079008,4.463684241938826,3.9075201611635078,2.9031091554340627,2.6751459874346257,2.8466915073863595,2.878917297797212
11.556541006762256,11.43017207136905,11.362729028608513,11.013422385577611,10.336634364964134,10.712474399776557,11.14900802900756,11.20703105911146,10.692429653885629,9.497137761095557,8.544640524362425,6.176637143549211,6.056490500960283,4.282413455876108,4.548664774415611,6.222917353363183,7.417444677117922,4.309793618603817,3.678019365182386,5.84664541914257,4.975012834710944,3.9404392488060203,3.86827887929623,7.117652467468906,6.458635905613372,5.30803155773729,4.239631370454607,3.7639007725759153,4.119203574374978,3.4059591807660285,2.3303018892826697,2.4834258595912577,2.2203438088189746,3.277229850514356
11.28811375510719,11.52011646862785,11.659775921541128,10.479647008777047,10.816238483915443,11.19607132226144,11.874519858204271,11.354985749998892,10.88753359539023,9.317340207161172,8.374362717482912,8.379778406534582,4.607751398035041,4.535296242224388,4.782581071368584,4.684975835030537,7.001540490697192,4.170445459837649,3.746846539514381,6.8256695959189715,7.72906004265421,6.7632243157968475,6.15753835313248,6.841458888707518,5.060689772766473,5.498853954450973,5.127119031687162,4.485304475432871,4.6367927871535874,4.674894590814723,3.168057993185037,3.8302568287023515,3.6836810088526004,4.661811418579419
11.259306803481023,11.655414406351,10.896873532844001,10.929738263763936,12.094774375563581,12.096578726486133,12.42136366734927,11.701749296049265,10.215966073094984,9.084249490092274,8.333740468207708,8.00517958786821,4.620360094038899,3.9560839646214903,4.251887896918096,4.268328778662098,7.824970994278214,5.44681201997763,4.4107579249560755,4.512683779142122,5.924616486858182,5.507289192305388,5.430778341670929,5.711988674062163,3.7112273835700518,5.208234920173382,4.822406004952353,5.263299970490343,5.660140527994488,4.935843137778409,4.37609769199793,3.881117223637898,4.5799249373293565,5.015370835997442
11.746393682713538,11.066394075924444,11.253782760354744,11.084628485049018,12.1870481505702,12.21545064309487,11.95790114903299,10.740683193943442,9.562082955345957,7.959024159057464,7.854945455217847,5.309394689104034,3.262634938063501,2.9616453121052815,4.6310607667306645,6.378711824262338,6.674753614940281,5.3966155102582665,4.698251926174522,6.460542115637825,6.700996507952259,5.621448171971334,6.547266178073739,7.235510883348791,6.613818011415368,6.4189066252950955,6.324911002768128,6.330855486732653,5.595403279655001,2.7130787044474824,2.3700541821710797,3.513004302514565,5.674309178412165,6.497057851252615
12.270700885367923,12.208952102702282,12.064332047545655,12.178889270162562,12.513042915868718,11.725398387024216,11.5247004301566,10.829915562339576,8.800355241118238,7.790933834185391,7.595615780716855,6.25280537917617,3.0945113042179373,3.186045571508925,4.563606969712994,5.886108075360654,4.148099460357864,7.237440235759253,5.580122607693273,4.6800189871712385,5.833792191871237,3.7557637365638374,7.033152256749828,8.824490276044196,8.127063326403484,7.772846153037429,7.790963305509728,3.6193525637425683,3.4940843961960795,3.5802669526865785,2.0593135827355313,1.9557002908425942,7.6531156425218745,7.972061151413807
13.100033543363114,12.72689629906895,12.896393977140521,12.7365539053627,11.86306978133713,11.557998965018013,11.315438901720924,9.36178997098157,8.238046338283498,7.747331921305377,7.871575995148066,8.299079879718919,3.7390613055864126,3.436005284511895,3.9651290577861142,3.532848109830331,3.0637932785350164,6.672697148934661,5.207966221505122,2.617020430111325,2.5273919051374727,3.601393983210131,7.495448444836485,9.2835010711452,8.733495289202562,8.227124089982663,5.441801249043716,3.65324326562514,2.408480178637002,2.521620827401731,2.376945080670018,2.6177010589854106,4.336181942839254,3.0307747193895183
12.272112659760415,11.396769929464325,11.85793430844552,11.235634055034893,11.897981461779668,11.596784146372727,9.760620104204605,8.741964075149774,8.529794172968966,7.91974305101732,7.698364343901979,8.674603190299349,4.2215983983894505,4.178918241448666,3.2693898137353243,3.3799649536273884,3.9257378996220527,3.739986328801017,3.247364071842465,2.7092651095747033,2.0908900074660166,3.395101284486451,5.10836196905532,6.464564842227479,3.5288277958052316,5.135214113601932,4.033507513397387,2.488350825814419,3.321251373918839,2.334654187499084,1.947816963816433,2.893978465534513,3.3884081205114835,2.773126668391924
12.078558254362308,12.154776170238984,12.844896365364043,12.12765989451084,11.60874093728503,10.808176195831445,8.902845338173945,7.886200244803925,6.520071519569486,4.781765710063295,6.068890930206822,6.442159669860727,4.411741386284766,4.504008076471548,3.334783641952464,3.3151593919110383,3.443858778282027,2.846360002119251,2.7774639402692016,2.2530148205365315,2.90120692059253,2.567728318535808,3.3447042850563333,6.503093685802463,3.8663362931447005,3.1825423836305995,3.6571065156326124,2.254806941694369,2.152342810199675,2.799265258843476,1.9372916804096978,1.6866673725457473,1.9781864479986002,1.399770149965077
11.113553071385187,12.817783762774662,11.685759043034016,12.098683099523429,10.958724571557964,9.275902342434106,7.646510763773402,5.998857122873395,5.1912186229721105,2.909300925909201,3.2741810544259193,4.257755291464242,3.1004588471283676,2.830155715247266,2.5831529864541687,2.5732771307322784,2.419451494707761,2.4500613067214094,2.8924413634534334,2.237951866244827,2.862947580179276,3.175626892812762,3.2599525808505723,2.763087448115397,4.682683679768941,2.9936739220950015,2.3375351829105657,2.186597854011971,2.5888564371626033,3.3237864453355677,2.57085799758984,1.7623355272465162,1.7998507710734408,1.2914758746988484
12.148970011958488,12.216946389614272,11.994339043439995,11.297432350698154,9.134150754511259,5.805526200723055,3.45796964366817,3.0668641965079066,3.1791330875270982,2.8246199370685643,3.0661450884970356,3.572286374215828,3.237313899022236,2.626746630167522,2.2631776482360983,2.1180835544355694,1.3905137466927049,2.0098704253419886,3.061855851392545,2.49048061240594,2.463825448584658,2.2018247040154875,3.724275268719229,2.460049658754633,3.696229839801517,2.5787558570792974,2.1298760266354493,3.4129388659959785,3.325732088838841,2.6944146827913005,1.4869291838421304,2.6948196329827323,1.7440704292996898,1.6606579940459922
12.164070856156156,12.04517419171419,11.69724743450253,10.885819225780594,7.896920008573378,3.7867728890753134,1.6591937190500234,2.9142556425325794,3.3235516900004614,2.9140035533587665,2.8853139449666227,2.6607905918894197,2.146337838401531,2.7890959981228853,1.8351763212956933,1.8885626680725878,1.944748839984459,1.8565595275395785,2.5060137367546207,2.334831661890425,2.5224205213670263,1.9039418659034202,2.9848988627333672,2.3277635964138246,2.2752396920177924,2.6478082070142612,1.892465144169918,1.9789566872191149,2.3220482975147756,3.0006330547750837,2.4196885093731817,2.332453506930711,2.6762935270546726,1.8292584411103938
11.642223156589214,11.595993386145661,11.145527584317463,10.377355253752212,3.7059857716430584,6.45460335653239,3.8243876218859505,3.4699540739038963,3.4880929226611195,3.335672190001526,2.631486063942287,2.9561719653104173,2.592437300664117,1.371770996596899,1.8394846841528905,2.179118177770515,1.5037807811784767,1.8451610856118066,2.9242518374659907,2.247362467143879,2.9684077510792677,2.2858952359643747,2.3965128724728926,2.6205462243468367,2.5011523593352085,1.3066066944076802,1.3895261010487685,1.9058865376802272,2.6263447015495065,3.192754018259556,2.511083332518916,3.494153009669873,1.6380072025364685,2.2239851683995524
