script/wind50m.json
{"header": {"parameterCategory": 2, "parameterNumber": 3, "lo1": 6.000198445256149, "la1": 58.999992894266676, "dx": 0.5, "dy": 0.25, "nx": 22, "ny": 24, "refTime": "2024-02-03T02:00:00.000Z"}, "data":
[rows 0 to 23 of 24, columns 0 to 21 of 22]
-2.6691883605863764,-0.6276278406796348,0.2883654068113117,0.24441225539108585,-0.7750180367973589,1.4816279190534203,3.20393299243489,3.06305600039408,2.3988722226133823,2.8229434613789186,-4.012685300743079,-3.3740406158251686,-3.55901736320227,-3.0293764747407717,-1.0272930961009337,-1.9523906693658228,-2.022114182696484,-0.7072710505997096,0.37174337487176506,0.4116956795196526,5.255627417236972,-0.13688718574776199
-2.612568806034548,-0.35501553930055235,0.3961728517710581,0.762982884453902,0.30529846288517165,1.2721421143503373,-0.2068441707660022,-0.48833315160347557,4.0121695589851765,-1.1207002677619242,1.0858111696682793,1.347997297300599,-1.7456988674661895,-5.0152225345204045,-1.8012794984975968,-2.6254371508906322,0.07593697175484647,0.3445236344521396,0.6091181828318075,2.2162266486895197,0.755805575562706,3.194470063429847
-2.1369505456812834,-1.6651709039556584,0.3530044287435388,1.5788754439468224,1.6068970600415657,3.349023996441262,2.6399946196559645,1.9864968748036942,2.342826752772444,1.7363449269580846,2.701811766529306,-3.3212563896303027,-1.1295435338860256,2.9489136064262245,-0.6633259871291648,-1.0510419830888447,-2.7813527579486634,1.2934470573209733,0.6088973655594812,0.5487417496264548,1.7056128107000639,2.604294056566092
-1.7827490204446126,-2.1279476437519076,0.33867964346693524,0.866501658766135,1.4027226782532385,1.1638241162050749,3.8265912252874803,3.3459933731624867,4.527972225610912,1.1159471616980525,-1.2521268240004033,-0.5893322120049301,-4.53095377275978,-0.2547166345480109,-1.912463950775131,-1.2616922708727039,-0.376683130945767,1.3767033601646586,0.1329523194870705,-1.6696796034417618,-3.264961582278267,0.4770772235646829
-1.9219555157438717,-2.460766000274582,0.4543097649947841,-0.6155985540831889,1.2740557206477572,4.34056843839668,1.1422239046926042,1.9005012594051214,2.059735256694946,0.2573023068268059,-0.19260078351245435,4.880715455444302,4.797122085700472,-0.7029368621504992,-3.0999015836925228,-2.039317905641735,-1.0642179677939156,-1.3125450221207908,2.472479470789931,0.7439533819592631,0.7770498471629014,2.982104770943954
-1.9965074575511663,0.9000723893988036,0.42137338065258584,1.4904603825484275,1.5968714917339484,-0.08210427089091,2.3854346900118775,2.956514516845468,3.9454344929575806,0.20529676771314292,-3.680264105264579,-3.1093163388065563,-3.0571394782836623,-2.1406947379874373,-2.6633991617507706,-0.5173352756455016,-1.3565720134308838,-0.849359266059882,-1.9737949283463698,2.385121444735723,0.19891295050034613,0.5171663489172443
-2.3533996389875846,-1.961884667668333,0.28864699835131324,-0.1097866505776948,-0.4467733365594294,2.5742099986020492,2.5372538344424678,-0.17010739737647473,1.8035541806809283,2.312866989281562,-1.387102415136994,2.2049684631852298,-0.7931997982270204,-3.5691704820074053,-3.4432360119054097,1.104147524067995,-0.5517212465014495,0.7773489882939408,1.583270252187371,2.2923083354524074,1.7479839038704663,0.24694191779877617
-2.0921066455186406,-2.5650760445941367,0.29664513607945525,-0.11409910187101682,0.11142377357755225,1.148939741519225,0.679237243172083,1.9003673357202768,3.2360176812815475,1.200514485409148,2.744189728147842,-2.9879502069602695,-1.2942064545797622,-2.7386567084957814,-4.25119012709105,-1.016735975181049,-0.8344655348823928,-0.979346004223459,2.585418953877011,1.000450374573135,-0.08816091422787464,-2.1806347959567023
-1.9353787959879958,-2.528059242640862,0.3702622845791858,1.462391994272482,2.1091999631231992,2.7972412846740324,2.5024713738153768,3.5081362714465567,1.7237088719708384,3.762408364913205,-2.5925513538534855,2.0231943175333322,6.058331105183456,-3.8160958532603706,-2.143541681397907,-1.1977314917652777,-0.7284428430636353,-0.3027460344138403,0.6261658206556506,1.2253182060559202,-1.8051446259755592,0.5186381595601575
-2.2111421172664283,1.06019519740567,0.34510531444052805,0.667634985390223,1.867314134697059,1.2509212770760265,3.0330913074614645,1.316825028973845,3.552163126606594,0.6526718643558919,0.9486762928326986,-3.7293746779720656,-3.2505405135491943,3.689357334164823,-1.8421700613628822,-2.023583484696855,-0.6543473058561692,0.3762720601604582,-1.4496770189086774,1.7931952222482928,-0.435543951682885,-2.2328346887060846
-2.5026094466295037,0.8241176979153346,0.4766002012398366,0.17422510247639922,-0.29622744968971,1.002713246448398,-0.20193195955200502,2.006819583201221,1.7655124513438398,0.9520747944354471,1.9353948265232892,0.9319373860027034,-3.1082932133915357,0.23653293191618197,-1.4239386345181586,1.879686598316372,-1.3291492829031955,-0.8207244416298339,2.6485112071255292,-3.343614613973397,3.8124646365355854,4.332052849240617
-2.0651578428926487,0.5829055039477343,0.5403070687244251,0.7395318589668822,0.11962583068768474,2.6967000650446113,2.6190807948308548,0.8722195458984964,3.7931620755247613,3.1802523035817956,-1.1960479379102569,1.8729335758605448,0.2247150403966601,-0.7936473291724178,-1.2736401479262491,-0.900543097372438,-3.1146859711136123,-1.3655038947768412,-0.48579673840939663,3.8512108988055718,1.2999667641397887,-0.8427579236516778
-1.978126466501037,0.14215910657763783,1.2414113299097764,1.4389425310277189,0.12861022425637983,1.448096674340196,3.578443918205097,1.776019416502815,-0.9433471066556919,1.7674615926567097,0.8495410221442464,-3.6620756553183744,-2.716112499480674,-2.5898012375816895,-0.8443024465949694,-2.681775574268353,-1.9297190953444512,1.884251791228752,1.2333048315982345,3.972346953710324,0.1268833700465283,4.6359281190805754
-1.9614327248736898,-0.16185985788019905,1.2526871038474663,0.9024705676474315,1.6319196052677831,2.041268832911569,-0.018009906722015575,3.8371511619248477,4.261954713178033,0.3362830543794854,1.6483222777386681,1.15401601516019,-3.11966602280946,-3.3986057351131245,-0.9874010592906707,-2.036017021379998,-0.9007690680929041,2.4593104774696863,2.4572207514396944,-1.389455512367621,3.5079434781782632,-0.8554990253781425
-2.6178305428210478,-0.9747498014978699,1.0279955199178539,1.3906348020360821,1.4043386068038843,1.1752507401989076,2.9586328269471154,1.8913566244068187,-1.6984823739600465,0.05236292315342963,-1.3253430284165355,-3.2782315965836153,-2.9011452510110423,-3.236654537209443,-1.3556554202010929,1.7507516414421143,-1.4310987838948674,-1.2231764284589033,1.7248427932231614,1.2314578203934903,-0.24545211164682837,0.6412912887630948
-1.726613075733879,-0.8193267081252245,0.7260672615592046,-0.10518174796887705,-0.043614078456739105,3.860890683657947,3.6417325309637105,3.444807210940324,4.825473949226097,2.6089681952843677,2.2138697713331776,1.2974882232220981,0.47342163220281147,-4.815490348205773,-1.6774226863082322,-2.3638457295686197,-1.3549871086161596,1.6162716744291048,0.2998703080848578,1.7695757809223023,4.292452820439617,4.363161612938326
-2.777921565664932,0.8986928767059399,1.3516411051036419,0.6753910089226658,0.06638958774306132,0.3628499585586622,1.7255880170397357,1.640459639939029,-1.38954523732012,2.248217733623094,-3.3407545540305423,-3.747413398780541,-2.5063017615175194,-2.883844602472547,-1.1289376924381918,-1.9000003333546922,-1.9752562174397668,0.06576041655319188,2.3967020688751854,-2.699048494393878,1.7808276059494197,1.0319128116706022
-1.8352232501786812,0.9414222782342161,1.5583787686569932,0.8462139357311512,0.28515917342598135,1.4184437184104022,1.8218833324747512,1.8537595419678528,5.290828976105379,2.02943280407469,1.567134664389583,1.095949247069378,-3.515060272374785,3.4190501219462655,-0.285730219803504,-2.337987137562639,-0.7929351169409049,-1.209049495296798,3.789381786834515,1.0474055037095096,0.9610813375219499,3.383670649597131
-2.036983640198421,0.3939332072719787,-1.9034476680778494,0.008693286017342214,1.8506337988894666,1.8674556025272309,3.7428150792129387,-0.4783438399456686,0.3340902008546096,0.20235838203288048,1.2172149831430743,3.290223669753586,0.849293596866463,-2.162916018502657,-2.3469787121230516,-1.3347974639305724,-0.19393574506203418,0.4562217550861316,1.4762658253842216,0.19181387845007816,-0.02125727060750895,0.3594103486748432
-1.8552156898209684,0.3765946597351995,-1.07774055358949,0.7118326683974159,1.7953998305116556,1.6290217344562075,-0.19078697433262715,1.891714341532017,4.217640582565052,-0.9935618420032074,-0.5857762234719579,-3.4809175252161597,-3.4508765251217968,-1.600412444180701,-2.3865472720478333,-2.5182956034499266,-0.6596655955118781,0.07522624443086946,1.005648740399171,1.3956831429041485,1.7487796271850147,5.524082435143869
-1.8230550025111965,0.22440842878737607,-0.04526230318991759,1.5423386093678384,0.02557333922297634,0.9238940277600566,2.613937483976678,3.5481827433783444,1.4576502787565448,2.5880973165712136,1.6685348711200363,1.5324682359127177,-0.09839285261411662,-1.7593398232068933,-3.211662135871881,-2.523813338828928,-0.8490231362213034,-1.0256548773266378,0.9666565614080191,1.5151055511183338,6.085062832570545,0.34062196822046364
-2.1764853737664343,0.08565571183206279,0.07349169098352408,1.1371068673575453,-0.032077132401122595,1.0367183497865053,4.028482506092482,1.5811091233578887,3.3459175932159213,-1.2661200000358945,-0.255444349884543,-2.3023360580051335,-3.3011061323694815,-2.7697829277860193,-2.824952262064539,-2.260535101785434,-3.006125632394338,-0.4697135968217663,3.673129421594594,1.0099223824685948,-2.8501291747125244,4.703622280800454
-1.8127753751028142,0.08366397025303397,0.2734828775201406,-0.3526845566250544,1.592486633065826,4.182097327897998,1.3529030711845345,2.222145564103969,-0.9527490384864032,2.626558217031116,-0.4658810352994877,3.925832803660227,-3.7314316589934555,-3.5687392529687925,-2.661169527420615,-0.4285246687287894,-2.0961024829266464,-1.0190788170514848,1.5252275559900825,0.48713473550863956,0.9237080652121289,7.940582981923512
-1.9464115613916764,-0.042472383053848504,0.26283771326529715,0.41411722296189124,1.549694429674617,2.0734306949952805,2.719353028320955,-0.4661792861922455,4.385137799094287,2.036100342040913,0.7010286825649261,-3.427547315182626,0.08709144003801426,-2.503334271478953,-2.566657363306534,-1.0161843936530761,-1.2661310693702024,-0.9349131950378924,0.8432149231240081,2.0799954754196914,-1.7698882566614962,-0.8853950370269417
