script/wind350m.json
{"header": {"parameterCategory": 2, "parameterNumber": 3, "lo1": 3.000054539987559, "la1": 64.9999836372058, "dx": 0.5, "dy": 0.25, "nx": 34, "ny": 52, "refTime": "2026-03-14T19:00:00.000Z"}, "data":
[rows 0 to 23 of 52, columns 0 to 33 of 34]
1.6900388103273338,3.0531587776685845,3.3214869247422674,4.211655919184157,3.5758856064784155,3.374614196008247,2.9842021915339565,3.2279192524525895,3.4994574500740585,3.7417162390930265,4.349925114836864,4.92449620164738,8.179734388966631,8.477379116889328,13.444736622692716,12.80834060043786,11.723061007876089,10.132028318663101,10.32909177236352,11.07335252842186,7.72001589952562,6.289549129193321,6.332704616669037,5.402558485083424,5.079756819994226,6.406181696278057,8.546694050411514,8.421496366180174,9.179274306189791,7.422900525176093,6.859672254732016,6.308334504968259,6.76725509821935,7.082258199783637
1.3208364444490446,2.7185243706148317,2.9778566283254526,2.551099762025419,2.733997822356668,3.0265877262620244,3.1076539255523827,3.3623397949646874,4.62788436656404,6.670964926367165,6.401426757480362,9.992866016701901,11.282298746329229,11.443839959404418,13.149524651277163,12.041950111603704,9.861956973232868,5.718332611109905,8.298857717622472,8.959719484592686,6.276217837242411,3.930642085309565,5.5293543953163455,5.111516118840062,6.163723916560241,8.037311573956043,9.15786368071004,8.928693483655962,9.0681918239033,6.883357080520663,6.9369467513058,6.867884779389778,6.948573199449641,6.81826210835032
0.9973839777093852,1.5179866933105264,1.5214366147636698,1.5309102094040865,2.437802845172454,4.076711759244139,2.850761049392069,2.9458275218280976,5.378726002789482,3.739249396769048,10.252539642746932,8.157911121776017,13.852279160283167,12.544060784887389,11.8696401836119,10.673724003636691,8.393598105730172,6.750355177581269,7.068285053175415,7.001186609016253,4.982486337635831,2.8077489417627395,3.9954020001669397,5.549717218462111,7.0910350063754555,8.556747319541381,8.469984995332762,9.380912154977658,8.941572557960205,7.477204227905103,6.937488996684322,6.173680284597827,6.787904026118436,7.779621506837021
0.7560346440462379,0.8895748320236475,0.3228432886508221,3.011640369314842,0.9737879724751902,3.162791885615954,3.626739486193789,6.639864505531901,8.342782085911399,8.798161294097747,7.645051444861666,12.440781419613362,12.285215769859292,11.909382731068117,10.043075918932916,9.75517590708541,7.760748253928378,8.499043320894701,6.505536284764796,3.6726553208354686,3.3702733872125927,2.405023248110381,3.078103661143076,5.59854394769588,9.100194385022569,8.821299023862812,8.971283232118758,9.646651639794976,9.059978241012026,8.395066564801919,6.2634754853734265,6.651975548150754,6.690901210587851,7.83432649421687
0.36473692525192164,0.6332248258743365,0.816318066498331,2.2440471367017283,0.47358327201888195,5.19847458622206,5.574991699456585,8.074945031334797,5.663503197924224,10.968815262832798,12.653408935610287,11.355664398158059,11.499324742017118,9.759297316676074,7.676218010666119,6.524290207529209,8.402036938994334,5.031874035797574,3.986140724544992,1.6534310688348788,1.4982921043417885,-0.7932169214567747,3.0907207038487385,5.089900357744093,8.250349099591958,9.616602065786031,9.54395222804851,8.919235201974992,8.319934401627489,7.2731029496717055,6.3698662335683665,7.2214463232313015,7.469727086975666,9.4074610012848
0.7026334177423554,0.2417895739125256,0.4551337409424535,0.7549687401337211,4.484764158532465,4.167194575745112,7.135256663255928,8.034303317300107,11.348123766019919,12.99545305336004,12.772473252690615,11.388024374159981,8.790361058095915,8.663362438561453,7.600236775484311,6.2976880535938955,4.593330676741108,5.198827709253894,4.9049892450872195,2.665012215495108,2.5080699824346615,1.0015447631332897,1.5284778181186438,5.411647957482506,7.175974816548919,10.400938987243201,9.809039498334736,8.404676714520614,8.219304050896865,7.4754480061791515,6.735276737207819,6.864368100954339,8.059874219723367,9.894215861433043
1.0320222449661787,0.698386390756916,3.774907087709153,4.167871398761169,4.4106359420851335,6.12331793144671,7.375194981574453,10.677722629293083,10.549793998324422,12.483201879549533,11.922094559577861,10.931236790946455,8.530671536825247,6.422949953755165,5.473664896240814,3.627210430579291,6.796308800815678,5.745885583935789,3.1841231240969496,2.5660514901693565,2.5068614464578958,-0.032123016126882176,2.737822625899801,4.5670757205538095,6.223421357322965,10.229840999648468,8.698051852912307,8.771015431901306,7.90123301206236,6.384685126771938,6.074474063635417,6.836941295053924,8.979977125020831,9.095343872437496
0.770763578791905,2.1262188944599445,4.193263411348127,5.760880131198676,6.873831176651255,8.136817557210138,9.193550040928365,12.449551806502937,13.295278015085275,11.712916729239874,9.849474610256765,7.7049504785276275,7.608731542749915,5.919203931980395,4.062544974942559,5.137280453804159,5.809321150106938,6.117856962259128,4.561323486183913,4.5377019154337885,1.4364885884120688,2.7580475781949407,1.0269590915902487,4.669120091766024,8.414097418201944,9.428374366424412,8.469267030110654,7.140756135649518,6.258761792409472,5.850492772429358,6.079095522565657,8.472884359925086,9.197716952043242,8.008288988194666
1.481526442264915,3.5090337501540962,4.772242973631579,6.882937702073963,10.51651599287596,9.201803801268309,12.110925545496697,13.68466422767014,12.433813528960496,11.085947107999086,8.089921423396895,6.140128912997342,4.814536653049502,2.443616309822738,4.336243631557224,7.383382749813728,5.4232536117825045,5.62202853909388,7.009765391064811,2.7715756482857263,0.7020223425549359,3.737111417572603,4.683588476295164,7.466631455773267,6.488740921344109,8.643533647798233,8.203795744728119,6.724773402818066,6.365178264579061,5.300007743234967,6.1066359223144895,9.234303353750565,9.39199496171827,5.710177436228621
3.5800203972394637,4.150367576051871,7.104312527578361,8.935061853541233,11.500129946549857,11.087949617337703,11.664686944474344,10.800573853307652,10.16418501863605,7.340207968632841,5.787683216338508,5.549411677011212,4.311429821336895,5.857992805669281,6.822105675144529,6.24930949904852,6.576228966152615,8.01396114071498,3.9144240437277573,2.6430306480457784,4.179415771640579,3.797569320680419,5.812540111801012,5.864445146406558,8.335661273389952,7.507420726411391,7.121376288716573,5.985311582468541,5.117337743349005,5.455427487918697,6.682207576413025,8.848182433046434,5.859317738316864,4.638274166957901
4.732403996489763,7.112925366885013,9.180134360410552,9.527236260122855,10.814247420324305,13.073218733302776,10.090788417931009,9.174317586680083,10.285181897649064,10.65003617171969,7.062240067431191,5.691753440829266,6.765375007654417,5.456141214667619,5.921864698545274,5.911725364816613,8.665804378530972,5.43696030704494,4.204156466302495,6.52463698788211,5.680352350205352,3.534359046599584,3.6190866288767607,7.435247149775618,6.88605638465677,8.261857071185323,7.2280902099243765,5.556713162942866,4.86598162917581,5.826215926406187,5.500241487322734,7.4820334533236075,3.9510195758247844,3.289910566709281
7.001897416605101,8.400223554613564,6.005158651820275,10.711393764421764,11.832135514339248,11.617967488787352,8.65441262627372,7.121596322151114,10.446887348015645,8.587349834484133,4.479881138311048,4.049395866472274,4.369553114613658,5.733039852351647,6.325418099351662,6.17405993064623,6.061487707045286,4.408446248602961,7.047302776207182,7.020680410496041,6.100349348125289,3.571043297967817,7.215258979799554,7.39094446348242,7.825937155443079,6.583953593639679,5.939776505557171,5.69686443711413,5.472010391594113,5.997327776140781,5.59802645807426,5.818921611013701,2.687040934184038,2.184376897428362
6.188177647156409,8.59428017226928,9.926607476337145,9.574496743173372,12.631920096161945,12.408977629546428,7.415328319871774,5.576642436703367,8.832965282874737,4.737613597247312,5.372803920555029,5.56537424398936,5.691781991665093,4.188633362861033,8.780857827376582,6.41798080042836,7.442064961301428,5.744355225088199,7.192499309478289,5.575405304010233,6.75291046731626,8.048186429431716,7.13737373466178,6.496607172937408,6.036866967842919,4.825414911414988,5.902711568302455,4.74497784992392,4.065684536181554,4.663819855189324,6.603775234165906,4.108530894808509,2.6315247638032724,1.9146688854600122
5.748323581710042,7.380602465713452,8.551831865739768,8.857343275528754,11.290497128026217,14.301792036414895,12.782222246846542,8.96978788229228,7.5764675584696235,7.399758922732206,7.104821650134692,5.567769080550672,0.93722658920187,3.7523535484668797,6.540849900715016,5.604049711551216,6.666594301506991,5.9300435336743105,7.540248527009702,7.752834025504998,2.7213436977573955,7.996960266437841,7.487616751688252,6.479726754009828,5.384801533721035,4.815246767843676,3.9781413925201243,4.973978396135524,4.245301239176297,5.842533016662839,4.6539646366390786,2.0744324512790255,2.346430704021308,0.28469044001306915
4.631499197005618,7.211785843524434,9.343884946778022,7.736596134386062,10.193653769245234,10.387905773437456,8.494183477629257,8.83604287746096,3.173849566764124,4.551732038640724,3.5026486049239804,2.744891989208731,4.3871426005360314,5.056287941211739,6.401296556402468,5.551907335882068,6.258710142979273,5.968933306218163,5.324122741888689,4.519076369753768,6.005935225128182,5.445700173028722,4.697575116038669,4.090288315721126,4.861714268307323,2.7516695322316447,4.143701105436055,3.279307899123232,3.6520077181165886,4.248638160000663,2.182690027318708,2.2755383534391496,1.368257720948161,-0.4149439716110266
5.432892561182989,6.515329674362104,7.408345727597164,8.21630539969176,9.709864718822846,7.471183376041781,6.2773803376067905,3.6113675815657214,4.015174891109685,1.712811091874407,1.7576335230583284,0.8052949030420358,2.2077086762922002,5.109772380750732,5.474249795626332,4.889626726073904,4.979455950751241,7.0660801113224805,5.126608090450611,5.019548819313981,7.6151875118112935,4.636487721861189,4.1251642702641,3.09628523872312,4.248839915873813,3.5689404234606967,3.6620336456042106,2.1908780245541633,2.4704765869142102,2.5179225773983966,1.5060998657448013,0.5134592746714164,-1.010430214193084,-1.6035637057513887
6.402957141477307,5.948474465373263,7.415927395772232,8.382055400100095,9.293690003577707,10.541308549809761,9.32604611952818,8.794363669708332,5.520031718550804,5.576427087328433,0.6575042206636589,1.0334184125138268,4.932468615131904,3.181009481175858,3.8706076245565115,5.897232482915597,6.338312045940901,6.814081447964031,6.21368281186473,5.762967486852471,5.542165498745233,4.501957729340208,2.42264181430207,1.718756018379789,2.5727774181338887,2.510301143970593,2.3802734024648298,2.2498131082555135,2.2087232474358527,1.3771341693892318,0.07497787325194152,-0.7919909411211843,-1.5565536775386064,-3.7713454866391287
5.4603347949910725,6.887858771773983,7.392749604933704,7.217287416957383,7.353555007295963,7.361351116352371,5.980049415876459,5.382203847095539,4.969832652052757,3.364875983481614,-1.3799036479147098,1.501549536456168,4.510625105717849,4.71374504873943,4.153785282174051,4.712846508036408,2.25411553282181,8.779712278007699,7.41441642643165,4.778060473405088,4.217528962636165,3.131614064410278,2.6887655733898383,2.0019523056424333,1.4993708521757265,1.6148077548854811,1.6493748643276605,1.7527646677802267,0.4413628213140884,0.5874367508820743,-0.5012824297523983,-2.3480928431694212,-1.6758152745176476,-1.441126254300455
6.007116543991869,6.086245603335586,6.09750392690759,6.4115801252176565,6.299270555338049,6.3890346182607916,5.886050982768424,5.450256932769494,1.2118422606397314,1.5507379415045708,-0.28868711401474867,1.0944840632476571,2.0601144259149584,5.575423899176251,6.770087447140421,6.828439477175483,5.501586893774795,6.431439257879047,5.474207548032807,5.0360555410195245,4.542453654285402,3.53275217101747,2.88756174461917,0.7896334244864369,1.377075889515288,1.603192359191513,0.7355754021671141,0.7384557290339828,-0.2340874484169652,-0.07587615275497932,-2.1270909071896753,-2.7575879184243655,-3.915307102155522,4.700947215380294
5.950362721973534,5.5015712212502645,4.9633403841640495,5.313812718935905,4.779945783450084,4.123531563285439,5.05914932365272,2.057924965803189,0.5023503920085348,-0.687127890920746,0.528749357900471,0.7846367865189614,1.7937117739789088,3.636798697052436,8.070106630814394,4.606522194661839,6.430252611550846,6.157949952458615,4.634652410138894,5.92835933707759,5.197844552460427,3.577705297021644,2.8827027602616138,1.515988469076707,0.8674027193494508,1.780448209644641,1.4042997349030701,-0.4238169005800624,-1.430429002073895,-1.6331451111103028,-2.97179482653257,-3.0912652948777843,1.6375818215503313,7.783819790057971
4.888255385849202,5.3770486606397006,4.69049500598657,4.107016896679851,3.486654534753422,4.000840163602829,4.192724858330785,3.0880472395955425,2.616965336546686,-0.24707700865612367,-0.18466157583248105,-0.3593494961048443,3.7054126149904167,6.347785505542082,7.523104009211654,6.850184887079743,6.9980350036448264,6.6552435021382355,5.326746664115462,4.95271896565289,5.126990323785391,3.391070707929466,0.9800302332711648,1.079601277376341,2.618388840153048,0.025196592434380036,-0.1816542053373391,-0.6407660135715388,-0.8756638305289035,-2.000471570298298,-2.3031985336666327,-3.895044773398443,4.810230779422107,8.049165462076228
4.7979160607330105,4.049161713809013,4.1264258360046115,3.296217501551174,2.9114457777226725,3.773522100287913,1.9629236919922908,1.9604072239380708,-2.208224565178962,0.4539297952722058,-1.0702800156329413,-0.10611352790880736,6.668662606959789,6.28440378161583,3.188732610803859,7.40027986582569,6.863553868925464,6.369556190782606,5.0518323311381135,4.062092194967507,4.150585329003437,1.8696301914652405,1.6580691109997991,1.0044543093900404,-0.6941273619286512,-0.6100214539085764,-1.348486364677405,-2.200635884416894,-2.702879877491346,-2.473396146851347,-3.5418638034721943,-0.5397935228622233,5.768202821192433,9.206792841399622
3.286712834341133,3.3949954675837675,4.00311656645303,2.9372085030827213,2.7689172649864804,2.9855278789757502,3.8316765810969655,0.8726424633099368,0.38298373680164205,-1.222917552856667,0.23513329221129092,1.8259016078983417,4.446350458997189,6.584045918613318,5.829392718302885,4.1950690867157014,5.713630412865449,5.7110588790742,4.7348896374745815,3.3728968799638124,3.3702951284874647,1.218615315349203,2.7656580196352785,0.832532930816884,-1.4976174624721104,-0.8791564740553753,-1.0832898275395422,-3.2156790788636926,-3.058074764445396,-3.9419176735142063,-3.599843279444675,1.3529962373013769,11.056881141938899,9.232167036790909
1.9984892946752844,3.4930471773614764,3.1988194000667773,1.7813001785339933,1.6982513155984311,1.0913544655435254,2.2240500187047245,1.4222747407418108,0.7111383605468056,-0.9444765391862584,0.6846905049961403,3.7866938721759578,2.8259306934216735,4.766549978991007,5.189086260535822,6.375332289698055,5.373693066693442,5.879915688482061,3.411485338465051,2.892585773131308,2.255479440657905,1.980996430253366,1.8578738928288239,0.2446054916685847,-0.4417566520844345,-0.3638554869948041,-2.652376774046285,-3.702036995523797,-4.12261697372789,-4.512811088067901,-1.986916973900239,5.764918760752105,11.624541113887961,9.113426783819419
