script/wind50m.json
{"header": {"parameterCategory": 2, "parameterNumber": 2, "lo1": 3.000054539987559, "la1": 64.9999836372058, "dx": 0.5, "dy": 0.25, "nx": 34, "ny": 52, "refTime": "2025-11-28T12:00:00.000Z"}, "data":
[rows 0 to 24 of 52, columns 0 to 33 of 34]
4.325597737395704,4.9852435894390155,6.917871404069304,5.772476285370634,5.572285420119548,6.217379461063563,8.127309519554041,8.603630903691801,8.689396173877746,8.317347101990297,7.418730092427632,7.305157121945081,5.0934156106006965,6.894912093460234,6.716536271985872,5.449831862278676,4.792011259367438,-0.34867376095466346,2.221287241214809,2.1206778369093975,2.6756837759207177,1.8948322264739792,3.732510737958995,6.070778007039112,5.534031565830857,3.049807984962636,1.3838473666906022,0.3642883951631937,1.659793617077905,5.0319849927604645,2.7570841694799735,-2.6562709414396237,0.2210555018687014,3.5481931797790236
5.1612143061623375,6.269373735415573,6.74105444295488,5.639972591962231,7.270754964615051,6.826271145521056,8.156690608935126,8.476776003513045,9.874224014144865,10.38772907638012,10.006598483855303,5.412200704234899,5.163218602249616,6.6048646182416455,6.6632122894645995,4.7163746956536485,1.143723386758452,0.7392225664822265,3.2385096012409593,6.885064514433423,2.682304358628312,3.399180486872647,-0.23908730392603925,7.091797301881245,-0.7701288636819121,-0.8175688763973473,-0.001408873063765641,-2.548647374307257,0.7756791392724437,6.747739628825173,3.76205368910473,1.2496362443755415,1.1845699372474132,3.417455520412495
4.063437751695958,7.1868367459392495,7.49544976692475,6.376441948657419,6.772297990612127,7.757403203251913,9.064632337508687,9.627491949712967,9.909223760140526,11.132328968692514,8.354692265854503,7.657404944995679,7.469387037019918,6.415736527566226,5.0972188569283965,4.64260253171087,4.337390287322666,1.1331458255448272,5.361406147869421,0.4071047434383031,3.46933461074467,-1.205955248538133,-1.0312333752720941,0.17783656261645722,-1.3737357206671401,-0.9527254022258916,-1.535318202290373,4.301365731880604,0.1830406956558024,1.1652577751163877,5.686070766925473,4.128728762966838,0.2677637089442948,0.6986977067837905
5.255544838599553,4.687354320280943,7.690749229115394,9.118013562251507,8.38362761607667,8.316474373067779,9.809852462280993,10.259041596814875,11.417913621302645,11.494343727993018,8.770314554334055,6.727699547661969,4.005015420495922,2.6116363198285084,2.3260106487840977,4.0490129221834135,-0.4261921682427712,1.0528080609861559,2.166334278267021,1.774820142825754,1.8799916239761747,3.5604331421641184,-1.5553751690830875,5.540835706367543,1.6987070629949876,-2.6498212953493443,4.820826813921744,0.2776445864952242,0.8138832086454312,2.9931224150562388,1.6866161014220977,5.265848846823221,3.721313425382485,0.5935270430518155
6.631205413245906,5.39019576428912,4.548219654536456,10.113944566119486,9.028722061685736,9.532479433621223,10.292826719761123,11.62498136453984,11.294257279316687,9.539126716933009,9.020908641704146,8.18289162933469,3.863508603931246,-1.9251374641649888,-3.2237372147008445,-1.1468345644389342,2.4407633480323097,0.45814242085515844,0.2789277654485343,4.57989244996624,4.753787899049462,7.6726873792758985,-2.673465340676462,-0.4535162853014997,5.298423413087977,0.8985970528294394,-1.0877253713724644,-2.5762572423621437,2.9590753023067053,3.4780729995512356,3.8778748526425892,3.2741989067357937,5.6431481223828195,2.985397092258202
9.126107375394474,7.122595925697202,5.957735857079201,8.981743490861973,9.334422306702091,10.451063994476486,11.572374862358192,11.955076522830916,11.66043219165479,7.449640245080254,6.77575482661631,3.248798111877591,-1.0845702895551537,-5.46463632307822,-2.9200528543420843,-1.8850421455109185,3.2272757221568464,1.444214026566254,1.583674427739101,-1.4580206969804859,-0.9090244620850954,1.8065142837072703,4.998846033325989,1.0624368490828668,2.1389165929006344,1.8868734096008335,3.7441710078021733,1.5485473166431165,0.23912547011418703,3.3316895902033288,2.191878321628914,-0.05385529840708129,1.268164254934975,1.575215137138598
7.53567468143195,8.143087376521846,7.404061801714327,7.431272403815502,10.135299510691299,10.445348273494426,11.650676184181778,11.593846835644166,9.66897540706184,8.110057116099966,3.9241189509189156,3.393558092985736,1.5830780996263847,-1.6229950773886952,-3.5421926309375857,-0.26718078756908475,0.6587918131059383,0.6427773036817548,2.6081917672528085,5.82091046983293,6.396686302100109,4.489907484291927,-1.2724473559449507,-1.0694214544076592,1.4583492974790346,2.617165097275842,4.566264693871081,3.8372550293807093,1.8444515138113788,2.3943497161956784,1.8749572449853893,2.8489179256953916,2.7115445450020665,2.385618004903311
7.951850044210432,6.976182980346673,8.007004572395017,8.080035491548376,10.056282926166439,10.656755194260539,11.244662971626248,9.99218417099427,8.783572115676423,5.35896283189762,3.6358540190354582,-3.5518472613751717,-0.1963047500393745,1.4934279028951214,-1.6034964993298444,-0.48462964316690443,-1.6175503790804562,1.8601112607637342,3.627684088892026,5.550216936590195,5.5485309389393755,5.418855290481484,6.16810067156515,1.6860248090253127,2.8880177273238323,1.6407213533422875,2.216826794828463,4.776838207088191,2.442013383311815,-1.2520971913812888,4.841279330917325,0.6767822395961712,3.8828643909424203,11.116824179433952
8.663492773177438,6.916098807420812,7.41639235728571,8.95107100804937,9.635051726743512,9.73418688277722,9.510758145688218,9.835557129040753,5.739685316675554,3.9395266222364245,-1.580962930599498,-1.0354561337541917,2.7164741526307745,2.9965240714869434,-0.8561572319714769,0.8023667630478949,-6.568418767775054,5.05078465610535,2.844277130598009,5.822923192336628,9.93047133969288,5.802700585330987,7.409464193315483,0.4510270884002643,2.2930818870240706,2.512216049836316,5.19940463900291,5.65295632290774,4.611197842872884,5.39996535201956,-0.19643648929947138,3.1184385976299094,9.423803687853288,9.966662651387436
8.576024271245037,7.777220821557839,8.065028630118224,8.719022639133831,9.24856032552379,9.599504693503162,7.5867598361004545,5.920307197404286,0.1128109622687811,3.7841112499382654,-1.9807404792543335,0.0016845146470978423,2.6394896796682583,5.209010960702074,-3.2020917704496115,2.783708474702161,3.2450396754315194,-0.4083557623818591,4.57368654223892,3.2232603550113055,8.820799233938022,5.658534250800614,4.095202174711207,4.4368180984844106,3.8063418680113554,4.0239386341193795,6.195977877421818,3.8884735199726244,3.5438901161372027,1.5361527106045356,3.771588360408126,9.402922775096954,9.542606557762959,10.018988143982085
8.678258229803804,7.885661297029298,7.793239963303719,9.041356073375374,9.282705669039872,8.145503888302002,5.8457058625453415,3.0107978056338087,8.49212071688812,0.9864674913104522,6.592600626343006,-7.027165291267765,6.980678349543891,6.441311714541964,4.494545321903374,-3.65401044164033,2.8628949434321385,2.910862083944262,3.070237762573646,6.3595440060593385,5.462508644530795,4.137524739625084,6.169418619402567,4.918800289127959,2.740446845279508,4.490521200278483,5.457166259256459,4.218267796388805,0.655428562561285,-0.9088324321909029,7.245311269463427,9.281437607143898,10.047520418804302,10.926739846352993
9.546325888454138,8.127788581370272,7.4140971426552245,7.956887903743097,8.689143611812993,4.358647565118898,-2.10541990211585,-1.0943569356525158,0.5575020244031862,3.759612182245948,12.417304828176063,6.846985047857838,4.621347242064823,5.606734345054024,2.0300400245739048,0.22766318995082285,0.6942728880192421,5.983444470069669,4.751660291689033,4.9542877747452,6.649096294165588,5.059580364762509,2.285681288065544,6.056457321134592,3.9074669049162263,2.8003722207171564,3.6517757435296794,4.8871547813935585,4.634284720482363,1.679513374419271,7.012874460672368,8.215530451014972,10.777716944687239,11.241079370708844
9.225949516974566,8.074588790814742,8.215984210320247,7.378332402681787,7.924553763046333,4.600532125819351,-0.19785537595858846,-0.9141097896185656,0.8237122169381708,11.918778911540409,7.724384922489656,7.967381356821827,9.926680440329122,3.471326761432151,-3.0530828625019417,3.8887646942106815,0.041307434806326995,6.09533104749571,4.412570677360645,3.63086138052829,4.57883772664983,6.375496395343769,7.37346442835975,6.404424795679669,5.502288560000715,3.331437678308321,2.8085024968988246,4.112485501565938,6.071473025593675,4.208367123474233,6.106347661572982,8.443417751506221,10.660759707073316,11.665957552922466
8.919496093089567,8.23913541557434,8.493298686063087,7.0265184952569335,5.981429335977316,8.862672510416703,11.140592264514714,-1.414388420374674,0.8803981662611324,10.025370784536806,14.844214917022628,10.777076982377661,4.459150427584809,-3.3498470942150944,2.4079110775657986,2.721629356058279,-0.8418861266736265,4.671693102279629,5.931456913154441,5.871618152660078,3.504286552366672,6.73387200551126,7.604678753723325,7.1636361462901235,4.963675818213492,5.599002594765502,6.842270445137947,6.712202044615913,1.234820543185188,4.037981110945722,5.28367428232232,7.676876269674023,10.588097254763683,12.094117598029262
9.202743831929899,8.581006407981437,8.161484278069747,7.460660239495172,5.412684233249648,3.5527073519786607,1.5174626427079179,3.9793205626045838,4.90442695547,7.277029033926813,2.260307068102033,5.857637803899723,6.671762701275248,5.096224594324634,3.1261338031481043,4.126290790821212,0.37568179591734285,4.754707672867291,4.712757982441145,3.9512453972124812,6.518524231553603,4.729210713838075,5.985239111851666,7.068917304001089,5.189293587077048,6.45617567339199,6.955194104704887,6.1471145001411625,3.010524329323865,2.9563719315115904,4.38939337752755,7.4229979129176,9.911116299990752,10.929887616658936
9.375650903298613,9.242347198050444,8.436077596754581,7.2202317635293305,5.309479842916888,4.424281037903903,6.860150429269082,0.3143227677517755,-3.3613071567462,3.5192338559894982,12.55145670544298,9.565779717774953,-0.3751081135129999,4.102787464956226,-0.9176252107675689,1.4453701936787537,5.279164542570588,-0.7190466322080964,4.159028523926583,2.898396183631238,7.462193787755795,4.844165840356859,3.972114427350944,5.513583308427679,5.301117093929824,6.661612838471285,9.479906710542044,5.641721496544277,5.99761121690377,3.6673461998871213,4.770673805749256,6.085242383544353,8.460537253914977,10.012769293964313
9.835225883142776,9.771168183562539,8.33377330098395,7.259497950432411,4.113291457212221,4.589265708960515,7.1668133986763145,8.446595613472732,0.5095320442629189,6.550428177177227,12.47837732432138,10.201051980864836,4.698548883978721,-1.2349820242956704,-2.990670385137996,-1.0015778134944637,1.8005473764132014,1.9153366107350798,3.5508845898462034,4.01340278068245,5.417686499615132,5.948374770517614,5.723096563179335,6.854093129792614,4.813115158128394,6.5773021680184165,7.320460853186954,7.013753075827157,5.140774711288815,5.452099043761083,5.320071557636121,6.553651292034192,7.346845550547775,8.672469186215638
10.20050753890012,10.183311271416953,10.010008616792655,8.596969506935991,4.68276219007256,3.773858534649756,6.902489551596255,1.3847699969133207,11.623052037532547,13.353574483849036,6.992826413990176,5.37270484341638,3.9984082532469967,4.023305460315349,1.8399730407546546,3.214835079622226,1.9643061518754628,3.735479716544964,3.3665581212618747,4.644995851806218,3.9068762409803637,5.890502779858285,6.201815336785561,7.247270673947161,5.588738855815144,6.321647079498675,5.675065513200681,6.11797889218719,4.713108733795647,6.908317956241366,6.83162939815955,5.917684166514134,7.239799026454484,8.173942854612982
10.741493080449635,10.766465030039951,10.58005446991336,9.407731286052838,5.875205910876634,3.7526958297745234,12.438613400413882,6.622687224849795,7.479502569378743,11.771588973936943,9.712024048288923,3.7465533461603004,5.258892666018055,0.7337677656625338,3.137808628275814,2.2373804593941036,3.1822080100293917,4.774431737321787,4.654894887580411,3.7298342429378883,2.8489836095775,5.663342560973224,7.150513490270764,6.956316602056142,6.77033414038577,4.796630033992204,6.634960520323652,6.098881269296667,3.897966152047094,5.08110207004148,6.8134466749362055,8.332350240793234,7.796440495643482,6.409026300535754
11.456499157300676,11.524838458852368,11.051147681882222,10.195705082158632,6.275529072166562,6.481241800401438,2.9210013386633746,17.437162819260845,10.841060370811364,8.144404411966255,10.817668119684186,12.82005399043933,2.5740339978317186,6.1776105179658165,1.0985737821521555,1.6268566935776663,4.180395090721513,4.0276525235188885,3.3240471728312215,3.9356928911446305,3.065798493436885,4.16961491766144,5.793185985632374,7.803770123881351,6.5415712093810345,5.737104512235512,6.583029910668956,6.616717197134282,3.7014430101741493,5.241188840417389,6.420800066172692,6.894919110557257,7.297068565866697,5.100704925353914
11.437428092111055,12.253199588089355,10.875530064902248,10.400493051064322,8.88241325453504,5.471567045679295,2.8100167191215446,6.77231936091037,9.307358246245293,6.628714536481998,10.261939107859535,9.884468785852148,6.173233283049155,1.3270268036418942,3.172514269995265,0.1489359714036102,5.801034534099597,3.5096969499741646,4.9888238896201536,4.5230041094423585,5.04666728573988,4.115061016747892,5.595475898402014,6.152384266118952,8.185843041710585,6.948462931009815,7.27068207003157,4.378276915760748,5.223080267491741,5.837137773224547,6.569777238253656,6.49439858192192,6.889361556502995,6.944463043069292
12.443222132446577,11.713375937742057,11.372532561624928,10.7778363846529,9.955359030710236,7.805283156559251,6.080424450296045,4.533795953688448,7.996867672654176,3.793997170256779,4.30805916614776,8.932481092603286,-2.7769310024953304,3.342272202530144,2.9880385089925605,1.1507178897735226,3.970159055306783,5.942262712326355,5.962984162310502,4.932406294058985,7.378579085826723,3.258523481874291,3.1124341013475556,6.098453620561384,8.479343424740932,8.146252272997135,4.941657289515344,4.238795914857041,5.828561668949193,5.834775400567071,5.405097497515475,6.632105686735103,5.9793269027979825,7.970129764660874
11.839687321161627,11.945148004101561,11.8932149686401,11.484595168501505,11.749253570863925,6.720694059758224,5.437797663605132,8.392469892195937,7.957893088733524,9.058898759155163,0.603415121827789,4.78731051794986,1.9783535714722429,3.6303414870485784,3.9472466592057627,3.5673105570263353,5.263888098959601,7.13120741253492,7.094210255068715,9.583316558673834,6.4530678365915906,4.676459311791769,3.13219317346952,6.482695338390134,8.491913140366783,8.352785869015694,5.05279815693412,5.546063468500441,4.752768469721565,3.871310644967518,4.861454460698856,7.026699539396243,6.399445786582002,9.153576103561738
12.07913525581388,12.031213991559829,11.835840407477306,11.478862099090199,11.683088069665075,9.186557645554036,7.07339321156705,7.560018024971758,10.48382008050154,7.470614134030005,2.969840270961884,3.360390275308529,4.635976554153471,0.11807472375876783,4.6119644808669396,6.2532153317121475,5.990107808794153,7.2902751513899915,7.704579829961059,7.4806734813298075,7.179993412905322,4.629141392027431,6.9891094204472255,7.904802489186641,10.032276053491444,4.13623843980716,6.361523961831419,5.910969591759955,5.062816692101637,4.550147357514989,6.352955701753285,4.67640042268698,9.01364643710483,12.161193366746453
12.563974429091738,12.506895175982539,12.750809530306984,12.662439727575734,12.08066718655527,10.93490985981225,4.732034825310322,6.578128992424208,11.053186839273424,2.5449115905607407,4.198703113938659,2.496323309890607,5.1617566391272085,4.4855627224889085,6.4735451543348015,9.910692505529717,6.626991512544277,9.940775552814328,8.28119345076178,7.079977438349598,7.145773605375149,8.465080728498638,5.0333224401280905,8.201858833090839,4.000228700227154,5.586621880742484,5.814432083586451,4.522550300931889,4.16882044472473,4.878212845126434,5.8106286342284825,10.151955183514945,10.52843061039024,12.035116700850551
