script/wind250m.json
{"header": {"parameterCategory": 2, "parameterNumber": 2, "lo1": 6.000198445256149, "la1": 58.999992894266676, "dx": 0.5, "dy": 0.25, "nx": 22, "ny": 24, "refTime": "2024-01-23T18:00:00.000Z"}, "data":
[rows 0 to 23 of 24, columns 0 to 21 of 22]
12.323930488642638,4.5206333800275145,11.98195812047593,17.999186569491908,4.488571437264158,7.110131224036069,12.987553576915019,11.974803489067703,18.768115921337042,7.373296045928818,8.731494801374263,13.402566172559885,17.944733796362833,11.843949277821926,6.3296566759472634,13.23546489896693,8.206326625329522,13.373569589124394,9.651488249083846,12.878473513350533,7.417352168597356,8.781134254938934
6.2998589915002485,15.794078250413728,12.184227400972812,8.473271877916224,6.232599284759243,20.198911051934576,2.224750610623447,20.289105573924765,7.513967679242761,11.946811918590853,13.406002137971463,6.076341525636172,9.869959142813462,11.285053153927889,12.17405615914774,8.359703896166316,18.06564146628302,8.053624366874184,6.612584410045779,8.79774110962738,1.857738718056281,12.39957407471893
5.240439046950293,18.819110009878653,10.698789535906815,8.256600300304541,13.0004724543591,13.93653422098387,11.812050098462928,0.5937099871943892,6.637395354364675,1.0076863430071206,4.179069450382123,14.061630460611616,11.582524414420197,20.6449944544951,7.9644897218354185,12.395766850584318,4.128336187009936,14.936752075050638,12.503734923510702,7.763154388095269,8.96008033970131,9.466138010953518
9.157202815170034,21.93845826707032,15.68250663678219,14.495578221065296,5.385132054914067,13.589991163151604,13.970279210415542,4.9434349942404685,10.37562551634479,1.6428962226618635,7.762967059454212,8.406483176091488,13.908446351188758,12.619625054971987,22.15830502293888,4.8783370298738955,14.920249051558779,19.795712020017213,3.7201976010683633,9.124680247095743,14.22203572049129,12.43704712118261
11.03254132585908,7.032874629469188,13.645443373106108,10.446244499135686,9.519609812653064,13.69213566016677,4.152343154364463,11.410566111207732,4.5311153067927075,8.095745541631395,7.1761977988874,14.437862156536616,23.394987125113502,13.359016632337905,12.723381625184402,8.523134415601666,5.7707820538551635,11.612212472891969,6.662168056581388,9.02865801646692,6.181451223001824,12.01324696898813
6.337709382928529,5.676652661481328,13.494174383303562,6.95290410244232,8.288995130418545,7.510636300796694,18.582293766360067,21.97772258936839,11.606921768081522,10.89250840128538,11.32082113419423,14.142130982450432,16.05598470708866,9.607780508422211,13.6813748378566,13.825556917242121,13.442325687438812,11.242502359566869,5.241357271598879,12.3707387675692,7.803547438986903,13.172284031736764
13.623382535866936,12.464770738576211,19.88751859412467,12.51552351016095,14.506525183957047,11.917904371194442,6.625420908405377,13.994849840295995,12.492334948314946,15.393922495210127,13.217623748857067,15.832735338653128,7.3183132694496775,10.321756784286595,11.123195713719317,13.498607588278023,12.265519065264856,13.187455050541038,9.093298248605016,12.59735065593864,12.557132547375723,17.91845118794765
9.68838697689478,12.902105450527175,15.896396405035615,9.551825214253435,13.172503314556032,4.583759840156467,12.931415325573443,20.232047034001496,19.825597469576756,14.859809814560778,8.381408713614809,24.02257106161483,11.44352413994294,14.168163734894165,4.151434347143167,11.485882913231857,10.368930290513715,10.055123801193139,12.359673504104823,22.90183573978765,22.331898603056942,4.063853056951879
14.020949618965428,3.2333455935081754,12.362250332041299,6.457148725021877,10.788018967666309,11.608479848730022,5.067077317380749,17.7632419185978,7.125919445243363,4.273823949659188,5.967622289923776,7.18202545566447,2.362314036173305,7.479315463399755,14.731498239575119,17.851990817053867,14.444278295022814,4.345245460402231,14.633495026267754,8.791167456456751,7.836871722343345,1.7084713112967043
9.346925422517401,11.74597012004993,7.47086698255167,18.993495731911505,22.13905961468641,7.495271338665672,13.456169705679088,6.049738650484523,12.53699433167178,12.252758589954293,11.860907433749448,5.997741617018075,10.055188510049932,21.704839960584486,7.301857538708531,6.5013295321999935,4.191497086499006,18.66744243680021,13.15085942836449,10.53822043372345,15.139002873401,6.146446563393896
3.019133107942044,8.910070814745605,14.432505282633246,12.886531931618265,10.830163254494856,8.181983267280199,14.8201293071174,15.602765875035528,10.697259550502707,13.175703367809737,7.666397225708825,18.020326248961858,14.206167973700579,13.128453896429116,8.616976185157705,13.003142578032442,9.625205646284456,11.153519037660837,13.377599009332862,20.825239862531422,12.282539650384185,6.279696192420047
12.008547381235722,15.682895265290759,24.12002613186203,7.884968341801766,14.764703599046001,7.945462819484212,18.548126564824464,12.125305786201949,16.716407436383783,7.161553619064345,18.765741613727513,13.082955671703026,9.99876739979697,13.480686906815775,6.652971619374259,14.720736898878195,17.626487211062997,0.4874164133892842,13.610821755813056,6.175054496139402,11.38404038385471,22.377394950095272
12.42801445944558,13.40802487246311,11.769884394744315,10.99177048703954,10.162253036210759,17.706341453747072,12.472132759772938,21.27424242721767,6.758934343578026,18.66414173535156,7.393807043639536,6.447976195256649,8.631098336279756,10.008836859000663,5.302532505730514,9.382474773438854,10.787857731867188,10.217286662571938,9.996079020294406,5.152894805528511,15.012207967986084,11.332242917812657
7.354668441327205,22.65274996869065,7.841593266231018,12.616972219721514,2.597698328118145,22.394840953749718,7.8964656393952595,24.260048190429753,15.02319668185159,13.381278964060154,8.858333038978053,15.100939991948936,15.825477053164454,20.129803484233207,8.404576843905668,13.967284103714423,11.868784496677328,14.120920305987088,7.369892237598697,6.605317649792253,16.560824251820492,14.313173248574595
10.530652230391809,12.69492210022524,15.159046663482014,8.088846100999543,13.149862505626222,10.392899861147946,13.266337331090506,14.901210346860312,9.171430450862115,13.2563829372239,10.4996483796395,10.324874819313573,5.231145928584227,4.134254819737697,11.699191071891457,11.885591408264947,9.174938117849692,13.366760978990902,10.469297219480664,7.1358142144880485,7.854542734728132,12.374464738590385
9.848563519513217,7.367816099441141,20.885636245094048,10.902406677491655,10.596755854554862,11.971722337422282,2.125617390885696,10.46454976829671,12.6221816418042,22.24592814225191,7.335209789157988,6.311180002842593,16.05186672581577,4.993064887950007,22.78547014210854,9.296911526361656,14.751993422264015,10.875206555901245,10.09302681433569,0.6206484539231912,5.399223401351232,11.015970778317218
21.584138318417704,8.760947564424095,20.809898698637557,7.457544603521749,12.66687428834212,20.661207571301382,6.70444143435177,2.570836513584056,8.347466110224605,13.82130830734834,1.3769698183459447,10.846208746133668,4.967539367366587,12.598391488287701,14.109467636610503,8.365908479234713,10.397542548265797,12.397648708476122,23.288010070985134,10.972242264370596,8.549883352403958,23.258330992902348
10.597990243794962,8.27682678805667,11.016562126086955,6.625278407930232,11.94313741161771,15.443157311117382,7.178558895258724,10.122761155077711,11.895492176555763,18.597024226742764,10.521938887195216,12.128700664135037,5.979229284206084,2.988132256462609,8.737713483542326,8.72657695468674,8.777147442704914,13.568313096645747,7.623251550857525,5.657551636611042,13.175250803875759,12.719508550660727
12.035134098167827,7.288101723163801,8.918405996860113,9.238604423203688,5.222604587145518,10.510252587624315,7.688239444218126,13.544206599536604,4.94579026179102,13.220071672854548,5.552901154554257,18.212063558275247,10.188247407087276,11.692863753778159,8.341110325473073,4.1471167736962276,11.597682229220545,14.947674345676406,18.316609150846947,10.986548779973804,18.70312927972865,14.037969757631574
5.642069653741715,4.337613875124876,10.008875286193046,10.15063331019254,8.330151744105372,8.396938962195966,14.329658089640931,0.7824912700804059,8.806542776248644,15.05471311947171,7.896785895806961,21.000387789973512,9.141907193541064,7.259459707440283,0.29234735358251474,11.00290188159134,7.654495197169491,7.539547677508766,13.230355903069652,9.902231600575966,6.325502930197916,19.54037476812243
9.573774725613287,11.056197311911465,14.051090208716223,12.211021108884683,11.401875999916488,5.014090011169149,8.965493397813391,10.180120446597341,21.558021340504034,4.7178179742120525,10.62316570588806,13.992272852787455,4.409796239378312,12.617535266960346,12.183864049788413,11.903730203597798,16.321333040595572,13.068721096880825,4.4774565708661065,11.604063739472416,14.331446272874883,21.86464105166602
3.3019763505468407,14.988326629496992,11.155599091432071,12.401945174027844,3.3467857519533113,9.994998387049277,22.369970680747816,8.699253660830967,13.106795862356813,10.41695367225534,13.822152737420847,8.437104008853007,5.570958252833536,8.47132906588864,8.438604778691783,7.6186045154377595,9.60984094797181,10.052786412968919,22.667857395603594,9.802925795904061,11.708430622657161,14.989823451386362
6.264271319265633,10.155474332341369,11.239286084041293,9.071696056881203,10.178046589848487,5.177597128951787,10.078529724539264,-4.5563641921952405,8.240029983547188,7.840839421039639,13.311839500772507,10.547353032516462,12.661233951317056,13.64082065558365,4.441948232791851,5.579771835024266,9.30533350291204,15.38297205063206,9.037051485943385,16.76674192487142,13.166323573679403,19.53676188085126
5.5238187262639045,6.174004136824844,11.049414547955386,15.230051463977468,6.385676392057782,5.274989417762271,19.56332755295401,9.114620034336985,8.477481367373437,14.794186752131568,12.991493996007208,16.619649617517727,13.927980880255289,13.644911615328201,12.637623850331359,18.8423664215988,9.696878931163619,12.222808911827778,8.348069507795431,13.950550183538326,7.658239069028389,10.876541518042572
