script/wind150m.json
{"header": {"parameterCategory": 2, "parameterNumber": 3, "lo1": 3.000054539987559, "la1": 64.9999836372058, "dx": 0.5, "dy": 0.25, "nx": 34, "ny": 52, "refTime": "2026-05-13T19:00:00.000Z"}, "data":
[rows 24 to 47 of 52, columns 0 to 33 of 34]
-7.510961585760923,-8.045572105805357,-9.011976236556242,-9.446239313579548,-10.323453601655288,-9.27507268319066,-3.1135023794215333,-4.727806074498043,-6.266739267300302,-4.568711295631581,-5.63302828832607,-7.379192722401523,-5.586977084181558,-4.647671287460949,-0.9470168841193147,-6.217017762978934,-5.755326367099072,-6.800314937990985,-5.663993848842428,-5.094593556915526,-5.937449860532662,-5.579415825423962,-2.6992103224212074,-2.7480303166752322,-2.9710298804019346,-3.055462949834487,-0.9967797069015435,-0.1245127365621482,2.1676513145564087,3.936442499207195,4.557211006137931,5.74129573103166,5.992523918281106,5.796273295197181
-7.48761343551648,-8.070558091503203,-8.710700812394927,-9.27881887330472,-10.295424868966329,-10.889197630668182,-4.282088308878181,-6.639921426943542,-6.063770192393102,-5.125984720060152,-5.459005682581737,-4.084704119305612,-4.1855505097079275,-4.109134323475655,-7.799479358367623,-7.5948517685867944,-8.228486033067659,-7.04992096782206,-5.414913651325407,-5.761767311979813,-5.497455739788279,-5.459914069555084,-1.4094857778017689,-0.7534933293882533,-1.9095356995296366,-1.4593752934322788,1.4519564372770324,1.8429965533142068,3.0907108838070525,4.589927208771701,5.791091977274022,5.0013243122502855,5.372311934309777,5.317773920946526
-8.075061770179305,-8.772663401949444,-8.648177327956942,-9.66441645989668,-9.824022170904106,-10.64021079323566,-6.131501077294227,-5.532158227982379,-4.5932899594077865,-3.0706702220682964,-2.544379288115843,-4.092776137981881,-4.256451894840762,-4.27247674806993,-6.085491272806237,-6.52954008940982,-9.920856899436906,-4.3628535105485895,-4.805326041948135,-4.74283909179768,-3.109733289560795,-2.2233561617451554,-0.734123133301939,0.39767492196285253,0.4402580022224664,1.400474049489108,3.047527819930788,2.0379797459756044,2.526415833940246,3.9303660523742185,5.165577285992842,5.0753520222482775,5.860481187296722,5.46122367120978
-7.8150192133063285,-8.677989357376736,-9.094225144552848,-9.246033649057313,-10.064679766089949,-10.542347560526176,-10.627421182116565,-6.061165863578897,-3.5120378894837234,-1.0268672179203189,-2.6155541790726105,0.023308012282820527,-1.9628982591244901,-3.5937320082583697,-3.834716603699879,-4.1394667394334554,-1.2054257130591146,-6.187258991523644,-4.537271845320068,-3.151444820712455,-2.9031247257412307,-1.92003385601075,-0.4755216749459452,-0.5644727490396324,0.6093388583156236,0.9852397802010575,1.0723740592867086,1.7166505076649177,2.4096541726835863,4.282522435238179,5.423679140476447,4.800686253882557,5.963088031956602,4.008019538837961
-7.511639719727597,-8.820678421460165,-9.463221260003321,-9.648987280002215,-10.087923334911535,-10.567581685023212,-10.574291540858088,-9.214369397782338,-4.6722322726545045,-2.2611827278799277,-3.396965499711679,-3.2391146127609103,-2.2681619508170145,-3.869410706372761,-3.3573504458114938,-2.9767154984626085,-1.5136320313375669,-7.793134282885246,-5.181769934052329,-2.8795031305052587,-1.5655384761909983,-0.9561113241999835,-0.5583937113772182,0.6121669238037918,0.6820037175698846,0.8852352925276922,1.6803403103975847,2.4447985053118426,1.7847972841203605,3.497350199576669,5.9538674493381425,5.7345059828130704,4.503784010457429,7.300046602036901
-6.64449118316483,-8.179775341413771,-9.113212772877478,-10.118611553530537,-9.572876410660728,-10.400638330938891,-10.315058643636979,-9.431384027939856,-7.483220217145742,-3.2484663614192963,-3.3067105385634,-4.002547813051381,-4.196684293626701,-5.202096487263823,-6.899023541589645,-6.276157494560059,-5.641563233656375,-9.879384359848471,-3.9005546139695717,-1.8105335604034691,-2.5318133342971554,-1.9431625261269199,-0.220416859653702,1.0948949105064467,2.10927041699616,1.8511222135028387,2.6232996804323196,2.1082896129978423,2.3742293463060573,5.605157783436495,5.915576286161113,4.758890905456021,5.6565843559952595,7.710568964159262
-6.862886508701719,-7.553760615690012,-8.087168248347426,-8.805074024702973,-9.31202263064211,-9.621081620800013,-9.756883872072047,-9.047318160959826,-7.613058703462132,-5.305631295556807,-4.938700641972218,-3.8813431971783845,-3.659221072670811,-3.896034519555965,-3.993792465241971,-4.384223320805098,-5.64509461430068,-8.525527361832085,-3.0715945675680727,1.1461095304902549,1.2776270037985842,1.4137300529917474,1.1840410960696626,0.3046656005904615,0.12855350979813993,1.1166322459983293,2.245392822310732,2.5910934105667858,3.738446680012108,3.5327400023654913,1.7320263231614064,4.704128880313472,8.605920313079121,9.384096994905965
-7.1781681258652,-7.95814221183659,-8.111795405664322,-7.879866618017731,-8.646172789270658,-8.997069185141665,-8.700269340937675,-8.811908751224165,-7.260700914084808,-4.523345295990696,-4.5670762097451965,-4.4393803421844575,-4.630703628940943,-4.4991323271268575,-4.118463814885979,1.4614306079553094,-3.9262457025376274,-2.9721394544684303,-0.9882503991300238,1.3036016929876482,1.0095820608348007,1.0037719601422888,1.2345195499572048,1.6043180053749262,-0.3175200869282848,-0.3111547696640043,-0.3421883910404428,3.1573161980715576,3.5231595656055017,1.996408493379697,5.098145944167944,5.672475661052007,9.813936429139341,9.017179119436765
-6.575997422172947,-8.128283792123064,-8.479529141076853,-7.945619639598173,-7.674452219771603,-8.58062026877299,-8.25344009886258,-7.834201249777101,-6.351373655188427,-4.80603591056849,-4.965321091645871,-4.244117359800067,-4.54541826313935,-4.527001549196359,1.088416949199295,1.7918158457435855,-0.270572763826939,-0.38962275506999927,-0.13610008163556814,0.10988393946621826,0.4067950987080997,0.18176721601552204,0.5031063476610009,1.1556601465461007,0.719522806396925,0.49216066820278975,2.0609013165801353,4.732252323418961,4.128817956489765,3.8308390411911803,8.551950133408221,7.997713175492779,8.747053785675483,9.512514344508734
-6.709541285283684,-7.495543402875189,-8.468919064761756,-8.567234685438686,-7.471633561508296,-7.899244945093047,-8.004654273332996,-7.907648452613465,-6.65056748771779,-6.292207300846653,-6.5701314944367155,-5.3860281759070885,-4.052508705701241,-4.136081682795963,-1.6840819642377312,2.124152365334886,2.8310592621228343,0.9971430481112104,-0.18760652883144954,0.3402698251987872,1.336785684307551,-0.18182810044773925,0.0948468181288209,0.30756711359577005,0.41824635588760106,2.4970456861376347,3.694275255464758,6.3224565795621945,7.551302637723297,7.956353635287346,7.856295275093337,8.214235474910332,9.032678432893881,9.09814804258042
-6.98842605959089,-7.065849296433003,-7.5004935738566285,-7.931368245947527,-6.596506726597727,-6.527747140609951,-7.633448524803752,-7.578064847003315,-7.549055320404027,-7.560134768972189,-7.647970954746757,-4.980379652478798,-1.981896929185819,-2.5224294541616255,-2.3291818510928883,-2.7723763313293706,4.530641919438076,3.5522102240707008,1.661476207958641,0.720696791183648,0.7409433623114666,-0.6660381304538904,0.9595486015019483,2.782916963486252,4.066250594344465,3.921012046578603,3.225279574247775,4.732263996119815,6.1065299306908685,6.950022735434771,7.781879919151457,7.616361914466458,8.434437013013603,6.944394420139446
-5.129338524289732,-6.542304127385505,-6.825271712478387,-6.862432049710016,-6.062714097092665,-6.1373641957605365,-6.018435887855276,-7.204966766037637,-7.639105419441396,-7.990107870378427,-6.910090920425641,-4.073995879804411,-3.385729211459306,-3.3819832068182807,-1.5261469316711644,1.1580767480645315,4.280141443584532,3.298706664849192,0.729107590227873,0.898781056170191,0.5857555114573633,1.138735718344319,2.1883216917708865,2.628257110839067,4.03572691754411,3.664278366826538,3.950638094739056,5.646353123518191,5.8216511294981785,6.432603900801011,6.937312533387663,7.7223624664611705,7.008166410543967,7.144406735516179
-4.061924671907385,-4.612391232611053,-5.768749389584663,-5.400932736660263,-5.273116478641261,-5.869460411610484,-5.634614300807472,-6.5247878076615615,-7.286138745667582,-7.455534275963591,-6.999910620068544,-4.83772365884479,-3.1867061144609705,-1.1707107091195972,-1.1551434299394228,3.4217246292542587,2.7273259629676136,2.248875089544175,1.6683307910356766,1.1146498786820782,0.7163691297048248,0.8677111749569014,1.303870591956919,2.4148358332996547,4.458213669827961,4.57077743595362,5.211431925639289,5.478810345758236,5.708527818608597,5.993532916050243,6.354824530557196,6.891753047708773,7.216635892262278,6.2387817874346565
-4.3111989329097895,-4.656459630570061,-5.031959006894498,-5.276002031546791,-5.934152877320804,-5.6829164906111025,-5.286236142008002,-5.674039807028255,-6.323484324088223,-7.191787840575822,-6.764950790287296,-5.022166282825369,-3.2670163904747658,-1.441614843138217,1.3857969515411834,2.4494479431881357,3.07081091769128,0.9331125081924043,1.594375334841126,0.09488415548549954,-0.38981152452276746,0.028703950186797274,0.8543127788016832,1.2439670047433242,1.4631946972188283,3.4954399737305137,5.102792472788139,5.401032792017773,5.6561108393380914,5.4984850790730215,5.383587938997233,5.705274803951341,5.865321837620634,6.03056251679666
-4.929631043406188,-4.881327744538138,-5.643376954074372,-5.794722830147034,-5.999526771094864,-6.002222408578631,-5.623824590563578,-6.000981508077187,-6.424233114666085,-7.00882772668472,-7.049429105259405,-5.1411922626961815,-3.9615169298045503,-1.8418389428667232,0.6431342110409162,-0.19098657718987522,1.9724498860581001,1.246976724527402,1.1798306528767628,0.4814584889386468,0.6977719148783796,-0.12772684896283504,-1.890298550942119,-0.7937573361943787,2.2918379795220436,5.404301858367778,5.224669413074971,5.672455664957306,6.046560416040836,6.669986464147855,4.586399694428269,4.333299797600811,3.5255349747284623,4.390014461213428
-2.3941069913549704,-3.008115965248781,-3.154959866832001,-3.9897906298762793,-4.922076404244454,-5.299998184850233,-5.370014185667743,-5.425551565792675,-5.461343921906349,-5.642411079015316,-6.015807444947181,-5.9382538922418355,-3.737924590775624,-3.2018590728018563,-1.0658723706684543,1.395909183178392,2.132564968288926,0.44293552275081194,-0.5603379828006971,-0.9401306626713404,-2.641632702726914,-3.955026438654402,1.7281352209550709,4.155931998730594,6.67961068981804,8.728312784298142,7.315006503308578,7.19156273805171,6.936136796937573,5.779837507945644,5.630206056858963,3.119181331590313,3.06439339545147,2.4548234069282615
-3.12689975408234,-2.575596299028179,-2.7645728295523475,-3.0070087030427657,-3.139971631986758,-3.532315449437801,-3.9492040508012525,-4.154420619848811,-4.3962733984478275,-4.232827966555422,-4.434050328508998,-4.875806613374871,-3.9034912573451837,-1.4271197335274841,-3.6929626648920615,-0.17326382092651518,1.426404730812254,-0.26588603334851396,-1.3096708864289992,-3.305553537221952,-4.230013571278545,2.9541383336902873,3.5890121935762904,5.535363016150824,8.720351095980652,9.819689675731228,8.701217464229446,8.251109066013946,7.40380398175268,6.631809689276362,4.083802082935942,5.411735842501726,1.4742338102409054,3.3981050458802953
-3.008028779765915,-2.60624377458016,-2.9506887542467375,-2.910939434624107,-2.794445727530685,-3.1597740719911855,-3.1008925752489374,-3.1448540469960613,-3.3229381297593092,-3.7327684930306146,-3.718681299654921,-4.18428003492222,-3.561485957830624,-2.5234161348569986,-0.9407177793325792,-2.1751385009575435,-1.4142540302716224,-1.8724674385485096,-2.510738220759067,-2.0778926122878345,-1.3901320295318504,4.690841344859878,4.481826491514917,5.073896599436239,5.469317127535747,8.348851753811863,7.364907088552933,5.84045433141699,4.478518415333395,3.888633485493434,5.422310625173763,5.504082872053818,4.972675977164527,3.8118904379039584
-1.3010051177761641,-2.571089892108338,-2.073125309564861,-2.475042231868363,-1.8054954846575058,-1.939259087267301,-2.2256990085245154,-2.567649450077598,-3.1050677105905633,-3.0699420120204928,-3.782747968341885,-4.540708034518922,-5.034416354549722,-3.5135094901969817,-1.603476700003011,-1.5857744708503245,-2.6254222063369155,-1.5327170885250483,-2.071016014814545,-0.37705444820156675,2.925043854898987,4.136007408862113,5.201480824870653,5.621591679227239,6.349766893933087,6.460727046306565,6.12585098559709,6.3009847026566765,5.624354743104398,7.432507748533594,6.276804942468454,4.410963488702836,6.7490576586431095,4.9984919877016685
-0.28931550082910057,-2.019755527817877,-1.9317535535054826,-2.2932402386646626,-0.20517155760928632,-1.2199643815284724,-1.6144968267280564,-2.2493234140371676,-2.3632523924399864,-2.9267927041274913,-3.7093083736803827,-4.1441082422353235,-3.053935316297886,-3.131692577408259,-2.378502038600134,0.30527882633799786,-1.162945628141048,-2.2281206740454955,-0.9559793440009191,-0.05606650916889225,2.564702265518157,5.000278013515402,4.107496641311989,3.05873670754883,4.889730589569845,6.336847282653929,6.944157818108926,6.789114723884928,7.327161270771893,6.240440344148117,6.05027576438301,4.765179920187375,4.658368215581879,7.319872144001612
-0.07547643304615531,-1.533468148511343,-0.20103275865011272,-2.0895713564889684,-3.897086798947373,-0.36828341564117517,-0.9090433947694787,-1.1854940657249868,-2.124407466452937,-2.4192950780103373,-3.331188495149792,-3.3244527163401942,-2.6804532127498133,-1.644347928042358,-0.8847927683138231,-0.46776115405896296,-1.6819680029554507,0.07202079598699235,2.1871507604469014,2.8491678826154327,2.890224546897569,2.732700562100777,1.6363511717715027,4.530776684003402,5.6912556562375,7.343494556079053,7.643448814529693,6.779894001410933,5.916859011930807,5.489196517659678,4.968929948764469,5.851514024883078,6.967938757431982,6.283910266823549
-1.1613455158033086,-3.757129122390572,-3.615141297268816,1.9402414644693793,-0.6438026243652966,0.7431572850301884,0.20161992529997647,-0.8967557263602461,-0.9219473355162919,-2.1926553338313663,-2.2086680049287435,-2.3219784448148193,-2.8513123477083333,-0.8472276645654452,1.72984260942458,-1.69185976527152,2.120346104951359,4.978721114961444,4.74693815147258,4.682507075339012,2.5975907975241426,-0.05125811473146926,4.290231150674049,5.58930500982888,4.44061679567109,6.224968778159063,6.891523187493822,7.467510971827276,6.525544139335216,6.792718613014392,6.557538164582534,4.848678262297072,4.127082167386599,5.989307462737337
-1.8622415976168978,-6.064415723103087,0.37254624633908384,2.3769467347076336,1.346245789299043,6.959376766512626,3.2304685713155186,-0.39140542728577393,0.6198915016646976,1.4462741316118632,1.396078765074723,0.022245259898883006,0.5702941729162637,-3.454206633938434,1.0893486376869774,0.556321241858179,4.493195733068616,3.9152266545074172,2.257064744010296,3.368215330080853,3.1488728733145055,4.753224711018444,2.160500184334616,6.194949456562659,5.056419637844432,7.993219496625854,7.027031211157401,6.877178135378761,6.406194185884111,5.888943393979305,5.481808015519451,6.023033295998792,6.488528505661507,5.221673623363041
-1.2908869951127113,-4.312489432169762,0.00453197300200068,0.9085933001020705,1.265913782656427,-0.12213990715811775,1.3312536652340197,1.0215303004518421,-0.5517565402606701,-0.8646190889904452,-0.13587825506441664,0.7771057667116089,-0.5163249262529112,2.119730128200853,2.9079295683101964,3.292400646747759,3.917479614794405,3.1346745524350093,0.48621821296218193,0.8232322374901375,-0.7398787919648735,1.109627756102268,3.591763830151095,-0.5124944109428963,5.420430524773672,5.12809663708824,3.1880312867773406,4.9828677795103555,5.040416541276429,5.70892256063929,4.400103698068199,6.534435188001632,4.270896446154552,6.841779074114216
