script/wind10m.json
{"header": {"parameterCategory": 2, "parameterNumber": 2, "lo1": 6.000027932988019, "la1": 58.9999434238085, "dx": 0.5, "dy": 0.25, "nx": 22, "ny": 24, "refTime": "2024-06-25T18:00:00.000Z"}, "data":
[rows 0 to 23 of 24, columns 0 to 21 of 22]
0.9454295325572754,2.4628885347835636,4.738218345279253,2.1664343134316884,0.8002400438717036,-0.8584620290619122,-0.15053627760078364,0.0449839461895303,1.8237678239462805,0.6539109561011,-0.14956224719166988,1.635782813766793,1.5398501901925967,1.6949071562898346,4.726634596527986,1.0708351477505045,1.7075065660397948,1.9806307557848242,1.2928414839659368,1.2662854862320612,2.2917667461897193,-1.0308284374153596
1.0331642484954304,2.287097540486869,2.0724539083426325,0.7503499917174594,2.0239383150199437,0.6845232563527439,0.4073133159529762,4.110210214990487,2.7637063122783636,0.8067990529842797,-0.11726914913545526,1.3823692837560144,1.0877070418669423,2.3268045342789816,4.519727540007015,2.9678873468168168,1.7453344684422,1.588769621632723,0.5966615143632394,1.5454422272762345,1.9475797251086697,-0.9109642109413976
1.1174010157316019,1.8669422598059722,1.520739503424194,2.153952573264419,1.4503398082950618,1.1340411996961524,4.446895062509692,4.696666996142298,3.5320663478345695,0.8525440878005937,0.31402359229005977,0.8304624428108882,1.4544874430756716,4.387698497415491,2.850756664194612,1.3637676611654743,0.8214017087906157,1.7558267759632347,0.8369028133386656,1.4211873190310436,2.3267377950909784,-0.47678542868032386
0.9298008608015199,0.8623112614866929,1.7071613331201372,1.3484919683888825,1.018695575948598,4.7606416800959686,5.407841253451586,3.8122402796443957,1.0355480963250507,0.18890997807966112,0.28100791978307704,1.427349625802479,1.0515292091930046,1.6766843391960795,2.676563468712915,1.7440593848902497,1.2471836572199986,2.3983201096912383,0.9548980042172076,0.8833546461039209,0.8177897868117131,-0.7209441976430103
0.8111670929370799,2.043281255889586,3.27585884843839,2.956474178342985,6.2404503405828855,5.382962780096355,4.685393773377437,3.8394115670786864,0.18422982024475978,-0.2808507487583372,-0.6827124519215244,1.2672308688128957,1.0998767947860688,1.458402752109109,2.061503731959601,1.693710592883121,0.5893668036164509,1.1638868232171868,0.29759998832278767,0.6189865836020099,-0.5202541528412796,-0.6893758256372847
1.5754044776433496,1.6552359880117489,3.018162688710606,4.122156529525027,4.667262327628477,4.24422758058143,3.212332409770766,1.7735237894578415,-0.5597465901298049,-0.212646623401865,-0.7834295414624027,1.0470929271459388,1.858430541912853,1.5063656648664463,2.0877602862454054,0.13944337366702428,0.5703419047508612,0.7170198247203469,1.248133455330156,0.8826740286219577,-0.3545345144447679,-0.26128526184021056
1.5145835221691568,1.631764683547403,2.2873916460941968,3.1701590010581255,3.0622729093444456,2.719970939360584,1.735329458372855,0.8261852338685528,0.5526387139865986,-3.4531436222372687,0.139608446261443,1.3380314886509646,0.8605475983628093,0.5633519293302235,1.6172129236935127,1.4345725462976229,0.4110924938620935,0.46589065377272304,1.1885622431381342,-0.41269962985593034,-0.5720815207551191,-0.511796367457005
1.2796417490049687,1.2462577093144245,2.0437716890585507,2.1400290877928843,1.7577613429599241,0.1668597720330717,0.8632549551548938,-0.16427070358229243,0.7496052979434014,0.4084359487334104,0.15043492442804343,0.8494712851447443,0.339858889617949,0.8161764947428191,1.609803379437534,1.6835468157107865,0.13880508230465394,0.4313879682294066,0.6468343024182711,-0.4437097104314134,-0.6516096011918393,-1.1725985673031076
0.9212272586487837,0.9101447675293665,1.109649517896289,0.1690697770114167,-0.48147909576208975,0.11489729030027009,-1.7137411899128407,-0.16716306866213898,-1.535433503667509,-1.8379904519799994,-0.8094472452316983,-0.16705798077048684,-0.6166634474401692,0.8170300325096872,1.0292812473036799,1.2370213634388165,-0.21043693319262,0.3285701050393002,0.36297685668902413,-1.0339591834183721,-0.6531533751248246,-0.97627886180071
0.3090041873281458,0.26743217329043145,-0.0233647921177591,-0.4002023196746317,-2.045523519137662,-0.15533748611321918,-0.9623211996637956,-1.0192568399671438,-1.635402897756001,-3.6218709523630777,-1.2710048654271373,-2.656131119186715,-0.6817655863970402,1.7518632484459136,0.8140784071998343,-0.4376723343593222,-0.21429790865969073,0.028267683017732016,-0.276270864016261,0.06565507739339557,-0.5879106625349387,-1.31311707638571
-0.29720173651511855,-0.5424815456465121,-0.5471859565918772,-0.7925959146167886,-1.1319296229358322,0.720172479073963,-0.7316063264048349,-0.718993274749424,-1.274788932766202,-1.9343709031441063,-2.0164584349606063,-1.801113488406873,-1.3158475968445285,-0.12416731912808537,0.8028090313584576,-0.33188668387981873,-0.416592719592755,-0.0659506393566384,-0.2841538155872185,0.4607939282501472,-0.4808256411496832,-1.7519302465044775
-1.400555052631457,-1.5515886699759405,-1.3811798441541914,-1.6598124300721009,-0.8288697645177627,0.18719999820616826,1.09207683963994,-2.16011167613793,-1.9782628126723127,-2.303058990365763,-2.9266804576395926,-2.495060229166337,-2.5940845583744263,-1.1424218420791932,-1.4100620054687776,-1.7086490612264218,-1.1810772386032509,-1.19489306449843,-0.2333509604737294,-0.2061976175613208,-0.9192557276485694,-1.5901995779874785
-2.135393781322447,-2.524174105533966,-2.3047138207721773,-1.6688536559356095,-0.43718102525297536,0.21627257259980373,-0.05843682528174054,-1.3896492963110822,-2.624718658731151,-3.841706712547277,-3.315281184825826,-4.087513012456428,-1.1711615992758875,-0.9230170043069653,0.7675633326134386,0.5782514557917348,-1.3383681903709794,-2.516639899847137,-2.6309579112852446,-3.409493622789056,-2.8991347994964114,-3.403122408874612
-3.009140647426127,-3.0941728949326683,-3.0558028071088654,-2.0649573760502844,-1.2977137360914963,0.8256764523585524,-2.1369993667943357,-1.9437496526281395,-2.2023735453842606,-4.348607222762124,-1.994970135491522,-2.974980711449975,-1.740201509637354,-0.5759614894511802,1.0882889482499751,-0.16677844229074826,-1.6655023756657008,-2.811792850041795,-3.89206024591628,-3.4981111960292695,-3.9170034073048923,-4.246185693664125
-3.5838725246254146,-3.1362588562174616,-3.0909231054084327,-2.8723799939426073,-1.0497260819645828,-0.7090415520179476,-2.360868571212028,-2.3555594289441304,-2.5258938177149663,-3.272050539801819,1.4828258061014972,-2.3885830739375336,-2.3901126976516927,-1.492360342339157,-1.9474061665136342,-1.5366029558662386,-2.6897876255940627,-4.719112725966925,-4.334574749992542,-4.0087337673056815,-4.4228434333548154,-4.789974134580621
-3.34047958405635,-3.5763476022982266,-3.5489086290537912,-3.407258372100602,-1.0930868128886033,-3.2109163418821804,-2.2960649586651156,-1.3832608366750831,0.15694947780207,-2.834501489790936,-0.9840051254995477,-2.158896876016754,-2.246821837111412,-3.7199742289851403,-3.9046121919373498,-3.5409864324086615,-3.182177935607976,-4.843442806863862,-3.1343701248206566,-4.935177992793333,-4.718008353170869,-5.394980533628738
-4.008171440510427,-3.9851073620375144,-3.545412815024844,-3.4600490094257457,-2.8296396692747017,-2.467304238462308,-1.8120468307952569,-1.749752560933092,-0.015606820327076451,-3.536279158759109,-4.42681609896983,-5.018361838583213,-2.0008910540827234,-3.335249974529142,-4.598208041020767,-4.8112696542658,-2.6690035875875924,-5.662786820573899,-3.480983633962725,-5.231938048450279,-5.357323389356423,-5.133429719154852
-4.231497767540638,-3.899908117892772,-3.5368359260278144,-3.063222354673448,-3.1356254036438593,-2.0839939654464636,-1.1334192655350668,-2.0920905572739343,-0.8791704410589443,-3.3438338719104195,-0.9671301764905113,-3.6916277381304674,-2.8407365336294674,-5.611960292537906,-5.801694606458484,-5.062390773513546,-4.599993632955075,-6.262755240087117,-5.458059823407548,-5.500203335363516,-6.196919883954108,-5.611679887570492
-4.700492278117054,-3.9721255709784318,-4.301168007971708,-4.360491238115563,-2.983720746787018,-3.6993927081103775,-2.592303372970282,-2.5203105721281056,-4.176139823597942,-5.563914942714055,-5.087780765604017,-5.43769116047652,-5.7886357405476625,-6.533483921987858,-5.016089755381379,-3.8891466274373094,-4.815636614006658,-6.757541279987916,-6.1546901631746405,-6.548291673709992,-6.8125113754930995,-2.113674626926261
-4.47901145210304,-3.9638121278563507,-5.35770257015922,-4.277751302757904,-3.1455255671645768,-3.1190685380871113,-3.1181220735238586,-2.361134802745007,-3.2218135244133332,-3.789816226000665,-4.290647307667688,-6.730033779325518,-5.650427630053496,-3.4615860763560415,-3.107273311651522,-4.982704487232336,-7.00296262849968,-7.680056112630511,-6.833501248072227,-7.0788093902952545,-3.0461001058280712,-1.6887483363512363
-3.7783898893905405,-5.514959233227579,-5.604167774450306,-4.409685656876908,-2.916101762416857,-4.154674152864312,-2.9205657915397216,-1.735578297723751,-3.0203372857556805,-3.88859211643529,-5.6937006940558055,-3.2977477253400034,-3.930655698079968,-4.394090304361462,-2.8398197411280135,-2.5893097915920835,-5.2247593326101684,-6.6274513978229415,-2.329060964205839,-3.1105045308940613,-2.426443838254385,-1.0486699434684006
-5.124336779396191,-6.5616464313630996,-5.010184825869864,-4.659452584187539,-3.2820713492626274,-3.1546446755461837,-2.3576926850971356,-3.525792952342981,-3.5167395124255587,-2.629030992361227,-3.385753772727809,-2.790160108632328,-4.384682275745049,-4.310373270164369,-3.3475247856547337,-2.724616522171645,-5.42524503377963,-3.6773753292703586,-2.3073821801393177,-1.2122539942616652,-1.0620023071410782,-1.0178021952792324
-8.016894879140986,-7.026434879003541,-4.312492189690692,-2.34743317037243,-1.9341082308394328,-2.891876045777423,-1.825923267356769,-2.3272228633690983,-3.622983455353396,-1.8398940758393745,-2.96839626253711,-2.387570735997848,-4.5085142932498465,-3.551961895056387,-3.9734779861962077,-3.0906891546901267,-2.2576202843819986,-0.6208679689679396,-1.6069510814999495,-1.1078961590212055,-1.220928956715517,-1.347569803602721
-3.2590477944310403,-4.195251990925116,-3.544048620452303,-2.3123729449687875,-0.6536557833934156,-1.5529736395465104,-0.8286782934845386,-1.2860087229586261,-1.7630960766080175,-2.027899227814048,-1.827242560805745,-2.2453202277422553,-3.3859082678174377,-2.321674647074358,-3.1344320274236304,-2.8542722527684234,-2.617300739146328,-1.7960950517501344,-1.7141979659618773,-1.1309824250588771,-1.1468275259795384,-1.6504138001209627
