script/wind350m.json
{"header": {"parameterCategory": 2, "parameterNumber": 3, "lo1": 3.000054539987559, "la1": 64.9999836372058, "dx": 0.5, "dy": 0.25, "nx": 34, "ny": 52, "refTime": "2026-02-06T18:00:00.000Z"}, "data":
[rows 0 to 23 of 52, columns 0 to 33 of 34]
-2.0978586215083643,-2.3748606362112996,-2.52144493047616,-2.4010749949821992,-2.070044525188611,-1.8487550314460142,-1.8300906080510642,-1.7821979506728702,-1.3334111792093173,-1.1513304579351897,-0.8559981425741781,-0.593666642602256,-0.13067401847974133,0.5357398826559655,1.3484069551465772,-0.4777165383780953,-1.850226916629802,-1.1068447818428988,-1.4614823056455584,-1.4927959506122674,-1.1104976510969817,-1.351831924673871,-1.2973390681679617,-3.8353453335340664,-3.9344238755281085,-3.424945451987229,-4.097786880978947,-4.588902974586679,-5.221837302527654,-6.204595832663759,-7.105644465197141,-3.234738480228638,-4.104105174744085,-7.1148338494714825
-1.82797176360925,-1.7250385535071378,-1.6970391914888967,-1.6599931645539887,-1.5174212302602716,-1.5509590564598235,-1.5181917057615244,-1.0999573342384479,-0.6998830532118597,-0.3339718724180471,-0.12945960623486524,0.24776054312083778,0.6903796020521525,1.0030437495492983,1.3281027158286378,1.5029308163738755,-1.031692863392604,0.5541882466272771,-1.0099398610335317,-0.3207641741043308,1.101350859182459,-0.3907023735688917,-2.065148211426397,-2.17122808832609,-1.4604110631580525,-1.7062799963784172,-3.129056887175313,-4.80264424151746,-5.821572234682919,-5.8708562726132225,-6.69266707344956,-6.8589877184235375,-4.376539826621693,-6.510503177921259
-1.9139266012127676,-2.0405864909357425,-1.786716449345568,-1.4979472919597465,-1.4111348726732806,-1.2548538283612025,-0.801060991308464,-0.8086922881825258,-0.734847213162135,-0.3466153235105312,0.2145394517550894,0.947561764740739,1.2668166734599737,2.4689404864639037,2.168016927039512,2.7525719029259834,1.3455471516969995,2.5069009629748513,-0.24712323063488417,1.1245665104979332,0.6394428594270181,0.4085237197303541,-0.9102927140479483,-1.3754194973276876,-2.2417588934837243,-2.364403896452561,-3.848264255020853,-3.8974886359518632,-6.321482127132863,-4.822764848950329,-7.039765923369498,-7.725912900859746,-6.653594403421747,-6.869615994879505
-1.3280285386289212,-1.2217722578325072,-0.7642689100162352,-0.32321739010465894,-0.11835452992186007,-0.02646034027612462,0.004703173091559911,0.18075479494746752,0.8939605171362356,1.5334069935705785,2.1951782987738353,3.1291675932443397,4.472575558151681,6.247285881495324,4.341865953936858,3.7582604758248177,4.499639003026463,1.4451167454369231,1.1543756931927478,2.7955012939266575,1.2710658121029268,0.6622715423735355,-0.05451086629551485,-0.6996017398508464,-2.3870690906154,-2.5137005568679034,-3.5056898291539396,-4.131908318715523,-5.182461487949115,-6.044287460856879,-6.130446051977864,-7.130608460407945,-7.835609362621831,-7.349953386742988
-1.1005393051052874,-0.9326442757632175,-0.6137125523698198,-0.12342995633660582,0.3125074534119095,0.6264019422750294,0.7227229948569567,0.890305559899876,1.3642947798020502,2.7440688302325476,4.59056690160068,6.982086367303184,7.878539897044191,9.959624679057427,8.22935202564933,6.1935445041724355,3.869734881869888,2.8391500042800946,2.1633528126716044,2.9515669327664926,1.5507532323585538,0.7809589633682645,0.9347532776548537,-0.47239504383133984,-1.425233490125479,-2.229923189858379,-3.1590886286152284,-4.3205869438880615,-4.284935224979939,-6.232869466914229,-6.838407262236551,-7.260310625039992,-7.8537797028510425,-8.182930349008888
-1.1074185934963834,-0.8740159164851128,-0.3415122723924446,0.15375791647423023,0.3835680192903925,0.03121271424676159,0.1704461020281247,0.7169816117020742,1.6800119057448837,4.27680111832575,4.7092384259794455,7.721306270515794,9.60666314958271,11.188497633264024,9.54519319267505,7.294488112054042,0.42352306476712087,1.5454770167804617,4.478942598904383,4.242916683752307,2.5150146176057486,1.8799079277995336,0.8183580659832238,0.4423305917937833,-0.8799727892086258,-1.3502063980568204,-2.6587600714502955,-4.077075087998013,-4.866298048196922,-5.266816259074114,-5.790733998521975,-7.898939961083903,-7.496441756445616,-8.127148192579499
-0.6940151740168925,-0.6127811013371023,-0.25967651828482036,0.11325463170033982,0.4962198753873231,0.45950919508904703,0.6750273448089963,2.63372825637124,0.9582651111513772,1.8933063245928852,2.9551084426895295,9.056759373534529,7.0459018238933275,12.97783961775661,6.848441745485177,5.2293871802634095,6.002401091857173,3.382063502506539,4.559085095072593,3.9893610961439894,2.9415744414695646,2.4682034163089,2.018546832596391,0.965124189841489,-0.23624399835939472,-1.2716842674819437,-2.7388811599854135,-4.1954816337689005,-5.098245364191124,-5.731015782064033,-6.155623100195789,-5.722239438239898,-5.490742913451037,-6.868563492113015
-1.133114340045201,-0.26686750018718214,0.48320167327866204,-0.03391645302101978,0.44725402342242415,0.8002856467671493,1.1516450186301068,1.0538823532736916,3.254945939725586,5.511525769365769,0.8365126616759202,6.124485669798534,8.702992326786866,12.82861473222782,13.074874323646235,10.894923001590326,6.0371250208536456,5.871268473266922,5.497780576354681,1.2189831700184297,3.2878489244709974,2.9736035728323005,1.4717890254624446,1.1511431116775428,0.37842124593364357,-0.8933810925349769,-2.2842604991559607,-3.5735182661541582,-4.294241454102699,-5.628554872418756,-4.545496050726774,-7.214343707768366,-4.7843536254758865,-3.968245272939821
-0.8368811805823785,-0.7887642736376089,-0.12195339089690421,0.30906247788215047,0.15998698460617325,0.32402911753521463,1.1372441347258715,2.6406969093569734,3.4737074675850534,5.149668133618051,7.3256866539594725,1.3738140028753703,9.075550345930617,13.388987285480317,15.158644535103267,7.183888648711187,12.03562780630924,7.255367694318935,8.251354910190491,5.688010452004686,3.7902457975159094,3.9570940529837078,2.8821583861140607,1.4699246714880652,0.19748052726131335,-0.3176740659363844,-1.858413709788369,-3.693292216951811,-4.944853393142281,-6.14003666727793,-5.983655345489605,-5.7526634106037235,-5.479478633513689,-4.4796137739123525
-2.043320731376848,-1.5564839888762212,-1.2059834718585822,-0.7734256871456167,0.035986223749849805,0.6117598051957169,2.581601494971917,1.425043176263103,6.319561558503018,-1.0670696917599598,6.359471639027686,10.135267459801275,14.195199866277507,16.843894017216325,15.019461855190784,15.383293563851979,9.542748946399389,9.36041439613349,6.598337857811862,4.661530843071598,3.7201377215595954,2.5724454814081925,2.1514161349588603,1.7701810635203603,0.2565490984294629,-0.46299275264590917,-2.365683090559379,-1.151276477292204,-3.4944043282850736,-4.051745155045587,-6.534023092759811,-5.981956840552778,-5.310440281407915,-4.4360822473401305
-2.2372933721561563,-2.498281958156096,-1.1629946603542414,0.43956276948415757,1.0062585003796858,2.550912774239688,1.1147246683954706,1.9361860353343223,6.10450771993389,6.435097327640965,12.842227121642933,17.241730104986647,2.657934311044479,14.267855141265368,13.688186499821194,10.906225797638115,7.463307457888418,7.045667598438732,6.327035425125013,3.35500210499873,2.735860887328355,1.321158421873022,2.3285850717717245,0.9348891396090506,0.5401232042965681,-1.414414884927287,-1.754642304828244,-1.5944110115205532,-4.357891336778143,-4.052484521759328,-3.998911680008211,-5.042439561257854,-4.700283517220043,-4.944764716816303
-1.1180170864042185,-1.6520507739706969,-0.6792573003775941,-0.16527321194190786,2.5999852564418906,1.5831921463171879,3.1502579824083368,3.7886010036006392,6.9072658797251405,10.007457068431966,10.928355216537193,11.170444778390781,9.84688193364808,4.9772417093336525,11.087008710967734,6.603103198480236,8.483403707651883,8.868937371517669,4.639410179818189,3.7859984081116003,3.8332209595561544,2.6998191736383332,0.34235708680664834,1.6647744215133504,-0.2846394371304182,-1.180209856778122,-0.7689620029477334,-0.7309485948627696,-4.497512988863392,-6.106494138229741,-5.685559608742999,-5.200260636889477,-4.72695707721035,-3.7960656050068797
-0.7293933918491823,-1.376214498128182,1.5600171718586782,-0.11945358909067652,0.8912330919945718,2.0283329554456575,1.468359184906716,3.828871388571244,15.686518742494256,5.480396160300179,7.278460433435866,16.264447359268054,11.00622236990429,11.155116772210176,8.647384725716476,7.265332718985058,5.931506092923279,4.255411738972025,3.8566887109610195,2.0803708883165184,3.0054733427083513,2.338380753084076,1.9394488803449192,0.8559893520858234,0.41015678608441974,-1.1158744637191214,-2.099817619271753,-2.1405101773335913,-3.1335164541707474,-5.2028557665442285,-5.531166220201513,-5.427713893917954,-5.083360971539201,-3.5646728019487135
3.091412688145622,2.5793541051263262,2.083668728789317,4.570591575633117,-0.5701086721581661,4.939229265223289,5.502021653957254,-1.4510337011597665,15.65321777733431,13.86433410495775,7.18083364261813,11.083434433791481,7.39644272542242,3.8705908914379052,6.188323394075138,4.865633006515277,5.341823312145864,0.5854819844176663,5.740249498471629,2.2989659479389335,-0.22524301224379792,3.2128125802791043,1.8101836191340808,1.6068474034272837,-0.018335214399405858,-0.2549210555020402,-1.3801157174016772,-1.8883160852983547,-2.5820929557269396,-4.604420187929198,-5.923946761002708,-5.62582249768313,-5.298537114890652,-3.735467269031839
2.0933865547380313,2.7491246410086485,3.6562939739035625,2.0310927800586662,2.011290425924879,6.643528526944347,0.8189859637159554,12.403999291815941,5.080518338850865,3.9254727581234627,3.4975045257038038,5.7893359491997085,8.346671369028154,4.9632857700374435,4.689039209556844,6.016699524389239,-0.5180401477052776,4.068213253176627,2.294156322049379,3.605202063185216,0.688275913606772,2.750482560947136,3.7439475415694186,0.7122759291202386,-1.2675227176178718,0.9494078371729567,-0.9722050708856225,-2.5876080447717635,-3.093324001309666,-5.237768797570891,-5.7251059368654325,-6.101423264537209,-5.5781720942122845,-4.307214816942858
2.0473082648239664,2.209831343785654,3.1881265127428904,3.337933534114565,5.699286236960329,4.142681892106039,7.844111597717837,0.46460659974105,1.2831078924355237,1.316558380273553,7.573489833090008,6.6227016207343175,4.064416386811747,4.435094108011419,0.5334322915630945,5.799059570114759,2.995282877727571,0.7823517537024776,3.184569590818655,1.3014275255070225,1.8409202893235683,1.490302300586757,-0.7488750898236418,-0.7633629141623677,-5.463536739765218,-3.0785569422476136,-0.9085452924621438,-1.104977384678485,-3.578399971956756,-5.380653323603753,-5.6123692572026505,-5.7415871408480434,-5.306059013979132,-4.913710687792619
-0.07045173704770699,1.48713757834239,3.7675599976928766,2.1353179849664956,6.879817022106826,8.423900650369607,11.54699031865263,7.135211740641862,2.46819282961433,9.548069715824774,8.97480879203646,4.1919292459093755,0.40998294026005794,0.8096933395267679,0.25986380129469605,-1.2375727853863498,0.41606273167129065,-2.748245822221428,1.0550063534735241,-1.6668941841949672,1.43885412264299,0.809899323606017,-0.4830291204185546,-3.968883036110989,-3.226393012218561,-3.780086830353709,-2.965117630725784,-4.290077820798436,-5.414020894386603,-5.562220201348544,-5.4460049331316105,-5.257936573003252,-4.95446485485781,-4.431621257316871
0.7015366527733257,1.533662469084017,0.31939328719074106,2.388837678604449,2.8021160712098103,2.5517427043473266,9.486153996067719,3.038350703732707,10.296898352616116,8.99872364946577,2.3481088590849994,2.1052362726409695,-0.48890969752765817,-0.5859786875449775,-0.6865816276550742,-1.3920225756393305,-2.181431254438088,-2.715099795119302,0.8331835147573471,1.897538374398953,1.6599470657641808,-3.786801739147464,-3.672048388508905,-2.3327206396303395,-3.285875180192888,-3.9189492628435,-4.93165163789396,-6.285129036934999,-6.62735844058807,-6.550276901711237,-6.801118675371966,-6.35939149315894,-5.35223108691457,-4.212734378103787
3.302549377778078,2.830196552333464,-0.2972581754210412,0.036419352220725905,1.660911419877993,3.5586072947494305,3.989598942945898,3.5021798432507154,5.315208201239783,2.5098416999635385,-2.160719649164968,-0.6471512008563068,0.13766983841632977,2.162953198809055,-4.773092903138726,-2.118417285023035,-1.6458444449981555,-2.1868349896571972,-2.6280704465740063,-0.9775584610468554,-3.5863717263679034,-1.1191311744395083,-3.6521909870372053,-2.484285884447742,-3.8192528843720477,-4.309727940261627,-5.831733643811279,-6.350297004283214,-7.262834477765185,-6.791274433977029,-5.677119853671285,-6.049489533082582,-5.993054370855716,-3.7155594673350905
2.6059287579514065,4.07022221208977,0.8015126425788958,-0.9520659374192445,-1.6486569921199503,-0.13838968148071967,-7.12529275623021,6.916827345787986,10.421492623310547,4.506217288818665,1.6070991960655245,0.14854766425945007,-0.885136750548744,-0.5578921782793507,-6.309848694966081,-0.2708795198780121,-6.654721582386066,-3.9864407868753067,-3.8924160245746457,-2.966808830942306,-4.981968996800167,-5.055445850184139,-3.894256829516091,-3.1738924721189736,-4.501980501143502,-5.677510381037854,-5.388752676437294,-7.397448620666041,-6.943128547061228,-6.3832670250217936,-5.689293955651893,-4.755146346792298,-4.490637802114915,-4.033021341680638
2.390794102028072,2.3969793048852983,1.9656107979971404,-2.9505394529734095,-3.530909904473605,-1.2068578619749546,-2.022417011432235,-2.3941426424974868,5.267396368976,1.9727663684273349,1.351585714243502,-0.7699279918443571,-4.061282874387166,-6.223222928617528,-8.422215862080598,-5.387548744880763,-8.365794581183032,-4.474466299087817,-3.5641000577848394,-4.182732054294069,-4.354810637630399,-5.000242683821589,-4.714663468993079,-5.650810806509318,-5.978066195172974,-5.310088159949637,-6.225811425800336,-7.090904763660163,-7.245614528121296,-7.2707526789471135,-6.665332769717894,-5.222144716629517,-2.834132809933515,-3.6793174724103417
2.1007485515175293,2.9942934340479677,2.27160431255586,-0.5733544828041236,-0.6629183467346224,-1.6708710433082363,-2.93702875622619,3.376914985580389,3.5684842121616587,0.29993403523937373,-4.198903602544139,-1.0794217578327392,-6.685421515452815,-6.869777149679385,-4.361722355790337,-9.210917796959325,-7.109265917653575,-4.91506607190738,-4.5513925893252685,-4.0215287619681535,-5.165558728463267,-4.849107372393704,-5.282267793643267,-6.087999866379524,-5.190156550430834,-6.597484172720227,-6.526734587273389,-7.07998046225985,-7.091054378186004,-7.250359304608695,-6.269384368493471,-5.226315037589717,-4.639099111687317,-3.765595688651992
2.4995906101759,2.7869981561988513,1.9205281221018606,-0.4201263950659869,-1.0735810340560952,-0.3036423231482344,-0.509064280486444,-3.9316237016805,0.9520780361260708,2.2258472555756423,-5.1784572147571435,-0.21154226533107998,-8.650457056271048,-7.488890712637018,-9.163708433530969,-10.066311849831322,-6.476030415462669,-4.803714102366746,-4.536852126578322,-4.354213885684415,-4.566124750397326,-4.509006624350615,-4.565873923356459,-5.016495344798767,-4.707951516315066,-5.2244587118360215,-6.176269779641325,-6.691299010769653,-6.993711444014894,-6.4804378931685465,-5.46199736354548,-4.229404096632716,-3.7593511987692105,-3.0206924334876257
2.2331186264474305,2.707053027154669,2.0601265984945196,0.6184363467929425,0.11379250592017322,-1.1541328396698511,-0.5157851909710808,9.195545849102093,-0.14685949873237447,-3.4519687809226287,-6.591589491507779,-3.8137671165541263,-8.705862285767763,-8.647425615970443,-13.20351182853452,-10.746674837534703,-6.655417106599152,-5.03215958451794,-4.151868767345062,-4.772812368653815,-5.350897244024588,-4.630681343199494,-3.4942975015907702,-4.269142937539027,-6.524826394727916,-6.276300749454274,-6.122349095388015,-6.1157935006350135,-6.259136535126475,-5.883751407776632,-5.483162446098431,-5.678913375328287,-4.410654828326102,-3.2924549498652462
