script/wind250m.json
{"header": {"parameterCategory": 2, "parameterNumber": 2, "lo1": 3.000054539987559, "la1": 64.9999836372058, "dx": 0.5, "dy": 0.25, "nx": 34, "ny": 52, "refTime": "2025-12-12T09:00:00.000Z"}, "data":
[rows 0 to 24 of 52, columns 0 to 33 of 34]
1.8640099728834258,3.307777144483803,2.9205099073571565,3.62301335848379,5.257162571886829,4.880828019991132,4.57587881861214,5.709694363588256,6.524830992727979,6.226173653018876,4.286307873697304,-5.4858676625133205,-7.991351616966791,-9.381973764886887,-11.534189733538152,-11.369480168967554,-10.282643470438131,-12.659801434341537,-14.729759813782747,-9.020540326816915,-9.589527844847776,-4.898380397242451,-11.439060132627283,-11.619175816736329,-7.407548657428654,-4.484651541933123,-4.578920426877839,-7.202108198713166,-4.0190438435766955,-3.7017377557499422,-6.645320775042857,-7.722859660824401,-7.8575710512307415,-5.792732109580555
0.35283012432558747,1.4851747980502872,2.5240841177019506,3.607365918438285,5.781541320734218,6.654524270918054,6.027562722586626,5.745703524343321,6.075373902054077,7.157468962170864,7.548780657974145,4.708457866217309,-5.366844521973273,-7.074950149619654,-10.187070990557565,-11.793993929602332,-12.256444970364841,-13.955029593763443,-19.584559162303712,-13.407584888669751,-18.37322605281693,-11.717674731191792,-5.337206248886302,-10.823006043196454,-5.918687113643895,-5.807314717187522,-4.211569049852225,-6.510070981657442,-7.675975439218747,-6.52295117480312,-4.257813298287049,-6.95561809895427,-7.502793062579186,-6.94050878021713
0.8558519037015476,1.6460657740225222,2.2483630323496007,3.088707184811083,6.160220233004279,8.177076056852593,8.06406993589027,7.742276399144752,7.5345196967672,8.14677866629992,8.067870867820723,5.046168581278452,2.1290628944434484,-3.7389805621871863,-5.835777851296994,-11.023190021287757,-13.027494896977496,-12.448063024918786,-10.236623679094306,-12.694716801327925,-13.116462306766804,-7.819804837495335,-11.75149431753456,-9.701298579204693,-8.483323467216673,-4.801930718927739,-6.066984849141381,-4.0310092168121265,-6.5837713328001835,-8.416292014183862,-7.461110778713846,-6.111732195715403,-6.202266623901963,-6.742109691165113
0.6086507846080408,1.9279425335040896,3.4506629810404035,3.7768320679453335,5.175673502247257,8.108063687855504,8.886329045703366,8.448425086242317,8.921953845110249,9.185085955576934,9.971848596334016,9.009442073708234,6.841008026077016,1.3701652606088988,-1.6830086361604613,-6.402303868237954,-8.44829143613565,-10.50638013982934,-10.97707041900955,-9.551493963277572,-12.58318773233476,-11.521966373581666,-12.209044697573038,-7.30144815434639,-6.661341555883669,-6.3736836974832585,-5.275618641189101,-4.918288922897561,-7.75802849565292,-7.206091658979918,-6.312924147833103,-5.118343513239721,-6.0382409174535345,-6.071915505932547
1.3977263033279772,3.0912921629195154,4.573204410893974,5.543418017857453,4.963931155059709,7.095309870167049,8.090136757805748,10.404542928772987,10.041724907711988,9.05933083774838,9.033890540773992,6.901312646246098,3.531494230083638,0.9632581734525082,0.011351400661398022,1.8853069156551276,-8.70448520415665,-9.966623574446754,-7.819381265452735,-11.238924762653715,-9.312705041756766,-10.585391489909075,-7.776482695799746,-9.93051518040169,-6.7172373347786065,-7.033957196428008,-6.251457513272887,-5.425033793710291,-5.39182644957461,-5.134761942512396,-7.278153603344484,-8.048374317370206,-2.6165766143954907,-3.9663890014534817
3.312953143960433,3.7391536530358476,5.492017675468159,5.31434700336973,5.529173433254079,7.213649962500134,8.300542172360116,9.666721895248575,9.891313454045479,7.2814162402116835,6.967987340018769,6.159986635189444,3.7581249837546844,1.721716775755428,-3.0967524367455,-7.920476408842853,-3.586410844121646,-9.908653316774217,-14.339923205298206,-14.423291318833726,-10.189379615149276,-11.86412714340703,-7.968483617794906,-7.456600601257344,-7.678773447900659,-7.060507269169772,-6.445234924246418,-5.66940300113704,-4.488327791111927,-6.182619346834974,-7.6787904637758615,-6.102643881182971,-4.491475685066638,-3.4662750021235516
2.5480544213440757,4.501391163815031,5.192789755156828,4.656778676095121,5.929173499483603,6.670948000318829,8.495811604989683,10.041418638495992,9.773333514699885,8.031434353179234,5.405593278307825,5.954898469985164,-0.07246007446513204,2.332774998163276,-2.1080575007891267,-4.191926868573552,-2.6166235610089346,0.9465086305281503,-6.778491417120975,-10.942779722575287,-11.667973590079326,-8.055296720737223,-10.901823646919091,-8.618907626855082,-8.452000531561879,-6.3615951616776725,-6.9380201913544255,-6.081294684648532,-5.122437768869782,-4.824459618645374,-4.121784777511426,-5.882989525985309,-7.559403249363829,-3.7342885689793257
2.8176036334453016,4.646951576564787,5.989466919578271,5.225923200388747,5.936381133404487,6.361273513851809,5.855391032088068,6.2677748845442665,6.113539722013935,4.837754622696988,3.8614592400649865,0.8524381122229514,0.2310600162341159,1.329531782186695,-1.1901669714421164,2.4722763171116817,-2.662769105267624,0.7720032833022159,0.28640224473100817,1.4148690549326413,-5.253301286103947,-9.382936914851108,-8.513200908238899,-7.4626010435012855,-7.395494647628298,-7.22064990705446,-8.331934340083048,-6.975198590376363,-4.730235372324281,-5.573054466741649,-5.0578240960530225,-4.8389384612288255,-6.851851285252367,-6.073952473082757
3.677716403048949,4.580168183702832,5.271689768399601,4.903302954860616,5.673052328893283,7.616462030220394,7.739024382988684,3.8006900880622934,1.5259420193681161,3.1531849360748354,0.3309366825506381,-3.063556795300936,-1.2481274430510134,-0.619395011827805,-0.790036965445447,-0.824731124365881,-2.15106245782073,5.15956588878762,-4.643650562168362,-6.1574967114046695,-1.820312900349461,-4.846708815650106,-5.0181283654757864,-6.9050097681664715,-7.224010980991458,-7.633278200813531,-6.310623549639197,-6.092615970037253,-4.588797358272968,-3.3990253127562546,-6.4927597840772355,-4.785635055553375,-8.131857897915488,-8.118133269935152
3.5480885949433745,4.337147105058824,4.175873221949364,3.3392917706443805,4.502854140401595,4.374508528191435,4.643167704024388,3.6452033715930945,1.8530991483802532,0.3122949779901507,0.9402632219543943,0.6486319890146779,-1.3259553269287383,-0.7894023968568632,-2.319774246171059,0.7458181003946606,0.9683562803193316,-1.8001256427849581,-8.25933644765501,-6.632568967854788,-4.9398558706390885,-4.923147367080225,-7.672748403485384,-6.191563347139606,-6.767588999652015,-7.784513783770518,-7.181456011426298,-8.469183460094143,-8.200101212601762,-6.385365360218122,-5.022940042013835,-9.283364906319516,-9.635783442419292,-8.422264549334564
3.650756074798416,3.662297136017924,3.474526979275992,2.1902591097376516,4.034306122011049,3.9370670763567333,2.1317086397950575,-3.4321561931126534,4.845064388444389,2.7879529742132863,4.30210757398714,-3.311341230005512,-0.8825212889471613,1.093758465532517,-0.4116821859713533,-1.8324706491257883,-0.7904203760091324,-5.178879139010072,-0.7449448900289243,-6.412713087255954,-6.230347046149095,-5.888449183891014,-6.951146915350254,-6.819544554804587,-6.478670816090683,-5.68522801059949,-6.007798718397705,-8.718908943850982,-6.754751753784221,-5.820361300572452,-8.757670902856272,-8.393991840666537,-8.774667114940083,-10.503732224530426
2.2927152954710737,2.8812210472525193,3.294098943625602,1.1900577809826085,2.0402159931521227,-1.2766139119584519,-0.24120324646647998,-0.08416385458608569,0.9229151041791579,1.680955951905489,0.6330466350617306,2.764654338721752,1.5163911078857306,1.9035461921586059,1.6961835861151147,-1.6654592795391978,-1.6004067727949587,0.874708845427458,0.14771935579652082,-4.124763287959538,-7.046461249682183,-6.663457456240877,-5.635582039354676,-8.81477000134083,-5.598189974091689,-6.640922322289314,-6.986523565976295,-8.297614126490705,-7.731626698352963,-8.642309006901389,-9.914771478504882,-9.666271514359899,-9.297394356827667,-9.286681194218959
2.2694513779817824,2.007219170123255,2.828675561483696,0.7169460816145886,1.458488278157009,-0.7976425966628914,0.5523777775316994,1.913332047595569,0.34427064875096,3.317930182403692,5.362311064828835,3.873335039771505,0.8842522848058822,1.1870639802226097,0.7166502759631533,2.023186330599909,-0.9289609778057888,-1.4515267746655143,-4.412748645541517,-5.580061140491298,-4.877736021222275,-6.364313760311272,-5.742454426248428,-7.783998396877552,-8.77241846228344,-7.513584614460702,-6.011797345698746,-7.949858068963505,-8.151026246927715,-9.205778720051102,-9.964482315885238,-9.907843109109413,-9.30881043423866,-8.745250739219111
2.6416872659481005,1.550930042920316,1.8421183432365582,-0.05111157753239494,1.0075084837109216,2.0091103001070842,7.479517791380743,0.33707720932657054,2.5705762835710475,6.297809002990856,5.2733423877079,4.461316707475547,-1.515215931503681,-3.2759898383123502,0.20143020567505343,-0.04389246437221068,-0.7156992044956615,-1.1982924490067388,-0.30485917845553334,-2.096572684804591,-5.774442514988678,-5.722033165188451,-6.491899795587932,-7.386205489308199,-8.30695833363124,-8.328842493192791,-7.23186981669308,-7.873949325354896,-8.363271296184353,-9.326045210670257,-9.903471484455537,-9.882323000550768,-9.76368520646891,-9.21731243687079
2.032815230522215,1.2433514480407448,0.8272086262010164,-1.4519127742829585,-0.702119299073231,-1.1081311047025635,0.8522093132543448,2.3847054470400715,1.5050198264930648,4.129203074237344,1.4528581392726685,4.490091952874636,5.175285797579905,4.804287236354159,-0.028926511842280386,1.385632759623329,-2.207314057616397,-3.7734328118124516,-3.46677568565596,-2.368974269474486,-3.9813658230178817,-5.86197930482678,-6.6900942219702495,-7.564312166903146,-5.527994276059786,-9.35286504166873,-7.956353309788284,-7.9692465224623135,-8.251636690631257,-9.064679653236752,-9.38189194194439,-9.31228284026388,-9.16204656472285,-8.81090430609779
1.328555235393802,0.5305482443422818,-0.0032329502733707237,-1.952365366136326,-1.8505069357463209,-1.6698435647717187,1.1606597224061317,1.3686857760453621,4.388191515425612,4.837093703653205,5.2902846814974795,4.199096241025043,1.4776871774783409,3.6420765514518108,-2.8295024257259316,0.8471684386415658,0.4229249330870886,-2.8936341690023797,-4.802373388833121,-4.0577989801797,-3.5498380837429746,-6.981241357792999,-5.778619700159922,-7.086113699321187,-5.699805895866803,-7.313621816555309,-8.834292563381764,-7.601273664509534,-7.851436023710879,-8.760746062055848,-8.56281153733762,-8.61758423059005,-7.658653527833359,-7.653938874089478
0.8608881178086601,0.036734116842284406,-0.9357535329503062,-2.801115907785812,-4.3166822420896676,-0.5029008930803909,2.121833918926572,4.7511969865017765,3.669887850913786,2.367410734259109,5.1253351893444385,3.2685761795686554,-0.09976784164422352,-2.157198934156291,-2.3023166345343933,-2.77617848276906,-1.0007900954119031,-3.923834018637547,-5.039427056838318,-2.6794747843058078,-4.6028673099602,-5.809658160845816,-7.6168883197592505,-6.390399774319655,-7.495181559860569,-7.069986217943337,-7.851394471097617,-7.057922664365418,-7.380807833187215,-8.33417083226617,-7.997060946398422,-7.446901919080306,-7.361419381481394,-6.742926824314404
0.6637554015011423,-0.41118797026562387,-0.7411004668581677,-2.478087201586966,-3.2955862631233255,-1.679531721301644,0.9415938115625281,1.7046283736652126,5.2571146306655745,3.2861922933139907,3.453562316462071,1.527742187415041,1.0243693233349702,1.449174749138241,-0.737488643138596,-1.9345507623018854,-3.1683003042047515,-5.335007861638205,-3.430181970010087,-6.653341581851006,-6.140816660658011,-5.0709230436210815,-4.812526107669458,-6.059097175200462,-6.86719709923913,-6.621780929613276,-7.852076303219638,-5.942442644225597,-6.5029767943671875,-7.6621374579729515,-7.307338694053615,-6.808790370098748,-6.794122098125034,-6.652866659569921
0.9928224597237457,-0.5058483790393941,-0.8317770657217258,-2.0124930127411025,-3.8446112893314193,-3.2455403354013113,2.0423724769076634,4.413006995175029,-0.002194701238497695,6.128698213682032,6.513671090576594,5.367782909105348,2.2594012506161727,0.03508643267373761,-1.429938980516352,-1.0397147412645378,-1.898465734018998,-3.4237215160489165,-5.718204120105475,-4.752901140582594,-4.923663488175929,-4.698781949476184,-5.036139638180612,-6.854103496894661,-6.717186565533245,-5.93918223369187,-8.031755716974839,-6.269959404529002,-5.660189785148943,-5.966178143710496,-6.656763515299432,-6.428914657981631,-6.615881721548722,-6.957970481013434
1.1045931506704292,-0.5037331640251791,-0.2925402320667435,-2.0159898208941667,-3.2019767718435594,-3.134670150682188,0.462039672139055,2.1792345468902683,6.901994753498449,8.105377044157072,6.523964493653153,3.559190419779212,-0.8115736725983668,1.7731558121836668,-1.2488958340222747,0.5624929748232557,-1.653177676766218,-4.91437390660875,-5.144830986383681,-6.989423602938505,-6.12566707136751,-5.640618599154802,-5.904188954128038,-5.355635003987473,-5.017968144656923,-5.847941555941866,-5.359136190839767,-5.900740323203819,-4.564294781100869,-4.5821209701845635,-4.82881403472253,-5.205576315231041,-5.954394846925709,-5.004614066548394
1.1496043735196175,-0.06488867330442846,-1.1070051637979175,-2.22221670952116,-2.866814012691279,-3.506990068215113,-3.407865203455291,0.22937553025610707,5.644000243925283,6.185051608380554,5.054604171091651,1.6177402558084757,1.489392864682895,-0.4261307734909529,0.0013787143129328988,-2.929177613664382,-2.9926541249526264,-3.698669885960321,-4.964555083689824,-7.717882972298405,-5.864254533500747,-5.412771072197602,-5.587557209682717,-4.880590484711418,-4.883083648004644,-5.292859153334356,-4.6517993776702555,-5.097553122133115,-4.049451230926025,-3.9782544091379894,-3.716594142788832,-3.092947032552213,-4.9332367444869565,-4.095517252532791
0.6682899046846316,0.2891814766893021,-1.1323394795539865,-2.021232970727691,-3.2880870713754877,-2.459129052059404,-3.9390556106046195,0.9457755429886416,3.8169044833668107,2.6550430330047705,2.806514436116415,2.6351807383399817,-0.07663447853724863,-0.22832969826613117,-4.1319951476353705,-2.110809409576322,-3.402947201307937,-4.149050811841037,-6.696804657605809,-7.185801274845507,-7.97024006120114,-9.830030921193051,-5.945857910110214,-5.388892420905567,-4.976545560300711,-5.071486683888554,-5.141839307961558,-6.148402491479822,-5.4206983738121295,-5.20967144500772,-4.042380951443481,-2.921511363715453,-3.222901961503601,-3.778807462985388
1.033359585780658,0.20905332658944897,-0.7353365156138902,-1.8501590871026394,-2.8455646387792397,-2.443885164608788,-2.0947013310121716,1.9319105024360441,6.959146587479568,5.012371778680877,1.1763893696827397,3.182019789726952,1.5286390435890136,0.11735410446762783,-0.6456019483171699,-2.8372427566846192,-2.613620023737362,-4.2204794571075395,-6.341058569789665,-7.893160511825134,-8.327760629968516,-8.925682382684203,-9.673264561162641,-7.374771614600477,-5.880732339343366,-5.2401371710008045,-5.9808008421892636,-6.280232451675567,-6.682731018784109,-6.4653394138163875,-4.634369552673848,-3.3824028676806046,-1.3869292053301037,-2.8735179087085787
1.1996203220654365,0.4209805615546425,-0.21956178146281646,-1.0633592023095708,-2.180343647971872,-2.187010690370228,-0.6702129955836241,3.3554770749640954,4.311275348604224,3.7513690620480746,3.4716364135650264,1.767663338829384,1.3739282901793208,-1.6246841852500502,-1.5185710403967498,-2.2886325550080895,-1.578801895249354,-0.35201903977472554,-3.7300313369126843,-6.785612487268926,-8.26567633811457,-9.660167299369137,-8.944029910779559,-7.787267492020084,-6.674636029697638,-4.719157163333944,-4.781972653123351,-5.7861079892369585,-5.467088180178042,-5.039368304512989,-3.239348638230442,-3.869577024893483,-2.903124596827312,-4.402452445127498
2.359920519053051,1.2510782780824348,0.6087659982468616,-0.059070121033109144,-0.33051019240870216,-1.890896005605859,-3.296586919836069,5.8444891130712096,6.934978140174684,5.049474349020967,7.510267069471811,5.230407476737863,0.7248625743043965,1.5471320170629332,-1.3396446942410691,2.512915311277867,2.715998318345852,2.381093257702167,0.29792988266930964,-0.18658267392101588,0.9621140045044828,-3.470096288463979,-8.072919266376465,-6.611352978105522,-6.1391379133263815,-5.868746621209518,-3.6881209075124093,-3.9410061166002652,-4.647329439801177,-4.764904967197269,-2.8021614394015075,-3.102585852449166,-4.003596534678588,-3.7120677044791566
