script/wind10m.json
{"header": {"parameterCategory": 2, "parameterNumber": 2, "lo1": 3.000054539987559, "la1": 64.9999836372058, "dx": 0.5, "dy": 0.25, "nx": 34, "ny": 52, "refTime": "2025-08-21T09:00:00.000Z"}, "data":
[rows 0 to 23 of 52, columns 0 to 33 of 34]
5.048283349690378,5.855296862820918,5.986226953621257,6.513870879840203,5.629305260941513,6.560418693136043,6.636167716057614,6.82238719604469,7.363787346147184,7.522174084878816,7.9522312179006684,8.236068913230596,8.185309443337436,8.442712293158335,8.532769968211362,7.365528755443708,7.875451624173741,8.182399134246781,1.849322181022535,3.498246176673057,5.903796781187363,4.930073053286432,3.6060603684536603,5.02481216272351,4.179512073351838,2.4325163815693474,1.6489565296048279,2.2618712049912975,2.4602427256948878,2.3351686425904616,2.2550616533411154,2.1112931801634582,2.3171750869442325,1.9507824096861532
5.144127603302926,5.2425396963041395,5.640363168906564,5.094521681870038,6.094433396288436,6.300271001396063,6.287505485022542,6.725954718752195,7.015973585875682,6.503853376775222,7.266966047957611,7.2714208852251545,8.80570064411559,8.787507432936176,8.742003506447515,8.18005990005724,7.498925360218698,6.257475716179813,4.2510367162544105,8.221553723557623,3.606801601413225,4.41612562689567,2.447435250802072,5.693390375249718,2.711383961745448,2.792630585444309,2.29330417019545,3.447712265960334,2.506376775834692,2.423282439419041,1.7283414276255933,2.3011183546122926,2.1789386496676886,2.210621328963168
5.083974205188844,5.805388654253833,6.099183080030198,5.952884203878528,5.960528245611073,5.640341851438927,6.579820528509065,6.150563007890207,6.606256494104237,6.842193007607576,7.1906822411089815,7.186280452114438,7.24945911658651,7.513409523091541,8.403009938705475,8.683039080500272,4.75823891521773,3.021947901270484,3.1391169387663456,3.3001104107364827,6.261698267509284,3.863213953277531,3.4896107353654617,4.233291163902732,2.8796720501808304,2.393569119500295,2.8417293841857463,2.2997423165242514,2.2738973423866304,2.3650186554361694,2.3888441315474696,1.8697094263420853,2.1948211434935985,2.1317005416036725
4.669942451385606,5.145602643370098,5.310507209682558,5.364962998996574,5.308389841037579,5.250694566804058,5.772811916804064,5.649119084502624,5.995541344676731,6.007304896000909,6.374650443278746,6.609846829094979,7.115247587640142,7.09293582089933,7.05766497988993,5.369091733458471,3.1055188662737288,3.052772201674354,5.978177671291395,2.440049454571663,4.285530297030779,5.0814492799595685,5.135962895349454,2.9872845543669864,2.922358060463758,2.0442146315668506,3.119846274394429,2.4312649845221492,2.5019698465734734,2.241811301889386,2.205686565378736,2.418392672774144,2.165456580679852,2.1170657486414686
4.770288409266225,4.611623995168904,4.732858839215939,4.8555688589448724,4.688088732331417,4.713181146849931,4.415075485704898,4.746465551302245,5.42572092648667,5.368573463889431,5.638315592214628,5.5520875248633175,5.986710932039923,6.604980796517125,3.959420376699966,3.9072875687325315,3.9003685183521952,3.4551850053842146,4.124074158034833,6.267818682980206,5.407434320459349,7.876233405052432,1.5084903851343012,4.138538346781784,3.0385957120046654,2.775222177664958,2.731662771675023,2.2794335621149613,2.7458243200351258,2.424855519802769,2.390847049558478,2.503123589431046,2.2317280479869317,1.7732609244704252
4.364129111816543,4.105140858312212,4.065983137992609,4.370983063226351,4.296390274637561,4.61761992197778,4.854130294016385,4.828356948869075,5.059281320378718,4.789589109841094,4.900096527064256,5.440231262296704,6.942300965892325,4.958619706702276,2.8155303812216896,2.9242475706601905,2.296096474440134,4.195019566494577,5.724359158084887,4.030109736821223,2.3957712335059433,4.139876740272486,3.1835154628601643,2.393216774868901,3.374851876322035,3.060907789469197,2.4497246059188176,2.2603868200336596,2.235130995247681,2.5810246771251597,2.3678847475274094,1.882277434330176,1.8446252377524133,1.549432874454085
3.882987318164909,3.640321777008327,3.489044484015885,4.000782844146417,4.1987768065007085,3.863371835091317,3.30949066022356,3.7844994097230633,4.0124403644220346,4.049303704744561,6.791836663355646,5.255724156186897,5.130098913446368,4.106798152525907,2.9393846172872866,8.21300401946191,2.229118036357797,3.208341992292883,6.0547602771993345,3.939812445215527,2.965929930478757,2.6421236672013713,3.0659538253871608,2.70708837671723,2.5633363664822415,2.204768145525537,2.5231783441646627,2.1941903238108216,2.3977029955782783,2.3991338520643155,2.299889803920753,2.3665068899990716,1.729680813944728,2.5029961192983046
3.4510096134162827,1.721569758267751,2.197006319758472,3.690231920612948,2.1030212683447775,4.01711735946596,5.827809187149203,4.114534264942794,5.6747396601387905,6.883429063479742,7.518939047740176,2.6377948351153675,2.5490153918250344,5.402144171372406,2.282592920672298,2.528520007864863,3.6494734897710326,4.340903945010022,5.3354393232839055,4.703728147629461,3.3758736417350637,3.09493475902179,2.9236391961190327,3.6720832755421484,2.5726181214600357,2.1703163571505004,2.3489793086324267,2.590946485198076,1.9018263772922626,1.947649689386003,2.2135240722324236,1.8365565685196696,1.96108200019043,2.733796630177972
5.274143449346181,3.046832657774373,5.830159349085402,4.691307903256207,5.622964978943584,5.707085320260121,5.64287033587893,5.844363025187235,5.410905791547458,2.5794655070232877,2.6092920640360555,1.4206131352965294,3.7056914258926925,4.322400885946252,4.271626339787892,1.5053213775672876,5.343475621895903,5.287246740780737,3.9925931418797953,5.1189350141901135,5.3767335828446186,3.4287810051162184,2.355805716128115,1.8002179241793013,2.6299638997078008,2.2278683089262343,2.255907435179733,1.7594819897176337,1.8399100685661136,2.0173762848766237,2.4160678478394972,2.627852238635953,3.507402385902873,3.7081197335898834
5.471035938744139,6.0504973108438405,5.303029494190014,4.559170994309552,4.289647286201148,4.037616798813935,4.619443784011058,3.5751119470885113,2.233801163926085,0.7127295262615626,0.2530029619330589,0.2951741689359825,6.171662560935354,4.262946665364641,2.227803014354366,4.026107847371519,3.331706234019519,3.6217517930455183,3.232728433167628,3.655886015801813,3.963406445821992,2.3171111830539908,2.4331184756759083,1.4924454740597577,1.8815018556579848,2.3100213019981455,1.9434952633919027,2.280052421668288,2.218038573728999,1.8872320110299319,1.8727945639080492,4.422949230608175,3.028657023945439,3.594869554326051
5.289824069766296,4.669038891755351,4.130057010747845,3.548020150138647,1.7851868277047815,3.1244171001586047,3.7417210646098953,1.0043278957312753,2.957123524446306,-1.6388261011224254,5.338589352810633,2.25026148843151,0.942137182183273,7.143749352466353,4.937732874555027,3.0613330922759174,1.2042150152802038,2.150090684228349,4.525299757262388,2.2050353358389922,2.2470108361092236,2.3564920623317596,3.049053329826763,1.9015205614425048,1.829610822215729,1.6744689948207285,2.590452270177857,2.131791784654538,1.925660930037963,2.5644179174547768,1.6941550589904637,3.665784699674308,3.4478584864697464,3.520479711433353
4.6578968603498385,2.956255867889081,2.264798384438796,2.531071129211628,3.7836784699332355,0.999718245635274,0.5184018573365733,0.7613801454934087,-0.880793628737208,2.4317111638860487,2.542798727459588,4.8941660135700165,3.0982120925504284,3.1104756154751314,3.4210651569374555,1.5731042791789143,1.973476296883183,3.7368792503491677,1.9663151894852788,4.1257557752120855,2.2029819921419262,2.0473215451551954,1.156894959582237,1.4048114189889835,0.9180650438794776,1.4546429379208747,1.6002966562674008,1.624157762392062,1.5799887917348445,1.1607468327690018,4.266661135334872,3.733406124185154,3.352367716431035,3.047547910535207
4.711262483139785,3.92732586866311,3.540288018298208,2.6960501220049684,1.4276075409397155,0.6572900868385816,-0.3625055477156083,1.99348114363933,0.8289494084808585,2.9882560082346603,4.3008144799686745,2.803409769841473,3.561748292424231,4.211765691338563,1.3386883042155462,1.5141364181600858,1.7449976552771924,1.571663575778797,1.8379765506474124,1.5858688067766133,1.8463249795886876,1.6429893975911054,1.3226520756617048,1.5264870489936662,0.7470354813677025,1.42548267564582,2.0153816864385137,1.7395807344780658,1.771475180921705,-0.3345014800810099,3.1503354113714366,3.327041543440277,2.9291614756964446,2.992461606459168
3.4076689503086404,3.627712634596858,2.6111556148517097,2.8106324434640526,0.9535125269966622,2.3155520089740214,2.0110544534778985,0.9872301795207534,-0.3002725500701089,2.2019694119727022,0.9170774942476254,2.7165451078079497,2.192045801326866,1.4540403898453547,1.0990285014747712,0.5934943106666648,1.4349747550432757,1.9722800530697986,1.8120918848985517,1.5033989743058498,1.855785162653205,1.698140044060236,0.9868253225258015,0.9701776950601042,0.5379327007450913,0.9001399628702597,1.663067534870531,1.208415961072291,1.5697655947516587,0.9748182397745185,2.992857562151792,2.9269310196428147,2.667201572368795,2.779142842186828
2.933462363319401,3.1215074442194695,2.32412282116772,1.467383364335984,2.117590883773918,1.6920548605472416,1.0296386829569184,2.439714483544974,2.8058827647973588,0.3331830320728959,1.0836258755466546,1.4952631118323358,0.7091579991431893,0.9026811720500121,1.8643343105474992,1.0156626869090057,-0.5042044996337217,0.8671336353637362,0.2075639784075802,0.9950654985103933,0.6538412240031629,1.425883644153825,1.0689030039459357,0.8532499439607808,0.6898391407274969,1.1848958930695694,0.9740080491374254,1.3742610275315854,0.7831420982320656,2.237570338456758,2.4197496414702253,2.6523141570831643,2.948090903748375,3.1967004096437797
3.0077782201138605,2.0895536785418782,1.3864326344379807,1.4037398812732849,0.7752241561802107,1.115810201172603,1.4724006840726387,-0.6799490240712407,-0.033076232166533534,0.6659261931140527,2.9700162450032415,1.8849870364337569,0.9739821697790082,0.16962628984642752,1.3426409457808273,0.4316025643361245,-0.14831570305047959,1.7694295716352149,0.7918354814705584,0.27334580637440453,-0.06540975785114171,0.6127066346778678,0.21031641496068887,0.2912604371053143,-0.006763303198302181,0.8286624687513406,0.6244380521832275,1.1077040144089267,0.7400049787004039,1.979911363738562,2.040438719567177,2.5314224730605006,3.107026436667505,3.285258062111894
1.877941979620353,1.451926479116089,0.7844177716812681,0.829644697323199,0.8729548761789546,1.8757655754886473,2.003194870561485,0.07203523969795501,-1.1463537575511484,0.3020770022274001,1.8759446154861772,0.7278243660467622,-1.0890155135132713,0.07047612811413012,0.5521573436061034,2.1333085703031847,-0.3505474191362589,0.04646903080475237,0.3064670325095113,-0.12736254991456153,-0.14020269320625056,0.5323380716009672,0.43538328549680766,0.08548514175455041,0.3569614665778678,0.40778863689629063,0.5344029618134815,0.738851664144376,0.9558976962360044,1.1415025180889427,1.888215159599061,2.6679037041519313,3.0662359128036076,3.8323427619957573
1.4499512878872918,1.1779168735652876,1.120195663875306,0.47781925632795685,1.201902457365664,0.9898976549554713,1.0284964909538623,0.25095928468273265,-1.0807581181354147,1.6489709552189473,0.9377123190662107,-0.06635601833800832,-0.22196704572177417,-0.32535515225767003,-0.26055115329654743,-0.32737712097625865,0.829639085565875,0.06830093737497084,0.1304224724948782,-0.17335214929514817,-0.1850024989368057,0.031887305627439126,0.3696779433248778,0.017462790519495713,0.6012192070614777,0.5985312192776866,0.9430037578932162,0.552415708316177,0.5918894944340714,0.8572895868904149,2.2711808537319107,2.2678446839567976,2.7931180669821227,3.474835938089699
1.0009792404935056,1.3451608579450434,0.907765351705817,0.7924370478730285,1.3622045523106876,1.4423216099528233,0.32469431993454767,1.5473619510738683,2.19989210233812,0.7486964482068418,0.6171783628430024,0.6470617070261245,0.3387227712533975,-0.22713390009932993,-0.40134019949939725,-1.2412973267240406,-0.09890436166576053,0.35834840359165476,0.806448075533007,-0.37454562130380864,-0.40465565031756917,-0.499215411964676,0.1626230300663183,0.46798159483935914,0.21576083800403859,0.43492206709778275,0.8176734548110064,0.16605475344660578,0.5357152738761521,0.40946609689578833,1.1014949834144714,2.210313116431064,2.227628933139577,2.566270113394884
0.48402656644701375,0.7001631788979732,0.7765061439443455,1.060337810992618,1.031519902704134,1.3024708216204188,-0.8451239491293668,0.26812413978911,-0.26821449559043875,0.31026627332058443,0.6472611919561849,-0.33786747632009634,0.9097627721119828,-1.5457965471827957,-0.4581574540230966,0.06050768405773273,-0.6594857043070891,-0.04382206887505607,0.6858210438830158,-0.18907744495451337,-0.6079346788705114,-0.414081009352568,-0.5293628581464506,0.18864661985256623,0.6029238494671842,0.16950615566862487,0.4436945934731163,0.44971372315402025,0.5021671490746198,0.5400247509135535,0.8228066626566749,0.297673736576801,2.0396712819605054,0.9931098391101714
0.31471275489757194,0.7046120623187169,0.709812510571929,0.7274362746112893,2.1923542593364496,1.532752382680972,1.4623516838387425,-0.7837934048982588,-0.012904808557716745,-0.2977014576278884,-1.2060588017798102,-1.0227057813943905,-0.8588224113427345,-0.7967094142002509,-1.5347365500656682,-0.600368748302635,-0.8407208462506474,-0.09722050480935736,-0.42280368349188757,-0.5790053650168597,-0.44010984007377674,-0.6027148425510294,-0.6658486814252704,-0.30892060704113466,-0.08468101321451443,0.17323094151510657,0.3161434742759241,0.2980667917023555,0.3011273839943301,0.1118453401979431,0.6354869149644564,1.204258133458935,1.1512157620864827,1.7468759615997584
0.34452994299069206,0.6113761886357344,0.5751145146382757,0.5293601573505984,1.202935889040148,-1.1882161875074027,1.9975398784319789,0.7683818631947328,-0.7943996797047126,-0.2531571640957339,-0.7682803334240423,-1.4676039659690794,-0.4559361273522762,-0.7916028908704905,-0.5427302521712564,-0.9145609397942625,-0.6616398335660222,0.03947179093364858,-0.6612576295441773,-0.7571714900025097,-0.8040309454652942,0.12807469430518312,-0.8460713685092592,-0.3506066397235321,-0.21370320623842873,-0.28061533787317205,0.20155360300223024,0.10720587072333237,0.2625401583192666,-0.053954091735363856,0.16270775865148757,0.6523193737724214,-0.3640281063047707,0.5687683550878585
0.6249436052119132,0.912306904927264,0.4427027216504529,0.701730438943665,0.6866368195554812,0.5600504804374175,0.8519723819527549,0.6468789650686342,-1.5472297110897912,-0.9788425284102853,0.7569961124001795,-0.42844635956623295,-0.9441348839948065,-0.983877098825883,-0.6067224618227789,-2.102170713827697,-0.6741314318368223,-0.6142141595147003,-0.9141073146930451,-0.9916761345938279,0.04851540998072315,0.19311746029879986,-0.7240765569144242,-0.5565472445465116,-0.9137824212379634,-0.5915111830655008,0.0046511089400680765,-0.7222806402861585,-0.46641178464106675,0.03081558289592295,0.20901846697779325,0.8545127427208661,-1.1413172863722996,-1.0176444980233836
0.4195449738224881,0.6007103123284312,0.8144829562809373,1.0612289324905393,0.41750482145628415,1.705150887579014,0.4264199786154066,1.3794555645576327,-0.732082083013545,0.21823381581847132,-1.6854266755388752,0.04096541726077658,-0.48420442606475605,-0.5426085336172384,-1.2305897604421299,-1.503159287448086,-1.3809338758465044,-1.2501896187593506,-0.9308270655757299,-0.6757395754067291,-0.5826846961448382,-2.090049595710625,-1.6401814022910928,-0.7562791337210466,-1.1494309332915629,0.08416039560449871,-1.103905571892912,-0.41084728942365795,-0.10324575889875667,0.4341518746178605,1.2891786662985683,-0.4022280491584488,1.0875519135442098,3.0396151730701857
