script/wind50m.json
{"header": {"parameterCategory": 2, "parameterNumber": 2, "lo1": 3.000054539987559, "la1": 64.9999836372058, "dx": 0.5, "dy": 0.25, "nx": 34, "ny": 52, "refTime": "2026-02-08T08:00:00.000Z"}, "data":
[rows 0 to 23 of 52, columns 0 to 33 of 34]
1.1019227925625352,3.1851508107057076,3.443950325732158,3.2381523686776346,3.8144505065506196,4.41842625929943,4.179621397192063,4.515209375417711,3.410498079519568,3.315685424316794,3.219076829089824,1.3680835887292948,0.7466969314058783,0.22622881068142753,-0.15384098998691864,-1.6130923759095939,-1.422041179671959,-2.566282627320225,-5.924145276072172,-2.7740471409724194,-0.9255269832506435,0.5810840718685626,-1.6132479766365668,0.07195036196491077,-0.854105003770914,-0.8897495697962589,-0.6383877046886146,3.435653920702591,2.118956402730691,2.353172358532684,2.8899340281386183,2.0674653766875237,4.236723933676257,4.801902319889296
4.773568862143461,3.9416044975516495,3.935229633978258,3.9238007879020023,3.7008725240412867,4.1242254992539085,3.2432020310138103,3.162372173334983,2.9162731997914637,3.628492627522723,4.305426824152751,1.3262984440988586,0.9939552169312343,0.35631311243725805,0.22753852218223522,-1.2239114088154555,-5.110086068149504,-2.855505464213009,-9.693451010891971,-2.7059808892015003,-3.6685213485453567,-3.938040681921995,-0.45315880161873007,-0.7414080636959797,-0.24917381733883295,-0.3233974425303689,0.21417612825670515,-1.775465265032883,1.709673616100185,8.000769776760674,2.9067622851239814,2.9292427209241034,2.925656177900434,7.02046658526923
3.1591281793894996,3.661793630621086,4.053228465141541,3.6189653565888418,4.106843837785858,3.899369064035396,3.6405956401868345,2.481555047272624,2.925288402378421,3.766697376233043,3.608128611216767,1.4427911652867966,1.1408663954641969,0.5405493666403336,-0.25980059008635603,-0.6608293182051527,-3.386923285383754,-7.46447707202234,-5.526168756311677,-5.59510619900089,-6.4452536047786815,-0.9169952392340924,-5.595743320618852,-0.12151795255053754,-2.3139328617087744,-0.944806084404724,-1.693046490121699,1.983151253237875,1.1893102590325955,5.5753213545430516,7.008383544030989,4.605999764850014,3.3661999483764458,5.219050571659034
3.187445384405343,3.007224690615695,3.026592773482277,2.6578657685208236,3.065413889303054,3.659150437973087,3.636355282366641,3.934808694213539,3.6771019671719376,3.8282586808093315,3.420967703321706,0.30124816681587135,-0.4842824252691942,0.5879254801257686,-0.741495884073996,1.511280263162345,-5.019947309773353,-3.5486956067442588,-4.556741687940073,-2.4602255785407365,-0.5980132186064587,-5.562071387798649,-1.1094546692532803,1.7426755112882906,-1.764504446230992,-3.2951438377746842,0.13383539788616444,0.2618781098712181,1.8912756792754202,3.2808007158013472,4.888114962725157,7.197931718027312,6.119740433098183,5.256146519362767
2.119110384511347,1.4017665544781297,1.743407717853418,1.9554612200121897,2.6067047232796003,3.171731302064758,4.385489286857971,3.4864852174551335,3.2934357977241286,3.4325049122923876,3.1328591228696254,-0.7116493138851357,-2.167800172035529,-3.591211157546266,-6.554787382114389,-2.8377448126622116,1.0944779516864211,-3.811215741825539,-0.8248005174791571,-0.6013267498190688,0.6320207514977537,6.81141751933982,-0.1345495291947074,-1.072378543429469,0.24436146484638283,-0.2241836586738087,-0.9793985631161833,-2.330196188316724,2.9913591300121074,1.4027595688014063,3.1541358195259246,6.280986329749448,5.972279083471877,5.356900574657747
0.1298915810544541,1.1199811122484256,1.2848481589240748,1.3644584856936686,1.7223458553737891,2.130760924764823,2.5361096741748304,2.3423269456064872,2.9792471478847955,3.0465827406396606,3.1272159261902694,0.2754132251672819,-1.504475638497424,-7.255749709462939,-4.054624842382534,-1.4167579247912434,-0.2954584745429593,-3.927054130077035,0.4539344397958028,-4.37309209981723,-0.958218119999315,-3.1901094453044263,2.5089190413184737,-0.949737689582738,-0.7951526175057111,-0.7481536135196515,-1.436852915668004,-2.0552728283712054,-0.5445951853232165,4.066686773347043,4.983115421075537,0.7865869410314418,2.218044219458089,3.4218269647867583
0.3558752912106741,0.24550476394634266,0.3924010950172795,0.6211669895370778,2.0765628387910806,2.0546824108408486,2.002124771878381,1.604528341407448,1.9872382688357175,2.4401545878460698,2.4955626284547168,3.0655748972699177,-3.161471790340716,-4.563096594492943,-3.1791176318592735,-2.2931159004044,0.5222480461320497,-2.0021609099574875,1.7938886655774209,-0.8420293391301763,-1.6162460933208342,-0.1413339768436216,-0.7558162475028748,-2.6443526224525438,0.9441584365314952,-0.4117196822842303,3.571091761134584,-2.1815990681193522,-0.37262572020683243,3.456065153353082,3.9724601522972396,3.86413646635043,4.967380457744588,4.0649804629491015
0.0627741505624749,-0.5628296751562846,1.1295510902027976,0.40819413232754964,1.6818570075708927,1.223867538176558,0.901474093292032,0.688466561156711,1.779090059475871,0.0646919511114733,0.23779213027899226,-2.580113720890862,0.5268947481341312,1.1590694242238675,-1.808048672213299,-1.020298715545032,-0.6025038556527401,1.3047157593826284,5.5017313732752875,-0.2203727835555483,1.2335340649571207,-0.2988855313940877,1.1691193192009552,-1.0556184685789844,-1.0797039453049222,-1.1150504558568541,-0.4777680449239821,4.343856052713709,0.9138515507738507,0.46221835795733407,5.001166917352007,2.409859102994785,4.167251289741605,5.500454824114359
-0.009398946232907263,1.0543443365089011,1.9512587954358218,1.7685846445616786,1.3834530545548613,1.7498555018705073,1.7573196624348633,1.2657445413565862,1.1806915668073914,1.916972112465219,-3.0639520595238636,-3.4150656608531205,-1.796682018662116,-0.30309639089264645,0.09740248249400174,-3.3889291280366924,-8.631012003676409,10.516260572271802,2.184515661897122,-2.076285536507304,10.77897400629682,6.112853852341376,2.0827761806866514,-1.8348155661545755,1.374119615355928,1.2874579998612883,1.9024289022587781,-0.2602489725738485,0.6493126781458652,0.032494605534265864,2.3398168743923344,2.411681240742124,4.103142938612595,3.8773077702438807
-0.762915685525182,0.1588398216628251,1.591222803995606,2.0938675817124275,2.033693733609006,2.707341915650564,2.092513953823589,0.19796286689028617,-0.8296352345680277,-1.5443700105054277,0.06707015569384342,-0.8092325222358812,-0.7138654557543952,3.659882491040063,-7.654723771493381,1.6706134483795743,2.8978767122471205,-4.403219792679639,-0.6949657853760746,1.3054964384723868,6.0798625006255165,0.801323047619967,6.695188927230881,3.931071172998574,0.6229303529820482,1.912617784162989,2.1595411627477286,3.0032889727947785,1.047626521473643,1.5328291281325446,0.7605367347964093,2.6204921680528166,1.6985680738147642,2.7323028321817886
-1.0539481656452043,-0.08907770983334787,1.8667009061971291,2.6069279256146087,3.234986245587586,2.675535554209178,-2.082992810507295,-1.4127192836016587,2.1599917300719613,1.4609072191569425,-0.4913080884638799,-4.786750771533868,1.0492321211200815,11.688983787858543,9.57039640015343,-5.183357702417067,3.9287095230060745,-3.238851621093219,-1.4236887305324715,2.186498942966299,4.543798839903646,-0.27065160837824054,10.20900267374196,-1.218428542185789,1.2077287265887782,2.2405645908729928,0.582792296012544,2.9924848590694064,0.36219181234527775,0.994928301629044,1.5779240812490258,2.0150949136774803,2.203794204004151,2.7883461647294525
-2.2194377876977245,-0.4848244682676046,1.0598264029724491,1.4098988954566072,2.3786654357397854,-1.1574664922959703,-1.3115924481077539,0.6053375018440696,1.456862802344918,-3.7754663453738666,-3.8776251374328004,-2.1551203411931446,-3.723358949446442,7.417646531586398,7.991241812933321,-0.975347340044659,-2.7481732145693063,4.73594278156149,0.09837204234419925,1.5177189377185107,5.3240491214606,5.665521873980673,-1.139987267428073,4.859500122240367,2.8483203939199595,1.4974695030736258,1.8280546915987619,2.3378031335079794,0.4461828831605798,1.1466853517511224,1.5808123594773529,2.0231435869152308,2.2802886476748414,2.4325715450416454
-2.447257016287126,-1.714476860491276,-0.07632065387663735,0.47737608233921797,1.054382479880445,-0.000767626092160494,0.739358331449284,-1.4637150709627271,-4.932945031900541,-6.534552433877577,-4.947509226095011,-4.268703974146153,0.8694962294095528,1.7702842801196093,-1.3221304637258153,8.0772203703327,-1.4259837320779922,2.8895428971038712,0.734087438542861,-0.2502352577246704,-0.12591507876392782,3.6909468996698895,5.690428093519521,2.5700104345419543,3.462670872882038,1.3018585784971362,0.7938319130361656,1.4329760948850547,1.2398054247400254,0.007258481952181272,0.6365576530501561,1.3101144873196238,1.536529086455009,1.2964037006702498
-2.274327690726117,-2.6471969295115922,-0.5865841859138714,0.22883530903751706,-1.178619279159579,-3.709050277896528,0.832831209910299,-0.11605095181355086,-8.94662168205813,-1.207957470143667,0.09940986897522135,6.761832001120982,-4.579013195276123,-3.0337981109055936,0.7490333365627915,-3.5928122260931716,0.9519340114491898,-0.952361452642503,-1.0149714508696788,2.4315490163074567,1.907275714466749,3.621844879792689,3.9709972838816436,2.502581756418995,0.3269228333766719,2.012027088651659,0.8757804112849372,0.750171933172065,2.6342152496501896,-1.480166517436965,-0.27643106498667874,0.5654188544160761,0.5002144541975433,0.5658596708344865
-3.669216805199695,-3.381148513601709,-1.9731101207200508,-1.1990994597335594,-3.4068677084617236,-5.853203881999762,1.3444368186500688,-6.559858669961409,-2.2632615195810617,-3.7100969521220346,-2.206623062080642,3.2286445282239846,4.723560529031577,1.6998860772546025,-1.3696490577049598,2.197812718076611,1.1305353506322717,-1.4849224309133366,1.9887078012397212,-1.901222072424031,-0.2758127164508239,-0.14003245612859064,1.389729557372165,1.4489833088830804,2.4330252102888386,0.6331630486647808,-0.7261548379859977,0.25347734606200495,0.5228567118970056,-1.5419966450556646,-1.0641382127213266,-0.5062758633724058,-0.1573154782264606,-0.0513749640301746
-3.9965349359986755,-3.9827146147637578,-2.4570056481487037,-1.5081811426834988,-3.6454869562108545,-4.378761498008893,-7.125290427281195,2.4155195852120257,-1.5794378581448705,-2.712191161922019,-7.2658117322058136,-1.260705972742171,-0.5168639662578746,3.639552391178545,-0.6074431104042088,1.154827747622603,4.530907478618092,-1.8201675628193974,-1.2688856636040189,0.4436157129267507,2.2802072156499853,0.9321350386719675,1.5825717861509567,0.6677370466332314,-1.2395192632618155,-0.15627481334368132,-1.3008839294251737,2.0897534317953506,1.7366684091420626,-1.5611850387879311,-1.1227641289228159,-0.9788459602901217,-0.8154062846948041,-1.0964773999114181
-3.696903445883862,-3.5475529184481753,-2.767916720575288,-3.384028171966917,-3.8119941041736314,-5.11890534405622,-6.642972115779306,-4.539299888844619,-1.1170358402992318,-5.759498212694288,-6.0661892324153746,2.9037205202039225,-0.2857040573375366,1.0115855237755362,0.7176778538487355,-0.11538878231989401,-1.5082861598233266,-0.9147687995420861,-0.37325042037933054,-0.6025630785107822,-1.4578591565703936,-0.8527471016477443,-0.2872938814564314,1.5739137101521783,-2.0151896181346802,-0.5680947788596021,-1.2647538508606173,-0.04838096985423172,0.37760877086505157,-1.7047931563291103,-1.5730907362320832,-1.7234878745898201,-1.7086966780025132,-1.818413805029752
-5.270046429083138,-3.555641068411927,-2.873932258875442,-4.426344577957657,-1.6071990290537532,-0.9290729684239448,-4.777730132825586,3.110453917900062,-6.832559016330156,-2.404391110061553,1.4743961990637215,-0.3923646244326407,-0.68807331811391,0.18042343717372383,-0.19970306607208602,-0.9664662110488851,-0.5199280638944878,-1.287580425925895,-2.9427076555958545,-4.2492654779070635,-4.121216042545136,0.7285637639834611,0.2329889405191924,-1.1336679348467367,0.720322237589262,-0.9505199265819505,-1.3256989858403339,0.3065710218791691,-0.15993194707779632,-2.495301476423757,-2.302035622535858,-1.5331132197043025,-1.134403425400903,-1.3463175778612013
-6.375479961297856,-4.922473516594083,-2.790448393507799,-4.157143158492092,-5.261446602547162,-2.2120249410534467,-3.602006346713413,-3.3818426709614715,-13.202390507223463,-3.3536412082029545,-3.609433194915401,-0.6823548760646507,-2.747239047038408,0.5759031856727238,1.5790095421704229,-4.395410422529196,-0.12780291944571504,-1.5672229882063633,1.111490189412923,-2.661093347527769,-0.47181803149522805,-4.310787144586896,0.142641771911431,-1.6142617676462212,-1.4103657052168606,0.7119148908166428,-2.181580603603713,-0.4841596077015938,-2.3038868420563663,-1.682830885103068,-1.1951471139798842,0.06931336928132827,0.37356959578038024,-0.5512675122881313
-7.958268805392277,-5.964395266643972,-4.798037118926045,-2.5335147606382438,-1.4939687708298934,-2.555622161227899,0.15134392926686377,-1.830022982884337,-8.456706736610338,-5.895317562717419,-4.375823508632348,-3.8281033910012052,-2.235558612337303,-1.2613535322204805,-1.168494934432561,-4.497245087209246,-0.22556583603785432,-0.48094235748792513,0.5576381200789821,-2.288910694805807,-0.3402263127767097,-2.8217531583623483,-4.103006261041636,-0.1271101108283283,0.5615696585233014,-1.0693840275083373,0.9314837350533813,-0.6872828426374665,-2.3392785765295034,-1.6708211498912033,-0.7150542741839963,0.8446499952361187,-0.17744349935188097,-0.7968727275011878
-9.476192356911724,-7.645168021562721,-5.062744154104533,-4.380079434333578,-0.8531211870462583,-1.9301779494889422,-4.230639513168404,-0.09083180923974826,-13.453027166511342,-1.7413775930571356,-5.334283632396381,-2.9849425395012954,-2.6540064303499986,-0.01069740175920503,-0.4542258650261956,-2.368611932430098,-1.8747645196952611,-0.003527328486329072,-2.4073105631789242,-2.894118861974981,-1.4395216193256537,0.12015826707321625,-3.1894173724760764,-1.808683720717241,-1.5423310427434542,-1.0025207999482497,-0.8161616389190736,-1.133532736966645,-1.9133915788103077,-1.426682461680989,-1.010383345323427,-1.5480977835495624,-2.39490729945787,-1.9427999300655372
-10.753185137013714,-9.420923790473212,-7.450715060596948,-4.857984365020006,-3.9031211842206006,-2.2590655504138266,-8.313148219613721,-11.191502044546507,-9.427224768220164,-2.998780535141769,-0.17266059116541846,-2.1115069058240192,-0.526036370242479,0.83146161563929,0.38333323019100546,-0.11564748203708307,-3.6771849865432005,-2.7505030778668016,-1.8117326729959429,-2.3905841389670472,-1.8709286099780182,-1.7638340647934518,-3.07908763157242,-2.3454495601094494,-1.3640240122797584,-1.390364009231194,-1.6689441265559843,-3.0151423482866813,-2.114871678613424,-1.7187257937262368,-1.6980271514948908,-2.0812771137413657,-2.4889539969191112,-2.4125820258381316
-12.332310613103287,-11.191252724027912,-9.877953302238307,-7.010581672696426,-3.579383864199569,-5.522313863430847,-11.536281425931202,-7.923583510310547,-7.327989063523573,-14.324182598293913,-1.5925055887512403,-4.958281343839497,0.5122720446851821,-3.5741333911177606,-2.3332504529763773,-2.2933604471810485,-4.416628312968313,-4.107929576509023,-2.4635166827115533,-1.5457181610468103,-1.0856902771274457,-2.6684056371901765,-2.7512827341124035,-3.6307022891887835,-2.072032084197097,-2.4815593984264073,-3.0102975674787453,-2.971598528396444,-2.993470042460731,-2.1844390551498307,-1.4385523800790772,-1.3056173606437762,-5.287444169950632,-5.837227314678323
-13.944019150100415,-13.088885218721051,-12.420095919268707,-9.642439304030852,-6.676519818597965,-4.486668554234805,-6.687789236960148,-20.805643850747234,-15.397916629161017,-7.379977488499807,-0.7396718915626265,0.43689137953460777,0.4794896066534549,-1.4862165071771718,-3.715744365859503,-3.123746461449813,-2.422388847914079,-5.122665719398166,-3.0179763583323904,-3.2245443246665526,-2.2062675458257206,-3.374408169558991,-3.4638675621380712,-3.7177175516614738,-2.6704166194375705,-3.8569201220039258,-3.714948708401165,-3.118778135005652,-2.5611669643378203,-2.0220424638005787,-1.6786426322601984,-3.081264950860427,-6.87271809298424,-6.9192888493802105
