script/wind250m.json
{"header": {"parameterCategory": 2, "parameterNumber": 2, "lo1": 3.000054539987559, "la1": 64.9999836372058, "dx": 0.5, "dy": 0.25, "nx": 34, "ny": 52, "refTime": "2026-03-05T00:00:00.000Z"}, "data":
[rows 0 to 24 of 52, columns 0 to 33 of 34]
8.245357258307756,8.194465810380786,7.954332715976156,8.44504092177295,9.31873852228709,9.545671084194474,10.487162592212576,11.6486501068134,12.7135229263386,13.356871175378364,13.474859402374404,13.42737079260359,12.951342731845887,13.005183091761472,13.117764036582777,13.350191842126875,12.505439676846626,10.828932005015277,11.775697859381497,11.207728245152536,13.099738505519245,9.74510761611028,11.507277019163572,14.469948466470331,13.542976399418528,8.987982217265952,8.284485710303986,8.355634682493257,9.126163069916258,11.80308934597527,12.773092292419332,13.317227450542306,13.605761627639412,9.654766010577982
7.6168871235282225,8.15906774136255,8.715154710395138,8.801821141871995,9.155484673252076,9.718058327930843,11.336762457771448,12.504102237636703,12.847705193735775,13.304146763688335,13.637281679974457,13.467083235086049,13.221665435535906,12.622512597926573,12.402461390672592,12.085917042697908,12.765848782460125,14.484020106181363,11.484386113704515,16.34856149938835,10.162280432305904,12.923062512707741,8.273174553366632,13.428632168099055,9.503175524500111,7.736101164387557,14.039568657160755,7.635298350363856,10.403398441447035,10.783427409018552,12.40913827644275,13.83706199137386,14.010130653425803,12.461844955767521
7.74567831723449,8.437275135607837,8.617631439221228,9.116117861827833,9.578642374886307,10.577435330529653,11.826730772314088,12.22807205596843,13.257822863783067,13.433196503728352,13.356004687478721,13.517001630489277,13.529921312082037,13.699758611475163,12.321043532724993,11.782580457815365,13.943657146203941,8.836819711777002,7.965601549119515,10.197458391537646,11.684912240179072,10.796511952878712,11.982289087437511,11.355828943976585,11.220528219416007,10.054572446354584,8.127670658928926,10.978669762285294,11.928821172554507,11.396878057652053,13.02603997837979,13.569009024809793,13.832876322334897,9.659564592471066
7.546699620824442,7.832650662661382,7.931074426254725,9.179722813459628,10.290728341685524,11.041169128813253,12.078963979537054,12.23246095039634,12.31824469556643,12.886830489049434,13.027916035752208,13.401883831979262,14.185834672597732,13.629190254731215,11.95386365492998,13.71357397316045,14.081841473218098,8.67425820614727,10.527523860046175,8.799474408470811,12.658115406869648,14.844708849666814,11.570238869035487,11.589762140252436,10.474063955281089,9.813889902108606,13.845530452929626,8.427583754292026,11.512320797873668,12.491307874363555,11.94977223017804,14.940245280992206,12.906210619080227,9.5939768462865
6.674788466060031,7.033851928278749,7.989486920107646,8.968957797159266,10.14961209211277,11.11188540622805,11.612751910997872,12.045301321665207,12.589096224273618,12.919486259746487,12.978840408194818,12.998560926645004,15.760821922874563,14.324633338797362,10.119902666525313,12.677527979904195,19.713302179873445,7.022679012557622,9.343968170255947,15.195333347926265,10.9928097983162,15.925357463704351,8.060454833673644,9.929576215114475,12.539578096057006,9.881843050878588,11.785317776442817,5.858979993165935,11.762030429613334,9.797998096660162,12.43765391521941,12.195666965735317,13.597441904914417,10.837789814841098
6.416190552770261,6.968808151534492,8.012064024171915,8.534039507415132,9.548527936545595,10.50222897951607,11.564889966492153,12.141032294546852,12.805595425473676,13.706191555327656,13.435953517388139,13.443713419013788,12.997402221803506,7.765242979979142,5.9419555816398,11.612921540216087,6.778414337608053,7.442864888193333,12.149863961298747,10.30197121652542,7.112778597516619,10.300962942502402,9.551995860475202,10.304216080391832,11.372920822799264,13.253625604688064,14.338285618283058,11.371631156933022,11.770489230957745,11.935458257542848,11.714866216527456,9.010253963274963,10.796350143116443,11.551791521178842
6.055784825883827,6.803406350892735,7.401339159852978,8.33558571130238,9.57708290087798,11.442240841611937,11.752148528781353,12.69919572064012,13.044440215198017,12.882785782260983,12.139121125899745,11.590321543942807,3.708177699909376,10.16538653136233,3.0904361117293457,4.2118453923976675,3.5817601507764545,4.831718419175316,10.026850657691902,9.04983002014334,10.859887004973416,9.822836283269938,10.203848175910908,8.122367453703578,13.06716947237776,9.045972332036152,13.661553109683089,10.61054954773859,9.405644983104901,12.850254536635871,12.745869225823101,12.128210873688605,11.94091721690392,8.88352567812795
5.245111567830801,6.336157636091186,7.188026627887629,8.373925820132834,9.91414579316583,11.275138220517256,12.504710214836521,12.241109729129157,11.545814714144324,6.991964988706634,4.0651554512489465,1.753902775114698,2.851758334253284,9.540013922228372,-0.6529232147344233,2.2098717910958223,0.028769464592905993,4.130052506967402,6.254346197397117,5.971881706386602,9.465682736141174,8.99405743035196,10.938327715317481,9.469529569775345,13.068084859501164,9.999162503102372,10.761162649431933,12.70324644776247,11.90811328183501,12.34894286719082,13.749025633138181,10.90440043819586,13.085165694861917,11.931803674790528
5.485564053743934,6.279039756593644,6.65850128599823,7.930889191810103,9.39503165908278,11.574186935046779,11.445977408920443,9.192571675206077,4.980956500305546,6.870811967051827,2.4620889264573464,-0.3056402784140401,5.823801594444064,6.991238267691317,3.300327679961632,-0.12200912104362154,0.998855911241605,5.621404603303066,3.657381301497262,6.631037461291361,11.508060689270978,8.854656456438134,7.274164049300827,7.441076144785478,11.150350064017996,11.232166754079602,11.926158867798609,9.697621093521104,11.061162755833983,10.234265384894773,12.19733243885594,11.567930059421288,11.480967522801304,14.091224365652982
5.111814551649321,5.362402761829825,5.455273956474498,7.4547452761901605,9.279638799605788,10.232750404065907,9.07374683796592,5.494776184807149,4.810769013282517,1.2409056138650125,0.6345378587970931,1.6044841081519754,7.819980705228187,8.543292112179039,0.8773256576925997,3.4902758949341512,2.7757693490506283,3.8904983588568998,4.116052374990068,8.585159173035382,8.701731919605825,8.586816418026205,5.55981633829216,7.527624744573134,8.663534451588141,9.503225380603972,11.06378370637466,11.622021553605421,10.016412002617813,8.861624839877386,8.842630804469062,11.916576576378981,12.37889037457102,12.038875303759166
4.557761360236578,4.214583862781819,3.767167000151854,5.3265631080713005,8.078430890231802,7.296333802232756,3.358165649135273,1.5010802793245943,6.870299519017537,7.000086542450952,11.508795131729617,0.6104854669066099,7.803885148711295,13.752765085420538,7.304324190650384,0.2988099603161612,3.1550372982405546,2.2022422115781346,3.6454503413382433,7.419308385997394,8.08422728257369,9.139369078020986,12.320292572211136,8.167781744975679,9.663771135451054,5.93965478431083,9.310116943698885,7.707647371347832,11.619950863415013,8.11983182208631,8.765402391417174,8.936560549982527,11.565004511054099,11.317385498144093
3.346712937880444,2.3317134661806795,2.689558167370502,2.8313625384880754,4.512866545846417,3.7920429124955226,2.2321123119889306,-1.04453331897702,-0.6045214310759827,6.992802351352281,10.462660024576673,12.133841894072011,7.444796487713246,8.635521878998658,12.762400580408656,6.688434299493337,5.915646264885852,5.724387390846528,4.7823417817265215,4.516319970379214,7.144938316117633,10.13408573052234,6.677570515644153,10.107991981309256,7.391956102043776,7.759331090905869,8.662794124073107,9.556739217886882,11.457311481726117,11.40697571940183,11.094443050893382,8.164774760183889,9.07409958309797,10.710046690846665
2.9692077942197503,1.534931377760489,1.1808737828674132,-0.21455098489461205,0.020198634744872945,3.9186560274758535,1.0559962060393335,-0.0694409064968164,7.8391201538901125,9.674613273765809,9.333957945490283,11.982624881166073,5.689869769478246,10.713615056355371,3.3476561697303224,2.8563236282383775,2.3291185878253655,4.917947824512648,4.59831270486817,4.901307118531684,5.373797243232848,8.75131730586268,10.18357305705346,7.809485251509575,10.470902394222074,8.890250505293457,7.623937257289079,9.689842836192673,10.548368761365294,10.043711870449052,11.068661616782222,9.613996928248222,7.178519205532902,8.191218223520552
1.8632206546711223,0.38114325738008,0.04140478273905139,-1.6528749264277056,1.1751213752537675,3.8106314055517196,10.698863431746117,0.5059838293797945,9.350051495000942,10.908245358642088,13.151961998500019,14.916937599076546,1.2708889917647963,-1.7100242785355853,3.7915124352829657,4.281923478654087,3.0295468978695315,3.4432286282483306,4.348541742621772,4.513529265055564,4.687140826754301,7.186975041866021,8.780676484075746,8.473635989872127,9.304939555848232,8.970590946589773,9.512911707049753,11.623001286490352,11.98487782624757,10.42491500812552,9.660247814963858,10.589422583458958,8.013517972529684,6.802029103535448
0.6304066808621087,-0.005915572748760067,-1.8092246410077661,-1.9965976645713661,-2.387790570309508,-0.25022071370982585,0.7117241510325245,10.182389997934328,1.5235335175699773,5.607864770628539,2.4396958632098276,14.304444433102244,13.437723451006534,9.727536014290687,2.4059659884182474,2.749686364555224,1.264352381053634,1.335599518480655,4.34712899612131,4.394371854631362,5.592134202231642,2.9278478777264683,6.706766968153668,7.806869326595504,6.279846963587692,7.647697958751086,8.128405694185624,8.55299118029708,8.098672722565885,10.781299294198003,9.536003502477167,9.821612286368117,7.768708920411128,6.600807555798204
0.5056752984044218,-1.080671758978152,-1.9994982784530053,-1.8952200695274097,-4.480425948398781,-1.7438454294451298,3.2067735387080663,0.6552368438263143,5.605470412717079,6.892821783539932,10.160617343529754,15.10408344476535,7.202145258508133,14.494621537531067,10.70844668275018,6.238375882287512,9.842597004902874,1.5842713760355265,4.147517517997383,3.743432623217882,6.785967163158309,6.533871892532071,2.3798516216067926,6.6967814706811835,2.5071013437081824,6.1262423605034515,8.105603414412665,10.892865334432127,8.389980101969748,8.16901577493607,11.176364506926413,9.503566627318234,8.111768353179164,6.422646882187186
-0.0027364145242628085,-1.3720365690138094,-1.6545970966284267,-2.8248911703698107,-6.219024179553016,-0.163190755574991,5.1190299676036535,5.401546239827242,-0.06428219883762232,10.38201163650408,11.580583520111043,13.61869268000563,0.6485196543283167,5.388797480861286,6.436292229658359,2.949860096116918,8.109929933945136,3.951128694064659,6.722704690531725,2.4262664805256198,4.8467002858291615,5.949048904376173,4.721101519578614,4.3082404691937,4.887931525327566,5.575287137481937,6.907364705595799,8.776535773389421,9.389039629598205,8.31505297363682,9.471192844253393,9.494931476212146,8.107341490842641,7.694805999230297
0.12835729147429178,-1.3832767333788272,-1.5599839784660412,-3.09414544511455,-4.420687745968391,-1.3370462061944839,3.0628916221265783,1.3847212879886859,9.975048396530708,12.680686674811994,6.335735555805314,8.049572227862162,3.4451398809334686,7.848928434018661,6.393650826348986,6.386244655490337,3.1113310358576616,4.242709702455387,6.816478922919635,5.598347003050391,4.836597987073246,3.937585073655483,4.957062405399398,4.56630208887059,5.218466461885128,5.072968846003247,6.960089723210569,8.817833249959472,8.203478018516897,9.386946830670762,8.929254148969113,9.067990174787846,8.357928264354477,7.415829004642143
-0.4586570530727401,-0.8886207516272419,-1.7998127108425792,-2.846837885897667,-4.123518559777546,-2.0239946725503355,5.750022722049747,5.935943294905565,1.6236300136168789,13.873494393809697,9.406956555389874,7.984438075838997,8.091108985485132,5.015353043890984,2.541068974470845,4.343374895876651,5.64151793342896,2.196762032709102,0.25053776940137457,2.972776539407485,2.6738828557040115,4.377660722472292,4.090212336951993,4.748768816895845,4.377187054983003,6.234632334292392,6.739712831313366,9.195002963182997,7.571405961613592,8.211144274890788,9.6621960496406,9.220830592991788,8.508340061598327,6.900475184905786
-0.790453296477527,-0.441918816767718,-2.0724777011451563,-2.820154853141107,-3.487160487474791,-1.5521191056744916,1.389160325363391,4.8670722078560535,10.25121620277134,9.106608577655887,11.293897956668996,11.198377518077615,5.594296023257544,10.895669118896917,5.767518078457369,7.00970201857784,5.4530284350332305,1.6455470365834384,0.0792923322052334,2.6174435348919074,1.9144046113931878,2.630820668870711,2.6764604082240178,2.7263452101513215,5.4832460382645705,5.726045902733069,7.56251836917021,8.124536954519217,8.865104314875664,7.8541467140380465,8.465001075960707,8.386123461715629,9.002482680469813,6.795742975948884
-0.0827707612344657,-0.5845956239775084,-2.5492884553208564,-3.5512338773916445,-1.2768205718398251,-3.3261571548529494,-0.3319993927033405,2.0437110036283896,8.70401824758437,8.847952207476023,9.861028682196137,12.566217639145325,10.501739249861302,2.41825515384628,4.560825663771484,7.1276751568891505,2.6801661544294344,1.1438551094859208,2.3659721904076534,3.0916711689671703,2.6477344738756874,1.6207845635447649,3.328695619448153,3.4618959605331296,3.698324540398863,5.6301602615715645,6.798306502531875,6.822783759925381,7.109781523454545,8.094085808559164,7.7277439502917575,8.732868353118137,7.929975391699031,6.9588571526088705
1.4888889866241894,-0.4700176919889806,-2.7753042059524566,-3.4146041260313136,-1.7571925509389066,-1.2303775180797287,-2.769039036921232,0.8900989852325708,7.635442953581892,3.3495343673527502,9.941381028002416,8.692706429500259,0.11388750139100538,2.486863348500927,4.163375483417884,1.1302036944518459,2.080099760841419,3.767360484513842,2.7891220745756486,2.0457391990074436,3.055802233740385,2.965442729074866,2.9676031082195116,3.398541582626217,3.3221881174262315,3.9579480932223716,4.096841897895863,3.9360083171996765,6.2801846164759665,7.455679078257925,9.039387169126625,8.857078901186973,8.700521181531819,6.285619570750476
1.575895828659014,-0.6806475724577785,-2.2932077693470676,-2.8759304088715187,-1.6530641860373407,-3.7615553917479034,-1.6693867459685199,2.2255976186475257,9.842537579132843,8.903165964197838,0.31173725224868476,6.656217477281847,3.086525619698103,4.891772891962489,4.671261254357664,-0.22736996225131778,2.803483543233275,2.151342622420115,2.533622141839462,3.0501420526149903,2.0955915700922345,2.0185823005728563,2.7954110023440997,3.0348077754797043,3.664143839795677,3.499203558972871,3.3329833976125647,4.7319687300867965,5.591905261424338,7.784544587838415,9.413887062176457,8.71135715731681,8.45668370858377,6.248202622088087
1.216834087827151,-0.4551679307483663,-1.3375835741738404,-2.5125849629888304,-1.2220431772072475,-1.114317228354468,1.0185100738477002,3.4207652871449916,7.477471686859152,4.2457396886989995,5.564053266118855,-1.4036778257957436,6.129997303193091,5.209859171476616,2.363483675878391,1.1220600811269752,1.3190417556195164,4.634095186740815,4.915329810635136,5.16282111346405,1.42792698245765,0.908160796862007,2.2990904896728446,2.3236469144162677,3.2558342745529307,2.8959422560305335,3.3690371414228215,3.9802691425526078,4.694122543544762,6.739289380068055,9.275871583290002,9.706018330741898,8.975009121933521,6.812448704557168
2.3443454902855234,0.620437469441084,-0.5593444314012922,-1.9706525848692402,-0.9891554807700831,-0.7544198660679485,-2.432526821419461,4.448066419580189,9.277773447666448,6.4532760423472775,8.770018386190843,3.9699583497017956,5.541899007068762,2.966187415285932,6.136611413315867,1.8408723463288315,3.2511365470341747,6.751311445139064,6.631072650874947,7.370438666781533,4.424518225429684,1.513889348568445,3.747804771231957,3.1909892749112294,3.959923158449242,2.862759319308575,3.365175618929162,2.8768001277835102,3.6672669845420924,5.249874114306523,7.717612111514661,7.7055318582756565,7.529010841801562,6.8335042065125915
