script/wind150m.json
{"header": {"parameterCategory": 2, "parameterNumber": 3, "lo1": 3.000054539987559, "la1": 64.9999836372058, "dx": 0.5, "dy": 0.25, "nx": 34, "ny": 52, "refTime": "2026-01-15T00:00:00.000Z"}, "data":
[rows 0 to 24 of 52, columns 0 to 33 of 34]
5.051549094246157,5.62481892888481,7.206759510292858,8.368579180821424,10.951849701923118,12.197187294075908,13.052419933576909,12.823347489901083,11.448780073666665,13.093205384777166,13.091769631552857,14.121208486365251,11.09437129699864,13.828618589618886,13.455504846494463,12.887112594076712,12.121643152708472,12.260010241120957,9.361302255296584,17.71771669507002,7.324444465833247,4.490655885663586,5.322960566183943,9.68994370472253,5.014751502346587,1.4376404767639952,3.0799341343112463,2.8582345282311623,1.906743234363991,4.730524134559918,3.584768064689075,2.72315639967722,3.253524212711638,3.570362129258615
5.397834514903798,5.958460932671829,7.039036427954928,8.216179057265174,9.601812985615377,11.265864107565298,12.033392000967073,12.24274443066807,11.82469890540687,11.65823505998267,11.48413212412838,13.789458298956344,14.227296630600781,13.365811331693813,12.221392586800853,11.5390757950471,13.238091105184436,8.716275082120326,12.559622372521314,5.531407089424801,7.548333291989986,5.997559484782777,5.422511877303723,6.139369350432776,2.7509644195604346,2.1052620150674,3.6153644486700385,3.440310244609459,3.550501558491142,2.9245810088733304,2.7014809934736257,3.5337637986987724,3.0828682890537933,3.827174296396582
6.01944095426719,6.678287957176971,6.559959990323587,7.282308870304502,10.308036614539311,11.161480740491704,11.304482001312378,11.779390562986219,11.265022198018945,12.021184917837648,11.723281196118268,12.99668448850045,13.145386350382758,13.797582907434556,12.492414618274426,11.59117926242438,10.21519945726148,5.949303653373115,0.6512282087942541,7.035970267777567,3.714674126560993,5.43436360102136,3.6385210739438234,7.251003271813527,4.984271502292489,3.4657700553158683,4.263900486000337,3.241428115668021,4.632736160929675,4.487366732612601,4.76581079675796,3.8051407731682856,2.771013257154989,3.6775991999098063
7.212341162749076,7.63748634861411,8.798475187028068,8.693879925080848,10.00368033372168,10.72574540268881,12.122754570033424,11.680568401120361,11.603537656690255,11.86384381051262,11.463568021192785,12.264417466235475,11.598072787033509,12.960069268028096,12.049770551330342,11.939129356414712,3.4422419258485006,9.84960684289353,6.984451827506867,5.68252963301013,12.27850747116124,7.1155340019255675,9.142724065077921,3.333716797016395,3.718800558230751,4.48006787523051,3.062082082868289,4.024442436532464,4.34201726780542,2.976238153603598,2.3319192459931424,2.704976739323171,3.3129039084173977,3.829686915057698
6.980910679364372,7.563258559015455,7.927250809657289,8.179395831855533,9.765351668583449,9.819076797761847,11.136630109520098,11.237184766350678,11.059457652518393,11.14963782016694,12.26648528331099,11.59904265621803,10.994872847373008,11.353808092010738,9.907376139437947,10.713492396213358,6.360305604503974,3.086107746061192,4.57676564117869,7.330366575828545,12.001546824266406,7.024898272530452,4.391696032304991,3.9693695672636258,3.7174146200858096,3.82010774902402,4.729836470762564,4.854506828125895,3.948975427228611,5.303442177087184,3.526630139995028,3.6208045553337227,1.726093827050709,2.1994106930946935
8.258198585920779,8.674397546511715,8.83559548425919,9.143372947478744,9.56033340901566,9.469730451987756,9.257144916507677,9.94301397741607,11.484495190136949,13.118301529835952,12.1430908072352,10.566632729599082,8.969061545907511,9.415745252451295,3.6246061786969594,4.141802621193517,1.587168677307208,1.1971535181126538,5.4849858011544805,7.045102825173721,3.8061754241121846,4.6575026830317405,4.198510332449719,2.4007113494269143,2.1717677010874312,2.696619419235217,2.65402077250012,3.0402974639815112,3.7330975318040074,3.5997531942824184,3.59104270523562,3.677156665066174,2.990086525059965,3.7654349259919173
8.138514406196238,8.718337342827546,8.848093617261288,8.95986908802689,9.444296618986614,10.31223625839817,12.925964357810559,14.290350873178165,14.010878273795296,12.283246018790585,10.158979034037415,10.768183086589241,6.526541184213899,6.140280347742767,2.6783450211370017,2.658240488890967,2.7917879821348843,3.527125650538137,2.695913497052135,4.856105838489508,2.6496913771172768,3.857924357446795,4.360488611576413,3.7902138649817516,3.43061807411373,2.5207227955955642,3.1140722440131996,2.8672838819042386,2.9535916093031163,2.6441747529779898,3.221294935181603,2.8443453211636047,3.255140532280924,3.3572420622816654
9.07433725561728,9.50975928901942,10.358953793103293,10.488849838667246,11.120667402490279,9.911815140014042,13.01111701358281,12.117945488494852,11.439014844659342,10.68498000736496,10.576865455188766,6.318020257438508,5.17885726961807,4.230190150265112,5.284619056651114,6.498446551418053,2.568006688985061,2.7725557127378506,4.605386683522664,2.6530094830730326,4.593428155924559,3.508646624169754,3.562846046180297,3.772442268409106,2.3454450019475583,2.3195397542173755,1.5693701912394138,1.6820487381096394,1.7147370803895872,2.307754480016759,4.48899358471738,6.45286094669674,8.14071268034587,10.148769023073045
9.391567109047765,9.812540194136627,10.015300504608547,10.353196634550905,10.660742555377926,14.20622090234341,13.10290070253606,10.230262023872527,11.331095736359652,10.900672247015128,6.987881441335408,2.366169547158212,2.963082018747168,3.2517848232034594,1.863353107120248,2.180949549943991,6.935058303226326,1.1486207041803633,4.617792862474743,3.2241876615717846,0.00513799861024171,5.090481815377601,5.545026273108765,3.264251408524669,3.2047288125270614,1.987360644891419,0.9481407455641969,0.08853073016543704,2.617841790548324,4.1513801618832575,8.017932090475288,12.154048201729934,12.786888471694787,12.196334788706551
9.837562105518632,10.009483981092338,10.516475904539018,10.975682481870313,11.186189459531265,13.02875290749552,12.81719013090197,10.508547697027115,8.002055689201903,7.463226784803546,2.5898040342701174,9.160279041478082,2.2886182052639885,3.5987830724502103,6.1623083298876775,4.371357231870625,2.501865216410456,3.2481228312273833,1.275659127862459,1.2601402100683134,2.0811048775159735,1.322435874441832,1.6367099895054826,4.400470263599457,1.789584770149957,2.7658260566057975,2.555755503848623,3.294676508741123,5.0066819124432325,6.544265630644108,10.433969960055704,14.179385210353107,14.091452472335426,13.462237577294115
10.06292115477464,10.303240265459795,11.17227415387609,11.911272147804777,13.802764309111563,12.488489011475544,8.128281227614501,4.585187451148183,13.21899469575804,5.678133564868501,11.20134455433995,7.798698092644628,5.5196129396710685,3.9576462633463225,1.0372379049613594,1.5128920319865582,2.800417999282245,2.295620068635618,-1.762044867755222,0.8566545601206328,0.7411812732199815,1.1803565573060915,0.7447218466288844,1.0130306559598883,2.2514863017405067,-0.5190746987821109,0.2699280677643314,3.251557782337037,3.325300980807681,8.649672119982595,13.544213905303296,14.857442536212407,14.425961605762009,14.095060494329642
12.033183319827659,12.373875401289638,11.922562802995172,12.593255738694175,13.105155632573352,7.659607632597944,12.10292681288435,6.7760742931866424,7.183138021384597,10.403745956548068,5.375714655019358,4.604331536199673,3.3903949711516237,1.511851418431181,0.3802217761552292,2.1606227274903946,2.11869536877279,-2.0049487244834814,1.9317245690232263,-0.39340685117691676,1.0690296511201929,-1.3877824493837725,0.8119210693531596,1.2093750158012724,0.3582009564765659,1.7748788594116782,2.746175644516527,2.55265402715361,3.7832704613204196,9.422167975623276,13.489535226506922,15.058102368251111,15.519584886484953,14.737213209193076
10.300274549724863,12.183780402427288,13.471366097318162,15.966945148878457,12.754869132345405,10.06868664193139,6.696296657988518,0.33589200657603685,10.0964923939687,8.66790898954289,3.926040810239326,5.863745357393113,4.341861778023501,2.521237403362542,0.23968094186819983,-1.3874713034837738,0.12363774233630302,0.16220064962851638,0.5917136676672163,0.14370793090213582,0.07698937615750094,-0.8679758885045823,-1.8642291473609696,-0.3800432995296893,0.8697182909234236,1.6337240817500018,0.9901299787241225,2.644327001067063,2.575925292366748,10.624406555064331,13.66541177337345,15.26091753025685,16.021163605995703,15.726481195991395
13.256532156724502,13.444191456397924,13.90284415637256,15.524348510980282,12.038322216771,13.192416308090877,16.4433529157169,7.773619778230644,11.159606662054962,8.067155158990746,7.9900996760720915,6.225495466338093,2.2212111481995716,0.06502869075818615,-0.8794290565325749,-2.194528136662071,0.05770560118807909,0.5146333637105093,0.21128346612731988,-0.5946296066887957,-0.05287056198883975,-0.4584642239456712,-1.3547774651898734,-1.2595081275033098,-0.20217226769777416,1.7680111512202783,1.007935309315217,1.088852318746838,3.9237421654746445,8.955565695129312,13.74341744470142,15.336593168861835,16.739542920354694,17.06034147143618
13.586481897983678,13.667306997657116,14.524577095993221,14.948614099538041,10.796940257074878,5.22397034357471,2.6603622069338306,11.423849655556769,2.931026612137842,3.256382279156623,2.5041913179235014,-0.6330722948574751,-0.6719907225123803,-0.12132201239372782,-0.6259949054899419,-1.290499498300487,0.10330610528954669,1.0650528130088912,1.4288974439890014,0.7003464474553747,-1.1300056830164504,-0.9114091465848325,-1.843695702783495,-2.726899173474836,-0.4831520300629043,0.7759308685070204,1.8666469083940374,3.355945600286855,4.022742644183288,9.663168870824052,12.631831466355855,15.187997324350487,16.475410974816047,17.418499023734494
14.145321178236369,14.466855892222274,14.544788087555274,15.21862595186935,9.13466290323581,5.162384451212266,4.069845418383766,-0.5808278167300293,0.35183994405951263,1.5098783712137354,0.2942403032806138,0.7958258505734616,-0.09950088383436151,-1.0896252470838264,-1.8040873454930872,-0.20335824356580334,-0.7246425474238299,2.339546918492962,1.3179944772363654,1.5858856164678765,0.12245363823721422,-2.0921613617190307,-1.8040182828202225,-2.6037000233561898,-0.05963155839501544,0.5974754581053762,2.464433755250355,1.396674475063401,4.154235566198688,8.859923264309845,11.185153318106563,14.964033248852296,15.059831118014102,17.136400371730765
13.267250562754056,13.161906821922138,13.147632457629461,12.93705827273807,10.82746060291694,13.301512141477783,8.158636776535285,10.468590089096391,4.276718419364003,6.990409486025872,2.3360053467601563,1.762302981320215,0.11972418799228324,-2.294707205791072,0.034938633493418046,0.6418281096722441,-0.11393779557996525,1.3399774775173545,2.8768636644123027,2.3237303262584947,0.7196412088162663,0.3449513201464929,-0.04003563578520154,-0.5342070889504748,-1.2623179743287443,0.6766308539697719,0.5039782352668746,1.6679904309934461,4.09870484793859,7.357781242726558,10.620862755002335,14.101121707649861,15.302014511167462,15.584460823886728
12.901009946033417,12.916635296370563,13.153161735512365,13.655936890455909,9.045342878459516,3.386626367166453,9.127498204632085,4.863333105054511,5.967202208790503,3.636259024725552,1.3469490197006249,-0.4969095889967175,2.0721225287031793,-0.6936536170800076,-1.1786847712093913,-0.08485287153863533,-1.019101284043212,0.26384738710314853,0.21106361275840813,1.5096213589533394,0.40118439012468954,0.08072598449342605,1.0401283179404859,0.22943282862430925,-0.7315323725056055,-0.9851693117705291,0.9257727045302989,1.508967402168215,3.6830658187018632,6.410534356126633,8.50321579280842,11.437032590463463,16.002099922800195,13.825840919738761
12.624016391316221,12.274025516744102,12.923262284837259,13.45821443957656,10.294008810764813,7.829885951426593,9.245279945263167,5.323600204714568,1.8454070214799485,2.470464521030874,-0.7626141875362004,0.4726530837635538,1.9715728586907288,0.10226527448000428,-0.3024932297239296,2.977540324542105,-1.7012269080911884,0.536228262054195,3.3610212317879897,1.0339925163477433,0.0465404686791087,0.8605756554355966,0.985640868189009,0.15845459340676613,0.8803062432680381,-1.3218916965371412,-1.1172835981913443,1.6970874626230852,3.352589638096528,5.1343669856157135,6.875860736831912,8.731136147788682,13.836295589502136,13.585177936695613
11.94744440985571,12.379746059425502,12.747186080255617,12.450586510974558,9.041367577684317,6.704568000563209,0.41125617049551344,6.280528823859031,9.796246643006032,5.453764720952538,4.698070828494771,3.654948326765082,-1.125656039582186,-0.491501700160988,0.940801099510939,-0.3697207139843244,-1.5899169119176193,1.7840560837834076,1.8212420408677965,0.9259944398097999,0.06401965774493182,-0.15478041482696406,0.7877835863105761,0.831225833206595,0.4873891067882851,0.3751201625247502,1.002846260067513,2.03347013553248,4.22763347448842,5.8560661737052015,6.148829152976314,6.709005779789763,9.682184910376398,12.271285596800215
12.59913943395286,12.4146104835086,12.536877663419666,12.188614018951311,11.863864398573861,8.502086995085092,10.048190216646477,7.749323446202549,8.266069333265879,7.739194240128717,3.279196220675321,1.4709630201052637,-1.5356364758246681,0.6619989182324139,3.3385619440350665,1.9261487892746674,2.866733379123065,1.5205656084279466,0.8964049474215345,0.8493720847343287,-0.30085464013535546,-0.1835688497920238,-1.3657257630178494,-0.10289520300912738,1.3253241189833493,0.9103053490519553,1.7559526248201383,3.4481328246529634,4.3045124661017296,5.243620711113595,5.84672742335937,5.52893083956173,6.561910250091395,14.355790080265734
13.003065535450379,12.763039796747696,12.49599043094097,12.112054992348623,12.283612693130936,9.212790860196673,5.812906994778376,2.7142960567734034,5.451735253068551,0.8773726805579708,4.099338239792752,1.9375496236564593,-0.40774581592665515,-2.371994622039644,0.8898679766736096,2.445528119969921,2.655512840486259,3.3293753581182988,2.2692430404244517,-0.22306807684849425,-0.7421943263936615,-0.6136929003150888,-1.2798174135692928,-0.07219628264880495,-0.5164257891697318,1.327315589535472,2.3378815629624263,2.8129894643999327,3.3151866059957835,5.341822252221836,5.499418797875672,3.741371693067998,4.805591551722577,6.664255110762685
12.841525661291378,12.44731646212061,12.74694286161943,12.333099768571989,12.284453343366737,9.446663968403568,9.06957971792059,7.563585257841323,9.656708440345612,6.704584300597218,1.3236194261547425,1.1501531446641675,0.7236979920337165,-0.4795569026146507,-1.0287097590338727,0.633552565763817,3.1359848407705804,3.0690159282640512,1.0972892461677,0.473433311854252,-0.978088708365886,1.1008146740367604,0.5651280558220944,-0.3584124790767388,-1.1693684619481295,-0.04698909335671179,2.393533391257034,2.9797555531670277,2.8850909785182406,4.116435411091361,3.1749494485309784,3.959972376753311,4.817199842454581,6.302232729442229
13.269915733220824,12.814171270835594,12.676267077144942,12.50287378427849,10.974593281846943,10.455232036242958,8.85950728722826,7.684844912406316,7.133647463443036,3.986553998749577,3.0045982978665315,3.917173479223329,0.5778325158125318,0.7806953472158012,0.39956952767393294,1.0586648883006502,2.170323238471818,3.6249137468678936,2.8480078139437235,0.940247506222066,0.9269469522368188,1.0125188330292658,-0.2863421227413294,-0.5579185031955255,0.046681239953204355,-0.47451135486029034,-0.21683804298790577,0.35486652411813213,1.5096017049958035,2.1448348265256545,0.8019864714748798,2.6577256141596526,4.2263290212663,4.993622191448817
13.241571487165707,12.858116863775985,12.492072893053308,12.103123897254545,11.784737918643156,11.78183983525959,6.734610748522246,13.308436333709423,7.301316832058579,3.391859162935218,3.8373364381250656,-0.4775542153352452,-0.3469469574261309,0.6813051044837207,3.1917107193330208,1.9332011066028096,0.11757422392706499,2.2642447332791673,2.165764893827606,1.4587848131703773,2.3587900970736095,2.246770637016779,3.934826585353009,2.18474564688994,1.790452046892616,0.2360880086869174,-0.4851964617725411,0.29690982658123793,2.207195894122617,3.912001376564544,4.235731648998827,2.237214628510857,2.163521547680261,3.869506092104063
