script/wind250m.json
{"header": {"parameterCategory": 2, "parameterNumber": 2, "lo1": 6.000198445256149, "la1": 58.999992894266676, "dx": 0.5, "dy": 0.25, "nx": 22, "ny": 24, "refTime": "2024-01-23T15:00:00.000Z"}, "data":
[rows 0 to 23 of 24, columns 0 to 21 of 22]
15.571134364749238,10.740961558771467,13.383872878678545,20.017489881916152,12.861849975001544,6.904781136703623,16.49081876367935,13.740096038932961,24.694567679200173,11.137053363444986,18.81092962638274,16.562123002491617,18.340032084983346,16.80169773919816,12.476096187111008,16.300924567060587,9.517248553888491,12.527944930067267,14.213015951477129,14.706057704007023,13.810107806384385,10.688607817746819
13.397582900811885,16.368201603279235,12.868026516424115,10.193077791413065,7.125618409376774,21.238101600248907,11.48899366198949,22.774458269984063,14.663943886371698,12.141877026057628,16.88620714156258,6.951542726295351,13.985659200917574,13.672584070000074,11.264767958921727,12.232418821948736,19.87443821319675,9.402863379166488,10.38672383814967,12.557720607426726,11.223361773885948,14.460356424167694
11.783254913294114,19.946210826050375,11.98297629352736,13.398645849613928,16.06826142977637,15.781418967701901,13.322922367296576,4.204755437301278,15.171402685187115,12.49237806840858,11.81712143881338,17.496449895929164,14.300226843245373,22.113194727229445,11.781331339322119,14.10975377292076,7.6481917406039,21.447863099758862,11.74535003355661,11.130279935982262,18.69237474107748,12.159215814043275
12.955936458001789,22.529023455381303,22.961017680550615,19.65168423315978,12.963777667307097,16.71741398336935,14.39762914690825,10.864967378554061,12.616544124500201,11.102153837935173,17.369279526212367,19.065389718639814,13.573692805776984,14.575140789580177,21.961098649598476,12.854432886757543,19.145062992663476,21.513744019521326,11.126231708058716,13.260202996780519,14.45434976175822,14.479631627874221
14.92045720519572,12.509153172335871,14.255779424101759,15.061636437951428,12.046119798415283,20.468530151711313,11.753660328642262,13.992930248839624,8.0092025646752,12.69536547475064,10.874150079737941,16.379826866923853,19.660487227961536,12.991266083552404,13.407841798267302,13.248074503453385,12.166806134245201,14.377134928222057,11.942183638229972,11.064288633408504,7.333125964402124,14.425723283011505
11.83613357939069,12.639314195273265,12.584006722055594,10.473785504696082,12.065423416609299,10.65465160545034,20.348588128985867,21.429140172376425,13.63129525713171,15.401123520690607,15.633414121835568,14.772368991556727,16.273613795565083,8.397874186174503,14.443914443898345,14.157590706462575,15.191275364887723,14.103794876372584,13.134823978928749,13.908977967628896,9.892050939541155,14.148723838181223
15.926225618610646,15.206696093148377,23.395374976855834,16.571576414539138,16.136910940780346,13.810202860763074,10.179039640408075,15.81484957346935,12.188808238579563,15.866712310696894,15.390809632406754,23.036529193111036,10.072186486082595,17.148507960377646,14.764419494859089,13.934288328691517,13.608096967255936,13.34631163937657,11.833505529691912,15.866926484489603,14.66012433240105,18.518137840463883
12.438926159652684,13.133037923310157,20.378706948532137,14.419686212874156,18.012373396205266,12.266643323444711,14.008493047494436,21.231977818602854,25.6317127813738,21.949263975768435,13.078177680115276,23.733383659906977,15.215799200192679,17.740635850181004,9.367035231146234,15.688817652142578,13.320049639761047,15.064554017128074,15.284517619652854,22.625696657826833,22.32931371719642,9.523355267695084
19.253256151419638,12.832076000958008,16.001664165213764,12.93218635968236,13.08146816652352,12.698640031482416,8.67547327274857,16.296484895802855,9.46570577200846,9.960515897813629,12.488451600069064,12.426642468522157,11.723686924235638,13.69437760893852,21.473799046048658,25.74460168460455,17.032489777090415,12.763006693634917,16.667963827958815,11.692050149858465,11.532917205584624,12.498855758825579
18.488722961660223,14.901684312940077,10.191546994801438,20.911110527837085,21.725993536660752,13.496296146150211,15.88160452337661,12.284014699183713,12.049067427003523,14.341749866488664,14.059164183063325,10.349241786767063,15.85352254869605,22.466825657599227,11.101188029847401,12.723584276541624,11.96228765617201,23.307093880630664,12.123533539854671,11.858406188683443,20.71917113976452,7.177158050098004
7.4872534424018875,18.140926111470264,15.082536847603885,12.299687946949332,11.745161742390097,12.724284473356565,13.943951478052647,23.13167103996346,12.731753345495582,14.039458957734457,11.917942186484611,18.488668088305918,14.468787462560003,14.536922875634275,12.297044289535238,14.76314696456932,13.818702046845248,11.648861330138006,14.174301587562175,22.33309973521033,15.037334103340545,11.993494969196847
14.403022185784884,18.356349793410658,22.97506551650455,13.160954317411154,14.281383030605278,13.923672316520076,25.236012408856322,17.237106342595588,19.621588824064162,10.978456694474445,23.776266226340425,12.02007905835686,12.99068205890334,14.58885399408823,11.339599403593851,14.898304472181142,19.04798771383491,5.03609130562725,13.363533000926141,6.92281415914664,12.646160577710331,21.735473298032172
13.437148254468445,19.064096739019256,12.415968618423351,13.413127233380449,10.61175284188135,18.729496747067166,11.679739235658179,23.39234559673147,13.222669319681296,24.847008897643594,13.445634110918812,12.97144479085223,13.375955554130242,15.16924821151354,12.404279813297794,13.746020276247206,13.859992709955828,15.59128225405048,14.891916460108972,10.777936698445957,17.191527654260298,15.179523165236219
13.50527026454925,22.48674089187516,12.596840252682624,16.518407581862295,11.33282989792227,22.00710749719844,11.154601765856684,24.58867262378702,20.93240469161832,13.022009911277275,13.713209942982012,13.286188648022517,18.745820809791272,21.487856585885986,12.773829229508383,14.187529540694829,15.685058711893094,14.729263946346599,12.346964762022646,12.956799287179916,21.503211757608035,13.925587554679067
11.799109580775175,12.505189205127092,21.412810403932777,10.830697142546166,15.644085492911842,12.334853451238711,15.624508787031745,17.1138164651305,13.2047798462369,13.546488161144273,13.483499045443688,12.921063617282627,9.00142571030226,9.066891514745452,12.589255190125463,14.939826835685002,12.275879275275821,13.01340377264189,11.57040964645837,10.30691652303654,12.02230638111914,12.051897167071106
15.787484515165374,10.560867385670957,22.624608383327597,12.455354284150856,14.074173060628405,11.949955514977173,7.983349854314887,13.801453827123222,13.260078538825898,21.33865026258311,11.344503220578883,11.22319915643802,17.100758386420942,7.729351261426709,22.80788526953483,8.22780642281129,19.491645488175575,13.261781854553798,11.605736845360669,10.018004446258946,11.130277590933044,11.749687547168966
25.086139828474227,13.877681119387093,23.005195966995664,10.05493604032309,12.841484330012939,25.955695957630553,11.979616781739407,12.484392971255605,13.524603159592484,14.246713054006884,6.446655880099189,15.58055390679608,8.583264372450644,11.217533307665796,15.391491848314237,12.762156164623175,8.794758621511448,14.183923432813318,23.403987442723373,13.539951758075485,9.992130372260961,23.338772566727854
15.225584283968955,17.06095690431901,13.774223169560045,13.356793756894977,14.580992832073695,17.072880272355672,10.551972775595981,12.576437720927869,16.811701076258135,22.158395754620997,12.990457792738127,13.78543577801624,8.350005731186211,5.993518047161311,12.811506596852762,12.423921795132692,12.460957068550742,16.61423409752339,11.739431290638054,14.076358247228317,13.457787902053509,15.311746579933756
13.701897360656567,13.626994157209525,7.739387807896228,13.122053190188588,12.228491166485368,15.119861612784971,11.633060645507673,13.440555687950882,12.561336689962147,16.973330423105754,8.782077935188623,20.144071135979093,13.39948532165529,14.746030495009714,12.015232012908886,11.830089370819914,13.299647587685795,15.250731118743188,17.95102417409827,11.760960615068708,20.436864049294105,15.403768731647414
10.672561438055395,9.649953618206656,12.376246410515769,15.839283265983404,12.488033539681021,14.062696846146185,14.571288040596661,11.623283279712563,9.272871026045117,14.945855620267698,16.219189289130114,25.61126977520302,16.510959328664097,10.384134748613812,3.7351940214300514,13.361374031800347,11.815357432341774,13.302427333549941,14.981063847383183,13.533067833814847,11.775883807054008,23.77182097410189
12.082428102858751,14.8246304924081,14.435575780493442,13.28262853503872,11.943681728781131,12.483611610846738,14.719183557148252,15.42245665012646,21.131832610463423,11.844428744821448,17.302265071789858,14.101030691130674,10.81120950691162,15.21851618029779,14.58186529137526,14.65746289199592,17.105005306038976,12.577876018372937,9.676068813090978,19.190051117850256,13.804493188499382,21.429931564278824
11.724195445078482,18.692910038312444,15.276197545920656,12.525026287144952,7.550870310909523,13.678539742019087,21.353822022333496,17.12390359504935,13.857327792746903,12.917405986368264,16.18875397101878,13.440334503053515,11.188320004804217,16.897870060468676,12.322465971054662,11.903643428419958,13.86807063962189,13.893787720175464,25.38449424951398,14.292687981397671,13.937536714820656,15.574155721022935
9.728772648794518,19.117519472752292,15.217282030335143,11.37830424182093,14.789720155713438,12.4190497766929,6.447022451375185,2.496188334389032,16.248894479409408,13.840333982334919,14.883745162098469,12.337928271940163,19.902930666720437,13.05131508984345,10.456371136469905,12.622843021703414,13.801430968483613,17.56086508297281,7.103999411140389,23.060662958677174,15.030956194501828,22.39643445948104
12.039051507671083,11.888753585247526,10.011327351522723,15.800055667856613,10.549348397699028,12.236306802944569,20.51233242215144,8.48329340488333,14.766153521009569,13.836381615176414,13.222326080501038,14.802253794712993,19.448661369533518,14.974676849400783,19.46409499834893,21.214677675946497,15.288092260855109,15.35263080090599,16.292457827950688,13.453057485213066,9.624979958968176,12.114579594764924
