script/wind100m.json
{"header": {"parameterCategory": 2, "parameterNumber": 3, "lo1": 3.000054539987559, "la1": 64.9999836372058, "dx": 0.5, "dy": 0.25, "nx": 34, "ny": 52, "refTime": "2026-03-15T21:00:00.000Z"}, "data":
[rows 0 to 24 of 52, columns 0 to 33 of 34]
8.10645163826818,4.869319208248244,19.129983803503016,18.415323606168744,18.396005981307002,18.314518134678167,18.644070984279765,17.912002808714586,15.733488444191499,15.029137676257573,13.650419699112618,13.92877927485778,13.946142539543253,12.359213564139797,11.141662303344061,10.44526775722224,10.026235208857535,10.002398316964001,6.398124018989913,16.75256900039757,7.981828262854469,0.9815426039853675,2.220117135194156,8.042991294083883,7.65589146153826,-1.0574168559921173,5.422886333872013,7.835768072576283,7.682971926711424,4.259214523107344,3.782712760993817,5.015007532252319,6.217895291028528,3.730651049118758
5.971944185356948,13.898369840375716,17.605601629151952,18.377660216064996,19.231816009075164,18.886930128487577,17.69248642882594,16.817764398739595,16.376986211741986,16.17358188661218,14.937096760404605,14.107939204481402,14.132646602697983,12.985637176020603,11.70920992401315,9.009890149353144,10.934645603535428,7.869411138159723,13.105186373571994,9.76663817673,7.783744047908185,6.642943031065488,5.434364362219125,5.88021072902427,-1.328805799653632,2.0052197483769345,5.771897081341003,5.547164213106611,6.941530996542084,7.646924592158152,4.203083127016764,6.1360514046842125,4.20672974847111,3.6741820137265484
7.562023693048639,12.90310543760946,14.165265454937623,20.059330998150926,19.158061009558168,18.180484630384477,16.564979601453334,15.542205214760456,15.224885835610944,14.99457558344147,14.476023033200137,12.820351016492173,11.363620412210452,13.173352896804284,11.477959076895143,10.37296443796627,9.733056468367911,6.021543492318096,4.447049292988227,5.863491856690203,11.943408367617323,6.558336211731415,4.414605410786772,7.642929781177677,6.59710779554427,4.7455848733683546,5.619436108635065,8.041048973410765,5.4144376808525925,7.438293469964602,7.517051841333361,7.1018991457264775,3.596165676188106,3.508408059053927
10.126124530627738,10.632027867352566,12.888245286499346,20.47645801907663,20.687541196103332,17.874536958454275,16.472610517796213,15.691618160436272,15.470573190689155,13.622138215841751,12.460782729078355,10.401409618801889,11.72550852527533,13.490577857906937,11.708897695340157,14.197979816581844,4.590067547753686,9.197193375877445,8.84547902607907,10.130707451086886,13.796898353672523,7.926657839220642,8.23187988065182,9.170669770719138,6.490992758909351,5.296456500774941,7.5811903870374255,7.376885227908689,7.745814732059352,5.293549270706737,3.256867058445755,5.9013337514320865,3.6887619477978304,3.0674837163864774
10.276219958223853,12.199039988895029,11.406791131683725,19.498649550663398,21.129566574943766,17.817832288578682,15.558936557923484,15.261984855939618,14.27049672053548,13.702680467420164,12.446142613437784,9.0228644614519,9.580833866610748,11.682698127460695,7.268709269383895,11.143587980240708,9.658679807289028,5.880912268735536,8.761037401409626,12.834747825929023,14.216800922872489,9.96027206458933,4.611464650744107,8.677610202942716,6.6643924644667045,8.505735795977735,8.20543080620647,6.58422642557895,7.183248774725182,7.053027422267146,5.5384376989203075,5.836839381008087,2.506617278500562,2.4625302901402795
9.879641525307399,9.846147359555514,12.151673786953308,15.596506108043787,21.607860948862363,19.325077483550785,16.813255505805003,14.975674376954824,14.902567642175585,13.050100077749027,12.244627953459023,9.448128113263323,5.126510598024402,8.386185276928286,3.1945641289045232,9.945441680683892,4.832609884419828,11.59669384199212,12.296623187862048,8.881865608615312,4.039072107889607,4.928091832226877,8.707903648393165,7.786563524765649,7.411557949378104,7.336474512042246,8.349177691599532,6.99375283885099,6.3423809974098395,5.692983933694317,6.12190926682786,2.819672539376148,2.2557135450976413,2.0840340293825457
8.518537410725763,12.078940831000967,13.201367750228377,15.547599650860942,21.39043377694426,21.703351306546892,16.94842645168824,14.7912053018871,12.14089000889438,10.036622891987456,9.431124378184448,6.683526368261801,1.7584158324456325,5.979158342847215,7.128071145951779,2.9339966833048883,6.154816362854252,12.152878894267808,14.02621423375447,8.864164023248057,9.236953184423054,7.363524597329283,6.2316014795239445,8.334566857387031,9.102514347484274,8.46012180116933,8.76827868757686,5.729749526158194,7.4378626964374535,7.0021647599601025,3.9361102901698755,3.912322325833183,0.7282873305104346,2.130508778848023
7.970600720121235,10.63355611676161,16.526237925826717,17.431196114243345,22.16789329833758,21.046596742850056,15.285001153706423,11.309846064478819,9.536584676835583,9.53122237385555,8.049778422292846,6.655103252263023,4.1593438736054855,8.621730505493305,6.666813106202473,13.460123429165883,8.394281518526228,13.985872745394605,14.994393651542582,14.479462873578319,9.591705415162746,9.142500168476811,6.186017837451163,6.948235970439393,7.4200952051805835,6.80080771455965,6.815741868613213,8.850842169802258,4.502474931421139,3.131248848661468,5.535472129605995,2.389794834375198,2.710434008400276,6.046769046349796
6.6939154738580156,9.68315397443071,17.0135860181199,21.969922192672424,22.82825647283933,20.198156703174977,13.329666241190994,12.348264557122674,8.411627478269795,6.659410084021186,6.715914042643599,0.4855847799032526,10.0292485211777,10.548819251918593,17.267110768451516,8.087418289296041,14.36666180515664,18.325661639259092,14.543020045103843,14.612767193504363,16.144721487384068,10.970683934987578,8.68561807572343,7.155792137310889,8.594405681506263,8.362205271169081,7.186669340989616,5.713271130765105,6.169683997743469,4.574544245551026,3.662771375021184,4.344712010184788,7.14481757609697,8.681515042805055
9.965145475458906,10.693887833461215,16.27629862612102,22.467030825456977,22.479367867700155,16.01588371365014,11.812981431067165,12.341687788055763,9.906324907617087,6.560051594714159,3.564688127910713,10.635372786340957,7.755552534590964,10.887676723144796,10.858584328742403,19.77162997806194,14.063713420433995,11.553833431616146,11.614367571859487,8.874514521949028,11.225225011608039,9.66822736574319,4.818128195623283,9.735157030515827,7.741660225063477,8.429734546972155,8.777744590270004,6.928734879425912,5.219320112689224,2.8728683359509968,5.035527823674667,7.416202088867327,8.422363129691616,9.3280136734332
9.580664924850662,11.424215386948308,11.909245646307115,24.11311622534842,20.492045937779203,12.63774475885569,6.087089200597145,7.735377414419856,12.451569974929418,9.819523380752555,20.769827086842202,18.37999284834097,21.934312101174765,9.82430972721553,12.30132054965547,12.411104395927724,10.257543580319087,9.221225757425477,12.976977724710139,10.192353729554648,8.924008237969806,6.780485962320375,9.28388649816652,5.444544090322592,7.916246566719278,6.54048040713994,3.9199219311690507,5.963405108521297,4.96920641089904,2.373600006028956,5.167279121851393,7.229842439833882,8.541813587855577,8.734262463934135
10.589429313580807,11.19492717523787,12.638703123863518,22.373298453355982,17.454642535363277,6.627879294673384,15.142607266232384,10.067445106847234,8.378921725921273,20.41703359384664,5.062483041223025,8.034538751726426,13.45349149390218,8.208009822925174,16.603761468164212,8.036491356928128,14.284224959953836,15.831770991079635,15.720175614776867,11.672143667679373,10.597927468392205,6.382940361420055,6.046368549659585,9.899456298997563,8.079219979624147,4.428730392488737,6.518620250379621,6.020717922979573,4.398245031944872,4.5261138546952004,6.149117198407521,7.663248082943037,8.460930394447615,8.57077409427527
10.845914388742562,7.913819502091174,16.474293431832248,19.764085989969676,15.331263350871462,7.621671617125868,10.763997771565268,0.22609992293747036,11.626169251109902,14.784575984342545,8.758124730486637,15.518065660088286,17.689047058550354,20.000190657929608,15.582477323876866,19.775881387433913,13.160086911775226,11.346754842739978,9.962722993375534,6.985436123070371,8.43012079493143,10.380770983357273,8.190891174729193,5.899451428350013,7.251152250874762,4.934975429829384,6.145562447245751,4.5401163199896075,2.3446985749058085,5.541562902576706,7.392252591811744,7.33002979950209,8.421297249712847,8.46105636054399
10.928140252468594,10.111218804388,13.703964380007223,19.760371244575115,12.400961416488983,14.213473203173457,18.74034611531992,11.188586276368575,19.991225691159315,16.47929945742694,20.500162851927257,18.5751310657861,8.178980144721528,8.313445476036467,13.665272080603241,11.129755943030728,14.089664109050528,12.005529155788535,12.444200539564509,9.746253404512752,6.036802471163072,11.412261646129007,8.719041431402879,7.460006793606689,5.4085271859916615,8.643489259389643,5.002616591325157,7.128486138135867,3.9585067942606695,6.580206831753094,7.403377214483733,8.034524723652513,8.389432708401939,8.44702160664048
9.374995057265375,7.344794353624638,10.710507140726554,17.118951623504223,14.981854387915224,3.813043959301705,2.204237833599037,14.440478291239145,9.196610382525883,8.25209113169946,9.205050703233214,10.259412868920483,13.869178738246166,14.319255816747127,10.873813776374728,15.68397506986856,8.800062461726876,10.735052561114797,11.00003892798041,8.889249823313607,9.00255646151848,6.656163222367473,6.182773824417795,7.382718333259783,6.477906159376301,6.032047732872499,3.4260668187757606,6.336829588781734,5.46888433019131,8.916351715390093,9.533917595087136,8.189929717315074,8.32363536257977,8.850591681572483
7.269858511550374,8.825912902536922,9.300066860950125,18.784687210589084,10.20701288940945,7.212832864011779,7.690671197465193,4.645765632688821,3.918243362326691,5.331994742808825,9.68557185594124,13.245173504694488,9.004134373349084,11.922678455784242,5.932652024824768,14.109890281102883,14.56960385749109,8.447314774669582,9.449994584718599,7.874206899589303,10.651915245562034,7.529186234146847,3.1529814242779284,5.787762970794846,5.2327486498499685,6.104537734578681,7.9941310455897225,3.226046357268431,6.357711495046986,9.72837677145251,9.46761047142237,8.610462947033254,8.489058444078017,9.180907007994138
7.243107799676873,8.323977566300677,8.37847255239977,17.285985588130114,13.018011458714414,15.920944182609338,12.195974869283088,19.677149384513505,10.513643343608157,25.603093547592405,16.434764689845537,12.591942804638741,4.757876840131968,5.556175758117386,6.452857316235576,4.388991101416138,10.1813472865461,7.617520184363236,8.574274367570826,6.799690027545398,7.432675406197144,7.545479047233226,6.859132802090238,5.096569440293443,7.10371044421382,5.3302974561516505,6.550979213830625,4.170589033342758,6.071902686613543,8.34642448741622,10.210138194161038,8.247228854341783,8.077541688664,9.404707142972663
8.555194402331058,7.970321148875083,7.02432784276669,15.049442175997456,10.941474787313489,9.51647614020011,10.518658538172843,11.655602149663494,17.48669086783221,18.3067212801715,10.918072908552086,6.386907740704766,9.288847460113288,8.796035469100302,10.302218948976883,9.718847997808746,8.850597414518335,7.536686355759515,9.360519819789054,7.176273780734222,8.106858961823443,6.096140521685281,6.224921531012871,7.649716379323793,6.2232451541214155,3.9753189604606654,5.285024229978359,4.48233764440278,5.894235653912758,8.016000641095584,8.771867355362453,7.842128187703563,7.764445797259069,8.89583094455877
7.635859318363814,7.643256442793237,7.853518309469086,12.351164905888412,12.10978844896472,9.888647350751883,17.068102367474594,5.553512083033688,4.883907740645841,9.83928780792559,8.30348280796604,8.091969895517222,13.306295659143494,15.853039044428046,7.021936509481734,9.661070752228358,7.033172124150219,9.738188372610495,8.622545770832632,7.188410224731145,6.740601641765637,8.188345450885102,7.267084732055806,6.889371488142075,7.305922075418506,5.878802079018797,7.108402387560193,5.163928141616173,5.5495507490829485,5.6653217521235515,6.036215258153477,6.767231133089612,6.900561956231412,7.5284014580170595
6.314398064876327,6.111924275169254,6.799316776609378,3.974900148077073,11.339239061433016,9.018071202111637,6.158140209897424,16.090966831825373,17.699849407293083,15.586833688793101,17.83867540340921,14.994924904209983,9.240087275526479,16.02977738306307,6.087698420451826,11.74129304450402,8.426727725651512,7.780044695633399,7.3693915479688945,7.925928103224535,6.677195456575391,7.566279478396604,7.520198881422478,7.437497949820278,5.548228216531074,6.567255752508971,5.6533476715536155,5.907979537857718,5.910881077368404,5.962015374199244,5.79121657496138,5.367361775235484,5.8067886388930114,5.92522985205035
5.037358608721632,6.1606820475248965,5.005872360329529,0.43939852921336675,12.632429184386698,11.102877704863827,13.91495074758213,9.381024024699554,16.79013153577176,19.09522353134511,15.106759214640446,9.89258331712256,9.202119720949478,7.930989274237689,5.9796656872013285,9.262204501944888,10.021204430691752,10.155238835498995,8.27596597232815,8.613152625697941,7.766789230030789,7.858966832688752,7.422347141446679,6.047475321152988,7.036401030563686,7.020802497025611,6.720368342090059,5.92076140348766,5.525415792488342,4.4761991791864,5.59124621820918,4.834290471072539,4.307225424960225,4.57596176354554
5.454635149225229,4.598629291962816,6.230136489269947,7.1831619619329246,13.068343474303179,11.943272732580132,8.288452707762287,4.831795504208952,13.010728910165506,5.37828832215409,11.337570569633002,13.28074047335802,7.514765099524773,10.422095426988266,5.357524114587192,9.712394028482633,10.262563610732366,9.603749874051266,8.85202926755827,6.864143546545774,7.697079965091776,8.190239922160222,8.349258742589695,6.060222411912013,5.625077357796314,6.237852621189428,5.508165747190227,5.41230596771442,5.140880944986272,6.197997352765261,3.8333240080869455,3.170935481147465,3.073817496299991,4.027454651203789
5.564527995964862,4.34241072390697,4.623177611982668,6.662583572259078,10.468119623100739,10.185947555001393,8.489856586109754,12.77635553154116,18.150527959100874,13.23887833131874,6.900156306192258,8.013364792929917,12.880975660698132,10.912017192067415,10.232542192819778,12.67875974966528,11.10298739666165,9.846372744293923,8.633590579014232,8.768453735042888,8.24071553765783,7.938494940564858,5.978051495237002,5.308907530499043,6.871554096195638,6.445821820672958,4.928656235322099,6.442901710299302,6.12835502813264,5.224135206315171,4.0224896065871665,2.582485745891259,3.7137260095217783,5.092736824974114
4.608847607799437,4.828070127903958,5.401020616665259,5.223771462689599,7.278887576806938,12.538170204004338,9.36700147542316,15.360183388037994,14.930379626270726,8.87483913852588,7.346262817009169,8.27250745126431,8.58551265330456,7.030759870674396,9.305145477565556,16.368812073458983,11.972906088504534,10.024250633558802,8.30110524893512,7.523261660353512,8.75125654435123,8.663900975378303,8.299831516869693,8.215004324551456,6.181610281425495,8.38215645989099,8.44414728187553,5.782600907246089,5.174454887917092,5.3560869386077155,4.501210537604363,3.453062126567501,4.448030473082325,4.3483648287088235
6.408498395354292,5.04845399090793,4.080886464190305,5.640659619185823,7.855284006950686,13.010129244998344,7.7518163851625586,19.630079526440788,14.823882933729434,5.5821637520837735,9.807111751479676,8.017278069041787,8.861949215132487,11.889354972241387,13.435552568219364,17.612387475973865,16.98856825553393,9.675386805858679,8.105891671644617,7.212975073514917,10.66685774977754,11.56232690351578,8.886674426030805,8.129167635270028,8.108338900261339,7.373067286645925,5.774955901692802,6.103369228316097,5.682205793559805,5.41989589406062,4.513899432758805,4.605761688983618,4.0145025763463025,4.658475936458929
