script/wind10m.json
{"header": {"parameterCategory": 2, "parameterNumber": 2, "lo1": 6.000198445256149, "la1": 58.999992894266676, "dx": 0.5, "dy": 0.25, "nx": 22, "ny": 24, "refTime": "2024-04-30T16:00:00.000Z"}, "data":
[rows 0 to 23 of 24, columns 0 to 21 of 22]
-7.295228967241753,-14.345797017665387,-10.856358560203468,-1.4775239333688783,-1.217216389039608,0.5444258633680679,0.49072323199768186,-0.7129357857644162,-2.430368829314504,-3.094064258246538,-4.481496166220946,-3.575733424647116,-3.0705080492382386,-3.028569043030338,-3.7606360635839478,-2.6333706452845553,-2.317758156705055,-2.8089925294385534,-1.976920413473725,-2.0442847443945897,-1.501710578201303,-1.1892320001582197
-7.33407634830092,-7.563254609808968,-7.420288035198981,-0.902937910404021,-1.455237136919548,-0.18626716102626253,-0.2764594307587045,-2.2654945553758914,-5.234090065238592,-3.952231604977561,-5.839473080397938,-3.816248245491164,-3.8215481497921573,-4.310919824323742,-5.603118067984161,-6.060545351532556,-3.7407203927783117,-3.6026130383067048,-3.1197705218039826,-2.616522322157619,-2.3498467560579037,-1.7815901697892644
-7.630586077407959,-5.494187940793848,-5.726861175755977,-1.5577306041181518,-1.5453792131731594,-0.7763799705954576,-1.8220111734487592,-4.991066394081473,-5.739276085946744,-4.889237301225449,-6.050135005996216,-3.80745508234288,-3.861880416588903,-5.403126422645435,-4.680389464176085,-4.350753426586604,-4.795065087855848,-4.5149935751759545,-5.332001381414914,-4.747058862227899,-3.4181489854313893,-2.733020534634737
-12.904914510732453,-7.9331617284642535,-5.067439354267005,-2.0734420079322597,-1.6800445169518916,-2.418957171162638,-4.523535314854477,-4.569030302355698,-5.331226435113891,-5.282426255085499,-5.994339308889707,-4.126121250538964,-3.7648151278713837,-3.507180249616847,-5.131708814146765,-5.20981601826094,-4.167778311649484,-4.754452723637396,-3.866065369775538,-3.6411194591161413,-3.1387717827928308,-2.730026146997304
-13.068808399435024,-12.599769973754771,-7.687730789481891,-6.014602039122797,-7.44799469172578,-6.305848202146618,-4.466933113785098,-3.1332278199286185,-3.496456875067604,-4.682884443424018,-5.416995637289474,-5.270985579725579,-3.260021630437268,-3.5754760152347336,-3.5411613398162345,-4.042097750488813,-4.0507335086877285,-5.110604285243479,-4.204856899551117,-3.6289264837255826,-3.337148803761242,-3.23346067264636
-14.13873950684113,-15.127137545489685,-13.277587220673503,-11.046361369111311,-8.629854560980094,-6.2608194871651035,-4.185896314174661,-4.945791259114131,-4.349108967927425,-3.5988942884765267,-3.8956671698037457,-4.245879675807881,-4.070698303821125,-3.664953899420654,-3.4066447590799287,-3.8218179756711934,-3.865241491854098,-4.18312196104027,-3.6324534378538753,-3.3638743977526695,-3.3003200386568583,-2.77557123732755
-13.330320213159158,-12.850332524040741,-11.893123686551471,-10.366010999379185,-8.001096958369649,-5.1854568151041365,-2.944636905954802,-3.5597205124080733,-4.407964895268927,-4.781851071018499,-3.8894463017624332,-4.331925889104556,-2.5888615865395024,-3.3543606420412506,-3.6829240757512434,-4.0003672107347485,-3.9870403078443384,-4.1000391028147405,-3.822935132948678,-3.6298569028227825,-3.3772977443483003,-2.7743416827679988
-11.280053520043344,-10.880337315054094,-10.783138296060113,-10.260268162404897,-8.83992070802231,-5.908700233694134,-0.9345040090736397,-2.681854860206372,-4.080435885506885,-2.7368435651573435,-3.513741237389087,-4.327915079395855,-4.198780696370663,-3.8916455722537053,-4.07426943002499,-4.0571504282206865,-4.000519414871331,-3.925364973885636,-3.6723067348591703,-3.7015188383777193,-3.5828794487002518,-2.786714027530331
-8.630147271615806,-7.686056696402663,-8.545173392943235,-9.852941349002174,-12.1852273602549,-2.23087917394847,-0.881314924902573,-0.6110224966884296,-3.6794801634923826,-5.873945072198883,-4.570610721022352,-4.04267075951243,-4.890735093683524,-5.282183470962922,-4.032310287000232,-3.7443987175060545,-4.724969928864299,-4.254537191083803,-4.507493831789556,-4.053326352861441,-3.8329907416938296,-3.0506828820830965
-6.8470498482118085,-6.421935307727439,-8.639607202200024,-9.738948927405065,-9.16233131216862,-1.6023707591490948,-2.1825328106953967,1.3063103635768263,-2.6992379707716183,-6.125589615136104,-4.308955238900534,-4.746349927211856,-4.867455566613541,-6.580245556283636,-4.447209289302227,-4.392574388543015,-4.501843075647231,-4.552875925944893,-4.799146256190969,-4.588208929006619,-4.135708219721884,-5.388201573924581
-8.647580571233819,-8.306445360127556,-9.481684656532263,-10.68306666754205,-8.607548839738477,-2.1309347168301427,-2.6971069665288705,-3.0581278019900533,-0.46621329576276466,-3.0422386933692556,-5.848958483638828,-5.387772145982012,-3.6414245033196275,-4.342852387667702,-5.652001706253257,-4.234961899552094,-3.9304677869763913,-4.24961499044787,-4.7728013583761,-4.85155051642156,-3.6590339950331208,-6.559661717526507
-7.799328764835949,-9.289042883693941,-10.694539333152274,-10.18424292604199,-6.831528427663078,-2.9872861718825163,-3.9127399292318708,-1.6905694775699978,-4.672244345694482,-2.257250146546042,-6.48743670257818,-5.94398680386951,-5.101029075068397,-6.820428088969584,-5.315407162271684,-5.067509398055727,-4.010721174116598,-4.500981301079166,-4.733029332839837,-5.1398516453333105,-4.029322773949808,-7.069871879288314
-6.752329639455999,-8.069310450088143,-11.400847830231834,-9.85391898874888,-7.124086699023946,-4.655729620761627,-4.258495607054903,-3.418067074725733,-4.7793875659215805,-7.593106649318235,2.759049271698018,-6.915788987093745,-5.855857101384064,-3.6796852022603552,-6.473860649179045,-5.151026996374945,-3.4727216433453516,-9.286486560043004,-9.626005645336207,-9.816854049962101,-8.26961383035054,-8.103347276267812
-4.667307990765908,-6.9442539337797875,-8.91310733502928,-9.491879227912744,-8.267056272733052,-5.584738475777579,-4.773277928780581,-3.877717948662067,-2.0633333628570765,-8.647655043128001,4.765515685644239,-6.658488361049394,-7.385262349494042,-5.013250203646156,-8.496999225600879,-9.084967724770605,-6.153963077767495,-11.974755843642775,-11.376816694425358,-10.025091529235262,-8.221180728749408,-8.07960802918737
-5.430526353328273,-7.868162745022088,-9.416956208870545,-9.167360492940109,-9.100190423956109,-5.839705595725933,-5.553308363380016,-3.7203891976114107,-5.201581803519832,-7.589224260301676,1.0166884684097302,-7.011536481054147,-5.890717083536912,-7.72202367597238,-9.277901694532266,-8.069482005854095,-8.190619634678985,-10.835777639544876,-10.514496394100176,-9.202004238361527,-8.423051889665432,-7.260775711397317
-7.233463476890233,-6.577967303763796,-9.94157099526525,-9.28859887321244,-8.178105109510183,-8.99743198149086,-6.804535168287716,-4.353614679351146,-9.542885440512395,-6.15486481574727,-3.03608923701524,-8.18133593645992,-7.3567361346256845,-11.989327949528844,-11.420797977161772,-10.809663335495765,-10.555386010034738,-11.05428276005544,-6.683344893995874,-8.728283459827926,-7.771351862237024,-7.54225341053187
-6.971037322987606,-4.363963082959625,-8.94767667111353,-7.986092169511217,-8.60996224287842,-8.788140500624742,-6.249795902527848,-6.46481146624118,-10.643540218999885,-9.558343945283715,-10.0231590940979,-10.020996137611663,-7.7154676225835965,-10.515914874150894,-11.79485303090166,-11.101234736419892,-7.337408479175344,-8.268252618899538,-7.1382295976861805,-8.028441463892394,-7.779038181306911,-8.596934369557854
-6.263296498147697,-4.329343549661051,-7.132438576280321,-7.418842326923117,-6.132152803776169,-6.5345063247393895,-5.5748179063856105,-6.125409803874419,-6.974291263075838,-6.016042322341552,-6.792032724471098,-6.911952093166351,-7.869455665443361,-10.232889920332452,-9.111596642805882,-7.435972251194963,-9.260225691070005,-10.619856268374987,-7.2692532556168485,-7.616233874897844,-8.19050764034413,-7.186680363012101
-7.541660863837647,-5.505197368650232,-5.468974345829202,-5.353705405731857,-6.897384661267389,-6.884921918281351,-6.508837552404498,-6.542779044393021,-6.931137021223496,-10.62222885546431,-9.051213483684116,-9.655303188161714,-9.661867136788336,-7.988553374474622,-7.724670154151479,-6.855531580773044,-10.354520942412758,-9.284943565566522,-8.341667637419112,-7.818963756507685,-6.600226977198505,-2.1642774593549423
-6.56620416100868,-5.303415493498363,-4.92684730396348,-3.768822117335845,-5.5076164037937385,-5.631684775642311,-4.890616288605964,-4.931898372716886,-4.071966042358712,-4.078951480816908,-5.231591578421506,-8.529512127370495,-6.021629686317971,-4.430965395211231,-4.496936003954256,-6.952994641956207,-9.396935285530516,-7.9326710819221224,-8.796144730274454,-6.529655105941291,-3.945405817285677,-2.522177122640542
-6.973427796597006,-5.379372012271914,-5.311665938858504,-1.8074781931570358,-3.270298249653232,-2.7510451673401035,-4.589892035156719,-3.9583917557133423,-3.4920501209796497,-3.3569626752343167,-3.260254011775899,-4.075000420081602,-4.2262948885978115,-4.076232372031295,-2.994970672130861,-3.655339213909335,-4.82718950428101,-5.525752908214588,-2.6773946332936243,-3.823133139071202,-3.6725763262919355,-2.4991504879858972
-6.447564874008922,-4.981955099350612,-4.503584189394523,-1.2128011422268177,-2.317724826077041,-3.0647540719610293,-3.2708446473303563,-3.8196559866632125,-3.3304691994032916,-1.7837111353261605,-3.031672810873343,-3.8285224278688674,-4.094892965589329,-4.084412246298857,-3.691376418138567,-2.6341783296311707,-2.3593866782179043,-4.6521296285611,-2.5242178001423183,-3.577377832063179,-3.092434942771076,-3.0885621205881373
-5.317787083703895,-3.6170033083400233,-0.7276012316519239,-1.7119197029847968,-2.4330063205061014,-2.32091879037684,-2.5621947853072906,-3.1960484739427715,-3.6848500062898,-2.075718813528425,-3.0777501782680274,-3.321394180829696,-3.636739806186052,-3.15782629080932,-3.0998572671345155,-3.0613397894952397,-2.988873662517153,-2.8434016710514305,-3.633294828731306,-2.3027913825843824,-3.176728941502614,-2.8030790143244277
-1.4406524712086908,-1.1275946530855956,-0.32699022650565923,-1.0966448759755043,-2.09600098950617,-1.3790903596745678,-2.700768601395576,-2.558320179675829,-2.4387422216632237,-1.9418265642135328,-2.3432630827471503,-2.7941718741248143,-2.4834240986998286,-2.0140368267439515,-2.7946797041012443,-2.326055619097258,-2.8195215290102156,-3.7002375239932723,-3.364602246331612,-3.209016109359872,-2.310251655725051,-3.2549856436470774
