script/wind10m.json
{"header": {"parameterCategory": 2, "parameterNumber": 3, "lo1": 6.000198445256149, "la1": 58.999992894266676, "dx": 0.5, "dy": 0.25, "nx": 22, "ny": 24, "refTime": "2024-04-26T01:00:00.000Z"}, "data":
[rows 0 to 23 of 24, columns 0 to 21 of 22]
1.446319660755717,4.69901386367596,1.4236397906362985,-1.1573788348495955,-1.1712676527390764,-2.098439949121077,-1.0588126214539417,-1.3215215003531133,-1.8827005803174808,-5.01177446453838,-1.4905152135173116,-0.12074138756626528,-0.6285926702746617,-1.3132897763731128,-1.7663307699018407,-2.000714407500488,-1.1901932512949636,-1.134353217006678,-1.1981076159173258,-1.8697587440139432,-1.8006085649960795,-1.821148485151576
2.189929703345959,0.4084613161285642,0.2562993227444802,-1.1567077800967795,-1.7883797799160908,-0.204385361062636,-1.9057024811095649,-1.6899195359996604,-2.7195862165210563,-0.7496121966954239,1.6559131494733743,-0.8296867434851354,-0.9156525191593958,-0.9718762886327407,-0.9566280738702649,-0.1887266810918311,-0.653512371431355,-1.0938699841292925,-0.7731262866662278,-1.027459499081402,-1.3051476282943357,-1.2666048749428758
-0.3519621983112228,-0.34979685805610417,-0.4214725406376421,-1.4935525865261026,-1.5751338061897213,-1.7073540508113674,-2.148303103555203,0.11721817535805473,-1.8715954009596985,0.8849982189773982,-0.34590677281874455,-0.7615803287150585,-0.5338632728991637,1.8516656335426893,-0.5405433237483418,-0.4675503151187015,-0.31450434011825334,-1.8683836554116984,-1.1262391453044147,-1.3245209512086147,-1.0818754838260376,-0.9974076588244132
1.7364099949714884,-1.791476395439447,-0.24002213417209498,-1.0231233084406268,-1.302178806071331,-2.128422740144554,-0.591294325620261,-0.5083970908997921,-4.291303529974948,-2.83294807367383,-3.212124519581617,-0.8367690375479384,-0.43525225343248886,-0.48219054538960177,0.24960837384110668,1.2640593318717281,-0.062300773488663835,1.736048961332063,-0.30160687328901564,-1.0757958289913836,-0.9334505972983478,-0.6394499406959191
3.8176264444617694,3.453732522762106,0.8438732783333989,-0.29270781632556286,0.5372532626834609,-0.7481266557639559,-1.3053031970018625,-1.1692603159205293,-2.0954211934364304,-2.0724433792543935,-2.402139958050481,-1.207850814951877,-0.024322356929978542,-0.5524439370416552,0.32276158002534316,0.48049308924962847,1.1377041340426264,1.2516917370608345,0.7121633579045644,-0.09577012635457414,0.01786426724983902,-0.7993548225755489
3.4001359980549206,3.563179791691092,2.987305375950518,1.593947960176394,-0.11036274301445588,-0.27316922389333254,1.953521989152488,1.3161208318627768,-0.9005360181222821,-0.5028043025201526,1.8237233189508228,-0.16728839970658801,-0.11592511906703522,0.36916781017301786,1.0644179583678983,0.5330848481200051,0.7966850615958867,0.3025973336065249,0.5475573359330012,-0.026483831369303264,-0.46728964034060066,-0.8413191195627325
1.6454383262753254,3.3994141026456384,3.2596872344763934,3.90548927122933,1.9563113419879643,1.18438206112486,0.5194377474003808,0.9752609364905382,-0.26602752109641403,2.674858471934087,4.029746755313644,2.77722577898775,0.5892930771098382,0.16375961693596233,0.0558325493723226,1.373564513297733,1.610420019681789,0.5816407429621957,1.1519721925148685,-0.05091550776050269,-0.021789681530798497,-0.3701476169201159
3.1479133669043797,1.9602767193249442,2.861674290569551,3.618176016394133,3.6187085225629696,2.6560883413223637,3.5352049926216518,0.6988269894962865,-0.07728218362668518,1.9035320477245155,2.824895480723187,3.1944672287970404,4.340235870630912,1.223402883255263,0.4828665888201085,-0.8015237008370083,0.41089814520985346,0.1479516389172907,-0.07231322805912838,-0.2415707205313522,-0.7015973678846493,-1.0354417131961116
2.0310737763534696,2.78822871825431,3.4966927391059888,3.5623192937065458,3.254733973029301,-0.295396026558799,2.7679779370400395,1.2189349066649953,0.7360193922455425,5.163349650166096,5.4790769895244935,5.017549538660466,6.07778029795034,0.9665690871767432,0.5003989165086937,0.8246610161680685,0.7820971079202531,0.2818372357599536,-0.6111648554921897,-0.6158513390608887,-0.8562208197696124,-1.5584488831667263
2.0770133860291495,2.3056019614112966,3.136020334902587,3.0863956231701404,2.5098746710031037,0.27148590333423755,0.798557932171421,0.4150847151925777,0.13761640518791116,4.5904496909145545,4.641577247343771,3.416875249986522,5.187447312697515,3.9588314049143376,0.26893421382851823,0.4047139460162974,-0.19917954264530877,0.18323393150516382,0.48758700460905047,-0.26717965010368105,0.0949392224397002,-0.22696932857476262
1.0225103114632028,1.87201748856529,2.538389662139276,2.966059786712301,1.145517054467744,0.18797991431429775,-0.10834915366431877,-0.0036668533455487986,0.07301375696282648,1.1875071704063098,4.378312914167061,3.4794523129493484,3.5527894100414934,1.9169403610084277,0.38299184454418067,0.06163088015900467,-0.24803954803476816,-0.1673174330030814,-0.851557709626437,-0.3812948745127179,-0.6913118715411576,-0.9322963548896328
1.5846145901969344,3.874516771737858,2.389115213021268,2.200383382211557,0.6121378117413705,-0.2446495577096987,-0.5109622135914988,-0.19617582068560893,0.5230648806266973,1.3066368910527735,4.288910907507977,2.9720956794314697,1.9808368014390512,0.5062938897981795,-0.2848697127250879,0.24693023728885558,-0.5840521256041591,-0.2545177558407168,-0.7620476561329299,-0.5642586979170249,-0.7597939681481443,-0.10221098299294437
1.092920110159053,0.3190945168948154,1.6998275027042067,1.8865540234235616,1.916414288099293,-0.6115940295413099,-0.5996474597371826,0.03709665934721601,0.7545625806009333,3.0873432869662043,4.760327678268884,2.396719774416641,1.0421809550519265,0.6363585714742284,0.5355040840159596,-0.3492992105426009,-0.6889044257946024,-1.7912009497721777,0.5429518214114266,-0.06692082528492328,0.3938580740806648,-0.41890884385995275
-0.45135624079730824,1.1962870537387933,1.8332256115647356,1.6554711656754502,0.9493282731294337,-0.035295004358243745,0.47620666339541073,0.2748923976588497,2.654168896614054,3.343546947499968,1.926996933157938,0.325408447939325,-0.12247894339094235,1.0648232755192157,-0.011500333417424085,0.15640346066867233,-0.49082935614875267,1.579021979583087,1.4426511717807429,0.6179803836019714,1.2488098545637605,1.1789001358847648
-1.2341336282993423,4.835555173943734,3.4302828312321916,3.8394804712583572,1.4719851239727961,0.018425184428963917,0.023203375858503687,0.1777954046252938,0.5367549944136213,2.263286235191437,1.3062497415879786,0.2097340375962908,1.0555233056257933,3.5159879505878227,0.38945957489515026,-0.18658249171181507,-0.9700151064193523,1.63179181559952,2.3716983201336714,2.024988310793445,0.8854199688626594,0.7414535562830434
-0.1363597636719889,2.554183343541419,4.060953982958482,5.353544658133567,4.432275813308751,1.0042007901451981,-0.6773955030354113,-0.41564627846946534,-0.053712513183365306,0.7323527059037396,3.5258217116765285,0.2611112244410238,0.7856840626494863,3.971943687164679,1.848639758627603,-0.12650621126528833,0.2309484499244637,0.4255616749600779,1.3964854799882236,0.402044180855979,1.1340218860090037,1.6936819805665848
1.2081592632091553,2.769000054102529,5.5592325931174384,5.931967655177417,5.88191301198763,5.387435021815071,1.552738055884743,2.037567450596684,4.204420256868479,2.458260958677959,2.600044300395272,2.049792425393205,0.5371790769742261,2.3469869348499164,3.475850543895372,3.3212321220150467,1.3837144947222206,0.5866081160744869,1.6518304462072697,1.2317233575375282,3.0663137258570963,3.926115272066653
-2.8300131346095463,2.8243242644814903,4.39800283887806,5.877848721123493,6.284968027240299,3.9531719806156103,1.9418017923137927,2.1260031131863824,3.720579573518405,1.865154976967052,5.907357565284832,0.25697885552781635,1.414826077337975,2.472163785688107,1.521009276389022,3.3996575704628342,2.6898939516451925,1.8159973273590475,1.8052842516839642,1.2598982555689244,1.73205386556531,3.44083904301497
-1.5170318423404825,-1.1222986180895942,5.834326371890554,6.847360229622131,8.902136987647934,5.180886106072398,2.205971585879267,1.2514936558981717,3.4940869133691796,3.1389578155207873,3.2567976719080636,6.532074284094006,2.630840590754415,1.9974856598508286,1.5195880469489045,0.8924303017897297,2.8625729904952597,3.162348429881021,2.593626384304443,3.2956058492536053,4.289967682537984,1.7057807009370967
0.21004330709730995,-0.0953997401052217,3.09372654918833,4.077301954252008,9.42796722041229,8.841907392825563,2.912393737373367,1.6473385581022557,2.1550484203205733,1.6860369589303537,1.2027699241220964,7.394700671215432,5.136664508742686,0.6641765477293059,0.44351289808237754,2.4207895028028092,2.801661063238161,4.14701336305061,3.414840240474045,2.4147538947710703,2.5223489760468376,1.8057691200299495
-1.0937518317501405,0.2878971079887363,1.5415976042360282,5.798536300350313,8.464462419799121,7.106765642102587,3.1672166053986173,2.5414789577348125,1.9654012207310654,1.9832321249913798,3.821481951750356,1.177447096046314,0.3868652812593422,0.8194707156554388,0.16002764030449346,0.7313179564260449,2.0998855136513916,2.7370455405209335,1.3442886357727186,1.4792015811342043,1.3867692548450679,3.06492964293305
0.38428362004840017,-0.09883851347270058,4.907656764974692,3.9179258070980127,8.210108706965826,5.085207060861211,3.14646263092356,3.6389678269018746,2.411086291511239,2.030490529039523,2.0254626923086647,0.5593111248018198,2.6324741743008127,2.237521614855455,1.8280322113652072,1.8063643581725861,2.0397851890993066,4.532045756829623,2.0652415913143414,2.952626460851142,3.0973244361418835,2.3391479382459104
3.8457113711586413,4.465649261372829,4.301933423614025,1.8435029806204801,3.8672351692741382,4.767118847692636,3.1739606113603545,3.3519413723939167,2.5028566735706335,2.2487306344178726,0.935848420070037,1.3128284824756433,1.9177557510190573,2.126740246532642,1.7078848872176111,2.171496225984854,2.088325979993603,1.8536496933227384,2.841357485887927,2.9755791353557304,2.2165275015479744,1.6196483124899475
1.6581006066365838,0.9982037099829917,1.404150418082577,1.374997063127365,4.127215534497678,4.862344658094844,3.9428707938115095,3.0956878106008086,2.4672714894303827,2.486973796284791,1.6740835780929502,1.442096345379186,1.2577743722716976,1.6031648453171732,1.5666373355032293,2.0137895181063024,1.8562307164318899,1.9269775097975905,2.414457051378373,2.2706877614062626,1.5854838958939224,2.555434105877197
