script/wind100m.json
{"header": {"parameterCategory": 2, "parameterNumber": 2, "lo1": 3.000054539987559, "la1": 64.9999836372058, "dx": 0.5, "dy": 0.25, "nx": 34, "ny": 52, "refTime": "2026-03-08T09:00:00.000Z"}, "data":
[rows 0 to 23 of 52, columns 0 to 33 of 34]
4.4981165462466635,3.304131727332678,8.379559972942307,8.598846161917582,8.988531672392511,8.968553829973233,9.145769741421862,9.428332212367827,8.59438810655565,8.385426313274824,8.331350190864192,8.170538561628327,8.361094080770739,7.9849466272565275,7.138634819930214,6.717574559121103,5.490788801898369,2.511836575892274,2.200639822971067,4.80479980333798,5.906879113378448,1.245558960699159,6.068496617498175,6.910861280158375,14.529298992333308,6.984295840592266,4.621773755677082,8.074738682523082,4.710958615218516,5.752147518016233,5.46268883760492,4.706866263323673,5.180053302056703,5.144779899294699
7.219266270677232,7.643923009553841,7.751011030518154,7.97674092291133,8.101530114723179,8.038310175050299,8.303890283882053,8.854653061258409,9.221846332344285,8.833905503851952,8.353164629293984,8.275824513144423,7.690511475064561,7.771037693834225,7.387992340720544,7.914310310173803,6.986557581252316,2.734226375958064,5.17251939342295,11.877034557726228,2.79202926375234,6.667224241563692,2.205206026500586,10.084356152630548,6.112009962716152,4.969705809989387,6.258865604592922,2.9777405285009806,4.555188374535811,9.135384731710353,5.102502452498732,6.105532721936748,3.9890256804425333,7.82995356892138
6.443904626787483,6.956111513354036,7.2508532307807485,7.422188204382534,7.827492898749276,8.212950466733956,8.632926869013698,9.353492818708673,9.619584434520869,9.16169790252709,8.743300634091472,8.428541051360947,8.32996229384915,8.06456424595135,8.810562481679337,5.497839718885862,7.838917369406128,0.6116577647626917,1.1304322533862559,1.5808142978096016,8.245284609744253,8.205611739042075,6.3803088817484905,7.956826996197275,7.038684850664407,0.7975157379933041,-0.1672800297089255,4.46977536351942,4.808042106574835,6.6841074396681055,7.4092483043901725,6.122314231303539,5.728890652679898,7.209002865827243
5.560517203510161,6.1175346810182045,6.896832914863067,7.410842321168387,7.647340848198668,9.0746160921388,9.392540831795918,9.686058284901353,9.451937413903885,9.390431010318853,9.25966189592125,8.667794799872533,8.711459581734633,8.855983819130877,3.6802318185077154,7.144351257435792,3.7426616711062204,4.58200309415317,3.926191326092956,-0.18641313344276947,2.949685185652187,7.444908648869264,6.2838191361069,3.5414979543582343,0.6783695095798334,1.2038839739452998,5.263439239039144,2.38636482649491,4.782829107330925,4.476402130865571,3.7801658729144676,8.283940834656192,7.952777510551164,6.102399114716017
4.781284332235581,5.962755306964793,6.873580791529656,7.426915571936735,8.23996646120618,9.068496514574736,9.528842908546618,9.822571946310685,9.989992048536298,9.443603055120835,8.90119163510503,9.250769607160972,9.631928667248264,2.21668434231692,2.438511127702949,5.294771557531486,7.584844838578618,-0.4021661139491344,1.9189053804567457,4.648386302214396,3.5590808082878533,8.773064979613544,0.5714355714614956,4.120990092828746,5.208168908358784,1.1711973118643861,2.2331200540090617,1.6680036882533296,5.390043855298246,3.8267710150916683,5.4412778734870795,6.84889486364505,5.98413963541102,4.742256649358312
4.842062103510271,5.842061876576357,6.694500129482524,7.929807742617902,7.923473793576966,8.75787599410241,9.919874538458213,10.662341524977103,11.04882385309868,10.480854055244922,9.724003431408944,7.361317028626471,3.1043173336322782,0.3451513936846774,0.10923676326006938,3.311559217487945,-1.1617119267732023,0.7773884803500893,2.0769247581657786,-0.7374005715610942,-0.5910554052891215,2.8987346504984473,3.656462173056988,1.0670779029547879,3.740397692003029,4.109266140065758,5.099861010565327,3.523004944018042,2.520144337356444,4.582293222254197,5.1847749213775725,2.5431538551710275,3.0972983999858434,4.764865749893886
5.005031335849088,6.0953538115401384,7.132155397333358,7.685064947229356,8.165322434277416,9.187630420460517,10.329090999673971,10.695190399277704,10.691609921715473,9.376601619914176,4.493950754704895,2.0739812138881804,-1.2464101658009756,2.32518148869721,-0.21710548905400479,-1.8734557798733866,1.1172883203993071,0.6281712600650137,0.5009917844001299,1.4677155049455437,0.14966705860461163,-0.4102492805698403,0.8395268957724972,2.1888579325203192,3.965085554717543,2.078479053372414,3.684337690961186,2.320027784222774,1.4185582921979045,3.9220880991332243,4.586017124209411,4.3788269923489604,3.495507327748082,1.6338343989337571
5.072422704850457,6.282910971863202,6.572356825519642,6.761028609338719,8.48041765200544,10.317475606144791,10.663814722524863,9.655398866222907,9.501044301619599,1.5700968216066842,1.7793976106882003,-1.3501664584767281,0.3147098873096513,-0.9937223292466835,-0.20334401044634046,-0.9050462540801272,0.20591843994291542,-0.5914746105870442,1.3223604147583248,-1.1016673227236464,-1.1232515709550273,0.30873146998975365,-1.4639156066638928,1.2788568357646477,1.2376746164426962,1.8259160258994152,2.141868743648494,2.5196779071545166,0.9557915780524316,1.6342010878290805,2.491687377453522,2.732133356274689,4.114577363383311,5.274205096081774
5.354346442541283,5.770160395310166,5.495434969418759,7.766565660344725,7.407066663529692,8.79576364414727,8.498280421943212,7.999335113475502,1.560671697071526,0.7528573360059568,-2.0278759424295094,0.037003975311376607,-3.9851876076744017,-5.395542516506116,-0.24681192317510917,-4.163449449480473,-4.977410684105404,0.15274516786367953,0.6757035061562514,-3.3885876908198407,-2.4797700254500095,-0.6728570399073096,0.40149670988377323,-1.2321724014393443,1.1535122111037084,1.4779037470563157,1.277154969387173,1.5590125454642505,1.6319860721528188,2.6072706102289525,3.0176605812778923,2.8064853414442865,2.3174055605025883,4.631747307004202
5.107417180041232,5.155507962368656,6.062663824099107,5.677556443608701,6.2084679195258365,6.179574507793489,7.210163636933126,1.1215339066142689,2.408823919016687,-2.9029537283222053,-1.833387694222281,1.5568945433009738,0.8181659246494012,1.238271151053441,-6.29020788599262,-1.7682917179641604,1.5266123127388034,-0.7016085081392879,2.2141144141431823,2.015219151271176,0.07134457126887714,0.7810978347712725,4.22718254389792,4.043940966736841,2.1356141774554414,1.671270407853944,1.7709405465298196,2.702128673803815,3.334008196918132,3.024739753431446,1.8203457395140306,4.088578338993979,5.630686598143666,8.871149526961814
4.602217301210997,5.007500390994524,2.8565698958704457,2.3869054190419194,3.642223882290283,8.334718853650017,1.7525898924526728,-2.0910215365759743,0.19680249930803537,0.843627431314879,0.7110484021741432,-4.648502382293643,0.27273422877938697,3.0374778232474093,1.883240648908955,-3.2534423417498983,3.0445545057991295,-1.8200070272363955,-1.11457482091938,0.7549202968257189,4.306595215446754,0.008187484549141791,6.242707916296132,0.7684473685386418,2.1872460238135423,2.951571238058157,2.131258934558902,5.403682133733433,3.313485352954295,2.789876764838801,5.6613302882467575,7.727207119117711,9.421050109701724,10.073093750717039
4.54338737542013,3.6678711626818314,0.8507472894882322,1.5591254653750548,3.9865742665104498,1.2266849784296323,0.8494956233803296,-1.1832889424978787,0.7860801437351763,0.33170451281498325,-3.1418255766507137,-0.4445355587738297,-1.3495126264535704,2.3693576494970476,2.519862240069976,-0.391858614107891,-1.25045950955343,1.623085037426083,0.7340547569551945,3.206076726188955,5.486638840666735,5.1208383647770015,-0.01976227933939855,6.205010322881507,2.7637036320998387,2.537757026545767,3.72863734751874,5.03833208512932,3.8665578903960136,3.826275361236255,6.2038080112378635,8.980602879249115,10.627100728543454,11.05747867750572
4.321001981326095,0.6083163704392726,-0.8234443975482731,-1.2953908417353908,2.1465126530820156,0.7702425537648896,1.3101315373699698,1.996901273069496,1.7380809588229031,-3.414528053455677,-2.4573890151914357,-1.280751135208663,-0.1423461890150112,0.6518665620286898,-1.0203191614000564,3.6275499979482713,-1.229523291391693,5.42817931126021,2.4224262297897408,2.032052043291593,0.16128224074743103,4.042342720450346,6.7623453719056,2.5445650133112108,5.207368559985006,3.147300469935375,2.132479459819139,5.08627696658694,5.345492751634494,5.930620595858665,7.832283838646678,9.453452140812772,10.182740879476682,11.269395551193748
2.9333872868038355,-0.140291286803144,-1.5440645134540603,-1.1555740156928314,1.8728434264920728,0.031810139618480726,8.021227675613549,0.15588058028357257,-4.071042100831993,3.4855621034303654,2.7775735745774814,4.033106355108829,-2.0270631749287116,-3.0202163012952123,0.26669049085264573,-1.0173796007832991,1.1571635758849974,-0.6963295094202794,0.48188543201136086,3.108779062214595,-0.6400830755993591,3.7978270420894735,5.844978972267747,6.3779440351127965,3.099202141716691,5.994144145528015,5.902895282848844,5.254633242041092,4.089476560379854,4.7272260082597,7.816467334135408,9.457649148920956,10.209032094184463,11.441079593151187
1.8352198205581967,-0.41290484289358026,-3.375372900509688,-0.5760593989241829,2.0485898102747924,-1.2393142303487874,0.48610137631332867,2.0480082859822977,-0.9045360640050557,1.166616881338281,-1.1202949798696726,2.171610757869918,2.0670884292906186,1.6283444728070244,0.44011469345309634,3.8029491347499844,1.5146908330203377,-1.2943917650061265,1.6229384817732706,-0.3249528223761922,2.176110929105374,4.007373830432054,4.869638587666114,7.052396912277592,3.1376830450003688,4.905371914485018,4.7952920240285835,6.594372049744876,4.508179990012077,8.017242279459198,6.740956322268323,8.441322289946124,9.226166410462545,10.002796317065991
1.3891321492796658,-0.23533744149542304,-2.414326143885102,0.20064969123420773,0.008970323962338269,-3.5409493963654954,-2.022362871987053,0.046368410804705044,0.03764452158252816,-0.538962964930084,-1.6374423222412904,0.48734794386384117,-2.2034498545834396,4.429459625495324,-1.9003014296725231,2.749765105183102,9.660676454865849,-1.1310260056886683,1.5503446724998273,1.1625404928290395,8.659332618580455,1.9827287299980425,-0.44329543145477013,4.847148111754863,2.4965647376799005,3.4977231975883525,8.039553633766443,3.550299428418663,3.882913171684771,7.407052375993147,6.963098008651669,7.617824739571607,8.068042553154562,8.749030151246892
0.6591509350490343,-3.8495829408491713,-1.44489514753744,0.1306613685790066,-0.10635529699031597,-1.360180698906711,-0.22468114889984872,-0.5394606985799111,2.0434874229960753,0.3175736568775143,3.4637169275037865,4.526921826311672,0.30206364416630443,-2.599857093596724,-0.351355647279835,-1.4170017878316479,1.0272200224461978,-0.1716311440522954,0.554715000131813,0.5050034228324303,3.0146764178193175,3.9537253911485526,2.373880024562169,1.8331655456304368,2.7848263639546698,2.9460399769987307,4.74769496081941,6.302887186461153,4.023621664344544,5.428814698025037,6.205712790247167,7.025631821550879,6.724975677426811,7.5770721224891355
0.2079706715836476,-2.204124351314554,0.5644255252291275,-0.21069809301181622,-0.5338838318701178,-2.018253927970025,-1.2413723242966184,0.12490542025109387,0.6520496325713102,4.268297152717371,0.3651904957986029,3.7937023801481766,-0.1420846502164979,3.709304516386894,0.031734184039326804,-0.22282774040589595,-0.9600927286631077,-0.39717394130476713,-0.006490258081437335,1.1127045176341652,1.0652479212310515,1.9550560747497985,2.9007371231032053,5.7161809647190625,0.1738692454060397,2.735478091395317,1.7492119880646622,2.6106459336087786,3.4960606241077734,4.937558477606049,5.142301589914514,4.957327767492791,5.406923454370929,6.204777212173841
-2.5437000819890905,-0.20822810724773108,0.6848122314288085,-0.19504089962177862,0.865681988550308,-0.5374250147116729,-0.7392335324698954,-2.134048775146023,-6.95044804584781,1.7854170473979318,4.388331159862065,1.3189765524804522,1.9395672027669362,0.27261707233102944,-1.8932462458839086,-0.03374116489587484,-0.3927371251942354,-0.33055447572469604,-0.38167079083663724,-0.4637779464476637,0.1455962800253246,2.559324788698636,3.361364623010228,3.735620405215556,2.108511856430521,1.8347327882152198,3.44399006539936,1.9684378544327705,2.5851653612303367,2.8156859373487912,3.4319131991765257,4.601520430324063,5.905994184361009,7.350991927329641
-1.3099553548698857,-0.01314443482527735,0.4350951806814452,-0.05845392224955623,0.765992220356461,-2.8139993506797447,0.4485409282412193,-0.8384564060620506,-0.273149961496575,0.38594486407314715,0.8511617189555251,2.287762184604633,-1.1105852666117402,4.849981774884047,0.19158938153714128,-2.280750882658613,-0.46149783562767877,-2.4735111894472688,-0.6834353421188853,-2.2170751686051773,-0.4471124313372931,-0.728950792900136,2.3977229771457345,1.3093696925561544,1.4526978810308653,2.2722302059574826,0.025872210183207178,1.7839061168857386,2.019803453877435,2.136864479421318,3.095806899658186,2.7156221563466323,4.567083841607254,3.7227040750148683
0.004914393097882576,0.9559209396283833,0.1723087468062535,0.41507292726627315,1.0901812218066471,0.4550528029860528,-1.6596121663544334,-0.443290233058325,-3.2608283398766646,-0.6343361262049115,-0.6868275812053054,0.817667357791013,1.1089826048934541,-0.17648943913559714,-1.045645153322157,-2.849323844409343,-2.4516206179809434,-2.2142035307484846,-1.894284583135562,-2.1992301563829124,-1.703802263542146,-1.4873027178304938,-0.1893006508347697,0.4318020461889591,2.2463927822231864,2.588784237415696,1.8994929746037599,1.577517039348599,2.6036655427132946,1.5975366416467705,1.9075065193664509,1.9463770645526186,3.468109785314789,4.552948261939387
-0.3223789614246586,0.5257069260225848,-0.0863639054643239,0.7878289098857125,-0.3175335280883634,-1.9009496301000708,-2.8221765517771478,-7.00455373416583,-5.601734691807269,-3.1475003368780596,-1.1583937673044677,-0.896908441290385,0.1660762419533919,-1.2225802451953816,-2.8750139798063956,-0.9564673124142816,-4.373304838182609,-3.6174395801520247,-2.479819095755111,-2.1446981748274387,-1.8937597321900017,-1.5152600494134536,-1.247205530077484,-1.2749752636091711,-0.1756779026078708,1.6975434177037945,1.586505101387692,1.1461673073354928,2.0561243070864395,1.7345325799196736,1.4730612927838846,1.9981297138683949,2.5071131122485655,4.42624536646848
-0.1769803823710543,0.9086633566285043,0.37915054364611395,1.6067191703185106,2.7469883444336496,1.0030823253504453,-5.52626950155635,-2.549159450006368,-5.103160860865028,-7.766835639685811,-0.8625894451731847,-4.96096968100838,-0.5043042282639367,-1.4183768892223443,-3.3242707791607295,-3.4314902076956817,-5.254475601178268,-4.772387280146191,-2.7318439474574374,-3.122841484055207,-2.4116106714698535,-2.5020477416088567,-2.8560287412651375,-1.7368490746897047,0.1829397563002296,-0.28655432894984273,0.32482998929127654,1.0163738323333344,1.3762480266764485,0.3267813675247503,0.17905120413584039,2.3652263837489875,2.7356393882590084,4.590426704858915
0.1342419894983366,1.111993118005846,0.3219206108461083,1.0730416024135523,1.7796773003158066,1.440743916574402,-2.103031372979474,-11.13381732940985,-7.947541905581855,-4.8445278904457165,-0.41071948385212603,-0.13613371509140168,-2.0285690111351826,-1.4559218560027096,-3.713225282390656,-2.4424023599996842,-2.0880175333907403,-5.036969767669062,-4.509588508539357,-4.711890500664552,-2.698959353136415,-4.911136822212701,-3.8592089295082674,-1.6540004758552929,-1.003119443619335,-0.4640184807274751,0.13114176032465308,0.8998779605211581,1.718480572054359,0.3600631823404658,0.8048675811935763,1.2932972459113299,2.7618846677398654,3.8831109184790353
