script/wind10m.json
{"header": {"parameterCategory": 2, "parameterNumber": 3, "lo1": 3.000054539987559, "la1": 64.9999836372058, "dx": 0.5, "dy": 0.25, "nx": 34, "ny": 52, "refTime": "2025-01-23T06:00:00.000Z"}, "data":
[rows 25 to 49 of 52, columns 0 to 33 of 34]
3.8656434562668087,2.5262449667225235,-1.0939280664499913,-0.6205795404175052,-2.8299015928116025,-3.24120688274838,-1.2674342123633617,-2.6433493085044693,-2.961201577516582,-2.6576422414172587,-2.940714278786037,-2.697893678111217,-3.4423089767559825,-9.854770753410524,-9.58380725464782,-5.8798783715719525,-2.398984200076454,-0.14026521521088378,0.08673354195549247,0.1810438459401282,0.9919626777612103,2.64283410942122,2.0944695215149967,1.8294350190329045,1.3841305563582187,1.3670142770217653,1.5121960094225904,1.263196946081284,2.4627288276691295,4.283857543969939,5.629889327445323,6.129568859894447,6.9098826938465265,7.884804958010713
2.7923363947909623,1.0302120206608638,-0.9513112011211472,-2.494751014454779,-4.03312943945864,-5.55061712035113,-1.7322428281409559,-1.2512328459816737,-1.6733946015289385,-2.261571980120181,-2.498047897691098,-2.6136542782606327,-8.648149070306943,-3.69858869828241,-0.638090346380494,-0.06117052719309169,-0.7139080519302906,-0.1695121533622543,-0.24298478031772514,0.019255743073668105,0.48994080979629423,0.3414444383625037,1.2269499077668629,2.7594820871726276,1.657085621496733,1.1095709991537344,1.2656910172788685,2.0642009365921385,5.545141263340621,6.008463824749022,6.128373108267806,6.307105200749523,7.770993445131524,8.175226369620239
1.473961923069013,0.07693016745577819,-1.9274074224594508,-3.057657642733918,-4.048413597401001,-5.258220577505614,-3.6501416826905198,-2.6380282551695644,-1.9274046872165924,-2.1720461430547924,-2.426964195014488,-8.491732304100534,-2.855818982595493,-1.2837605933380067,-0.10878100807657108,0.18769202007109348,-0.7503486013530144,-0.3559732607736337,-0.1865128125776855,-0.20101142701372016,1.1614223837266089,1.4732278120467615,0.7721918979822842,2.2551356840474135,1.7501811857855878,2.0910089978842485,1.7161281076231079,2.262081835333486,5.768428532595409,6.861542763169108,6.672382081214854,6.424347479276489,7.992384687185948,8.850630056002066
0.5569294611363164,-0.49650218923782885,-2.075954488100578,-3.4248397314081496,-4.069334491914352,-4.45827249316274,-4.668861498392554,-3.774499655831256,-3.055359175235243,-3.2360142576727253,-9.081682643960464,-3.9702045713282477,-2.5276036031623867,-0.900459642005709,0.3683092802545448,0.7410088796564316,-0.4973649401212682,-1.1086437365150688,-0.08872983592916908,0.8638469173926718,1.1310293459117586,2.2482426363110632,1.2042468060205267,1.2484187488309813,1.508965379813854,1.1385147274687841,1.2861055723212993,2.0009385290451203,8.657809661111937,8.494195734684054,7.596568441907357,7.140739175853935,8.211643439608098,9.16989243113646
-0.21181529724533177,-1.8460488387476224,-2.7742323074595823,-3.9260071868622224,-4.435992882824658,-5.273055918947928,-6.173105024758821,-6.283208474113855,-6.6766845216929145,-3.5810289031752065,-3.921497458467399,-1.0069929300331164,0.6042586281257009,1.514799494041005,1.1563972082208624,1.4156037269298076,1.15599543430052,-0.17608810030890037,0.621694656589641,1.428296493743557,2.3434092803846776,1.9682031259508672,1.6617249705227979,1.7807393176679225,1.2361931932295342,1.5468768588574,1.7807349218747173,2.255202939823781,9.61410043030983,9.44664355885352,7.251622605778452,3.1084601045468765,8.535510071638639,9.075834333374834
-1.8046995374649566,-2.7821124893434006,-3.5930993228216734,-4.6661824137202315,-5.609511034581527,-6.102749866752338,-4.631764687014988,-0.8679765404491618,-1.589704253556672,-0.6657453180795386,-0.5763919912775162,1.233019991943355,1.314604296360033,-0.28072713126329574,-0.2324995118609783,3.353306832442724,3.4817872993479977,2.0314731339211933,0.2298039327260007,0.6713809784657928,1.5807021781289547,1.8138756211437665,1.8600941101220165,1.5637524154183584,2.022453632220619,1.8695460500729013,1.7535197205941468,3.20691647421242,9.174744999208178,10.308757921631823,7.532719124623904,2.9224766759726353,9.547342863363745,9.14453374057114
-2.816944186188353,-3.5375182283336493,-4.51270623547925,-5.298338984169819,-6.923418624653723,-4.580335860338468,-2.5443298777183254,-0.4936521278723785,0.334746893952881,1.3776088479774813,1.683885666148682,1.252166079153812,0.2634062082594797,-0.31976163523603307,0.35767178891379914,3.2556852154388767,2.913035803312133,5.876558473443407,2.5627603110103534,1.6557367310849698,1.1700696942270477,1.3664309246736965,1.8733440605484943,2.0222524345354533,1.6698466336389464,2.448678434792577,1.5535557288256032,5.970417666832897,3.675322381421268,9.834323137022585,8.069734674143078,4.804367772870301,9.498412572314084,9.630636665675583
-4.095113842233263,-4.443855283026641,-5.304145536210969,-4.73415843561694,-4.392962746872928,-3.8154066561908078,-2.743508564828853,-0.8601525240125055,0.43381571844564343,1.2446845921995013,1.6818567024489146,-0.00254149777623366,-0.692064135655207,0.16745031376497374,0.4464699713967816,5.1381751363734045,6.744714188867819,7.530175967593578,5.974842999178735,0.7993891430433149,1.1818938691724084,1.598914693935946,2.385045978575263,2.0952456020533052,2.371003525939595,1.9798258428773183,2.3451684900748786,5.25050405190219,9.421137688767278,10.169797242594694,10.192701946611768,10.14078169224162,9.981031294912068,9.753567452096705
-5.149903844578631,-4.938035563993971,-4.726651688599777,-5.1755746611964994,-5.197347820562093,-4.31325690128841,-2.736031492557964,-1.5065789783831671,0.5313449449971567,1.172507477398903,1.9010722857936548,0.2043226478902524,0.2254300574449707,0.3106489433141453,0.492920750036188,6.263266912231631,7.91439467394362,7.304294067902779,6.124998901528071,4.191398291678993,1.8520062108468676,2.413658068337987,2.41712304082788,2.9914788900150673,2.244473210596104,1.5163044580023461,1.735890923195505,4.903430013915395,9.55764032422824,10.184036017276389,10.32584530397147,10.219538249580499,10.03300655561617,9.61975832983619
-5.131143477365548,-4.165646045669041,-5.110670331528948,-4.5711561212000404,-4.7410702705886925,-3.9565203397121445,-2.904292244455323,-2.0743524677895855,0.6325250369076528,1.3607382774431993,1.8543658511781116,0.5115397751883627,0.5457716671934716,0.5499983215786461,1.010919907830022,3.1224647146558495,7.036727590431046,7.87672807844448,8.48082388913345,3.5703764439908103,3.047798951046709,2.2825875342469812,2.608619066190192,2.9661517212640334,2.589882029554117,1.131659815453192,2.586791044840322,4.852914170310809,9.643947042494105,10.151221696794073,10.194943449957368,9.954884676086063,10.002120751841979,9.963034378715932
-4.719883584708685,-4.445781775576602,-4.993309178476384,-4.527449839259002,-3.6422690458623386,-3.6061742563761094,-3.465072469350384,-3.5238171937255145,0.25294453470219985,1.980488421729709,2.123902582314989,1.2833761153597147,1.73153265890024,0.8654719929803754,2.0612512085092907,4.3193418036656634,6.941220324544553,7.492252618793187,6.375881022676267,4.133163746091247,1.9296064227947156,1.957073018191971,2.7388141131346515,2.4264664103360754,2.5591766162999012,2.238270135870628,4.142208037274649,10.369479115806218,10.667371114397342,10.632891080588742,10.400049940569971,10.271132245761738,9.598236875822742,9.685320430172663
-2.8465554419310575,-4.278027500634405,-4.764339152575239,-3.8589071563861013,-4.174630774294187,-3.010328021225081,-4.086798221863539,-4.681001521100037,-0.26990960161864885,3.393101745540655,3.036091541633703,1.4142201009414943,1.5581528027062475,1.750854242048108,2.743005016649578,5.853579833342943,7.4595277050682185,6.034308977637852,3.711005371314477,4.501496530732156,4.322297866796451,2.7566972911309136,2.37360844299086,5.886084126812489,9.796099471032955,10.444662771507327,10.3396093855416,10.101987281837477,10.196409390710128,10.847497329400428,10.89850331562869,10.190680687848763,9.615224457911868,8.88929834091854
-3.4038235817785787,-4.1528140492264605,-4.67903972541239,-3.1989425799515208,-4.009691360385553,-3.3103519823008747,-3.945464435162503,-4.007143686578898,-3.39262969485848,2.7722915754907382,3.4845179503375467,2.4666388052762414,2.1468735992833263,1.434363074942472,3.9678174102720924,6.020875700785161,5.58767854558694,3.818504651035583,4.102156983508795,4.34017663502153,4.147496150306917,4.784882722079035,2.574349377477038,8.477034092936792,11.385691297596432,11.421632528920544,11.034955457564848,10.276721781682632,9.629178853749494,10.365997193366663,10.70529173642001,10.40449126240128,9.351759621685435,8.565001861090003
-3.607737876798077,-3.385857078357628,-3.6192399993295505,-3.704548832012637,-3.275499522760883,-3.4091151362711978,-3.5981589643670984,-3.684744549608449,-2.943402783184995,0.7084575423567413,4.774405812029106,3.1604526142507674,2.3219223221079237,1.9390537145714155,3.0795801307881363,5.074652651758206,8.837832912869375,3.561633367364095,3.2415600127676085,8.27816640265626,4.929160810963346,5.464644999143608,6.8911279493996425,11.155392515793723,12.95285461025423,12.019432370123223,11.024852693319064,9.496946703713487,8.920480898378074,9.261379435392797,10.107082113156373,10.428369160165891,9.498518619214254,8.171926393842819
-3.4636434211897265,-3.3048178197988434,-3.5418804836966897,-3.4265747769390136,-3.6947986047350376,-3.4980018099050945,-3.5135760055343424,-3.3176960175481325,-2.4897557313024925,-2.0141208558301447,4.1007881478498875,4.012499492228428,2.2434574596727423,2.50491683340959,3.749256317207823,4.002390725862755,8.792373972828706,4.783079025953489,4.209786906534488,9.56395774296114,9.558483630958115,10.813398920995834,10.837235817605954,13.699121407399517,11.081025452433947,11.143846895284094,10.68699959002449,10.119020794836876,9.077098931943366,8.195599478578142,9.925598544110395,10.26794466761751,9.584120741441563,7.872319090634015
-4.168669558517216,-3.7523201613003714,-3.598478117802221,-3.8859281633232907,-3.7790589187505876,-3.605977688931232,-3.1633195238482883,-3.524566451366625,-2.9425218003375413,-3.1274844444946788,3.795822206749835,5.201976152118187,2.195627466681768,2.504329717018916,3.71331601233945,4.6500282114919615,8.493669887540385,6.614851084129744,5.083755501026197,6.717935368997389,9.633583041234983,11.993853703820633,13.040119094092969,12.109442620135447,7.614511325326427,12.221042397419065,10.991726186070919,9.869748176363379,8.53778359357674,6.943377669023024,8.011063002061023,9.7782071873654,8.87698762388905,8.354751232817836
-3.681730112755629,-4.655657554950957,-3.9659801047497485,-4.081276606547021,-3.2362969709655776,-3.4203542407630625,-3.2028396015197003,-4.283929235130817,-3.88067992351179,-2.9063364865691965,3.0323549612965888,3.5582194908961866,1.647209583305292,2.3416361067988585,4.343164151651243,7.436878641958651,7.783574678875493,4.44304346493345,6.802714633308006,9.455872031671937,11.042059786514764,10.442761996281279,13.05255129624094,12.404112533346243,12.467248096955277,12.55463005694496,10.848708617805134,8.94032785651722,7.80868182558305,4.527833500328881,4.358075089603827,8.909382014555819,8.319484531869284,7.437334065779586
-3.4721578901901986,-4.3298946911009715,-3.9220057555070373,-4.838757001007501,-2.815996580721202,-2.859882585359075,-3.2902649560289117,-4.4855001520223095,-4.787541151268765,-1.9832337410980865,2.7024518516660887,4.666590367925205,2.479144193092262,2.1497878681475044,4.1532838854414775,5.9032321818526,5.361192685320385,7.929735208977242,8.987457049230747,8.67067207698046,9.813360375217151,5.397212050474143,12.531171121257893,12.136808001876268,11.994464538764726,11.437711225094409,10.044972870489064,4.772347087979815,3.850021061333101,4.357762443813905,3.9612841051393954,3.987405834583207,7.260862812310861,6.827129466641355
-3.7268066018565538,-3.725799175164781,-3.725595512185314,-4.306798007565292,-2.1728477603279064,-1.9875656803730182,-2.8779472186716304,-4.420767637040073,-2.2302110475074413,-1.107131440585387,1.278624588567639,4.763101434518961,2.4211160206279363,1.96715042821921,2.435337547221952,3.448843401727399,3.843563538407584,8.052664544292584,9.676049508675703,5.198021491859666,4.5768685405140666,9.329755982752753,11.85213621114111,11.321026518858865,10.436347451379444,9.260824610821135,6.144383974449192,4.691250767079784,3.1521967750732283,2.493063050252599,3.0006432553536038,3.774439612570236,3.590974254877132,3.9008860380496904
-3.469338445845326,-3.8230044700925596,-3.7654161295871447,-2.675033144497231,-1.5427187631173829,-1.5435678607673677,-2.794381649624858,-2.629768488858111,-2.2955399405045136,-0.9592085770994087,0.6589175578897649,4.641580596539977,1.8448797180348075,1.9816665660613284,2.3039064405556386,3.477839068286271,5.494394212341454,5.969904633712876,3.2315016405803734,3.749727423663443,4.144977521064419,6.36538385189623,7.577320016350183,8.008299782875781,4.482505638982713,6.1609091906673115,4.337876419447948,3.2545705944875616,4.202663224370777,2.281115866855796,1.5408848590738757,2.122139282000368,2.855777512979653,4.904633224514173
-2.156502489259318,-3.80707303349124,-3.516029732548403,-2.7437311334024432,-2.2790494650584074,-0.7642268798431601,-1.8224210332642017,-2.0564153400402008,-0.7411178095459252,0.8901185480441133,4.313209093789381,4.423332840770694,2.1295376583694177,1.7807967624207464,2.3561588608043738,4.185386775129659,5.159446269395618,4.981643236972281,6.1144505478529485,5.951900946707205,5.758342033893698,4.20899124958318,5.989242235065213,8.578851447534177,4.505640958066848,3.522263374886877,5.042041432252397,3.0734055675770855,2.2264657941714034,2.427836494869936,1.602306193821195,1.7477089551650324,2.7387882467025064,1.8439981552484175
-2.3155231631788533,-3.1494915434460973,-3.1644239334916278,-2.8625321995736854,-3.0447854937653,-1.6365209483635252,-0.7643077704567325,-0.26795989296620837,0.2866867649721182,1.0496665238106693,2.06011813267639,2.441243345095267,1.4210803711172304,1.2604875055607343,1.516451038086579,2.8440503550855754,3.7561291702147575,3.389708780783268,5.365072205433211,3.5435883090591025,5.203340951941709,6.403755812586168,4.153545740798972,3.795214891989928,5.3268948899840565,3.679152653662937,2.8544105973159217,2.1735407220393292,2.33724008581365,2.6002543880517943,2.2032201076817772,1.2533198051848038,2.829588651031024,2.357019244354948
-2.0107621519182994,-3.1521542968238263,-3.1408410727198737,-3.9667517547811806,-2.0967815791703837,-0.1108217098667566,0.07783443428528942,1.0142246563707191,0.8377263424429381,1.2187982805984585,1.072453982832683,2.4960472128122997,1.7872064082027148,1.270065438901912,1.8505307526452681,2.730778361189571,1.8206288685964873,2.8523254575033388,5.043124330028738,3.8144344173606637,3.7351043964325528,3.1870218816414235,4.718700554123503,2.425698503176125,4.442469717189689,2.554981592428255,1.680851884721535,1.9262743659871904,1.8804621283230172,1.9850123995916031,1.695403895008351,4.049837066514029,2.6306373576065414,2.2431585229979096
-2.0398170300564975,-3.3135103644115436,-2.4357521671343196,-3.682736396952682,0.49594204544305664,0.22993752196624084,0.43064579322912777,0.5634599451132124,1.0662071938273932,1.3813597038982763,1.8059783247026187,1.7962473321483976,0.721697042479532,0.7630472347378892,1.3542088283457658,1.9117225608134287,2.3275080058295794,2.7380273304136704,3.3756210052518787,4.01311301364329,3.6687367253962018,2.8529543709294285,5.561732389658724,3.1706447245792546,2.75618591540089,2.3630759675654383,1.634615662606935,0.7035186658751764,2.6712272494833065,2.879695582099615,2.6804346353727415,2.8489843801478996,3.76933176176173,2.1195695749938874
-1.2892024145610026,-1.972206139600846,-3.0457036492390026,-4.326893284127981,0.17690958320375116,1.745673930096992,0.7030980720282283,0.37402669556376,0.9560415028033442,1.3303971251680813,1.584093836622789,1.456123425269242,0.3669795845346831,0.21019086623567612,1.7301468075198754,2.876642388685012,1.809316159614512,4.823377914090499,5.811954034476868,5.033992008964517,5.18535000460348,3.5453860423514376,3.113390448146468,2.782247874713554,3.326882703713848,1.425708693040426,2.0199189674784073,2.107684685615799,2.4244858609528195,4.151334957255392,3.456405267352961,4.776463609779228,2.169422656840807,3.059520862586543
