script/wind150m.json
{"header": {"parameterCategory": 2, "parameterNumber": 3, "lo1": 3.000054539987559, "la1": 64.9999836372058, "dx": 0.5, "dy": 0.25, "nx": 34, "ny": 52, "refTime": "2025-11-30T14:00:00.000Z"}, "data":
[rows 25 to 49 of 52, columns 0 to 33 of 34]
-12.120639562998317,-12.660438191055723,-9.661621820026435,-5.525100268535402,-4.409339506921549,-3.8723278138349913,-0.46404954080275324,-4.323740484284806,-2.611322812912492,-2.2857597686949065,0.4983210052257258,-2.1538870788701905,-3.5209652448625044,10.505628413381201,10.912769881995441,10.867349323386318,12.32098070065111,7.1457803069738315,7.694049861460905,7.744511439899626,10.41949564110438,9.305461604386208,7.626456410325383,7.560924503720377,7.354925525368655,6.682676766005333,7.7015366673027446,7.8134558009141815,11.26882361833189,12.757921738031357,14.393930813848435,13.138199736282642,13.129221323181483,14.18985449447138
-14.169009534031806,-13.82919276396657,-11.11544919840443,-6.0558620411486155,-6.495188929035815,-5.528181985080058,-4.714788783678167,-3.540196871347029,-3.0193705839751193,-1.5342487291356295,-1.8168571759483203,4.404496596061949,11.027490883707447,10.172734063184706,10.299982751230043,12.166365577690874,13.223805053916992,7.806563399205422,6.712947877627884,8.905906991037893,7.911886063096819,8.310045677980469,8.283426755048298,8.120267526593397,7.8588463048239054,7.776209786658068,8.301927587618673,8.832865253824007,14.294124645413534,14.834036925550368,15.344081306189285,12.8362403411348,13.191116575957349,14.266819636353741
-15.683652213499773,-15.102283975344896,-13.162140196085883,-10.323644489224606,-9.735653224242027,-4.231712863241062,-5.0775834455760025,-4.285317525694918,4.1681374480917155,8.584090049134199,8.256480696774275,11.90621536775404,12.403892702605667,10.847612142293304,9.363127263761399,12.351343814607615,14.092065841777654,9.71885151848329,8.103514359070848,7.664929035815532,8.433082857936144,7.435553267479074,7.268524322281288,9.049208140284406,8.081464622680619,8.550204587466439,8.25433250858028,9.231535366453956,14.94686678861085,15.155132215841746,15.579715246587016,12.477933078755802,13.408361648299266,14.894465321021567
-17.0088243116533,-16.042960639141153,-12.448336829744836,-14.378867629062736,-8.027680822213036,-2.4789823567116964,4.263712642656039,10.250068595965065,8.125470209070484,9.825882626204548,14.959377642534989,14.17841966768849,14.668377720522722,12.432913617557796,11.044089846117595,11.479191685082933,12.552139612264043,13.269721027330464,9.258558584695393,8.410307847161047,8.563579022057134,7.543607502502003,7.267206556175834,6.317957625123884,7.658990526534279,7.330562406743912,7.934881944504653,8.760356129346123,14.388171820809765,15.543570085197754,15.553667905508478,11.326657799367897,13.389399516237168,15.12366274574037
-17.582692568931392,-16.807548870306153,-15.901439229262836,-14.43702850296329,-11.330688847236237,-2.2483725929746248,2.798614831043267,10.918086895371195,13.821271444622862,13.666895258451673,17.76798706789498,17.78206177037674,16.36541951820127,14.282861714326172,11.015203971764612,12.363829401513229,13.290699251498982,14.305726748605,10.237185153908072,8.676304545184905,8.868124436370218,8.82545215920379,7.450750508141833,7.534853104725461,7.664188855796469,7.336230652720037,7.526261944004015,8.637438470936107,13.961203449720523,15.659050912874509,14.88622225831754,10.357087344378154,14.707314274244286,14.547845993659458
-17.68849576908512,-18.10472401934533,-18.279240601672313,-14.135728921199844,-12.323203032919436,-7.559946182750617,0.3334661536344303,12.397300830160455,16.21000284840518,17.620046034010578,19.07134298935226,18.296527183951575,17.74873901531566,14.861238120121477,12.010181211411728,14.230899188411728,12.198006654089673,13.847238086218532,10.898849545987815,7.801597980882876,7.439124109215817,7.201987889396484,7.528885256948617,7.4163055383599055,7.450809457856499,7.119499010727894,7.726103459699969,8.424471133901404,12.333550123698863,15.024260337486842,14.45286867599576,9.626878251598576,14.757922091833166,14.588737423524373
-17.066297702898098,-17.21484868850221,-18.609303884721932,-13.357836456871993,-11.799608934137416,-7.913439838475074,-0.41139707367630046,13.614567745744633,17.452131048886464,19.453066649586635,19.397474721138583,15.939232661215904,17.162369101412438,13.83239694590624,12.81632262207002,15.68044606918502,11.806727315760902,14.094823810730775,14.175659003896106,9.171494942488316,7.544158106323399,6.426705214082945,7.029952647739942,7.046461826901444,7.974711388111682,7.484786238440152,7.2095193287502966,10.433736908137025,11.381847797759876,14.667293183538588,14.18614384255586,11.132954639662968,14.057518410637513,14.130940783906398
-16.06566247269618,-17.01095923926838,-16.934050811459198,-12.798362584172255,-10.78805855958683,-6.245976583633872,1.0953832364608334,9.004966940720267,14.766051865840025,19.354836305763016,19.709641233437743,16.259798774316508,17.50788135511747,15.002760591875454,12.851527116661064,14.639767884560202,15.113252484952959,14.309790211314235,13.527388007149801,10.29288897573858,7.419783258244078,6.8352221060021865,7.11063989869379,6.938495904375857,7.853474872668544,7.338427368563895,7.421559282444237,11.739232392648882,13.854527146726708,13.844602618775156,14.369083406284014,13.51642375522761,13.11161369735706,13.560641807819376
-14.663543661061912,-16.44688393609507,-15.922585502520645,-13.09308868733999,-8.41070064340349,-3.051802634703163,0.7876302202679045,8.977456040215664,12.537523578270797,16.00291304195038,19.574729038795855,16.99946333075939,15.100349375104907,14.961273353579058,13.087548129275344,13.639204520184515,15.218920881336421,12.731452670886808,13.372349799607111,12.370495233815145,8.24588273611245,7.0056003415714105,6.781418595048722,6.932695205095651,7.62228006427385,7.128050990094787,7.1954462637016645,10.114173768213044,13.323309911037013,13.596762851701675,14.018834870163008,13.780603187730646,13.447545589825571,12.59696590925232
-13.973070075526797,-14.924890680207897,-14.74640989075553,-12.792730156301012,-8.34357424365073,-2.5813472984963073,3.6225831414863108,8.917720397828367,11.654439023177419,13.164362116807407,17.693996880815384,15.123970421819692,14.5562989100502,15.626329617204538,12.723258879027394,12.733857403929713,15.948176185136967,13.677639531817785,11.969241162360618,11.027744114298153,6.957374826464035,6.12588844774871,6.63324469859049,6.679089228622529,7.457548359035028,8.20376718738214,7.6323810375756285,10.357877983055111,13.272722143021666,12.919512752034443,13.227166000282427,13.609515331490478,13.457627187592871,11.938161778213608
-12.819481699654663,-14.353280784241264,-13.926698164741563,-12.1269337594813,-8.73022841227449,-2.1682971746753514,1.5589792215359102,8.18297637182175,9.677543520902756,8.198383457132426,16.495660525925153,17.2786544732848,16.074279181741502,15.255221138779387,12.835824736548695,14.18746213133081,14.704972209136573,12.894194974180008,11.944316662475723,9.309580613182195,8.584416263469562,6.483342000188027,5.789842402824099,6.623796512951995,7.662817750570527,7.866236800395781,10.37352101993309,13.024546983410877,13.138988630686319,12.813465296524036,12.49360854683042,13.165834701182098,13.030562027274238,11.22997964926749
-11.245442313551239,-13.249178611662309,-13.086999475709222,-11.724427958281542,-7.9122130836633655,-3.022591324548655,0.8152499385674131,7.179615175518868,6.132189704767794,7.898407545032621,14.753207023672037,15.147949625119628,15.719333186869875,14.620561063384988,13.50019088759808,15.362666035380325,13.986353743887786,11.662462856290919,9.87120340747885,8.840174225300377,8.518831200462573,6.985856216117142,6.122152993177917,9.6946761846296,11.48746593061614,12.810197013415776,12.958955749069501,13.36185180349706,13.150989935263468,12.391386934752013,11.84140159947907,12.878703541968575,12.505790543205366,11.009257574785325
-10.710457491296541,-12.087002624924041,-13.435268957589964,-10.091589938934055,-8.005485238749197,-5.251049176867512,-1.7106313357978893,5.150567267496548,5.206324738258114,10.188271613429016,14.572064632706049,15.772936610410493,16.451412081977367,13.300627819836864,13.497695579722492,13.408270362272502,12.065751743351514,9.863057290285479,9.507163704846365,7.7088539326345025,10.664540424970282,7.223709415136,5.331317809991829,9.821910827689626,11.484974240253361,12.945419608144048,13.405862132259884,13.081839002368609,12.796339639145172,12.267661110287394,10.685478399078555,12.22680804770534,11.988952484539743,10.848328073469137
-10.599941699344434,-11.209896652144801,-11.699216733960062,-10.863505743486183,-7.914740672601706,-5.655391088719426,-0.02742338687432964,2.0182166640331225,6.155083179514746,11.218785577741977,15.219324586279278,16.296608593663425,16.44192578109666,13.364423110425413,12.74725416157268,11.276705514428402,11.04653603152028,9.130794523265612,8.854681379869751,8.77697847560085,8.611378829314134,7.222131792962077,6.863783926450359,10.195630962981582,10.866200017996011,12.861131466052212,13.797602644529588,13.406254418742275,13.00178171942928,12.056432735237307,9.798737892178234,11.309605604153449,11.395741457470935,9.92847361795706
-9.789145224325889,-10.495494163250527,-10.36550791788938,-10.827522220753174,-8.697603598979429,-6.169761322190691,-1.4446556021101515,1.4323442387816714,8.641653126711592,10.750882591399247,19.027992075479098,18.696102331585607,14.426886641783932,12.104472033471326,11.72828839381715,11.075330707864918,11.611645146451561,10.09172227810203,9.190753748670007,9.556119948223856,8.714751561815376,9.200464213514689,9.043007422359107,11.374473721243927,10.93835129795979,12.701487709487374,13.970961092879,13.31118519321303,13.153191919150622,11.670339667099839,9.124431482819391,10.441248729642407,11.330023901008316,9.584056589760634
-9.933740949117443,-10.415244813804001,-9.674102783655732,-11.109004785232518,-9.816623078306533,-5.442589809086706,-3.546412956844548,2.7586486731537803,9.211465306160235,10.017262247119934,16.943255436467926,17.091837023795883,13.993460879360036,12.290173636545038,11.336610947257,9.359601599334125,12.048302313206273,10.619554607732947,8.182495670128569,9.927797722238017,9.690702479061029,9.202209324514019,9.304545384935807,11.468791572875494,11.356302125283653,12.726713770275413,13.662145653329627,12.87165461310777,12.233261445553278,12.846152244891252,8.289921658137688,10.387438030117735,11.568899558617508,9.354716943277253
-9.10532990843014,-8.965632666494827,-9.12890507295294,-11.21385211196005,-9.09031584000161,-5.084744672502494,-0.2461041736488307,4.101109907348109,8.151508089850713,11.226891200000106,16.471399781621958,15.498499604899711,12.489614385741355,11.919543107333732,9.902765087941967,9.987204119266256,11.156495667022309,9.057548859564173,8.288112700772622,10.55691715235241,10.348636713938069,9.319822086991621,10.121621709478212,10.928414774748028,11.918408348089734,12.295214320522508,13.174566593172162,11.394932990404488,10.735548534255196,9.973755323991965,9.25263493197646,9.471195548184976,11.533724505765173,8.589083089147476
-9.068056303466053,-8.341447343132549,-8.322785870107802,-9.36592804919426,-8.239384747022731,-3.3903684493251967,1.1505436017463264,4.214144842217702,6.740193053342318,13.703897666605114,15.6258559944408,15.12815302567181,11.724598151370522,10.812443422545492,9.49072975065565,9.328181080117666,9.645737344282526,9.249247201120344,9.57176723446311,9.204982350764686,9.721602216833821,7.481485363446259,9.100658571083168,11.507004967305953,11.194012029439104,11.83241419968144,12.360239076861731,10.291454894175578,8.903879679751144,10.111519370061862,9.158711985556506,7.1309162610333825,9.982813539642384,6.760381744300629
-7.56151846883517,-7.739917987459813,-7.524676271519217,-8.85330678547268,-7.3750197835379385,-2.586154343775565,-0.4050869545861023,2.646857629948021,7.43902352407933,13.50768247453507,14.428995561591297,13.361844662202648,11.635490472637201,9.156336065661675,8.38100147560609,8.536583293418728,8.090041095264885,7.482751442848379,8.51371221703604,8.306439999532628,7.649434681177049,7.832373101201543,9.278671791686842,11.95918029513951,10.211286734728127,10.39420069769097,9.37296897306939,8.867051492339039,8.2875961198542,7.267959441189915,7.717417613254616,6.658427179255005,7.669662972660462,7.407478805893887
-6.421230026169652,-4.3908050419912685,-5.604481224871392,-7.464651521922095,-7.450246535779767,-3.4807746102132087,0.35598468648436166,7.4207571572812405,11.428670964879867,13.342673902197683,13.195050828693699,11.692613601699163,10.055367682846672,8.343187706190024,7.791224685978535,8.391362087922042,6.721571854228419,7.666630169082648,7.82942452250238,9.50217121349156,7.9935202327179065,6.289688975892253,7.650877305158316,9.88103495592842,7.066301191849461,8.143582799295254,7.488129146853362,8.643497849230148,7.4611075849181505,6.021612123111176,5.136679477693528,5.72785346652951,6.948105486416928,8.484167067018758
-5.4343365562444035,-6.087290214956954,-6.931537216697705,-6.620650315987899,-7.528495332641876,-2.5159436989721784,5.847359343482089,8.809219862144356,11.919308026461456,10.902914397749232,8.930299326165619,10.196047115426014,8.447874471705568,7.837489407122111,7.233082860719768,6.669697981509013,6.0970589503765895,7.2855339267753445,7.871777590355333,8.196610664751475,6.913021884281994,5.96261392764608,7.448600268985842,8.77063099552712,7.543995685276145,6.750897715911069,9.01876097675425,7.877712702568331,6.1190803265895815,6.769436006370536,5.03017112307914,5.102455464274651,6.14147322027783,5.343058881912486
-6.378973230787362,-6.973505629625938,-6.905854149178536,-5.2921393354429105,-4.129300623214633,5.565904990886009,7.807933791072605,9.599455497106355,9.399480946368946,8.023409162182846,7.469389136248315,8.297074324905346,7.469017515647361,7.712679300707385,5.863729232621967,5.867640496684369,5.95878977924167,6.968412725484848,7.381114939070992,8.014394330448262,5.9823101193815695,6.355310387923228,6.16100198800866,6.723941763905985,7.127405457840378,7.0492255571515186,6.731816394363173,6.162248072952579,6.533336616866583,6.339188859841109,5.199770572458457,4.3666001754750665,6.273102123767581,6.523436297351739
-5.2113672560763895,-7.524203031873123,-4.702193336592248,-1.192547484071795,1.0829881841953042,3.5955348201775137,5.371143143359553,6.860841127461302,6.9217006966682275,6.672955672260871,6.646216375831015,7.166638021405466,7.925037828478523,6.652726556141555,5.415308773735022,4.7934731769451355,5.271219542497166,6.787571143778991,7.9785564202328905,7.661737188609934,5.529159450394828,5.189819859749236,5.530945732472743,5.223370377388837,5.7698164420682385,5.490236580790679,4.980584583161835,6.169978704254476,5.7617985519872645,5.954680369065485,4.138074598979685,6.38495543642635,5.473259817186869,6.026155954983765
-5.121645578517065,-3.377355145310619,-2.6971968225006937,-0.7463484174286196,1.2779488902911982,3.7304830233477357,6.106180855732118,5.531900066727297,5.413366840093043,5.179324896151891,6.354349629601826,6.871979713312706,7.210698334041101,6.053301993992192,5.081867633025537,4.9371164372636445,4.6488447688934,6.008242149630956,7.185819912589187,4.892723743582058,4.967264434552273,4.742841059235404,4.9508100169904035,5.169068821214472,5.620811468915336,6.046587896589208,4.990384539795742,4.7466862941229975,5.441116881245142,5.258450071906181,4.958069190809628,4.5339666467513515,5.28469019116659,4.527617070363529
-4.986349516083613,-4.0006332182638555,-2.571098271106079,0.13300441372663513,0.4601968331798765,4.2205972270644185,4.840973295541794,4.884502814921032,3.93429534208436,5.061877325528703,5.444167657604777,6.256030789414745,6.190833939182332,4.692061647149071,4.11798498266705,4.374588621699712,4.588305417722929,5.480118860362244,5.951549198420935,2.905236581805201,4.592670473486276,3.9813429374174625,3.8621428055632054,5.778738410878473,5.918419034028704,4.307288092188614,4.717063586237296,4.6369401695733465,4.757157562704629,4.778590561676591,5.139851243789358,5.268402534408522,4.016257096264412,4.441399646159674
