script/wind250m.json
{"header": {"parameterCategory": 2, "parameterNumber": 2, "lo1": 3.000054539987559, "la1": 64.9999836372058, "dx": 0.5, "dy": 0.25, "nx": 34, "ny": 52, "refTime": "2025-11-25T00:00:00.000Z"}, "data":
[rows 0 to 23 of 52, columns 0 to 33 of 34]
5.6975147744733965,6.145555391651173,6.524162240923591,6.82804098206792,7.371034319232919,7.442497934023849,7.765116406364652,7.727331103897969,4.7859115085254516,6.454686486478722,4.365525590089008,7.122388958392294,5.516238185890679,6.462616738775726,6.730921439513295,3.8400878548883064,3.3511138889385754,1.8250625813270576,0.8979462132654198,0.9920311640234494,1.191737285448398,1.771510132912965,3.4978024759419934,2.3167700374328595,1.7514305688799143,2.342386749758511,2.0526565534958072,3.4509424511548032,4.239573909929694,5.900807160668507,3.3238064673621754,5.156820426242358,5.177765669924878,5.634653574014227
4.401367419294376,4.71992120529022,4.9833616911585645,5.267351907902944,5.43934178896664,5.743099026289392,6.170519869441311,6.347841888568559,4.200074490174102,5.973316552944336,6.109532178980103,4.834136220867609,6.67195274005295,5.577398940755267,4.294547479791315,1.853478709021898,0.7476850802367977,0.7626475092254986,1.2418616551095947,0.5849985054935729,1.209697299883091,2.088322851603386,2.10940098097102,0.9888300210857548,1.4888541525028782,3.2885489469717593,2.83633980663788,3.5416922741170067,3.134529070089171,4.575324519455071,4.496452790200733,4.5594975565238895,5.198055145897804,4.9556708087407895
3.1334606105991365,2.985169551379291,3.170333249045254,3.360964433333879,3.344975802045183,3.3631631981023955,4.104324169738915,5.035960335060117,4.2948855906476435,4.317716580968033,3.8613387371266774,5.301578704400149,4.3177928612575185,3.6204084572800443,1.9087866120251447,1.7556496059846571,1.1246368678336547,0.21426213224965399,-0.7907367350141735,0.283730719635854,2.559494161283864,2.2991234197014894,3.9681960038192345,1.1633944627181116,2.383319410363786,2.272178169018285,3.408708500480573,2.757313764863685,4.250032353260143,4.1701771418136495,3.8043845223376116,4.446793883487037,5.1233771689813965,5.290367106357977
1.588304888300552,1.3687053485009204,2.0853946651456177,1.3984891213499204,0.4371519809285339,2.3539761357077764,0.9778374529649784,2.5943580448701105,3.4908846450278608,4.295919115179619,4.03609934027606,3.1322407357003232,2.0661045590489295,1.49385915730099,1.1536410371913133,0.6012560152064909,1.2319650706209202,1.778589324645822,1.3499112708362857,1.1735133115875227,2.542276170863871,3.334946338541276,1.3085234370387024,1.977146080190805,4.4502034337919785,4.292178375147611,3.2252229524345,4.345328513788519,4.081681061923954,4.335422459215916,4.278140885927159,4.168402640945367,3.696635659535083,4.1726963216482735
-0.9523864614744002,-0.14285242259078604,-0.6336755584228764,-0.10203021738574186,0.24742572485941547,0.9235803493468793,0.7214142497652644,2.2096598471956987,2.783485687200143,2.1632485585079286,1.5925129399694968,0.8912175869555808,0.31275217048737647,0.4601354761413463,0.9411710324736466,1.4303784934053774,1.077414148090304,-0.6220235206851129,0.661772739304204,1.5720587608914494,1.7501639900809993,1.4272561906039805,1.910820597350351,3.8014214274623463,1.168860845688047,2.172764653482295,2.8104399034438896,2.3949676525645027,3.255750010395111,3.60151605493309,3.478776173731389,3.344429877573646,2.5782065618792798,2.5736336632489043
-2.602341611189771,-1.1919437830754596,0.30799933765776866,-1.6319522681334722,-0.6699820112704525,1.435635981340593,1.2619483958794935,1.0213271418523733,0.47450198665540955,0.05837671494099063,-0.2290602340309858,-0.6698804517349667,0.7222848885191484,1.6424803559334802,2.1374603879533343,2.2220404026290974,0.483712027399373,0.9982268455402957,2.842328001587267,1.6904191657095933,1.515910331855912,3.399069881003385,2.28797508902609,2.783364144891214,3.0384881506680874,2.6396385038428813,2.2581015859651585,2.82415042407673,2.023581783576841,2.3307229860250853,1.7374010436175664,2.4071280447917465,1.9968025469132202,1.7726952512438687
-2.3410338827489943,-3.2716187660144356,-0.05010606872386473,-0.90583531293429,-0.08653138982851331,0.24999636116287904,-0.2759214914302019,-1.1577487242092612,-1.3406970735252368,-1.3420546654368646,-1.317826002074284,-1.6775152986792572,-0.03372775477701153,0.5611629392980125,1.1947238216684544,-0.34948638964743906,1.0286274343355275,2.5685712359788995,3.993851098514162,3.6219566362626874,2.6861877258492086,2.077184283829212,1.6622393566177613,2.051469762653414,2.2228582884024326,1.5512428713181214,1.2997504280898657,1.7016424367085736,1.2888264614818083,2.1348591837542386,1.5405284447787884,0.9620631693184655,0.562041571384211,1.4677501775445778
-2.902927652641196,-0.2215413781263625,-1.0904822661019018,-0.755693521695331,-0.9959161258625931,-1.6945813368482423,-2.311295193325739,-2.6912033926914654,-2.665460187930606,-3.110680870084704,-3.1697722973675946,0.03970362728262852,0.043856995856117076,-0.19502955739554245,0.7442336734735373,1.919625226940404,0.9854041577023476,3.558410357164736,3.445850534856732,4.026830458496348,3.941829293109259,2.46257007435579,0.17385507023402552,0.40954473422830134,1.1739658602681298,1.1189290925662323,1.1792789837056117,0.3547864475298476,1.228364398551811,0.8754861747223702,0.7789045256557084,2.1944436895237858,-0.4123601338168196,0.9920268267360076
-0.74775057621968,-1.206483667486116,-1.7136957264864552,-2.073587757181238,-2.7705663473336197,-3.1305398375037425,-3.8973690482545478,-3.7656849523015015,-4.390271321686885,-4.559740183242244,-1.0163930302956459,-2.7469728470816475,-0.7053505631182813,-0.0711339871293495,0.40587687434223596,1.3986206314855427,1.1175051454157023,3.53282118260067,2.054462239681774,4.254113254338511,4.194334075257494,2.4053487361090644,1.624896439335284,0.3502450061972395,0.6631705964367556,1.11048738777077,1.2510521343852077,1.4734243032861631,1.1895978212628153,2.445446011326211,0.8971230477439366,-0.17737045324523487,1.131013198020032,1.0118906679421658
-1.7295693003231578,-2.6148661280676904,-2.588914190989478,-3.213792162316252,-3.7874354099229697,-4.6060747939181015,-5.018546118376555,-6.338338725085191,-4.537585244684676,-3.5312001878746893,-1.2860519169920357,0.5519881690579708,-0.43114777304279295,1.2657776384269748,0.5973431877532979,1.7881254470775614,2.1387766301359066,1.9700703676406848,3.369482363953237,3.05289235832552,3.2429485375072717,1.7251379488443896,1.705893030933607,0.6846689145925074,0.5235149034515572,0.18762862148724666,1.0088782437239023,1.0738347082453468,1.4629598922095466,1.070664745502044,3.947607767832343,1.1693479042401047,0.5780865567922014,0.9557807054691362
-2.7449482908060867,-3.3641623314612032,-3.565141930101806,-4.574984675910478,-5.254034323991672,-6.223417374144134,-5.125659849786927,-4.0826035320962735,-6.193884570823883,0.46452228172910565,-1.932281081203407,0.5721302488748576,1.033764374806075,1.3610700757155771,1.4240857975564458,0.7707414166929533,1.4669634602950463,1.6357741972011124,2.055026335383363,0.9904747016995659,1.8906815217248003,1.0820403225954225,0.758817655534648,0.48767999014392993,0.060546533914099164,0.4154980538310947,0.630343258608435,0.28993936309131335,2.224052828067389,1.6018182077326992,0.487208976157863,1.3111363288006679,0.7842463840226149,0.596808693095737
-3.574246334064173,-3.839030790880278,-4.584957695686527,-5.810655345462825,-6.869030635487098,-7.419959047329949,-7.638118921385049,-1.4232088762637638,1.2716059954156351,-2.440657875448667,0.7534887185819039,-0.19274628491616294,-0.2791325847106497,0.6961054566273344,0.41922784755465586,0.46758661989639483,-0.2584055464084968,-0.05430122306712562,0.3765398013737308,1.022686347248653,0.2865830369240855,0.08466182820419323,0.7714415881052725,-0.11500158013102775,-0.3352562152102362,-0.010118439641883522,0.1419283852860836,0.798830755406652,2.087261491414523,1.7564738867927774,1.032531502985135,0.6887723755039203,0.578252927304549,0.6607651498374968
-4.004599097375273,-4.658993231801328,-5.9893613295797765,-6.8930354755752745,-9.28296528529158,-4.683897803135782,-1.0967828111265872,-3.661509472059002,-1.2402464439369019,-0.8929069046221156,-1.2472907919746627,-1.2491606584862929,1.4586425143180268,-0.9169112521628654,0.6367539682864298,0.4831461448771273,-0.010317428765272153,-0.07434771614390907,0.03148871207296062,-0.5170588975921225,-0.6218031698585901,0.9522385029193717,1.0089449951095575,-0.12024058729686207,-0.12594685472080577,-0.09224449709160538,-0.2302004380947003,-0.46131412378895426,0.8543386260120726,0.8399277490618599,1.0182143330419735,1.0154693587113428,0.9490388278882707,0.9072636277597758
-4.323755089023288,-5.454547594423473,-6.601303053490691,-7.78962612882842,-7.1552233517520305,-4.833075424883433,-4.672813602565702,-0.6475932372768493,0.2185659934287998,-3.373563464612857,-1.8257047252453151,-0.28904688703880754,0.7474306971416007,1.5561038352563346,-0.06385646148858498,1.7782798956851513,0.14084076072724808,-0.9115798831315609,-0.6831882280102797,-0.011201666837893792,-0.9010797326491162,-0.8395376408535238,-0.5501594292881059,0.3551729399007618,0.19566977890072343,0.24063187785796028,0.07277928132539112,-0.029738741397577175,0.08361815288135561,0.4826145098571936,0.3436349933737163,0.6848464475522803,0.9462206393975879,1.0063399548396812
-4.542931302881255,-5.615400643337106,-7.036148272932264,-6.405187309160541,-3.438787064935675,-5.6310061599716645,-4.6577150292878216,-0.7552838832556668,-1.0408563233321206,-1.5699255205781348,0.3524972560607674,-1.5507146661487554,-0.49275196749061234,0.018352112978430864,-0.14204899789307687,-1.3254587070315784,0.6031964185910439,-0.32463845181488626,-0.49375331469632505,0.31340484700730664,0.6682064315519142,-1.213346371342458,0.4174359117385332,0.11641151552691753,-0.392898140532197,-0.8481708471199102,-1.6511737915667104,-0.666202078836357,-0.256793694421273,-0.233685527416124,-0.5964953847314594,-0.207260580505581,0.30907362100597213,0.9505719816801897
-5.475169226690432,-6.147004232053456,-7.006056552097139,-3.423615031850084,-2.3277583312493255,-3.528736531038614,-1.3840534993798466,0.38757861306864616,-0.5282679761269926,-1.8934324331494827,-2.745104948630924,-1.5872775587202348,-1.1752059579562413,-1.845313821915622,0.3058192881708432,-1.1022629849061762,0.13721704901698123,1.268423511417588,1.9589510898303806,-0.2069594008055755,-0.23824952429570492,-0.08539349254181143,-1.4957076584941245,-0.16604951459758457,-2.5900541413821334,-0.8839002022314648,1.7317577672426805,-2.682009513349101,-0.942133232559301,-1.1892878045204276,-1.362306840597646,-0.9785373774089025,-0.3813087106433646,0.48014107766836595
-5.132537993983875,-6.370612467035606,-5.291135281028826,-2.507127326588805,-1.070477230736727,-1.149205290744025,-2.6080867695564427,-0.2632759656244484,0.06675504502183664,-0.7689470047222221,-1.6306560148052194,-2.39287126688431,0.06822216534638133,0.6764625089782808,0.22337760497044507,1.9850846555046389,-0.6123992301555926,0.04764656593709745,0.20241875885517957,-0.09219476676650393,-0.1230272324080417,0.08157174234542693,-0.4236752979799148,-3.9086875359251914,-2.282789562004318,0.7100966023215917,0.7212941209096699,0.7477005480442973,-2.715929435889093,-1.1989324244072814,-1.7105456717305287,-1.0997999599613266,-0.8075834702909844,0.3226584729525383
-5.92379583725454,-6.181700526889125,-2.418234490789954,-0.6771242979437153,0.1271342279626517,-1.519261135222331,-2.3585457585729075,-1.343480966754151,-2.851179118990834,-2.233006534642226,0.37446201444319815,-1.131156341074097,0.1379618221646308,0.15040976079887364,0.22039225796773013,-0.23854550109052924,0.36822167300101355,-0.883638880465208,-1.3252998080293041,-1.7259756493188936,-2.1537770001952676,-0.8644760659135201,-0.5485452885207236,-1.0898722668015672,-0.39392317793184406,-0.7815965406011417,-1.4754371411044531,-0.8526373057935833,-3.1982195083128024,-0.803684065803617,-0.8246150867716507,-1.111655699064131,0.46846907448071967,0.32167164712119767
-6.014498612767036,-4.303386576974635,-1.796355135988507,-1.8180876391902543,0.03304285401616787,-1.4715089099867058,-2.526333158459379,-2.6550055223283042,-4.088695875472123,-1.87805334393895,-1.6302149433233637,-0.2483990512680959,-0.6293089604191393,-1.5025476181784279,1.0400044963819957,-1.997889013414996,-2.2245986361123298,-1.8093079559359562,-0.3922274929705206,-0.5933133094872989,0.25949099958098654,0.4968882399784191,2.0216454071646988,1.8558044630725028,1.3013992511600085,-0.6597140646600319,-2.3436986833133484,-2.843478317946463,-3.779264680287351,-2.2817420238340667,-0.7855043377819882,-0.7662828827020627,-0.4383732855197161,0.009999797465633516
-4.759765098865312,-2.1545305986377428,-1.253949553623955,-0.8884655488012637,-0.9763946859533891,0.09860465068630507,-2.5852534258032738,-1.031212042374059,-2.441979032790645,-2.5219076939273357,-2.764019795406291,-2.0097861275785003,1.199134474438553,-0.8666743558655209,-1.3644149284519016,-1.7089092992784558,-2.028050173922215,-1.309710877024783,-0.4850568970809416,0.37612619279475834,0.5542135268304559,0.7175001057199462,1.4846798180405043,1.3049150554462488,1.2281129440958305,0.006075159057423898,-2.7225136509777697,-3.143822379375672,-3.5515935747356404,-3.2402200177536025,-1.4947970397208472,-0.11512574026593497,-0.46143776930510094,-0.46964113417665476
-3.070093743302027,-1.5833335004245177,-1.6560067987689162,-2.0897119242897366,-1.1179094348252105,0.15642595129311168,-0.10062194553882034,0.2519590095414731,-3.3060105598098177,-2.8390459873345786,-3.184698032008201,-1.9399121355584719,-2.9584016942364033,-1.0445120865150435,-1.5934024221984386,-2.827210405779218,-1.5632882127358065,-0.47361852216866646,-0.43980829016093936,-0.0862288243115401,-0.4486050171326935,-0.3267850140195784,-1.7956317475282833,0.36093173162398773,0.10611941446679435,-0.08281044016871077,-0.0036169812293894922,-2.827844748153362,-2.818284122647573,-1.8016252079542656,-1.7732596713728734,-1.0681553281872325,0.5415166521705733,-0.3396122755986211
-0.28418932922086915,-1.6603534734248724,-1.245586663148961,-1.8186843398181187,-0.6200647983309777,-1.5409318512496217,-2.6429855985759643,-0.18098558548175925,-2.373405314504437,-0.12555548102196148,-2.716435266642925,-2.2328051370349047,0.28514237550596533,-0.5912519454198658,-1.3574325981430935,-1.3077800058685627,-2.4137353217222626,-1.8800911537999008,-1.5188318417489055,-0.7841129184929378,-2.025202888008815,-1.6688901027962582,-2.9635518399335465,-2.384246611598406,-1.0155887343111973,-1.608862133940595,0.10168629682678103,0.8444871374428532,-1.343030558472089,-2.356605158653224,-1.5624690663963616,-0.7173787416214101,-0.03303646879753919,2.1023194076563216
-2.068614775991695,-3.2055901945749206,-2.096693998486188,-2.5229349254910187,-0.8959885053827784,0.29906076390360414,0.19758187995798512,-4.0841813754983205,-4.556297917174197,-5.365837888551162,-1.5246164219487621,-3.7554472765319606,-2.536496199797149,-3.940871079405567,-3.07942638968642,-3.593236801613147,-3.545452817503997,-4.244595941769412,-3.1057550119976534,-2.329905999533275,-3.5321269532739863,-2.5701754193806794,-4.307525786333525,-4.846335430605642,-3.696525223186256,-2.5470708665673216,-1.4420232116645049,-0.8499014473449666,-1.2709773321096995,-1.1152067466153852,-1.5866060999743097,-0.6371467458707439,0.17589674758416138,0.9914662334530346
-3.6382803114055866,-3.537310123959429,-3.300095757890827,-2.723757351628678,-2.0449211450955667,-2.850300791221732,-1.0369000860888313,0.4291546628323762,-6.024551492889101,-3.5530651668157076,-1.6175723592747815,-3.212748114006246,-3.2003938054070584,-3.5636150245360083,-5.674546042476167,-3.8424258426925193,-4.8885603268561635,-6.137879687199174,-5.236257681434125,-4.418347879756679,-4.625339351577262,-5.544767724627999,-5.3377976330939045,-4.079901265529341,-3.7914215812566545,-4.314973756129389,-4.289788315661055,-3.447813530588661,-2.6253281211336907,-1.954287957332454,-1.6265099335750546,-0.12084946020554746,0.8048977828016258,1.5126581232260572
