script/wind50m.json
{"header": {"parameterCategory": 2, "parameterNumber": 3, "lo1": 3.000054539987559, "la1": 64.9999836372058, "dx": 0.5, "dy": 0.25, "nx": 34, "ny": 52, "refTime": "2026-04-13T15:00:00.000Z"}, "data":
[rows 0 to 23 of 52, columns 0 to 33 of 34]
14.954713269984085,13.980317172402566,13.758330502108933,13.684159226858469,12.118081742031826,11.128587240424158,10.12731212966178,7.857081329422276,6.685138480140598,7.017249782975812,6.933847021466945,5.949358662562799,4.660662894056775,5.748635343327529,6.767677294434123,7.601051220466174,7.865817746062117,8.288826378886863,9.256359723716303,13.496858388035106,8.401390627220318,6.4764261625109825,5.636507034230381,9.94645320648706,5.334255009829368,3.2400387706481673,4.719082524036658,5.206061454598169,4.1151854481856,4.0639369803676795,3.857104250406525,3.040423103837924,3.463092627785196,3.3556710425907683
14.523417249105725,14.376159381411489,13.836852302278912,13.117999365679623,12.646289398567749,10.426026940782485,6.025216244640784,6.812238211228408,6.596890597515592,6.739929159747485,6.271010099575528,5.101897287011583,4.244206433254429,4.719472179067692,8.390021521676926,8.966081015692287,9.881881139959969,7.143041605441716,8.143333974560862,8.755453174164865,8.05808614947212,9.424469659730526,6.818746043815153,6.051570579313837,3.514117730107547,4.197594990066158,4.218572376933382,4.967341686476318,4.698723395350801,4.010859741996847,3.8869562753121927,3.143326287124837,3.768592540606578,3.88331720389741
14.084243508133731,14.553178442634207,15.361219078889166,13.736852217956653,10.650685483664331,8.506620273534024,5.644140721720097,6.723091151476121,6.016009857070845,6.600659274070314,4.075864699524145,5.748461625209928,4.089310280268155,5.047912590872907,9.274277554326682,10.205524969284758,6.97776963814555,7.59140162570445,8.002703722337708,7.229863518578516,5.813509373473929,7.031928842796464,7.744378752639761,7.711719365247734,4.968568340777741,3.2261659512908425,4.317337880632788,4.367862803251404,4.558725596713755,4.55691365011266,4.1142148469824935,3.89875154630774,3.923445636770795,4.409070889419865
14.278485303280926,14.974280642087237,14.434859218653457,11.457703132722296,8.306996923472656,6.060502093570325,3.0314085232008487,5.927390021997748,4.087300051632227,5.077713168970092,4.844482295213772,3.07794964443973,3.700246656800918,7.768863944811048,7.96396076530785,9.960445182745794,6.411911313837231,7.860787873261358,9.694878454507144,7.272963474004922,10.581658936850781,8.183245099920878,8.942269819547727,4.124506957839088,3.8672696921082883,3.0520444001636085,3.9434505158339306,4.256518771309945,4.394175180092671,4.078940037318295,3.5679922880993744,3.6954802615199487,4.431932565744008,4.680952637256649
14.970598614205777,14.942517759353297,14.327058832515888,10.841749186654734,7.903229787739157,4.924584755983556,-0.1253119310813643,4.647754146703265,2.7781480706384087,1.7309075895984762,3.049161792927379,0.9014483620884421,4.36186898547716,8.604999527005415,7.598051310425546,9.96972351248048,7.609773434890629,6.718501764586626,8.445385379665602,8.289431570957372,12.222075866482331,10.952453928187335,5.008317489681071,4.474949708366921,4.05908761604172,3.7529728785123484,4.626719730378553,4.73939735591051,4.383804754694608,4.219898451557051,3.622398026824453,4.67920141048665,4.350570717442146,4.396180194653143
15.334611241179012,16.873114930298225,13.445831774008758,9.801804810770065,4.719713794432657,3.125832721413063,-0.6251542497885944,4.3149623017799685,1.6314707126873662,1.4031980701254962,1.3985171698887002,0.07798084507941268,5.401624007968773,7.214509093603874,7.7835952031569535,7.618712430294756,8.210497234569129,6.86145646922789,10.52665776991366,8.200661628754794,6.922373879876897,7.939482276373737,5.45168259645626,4.111081256928509,4.077669901050624,4.142906582150937,4.553439308718185,4.293020759394193,4.067686883211777,4.478578848296034,3.8897584793835738,4.374907435825785,3.5684413617501325,2.855775134195151
16.262538367113986,15.473740814553164,10.279930156016999,6.920306099557713,2.625336086856954,0.9099708442663229,0.5338868652168056,2.244021290002463,0.6796134594324401,2.402200288577051,4.759765469063217,4.5818343027545865,5.445639468154217,7.573572118297574,8.965585558381125,9.767086248208779,6.4887279084541944,8.15437234911118,8.091233209363915,6.822239958005679,7.338604751158782,6.364364429758906,4.944110726232037,4.162038689918183,4.796354892787199,4.078260001536494,4.386464933346852,4.549443736896308,3.7034990053583727,4.255379965326435,3.688930226393192,3.2472137351419468,2.751898034670078,2.6202469827982013
15.550622901603067,12.811194376566863,8.468934182119584,5.430514003734122,1.674784667793941,-0.6525141515815532,-1.845399573143384,0.8412352912391191,-1.374047930490393,-2.3397312164803394,5.250237287228165,4.742005905881985,5.151303187240545,6.991076740862065,7.4860766587321255,7.739461403190229,5.691478615231595,8.69480838162954,10.9118139874869,4.974206006349295,7.293611125817513,5.059590081056866,4.569004412657817,4.8488616636028485,4.150123676164846,3.8547458725446844,4.307006700927082,4.5338858833418625,3.263874587491699,4.005527460955649,3.8536684801548917,3.1347029982409698,0.5423817753696237,1.433436996653388
12.75442412510887,13.509175831523963,9.246532509859762,3.6033172470417822,0.7697572762826207,-2.3409446524023796,0.753579981063191,1.6697606897068387,-2.684008485580835,1.5266307769004925,5.5769543474603855,5.173473145191793,7.507496857855629,9.872385688559635,11.336097895645342,4.965957188720965,9.6247517587004,11.483082158736874,8.853137338779868,10.882650132303748,13.238046743562132,7.295189352544859,5.121296627056712,3.9752811285805527,3.895016165196436,4.663383250020671,4.097805166229938,3.608320959169671,4.27341169660338,2.680130793574382,3.0189980300444184,1.2599155192060585,2.759794782356821,0.613284724800496
12.268008730044064,14.265449890064097,12.73188348480304,6.996245054716793,-1.809794044468629,0.38632254991452264,4.5415814836751505,3.638577775694025,3.43935118492657,3.417755930781983,4.46439515482848,8.45049836072451,10.648677383996608,13.572680938361136,11.295009142204695,16.311939062541466,6.602036360244291,9.453013540997915,8.867894242410854,5.979657107750289,6.53255484012229,3.9356264937102954,4.4639892526139135,3.8686279949788975,4.704320185774645,3.8600567845807574,4.093806240940129,3.2646812834075063,3.5444852580497885,3.193802191636825,1.0241699601236118,2.888106921946326,3.3895681475986548,1.3149041664698993
12.410381103494904,13.263000274295798,17.584413852182916,6.010559260454375,-2.248124066498918,6.788307031879544,4.01167151285156,2.5690649506517578,4.285065358917241,7.231978370976348,12.635595492327443,12.40717112623985,12.075620739236097,8.617452153559654,8.94472130424397,9.608239168926103,6.428583114358069,6.617620004871272,8.961367840395724,4.298836078431251,3.306678705135643,4.337996321998092,4.968883826903515,3.778167562830315,4.468194647284277,3.782470778861173,3.4721262321683,3.979940367891625,2.230513548798681,1.965980948498187,1.3772887323692715,4.108399399484569,4.310626612068065,2.4574204295093867
12.30865384558147,13.05251928518079,14.006873239294162,10.743184121125212,-0.35555522314396226,7.317455327593058,8.106134259354896,8.173634526491394,2.5239361365668636,12.989308490984238,2.804885691860687,9.245542644637547,10.16629738337575,8.127933526102728,9.194834396407252,6.6352366357404975,8.349032899839786,10.589183715937189,10.478219987369851,4.750615611162095,4.5819239452303195,4.2860129749877816,3.4524760110061155,4.316989153637748,3.6327902477869616,4.081665571902748,4.167203942318798,3.5295863096792,3.242942417116006,2.8566464071501634,4.143479503519188,3.934675627284473,3.883722905076065,3.1019210748937356
13.476654188021504,12.412797727394349,11.355223112589448,11.05570911213301,6.597382831139335,6.694850939092294,7.672362585405437,5.336985480220925,5.923718178621467,9.018474364521468,9.36692155683355,11.071028225647671,9.186342899340234,12.388037530712756,7.420352343032268,9.970040140736998,6.429585420693974,6.842226870913102,4.190568610677083,1.1063472953667248,4.439653083393629,4.337185565160529,4.183582048130174,4.3064866157704875,4.045993060571694,3.3348203959028972,2.3393434399754,3.718649273014045,1.7940332034962154,2.1309515161939845,4.695748095822408,3.677270182048742,4.633799659920323,3.5576822286756835
12.694532173882635,14.148362730637377,10.344452581840994,9.992537991730257,1.4099008333683092,12.697553463181874,9.102883676438587,5.811620982019867,12.52507477389287,7.783598210045719,9.963400619609768,5.577447373370428,5.0399711570661365,3.683980809958609,4.6362061821633604,4.591300384981653,5.926546707745017,4.363700829468593,5.769542300705616,2.295304622129434,-0.021205021164338023,4.648342245675962,4.3820549392878565,4.495261599890057,4.0138952779431865,2.9980915478664083,3.0289599627052706,2.181866114409798,2.669976018739873,2.5421721167301303,5.077564873294306,5.29012770241429,5.308796282293175,3.8035844035848574
11.530532543997435,13.657830096346734,12.746072312921408,9.165814185243926,7.145917430989491,4.966735600339497,4.778955913052667,10.584213675418061,5.023625529486742,2.589185447871493,4.306090470044968,3.4895523493379095,7.044392065736674,5.17276155892249,4.0348095578793535,3.0006305746681186,5.4298153219745195,4.183224834699351,3.869606787497939,0.806621423372144,-0.609373516175361,3.0445639478026716,4.360460597370387,3.653426261729865,2.8770275696149032,2.8761984424125226,2.048768694669294,2.010579310060172,1.9416662196383447,2.2402699948070035,5.27253313137951,6.802073443340524,5.3721941215749585,5.1190712364562705
12.681027163912267,12.593343831386772,13.075240899535077,7.603338692351861,4.809349050515907,3.4103045025979815,6.045504333969329,4.601085125252332,1.610091573400904,3.3509931246400395,3.5676846040751564,6.667117193403675,3.231608528385326,3.02614784438046,1.3665009665527967,3.7866790338093184,5.224289900366591,3.9169234575051903,4.670750865025613,-0.11062494039636143,3.4736802992925853,3.996700229413303,2.3023429741753145,3.2117308456491087,3.3211745564039226,3.5044345208309293,2.779909672556126,0.46773164267894257,1.7854733585187799,4.944341522083582,6.648691976932552,7.241755267731123,6.289904136861423,5.046432256090961
12.898065872390468,11.997052920783963,11.492068076702552,5.712843189095057,7.16560796599674,5.899690280912285,8.236858175692355,8.71838274890324,6.528343943625018,8.771600929598547,6.247157689836851,3.793226639743927,1.1610083762009549,1.4299089724443292,1.97358226939699,0.8385785361976867,2.9352567064456814,2.5494645565854652,2.2542104904742004,-1.6182601672912815,3.646292249576979,3.6308863040822006,3.247266353296798,2.9818460187028584,3.083727142115209,2.9088771316660784,2.9674005765706926,0.6142768777783345,1.2239736164530506,7.246018792321823,8.069007481518957,9.21308680348992,6.696848320510091,5.1416505104838395
12.295477685684773,11.703414770386651,13.874309351252412,5.176649700567895,6.87105920644768,4.777270688468215,5.227899739030694,5.424492588297836,8.944563535906894,6.663326490108558,5.202159440989028,2.985717647461785,1.5349335596085678,1.7561516630543912,1.9570366501781358,-0.0019529326810117252,2.9636982804670198,2.5617945730523997,2.598316762841358,1.36646213641684,1.5217856751141574,2.145384749069269,3.355428117895474,3.458010003793345,2.6380525038708083,3.272014975378577,2.5815018262349527,2.819821198577331,0.4788009638729702,7.149093910425913,9.97118362804678,8.19761555453408,7.951487217588275,5.3043568068944875
12.582576931436344,12.062454621461011,12.83622117086178,6.8718723515861955,8.239330481854337,4.5134309603365965,6.818696891792862,4.257191074510141,5.280640794463193,4.734732066233828,2.1373541968750964,2.9272468172996713,2.6414988411376683,2.055050708619626,0.8091591022481296,1.0841236339190903,2.318508475882732,1.3452491716695665,0.35209598169403694,0.43878294393103984,-1.9170787524570299,0.9355907496003874,3.03399191684056,2.9658904998481197,3.2659849146898177,3.478317963491138,3.3817091704638753,3.0971715224998566,2.628083235274892,3.5030633623160985,4.423517490130311,10.406892812806523,8.17834007636161,4.733690053519077
13.487003079794087,15.04080270943896,13.85971709145033,7.448664759635992,4.71637220378636,2.817813258528343,0.02677818027362909,5.439167206747826,5.457715122976771,5.263050105744561,3.7998133595489736,2.0690967492198924,1.8395968599723769,2.845990414335622,1.2684659943887573,3.598973004168109,-0.11099881318527624,-0.6863531184365778,-0.9851755742208004,1.4767906094465555,-2.9607736268869576,2.5603694597215165,3.428970361776598,3.6430697642875467,3.492218846108681,2.8869796454696504,3.2456820765883396,2.0442128634627315,1.9428072428154197,2.7473758905112056,4.500340791315878,3.406273582381024,6.847839480425843,2.7060442003314362
12.280802401001687,13.43789409005502,11.299897591007927,10.855801628272346,6.217953242790221,4.832452973773855,6.712267107689239,3.4606437508252923,6.270837403732829,3.697149398148432,3.032907378042,1.2165835653232906,0.34164253011078255,-0.6985947409031518,-2.604791360873667,-0.5336938075974651,-1.2710403797437873,2.5603832684603436,-0.31463543372643293,0.4475731268844938,0.15237901483543967,3.7161028127101887,3.788962301138251,3.695095864741556,3.2848059365676563,4.250299384537619,2.309792213772167,2.519096056155219,2.5675082985692437,3.996762439203822,4.1276935821932055,4.059667039967059,5.922057117974308,4.489280395041467
11.613488058880773,13.28634059846588,12.987811994014235,11.257782371199449,7.5715888031731575,4.7391396797877325,1.0029723811049558,1.9813920777431326,1.6635483835434317,2.2209775155830562,3.821438008001148,2.5221329775774115,2.54746175558398,2.0492167400480557,-0.2658551490702793,-3.1510115086637005,-0.8456664907266868,0.9645057452523765,-0.31681368937549825,1.2104631556435104,4.157534417515665,3.5613939234842644,2.6672482391649495,2.968698365115948,3.3737180881274744,0.08501891828767166,2.8178501296622644,3.618601660927208,3.8853798703016023,4.15940408423287,3.505371374167755,4.121008896266165,1.9484447265473699,4.07094945946362
11.285543694225987,12.324514218285525,9.731260773535759,10.720649972507962,7.84692765798907,4.5141094482235165,3.964092757850067,3.5448020405110396,4.3418643772925005,2.183241499608811,1.9217564518667924,2.4888414608156495,0.6338154010422143,1.4709952648683273,-1.9778951158528668,-3.5599807587968,-0.19146732653081536,-0.09261889858849462,0.13316549632914512,0.6956040470839464,3.936771981166037,4.342305434093203,3.1312197682436054,1.996657880511412,3.0297670316000143,3.565053435974929,3.182864357445374,3.4748237398580892,3.0113538262682478,3.690806329389082,4.336152248938274,3.0151891090360885,3.937942627819444,3.2086991928172144
10.453755277715231,10.488344564125972,10.426293320244783,11.668541113086453,7.1364420559347455,4.461135462038915,4.059828215203603,5.556644604725576,2.5289319337199623,1.215456513047269,2.0131209480531655,0.3159862116962394,1.0782422112766974,-1.8783897231110516,-3.237749066875348,-4.248424511154211,-1.6676730075310195,-0.5384988194732596,0.1676843394673824,0.8664016377376726,2.916025276815407,4.966941610691635,3.05171162368515,3.153939121945623,3.9745122752246607,2.892093233555605,3.7365388301652382,3.6163780853632885,3.1297095654263956,3.804191237601514,4.528296634558125,2.024846168382502,4.421510992498115,3.0657096960239123
