script/wind250m.json
{"header": {"parameterCategory": 2, "parameterNumber": 2, "lo1": 3.000054539987559, "la1": 64.9999836372058, "dx": 0.5, "dy": 0.25, "nx": 34, "ny": 52, "refTime": "2025-12-29T23:00:00.000Z"}, "data":
[rows 0 to 24 of 52, columns 0 to 33 of 34]
5.18198389095611,5.678185679035522,3.488322802626804,4.369237375841631,4.262551729021885,4.7073247202734505,4.104519386919279,5.206248777555269,3.7061378116503807,2.2907315954217307,3.655131879553982,3.0625755163621426,2.3146207767631615,1.8771238655745537,1.8297963944707067,1.9104379314333046,3.0690099329743212,6.055044339458703,-3.383047074106538,1.1848929346567416,3.319322728866784,2.096075785066612,1.338473955733956,0.3777091206688616,2.898146523342689,4.8279557320875846,4.483637812539892,3.8387980730936384,4.849720076304971,4.54628089523766,4.415083068843992,4.242121535791407,2.789720556375398,3.3758047783516476
5.3834582212716375,4.297113651150861,4.515333967708861,3.93929757367405,4.29440481442339,3.031782302080095,3.8486048929359646,4.025553729156542,2.634847035319131,3.03525596840383,2.473545164486357,3.010919843474766,2.5263224910051876,1.4855545728771733,1.8204512542378153,2.2588879069972427,1.614416215222718,-1.8159590990488157,-2.6150540838359464,1.4963980143134736,1.7692483548480218,1.3350092742779238,1.8903572127209438,1.9715547410442507,5.168779546228316,4.747624292999535,4.032763967674107,2.6728737150517983,3.2765101827989187,4.422201880876148,5.050789213933754,4.879911349969517,3.6613622430339707,2.555607765740989
5.260771041915467,4.361151890995877,5.253388935805142,5.667893250149454,5.105418433804323,4.143567164572297,3.5345050686634494,2.133595564457717,3.219567316844286,2.226078149097535,1.1656764871592253,2.0935718860732417,1.6834676597605065,0.03424922184635939,1.4595757621010963,2.6059819772804502,2.291982491311226,-1.7189855726090428,-4.408195175792597,3.513030444685762,3.8716897780690704,2.6437826604587307,4.4794956116069855,3.522075843466724,4.240366474063242,4.139347268246429,2.3598397942121427,4.36829720407971,4.477063452068529,2.6483265706109393,3.0388494315723653,4.055937788624035,4.549703877643401,3.4391286921105317
4.448654611558465,4.498408494159581,4.545080220548749,4.600137064790425,2.631590855523219,3.4223476334265803,2.846503128973688,2.539608254719138,1.780456495544981,3.2978976397428665,2.558553007880349,2.0065442133709586,2.429190653323768,-0.07921029491188951,0.38215159054365033,3.030345726877582,3.0091325001208857,-0.46749037376783675,-1.0342278952007282,2.5573381366486037,4.834391031408334,4.578314727903442,2.439000032059085,6.84356492878731,6.4189602462302355,4.3431698834784385,5.651720260960796,3.8824000131922194,3.6660693931107184,3.4097529350190383,1.9899843686739531,3.0064617404861025,3.5066244339985686,4.165895510421128
5.429667954091568,3.3073844311924736,4.038973135071562,3.1816080717937907,4.538422197300107,3.6958975399740868,3.1100626465705026,3.696937587365248,2.6289859024995983,1.3501583332829903,3.4506150627778336,3.8320358679819773,3.2056477019319747,0.9638452649480651,1.341876380320103,2.496135023326629,4.5945406170015834,-0.533743150562964,-0.6928457669055181,4.765125533386081,3.573756192691957,3.769158202665208,6.848691691344451,3.7343004398239956,5.819625277072803,5.234807315242951,5.118922967552531,4.455706742696288,4.801980869358323,4.696190709697767,3.2017191850508553,2.6300262396189202,3.7517735139023736,3.8465926331101548
3.280784853616964,3.8332941841460832,3.171359213889653,3.03493748540069,3.3664044153373265,2.0681454513594755,2.2973419691892083,3.5703431740482894,4.237405645913633,2.499482909847919,3.101888597378719,3.7073776803138667,1.1018645120219108,-0.3256832948497279,2.149841783857588,2.177894710086233,4.803709051382315,5.171121505953757,4.335405039056888,5.120222547716606,6.3096415553657685,5.452074951016967,5.2478502515144925,6.567363968712919,5.419207907188837,4.534384996836746,4.604344439348801,5.835059344716584,4.650379116485427,3.780903085236179,4.044388195912935,3.335054403065722,2.8804027783549353,3.0847713214204453
3.316799174202675,4.90646794438361,1.887621299192321,4.1704917726749535,3.2410075143074413,1.7709371683255992,2.801315087343654,4.613848949872427,3.298278701739456,1.2675372795771906,3.233606515683777,3.1549133191530405,4.6765050858307555,2.135351351626047,2.471441126966882,0.9424850858467245,2.8182540207653375,4.544579725024635,3.980876959708694,8.86982739391149,6.705928399772716,10.30626338373565,6.2161121671050905,3.9202100617236275,5.5570260866554655,4.4993622909193896,4.451631624896331,4.974631811490389,5.129659400250036,4.375585771844368,3.9915256525461453,3.3921249534369275,3.885706621406516,2.6720301212637914
4.520526423658087,3.6902137564152913,3.3619311676568393,2.683042491437615,3.037420580652606,3.336306039675146,2.9535018372738864,3.440214735802176,3.7918291494000806,2.52505759851814,2.408067193464723,1.9659503968455756,5.113085951229298,3.4742893596645477,2.711759857483077,3.0448984818284694,2.0131607556420636,3.3308162781081783,7.833759443303968,8.48670119745583,8.532752246370393,7.632291057065509,6.692627550336092,4.834306176142518,4.277907220135358,3.483424841319567,4.338359360510947,5.703246867647015,5.475902640735287,4.9083150829321625,4.467735806884039,5.249481831443014,2.745095389685916,2.3988551569434415
4.594357252142212,4.387512056456636,2.6927623425522733,1.6695172669817908,2.1533506337985977,2.526799297748408,2.996570817441692,3.783139797294216,3.173207757014494,-0.8882644977772285,1.2176614190788757,4.945232403093064,4.25414294430617,9.123448387141455,3.4711960307618415,5.15705946657891,2.25576828444723,7.564747707045802,5.582634633264899,6.520334924111048,8.320446566628254,6.772347729198555,6.679376145602935,6.418610594959697,4.872833879881511,5.201810324066644,6.677522316010785,5.484784397462185,5.29197400030798,6.868230490357116,5.42678455882342,4.012991514575917,3.2733640227687744,1.5169421634007816
3.237980908421493,2.5051682451781674,3.5750809247448383,2.628256241207657,1.344074898053676,3.793893590737047,2.707886552957983,0.060758570391021456,4.2702247430427915,3.6342798895005703,1.7336449594488015,0.9172121508976074,4.618604760997681,7.815712964000226,6.5495186255669635,8.871030423026026,6.274865078224813,5.5931800687158555,6.903377835350746,6.900380330698374,6.355954333000363,5.550567371780157,4.9868942846486295,5.140707038860089,5.193961666579878,6.465162310207682,5.728633690967166,6.065169553375542,5.198625568883092,5.52587680248866,7.149669298615349,3.5214197934052756,3.135411107419735,1.3782591951814955
2.020346559956739,3.5568671388189332,2.145318787240312,0.7616849501894162,2.4283933141074407,1.2595593449841396,1.6469133915487681,2.037902662765971,2.023800707269446,2.4187756061765606,3.093524070763194,3.9456960368632417,6.072031527449413,6.464143141712906,6.065018806832259,8.889477767237764,6.280426719565026,6.421372365259994,5.757215559951108,5.6572798027527345,4.613543168739503,5.2587060181772065,4.604858812243203,4.54186535322267,4.726867812715646,6.316068051427065,5.750949482020991,5.5126439566194465,6.14034948719647,5.116758488126329,5.491495984385104,3.928100960135076,2.9679495608089828,1.6236395610658096
3.0990951218496288,2.351853507673437,1.7481355203128817,1.7682342563280793,0.34861368081402505,1.3521487371116028,-3.067441852948069,4.023095566179988,3.037893084046369,6.160798038944313,3.2194484457333004,3.617507845951927,2.3863539694116325,5.911610081818778,8.025440745827439,6.9680349360708655,5.508059382120316,6.4449368010803765,3.3935323389857213,4.645492822429609,4.20496439351417,5.280098064934724,5.1574776683519294,4.2755442844479035,5.724794361964427,4.960641319892852,5.49555687101022,6.255041354222022,6.807206155836605,7.448665430999169,5.64544364295324,3.3358684965641388,2.859195730823803,1.777537532677586
1.168671875314654,3.0617039029055655,2.3526776652145194,0.6436537523210306,-0.29540742046643165,-0.5573962191545779,2.0400144060614216,2.7967806976080616,4.452706314498031,8.323254970429383,1.6138014121994513,4.216364351136007,3.879574834338467,5.237736954189707,4.1456970428353985,5.920663084526461,5.780089752391733,4.591800945328924,6.083990872235776,4.641050436288088,4.2410015656191,5.140545482274728,5.380476166007587,5.089540454373701,4.0398126466552124,5.1655604231274195,5.185897826873383,4.969598098759417,5.8683054501021195,7.222113889116983,5.984662511401348,3.0426033745120318,2.765585352367594,1.848697393222405
2.2311985354590536,1.3826419231390203,1.084745458957188,-1.218709971672293,-2.3808896720705484,-1.622844339248536,1.7639409580574004,3.340650471364094,5.79889744504241,7.685844556194497,3.410493864525368,4.8425899670535335,5.226594034534232,7.155773487405325,3.4322137667088395,6.171239264934939,5.238598978698676,5.1578566414073475,5.716435620134658,4.2172267659190465,5.7579890895197,4.304359282383306,5.400958430112902,4.970257751517552,4.383748339327679,6.035352167288375,5.647401689557342,5.387626732978431,6.113053574175931,7.458426396102675,5.51467736346945,3.4071370396892293,2.7466331614611037,1.4655498769542625
0.8129463684900506,0.2487793276873322,0.18395824579414888,0.007039853646600381,-0.9760220847917381,2.47360045131852,2.3043267589761913,4.823861517409743,5.538652971310686,5.897313968294956,4.734398053804041,4.3438417061824675,5.462767001195605,5.505365934856602,3.7796215977428584,3.037548912279239,4.767325761921039,4.253320887769435,3.027493991805314,5.179806139251958,5.109889243339138,6.035221717573025,4.390287216105871,4.481531565943295,4.656573524757295,5.680343745930756,5.417847965436776,5.626035200654136,6.877943584834936,7.108424731629204,5.090616840879908,3.988670653249332,3.2304950689363925,1.7614909772470086
0.11837960203664821,-0.1122238704428434,0.3913886504671896,-1.9683593358045073,-0.8701755694886106,1.2993955589738577,4.85991205498168,2.682625822230191,4.667966081929494,7.023985279721118,10.752427466679073,7.407362990324686,2.2030970695217507,3.7322789351152177,4.87808436438556,1.0499319329464791,3.205474422745969,5.420381827193158,4.300358830327722,5.2463472315970385,4.116255905929808,7.248729138800203,4.5008420803597815,4.6246160893903765,3.714091130276817,5.762321601776266,6.178233977006801,6.701298260230928,7.712196352207324,7.491445045149961,5.218560488992349,4.272182840651909,3.4208872134136166,2.359916912765104
2.2757278194331936,3.0533316172335345,0.7748764916800955,-1.6590152222453007,-0.5881623162508317,0.1943711922412902,2.6456518221699312,1.1397084701320435,3.275651230876209,8.942164835552484,12.379846927773063,7.7986382211544685,4.484606966369693,4.811208019340427,4.0754838711154475,5.436747154227827,1.8076714021491,3.239913926090347,6.0631078285057605,3.4620983877094105,5.420541292994635,6.160844311590842,6.514748368273781,5.166943644926991,5.534849185621276,6.04658068844179,7.176030461866707,7.261602865994525,7.9180335931232975,7.908567096537414,5.738329871886029,5.354343645176582,3.426515739960185,2.9483431005778
1.7982250514844174,2.1884205112855555,0.5166594064583047,-0.5086129563363708,2.0974718731004542,1.3503532318628435,3.3228339502888873,2.872452418741095,2.933576806574068,9.390268577223175,6.265967964397723,8.12941737595364,3.92935613213779,4.431692054010718,6.262441598730129,5.512143499448822,7.260294117459319,3.8549119931445026,5.118193253501297,3.414824118469334,5.683423090534722,6.883008127824847,7.376838766919824,6.682885371455756,7.099595002122457,6.417211691391327,6.746569805820233,6.247022522276917,7.155274438848446,7.5509280652216395,5.8910172867259,5.699976170052632,3.1869081488661535,3.383003105604085
1.181370205433522,1.5236822700127886,1.5339502834335212,2.6291042419970565,0.7560126769924336,2.8143877417980936,1.6075486926364062,5.614048468909198,6.505492100351282,5.609216796974059,5.747422901075899,5.485037172840098,4.68093423829612,2.3383553502192473,5.536239228743369,4.437994883782881,6.458011032977682,8.448763455049264,7.009602567159018,6.372766439534448,6.688056416756622,6.490134293743853,6.936673752866494,6.208107059476871,6.470708088610735,7.45057441558982,7.3614131653093136,5.588435955275325,5.0346671351187275,5.152407202907659,6.071747231660297,6.5784104001190045,3.392117256648577,4.073695655050928
0.6448783230030832,-0.33706923286090035,0.8392700017089343,-2.1247030508383453,2.1255340106606626,2.753782715805088,0.5288257869554814,6.17058130334157,5.865367053167412,5.690197576313479,8.981265404984907,8.649653437673718,4.71392593133269,3.92926504314646,3.0682455812117335,4.777069095865738,6.0751785056628025,6.554455498428487,6.091363416685638,7.589489977786122,4.346283844757983,5.5966536371210065,5.830186628063652,6.857261148703892,6.844156876120081,7.1879514839657395,8.148981740086771,6.250176730420281,5.010363859951949,5.397050301626525,6.3943840277444535,6.769426378530338,3.8846893036538694,6.096382694544151
0.40846117978706037,-0.5404493225821275,0.7040307196917237,-0.4167559007532853,0.9114056086811444,2.2304733438743725,0.3264854811065307,5.7091189772550495,3.8072213921816447,5.436916886170903,6.5632470141595975,7.22084040624343,4.530943349453084,4.683773493471975,4.715720551491986,6.197304568751813,5.373158552675859,5.510515071174463,7.427347736875387,5.438062618804403,8.185484753539386,5.604891329767524,6.945550661736389,6.253605207846331,6.879323944481606,8.21070931322999,6.642230010388179,6.754364423550836,5.832084442242397,6.772087189666849,6.677453695364166,7.148188108852708,7.107709022507758,8.352910301469553
2.3491523554038003,-1.0256455981670145,0.6135012971702248,-1.915588906596946,0.14514722692107826,4.168245349096768,2.044201201362185,1.2718429486411404,4.53580201996184,5.953258625093659,5.306073035918224,6.588996125080267,2.970402353853034,6.040792312583918,4.690244148421765,7.53821228099309,4.7768006504830085,4.997320844808492,7.075779376753153,7.0759518582752365,6.553205349048474,5.069369396260809,6.894076489607334,6.13919277377192,6.960823646304329,7.0328370456100915,6.5430577197069075,7.119095975441196,6.836718758712479,7.609232869463819,6.483045732381648,7.049945524480442,7.810674015922989,8.299836221576895
-0.5394963364173053,-0.9664461188765034,0.342611120925811,0.8215537250454867,1.3236673374156163,1.3753754915590184,2.145897080866912,2.2985800803747707,3.8167770935465257,5.35076375258875,3.717581102745913,5.615924399912194,6.343662296297755,5.583450820404885,6.005799273565959,5.372267597630645,5.047662093779091,5.675697068935502,7.183642661785605,7.073737801366141,7.353178218271359,6.8077350523469145,6.720490176384755,7.023186425030836,8.077111163715493,7.098205101474571,6.509423418448697,7.088988818833134,8.330769325128522,8.025391794699209,6.395469800654273,7.19304621645011,9.70888746994983,9.2440531582885
0.3895035785356459,2.4621978875159014,-0.7048290151639972,2.6316517340582113,1.68705142794445,2.283266441216672,4.11810808109316,3.5098281839307113,5.243213206835555,5.659141841076575,5.715082773989131,4.22461784561013,7.30340364578064,6.3323449185261556,5.9314330722564295,5.142046739061126,5.403017087690403,5.848840994985627,5.780665098881948,5.937971728977639,6.625931074721228,8.793576284431975,7.595349642332622,7.618771223674367,8.95925645660584,7.39887871425398,6.913952667486242,7.9879550996436794,7.472532192772929,8.171859253033524,6.801566569604435,8.585533192752525,9.95403392354135,14.335766216688363
-0.8977300592757744,-0.056618015165448565,0.108925098586938,2.976810109074792,0.8581768278463756,3.6166611102115596,1.7224147116044162,4.314251860934569,5.181210560796496,6.152692630536087,4.939213576427339,4.834228797553664,6.382008911023709,7.212021425118,6.074848423837833,4.967892706043695,5.61617040835753,4.308920211450028,6.043971526097659,6.890072029677515,6.541599708994645,9.020042503415906,6.66863820777988,8.738472250589995,7.970075494728599,7.8965864581098275,6.973113499571295,6.859210136472208,7.088846252809022,7.146572960776378,7.772989264836781,7.532628899281129,11.386054148338534,13.480198363535504
