script/wind10m.json
{"header": {"parameterCategory": 2, "parameterNumber": 2, "lo1": 6.000198445256149, "la1": 58.999992894266676, "dx": 0.5, "dy": 0.25, "nx": 22, "ny": 24, "refTime": "2024-02-01T19:00:00.000Z"}, "data":
[rows 0 to 23 of 24, columns 0 to 21 of 22]
0.061587166693966626,7.360910116285726,10.760537961897725,9.667863192185225,5.3142621773805105,3.325323233693772,1.4784606971849625,1.9419248605857111,4.90866399544104,9.182421715261572,10.907749953201328,2.285383454538791,3.7731852754372923,3.487110329900982,7.197819468786576,7.668282263367139,4.485354346065647,2.781320570144756,2.5196946477633415,3.0021218847893087,2.658917345039147,3.3325866727863356
3.109710121022692,9.414714899920982,8.02174413105152,5.902373818011506,7.706510972712273,4.066817305742419,1.5001810464265581,7.708166122944927,9.3688411839249,10.209896497955457,12.01350573545806,4.282310181707576,3.4387325189249496,4.0782997556932,7.499527990679235,9.284085507424486,3.4875286254200493,3.976902367689628,2.110554280565582,2.4651756042820048,1.8082806897490957,3.7112430223522206
4.098471098613741,4.997882949022188,4.752852594437126,4.039738856639242,5.551549018282485,3.5584735004224695,4.71782989665289,9.640921722676858,10.40867546742044,10.47368092625931,11.676266500184468,5.3346834936781535,3.2119388483866107,4.8114339556035715,5.087641411464625,4.468737953316655,3.962266857701148,3.3630282242606917,4.738389153098925,3.5526801067557026,2.7958741305172325,3.6592657827129136
11.424884934422604,9.943947392880732,5.693571551791797,6.149270506970939,4.496812782742732,4.311484536550376,8.474000344074758,10.949418815264938,10.315949075452998,11.759470739660257,12.558070927997864,7.622029315095632,2.7698115869112443,2.263886477780796,4.470444120228175,3.788647662832969,3.4536226685904445,5.475840056960483,3.012209076836144,3.2981566469897485,3.1024361898911432,3.5679336828462134
8.609350179168041,8.030836623508819,13.315795291525406,9.999836504882706,9.207924432320658,9.348159489375163,10.091514285570877,10.4972185348204,11.24613261776546,12.933250230193055,13.662513986576018,12.433966811783154,2.7749944455694644,2.514884763888823,2.762573683256459,2.918427005079139,3.6257724383013628,3.1795742676829915,3.4095557980734315,2.3565293798801603,2.5100436329699125,4.158218866010352
9.76919430729777,9.949510768416179,14.759099886303487,14.524800671398687,14.594515306983403,9.987606947492788,9.582861339569282,9.991408778704718,11.72535308767479,12.082790519719351,14.242366482492095,14.215673034114293,4.9056913283928365,3.046180386759726,2.7674432261297914,1.646022596152371,2.099021556226209,3.0146701503515865,3.185826836765763,2.972760203314447,3.342914653938061,3.6675533728870096
9.403134445372975,14.878881885732783,11.672213575643386,13.94443782856531,12.475252552571657,10.958630973215744,10.099564235567428,9.931505494940142,7.872830353972879,8.071058961648323,13.217268236023438,13.643038115503845,5.8886494522554,3.814460749958299,2.8618763420010187,2.3789504927340217,3.651784908713467,3.05838671749376,3.1838277659878083,3.230335616449368,3.335248586451611,3.7352507673102173
11.756521508060148,14.738920078302373,13.726882716884079,12.502836971940829,11.45062245858783,10.227424300802722,9.90711870059729,10.351331981806386,6.301377412434155,7.230185815058167,9.366370465652793,11.948175297852531,11.61271367255793,4.3637921253597,3.6708883457133052,2.746049784028611,3.1432531200294522,2.3594262358790092,1.4054346602030647,2.0459216567462937,2.5258271362064586,5.78774585516348
12.07827593702585,13.807933210962464,12.933745170996627,10.656360137142242,10.311221874813333,5.260583938065248,6.530705073280005,6.898900589874757,7.670712586629863,10.028251016445825,12.745702788387494,13.102381089308334,11.602013602988995,4.641693682876002,4.208806707912278,3.0829397003992107,4.630925160310173,3.352130419206051,1.9895513236359392,2.431932289548437,2.855406565436468,5.036944590369819
11.587780418674994,12.37350546741664,12.231045168059692,9.976629199929304,9.163351654800184,6.5867783775026965,4.456880634519225,3.678155770982979,4.138882293756711,8.8575623083477,12.462690432253085,15.220904330089875,12.443253601179977,11.215374044803985,2.755832225202206,4.629791770027777,4.365876266853181,4.089818803923404,2.6503864953313885,2.9136921928117587,3.604391306996653,5.3648114176248916
11.859615326896623,11.706599971015986,10.880228544004598,9.099637984186444,8.954862659644538,5.624999972320206,3.455132217992458,5.468012325137611,5.171316637794075,8.046731026320188,12.488755120434005,13.497927015911527,12.663266050624781,11.050692357818349,6.89190889739403,4.609660039985337,3.9852360054554237,4.199962669452024,4.414693408091738,3.839817503128696,3.65037728439493,5.103924997211855
11.575480149176098,11.379090679657955,9.421807704832753,9.349319564144876,9.888327852729123,4.030128753407845,4.600445109619159,5.579220486397807,5.651458491252659,7.514916606282122,11.578494881476226,12.111701967136925,12.797019889467387,10.203964055661443,6.081550399206474,5.224749996672427,5.58077231510919,5.0054510677371296,3.8779598230340415,4.2515859580899935,4.62708750613753,6.307864045050517
11.078179285375269,10.29514579586112,7.826597325957537,8.714497818467434,9.934706857807743,4.654942407675668,2.908996363370124,4.764307381612672,7.222937382980008,9.770600550561864,11.563917520097103,11.675078152613738,8.496548274124404,7.334074813057647,8.058676901765125,5.822491591083502,5.944427974762203,9.126531105851779,8.424246215465052,7.16836041538304,7.545514986200091,9.112460930545808
10.36974640981558,8.534145335216092,7.181800548348307,8.956232259238092,9.312938200757083,6.114443010475014,3.79389964371182,4.235187348207058,5.200321708907886,9.703448019575438,9.307533644118697,8.950569506959182,7.605714003984781,7.188964178683804,9.035422910877362,9.086627582940775,6.37425511075675,10.87250353613914,10.09101774000272,10.546016932072868,11.099326708208817,11.543424521943306
9.194059777738026,7.8170864082813,7.089518681098916,9.435625222190243,8.931436066193385,5.35279236820756,4.236820464180094,5.420063950626091,5.684483867926796,6.399808563833452,9.789774503798203,8.313902361508397,7.412313805462044,10.96567200121067,9.749756438398235,9.260842575032768,9.343996798484973,10.560040599937764,9.71350499368056,9.937583478686436,11.736373875481107,12.757483473231884
8.15370834742079,7.509961592352431,7.40432343981291,8.589141505132503,8.754223730985997,7.925456923195345,5.34004769919755,5.1816885965262625,4.965581712054053,5.475030048164189,8.763427602114088,8.32902164834719,7.131752251528424,11.679225957343778,12.137899987274517,12.647049713064828,13.140787984489542,10.798249477981729,11.457396358019201,11.871434461946007,12.744844475693535,13.177065329004153
7.760728909072035,6.806893001875857,7.240809091737892,7.7571135400581825,8.258268787270401,8.000947207077761,5.392297629039605,5.573783255585205,7.95941090091566,9.287477456508393,10.139296414711197,12.397202074240154,8.783828916015608,9.516765868003903,12.622319768236276,13.123147610778338,12.681082721675072,12.283343387312877,10.342148392310198,9.86031014058784,12.345971340062746,13.31975262910844
7.7455282356247155,6.6057941991276845,7.015979419898946,7.793746450427121,7.921877391265486,6.8987200186211455,4.780120673204195,5.394759492552959,7.84900899728488,10.088552065945036,9.48706571838347,9.61202455706717,8.764813423540149,11.970988825553167,13.327539602115863,13.767710123493217,13.247624342782755,13.04443526573057,12.37955242020608,12.86958497039289,13.487555443479886,14.138987701271981
7.883758232101245,7.1366762455523505,6.610752452137868,7.7529789231079755,7.527648475937278,7.619133811620629,6.209116850815459,5.368169894623518,8.154721284568838,10.954132406233148,10.127926370642568,13.456781362214329,12.17091662664752,11.487694160952286,13.336272590064501,11.321461836245271,13.32816977391976,13.57265973961915,14.116561287927722,14.354242210027717,15.021783172317758,11.89337980142012
8.391092295259531,7.965735777568808,6.598527712976973,7.133152801928196,7.458485446184768,7.68911869286761,5.213655601129238,5.952602163631736,6.556523842701224,7.186929077497611,7.9430517319359035,11.414003266123752,11.99166624820305,9.828493912949565,7.6732347526763585,12.727173400801151,12.189104346120727,11.818086606157314,13.079275702795144,13.440494224454712,12.707096753537945,8.905769064516607
8.514730729289568,8.377354328177447,7.438984947008625,6.233480386963248,6.975935584865847,7.392318492042897,5.814513571164297,5.645050629033896,5.133683843932,6.217284031744352,8.291147644342832,6.935688684787943,7.9032197172408205,9.320034921289023,7.300795497017245,8.414438424625153,10.633313019717697,11.310184449382193,7.658052465133141,9.618072492310223,10.03712277809185,7.599069419686028
8.302036356737514,8.083232795677356,7.0432396738931535,5.1871903529147065,6.518574638871343,7.39939969509505,4.766343016965878,5.860251686194975,5.1279601151636,6.083341952437151,6.559538863918806,7.958601275944616,7.7754542430004765,7.944340725016852,7.892085090388984,7.779909129728618,7.548001414654281,9.74616268946333,5.607097411093894,7.889320646686967,8.337867552183251,7.211419261907009
7.004236216860195,7.362746934808902,6.691975722034576,3.5618264872169116,4.353940754094129,5.199286579049786,4.444685693753844,4.769919722688381,6.156900172335942,5.837985652891051,6.657384517623811,6.657550370699872,7.434277680020113,6.92273922019186,8.133283538446591,8.177975053276713,6.839363296018316,5.726993555014188,7.683322003660274,6.24494917819158,6.872856404444224,5.910160872071789
2.8882397471691945,3.475672320352423,3.809369707387489,4.249829170159692,4.1164929409263475,4.793484777350606,5.27105314375227,4.7542892132994075,4.791479232442417,5.49987297747924,5.12055117509684,5.42364354942716,6.94937696096208,5.122379854141935,6.678366552215049,6.389140040267582,7.82580067780269,6.5854022069455045,7.722071691225956,4.788221966362306,4.8453889684644125,7.7779937069973775
