script/wind100m.json
{"header": {"parameterCategory": 2, "parameterNumber": 3, "lo1": 3.000054539987559, "la1": 64.9999836372058, "dx": 0.5, "dy": 0.25, "nx": 34, "ny": 52, "refTime": "2026-02-22T15:00:00.000Z"}, "data":
[rows 0 to 24 of 52, columns 0 to 33 of 34]
7.1472900189752435,6.962094665645118,6.243707062967753,5.14371561967704,4.433198649800469,4.334710528878728,3.984676149291846,3.9215404799015734,3.786850184313256,6.201400634900053,5.39757170551705,5.31824463003337,5.104085424642222,4.847942791394882,5.149572190434007,5.679593901009,4.83216584288831,4.02443863278245,3.844024425424243,2.1618845000925107,1.2416737590504197,0.23383636746920033,1.6543343459509585,-6.305619923221294,-0.47821259385797227,0.22797062019378211,-3.177494209677417,-4.387540737015251,-3.401459932989275,-2.844803632095075,-3.5547751991725933,-2.6778854763847355,-3.686165383227243,-3.8376371976040193
7.087095626737999,6.5589940737810055,5.919592778442932,5.100390771653832,4.284668674019887,3.9439475193042997,4.109890560641153,3.996174206413937,4.810990375894726,4.51689388054187,4.658560263738211,4.729540356748056,4.417332941634041,4.17143275962398,4.309526550417844,4.710619448846544,4.41440691579307,3.642814205577094,9.195425239190024,3.1224131813246006,2.2204312797802337,1.4497380063642813,1.300570735627318,-0.8207389889276127,1.2526290440736965,0.40289454221385035,-3.5749590387331702,-2.2054262264582407,-4.437309043237595,-5.66731707164937,-3.7340685787867334,-2.994365052357658,-3.028253504777787,-3.570728938632348
7.123236124227376,5.936585156393478,5.058705676119881,4.468358511705689,4.007230032018491,3.5682673759636323,3.266037247447942,3.4401925679371494,3.4260291582945537,3.640531500479472,3.940502554839381,3.6190830707917985,3.7939096153605334,3.4716518862951857,2.9436907140010122,2.657251047206059,3.0517123444687604,2.61519105832636,-0.842440271440907,2.8158192465657215,2.5824312878414943,2.680518693223902,1.2525489722201835,-0.44863461047822756,0.0015385934720709184,-0.10058926949779814,-1.0904617040017988,-4.521279761514535,-4.311597156289085,-6.214091174798181,-4.58630328643,-3.7862515520169677,-4.20957854926,-4.153888403475575
6.453170448826748,5.915895823879661,4.874702944490036,3.7411058170907485,2.9618974743070803,2.4435626398530785,2.3198246221656476,2.4172343666344793,3.0423221439168415,3.039631909060871,3.1748707582933244,3.541829064101539,4.072737704702254,4.165877003046676,3.458713905364757,5.461163786124968,1.0659442369246062,2.6220373099337895,4.154462515386561,1.9368720961011838,5.282058951122509,2.921754315913514,-0.4261336504538261,0.29548994590173916,-0.08488615658953537,-0.08619481275745931,-1.8987870219060505,-0.7501585142448464,-3.4864633783917554,-2.4333874517596183,-4.652085354715946,-4.349270118214138,-4.550824105431792,-5.4538372253039835
6.039085128943096,5.643617969024649,5.250591301339791,3.9893413687596055,2.958637603331337,2.1484372825699833,1.9282220177385037,1.9123363509914015,2.202843898185304,3.306649382567843,3.645042095764587,3.1804659978195726,2.9198543716839427,3.519330793668709,3.232798175902453,5.213181264713935,1.0821020582471201,-0.7719742351129018,0.4327451451908898,4.152547872731649,5.061595230724922,2.583833458353373,0.860646177873545,0.23107111024665491,-0.5490526451922686,-1.4118242956449112,-2.948409005680293,-1.2823366903391469,-5.031083493309189,-2.6048783337118286,-3.6933841534494474,-4.769713730319831,-2.9797540400130385,-3.7578165143650537
5.326476158657303,4.855123137810479,4.700759575191516,3.965145803633968,3.3592965385011637,2.7771536158841283,2.525283853205983,1.8596902615628499,1.481258448245023,2.166676517094849,2.6431755788172935,2.576704593779968,3.9908217642279045,3.3682192582439643,1.034840432961202,-0.4895727717418689,-1.6097575384507186,1.0918184309391992,5.909044798687391,5.953446402737569,1.5757113555261024,1.8161170800077242,0.7603808435618764,0.37197301670778915,1.4876799477797527,1.3073749128199144,0.5500424069547346,-1.0320181062024623,-1.8040039598386737,-3.5562628715437317,-4.571082896951145,-2.882830096572742,-2.5770719122086576,-3.1834424807949815
5.66871659144396,4.419298679080885,3.863487712427196,3.724753969550998,3.8144679221962923,3.7277700462702055,3.3435606624904772,2.82180271933014,2.381053656096214,1.830020728632919,1.9195605390594537,2.1708547458420964,2.3681206311250222,5.99449282752447,2.5012576046536625,3.786799537140576,2.837977534406909,7.26275261594543,5.069247711692183,3.0969229096317252,1.9112286819998054,0.8198370721912907,1.9794590374385275,0.6622499783575451,-0.8939020585523996,0.46926199239529853,0.03995524437721397,-1.2226747067390742,-1.1225746743303282,-1.3811229147963302,-1.45641687477748,-1.5914617416570713,-3.57716086147307,-3.3410047095193973
6.154137186067268,5.694769319007691,5.26788883301607,2.8978787087901776,2.8804002857372866,3.3826555736428796,3.1802368689912197,2.302051440960045,2.2373220373713703,1.8873393672139915,1.1662582124383032,1.6393901101632262,2.678313940681584,1.7007306552725268,6.486380163346761,9.472175197723642,4.178541354584206,9.842969830019138,7.727872881649598,1.5164950126576107,2.1134975949178263,0.5253128304518961,0.36883139289904276,1.1161370024742345,-0.28072304780404816,0.09678235435518437,-1.0591366726255569,-1.3373429028958956,-1.9355521813474774,-2.441299380515871,-0.2299782278960509,-1.7511296908168734,-1.9310785960787111,-3.146141069997641
8.797555861771071,6.561012024681957,5.653273455126375,4.6883213070022185,3.748393236298138,3.3043149213681002,2.982768153706775,2.806824374343955,0.822402156848298,0.842068377965601,3.439410857581549,-1.2103467931389673,-0.8871094862164539,6.698777124748548,12.210892471063316,5.2246683549606505,8.561707293372372,13.214491839605373,7.054509095903026,7.29393218939824,9.598647537801405,5.04497111580334,2.103146444649875,0.22001122477175192,0.10886153931461318,-0.9466883439926564,-1.509238612745149,-0.3420902525474288,0.6795502525051608,0.11716868984140376,-2.590672648707559,-1.5784126728974748,-0.7475060757546048,-3.065445123969329
7.633674276235042,7.013259684607211,6.805551304155225,5.504044460191129,3.5148900843058932,2.45898025464853,1.6780913340344308,1.9669967682242309,3.5633157834731852,-1.8345151252261127,3.451442510189401,9.462842441369121,7.5826322718652985,12.242994675188035,11.440051821250961,17.55842005111941,8.736572292696284,9.320854620517741,6.126622358690092,3.961813405949883,6.010790460796767,3.6279249343530986,2.0403237533864513,3.2202614242669245,1.9260047559080162,1.1326225032034443,1.7616463719528368,0.8767928929776282,0.7444782571313892,-1.0929412898283626,-1.9583501007055766,-2.9610757538783097,-2.2492092212623738,-3.70881072032498
7.959927354290312,6.225207505735381,5.030581824300532,3.9693971518496767,3.00663397351207,2.366401680871553,0.14193215895033467,-0.04314521300534009,6.121959800184645,4.304608557474099,11.83602593156299,11.463584365963351,11.954468285687701,5.187276814322095,11.090630220216596,8.816969034113203,6.281409697092505,6.422931156155495,7.051302890527995,4.485473710760364,2.5744302139500186,2.3985894881301038,3.3919690514576395,2.1485181540824896,1.6662087099272869,2.338907658936304,1.1893489340475871,0.8865720105935172,-0.3612354805476279,-1.8241173411799212,-0.1669050413561096,-1.0521388907365978,-4.9791903268180535,-2.8069219558855982
9.361940445949344,7.472239430496806,5.000419172164764,2.6707152904678306,1.657429679307524,0.5626776366471089,5.262537740097156,3.228986028672849,1.9216478608482432,10.745042273128842,-0.6710831137984827,5.943266569342617,10.637716880199909,1.2363036319302643,9.067805211381168,6.393843697246453,9.99285660369213,10.28228030301723,9.28349805245199,6.246454902886919,5.958640793253048,2.7022591434542926,2.912784245899198,3.573506864933651,2.2086657240689624,1.5014059595586164,-0.4011512688495711,-0.748308032269127,-1.034597535851011,-0.6546048152051094,-2.0201631551654184,-2.3277539656243045,-1.3183076193759982,-2.0496759143818526
11.019335567148403,10.015567965449133,8.815319583058242,3.022530306284763,2.0116808990009543,2.82985050889933,3.0235247502365223,-0.8476002330330907,7.543610541969979,1.7108292241521128,3.2272238689014667,8.985570155737005,12.299796638735023,18.264255157121912,15.048829077657112,20.540030936202143,7.831442502499804,5.372016353295579,5.01355057004887,3.1393381525486057,4.5807363992632775,3.8310989034813008,2.8910117141750846,1.8983481959606325,1.8172401881291362,0.6212610588970827,0.7381473027765285,-0.2577400429729336,0.779700990015374,0.38062991111231514,-1.5973178401118173,-1.7576012236256813,-2.0753882497841443,-3.4517949423441086
11.769355420163572,11.362103751515777,9.989126541367774,8.14396272264916,1.1886925716377292,11.241344949990923,9.31773271514778,0.1602261489913813,15.295270872073395,9.646951046368077,10.644098412874412,12.577603372101365,3.726246811232679,3.5377226644796598,8.181613345950336,6.2221764656653145,8.274351079900967,4.393006979402368,6.780052173407741,4.9365699822331,2.216959650131577,5.964629608078737,3.0642429338785786,2.7116756133529516,0.2681104691777077,1.6140182136058143,0.09012569414145463,1.2261670859209524,-0.21804336012769313,0.5153514217325247,-1.2910960014858361,-3.1831062554674023,-3.413044814376075,-3.384950911479968
12.804923419529064,12.803473813541272,11.329133717010604,7.062993022068371,0.15056347157436106,2.2765166018335496,-0.7676043605103987,14.20030936409177,2.602771552629532,-1.2099370311605397,5.271561068258598,2.6180072679777915,10.69019594990902,10.059175030233128,7.4118108529312705,7.124131675407229,6.231699152923961,4.127114663737787,4.0659608861901475,3.146122102024706,3.569681247303225,1.8820534041123624,3.734672179670596,1.895483143934419,2.3446239726021227,-0.5201025751810497,2.103556268997935,-0.0983217855508334,0.2149993162843328,-1.5471100990769742,-1.70240375272623,-2.560598663700209,-2.9824614479213554,-2.1381769820725047
10.903393284138508,12.722009628526843,11.625504931313563,10.216570528431872,3.2729567147638217,1.9309333549114018,3.419889247607723,2.734720410054142,-2.420852586115889,-2.892356786531164,3.0716475111804793,10.041597604888254,4.515700286861721,6.371776828284966,1.6682837898280816,5.615447954570814,7.864304739476134,3.4085247556296308,3.2891232081704085,1.5329744405062908,6.426553353205707,2.5116584088755114,-0.11834172374040161,2.5741101543841403,1.7824207846902078,1.6188006185093062,1.6869505291311215,0.37773171684807016,0.670104683202012,0.10633383040491326,-2.2242489833488683,-3.374617397136645,-3.2152359837390634,-2.8339364217661953
4.327525233263444,6.982491645094844,14.73146299595518,11.49964290073017,8.709307180738026,11.311641469416735,8.750249476354787,6.977542719100551,3.4795808857726707,13.95582623427902,8.034574829599219,7.790143070020405,2.8723517284850204,2.993065954465891,2.1823075562255196,2.2918435950694556,3.2898834026054256,2.3642900140141494,1.9614682280267133,0.816136570085437,3.475521669092376,2.8340395121577084,2.3665652483695583,2.177213687777248,2.2987426534515056,0.7273430857512412,0.3150148021853592,0.5725768104297223,-0.3856054641090223,0.18838183843801418,-1.9976023649344283,-2.6782605066530554,-3.575976431273984,-3.676985580020498
3.39202328161779,5.237635291933491,16.527570869718314,15.634314239585061,6.254865961748053,1.5208895482871387,5.86750136515292,0.5657895025124048,8.537036304504698,8.53277231491761,4.650598986414033,2.6145319742855935,6.340998789615878,3.216581123515411,4.769466646397707,1.4542183818907903,0.09716316094487773,0.1996985423986253,3.943553302137243,1.357738939817471,3.939975879950023,1.2409707987748513,2.109821866428454,2.8866531604570067,2.3364041298891087,1.4558693816946846,-0.47374802766981533,0.24258088211948461,-0.20235545676697228,0.4500336033314904,-1.8514597748055246,-2.6484329071325075,-3.1002921257240326,-3.375341098010153
3.8667492391263805,4.6151603693334895,6.5802842185715935,19.214506862994597,7.730239245514117,5.977451839914273,11.616154995560922,0.6705339120392123,1.0760810273320334,2.46372079102863,1.5363003124988093,2.9855980637682906,7.24112763121844,9.208822795084117,3.397486069479016,3.056472808376004,2.0908733447619863,3.0013487934621943,-0.2236737773744928,2.740422687548017,1.8426982089013308,2.7957429282902986,0.6494727615415323,1.9674585309543022,-0.14033956471170342,-0.08891826197631546,-0.16117171563623023,0.5634744390789346,-0.36346005901802986,-0.061713213699188335,-1.1775659678919124,-3.3919535563449896,-3.004526929005701,-3.3798264672997003
3.7504067186037395,4.215924551816401,11.18106724315333,17.646799464702976,9.234515260789333,3.905834444379841,-2.140758761086364,7.15108638542749,18.002079224890313,13.846343347040268,15.454118949303464,10.713696231870436,5.363057005484812,11.019440783404223,2.6380411107703297,4.134084912326355,-0.12841866731209464,0.2455856395459559,0.6681737881426341,1.900963581994506,0.6651045022228678,1.178175644907297,4.807800302059254,2.285904296744023,0.7394595411414753,0.6406255721421076,-0.8566348126962078,-0.43065715492233325,-0.38097034414461994,-1.1564783170326736,-1.578462311720081,-1.9855366870578472,-3.5949581825707964,-3.8723032016880943
4.191138323054228,5.71768335879705,9.730845965094373,18.836350421313515,13.24855449128133,9.38278607406421,8.344940842630802,8.963497157367527,10.908865169666136,15.626779002754464,15.782406852001605,3.9942202478894466,4.5183467023021935,0.5210248412704851,-2.423518356468904,0.37048223077709524,-1.8317690150443726,0.12418256764166162,1.4096269809196476,1.684710296277066,2.1248214501364475,0.2443293829242493,2.2931300258362404,1.4719503345916798,0.9806839396518149,0.5999374297920719,0.5993385471546444,-0.5104548570561669,-0.4730624443760154,-0.5710891418160728,-1.004465867506967,-0.6939495955271996,-2.484027546382681,-4.759237433214755
4.989297725328535,6.400898604664036,10.902150632864329,17.326703372005717,13.035057567699496,2.6029950160501376,-0.1986781044161819,2.259811089120286,6.806230724212665,1.9902342076280086,5.918862794283684,5.92748863721814,2.494819851515586,2.974099105787847,-0.5181998316979773,-0.940908842880365,0.5111727590547072,0.5041052630640959,-0.1126105546020338,1.5124595001269712,1.6700457501743793,1.316315360491269,1.469661386297554,0.5336012460445345,2.5010349015529187,2.0335658954775715,0.9453713241258387,0.9933357709841757,1.8173361946213313,1.2463113340847458,-0.6391356010989465,-1.8409565245601116,-1.7471215576903258,-4.740674310375195
6.005262265843131,5.688904435537121,11.09839839015439,18.072616054685426,11.928475210648203,5.76666088982881,4.306638733989078,0.4820514211817723,14.48161138815113,10.013308257147576,1.9862525938315674,3.631457943142389,5.340797533001994,3.1784058049250836,-0.6451739469720272,-3.6668254597776,0.947889799148089,2.1412002492053253,2.0500023457386347,0.6366112454313656,0.43091216781122094,1.1587898778507655,0.3143936616109872,0.832479616508819,1.877737492376566,1.8825733749448483,1.845417225954416,1.4539655281485353,1.2252872925328424,0.3616315908937912,-0.16178714349413148,-1.0999692072066654,-2.587757275058343,-4.346764899502395
4.9799769900654764,5.746806382818528,8.721300010485617,19.256585043641675,14.062825670933908,4.101546561894726,3.497960253055654,10.214652625050958,8.239771326747622,3.739020788623803,-0.7483766121459146,0.02596680959049385,0.9002408415257879,0.21034487504730373,-2.28375937523556,-3.0584315891888014,-2.129254469644572,1.5174463908508335,1.3601018610003606,0.7380411707234087,-0.8426618922572952,0.8137666641513235,0.2133181100053152,1.3956285637263794,-0.25126984899105903,1.2927524451685433,0.8557736969298233,1.2953372118127584,0.9806905335666237,0.29815844773590555,-0.6631341161283603,-0.6285412920491977,-0.900887764245758,-2.5694839948721757
3.3336023910835055,6.501294839824999,6.440578194970148,17.27180266553435,16.225560524276048,8.264400970596803,4.929697203349988,7.47557533351671,3.0844392347669145,-0.48467355934880085,1.9016093484130312,-0.3015631859214769,-2.1448565406660625,-0.7353838649121683,-2.9039263833008975,-1.8438167352531203,-1.4723473584181201,0.3022264353474424,0.6507074261703155,-0.7483269523587263,-0.5402649779485578,-0.24047546610491513,0.4676622981467184,1.9128918131769022,2.0997245586279245,2.460567146890511,1.7284062259849868,3.182112783565425,1.033861103906525,0.8173162510372037,-0.5971421304893803,-0.5748983579964536,-0.8649447728883043,-0.7921732762789483
