script/wind10m.json
{"header": {"parameterCategory": 2, "parameterNumber": 2, "lo1": 3.000054539987559, "la1": 64.9999836372058, "dx": 0.5, "dy": 0.25, "nx": 34, "ny": 52, "refTime": "2025-06-01T21:00:00.000Z"}, "data":
[rows 0 to 24 of 52, columns 0 to 33 of 34]
0.530870167855291,0.822517544460082,-0.7266134090191196,-0.015092848963302546,0.06156509605075202,0.6096924147147365,0.8197441112422359,0.3127682347432315,1.449163176596697,1.1564086818549897,1.420115400858099,2.604849217477161,2.7162472105857582,2.9214061266967213,3.4837595452673744,5.41091722101228,2.678557552132323,2.8213620482962796,0.9634405228488845,0.17549089710127982,-1.6390922815701223,0.9058784827259229,-2.147322624264491,-4.10064248520353,-0.11848840555570835,-0.10041247417613557,-0.9148741216326708,-0.9416673386142307,-0.6865967473848635,-1.3626190884828902,-1.2275547551969734,-2.1716989737568464,-1.5679715983822462,-0.9850215831060889
1.2022306449596944,0.25151338893199426,1.2308635867677635,1.692986424840537,0.5033388582218079,0.20110317082889306,1.589971132089674,1.8870990699984824,2.044700328594146,0.8778520342736724,-0.20828488531304068,2.755892844362957,2.698453420533393,2.472475355694122,2.1539464694,4.336187381522138,4.358660500803579,-0.2469673980176282,0.8336565806273395,3.6417648184166023,-0.5308260541724992,-0.7860866754545379,-0.8492251323630541,-2.379305282587129,-0.7587315446309087,-1.123032060232978,-1.0480078071290608,-1.9942270885127436,-1.2494575048476297,-0.27337856112163755,-0.9471297455231792,-1.4807223813693386,-1.5082147073462309,-0.5906279415467591
1.7713834389977074,-0.788965731896432,-1.5035250298831226,2.97507919283583,-0.9537311302266251,3.175233302142722,1.7735662581686988,2.4459932375813205,3.2459051507518573,3.4982749194685865,1.503346068412679,1.42606980440506,2.801607865230147,2.447702525303817,2.798900902196165,2.5015839337254753,2.6337218159803117,0.6153337296279385,0.7513650091040472,1.2792303815760333,1.9372519838549775,1.1016922424187026,-1.2607809545628925,-1.7077285678752672,-0.8720002470223698,-1.080574448059762,-1.38136189849707,-0.8185530035241284,-1.3903353900426354,-1.2317451399332993,-0.5210651955249511,-0.9493501444050346,-1.4542402750354877,-0.8295584446850173
2.937480755131387,0.8050998952702625,-1.4058620709760872,0.6703922877337076,1.6608259350200991,2.294631510057361,2.7340026588163706,2.3345015625602494,1.5511419657861907,1.8505431502432177,3.096613180477755,1.8545587789737596,2.2057578746093114,1.3174942484742302,2.8025556823856648,1.9955017825483972,-0.008994920407945374,0.8544207447212893,1.2547046481525348,1.3576609089480471,0.8062183284997116,1.8118362915174817,-2.6286187576373137,-0.16282428166252524,-1.4146519771052228,-2.0150546912582104,-0.7252597769193295,-0.9074400489258333,-1.6325266809064554,-0.9364382607652683,-1.234095600932494,-1.0377084210659844,-1.0548308334804695,-1.302581022002478
3.055606283978909,0.6591722464499754,3.611059767101519,3.845887988030779,0.7746100275010868,2.855332117119101,2.022054258020283,1.615582908726292,2.0479157181700693,1.0255016584949668,1.4837158630622804,1.9502658389596796,-0.12805179423245291,2.6394428399801337,0.7163575974096243,1.454014528650671,2.1217979950098167,0.9243010763415688,0.8555797072775536,4.787676525162634,1.4953735693852634,2.6339710472823277,-1.7943916621667693,-1.3321291402086024,-0.9538922299849988,-1.6249336332965925,-1.9508482652645842,-1.5875791679142675,-1.298850151657917,-1.35624216690935,-1.7171210408823425,-1.884543322991235,-1.154448227939007,-1.1993731548133637
3.0442895620943244,2.0174436760743126,5.020332710595484,4.408091583689244,3.250563795045904,2.1199009360128227,1.9328986148681584,2.2123002597436257,-1.404906372037628,-0.7636104469155911,1.785085540482717,-0.8168750490387953,-1.5023612148981673,0.33188174354365424,2.718281578823509,-0.10089865451658288,0.7923374380748529,0.3491407816458254,-0.80740373098804,0.36174585386282093,-0.17542456534215733,-1.621251931595185,-0.21899862518324928,-0.8744126147377501,-1.4061035481320134,-2.022957150964834,-0.5803000961864401,-2.2205787552166982,-1.6785144167090305,-1.830552124440952,-1.6485985255675124,-1.2711941147568606,-1.0177589353024228,-1.3108607854059633
3.67474734301704,4.224558369852752,3.844148617289039,4.872392258126888,3.4803214480691493,3.4191270316756053,4.248964407609056,5.795228360116884,1.0269495950333178,-0.09291625589592645,-1.0194802554900393,-1.2563421051768004,-2.787256790935479,-0.6727468441082683,2.318815539816458,-1.7331394336362822,0.7953902641155678,-1.8956808223405006,-0.31288714273007845,1.006789953302671,0.30788914585700533,0.7955457538039837,-1.4270460419824365,-0.772280833364246,-1.8341972599478458,-0.5049175525787651,-1.4628643732296986,-1.9287050325086297,-1.545169927285956,-1.1083971118213742,-1.8859132689398583,-1.0293020723107307,-0.9889912923207257,-2.867160614755572
3.9750349530001934,4.768816652456058,4.412595364825274,5.149571375440467,5.702480565004806,4.882185031417499,5.653379321325265,7.268548642042272,-2.3870400541065084,-1.3978401848778272,-2.1589102479800903,-0.9880215917751937,-0.5556418161743559,0.6324822118456506,0.626174395610796,-0.47726845672094403,0.34590560567999906,-3.1989094688133157,1.4309792224194853,-0.3388362575921004,2.0273490716354767,1.4488293421680798,-1.1790471044664688,-1.9847638122094797,-0.25816850252406187,-1.0175880210824102,-1.8372113381266102,-1.4612828231453796,-1.6817627470896452,-0.9872997823185248,-1.2072001570773527,-1.2960391875090354,-0.839075598959402,0.219320857919372
4.5537527571372225,4.095344500722743,4.831802658626567,4.438999571214374,4.027582608323125,4.8859510525294,4.465672987666806,6.094475013704227,-1.7887119371414872,3.9981709962935508,-0.8270176257759457,-0.6832762149194271,-0.08310052591222104,-0.8785097813318665,0.7386425723529734,-1.0242270258578208,-0.7825644154288316,0.14172964953378828,-1.7059378690435267,-1.3324406551249317,0.3302697373954834,-0.330070549509719,-0.15461445156174647,-1.33537150951723,-1.1376508959892613,-1.5392388386737939,-0.6098920216763823,-1.0750193807810071,-0.977285237391737,-2.0039658922057706,-2.150204546090794,-1.0966769285463571,2.275377239334314,-3.6141233773887547
4.432000695613442,3.9763378514133367,3.122676822027125,2.8794156857590085,4.2602534598591815,5.798067162240914,8.239097654238044,-1.2291623573214667,-0.7328269103398193,1.2858430889443633,-0.02732425628481192,-0.011561499369784626,0.1980576380283111,0.8240228099807249,-0.3518370285724161,-0.14700637845764533,-1.2281302839155865,-2.1416599268518235,-3.132870491153584,0.4679594838291202,0.8654229869525363,0.07930284103290271,0.8853942192529103,-0.6267855778299931,-1.0062980109823558,-2.0437225336695186,-0.7767600309838159,-1.602076497551098,-1.6814351098906732,-1.6191205369758834,-0.7238486611225159,1.0790726839855773,-3.72492200411476,-3.9854445321583873
4.490035425473109,4.0793987371314016,4.095725873149764,2.8535904708759445,3.4516747729679564,2.809333731468645,1.6596586826404593,0.25669623895036187,2.6658724921322445,0.10330058263427017,0.13806652929809343,-4.062443796868224,1.489541840784167,5.5122331324248695,4.204719233509326,-0.1743410087289893,-1.7463911319168917,1.4933419197093267,-0.23306731632813976,-0.345201490468632,0.1882751054958958,-1.050563082303691,3.45422110909839,-1.4892661165714969,-1.678116122675384,-0.4682572810952545,-1.6890734634262976,-1.7235077620626222,-0.9055423788102527,-2.548257704410151,0.09345105554231554,-2.4869094713044113,-3.607143912752073,-4.343760620052681
3.7756017389449026,3.83881249729889,3.74072325254602,3.3216470994088385,3.4534651278513153,0.5821843528884648,0.5159324577135072,-2.3950770677078177,-0.9441976630906269,-0.46901552454233497,1.5451398927233375,5.425092919476347,0.9417612956493747,3.420498956856505,4.093395337807083,0.5703865812780106,1.2857440792002681,1.628631309300485,-0.6310035763889426,0.012115713596683465,1.833293387918922,0.4832676553303978,-0.6192779141678442,-0.5494914210566154,-0.4157036408331904,-2.0282053511352345,-1.416330606558316,-0.3218875819846727,0.23950080863693565,-0.1615103642011486,-2.1955476162375054,-1.7110843120092531,-3.7707693655752874,-4.679520981751161
2.4601458696305505,2.8802839166354457,3.6165905100383804,2.784983857510697,1.8018349954309285,0.264752950558884,-0.6406781505814767,1.1608299182181971,0.16140692698191078,3.428706838451971,3.866664483146491,3.873490236353438,1.8125060622911462,3.6651043437305346,0.3386045277580026,2.8972494776814095,0.5862707046111503,3.6062533513616155,-0.5571433168664812,-0.4678458955632825,-0.5168286281460153,1.9070371937994977,0.23691839596955705,0.11975501978619335,-0.36964904927188186,-1.6683937886507405,-2.09866020787978,-1.0728738254155719,-0.7924940308544646,1.2091752687884516,-2.408801201020395,-3.216747027498386,-3.8815824482226353,-4.440814733504833
2.0220443386182563,2.5364587514247208,2.7115566336841184,1.3905323768750795,1.959471328832133,3.0140732356663853,5.050198325467736,-0.5610872902436963,-3.6097035352991007,5.2356865501050445,4.456552823357939,5.662970828750918,0.4946275803394705,-0.4985889761478863,1.8041672479696609,2.4459634870321336,2.0520759484175244,0.7785871993735844,-0.4189839136134113,0.6242355363997164,-0.7842574367377272,2.2821668762258964,0.6648022501762889,0.17695141432910297,-0.4102193263152603,-0.16937155586365954,-1.2162995824920746,0.5500080085576615,-0.9316632121124861,-2.188085232329881,-3.2823559099149757,-3.557325605308826,-3.6724005407623626,-4.1242156669157914
1.3744811471696612,2.138348140913468,2.410730335000516,0.6434325584270435,0.7295279108218188,-0.5510143327933793,-0.06971644039350447,1.6481623584096343,1.105204230931827,3.7913380898943503,-0.6462498405095368,4.424598778128918,6.633375527829074,2.7123432260713245,2.1330999325397415,2.799487097772422,1.6027508699409432,1.2710541391892003,0.19660729434307336,-1.3434531104315253,-0.5364644556204432,-0.1064299273101605,0.5721106009067608,0.5115350982199489,-0.6329033222048914,-1.4706426232616292,-1.1239510584696388,0.9822748871262741,-1.2880020385484914,-3.0783770537940063,-4.074955292659004,-3.494755415172638,-3.4062663467338914,-4.044564368572877
1.357913884949207,1.902133298308409,1.866742450061385,0.4108120226587021,0.2062592182909572,1.2491129198045876,0.4580879644763723,0.9753375570186948,-0.7302493183364268,1.776664075895028,2.30081797770202,6.438616260289068,2.25285520229673,3.876522844878246,2.30332884130464,2.0422091551103487,1.5585132428178676,-1.7968070110083258,-0.17175078511947356,0.886031282506902,2.795566143320111,0.6461228489143709,-0.532086184871302,0.4922432462616492,-0.39436142804267016,-1.2848474361147841,0.15256486349759502,0.040690632150038125,-1.1918774317484953,-3.9445721250290777,-4.07750946088919,-3.6222514581225087,-2.846523271010573,-3.941106067752644
1.4066984824142563,1.8307502238796483,1.9663488165799967,-0.3510682307847352,-0.07374901221880895,0.9948495417360127,2.9236865480616334,1.934165099373318,-0.3164899080504069,0.6360287094423422,4.381111130950316,6.633052198874034,2.147948069619622,1.5764274952566197,1.034505451955273,-1.7815644552543164,1.0295190094881048,-0.5918913517806799,-0.15414628755270673,0.8746981480434067,1.5043262586850914,1.004450893130452,0.6670383925925641,-0.7260872060394736,-0.19087325152019058,-0.6338391232247871,-0.05448919275285678,-0.11262812662692602,-0.13882031879915965,-1.930002218336719,-3.771585727523344,-3.496650872018602,-2.61348935834773,-2.6631890566373086
1.3130567829880864,1.9471152369456868,1.9107474634640018,-0.13388260438862337,0.6241788562094648,0.6701114783554096,2.1775554217926913,0.2840308497674485,6.657298269994606,5.771680757008873,1.2924674787126225,3.2550388144179183,0.30929667454699766,2.47034894952954,1.8868875948959378,1.9498346906335853,1.660194329599337,0.8888743483961226,0.42641519481447426,0.5705810690921055,1.336405078994356,-0.019391835471781305,1.2634578824281453,0.433363772784505,-0.8835389571657452,-0.8193896022769082,-1.251119366778843,-0.3556943242532621,-0.22993986641635308,-1.0639841781506891,-1.964152403627756,-4.026069978622284,-2.5053047137978317,-1.483514478643589
2.184689286673767,2.7142007931701255,2.358906158931679,1.1533243956430368,0.6521508794551574,0.4674927399727442,6.748545377924944,1.9151096168503787,1.7237325716570635,3.5258469364804403,3.0937312469000706,2.3583503024838786,2.0397439431730224,1.6116010308673574,2.487269352680419,0.464418987445774,0.18002314908788772,1.0238116606261958,-0.20643617211542808,0.6637357046027439,0.2925680305170694,3.094825049506044,1.368412393859258,-0.11658105000389991,0.3373822695673404,-0.15002876597445514,-0.7399128305180964,-0.6811994922584386,-0.9873741388751012,-0.5632188636404952,-0.6067707282133596,-3.4277415707303662,-1.8473394118255166,-1.0057756084692369
3.2174118691713356,3.9882395187428745,3.159880848961564,1.579428617456602,0.6925304387514013,1.3476733968568149,-0.9670126637751203,6.3802965753916165,3.488952426984178,3.332882289052362,3.654740144037869,4.843985144036993,0.8449863040614306,6.664507883044314,1.278774318625807,1.0357470595998526,0.8210770540285258,1.107353548158793,0.5097961820955206,0.03390880289032164,0.6030468463429565,0.7421928446869878,1.805921809773831,1.224362595571401,-0.7003831532963555,-0.6111743817924375,-0.7694149487790949,-0.5279454520306918,-1.127656759549233,-2.0438974171496724,-1.869939109268591,-1.7493933090277074,-3.314456532736226,-1.146390347080125
4.999709814067894,4.078405537231054,2.5213970480833496,2.2756559216093186,1.395702109879208,0.10105582259238331,-0.35285525562998377,0.2360447120806108,4.434078012282441,2.257540141141237,3.220465751642558,4.252919174500561,3.25903305545358,1.4361582316813657,1.2672164421929557,0.4297045943794858,1.070765063220948,0.8076173732241805,1.1588419851137646,0.38881355687219626,1.3808237022113874,0.3607403821949045,1.003154028145788,1.0565701289088416,-0.29263541446548147,-0.2120842025385382,-1.2241305599066796,-0.07011561830965268,-1.6908614495979217,-1.1519170526395266,-1.0332228274384636,-1.8120810726553946,-3.4320119153494284,-2.0724445803998877
5.61735372660546,4.298061455276469,3.4658112882441574,2.9702681822571595,2.2569031472137393,4.149879832576162,-0.5319365201405883,0.7668842150283061,2.2254305638674294,1.1738677352595024,2.003203303249721,3.6258773522649173,0.9339871967213559,2.547412317856008,2.411960570892013,-0.753082275321438,0.4505003384611967,1.1813027593455931,1.4990952011241099,0.08705612667784489,2.033906602882709,0.6530871390959316,1.3125713206090215,1.0284956845373028,-0.5939931948549728,-0.6225369364724822,-1.0714557073593483,-0.41428729041552687,-1.9904403245855444,-1.2981479490497334,-1.1956881490057063,-1.4111349398922697,-1.036604320319465,-1.8609718098567756
5.828925407575823,5.45110008724131,3.342014334044845,2.987758841424497,2.599198393362116,2.2073526839862954,1.7775585037084753,1.3449904347901553,4.988551041994325,4.1579338553631535,0.7482925770480668,2.464743675354675,3.176265898099676,1.8796911585182967,2.280952033989943,-1.5597317862173665,-0.32235130997744393,1.003584682116255,1.432526964529117,1.4743022506496029,1.246199374953655,0.9479801332117946,1.6016312759757294,1.210496624235444,-0.4877868393919425,-1.2361739062661572,1.5987311055605562,-1.199870929971206,-1.3517937981574841,-0.9819763226904816,-1.375282162799103,-0.44942837354853044,-1.3514514157293211,-2.3268423818567645
5.804083852319503,5.135203620894139,3.3500768073391294,3.0293358981135077,2.0982182519700143,2.4253961510163835,1.6731712753742776,0.214063595515853,2.573665348881082,0.9230640020793889,1.043606788036003,1.6601782255845394,2.2028189237105518,1.8302013232168484,2.4979629325823787,3.6005131844157505,0.4299524727854393,0.27135525631862817,1.0415414399778926,1.6741486253126991,1.3359057542369341,2.8502296063580412,4.1417260282627275,1.8269006365047114,0.45789386776003377,-0.12900119750697542,-2.854246419922898,-0.9210792906701631,-0.9247065647548046,-0.8982605472476649,-0.6547897478243011,-0.8670442035304213,-2.442588200453081,-1.1914370409766397
5.910708538511842,5.617740670207432,4.546081658656654,3.682543931534884,1.5705718872379004,1.5521546188160427,-0.21280662671557177,2.9695282773526515,3.192121645085369,0.2009571097965729,1.2033660827700972,0.9246733186088599,1.2570475648329082,2.4050817864501104,3.5007811142660703,7.827024803404963,6.395283928856943,0.9096992542576513,1.7661510631133233,1.7688590523601473,3.7689232008195597,4.670655634015441,2.9552304422717124,2.0132305049269665,0.5455348572331367,0.8569769752118072,0.2088256094278266,-0.9909236363163237,-1.1986622938306193,-0.4559056136286929,0.0025066360662845525,-3.1895913676171723,-2.9366733431061363,-1.2678329346396922
