script/wind10m.json
{"header": {"parameterCategory": 2, "parameterNumber": 2, "lo1": 3.000054539987559, "la1": 64.9999836372058, "dx": 0.5, "dy": 0.25, "nx": 34, "ny": 52, "refTime": "2026-02-28T06:00:00.000Z"}, "data":
[rows 0 to 23 of 52, columns 0 to 33 of 34]
15.145366606034443,15.240468310641841,15.267081217858793,15.09297931697045,15.05490257947578,14.318325073385829,14.057592821777858,13.50888849524309,12.912444056391777,12.603741510255874,12.69147436037752,11.776341699824346,10.538162977109097,10.015020998241773,8.668341838137671,6.8602405740494525,3.5579719006406174,3.536128346011285,0.3797351123059085,2.1979903591600594,5.157180895619103,2.5049375495121504,3.4797522379114993,3.9184383570434185,5.261075856835175,0.6658862842671286,-0.486418994142276,1.0716856017666285,1.3721219835579266,1.7241708397529723,2.6418412885845597,-0.38473818935136644,1.0820234462712102,2.5502992783525817
14.333633284918864,14.41860523324813,14.68057307406615,14.928014812098322,14.958493558165147,14.294553219336576,12.814854603405626,13.106017465123248,12.139851026450737,12.269307486089515,12.401722977557817,10.914522679459965,9.887603727920494,9.092253131579843,7.584140969015069,5.774422378174206,6.99140754380783,3.3725316769985705,1.903861198708375,8.577579520143987,2.3159535273679808,3.407577588932621,0.297174838286614,5.501150824421874,1.2800293969981218,1.5414170459854821,2.408096648302581,-1.0101470076388837,-0.29897465249947386,3.0414308649206316,1.9197654479131407,2.8590085790300046,-0.23187117616651184,2.2617290989348064
13.106464796709298,13.109564430114936,13.477162530782898,13.651878482667914,13.756012028284742,11.457633214590805,11.146969768455845,10.444514428006993,11.257798377918721,11.939023397831404,10.832555278439333,10.74176356154877,9.297378428068567,6.497744199972623,4.929843594881585,7.710958719305047,4.497600507306259,1.3608190882379678,2.567606665424729,1.7240025261627379,5.770085544796819,2.4344561138125638,3.1328589215061773,3.2433703549132704,0.7480101961390888,0.32090505204930403,-1.859410109163588,2.722182887425849,1.936227404702738,1.7419263650675525,2.370047992198843,2.0365844919675493,2.83468737387083,0.5468564351106838
12.417434836052887,12.353385948181106,12.352137957845425,12.887878719015637,13.314512413969608,10.68521652934238,17.09301704305316,11.18898742911785,11.493785262083195,11.115547694565935,10.723648333444167,9.572662976722878,9.403416770423666,6.032603298537883,5.849144367552153,6.504458837084984,3.97202816384382,1.6144678858522468,3.363754672365678,1.7782317200548465,2.2379942553903174,3.8205563104106943,3.369552448511591,3.369508463210818,-0.8061458085824619,-0.8279314204601621,2.340093899235618,-0.9021369650725436,-0.7062608442215238,1.610962784103943,2.0061472305127035,3.335802050661469,2.6628611145055876,0.9764187014870963
12.262692627675138,12.643126989118059,12.77155395771526,11.943024919609464,11.150521033754607,13.437135068363274,11.499786178147048,11.543009726260944,11.695209803243502,10.96344753801181,9.231438809022693,9.490885188557996,8.843689717743336,8.300796246072183,4.766745820039896,5.232295503151264,3.3129825928380217,1.8352715730131837,2.644326096425127,8.512012740356036,4.952032450958933,10.422741300389712,-0.43917195431495665,0.029401912502072785,2.4486470392465285,-1.1924001294479618,1.136071476183573,-1.0841707227614814,0.9387490087205071,2.207951397005321,0.9032294602868773,2.304862517694456,3.084368265353315,1.904714875254691
11.639490739202188,12.385021357918566,13.87546608370147,11.985679452714963,12.896822160682714,11.154486667685148,10.697318912593534,11.475447832967372,10.817946772991604,10.341212621077126,10.315304403860043,9.529236625144563,8.822853075783433,8.784312868792929,4.829466065041268,3.0238263814796453,2.6116729384795025,1.8052073747851285,4.566893771105522,-0.5826024759607066,1.3416883556298875,2.1800556630280727,2.9838597166669967,1.4195558775763932,1.397650376486473,2.12373650836933,1.07847077721538,2.219915755073427,0.6243831142279621,2.081135791857455,2.200297066664129,-0.5475324574449905,-0.21953863206076243,0.427029068959765
10.992254137920328,11.62194301285793,12.861352430915224,11.578238668966437,15.153592032796576,11.361243452476911,11.328983084578494,11.210084681402405,10.354578107433142,9.817503956213724,6.8303185961028285,5.998634160944079,4.155665122306823,2.94877076430896,1.440907938638053,3.908477188522185,0.03613465257701965,1.0613416810460392,3.654128727452235,2.4554460048405704,2.1760918305197223,2.522195901917505,0.9707123278484784,-0.8606814819192977,1.3718542596848764,0.5511453946134393,2.029569935710509,-0.32070376450622884,0.21384066375426355,1.8201848056038068,2.8265007774972744,1.2679251844886847,1.2835452083281857,0.012412115380914513
10.465061623395462,11.337256493351067,11.852574526036022,12.287114423723073,11.626937856530112,10.742307554590953,10.596237811188306,9.784275776579602,8.136813862853401,7.007572691001305,3.8077911932026463,0.47310784409341766,1.6808518919892144,5.939917404773332,0.12008155007340918,1.6014918452564382,-0.3254683627257294,0.1447385209295269,3.7979879291908074,2.6728994500400343,3.2330167342949117,3.596079497330139,2.1402026096009323,-1.1738359828549587,0.6784302995075775,-0.601707110522196,1.7728121238653112,2.3320323268372904,1.5983902526241496,1.11480778825006,2.463680744114344,-0.29828694829724706,1.085796327923138,2.8546596943290905
8.910107813601904,10.224172038386085,10.96272180811599,10.540017290571523,10.2443624793142,10.164464469197092,7.936826434198976,7.737396242548774,5.312887461493613,1.8378712376947572,1.0351419913001405,0.9406539304712421,2.2917893438464145,-0.8160735342981398,2.6890305623839135,-1.3249384387764778,1.3946232673368857,4.477180016063277,-1.1583195252819523,0.7097559475358272,7.818473027281551,5.028071897828178,1.8376439508979596,-1.6953404829232508,1.1567050190097594,0.89624777187144,0.7290536474331938,1.0926968289447854,1.90801288042574,2.3064606372720053,1.4825719050893456,1.6695722075471622,2.085516457673711,2.068499053878949
9.186151554989822,9.262267221860776,9.481474694576466,9.480668750450057,7.687076121910425,5.949180316737819,4.2911484666519994,3.4813836206744098,0.05248036435753244,1.5271626578943505,-0.41946759765455405,0.45113193213358455,1.857996164548936,2.1715511605021924,-2.0334475741791413,1.4663719289871393,1.4862505638614596,-0.30182632076726273,-1.0690118962342523,0.5098580670268452,2.765715664695142,2.5618453476650527,2.6741268560786975,1.3280147416543078,-0.10380826131625238,1.4473580528194896,2.0709234823880807,2.017056663305305,1.732615847631435,1.878800922918233,0.5163803730245312,3.129529151315905,1.6578999097849065,1.8244338593742206
8.365761135560453,8.205583280756318,8.019143444617185,7.041825518471851,5.676630326968073,5.577932348224293,0.9453713113185018,-0.328317474002045,5.371638654699205,-0.17867658359089586,6.14437964568959,-3.0586764323659947,3.145421386995729,7.2954041372283465,6.526825974966976,0.7351455178218929,1.3346106008902103,-0.5606819531298168,0.6271242346290694,-0.2670923046215621,1.0052021204675161,-0.469073963006631,4.164452194045333,0.08404134729806852,-0.1785201235705419,1.335863979520305,1.1247002434636377,1.4024182708649298,1.900237464223674,0.5033527937780276,4.173729409561355,1.8615986580566932,1.2518116636333156,0.6708925010514545
7.996035991551565,7.664099498051887,6.360254680467505,6.6007231402721285,5.196869266543216,1.0849694098832632,-1.1713101191397255,-2.65631222578838,-1.2721395339030237,2.295040570782331,-0.03725745171142829,4.388434291312403,-2.6037804708212255,3.958242724824168,6.019220646518657,2.1601325842414236,0.5160977952108968,3.8967686870911873,-0.8651048318953366,-0.22595506925539985,1.1787993637830698,1.5824502965662668,0.6084154798069085,1.2835534776706896,0.2873073027062927,-0.7833416846472427,0.5008951940430626,1.5213308153508356,2.49180838362834,2.2708919116803528,5.375072642390593,0.600998110652988,0.7486078769437734,0.15066386271530977
8.134485916140823,6.763062059103749,4.8347468019316695,6.455821974159836,3.7187304932693417,0.4022803802846221,1.0159869232753966,1.2654753807327663,-1.2793213153887453,2.0868383636543926,-0.5772584617180141,1.3130816123070843,2.8930045573702974,0.5244877395776638,-2.0263017061591575,5.278560780275964,3.6433810267889877,-1.6176939428451436,1.4041734280716502,-0.3708651041167291,0.15236272427308123,0.5424414503816685,1.278577580030704,-0.35211199299410323,1.383042489867598,-0.17043586381545392,-0.2530838532789732,0.10498523908593971,1.8324643217314553,2.0298628264548375,4.3160854855102535,0.4053806946181309,0.648235064282899,1.1817859845339567
6.1030137282253545,6.346762943853215,5.981166496686289,6.515656193113787,0.30023587524782414,-1.703217845941552,4.304931868812362,-0.5460502907926261,2.7497019649587386,2.246828968356848,1.671179873786313,5.8108802211088175,1.6538402143120807,0.4332802901798923,2.1488249381455304,1.8553950886122783,2.0683212632559167,0.6664350044325729,-0.07144234832688712,1.4216247025276125,-0.6895047286060697,-1.1619881206907365,2.200741711800379,1.676941415740496,1.3079376494602788,1.7859463381576959,2.720275935025441,1.8156930539067928,2.6463912699297367,3.4576325763739897,4.550992787525538,0.8112368796652832,0.8354765491403224,1.057463689206651
5.908058403293788,5.770919707755664,6.787544285113734,4.89154167813756,-0.5188094598534905,-1.6095529851191568,-0.8234949641134965,3.737046630326066,-1.6753140936538686,0.41158815763488954,-0.1461485690299001,2.849493056256264,4.942598200933382,2.101539145556803,1.1185922536846855,0.1401492332515346,1.0726038855526925,2.328426658868749,-0.6418667530415989,-0.9183635506005895,1.534969587288733,-0.19076769956617806,-1.045835569147276,1.6085062942621364,-0.626432542716473,1.3184310517988826,-0.0709554358338304,1.0686390132584216,1.4077130295046056,3.7828728735940875,3.372364997021872,2.265847122679194,1.0558139070497576,4.520389327823015
2.8176159747411114,4.986447978676722,6.724237991837945,2.541045598321019,-1.6041480254749316,-2.3380589784853703,-0.17355913524741934,1.4605884033812353,-0.51559426630264,2.728696004490277,3.3477915367750932,5.174737133434261,-0.20071362748359986,4.716293588611963,1.4970701988584343,-1.618324021956214,2.798175008271444,-1.1491961569079479,-0.209514207985601,0.34739931252794776,0.7878836769975802,1.4283319014368283,0.13893147253569976,2.144520836293324,-0.012382290075422984,-0.5639878345179615,2.288492369445858,1.351584974516505,2.1872707809959047,4.65943133760942,3.926246214877178,4.531879207512637,5.188203293527569,5.496078543072452
5.910226024758555,6.433151928086555,5.716155245130662,1.0013118011407283,-2.555693294402067,-1.7230902566399533,2.412977879877102,0.6485088799553534,1.1466253957030688,-0.9987973986604659,4.196807379431096,8.464796392129477,2.3832160630197077,0.6684528067762823,1.2480161304409896,0.012923703132143798,-1.0578754444478697,0.20097887036700135,0.7690803184707302,0.05690360117253089,0.9683011427306016,1.0494300266612326,-0.4068015725841639,0.3004891904885329,-0.14905974546198789,0.48488783992575113,1.6811169425101657,2.041389271740606,1.5147594402865725,4.051029624355035,4.337466482108858,5.034967304845564,5.806044557684858,5.960885254900364
6.241507432873592,5.814971726879798,3.944686759703516,0.5859848831754928,-1.479712936093595,0.21191579832004823,-0.3135415661953958,-0.5575242780877291,4.7045525001873765,5.686102898281408,-1.3903239061565629,2.120608663935175,-0.6619735706616796,2.3764817180049063,2.1753524438111214,2.2545597367205987,0.4274636067028671,-0.06050408205594271,1.0259795656646498,-0.04621726869840359,-0.4600319915085288,0.885293586446119,0.7406530865499933,1.498552887173309,-0.40201245364629623,-0.5921333275360956,1.0328591795907722,1.324706498072708,1.5962857774543564,3.241175748256105,4.712932069244706,5.568063058639141,6.233503505099573,5.636214601613229
5.451462033969156,4.904673973098575,3.4598423955912185,1.3884824363563522,-1.732330398451484,-0.9138759738952685,1.5638519391563432,-0.5562894364818919,0.08798765730663706,5.416903330965678,1.2736559774860472,0.30516419667388617,2.0860269443148294,-0.601844614620383,1.2316445692417735,-0.9062468268710039,0.5983760339931282,-0.43667100423589145,0.7537283859607699,-0.22513858427304034,-0.02955516262080184,-0.021978372289036097,1.0245357189860729,1.3300349087112506,1.3818646721072894,0.8648636027450226,1.5751569142885258,1.737501839678482,1.2608552033875562,1.6586213591496182,2.541729049661924,4.759203172676588,5.700178652002711,6.2938913714472635
4.672866111607566,3.6127497608170867,2.5287549978651174,1.416383507678286,-1.1747304100459999,-1.9024940359175095,1.5355490867952362,3.5219047773337997,1.2184655435463352,2.124900161102056,1.6049371147097213,3.9692875870756503,-0.7263655755582561,4.428531588560856,0.23636938912731306,1.5070323203856868,-0.1191671736733462,0.0534257890583417,0.0898318796458043,-0.2163284427078109,0.15979693484675744,-0.01264121248957247,0.8328994337220323,1.2241338664492118,1.366978154882607,1.3778982254182708,0.5261136189659157,0.9360332705911184,1.3387444989435227,1.6700981462710216,1.8456194979503597,2.0162143694695565,5.170652712952632,2.25534242153616
3.8924173202476986,3.33608749413178,2.1042428489867255,0.9668815528917903,-1.7341363260802076,-1.9064588026485252,-2.54225397593287,3.094546409357537,-2.614533546643033,0.5734359192831803,-1.1369091078675897,3.555257104558053,0.6846829894090833,-0.5645404968460455,1.3397616650999378,0.553461855083161,-0.38871941718331277,0.5487668838522505,0.29158692834841954,-0.37333046923154023,0.022094839303651272,0.4506915887446489,0.6378803512435464,1.0695624940891169,1.507682344753714,1.7384810520888574,0.8701651959536889,1.1432035670167486,1.4883619009941214,1.77559429545851,2.1189516491322102,1.9407811841947349,4.150287912359541,3.221634435689335
3.045793617855056,2.5167260660225375,2.1635128080209975,0.5071723349970051,-1.2610479743538299,-1.3040161722921542,-1.265778591647018,-1.170504484256701,0.7955383425993454,2.115072447163976,2.127211756027876,3.079787966749193,0.44518636920748156,2.391277666671054,0.9559544657442612,0.47677745515034387,0.3142728156186618,0.14506860277294092,-0.30163779612483693,0.1416794680168202,-0.09381442947487877,0.14909450967573432,0.6768020206568639,0.9286308821346761,1.1808590461347737,1.6686565709078613,1.3352839652356852,1.769358177595472,1.8756113288521417,1.9741402707526494,2.1114307301721875,2.5572970231892183,2.1505254746158857,2.9340287956149598
2.5478987507725894,2.3903443698585862,1.3071907750514722,0.019788638065915447,-2.0252173271293596,0.3174291337831395,-2.319649794634668,-0.7297456372113518,-1.133681179785429,-3.2235986027977166,-0.9362556703850702,-1.8213650931082757,1.9236815643968448,0.2944253403194484,0.9815443950988836,-0.44725385021149633,-0.07040455829198367,-0.31759270585891686,-0.2937259637489377,0.19300526730459255,0.5069086738526306,0.6344304760587645,-0.08800467303562762,0.2653651920654266,1.490461115846095,1.2846898502234678,2.0211875443142535,1.7526786109469943,1.7874473771892228,1.6930603882536435,2.041677945087719,2.5773271614413504,3.7073228294885294,4.158062664832728
2.3110925413109134,1.9799652537896737,0.8855942603241962,-0.656608670212066,-1.379183133785343,-0.8274603195002682,-0.6140670449325808,-4.027424203475172,-1.7979457064695061,-1.4962670881192173,1.7170658639093368,-1.5472023731932802,0.16234247852091604,1.0161767404180302,-0.8112912573824664,-1.0671683114870036,-0.5882025157563618,-0.7591154286649847,-0.261995617287213,-0.3622629011525858,0.510706269965955,0.6558212305988576,-0.19041058464825583,0.1257384165086284,1.404735902200056,1.1071982470455162,1.9310269603957382,1.5122254223975211,1.411899969451647,1.6034295728070511,2.737198947630449,2.107419391035867,4.690586471729616,4.6980543851500265
