script/wind50m.json
{"header": {"parameterCategory": 2, "parameterNumber": 2, "lo1": 6.000198445256149, "la1": 58.999992894266676, "dx": 0.5, "dy": 0.25, "nx": 22, "ny": 24, "refTime": "2024-02-26T10:00:00.000Z"}, "data":
[rows 0 to 23 of 24, columns 0 to 21 of 22]
-2.412941042597658,-3.463918657581603,-1.6046933083954462,-3.162581343689447,-2.4516252006442594,0.009323530806202358,-3.3493758166579863,1.0899033068802393,-4.889083923245108,0.4303126272308129,0.41076798375021406,-0.08436564315451699,0.33375152564828797,-1.317746414734662,0.036894420447278614,-1.318458967066927,-1.5039848790725059,-1.7836729040586707,-1.2299898708598969,-1.282954439367389,-2.347004725212339,-0.5600845312619428
-2.786951891769528,-1.3590095299653997,-1.7755471178272424,-4.5677652721819735,-5.2917073091151865,-3.4737527785570728,-1.7482213058235243,-1.6971411680306099,-0.8338218292685147,-0.657594243477138,-2.666723096562972,-1.5038150889914434,0.8089440045787191,0.44576271619568675,0.33030093834107355,-2.145833925671586,-1.0018947385630705,-1.9242226788387942,-0.38218601706535565,-1.5403711343594209,-1.3732638891478492,-2.8588863768721473
-2.7742882345663693,-1.2152319638610172,-1.7176711022243665,-5.199125534084232,-8.0206027242265,-0.6938405827745223,-7.322285985940613,1.4334311400924102,-5.49273935393575,-4.646983775956755,-1.9169251713780189,0.10527541573902777,-3.1656378800114626,-2.979775362862274,1.648233894779204,0.7729764520439051,-0.8152733293339057,0.13990120385330024,0.01758241219700723,-1.423718856672187,-2.213402817959136,-0.35804276076030245
-2.7278445249972774,-1.5750662589840048,-1.442265688856721,-5.94502394318195,-1.5799737197030261,-0.8655878482057592,-0.6532303995466662,0.40914318729025406,-1.3557081103670745,0.509961189875871,0.772020361267656,-3.749690202838999,1.269375076970599,-1.9036659193225067,-1.3371835870975382,0.6716504291814317,-1.7663044558094565,0.0019207753098188646,-0.08898948443244446,-1.4167859077423184,-0.5585351302768766,-1.2841353230742825
-2.1129441566004195,-1.363008292541982,-1.744744222740312,-0.5882310567024345,-1.3261064596232288,-2.088285462777755,-1.5643993389136843,-5.8920651201082395,-5.005784541002077,-1.704532052128182,-2.000154891041933,0.4033123911907384,0.3135820844081124,0.20799484063841003,-0.269619298211068,-0.10806594622638889,0.04445575810781252,0.29765718280182135,-1.7997830794691017,-2.7253694284886487,-2.857407210530624,-2.4734606566097272
-2.49225122922674,-2.0201061202947095,-1.6394652074698797,-0.4753666428042775,-0.4489781779996401,-1.5327884073575195,-7.353820395792449,1.1056048546107655,-1.7351352607846873,0.6243596486221403,-0.4392595198043701,-0.17642891926627507,0.4003058161734891,-2.112229795054934,0.341623169638376,-0.44320918341964916,-1.2930341774613587,-2.247785088710098,-3.94977561845073,0.6234639098772562,-0.9568522582486808,-3.4496421254512186
-2.870084585406821,-1.460728922922857,-1.6826513560729097,-0.5945232583696087,-2.2971866020423937,-0.5873727018355104,-3.2764142650904544,-1.7686086776957948,-4.196857911888282,-5.018144850327409,0.09483051365471074,-4.419087993838503,-3.0577587813617835,-1.1698784029634552,0.3486673498302144,-0.4407669443391875,0.3016564501472665,-1.4942630791456233,-0.22376163693584095,-2.5903491838944044,0.7191714402558429,-0.48090544792842516
-2.5213606344019097,-1.981800567835619,-1.4636846024571788,-1.180875761704143,-5.262592027908561,-1.8237029481761065,-1.7841649980690446,-5.932824211191832,-2.390343270540428,-0.7745936817741816,-2.20962074526992,-0.3255657284529631,-3.7258502816143353,0.535669314666878,0.32061159916071086,0.49223438241718664,-0.28056227518879145,0.2502332652102924,-0.06512037034567432,-1.8247274375280045,-0.695977400977898,-0.05348948844960606
-2.237523896064371,-1.6289785855613468,-1.7276811473289975,-0.5908978352633065,-0.12727543291175308,-2.1409132501895844,-7.356784007411178,-3.6468585901891677,-3.970009353852716,3.346149244922866,0.13718440618788358,-0.676698130979304,-0.881869123104072,-1.0363453105630278,-0.02657157041569766,0.6358595295386066,-0.5310976104220921,-0.7909805721494155,-2.40963477493076,-1.0259833415977395,0.01791017400749982,-0.3159980814230989
-2.9011360523245395,-3.2696806671815537,-1.6617854587423186,-1.8544705411785112,-2.443578487742721,-3.3052353568031494,-3.572121312142524,-2.354303318570697,2.3279455596219423,0.5318951967302684,-3.3645497369275112,0.13643864953594195,-0.4821790339831905,-2.58463898949284,-0.832854956963746,0.07423577937932553,1.1358328550187762,-0.5252766081977766,0.3284019347914004,-2.513301517137382,-1.8610302910692125,-0.38954625757662786
-2.427697714523748,-2.2215076108560874,-1.9671174978660981,-3.4933945854464454,-0.6709067918417929,0.8267500273046288,-1.688792107430804,1.3605361454074874,-4.062981177432422,0.35469962534699123,-1.0083604015778023,-3.1794677519635908,0.442300641367804,-2.003422092761924,-0.15645500670135484,-0.6457279569236807,0.9517347847467839,0.6334124367562158,-0.30273779501291015,-0.12703131935939777,-3.726860527537611,-3.153776851960983
-2.49201622232791,-2.8709503765855104,-2.837694535103793,-4.162539017600477,-1.4099194547432725,-1.0761575762462776,-7.587678721470899,-0.6965316009255188,2.431741832624058,1.0199274129672367,0.8263349369776302,-0.5911318310234234,-2.641610782345946,0.5794326018810648,0.07200760784893867,-0.709999542428873,-0.2743174896435462,0.20900162882237533,-0.41162906867495186,-0.3597464260750308,-1.7900897762409542,-1.038241379285743
-2.492092882574252,-2.3405768656742767,-3.121924568273478,-5.170553110089805,-5.952516737059119,-0.6235822733844786,-1.2017358740245192,-7.226531279219728,0.035594839956452594,0.8648533767500145,-3.1578660237158993,0.22832196685863018,-0.5260143050121323,-1.91900826902859,0.1621615945870835,-2.080041741323259,-0.21853392634685087,-1.843392039579066,-2.0211092826646526,-3.9827272666883826,-1.4130531977360579,-2.9641675808086925
-2.439735925057325,-2.6783434014591863,-3.357569025827336,-5.982592869479656,-8.120506465735671,-6.34090889043141,-1.7632564454934103,0.45456346369122663,1.4550415919462187,-1.9947227758485384,-0.7778583142860909,-2.87116849164898,-0.040090246064031186,-1.7567395793258114,0.07938841792254873,-0.27492024647357033,1.0351657650289783,-3.377233891794526,-2.2553279223079628,-1.4171528774832263,-1.8285047405522212,-0.3745286163945725
-2.798103586484125,-3.684271293289624,-3.6670794241669236,-1.303319608633031,-1.5978649899446453,-1.660879518226962,-8.162654988274854,-5.777080778020378,-0.5163840981873825,0.2506676095314042,0.7043000558699893,-0.6906469991877735,0.04055293195937919,-1.180915728722147,-0.04558390269435421,-0.7695085067487407,-1.2802119128031415,-3.035442620363786,-0.6143206807336383,-2.3097621946834863,-2.4924951133818847,-2.377647247439853
-2.5285577300489512,-3.145702428543222,-4.162758115777888,-0.8264619559181698,-0.677738524127696,-1.2029237710442984,-1.6384548141398874,-3.4640998604953324,0.7804455213201565,-5.127270193693085,0.10705000693601377,-1.4192216396988246,-3.3887164168656296,0.7522419474041688,-0.0033253840804095343,-1.8329633081707764,0.5582561170785024,0.04496034733898696,-0.342423234227219,-2.309734822622335,-4.089459862718426,-0.9949338879897018
-2.7131880974983984,-3.3241082613019612,-4.544634506010606,-1.7726062237674356,-1.217967619843274,-1.3468873256870426,-3.276825383430024,-2.669813458338687,-1.3487590469827946,-1.328001691256373,0.36237028752938044,0.019275567517043454,-1.8674930588136514,-2.6129562119045917,2.3595642684709373,-1.2179792384812829,-1.846472468323369,0.7324108233936445,-0.5696192305634113,0.03078490399519918,-1.845764036190915,-1.6921768641811354
-2.3214015663358802,-2.2937914874135292,-5.37370936423025,-1.456393439272679,-5.3576770828805,1.4630489973861476,-6.147974708419247,-0.14809865639280015,0.3484322584162319,2.2362985119880396,-5.155824238790574,-2.837075824742276,0.14404084462242678,-2.7346242251938677,0.8154023402354769,0.21077061888796997,-2.6413171936056714,0.31838696390454585,-2.687098008265389,-1.8420251883713041,-2.345218098136239,-0.5257062296158789
-2.346181077286429,-3.0058081441401128,-1.061681022986996,-3.533184375797343,-0.1894466717458705,-0.9899891111092254,-0.5885457228539069,-1.6829170218314407,-1.9850952637710653,-1.4349041355378185,-0.1971058210038828,-0.8808237307948714,-1.2505913542446647,1.1433021685865858,-1.3573796240698917,0.36606007096862647,-0.46199558836624954,-1.4614818057275323,-0.6118584888761084,-1.321692979794007,-1.455875475625549,-2.562526543513773
-2.6894336594901964,-2.537576494182397,-0.927113715251871,-4.356004465549087,-1.681214968444002,-0.7511610243089402,-1.8869545481529733,-5.660714666143864,-0.7552191960368312,-0.7045691946183644,-0.20397433026834588,-0.11711371706723678,0.171211925058065,-0.01078425775561282,-1.6113713669905967,0.8892265335188629,0.34917028129064254,0.08166784554504092,0.4564771257603146,-1.2639022343409998,-1.4156563402459934,-2.133634059841009
-2.279765932666044,-1.2987992031007984,-1.436001100702633,-5.389702047522648,-0.7011493508596888,-0.6378771146414446,-7.652379948175506,-2.9887350620671307,-3.9659418068823267,-5.100035668631662,-3.993833739695492,-3.580421913210544,-3.41002945437219,-2.56560340994984,0.20783682310232432,0.6515741623143833,0.5440307253601788,0.1738195378795116,-2.3345164713255686,-0.3652861313938036,-2.9223441090957274,-1.16621563661234
-3.001747618725068,-2.3132350899176997,-0.5638150242237988,-6.26812514164835,-2.8674838510520497,-0.8546841266575704,-2.078652817967241,-3.1394083451672783,2.420532045025012,-1.3579288112695014,-0.6671192851464443,-1.8451248274203977,-1.6855796409502257,-2.6742167308370752,0.6688694767624495,1.2822720180561935,-0.8450398654693241,0.3871316543933129,-3.1463718664146745,-0.8517366008313073,-0.8944769919121476,-1.6578153096847155
-2.097614337352976,-2.22061705248664,-1.372572547619578,-0.9549121789648769,-6.597143940947196,-1.3694472954165016,-2.806404538201595,-0.46496007161426445,-0.12367939351410982,-5.00777867556013,0.23642725722386237,-1.3916730259449663,1.2489216082437535,-1.0439861932188403,0.27776001779150866,-0.5160530429748721,-1.5586354262292326,0.7958197280049096,-0.5695777032381752,-1.1058273959398537,-1.943571452239296,-1.387379309552349
-2.750287607210302,-2.6471177574959524,-1.889514823378385,-1.7629652532272093,-1.1808087193691297,-2.405782462218378,1.7435294643824089,-1.7462418124602883,1.2986481826982124,-1.4008500267063482,1.4759394472737588,-0.25846128771850113,-1.3138351825869412,-2.6448586932965816,0.33026586081457443,-2.852095476458952,0.6513893656811235,-1.9070127917486577,0.21349388826461038,-1.3767752479790096,-1.260834181278815,-0.8496613063946749
