script/wind10m.json
{"header": {"parameterCategory": 2, "parameterNumber": 2, "lo1": 3.000054539987559, "la1": 64.9999836372058, "dx": 0.5, "dy": 0.25, "nx": 34, "ny": 52, "refTime": "2025-03-25T10:00:00.000Z"}, "data":
[rows 0 to 24 of 52, columns 0 to 33 of 34]
-3.0322699886954085,-2.9012220949287024,-2.6717762621539043,-2.4892143772128468,-2.195197890526087,-1.8605703812178624,-1.4652644063538398,-1.2767276144307518,-0.9329523030362049,-0.5096794265630301,-0.04768417850683884,0.3618184542090721,0.5320979989597925,0.673459416332652,1.1983763514054004,1.5316620302463873,1.754540720674844,2.1817569956559177,1.4399148306879477,1.9566448382040966,3.7859251213650476,2.999764383284055,4.622269741548202,7.0295855538923995,4.393367396977302,2.121934576189809,3.8115668539975487,3.4688936910469765,4.352755143328531,3.4055662966995417,4.040835119083287,3.790880383988554,4.222363825196425,4.282516042065743
-3.241037300667308,-3.0141683761475275,-2.9975639516957417,-2.6696800137096623,-2.129021095299303,-1.9721616022816857,-1.6585248135924346,-1.2234744199029943,-0.7158884756367473,-0.38633118772050745,-0.215924055716198,-0.06709673849374465,0.018641427639519915,0.048834202879918534,0.2885879653128614,0.5240735760718386,1.3936227596502337,1.5551567717246435,2.0520025818758976,5.262487300758387,2.8622754713061975,4.084827904098873,2.521068510762086,6.019324113118573,3.0760855185429725,3.1231310122421165,3.1814795203239927,5.457515606086452,4.1621091316438354,4.26097924460966,3.588621575336715,3.979903480649872,4.059304129875926,4.197907068870996
-3.7053316516149186,-3.0890269455242545,-2.4222429325674497,-2.1858211753176677,-1.9895410008649312,-2.1619825329670146,-2.046199078384047,-1.9682825358661917,-1.7845688212240718,-1.4486362709882996,-0.9076566983203405,-0.5335678788031677,-0.341299415577256,-0.5607376955262611,-0.740210188219449,-0.7360660334844957,0.9550279121311775,1.096932192597729,1.8276057445324327,2.1822013052508273,4.137064100094723,3.255479308989287,3.6761945071316044,3.8107284551302314,3.1419708854974426,2.6040291266501954,3.692958013514186,3.290923014037466,3.382513060309715,4.192545694188885,4.102371671871286,3.729575303053473,3.912003355960138,3.879325536151578
1.1148890129443825,-3.404046457063755,-3.4238568223904178,-3.392073914768593,-3.3376327048133594,-3.260369264816996,-3.172519024030942,-2.0665480427154286,-2.0553593414289066,-1.8348515082725327,-1.4866821839293802,-1.313135858601278,-1.2292529294265624,-1.5689097081410206,-2.1396565348892,-0.11575140435025195,0.6917616105171298,0.9586863634678057,2.047207429792363,1.4518664784564912,3.1827684942631778,3.6491345084749245,5.344386252583168,2.8768891788062545,2.780346887534594,3.2773377939219577,3.2205810238879184,3.4928919295774814,3.6522197743610643,3.6497155445939504,4.0935084357963785,4.0106799774381825,3.8860527649550716,3.8859483448659646
4.911975734228636,3.629266726942329,2.188042729213258,-0.5883145803012645,-1.5135288055538518,-3.171685959878785,-4.474940279823439,-4.027011750330501,-3.811747097760663,-2.582787796518536,-1.4486939735004734,-1.6329282996042165,-1.1090087851403145,-1.2357422828606173,0.41342882432372713,-0.022884330849016327,0.5694294255585062,0.6864023592453187,1.718293944807205,3.618647332074506,2.259973348463375,4.671419834898534,1.8917693211234006,3.0449002251867445,3.114247200680858,2.6584567847577456,2.9820367120944304,3.295625248568988,3.5142054977294768,3.4935281256966286,3.6107187234704874,4.185788412659425,3.9670077533657837,3.8761076010192475
5.184339384133049,4.861504231911173,4.872640483397428,3.7378581074933948,4.2782617475419995,4.028504877759732,4.0422848769981075,-0.28707276069500204,-4.084072575294549,-1.9586787866580562,-1.6732051317666552,1.0912520980028573,2.440078539666877,3.7705690837082457,1.481323018813595,1.0406579456243499,1.6037076728629294,1.3625871642724166,2.3345388952032025,2.2258460354431495,1.2248539223233972,2.174544612418211,1.9887430822446728,1.4576087865740166,2.24786119766881,2.663745672361667,2.5858761072120475,2.5930160295845996,2.4213519297981994,3.2522174546170444,3.2532847911980802,3.079456329551697,3.2886578407370433,3.323596524307847
7.199211944221047,6.19234628659404,5.778118553173192,6.5691618370432385,4.833916776814182,4.833472309878156,4.675312370631494,4.769763655464012,4.689721047028687,5.005021050696673,4.86165640374978,4.209979972048536,5.468168459746287,1.4654657160263107,1.181433289727948,4.877410794913845,0.3835937000793483,0.9905255212963923,2.736746311952139,1.9699888285561689,1.2919199406048478,1.712051466527637,2.0357648400504678,1.9752608098845745,2.0025782698889287,2.1843708318214357,2.521063540157437,2.4820227224612292,2.472596276171123,2.7049590604768605,2.723519259264045,3.412437753570582,3.1942985603702705,5.230528866326984
6.336025920454839,6.083564882360499,5.713745946976167,5.57339593179876,5.800934357391052,5.630995604757095,5.387385490966212,5.503354194161397,5.3995041747378245,5.505845649287304,3.0185141528475428,0.37216339467394394,1.0970268043779177,4.859402663063152,1.3674842135870906,1.3104378501357201,-1.1482133687742802,2.192786187005996,3.3042934799395556,2.4964411787073533,2.773628291019688,2.0623626147346212,1.8811918103370147,2.4559557234529144,1.7857184998794353,1.8141630839503629,2.1144946898836006,2.84273908753499,2.398143052699925,2.135204989889774,2.582996095200867,2.43420320115977,3.623404085059779,5.621612058752157
5.497559343316316,5.262290465806982,5.252397168266118,5.683450861011974,5.5634927980478555,5.475760953045667,5.304756777888938,5.354058408678591,5.505170362038242,1.8706880658345262,0.017258446303639097,0.9393628780933374,2.0660437499401745,0.9126809667757295,2.5389034998695235,0.1778363978205613,1.9736586822108295,2.409613533808407,0.6917170544565174,2.6525415682052205,3.834910547359264,1.9315408147760083,1.4075384142918008,1.1572310715544696,2.191638859916146,1.8417590048669523,2.14903600895033,2.061067100017322,1.7487695922961877,2.3582543240378433,2.4522530489034207,4.048579542703862,6.896217194974765,2.426747577487672
6.071530534609082,5.481972102386258,4.441985679652235,4.812529305947507,5.520617513144981,5.17667251613187,4.868911387691222,3.3011589750850137,-0.02406195203642075,0.900321977077173,0.3668802333844299,-0.13525482631175556,2.0427016864735457,2.1246319561226743,-0.4160577129033403,2.9652071790688193,2.0100304228894426,1.2142168932340722,1.2540965536284094,1.8887001059152404,2.823840925944367,1.713089503873563,1.4155303096764529,0.4169343741023717,1.7724552391263875,2.0713296370787506,1.9587597250723556,2.576987690648823,2.0308361042419003,2.189811293230002,2.6079017539533664,3.018958390031804,6.032850133006092,5.137968402640986
5.430224204780662,4.793427992765612,3.7812867321901233,3.7928824942497736,4.05088454544593,3.910720752793668,2.597648766673988,1.3025751367678495,2.197922931190493,-0.6135099567654498,3.036515451722175,0.32383851187416335,-0.7824504506900297,0.7479794993961016,0.26794053763562165,1.061274512218107,0.5112833451112732,0.8267446529089674,1.9538680217962563,1.0396548152796086,1.2705637186539231,1.3066665767707508,2.7618677668212475,0.9477075434976442,1.2060872239409843,1.4305757539850916,2.185038316327552,1.9023625731648275,2.1077243047252314,3.0787491165758083,3.295286655054894,4.929671513447971,6.311169881263643,5.969927363155711
4.088372385391186,4.20304099977181,3.838378719505305,3.430138844959944,1.9640892857296401,0.8800615987212779,0.26852688575276085,-0.47218950214915995,-1.3611731504539408,2.7963809429230735,0.5943455264533275,3.5143445560890902,1.5263326307321816,0.881875728766556,-1.9854912530808821,-0.6293498844434108,-0.09836103636539614,-0.3479505251428883,-0.8853332655807946,1.7155250036551912,1.3627903970480975,1.143752274141485,-0.578192099903879,0.9827048640809302,0.26089634519854804,1.2677206441341142,1.4909736094444472,1.6286803834667485,1.90604444327687,3.1941846909699594,5.518959357707998,5.415650480067862,6.50621818342515,5.809175898368121
4.296096118637931,3.7292677808521355,2.6115110618050648,2.860413403863948,1.4285375794989017,0.3363231649615719,-0.6464146740282413,2.180817443538693,0.16155004510005974,6.570760525488651,8.565003087335556,7.151860092072684,0.5792870655615485,4.023371668836131,0.02663072146079918,-1.5276923123054609,-0.5187589152546499,-0.3879254123402846,0.24157545159990496,0.009540684539625787,0.494449150449378,0.8479334757320456,1.36373762608412,1.3075739440653031,1.1066082453059485,1.0457871026793264,1.3000748789799186,1.6910991138343445,2.3957643624899694,2.9507602703999476,2.7471858627962806,4.9945549489726755,4.7128537654783145,5.6877729653572775
2.9754836415206225,3.358872078502005,3.0254702913941385,2.0121989220491736,1.2901696369393125,2.908246850532964,5.839173364692749,0.27230582658257957,-0.5380700063377046,5.718992590597746,6.080642637396337,7.229202671911366,-0.7663190595137079,0.14630066581106485,0.2223733618050009,-0.6074709910865208,-0.5238553891842851,-1.414323042276389,-0.48427675693857725,-0.5179128500867213,0.33304873370350313,-0.013457782251682801,0.5985334409655043,0.8354108673042825,1.083398517696962,0.4183569786740949,1.640311949746461,1.6396974865798024,1.9592354563382557,1.7472119429533093,2.155580272011301,4.288884583284419,4.548393589929514,5.353789102004871
2.2544979912143273,2.9814148354628025,3.474236333335272,2.259131563563315,3.0446013890865586,2.212425377037914,0.7546621723168588,7.268409166195989,2.050537454394481,3.4559250342673695,0.19642842949195877,5.005426842262738,6.245589604337201,-0.20138270766579525,-0.8543458078623398,1.323322016346335,0.3992859142236784,-0.5400706676199218,-0.2709227709597147,-0.6783716456707122,-0.31780068322386906,0.7950575610964667,-0.10448198916394054,0.2038519958117533,0.6065616512967974,0.7223879800044405,0.7486356509567081,1.066178172569012,0.373998241288123,0.945958346906769,3.297491862451412,4.082712812447902,5.133146201361073,5.8332973830137576
2.340120398624337,3.006816746923534,2.7115237319254732,1.8205928054742775,1.0529886180355494,1.824679396791105,4.141122221934358,-0.4324249876165182,1.4111366078174816,3.9788169942817584,6.252949316714677,10.304337609448542,2.834201823825947,4.382986466804809,-1.0947676564798907,-0.13669197242833347,0.6789575931007276,-0.7536184188287747,-0.4271828003379518,-0.13316791663996366,-0.6279801613179424,0.8606944847958459,-0.12129305539677103,-0.2102577052081884,0.2869956703169272,0.6016731572269648,1.1686094947350274,0.9061921571702712,0.9103420463402286,3.102140227263349,3.7322400142896104,4.8578818783067375,5.377038697196548,5.914920928457409
2.357738952495926,2.097586324660647,1.7875788829751482,1.7006309596177573,0.6030284239399986,0.21461620434103804,7.034032472977495,3.2103683037457356,-1.3660523909904743,4.099685490386706,7.378680282805426,12.414818021378407,0.2919173653661741,1.084293194399537,-0.46419337831666274,-0.5388389547073638,-0.3293399457393745,-0.11777891248780788,-0.8049338334509403,-0.5756831205759955,0.21191986290195614,0.7644745782152652,0.297564295312402,-0.14962659560886907,0.7307330718585553,0.742131629301159,0.6844767611278995,0.6670924816350127,0.7524899060896258,3.703441458277921,4.967741367439507,5.653499160538812,5.191192214369445,5.432688641377255
1.2806126922865793,1.1958375669630812,1.9923370068045145,2.0958003270171277,1.4770041111245593,2.0376035969169073,3.175947775349071,0.25921564954667975,7.280807572704587,9.719254369065387,2.9000593217812827,4.538305022848995,-0.016069556937558745,0.8988425699345327,0.6966093462354483,0.4714471647045591,0.1927399151098138,-0.4239783189767521,-0.4744673753002093,-0.3355528445373869,0.05140217805135744,0.31616373983929563,0.6347567356201995,0.7419409611184484,-0.0863094168169535,0.37791293692744166,1.2906053232253498,1.2597937879440686,1.374848644694661,3.3809970649355265,5.871302794031567,5.788777509841497,5.510093010773516,4.669699627913629
0.7125936887447399,0.5963567525614435,1.5445900865557036,2.7020922987520417,-0.2692508281759993,1.4823097843901383,4.223093532556724,2.557642715964365,2.992197344310358,10.393332725493597,5.432100486653399,3.21216537505761,3.30542985649217,2.0419801837467784,-0.22833076357935683,0.6013756544734338,-0.3720223720928013,-0.23964802894474543,-0.4164122264665857,0.12038751265816515,-0.08050875904523577,1.0469070076193798,0.9185156510077064,0.9280235474464298,0.9535641292314995,0.3440080284171054,1.254410910929705,1.5601563124434228,1.2095391243278764,1.4548519850657244,2.0271543167540047,4.046510094495402,4.318119697737409,4.490885356936693
0.5043396086284044,0.15657965167270835,1.0800428924728198,1.9765444299360877,1.2000672076939691,1.060327957151789,-0.3031201077638009,8.456816423721289,8.792036489957717,6.761021309080159,5.910457507645421,10.32364898662039,2.005072050243061,5.183113240629625,0.11155705995194229,1.5712104396208095,-0.2724389388460076,0.2844744222157207,0.31295520804634525,0.26819154019312874,-0.07148865081343649,0.20600378104526645,1.251622874589211,0.9855629630373245,1.0144225391453234,0.7971401594371302,1.282587548295787,1.2540109684574787,1.2871011518626176,1.3357580862499014,1.5471075489653208,1.809959154110564,2.840217435814076,1.8220359183755699
3.4580092618559934,0.5883996666757448,0.8467592030248601,1.6510327449927065,2.333060550399336,1.0789803576025905,-0.08576534536102602,0.15275526919629473,6.241134902203666,6.90717032423939,5.077873896673562,6.743764430796334,3.525123697828708,0.42803609591962083,-0.1491969597819806,0.6287657360437282,1.113674333871326,0.1921118312387242,0.6286939505084249,0.3833454303144437,0.922664634236213,0.6929223782836059,1.1217600608307525,0.9873561808769785,1.273490690160216,1.6515015996867033,1.3258301764757983,1.4158219855725775,1.349809519054519,1.8605464475656759,1.978800512207009,1.770732253739196,3.0862239949170784,3.2531515612103696
9.254228888924077,6.566893871697473,5.7425268653942,4.008811219080384,2.018964481843717,3.358703812140273,2.1573475907654154,0.3158674696791351,8.55386664383526,3.252344828778358,5.60888562582412,7.391489185712754,-0.44530990548314753,0.9190730167325525,0.706304120516806,-0.38387169510409674,0.3208463352058443,0.6094392136456123,1.1652627930463584,0.5862686391372772,1.1197247858400292,0.35154037752346007,1.3110953026315477,1.276002186989305,1.5954361344142747,1.7130429665109004,1.672081915871414,2.1791176652691924,2.4590592600354206,2.397799537693352,1.8298670131930632,2.307455219419451,2.2185616672330823,2.5304250390881227
10.081880565761006,9.19239377319556,6.194963782887407,4.986862660785254,4.03235067375817,1.8984295487662486,0.2854253271595162,2.4301112782413115,8.020932669778293,6.742142643004823,-0.014393795880003873,4.320546039087864,-0.3955590895609435,1.5317423776726469,0.6079779240390746,-1.5348075278005846,0.5247500244363684,0.8864313342589448,1.1667093099461927,2.0130319687841505,0.9561585585552809,0.9267685076259081,0.7365706348157536,1.2739794185935984,2.5772196946670034,2.2206623687244544,3.194919879329774,3.9061718089566515,2.6508064416286814,2.2936837622250312,2.3351834642319917,2.567798702162208,3.8308128670091826,4.555720187634226
9.19575771357535,9.079916372587498,7.475692835752249,6.37120826372512,5.518804074834064,3.115091808051199,0.8731446470607603,2.0342409634900354,5.524524855483642,2.4096385480177664,0.7413479658857792,-2.4293863286216144,2.1119847815488626,0.23650860492848724,2.2570473376894418,1.541132505455556,0.596512345062158,1.957693651321347,1.4938683069255092,1.8658208998655523,1.710586278151691,1.4825410077328394,2.376637019592752,1.8366987223323978,3.7971468874263308,3.2833998132892748,5.461384991301953,3.461318853568498,1.8687648405038078,2.1700695751911394,2.901362102386279,2.2392183488873174,4.729701532789589,6.79460074506892
8.571910946466458,8.79576821283346,7.475025709438188,5.818038551279013,7.121399972027095,5.720853848583982,0.842802269778815,5.236691880781673,8.539039770094144,4.6795284286337635,4.841891194270272,-0.641370962048686,0.5892571528800296,1.7789827920240175,2.8404061882282106,6.891039728220061,2.546708112401933,2.1812859265168907,1.8741962571345765,1.6578363184954061,1.4281018817063575,4.910051188328678,2.9186281654411914,2.504553603351618,2.4489975366391827,2.8422868165444424,2.894864195158608,2.5958864445153553,2.2735474935090174,2.8953258316657347,2.5053689674040958,4.291957162976287,7.697655716137545,8.120004618265668
