script/wind450m.json
{"header": {"parameterCategory": 2, "parameterNumber": 3, "lo1": 3.000054539987559, "la1": 64.9999836372058, "dx": 0.5, "dy": 0.25, "nx": 34, "ny": 52, "refTime": "2026-05-24T13:00:00.000Z"}, "data":
[rows 0 to 23 of 52, columns 0 to 33 of 34]
1.295963159220151,1.4959113480874167,1.7808250731022859,2.5172295651294836,2.700719446684628,2.6581697397346584,3.331083133211668,1.5966999551461176,2.7993761533090433,2.9045438992353563,1.3569075634676195,0.7513013964408366,1.183026566004858,1.5652056458234918,2.4432896630461163,3.259232652337872,4.884047953544399,4.019277182348157,5.476057688793338,7.2090367170048015,3.4125252762352236,3.1148889590744133,2.900614282692077,2.584454456586166,-1.4252806282610673,0.19046194090409185,-1.6990228416592037,-2.4215292086120876,-2.9707317002261746,-3.7277853031499943,-5.676195512015747,-6.067795162889736,-5.769205601998808,-6.0362820615541395
1.2714068870066568,1.895812901341029,2.5486848367995063,2.1558884343752953,2.1829564235692973,2.884177547462786,4.045528342993757,3.3040093203288445,2.996165961853358,2.0311336463846517,0.9784518890309799,1.9872355183689683,2.5083331457007136,1.1426700136811896,4.27724169523714,4.688245114714399,1.6002222829567978,6.114125455793195,6.399486901726994,5.504950042100383,4.425031104499557,1.061700994397406,1.1848405415330323,1.9680311570083067,0.9885162475081579,-1.2153063039576848,-0.6703798281889365,-1.8607784568777594,-2.8603864282347296,-3.0642446437012363,-5.2485223311599265,-5.243690148479455,-6.991204106097547,-6.197080828410386
1.4873474400560154,1.710255568218814,1.9661797017054417,2.7299871650494136,3.867075132274076,3.508008365502041,3.7481746645177862,3.0847099838072283,2.06278981932705,2.9564483266854746,1.7478823184347223,2.5842413232968733,2.3398028693077473,1.97169751706951,3.038573689242816,4.5145450630884465,3.626636371327298,4.955935316678401,8.171422118912774,4.470719907816643,2.0186258288945713,1.96997164089217,-0.5605029609064549,-0.3989540432560531,1.495695444459698,0.8419063719580381,-1.7758494576924548,-1.7656279166385043,-3.7901102968252682,-4.191475734844462,-3.84060067716186,-4.854578805221051,-5.710591891604124,-7.759269517486308
2.1424207634730585,2.347224821304361,2.870912260838294,3.683180698518349,4.674192875864663,3.357747767912912,4.077911867460408,3.5274412671584185,2.1758348882035783,2.808274632823411,2.6763179598206976,2.0711677361007976,1.431463591036448,0.6694705479563078,6.0729455107643755,4.973403571413688,1.9912260316914272,4.129381761265526,3.0315000622197594,4.065357849916946,2.786035555846234,-0.25123564944607674,-2.51385207833421,-0.8155714606705449,-0.394329987539525,0.35118026045747913,-1.457881029874145,-1.8476351985881077,-3.31430866813883,-3.3295623948958317,-5.127068020650811,-4.984704421473847,-5.297748157723876,-5.583429918073003
2.8324503685597224,2.746764514463801,3.5206064878370835,4.424290359816515,4.585970049196158,4.58606052520447,4.517423506892389,4.637062057573331,3.4437754283775823,3.4459228644714446,2.647313382109142,1.934315772080765,1.5792791000673607,2.077322267584679,5.258282771103943,3.61716119523746,2.644752033273732,3.5524853811904396,1.6035052653534065,-0.21313683023481458,2.252478169259746,0.0928263876280708,-2.360794880684141,-0.8097794296990406,-0.3395207441933104,0.9031286077983973,-0.41318543314641765,-2.9656730393497344,-3.861108558014966,-5.2537175682224735,-5.791811410474554,-6.6574392303640915,-6.642106648336402,-6.025033715789347
3.3530935392952697,3.640767269530292,4.698562490963345,4.56278081629351,4.855068132432022,4.100622554903134,3.8126803802852636,3.154186005651585,3.278987851219864,2.0430168875738826,1.7228817921275221,2.067314623748755,2.105390198537404,2.8506611173846523,3.1482706052369123,2.1118729938144534,2.2245434382261484,2.4184409950377765,-0.35772132438763854,-2.065822158226186,-3.591479009201626,-2.751497937743593,-2.3681055230842616,-0.8434073785006179,-0.11255381730390013,-0.3917593905970032,-0.2901615458463359,-2.686753933442597,-3.463285954630657,-4.814946760497386,-6.386210326201204,-5.995685437248129,-6.131065867082404,-6.674807152972301
4.288398045626859,4.241715385607329,4.128362971173377,4.419396994311442,4.393047294103511,4.281944616040593,2.986990008018761,2.8541916649279857,2.084428460742247,1.4900995507498913,1.4145855007798431,1.486460163912392,1.8266905745891764,0.3041619524832173,-0.7489338923358851,-0.26925803474920357,-1.345998622480533,-1.6369913813820767,-2.7248900468121864,-3.2618820580970054,-0.5293198244149127,-1.9764219521021729,-2.6285731517777116,-1.5222409072980283,-2.3702881019274837,-1.3543251090636683,-2.124966832641006,-3.0107801241908456,-4.971794441035274,-4.845641057899961,-5.8174448987787075,-6.3161055742070635,-7.447002978045273,-8.335325684898567
3.295294502998823,3.4781934565484143,3.744171186986372,4.430441474311927,4.275222891214171,3.593073159534791,2.9949757187519306,1.9350095011970627,1.7482150005838561,0.8465836933935377,2.922245390285172,1.8595058968517926,1.8584605587714278,-1.4270868841566478,-1.3553288525042406,0.2970450789208089,2.4146023640088075,-1.6162049670847272,-2.2366132762140105,-1.6812341126066623,-0.869218926703763,-1.2474739638062902,-1.5110926740492285,-1.743377872416337,-2.0540575039781066,-2.544270771975229,-3.8354877682845285,-3.616171994395014,-3.802220144595551,-6.688301633461133,-5.483796921377782,-6.91537786431663,-7.091268156540267,-8.44816000528516
2.905977410916632,2.6646426692378093,2.368100238682278,4.011668544679918,3.128321522692373,3.2467394526233746,1.8379242572571577,1.8369447787369275,2.6866600828602647,3.2337868259792772,2.2723033917225317,-1.2951682831469393,1.3293234130085427,-2.655064321972453,1.678494465054349,-4.492427122035664,-0.33956384443428234,-1.5844930951770038,-1.357016471346494,-3.985647348522211,-4.286883735823776,-4.52552334774343,-2.392149877845457,-3.3039903475120203,-3.5516907844756873,-4.079596881398095,-5.7247838581712065,-5.784581572476766,-4.763670121867122,-6.500373557189326,-7.618086170292181,-6.535791957628302,-8.756237436992697,-8.360179623597366
3.505521285039267,2.798300300845377,4.145552027266521,2.6117108066097976,3.0687907326395223,2.494849820094893,3.9246947474271248,3.6821427508035485,3.336523010105095,3.48523964049501,2.0151793076784315,-0.1447967250487743,-1.0944318979305674,0.48550091173600846,-1.288767894365573,1.7605457441725212,-1.2213552747299314,-3.3291982469094314,-4.065896231989256,-2.5673658452825165,-2.026507558797772,-3.2625273470253586,-3.1669808184902837,-3.695980266619378,-3.2589157301851803,-5.369359600495829,-5.327159878542495,-7.499839311428117,-7.685222807294094,-7.037179141926064,-6.076147294960519,-6.186231472139938,-7.831765873612195,-8.806315768657662
2.5403634815851537,2.647077060004368,1.505070246430692,2.153244052020507,3.0772039543272833,4.343522676895259,4.233635972766098,3.9780826181245947,6.714011894088559,3.2125209842611104,1.6161443434220928,0.14183049533678316,2.8418471616374728,-1.147908846542051,-0.861323051002312,-1.5012092742526508,-1.7450556299825069,-2.136844446645501,1.4043298382630205,-1.005915423733947,-1.53054854853167,-2.982660118350235,-3.8929193517109772,-4.4400389256534565,-4.6845392012831235,-3.9557433792698586,-4.751693482761983,-6.320854353477444,-7.392899796938949,-6.748848032507184,-6.535969481725421,-7.905006725245244,-8.471348399245823,-8.95582078001595
1.5136962320882419,2.265621035042742,2.956380037631934,3.688232539422452,3.8673609980465034,4.5824632337405555,6.282164695824314,4.686244545797585,5.56992850340766,5.158896048845591,3.1492130224344885,2.8363434717628935,-0.534251674168869,0.6512442772344753,-1.2900801629981713,-0.08962585569849871,1.2392679108058844,1.2690286263092778,1.4897796421298726,0.1825354082204389,-0.7402561598010016,-0.8447606502616798,-0.14462321979355505,-2.5290465750045614,-4.462244346752207,-6.025283493803894,-5.662307432479131,-6.2965867621142575,-6.147681391463194,-6.132966159290298,-6.9722543286098615,-8.486060632515668,-8.989611295986276,-6.984691178583934
1.8399266238641028,2.7038280695622743,4.235391840878561,5.245332181216798,6.276890637101567,6.428721307597815,6.078623087602808,4.748718328663476,6.195725045726298,4.007422653366239,1.7858690588525246,1.9743964014650992,-0.26005423491904334,-0.5000028557671324,-1.127763096691754,-0.7687351411251583,-0.4318830778819621,0.7272246411821672,0.6131688530981626,0.5516567704150713,-1.2793167698401176,-2.5592592239978016,-1.6716790464383302,-3.1193045752373294,-3.5022106406767692,-5.884118441816993,-5.190333040078985,-5.674618171439451,-5.743468261970125,-4.293022890132748,-7.986962173083403,-5.7009644408880895,-10.090133367599158,-7.260925056004812
2.0668234584851626,2.8634123758570595,2.692601463200481,3.8891905796725186,9.487749858824229,10.413290799742501,8.564770824891351,7.566444036526033,6.238366240755477,6.032014569194291,5.8898232656301595,3.113209921276531,-0.19241017584171485,-4.250628107184644,-0.39306590821465265,-0.4825067380563188,1.9515349121859789,1.739703799182212,0.24232523268725367,-0.5855265102035427,-2.1731887267222088,-2.3361689685841815,-1.5693866557669744,-1.6859955502941837,-2.43881498194628,-3.776262067974952,-5.031026411201257,-4.539491244969621,-4.853348824131732,-3.2672789241407947,-5.58576269233897,-4.761557401683713,-9.647469616779992,-7.475762697831592
1.0216987597775837,2.273917289076547,3.7126267599623666,6.960518471630296,8.989578197969012,9.522752501029641,7.534664555384662,7.440321671412364,4.448473926471338,3.9227888304335514,3.3717013854051814,-0.00912850560959365,1.8692097208345526,0.4380308913042457,-1.6418801381918757,1.5038519568687378,1.5766636565612115,1.4057904772991456,0.42619036514971853,-1.044223763723706,-0.3569018182574758,-2.889202500946862,-2.0780573247516463,-2.4447131583392,-2.2961603663513754,-3.1358140639496335,-3.8700062422511246,-5.092699518473871,-4.2640978409593515,-3.9715131076783443,-4.867639401850743,-4.8635031790664,-7.60107485781103,-9.953508142802153
2.6359617271682474,3.145683379885563,6.050449265914539,7.2654485607257975,9.224033626212892,6.648858413165417,9.095699703020614,5.615514514007976,5.822561164522553,3.06035574424032,-0.7543345204354225,-1.1901017727985739,-0.022759679752711256,1.1347061984597362,-0.11018789340171571,1.3752823395714144,1.4172388465656809,-1.7860246382297587,-0.042918455747217525,0.06713708394501404,0.6678022440964496,-1.1309137118942538,-1.9121482276443365,-1.6705010666865083,-0.7261383627306016,-2.523837156580061,-3.8449301603404753,-4.11742152665978,-4.416645558633933,-4.732640185924601,-4.139505235281928,-4.511094221995126,-5.732857790170634,-9.351149775325542
6.12597903438785,5.03467047127307,4.749328958982902,6.282735634712899,12.136859076151852,12.90119839487522,11.97240191100312,10.806209327296662,8.06036045628744,5.5097357405469545,-0.9277936577108615,0.4008208007269043,1.3530252625169146,-0.21282472323913054,-0.1714948796966643,-1.5751765137066314,0.3088138451832783,-0.6762691376350876,-0.8222680515188827,0.7162851373642947,0.540076785662917,1.4395068276121852,-0.3507236135761209,-0.986249422543975,-1.5530184643224483,-1.0278265154163215,-2.3638783794263993,-3.346780187074781,-4.13917056528094,-4.275508981874496,-3.996958023196326,-3.9562236230158505,-6.372440894603594,-8.935134233101406
5.406735102483743,4.782202254690012,4.077443378507476,5.981800863501961,9.110208689742631,8.938752631394285,8.544661419596585,6.850621034127241,7.242597049827811,2.103410392475083,-0.7145447723615688,-0.879803331366919,0.9921370566710127,0.80517376988023,0.9343613730649639,0.9312350336759883,-0.8816532527286298,0.7541800407998241,-0.8315769252970139,-0.017787398085900675,0.49301941209365047,0.14157894621241113,0.04648464406213067,-0.7808353261615827,-1.7998987447354056,-1.8210645792520832,-2.2581417364367486,-3.1165422585176374,-3.1763200595122734,-2.919115707920657,-2.9632866247091965,-3.7431079569926515,-5.56425670187176,-6.995382657554548
4.485540067490302,4.425067786786853,5.3767434667963006,6.0192815043274015,6.011264756333174,7.277914615127475,8.87096634576685,6.550216791378737,0.9564950875763361,2.2547419906481285,0.49032921214888653,0.2820721912376847,1.5340126667403298,0.9916739638396326,-0.5554176992832687,-0.7924511734556717,-0.7915631691148324,-1.1258200834845495,-0.9901519489061906,-1.3607897688825037,-1.173773579580088,-0.12276328446477873,-0.016133109833593593,-0.22342653877398322,-0.774754287499803,-2.5102703446408317,-1.8109651653862484,-2.9793645505260455,-2.616981861052388,-1.6865668730399406,-2.7290846389328385,-4.764314972610039,-5.022015593515121,-6.706437053576961
3.4248912827285865,3.460168996842294,4.390620998267481,5.3190339597179825,6.43013730439122,6.487955797011073,5.921464099455348,4.731261599044995,2.686859354858605,0.35769541417575096,-0.10935206376656556,-1.5370130655716334,-1.0336396748567456,0.1558259526248936,-1.2579286647433663,-0.0447661118151057,-1.1273153659334687,0.7602015413532716,-0.03887569156026857,-0.7491910018630203,-2.5510083542452784,-0.7354813594461653,0.8087004585969163,-0.2147026435674624,-1.9219384979769025,-2.3070329443989084,-2.0487334652268525,-2.7865294294328358,-3.1061477985325032,-2.888662994242077,-2.606908385223105,-2.527933618162271,-5.1963362498970085,-7.463752497626915
2.6043837300701114,3.4062133166455233,4.290514943289337,4.4296152864983105,8.200332782862642,7.122668874155691,5.9330137806096594,5.981928887684856,4.649731618479386,1.489907015023883,0.2901628026896794,-0.949207602166239,-0.17393557036839039,-0.3858648835038139,-0.6875507722698744,-1.802622245979969,0.3675826249348993,1.1693994509326693,-0.0728430919106941,-1.411570349485247,-1.2255648910877575,-0.874368065700481,-0.39616916747902325,-0.19598148782811106,-1.0612952173810655,-1.6181084332041196,-2.856779730743444,-1.9906622050788427,-2.7021260335195216,-3.35103370781431,-2.7340931012526415,-2.7248121422925142,-1.2646713170054174,-4.698188187283755
2.5269762258792685,3.9003770611402104,2.3052021722587344,6.826759538496818,7.202296782906057,5.842597120290024,3.686819046360649,3.781306177055745,3.214819227257409,1.2485340830944538,0.7721864057198418,-1.872067086523962,-1.1743372381602768,-1.2289283819840033,-0.4039139993349411,0.7598891104314675,0.4875256612570003,0.7040376394768579,-0.1848662034435983,-0.6407843697778922,-1.603552878137607,-0.6469594285464539,-0.2017924612411266,0.670227925113653,-1.116279858355274,-1.6731026746751851,-1.5512575126477715,-1.4414586987315683,-2.183914689423939,-1.3850900811701738,-3.4563917559427675,-2.6576935525294982,-3.4714561047050627,-0.049533847697812786
1.947667242446806,1.4833228841281216,1.2443063413940538,6.583471156673449,7.413949101324089,7.157236958336515,5.665008482552524,4.260046516396939,3.3717868707563547,1.3576716723244568,-0.2543920657102451,-1.87102529154118,-3.4801163849750574,-2.282163158112236,-1.6282893720112122,-0.2582508422348956,0.9715848403438412,0.7594611932900264,-0.2394898782580791,-0.8310269186609396,-1.6482708305141787,-1.0568617894254355,-0.046187320089211135,0.8433242623879695,0.33676101097845756,-1.48415951768022,-1.2513376704749564,-0.35995077050739377,0.04523992232711518,-1.141461583992077,-2.449876874260335,-3.314810033112348,-3.1636917494732986,-1.6583823302707403
1.1690425431162825,0.18582964022829832,0.9015169091993218,2.715000522862861,5.913208267649906,6.235888322685803,6.727929708809638,4.780132020191506,4.405859345980378,-0.414320651605785,0.452796030928849,-1.5713153579858132,-3.1567170882140614,-1.9545585557300957,-1.3907047360735545,0.4062956502291868,-0.34508647488958843,1.4099448825823535,0.26338251576775223,-1.5193836147403212,-1.7756101921591994,-1.5391378967380234,-0.11209547301373683,0.7438699698214457,0.8382981739752688,0.049686395771200154,0.01869101589753233,-0.592424227351115,-1.7736574673092653,-3.38082324900735,-3.2094690500414385,-4.141325151308204,-3.623114944199781,-3.2759262501173194
