script/wind10m.json
{"header": {"parameterCategory": 2, "parameterNumber": 2, "lo1": 6.000027932988019, "la1": 58.9999434238085, "dx": 0.5, "dy": 0.25, "nx": 22, "ny": 24, "refTime": "2024-05-11T00:00:00.000Z"}, "data":
[rows 0 to 23 of 24, columns 0 to 21 of 22]
-0.07590753376200031,0.6642401945294232,3.955579539482554,1.753942459717146,0.9531352129043691,0.5987489694292367,1.0406693412020307,1.3514343308609,1.0848827032272998,1.9956874027779483,1.2508494458874795,-0.18952903040966665,0.9194608709081258,1.2046242549699648,2.9547885395308175,2.917280191384334,0.7381168751513468,1.6290677468591075,0.6488508598514103,1.2502485170363686,1.2214048485180926,-0.6841548834917663
-1.0777246423335718,-0.7423591016481443,-1.4552822406212373,-1.042962493126565,1.715231265171816,-0.20811920358191174,1.583375778349349,1.3908215204871477,0.8190179337951705,1.5961955351856594,2.045270039730813,1.1213737597768119,0.7551072022019969,1.1630943360174872,3.9317528853021617,2.3167964283364815,-0.235263080050081,-0.40583789732185904,-0.26649364445425755,1.0331655862265021,0.741425417931648,1.0408444124569782
-0.004376040288307889,-1.5135811597646143,-0.32907739966595523,-0.47592919142477175,1.228958258021523,1.4314695578498686,1.2953268162029616,3.608256343871535,0.7332375938839578,1.4388099916603692,2.56991459043076,1.1299240263844357,0.8557069334699924,2.076203619344978,0.5800459483801004,0.6684080976406084,-0.39449829633299266,0.8940646970064603,0.6412077834808074,0.09219584193645892,0.267409605160876,0.40015521514547897
3.339640205942657,0.992187746822139,0.5295174445420093,-0.38092902313327026,0.5306466490568574,1.385214940075875,4.0816257580301185,4.07624750683217,0.9675356973898124,1.7158130964718394,2.866560999126495,0.925520318871533,0.6193793986554196,0.4565746735205454,0.8186880038912194,0.020073655598473454,-0.3011963893458033,-0.24440295525916142,0.8830546980527598,-0.3093565234574259,-0.04266204962512369,0.7462913634673123
3.639450571513053,4.158201930892856,3.0142150108870975,1.7010377748360128,5.124179359415184,5.812958086607967,5.519205657239233,4.228668672446195,0.7347982458083753,1.775884002061855,2.732377852938207,1.5442468685413693,-0.5435873267571169,-0.2654628331113255,0.7759002151896833,0.017428463985399146,0.55613483782994,0.2561333761178475,0.5590050801836368,-0.4097395792501452,-0.08948569558530245,0.5772165750483963
2.574732793955389,3.7032022455456928,6.056826143026211,5.218862218563076,6.141204837646478,6.429086792723342,5.541941592660102,3.2659719545332124,1.4911362408598352,2.132987211599977,2.712448470691033,-0.6519114235026113,-0.3598273051252922,0.37450025886511207,-0.618332987808538,-0.8333239590208084,0.420297669990421,0.047683598803346744,0.4945596580005594,-0.5534383995981209,-0.5783949998468347,1.2975774413740198
2.4177526265194693,3.9721766764883926,5.152487353148346,4.39314088072371,4.700774502917068,5.25168173234661,4.649666470289299,1.924310274872679,0.8927190466169327,2.276726514290671,2.4960274276852803,-0.4389020523612745,0.14195492081431269,0.4480617986395488,0.4977443023994335,-0.6452353429310808,0.3140853680081778,-0.061390494546331976,0.3053376370379213,-0.12194292754994757,-0.14876881385396185,0.5179620904130905
2.3519598269464925,3.3079078093918093,4.016331353097813,3.939164041776022,3.7423415467002394,4.2289926364147785,2.5870982439744252,2.5304325437899573,0.8910134882653986,1.9000738464425753,1.1868509109202934,1.0037283563394477,1.0702328662390972,0.778896537695984,0.7706117547597905,-0.6880185635422097,-0.7645219492178036,-0.6745002242321783,-0.24628683548555103,0.023006697585345674,0.37305339843770574,-0.9555887175125485
2.229806179746528,2.993031292502191,2.4644578911639505,3.325602707500725,2.992200807063231,1.3925179398709522,1.7812030424806748,1.5939239524931388,1.0451705626113366,2.562438812145009,3.2136034090065007,2.8678984469397215,1.7422419201196937,0.8496995402424822,1.3008423584121593,0.59523076006999,-1.446425846845654,-0.9977117360451683,-0.481851333789903,0.04114236377109796,0.23799370783924545,0.6810447511118597
2.4232451621365887,2.3708368997891016,1.9937411906137275,2.628085641332619,1.9845442969250038,1.5297276452280852,1.1756353534281536,1.052835426500233,1.0804595662627492,2.150790096273251,2.8762962822285947,1.956029279921082,0.26878245800395584,0.7006185135215799,0.42605732950060365,0.9621315611792236,0.45449022509336534,-1.4961183877473663,-0.9206767614701991,-0.5246215914173805,0.26109345955435537,1.1783973776526024
2.6997539230121497,1.811750714392119,2.2558491224509454,1.72294245676813,1.2620451178945813,0.9901603156675921,1.1323298597259883,0.870985642800369,1.3998920916593123,0.9937651438091775,2.9428457776740897,1.2310715448687892,0.39389254657197686,-0.6690534629587274,0.28820762659950366,0.4295902191513143,-0.42435173292921846,-1.1622561064317627,-1.3021965937466637,-0.7168355171577657,-0.6576364120015536,0.20547083376634495
1.8086002402754036,1.9682097372626801,2.647341512603878,0.8698701981966531,0.5964134459601871,0.5285180459907426,1.1304299690240236,0.8548132706732611,1.1672565353541813,0.7472695349194659,1.5199170903568429,0.7601788212550986,1.3441147741065897,-0.8480079324837588,0.22181302425843777,0.15717359667421776,-0.8129516325940743,-1.1358896184019296,-1.2535959186314538,-1.5236144841069612,-0.9725650455945295,-1.2773355277171379
1.5566547099320516,1.2170994605601966,0.8337533057325625,0.6216629181653877,-0.3450211651726594,0.7424707364832429,0.574331332745945,0.6235510197293571,1.2782248723342713,1.4812248969637445,0.5978008928702794,1.1936185826282482,0.6136495668966626,1.4746778450475713,0.806439938339328,-0.37957294819270093,-0.6201398478184462,-2.729127737880934,-5.692816139432711,-5.704239722515468,-4.734361621306276,-3.4801511472244435
1.0062351979381947,1.0015680584770124,0.5432460625503029,0.37454088028379184,-0.5036744465566086,0.7890260653165617,1.1578969191220383,0.7310150275492197,1.5055738486416346,2.3533178410346562,3.334851359194019,1.3692470169843096,0.44635212801079366,1.2767580439592143,-0.4277007347098677,0.061294066441500636,-0.6625518402164032,-0.3949448414002696,-3.262159664825626,-4.586887806142374,-5.615631884357596,-5.243267153072873
0.5613243904889214,0.6704279952600486,0.33820027754492504,0.23867400188944793,-0.3661478145843218,0.7120897117152226,0.6714819976451276,1.4943042667517885,1.1465328663090237,3.0752851944152675,4.082713279172425,1.4861083331859792,1.4386947327631903,0.1877812669420701,-0.24425755204673416,0.45444266898406643,0.9765538727147897,1.7387676564780088,-0.8424352280147981,-4.290180543427472,-4.938316602742134,-5.818524450210023
0.5914153016216799,0.178618114671649,0.2558144190691734,0.2985304769331692,0.3354160815066082,0.883113576231465,0.8402799304803988,1.6155419628223575,1.257598106420675,1.5607109732792914,3.7440245862042314,1.5700068094393225,1.9039740014902649,0.730402557317092,-1.043892527921766,2.0450176348776035,3.264340415909631,0.07709029050272043,-0.8679514819221869,-1.6597052110712052,-4.895276555014077,-5.978197725242776
0.22018209336276778,0.0893566368603109,-0.01596459872773561,-0.44274353154757085,1.2519910893561657,0.7317101087412561,1.111146244470944,1.3223849357234083,2.7730942175579925,1.7309375837388354,2.8472041355067432,3.4012113898624774,1.1527148917727112,1.5190994520019847,1.4736829238456788,1.5923032603713902,2.2087501950296846,-0.3104478941213518,-0.5306404341657833,-1.7943469801537673,-4.156234673992362,-5.528991024811674
0.08261261239594972,-0.624243511909327,-0.39886658573330824,-1.0887248757175965,0.9204635922705499,1.1936236657398238,1.081094350349649,1.200390007574788,2.370897005914347,2.7688943369423984,2.662804433761756,1.64002102911061,1.299661916129892,2.008417414074886,-0.14707128005945241,3.013833698490119,2.6007068036082934,-1.8343129210367348,0.46386683266240325,-0.08788622390646082,-2.152245369314612,-3.62131575194293
-0.3735621301938751,-0.5558437426154801,-0.9454790605292384,-0.9427778615359262,0.6901873767892173,0.9101899993111469,0.9366436708244011,1.2158661859554882,2.4541345142013906,2.8527584009825993,3.0354675079542077,2.534184082354801,3.3545471503753466,0.09577568086040612,1.6987112773644144,0.46407594129190793,1.0255946066643258,0.9171478016050721,0.4867901186083561,0.21561774658461502,0.7821978446806812,-0.9086149546544647
-1.264699327428875,-0.9500902480071578,-0.9506550410996454,-0.5506616670004802,0.11277494845984497,0.6556384937141329,0.6352834226913585,1.0786228059390046,1.2688322689400917,0.9524760820712884,2.4110870817681294,3.5291412341766457,2.5881519361911813,0.34156425019257736,1.1109695362735987,1.6763753128056713,2.120626459211457,0.40316567742168047,0.7650350008339193,0.982294137521047,-0.3764728861249676,-0.6107481601558694
-1.8732577460446653,-1.4406081529187709,-1.204169191587273,-0.41979104610341395,-0.1407581412732459,0.6371825872665449,0.5287363161040928,0.7139262093398484,0.7599874113384143,0.3396734178643583,-0.6695497013074522,1.4838292725786375,0.4870280669153779,0.649132728938933,0.8668093742460677,0.9304328867447452,1.0313994036025673,-1.0918304192098987,0.7189304250187127,0.5356042905267595,0.5061708242840787,0.04368794109653178
-2.9029094500809967,-2.228658779476007,-1.637528797608947,-0.6353704262025572,0.05258620586816777,0.22850331181190886,-0.4811950369037803,0.5550792511565368,0.8262056846296233,1.5329692119345204,1.1048413687824825,-0.2721325064447401,0.36241368528922735,0.4467635151347851,0.4248064536192065,-0.25375372665499946,1.349258760964537,-0.17691936975051825,0.29629684833977515,0.5847879057357426,0.32860226917742735,0.35703801519092465
-3.7242130101538735,-2.9535546255332497,-2.4738006083935735,-0.5414953876123232,0.2317079370351481,-0.2823437439645097,0.3160022265024583,0.25726514020237146,1.0422030847800356,0.7384194805272507,0.31574627870687294,0.1901356566047059,0.5276321383750822,0.13809235098055056,0.5067139850735551,-0.36151656761181333,0.5469103336419564,-0.23224151371449916,0.5786351535049417,0.7070268235499,0.8137842227685465,-0.41074127514583636
-2.2020387718885295,-1.7183922343734181,-1.2903035672883496,-1.1458487587829673,-0.2828075982971553,-1.1311205676454443,0.3734651262608184,0.6382482638876471,0.9324848672687178,0.18159500616829044,-0.2001709364538704,-0.7557483019610556,-0.08799232748822551,0.12424898075006306,0.23436410619876635,0.008762873255782842,-0.5882683602048248,-0.6150905104933299,-0.9298997260478945,0.17627028570034792,0.05519722669944704,-0.11894083644041241
