script/wind10m.json
{"header": {"parameterCategory": 2, "parameterNumber": 2, "lo1": 3.000054539987559, "la1": 64.9999836372058, "dx": 0.5, "dy": 0.25, "nx": 34, "ny": 52, "refTime": "2025-06-09T15:00:00.000Z"}, "data":
[rows 0 to 24 of 52, columns 0 to 33 of 34]
2.507206922610662,2.396867549951146,3.025230626099449,3.7571029710888313,4.777873903263611,5.220904746573841,5.19667296366599,5.407867360111019,6.636262034959159,5.318470652410793,6.381019889300035,5.608489411297803,5.701805404893672,6.237058747030371,6.69234405830782,6.42831716285202,5.726269491162249,6.047819877254836,2.6727719325626786,2.7044724044306214,5.301676797073301,3.8084359424900085,3.8464711378626313,3.6036524068894287,2.432900096281279,0.9841341908055412,1.4235690761723552,1.615674131499872,2.252076479083201,2.2738904863791825,1.6986095925979816,2.248551335351174,1.6771249370620294,1.1370850779761776
2.1975056066380416,2.627310935485664,3.393293904107784,4.625840967345888,5.22239023136603,5.829577387489552,5.873556287113025,5.732678662013872,5.862449023701305,6.059498944321865,4.994313903057331,5.61731613056411,5.709994134477085,6.204668606292487,5.649779868986381,5.742429242879726,5.831805155261373,4.635055812556851,4.078973307573627,6.304224943936062,2.6225621422964225,3.0613956385191132,2.380931314749592,3.5629335434315226,1.8057816960573165,1.3043012476803646,1.9353739052478671,2.5574156868348203,1.827160113679156,1.552510220227988,1.817431486377029,1.9795853732247612,1.1131245663925762,0.40925482396038954
3.8075573765109727,4.193137014523612,4.871191234493088,5.436326012399162,5.888642695645588,6.320352958244817,6.4325479653919135,6.043589488373026,5.820324399603644,5.879330409650766,5.702274016439188,5.072736869884332,5.239769311008896,5.460319360563182,5.166830874058663,4.691609240536501,3.4494978727215875,2.2398105975613003,3.497882590777811,3.1551331394818747,3.5504637641006753,3.0670533623837675,2.8925248546415716,3.352527111492425,1.257311476131183,0.8277379089688763,1.8428768171781447,1.6068660111395179,1.9603493505210619,0.9212519237681667,1.8704283352032796,2.377033758662549,1.217801544911083,0.4946589648624289
5.278679158647387,4.9146868870137626,5.084583618181061,5.661627896110157,5.266659019092017,5.485787314465094,5.733526898258928,5.952504571019109,6.023563260530825,6.2528572646439615,6.16545420854317,5.456427435096503,4.75198495553699,4.571678127064314,5.004948957261465,3.8276958709078825,2.4800954211010007,2.6896003582390584,4.342794048202953,1.9456488352669037,4.021858572922967,4.147623379862089,4.718402309681227,2.203115676907355,1.4024535837448813,1.9407575859818504,2.1480011135390606,2.0806082807996966,2.0890226452693583,1.6916492359639856,0.7150774897181704,1.5625867701174694,1.6511865941626898,0.31297015378308934
4.6195505719176495,4.96775267466921,4.557310021172917,4.2604778919608375,4.461992499758203,4.491186276976496,4.930696617176587,5.565890212361627,6.482354848602087,5.939327993443698,5.8497494387797895,6.119640376972557,5.866430540853389,3.1488312592459944,2.727729704523747,2.7633974218534236,2.848924629758337,4.028627373707544,3.5936759414841983,4.700455790872224,4.468770402623333,5.505802400678566,2.4436258212752757,2.4426326001724123,1.8180862892994378,1.737452963898219,1.8871549317627483,1.7639571374821723,2.335131344045003,2.368336031065265,1.5575759346569529,3.0775227487507673,3.1921846882792004,1.6036860793025147
4.05545967861414,5.3832481133743855,3.4290628271452785,4.059359288686239,4.843572746354822,5.07642229133008,5.08247589287413,5.946466499968692,5.9776968019827175,6.354255895840788,6.105383900149992,6.258985103638337,5.928911826110437,3.8038830353711814,3.159079290249029,2.4963853964770624,2.2011295402467423,3.370587198882121,4.338119991393176,4.081839509202191,1.7529576297238842,3.2058939858680433,1.7558249430849742,2.066571710555895,1.497956148173421,1.16840494237909,1.4663811915338976,1.7785555189632312,1.1235272511774768,1.7979044899717376,1.0319428420092864,0.4204342063558298,-1.4889369500174332,3.472857464758112
3.3817490423976864,4.287467651018339,5.1581514545014135,5.445557946086948,5.626576561543439,5.403803045790946,5.306668667038892,6.027458735801682,6.165222832915167,5.708330331142169,5.356749576116996,4.628260087453813,4.808911078655156,3.334298208239269,1.8267834112739874,5.863698720540937,1.6354241074161864,2.5486245004781676,5.185094165665474,4.490226745286417,2.0141316457951195,2.733952911291053,1.2935952190461646,1.5565925284212823,1.6167167559366078,1.2386498348316342,1.799552805962122,1.7834574112534967,0.9361259356128245,2.3203004483802934,1.7743164044855877,2.0867801525516185,0.9452178885010456,-0.5439878746517575
4.2452812335056125,5.217099597517133,5.340091195264142,5.383988984710997,4.879144724105578,5.181140864644758,6.07757279540906,6.410107283528816,6.683280781948574,6.613521947044591,7.416037855455014,1.92721568490285,2.51631422925573,4.390583674049132,-0.4829213212749449,1.8420007863291517,1.7485086455889793,2.9421017200899153,3.9735080376475884,4.043474210283698,2.8001817871664536,1.9750590111634454,0.07901596643168311,2.0310439730561756,1.1733949201697467,1.0092179772354672,1.860513819522949,1.294143411028954,1.499611895940103,1.0153144886475707,1.3389744475142502,2.0163108503102944,2.7188309759484666,1.150582736081344
5.252406666208291,5.258604544890543,4.951042951747292,4.887555196689437,5.715497791571564,5.869258823053077,6.404695431259422,6.449954920320973,6.417776953027031,3.5815697790624133,3.1562865272255465,0.24226076314590747,2.5335700293322025,5.17415384632816,2.8116852387865965,1.0799646348436895,1.0683845114059562,3.276900201666597,2.423858827976581,3.225499642096498,4.198449904119513,4.0284909139336555,0.8207147891971854,1.2907353915340405,0.7092526245613657,1.1904123206045192,1.5582277173480497,2.2325981295506185,0.4345138402036834,-0.10983229494569535,2.6500999814000474,2.2207709502125863,1.199599544027831,-0.28733617613680473
4.581930203871504,4.650398711344703,4.656221461257874,5.012543361135285,4.48909751760717,4.890793994084992,6.010703269187319,5.652123662701254,3.070938274398418,2.1728181824317114,2.3018519001423297,1.1987340731336693,4.570817812234329,2.536746775165934,1.6207574990725802,3.342233895957018,1.5834443864582652,1.6103065887300965,2.313706289755026,3.4958879544553736,1.8918532336295162,1.5600228823561713,0.706574859883169,0.8230498760918488,1.1131582695804256,1.3398144592997843,1.6517073346243658,1.577826540147182,-0.8850329154089641,1.3822122918737618,1.9107174486719214,4.295811794556862,2.296715102806896,0.8116460007749785
4.57223551509482,4.815806365932654,4.531855544512727,4.671257355454312,5.234536114639513,5.754786635707773,5.931099591924694,4.040475268078822,4.393075728929513,-1.4380445838656704,3.87797158041077,1.3680550229627608,0.9999343844523068,2.422124056735663,2.444505758452766,2.8883353464944794,0.48955674986014047,0.6705002735779519,2.309342944611819,1.305831601026336,2.392784521298618,0.17884635225016643,-0.28341427551169557,1.2071103948717168,0.5815039441437742,0.47099665248452044,2.2509825833784887,1.1004743159007127,2.683872357867414,1.6978404365022226,0.4779359688319339,1.5652767381736716,1.3726950261331947,1.5197214786841118
3.7765027562362334,3.8875677929745898,4.635283662883515,4.19253359085421,4.637022829273728,3.248521595426988,1.70289905170882,1.3778834548249668,-0.17663020164202073,1.4163557487934155,1.2059724338476896,3.775218263949525,2.5963541187263024,3.6868799435182384,1.80036930277172,1.390251595140657,2.563316129495177,0.7973764356888121,1.981340174069711,1.616432685768643,1.2607597425317405,0.9160584622527297,0.061288869517677654,0.07084158141302481,0.2811134754268349,1.2267678835584588,1.412806115212529,1.4420569255737021,1.5263007985549677,1.1581408217609594,0.27111009954167986,1.9879011123620407,1.1894835146398473,1.5216722407964987
3.2449432758962784,3.3469099799056683,3.18629576088705,3.155474055361609,3.0344959662744415,1.1643240293603871,0.9798816410990954,-0.3304686108674786,0.6337895930842573,4.170764175668384,3.81477436594263,3.224798909862089,4.171201465542909,4.060401221299301,-0.4042860555264673,-1.271226594667653,5.557248141969772,0.7562050200960854,0.4946930498659034,0.7541206506813479,0.10433211986533258,0.6071576736261088,-0.6085691007673582,0.343545009724588,0.7048996949757129,1.6316620881877844,2.1612704126493885,1.756669159671331,1.6701792827269788,0.9221624556401259,-0.1522614514153289,0.9335005010332231,0.35202524653458134,1.1794318404585724
2.418171314720439,2.663438409121289,2.6589537543721207,2.4516187005841035,3.81891057784428,2.158758011923128,4.122321942665482,2.3155885382875705,-0.35844510916327743,3.085194528414974,3.4795068406449587,4.304430504293846,2.893727173759677,1.8003769953435973,2.163050905052768,-0.697595272960162,0.8645259021166684,-0.7115716112225734,1.0996116239947193,1.3514922411933303,1.0673199729019713,-0.4980657384690537,-0.6709468149610797,0.20109809660600278,0.4865394555825169,1.4575986658349525,2.27427710996623,1.6058918561546243,3.4756282183963703,-0.3337899286358123,-0.46802259936791807,0.17257663565723877,1.1622129678847002,1.127131054272132
2.046233574966587,2.4148720750695203,2.7050596892732144,2.6114227454607977,3.1613822408787327,2.180794185136058,1.8714586354373337,3.4115224204527226,3.5449053883747026,2.600453553615497,1.3783328395343506,4.589011875856624,-2.1787223835824774,0.9678178243923556,0.8855461326851166,0.19698323381141913,1.2350888869600287,2.1034594928323496,1.567826704737105,1.4172964205886887,-0.03802234521861255,0.2860432992332297,-0.03132605988601283,0.47931071450509666,0.6042739043705102,1.3777498799583452,1.336433913602921,1.7432788772117536,2.0921034837342924,-0.6054680315469905,1.1017468410844944,0.6884758837477747,1.7528335098776222,2.4154411705466994
1.2409875252199853,1.4183709723702926,1.8231077563896805,2.1764264872989685,2.6070829399965043,1.8149768685059429,2.7407811023935484,0.8304237642704426,1.6475318112882318,2.7365332236560818,4.549685011509732,5.992701210073145,3.3592024082058245,0.7206130185437719,1.511093501281081,-2.276928722411739,-0.33718408336595906,0.5868047613086167,0.4424437003860915,0.15731368659322262,-0.10526654335167611,0.718460833666952,-0.06024435971378221,0.2772395932137688,0.26196102117278514,1.1137871757536963,0.756668526876344,2.3326555322491984,2.1016664921614514,-0.3686318591936618,0.6641460408113729,0.5297969872214292,1.6572756214930173,2.067180404760737
0.5604165450678467,0.5827695120147489,1.114740392483471,1.7942107440434827,2.1815631015342944,1.8293848358592681,0.9777301483341223,2.1619058217867666,-2.270298760842486,0.8648382142593193,5.440643028775262,6.7366769740767625,1.1717384970978542,0.9933777928792711,2.1883099213029213,4.284281637878722,-0.07635078981215242,2.5772103993739344,0.3673605849086704,-0.4003841612607905,1.4888440984384772,1.0567922566205987,0.3498386981890007,0.38956385605324223,0.8814673230363215,0.5037857369617827,0.7318703514711531,2.185902198205215,0.9485287412788178,-2.0608233071147217,-1.090780142554726,0.0694109917810895,0.6488123760660633,1.9497449329751273
-0.4997321279163137,0.5814889821019418,0.6869051355044131,0.9544973652910697,2.5749926496883244,2.0458885297002762,2.201423492201742,2.4466600480255214,5.890158019307005,5.618371084465646,3.844196181273559,3.717302789173705,1.1261968872690038,2.2068662068381144,1.3514282397696984,1.1191701529965896,-0.4008244663299429,-1.5464688858374915,-0.03364235452347062,2.3943462995081313,0.5968800378896038,0.20539254917570154,0.5534668204644296,0.4196892505896077,1.2260472727856908,0.8844992243540636,0.9833890692961658,1.3427911552027507,-0.6871500936469173,0.1536613734499018,-1.7610135055414198,0.8348971343723623,-0.13462727516210543,2.2126008837090403
-1.259311345812316,-0.6431580528433475,-0.4581899571323667,0.8309992812056362,3.0406475345011583,1.578530288109719,3.0961157580651384,2.256038953203855,3.3173599184011056,5.325240176238994,4.443393670643522,3.1177167077217307,2.6119741294885737,0.9759720868082677,0.4573493159834449,0.6968136192587545,1.2480626694198977,1.8501917183346133,2.2290966914714874,2.4392492338103433,0.35570081115356633,0.6621306900260528,1.198216427615603,1.027654636016612,0.9731036415808598,1.9985638265128016,0.7724324443379658,1.7961831870488716,-1.162336717792834,-1.2682751684044877,0.30492022928447376,-1.3479858392241109,0.005925562374619645,1.7551679773819608
-2.868275836015333,-1.4109180573275404,-0.6983960323524177,0.343587534280718,2.5217456689316573,1.7789741496752565,-1.2524282872414862,5.07759740001862,4.502456903687671,3.548643109228843,4.335260824943718,5.3420186885219545,2.6242285465961226,2.7422373445990473,-0.27671788381925655,1.8645752205181765,0.5581217670227882,1.1641585435456792,-0.38629099637870046,0.4346589945871791,0.1536272696035604,1.3791434911148022,1.2843703482732824,1.5140289393997113,1.3954341454963999,2.3687301721348675,2.3455901990526504,6.048152006661827,-0.8106116001886879,-1.3678273542819985,0.3096382799904785,-0.19613587452469017,-0.10020668288024918,1.957572184925802
-4.9600961625692666,-3.077941280529247,-1.8752144020547015,-1.2236139350005812,2.354678211896879,2.1465697241663957,1.6230374165618444,1.9085990505719805,3.4135762690485456,4.255345416339237,4.577562407136481,3.6742872790474403,2.6216912364985347,1.0344999789571692,1.3247031429780318,1.8286749344453472,2.0826671015165754,1.689302787327096,0.681527060989421,1.2794258952895163,1.2658888275445241,0.8248445771110117,1.3241664958029842,1.2395389343450534,1.2023057663950716,2.435809831293524,2.6277333642498295,2.05489436174363,-0.6312428698491848,-0.12496876862988664,-0.8549991654762773,0.8741119831931782,-2.773379611389146,1.8750808838049915
-3.379088254886017,-2.9540249171688964,-2.573144739936101,-1.3694730552908931,0.9409772641767464,4.269859741701626,3.0377940498325446,1.9315114701127125,4.807757172556758,2.7629860602812384,2.000161307959244,3.982627964814885,-0.24319373159510735,1.8309925397949538,2.1747141454422265,1.7178019751688127,2.266997272408814,1.6696179148201484,1.6811910113985342,0.7865063840137029,2.522311532258504,1.9569673964290857,0.16760152651868254,1.7673574717279814,2.177613943627208,1.9259660834754102,2.8657127748759197,6.1156115508370865,6.030717633283176,-0.6249355660099235,-1.5473924679183355,-0.8456064211565073,1.0259417047579318,2.927845039408896
-4.462393649766095,-4.839610055874271,-4.771171122020436,-3.7429959100594097,-0.36366886117543934,2.039867354025658,2.4434499354812065,2.676082954677662,7.023071356028783,4.945540425050829,1.4269981623702928,2.90561691638769,1.8699410127385416,2.266433203009059,1.8650636644648584,-0.7145307264258662,2.087688328041468,2.3737353249010202,2.173734629894553,1.2066913399566381,3.151364731655364,2.8662950569560475,0.45531411464661353,0.4696790329274375,2.783254118923012,2.8060690784422873,3.7862386413397475,7.267849770648629,5.299454918871007,6.838623885297581,-0.23237504323845676,-0.2527071234112996,-1.4506629896918068,3.3861484622028954
-4.089620597974874,-6.666138543280416,-7.0817248524996455,-4.751053997249816,-1.9224436998157086,1.2381131396218925,1.3675720266585683,4.4479461799176985,5.943197688876915,2.931168541947374,2.022392003446842,1.6571991633176932,2.5594409988094653,2.494616889869856,2.254368657421552,1.4571525771818974,2.3975922308750217,2.8726033932428314,3.094947193985031,2.245721133139728,1.2027907013885568,7.830870932313183,0.4242071668808139,2.7920932067374316,4.497774041298085,4.10397130253981,6.542795921832934,5.252412208222921,2.671369344152867,4.498725638135745,2.559624468685279,-0.38495372199279926,-0.8874726963161921,2.2324688249516456
5.64659499696176,3.5453220552543034,-0.5277148698826518,-6.2077102296188675,-1.7624736440618018,2.1130885571199136,0.37334802259899025,3.2048628554411556,5.872176827098943,2.715054850884394,2.7116278083343377,2.487531883008127,2.086275645216875,2.4376421441737413,1.4801353257916305,5.5515152891222,5.739140484332509,2.771099674171316,3.2053331670515357,3.224157186478815,5.842142471839968,3.5044383192259376,3.7978323197762642,4.569938602007973,2.378338795072348,3.7812214540359346,3.1312733623257403,5.472627953356328,3.6908945607291805,4.892389500152393,-2.2626752454409345,-2.637085772032359,-0.7018024016518059,-0.04391662010610869
