script/wind10m.json
{"header": {"parameterCategory": 2, "parameterNumber": 3, "lo1": 6.000198445256149, "la1": 58.999992894266676, "dx": 0.5, "dy": 0.25, "nx": 22, "ny": 24, "refTime": "2024-04-28T06:00:00.000Z"}, "data":
[rows 0 to 23 of 24, columns 0 to 21 of 22]
0.20018608930599807,6.44945995906977,-1.5897837591542918,-2.9426885411566968,-3.364552436192999,-3.7611009068221106,-3.4598160938772233,-3.068427489629138,-5.266813410559855,-6.60795769842074,-2.0482681994623047,0.5132065813407968,-0.9777082422897063,-1.5638482800795823,-3.4122435338375494,-0.025483050464833592,0.13411225677125868,-0.9219103473990853,0.07975899508810734,0.9182409927117081,0.5561889406779112,0.48528557879680656
1.5040711760538226,-2.1123206634476652,-1.597239540551524,-2.42431240367419,-2.854811301048716,-2.337728932121266,-2.663638207015767,-7.199513956374117,-6.796370416024368,-2.672057070326984,0.09354785985416357,-0.8716432809392177,-1.1199405522136776,-4.1825424726484375,1.0628353889202506,3.241276325849303,1.8453531422238156,2.1324575388863947,1.8616897205045988,-0.2640390636338093,0.8549793113766861,0.2942314706120971
0.0071529779722376745,-0.1713278042100786,-1.433866771757808,-2.6163442497386082,-3.272770657879665,-2.4050056821413013,-8.24290424239492,-6.324754636857548,-2.0471173508751503,0.2361368699055712,0.11210986753187217,-0.29869565380513,-1.2630237790361056,-1.7671318473799884,1.6600953424457126,2.0494247684714595,1.6711383201317198,0.5382041821440369,0.24221670508489565,0.13224931310390328,0.38178829993925223,0.1438103677119616
1.0484382948539963,-2.9182900420570888,-1.6983897574799807,-2.6334050232664,-2.8949674663916345,-7.315976186859922,-7.409132728260324,-2.717970143956647,-0.03011835809715059,0.9522771355055093,0.38936020160792967,-0.6818395992184523,-0.9992449348097777,-0.7567098652774157,2.536860111715754,2.9190992584836817,1.5597545059289442,0.349807776058112,1.0256397871893002,0.9505195446792442,1.1139379155068365,0.521622919990789
-1.0772866800513738,-1.858323301881639,-3.252824278039492,-4.54675780001022,-8.683720471685158,-5.821224859213959,-2.9991036748017157,-0.5333209571837728,1.8605316987752705,1.7592653915702041,0.221824264346669,-1.0377499332398394,0.5121004198688411,0.8079636922705397,2.3712446537711465,2.7351273792427184,0.3875843023941853,1.9055685633651287,1.5516655059863864,0.7607314479314854,0.9355327100291357,0.4369572612949985
-1.630553848984829,-3.270869829611203,-5.038261568932582,-5.616118524108427,-4.340880738782136,-2.3629572986455725,0.06388436160446037,2.0557717923008445,3.5409324179947563,2.9590360062067345,1.1585817078478886,0.7979352001616284,0.8788286170349412,2.171064696779699,2.731283143811075,1.9311550898942471,-0.011192651089247198,1.7152154478025794,1.2718090710078696,0.8474256604056026,0.2849577156606373,0.543339349590874
-1.8252920504979675,-2.522360345973258,-2.924027983730565,-2.376126892570143,-1.7387106979926716,-0.4362563258316934,0.8902440434755171,2.545659939894591,1.8607997164760666,3.098799361061455,4.941693360357421,2.1675970083505343,0.6126246061217017,0.5423580958713502,0.5497963283016073,0.5213175146791508,0.3676472933423464,0.5447946882054702,0.9278941601106003,0.3979876223369208,0.34931699336483996,-0.03442900626367574
-0.9454576802364493,-1.1174514789834704,-1.2532008974722164,-1.4004284829659626,-1.1615842759885306,1.409808515802278,2.7746724820151063,2.387404075814678,1.3691351564294088,1.8125590599493513,3.573995471121418,4.812961390004408,1.2237078351178325,1.3937939110788957,0.12462619509343227,-1.1056167510936767,-1.2875181393591264,-0.2497013213219484,0.7137503048339087,0.5941267300286548,-0.3071321326541673,-0.8031495480527764
-0.4971193404038613,-0.949168926584876,-0.580383069602563,0.08518989933990617,1.637151334360584,1.6409858225279246,1.9200560076293756,0.7656200331862197,1.7924449699587601,3.7915418225954065,5.010137037850363,5.309509495808204,4.794890404118703,0.4597522853870052,0.10558980395915274,0.0735601217987127,0.12890058742049953,0.9758474853036915,1.6500664609457356,0.17710613941052245,-0.4678580786109836,0.09729805301173197
-0.49958686752556875,-0.23048317514501704,1.0824361216132286,2.4376552576341024,2.7322526625204415,1.6716158453977072,2.012577425417277,1.5681810549095663,0.3241670914816881,5.824979620689482,5.582142921211941,5.297179846207215,4.492073471049131,0.1285722646007352,0.12121771405232838,0.43281511602357303,1.4954742691319967,1.7922624069464563,0.8414257853769668,0.40074187398140376,-0.5492836485439827,1.7435274245366943
-0.10630729267640253,0.7815488771006426,0.8170928816323361,1.990287318366593,2.5706570263559483,1.8348778759768833,1.728502804023207,1.5882200884826951,1.7200528271647815,4.182029925886869,4.801830883340444,3.8826801357010825,0.48697608666319775,-0.4430048184725355,1.2130169951214658,1.6422368891053805,1.8720806400187298,1.5346593124564003,0.8694701208915094,0.2837105339784104,-0.5121615624678126,1.6267902869224298
0.8582868003532178,2.634366303735868,2.6644161971854383,2.476067545031678,1.7959499935811924,1.8273113078514251,1.7549957398260496,1.7422051635289877,2.5555176786659772,3.127361013792069,3.9572261344372093,2.3368433031892213,0.6736914588516837,1.8177696893924444,1.1375458140224073,1.2550112852656616,1.890479700046153,1.4453636601453799,0.04096182438146947,-0.6578750344974755,-1.585715387420501,4.579956906226176
2.9044781591638165,3.3672398625665703,4.763867017633218,3.500575040488855,3.4693860232149527,0.26262758363079863,-0.09456139736933251,1.3974934185915235,0.9545895860190814,3.3930359508074823,3.5238276745390213,3.0429318476499962,2.1671870037526073,2.1483722065156474,2.038055862579086,0.8940554442452592,0.7473378650912912,-0.4272902869118433,0.9711873090407186,4.882725576559503,5.954458654545549,3.4903118092721055
6.076949249850782,6.090919402808054,5.338752452143877,5.333396185820947,2.99172047869361,1.6146359321752872,0.7153678828678589,0.17980534905987472,-0.010093896244430753,2.7761631242961298,2.8137509981035596,1.3673798240206623,2.0771108904514923,0.83061698848207,1.2334629884645565,2.291185674466469,-0.4511242369812581,5.885429262295943,6.71934338878939,4.064237480992358,4.244404522163596,3.943534625833712
4.80123741202768,4.727547398378932,4.83305912926218,4.515812422710393,2.198546216462255,0.6279769804557964,1.0308704661319081,-0.43782212836234236,1.804112245830224,3.4687748372236014,2.062058783217761,1.7815330647002554,-0.08889877078865847,4.339089968426631,2.25870118150107,1.0551580779043148,-0.16532728799562238,4.841259380333249,3.83934651358545,3.182203243687355,2.2747291026521537,0.2625868339397021
5.043104012769455,6.0469792648380265,5.395893234202912,4.789677753454172,2.8975620038268683,1.3739746396998866,1.1106623462857017,1.8237537077649546,1.769095467010365,3.1712774193049436,3.583183759570317,0.8676267220491624,2.215981167991718,5.0745181429405255,6.286780606651305,6.28229659162588,5.161470208317232,4.605008993832949,2.8781637192995664,3.2618977253343564,3.641372788096818,4.476059458993526
5.457522337527251,5.693361880136991,4.3397022402986245,3.53761253611053,2.019118526387283,0.7900414354521889,0.5848908467982359,0.6740982575764688,2.8956944050548397,1.446669865484751,3.2189570187374077,2.971963925033081,2.3789163311274955,5.3317926361600625,3.7588461003495293,3.970723658756018,5.0048330878360545,3.2239697767910966,5.223886264238298,5.384560136150837,5.157671771063337,4.019478514064959
4.331437628990539,4.943443223338886,4.064268000381732,2.9165581665352405,2.225209291746099,2.325720348555495,0.5944671279487928,0.5939097634418766,3.374029083321452,4.375597563078861,3.5476337685825996,3.2064697440860104,3.9951861194283276,6.255722605426125,5.197271752878808,5.549126152765312,6.216891305961164,6.102518111151297,5.727707984002834,5.606222121111582,4.492730093629214,4.493210896572051
4.824482470590581,3.926835742304601,3.1589639359226713,2.113657565082319,1.9438002007468866,1.6768341763633703,0.31921899015729727,0.8501437672254183,2.849706289227308,4.787920519990411,5.79813407508867,5.147706951750084,5.753059492580077,4.710620043317508,5.241397589493791,1.933539612333117,5.988569101576218,5.687141924785499,5.018136738523961,4.674862711458877,3.5149087868163433,3.3681148398822263
4.612764301308321,2.8118372729472543,1.5270843525327489,2.648381766529073,2.7480318778244968,0.9914701009253037,0.33926103188909756,1.6585952440326215,3.086182784597918,3.6305616898141944,3.828606588147967,6.434555153001489,5.626418602407514,3.161685292187172,2.3344155079564555,3.9929937453077415,4.587659280301399,4.654046992864504,3.8157864876087895,4.563913742061082,3.996655303160334,2.5269328079596396
4.646341922393267,2.6327207145543765,2.939689633067006,2.4096215976668374,1.6446336023088333,1.6936275544758637,1.367207505413626,1.9320908028226245,2.2121171573888003,2.9087620460059833,5.632711121758145,4.146608141420343,1.4172128104196153,1.9231237963016607,1.7743250969118824,3.0044458111708745,4.380711474039503,5.0298836897392905,2.6152981414016994,2.6594248542304193,2.8525327845103807,2.598263535080558
4.36648518340174,4.828875423554493,4.281282104118886,3.4125859179219677,2.085962757375857,1.7294825079266394,1.5276971395883938,1.9883210704660335,2.0453098392868334,3.3219063797641675,3.3689578591213167,2.4748699762676156,3.3429130075596714,2.5944442210931227,2.170639094189044,1.7606506088325788,2.3117930307542216,4.6283150400379585,1.6990576959936254,2.3976347810750336,3.321768682376304,2.028622364034796
3.6479376085694826,2.804035158935881,3.170087182072332,1.8851175943325484,1.9528710159767673,2.4658830909397413,1.832802282030711,0.9037845593975712,2.515941423491416,2.5822386375854762,2.577784723483285,1.6672546765451153,2.562178339039288,2.3756135092851403,0.6554232259361361,3.2997172276872213,1.8434996600038254,2.1173771734756097,2.6843582117098785,2.320708861367278,1.6857016663831048,1.4982531400112788
2.6315725154277056,2.258561735674439,2.6792124376863344,3.054584892822446,2.404187686871427,4.062150741571883,2.637560414981346,1.7538943546757875,2.233651957628715,2.410784334315745,2.0151954756408474,1.8222072334444512,2.154476661481166,1.6474975321206764,1.8279329118786443,1.9224044461256597,1.3851816177256806,1.3662181866372112,2.047717339423814,1.4940746803278555,1.0484526516218258,1.9444238340685407
