script/wind10m.json
{"header": {"parameterCategory": 2, "parameterNumber": 2, "lo1": 6.000198445256149, "la1": 58.999992894266676, "dx": 0.5, "dy": 0.25, "nx": 22, "ny": 24, "refTime": "2024-02-15T12:00:00.000Z"}, "data":
[rows 0 to 23 of 24, columns 0 to 21 of 22]
-6.139377418014062,-13.526209572570433,-12.503587228726767,-0.4460711509582602,-0.13059354862938694,-0.5347054340745092,-0.5921408613873655,-1.0588478235832088,-2.4884194779628888,-2.874593047728562,-2.5667539757269067,-2.98672523316928,-2.2210877571245775,-1.7242944558823166,-3.5895881736616992,-3.8993381468972097,-2.5235494981366746,-1.7103754881118347,-1.1234645044459728,-1.2146423722642488,-1.3961088081722042,-1.6965333917464862
-9.137128813282382,-6.575858476945693,-9.427345366829213,-0.1812302694696314,-2.532153907079563,-0.9119603456812788,-1.0705066497835498,-5.979504717834094,-6.746175430306275,-5.3855878902979155,-4.711539753916467,-2.987786710651118,-2.5723877358027814,-2.1646375738152255,-3.9374546147520717,-2.6235569691697456,-2.442658617558376,-1.7896429337468067,-1.7295472457230863,-1.6222509002462675,-1.3301765744950267,-1.4482855102787924
-8.129149458579372,-4.434918255222607,-6.564462607397694,-2.2758836859499376,-3.286850452646625,-2.541698702440659,-7.2161676114624695,-8.088456111289199,-7.195446251646602,-6.374601326212474,-5.770370248777941,-3.0856055576925328,-2.6175411607111867,-2.1268091308474752,-2.4873757374940055,-1.6538393380262284,-2.24497365972831,-2.9955108392266956,-3.7287167302150523,-2.8988302044195837,-2.246072411408368,-1.9527942348641434
-12.965356321887873,-8.97749765959625,-6.507765264302137,-2.952448681018055,-3.0223537635760205,-5.722096538474773,-7.920200683526016,-8.42974435726231,-8.064111575753895,-7.650396114437859,-7.21321667072454,-3.4832767641965625,-2.580727619977197,-2.0016551128728706,-2.041876618063869,-2.8428082511647323,-1.8959716740420123,-2.982361205925911,-1.758503028472443,-1.8063504212783432,-1.6117610475850979,-1.1655605828797877
-15.996345262712255,-14.65971392656318,-9.719878050735138,-7.887772635405737,-9.618839048575003,-9.444850192070861,-9.433160554473037,-8.79700784417236,-7.9522077457090035,-7.409532999671646,-6.48138984635951,-4.574112108701325,-2.574499012477602,-1.7399456584071022,-1.8730903653106064,-1.9869739328773313,-1.7838826358184714,-2.316402296459444,-1.6166247105734404,-1.4274745343839044,-1.5807134167254355,-1.1914086574774982
-14.86406915401872,-14.374327606041328,-13.557057826737147,-12.511249373965121,-10.753723991674613,-10.707491430466817,-9.841712061228089,-9.27712319967918,-8.072504201723259,-6.005016145548294,-6.1733135448867795,-4.87817582467398,-3.2402838216545256,-2.3872992124313983,-2.202276378697089,-2.4379700986782384,-1.5334506410586324,-2.0188201892631827,-1.458055075268503,-1.0724757334012074,-1.2527505416896039,-0.7732549467695244
-12.611293133053255,-12.762031864835633,-11.646472585670388,-11.646412774984862,-10.455197391298352,-10.868761521877303,-9.693098980694614,-8.008413319668238,-5.152840784630036,-6.039000354493484,-6.992438601968082,-5.707898406870553,-3.5733327364144727,-2.2561873565593147,-2.2446305611593496,-2.322447325241923,-1.630065915166771,-2.0884044211063655,-1.791644808124939,-1.3171620024246327,-0.8230150122971539,-0.9934070334438474
-10.109938373622592,-10.391289757906787,-9.860602676684854,-8.938559402258871,-7.650155900101542,-8.912509206914343,-8.032909232474019,-5.241473414624581,-5.081235281842221,-5.380278485774521,-5.485155731183521,-6.9526929700817535,-5.050963301128996,-2.672241882399908,-2.295483575289906,-2.2260364598781983,-1.7920456777479719,-1.8527595620363175,-1.3438212543145525,-1.5522798045144504,-0.8056858710630654,-1.4483551802617671
-6.114145750258403,-7.156905838472414,-7.312638247704114,-7.075813039255353,-6.92702053325814,-3.6532828484557287,-5.058117317654771,-4.313636274949146,-4.667794147827719,-7.342972608890695,-7.722952333411389,-7.242878567576022,-6.20218492286387,-3.460762114945375,-2.5080755058898987,-2.5400740048056734,-1.996104011519729,-1.6999226640569076,-1.7441188375203835,-1.573806566859131,-0.8707886342503225,-0.8171467543394748
-1.5446412807592353,-1.962555928973653,-2.9744102549390883,-3.4780075019141354,-5.283063703872899,-2.6582229062353857,-3.2896980922840147,-3.5197058518223723,-2.9757134404098067,-5.760354611084648,-6.398159831510192,-6.369100412986942,-7.086913559083249,-5.602709860108885,-2.639407611979393,-2.284477353004235,-2.063445011866699,-1.6535003260652963,-2.0610590181020214,-1.8165064925304026,-0.7940406469298227,-1.4092964813997046
0.5786878379837535,0.06056910733023725,-0.5589781291432624,-1.8477084363966125,-2.0673882185560073,-0.5246232374837484,-1.5284537562320502,-2.2243416024676965,-2.4614144440665915,-1.941271880294497,-3.9534328896300255,-5.395243166295656,-5.473273863079507,-5.413463476013174,-3.6957006730524333,-2.0500325883129036,-1.9680890452550126,-2.1504867859329386,-2.175834020293953,-1.4843411790933605,-0.5639844604419161,-2.13075216027207
1.6148136153924095,1.5807603874833165,0.876737862823012,-0.8897211953879818,-2.0999086528773794,-0.39094993421624225,-0.7622177971159032,-0.9541321038886933,-1.1943993562789732,-1.4441053483443824,-2.0671413182438467,-3.0834335007407367,-4.10672027846,-3.704595786959175,-2.652934719579567,-2.4418190658963317,-1.293771835936896,-2.126285783855016,-2.008219298705477,-1.605338479558824,-0.9813158404759893,-2.88324461321146
1.2952853172025667,1.8776417467477746,1.9838389846489306,0.6454322749456214,-1.4423611189986134,-0.594146702698688,0.048289167456270404,-0.22923138371457452,-0.6063642888919406,-0.38601482528752046,-0.4579841305973102,-0.8734292977283735,-1.5414714422691842,-2.219266947256829,-2.422030161471257,-1.9110583187817107,-1.503059622916376,-4.685521391611112,-5.403269288985729,-4.83157839069266,-3.365683739314827,-3.0380490279765366
1.6454086073752636,1.4782653783547217,1.8227321721012046,1.742430958178691,-0.40494498164937787,0.26749547978175015,0.3218399575560131,0.6059273794816524,1.4641918879640323,-1.2080679810074,-0.7626288970766053,-0.10458565216696276,-1.0233514347993111,-0.7821465534347979,-1.822936371088956,-2.3458316120666813,-1.0569017477021843,-2.910780229513342,-2.9593625361363225,-2.8467428176720135,-1.5957421040652888,-1.214231652017728
2.399533173631416,2.214124443476576,1.26857220153603,1.066928099429514,0.7576380727938757,-0.7371823048454531,0.25434162607700117,1.0376962210573784,1.3214249017666841,2.0343973388499257,-1.6161937516143,0.08833364446484762,0.23638163846079832,-1.5163149637617364,-1.510521959777542,-1.1429068970118805,-1.7822764504608548,-0.18298234849582737,-0.588704251296225,-0.03755809739101547,1.2806824579945748,0.8236957608533377
3.081316712139507,2.557188442323044,1.9230517147849664,1.3653671106947192,1.0345913824433872,1.0230693440889802,-0.0978564259223354,0.5326112110700298,-0.6142769650942365,0.8149887938369985,1.0193596981110589,-0.5587527690228904,1.289602031117477,0.25392317596752934,1.204081798890129,0.9490878457495631,1.4338349166516626,0.09036259100937984,2.3485940160178838,1.0987408694854475,0.49308035834448893,0.6043567356873896
3.640939086137989,2.866877493657786,2.4722035396920887,1.9095242391420326,0.9034269499064279,0.5670366616631188,0.967505325840026,1.1050044579247646,-0.21286669745601844,-0.5758352128297507,0.8468557071508057,0.07585809184498751,0.5895799177790816,1.6374638616593014,1.4286077418982477,2.1063140230459214,0.8586174113653029,1.1933317509542314,1.4704142567271619,2.4417695936952626,1.0875205374772103,0.04435911594662676
3.1369003743403465,2.953359164900096,2.1927507304155918,1.5605296498732335,0.9316022042041582,1.3312764902816858,1.245850119410034,1.2196020148329485,0.7514314955233073,-0.7712275763437944,-0.3643929327324456,1.0145378125146782,1.644443322413662,1.8077381987688583,0.7673286925103853,1.0802860420153342,0.7518394794536619,1.6149025914954187,2.0026904380570008,1.907093078890186,0.6785804256296338,-0.15203737499583872
3.5055773852129604,2.326696575038206,1.659830850814425,0.9344674403011186,0.7724954296531076,0.8187534867732426,1.2066088403485977,0.9103448101079009,1.0746748002823179,0.6336696994280048,-0.40211169557478926,0.49123300846684753,0.5502200101509057,0.8880772011193129,0.6640311138974629,0.8132996327900913,0.8930088258084208,2.377035411412304,1.2258655565919652,0.4444678775792223,0.19283357516494268,0.4749124024298044
2.833451066961603,2.206000883605406,0.9279294387014447,0.9484837923253351,-0.36371869913213123,0.7292505227198274,0.8043700414299442,0.863134562029908,1.0751296458659363,1.277444569736379,0.1148678725710521,-0.06558996469585285,0.9315362210079069,1.097157409876791,1.1781696768625678,1.4406758521207808,0.8006701070082649,1.2285840340927234,0.8614834859297034,1.0878697751786386,0.8415616885656886,0.6721889382041162
1.846408921198924,0.6819638424783713,0.09018250769779851,0.5363465880501759,-0.4138475924786205,0.40280888440487794,0.4558234261775503,0.41838713516738835,0.7027751195435673,1.3618402757753247,1.5463569050131176,0.7035465624735014,0.7252774590649771,0.9826009443890114,0.9894018323755164,1.7786828106161214,1.2227879316574473,1.5035856424961869,0.7902597788365829,0.8866338426251384,0.5928734914973086,0.1580778507177561
1.3237895918914486,0.7712365952370911,0.2583846720768692,0.8137170078940732,1.0422726012785986,0.4637712875712026,0.3205740973122807,0.12299642633600887,0.7152761493057057,1.1552473778793224,1.1928512696260718,0.6717809495845036,1.250307226756459,1.3420560107322972,1.421292934831446,1.5850593256324017,1.1113479712348686,1.0736540778811272,0.5925558853684495,0.8002060245054518,1.003444177841051,-0.12922590265239103
2.007673528207727,1.443078357190836,0.248928087774965,0.8737507081790228,1.3916633714839857,0.9411799597041557,0.6255730830587614,0.5717646866768784,-0.01791396086113008,0.3972085393578197,0.8735711787389339,0.6533518432029882,0.974479731734546,1.102975897087532,1.271702467500143,1.8219898912245536,1.6116086208913225,0.8768533108875367,0.5935781635023746,0.7059037772383802,0.7687009913174607,0.5383658243926327
1.9097403092937923,1.276419698624205,0.7013345314490104,1.092272377660874,0.9991656480156218,0.9424755199414145,1.4854267439488014,0.9405378645788303,0.789565867781439,0.12914191879996756,-0.09831357221544935,0.5191878871758824,1.1820955603740446,0.592653542355864,0.9697279176685425,1.3442449066387647,2.0228528253132723,1.0745144428343825,1.3530913510651912,0.11881093938973122,0.2979263473680884,0.6786290557289166
