script/wind10m.json
{"header": {"parameterCategory": 2, "parameterNumber": 2, "lo1": 3.000054539987559, "la1": 64.9999836372058, "dx": 0.5, "dy": 0.25, "nx": 34, "ny": 52, "refTime": "2025-12-24T17:00:00.000Z"}, "data":
[rows 0 to 23 of 52, columns 0 to 33 of 34]
12.2781945078339,12.544711841994918,12.817520340851036,12.570585019448268,12.764441705282154,12.861744602777664,13.10787429849085,12.967707080364804,12.643092840723037,12.523007837561046,12.59216389752706,12.616994909478507,12.612420076027137,12.306847315789302,11.108615219495977,9.725990553092105,6.5368415384470575,5.443029941573708,3.750225957912984,6.878953062707681,6.108339835621189,7.393810547248703,7.611891423721979,10.100313391667886,6.300842653480132,-0.6985300507580781,2.859363615199307,2.338138557360854,3.782274190865324,2.5931113629019786,2.142590721493701,0.21554497330810907,0.27258222039351593,2.6774126556744924
12.829943074424131,12.736426010192853,12.736611884113664,12.432774339551104,12.368249631239726,12.498929653335136,12.637215647242842,12.220014242895447,12.299682561650807,12.624761844804777,12.959965148447585,12.880982689214278,12.343628669623964,12.03792248993325,11.868199422816684,11.633866581705512,6.623028790878442,5.045948682510609,5.393327702198497,13.056888222713773,3.674701451444207,5.352058814009317,4.27652009817321,8.510262857724086,3.3227162188613923,0.8376409262542494,2.5054675552857884,0.46459668413890626,3.3027371928444538,4.498638825690167,2.424495910002123,2.041254936996551,-0.5734373332773125,2.197170210719288
12.860057558004355,12.564407360179542,12.229123790276685,12.048033184698514,11.895111544753723,11.79450242055578,12.011105451950865,12.261065061051823,12.484234018938853,12.527234031772613,12.877151470110089,12.893997897231856,12.863695561275717,12.718721937077753,13.037881060465285,12.06750150985934,7.547860918716455,4.0069849687405545,1.5809770990367977,2.7581187559626423,6.3702602254687895,2.71173519005424,3.9281421492086905,4.830456871263594,2.722793407915448,2.2756970114596404,-0.35322299146287445,3.484907778733368,2.027315383726182,0.9733910222045219,3.2293769427088623,2.542818511940217,2.7192417571865968,0.8526760808327007
12.372977966807312,12.18538300399306,11.984490715129354,11.82951152507353,11.952866365496714,12.45745388108866,12.679287263404424,12.848514965310743,12.38037355921,12.521932604661057,12.65505010385313,13.394932837364731,12.913370422923968,12.54691003581089,12.71921973613478,10.681209291216557,6.31235799365398,3.42276175061768,5.063035862097711,2.3440182657144626,5.198710122231778,5.928607258171689,7.109956795033317,3.6101988661203746,2.1546625870475276,0.2552810957539168,4.14485295783261,-0.7902380358732242,-1.2330351163535327,1.4242550135811953,2.359037902935377,3.3480596273557888,3.153409699517458,1.6647885968840541
11.538878895153024,11.67219037876133,11.86126774406153,11.455792994632382,11.965031023053761,12.076696269499035,12.239352946239036,12.49556908173763,12.355742091403489,12.499436481164945,12.610235489286806,13.741568720966077,14.991553394265695,13.543155194994652,6.47045892297029,5.490764524484427,6.168942260731653,1.823560318176878,3.7069546228907835,9.28653445312779,7.028798018418022,13.075104477431784,5.191424265378054,3.6889085911460757,4.2992679169948875,1.153008401203663,2.6359223975285655,-1.4482129781327244,1.9018916889771373,2.261585594497044,1.8960544661229204,2.4346773653229357,3.708109127948339,3.464794249736334
11.02690255144006,11.384134283091848,11.300067752903164,11.705875244151581,11.923154815518267,11.918640890472387,12.014820642162734,12.033554747647079,12.241370259722952,12.504596966370789,13.632891128684873,13.7688887341877,12.584457615665032,10.673685013933552,3.7661891176086932,4.599378686867429,2.305495515070075,2.9953962991488514,5.749164017717443,5.2220988828865735,3.8387247040242647,5.2940924863614764,5.183743927123646,5.141926517112611,2.149130609493844,2.2952372470467957,2.6343434806994286,2.4845457651106386,0.5595381522720976,2.0807376927463244,2.2220036444721685,-0.6795044156906714,0.9205638975233496,3.0451388546276976
10.426035266344854,11.083260271486736,11.534048683280888,11.056306665269776,11.000608563282313,11.629058313248116,11.721761923882212,12.13263080593439,11.98298333713224,12.795025811591856,11.788375464586757,8.394640160463124,10.89538635179034,5.310928344713192,2.271478581402282,4.696464878451349,-0.38984811429842164,1.5343274523104138,7.582433314943399,4.693453536500237,4.6160144952671915,4.115341318325753,3.29645534096289,2.309083551796932,3.580682649484386,1.0020010765249843,3.542687934549829,1.5338286407702761,0.07531932956126552,2.8677391650475643,2.432608848737777,2.665083168514818,3.2615106501126334,3.3828447661573673
10.548109601875298,10.57174888541096,9.700834121825654,10.60422632392273,10.892253478930849,11.1659216179178,11.310698402067622,11.226246971205777,11.791220443324967,12.218137990704308,10.23984476302754,0.22867056939901248,2.6865181381438425,9.662286708001066,2.078763766430199,2.6975188157775296,-1.549603234025717,2.935008050506537,7.586876700253134,4.463556778418422,5.93980456289213,4.744023207879283,3.290653022700492,2.1185321239205512,2.681375330673712,1.6636409784902315,2.424433002422629,4.158817761906675,1.4788164341037309,1.230209777292166,3.844898824459482,-0.5892569941513396,3.6939593051514104,5.845819553670675
8.455101041599027,8.817183851370556,9.477306484463103,10.39888292312638,10.578640593572025,10.14513454380965,9.719281387072957,9.806423959170802,8.900339247327011,3.7702306227317632,2.780095768890036,0.2392721085807132,2.9166951932122047,2.776303809082657,2.706309625921261,-0.7027872482603164,1.3203611119384038,7.753403009694399,1.169685691145004,5.745480003735781,10.919489653928132,6.280146068156098,2.327381800309346,1.3299414692558023,1.7460684841695442,1.9906883432194729,3.7973400386464027,2.3950365594167637,3.022228311984778,3.3633082948168664,3.250669660814838,3.587294285460592,4.7725278024829665,8.262752449703463
7.8744241721626045,8.463950611821422,9.28525783905109,9.581784204166249,9.054870083318455,8.024550502746946,7.996039995819319,5.434336648859453,2.431253955746164,0.7918103304496978,-0.7509033806326038,-0.8720988361948189,5.5234007111939345,3.6792587726854555,-2.1806423654066975,1.4299864413782566,0.970268823571835,1.973221089879207,3.1798579737584904,4.191209793479189,3.935392349150589,3.9787615906527805,2.5402787027602356,2.1220829578389715,1.452759078212585,2.377605579008034,3.4512272050725685,3.8653404744581725,2.4828345960109828,2.7935346348733883,0.08280487308739656,5.216283888785844,7.466924671726238,8.742953785043762
8.282884038645355,8.733272137016783,8.428185874603054,7.850526710187314,5.298798672160678,4.901601090528361,4.749558929881635,1.5696174191049943,4.1797925466020605,-0.3945997842625411,4.347995495236789,-3.964869408068159,2.634050122150454,6.773603653273081,5.140107674245845,0.4799446281984731,0.7925119110434728,-0.24198372962342948,3.9499812620637,2.1876870437113998,4.3334523834266845,-0.25763602003726527,4.945236840521522,0.983960916792502,1.185546663899125,1.488080882857004,0.7159793774139387,2.6736195840672337,2.925463545738937,2.4756604752900255,4.551803940195961,6.323470073288951,7.733819222869906,9.111301475546554
8.435227495712297,7.551921207776514,7.428002164021628,6.794512952822239,4.196662622079821,1.575421788001384,-1.5291941806496174,-1.7376387106130888,-1.559401730748971,0.741232762064582,1.4651478321774878,4.268039032121207,-0.9171981852585457,2.4001565404314666,5.862601932764734,-0.1343558582876846,-1.0969850658564615,4.002720719731456,-0.5488835135811827,0.6765469367339134,3.0656077015828247,4.167652251012808,0.1873962908050984,3.385879087314634,1.1466770686747962,-0.42942778825963696,1.9377612506217943,2.2426153343118584,2.2032833718039866,3.19464635288217,7.365296410893629,8.729183871725404,8.3662366932287,8.233121755717564
6.689468501236583,6.916077402521756,6.151377599153373,1.5544763186131152,1.202004991146443,0.10393941877496735,1.071797969052239,2.206351236180876,-0.43991542353344953,4.464022600599828,2.3772187041193296,3.986264056774239,1.0742207161030644,2.3173198288995143,-3.9567741671803844,4.663347608588985,1.294920293847602,-0.34656955953653706,3.125106901268509,1.4080282429335447,-0.5279683807379179,1.8587915197702436,3.0967872073398683,-0.3118446361512196,2.6493975964419283,-0.2824665742788424,-0.6702311968096002,1.8072682240164906,2.825953431312383,4.22965116645599,5.709379070131234,8.191539840193299,8.638656612864963,8.540936748436145
6.230705477348079,6.06928907808848,5.317965285530771,-0.09006475961755507,1.5389095773999428,-0.8453735067362289,5.143139606014255,-0.40532211035287,0.07511969760562894,2.2407933310036334,-0.4636910691441699,6.9615142260953355,0.18309956964225782,0.10748871209115513,-0.16150717586245988,0.3111760931812991,1.9678966556517516,0.3076468028462095,0.2866274944548082,2.0825161292376797,-0.11864333652353679,2.800593452681786,3.6456153243517426,3.3810697940077117,1.9552094507588516,3.2766461017183413,2.7779320644262246,2.9276855242615047,3.3609657387001066,5.696294190987985,7.3347431528859035,7.258942031649686,8.914773053082692,9.206531169782162
5.566361839543754,5.717700670481248,4.372769446815161,-1.3092499329869576,-1.6115783981881133,-1.3700079647074455,-0.8761848413746222,2.889214629764921,-1.1567649006608098,0.3047514156313427,1.1696003630613778,-0.077044962661793,3.3620745017234728,0.6818775004108454,1.5019081071625189,0.3805664190673229,0.7382316745636683,2.7113495339694396,-0.12389908614015631,-1.3881809468983455,0.8473785820387283,-0.7333655417938129,0.14286050376910414,2.8154021794512345,-0.15154605772650134,1.9524085767207933,-0.05052705622729382,1.0210742516554838,1.880023021812142,4.029548688557116,7.281476336230424,7.726482589955255,7.857300540172044,8.519709936026167
5.637596876127158,3.9387708358149305,3.8563164073303438,-1.1700590681291283,-1.5970386414325566,-1.8694374503978328,0.7922601116280106,0.6592161957360559,-0.45560706825682945,2.0116977204549253,3.5222973363415213,8.076860215362935,0.28825503770416433,1.5577465296424178,1.2726985362365297,-1.2037813285877963,4.341526015091985,-0.907326109473098,0.51722059948875,0.770833972205431,3.3337508673168754,0.928573155809254,0.21687016098838113,2.232465217393789,0.18071870281270047,-0.5285827088410701,2.650974465376146,1.7821294251999766,2.7243349433984174,6.40090906755282,6.5550740472713915,7.390903371385901,7.800862300094399,7.839972888121683
5.2104959407450595,3.656218021769234,3.3452280997420925,-3.3772801512641055,-1.8439802175882025,-1.4239386718227989,0.4986468378214418,-0.17690196519409282,1.10274428962823,-2.009696627715985,5.343789289609501,5.845119597930958,2.2074278722087897,0.8329346672054064,1.174577457163624,-0.5570636697138168,-1.1372186373806878,-0.09817299737583296,0.17036409061168004,0.37535926917254064,1.5953177617119334,3.306984963258372,-0.6731886582782874,0.537541005752483,1.018783985777776,-0.9107042827723113,2.649999448044923,2.648672996040885,2.081243519926376,5.4105764680989825,6.647428426143995,7.37961752469939,7.618673076049673,7.737939473557944
4.2111507792275,3.597734163593721,3.739816766544803,-0.851965994928955,-1.4968260191430416,0.6616398890972972,-0.1769823073882694,-0.5417609777801137,0.26916554797471465,5.228910461115761,2.0823790508038407,2.004565223526723,-0.7301013779309602,2.160425274645541,1.9564028874880752,2.38991289615943,-0.36408420736222624,0.5020211528952897,2.292025902264082,-0.2632132709548956,-0.1941686147320311,1.003064935422368,1.5602323105515217,2.6318828956970437,-0.6777240426351958,-0.1847181014225798,2.2406135026460374,2.1921283091024946,1.9013300483994287,5.070874657572802,6.206386089936366,7.072459825886162,7.289398787983007,7.222579199441285
3.523760236065033,3.995740885012168,4.110913286542213,0.6707373724507512,-1.4739665786294105,-0.8164619703732945,2.2820562469463215,0.16114447951255653,-0.15680079575796926,2.3715548170717264,1.165812365906712,-0.14046893042066919,2.196767552069753,-0.5843038381715161,1.3423671452713946,-0.4306567342211785,0.188191038633579,-0.6091557845798338,0.8099485498239515,0.1883450258719474,1.0592358072299086,2.2471791270510733,1.40879364147823,1.1790368513222134,-0.5736927573143961,2.4831139940656795,1.675872381803818,2.8379174545474837,2.2937754837789663,2.1232166945621476,2.975057027653371,5.7126831462190175,7.1103645770550665,6.876913605160835
3.771386203529397,3.577744059227434,3.5533195770047143,1.7287997062166078,-1.2624037005450086,-1.414480465655802,1.2659493129641528,0.5510469004727975,1.8542490860958,3.2355677350696452,2.58834145489138,3.351745754420801,-0.6171398275907707,1.3645569854440012,0.0022093794021500073,0.7524395654887673,0.38805705428586507,-0.5628215000544553,-0.16198798098414502,0.11323282513638692,-0.5421200899039214,-0.6405264926673909,1.5585698622914452,0.06359436357812903,-1.1985705123094543,0.8919115883059897,1.3520102652610513,1.6602825441454347,0.6636513637738432,1.667429544157551,2.159753772306161,2.091842509059235,6.822057389423552,2.582377212772474
3.227400101244219,3.2656175912275414,2.7027761236793237,1.9998577287991066,-0.6321183287087171,-1.23931456124989,-1.4214353351353135,1.6699349131076249,-2.227050532830082,0.9718760958130082,-0.2383107733031889,3.5003226442108746,0.5880314491458609,0.24806354395581773,0.7577932119202975,0.3186665469261651,0.05020924879411803,0.40465688507564346,1.239367378193029,0.6165817352021897,1.6358792782378484,0.28263684938618927,1.8799117730166854,1.801209222814235,-0.9624567257383644,2.096214769372557,1.3039319321264435,1.8934821196663751,0.7844302686984885,2.3245244832935166,2.243446680795154,1.9993009868662543,6.049167277285635,6.391783056058113
3.080987134638194,3.123267020571242,2.7761343694236746,2.2017530056272543,-1.2012798944512046,1.0047239829474641,0.5701692542545869,-0.3308737928218837,1.9696254867366512,0.45485120912622284,0.9883073953551602,3.3212089407292003,0.9140091362745171,2.0542434511303433,0.21664593551258812,0.6637953595723519,0.23287425407107415,-1.3107408015376583,1.1720101821697577,0.5089577153227626,0.7514439060638904,-0.45560328212131906,1.959695274700924,-0.3699888719100295,1.4998633552135778,1.401909019401611,1.5025420891089099,1.8460600286516726,1.8521334365936946,2.076609071189337,1.9233485188729182,2.1068689791312516,2.1740475169015547,5.819288039549702
3.3137258019228164,3.030831038522804,2.6665131828963338,2.442017346905456,0.7808327582506598,1.421086736105598,-1.3340559394878646,0.5616977433380708,0.24769822638043576,-1.4858970197495223,-1.014457704924272,-0.894198273378843,1.0479462840365166,0.2740234208449137,1.2699711148199595,0.33216212677502943,-0.369338103612843,0.8882334111126072,0.1534062302814007,1.1742287768636346,1.816396102233792,1.537614570397251,1.328139303655215,-0.536319924714486,2.1114075141039166,1.0807738722588784,1.3275180345750777,2.316595655203177,2.387346474658525,2.2240593114271987,1.8623358709448607,2.243047279729401,5.440136877551611,6.050040016071617
2.8384213403553233,2.418128120691948,2.3239702861742955,2.8598002989638314,0.8352825777218537,0.9858916163282877,-0.004530164119472265,-1.4640079764271892,0.6715127232061735,-0.987507665628955,1.3300942992521099,-0.7959895353080454,0.23985459954993232,0.6983697447670721,0.970218986033036,1.7063483266583142,0.9451254957118227,-1.2863391194995895,-0.7685609729464545,1.8051185123894065,1.1839317122040047,1.792936463878641,0.7143763069747054,1.1814825777880515,1.5126492886383875,1.6595475910562454,3.829699092253555,2.017491160220548,2.110292436467217,1.9617890198380372,2.2236018903420254,1.8883275481329456,5.020676131799377,5.2886093526422995
