script/wind10m.json
{"header": {"parameterCategory": 2, "parameterNumber": 2, "lo1": 3.000054539987559, "la1": 64.9999836372058, "dx": 0.5, "dy": 0.25, "nx": 34, "ny": 52, "refTime": "2025-01-23T12:00:00.000Z"}, "data":
[rows 0 to 24 of 52, columns 0 to 33 of 34]
-7.196987161275984,-7.57155714409038,-7.479727299748341,-8.366058771914556,-8.479554988859007,-9.177312793652002,-9.931286990674995,-10.077653374769602,-10.317853239285203,-10.13014343093754,-9.364384150642952,-9.00932952011984,-8.682953872220947,-8.05861172188477,-7.070468009842729,-5.472769587043398,-2.473324434482511,-2.894420021534919,-2.119320348202634,-5.002007850958928,-3.5533720980263084,0.5344360004797929,-0.8593775291429143,-2.246026987468946,1.588540489241654,0.011376955689192659,-0.4520602215028701,0.6849621615203438,0.037461270913942926,-0.6793303430410841,0.015961312187124738,-0.49366597795209033,0.20085504751975375,1.1077811104613469
-7.856297934876531,-8.321035456011705,-8.524507986802128,-9.061193289133621,-9.594112003803435,-10.198443539082428,-9.545984285670292,-9.459762289643027,-9.488001074918984,-9.601228239298106,-9.482323311516783,-9.384254042520393,-9.027411637852772,-8.893706584351317,-8.791575580896021,-7.347917191201103,-5.496806421487195,-2.9229217462857466,-6.548855861505069,-3.530833243868409,-2.3690089892031865,-2.4314003244620883,-0.7355302629111469,-2.8449973422108683,-0.20688452441099894,-0.153081860070078,-0.46560799990147306,-0.7587568499643764,-0.39524971995621677,1.6886089305527965,-0.28678017140432793,-0.7914955327380048,-0.5193901371860281,1.3047510037233532
-8.492629498106993,-9.032313783020301,-9.315901413408922,-9.847008006967084,-9.890654770728146,-9.46555223548872,-9.600255076251448,-9.937988387772915,-9.770379858286482,-9.856043942564627,-9.659210990121668,-9.225395446634437,-8.636972386765448,-7.429315537910011,-7.520397746513844,-7.5591976685712545,-4.543604031407139,-3.6802056888180066,-4.015440064690277,-3.0016723468060342,-5.141396848971595,-1.089108525066047,-3.4392473920190785,0.7325738966899051,-0.7158481156965595,0.24535349162663936,-0.7222135084417107,0.15564627939558903,-0.1637862640427547,0.8295979900453715,1.4783863269571873,-0.07140018007879408,-0.015021189948659546,0.5858605470698522
-8.862476899809526,-9.40001666635089,-9.632912228777608,-9.552348610691785,-9.44000894958187,-9.565170038403842,-9.751258535004629,-9.98887327445321,-10.027097761398162,-9.62516478276451,-9.237609756048062,-8.223422298169288,-6.763155595776164,-6.789259919674204,-5.599153621076557,-4.796124580009373,-1.8610285509695916,-2.821652361397208,-6.456693102958934,-1.6173447398779504,-6.331228399983543,-4.207865782202767,-3.8627158708082767,-0.5924847495855329,-1.1190363947787578,-1.1029766240920615,-0.5213207235077006,-0.31892997426547215,-0.19208884715326618,0.07796733390455747,-0.16476487788513955,0.9158693882278519,0.8271615185077272,-0.12003044279771888
-9.023343672920323,-9.357341553406515,-9.412596988589083,-9.503897240331234,-9.59175323701821,-9.773200965101914,-10.141007129436579,-10.402026768362227,-10.756703520177574,-10.512728435126071,-9.814649274906552,-8.640531994141343,-7.3358071041653705,-7.916568605123045,-5.74163685439836,-4.632493167249249,-2.4636694837743693,-2.8047389109941414,-2.9419200364064504,-4.6979055840909885,-6.404732981697196,-3.8256284279967705,-1.1885092641515433,-1.3669955599460824,-1.0691353164914612,-1.1098753206029321,-1.2282983838947445,-0.48915865352859583,-0.05582410208349386,-0.27686787451365147,-0.4227047334866234,0.4779934776059388,1.1041260178333054,0.43008790157521465
-8.875823253931271,-9.171232628459677,-9.461641135968627,-9.528958684119356,-9.466893837293645,-9.71178364586854,-10.096630887381336,-10.501344929932051,-10.347442191430954,-10.431347780882835,-10.272037644134336,-8.984027661432883,-9.648474029147453,-6.075030024027479,-2.847374584464712,-2.1464770633976915,-0.6554786250317938,-3.5159250404023674,-6.13266611466321,-5.6956112498572615,-2.136657986292514,-3.660202567743688,-1.6941391548957625,-1.39076358133136,-1.4198079293771564,-1.1426714963477789,-1.1736415005842604,-1.0960367764096595,-0.34410048330267473,-0.30932818077875907,0.3320287654921648,-0.14492205514732245,-0.003342768400728723,0.05887653194935469
-8.78418543658339,-9.18986930636757,-9.509981617714539,-9.2858769523919,-9.075822700921305,-9.505968445141642,-9.526723875608699,-9.69988931308026,-9.753604746759226,-9.715223924346796,-8.697985081448563,-3.9277853538667373,-5.838617746876305,-5.00273909788307,-5.448026622526364,-5.301668657715846,-0.37346144119511937,-4.222642937052298,-5.80883789802735,-2.0671329818007824,-2.6638796240603773,-1.9554371733475586,-1.8970830868139097,-1.6491001891049144,-1.1175212270392474,-1.1930768912218621,-0.5802104144757088,-0.7864759841380524,0.05861964856901142,-0.4625814439857302,-0.21165516045726995,-0.19380360074389333,0.053473864988231014,0.561323134948598
-8.760653491521738,-8.8521645558708,-8.843010031905756,-8.792976269406406,-8.937381226583106,-8.91604416574568,-8.75824322515501,-8.525750887895578,-7.57744889094152,-7.065430779355224,-5.395324754062493,1.4911420077780644,-0.3293287464409256,-3.358944645197583,-1.1215647256592616,-1.011104638309206,-1.049729090696951,0.13957566603273885,-1.0200507749035232,-1.0135353475500588,-2.4003968464552026,-1.6253872596227648,-2.127008158660824,-2.399415499019624,-1.3610441041416999,-1.3227959680153154,-1.3932181165063446,-0.681403190574155,-0.7746240510108994,0.1391794067038769,-0.47642003180371695,0.06733445521703574,-0.1416216616766098,-0.9071069673981741
-8.548129701150435,-8.511724412935243,-8.291565464307615,-8.459300945731016,-8.351590659581962,-8.247532727228219,-7.832353307908493,-7.413282600928062,-6.3619041178524744,-1.0523577791934549,-0.09502345668325955,-2.2813093227517287,-3.4985941360448196,-6.445631309481381,-3.5591564562011575,-3.2118122861140472,-6.248512132045835,-1.843663741210746,-4.993044427470136,-4.999781045748285,-1.942081936228011,0.2824258461552877,-0.5856780258091924,-1.4751641089595948,-1.5309434252247311,-1.3346300542840928,-0.9655696482205752,-0.9775559474469359,-0.5127790634733198,-1.0210209745729901,-1.0538140919201797,-0.9439664885338609,-0.9521162620266937,-1.2761825929754773
-7.90702083935635,-7.574563142467075,-7.660486601359167,-7.748688403600563,-7.493033694259989,-7.4942349781803355,-6.673146969611784,-3.9883584136654204,-1.598245977509525,-1.7684675928779554,-0.8074373297890587,-0.35237058685861194,-6.188655609734229,1.1700139220589825,-1.555222795548766,-4.434079839162934,-1.556265078216606,-5.432101447383148,-5.338062401114893,-2.8451850026500596,-2.111284236027718,-1.251469190339307,-1.6317423394446584,-1.363792150924225,-1.2914195977975191,-1.8887746603003963,-1.2394793117828142,-1.4666222977857846,-1.4437850884774557,-1.0910535917851596,0.03679292110274438,-2.6484958356720645,-2.5050009245059113,-2.3935960211199547
-7.546859835605254,-7.360191483813265,-7.007537846036126,-7.129303108397212,-6.875927149786679,-5.583419276204888,-2.138896871012651,-0.5898102512007032,-2.5311570339490843,2.2830762374393108,-2.439962169243262,-2.1897397833790055,-0.14344853607116542,1.918422988444598,-0.013652376618341563,-4.154625359748501,0.02604696966239196,-1.1057521222993287,-7.69656281671689,-1.566321690458728,-1.76801090725373,-1.6067116134245527,-2.438049571265562,-1.7981694925918714,-2.0519474081198474,-1.31590481914385,-1.4792092511967474,-2.1614972739972,-0.827391293303863,-2.552518776022021,-2.6196722506179495,-3.593079652825477,-3.618212893481311,-4.415319532379684
-7.333984146906056,-7.294337258529088,-6.306229081977803,-5.376231879283334,-3.690201982062461,0.7411853730126109,-0.8580061902995524,-1.4312547596023657,0.9498118866715323,-8.372654734310927,-2.06906624458062,-3.382308629016026,-3.6213028328789547,0.3505601588176147,-0.5020892511313605,-0.572943228542533,-4.045917583805154,-5.484063097382478,-5.495472386807177,-3.9234272052947077,-2.2506271656154873,-2.7945824629859084,-0.7847745794182541,-1.9644563331871094,-1.2542844912560005,-1.4806142668062028,-2.0297364742858686,-2.0872671625577346,-0.4263813762808746,-2.992680378611185,-5.749946062523422,-5.287003174748325,-5.387803526591855,-5.636991522063732
-6.634957488400435,-6.057359657743136,-4.634588593331302,-2.5260381650081634,-0.8432279657631399,0.06268799509065215,1.4618004109722318,-0.7088523418606829,-4.455117398704951,-3.1674751132418346,-6.260798975251344,-6.707879322961263,-0.7364138517236825,-2.720693307219533,0.09126790016225524,-0.7008182236760822,-2.935029588966822,-1.548578833344832,-4.266871175563882,-1.932315700771362,-2.741350712811308,-2.2860194651538777,-2.378492220567061,-2.0885907708920595,-2.106304973980607,-2.499488029658538,-2.136726585118338,-2.5079853734662936,-1.8268996159444164,-6.084642427385857,-6.12280928131289,-6.511795475000066,-6.6405411475461875,-6.452204061781596
-4.829829540554355,-4.021196738547521,-2.790910378388246,-0.4077667109356284,-1.4896993601908022,-3.7025240930170336,-0.7657415204610617,-0.5996485023125733,-4.7274634643199045,-3.094877635298669,-4.409444780830635,-5.128407661071518,-0.8499644711202798,-0.31246376255856695,-5.737017815192328,-0.3848308650307357,-2.01105972848284,-4.253224372864294,-7.06969779809145,-2.7531793528552186,-2.357268393638514,-5.1456264272897005,-2.5769414746410964,-2.629021010549837,-2.182659024916876,-2.1003636860812045,-2.1516644045687343,-1.261681362291051,-1.353289057537704,-6.443959242265566,-7.495625537963375,-7.513596788276266,-7.194533183629978,-6.621905634376195
-4.226401124073064,-3.9736502879355826,-3.286784454431209,-3.598464450061653,-2.219080461842976,-3.2450585503407376,-0.6092171975038428,-4.917881707932363,-1.9035858805934596,-2.3036890188681727,2.39876730225246,-5.102228513413933,0.06922421679514977,-1.2303963913537204,-0.37418753008372474,-4.918583414671971,0.8893935437016952,-1.838315109876664,-0.9030261539478841,-1.3334982688281285,-0.9393979186635746,-2.5103437645431943,-3.5569646129725094,-3.6386231884895937,-2.159115353397533,-3.2440185499899217,-2.1972680947229435,-2.534704675110699,-2.457669219430522,-7.687031111669195,-7.994494147452668,-8.024909400393588,-7.408710208408353,-6.511003551920553
-3.1420526048686823,-3.401467090965385,-4.585138390677568,-5.021296203779501,-1.8252758868461378,-1.8968413362497318,-5.54163643489226,0.7073893675613104,0.5377207988108001,-3.512687957474055,-2.8166246834141035,-4.142667889189778,-2.1740953829612746,-1.129477312431407,1.7688959075338513,-5.724805418543987,0.11247861443800893,-0.3238148568707945,-2.632602775641044,-2.1940989542527536,-3.1772122211904574,-3.563152014840843,-1.115751904530759,-1.9926123068797505,-1.7027713351092033,-2.673746794227427,-3.8664555819824464,-2.856709807742831,-2.5186255900437535,-7.7806336279594985,-8.039396799015458,-7.873463096003393,-7.499054432782055,-6.867308112711818
-3.3385484163316965,-1.848217655506785,-1.756413426277074,-2.671093379319992,0.2353166371593032,0.27326835350736167,-5.496574289729512,0.6802203096760036,2.1046792836696344,-1.3301043278540443,-2.345734295624922,-1.6254636285836674,0.2898699033495896,1.5627078254670934,0.6759811197415,1.6317247959294792,-2.583299461584591,0.36865133165613323,-2.544948132541213,-1.5310773834697662,-4.0654262140061315,-4.410411598342297,-3.797949413839882,-1.308097459045064,-3.3359508943894944,-3.01692052890044,-3.1882373412180347,-2.782091618970067,-2.5091619192892254,-8.18200154043585,-8.152436250569114,-7.527922155381515,-6.5553508214582905,-3.057766765384792
-1.5026942911343601,-2.9575915576504124,-3.41314581735225,-3.046095599306083,-1.494893269320316,0.9566731029297249,-1.896336791144929,0.025984160978483526,-4.886938040516263,-1.7559133655599426,0.6792311455893062,-3.2121511803523304,-0.5635289765054194,-0.5739665333753606,-0.7609519768300004,-0.5154121239884463,0.9185499938556946,-1.153215838633846,-2.971519148222716,-4.583761804771521,-5.423431154301664,-2.6100267307329927,-2.9207996377209264,-3.1106912567511804,-3.293619542426603,-2.744086530886254,-3.523471057074823,-2.0083118378714877,-1.9654094033615885,-4.6687695560391855,-3.6819099382872205,-2.3087492013185784,-1.2920785137094484,-0.7396837944439334
-1.7329211684185706,-0.9741536805591465,0.34225316512448767,0.8324045788787688,-1.7007107966156834,-0.3734785249814752,0.5384026669629447,-0.5804551374476256,-2.877826719488123,-1.7037732891486752,-4.6614326519717535,-0.16877755952188106,-0.7544735811988914,-2.0833276857884875,3.0157706359371628,-2.5606784531709392,-1.1583453495898846,-1.4681133842236955,1.6924759298370657,-3.1927388500204943,-3.3812803484847596,-5.012997783372613,-3.993516151784122,-4.343741271931402,-3.879431658431234,-2.7773403787759507,-3.3730269133925628,-2.2297344601263736,-1.7296092490597446,-1.571558530701148,-2.03310430682241,-2.988730147819346,-2.0412544278872566,-1.6516150974333013
-0.8985775385752249,-0.8107689592165717,0.2546770128052861,0.7601326433076441,-0.8676836090561775,-0.5927916585422315,1.7523543238872816,-2.6624694266366937,-4.767172166214762,-4.17300156978029,-2.8949039289956136,1.1301105415628043,1.4059419956710282,-2.540893680103054,-1.251307150681098,-0.1817513553666658,-1.597904295831466,-1.6168646813899872,0.6900927994675754,-1.9328058245896635,-2.837752309031275,-4.457362983465524,-4.512954211632851,-2.609084235958367,-3.6658245344392246,-3.050923020493026,-2.932199715191405,-2.624926564327846,-2.2931791162483153,-2.130229906435533,-1.885916917752935,-1.4555822145481236,-2.8832650609417123,-1.1805708800191628
-0.472190658317607,-1.2833368234188913,-0.7769771775289434,2.080204678910581,2.2484733934151597,0.1221798212383926,-0.03372066095264984,0.42176302806018917,-6.0763789600623435,-2.029869566362231,-3.900371381635767,-2.243898069562711,-1.7616262950415045,-0.7232464836725417,-2.3380121026088645,-2.312832797467721,-1.8665747037139744,-1.4273621775146317,-1.3461175050037655,-3.391528437156195,-2.160271867117017,-3.0051687063656347,-4.382340387722675,-3.1463272321583156,-3.405965035265656,-3.95899440688521,-3.1302061864627553,-2.565280125306864,-2.328168798694564,-2.6344917987432632,-2.3979558662880196,-1.697305390572603,-3.1974585427019218,-2.2389449084045143
-1.7081266642471116,-1.693977581368311,-1.4056238503808327,-0.8283400947221234,1.0185153886490586,-2.675002411589153,-2.295101420282905,-2.37128839390894,-3.8495546209697684,0.8531419913453141,0.2254443760895918,-1.0761439200280376,0.729686495888093,0.5338328447160257,1.007129189449133,0.5809754826132839,-2.1154232979697616,-2.330558984830441,-1.585951500152372,-1.9949994797711323,-2.93907938449695,-4.95319098005449,-4.3154809546560235,-3.8205434448113724,-2.899277117322386,-2.9039501099149785,-3.41747839419947,-4.045120124373076,-3.992210387399629,-3.6793270445758246,-2.6065408668388295,-2.5537951041724805,-1.235999649302195,-2.361635311191007
-3.0285190172702,-3.3420864432725095,-3.5018933479356034,-2.7524363128830354,-1.9302019284723044,0.07715211751614291,-0.22316570874638317,-3.390735606488243,-4.336727935210175,-9.02819440149107,0.7310103427866866,-2.456569244249016,0.6054291140768924,-1.4718640927835747,-1.0370420153057527,-3.6779664370263676,-1.6856125338090748,-1.8476453535819386,-2.733392320992103,-2.9432807751342764,-3.9666358443014564,-4.029649278534237,-4.666658611904792,-4.53376249881815,-3.0065275967150193,-5.064125776061054,-5.106964417477418,-5.566443300895173,-3.6355866091794478,-3.6016737738174127,-3.3438720581884973,-2.9199864988586146,-3.1435655730969647,-3.050263303630987
-2.4139094751708536,-4.00507519556931,-4.35150805025775,-3.6454669833426423,-2.542720027517004,-0.6168623517568143,-0.8707274167633652,-9.606338672905649,-6.007795297006027,0.9231807529742461,-0.6631866985288084,0.6285772764862015,0.215917620403939,-1.1953275995547283,-1.8844833363726643,-2.305007829735585,-1.7915535093121102,-3.178745079582424,-3.0454866070407296,-3.100539208485193,-4.243172291378724,-8.584957352343153,-6.646154576423965,-3.658300373833554,-5.808133250096781,-3.9879680448746986,-6.7327709751414,-4.1910078209196335,-2.885738728455666,-2.9576103378522527,-3.4864133172838687,-2.0945351914696317,-4.707200695773162,-4.0400217353451575
-1.042739318255333,-3.922751061550982,-4.931568837704406,-5.237686073360467,-4.994081332841336,-2.7373709346944657,0.3068776918203255,-8.789634443081054,-5.5389331399921025,0.5921000681504409,0.4462978610548092,1.0793496795998556,-0.18962680203859633,-0.9066859621479522,-1.7166007375999353,-4.093187055122947,-2.599734144898427,-3.4615325841963727,-3.278205980300283,-3.0419928398190392,-7.126868527001873,-11.221585529598642,-4.963904240651504,-3.8565593789716432,-4.182479482203557,-3.634468701120874,-5.522548706524443,-4.247792934545987,-3.011280585939608,-3.1904625714539883,-3.0013783802059164,-6.377158390419496,-5.852060056016921,-4.378648227724066
