script/wind10m.json
{"header": {"parameterCategory": 2, "parameterNumber": 3, "lo1": 6.000198445256149, "la1": 58.999992894266676, "dx": 0.5, "dy": 0.25, "nx": 22, "ny": 24, "refTime": "2024-03-02T03:00:00.000Z"}, "data":
[rows 0 to 23 of 24, columns 0 to 21 of 22]
1.9308191772529166,6.903820523418658,2.2416219565469726,-0.4428082887804903,-0.36469217978905444,-1.3408538822836764,-1.1469378757529263,-0.9529004860765978,-1.9052630768012055,0.7074117206284584,-0.19885192658366238,0.07117089233944893,-0.09759425997164962,-0.6336891745961647,1.389897675618682,0.8747558356295848,0.013035239090947072,0.09490490344166132,1.0361329475416654,0.5075227218365512,0.7108592324402402,1.2628849321791986
2.7284588259256286,1.8193602234769986,1.1430532764865597,-0.22324944001286365,-0.9634319263999418,-0.8870388784851218,-1.3454599719918672,-2.345550455424059,1.5176393606952794,1.1168237766006746,0.12878625645514472,-0.31272553648164053,-0.41281930742004297,-1.1573916371181059,0.546551646219092,1.1955396340033113,0.7984188408168572,0.7658416133346649,0.46195012062105933,0.48947961141042784,0.8157050631828751,1.0613116844190578
0.9476933087124755,0.7807161032517332,-0.28599857397692907,-1.3398590864875586,-1.2693310922972723,-1.6857108219379247,-3.7362051120528124,0.5828562733332872,1.7905197310175245,1.4066568446310763,0.34526485818143676,-0.07560528813712455,-0.7322710010906308,-0.4485470863007503,0.4087045155530703,0.27188909097716796,-0.39204720964077167,-1.7287563968030248,0.18194627173069572,-0.49850587439904087,0.04974013577779686,1.962320337842427
1.1326951913169523,-1.1512246037085352,0.064701890299394,-0.9175658024214339,-1.9036866011945632,-4.68091861348407,-0.52316321498741,1.6251526067511406,2.355355086897169,2.3969618505516936,-0.47497280316421414,-0.37050724658272194,0.20328739380504904,-0.9080117269916336,-0.6294104870328899,0.4529551424654778,-0.9023270685544792,0.23257016440118292,0.9145127846360859,1.0547457801390678,0.7071305745245512,1.1892816135819801
2.3197680142191466,0.6747050238096429,-0.7277516856255853,-2.6409381082463663,-3.7874835440724133,-0.5446680497816494,1.0036452748621596,1.8824899440185576,2.765417477468074,2.4353897670504607,0.08048654766911574,0.19028242536393514,-0.18364236147632618,-0.6962732126423989,-0.21973493184038947,0.055258433236125566,0.17876285363249977,0.5817947678446697,0.6407226633943065,0.07570320303666092,0.3806817273936304,0.24295212072091202
1.761268880715054,-0.7180602950353246,-1.9475910004596677,-2.1095011101781687,-0.8200484426817656,-0.16381252822388156,1.036107806735336,1.553164717678514,2.8978109644837313,1.5693046329260727,1.0534722846678006,-1.1536692541695808,-0.7809121109500727,-0.0177270423768206,0.05432102928296954,0.41344201890675997,-0.09474288633755777,0.32383573300785656,-0.16406167557799922,-0.021993910966133207,0.004603355912987872,0.48225416093101037
2.969592199067714,1.0352152028567632,1.541955432682058,1.1651035067282616,0.7822957666579522,1.2612354169769933,0.6531786062048531,0.8641605066808921,1.2386670390657515,1.9686612242989707,1.1663395447372564,-0.5514925987968115,-0.48201159973945407,-0.33778904204688254,-0.0051253355677171805,-0.5404300062323835,-0.8346692829267376,-0.3531874238097708,-0.2425966785794882,-0.4140864773537461,-0.18483507019100034,0.9582071695912207
3.384648805538667,2.7920509965548774,2.4943154429829986,1.9881192624390704,1.5697242051074856,0.8775685889764431,1.0832797801694412,1.690521074239605,1.0824509717931798,1.2710171377903683,0.6850169324781659,-0.6178696356642959,-2.174800948722959,-0.32639582328668226,-0.5846110600041875,-0.7973759326868736,-0.35357395297411964,-0.351954283965416,-0.4316432440815694,-0.3539511941143969,-0.42023830908182613,0.2529201590737785
3.300987939923304,3.2618984926517927,2.857912596051655,2.5560526973030844,1.8839763923604398,0.7102581407553388,-0.7540522440294677,0.8570202532864306,1.3129441912375635,2.047565186040597,0.7454983389775068,-0.1641288319645831,-1.4176590064711816,-0.7767512005798891,-0.3505539099840981,-0.45608232929404224,0.12151027966564765,-0.7584317887180908,0.0920702914361422,0.026952007685749083,-0.3819955993206837,0.3378165511066245
3.3889156614550764,3.3299180202648366,2.6642129344096137,2.179352490181017,1.9080605186808406,1.2777722006276964,0.9709790888594534,0.6539748386520173,0.7187530443915263,1.7454689286189926,1.167772611260603,0.857548176499993,0.3241010178885566,-0.4050943799631859,-0.3426109585715849,-0.05277925790078256,-0.3654062152848714,-0.06922966614772486,0.04447407524282183,-0.6458705672680684,-0.8099354711185981,1.9858632002911794
3.430340897837057,3.392396009145979,2.822250218715797,2.0886753603163517,1.0727680000921693,0.7305490449893489,0.7256692422771891,0.6990976114253894,0.12524706655050452,1.3254664797387266,1.51560583083143,1.5525543453680017,0.631598843235234,-1.2539550424613761,0.6714157760496058,0.160963942465979,-0.23767626043666645,-0.23551087924410455,-0.03419287750152184,-0.5819894183469002,-0.8483764201342369,2.3966043112655946
4.4338265601116555,3.699503935346739,3.0875403867514013,1.7664136536021058,0.4778756920962308,0.40317896300913564,0.485449549692402,0.8900126713931699,0.05317381559228139,0.2766013517140358,1.5540707063375112,1.9490527237753044,1.2972560090201486,0.8509371877218599,-0.18533568780340676,-0.04921703139384843,-0.4034862746269237,-0.12398153979694612,-0.21007588678458314,-0.25917464640815974,-1.284813108317299,4.015697766792436
4.633337796986082,4.199168190690868,3.719804559094276,2.983209630647427,1.8352654693600388,0.15547741956265362,0.023311320748445597,0.03275141928220803,-0.2983199314613442,1.145013653261025,1.2338079858842936,1.771609466828073,1.3936628459989846,1.1227527072850803,0.31896802560743465,-0.5347341933915564,-0.46085991936775644,-1.6983739908285973,-0.16348431994866228,1.0044170784298072,3.1339116915839296,4.698311096821644
4.874319473392539,4.854707471216252,4.893337887642002,3.369025428075566,2.015693192311472,0.7384198412252586,0.6286843537339017,-0.08786593735785664,1.1603824601189385,-0.3286718071054739,0.7101719005151639,0.6682854995114622,0.44842137397401116,-0.3750128789098544,-0.8837524320046201,0.21358523478994873,-0.954429052432776,2.0084604151916183,3.185933220769925,4.2235316072139275,4.551033343629898,4.834880428478782
5.186438197824345,5.215646231797883,5.468647681190351,4.120167882123123,1.7962668904186652,0.92063339796265,1.1404900925541284,0.011318265976662042,0.7700217027059001,1.0455562498501434,0.018802563332100335,0.9117073061199271,-0.21528125809454407,-0.9128040635365503,-0.036628353820807424,-0.2719148702144556,-0.16881615152803592,2.517610652305562,3.1767543687084943,3.6181422467412987,4.558627901487741,4.253122217655418
6.463972852123218,5.739391490853416,5.5181623641128805,5.147228637025146,3.739745683018471,1.4061204116650565,0.8746710581619475,2.296071459859329,0.1755491029183924,1.0939789726857985,1.4096788315989641,-0.27589652284411287,0.8916299009338453,-0.9052960377283733,-0.44809496993390524,-0.32055187954474906,3.8126364182040158,3.9673237692533707,2.3633723680831036,4.565353656313856,4.230089521324776,4.182236310636113
7.5380748128197865,6.332494170487637,5.5328274787668486,5.367291053946117,4.2521308864800815,2.250271379543605,1.0509915034030604,1.999793559147786,1.4844899293851723,-0.3263985792650594,1.7039087209323729,1.875365361962041,0.9936187676513287,1.9583095354915494,0.28291901663300056,-0.07457942750333281,3.2579055642180283,3.7100594531678746,2.9041163138866244,3.8910147547292016,3.170708176830819,2.8214977938076653
7.92824453680425,7.239541732087822,5.930764108816879,5.920289176097239,5.021495473714416,2.8265220404415636,1.3572104102012337,1.7626189700655859,3.0922339559803818,1.9989728986901978,2.0240762025797108,1.2500136814091731,2.456969623680574,1.0097639208625493,-0.2544006596943814,1.4501364154811274,3.7149892789643184,4.056009696925443,4.314615948714362,3.5638280872871477,3.01194049753047,2.7109905401712586
9.891551327038098,7.723186813408932,7.7028177744221225,5.906789495123525,5.620420940066492,3.332986252249231,2.1131393582920293,1.2325515917373502,2.1249067661501897,2.6260153349631596,2.7968942110470234,3.17079228635748,3.07990316686994,1.6520612731152973,0.7052429383916541,2.0413176175621826,3.2847556332834955,4.276007930521273,4.098089006467614,4.059533416273715,3.723622068066863,3.343250989791551
10.820960244471737,9.688181468515658,7.617878089346595,6.662580455428421,6.114516054951096,4.491825353432387,1.8398473443758212,1.755904932329742,2.1726231232605,1.9744968721279346,1.6065594030139259,2.4946866325524732,2.53670186739659,1.1921476539285774,0.408747783967693,2.008828213949227,2.525743369715194,2.7385058192304235,3.152660487567993,3.414379036977266,2.3246416709414426,1.5257186737829058
10.491727384245495,10.049959155856687,7.735069134126721,6.540332711638374,6.31902586285571,4.711397203855146,1.9381232873867624,1.9669669079665133,1.8345490380846243,2.0085691825165584,3.3785487636752225,2.569166130873866,-0.047248044063804645,0.13481165487932417,0.4695021596393898,1.4232418740779194,2.4797862384063585,3.1233973100189214,1.6553467888840425,1.2329846593055507,1.977687225290021,1.8722117203324096
9.475463181973863,8.934549348226904,7.326272978721043,4.475862893319496,5.850838924084426,3.1672076776640767,2.0290241364784554,2.552011913723803,1.7121912753511894,1.856021240765217,2.4047043119492764,1.5161501898110772,1.9248105527358195,0.052793519430856375,0.2906009072703404,0.3449597812459256,0.869518781376871,2.8389775543417013,0.8192242837081772,1.4786107985002126,2.3460403003179984,1.99406476290225
8.483786822408556,7.4852039958979555,5.594952857788123,3.22144382628459,2.6675287148087072,2.8582480689742247,1.7834018991794922,2.405152810181006,2.103688862597934,1.5895360670868446,1.7237036571930173,1.1703992182102876,0.7481490681551284,0.220550461841291,-0.5467435563010138,2.1358654663889163,1.1139710195715045,1.7886854299745656,1.4150641616659145,1.8048530404948198,1.723201465772236,1.6266993254884063
5.943301939756023,4.954029191342141,4.42671303677371,3.213508182458305,2.4747878641705037,3.466780171135805,2.675115095655654,2.5915795157283608,2.196562925807244,1.8653690413995043,1.276272995006682,1.011766054536771,0.19797050560925897,-0.10159914797316974,-0.1794915131751806,-0.12032017566212924,0.025173463415265128,0.7329366546129319,1.539770740779832,1.3045085469740498,1.0508205665210997,1.8989614112980633
