script/wind450m.json
{"header": {"parameterCategory": 2, "parameterNumber": 2, "lo1": 3.000054539987559, "la1": 64.9999836372058, "dx": 0.5, "dy": 0.25, "nx": 34, "ny": 52, "refTime": "2026-04-25T10:00:00.000Z"}, "data":
[rows 0 to 24 of 52, columns 0 to 33 of 34]
3.602810748449067,3.693429864665163,3.442134686488088,3.784353260183947,4.124197243096662,3.962281928206427,3.977466760778368,3.518955503708029,4.36438989209125,4.31233903179353,4.326090749634038,3.768283570896935,4.445434266036782,4.551468153104511,3.620320800787085,5.024958130444934,4.696998899117581,2.5367343746755013,1.9803430950163823,3.8904474679091634,4.547029944351978,4.316215182454086,4.7425273736852835,3.46213923435226,4.29211370148563,3.184184848847984,2.8331605502212334,2.401875323647196,2.3978170216691517,2.4952714173781696,2.447345308241185,2.443047154047953,2.072751066603785,1.2980107255442537
2.849987274324369,2.959405468695129,3.5674765346535904,3.5427173353968566,3.700400855768452,3.894949572423627,3.552477434701727,3.949193032267774,3.8872368886525033,3.8770021958251,3.5032396189777386,3.67616602777516,3.3216336594535867,4.16005503970157,2.7825100770409548,1.6299987977127697,4.309231712327174,2.5239467743844055,3.730912453356005,3.675632457539767,3.124202345676824,3.6186408530534457,4.3872440829713915,4.32692090764012,3.7835461059562494,2.9442356605749933,2.9710737457635075,2.2735930431155165,1.8853050877644664,1.7706927250462867,2.281403805509588,2.4667715749632175,1.4761381885888096,0.2293109619380656
2.768839526077335,2.9095104609907843,3.2269403539799684,2.888601564623324,3.056108471943255,3.61131534098808,3.1125820865785787,3.11261796791438,3.416679594062045,3.8808529070577045,2.6326070825999697,2.4348129432486836,4.6269384160140365,3.2734248419866305,3.4575039142871415,2.4684791338835326,4.038421253029338,2.545064451882132,4.42580770818319,2.848251924917666,4.437496283915545,4.102015363550435,5.570658842777561,4.206306584812676,3.257944233893462,2.7127048742855453,2.393768092378515,2.517299715386806,2.307228868979332,1.6692709001170174,1.7481510127937896,1.927811755489819,1.1600410247079398,0.011929556302515545
2.2261909578956307,2.4129594625057127,2.5026324702899894,2.733257842124012,2.89324157602805,3.0127821678210367,2.894105169975518,2.8859189880846463,2.6296339766842047,3.487970201107625,4.00891527374062,3.665890974172097,2.844853303279185,3.2926175951474,3.5832650868262728,3.316111764047346,2.8084225271912984,2.8229264217665606,2.442797388425495,4.138711697026525,4.368539843645739,4.697731149303592,3.937745613543092,3.5364931915597433,3.402972192213037,2.2897124255543817,2.3816253327773245,1.6474790524665073,1.5285001974374683,1.972113150933874,1.5947236516585435,1.12253171611118,0.6000272437742931,-0.35301123570858634
2.0938929365241736,2.033966897491292,2.1552497051635178,2.2308481219302743,2.060574208027217,2.128293893078514,2.2688678506319104,2.92530969601329,2.3511346032999154,3.443533303255263,2.4799156064020473,2.2190918983778385,1.049909180788554,3.307895163592415,0.971920930517533,2.220883508295944,0.1553161520736106,1.6084756461124066,3.8763707779832064,4.427804825266463,5.038667419392188,4.6485544994633115,3.5290985864557602,2.950591180141514,2.434543896973212,2.270439935583734,2.7588565799646516,1.377641581905237,2.611278171087178,2.359062815820906,1.1358254116774513,0.2974412607461654,-0.08546096526289254,-1.1123999223628611
1.7472149988220433,1.6824299962265266,1.31186569624345,1.4142111334888063,1.219652140218391,1.4278224124825813,1.7213554398485043,1.824858387918736,1.6145930566632205,1.8560057241479502,0.46342511831187,3.14929702575183,3.008921505429327,1.5617466489221667,2.6382840086948818,2.0703882893413956,-0.7194394059931979,2.196243567447386,3.71964222153684,5.616493269187466,4.139363576956198,4.9460242646735,2.70388609659069,2.565617991126078,2.4202605695817194,2.7786096913207654,2.5394840692836427,3.0893848156382906,2.2586336319833635,2.019182970811731,0.806267547377818,0.09222842509630372,-0.8958085066888226,-1.7300862586725394
0.3555496098320798,0.25309054236565065,0.6957622676712572,0.22598104208362213,0.06437738326447014,-0.6636503308310485,-1.9784116645711356,0.27375343489879556,1.9386968907280875,0.11656235634859455,0.6683285316478333,1.2333224813983692,2.422373294766983,2.1680942882980565,1.0142330167851559,-0.4908663340206359,1.3503912926157315,1.7215082016546588,3.979348533955828,4.727213816181433,4.31489197699009,4.083626019864458,3.6171745522535783,2.9427620978363977,3.008686337000468,2.365176355747096,2.4567981140766038,3.1122795938140273,2.20458948307263,1.682614912198945,1.0409434692436481,-0.5403075038837606,-1.4596927465462317,-1.5208176406755483
0.5788571237825295,0.5361886946256589,0.14491559233486798,-0.7409314406039875,-1.974075446728265,-2.9586244831979904,-0.936197619873221,-1.5538284484212845,-1.035437591586863,-0.08151630721897593,0.20213172398018225,0.18256467203714247,2.44644473018405,5.978791243603168,-0.5512912532928685,3.7753917843497025,6.13506316834534,5.240231106470481,6.324116907770189,3.7507484400746534,3.6399764325831776,3.3038216000157705,5.137562848636608,3.627046297375666,3.808244790367387,2.198009053017201,2.384356628636576,2.5677278862497044,2.608072152902946,1.399559917279776,0.18531775802258219,-0.5334088728164619,-1.1134694150050175,-2.9682833031094207
1.6658514406475546,2.6881075162326353,2.2696494461659587,0.7050490756714625,-2.023735203319054,-2.4188639219782324,-4.212421260438833,-1.9597200409019606,-2.432406474458876,-0.8574750762684146,0.4159443227547462,0.04354369926382123,2.3507342496660377,2.706478708438515,5.282881322510765,3.324488023939164,4.644275392041627,6.1167103385509245,4.646002441592761,5.409556339427749,4.55096701528448,3.0585851467165748,3.7245889573095425,4.771749866148022,3.756754820433798,2.9193622975161118,2.9057240149006502,3.1826090461570073,2.2789316588946567,1.1893717101380121,0.5673496027918682,0.046133371567266206,-1.3243899121530485,-3.708184090233324
2.232296565500195,2.383124081437372,2.3321856672682277,0.8720452385062143,-0.557585212956622,-1.9334870738154386,2.2370118339562364,2.522731496742238,-0.17674743581283736,-0.3700099325163589,-0.18558735222813227,1.804036052164788,2.9957682544764803,2.300990991796467,4.3713798298316675,5.277500183056769,3.516769135131027,5.6575691625259426,5.073209978565741,4.502573944496484,3.074051061518925,4.1549747628393545,3.3878011636946868,3.7869026641320924,4.513125266074118,3.5446866204265053,2.9392839122297234,3.275325642788475,2.790277652154705,1.6541487514719297,0.8499592920082008,-0.0686649276370326,-1.6209473896239712,-3.3088382421849016
1.9077311884692656,2.0357022065926667,0.7137812710247932,-0.407990275975966,2.664311455285642,0.16981395871949295,-0.8089411976444235,-1.3903104061693268,-0.14884870451081927,-1.2851748899569582,1.6934540057168763,4.468135994713512,6.635044636632795,5.795466165375243,5.07240024758349,5.789292018933706,1.8884366723877855,5.125431376271984,4.227218178138616,4.016590673239737,3.3009389744311872,3.3866825063300223,2.647591654790803,3.1822090369966105,3.6172993487011498,3.3536124735547563,3.9292068354459566,3.9023741067900626,3.3888159266909224,1.6176701487278702,1.331189369544741,0.701613902091656,-0.5180121686308032,-1.84493771357666
1.5944439603320264,1.8894093964082284,1.4361676944726274,0.7669307859598338,1.6700616001085486,-0.505580517576304,0.5793610324630458,2.852935788856616,3.117222994233712,4.8390674312293305,2.4558537052041345,3.4127864693205323,3.852632418345543,2.3206562845103353,3.7620742423412845,4.177920956529586,4.146573459564163,5.482429308605411,2.4147279151875747,3.944015582980909,3.3023409029894806,3.2729455138155172,3.295530249256409,2.3592378638424742,3.959720005000867,3.4139847473635063,3.8008943861094058,3.599530548548631,2.863633511189775,2.908315163195641,1.7243578472126255,0.8842638424626047,-0.736513989921789,-1.1485931831889546
1.1619082089136041,0.7788908325791519,1.6952304822509918,1.2453380147202293,1.1290778324580353,0.8177713902557247,0.9661422970233775,3.153606781731189,3.022625322055585,6.028231199662039,7.829369376872567,2.503530368479988,5.034862290372663,1.9664738099197974,0.6478882953645387,2.8637455929682916,4.118582290224928,4.101380732451592,3.3258169637514956,2.9809099180830243,3.126833838596117,3.0291847332874235,2.951334170091399,3.006126904383107,3.1738394458643224,3.799589732961883,3.1041912336905977,2.7867781966537883,1.8165928158661704,1.6572426627034034,1.0450603870919295,-0.061865581894485204,-0.19055206790672202,-0.6318604694880563
0.429746665872952,0.0011742516211247958,0.49254949127987085,1.6770806313114237,0.14834150955131664,-0.38346469498149205,1.3833902206472548,4.338463444705431,3.6455298424123024,1.256053235943196,4.634629863313349,5.045749752163225,4.852104617269004,6.376235331086028,2.109186247448567,2.427820083872248,1.7682386209706937,3.45448077854232,3.0464256755196377,3.3083582988470015,3.6497319476889114,2.519070226008588,2.9721883623628256,3.1591625242375687,2.621488223196043,3.627195984948975,3.670233935148459,2.8315361030207624,1.2345530600790844,1.7162237562059657,1.2357796303543114,1.0493876706539553,0.7586723646286172,-0.23597694146023762
-1.050123730965619,-2.1376552473029387,-1.4519559079710425,1.0800449825593745,2.461007236165219,1.7913163428867482,2.122466293757664,6.606331934646888,3.3597486979821896,0.8950533042440221,1.6100813395518065,5.758932261230567,4.0102537449296625,6.27471141734771,4.263227135767491,2.591129242793822,2.1831677549458393,3.1374863391297008,2.7914507100102663,2.7845348507078134,2.6836755077749563,3.2413893586128633,2.5877937660544585,3.3912332886995946,2.68750384712037,3.532345063950205,2.9433581578674555,3.576786306832846,4.1636255923739895,1.5374979167692835,0.4248422472524688,-0.8701024036934062,-1.3421651578959508,0.41513646051416675
0.4446154751879103,1.6093482742945036,0.22779344354507788,0.2681665548121931,0.8733296613738217,1.7040236944747202,2.3189552012729715,7.1053514493732255,1.8085698992081076,2.5983294759054165,5.1849798518245285,5.635748667349369,1.8626304815657466,5.268993901299716,4.4030160796177205,1.6500738881110437,3.329118083106612,2.9584230659666444,3.3684653991253977,2.5538959659611455,2.832941995934426,3.1380481909971745,2.8330866307678466,3.729931894802094,2.282436787064725,3.3965963422809042,3.30966353546437,4.820631181764605,4.175984925805673,1.6265052600134804,2.0742852527413977,0.25243105230228946,0.4137019973238846,0.8080962994063643
3.0309590946117955,2.8866651013696294,3.1873880328001287,2.16717547288363,3.827416890979181,6.159141863100859,6.615822744701079,6.223070143876306,3.2741448438047644,3.0963662255984508,6.744199123352018,6.832518238960684,3.013696101144608,4.077352649559435,3.0636264979168466,4.7278662611469535,1.3642682526915835,0.8065063701176481,2.88326225763253,2.11574661397591,3.682397005848813,4.165765067083956,4.375210838228261,4.367477631843683,3.8917815959945448,3.545342548738558,3.4230060379949894,4.225039443513613,4.323607587201323,5.479097510299015,3.513911688712785,1.1127403192519711,1.252415095669281,0.8957334849099688
2.1492145828300275,2.7442764658314247,3.137575497706229,3.7456507885445127,4.42111678315872,5.6187619658111085,6.3756949296426955,4.23745863464151,6.950137599048601,8.172111011820668,7.475850020169462,7.237048846358591,4.132941015761151,2.3942400440240146,2.9967746248712968,2.0169477692107503,3.846778974304803,1.1909085506442967,1.8645128229521801,2.9597545209920684,3.687693093180149,4.709677752006947,5.105160963203752,4.69586361935652,5.374950684180723,5.653955855217905,5.213327523487148,4.085843791025419,4.007926176180758,5.670028206463404,6.118952149135276,2.768166626334903,3.694844206752705,9.532534542440029
0.9165576841456066,1.311339418499539,3.5846566330849248,2.690180945568858,5.008988934372705,5.5901833058403625,6.340115390031026,7.371133767106781,7.234255294901851,7.131184640197343,7.24765090795514,6.0697226518540415,3.460851699585003,2.478232457901,2.131155424302541,1.1412180346339937,2.5049881127773337,3.6779885494800864,4.2127096906481745,2.9155645029176918,3.544085473649152,4.619277184991923,5.086459938588801,5.735812248745936,5.812346220133547,5.611109171618129,5.51981494857131,5.158941778057577,4.155175442022566,2.693854042712753,6.291461165478098,8.844399859590078,9.407200544631134,10.268596286899015
1.9804320247233411,1.875790179633312,2.8380743514807754,4.375969674408504,4.658983945594219,5.800718474327925,4.129278150807638,7.9599351289824805,7.399725004526765,10.068393342472792,8.73395478629924,6.670299357916038,5.192393375347824,4.219142895175843,-2.1645869390133674,1.1240140244091537,1.5528065178553472,2.5363461241449112,2.1477680633967435,4.224453886720989,4.722024399435347,4.815934860751856,4.75591471626113,5.999720432565308,5.966594824976275,7.32288478919756,6.397354371581089,6.503894986830261,5.332756625091819,4.4718183291750755,3.1002448558710944,5.471472096098542,8.656309422746038,8.318657240642823
3.792024029845721,3.8253607133310568,4.052869754727073,3.9298934167253474,5.240882024581934,5.607832983787018,3.7098170841578146,7.242886095774564,7.415759307457427,7.695589633795014,8.628431601280655,8.424091627156118,4.634252353953165,3.2139584435092994,0.8447488392254457,0.7967144962081203,-0.6792882999602043,1.648422967212326,3.4677336108628234,3.8684204694248776,4.345735532270735,4.740759172144472,5.395005702240171,5.959974313754327,6.749496428339769,6.652398638689819,7.307974076301987,7.263638390080047,6.025774827263496,5.900757998931935,1.6231936314366635,2.5171820683165316,6.8186712961728695,6.081812502233669
3.0053915917818506,3.0011249526416877,3.4243372225247692,3.885166398958101,4.946419971952032,4.48083997375477,5.82861407582303,7.989027206078336,7.922872083158757,8.379961557589603,7.520277267885373,8.362602454828979,6.409493884884942,4.312378462396013,3.235967181213218,1.3242544025891163,0.5123463800715023,1.737881271934641,3.982953801706343,4.251815009684506,4.372019280804831,4.690844582534179,6.301364570548732,6.178352243799029,7.583925969391792,7.119524981544557,7.220947920177381,7.561736685098867,7.448666846022639,5.545307732882328,4.867693233580232,3.7541306859705723,3.35712675490509,5.434023926748621
2.3360215216708924,3.0042044811743307,3.0746958467583534,3.678528755467398,4.415139526224674,5.7850513143299285,6.714405259729668,5.8055831132027,7.9826383625184,8.309980720302551,6.312024279211507,7.713064423020659,5.300788608139901,3.7753787502584037,2.76648357272532,3.123737341905448,3.686047148209723,3.0500966646935055,4.139021556227026,4.65778955508408,4.949430585909275,4.8891328595011005,5.222670451963624,5.75370402350076,7.02666575174578,7.056713134253278,7.853973572093127,7.144043392924852,6.500436116107049,6.314979283640724,5.4920974708106,5.4071545424061656,4.210865813235327,5.172675399619022
1.9739910828598213,2.255828201546915,2.579278336342837,3.3624985608432985,4.370839072536566,6.056948512785773,4.827718466127436,7.525722773088698,9.159352071583003,8.355259979343844,6.330390213598178,4.296124193117417,6.255193391838056,5.020187365381464,3.655556228570388,3.4117026772151373,3.373633939462015,3.594830692661766,4.810657173482271,4.606928922608046,5.857155800880124,5.164995942762296,5.028211853485462,5.7994670994275594,5.598644010620584,5.996988731861041,6.253474682935724,7.281984007833304,7.7334794651694265,6.925336973360168,7.897663910178796,5.806985044866566,5.6357333068293,1.4674482933221877
3.703145729380909,1.5381100605228557,2.103002850748969,2.5645231721733106,3.4804235743847243,6.015602811904776,5.630934382456897,7.974241024279753,10.080024600913402,8.22488157628688,5.738284371013737,6.1719900511573975,4.989271997297492,4.762486811637292,5.753981526157372,2.63884242371433,5.834136233153002,4.871788783454727,5.163760424082918,5.865027454111477,5.077851706528261,6.443100920344639,6.616377515259086,5.652052379601078,6.33898508472023,6.72562346399857,8.013689134263528,7.911185493760002,8.222324072092162,6.947615157532214,7.238797032197512,7.016502851952834,6.347254440846345,5.25907993351691
