script/wind10m.json
{"header": {"parameterCategory": 2, "parameterNumber": 2, "lo1": 6.000198445256149, "la1": 58.999992894266676, "dx": 0.5, "dy": 0.25, "nx": 22, "ny": 24, "refTime": "2024-04-21T13:00:00.000Z"}, "data":
[rows 0 to 23 of 24, columns 0 to 21 of 22]
4.319264695408568,-0.2635443751290482,-1.2205582528513126,-1.471583235221625,-1.3215719582729137,-0.7941055584598715,-1.4652717468431968,-1.722183467310244,-3.4952896640642983,-0.5821818570300668,-2.5086505080927877,-2.122852454987794,-2.0650849695479576,-3.0485020446040405,-5.42976879262903,-1.0975867498642222,-2.8142645211973902,-2.4209399718893576,-2.4061896801836102,-2.3081897627222103,-2.0592346670136217,-1.8820129167026933
3.1661937374483755,0.8343325538903825,-1.0407597091332337,-1.4199856378443072,-1.440101556338593,-1.2127756596306514,-2.750336886449748,-5.612321076179278,-4.565750972109834,-0.21559237818216173,-1.3382554677628211,-2.1962699434039417,-3.187308855375453,-5.398275110353258,-5.263541090986329,-1.4672339480890113,-2.162830338418276,-2.9015438685160886,-2.1882245618063663,-2.133037338212949,-1.6485797890749279,-1.5608698833652417
3.773916362987466,1.403939244275055,-0.031917452836265535,-0.8121437361027294,-1.2187443943815766,-2.726038172943655,-6.5227440063974536,-5.913742998661931,-3.0272463319049097,-0.42198587450072556,3.1666725689356285,-2.5047514671166566,-3.5952799602555903,-4.980620490768218,-3.284434340116358,-2.9944636869201244,-2.075965516850465,-4.401822045141445,-4.102875621099249,-2.6747460542767403,-2.2830026071976928,-1.5788089095222588
6.839264791588881,6.473914855834364,0.3859019528563816,-0.5414970213468613,-2.6954420036342266,-6.030472709628302,-6.737265799475687,-4.694663079790715,-2.729884260263673,-0.648444156513911,2.579671001026477,-4.5836908759075286,-3.3573021067157605,-1.566342227114579,-1.8336316479875963,-3.2237512239567887,-3.2406918591763554,-2.3052285266120585,-2.57617840195386,-2.0339673411795145,-1.545180521001553,-1.251740910478181
5.370740818422434,4.5427857173103705,0.8260417765399946,-3.9985066437350705,-7.744283427378047,-7.665818052378205,-5.917729760059725,-3.963496214690635,-2.213786057929108,-0.4155300711046131,0.9371300106070355,-4.517851203992996,-1.9082203945517922,-1.062318042620932,-2.9139292700861095,-3.39587060929175,-2.891014142787559,-1.771413550301871,-1.8455878279749451,-1.5784977407602714,-1.3451817077133585,-1.3493638340074212
2.2375188320746116,-0.49417120915567875,-3.9770575320011483,-6.3676725446543445,-7.50090047534159,-7.284138065974821,-5.474990025573909,-4.433740908917869,-2.25366380757833,-0.6897391786504796,0.16600197744490064,-4.4490624820350275,-1.213866917858379,-1.0362933618988202,-2.5211119106325075,-2.487726713350078,-2.5143322934153227,-1.9304786424059206,-1.8445976343229433,-1.8905369807962764,-1.4106920986317835,-1.7475383327014142
-0.7187483222880034,-3.203644446401151,-4.923170370715548,-6.640265132325898,-7.08089200880667,-5.699537887768048,-4.689373269223488,-4.288349914176013,-1.5758029067263575,-1.2421105427174115,0.5524446392571092,-2.5721319477746896,-0.5715529654233555,-0.4893780708191257,-1.9227678558016312,-1.9809615762747774,-1.6683890432513324,-1.6018804875185102,-2.059853211344329,-2.145391307135637,-1.5412276751038105,-2.0387385767865998
-3.6064951880533758,-4.679597952207253,-5.699911223921644,-6.220518794008266,-5.783049661441602,-5.129266873849911,-3.7193547247149157,-2.0087904934665612,-3.0513169270493363,-2.0190840139637847,-0.01037260210879648,3.988596446731018,6.7050278853164205,-0.5225531536500382,-1.3229685949515297,-1.8128400245454894,-1.569932200259846,-1.5474733879630027,-1.9716798100721973,-1.8674575628597985,-2.108629449700764,-4.464422751186084
-4.773071100244529,-5.391377735907797,-5.904571924012669,-6.0665960680856195,-5.214083493602121,-1.8211156482694126,-2.1398728310757615,-3.4171544772323035,-3.399297275487525,-1.6659338467100517,-0.051840726664287344,2.6996885753692275,5.639221626558765,3.834727417283509,-1.4257869346864573,-0.6259461541459372,-1.1738296914029558,-0.9097020884258402,-2.137223405748446,-1.8130384216102053,-2.499833108384142,-3.1720780491524283
-4.984667776133382,-5.881280069633096,-5.431090150605103,-5.361494939666132,-3.761773335592967,-3.04411274449857,-0.8741038189086703,-3.0972545420875894,-3.3431142763416015,-1.5477103363199889,-0.4750447419454637,2.0383326022863524,4.461321272672376,6.229589122192783,-0.5599111775088428,-1.1673556486903705,-0.7877863313126153,-0.9120792410015542,-1.5233235185327003,-1.846440685081744,-2.7458297881198823,-3.0299425740739987
-5.054629950266069,-5.566230144536425,-4.939341575625729,-4.298495353330709,-1.674722051374107,-2.6379116150776087,-2.74078257607243,-3.77395175253057,-3.5450545010318226,-2.3492377416408616,-1.1903396677472005,1.0461586349216305,2.9594274334685218,4.574754028887104,4.174680104040702,-1.2562170772720462,-0.8551582854919929,-0.6155888187432719,-0.5573411336805688,-2.5916075220433954,-2.9789027680323725,-4.512679762703703
-4.92019680998287,-4.808425752114899,-4.105267160763876,-3.4133073037852784,-2.611547271323266,-1.2401371576895754,-2.8411480408692893,-3.3945627160891383,-2.6617947564960764,-3.4622365441813443,-2.4844258461380355,-0.6468816379932926,1.2311534932388135,2.2027132385334927,-0.7219438431189863,-1.1622230676996408,-1.0722431080020363,-0.9531390930286373,-0.7391047013124792,-3.1874614837538906,-3.4843504496751523,-5.848664566168264
-4.64608772185901,-4.595678900240278,-3.7711224336431797,-2.130229132378796,-1.7221703135543365,-2.1915054881983878,-2.3018009035069076,-2.811489304368868,-4.364839724643246,-5.0022212713574286,-3.6299460825563266,-2.6743655293016286,-0.36580508855125243,0.685387425605858,-1.6198703824062186,-1.2525742197504142,-1.4746436850003835,0.8159383365104067,-3.143024970857097,-8.916992054548986,-7.555524478313148,-5.9938706423802275
-5.108097642087636,-4.262674572237748,-1.5822312190709877,-2.1595328573428696,-2.448081368933892,-1.900623140128376,-2.001049186375851,-3.3462674505161805,-4.607479919494206,-4.466629056918968,-3.761010232987878,-2.9971926193001144,-2.159437679012566,-1.3973287332753563,-1.2110632828570982,-0.7709205214022141,-2.3516077261503856,-2.5053423907588193,-8.273029157660782,-7.835255493437295,-7.01915005934515,-5.682919945936158
-2.217529549906172,0.7905536504733512,1.0025326282355722,2.667071817137252,1.1768243871739503,-1.4195781718484037,-1.1727133339411213,-3.983053168399717,-2.585478901952032,-3.537599742306032,-3.8933065430813723,-2.799429551342502,-2.3276360991618024,-2.8438172357411835,-2.3345872056930754,-2.156173327259989,-3.5777367078697764,-3.7399249634157004,-4.761900821373839,-6.342375530690919,-6.2278046468097195,-4.780119492425314
-0.2923222043606089,0.3126566956574824,1.074912743296299,2.691389618641641,2.932367180525557,-2.766963571668865,-3.7254315568086653,-2.6132542745392486,-2.278733665884261,-5.812023101869327,-5.278127013267731,-3.0913341899642752,-3.7428015597830395,-6.1907210036696725,-6.811221755908241,-6.148722773404709,-5.442851769526374,-4.380160206158314,-4.568476541577696,-5.165969060801753,-5.219411343330253,-4.357775544927784
-1.6189024738729447,-1.1821929345267277,-0.028371518428536812,1.5707792004343197,3.0482706949641125,3.0865183207545113,-4.484717803769412,-2.47999150759258,-2.842633341818114,-3.927172512496018,-6.832248635151199,-6.27924081403005,-4.787322137251797,-6.411575991439946,-7.743513292081118,-7.470558710514113,-6.192780696289615,-5.359667890468601,-5.270164534906094,-5.227090196278546,-5.389790606047418,-3.8271568377184932
-2.506259612187966,-1.8153641041449642,-0.5529978100871793,0.9540880738487362,2.4449110794444295,2.803063097993634,-1.5840673396273655,-2.072069013864736,-5.282063341361944,-5.992788474639314,-4.695997245590921,-4.573770566261326,-6.3088863430337865,-8.236341055759262,-7.770893262518905,-6.333410890449557,-8.630725028124392,-7.836061921444375,-6.507417260496899,-5.609132610317988,-5.506986428242712,-3.929632239229508
-3.676882467019463,-2.7381806948437317,-1.1007172917490478,0.44104649735358475,1.4959314199849552,1.42895186984866,-2.0716910055423683,-0.4590978752681845,-3.1760839563380845,-7.4631212672894245,-6.109962562891851,-8.30950444458201,-8.848259610547206,-8.086142603452336,-7.846232269151161,-5.543936492378495,-8.583922803868084,-8.154839976176214,-7.573339695914962,-6.861937941008957,-5.482930545556314,-3.1637013279480675
-4.675506242124222,-3.550164402354139,-1.7717951987098222,-0.7688419318315813,0.9036919828689977,0.72988621625934,-1.1343510808480133,-1.5749823195916457,-3.0586650013723995,-4.161471035229346,-1.8439928159015402,-7.923847455641218,-7.476058423786453,-4.114603593231961,-4.073498968465244,-7.997392831109046,-7.457380229478363,-6.8486298901414004,-6.764508740746384,-6.910410379364786,-5.35746884216702,-2.25983088985223
-4.87348153371392,-3.349785588633793,-2.5498511225694136,-2.0875725714583444,-1.5399236843153326,-0.30804049798191563,-1.3657058635819919,-1.060064028046511,-0.8307797660595142,-2.2440600641671593,-4.020154879928623,-2.983573293994756,0.5124932959221913,-2.2895989478510685,-4.359851513413827,-4.675983856902709,-6.104803149713708,-7.330058067242557,-3.188632621144349,-3.1958271091951347,-1.9390927274969803,-1.6395933161533223
-5.107612807594351,-4.0345800892568295,-3.861111926917236,-2.4870602509585438,-2.220628330468679,2.6377531887592807,-1.793901993151177,-1.8010032900248427,-1.0030324357635838,-1.6292496134356889,1.3817323735006282,1.3597418774584051,1.7205454888136307,-1.7317596856862272,-3.4095365097029853,-4.456871912924656,-5.090681852425543,-4.4084241192951845,-2.1482467346223553,-2.18515920714398,-1.8776255871814669,-1.450402736962479
-5.711085866288533,-4.971122004426986,-3.1969994683816414,-3.200538931513338,-2.486947479017652,-0.5580952266259174,-0.8904047495007738,-1.737067219140333,-1.743857471426322,-1.2872069694801436,-0.9946258856996657,-0.6201410664405949,-0.31473355750220866,-4.7169258878962514,-1.0206979948053516,-4.1834046129296025,-2.2914933234212462,-1.1480112785756018,-1.9775106170925107,-1.4525697142551557,-1.4953009011710574,-1.7179433091477065
-3.2713259532487524,-3.404964889411807,-2.4375185544093796,-3.0607322684973473,-2.545897942897188,-2.082538207853703,-2.7386817434245403,-2.20176153711903,-1.9379625364470345,-1.5279076670189595,-0.9547533913896392,-0.9558162457014557,-0.6716507414807309,-0.4946803656696488,-4.333458711214949,-1.5125912516038267,-2.1253472010730285,0.35238477814440516,-1.12757811110545,-1.0683272553452776,-1.002225366135742,-2.514111680651063
