script/wind100m.json
{"header": {"parameterCategory": 2, "parameterNumber": 3, "lo1": 3.000054539987559, "la1": 64.9999836372058, "dx": 0.5, "dy": 0.25, "nx": 34, "ny": 52, "refTime": "2026-03-08T21:00:00.000Z"}, "data":
[rows 0 to 24 of 52, columns 0 to 33 of 34]
11.067164825574931,10.223662413447684,9.357888382230882,9.119235673199785,9.051458562355927,8.726654711956272,8.21823697693472,8.5828132188976,8.45640523524656,8.153632439431364,6.9984185256792575,6.840060245680732,8.056123993806732,8.701354014545386,8.587451029601985,8.6435514371902,6.736846819195645,7.982093903399488,5.030361866801632,5.829699360720914,1.265258249838131,1.2187504953314219,0.9040875240340475,1.0875903845640231,-0.3765705503442797,0.662544263856808,0.23106850408893206,0.5310710878283046,-1.2312194175594893,-1.7822268571885045,-2.336951844577452,-2.0622335375841123,-2.7031080608763736,-1.6872642739951107
10.776412536402027,10.05292434043456,9.456519027221656,9.677306246403202,9.325422393845049,9.146181872791722,9.07971685677592,9.14151080641996,7.484601679770855,7.081988306796088,6.203560658836196,10.675030564332006,8.664847864072765,9.086193335931627,7.722545818844049,7.577410747712912,6.067959500579473,5.810002991042837,1.944988037612563,2.286885811500152,1.8005754297736243,0.740920937784508,0.17440862748009753,-0.14164946992393973,-0.2376766142854894,-0.26668049426670243,1.3453043267304519,-0.1876611004174269,0.9881898667534107,-1.0243567402544071,-2.90507479334379,-3.1021254104132674,-2.7091064139827896,-4.119367796156922
10.92602097596378,10.431341001052465,10.364969428227955,10.041551186145622,9.648985511201051,9.05465873913858,7.969204799591911,6.384967137634561,6.435104654679093,4.751289463475205,8.351016821351651,9.422214478021687,9.682171855683244,7.205902489397257,7.420676767192876,6.427605200700493,6.178143073374961,4.713853907087138,-0.22898870100348298,1.6530620128826603,0.4895583441520829,2.1577880356376333,-0.17340297144331657,1.233470540402719,1.1979861772057658,1.4699794815913045,0.12561227630768224,0.36096660763199906,-0.06402351954428037,-0.4372708983074979,-1.459593814124719,-2.901556411415695,-3.5734204683820434,-3.0936409393594726
11.236904354209864,10.896555262630102,10.528887741685786,9.456079773197295,8.446524216856043,8.506197667211714,7.569530632602047,7.401904551775317,5.99065889679675,7.856496660545045,7.53503035105197,8.212998498708451,8.41566976781744,8.907405012470527,7.297759760284717,6.020333757901205,1.9074566212330764,2.218822764816106,0.1595124974201075,0.1445690627004884,0.5998705110615747,1.32957960397173,1.2103682776284417,4.441429671443274,0.24687931412792635,-0.6817087388415367,0.32628763663770893,0.060905208946250164,-0.26306611952813774,-1.1687356272338794,-0.8774681801789151,-1.3606191092744446,-3.0627294171240584,-3.2694896101001443
11.078403759370326,10.928969947528113,8.79947288402691,9.150189628995347,8.973584253033046,8.501040674783873,7.306655779347012,6.467686423758223,6.589664181744371,6.770078064905742,5.900545120617419,5.998371100521265,7.884264978682427,6.54172562597366,4.309059708910011,2.9411492206234553,3.0238671271053805,-0.9963965857372332,-0.3934048008787937,2.7784799790070416,2.9003236985333967,1.858175287820098,-0.4134886721562265,1.4003008971926891,0.04578515235465706,-1.1882458287411475,-0.6642576545371648,-0.5173330829603735,-1.9051791105606952,-1.8016535970606844,-1.7954477230788881,-2.5237797279058363,-1.4273339340584343,-1.9854455019929393
11.419494085373689,9.884163885685892,9.735470104482577,9.106215624370225,8.646523321174069,8.297101600464647,6.699326603928489,5.806705376749328,5.405558293190387,4.251717059217377,3.306994584404142,3.735340713102114,4.426605226388226,7.0383076157786295,1.949511181070313,1.9433153993319603,0.6155715202983105,0.08845808732207795,3.095197402113097,1.912872311974676,0.39392833296235535,-0.5599875871048633,-1.3855154392957438,-0.7073229008675318,-0.5257358803781436,1.2335273662031525,1.403685816863834,-0.20689779094546656,-1.0003056334006764,-2.4514165438030173,-1.1980489137082162,-2.0021030293163697,-2.670665249548868,-2.0840532593339187
11.069968645155374,10.430966302807695,9.377391653463835,9.449363880747498,9.37588954518184,7.689017089336038,6.567120689460569,5.846147113265337,4.251284206339034,2.9968932560989763,0.7823039644362245,0.5704814591505591,0.9831971435872734,5.623269479569173,1.9544124747186142,1.5224079273082254,0.9767063491496151,2.767570176672801,1.9287992738097635,0.6927289891392953,0.01998368217923138,-0.5599942984209291,-2.400059960754936,-0.23593366360338003,3.89438145117119,3.8132343509983513,2.6421174012303617,0.5125738161374052,0.5749287335594032,-0.6225610439041437,-2.0119815863658963,-2.463844577639617,-2.470435790622318,-2.9168320013907465
12.092135750948971,11.13754025115201,11.764210588828105,11.293169488702278,9.399115312644572,8.630802475408384,6.280601168379286,5.619627516961266,3.487827556118104,1.1248281565290008,2.2407443391973545,2.9958073413056168,0.10299061434567303,3.258879491090942,3.781962758237022,4.287597297924234,0.2374048701383489,3.2795188123249224,2.7876487698377703,2.2405754100147846,-1.0199694787912528,-1.077929170390585,-0.8779790268837595,4.101620685076823,6.247257526601724,3.460350366216281,2.345482124244134,1.6014670335153354,-0.152959326055918,-0.5441839149927284,0.30267922896606037,-2.322457611055011,-1.5394549821170767,2.4982417649808495
12.283239180740122,12.176159357955747,11.38735222482746,10.432781080853855,9.806372054139572,7.822240911603256,6.219162006000199,6.013329968698731,1.698460623970804,0.8910060688238318,-0.1679069656133058,-1.8356727446585304,3.5528299872666858,3.903896069467245,3.5497619770306157,1.2287388064921885,2.797441105653501,-0.1443766575079435,6.273528989555981,0.9814717099197516,-0.022274721688830778,2.9674974469548063,-0.1280479415967093,4.130750961854791,5.975465898445265,4.842026893239025,2.945773265282621,1.2417696347066653,1.5542498389764432,-0.45236608964830977,-2.3599776077840984,-1.4005269610872748,0.8251161664700137,2.3612977281556278
12.283993770935735,10.81891505093898,10.63415718352771,10.854470060961352,10.592296590312856,9.759234431666476,7.340272843947066,3.3050540862958777,-2.5751850155275986,-1.5105996256613337,-0.9404589382599846,3.4092331342411906,4.0998753827355205,4.479708870723699,4.67841587628837,0.46957944156945464,0.7281612627829886,0.5333480423139172,1.2875946779717264,-0.05807379211442984,1.969559849541808,3.4089847520549665,1.151074595896077,4.894749817928377,5.95460477385858,4.748458328980714,6.777667534249447,3.031106141695055,0.6539718714958117,-0.7830536484932916,-0.10771442839195688,0.4136851506708101,1.97301039671512,3.0510584764496147
11.761551677741739,10.59303206331182,9.412754587681329,11.451370473243703,10.46259834265519,8.745882647710417,3.0040226258805327,-0.18552780209871225,1.260347582529092,-4.6585581566648875,3.4502010497260667,5.944070026787255,1.4829306764365762,2.557393191325767,0.8387560891324641,0.9494966099347522,4.864445496690521,0.9679134149409394,0.11704528374635746,0.4159596925577848,3.7461197878520482,0.7352488155126948,2.814919171406485,4.00791935754233,3.6444766222511698,4.304067406298319,0.3632335282497076,2.574343358232962,2.3470096493383665,0.5983830728924403,3.296213346515609,3.4886965209522236,3.393986844678654,3.676059102455783
11.728572747884018,9.756292331401607,10.940021569574634,12.927210772460334,12.357745077251467,4.269474498723503,1.7655973017395568,-0.2077022937108356,0.0929062773238321,4.019097707931884,0.04158869781591985,3.8985907995511133,1.7871405611061189,2.31501897532078,1.9312460942591458,1.8578063618364058,6.273813803507594,3.022850953011882,6.931145674550788,5.989437101915622,6.0730450771739575,1.5138232668936522,3.9741023930228354,5.98667776763472,3.6455112767427638,4.169613934113218,3.879930165450212,3.868831430229895,3.639749671966144,1.5253209116240565,3.9420923411401745,5.4352915253294025,5.77656111862151,4.75706197568286
11.594421238538084,11.51620755380723,12.3173654794314,13.571693752683599,11.334766057718502,4.740379808044047,3.167540209421479,1.0175551342583438,3.1388533981283975,1.1526804077382098,0.9591976163175842,3.611185041189123,4.433832003913111,6.283932531598981,5.650627848652634,7.337216097507717,6.683247420086754,7.0302925791596955,4.2841710579968995,1.102291747498737,4.8081916287258535,5.980229151506284,4.696382231691794,4.094061305171879,4.549349932268013,3.7149221240087638,5.634591290721696,1.6468110756262533,1.220255911998521,2.8576308822970553,4.4452515112520965,5.823598962966524,5.564313255567407,5.981211398049457
11.974755157468024,11.276352963855967,12.26963288661727,12.975458705954034,10.048001399336831,11.698702482736918,10.93416681988851,3.39212015487731,3.921838921023593,4.2688234769222335,3.3135672345991867,2.2768218333102634,0.6541852888648131,1.586974550355596,3.161685089317283,0.4273458657651918,6.741651591841871,2.97452077172725,6.106776850828398,5.199373617850704,4.016494850366539,7.532884705160927,4.453429883112109,4.286525317455938,3.91834673233088,5.022511056761164,2.9776239478807383,3.317707306837352,-0.0477466081432505,3.487318981837012,4.408319901956878,4.7669959419363295,6.49593993434283,7.274364808056823
11.552832592295811,10.084625550945535,12.246448582186733,13.455116314668247,9.439762550426392,3.3294435961165445,2.535302465299591,3.2804672429785082,2.0416942652146917,0.5275888737009262,0.02487823611494999,0.04410771198344392,2.631166606016725,4.244675143559781,4.839811766280952,4.165290958430648,5.64538309899788,3.866110013456538,4.123934445928944,3.295222987906743,4.896411002052952,3.733789056766952,4.303329436758196,3.6720663364140167,3.66363137860246,3.735997891642269,2.200840613089467,3.123090783127075,1.6280454271652764,2.4583106518124858,3.387489851939572,4.594142262964697,5.418822018461168,6.501053329699191
12.132284269891183,10.648082878015765,11.26860550810736,14.046473607157898,8.28586034820304,2.1610881542062588,3.4675706991819246,1.2035235131744126,-0.5588617656741948,0.5798239226076235,1.9021578161520616,1.8434827616290268,2.6698881367835785,4.3300885757347265,1.5318091314384943,4.6865943385104885,5.779195414847178,4.764854478163111,3.9242464557094308,3.7608823611048274,7.951723492362403,5.112742058936019,0.8110094595039158,2.2688330234136673,4.050700404507188,3.3401712322818713,4.802749106822781,0.9336312759511369,2.506227794527395,4.392294704209065,5.461220907574529,5.300830790535092,5.934893692024791,6.613466747031919
11.986751032635707,10.593869724957239,9.0887313621573,13.206000586270752,9.109030717868215,9.725156505780198,9.825180972969592,5.48008569346331,1.7192955331119293,4.945809150844679,3.957781336025342,2.3790928934216304,5.0964813867284695,2.071517730479872,2.481662887425376,2.1634539171636016,4.071999369100475,4.354815488683701,3.7385112295845895,3.399810112077487,4.910155549078762,4.114505995288044,4.072912740543375,3.108711039120778,4.020277665012088,3.2082565334820856,5.266233438807641,4.149425644578569,5.611268381294359,6.241747939051681,6.669139022371086,5.761352447676978,6.3755920265804935,6.935515944990176
11.136684848521229,11.17015170497234,9.616379442125178,9.883455258786599,6.957323518993679,5.5767543525844525,8.370247133622883,6.684769185489961,5.759901629763714,4.489419500983081,-0.46496800780155406,1.0134144330763915,4.689655818314646,3.2838177831681317,3.851705980836609,3.633127261271488,3.7764695067915017,3.503274491511451,6.056169574774858,3.3728215332116025,5.053007669089673,3.071730669703366,4.379241100922284,6.247853364232308,4.004722877533761,3.149400722482988,4.969883597251701,2.7556613664824408,4.831458750455657,6.162665272036334,7.2688028915189085,4.127286819692075,6.68596624354855,8.479778358874661
10.495109155286812,10.549765130442351,10.800828580625756,10.372527493757257,8.020986448239617,5.274776017186059,7.544596721802228,5.763671043129335,-1.6445655907282648,2.0632939103249752,-0.37283504689540026,1.93688288435938,4.060309020702361,4.1659532892717825,3.725863231417291,5.451508344058118,3.7178397392733116,3.78864925353273,5.012391258113973,4.299889685116102,3.478971202467297,5.121009733439046,5.093352612426187,4.385394144987875,6.319372008080634,4.287026178467862,5.910565111983643,5.218233675348901,5.258023358683181,4.891852828732776,5.510146422717202,5.614289570854724,7.683764906964954,9.953716580879197
9.70459365854182,9.875528350882794,12.223643271505894,9.780052189435178,6.97390444113071,5.20374391099219,2.2431929372093236,0.6661494854932563,9.142241204131237,4.390907593447735,5.493733939903755,3.743677037536192,2.0416554417367765,4.38244726498827,3.227493380680207,5.77336341285445,3.0218222682398372,2.518335082504993,2.4694369058071595,2.777270680302693,3.694627923185928,4.46166467042056,5.707622278729341,4.681286623471608,3.023216179197917,3.5375738773311074,4.400579045672783,3.8256144342963254,4.9669423693847765,6.250773027247643,6.967324834194111,5.857684754305582,6.219967060237424,6.892190249299115
10.253143033965973,9.977956712745176,10.213578320485725,9.9245776630005,10.018834257893744,5.7867493104014525,6.931312175593121,6.532641316426887,6.324658293281494,2.8421970002959913,3.367912047736008,2.0167983432154606,2.930501678028373,3.904000415933968,0.4650255535751586,4.287367461512281,4.34554024032043,5.54308574454025,5.779429354751561,5.772327448657888,4.577542571153803,4.7832124180739735,3.757208080204651,3.8659806922230673,6.4405061456740835,6.095380341595882,6.407367170848598,8.957679028717719,7.8886017824922785,5.748166524538671,5.139863754045199,5.400569288290145,5.704400896876264,8.521354464271976
11.438159718190859,10.369124358978166,9.327915117245507,9.447551155837012,9.739347748905951,5.843914175137764,2.544027923985271,2.61211914654512,2.35029010352884,-0.2242539676976864,1.4003595086005516,2.3131721436534627,2.230516440784779,3.9419034746805766,-1.4211382791011138,3.3046041389229615,4.458374146221902,5.823443822525105,5.671564761460405,4.8363179921134005,4.3997065560397965,3.5955877449867315,3.987311300903798,4.099801192914625,3.6671614570719466,4.375950999776528,6.8984448571789505,6.924832806842223,5.611763833826137,4.555523235826265,4.009526946176104,4.1567737306902215,4.8855014969534345,7.616972240409675
9.966950134295974,9.934008912041481,8.847321770148989,10.144421501042617,9.247294400889384,5.748649017720103,5.092631205385223,3.334546263123106,3.9908637287797912,0.01980264931002121,1.868658284533976,2.6166137668302434,3.2479734235091158,4.486297473500911,3.505940081948131,5.532773261284698,6.0718168592989965,6.486552594509953,5.682220638502848,4.539154061500773,5.016900134356531,5.049435581912444,3.5387862853677445,2.9610300616454808,3.417690459736729,3.720645538207425,6.5498237012952325,6.262014061340306,4.634460083604507,4.691058971768777,4.081088952812518,4.1220216530465335,5.129688816870492,7.923382669545456
9.868008434636547,9.285299099950628,7.995014104846335,8.797715707643489,8.66659429916293,6.446101233107023,5.334484035585841,5.190952280973601,2.801482988100111,0.4696352416520105,0.8099857774734802,6.149184516338162,3.535934245449949,2.296358942868074,5.430393893706475,6.63351119576538,6.0107709247556835,5.452151027592382,4.068144671187648,3.7172381657593934,4.593480759318059,3.8590486909597996,4.832947916179502,2.5188274551113143,2.7739410304529044,3.69014587140278,6.710438702903128,7.68419598041378,7.8301366547760045,8.364769134742806,5.120609112666896,4.90311838812192,6.469374677776807,6.572615032473516
8.436897234920918,8.880608974941904,7.60323842180009,8.285810432055426,9.036023814817952,7.480899486578009,2.7632918908321735,6.768030603848993,3.1998081641402063,-0.12986670765542818,0.8960809131430487,1.2469613470930867,2.9171897725542655,4.660616003054623,4.201502770551912,8.689322861554794,7.780925702395148,4.772526725960661,4.502383706569479,3.6336042352989097,4.4654879185131175,6.180995919417811,3.3581596299701078,3.462977263771311,2.5411815338843815,5.360488180142322,6.489700973876743,6.354141820220394,6.747246153019539,4.563560955421234,3.2954931994934165,4.850182416592466,6.098151499087786,6.956398685659132
