script/wind250m.json
[{"header": {"parameterCategory": 2, "parameterNumber": 2, "lo1": 6.000198445256149, "la1": 58.999992894266676, "dx": 0.5, "dy": 0.25, "nx": 22, "ny": 24, "refTime": "2024-01-28T16:00:00.000Z"}, "data": [3.844895252553158, 2.033692762187218, 1.6015894934866992, 11.314556559145254, 6.859899303317198, 1.899314640849388, 4.4500224742474845, 3.944459539912806, 6.816637459709935, -0.7804400175378114, 8.065803830835941, 5.8675179983766705, 4.846334779068941, 5.1564837372501096, 5.912340550687857, 9.101110275123391, 5.726429582329914, 2.867904145795638, 8.458122060548172, 4.251328150233348, 7.029692548959462, 4.537969296158766, 7.96176684243091, 4.878409257929947, -1.8902847010347987, 6.0349072143621365, 0.241867746861729, 9.44860712584946, 6.267482760752607, 9.536709358890642, 7.26961812917642, 5.0506911146651685, 5.7692535286786235, -0.16008032097734237, -0.8107129001230897, 1.4813521362638749, 4.581303904298944, -0.10975373015956227, 7.969216260034605, 2.654226579945046, 3.902188386673207, 1.7619469289247935, 7.252097973354922, 9.672621515186, 4.7847586417073105, 10.358870837060444, 4.226016584597755, 4.529214533219281, 3.718057092829249, 1.1876243084926204, 4.055866278336341, 1.2672685410182514, 2.450454074983476, 7.547996648754587, 3.243923155633101, 4.678820967121777, 9.680341810345963, 5.6225754173422215, 0.6921243732247675, 6.854516044238474, 0.3645488637952076, 2.7296654170713097, 4.399821782637849, -2.1702389407987, 5.634476882754264, 5.050407755550812, 5.1515967672497505, 10.8102459009623, 3.4377485102147167, 6.0029973872573965, 3.9492531794732857, 5.998693678834559, 8.424183578027447, 5.8228933311707465, 5.4363344576791235, 7.102344640593597, 3.2482160982327137, 8.486781628189325, 8.021611976248272, 7.1407562187389475, 12.143030796194493, 4.932504423181917, 5.372199720928127, 6.215850195676087, 2.5061494350032736, 1.4348834839900588, 8.272483412943616, 5.993192799994786, 6.122639912827381, 3.765891934119747, 6.100142148767507, 1.9369198545611712, 4.51354946965367, 2.5459115484779242, 7.164358161097456, 8.058447276807424, 4.852479966104832, -2.582893916443475, 2.795470619630947, 4.720950610262916, 9.264237725816505, 8.598834711078675, 8.284079062673431, 5.067285769691085, 6.523316000027504, 3.4907454030715543, 7.122032114748207, 6.828349759005644, 2.2151779947545505, 8.744114643423217, 3.8824724724012887, 2.2902873927773952, 8.15745310094459, 3.0979902000563775, -2.78285492636178, -1.4522520381711101, 7.826098114609128, 10.776504938544148, 5.130444804524027, 3.498869949130021, 1.8350724939929441, 6.165250410696932, 6.960771410526073, 6.7818174455245925, 2.412774659540058, 8.816195222473725, 7.259174735402366, 0.3831255206607814, 6.035688242191578, 8.752672512786727, 6.2395205755045335, 7.290886270208224, 5.155760122959919, 0.7357781725354023, 6.6536427207560385, 4.452547379631921, 6.43458429855188, 9.032506071341293, 0.4105794653837115, 5.070776416586596, 3.084589220155654, 4.883764445895244, 5.882727699679686, 3.426952864987978, -2.775493686890559, 6.359220934134104, 0.11351706822675178, -0.21577625399624786, 9.141226852966915, 4.314397477831572, 7.72674862642871, 0.11772248660498905, 7.627344795690407, 5.561598422367248, 8.324516333484333, 9.439259300117884, 6.343681778484654, 4.333415617245726, 7.052332373815859, 6.049170815517999, 7.055399760299471, 8.982208768779419, 5.193824362294886, 5.960045245675716, -1.738301171918792, 7.7723585380148545, 2.848884879849747, 3.506952966566184, 1.2391643512322956, 9.276958626277963, 3.2507510740416294, 3.7257910227488527, 5.599690176647322, 11.963160507635218, 12.314666633497529, 1.1798053900198968, 5.661896735026675, 8.202821517137338, 5.021857920238404, 3.713450345369612, 8.248483383657991, 1.5009232973944413, -0.37300141751172233, 8.764385221959458, 1.0196952679068418, 1.374897572504867, 2.9443352176556723, 0.7143567150033954, 6.3367166801330645, 3.0142619393252996, 6.619961429946487, 7.443264597851649, 2.6595007232052597, 6.919580958391946, 4.151020349671539, -0.7019002943638634, 1.6143204754726392, 7.78007423794279, 4.670147597407367, 5.824614554421928, 6.526277370117812, 7.731675648530811, 12.612487429883222, 3.23148190813327, 5.101529551846054, 6.215642384349643, 4.258490906958725, 2.375857945759845, 4.407311698126447, -1.4586880754645157, 7.423975494322769, 10.587712514331717, 0.2518819416663985, 5.261723858965626, 6.071296002095728, 8.859137256341171, 4.33318393583426, 5.776128768506491, 8.344829028793619, 0.41040202818349, 3.2262538453489102, 11.973244297751236, 4.924172161679765, 2.6496487339279424, 2.545069904862299, 6.388053707019787, 6.763992365731665, 4.752838963743703, -1.6480469119705714, 8.38140100685463, 1.354598579402859, 5.649039696138157, 8.463862391282975, -0.06274132740917625, -2.30016764606722, 9.608714191511389, 5.590526420596554, 7.419685404922954, 4.850161187660391, 7.522969151605472, 4.751965921981647, 7.025733682672685, 5.65138505233024, 6.179894123679358, 10.651112103594517, 4.167492159129274, 8.788467668157645, 1.015982698140629, 8.839315089097736, 5.080307211830303, 3.15030664505222, 2.823720736650186, 4.786617556928253, 5.573751266188627, 4.455942776417078, 7.042778870880903, 2.4242962299820316, 5.335221431512547, 3.7158428725948984, 0.03927778833997665, 3.538208892937023, 1.0688190212338262, -2.18205282605153, 12.704612082750625, 8.342187987004332, 5.109580063832572, 2.6590422016791044, 3.6301187655762734, 5.140187056107668, 11.889696683187875, 4.378988880973946, 10.902115724787759, 6.360051172623887, 7.875276233889949, 8.442297606582361, 6.31673796279373, 1.1216409110443637, 2.1910654173038413, 3.8298911932655297, 2.7008956008174176, 3.6360697080743245, 0.46753406162723943, 4.260341448732399, 2.109323390625185, 3.207302471967665, 5.82402697673303, 3.0935506331456812, 12.76871399747066, -2.4280623966427606, 5.639217098820742, 6.432129818485741, 12.414584637706264, 3.191030691603829, 8.317016824120387, 6.285137720776498, 0.8428132627185374, 8.447214948261413, 8.75341478678568, 8.554053294382982, 7.9998040013815155, 5.301346483243845, 8.701818975734561, 2.815456764302564, 3.285914760887891, -1.0901065398172773, 6.096555086481756, 4.626783183445586, 6.849400354449642, 5.396897491320452, 6.914959582049185, 4.722003055915698, 6.518325328122821, 1.2796877377527112, -1.8517791400050878, 5.600310000152281, 2.864502424252206, 5.035744551910697, 8.522027190278488, 2.875234305863638, 0.26277762313402314, 1.2199194333287162, 0.970938299677636, 6.278032976719268, 5.053288460466894, 4.85523933734516, 8.49947039972637, 3.2091883485375066, -1.4656940452516487, -2.203260322866872, 6.076646113254019, 1.5144056066796259, -2.0254866124488418, 5.019624973408035, 1.3263082643128299, 4.066271521081497, 7.900756767883293, 7.157355489898476, 1.251196720950574, 6.491672136716543, 12.455647205223944, 0.03817265794140909, 3.6279094562814254, 11.24882797961714, 2.6035229897296963, 12.454416650985543, 9.595990972366403, 0.12855648939099287, 1.1281492779885929, 4.561632409653075, 6.413615724661626, 2.078922408014551, 8.742295647277276, 6.038594358248078, 3.6439546844500033, 10.932267614284182, -0.552023656951367, 6.067902527273218, 9.215360919291259, 7.043178101390704, 6.821974390902965, 4.625877374419653, 6.935134841661243, -5.283297483166041, 0.23833147928997223, 5.881044723007812, 6.372381815153432, 5.48184278201108, 6.808564059729831, 7.321497703562276, 9.618234015516007, 11.303440203688988, 0.4737872816752037, 6.1528275655641105, 11.371336881262923, 1.9771310682865142, 3.6180126642408785, 2.694949644853532, 3.1488046961298717, 4.680996380305329, 7.52133780458738, 4.903731107176443, 3.963869635408582, 5.579183483351694, 5.175588581798485, -1.7933892229702924, 9.493984733014782, 1.7584105058969453, 3.5219012454230247, 6.4186467511811856, 5.403091204932467, 3.150822829300762, 5.884005236355926, 8.751365349366354, 2.9649800170888216, 2.294824668128417, 0.017960271508851818, 2.785452373960806, 3.0702147615125015, 5.1182999549515635, 4.490486558317222, 4.847066485177061, 4.159152218028136, -0.6073442200317456, 2.8222908476746125, 4.432730128585153, 7.942198409200435, 3.956140526267193, 8.855966334331535, 7.947708723376322, -0.7584560216692031, 4.12722557690665, 6.216185369305409, 0.817490826320887, 5.217123081288855, 12.360462043239885, 5.321670170072709, 3.5145606131282903, 2.3633498672385893, 2.3682786631431245, 1.3930065924651611, 5.4119891387764865, 1.2933164523118834, -0.8455702030223662, 5.239629085484528, 4.99814445597048, 7.140781057499593, 9.268126073659856, 5.610233342933505, 4.962947170935391, 6.218242090090767, 5.025197454973927, 4.649527106877001, 0.534560308647171, 5.620399569071023, 3.669293613477697, 0.5824027970441523, 8.469038141273721, 2.4996420684306773, 7.374258881584302, 7.839895645320471, 6.350735867358353, 6.0881429294186615, 3.548664125544577, 6.837959141192828, 4.480681869248018, 5.786548822182318, 3.057173627515975, 0.013135193965833633, 5.040624980682209, 2.2502588090626725, 6.155259171619514, 8.355769556369728, 1.8094711890074016, 5.111080352787388, 4.125941951476808, 2.4448439234532615, 2.978744355004681, 8.728819998806838, 3.6099157046928467, 6.121865218305252, 6.9194310076503545, 9.933281598107767, 8.160246733002065, 2.1905134446736674, 5.212298340551699, 7.148019933771124, 2.9028682448607146, 6.252251006345406, 9.78003676456662, 5.34288437764359, 3.8371766231797033, -1.5177117186330134, 6.507706626684969, 1.5150125576341935, 6.244659360537835, 4.573197820493155, 2.4662924127442576, -0.7204162314548416, 1.4606102415169484, -0.05984353858334358, 7.236473053928978, 1.9961117705607232, 2.3972896534857884, 9.320638869837554, 3.677697247618613, 4.021632261118732, 5.908365258620847, 3.4081423198553966, 1.7370716736688232, 4.470493750902434, 6.8493318783748, -6.09190300059218, 6.041687290254211, 3.0388681687333126, 1.7584890882566988, 3.3108843655661646, 0.3506658887330394, 4.95129787343264, 1.37580150281513, 6.408275194831977, 0.25462161287375773, 7.194544972414685, 3.3997787875831507, 6.405620425889866, 4.168996042380016, 3.650439714300042, 5.912192374971863, 7.532890234528284, 6.429226721488281, 10.32221921276023, 4.202231655528832, 4.156432853743153, 8.097611518186408, 3.803435589031744, 4.97554243785069, 8.501807686986243, 3.1031621867305823, 7.803979318962663, 5.759283920321808, 9.406607615914693, 7.069328566660222, 8.378971836669441, 5.8191475322180155, 6.07751169721411, 1.0174360652964989, 6.639566469336001, 1.283084479641194, 3.4117964485407843]}, {"header": {"parameterCategory": 2, "parameterNumber": 3, "lo1": 6.000198445256149, "la1": 58.999992894266676, "dx": 0.5, "dy": 0.25, "nx": 22, "ny": 24, "refTime": "2024-01-28T16:00:00.000Z"}, "data": [13.711599879997484, 14.382635553575332, 6.766921481954278, 6.604378381969897, 20.15056202007426, 14.91498209398862, 14.813655889277026, 8.1336359033575, 9.471454201450431, 13.590043715226471, 16.004043360942937, 13.972214192593244, 7.27704862629834, 16.22764150266267, 9.302068247805822, 15.274822118779738, 21.24739153698828, 7.069719426729609, 19.831001422169063, 13.940103693288997, 18.14547159146241, 14.809997898437587, 9.888418514516646, 6.81126964193433, 10.510865329044151, 14.577565148236825, 13.461485490100966, 6.6855198795733, 20.497641425413434, 6.731951342543138, 18.801380291338273, 8.558524458731, 13.828606610278513, 13.445143345152758, 12.538149132767305, 6.683306815273169, 11.994067215076065, 10.957680916454647, 5.982214287454583, 13.894439361540124, 16.40286006940926, 13.49101223491487, 20.88916703099525, 6.0034192370905775, 14.667734622350572, 9.800083186826539, 9.791986587565342, 13.223391967026744, 13.752703632824351, 16.506536091759415, 11.855490245195025, 8.208981397552343, 14.788340627513627, 21.703640344500823, 14.082788094449272, 9.743544794416348, 5.650762804442574, 12.100023586945078, 13.501526941721869, 6.452706879591135, 14.258106133255238, 12.471676851667427, 9.70999570685237, 11.271496951687894, 15.808418047088333, 16.400452559526073, 21.340106348995285, 4.5478544642946135, 15.10825602930574, 13.973137665717932, 14.361061306915825, 12.911850192061012, 4.804994543101609, 21.545959822752916, 21.332530055962046, 20.97173491755458, 14.803380698418175, 15.837396525679992, 8.711864536051419, 4.882330709819607, 8.893539503691725, 15.99031648477133, 12.309477988659472, 10.487975272638637, 14.231735578834861, 13.978556491727296, 4.698550297328513, 6.951724095080402, 16.871799198408194, 18.167434486441362, 8.475280833093393, 13.783478657412813, 11.796035372633716, 10.940654874793807, 18.23385124987863, 5.746789642679959, 18.238174696327828, 11.298195230479893, 15.870388720316244, 11.355171116075677, 8.98149233216324, 8.252620266261602, 8.978325398247735, 20.805032734130556, 16.22384096702224, 9.968761859825415, 16.96483612444675, 20.040303372153602, 13.838427143458745, 2.9265030758047286, 17.34069564202411, 16.123885760637414, 8.85563571737449, 15.821240863403029, 11.034190499039317, 13.479107722975739, 5.813206903087806, 7.172278334843501, 11.900167768919541, 17.722330558383717, 13.182441439595047, 7.296985212906125, 11.808256747498474, 14.00659293354008, 13.281324552044994, 14.235289472189969, 13.707707119894382, 11.905102101826412, 21.338448371302892, 4.778919836534307, 16.47678017831525, 9.253386033236898, 6.256743767211018, 11.7986419335765, 9.798977316844466, 11.805994222307781, 12.476584830991715, 4.852664157024602, 14.088589181220133, 6.955597456019802, 5.8130121152870515, 6.481017294141642, 6.134508615038963, 14.015674647626971, 12.420509426452483, 16.73184680879034, 12.012278569512171, 9.208711108599388, 3.751826198015317, 9.932187283020564, 21.891730690638614, 11.77600620464595, 16.856111577361208, 10.567661292288344, 21.883519634508268, 14.420131470714155, 14.232144131378018, 13.661029268987368, 16.37023295953729, 18.662373832376044, 8.834821446775758, 6.6545356043978865, 8.67026740168958, 14.481170855493094, 11.107104432805661, 8.199841793546968, 17.007183278726956, 4.567733527416452, 15.038134841692784, 8.824189606104882, 12.624147119966958, 12.648205494931416, 8.906686960159478, 6.769436039120059, 7.379849260253838, 14.713580810569812, 10.774798265597775, 20.405728070157554, 15.493297435466054, 15.745785053879175, 7.640487295010449, 6.538141074778148, 13.57028816478646, 9.658583371544763, 13.59034936166857, 15.016363256225025, 16.97315093803409, 15.401462477691439, 20.297165003262254, 15.941336097186865, 16.79826077668336, 9.775259563732957, 11.605215797627958, 21.379458063382543, 8.65088076195721, 13.779038779858418, 14.105675830292203, 21.499857515143788, 14.614498457592457, 14.913619153835866, 9.187507562733794, 11.277835312552474, 7.918150013862421, 14.311665304977373, 13.844421870730462, 9.230249937073717, 11.88784400260516, 13.35298192428101, 8.136149199903876, 12.157745971668081, 19.132042139856964, 5.81525744419962, 13.96159592728877, 21.234998374685805, 19.065270263632048, 9.456908801897862, 11.920320694475157, 9.101009250013563, 16.890733988226977, 13.501044890029124, 15.615571637286601, 19.432864578844825, 14.274731379989614, 6.660217299663325, 12.530176552252302, 16.396258067673074, 12.831525662262386, 14.284674316977512, 10.765120898301285, 10.238449637473746, 14.175451405632684, 6.647139874822254, 4.777607419736139, 9.043351103317447, 11.062507245003678, 5.271163685628055, 13.992351962051302, 10.761152561560522, 6.0440241505148204, 10.284342570498008, 13.515235259138926, 16.599366904081908, 10.484234187527145, 6.560946889726356, 5.65957233999541, 16.365199263967035, 5.264708763476821, 14.078435669485424, 8.341049584263311, 14.962672724150421, 10.632535479067636, 16.156219615075752, 8.962399356033185, 11.731292934694647, 10.63744455372737, 12.933415636463058, 16.55987227260049, 12.366796638475343, 11.980624934156562, 10.517647429952003, 5.627036141185534, 13.49713278830247, 9.91534952775854, 6.917562811409343, 9.968823564853116, 17.21881934970334, 5.252190017250758, 10.10580817134879, 8.178788787263878, 6.990924537048505, 9.557360794296198, 8.23500887853807, 17.733618958217093, 8.62997915032844, 12.354619710915385, 17.962282190771713, 13.173845960767862, 16.164238892889706, 15.647561655032924, 12.92022670099442, 13.714945186862812, 12.566933332807913, 17.30374689666792, 14.71601396156154, 18.009987710935828, 16.822709677692565, 16.064420102595115, 6.2583935083683055, 11.630430001439343, 12.063919993324147, 21.352893966967272, 8.263687545191871, 13.439548983833754, 10.355919940896836, 14.750544590908655, 8.858473950388298, 12.784376592254645, 8.488480174394976, 8.230399767595992, 10.421340712265732, 14.768337200262375, 5.683854091725697, 12.238557245325321, 13.842838945785239, 12.232671377814711, 17.504189182185034, 8.932969550815443, 13.336606854115589, 11.919694439932044, 11.216771977959343, 11.225527682252894, 9.064613985749082, 14.370091459324511, 10.776271518914674, 11.556655667468295, 15.687697050495238, 18.186584504093545, 12.476300361973564, 12.98681460481951, 10.757379691511687, 14.039209640514198, 14.997311103665359, 8.662473734514641, 17.32200408496281, 21.187759474765084, 6.833690184886329, 11.883941720544094, 13.612770390161963, 10.50625626405605, 9.563015776402722, 14.438640075058197, 13.123005077068576, 12.547854128084168, 6.827076689971863, 19.386173615349207, 10.550367040899326, 12.477733768758853, 13.762387481415946, 7.74913367532779, 7.529284838089866, 14.228687102793362, 17.023141595743787, 6.84234523265913, 14.067441108944807, 6.018666866690578, 14.548704068135585, 10.686268315451786, 12.196198830432065, 12.456976090146807, 20.751380749645197, 14.970236938157306, 4.86614970285281, 9.200369693993853, 17.087681105298437, 6.708643679294935, 13.439885225668165, 9.025207654221965, 8.28360431557917, 17.085509676138788, 21.488592172878867, 15.074846003982577, 9.177068770024153, 9.873378003851236, 12.137947880092652, 20.333043167636436, 9.359382317852857, 13.633441866827438, 16.121764065226653, 13.007476635937387, 4.5457268288772354, 5.54148123141294, 10.250409868043405, 16.956268152898225, 5.630102244739434, 13.901538038212331, 15.268121162744567, 8.728770421642414, 17.12682666130063, 6.884205589258567, 8.171537453974794, 15.376716653071767, 13.487878548638674, 11.328013198300589, 10.0440931716343, 12.327134707397754, 3.980913653559975, 12.82807758671437, 10.843737582755724, 14.46124255392215, 21.513581313439936, 13.317179163469248, 13.835544980258154, 12.804702876050818, 14.922193459250025, 6.76008633358092, 7.985489113678251, 13.6914633406353, 15.863004818659313, 10.430548992526372, 19.608918227825754, 15.539757663763936, 16.44448605336244, 12.592214045345917, 12.967253524670307, 14.528667931959985, 14.74623575187669, 13.985006446953518, 5.4673396329200425, 7.38236819557556, 10.90870641102184, 13.923170039946394, 21.53664143532755, 11.36602063113482, 14.493559035791039, 7.238072437179761, 7.963877223436367, 12.333147443791203, 12.010500774194792, 14.640238470434161, 14.809561347935126, 16.037382776056937, 14.579361071865403, 13.279655354079786, 17.04666298334062, 14.251114131375456, 21.389576736117938, 13.980674171956808, 11.763905508462967, 17.04766849069416, 10.037536013548069, 15.852450779759838, 15.14048712998535, 8.799449225064992, 20.763623844121057, 15.765244453872262, 13.89064784032991, 5.696344126493786, 12.863561529592625, 18.166459840427162, 8.77691654325898, 14.491000477564814, 16.92915814389246, 6.858132848804987, 9.156983425330237, 12.571527868547578, 17.999857068491533, 18.234771971069186, 11.629345465537424, 7.4883710597999515, 14.131097307670007, 14.43550384856297, 13.570460656543386, 14.518547826153211, 5.797809532176911, 13.838503117607406, 10.552239997685403, 15.173522328376288, 6.183080398725964, 13.641995522376211, 15.635450953062609, 13.878661315484727, 7.252132655391056, 20.053348893532604, 18.34822149597092, 17.73007364630708, 11.231321526974073, 15.052782620971131, 16.61001035728276, 7.373404504112756, 16.948684422021834, 6.527948597116603, 12.944244788778263, 12.57656742312489, 15.43929339076185, 9.227920961883159, 16.897131399149536, 14.364266397350526, 11.829738763667464, 10.038838374704184, 11.964112751328056, 10.453703814652087, 14.004651098647678, 6.429681315060864, 12.172532803756452, 15.428742792110238, 13.880665083273527, 16.869485817525714, 10.997357860792079, 13.604842775677733, 15.172739506327233, 9.542212901638809, 17.094184758804836, 16.798234810043358, 16.142138475202785, 19.26374747357376, 13.047477484888391, 11.767981506358012, 12.679952111817332, 15.026448698996047, 19.50840644107463, 13.277238874065855, 14.51846941814825, 14.571834474846332, 10.083105275790171, 5.660769191854754, 11.751511777404223, 15.537886339177142, 18.09573694123239, 13.20067819633701, 5.638517445359495, 13.137848754216328, 14.16073371544359, 5.816420611173362, 14.61035457803463, 17.993902022593602, 4.938911348238803, 13.536268895388066, 10.577322268391637, 12.584881474582595, 5.452476890693194, 16.164586714600468, 7.1050029657785965, 14.686397391583323, 8.036091488152948, 14.885388472254487, 10.564858571519133, 13.287645141591002, 10.230232970629611]}]