script/wind10m.json
{"header": {"parameterCategory": 2, "parameterNumber": 3, "lo1": 3.000054539987559, "la1": 64.9999836372058, "dx": 0.5, "dy": 0.25, "nx": 34, "ny": 52, "refTime": "2025-04-14T16:00:00.000Z"}, "data":
[rows 24 to 47 of 52, columns 0 to 33 of 34]
12.341601891552884,10.271918394010369,9.961063795092972,9.314742319638755,9.794506632131878,6.356180451262561,2.73856518395318,4.462376639197083,3.218431174949094,1.7146694687985895,1.406270343047313,1.8436956958721449,1.5886989143713919,2.7922823248320054,3.5717478699384455,7.4029040147680565,5.871124335835196,1.821293087984322,1.4841571747809943,1.200410864484142,7.635343485316078,6.23221484442447,3.105052857839642,1.236826730700569,1.2639430773104856,0.3575102821813428,-0.10002291253037994,0.8159031510713197,0.27199176841049016,0.6794448046072157,1.2268015099328005,5.396947830278452,6.298316890157706,6.0346850800494085
11.89287858095856,10.364299348712507,8.970336481399409,8.970632801147543,8.697087798531895,5.838284198217494,3.5559410052914306,2.732858074011965,2.6192546287044456,1.6443463922657116,2.0050158342024753,2.075069566792118,2.6537457285543113,8.611536076036895,8.093105186662678,6.871251898036717,6.0386466405547,2.02071902401328,1.7357674625049795,1.8342851366959714,5.914871655964007,5.270432005461096,1.53243467558969,1.2890498500642833,1.2890424299598848,0.6249377269187619,0.6260471881113873,0.4803522440256458,1.5845060205572568,2.1667203492929685,5.316022959578456,5.744869284889147,5.776428346090754,4.661758215050274
10.968926162953856,10.746901791012197,9.115247981881332,8.040637516254467,7.635079383243924,5.880324422405447,2.5657902872093747,1.7483219008893927,1.7787220572474238,1.4009731857775964,2.592514104047436,2.2288150314230393,6.3232602360515,6.808074604830048,6.535888737749598,6.491411780257017,5.1620105953691064,2.0641297928841924,1.4589874559524227,3.928986455848785,2.752152840924102,1.7571305277189952,0.7871751309050043,0.8332381994634614,-0.33165227418152055,-0.6327390782279944,-0.04738555531007428,-0.40788473872152076,-0.6577206565862023,3.7658621597617734,4.714550027652435,4.949082523603685,3.3052060468559574,2.819691687652048
10.444771172160692,10.915849739445097,9.044201652646981,6.973604105349839,6.102323964184554,4.786628372903281,2.2186906962181463,1.123072336223375,1.940345054523,2.181994635316988,2.091387860886343,4.791947437782189,6.202414658455923,5.212619417633315,5.000845285379458,4.618139377441101,4.69261123345856,2.18044142047408,1.3134063769989333,1.3250864151903003,1.7792295115453811,0.3887201250245598,0.19678786807311952,-0.4796806977755653,-0.6069022194540821,-0.8825834714457488,-0.495429665934958,-0.8335586456225312,-1.0916617997162528,3.6621163081750785,5.176894289170108,6.084900873374039,4.345702771279388,4.1555622701007175
10.256136445647977,10.172292194765967,9.004413521217488,7.9151170753832965,6.261470917847632,5.224342184240595,3.108931505267942,0.9546434777142102,1.67099822671632,1.310211977363244,1.8706353439496994,3.2077184747679475,4.964211738491294,5.2903622272672,4.0556410625567745,3.3584828059257252,3.5935204494661055,3.666249627088294,1.0632947793226701,0.8988230370662176,0.5372531730370591,-0.2655590409271096,0.07659696160687351,-0.3903670164821248,-0.26408601309540775,-0.5284208612036622,-0.3686424944340686,-0.6434692013138864,3.144279921163291,4.9130689880575895,6.079682778371316,5.386151994494034,1.6723304568328874,4.999715049424064
9.442009423831621,9.133702128918623,8.31007659707205,7.820225460566373,6.774530932784232,5.482153869025565,4.218495149524733,3.365747935757458,1.6959025670347037,1.9312778016052323,3.296737085262402,4.89828490697749,5.6113967164195255,3.809537034216056,3.581492953627365,3.582029092993776,4.068036418478092,3.569479745016758,1.7649118672265263,0.3417631437545434,-0.041248348343214634,0.20778635171451615,0.6945642995132875,0.39746784274907393,0.4741217074903689,1.1404440073637863,-0.8668748944823274,1.4898443105277919,2.5683871591125116,4.3731852834268565,5.23639294509641,2.8727466693081185,4.648276602751985,5.7540528157870625
8.814833203352828,8.412878112516257,7.865676232999976,7.263796214410043,6.6947275305490175,5.797980318539135,4.23112416015653,4.659225878396581,4.825752283431875,5.108850324693266,5.437295497826397,4.581637290943938,3.8455794808445423,3.140085112983331,1.295227843491041,4.515569153701947,2.8168691248874422,3.3123747272159685,0.5832233134972881,0.3364213093152332,-0.0806218915709995,1.2341204914022263,0.9944524422820914,0.7851107621115645,0.6830499679455453,0.13461279649340427,0.8179407636773487,1.5384412204342843,2.8145081687735223,5.2273857739551834,5.109037198403237,1.7563037549410994,5.889046407104488,5.112022466677246
8.74656693400888,8.287964193683214,7.801024718358969,6.803503619972683,5.577972471924134,5.103032062648715,4.267814019674946,5.06786468355252,5.522388347627447,5.87633428916483,4.9744018175198095,4.45793556428377,1.9004325522691565,1.673854803940223,1.3311633128195999,2.880640984127873,1.666615206555577,1.3365694361252007,1.562925162732461,1.1040033616943852,0.8621724580427433,0.5693590772648034,0.8990096361927092,1.0687410119577199,1.1638102403161825,1.549361062144536,0.8115276186881355,-0.3395705711569996,1.3662326286493256,6.319814032574395,6.096238752608503,2.0453215783562952,5.655428250339587,5.150842094068484
8.355106249554256,8.178701535164969,7.417873680141874,6.413017748865476,5.946090708672528,4.5184021498342855,4.78657388094803,5.8284526596062864,6.185827105633893,5.978004658282287,4.9826347264444495,1.1660215507712839,1.914811720148002,0.14529255883907294,1.1753127957135445,2.508751969461837,0.9879776162670005,-0.0870429816953809,0.008562020450738997,-0.30656677743969246,0.8281645734730588,0.5703963245310295,1.5689555802044393,0.8208328383340654,1.271752895309728,0.6655271337135461,-0.020957642149978736,2.0588270921224368,6.275716371317257,6.279808988612603,5.500675794367414,4.757245034167765,4.469657568205198,4.695901637222416
8.226207802254189,8.074472291249222,6.957218047920045,6.781230911704906,6.364397398666199,5.531052472402359,5.747841727391573,6.323323928875961,6.520983327529146,6.055359151874575,4.585495847699897,1.573041594973017,0.6706394329990634,0.76151208154197,0.7443284338632552,0.6045183704522119,-0.08771466398754718,-0.3603276020628813,-0.501512435480901,-3.0219487183585776,0.7001662152279604,1.0137966615241032,1.0368353220856348,0.6852027628450982,0.5273508229702946,0.3177376587255072,-0.07672748911768267,4.6483523286518595,6.427162574846152,6.886637629584956,5.8216956747286135,4.818575273912454,4.097549452996565,4.0826801377216055
7.909698699799906,7.900538536138582,6.899650781072266,7.01547662357181,7.0616775134432315,6.534145967290652,6.387746568963607,6.6534346742647195,6.967303529009969,5.797846793786019,3.6328629916833535,1.269038531824858,0.46813415029058475,0.23340492446499791,0.18716411669533903,-0.8610659837815566,-0.3932698752884168,-2.274964970068313,-1.9193664288841024,-0.16337766333003167,1.7901759304614941,0.01992953754337442,0.7930254220876166,0.5067339957237608,0.5432328089361826,0.3711837673320811,0.6764358131921635,3.55271906898578,6.893457303592273,5.7195771250898515,4.873323258819811,4.180060717504621,3.37931523866931,2.337064670194759
7.5276742625514235,7.262814750087915,6.758942623186829,6.696226910906379,7.256457517585065,6.800456704431195,5.976291625936138,5.824297878307346,5.8431502624665805,4.412426066531296,2.354789843892089,0.6694170109936948,0.6833477289933658,-0.05821677512399542,-0.9466478782559039,-1.8140666019915954,-3.6204635060946355,-1.6598479883467818,0.02074146302030022,2.6430271918041934,1.64049179755684,0.9241415373928515,0.5209189619054188,0.5309929740330961,1.6271987329204687,1.7202428864032693,1.568656510016811,4.092997704127955,5.532102460595815,4.666864191862665,3.978236024708993,3.015083880388072,2.2286939213670522,1.0004125498282035
7.226029776956193,6.6251365387379755,6.54333172251708,7.517319690809805,6.946936671652346,4.828989069932524,6.122963758735438,5.979848394600962,5.2789429059060025,3.7824700903443693,2.173169677989383,0.55217203876003,-0.6433938588383211,-0.6264851937203372,-1.2425189252323472,-1.9352572295311676,-5.299284581855044,-2.8650024649959738,2.5206047475959847,2.223552005309796,2.5116540579102384,1.1904359772627287,0.7076433219341611,3.99691085087225,4.723031340826312,5.783542139119487,5.126729252492742,4.798531923545835,4.209652291529604,3.8913249632255074,2.899490442292343,2.788957772454434,2.4773078190858078,2.759136498136546
6.777187881364556,6.166568577530624,5.882773998241419,6.876978448602739,6.948852747778378,6.7308579116891885,6.985902928546705,5.7150889297490215,4.949912910033577,2.9211005215327472,1.094188280540117,0.4302790927139474,-0.42810535611378764,-0.9254204269133172,-1.2071349960961988,-4.261175105021374,-1.4877280238522546,-1.2044696946289073,2.5050902517191522,2.89012529681479,2.445406078366952,2.2311247284137345,1.4846812280060184,5.931905172546087,5.56914853712906,4.3738284637229325,3.700565893364808,3.812858983435391,2.976252976366374,2.3282821666278406,2.580375070052687,2.107843835901864,0.9541496695161689,2.0981097780194666
6.861906485995722,5.985517678404924,5.2899071595359155,5.191937390234073,5.1277386211608915,6.73519714349032,6.539263557215566,5.453417353539823,4.06221602997362,2.7343342821586543,0.4993252066929677,0.9213982772390815,-1.02152126007844,-1.5926764805793183,-2.4601370617848968,-4.57559393201446,-1.1288493285411334,2.819259158968735,2.827875827447175,5.324925823986352,3.497541790989959,2.468668279187712,1.7568289831553718,4.274936965009756,3.720299559829197,3.5993420732396646,3.834186775099275,2.842588685856088,2.262009703602855,2.42010957442098,2.39333875177124,1.643535200885957,2.0793474088490917,1.1664623289326128
6.401259606700759,6.367929864740666,5.381496098762768,5.203252613766274,5.378010639834323,6.422759309615063,5.668999980376134,4.665039065499886,4.036676685912019,3.060137667401324,2.057792459695814,-0.09316083795651688,-1.0563736115033906,-1.7322083616423374,-1.3250239670057076,-0.166863211176897,4.109856994008987,2.6146155740038064,1.7115493328678497,4.8073620710931415,3.744901647100956,3.324505703753426,4.108811222414602,4.018012919425506,-0.03553893756873189,4.080511093337614,2.47288504490984,1.7332466942240843,1.883385339853018,1.6908845630582896,1.8991405175519882,1.082853460029779,-1.645174969025279,-0.2646544615146167
6.532825868733775,6.044475158884163,5.296528214406669,5.126489817275171,4.32858271673542,5.351679059085785,4.676016219209762,4.133001829977712,2.55449043909076,2.34588165033279,1.2717287196729328,-0.17198034457605926,-0.6890095780745012,-2.0142019646976697,-4.426641939197359,-0.05402505257356066,4.942684805845929,1.7821059862396815,1.0065704750234672,2.2862798379467524,3.5590995105657766,3.7499595359908953,2.596268639591739,1.6063710296034281,1.0226752730930346,1.2968325637896483,0.07473642309193848,-0.06198681696193545,0.7645767128924342,1.2851421018113476,1.393587503789206,0.5421569419035025,-1.7469543593969707,-2.856112949019644
6.53406019778694,6.01497790209654,5.215199100658953,4.812836203887434,3.708082426401901,4.900942203619465,4.370000430777199,3.3534437218128006,1.8615400815833745,1.0742775197325187,0.9572439215649463,-1.3518623242064336,-0.7729207073575264,-1.1693034460208183,-2.8273050063148446,2.562504266467524,2.0477652181115724,1.4079720864823069,2.6913934688819845,2.4558225177499717,2.5027255080228024,3.064974803318591,2.496810110667325,0.8903010121544931,0.2243075081586381,-0.4096951407950863,-0.45294922940685567,0.06360595260110302,0.9481095403975309,-0.45268286090646076,-0.5955178291723452,-0.6753982520248295,-0.625550437998313,-1.0029951279753773
6.608298284580089,6.028690314143967,5.371752416855158,4.694006681438395,3.938042648093016,4.957298155312454,3.941873572112139,2.491438874943827,1.586929460281505,-0.1970327884250428,-0.303895689366107,-0.3152552804804206,-1.1347391357417111,-0.5431982748238223,0.9573109123376599,-0.5767480089525404,-0.7819241891304453,1.4162406685854516,1.6634441326508005,0.5730803434191142,0.07255820567684115,1.7098662707894874,-0.905152908471261,0.21190803927011195,-0.9781417594352797,-1.9420430252191787,-1.1344122320797394,-0.959565091313835,-1.1858197336626277,-1.328485407342327,-1.325981147247318,-0.5497182331897794,-0.31162483264721796,-3.500021386730457
6.547855729107685,6.079821589669269,5.548188212072907,4.047846535158759,3.666218479559778,3.4423501777167425,3.294385005389837,1.614439855292923,1.1010603576160287,0.18499154171365145,-0.389970439872218,-0.8185285468585342,-0.9294023202315929,-1.4546604413564257,-0.29651356177258487,0.1906728283270155,0.23571112986570414,1.9339719387845915,-0.3426692200365286,-1.6537606524922819,-0.934295982121034,-0.8653907346231345,-0.6945342461532735,-1.8719521929568543,-2.288336831848722,-3.6704014796130844,-0.5609943460557194,-0.9724933592446008,-1.019892428629748,-1.1701681338064465,-0.8475001888874811,0.6103109441942307,-2.0689468202182053,-1.8133862876306293
6.6178112002551766,5.775161175796394,5.226279183465066,3.407231091191663,2.7572743094478955,2.3715122953627317,1.534379719464726,0.9579563783004855,0.3316056814189092,-0.30117105510512043,-1.4934380380138919,-1.5970106709903271,-0.6824602175171891,-0.7442439184633601,0.05848775279701233,-0.3263137789696989,-0.7106749283021556,-1.6065206395370801,-0.828705269406968,-0.9809833328394488,-1.652622181106581,-3.019614715181664,-1.676817340596473,-1.7577372395789181,-1.3339498584210614,-1.2114744111420335,-0.45776641576556965,-1.1480446384182592,-2.1197609870152148,0.17736194851966303,-0.2003233478979458,-1.8153261663276496,-2.7166342817852396,-0.911308082925257
6.208664760001311,5.418517129059634,4.239422032903674,2.7692427229740293,1.7334606772465337,1.0832397031201404,-1.0508206231392645,0.26574333336217176,-0.7221327320588928,-1.0503012123850488,-2.1059596072988453,-4.055165168067245,-2.2377225688145854,-1.7990038164341744,-1.3950328622787909,-1.0558822248801496,0.2631882662128354,-0.08743623840220244,-0.2967815307169549,-1.308426342736794,-1.3576162610544231,-1.250827964790432,0.06895507756277348,-0.8296842254651944,-0.5326195011902862,-0.10453356659268027,-1.549082204069306,-0.7977029785103155,-0.46539117077530656,-0.30886494171110673,0.20621121025376443,-0.5683502690180777,-0.9301075418237972,-0.5281316877041881
5.4554188879704215,4.66007367239901,4.246053999411871,1.6169279533697767,0.08802427572120028,-1.1466240930774398,-3.57857671602085,-2.6007145997277408,1.5412436173650277,-0.4508509707962568,-2.1218070126862076,-1.3519471711214286,-0.3032007347300589,-1.5531715592669701,0.38661920565575336,0.11376004748506617,-0.6018562040709263,-0.45217885165215566,-0.9252829529562178,-0.4848250619149721,-0.9233329949712521,-1.755407882239419,-1.372738512162531,-0.17047721602709884,-1.239951930634085,-1.460122644209367,-2.5391138919903953,0.7917435172684928,1.0981583543402433,0.802507826745989,-1.313911055437667,-0.06872686106354345,-0.5154289492461397,-0.8301732879267444
5.144360322015384,4.341680321253459,2.6838484352327248,1.1778952060424501,0.760216512919239,-2.936732792844843,0.7203832113957341,2.196596718341214,2.4920918706093413,1.837552797908955,1.2125789816654968,0.8974027091195643,-0.04116568933298277,-0.5236110314541846,-0.36583934864853374,-0.625662033392619,-0.3527689805042172,-0.25000301608941644,-1.0635856924070863,-0.5575051847370592,-1.828040733083716,-1.5440225210084055,0.5968043325246419,0.07977013598426497,-1.1002492934492145,-2.226544164098965,0.9450777940989992,2.382363980166097,0.7202450897195082,0.12505624219151124,-0.08672687695492771,0.1411732002711095,-0.464549189921033,0.16833267367320023
