script/wind250m.json
{"header": {"parameterCategory": 2, "parameterNumber": 3, "lo1": 6.000198445256149, "la1": 58.999992894266676, "dx": 0.5, "dy": 0.25, "nx": 22, "ny": 24, "refTime": "2024-03-16T10:00:00.000Z"}, "data":
[rows 0 to 23 of 24, columns 0 to 21 of 22]
-2.9788841782296567,-7.333442196459243,3.2745637123783755,6.862347926038673,-8.307994075495323,-5.155328118681836,-0.788291313014823,2.9170697439822764,3.86238869844198,-4.640273858121248,-9.391930552495571,-1.372576462778032,5.811406053982217,-4.223587367188058,-11.92385355511727,2.022489951196319,-13.013113754868499,3.607141758977565,-10.5584683547255,-1.9012834496777133,-7.839147572241901,1.117306650393698
-7.49098378102919,5.227163496960333,4.778818881543702,-3.6512091670890356,-5.345703292947915,8.642119130986533,-12.04734131282433,5.730275522329373,-8.004140077019528,4.809900641281805,-1.1337216288689378,-5.320504282537215,-5.4180553082835115,3.0391773337125705,9.140283147863299,-5.179615124017182,6.256992745188769,-4.269510374966282,-3.408769023147257,-4.112576168011745,-9.057145450362846,7.316407679722977
-7.398558520818558,1.9147772278112616,3.8668771909477204,1.0156174093285983,-3.0463432801549843,8.154638771539794,7.846807451201825,-10.998014378302896,-7.151631626633352,-10.047665355153272,-7.189900140146729,5.496649535338519,5.914753451988902,-5.9843987388119535,-4.126013840311589,8.076231741955052,-5.931379214765069,-4.999990380500296,5.007764723366576,-5.245795404119103,-4.427182712334357,-0.49582878716395057
-9.11659254514361,7.641621553334325,4.226179441998496,1.6555121064756246,-7.175751840849354,-1.8722316609133969,8.16601244633835,-13.974347792166244,-10.415085110232116,-9.14316558403748,-2.7759428426656507,-11.345413169953627,8.92637931746943,6.499854611459754,7.038799932763506,-7.984984398855525,2.5531731429929625,-2.9990923340676017,-6.930207516185929,-3.8991348930460004,7.870501692078367,1.4615229089258508
2.373658735351766,-6.458020365741939,2.3608023365628434,-4.546621095627585,8.412039562754963,3.0870544979525643,-8.320258928859904,1.9207906890887934,-16.470781641753653,-4.854471757062094,-5.529054492089645,-1.1561531067610809,6.274242505540763,8.0600156136689,7.2486993892584195,-10.510158182510764,-7.995312454707738,4.16889644057035,-7.920587673981355,-12.035303043336805,-4.985751064124092,7.302611214984716
-5.916281124415953,-5.47701448379531,8.346203500289247,-3.995163214481896,-5.093908218873452,-4.362949869972205,7.516295844056725,7.583877159945856,3.6693619431278712,-7.4131704339515565,-4.62542213815947,-2.7026216472532862,-3.479243877134138,-19.829750521272622,6.675395973903558,8.405004457842649,7.475592401844884,-6.042486386439727,-10.072484547906809,5.952478730174217,-3.053169336531595,6.086873265171636
-4.01602236676666,-6.604394258066428,0.06820207327892386,-1.6361535104616862,-2.260595683016956,6.572505783938261,-4.307104491535338,5.114757456163246,3.6187314374474693,5.246922037081704,0.5653507080431932,3.6720167312405017,-4.9020582483339314,-8.41457347062801,6.651869504059408,4.0444419029772005,7.367629784054286,5.523241057688076,-10.020744111513936,-6.432347967220371,1.6315138349461935,-4.0640260017818495
-9.945239996025245,8.093454431541117,2.6030644625732773,-4.16028211756469,4.705578780712892,-8.315628994801616,7.666080388962035,8.771026716530377,7.818466197221405,3.1117967939565085,-3.9701252226921055,6.312789673276149,-6.76003294068574,-4.213543352873099,-6.425348137384771,-4.9844148526430585,-4.418820304240277,-3.2153841937150185,4.1032844634481,8.602853031509145,7.9028519292207955,-7.340535441037945
-3.857229590533702,-8.490405371079628,-0.43008869291537855,-1.4175929590303564,5.929474307921965,3.2836929333380622,-5.833315153983018,-5.41522780276561,-5.612988008434517,-6.903681564371384,-5.050876540357029,-7.345707979502879,-11.763893707963604,-7.299030158480851,5.773432589979491,6.797182399988062,-5.346553397212333,-9.83243964769848,5.250232927500029,-4.760088789427084,-4.3806134879917185,-9.506966707099636
-2.6242161516146805,-0.8402100500176966,-13.061925275374811,-6.453733994534372,6.807171347101186,-1.6884257071598368,-1.784499643437298,-11.484837035395486,9.765036756442562,8.25293002421,1.7134086213632564,-5.190889500214212,-9.90323051013525,7.277489512266695,-5.6732667430075745,-11.813868512640301,-8.308586270609107,2.5652374630466337,9.562016701520202,5.9845980500563245,5.600783128847386,-4.70673697481665
-17.531946310668083,-10.805573979304219,-2.849192026616873,3.6076085288433704,6.86385004520979,0.31035955824562944,7.558907205757905,3.5626426549662886,3.363160713754692,5.69157308465497,-4.5355458255610115,4.803763517095374,7.982093822042554,3.6122563963587493,-4.296134409889657,7.749021843641427,-3.1556335808954636,7.587608325132832,-3.1951515197897615,-2.233756698052783,-2.327727965113639,-7.8097751492280425
-3.7042587539997216,5.556300825320265,6.629875505918217,-1.4341663765066544,8.162233966292497,-6.513206057839461,3.933575386924851,-1.1820067148687348,-2.2876195949240588,-4.838015874729764,6.794814503370346,8.626810643259523,5.458109301510803,-2.48698610115483,-5.848307810774963,9.431353200764702,-5.006075045325076,-9.028835286019811,4.100316191433972,-4.566628194134355,4.840912297453376,7.7145885176329845
5.679717127594714,4.472256207910967,3.574883290673552,5.1428242832038045,6.423089098009357,7.462097272122043,4.9807599005760705,5.6659909117722,-8.06704463402114,7.093498354668684,-10.837850640966376,-8.109464991390706,-3.857890858110325,-7.314067898583411,-7.514783187214569,-3.6132541993914353,-2.8220090188841582,-6.175297997203134,-7.601876585507768,-7.801252640471564,6.121392229896118,2.5290133776494996
-7.701408957078319,8.020984054111608,-4.723113648523764,-1.3188075971170738,-13.10455476455448,7.253889562000763,-5.7413818400762455,5.675732335747815,3.2126194580233323,4.047011143430312,6.094450741832107,6.129946933489276,1.631600264305333,-2.1615741576766774,-3.114456688302169,7.121753799464118,6.789247312842537,7.033083760810886,-5.147156842165961,-8.203800502041494,5.519236662990073,9.88605069146331
7.991213716739813,7.816640842725521,8.897875598650598,-11.646769265971571,6.88966139699625,3.964613405809106,-1.7500232524042956,-2.751666124623301,-7.581454454839797,7.5507601152229675,-4.2628503554839225,4.570771523056169,-5.985864859463688,-6.069962451833881,5.704453528451808,-7.179425669138551,-11.241473670014539,10.445808848370383,8.910039753399921,-5.800015542338,-6.220823298475923,5.234787795829908
-6.6554019002844305,-4.387010784284194,-5.93553806683218,3.3713810698517372,-8.499068577954226,7.258122226794155,-11.343230853764778,-4.737905356283465,3.855954827059372,7.642016855024449,-5.555331201973899,-4.503916900381346,10.156832667388942,-6.628934101837433,8.55672373653725,-14.987670642499008,3.3193982706233065,-3.9253093300032837,8.374965509540601,-15.03927375777638,-7.85139049097233,6.8497587986664294
6.572798572309241,-7.691155788852751,8.08947931937513,-5.3386066201378535,4.750339799722723,5.318060727132336,-7.495612808122295,-10.147416232836376,-5.647463992423977,5.154397565613159,-11.864385797082234,-6.053363210349659,-15.524323829123382,4.943158699566631,9.403723067382943,-8.928286516454618,-16.62926688514659,7.357894791944162,6.052300546868944,6.180770371818674,-9.272243404309425,6.809939381413965
-4.746017627682579,-2.4937162006918294,5.128756158789905,-6.854086435996237,-1.6550290481647778,7.32552733908711,-2.3458013757268668,-3.6765352243897538,-2.364994972142664,4.943536078080691,-1.7220001160937077,7.410923523683379,-4.245413491498588,-9.053731088213441,-3.0063004850544215,-10.623178221833058,-4.485544127698584,-1.0132848208813547,-13.615364713031957,-6.454657054762489,3.375986873678586,3.590924869808542
9.58582061303067,-7.339482902405593,-16.803730646003725,-8.870709959627646,-7.872836468573296,-7.010603233337537,-5.314474769055045,6.026528565440525,-7.781539213356804,0.548668052915277,-7.070035451413536,6.843773857593034,6.670492995395576,-4.409201436394533,-5.234098367020278,-12.539470219822801,5.921483876219696,-2.874453266088611,8.423819096140571,5.464359011494003,-4.3122700459866214,6.874588192421741
-8.053030631644521,-7.020455371897063,0.06367757133889722,-6.655587056600464,-3.953443236133494,-7.800743518383376,-2.855138110308847,-9.89347765296602,-13.627247006842438,6.428823060099624,-6.651626519227414,6.256777700205088,-2.6879842640797893,-1.4622939624136049,-11.506993973340549,-9.121883032246119,-2.050442902014617,-5.705726115318563,6.780122968841051,-4.3700720957583705,-8.037049707234239,4.303852894590576
-2.9636645898314744,2.4186364370723,4.460411814792604,6.18802898530541,9.745963518421553,-8.279260245485808,-7.284439613747376,0.17122466241352857,5.56996581257,-6.9569371605635215,2.294040778384077,7.0130364369063996,-7.336835491664831,-0.8516035158654109,-2.411713965484098,4.016685028385846,-2.860876850415535,9.307930606797749,-6.966131010043678,4.141854621515663,9.940172915486615,7.341206898732856
-8.338375097777648,6.857765547204677,-7.521722410765684,6.815226958940825,-17.054166620511023,1.6394573197902091,8.055762704561335,-4.90968310039457,-1.2511275818082546,-2.1355337205321803,-2.387951548323509,-6.565267547203318,-8.728980433756076,-6.448221066692759,-6.31769279436091,-5.3758765899914644,4.31766738163577,-5.251562438642235,6.505818189386401,-3.9796292142581975,2.894464733352623,7.004111850993857
-2.8347666580426703,0.6721518602745199,2.813426447019845,7.550353183551589,-4.153876604843102,-8.018874288475544,-15.322380816342257,-8.182262902650065,-6.607131753075394,-7.493225751294935,7.595931503250304,-4.692279057653066,-5.051442346569605,9.144241478774143,-7.45993981103436,-8.19155744081656,-4.319135852688633,1.8062188759670652,-6.711544450281662,8.117072950903484,-2.499851917355043,-3.6589767003189038
-7.764205719688463,-8.175248783603838,-15.937641276027257,7.877478308259044,-6.77561939595688,-7.346888493755105,7.46906880215216,-6.724517346439785,-5.3952706635210586,7.449969692466098,8.143532513148276,6.283545580933303,2.0253835388679717,9.007427110700428,5.743976542272464,4.9177275919318415,1.3225013624225102,-1.3100962760956276,-6.250431231004285,6.603026270846641,-5.012031961281008,4.785396869006103
