script/wind250m.json
{"header": {"parameterCategory": 2, "parameterNumber": 3, "lo1": 6.000198445256149, "la1": 58.999992894266676, "dx": 0.5, "dy": 0.25, "nx": 22, "ny": 24, "refTime": "2024-03-05T00:00:00.000Z"}, "data":
[rows 0 to 23 of 24, columns 0 to 21 of 22]
-1.2171895916750828,1.427626429806861,-4.213946325796037,-1.3059947759581352,3.35715930112902,-0.34359765034912987,-1.1208854550093688,-4.883845797855893,-5.529126191351871,-1.6992631274696932,-1.0254939271762107,-2.2086208663625757,-2.5744889819881607,-2.8327140165721287,-3.066983804418264,-1.2614369510972752,0.09060409258354794,-4.199011718702871,-0.45434613738116436,-1.1155351111511904,2.4451966504726013,-3.4204772783455706
-4.25317214538363,-2.031452850468638,-1.730330244398509,-3.272679416860807,-0.2872417367039959,-6.7337852130738565,5.627204198142757,-9.724606155327487,2.452335655975931,-4.487244905127067,-1.7475134364729026,-0.07342549151307469,-1.5265384442211698,-3.9706521733578595,-4.759595578535368,-2.2036862611020314,-9.19227393176058,0.906057712602536,2.317289779307546,-0.6284447030138222,4.659105747177792,-6.011365450417249
3.6988216196564108,-7.659068683821555,-4.012134716875476,-1.3689208244079523,-1.1649055772086587,-2.5667220407388616,-1.9637814090482284,-1.5493241847841566,1.1387563271464671,4.858356348121836,2.806870689290477,-2.139835162454076,-6.211127868493173,-5.239391648676229,-1.052240296474952,-5.215169858349339,2.081949491275056,-2.5863496150404854,-2.9291367880488077,-1.7735035081975794,-1.905744286250355,0.6063985239472692
1.287259802873604,-2.231729717062352,-2.3703972072529815,-1.8151033424470782,3.804877459698533,-2.565122526938611,-6.389636021581577,2.458963629400664,2.3104676154745256,4.862436072509765,0.17140336294685346,-1.226097832436677,-5.907494836286759,-5.224863041605305,-1.7798590196446304,4.126283193373481,-4.698582747327251,-5.862310930459665,3.089672534393204,-0.2878135916916226,-6.635514093025022,-5.616230865741479
-1.0139707007004444,2.756619433594704,-4.702973190013227,-0.9313570890174597,-4.167003299492603,-3.7272066358522067,4.987614376915401,-5.331118664209039,0.040038254924515806,-2.522628656494269,1.8494442871501744,-1.9374737447930348,-1.8149329292062633,-6.642887818089404,-4.167332549289531,2.482183650015223,4.955065522630604,-1.928504956936157,5.227050687284557,-0.5127038895895245,0.3757173338769052,-6.194058144167882
1.7784340202177609,1.9701793672709356,-5.932672656966335,1.3858587228083317,-2.091527715377822,-3.39126342436189,-9.678841679395987,-2.2989587232780146,-4.092484629223795,1.6878270585869082,-0.7767579154892835,-7.406864145483601,-3.5429329261808387,-3.46911617493138,-2.4689820388598944,-3.3907156572067785,-3.7087900973245773,-1.0628441010695302,3.7460308471407697,-7.223841217063712,1.7193378772939647,-3.826698544738984
-7.1572283346758265,-1.3572131469817583,-5.838028898182126,-2.525244197695822,-3.766756982656969,-7.349979289414583,-0.4413790696844123,-2.7933237023506194,-6.265653305269086,-2.0830578971016984,-5.133136008716093,-2.644686305210505,-2.4082097426662123,0.19958594148445052,-1.8179593239619947,-3.638944062535632,-6.922010168112593,-2.1985808413180923,0.218532011074285,-1.166017409674844,-0.9685930819544449,-3.677595331869134
0.281092457289667,-2.9004021324388503,-2.6495552707636647,-0.5463535459836493,-2.094824219625392,3.821823254472712,-4.197464386364577,-7.6592403218050835,-2.065069976723796,-2.3813684123018155,-2.708228633264156,-2.6623738365733276,1.2897132085938803,-6.867865873732591,1.4089890944269412,-6.444823215233488,-0.3929203037217845,-0.9895225704356565,-4.871536309754653,-1.1858164823229655,-0.8852798046778144,3.3548420004784147
-4.1608277201579345,3.97922865612296,-0.862419534203175,1.657403813632978,-4.711103963907379,-4.412537546210386,-1.1397476778434563,-6.706136596518859,-0.48236269312577407,1.1213982226934898,1.70139105850425,0.22941273102540496,5.720992923093034,1.0480792354960107,-2.4171512235532533,-3.142444924474997,-3.8040171109976266,3.740069035095444,-2.7853203961717194,-2.110075216183776,-0.6899867045780461,4.784353945550328
-2.019336707436555,-0.4740613906938552,-3.6316968672019314,-5.729307215879482,-1.2499393285066047,-0.6010650067595191,-1.9682223207947849,-2.9192957969106006,-3.859210328007879,-1.8670298613941796,-4.928864841331961,-3.2144208679793316,0.48919177630330635,-2.807181223158317,-0.5797927474114662,2.657820981125019,4.16377526615695,-5.6810259692450495,-3.5230956802249858,-5.070795160733778,-2.4034285841697116,0.0786311798689476
-0.3813976122108563,-1.4076674200211297,-1.9674282149014726,-5.78754890382606,-0.61170736923249,-0.1758458355529743,-2.175029081110558,-2.9379574648637763,-4.202795160937624,-3.5822077806277566,-0.9687322348619767,-3.4587783004169466,-6.683458034707601,-3.813081470815698,-2.6171733317741794,-6.452108976688622,-0.12581717790836894,-3.9995635994480705,-6.736758805114709,-5.884826372358381,-1.4881701703821133,5.21857372050234
-4.072794454975102,-8.300406664598524,-3.269046592017579,1.1229981541730367,-5.8326021685694,0.11066674952686782,-6.071507987575961,-2.500119894676892,-4.702289849612576,2.0056226031345714,-2.475538214715599,-1.6572452467962862,-3.1579659502773048,-2.9321036973102306,2.5779988229501734,-3.8759479921747313,-3.1337835253614577,-0.4154979054368349,-6.23039243857209,-0.014925513487292232,-1.7770740194129013,-1.3710991104574952
-3.4007948323227177,-3.156202991671006,-5.9606070071386785,-1.8782280421224986,-4.859039399685064,-3.323826382328632,-3.0734056941656185,-7.5923658322456875,3.1263195796524643,-4.922193876797684,-4.243244908274937,3.1023314559806563,-1.4792287622342055,0.7898163355359655,4.001626899620737,-0.371055040544223,-0.4989922493674482,-1.1701388700957547,1.3219367089783398,1.3032788449383708,-3.2239942152414267,-0.9299876407383111
1.5394196427006208,-2.2453920045952813,-3.16381009690627,-3.1851593700154575,4.701239703900916,-2.278160261928282,-0.23748567625521466,-3.460890916756423,-2.136338133791302,-3.268172751579461,-2.6333154391475113,-4.0278857115090805,-8.34399612659624,-5.741955011489414,-0.3624072984160613,-5.9094729518879525,-2.4887745557735412,-2.8917212381808977,-3.26266382422906,2.9707807146829204,-2.2249159418549938,-4.566286219253913
-2.7900252664559284,-2.0736999763046002,-3.137620337737497,-2.7763504898749964,-3.3234108787681365,-1.8429792682759212,-3.006653799100017,-0.8344373433457605,1.0679447914856761,-3.766465970695472,-1.3277159739237965,-3.3368527801575123,-0.42895924066190555,1.872396106467996,-5.117660635378624,-2.981089774965368,2.0404498277372882,-6.262828112932308,-5.363720659852212,-1.3117041863439856,-1.5724002676480056,-2.390736502912521
0.4092640914259185,-3.0253076255420654,-4.5318544842634605,-3.645131174387982,2.9380712263354547,-3.8441217327199175,-0.07826008457028533,-1.7449874263287681,-4.465422978195971,-1.8491911208688632,-0.5092369384110413,1.932743296112818,-5.007520467573562,1.6496512880824017,-1.4954970381461772,-4.964144103999172,-3.881390074319702,-0.9977811620978914,-4.020972261825752,5.464645928849087,1.529797843205332,-6.497936149279142
-2.95609863638412,2.072778761706065,-8.206866491364925,-0.551209424660594,-3.0093322854068716,-6.466926794222751,4.8346939198718895,4.469253773754688,0.6041601289806986,-4.415310281102617,-0.9155700797593017,-1.1733885489915992,1.5614987490323087,-2.6583742512798025,-3.993094908815904,-3.0321588949522775,-4.419952447171888,-6.67086698184011,-2.033243045551576,-1.9064943491790283,-1.0668753863672589,-2.146271677922483
-0.9503710064863746,-1.1165810779987138,-2.5109248635215673,1.0558807486423043,-4.516441540339527,-5.372595186888875,1.0251557840309988,-0.9286397858626865,-2.7917705498310466,-5.006655512531403,-1.9021113494980042,-7.362600049440657,-1.5433459522237776,-2.3043439052838446,-0.33735986169149046,1.745507089364307,-0.3986801173642629,-1.3996644714935105,-4.269190400696307,2.3210034460569395,-5.08433328987343,-3.4911697301494593
-5.821299422985843,1.2199285698031679,-2.97257325729025,1.0821463687287294,4.610803924591949,1.003314500673529,-1.842798226850908,-2.3041897834420215,4.132041652592379,-0.7185301432442739,3.014215725295839,-9.194372500740178,-4.477005624890891,-1.4015183948050138,-0.1242594632729932,3.815698359765558,-3.445299361401166,-2.4373976731605844,-4.369283682497142,-5.269011398225064,-4.3136143730461045,-3.4530844427276626
0.9055660798918564,1.5195410708781683,0.08161759215488619,0.7004778590429308,-2.2145553457648837,2.5670497976757054,-2.1133131514907495,5.29531826738389,-4.148033675909734,-3.1074187929637698,-0.5595864569602576,-2.757450802983836,-1.0310801496767807,1.0085895847013537,-1.1580867630119942,2.384219529167473,1.5083453155394317,0.11063647617614333,-6.00188196041396,-1.325998035191299,4.939526921253063,-5.853211085724471
-0.16721871469405303,-1.005983333993882,-3.8766667606291083,-4.393237268004798,-5.10783869499051,3.6270241597538386,2.736825628726668,-2.101342106435806,-2.9519852680150507,1.5176648052348676,-2.394347494327877,-3.20847042691858,1.7409121523879054,-4.8574058562105105,-1.1667034166907375,-2.541785864070917,-1.4694738864268266,-5.52777167445756,4.925742386255294,-2.199544229072762,-4.359819798881528,-2.4895358477868847
4.162948109388827,-3.9517779002345965,1.4775748171992602,-2.112946132995972,-0.493195506120141,-1.1507323412373227,-2.4366410720809295,-1.1825323063820388,-4.714152125069481,-1.4803906646584044,-3.702613071982481,-0.4257491182184626,-3.769176311827692,0.3221145377261204,0.6349925031555913,-2.5939186325051264,-2.7803604411244764,-1.7600119993627785,-3.2059541895000807,-0.426019075408068,-5.338932958695588,-5.0990225856232
2.3262669741087207,-1.5455644484795077,-0.8961506310766583,-3.7850340388352874,-0.834083346608662,2.7120464491766607,-4.939386134507011,6.471024612080727,-2.4570881189124854,0.9004928606633311,-2.2322130542023535,-0.377475417592507,-2.5630111631577135,-3.606621353194087,0.9819026827954156,3.1569893154034823,-2.8222082914200586,-1.8531917790761783,1.5661661579442527,-3.906305915599026,-5.064826697507345,-5.059816401280795
4.753656307748638,4.687194440619551,-4.987819148344108,-4.1787874698577205,5.305850644376283,3.7854391161071903,-8.932359951649707,1.1216840519317146,1.731276265462451,-5.927125619283416,-4.758983760767619,-4.5717461493423945,-2.760606484757017,-4.9047714902436015,-2.664857952298234,-9.16272560344385,-1.9473426457219436,-4.497659291549716,-0.12203235164287167,-3.305740123929648,-0.42986965341729627,-2.067055740609862
