script/wind10m.json
{"header": {"parameterCategory": 2, "parameterNumber": 2, "lo1": 3.000054539987559, "la1": 64.9999836372058, "dx": 0.5, "dy": 0.25, "nx": 34, "ny": 52, "refTime": "2025-08-02T21:00:00.000Z"}, "data":
[rows 0 to 23 of 52, columns 0 to 33 of 34]
-5.001895434962261,-5.50127932704965,-4.997376964678447,-5.171494258771625,-5.0259445556396845,-4.689528133492881,-4.27984492849809,-3.9495284562546624,-4.8117858204634745,-4.687365820873322,-3.52273676963382,-3.6494380632481542,-3.007124549468676,-2.89204207211959,-2.241674427499618,-1.054147916104168,-0.22558468535867315,1.6385210927919613,-0.4260084068226478,-2.631694020075991,-2.0760788168142605,1.5118807833732826,-2.4820869171337816,-3.0088084329707665,0.6541564683778663,0.39204776639434435,0.48846540852884385,-2.2265206025660067,-0.7204476013311373,0.11881683060013079,-1.0785702548930716,-1.3353477484701464,-1.8303605557804739,-0.2903048535636116
-5.2415037288210655,-5.821287495396981,-5.117689959926716,-4.789027160434162,-4.948325497972217,-4.39489684853032,-4.034030496146675,-4.573574528483176,-4.68267684678584,-4.47924941611095,-3.93700816357421,-3.008544082784154,-3.024440444876053,-2.826275711731049,-1.7964282817795634,-0.7375552329320041,-0.03539786245334282,1.0638921670764148,-0.28166912392335786,-4.225952296341083,-1.167554701685178,-0.9787845238489333,-0.2882252677322706,-3.0895243316660426,0.6234451349474839,-0.9864186668365222,1.5025964428885281,-0.01731575832528715,-1.5643657730392455,-0.8135720897263399,0.493541364711582,-0.04469872939551772,-0.25333298990774694,-0.5094276311092893
-4.189743912552318,-4.8452150251323705,-5.058595183261429,-4.653878090204261,-4.814440024129377,-4.650831839953601,-4.584221770714821,-4.923033581030017,-4.349649271859261,-3.958253182543807,-3.684203053288976,-2.6534453488728227,-2.735286035324958,-3.0019714347535116,-1.6664415629937612,-1.5784165678929507,0.3696125858468267,0.716717773245934,-0.2739265669607899,-0.2880231003839611,-3.095204351275582,-1.1975622959011152,-1.437597278264052,-2.1835181663405656,-1.4846654774099357,0.5438941101279402,-1.67588135365135,1.0887145904217685,-1.6537921084982592,-1.0002372914286195,-0.16159136506831012,-0.8832384336072336,-0.24543464114796962,-1.2047237625182343
-2.651360567141647,-3.785933508054372,-4.357164741813555,-3.7841698974645164,-5.095728394252447,-4.104193871443496,-4.823020985353412,-4.794952802763141,-5.564659358133053,-3.8604311598680647,-2.8677443470105044,-3.2774716660796925,-2.457315635244394,-2.890048769816362,-2.3764675757674394,-0.22345121562523199,0.8372555566625967,0.050062200950413714,-2.864979029417978,-0.1472465970204106,-2.0839120416684116,-2.6023227689484623,-4.8117657937247555,-0.811863432873385,0.28930238772713474,-0.8132546287086421,-0.6051888189450549,-0.9276119286901926,-1.7852872935499182,-0.33981798654051865,-1.1938992730832332,-1.048548549450753,-1.4516961548772744,-0.7489687729963699
-2.017967272466259,-2.2554552072398426,-3.7018287310188738,-4.289583519605529,-3.7849089327318453,-3.882969615097328,-4.6356842376844005,-5.22138417523062,-6.144641616453174,-4.426284870815735,-3.207008562460161,-3.462685789069796,-3.4761995299074515,-2.529790649154681,-0.4936878361547184,-0.12800118235503583,-0.9922437199530216,0.30566661323396827,-1.5942220252843544,-2.707621898809102,-5.308773555719492,-4.734397075245869,-0.9294968659697017,-1.1698898681858079,-0.7544617636258582,-0.21006362854429342,-0.31319490008474854,-0.86716551098119,-1.553383664400465,-0.9998816961655775,-1.0586770550441522,-1.624460339387511,-0.6936835969259217,-0.5818791368723085
-1.4182844273368655,-1.5456329237022588,-2.2806194385164518,-3.262687698350302,-3.628115359920691,-2.976264376741692,-4.959854393451705,-5.142431819862199,-6.254219659707955,-5.326810935387265,-3.7246852761505664,-3.5706746520511032,-3.5143911949091255,-2.55748661318195,1.0321444132674067,-0.2528087313111649,-0.3494795649018119,0.6914521951508322,-1.6419445114718827,-1.8570572478048566,-0.18923667536848046,-1.462804998889552,-0.9969832659752069,-0.9064048653333766,-0.3068478168014744,-0.4309893787821859,0.49666121655881096,-1.8349150434452013,0.13207334421395234,-0.24544678408058015,-0.8833756101279948,-0.900816825413078,-0.33853561909653646,0.07945327685530591
-0.364644571499574,-0.0573435388011348,-2.312446794482806,-3.50781520646779,-3.7559274111213097,-3.091004702864931,-4.701943155765344,-5.20466828802872,-6.200032603888517,-6.168951308132292,-4.328175921284724,-2.67467484940771,-1.3937035422107351,0.1879660284403827,0.7802484292816481,4.918973475724844,0.19637495193956137,-0.6311427515934843,-3.388748794219401,0.25738976041088857,-0.10566516695210364,-0.5912547509513224,-1.5309972164329266,-1.2309455148228448,-1.9155042486602365,-0.4550203211976651,0.7321715785581672,-1.0625621675706012,-0.5929315546301314,-0.2558972045601058,-1.2802301602051236,-0.38004438247407163,0.09301119963099962,1.4989249202170476
0.18511937125967257,0.2666817827239675,-0.8870796651715228,-2.314736157135164,-3.0175826980071365,-3.2439335291963065,-3.9989947978776277,-4.017168131063143,-4.5317525349991765,-4.590756199598336,-4.668968474046649,1.2393141618142784,0.18917597385261395,-0.09641114933794374,-0.24855012155252576,1.0384525425579594,0.2130442543587041,-2.5113028147940724,-1.2086629859221107,-1.091049708909478,-2.437683911679248,-0.4227398632312187,-0.6991075479513194,-1.4229690600658966,-0.7300913818460723,-1.0377558449766588,-1.002887787760658,0.1999872856365437,-0.8788095304405993,-1.146919202330607,-0.10478845440622869,0.065502053969148,0.7753695800003523,2.2947585355795903
0.7072475492404829,-0.09104731456191867,-0.11041294993538216,-1.5777022654892519,-2.685876338402114,-3.022340296985171,-2.933284617380219,-3.273003323252606,-3.1085277989534803,-1.0900835790186956,-0.43952597144633965,-1.5561128781726388,-1.9856339617899577,-0.7372604678929957,-0.0786207559157434,0.592560643759768,-0.7419738483100369,-0.06100836976247948,-0.255176300464271,-2.2623178520401717,-3.0260685057508856,-0.7683142847712325,0.1601241546586949,-1.1515039077218352,-0.5683400320529012,-1.016971935124702,-0.667411775503809,-0.8925176698440509,-0.465603499832449,-0.9138367174339407,-0.4666125086877764,0.16982347065993167,1.1751326129903725,2.0347389709984585
1.2849375374054355,0.014920578526106633,-1.1310927133459128,-1.8985146550243606,-1.9802139435118027,-3.0949726231634878,-2.6973577967408473,-2.2460959053874627,-0.7816172753703033,-0.9961277471721689,0.16504730183667113,-0.45196501075561313,-1.9875374672466428,-0.9272396202116111,-0.7593868839574035,0.053316875577298035,-1.6468166625572507,-3.0437474948776013,-2.928019955141962,-0.9577184712265336,-2.6590719320857477,-1.0695914094907149,-1.5411437404861308,-0.4193264923638426,-0.9197866967028867,-1.1767006318255129,-0.8186260051871292,-1.2985519077322059,-0.9463192943509127,-0.9656286987197361,-0.5239426758320157,0.3589959762507432,0.6765717078138869,1.4823133039533245
2.3284217167928074,0.6728099231160358,-0.5864198665135374,-1.7722978399261817,-1.7582957675088817,-3.428395396660093,-1.8468044233338157,0.6297788185651366,-2.904530108001247,0.8636352717822149,-5.501909750986146,1.4408788562593469,0.42581677292264836,-1.9780003035402258,-0.4983991145847489,-1.6969710310086328,-0.22636691292971534,-0.6148814373924113,-4.201069051325282,-0.4740986010853594,-1.7724135582012168,-1.602662019941671,-0.5545865394941936,-0.9841435212201479,-0.16297576398912322,-0.30110931577679856,-1.2090932081356034,-1.162962102263256,-0.9560960167133655,-1.3698111204605443,0.17483814546200732,0.01893891567738899,0.29569315685073966,1.343251527928334
2.74511682913759,1.2488541352897748,-0.6578103798802134,-1.7823058435260206,-2.921611913390767,-0.12812791586253458,-2.137394860769867,-0.6479240885862682,-0.48850153515739386,-3.831763468880246,0.7319790337599373,-2.756137677862555,-1.4593678016545077,-1.8407542771579783,-0.6053870258266766,-0.7705260500257234,-3.507517722981107,-3.9006117279895096,-4.418003917543026,-1.0992709191086714,-0.07483117092756898,-0.9159915319409953,-1.1656349913699433,0.4160017960682397,0.0061714252310558805,-0.6140754903780988,-0.7085455868488413,-0.48629988712951105,-0.44454374078469816,-0.22403220128408952,-0.41661781912479745,0.020305731282006113,0.16088243820504824,1.0253894682661984
2.416204296794081,0.9420217418830127,0.36136758878501585,-1.6085709338969298,-1.2745885143762634,-0.24004740503341349,1.4398260950356159,2.0020146357218422,0.14779184154119926,-2.090706203830488,-5.20388815079987,-4.29501782526456,-2.4330385580043954,-5.353360473189548,1.071570976169828,-1.033426636474586,-3.818082628177554,-0.9975924705459827,-2.5612390786944887,-1.7267841218077682,-0.6101163179211616,0.5294698401569058,0.37673116822539343,-0.15612044332181776,-0.19060919585026667,-0.5714341621162028,-0.9986968897844402,-0.9052097299839046,-0.8520337403578204,0.001576469933209894,-0.39893753636102364,-0.6696304342063408,0.01030916289590362,0.8036408851832745
2.766038497326883,1.8073557319779794,1.0394661483782983,-0.8654475516970789,-3.1137328402222635,-4.168541134399123,-2.4336799057209086,-0.6324691926133793,-2.852459309736559,-5.552315424904949,-6.291327906089897,-2.7512829331584663,0.8230218349040258,0.7582240185948714,-3.571998199408093,-1.0385210316362437,-0.9192434798764038,-1.0295211235997557,0.24872819525007875,-0.32298020446186965,-1.2782613346854002,-0.11791424923186271,0.05513681316334985,-0.3352514069268927,-0.5392913361281398,0.4596499234703326,-0.506595725545701,-0.0910015806722398,-0.632842271772601,-0.7576350011212348,-0.6693027654003861,-0.6194550564604884,-0.10976358258054796,0.47550163051028965
2.886030599677415,2.442825562040009,1.9147963114174549,1.6232378901886355,3.4293436906015353,0.11639473655216188,-0.3392135055362787,0.2910947469880562,-3.2897279793048257,-2.1631234640984074,2.9029123404624615,-1.2015100775771639,-0.8017286905166553,-2.3886173407645632,-1.1207613760235764,-0.9782523984994267,-0.5888887107659401,-1.2719156309996849,-1.1790747967070532,-1.4143405737456543,-0.7737719178462326,-0.7349241509578723,0.19229887071995905,0.34409976175225676,-0.7485418076237579,-1.0957227034555366,-1.142272290584996,-0.8561928984439662,-0.6112479335585387,-0.937547504888367,-0.5096593344757587,-0.2482086853297291,-0.12067714299404164,-0.23802554169814585
3.7011524447486246,3.5437816187711157,2.291982035634384,2.8993183673563956,-0.26458504157384444,0.4786860490595127,-0.2510628137679767,0.2660502167784284,-0.17713367148196993,-1.706329385461444,-0.4203200522710248,-4.8876233413438435,-1.7278889258513832,-2.2020072619741327,-1.7852098926988835,-1.6312171595474183,-1.5666133467430965,-1.35570836867943,-1.5676819079118458,-1.0327029045705471,0.38840680989401005,-0.9369518671498814,-0.1311246026109001,-0.053317770055224964,-0.17604208421633108,-0.5120975038031699,-0.23963036535293206,-0.49098593978384625,-0.5342479397431216,0.006379125667995248,-0.4399462630827887,-0.9104944461410559,-0.7413792827449507,-0.31464799757685785
4.130991119253096,4.300281921064762,2.6977817269136573,2.6784862458811305,0.9760838659733441,-0.5684870122975422,-0.6679628363351477,0.27448657526913217,0.5050382913313195,1.002220821239785,-0.5076049035527894,-4.250364072538964,-0.9322976545514373,-0.9144613038736449,-1.857161604991899,-1.4729600699960357,-1.1253900427063743,-0.8449835471634568,-1.5726845078058205,-0.36126651754733763,0.05503277544085469,1.4294182544374971,-1.3284164140942007,-0.2953385685882973,-1.1268570782929586,-0.9896725129250904,0.023576958093004603,-0.7293747573707777,-0.5387508487668276,-0.5909485877175583,-1.0019847645158608,-1.7228863589275325,-1.1691893171481373,-0.7681061289372512
4.750936837287379,4.6701852557557,4.457024172643793,3.14566244910937,1.9636112717986316,1.2179167427602529,0.8383064589909136,-0.31118100564344886,-2.315291248313388,1.3782394219751004,0.18363703527145278,-2.6144010911556363,-1.516898656523454,-0.8160317625217959,-1.0280668588089559,-1.5227260977210826,-2.4367338854664826,-0.9247981748892791,-0.7611024123235267,-0.9270448375256652,-0.8041334225629206,0.22765410231864763,-0.8878014561037898,0.0060373881398949406,-1.2288800123492434,-0.36197762338860656,-0.7555295990896539,-0.9337964665599237,-0.8116283261247867,-0.8755406915991253,-1.6460569472688955,-2.2595309213948664,-1.2561507808175336,-0.8257005255401287
4.819413757142006,5.175755509310865,5.015698023749045,2.9995328849375937,1.8220936622433306,0.7570511929404871,1.2109137885588632,1.319447615341641,1.4997001762098936,1.7785993553686628,-2.1570734465859434,-1.7979221005780333,-1.9279636423547613,-0.5136397370801518,-1.268593804277443,-0.5496387688500148,-0.5352625917974332,-0.6900807314813832,-0.3872881447961445,-0.800417452847258,0.23240078766538144,-0.6586401698456217,-1.2073682564292612,-1.727848103294782,-0.7828399580078467,0.28672749971181216,-1.5119457325631414,-1.3401599703378777,-0.6553387615257764,-0.8935102731576183,-0.9198589455472312,-2.300391198081942,-1.7392634348419203,-1.6290378047192138
4.645174270281661,5.407980162420154,5.100768939770924,2.9972584831133458,1.2990597060420128,1.8397934412557024,0.25319273582274493,3.3271821700870388,0.7011294223541606,1.8057435364107903,-2.4845489759395893,-2.4950223025008915,-0.5395395963657004,-2.953380871054891,-1.367178276956548,-1.4019623753497705,-0.2287980924491172,-0.5321656973992812,0.0724465716452339,-0.039790235370253314,0.3969217137710567,-1.3960254872663351,-1.259241227633884,-1.1103008905186946,-0.10375706343370533,0.1529272943868889,-1.4416785912809849,-1.645545580311891,-1.352067859413784,-1.2541463986736276,-0.9240063791502539,-0.5830265980119821,-1.986099711661596,-0.7243578721084227
5.766034551343302,5.583662047854859,4.508724252597849,3.5292293122500054,3.059774109737844,1.486758313194062,0.627095475797729,2.1973682655686084,-0.29257117619394646,-2.2616001840234587,-5.1502509040351825,-2.7018350849635677,-2.4444914836310607,-0.7176544803018162,-0.3595181672598969,-1.6190199858828052,-0.7817756761331568,-0.8562469826268428,1.0060501434643707,-0.7070624223873522,0.3820840200249853,-0.8250835056368844,-1.0635781352131808,0.18845313974594327,-1.1710612915989542,-1.3161728351150292,-0.7982595483096193,-1.287694476794183,-1.3182936500638178,-1.7713441455858268,-1.6259891776520596,-1.071914825301312,-1.6004614776290036,0.07262403641890919
5.40767476164597,5.375182935991803,5.2707967994833815,3.9256652531290146,2.9912402748127733,3.850654062277208,1.4548930495379482,0.08077128823269922,2.4838306042203535,0.7693691794138552,-1.7095712395539944,-3.5198036422730747,-1.2862944374533218,-2.159291198701242,-3.4281546245620897,-2.546593251561929,-1.2869612855400647,-1.243231759186139,0.440907837554714,-1.1049362071078672,0.6503206196259934,-1.4030386610546315,-1.0229254768812084,-0.1478216697401098,-1.4096137235709059,0.1899365411860944,-1.4780959948354921,-1.8041657427143813,-2.112704986314431,-2.2753239060517783,-1.9962585524863536,-1.428692944946446,-0.4907266307491105,-0.041232010527430335
5.5239317114590625,6.052637976213387,5.923882724665203,4.578902534041109,3.674165126473835,1.8755501554321596,-0.3066222549815528,1.320053520621622,0.7240315084314796,-1.783923809479129,0.08326404969552961,-1.9979671715317924,-1.289531393222165,-1.4648271116338878,-2.633163993387721,-6.069183481498373,-1.4425900888032595,-0.7415657437956155,-0.6380805940919615,0.327359514735244,-0.8294590854865612,-1.0792737779597588,-1.003166008989038,-1.3012288764466475,-1.266052901391001,-0.25448645078724447,-1.8949629570494453,-3.759245766511278,-2.115975420433032,-2.033071244815015,-1.9809330646987777,-1.2592186835182575,-0.8917235563174973,-0.1958202145460344
5.534418139382991,5.6281809821513,6.063089433785139,5.085619611147317,3.9001808195382313,3.5649157677563656,1.0790221086849574,1.1207568909974799,0.35845630376588294,-0.6897286760303283,-0.14783837681545087,0.10849787575588464,-1.1797035176981603,-1.0149862693599638,-2.1543117129001157,-1.4931666241675716,-1.910544956138401,-1.1591826378361192,-0.8659363473924717,-0.3079379176187053,-0.3333288337217276,-1.8225475199941543,-0.8797222702063123,-1.0910041784317148,-0.8394689617450074,-1.650982522155568,-2.3103011449712123,-0.8391732372076074,-1.3982750454990325,-0.9590643320124902,-1.0826198477436422,-0.41238656354517556,-0.6484944460489003,-0.2660597397959982
