script/wind10m.json
{"header": {"parameterCategory": 2, "parameterNumber": 2, "lo1": 3.000054539987559, "la1": 64.9999836372058, "dx": 0.5, "dy": 0.25, "nx": 34, "ny": 52, "refTime": "2025-04-25T11:00:00.000Z"}, "data":
[rows 0 to 23 of 52, columns 0 to 33 of 34]
3.5737425401263287,3.853784491830014,4.685639330446538,4.712861323973146,4.634717945940718,4.53395618860409,4.609417598406649,4.962772230099734,5.145003816970995,2.9828993507283585,6.274483264012045,5.070812835251473,4.814332893938358,5.148930343978749,5.084458599552806,5.021629863853526,4.483986330264622,4.648731640226781,2.3565476769834013,2.8171772868681635,4.679405020767679,5.008675845110192,4.259709591758291,5.077384895774649,3.6562597008306645,2.6004292063661487,2.3367977635719477,2.42123865346609,2.9300995376385113,2.677134046399103,2.29763937795163,2.342701694991442,2.259456889710023,2.126311413100517
3.7975532189774985,3.8118757522445033,4.016431199579197,3.9272608852372826,3.881176355691272,3.959821370412278,4.341830820723943,4.570531134424463,4.843121672206584,4.566844310042946,4.660916397675607,4.7078502793242745,4.731287442541068,4.691513599458038,3.875253566811984,5.3753824340712795,6.059148889295605,4.11631981629705,3.313599394338774,6.585696397798497,3.255131635196007,4.191791848045663,2.625629917922702,5.087818744082168,2.573289090923401,2.3910469640365397,1.5293614797296726,3.0691042361250602,2.5461392316092732,2.2305184351867267,1.7404178857540602,2.170075689560552,2.128504270915405,2.2079389330768016
3.672015375883374,3.0476386179766064,3.1070355807406433,3.112829507397348,3.211991455096753,3.4335559341131248,3.6632830049942875,3.20025904066437,3.4718713459752104,3.512810331761051,3.90382569247424,4.4533380537074505,4.754026094956733,4.77648874829631,4.487239644113711,4.706553665192742,3.214220328884245,1.9517680727557574,2.8403681981340005,3.232862276111138,4.881885540227099,2.5779638389382,2.6341503452080093,4.0044967458852865,2.4708087310020903,1.9811715737528472,2.4629066477471895,1.879850002093671,1.9133516746488004,2.086338359613184,2.004185650996557,1.7279209803137,1.7582485165844264,1.9900856210004305
2.5347456668714385,2.21063189772074,2.175184262842916,2.570447526844679,2.590255633976283,2.5506359588346004,2.7336768245063783,2.29247872791818,2.533223707598786,2.763795381786818,3.463246058218524,3.2685053514032663,3.7975648029104305,4.524035987451444,4.7876877366932025,3.6456377047803707,1.9993265740536768,1.677096252086332,3.978886316282891,2.3953128348037964,4.675811314560724,4.244098993665213,5.704409213104342,2.6567783017033864,2.4149287958633248,2.391515242620609,2.251784960229346,2.1256031863332128,1.922341389455882,1.8572449968721827,2.0151400349183155,1.7986482551801182,1.447945415726733,1.9587966540219255
1.6616209339562609,1.606766004109426,1.5622925495109057,1.7893755138414735,1.706036582808577,1.5240498001611462,1.5585728139603552,1.619848371266786,2.007875587048608,2.501342685762952,2.3044864433030625,2.3399636303101072,2.8405023691115714,2.588441765662484,2.196529398537931,1.8903261745599396,2.6106066489817996,2.1283777383190268,3.8524820446218784,5.638103514791558,5.073461064504631,6.708234266248227,2.415292357357145,2.5698467654338724,2.6732360218286213,2.1716421098969523,2.1345284499320467,2.1054652199889734,1.9529123852185946,2.048475239811787,1.9385658173393674,2.2200450289619114,1.19682864343333,1.3882785950871173
1.0903060214272586,0.8341565679333329,0.5001303749947744,0.6782425930351109,0.43121067601199076,0.19790778255859076,0.398785064321054,0.7961556102345738,0.9987880186758159,1.245385815410975,1.3572673273137361,2.1833627473075983,-0.04530912977328515,1.9157404254416943,1.0311776261698697,1.5291410504522716,1.8520528341570983,2.7601225944954506,3.879446649713864,3.0846450052814194,1.961415993012074,3.398790776468475,2.347999521718378,1.915769586584916,2.3586887783492307,1.2882212597407605,1.7027344383236491,1.9949291856475626,1.855810318921346,1.7283000489310174,1.8585595746097896,1.7851239848685174,1.716648936938755,1.566083780243456
-0.17803701711695494,-0.5431965993376486,-0.68401600306911,-1.133831401515602,-1.0669985826873478,-1.094648834736511,-0.9272424469076462,-0.9071332135346292,-0.7298139202204499,-0.2790729041101481,0.07107791019651036,0.05851729604213657,-1.366174844481947,0.022273834456231364,1.4733221265130663,1.0358995026544715,1.0308714703365265,1.4943890242902576,3.9509728361974847,3.0565742314970143,1.3925546743222088,1.922865938592378,2.0208304718312187,2.044939075111022,2.0285662320643776,1.8942577667948493,2.0712486632110303,1.806682999315328,1.8266983813549174,2.423156278188154,2.0180747798517484,2.053768310786471,1.3859065326835498,1.8932305446091515
-1.7342757496356282,-2.3080420962798467,-2.3083420719005803,-2.4763497470378306,-2.4854747593352524,-2.4295301445047337,-2.5076859565534706,-2.2694426141835384,-1.693010619807894,-0.5978052151278799,-2.6194283166332575,1.6589013793186989,-0.999219254070552,-0.13899330137958416,-0.3636722656488979,0.35571319567099463,-0.42316101270717416,1.9477651448852644,2.5822102672421843,2.285153129255843,2.251662179618594,1.581134031385418,1.661176165022086,2.592349056754562,1.5480327317822657,1.5243627817306487,1.706889552791018,1.3221305710622273,1.613848815825409,1.4905914423844313,1.6097465483963005,1.6267767806543711,1.6333458614646859,1.3088758663075284
-3.1518110687647023,-3.320407945137196,-3.4702434998062084,-3.9253740523066427,-3.923031166036672,-3.5942439832595325,-3.6443929662834185,-3.8459716225122262,-3.36929427780218,-1.0990442446376976,0.8496664525193175,0.16049981263416563,-0.566182814399161,-0.6042036110040908,-0.29864370413315455,-0.7186026132664352,0.24758784389347027,1.834956583888721,1.159898009713178,2.6699668882944807,3.2865446742067985,2.3175013610701036,1.0703102448649935,1.666081048685794,2.2429568666175816,1.775792264290741,1.3031686804120244,1.4176238994478358,0.7426692247552152,1.4434914294775445,2.1814646282119194,1.9486372735455877,2.1200180810909157,2.4931049556849727
-3.974797944863927,-4.378065769192994,-4.833842577472179,-5.154042119985486,-4.711457641834397,-4.260849948244085,-4.388624239768438,-3.5611857096135258,-0.018441046136057994,-1.2786698141169208,-0.9577872528578621,0.48349843462985764,0.726349267576526,1.9509707474110474,-0.0056324102900131914,0.7988144001108893,1.3673704263659958,1.34052755720709,1.1977182429713504,2.2545540184827617,1.2624944706147996,1.1592119482683443,1.3631150764272657,0.3832456836907039,1.7836514351096728,1.9520293859088833,1.1980275881395845,1.7180239809718318,1.9246353811757666,1.6754518129855993,1.3060782824575903,-1.0365785131995546,1.0340681208558864,1.7570384005691697
-5.166043489918562,-5.38558797457855,-6.003677638231483,-6.100556275390292,-5.4348470834162095,-4.990131394205269,-2.7532329073453847,-0.4442861452900204,-1.2984832278549117,0.16414756206322334,0.8936389603004953,0.3361888213576687,1.5321684817293497,0.9351299261666591,2.0769676078280104,0.33321704703861654,1.2000078482746943,0.8518271880426528,2.8093546012570703,1.3663877892377643,1.1531579943778365,1.6039612389268216,1.415472947213375,0.6258392826760586,1.4328406326416316,0.9852069393447946,2.4127898057088917,1.5304056836925302,1.5652801665223672,2.232113703097903,0.6293624003470961,1.2659685750901277,2.1831654345885148,1.3458985034748177
-6.235763154503676,-6.369500532464862,-6.811795731388408,-6.89179362336731,-6.329513678463073,-0.8767936887271008,-0.7751118192448136,2.083730048354373,-0.09917439540811686,1.6060265385016719,1.5623766091451747,1.5106710225651026,0.7033141320653483,1.7986342622389941,1.9437611693504455,0.6894491509208757,1.5157941695667048,2.040233617630644,1.0104024510673144,3.5105867723210484,1.4504245720111566,1.2614684736148736,0.3634457797377687,0.3144758139935483,0.2707327965639619,1.3203026050322142,1.451694380630606,1.278051954074951,1.2334536689989388,0.41049460005615634,-0.03339883308966004,2.180398031234553,1.636871731629213,1.3461836638724416
-6.943764314409634,-7.167513574340923,-7.514109104991986,-6.731396007194607,-1.7915740223784107,0.4127265835338745,-0.6050086966795435,0.8014536193236863,1.8054237147914942,3.4470187320177574,2.886379916486485,3.0179389571354136,1.6044551761258785,1.732114299816918,0.006552195861351076,0.3414935131030144,1.594773804848296,0.45920382874818955,2.4509728756028313,1.3544053247162813,1.5587925450163194,0.8185723552795833,0.810313847298553,1.3263821686239456,0.5769421693585904,1.6983798326148956,2.190010216999957,1.5324123425890919,0.9148310162142443,-2.3105770667627152,0.46074888172119516,3.0406058845987634,1.862376468537396,1.3563871411873523
-7.169975787809057,-7.367439966224605,-6.586868829288299,-4.012677304087571,0.55492534831324,1.9963017184105878,3.6017012263073003,1.2243240055626596,1.537404091264542,3.280825055759427,2.9854493158047513,4.984354050747914,0.6437637722027673,-0.5994739125171261,1.1073906585121989,-0.4015381298263806,0.949034446689374,1.0571730853126031,2.185577564042737,0.6880491262237913,1.680760557056083,0.7973586202271458,0.19149853521855426,0.569246829500682,1.1251512094805278,0.6935832094228747,1.272572840604986,0.5337428790149508,0.7570014904497767,-1.7726333493342563,1.0982398466153123,2.614672903675234,2.044632689552142,1.390669614447567
-7.018496071353633,-6.385689642788407,-5.173054530976851,-2.241010576390279,1.648091690699837,1.4589449611732699,1.3113263026945525,3.9983873237363685,2.765321764928461,1.5531186405408655,2.593160076335145,2.9246272247831717,-0.6396983345951819,1.2174922372883623,0.5294213565132867,2.460090834434571,-1.4980017091795725,1.0134298651733165,0.6939561245132623,0.9325854356403824,-0.0036717443606273065,1.7585986480132891,1.230609612157147,0.6710893502475362,0.47768882617136127,1.2693140004176025,1.094637597923119,1.6299300670715404,0.35467918359110556,-2.1781428069679336,1.067194511458793,2.17901734966823,2.0658355904607513,1.5370465288567319
-5.945410969069447,-5.078317729714626,-3.81769537115086,0.36094816450472933,1.98227241005008,0.7819444667715584,1.4130002704170783,-1.2910739701713663,1.3481527986047033,2.715394840673765,3.9220542211188407,4.6875191773296665,1.286581436024949,2.6376225973921263,-0.18446417511327662,2.0472386315117648,1.275319142355008,1.8158773450198598,1.0760808295854065,0.1633313931478098,0.19655975441309945,1.760568925975771,0.6425427964374919,0.1079818761840108,-0.015041736933976525,0.8335088082275234,0.9647995383891891,1.0677117209872153,0.27521860248479885,-0.9045922751637634,0.9506059503668864,1.8584870167090797,1.7810221929806818,1.7276626513142996
-4.8126151600997895,-3.6205157731918893,-1.9225721025792917,-0.7742004887811949,0.42206131796045265,1.7383393779284437,3.7191405917413407,2.2841978250426895,-3.1513000435735745,1.2502648734921815,4.716461423989044,3.875584941261164,-1.1038537772411943,-0.5117880758453898,-0.7187831634521955,-1.2808137789455147,1.1927116221547112,0.8441329391056629,0.5322266077196915,0.38128139639456843,0.746267821110836,1.1081696766095788,0.9491111274729543,-0.7716758188719234,0.4020621307634066,0.8489749293700133,0.6320226590505842,0.6482188431167045,1.3874301047675233,-1.4615052068532464,0.945364889823777,1.6397997223530931,1.653790024996815,2.014496485702517
-3.043469615165516,-1.2848087612350305,-0.019221200014694715,0.16818744916733216,1.2758404876706406,1.4266608446814641,2.4898746593178855,2.124545592675549,6.914197740937214,5.856752217126117,2.7240485753256416,2.311137168745556,0.22861643473933158,-1.1464254660685704,0.38573772213524166,0.9165154309075266,-0.8618085598616219,0.9152065815022402,0.4542181760771277,0.2597497302557897,0.6989831236663967,0.6508168141797496,0.39494753296095036,-0.5491709197307643,1.3177091537967227,0.6932874313202338,0.9746987382445711,0.3742244948707228,-0.527504231211364,-0.9641453632745822,1.3032195183411017,1.6116959297779274,1.715375217870034,1.8559173969351286
-1.3994298636701268,-0.22867670571986942,1.2901993193866461,1.4454471598010723,1.6570046206204059,0.9688717939836302,4.862368231699242,2.025414319338349,3.095460558850285,6.150790435878764,3.0712654855279453,1.8443725955611259,1.6910137344950855,0.9094007925948155,-1.3461646165867034,1.3396734303788522,-0.011341299785024853,0.6229333104003993,-0.5206899644443864,0.5538055126802602,0.45187731495157496,0.27048582123258247,0.27344225284835616,0.37236632953086435,0.11148205784248881,0.01613433515336328,0.8445046403302144,-0.6744853687364748,-0.08452614484468844,-0.5862217026382615,-0.16401970884568204,2.1636596884586123,2.3704489229590973,2.143412524007476
-1.0769626106017391,0.08656458337402358,1.5690415667819695,1.2941013523832947,0.9343987982909686,2.15065312479475,-1.5115260234360737,6.369682686342257,2.7983863473675603,2.3706652598009432,3.29172333697729,3.8090416842364707,0.1800839994303509,1.8204592581747574,0.8566086232670262,1.0778044810901084,-1.31646776074462,0.7388344729850157,-1.0000967199103838,0.6351899619366879,-1.0341061463099779,0.24492845852630737,-0.15038650781482385,0.16703475351649927,0.33593884186685713,-0.37225339603464613,0.7613638210167272,-0.26692021137641203,0.2642949690081913,0.1579072461612828,0.41550528181385926,0.8463248486069851,2.985166880163008,1.5100701843810345
-0.8556238474385682,0.21399529636614303,1.296060760022215,0.09197932522830429,1.2762741419418397,1.487180958794189,1.6210444254614846,0.7664985442203343,2.7529117817970485,2.422199096487069,2.8207229565047323,2.061719123106599,1.5501986911388763,-0.649186711688105,-1.7511551624811754,0.7885728075991673,-1.1883529921415956,0.5320198472044261,-0.8696076622960267,0.6743111948166419,-0.7428683210130155,0.05776776439392315,0.05224848787935617,0.029840465735267767,-0.1684762277951058,-0.4682995665875538,-0.08326625026365404,-0.25331500871213714,0.15143090659528047,-0.42865691124018573,0.3804273111363903,0.624320896707049,2.327336220219308,3.7544780753667575
-1.1748219848108081,-0.4402385259193136,1.0818799131805406,1.7341920993980282,2.0813755344223512,4.891300511328692,2.7120122870824863,1.1301077194988476,2.2269188599552177,0.9789722801019792,2.001728037989215,2.625707300172585,-1.3332509418772245,-1.2097116121460267,1.2911803366437256,-1.4575690039479718,-0.6412229274863391,0.5452415397603734,-0.2993149590019322,0.21076790249072844,-0.8259865572872662,0.3156213620358191,-0.38536351670947877,-0.1366256690431976,0.010043906726811937,-0.7374039930640649,-0.2783128473376105,-0.2988383591736711,-0.12010120890356796,0.1678645476425655,0.08219243036312734,0.1497810102871784,-0.3639404236374524,3.346143336518706
-1.1366187950247273,-0.8163619631464691,1.0035528761330492,1.2395482342014248,1.9947596777790426,1.5146996787740643,1.9283579954080354,-0.19573974064652264,1.3817687421442615,-0.6667302366858773,0.2411139266080762,0.6581572794209016,-1.1422275491088973,-0.36360777078831563,-1.3823791053550518,-0.3014968489431649,-0.628609856235266,-0.022731376938231036,-0.5450537557273439,-0.15299058510135274,0.10579007776374622,0.5486986780560578,-0.1770788602514376,-0.1857756982184277,-0.033150209420378926,-0.4294065384634334,-0.4572924750882991,-0.34283990029454164,0.5525023850563554,0.7632987958821535,0.7045513750286229,-0.06211375629018024,-1.8637032218842187,2.8076940296114135
-1.0107671536659866,0.40251448253494815,0.016608125142895457,1.3262533806154686,2.853517366284292,1.3508251729118177,1.9349197480436389,-1.2899348894449285,0.5816762442247064,0.48723343797825924,-1.0114970748657033,0.547634894495177,-0.9230549353003381,-0.6232128781834901,-1.5351184051501152,-0.07198105355691772,-1.2234456588583822,-0.3305494536389818,-0.02492355758611194,0.47415268149163087,-0.39486544824759984,-0.534150018409226,1.985321993695845,0.5701050627807012,-0.7417257285423327,0.9310275127587188,1.0804312789357533,0.23608187758145563,0.1345473184248802,1.091112121235046,0.8882675381994553,0.5705541460536381,-2.3846392286382128,1.991681020171305
