script/wind100m.json
{"header": {"parameterCategory": 2, "parameterNumber": 2, "lo1": 6.000198445256149, "la1": 58.999992894266676, "dx": 0.5, "dy": 0.25, "nx": 22, "ny": 24, "refTime": "2024-03-24T15:00:00.000Z"}, "data":
[rows 0 to 23 of 24, columns 0 to 21 of 22]
0.666942693075363,-1.4234110707805483,-2.310778340408162,10.309942924367807,7.7469433543748165,2.1382952230018986,0.5647845761624071,-1.5962333935879793,5.807765691390956,1.1268014770898107,-1.198491096793239,4.324509178450955,-1.6451516662229568,4.182150358339273,-3.427561753074799,1.4648266943946602,2.0758042528806944,6.802110738504098,3.5391744111752277,3.363341668563445,3.236255228564382,4.928869835636221
2.5324032999010475,-2.547729689042461,2.0486914986451388,5.027562223336445,11.823198373243654,11.664967639793936,7.494458649994031,4.844059672642723,0.2050234718321784,-1.4549991092446384,5.799382209935659,1.0833746659979495,-5.012414557831211,-0.26282410922518656,-4.778740875086222,1.4890160558665089,4.758415732485142,2.9423893896464803,-4.900674891583282,-3.161306982551393,-3.2353163896051296,2.0488474697014434
-4.583992653586206,-4.420605241995105,2.671152920221354,3.178478241304518,5.372284657692666,1.2627158935851122,3.7352203151156473,-4.2345877229003195,3.312887930637001,5.984658016600461,0.6342185907148824,-4.730607520220105,4.497898013891295,0.05224220764420516,-1.5901988493672008,0.41792666788146143,3.459702545483292,-1.8616816462378527,3.5655807077941795,5.047178547865687,0.6640089651025266,5.518701328836191
-5.578957352154063,-4.831241427836978,1.2598625803576593,1.9790270572448998,-3.237072693599325,-3.9847428021392113,-1.9168650128485456,-4.538025209302099,0.7975499245595256,-3.86079561317592,5.511033356241667,12.631669668302472,8.752210154017163,0.04247900168955826,2.7407383800727008,-1.0853028016269786,13.098159122573957,-1.0925412349775248,2.3648059422994585,3.3699024071771393,4.643045222185929,1.933625270792716
-3.1282841028118535,0.9807776436468074,0.9466701120500386,-1.312199330296602,0.6791290696989619,1.795817218536665,4.775162501458077,3.5834193106624435,6.99805638883104,2.999590376158447,2.8057486717798876,5.382598915189872,0.4551020602127299,0.7675827241207307,4.42108214651116,1.104988333735187,5.728822565619617,-2.148527222200925,2.2022107615072546,-3.4493259933427662,0.6695839682229687,2.9833926844636696
-3.497134545881179,2.9739420829656016,2.2521665160063344,-3.9066835225641467,1.9778071645526185,6.294927040706994,3.4657951523910993,-4.711005909844459,-0.3832955404685958,-1.1912009354220892,-2.362314557149544,-1.0046362548707826,-2.808721818732962,7.917872990549933,4.398826832372234,-0.11578155738767892,-5.825783522411592,4.553396917285398,1.1715245152319667,-0.8501224275171658,11.110813903712916,-0.7836156685786555
-2.1400795853594263,-3.231265201478729,-0.8962762882519559,-1.0348669513622724,2.967627994299462,-1.8408830840593677,-1.3702620099855647,4.809298487597833,2.702317971636219,3.554968944008862,5.740385002535158,4.339204000867485,4.765176903227748,4.480016935788667,4.832113388594634,-0.031104694940307355,-3.8754589178378405,4.426157756967679,-0.023771413468249743,4.055807252710607,5.8729812062455,3.964983229681818
-3.716286512242485,-3.1004620396003353,-2.248528637712178,-0.1505750344205111,11.840978372488648,-2.6098697782513396,8.024813989647322,3.6718806485420847,0.17000500319468906,0.3037346031808875,-1.7686788659347683,4.357544935659177,12.275075065958934,4.4841035991056755,4.324904751859748,1.1862549573474084,-2.5839983899754904,5.0157819857504595,5.265727784187329,-5.1107321821884595,3.100012518873201,1.8177853173623169
-5.132987262438162,-2.11113628006425,5.159303730963903,1.340205479268518,-1.835063288667612,-1.2308753501846093,4.335897567206292,-1.945169889681,5.763915698324693,-0.2566141079488017,-4.430410785439614,2.132661955940295,-0.5236212239568565,0.4782639080004079,4.449511803794917,-1.292752005500546,-1.1142554796656468,4.1726013078846655,4.840815713713217,0.23174137046342977,6.722166037218042,3.5525576721549497
-3.4795514499266074,8.141590712047083,6.702196421553777,2.986317081922804,-4.871310810654619,4.641851948797604,-0.5895932284401052,4.203287914750569,-5.210732034190289,5.9208598076902454,3.839029399523538,-5.202626017043038,-1.3606464701162466,1.30224207548329,-0.16718945486826328,1.6389796318701593,-1.9046256358769056,-2.7028497139990657,6.838271957678607,4.373353761260405,-2.271315313223646,11.356653082542689
3.3267279299853523,0.8243286945451196,1.445452844752759,5.671732194487761,-0.10953817556310988,-4.596042643566221,8.657791226040061,-5.883335081991625,5.752415830892466,-4.2355016223150095,0.6739351588016701,3.6778854344668575,-2.1350505563722124,-0.39242013792901514,0.484002264090343,-1.1117595273538352,0.5397456371489563,-0.7233134403537822,-2.1578156441339287,2.6325950015016746,4.369348176167049,3.5751036273195287
-0.5519727404108077,2.5893273252722437,3.097419323562447,3.305589193028228,8.934521101443679,-0.026898395271358844,10.847382568802242,0.3531885695390546,-4.071813928038063,5.3278758738439755,-4.959173308696319,1.4601605792537413,6.897845505181942,1.074855394041262,0.09001485992734812,-0.782971076951457,3.8666014872441026,-1.4175690793689006,-0.06954571765469537,0.5939527407715381,-3.635491733562529,13.118536615146743
-5.678482858045872,4.146003556728566,6.109777004977866,2.8439939181313543,12.112556903781007,6.451750342144556,0.12664801018964417,5.057442667017301,6.318023912292873,-4.07467518093833,5.32260580593367,-5.125276839606266,4.278021485676643,7.462350546324425,-1.488665742888134,-0.8851984357863056,6.372293516498547,6.419285303105387,2.9071411492297994,4.9695404088509365,3.4316522694281537,4.621443487344962
-4.014332937359486,6.182324636600493,5.375305567387239,6.727912607668065,5.184912689158597,13.41920318504555,7.915901644759765,-0.14189699147546636,-3.536564588818137,5.813599173315743,-0.8227334701757686,6.180727333883087,-0.3324301152311924,2.065659601569448,0.24896861132679565,0.6843747540496393,6.463537098412382,5.769756986404471,5.772103790337917,4.116510835320581,9.69156381711117,5.65749661750424
-1.3042301763300628,0.6153995203833962,9.140943958556624,-2.5402629041176263,-3.572872582664784,-5.612266919652821,4.911639925034984,3.427281200304675,9.605047220439973,-3.1104759220505827,-4.735117168086474,4.651596742360048,-3.987935437090202,2.2248081671277418,0.13914053796638148,0.5036574641965106,2.286972160537667,0.5135756355828095,-1.8981571791172773,-0.8926968713089716,-3.125777084065508,1.4510904980302815
-2.7500726584485466,1.5197348369753612,4.163923821832165,-0.3143182001037734,-0.941094338243234,1.2773816297503942,1.4685215237521865,-1.9991577287817621,-3.773512804724202,9.934873660730076,4.525907058794044,-0.8314526363103425,3.0912041313630145,5.921383836927346,-1.6244270301272665,2.755630228546872,12.032988958117885,-0.6601191564688866,1.0765239719995183,3.551650296530129,2.66124789910151,3.3117049558668774
-1.1551478384770473,5.99705449942613,13.478104218707461,2.566327476364188,3.586451920264059,1.8110487213983366,4.65403916340451,4.58076299660538,8.488123027801585,3.417102699451267,-1.209920881743733,-5.422196258786883,12.302894940546896,6.442102519420569,1.1966390683801609,-0.2741355611356054,3.6296739751110136,-1.7053656286648307,5.135749372290305,3.3501775531203126,-4.278663957644638,1.787592797834508
-0.1613711638806864,2.560652747787176,2.618049392957761,5.749108660483808,5.185055186715393,-5.5335348664762325,6.303700248732649,-2.003447088930193,-2.736409901086733,-3.915906271769353,4.856423413205784,5.50400555394274,4.549878384867172,-0.5661145213820804,0.6207802356454427,3.1554736378424395,4.490527610103391,0.6236027195536495,5.090742083679111,-6.11701295630105,-3.1974317130519725,4.749593746551626
7.494335768505786,5.15881692054701,7.064784007610859,5.201406849228049,-2.1724828727190983,-0.37621873014494556,1.5687746178931226,6.4697991898157445,4.1011588683885245,3.600228480785981,3.2678368072694464,1.1926718153442344,0.1887206304851293,-2.8366824970998143,12.159321418995733,6.176713104773202,-3.7520550619159856,2.643500258618814,-3.0727351367476308,5.5785472109097585,7.9864583757069205,-0.6735920138442149
-4.919377496989448,1.3715094997084973,-5.400605015902952,8.152590583336476,-0.34735591727371845,3.1447697354538975,1.1398271360063266,10.408631358715125,-4.7472234371515505,-1.2599428762551061,-1.285857444030465,-1.2592213215915704,-1.8300249650275384,-1.3231579364535486,3.1866355951604284,5.013060691951062,-1.1464345132304634,3.9034429123016245,1.978588846864329,11.15823356727253,-3.0922548693533773,5.293513436599542
-4.457231048773344,4.944107967476032,-5.501993473984336,11.367966300341074,-0.3788555590839232,4.581457345640632,3.9167651075024867,-0.9085982961040555,12.243256625334785,4.032785847997063,3.8688882950291448,4.423274919156063,4.213203751729673,5.416777310972249,5.277239119542379,6.316348854514938,3.183167927881589,-3.1387858935802733,5.243324013678903,-1.6403285895888995,9.366276428993404,1.0568591428307477
-2.991630955531106,0.525106215586778,-4.954926058785262,4.372369058185486,4.402700352252465,-2.4562558048791105,0.18610176126173106,8.669404719940248,-4.852854969887061,-2.433245052100233,0.23398206908765234,3.079033622332255,3.1119923506514433,6.154244545070536,5.087267606887391,4.238852705530028,2.1717406312914203,-4.675907375943823,12.573800348328454,-0.005590000098866682,5.392371938455115,9.330371626915214
-5.156176494940874,1.912523561936917,5.040224022030038,-1.431632282605172,2.602221166121006,0.2690301032359728,2.2570589338463325,-3.2756443487379894,3.5426491149007315,3.8866689512765245,-0.02641039523820355,-0.44891659964039,5.116455739582914,4.533698235414519,5.341825272755391,12.741643524948161,4.067844520688365,-2.169298774212523,-2.9068416506904367,2.1947691857773544,3.431170566775707,-0.919049520441512
0.9550083844355808,-1.5465986242914116,2.271368459164877,0.3018571843704287,-4.1551878531501805,6.251557597500684,-3.3102118117686707,5.216625538968424,-3.4356358531948614,-3.555343438365477,-1.7832669672658288,-1.1797484463383616,0.08457772999368239,5.602514954658352,4.539153653290346,3.8900525379666977,6.528680105592776,3.454495488562728,1.6736597666831199,3.7766019526887735,6.567506785244706,5.584037178511599
