script/wind100m.json
{"header": {"parameterCategory": 2, "parameterNumber": 3, "lo1": 6.000198445256149, "la1": 58.999992894266676, "dx": 0.5, "dy": 0.25, "nx": 22, "ny": 24, "refTime": "2024-04-22T05:00:00.000Z"}, "data":
[rows 0 to 23 of 24, columns 0 to 21 of 22]
-3.9819809897565945,-4.426296782119716,-7.64249609778439,-7.301893930337567,-9.137908834451206,0.08750770037597666,0.20297465999032324,-5.1645932377282,1.8866272731516334,-2.937981733360726,-5.259396103939455,-8.707230636961441,-6.6781397801355,-12.232977168781025,-6.983580576675403,-5.201978864525261,-4.273067880171888,-13.861658276163203,-0.6304565415615944,-4.861160318433469,-1.7994142460375673,4.805181988300554
-1.9635709833149066,-3.033565935838234,-6.343174674800213,2.175104559545695,-0.41870863389751006,-7.369871962222208,-9.18907754389944,-6.957621874221891,-2.5493173383211074,-0.675144782250387,5.740133476952494,-2.4352123800170435,-3.855089356697299,-8.988532113140606,3.3264966723543417,-5.443076316421917,1.8808267929917843,-3.9679532547936,-2.4823295231078433,-6.300915586535009,2.2651146998777976,-0.7656317433098665
-7.347666480720202,-4.594081385904411,-5.490563285384966,1.201249554448725,-1.4496037540650826,2.1384688878828464,-5.798870915048096,-4.164408733470109,-6.255427614802139,6.492235515890559,-3.7550929033336526,-4.390498403222267,-7.829561855348023,-4.716241680379056,-6.512538095118342,-5.743655955124842,1.8883880339587351,-5.166949241786209,-12.264692052666057,-9.837424855312097,-2.83125530534442,-8.300740362176896
0.6691365169327314,3.4295217449806783,-6.92772968402762,-4.837106436008145,-3.8444475437781,2.5646660701694746,-6.894282417939581,1.995577149957422,-6.504481224172707,1.9191908543966147,2.3740768980364937,-7.415457445661102,-5.0850219218758195,-0.7858408730185859,-0.48784572927844233,-5.202220353791677,-3.38445224092553,-4.37126983637028,0.46839667167403515,-5.77329737931952,-5.3545986353097685,-3.53690439769625
-1.550663949807541,-2.3984432976652217,-5.302109482669081,-5.816192837881155,-4.657675971069376,-6.937676965948929,-6.884264647572206,-8.801299442709421,0.02826482981611765,-5.16211923649869,4.212732198436941,-11.376626883123674,-2.570855993007811,-1.0923617455639814,-11.86021344175611,-4.068489917714628,2.948217660245469,-5.729683509330588,-2.701085931419482,-2.8121299100650443,-2.7878878399927562,-5.866370418948408
-1.8455423006634954,-5.4757022653014875,-4.759219785195272,0.5564729033193968,-7.027828115365526,-7.157948317075505,-5.180173753913065,3.3361151690261277,-5.558069862557624,-5.97107324091879,-1.5320398302853755,-5.051787145792231,-3.892691733782549,5.392590004328766,-7.336146949439579,-3.1683356710362296,4.284434102102949,-8.160589721252137,1.8647129701317693,-7.115116112978822,-1.3814898434382665,-4.9849934104296745
-5.0454935919379,-4.05677188772323,-2.8949362594599237,-3.307609700710285,-5.3383017875106615,-5.471075479654204,0.4126164802685936,-5.3497784022999335,1.8285977725827292,-5.682206666570309,-3.3523456334228805,-4.558887548578495,-5.690180016497991,4.939282878675984,-2.527788129105857,-5.555549756860812,-7.746586072082641,2.9795709268768094,-4.71735155352478,-6.371025193695949,1.5228175476735584,1.177232308431934
1.5710444346432306,-2.7461400449283127,-6.873635732700867,-2.4873369568650454,-4.152465010779417,-6.166529031375204,-5.371019054155635,-5.13954017795428,-6.098621737713024,-4.796136254280384,-3.202246532792517,-5.83371537259232,-4.111179825235945,-12.69022686280461,-6.511203583028242,-4.780882083385673,-1.178642681043181,-0.5547525838227005,-6.12200967921245,-4.620738420623372,-5.370955580243807,-4.2184056130932
1.879706363017636,-5.231198574031694,-9.264077178968735,-4.19463247265296,-3.36670560700117,-6.403387501093017,-3.990292363486711,-7.696742527046084,1.5622398843596574,-2.047990540638448,0.4792074060985414,-6.20384673529714,-5.862023660106733,-3.764211159290256,-6.606965983831508,-4.86272727247674,-4.015663914194885,-3.3396921690062715,-7.3176842449776105,-6.44447919762405,2.822077748837735,-4.52214865392657
-7.32810555907634,-6.314479794010018,-5.924889898632632,-3.681077926431135,2.5345163225394836,-11.505848837576252,-5.299998736258843,7.4948180745861634,3.6474646284137333,-7.05177074254526,0.1297288550353201,3.1638530339606437,-5.596057862974169,-6.542672204788295,-3.3501305652331976,-4.648863022303975,-5.751422996084932,-5.9746196456412655,1.139948611408797,-9.314867101215423,-3.3396307316368157,3.9171341113416993
3.1923306509840463,-5.875861497859178,-1.6285627215135956,-12.060368332462046,-5.404245284403596,3.3037626196007666,-4.845265698610434,0.5765091929956547,4.5726866670554,1.9869614791011376,-5.2554639885316785,-5.451768133723064,-4.821797184655563,-1.378766924436367,-5.8645724097964,-5.105148660147636,-3.9569827013699794,-3.194222073045997,-2.1981721721639103,-4.5033429398108735,-9.182212519680819,-3.0277077594058324
-5.408216671532661,-0.5518394023803131,-8.263454836478127,3.3950208629611254,-4.841967173111156,-6.484375277776556,2.0000117706955085,-8.774839509810139,1.4176616531887025,-11.366388833377794,-7.5291988971669115,-5.66035814948507,4.564841545364544,-0.1088489888317422,-4.99924852565979,-4.08575572520893,-2.641221477597752,-6.7774561483573885,-7.9754372257148,-4.081097094003239,-0.8134459118322652,-7.775369934612211
3.9207453487508315,-5.723926875039886,-6.33084940798613,-3.463495847395267,-0.7561015489789457,-12.825824118305299,-12.00236589757738,-5.6487212913268605,-12.099527560499435,-8.791859719945636,4.136458717417682,3.024449167377198,-5.9151042204915605,3.566149104006474,-4.802621822900134,-6.1253192416232,-10.432518248360662,-9.444926428047564,-1.3820777066733465,-2.93121230611612,-5.253945491601625,-5.080907136612286
-2.5947857356323665,-13.492230071039765,-11.815272229957747,0.5103080627849227,-5.5801139532542,-0.5587527457937962,-8.749381883281972,-3.0463423559430605,-2.759702118245549,-8.86449993961095,-4.1761977169408215,1.7164373759460136,0.8910277880122693,-1.7285076893397786,-4.600892231105582,-4.237541301934413,-13.033811485798044,-10.205271928868015,5.045803796362642,-8.379701111214896,-8.72386655311601,1.259985691578171
-4.875356537897277,-5.160747452176167,-7.542495897031466,-1.556185538972617,-6.365857398655061,0.6827748422561872,-6.229927100109346,1.5484439815626363,-4.770031580472102,-4.942724628156869,-7.77900400458058,-12.610499263285687,-3.0184388404247895,6.867628622275464,-4.2681854422182655,-6.309232162442107,-3.9159503291600224,-1.7845697232492295,-7.65807165885779,-10.718827390127878,-8.322658706764651,-5.169577146937561
-6.171154163789139,-4.349980944612387,6.244218161696678,-3.840169635176817,-6.988361072063576,-3.695573870210402,-5.605346759639243,-6.043320507835814,-5.090236592666835,4.4501921195292375,-6.789706224227703,-3.1116314788059203,-4.1910790956487585,-12.880371874580844,-3.4666590408122,-5.215942414236663,-4.599239965476475,-3.976264537650634,-3.7057880241499386,-3.245244722200112,-5.459735498163495,7.105156910042895
-3.9812954085994074,-6.1033486658480545,-6.722270706356274,-11.009280951815104,-0.8890203805134841,-9.363715976483709,4.399552577663188,4.7409966477532235,-6.85633708498101,-6.885680878681738,-5.628627552722893,3.1379610481216265,-8.017848066734016,-5.707267204028922,-2.68256767178904,-4.949451847438406,2.9094278914195093,0.8415903411633773,-6.676405665622164,-5.325612672931136,-6.435722579025256,-6.260287297559971
-2.208805457146767,-8.059038858427137,2.0724163194114364,-5.5874699655510875,0.3508209751085318,0.3589571265637328,0.8492619171522681,-1.443273054526687,-5.893990954178822,-4.494438590870604,-0.8345656294834854,1.1993305358998563,-2.618622272163815,-5.36157489627874,-0.8204659364249745,-1.2315351099514575,-6.556775064413351,-5.004022538995943,3.41055228768717,0.9356227515648926,-7.55497720522912,-6.486112242457304
-0.18462379203860393,-7.394748444313237,-0.5062275926281398,-3.311496938156924,-5.210088073550783,0.008309762287530376,-0.7955123554462782,-9.287240988938052,-10.821960687846039,0.3279776627305118,-2.751435874659316,-3.2639487792174964,-4.867831852754673,-5.3841708274212134,1.0129019719345362,-10.401153650109794,-5.390154379318663,7.71173738655715,-6.263295689690636,-5.646699124561397,1.427802274460375,-4.347086917372944
-3.6441011691163716,-2.563138373043494,0.20506478007602125,-5.16375689313561,-3.4504777779329867,-5.078315928217537,-8.560217331725548,-5.363715080241555,2.1363504287756037,1.1842437460386515,0.9217577688043851,-4.307509915909926,-6.152477933687352,-3.870820384121595,-5.372754759259494,-6.158800845968048,-2.4949691493866775,-5.621913722574381,-4.9014249617228325,-3.6441217819916867,0.42085606017663657,-3.355825251391172
0.17674839930695693,-7.087325777942259,0.4075345145865358,-2.4377970050512348,-4.240324266669335,-4.897288369818529,-4.384766556410749,-5.1742640373143205,-7.185405266204641,-5.591889654326264,-5.00655012931334,-4.78105083194405,0.9088119708979129,-3.7555891223400013,-6.423053834167024,-10.53210022459598,-10.66540642773077,-1.2315902850316793,-5.742083689927174,-5.183029350060042,-6.1856947790425725,-3.64092147466747
-6.023026420942172,-6.89047011486029,1.4928357809458794,-4.686745630080136,-5.300924260701869,-3.2364220219296196,-5.612418823626041,-6.065861887702905,-5.432887008122195,-7.502684350688412,-8.33732951808943,-4.716882709919435,-0.7045268600657567,5.059124841446348,-13.181710138341487,-6.280804414118411,-1.1425558993574219,-9.035725675765024,-1.3770619412542267,-4.383806548710315,-5.072657130405434,-5.5734256766726835
3.8972507896238437,-4.340913783743662,-10.332369217188953,0.3875661445333566,-4.299633880732042,-5.006626006448148,-3.9147654294797993,-4.220048428076605,-8.071591923846523,-3.2755092670146966,-6.4969035781078714,-4.573867770067168,-6.3792160913812666,0.05131272081650818,-3.804292509897876,-7.176483816261619,-6.7371359745703705,-1.5572593954181595,-6.116245979738796,-2.9592849585647287,-9.217960514800893,-4.993470038910867
2.1182069601888536,-4.495837051024216,-1.0538018942642846,-6.673693061291642,-7.223906657443859,-10.042218588961138,0.10266611149465188,-9.150185287210283,-3.319586672253226,-5.892776257151114,-5.769924636649928,-5.524017731125525,-3.6046039911263703,-10.98219911594669,-6.637642701412164,-6.0860596540830905,-8.94682307106467,-4.248348243331037,-4.414915433780222,1.5390684631426543,3.170024212975806,5.387967257526411
