script/wind100m.json
[{"header": {"parameterCategory": 2, "parameterNumber": 2, "lo1": 6.000198445256149, "la1": 58.999992894266676, "dx": 0.5, "dy": 0.25, "nx": 22, "ny": 24, "refTime": "2024-01-21T14:00:00.000Z"}, "data": [2.2321161335023576, 3.961032791589173, 8.065201735547582, 9.98782071831304, 10.320395798973795, 7.892996969220696, 12.110742920603256, 3.5545350370838213, 4.029313690240682, 4.036493410513045, 3.986664487586137, 3.6052963996825267, 1.3526513207026474, 0.30214558025946103, -1.3356746353804465, 3.0704058771866913, 5.56664848450916, 1.773240648251001, 4.902468183629829, -0.27585598920738963, 5.272520225940029, 6.984526629761777, -0.868083267187576, 3.711611809092486, 1.9056763084962762, 7.52257826748742, 5.865762998382222, 9.688772169133948, 12.137667763965988, 8.364641843643609, 12.382120190673518, 12.128123999230036, 5.954873178180117, 6.689659402776219, 7.336025139696586, 8.83668397523577, 6.032968525352022, 12.812559230951441, 6.299435711903851, -1.0406979726473653, 11.63368342973591, -1.4557690349910728, 10.890424101038997, 7.887340681283431, 0.05925443124579873, 4.107221778497416, 12.990029361953736, 5.609405650457314, 1.5557109476649178, 1.945539201976067, -0.08724369344050334, 2.6744542661854513, -1.78488541611322, 6.662002485012813, 4.231013715394501, 8.43448412270507, 3.0682429634393067, 3.976073437156508, 3.5070217004584823, 3.2847295698249526, 8.889908717801998, 4.246984000518, 2.835261568328476, 2.1361203361680383, 7.57476176132489, 2.9023210955952687, 9.619297737795753, 5.78625721960389, 8.17719624668049, -2.1802179303810982, 2.6760575342333603, 11.095776598550108, 8.105701014700042, 10.876837523606557, 7.209822194505633, 10.615329639036892, 9.975647670836933, 5.859597963542489, 12.94521465103192, 10.162120754822379, 5.728353034687414, 2.8434082504875775, 6.031246791273853, 3.4829904141457813, 7.695952157126801, 3.323675182221418, -3.3177585802827205, 7.310309965976309, 3.168053437155717, 1.5051467665332012, 3.8473094793924534, 1.032889681857345, 12.013779823551987, 7.056734922041235, 6.309488556767689, 1.0400340022990766, 5.918895742670775, 4.562432518903118, 8.66349190591436, 2.708228725626357, 9.455907706125592, -1.086110232692564, 0.29224067316542246, 12.616442141893815, 6.507741694164375, 6.3590592094016145, 4.093534899987185, 2.3138502809460273, 11.97872098150718, 8.961451819492634, 4.530890501001004, 9.473347958607379, 13.038270952657943, 11.814105496115069, 5.437861425220942, 9.053994815035052, 0.38895633624676407, 6.507932997806781, 1.4070466333295564, 5.113082194330847, 3.4984510457658753, 2.5455046149752274, 4.800818507200518, 5.88430265603757, 6.032975693579978, 7.2402781972750985, 7.193416044724289, 4.674768602913697, 1.6765216815931323, 7.107016596930546, 6.081828566405988, 5.609658370623851, 1.8902060878121616, 4.3378196991874765, 6.094180198860483, 12.223459465581767, 8.891103901425524, 2.7086142520097343, 4.472095376668009, 8.006256667139414, 5.373791579772775, -0.8166924544972394, 7.981928963928838, 2.5027377789017726, 0.4853431301117075, 8.25553878997815, 9.243278536989505, 7.746907585702297, -2.1529416611989203, 6.740471145539554, 11.803869736830261, 5.720391099667828, 8.717896459407813, 7.910952518974252, 6.568917731306853, 2.63864416820278, 9.931980261975179, 5.250505600508373, 6.659857628052997, 1.9467578755761674, 11.193295728245426, -1.0661750693907055, 5.5139389740644456, 3.207865506605755, 5.712189873623538, 7.521614946551215, 7.577700816273472, 1.4734919025653523, 6.985994077783384, 3.941878215870749, 4.102483238971454, 3.436915316789285, 12.006821963240709, 6.301249633589424, 12.326453180689978, -3.1859902978504198, 5.428908280097527, 2.5381072714246504, 2.3954070276082473, 10.980377012264524, 1.568248390229876, 9.575347369060548, -0.7916519475872719, 0.05528261760202686, 5.904917649450588, 0.759021957192245, 10.738719636914388, 2.899534904604801, 7.499916883739978, 7.585016150967441, 6.642353437187862, 3.364736341701827, 3.875252189964928, 3.1513086320247745, 5.971076325296683, 9.030613238067625, 6.2918210691034755, 6.6792880682097815, -3.515149686265993, 11.726110084976849, 12.538891972269417, 5.992158737844291, 5.022993157249249, -0.34723936717532466, 1.9078605677429545, 7.095413480171492, 5.352608366817917, 12.259590714720375, 5.883529583980392, 5.24352084549872, 3.658299368429653, 9.083208606043442, 11.692794922146316, 12.235166517598019, 4.699096481445151, -0.7654158957825086, 6.3751425473619125, 2.54322110812775, 4.224718171855303, 7.2006224015700075, -2.028266223957187, 8.195284586945478, 7.639101126549642, 1.2792752494604032, 1.4444716835010487, 5.640854435538574, 11.967135665222767, 8.239910602169461, 7.373428428687476, 11.363962306650171, 3.207776598877201, 0.3469343999398748, 1.352767123187346, 8.259681776448756, 1.9036454944157097, 5.559110618384649, 12.431584843603726, 5.467770425274532, 3.865644672067819, 0.06551512287853087, 2.7229204356260537, 6.807554885830714, 3.3987107259071934, 7.041192822610135, 10.566441516936525, 9.327042137958896, 12.561291002304388, 6.596965807459214, 5.3747446961952, 8.302570014721105, 6.350101587635424, 2.364078088431656, 0.5575405562115672, 2.3393229488668315, 6.545052387670788, -1.8906444146480186, 3.437148258665369, 3.6511774145841827, 6.727280570887176, 7.522452602087335, 8.128265058818625, 4.257707573253296, 4.310677643110926, 7.115200671728223, 5.747937359252896, 10.652582479340031, 9.603106539562994, 3.5035365272140258, 6.396708393122879, 1.8449035180126907, 0.49962215551410327, 3.7037807898547572, 1.7744119155837943, 0.6455505836788593, 6.444020314967312, 5.21631781798672, 7.3637030480945835, 5.977701638725992, 3.8042318029959623, 8.683947443851377, 0.3542652763020793, -0.5196810775439306, 7.664624495443948, 8.75048225810562, 12.68918069451184, 7.453879257356705, 2.567660900878702, 2.323952566007964, 0.9088491804760209, 5.172676143228892, 3.3885236567583186, 6.200394071296014, 10.232428077386553, 6.041701237794847, 4.893695930969547, 0.7004407562940758, 3.9117286629915933, 6.492699742934565, 12.109334270246748, 4.227679688151946, 4.349030060520093, 12.483695888547897, 1.7088365692148806, -0.05469245377394055, 5.977519489999732, 1.1107331855728662, 6.54980598257502, 6.214831216414246, 3.7109043048200334, 3.0928252038430095, 8.465526217722568, 3.559187989171438, -1.8225979268233634, 11.954090533990273, 0.4101286926727836, 4.632316169426854, 11.795538948639624, 4.751180924339668, 0.4740286227313131, 0.649847452235899, 5.096527973928929, 7.439709324662216, 3.9634711698105334, 9.307876481641209, 4.062800005122552, -0.03371601330446683, 1.9547838722941406, 1.100006840452025, 2.444866984264907, 12.744398607379091, 1.004689890779533, 13.175824292489498, 8.21436613247312, 4.250771093137393, 4.936067630788738, 7.963827325562749, 2.789499429374996, 1.797409128118376, 4.280199007174294, 5.984759050459067, 12.14685502603697, 5.353918557184405, 2.0963038386520103, 1.9516914649196921, 3.3859081204364188, 13.131834839186189, 6.346725740099746, 3.8743528857734097, 12.499311312980526, 5.928472406189317, 9.117966466595279, 7.275243132448146, 4.687472552719234, 10.253289592915653, 8.148545586694143, 3.071686414398715, 9.15647627314964, 8.275308126914712, 7.351166837961707, 8.551245075931691, 10.016094587462238, 6.1913888369195025, 1.845626011849641, 5.322069034049779, 8.289768186872958, 12.824062900596717, 0.5895752813994003, 3.959724437293063, -1.8578280936588794, 3.7773712875880583, 11.57327638105534, -0.4803944322438071, -0.9773830882107116, 13.090555288390744, 0.9320039510980124, 10.635550353319392, 5.332166387135273, 10.752540775055213, 7.058564121724932, 6.926664092541331, 5.904458076595529, 3.899537996924058, -0.676638271199041, 4.064340563746325, 2.5243208225835563, 3.5840465542781224, 9.376746936934904, 6.648170653495084, 3.0781871048434226, 8.986494698539952, -2.1853246335811116, 2.798413181631174, 6.5179089781487765, 10.003379222091361, 9.813073371715623, 4.33984980720015, 8.050069572633133, 12.593563846190131, 6.784037399520867, 8.925563648363356, 0.2436326658599583, 9.954154537435963, 8.00676727850491, 9.981801961613238, -0.6389735089536304, 6.839866294839947, 6.364920977015209, 11.946878611103712, 2.768960344029972, 0.3819329616455765, 5.940005793752529, 0.1913028300618292, 4.18336362978113, 7.094187469549215, -2.2328529294438746, 11.358745882659358, 5.842818796056183, 6.303913154079563, 10.818646892219848, 7.721911399749012, 7.824604546802279, 6.796638864963113, 3.465795462703423, 7.216329654126106, 7.97377464559515, 6.762228749332965, 4.5913656191461305, 12.151994081027654, 11.900231440055038, 4.3288622479487415, 2.2466226220508907, 3.7546801992975594, 3.6253939005640343, 6.038577026118185, 5.19065902182191, -0.25983457130437115, 13.33239419316429, 6.176910403578969, 11.753702539468721, 7.442553407974073, 6.796777380523258, 3.945231796990309, 10.435434548151939, 6.182855654762596, 4.067905320329173, 7.581012030187169, 3.0752270181770602, 3.751715402254464, 5.614805211132674, 0.1764939152460056, 1.8809875390239588, -1.8724137288140734, 4.303669415192349, 3.4643353235949705, 8.792233373534854, 1.0259158859234259, 3.096893162739745, 6.325326842950968, 7.638080509969053, 3.4260621921884002, 10.243224278383877, 7.653178781782848, -0.6049680900162595, 11.566650653593117, 11.799045788339189, -1.832969838175267, 7.0200079974675385, 3.1734837245417475, 8.424166412562515, 6.621173997454557, 3.7804742372287445, -0.15361630781892482, 6.3395816068903645, 5.367920070279462, 6.199702242662568, 6.453144672120695, 0.40370992866169664, 7.174856503909305, 8.01646573672789, 0.8395340095928964, 6.151568779127248, 3.83217634106481, 2.974160185344843, 12.80844850329764, 6.538862471509518, 5.637623694570374, 2.8644754947096907, 4.791603687698247, -2.0073193169142436, 2.2176529043351745, 4.476265772043903, 3.8238508669865006, 8.347082529118934, -1.3690239379064735, 5.983955243239071, 5.048811362199218, 7.148513305147935, 5.967011901521026, 6.9386434025899, 8.539787179266124, 12.536732975254253, 4.444328323241264, -0.18144631754266616, 4.337529175894349, 2.4970498343791374, 3.8022405460949553, 10.023263061728022, 7.50099268115907, 8.078535286263127, 9.091854160387888, -0.7583210676212871, 2.4550069237470615, 5.970398883987769, 2.631750807521663, 3.9723556751361415, 8.410075672862282, 1.6180550571861787, 3.7457864343619067, 4.233393516710573, 3.0016072295094762, 8.62032408486606, 4.062670071943334, 10.749305472115594, 7.164627861840993, 13.29658708259848, 10.097535649597097, 6.061234797956504, 7.4189439190937865]}, {"header": {"parameterCategory": 2, "parameterNumber": 3, "lo1": 6.000198445256149, "la1": 58.999992894266676, "dx": 0.5, "dy": 0.25, "nx": 22, "ny": 24, "refTime": "2024-01-21T14:00:00.000Z"}, "data": [7.542823996939314, 9.018414115423086, 10.845796044422876, 15.159621684981586, 14.783005224369646, 10.806911692408029, 10.203947909670214, 7.257756017387894, 8.06088993016646, 9.394861765154246, 9.549864469890304, 16.494056428410236, 9.156170636823543, 18.89560539270774, 10.03076025314928, 11.320505672180829, 12.27031373124985, 17.77447182864628, 10.46272984114532, 10.640585931973424, 14.296886210618334, 10.535176630950994, 9.540123340993931, 12.311530515632962, 9.065602427986693, 12.905929746932328, 11.497645577223462, 15.19994994138765, 14.470789193692108, 10.645405259065681, 10.13561605965707, 9.68538243642754, 11.09218920932459, 8.774215356513508, 14.519658311841665, 10.416899541710528, 16.12159562608004, 13.707018491874422, 10.622115143718387, 7.595466893226869, 7.9623661376790515, 10.699541013445305, 9.187861563955199, 10.177779296698354, 8.706380546025233, 9.88003168783774, 12.38263163126408, 11.261202508968474, 9.14165706717048, 9.58336854620079, 14.185011656828854, 8.927630014206375, 12.456204354882182, 9.51420269403279, 10.056385838480844, 10.478413685299023, 17.171635367833225, 8.88969268440929, 7.161680356962797, 9.381855092692934, 11.745167324688254, 10.162106721104632, 14.360158598720348, 17.577138112045137, 11.35619189757105, 19.495358226055604, 8.511739178982983, 15.917550151147442, 13.503760169981271, 9.977811311330623, 11.887939486383008, 9.323899268856158, 11.276469357841904, 8.858907057679277, 14.143153637417328, 9.169874252389995, 9.499517633327777, 11.384450232505278, 15.316285131257976, 9.95848996539862, 11.368499380571468, 11.07532477387085, 11.14044869968344, 10.979981456532345, 11.631326811450224, 12.834934717542323, 10.051636245097598, 11.764837657062825, 14.118029992499325, 6.144721467225621, 11.602542098999706, 4.715630197921203, 9.166297106786914, 12.809339949102249, 17.643253282270223, 14.929458798322367, 10.811150762699766, 15.553491140760118, 13.072157712735684, 19.67323929447322, 9.992021057528694, 4.286824151298526, 18.894947858822086, 11.69389489585751, 9.215316335174977, 12.220638013208157, 13.09359390521715, 9.01716971232064, 10.655937057164303, 12.279556868576945, 14.959030187883117, 11.588165493940767, 11.884268040150163, 9.395993539107682, 11.505658306157011, 13.988479886462962, 13.135013668928176, 15.68004779406889, 9.780750210138907, 14.276700040032166, 13.38721362021465, 9.382775022158052, 15.804874497968987, 11.10412414488241, 18.11507039376544, 9.894558854146405, 14.913112926208711, 18.432587077758345, 8.6618948374008, 13.015667491051358, 10.81960507730973, 11.069398086690642, 5.606974212313226, 16.246155305272342, 10.956502770923498, 8.705678250244123, 11.951049409758625, 5.544577188935482, 11.704078702163834, 13.544096315212595, 11.160430367432282, 11.458304737600276, 7.269855988233394, 9.60169749167873, 12.926196761417705, 10.261746151289568, 14.509823211783687, 13.48973212723442, 9.269044023329478, 10.236851565676844, 9.427255253510774, 17.742257996524994, 9.521462276881625, 13.360007043696296, 16.467990350008215, 12.773389984560607, 10.98365050077163, 11.321012544479355, 11.020855726076537, 10.081289972095917, 15.179969458782136, 11.238014107695404, 14.540159115119604, 11.044647075538206, 10.252970733964526, 11.242298250846419, 11.718081878238484, 19.130541405001907, 13.509252121305867, 10.91362233742113, 11.32466355960513, 10.69897723370605, 15.226901852628915, 5.200857201544282, 12.873998276217655, 9.51525638949841, 15.184628181734542, 4.5510022000772965, 17.82420599412358, 11.126520205850605, 7.592791946049905, 11.73937475119047, 12.379843500733989, 10.105944254913709, 10.924208042979748, 6.015897647865725, 7.955160399862132, 9.97929751930163, 12.303617283894077, 10.52527141141937, 16.634158276475603, 9.584602241398766, 15.48369250322459, 10.434929604811177, 18.47588666107981, 14.380962156647117, 9.974459375782196, 10.590564294518101, 8.14558452332086, 15.27391473464318, 12.835121015234233, 12.441211138555413, 15.398894716932974, 18.739533434398027, 9.758610473808393, 10.319473792255499, 15.705875206769164, 14.373798918874202, 11.115845126784249, 15.509164098984389, 9.872178144126126, 13.570766028470292, 10.34336808583289, 11.981642072526418, 10.993814330503836, 10.643905276075484, 9.0954912260926, 20.226021868527692, 13.997547666970931, 10.22150670328203, 8.072529875763639, 10.253917873733485, 11.499214728451427, 19.371793963652898, 10.195278715620196, 15.634092507025663, 16.144318262595707, 13.155193651829064, 9.728639182802901, 9.15727194406031, 11.62503800371175, 15.103781917374736, 8.509166968528557, 8.609579894552146, 10.521665283926787, 10.845301584757163, 11.109390135246608, 11.196634909786313, 11.268448569537583, 11.224128016783965, 20.02046231833748, 12.029856741795482, 3.066101657926338, 10.444372355327651, 10.790528385355987, 14.189664208489322, 16.056615050787418, 14.503103641646856, 9.1719802521628, 10.00916254315665, 16.031400795766665, 19.23907335034637, 9.104230105891105, 11.298635044129647, 8.473929906896487, 4.236480635503486, 9.528318010437602, 8.41764744130787, 14.074241086537407, 12.301643521846954, 13.097396884382361, 11.37966981619358, 15.535312118919343, 13.340058210437675, 16.374106569174035, 12.958036534402444, 14.241732219448007, 12.75036374007849, 13.3652204320268, 19.003357843385444, 12.72375957920939, 10.385868088839853, 19.611940027490384, 11.235929785035228, 9.174129651947299, 15.426896617916167, 10.916465643785521, 8.047449545879713, 10.912064672462202, 11.261015569602003, 19.34945501639239, 19.156823538277077, 12.248418891225546, 14.241146431568742, 12.597660693408132, 14.067971109955332, 8.809364142186396, 18.370182208539727, 19.147032756611313, 7.742184601111924, 10.891645696524721, 11.936264085939511, 14.887522912691978, 11.282290174252367, 15.63233753335612, 19.24676193045355, 8.695990982876632, 9.001414998345641, 10.440715676920986, 11.423393307976712, 14.531606749980286, 10.971318723232438, 17.886646437968405, 17.841047554919538, 11.394218323474334, 16.265492415611412, 14.863343705463807, 11.027358848609143, 5.375830250376737, 11.328460247411357, 15.261503478981185, 13.517735559115021, 11.079383610631016, 8.145077217214235, 12.93803413823973, 9.854722261782086, 16.415867088034144, 11.221022086862368, 9.244261395300292, 18.99541711280853, 15.638284798981294, 10.853333166519707, 14.161520784840151, 14.586081603285994, 12.916792360919894, 5.027052151127422, 12.085280740264018, 15.372683889883163, 13.401220395772523, 13.619534354008179, 11.281788807578433, 11.141147264678965, 11.15210113212351, 9.356780882933222, 12.097652826744367, 11.594168299561552, 11.164025805494694, 10.263213036882187, 11.308645207550764, 10.407334277932563, 15.978773627367056, 11.437406010382993, 10.3562202374451, 19.379743208827072, 12.70890994624797, 12.455450551587287, 10.547367092032333, 15.686338983980239, 11.059888835583113, 11.618610593007126, 10.19273815846685, 10.908685963576579, 5.7507638118704145, 13.42095720677522, 13.705681909595697, 15.69894811135888, 12.236375300881036, 10.7565283293953, 10.536626634223124, 11.216685572878024, 15.026133637526941, 10.27307972908351, 10.444146075274332, 15.226099152467707, 14.385818353045675, 12.606677437078732, 7.236586456531053, 9.603569134218272, 6.985051336973264, 11.81425164049497, 14.116719219701933, 10.588360379204389, 8.179876120240287, 14.217706045741599, 4.695740681871759, 10.354174277965923, 10.69059505013688, 12.865838034848858, 10.909009842224918, 13.960618621406544, 11.17878620370935, 12.060572647811277, 10.442886602581202, 9.209043932553971, 10.526130656784614, 8.35518457031554, 14.505537804825323, 12.621185524777774, 9.210519764973261, 11.933229771046648, 11.335733727969043, 11.463919258245754, 8.929466761218828, 8.58130813100674, 11.203475053508242, 19.332696656923822, 9.14488330876388, 14.592774919396316, 8.04009968796204, 9.865998689071944, 6.751016840071173, 9.974624517669751, 11.75327071545416, 14.3726028223828, 16.105391532338952, 12.820238650945148, 13.283393003700901, 10.75634978715645, 10.912451923265554, 8.865249185929486, 10.570761043927451, 19.247850206826115, 9.572568501388012, 10.864446337824939, 11.208635653859755, 12.504613900086808, 11.173793597080277, 10.89585776070349, 7.608265939993226, 11.87527541239729, 12.497702898968836, 14.731658645328103, 15.92956562173681, 11.174183385597, 10.057005810340083, 11.168149563463697, 13.537032143474802, 10.436941638029547, 10.396310552603515, 16.285266540110158, 9.422746362339382, 9.328551677828694, 12.279400034400789, 18.106416218987487, 12.024793536885337, 12.98026090531534, 11.143438574245112, 10.867687397551732, 10.287957202020355, 14.233484481333306, 13.612277402477542, 19.521952732704086, 8.0060245232286, 11.08218814777217, 10.82163814386524, 13.52439246415058, 11.812131237466609, 9.896004472232468, 12.027475656250642, 12.069373730809085, 8.411426693387392, 9.12457752697726, 10.674521610072054, 10.768213141745905, 14.408091924253306, 19.71629232496638, 13.645062032211088, 15.474790654524261, 12.856522800510433, 9.854086784299993, 15.119027912501924, 11.773962132434216, 8.487207538168605, 14.169381661458921, 8.821442681780466, 9.177731837754518, 10.195974243293856, 15.696847760471513, 13.817144896391925, 14.5006300332875, 12.149811039482154, 9.059794427567422, 9.173518431821314, 14.132113674696384, 13.094584688101294, 9.91108716806218, 18.411435293465686, 10.039097780321645, 11.121859862333029, 11.942146536786202, 10.691449799649376, 8.819960779386072, 10.753303244520295, 16.367802730918186, 15.807891739672987, 12.508451703725848, 17.672997703142087, 14.029503982144812, 10.887833986623182, 11.341925983818713, 13.785309183222294, 9.54291972196824, 10.91981120313594, 11.870610527608555, 14.892671945160467, 11.116325347211939, 18.226434407454814, 11.839138568228272, 15.665610194475873, 14.848397846698644, 15.512913426341203, 11.709800675294948, 11.049468396148974, 12.514379550664072, 11.496188383003217, 9.310015845740562, 9.40642292549302, 12.055690772120155, 10.817236792448963, 14.699149874280538, 8.842813755185173, 18.98291383532139, 16.31506797193871, 17.706147345373303, 16.42573233329756, 10.536016403344432, 5.815469242118471, 9.548171551378624, 9.653220365087346, 19.945725751123568, 10.964437406348233, 15.869474151800901, 14.501878624309358, 15.182462564404187, 11.04067773197069, 9.3053728094965, 11.129824384773165, 10.209417248681609]}]