script/wind250m.json
[{"header": {"parameterCategory": 2, "parameterNumber": 2, "lo1": 6.000198445256149, "la1": 58.999992894266676, "dx": 0.5, "dy": 0.25, "nx": 22, "ny": 24, "refTime": "2024-03-14T11:00:00.000Z"}, "data": [10.151874547708777, 6.573337553935586, 2.664959911012131, 12.439493931016655, 12.843156092624602, 5.570745336184948, 8.385532880533844, 6.2055052991231, 8.831787798505752, 5.078954437855536, 8.67211445547676, 8.080493819805122, 4.163755201844884, 9.021075313084207, 5.846122285717495, 11.863856572351805, 6.561643400932682, 3.7087840534507803, 5.826335644027493, 8.066776737262098, 12.666909187342757, 12.08854920082223, 6.073123178271593, 4.1888470115951755, 5.934725271573889, 12.370384944947203, 5.181730041613658, 13.333887724159103, 6.077956352224731, 14.413934648459895, 13.763870707353899, 6.910557135266715, 8.342664949975093, 5.621705570666872, 6.025834010051854, 2.487217928160724, 7.348012579873892, 4.519103852972287, 13.67802704351497, 8.149806632966435, 5.989330590460136, 7.64051802666321, 13.775079188735054, 7.82948726825902, 13.897593503270688, 11.81222594126801, 7.5642834289659735, 7.618185188428495, 9.581721200292355, 11.928642127303863, 9.216589724789575, 5.566050672517652, 9.697228564720055, 12.14797977464025, 10.102267950291548, 7.86459938340665, 7.140279467300229, 9.97116452754672, 7.547791469549137, 6.057734119844914, 5.886555853386245, 10.538494541115819, 5.545822516464702, 4.684765999479772, 8.132726121572098, 7.086314211649144, 11.58281928048791, 11.66731112974076, 13.518313114454637, 6.276431179479794, 13.055706044865198, 10.270197144254238, 10.355755714613382, 6.319658665511719, 11.360424600277412, 13.526613436955447, 7.955679166629384, 8.696340510242557, 7.685171951876599, 6.72234963288932, 10.607308463323623, 13.214920828568781, 5.316551792077169, 8.724447617161964, 8.423299634588883, 7.399535038611035, 10.705118566105243, 6.4240991304745485, 8.86426299755177, 10.550523847242344, 7.124550428351692, 6.747253864004457, 7.962602476853059, 6.417589975864129, 12.71029976694516, 5.486715331203896, 8.75335489316199, 5.936346270755152, 8.040012993946783, 7.431596470529624, 9.482213432986097, 8.587079901302268, 6.822566774770771, 12.191421272453693, 13.479945864839925, 6.955738680231664, 13.157223372026795, 5.765449916659244, 4.809442675100688, 11.745146642829582, 8.477769687277425, 6.893540803998249, 8.445974457832794, 6.765024109967069, 5.813413475289818, 5.979825080688105, 14.621716194923081, 9.058662817633452, 8.806908726047737, 14.246817393619994, 8.280067531721285, 12.951318549064561, 10.685951309296422, 11.335617574777338, 8.453827678485123, 9.964708984168148, 11.080683960233381, 5.776674330751466, 12.59785587514194, 6.504605862303383, 7.768966200924568, 5.825339212086008, 9.105991102649119, 6.113016914129868, 9.139204161210104, 7.345714821331598, 9.440285388103664, 6.997377271377287, 5.234247037254653, 4.489166894213572, 3.2301464736659726, 4.277353483640794, 6.085821498237512, 13.095242412482614, 5.844375300159366, 6.669429262339117, 4.107985103274446, 5.568196448800201, 6.199915923222122, 7.159718137124888, 5.321031211704704, 5.738469907932456, 8.166455162684143, 12.414392402066888, 5.795089240701671, 11.105344634641924, 12.089859565807222, 7.1261266104920455, 10.971859867699377, 12.856774832467442, 7.0882747531031445, 13.733188257123633, 7.215208502331384, 12.958820633385274, 7.1173702032617205, 9.10939660375648, 13.180317331791521, 8.652085671422718, 5.847943454716159, 14.017125159405524, 11.27210154443354, 5.879649535350565, 8.50412246264698, 9.315408743286179, 9.265001334481743, 7.125174074821885, 11.108205554169182, 13.934194607228736, 9.531856085256463, 6.8342076062584605, 6.216465824830324, 2.6256254661207157, 5.683727769004646, 14.370817249204656, 5.492446585771822, 6.02536180623357, 6.779589442075362, 7.359265987671269, 8.470057431557416, 12.122878765404797, 10.562496795741492, 8.430184568870294, 5.779082519957386, 12.702713270676512, 5.4328927721350775, 7.306692896164013, 8.629430217707515, 12.992105103475552, 9.859573843878, 9.940834949095082, 6.756426790709458, 13.076792902773738, 10.608224432241075, 7.768557393867721, 8.083471638652341, 5.9871036869133185, 8.139065407257423, 10.435029225005955, 6.220995388820524, 6.565782068717089, 6.339899169636436, 11.83957770484899, 8.195887585023371, 9.947722226095138, 12.762504085919199, 10.080772362069357, 8.500577401835143, 6.544421538436184, 10.009967430274648, 5.4955796638740155, 8.002534484528981, 8.180221484005287, 9.613260312343192, 3.1774119421788147, 7.701521304870213, 7.542844747677496, 8.05608125116174, 12.633227201881429, 6.151724761977956, 6.416845853865385, 8.106013294199512, 4.684126709334473, 10.753371876341992, 5.770338465279577, 5.943846180417198, 6.752798073104902, 8.492406163210436, 6.774905643931215, 8.504974329424943, 9.666578598443934, 8.57037702059615, 13.759486104316716, 11.794635598350235, 12.548628560050942, 10.455960061423403, 6.605377675397811, 7.840016781631172, 10.57022347370676, 10.797889251199189, 9.299939086476884, 7.142111693374201, 7.2333420310330485, 8.21154183325303, 8.669794183806175, 7.586740792348917, 9.293672347748547, 7.898362852678474, 8.87318796824097, 11.226068828422592, 5.060168145131806, 3.174978848774131, 6.0029132962565, 5.122986640390684, 11.695806575200848, 6.119466518812025, 8.24376184135373, 2.5583020090135067, 6.500365790957934, 5.625973179248546, 12.75190058414853, 4.872061140732323, 10.924194049488044, 12.404489925207228, 9.321947036318754, 9.686099378030429, 12.485442096440947, 5.2299517857266205, 12.65302540104132, 13.392783499107399, 5.033129594155085, 8.461415925306502, 6.161360571312202, 13.591436452673369, 6.333085593142534, 10.08351417137208, 8.954320388043913, 13.816663859680151, 11.173688533427597, 5.079604272122434, 7.8021438581570335, 4.335165424679354, 11.019890649662921, 5.445509502893218, 9.74900010459278, 13.433631545153736, 3.823874809891509, 7.727489276465481, 7.105236150256976, 14.551967616769108, 10.13591134038814, 8.656143517179212, 7.569519156732743, 7.499373653358899, 8.718721564607641, 4.85527389857942, 12.6421570120801, 5.701713795421444, 10.731435353706217, 7.782247059454331, 8.719430582505568, 7.230243970187906, 6.3881367607726665, 9.788620411693918, 3.6950842678915645, 7.865168331765241, 7.909385729081658, 9.570588692988697, 9.635016663539671, 10.542902516065896, 5.72287068486303, 5.800720422941085, 5.757561058517657, 6.593188952333039, 10.021390235600233, 9.594335002453938, 8.091933127454116, 7.035437281790006, 4.570437126331981, 3.8595139009135533, 7.044363336724678, 10.945876357776314, 6.044800889976644, 8.51014736573081, 2.023345538551938, 12.744275253516237, 7.2888749543254905, 10.671547790022288, 5.438309274698243, 6.262561789101807, 11.779329015419494, 8.367556210344485, 6.214651194698975, 13.507875434767584, 6.7868242877834755, 10.209197058544595, 10.102873538057734, 11.341590335734058, 9.672259434683784, 8.409380159511704, 6.345744761357946, 6.593666687449659, 8.239121226309095, 8.097857550446728, 10.731966537223846, 12.961442146335305, 4.866280422993453, 7.454296116563744, 9.23842741903145, 13.216079837169685, 12.031513223593347, 9.564535204880551, 7.7406469353922835, 7.4085729703996535, 6.167689185469026, 7.83076120660569, 7.294257623899869, 8.781472894824338, 9.436119472276724, 11.335497014150592, 7.18576914592028, 9.855252259408337, 3.6750626877913124, 8.998413653685718, 9.996712652749373, 6.650560562985363, 7.712978051912597, 4.7211301053334225, 9.405657140751105, 9.537231697343818, 7.826817321645737, 7.700846598537141, 9.688694886973607, 10.58520490864895, 8.606546621147892, 5.713904188468301, 5.72599403874861, 5.853220392212769, 6.231004290303704, 8.774111404026907, 9.635039641800358, 9.862705605698547, 7.730554598533521, 9.785518336421502, 10.816380382998128, 3.6868010306245065, 2.733167438566892, 8.769934443684832, 12.387539786998827, 5.990765772094211, 11.784957973332823, 12.982698259322708, 12.38100255048452, 3.804402768057128, 9.024074641630264, 13.622691871736311, 11.471771581062075, 9.550542187330382, 13.480831528554205, 6.44730774369031, 5.387049622557618, 9.448447771949605, 7.111173616374014, 5.422286765934691, 9.373698042629721, 12.519864287733256, 6.253753236955405, 11.819843703697924, 7.531330030774394, 6.493356014312212, 6.287232160899209, 7.96224423150832, 10.723317136508847, 5.312505016559874, 13.37641865610311, 8.738086710627423, 11.987096009770228, 10.715858603814564, 7.4368267624208295, 8.495936052088547, 8.98146599647185, 9.315747138571398, 7.620628799952509, 4.889195114015215, 12.336848755974748, 6.991590804423365, 8.984795203425671, 7.603779759165193, 9.774545467913995, 13.80584822247765, 9.193521042132893, 9.738456624693875, 8.8065149422704, 5.591623333919494, 8.234696371624974, 7.524172903139622, 13.183073953691833, 13.251262993243548, 5.850542478467133, 6.4129140608570685, 7.503519793217303, 7.393951101594056, 8.248517810937862, 6.929660886209954, 6.037481349435784, 8.22225751382342, 7.035826746698269, 7.39212769179588, 8.388223203336784, 8.650143056094553, 9.40297472425488, 10.967795190664944, 8.990374968166869, 14.273746288333585, 10.287428815448706, 12.486739465721376, 8.137436980492591, 8.08722051014081, 8.254886262010615, 9.06713322707846, 9.94659262392419, 7.720221075196572, 5.593204647661144, 9.14315830584197, 7.993602484234766, 5.358722291678892, 7.341071689592374, 9.89903377453708, 4.15944779534557, 4.556859841392826, 6.384915055214447, 9.831283252776535, 6.984404822767615, 2.426157907713116, 9.868411402767874, 5.875160913578163, 6.846055602230558, 9.431133134236795, 7.347562273218107, 7.719821851784341, 13.631500556677821, 6.529034207508083, 3.6308530314813425, 10.185130520847489, 12.085501134789904, 11.070351450619977, 10.80182434099535, 5.946834693717129, 7.925416344165225, 6.3650565642284045, 12.614496270841535, 5.53749641675332, 11.651217752923793, 8.43729482820224, 8.181819169450998, 5.9455704747339855, 5.617240413290539, 13.289313219170003, 13.769123528838582, 11.756825523179826, 9.324755844077181, 11.471720607120284, 13.33722651575384, 14.567187460160115, 10.93956408290419, 8.794427886490997, 7.816255048752331, 7.124060113690704, 7.711418806432881, 6.35444911022643, 9.221603855467581, 10.734716008808888, 14.783994116524307, 7.552873396714568, 9.727300232578964, 9.820889318443736, 7.815510708623842, 5.303780216045031, 6.458696196743333]}, {"header": {"parameterCategory": 2, "parameterNumber": 3, "lo1": 6.000198445256149, "la1": 58.999992894266676, "dx": 0.5, "dy": 0.25, "nx": 22, "ny": 24, "refTime": "2024-03-14T11:00:00.000Z"}, "data": [9.96567933502012, 9.53917672333347, 5.452300765315753, 7.7885393465300226, 7.169082245782277, 7.6376836139031905, 10.36890380983894, 7.511877348108621, 6.910210081064113, 6.534929219985096, 3.376390446278193, 7.956472781932947, 8.34472388874695, 5.118988710344507, 3.274161501147996, 10.90202609427531, 4.73992353383996, 6.73531020324533, 2.3574214273362126, 9.562145183357666, 8.286571858842002, 7.522043196930848, 3.5536976313803494, 8.600409058617181, 5.113780917726781, 7.954799880413583, 7.511071981792196, 6.826793061472092, 4.007818934322057, 8.451131766301954, 6.838759821859176, 8.413584462263607, 8.69384716899787, 7.650582286589434, 6.168748353985279, 5.4726445428657, 8.02587351417282, 6.849071366070454, 9.739256998957613, 6.403547206750177, 9.360761072975803, 7.857447726054347, 8.407837978361222, 7.922614055885257, 13.247577541003299, 7.362735523734859, 7.916031012924218, 7.450915137345495, 9.359201083638595, 7.720901343310614, 5.926915710051071, 3.0017580471089254, 11.487750300265805, 6.711289036908028, 10.759041254379968, 6.538123298995649, 8.20780491033172, 7.2819853680815125, 7.669687103632547, 7.799859618550634, 8.684555762927388, 8.558337592300438, 6.116130057301765, 5.819976548997842, 3.475264311001687, 8.515715337166835, 7.766102982874258, 5.9856892399712285, 11.514755690410368, 9.835193471385159, 11.998951115843067, 8.23953069771447, 10.0474827342925, 4.6392202841304675, 7.11936442757268, 8.781362849258752, 8.199579149751942, 4.858311165254584, 8.004667227346243, 9.676239058077512, 8.00098451998587, 11.800054986490434, 8.792801728470918, 7.66884549313723, 10.998462972188582, 7.988474078508004, 9.663909910277129, 7.9390969284076, 9.603258398049302, 9.182141710167237, 5.402003853262955, 7.752959850746889, 7.2604793267413195, 8.471151588454415, 8.910312045800701, 7.728328294142252, 3.0310895289728226, 7.376725558212863, 7.959535479484168, 7.25720111011454, 8.316878777646288, 8.472462609072785, 8.287879489048526, 6.923800797113786, 9.334678257453483, 5.474730131205138, 9.239063673127928, 3.6608827160226727, 7.541111984919006, 8.282039413977778, 7.833202967698429, 7.827042469634049, 8.450299111364487, 8.428472537073027, 7.216353960523627, 5.67636946183069, 8.376892640527805, 7.398234312348511, 8.590560131474302, 10.05070358517692, 8.413591577167043, 8.926478953360775, 7.4700864779240765, 7.65109859469664, 10.436172842145172, 7.15094595713396, 8.223773890605967, 6.395943839072752, 6.805390409170163, 7.596758965956016, 8.507417564815816, 8.355535068261817, 6.866897255772716, 6.55880345418506, 8.031450522620313, 7.334610576114218, 7.351227575335021, 8.099792806460647, 7.0451598312436285, 8.956361420925232, 6.341765392948406, 8.50865981406453, 7.652956273166378, 11.528691659559039, 6.02743790106898, 1.8462112083448639, 6.764333756794593, 6.054128471307913, 8.242135642896756, 6.9620145440187065, 3.959511361013875, 6.781430677950814, 9.523872475620294, 7.058691936716948, 3.514942009062048, 7.611985873670159, 11.480592950664414, 7.036183888767213, 10.363947410961321, 8.24923103066819, 8.31936741924784, 6.917968001288364, 6.779709567467441, 11.248841350341161, 6.407556627933105, 6.4105005420456065, 9.278576413955003, 6.439261803203295, 8.62803420892457, 8.646334111177701, 7.729443991234673, 8.073960895409735, 5.719787780592109, 7.572388469618145, 7.803032836946809, 9.443250026694782, 8.48200301852233, 7.187929127147462, 10.642404608139504, 8.320982026875278, 8.13183448609054, 5.236752371718319, 6.57156469611655, 7.464740397632458, 7.171282345076035, 8.85232711312902, 8.006746926910612, 10.531894528703031, 4.303841981029717, 11.643567405559903, 11.27383983904414, 10.43723618045329, 7.666997779321512, 6.9029970883167495, 7.462333733221001, 5.732286657692705, 7.759185572271603, 8.189601068634325, 6.380304030622653, 9.725150803170711, 3.836755778467278, 7.420236406963227, 8.142723631480246, 7.902783741924614, 8.63039323904789, 3.3086385473491973, 8.607580862170837, 6.772530278771269, 7.675744877663302, 6.816266589012379, 1.8494533875056403, 6.0895013959305775, 8.97669159369444, 5.036664794045291, 8.429004984828591, 6.223678859696956, 8.611475565271084, 9.27091278012706, 10.981257970310796, 7.385939085759547, 2.1723832640631358, 5.203915560595323, 6.022538498746911, 6.699509010838725, 7.459018613118315, 8.64899548094892, 6.881535014345301, 11.46597979588536, 5.292333652648414, 9.20110946587582, 7.574309241105792, 8.268295308232393, 9.94094295998301, 5.507361378398883, 6.297710494498665, 8.128858197477562, 8.79461101745342, 8.445596514288845, 6.603410958451937, 6.935909454372176, 9.778761577635185, 9.839178846804838, 7.922791677263352, 8.838213711857986, 7.186439131129788, 8.170478977883072, 7.569177924089015, 10.259177230237114, 5.862408885820626, 4.800494955567558, 8.609652016779307, 8.315814058133462, 7.640987589995267, 5.859724549632338, 8.802277740616766, 8.207513670742426, 8.28603388923793, 8.23240794967403, 8.833806526626642, 2.6978099777876885, 7.573520567973232, 6.882345131683014, 5.214640170961635, 7.295225947811699, 9.116436927208452, 6.457269187333143, 6.338818082494165, 8.100278427926506, 8.2504417382841, 8.62488473163776, 6.083082701254045, 7.130680689592697, 9.055915306806465, 7.7191643479355685, 4.390759609444914, 8.92087618839549, 7.1284013623719185, 11.20359765057088, 11.876598136642874, 7.36909942713459, 7.383672610298634, 6.39596193083375, 9.784805540459839, 9.774646014554905, 6.751298560459361, 9.872309654747417, 11.451015561765992, 6.890761628504273, 7.183338922739591, 7.777889772765502, 4.01366370770475, 7.935240514861297, 7.006534583110503, 8.011232494709882, 11.85920120117825, 5.511022477089824, 10.678799696315808, 9.015169006195322, 8.766692386454523, 7.343789697752808, 8.235215195670495, 7.515598665557262, 7.265312260262092, 9.934709805681877, 6.646306293289419, 9.185581200320488, 6.941733822387444, 9.020592725498288, 7.297457771976016, 6.510280293999613, 7.327423665359371, 3.3969219913616917, 10.598542798259928, 4.72713033841252, 7.019108580743875, 8.98698328122049, 7.5193328721979, 7.197229501972467, 7.385487300782304, 5.928621742790448, 6.80855473981034, 8.459404190376272, 9.302396889948364, 4.852992005621343, 5.24384574612051, 8.116396289547158, 8.409286913006637, 5.991713895052452, 6.577970469015806, 6.627988339675516, 11.129902371716568, 6.263725839607986, 7.389965885100738, 5.157968278111987, 7.512068781121946, 8.46251952254929, 5.070582726678591, 6.430058228413293, 8.637955397528998, 7.367136130619261, 8.463288333290617, 8.233037839629368, 10.97726252437567, 7.871257282755201, 6.943076639362749, 6.277959841194557, 11.311524933501339, 7.560011437206039, 7.5583953928927015, 4.742001612325683, 10.258059305124279, 6.846747524384323, 7.133706050045491, 8.48239811471683, 6.9403330627963316, 6.229094996647556, 5.800263243625019, 7.329780376499783, 11.21598980191113, 6.419222404050828, 7.939227884401461, 6.00191454434814, 1.8797443390878932, 6.453090205795509, 4.029820664992521, 6.4874862185883835, 8.286277463555667, 2.2328492211071933, 7.213971328018462, 8.607356843961487, 6.934454519556983, 6.144752533796796, 2.290254818885974, 6.881206213628576, 7.710316907354271, 8.168876201746784, 6.419748921564486, 8.825926110320133, 6.56045323869166, 8.393134799604574, 7.844324546051897, 8.625093715925866, 8.572414577082325, 6.5271595409210414, 4.692611084327034, 7.893411439614493, 6.839756423171272, 3.071483045321741, 8.338238432348714, 4.844103311030049, 8.04833589169898, 9.283166067482645, 5.27428826092983, 11.449648827887087, 6.409482363962542, 4.706178780524147, 9.613770866516642, 11.611521134963654, 5.09649168959672, 8.034533714713607, 11.15113164503901, 9.621204625744847, 6.594939979085269, 10.133095145931168, 12.413288599090018, 10.178782431030113, 10.226813145229787, 9.392586864112525, 7.817265408090336, 5.933805211540227, 7.161202885033758, 3.533889858141774, 6.845579657478046, 9.436837696745123, 9.208007426095145, 8.47703354649829, 8.246225566524933, 7.485617870724812, 9.846261792026914, 8.667493561055945, 9.085486347303208, 11.223510973742448, 5.803797178111913, 10.104532643621948, 9.117876810529841, 7.210212884003992, 5.879911635641567, 5.79411563430084, 6.347136374624937, 8.005073273886634, 7.165181985645513, 8.160116919505326, 3.1161905519238426, 7.634312262647167, 8.559457077982566, 8.362716007303197, 7.72887720483142, 7.260768372290153, 9.275799415375339, 6.622084008259409, 8.495380462850685, 9.755398917094917, 9.78900205471897, 6.152377221114276, 6.878562390984594, 8.579011232435505, 8.502446680072783, 6.066966325991061, 8.959693970687796, 10.258306774844778, 7.744492214731861, 12.044236063898449, 9.631868118609484, 6.943858587887883, 8.898700169820911, 7.049605527534997, 7.343116648243329, 7.9750474348908735, 10.599468299691932, 8.361291889998196, 9.246041908429852, 7.158992241535616, 6.964859918468855, 7.4056174246326005, 9.472267613079126, 6.852408531097859, 2.00680266023127, 8.189227740558746, 6.998683569035762, 6.4906673217686786, 5.713321843711725, 4.45976913675922, 7.17976772785935, 10.649912894376117, 3.527156611824285, 5.6451512526573335, 8.215931432337353, 7.227860445893345, 7.225353555869189, 5.689770316157711, 8.35141566830486, 7.693300930018762, 6.600382574960582, 11.026824392718792, 8.91696270490587, 7.023956799351586, 9.438520229093024, 7.795869958866533, 8.119536449512012, 11.777814421195044, 3.982090865392326, 5.57983007856186, 4.336010308096682, 11.568441036992132, 6.655756183610352, 7.74243132985866, 5.64254830015747, 7.910034919328789, 9.825507599338406, 7.749136713369628, 6.094233213081895, 11.538632528095597, 9.574308266555555, 7.319957946388716, 5.672388500046024, 6.2606513964877495, 11.026262544250573, 8.977718207536489, 6.716829885049782, 10.718109642867597, 11.78670997187289, 12.32774520207864, 7.862813989772096, 11.715849970695274, 8.491208928323564, 7.272528546785487, 8.43294818695406, 8.051355600145168, 9.739826031965716, 10.918735682913855, 8.985024519561135, 9.119606009069829, 8.257684398453362, 7.059339850158768, 11.149812942234277, 6.486453013409202, 6.709188176838044, 7.874072037842671]}]