script/wind50m.json
{"header": {"parameterCategory": 2, "parameterNumber": 2, "lo1": 3.000054539987559, "la1": 64.9999836372058, "dx": 0.5, "dy": 0.25, "nx": 34, "ny": 52, "refTime": "2026-01-01T19:00:00.000Z"}, "data":
[rows 0 to 24 of 52, columns 0 to 33 of 34]
-10.530562897814546,-12.486472242535708,-8.20139107127278,-7.244823150661094,-5.543221950667908,-7.819139091070911,-7.526191128622784,-8.972495155602568,-8.887127329060636,-8.845334601101497,-8.149127690432374,-8.06195260693403,-7.651313921338153,-7.613503133902584,-8.42951421522908,-6.098606225418622,-4.988031995733054,-4.802794239243489,-2.6971220997411236,-9.883704270731544,-5.646423860686417,-3.62573852638166,-8.810359726208022,-11.000218362617822,-5.029540687463183,-4.191340049207152,-3.4921155762004465,-6.107425944038572,-3.621452203675092,-2.137830069039878,-2.2862320694063314,-3.172520389183496,-3.896945562946197,-1.3265629775582852
-9.22243883270918,-10.49016923188666,-9.993983375125701,-10.038906075064524,-9.400050059458888,-9.519345730000845,-8.685420416400673,-8.350629178947372,-9.153602501915623,-9.023242833708036,-8.511030509055548,-7.25909951726844,-7.96414166475191,-8.071608613041644,-7.423083926091283,-6.111318476050804,-4.467376732383133,-1.0216785465100986,-6.547130900361948,-6.022640004880363,-2.4683293417594863,-6.597967464683217,-4.159064725682199,-9.698212150772328,-2.935153719127149,-4.498926237798802,-2.0968598026585012,-3.309699293972342,-4.347210568791187,-3.585570452722016,-1.2837080427280405,-1.6312614593800863,-1.9582876133171725,-2.8612685408289966
-11.214704582718555,-11.466392192250863,-11.458999437920921,-11.561660760433382,-11.09002696302226,-10.861139515593074,-9.714116417064416,-9.400531807145796,-9.334697008411666,-9.740249561636045,-8.408010384418253,-7.649858352392542,-8.649279156874991,-8.091994233896958,-6.545316647059656,-6.040370592166057,-3.753022017864569,-3.5265980492375153,-6.484569248947928,-4.616714169592361,-10.098600363648236,-6.827541705675619,-6.792177901138557,-7.244773806292706,-6.752632608735803,-3.3018865015549923,-5.189804937310569,-2.0565006274425874,-3.5689557137545718,-5.448856629888812,-2.7356087721647375,-2.081130024279779,-1.5190410633181564,-3.7506595145331816
-12.704711512249315,-12.307372216247744,-12.131821638271601,-12.0133670417079,-11.565553111133662,-11.697478640883457,-11.397683690488197,-11.072460720722267,-10.383926745053383,-9.709922711501543,-9.178235429950094,-9.023376846703687,-8.669095732261022,-6.818432667412483,-7.204822774992457,-4.056834226864887,-2.4594630669933024,-5.420055753639027,-6.775594641985517,-2.365239323488835,-12.070045834743329,-5.396323878581194,-13.188569091431487,-5.995024553184583,-4.965950469496864,-5.039824012310385,-4.5949548772522055,-4.271372481103837,-4.99063265413805,-3.5781251177867603,-4.0853281650961355,-3.016248718061355,-3.1443945355877063,-2.604324728874182
-13.261190415527269,-13.031060118658521,-13.101053791830603,-12.559708645011273,-12.393739153478805,-12.361643600332627,-12.232288237121614,-11.830583445568804,-11.449765141045956,-10.558492355212874,-10.104550001636266,-9.453239831746162,-7.68159899814544,-7.985031511894751,-3.4103290972950275,-3.760004571867381,-2.345965789250247,-3.846365903699657,-4.387807766229678,-5.0679378923447285,-12.938553386917846,-9.776020810601285,-3.8647839128982313,-7.938913045639432,-4.771314890508711,-4.664161350989149,-4.831179486806794,-4.418281578772998,-5.392165829586491,-4.246766486634663,-4.174776898098505,-4.82352694936123,-2.233844655909965,-2.9591232608666695
-13.612598875657685,-13.513597407657976,-13.733537202205417,-13.430817066619296,-12.914867774349641,-13.110202513711675,-12.895009208090892,-12.208928993341832,-11.754601892480673,-11.640455424423498,-10.866185532956395,-9.070840329241737,-8.566106506282035,-6.909810470175795,-1.0619426335576547,-3.6410745602374086,-2.5183734364027575,-1.3768481349644357,-6.167827032711583,-8.38819006856184,-4.14836290900524,-9.916931970826102,-5.791241633702596,-6.037418651571983,-6.067060070288196,-5.547571807500543,-5.803866615080826,-5.829536513460049,-5.144154380945829,-6.028224273775421,-5.366252042940305,-4.355894977898048,-4.07822225303297,-3.299170727292625
-14.387579261971057,-14.409302814300544,-13.986646554249257,-13.922625154992879,-13.327893137812909,-12.950679917284534,-13.096829046965965,-13.016270141327132,-12.438877212531203,-12.08331390846567,-11.079796391408982,-7.007851019386949,-6.880658865497245,-2.791748303526134,-2.385985741556738,-6.951478023840441,-1.3424179499408464,-3.8846994047335413,-12.756252665095971,-5.838297177599366,-4.074486288617106,-4.832073047809183,-6.568195569684274,-5.328097459345371,-6.900831314104552,-6.175103604726489,-6.659426694973378,-5.588217252963766,-6.076333859029534,-7.017535051301684,-6.84365409675203,-6.1983612993826425,-5.091918849514628,-6.680048694886997
-14.659740009834682,-14.41574917696679,-14.253371279852628,-14.376991880198936,-13.985026918009414,-13.211494986832255,-13.257977250464258,-13.074841890131756,-12.961529436564383,-12.206943443092623,-10.106076354468774,-2.3195930704673158,-1.7048179485559833,-1.2732985637199692,-1.6516039343841062,-1.4382526410070742,-1.309708158679174,-6.483570130419128,-6.589561535558448,-5.2425312471316525,-6.558626341549919,-5.138528299239019,-5.94619661517645,-7.2951085028750455,-6.693590526812404,-6.812456472224044,-7.611704543859172,-7.501974802027573,-6.999881273495248,-6.810914454350079,-8.272414681401292,-6.760008483737918,-8.991391472939373,-12.06173511195555
-15.312504710036825,-15.036901309861948,-14.80654798129953,-14.40469422873902,-13.812534958729906,-13.583775523549123,-13.68769405983912,-13.43774827284701,-13.451017273498854,-7.479620077066256,-3.737202777290049,-2.5899317287094825,-2.0685713110642663,-3.263055901604024,-0.30779386553690985,-2.5433608625463546,-0.8220189248079119,-3.2207992488566064,-2.9979289293212212,-9.13806209064009,-10.329413167525715,-7.919022691995689,-6.481746705190589,-6.375620236472469,-7.735531539191476,-7.86673565920436,-7.511192126797966,-7.097309057171658,-7.395890468704259,-7.764235789111145,-8.90362672146981,-11.344233622882893,-13.305324856097734,-12.715250429997
-14.829632841009172,-15.471266184478631,-15.298011530237888,-14.526683082013466,-14.263440652216278,-14.079583024151097,-14.311564353101351,-11.303134450782178,-5.171965967539841,-5.0191477391367805,-2.833418270975481,-0.7309688644659161,-5.003434606930263,-1.1593534786228517,-0.4014087120286872,0.254314807635917,-0.09857209885527486,-5.706415711922164,-11.00627155676886,-10.080345210901724,-7.815318985059478,-8.279860585418136,-8.703032519372572,-7.372486562405307,-7.883837655950652,-9.454024549310757,-7.871895115925581,-8.957231403132553,-8.831958690669882,-8.390916344278573,-10.205231090693212,-13.733055815435884,-14.091378231092625,-13.440722207469708
-13.769396891483009,-15.007647137243604,-14.9866888879775,-14.468546804425312,-14.231522376755553,-13.733989762776979,-9.48231885985045,-4.664962184694933,-7.53666577213635,3.254947555763754,-6.8906143322707685,2.017482079965794,-0.5411815391264194,0.1242111252506158,2.3223126143808144,-4.656827565524457,-0.5744407370206558,-3.3371587201536537,-15.134354614595065,-7.033633386811566,-7.858167405655933,-7.3342057925957,-12.738134446850525,-8.591784506351962,-9.817064804705337,-8.117120816967356,-8.89216501317679,-9.56344627998849,-8.822567694762778,-9.482403137572694,-13.810263460169605,-14.055419308057337,-14.326513886293268,-14.291357201296934
-13.189658222359851,-14.284644456105811,-15.04216910013735,-14.156016567350848,-14.058029544755868,-8.972048719089669,-6.1094886586083,-1.752477850779122,2.7781678913560475,-10.961803073691213,0.28565178233312705,-3.257250990859829,-4.661877591060531,-2.281062726915919,1.791080834931811,0.279462316046927,-5.110522680914478,-9.898457723967969,-14.392805959647529,-10.380299259013333,-8.565501961073382,-11.184878310910124,-7.651965038135915,-9.662284421077393,-8.330907113001075,-8.64248185775604,-9.96194432143698,-9.68668598502351,-9.321222293811964,-12.15692525399936,-15.019108199316161,-14.678346082184525,-14.44960832931555,-14.614662629308786
-12.168325607925025,-13.3313025109812,-14.071859863087978,-13.725008401510815,-10.512534774499235,-3.5986039439958257,-0.8190677352507802,-2.5202260218607995,0.717830394475801,-1.4839560478360938,-6.951978864859588,-1.6873912318800717,0.43525277528143114,-7.093146769927048,-1.7341711478201964,0.5534534493553316,-4.627346463835434,-6.047266139061239,-10.58870611469124,-7.725659830763766,-10.834691746106124,-8.03113781142928,-10.318411622016718,-9.639985547871932,-9.069186231110868,-9.680494938906534,-10.101502614670153,-10.063475085074533,-10.845334185720844,-16.520696717140044,-16.37310054907626,-15.880554772893781,-15.40377312164208,-15.130453838767536
-10.55606942219105,-11.328541623376712,-12.975654516869009,-11.508695754224922,-8.538365172907925,-8.226598999250577,-6.27495855733352,-0.4402720364543652,-3.126420080797914,-9.193954431511742,-9.157231270966244,-6.026546834277282,0.30321441396022786,1.713854365765614,-0.9671165812511738,-1.5224470634665155,-0.593969853773732,-7.743779973077862,-9.052846286718342,-8.659674796203497,-7.807004944429417,-12.333057391779661,-9.399604288991952,-10.259519156862645,-10.270381610725666,-9.931708515975119,-9.769945290849883,-9.404079220165455,-11.308346180743909,-17.49230059385581,-17.75482502136713,-17.120792266327076,-16.420764083134618,-16.035717998892352
-8.907016729426688,-8.931123470498413,-10.459806363964544,-7.495773947525072,-2.986281912933428,-4.0844653056325235,-1.4346391447755305,0.24415924705567837,-14.889244453988589,-9.0487720487922,-0.8802001895916761,-8.689144559624756,-1.3488370587742156,-2.5122463493008085,0.0682874350037297,-3.7728003178680396,2.059816634441059,-4.632986731472972,-6.225913524839838,-6.792806014413924,-6.652249307081111,-9.4658284328817,-10.307946754525062,-9.894334369268563,-8.853216305136229,-10.745069342189597,-10.184435910644568,-10.412102233780987,-12.643005584180015,-19.24384531283824,-18.691851534476733,-18.198863114657758,-17.746615267340328,-17.02824347970234
-7.48048065215658,-6.864072068053473,-6.828347511437672,-5.9411351304756055,-1.7490519524902948,-3.3553972014534246,-2.352979291193852,1.0097147073246842,-1.360172968094564,-4.659973075578027,-3.086300432612859,-9.625248871347216,-3.511395595145078,-1.9383874918074435,0.9521691807958552,-5.406971454040931,-1.392652164157063,-3.4713517023722082,-6.14071538038478,-6.9370855550697765,-8.035870581506117,-9.44421105102369,-8.241595311721277,-9.244916537623794,-9.087189160475091,-10.55805026883002,-11.057776092377527,-11.808567470535095,-12.992803285456585,-20.61337066171749,-20.217094321413914,-19.41376350020779,-18.729687893586572,-18.308501112932667
-6.2534791101208596,-4.2896518454088355,-4.529428793433976,-4.035926236990442,-1.0847146445285403,-2.290195250823921,-3.8630790483174073,-1.8443449819269455,0.9305818275508648,-2.824142414637093,-2.391941633972007,-5.451197282621401,-0.3415851267275027,0.15920619865447524,0.0667451210672373,4.02310638369421,-2.640282355736251,0.002270337259074984,-4.546406514958528,-4.084627898854103,-8.082621535078049,-9.224338669422355,-9.39982519792422,-7.2831442859163085,-9.501890316455306,-10.164285558853248,-11.468529831374655,-10.898521912923355,-13.57612609783343,-21.747774018739996,-21.07780011649586,-20.55579124012453,-19.716131751122308,-18.72758911749765
-4.619922087964002,-2.674609105270064,-2.8340900207637536,-2.7539675026497057,0.21824298946922258,-1.023313009678549,-2.4534750116157498,-1.3855732232087128,-5.988980938420965,-0.4326122612025686,2.7235864431420365,-5.207639746980592,-1.714767500781857,0.5874000675995797,0.29791902246991264,1.0537460008434503,1.8426152063215677,-0.37176387947614303,-0.8331733052148617,-5.446413839101443,-7.74408313990786,-7.358555372893101,-7.159995435938531,-7.020830292128025,-8.90442963240366,-8.844308909834831,-10.147533708113674,-9.395388907001713,-12.788461899737186,-21.921664885118272,-21.049202741286734,-20.84192183263119,-20.18827905784276,-19.842005534726134
-0.7338331475836499,-3.5774187851153347,-1.2676716742960101,-1.3705459569473564,0.47636301023550287,0.6265822364154542,-2.3035802333400217,-0.3726323091092155,-3.035537905862099,-1.501476352689788,-2.958978999001805,-0.7367982069167812,-0.11008727655059942,-0.9406384337883809,4.774401120348655,0.0716819884123843,2.094250455970577,1.5913708915476872,3.2933865755770877,-1.373243454827283,-2.667267870292822,-6.591596771915139,-6.692974502219863,-6.907065629975346,-6.078255041230086,-5.530576757598323,-7.389102578478735,-5.817538793277975,-7.733192370169906,-9.62991196643489,-15.93985676938217,-19.30401188722836,-18.26285525062833,-17.902810207722887
0.5565187888995834,-0.3282836395247542,-0.8583280569554205,-1.186742036089371,-0.305096697894598,2.349228791351292,0.12100076598574208,-3.7612875911890487,-0.05381729263019478,-3.854660270271865,-2.567786814784356,0.3594710317136774,1.912420710063052,1.971863483824738,0.5036202857510266,1.6868849382595685,2.2306015727085877,1.3344200415943113,0.5718271128444193,1.1405476307106708,-0.7822702757972897,-4.682167877229818,-5.048158752425044,-5.396327858053838,-5.466918328638267,-4.8242638106424796,-4.401670234955141,-6.127140255249486,-7.626618108082538,-8.698837588814797,-8.954225099881764,-13.84000319925269,-18.316094245893076,-12.065454622950798
0.7869940664860484,0.42057908512625564,0.19554418878617288,0.2622161154903715,-0.33443439205124154,1.157411401229752,-1.4667172586023483,2.4363850595541527,-2.828058615938901,-0.6226825144366206,-5.467549945855141,0.42913757216621995,-0.8934323262691656,1.1349295245830535,-0.12589794564752996,1.483022001815135,1.6035632491431182,1.6312045256608307,1.596865984549742,1.1345814113529897,0.8169955892529994,-0.8814843807170668,-4.380753679876518,-4.396837626936652,-3.2552669776445766,-3.1425561827211403,-3.333066866241603,-3.5029225960429478,-4.824934214930512,-7.930858189960847,-9.97343699000124,-8.996272739945736,-16.28928558474855,-20.614338655732073
0.5078068773447455,1.239885857014788,0.3120794209933736,1.190332423876817,0.1338767956773298,1.5587628547216856,1.0191267924469685,-1.2863919648877693,-4.996885963893652,1.5048986953519154,-0.05390428873795444,0.4204306765341611,1.1637752440741083,2.225203333273214,2.1684712801529638,2.2058265655300637,1.0596230420124488,1.091413198100442,2.344234151921655,2.4950410996289336,1.3230676070955194,0.4849616852324052,-2.311173616298253,-2.965933295363028,-3.189575151190124,-3.1316083449535137,-2.8809929174908553,-3.3305541112014683,-3.9406688179876572,-4.2429194891657165,-4.477779548983754,-8.872156591360412,-10.922190337850404,-14.98519886929632
2.0656423374696136,1.8628339401220586,0.7939564349370435,1.131973445309286,-0.6356694762754871,1.8829638022906492,0.2955210931229625,-2.1678298420818156,-3.232043519131,-6.873373856723964,2.817339110488649,-1.5454459744300137,2.3613293629755088,-0.11129538372570956,1.5994595446976432,1.8357228745396301,1.2888292844820184,1.3440977104386438,2.3396233211546846,2.6852702330395855,3.42558117996565,1.9797081154757932,0.8473462304442835,-0.40041695588681103,-2.2459900977494476,-3.620823350227213,-3.4193652969197244,-3.6200580445150345,-2.9145364276361354,-4.050489588307852,-3.7952259297429967,-3.890272675444236,-13.989936606190982,-15.036455558664386
3.364506476663103,2.010130381208537,1.270153260608006,0.8350880907719413,-0.15004269214452512,3.1270905521543817,-0.06961689948536491,-7.924404791991528,-5.7128795964796,0.45037012975269314,1.5596882854625134,0.862820970302157,0.7263232663350351,0.901915344678083,-0.2279693622365442,0.9713390677778767,1.5402992163691458,1.2077241886899504,2.0841550735046197,3.166700184023345,2.6332115955013933,3.0448463640940497,1.607665808386999,1.727912132001714,-2.2350615356373633,-1.7002939332823923,-3.284417942074729,-2.2573322439766796,-2.242994485311642,-2.7374020163993564,-3.448481738786871,-3.510465811853445,-2.3577508200797404,-13.014100013409164
3.6775543381962086,2.6719758508165223,2.0188646568977537,1.4331251400116196,0.7171127952577498,1.5868988835960087,0.11530316810836856,-3.046292343465156,-5.359907043483921,0.7229937929282454,1.8537293888748,1.7425576281089004,-0.04782052840698498,2.1369167561194384,0.5844876877367131,0.07248808781395594,-0.4443846433745517,0.4143702428289847,2.3847427364263973,2.9032622751845767,3.954495467865549,4.445832750095622,2.1438827169650727,2.7163653552847364,-1.535605891878783,-1.2007797308723078,-2.1061979562765822,-2.1511327620113363,-1.1497644201111814,-0.16517439075910822,-0.6341125175529805,0.8578116493520539,0.12833139063948804,-2.5655330410691994
