script/wind150m.json
{"header": {"parameterCategory": 2, "parameterNumber": 2, "lo1": 3.000054539987559, "la1": 64.9999836372058, "dx": 0.5, "dy": 0.25, "nx": 34, "ny": 52, "refTime": "2026-03-02T20:00:00.000Z"}, "data":
[rows 0 to 24 of 52, columns 0 to 33 of 34]
7.255151171442122,6.155169909666171,6.7265724594636485,7.106786131250337,7.0277293660770255,5.703918126440949,5.778127131940133,5.762224127392747,5.101680239722668,7.513997035647838,8.094475618275089,2.5849279435122963,-0.24288531246428413,-1.6602594023175548,-4.082214804968039,-7.715136280462908,-5.721090094912463,-7.293938551569709,-8.681601498647815,-2.534299665678369,-4.424870279926882,-0.4348998272306755,-8.280061878954875,-5.094400040811321,-2.4670389653986584,-2.692496475617774,-2.834425833129161,-0.5433168020714044,-0.7094175864974872,-0.724120474786302,-0.8659072689815356,-2.024218907280062,0.609244998775815,2.5863271853584378
6.5457413484486695,7.153830932893012,7.48057158501613,7.033000050670738,6.979639065249545,5.912494856817708,4.916066189927768,5.909837325863472,6.48278288871798,9.402212577405352,7.562373447991812,2.5284051604179085,-0.8843701750319964,-1.6662630954885127,-3.700893521064135,-6.648788751366246,-8.799769164600455,-7.794319038814483,-9.769093064958293,-3.882671185385485,-10.124544160161625,-7.924645977536776,-3.298573449593734,-5.90770217458288,-4.186298453978996,-3.7213264268945987,-1.7238178552510077,-3.945288373736062,-2.990395485281142,1.2380716011185195,0.4196114574336348,-0.36059267967900915,0.16156115981829455,3.261401693405411
6.693910525530412,8.484434219057642,8.231989526228176,7.27895461417861,6.811142275471807,5.951897442493075,4.857519940941631,4.926333759944519,8.553375898230666,9.998695787644433,6.2053946978024666,2.167314822482106,-1.5398499149220275,-2.789314430385242,-4.341993929887336,-5.271622160081456,-4.449838982454183,-8.734419461445544,-6.3746005395350815,-6.0611414282596305,-5.350472794769755,-3.501009672629792,-11.721993417350799,-4.1311824076508,-3.9647674621186626,-2.623143989192235,-3.7460897585134108,-1.5712112411511685,-3.4169860687409463,-1.839011380067329,0.96790831617621,0.9094419775073733,1.3556894937043427,2.057500532115974
7.783557924291333,9.070212228912997,8.419919398233365,7.628079985872497,7.528597478099938,4.303197453621494,5.582794437244994,7.426728357148149,10.144890135994972,8.282211046681901,3.5889618065204405,0.9808557913847282,-1.6653526432402903,-4.371755506234701,-4.953539835846941,-2.49441288441874,-4.0332040511776075,-5.402625900684748,-2.3907385354902906,-2.0940081654251284,-0.25023750855479315,-7.553075121422246,-4.91389284831703,-0.95323398146766,-3.2859402578528805,-4.765644335281619,-1.6057134754494322,-2.7897683677028797,-4.575679296613488,-1.814939088942138,-1.2710969269397197,2.3929422822329,2.364938973961791,1.907401301649864
9.001730703036024,9.05376234639117,8.463611289122154,8.124234240833998,6.723359149061141,4.764897304070803,7.289248518156117,9.52554092930081,10.340042583723076,5.654232755769362,4.416363217067903,3.408841634261257,-3.8598313391122026,-5.067211103690467,-8.754505250607734,-5.775007952551741,-0.39261588902022077,-2.956932833593994,-3.5858515397338766,-0.3360322312134579,1.2649820747932614,2.1172651420013238,-4.7768257291728915,-2.585890756433234,-1.4855366165587909,-2.1983491844938836,-4.354486637585276,-4.100192164008022,-2.419281332992712,-2.027226734674466,-1.1138314530650122,1.6246439649467355,2.634319682281583,1.8208554758076008
9.07485212000985,8.26419690719587,9.119476689872988,7.219748250263974,5.4050776312032776,6.383804078156966,8.433083935859793,10.622745491226421,9.903202725063252,4.835848371272791,5.113050200207446,2.5618154802056505,-1.8818694079499985,-9.698391895383905,-3.876099152679891,-3.3733911984474907,-0.3357262192200838,-1.1173335546804009,0.3080960845505267,-4.025949557313792,-8.377753971678553,-5.496841814813976,-1.0650561884438199,-1.2131979622356366,-1.03261337198537,-0.5595645831167859,-3.292106940747909,-4.3289969458646524,-4.173064381040307,-2.787416054153365,0.22853126960402043,-0.13133887211327555,1.016560136887972,2.003245569401931
8.823253926325737,7.801087260837339,7.970843043861316,7.221759855516076,6.473812649292214,6.950553005543475,9.417700399182678,12.183822618479972,10.128082814347946,5.165455239047694,5.279384359992989,2.7672434575174742,-1.8532652155023637,-4.560218034907631,-6.867080825960994,-3.0778769078847374,-1.6594812830546395,-1.3414811873337722,4.823224267407724,1.137617890610911,-2.971998275948318,-3.5776597880971672,-4.897572675963378,-3.1447315500198787,-0.4692067040976521,-1.306523160608984,1.1028932627930925,-4.082230825126109,-2.9111694913321764,-0.5600427639521571,-0.35939499823236537,0.9104473435663151,2.6233380539973075,2.2970326103348087
7.832197699643446,7.36445397026391,6.587412450466337,6.1952100697923145,7.008848244219982,10.067487030743452,12.04057966472415,10.96637017351193,9.493454218713813,5.9945577858036785,1.9294172874095206,-2.455988595907843,0.19820157686233356,-2.2458018750148225,-5.028180344639218,-3.67413044910362,-3.6041114058812056,2.255561462808602,6.41999216229324,7.345169545251855,1.8262971111765844,4.444692014041547,-4.317584879534588,-1.8091134004386493,-1.2711445735461462,-1.4397893196291138,-2.0524023688128183,2.034310360432083,-2.7304450502189184,-3.041604257632292,2.1407598191968957,0.8934242508109604,2.3414568136498146,2.5296320788181297
7.149601777925743,6.897523544028055,6.264138849904426,6.661972978437285,7.114716527789061,10.803879187230832,11.179314200511216,8.914031902267116,8.941239141082091,4.277042164263588,0.7278555091489372,0.3737845575388255,0.4924199284534739,-0.4029311143132101,-0.42908798834314205,-4.0519948509443235,-6.978350359691126,8.766510927237288,-1.9511623210843634,4.311049568879438,14.577660144023637,7.224464638924229,5.678568510812345,-2.119086538191055,-1.250605433254779,-0.7018365171809634,0.3489143066700741,-0.8344929017517717,0.6803764359944273,-0.28667888757870896,0.07463106835951035,1.1384660891270917,1.8590788230416815,2.2129714354876593
7.0194672885179585,6.09329992549033,5.17325327870564,5.041943021655913,8.48918797852255,10.94160170480124,7.87750430519465,6.8215692464694,7.3532957603155396,4.238677457664531,-1.2085887554231785,-1.2763121469649457,5.635554726676221,3.140562705192866,-8.285587733971111,-0.4006885408045697,3.3394651813773035,-3.3764862000914415,-0.08206182213888114,3.2944130205202002,4.393680868982263,4.469389724166817,3.5604198267264606,0.5653338896662099,-0.26132330901810413,0.08593805399005434,1.1743062908979636,0.728094786865099,-0.6610089534827104,0.878939410089938,0.7071134496670972,0.9024383189692327,1.7847714250056057,1.609957878093651
6.833449987760375,6.138553607616554,4.9292695868530405,4.981664232964961,8.578817084142054,7.452370437580372,6.32969701634105,3.8958133558248993,8.313704028677996,0.7349443640998498,2.4371702980022047,-2.93550886254967,1.6950070843428005,8.185096181534721,7.556411359378553,-3.081398715047793,3.2726895307005606,1.3583155798367925,0.03975606100236175,1.4395368677841163,5.258479236049846,-0.041665463435365736,9.663766581635324,-1.8149069794997144,-0.7241417795763543,1.0239770396321615,0.24698073801855572,1.0083332390817707,-0.4365752293290455,0.0034822080577450146,1.4005039058585378,2.0087715176853074,1.7369837532070682,1.2516985829034981
6.747869951582508,6.13518560180568,5.002074837903745,5.219589613277436,7.070169857978721,6.155348421270572,0.8703221840921291,1.6191923908556662,0.2922812657987487,2.8760899106639726,0.5871293105409731,-1.1594500375073975,3.1451681259418103,-3.2698336666045122,3.0140570191414247,-0.897016591531672,-0.07922932693247495,4.909627733538471,3.218493697134915,1.3522764168930197,7.00924166315918,3.5887395094842742,-1.6679359898924007,4.171501197354711,-0.0237086388878623,-1.6594789389513769,0.5866769939278037,3.613263269416997,3.2534379610071458,1.4968761513779583,2.217205416652346,2.572387095880638,1.6784441252677178,0.7799561610691557
6.486126976019683,6.190572939395418,4.381556737783411,4.901863840973057,3.8600883262213306,4.134368894664937,0.7721733746691124,4.054391580586538,4.474502280121951,6.754450484090173,0.8012528472079025,2.158156889623642,-2.8080965819107937,5.402416250814834,-4.2343122526949895,9.215722826378771,-1.4265456827947816,5.237023516094426,0.3902288091587531,-0.4798035120231896,-0.04677781950212846,4.8061653563808155,4.279658116803521,0.7306739782529611,0.6527850833266773,-0.8371172161642259,-0.1652880933560671,3.1406961972761596,2.297200058130519,2.0146382624958914,3.2284598342621327,2.7524665164486377,1.7734579297658464,0.9430974668808285
6.411567217231422,5.253613294415092,4.47793281880939,1.9767242797825237,4.693991119724851,4.096821607996104,10.345879328259032,-0.7737665090402338,-3.2583380844310432,3.6574646747914836,8.628989427167163,6.658060094222275,-1.568929207530391,-2.296669089900448,0.7100015997988036,1.1282516137671765,-1.2763957225256577,0.8959570956509806,0.3859262322294542,2.204111697019111,-1.7622387864205793,2.9920224903805064,4.4716333859794135,4.52335309317836,-0.2526191315588751,3.9112060416564627,1.323953763617951,3.2314900742947494,2.6167392573649093,3.6749154474051755,4.804486452134253,3.1123345204330026,1.8278084024418115,1.200338958825679
6.245101396615382,5.627838592713867,3.529647567103163,1.5390651044854557,2.623002230918913,2.2521495590610527,2.918787402953654,4.067588122698324,-0.5203837498349574,5.422355067758267,1.691010678461158,5.9749429758449715,4.134959682526404,3.014047564791883,1.2929266718453472,3.2650237104643627,1.8965279305214076,-1.225499020486873,1.4877838418132008,-0.562257869519232,1.7482152738870953,-1.5505878713510464,-0.0008436482850496162,2.044943301323285,0.876849654094913,1.322238740451162,1.4934116323412279,3.7196689413835364,3.7591727394972816,5.03081816969171,5.775299394535974,3.093226613894766,2.1092559172761725,1.0995775293212984
6.039187670701742,6.335932269036924,1.3432240581558492,1.6050668812884388,1.4118131965697698,2.2180593587320336,4.291107233106286,0.15481669161694364,0.9401224912296086,1.290668669040268,2.408112524649015,8.349897287838454,-2.819219376136437,-0.013332848187084766,-3.7988565093982833,0.5018247637043121,7.254452131181246,-1.9322684363550613,0.372010932117409,-0.036280458971883596,7.23502442726635,0.3880186580747503,-2.4453542719890207,0.24653859624215993,1.284457255414273,0.446482789073589,3.8978272620231698,3.0287175318359867,4.225239540474355,4.366041457031172,5.329267010628889,3.8483254770010014,2.591970296499978,1.0261741113359375
6.877721248728333,6.250255073100356,1.3791136630749672,0.6353791408348107,-0.4360000701349834,0.26711307773715065,3.7062409882533105,3.8343853826216803,-6.789495803551622,3.5384005977028417,-3.535824367948095,10.016333148999518,2.8745207587879857,-4.263557646331187,-2.9342513730932946,-4.234121749444444,-2.1009173598011612,-1.9342369692301211,-0.4680417924792014,0.23763330413692138,2.8701577016170168,2.3694151170620246,1.2140550025254646,-1.5969305678379782,-0.15710533572811353,-0.5815508174992422,3.494143752166533,4.113334664062644,4.832398134549957,4.043990578832839,5.577752608074657,4.074557631297406,3.164024106237313,1.5715392351809887
6.596466319439628,4.696258299074028,1.9164339364327787,0.25843846150109645,0.19075438728495395,-0.1604298969712427,3.5359668289599404,-0.5797039988417212,4.770647848590449,8.205298500797802,2.224245431530406,2.738357568478765,-1.959349697371023,1.3662644095690903,1.403549084555752,0.1681511716257417,-2.4095619650820406,0.8783818120088943,0.24272448912971603,-0.09225409083280371,-0.17321024278027486,1.286988439700542,1.4013849575680415,2.828518084392009,-1.6058711002352832,-0.40712016184419436,0.8376278504071641,3.2491338565935592,4.966480395410799,4.104975953822302,4.372230158671314,3.377576792721878,2.833521712296271,1.2042833631364134
6.427163265737725,3.9381808669314275,2.6598728146837827,-0.12620622613004864,-0.9465809904317163,-0.1879386019464895,6.193606858228226,3.327535883395212,-7.520290236293797,8.218627741722022,5.346411113208399,1.7475954777080318,2.789825815452558,2.8134490268450594,-1.4519339880059945,-0.07457319512415685,-0.9802286514737778,0.06877965764372398,-0.9505725060415533,-0.288803201674146,-0.3578652675615404,2.6604993272976203,2.7871222838036562,-0.05188258550968357,0.8637528609653568,0.6757084444276088,1.3890295914757067,2.9341807798251556,4.756119443081816,4.208281744299359,4.6637933332768,3.175403869725663,3.0171020342605988,2.0113796894187557
5.674730076869396,5.204879108983242,2.7171616957414204,-1.2688470880318174,-1.1459649940435779,-0.8714022306162549,6.25944685889448,9.237246204535476,9.423621022132409,1.9623624630668892,7.3353507144766565,5.294418572310545,-0.28285468427647686,10.766504901258113,0.04918107172652796,3.3023513187420184,0.5681578467002669,-0.01621659510643766,-1.0288811018766029,0.9506261354002776,-0.5420970312675093,-0.17075202240763268,1.1565687833518752,1.5158036662040828,-0.9672097538881691,0.4101859274746097,0.7469068268416634,1.6022777709577944,3.8306402180483254,3.8641575819028655,3.9046883130614876,3.468208767222589,3.2024473965516993,2.009594975954461
6.1140758447783305,5.847834855088806,2.1480266297494777,-2.209916665336924,-2.2389023835891178,-1.8198776174217621,-8.228210189972131,3.0811926134174543,5.2693072656287345,3.130959894336542,4.485418077502419,5.426136600428649,7.2165133330540225,0.5390178675228688,0.8164501970674667,-1.222779176691374,2.8054979955594153,0.9554552685554754,0.05044169886379515,-0.07454469388059026,0.6425179058744322,0.2805042004902623,0.3320949620077895,-0.35998408923449227,0.5746271810586936,1.7812230132285924,1.0403291863617743,1.0860149165393973,1.904900226715236,3.9478477966480217,3.760357933994239,3.330989586403922,3.184389805537699,1.7160561364220284
6.211321309872872,6.142015487555321,2.8000917540402286,-2.550819336285688,-3.1858097639071734,-1.1425215708951477,-2.683804651662398,0.299537095871892,3.8874199077006883,-1.0328084853703812,4.706626917450006,5.2976103273644926,-2.666189783846428,5.051793945007095,-4.730207105205142,-0.8379972935261514,2.0803559629190453,2.802492115950444,2.271742824332828,-2.3270201668869412,1.9197932297578546,-1.0035365047646017,1.6758899681545563,-0.3101294078300512,-0.6056008595377176,1.5816046863608917,2.0842081741943397,0.5079246807112818,0.3385437681947268,2.6998701347428864,3.2597566425436852,2.3249018892645226,3.1258508757527417,1.7226741626583169
6.134556636343489,6.263200589388197,2.88687853652405,-1.2702852698504983,-4.06137724389287,-3.0701552660195657,-2.8594300007157356,2.3639898530278463,7.6438124557558025,6.166902918517451,-0.8194910099093258,2.33841202985187,4.184897126766789,3.6231485129485375,4.423209283821622,1.0686300228288383,3.639564237154725,4.419596036516073,1.9697331904284905,3.4998752122623915,1.7516031675639947,1.1231177568918074,1.3814017339455729,-0.2167327826934215,0.8664095318031348,0.5483471399788423,0.25518777499144135,0.8069132752034229,0.7658148449515181,1.7584601669519178,3.462062158779096,2.322455385692481,3.2319738538172653,1.2900327523768456
6.172205289958615,6.560368790513128,3.584440761276764,0.62892029081136,-4.761086332770309,-2.6450948162300825,-0.22798074279473493,-2.668129888887455,5.058876198499381,-3.8894121681767686,3.125100950235159,0.07528917649675304,2.028024776374954,-0.028379934851832028,7.626266189798487,5.225433472279354,2.974751025105174,3.848861214662528,3.387333516951491,5.556112472905245,3.1016264025544316,3.531699574518185,0.9665375037604924,0.5673906511928607,0.45440100128905375,-0.2371264330358212,0.22307613937736992,0.0849444882487245,1.1266513676830494,2.157922795068269,3.00152289903157,1.4491648638330021,2.602029568238396,1.4989177209828035
6.2610921749245385,4.5518551704174115,4.078071190708496,1.8748129225043444,-4.951788273921498,-3.6567517704077845,-3.756697724128096,-2.4919320394830584,5.228995440655947,-0.11978581707274598,3.73574447464823,-0.9131565510260327,4.257187742231685,4.549527513208344,7.18450634577278,4.904339795724681,6.545173384142559,3.561140487676896,4.862182987398106,4.827507969957986,4.8179639490136115,4.5739879625953455,1.645464802050212,2.224050462990918,2.0925386799938357,0.7240818930772852,0.4722459717968132,1.0224964638315326,-0.21871634164152595,0.7224604231570219,2.8313347390567634,1.783426091085964,1.6338487414099603,2.2307429747282472
