script/wind50m.json
{"header": {"parameterCategory": 2, "parameterNumber": 2, "lo1": 6.000198445256149, "la1": 58.999992894266676, "dx": 0.5, "dy": 0.25, "nx": 22, "ny": 24, "refTime": "2024-02-14T03:00:00.000Z"}, "data":
[rows 0 to 23 of 24, columns 0 to 21 of 22]
1.3976620140552882,1.55321629481257,-0.5113405479254202,-1.7670919903282856,-0.8492892748426963,0.6145510613565207,3.598179210577211,5.526251220437345,-0.8491310330626627,1.8806234508162343,2.3174289819207567,1.8862137434928485,-0.194071194779151,1.6879256261812028,1.404800554803288,3.381619257434086,2.4666458778756795,0.2721212237612462,3.040937969229777,4.415412685591571,-2.1500117930905396,0.411055600390104
1.4721149815978083,2.2978534859531097,-0.24693763404680416,-0.9507256813242445,-0.5812177829581646,-2.5974677415540492,-0.30627678230607125,-0.8760212319927895,3.832052226641852,2.430538297064109,0.26150964968228274,1.2224425208981256,3.578231466904443,0.6677122978044819,2.1439511264059696,3.7832093298581184,1.4035038353178553,2.5547630143876243,1.5867084848180795,1.6552024431606378,2.513611790065229,2.9659207623443593
0.7655398726988786,1.2055709804879438,-0.3854337188182346,0.2727731451150706,2.9025900971534595,4.761208681401724,-1.9886467512964088,4.745676996725865,-2.4367230872882244,-0.7112398976088564,2.377637529145216,0.7621981407845425,1.4154026945652525,2.494456052124396,4.3194458592673675,1.4303361006833804,2.315632060544372,2.42703269842156,0.4836756682567571,2.8200370401034505,4.726725379790079,-0.9711502884880263
1.6804889232251865,1.2955320599248892,0.16783692364835476,2.6609082298713407,3.484487172259833,4.643236408245702,1.0255523551172938,3.672278976766571,4.364253203390345,4.788249950325852,4.578119484645302,-1.0522829730507424,3.4478013789061643,-0.367542482165466,1.2721798334688557,0.8107656711924678,2.7682215458594035,1.4382647157374622,4.942646295647311,3.6616123386372146,2.2234090807540494,-0.9371686954128587
-0.027157474193847512,0.5518873688162321,-0.5632523052290962,1.119686920901294,2.0925591913715293,0.7556758542021541,0.3649011192410945,-1.7720600401895479,-0.9670402267719881,-0.8726864718874714,-1.5899865715465715,2.3402780935030965,-0.33047304829097535,5.269882863519869,1.5593706857923484,0.5963028859380018,2.407956022424127,-0.3057324033801013,4.819312013840826,2.395087175793033,-1.705408523251093,-1.8880393778041198
0.9268821924436418,-0.2168853160241768,-0.2836805057125022,2.5582696332250214,0.16770968630875832,-0.5225689978489966,-1.5930574817838188,5.552302336950251,4.159408288437528,1.1511995682734342,4.284324447881469,0.3877287746229559,1.6357050158164361,1.4441519444013144,1.0479306717503545,0.38828666289232155,3.806800710580544,3.9668252085630513,3.416550919667648,1.1953278327005035,-2.5412484373001707,-1.4646599359688874
2.0172880552559818,1.5857828254345199,-0.4142016974348411,1.0103888580510527,-1.003029767175321,5.617725465666764,4.230043913170013,-1.3042713219500999,-1.2121578896674785,-1.5494386972449807,3.620235767808858,-0.7447246463283068,-0.8733903810427154,2.07644203781833,1.1012276097227944,2.6994349459783575,2.8176725378260965,2.9771295450856443,2.1934233249831596,0.914548211262376,2.7173592111297324,0.020030801028909112
0.771974415616817,0.6458959192987207,-0.42680142037686447,1.27315799540877,-0.5610526433937283,3.7865055058784813,0.11179818040719791,-1.6600831155816942,4.34534503720676,3.3556913551239393,2.2910120361092945,0.8150538190158103,1.39319483461138,2.140665843525376,1.8524315623190803,1.4626093294894331,0.3249075093064854,2.3038928093142292,4.322003710928774,1.9636910529535747,-1.13858333479527,-0.7163673499039872
0.6257267467293038,1.6437694233811218,-0.22096691173350913,0.5539789158932562,1.7961239343529152,0.7304617334790363,-1.602251095132582,4.860095493967094,-1.3727151535017277,5.291224970276958,3.3713723139888288,2.5816474645929675,0.33472435613680035,1.2578101292616357,1.9905822362092458,0.8912284375223161,1.4909724070133392,2.1344896020874784,4.60829122113848,1.1839736740034357,-8.063822031646826,-0.5640436347893317
0.6884483033890907,-1.2937540159057501,-0.8159443575154847,-0.1706631483265818,3.6726581716338784,-2.7737543095324906,3.2957670745102803,-1.1703658317314976,5.075955118150648,2.5293398399966365,-1.6067863213961608,1.202517850598135,1.0216437104963678,1.6452092154623956,1.1263727625060447,0.36165535325408465,0.7476044253073908,2.81781422656042,2.797594118825951,5.177120968918365,1.1006181003027484,0.0014810057332472171
1.9660798446751804,-0.27529634949846626,-0.6918341611144745,-0.5996218091062141,2.005278562688713,4.966197913064177,-0.15599563026729288,4.5564812507767085,-1.3064753638953983,4.598791086200038,1.979536873130414,-0.5484059208673615,1.7924275788504629,-0.4358259312237745,-0.6013061266677728,0.9087598995764643,2.3915151607257092,0.27897715488128705,2.3372347331932044,2.78461598617785,3.4817548038971915,5.260114998364076
1.5038571512062873,0.27274053439804274,-1.4262260327827398,-2.25198708042654,-1.278604262388865,1.5349232467664518,-2.0865724079161487,0.5550200862100759,4.220102323499301,1.8283034259550373,4.5762643119441035,2.508633493295152,0.32648534458437006,5.994894831736581,0.8246012944358447,3.5715202779256234,4.506339842908626,-0.34257856017585375,3.0552307929285725,0.40624752389042723,2.277938727195825,-1.0400595210149213
1.012717576851637,-0.5005348140649645,-0.44091545820535566,-0.44534736762366245,-1.739778511868538,-0.2054131236733605,3.071625413286254,-1.6699506314983124,0.4868725984759219,4.401532335735605,-1.7104590997527322,1.581731396458231,1.7235290487715473,1.0868896538146642,0.7829692876592024,4.042633290377856,0.9436406587664075,3.1145617194009225,3.039735733751735,4.224764373559562,-0.3737216093638318,4.817259190088928
0.19307713093331597,-0.8870485004463451,-1.8452648270724534,2.514088720710317,3.3914762947366413,-2.1994088606291364,-0.8082150809536297,1.82394688528966,3.82309912063081,-0.7959985114890904,1.9007849483306394,-0.5830389846597109,-0.3656526678659095,2.8387807910834524,1.027314485567063,0.7720716608149183,0.9749772207234486,3.545438434196903,3.942603148064207,4.380559916467269,-3.170942347234165,-1.7822925867496076
0.8175337914753803,-1.4979772916398448,-2.173150138352694,2.2706265575161506,3.9074381589616443,4.627495179755279,-1.251331244914616,-1.9480280135072332,-0.04318888308437784,1.4360461986927444,4.177204021235325,1.0130399052220453,0.9504683629119342,1.6248524566157725,1.6592646013154473,1.7862185702630342,1.5979643114856146,3.680657951584619,1.9369810398671714,2.1953160340821936,2.2909974666536517,-3.0857712999639046
0.6125249043143147,-0.8963735212705534,-1.098432744301073,1.9008450864992643,2.196029440233777,0.3154088382073224,2.704633927091359,5.207341036021144,3.0848128996466344,-2.2351989632813307,3.730125903244041,0.9595778742752643,-0.9877831208560558,1.5531221954375078,0.2685737222913746,3.269037704520576,2.999520592941773,2.0088316827084207,1.2661082239780035,4.026309235478877,5.907264016431197,-1.2146092075172785
0.7327613837341918,0.05580316743451136,-0.3238764421301373,0.5568953978235336,-0.8424247020905927,-1.2402169916342376,-2.238052272665684,-0.6589211932682033,-0.43716366318533884,2.355195522978933,0.9902780671333632,0.9675763747477377,1.3326487191411225,3.184263669884862,5.399847900217273,4.698949925304957,4.389432708695485,0.2822086747848939,3.2630645509645264,2.461345324639432,3.4940487559080013,-2.466543842255678
0.46758529475156857,-0.2927479445949348,1.4155957167896065,-0.49352353888090744,-0.5478312458655171,4.373276782499967,-1.7731933636961856,4.32522163119184,3.9326113979824275,4.581380780984613,-1.669230661746111,-0.5765459844368751,2.0437216697719673,1.8464246878973802,3.443214665067833,1.3198439176710293,1.3468372941368825,0.6609506705412486,3.6843281388500375,1.3349919545477524,1.8993359219697163,-1.190142871370783
0.7877451042689707,-0.3551282431736402,1.6492146239423107,-1.1485759112052143,1.6803679457264447,2.4530144468175146,0.8757765450360555,-0.7640735411678874,-0.7210503544622442,-0.7537419326794689,3.10017017601381,1.1701254649541994,0.5612030916993185,2.072001818307389,2.1617237670575356,0.8176193350122204,2.99264702467247,2.4528965439166206,2.2916445465509154,3.262747604113107,-2.8344107959828015,-1.0710621913432021
1.125537369745038,0.07798438622218301,0.894602426102127,-1.2011425616932687,3.558704470341164,-0.30395320264033204,-0.3995626223742521,-2.5098894736980104,5.6265779958637,2.42360118814268,2.361721694738629,1.4920595021059877,0.16099127578396327,5.2329115717688,2.4409619283221975,1.805755581208201,0.685344176655992,2.6991537871166145,0.16579525406113516,4.1295897362000975,0.019925426643516292,1.4267086499261243
0.7991879525738078,-0.7112535496934009,0.9442660795720349,0.638113361712553,0.9064802125124835,-0.8303050676909413,-2.1555111871938575,5.326640039247378,-1.4387755864830742,-1.921069395065204,-2.306030358716493,-0.8632076828682235,-0.8907412476288501,0.013296453124922284,1.6167435763126508,1.2346006202584743,0.8082010527641845,1.6756050850895257,3.5842961205234,1.8795427650642031,-0.5868645758621478,-0.8378312435357377
0.7685490596361251,-0.3377370811696895,0.7996658754274215,5.041302747508513,-2.324187197380693,4.387117227253528,3.330472797793637,-1.126550355200032,5.889938067533791,2.515286617103591,1.7236073751601788,-1.044178610862224,1.394515028987214,2.024476847294063,1.3392030640344044,0.7566916803153939,4.605988306996872,2.8858873545977004,3.873189001915758,1.1757861064994528,2.0347959110047436,-1.1345771608951762
0.8650786648467813,-0.6101642013368845,-0.5952780708218732,0.44990888555141023,-0.9339858684868284,1.5422136137671,-1.8628390849632246,4.6112198674084315,-0.045327456777609895,-2.016658435286663,1.2508302925907415,1.282230537225391,3.260107176597793,1.7695146483100157,0.9356879627898286,0.5899063572792983,4.23157102541609,0.19111579123493025,2.2172063302829064,-3.22051780020222,-2.2546127311804196,-1.7635634297795404
1.0842603211519457,-0.8826473381949547,-1.628084324830241,0.8567340216805208,3.2538708731706505,0.6907950584026276,5.435152224325509,-1.3124233039769297,3.6425645883191424,2.541427417576726,4.025812598153261,1.0041134608645068,1.1432653931600336,3.331722757192026,0.43080387878217075,2.6193510866727525,1.0423820389341394,0.5549683867351817,0.3409117667759889,1.4777670139782868,-3.2727174374400962,-0.5096141118104393
