script/wind250m.json
{"header": {"parameterCategory": 2, "parameterNumber": 2, "lo1": 6.000198445256149, "la1": 58.999992894266676, "dx": 0.5, "dy": 0.25, "nx": 22, "ny": 24, "refTime": "2024-03-27T21:00:00.000Z"}, "data":
[rows 0 to 23 of 24, columns 0 to 21 of 22]
-2.5933131591629293,2.2209145612625716,-5.432185796273652,-6.196764128272406,-0.987967645088691,2.5994051357529795,-6.5165611515275135,-9.740642592551907,-7.17026595243258,0.64459009186618,-6.734374525391052,-10.370417911268907,-7.223667002038619,-6.579960743842591,-7.041538384301371,-8.336086387225373,-1.2088986649758566,-6.533708190020003,-3.9151289773931515,-4.533586237881145,2.347301197605181,-12.12960970115858
-12.282253172749314,-7.210528591955611,-5.227736995420728,-11.809606071420182,3.3187051134398926,-6.6240448287418365,1.2513902823756817,-6.447970514138164,2.814194244670851,-9.109102505329682,-10.055703939151394,2.8446048082466886,-5.916751907400788,-5.819053901185538,-7.870433797400239,-3.5740531546162906,-6.538847495192145,-0.9819259442907805,-0.8477744394600449,-0.6107720506799059,1.3479208369735134,-6.103711760493875
-2.1764635113881385,-4.48277718427252,-9.999454077148878,-7.409457206890491,-3.0506170414138536,-7.152244255780471,-9.087250583701246,-16.62512695100504,1.156485307746175,1.921901787148762,2.0445668975974365,-6.809080225850412,-7.569412769116262,-5.902797327202987,-0.6790982089608766,-6.581681763354351,1.384470351211524,-4.22656084650459,-6.353365753019556,0.30565927524797415,-7.65419605724486,-7.4156675181347795
2.1955593749980578,-6.559802334809529,-13.139869297288554,-10.402741084361557,1.516065329864405,-8.184172985376378,-7.61694414150399,0.7134500995683721,3.1850728063068887,1.0807136965824082,-6.372679071520229,-6.451745665782505,-8.662859443567756,-6.996897840171745,-7.588952361453236,-3.3837654812292266,-11.396253821338828,-6.03123619303227,2.9021741842129827,-0.5341978736439899,-7.912644064924174,-9.188644429438156
-8.700059545306283,-1.3933322328923554,-9.937020828387523,-2.423684766692936,-8.368106013875208,-13.21048274638613,-0.6275216721733582,-7.939516483161276,-8.611557214098003,-3.651915685458852,0.4121439784936067,-8.927784192134377,-7.3749314903436085,-8.653419549333098,-8.002844175195301,4.240343115020371,0.3145940769746192,-6.8648999072554435,-0.3686687824453792,-3.618124639475221,4.002121871881912,-7.782997196109315
0.09487273772659478,-0.04490396048585424,-8.681134571501232,-0.13278566141185894,-3.616088189410743,-1.9030226858577728,-6.288685238995506,-6.738627040736639,-10.643222114584232,1.955074412542027,-1.4671933357918043,-6.419368178155858,-7.0755432681236625,-11.030120165289002,-11.046539616420405,-11.674633779742457,-11.470690717199043,-4.868094572683834,-1.2102495846929633,-7.7838565222375875,-2.062511160154891,-7.5556483815414985
-6.574161147649573,-4.820933917314508,-6.54972641363189,-9.930214573801395,-7.375251523232622,-8.231738857047088,2.4517640345018266,-7.944946164514277,-6.324508374444222,-6.635896073082078,-9.100197523853149,-13.270764882736005,-0.9326385231091866,-2.8994046003054534,-4.5672028812949295,-6.133176831696748,-4.906309377539707,-7.4054522816130754,-0.4810268403192834,-5.368700361214526,-8.073805746940923,-7.343073730906304
-0.4102136748427607,-10.235665443702464,-10.710648567664936,-1.3339028376826578,-10.163332328613292,-0.71073101434145,-6.852611052963176,-6.570436442534385,-6.628726953408369,-11.296158865291359,-3.9812463654633627,-6.753622218620237,1.1194233361102326,-7.919817764603679,2.218936480442748,-6.387824411664477,-1.7787184387403396,-3.7374298384311593,-8.84830350282942,-7.376250441952919,-7.415182261852153,2.431199529796606
-5.476018011471503,-0.92087434122523,-6.756150469251362,-2.6792157968891597,-8.284643054370179,-6.1252628349834675,3.74725916797993,-6.236657948984575,3.503591958893698,1.9722284010949436,0.27497020571512376,4.25412023251939,1.0566808010230087,2.7303967244812815,-12.18990502413868,-7.940668060137988,-7.244327016971902,-2.4225512462742556,-6.633794095395759,-1.6779263156293234,0.6010276135325762,0.12268238030257257
-6.6322405240083855,-3.4511605297122396,-6.978882185323311,-5.921898743833689,-7.503452109380549,-6.249353529922224,-7.525161048057987,-12.161896198612828,-8.222894109449559,-8.530560731775452,-9.738524152864152,0.09513616498295564,-2.7551094796410496,-6.896924378632059,2.767034558856428,2.0771544501094446,-0.758085572479341,-6.12187299503895,-8.195019880060249,-7.4753589586228095,-11.25460593303237,3.5250098701966275
-15.879678077527409,-6.879447184606891,-5.236510155837589,-6.82815783282501,-10.759995422323588,-5.507167968367034,-8.107993064824562,-13.062797143126645,-6.089562628782371,-8.811451899682684,0.6509679476236668,-5.993584453183863,-7.739872451578442,-7.036600004088777,-4.021676208066015,-6.631581298504227,-3.4421500692003133,-8.161944655153315,-5.8132743407161955,-5.387530846437177,-4.806738007812121,-0.3834207042155078
-7.008503549175173,-5.879798270114856,-7.534231300086127,-1.9646825886623478,-8.091419514653909,2.3096645738587456,-6.950231470008417,-6.871500910708753,-6.9544210908762345,1.3023405454732293,-6.866611004245708,-8.939618334395607,-10.293863726647507,-7.333596463144924,0.19235819649700567,-8.873370574825516,-5.36879693349629,-13.621259713895787,-6.653408485434634,3.1414943933545936,-5.787729165007222,-7.31092062821614
-8.897539344389896,-7.0253312185875725,-3.794480414138228,-7.675086379360969,-7.762126729216909,-5.810991086921279,-6.332858915914354,-6.452188880839929,1.5965101953680108,-7.794914988271552,-13.628955876845017,1.3813185625305593,-4.793549659728709,1.2223741950468674,1.8975183611691901,-3.99510651377144,-4.285444360876171,-6.177031159861014,1.9373700982794522,1.9046351739203262,-7.267505203145092,-8.735008156605716
3.19140253381031,-6.98584146542614,-3.9035400734153214,-10.40528508388573,-1.9467923177907283,-7.473844376203539,0.08056241613693109,-7.199852867195753,-10.791319445611313,-7.007373727856478,-9.17179506466019,-8.045075243706563,-5.621075394042746,-5.166606435177461,-3.2976937860783426,-7.645218014256563,-6.858932617100799,-9.418881537457187,-2.3368103783091136,1.720982219165269,-5.892761086364888,-9.012535883538751
-7.952112469070769,-9.231616077178257,-7.543057861093412,-9.505265445729888,-10.102694414413557,-5.525610964531182,-9.097052733222618,-3.704372754042084,0.007460311029904302,-11.607654572055914,-1.6259722626893802,-6.431393174628442,3.928331913565399,2.1321939683162436,-7.922384370701098,-8.225600672610344,3.5055637421007138,-8.34010778925894,-7.4964897085572435,0.1838606902228473,-2.2492772474851663,-10.799846804704769
2.9616484564487835,-0.880168938906812,-5.5133165936558255,-5.4304713823074575,3.041497841465047,-8.01719411178185,-14.420779129293873,-3.147995862881072,-8.423384041584491,-7.321370034106096,2.256933801625894,1.0892446056095713,-4.860005705179109,2.9629010037053667,-7.25464131525414,-12.29081759236359,-11.601983799147881,-1.7820368629790617,-8.487171539073163,-2.7700145587107583,2.3114851446220843,-7.284887107528398
-6.65908083593033,0.2096102419596833,-6.6564710751642,3.1777383986943297,-10.264585105990697,-6.9998108894102264,-1.786274767366998,-0.5517520384142233,1.351046603276083,-9.136160558063406,-13.624157991519152,-5.881475055775568,-1.3587212720775201,-10.945930195870474,-9.087899866503351,-14.202110636135943,-12.013140795644189,-4.909788988247491,-7.397048939946115,-6.060816426687279,-12.35929022952261,-7.379006470931816
-2.3662890909167675,-6.703201513307593,-6.769612326887777,-0.755730845381227,-8.595490459768975,-8.602497515346679,-2.4903005736105968,-2.21713684094376,-10.14843287740814,-7.770310415677346,-6.061136825742608,-4.9061862379804895,4.12805639644529,-10.823155464056287,-2.6311709013306737,2.6098457953223946,1.0442497789771552,-10.562240756809128,-12.979028855279731,2.4919679277090703,-6.105945835632481,-6.260032493683207
-8.814856538608907,3.0276589382909393,-11.10444327397149,2.691989485169324,1.053165771803053,2.8361182234752027,-0.5389804774141851,-10.565653641347547,0.6906810423412394,-8.27476179303199,1.480849749592802,-7.021811782080359,-7.611088901169998,-4.76064766778685,0.7085172219374285,-1.0099627936926285,-7.719961528113122,-5.519876490654148,-5.204621024651307,-8.372491679744883,-6.2612929647306785,-7.571729898364921
2.439585752966061,2.190036277777026,-7.14455949877061,2.870312835188824,-2.3465211029925346,2.9704675346776757,-5.490067661069284,-0.15436324378034116,-11.789456562547992,-9.902970064852658,-3.5699367841370853,-7.247628892230996,-7.266074514304725,-3.421647163229351,-16.787562054312456,2.509987243064617,-2.295257600481749,2.496071194154684,-7.693686094705845,-2.7227195703739406,-1.163045672947535,-7.435522178428391
-2.6600458518184005,-8.753249151480489,-7.662924996277436,-8.33582055789733,-6.83588216309234,-0.30730586157089274,2.5528252661861215,-6.0892346033032405,-6.630973576350922,2.5267137869767886,-8.093945938059532,-8.736685939964747,2.7652276436872794,-8.840182538000162,-4.583302049591968,-7.212074951423375,-4.2034004564724174,-8.352165554157134,1.1548731329214124,-9.877494830611306,-9.106231767985088,-6.7152144280115005
0.012559268972802892,-7.112429923699654,2.4259090776862204,-9.632031893410742,-16.673629705457472,-8.183544024882591,-6.571261518530199,-6.28013079944748,-8.828670872634822,-6.215234874306249,-6.817258913683212,3.533891353647532,-10.694307747121977,-1.6450320940804088,1.7996654728316706,-3.0236764107939447,-6.5654283115595184,-5.5720044974111635,-7.239109147843783,-2.311190428866859,-5.930686651684809,-8.26608050065855
-2.145782226121298,-8.272478942104598,-8.443299733934825,-8.950612126479966,-0.9689838796749481,1.0323412914818286,-10.235709238305384,-18.586271145872118,-5.148229711815143,2.285546370423436,-7.532268713942029,-1.2398088884410288,-5.110908559894445,-8.316767368700283,1.6219485403235898,0.2473627692862076,-3.0241230059549538,-8.710390900554005,1.0355628642581467,-7.641312848486889,-9.807116949099631,-6.378093260691584
1.0044483379112175,-0.5610061611893729,-11.93968933932925,-0.8240461651522281,-0.01274317776302261,0.4405419457213997,-6.525552290559136,0.7281202103511811,1.5817609154426477,-7.9773198474267035,-9.70188656143702,-6.7945020252698995,-12.32875793279657,-2.7725827009769413,-10.761269799959559,-6.183887154084514,-9.817445067591382,-9.053431779594165,2.331236346743171,-8.348816489175622,3.4510844789859516,-7.624699913868033
