script/wind250m.json
{"header": {"parameterCategory": 2, "parameterNumber": 3, "lo1": 3.000054539987559, "la1": 64.9999836372058, "dx": 0.5, "dy": 0.25, "nx": 34, "ny": 52, "refTime": "2026-02-23T17:00:00.000Z"}, "data":
[rows 0 to 23 of 52, columns 0 to 33 of 34]
-5.0272786829007545,-4.869564056504665,-3.852262016973077,-3.5352891069855636,-3.6519342394481518,-3.604786107863808,-3.3845476853245744,-3.3861744212430502,-3.5537029365194397,-3.8313841545059577,-4.463594260204595,-4.425124091850199,-4.165412835080172,-3.457442905167781,-2.8500333137610845,-1.9533212712206558,-0.09968429389529301,0.9145660492729614,-0.04611057591643702,-2.110306459816345,-0.544483426788023,-0.4106282593842623,1.6294227135024706,0.32819656764417565,0.7053203963044177,-4.8226770916578845,-0.32443956744568264,2.488755966691664,0.6022918977176228,1.6492899111260801,2.4268737734486776,2.5699980358859924,1.2374850309865766,1.130505076971393
-4.175343400035864,-3.839879457432053,-3.964752329431719,-3.9299856587234556,-3.8185201080186113,-3.7486087184380983,-3.951278438177482,-4.442251070039533,-4.353921571164404,-4.505087231728757,-4.505416056776666,-4.418212476534033,-4.158589138713215,-4.052987417239515,-3.4108995542148883,-2.4158811361925276,-1.1218921598137028,-0.7430295917160961,0.8116514400828201,-1.167930909850703,1.464422588981306,0.0030050415641714374,-1.2935244610546777,2.738881672281966,-1.799831245585049,0.027023710675219716,-1.3583832584260915,0.4704117303350235,4.975409901122194,3.57121012172035,3.132529466322631,3.0063579392720476,2.9592872005820583,1.2622331362592702
-4.412718621899371,-4.416017016796195,-4.41615748293079,-4.451503466586078,-4.19044020062613,-4.262888451755998,-4.662218912941539,-5.2336896246453115,-5.105984725669673,-4.980313301904983,-4.828668608625941,-4.5038336916067445,-4.487069757231828,-4.314048965004096,-3.7779632526715856,-1.6866947168674034,-0.35012641158776153,0.6515744935539778,-3.639276023986668,-0.128348245249594,-0.3260770059979898,-0.42602792072946616,1.6358327820257288,1.1423372357885817,0.24428243280163803,-2.231151269548501,2.1790083520572376,1.1110173904892462,5.000445266328186,6.516249876979564,5.0006607192650705,4.030423946180632,2.9255011053907554,2.9129780694251544
-4.4125661885140435,-4.41051897064233,-4.5557527698263955,-4.6394212273244,-4.684079639091368,-4.863759101595083,-5.132262740067201,-5.333758992158157,-5.378511882740096,-5.202741117473603,-5.15424286157651,-5.1099093481327404,-5.0074529545683575,-4.677432372682413,-3.80287238782584,-2.085329963223233,-2.911379377329263,-2.841928436206654,-1.3853558676533453,1.1306203443224823,-0.11527988788298132,0.4726126789515904,1.530031852653322,-1.28511519230403,-2.3678750570087823,2.1471381615986265,1.055694404772519,3.1887991581758617,7.584875772881887,4.407083897289842,4.14839225477022,5.046022023435362,3.8542263752347843,3.756179982928345
-4.216861802287593,-4.514166871920351,-4.694951984907501,-4.809702927907609,-4.7094243591871585,-4.6758702361189135,-4.812499856175832,-5.056692411286749,-5.0193585766417295,-4.813826384134551,-4.922197038711851,-5.073619340095227,-5.135551989313403,-4.635155343649095,-2.437261462633036,-2.8497879434533058,-3.2437782168617693,-4.021955016325263,-1.3038381828479122,-1.8045314140225517,-0.3017355221797923,-0.9185977762712694,-0.3816364903844143,2.100959298246512,-1.9676080091616739,4.433504517272765,5.825698602352836,7.444691629483002,5.294657535602279,5.969520793065758,6.52252487634583,7.114059896126151,4.067223704481935,3.170490474775793
-4.484458801516691,-4.427522780356643,-4.427969167679877,-4.594035940070673,-4.60209995248758,-4.630065140937895,-4.573508328238044,-4.72210216201725,-4.609742157426483,-4.6615624785118435,-4.6898142374943115,-4.513197583684974,-4.6992034600288894,-3.609161059594926,-3.0996083726660637,-3.334018694016392,-5.7748553799668025,-1.040320991553411,-1.6980346946975087,0.11537635721302268,0.6695078591700497,0.2470918580023302,-0.54579594928189,-1.3777467269276693,0.714211747715146,2.840211502310947,5.49653776860511,5.881661298382799,6.2196863097050015,7.761263626932632,7.242897312614404,6.77817444124291,4.899433466600692,3.6425866422201825
-4.231541408878459,-4.3491196650015835,-4.451796815144751,-4.445060825681957,-4.469419603232206,-4.463612730062163,-4.442733320776356,-4.348302878672986,-4.308541393964311,-4.321921970922349,-4.331592850099336,-4.706724352370061,-4.642787452231821,-5.003026232778824,-3.0243912609292742,-3.548392912050412,-2.930532366490249,-2.4641467663562198,-3.245322273721101,1.4400983399776823,0.9384546084887759,-0.4558309844475484,1.438241710652076,1.5695329797978061,3.7918070047275982,6.453889114334088,7.6866062586336135,6.9658760619881654,6.781411175346253,8.820075546148606,5.27709098350804,7.043005881334948,4.563777470752926,2.396186646076663
-4.3244063215012725,-4.2361886265637345,-4.291274042035665,-4.317527919457668,-4.476306014744404,-4.611717330881268,-4.769155360420137,-4.6068578586965145,-4.570799524571033,-4.616075142996577,-3.5855853410638354,-2.420297169497054,-3.7173059579982914,-4.911128506520478,-4.000768914796028,-2.6259840627838447,-1.5460413098206456,-2.162508448722123,-2.5754672576832145,-1.0767827043953397,-0.7582825725694664,-1.8177998362573367,3.5460260278811413,4.549630136852406,4.022545336819851,5.237611662941727,6.807416343728519,8.82398123304269,7.6191994167540384,5.736277294460331,8.48429897884962,5.65109859746192,0.34476163646031943,5.731187079928009
-4.1422392817241835,-3.9789558573048014,-4.059992666878405,-4.333061821061281,-4.647919268977292,-4.933656378174825,-4.970472428037562,-4.9106730086184855,-4.183008086447284,-3.077361424843176,-1.6722572569057184,-1.1225692986266211,-1.2562511582501599,-4.223651530398357,-3.2936730552173294,-2.51079740964695,-3.9263109607078936,-3.363831152840708,-1.497448995063701,-4.942096805189865,-4.106692579279049,-2.8617847717586997,-2.8066998647228254,5.75616984464294,6.041835777720182,6.468307359805535,7.4125651822906615,6.597904625822532,6.520026304486152,5.876446244704769,5.825971604061258,6.279123793322405,7.1586469762543,6.944542422170096
-3.9465807479090285,-3.8696786654460884,-3.791806172987827,-3.455968323806159,-3.4379610708478388,-3.975461237737778,-4.297653417299373,-4.443935102569348,-1.310267606450187,-2.148900513815677,-1.298229328806201,-0.6944836937438575,-2.9051352697380097,-4.063459011223124,-4.004987453517242,-4.747480214361212,-4.539917326876976,-4.789209258066844,-3.3443874275886882,-4.344380216532497,-1.7960336922124611,0.4815082293261315,2.9440652685004363,4.854390662313465,6.018466622417211,7.262272906377189,7.041601752300547,7.464038469142415,7.949308811847162,7.179329917900629,7.543215703785125,8.87052033216205,8.290123950488807,7.1324321278044005
-3.908469703128826,-3.989919617131552,-3.394862453400218,-3.398401371084159,-4.184542513879199,-3.3632350942547253,-0.1868394608961338,-0.6235888724935348,-1.7226980944122703,-0.9576624781249293,-2.5376317339362804,-3.038508341616042,-1.8005486757530997,-5.479295487755317,-5.321931772379735,-6.903747869509378,-3.950550570385185,-1.5843847064129224,-4.7912185882735185,-2.516913442633433,-0.3766720202385211,0.6561465161629533,-0.45855731739734196,4.103854135328643,6.214465151058634,4.0609021248374235,3.2389740341420947,8.073204488492335,6.367142076976099,7.379036477109999,7.842314415355751,9.701472612381641,8.809295678219048,7.435722659767873
-4.276782736826901,-4.966302361831849,-3.8046401681965714,-3.3043808994609933,-2.7575884617369675,-0.3370386634101712,-1.230872049982145,0.7732344694839436,1.987291509128044,0.09914454564331804,0.34312749565088396,-3.156637323517301,-4.563534414284867,-3.46179234514383,-7.955396511143006,-3.282411986531829,-5.166908182730994,-8.519367609477428,-3.527766228104936,-1.9801348697138694,-1.7664717846021663,-0.9049569327110829,2.832513251193248,3.6759101027079004,6.1446655839867255,5.306388700904188,7.004290222425454,7.972457691942344,6.548592392250762,8.400513322361522,7.291539413940769,9.127480131628417,8.971938329678624,8.341192329567368
-4.478745647836159,-2.63620336396423,1.3429295303089817,4.5143493242962345,2.633354524176828,3.1447568395829464,2.007688115650138,0.8013841081057809,0.686177283444767,-0.9288987861322273,-2.732770625924358,-2.8009833167283285,-3.940291187431927,-3.6343770664333244,-5.698756275924494,-5.241019649135477,-3.489466484734937,-3.255659352679778,-1.7441444941626236,0.12629939884803665,0.994645895935369,1.0254557201552283,1.00101740734399,4.151696526473385,6.784102949853799,4.673576836103728,6.088209533908094,7.068910119931047,5.997724151421967,8.464970402948028,8.809807278453398,9.063595692649578,9.158633847159846,8.638160616696902
0.39862693876957683,0.8388306386054457,0.9158242541667837,4.1854156394742175,2.223604309776605,1.380227054059962,2.8059195857927155,2.4833132290470177,0.24122383827155267,-0.9629361460049698,-1.7639059993827169,-0.1261973983559645,-4.793294991261072,-2.51178966136696,-6.68061297618417,-3.5477513979102757,-3.6063832693961406,0.6618809783945779,-3.0158246266241435,-0.49709122734418526,2.8453377705847362,2.6970698478109676,2.4770083276434693,2.957155461208571,5.370657186922825,5.342714339752399,5.073389697116807,6.688783608902001,6.963327455323336,8.704609396527893,9.560215871133238,9.074392804584182,8.81225009753989,8.51086567619915
1.3871648800049667,0.9378229443117068,1.4006662647951167,3.0194772195371615,5.005081843283492,2.4487409528828867,1.8977163984678918,1.6215056801460797,-0.6129872297816025,0.20377051126980947,-1.365992146200481,-7.575064714593325,-5.0264043226529616,-4.580671050483166,-5.584667291028285,-7.085888030131817,0.8970637632574445,-0.06154520478656428,0.5888758285049613,1.2904640120458024,-0.9303299974299781,3.514074026664807,3.3906794534645126,2.9183434956969068,3.363628003734208,4.548498133610272,5.267635281456939,8.728433176558461,7.539480410340866,7.5678474900340085,10.258730130362718,9.40683987697148,8.975504867017456,8.146296273041633
2.008279186046519,2.594896477966161,1.2613956040484207,3.717996349551577,7.037455946315388,2.4276867647507734,3.2006926294494518,1.009951089612157,1.2993051395757687,-0.6672527619275193,-2.865128023851817,-5.127086463484511,-3.0481664422350296,-3.776100134795548,-0.415317876450968,-4.29381146552058,-9.923188427086824,3.0433129387262374,1.0148260093121289,1.4259236442996943,-1.0590585643391315,2.2717989924622204,3.1145407284994886,3.0294155556722746,3.258763453463094,5.151192695077364,6.995872830878375,6.029798987921156,7.5059099189687615,7.985677512295919,9.474610782184875,9.85248794119869,8.975366687343739,8.401473118229164
0.9730532578645195,1.1436505404401043,0.9459109115531241,8.11059630044786,7.643371844772172,8.011624513537587,3.9654442789875377,3.7245357077255354,2.463122935483422,-0.058093253693789905,-4.731282462702906,-6.959100077345032,-4.788341587322812,-2.7106428758322956,0.3112712139776483,1.2165001161067361,0.02798022337471991,3.5151114244436683,1.7912274164667323,1.7558231604829853,0.38113446394549216,1.1758483843517715,2.534935245931498,2.7517365594502605,4.432062752988241,6.115046103324478,6.286417023233388,6.658226166655842,6.486888149246118,7.10533493283176,9.407235178033586,8.827875472366294,8.4474289343493,8.36566562359053
0.8374096379692695,0.5029038635785412,1.588084983599957,5.842778867998728,7.12241641624867,3.8026408550467856,1.2054464095577224,1.9755580408405828,0.08877529637028544,-4.406848801996108,-4.216453114874641,-7.678466969030013,-1.9475072803207856,-4.531480289239953,-2.7930265533590686,-0.5268657781293405,0.22238556115425567,1.6193764326862952,1.6303635748751348,2.1817180473684625,1.1624798125594515,0.6086695054900872,1.8747843872091154,2.2744762939850007,3.7130106842537116,5.2888073325093945,6.124645409752963,5.50173279500936,7.1296150703636645,7.096224654494724,7.287120341813848,9.230348364959962,9.077036347872845,6.830359564092371
1.1306468116294133,1.5414900385069252,3.0558594468399587,5.60799982986773,5.932487354969489,4.308177302600598,3.0624358318027154,1.044795194743885,-1.0148882255674807,-4.9191783711773,-2.4008588247120475,-2.4284756427291505,-3.7550940275261846,-2.6610700992392493,1.1972087971576837,2.104603467149906,1.1467215502633612,2.026953014990199,2.100079059672973,1.6507916908042908,1.8954628137418037,0.9964233224982421,1.2006613113510676,1.3627268805891974,2.604612187807207,4.907927612837545,6.137100012497787,6.061821162796583,6.529506893910391,6.310356208314203,6.709626926549723,8.88732844841806,8.453441275966345,6.816504759745761
0.888119300708957,1.9933990649063682,3.527926064752399,3.550705498869572,5.884011266352223,2.9476265928849705,1.1759337205393479,0.6697486266792405,-1.8049197189058725,-3.7159181763479276,-3.0131754983421932,-6.813981211921764,-2.3079185793473638,-7.731994250105291,0.43995552161430895,-0.6958324894039954,2.157429567430344,2.8205338422715602,1.7041661013960103,1.560763214692983,1.0364478716651984,0.17061413354459312,1.5491565002833476,1.0463334310056411,2.966873111747664,4.506328542510603,5.018196858303599,5.901699710956239,5.043333288912184,5.050204482408975,6.645814308937914,6.642044134047902,7.153605983024957,6.438951178189692
2.105518285551628,2.6855041153136128,2.136929555661978,2.264179963504256,3.6576126344667657,2.006263635273174,1.0976029507574994,0.07320693007771462,-2.5011163086610044,-3.768642195686732,-3.930523403151074,-5.986558613701751,-3.8300503823854704,1.902122432021757,0.5488614842917323,1.2144130845648142,1.6340306190585683,1.478605700317952,1.3236667883182254,0.8606042078242243,1.1214552877042292,1.1667218022943806,1.1279687651668022,0.8521522265143946,2.373766238108767,3.7276046107570715,4.425760893608469,5.369704422941021,5.342816893771125,5.168147859554653,5.796562995057316,6.064121709258387,6.367321030533667,5.01287033217218
1.3627476031058194,1.9333114132957907,2.314644279264439,2.1287011932848614,1.9625497740626423,1.8974797912577772,-0.1948480510148956,-0.30110160742492126,-3.2134194838377903,-2.146265204317336,-5.866410743594086,-6.385248525495332,0.17597675345542707,-1.0246709980113005,0.5980257443012007,1.1022817318109683,0.6952904733837407,1.4660950939078778,1.0919864427773018,0.6473426099068859,0.756389228170458,0.8839599161439777,0.3477117159838855,0.9690534857245787,1.3966665046380533,2.37011726876527,5.0083625086410235,4.373839802586007,5.6718583953678365,5.347300846870787,5.138580823208131,4.973527184948084,5.659324158081923,4.848423205020598
1.1489837281961643,1.3021084353225367,1.3740921850951031,1.3588246931997203,1.9064397034994243,2.756459082552664,-1.5952740513045496,0.2274102260764834,-3.44228860290677,-4.018944848357429,-3.8075762177765426,-5.039518407056275,-4.172931130342676,-2.096747171679163,0.5624143325148799,1.4717129455484312,0.621678565559416,0.7713950444564918,1.0039996022746576,0.3240534938340282,-0.9869143316229609,0.4910074370001,0.3741307385152504,1.3482132817960084,1.5500276592237912,2.4420484068565065,3.66861557521213,3.276593300679731,4.285020672462869,5.365076977956876,4.929070847560757,4.198909248251532,4.657613066181471,4.055404908316308
0.4573072530409365,0.4526347334589072,-0.04153928930709446,0.1991677763996542,2.0534440892404784,3.9305855904320213,1.311689211003538,-1.6358615780343757,-2.6948706667633138,-3.0739314801038415,-1.2220125732330147,0.502719593213835,-2.0270114954025926,1.6523828658367088,0.351771051892224,1.9359426028166848,-0.213631008550892,-0.6457483106347192,-0.09242156995135818,0.6774927677261261,-0.4747960266953487,-0.43410528806523574,0.3256919326025173,0.38553835158467364,0.5544613657267539,1.9495137054161769,3.395326838257035,4.33256822541478,4.525981073429629,3.8790473717009895,3.458636637673542,3.8568614915704793,3.513844251558476,3.580872718439834
