script/wind150m.json
{"header": {"parameterCategory": 2, "parameterNumber": 3, "lo1": 6.000198445256149, "la1": 58.999992894266676, "dx": 0.5, "dy": 0.25, "nx": 22, "ny": 24, "refTime": "2024-01-19T10:00:00.000Z"}, "data":
[rows 0 to 23 of 24, columns 0 to 21 of 22]
2.435791973059274,-4.348508085735408,-0.8550221224511044,1.3975369648794502,1.202491850276148,0.6012049865993072,1.4635335972756351,-0.5734459003311955,1.4801488770456142,1.7743954256018193,1.3599277830132983,-1.7430216367059885,-5.507904134043398,-2.7189790604986688,-2.6912913000009384,0.595496037227576,1.865269688043951,-2.2535044052639215,0.14259592753553443,0.6564093901256192,-3.321920534340071,0.391504315881057
1.868019433963924,-4.575069561726855,-3.8366351264742153,1.763030020114703,-0.2781652876590272,0.9154243149332658,-4.123387303134532,2.214646120409548,1.1972075162341298,-2.5111888478729254,-0.23392367147550933,-0.10964957293541722,-1.1636418045783525,-0.7620602218446355,-0.5583028081384515,1.2263457739653476,1.246224722218004,2.24444812553205,-0.6739238355538965,-2.7172650129060183,0.598142722643679,-1.3165680466143188
4.6371371673657285,1.6478997332382685,0.09061421991122087,-0.7962945640562578,2.3135956292386224,3.21479299351207,0.22782464479569908,1.9472050743085,0.08577041628833793,1.4144111399226773,-0.8737948093851005,-0.6186227955098087,0.8508757189480457,-3.459538940245661,1.4121289625753333,0.43323662564374527,1.6223818102757974,-1.4935514455188605,-1.7822031810718204,-5.0333118991218635,-0.49831083461966835,0.12582781784399794
-2.6328862523579155,1.9846723725271314,1.624469735424133,1.3125630524120386,0.3808240462896559,1.7506108165337324,-0.5975546493823025,1.1947860111038744,-0.899692003663272,0.3070602006070961,0.9701648339015813,2.746946526436139,2.415607544044543,1.5142190649837872,0.9580003952428242,-3.4203515029810316,1.3153479254525384,-0.6567122168629739,1.3663042803943604,-2.9939234753259,-4.655986954912163,-1.022518912585372
-0.4777512675608901,0.43309896444841023,-1.8073817110647827,1.8347555165133917,1.6335481234353666,1.3289160285065038,-5.06690878922793,-0.41789614820098037,-1.5972713581446478,0.9575366608725148,-1.48051742312773,-0.1207076818146516,-0.7474515534542051,2.7455686031491986,-0.19528156211237033,-0.20216766897222832,1.3694455667673944,-1.6445106302999044,-2.0557310321030484,-1.873099462003087,2.730879695427694,-0.35501833279143813
-0.1950071787317383,-0.5576434301375708,2.084345544682438,1.0007562931392358,-1.6766315572663348,-0.9267499870617173,-2.1305985712782465,1.2571857798170563,0.9390336576047393,2.215592681821805,2.6878369620753717,-3.460827154360434,2.3363028146924365,-1.8249455685825418,0.8790959187882998,-4.112908684508802,-1.857874031520702,-4.785686013374567,-0.02133751719245081,-1.6876177305209472,1.0241830773359037,-0.5341046937970693
-0.05116683546200114,2.3859178692320224,-0.7201584917297235,0.012823685080392859,1.3153759652521309,-5.062360591399445,-0.14602107537894832,-0.16259639350324387,-1.3207941828303837,-1.5478350448425926,0.5938681231259013,0.8394420052074084,-1.4108358755488564,-2.476044041380701,1.4848644231943244,-1.8525226513073674,0.968238054804851,-1.9164316743741647,2.2953324325254854,-1.0984698098546322,0.35704175855943615,1.900914894856261
-1.3353018507330898,1.8637789958900803,0.0029806139613029786,3.6776080567628124,-1.8062408048896565,-3.8688982247426353,1.3045130689193754,1.754745471723748,-0.9247522343344465,-0.17017149071968518,-7.20605154612424,0.8967672830906384,-0.17502568147399458,-0.4004315649304302,-3.3659796860959346,-1.3803761197712907,2.2970539834546906,1.8298951605578357,2.904547971371881,0.5888488612327603,2.3813290627704107,-2.007352658806117
1.5597586955656229,1.9641743637443676,0.2291644496337482,-2.2167473903422112,-2.524255483345807,-0.4858638840536868,-3.731943523275201,4.441416729195739,-1.1974742017354083,2.8746067089502656,0.4478649189084873,-0.6293576205258993,1.0684474948706408,1.9358857213602896,0.367476797299038,-4.869191837924103,3.0716085704762617,0.9688883845280454,-0.3414651336715137,2.3346725820139995,1.6811148380774181,-0.05616164744260145
-1.8892029178733292,0.9694419447729054,1.5686017334811053,0.9795665086647504,0.8235934947121556,-0.22229342348671424,-2.928363433209956,1.4541255879215198,-0.9097388106975773,-1.0465154537948356,-0.41105002961417664,4.645520929137712,0.7282866727930263,2.3616888473510715,2.0806888294256036,0.15043522878240687,0.34975952602948485,-3.2979278690350013,-0.01427524209099471,-0.3633312623246519,0.7305468717940921,-0.1976525997438173
1.2145956960649096,-0.458484969987945,1.7949767911669718,-1.4347798107974088,-1.5036918545973301,-0.4194689281109996,3.6840842319814247,-1.0354616206462346,-1.0348563257391372,0.18276758516801608,-2.5563627741520376,-4.434967769388337,-4.611315311737499,-0.4724653136060984,-3.435389383584426,0.9084468308700488,2.2874639934915293,-1.8604331964060625,-0.7279679722485516,2.7087029261780344,-2.1763815867081897,-2.0856441225112126
2.8584529841029886,-2.905349490781302,1.7261068805000281,-1.265741512908683,4.133903870069592,1.5530152289373231,1.3941738403067996,-0.0993341203947175,1.5324485691172198,1.244945489233334,-3.561690280329778,-2.5156121721276996,0.020963698543144643,-0.03141384778326586,-0.13473273821774515,0.7222440060903615,-0.41729650997815926,0.15583924772828128,-1.6642786829837435,-0.0708107266448448,-1.2048624971032837,1.7742649394843066
-1.7320619690412127,3.7231273417557365,-0.3738997747215218,1.5697097241200626,-0.8853941321193796,1.2333460539071357,-3.5502041675970646,1.0306525195572862,-0.5997728123723229,-2.904052979928024,1.5725227272737923,-2.143495244147692,-3.8023099690180455,1.7663228978239882,2.7311022374179275,1.1415759444963651,-1.6287345472327759,-3.504698894515864,-0.16682985524011276,-0.17814865739775443,3.557467698485228,1.0009915847392645
1.8482914044229846,2.1926406290977987,-4.56705632258162,0.2383786002737972,0.21755175852555222,1.158666933928148,2.089773043883411,0.014795380840025957,0.9258255636396721,-0.03137077156960673,1.3037115461583966,-1.650787885424948,2.4377597412325915,0.664810487414894,-3.0125881789374946,1.6081097937489715,-4.156616896031253,0.8876403025418648,-1.2222548918129994,-4.905308454643782,2.8413725465802737,-0.6342927283690287
-0.8932597349940159,-1.6529675309017284,2.670592581043153,-0.4965637243638177,0.8531854653478556,-0.36456340875957055,-0.9394763050636027,0.8425262892614399,0.4277928443596975,-0.37712616416072053,1.8844788786201885,-2.4102054478481323,-4.047107001413907,2.3269489920255793,-1.6120530874705241,1.2645598229547956,-0.6507657439322087,2.907905682720809,0.8679287222276453,-2.251474565670466,2.3350167006539038,-3.935741956026808
-5.9187876490815485,2.9697591109412653,0.890808601329089,-0.8758142840014831,1.5538238155985598,-2.427583434872014,-3.010973523843443,-3.8859099083959387,1.5230944003607747,1.9163878586984253,1.9986115903427248,-0.27296933914906946,-4.21707681535267,-2.12025023907826,0.977022779580162,3.1843122360785223,-1.58109592910249,1.474656700834377,-1.7804644490837163,0.772949002116331,8.128490520696335,-1.8788201914196385
2.62935553807659,-2.0848209615813067,1.0773664911792817,-2.284154437670395,1.7771345719745513,0.8305217107939391,2.5450385287064963,-0.3834881378443024,1.4208045281913606,-0.2857117087392292,-1.679219377736947,-0.318427604534081,2.4428735841558806,1.4637094821158494,3.1842501728576504,0.7200228378146761,1.8235635102965881,-0.5771039136036963,0.9308949891442739,0.010188164179184216,-1.458516208415325,1.0671212320877674
2.6309841724689287,-1.7678492062498639,-0.9425730501315761,0.16583816793195044,0.2179931026146138,-0.6648631894468968,0.1302421720767095,-1.2587306872589548,-2.9536326725850035,-0.25530509378028354,-0.7042259122982193,-0.22051472928673277,1.3341716317423205,1.974051412233623,1.0624689239747638,0.2433854271322885,-3.5762366439272784,-3.392474593704833,1.4056547514871824,0.4462874323813553,-0.6860063180260888,2.3551933484974437
1.0257146348670494,1.5913383826065615,1.9982526099088775,-1.2445430969584335,2.72435392074889,0.8843021038951453,-2.9173102981862566,-3.582175530678619,3.831034605705658,-2.2003415657414234,-0.2251358748885913,1.42616119383693,1.4732107122693752,-1.381930374283245,1.54145542978249,1.0390836366474279,0.9049810011946172,0.9356544027343149,-3.174355890086669,-1.3003877280356744,1.1912412689219218,-0.4552682373571956
2.8719715396058287,1.6815662934963622,-0.9396488556455203,0.4793289428789199,4.86879428854162,-2.3522402571604584,2.306520530139251,0.3122264830659767,-2.9753346390520394,2.087227001331492,-0.26460439612455655,1.4971404375600017,0.009632331551208672,-0.3496853118190484,0.985107412578914,0.971190818633801,-1.025230918577363,-2.1425516563198554,1.5253677643291164,1.7092818144326218,1.1018478868150203,-2.004340513589276
-1.9619385656642632,1.9949126744221044,0.06494892937415474,2.7640822329691193,0.6165884904911231,-1.8695244795830772,0.9549798882427979,1.2537714348291407,2.8488980221126563,-3.5077731754717174,1.01395993411046,-0.7902755792588894,1.6259911472450441,-3.6577806592530586,1.0746528359782324,-3.6660365007731452,3.1354967883631155,-1.1884885001956689,1.1921461692216335,0.30264644359201476,1.539572872374851,1.0581430611433567
-2.5756529157907306,-2.144395125054891,0.6085093815959268,-2.158638744700452,0.5359425195226276,-0.31946495868161734,1.3785213220096255,-1.3221445657858477,-4.127417612274249,-5.011222458692958,2.4674474193095386,-1.2323758591298972,1.3708569629340197,-0.7652264261418863,1.1370613896905135,-1.355382718873278,-1.9786433355267594,-2.613854126227157,2.6966891069598447,-2.249535307474,2.5631747430207192,2.8094690651182908
-0.048135785117481816,0.5219390823192871,2.2778030406989007,-1.5382869541196302,2.020568371421117,-4.016563593321594,0.08760615980707509,0.9870574494563066,-1.0057820744537265,0.7721695526520659,-0.08325697418481283,0.04185260148546401,-4.709876433547376,1.4268805673322253,-0.5276824993902106,0.9966013171194603,2.715077461085651,-0.3006478182315095,-3.596720838468206,-0.09653689616392852,2.1432580756166866,-3.387283367425052
0.3121690330817481,-0.038220368361257646,2.702723605742539,-0.05952791004958901,1.086189002897233,2.722868829253083,2.018860384450171,-3.374592290636647,-0.5955466794480369,-1.347624308922384,0.13564906653670822,0.8058281670038964,-4.73023279401972,1.5333478837278236,-1.027279659655181,-3.8005830209465894,-2.096075795281515,-3.0612779549282063,2.5057008761032913,2.423790346000611,-1.0994899111521124,-1.7175845463282708
