script/wind100m.json
{"header": {"parameterCategory": 2, "parameterNumber": 3, "lo1": 6.000198445256149, "la1": 58.999992894266676, "dx": 0.5, "dy": 0.25, "nx": 22, "ny": 24, "refTime": "2024-03-21T13:00:00.000Z"}, "data":
[rows 0 to 23 of 24, columns 0 to 21 of 22]
6.480295920890832,-1.299683699886296,0.4232376748597373,-0.46526975686663474,-1.7189420913967046,-3.2435610714178225,2.379132291957072,3.998603059579552,-5.92801868092971,-2.1043644675812443,-1.0742539944560263,-2.5826022510547073,-2.421963026799243,-3.1438542391708593,-0.8526703723737398,-1.7058732828926868,-1.9784116034638586,-1.875337891222686,-4.328414841865621,0.027732033244721736,-8.121895251242929,-4.9323266613489
9.56022607314501,0.8790869016390056,-1.6447770491662483,-9.43925016738062,-5.3848622540207,1.172531298216621,-2.2440020066837754,-2.4004567452371193,2.7358684467594307,4.47786849158874,-4.896694510271255,-0.3855070017218143,6.261310063669929,0.14531085658381643,3.9562055581372806,-1.3751749832013795,-3.7959390753811233,3.4152346072936095,3.657268034890964,-0.9989696041296188,7.770643204404101,-2.7838014906051
-2.115863580562194,-1.2218353074190846,4.50959332896111,-3.448682884092507,-2.323523026866467,10.670445967469423,-7.508708089063888,0.9625239029661627,-1.8082887395788447,-4.885416608271279,-1.9974559128094935,4.828691223628536,-4.147210602175244,-0.18786779093620007,5.953220612473077,-1.1041833419666698,-4.853940660863903,-1.1775856725359664,0.9329129586504445,-1.7417016914729786,-1.8955561201532498,-3.613736251285412
4.907286779085362,4.085000817443989,-0.3941010368680079,0.6415920112927357,0.3008566568723974,2.514203328752621,0.8177455893878508,2.1398673575979617,-2.4377824777279895,7.5636975559908635,9.862029607243421,-1.8365993026175305,2.6155373942744333,0.6428105860919202,-4.786959567857206,-1.3512133963750075,-2.567750368739788,-0.3318855590690922,-2.1627238550230445,-4.888028194936751,0.19444622898706523,-0.3635764653439059
1.675594589656511,6.1191405989325744,-1.5592644774645592,4.042535858959026,8.565261138096382,-0.5596951634668075,-1.606246868608458,-6.439620757614163,-4.227814924829926,-5.2688140362296565,-8.461513153507955,-1.647093420119722,-0.24778592481415843,5.747378183242252,-2.964420715673122,5.78449371954867,-5.066482609240257,-1.7926229328026568,-4.413357264476654,1.3810847428699273,0.689035032314975,-1.8801535113803989
1.7082472980598173,-1.6304529379680923,2.4774874855126705,4.481079434763212,-1.0832956974358021,-4.2880742235914715,-3.8560504448181057,5.037937304068156,-1.5257352798947685,0.44121835338214493,-0.14408400195883608,-1.9683440899840783,0.6125625790748268,-4.295567692939077,-4.255480716675381,-0.5643498434193921,5.461105184346015,-2.891078110190149,8.912203689706558,-3.298794440284455,-3.3162699194193146,-1.0051185545053913
3.4516272731182767,0.7176570595480677,-3.257429539482621,7.000474877480179,-2.358761745163743,4.499484198522151,0.7208161258353372,-4.478650040147869,-5.289538504737308,0.3621532633774687,5.330984714181938,-2.4004899378319564,-2.019487449165209,-6.347881532650807,-3.6498135747290785,-3.8928781327236988,-0.5563653753967751,-4.556746103012994,8.2976555291588,-4.043073163977292,9.050131974920289,-8.603479032829583
3.639514519352977,0.6244989031035808,-1.1613011611447825,0.00010304570244644774,-1.1146188577978644,-2.5599070560086714,1.7653022696362837,-0.09182551106121283,-2.740468169980297,-0.9591531409451782,-3.7307088037227163,-5.202761918257813,-0.7538339870648261,-1.9631538588953434,-1.1591341656744365,-0.7513354230678984,0.6255092215787561,-3.010944313251347,2.505560639083443,4.153482915430134,2.533754547932156,-1.0513291146407184
4.642166934528244,3.5347210889849467,-2.09804038666496,-0.22591716927989755,3.7518920009661785,-1.3403471935737932,-2.716657310858424,-2.2431127245693316,-4.591467937846046,4.143062475613138,4.480425371056303,-2.0855021917165457,-2.2704972384311213,-1.3711838705354442,-1.1905735481454225,-0.8076292776906769,-0.05521572882170031,-2.402139880733321,-3.796690095972295,-4.429750235253953,-4.166506038624311,-2.9682507377595235
-1.6561058487857214,0.400696492167602,4.374899556425499,-1.30728927015711,3.8357545207544503,-3.607502741962457,-1.6181979925841752,-5.86762265988856,4.59522243991151,-2.3380659578052754,-3.6698537514435907,3.9111781343104806,-1.652601133138822,-0.08599377679676987,5.2474192164312345,7.040967006211802,0.7009858656658192,-1.204170341504745,-4.8337504585850875,-1.4911531900667254,-0.5616999487177862,-5.305150903494835
10.126516441268738,-2.4907149278019025,-2.721039069572968,-2.1168597745379016,-1.954274543649512,4.001720132925352,1.8217775243083933,4.69591677413262,-5.688856065812458,7.048734085199689,-1.1470347479057275,-5.685046512602186,-1.2562154008185202,0.2601205721890366,-2.4590583789628306,-1.078727945634306,1.0942934134692346,-0.6243563402903614,-0.5772870482826932,1.496101597074887,-1.7375646241473373,-1.9742230139780022
3.2731404003453353,-3.1872216016902692,-1.569285181845701,-6.1959560170281005,2.0548158135504275,-3.415388347236566,-4.634120181782928,-1.3422944135826385,3.0516100974432674,-1.8202614973597848,-1.9673426691253442,-1.6309894374054208,-5.339864628910965,6.694808858819387,-1.4437454213738385,-1.1497312704649827,-1.4194866658586094,-2.6088457737385897,-0.02170850893466373,-0.660611355533014,3.8579375691112388,-0.5589210562308928
5.197397561038626,3.5537419587119428,-3.7061968747595797,-3.28208923869806,-4.456265399971051,-3.466825344995097,-0.15689673950775007,-2.878181037010212,-2.324762184437665,-0.3198795125784013,-6.440711419414408,3.9563604950866864,-4.988969203396571,-5.563648541113811,-0.457260269530841,-1.3035267139178008,-3.1525769452048786,-4.735059319461454,-1.7473225561643482,-4.674773259486521,3.894491781313287,-1.3387158467310554
1.5637224438469814,-1.061460381169334,-2.6333826075589966,-4.793160200411326,-2.7651360886141307,-4.919783000418843,-1.757756392209955,-3.4767888331062977,0.7296757062590058,-4.115916458009605,-1.1516896582920428,-5.37296682862498,2.7933591996851845,-3.965600113806002,-2.037257565571686,4.299757478937387,-2.0274182096589466,-5.422514796892508,-4.77058275073838,-6.243781543903618,-2.647695498375261,-4.258601666893241
4.3704283098916346,-1.1307413945214606,-2.1388563046254716,-0.26777717319437455,-1.0512472447039762,4.654433050407755,-1.392331718350901,-5.456315012260435,1.7406903886382066,0.2241377755268413,-1.9041034429026966,-3.0314068632013593,0.8767380533322958,-5.204483175772281,-1.1711559825242408,-4.9763997203822115,-4.965613830847631,5.497267064471473,1.7941935986844009,-2.550728458180751,1.005642986916546,-1.0854718039257338
-1.3896999337493443,2.6864843585553153,-6.153676716065923,-1.4401887928078707,-0.565811262953658,-0.5524085709077027,-1.4246374707093072,-1.8591797390729308,-0.6119019175180991,-4.165725900255863,1.04480776458022,-0.5047505671352661,-3.049311176611547,-3.1947440269994676,-0.17557422832787892,2.7993292886662613,-3.0326321715951727,-0.12437692843537637,0.7529690340228739,-1.595256504396236,-1.3174520947273873,-4.89363955430962
5.296009179380164,-3.543900131799471,0.21346356615843626,-0.9354042416521243,-3.2096177846187457,-3.248529041992811,-5.026232908877247,-5.982539485924638,-1.7234776307493924,-1.6949089216687896,-3.21636805373246,4.046800142781881,0.007124309299013259,4.4044786580962345,6.789592226020308,-1.3287653817028962,9.660563303803867,1.1052259699282396,-3.4653102939772134,-3.903037128696504,-1.2939826881692866,-2.2225158607425985
3.55441627013852,-1.5636353489817627,-4.271250842860796,3.860971086415332,-4.542930815563988,5.095222215161164,-4.61474152601639,1.9730897250941346,-1.3717788073873864,-0.5090285207542363,-2.23951493750941,-4.75459960783134,-4.707804040310807,-4.207384943419424,8.431016992142842,-3.2621148148275103,-0.8847968265388583,-1.0316177656795462,-5.556742108332439,4.854313652240979,-1.1043749866070018,-3.920460354247589
10.536130702047558,-1.9850917785116071,8.323464707836907,-1.6017474792790345,4.706812374229432,0.9929176378987342,-1.9358172454374387,-3.4607479049054684,-3.6353359519029667,-7.205567441867208,-1.1482817056289927,0.3439161675579021,-1.36970727870248,-0.5206085168975778,-3.0926895990198306,-3.431589698555015,-1.5360328404105845,-4.956607689226752,-1.146481656214211,3.860373711746325,-4.1485336503602825,-0.2759452791042901
5.2375672729379925,-2.121660810679804,5.195905151138131,-4.126105645221999,-0.18062981187785052,-1.1223163548172939,-1.9411061412103003,-0.6567189673115306,3.0239697197788478,3.133073015925433,3.718843209031307,-0.15892499146011818,-1.8412555606212928,4.197906074140372,-4.899073058859899,-1.3493784734713825,0.4474744228452184,-3.4005196924063723,3.3865877701563516,-1.4177751152522053,5.008704380772382,-2.1483070777010926
5.124799224128923,2.7781260881404455,4.864927517612184,-2.1739671649938015,0.1391286119188296,-1.2381993562882494,-2.7678010736946796,-0.6152891684988598,-1.4646625132685525,-3.8236759593428906,-3.6733583528166225,0.7470036758096715,-5.701561701647778,-4.1464424327079,-4.606244114613133,-2.338888765269341,0.44566470478542614,1.9683039181493942,-4.202013805776823,-2.1697581103519754,-0.622519159984434,-0.20750847946661197
-1.4656057807477312,-2.141983729391294,4.766988427407781,0.7312508845281596,-3.6439991957036963,0.030576767634538104,-4.385210344058082,-4.3246233719076175,1.3336123580258767,-2.5575889343658615,-1.9260119121770676,-5.351474614152436,-6.989979316390427,-4.867394344277452,-2.4017760815310876,-2.6947541448589414,-2.48562450974165,-0.6869450477459023,-2.7013911305157867,-0.8842425250597044,-3.330404501140173,1.411526883078383
5.053533398035589,-1.940508341538998,-0.3881864174178575,1.2801550786804445,-0.9331754185492348,-0.9181122616576538,-5.078662908817272,-1.3414559153936767,-3.3961467658444997,0.01626806142378137,-3.1544265660892883,-3.7992492036568826,-2.329941469452404,-5.683079634788088,-6.1458718167857045,0.8564439253288059,1.1069043863400763,0.1850706280523281,-1.318125053884074,-3.48388017082719,-0.8393352449322875,-1.614458197393903
7.900076618081686,0.20983690750629358,-2.7531938189598453,-3.7239134272315275,-2.061481182119126,-2.1073555734016463,3.6221934490695396,-3.6338845876264902,0.7383435813427256,-0.25163192748104846,4.036822014703383,-1.5692974405000375,0.2653121008948753,-1.4337438150437047,-2.0053719018475125,-5.040291987880305,-3.393958681605973,-1.8246708395413165,3.082160083033057,8.894820237097845,-4.818490195294342,-5.512986418300402
