script/wind10m.json
{"header": {"parameterCategory": 2, "parameterNumber": 2, "lo1": 6.000027932988019, "la1": 58.9999434238085, "dx": 0.5, "dy": 0.25, "nx": 22, "ny": 24, "refTime": "2024-05-18T00:00:00.000Z"}, "data":
[rows 0 to 23 of 24, columns 0 to 21 of 22]
0.17298523209795771,-4.538097066268998,-1.1140572166670326,2.3741598342101295,1.4203365285918912,1.3091995449793812,0.898849787902284,1.481068600263286,-0.11317303299712309,-3.8852164999098915,-2.760099520757835,-2.153846853663304,-1.7452509794071607,-0.5959480473643282,-2.8468425129989066,-2.67121992032652,-1.098257283660026,-0.7560436179958163,-0.4891637424907761,-0.4672845137845179,-0.7150386424736884,-1.1605654272831254
-3.4860680742872154,-3.092302722022842,-1.5966213892348435,-0.4513880969177057,1.4192060944954021,-0.006337900907049078,0.1846416708735905,0.7459203349202076,-5.143319095218433,-5.170136302412804,-3.9583410032871096,-0.7116451637115149,-0.7536673423096724,-0.5714643835245545,-1.3946297396962266,-2.4272085955281115,-1.2560187550680098,-1.4400758697970235,-1.4904481071556277,-1.1969834002932336,-0.9854247284017575,-0.6847867564813398
-1.952807209696705,-0.8425336816247003,-1.68637907168465,-1.38729929753712,1.3886759849834582,1.283472448503465,-0.3493262011408677,-1.7140175329499474,-3.4269243617881004,-0.2438945860973543,-2.294647120847835,-0.7418633528610973,-0.4908695590618924,-1.2187022162873045,-1.0491048059963555,-0.6058121878771169,-1.4452820643294837,-2.328232479695621,-1.9497496154184975,-1.1373128337511578,-1.4965047806093101,-1.1515205776548234
-2.957490741352963,-2.2372130258004725,-0.6481965596693307,-0.28649804970550385,0.556319995085312,0.07260053990381064,2.6350128328885996,2.505356293925514,1.6743862295956988,0.7407554097498792,0.638189514147184,-1.455600275071954,0.47822926643554153,-1.0773195273686273,-1.0307247306420277,-1.8390281274982154,-0.9233077772868888,-2.8285563492664747,-0.7727538703132232,-1.2136292332339678,-0.926305108176585,0.5344134282073509
-5.168403309459549,-3.332420417534381,-2.7474816868474656,-1.3555032047256996,-1.8760167739567524,-1.3310432314039422,0.2780156459297199,1.101431499752291,1.246337445327062,1.179120465089285,1.5680775547753218,-1.853824175639456,-0.9567786230672205,-1.228637360093975,-1.2444341098503062,-1.6539370661807915,-0.884633950071978,-1.4292507484221515,-1.179127128946582,-0.9561120588947292,0.18432128157400202,-0.1989988985158075
-6.1163805286762525,-5.794373590705899,-5.199846274719838,-4.888244434253024,-4.151838820364206,-2.180625703756539,-1.3325432844512606,-1.7524962124011751,-1.122894501542204,-0.8729507587204756,1.1187416259167784,-2.585834983360049,-2.2009292252379478,-1.737102897294161,-2.0602221887591043,-2.0784743982341762,-1.108470808701166,-1.5751357522634173,-1.316275650133592,0.338271064436645,-0.5738607750261187,0.08955033067476052
-5.0803350364070425,-5.52026738920772,-5.072799977881289,-5.655336961803245,-5.775669609854353,-3.960766641758135,-3.7688764889688624,-2.997029150238345,-2.2344319961718186,-2.3263907826366674,-2.0776349539550676,-2.4919603233584895,-1.8759370750674569,-1.8075559894218927,-1.6983888650687093,-1.763881283561481,-1.2419489257585317,-2.1166161909164,-1.6452570649019633,-0.15611152008986567,0.13227213153969708,-0.006425348939323987
-5.670067412739807,-5.585396636980013,-5.6593627664739845,-5.661642304546906,-6.224529577106364,-4.668489225526042,-5.4885685208499675,-3.294722037939805,-2.625766029212496,-1.7630384572303082,-2.6837581953209173,-4.731284624035213,-4.279382220824791,-1.9858844556847253,-1.8341888997340585,-0.9868472731936467,-1.2958339353749257,-1.5827825028848916,-2.0237626535450364,0.6003618924645725,-0.8421323701154657,0.2893991857470733
-6.2271765873085245,-5.535615330138946,-6.60513163512805,-6.4313924834247205,-5.96548665033179,-1.9306132071810171,-5.1557666533714315,-2.137643845034687,-0.7596120795143328,-6.52269068229362,-6.767696168863147,-6.0365960908404945,-5.140208205476501,-2.8251344858183143,-2.0459963933778016,-1.6700210396888664,-2.081589752170246,-1.325993485161263,-2.1706695840287202,-0.8163762797277224,-0.2840309992991826,-3.8231047072103626
-5.8521982705756095,-6.719175317695474,-6.5409695388537585,-6.489802572862122,-6.35927214513129,-2.763699271199774,-2.4541425672873363,-1.02907422852611,-2.6489304439549004,-6.496247889418067,-6.929496410673661,-6.984143746333243,-6.955903535856379,-7.108088592285111,-3.6148530777820556,-2.0155617726550767,-1.6738135543093193,-0.2608459467027168,-2.0049941564125744,-1.8158164156762304,-0.3333361092147482,-4.901674469832363
-5.140838027672909,-5.146977966645034,-6.815679941796453,-7.268224779570275,-5.618430753195672,-3.2471660676234246,-2.746070591877134,-2.907663606666969,-3.399902632173796,-4.055205452808361,-8.24020208536068,-8.624251681385847,-8.13039532354493,-8.619302188514546,-2.9341187775242648,-1.423970347280029,-2.3818359675422527,-2.047415847348242,-2.6921016883460203,-1.6779061295506161,-0.4351047063967604,-3.0716374794859496
-4.431433185081059,-5.0587371496500815,-6.410970883877647,-7.537142602064416,-6.428992435354227,-2.8263366187497994,-4.06455245897455,-2.6432314702107123,-2.067573002964929,-5.147452372322917,-9.293366879940354,-8.911992282477327,-7.4797318821958525,-5.481011154151712,-3.1586026312257838,-1.7765851609362302,0.27544197436116896,-1.471173239636229,-2.0464022230702112,-2.5681863329739585,-1.4613623539299951,-6.756744884024149
-6.922577044976782,-6.000887429925256,-7.053667855461821,-7.977414366271128,-8.321024160201265,-2.8088547804194164,-3.5267557034766717,-3.28305050901076,-4.821923883983261,-8.181445428242245,-8.669957522329318,-7.0567977832946065,-3.9184941736668795,-3.1848353183135862,-4.198545485078139,-2.973163858389094,0.25424269198212796,-7.125663431312834,-7.563892681617781,-7.379608332903316,-7.416026355431752,-6.580942437712719
-6.187499694274947,-5.873000046886526,-8.072940795097576,-8.806199385152121,-8.413984151964865,-4.025742624462418,-4.183336778663742,-2.444069040911211,-4.176677986371565,-7.652151100659428,-8.102262342101179,-3.5673226480990783,-2.8793994976461463,-3.935573550614781,-3.8365624421592712,-3.911427151841712,-1.6531773978941122,-7.88498939823347,-7.913564784637922,-7.98773855054956,-7.2591606366634,-6.900967265523728
-6.737248607339392,-6.291837839546616,-7.398461175770989,-8.253097422831784,-8.212344610837892,-4.3355224815882085,-3.7617333975080895,-3.083077736676302,-4.283839011327446,-5.6927186535677246,-8.807825950475412,-3.238539179971679,-3.067212568428528,-7.661223857614211,-4.098549207439151,-3.447337486221809,-3.898999971638882,-6.784517349859745,-7.76001025108232,-7.676632907056168,-6.9684751918542185,-6.990923009094106
-6.631333356386821,-7.708866832311265,-7.6716113684911065,-8.49642525017937,-9.110668521107884,-7.092879324269561,-4.27443763413436,-1.801852951397293,-5.631446559921538,-4.413331753500372,-9.258569813034804,-3.153869869243687,-1.4273381096935114,-9.971723474200619,-9.129161788803776,-7.802120662305935,-6.983777772122745,-7.264575466545403,-2.345329557535003,-7.573834445895681,-7.200522337245017,-6.3415706303417565
-7.067762779531147,-7.817915908023831,-7.917079562673996,-8.186576150027243,-8.25163227985082,-8.678542711776279,-3.9475078690393754,-1.6705244925297884,-8.849138933983726,-5.645136683002383,-9.39742746193078,-8.113116577242161,-3.2509244158039854,-4.525216541621699,-7.5580472684833255,-7.931201507687463,-8.628810177372564,-8.277102029579396,-3.363260111565122,-7.441580356357589,-7.355677551943893,-6.812486116748754
-7.624439335556472,-7.307486433750589,-7.812869429755692,-7.77461743859419,-9.345619204849232,-6.442420535564294,-2.2012496992842494,-3.507174645607457,-7.965911304361389,-8.004870391941193,-5.504058010781959,-4.011514613075015,-4.464694260882784,-7.521452731189393,-7.572649189791633,-8.18913802865047,-8.249805775291604,-7.995078552936158,-7.7207941161309686,-7.749302376330412,-7.13441221369528,-6.620898562469758
-7.54399773209072,-7.921150625345131,-7.57692860275006,-8.21940594966322,-9.949222471997787,-8.5816945606209,-4.20054072874037,-3.8263034546067156,-6.724228249354284,-9.30387155639382,-4.778303076233993,-7.48857833254753,-7.684076489450024,-5.939922313412785,-5.59297341569049,-4.7947710878087655,-8.617338941884364,-7.960310905960986,-7.788349264043516,-7.7043920714501555,-6.911702266602108,-2.855347990679487
-8.009526516842213,-8.340929491496244,-8.232091030142938,-7.314101474893172,-8.061276983635334,-8.728462685460451,-3.2829728528592397,-2.470860997496277,-2.0551242203922104,-2.6384583242636106,-3.160310764201759,-6.775330774470425,-6.503365673272121,-3.046625879274718,-2.603569537833752,-8.22050902273391,-8.604648843139822,-8.41316301516604,-7.9793689210595895,-6.874290121962088,-3.7255805581657175,-2.016698340281533
-6.4923338592178395,-7.815875350287326,-8.088974304404196,-7.135339887266742,-7.832071451374553,-8.077254546624939,-2.471426410562113,-2.0753540018326064,-2.759914204184558,-3.4430385235179024,-3.7244198373283384,-4.552795609394543,-2.7913055969006466,-2.769648905140172,-1.7191469953396057,-3.270948635774607,-4.067873348554894,-4.47871681080485,-1.8811885420597843,-3.2035322672765463,-2.755697336526783,-2.029938908384011
-6.165784946872025,-7.700947771400609,-6.83994246339765,-5.774787844843755,-7.013270976232723,-5.022330901075086,-3.1138275117476297,-2.0212070865549143,-2.1978462708909534,-1.6449220524272932,-2.4928985621643216,-3.3298949992924616,-0.9110545583224251,-2.028500341325227,-3.3165360738595546,-2.5397387269370895,-4.739975836190337,-4.666769172156124,-2.1230330634457615,-1.9236173744581753,-1.986111436094596,-2.7149562515556216
-5.111471393786767,-5.3181698447881125,-5.119996362179491,-3.076711036128155,-3.4560290204440154,-2.9750344249630216,-1.2820302845381997,-1.7982144259687538,-2.0975419673532953,-1.5155091691109408,-2.5156212559715208,-1.554359990824325,-2.240705074748368,-2.082428522312965,-0.387388602011139,-3.328814042358037,-2.0567486774091126,-1.809809191595325,-2.4628267558736257,-1.3529632148222803,-1.8716521764216243,-1.9093387767098262
-2.0910723714537816,-2.6669527729589784,-3.062015086135931,-2.6476265958706526,-1.991710077061411,-2.0280201834119387,-0.7104671733223955,-1.7316435476273928,-1.3107752161553996,-1.21511678958962,-1.4886964133629996,-1.7684533922257544,-1.1274840801585115,-1.8030887491864358,-1.9312010420291232,-1.5048113321161691,-1.1655712539932508,-2.0347022719868226,-2.3413790289131122,-1.4246263760890505,-1.444288943532426,-2.7038163414713954
