script/wind250m.json
{"header": {"parameterCategory": 2, "parameterNumber": 3, "lo1": 6.000198445256149, "la1": 58.999992894266676, "dx": 0.5, "dy": 0.25, "nx": 22, "ny": 24, "refTime": "2024-04-19T21:00:00.000Z"}, "data":
[rows 0 to 23 of 24, columns 0 to 21 of 22]
-6.099327905696443,-11.895603444384351,-0.021526580117765544,-5.989742889629241,-9.550859734293487,-11.180075599895693,-3.673428046817549,-4.462318216962698,-7.459069622662396,-12.40649680862831,-3.380064306796804,-4.406658710010072,-2.979867599010376,-1.8744633647435267,3.1893553648836415,-3.6501416085257987,-2.8389229509447627,-1.5076114192721635,-2.8802878372790146,-5.367925921469631,-8.395859956448245,-0.3768536427709311
-0.30596308454456483,-2.4073693294374823,0.3547794301178994,-0.10735688582754536,-10.628482703886284,-7.048536205522903,-5.537059488946583,-7.522009587952391,-7.867722783524073,-3.092665274254061,-4.250882558301806,-10.391239776620019,-8.100859486915285,0.5699673637371918,-2.3522360504814226,-12.156039956879438,-7.18908294237634,-10.907359515561653,-7.633072507121028,-10.277092196866418,-7.351453660377561,-6.09081335426537
-11.512887671888434,-7.284090436721877,-3.2469336052160305,-4.898985417983309,-6.393468757548402,-3.6294505401827957,-2.1838777157758797,1.0782657570877856,-11.04421052516076,-7.371346911860211,-11.965601557828053,-4.604780887720519,-5.009032796908469,-8.031790489144047,-10.351595926862403,-4.724280960254077,-12.540710823441989,-8.993516536154244,-0.7845467092454291,-11.93680020549734,-2.6217838386760643,-5.781018610425978
-6.602103065220503,-6.242322428810022,-3.447583052066867,-3.0503611010323533,-12.02409972699768,-4.783450776731274,-7.366173815258397,-3.0626687918525226,-5.852649564927597,-7.079475437551325,-4.22819844770378,-2.9196458336836355,-2.9626338826151035,-5.9711076897549,-7.142781813385522,-10.792887441964025,-4.169776971267067,-7.372954761858811,-12.77068215805629,-10.904319225920565,-7.416301849505756,-5.228430987715084
-4.379509839470506,-8.387642172705469,-5.255060411163866,-11.339248526501875,-2.69131336262618,-3.6773182561521636,-9.656495673480846,-5.49419120649654,0.527716870733778,-12.153303960323283,-8.175415083395585,-4.615547872325279,-7.075794350311263,-3.5209364760888495,-4.810212384848812,-7.1536937361282815,-10.594292963262205,-1.3560684002512218,-10.291396517285483,-2.477674671986503,-10.953687270352438,-6.928601699638329
-7.31722481097695,-8.059358538995575,-6.518961625485193,-8.773180878793623,-11.87237906067489,-11.408476765214626,-7.2502095241777225,-6.944723151232022,-4.074001766440932,-9.600891996123464,-8.913559929827914,-7.285148708509275,-4.2224009593777145,0.2729190444372637,-4.307863286113218,-3.909359998380505,-3.0437957683516,-8.750222614753506,-7.1293151570914635,-4.033314247387309,-9.719355489755467,-5.821387390227716
-7.391945873877473,-7.953865964444322,-7.702636172999014,-4.423205115536918,-2.5473363142096637,-5.194407972282153,-12.259220913966724,-1.8940615684960083,0.44488734288468335,-2.5462579047505365,-5.054755396174385,-2.803732007648806,-11.855502521397359,-3.725149917743302,-6.28568870208103,-0.22289129910268884,-5.361644114951319,-4.648816640815877,-3.797094371299866,-7.973757347273068,-4.339268885094567,-5.1080407019957965
-3.79074762163299,-5.479390972176632,-3.6047104638921663,-11.789073393037755,-3.8438654066993925,-9.805713053484173,-5.797398928705402,-7.1713146001567365,-5.67439392003848,-3.745823172199077,-10.257656847003378,-7.818320666454896,-9.501635914682971,-6.558983137849388,-13.071041568096053,-7.235578634308443,-12.347216126926007,-13.91744961815768,-5.181371957871632,-7.318513535819765,-7.292212300048922,-11.427996911233315
-8.018568082150239,-8.918875289390316,-4.376360863277099,-6.500302467594167,-3.2664889759312046,-0.550297659636874,-11.510598904868456,-7.159896849296978,-12.611980942942393,-12.995240958888836,-8.012591484930798,-11.875526703157114,-5.968583021057479,-10.789468740539457,-3.2678832828611006,-5.755001846455503,-7.536527650613003,-7.660619915412449,-2.4433106773998965,-12.661049468884375,-11.116960265805266,-7.623768715407565
-2.7767513818029337,-5.593025465915479,1.8906988008034702,-7.861918829960796,-7.421511362841934,-4.595767719088169,-2.9170452400349065,1.0951721999208601,-2.0601307561797024,-2.34344740274458,-4.5656559194955255,-11.354430816427195,-3.6009174935975046,-6.688684649224695,-9.889814311657796,-5.614673150456272,-9.832740947290883,-6.429082576694781,-2.2030931609311932,-3.700052494272543,-3.2076280166093607,-10.487765725364161
1.0477865628909981,-2.544413634952579,-5.183715740364195,-0.8857252364866507,-2.039408197080457,-6.027852840801817,-3.777666809597495,-2.996031417473797,1.6811480694596035,-6.2227364036163175,-11.16123734775829,-3.437303094749853,-7.537648301914783,0.7192067129149173,-10.794344409997132,-5.213188343879713,-7.60683238033076,-2.944635548901631,-7.323301674253731,-7.008123402381857,-4.663417220777545,-10.418217673983849
-5.9053885853205665,-7.171110586204607,-6.303071552010709,-5.66775845755777,-7.998432323352523,-12.19880967958375,-7.107109796349422,-2.704681605296087,-6.262982860252189,-7.179206406158166,-5.5555979526684265,-2.3297017912982385,-3.1478528573961566,-3.324960557091418,-8.524791300568829,-2.414198983897014,-8.603456080682877,1.1805442108549828,0.8278201111712139,-11.737891808386808,0.5379730720263463,-6.9538081317108285
-5.182541931500449,-3.028191225671676,2.2520073855765466,-4.145790243686454,-2.8817538470297066,-5.839614152319947,-1.3998866852602985,-7.157757104047401,-8.927989310552334,-7.57385723398261,-0.9015185562250729,-9.100000785865065,-12.8530792755995,-9.94468126540181,-11.624881994013405,-13.724111883000857,-5.986876210848708,-6.3306287262227094,-8.650627556447683,-12.976722747012733,-3.107878907318404,-4.2656134149329
-10.5765486417883,-6.517270623328374,-12.5178555859525,-4.069369334947203,-4.690097158997017,-7.410192223082733,-11.967734703694015,-8.210400938893104,-3.362959522557354,1.17945673660768,-4.547462759348706,-3.83109431258911,-7.003387395831198,-7.142443669406027,-8.83395727326665,-7.009253251738436,-3.6036129830656285,-3.9621237846650192,-12.555634719002848,-9.13687938663414,-3.7402372886387067,-2.4755330385041585
-3.0966274921360153,-3.0446002867604456,-5.875392872218494,1.4943631419640768,-4.15889779449574,-1.8212687122806754,-4.657516780635554,-7.156854529902743,-4.443943818187171,-4.685646126841499,-10.582106444535286,1.0301507872714808,-11.315853677275191,-13.02904296213035,-3.7145997852900297,-1.6019983794712194,-5.319504916453831,-5.337901046571876,-1.322336122996433,-13.054728993155061,-13.523218261640734,-2.341918014381065
-11.611094649067297,-12.443539936872812,-7.8213873278871375,0.7268006291652563,-8.116848292734941,-2.9573060450598767,0.8076509441956529,-11.204660764652454,-3.8121896728004105,-7.014410744874111,-9.819681273969309,-7.592779348730236,-5.661528458910881,-11.891535607493424,-6.517872202785745,-0.19378622246518906,-4.199822942266604,-10.51321202457675,-2.671525224591537,0.36835913635533024,-12.860297691329974,-8.893174463490679
-5.533153804234743,-5.768903856385924,-7.142507434862507,-14.054854811126035,-3.3600801965559293,-8.41347594268169,-10.487122815096019,-7.3069159792849145,-10.423878906823383,-4.892299466748931,1.1717756804781767,-6.683714004675835,-0.8332862068494896,-3.012901845660685,-2.6300575883296995,-1.0315513939969922,-0.15450261089305198,-5.20725609773635,-7.457152871479539,-3.0474417974274552,-1.1533157766305688,-7.352023902016149
-11.307931588458272,-4.080138218799517,-0.5433858010183535,-6.546758917832159,-4.82070854751384,-4.633734790416578,-10.279629802167133,-10.792014223936182,-4.564013079625252,-6.764814549857853,-6.464000552629299,-5.225228411293553,-12.106708375459164,1.058977662969087,-10.330905851446165,-5.289082235729182,-10.585612377188248,-2.895251253300471,-0.7269421486636134,-11.037506911882886,-1.2869253064056727,0.11334920138913225
-2.266831611456302,-10.889806778175174,1.919843191064997,-6.8778793922630275,-10.874331769520731,-9.196900550329524,-13.02225485849329,-3.9458265690997467,-11.408036917231739,-5.170730061771862,-12.403643322074414,-6.894356716611298,-3.5015039526531146,-8.646932124765973,-12.326939119916183,-5.07314789374876,-5.746240041426497,-3.4255135763236186,-5.728840855383458,-3.70020551973112,-8.174435684103772,-5.891512611362186
-12.706444991019415,-12.351309997205666,-5.6928813074326765,-11.42221778436342,-12.068483595601084,-7.606476009049786,-3.1120948124381655,-6.761248493614385,-0.7102795718137274,-2.8213757014085052,-3.7590509714156592,-5.986145495150814,-3.3470584474060616,-9.449919378044124,0.97690214445891,-7.020972262251477,-5.878920226616152,-9.312152008891772,-7.211526726760892,-10.397236000174596,-9.467420573626796,-7.802782096152952
-9.883435457205906,-4.325474513859052,-1.1588306002817474,-3.9385022877353295,-3.563935216419531,-9.613795264230134,-9.308718170069131,-6.675744383539081,-3.313568083099479,-11.52710285628633,-4.393926638430474,-3.290628685955759,-11.845351339469776,-4.863315931016094,-5.287141886614156,-0.9743208919006388,-6.378061305402875,-5.194366756326726,-12.80004347580157,-3.8597087838758988,-2.458732275089677,-6.982612768264411
-8.571619348419297,-2.4698301143379724,-9.625849854831301,-3.0795698268753884,0.2778630494063459,-4.9561625269868745,-6.77558284168357,-3.4586086570732064,-4.755525963215738,-7.977574743978298,-2.6372678800056795,-11.697981394328357,-0.7801257507311339,-3.891478989725604,-11.55985979554106,-12.886983867997413,-2.0700334976826515,-9.823435896821573,-7.831408005252656,-11.281651189255125,-1.0935158794300743,-4.037357586755758
-7.228621271242395,-3.2953500135629743,-4.411192086846142,-2.779710717950172,-10.174972974144685,-11.02751453899425,1.3636728210824638,7.6609771487848395,-2.0347447747154677,-10.442696428229397,-2.7119410462304665,-12.446502835892927,-7.258161922928912,-2.6954310456039927,-13.165143920897727,-9.278115431873893,-12.489015579550474,-4.512957064170862,-12.504591928878265,-6.990204591517063,-5.160149558826687,-7.436881613164324
-10.834845530221035,-9.619581908417969,-0.4367479998598754,-6.144128698772493,-12.01216831588813,-11.879071308242297,-7.1922722399686565,-12.722360786878282,-4.9441122413219105,-8.292261893588972,-2.836066419692042,-5.334409714672523,-2.4134814335033763,-5.560095327749202,-3.92075530926341,-7.652945222653244,-4.796216311449531,-4.695100624966097,-11.231197827066227,-3.893755912511345,-12.938567381868541,-4.1066708160427465
