script/wind10m.json
{"header": {"parameterCategory": 2, "parameterNumber": 3, "lo1": 6.000027932988019, "la1": 58.9999434238085, "dx": 0.5, "dy": 0.25, "nx": 22, "ny": 24, "refTime": "2024-07-15T15:00:00.000Z"}, "data":
[rows 0 to 23 of 24, columns 0 to 21 of 22]
0.24122737341989603,0.8692718378736438,1.7092409952566092,0.04066844380720142,0.6715662116318382,-0.6269268910352775,0.2946543764753061,0.3812706157382242,0.7527825737128618,3.8830576170614486,4.433755870485915,1.3322078911459054,1.3813448607070213,1.7275820818615986,5.996082551293551,6.361800812576709,2.8004072003515836,0.884346741160992,0.9125782425661085,1.474496965740955,2.708044645724418,3.5878634865032644
0.520253138376876,-1.8475246618896084,0.8162144177118963,-0.03818526875325623,-0.2954119499901742,0.8711871374085276,0.8891094632349981,2.9315124797808045,2.6373531740949656,4.383951197329286,5.960497916589845,2.16085046694717,2.285807613032923,2.1542938233735045,6.951988270596292,6.58591399545511,2.7839548760102777,1.9673859445277857,1.4180002881026426,0.8715437825835952,-0.5379473126933554,-0.2231883079970387
1.126338946413766,0.8564581413030654,0.6775919144685637,0.11892729778090164,-0.9195887137422541,-0.4943228790778296,0.3952699627869461,1.707346441199214,0.9645718843374771,8.291015006860711,7.083110622531448,2.9661355426011777,2.6585215138409453,5.815258121043631,3.436899773160758,3.420900189896108,2.643946937295526,5.057007823292062,0.9247397539229315,-0.04509664921449658,1.5531818798357897,2.2999310951532874
1.240151153860844,0.7744510418161401,0.310443324649198,0.5237328601727042,0.149206982975558,2.652420135565415,0.9105081257482168,0.43369270580346353,1.8241375498110222,8.090598523939708,7.790993895969766,3.773411959300048,2.876419879229076,2.141224471440789,3.7727362604149555,3.670636282499861,2.5337857303051448,4.857392860777258,1.6796589443301277,0.8553042300868919,1.922754734983197,1.2456846645110187
1.1142062554573484,0.8953282421330309,-0.3482471358853677,1.270467324349097,2.753576066856825,-0.5433571416085893,1.2686235913807067,3.010632837038377,5.301506156741455,7.902827083348705,7.739186718843835,6.410853819581563,3.1122761579628477,1.895322234439015,2.674969164258599,2.7418645865451623,2.316851376231424,3.1371691068642527,2.6638426777928084,1.6084809621161775,1.4434498503633395,2.029067318986033
2.4517200901801495,0.7227475302404194,0.9236647281709894,-0.41247878566290586,0.024777371541461042,0.16565874487826177,1.555222947283064,4.6817343471933,6.305917617204082,5.123913536971825,6.870592752172912,6.123349879910678,4.515187554455606,3.012780753958137,2.1414956080768803,1.85266793182285,2.4798006015324443,2.2810911482545873,2.124759007553258,2.2958552340702423,1.070411814532903,0.7930989803832403
3.4607254141653225,3.144572874403006,1.7706239904825363,1.0533709598981433,0.23923329809283492,2.1671155236754855,4.112690346199922,5.558383945646746,3.7597015057376137,5.649418514907316,7.814942209248046,5.423242382038735,2.7153661180106208,2.4494989420929394,2.190638106332683,1.8206183359065229,2.11731386101182,1.6528918599018538,1.3954386316894365,0.515116695252711,-0.02966478385542124,2.751752385573791
4.0533251905253564,3.760834428247118,2.8427406199434784,3.1605369523168427,3.1388968520532705,3.5389256072022324,4.6674404073077325,2.70886538331996,4.54749348589902,2.5526851544649074,2.3122036526315366,6.7347305275724665,6.4638950291031785,2.683424270879965,1.9781382846196727,2.2819263838218977,1.7410225643611048,-0.016500015754033363,1.0971598187611065,1.1186635316828921,0.17741265967520575,6.731136515132825
5.435659745099809,4.064246881618304,3.0362562451619124,3.4853767817408037,2.999884964043087,1.3092188726638658,4.650034877059492,2.9947584043144517,2.174779459024073,3.670556044959173,6.827142667361912,7.027847355598149,6.546607266290711,2.629979447067982,1.8854372126286234,2.038031948562084,2.1460294108088687,-1.01145648941622,2.087397666434363,0.7836889260293153,4.2114177456482365,6.14056203859615
4.033791843852458,4.970974849177541,4.063583434698638,2.819176787590824,2.27173698821349,2.285839381095774,2.0664550385579896,1.747894628926536,0.9728141359311898,1.9909724406231901,4.430432945564932,5.8909523838722135,6.277214941741929,5.803193024850061,2.4101976192297703,1.1398948206527708,1.6944904340243718,2.8317195314554984,2.834275032782886,3.015770677752934,3.381256353751236,5.11227139229704
3.863640728064148,3.5316481129057955,3.718791558836779,3.7643329798297382,3.179996589504048,1.5649157380399972,1.399261116344461,1.3254618971663394,2.0411352642867815,2.907662848635021,5.036659805724656,7.827556443931359,6.167841395247483,6.539153222568439,2.662156343176175,0.8865456919229554,1.8247949926466656,2.7601114689977346,3.3366064452575213,3.028928687343163,2.5037433728999763,3.365905043723345
3.821911846581191,3.708934243149691,3.250372263555159,2.818720732556585,3.232803684580095,1.6426390370824604,2.4457125341312103,2.8091380153804923,2.668865674823662,3.2052060427685767,6.465445950701039,6.149971258836067,5.6695326102148895,2.9690867730970227,1.0265365437436818,2.8417341840013672,2.437987236560671,1.9332028573249118,2.845968244101547,2.8939783890043356,2.4057741394668954,3.588229176399774
3.8550300591342386,3.5156597867404025,3.2630243750415677,3.327935865426246,2.6635379827191312,2.5795185134277405,2.003462664971178,1.5531867580408214,2.400451355344643,3.71506183908678,4.721302109453387,3.7093622461111018,1.5625445513849832,2.018080531942583,1.0452409201603146,2.471937693266484,1.1888357955913482,7.9630632690677405,7.076800367777674,4.9118110919525595,3.881709309481174,2.0451800878204116
2.8533004747430994,2.4001761664579777,2.3871599321004764,2.132474060360496,1.677256497196934,1.1698628479134745,1.6829922844265701,1.6261937408262366,1.6324531804209916,3.0753137758338553,1.7722081767397941,2.2847893986535115,2.9802513604882868,0.3123104796998085,3.614310381098588,1.116122309379254,2.077617982818609,6.915508326220033,5.690011670290625,3.619361403069857,1.4073975140402701,1.4878282983474957
3.022903931028697,2.952984344334228,2.8974192011741877,2.7113591592784596,2.5990701626942414,2.0662023727845993,2.126829814022675,1.5855187965475774,2.186558924238993,2.155292299487338,1.405820308169253,2.027156394297115,2.172156511479938,1.9585747634671709,1.227641977709445,2.0086442440891767,3.4914142883457546,5.012500733837692,2.2348081660834147,0.8918947088298281,0.04420210285266408,0.9553147462024353
2.998706616321765,2.8311291020047777,2.661099829760421,2.648469919056049,2.5157771014622097,2.696213075528348,1.4935058373620347,1.9164910647947215,2.8921786951823916,2.170503070546042,3.9655823958369463,2.9929602564615605,1.8511272846034637,2.6298157686197787,1.484572824815756,4.071591282836159,4.659236048898889,2.2607925866170424,-2.833852227097616,-1.198178614235321,-0.6167820442000004,-1.1032617444400832
3.8414906322598745,3.1362572847975576,2.4086727284873444,2.6079433471235944,2.614851418643197,1.6893893759057634,1.4726482670482908,1.6598509183256072,1.64786294673367,1.119298740426629,1.2090346166520172,-2.185989499573229,0.08306629873840295,0.8654904946668711,3.002639553597768,3.6768235409465224,1.4584670889305131,-1.1305816371749475,0.6614426129639892,0.5420343493038188,-1.8331495086195577,-0.5365170382731614
2.186712816874303,1.970191712066019,2.1050786965332597,1.9964201837345945,1.9746785366073032,1.012521349252205,1.3946080332558264,2.24452446836703,2.2527199875773234,0.3454322842729475,-0.16626034009647883,0.3965861822680989,1.2911567689582424,2.386669849663572,1.812724855339603,0.7445539434423202,-2.1670432286397476,-0.4084829826611888,-1.739397271791413,-3.203940609842959,-3.994290404312322,-1.2614387970939642
1.692731726135639,0.9496290134867201,0.4277141499190601,0.6164360887453175,1.0608581319483912,0.6300949185753502,0.7754083346971827,0.1672586011418978,0.46067288795333516,-2.347594961884215,-2.906803784587068,-2.195203360513174,-1.1708408604895284,-0.02950295395921319,-1.9499253334387345,-2.0842716328748216,-4.30710084689572,-1.162613430235069,-2.5546348444443394,-4.631072936936641,-6.7582749344696715,-1.7700496014482632
0.6650481244598153,0.09706009410839403,0.5402738993715728,0.08394511843459435,-1.0240492140688784,-0.5576295216133808,-0.6765905200144681,-0.6592779170457274,-0.4723762980362815,0.9391822078758606,-2.457046864212178,-4.888799931008855,-0.3082134124249464,-1.6447561545860219,-1.601738500619684,-3.3973101644585446,-0.16310291882411515,-2.345268191594029,-4.100548828508382,-5.891605200677913,-0.43451844425429464,1.2225504307141792
-1.355746604970472,-1.2069096683332168,-1.4027871413099031,-2.7738305099641103,-4.23716011958888,-3.2531209995243704,-2.4794863378246705,0.06579163969685056,1.1052071829668524,1.0235664476575912,-2.424215561288406,-3.1211155233735015,0.5812066867097795,1.5966419292542935,0.607201139602977,-0.3323113295206019,-1.703789327596747,-1.904310640969141,-1.9201039101662565,-3.7059913462401313,2.9440464001848494,1.0839377467740685
-2.333069717156754,-2.9900312033066356,-4.409220539703494,-4.546219193299128,-3.9630155128031554,-4.419519248447047,-2.617295949448754,0.9215488695046814,0.4949808121856788,-0.8228303364301321,1.126914227172367,1.3631677039101873,0.5333213224861334,0.13429748389328044,0.5631402836426924,0.19763482385330838,-1.730277701291063,-3.3987909217317127,-3.9166703304666184,2.002911096747747,0.8140404954665166,1.7481615420446173
-2.635389850545992,-4.679622210936035,-5.503166454341245,1.0381885000027185,-2.195382277231834,-2.4138874629920877,-0.2585609917280041,0.8676671316289831,1.318232022693073,1.0787785806915382,0.7881042444068471,0.012252971169971018,0.6624300877498412,-0.17601665375867467,0.12702461842492052,1.4247381503594116,0.8599996376511713,-1.4788354404323578,1.6994779537001365,1.3369798772457797,1.4210212363582213,1.7713255542878241
-2.899901568853678,-3.028717309198573,0.8706577814326425,0.6004354797188612,-0.1861053806939847,0.6562156082304226,-0.07377923109798688,0.9376406782100664,0.8672341778862783,1.2602095324130025,0.9984507331240937,-0.40078111031703356,-0.36165820476473975,0.6433186330912966,1.0526268134282941,0.7365139265827974,0.3629472496440657,1.1920383031107773,-0.14350801986116382,2.4164566799900404,1.4239817384298974,2.6092983128916276
