script/wind10m.json
{"header": {"parameterCategory": 2, "parameterNumber": 2, "lo1": 3.000054539987559, "la1": 64.9999836372058, "dx": 0.5, "dy": 0.25, "nx": 34, "ny": 52, "refTime": "2025-12-28T00:00:00.000Z"}, "data":
[rows 0 to 23 of 52, columns 0 to 33 of 34]
14.744534384853699,14.555343882949508,15.053711579787919,14.858939867963755,14.757430174462469,14.586997874500497,14.453736651734632,14.076391963072851,13.682942896203224,13.643609983504959,13.75700596234477,13.69292857046533,13.371351632135994,13.212219530098904,13.110868843847854,12.631468358358203,11.425899917094467,11.989070254232765,5.601446011751656,7.556518358883716,11.153003563322358,9.377536192805156,7.4363374331739305,5.95142415987686,3.8805468762235336,3.263723018271956,2.395172533445278,3.366850116758045,2.4749095526878486,3.088329635190338,3.1241596336195494,2.073183876773731,1.7624792157119304,1.8123205359159507
13.952302706403897,14.113335781910367,14.04810051694029,13.977053184704037,13.667453497674053,13.782526555524603,13.742429691984674,13.561239108020764,13.585766897130258,13.476739009364717,13.206744496874245,13.262903125265835,12.936189482608334,12.636039801202651,12.602880070097116,12.30117904629497,11.54530470635924,7.871025052231462,7.092712106455465,13.28959893417295,2.9910709508858915,6.06402795117631,3.358690824814036,8.354966841130622,3.8134522469820435,2.8021556743234814,3.0071251476606666,3.0932230182136675,2.1504594511141235,3.4085713964162596,3.0418900066641674,1.90366936955461,1.6995590780588086,1.9443569797495825
13.28504902104052,13.0304688388484,13.010330565272684,12.961714322885756,13.046049405433436,13.288430063730871,13.328959120089213,13.159990464783647,13.564420993115112,13.404146110232801,12.748872168582514,12.698340763101344,12.48733253382788,12.034074108246871,11.811598598954204,11.753305083737196,6.879567857483879,4.807745987749236,6.614593041556926,6.991589089538582,8.439943442835014,3.7730729696262704,3.2620623591040805,4.8949880552510345,3.9003607829993894,2.149486479770454,1.8956162465111366,2.9876507166897754,2.974964688139932,3.0091969836433257,2.5037749722986122,1.7531892995656653,1.7966962352122107,1.974883119657133
11.993611712368683,12.487014939707342,12.205822255825302,12.288139088623241,12.597070057678444,12.718650374603284,12.830152932846794,12.783491008066697,12.941933909024167,13.106456997604,12.531640783635476,12.204901853986028,11.977252275926565,11.474572615494372,10.66606630539401,7.976583930925184,6.199553973172582,4.1435285364211225,8.147788762941461,2.0080061223622088,6.261253142566946,7.330926755241466,9.479888712174057,4.165949592830343,2.8676639743857506,3.021376827518629,3.343192255746358,3.0646808429856267,2.741501286624068,1.700599567185166,1.765023629380271,2.095038320302865,2.1142151887033123,2.036513392808637
11.064963694719543,11.574193773174361,11.79170511564885,11.929363563073833,11.936566044218889,12.121222096805427,12.545418587305663,12.35556728577438,12.228498622179366,12.357950921024175,12.310816008891983,11.750010897637011,11.545389257326812,10.860566513911294,6.540817230521352,4.710152936303773,5.610462250163393,3.1740005973238783,5.777903821565497,10.313801747419875,7.784451056769485,12.102973161457955,3.6422351089349863,5.2033063107319375,3.358478596618997,2.665602814761303,3.1476642573568867,3.175018830687494,4.204341715839948,2.602254992972831,2.1504195165208584,2.480592562768,2.3694321450654985,2.4374140613395787
11.150551206301925,10.902662367461172,11.137052010053129,11.273488618516403,11.501977509590327,11.675647201314353,11.565296172965922,11.849379871967262,11.719370961786947,11.67299830226783,11.579379802919554,11.286818452924727,9.399236138669488,10.043995375965558,4.733110260684791,5.084487537523503,2.8422150602893006,4.5561058835797805,7.409757102121785,5.462144018009463,3.7762854614872214,5.627330623524297,5.170209545973601,3.0720093779843,3.560438163235299,3.0877407699040518,3.212797611569559,4.536896633566639,2.407244706188368,2.851832430361233,2.2818177911564193,1.9058618056282388,1.8499098297766063,2.347590114545941
11.117844318311,10.464614050740384,10.307061296346303,10.285833920069576,10.590776490596108,10.876812272320674,10.970343472590338,11.061990687702979,11.076918596043575,10.90083849138348,10.262492371309502,6.769097134394338,4.9718431313139195,5.168811267018647,5.871523813777704,6.8880162665074725,3.7425070328585597,4.176533845539733,8.485058496638517,5.796562475863018,4.699345603183617,3.5089609636520565,2.6571716173486943,2.9859520854233197,3.939731222075531,3.4547938468127204,4.016452213197244,3.8467712013036586,3.075507242381066,2.9773095018409848,2.7526961835663166,2.1150293395885047,2.0455904158442166,4.178273422762059
10.659040988357757,10.088019495393509,9.540890017186758,9.469986113077162,9.637962086752678,10.105366187013846,10.270907988756221,10.065345703330781,10.098523573907507,10.22013189838126,10.4734290209601,2.5509944181154283,1.880255628381776,7.1167530017904586,2.08390082252809,3.9652818663958374,3.3962486255422695,7.501404681771485,6.44444747564982,4.1927730245099735,5.359244039201659,3.9539386137178347,2.2632587806725284,5.212169373518317,3.6257150853644635,3.392434693161658,4.47251352961576,3.7602909435030347,2.8253616874851697,2.5704956642996275,2.7232661755509238,1.4377946054623234,2.2511570700536847,5.02386538705585
9.699791105282996,9.157445721955753,8.702901408398942,8.572312487456879,8.618071544751514,8.881873274727434,8.967755082172765,8.830920269041696,8.716897681406897,4.077029956361774,3.2510505979901767,2.174174871775107,4.66420020485887,5.2878930616703075,5.19670354607724,3.2805345497315965,9.024261497676806,5.520861647663407,2.81561404122538,6.003939176604786,8.16294799651295,4.857802841187862,3.218472334972959,3.2365137166855145,3.6353933322972307,3.7709523987879408,3.6377205061670836,2.910202126458548,2.840107278966312,3.452794686315809,2.8321811581067102,2.6481683195291015,5.291332528300758,5.755336222215612
8.962358554138593,8.25222421497004,7.787071366910645,7.701434622058385,7.523924898280637,7.3196817991828835,7.284760623241284,6.142341990896997,3.1600059344314784,0.7244323339152113,0.23797248855477932,-0.15429104851452638,9.071363127358357,7.812288576569087,1.9065318144136914,6.256953989260919,5.953936565045786,6.200110764270146,7.881422259757176,3.1214492748676004,2.1481616746241032,3.2083002781249994,3.5591363012882904,3.029391344111178,3.200959080860716,3.8393044844093462,3.531696619879234,3.5654096098318413,3.47653263233281,3.026554977304987,2.7879098687720134,4.835266960675304,6.456807348501363,4.9545329584769044
8.027329564886555,7.436447714071535,6.91963699960345,6.514161263718862,6.031329165302233,5.548695499628915,5.656088587280579,1.4936454721078543,4.21939503362552,0.6037403539172113,7.923149097736309,-1.1065080969271972,1.3342715633489637,15.13812321180799,13.28471167968695,7.160255890265623,3.2145512199996062,3.7597017671764292,5.536996999343578,2.8555130665354147,2.6842731997042186,2.302940406202298,4.689964180245676,2.821665850561753,3.030707621277708,2.810229680987995,3.7163017898944766,3.478273690214324,3.088331878250009,2.8157292308423707,4.644160753229986,6.702971540063569,6.201422950163168,4.524690574627883
6.808497238977394,6.7165977639508085,6.240035588171573,5.191091836183674,4.2973292276179,1.9002699388235227,-0.022705558589559065,-1.0999689060333686,-0.6987248172394562,-0.3786221285097499,1.8267737380102913,6.744894190736519,10.177419149432104,7.008757370133329,9.011190323162563,1.8750155511864586,4.8852989205452095,6.904576558668253,2.2061468384601834,4.027502585227657,2.5298742056656773,4.421414744722785,1.4178250420641847,2.577187789184691,1.7892798591638532,3.297805792213335,3.0296888908349486,2.7470789468618317,1.8723507216239885,3.1630567985874576,6.6494108629221795,7.024015909329331,5.8032985975737095,4.427732051145871
5.895429636206657,5.965130516897929,5.168475991180185,3.8379871333666205,1.7722852886979816,0.7943793036618356,2.0305651391512844,2.3841925371584067,0.8462568318810397,4.415440474725582,5.073630561336901,2.6781349200404896,6.7594137408705,3.8255787462035977,-2.9089127425484067,4.88280920136131,5.845766694072993,2.4431479678814236,2.9905918655956776,1.8381973261269322,1.6963454966573102,3.212921921552255,2.9137784746188715,2.396626245629696,2.7764705641275826,3.581100955659235,2.3961315223152324,2.150975391944657,2.9797030472144863,5.759394448030382,7.076302493389925,6.073236721576672,4.75908766065623,3.7288522399119075
5.115218888083467,5.31726746214414,4.291022961851074,2.824153366007827,-0.5331863687911872,2.0800598229169407,0.4343885092292801,-0.8695504323648021,-0.4945329294073864,0.04218693387668456,2.0322903161652466,4.186674109469988,1.2727582424603114,0.12751597719480978,4.43985547462852,2.0898400278922025,3.611589195802214,0.28234082833029783,3.303892083950056,3.013357154188873,2.9859913079894773,3.1664814005043795,3.3438206069581358,2.614896594478132,2.6896055300232637,2.2039859294763247,2.661774728459874,2.2970397733393835,2.5988391327599176,7.4771685656604125,6.888406867133619,5.691784015176153,4.762107661587059,3.7406413798830553
4.496866497610421,4.4797555753133365,3.6029044319782133,2.372626257857823,0.5388737994349313,-0.35837114571972806,-1.4759222220057693,2.7848051285802025,-1.3936944992052007,5.332525521793604,2.7256872897696183,4.758462695537662,6.512532612877527,2.927234785184528,3.6741547128743703,3.4926726500030605,1.0613151925848983,2.288236941026819,1.190204122381551,2.299451291533634,1.913505409196674,3.2324558961539256,2.4145217600012523,2.903390851961239,1.8751267805839638,2.3967219099230515,2.106935506284815,2.344614929397658,2.5068974927536063,6.165680583718974,6.077600071281823,5.055192401172164,4.746230508602805,4.101186937708196
3.651507823165316,3.5162559239261166,2.8253647503468424,2.0139263358199875,0.29884400156792246,-0.30634918216081675,2.846496921525622,0.17445010465720784,-0.5935883010711497,1.6855990142655102,1.6371520268033164,5.855820993525292,0.671565885311558,4.010266236627821,2.0980295425995945,-0.8134035424963167,2.9409884332694514,0.5183901717041389,2.5584317958268477,2.11253850075414,3.2143358498323193,3.1626677526420863,2.379845834793868,2.131387593454141,1.5288530544210714,1.8810955466976567,2.4028355513682675,3.0310390452107385,2.815592415064605,7.388837085634983,6.22816501985532,5.7081951543792675,4.962508811263769,3.8804079626865073
3.0751507672667646,2.763515743446502,2.31119524311545,1.733994589615932,-0.1197311822673593,-0.6278646426748736,3.170855745392118,0.4595750212246527,1.2748378681699792,-2.096044334363145,8.608729096886707,8.30164037407352,2.7634938113887957,0.39456419713063406,0.4735301244014594,-0.026314363784882493,0.45787296387582704,-0.39947753476838493,2.063601203132056,2.221952321022256,2.844657327033605,3.6398894700925855,2.3498652745584354,2.681933037427647,1.9897621152041,2.1019734797616594,2.1331204931291183,2.7602093055730417,2.6501737412627437,6.956145419372807,6.124850207636722,5.61136648214142,4.829960515021832,4.073322794198064
2.435579713516984,2.133073876474259,1.949540679391681,1.7147623405814956,0.8926615112253887,2.442101065620851,-0.15456967782940956,-1.3063733752420355,2.457214135734706,5.80327548913544,3.8064108900033506,5.876272981379834,-0.8974148832641354,2.9655792805034897,1.2594886613789988,1.4355381969369634,4.501599335955568,1.9937722053784173,2.0791795739737045,2.388757485588153,2.174081369852796,2.0739340674879356,2.503142952153895,2.3052828710121656,2.450298613823315,1.8676620341245513,2.7926517011353633,2.576943535284447,2.3891832252276712,6.714547888370423,6.129970074336085,6.055847326898887,4.474781630791806,4.1537453569951674
2.069245714826897,1.5874175737766871,1.7280657787738036,1.4873381972865203,0.5152227626907805,-0.6004240726050761,2.308540046386702,-0.08144424223419724,-0.1327337175012033,2.897041186814329,2.028022335051353,4.223637281154027,2.4821709239266103,-0.7203738317014783,1.3959238169654615,-1.0017124739022434,0.7286472281959953,1.163473026669223,3.594761298906548,1.829702250800867,1.7600652517332536,2.5885353175924544,2.319843615325962,2.383107238533251,1.957544898156257,2.4472442978689406,2.837278076156866,2.6809598197436224,2.4162095473743137,2.8430585646347017,3.7775683137047964,5.792702841204619,4.1957240638938265,4.050011679380661
1.7893203238991842,1.7119236011035839,1.4947844202835578,1.6497938024120578,0.37428220040437254,1.1860703985801424,1.280489369768122,4.351024850987588,3.383182537330814,3.9517680600044383,4.3993118877674,6.373024264466063,-1.296877386015865,3.8789967086269965,-0.05922249287521403,1.435905495035683,1.2725702958803136,2.003194881031922,2.409734979609191,2.2578874759595235,1.582577815834296,1.6884813796365554,2.030067739169258,2.30973188774747,2.774622167181331,2.344069980764697,2.978956627207968,2.307076389853094,2.3735994331568504,2.168589489012722,2.227072793411417,2.0435586788446716,5.0657041524052,2.646960697645102
1.7653013126541293,1.7764048988092596,1.4191041388218133,1.573503281629219,0.9768358242178741,1.0886265445765009,-0.49666667502353795,3.1442119741374106,1.3203162935975807,3.423185892411817,-0.33985033550935634,4.267803957464565,1.8468241136837047,0.28978707993920005,1.4788327632735851,1.359241847976382,1.758007177183006,1.8090197620023944,2.431738415723807,1.8058874810260996,2.8558700482882635,2.3511937355485584,2.4506359365372097,2.3081646056404064,2.184359635431729,3.0514099693990566,2.756486088987185,2.339788980634944,2.2421049488040823,3.1084855724872047,2.6319681579748795,1.7186170122411801,5.589264590509755,4.893281805526082
1.6752536202900594,1.4789257829952684,1.58533723069594,1.6793238374647212,0.8708722995735864,2.4547449710471456,1.1206753441570096,-1.392747627734187,1.3713942040676392,1.1705031791486105,2.051974314225964,3.913969711391921,0.2777366405777903,1.0906726367350315,0.1987023114581352,2.268762920472327,1.2299608207788608,1.8581787545281936,2.2817541038150746,1.9546765283080794,2.7480274861583696,1.7052231818999453,2.644555767676226,3.0722664122525845,3.114677104111282,2.4082177797596773,2.559315063673104,3.2392626878395223,3.1870910454194155,3.330054318088642,2.1796391374771646,2.6110122441363157,2.7702349082382125,5.098690661932705
1.2956573735621852,1.3281634972336807,1.7508479058138258,1.8461343296926116,1.147067114132233,1.408053612208353,-0.642229815206205,2.0063798975572587,2.771846524281661,-1.0549367597912445,-1.4413808953131144,0.5064655067081841,2.4101898597210405,1.153897822289367,1.5954985385947924,2.675496468808761,1.4057263247782734,1.894769918533266,2.1159352729166288,3.128782994331415,2.600649749484383,2.8999187687198815,2.823094608697275,2.0328566129090477,3.907337935750436,3.2303807908815694,3.476869222146001,4.593280911921005,3.4834280541766662,3.3403804536282196,3.0138696791881556,3.1520820536174843,5.45877123530789,5.039466248170694
0.9495245414105099,1.2666374947402947,1.6145238318905613,1.3621488925723684,0.7633282597986731,2.1185569966389375,-0.25086971806439,-1.8337514827357808,1.4327569718980588,-0.6848995941513071,1.4289906142657884,-2.072027593560114,2.383428429111335,1.708382842147753,1.2626534514413705,2.3908481626978872,1.5036266085332368,1.0151908300264678,1.5486596304905456,2.67766942479553,3.1597948491731307,4.450675686538748,3.9064650590244048,2.5984264092687757,3.7640980333909364,3.6272943541850577,4.743986696628199,3.363471719435826,2.9735318044163375,3.3710029496561327,3.0594032605578585,2.4293304049864215,5.4854382405683815,5.609582536801782
