script/wind50m.json
{"header": {"parameterCategory": 2, "parameterNumber": 2, "lo1": 3.000054539987559, "la1": 64.9999836372058, "dx": 0.5, "dy": 0.25, "nx": 34, "ny": 52, "refTime": "2025-12-31T20:00:00.000Z"}, "data":
[rows 0 to 24 of 52, columns 0 to 33 of 34]
4.126334541915584,3.506353466251645,3.281368847597411,2.32174327266963,2.6674104078595056,1.388889407223843,-6.307369329899542,-2.215498115690244,-9.09709638889178,-9.802003155906053,-8.62010003194924,-6.200149347896243,-4.699690035786878,-2.5594937154978443,-6.936959079565792,-8.220604412584862,-6.048816420060187,-9.286860479169716,-7.954293685958025,-14.868142029642698,-6.3886957796449195,-4.1131086007727555,-8.826296160225526,-8.693105636499046,-4.749822542680774,-2.9395804283652978,-1.739920289576029,-4.058111417469904,-2.7376603803085673,-3.9499528679782143,-4.466007274367025,-4.178374488043329,-5.083206503417864,-1.2259730254949188
4.934194055229643,3.9108079674055367,3.6831127303651243,3.2550270379446022,2.965497929528239,3.750263790215286,6.06676486565489,1.492183551329257,2.540527720530549,-2.146107111629136,-7.412791165511772,-8.518436774394376,-6.4386829126221885,-4.688661779883587,-5.185169874199221,-7.171896746997053,-8.830514640461063,-7.587380765455735,-13.689721548624064,-8.601556718088876,-13.337783574121893,-7.990443941786604,-3.656604738106873,-8.568336031567819,-2.941157443700206,-3.4532673834278613,-1.7987902659981598,-3.5733676980861424,-4.764535603341157,-2.3849142308359323,-3.134025522120112,-3.060426629456673,-2.732880319430072,-4.838772797723509
5.537859353868027,4.119833011487702,4.08813153293434,3.2425859192080493,4.463877212877482,4.123861651022919,4.11578140529315,2.8092130008863108,-3.760776898987066,-1.622667558654514,-2.693799300450695,-3.347001961881924,-6.664910288419786,-4.668001429770514,-3.843252030825635,-6.334053648202795,-7.131323064700471,-8.049422359432295,-6.172660220769283,-7.279910042680832,-9.126874249269532,-4.425931795535064,-8.925693737208926,-6.688749718901809,-4.623976164944506,-3.1306810848281676,-4.1105966018882265,-1.9270902897373625,-3.9321273552624363,-4.550438992112677,-2.5570578430224837,-2.857341286607028,-2.589294743166084,-5.151654113549432
5.748312395229795,5.039041374478182,5.929313231975274,5.294994305958112,3.1754661224467635,4.537837023798891,6.113218412340066,2.8909262347040534,1.4940275739378224,-4.151239050428252,-3.6112365318066786,-2.091444668141414,-0.3954973210671502,0.6510057114943888,-4.93596960030818,-5.019996486732446,-4.722448845408194,-5.804185030210386,-10.15271608375132,-3.1924009747682063,-11.197455875744414,-7.789273179244285,-8.793316179708226,-4.732546399475546,-4.7835788019667715,-5.005840485640599,-2.1827801401435187,-3.055323746043254,-4.147858779672356,-4.256558692104248,-2.941721504247804,-3.2986115652754826,-4.075108545268727,-3.541145025391342
6.044794609438122,5.677358055444837,5.273446332601455,5.761133269127956,7.973043391266971,5.47433698459363,5.986933459734505,5.58801487896623,0.4974938568282495,-3.955340130271766,-4.0528627993132105,-5.185729686967805,-1.9058814728159033,-2.797634007573304,-5.2915600558910825,-5.54920392691907,-3.563961288091938,-5.22591637636853,-3.048988456610383,-6.458878312865447,-10.823363977186286,-6.904327128385642,-4.295088047828383,-6.365229586667526,-4.337868022684458,-5.59735626593683,-4.798640021413312,-4.336105749399341,-3.3531240487375857,-2.688058669631587,-4.40532029977461,-4.777682679567292,-1.7903165746464278,-2.2274470010962526
5.578119043416823,4.9003310426709525,5.796730214555471,6.831653556485672,7.119276613254969,6.800621106785602,8.016960405573023,7.7437698006948406,10.40937012050109,-3.055955894107792,-3.765770557544854,-6.749165212134858,-4.127598342778742,-5.002743940105503,-2.8203605131415848,-1.9288559158748324,-1.1097797669382679,-5.592573191119476,-7.46004456433954,-11.344117978744713,-5.619882750919173,-7.245226431564984,-4.504329080041217,-4.1329129488769825,-5.150808303808512,-4.730114174721791,-4.364835424024616,-4.43354784451238,-3.5491576233788322,-3.993423631901495,-3.7192120934444217,-2.397416660950708,-2.1859230088954256,-1.3256035060651
3.2022420430622587,3.030705650255574,3.8437263465957985,7.74968178913934,6.168063577987929,8.437705485096316,7.91218554927137,9.591462079851976,10.686922367043186,10.786366863328846,-0.3770078756543492,-2.861593347564069,-5.320245578742262,-4.277643940256093,-2.3302989264820573,-1.94344013851363,-0.6256065287645408,-4.222321405187772,-0.8740054604201118,-5.30253849490179,-5.7854203382058405,-4.042658175368057,-5.126333553699159,-4.91671091222001,-4.834955137880393,-4.500847791585092,-3.4299797031021746,-3.7535785070923477,-2.989216393989704,-2.9701094035440954,-2.6545209198064925,-2.792276660299036,-1.8434994130205307,-2.4673925859612167
8.01654832792916,7.441133174661339,7.770056973036849,8.579929099966485,8.306171542790937,10.318452030639659,6.76605906305648,9.073075148372409,10.303679220238438,10.158020162837653,2.6928029022436175,-4.019251939721208,0.9515041973093313,-1.7438593811412055,-2.35305168486099,-1.744526431834231,-2.0773661121314846,-1.1508028350788235,3.095453378336668,3.1973893198486394,-2.4433161171930022,-2.84924968094721,-4.646788592559477,-5.073650212214481,-4.131811898300694,-4.821259617876865,-4.730327170308747,-2.997819738566251,-3.6703260577162315,-1.8418625143975527,-3.095603004524119,-2.1821751997667023,-2.5246062009608408,-4.122442202067734
10.689454347528761,9.624483647784041,8.647904313719712,7.569202592998684,7.527579796915023,9.70338869084732,10.353118076968634,9.293172636911878,9.210908697918548,4.580191334915805,-2.466200437167749,-3.1209397429483037,-0.1641655086877033,-4.938089466086326,-1.26685740550876,-1.516107601689287,-6.1641185236801865,4.795073657800551,-2.6300046938419217,-5.066142330350406,4.572591878525625,0.005502945729123906,-0.5906941619198448,-4.014630471669212,-4.265097302115422,-4.332577119679191,-3.2761260070385414,-2.9857425600051393,-2.405593730431562,-2.505622232906221,-3.6196381991802675,-3.543626193441195,-3.86650474705742,-3.502913127458006
9.845913299947506,10.487011275056718,10.758953673137201,8.972202638425609,9.997305596396446,9.668395903938249,8.517683038672216,8.239754441264115,4.441163554660581,4.959736371814926,-3.15842561828594,-0.2966373764491013,-1.4376320529452935,1.3613069463196832,-5.9356807361443,-0.867119419166848,3.0427292501069987,-4.558065628882242,-2.4127241105078596,-0.47084287995911484,1.1833130493421777,0.15661173741195686,-2.0160111697336136,-2.8170775719500427,-3.0081113209750105,-4.25459572985197,-3.4417143583941465,-3.851254862477041,-3.794123057419509,-2.4484694342220537,0.9525450863795049,-3.1063064235824416,-2.7661572411245388,-3.1414978216280636
10.533274191664924,10.598850217506259,12.094879317358659,9.443834919591213,11.530162001743774,9.640459547005495,7.903460702960105,3.148511428072731,7.249403921959153,1.3075999362765658,5.789525571817954,-3.8098820067748758,0.9495380012856313,1.1721211829441878,4.2305877140735255,-4.375146981387591,3.153592275448309,-0.07801500647054617,-1.7129899280720307,0.1011304465363435,0.7664066310878601,-2.1710230202998004,1.4780884893407373,-3.6911256833188726,-3.105094267875173,-2.646170185009937,-3.4037059928811355,-4.295259720052602,-2.3659119797649115,-3.2435693830532717,-2.21566297658823,-2.7412612521459883,-2.1757720454404472,-1.945622145693504
13.014820635541517,11.268171286858808,11.654159066782237,12.68429312457406,11.53827235497506,4.443481146411611,2.2080950408120947,-1.3770714099651125,-2.6742179836275244,2.924712679515163,3.5496539229625332,-0.29161503170883635,-4.4732263225430025,1.6774529589834866,-2.045207036043851,-1.4256811600608088,-0.7974623174587574,0.7271708577837537,0.05760655009321444,0.2830694133300891,3.5226692570173745,1.1082836519588213,-1.838161588073793,-1.0836495114432956,-1.8478301771297514,-3.8221261232255435,-2.78700699800696,-2.5169692554409977,-1.3197763749678335,0.8101405316163769,-2.2074647631727626,-2.0078718254430035,-1.9650093988321,-2.5795225031829023
12.33384341602517,12.13065236339506,10.980879966945619,10.181951446698461,9.779086507941024,2.4712284906358146,1.0733968110958187,2.053341191686682,4.180814589652158,6.898331608393367,3.263628189816707,-4.725840456481868,-1.373435899616188,-1.7709386605984132,-4.135817689427568,2.864054252348309,-2.4837255507372173,0.1466057582707714,-0.5183642242077942,-0.8279777418115972,0.0011091084964879486,2.057971271182177,1.2677217222166368,-1.0243955983540798,-1.0985788562200494,-3.773558876002722,-3.2763590921196117,-3.1796963406047785,-1.6641460868401525,-0.2043762680435365,-1.462117336462356,-1.4977743083840862,-1.3551133874459258,-0.4934402742409886
10.139665337646942,12.30140588112656,11.012275936900798,8.69531911939991,5.198766204232504,6.606916192205899,6.812278303019972,-0.96710087667905,-0.06607928523114776,0.5969829807376545,5.930554483564804,5.626884372711284,-4.5649451337559235,-2.828281403659637,-2.2770083293447496,0.40233621640565226,-0.7886857846146437,-0.7524303497701197,-0.7162014182737182,3.7509012296110216,-2.390976518711072,2.406651660005897,2.2490444274861385,1.3068069839236693,-1.2269992921020763,-0.18255826873257172,-2.470336170271482,-1.1968638162426697,-1.032463621379583,0.12773310486866113,-0.6382509284574609,-0.5992054663276232,-0.9066880396812083,-0.18540811371585958
11.718422965537576,9.862619563724875,9.65408352655842,8.318601080085775,5.079599435229334,4.916208249345882,0.06335592377801932,9.420544761150401,-1.8978536952857774,4.562746103207213,-0.6931658922319293,3.439457913910021,1.7027191958997074,1.8894488832381873,-0.6437096200438661,1.4357138056901244,0.7573703328247531,-2.3428743802697736,0.1172389246212697,-1.4946595192763985,1.4910121016490863,-0.48329967658473777,0.4140156623822664,0.8710840916634625,-0.9667383676887367,-1.5671616605156216,-1.9124140193117594,-1.9013825254393895,-1.1903680023982424,0.11802478526708639,0.22419388700535403,-0.022520084779428705,-0.259828075441239,-0.012296939032946935
13.620338798002539,10.102457532684952,8.803379287768944,7.2266612137391855,3.739558002128494,1.524562896447094,3.633500167714563,-1.3161736468058591,-0.8323607854442433,-1.0759541721649264,2.3510487726473515,4.158682072754059,-3.027836731039713,3.273767912408273,-2.817484518976304,0.6148010512095389,3.4027184481271857,-2.6096914401247213,-1.3285249927690586,0.09335970721210227,5.240476675053592,0.30625114523991775,-1.394700273606581,0.06949316788801861,-0.6650058356888829,-0.6966682052531461,0.5178663016713817,-1.4523371800998386,-1.3325156890135643,0.6394024978176202,1.1230713429299362,0.12384923775510621,-0.04300361632943133,0.10917634549408427
12.051717987172358,7.968891897408402,7.652462530291758,6.878845538811266,4.82457571034929,3.0036876524697464,10.987038186145837,2.8645668690183936,-1.976500416813649,5.9597685035746135,7.75025743920289,6.001038558702934,2.939209725251363,-3.2096701194005277,-0.12995133407878873,-3.5030397163008753,-1.5566767926003422,-1.5291545293250575,-0.7811749240742215,1.1944241254054566,1.9052620699109504,1.2498515925749654,0.1397023530463617,-1.119520201455818,-0.9542260263728425,-0.33876484187899336,1.2621042066882053,-0.4462279833943706,-0.540071108834804,1.123633373661474,1.926538942282662,0.15284802042311432,-0.2680596379164673,-0.19637047610734093
9.848654543680148,7.797673158125873,8.407656006514419,8.451513697021891,5.6539370448639295,11.939712453372167,5.690732846593409,-0.6194089683323033,7.491923313463641,10.092811201416607,-3.81136213840948,0.6405189310544743,-1.8045778099772287,5.529820971724483,-0.2930970683043655,-0.0741601978073438,-4.319887530508288,0.9203838131269837,-0.09250779484104582,-0.1600088052383945,0.5119773438387053,0.3225775099392347,0.5330457773177915,1.3501342070457965,-1.3837431754816512,-0.536184661896965,0.2861542099593893,-0.2327585949095983,-0.14839020633328623,1.4233017477099477,2.2598655400979744,1.0074009273815938,-0.28186045745002664,-0.4620617077934463
10.145146112116384,7.8646515897816895,9.932736901177172,10.219182023142045,8.842752686158407,8.525187981130609,9.165158339360632,6.852316816423907,1.0742210405497201,9.180677262502785,6.150634300145535,-0.48862613989676795,2.14028822875252,0.8160527586818844,-2.3305957781067472,-0.43795360259111304,-1.4898373995483827,-0.8477722938097567,-0.5504434580821587,0.4394854370405262,0.019997315905548686,1.7828607976859694,1.8618626682083987,-0.48722947044819337,0.31843718277236643,0.3809828523948874,0.2908347638811555,0.3985447739181302,-0.25210689389973745,0.4748481401587223,1.7176373374803742,2.7393380146138018,2.1086827415786735,0.24722149648046068
14.106648375422562,10.437409057675907,8.665169018267141,11.847614991439608,11.952821896868127,7.043209224377614,-0.06467650042985344,13.076956126406612,10.405391879600062,9.898543365566619,8.064121828752425,4.379542027916823,-1.9083609138877953,11.924434465747751,-3.766247817928644,-0.06840784057343352,-0.657718587956783,-0.9739401746384626,-0.7537982266536726,0.3639626245805475,0.04832157859317759,-0.11693669836765833,1.454792964587195,0.6532622811503761,-0.7096818583438271,0.08890576314211,0.45154113463080126,-0.12843527199179264,-0.2161480827257138,0.3380660357450608,1.4581132988059011,1.817704163314712,3.4179097434122427,0.49134171501969476
11.509757228238634,9.845829659543929,10.999430726395161,14.895934431361196,14.639752943624117,5.961922061760292,1.452945674085225,4.438314832778368,5.509080693472478,4.98991166426772,3.252359161751661,5.475109785597993,3.713137446754488,0.4737029660480555,-1.1613193676574571,-1.472226787687332,-1.3656648981413795,-0.9154510523178355,-0.5534041205551268,-0.18249497998027628,0.2933381531544234,0.8373763369998357,0.5161116197110985,-0.24546921134339605,0.9344159055137751,1.0851879726415805,1.3907584619985436,0.5975338902516998,0.35725453794343476,0.518567435377833,1.2553122727337027,1.7589606260616037,4.153239769560778,4.158481234862148
15.952964452733815,17.31518507469203,17.884108007848177,13.205003020801238,13.11610383695519,8.180568275753393,3.4734633574779403,0.482356034166448,6.070103879589962,0.7990470715041892,3.0795040847523185,3.6170331799781534,-2.1670535804911797,3.3800657856587675,-3.867890980246718,-1.6630320652712243,-1.5760800457466724,-1.4803262283327652,1.2782972039709044,-1.3493575500933352,0.9207311309420185,-0.928334307262029,0.5142987932762584,-0.18663177017924093,-0.1652304037787437,0.8202574157211661,1.0081004863763159,0.8005604111527465,0.28402605938384723,0.8068965501207975,0.7539228196272794,1.7844650675556084,3.589000255395204,4.16414210143759
14.4697984000528,16.016766169661025,18.419678705913316,15.667374664806651,13.219472686721996,7.701982838006537,2.300827510176518,4.540926669774236,14.91871847387299,7.247154009602508,0.3826500218277151,0.6760808317186706,4.555089766212733,0.9440244794976443,4.369067487910248,-0.529185043047097,-1.0721990370727934,0.16778192431244443,-0.09218803637927099,1.4923340246110595,-0.32007231215165843,0.26247354430947867,-0.17005017693479865,0.0978720733933084,0.18382778737650057,0.023541824387777473,0.4449359695259742,1.5397303736040022,0.7027504125819481,1.3679583684820942,0.763101589130091,1.3572323010234901,3.173236297811933,3.558494363750445
18.433651009026335,15.725759029419786,15.894528772892416,14.60020615323909,13.903579977064075,6.656342597990326,4.524466456108348,6.905545812814085,12.983182395886782,-1.3154194157737913,0.7589335692947312,0.9718790525817287,1.5897993795223584,-0.347830038361161,3.635385000554792,2.717737843624351,-1.3200712892625284,-0.4561569132194698,-0.6124595237347963,0.8166355108441263,1.5082389985934488,2.708568139942093,-1.0065634393597909,-0.037131183090419254,-0.3192367959618651,-0.1110955248914495,0.7904624043783974,0.8514942945770624,1.3344977607661785,0.4528461927379322,0.7950893269802747,1.2432577230975206,2.073196257026333,3.2648021601095736
16.143054926210155,19.64649543979845,15.77819257063352,15.384615694516407,15.007669821897174,10.665627419789287,4.192982325860154,9.805012968689768,9.229251170422634,1.7236917173963595,1.7469431214566855,-1.4699300605161683,1.7911545232820794,3.60587372292426,4.766748451526119,5.831413971263456,-3.2385810866221294,-0.8271813943912167,0.7595767136748707,0.5460233622740291,3.6259966125138234,4.269726445952237,0.6677799785950954,0.5355997903771089,0.007336718211081986,0.06547532507030518,0.8426424231474393,0.7441959743239507,0.6944354536684355,1.365087157730428,0.5430516343217598,0.6318986332228345,1.3061816847358012,3.1119287245106833
