script/wind150m.json
{"header": {"parameterCategory": 2, "parameterNumber": 2, "lo1": 3.000054539987559, "la1": 64.9999836372058, "dx": 0.5, "dy": 0.25, "nx": 34, "ny": 52, "refTime": "2026-04-21T12:00:00.000Z"}, "data":
[rows 0 to 23 of 52, columns 0 to 33 of 34]
7.557032660182487,7.398888249752612,7.279849691489666,7.154468589029297,7.238630192121762,7.393277574643459,7.331559505855429,7.117118727517481,7.014794656096427,6.843074871797146,6.683607429777357,6.381974591283902,6.2474873241313125,6.180848200026314,6.424309713450098,5.5468309986532365,4.511993347671627,2.1224016716646834,2.256396943888619,2.8625051662280097,8.493934267166152,6.7296206033295265,9.819254706218086,5.923940587098879,7.960453780945711,5.357531511740549,5.097254134731435,5.045130292070133,5.230187507504369,6.289848933804528,5.704126274131675,5.54685395713927,4.9315216319304325,5.094234846453362
6.623363264847894,6.505360082344945,6.623503557276113,6.416405198812309,6.387701187303967,6.234349614967473,6.231605342502329,5.996724507359056,5.879860576797042,5.571483604495666,5.937744296627958,6.08215945651207,5.251645721268808,5.151290017201137,4.429852060584624,3.950891270617765,3.1338225731478335,2.5079235167314713,3.910672509344888,8.76907256804721,5.372244409507085,7.9005886134352945,5.508228602863148,10.041153577260548,7.69415818614042,6.078287392553589,4.332721977165079,5.460779036337311,4.8489164734203785,5.701054690940998,5.469688379275821,5.232073868034181,4.7291859173133135,4.976944019541203
5.661177736440204,5.577805728156261,5.419847777608343,5.364340730734352,4.8508716486590115,4.797184746394007,4.9122725530039455,4.811436845178296,5.315708747014843,4.9642326785971775,4.460631639032081,4.256089891356803,3.8153755711074697,4.0014201218119245,2.6343263894314424,2.479605841376162,5.222582863997601,3.864200008067385,4.419528688150304,5.555650141743943,8.367003562940221,7.558645765383035,7.105174106666647,8.727250165824172,7.292666675056953,6.014726783524479,5.514145249277964,4.7416875158958804,4.647378599303048,4.683371653868394,5.133960478059706,4.847596244982118,4.483040142883589,4.851555368023184
4.731516195572666,4.562924084364233,4.203284963858806,3.4748975461271243,3.151279103703863,3.3901456617906227,5.620838207465403,4.6472397658439295,3.9064207723838833,3.3492895747999647,2.860690327778773,3.226730879156451,3.3810395636091077,2.5837455106199956,2.151178968586364,4.677234995376844,4.418685189488941,4.076449268520113,5.294046387114051,5.276631267895282,7.65393974807059,8.743029721049998,8.16651925204294,7.437599565895875,6.623576799739266,5.884122925289154,5.830688204472589,4.811907704325237,4.523395944393294,4.670248566855756,4.70292732042204,5.35697485848814,3.9724791289659613,4.788501370270648
3.7380412406015755,3.100301287852607,2.5089518391611203,2.4225520244337235,2.9344709827287234,2.900927993236258,2.412246290959707,2.2619391619207176,2.3160478978113135,3.548574453056527,1.9711184352650528,3.023202726267943,2.552437075880991,2.7828670388126726,2.886598871296053,4.345135755384894,5.19174627466525,3.971438092294885,4.764054994899614,9.126336604748081,5.707362035792904,11.495235186908106,5.307243132142291,7.135694804798601,5.551171855897239,5.190604444672781,5.764000093987527,4.269105985869618,4.309692486401116,4.409749683899912,5.005391356771863,4.892969486136778,3.854575418361553,3.815945349735611
2.380219656981381,2.0611143383545247,2.0614931782178294,1.7715750055424886,2.1633398312847394,1.513469727437257,0.3172784846727171,0.7151218869356583,2.466153094581128,0.8041866678825113,1.9181660239447609,2.733218525486799,2.9891558451520712,4.237623204716869,3.4144751256109265,4.471256113602228,2.9415140410389657,5.142506117658597,6.722263619890912,5.964223292084416,5.698173495062402,8.240385028055794,6.212071654203808,4.7542481972109405,5.457018119520201,4.367167303342547,5.1625096799991175,5.340560186700237,4.035318659258344,4.34670050717523,4.094383185315835,3.9989744721772564,3.9595299741920833,3.3020647253752298
1.8026355832484118,2.311078031149864,2.0998083348495635,2.8129947288235355,0.7489378750706484,0.9464778167542643,1.409351401924753,0.7191077035688432,-0.03287692279473249,1.50128130250641,2.1881111990791737,2.6445234264971633,3.674095564708741,4.394066656538197,5.075477357013907,6.018561788981763,4.003349810418613,4.202829419033163,6.712432700203085,6.146582401085362,6.096748715490931,7.4246173157884785,6.4877364914407325,4.867941195862945,5.171513513155238,5.915679745053216,3.9037712659077495,4.8581070171357394,4.362865667806823,4.792591738226492,4.568858263683628,4.069722793769572,2.8997261502700318,2.5425655131780016
0.8859544313483178,1.4375699564221,1.1138543606075006,1.2498595931785852,0.37011071798520756,1.3613135682268576,1.001775767265423,-0.6249302252976031,1.1220837981028011,1.6274682674022258,3.581937780808027,2.6287343452941756,1.6785773075231398,6.529828547524725,2.8592790066190967,3.093087144698434,1.5555460240692471,5.087046053663481,5.875310642125328,6.309172216468836,7.234114772914629,5.732307545072904,6.551644731737919,5.885783479570174,6.156587405307247,4.928616451387944,5.306280721352855,4.303114655668485,3.8581598125713517,3.804125852562998,3.866630404011552,3.4789053284502716,2.541455486686541,3.6364920975684667
1.748652543305054,0.5856876370588289,-0.031762856999318106,-0.3594731260715078,0.11821591941018339,0.5185502647494681,-3.1078536380124233,0.3407188724929265,1.5405785154139682,2.8573181118512303,1.8400535093500487,2.6878519750247305,4.742888606560496,4.899200044265859,3.352139188252229,3.690975107373607,3.646356202156358,4.9989689984599,2.841782682027895,6.009989442940018,6.8991025921504,5.423116359608399,4.723777604619716,5.806284748463745,7.008227960129183,5.360166910926144,5.268944502910378,4.591042860018129,3.491385069015876,4.628898104032471,4.266134847331156,3.5565187115094052,4.455033636388839,2.6873176991756247
0.4574182253430251,-0.9828457158590631,-1.218444039727133,-2.522992154967558,-0.29973796816906717,-0.7146211836816677,-0.9093990568020067,1.2156195346494052,2.374735165232275,3.328754713048523,4.037274910730615,0.9749250347972076,5.250613511201655,6.289134416199322,1.991660716354173,4.177197913116149,3.986599273449166,5.166913797744168,5.012130788855868,6.375774220987583,4.85852470978881,4.687325017986178,3.7975151672711793,2.441956291176098,5.375002066342099,5.6702020369530945,4.954189846967734,4.459434344219765,4.534020179047285,4.307585468105738,4.527847551274802,2.151057803465993,3.556974342497127,2.6935875628790775
-0.4026826415833554,-1.7355140124044461,-1.9495603424459527,-0.7352749143569889,-0.49891835854619176,-2.2158534982566174,0.9708339554523374,2.214064576060589,1.57625882266357,1.2249343152406438,2.3047752411274285,2.0699151385508507,3.524405776563559,4.13739138693045,1.6037065816392089,3.0415160973315136,2.6325653978697083,4.108056911627223,4.859537634240425,4.193906993309141,3.556728270344502,3.9300325408060512,4.621279252673429,3.4047120345082527,3.598310226433609,3.3666372439478525,4.866871330486918,4.145653437049575,4.124933833362081,2.795235133538686,1.468114725066286,6.458821511038835,2.370367293714728,2.560149058407612
-0.5813362411957687,0.565963001349575,-0.1784364735905053,-0.8409187495393106,-4.0801268714682495,0.024234278939612663,-1.956305668069192,2.3149828914328725,1.3788929502516571,1.1715491769194086,2.0485390981815557,2.1241973117097555,0.41468669102338224,3.5065664048300555,2.1256411209107555,2.0620576515626388,2.1592347173394204,3.2181134913562763,2.075045444383381,4.571841340863099,3.3083509015987196,3.1998358842525914,2.028507448479641,2.5053859039485973,1.383291927394449,3.5267501570433692,3.5783590042012685,3.0836526611275676,3.6457168650466647,4.0500268879523675,3.4205707032985644,3.5378084902736284,2.103542156087375,1.7446735453089972
-0.09761486363492729,0.9824499308543253,0.21503766172253558,-4.694538075062555,-1.981911957125833,1.508474559055798,-0.24305880780749256,2.542071518834763,1.4362335274889895,1.0246169313554492,-0.40112238412750695,-0.18908129227833567,3.392183677165522,2.7606872126908106,-0.09721926230953236,0.3382976572873284,1.0393490115549657,1.1973234207497747,2.4135116466271933,2.2878252515428295,3.4949951061783624,2.565628839546879,2.0292993615714416,1.9002080575451976,1.28207128215391,3.099117184355479,3.0874620176538725,2.9744411225894587,2.8471961525666556,2.0473447769342292,4.677281805023327,0.8287471983452053,1.6327996031908987,0.9322896943290213
-0.37005822656769033,0.3380117155830952,0.03998890287877212,-3.3043715135337743,-1.7381931175361902,-0.16397075240533338,-1.162264444087835,1.085062319664238,0.5469692316054431,-0.5361750233260832,-1.096053665757496,-0.0017043154348769841,1.4718614770704863,1.6985009373314384,1.3461286262952035,0.0372391292127072,0.6875679629494932,0.5244350507091159,1.1185765058146653,1.6912902763609998,2.043284203118907,2.9696199779914707,1.1222261742820476,1.5104506708956278,0.658884855558183,1.9514552539141314,2.8473412722913682,3.021286688794482,2.4629736536002618,2.150077973085722,3.4801737827964083,1.125550154679455,1.1267754254682627,0.6058624270693176
-1.5715559372125358,0.7403265035738906,0.23229872693529793,-1.0835287546262506,3.2060012575240555,3.1589370297964714,0.5071564112358591,1.2405184844157293,0.6732982136852709,0.8478671386921176,0.860684012338814,-0.16959351415989463,0.2628197074468185,0.536759589985371,1.0638248935514905,1.2982660234793144,0.17566243639344906,0.7219949388053357,0.3628395379425971,1.5187197582224476,0.6502810309715468,1.7812121706148187,1.0564171038723802,1.4811455323020066,0.3357368078412139,1.6639343236290054,1.8030918082004401,2.5414278081134816,2.675490014959475,0.8683654847505964,2.3643865445738506,0.027632461884450024,-0.15433102035509239,-0.004624648067153573
-1.0111277585346607,0.5059530547610014,-1.2537063194202107,-0.6519868008257603,2.2866152564342435,2.3698163790969815,0.8936702672916664,-0.6132239748978722,0.06526578940622994,0.21670596935978415,1.9836599622532056,-0.06187164569332787,0.7992345347164398,-0.056895128292159584,1.6474440234810739,-0.7201364576388201,0.13918371777978258,0.4080806854559274,1.5876477728963039,0.9939648574439718,1.3256596385521549,1.4599607921202697,-0.009656152092935629,0.7869346272838119,-0.45268141179891014,1.188111132652284,1.5832798556491754,3.017120064877956,1.5217149317907985,1.7479934693879071,0.9511269430096009,-0.25174581646160155,-0.7316636041483605,-0.17361646061418828
-0.22796530030994552,0.10001067617599517,-1.9885939733034466,0.3181630665399818,1.7571478318188165,0.9931912430871378,-0.0519325233759966,-0.3013580328236651,-0.5398633609421033,0.26579289288416413,1.915517190781973,0.6717642369275414,-1.050918808310209,0.5904477548342953,1.0913208055674506,3.380445895198375,0.10202108855712823,-0.41367555630313413,0.534290899521364,-0.42699889201949387,1.0415531775494078,1.285374464806246,-0.15118727317352246,-0.6850568537107387,0.08400200155056588,0.4921834989564014,1.430783155318129,1.1987444787505244,1.1892558815762346,1.7633557061189364,0.15077983113504176,-0.7373099635812662,-0.9106108997685051,-0.6247679270518447
-0.4183910365869181,-0.2219154463287347,-0.7014295549369435,1.3119074755263347,3.13481751133879,0.7632554334137633,-0.6302199412252848,0.32485592959343024,-1.0456889180192008,-0.7313524345664156,1.339756432172477,0.5255667804597399,0.22140982686709046,0.24795604504256666,-0.18700814930494042,-0.5015028086094039,2.9689086112903254,0.8472879748780302,0.7910594730370363,0.6049431675630487,0.7214639880449532,0.5093014870037053,0.7627287490014355,-0.5415475839037748,0.6584218375252783,0.6231019694952863,0.7985537199686321,0.04164652133068995,1.1707542066242254,1.0481160420353708,-0.6876585677425685,-0.9059564161411546,-0.46782495158435783,-0.49728425947518934
-0.17729147748419244,-1.8577850087943812,0.09021658843266749,1.7440795543589833,3.5327615361034708,2.1565450365208534,-0.4341342057586308,-0.2759363140537801,1.30910331926918,0.009144949055946905,1.9650191361399225,-0.04392585394532326,0.13138692983275513,-0.041712544001374405,0.6145494028778786,-1.6051307112114324,0.2108867071020738,1.866433202349513,2.0495596535803537,0.5609871269886699,0.02634967206115271,-0.2421633281398368,0.24795170545570808,-0.2591759930955126,0.7788004939469169,0.1686664448680575,0.6555779568016836,-0.245636919460699,0.6850141933938253,-0.2991002919873078,0.7155669409178687,-0.6988649147154511,-0.7166947236856486,0.39434400561959204
-2.102943423753369,-0.6385130249514965,0.3907628548221252,1.6937906621542411,3.204510599106129,1.7367342712672118,-0.4953450628519761,-0.4138958850955233,-1.7310428371607363,0.00879005723938864,-0.07443784430900663,-0.23658038143196072,1.1082463108380578,-0.04264739447346795,-0.8084658834471418,1.1228249433974313,-1.622545696659877,0.7361177899034628,0.25140502941760834,1.1719398835861277,-0.9580381973866732,-1.017208400856889,-0.7963883141454776,-0.6452879821303151,1.25895178554364,-0.7971024254588744,-0.21289237607395517,0.011400812206457514,0.9779249669223731,-0.08479032862747872,0.5782546899061969,1.1511800843259654,1.0171779870263982,1.2841392543194012
-0.8202866069164086,-0.464298165966297,0.09746492437991218,1.3264985349464595,2.8807940911128425,1.624634702955111,1.4468187168069986,0.3517861641111054,-4.251528841528096,-0.6582844359444486,-1.898277623134442,-0.24934424668367372,-0.12129483944957133,-0.3023339011996821,-2.3452511905043663,-0.4101718485745062,-2.2859403160605254,1.425782614568054,-0.4038043078694835,1.4459845044230555,0.1696914643579613,-0.787307173827391,-0.4879372787633083,-0.8717434039268593,-0.23006643345160518,0.01829390627654117,0.5646850952333029,0.05032238341581011,0.5231146174268344,0.8891267929257388,0.7854774551923673,1.9756251798906646,3.0174040252387053,3.0822672773987456
-1.1938175894584968,-0.6524530248970939,-0.07169133215420095,0.7579605785557535,1.42484702951839,2.052815617123578,3.308906326625883,-0.9678481582313035,-0.11296993361146059,0.23548025625157143,-0.40137560164456837,-0.05389296710732758,0.2746154825754643,-1.0243075075324573,-1.2165401285609436,-0.39797085126185605,-0.9861639416869388,0.8337290372994625,-0.05189088193724889,0.9250764962177513,-0.5545911787932624,-0.44573039773485423,-1.2540693668991203,-0.9447615795324352,-0.33997359142573463,-0.18463105212396708,0.6459670975216665,0.20730306706914423,0.7149559061885663,0.5495452794875696,0.7280291733814801,0.9693722022382835,0.3368265438378829,3.688442690073987
-0.9878744363897543,-0.7639840793731506,-0.22935990503612672,0.457339600163683,1.8167678958328544,0.9801451452219897,-0.962066014255872,0.11875681698992178,-1.700230155159815,-2.9213967956123623,1.6299699494434956,-1.2176716164240076,-1.4974441640743985,-3.04935007067235,-1.2653469170089084,-0.8997896207296942,-1.252619468357569,0.18403638387925467,-1.2393120814569092,0.8279510479275964,-0.6550205269923667,0.5416134715011515,-1.3480056246016847,-0.9694462578282514,-0.297394559148032,-0.5053465053795935,-0.030617629447243146,-0.052716119981282436,0.7849537159372599,0.2718958037028841,0.5495907310578091,0.47989096392105035,-0.24722518205159685,2.810620438979083
-1.3530597748282363,-0.9143969042004034,-0.17671835665922075,0.5954512834685375,1.816723531101501,5.04490437892207,0.7923238571924084,-1.5736929116834983,-1.2771778238440183,-2.0748162359286733,-2.2291058053483694,0.9032278026066846,-1.358910966425107,-1.2248663772777875,-2.4372692880630233,0.807437516553404,-0.7995478492693937,-0.6271585927920991,-0.8194641834252022,-0.48275820077168563,-0.6913098861674142,0.48462670477323494,0.9191679801928954,0.31674798863023196,-0.5486197477122057,0.4143174455585565,1.5217958716378759,0.35635510792252467,1.1686199976313558,1.620846768617368,0.6465448408178669,0.7959371239571585,0.6445590888913659,2.7390910781291535
