script/wind10m.json
{"header": {"parameterCategory": 2, "parameterNumber": 3, "lo1": 3.000054539987559, "la1": 64.9999836372058, "dx": 0.5, "dy": 0.25, "nx": 34, "ny": 52, "refTime": "2025-02-14T11:00:00.000Z"}, "data":
[rows 24 to 47 of 52, columns 0 to 33 of 34]
5.846880669992148,5.871553129385032,5.302086976218478,6.399903904647558,4.867218843597465,4.443643707860837,-0.15358986235645516,-3.742113999456565,-1.247465123130984,-0.4805633467057654,-0.8223591394921604,-0.05557223329390381,-0.007623909597167098,-0.6236983098223595,-0.5560493722628921,-1.4630094386060224,-0.9855979938372568,-0.6604796344507482,-0.9099832153663039,-1.0475541248647449,-1.8112484230395813,-3.454741602870849,-1.1338858866350356,-0.5590073318522493,-1.1402461380357558,-1.2313618223367422,-1.5753410162598107,-1.082440999126605,-1.4997166662720245,-2.639155750820353,-3.216491450220169,-6.611468653127185,-8.70864433371471,-8.118716038357746
5.671725966848506,5.180854568202226,5.613423357286838,5.375465727225132,4.567140173672471,3.124008302400744,0.08741580714043871,-2.208478879568161,-1.6340083812913637,-0.39825347975142317,-1.1349370836940522,-0.346413737019269,-0.04080004622898687,-1.5636451442028272,-2.1467507633051217,-1.890806401141828,-1.4677221450656723,-0.5685176512482744,-0.8431321315880671,-1.1449531936680175,-2.596602737447717,-2.9931307369714824,-1.5083697627193038,-1.5576865748216642,-1.422063296333988,-1.1458783201367284,-1.404176533422812,-1.5173786172368187,-2.3989511359035713,-3.9033705390826676,-7.064518572037046,-7.4949312950795735,-8.922623054139885,-8.375283179076911
5.8927189276871506,5.848919347887717,5.541092158663442,4.564636137330855,3.661368136797976,2.0124227915663697,0.1342478733253596,-0.9129569328955842,0.12991490609322354,-0.15602028159392695,0.09383262763055011,-0.2701122097363678,-1.0802383640920747,-2.351453137778825,-2.7305564233321817,-2.176017413321451,-0.0012927121793207858,-0.7606899466148507,-0.704592042184209,-0.7509308539519515,-1.5226006553531244,-1.3892198977199768,-1.483554188966766,-2.324222274432215,-2.1826248388147755,-1.3668868110224563,-1.5437435394075092,-1.8419881716402258,-4.079693561224297,-7.165258759100884,-8.639607042296523,-9.51534603686461,-9.641836843225262,-9.11286184382732
6.569255828830196,5.8739603720654054,4.832965011234962,3.925387246689982,2.962717728587135,1.6431926112130273,0.4190025209847311,0.25050678779115354,-0.8486807220899367,0.06241176577967079,-0.5979090559676116,-0.4366967323543938,-2.195052753606719,-2.7293663025510595,-1.477800040169399,-0.9518282584421025,-1.22832195886264,-0.7280274867821631,-0.7037129252563904,-0.35040094152531787,-1.1230591653942554,-1.274844828764467,-1.5763835720514348,-3.3364310049560637,-1.7354721659541643,-1.5493104007150338,-1.2794305496483183,-1.660841743595028,-4.438614879602971,-8.385937453949332,-9.353559161536284,-10.334057620017612,-9.387080525586606,-9.061646659569123
5.593754433233684,5.106400527514291,4.380844315483915,3.3711432033692867,2.083511208317933,1.4319131284045135,0.8210898173645341,-0.3679379553495465,0.22164618104465925,0.507260539395596,-1.173330552750676,-1.8727087163901852,-3.162785107976347,-1.6784672378061278,-0.9188929529977016,-0.5191702947382035,-0.5935139007546447,-0.5245951362122171,-0.7125328194614018,-0.703331954659584,-1.0229544135958601,-1.5280629240202017,-1.763717510024172,-2.087719627662131,-1.6651061080540106,-1.8017242192995595,-1.545124935737515,-1.9149801779346742,-6.816779015514862,-8.970906565311898,-9.794042299611155,-10.10744864305897,-9.708042867389095,-8.689377324834437
4.90171798239907,4.307579517509686,3.3620288574080712,2.5917463708397075,2.0369683865620827,1.4266193673890408,0.3252626654475121,-0.32542114693933993,-0.7315067402648147,-0.8799390821296024,-1.8423693812097923,-2.755335524519477,-1.4286305188088027,-0.8899153296637137,-1.285974429496494,-1.1214535744674614,-0.4201254494511689,-0.3872812043521802,-0.5931659333837482,-0.9456316830347342,-1.2584825019521886,-1.4592939741210575,-1.6289547779775195,-1.8861688840437758,-1.7911343476815136,-2.0177792165560935,-2.1629775657338923,-2.064830385303009,-7.488066911576211,-9.526373143172787,-10.415732504690691,-2.8466888492695346,-4.570252883335818,-8.729704339524847
4.276600652277353,3.1716364648299704,2.7364847213294343,2.036894082453741,1.489523267108952,0.7730441963595918,0.11624655712970267,-0.5362477822871559,-1.1616035495762889,-2.0813043324627283,-2.0832834151689723,-0.9410106137954646,-1.3815438614046476,1.5170794692036977,-0.13476315000032724,-0.8895356996962406,-0.7464701094970082,-0.6548302118016451,-0.3497598445205249,-0.6147499304693548,-0.9914325165359756,-1.1663032242362303,-1.5990923120964777,-1.8473650287162275,-1.9881431601939945,-2.052671329975286,-2.13065600095139,-2.2618342838659315,-8.10686679861233,-9.912513765860695,-10.61493310209614,-3.9408754839743283,-6.188437478302038,-8.889922924231467
3.2879987506551718,2.699750825247651,2.4550058462771607,1.8147903157871674,1.6126030958062763,0.9163779623657876,0.464974360844711,-0.3705276019505523,-0.8297730357297706,-1.2686838709831074,2.363933859037379,2.5060413785225597,1.628218458482975,0.22102566717696653,-0.2825250727596112,-0.8550573699095506,-0.42720696898719857,-1.2257382448199294,-0.9453603731870676,-0.8310473278530225,-1.0653089034843208,-1.334901753655013,-1.3413670739979886,-1.3763621948335318,-1.9191055991200263,-1.7288726760013249,-1.9943935774848736,-5.02994293376507,-3.218593790046376,-10.2353134303642,-10.70570441353565,-3.744940412536046,-6.665280366671468,-8.851051563974819
2.8445767975964635,2.5476715561837637,2.2028650472041003,1.846547325127917,1.9204335162531767,1.9493338509445197,1.3969270547835715,1.3839940156252755,1.9032381143673263,1.9270203383097348,1.950600415017896,0.6058204211699421,1.3366075335984904,-0.20302141682788244,-0.5112625045338359,-0.7252091978633053,-1.1410041074807247,-1.2661530030605062,-0.8976667489163406,-0.6319328397193896,-1.0303896717432852,-1.3200709178879604,-1.769456385828856,-1.7304555253856682,-1.8199593950012503,-2.158215106993286,-2.605816452783329,-4.303293015906469,-7.83561207965907,-9.938886721759241,-10.193154351945314,-5.895524435457833,-8.941564617291208,-8.706862484233577
2.604755702208157,2.9581190464698275,2.3582415606472518,1.8967778262857726,2.138660259878467,1.1666783804403875,1.5751799476517938,1.1407181152994192,1.4941675647473773,1.1878247007643232,0.30143169999300873,0.6853934370334532,-0.2323306851296465,-0.34813052863120314,-0.7472705356836685,-1.0498459670915918,-1.4184165600456884,-1.703042510072625,-0.43180845165034903,-1.1659681493121097,-1.1948121533024385,-1.3867277973089032,-1.7517965459203013,-1.9902024733780126,-1.9546388465647042,-2.2361525052792346,-2.6096746211680255,-5.008756971821563,-8.98062517547809,-10.086653731109749,-8.47193069812777,-9.087161546636208,-9.233614571341272,-9.124558616457614
3.270102287254003,2.4908222715133097,2.411370818928448,2.321513141854735,3.54098862320189,2.742528407846671,1.7395409485686646,0.862113934737538,0.9070545328493506,0.6485760503315131,0.7094749989501765,-0.18593289652243633,-0.13514127919222427,-0.9680527648483136,-0.77856652331728,-0.7154321913263411,-1.6279080815897842,-1.8181110735657182,-0.8528942805286917,-0.867618240385658,-0.8295368566937721,-1.254010153696271,-1.7544356372431102,-1.8828483178731703,-2.164092770465434,-2.088069752522718,-2.5819885942421177,-4.841302634062751,-9.947047336981452,-10.060700040896355,-8.920901229144665,-9.290316270900218,-9.744536584341368,-9.74110450798873
4.681729012162482,3.60782375258303,3.148901560092814,3.3581386695078717,3.399922602880846,1.8816674296881926,1.2343116082856054,0.20198305101600333,-0.6252425967885052,-0.47365284700130034,-0.6372215485004659,-0.28601070681726115,-0.7128915369737067,-0.9970634116477609,-0.9089569177119755,-1.635827728949243,-2.2055180148928835,-2.3111680361772264,-1.51211295126308,-1.1368051013916467,-1.2409813752712069,-1.4699652930841898,-1.692063600955683,-2.1105293687701887,-1.9569673895740458,-2.3497761861400153,-3.1342343178070973,-6.830173979793744,-10.324581166200586,-8.592643941780088,-8.869485288958781,-10.472443688250168,-10.82951018300476,-10.84354977678612
5.01964121220729,5.194835290190843,3.5956136685434394,3.581728922696063,2.851040757346686,2.044486876597904,1.2679566289640756,0.5387793941337989,0.1316596327378344,-0.8034110864715771,-0.7064765441536303,-0.3533268667843059,-0.8952310883976261,-0.5670445196585607,-1.370782206706898,-3.068038757587226,-2.5465520636376255,-2.4743411013948835,-1.3043915726161472,-1.0849503917270849,-1.652948982634059,-1.4664505378868413,-1.8160461824193181,-4.089154300594273,-5.552078755905403,-6.062244940687519,-7.591973253320253,-8.509651860985965,-10.411889584054952,-9.823693704732527,-10.071822526085668,-10.700610278184424,-10.572239943931105,-10.755215131974712
4.004093569246991,4.23520021332348,4.013099897363441,3.1059433566591235,2.86572622573624,2.2924548325911007,2.2860332181648118,1.6702394420581417,-0.19481694325360735,-0.2631185374782823,0.08983465268387986,0.11171189617741907,-1.0824821536523184,-1.236668024457063,-1.9173501049438924,-1.9422244579252395,-1.6849677585729406,-1.2781738219849959,-2.181442346251675,-1.298161778349809,-1.8178645389022272,-2.862046659081372,-1.918939194108947,-5.498293577286747,-6.648825833880398,-7.161084151863038,-8.6484877527988,-8.96027282504481,-10.816685470590711,-10.181136148448255,-10.362876947706393,-10.95386778694891,-7.598536692248846,-5.38025136242015
2.9950026934438356,3.282109421100849,4.451558865961744,2.9990336057231977,2.169019271329188,2.270692553017653,1.7953995177688802,2.5981688343774736,0.6652349409849138,-1.061012465980668,-1.1787528817282944,-0.8005676279446636,-1.5568136736746727,-1.3399547180938904,-0.2620468045976012,-1.612777863291268,-2.201107501959108,-1.8175886655424807,-1.818683307499804,-2.8849007699321856,-2.4365870253765816,-2.6798200757435655,-3.335517315762716,-6.958727154621747,-6.980966382494769,-7.773096577484546,-9.120034897369733,-9.325731881064321,-10.820219441286117,-10.410224910100801,-11.236773503962533,-11.262166235736228,-4.0762882254879855,-2.33295493117778
2.6378016232007298,2.363902617476068,2.6742677163941004,2.130247832132151,1.123215056413375,0.5826758365650813,1.4490807299782564,1.191696315181745,0.06772606383862817,-1.0113784638488514,-2.0904670282093987,-2.0365477350843495,-1.2930820433499934,-0.4092015981557385,-1.5787500506753172,-1.8882839233515887,-2.4241502893334443,-1.9541938566748343,-2.0547308489586174,-3.733263882012227,-3.5861878397384275,-3.534281472908395,-5.418002014252139,-7.643959933119739,-7.66700834442173,-8.458459420338949,-9.11058119284364,-10.053355766879468,-9.944398870337402,-10.053677491185287,-10.333127472664541,-8.84324546695571,-7.338141242786252,-2.2473135405641047
2.610812377340849,1.7600971168806678,1.2824648525624185,0.02392087692370055,-0.7200665581717021,1.510485422133055,1.1805828171427402,1.3588025795638476,-1.6698546144640853,-0.5473575687265156,-0.3678869141454781,-2.8079630368571467,-0.07905560765677791,-0.8501458210433833,-2.8888105666591413,-1.8306588375010595,-2.4739984669370845,-3.1353213714700288,-2.460244885126948,-1.7398509238764843,-4.225080662243234,-5.907522613931939,-6.47776515605209,-6.191981549343004,-4.594836501793507,-8.28035602640492,-8.882134400048022,-9.042804433271725,-8.187791070321012,-8.696370845867492,-9.020251729135722,-8.244032489318728,-4.853456241472569,-4.305534190329824
1.5379751542417204,1.5146400049309168,1.1580049700418005,-1.3891478773815908,-1.3845213722954433,0.7229869036558164,0.7651796234602822,1.2695956061351643,0.9787174554247805,0.3145245899156451,-1.3302684083071383,-2.902377559998372,-1.3825306284772343,-1.227313127102814,-3.489060685050174,-3.6411733076197437,-3.0288411661833363,-2.8263808205811003,-2.839694618441789,-3.581840100323814,-4.814729902218235,-6.508612987179284,-5.601982774269164,-6.007934604779245,-7.646894302856881,-8.278817562803525,-8.717502453246235,-9.835106004689283,-9.245673851399117,-6.386671017606628,-4.5667487600965115,-7.0222473958591864,-5.620829535558858,-5.1889057829830545
2.382770679077929,0.6533648916665163,-0.01542616200743527,-0.15416201604847976,-1.8207546126678804,-1.0528492418215287,0.2989078509787582,-0.24714848396291828,0.8702060029237569,1.1111556125606286,-0.2419189976915269,-3.126625614512959,-1.7959788148250169,-2.324316892838184,-3.4121013579167974,-3.9947546850793003,-3.1243896184407203,-3.700042845028354,-4.873044553994338,-5.009004747730083,-4.850959428756259,-3.072387302941413,-5.79201054096336,-7.252477574273302,-7.145078730370414,-8.283613208201347,-8.181120251805186,-4.779767213470785,-3.263424005515156,-3.9933212643822493,-3.0314262175640403,-3.8858268384333607,-6.672816852610706,-7.068013947286038
2.452320806872484,2.6162886699951167,0.4733701105563704,-0.024215065488834748,-1.0846058987892704,-1.4703943673635382,-0.8367557793247925,-0.9164971835287489,-0.2970606700554891,-0.9812934468173087,0.07744397561740186,-1.6228702629101808,-1.5761453054517138,-1.6089759996630228,-2.0759213769764555,-1.6206121469380108,-2.521517737095476,-4.466649137432626,-5.689032860353978,-2.40606329932015,-2.813206913137211,-4.056623000209342,-5.49543258972215,-5.753299432963613,-6.06080133432847,-6.767684723479716,-5.700667958042013,-3.7103461143640817,-2.6446113973823304,-2.6122679788059986,-3.193255195519791,-4.026209503895673,-4.853881695051677,-3.0978081100637334
2.1045901122592503,1.78761229084139,1.5191895393380501,0.1839324742040781,0.5323415965764867,-0.4488069283647925,0.38313885694886146,-1.1359475386235611,-1.5832622647045118,-1.5888651571306818,-1.1682735489008458,-2.609365511161391,-2.5066263847892682,-1.5718226006817233,-1.571660252205905,-1.8037369379851969,-3.680944872837213,-3.066161384641719,-2.621892983823351,-3.0869883317800944,-2.3951254225611747,-2.949376678163934,-3.4980700436964844,-5.968860784568171,-2.638866622412569,-3.6246805738533148,-3.4234327574610752,-2.2834877926490504,-3.483440783832513,-2.4119790810003647,-2.329128313206295,-1.463104121869298,-1.0205361825087929,-2.603038706810525
2.096496264409021,1.4323212434042039,-0.3677737234557801,-0.4408826516674541,-0.8696652824562383,0.8947734269117693,0.5488746167143883,-0.04827985925406405,-1.4930201652615631,-1.630220837762642,-0.33832897097548514,-2.1745018609454987,-2.0255481905555404,-1.842782616426082,-1.485072060946836,-2.406404737248127,-2.3873947047618542,-1.7818471672505807,-2.5774592080403353,-2.2473116121161265,-3.167344982107227,-3.02781342145891,-3.6181598826113848,-4.253641433979024,-2.45605416215641,-2.5104766358905133,-3.2368916062865885,-2.5048619437270796,-2.1219212860507204,-2.347191638024133,-0.7135438952110565,-1.2430004007542985,-1.9742380246250273,-2.4365171914831514
2.9492437132560214,2.1593693683453434,2.205463940170138,0.16415190591425907,0.8452450045107646,3.092586197738436,2.459309859544189,0.24791306565507748,-0.21116459907628188,-0.7629169154155429,-0.618253936247065,-1.5639510689584666,-1.3616739857396079,-1.6704839180197244,-1.8196008962003318,-2.5909642709101477,-1.9977951000611895,-2.2514128069361656,-3.0422173160757864,-2.1416897509586352,-3.4815885219040843,-4.153088577289608,-2.247818635903673,-1.9117800797022102,-2.715880014858094,-1.926230341672791,-1.7409126154461125,-1.9415387440714604,-1.949613110940147,-3.106981730005468,-1.5004467452084533,-1.6342592322980243,-3.09346012867565,-3.305450965934638
2.2610240077968173,2.875367200820056,3.194398340463006,2.9227036717921955,3.897513009643574,2.162760613725151,1.2883782535671988,0.1803670933531499,-0.5676566251687845,-0.6372218936105895,-0.9179926772435409,-1.6640439521085701,-2.08644459904365,-2.1021288628076857,-1.5219174275436735,-1.4060070882695785,-1.27218125543046,-1.9182126833784396,-2.5846467535347637,-2.144166945785527,-2.6836936641897866,-2.9590162241986953,-3.6945374231260555,-1.6401795769426304,-1.7365638368404082,-1.9426370278161602,-1.9206458226742074,-2.9037665273898794,-3.811046555215974,-2.357204594419796,-1.86964968218907,-4.170969749835713,-3.049691058733455,-3.186486795022061
