script/wind150m.json
{"header": {"parameterCategory": 2, "parameterNumber": 2, "lo1": 3.000054539987559, "la1": 64.9999836372058, "dx": 0.5, "dy": 0.25, "nx": 34, "ny": 52, "refTime": "2026-02-19T17:00:00.000Z"}, "data":
[rows 0 to 23 of 52, columns 0 to 33 of 34]
0.7598900950229593,-0.7900766919902966,1.5124177548269222,3.600168304035065,3.398893556504799,3.890512063808715,3.661884411541146,3.770735776887969,3.342134200689814,2.679730309282544,4.352385363662017,5.576196535979139,6.9309114143993495,3.0242317537374723,4.869011886950985,8.055241127157075,-3.357842983333877,-2.3811015019440913,-3.0689816500700116,-0.4194076899290981,-2.369997836452701,-0.07254463003571839,-5.173498953644044,-0.0029023078730619056,-0.5026213092973015,-2.1925312664216667,-1.3942476308315155,-0.07113252074098297,-1.4854087861572969,-2.7793595647801115,-1.4670752868120833,-0.8421850004206846,0.8090014607333812,0.45584695116645063
1.8748254477533859,1.6085625185272263,3.686698584495333,2.742092123635107,2.591290599927256,3.3761263864657147,3.614710993464947,3.792696999171353,3.8428806304185406,6.890519734619147,10.785142154670972,12.081920773191072,15.147911705728497,16.126964998171488,19.695003766693087,14.917776270800394,14.679150421060829,0.938717418006111,1.505175284711308,0.8763516507194281,-4.986389174171717,-4.740964881010739,-1.292676183611053,-3.2147287635776824,-3.1607525959296052,-1.963724126625091,-2.4037895317611744,-3.55259595527058,-1.0751846593598604,0.6306122438751521,0.9064160328803075,0.5196148116126394,-0.16375441079780206,0.9735023295140443
2.37639521862367,-1.0226825450874497,-0.14950915514280666,1.3595956860489882,0.1383518256545438,2.284322119648814,2.1297877963426632,3.2326966133347455,3.867823946958203,7.410689016735437,11.447326134793816,14.827589067307077,15.572692768038667,19.098297681481075,17.56347574521489,14.631531210854229,11.567294322406763,1.0589102694275636,1.9749880956365482,-1.2681939464785283,-0.8119400357931272,-1.6094910817148906,-9.089736541102523,-2.758331368466623,-1.6996620685147705,-1.5553712410543723,-3.2575353674327245,-1.4398432127171366,-2.588568125606788,-2.675366106170398,0.07413461341718622,1.6582215146832167,0.42681462999309394,0.9677640119727478
3.2249493245301815,-0.6148157066560523,-0.8328402379268194,2.074068490453405,-0.12200236446329733,2.7859942210912454,5.4696080577588395,7.616746352140427,12.447330449782518,15.307416397210899,17.398917618015133,19.477916281347817,19.339470938811456,18.618546398818278,15.279080056351667,12.605712651428263,6.113028142664329,3.685866729987406,5.221935277857322,3.565370785805679,4.107032586200243,-0.33145433374096356,0.6635010242675892,0.8517289351479858,-0.7752004212471962,-3.0966579820884683,-1.3694077420651218,-2.6425709129061787,-3.088620579743194,-1.5277950730632406,-0.09252823245847433,1.2827772003940756,1.4726074694393334,0.10058098442545008
6.3976289160378075,10.30364761788369,14.007621449875494,14.768229413198647,16.32312272395661,17.818140638965513,18.991903023502577,19.078233327849144,19.46594253210191,18.416146609612085,18.174722316622535,18.904050018574466,18.706374087573103,16.529545381466225,9.558332454063603,9.241228784137478,10.255255606981816,3.380276648698644,2.699197006799942,12.793255434103932,6.580612763288493,11.31629334154065,-0.8273563234403555,0.6306590348331175,0.5780986681521044,-2.5527503204462594,-3.628944609665128,-4.397600777484472,-1.9050927056979285,-2.5089281298811357,-0.5428924754681043,0.9661207559756874,0.7023734312032475,0.5317140776757481
12.153890249778431,12.72417444936859,12.59106738216363,14.365986583529615,15.581271449099976,16.64636588471525,17.249510791625333,15.143436036030032,16.662643028832765,17.76057205316183,16.53069446366948,16.736554385352083,14.756260290406239,11.54814025543808,5.673577850190244,8.089098556352809,3.8519021679068515,5.413719342596395,9.009163627902884,2.612892478441621,0.2856195512915144,2.5412641826714917,6.84290929682761,1.1525788450181726,0.0708293451566056,-1.0266627162825532,-4.4278112048963925,-3.312952827361238,-3.658827110915718,-1.7467770966080378,-0.4034644690030411,-2.1779261784827835,-0.07179133039155422,0.5922323279761742
12.954948590381708,13.002815639911747,12.625330632197555,13.72706435953043,14.74496051468903,15.915291264473828,12.09099512079689,15.048023162159454,16.179432558975137,16.47434980859359,14.649707599712793,13.526807441168806,8.435933562381317,9.74721790027232,3.891263531340715,5.927579627038165,2.7022374090056047,6.6228355375311185,10.387742737053275,8.895689352462158,8.777415239197433,2.3009916990710115,1.127367564445643,1.235314665668526,3.3416805469298594,0.4510226899058218,0.17724101084336466,-3.1166605668871386,-2.5573292785450366,-1.116246852576231,-2.4128724234264753,-3.1246429348344633,-2.296432495811346,-0.7958828857586269
12.29009675003311,12.392226362864301,12.53536700055286,12.866421033544384,14.068393246069308,11.601662185924432,12.288799226417312,14.19569412337928,15.35280091407136,13.898690030451197,8.974454179135803,4.441167311864465,4.370931021540916,13.006051966864755,2.1905212662916815,7.63268254820174,-0.07515877950271987,7.880450034443734,11.161603936023289,4.856598156103897,7.462049801653009,6.443693724119079,-2.5185597093628815,0.5742960230438899,1.9010213968419736,0.43599901832141885,-0.9044951444222327,1.2833609528741587,-1.683932788855068,-2.6023903503410586,-0.2648891710222122,-2.5025657962116274,-3.220750740120129,-0.8050624064347395
11.007991474093366,11.203852071604588,11.090470442641205,11.923982087011112,12.1651545623244,10.230088318238161,12.76453711697975,12.442509393794616,8.933544350368122,6.8056799680795415,6.427943574725329,4.443591753702793,10.604182087158113,9.212338655412056,11.00360233721205,-0.37583182692872363,2.792626649865296,12.078570418221105,2.6377681407415414,6.779756306821767,12.163912819332113,10.18872797926368,5.171749895828033,2.2671291101429873,5.558738075316054,3.4322017469515465,3.0637458844953867,-0.6626269707327631,0.4209759566215951,1.2212398299269085,-0.14957303375542724,-0.3213327821408335,-0.9696087586970056,-0.87511454446119
9.52860606533263,10.100389844394204,9.91428487369926,10.272186058833595,7.15061609098468,10.772400596801535,9.949963550559163,5.725533213991309,4.945518791380951,5.484312502165631,-0.7231300871381594,2.444403467434714,13.97663805122086,9.137134149833638,4.4561999036103845,9.52880305220102,4.566016953660695,5.735368473531608,6.055400272655401,8.633788349810773,9.279027792421669,7.532712715318671,4.68103068284374,8.050541361292927,5.413602178087383,5.392167472933021,4.346228241902626,0.27263626415409165,-0.23688556974042743,1.3070525074916852,1.7956218306803204,0.21204283967382043,1.3266576169778987,-0.15075846597211237
8.461900210507297,9.21403179141586,8.797789648063585,8.517088299414743,6.316402618010604,8.212073946644162,6.114561450912538,4.345423205167488,6.650554042688826,0.04191877176253957,11.761059234996754,-0.6292655039599373,7.332046199373483,14.909999278390824,13.978157179273115,2.2495615041334833,5.0321889267470095,1.3792496339808868,4.811125108503118,4.451037735318036,7.460608001961012,2.7979075962832454,9.601386753736342,3.2824309103931846,5.187290642115482,1.2059321322016732,1.6285776643664902,1.4436194054156215,0.2891772749638185,0.41860738643583545,1.1426798643127696,0.44278828445526747,1.215402966354871,0.19414034629937701
7.712857375893338,8.049879260048458,7.9036176163911795,6.5251638650940595,4.629720650923657,3.0310586610453463,-0.017737643708683453,-1.7891705290248814,1.5642262099327193,4.285640208787428,7.254662131005745,6.371755614504072,1.7383071234737226,7.444425377409697,12.891815547306438,3.4643558433294084,5.521014566342027,11.332440449667514,3.649399838118933,6.439864951547247,7.506629115879893,6.737338017888904,0.2587640528968832,6.507940326241605,5.168287974099659,3.248155199299431,3.202550732189833,3.8619095613507537,2.9605770705204835,1.9126053993386822,0.9828403097992762,1.0611083424647751,1.191658747084284,0.5329627191155976
7.348804739587036,6.637920818953479,4.938253460884471,3.4619031530507987,1.5457568702854907,0.584848679358335,-0.3583103507222376,2.166984282914918,5.108197477413748,8.807915201780055,9.442832399313357,10.773105515099399,11.15445209881227,9.513366700703607,12.417612636986965,11.75103489619506,1.5057672483612072,9.167573739726716,5.389406979442247,4.344359106253442,5.407828766149466,6.898581284785294,4.542845764127082,3.1274828797507563,7.0188639772483565,3.0031291982119703,0.44287740122078445,2.4596482653102405,2.84853857967709,2.8535458520404284,1.6637502037417158,2.1844154454081757,2.2264788469982677,1.1264406653478614
6.192117238258223,5.332247557836662,3.289243516814789,0.9654300855958651,0.4734246499357545,-0.7322769114178568,9.444692890709135,-0.8308792536299318,10.042835494691301,6.857245160848335,9.046099047584148,10.237451044948346,0.5980650800323021,-1.4295234534830483,6.746575171828052,8.763838279997474,5.548153810773462,2.9383616891047004,3.29578507102582,7.864759836035795,-0.5279863541007747,5.673892903622421,8.833914451534552,7.773110245326582,2.4318019176727073,5.571793841967851,5.043371607815757,4.239670420198526,2.5279637531046286,2.833251586959612,2.1491890397906044,2.3111498798672563,2.034389327403638,0.7469862901992295
5.029792559907255,4.185356336680431,2.248356910194564,-0.3249641509319894,-0.28965944259808313,-0.2873847405302273,-0.7808031950235158,7.955391412854827,3.2842553643175085,4.648499869264861,2.8282853596090494,12.034836118474734,15.597700735557483,7.798934078208012,3.483119959787159,5.728874298489632,2.100084036406225,2.3097001189640336,3.12641567026142,0.5136956577520325,3.410143384586678,4.815879589581481,4.09258979754522,6.41528310164909,4.261225822264032,3.470869850726741,2.47382656312736,4.193724084492576,3.217635021285404,3.1493314149582794,2.290635832481675,2.2859197463641916,0.9900093495983279,0.8080867342973382
4.082650934478766,3.219491406808282,1.4487695417675786,-0.6326005362294267,-2.6205568636324874,-1.0389416306263075,2.1289576735001,-1.6079231882183138,5.164243187874738,3.0648106932639037,6.321900124094399,12.045986058845937,2.8910611743777967,8.772874011240166,2.3721063510721803,3.081297205501149,6.617509442688432,0.3786180038758767,2.831894964060355,1.623939583828788,7.771492891735461,4.080536589036758,1.719239548966847,6.566334863739714,4.872189819696257,4.0953237756947365,6.110557611714339,3.233828398438649,2.5056835030953155,2.7405228253706837,2.6150202361312442,1.9025543586900082,1.3825874422879456,1.0537479003433496
2.7751761312862837,2.1395775105756387,0.6448668414799595,-1.29934167156643,-4.152586613249779,0.1164292418560471,2.546900632554377,2.186728503782556,2.2659953957108208,7.538587831374937,9.488731238230068,10.76729155183659,0.37286770120833407,5.0788076916560065,-0.4402323821679213,-2.4682808622097565,2.1530297202706796,0.13029467036024955,3.3309335710047367,2.074221393817175,4.177332014476263,7.627076752098608,6.0061014824751,4.534679816432873,5.2577909663334275,4.442334375202096,6.264999967072762,4.201481491081978,2.461519211144776,2.6665058146710936,2.581089617721562,2.110399795184458,1.532828429227856,1.0204832713020586
1.7325648820334614,0.6243030045648246,-0.1699849738046382,-1.4568007292346887,-2.983479961992358,-0.69486077364499,2.5681452564500145,0.31435221014915343,7.894382896852038,11.094292171679774,4.773956942102507,7.655588124125847,2.7006481017252386,4.986287508064564,5.092405152108924,5.677783810897074,-0.6230324807602714,1.0909000971683327,2.4729449193075217,2.806333820879096,4.261001105681834,5.682441155417233,6.9444727564656406,7.543026720855427,5.47819389084779,2.858834898372323,4.049983914922014,4.2267110677894495,2.4731390133962083,3.171721193897962,2.7583705256883575,2.4341591908384363,1.0147788301858844,0.07853377617722541
1.0948755950710414,0.8093185967275814,-1.1946946538379695,-1.3917815079319,-2.8360118126585063,-2.224687095877778,5.313339704468411,2.4204212306210175,1.1533396324780174,9.140223652285187,6.159507704986961,4.7210652569258595,5.846255966691408,3.8611156011795202,-2.2047975905778747,1.3046792160022382,1.0865341007201466,1.4189866619776856,1.06319684423094,1.3675553261986368,1.4447200090692922,6.828690834533804,5.998464452804397,6.535392469464092,4.406395443518501,3.1225931006091807,3.432376892078163,2.6718306259317597,1.9289792516861557,3.416560506690328,4.718539369588502,1.581639552236538,1.358720522222956,0.3042948325752299
0.356587345796513,0.29650375078282776,-1.9301394246306087,-2.1626614016556087,-2.4039967748078506,-0.873932592338963,0.7315506010651206,3.2407139855284934,7.148457719775748,6.773527185849214,7.870347872226222,10.498852365681586,0.7825399959605809,8.680081313096448,1.8687179238951748,4.978640347056471,1.1137307215430334,3.0733808976072616,2.58832596995713,2.8949516773257677,2.090069591091682,2.6938128607917413,6.037090048856191,5.373118801404566,3.043678863610447,1.9294959221704782,1.615282266866514,2.1251986644457435,2.373249159928602,3.9929924374178776,5.629714784877785,1.0782377255119493,0.6626070091540532,-0.2037805558447534
-0.5000734680817736,-0.20620645022494913,-2.5475774451729425,-2.5515737754658785,-2.5328413939274084,-1.9725865405057734,0.229943451613662,1.4669894771370557,5.283787501028195,6.107768303437624,5.594003055659479,8.985433848204423,5.75409963729334,0.6253122397785131,-0.36333761385107644,2.5778570226007287,4.4365717687006425,3.7719154316406738,4.844896777160875,3.903061531758513,4.354870729387027,2.972239183332919,4.794769344198613,4.770908418884408,3.9014923900960854,2.7879576947979703,2.438909455913978,1.5413755121858261,2.651360903386454,3.882742631250262,4.715180117693008,1.4373823709562272,0.24806526548775013,0.2222451614915937
-1.1933412932049703,-0.9371502050442494,-1.7183287154849451,-3.156021190754612,-2.6614596761585094,-0.5215435632488861,-0.2916862561351335,0.7234465858700967,3.3021501871986803,-0.2777394375251703,4.1128492334767435,8.79587596572558,-0.3481850811404887,7.512117087452974,-1.8993746134182594,-0.21449788883852414,2.5666099515291316,3.572325455848742,6.697815503923884,2.8793196749536563,5.773803053224173,2.8139842716106584,3.7009778889909857,3.5331069755766955,4.558361532860166,1.0718132207635627,2.083685009270051,2.119852947355259,2.451564274526124,3.906116374621035,2.505840335978125,3.4665593075291317,1.975115683176565,-0.4184250220323181
-1.9579043171587933,-1.8119008252431683,-2.0074766836280467,-3.59840151129165,-3.694466720127485,-1.7251995380199714,-0.9278234420054321,1.0735634160497631,4.4861296809452575,4.543956183872898,-0.5465416369480619,4.405122267689571,7.110711687422877,6.4028364505424475,3.290152818490595,0.0500091301440997,3.6814261247959665,4.711134630357103,4.659632710649063,5.703975776991847,2.740665389298367,4.173056721680651,3.740924454566953,4.176018020910614,4.270694086568735,3.0103203420991487,1.6211226347305732,1.4493957529680264,2.5838820288295685,4.624691312683855,4.777415892432151,3.9327319158071035,1.8242572242469501,-0.6655289903803365
-2.5068814929296637,-2.435953161860954,-2.669124737500148,-3.7376517662478586,-4.829688297113089,-1.7926882428070003,-0.7227542338030827,-0.47423240954085316,2.923352550023223,-0.5767281731318162,0.9161537335180517,-0.670674146021045,2.2778818939491163,1.1612312182763498,7.076225959078733,4.737705071813951,2.0960804943676123,3.9233736140658815,3.6344029878848594,5.419743671338477,3.9284377784982416,3.4965768865421967,3.1965200135574237,4.1671705174771265,4.793694098391471,4.252877132588503,3.5687847491712095,2.6650750784783392,3.0216751753366355,5.4164936479189345,4.440946849249134,3.8680990383988116,1.3770147105368968,-0.6635681855890886
