script/wind250m.json
{"header": {"parameterCategory": 2, "parameterNumber": 2, "lo1": 3.000054539987559, "la1": 64.9999836372058, "dx": 0.5, "dy": 0.25, "nx": 34, "ny": 52, "refTime": "2026-05-06T23:00:00.000Z"}, "data":
[rows 0 to 23 of 52, columns 0 to 33 of 34]
0.5854027049613919,-1.0514002700286456,-1.069310317395039,0.3816352782162912,1.8923972655624273,1.6116311616180492,0.5275754876474826,1.9765303754123689,1.8109015544951494,1.609471760057881,2.902060709721059,4.620102195988881,5.674437313798744,6.9398860658785155,7.9410150920646005,8.125347883336888,6.880381139890893,2.482465404582539,3.7467439635379174,7.261073219923758,5.554762660322063,5.06656562379191,5.087774700102075,6.450211250341952,7.944307115143287,7.939659678866361,6.031960770756352,4.3246438814476535,4.852775857717728,5.74256174899228,5.664089386058736,6.626212904255337,7.72535172442769,8.034585748807874
0.01846347798281733,-1.2092429339574564,0.9250172139673775,1.4529925320490045,2.3006749455573754,3.036346359107583,1.8618937741995363,1.497101901003292,4.223150131192077,4.263757576790773,3.592966883627425,5.152789983070014,4.9986941213437595,6.0206497945530195,6.51709285184145,6.644730956915419,6.232401582336889,5.768815485216414,6.063621689965559,7.667436608871421,4.326189863109868,3.716509317171344,2.6789401972903066,5.274981333537205,6.168673299023552,6.858085143504276,5.369758273862356,5.182453777628469,4.022363030413182,4.330246028413365,3.7393953379030727,4.349425703869933,3.746714738632806,5.378785301177593
-0.24755518040926017,1.3849860159115999,2.6405119365638026,1.034711892175737,0.8175221753508368,1.5022277482510522,2.391949651698683,2.703312958282424,3.6938192956067017,3.722833968477506,3.6210578852803517,5.501562852613295,5.732532606669685,5.150049893099836,5.610751192095449,5.650284689977005,7.525345032358308,4.473142097553034,3.980373149779829,4.250736525894426,5.331947281330676,4.440204961253906,3.6882200835477414,2.6042524934467695,3.902010482074176,3.7164513634238165,3.5307215397959024,5.13873802860018,4.932893693218477,3.817628182723359,3.5168500004693897,3.7915392819764504,3.104824875620834,3.557749583568571
0.22663987271419936,2.051167944050485,-0.18941361006162283,-0.653370763561856,2.6550620801330185,1.4268142118044551,1.2168475650696746,3.5106316365178194,3.987626092798536,5.562946330493425,5.392537994648837,4.758360002632683,3.8285586384639503,5.474237875854199,5.3889772008692685,6.958091701683588,5.418702728130744,5.263159614759946,4.894963160049353,3.8603546289679715,3.7724088954592463,5.885231228666185,4.4509978980184695,4.156947468855209,3.2315270442078816,4.164446228848994,4.08944444723229,2.797994767715957,1.6304376981345383,1.3767739407827302,1.644985933756745,2.6416091112215594,4.98170596873042,2.6567784642540855
1.3190111537979143,1.1663853588865765,0.671456793999733,0.42899690731374807,0.670306035829819,-0.03271836252911819,2.4674520833847047,4.699074839537697,7.599424518496698,4.3517101974057235,5.3183943399086875,2.864162832218128,4.584775973454635,5.032177840560846,5.529868661281283,7.016056099359801,7.7720284303926235,3.6421897761782964,4.459041709445027,6.98629425193653,4.451462173408528,5.7552447199602055,3.482778276959847,3.1485417758818106,2.1326204063806142,1.099050513380666,1.2686863888303928,1.1935451995450586,2.1907608598028867,2.1002571983976686,1.4842047762361008,3.622841677799371,1.0848815927317268,2.461953857527218
0.7403569935909089,0.3882014752156054,2.1172310384375708,3.781845969026161,3.0665394192588202,3.007185807374966,3.6420497599452673,4.795277400156752,5.515730478279535,6.585698959014324,6.393674743539021,4.501720526764517,3.9156030401124715,3.6289927239329978,4.533996153144755,6.0361441630112616,3.916274778769266,2.464049173089829,4.629405427455376,3.766641638755063,3.9496588164211643,4.926457883664743,2.4525728405946237,0.998813867784459,1.8227916899455967,1.077333523276843,1.625906461487256,2.8345137689897584,3.0952844867145295,3.3129320007849468,3.9795370699063994,3.4022530623569707,1.5461817648618301,2.300322406007049
1.9268936966614953,1.6704703628802526,1.1293481470019004,2.2535994352831485,3.628141079388664,4.345207326914923,1.9962392152779287,3.611144594971762,5.562710287542267,7.360502118146211,6.34470364516806,5.1862073685640215,2.1303557296305136,3.381145239718748,3.13580325909429,3.6451128541992284,2.665076778117739,3.335440399662735,5.213496483343549,3.9910943106239154,3.9964315658668337,3.534092123659052,2.891214578082168,0.46777999817381244,0.3052351403095969,0.5695016947167084,0.7477674559500099,1.0856319471640403,1.6792978653565342,3.172289508350127,2.692932097188079,1.7057775250034548,2.7818442149910934,4.064520542307191
3.412967791038775,4.067109202632837,4.7761746141600065,4.877497914351294,6.098694195442213,5.350867253046268,3.845739537679562,8.514677164171184,4.981327103301415,4.850767244824331,3.6598275608325412,0.08542020312731471,2.791129211858116,4.718279148260452,2.5013611499148722,2.0215529116201845,-0.7278163297822545,2.7249681649257633,2.0017155993684375,2.9818576695240107,3.323700748894017,2.008541301261132,2.19676946593198,-1.8983684945187478,-1.310377771118564,-1.4587534905808006,-0.4011817912919169,0.09483585211212023,-0.2540820512867965,-0.09748065378815027,2.471463645272025,3.6020222864041296,3.6314489366429967,10.76017049328174
5.929305706572037,6.493536898968624,6.758138734154668,7.263505024129705,6.897762057763316,7.291008627466114,8.571064444808853,7.703459706071114,5.311727631434582,5.915694431296744,4.087971580985628,1.65267504478439,3.440545131545908,1.7270178570249595,1.1576379645655819,1.2120974979288255,0.17859026127527353,-0.21693988632532576,0.9468964365990143,0.6625637253741034,-0.4389149162794589,-1.5249402794633196,-1.192042072205927,-2.051543317850747,-2.6622354750457773,-3.033890985122072,-2.652091385164322,-2.9028570499633237,-1.2138355502200235,2.049946523665492,2.8070165530091438,5.759739599969261,7.759909924352595,9.294835550530383
7.596339355416741,6.941068046580678,7.470606009777916,7.7965540860330105,7.497979027661414,5.651017765145636,8.160260959110245,2.7502465785328956,3.6894022885971984,1.9162898459948536,0.10466056624331678,1.8942659885511524,3.1088020696859067,2.79818236118573,0.8640921813814946,1.168092827582412,0.8275409561866764,1.2717284459535274,0.1716882340035639,-1.8585276888100304,-3.7622038081951734,-5.9107180123358445,-3.5609237768686883,-1.39244116885592,-4.587475064087651,-4.797084258622473,-3.2179243166775806,-1.2148476020542236,1.6195288200925553,3.5237135248105265,6.783641687512705,7.403557370706863,8.935664198729427,8.715175793341624
6.87329334842319,6.72077971450094,8.775096687782424,8.971213050523097,7.88125374008588,2.9865925394224675,5.101068065706608,5.170062629336886,5.99642021131799,3.623475727016893,5.004294951680349,0.16949805132704637,5.052912988282341,5.7840746860785375,2.323385340334198,1.79091324352619,-0.020311826432606424,0.5929463544907264,0.843991449583678,1.0994689969015252,-0.36395713019369685,-2.651486346694852,-4.027996251024006,-4.394855918645399,-2.060198457129412,-4.18189106794041,-1.2579424905645584,1.5971317540341994,-0.7006310150301234,1.7940384661481334,3.351982467645079,7.369329813729585,7.405684900010694,7.27935307803746
6.815564342814296,6.63781668792778,7.574039357867129,7.348211786231253,6.229692267136583,4.846696960588552,4.051032525536102,1.3027316490301426,0.9097646967499003,3.727117233406101,6.29972579787033,6.095072824695897,6.631861243714149,6.7201278171448084,2.1889064429207115,-0.07634886297731894,1.2789017066352375,3.5304841987565405,2.317833953336722,3.7268518734883944,3.4136929678806522,-2.7428415762484515,-1.099549029179103,1.0640408560618355,-3.8995433868054508,-3.8360325608784107,-1.9395484003579342,1.4110797674588955,-0.22665630589953628,2.558446471905918,1.898387853195287,3.6451869569451496,3.583431273862418,7.367470766581739
6.557882604392022,5.938752904687254,7.312873849928167,5.930174085077858,7.876028445401757,4.5174007092053685,2.2514464030777606,0.7529866636544501,2.8767658021824354,4.371302935617001,3.9911119170128257,5.483439868751096,4.967546123024954,6.400901203941029,3.5090735301160536,3.143236637092035,2.1548111928907767,0.9826779861053001,3.7366867130616277,3.557338402709022,3.6553436506518953,1.9499716965760083,-0.9068988176924462,-0.9076155912516689,-3.7404753849695482,-4.697782773630766,-3.907787328273339,-1.8916497461188306,-3.1940753786841327,1.9945342821444756,7.220005193228831,4.484642892646944,6.032253942257405,6.162430322258847
5.432177775248828,5.535461245613241,6.1514626654150915,5.628511753456565,6.010616527606474,3.3880793142105055,7.998319912663669,0.36903137165806266,3.668137667857328,4.268937652957342,5.117568137617454,7.4069349506706645,3.5982278279424853,3.895774033335272,4.379002396449855,2.0659663705416196,1.8085142525625637,2.3489581981208465,3.320089220717742,4.097296337056935,2.9628253443660153,1.946671635370321,0.22238478073547274,-2.30906867130557,-3.1658717702979384,-3.745394168121343,-1.134350141533881,-0.048799103232775295,-0.1752277069985981,2.7327894843838143,2.944131721948559,4.560129743593544,6.200250303243714,5.401502363037053
4.016283173556104,4.632415732742931,4.90381742322832,5.780361612481609,3.0883754587641516,2.950174744816403,0.30108643658353135,4.063933247953087,1.1773682806893584,2.544736400914736,2.045339771320137,5.551350888887011,5.390870700357488,4.021851416426527,3.4195256780197334,2.0546065903854456,0.4940538681501606,2.222104601946358,1.0036893873713126,1.676070970660584,1.9150990462290483,1.8619667570297571,1.2261203235715423,1.255805778607801,2.6018964252247017,2.5092040821081225,-4.5601492679045466,-1.041296756302895,2.752245678099199,6.8385901174821635,8.161718767502617,9.095737009398118,7.846053665476119,5.167874478238035
4.375887793295894,4.765426148259366,5.371126172165545,4.42837095781985,1.859001862353627,1.0127214622511358,0.9635502364435293,-1.1707275789840472,3.663728085726866,3.295619177362799,6.214763950099412,6.949834841176692,7.827288690469889,1.1960392417171462,3.300578908945843,0.5627451085923515,0.13469102794385,1.5630708414971612,0.9681205691589867,1.2207419726939328,1.8779772149365863,1.1294668134931691,0.7524329516639127,2.7109150291015887,2.6221343770022147,5.503166525786398,5.252890454674352,1.3715213089910225,6.741025178159945,5.778363386943122,9.789601577713869,9.672083676236529,8.707265525971128,5.773589984390145
5.067484789302798,5.671035514681314,6.011351961548894,2.270668702984577,0.9593536976889763,1.3730491037783725,3.852490343736346,2.4309820013352015,0.6926620440015018,6.018911531423481,6.601760781700062,5.28888215636264,8.518407079230322,6.2651779005692285,3.4503319665985264,3.734283085114953,-0.6244266116737855,-0.9678598932000497,0.9998521213652198,1.9658835490172664,1.9672302720888082,1.3852912620354112,1.7505267550075212,1.5703711087978085,4.730095539184988,2.969962632058841,3.9502446374256825,4.145138199128093,6.808359110026246,7.721645061124668,9.776690167843574,9.646261649597013,7.938590172654879,5.333410291134308
4.295359623565306,4.000949938845432,3.656252985865473,2.874867108573242,1.0757335161714505,-0.7476488210821127,1.2017101397745713,0.24491965426654366,5.0486773642219855,6.252436773047543,6.6944448409813635,3.9898377542578918,1.757608231277688,5.097551363152139,6.5734966024396835,5.964903492545004,4.6918154567155925,-0.31017438033843286,2.9170165833930186,1.9487361290696639,0.5092205598186279,1.099591052502297,2.1312839034113713,5.560188122736418,4.4696030097258355,3.932979491424692,3.654715676335464,5.326782838890664,6.269523489150352,8.305467960623597,8.812868673061455,8.701632890588478,5.787247316874308,5.209210208675024
3.1708043503051218,3.687371173046476,4.0857474220829975,3.1405425577014006,-0.7238591814453741,-0.5956824210133438,1.9354193684179162,1.6793545531208036,0.5417699839811665,6.227481993783792,7.759387747349495,4.959790212435379,5.223844505767783,4.393393252275201,5.955046719271952,5.074135446113496,5.884466134302932,3.4869137518805173,-1.0585902873603974,1.0212122622871105,-0.4288591233097749,0.1881794849180334,5.808154265444065,5.0901779059672,0.5938337967209573,3.6820491457523676,5.960881341443014,6.929689889449731,6.923716578717835,7.118507469077258,8.181798971496695,6.822303519819505,4.924486819535467,3.645214944434395
2.502736625052772,2.288439877931113,2.2506187251905336,1.9025238108241276,0.8089899048390528,0.08236299048440525,0.960594067966298,3.543733881780111,3.703706966736664,4.815798327835506,5.684102674227748,6.438032494826037,4.447522710691209,2.7491238914646203,4.837363229158419,2.8580836363050226,2.118953607385663,-0.23604817919829413,-1.1034608666058978,-0.8953206056509978,-1.2617374711695204,2.9249601532565546,4.046809631515824,4.307871224801954,1.9646434707618874,3.2673899431400177,5.39321143349152,4.6755164687863,6.314597065393348,5.798417997715577,6.404352336880121,4.721295834837512,3.27722472894251,1.3440713005367022
3.8588323556571438,4.029253169107172,3.9397053144319565,2.801417445211699,1.0598764719962281,0.9650828447621213,0.3521790207489779,0.19942953451310688,2.426500708074437,3.1533192361714404,4.6098987945078225,6.291669835604392,2.939874721371492,4.190731988944838,3.437493252878617,2.872801262958031,1.2010067184210889,-1.3451616418730947,-3.0227083856281687,-2.0570184921121126,2.948253346641437,2.565494125422987,2.881715532807496,-0.16948112567044088,3.5610763740976044,3.937649502495881,4.445277689170587,5.32238546888021,5.617451571605399,4.328729846224885,4.87165796258722,2.6157454399891704,1.8230541081985434,0.3336463661157517
5.381467128251623,4.33582628248697,4.367911455851583,2.477486943146514,1.0464882544649954,1.1327971778153043,0.3392179553970969,0.7998278096312179,3.8085139657308837,0.5136192229003842,2.4495061807413023,3.768337786124999,2.5387135030044856,5.5973251326705125,3.8220062084399755,3.792867052878405,2.2713303098225897,-0.6319253801977894,2.774620576666973,3.5778017796974058,1.802790692024414,1.5758633175374384,-1.4117102666123573,2.343456967362416,1.6270841993125351,1.029539395185002,3.1582699016606135,3.4597515392180944,3.655535716647764,3.4277641747475194,2.212912984320193,0.7066836841541582,0.5883928898675157,-0.17416518132611336
4.740622886290653,4.552205819569298,3.8239717719371185,2.7470780818324827,1.371558996045769,1.340771463022556,0.40955473740965936,0.04031299154640252,1.8233720061821812,3.7700145952040005,1.8499927815233133,0.4379102311134558,2.7907808143284774,2.3793753931288446,4.777079256360733,3.6518912084417554,1.728387205486742,3.1055434302592704,4.554455128859137,3.7176322440744642,3.448299456001984,-0.5912316321088151,0.5592760443271837,0.2948216956132425,0.6010599609252638,-1.0876608523010651,1.5639009434134328,2.7791884885314486,3.612717065213894,1.8804072185059981,-0.01934610032240069,-0.46927928331045915,-1.3873843988165744,-1.814075296721017
4.01186436938074,3.410555194778968,3.1267167174297743,2.470647983413357,0.9919864268430686,0.9335753094959492,-0.8495106585513222,0.14696591678936335,1.7734989426020404,1.8519548649517463,0.3677767820076448,3.4604375773214375,0.7589955279277488,0.9711075276688461,2.0590419769680137,2.3925530096532297,1.5749063102798473,3.8812771739070566,3.4104316959949568,4.909897387164646,2.6178113807164745,1.3056865921399237,-0.4677602205160972,-0.07825085947149696,-0.11777329657045303,0.9365044716614266,2.7392267530277903,2.123572869132274,2.28222732985592,0.680827316006209,-1.2463877876853007,-1.6383602596026394,-3.1365410316326408,-2.7711990135356723
