script/wind450m.json
{"header": {"parameterCategory": 2, "parameterNumber": 2, "lo1": 3.000054539987559, "la1": 64.9999836372058, "dx": 0.5, "dy": 0.25, "nx": 34, "ny": 52, "refTime": "2025-12-22T06:00:00.000Z"}, "data":
[rows 0 to 23 of 52, columns 0 to 33 of 34]
-3.8153055394612596,-4.242138797113892,-3.789408609651564,-4.42217392832551,-4.092819171558548,-3.854586802850927,-3.351159965746977,-2.2368326813889077,-4.017737931923396,-3.0303607489608493,-2.8915259674809315,-2.9486770388026753,-2.686906237612973,-4.007217330855482,-3.208651128674374,-3.4481015344190156,-3.136759785979963,-3.976544035019758,-3.256546210198633,-3.4681116006237596,-2.460023673504535,-3.883761610576129,-5.138380599349283,-5.57918470672768,-2.5400640982032363,-3.9258637195238757,-4.865667401973332,-5.747844754449026,-6.281846548129763,-5.053889055365294,-5.157191689671908,-4.987140061573639,-5.663511404800511,-6.1753346432014515
-4.28164852632259,-4.861432342494345,-4.42543532365456,-4.639951391709768,-4.4762008241451285,-4.667160636338266,-4.529534811880616,-4.001695140671837,-4.490272854486302,-3.609857936422791,-2.7792535622277867,-2.7808978117781797,-2.977966722216964,-3.691741960049051,-4.796135566648559,-4.014105999322959,-4.246543253032893,-3.1074478299995536,-3.1797582930572155,-3.557594711614667,-3.9078740187930325,-4.11677880575344,-5.468998527030978,-3.527671200195841,-4.881601704726066,-5.780520432613718,-4.762024415309609,-5.7560756885567494,-6.134083765866754,-5.340710571384941,-5.357562402682805,-5.612208732199034,-4.786695460193397,-6.546506329409321
-4.4841294148630215,-5.9744912929255705,-5.992809400191029,-4.907259411298207,-4.892843781632005,-4.7491836299771,-4.941426797918474,-4.795565992457574,-4.3033840942370025,-4.291544443752018,-3.7990821355897717,-3.117556133630749,-2.4158856156093376,-3.1373074339325515,-3.005949419208177,-4.429242879969367,-4.642371959386333,-2.3614183803808317,-3.3210037166012643,-3.03649009248983,-4.733889824246924,-4.940053877004522,-3.84540047898499,-4.144897589732545,-5.933858010643382,-6.136049983311077,-6.244369104744342,-6.289044498016224,-6.503385292920961,-5.370894708628349,-4.787217372266646,-4.938617277669773,-4.386302524735295,-6.103722741423683
-4.502537723935565,-5.652550114960731,-7.519210917338008,-5.728924495111683,-5.560804727692742,-5.9706989223679745,-5.760769279626895,-4.9351600741974195,-4.653138497797486,-4.5562915238604225,-4.781573031883409,-4.228747876490256,-4.2024074104823566,-5.0713747568621725,-3.961023016288501,-4.5909540501479,-4.138816965799391,-2.8976869861868484,-3.0025256921805314,-2.4554908078980517,-3.3888507377978656,-4.918617062351616,-2.0496316316225247,-4.720211702453243,-5.028311710759711,-6.028160637409692,-6.210597827847909,-7.405914409173519,-5.6365355818210015,-5.26644026567166,-4.93874862096334,-4.545862034918778,-3.68368480347222,-4.859373957963559
-5.086284227241087,-5.793054735262825,-8.008342681339705,-7.723918174019361,-6.778923131884829,-7.119550015952979,-7.368280531723189,-7.67343297856129,-7.302899632982733,-7.146707928766156,-6.1983125587981425,-5.364640279793473,-5.037848377497829,-4.074660879213323,-5.217754077219718,-4.783169981846481,-5.382630661748415,-1.9325866712748532,-3.104346832903086,-4.385351193637586,-3.437186523581764,-4.85816842426929,-4.046146668574481,-4.7758520344185555,-5.618454574226878,-5.86604624540427,-6.649338811062331,-5.505800915929567,-3.8299976761754317,-4.136939637009347,-3.873030894642683,-2.9262317862378673,-4.316344275827365,-5.752688183240855
-6.702112235329521,-6.736676315929665,-7.5047743541903635,-8.430627910005203,-8.736742645252056,-9.162532612533631,-9.059671462251266,-8.546965608838434,-7.991241560628961,-7.553505497935062,-7.107502340787748,-6.701534207319144,-6.302494638172467,-5.585262482765128,-6.515595320252148,-6.166411695580323,-3.429615663948623,-2.998981045490391,-3.737870709684968,-3.5981572458914663,-3.7044399080332435,-5.364883269915681,-5.682336095832949,-6.048216612937404,-5.945721740708808,-5.94364585660717,-5.964755245734445,-5.474953781109419,-3.9779365310044597,-3.6468376527763255,-4.229957118037148,-4.521320668441845,-5.183046365536201,-6.495138755804708
-6.562220174804392,-7.793471550911049,-9.079904253147859,-9.289139087363038,-9.021409622176103,-8.709863803921609,-7.7645475612354184,-6.500609423599254,-5.23807862113627,-3.8725067697326025,-3.6566372418174757,-3.64523940321711,-3.760460425071791,-3.860717450484634,-5.00295792465537,-4.0953066275415715,-3.8055453765162133,-3.102071339215221,-1.4232328180348837,-4.01752026846944,-3.8399399319729794,-3.666059039955388,-5.3815240756111,-5.848802528673154,-4.755546269233455,-5.20691311937095,-4.272871606876126,-5.113832530333224,-4.534130752254798,-3.612236867929091,-4.224665124973258,-4.486901342461515,-5.717359419159033,-7.560892499687288
-5.968569481259314,-6.520479954565977,-6.2952703052645385,-6.1803895475228785,-6.33068175464313,-3.325742857788028,-1.7337399441770884,-2.0627734110182967,-0.26395001235944193,-0.6574901902846153,-0.9584696395834934,-1.6784279860998552,-1.53276536712234,-2.8020217249695247,-3.2263282624949277,-1.8407410871462233,-2.894155379137014,-3.41935886132304,-3.7322910889203746,-3.0742963501285097,-2.548174555540551,-2.5770303079761785,-1.6041402686226582,-3.4656912262625545,-4.9331295083168465,-4.164483999423371,-2.238041108855772,-3.64455365387259,-4.02608929081429,-3.755873862840092,-3.7673150206946793,-5.930940189486146,-7.637047262379914,-6.020312142284317
-3.461783466204131,-3.087674936947774,-2.9333105447244447,-1.6097691820137678,-0.07290877369982399,0.37461609773664856,1.159739250616373,2.665237282206461,1.7175572443480431,0.38875768519184206,-0.6071350860601613,-0.04282705633211023,-0.8504775749789978,-1.1670929482161074,-1.8148781375606065,-0.47929542476633324,-1.2857361497327762,-2.6366344339821737,-2.1281225435401376,-1.0127558698422179,-0.33582413400802186,-1.8426841950549593,-2.02807908393139,-1.8758634955215476,-4.166286923370258,-2.4445517272353507,-2.687839391729826,-3.281217532727916,-2.643940412660069,-3.1083114024509335,-3.416797039286942,-4.766481326241671,-4.516892672163234,-4.815785894074296
-0.6797979318801456,0.04581544421834945,1.034033922106538,2.9930417908951363,2.8857939367138843,1.7615473776949608,1.642800974832337,0.5479923019322506,0.2831261108043038,-0.7565288421832468,-0.35416227353746366,-0.1649533941574892,-1.8510328124753261,-1.7562341349347719,-1.288113818244812,-0.8229504277606273,-0.8918943180248053,-0.9887600436551142,-1.2684348778619379,-0.756876943725004,-2.1489501315889448,-2.011958912014621,-2.555756522145551,-2.4322567042187386,-2.0306778302570727,-3.1976335765693786,-1.8012178446596447,-0.6872390777728844,-1.0552625658638481,-1.9896093783215876,-3.396917886212375,-2.3147027219702023,-3.493737068247979,-3.4686039233272576
1.5040851262396202,1.5205194675322093,1.89424122729157,2.502229846338266,2.5607373990173383,2.0381615664622053,0.7013347055697917,-0.36866030666223704,-0.31049592847937313,-0.23271678091994644,-2.4520651627482457,-0.8770366534111999,-1.0825655603464517,-2.0483696465433745,-1.8419711195903465,-0.9928735560511984,0.3165150486617681,-1.2128655859501378,-0.46420277074391264,-3.4833677723113636,-2.039759299669666,-2.8106652493318593,-1.9972470362071617,-2.6113221175628034,-1.6890754224579008,-2.8139682938088746,-2.181096801647371,-0.8487815752546006,-1.3092443841165775,-2.505381928037656,-1.507383840833561,-2.5902806903973756,-3.0336388099525844,-3.2116410574187895
1.2056430256765391,1.6619172344338877,2.3393306682343673,2.125600660243677,3.3184079293900415,0.7385234695671007,0.32862446924904637,-0.2649648971408668,-0.08584703366650469,-0.25756689215123024,-0.6273388161323438,-3.0601837000287,-3.5055331178816083,-1.5544658332751502,-1.8749492030037966,0.03503164876522062,-0.6148494233766952,0.23700123514830898,-0.27736138852055087,-2.519832689159488,-1.549378252594402,-1.0770864014018349,-3.289094318739084,-3.017906983919911,-2.048955272049517,-1.8002078720564152,-1.869774459216145,-1.676295499469707,-2.2624368289840033,-3.17293102208652,-1.3120336279038232,-2.3062394271836557,-2.6350871093088446,-2.8817564946912926
1.570198412530714,1.669780308766572,1.529016801737401,1.5087214081108917,1.4102360838720063,-0.033603920208870965,-0.25667433709729454,0.48286549492046454,-0.45032103226466524,-0.5140834941502707,-0.6160903949488425,-1.9343306679128924,-1.7153363420832237,-1.8260753840261992,0.30867971836876185,-0.8650495832173727,-0.6585632481598536,-1.3309070724516414,-2.3512303432100454,-3.0907535054917097,-1.9787717452441052,-0.4386361017935099,-1.9002622797557105,-3.9403227393745124,-2.9094985213813893,0.46469600895355845,-2.3862822835819255,-1.0428333603340723,-2.8298171648927473,-3.7497276096919183,-1.0431409146281043,-1.4426635960453051,-2.5244855325225717,-2.3957396325376794
0.646235206502787,1.4464580354219332,1.2964898999175456,1.0181269336400947,0.3670150935667965,-0.046294302915624384,-0.14633161376236356,-0.0046510849519276615,-0.580956104576754,-0.26665408276498276,-0.4002716608617005,-0.8604442121679348,-0.31927242514086485,0.10665768005984705,-1.4558367683283915,0.4040537920725384,-0.014909529858179161,-0.7136904357473516,-0.3432020967067976,-1.6666311063975898,-1.867927067685287,1.1561101549141914,-1.4140551001683346,-1.3334078827878673,-3.036966235678403,-0.013024705473764721,-2.0155079569609793,-2.841058067644833,-3.460541531256108,-3.5516989548237294,-1.475249279515513,-1.6209610192670507,-1.6885931481296639,-2.5591088664177475
0.5017131391022037,1.0928280858807098,1.0507966756135312,0.6409759608305327,-0.5000634296013734,-1.0410680853827587,-1.557652595541008,-1.6259545030050113,-0.41979858667020037,-0.33534283389612285,-0.4377128801605984,-1.7629005728599394,-0.9575014052260644,-0.9672001243372372,-0.12333896732535542,0.22846643898166114,0.5098725080798254,0.28157934613042046,-0.01815881966024506,-0.390577090496081,-1.819793796028447,-1.7349597950465365,-0.16630849415497623,-1.3146119989907825,-2.0107232525986927,0.5851883368702285,-1.4478949939451147,-1.455836958058722,-3.672052613084889,-4.061150935157806,-2.0309917269349227,-1.2834408080118171,-1.2847683879315135,-0.9635395229229528
0.15077387954572868,-0.17167471356722322,0.6005149366808125,0.4124716783200225,-2.159985001664439,-1.618637261140068,-1.7255036050391797,-0.3105714254344441,-1.2870282613734323,-0.8581899248287793,-0.4954596934318516,0.053541985450581524,0.25298146669391547,0.7574016464873619,1.1268720162974617,2.1042463020693556,1.4522466048931264,0.8815894210412157,1.0480852587761487,-0.14400579544276906,-0.02961602121852978,-1.0266558690591665,-2.42722378000191,-1.7182505614216608,-3.28881959656187,-0.17391700860638734,-0.4272165020714395,-2.511067570562912,-3.5732864779650138,-3.6838636729310985,-1.1127040747407257,-0.46179338818251137,0.32509089969899657,0.3952791944719145
-0.3703579879467595,-0.04878223804220529,0.2796869895104981,-0.5835512992547568,-0.9063041927737623,-1.0500728278191513,-0.579452912272097,-0.2920988393376762,-0.8357662333074878,-0.8921592416365354,0.9009671959631432,-0.149532229402356,0.28466033035090105,2.8812161030042462,1.9267550169809433,0.23912171437456817,2.7121904160917856,1.8048854641858825,1.7662794328463072,1.234763615667886,0.8108720925889229,-0.41937437311436754,1.720045373049967,-3.035474738234672,-2.3153350091128773,-1.8193125070485778,0.17398714297453624,-1.4612699440181134,-3.0321880092042917,-1.7163433157290855,-1.1417290674979155,-0.0782647303991621,0.7518970777937428,1.1409141337209991
-1.3990268133640322,-1.3375027701252031,-0.6573057673769047,-1.6739406882458245,-0.8781919548162743,-0.290161239966921,-0.4542753430308449,-1.3164836048047317,-0.8498254467313258,-0.24095410957128138,-0.3104104045230944,1.7335991875242422,3.757749574881817,3.2888171336293723,3.306232306070464,2.1629446695143404,1.2903802998684315,1.379487015457699,1.2553006085296565,1.2673911241700426,1.2594265566073504,2.1016117563230536,-0.8719364098430894,-0.8821862946114478,-3.35350275237574,-1.348113088626557,-0.6953128435540433,-1.7894676860951266,-3.6410810604453734,-2.978120541279158,-1.8533110339667545,-0.4790915995897966,1.2129054855734949,1.4024116502570576
-2.857430279582622,-3.608170010637504,-1.7823456428209128,-1.1819211894734378,-0.4886535307606486,-0.1651065954862834,0.5855994166616707,-1.7704624261962307,-4.981205535639784,-0.19586671824051372,4.8622932406428365,3.9012218686027187,3.3310135849920126,2.2893866615753247,-0.004764053887480478,1.3535275812501704,1.744010092647366,0.7132262338130899,0.38590386709667607,1.3055911549466,1.732343218085491,1.1238826508220836,-1.3870217691975224,-1.4732349373712978,-2.30390962508998,-2.3493981729183684,-0.9247797372335657,-1.6178712755998816,-3.140941167870711,-3.1284272719726136,-0.8608391180983692,0.5818827754624892,1.6760049351576711,1.8105890674507172
-3.1462932147710267,-3.5670941763550257,-3.19778720905067,-2.2421522867850783,-1.199436887627021,0.11101806363310779,-0.9165629037295319,0.42414990308381323,0.16510073789559962,2.3279034012657243,2.9236490142654765,1.8906987379242939,1.4614029569210778,2.5680480187536894,1.5746869839733018,2.6838315743136536,0.9548496101860093,0.007143766378655183,0.7854193396494986,1.5200205985656767,-0.4026528231780594,0.20753002478171126,0.0609717745559219,-1.8385497028195297,-2.2361289915093665,-1.9404819205160113,-2.4014265131287087,-1.3737798002645478,-3.284998763316435,-1.3221397700610438,-2.4033810420387747,0.03957071045062683,1.2143294658573143,0.6003366168776895
-3.871780020460454,-2.3134560261378616,-0.7482359547009583,-2.3176611507360483,-1.5238916715475286,-0.9167953973132369,-0.4113730804801802,-0.11600989919007479,0.7981560446195641,1.4425781246865266,2.475493242458581,2.022099721326649,2.4471671765210847,1.1120654819147988,-0.28249428967092677,0.5008242868273136,-0.24554006066429943,0.6402948538965084,0.5269494422692844,0.9287897342107364,-0.004684106263047165,-0.2332343321007954,0.6447344457354137,-1.023205754896477,-1.3247061059510246,-0.5323971797538156,-2.242044413981295,-1.2207563804234285,-2.783676938012836,-3.8061692890729013,-3.7793146465765597,-0.6411946539349667,1.5042780672394946,1.2306489026323355
-4.966687549685868,-3.236702169963913,-2.5884627562268183,-3.0629785238414207,-2.022631896334451,-4.897571830088426,-2.4361917161485103,-0.6435609493021451,0.34229024379158945,-2.351284056620718,0.3715906603490948,0.9894058061203724,0.42613260721854096,0.6749380940597732,-0.40400641965634393,-0.9168058728281047,-0.6637195927174561,-0.8697651637485974,-0.9388505857799289,-1.225444002706417,-0.8651746705843676,-0.25273231523438083,0.397155392236768,-0.9980156956637037,-1.150905627025202,-1.233869501477633,-1.8695048155985532,-0.8263660511891298,-1.425261944585107,-1.727209892845669,-2.3097945146368213,-1.5738737626150852,0.7508485534390681,0.6438052085931419
-6.649375490100866,-5.3206842345489225,-4.893683989149175,-3.320816560384582,-3.906931764560826,-3.1417357608651275,-1.8968970902939366,-3.317494906436028,-0.23435044710136166,1.215115485812832,-1.6778427655588397,-1.150423680962152,-0.5366332738997114,-0.8041720104111614,-1.6247349258077652,-1.7354133423520588,-1.442388696352575,-1.6951254638002393,-0.8272073331466612,-1.6014179889279005,-1.5558825051221732,-0.775115296202567,0.25623827538835303,-0.09582799776977699,-1.6158877300300845,-2.032883040807493,-0.747238605657616,0.8227329773190313,0.9661890466529874,0.5187061263418843,0.05009326230115006,-3.5663057610476083,-0.0716508878015312,0.9978229394895555
-8.88206601291779,-8.255107385462207,-5.600283035748803,-5.488822859671071,-2.9804315582864263,-2.9171693500570615,-1.3762780261226604,-1.8360006998397824,-0.3605190955127134,-2.338622491804839,-2.653071744956215,-1.5446416246748562,-3.0716424143374392,-2.3468422911899136,-4.775491632795015,-2.8006242333021762,-1.9683649144629618,-2.377672700296473,-2.253144718479241,-2.3062320379995405,-3.2353333170464227,-2.790675594699201,-0.9678522470277667,-0.7462057372583336,-1.142169838830766,0.25064619047860204,0.9240027625234849,2.0676261391593647,2.269766170620764,1.6661569314983897,1.047066362541609,1.5707459380537152,0.11119890160426951,0.39455716954902526
