script/wind150m.json
{"header": {"parameterCategory": 2, "parameterNumber": 3, "lo1": 6.000198445256149, "la1": 58.999992894266676, "dx": 0.5, "dy": 0.25, "nx": 22, "ny": 24, "refTime": "2024-01-17T16:00:00.000Z"}, "data":
[rows 0 to 23 of 24, columns 0 to 21 of 22]
1.6632534123836626,-5.747612918269016,-6.527513558849401,4.859635251655977,5.161429100102934,-2.2004087131411496,5.599223099564405,5.871543586630752,-1.6317030563552481,-2.1563752500188813,7.279792568197492,-0.6419007113228115,-5.836407096011419,11.741450231030528,9.982301756976039,4.202544041052515,10.364983300526042,-3.9871355968472266,6.40579046687416,-4.599439780875779,4.484889735562373,12.974954431523976
7.706186611676723,-4.600009043321068,-8.751731601891946,12.790079718064812,-0.4358094562445325,3.0621674932348895,10.549515382315947,4.2403981137069415,5.54368897188128,7.129220235718532,4.012766225853814,-4.06593079662124,-5.647820228864034,-6.641038131880251,9.194870621003211,-2.051326894012767,4.929517533391703,-1.0497699918906427,5.815850731176905,-2.715973933331016,6.384822613271334,4.8110056643746795
-6.642270919681963,3.4321580368009643,5.864335310385048,6.325086691328003,0.7733783085712308,7.372793601330076,10.737551335742676,8.369265135201113,-0.7481115196175799,5.478388350691702,0.45833703165361267,-0.21523199062082116,7.100272459638782,-0.04277062031372532,-0.2735933499232643,8.375881061738886,-1.4528239982671507,-0.15781460583950482,-2.6676994726203107,-6.5023992238745985,8.238429388254263,5.4815403300501435
7.616030425982739,3.3900858571692036,6.365645374401529,-0.6199329783370591,0.4542756881087952,3.6190308039373673,3.6081509861635164,11.095629449137022,4.8448392408437515,6.763155682032203,6.6288915320195,9.367131905704294,7.4224478454913045,5.811758466990848,3.1634377100780564,-0.6784027558578416,5.9613724616696935,1.8708162403824005,-0.6345909170750955,-5.6456629999924735,-0.5279962091728964,5.523348817066674
5.802443365414472,7.033018942458829,11.746572995157614,0.4733779978292629,7.987484706875042,5.251499965584688,1.376911563398296,5.398374029893669,11.181337538972603,-2.5459305018219687,8.370497002318366,-4.062965515936281,0.6678512169610337,8.651411116776048,10.693254732069038,5.959698074199393,2.0595152091397906,-4.933369176339554,5.838554811287981,4.9216233384408214,-0.9456707672967566,3.427369072896699
6.247637055150855,5.441753425201152,8.141526584301463,5.4061189591442185,-5.7906478944323725,-5.511990495045141,-1.6497543206865124,-4.6435126162304154,7.248288989156611,2.065921507749039,-2.321336912424095,5.937500144504775,0.8386801971220571,13.147079943821035,5.728065176333335,11.600893715118591,13.16640318712823,-5.157494548469655,5.303866351504563,4.4559091618738345,6.365923635195688,7.824839660668778
3.155655916810118,-3.8167847590338835,0.7429789655674679,4.822870430801561,4.278583278648694,10.22331779778096,-5.889558938326818,-5.82630200862119,-3.194567485874907,-4.141396650122822,6.20913905053635,5.910427374055798,-0.9932946205567279,5.9223668624536,-3.0189805816557516,-3.9136390381935073,5.624397738999763,-5.877097594633999,8.094670081688195,-1.5851227019855603,6.194466775858236,2.9642836300853497
7.45037106464944,11.284757378141844,4.4265027453812325,-5.040271629563333,7.608689116924708,-0.7355977327610941,7.1308399091300165,-5.576412138431465,-1.4744462901276423,6.689434024239122,-2.1269787852358655,-2.3256768652661233,5.408742016420884,-3.7727470914932155,-2.53424066016612,3.4082932276072837,4.060696297482665,-1.0127375756744466,8.493937901146024,0.6993598451120435,2.3812610682485627,-1.8916807588273155
3.8462110776172627,5.878435202962354,-3.8129521747604533,8.817204770669662,7.159726845225214,-6.104691621616568,-6.718330569238395,-5.829968853582994,-5.9457600053588076,-1.4399235001277748,5.984476296430464,-0.7602527928215661,6.333068719080476,-2.9278999954826785,8.254407028350602,-3.781454909647126,-1.3772943675859832,7.969848845697479,-9.046657684171088,-2.3675812242006296,-1.0961052256802732,5.459986430052893
11.848083946022205,5.3447646544917715,6.031888187478792,1.577991809116793,3.676160543087376,10.816001410187466,0.8000151153219216,12.314320836059638,9.163947888727085,11.522992706753605,7.760477420373966,-5.120114720107441,8.703104166579333,1.186820861563995,2.8637457344234285,5.100819122453098,3.408453536571157,-3.0398469921233113,8.753577397775,8.74037609300091,6.113190391136253,-5.795814037727762
6.772988607505552,8.891020441834057,1.0057917551052509,-7.753778436596502,9.989460388900087,6.042051267195614,9.325634369418886,5.49554901006882,-5.592467467709612,7.06683573187035,-2.8114444654931483,0.012271675090688373,5.090477154537128,-5.078325184749344,-5.609083138375852,5.530964155903244,3.6299067919601415,7.787910942577745,3.323801321441134,-2.0399013735094433,-2.346771381710965,5.430488334983646
2.509940187980208,2.8539095540529362,3.7840825723433626,5.658685618059391,8.665856668171905,0.04327154944511612,-1.6785787101352432,10.24134224571962,-3.94119863720642,4.073133480356492,-9.661187611775269,11.475427996380878,5.125947203037442,3.5150625787140632,4.38202830876418,7.759455892542347,0.696799974192677,13.140905898623597,-5.863747143733157,-1.9466291557342943,-5.563017077909515,2.2717652715144645
7.646406996434926,9.652014270380725,-5.180300198828719,-2.9894990244283637,11.524759173064673,-5.2595638583130855,-7.935088514545703,2.366278517123523,-3.048283429874907,-2.4390227528721353,11.736886989115195,3.3606740754489786,-4.169298414689655,-0.8645496984618619,4.289694440330244,-5.51973968936628,-2.8572731691436712,-5.049270848603335,2.981117169641747,-1.875880633961459,8.96069065496549,5.541482876021539
0.059917815918670195,-3.072101967993417,-7.964777869373967,3.298101808767544,7.2951314439758255,1.6317803887587863,-1.0797895650978875,0.0893377651539542,4.549693055152745,-6.757012888485058,8.48242882230512,5.597754260329667,2.056033179229929,2.2107760553340823,3.4926886889329833,7.5573656987432365,-8.750044679838743,9.325327015865403,-5.231639668604019,1.4489505054640164,-0.9643399697705939,12.320910133610713
11.122222453912958,9.786809331131268,-1.5870708306678185,12.707442237751398,8.435813262835472,-4.660141174903723,6.46713911820114,0.14128717120088782,6.708369019972506,12.77094415049794,-3.5977353868527606,-7.752650216728472,-4.742253490679667,-2.1670044541246085,4.697245428594548,8.724426254547943,6.874874618663179,7.668966864877998,10.782594738445418,-3.906415408244322,-4.073260826287222,10.27036785513197
-1.2609254809567587,-2.0734634101032015,-1.5643957680722091,-2.8878793622985044,5.801333462337218,11.938428386369587,8.844012107647846,-3.649007931961744,6.473314963762773,3.7723009305516144,1.8163403549220136,5.5498335378955375,4.983550332150619,-3.218099902935425,0.14439104307247994,9.051681626950062,6.155931776747178,0.67193088036779,10.098818538322986,8.059585916236614,-4.047328967954566,5.46901920998648
-0.7345163391601089,7.592820162797693,3.254510097951302,-5.6722181260825435,8.53114381938098,-2.618507560576985,2.989036200585416,5.649810895725851,5.531375334176185,10.730784097322617,9.512524745264189,-5.6650273090628565,8.097050689738888,5.95391713979896,9.742816078740447,10.434406396843276,6.24302056759793,6.296560761939553,1.4837595699797883,-5.408086442676379,11.85683926826945,1.0557392152868523
0.7050620986661019,7.58936588228863,-2.6391619409263325,5.088074677730998,3.200916362303405,11.635587786145285,4.174397066367929,1.9670923594799752,-1.6443575312783145,-1.7636556180183247,-2.541004535074284,5.4760389842697865,-2.904774992716016,7.151070830302728,5.73483536401849,6.329985589499205,-2.788023923465961,-0.07870207111863822,12.420213309526599,1.1549089497654108,-5.806513357838677,-4.871225802376211
7.9209850021380195,1.4008622549238328,8.02972758475386,6.499164123801764,2.5849465915406955,2.4738080262356887,-4.599412981289832,9.82731923244066,-2.7559599691895684,6.270420384788692,-1.807761609951575,4.113229255140736,9.636842402298507,-4.874984327353716,3.2459915737582636,8.879350206928455,-4.700760123314824,1.8479859648451031,-1.943387845411241,5.521964109510508,2.1181504562213056,-4.878071240280369
-0.8679789939072409,-2.233814014685215,5.610294963696419,1.67302796600473,-2.8474875946189355,6.8447973612836845,3.7788486802848698,5.432639421705977,12.681347069893778,10.247716817869051,9.527619408360913,-1.7605442200223655,13.12074288786627,4.174987464204509,10.685463651311156,7.085451789525769,6.2329751188382225,-3.3055379058935617,7.053812816535027,3.1453149831878644,5.4553924799812075,-0.7998930435089071
3.242438553262616,5.514536189183603,-3.4723834849870197,8.12226375439849,7.161458962755272,5.9749617680487805,5.341494158027229,-3.0240960212872747,-1.4799661606110524,-2.6302717153541955,6.458671391233751,12.987680872491666,-0.34787791252223377,2.517709243601739,3.247005737706438,-6.518506733353246,-6.0864939693901405,10.133805608707288,-2.7974246372798723,6.530950024168492,8.752342461062284,-2.8723507379024933
3.109474641425012,11.53346411074991,3.8667481052362995,10.552681804882637,11.917588888360003,5.324321310989087,-0.2723255092923372,11.484608457985582,3.3207911607669107,-5.688877797397755,2.421095856738991,-3.9148183313051983,6.8339614283050345,6.739691797009335,-5.345265341385514,-5.516076684130508,-1.023901735051716,-6.5758850585687565,-1.109784074222783,-6.903248706182318,-1.1140894018524663,8.06621047695777
5.379746296646896,9.312250730487056,6.303763257649427,9.698497000758067,-1.040880918289384,-0.38166517361771696,8.154353464310526,13.403600729194062,10.321319261630517,-2.3239682264630845,5.3913134978325665,3.307351497511821,-5.271665995078572,6.852530816218289,-2.22760138025554,3.6338303217851857,-1.3076279093443426,3.8591159420733296,-4.904789553997651,-2.2352981506227594,-1.813083659108125,-3.2883504190654205
4.145630916950275,4.411129286641481,8.850985761274966,4.990406581014812,-0.30997991227599664,-2.833194754667809,1.8736379109385948,-3.283236573467595,4.858478691427879,11.503904369112174,11.418128966656445,7.704362787259154,4.027336779336695,6.630530645000287,7.397583269858647,7.491236910538795,11.17238109080386,5.643091540529698,2.0503498763700296,8.61121377114447,-5.563840508831021,-5.737062990452793
