script/wind50m.json
{"header": {"parameterCategory": 2, "parameterNumber": 2, "lo1": 6.000198445256149, "la1": 58.999992894266676, "dx": 0.5, "dy": 0.25, "nx": 22, "ny": 24, "refTime": "2024-01-28T21:00:00.000Z"}, "data":
[rows 0 to 23 of 24, columns 0 to 21 of 22]
-1.1012688488856224,-1.0973990884726115,-1.893153986503147,-0.228676467889841,-2.3239547347394667,0.1725410559786419,0.09973982204025261,4.438741551883718,1.5517122769090106,-1.2704339819373691,0.9805404710203692,0.32263146585497937,-1.385233846435578,1.203929106433109,4.1638184857924525,-3.340642570582299,-0.8448897690084272,0.025724829823686023,4.599280741963627,5.073783123314177,4.39130979614277,2.634268281409787
-0.5921931051632615,-1.740118934930158,-1.174736865650828,-1.5380183939704575,-1.255065753473043,-1.2185257908959768,-0.48969874415957854,0.13020717283659985,0.7540348504482147,1.1077993130896298,1.3600720718869668,-0.40145023143304936,4.791469219958988,0.6547409556361146,3.2341779851645382,-0.9275509099193602,0.6265577168555877,4.846006215379618,3.6216464139268054,3.7333358722427454,4.712005383139172,1.243350213669232
-1.8323921805438,-0.9030582510793498,-1.5542124223520204,-1.5822444459959886,-0.137953053840634,1.8439325827701005,-0.09216748270853216,4.333834521554454,0.4408203748541039,0.11892798510971218,0.4563519373047846,4.12942990002756,-0.4629128370212068,-0.47379728899069484,4.2220860478609055,-0.15375461733525553,0.4732127529954298,4.005021930075349,2.3921737952654936,-3.0927642815231864,-0.7253338746570392,5.343141499496251
-1.4654623702993066,-0.26016567894203707,-1.2194831035418385,0.050838272122705155,0.3628971570017556,0.8763223517805001,-0.321538190603696,-0.25144924395074547,0.39769805374845335,2.345456285819716,3.7431514546983222,0.23034614372422654,1.1625650936247207,-1.491727192399151,0.8349959083944024,-0.48406771516444924,2.548242947935958,3.6678808258077784,-3.4839770263980254,5.0517764803843015,2.972564724952208,1.9558540380753244
-0.8291442813178915,-0.05993450353125052,-1.597699445702508,0.034311037217261565,0.05024996989876332,-1.1972140402128173,0.2173979947548765,0.01676657477388535,-0.09057266756762615,-0.9480674321166138,-0.5418791685791678,0.7677087295943813,-3.937417983982319,3.3851222389228544,0.6268542960934392,-0.0584988343838311,3.568177529203497,0.19467007468441333,3.982697258952048,1.6444606278675549,3.5945616059011076,0.5902741413982239
-1.6235406290214398,-0.3963864898271729,-1.2488718377282029,-0.5080569411875145,-1.8008480349339946,-1.378095744395025,0.11296375926071174,4.40899475425108,1.278067145093876,-0.3531788312358585,3.3767192892422355,-1.6704122773636978,1.7384627943518416,2.7406381734443643,0.3534912363899568,-0.2545515611893348,1.632316518396557,-0.3473018839768323,2.230047392181501,3.376606659018856,3.745806333886374,4.507898456734291
-0.36335896691675335,-1.029548203924589,-1.1894174421831025,-0.417275235041168,-2.0725016131932885,1.728679749699849,0.8384839870682771,-0.584211257439508,-0.09040484717026256,1.1400609890712365,6.0210561970469785,4.440571925874142,4.881539412272939,0.018628628344657804,0.42434257696712413,-4.143487845666649,4.642088363365482,0.8499733260421589,4.446123674186228,2.6239155600301314,2.4001576740226205,3.1064901886805583
-2.023385721563826,-0.7056400414557252,-1.7478359869414515,-1.4378810456209223,-1.212604458996899,0.8307298381990974,0.4977913432314805,0.0015794350097975568,1.2911997897317704,0.9225465004222714,0.4595494768370829,0.2161061061493943,-0.5014311758495491,0.14373810243938595,2.6161805223424377,1.0095706524730812,1.4975590366237284,4.870603295382324,-1.2205909640531933,2.808824690880325,-0.03857897251325408,-1.938285583778411
-2.093384974738075,0.3380231485225428,-1.6841337907928324,-0.35009686865220624,0.08025370926494557,-0.5964024478889802,-0.007483153567816084,1.590059910359892,-0.12149645133623947,5.917424026120987,2.9168175631458118,-0.8927062538439541,-2.691161783993235,1.536860105338452,0.5417388382604355,-0.3859333714526886,4.490719847959381,5.034384373414988,1.0464137435769785,2.876562403066852,4.586754118562168,3.624664813480448
-1.9985533178908104,-0.90636009472053,-1.9850806158857475,-1.8383781425185979,0.0792866213490378,-1.3299295096185033,0.4698436654883517,-1.3180438302321515,4.861114207994308,-0.18195695906613985,0.16660809047264777,1.9476240533230882,-0.5067928967788855,-1.126938744749011,-0.16172270840903058,-0.12431185637056039,0.7089892998323547,3.790769762356547,4.646660800258311,0.23831942692143615,2.7253977358829022,-1.6048925456828675
-0.8579309419241538,-0.1855377700681961,-2.780698742462503,-2.598136015012566,-0.8775693049375138,1.481790043406267,-0.2879321511074645,3.915573976894588,-0.1037997877544662,2.4635946897846637,-0.1613344331493562,3.0599120036713776,3.86994043151584,-1.8429518549264,-0.26117048530073395,-1.879221667740945,-2.9908055618864933,0.5106242988634005,4.8816215415497375,4.595496472614074,1.1625233227006369,2.9949655933365107
-1.4694565936826678,-0.9384101163496202,-3.0251719639084285,-1.1790218302784035,-2.3390140749674564,-0.5550348299642868,0.38492643714082614,-0.5008910851744534,4.653349020072285,-1.284231021483164,3.7796051207004764,-1.4945385381643965,2.4422413904498024,3.6893199672079695,0.20412378115828161,-4.123279052361387,0.5143093867837253,0.08157442748494008,-2.842725370144642,2.233356077794395,2.442474900635964,0.823925176555314
-1.2435333164324875,-2.960949151639332,0.2471953794482373,-1.7337550043070706,-1.0043330469392588,-1.3828243274305934,-0.7736360892582889,1.807702862650191,0.33481034948930094,3.145843559470911,0.11760446698531268,1.8202672820810852,0.6586312756972627,2.913639531899617,0.44753536288003887,-0.4455273593016439,1.6283265465097485,2.945646750834971,-1.329169069935912,2.54808119292221,1.1345514491336761,4.029176348307155
-0.5388336650141736,-3.013073664976845,-2.040907692000572,-0.07158821513850255,-0.09844066777732964,-1.6541333864143006,-0.5638725573472444,-0.41026684397966123,4.209440400062303,-0.8604057408921589,-0.6028359120507648,3.312241355757111,-1.686870227453726,-0.07820817444107124,0.40979035357642396,-0.05078697389000158,-0.4651946846368962,3.6361969955102507,4.317656211129641,5.057150233865125,3.985113811585547,0.11365982221758851
-0.5214830564294153,-3.7591968148168244,-1.4433514478184053,-0.5762205143542741,0.4729523359498881,1.3648326180427877,1.0557959457702997,0.016595580642118503,1.014741427629125,0.007121019480022116,3.9182026214980534,0.30649404174301814,4.215517256749166,0.9902674138346694,0.5855866524554499,-2.8134301821732066,1.7107863352057002,2.357576486352115,3.220141392817864,4.2679379192615,4.410801840238887,2.8948971379754256
-2.0675499124495373,-2.2002674426187814,-1.229355086525002,-0.8804673227342994,-0.7274716870419473,-0.7759155222692702,-0.20091299687791164,1.577047070622896,3.3396993886376043,2.0467849336794086,-0.23218847669973838,-0.48596240920194045,3.369420140584908,1.3995260539745271,1.2941756151448531,-1.4611331215950765,3.218860657284672,4.751320638539763,1.8027405508078167,-0.4942731426482812,3.3149198832376756,5.526072199566619
-1.163161389856736,0.18709609397813562,-0.6917347587131409,-0.6837000128333965,-1.9430856353038797,-1.5118563585379328,-1.9066204477575082,-1.35203968554733,0.16723973047832105,0.9236208295778983,0.1671619159624965,2.0843717790842047,0.03565180652998487,2.5421511907622603,4.385142332273463,1.0848531212502452,4.02036247055913,0.6256081575508294,-0.5680203046277703,4.831195659208256,3.0765986369130043,2.1524651151207324
-0.5051421732030701,-0.8788352576516112,-1.2321393566269274,-1.6072770365813138,-1.2124940813560405,1.6718549008314745,-0.9339855428084892,3.4625384715468415,1.6298159999995945,4.126897314623541,3.7606056454402172,3.221062886897132,0.7819162139350495,-0.8571431865225008,4.221515645416398,0.8155141760441077,5.0462205982339885,-1.3060298194584017,4.503659771706529,2.4812896129267963,-1.7349183708108595,5.837842356549392
-1.102793071156332,-2.024536841204141,-0.27788518135041657,-3.2642278702912457,0.042631930319832215,-0.42687888244473654,-0.3333526074241273,0.32437704024387937,-1.1400242820333855,-0.8318772036742147,-0.40147613189622716,-1.0989922775717123,-0.17614430166547085,3.409564475971709,2.667932558504809,0.533363901324998,4.579459810842509,1.4461585867155105,3.871323374581874,-2.1347745374811145,3.5774637107987957,3.7346519575069785
-1.4921284473813867,-0.5964607673707435,-1.5400484131215542,-1.0708183103224442,0.21658344717685135,-1.305328903408114,-0.262832449029273,-0.15349960003685886,3.116045210668642,0.8244455306916966,3.1793116539592257,0.17364058326932635,-1.1487322064166774,4.6839694998889785,2.031816820790004,1.0128414167822761,1.3487962185656766,3.958250566981805,0.22690394120634352,5.119763789004574,3.6370079161401505,5.207021968195919
-0.62072897138572,-1.3629242444395304,-0.5907945739516264,-1.1790277570803482,-1.3352389381043681,-1.7470971455229836,0.3056172774046172,1.5528675676519843,-0.8037363062879811,2.2134437258987507,4.191096618056972,4.6672792437816115,3.0662571475132196,3.504013618804683,1.389273544057887,1.0932481782455388,-0.49630496706865423,1.9026080777997776,1.492973126606828,3.5951378063552073,3.814141485324296,1.5157392472760702
-2.108641706543447,-3.011614127960866,-1.1746652381221636,-0.8128924556620707,-0.35001310244665207,1.1790329072247943,-0.1976069088069304,-1.2651946161338952,4.931848621032808,2.5367058032719383,0.5346388545099465,-0.6205377287123373,-0.12906364720669175,1.2722834870349726,0.42804625005216784,-0.22289627670079823,0.1388926116733929,3.7450211908043483,4.51330930737407,0.39045932765125424,2.888756234919063,5.91460393797838
-0.5107084319262358,-2.7383253304659707,-1.6446547965211273,-0.7402069269597593,-1.6936789798949667,-1.3333684919152586,-1.6159459325150265,2.3892069671219165,0.2469248686992139,2.132258548824339,0.036812978517237305,-0.5792033704677906,2.468380847764586,-0.3412960824669193,0.3598845002820173,-0.10812221393499699,0.7539274408568081,0.9111010681579595,3.7116821145869516,4.325632597879187,3.8547100077560437,4.572568157805757
-1.7076695699855913,-2.764020933736707,-3.0299504332515053,-0.6377200298200874,0.5938796772917988,-0.10696022632666187,2.716080266585997,-0.44028571487342805,4.165731475944539,0.7711525606881543,6.101605373211158,-0.9701740352506825,-0.406966220579339,2.3986887856984103,0.15359174398451533,0.9156945817923302,0.267673299602228,0.11884954209474984,0.3997958811633083,3.0004392903968133,2.2475589386957,1.6619220603414784
