script/wind100m.json
{"header": {"parameterCategory": 2, "parameterNumber": 3, "lo1": 6.000198445256149, "la1": 58.999992894266676, "dx": 0.5, "dy": 0.25, "nx": 22, "ny": 24, "refTime": "2024-02-25T18:00:00.000Z"}, "data":
[rows 0 to 23 of 24, columns 0 to 21 of 22]
-0.5502330266385396,4.640039668289767,4.871088827732506,-2.3286991578940643,-0.4032151208984505,5.6642907931030555,-2.5726813218749727,-0.5831513132065733,6.570000996476847,2.0332950276201265,3.4535467692296478,7.966206287562368,6.139429079844133,8.995536162578228,5.505443178015558,3.406249230980337,2.862150293559978,10.04653198783633,3.1181858825125497,4.878834842763868,5.5779621026404,7.803076178708914
-0.4351817926675052,-0.3392013674585861,4.4577536631116965,8.049517266086355,3.767724880837911,-2.123883914596994,-1.5113702265668938,4.289494258716623,-1.103608162546526,-0.044136077489176105,3.851666980419487,1.4804027853529655,1.425806534134603,5.274646219886013,1.7198704287509163,-0.4567699958933677,5.717948972185736,4.935485868374693,1.155130620041352,5.037167595285336,-0.7509227878644863,5.893530990481291
6.793352300785202,4.115399794298801,-2.4976441380186385,3.9599228924789234,2.678990530527602,0.8513170158169594,6.996176010078302,1.4091259379762615,5.888553873129493,3.0492840610876724,1.2289202174135678,-0.7334420638896941,7.615477629236364,3.4167372451082203,0.06545682432242347,4.579053166363779,8.667657055402959,5.114928140457073,7.263078102144879,3.5725089714604303,8.220835550702613,8.589104830638822
0.7287337702753884,1.6047349723741382,7.052299188132848,6.058385315066822,3.523873978237605,-1.93575320422705,5.771134818596721,-2.6172066989940643,8.306501397796385,-0.10201836483516707,1.1770922966444,1.3688218806121366,-3.734963364174607,-5.156716163651197,3.6881309502176967,5.6046682530096605,1.7340326669756503,1.2793720133720867,5.465665136830024,7.167809335883515,8.18535187325493,0.40498844535364487
4.95286884602773,-0.029395565659948088,4.594122919872383,0.6467144091543119,-0.45991749281679734,5.148291086557465,8.563376950344272,6.308932306608774,4.413246797246794,1.6468911943287188,6.4786525519280245,3.3162786771790786,-0.4669970153405582,0.7698383753045767,9.195374768629632,-0.9986172039519622,6.078174189624938,3.862891305146756,2.568817218705593,3.3129569577153073,-0.21773379754083896,2.8868888312538368
5.675732480247884,4.2059800488759285,-2.6386381940471773,0.0081603146894959,5.884456376461302,1.5098836892072076,7.2192604113269,4.168070846431312,6.191579494013229,6.047627952476197,2.90061439701879,5.602541003256827,5.560943240484515,4.2605924254694605,9.108800384014001,-0.35666236639273763,1.3660226570482517,4.818564333644199,0.21616530265395645,6.35247967127961,2.3821105820551964,3.589870445082666
-0.1949693542297932,4.133161858720098,5.46345743061699,0.9487513669605478,6.037520566727191,0.4790770255456864,0.8435254532243486,-0.3999001402496666,5.14924090991485,5.291849648117384,0.10358953300890274,3.202285706957765,7.603910587730902,6.048305071242183,6.475432947641586,7.228909717596027,4.607383197267581,6.407589794387149,0.8881070729123172,9.749986444517896,1.2555103651072057,6.300788127847438
3.4905265787433484,1.7854422769097713,3.1458888543938226,3.1044816305550857,4.2008556187193005,5.858895558648162,-3.585618414534725,6.437670458653813,4.0886593420342,3.592784265898742,4.80926997218757,4.952878298910456,0.7975692359718332,10.875457747278938,6.71307361025529,1.861943548359045,0.13467451428298544,4.551879779505593,-3.537273732714818,-3.6455645536332026,-2.6170020396493934,5.957700293936787
1.9886308405875937,0.21385921071857986,4.208374841682409,0.0758420593002964,0.04876367397662495,1.3025663855277527,7.43226638834846,7.342422978054437,3.5443569516835582,0.7236758556838152,-0.23269298210351103,5.308734778912053,3.5397691181251623,7.099269346093305,5.516668855315405,6.197724585131288,1.3729787824551736,3.3444116105641286,9.055705459047143,6.083396686049538,5.360590484905342,5.3400660134307305
6.354682012996382,-0.5486526622695973,-3.5455945323689466,5.545569900244451,-0.49563210681498815,9.223061739944638,6.258455905464517,7.795578018757961,2.252515856603156,-1.2714910539451585,4.408820716902625,-1.2564489079853085,4.0329216037823405,7.117540448737846,-0.40658452674099976,-1.5363697235569251,5.305117001588353,5.462655695059733,3.2772197976448694,5.633082631275442,2.2512154872662817,1.8457336440247145
1.4117858562710957,5.161422589025342,5.297795308170168,9.90727372282125,4.931141620449001,1.083230772742241,-1.8293774243409786,1.255608967029583,6.1025807956207,-0.6796122489126047,5.111537164980603,7.782351306181182,6.243944540649671,-0.5285636131102531,4.326296143133322,4.258464635137494,0.31947425956988046,3.261254510827936,1.53848944796522,5.837379233762831,5.567963545436745,7.022628039703057
-1.168930323425452,6.886497784645044,3.2530343503602785,6.728098895084244,-2.113050536106116,9.377381148672823,4.263316068799538,4.584455310959345,4.301103556227156,3.612126165990213,7.550270440427151,4.324205923150151,5.730956885590917,0.803250030511654,4.012287943101602,2.8675699783097324,6.350310333992673,3.50161800123959,5.513525609587831,2.23193845570821,7.570226436303735,-1.5426649366895961
2.8057602068267267,-1.8822527554506776,0.8092852263921908,-0.21667423220974916,5.665417287749759,10.015288171501162,8.030907279313722,2.4089234384090705,9.793121975803418,6.185669971660901,6.587342765642148,-1.0862214093949771,4.565716372229925,5.7050486544829955,2.19355412602432,1.3241920673179006,7.060672304580249,9.682413900318869,12.275497320853606,5.998852149614816,-3.650218334632302,7.2906322118852485
4.074917222249912,6.217356663862137,9.480615490894294,4.859220903285532,0.6900808006943012,5.4083903906219195,-0.9873612995748445,5.2586666397771005,1.6674864922180677,9.190409557761043,3.244791133320003,5.821643042131374,-2.3986034800383074,1.9317587129333855,2.2254721958315464,-0.0037249383967448216,9.318119690928045,9.28380683727336,3.7092838389354648,7.383013133996861,-1.586177167788134,5.230819360094855
0.69886142635022,5.151979693768532,-2.465368991711446,3.4373964889416726,3.7799626136955684,-1.6763768160926127,9.435236989216012,5.854428710614365,-3.464008137521676,3.8092865548336095,7.6000046404672545,10.046385239646453,2.395437283851038,9.916519416816525,0.8925018119896656,6.221020896596656,4.176297064836514,-0.040332683863355936,6.852914566505134,7.912615990818047,6.124894231855414,-0.21807549558954947
7.029142367751697,-1.2458438731461632,6.6546901270009675,2.514503016369542,5.3560575334579585,-0.49637123108109416,3.66892178214494,6.6796733014609115,3.6052000664234427,0.06048486824734264,-2.474451538148509,2.9767757045073386,6.195586843474474,10.885148085481347,1.3327019678235157,-3.398972841492777,2.9495586689238156,1.3552808357003128,0.25139738549992885,4.823102640968125,4.8274782546085495,9.22776658216708
-0.36124715938831226,2.7226423360535437,-2.8547896132075614,6.513551598640002,3.6426795007567403,4.470019039665026,6.119594201779604,6.522922431739135,-1.556040048043765,2.4844321310796142,5.2703532113772615,-0.576407073690613,-2.5457378540544764,-2.741180145585156,0.2395832361708102,2.566503125665858,1.148268976146526,-0.08143068965049152,1.1866465638681396,5.959198394791254,5.862202286165714,0.27953013275270766
-0.1868020186931163,3.3224994702890496,4.435972914048654,-2.844799545697635,3.1476536212019672,2.026022883556528,3.573511825651808,4.764355599595492,5.696145000202371,4.892781818453225,2.6999295219518795,6.897380619880686,4.559857403341999,7.529565678337889,-0.9330210639008943,3.6447607935471837,7.663515777868167,5.543047523641456,7.040507575002228,-0.184055521181053,4.114757581802723,8.90498618867396
0.42679538268091094,-1.3249291264397374,0.7634565122304224,5.480346309497018,1.3455959141914455,-6.310984759389412,6.1859216099622705,0.160915394454206,7.569353503836206,4.555285538899827,5.636178379802657,-0.28079294759458673,4.145033352271647,6.351939841004807,1.6805521440686217,7.906185606087655,5.632415218358412,9.87893797402511,4.571609147982972,-2.6179050427197694,5.001183042240045,3.894619610585487
1.0031359868822003,8.681064886028127,2.630685147262084,-1.6685330474306574,2.1735378474675406,5.056318886938511,4.863015618675669,1.526796586602402,0.06638050418463054,-2.294666395842802,-1.5628378541912489,2.5925472233566067,6.741411501794271,-0.45134075825425446,4.799822043065515,9.295880225682339,1.4392049363499466,6.5832863742837375,-1.215679328021083,0.9589550273279517,-1.7746582793588688,5.637447898595104
1.671806782776789,2.84515524644205,0.8160940891495566,1.6392195615523415,2.8001632604912636,6.878620219475325,3.974463298830256,3.3992888735193323,-2.4892440077914895,6.786746788757168,4.67039455488963,7.121152909708674,3.8104684403688363,1.577378165734478,-0.16440014419642826,7.897211388152852,6.903125642507632,4.414167184597959,0.39875119967913725,4.447996144138979,-2.6356659177872452,0.12783353267842784
3.894262781793874,1.3402897144327055,-1.1878707695601394,7.251593944080982,4.497609159678073,2.996501291603142,7.631484627715187,5.225344318512574,5.819963725212105,6.811389377286571,5.569411717407965,3.3467216706548046,4.909161341798642,4.7810101949773305,9.299683943330916,4.477953760497177,6.773889996226427,7.225763101817986,2.3268070835131054,2.659096824233342,5.742161855598607,-3.4981839275394058
4.259838190563808,2.6294056710037634,4.696329606315345,-0.7537398892755237,6.087411691847252,5.1093478112302675,4.707758862625185,4.405286977246757,3.543341403963079,5.822221908543888,4.74562389463401,5.668934598151023,9.731888492206371,3.551816703859274,4.402693172067268,-2.8102380393488198,-2.0403882712704915,0.6405159543520339,5.684396364302225,0.9190321846418655,6.0449225811344585,5.508897201855591
-0.05475740628599968,4.546062062072484,6.7460887830394345,6.354666060799353,6.325979927884311,6.2752206556004655,6.053085337977135,8.51069619160628,0.7728681050766579,2.4450257764135954,-0.22896207681750924,3.4904633328263808,2.634478519460367,2.8833712195012873,4.483158943965003,8.72893357447658,0.4319175777227347,8.803432322879862,-1.1374037965193424,-0.2816580703946906,3.350585096153613,5.270258163850642
