script/wind250m.json
{"header": {"parameterCategory": 2, "parameterNumber": 2, "lo1": 3.000054539987559, "la1": 64.9999836372058, "dx": 0.5, "dy": 0.25, "nx": 34, "ny": 52, "refTime": "2026-01-16T11:00:00.000Z"}, "data":
[rows 0 to 23 of 52, columns 0 to 33 of 34]
4.85910530186077,5.929407609135034,6.467554362796838,5.8603717646995035,6.547270345200622,6.103530702958722,4.7644523296893295,3.7104524777526273,4.376008184334111,2.9688267798264314,2.944601233519259,2.0181709712476064,3.046562488546199,-1.5406296395904582,-3.8875017125370395,-3.3666835631088956,-4.086673416542891,-7.4690771139555405,-6.811657619345368,-0.7443860211873045,-4.273945474035914,-1.6185012784517852,-6.317076442500347,-0.7820289326971477,-0.6914866027801422,-0.6485047820928456,-0.40589110422781427,1.0089140361252569,0.7055340993635122,-0.7224189133689528,-0.5426781545302054,0.3898844783211853,1.4734420585042576,1.2050250021109628
5.768333564775272,4.4634902196926385,5.411419325767156,6.295732592806077,5.41447481978398,3.069591564634125,4.342705380017793,4.910782901641299,4.0194870941537895,2.73804974555073,2.11580080046873,-0.29282779532907094,2.803075814751916,-1.5332679305750159,-2.367567576990152,-5.147793852455252,-7.054107325650041,-5.760600331646904,-6.49854230985589,-3.922117409876522,-7.733672277818672,-5.599581881462896,-4.153480598905829,-3.5060191235197857,-2.906186940644198,-2.1649398591776126,-0.7820331682268742,-2.301486083414106,-0.7773951712893516,1.8971272074225278,0.5121844685045535,-1.286190237447947,-0.855241318490847,1.401258080442592
4.286788228574433,3.585322924711241,4.181246874838439,4.338620284046873,4.974117118585313,4.811526477944332,5.203963024722272,4.4571619749456755,3.3041299705300133,1.7851345122797098,-0.058903188165373425,-0.4354548744305248,-1.6859306974023245,-1.2437365119378885,-0.9182401502307246,-2.3898477450781432,-2.9821155408651547,-7.042232583609598,-6.93263788182873,-5.051060054020648,-4.853828912725293,-4.426846513573663,-8.067584899709006,-2.832110658585472,-3.1170695505912334,-3.011265024324195,-3.492243071038489,-0.8933971645786074,-1.8947805518757324,0.2644239220627588,3.0057456948126915,0.3027133510027631,-0.9548886134982867,-0.3807477812955049
3.678654859599398,2.933526798789227,3.0050732648309073,3.6459352812496992,3.979260263745785,3.620090798231482,3.887561412499391,3.1041178231219373,2.2118921545907195,2.179074644679392,0.3186960793545631,-0.1969340579440649,-2.3511058587037774,-2.439701984331243,-3.1703985860047936,-0.8683499272960392,-5.232232765142658,-3.869858898791727,-2.6227208413708984,-4.220916128370947,-1.316903607155272,-4.369964874398853,-2.37855752784851,-1.570050397545221,-3.20520153785714,-4.198508473105904,-1.5814612642081478,-1.7911223951810555,-1.7941762082495436,-1.4668159172844117,-1.8251255584060688,0.6243851077972181,-0.8563971425715916,-0.8927260351759279
2.3281390850804704,3.1610581212025615,2.3962645017446262,2.8289649820776237,3.8436452459847192,3.0502032299795814,2.1742090892131936,2.0176722093254296,2.93825953996914,0.7911466087443618,1.2080170641374748,-0.4446539500182392,-4.368054623273927,-4.506538419574824,-5.021268722491683,-2.072479574705101,-1.544181637928981,-3.8918854729310848,-5.706145240336747,-2.5022630465907376,-0.2261989425523675,-0.2675163871843536,-3.7361099263427957,-2.296102203361233,-2.1444775451606723,-1.5444848580971486,-3.32361179848357,-4.345540904704586,-1.6969481777862385,-2.8689835469528577,-2.6303453399137817,-1.3335246391771163,-0.36947862493999734,-0.2579268787722729
2.6471319170894994,2.5738027651525237,2.9034752058828643,2.525909444324954,2.938405274466896,2.7023221952637138,1.4670446367176537,2.443735761829108,2.128783645116582,0.8852059179505094,0.6142430240100504,-0.7152698249781377,-2.1374550501792586,-6.839346670599042,-3.9241120739714535,-3.2998226888290607,-2.091066035547345,-1.9183227438789676,-1.8444708990271392,-4.538540102109753,-7.2308531376891265,-4.298462861365194,-1.815656186903431,-3.166174512443543,-3.7698076628537263,-2.3453318012011954,-4.699391260470648,-4.817193743177881,-4.791838517899001,-4.064743208621946,-2.741518921256943,-2.401432086042674,-0.852936033552155,0.6025090221021289
2.570440760994123,2.842967203732889,2.5812534151595785,3.430824456090929,3.10039458768225,1.4096343306923105,2.095567749210647,2.7329511671996722,1.4080748933606853,0.3744171229740831,-0.8846312226862654,0.3008083638495312,-2.275288153494361,-2.060113391230423,-5.291725835295979,-1.8951497395411359,-1.7342992392729302,-3.819167882051993,-2.0586122297442917,-3.2820516415009022,-2.882265686664717,-4.853065482136338,-4.383693168865561,-3.854107576942921,-1.6920935265094885,-3.218169465627646,-1.7565355990192855,-4.409410033093031,-3.939303452539441,-2.3635218578651624,-2.5605534766192353,-1.2176978789834594,-0.027476462399559882,1.0909505093676883
3.4174721492231774,2.2933436597925754,1.9333762576921736,2.9069544805588157,2.697426411860508,0.7035076243324669,0.7458005365804804,0.6077510441784051,0.5385133778444575,-0.28661050240963026,-0.23999980727770542,-2.0961033211646862,-0.9237459561840042,-0.2941217791602765,-2.691876589536411,-0.9105435730943928,-3.685990906433682,-0.9247754964572467,-1.221410408158446,-0.451039625516407,-1.6585252614237083,-1.4696315845849102,-5.520551769553482,-3.9399835353297408,-3.9447923159028018,-3.795180621596179,-3.1862078540508594,-1.6127645781056126,-4.967479534108874,-4.2138277571575085,-1.3645807230126776,-1.2844246264853818,1.644079150162329,2.7215177211944934
3.1118976445218736,2.686096267705953,2.3324822595835926,3.0838306972327962,2.27965333615186,0.2781786813245003,0.46244961275925656,-0.6904297233909198,-1.6660192134853196,-0.2516313126485471,-2.2481335276181067,-1.606639521187121,-0.9986141336434553,-2.445124100801655,-1.7200714418334957,-3.431071287455483,-4.094950927520892,-0.6674223765363979,-4.773521499801934,-2.6850992627152634,-0.5461901351122103,0.8950345295274806,1.5662257435505056,-3.2267915919538233,-2.8107805285530234,-2.3158606168307325,-2.3532860633408648,-3.0890683694224794,-1.5244198492395211,-2.0020902841188972,-2.5589583229372797,1.4862922561676843,2.233220947872456,3.1374125312625027
2.5492401235194926,1.7750308286908547,1.0519060986525846,2.3551788334225923,1.346840576034905,0.37033519394226305,-1.6372286273001608,-2.0221449281855612,-3.507814231653547,-2.3877312973601623,-3.1531634859353153,-0.5479274072411446,-1.8213960391103383,0.8270851621417655,-3.189928025042746,-0.8141284992241261,-1.5146874760193567,-3.898856502452006,-4.751796267855715,-2.041190490673085,0.4167564484758243,0.21990521186802348,-0.6035574235647934,-1.6222682588718798,-2.2558129166637935,-1.3043210635592588,-1.6271653008542923,-1.0211842010160612,-2.428274543156025,-1.619604516421104,0.939774367173079,1.567347246753538,2.2505534877819966,2.8764586765425353
1.5471422112901836,0.532456079643825,0.6876202765758328,2.4025226668281845,1.0863266444450805,-1.6632373402966543,-2.654497338263353,-2.2361539347683017,-3.0026125000797803,-0.5119276833314016,-2.568960597727035,-5.69565751222066,-2.1139495746867922,1.0772693221378218,0.8741616342569609,-3.3788375234716788,0.12787656010224482,-3.3149856826412094,-0.5465946297172584,-1.6999011871105085,-0.2762234335220113,-3.1252198359270413,2.1352294460168624,-3.597611783575447,-2.151406837235321,-1.3870874634870318,-1.6051304600891896,-0.7026264296504487,-2.1974705276956668,-2.057544542727359,0.7472071534036958,1.222041706493404,1.7643131414168731,2.633414865782399
1.339585966001779,0.7073465021882027,0.4731683665543939,-1.2788214286683084,-2.0676909147411715,-1.1274889154636794,-1.756184407241283,-3.6719152016022902,1.1553528295627056,-3.791025790936198,-6.191997728347169,-4.139561763455641,-5.363921400933852,-1.8039813593535603,-1.043207881417786,-2.1585080538169703,-1.8157283450026314,1.8732129779430138,2.4503838876030324,-1.808142669626477,-0.10410149367100412,0.8579421951231904,-2.8422689203140856,-0.8461438952862498,-2.389502103238161,-3.6317796066001367,-1.931911753040077,-0.491674498739099,-0.15459654078069823,-0.34408371354917167,0.6655766079693892,0.6807576401154398,1.148800640009512,1.069557866873446
0.9074200151901171,0.38493905334976286,-1.3386744695701098,-1.5671369592530016,-4.298991262783434,-4.738568490789693,-2.510461944277027,-3.7712126923792075,-6.4039249372940095,-6.222215395573589,-4.047586956112504,-4.616766921748938,-2.273024609190641,0.5337857919883064,-0.7094030850887858,2.635099920541067,-1.8239779360394537,-1.3161342156761597,-2.157879633195909,-3.4082506295452024,-1.5622343947918902,0.6617115485341576,0.48040305862779703,-2.1992338629897503,-1.854707613278238,-3.3471727004772642,-3.469317379916373,-0.8923604326332606,-1.1378986640424755,1.308382066327411,0.6199982953093531,0.760267443575569,0.3616890994474268,0.053620151054967945
-0.6751832310665786,-1.1284811199939009,-2.1024108345304353,-4.855011524637815,-6.590027684856539,-5.020622399361526,-6.2647393825439535,1.7653992764299011,-8.223351075539236,-3.0274213513094885,-1.6193769606948005,0.31288302941708357,-2.4425467328936263,-3.9876366768768476,-0.02126849785313061,-0.6336375662817729,-1.699654211673998,-2.278464681843184,-0.5377067329210806,-1.1465269211226288,-3.1338769897804886,-0.044391785586681026,-0.520490427231598,-0.5003938128724307,-1.7538831372469545,-0.37274404473021466,-1.6819385113815646,-0.02598395249430625,-1.0204533642898364,0.7932583949427648,0.7881017304590194,0.5365410578125838,-0.4306604637232884,-0.8788702719501852
-1.801415180067974,-1.7709625342690505,-2.8359564571243636,-5.382385260640429,-6.73863578507606,-7.796638610954566,-5.0169610886759815,-8.488727127391444,-3.3887273477012227,-2.03480155861401,-3.746030934224799,-2.483512711943831,-0.9446518892629939,-0.881809558446451,-3.5323832376938826,0.9032139767517221,-2.0872491345014565,-2.326746529713259,-1.7032704080062768,-2.4707379453802094,-3.0849127783816765,-4.611861394279837,-2.1806968750918525,-0.936911268576681,-1.728921716988234,-2.922614735636103,-2.8704993347736187,-1.6539384138573,-0.18321536709599606,0.7313758345684189,0.5320197871872198,0.12507860867893572,-0.8926921369397827,-0.9967107188777045
-1.8800289258582847,-2.746103085238409,-4.9972302477128965,-4.758324296956092,-4.288689229536633,-8.389411513523507,-7.51445304743535,0.754231898551031,-4.3061579475645075,-5.922623798865921,-10.929414921255162,-5.050194501887644,-2.7476037064202985,-2.9171515868630786,-3.857491766778064,-1.383589724182633,0.18087262180850908,-3.3181715026032994,-3.2460449244783245,-2.8613394826055694,0.9292058383114653,-3.9831859498291506,-4.545508841049149,-2.4405526324022695,-2.0688331342299393,-2.605560371512291,-0.09547123230246463,-0.6376092400570578,-0.2697361915317665,0.18688998642489285,-0.8717574179119828,-0.6815944191910156,-1.1497339451459638,-1.3819188508523395
-2.4852941918430016,-3.9582184282732524,-4.378565257814237,-3.2278564498813265,-2.866449001345483,-4.390417391227394,-8.112890996132885,-6.3046527856113865,-0.5423198278700626,-5.1438287428879494,-8.945151088802087,-3.9401056679093904,-4.619184556920782,-4.623515742520036,-4.196870438761003,-3.504720961807401,-2.7936966237470826,-4.4632896195146206,-3.4242161087408283,-3.0440151675717724,-1.7307618152387156,-1.554507281883215,-2.690702705292654,-3.466934504840439,-3.734647294999096,-3.244701745415081,-1.3585432921447178,-1.1248796934490193,0.10197118202341579,-0.14153727933750979,-1.2722844814643448,-1.9615896853213097,-1.8859775407129495,-1.1512040850687
-3.000099035714132,-5.151935867926243,-3.7913014679591472,-2.9468122946093245,-5.053912280960432,-5.839340582711972,-7.130445296137686,-3.277445801414448,-7.881840644644477,-8.574801422678979,-7.101060640721318,-5.420062460436099,-4.065450561612461,-4.812769727547941,-3.0516226351713494,-3.259667989304476,-4.5553931907405945,-3.1200201872308493,-3.0073136308709607,-5.271068610993283,-3.0315355735245215,-2.9781229185772378,-3.116322743907695,-1.7944077901659237,-5.058406515660831,-4.093383617611154,-3.4043708292735295,-2.0526547960980044,-1.1977777727018442,-0.4553205624768881,-1.1840986010549364,-2.4691963929516287,-2.414452453105684,-0.8772436063792964
-3.5192873902480493,-3.320760113388719,-4.601410943276177,-4.235719171605392,-3.824759596508064,-4.932033523688373,-6.139263523866581,-6.2389798144299276,-14.490897464207437,-9.005502898685691,-8.853278778926686,-7.115608193767259,-7.150133882570001,-4.732392656907292,-2.476423272602977,-3.5554461573633946,-3.3810443407613575,-4.787873795332042,-3.3308231694288857,-4.240251426980748,-3.050302768050257,-2.536223407291982,-2.127483352832189,-3.423998244253581,-3.782137989734727,-3.4140954594983737,-3.4546783477806025,-2.270714177602212,-2.1398988214919252,-1.381715439033921,-0.4131211913501081,-1.9982181572346085,-2.815521726300009,-1.1984093586270324
-3.0830211669309895,-3.9403994213634177,-3.7299564951824387,-5.039986588767153,-5.833095383277444,-5.584007973172749,-1.3448531862115007,-7.8044942846864735,-10.983317353134561,-8.931434083305339,-9.755756656767133,-6.939404842019387,-5.720914029980665,-5.620049916428848,-5.477381713415005,-6.900811266240792,-4.497470478035076,-5.0817159438864845,-4.2186278481752915,-4.295000018920721,-2.373001359111454,-3.2791776946992672,-4.2121585556872425,-3.2077948271640704,-3.6660372516504895,-3.4484558814857365,-4.358932539012635,-3.213676072303247,-3.2070236188328236,-2.4931427585830073,-1.793880241260912,-1.1798995425949916,-2.476942486093562,-2.3167131886437056
-2.8915197735691267,-4.9502548010897325,-5.871471491844308,-6.155729662947533,-4.856485660701211,-5.581554370822122,-7.595345527293843,-4.856620330349296,-14.819533440543392,-8.494815011163892,-10.443340797678875,-8.730034754113197,-7.912550265720124,-5.6978686915231105,-2.2358127242720616,-6.21533865503928,-5.062094525987253,-5.73905406562239,-4.867250901152539,-4.182912898800325,-3.3126717360304347,-2.4468812920753837,-3.665428549658319,-4.008485085178269,-3.259126937537281,-3.510536279776952,-3.1194457420117345,-3.8717961708212822,-3.3118231995029475,-2.61496814443555,-2.118626955793309,-1.289265367137996,-1.23364220841837,-1.5638789410585778
-2.7728594130035025,-5.070145369363653,-6.406038576577497,-5.340103792531065,-7.876261484999082,-8.15755047956059,-10.956858047424735,-14.344802734391477,-12.410463674705838,-8.774104619895585,-6.049097173118549,-7.458642714272495,-6.585859269683859,-6.279072533522406,-6.820712221557539,-4.297317618989065,-7.3674483734756295,-6.910822384739513,-5.149377937714104,-5.977938516671505,-3.7004127754601934,-4.373448611015284,-4.284156843804542,-4.248267515411846,-4.650999798515202,-3.547336520211429,-4.868684375374001,-5.016980006179463,-3.8180415079136356,-3.049702722483945,-2.0848522362512663,-1.0637744528098037,-0.6660512228204085,-1.3805666266788543
-2.648519339636123,-5.1129815369520974,-5.462994165026316,-8.893076488567765,-8.424856899018828,-8.188857519168273,-9.901613975114396,-8.863377781334005,-10.733370120721979,-11.897086536669054,-8.247460723945128,-9.676115431338937,-6.030758926444195,-7.446086455989125,-4.404679421374778,-5.419996648096149,-7.004839246547325,-7.250577623457642,-5.451053445964761,-4.978910094039349,-5.655928437970089,-5.384091023036901,-4.963456690665394,-4.473308351704744,-4.511267007296071,-4.361418043701163,-4.239693073050531,-4.569645554473338,-4.475679391655783,-3.904676076722511,-1.9010843262673869,-0.47543287016753666,-0.3738646746287588,-1.9122092783424083
-2.588548354873998,-5.573620816243445,-8.624851267444207,-10.223004027644606,-11.104281871191475,-7.0962617605491936,-7.619245969562036,-14.514192226729767,-11.28744293676801,-9.1535918891986,-4.396751025121444,-4.166372005873625,-4.093462968630632,-9.330359734293916,-4.374805361201594,-6.577431030507858,-5.859166827895385,-6.184782987834109,-6.435824446138282,-5.8859471496259745,-3.8689099244097385,-6.722842913234891,-7.0517769863705615,-3.9419276195375863,-2.875945071850105,-3.851049188270531,-4.925568910232842,-4.754398382720278,-2.7869653481702072,-3.451766009050996,-1.5353828475940317,0.09227599945011952,-1.677505660076327,-1.5970404583110012
