script/wind250m.json
{"header": {"parameterCategory": 2, "parameterNumber": 3, "lo1": 6.000198445256149, "la1": 58.999992894266676, "dx": 0.5, "dy": 0.25, "nx": 22, "ny": 24, "refTime": "2024-03-01T04:00:00.000Z"}, "data":
[rows 0 to 23 of 24, columns 0 to 21 of 22]
13.20965367676185,13.718127083455704,6.218689420019137,12.433326604105815,15.45359419259606,13.955464689874828,13.36322195801425,9.683252823285606,12.07354228091099,10.293852879509563,14.887879188966153,11.71337321053678,8.656515751027124,16.36721874311708,6.476142962681865,15.836765231193871,15.51749981331881,7.168877352317766,13.942190356816367,12.575599632322737,15.44802392248229,18.16216074422375
12.031323776488025,8.825111185208177,8.659583739845836,18.061089941352,14.486704368950365,8.405760299324362,13.84186711968958,8.97215699729218,15.65451250817821,8.204312286562823,11.476586886772767,14.369634582579241,7.149253612634387,6.081862030500371,12.437025068187998,8.161168924942258,10.49726938594371,9.179024033574045,9.04560380912137,11.998087078807913,14.223626978420565,10.265986215485205
14.837415436232256,11.150861645645996,8.569132950603336,13.178335006681726,12.958760232233365,11.47150881134784,10.814563813088034,6.876781672615694,13.460976856979471,15.05313887628227,13.76639367703487,9.09570438989437,9.530389390414511,11.022808679237073,12.521207441501245,10.54456743303877,14.468689270654469,10.741420738495133,10.12458797045287,11.832822750405699,14.604010001475944,11.497930533561272
12.804907010216578,10.73751160132812,14.659976242176967,11.823615231089047,14.37766354766593,12.178449534792911,9.686497614572344,14.764007395127875,15.832439699678257,14.521899446873054,10.079447835735678,14.99404873649558,10.631230912062417,9.465117022770217,9.448910802486221,14.831450003662855,13.99569051376908,10.955224715929752,13.871478260762025,10.989718986852232,9.953180035996823,6.837736471719031
12.719439313922516,11.610701206866251,11.036352724426516,12.65220793530033,12.944341115005358,11.175127107295307,15.502627516498729,9.098194440274492,13.381121289315937,8.307655060702736,10.501590123940234,12.792881539999286,9.754940684245568,8.084025979380598,10.200192916571549,15.937875179666875,15.401645411808369,8.99295838263522,15.483417452650448,14.521581472880632,13.2687966123924,10.623070813178153
11.59798098352262,10.523664668003414,8.974790414209458,9.465666422419936,8.251387557137438,12.084371701352024,10.093065467688936,10.132495106333808,9.137925202921075,13.37582365358459,11.63258093058227,10.751619136285312,10.956648074488763,15.765131502405058,11.423706464385559,11.554758704852306,13.453462604752195,9.30964161104633,15.398129792076066,9.556632669490181,9.936483084070325,9.677188873890985
9.111382046527183,8.417721926709467,11.621396033813236,11.41158264830498,13.24657678019319,10.675861256154215,11.161103728944182,9.391990285114458,7.3517036122053,9.071044855609006,6.736859143807645,12.725349512977383,11.869406809974834,12.703885941133592,10.128597340398002,8.813240159104584,9.764341520046477,9.004950881598182,13.471265350197914,8.10287441181244,14.639349504646749,12.23130724957793
13.155933337429996,11.582798025001248,14.150550749595324,12.473038670808677,16.576025965738637,15.337328845223132,9.570357527374174,8.223695712704881,10.651325290728716,15.405604143405393,9.957408084726078,10.612740880877856,11.541441628959994,8.353726568120138,13.349899830773841,11.155264289936364,11.391436876852424,9.479197765568069,11.344757089511546,9.907793640203034,9.787926655491466,13.57938513191903
12.821688194594845,15.060833692865947,13.666908274794373,9.340000858967654,10.251528592843576,6.236928906821597,13.44486162759883,11.594356141329376,11.612775989982023,13.398799788199957,11.17889701564398,13.212880899922558,13.7280089805574,13.596253584498864,17.371786777634966,12.00059084254051,10.288520224386534,15.28656250978071,8.996472165052264,13.133639607867561,12.31904945405313,14.687215178926879
15.723226067953526,14.66281510877087,8.084857238384323,11.832234267031463,9.386429635748977,9.877791603495483,10.17850219310464,8.852535788886886,11.42050361606698,10.661785599834658,9.006978523833162,12.785633520604595,13.336008138698018,9.684392360315828,11.242270408189196,15.688153734747434,15.593726102388105,11.415410300410606,11.235607301343803,9.841652251773636,17.27487521019104,14.450557225667009
12.385432198243345,14.910244340251404,12.383734004152828,6.5240673085334215,10.774295163180733,11.400891799693097,10.882107111909942,13.4827245772837,6.921756818955997,10.605870652731365,12.209760990440023,9.006804943281114,9.791248152677339,8.094774028515742,9.814662106368916,10.424642337842851,12.202095975662887,11.557108074469737,9.205596288842342,11.464661745342102,11.928356289447203,15.659689494436137
11.294044551892199,9.173682802812387,11.55579350931569,10.126118459139608,8.096047379752648,11.046919701620633,11.062070562844475,16.559138315012042,11.435334456919191,10.562174490291417,9.909748734476418,12.233667837794574,7.8646960621118405,11.046238382808575,11.500285041179353,12.896804621732079,10.764949802709172,7.912060321050307,7.460097978976564,14.90247083387678,7.975153868446302,10.55782919729512
10.145106859150285,17.190806902932827,7.0005938218142205,8.594037567798104,8.607571228320808,13.39851973016784,9.810219127970631,10.60021751197223,15.37179797823891,12.228049410137,14.596596748319923,15.299786020557265,10.230322180558574,13.313748740720987,14.289978382813338,10.083889000132242,13.549941991313496,9.020755012573856,13.611924430705292,13.471776666940887,16.051459144455947,12.532206085834735
13.455179932993472,10.798386894482809,8.530336780261264,11.442978957955486,13.778637165218562,9.4553051691217,10.153680482174812,10.291759910415943,16.410728298467628,8.739489554515602,9.40949470743935,10.200784832265738,10.310712947269604,11.194529322904886,9.692839718854298,9.529581164600065,9.986513431494153,10.852777525473746,11.167571316196335,15.20504101210169,10.154371518520188,13.092569304192251
11.020994833936443,11.98543429713128,10.936844873874444,9.624255696020587,12.186615187876736,7.883893022373329,11.232021240038943,13.059267095063781,10.641384294149406,10.845639742299802,11.862694249668985,7.0379473709245195,12.578505158826903,13.444130990064583,9.67583402388902,15.970439011151356,17.015446520241245,8.449405909305332,13.48546771513332,10.144885658507842,9.076943639934873,8.96789151481409
12.327879113055165,11.834756741267064,11.063811191154628,6.026181749580512,13.208985851662849,11.46927414929096,11.470999750188142,11.312278553967028,9.810747177268189,10.480216842953459,10.71650719918054,10.536146762363968,14.39276667989119,13.947915585047006,10.92003216726142,15.09077685194794,12.014097278184837,11.265704253166222,14.03795245689523,11.694395966369195,13.208905885414339,10.731331457503801
11.306255409280638,10.610883395166995,9.332208027635494,9.643134930259627,8.984856589938282,12.196952724722005,15.305187251444142,14.955709558385497,10.103731365417454,9.499543967759497,9.917871587832234,9.629360587077926,13.785769639417438,10.366252258805373,12.67651474575443,14.74476034510408,14.373083251775908,10.861382656947173,11.07143562990351,7.7719261870040555,14.713173254699402,10.866376603878825
12.616912581271611,10.313896536851226,8.359945293787504,9.913750503543087,8.096094356256367,8.713767307618602,11.053083959866719,10.938176533445919,9.68829020870827,11.922122228038829,7.09784898772694,10.611977672520137,13.920048521934282,8.497740634956259,11.71761455047984,16.377244969067533,11.69363054121299,10.480728359424777,14.407283711385862,13.11190873650971,6.863743386553807,7.336575262848778
12.280539784802967,13.63365941721643,9.714060192592106,11.858303743255023,15.636442911118406,12.114192987430936,10.744899422661554,11.249566702565266,14.514198283251892,14.478584190740635,14.2368458339696,9.666875300588744,10.120144188622833,6.767992149969326,10.235939202731284,14.365968485736245,9.09916814980623,10.837863898183066,13.865106567772706,8.978006424648365,8.738641203261805,9.996150165463604
13.356530179264448,13.560301939362477,10.784717992521816,12.817319995544684,11.67073237386705,13.954707131222282,10.608056864733019,14.910028076416289,14.188581900801726,10.428213876100923,12.537747694027765,11.759630074941922,12.59048390268163,11.678315756189265,7.551758829347125,13.462762775354014,9.68358530976201,10.663770434370042,9.821431055535175,11.837652160541323,15.305844090603427,12.054574508829088
11.815932484860298,12.583265255883424,8.20179073992428,9.665802349386956,11.896900190485482,15.197709288736664,11.60224896798824,8.893085201432704,8.920928840476023,13.472925589114423,13.634398903619614,8.29886614833294,13.645295183772062,7.988417177793813,12.492178134066808,8.010295236254713,13.448986175569416,7.9843404909471705,14.606456007678583,15.746134022589764,13.619321573058187,10.204001109423738
14.636667245033353,15.180914570615128,12.762457498678561,11.927368762192843,12.62583775789982,12.768871812694337,9.93184221270787,12.939410360680704,7.951862714633757,6.670241363176445,13.411559869361191,12.848889028826314,12.814350849905718,11.932275774580436,10.911846657086587,9.678570399423105,7.862578108210216,12.168003586504353,11.611188217369644,12.47709997753701,6.023654418638607,9.904747489864997
9.850468422739137,13.22116158078187,13.589347500657324,9.887651848976857,11.440606532269255,14.708164599226139,8.796774526952044,11.210087502631687,14.622370152851628,13.419848746861222,11.579210593718074,11.615746897550881,8.542415251824544,12.48553651833588,13.404626631009403,15.351229496719844,10.96324373562221,14.450098707468912,14.562572483886413,12.22284062463473,8.523244053427097,12.197303590464452
15.806600162335425,15.283808221187467,14.83863596416969,12.794426952673872,14.057264253159449,14.526395458041415,10.0231327854123,14.001369732758791,10.355878264363689,8.369273105345211,12.495228260167044,11.525558204986506,8.742825153512563,12.15856925460695,16.555443059198822,9.770899721355738,12.456768583101967,8.74300238006929,13.047041517139576,9.198017749558376,10.769537861499675,8.669935336137653
