script/wind10m.json
{"header": {"parameterCategory": 2, "parameterNumber": 2, "lo1": 6.000027932988019, "la1": 58.9999434238085, "dx": 0.5, "dy": 0.25, "nx": 22, "ny": 24, "refTime": "2024-08-02T10:00:00.000Z"}, "data":
[rows 0 to 23 of 24, columns 0 to 21 of 22]
1.240174382135446,-0.6937462584688507,-3.0712524231733545,-1.8141644903619998,-1.34029810669908,-0.7031191694650418,-0.6835896143850853,-0.7218905781019159,-0.9112795431947301,-1.4683128487867716,2.9338586657183323,-0.508739442612909,-0.7270658498661974,-0.6495247615232097,0.20792420347326548,0.8410846592024139,1.8295092284566097,1.432921026857105,1.6137951993530149,0.9022837436573852,1.3948573219317397,1.712682681566182
1.3896297410032301,-0.6650918204752618,-1.1163760328385965,-0.31999997236300537,-2.001164326863232,-0.7550647361578593,-1.3371973934832908,-1.0722179036194612,-0.8177045454734587,-0.6238164691987886,2.8479619136253485,-0.8338977542840201,-1.0835566301205413,-2.064643700168888,-3.471339035562902,-0.25230929565280846,1.1539766479094082,1.8755540480932427,1.4726603020535394,1.6628340197844325,1.202419272811171,1.8805207786140454
1.8022148147185855,0.4733245980812654,-0.6969340275126688,-1.1823645422648301,-1.041468880574679,-1.1451634524857726,-2.3591057284547565,-1.8499407018509602,-0.9794481190201633,-0.37668635154577523,2.01881063286355,-0.880675304448182,-1.3227940129778395,-3.8551813365715715,-1.9344601261841732,-0.4330584212999213,0.4850432507969163,-1.3297315497005624,2.6475833089779846,1.697551339315963,1.5796727923983787,2.5271195121163212
3.502628211052296,1.5364466277286817,-0.1949701612391606,-0.248882346138384,-1.0019636210918044,-2.720935718266373,-0.7154058197205284,-1.7483552924783923,-0.18751888163840524,-0.17228316970135246,0.1509935057836632,-0.4503801679272359,-0.9512945438359433,-0.10913653843926621,-0.2670075480460825,-0.08579043426373054,0.0063360268003478885,-0.4539717291690672,1.103226046428944,1.33609924469234,1.4316070260795721,1.5966106962552267
2.4431955485345505,3.526222028432237,2.5095278527293066,-0.6874712666627703,-3.687362365891495,-2.5681730936354494,-1.6996781344922907,-0.8493555032626016,-1.0531175591895423,0.21191803217400587,-0.037244176665456576,3.5751930770721447,-0.913131764049331,-0.6212360310369204,0.344302185520112,0.5726609216106513,-0.12904114135548114,1.62094090350304,-0.3094632596966735,0.8887691554125121,1.14240111424423,1.478234329352254
1.5346659026357914,3.158463640385101,2.097297845789512,1.1194745105511146,-1.9641342666872887,-3.09009663416071,-1.6968687507384523,-1.6502798920618917,-1.1001227021754718,-1.4861939325716376,0.3206146467758259,2.2207159804568706,-1.5858972987497477,-0.7459196700556983,-0.5432904808436175,-0.34810731842509923,-0.021769254760744337,0.7054574711824865,0.7243702221758449,0.6103014221028366,0.9192187891854517,0.9544546464923889
1.5957985378959674,1.6002694094579544,3.2795481549646603,2.240391280522025,0.24870571277835857,-1.7365970496585246,-2.536113394486889,-1.2881406924703263,-1.032664202141438,-2.0159274732312737,-0.6413626493183212,1.6896958908862192,1.4392370476974998,-1.1845992506616685,-0.7108162221393772,-0.4796492069912908,-0.7569245560869541,0.10110569408643523,0.8491100375599738,0.8879109630634044,0.9864793711488857,0.750953630078661
2.781610053747932,3.6315583116462675,1.9178459326846058,4.012493350734765,4.369970997562207,2.448854413229871,-0.2622233499130782,1.2157351771168985,-1.4352174092048522,-2.101656815455187,-0.3046863264621386,0.712192089184401,2.6204692540882037,0.0972759198159776,-1.1523675190483738,-0.7593046841236937,-0.7424256353912518,-0.4433532857606225,0.48050489010600966,0.8072980267902096,1.0926801903523229,1.5338801800673656
2.661290269886834,3.5876031827300583,3.723579086402946,3.754215922268504,4.495749599146098,2.6172979186545877,2.7099975349690757,-0.9720496936108263,-0.6772544259646647,-0.9074218655618687,-0.2276811217804442,1.156560906656201,-1.1652565615325712,-0.17657583157690612,-0.8268438471497199,-1.1483913089744846,-0.9494798925355065,-0.8748045795504409,-0.1424044665533078,0.6161718451960805,1.092409184843675,1.667282365679447
3.763926651784641,4.1847611741973525,4.248399741830636,4.013104337345509,4.357796024083998,4.082322284526146,2.709150817214559,3.168325195100291,0.5549970441930117,-1.168626169800638,-0.06286656934570997,2.3320481330271807,1.4265998625127467,-0.7669047163054479,0.8346288050403073,-0.4853899992245341,-0.7623118848310719,-0.9515651150743354,-0.6893022675687054,0.19987024465195086,0.6753803133518758,0.5533407401019539
3.8407182170737784,3.3476703779280736,4.6792949382728235,4.27226920002892,3.9429312721910605,3.273449016886111,2.866976906927934,2.7231356064532655,2.9515549393587444,-1.063558516638541,-1.0919759548449797,0.498634116961729,1.7459732741260487,1.5913517761240055,2.172701053974492,0.6420871211484221,0.43234618219614485,-0.8127612889413649,-0.6476165467775157,0.0355479521978968,-0.093957382689421,0.744557735661954
4.458127708070727,5.013906322583331,4.867899630596122,4.620490049827583,4.1468384438524435,2.4377877291431607,3.5743294328920303,2.7491905000491337,2.640176934203431,2.811437990697942,-0.6774692231303696,1.281239577561408,2.3993057019358415,2.7223790438520696,1.4080467096095834,0.7152333853507942,0.1907706551617767,-0.7177832833913381,-0.25189451212814185,-0.006256862859066124,-1.9345364888744816,-0.34715779863152585
4.453007836462768,5.071173441347913,5.32973927283076,5.151800155388754,4.329431022143599,4.007279991789118,2.954942267653376,1.9994397743854202,3.03589765788473,1.36774020462128,1.6475078965344954,1.7750621480124558,1.5754868770659287,0.837761802469432,0.5744270976505995,0.6129352187788377,-0.8650814977936069,-1.891468246289929,-0.626170166135461,0.9519463984211592,1.1883121347248327,2.297303160752594
3.5594017101652056,4.421133654740665,4.824412734227018,4.999078446614832,5.375456337989838,3.3084844059452845,3.1181524845206243,2.0873041184558336,1.970754762777001,1.592033358682261,1.821254343328798,2.6108449214265876,1.0321166192574174,0.4997073714134416,2.7626782109649826,1.6950883890861712,-0.6375434129325943,-0.8864004859206741,0.16306584178321254,2.7394741574464705,0.2323776193776737,3.931419686135389
3.052134395447194,4.319694323896116,4.119505800619641,4.912079945702304,5.264364422796175,3.4545090641066563,3.083688542371635,1.7942865796934617,2.0594454406840126,0.042349045456351465,2.53738545091872,1.6032019858440196,0.8060697252183148,1.9776559987633204,2.115246202859557,0.9821689538723806,-0.3509987021248085,0.15347730998657352,1.5028383865479336,2.5261468429820972,3.5880475005046213,4.162185869972837
2.6750171848619617,3.750958371855659,3.1672322646034377,4.170868275124492,4.634513634098413,4.249432489658098,1.0003136911263355,2.4658837847060955,2.8056949311774857,2.2820727055402514,1.0345172387526664,1.5723149100413631,1.2718119926868088,-0.73496845915941,2.189629970272721,2.3932326465041736,-0.8105227249616369,0.36984609941597124,-1.9750137131484895,2.2463394626593,3.1279740125062965,3.7138889493845815
1.4193508950204972,2.6618629618468357,2.869067847106144,2.989445665884313,3.474752705817538,3.433943139173575,0.8910945829018603,1.8775095156782144,3.340073065192565,2.8577808410238164,2.2145791017972107,3.3998204115155497,2.2625626284075095,0.06047477040784133,0.9410169163839752,1.2870098392079274,0.6289167386518123,0.07161890463277042,1.1327509707767967,1.8870527360110798,2.8241004714330153,2.8198851533809086
0.49223350336407895,1.241477870405762,1.7538061403272769,1.9471816338793715,2.101674380034628,1.720949241978888,0.6955986548228804,1.5129097990502203,2.9113454861511014,2.3023789522211473,1.513946940837217,1.8122682743041914,1.478262808180449,0.07754237614665851,-0.17701169825081073,0.786316967688394,2.224611715315273,0.36887476116211243,0.43031122711078884,0.8981834545977017,1.734010431095309,1.9650554500210153
-0.5482610765721231,-0.5276052291020703,0.43067333471731595,1.1040413496513426,0.847756688266642,1.59096796238214,0.7225695827412209,0.7842897060010705,2.0390852055084965,1.7351882151403342,1.7745663338578226,3.066866334985583,2.2693446502836494,1.640864069550029,1.6843643461736957,0.9130996658726821,0.672618644361396,0.10417643353801082,-0.5246989994285747,-0.2692105320041875,0.5135602904953442,0.9506274563133534
-1.9269286207622742,-1.2994889222876538,-0.875004180323548,0.04505278919482384,0.6783182484977363,-0.10187193445581882,-0.08719267424098634,0.4777509249094394,1.038195368574387,0.8504225021168921,1.4239196434545955,1.889197546177901,1.6676518486429444,1.8235338396432992,0.9936032789821054,-0.14814751355392292,-0.36951299926257325,-1.0270127926118553,-1.5264821509965594,-1.1028576997073942,0.054327405919415934,-0.14024595219027783
-2.285484186872529,-2.243481372229127,-2.0554037852845277,-1.7304990746815387,-0.8838758871724772,-1.3789263798503095,-0.986126932978164,0.922217035017452,-0.23801772823333417,0.3007047671679509,0.4579278974900401,0.3932080974727165,0.7937731175958996,1.4193776141180048,1.0208306516340828,-0.3079637596585285,-0.8722927788963687,-2.2775493904148325,-0.9045718907066003,-1.7101464914585112,-0.5087337296757768,-0.26234144024223593
-2.8228377016252075,-3.039063842498085,-3.772358744907298,-2.716674298663858,-3.0284350147286494,-1.3094126142049183,-0.40810176051934377,0.7776862055259344,-0.17393573924649103,0.6358441653054852,-0.5031111178983112,-0.2653506466982655,-0.19183330990790032,0.9803935036691415,-0.5394627894348272,-0.8851759245983426,-0.9884869577197826,-1.7167802739450286,-0.9210680116657909,-0.388002040272173,-1.249973973202925,-0.969072841732191
-3.9612874255555077,-3.7672973987713383,-2.2202420199489374,-2.3413918293517586,-2.5355039771016004,-1.1886602954099255,-0.2802063100461188,0.7825806242615546,0.7168777384344738,0.061850731549298495,-0.3142514535211265,-0.5150226388710987,-0.26246645582174494,-0.3893372681485745,-1.3955430066952343,-1.3252035184289714,-0.44068211479590524,-0.4391900897218112,-0.8492465309308291,-0.7188889928979553,-1.261887714035169,-0.9265767460768907
-2.3845711284581985,-1.7471821277279296,-2.9481457965623994,-2.193267794496591,-1.4788896817454196,-1.055479507260873,-0.6486861100994764,1.2914608565443304,0.10217924142671182,0.7046953013161367,-0.3231530692698691,-0.28880575251894786,-1.2231154628561869,-1.0303629332200894,-1.2939961805483207,-1.4974988621342564,-2.0177791043858675,-1.0984994024540096,-1.5313141658129685,-1.4417570640416182,-1.5819578002476058,-2.5775987533769036
