script/wind10m.json
{"header": {"parameterCategory": 2, "parameterNumber": 3, "lo1": 3.000054539987559, "la1": 64.9999836372058, "dx": 0.5, "dy": 0.25, "nx": 34, "ny": 52, "refTime": "2025-04-27T21:00:00.000Z"}, "data":
[rows 25 to 49 of 52, columns 0 to 33 of 34]
8.53091792858911,8.488762118799409,8.614943180002582,8.67144960373086,8.624300939234983,8.205599243563901,4.240393110556307,1.8968708605372704,2.4056932063293552,0.8822375386563495,1.6422895551297148,0.9705817039817489,1.2201350939818496,6.761971549678524,6.5241867665492705,6.815162193016404,7.851191510486725,2.6974818555637827,2.619551289561527,3.6793898748945426,7.329492267644741,7.70041506525145,2.5647638988807704,2.378650071040379,2.177829412035896,1.525525838218976,1.548695274323362,1.176136973060324,1.8439450022205321,2.08429393686511,4.543276705937059,4.915694420144621,5.752337141285672,6.225155632000534
7.9338939031926365,8.155175785320681,8.33681254492014,8.390319741144767,7.903118833998408,5.7664556480588525,2.1594286122220097,1.356229682584708,1.3561791223925612,1.3872263230103328,0.8619481182267115,1.3808968913700828,4.404005273375608,6.473889160953718,6.164072074594487,6.429490778542471,6.600022235296333,2.456360785217238,2.1389854814576266,8.274903962335593,4.693079131306914,4.341302966515864,2.7687513724809496,3.406196574537521,2.9951903725371625,0.7493033624535125,1.3749355717445384,1.3863604828739522,2.2375101284481413,4.75531122146232,5.5065153126314845,5.979804894361234,6.423137059603428,5.258004177216395
7.969181331728436,7.838556129803956,8.015091308572169,7.902565458042654,7.517771387386373,6.2406357670352115,3.628420561272593,1.6248135529372887,1.427975593991766,1.2258551084722493,1.0649735119589865,3.3033741398868557,5.0087392625144265,5.413998595863028,5.941029349620701,5.751305624620815,6.997150948276857,3.573621973212073,2.667691832560294,2.8004102197363983,4.290650353457747,3.0505878580444628,2.1225639234066356,5.132290719044159,1.598938027708766,2.098521596633737,1.379715308697202,0.7574446476322497,2.0051668828365417,5.568744341302867,6.146487146321275,5.843578196805574,6.161244418538117,5.941790705426972
8.111970440417148,8.052443670616732,7.6733226693037295,7.460553573208549,6.874580444074971,6.07825495906062,5.298783547062985,4.4055485649367485,1.2603541078599365,0.9877658069243296,3.062880928584909,3.3548634235764228,3.9004693863066873,4.861822911704794,5.663504131731286,5.500631301712622,6.312470910437875,3.997591298793018,2.656274277132422,3.2251028416206777,2.9321422174078005,2.2893159810089676,1.9465255663429812,1.9854954155038005,1.8671479871729544,1.1419239311669453,0.9239738802081219,0.6056012065073432,4.748622078542,5.7435487280633835,5.8533734275737865,6.545138916475878,5.5533386952679695,6.207822483685328
7.634659050898054,7.454392052134856,7.309090975873466,7.220453724678354,6.826095213181034,6.700762177262219,6.504304219721052,6.523630380001686,5.559611411584035,4.5165247314654495,3.813978669831659,3.7920329705282247,4.378829600599794,5.5167101020550575,5.9809816423472055,5.270947224422604,2.832641252385853,6.77010346310298,3.749451354995489,2.1930256672834623,2.3621228875111013,2.2463609979952555,2.1302400893444537,1.741263327473658,1.8126947662231159,1.413178769647755,1.2834164031864064,2.26768125937133,5.193054914845677,6.698575784878179,5.940131645429657,3.1433853395566924,3.886846894783286,5.596365582920013
7.655525238398219,7.017334073496025,7.011789966770179,6.849825497410598,6.505477558394647,7.1380898065697425,7.303244765208564,7.059311431687774,6.369645078766729,4.94716033896262,3.862039343375427,3.4186739209359898,6.549514433632751,6.224395800232434,2.36669311554887,3.0075707361818944,7.026659731705309,6.5625209468993,2.2807913380481866,1.7841618071873606,1.195596081732452,2.7642734876800543,2.0347562718183796,1.562628689669968,1.4117227454490366,0.933863618260899,2.0076360087816805,1.583908061853598,5.377958404788499,5.389752437363777,6.305163836124414,2.569534638846686,4.542020564526843,6.963818127875808
7.124035037291832,7.117702767486361,6.844163234103236,6.398841083652206,6.2959543184236395,6.760694291140189,6.825098281937282,6.769302060033491,6.048057674043595,5.125854487902725,4.032695869322577,5.519970612811382,4.977767314643288,4.391257657569872,2.3563059080987343,2.5413122294165498,2.6542267391563885,5.277250096000984,6.294452320290008,2.5483289857555107,2.075364980488061,2.0021067521031113,1.9219430891362663,2.0005609582526174,1.3923185841791645,1.466754574212388,1.2117504378400665,2.050289164278608,2.0186378512443177,5.674770230777835,7.300598495071608,2.4692841048282568,6.751230950791913,7.379180345397433
7.157170999083518,6.832010227521795,6.948925717029375,6.438216107264877,6.3299248128990335,6.258032946949061,6.590517054928057,6.015169871665593,4.842210405241724,4.896587914890188,5.222377823301039,2.0338251202500683,4.051341645795961,2.0927364708708884,1.9506800160475135,5.671113932903417,4.668763480290995,6.260653548218089,6.026128900067912,2.0612492639000095,2.2723593228766354,1.706800799935381,2.503526401350484,1.4021070679260805,1.727112422050509,1.634760936614219,1.809382473184756,3.272989870959794,5.203434774375986,7.168023605813192,8.204592313466495,7.4170551362201715,7.342901426884199,7.55179863751122
7.052193816433541,6.7273227625417045,6.67615498792173,6.529377618227925,6.237417316379417,6.624079095966424,6.1289367798595,5.5862368666908315,5.262996842588907,5.376042299610463,5.027165118854433,3.4978141108954577,2.38609633669874,2.0481505967255633,2.8501600486328473,4.175726222262848,5.183237987116742,5.4505184660803465,5.812327415733705,7.071727402459572,1.9587266486354247,2.0662904060510336,1.4609436880206665,1.5479507348237174,1.675131546397632,1.5482868499490121,1.5632583289838797,6.282796150812126,6.498473634882118,7.426479364892753,8.19764122443988,8.470230580750142,8.329132619782328,8.038315530496764
6.910317690017826,6.659434477578305,6.4679387726349375,6.151347723487257,6.461128249860863,6.021125188286457,5.538578908489025,5.653705417831297,5.546103333244683,5.154933040910625,4.609810362465019,2.5525834831711376,1.6219285473205678,2.438802588787365,2.0841966538062757,2.9565626489779078,5.052189384478829,6.875705507798493,6.124368333534303,6.964411641568423,2.5651775556647687,1.6031651749568194,1.9294787381764362,1.6915254394819914,1.8633387897566998,1.7894521676010249,1.822575252861843,3.719206770508678,6.736213865300651,7.580295701205257,7.963967710031657,8.075504200053414,8.118847565077091,7.724680616935898
6.842257099682692,6.659330894620198,6.462115499416024,5.988184943588362,6.499514828685311,5.4087111758356095,5.563542796467683,5.724946194235387,5.957698770608383,5.218845726942419,4.7004038441511415,2.3989530175517593,2.092330207157212,2.443073671843933,1.349257763523158,3.4739608199195073,6.154313512622497,5.705251311860197,7.969156820508682,4.563838855081504,1.9761422729069782,1.824560423287378,1.3666499543266621,1.8148388039720627,1.2131371745010064,1.659369813706276,1.6197088843614933,5.2114492057833814,6.825068713846673,6.985354256061035,7.301507032888777,7.4881196231991485,7.271265407746971,6.648921981226708
6.500645856496136,6.334863233972145,5.994542688480617,6.409993548585648,5.632403690836729,5.506870137884054,5.84711571416163,5.859886964280649,5.322218271304613,4.565012018887366,4.867647127761203,1.46568417484962,1.7395947036341413,1.3921184240698778,1.5276465079036845,4.115328373571899,5.1020387751708425,5.448053415313466,2.8020644262931493,2.4795310394204355,2.6872950061015604,2.215588669906483,1.5378352058754372,5.960772368837297,5.951584619524254,5.1887697992002915,5.928665339929909,4.473002446807292,4.779192149492618,6.550862251008257,6.682292826425856,6.423611162194947,6.1658851430708665,5.461505410542006
6.520234910861028,6.161735641382367,5.669417619220145,6.1206164021463465,5.304182023327309,5.459517130013986,5.760274106801809,5.053135716405168,4.368825358262156,4.189225265191775,3.507340942882958,1.4970190919810882,1.7065094100002072,1.1379890348288908,2.6743825887326613,2.993549030255666,4.238769122742268,2.267552700812117,2.724447804047954,2.6236491368313213,2.3785619394651647,1.5714465311501524,0.9469315559221864,3.787113510524582,4.700924937164584,4.606593651333051,4.110652691372214,5.497950728607968,7.098007485281044,7.129243996849568,7.215051133126797,6.664805964060982,5.676799775530325,4.545648274025085
5.813882916468109,5.484878261018286,5.510568681553337,5.430475470324818,4.845330760691884,5.039312355864733,4.948526126737344,4.390620134125911,3.6369706579058905,2.841900573548546,1.7619325678426163,1.079344896168848,1.2430700403155384,1.9990310662877528,1.4860388800682625,2.649503713121684,4.322880512265467,1.891094367413392,1.8431432046191116,5.423779066475919,1.6482737155718252,-0.9648814206678373,1.9863045552411986,3.435387789900717,3.902989712745244,4.632441878562264,4.609195558451073,6.632553432220738,6.7139395960706825,6.390877706136748,6.690353824556281,6.115818330385687,4.679050830567358,3.241695209784714
5.701643039304127,5.388697044181177,5.282559519367356,4.392360310889106,4.313608589370196,4.548509553288209,4.464371129167054,3.1423896964297153,3.021455890749855,2.043580740393548,1.191611714649498,1.6657055502161353,0.5832762383415344,0.9614022593127157,1.1712271150050022,2.435463246717114,3.25577329120121,0.4226054131563528,2.4392591795108247,4.757047295753292,4.67250273055161,4.740009540449945,4.481437725651876,3.5375023714248557,3.646081280390022,4.493570420669213,6.29970177138094,6.512069549411363,5.585018589538093,6.110872463743545,6.415318462901757,5.282538858731255,3.681438435042517,2.462891172480104
5.677883835250834,5.456823964108758,4.591989395268311,4.392330520659631,4.073061830968809,3.750721776872904,2.5747907854474557,2.7436128902429835,1.990441326024877,1.5436912046311184,0.364258234708981,0.18909795993781223,-0.22447243522508112,0.8056498465639523,3.5592887354506173,1.0765501633875676,2.8435799396102994,3.2836238679913876,2.4893927226655426,3.675777528304182,4.047300311690062,3.0143740770146557,1.4630096787628715,1.1274289192978255,-2.0795007862080523,1.3103988278408851,3.158383576751802,5.4641734139230485,5.762658571837908,4.481855188249813,4.804462702427546,3.6022345333255683,3.056463939933572,1.8055277004557182
5.549221539326556,4.879893354777428,4.199646313459721,3.935831794915948,3.647299092977471,3.5283949911996078,1.6882683601000792,2.664514517928487,2.0692939583967878,0.20240326307683257,-0.2652678616570472,-0.42411480636838766,0.9167300201873665,1.2462592769197423,2.5955729800348504,1.3620399998044104,0.3879930909721608,1.7505325128504365,2.9163522963277173,2.9757203788633717,1.6138978160231527,2.610455129243153,2.032436668955439,1.234823365400962,1.8738468783947624,1.4310173913438462,2.4110586492887442,3.7780781496851596,3.021227315320835,2.5899744753335536,2.697549062095058,2.5679241487262185,0.9921082588276088,1.5729407465744927
5.3301532904313,4.475379464507558,4.053439702195206,3.1409783747522124,2.644133867131221,1.241917483871476,1.0365105317226422,2.941230758825576,0.9097427681235021,-0.06863887021691127,-0.8783578622961304,-1.9480227624623736,-1.7303827209184555,-0.690207733431257,1.3805444909380262,0.8169381419618188,0.15616566317820732,2.4344840115486726,1.8512944807561946,2.2271645261203195,1.7276011175365165,1.1565086799936308,2.5510871473146857,2.7761970791312103,2.195167922349278,1.371882735913826,2.7239903794502265,1.8918826242649553,1.77233068855634,0.6322550440508604,1.6990491384973951,1.5104820398474021,0.25163132102617,1.0734146143666898
5.007004067074807,3.8929047778043415,3.441678517272324,2.06966473183292,1.7457325636710461,0.3176683743286481,2.6371835414273717,1.8053384871576383,0.15335931784054563,-0.2296928982769143,-1.6590117216934883,-3.3912287562282275,-1.1880771996832142,-0.5202308603497254,-0.6989659469115272,-1.4555438786225823,-1.1650062568981971,0.44554475895632417,1.5520453290587084,0.16106885756170605,0.3228118698672,1.6551445834724665,2.305413539011734,2.6596890752298625,1.7985723580904864,2.2532114883983794,2.957963438427638,2.2833258128090463,1.0758179855800154,1.0096171544813541,-0.46111863388163893,0.538270775052085,-0.5211044384022173,1.2328694417657808
4.564095138476202,3.2630300838505852,2.7547164818529764,1.5280988723815243,0.1245251137573719,2.8672047840555197,2.072515744943732,1.3451321056463377,-0.1050210046647666,-0.77411048139414,-1.9846909418312397,-3.6179219269594105,-1.8086666965956022,-0.31625669210118185,0.4116262981054177,-0.28912296565213835,1.169242754346755,0.7837152793704348,-0.5707960897467174,0.01229631676751508,0.20858074492349182,0.6202910701961319,0.04859260604514695,1.7880283822844734,1.3011996639971215,2.124873365501291,1.828357642677013,1.6110115676136973,0.7304687881313636,0.35378925477664674,-0.11847973805097906,-1.5244230634481915,0.4742436136346485,0.690134972745443
3.73276038756807,2.6702990768763817,1.6242068683035875,0.9625157820883071,-0.9777024050454823,1.6560989676994335,0.6911475737791145,0.1513542097016062,-0.6010413700059526,-1.2338549032950852,-3.420771138556174,-2.7289122381103406,-0.5667633448515622,-1.1387471352130731,-0.5892373062845104,0.7066191996899925,1.0514089994439675,-0.07999695246739584,0.4678134516069101,0.25790496812244923,0.9359283932679748,0.12758588461535364,2.4972794768083406,3.590694692219506,1.6079432233654998,1.423222932469769,2.508308311750578,1.2407893959031162,0.6181334237573027,0.48725232277611474,-0.3592382256364471,-1.240212411954375,-0.7710623470243211,-0.6606112307949285
3.1161018930514817,1.835204019701885,1.23600294069372,0.43708771876550356,-0.17806118543884744,-0.7065411994949423,-0.5836430309736036,-0.905786685598384,-0.6212637878705506,-0.7152201404533677,-2.086975516096676,-1.1786141317789989,-0.4006583692931295,-0.8457258652010158,0.7872694669373919,-0.728398315414762,-0.7631494046894935,0.07468190713414292,-0.918332420789114,0.2259238434710403,-0.6607382765968809,1.951577564090321,2.4616930961717616,2.1797523527502904,1.0322280042413854,1.921327806241061,1.3639283277177716,0.6195485747060001,1.4041281163810717,-1.1490193734593346,-1.2750600138674886,-1.495903810542334,-1.368265262024775,-1.639325198859038
2.391503433496207,1.569939025238069,1.0827584230159308,-1.8977312651038403,-1.7522103929535273,0.15086495317604168,-1.367202579290236,-1.6478873514745929,-1.652316013560729,-1.072099505158911,-0.9081194054625508,-0.8045950119063188,-0.4802701890729553,0.11944196134232912,1.1247516307849978,1.0248830859096763,-0.12331200201232666,0.8046324562313217,0.7983032588081492,0.8713742244952024,0.17029323260651413,0.3707046140836729,1.3241576876711363,1.3555521517417817,1.8867455768117167,-0.2367693677358936,0.41715465342431163,1.4644530755027012,-0.0052317888128919415,-0.6935719438882086,-0.5549928301440255,-0.8995544654078563,-1.8529462352532442,1.1323160051420968
1.1531916122964165,1.1773785717625096,-0.08495203841561197,-1.924114863545081,-3.2615241351045134,-1.2073925565340176,-0.9851130985666784,-1.6413474262410184,-1.5820808188627344,-0.3300062439227742,-0.5902347488660877,-1.4613683761690353,-0.773386295705726,-0.10333869180544811,-0.8955176156035188,-0.6422098681257846,0.1974830649122782,0.8033358464563501,0.07644538160690684,0.5140304430751812,0.6893142677862029,0.9981115038628473,1.2525109036359305,0.592339281113837,0.04310431615778716,0.6226637326082363,-0.010632782314865034,-1.355707360408325,0.676543133975362,-0.7152707585248574,-0.48316055303712513,0.5860260871307064,-0.30167862758755726,-0.40394191195548335
0.2775729577050787,1.0278443328636009,-1.668853030116635,-3.0560173093190115,-1.5856495983100265,-1.939670781145554,-1.7933390233335198,-1.7128730021600733,-1.9394782770753785,-0.9707545794246155,-1.9561604904126786,-1.574070806822368,-0.8208273494550529,-0.4538285268783841,-1.0306999486781658,-0.9248354538187543,0.4133935986465086,1.077316151659529,-0.08732214823795156,-0.270366364831866,1.031599669147824,1.1995037884711994,1.82901479550534,-0.23927558439742094,1.3326886178938226,-1.0852065458609859,0.13841913443209364,-0.4741308744187675,-0.2509844506902339,-0.805832993737266,-0.551767604785105,2.1182648475886867,0.13680237433545586,0.06571827572547317
