script/wind150m.json
{"header": {"parameterCategory": 2, "parameterNumber": 3, "lo1": 3.000054539987559, "la1": 64.9999836372058, "dx": 0.5, "dy": 0.25, "nx": 34, "ny": 52, "refTime": "2026-07-14T19:00:00.000Z"}, "data":
[rows 0 to 23 of 52, columns 0 to 33 of 34]
0.6564702545149179,0.44890933018720314,0.9267604838266928,1.5327075802729069,1.5952206609617914,1.359074038355764,0.9696366646560213,0.7277942753211384,0.5226751432382643,0.5567536213275458,0.8935333097214284,1.1514193281496572,1.2974586435900173,1.3463684704676315,1.1562584883013582,1.5663087925340116,1.5767728407666632,0.3509283111074327,-0.18048725774533328,-0.145767414189161,-2.5081470797881993,-1.497629790479724,-4.438388360351679,2.1515611283871983,-1.8860430959888956,0.05905160443914856,-3.627735393258664,-4.325728082103262,-3.7197127062185804,-4.48804825257737,-4.062089798493308,-4.797356112813471,-5.078578271757897,-2.745367526663092
0.49964720817702335,0.4958956370126646,1.0141126533820863,1.3718814537490083,1.176105571265533,0.899234916490593,0.7361754782988581,0.5856262391800435,0.7418492072217677,1.0023141483467009,1.15772989032162,1.0606496330599464,0.9228764776766981,0.7796045657895257,0.6957634560729332,0.7271911094327237,0.5010226266121348,0.2976205616255365,-0.038337847139772716,-2.2960850614618153,-0.28981796091683965,-1.5256828415648194,-0.30512196591116997,-3.0052782757483567,-1.8593531156875849,-3.2155459064480527,-0.5347686730519828,-3.167648105548886,-4.629048040883239,-4.708778847286291,-4.981888509789752,-3.2884045648978177,-5.981980075408476,-4.081468964166566
0.3670568266979512,0.21683716355335003,0.34211384410259765,0.2657154067622245,0.19065395865017293,0.13849068590447514,0.1755106792219265,0.32577179284938074,0.40053144856980055,0.38285251634881856,0.22512753692312304,0.0790729753685756,-0.27197122932634044,-0.21083791111929412,-0.16218692944712737,0.28436727753378194,-0.09005826236907445,-2.9244032457810993,-1.0609390017106046,-3.914770996305174,-1.6756950636140573,-1.9380967113796428,-2.713830970410499,-6.154543963376944,-3.3385730572956906,-2.7118027036379506,-3.1932505297738936,-3.433895753688018,-3.1925811015223515,-4.789954450537935,-5.573141541917908,-5.540164600294616,-4.2342480135459954,-5.028112410890445
-0.27861168101183426,-0.4256483567051963,-0.5804379509447142,-0.6014083304003017,-0.6916315316215429,-0.6989170701353404,-0.7536849103647294,-0.6541428008038918,-0.5116586879842739,-0.4573305975262968,-0.5540741223848986,-0.7577573154070728,-1.0691117564629622,-1.1024662940036365,-0.586775785542377,-0.29410240519795483,-2.0119337409356413,-4.040261916508702,-3.979723113551726,-2.466851189655128,-3.2201794497710643,-2.984110932562553,-6.033314351780882,-3.5928486071269146,-3.6340959247242473,-3.9803487704320846,-3.271992447177715,-2.9082164688472965,-3.5643104159680767,-2.621943332469349,-5.307433920807061,-5.476869949432333,-5.943410386489258,-4.253279878712892
-0.7449016695220003,-1.170253165217382,-1.7076982315030476,-1.5806075308907217,-1.4849152568881738,-1.1817402392896483,-1.1041449088660074,-1.0953610147999402,-0.9273020954195415,-1.1411769557581064,-1.5024059204394071,-1.812276788518646,-1.9284232339195673,-2.2602778772152226,-2.48256817054174,-0.5597993292288584,-2.3877802221003273,-4.474847807150704,-3.739262121995652,-1.8301080407003385,-2.6337433931943277,-3.9120782225541273,-4.7144907403932885,-4.359145982681171,-3.1382859482310383,-5.875924682316298,-4.686837944871579,-3.325076168407397,-3.77077958643564,-4.05353593032504,-5.054246290378784,-6.736368199476597,-4.944857306865462,-5.923341665824395
-1.9040526062429486,-2.474662967465747,-2.6472020417152056,-2.43170047129174,-2.244135012184618,-2.1972836631405928,-2.321684780666149,-2.0800867880846456,-1.6745391698404894,-1.716606643416369,-2.1219094397474283,-2.2370910155030317,-3.3786733042542854,-3.0197359416450364,-2.4586239693560326,-1.1865316443771785,-1.2357242703267506,-1.775732142264878,-1.6910549756018725,-2.8178492852041472,-3.4239553456619456,-4.848357248020912,-2.1896481109881023,-5.100286958171129,-4.019319279973845,-3.146394724533317,-4.509678940759721,-5.514763444118696,-3.9812473000253856,-4.6012030007558655,-4.0239796014435845,-5.456964402992565,-6.999835743564091,-6.219748080547169
-3.7009942011935637,-3.8057712802442945,-3.652022997437837,-3.6396424924759474,-3.4461413797258698,-3.2510847607081903,-2.8886859180031754,-2.5568727256065324,-2.509756913861662,-2.6895094336100422,-2.831418242085676,-2.352318222012146,-2.2985192212608347,-2.1030401626849176,-6.527089748404892,-0.6608620125069521,-0.35219502779215206,0.7738778604376648,-2.458995279496943,-2.8528630535299495,-2.740852459191498,-3.681487497139169,-3.12593298421689,-2.757800043317371,-3.8515760109917867,-4.988259685392238,-4.044141668737969,-6.11162104659563,-5.635970456299299,-4.593265749787156,-4.15840590439148,-4.539789276326735,-5.9629930025585365,-7.321858103521538
-4.240160951098772,-4.170643735538455,-4.101481880233774,-3.8889434981408675,-3.679419832776339,-3.5190320216886524,-3.3524946973385217,-3.37656890337421,-3.2209782774750244,-3.930477902627101,-2.118983651023914,-2.568407496546669,-1.9051299470651941,-0.4923213159057128,-3.1576937570898718,-2.4967296443412983,-1.5888964436270783,-1.1540860905050112,-3.2279341037540275,-1.8479797449623676,-4.485564899157208,-2.9347987094953196,-4.438602172789925,-4.426700180166455,-3.0017644699124806,-3.1006886450437783,-4.851634129785725,-4.685648579125304,-5.165386808614866,-6.212136036642104,-5.685052335213767,-4.28090178558984,-4.0403186128021025,-8.884614996284416
-4.110128968497203,-4.007457211939394,-4.069188482476027,-4.2590999042027295,-4.241113056085048,-4.18085651178312,-4.160958103238735,-4.595817952850006,-3.914954337325171,-2.0560893433791922,-2.882407188983268,-0.8447601099377442,0.6721991417773326,-2.326302923812912,-0.8990851836707352,-2.38458445776188,-3.4815450535697505,-2.490559517428747,-2.1303535071471758,-5.554036018211384,-4.178945637908937,-7.506462181599828,-3.7872128534932643,-6.4743274079796675,-5.109635226895794,-4.484039602651827,-4.558734436135277,-6.02830730354471,-4.7178249218019115,-5.552257556669643,-5.329084405422942,-5.10913728316526,-7.009804229165817,-6.95546698919436
-4.515050500608694,-4.671811486850928,-5.034314417051473,-5.153527467944774,-5.320096176768136,-5.075344373927977,-4.820100928655583,-4.978751278630626,-2.3311216291575505,1.332840529883925,-2.614549870795834,0.015497191359185938,-1.2518186400582065,-0.7821581600834057,-3.238359714562532,-2.488989910771555,-2.4797219746100554,-6.692385214956978,-9.35186775436112,-8.014257517845962,-6.483459981495236,-3.6155919591963075,-5.6504999205864,-6.255695763293671,-6.804202267203898,-6.360047656798587,-5.156401013364585,-6.428130150258286,-7.229354311014754,-3.5467525852620403,-6.925496274143282,-6.568300470009777,-8.673634813175592,-10.113289177641706
-5.256276871395442,-5.595167246083768,-6.154722631478724,-6.084815321528449,-5.790443168378194,-5.57340443012929,-5.055160840420614,-1.8618776439575,-1.6221889868626207,-0.1921994265057068,-0.19314407642767134,-3.9439158243903023,-2.5749613850835646,-3.252212365823311,-5.246392170743136,-5.020974387063905,-3.8676610677549688,-5.493226983703011,-7.299678641053395,-4.972197263007685,-4.523975637399207,-4.555877450855562,-5.3591301289678395,-4.149052868603983,-5.932346055656546,-3.493079062869402,-2.8667584481003137,-5.266898636458289,-6.6157624841806735,-5.087059672867282,-5.612991639308794,-9.104720535922707,-10.154909144873129,-9.353115778142362
-6.148512930552105,-6.755978527629533,-7.05489963938012,-7.337015240649767,-6.920615849012208,-4.9083815977477565,-2.4286341682886805,-2.445837646524866,-3.0417174201634563,-0.5095111649931084,-3.19239034915512,-2.4434729812516904,-2.9885390992970677,-2.5506466646266084,-4.928649672182284,-6.673067232778236,-5.358531477136363,-7.190476377914541,-6.956740024119354,-6.325255337006053,-4.34948425339843,-5.230012708586282,-4.644003369419945,-3.8452856596493272,-5.147602857172983,-6.171106075756051,-5.903052631869746,-5.134192374651011,-5.59219574103724,-6.38033227095236,-5.901869525925108,-9.282277374813313,-9.877675932004918,-7.534363941297506
-7.820921900087553,-8.655556078958263,-9.635509548468633,-10.89455330729738,-6.266982146491958,-3.287922735090998,-5.14109487933406,-0.43379870099478945,-1.4203310175110195,-2.7824422967566624,-3.1297519944121466,-5.07524533283236,-5.803289816737582,-1.8637406994950303,-2.5491128510519676,-3.6586898733238984,-7.140109051960046,-4.358283581440081,-7.986056286655063,-5.3471587350764365,-7.485268337672402,-6.3784995682303665,-3.3753049346080273,-3.942652761972476,-5.330352957242167,-5.453371976413543,-4.901159623564686,-5.112575194076378,-3.3191964564499474,-6.467044957494987,-4.755059730409111,-4.296459647045166,-4.921326393174157,-4.0071840425494765
-9.223525864287076,-10.415532157426659,-11.869467352168087,-15.290117254883326,-2.270227872689028,-2.039011990358677,-2.652501797920679,-0.6687524620886333,0.4674568791910825,-3.3771502646067457,-3.2688669937208252,-4.297971345101167,-5.314556875920938,-1.5156844617599978,-5.449779102271416,-4.310479934504097,-6.958921566457391,-4.971380933099854,-8.045677220286123,-7.0471217689858845,-5.9254843980428875,-6.602057645553079,-4.525900918212071,-3.4475892287045,-4.50577247586949,-6.098887368294097,-5.719531508937955,-4.9949517967083095,-4.054538372133564,-3.9709760299379897,-0.6060801833350528,-2.034384223476891,-2.060045847148377,-2.1218318901987905
-9.942433263183698,-11.481845725259205,-13.52712374448119,-16.28798490628257,-4.289941759645765,-1.200741509531478,1.2547106040826832,-2.013012053662498,-3.4729155991352965,0.10653882525944007,-2.2746219230406557,-4.646339337059029,-0.4801998382589107,0.8269270752570311,-2.58493148460723,-5.7916290922640945,-6.488962916025656,-6.220128229386708,-6.537589295434593,-5.343299249877555,-4.342581164978844,-5.760264239240673,-3.084720447171809,-2.1139429120780178,-3.288231024273741,-5.835587115189407,-4.149671499476946,-5.222624003157168,-6.049299159512792,-1.715533197889126,1.2622659291044636,-0.7423834629398104,-1.258397165077443,-0.8249568897075971
-10.519609892369562,-12.194328012610084,-13.900226068065217,-15.646006150455742,-0.07355152982936145,-1.5503613583200084,-4.563769614068054,1.0378632623939217,-0.7697026437999214,-1.8241031699478785,-1.7716146286382433,-3.6573457514429846,-1.0690680797736856,1.400589509443391,-0.849317414737461,-5.911464540053006,-3.3583789213507913,-6.615760202658094,-4.6734502271902185,-5.78705231076027,-2.3423566423105964,-3.4596102565043494,-2.185423374444955,-1.8037883938622692,-3.105453323298786,-6.936904883643032,-5.889507481098206,-6.4389640693400025,-4.770711142645266,1.6851681823352724,0.3284653198399545,-1.1043906359110909,-1.7604078254543238,-1.6262960329830978
-10.570781284002226,-12.213640274798314,-13.728908660662931,-13.21956603628458,-4.288714020232332,-0.9595529481854973,-4.362609400055858,-2.063711912802026,-2.5148972342362423,-1.7477674723720067,-3.5412538200163017,-1.1651637414155416,1.542306221137378,3.2516698577447776,0.5133964912526529,-1.2965519963266317,-1.7099139891506614,-4.061791400600145,-4.044998277425387,-3.8577192777662024,-1.1337902215136606,-4.638171457189818,-3.4985847179490133,-3.7337233355275434,-4.35786655403933,-6.073620314286688,-8.410235267215612,-7.619979052509533,-0.10297887205392638,0.5707026641879371,-0.33130817646385863,-1.7314546465571146,-2.2585205990744033,-2.431123508688732
-10.412477619883553,-11.796350734956055,-12.731851557776087,-12.96900782584204,-6.07862126673817,-2.3805810624799504,-3.184462077536403,-2.541680621929616,-1.237998986186597,-4.761787523217833,-5.973949623471892,0.33771955028107814,1.600583708079534,3.0929285614212083,0.4259992915725857,-0.295869023689823,-0.6145584812044079,-0.6235157862630898,-4.303519263561276,0.04573058916911319,-3.628842638314378,-3.883324769776679,-3.2254968470429053,-5.956977570543191,-5.301665048841413,-5.724047400996621,-5.789256340416688,-6.293309999998948,1.758722932509216,-0.8143410081685875,-0.678010969418034,-2.0256182367549784,-3.4418152075917394,-2.85553706772144
-10.418064420575876,-11.27563382240216,-11.741960522155772,-11.646173499420755,-6.146338653059509,-1.4768922437603291,-2.876686271891821,-0.9314096084322573,-1.4319891060214263,-6.94725155658689,-1.113205001748223,1.3140420989766974,2.707223223423641,2.148045074117475,1.0011597523763225,-1.4762093319323935,-0.5181209611413917,-5.1096663143892425,1.3700945779103313,-0.7092529753541323,-3.4476503529616225,-3.8857975383035352,-3.705649262903299,-5.067919817241589,-2.0669914808141043,-5.330703556470225,-5.527757065045223,-5.835961405587865,1.5241559866159118,1.201668807950054,0.1828533306332403,-1.2335353877932533,-2.9553909811092964,-3.7150432606473287
-10.190828148688526,-10.897922505822333,-11.287963827661194,-11.554519818559212,-6.10627052368334,-3.8946721845947634,1.0945880217966462,-3.364491900360178,-5.143480317142307,-8.215058979738597,-5.606004184808899,2.6343480212658954,2.5049912295502934,1.4042995936194727,-0.04826790274247896,-1.2053121116845138,-1.8154546467749515,-2.586795100061191,-0.981098788107371,-1.7348336206327397,-4.305006479613459,-3.9228017395627455,-3.342516818746733,-1.2674726252112656,-2.70961850781307,-4.348739197041864,-5.536343798751162,-3.7953106261973706,3.065843645356273,0.8893489192778764,-0.34079614893714855,-1.687005554884,-2.127229765242265,-2.850497523345226
-9.741836409786316,-10.310093564530082,-10.884309984741531,-11.218240883411122,-9.41223245172901,-2.481976681887972,-1.3489872874671802,-1.9911929143572324,-9.092821569794843,-6.056085479305056,2.4808735513132136,0.4304471196005112,1.6207967310385265,0.003858057455081917,-0.7357712708160254,-0.9665250071554738,-2.7918590707849567,0.33616451843972667,-1.6869315891405772,-2.343402381826087,2.9880093123652793,1.5402429707515133,-0.6028694316591077,-1.8588391364041321,-3.986783975688971,-4.973355903227449,-4.107119193307468,2.8763582842585445,2.223830360564443,2.8327802128604676,-1.0393832953369433,-0.7128699689192922,-2.2170867866381743,-2.0563712014638575
-9.881231378924062,-10.030842431397014,-10.417095546110547,-10.65352616131486,-10.412345972579976,0.8433459864735927,-0.9144903592816267,0.1785690303111955,-3.779442505365539,-4.441804729661141,3.905966081683911,2.1963050291887494,1.8005134689551514,-1.0556923852255413,1.6750100374845371,5.093307432372019,-1.4771545993231656,4.038988483255119,3.2749145577672096,4.281285818922431,1.8144250532385369,0.4967913704701585,-1.857064551298256,-2.840082776540997,-3.639198320989226,-4.277363280413999,-2.011456332305311,3.2314704201647135,3.054158831342272,1.3982274525371396,1.070188340899828,3.636232022354422,-0.2617356259763337,-2.976901785204518
-10.662875947384785,-11.064651308457549,-11.242540050416286,-10.65831691038924,-10.634093707437646,-2.8096895543715275,-1.982657048523315,0.36324075997003125,-6.918274815930195,-3.922535616677433,1.5900675632884311,3.1788881947919596,4.4470276254921774,3.373866237156141,0.05505214618190088,7.348569792903355,3.31456479814619,3.1403490840069157,1.8451067924519746,1.6333963559840146,-0.004780479289253038,-2.0428097689399958,-3.526714816968582,-4.703496923875485,-5.033950292871028,3.468245528583435,2.903272596183204,2.7930584106558825,1.4901796466512587,0.2404884640132491,3.421701034454646,3.068859176660622,-1.6216648590094989,-4.308940261990212
-10.767172049390329,-11.097777007674253,-10.51191214571818,-10.018900105793152,-10.891671061316696,-5.177515647375218,1.58207015039417,-0.5931499858491085,-5.052223552370518,-3.0768717283107208,3.6861081451655386,3.4402416555859934,6.022692543971927,2.8681348194165657,5.101103949979819,3.9618065062651984,1.9014049047012516,1.6436266863904323,-0.09473337397811414,0.17713174985632274,-1.1825248516718114,-2.2468554145093274,-3.9169530920450084,-5.081704195710114,-2.0974194214780635,3.1105200515424976,1.8836363606539726,1.996556471641491,0.7522798238986024,1.6504112560970063,4.500745645197939,0.8317320683927061,-0.5840929934051253,-2.020522312803979
