script/wind250m.json
{"header": {"parameterCategory": 2, "parameterNumber": 2, "lo1": 3.000054539987559, "la1": 64.9999836372058, "dx": 0.5, "dy": 0.25, "nx": 34, "ny": 52, "refTime": "2025-11-28T17:00:00.000Z"}, "data":
[rows 0 to 24 of 52, columns 0 to 33 of 34]
8.091671934358994,8.488360979491578,10.271785564553618,10.704963670985906,8.915495379108746,7.887121862818213,7.467576264144174,9.593022672996344,10.065699241159525,8.274044257970502,8.04938359237723,8.517098089048764,7.310515635307048,8.034618743848172,6.60470697012758,3.3372806304500804,1.4179539249010447,0.4164111824846697,2.5144077616060314,6.922632628412571,6.352013609605892,5.203292517470323,10.614755105527651,6.775654169384253,13.706274164236467,4.220555890349413,3.5881918095426997,8.643614171449382,8.615304655041651,10.790042611744894,8.401848523556716,8.912195669682955,7.697102929823759,9.733896451262874
11.273359437213456,8.881120483301135,8.877431020847778,9.752629795278427,10.48015016199414,9.207945541448545,9.798543963331978,10.52033204990907,9.080991525153268,8.936600971142271,6.0473177614359805,8.530534170427073,7.932421770326141,8.001108925872002,4.821090033013755,5.122800552045902,2.9899577959097154,2.4321871234029593,7.30946489492859,8.786101363048914,4.353648324315125,5.799100074144072,4.178459194173721,13.920595018264136,2.741119023209124,-0.18983122372975167,9.72437052445586,4.513646194290139,4.7802801581848975,10.730945411720363,11.06020483219524,11.35058081418666,9.380554455145708,10.095938295650889
6.767457522477468,9.37947653957063,9.082325790661677,9.983690291899352,10.738501047926386,10.482999271197382,11.484683164424077,11.22243573160874,10.500642983037842,8.282799908323426,5.989084425944287,5.5955422708244,5.323234692509083,3.041160555030817,3.226444499219032,4.086664489737306,4.227263688289183,2.5997050972098017,3.326991999315463,4.035794331507063,8.678304422121114,4.869752756508863,7.480056278185474,8.439587168497823,8.534797303550247,4.819234764799488,3.7963800474228626,10.11395638043706,8.311992851129569,8.822291882472753,9.999418260200626,10.081636674195327,9.75394545299497,9.139923707074576
4.900698262376581,7.064682542710771,8.822179623463276,9.615083929342255,10.707438368222862,10.77966032019162,10.583893731248457,12.021022262868634,9.060023581068837,6.7905067396454415,5.125653590791912,3.1330399630307744,2.7035551457241587,3.1100758084117204,0.24926064262572806,4.541965817159135,1.3640019294746586,3.8555640730769967,4.3321077146002915,2.042242221587571,7.649681240219413,9.668254305220815,5.054200074609178,10.757308970724697,6.9716808429763235,5.503981091995207,13.97357414404517,5.6898732420714655,6.867715019402328,9.370619618834933,9.740067308935183,13.86539044022405,10.779999461427048,9.102887965015476
4.951413744443887,6.143334018155637,8.666517821857711,9.197939043113074,10.222145878200468,10.980201051364089,11.101817923960999,9.003688396084483,9.435778707809128,8.593652681172617,7.277705886591502,1.8020034455156129,-0.5193743429999665,-0.16772441682713185,-2.3622560736566727,3.248753645114499,3.980192496799993,2.6352907889433075,2.3113154286581907,9.29176990126857,6.262151345846949,11.787881921957384,3.2607948420320416,5.928502514509761,10.683799583792107,7.95169869056081,11.487859196916416,5.567286734146373,10.073343099304443,10.523041135213214,11.76867912148349,11.035131342025808,14.307711152576994,9.728349726256772
4.556510530740523,5.482526665209675,8.186795837657588,8.764136859134204,10.392519918434765,12.915498563254156,12.903883831647752,12.017094413632186,8.537857989421774,6.692443978405034,5.446850554773905,3.859316931150611,-0.29096372920888586,-1.0606058268431169,-3.1366635522999515,0.4191423327066141,2.5779029984371014,1.8812606489303436,4.328157297519323,3.191888210959787,3.126507699956338,4.922614934505928,9.062923958796025,8.29645540117485,8.227503657233976,8.509659368628608,9.906713873977845,8.543637252360236,7.314670500310644,10.94384156509818,11.16312999827917,8.323907199855164,9.915194084662057,8.169371969743636
4.139971322430948,5.93480326239696,7.46955495032763,8.639545570943662,10.182722914087012,12.654094915001288,13.814256418458921,6.927294428354294,6.984654557158373,4.539822619075861,3.9379975687083024,4.262612475351627,0.19828793401718,0.43190605110612623,-2.9115928556893103,0.1926953915720675,0.668759043813126,4.10639082645973,5.509247268544281,9.863735123437356,10.279856875163997,9.05460981861902,7.5479761087751776,6.4510020038486955,8.71418017582948,8.790077606748929,12.116073281184521,9.025964542086086,7.977395202285764,10.32800027139122,9.013082718302652,10.814501127328901,11.826522978538167,9.051061600344385
3.4708452872377107,4.638024623438294,7.206723332615681,8.30319608755535,10.246989947827137,12.360194686767946,13.556641160396104,5.118112777512951,3.8261321568348508,5.036030116502356,4.272540537242158,-1.7207716224000742,0.8777236858663043,3.4343901853418974,-0.651758162293978,-0.25711836203599964,-1.8277786567823153,2.683585225908719,5.9151683884995,7.458300787613083,9.672190683559325,8.4740788142554,9.074301152536739,6.667523951945773,9.040952447188834,7.639663619196369,8.01269822581794,12.360765216679283,7.920298849666051,9.889973789584797,14.340262105150135,8.871942439808898,10.060417990214017,15.431708355217406
3.377869839506433,4.05014179754532,7.3461469141301405,8.46355376773206,10.35299862115021,12.639092412739643,12.40855543108775,3.7798710609497874,5.519759618939702,3.2097178787897582,2.0132705446525856,-0.04254805993858234,4.575424773203013,1.9246808909578144,3.31795714367249,-0.03058901080862293,-5.233363910306847,7.836409535541193,5.865082655455604,7.590627692583026,11.386314206361282,9.102208944062598,13.5991768291675,5.050684381474884,8.561391674487918,9.248366785319075,13.639862172257418,11.5429519119619,12.321096547470164,13.489386128638062,10.894244439143414,11.265754745534426,14.839566824167306,16.806827754207067
3.8296890937107246,3.9800480426141807,6.392075688915194,7.638616102600942,10.954394722615454,10.289059695530096,6.241506214311007,2.763098335886342,2.5441618795460528,4.8330653583331875,-0.2070626672202576,-1.3277954422898481,9.398831444994272,5.71120626339377,-1.2389265293905172,6.990803213292985,6.203725034376337,1.10660171782432,5.235610299137194,4.597615871229452,8.915369893279317,9.1758462462599,7.357298535264566,10.990650101460412,10.318885532044531,10.520337657573025,13.759011180694891,7.748831318565046,11.141321404571661,9.490623565019394,12.705198728418571,13.501859138738954,15.993186456107491,17.860553281304384
4.425662932438168,3.8487070420222365,6.3262402624475484,7.089762794749471,9.166415863374036,7.747493526794315,6.996461355936815,3.6699432818611553,10.687388399076248,1.0788416505587977,9.860768472365692,0.7843090149419528,11.227593728678421,12.39557291862661,5.800984870620107,0.39022708124025063,4.893294773812845,3.352839580204665,4.532492917509178,8.933220250277344,7.804418122885523,5.659190612095304,10.44312619775412,9.086507578575988,7.955090108842479,9.961508862933394,8.89336067625502,9.133694995098269,11.54259223636519,5.661668555931627,11.5929523468839,14.522337502469536,16.514249619680722,17.75104200623459
4.898601379747218,5.54075156446313,6.924304969924537,6.801604436973276,9.135929547224228,5.238855164732294,2.2311459195177403,2.4166476609272913,2.2543412385334918,3.123685070046593,10.61899434166273,3.6183600244495495,2.2022562365712983,4.247887855209305,9.842087657781677,1.2172946780696265,1.624470551947804,8.182155357844474,6.905907638803331,7.780029442262135,8.973694022539654,6.78893169840808,5.37547317140832,9.319582822771558,9.33715426435942,8.587825081175493,10.027475901907527,12.115180100211973,12.91812854703186,9.134689856800264,12.744469219165984,13.967484783222051,16.1552900882892,17.908801782409842
7.423361476904046,5.313906165907064,6.460348212212907,7.239326787749447,7.7992458474899005,6.78381580743672,-3.741477677141034,3.6626802939843053,7.003866638410914,9.841869308795184,6.900337053974446,9.996054612354389,4.875435102247854,6.6617583970807495,2.5815252534929156,7.375358471615274,2.4432397508445707,7.494409207252046,7.829458011817411,5.709559662427381,6.143700986826177,8.401635663574453,10.019139188274348,9.22554048041673,7.988206042083984,8.855688051625693,8.904344779195167,10.296741265231672,11.257887565911439,10.85186965894875,14.358117626527255,13.903058361845265,16.31199533865211,18.161789917781135
9.500695984333168,6.915803977482382,8.069718256018762,5.793176031341725,5.098779868152597,6.405166587780713,10.716970427197465,1.5568478820845406,7.145650092074783,8.164176640869412,11.944099199576355,13.083142692770595,-0.6604484923011016,-6.01910465067565,3.7557118220502193,7.880134584548248,5.927170955079417,6.303911094166243,8.561163050147456,8.910473818956175,7.154432694135958,9.784740195546874,10.515539673636448,9.927675434320015,7.28631046725249,9.614220221869346,9.934780859705702,10.331942731220167,8.99720771044607,10.243160373022299,14.191610637441336,15.370453885836701,17.13641489129902,18.337336201733812
10.409456974595143,9.139429530077463,6.858243276427022,6.4272700092222905,4.797519616687258,6.138001708462061,1.43902595333914,9.025155860777438,6.593439214741108,10.221019577591587,5.592806966208037,9.762818396305452,9.8244567525477,6.839987622545684,3.566709177927279,7.768112443074131,3.7166711129117895,8.415175336270718,8.793960622565885,7.791778158116525,8.293840575755674,6.22414071449938,6.202258623817737,8.92914179987667,8.329039749878207,8.831115002622427,8.544669007074438,10.483747043774569,7.818342249584439,11.0995432436969,12.817683974431551,16.783352669232528,16.25161344339147,15.684606442321575
10.972121866953877,10.165774573031298,8.541503483335608,5.506914062093623,5.084165887913674,6.8026806039731955,7.338707879434883,1.9027906532737224,2.172254001059817,7.131449389050797,8.629862061512158,11.550841942911411,4.068653077284226,6.9050484180461265,3.16948111229163,4.983081580958263,9.266198120400176,4.02006674082277,7.786265461028863,8.109947109565686,12.539839886117818,8.289705367514495,5.726242930181729,7.33301473417218,7.329673499571783,9.131525257373836,11.577832530805491,7.918140461354185,12.217030544062458,11.743607645337534,13.367754315330718,14.135850392366782,14.284353587647848,13.15039611597655
11.989520467766008,10.43891693429033,9.531568380526231,7.452650110310304,3.9935808632253345,5.1474988269300495,10.386140630408384,6.491062427660824,2.507929243962067,13.282074896600902,14.450879065377052,7.335036065685367,8.062667933546335,2.9573015609516706,-0.03029444954098151,2.558094001344581,5.196390647405706,5.249363040096762,7.543385818444125,8.591737478316855,11.587963808139456,7.925327245042314,9.043216721458242,7.79485087173625,6.460853122581214,6.0328700706522,10.479722902588312,10.797718340768384,11.160560314626997,12.337948879940631,13.923308139675127,13.283876800771608,12.437974117635997,12.911512428137542
11.941473345367797,10.973868161091088,10.150440864902569,8.229917289404005,5.300468802623931,6.105492296792657,8.969577316702852,5.694681183975417,14.299418804528237,16.33192018342171,7.900505637323683,7.38468245917399,1.7184137774764758,5.621863177477242,6.136208394902935,6.007165636700332,5.897462772003035,6.551992184048859,8.346409615689442,8.832537811524965,10.333687910561235,9.463054127326778,9.408491139229179,9.287992235750169,6.577707523128844,5.418191842986385,9.639471941581563,8.630800805157387,10.328576407252896,11.550510621287597,13.640054709342381,13.6260337217118,11.248098344192892,11.127277826217
12.58295043703493,11.928770306359075,10.985478594171822,9.500951692696098,6.085531148057188,5.91556272932569,9.809937174651056,12.909246778986782,6.85288100482513,15.572322906337185,9.6573380355341,7.366925445043624,7.375036244134262,4.805544025662872,3.8348111166775185,4.87632583907795,4.925566072752595,6.808347940832781,7.691882489962145,8.415086348277939,6.8116337623030905,9.845375214741566,9.919497239043976,9.918890046784346,7.439939321417462,7.373084652865867,8.511717782050837,7.7593144633052695,8.468891248845484,9.490723976127246,11.751795749030535,12.757371412381273,11.37519776870564,9.749732525415517
13.54045816170118,13.1193484167789,12.821146502613056,10.39931839238232,6.58676097309916,7.305881264693319,3.67102184023023,19.418632896080023,19.039928026289918,11.731100464626131,11.875636198141134,11.231985683703666,4.640069224877794,9.256267146616258,4.019076373592233,5.454215667030107,4.837881660958219,5.664420736988655,7.342257237534147,8.00789002104188,7.0517415680539255,7.236372413437327,10.95145444229873,8.744090180171277,6.994389102816447,7.44577461027456,7.147733742014871,7.271458988462818,7.443433969658032,10.111650999246871,11.325915594703924,11.824910265028242,9.320611487415691,7.605760863947687
14.235105018581947,13.506363770348054,12.44963103639151,10.254752907488536,7.235815465347442,6.805140430300479,4.3103194087783425,11.735561675886995,11.047245193818007,10.651523781581295,11.193794030182907,12.509440657535754,8.591427047395037,5.420122077728199,4.900125546337172,3.991398174303693,7.096339641883995,6.9613104741909355,9.135374992035805,7.798047210810121,8.914461319033792,6.959612221327568,7.191947249031872,6.506278629181713,8.104930844153783,9.548423627859917,7.094131736710746,7.878240502497706,8.472139666711213,8.479736774854281,10.684093280736532,9.685208818642137,8.854811681844113,8.6297960375892
14.495293098488824,13.565505489057694,12.724041928886741,11.164795505197638,8.20285464706929,6.756020862131424,7.661603232559726,8.392001932658665,8.917072702219878,10.659719185255373,6.509434715770198,11.049646327728786,5.062711743304904,6.7968355354519865,6.428949799955954,3.9290855170690264,7.993443413462564,9.432176200971583,9.224095959378523,8.512212681835614,8.411326830553465,6.0631132242843035,7.575879522760494,8.863487481015083,8.94606186150368,9.292712869763413,8.068788775862679,8.3353202741824,8.55723739862435,10.154009766630836,9.208864630179226,8.94901292467161,8.92210008246803,11.016741595892082
14.159629254943384,12.384784351351607,12.454161763246345,10.989336436102866,9.572035872586405,7.075796095818723,7.213261283566918,10.617134506616898,17.32336720991206,10.824467547096607,5.6553291001441,9.41951939380614,9.217970024759767,9.969526398496647,9.389356607133802,8.27154377682884,9.477397279576664,8.920212778113033,8.864810960047345,10.681624576256349,8.954913930182613,7.027094980415163,7.998945230705185,9.523177563556679,10.991202911018346,6.296461492700711,9.601062384271827,9.996502036974329,8.64652333219222,8.984080205394255,8.108779064737563,8.928696230188423,9.42564781570521,13.60477361015928
13.90708167154433,13.016700295069176,12.230598332935033,9.989132989981213,9.33254360142343,8.383225296423065,7.348416143175004,9.709519909874814,14.619341415718488,6.498488391445095,4.981045599366421,5.920980358708828,9.196073435171813,8.316952561399177,9.328301372676759,10.296716363432695,7.551515523993486,10.964141661946785,10.350379546553947,9.942104378987283,9.442314126203167,9.28366985164488,10.113788530253924,11.165995344225244,10.078562259379511,9.530942635219775,10.481428895698516,8.491859906362194,8.380846529674539,8.41184541018281,8.617393576469357,8.47634397077821,12.415918255668531,15.193728530828881
13.368558032067915,12.9123874414746,11.810733909375816,10.801268251046007,9.798992782324005,8.245400411187024,4.960819237312328,9.937797194547958,12.864946374247044,7.9303624850239105,6.642596248201854,6.276536964911366,7.5554225479867005,8.469163762649144,12.465614631751908,11.829552469827998,10.720156443076698,10.04573779384188,10.131259652825166,9.698471735511154,10.412196349380467,11.692346569184782,9.60283428662655,10.213454089270318,8.134411120041973,8.157523372380288,7.285416516630343,7.851537848958253,8.418467201433291,8.36939506227327,9.032462614619217,13.357693243650832,15.12733651049674,13.255215123244765
