script/wind250m.json
{"header": {"parameterCategory": 2, "parameterNumber": 3, "lo1": 3.000054539987559, "la1": 64.9999836372058, "dx": 0.5, "dy": 0.25, "nx": 34, "ny": 52, "refTime": "2025-12-27T14:00:00.000Z"}, "data":
[rows 24 to 47 of 52, columns 0 to 33 of 34]
-18.28528088657548,-19.694220747212437,-21.26390693690751,-20.48213163618951,-19.650894769048207,-16.944352222093432,-8.75334631093514,-6.952189469327562,-8.003180108212597,-9.39638075685831,-9.307890499621005,-7.0091073895472435,-5.767592808229681,-2.6913202457226615,-3.9895161419286906,-7.24734687092007,-9.809486355597663,-10.176426149560497,-10.575289863829108,-10.227409174176382,-7.0051689281754514,-10.877636048659108,-9.83716081810641,-9.404389910820536,-7.190493710973008,-5.265656580968994,-5.444844578106782,-6.478513296301602,-8.620941302065175,-10.302276608336973,-11.132747034896102,-11.372258429251868,-11.703258055478292,-13.8210411992687
-17.30153209071098,-19.118449376627485,-21.008448558622,-21.39612770137656,-21.10507356731408,-19.639203608603975,-11.279918528539502,-11.494484872487323,-5.516341334789123,-7.601456986813545,-7.309230549892501,-8.061831400849588,-7.666068953290295,-4.556065076922975,-4.729854403923217,-9.1297291197715,-9.48795938169385,-10.62130911648057,-9.162427631659039,-10.91427100552073,-9.44017865578526,-9.330186741828904,-11.742270070361085,-12.916500736767269,-9.230036761467547,-7.933667505330181,-7.034336578458221,-7.295334379976052,-8.589334166443889,-9.897764085521768,-13.115615002612195,-13.50801824716914,-14.486404751950756,-15.305645474025189
-15.431744710541855,-18.124800680376378,-19.08838206143674,-21.3790774971503,-20.832679852978078,-17.64190244958031,-10.798550643302796,-7.067284010123492,-9.310983785760289,-7.138710540990246,-6.829402220522296,-7.653440186643741,-8.493145268167787,-5.434122514099888,-6.686488161841904,-9.174032931637173,-10.068203591175939,-11.517208467296587,-7.823393578923092,-11.713774541099355,-10.737054914053502,-10.460039830696541,-14.035676068195578,-12.155783007520737,-9.105389973921122,-8.566776854368158,-7.820914547297657,-9.052621123090004,-10.60470356831507,-12.099482376001369,-13.556275751599294,-14.962394200559235,-15.453375394942068,-16.366232069403697
-14.407147457581047,-15.943368842806848,-18.974551161832444,-20.022491214152833,-20.48542017042191,-17.831764976281896,-15.947963837834616,-15.635913423965611,-10.791930657051314,-9.26881468404633,-10.569493313968731,-10.090900917426234,-9.54336201921913,-9.581647194455897,-8.217679021990087,-7.52863455811735,-12.116900151655566,-11.850986598978562,-10.092680141532338,-11.798943390059351,-11.882953242214574,-10.777156653258944,-12.243412601510476,-10.857323687266199,-9.417301343500753,-9.261413726875992,-8.982922592378092,-9.88092152141626,-10.679471272613581,-14.526683340830031,-14.891490617102443,-15.965373890062773,-16.972469744086375,-16.086134487676873
-14.034528001697149,-15.03510199649646,-16.58456556071435,-17.807534859589474,-19.952021512054696,-20.790628133769207,-20.645289548823833,-19.27143527156955,-14.873914409091533,-14.049662752845267,-11.030031572396997,-13.191319869403925,-12.501741875753892,-12.882620458323085,-10.361429539015285,-13.059210400835825,-12.91328473325713,-10.431345890501854,-12.220627852638374,-11.783992641141996,-11.954398035267882,-10.111390835437414,-10.58990940355524,-10.844881473704127,-10.326724685388477,-10.462761205844561,-11.685374026022702,-12.314847299248617,-12.706722569760423,-16.318524578881988,-16.725542182863666,-16.311927958621904,-17.18837508120044,-17.726629155742028
-13.485150200599064,-14.50628723571625,-15.688193292572397,-19.26967075788449,-21.893169555249496,-23.481342503735608,-26.455687115691898,-22.778306544604032,-16.372601496598538,-14.102199110489156,-16.37168746462536,-11.555502717184835,-13.750609910719108,-14.265212488900929,-11.816085318717906,-13.470152089986916,-11.92090198494009,-14.231875206563572,-14.032502137887693,-13.4946537570844,-13.255187243256131,-11.387880943442275,-11.782945254880264,-9.716748043815375,-12.929683233582857,-12.841118524970193,-13.341212118483094,-13.13704861306558,-14.779541498751641,-15.872227525614015,-17.34830760815963,-16.341543906627255,-14.959818045050365,-17.737839166810545
-14.145372911782507,-14.797713867523115,-16.094989868633448,-17.690248117499635,-21.87608070753271,-25.298778668170673,-27.321855424746634,-24.675554517861677,-20.341758884250698,-9.00087785360463,-6.217422406258239,-7.128580827944671,-6.7682005287075,-10.708916259544818,-9.742639188716703,-15.384982322962523,-11.657658155315845,-15.480797365843046,-14.308121978867229,-12.126163158526523,-12.146421509955655,-11.225652912799937,-12.390761150732354,-12.461596136453444,-12.746145893957182,-11.746563250117083,-12.318707125766583,-12.407013275633886,-15.53849066786823,-17.903807587422815,-18.823750599621086,-16.27662134672333,-17.416311621044358,-18.92837801498959
-14.612645628226941,-15.373196264458855,-16.458797786331356,-17.581971405552714,-19.373364710443933,-23.040811584887553,-28.03838805675201,-23.189902143711304,-19.091157772827604,-10.870872943017227,-7.66256832751867,-7.314069539809607,-8.508606626246532,-11.547401705928621,-10.264508502540947,-10.992850016585155,-11.423153921423921,-13.862870891351504,-17.10851740014823,-14.669743184163726,-13.484937922953197,-11.370478550709626,-10.890043988636643,-11.942006036602614,-12.943329386814499,-12.394528048334067,-12.416392002037327,-13.565482611463691,-14.333256169379874,-18.630651952447046,-20.193214937314284,-16.390017117501596,-18.183528447680594,-20.306954552518548
-15.14631201927268,-15.740647967861314,-16.6221485428129,-17.131805535891896,-18.575730129758103,-19.65405070762314,-18.66173523603201,-17.331314616412783,-17.138125986768355,-12.8121906830333,-8.210132164856429,-8.967416817208278,-10.215813172580987,-10.983178127278196,-13.27283285866447,-14.418029459890917,-12.00093191683393,-14.057099691158374,-14.173112061766524,-12.988022883768831,-12.123105902651169,-11.784772822815112,-14.378604835019306,-14.50269356492929,-14.502806006306344,-13.911056527765805,-12.171201269423689,-13.722808937383455,-16.146994683380697,-19.177959956518315,-20.967510438560396,-19.413352337846785,-18.20797217188071,-19.04973761335452
-15.147976536659359,-15.815606266624473,-16.50978213836907,-17.140541621812904,-18.428631540438438,-18.361940750342633,-18.26416148070866,-15.02624706897218,-15.606306462302244,-14.408275535430738,-11.108240213340979,-11.417092526286687,-12.143689755131419,-12.742875485851807,-13.201472502861392,-13.149100755727018,-12.678607099372842,-13.915540485762499,-13.508784886836601,-14.357232033348447,-12.46539690809075,-12.33588632682362,-13.143111737149404,-12.819075976404726,-13.028366800170325,-13.242501760883219,-13.40787955281311,-12.862396936445284,-14.098930347594763,-16.0551380969181,-18.123430569615017,-16.818103025305632,-15.458636306034338,-16.134165951101902
-15.397144670032004,-15.842733259660017,-16.54270937585333,-16.86659375728847,-17.746049428694235,-17.9111516939167,-17.250050814980195,-16.11094662513128,-12.790432331407809,-14.438436476515744,-15.112932293768024,-12.390349972562426,-12.066746066100121,-10.97235673109986,-11.369344854058804,-11.794033598823358,-12.264907531079942,-14.631995797898634,-13.191746182318964,-13.965822007629951,-13.80660775771852,-10.689583734820399,-13.213719337600098,-12.716611290907975,-12.799390785104464,-11.233975842436758,-10.968045973996269,-12.63672538540272,-12.18814392057818,-14.603587070050644,-17.765663369141272,-18.216495844127746,-16.758680257425514,-17.456759423739484
-16.903209205780083,-15.886676416122128,-16.446829127205195,-16.824897166540175,-17.26183232098298,-17.552900932862407,-17.892061996432417,-17.53433306855644,-18.347966126939607,-17.34951554949058,-16.628370021087203,-10.481177649718424,-8.985572121701216,-10.77513341204736,-11.000883709591672,-10.885761585007067,-12.771433316119438,-16.10098985218959,-13.59010978614439,-12.550903661006211,-12.605695908472804,-12.43607839504505,-12.325349020228991,-12.4785203467112,-11.448276071237192,-10.938305627305741,-13.027026783864047,-13.07146258614365,-13.98142980603242,-15.801982453558384,-17.12555437945245,-17.828245779632717,-17.820473326769488,-17.175547834318234
-15.002672281532952,-17.214498561827725,-16.139732570447254,-16.69722748887535,-16.975850533171663,-17.288188685216525,-17.686206110755922,-18.3559031497994,-19.009143028839034,-19.012766463242144,-16.139959457479574,-12.956274714848837,-10.484468899427922,-9.3695028302853,-11.692794779906292,-12.606558368608617,-12.543623763326943,-11.658446996215252,-12.680529670462496,-11.551530455863732,-11.960915527978763,-12.869348454334183,-13.270610066775617,-11.484411138745521,-13.615833419394711,-15.063068507745992,-14.58292607028983,-16.268325400126482,-16.465454360225845,-15.83602962871286,-18.288587342495255,-19.127883466637883,-19.58816872497396,-19.846627900802613
-13.990726232222372,-14.946293292258515,-16.391601858527117,-17.584070830677526,-16.621500931056296,-16.899681137568674,-17.25681408946812,-18.072354553897885,-18.561029588817178,-19.01594478081343,-16.78997069854197,-12.747760555951283,-10.79818436294189,-11.191248788559731,-12.839939391336866,-14.049091415887471,-13.92599730764089,-12.325872298100757,-11.88724971649772,-11.03098608100758,-10.675929118974018,-12.258207401955932,-12.079539935687771,-12.997481152055808,-12.341442179547277,-14.749774672088074,-18.10520901946243,-13.122414502020865,-15.089961398077392,-16.69823555186984,-16.887774333271434,-15.916571182224006,-18.088121716601684,-18.14874361964222
-13.241283997724024,-14.025438548097123,-14.842200297511937,-16.19417135638543,-20.32786400903566,-16.359856353244894,-17.007512353779962,-17.98271224526105,-19.34327055045624,-19.894115310205393,-18.089378358678367,-13.590039353316763,-11.773103630075163,-12.81491961186548,-12.93540076153611,-14.518209833686875,-14.40903030395136,-12.095193695412608,-11.915467912252389,-10.373093161228564,-11.108274370472538,-10.21602365617334,-11.68486207857114,-14.663889450922861,-14.51258327797375,-14.640400449804565,-14.071572690343146,-14.117819285169109,-16.05563686000754,-17.400260422280372,-16.208173877226205,-16.491621476199427,-18.648882934264474,-16.899095027292745
-13.184520192292984,-13.363615208190202,-14.307807073503316,-15.080264547363592,-15.833969989101709,-17.756802675568185,-20.01560901523081,-18.82465768302722,-20.16787663883255,-18.570063175480467,-17.646024965636144,-14.279535345277079,-12.305844797937805,-11.716390906079928,-12.265556264458874,-12.574913619601716,-14.4718147393299,-11.565700947403865,-11.873942314177265,-12.026017771043097,-13.034783130090947,-13.494185582624137,-14.471828713459583,-15.610315456991728,-14.676370750273659,-14.299006677396811,-13.21197067358109,-13.652195264609507,-14.889867504655719,-14.170895872840648,-14.43761558907303,-16.72928504750809,-18.53641721220633,-17.185152204833273
-11.986422418568623,-13.289466727745806,-13.844320390388388,-14.313935115630022,-15.325141470153161,-16.497903898700148,-17.838366184916225,-20.482878416592904,-21.430246537746964,-17.996607001965526,-17.643376856437147,-15.815250193096063,-12.261448828711313,-10.992803674515415,-12.07159306426693,-12.163194757411024,-15.398215482217743,-13.035293925794438,-12.52364655605665,-14.063280638836352,-14.234601191114189,-12.806739620054339,-11.9567882553764,-13.492731711509705,-12.548851811531113,-13.098558355329294,-12.813531767679551,-13.180389363500815,-12.399606187599906,-11.861138400495317,-13.19781828554905,-13.796543025984866,-15.651091671526855,-15.627174574154315
-12.100127637973477,-12.921258529944085,-13.441013088531639,-14.283913400708592,-14.842177637024419,-15.4358495281563,-16.430074962702804,-16.38684232142335,-15.317468550169384,-15.053125908391465,-16.805977481282618,-16.958007699534534,-11.254271234641957,-10.54618876052952,-11.485228143940118,-12.427490970166485,-13.654308959827247,-13.512656117753071,-12.036503091607633,-13.649186400718618,-14.431241582722489,-12.328674210994617,-12.492478083961712,-11.511954525876442,-11.297126538189275,-12.377973757621236,-11.307566939429812,-11.374578138304196,-11.165543800063935,-10.645519408910289,-10.43066199523539,-11.749287333693887,-13.464069654092041,-13.156490404433995
-11.777907155459502,-12.100291439039037,-12.88788006878619,-13.665881274100322,-14.334725841840308,-14.46558951196936,-14.692116179635468,-14.328051979791333,-14.80582768278182,-15.496029898065524,-16.79581465725388,-16.43374269739346,-11.356004275770754,-9.997485160593557,-10.240548840962092,-12.693757025492785,-10.206354799455587,-12.550372648412251,-12.443645592381667,-12.143851690569909,-12.262927382519731,-9.713769456952816,-10.811509954936746,-10.79558645088009,-10.012687338510409,-8.988460864291854,-10.548430582084496,-9.918676948644315,-8.522992918602325,-8.072813525573224,-9.093967706478804,-9.198246171484794,-11.692806987208307,-12.43231125728344
-10.37132494490855,-10.678986727237488,-11.433043835984897,-12.010440281943005,-13.199089809145097,-14.191019647924586,-14.346950621893571,-14.035294602216453,-14.378740436898825,-14.79735353208801,-15.604343897594308,-16.776865515246445,-13.692323047079443,-10.077410982621206,-9.464535987318893,-11.316679767136788,-10.92034300169053,-12.412358929178545,-11.971419367792597,-8.922202319978558,-8.762745731932922,-10.471243635356998,-12.968602167398563,-12.037797737458979,-10.403300799984985,-8.991909786178216,-7.930976990177697,-7.600999983354317,-8.484110788349911,-8.605908672140403,-9.563621180901167,-9.494213253147697,-9.87309651825068,-11.640971082503489
-9.32254563176424,-9.504738143314468,-10.139877205954987,-11.094260127236838,-12.020650819549434,-12.414389061698449,-12.818733882094262,-13.559804021491534,-13.945990702703682,-14.018659890584262,-14.600949432886337,-15.893224837554236,-13.178867258568625,-10.144437517482544,-8.884901354079652,-10.262259572633171,-11.696830121107974,-11.87947249437317,-10.101751455356474,-8.83771092902403,-7.782318296524723,-8.277948566748076,-9.159477914740593,-10.998344583161202,-8.653031185168812,-9.217289849835256,-8.223745087144065,-8.593738112584802,-9.206941668917873,-8.939116014861593,-8.46245358195305,-8.116688307067797,-7.552593060546616,-6.615128175488496
-9.573535317764943,-9.524081863412226,-10.408743675713808,-10.740741891850664,-9.944302390302923,-11.301437501182898,-11.533977095785424,-11.851262884923267,-12.451281049305413,-12.846842788299167,-13.59987037649761,-14.765161532049568,-14.727441950873095,-11.359517256658227,-9.735449831062033,-10.185979939407147,-11.016214220201205,-12.12210330830018,-11.06426195032113,-10.660520049310184,-9.861859187494419,-9.708657367570588,-9.28319102168321,-8.844221817414251,-7.4729579861278115,-6.7906842678022095,-7.423951254697276,-7.095035170730221,-5.501270750582599,-6.062790814470634,-5.149107209840533,-4.617610848623089,-6.361842313095702,-6.090140306212771
-9.992735973980055,-10.59944911337303,-10.935761473975154,-11.060538785020592,-11.430160943307223,-12.00747883240859,-11.298691361889496,-11.334449942825056,-11.70736337526221,-11.973558404667957,-12.088620794618024,-14.376915591798115,-12.595603885284172,-11.530244391282437,-8.865554794061161,-9.279942381570756,-8.668684844334988,-9.365688934125412,-10.796744711152614,-9.357581706510208,-9.773726771032765,-8.94174432508079,-7.669184830819388,-6.6575275865492545,-6.381075796248274,-6.286611084453011,-5.446335062504312,-5.533907093239234,-5.599160217879683,-5.63981721125884,-4.683456626611378,-5.614194441197171,-4.725231333951545,-5.464718675313566
-11.09347883106933,-11.277359198073823,-11.332825687461456,-11.547714270218039,-11.899395565225095,-12.609667499203953,-13.019253511163262,-13.063748155981814,-13.200675842542307,-12.785554805397144,-12.765361852390368,-13.284357173665965,-13.390668332816631,-12.56909251841715,-10.200134121533923,-8.967697704156581,-8.271223349285696,-8.02631847796502,-7.590933769226755,-7.114658832851606,-6.013383860949093,-6.938255144503014,-6.421248122545534,-3.829061482499164,-4.456753544188965,-3.785358963480221,-4.128475973155001,-4.998982664197408,-5.208575664168275,-4.985093491671641,-4.719588457182255,-6.890494025292231,-6.193530342688648,-6.217114578904333
