script/wind10m.json
{"header": {"parameterCategory": 2, "parameterNumber": 2, "lo1": 3.000054539987559, "la1": 64.9999836372058, "dx": 0.5, "dy": 0.25, "nx": 34, "ny": 52, "refTime": "2025-02-07T14:00:00.000Z"}, "data":
[rows 0 to 23 of 52, columns 0 to 33 of 34]
4.191208893582012,5.077091129294804,5.8698754510854085,6.037887353561328,7.008624515906147,7.2693144461637855,7.541457330390428,7.764845068108076,7.710685810434402,7.449370785068111,7.0659222060691995,6.630485699179487,6.380956795871964,5.668683074822174,5.074035356978839,2.0845341696408584,0.8653069163015008,-0.6512864707589865,-0.2756616999683126,-1.358445154691968,-1.5196979469197267,-0.5836910776411934,0.6480612947486852,3.1569973269839897,3.879422672529213,2.1786103756057793,0.1851922602328617,0.7187920526424527,0.9787225831201773,0.9102511251806583,0.9511618470641604,0.3249631213958368,0.8015104294325749,2.016965694631463
5.305302705190993,5.09820146132964,5.466708720362421,6.340583539999609,6.679868713617256,6.968445712293481,7.345307341634008,7.343320520708093,7.147818790296177,6.599942995326255,6.375188787675357,5.959491508066686,5.442241088388184,5.025761160016325,5.034826794812341,2.3685672001736164,-0.2963394575312817,-0.4455328487057219,0.6904654506673309,5.95242446191556,-0.9345309856944517,0.989499096215236,-1.108913103797949,3.0636445813702258,1.8520091086847978,1.1955826967262824,2.1403589155557605,-1.884571710098564,-0.48437741787588734,2.999951191721328,2.1146671981565652,2.1168706054346353,0.1468816614421542,1.640512396331668
5.904066622761234,5.701563374639305,5.6135582083410975,6.2562121339329115,6.279391703230338,6.876235255557462,7.088305605225791,6.720717929189557,6.261541351735808,5.937225077660298,5.5276806030435575,5.1291640671308745,4.813308970389728,3.548418396037057,3.932735058205416,3.5120148959320776,0.665224966855817,-1.9139157493109709,-0.561890387165624,-1.9321999175720395,3.5550163357985425,0.31577960287642154,1.8110183572208425,1.708146597665428,1.4936837612455653,-0.2546135211973396,-1.2805841897721235,1.3017078374412796,1.7468088939422506,1.2712670448305672,2.317414004829094,1.5138709302971767,0.589820423548175,0.9545428859114716
6.162067198708896,6.2984151589609,6.048098079944193,6.122689562081439,6.6737084641207405,6.909302033145681,6.517196133760769,6.008765226929302,5.401104069268345,5.116822476836219,4.541845889585118,4.250134422892346,2.4199108635691196,2.947379317613137,1.475356873177366,3.771963376793465,-1.1406756467889247,-0.974568204491334,-1.0604512006349585,-0.884213410039132,-0.29019613632682023,2.3556129605070937,2.3808736620273083,0.22866864136410667,-1.1359236310636656,-1.275340258483718,1.5082095198953678,-0.808894938564216,-0.20734227030406446,0.8894358561015565,0.9846346454750586,2.583654977856648,1.4733988703035745,1.2074845123224622
5.936851076626272,6.116463253072713,6.0018734673837555,6.463395152297206,6.8001426907612466,6.718980956477339,6.131509210019822,5.921202271499344,5.299948924581905,4.4467105613641715,4.028562835791256,1.310400519902444,0.37041221530841595,-0.7702405292366586,-1.890001410656159,-0.47986404251420123,0.8704118724494628,-1.7362419341804634,-0.6187074246427988,3.1766555137503407,0.5496854246427448,8.470391285534522,-0.625075689749923,0.5466330918088864,0.6914257138715797,-0.2243356414183496,0.6711656948403337,-1.1846767531320308,0.7217609550224832,1.5352160741279923,0.3469487751213955,2.052002494217445,2.0509210586589472,2.276183266003198
5.6978887549802035,5.802391607391242,6.108270219473316,6.506308414407131,6.795680724567241,6.766576349429211,6.67640018210371,6.262307227443999,5.279161188847551,4.045674725077465,1.1124742181481246,0.4739799398327386,-1.8964763726573992,-3.4332802952905865,-1.0158418479060198,-0.9181059495495315,0.3346860259628388,-2.377150923809919,-2.0141691747044614,-1.8448129805905027,-0.525211947134154,1.5591580928689883,2.5322438944393793,-0.2453215745939901,-0.005027389226245816,1.0088702683040982,0.15098601424733685,-0.6605700814868132,0.37266603250257646,1.4452355719435879,1.0955862525978874,-1.1388779077659954,-0.5803803294914841,-0.577428076145726
5.647927820721306,5.701448453811102,5.812362012656255,6.433349940379281,6.837338489173259,6.9820526564489445,6.755482693020087,6.398214690303512,4.744413840363593,2.4211935977750727,-0.13525725237576555,0.4541368690416248,0.0101811507427885,-1.8151134807199047,-2.092129313873307,-2.3202584891263363,0.7886603692234669,-3.5542763840272253,-3.77936007124452,-2.215513802200468,-0.7335556678467755,0.20725457386223645,-1.3741927703694718,-0.5049540219119556,0.478546983787031,-0.05343280902168279,1.5060541485906067,-1.226634386150319,0.07894160619908508,0.05354384072264283,1.301343928592816,1.6922202579959544,2.0321581056631426,0.3698866353008466
5.123697327169536,5.3187806929180885,5.436703761320789,5.967935008482924,6.375641339243585,6.292080530948745,6.827995688679701,5.802978896625042,3.918440321176114,-0.0305561758007135,-1.2543497330891247,1.0698413606665553,1.493667728977148,-2.101748404804849,0.4188407901592426,-0.08247309389418407,-0.34787988259469377,-0.7215338784161324,1.2620101989640058,0.5270928326191173,-1.6548529475349056,-1.6472331321757414,-0.8090218535069362,-0.9357654536104163,-0.3034053614564053,-0.3939700915963074,0.039189753095461716,1.879293190562898,0.8276260183344057,0.24970860916385176,2.0188168568356004,-0.7724406459155334,1.861481123690039,4.224754014901782
4.8982255693433645,5.230780718771342,5.087538389056465,5.401008693524754,5.5220508582860095,5.821011675844923,5.8544819024108135,3.9424902823807955,-0.25483678355178224,0.01006175844828471,0.12642434962393118,-1.1575428124783225,-2.828020410817708,-3.3310054753331877,0.5088708359162548,-1.9664022448724068,-4.466334544661628,1.4034511623732904,-3.1460567888499105,-4.660169735740004,1.6479330071284886,1.5530538440688315,0.8677495710375569,-1.6486348148919376,-0.9555046149357855,-0.6116962173561493,-0.08060261416387562,0.33468631223981116,-0.34554014262709254,0.029354368502353345,-0.35749426273204293,1.7528911161202974,3.686750915579253,3.520045998652363
4.276973415609076,4.500852576103382,4.812057220381065,5.165625345695987,5.261391627808525,5.7909805540297095,4.844680183472885,-1.2645203947847072,-0.6901614207275164,-0.8339405263513104,0.12249419278857301,-0.32977712016474925,-0.5121120719570526,2.6669694814179237,-3.8839061718429755,-2.36671881418839,1.2126231644130014,-4.746057597719672,-4.210995208130534,-0.6354613397119593,0.939638982858478,0.24682680255925546,0.9509645256422065,0.82198954925393,-0.5885938663410365,-1.4089669050228255,-0.023372960195135236,0.5155594219349994,-0.2488013823854348,0.9851796336105033,-0.3897211042318644,2.484301724177324,3.285565212911992,3.7827307575202993
3.957952337226804,3.84973926669755,4.190411432258768,4.69883633691779,5.0005597557533745,6.365660764003343,1.0902292772376159,-0.1868134574362159,-1.451066661254482,1.3689381918190349,-1.2606202195668559,-3.132411256761652,0.020850355937420243,7.68803313524895,4.054081032726622,-3.614334123071862,1.026421699465801,-0.7831877281357662,-5.481496460039424,-0.6215173666279044,0.8321406942988683,-0.1427755569517515,-0.8978780777047396,-0.49991918943481944,-1.0493092936947062,0.5490258312337452,0.13729332089347115,-0.20930708173258633,0.914335376083988,-0.6782858171353346,2.0584731978304807,2.254592064381791,3.3818184690223876,4.0198040935687915
3.4334665036384235,3.072579754167872,3.7410012799418353,3.7836715448774023,4.667162573431892,-0.18133069818262101,-0.8625749063427306,-0.838339806928705,0.16393557570910236,-6.107998152268218,-1.2569428116870565,-2.5210473929588275,-3.330708752372722,1.6824653550442843,0.8081717208749101,-0.7987506035802029,-3.592616693581419,-3.346788102346453,-5.4357275572090655,-1.556205823365198,0.16319570805216335,-0.9030343184471441,0.42655391184834557,0.8044796848921251,-0.07424825521453954,-0.5211830099200131,-0.33659278113652025,0.46763320277413106,0.2609071516940289,-0.5935263653334221,1.6704828400456613,2.848919052351089,3.5324187686342152,3.7480454383156396
2.793773850954359,2.8404874908215967,2.8814303662650573,2.7029300495549333,3.22042480352799,0.1970689472263342,1.7705581355368127,1.070749473780733,-1.5362823139886232,0.02362102507740293,-4.937014798570699,-6.163709784437234,-0.8030978271181913,-2.1167929550592652,-1.2818466666723503,0.9313572986417169,-0.9404489179800198,-0.17354766101895702,-2.200970665803585,-1.3384224297643625,-0.9127993861866871,0.31319318355493425,-0.8303148856561849,0.07224842890247905,0.7562719049651451,-0.24042756436765192,-0.3187885820874324,-0.9477319805274862,-0.6864787227850805,0.7167828566228998,2.1574856234474202,2.7038225170941534,2.7277764836788414,2.9919904973976394
2.514357879861359,2.5624026623066642,2.3951205612056654,1.7617990115585807,3.6890614370133727,-1.2474372066980746,2.372251671041504,-0.5720202705337889,-4.300968723392596,-2.3047420411105435,-3.9163417911756864,-2.771299167099418,-1.0630940950087173,0.09262833083134492,-3.986268334508742,0.19815672806883397,-0.4340156256953391,-0.997286210074704,-2.9641582254368384,0.39826749371141956,-0.44124456959522046,-1.4410590395245262,0.3844273230563418,0.6901157716552236,0.6309421299094837,-0.14654995603180535,-0.39029242283816795,-0.20028541586657478,-0.4073241080407733,0.498111809525708,2.1891007477068785,1.784647687627886,1.9001967778917044,2.415618861045977
2.3438420571717944,2.312023348999164,1.9844457054930744,1.0672175255763001,1.5621992294145912,0.7914951247543659,-0.8474687676433238,-2.0530961537111216,-3.3473449640413993,-0.872006096162017,-0.24186200525851384,-5.479272234208438,-0.227517896741478,-0.6978033870397793,-1.2793961567451682,-1.590723734231063,1.1624899910168986,-0.7480949466076839,-0.2775411099715544,-0.3597649192772054,0.556458799684799,0.6973629893037216,-1.6267993694317646,0.463663491578068,-0.4633912158659947,-0.27591627180067396,-0.22312765725490147,-0.06106743582764583,0.0100383753518034,1.486106353532408,1.0495556801909727,1.0463314737283405,1.524611030226254,1.678250634809939
1.7721907122583278,1.6493913186802862,1.413868185198914,0.21274114277199044,-0.44633390356659963,1.3491255586076774,-1.6376855935012258,1.2689796936550992,-0.39641560576407564,-2.6774421521192324,-3.610930461516277,-4.900591344784669,-0.6078321567146671,-0.9212962350240657,0.7218507326123803,-1.523720982832757,-0.14263613885982918,-0.3137844795251161,0.5675668015043649,0.5342322814336812,0.11138830376790039,1.1914989157642562,-0.27611100915980014,-0.30289278032627764,0.2742034691396838,-0.4566229743163938,-0.4069780623280019,-0.29932240207592764,0.2711620752743877,-0.10264756522400348,0.08797506557236423,0.17054813386459267,1.1633549546231623,1.170083610007143
1.1852625355292663,0.8434298717703066,0.6254232268903285,-1.2087228729815602,-1.041973949850394,0.12969895421953376,-4.102004813964018,0.38626794056883235,1.5468355224220345,-3.5399411993582848,-1.8204423982455749,-1.5936696242367316,0.830731039439424,0.9063622882019082,0.359285764506327,-0.5142013705404098,0.19511066305903838,-0.12052553951211967,-0.4680073583580366,-0.573099128564387,-0.4662070066213784,-0.3416782795621353,0.21090651936944219,-0.1401673958373822,-0.30723612063913175,0.029822788145266996,0.043407623024252905,0.13288238700031646,-0.15596431364919314,-0.7071458669740082,-1.2159044953318245,-0.0645866628520901,0.6388260085793422,0.1815232377596248
0.08076180148095728,0.13910042365020453,0.10546165387793041,-1.308791643436929,-1.2397252254994362,-0.18079048825829427,-0.10833865143381285,-0.14064999414043522,-4.833149122682526,-0.725913544287407,1.7591148389772737,-1.9920696670237807,-0.6021826901652249,0.5549595645679641,0.3433646158118756,-0.3936725074500137,-0.4895657176859588,-0.30764463690842647,-0.6460499102493832,0.11128213360703479,-0.6466222431739937,-0.37286946186874304,-0.43945998562576205,-0.6854325383503854,0.40518533186436284,-0.5082753149893817,-0.5413697460604793,-0.769668014670907,-0.19111117381425544,-0.23756635730003625,-1.6896574867118692,-0.4386688026092715,-0.3932365237486403,-0.6617245233863042
-0.7995160662984504,-0.9812266559363644,-1.0306444867702276,-1.7026387937712495,-0.902283398221384,0.28490807744525554,0.8948888817887226,-0.8572014122664591,-4.384569140737637,-2.4201663375047757,-3.1233974258628168,0.1382835285187481,0.32249708687845674,-0.25053640662305426,0.16747589349004416,-1.2586600767586482,-0.5656897274225839,-0.11333686725268804,-0.28817900236060406,-0.0961926906858956,-0.2677389092680382,-1.5706535974125624,-1.2063772527781518,-0.7737170442986091,0.16455475567717665,-0.7920539490723754,-0.4614822837678227,-0.31769957877902216,-0.39226625248589514,-0.2463276888189473,-0.014759829269863774,-0.5451902536299521,-0.4931479075981048,-1.6377225495843102
-2.2693522018596433,-1.9506542355016414,-1.8231861438039407,-2.4124075921026846,-0.7644863812852307,-1.1390170551780086,0.7439810420076722,-4.1305117650843695,-5.139973845132731,-0.8278578782048963,-1.8392268151210167,1.3546966199914745,-0.43841822315139406,-0.6997368205450011,-0.10960054953401009,-0.8670840952835822,-0.0008137925462149696,-0.29120610071117753,-0.10705151701438247,-0.7815922494937096,-0.2737166061156433,0.01695918710728184,-1.2923713350900725,-0.5686092201560896,-0.06507891508837303,-0.32099714662878176,-1.4875067378811193,-0.5401971355710982,-1.0425925777953626,-0.49467035980880014,-0.43478962304078733,0.3923449823522154,-0.7087980486058396,-1.2725774255095583
-2.174104373678863,-1.9627169884019082,-1.4889548004312094,-1.4499264314681317,-1.6260680395685387,-0.10790826568357519,0.12531149140417983,1.1973644642173618,-5.77509811937889,-0.14707391318731514,-3.421282532014246,-1.3144426164907836,-1.423141386887299,0.27304358456095534,0.03731928513380135,-1.4338200708377242,-1.1277017158039584,0.33394545912388124,-0.5170084995221742,-1.1218582128674854,-0.4969274239483423,0.02376182020599712,-1.0859862705817778,-1.0626627359448164,-0.8507667002070763,-0.9792606944896164,-1.3032679981831656,-0.6843497579915447,-0.6953220387139866,-0.5152529123303992,-0.03940208246779436,-0.5296168576467275,-2.639177357643921,-3.9927670134505737
-1.5392816856990115,-1.311721111924139,-1.233377922503267,-0.5326562168769098,-0.30245495894828556,-0.4012443395575503,0.8623884834104574,0.9918234848617854,-4.9228392895858555,0.16500424403619302,1.5672149478914408,0.2759075055532955,-0.06509441892954064,-0.20670445580812621,-0.3127944129991137,0.8131146919293182,-1.0191035444520056,-0.5954405404735515,-1.0027560365666686,0.21288983872781744,-0.7156770806116045,0.14681655480039416,-1.46590481247077,-1.4814046823587141,-1.2621579311114601,-1.3053297082999866,-1.2380913746517423,-1.2006603567068823,-0.7298798204746715,-0.5144500301995792,-0.7741662420389869,-1.1841919033221096,-1.3869210645201075,-3.5697449394043295
-2.196136640406939,-2.1252741091265914,-2.032969389989106,-1.29662305494304,-1.3253816822923454,-0.02623995796016832,-1.1458994583331656,-1.4760534876392317,-2.812398629865216,-8.536076242245866,-0.46250941292528713,-1.1457207430335958,-0.32530462754814965,-1.2671112617153548,-1.148639485276898,-1.1471755057496502,-1.1251734078904012,-1.5397098026947855,-1.244524479363725,-1.136243426564805,-0.9938363051263084,-0.6571593782668036,-1.5991164443665302,-1.8227938911331638,-2.0947419952558106,-1.7455001644764059,-1.6938560108282237,-0.9423035845116771,-0.688673655515776,-1.1528535687430066,-1.3604220305869124,-2.144901879911043,-4.669774628876326,-4.648861783609896
-3.242184260008798,-3.1631635285838215,-2.663419464466095,-1.9064994922837535,-1.5543329942777504,0.5225667065124122,-0.06571327296289069,-6.377562152233247,-6.2650909101458465,-0.3836314204641644,-0.30351520477766514,-0.0637610154719049,-0.8053508658096882,-0.3838297768453383,-1.5643098942574671,-0.550149668440721,-0.8543360808340839,-2.0223549371665035,-1.1159833245064408,-1.637089788337001,-1.1510692704443282,-1.8161185842933036,-2.669244471461431,-2.125485785297474,-2.363458290749416,-1.5552164471399634,-1.4949608971614072,-1.0474190357961566,-1.151738601418269,-1.090816847867958,-2.5273207510738196,-2.026860376608096,-5.545025310902712,-5.612127883726878
