script/wind10m.json
{"header": {"parameterCategory": 2, "parameterNumber": 3, "lo1": 6.000198445256149, "la1": 58.999992894266676, "dx": 0.5, "dy": 0.25, "nx": 22, "ny": 24, "refTime": "2024-02-07T16:00:00.000Z"}, "data":
[rows 0 to 23 of 24, columns 0 to 21 of 22]
0.49183001624913475,0.7018865349549968,1.200617747576094,-0.4266593634578214,0.9202616944219681,0.8692895320016936,0.7082679371706091,0.1332846758817739,0.7334361345086138,1.7586358196597849,0.5231926750851195,0.43024400042602357,0.13108173304198872,0.24281370805598393,3.1704404637613157,1.8482603924834533,-0.10478479255485135,-0.1256869326558869,0.5681584346297996,-0.2712476371151769,-0.7110636000866021,-0.5361579838902405
1.3633617119339918,0.7871658418771161,0.9575367444242288,-0.14361023426752914,0.5708026117849805,0.7579705848688316,1.1547148100449087,1.591932582143555,1.1823417599239052,1.155895948688896,-0.26848910242552726,0.09224367398745545,0.19272298146002304,0.9662496262717225,2.844928496135974,1.3773792086131247,-0.32369319514155553,-1.0698564616506712,0.8190563796801479,-0.3902780380023874,-0.7676412132204715,-0.7695629217811589
0.6078585157681521,0.003046245009945368,0.26422559016650277,0.9457120768708446,0.60346764026971,0.8918352732410673,2.6950626797048183,2.0861937064912937,0.4012680146501016,1.1476184457471645,-0.5695907443361327,-0.42079129854142644,-0.15756801149074356,1.382901893406922,0.8889827863405916,-0.012893807540830856,-0.7769996413892842,-0.5746082665495423,0.31100573313341423,0.26581385532016816,-0.2207805897319887,-0.2980552072421044
-0.9465083357409877,-0.9289565203813909,-0.33761329562376785,0.16171263086434967,0.33701869219788116,1.504406404948877,1.9669091280660926,0.6011195863445541,1.5753476606875192,0.46202947989155385,-0.5524566616917236,-0.8231548076372004,0.09765461258642921,0.577718094124457,0.6523261686930245,-0.0027669200321804306,-0.17469429810456708,0.06588661892910304,-0.19121968032726508,-0.7025559715293033,-0.31855357248583516,-0.31152847274717094
-2.821951925792979,-2.38686339524139,-2.5933851889200508,0.31792206423355707,2.778267738055283,1.8799822008026732,1.8493563480401052,-0.45186002462351266,1.0099709315978238,0.14711617663907245,-0.6810765641695614,-2.1566021167471727,0.273946356772562,0.42426233487653303,0.039942432670469846,-0.4292941360372957,-0.474616829185251,0.3333980852219604,-0.4739482444147309,-0.22271023077672103,-0.4118089470803337,-0.41037935374314816
-1.0336085740986172,-1.8201620719157918,-3.5826035622113754,-1.396245254191666,1.086557317769018,1.0312920046978395,0.5264740884559211,-0.8518720102163639,0.6838185726441244,0.3610095841146287,-0.8093522984386429,-2.518643256066716,0.395793628720726,0.1631708845449829,-0.27068440354284545,-0.2831386376759629,-0.2823684821873819,-0.030101194721063644,-0.666819623878033,-0.29235002675190735,-0.15701031044930697,-0.3656310619002087
6.795987764723745,2.891519500966208,-1.5702468556755171,-1.702880070515117,2.1651377666743006,1.1293867260669153,-1.1803930138335559,-1.5632115558502466,1.342104478733813,0.5720168935950204,-1.1211578483704214,-2.6371124260716665,0.16973990119852034,0.001562083129284958,-0.14154840620599055,-0.14033070776277662,-0.3083353153904542,-0.3601988314727959,-0.23155982253848983,0.2101874163124727,0.4946796913338053,0.17063675068670575
6.65856593214178,4.25061241344509,2.8827774974160594,1.3221218842718863,1.3165183799951967,0.8817968052574641,-1.3292821069921734,-1.7793817714959612,0.8480690863462688,0.44468953840932224,-0.63757130422799,-3.032409273377031,-0.8244777136582514,-0.15283840317993794,-0.17183840596105243,-0.1312934039543973,-0.09380733915736804,-0.20987523102555844,-0.06303622247195638,-0.0880015371559142,0.5557624474940496,0.36041593202882044
6.305600707450952,3.5050874116371364,2.6620074102585707,1.1181497614671505,0.462068159915227,0.7313488697346185,0.7268261198909103,0.3529818404575446,0.230922905602049,0.8084043187513464,-1.7720307960056014,-3.03354767190876,-3.1012581158754156,-0.5423682143664633,-0.3030864325189683,-0.14139770843412466,-0.4818633219543537,-0.6672567525034253,-0.25602194498776154,0.21246906202385854,0.2196229985369567,-0.6130742721285167
4.410922054642613,2.845321660995578,2.223056327954724,0.43465378866325693,-0.13837171201667323,1.3745796458634683,0.9131992137123905,0.5069668108960645,0.43826897814134597,1.281721700226933,-1.9826218384001046,-3.03145281253002,-3.730887807002084,-3.2752371147708264,-0.48927235750941916,-0.25485033226392484,-0.3945764631628952,-0.7004881279730504,-0.05382185976378784,0.4306302560837833,0.6189419097486349,-1.5714357039153346
5.0605463322662425,1.802077268069832,1.484435224785905,0.59626954720156,-0.315872913646458,1.3816932283909378,0.769996220751573,0.3126570831851771,-0.1629440453843776,1.2540750595323298,-0.5981294056267189,-3.2679219329183,-3.944627654698272,-2.3893977596255342,-1.9796435547520568,-0.2939324546469,-0.4568337780310289,-1.123390497061341,-0.0421144240571136,0.48690052804854833,0.29754725697624074,-1.29286311701307
4.564410240758842,1.6493804499861182,1.0228863746006978,0.5828603851924449,-0.6016085307019475,1.0705654672829172,0.747834598228426,0.23065890315026635,-0.18452949652818298,-0.08118167545897992,-0.6814368031292976,-3.033430006077211,-4.288293063017091,-4.012597922305463,-1.6452509642823312,-1.0561222555846403,-0.8425781232039613,-1.2641581676117866,0.12531778825654294,0.4724840404890779,0.1883814639790849,-2.980986879372844
3.602466169803439,1.3278115445569902,0.5073574727796744,0.12132900505650186,-1.3445756818420478,1.0436900550498058,0.3340254695127621,-0.4182862384131371,-0.5648231398142874,-2.3389424839260577,-1.4269405078677628,-3.423874593689171,-2.1667418440242776,-1.8803843004071346,-1.9971162501788025,-1.1208368802817779,-1.8733688713811711,-1.9132050150467743,-2.197264356766165,-0.8205817981753436,-2.4169772435897476,-2.29035800479867
2.3434065698897824,1.3440471541439203,0.010252534695613592,-0.4392837074901023,-1.2082036653382398,0.7859412399259033,0.5189582680755236,-0.2907468734131694,-0.21008178767546012,-1.304005847126099,-1.4312304874196269,-1.556254034125451,-1.5542489030304436,-1.8389690395179137,-1.9554406481251976,-1.5432068255892148,-1.9095601645053508,-5.116566908117919,-5.118359240084468,-1.27384160911495,-2.5476566231133315,-3.651245245697184
2.269353438783061,1.1323951863893202,-0.3858671463863996,-0.8257943835194164,-1.1772640741611666,-0.5353793053026964,0.6782026756781856,0.267951758119113,0.02204011247473407,-0.20737995537855,-1.4272676361799,-0.9897849775750691,-1.8789333430824173,-4.125007121715952,-2.5806720709340856,-2.2870727321908113,-2.1123532315382496,-4.250701284746686,-4.062509997740305,-3.850536142861543,-2.5453637901074697,-3.0527308329879634
1.8456639796679744,0.37828158651355087,-0.5679983028779003,-1.080248351780919,-1.963336723775468,-1.7747219851546039,-0.06385848956504711,-0.13070229645239653,-1.013855207842241,-0.09797972821178987,-1.3731289839763845,-1.1344377017305274,-1.9759838187162564,-2.714404969933476,-4.403190757745389,-4.666758936352865,-4.615666455257499,-4.627762159808732,-5.102184539486211,-5.3773586185566336,-2.4233211173036895,-4.223162459869021
0.9977161901931677,0.05927432528653434,-0.5851049010470113,-1.3895506960906945,-2.225969098028562,-2.026944401725764,-0.08216021589909575,-0.3971740019359892,-1.0026799033165745,-1.7610765695922304,-1.2641734093401311,-2.218254459811165,-2.1486305506609082,-3.881748821123951,-5.038177187743329,-5.72141464624424,-5.159142994469799,-5.594897948600601,-4.5697496272460585,-4.384005686374753,-5.505678872271077,-3.669944713332128
0.40638099156300866,-0.11486776025305745,-0.6150435449931103,-1.3456640303531704,-2.030614416523401,-1.3157343731567657,-0.35193479492298235,-1.0778170321716647,-0.7677670884713763,-2.467396819947818,-2.777602381542498,-1.1733140278612872,-1.2674395212624903,-4.534613940021951,-4.987567558611673,-5.521334201264557,-6.982325017448662,-5.997004408294894,-6.364501355264374,-6.145492418581003,-3.916995601215558,-5.365061745108033
-0.11833123859017936,-0.956701023465742,-1.152209427320796,-1.2706273376283257,-1.4107483367621023,-1.0908368258227175,-0.5986730581471769,-0.6679233817123296,-1.150432026985561,-0.8833746758598571,-2.243241119260343,-2.8766446101420815,-2.9874591728102304,-3.2458909122746267,-5.456985945600358,-4.3913675572197866,-6.003094043235305,-5.106121240937873,-6.3686404640037795,-6.966991298121552,-5.326781787375846,-3.1443141997044406
-0.9583084752089818,-1.2058390304109463,-1.254043446452602,-0.6846017125565846,-0.7018964914446337,-0.7598433426416699,-0.12283431728934545,-1.1963907782649008,-1.291287227738942,-0.9602609809959874,-1.232014487364717,-2.811467444171141,-2.4917494697653466,-2.6893941876921175,-2.407864341488377,-4.9796441004105985,-4.283061487818153,-4.487872763620915,-4.4410244482528745,-4.74802066199708,-5.030489168197586,-2.24244795805318
-1.0654134919104354,-1.2541252416890125,-0.9025788163541388,-0.5364757449860017,-0.4953307305134388,-0.8068125035666971,-0.10699452606151337,-0.5899311406442,-1.1509293643492327,-1.2187306514651866,-0.8616591280866199,-1.217398787549706,-1.6371864169189516,-2.5695900307430546,-2.623948279864252,-3.171225662892008,-4.6091594673752265,-4.895482858639531,-2.0185664577855476,-0.4073597002472319,-1.38360892163914,-2.1579619842370446
-1.0602264048652652,-1.2772801669268912,-0.7431142529211783,0.1298714551132768,-0.08579666529237591,-1.4592154959204733,0.10328830412993804,-0.4606922102010161,-0.5518634897010427,-0.2671980123207938,-0.8940554482629798,-1.2030193040829662,-1.157559122803233,-1.3766192922103118,-2.341470960666811,-3.2019231852275913,-3.0726289275781062,-5.847962809042359,-1.8820542933249307,-2.3063768659366497,-2.705382255304513,-1.864952540992215
-0.5691623519564651,-0.8735376479483208,-0.7336335673265835,0.003590872534157849,-0.10890863857063772,-0.40505442381435025,-0.47775190399258294,-0.45989629931144815,-1.3991557991514387,-1.262212225565668,-1.6543086002130272,-1.3127303527381666,-1.4340591805229113,-1.496865051553185,-1.58531236609585,-2.795832140717491,-2.776479515700971,-2.074799696472615,-2.1054508171741855,-0.7483894287102516,-0.5802866649639166,-1.0286042009517469
-0.8479690870457549,-0.9951582956879518,-0.742068785086767,-0.06526027453925669,-0.24791751525260752,0.08543208553824366,-0.17410427801699033,-0.7910830974050117,-0.88632235983232,-1.043074194415431,-1.2228770574767789,-1.497953819306952,-1.2656962687042563,-0.7600794428446334,-1.354749504743775,-1.8269121391536423,-2.588285096199291,-1.9592057384307975,-2.149647032356202,-1.5443578900304455,-2.0002167032688027,-0.14597437743908154
