script/wind350m.json
{"header": {"parameterCategory": 2, "parameterNumber": 2, "lo1": 3.000054539987559, "la1": 64.9999836372058, "dx": 0.5, "dy": 0.25, "nx": 34, "ny": 52, "refTime": "2026-04-06T00:00:00.000Z"}, "data":
[rows 0 to 24 of 52, columns 0 to 33 of 34]
1.77653533510494,1.2845438640070905,1.5582220975242946,2.5359195849236937,1.6334430411815495,0.9724375614240106,1.1958657697509614,3.0055464492135533,1.5725684129293922,0.5033745242926588,-1.4870138754802482,-2.4242107895965215,-3.6791529737483626,-3.259657906016682,-4.090980749359242,-3.471654540374905,-4.532540684312292,-1.733468444165134,-6.110320687610948,-6.233191835598389,-9.998866448974686,-6.419090343760083,-10.915761722197534,-11.044499609576109,-4.601472828110241,-7.242517450656162,-8.100899988446598,-10.311714727706542,-8.80557497682762,-9.352746402352366,-9.661699430488536,-9.704279882289015,-10.735880753606684,-9.27024674976147
4.254003834426245,1.7759616405518193,2.5431251046518457,3.3363413709894574,2.0252861045368302,2.893344736552937,3.573599637173909,4.847228789497541,2.09758050407772,1.3743757469793487,-1.116228473961513,-2.739373606933723,-3.217624580106922,-3.756046574558858,-4.257476911519795,-5.1462749041335725,-5.835162779095044,-3.725772261331626,-5.641504240567007,-10.450384736170399,-7.19752568294654,-8.514063435039274,-9.328614456842319,-11.152612249123846,-8.068515883799826,-9.205413693101045,-7.0493608091328985,-9.76572823479431,-9.026655866950858,-10.19741836035102,-9.118905019558797,-9.065946679358111,-10.455739977194835,-11.96137597061221
6.231169290211135,5.3728893895595276,4.3654732858406184,3.3551650482598934,2.3510129129401185,4.508183633444505,3.7846678113335797,4.78891330992212,3.0065587252552213,3.143772977518191,0.5255327803308274,-2.2975893352182366,-2.226496273939009,-3.5703755246071016,-4.258486815056285,-3.811591479624258,-4.199898169912004,-4.022268786643389,-5.218508465180018,-6.132063510221233,-7.748437568867676,-8.535569215714123,-4.740338688898632,-8.683608753837078,-8.586777426834711,-7.608618463521555,-9.152678473292031,-7.901145278279178,-9.125631049478216,-10.318660735466134,-9.26162345768352,-8.526509532560846,-10.00597848452973,-11.385765169654896
7.964132783715862,7.194868921816023,5.900375924180487,4.410148925252905,3.1800095843008442,2.4578301435896406,3.3506632730725565,4.9658303142802485,3.700881840969344,4.73368715865852,2.2377048991573396,0.049366043912174834,-0.5662226806613471,-1.7487839169399926,-2.6066750606285187,-1.098750093646286,-2.0997993614018284,-2.8702166625387098,-3.55212149480635,-1.1476240193643992,-6.377522943685935,-6.652552354310035,-8.988803604838003,-6.760214288949217,-5.549932379218597,-8.102376838214578,-8.101761974104834,-7.848515627273441,-9.044358568294767,-9.272396466867155,-10.42839498911819,-9.571577627145176,-10.33973239625151,-10.595557779895913
8.959569380929478,8.659990465465539,8.185665375961818,6.856056669417307,4.624562081887286,2.8552757596978577,3.018676340254518,5.54363306390452,3.7788512007374173,5.348523773211813,6.803034639957076,3.0618298067435292,2.511037525624912,2.278551869481468,2.067859749256806,0.14686356580497775,-0.47823960181813796,-3.3171778770943185,0.17539473900980135,-1.0033508612216055,-6.051413097449246,-7.293400243989095,-3.2746286774628,-6.743915707689354,-6.239270737959362,-6.4964247216871644,-8.087572432763507,-7.067054553565626,-9.561665633833103,-8.552114636048985,-9.812412054710075,-10.522076357402993,-9.18981922253071,-9.923349266280619
9.45645430382349,8.688312544705534,9.011272427119243,7.606545356083101,4.933975387669477,4.334970147044931,4.924939604775028,5.296456989871561,7.2540908808605105,6.775326121807005,7.527586350648101,9.537767019388061,7.861852104775265,6.582963067496791,4.939371704878072,5.406517774580118,0.5699759388398583,2.237145828864493,1.3405925070857865,0.2260855284030714,0.0378555609446365,-4.942184249332698,-4.079948012138126,-3.153017339179328,-5.047003719531434,-5.2651319860934676,-5.911242807689148,-6.840702466736757,-7.188791860043943,-9.889240047791569,-11.082836475709286,-9.506953564913958,-10.500309395303752,-11.456259272972206
9.3099067424891,8.588234807024143,8.249749618374166,7.853232740051561,7.584300371241207,7.7302342657505605,7.89862566406865,7.525709532437909,4.0800820171976495,9.230348798546054,9.880168421630643,10.450751560693563,10.687344590485619,13.410294507459511,9.964442928741816,7.227629692509931,5.863652822287737,5.885697432595929,8.013681432660738,0.23156738561450624,0.06989955203053247,0.08281883010384193,-1.2364968996047208,-3.2486724819741797,-2.5978879399075603,-2.9941462611702176,-3.9878046671162184,-3.9513123025066066,-6.350762575553076,-10.370081336269502,-10.439449028397718,-9.958017042180456,-10.725379860731787,-10.756445127581513
9.450475960933845,8.28619970240216,6.119398848967074,7.067459020456444,8.984411216752815,8.495952979830973,11.573687234588688,12.631280139811182,13.079709211020548,6.487466743699364,9.631339972323653,9.64068455074782,10.598796034972711,16.636109808996828,14.591385255817665,11.964243691462901,10.336747445906694,10.32388735240059,8.72759809690494,6.122887517063291,3.878073416893978,2.1663547918229926,3.0538374399792056,0.5666095204525798,-0.02931686396170124,-0.3012564085564131,-1.8375094150366056,-4.673265761091556,-4.991971498195357,-7.033311666664508,-11.070266061962268,-10.669351514111115,-8.950771085720836,-8.418843125442944
8.465201131133473,7.554783283979236,8.80931576119543,8.527612355981562,9.570543143200476,9.967067298263835,10.932667498977455,12.81856420897301,13.87879722624701,15.60654247841745,14.501826477694975,9.82919932496198,13.592813054908179,17.70558898917168,18.351258540903732,13.229791001386788,16.129883541725313,14.103770266508075,10.353205892367795,10.166488331886216,8.653200467244538,3.518021438945422,2.4933790137120955,3.06332696532949,1.665856894896962,0.9154592764439919,-0.11776884401699642,-0.5958606413974797,-2.672672629886853,-6.140354028439808,-9.634354578554852,-6.502572981485223,-8.355548655912502,-9.766481231687726
8.339011334224589,7.148939504971159,6.8677586798416055,7.541868584099045,8.11570683166748,10.125377246211176,12.920826374604085,16.103238047958044,16.11279793909319,14.49256446525667,14.390681812999187,15.808599444048108,20.465726103211278,21.416983424103336,9.021052694186015,16.30600485788606,15.909679245941295,13.479431221710106,11.934845548817936,11.84562011093476,8.97567692072729,4.283931821461892,3.5354715566083055,3.9681260937772365,4.29882996555565,2.9573221016639937,1.8983723229727842,-1.3094030156083933,-2.792242491719788,-5.844967708919591,-5.479052550424389,-5.515435074615257,-7.987088745463761,-8.816241318282867
6.728592894544243,6.9205087305695345,8.215984268577168,7.932617441898343,8.781998513147668,11.569086895519266,14.283355434348016,14.552452333296404,17.566383637836793,9.266451388101231,22.27912144965971,15.108299269320346,17.376572716665816,23.81904288219816,17.95068122293311,15.086593047032878,13.674032680705304,13.812755716438549,12.845372070498843,10.41741073348784,9.440646282484733,4.542011329966203,5.69261005280278,5.1262355226701395,4.794937926016639,3.642374217274285,4.122267414807164,2.123238627238913,0.9605948423924758,-4.497629930932886,-2.337052977235941,-1.7965810721895548,-3.1897408484967515,-4.395288538387952
7.157130097503086,9.033990305279335,8.503464860513361,9.21815826089297,10.132886446285958,10.781071987539079,10.92265606955728,9.0426006014272,5.980274283027944,15.748102655947005,21.499685390640085,24.327926867769825,20.907364582408945,20.788549153685654,19.528319441363077,9.096942726934326,9.140521062080948,17.834433183273575,11.870356476582879,12.681515893988447,9.8365374588672,10.032864932750098,5.775338188332257,5.629019629986004,6.097292109316462,5.641530195440226,5.164110431480998,4.837494143067144,2.15181487836662,-1.0704693642543934,0.2241676451769171,-0.4559680502698804,0.6555315444289151,1.6131886033370029
10.97071717709644,10.945997036251802,10.99810348897484,10.718829023520065,11.827839122036792,8.943249170721339,11.373305980724858,10.943195933063409,16.643606816877995,23.51377240830144,19.279310043905024,24.545190014333436,19.797412994974156,18.024930619452892,16.27693011475546,14.19106603435058,9.743111990879424,13.082423255571804,12.322000765328154,12.354158470035605,11.915473046913613,9.8870463573295,7.550978823138452,7.891189542288678,7.0746754308012685,6.998062901510605,5.825435832789246,5.625233128209978,4.811948186113307,1.2278829946701055,1.237891277935058,1.2365856643734396,3.479226950130634,4.76741693747867
11.978773178109135,13.317865168154734,15.14230819084448,14.956911698047678,14.296334852376086,15.066538537291144,19.332426776104974,7.345835172541326,17.161042089932717,19.561963190513428,23.021857791438727,23.98958653891975,21.716879217124283,9.617334288316354,23.106147687239687,13.08747752820932,12.117596709580148,10.445361933181562,11.727151828497966,12.2335323532233,11.177444055114213,11.084896597601166,9.41636466302162,8.15656361098247,8.107253922192056,7.7286303082306915,8.744425751346489,8.197928542346173,6.28452915291088,2.9386152523131566,4.7815262553742,5.305077529389672,6.116775306374265,7.018663345358852
16.83732318610225,16.07473610599945,17.862131758036238,18.458843778320688,17.597350418037436,16.2379870596934,14.415023924858103,23.05839308999324,19.828665767823548,16.484194577069342,17.429580191993196,33.088412367679766,20.641157209723772,15.127335902627383,14.988144304988783,16.34609735384933,7.098894204840654,11.297496998500291,10.908325438159885,10.817370024151385,10.330334626110707,10.352995540070612,10.194514258195708,8.852043410407608,7.718121012067679,8.226982868447035,7.520367092224773,8.893298222262008,7.384616896533289,6.807138119527831,7.018864687224745,8.059545188280211,9.177111229210789,10.218975505937388
18.3017172377302,17.984840656121545,20.410832877509133,19.80649985072109,18.601102315782196,14.499907785823178,20.016481284384863,15.488926528443788,15.971675198572221,16.95873885359639,25.231875118357088,29.708051154755925,15.608217704209375,15.477151634724809,11.504495983439158,13.761820964800808,16.320311518311712,7.191913416010633,10.423908279100065,11.138276500264643,13.53117569703022,12.070507361848168,10.192545628852974,9.901161033197086,6.414411788065497,8.523940915260733,9.640748829631528,12.822636205916691,10.745199517782368,8.91449891878447,10.729177811289382,10.441735231417116,11.80010911206198,12.304992959785974
17.265297445045594,20.44406114384021,21.740638497669423,19.96892397355879,15.587416445562884,16.35991015120689,20.727618041739515,17.05615548152687,8.246463916208464,17.900837942444504,31.344375309975344,32.43171469209074,15.378277103497295,15.341638124121735,12.767258436082349,5.870792717170461,9.220901444845346,7.920900900898658,10.33455556875355,9.396841854422137,14.345879523687179,12.399643530054739,11.058690369442079,12.128495562680024,10.429510600823823,9.39731889407913,10.726126413961904,11.145997337172311,10.853715404526223,10.86327511761133,12.29994971154818,12.7913764190557,13.34211875681445,12.906845082206774
22.195420381293815,21.031477706203567,19.664604947970826,18.710863298799005,16.36855525000209,15.846131282807246,19.603721368542026,12.505504420887059,22.5327628133247,28.817024424947906,22.790840279266742,25.716203324261766,14.70724609183471,14.968105226471566,14.174386864173632,13.280458778093282,10.496136997274462,10.361020286666985,13.59743195411483,12.622173280622247,13.352831521365726,12.730125380743464,11.501691055046464,13.57577323781866,11.845553604508277,11.647500353736314,12.046861831229519,12.614649721782937,11.454912820096357,12.405456612926573,14.177135471030384,14.05695965119219,12.573284555807037,13.270716035392393
20.056165349536776,19.493898750753438,19.11892172496367,19.422646836432406,17.917939414131734,14.28593859884483,18.32088941367042,19.050214430176307,15.863895997396064,29.322012037225534,23.281613262393904,19.15025056057691,18.84423754484382,13.754901124853419,11.231806749850488,7.281167104061938,13.042215628873581,11.393354821639933,10.580753627480101,13.752578141367493,12.74142907579868,15.110420403599207,12.877602480357508,12.716717487368404,11.683908084125132,13.14958709040616,13.624210678616375,13.767535478758647,13.119961551829883,12.235288601339157,12.161680695912484,12.146879009393228,11.39604982310516,12.998222340170756
17.76321741488498,15.964104209194165,17.007243199036495,17.457535289071874,17.25156291021077,14.79325695913038,11.431893452687872,29.33878026914446,24.436157982134006,26.79537568163242,23.693367568735777,27.511993016140853,15.031736076187428,24.231525968314642,12.38697164224419,13.47139947582369,12.586973841147872,11.61536743026535,14.06553525947764,14.072319371215029,13.86825337608443,13.611366470132115,14.809581617941221,13.781570644063214,13.629306590434062,14.223108833579602,14.312904420832945,13.252377732972331,13.2459190249804,12.708695908106705,12.353928023780446,10.989643856792814,11.015971989663843,11.655565153321215
17.024563871913447,17.762175398243514,17.07914213755471,17.25057055056165,17.71104016085028,14.217282827510395,12.84693801456319,26.891564550865436,23.71247688693459,20.52213372376088,23.661703822186567,24.18204911775846,19.178705854862738,15.321647456972494,11.661258593146778,12.798741159721018,13.808206104584729,14.887357781357544,15.221683008857847,13.480970927670251,16.62664943930029,16.072256262870017,16.610570144749712,15.509564995866693,14.833230032673288,16.006103401568065,14.802766461313025,14.106497605295525,13.905714927860235,13.25261672820876,11.326140689520011,11.274923332856245,10.813044331036775,11.382800831103399
15.085139037921152,16.186042253539426,16.659728679662617,16.622314204089676,17.007791531822008,14.132560800034957,13.428003123458081,17.426255491268005,22.65276888222948,20.01084105363546,22.08832926088936,25.183074271163747,13.005068115725814,18.593106254051456,11.162032044774328,13.503706345322493,16.413053987059996,15.524526644249168,14.787160712773352,14.651005446820546,16.473534849244974,14.775841658272073,15.920837596187429,16.09268713821482,17.511593259440822,15.317010499765011,14.814718049236317,14.220665698801543,15.323243362218907,14.384757423303219,14.013887912548675,11.688952518056835,11.598832633805227,13.213396543666736
17.52686497789655,15.185454106760268,16.512996043856365,16.092299559112284,16.397751019212887,14.222283199812624,13.624923313738888,14.321914427524971,23.654980175284184,23.565190314116155,16.093481363370202,17.081551018783752,13.100487293850335,17.774735196157614,13.252750158464892,11.13651225907288,14.034257524094297,17.03616132069339,14.5776899183185,16.49692451027926,15.363881646754994,16.594631020623964,16.282035093049,16.632430282443,17.93329788851861,15.666257928345454,15.184405220851867,17.437745539522748,15.564933248875208,15.288801897038926,15.10571221224394,13.660961989791629,13.78772110087491,15.220160712818286
18.069858979615415,16.456160033926853,15.895877609225616,17.146038516630075,17.107561011236324,15.180322323246639,14.614720277110488,17.65467359871105,25.998290433315006,19.87052466937587,12.710429973669068,12.516341686141148,15.06769197618023,16.902568857000713,16.36171958351885,15.29093724496867,15.767808437560499,14.664531663469793,16.10817938073629,17.134859646937212,15.76927874742192,17.975138522057144,18.68675618383475,18.055812730107014,18.23230041995135,17.804064981791985,18.993712697101365,17.59439425798304,15.96950828894981,13.89237354609119,15.168691319029294,13.954382937562567,14.956466277929806,18.8255169029305
17.00133905917679,19.55450655815153,18.378763707152423,17.069810139989002,16.31802094163778,16.171673901588854,15.041803604583524,19.61856440436127,20.671886626650515,21.25701081510725,18.70328515092685,14.329967907220416,13.0276138637035,15.957820756433133,15.955312424208858,17.84539175204522,18.825091113046387,15.876663494534812,17.107657472174196,17.63566959175347,17.966912527232015,19.190103567083092,21.58138644203564,19.97708632244541,19.346222419376783,19.777620523349082,16.691622081310882,15.799412917731928,15.787706766648558,15.698272569166807,15.26548348085419,16.051898781054625,20.400252777204525,20.339523627806788
