script/wind50m.json
{"header": {"parameterCategory": 2, "parameterNumber": 3, "lo1": 6.000198445256149, "la1": 58.999992894266676, "dx": 0.5, "dy": 0.25, "nx": 22, "ny": 24, "refTime": "2024-04-18T17:00:00.000Z"}, "data":
[rows 0 to 23 of 24, columns 0 to 21 of 22]
-2.4061250118789417,-0.877444223652979,-1.5063205206539305,-2.4000916580523475,-1.5278906771518903,-1.1358246382120476,-0.03205526458719249,3.3780807564657427,-0.7401489607259243,1.1034835778999137,0.3370880521880191,-0.027441084983165984,-0.3472543566777467,-0.136779435282632,-1.0264928590207352,-4.658860639101859,-3.461295588565692,-0.4711710717019956,1.8680242867097896,5.301394729607707,3.3312726406338546,3.177922606684122
-3.573009827724948,4.056239005314709,-2.449118549448179,-2.479207651074774,-1.0526242464062523,-2.835194418665915,-0.7322840103725943,-1.1643576090239094,2.0140732316666345,-0.7198849425863763,-2.901842114328701,-3.2468704640407418,0.9480130793370449,0.45208058928614736,-1.7653362638628898,-4.915076464399185,-0.9183408670880168,3.008273366801719,-1.395261334140484,0.8728783697855195,0.4386503232638271,1.9158163969422142
-0.21039238853019102,0.6749721159213706,-1.761398471119256,-1.9971007478476075,0.04483980832077661,2.5108235511346546,-0.9238233855554849,2.311338389406429,-2.0262681731806684,-3.3316156829761763,-1.5245286281693242,0.8786869928439354,-2.9720678279119666,-4.9611198564428705,-1.5724809608729138,-1.986418772968308,-1.8833754884020009,0.4140571097851731,-0.9579265964558326,-4.595918296877892,-1.130137253396301,3.9072571312671065
0.06696808438658813,-3.484732908680066,-0.1547059726669908,-1.1235964832240002,1.5212518155752444,1.5249495199593832,-3.3278100951134926,3.9114930222392763,0.7723998760647296,2.193526309487626,0.8354805120920298,-3.1891400314178004,0.7940080655983014,-2.2651553168702576,-0.9159130412283668,-2.2192223592430094,-0.8560021224614724,0.44887228919299627,-1.1326919744131623,5.065195667992454,3.5697521373878813,0.17685592154613278
-1.5149409550494743,-1.3439953120049852,1.0596202369523497,-1.3077744211023183,0.05005113349818732,0.7458638823117922,-1.1791518721569878,-2.0370690138857643,-3.275183454000852,-2.672765893685424,-2.8653281826838772,-1.5592329320657379,-4.720487393715542,-2.4008500847335235,-1.9250990135204729,-2.634586737110468,-0.20613489442246083,-1.6390918408640074,1.4450276698254894,-1.026087670994567,-2.019624029682154,1.4860360488109565
0.8506681590290526,0.29067595238861776,0.133973526505684,-1.6788346433421213,-1.0068307443896358,-1.20654366885758,-1.1882596788742081,2.9123799621188606,1.8020981543231849,-1.3309027846371382,5.088691796882062,-3.9980989468731596,-0.6786894862345799,-2.3748225968188983,-0.11547453916372988,-2.5433974720925234,-2.371325679105067,-1.480962078027673,-2.743957928500598,-0.570293897128156,3.6983130875205292,0.2286009621314386
-2.6597376333879352,-1.1105247900487343,-0.8645393072532876,-1.4055349034257993,-1.7034866342534112,2.424032165958852,0.1576515072180178,-1.298327434492582,-3.4853577480871727,-1.9968508046130349,-0.586931995469671,0.4126667052579243,0.7418338449443761,-0.94457782253829,-0.26648528086865886,-3.398161559551561,-0.3658312427708724,0.26904018221904946,-1.7239820643120758,2.0231850063230006,0.027893368856332753,3.098846794732643
0.6832556152740413,-3.024495979719251,-0.7317556679034541,-3.5370753219507916,-1.0164391799849006,0.4709240813397626,-0.9129876525830583,-1.8858384728361426,2.412353917876999,-3.184061060257436,-1.6041150385839598,-0.2021665954650551,-2.9480152852222496,-0.6150529912406975,-1.881101863106999,-2.303707504752883,-1.9629083227150448,0.7996977852907943,-1.914923084961383,-0.7892343901596389,-0.04894297105643535,3.9488202921069293
-1.3377173608271526,-2.5659319459905867,-1.221906518095691,-2.486140276821708,0.12151748952734408,-0.8389382462675574,-1.0517728527739079,2.0818392009538584,-3.554355960666112,-0.10661586945638231,4.457591340942022,-3.129626148039171,-4.418889055503762,-1.9226008369426837,-3.118614778966958,-2.1638050632243213,-1.5113041849463662,1.4096092905043018,0.39983640960896166,-1.7960485588968575,6.936430635208821,3.52796748388654
-0.21456268713352966,-0.9238873415413682,-1.904520129538585,-1.3267486076339332,2.120225288805087,-2.813087875221835,1.1108025265147696,-2.535798683372747,1.0721103307125472,0.05095420674249036,-3.319568795635777,2.0222830012947894,-3.0256813510319844,-5.3634333172552155,-2.2861076459457235,-2.5807587153884275,-0.8381789475998472,0.84082256665092,1.6379890723757515,1.3495904493528077,1.7422099360080046,4.085258997683401
-1.5756484167388356,0.37711528482115364,-2.695074287895178,-2.208376574536235,1.5391634471811049,1.479067256073422,-0.6693517684365149,-2.796762245535906,-3.533526582375558,2.330207291554335,-2.8185247871175263,-1.2982931691288337,-1.1057457249036144,-2.3070111407360825,-2.8771266946146707,-3.18440289147659,-2.3160355400934227,-2.3531209153043524,-1.182828594938754,2.4826188639038977,1.669886081653247,2.471629462066298
0.007722359307382321,-2.4564057326095257,-2.558886528103742,-2.6863802870881486,-1.0753990270160108,-1.4500027359756413,-0.6535281845827707,-1.5678201119696271,1.542917530865569,0.11854271559696371,0.16241157469605896,-3.4054722874391237,-2.759670564106507,-2.6907750226029843,-3.663608844826271,-4.163201758832889,-3.37680190791548,-1.6278139066489057,-1.0385413011282332,1.2284477350620766,-0.6298549296959499,3.6459206367550263
-1.3448256325081505,-2.8415037828388665,-2.5251760380805357,-2.02228792713491,-1.5330820513162835,-0.9944756403250314,-0.6679465203122056,0.08564483513387747,-0.7640487264803464,1.2285360409436588,-3.3171601567530633,1.9205371462751,0.6653533206358905,-1.7791246543032333,-3.256213129325252,-4.54319465082905,-0.5579182623661687,0.5706200817009371,-0.7439901556817732,2.4250408716707295,-0.20318803567014193,2.9511190266724108
-0.5905519133839345,-3.1760256636379083,-2.532958888653912,-0.7187579170918252,0.004697983633573809,-2.7192793008525227,-1.2436332457235983,-1.6724451395601303,1.9828781736021015,-2.7184583758216534,-2.5846235901755494,-0.5216962178063104,-2.806991112426489,-2.7033425021816875,-2.544864659769936,-2.649785509451691,1.4629764836416106,1.288640622097308,4.903768408146744,5.1134215522458835,3.1902154333759034,3.8848492469471214
-3.7387248984504624,-2.211727677451836,-2.1218456774267582,-2.6690461638443224,0.4673186138414278,0.32628300024640533,-0.17090055615499977,-2.276887290667046,-1.0655322015144748,-1.2023246743868674,-0.3048620383531201,-0.20278093225988114,1.4650474536734799,0.05687105957921767,-2.446111716722494,-3.262988824728501,-1.3990412512526718,-5.096120366654254,-1.8146214431475582,0.6724351424580716,0.5783206423663433,0.37070423899029653
0.6181914916793413,-1.910935665691379,-1.776227653594753,-0.6649121162163167,0.8079401887868296,3.0118656098220877,-0.7856884274186092,3.6562502157103753,0.34716569652735046,-0.704554349253136,0.18846356879561904,-3.170720472583008,-0.3594146984676298,1.016765279263719,-1.9056345313956684,-4.675836367271749,0.6001166099618876,-0.004883689713157226,-1.3027708546892525,0.7214821038146332,3.460384998815864,3.9571663320178643
-3.1422085349011333,-0.06721016289053294,-2.461148290727924,-1.321254727919617,-1.1857683361089255,-1.019642253674072,-2.946803490217566,-2.7939524878688884,-0.9579878932117741,-2.6193206204680486,-2.4097711735734304,2.0551820244219945,-0.698796507490345,-2.4930813623191312,-1.852986677559216,-4.167999428033345,-4.748619143214748,-4.269087083797836,-1.0249426203104706,2.47129549578744,-0.21920164606451553,0.5780586513219339
-0.23058874193308077,0.769491307754838,-1.9121318563206786,-0.8067091325872671,-1.0113748086915388,1.5891494610770942,-2.157811382947249,-3.4294616795796133,0.2090928525092444,1.4042601886824668,-0.044500979830563406,-0.6145138971569576,0.4500865070719086,-5.390233377364223,-1.6018576125957342,0.14437845142021552,1.997679069568963,-1.8075280490999985,3.1513024605179267,0.2253988857242016,-1.8109799007742544,4.117041917890924
-1.00589534047103,-2.6162018464782295,-2.122098716411929,-2.4384558625506094,0.0751575327965321,-3.454780473231348,-3.550642436164629,-1.153972026166161,-1.9951327608472809,-2.5454767951991393,0.6056522869241417,-2.949397001163618,-3.1025992013303365,-1.786630186843679,-1.829891474580447,-1.2725737675906243,-1.4355888823863607,-0.6854435113761873,-1.653129950953976,-3.4505660708192347,3.7343051257670155,0.43590993995058014
-0.21831727653024738,-2.3671228698513542,-2.1313649729471584,-2.543314674529196,0.45246306641574424,-0.7432312294407816,-0.7747498680734574,-2.7210649676290695,2.2525564471150723,-0.7929219906605487,-2.3087098766625656,-0.7841460564581922,-0.36458129145328294,-1.2136734573054044,-2.194206833919526,-2.0278038520044515,-1.576634226336236,1.0123882354251348,-1.0724468493136818,5.563652336287406,1.6721368767070632,3.673618038396098
-0.4706836693265755,-3.2399272553193055,-1.2602771021614727,-1.9720622058362127,1.7913928184081467,-1.057019288582053,-0.6095974233307382,3.636576279185909,-3.292011308318323,-0.42088688817430914,0.49431857079698766,0.9081965441024267,-1.126856335409885,-0.25720527137936705,-2.341714938380965,0.16239929562335534,-2.365106760917977,-1.0993072563813435,0.4711566710002388,1.6310294854504013,3.458018826694908,0.14028375364647014
-0.16081936722441761,-3.432116518079251,1.5128896124266438,-0.5110124642799095,-1.5347859157478538,0.6065971530062417,-1.0801869281998957,-3.138547717831074,0.22822073113759508,-0.6365883786494827,0.8612820833581099,-2.0700131216932056,-0.3470701044393279,-2.837308307538022,-2.339165111041795,-2.544772922722154,-3.4899145525103696,-0.11597693187128513,2.8566291826205554,-0.5779515245638643,3.6757775393626315,3.9798703549197905
-0.19876391167560598,-3.079474198315333,-0.8357062677758815,-0.984080101758709,-1.6249211952896498,2.0651750666361317,-2.6081119370528993,-3.22002034869435,-1.248212144828643,-0.46023883405330757,-2.884562528325817,-3.079249614023127,0.7580476781524325,-0.9774217519001038,0.9307859285723655,-0.7259216962840518,-3.053760453638147,-2.572844292205832,-1.7038390670548091,3.6289547118274057,-1.1177247908355872,-4.329008259000399
0.07344312665670255,-3.1671580855206485,-2.5397105952255083,-2.456190323391555,0.7503539405694449,-2.2408007205622926,3.039812473066481,-1.2417542887477808,1.6345177981143604,-2.5803039784203063,-0.3564744806897381,-4.648919151142721,-2.441982023637851,-2.374213601652176,0.4340314158130323,0.007078875812291845,1.1894167519034702,-0.3607942974739414,-1.1548968621959643,0.6270829164768786,4.6262835324015725,3.5753057188261943
