script/wind350m.json
{"header": {"parameterCategory": 2, "parameterNumber": 3, "lo1": 3.000054539987559, "la1": 64.9999836372058, "dx": 0.5, "dy": 0.25, "nx": 34, "ny": 52, "refTime": "2026-02-25T03:00:00.000Z"}, "data":
[rows 0 to 24 of 52, columns 0 to 33 of 34]
22.09393694942052,22.541467850265228,22.688858533069713,22.672064359134485,22.713816703171542,22.749825732886563,21.06455247246287,20.111021712227323,19.271910139199306,18.3887405778557,18.152742589469263,17.792308061497685,16.66837930535981,16.109345330393666,16.081789706942878,16.963747604466725,16.84295394545504,19.15074669526817,14.83774862424357,24.034935209333707,16.759516013854032,8.114705096333015,14.323409953356583,18.501879842782778,13.213148038414138,4.486110797804741,11.081068027691938,11.319357688916517,9.622600174992742,6.424823690299457,5.628380294965991,5.7522166423729955,5.661415939495405,5.153161580493017
22.450217110208587,22.768713938621776,22.656584976666917,22.541052171569188,22.580223944711754,22.628095812037017,20.576686352393985,19.31356241521098,18.647649801049212,17.40824857793527,18.026464284845723,17.874852281505483,17.09179008577641,16.70391468175375,16.86674518028547,15.458095517827784,19.257847031923536,18.585794368306264,22.702504860214727,17.064720950127498,19.642505249382868,13.243208069381552,13.152351984344717,16.75873549756825,8.996017473335092,9.445596559348452,9.799395154059066,9.485751410778157,9.103145906759234,8.324363190159021,4.580101401431411,5.145992299672225,5.165354325374706,5.665148038620987
22.23073338493776,22.65870370877688,23.235284402034633,23.034336453797106,22.84538253739709,22.349557977963585,20.5465226737181,18.58839073108842,17.54645509050696,17.20363646939938,16.811720251810986,17.340941072920533,16.93486688371982,16.64159118992219,16.781105506635587,20.351937273513276,19.2228738299858,13.12139358359569,6.883071570537316,14.167958625466728,14.640782107360753,13.373924641770044,11.371994362153586,16.56927122729063,14.366108281270115,9.814470673898457,9.739383297502354,10.245249922651174,8.527714855685423,7.684984876641641,7.451302364514986,5.1130302562022445,4.7310982723,4.950464289314483
22.327209248302214,23.331429750258653,24.137540774459197,23.78403311896723,23.28439789388718,22.453661718281573,22.3600704592426,17.10919076597331,16.47048580538015,16.271145648717194,16.24105626306894,15.767456226666061,16.11610822214001,17.221552008237193,17.61400014030068,21.056596074799458,11.523048919132261,19.846066513872334,16.48707986019529,14.665839710840586,21.250360962835042,18.056968337215523,21.051920741279133,18.825027671680225,14.094510946920416,11.63202052920766,10.330391427955627,10.099044338772757,8.621386844362473,6.558263740519725,5.594866781399592,5.241753923003065,4.79520129327181,4.357180553392425
22.471232970405993,23.886393845331025,24.349977797832988,24.411902851303616,23.786806232702297,22.91728682838055,22.413383788395468,16.047306977246375,14.417869719720498,15.48371456004252,16.58862675070466,15.254502034023572,14.270935292333027,16.47539808174529,15.219535799455626,19.78390052496564,14.783199492006203,11.471099901093924,16.294867647330875,17.183294677952482,18.269571721723874,18.17085547823242,13.235906658645083,17.386513195476297,14.45544220419125,12.527532805768988,10.275837895834119,10.39221956770622,9.362306049336187,6.92489147905785,6.522873739320508,5.788970356433936,4.28131919258212,3.4023422527877996
22.65553744458774,24.51326032648052,25.114674725875588,24.93860886786549,24.448074641535772,23.618449838354145,20.235581889797608,14.582226619610813,14.502053528048847,14.209870533701338,15.39134836447025,15.66402686912889,13.565850236218594,15.675453736514621,9.639825488847928,14.222580911191672,6.669476015752313,4.564568462052484,20.167938866441794,17.141026124056232,10.754961527614647,14.36252652398755,16.008653218043122,14.655219565193688,13.598200260471847,12.695972254198175,11.227504381347398,10.69154051838249,9.071821990989712,7.80193587485282,6.823857987516095,5.119476527754143,3.9355194079475844,2.5923501293905216
24.275589057282982,25.688606206458605,25.688927114938995,25.727982159690637,25.412999069253775,24.313892345449435,18.61313620395913,13.804424291889568,14.254804828054475,15.064648142737461,15.606937012571276,14.837430488348184,12.674294142077153,11.677883277378584,10.65976756699988,8.446170709175757,9.703450413083885,15.863487828512083,18.65781926035896,13.524041163385139,10.243985241502058,12.715974221254585,14.370865529888182,16.836989704492247,16.28876086399408,13.771174322231136,13.15761912115268,11.142819278666847,10.055615027698968,8.02121323620915,5.564166483913341,4.132886013851656,3.115959458522114,2.280172930067538
25.67165762059776,26.3120190085066,26.5126937016822,26.947913270676228,26.37463460009185,24.89374147203703,19.42443245447604,13.979460235745332,13.948425165103465,14.449316837757188,17.05171198000227,14.62170975902833,10.615634141332812,8.0263199382266,14.24718656597939,23.538948070385285,8.906127371059368,16.075216333724793,23.852953850877533,13.702509223796028,10.676084189210185,9.316685502913636,13.607387122339263,14.726387776484184,14.619710523817993,12.761524209963813,12.093797728487242,11.033602460214016,8.228835657234761,7.517759920219071,5.5571838965349345,3.9960300083189333,2.1168341638229298,0.5283448539762505
26.12818141174319,26.829269023718105,27.12733942415372,27.60534175252427,27.187656512623526,24.757583029569233,15.919185051214054,14.112275527110736,15.634274175580632,17.34629199714193,14.641214709594987,7.6914265829657955,9.431330468699569,10.264287657443655,10.914255321467195,8.854605888234998,17.704316552673173,18.855111733045618,16.103585003579003,19.803633120880683,23.643392815743287,20.40433924535271,17.536309805257588,15.56610681819008,15.553969701894035,13.70825242132895,12.305819302608713,11.200207184051935,9.866427548122537,7.152664573876198,5.249897352467333,2.770500502009625,1.3047981691814512,1.8235445700468813
25.73825700161932,27.32537802986772,27.674154157808776,27.55707367736957,27.434013839872744,22.527733683359656,15.73032750666833,15.165122500695214,15.911489496771889,8.939613221294367,10.396486080474093,16.99135275393691,12.291637554635395,10.505164518133768,19.733519097198997,21.343473745135512,18.628765273817127,18.636625737273697,12.544422313400352,14.011934302248468,15.009784305555158,13.699545392693475,10.403067672911225,15.662665018632778,14.212808237863602,13.308454047825084,11.426276461019166,9.391785319792664,8.82830558521894,5.56530330048827,3.7031748243011937,1.8737475957317953,2.330601091338362,2.1604642955883824
26.558786073708927,27.560547664847565,27.71722954972235,28.327930812838385,28.173011207614152,22.724260965532242,14.278982061533279,8.742274124280367,19.97258034708046,14.297533652532618,16.7739640765963,18.135864397368024,12.041957826181273,10.814808627975493,16.001898802174633,17.751693899484078,15.170567906077423,13.254782441172543,16.301305448349275,12.252669966795736,13.403063652549971,8.95406170554581,14.799385361824084,10.97236467222072,13.324963826435452,7.390005371929409,5.136466373812865,9.171480892502615,5.836184251776456,4.255317464553692,2.8030344532520206,2.1897590920533747,2.166237189233213,1.826512768783974
26.821765887338252,27.2826815653944,28.287110079957845,29.780626373211664,27.399254460198485,17.201912793082595,19.655688083590864,13.86476426977279,13.586879407098417,16.157257015737457,11.814808135826993,11.129128139671476,12.26731924546844,4.936887213102648,13.188067610206922,10.419643964520452,20.33838841732146,19.25211634322277,18.107863198624354,16.78392453451667,15.755296359877093,12.188662432893054,9.443098493406186,14.2046597259092,11.023885787552338,8.116956984086697,10.082880590973911,8.393848444217454,4.607508027128875,3.403934995887607,3.194218279697798,2.9219604987065306,2.5858828317947933,1.7178349163358995
26.649995587884096,28.219287466256752,28.04516735636412,29.153473239497266,27.560565286211354,17.95211239470231,16.196043936633743,11.947174135853192,17.716938738895976,16.17620654807283,8.369675756373784,13.323939440620741,14.089764002134501,16.116877196722008,21.24943096352047,19.441397018279467,16.097562560499416,11.442567749780803,10.796483685178808,9.688377826738305,13.101284250305653,13.562549329082772,13.226570947619207,11.272078555346294,11.565382798924233,8.693350125261475,6.051497939991663,6.1768100512620565,3.602546356267892,3.3630561695377597,3.2364456372957697,2.7677085198556797,2.1010112218647174,1.9297548878578572
27.778492811961435,27.899045931394692,27.719332304800513,28.119733296729695,25.50545287759274,24.919456508041726,23.447703645540635,16.82395183186443,20.753277786855634,15.297495830894936,15.34678844418507,6.057871329048484,11.730672464265401,8.053737443407904,15.138339239720494,13.59497310928674,16.408837961252328,10.68856202534482,15.070231172496033,12.23569768231878,9.185205953669398,12.423369681205594,12.78201972292147,12.662479721625049,9.26895175909132,10.355037522587121,7.149269642407372,4.495819541600835,4.289553096843025,3.2527814450428463,3.0512215219556427,2.11955706996623,2.211091043805836,2.3741552661816083
26.8793853491706,27.46293726609612,27.880617838705337,27.358691973511114,22.234497783896806,9.249514818050006,9.219605143239425,20.76436810698755,8.377983025461148,9.600181522123743,3.870990111882197,9.190856635855212,10.113129072203423,15.466334896174537,16.301989597248557,15.714951326938335,12.226733867064896,13.085699213370914,11.823745426251163,10.674680082445352,8.815699747720688,10.562134791317538,10.095988254958092,10.199799164322606,7.8366419042954885,7.521892500317761,5.318786874754423,5.383602137527733,3.8428545896499298,3.0435030910173007,2.0429317781459875,2.214166633945669,2.727679215219626,2.8442708851671634
26.18984355694696,26.650791867257137,26.98557398879051,26.85923687207045,22.342587927640288,14.649071111037745,12.262455384040445,1.547730544230193,1.0466545883309541,6.77690800951784,8.779845566128154,9.363003958362693,10.56919340916373,12.306222321102156,8.894284669708858,14.877739263939128,14.063712954588945,10.09014044370816,10.359463706248155,8.487991647927466,10.461827973707281,8.48727886039349,5.032042614891233,7.044589741887052,7.630328503717849,7.128224425180097,5.423878657625669,4.3796387476067,3.5294548686105696,2.5534928650574247,1.6277840427690373,2.668377979307919,2.7932750121349965,2.9666587763859273
25.902196273011263,26.10125759816744,26.60303000911919,25.45760200257403,20.62492795095482,21.790264805875253,21.087254453917858,19.894330563814574,9.173344194910536,16.387363467522484,12.118099973235406,12.225819683548348,11.86726743222356,7.464870007062703,9.221412000001493,6.3159171229828495,9.51708204326276,8.144581048571139,9.578718192121885,7.089328761942859,8.54789986788034,8.043631134967839,7.379967764380417,6.124290415648772,8.390341937188765,7.337014603300051,6.733369753510923,4.7574833987187075,3.4595531519217726,1.703465797052747,1.9024746293859496,2.6964490931206027,3.446140513154071,2.5391148064396507
25.593883916416903,26.260312621116984,26.408990077887356,25.195881985539675,18.500632171321254,13.856319442977359,16.322710857520097,10.71754877030558,16.359536716981882,13.881791258104792,7.928328640171958,9.542766441028661,10.803407360908084,8.70025563411765,13.33574950880375,9.95821234635569,6.740994196362267,7.295453892459583,10.292876461132511,7.983647016284038,8.62551682564258,5.289992311850331,7.009403227483244,7.370645289476106,7.965381072291617,5.430391597490619,4.189902393772531,3.0712801637395133,2.5388999651063537,0.7109736263172743,1.8854054517708816,3.868001463460527,2.798496875554354,1.940990284818747
25.719750095184775,26.60057947670782,26.136678124568526,25.531684572180545,18.532534186673534,17.86906415552262,20.53345718807639,7.76159242295981,6.513262195040572,10.273664019362226,5.940556473294751,8.523675280816402,12.714715711113307,16.401256865373476,9.060762578085916,11.11163679206506,10.246408058924759,9.668189796889594,7.178336446106084,7.907685218929659,7.643606704644839,6.089838273433997,6.30349961786347,6.909260681916992,5.625381584205565,5.168766066305652,4.322863079519311,3.692161063615091,1.4358718275549034,1.0516555778284375,2.3047150618665944,3.872800383551,2.406820699481601,1.5641292459205869
25.001496427828535,25.849720306194445,25.777947069617934,23.980069001845877,20.69582351332656,16.397427325627678,0.6375472896494201,12.458510863991615,13.244875494647673,16.687657167607735,17.022862926501833,18.790062605792706,11.312153413416967,14.366997374816924,7.913544556181357,12.182576107568545,6.898586637709704,6.772590825281157,7.635242761091105,6.913298119528438,6.751611070232242,6.574099445922285,6.0201869700126345,6.01452583816918,5.155066662492138,4.149590129423196,3.3213019120187335,2.237509417316896,1.0498048929578443,0.891362158821115,2.691868146750885,2.507903411517828,1.6125209014624975,0.33620785653973423
24.275851271813654,24.92803470013874,25.304194968121305,24.29083845261098,23.037194235642428,21.948062354610773,18.574732047929345,9.24745490507002,12.809378531016002,16.689315440560655,15.846718196893905,13.324405927318686,13.358880293387157,8.964622629255727,4.09039082702233,8.807205100249565,8.334396101933207,9.031758974244001,7.168706142495456,7.361632464219402,7.12666861379256,6.890123288342435,6.391270837240642,5.00805031875401,4.940231517414676,3.4606148626267963,2.5034442837971733,1.1393078711196785,1.308747011994089,0.8393433608327414,1.9295743957767573,1.982193279135083,0.8027469625944703,0.45627115476523106
22.564684941532494,24.555442685362113,24.432008302844324,23.739383595082078,21.546596126080352,18.276797788316852,12.910428685585911,4.848285483672208,10.815457975600971,5.724574107137903,11.475413495789555,12.511223930563808,7.808623744459384,9.944419575501987,5.592370219231548,6.7711168134918704,8.313242036089788,7.144559977552265,6.334087804727822,7.657963498661019,7.457256634400785,5.92336809341556,5.522003941643233,4.159171422382406,2.963979146693121,1.6106381060380153,1.450206536368679,0.8483059743116673,1.5508544732452416,1.6058568170028626,1.5752357387753237,0.8681241688476532,-0.6788775129119773,-1.0048267210109574
20.34920724105734,23.37714543414645,24.08465478005205,24.02856452295548,20.430881725083317,13.14484802658655,15.043834772772202,6.0856020652818685,13.563179445881927,12.729853549344535,6.8761865138940035,9.360799565395837,11.350184377449752,10.698235655232574,7.870941223964901,5.804964873273492,8.754967997296347,8.215728662066864,6.254545725730781,7.267552990192804,7.289770145285567,6.640062820919871,4.7668269675760895,4.712072745445186,2.1394032856473655,0.7602077866667494,1.2907568933415638,0.9953854002235559,2.1894707450398516,1.8437290241066033,1.4788317243678373,-0.13609405586805393,-2.057180846909507,-1.9377945658794207
16.951139231066676,21.572319996383925,22.67166058544247,21.770050357690486,23.064090843628964,14.004377102321197,11.929839151384375,14.975411401874158,12.721554933316073,6.757549058997948,3.8451868353460137,3.9864126426425868,7.377149268874016,5.922900813678715,6.82406549289787,5.9131039705163975,6.165923279852925,7.3955116946403665,6.912365118341549,7.003739484054457,5.682363060696554,6.424860013448707,3.696328231968248,4.26000657450799,1.117114719934626,1.48307418512402,0.8696451554003455,1.7572734820309213,1.3789035716487072,0.6169779300292241,0.08918291814918117,-0.9346540595881262,-2.30974127352084,-3.5309320568505353
14.80829605949329,17.446555036875207,21.791351295640226,21.7032543957328,22.657594338786105,19.44976801456276,11.24788760377035,15.711723823309962,12.696948321617018,2.6156873560015446,6.531412239080787,4.423997262022614,3.5541756963139153,3.9014266098699553,3.6213469042765696,7.230326561806428,6.739830658790739,8.882697715365392,7.663261988541356,5.205031013069753,5.7684835410059225,6.498687155083329,4.2024060746193985,3.251536579193192,2.5467107444421266,2.2438590288367237,1.6717021515636004,2.712643486888276,1.0256859294701985,-0.15631839294954664,-0.09254027871593871,-0.27612071856734594,-2.9092576101734067,-3.445078798638164
