script/wind10m.json
{"header": {"parameterCategory": 2, "parameterNumber": 2, "lo1": 3.000054539987559, "la1": 64.9999836372058, "dx": 0.5, "dy": 0.25, "nx": 34, "ny": 52, "refTime": "2025-12-23T08:00:00.000Z"}, "data":
[rows 0 to 23 of 52, columns 0 to 33 of 34]
-0.89040507382271,-0.6203216356245027,0.2583186128443957,0.22788964546252016,0.3005852282904814,1.1095057986205905,0.24520943127983366,0.8260106664589534,2.3692752435432687,2.1343112439621894,0.6452696025959187,-0.34940990072296196,0.38837997732806945,0.7978178845724455,-0.6529428030105453,-4.249337481691298,-1.592206462186754,-2.439047948349704,-2.366966455139067,-3.1091162360737905,-0.5665704177199555,0.5634746546891981,0.26365340061678577,-0.7549622251379788,3.9376994757978037,-0.18013071497842342,-0.45282928863654903,0.5210770903958626,0.6255749245705204,0.1349092829476444,1.9543299226797421,1.2195098898139491,1.1341757349994468,2.185930004948209
-0.013512837483259668,-0.34282111848873775,0.8291926422380487,0.9431345715049907,0.5430396476864827,0.8357897134335613,0.10339488539184637,1.1751583602016724,2.585837417065738,3.2567702371106,1.305476202450515,0.4613104925003068,-0.03492782146346472,0.7355443109623193,-1.0119395781118354,-3.3449102820408805,-5.278701875400514,-2.100842488468524,-5.2676250626582055,-2.570021742152265,-0.7427753568413252,-0.7869499385959399,-0.46196218634656416,0.7939689317044516,0.5657594129029504,0.5098316770049385,1.263810370971017,-0.9591034644332346,-0.8782111041571795,3.3195710962747604,1.033856745432594,1.2895408981623286,-0.1706753437366406,2.3759142977424896
0.6687993029621137,-0.01962940840884487,0.5503406719154089,1.5330380815642126,1.5269205901528475,1.487951743087131,1.1683893493567357,1.2552854692349042,2.0624539751280246,3.105816387181203,2.326126893544082,1.8129779833707111,0.4259939301421278,0.20965790610753962,-0.049265724666739744,-2.0852381764659085,-3.275530046875851,-3.228737990241687,-2.8729951738316357,-2.4716867239870877,-3.7329247729742803,0.18377302180945063,-1.3871820926697702,0.2805457496733094,-0.10580724272749208,-0.2003877535784964,0.45326488184881736,1.186982295571799,1.0685907344269683,1.4219540862174036,2.8156377939749566,1.1969055890640388,0.9427302079240394,1.210777414982589
1.3381447561375468,0.8503561445345245,0.7532533255451076,1.7714487474768212,2.3948943909632128,1.7777756160724967,1.9572135759742146,1.3031018854435052,2.2164355981182973,2.6990484112337807,2.123475445589362,0.9615840554957881,0.13156319293499555,-0.21191238446326777,-0.6041021841026918,-1.9272272033718967,-2.589143271356382,-2.011138418168827,-4.75129700652734,-1.1054800694761342,-3.862279793984063,-1.9230561743715466,-2.6314849439793733,0.41054470961752193,-0.16634554497787468,-0.04250962602223708,0.40119908435511503,-0.1906307892789014,1.0805323584978734,1.3282988967790317,1.760600235189306,3.5798744118080004,2.0131388130382346,0.8083947426635834
1.9296871365492285,1.5055977531261806,1.7551256132975448,1.3979263536631408,3.016626672208365,2.6934296481933897,2.48915374339475,1.4545012996057325,2.820430906729293,2.969017740205155,3.144185054079517,0.48458511190188813,-1.2165285736242002,-3.1196463860374335,-3.532345014821763,-3.0428037230697162,0.026696642229794648,-1.7812216620457637,-0.940626657034933,-1.2382628794233657,-3.2473456033940504,3.623380919132475,-0.3030136449817362,-0.05165913263750679,0.4738814984314612,0.8349034561667199,1.0206812238839795,-0.3968840712878844,0.9920971232507441,1.4380682894742984,1.2753397442007899,2.389806534032896,1.8739753943548543,1.3346029251799953
1.9689121620647847,1.9866149538557678,2.0547516953055345,2.2206089450691398,2.8647454633499128,3.1069481462519026,2.636668751019855,2.6067532516198235,2.690890976012884,3.1824252660727943,1.9879030695241091,-0.9691833701607508,-1.7150420741458496,-6.277198221219902,-1.6074990587923577,-0.20900652246024026,0.11169595674338499,-0.5329945136674338,-3.085750116405757,-1.8703194655327675,-0.5029831353623394,-1.4707413693162812,1.7607214466974987,-0.0035273150386159833,0.5596746150808112,1.2286934871084711,0.3894036340219778,0.688322480289855,0.5025082995113944,1.5907500959410292,1.5599842033373794,-0.8297241361534105,-0.36209801337486486,-0.02685173560472185
2.5685007371069686,2.7703401611664393,3.836779165242002,2.6301049213637033,3.7942363742956977,4.287765547591283,2.751440129916819,2.987804244593583,2.936874103437033,2.1408601311019075,0.08114336398982636,1.0592591139433312,-3.2413513124234927,-2.2085611121605835,-2.06531719867746,-2.3296181394037188,0.5585438372658702,-1.9430952754022213,-2.5044377084199816,-1.2841400847656355,-0.3064167746017357,-0.4292772381659956,-0.8582544531535993,-1.2121237000462202,0.3487667414922904,0.669932515475475,1.9113521495492447,-0.4547672090332161,0.29614420406378944,0.7955402957284382,1.6109796083040173,1.2802086312965382,0.8997895287070241,3.1153406508289807
3.402847784270101,3.374804944835521,4.619549979217381,3.057410323554007,3.9472803509165786,4.492387977688253,2.6866480149106633,2.3922275114021394,2.8209008512900953,0.11526214631325804,0.002888078802364263,-2.0355301846894043,1.012475502153678,2.67837622575923,-0.6004348103333309,-0.5043158250162657,0.02308764595012258,1.1618676827763654,2.768626267894365,0.10746092214528917,-0.30958137333158736,-0.09092639023695878,0.6189272614031229,-0.7673955643279223,-0.7564886387094357,-0.424487075964383,0.38973557421085714,2.5215650524482527,0.9210077261823436,0.5524306449938042,1.7025815774521087,-0.5818855494121494,1.0639298304795273,4.4678239108753175
3.4161110090808338,4.001369214018633,4.478989807311704,3.082686333993932,4.451811657399567,4.924792344591069,2.1462749788516193,1.3638934288497322,0.2222150496658841,0.5815131294403221,-2.7396701526964518,-0.7689030175399096,-0.8299992350181912,-1.3408157446735174,-1.148528291736673,-1.6869061094325675,-4.863241427471277,4.329102924500689,0.9400820467199732,-2.019738593571425,4.369259586106176,0.8576185740636127,0.7924572355931526,-0.8465962301307867,0.015634125180710216,0.7888496115407883,1.0742332595992812,0.18134024245422506,0.03777766679907319,0.47942694970566035,-0.6038080717424923,1.5934037810245543,3.5299781254163314,3.6942787261370187
2.9651937193586115,4.3826936005349815,4.674542568332469,3.5294837298601918,4.0326151819736324,2.626931528525969,0.663633632601021,-0.3295702877808411,-2.814876618992415,-0.8261256773655926,0.03151261962799466,0.7076130632582508,1.0148689912184428,3.7783679216132877,-3.156192152943713,-1.8343822658932194,2.534573394490524,-3.2622694100002203,-0.3416927752937299,-0.09450486598063519,2.9790040249498126,-0.004056108687727997,2.0248885743155913,0.7429630899414703,0.0357110906346037,1.3959386130328402,1.1125918602681988,1.2893004985168477,-0.6169188902651208,0.3059920750902815,1.0954670319707713,3.662253568181607,2.8751001770102884,2.1358465798441673
3.0878877613984717,3.9209249806898465,4.01059722480574,3.5483581421837473,2.9750521768525116,1.1150254474180834,-3.018822334970972,-0.87190635006207,2.5693166436451556,1.2167588802119345,0.8333196840162734,-2.1471606340052367,1.5459635273593644,3.668593791042723,3.0724094294224167,-3.7180757151120187,0.9123836270622778,-0.17897315548048176,-2.235887589959843,0.6812810683927328,1.1390587352792068,-0.2032840357086419,4.4837881663689885,-1.5165386802096887,0.38729674107640727,0.13901470901012658,-0.5340585847521333,-0.0016860393787861423,-0.009350923498489322,-0.011666269130449318,3.1761713121934654,3.1684489562908147,1.616637066488688,1.642845761770738
3.2755011651216526,4.239935385330119,4.57209430983918,2.73866774200625,-0.23137310411436093,-2.2918034641811595,-1.4937856114490398,-2.4486581851054994,-0.12015821057952768,-1.1706166816881085,-0.1049635006543834,-1.5217548043716034,-2.640613361466542,0.3901580278238937,3.303089370592465,-0.2376884895202232,-3.211582503495766,0.3762748700683288,-0.6408156784838104,-0.8290893544637502,3.063363403613952,2.533911277337828,0.3305185254267875,2.1277520884949834,0.2623638276157971,-1.015660730831002,-0.18405752580386012,1.0813618284711703,1.10717860748245,1.3929998733732054,2.5023045689754135,2.1509612873731463,0.9065856667475822,1.2446192466755208
2.947442200333509,3.202798629588388,4.143909558567522,0.9421445542336144,-0.35259258578128505,-1.053423079245752,1.7061873178156775,0.7983770955820937,-0.25259250998922855,-0.32834154582950675,-2.0775066835854727,-1.504813457527268,0.3925629061948884,0.1120330703009662,-1.2865271808278587,1.8932212511351247,-1.2601159082843432,3.0894745718130188,1.322986141512136,0.5046027517470378,0.602928848743776,1.7036657343849406,1.9075113908996966,0.580673429665565,0.08176880771290343,-0.6384256893414412,-0.4228353051447695,-0.39342597305846727,1.084023003084489,2.6311604632897283,1.7406998617769849,0.6104765777784059,0.6079067978488284,0.8108437591360956
2.7798373908039102,3.0269802622861377,3.8037078035368372,-0.7739502129424919,-0.4389618115887378,-1.6185877022711213,3.3633836628491043,-0.7253082958445533,-0.8790729964348173,0.030699412700135018,-1.0334972362878194,2.3633370099915303,-0.20717350514364877,-0.4832850733998258,-1.485514826587449,-1.3884016327167616,0.6298653452413004,0.957249589730634,1.00174995980552,0.46173400140706705,-0.6444203077004549,2.165794927794324,1.3683797714072639,1.1717045700641435,0.25987228948041224,0.7998928549056193,1.010484092481404,0.8470652747470706,1.4067764594273997,2.301726875651535,0.5244826895954332,-0.19183226648708174,0.047640618733942736,0.2479198398206961
2.4472253451243082,2.96449876630235,3.237598829517429,-2.153594869240714,-2.366798885872693,-0.2782747635185701,-1.3628008295766678,1.1653560546709494,-2.0694936749151784,0.014491263074053176,0.47899439920363707,-2.0369149123005266,2.0200207846920084,0.16494851912861727,-1.4930233523912153,1.2579722301215532,1.3198667144983554,-0.024965262741299527,0.6219285339456024,-1.0163856579904955,-0.2552358232096826,0.057426445810817565,0.37609586280777285,0.9376947642546561,0.07102911233190216,-0.11279636562142424,0.07950130117431045,0.12860649418715958,0.9082893342210342,2.106318560332082,-0.2807477572244684,-0.273017258732465,-0.4251807323726129,-0.6717519475288355
0.9544526772117159,2.1963808631627373,3.4598930320398384,-2.7388040876166646,-2.9827611595577537,-1.0351918766071846,-1.8010057376982966,1.4781020475809337,0.06811291486473009,-0.24603543680311568,-1.0107599101356262,0.03173457263289641,-1.2351456474913738,3.971355229949066,0.4063020925789007,1.2479382098243708,3.6031111329479155,-0.49331321734042005,-0.09493283484037368,0.17279651737060164,0.7307090294134416,-0.049505644933499814,-0.07135179228210663,-0.11490092361043489,-0.8519722115742822,-0.19718771401299526,0.6428293168346331,1.112022978196556,1.3189027275283247,-0.5278005149058761,-0.4902160032375948,-0.7251943138894943,-1.299701656857361,-1.5592668847205677
0.04375477280411315,2.1468912434723486,3.5468565754571775,-3.037618239270737,-2.7017309737043473,-2.0505239136996956,-1.5330681372440425,0.1567696453353654,1.8753462311948825,-2.264438042107741,1.6429002845935559,4.529204904452363,1.6740648003351466,1.1158716768583083,0.6908738331120908,-0.4931088998150324,0.4258441650774697,-0.06892442197577504,-0.3702704532332285,0.3371120494945997,-0.08848309447367651,-0.7480577221227862,-0.29287793946308854,0.06325241229698224,-0.49495678222198125,0.13847585747361363,0.5362639324020618,0.5697465752020302,0.7868319563529536,-1.3576083105796648,-1.0799963542888458,-1.5693434864986686,-2.129925654220044,-2.2628040487828764
-0.734584985585658,1.5115090465991814,3.225838606307141,-3.08204753813272,-1.7917798270155656,0.7223208474684596,-0.9802715705248256,-0.6778145952331964,-0.5544382882140526,2.2018182384458607,2.273371724910398,0.7326968799241226,-0.5330672763668346,2.605888754771482,0.7119144083915412,0.1679349038638311,0.9732053336712865,0.573134074139796,0.02487853182038299,-0.6314263182205928,-0.6438872971483128,-0.5902214191023784,-0.553014554430956,0.6000152334229051,0.2496264097258978,-0.4248543347011608,-0.93840736444714,0.6665067686690177,0.46026048607900455,-2.240522139843183,-2.1421635154267444,-2.410482935576713,-2.839223049090108,-2.919783897298303
-1.208855654152275,0.797619133030125,1.7909155284824403,2.089035841305715,-2.8496328624102816,-0.50900020516269,0.7950572601939117,-0.1569173538013173,-5.557470393662998,0.36114224387739313,0.9671163033350081,-0.10418307931995933,-1.1223502826487943,-0.14265671754052367,1.0353440240668839,0.3258812153731529,-0.3675902653373132,0.13384975770965754,0.4231599250937179,-0.24810079084550243,-0.3878367757337744,-1.1354036653532111,-0.620283984172421,-1.0831448732759112,-0.3129298813784748,0.023782947886374462,-0.5327909647524383,0.34107392795429514,0.363940979772322,0.7663066418935945,-2.1159654073191483,-3.4149542710623773,-3.649079017639204,-3.2109352614834394
-2.3149938731437003,-0.5387883804082086,0.5360612244354909,1.774414374178419,-1.3145331696170193,-0.6313742603468173,2.527199146819073,-0.2508576553000058,-2.4343480483182285,-0.13554419198307346,0.08860549721598714,0.030097742240831383,-0.8658833999394955,1.9647418238611816,0.13629568392127805,-0.5149181890081106,0.3757574785654063,0.14120126241893383,-0.07168791991909633,-1.0209862291189309,0.5110835276984491,-1.3357973467383284,-0.8820076036513285,0.10758307423764325,0.1457866294511928,0.03811378429391228,0.7518196976436358,-0.14956433051907977,0.4621853897725255,0.8681519145473096,-0.02445029748029739,-0.6790002785218813,-3.8406396369292795,-1.2599802168821421
-3.5782909080931518,-2.2000184913485934,-0.2965782115614679,0.24376899638030294,-0.4291156675978465,-1.2638187021922966,-1.229339929099172,1.8406009304534425,-5.614393996377486,0.18742393137015936,-1.763933096130001,0.43632731311589124,0.3422673752586141,0.21567091568933477,0.25700217071126247,-0.6997860896958448,-0.4849254540044405,-0.3034753632873387,-0.3511598812288215,-1.7194114279405637,-0.2740699719976032,-0.33395302827565565,-0.9625710680296583,-0.18036704817827076,-0.5934321463519338,0.07405031575016469,0.20718952886494865,-0.15987631089761595,-0.05235737736776839,-0.6645549182825196,-1.2067547505440697,0.20393436208106,-4.650647961492752,-3.6617698552864857
-4.33392409747575,-3.8094604596130814,-1.9175819029254444,-0.23406214182045756,-1.0534927545488235,-0.3366219708644204,-4.4395794927228645,-2.5050186538095,-3.509694312125619,0.18950318970189128,1.3465012653829491,-0.13279331794127225,0.46790895951445166,0.5165249200409527,1.1196833037254352,-0.5366226795028449,-1.079523212392477,-1.228867366810414,-0.9885500159095324,-1.051991525656592,-0.49239317478046285,-1.0713046792978727,-0.41856130615322834,-0.09562636346477985,0.20586511285104975,-0.4472848521237469,-0.2482164373525696,-0.6218479345084007,-0.7861427400015405,-1.5027977882430799,-1.3298598757108957,-1.0799487132988128,-1.54765895476155,-3.5829976942311297
-5.8409827239665715,-5.516940631113025,-4.011163100145344,-1.5284902280204418,-1.6419067459710897,-1.4005824007558945,-3.9072028790537816,-3.0613587542673733,-2.588957442996062,-8.767062917692485,-0.5158778221522281,-1.734433763397024,0.19123951956841825,-0.8605867957271885,-0.662861054161319,-4.02263338259401,-1.1056777395503834,-1.318442984150627,-1.3024402405487254,-2.091485046996093,-0.8430967018230288,-0.5660411231295578,-0.8092172360569931,-0.8636202755598199,-0.001366703283600243,-0.6372155059189425,-0.7525362849590943,-1.1063315089920434,-0.8414376530507246,-1.009617662507371,-0.9712132685389413,-2.6753231803906607,-5.908457352901146,-3.291960848300922
-7.1947432140522976,-6.960438380626698,-6.322752158060119,-3.2964162064306723,-3.0909001455292677,-4.056424721363187,-2.8176700359470765,-9.631897710011748,-7.741464434083423,-2.136856821296147,0.5017255589045321,0.7732022071324074,0.38178131499629725,-0.6338956544411902,-1.3319490882207243,-6.025544804320608,-1.335208152418067,-1.6249406106826783,-1.3787234984979582,-1.5302887367018907,-1.071941314255491,-2.2892103081181707,-0.9605365954691135,-0.3542227293097826,-1.280909140602994,-1.172439585005633,-1.89190900641396,-0.501720932959859,-0.1969466608026898,-0.8869496205321824,-1.7600285740833461,-1.2956842468922518,-5.452037289260918,-3.8530976542190434
