script/wind50m.json
{"header": {"parameterCategory": 2, "parameterNumber": 2, "lo1": 3.000054539987559, "la1": 64.9999836372058, "dx": 0.5, "dy": 0.25, "nx": 34, "ny": 52, "refTime": "2026-02-24T19:00:00.000Z"}, "data":
[rows 0 to 23 of 52, columns 0 to 33 of 34]
-7.275929343851212,-7.953879623260332,-8.621497900729127,-9.35011650523805,-8.88626211970676,-9.284820710484313,-10.326066235866177,-11.827043046857195,-11.969050421522992,-11.22143246369736,-12.341523009276232,-11.425393420640605,-11.299096041561437,-10.509160199859393,-9.747798124565124,-8.449283424024745,-5.015935098767889,-7.729800797833486,-5.8194757298271735,-11.61991859480272,-5.396046863762738,-0.1791225709610468,-6.612515940148831,-5.617464071153314,-2.7083256774379056,-0.7062886975814179,-1.0137192493113556,-1.4615017280776208,-0.1546141698873881,-0.49188004552263376,-1.0984990438989868,-0.2920205909710177,-1.793194892264658,1.5938899296543745
-6.715538225992746,-6.247972525441721,-7.2294915982140955,-9.106587580181706,-8.271538777960203,-8.703795509102639,-9.582856338884875,-11.135241861828023,-11.785433723987067,-11.477165099177679,-11.931733949443874,-12.107919704935986,-11.084426205796658,-10.972178794508343,-9.059581053091074,-8.346679705381403,-5.853617538938275,-6.656739972513272,-12.400662412184317,-6.933593621453639,-7.399268050766124,-6.095354311929532,-0.9653234454995028,-4.752469936193948,0.20478821536254338,-1.3212890645755933,-0.17802667231494584,-1.3989377767922087,-1.9471980795160038,-1.1635280557581529,0.7814168869427168,0.4793164054205261,-0.26088537277977963,-2.2520680153383092
-6.711389411975602,-5.443988485003563,-6.55855293530596,-8.083847567127806,-9.25525735540822,-8.919263035614813,-8.585647551938571,-9.835845480168054,-10.944143332427835,-11.985468446242335,-11.297477085286976,-12.794076393887853,-11.620393629642212,-10.08460959985263,-8.750598480343813,-7.465616414953664,-6.847645004016585,-7.237995718882787,-6.489804219064005,-7.327401354186969,-7.172340402301515,-2.705363774351801,-7.646941298240779,-2.554365641015124,-3.3614278974035776,-0.43003436106610066,-1.4652818927801716,-0.6008754873047419,-2.185865266873647,-3.8669962946763574,-0.3523388822094273,0.1683609849003401,1.0879551892479367,-2.077067154810461
-7.719978437228057,-5.857092465354303,-4.814929551163804,-6.322636782657494,-9.054220064508312,-9.590238449090478,-7.8543085793351946,-9.325941276498176,-9.952005300252175,-10.919253680651437,-11.645223730096177,-12.024389757567157,-12.116628289169567,-10.364804555923739,-8.027130607326136,-11.294864654399186,-7.275135998487335,-6.337594898979278,-11.038017305836888,-3.289224158154331,-10.759085759592056,-6.414344251172244,-4.784245038783428,-0.625520255555372,-1.913952078643692,-2.1044138730036606,-1.1076664066251907,-1.4119505259119192,-2.638849989327709,-0.907101435439297,-0.9856259418503248,-1.003753135929326,-0.7756093845603456,-1.1836049245167142
-7.4864464868942715,-8.299455702197907,-5.791522971452321,-6.282377841116058,-8.550180280826556,-8.871835687046692,-8.678957521428408,-8.766040957192732,-8.99422639407619,-10.276614482676136,-10.295534731120314,-12.122931256877951,-11.208252254820934,-9.554885679227295,-9.435712738402383,-10.22208128489367,-6.5929942364097265,-4.262317531238878,-5.2845225845091885,-8.584671693485577,-11.519657789089967,-3.630765087018201,-2.0876400001059316,-2.7221456049475337,0.031152963340445126,-1.8328740149461806,-1.8819889716314793,-1.7326122153028107,-2.099320809753074,-0.9656370235220929,-1.7212768592874201,-3.9822110423908064,-0.49648674317043784,-0.7751546233683676
-7.259145015174237,-7.01401187442352,-6.751643600011096,-5.1990847949038255,-7.12802388214842,-7.717679395759746,-6.637265072570473,-8.041772836504856,-8.043297182490846,-8.721807809791343,-9.49630804199796,-9.447304891501766,-10.585434443367031,-11.106098015928062,-7.029818547005265,-5.73531954670048,-3.2364021031841292,-4.71787321979213,-10.269450045813993,-10.958167661967932,-4.610639996936705,-6.005464873634614,-1.8359840322671799,-1.959940286626659,-2.5678753326640757,-2.5757758956976478,-1.9633953982383028,-1.6918457334321093,-2.1485590050968093,-2.0888907062844417,-2.902940703296255,-1.670132861399693,-0.1835895647319006,-1.4568801173832702
-6.67637116939349,-6.488073613580721,-6.34460090808467,-4.822133522060307,-4.220036507079766,-6.240331060626628,-6.57048857833047,-6.131319036073032,-7.4009243378202765,-7.410487528826537,-6.281732766577762,-7.95872241784418,-4.2224225882174915,-8.316660644917585,-7.6739038849104295,-7.434267197191873,-5.18360884565673,-7.590040460623827,-9.02162188681349,-5.762907964279558,-5.3730982928113695,-2.9046595340688963,-3.3910155216690705,-3.260299510361737,-2.893117539592966,-3.3209552316672,-1.9489522417969618,-1.0851218345262692,-1.3814884746277964,-1.4670736893963918,-2.6073338942476822,-1.71473581763195,-2.2159775690809584,-2.8767950201576817
-5.912931606147663,-5.578668766754107,-5.417960601474453,-5.049800916326868,-3.8349312605441623,-5.6227491424666995,-5.541167131961721,-6.053115977168568,-5.872971401932739,-7.17415878121394,-5.458977786124218,-2.7484794063683773,-0.9863966919074796,-4.271825912493766,-5.317644236351116,-4.455585051741149,-3.05104350611473,-3.768960018683629,-1.5983832310618886,0.13450242501326407,-1.8093527543365484,-2.8984258891803143,-3.4336625456906553,-2.3092258608677403,-3.3325257595787,-3.5080293095757917,-4.059100736236116,-1.679804083968806,-0.8201415777122706,0.6369324355166497,-3.6653884714872853,-0.8178460357134907,-1.4889951382685158,-2.5132742516582636
-4.67863335845272,-4.653242417142608,-4.7103615884513905,-4.650640709142964,-3.4209805190373754,-4.890157052056673,-5.826496176927296,-6.186229761307328,-3.471971836249654,-2.188669493061355,-4.588300950560487,-4.767843280193259,-4.29494343869878,-9.814377941663135,-5.594725324409877,-6.456376615881342,-9.370420155305176,0.19120693534104571,-7.870960647138092,-6.553691978686136,-3.1510653790378855,-1.5613785602349142,3.0115303476116924,-2.400838771401347,-2.399992926404345,-2.059346687517019,-3.4929822346228185,-0.7979024062092114,-0.21899346744345846,1.059149613879095,-1.7328988328048434,-1.3993619896414842,-2.580094895521785,-3.2380622133760126
-4.082615658537872,-3.945202110160591,-4.174735644796816,-3.905170703721202,-3.8830573536043596,-3.6181228007763897,-5.970833667730047,-4.203481116141857,-8.043006004347971,-1.665665584210639,-2.8667587500569223,0.42018535152020114,-5.536957609327348,0.9028214351015581,-6.373666832659273,-3.274069640622514,-0.6784453400028844,-6.666714518471327,-7.302844889326746,-2.7145379288123226,-0.09122091060277357,-1.7867962651811855,-2.0847355696311913,-2.123674302965589,-0.10900133652891811,-2.2175465094577476,-1.0547309088993668,-2.6846939709628086,-2.983676294620877,-2.316643938926355,-0.6545772986049591,-2.875414127886243,-3.778859580176759,-4.362070992437401
-3.779935853099992,-3.926755807844208,-3.6818046503446262,-3.8967258961378426,-3.6865158403587746,-1.4697726201044004,-5.747138091356124,-2.682639947619957,-0.839498258183176,1.8316038377478299,-0.33726602547418655,-4.903511096223386,-0.4420802316686236,4.119516681659598,1.9388286380176862,-6.270089341064484,1.454044357773639,-2.3323679421037573,-6.058774943789195,-2.5415773536399016,-0.7424682617194187,-0.5456624251642151,-1.0029933791586063,-1.4972821227605306,-2.626870592999283,-0.9786168712617845,-0.5210289447636446,-4.5268007940257915,-1.0869329902661915,-4.300179921794594,-3.006721840725883,-4.010091539038462,-4.421406140811901,-3.9479666301527603
-4.378372542375928,-4.473704538813357,-3.840083777570276,-4.4599635040848,-2.4351829768739655,-4.543369408451699,-5.816928099384158,-4.2050753200050615,-0.7946069897996056,-9.617330476622833,-7.9923994462642485,-3.2575711516399526,-8.107807023086385,3.6001332264997905,-0.8526652429465874,-2.0231007120396955,-4.397283769320398,-3.258829167886743,-5.605283797603022,-1.816719395016297,-1.9964238359946416,-1.7091749025113383,-1.7141808777532526,-1.635140883645643,-0.8161127492428336,-2.4475939601423646,-1.749737006328603,-3.107405686431027,-2.8444196577586203,-3.095842618661687,-3.7326008413676615,-4.601961706532183,-3.603012348836684,-3.6055114947009987
-5.05857906620808,-5.10946410122183,-5.043344396145934,-5.001148233615091,-2.2455992430111564,-2.4589342773949396,2.889016989417652,0.5009271037918805,-7.9915823691048935,-7.981354269729745,-7.197073255647872,-7.5771423377639495,-1.0925930510989625,-3.1631107126351483,-3.5067258649859068,1.641231121400916,-2.2530060676663495,-0.2346379105263162,-4.490140567522627,-2.9111612135442786,0.014964111547689752,-1.3644728678210458,-2.197154690111604,-2.7062226968847565,-2.0690937552891797,-2.7401939122941963,-1.868853640352657,-2.118131775584851,-2.093994631014764,-3.623675438032462,-4.157623158892731,-3.5976134036395484,-3.2531208045913376,-3.5327411427166364
-5.33035798348118,-5.660474426537264,-5.788700520563871,-7.085727996180155,-4.541013491953147,-8.004941105994964,1.8997582649245957,-2.4866655975675327,-10.779599002018516,-0.646313611502405,-0.31159676359724037,6.485304033833804,-4.514690009720941,-3.8609697184504665,-2.216674754712179,-0.7250437006364499,-1.1008602547346957,-1.2517419031444217,-1.3788969806687181,-3.5069734838084923,-2.78008996617395,-4.793926851551628,-2.511666370317533,-3.5243414750693547,-1.7928431946928212,-2.6017342605357507,-0.7306608801475639,-1.0558330182737314,-1.2200975818429267,-3.5652141573298173,-4.082505865948136,-3.514517901694114,-3.6189432587758046,-3.6462307801720804
-5.456202136636772,-5.831959361620494,-5.771053027706587,-7.1175128140662345,-6.961226182745482,-8.031294915297476,-2.1260236667694987,-8.13305943212858,-3.0828508806407813,-2.540211598674226,-1.9531673898870954,5.137060379218251,1.469226052777954,-0.9869372432474034,-1.8542844739216964,-2.1239731267637563,1.6322573446039332,-2.5854607032553547,-2.048010558739948,-1.8763458410392218,-1.4016267512355598,-3.073378345586409,-2.7201706518244824,-3.2233452988778577,-1.6513797663903362,-2.27053825286429,-1.1706776615227186,-1.186849720434157,0.22818710043229024,-3.7778011514821523,-3.694411000593257,-3.3133202542386733,-3.8434583160563034,-4.430282482744878
-5.052867346308461,-5.684242690036277,-6.035388320197986,-7.1376128466641795,-5.9629917904914675,-6.567933749856,-4.8506359528465115,3.2573206284777134,-1.8834254975720575,-4.419842379336884,-7.729326122227913,-5.718704930870476,-4.6445139959728055,-0.6001699461491106,-2.050728633537085,-3.6261244461865587,-2.2258830339924134,-5.640228881181871,-3.7067704802161234,-2.3241134838655273,-3.441932949324659,-4.289246345174779,-1.19893261917321,-1.386245231960901,-2.7514863648638843,-2.7062020196968217,-3.3356427194172364,-0.3576224145948729,0.6374487688455176,-3.605733025688427,-3.296328929882866,-3.371678605239625,-4.697822156105061,-4.958704935381675
-5.097583103084649,-6.395399353249151,-6.1444553228691685,-7.344034828881438,-6.156593855356021,-6.464388836351307,-8.29799104559117,-3.648475770268316,-4.6320057304043525,-6.254792082943135,-6.188497812353147,5.3119908204941595,-1.241299453498805,-1.2704045799666603,-0.14365004964550304,-2.4145168589111337,-4.203477450898232,-4.49905708244958,-2.2514535557984985,-1.3058753175343876,-4.568093078307938,-3.489444428531343,-3.957641562370735,-1.9257518976766574,-2.7591457697515516,-2.825956777666261,-3.1291566096824055,-1.1920368773170136,-0.5858634124567952,-2.73299969655212,-3.435991401483877,-4.114728587236786,-4.636099950541181,-5.162163758704813
-5.397576919359487,-6.198155721928566,-6.45723427966074,-6.77203619931307,-5.423150464532676,-3.4963166222070305,-7.376684074871794,1.0213428235125546,-5.722189568418099,-2.973839270085781,-3.946263932425814,-2.027317602744348,-1.6897768531416222,-1.7875060783785122,-2.889372111905175,-2.9707513499576073,-0.7953875581563845,-2.2996381681120797,-5.168523004847084,-4.644021239269765,-5.660552592560302,-2.398845650356869,-4.1910733926353965,-3.2900229513722654,-1.2729971018224806,-2.4804471789918137,-3.3095220071832046,-1.4036805255776887,-1.2825435993066343,-2.254167423233147,-3.4835067695824646,-3.955512079691004,-3.8683650811609867,-5.493510606326893
-5.988361104726103,-6.430690211540156,-6.965551260848673,-6.059318379660414,-4.86849185245575,-5.588303413941206,-4.343799605454538,-6.031290729415863,-12.9216251864492,-2.3846401133466655,-0.7678968513764727,-3.7722043393348623,-2.2858530808560262,-2.209739858323466,-0.2420783705941163,-1.3316895755610645,-1.3732023395270636,-3.0118244668847396,-1.1875175512367382,-2.754053805132448,-3.0094055615227537,-5.826749881372118,-4.073325947342211,-4.392881679586035,-1.9601117793903473,-3.422554080939268,-2.697641730764098,-2.0007526038112937,-1.1470444151981245,-1.0299907500663446,-1.711360796018124,-3.6428990482178634,-4.264180958469409,-4.9377717174405635
-6.959067287315363,-6.961860701708173,-7.6768938798508985,-6.563184722302112,-4.8712217406896325,-4.5445599522468525,0.28249613634727194,-0.48896864441198984,-4.283273887156309,-1.7356403316615876,-3.2594003571259846,-2.597999886086358,-3.043361250594595,-0.8231627983331707,-2.1537288871143234,-5.025934892293608,-2.7647856521296337,-2.548678611709049,-0.4793910934125512,-3.7544637505656917,-2.6482978509344552,-3.8555930163832315,-4.9881567968672975,-3.007900126262177,-2.4377343014755466,-2.487641500145172,-2.5367002135519523,-2.195054829231712,-1.7149512628954398,-1.0145609467158134,-0.5206915806244979,-1.7580706662520882,-2.9203037287144107,-2.901044763367802
-7.7774497073612245,-7.682348092528307,-8.066857534912025,-7.409765230302453,-6.0995936642951545,-5.1490669525588535,-5.726132541945976,1.2706344584339626,-7.5068170864477874,-2.166022440993409,-1.1050210861608605,-0.5044162178991486,-2.1321704319138206,-1.3630058710230464,-1.304985221491149,-3.0388914023485953,-2.6758538652083774,-3.0771583374074005,-3.8819561756497105,-3.903554920956626,-3.7760414714128765,-2.5861848851550295,-4.625055617891635,-3.2204915069750566,-3.099112673528598,-2.714352270541255,-3.260294151093574,-2.0357122348748447,-1.3920535497019355,-0.10846768975754306,0.8415326410405599,-0.16440880985886558,-2.6534133842255687,-3.826172709059728
-8.465919286399654,-8.636628610586824,-8.654615080249757,-9.028576527933135,-8.046949379863726,-7.356097440901303,-8.189203926685547,-8.696098968793464,-6.8520043825194525,-3.240233007424245,-0.8168923786094309,-2.1305544169119015,-1.028661334807583,-1.663107633474075,-3.195230037177214,-1.077661784709108,-4.365604559297204,-3.6789464494366078,-4.178148937513031,-2.68253778487801,-3.7283550132272687,-2.574007952640799,-4.654396605665689,-2.970626856409364,-3.34255833224845,-2.7685842050963534,-3.0960127105420545,-2.0161624575859345,-1.5608622202560412,-0.45419164883864377,0.3648417461476279,0.7148967425928957,-1.5385431254540876,-3.1901945536901244
-7.5362681872939525,-9.677703718405139,-9.517686063347615,-10.047619454356452,-8.976873951986692,-6.713736814752852,-9.470063536802494,-4.041816550484182,-7.0500589695446685,-10.28466715087144,-1.6879288736532105,-4.616241286610674,1.5181371988958103,-2.571550263629734,-3.2952350500273684,-2.501061949250419,-4.6942295680918305,-4.441072921687686,-3.079521782154347,-3.9775324185812084,-4.109900515347658,-3.6726481625853387,-3.224181413073721,-2.7895210346114214,-2.46848636434088,-3.3745816793407966,-3.6978610703793837,-3.6118099869545794,-1.920685849694682,-0.25021072966884894,0.3981750714112377,0.10355894511557837,-2.2094744918806,-2.392487477479059
-6.104095723263907,-10.477160036843005,-10.791772169455633,-11.490229193143467,-9.414256212708073,-8.31986514692429,-5.958133340762384,-15.095980107347577,-7.99488265662137,-4.9743487802474045,0.09559293568358285,-1.0022097831879715,-2.3890594872991526,-2.833784914388842,-3.211077952119508,-2.2189099949611837,-3.741051679014818,-4.769281521348031,-4.033082318391818,-4.998573031211116,-3.875372839155556,-4.077444330683933,-3.5446746402664044,-3.9631463932004833,-4.49162081629459,-3.3741692180246274,-3.0104699012787326,-3.134889279240828,-2.0470689916416642,-1.28103284233226,-0.5925255863066538,0.1449411899698003,-2.368745207872796,-2.943315794249975
