script/wind10m.json
{"header": {"parameterCategory": 2, "parameterNumber": 3, "lo1": 6.000198445256149, "la1": 58.999992894266676, "dx": 0.5, "dy": 0.25, "nx": 22, "ny": 24, "refTime": "2024-04-25T01:00:00.000Z"}, "data":
[rows 0 to 23 of 24, columns 0 to 21 of 22]
0.45254944117853346,5.9028504456829065,0.8700172710968376,-0.5896155624791162,0.6231539993380535,-0.8381234479311563,-1.045705342881507,-1.360314368353469,-1.9147299812229057,-2.0719576299502886,2.652016446817587,0.443371571914643,0.05823059025388975,-0.4029592313006747,0.1938104361439426,1.4272686746943475,-0.36031326115643597,-0.5364625520835375,-0.3508349964883946,0.7784180551436815,0.30735463855439416,-0.7581357995950698
-0.4666454574752016,0.20385496492574812,1.4432042262849565,0.2632600574942368,0.3984320431919261,-0.5456087737565943,-1.2243965275016109,3.019041570537242,3.618908474643118,2.9079624882362647,2.9853357006579406,0.3460050919009717,0.23049309513382493,0.0900401109274751,1.127805063029447,1.0575620089868103,0.3929684541698569,0.3476812091963577,0.6841569043805104,-0.5587533159476128,0.37167721171306967,-0.05936188600504585
-1.5785419420958646,0.40721047279348777,0.13667349746852744,-0.43507418526022024,-0.7153522814540874,-0.6663168198111532,0.9483823311202859,3.4163680402187526,2.764026410732183,2.8888987393064367,2.74552505975236,0.19314366663964852,-0.19375455048215748,0.9891477633431811,1.0064729200118554,1.1111916856784816,0.9156905570205566,-0.348443102995225,0.0038464001510226243,-0.37961883932214757,0.4278677043496479,-0.323017571655205
-4.9810642608401725,1.7621508876145382,0.5327125342339267,0.1050075187334905,0.8734836228425333,-0.4968785881482338,2.493988709796924,5.354576749153889,4.804717450445133,3.974178788079787,3.99934144243927,0.7412499187481837,0.7293057049378695,-0.16797768598955362,0.5534439393955647,1.3628870718470931,0.3564658914395628,2.622575622751141,0.422286565305293,0.5075837140743984,0.3639269635516684,-0.3023930487483548
-2.3309375873759444,-0.8558860761777486,0.5223625339321614,0.918409917499751,2.890438207202036,1.94785319133135,6.053175492260573,3.8147784185292926,3.2093156504867433,1.3833448822029444,2.1633406280268628,0.9666795331665008,0.5532586714818915,0.32459603011409444,0.8362064924098814,0.10595341248481681,-0.24351964400194065,0.251186729481921,0.3466202994997495,-0.03946609791303923,-0.032787533753436654,-0.6567923762032333
-1.7953405226532704,-1.5107119415929966,-0.9239535594366702,-0.17654365407035622,2.330847734457016,3.2426913578286176,0.9698193167462954,2.331621730626197,-0.2132850509952649,2.02850344594721,3.4511187870267674,2.978442814380121,0.026649906284902734,0.5640946094314787,0.7232461914091656,0.6894650728007812,0.15377278337208228,0.5500928319409996,0.5000363552536122,-0.3432815255909781,-0.4174127843296416,-0.4556570748490722
-1.8947446863077444,-2.0269457318677375,-1.605633091984654,-1.6824022387153008,2.8428108013694247,3.6148425857290225,-0.8924686263144801,3.092925192988568,0.6111961072715566,2.5549789560938128,3.4461240132282316,1.8263935567301437,-0.4057563943568062,-0.3645034326814822,0.0072849347859175765,-0.059011522027255285,0.40850427593898997,0.14843411445277854,-0.3785763154238011,-0.1215430723856739,-0.49287717862955877,-0.49732945894458586
-2.4725890983562064,-2.705042916044733,-2.720654256605262,-1.0872347429730567,1.9223818748288386,-0.5141979944692652,0.4787919303983482,1.893399997409508,-0.3999841329472656,1.8292650903835679,2.336380782319585,3.4815802882829456,2.2332178119155657,0.7301362130079319,-0.4035259681107984,-0.2631430062300778,-0.062115956074283475,0.0594089313438633,-0.1335039163525925,-0.06506105321804218,-0.4852871142919533,-0.9413152415911775
-3.108766226411752,-2.994448015982982,-3.5642217415974344,1.7830613304032494,-1.7825602395712485,-0.9645604721903261,0.7317149475035355,1.7821737687829464,0.27925193938890863,5.707858673552421,5.002757230736768,4.230664391152147,4.379010766825181,0.6511109786675313,0.5031733070440675,0.2590772598260366,0.1052441619480539,-0.463968760530862,0.04666917034591277,-0.19993869948079626,-0.3369276016314677,-0.8622250053268523
-3.281315057459219,-3.238707897753939,-4.073596975200994,0.12514204643241827,0.09269242885175401,-1.130021853543086,0.6941367273046525,0.5863782409916493,0.943568053978258,6.094717976208608,5.29655417513357,4.658474501268288,6.313620485055514,5.3317406383955595,-0.17166154092370045,0.5196076400998962,0.015298337898009497,0.2169949770117412,-0.6404020063037801,-0.48642084918082856,-0.26547952940611874,-0.3208465896350331
-3.258982427384681,-3.9723343844941033,-4.043959263304787,-1.174839783391807,-4.718357586735435,0.21806130752005953,1.0198402993227322,1.4372404071035716,1.2277540714778141,1.962667411122191,5.015827853634361,5.550802549722643,4.159401792177517,3.8115698096587742,-0.06808253791835449,-0.14025293892343765,-0.07024430393365139,-0.20612290385185544,-0.40419150410262644,-0.25558810068232996,-0.27847796155247195,-1.0388351953042834
-3.405920958311836,-4.20946556917168,-2.5381408706259183,-1.632507589937866,1.559707621631347,1.3234324515936031,1.11861364392318,0.794858885292116,0.1835125317954629,1.108554989099226,4.850617974700466,5.26037336460141,4.425038002824659,0.7543818082566159,-0.48404358232529865,-0.10688693118358884,-0.6748947148600948,-0.17161698978469483,-0.7743619013232137,-0.7317416508650052,-0.5156344468261211,-1.7857163103675846
-3.677217465453521,-3.983174990351661,-3.3442351983563516,2.432672120733127,1.203978954875189,0.3491517739820955,-0.03755115531919752,0.5552121387139511,0.3299246772076781,2.015970554509141,3.3310026415218443,2.743685021140131,0.5802032801852974,0.6368518935393095,0.3245701005798607,-0.10929419193288085,-0.6435412377029723,-1.4306266255557225,-0.4098179490374812,-1.7716355710648106,-1.94466445549701,-3.1010815994066734
-3.8753344543685033,-4.450423699317458,-3.348124924012678,0.27219427664904733,-1.0743649408079698,0.5122448555060364,0.16732112743607758,-0.3781893234423583,0.4528776864553986,0.9455715820105997,1.271521364776032,-0.3423276997489014,-0.024752406791764096,0.3658920046359896,-0.9329625974685544,-0.5614474433860678,-0.8260544566493271,-0.3303749908199623,-0.4818859918540558,-1.2905886728273177,-2.1722462529038284,-2.9875606853848273
-4.562858671518449,-4.57433075384479,-4.200462479618711,-0.5069606125655086,-1.8764882057472718,-0.13903037281866257,-0.30691223911483023,-0.560212367605124,0.11692481087548283,-0.4838697302995939,0.5753928744373233,-0.29379360402352395,-0.5602649234437626,2.372176140874484,0.14644172860207894,-0.45921117178783655,-1.4773238411080747,0.06615848492495569,-0.1945470209225494,-0.9749435423222254,-2.042674768133411,-2.530844155340367
-5.1946142973708325,-4.930655864132907,-5.088777321245823,0.9206026761124438,1.5875042285095378,-0.26062035353466184,0.38282119999674863,-0.843504781715612,-0.6990139730618532,-0.43573622213038365,3.0118943930712656,-0.6319176886447295,0.2893385900303438,2.149582149785628,0.912926256886283,0.23558381502504513,0.8782331304052544,1.0082731805069858,0.6422713702250736,-1.3316565699283929,-1.8289831354514074,-2.655283064010746
-5.688637158843394,-5.601717637752209,-5.083726362510471,-1.1258327397467922,1.8909811711338078,0.9821186333422098,-0.7385119358953653,0.0970966286775502,0.11406741904954666,-1.7376998863152657,2.0780517488845,1.5876935117182422,-0.5444520069426095,1.6317695195194417,1.7317300095235644,1.3318290494563354,0.508981747557308,0.21638864662391252,-1.4935582360765232,-0.7479981238815918,-1.8519833607342215,-2.2684309039930612
-6.083887103705225,-5.865028422873786,-6.51453514431979,-2.937436412341172,-1.7290665041732134,0.0375215317974759,-0.5762476242577353,-0.8079571199403953,-0.2496171779063623,-0.6754204071720901,-0.2588466389222045,-0.44168386480474303,2.4497003194878615,3.034103879181261,2.3038947342526406,1.9359324784384513,1.3255097473467872,0.2063678761285458,-0.342900538057873,-1.082131935747813,-1.708388961064924,-2.2124203172787196
-6.371422120434125,-6.201674889031299,-6.323844956805716,-3.805615411368601,-1.8754680455620982,-1.5675025354798249,-0.8025549163734139,-1.0238631960096483,-0.6490099679680703,-0.5137287498781826,0.6635689177064766,2.9739408763012025,3.4827341693097225,1.2184307989477345,1.1294105189897257,1.2512153063904528,1.0564963629372555,0.36498788242105507,-0.35133961644460365,-0.5283355880289151,0.03554944311602915,0.0709821216780107
-2.101077666148775,-6.548605989930831,-6.220768478121917,-4.349145174018572,-2.517111503251662,-1.656532457465952,-0.46910282312308005,-0.24379633852332416,-0.25331214668533153,0.2162484336207813,0.040626130853837955,1.397393173619567,2.603173478939685,0.006397115886846089,0.012557846254532825,2.429718556384077,2.0298605428518695,1.6287899863294788,1.0392054700683548,0.2378448953075497,0.1384526316879106,0.08405731828586088
-7.505788657767087,-6.9382459439262485,-6.671063856276265,-4.354446855352075,-2.325606776831576,-2.206142888025242,-0.9161113513222756,-0.5070873463569976,0.12173160032666565,-0.5996982566365899,1.2296320511977346,0.8225932106864484,-0.6506843695075301,-0.0823998879184853,0.22007097899149738,1.0724931581494261,1.0035445639810816,2.06920340511616,0.15212260358897842,-0.2590736290510124,-0.5147087973834318,0.6652419947362954
-6.223022132944241,-7.240270594033476,-4.897454864732044,-3.059121328401967,-2.871581744985312,-1.4223173203970434,-0.2795336059184105,-0.8103372312973963,-0.13614190224654596,0.27693781193094225,0.22234884346142636,-0.4749623763574254,-0.4716821643716566,0.5476379023013102,0.17529271006742375,1.4145240748262489,0.4783224248331527,3.315105075840401,0.4534778656401451,0.9418298232401313,1.571964714646027,0.6129141352027766
-7.898693913919099,-7.264334179891439,-2.487205766638843,0.14238012173079317,0.0065665055978432075,-1.1539931647129162,0.31823234843838966,-0.2310832720821723,-0.039435992415877946,-0.47639816394201484,0.09339998513189064,-0.17620095717436518,-0.14509504514185967,-0.26769527827336653,-0.3479086772202106,1.2003412906496216,0.014653656143272539,0.6053272785517584,0.8062805997906881,1.3358066672925457,0.22504102970958884,-0.4171955452193731
-2.1407118326016623,-1.9658562883495103,-0.18720436005482474,0.5311037891420866,-0.19948917415009204,-0.22868654604891023,0.4226870703982878,0.18551870800356754,0.4733967614872015,-0.09465745659377593,0.11029186655739125,-0.15039858554711538,-0.08991425020067027,-0.11865657191016482,0.13914258853320813,-0.1911480115931386,-0.44665784831712346,0.4239602703060767,0.095299427552604,0.09893844056257434,-0.2949162189583673,0.42891755996034087
