script/wind10m.json
{"header": {"parameterCategory": 2, "parameterNumber": 2, "lo1": 6.000027932988019, "la1": 58.9999434238085, "dx": 0.5, "dy": 0.25, "nx": 22, "ny": 24, "refTime": "2024-07-04T19:00:00.000Z"}, "data":
[rows 0 to 23 of 24, columns 0 to 21 of 22]
0.9485098402028767,3.4013153731810877,4.507358272000159,1.8058581749160796,2.183958471583684,-0.035997362934812795,1.3941053068261935,3.340105213122856,6.642858301538107,12.191460068052093,8.952927763839535,2.5742504490213465,2.203589555252171,2.197956597221439,6.106307484442007,7.188987237566385,0.11253634552625184,0.46070272158390374,0.9140173247819142,0.08817310231082194,0.7710178540361029,0.7534196251613559
1.2073618417168646,2.0151589918279567,3.1063610913429667,1.0528581636866554,3.2114417742602797,1.257772787428569,1.8340158378745657,8.036347979858633,11.31248971988493,12.58796380369029,11.159164869796838,3.3892595301186064,3.0468339488290797,3.032853518820409,8.543173796972168,6.580461945881376,1.1619451204169144,0.6767423563484308,2.1966201738069735,0.49804687813153764,0.2595839079212996,3.0955564989126363
0.8705679032167556,0.8854581167030937,1.8100426085829877,2.574237292199278,2.4860145380122813,2.37619968642004,5.241087188213308,8.736782583039659,10.608929328332831,11.179235597598353,10.290249870127067,3.2101945535685723,2.9676103771735343,7.92807810513392,1.6847480746717147,2.3426094338729517,1.3815428471059332,2.711184120279324,0.05766253602472807,0.7821967499553082,0.5617667786639132,1.4920556979060726
4.222296968921788,2.502881337468626,1.4593820883445012,1.5766575325034105,2.516185162778147,6.252234912442974,10.113469801258066,10.60024632054134,10.565097873693524,10.230296790775194,9.97368353816107,5.341698554425503,3.1913757225824857,0.9733632615867253,2.3275122906103154,1.7317705499253933,1.3098309813330782,4.956076365997762,0.2556382022946516,0.6824113449784655,0.7361843659920364,1.7790914892997587
3.7039197923873504,4.874344410449282,4.025749566164387,3.881966040307001,9.002505780484858,8.87337500178111,9.235276481011502,9.742829014033552,10.015874297385345,9.756547588812388,9.362787979859048,7.746406666257202,2.388976718308314,2.8428626609315217,2.358905367758101,2.358034896809752,1.5575138537155468,1.9688602944862974,1.0997629223001066,0.5738417657989932,1.449345960527157,1.1246182239900366
3.246221810891263,4.617066997241188,4.439861184658425,5.321934805327569,6.1762426082866515,7.8711541571285135,9.085555078963186,9.232876798648357,9.526999621208473,8.987038054061749,7.995857851145658,8.488442308143341,3.769653338504748,2.8249529273678315,2.4423555966902972,2.0669716094553796,2.3353172947107477,1.705849608610038,0.9776973806780288,1.1725660763872379,1.6704318094471087,2.490614667354331
7.392461815947222,6.430800564468089,7.488724121509444,8.932579165287931,9.445625500040544,8.765288177754904,6.923074495242128,7.569712009689672,2.5075235456801517,4.313866723573103,8.73080367218953,7.498857283164228,3.1094922918183276,1.8567296941008606,1.4736778001614768,1.655116577771259,1.6987736217719267,2.6839712482812956,2.6096827529343827,1.0745237563220058,1.7265883787827492,2.1788568074603734
8.949521749742694,7.592839306566684,9.755501842544751,4.310031789096424,5.81020257058957,9.85245401901275,7.6432303305825275,4.4844766008032995,3.354872223131974,1.9250469945307258,4.399573117271427,8.41574550347497,8.186024279054084,2.285173095807753,1.4301397169274181,1.193462939284923,1.3052187296667277,3.001076037276686,2.179486803507762,1.604408457630122,1.8810821182697697,4.950382571053961
6.694694591317557,13.102404700856322,8.682698790501178,7.605396090739953,7.7571048011709625,2.236499114542882,6.007904171469281,2.7425379639227296,2.363577655183021,7.288561539149805,8.596786862210141,9.503526728876095,5.464263049079937,2.92708665410488,1.976305933540764,1.8969499823541205,2.4062448849942886,2.7463799116270358,1.661082882687646,1.945971509784894,1.9989651565128257,4.503776114925487
6.882728844220523,13.997966231427018,4.998144868722774,7.106327386134378,8.799002772267741,2.948001679795767,5.4134710985054,2.6764467869624258,2.626273628301884,6.545689518308718,8.219376878145958,8.413751050510825,8.163134965728252,8.255891027864376,1.660658866974205,1.479869874513704,2.5378825548603876,2.8116934406832366,3.2224884829406255,1.7444800304503505,1.3791571224511336,5.306700759251146
12.517320764459326,12.993057531282258,12.029907130485316,7.001564663745616,9.072797653984573,2.1691355561576073,6.412614664406046,1.1654971324045684,2.3828008370192415,1.88872054474131,6.237339079728498,9.826124582697611,10.362690049064014,8.783071667913315,5.374585503165358,2.0142939391261607,2.2793593106955803,2.5994395223673123,3.181870091847436,1.9418649961280465,1.1657412066373025,3.5738018259189435
12.624401471819514,12.37464285129121,12.608529005587478,11.408270038684758,6.0442934699341775,2.5182176415932354,5.632945767214197,4.943924154066627,1.1964760855145273,2.732211882018132,8.427456904775338,8.824389516672564,10.391919992775806,8.129216859572455,2.203504232792849,1.4221232627422586,1.8044371549411777,1.7884362021205646,2.8991584210384582,1.6583962316983225,2.0893046156991852,5.519990500779189
12.412598501284062,13.146395505345382,12.818945738485445,9.650258933083043,11.191345122070874,0.16618222918187933,5.377515740338303,4.009033355426362,3.231637756177395,6.750739588530939,6.949150571231731,7.805471241224041,3.9641108677126446,4.508825724208587,3.4568090087531544,3.324877303396525,1.6777578299459137,4.06746047984644,8.761520257179752,6.9994765017815,6.5126193880794965,6.681936095594183
13.567894254722708,12.972408514202039,11.608411388454257,11.875891178513344,14.054395489361761,-1.438022206548272,4.294388758511019,4.66885574819541,4.574080152466039,9.223600297997507,6.87893226642597,4.473370981581101,4.257939587688842,2.2646327631846086,3.79235060327213,5.512192874011089,2.211480289608253,6.972999732025175,9.817545108972315,11.247614016743004,9.105928048159605,6.828868354461603
13.591720344398711,12.17531909313553,10.420383863862943,13.104076422422498,13.277307031389318,6.890771238208485,2.6509863153896043,1.062659943021746,3.816266144715499,4.82115931030105,9.382306033548096,2.743584786266116,3.925128455625658,7.993019906146649,6.242526697913339,4.299343403243142,5.2132501112502005,7.309879926331702,8.061039756218424,9.992922104092656,10.037110261931092,8.118920980894508
14.285740557186127,9.906065212715285,10.36506974104512,14.197860003781326,11.766059282713005,10.46495587575146,3.917780560622331,2.878467267669294,5.1354128834853725,2.7543303346676495,8.299535935212965,3.840357408487308,8.200752725357564,6.832287687699275,11.187591211265705,10.3723952021179,10.435197604216805,11.567710835589331,9.481579360729622,9.861627563558068,9.628836746290837,9.25677652692883
13.264177351540395,9.367535290321348,11.181826250314458,13.513654883372856,12.528916948670291,10.423447092760568,2.7615330968299125,3.6560406785084014,4.896835581247143,10.340119133889687,7.695209298932976,11.872729690043261,7.853620250080818,2.1222703503688587,8.19167507083269,9.630472846965262,10.426590284763689,11.440629414622519,6.24050135156286,8.594914200951713,10.783583262326923,9.53839148674481
12.848272979457834,6.996121118245436,7.731886240563421,13.32058255224011,11.201328200800607,8.677153091388538,4.612828676577882,2.8960973485595884,4.708190867815227,7.1587037542689576,7.027002841890579,6.276176940964834,5.306961330745859,11.131105732145336,9.873796065611163,7.24591967810237,8.545920350532741,9.799007426264527,9.997882114872388,9.579807910866466,9.23500557717202,9.03044012466869
13.076033802170176,10.249380049021722,13.197514319330136,11.569245372678537,11.940228613625878,11.668186618102865,6.388849439139524,4.310232578269996,5.889418352257495,8.227966574542839,7.655194105597882,10.037776750584609,11.081930488010869,15.486463007312443,11.079467999155716,6.262745317230216,9.495711580695989,10.287872235115627,10.152686724511485,9.87377839451125,8.539163643487784,4.21499948175924
12.25935087670894,12.976072082485706,12.596168463342185,12.275272365649752,12.009279373376684,12.224468268343113,6.461396738469246,4.278919559691201,4.257458577381414,2.5533409914112433,1.163464000162808,7.071433749236141,9.915528671593616,8.170987497270554,2.686662345331033,7.0511474399208405,9.374314219421636,9.69832678959318,9.229820533360577,3.4168415232788316,2.446405141470972,0.49887156671158955
11.840190038444053,12.1987369985059,12.025289628850839,12.19180592969853,11.98998043866634,12.056733370833053,6.369101696293749,5.148634910964556,3.5304764100972985,4.047553677930346,6.03001044578107,3.520564239992253,2.6364836752058505,3.3028465897466743,3.281067807852751,3.0230913855724926,4.905904250289722,9.136510002379751,0.7094249206241957,0.18568863223014262,0.45930360077317073,0.10431026106886396
10.94461401040459,12.049734912215564,11.42255407950599,9.017130131871383,6.9245395661241185,10.011010458419054,3.2917547340440874,3.722042585072689,4.014958124929948,4.309892486365291,5.455500792213224,2.456400925635805,2.867035085725213,3.236640293082435,3.637358705889754,2.2123947514548505,3.5960244598010007,4.759432806868713,1.483201335810361,0.7592396548245569,1.6046667394109428,0.8914283014260941
9.945336026964881,8.924188738981503,8.069603915148377,3.4849418974757267,4.1984317095202695,4.4168041575855534,2.61677566876704,3.1683163344942615,4.455045538608152,3.032595488007828,1.834366697679245,1.355587973541549,1.8273314462216323,2.044629490436579,3.144743714488433,3.47636329175011,2.3437495317704777,1.373945984958656,1.5363822640242968,1.0797802571231616,0.7612440310722361,0.6863134370459842
3.9942086326182533,4.3211979065308315,2.985360001272497,3.7809973555779215,3.444185918285158,4.292265637744887,2.5334555983527403,2.9809402537270056,2.324123396171259,2.0539672799083992,0.7143349932354901,1.9371013865021112,1.8716564721649878,1.2311039134509376,2.5816855988148903,1.2067857575520349,2.8107582252018513,1.5858874114591899,1.284972210219775,0.458370236304205,0.1458478311063753,2.1784293753669273
