script/wind150m.json
{"header": {"parameterCategory": 2, "parameterNumber": 3, "lo1": 3.000054539987559, "la1": 64.9999836372058, "dx": 0.5, "dy": 0.25, "nx": 34, "ny": 52, "refTime": "2026-02-09T13:00:00.000Z"}, "data":
[rows 25 to 49 of 52, columns 0 to 33 of 34]
14.435865466876876,13.98654620213922,12.90314838599801,12.623120271705558,10.60921643413884,6.55253495944688,5.690519589787207,3.655255115247458,3.2102270949934693,0.5288935032622364,0.5478818237001433,-0.5337448509740343,-1.2474881855145605,-3.0417620778351697,-1.9199988682837412,-0.8585138811217995,-0.14440174660694885,0.7859435122448372,0.2943018609838643,-0.877298873269102,-1.2750417074865696,-1.0328266571434057,-0.13116733848882176,0.6258950246657233,1.0934380924673466,1.4262326992212415,1.6617659833146328,2.0287439872968807,1.3980342449038836,2.4219288972802473,2.998889287538666,2.0041543029954902,1.599721455347248,0.7426880158976766
14.245678794309857,13.842212491333273,13.191174013527082,11.438690670882034,10.755217185807266,7.930103608310556,3.715287538813397,2.281096550421819,0.2860112248486285,-0.18322556305246016,-0.7316347537469051,-1.349651304875601,-4.9239196777122185,-2.2140326460378166,-0.8807809610703015,-0.47889485624389155,-0.4077575704986742,0.5171771216597336,0.026130810918519324,-1.3169349196452071,-0.933910645515283,-0.815256557241772,-0.4814183988079847,1.1210271927067588,0.811384613958232,1.1584074716899397,0.30765106942843884,0.2828160695462923,2.1811156854973293,2.630502551122508,1.2771945386291008,2.631828165996733,3.660948667497013,4.0933276079809895
13.4011374080234,12.779168832795817,11.823551585505653,11.501068674269163,10.495159313014664,7.182010918474474,4.29471324513229,0.2639290065427595,0.7480251880216134,-1.0426053813768246,-2.5165241771296136,-3.5235947867019486,-2.0319935173480417,-1.301394737821762,-0.22919986891451763,-0.26211588753328185,0.07528754601709689,-0.06115771013686722,0.4922907397270119,-0.852179353874018,-0.2571901007704357,-0.3663111179568374,0.12074226461818979,3.8584957306296923,1.0158522100041765,0.935673415938826,1.8710166123626242,2.225248137220251,1.7977456195078128,0.8448096046178677,3.2646669592722817,3.5279770979087877,3.3447367459768222,3.63548669282787
12.541603678851427,12.034733665436315,11.330484234878098,10.209418396631149,9.809631434804627,8.85564572999627,4.698047020879919,1.9150350279788662,-1.718876318878129,-3.9231100882963825,-2.5534640795978722,-2.689284574136674,-3.0817511171536647,-3.141456667872286,-1.9490508804796456,-0.5231379873797236,0.4676985253652333,1.4599961975858182,1.1554658860187692,0.4209429398533722,0.10497857553817032,0.24257632243636357,0.9218069687310807,0.5936242769890836,1.2069822570417184,1.1210459545742943,1.3568109207320522,1.4643747895490684,2.8846033714152206,3.1488934355339224,3.965735593174037,3.740682999144712,3.241931950316532,3.524822284352098
11.941487789644869,11.064546445196669,10.799323396386091,9.883106378865213,9.428036697355818,8.978989783856377,6.5299481168315205,5.334799918227706,2.984825455424765,1.0727182614363233,0.7317049356280341,1.1395357489569633,1.3988213923236483,1.8590323328819633,1.8838745711840248,2.6080095087665165,2.7546234573689192,2.9851520033213483,1.4546096576214904,0.9440569624149469,1.1595302228786017,0.9672733914387115,1.557105032874354,1.2214002394103762,1.7734839354826337,1.7038610601236557,1.2825264848192632,1.7375768653195172,3.732929717101866,4.267552927589835,4.80266243289971,2.8114428115346652,3.0109818921242617,5.075544124618264
11.16796054134904,10.955721264251515,10.279876944663108,9.574807002522,8.54229485573827,8.408328056611532,7.639064688536918,5.877565195889155,4.457658900430402,3.733623875244062,3.0184803512779586,2.397972385949151,2.406472652879706,1.996311090276094,2.159658514002642,3.7673899395919266,4.144481438004786,3.6240687224274533,0.7945331364288596,0.6030903399060874,1.1349781481557792,1.6876413892708986,1.824132237764511,1.6972052951789784,1.3244600809044764,1.549591804080526,2.2011945791274568,2.4078218344149716,2.597549879663318,4.871023254726671,5.552661098285489,3.0740408147567537,5.327990626763974,6.1502896175037165
11.361002259092867,10.628454000063696,10.168477220140101,9.303505858979767,8.214391688670354,7.8742331316738845,7.318308410182689,6.830285286872665,5.359980636267661,4.166238514519521,3.642254529871727,3.396029554640474,2.8241695032805056,1.276430862011179,2.100675555611887,3.022352883579157,2.8153471495733196,3.389414028024173,1.8070006192614545,0.4168762457775951,0.8950306020324192,1.686289219687113,1.454578698974483,1.6531565353777373,1.6558472549852068,1.650138418203257,2.0890456599184732,3.1024714554154738,3.8773978052501805,5.282301763996793,5.326891165261696,4.637315304623764,5.906567970555192,6.542285889514227
11.786801738172645,10.2995775697494,9.92650328295246,9.280061679245751,8.425459604328775,7.186388722258977,7.497381422011501,6.478295016534065,5.866214465716198,4.773536139863214,3.579890045276973,2.327650722838454,1.775600970425968,2.184430200496003,2.3363067383569875,3.1929976885650264,2.8530728282669964,3.049432903974958,3.3756217432865276,0.14807034185759899,0.686568957646847,1.7260515898555664,1.705020776081332,1.4554641833921995,1.7632500877254182,1.8900793666094746,2.0339757869649633,2.4983029526517466,5.045964961585766,5.217779712899537,5.391639850749181,5.442749588615391,6.414199289989385,7.0048978552957335
11.900126637024485,10.961659846069027,9.615022723362511,9.195971984478444,8.674009368761704,7.115335419589459,6.791081092646496,6.610835128104427,5.757361415983315,4.606458072160248,3.4128597044979756,2.5136284685357526,2.7813323922383386,2.0585614237717573,2.1770222150997176,3.1562639453121855,3.3634629446651614,3.6390772022827647,2.949379538906207,2.1199697500137367,1.3357995644526763,1.443158013135148,1.6265566939936154,1.7505553210651554,1.6416227254842672,1.9221747668785223,2.849909352054856,3.1386838874553407,5.248934637998863,5.160729649819617,5.584804394883824,6.054632573726708,6.5690857519970836,7.571310586947487
11.51338013809605,10.787751936336186,9.869042890018084,9.092365768645207,8.923290158468031,7.718470250956339,6.855924131624712,6.329150522172166,5.665037972051084,5.186622505395005,3.8815286101723276,3.3780083783042385,3.04810544453762,2.4030276672450186,2.183095607288509,3.165467654747007,3.7060049123590377,3.7803155490359037,3.2497948292697307,1.4002656838918723,2.2197497239117987,1.8838883260438157,2.402560678222658,2.0736390500353448,2.4547220579277473,2.2454225552898914,3.649407177489201,4.47205412516552,5.621774214011755,5.877546624362978,6.300089773078909,6.672843751848911,6.8981157471073695,7.534048711962646
11.503638446418607,10.907339113923372,10.113848659499636,9.165101221205735,8.402110827853964,8.126972792296469,6.669293858786919,6.108661435378738,5.722160513839277,5.0165303767465375,4.639221416162088,3.623556608495994,3.509218039435937,2.8180831966972977,2.75362984772049,2.7919908128083426,3.612052961056999,3.469554551462888,2.7720695769583683,1.5391774938486542,1.39349255498129,2.709923874581746,3.5302818149936868,3.0398666404113235,2.9753545637048964,3.230479446291781,4.590379471605372,5.8311037614433054,6.02781329675514,6.793376201048503,6.646958952708656,6.469558778899316,6.952287433020455,7.11111906955165
11.074711442176493,11.058002259766544,10.435936701757829,9.209932990924836,8.438962200533863,8.074743129743975,7.727380689959418,6.478761263334955,5.782607962123724,5.046059796298456,3.7086827056229064,3.1231646478903667,3.2140452986872523,3.304021106173904,3.033315647594867,2.9716774949301175,2.5483523779829502,2.6027743507157757,2.167336447580207,3.257195035579144,2.9288263230244573,1.6962559108994324,2.304704144802718,3.0529917470212085,3.753110037847022,4.254955663877996,5.027644849221086,6.1802385046739765,6.006607927188876,6.731145237096602,6.6287930639464845,6.510273054868783,6.859681532812042,7.431349530513686
10.824933458062524,10.718606341344582,10.39691917776123,9.526846547655724,8.59085545944023,7.801577074241376,7.3381191702973485,6.933924654223108,6.328499016160121,4.924993069157016,3.905553854401686,3.709931812441341,3.27547303664553,2.943623339020002,3.1814585169683673,3.720061222625499,3.306517620962204,3.1317542480928804,4.351825038586591,1.9912742636626273,2.0248148746341967,2.736894346188306,1.9899537447452658,3.381569597452138,4.115514598109331,5.001203079254938,5.616005894151808,6.055872945554499,6.184793306512167,6.257313861308712,6.861254878931605,7.003837924718068,7.089041372661433,7.5770912124566205
10.971638058490631,10.512692115963945,9.859572255920229,9.741802383700158,8.905131404644647,7.86339347359572,7.558961780640054,6.882514990331111,6.689021014996649,6.064056350370302,4.013406333593153,3.1869004629117903,3.749555283959779,2.4541921349292806,2.4726749000101127,4.598523148417974,4.8781326524969675,3.9414451879641152,3.7833868562299307,4.700573323236298,3.6315989989687623,3.763164319288183,3.360524718494766,3.80638183394157,5.030033436506702,5.854246710738384,5.87567078703299,6.058974503659763,5.989749246990553,5.1789176402954435,7.116988753075397,7.4325071668877385,7.136024328474508,7.540049461588123
10.385488567297786,10.331408304003958,9.683067492292505,9.348748606503403,8.949513598666424,8.29215510934,7.466633635159432,6.931030653076011,6.851504738856596,5.819909082247101,4.395199161817563,3.4740290011665715,3.4124375931876894,4.341474114372283,4.356960053539745,4.315558716175478,5.040934912181062,3.70478291794357,4.779994289023761,5.14799865049195,4.682340467652323,3.9973237524242595,4.249725893931112,4.361534276053558,5.215074936310146,5.995497308514714,6.017347461639933,6.0307794954779395,5.365949566176831,4.707423738254497,6.578868262904612,7.897374863860842,7.905057281304057,7.6745178970153285
10.755936840420521,10.356134818802524,9.69298585911841,9.254907936856455,8.613530286355239,8.355320716530775,8.20829231468511,7.680120957757503,6.4135158393937495,6.067124582818655,4.92577571604313,3.8977959322870204,2.896484425020818,4.752310939200975,5.573863861317095,4.505215144480509,3.3894571785673975,4.0005034519187435,4.360063907851589,4.600593205272185,4.835279458100377,5.202145182378813,5.963853900142078,5.422810792801012,4.962127651527736,5.609398706315432,6.088243421348194,6.345894093179047,5.188095402450646,4.4710924160464485,4.275985948098587,8.557205646783322,8.620419263470112,8.088830056736395
10.264862133882648,10.591790597943652,9.845266556943846,9.072026234561982,8.661653035867909,8.005053707556181,7.8796243308537885,7.518483601774946,6.439576513252271,5.653294355874305,4.614888634077196,3.8699038797813854,2.9478875843659265,3.366929859611936,5.52262924046317,5.446511358250284,4.96287941080677,3.9091591780215467,4.143757373645232,4.6113945551491105,4.25141576363937,5.505772178487223,6.0822975689136936,5.960629611748146,5.901926730168384,6.494893126009181,6.436214668930839,6.117759035334848,4.858084558871899,4.309056309643585,5.347201268873345,9.339490477204313,8.835955716612192,6.753960686143892
10.129815896637346,10.560005140201497,10.143707442617917,8.808322990649275,8.69527139470292,7.752475713344111,7.151114969719559,7.171718340313709,6.187981807966385,5.22884039636679,4.981460399185383,3.4843261637543343,3.073596239533541,3.098593703175616,3.855998228990073,4.606082347499937,4.629383703312115,4.387016286735015,4.450871563038728,3.928518181051843,4.197914339685081,4.151428827784502,5.2609346261805445,5.9346247406621,5.736996839381509,6.319942060647808,5.922631889138982,4.587526589432504,5.497809252189196,4.907501770544779,6.840490787137106,6.565188735684133,7.705642299620861,5.57722691334529
9.76707628775774,10.037641531376165,10.403101905819018,9.081314100908086,7.971240145801433,7.381064447828766,6.463170537962512,6.085954119030035,6.007608205300966,5.541553443887558,4.594072993539869,4.228050862852782,2.9047686312308363,3.5510875632156464,4.570772695711425,4.388039476760802,4.454635624897688,4.34244453598804,3.9596099032733716,3.8969372677026715,4.53023555385683,3.6447728121789718,5.214862116853359,5.854882557488395,5.338140812968282,4.75777693654671,5.636862403252581,4.933805377674491,5.443429298659451,5.006151531520501,5.1038855097457425,5.387916951831208,7.286409177008174,8.395998574613401
10.219659081329427,9.562743960635746,9.538465130104141,9.105824071129273,7.3516034023364005,6.751173695095204,6.3280768527411375,5.365667095566695,5.117123370113547,5.318808685129261,4.597886938512659,4.2478495514731005,3.71849719229443,3.2742470564146506,3.9811001598712057,4.207903561007246,4.620618914720848,4.483472870181599,3.75219398521991,3.975829170902527,3.7319830122003737,3.9202677268834227,4.860598446900322,4.672626109105404,4.663779290420444,4.912353455735218,5.056008823120966,5.596399944939015,5.813982137515889,4.579711327104658,4.110655828757681,4.9840528863499,5.895958364460789,6.065512434302493
10.347251780348252,9.776038731571852,9.427309355174282,9.1120808802077,6.902989511549416,5.6735642479535535,5.340041730649883,5.271034855450004,4.512097720531924,4.094422728860907,4.2677205400664375,3.5832272993500323,3.1323074933963615,3.5732965327813733,3.212041545063736,3.6545137776528205,4.9651967875899485,4.5823186172519215,3.6263647808095434,3.301602119852549,3.176543073423504,3.987918478041205,4.388310877357168,5.233138466994269,4.4394869065663185,4.624309186087282,5.326428520087247,5.342434896583758,4.8905267593299735,4.59108034493377,4.034778530506936,4.041935133794858,4.548553150862238,5.628279289344063
9.746963445918926,9.396628107773136,8.663875286887023,9.45928919982878,6.775439166537511,4.814665597224124,4.800177257040849,4.475228199878311,3.8171342958858356,2.986898895080787,3.5630512602317035,3.4689282851081096,3.7200788254792037,3.0249596131656076,3.870273394879873,4.873540369416259,3.865533419082576,4.461206576143699,4.12565007898147,2.9681696972336105,2.862828742228687,4.480642426079554,4.645660603016352,4.521299931659099,4.850594497618847,4.5435288380873375,4.745810734486298,4.472126367507098,5.112259909058403,4.223484511382254,3.8918471865114586,3.6994337863973157,4.920184792351022,5.085111650097128
9.499887485194224,8.7273489493733,7.988171800502853,7.4710421955082245,7.502690432166249,5.356682287542433,4.016452372837665,3.603638119281533,3.35302325787875,3.2069123389132153,2.850242101785616,3.3867246527605106,4.04607912061794,3.7011872655111793,4.179970561990174,4.455625014811937,3.9802066227217376,3.6031384297038187,4.680486243067329,3.6956684469658425,3.54706628637056,4.321375275173794,3.2323116520708552,3.27791262769549,3.885204588122246,3.4999631607517694,3.3141670906070244,4.380814671896026,5.086280326678849,4.717911170301696,2.6966625366394785,4.260331216183272,4.451824858973776,4.4084096750892385
9.317467360793797,7.975203447226365,7.207330822230718,6.590256337076462,8.815564736962422,5.062000761489092,3.049226101933273,2.2693541681267564,2.621298627246936,3.478303890191376,3.4599024535404976,3.049844926019943,4.324047038012085,4.357842613608712,3.7049327504511536,4.399629031412479,3.6192752101381074,3.0571919480406184,3.753643139636126,3.307324088409353,2.8990832009143355,3.4243311300157466,3.7831483803379795,3.1523712798811023,3.679329637661094,3.581333679379766,3.325170625018699,3.6080839269111724,3.7367920109042774,4.219100242160248,4.481581696861486,3.309954655579861,4.542949781384903,4.8595537688632335
9.02325273076744,7.498168232478627,6.605120249234888,5.526981943439823,5.8247987208263785,5.121632576882271,3.4363298235268864,2.8263173505472725,2.2515905065703588,2.1090741139591027,2.6628186254683173,2.7360569953975373,3.581732354480749,4.01139586185967,3.6928977769086284,3.131936015019232,3.1677959157404882,3.1096997179810897,2.8675238638786573,3.2179297810967302,2.8160492384770754,2.488304193833794,3.0077090366631802,2.8595787865473303,3.2209047849419266,2.8422111680119384,2.9894119890689352,3.2770594751501108,2.755127517075443,3.6484133599251263,4.342210548839326,4.7176759301914855,3.008969467978554,3.982029800183179
