script/wind10m.json
{"header": {"parameterCategory": 2, "parameterNumber": 2, "lo1": 3.000054539987559, "la1": 64.9999836372058, "dx": 0.5, "dy": 0.25, "nx": 34, "ny": 52, "refTime": "2024-11-23T02:00:00.000Z"}, "data":
[rows 0 to 24 of 52, columns 0 to 33 of 34]
5.747912372887273,4.63177382500246,4.293121655374497,4.2634618115823475,4.8827560233517975,1.2727644136357934,7.8676779459626305,2.9368857154179002,7.0063892977312845,6.152133756508089,3.4881667586882505,4.143577116668488,5.22848991395537,4.92408420933413,3.7570933566983484,3.418746117573236,1.2653766414490792,0.07651184136322461,-0.8415574990475763,-1.2190339480753214,1.8847868787146278,0.8309331275868307,3.0815105912104745,1.2508712556299946,3.7198334290847557,2.6366134358685924,0.7960960070259665,2.0255584213074256,1.5972538425303988,2.592415360099657,2.806808781431201,1.5042590536170894,1.3819929692066726,1.9814883964334153
6.006398329831377,5.843271883730778,3.849570452950741,3.9591228586671763,4.00356449039496,5.64703775627454,4.472963435898356,4.9687685301516185,7.36768213966819,4.838649420940155,5.044325234617211,5.178194456360251,4.876662874873859,3.385878246619455,3.7401824103196435,2.7248926815444885,2.929477696212966,-1.6375356361407842,-0.37152928239207866,6.789703821727808,-0.18722931433891793,2.1033177349597314,-1.4557145943987555,4.3858425845587625,2.1478364567183594,2.228270940757589,1.9094689740598285,0.6449532776375101,1.2895034742600968,3.2816830688769447,2.0075591902742027,2.1788991337714076,1.441733602964238,2.185459700568197
6.762822298244745,4.108214812806825,3.739004321760939,4.255587786501019,4.818458239420791,0.16605562183863076,0.6506114849706678,5.205923276698259,4.107319651432881,5.933469111047808,5.226245535006226,5.549512935976199,4.150878034655311,2.202626584011821,4.078640383420433,2.4374958913111002,1.6939299977829696,-1.7482096807867298,0.48026568895530397,-1.3947674805268855,3.2232684530142732,2.3937909511908964,2.2683016342792497,2.9140052378167636,2.2671209888584536,1.2393705869594873,-0.29171139013211944,1.493588810565828,2.039216220488992,1.4710402907167173,2.436140895517796,1.473852217695138,2.1231995219161086,1.6283506844757223
7.105790054959864,3.4903997622988023,3.6182161173108773,2.6633653859428708,3.3400483554290163,4.714874789336299,0.5704273120018644,3.5304037832429276,2.8879448463592214,5.243388436131639,6.06848985737125,3.086438023979482,3.8020125589837677,2.9687093305184837,2.887272846838186,2.785012232069961,-0.4092470928543212,-0.4165443848935088,-0.014291040502173844,-0.6987631506804296,0.8315925762670019,3.400683699649025,1.961443511543179,2.413973907161516,1.1516486538036623,1.727411185429134,2.5554501915575067,0.6147327978025294,-0.27965944494934136,1.136596515811056,1.8743284930481663,2.611517488014969,2.0450212729345836,1.3398530132458037
3.874247792718189,2.6869930887777014,2.189153621571573,-2.8749987156721066,6.153010508148027,2.87135648272375,4.903503512352051,5.10924515253542,5.249692732226985,5.712852575299468,7.172641388535838,7.458992916182312,2.778439622249469,2.455211324163251,-1.620626091368838,0.8209416882292677,3.152566980300365,-0.9926878264142898,0.42196915095304416,5.987510033242699,0.9158077015808037,6.522358598922548,-0.3761052453960671,1.3957779621845399,1.4902270815363317,-0.1426146258207757,1.3697378654147823,-0.1491295909002854,1.620376807493022,1.7181926413896984,1.5455207629318357,1.5801735585380658,2.463271163585749,1.9756493336896612
5.726490234965783,-0.5850867074548579,4.289085698537769,0.15533297858438025,6.65843451349101,2.579730058070078,5.682180680564183,5.357307361879225,6.545264818786063,6.519301334096222,6.332473847483308,7.663915969731142,3.6307030029937186,0.692479301487826,-0.09650932279848598,0.44344760960889373,-0.38505087693763346,-0.6037409361284752,2.3804982542468536,-1.091011093334616,0.9701518156485465,3.0485426609711057,2.2609848693753887,1.7306475776036667,1.6984584701922834,1.7089211694316593,1.8916503562767026,1.881127878676706,1.4113880832521537,1.6080359290605437,1.2624056537737804,-0.27413780613265065,1.1090411871390244,1.591998450519796
8.740815153019234,10.424505456979222,3.1470408535218337,1.7111900983514132,3.231399033176495,2.753528898558314,3.6281366124064216,2.92161748201088,3.183119539257604,6.3181639324565255,1.8467369364902777,0.11565881226567058,5.251757753574255,1.002904368634649,-0.20845218325266762,0.6501099692393195,0.19507224447864951,-0.9033716337493841,3.0934859110769986,2.305654490139504,2.3188077761048222,2.1246173688700054,1.4576689470371955,1.2628082174820534,1.8671324664086841,1.488709688619325,2.020064650639104,0.9897116135093716,1.1076553793826363,1.6837514042028021,1.8100329984757102,1.5322011170465375,1.4194561288440755,3.010991334991958
8.63247719578751,9.406071200633438,1.2916973691005087,4.357910969066894,3.401839662483935,3.8943659197700558,2.8296077548812124,3.2624465151876345,4.044941370731142,4.544106534244732,4.057251234969045,0.40008210031869673,3.1839753594644775,5.473340996648133,-0.9118400973731038,-0.033331443337218124,-0.6069450904533317,0.39135073463743547,4.39814596879573,3.7965580777690926,3.6081018997023366,2.747671059457416,2.120767841762247,1.8945456106783334,1.6261896492654342,1.1299020121628058,1.6140303104960398,1.6193122313313124,1.4857183831329817,1.2613158447360269,1.2954599519301493,0.7837582570871746,1.4542442075947497,3.234653406602613
7.927054323316139,6.651837364544736,8.070320716888283,3.971087938975741,6.159588971144385,5.590305281267969,3.3238219394332362,5.532540908292951,3.362917938215733,2.5956152093074283,1.5019670674315628,0.5623503654273999,2.1881901944669537,3.213132304766817,2.250468473527018,0.788686709414074,3.0254053048649254,3.4366218923102645,0.4929500179328548,2.8316232572629767,5.418299785211705,3.242336371254583,1.8132052266204792,1.212922663517327,1.5789503446503237,1.1618796928847104,1.546851842133864,1.4848868085850695,1.379939053069477,1.8797912510675816,1.3754242575767444,1.7487914685946033,3.2123650012546734,3.352667570601764
6.802242493382133,-4.002451702219069,4.205046462084324,6.08965282191286,6.529261443164277,7.097202054709548,6.195891649976372,5.276493843361626,1.6982743979762058,0.2189297416891268,1.2818811444930702,-1.2757410571121535,6.057130399582552,3.863754515609311,1.1945806812048703,3.297623752634232,2.8941490353870782,3.965386233313964,4.421158123926372,3.213247766663607,3.1410952341317455,2.4194081968286913,1.3268974672693,1.6683311117893098,1.3353178500909324,1.3952404097499451,1.7537311131660438,1.8496771662053237,1.6692386092085594,1.3931607249710891,1.8669310776867103,3.996704439934458,3.8139383714822945,4.311341142733568
5.143852088996937,7.784585658596817,8.52440033739726,8.87196285673279,7.52100991364916,10.558338342164255,8.97106172441149,2.0285626440925144,3.6335436662633103,-1.3444157476735619,8.771064048630144,2.7927455754438832,2.7872696740919403,3.6025483562129166,6.2423631413563205,2.235757539758513,1.5054318373464095,2.2167680887111385,4.122638417574731,2.321863992589961,2.569422226622311,1.454772813623145,2.4773344236095736,0.8720118742667091,0.7129606735873527,1.4750521108274843,1.5858190677456028,1.0991449273095146,1.523571804324812,1.9950964398365985,4.040782779324173,4.674269108032297,5.563315764570154,5.789682844012443
10.759697975603157,8.31013873922226,9.129226311178869,9.777104882521435,8.803350186095596,5.567958195312405,0.20415539648670408,1.1348698094539733,-1.555129911020792,-0.1951903898440811,5.224074182704506,9.247502655660602,2.574604039224165,7.005456363124123,3.5400172237880247,2.1399646160634016,2.2507862153540112,4.093510519460747,2.3322561658365606,3.825489848459347,2.756477543442098,2.778224344025641,0.6159948138876843,0.44020408537335187,0.8626086419271293,0.010338883502052018,1.3630989987808746,1.4004734690573497,1.7387073683356307,2.4103038023945538,6.267162552945455,5.854171904003902,6.365554902074642,6.489720743413849
9.520927945962235,8.789573910361744,11.048394923868418,9.192959102146181,5.3563713729153015,0.8432531593502729,3.1743898366478396,1.6043685576604143,0.14983231800489724,8.504121975222512,8.385022818597589,9.030914773390133,9.149762614747578,6.6681474937466305,1.7020417326868114,4.121772061883962,3.7748999639084846,1.4550486443430155,3.866441335898408,2.2562603410447,3.2900346305915273,2.3180162786559184,1.461190902758521,1.5803283219278148,0.9153787917096972,0.48202913953563337,-0.8571780227536482,1.0157196423079198,1.7528075127142881,4.947486210441488,5.979549803810109,7.022298745485283,7.333876853124993,7.532356353958617
10.310513445368013,11.137266186817262,10.059544276033394,6.537953656798594,8.04156406225323,4.87878881232377,4.723219343361429,-0.7816287325380855,3.4036586573655154,6.908495450212674,9.018356964051302,7.4784238449455875,6.9354064659112264,2.4936882859135614,6.324044399935824,3.2254261869985106,5.284975111770639,3.4089197883752136,3.489804744009949,3.066738848869709,0.3983446315519906,3.42875213813158,3.3298288455402667,2.522834562078857,1.2634169420767543,1.036492186434125,1.7441375344830177,1.7010333941771663,1.7235135128254857,5.125565080552265,6.343747754940699,7.152701798752832,7.595531821952736,7.9571102405702545
9.519597960701105,10.352304282180896,9.906251486084509,8.502406074518731,9.242011966604153,1.162748523081166,-1.0152421172921053,8.548231377931215,0.391625585268861,4.577692962432075,4.159586872240207,7.9778805893639895,10.448545588438082,5.868633083637001,3.9102683486116727,5.5635887241944575,3.866605908949805,3.489599210323629,1.9432492278917652,1.0513185610501374,3.392638082970096,1.2074271481612233,0.8783275630578655,2.7920438163375767,-0.6742878412998969,0.9889793301574725,-0.06166436390597561,1.5758578637868044,1.2987151118334184,5.966375535449257,6.5620766344799,7.298536778210233,7.681978915387176,8.203295607016388
9.72553897763715,9.104683166810254,8.645938785795368,7.020150735916631,1.2584864373925413,2.177959481368987,2.197172361295776,-0.8158482324529293,0.7249599706306697,5.2993174435371575,8.222214934863487,10.168454187035339,7.72756793261654,9.588548185259192,4.528786384042721,3.425457979476884,8.672183245891764,0.9032321405672938,1.9026606232237593,0.48302183993775993,4.037773313120832,3.650777717874199,0.5002502156752003,3.3731231034817823,-0.7586959498359307,0.69215587292024,2.8870657049531347,0.9514108561445124,1.4802424061329535,5.5413861847380845,6.20821155196457,7.219408202045252,8.043793441057984,8.777606900238316
7.689725774033496,8.987296106209701,9.411758890268015,10.35559139044362,3.733453346604301,2.4608186599215633,6.221589382431147,1.3541670997124573,-0.35526695958557053,4.0900202212670695,8.652552840528688,13.639610482746052,4.1004928718219,4.551673056582486,4.334023116730508,0.7153747334076803,1.19601792279037,-0.2877186461524735,1.8883447664424169,0.3091035901354648,2.6191648098187983,5.78136005876248,2.645877234805209,0.32199897008580497,1.4787227556594096,-0.11544293702789662,3.1208096578292888,2.2411026753730914,0.9302092434246673,5.414469032124252,6.329617299411898,7.602397377416051,8.179493950592155,8.578868361865183
8.074912647267118,9.9202199055384,9.825352898434412,4.00869412296732,5.127917676893968,2.3065657281412904,4.425567419307323,-0.38739550060209077,6.691319880309897,9.406302088864864,7.090695376844652,8.446614921489813,1.284160388439079,6.1986933432892455,4.283601040234756,4.735115119547463,4.143408467658983,2.6109312249181165,3.4263598267391973,1.9990112081176616,2.376536748735209,2.661164660469511,3.2572160362023403,4.827287042490423,0.8561387527964631,1.9058645720696301,2.273171598210868,-0.14265038661982646,1.2763901666204371,6.24228416162878,6.868458185589173,7.581328883285537,7.7527420251603605,7.703743465102781
7.161188326161159,2.681079561020444,11.4707480846947,6.263109515474833,3.160138080021695,3.975711017677623,4.557325282526854,2.5197924160136154,3.3606535385596796,9.938363883488972,6.667526373072446,4.024587971172722,3.4271878795382897,2.079409180880775,3.1758388510971067,0.7383237539517119,2.960385224966388,1.9338700839435927,-0.18057849893982594,3.0495737917267056,1.481005125703221,3.7544619403764217,3.009033538253873,2.9133778094883165,0.7332397987398886,2.3292768156303403,2.098533868643109,0.6705793451871931,0.999052988556807,1.5218616999771002,2.536085260655541,5.458435885103839,7.05892009853239,6.846191911361988
9.766254768230862,7.791598674997568,10.20432978078478,9.832216612976188,4.270021699708496,-0.28191751599508974,-0.5968893665843101,9.965214126187321,9.118459707326737,7.086563945712005,7.208681760908851,10.378895401006513,1.8693068866927731,11.63768040835511,2.3156503258946413,3.5219648703984445,1.5245869044402685,-0.26157706749557535,1.3770449197232604,1.8050086695740613,1.5586145517025047,-0.12217432801764172,2.58010387054549,2.737039887409893,2.0763489048152737,2.14108091690389,1.1049913263242541,0.3555841034989136,0.862588903859272,1.563836947075254,1.4834574234074553,1.083376871251426,6.658457304733875,4.157964190722934
8.83411212877165,9.929513384606913,10.114879368432828,6.739781625676087,11.069590514531535,0.7251130109845605,-1.4414424786924667,-0.7447448289197623,7.077914903145278,6.664207290696229,6.433555374776999,7.303823222904641,5.308012923443999,2.6235480288734805,1.8836892550037103,4.046066540347988,1.831297781557293,1.2032375030317863,4.337016467593791,1.81659858707936,3.7272678933667946,1.7582379295864836,3.0153258930969717,2.7464754671082168,1.2058359130660274,2.7025926548027024,1.140397583813233,1.2768816086245904,1.2340285436259435,1.8929880645847013,1.5358934708152514,1.09325536178173,6.302615395705942,8.195749594517217
8.527177661546807,8.622838966401417,9.557395021482197,10.796724408217468,8.844649575499684,2.5774549495004333,-1.337445794835803,0.15542818167284778,7.705752672434392,1.4389007683793733,9.610165975441417,7.92418473219693,-0.055375120980702346,3.574484373487789,2.666095720966242,2.4386269007657764,1.9687932237884447,-0.18808949687227894,3.3367601555965187,2.1620831801639504,2.9728684474964053,-0.8123340961058912,2.4265081854412,2.2412772947704296,3.0443902738105795,1.7633466314120891,1.3566942216597169,1.9564811531506259,3.082673582831256,1.959022653820748,1.171365836573188,1.6101832934655342,2.10411858146312,8.759658237830765
7.1036496439916315,8.07187922505812,8.732210079369912,8.583882593108253,6.876290254493853,-0.6743289871432676,0.9159664195462099,2.6243050436640396,11.532320899120403,6.60166912005356,-0.5874398613591499,3.8927873898746688,4.235644284118493,3.695424350104619,4.062577451771898,4.219250214072884,1.3502546717702344,2.200104424819028,0.7521510591410172,4.279485038128692,1.7440464487192313,1.775684021071447,1.5475603530334543,1.0511966000541855,3.4175135739925415,1.458798215817859,2.29769674045573,4.55469550978098,2.5314206862391444,3.22498226022075,1.4843118521125285,3.6048824363304424,6.918019952750686,8.735125369071099
6.646982604255257,7.1608854036706315,7.669328225639749,7.567848611071121,7.083996559586743,0.8759358400239426,-0.34738683215031746,3.999666980084417,6.622828844814672,2.6942138094394403,1.7887045016413012,-2.3270645257070135,4.490710594475463,2.259919274241925,2.9014398227065255,4.033485259616271,1.8799004606739744,0.84721161052806,1.38001843330039,2.9620517958819415,2.7027074963554787,5.340963413112749,5.6589427866977005,2.2601905732901963,2.2855511391934975,2.1687973308069473,6.206281613995918,2.693297413981097,1.8403372996139373,1.4723134831729756,1.9889603780364937,2.296994148184493,8.407719538009166,9.27894334978647
6.472428621005668,6.530580706965608,6.9172139128432635,7.189129222873783,6.986437467764449,-3.179348813625226,-0.8486112372259125,6.7658834331774464,4.939852258588964,5.732177537847655,2.8173317128252426,2.7080233693419444,1.5624165699043184,2.3497136476273393,3.2047209570955086,6.892896552261815,6.414623372097002,1.59552506322666,2.2799583479305046,3.0299623691559887,7.329575876332065,8.441612137781156,4.353742995879533,1.7707071356728228,1.2605250217809427,1.866070002022679,2.5500888805860016,1.8277687688152167,1.0775716191759983,1.8619793999649372,2.6426455242575653,7.126273053247508,9.180878831484561,9.979296653321668
