script/wind10m.json
{"header": {"parameterCategory": 2, "parameterNumber": 2, "lo1": 6.000198445256149, "la1": 58.999992894266676, "dx": 0.5, "dy": 0.25, "nx": 22, "ny": 24, "refTime": "2024-02-25T13:00:00.000Z"}, "data":
[rows 0 to 23 of 24, columns 0 to 21 of 22]
-0.5727955518773036,-1.6095167673183792,-0.17903639898029164,-0.4675627129625823,0.11067790283061456,-0.7500599728984264,0.15682595726844986,-0.035897570024182084,0.5269597133459537,-0.7611806883337194,0.33837239448568013,0.40391015792774243,0.809433573302535,0.47885219847081334,0.299715805623587,0.015888283819687394,0.16218691326717544,0.020858246400144564,0.9358737218208437,1.2998748816434915,1.0211525719673806,1.644172367232247
0.12297394690049676,-1.1883170176041298,-0.31490691914099134,-0.5498535957041119,-1.1009959157762008,-0.3757000576598706,-0.753812624522408,-1.8353846951818538,0.6461912496845404,0.7829991432827142,0.7554506806719916,0.5839601873037779,0.6679686317249829,0.39561756767342093,0.8044419349103609,0.8272610128587424,-0.11970896061689117,-0.0950935026545523,0.8854711914787027,1.1891379554911334,0.9087885691477178,1.2426315276309787
-0.27165620919071315,-0.745159981710057,-1.2536782601466763,-0.8626452281551621,-1.349959770880204,-0.8347640408103704,-1.7281398728111292,-0.9867187969001376,0.11989971208096165,0.6350410118889724,0.47043519866671685,0.636039506014021,0.761614396310813,-0.02161086315711431,0.721663831076016,1.6125273402148494,0.3027184343564272,0.8445448778285957,1.1486845369875336,1.4288040535886743,1.3605696380582692,1.306901443239591
-3.1207621048301077,-1.1394027710500776,-1.1624496989004212,-0.9555002259927284,-0.21667135318363165,-1.3595006841282795,-1.2048082976070547,0.6288011180431125,0.6470819071897366,0.8010372918807835,0.869532464838994,0.03826524744561161,0.200194498486138,0.0515863143816756,0.9836764314564449,1.5814989245634163,0.7568677441171336,1.5214472140129967,0.503771838391262,1.0700466932465793,0.6868700273010094,1.2689680227954019
-4.978896137620878,-5.110277990481969,-2.794036601189526,-2.5684887242359724,-1.1325390359484448,-1.4118445083437947,0.6453834074670556,0.6146193969709901,1.1985748082524443,-0.6906515980767379,0.49348693918305464,-1.2539253480896306,0.20974498539216296,0.19682278857162283,0.6042553381553413,1.1529402791621661,0.6501270377792165,0.43923013116605225,0.7769468904338478,0.8616039691931475,0.8399038318351261,0.6974073052430935
-2.909403844754067,-1.9131885041537775,-1.426618566568963,-1.8533359834234062,0.4784083068982297,0.8344910179714861,0.3886613262849756,-0.19428281516892296,-0.7448830062743038,-0.7125741896362792,-0.7357487885260445,-2.6037642367075264,-0.9239501278937736,-0.4146591500534757,0.44360190197531013,0.7966160149376401,0.17417968388782018,0.5226473619353982,0.20408994423290913,0.4764944221478217,0.6392834536723,0.3136796842950424
-0.20675487828936526,-1.3073571539296311,-0.9103345937052496,-0.31912388911858136,0.257404444506576,0.031112429343065996,-1.1453234206170055,-1.3745381545009427,-1.0904492981549638,-1.579453836645186,-2.503817374139782,-2.782528533716759,-1.413894858916658,-0.5424039422943842,0.0536672898616586,-0.09799868700963524,-0.628191435078501,-0.36131537427298543,-0.3398545295340823,0.5113972442151624,1.0724560650718171,5.001200085396475e-05
-0.06339051865638667,-0.06932494875983194,-0.3737184262392587,-0.5439560318802571,0.6084171602095282,-2.130371286112562,-1.56445003951979,-1.701612442055654,-1.6657834010752424,-2.2816066345993966,-2.3014718229056816,-3.285248910174855,-3.0158116424370385,-0.3307559477626072,-0.20752280381019692,-1.392698747221631,-0.7502231928688438,-0.8727377409832286,0.36701649538555176,0.6869180492014311,0.4176597350742539,-1.6181150289629547
0.17452156772599156,-0.678282182740321,-0.8136048352177098,-0.5249226894174807,0.10787037786540166,-0.8727592831211708,-1.3894852968050968,-2.5998033805136913,-2.899955370885292,-4.3384127609733865,-4.719950790318826,-4.298855586431205,-4.54276668959846,-1.1113550447561276,-0.27144570947714813,-1.9266891320090038,-0.9637902773823166,-0.93186881607315,0.02852874177542277,0.43882312036317556,-0.30137685958460486,-0.6207358064823525
-0.271376916579854,-0.12989320882139896,0.19513667191904494,0.9772955677953039,1.3743149767887564,-1.5009015472134661,-3.074565264093547,-2.5742298786955233,-2.115902740040826,-4.597859291624549,-4.7720686632639975,-5.007160790543945,-4.790851895935975,-3.1324814915952963,-1.087656686789045,-1.4312608119511543,-1.0196761842645903,-0.8963648239872218,-0.4825941848261527,-0.14042571017082509,-1.0017861414672626,0.9502896138621975
-1.837203817201246,-0.4138949454034986,-0.4432607228928144,-0.04010423289885146,-0.7026778742838786,-1.785616487221063,-2.7514535889732157,-2.5870438561285134,-2.723965333510039,-3.150369074004351,-5.223002765495694,-6.143850257716406,-5.837624554863767,-3.9171466096738206,-2.5130383759746144,-1.6305717505589208,-0.5616412182623234,-0.7582377830089355,-0.839535554243853,-0.0042955080227103995,-1.3966421918060652,-0.36062121873858755
-0.7840912162812597,-1.2788759216178145,-2.357870386228226,-2.1917582440540753,-0.22085089369664482,-1.7183833232749421,-2.4825005564076923,-2.324600267457716,-3.7793948677957037,-4.106979025032195,-5.875710980812182,-5.335075714168823,-6.646088360642089,-3.8313976961540614,-2.0198003290328517,-1.1506230739858556,-1.7548479116095763,-1.6275285654845326,-0.8615110980088418,-0.9430196174270994,-0.8024932468504085,-0.6847993579163667
-2.123051214686933,-2.8988555592798892,-3.8021723476716023,-3.789080245799599,-1.0228612874437748,-1.6625201614813978,-2.1536808483246532,-3.0693613759905154,-3.300029752835125,-3.4931459145824184,-5.4195266613436,-4.633122953907718,-3.2302789871116717,-2.7177532416907613,-2.0545442496100996,-1.2202713431894798,-2.246882581407151,-3.655007977400828,-3.49421206902677,-2.170956233444457,-0.7981162106092854,-1.3105949918015218
-1.6981988525766174,-1.996679512186894,-4.066974515659601,-4.198617149279796,-2.1320472234350563,-1.7697576215552475,-1.515762304080521,-1.328248289697641,-0.42275619687667954,-2.435043201970956,-0.860709693860275,-1.33529205593751,-3.8029187794568253,-2.224913371039867,-2.4373327469884982,-2.375131920603911,-0.8234219531926473,-2.758916720847113,-3.339174953650913,-2.008354635687872,-2.648784849027688,-1.7917382630296603
-0.6961766624732981,-1.395319270504583,-2.0242859731635736,-3.0286134084494036,-3.782307574742322,-1.6115844227947067,-0.6604915964359419,-0.6362583531701129,-0.039268601319433015,-1.646638410762244,-2.8745523570205624,-1.3546956975907944,-1.3198364684073343,-4.913653946833129,-2.711978901303041,-2.449483995098422,-2.1348155301491785,-2.9314917004165912,-3.7339580008174846,-2.3806497319778748,-2.393134586103109,-3.114276600317109
-1.5698260512253048,-0.5415091588165853,-0.061594876354969526,-1.0958887149165257,-2.1501074908455005,-1.7831804977508476,-0.8760951769738452,-0.9799182246754098,-0.9777273059531737,-0.6249009831612528,-2.5927163516507257,-0.9907085679687643,-1.5074053913834848,-4.572103420676401,-5.145821620629725,-4.400375431737894,-4.528478932518806,-2.80389317146304,-4.350249033521054,-2.0253919091700885,-3.896137083612304,-3.7558383792424213
1.3303985526968354,1.104734408748689,0.5406063703299505,0.7171717327735442,1.1211170745101087,-1.9891210489378621,-0.771926395592775,-0.6419111560869224,-0.976055647230177,-1.3328290744996927,-1.7681737098155643,-0.29309415998844573,-2.205660190707469,-2.5677048892307033,-5.1237325758713474,-4.967839197891956,-3.8212883212897792,-3.6466338077734237,-2.8113889722275065,-2.8165632533000347,-4.145407111538819,-4.601025322372172
0.7714410797800018,0.5174261173286341,2.055451480226539,2.422680276388614,2.4814163401123,1.5038969843622887,0.6810533712444631,-0.5186293939010099,-0.11407601191708616,-2.6164157044963607,-1.9233767748759762,-0.018265760507312427,-1.6284645509430946,-3.594105974752229,-2.876142621994181,-5.039042699085533,-3.0617284459401137,-4.620561707616648,-2.63878118486365,-3.1040722142658113,-3.4445119539439224,-3.916190831747009
0.7685625811120227,0.7841437131657868,2.5858632989232997,3.706138084811419,2.8583178909562306,2.5168401287070736,0.4719819723182011,0.9580593105963365,1.0258735341310161,-1.6791659758152322,-2.218531332799825,0.13209764590684442,-1.8862126849089915,0.3335459771973548,-2.6401109715834443,-3.494099158953123,-3.3679034656634386,-4.326652103132283,-3.7479298405760337,-4.6507946474473965,-2.5242550090469096,-1.304048514814803
0.5172974088292391,2.009747296789871,3.2389748471892017,3.421731728433409,2.8368407346833013,2.140420415312689,0.9372568342943616,1.3471920635676904,2.3195331467289204,-0.46192964051286284,-0.35356599034507735,1.4826416362589128,-0.7923787225238876,-0.3481652856433332,-0.6901187013204145,-1.6669399746557934,-4.051365424653092,-4.001934368275021,-1.92155619209936,-2.4150997916555412,-1.9670072891988297,-1.273964006897585
-0.5917850075981823,1.739792302075907,3.467828527820486,3.5602237924674784,1.3125353838659617,1.116825223865889,0.9108648287599627,0.8969262807349531,1.3911466782238022,-0.15641122770638302,-0.35750023475263304,0.10421233884048614,0.9065337677303035,-0.08216928544685911,-0.7020156872619497,-0.5338958203206894,-1.3431900178100156,-0.7950598640491399,-0.4869542452862763,-1.9131336442169695,-1.0990666894342143,-1.503896280376943
0.7354754952440223,1.8240784276604218,2.4112012288157216,2.112832383067691,1.6425881909048656,1.5980475131531864,1.693584884563994,1.1251737838754932,0.9772272370438965,1.00144619215837,-0.8548973900526172,0.36828954381508455,1.9775492039293416,0.41353562447487996,-0.3334958466994547,-0.03515585755251005,-0.009382752031671287,-1.314381096638416,-0.5028929674702234,-0.7929476334112172,-1.1615169286367037,-1.4975424467290626
0.4999186570640775,1.3237675069625707,0.7499260100926288,1.3208662813047496,1.024383183807616,1.60859426013205,1.107877014442152,2.251403991906894,0.3425206729810339,1.8870071758647482,-0.617550738812397,1.3476353950902333,2.4639178357288944,0.5422519151238945,-0.15152942186937493,0.4085636845034623,-0.8135962557782372,-0.4254130782478813,-0.07387514331169646,-0.514775835880627,-1.5130747003629665,-0.8592544132556894
0.2940816516484669,0.6592323373264427,1.0702974569138357,1.4587113412482418,1.3856805372191638,2.1577941014752775,1.213422908261311,0.5458258378907115,0.5314563824665872,0.8821340823111469,0.0569301346175296,1.4998369431058605,1.7252025010339516,0.30825030323998914,-0.15447214759662645,0.37824157814148357,-0.5960254456778912,-1.0089072538998332,-0.471521709462904,-0.9651439325367,-0.9332796095641614,-1.2665840232325192
