script/wind250m.json
{"header": {"parameterCategory": 2, "parameterNumber": 2, "lo1": 3.000054539987559, "la1": 64.9999836372058, "dx": 0.5, "dy": 0.25, "nx": 34, "ny": 52, "refTime": "2026-05-18T05:00:00.000Z"}, "data":
[rows 0 to 23 of 52, columns 0 to 33 of 34]
-1.003639908457863,-1.1749157533485721,-1.8348772976353078,-1.70839683759929,-1.2177359698382788,-0.946297880743901,-2.0873245833561533,-2.073854771957137,-2.1476242004036443,-1.8772150924201427,-1.3034037867370876,-0.714754781427825,-0.7921491802136595,-0.8485827012417263,-1.7020946852211778,-1.1319898315902237,-0.8936173711842468,-0.9331776248792691,-0.3005168856648776,1.6006879159759226,1.4884006841633464,-0.10190270726083324,1.5079613900820505,4.921478060059701,6.005006741833465,7.074090655145445,6.147658142931051,5.277951939585377,5.1248945583276075,6.606232439799362,6.71827204826862,7.209161628519734,8.071849635941206,6.0240726865787275
-2.5387809922218816,-2.212946720252765,-2.1507927580743194,-2.356438976658445,-1.7681482925497725,-1.9630733234991329,-1.749131117878787,-1.777300413307471,-1.5849525627199978,-1.9123971013779428,-1.7491668767723823,-1.4415489293466452,-2.7226732642489586,-2.8109684939661954,-2.065121854582189,-2.8615359717972466,-2.1152691622581394,-1.9387765506131946,-0.19385711736610312,0.9059903961436124,-0.975972754252905,-0.5941055700039087,0.7832046241983166,4.932121277438748,2.4782804751291008,4.412757370316165,5.114897968057635,3.24146914425249,4.077192004546606,6.749183945836795,6.916401281995915,6.335143339707929,6.688743236941686,7.817992861501512
-3.791497866419217,-3.226054936220807,-3.431398807704836,-3.448110754383655,-3.0884045380289398,-3.307752102361475,-3.4750913403894472,-3.4971960478489703,-3.8058050800076506,-3.7385640345484545,-3.81755151853161,-3.96325386060798,-3.7989661851516217,-3.8575201302722966,-3.786674346155881,-4.233391417569515,-4.438925556033877,-4.262546772452842,-4.3948153043366815,-1.6999671169644035,-1.2296473122988232,-0.6432870166611017,0.7247634106222035,2.3509872644370504,2.620716433963152,1.7433152003877508,1.892774045836485,2.748476867664379,3.0031597517949873,4.881334817222665,5.866046629234348,5.849636865322897,5.475124993802781,6.071664336807914
-4.383605516081247,-4.762524170391373,-5.218177288036106,-4.970252107932057,-5.376941660908852,-5.206609919993916,-5.530465726839105,-5.567124513670431,-5.2931620479544,-5.029039075205034,-5.554431205729284,-5.863589676636983,-5.764253039863859,-5.849570966546992,-4.502907402597707,-6.424709095321604,-4.419170456368685,-3.7043590568962674,-4.084195021471964,-3.7775476346342702,-0.289581892376706,-1.4778691217889934,0.559938730007212,0.9756043300688473,-0.13132507208902353,0.5401033000276252,0.6092143310888914,0.3365309577493078,1.6066390261623882,2.21072114839034,3.235127578028157,4.268306243974781,4.103159923044872,4.489005484669652
-6.618351894527415,-6.939536115980986,-6.782476118649895,-6.603394468850406,-6.3374538390453035,-6.373553630813747,-6.807622763393276,-7.28349975798412,-6.736899330686594,-7.538808568211604,-8.049760536897402,-8.008086453362342,-7.948519870978296,-7.0008816195183865,-9.241925833663526,-9.389796324076457,-6.015425470408062,-4.3718159296906665,-3.851019438126595,-3.369362931058757,-1.854355075094618,-2.498900495880889,-1.1334281251221903,-0.30044188125452526,-1.6106518844626736,-0.47138000964679905,-0.3473669799357174,-0.7392274172087047,0.5969942808818889,1.8706502419353463,2.3624981373755194,2.802650950363993,2.456000982879186,2.684909796297179
-8.094694264034477,-8.075613408259368,-7.727874212070664,-7.143713917576308,-6.980843724145738,-7.266789063139682,-7.406321754974869,-8.019343726999903,-9.091775776916831,-9.787354978520675,-9.797567420537355,-9.317494002799648,-9.173409712085013,-7.714636761632405,-8.962874992631672,-5.131955245691252,-1.1260737016972377,-0.34102666965422246,-1.2510321510000209,-3.0962475080966065,-4.510331622954106,-3.816988324920907,-2.1809829302424064,-2.4869375951000126,-2.00165807457147,-1.6611399271499103,-0.6255798120962623,-0.43735428227325046,-0.0765461146521238,0.5303481518161052,0.6835528901664598,0.4218206980893483,0.7306356205060863,0.9963029454807507
-9.16664305773417,-8.318727533838446,-8.034084022379322,-8.302913350567055,-8.191133003634231,-7.992397069959058,-8.54578283016531,-9.294224521944992,-10.347788235260111,-10.616406119853254,-7.2243055560776765,-5.020874896911732,-4.027702049552458,-6.959739215479844,-4.40788384312247,-2.1283223940869807,-1.2228229476251937,1.2508413336920086,0.7357149100560771,0.09816420953800674,-0.3625698458165979,0.785952677171628,0.4762627952200997,-0.9932075079220225,-2.0499610047807013,-2.0749859794134546,-2.6948067629828922,-1.2002963882293427,-1.675428113026657,-1.1961669682370764,-0.6477436631376109,0.11830437603421147,0.19719818353524043,-0.580936932177301
-10.192359324024585,-9.718682045801572,-9.497924968637172,-9.40093508220385,-9.32473162827305,-9.36047735427072,-8.611684282770009,-9.395314348569192,-6.036191561195709,-4.07395875151512,-2.6025529513469468,-2.216492099475651,-1.7787372288687808,-2.831813853285106,-4.2757589627637245,-2.2339839198184586,-2.4984239378358724,2.0414433885666883,2.7463971490206576,0.46429915695205054,1.5845168172914454,1.6600604975436215,-1.0426455482782737,0.4724448053227885,0.6166141646030714,0.15452826182371973,-0.7972188006760339,-1.1494529517815053,-1.0382754807525267,0.5040623968031304,0.48571887343858483,0.572814367697486,0.640651981302113,1.3526187337649873
-9.413525759456938,-8.04205603216218,-7.81757717738649,-8.893692507195265,-9.16264051309786,-8.456200987967765,-5.6119888838343055,-3.2281591490076367,-0.11202678782370513,-0.03954405168034179,-1.2073912243908738,-2.0117780094562754,0.9646945890061116,0.5819750838027701,-0.4622164583547677,-3.8565352590004935,-2.2420607386432216,3.4740288433900015,1.4397451448812901,2.6125356017703947,1.1639274460377182,1.8103180132707044,3.079689960855792,3.298981561343112,2.184993303383759,1.469691005329502,0.10398802075918052,1.1955927692008657,1.658766985611991,1.1068202048532867,0.10920253430025018,0.49347678747247675,1.104899462623612,2.044987737364573
-7.921578044402682,-6.258804672979827,-4.81646232236222,-2.662680450471831,-0.6139849064620253,1.2729788468593228,2.129546277048838,0.9352750631154557,2.170543540461346,-0.5416353849058174,-0.23050414359257254,-0.7516555428748619,2.785691369735612,3.8405497922042287,-2.024791871520621,2.0165832245952147,2.1429100836377115,0.8121426230197856,1.0674312079623849,1.5408888582796667,3.695982891630951,2.7720796241902894,4.462890261564097,5.55111796487351,5.350584111236396,1.7377471228151622,2.5616515948823646,1.2070939573497268,1.920524460371591,1.648761661769839,0.9632670339645455,-0.03837442416538918,0.7175158477022332,0.6691249368080646
-6.631665386546128,-5.731428821606592,-4.230974961098123,-1.5376871131248127,0.3232822430720525,0.8655559434875885,-0.44968703667719395,-0.04024493695706916,1.4428860116545748,0.4153939809628393,4.36362731962103,-4.8707202929284215,2.8341587519215783,5.52332677000458,4.508312593187754,-0.6948076901857129,1.2864048769971805,0.865234688176985,1.3189399751121076,3.499309861660241,6.342649730964554,3.1276766958753517,3.575855292579992,2.524444924592038,3.0347240395787467,3.72205463355251,2.295799553416922,2.361229791103933,2.1695072424831836,2.2892419477018837,1.4128869403100488,0.7247980381447306,0.551564448691609,0.9576362075844064
-0.5055136606470004,0.3709461640999129,-3.7423238370885215,-1.8505925711912137,0.01666897459143045,-0.662829648405054,-1.3016859912136434,-2.1834563212745928,-0.09149109952158804,-2.18736249524369,-1.7311956144136835,-1.0237605721671585,-2.699467686852047,0.8296871484872547,2.4919777172214737,1.664301941443154,-0.5125236067389177,3.324481434882291,2.8428666161519898,3.5790653319985313,5.196321228571629,4.790653807523457,2.250834858778027,3.7121028373284357,2.655645808225209,3.9827043647849827,3.7814425484936707,3.631695172964926,4.199345868281874,4.432805238551972,2.344112326693446,1.8711791635974555,1.644698990568725,2.383291311957117
-1.7268416988669208,-0.5939741339118342,1.0684399673633185,-1.4928060976839705,-0.5966428661014176,0.11658256612444189,-0.39636918725446796,-0.7003286791992426,-3.20239449998448,-5.525310740782507,-2.046586948079936,-1.374070031690071,0.21898070763562338,3.0300804128189553,-0.6610851315060842,5.878907688259964,1.3886807119992934,2.1674860931659965,2.708672587244047,3.009394490549099,3.9516857662471128,6.444051962388636,4.073339904165309,3.9637678997181336,3.766098494483333,3.8117520280558925,3.250899305245624,3.8607488305979802,5.487649108041737,3.6383109227310264,3.8678602255735877,3.730928555778034,2.0306430697463482,2.621875226409457
-0.8813339102529706,-0.5062486338422093,1.0613672764275628,-0.9147071852960027,-1.832136726423571,-1.9228611793014,0.6800432879151423,-2.5912181239962635,-6.4022030004774795,-1.2684328165285763,-0.0726554258740613,4.482713962981304,0.0374675282350421,-3.776726420633458,1.0380676355504868,2.524711146114379,2.8078828271262575,1.452993292096597,2.359397149238561,4.374214303387341,0.03056794711789063,3.3399107376418877,3.8531751947798805,2.635639684183095,2.3927068418364685,3.41394789140647,3.868547335938785,4.959202598353683,5.7254627429574585,5.69834306397594,3.4346918746220654,2.5059417831402837,2.4518362149806516,2.735239775712078
-0.8271519392309551,-0.5370180368016121,-0.06134689772381692,0.6100276424578499,-3.914824722636248,-3.2726379136921033,-4.013699623694175,-4.458900350069004,-2.4528645785611563,-2.5446694624606767,-3.2154928726936665,0.17729675856525698,1.6491181804341772,2.8334855458039163,0.6103471167643213,3.3689050132495786,0.8887320770354524,1.6654010351191864,1.5792953144135013,1.296196728896397,5.170219934075413,2.231305275348364,2.716963704567141,3.7763636016993893,3.5346989703351,3.1960550819595532,4.072965134112968,4.276624583588039,5.466544054450141,5.163531332468873,4.988847175592787,4.445784824731426,3.8957104333055668,3.1611333365503866
-1.8649597141268144,-0.9808308204988769,-0.7097686754456374,0.6166109553902887,-2.3395676871118187,-2.8714217402623907,-3.7724772283664625,-0.39989859058297594,-2.610396036995628,-3.453893640096828,-3.8671769972410024,-0.33639238558318524,-1.312520269712417,1.6257029648423462,-1.6155359955114847,1.381753092231027,4.285473943482159,0.3553470091635706,1.8591343969580176,2.4729839645838125,5.818065088581403,5.212579901783001,3.463944864432158,6.122975071886246,6.087339219409047,4.9973814932998755,5.463864114290309,5.6976653660596766,5.846238489111333,4.945098710876765,4.583055638195139,3.864851257466733,3.394228582342229,3.020050966684264
-2.318936447989414,-1.6988672591521745,-1.3910426746703826,-0.28558527559820346,-1.4718419760865846,-1.8010420812245012,-3.7284696824275945,-3.6248165968430257,-4.14998790539808,-3.272781204171636,-4.585325290808934,-0.25956741451681176,-0.858324298606241,-2.226150257722486,-0.6799282274772569,-2.2979205418085167,1.5388090152062712,0.011283595738225106,2.641497075690809,2.8025185702136257,4.905215033464465,6.574494798326244,6.299958618455107,5.438391267590863,7.393236319160744,6.765541829244737,5.914182629163997,5.887269966141592,4.970097862132037,4.510970232002333,4.514057457832383,3.2232078981867693,2.608925244716094,2.937533938599246
-2.9061810084845328,-1.5986827948181113,-3.0139892819540486,-1.0233979640233368,-0.23442258068509372,-2.408333175640548,-3.784131143535678,-2.350286511771117,-5.046173708851806,-6.113464463798065,-5.87191571086087,-3.740646415201363,-2.209959591554462,-1.1113855314809975,-0.17199152387430094,-0.014869354853586196,-1.2299953981340752,2.1391205799424147,2.3310649568400774,3.5320676680354133,4.864609100542976,4.344628570689523,5.194824434162797,6.467995446370835,6.143863353148457,5.886914171123431,5.265448807675667,5.848193744001199,5.21625036904469,4.054902944694548,4.139609197252227,3.4294023574120374,2.7795373614747585,2.400872109907068
-3.259030871085329,-2.2591834939091227,-3.1652267059665475,-1.9111006824471408,-1.1419410298286818,-2.9807992592704604,-1.8842687827541622,-5.048739069732915,-8.195765044361059,-4.956336880616672,-5.596481458312476,-4.942933694924594,-4.878199474776478,-2.88662078487547,-1.152748905519689,-0.0838262881275435,-0.5802121311489609,0.0597293536893685,0.5584769273642856,2.2293359252339426,1.3394240500983643,3.0474453854648362,2.712811837572508,3.68074248912277,3.606393012432772,4.2088163046694715,5.190798060330862,4.7128778664488875,4.475789955449118,3.570990838640596,3.305335744349418,2.8443055993365913,2.998586528353482,1.5362848070571666
-1.9003035472788874,-2.431946030483339,-3.061320450687587,-2.235080285825475,-0.9770400347397689,-2.578085362244435,-0.44970267770018885,-2.3167324526507724,-5.876017748819263,-5.935805927767747,-6.187154269885758,-5.2351504309280505,-4.214377932526079,-3.544387904912049,-2.579451715126209,-2.7185612208193266,-1.2463050742280055,-1.833942346717113,-1.467365136368306,-0.24260029100059557,-0.7229660642409157,-0.2533838519676265,1.0425992555233106,0.9263215716109571,1.8232662353644142,2.6524551629565023,2.781746012355722,3.0467766323218166,2.903746491829533,2.7534928625863087,2.7221047574114765,3.441018986633975,2.81352161969534,1.9191573258579724
-1.6511992114106029,-1.4133338477984232,-3.2772981847666425,-2.3542020330149667,-1.3292869707194293,-3.5218351027632346,-2.387909130690976,-2.632609920627168,-4.214816996622081,-4.749986599012804,-4.480401597994149,-5.042856392942867,-6.544302531059553,-4.4325700690084995,-0.7581950696131634,-2.5922632148639844,-2.965260621520468,-2.675970955153521,-3.446047953234707,-2.4134634058517856,-2.2839634834467626,-1.6027204759357454,-1.4162401745762345,-0.6756201079639552,0.65495756015485,0.43641904852216923,0.24302450731584185,0.7602875494623099,0.8315080684972116,1.946053610946962,2.134642856078381,3.105321393022278,1.3758582502990881,0.737088483056128
-1.7385144996739614,-0.6799441091256072,-2.4697392894429897,-2.6903676892958392,-1.6179505828888077,-1.6361526979653966,-3.4804368845954508,-5.407972830300583,-4.6655086459549935,-5.478218950200066,-2.536753826381951,-4.989518646906659,-5.650136220094542,-4.120554440519303,-5.773632597829066,-3.23941080734021,-5.039497422276764,-4.122671817514548,-4.950435587839003,-4.522622079987875,-4.551444649917182,-4.241494846788181,-3.9281096522248657,-2.2660286983348956,-1.1788015397763594,-1.2949471827150698,-1.4175680001623006,-0.5614315889723183,0.25917725894542687,0.6123920675112723,1.2874003452296343,0.8010309989310962,0.012764017001353678,-0.5462508908722753
-0.9129422731130827,-0.7393413391931029,-1.3265465466927666,-2.81463774181313,-2.268284160826128,-2.7622920933011157,-2.7076876756991752,-3.6186172388828206,-3.673944192049966,-4.218886164894889,-4.581327971848674,-5.243745789305089,-5.227636682313539,-6.307942194145089,-3.9570023775503933,-4.576524830150587,-5.585311191565251,-5.959332015966073,-5.469164728511447,-5.334651020579657,-3.458861429694916,-3.4964748656741786,-2.5411186686728957,-1.693796652998888,-3.0107003396715846,-3.603239050541923,-3.564022127304667,-2.3230941221453847,-1.5906322101948862,-1.7720770393582388,-1.313553225068759,-0.7639662538311284,-0.7250352087284576,-1.3473241081175675
-1.3756376504919383,-0.9446678909434676,-0.7127879516592062,-1.4488460505367706,-2.4950019028849586,-1.7117697421466163,-1.4549809683162638,-5.643860429234716,-2.9349397265069297,-2.7868445664649917,-2.0280795908103455,-4.074394597912567,-4.265275485746657,-6.62844854134185,-5.6237115872468415,-3.0425645624560644,-2.0773905123618333,-4.2475962212272265,-3.290786061343452,-4.187911997309135,-3.597454931531043,-3.542155978339195,-2.618101372312832,-0.6012962297477336,-0.8397705972734931,-3.1978370818412842,-2.887417496683037,-2.1381445957108083,-1.4889239646953765,-1.046482357875263,-0.7658034150568008,-0.955926280319228,-1.949502042484631,0.2943151014423535
