script/wind10m.json
{"header": {"parameterCategory": 2, "parameterNumber": 3, "lo1": 3.000054539987559, "la1": 64.9999836372058, "dx": 0.5, "dy": 0.25, "nx": 34, "ny": 52, "refTime": "2025-07-16T20:00:00.000Z"}, "data":
[rows 0 to 23 of 52, columns 0 to 33 of 34]
-1.824700418760129,-1.6994383857129245,-1.2091026446620035,-0.8006640939549768,-0.8883047291232578,-2.090174536006595,-2.643542163894497,-2.9668794877705564,-3.397000071387558,-4.563328872800149,-5.104507310523628,-5.479943263993074,-5.410596530486488,-5.5130434819800636,-4.966313357108177,-3.4263209347905765,-1.3585550492335263,1.264829351383054,-1.93661020540764,-1.2121873488857295,-3.6642569288949938,-1.5446854292533507,-1.6854236502894042,-2.97293110786247,-1.6308822632807665,-0.1266960940806519,-0.4751899858379484,-0.45439418362279527,0.42259697979813765,-0.15722064986041862,-0.24987463015389774,-0.2762687635979725,-0.061692446714506494,-0.022753002627646183
-2.3394792486098965,-2.269204687037957,-2.095692762622184,-1.8008006619222443,-1.9347751850620394,-2.170271147780057,-2.906107933384231,-3.288449410852239,-3.6266633104562502,-3.885462023218946,-4.1797906729368135,-5.169829872580756,-5.332618502337291,-5.168417037768005,-4.991747228024116,-4.620187401321519,-0.7903669145800142,2.211219462719858,-0.4227248700177256,-2.6627231631143724,-1.4458163697352526,-1.5019693724611,-1.1166841487273866,0.6722059841265658,-0.024879986511106515,-0.5852180148504634,0.6120558635112163,-0.06954778929569959,-0.24143747457952286,0.1551388422142787,0.32920667115364355,0.7768741729306295,-0.27939678118540595,0.5700979770765516
-2.644459589481805,-2.658025247977304,-2.642471159119512,-2.45187333014263,-2.6553489596993884,-3.239160412206209,-3.3794303923473263,-3.7566318957222884,-3.8281771017087967,-4.051506600008407,-4.552670364472578,-4.660897876607577,-4.784117622524552,-4.8126724880046385,-4.094604833900952,-2.392279742517635,-1.0647170528049643,-0.8227373319338004,0.5840240877309393,0.05216204940128871,-1.0499131095856187,-0.7882343270070002,-0.04455903900707152,0.562746904321925,-0.6457152047830378,-0.013678129191287625,-0.3984460799133461,0.062606591781696,0.03315079725532642,-0.38059475856087954,0.36428747868562994,0.6158367149614872,0.4795807576474234,1.4957061540370842
-3.063372245485475,-2.691131543179478,-2.765033561620136,-3.2229523920249927,-3.1603253124465733,-3.7080119909922473,-4.134919966086232,-3.9931454075958817,-4.154393503997997,-4.303255994669517,-4.246489119855408,-4.29849839089884,-4.366230470795031,-4.363455425486195,-4.362061835262454,-0.5146537018028368,-1.3559441559396792,-2.0899351210634003,-2.986883941632546,0.41141491071371605,1.2970993496442438,-0.6773206397109824,-1.062349996679249,0.4210173657262495,0.027003495390849876,-0.8655833756149383,0.05303716447772113,0.2670712549506676,-0.3795533779283728,-0.2118989880489232,-0.374333311495094,0.22335626022571922,1.9934009057293591,1.3282488617623431
-3.828287173805147,-3.736295875769906,-3.8577105882331515,-3.979837350142048,-4.268414314852537,-4.606381538882757,-4.534333519686454,-4.49351850670155,-4.042511145941439,-3.9689057364267635,-3.9888924671710755,-4.3768429070513335,-4.657120924242782,-5.8203619896142476,0.3385778457705741,-0.7947983713725614,-2.395663774595079,-1.17143086485148,-4.146888667957899,-0.6087942540068139,-0.592698802036622,-0.6741980140741631,-0.3955966004054868,-0.8780334561554126,-1.180776895061461,-0.7261726421968868,-0.4470465024526295,-0.11914608752358759,-0.5459175969212773,0.3523281174863565,-0.10135245746602022,1.7435815995024426,1.0824593560285676,0.6468316207430751
-4.455842214794613,-4.566075907984462,-4.78963062716659,-4.361461159356073,-4.499819776120899,-5.08806129353234,-4.999543567827274,-4.027349767274514,-3.426801401531037,-3.325614530388808,-3.2712531495036132,-2.623779845049524,-3.839684113940533,-4.673716307066106,-0.04162565295217219,-1.0506139431234944,-1.9055802328820828,1.1117660563131713,-2.356254868825324,-0.8278284993700877,-0.7823921126627571,-1.6718184396674953,-0.719122849231826,-0.9067985493315743,-0.4975870273320904,-0.5451520278184836,-0.36233163258514917,0.5682005890997883,-0.4283605808761698,1.3566562307359988,1.5438753547837776,0.9177732522341249,-0.21994345453136296,-0.9214588430167586
-5.125908990638144,-5.315423270170639,-5.284262048386431,-5.072759965187456,-4.743804574416593,-4.931814271809761,-4.818696026786371,-4.210044611631312,-3.867305226881195,-4.152762884491375,-3.7882206842054376,-1.656264491676209,0.2024653896057261,-1.7464354310270975,-1.2578048963969104,0.34317189523400793,-2.7541376458485156,-1.6730049056148681,-1.1363362346949606,-0.7345275217219495,0.832728603213437,-0.0743942281160743,-0.5301732494617929,-0.5487777950984386,-0.955403183250608,-0.28195171657760487,0.7610357190355027,1.6028679438712778,1.6998144935503678,1.8510503959234954,1.0465970089825927,0.15103375503966943,-0.5914942681795791,-1.045485168334167
-5.3263093767023815,-5.463555075855633,-5.564912632194791,-5.987400898824796,-6.088937359579604,-6.0469507935007805,-5.654948247167364,-5.717375312049209,-5.5704288633778525,-6.214717498065604,-3.5065444785248556,0.3702220656254139,-0.6394587436896374,-4.26657750261735,0.04150629836577761,0.3763425133965785,-3.5887043473295965,-1.4390466982478562,0.021564064372090297,0.5084819891472369,-1.1299034201623137,-0.010401223295498599,-0.9565268367712412,-1.0286575091801744,-0.6530285596152864,-0.9743852775672339,0.7764727474924338,1.2961452816495111,0.758315594742599,0.9776222836361043,0.15346583076547055,0.15309046024408324,-1.4245928181067835,-3.246314668458997
-5.673865155162412,-5.5575974211569115,-6.063483036367907,-6.764512158652249,-7.770047614735491,-7.481311252951621,-6.506646798125736,-5.043935331029681,-4.906373229804584,-1.088953545540115,-1.0179476999206334,0.2801118079612855,-0.7667025477705337,-1.5385786405307194,-0.3445483127664598,-2.7939630224919854,-3.242296690823834,2.517568599633053,0.429144306234608,-0.18060699077358844,0.3107655590781237,-1.2688287820833317,-0.1570004919244113,-0.5321678177216286,1.638953070327465,1.199868027126819,1.6621746073399362,1.147198624946534,1.2178699637454418,1.0495277744436786,-1.375334926708161,-1.7057619588877968,-4.295025002812001,-4.28894950236815
-5.625996671174159,-6.200482757476673,-6.517297837358361,-7.289143565395338,-7.35048547851668,-6.638278998346111,-5.552764707980053,-4.438849238466712,0.12257314080688417,-0.9935695155599285,-0.314682584519417,-0.9295990013772276,-1.4503608422578882,-0.5870642975204665,-1.5366802546783898,-2.080640646118488,-0.9819832406945393,-0.4104958599255614,-1.5578017904187325,-1.5904291804567214,-1.558238197192415,0.11714435650171627,-1.4667081944889346,1.954566824401997,1.0566786368510817,1.3701817344652198,1.8575282807692406,0.9888339111988408,-0.38878225221969204,-1.2228402091962645,-2.0246541691944944,-5.738556720901075,-4.998956949835852,-5.548670861708256
-6.506106792551206,-6.929280043823365,-6.8828429676032945,-6.380130789435246,-6.159625480511531,-5.0559618764116925,-0.9619664299041054,0.46292285343091716,-0.5127849365392988,0.2611002697301945,2.1195624687270875,-0.19183931785554909,-0.1594996308667894,-4.3050438949349425,-3.248790099145833,-1.3437757697657167,-1.4025868372468921,0.16350491060319955,-1.820863692891325,-1.614311182713793,-1.884392055804425,-0.761480246419486,0.9789663854243493,1.841729007782926,1.5898443180378776,0.35003564292782396,0.6538824983945781,-0.13752318637372102,-0.05491099413609748,-1.67056168165651,-5.283182429819406,-6.044076372554822,-5.3367403075086655,-6.040680595249996
-6.550239959234864,-6.10012486702381,-6.324921868823537,-5.773439364319632,-3.965819341669055,-0.5752537803666384,1.004066892580966,0.03995280600257033,0.449968823969636,0.4394740653413241,-0.680738835292914,-4.21354244710727,-2.274763368164139,-4.776369039585985,-3.6469412024565306,0.04347745598169168,0.08784884187197625,-1.3872264560013825,-1.3090981694003834,-1.1318231083970642,-1.361742532561689,-0.4015526965543912,1.5649605739158146,1.4882777618282432,1.040081129397571,0.5963270353542932,0.46971788645402746,-0.8525695702837658,-1.674539139275012,-2.5818244103365164,-7.015257749210021,-7.174579104944846,-5.651762095749668,-6.811006028166869
-5.179828926750821,-5.9740586343085305,-5.924617895175407,-6.282797693713471,0.32189225955467893,-0.1300057344670692,-1.385175338702464,-1.0299318726271058,0.009322056142472836,0.06569366113940732,-3.607668606321601,-0.611499665942591,-1.498254818585881,-0.8926847841115788,-1.4556558128720776,1.7883135530069243,-1.5527549216137777,-1.0959983495033487,-1.8300769570398256,-1.7922880767396105,1.503618256697822,1.3089431977312547,0.9304943429539768,-0.05604889449444843,-0.13315825999955191,0.09836762871582222,-1.0639454885313206,-1.6574771198980325,-1.2203686137483283,-5.549139437947462,-7.449449085240067,-6.882993526509297,-6.368360516793874,-6.868604921628214
-2.889788968973694,-4.405159922676334,-5.045655255312399,-5.876254836681048,-0.07150325378648095,0.008113357980211231,-0.4685703039948502,-1.141602335511714,6.116939489681938,4.733678627032585,2.0415780144299616,1.5337771451821485,-1.0183176714740105,0.4113190768599094,-1.2454382379429128,0.7041121679203266,0.7986276827074449,0.510544900457602,-0.2513401777663465,1.8677571702039304,1.8075693842865679,1.160446938405592,0.6556890779911387,0.5159625755927197,-0.38776622339578476,-0.8673924533208054,-1.3210526186974507,-1.2956826082686592,-1.931959970294139,-7.573303741207062,-8.185640370742632,-7.053546907967781,-6.7668034933709675,-6.790059460876689
-2.030567025311617,-0.24523984209863658,-0.47175838357755573,2.0399043474187697,4.922737076314,0.47881285330819623,1.463079438505606,6.113036807325749,-0.7156426287221365,1.9368898208820406,-1.335132226187298,-2.7244866986662104,-1.2588665619848796,1.0074406119987045,1.6253478995537363,-0.9885613628889549,0.8523328622560392,0.4419603343319049,1.3118510713403866,1.024068797612265,1.5860647782265678,0.7894070289942775,-0.5248992605194681,-0.7516814708387826,-1.1129515036243645,-1.2521091005517193,-1.5563394959483998,-1.573328643049068,-2.2419335287183877,-7.9444446803185365,-7.106021946185669,-6.080200039668406,-6.404933058798017,-6.509666027126184
-0.8903658126819924,-1.1539756667418168,-0.32466292916318307,1.8533275381298204,0.36561079589762024,-1.1770202040539006,1.2335612901791175,-0.589811227091038,-0.8783554351524966,-0.7921980781621804,0.6974295077201308,-2.147523208981512,-3.120172853085575,0.1425402774908078,0.22364034618251763,-1.1568633150527627,0.49020370243765904,0.07691925225221229,1.0752260505482618,0.23021270495757246,1.6145493546747773,-0.5622802790935049,-0.5944630770065936,-1.3244965048347588,-1.3535701479723097,-1.242262915569341,-1.0711695164339594,-1.3699295413052355,-2.392603369733277,-8.866984906033359,-7.274530168363755,-6.217694948734635,-6.0456277109274215,-6.6273484444446185
-2.3077618549358645,-1.4465345936957055,-0.2146230994865305,-0.5916478458918055,4.782507646579145,5.5720871280101765,2.7078142987801637,3.7890244432064835,0.978012039099683,0.7317841896257572,1.5914581991895254,-2.4600254109843687,0.6451878376397097,-1.0746827414573785,0.31868067407210915,0.35223563690251836,-0.6113449277392199,-0.80651256755412,1.1329851960302595,-1.1208679735233849,-0.24934404319798883,-1.4029708552630644,-1.0498342746500289,-1.5729387318805301,-1.397397192014771,-1.2853185468112363,-1.686922126458244,-2.111374573217998,-2.6041841496906994,-8.370731801688754,-5.591608092753176,-5.784011577086642,-6.436925826699337,-6.615513213780632
-0.3088690168007452,-1.2284342529989876,-1.4115381801550058,1.0866317090644355,4.2708788219840494,-1.5867514954991182,0.18797692470272628,0.1869671075570051,-0.6008502410719548,1.9208302848022993,-3.0181183485479854,-3.593017229564962,-0.32977102868874053,-1.0093124650868939,0.49273860698196775,0.07106814877731733,0.9629375183404454,0.35959985563818403,0.08055997076873578,-0.9855239353495246,-1.4038432608639064,-1.0147319916667477,-1.3838355011954933,-1.724555935475252,-0.7863574962340448,-1.8887019929790014,-1.68122545835627,-2.2980060863544516,-2.270136676512835,-7.2289347239711494,-5.877241543138392,-6.410358280576938,-6.201673840944557,-6.653013946665537
-1.1863342308845393,-1.5671749329514593,-0.982672555653918,2.7691692462037754,0.6768865065522769,-0.8673795730414509,-2.744218237550074,0.1376732516855963,-0.6354630941467987,-4.337248212001075,0.44660678724739816,-0.4725770562828716,-0.0206240328067434,0.1735029236225262,-2.061705075414327,-0.7040238105625447,-0.932026313757083,-2.1363811885895183,-1.8372995697559993,-1.41878345372118,-1.1381687283746773,-1.5960894612613552,-1.5426244552921053,-1.187236269470716,-1.03604999854095,-2.0021664940325907,-2.4996357489500167,-1.9842922216301802,-2.19953989603873,-2.1725925123304384,-1.1302329283589183,-6.26534124242343,-6.530165817344859,-5.780287487400336
-0.9341744242772424,-0.9195757357665969,-0.513686534853716,0.4979329737830083,-1.986795878136804,-0.5172108495314596,-1.4474358367309477,-0.19095721586549758,0.5007424088163088,-0.6140471900891469,0.9792991173097991,-2.4625995226087563,-1.8594630254444207,-2.9602111307774397,-0.70755928198093,-1.4605106628818905,-1.0559419652692368,-2.167514015479964,-1.409383224835427,-0.9276753466539357,-2.2367741586243515,-1.7191416472898515,-1.9716027320540335,-1.4751555281911974,-1.784480888981969,-2.0308772880549246,-2.7876365069320195,-2.931664879974328,-2.6051508285352187,-2.154695942500209,-2.1046552166204076,-1.5131518241439965,-1.746496455817399,-1.6890185361882608
-0.9337184473204053,-0.879638710445808,-1.19785959518486,-2.191810027111465,-2.686546588501569,-0.2188801896267276,-0.018471851846704655,-0.19568894906097387,-3.2455203964001442,-0.5306184382389589,0.18791711872689842,-2.141686960395468,-1.0228695721806786,-0.5294270290277978,0.19069724862900247,-1.9034722510597908,-1.820986281139958,-0.3613996108995749,-1.764771442956882,-1.8163541636196654,-2.0433472057116493,-2.126540312887116,-2.3521435164824336,-1.8115791553062945,-2.0105369739223913,-1.9203086634751123,-1.7773447584685627,-2.33590290469194,-2.082813231640242,-2.972445435866963,-2.3926778203934607,-2.2616971945829722,-5.553027544641786,-3.8935170961414918
-0.6517615725158546,-0.36912407495486177,-2.2202895523970105,-2.930222755683514,-3.9403779480815726,-3.054254394482731,-1.8712648615231096,-2.812907460359257,-2.185328957725776,0.7749582536886406,-3.6680506641836024,-2.3961236830905266,-2.6881201244842616,-1.9921534578269893,1.8231724844457367,-3.0197724538794573,-1.6722594928756562,-1.755697139819935,-1.4430931729070435,-1.497799054918108,-1.8262725110764804,-1.5733488744497819,-2.115863960547254,-1.7132203570241997,-1.9293593057666392,-2.1222051435032188,-2.1077914091309555,-2.949152756826213,-2.9348292752276968,-3.7914896556686157,-3.0453481853795443,-2.265605561241539,-1.286167881003385,-3.4775641580788994
-1.3375797960526603,-1.4191212349421738,-1.2746748292722658,-3.3423270216191736,-3.786593640907393,0.2597557757419374,0.4250558787362153,-3.4557001204770175,-3.936282078472411,-2.9290348378018667,-0.9057575811607533,-3.2871734617554433,-3.377473983983294,0.21990198385277304,-3.267543558980617,1.2969120632556097,-1.720735306556296,-1.783794152922609,-1.5387093914113552,-1.5254046049183756,-1.534906355503595,-1.541604429610856,-2.163418021794843,-2.1049798086821854,-1.8975182077756925,-2.660579208761224,-3.1472805273203344,-4.615545113281617,-2.868202060064286,-2.9752838306250378,-2.293566377252088,-1.3023410492168193,-3.0004166630679627,-4.744392675729888
-2.0090628106919475,-2.1032645974513144,-2.077003685035788,-2.9119904797320717,-2.93394062052789,-1.3676768649527014,-0.2972944087820809,1.5269948785582712,-2.1850546547052367,-1.5676206288448515,-1.2863479733642376,-1.1128129037616734,0.3088827190714865,-1.120309337641398,-2.1479761064766314,-4.0155638143566295,-1.9621439775939968,-2.102283857502772,-1.481318549313849,-1.5244714386030693,-2.1111465987818767,-4.036061983944716,-3.119345065929195,-1.4906724427807778,-1.7286755559534552,-2.5505714762001745,-3.8779365366932113,-2.1213048727396075,-1.9219787353347169,-0.6161223370974833,-1.3305704172601034,-1.7788209417982705,-4.733451412539207,-4.168649773840089
