script/wind10m.json
{"header": {"parameterCategory": 2, "parameterNumber": 2, "lo1": 3.000054539987559, "la1": 64.9999836372058, "dx": 0.5, "dy": 0.25, "nx": 34, "ny": 52, "refTime": "2025-10-25T18:00:00.000Z"}, "data":
[rows 0 to 23 of 52, columns 0 to 33 of 34]
-7.463203816841793,-7.70004786430026,-7.697683662250856,-7.472052567132019,-8.066078100472282,-8.278464119676643,-8.162485005828325,-8.58486413798963,-9.06406452372412,-9.523331172290229,-9.273119844806695,-9.30092961698278,-9.270604312517534,-9.469887263058881,-9.539752347594119,-9.36126068093243,-5.7090411959827145,-6.435811540425568,-4.615807822185464,-11.751445992379512,-6.910782262447927,-3.1069988684529872,-6.743447382121959,-11.159137111677888,-3.7680269393149652,-2.9301852209147583,-1.184427976261764,-3.7868092982132393,-2.9168291268535076,-1.543895114358615,-1.8712550642997554,-3.2057358090907795,-3.72453048604144,-2.974004815385063
-7.503115691022048,-6.584390413289508,-6.4159806095327125,-6.893405987881635,-8.125312644760726,-7.792388807007477,-8.216201948180355,-8.331992783805838,-9.26550159576986,-9.192586350575649,-9.459584436565676,-9.76692545933639,-9.680407277455265,-9.417187815118108,-9.568807818539478,-10.079162944815877,-9.542024843408788,-4.407827172772622,-9.128853732941925,-9.148486233299725,-6.382597018121227,-4.868483718480514,-3.081852265110608,-6.8169138013542785,-0.9110038871355355,-2.9395655822613924,0.057808878074392826,-2.1532432366498413,-2.695879646036468,-3.1408950275440635,-1.6067639326480303,-2.7385710302149633,-2.9584142501903274,-4.223917488673637
-6.874025606162104,-5.326076910169172,-6.135798440861767,-7.03810988430794,-7.016296643041355,-7.842392584417537,-8.36368726350013,-8.727418126969965,-8.261416777764635,-7.925420988952179,-8.914155985665523,-8.979449423578894,-9.101230756919701,-9.902849285313719,-10.421630086037435,-8.015091633250432,-4.68163092913738,-5.411819373624038,-4.077732792157185,-2.3813887605055837,-8.778288639532922,-4.6981168233578225,-3.501642047848665,-5.638444843215138,-3.4493163947761825,-0.13849368577848928,-1.8879331143681743,-1.2151572340331882,-2.3876463224013986,-4.248375337005584,-3.4423355961110236,-2.537347711744661,-3.2339720884107246,-4.385039366948143
-5.6182685355070925,-6.043199615159459,-6.315351946741193,-6.4028169143694855,-6.879510044754764,-7.597503207915411,-8.130633833774981,-7.325032221073846,-6.982327168573434,-7.401014222583526,-8.594404815674025,-10.549523460730972,-10.4815076047329,-10.376251038529503,-9.839646072262438,-6.197616100052283,-2.5488550301290753,-4.63638312079635,-9.321255930365561,-1.8538555301101187,-11.491542380584365,-3.738007183198593,-9.547641087307825,-2.470474471642686,-1.7431413502613113,-1.5499204185452575,-2.5696406610943665,-2.7465565182409866,-3.2336938915979494,-3.152817484300035,-3.226969508013067,-3.6925894761076066,-2.9635075819486953,-3.398778150272282
-4.371042033237952,-6.591785627289214,-5.754103246845224,-6.456380547967201,-5.652753123861741,-6.805625967402476,-6.642221326559761,-5.931387635468905,-5.2480684033802,-7.211480851494543,-8.519599004206192,-9.664447230848856,-8.935064382490031,-9.925515472883319,-6.664853066455383,-5.380037847884872,-4.39037734927143,-3.097432484303569,-3.6245199321056276,-4.543022272881983,-11.838745359635965,-6.791418098539801,-1.044371203735794,-4.500191560074204,-2.730780805718906,-2.749108690003974,-2.5825895415919353,-1.756370167037012,-3.2177073282950617,-2.9264654509443147,-2.318698375237627,-4.131785308533613,-3.1303632665176933,-3.185895196821822
-4.805059320328926,-5.498798769496646,-5.334688370710483,-4.977129965593701,-5.571090754180828,-5.449661761569793,-3.6070027727592513,-2.790104975352953,-5.746107777575877,-6.641556579825888,-7.557579377220796,-7.077185004131366,-9.246275409684603,-9.270102331136686,-3.429868306396323,-1.7738082878794281,-1.5861798363214539,-3.1693210140914965,-8.40021684565051,-7.972285100583186,-1.9025822721052745,-5.144362813108012,-2.971835553761877,-2.436460346345251,-2.6268563418152717,-2.5407372513349795,-2.2082109911506955,-1.9357313259495483,-1.5606795025943228,-3.4024184696690964,-4.036252879238173,-2.0703022268761684,-2.4520970447415515,-2.578841562991345
-4.814840103373142,-5.498242130799454,-4.558971108944949,-4.799074023888425,-4.198379508194537,-3.138088770163911,-2.704647530314321,-2.22521763126134,-3.3827815844411724,-4.547468713745596,-4.082952856005957,-3.557380609115529,-2.70917176505526,-4.772174344912695,-5.849408178478619,-5.000549126654047,-2.3475438589622684,-5.650849803860148,-7.721261628703546,-3.631886477165417,-3.436620408940925,-2.295949583276138,-2.8433681945751235,-2.7411276858615614,-3.4810736885297975,-2.0589696828595816,-2.8401877665752777,-1.9585331266137267,-2.640378078948233,-3.355087207392944,-2.7197851141025597,-2.842404350281625,-2.4944139769645797,-5.123360306490025
-4.936378881239659,-6.792013222909408,-4.146296528170819,-4.671315907506646,-3.3343878308005634,-2.288583518052911,-1.4802843350783101,-0.5614147808653432,-1.4265181761723353,-3.3536794444143583,-1.6706303544430472,-1.627237131873847,0.8891958232391577,-2.7276065606773825,0.1639421911859879,-1.4504651001777964,-1.3560963367683416,-2.113510991393004,-4.550430221280384,-3.3470977308343857,-3.2532557617754856,-2.8187342180617394,-1.7597455646612055,-3.2763714460567988,-1.7672089723442894,-2.0190889292925625,-2.7412100655621225,-2.988875621456784,-2.1911815685669493,-2.145919486121004,-3.633892912826205,-2.3661998501233064,-4.408029367870525,-8.865908504290333
-5.079566581446622,-5.025752870653753,-4.5367909620037254,-3.3146642065436898,-2.4511165483605555,-1.3953404346459368,-0.1601329963920796,-1.0603574114932914,-0.49531728133619296,0.17059619677274485,-2.663400383036212,-1.1485943670033192,-2.1022394688934782,-4.59767752100248,-3.3366358091050854,-3.316970040922108,-3.473006388878203,-2.760391514396384,-2.73126850980526,-3.843247012871953,-3.4485128975554273,-2.5799795941695383,-0.9704457071964839,-1.5826990886614265,-2.1297855301499324,-2.757649326090199,-2.1982184084137444,-2.1596108864526937,-2.1563477681170244,-2.3416369027581507,-3.665715348315001,-4.7110714902092,-8.09334558337507,-7.67094766357986
-4.375363070180312,-5.02022596862941,-4.159899674973014,-2.8152283111087884,-1.562569235197816,-0.9509840928010062,-0.30563498198399525,0.1590239073610279,-2.7711464776649213,-0.3760949523888497,-1.2319989884761167,1.2364558113691648,-3.9665771459907906,1.3929929211485061,-1.0416674388889395,-3.776384116115674,-2.1903554851674154,-4.823745400153278,-4.7894224102418725,-3.3006752224091276,-2.3245985329237047,-1.7490157803843278,-1.8561423295673036,-1.7147256549351777,-1.5573341492396782,-2.7917555744608635,-1.8723212497927522,-2.432588346169779,-2.67731504894471,-2.6633319735166427,-3.6653075356843354,-7.3229558835468955,-7.035960020136489,-6.637613842929225
-4.899990355154655,-4.491367598762094,-3.8564452833521377,-2.7229193978453763,-1.9240894061000788,-1.772416372589613,0.08046735221875191,-0.6641700713417605,0.5571410847919746,1.5927310673191486,-1.3252979029213328,-1.5578177986685802,0.15483408347326902,2.3439586661936755,-1.8261621361103824,-2.845034156559863,-0.6112282026929469,-1.886318899117887,-4.611337937911818,-1.2089493213075138,-1.3955107253306245,-1.1505340824739192,-1.9852878814635184,-0.9784586927272703,-3.3788649132554114,-1.4794139567084674,-1.5095298786047524,-2.828644328899259,-1.6621790981181908,-3.3191709587462306,-6.463980690422411,-6.383132226417299,-6.075915839261671,-5.755560296888335
-4.394862149036652,-4.2679021962303,-4.034059087819581,-3.305922158075073,-3.024716279557897,-0.9717251813533511,-2.0474030808999224,-3.0241659198852475,0.3838305374909108,-4.193373808288567,-1.7705669890316813,-3.5824037779936257,-2.9680353448357253,-1.7704190795769243,-1.217764828978108,-1.0475557961612434,-2.0562297828015392,-1.7042390770213816,-3.244931366649004,-2.8023524893682317,-1.4937793178814085,-1.646793314905054,0.7028360133280104,-1.1448805783608083,-0.7860094693176768,-1.2427097195227699,-1.8250331540351408,-1.7165376583276377,-1.4989186657900466,-3.621963547179728,-5.987124611090943,-5.140091768812296,-5.3267058117702,-5.945571480594826
-3.6536433265049144,-4.000540985366961,-4.32516224914894,-4.412281109746187,-1.924381381956758,-0.4918613927414629,2.2963037179222474,0.5081877659159767,-2.9276951321398554,-3.3003364342540937,-5.010907009177207,-4.406278396586151,-2.195821526293362,-3.1120139122158172,-1.3163744324015363,-0.8622766167694226,-1.2270763012666859,-0.8617675221976698,-2.881144136948083,-1.1338594705531853,-1.4555263446313318,-0.9156684998974469,-1.1573388717437596,-0.8758830041584386,-0.6297288170913845,-1.7622106299987308,-1.5054675397814008,-1.6865687927668784,-1.0753143511008427,-1.8037659449922243,-3.2486446125681954,-4.694502821964235,-5.7731684048163014,-7.135468320850162
-3.1129650357672767,-3.7229641508827336,-4.844980475347334,-3.1901890015996788,-2.2801208345257526,-2.9249570027963663,-2.328479913980323,-0.6656187217620244,-5.590817080127452,-3.878863188172716,-1.975310206703914,-1.20150522888211,-1.131161743260937,-0.626855078405685,-1.5416656306571104,-0.7337396460990319,-1.2272593719537301,-1.4623480297160438,-1.372008955339226,-1.3375383695748655,-1.4029483618808039,-1.8948550535454813,-0.5064662102363913,-0.7085121585984723,-0.6591754177318616,-1.0337598442095466,-1.1549412081289783,-0.41130047686818144,-0.673631698882395,-1.7947392926161283,-2.4798710642919053,-4.66765471188271,-5.695426616346598,-7.061055080154501
-2.5785578502205437,-2.870549398486776,-3.584468695244467,-4.544523984677562,-3.790230366529854,-3.318962136573888,-0.036582061774644764,-5.206960043730394,-2.669868803523159,-2.4447357424486253,0.2892953129520685,-4.666475471273678,-2.3599366651527585,-1.5486130527353419,-1.7164793091786406,-1.2653904606805886,-0.38443153636976984,-1.0128543365295504,-1.079624898419558,-0.2698794874031088,-0.17660164465534287,-1.2043378337100323,-1.253658758530561,-0.30810500849051903,-0.16345173116308603,-0.805122977125033,-0.8873193124248827,-0.5408764159185866,-0.027508154766781766,-1.7003043992661486,-2.055981694064621,-3.814239642373967,-5.637543904738995,-7.017088556562217
-1.6426470281202097,-2.142338124751824,-2.2066896804694327,-4.388258833144023,-2.645282867405934,-2.390572660413695,-3.6633745618062834,1.7513946629052157,0.036724634197376545,-3.2281239481865294,-3.999564083569371,-2.1397566777370782,-2.3747398447814256,-1.6861300506322525,-1.139729838039745,-2.2279140584463404,-1.9681295867585973,-1.8151569783238857,-0.9982353345802004,-0.9814516689398909,0.3887495430558715,-0.4747249878255485,-0.5627492988181606,0.17360098067298135,0.013431527443463837,-0.7029754324350103,-0.13732074992509197,-0.7709558834829009,-0.2739781502601426,-0.85656285864959,-1.023474345048126,-2.612585012927962,-4.51503139549976,-6.750161199328402
-1.546953032457896,-0.7359915813714671,0.4250621509290523,-1.7431089545811063,-2.3531669560048014,-3.1858125926265672,-4.171668720820218,-1.4308979736298415,0.6732891528720258,-2.828303071618064,-3.8015446915891444,-2.445039812224866,-0.6584133995422139,-1.0253047549746277,-1.6089645195846263,-2.023482674147482,-1.4439163630151457,-1.2233857810958435,-1.4674605028111964,-0.05803900466957741,-0.6265861721247333,-0.01378235816949941,-0.25868479236095426,-0.34873979271624717,-0.6753620433688736,-0.20596484816800806,-0.13312721620697482,-0.1571873340524929,-0.0731604664901037,0.07662445127471187,0.8139151380510928,0.6230469583903389,-2.197317946922351,-6.602541887432706
-1.0452838313807873,0.28847319472773275,0.6725736753513543,-0.2567291532678339,-1.8401549112005495,0.3011594802250369,-2.5768394218257833,-0.04541039672374889,-4.301556484583648,-3.9095516351032447,-3.685835852328588,-2.3834007771527945,0.26235038675331596,-0.7247641037650117,-0.5809649127440368,-1.4920070539658965,-3.721216371806413,-0.9579015160397643,-1.4067576440916718,-0.9063145766540512,-0.6938342559289166,-0.8351825538171761,-0.040880690560573835,0.4801327432281401,-0.8175751747900017,-0.4104026800769004,0.1976835827265676,-0.036818100041824474,0.33929949153794237,0.8102438534386243,0.906463306701721,1.415295234482991,1.2660669252294754,-5.876657789311863
0.9092253406167061,0.10356261660701009,0.6927215050400664,1.650265121494581,-1.631627425869422,-0.9477443528540245,-2.2240230949610633,-0.3636165138194748,-5.262233787986893,-4.656733200287527,-1.1652560393955511,-2.131431651275719,-1.348347490079782,-0.707695990875172,-0.692283617161018,-0.6671964208723481,-0.5871133775649181,-1.306426644785597,-0.7357833741859623,-0.8392247544027527,-0.6929841921090943,-0.4126694642096342,-0.3980437302743989,-0.8968703043982439,-0.3070313887730083,-0.4951504758717851,-0.30489936457983047,0.4502752910778964,0.39507731559212544,0.34705307415125647,1.0877872897430734,2.3133839311879574,2.136246289256349,0.8929767356490751
1.099903061227946,0.14494888633063688,0.7645724162276858,1.5678599671862397,-0.5610270763451161,-2.042243414783468,1.4595298372944414,-3.3378129245706494,-3.811155470934318,-3.5669907149969506,-3.885589414226926,-2.3211281628607083,-0.3846218147754458,-2.739052930681218,-0.9426731321149631,-1.407143970240341,-0.8916533214249031,-1.5629911929471025,-0.3401373655504053,-1.128619945085085,-0.5678143942734846,-1.0427502135678128,-0.5862070213644721,-0.4454439289071176,-0.5268222548203587,-0.3585633683531098,-0.6300665276674835,-0.4917371956691855,0.028680235021217356,0.7599202472858394,0.9212784346948563,1.016970182224368,2.415090939948879,1.525687616351133
0.5234937252601348,-0.7313225913631812,-0.2658588305297579,-1.7377655876555935,-1.5727597061989138,-2.8270477782844456,-0.9145317192583858,0.6552595476536915,-6.843541680448018,-3.782447499324939,-3.4941131915314214,-2.8640325106606745,-1.828942690170661,-0.5873615065748465,-0.4955403302922348,-1.540219076541261,-1.2098098332018388,-1.2486887005275285,-1.3276606032050244,-0.9743889766240615,-0.8852461984966745,-0.5913993090787887,-0.7371040821901553,-0.7483758547090825,-0.34740058972560683,0.21539328069014485,-0.014126367080637478,-0.046080157981022815,0.06074358259474844,0.7851652269341693,1.174175939751989,1.0962174477336928,2.6960823083095353,4.661283149685412
-0.4710585703143799,0.1951119932282648,-0.31792421283959277,-2.4701085647795153,-2.5450778692717573,-0.8810163328220766,-2.9049182127196542,-3.046103750056756,-6.923670908788521,-2.5491249391746917,-2.047319993006997,-3.992021696719826,0.6260727555261266,-1.4653443827046881,-2.499795861765433,-0.9827259266989565,-1.4828906572795728,-1.5304083636406456,-1.0741555779935863,-1.150094638369989,-1.1495781066375927,-1.436875407988904,-0.8201902890372624,-0.9675759395931592,-0.6780518154259354,-0.2898871612466292,-0.2164391944371356,-0.44761745471107833,-0.12058638656435812,0.8911459340366361,1.2398174302419271,1.528319660329641,1.369787021720895,4.790975590871439
-0.3445667860419577,0.6237483121280404,-1.2234601855104008,-3.9096360167996336,-2.6456466697776544,0.4279558104316683,-1.8063806257506376,-4.887116870815652,-8.182402694258158,-8.405516173098528,-1.5229713266542415,-4.570288281877848,-2.6616926210319756,-2.2623395092194327,-1.9652732783130638,-4.792246013384033,-2.057140250775056,-1.4144421430922034,-1.1585281468390185,-1.6897213943744465,-1.4400734523417835,-1.2518516120810657,-1.0778668741642519,-0.8007786435074812,-0.3265326060561036,-0.7533252405434372,-0.21402810473722808,0.310213054421732,-0.3463544005242772,0.13910752977300908,0.9430796132851076,1.8375631770820675,3.9858308216106777,5.585763488277038
0.1401230049355175,1.1929194954878952,-1.8264943586194335,-5.715947418756217,-2.8945695254332215,0.43052984994084853,-0.7706865171940191,-10.10204723195672,-6.262306924410021,-2.0985417266562996,-0.23034298958883692,-1.5066300048638537,-3.3801102882864633,-1.909296983555992,-1.6975945065197175,-5.394229518152077,-2.2934271521016596,-2.0338838054487756,-1.6714649456704984,-1.5800710430050358,-1.0798545267450945,-2.929148731561491,-1.986842859911223,-0.7615407617492842,-1.102005313700794,-0.6858484386416798,-0.724958062170342,-0.05077636362173812,0.2013729449032147,-0.10730001787003625,0.35912609971690046,1.0215647979729576,4.836473866575,6.615198761648613
