script/wind10m.json
{"header": {"parameterCategory": 2, "parameterNumber": 3, "lo1": 6.000198445256149, "la1": 58.999992894266676, "dx": 0.5, "dy": 0.25, "nx": 22, "ny": 24, "refTime": "2024-04-03T20:00:00.000Z"}, "data":
[rows 0 to 23 of 24, columns 0 to 21 of 22]
1.20890413529624,9.341742528656573,1.353551310302512,0.40303083171449144,0.3070459740048068,-0.7431715486491248,-1.2241425957973437,-1.8312551732165112,-2.5629871005164944,-2.08064528949031,0.21302456352358468,-0.23506843889379403,-0.6885694279247203,-0.9142024808369041,-1.3813269110546176,-1.3727043521187545,-0.07512124036735451,-0.08041027585898539,0.029058652134132806,-0.8436755851715387,-1.5687337602502718,-1.5232078779696747
2.587163887659547,-0.08939469288402306,0.8617950397447565,-0.33388600299515825,-0.3150689077184232,-1.1625162234742674,-1.8081503672577919,-3.2392150849899894,2.6364675064529806,1.3703302655175695,-0.5409928665636794,-0.8182236697593932,-0.6677987918303562,-1.1541536382938822,2.492891414140736,1.6358727681463656,0.34629291641106347,0.21441359535600366,-0.2207912136080281,-0.9768999497409822,-1.6015376300335338,-1.4017755434114425
0.9912788713956288,0.6760141182247273,-0.9101204054743235,-1.193665923483642,-1.305178887553181,-1.1667121027035137,2.2560779969049074,1.1043738831912135,0.7112351460349284,0.10574382842841341,-1.1870139149874335,-0.5888417444060686,-0.6325477493439164,1.1579966997439346,0.5487195683153973,1.0720046722634031,1.117622739049724,0.7518284684066359,-0.2682389735105635,-1.8326375290525025,-1.5225715938114857,-1.1576434352960396
3.2380192314889156,0.21814661946958516,0.5329700099122457,-0.8646516112070844,-0.8530166064369544,-0.25094838570813394,-0.2225804367251603,-0.1616847670788223,-0.575701637997606,-0.5103581458160829,-0.7282303671168623,-0.43577271002055235,-0.2998234764559456,-0.3940742660933391,-0.2946068245784528,0.8625292431537943,-0.18499122558492856,0.7509210661910932,-0.14546725779005176,-0.778978639364785,-1.6892214503625107,-1.3329062978251296
3.276704454681924,2.2023079347806664,0.26226030708410664,-0.7968699156740114,-1.585882084741976,-1.829729193237465,-0.32031508936968206,-0.13358997354594965,-0.3275982283095321,-1.1217465605898378,-1.3810188908355407,-1.6718041370046555,-0.5073169219772785,-0.8315423131732649,0.20378283265770678,-0.12092278158177976,-0.36928611173690784,0.1980424321595773,-0.645243592186212,-0.3483503721853926,-1.3764485284343295,-1.7688807348255289
2.3069486728278696,1.4480007175181324,0.34780516501979325,-0.5640743148906764,-0.803185829992899,-0.5329437125225083,-0.8311326348893272,-1.0395377095201974,-1.3710055575463844,-1.0617612907082568,-1.7084055070604711,-2.479565287204454,-1.2906167263163195,-0.2575297330984134,-0.6302116303087342,-0.19112560843062826,-0.5578206115398643,-0.46468963386472617,-0.9827305135562516,-0.9564428145876964,-1.4090960866393305,-1.1374950643519077
1.9678274987235471,1.3478934121423232,0.740948236174409,0.5982081506907198,0.21449242754443548,-1.0542564932399452,-1.6273671090985564,-2.1240653075905147,-1.5508417779703196,-1.2310849972420177,-2.37145772482832,-1.46112305845475,-0.44900940822843977,-0.30023548701195174,-0.47604859974645003,-0.5557399806782876,-0.5159668428451749,-0.5703898655074311,-0.8721537442773667,-1.0084998186143361,-1.3005744260057839,-0.5294660884174237
1.5138149954663342,1.3438929277627676,1.145824259717198,1.0753158007268153,0.5278922021158472,-0.5231775451565821,-1.54602945656358,-1.483218391959459,-1.4312264782554056,-1.2768609093774437,-0.3743207850179687,-0.7299665220575663,-0.7976523080594882,-0.31031870067033696,-0.8667569841079513,-0.677973528961364,-0.3423534614734232,-0.3960380037161422,-0.686253448111847,-0.22354151333674405,-1.4112665352846465,-4.207712595710678
1.6702123478132762,1.2645664765258973,1.1468136483914964,0.7524186217135543,0.010336338409354528,-0.4572937725070497,-1.7116163522427648,-0.5835361938592868,-0.41049096402289553,2.2669588249815273,1.0579707949447772,-0.3950848819150975,-0.9552346611080429,-0.8817797482709928,-0.4122211700915878,-0.4333479716116228,-0.3749169027692514,-0.43911074546721135,0.21245054488370668,0.17757724465718502,-0.09904697033258598,-3.6100051079688042
1.8890713326070872,1.8614197400364485,1.1581916012117384,-0.28699586421827894,-0.5167735329361796,-0.3195026994889416,0.3870909717270032,0.1897780805716722,0.12512604115655485,2.9792895374028316,2.46744064455844,1.5477586680821305,3.805309586594799,0.8257638493334895,0.6166128976159697,0.26398894391803934,0.022467024770637712,0.310724406945743,1.3976092954104944,0.7087644691169065,0.3873858687199083,-1.8827098490177314
2.1322352854009288,1.9879189390821024,1.4973221973361754,1.0333198754209558,0.1605661905061888,0.41515560612170094,0.11615963123789863,0.44045029287475557,0.05281381059665708,0.7936682270180226,5.909556173975327,4.822215183915661,6.817480777413277,5.231833940415201,0.7761436657806947,0.6874892041674964,1.2960588988845316,1.344720140833489,1.1464158243037545,0.11144831501244908,-0.3710145906137041,-0.34860049252012554
3.08403914905228,2.4350098565552356,1.480796632748,0.8701366207985426,0.31189094273491846,0.513802651848056,0.5952731851232214,0.20628924015161781,0.3846632206794777,2.1039494459307426,4.220002393835019,5.648116786468201,4.977531185788391,2.742784295211629,1.6709398691840947,0.6297867265435455,1.0253264252942624,0.7587714370559362,0.3338676764577127,0.49913175788061753,-0.29224997537209335,-3.372945005093878
4.578269620035322,3.0091791646317954,2.9609186198204744,2.1689006890290172,1.5947129886110882,0.4471776312957311,0.5122246120061025,0.614791227774741,1.1573131494504576,4.1585622674724485,4.728771615150473,4.83211258100433,2.2079962464072573,3.5277304313849083,1.9805947844540635,1.4759679436147273,1.1634691266286012,5.711477273801837,4.992474085134091,3.354276362296155,-0.10282531464365102,-2.2347653242593233
4.932307201869414,5.7690194740223575,4.895267795170165,3.3844288393671897,2.1017311601605986,0.8713113450072891,1.1150216161545294,0.6007138152217727,3.0473116074176545,3.873944377148927,3.0518050918010253,1.9647974921186437,3.501214790830205,2.6360198607084437,1.6442859695778285,1.916855020772528,0.8572759087548284,6.18864719020442,5.362521270320235,3.10653345208376,0.006044606322221829,-1.7679794335222077
7.827316693610121,7.3232546356596995,6.5777972221663825,5.614687214663863,3.2548649002945256,1.2598574331063668,0.8956706748060529,0.6637579435895183,1.586153938405625,2.91039362267066,2.84176860369684,2.3707728293055945,1.9341318074943894,6.3357731964092725,3.0811445906103625,2.4616133070801713,1.5355682220073452,5.367137715355663,5.015795314265053,3.0796205161199257,0.9474116176778689,-0.8138826004092724
7.914024338042523,7.493272806014088,7.622597351260335,6.305821839971668,5.160405092464829,2.9880787993131808,1.7135810127866984,1.7272073792546931,0.7175868559876342,2.2619622436669036,3.126919405257275,1.2899548352829895,3.1093698113205095,5.704133338292661,5.774824741479223,6.192466305454044,5.765305572536166,4.285200231486578,5.175887857720388,3.2963161574874644,1.3402268443096153,-0.5139684889323027
7.222938513499222,7.653393752266829,7.896379530229214,7.547449200103769,5.670679983738571,4.195737639001709,1.8682699204925932,3.1230893089058576,3.1368119520744706,0.3602388708685016,1.748582930300974,2.891736930029496,2.2140345304508937,4.2997152241202645,5.46618996808172,5.581686405223598,5.121000441778263,4.543569636862271,2.8904618818062864,3.0634636586598,1.1589671934934624,-0.014517280439301838
9.561025838857647,7.9765703253098375,7.928310611513835,7.96566469163437,6.505421011678705,3.1944870849606137,1.892723670561318,1.7477423381471904,3.3739369124497696,1.8444573695550133,0.08970048392517194,1.8649383560426727,3.2664191313042497,4.072270020293208,3.6960956966096865,4.2747863129289705,3.7478950486283704,3.2806942299139306,2.819054080673762,3.0689308613301165,1.8119232979156017,0.14467453206940803
9.544543412438488,8.079104707517132,6.582706147644092,7.502567431946952,7.123605200275568,4.889130644513212,2.520684465515226,0.819833559660076,2.56206377484225,1.511336143911393,0.9583840599494435,3.1818444536692145,4.430445768470877,4.097444393038441,3.7021519266014367,3.5317868075292256,3.1013308938281887,2.7121139160245593,2.3387249494086886,1.932239993071853,1.2527105192729853,0.20484163871537103
9.32076104726951,7.831670772843065,8.347386090005532,6.720452888978827,6.403654405961058,5.803556397755898,2.242292382971461,1.8267002360463545,2.2954965602450614,1.6679294736235126,1.0736179759848485,3.455002269628319,2.8582866817160726,1.6345154301453977,1.2167926082711187,2.5355451822119672,2.7127250427293217,2.3394452147071108,1.1813650470824713,0.8792226155624945,0.12217657264648683,-0.21172773180168794
9.826650896566536,7.569316954598376,8.591726355672614,6.997684022425056,5.900290284447412,4.7060900217036865,2.6806878907328207,1.957260437950011,1.959639250018488,1.1345123539646953,3.622796500945565,2.8689638256967833,1.169650495477126,0.8373681115783524,0.7579519252124379,0.38004435853151897,0.5055106207418488,1.7201985551432204,0.7361654666430714,0.3056050118285954,0.11700822751471031,0.13005338960887602
9.78789954027052,7.530970707649323,6.890694294253462,5.412522382010372,4.84450957789671,3.6646048909766633,2.505796264737042,2.140882976475638,1.7822837796957423,2.2621530417479105,2.2615996957048763,0.9533780874311039,1.6259209814644908,1.961617148329614,1.2996963982239256,0.12840410580513872,1.4914739196962832,1.7647304040780172,0.8810545597391807,1.1023008287164497,0.6895645109821819,0.4771553598165177
8.624633066179292,7.892166210013925,5.285072090177294,3.553663983067848,3.8440466751129283,4.89081940265667,3.0537965734832406,2.942919056450347,2.150526480944908,1.7868400191924598,1.8251250892342537,1.6618237063426802,2.4889057937684305,2.627903117733715,0.954339831350497,2.961598927539966,1.7429490469295177,1.793642986933439,1.2150614694321766,1.4855291165602007,1.0030095889419905,0.5398022044545782
5.515110942770151,5.5904331081199565,2.991155329406104,3.3050598558674373,5.263824091906479,4.181922792902962,3.6138064987252334,3.3581814616862804,2.7769005455879587,3.2423089465578867,1.9806768253073779,1.9573610853628436,2.0986808460197337,2.211377045586944,2.1734804585818313,2.1172950858052966,2.0341188269778874,1.498852982859203,1.390185809334094,0.779415272720967,0.6934655482106182,0.27904418925287855
