script/wind50m.json
{"header": {"parameterCategory": 2, "parameterNumber": 3, "lo1": 6.000198445256149, "la1": 58.999992894266676, "dx": 0.5, "dy": 0.25, "nx": 22, "ny": 24, "refTime": "2024-03-11T05:00:00.000Z"}, "data":
[rows 0 to 23 of 24, columns 0 to 21 of 22]
1.8082805270291693,1.2607506274334097,-1.5026692054328032,-3.8881635627107394,-3.972142934284689,-5.35617101833338,-3.672548059678669,3.7790979398242235,-4.634665415366028,-2.384427832838241,-4.634163392245544,-4.060146752140517,-2.348364858934959,-3.677895730441069,-0.5571706079730138,-3.322847515737609,-4.301852981238576,-4.7259569730994775,-7.928760717992703,-10.30550210098902,-12.80338928466222,-6.538395472347937
1.7445989520597052,1.9710271114251339,-0.4936383927402183,-3.511036521783189,-3.5439857173236113,-5.336928127015117,-3.0158091317975537,-3.7615146963169512,-4.375464998562529,-4.40592667895215,-6.103084711170766,-1.006685798921211,0.8686982477200391,-2.0749226548473696,-0.8317352802900778,-3.748520393648271,-4.385300951295037,-5.196682677872682,-0.8743280777822849,-3.305323815719601,-2.228675790338753,-9.003382974866708
1.7417024950290891,2.624320842021037,-0.4697930258359774,-3.289612839751595,-2.410550073096351,2.4745303048228546,-4.388491295828482,3.470375723834735,-5.171458969637487,-6.023434320908201,-0.802506498549878,-1.9623474496797755,-4.533674613592351,-2.237907541083597,1.6363841687291496,-1.2440971629897768,-5.443665134052363,1.016781316562038,-3.878613411275766,-4.76642784648276,-6.568587343215738,-9.79767309865977
1.9872855238470009,2.2103421024164867,-0.5797186391197208,-2.7646724063896078,-0.015056880151088642,-2.0708836759458498,-5.528630135509702,-0.32370834761619866,-4.874799994311939,-2.8258568328107145,-3.5902421264235174,-5.299790280961714,-4.032136305921574,-0.8497990292114673,-4.473994156341303,-0.9546443184574427,-6.061063445777786,1.0704792730097372,-5.312096423517693,-10.8937282523644,-3.407639113356315,-4.326132137087747
1.4737776167218284,2.1041721648052536,-1.1030224671212645,2.8316968431091563,-1.2083642175121585,-5.953553616884504,-4.214579846191901,-5.275706538604569,-5.755664904379359,-4.460239455338416,-5.876943884513038,-1.1722719547982552,0.17956515876036488,2.2932608617049315,-3.779566324073374,-1.277453915616616,-5.920914072917433,-2.3881147797306466,-9.090233941905334,-2.2480202724541303,-6.218110631175265,-8.406615116882485
0.9945263945692272,-1.5009020204198866,-1.2856081180996797,1.1944415135204864,-2.4867926248269208,-3.7585849825509787,-4.733198303470536,3.7628300295646153,-5.913580137801317,-2.9882097727500194,-5.0703674541539145,-2.1984878045097123,-1.5636374615614175,-4.5649520362764076,-3.2263402183458454,-1.8706212104827828,1.1198118469012697,-6.220716156175734,2.194400252041243,-2.607561424070389,-10.523049109553632,-5.266021677332089
2.0341813945427254,2.7609295037983466,-1.6936649534315957,0.14034558652267679,-3.824096763276536,2.4516589337895187,-3.1703730953534754,-3.6561770741258046,-5.423323498259968,-5.147262956886606,-0.1644162532456187,-5.357144519634373,-4.941343935778406,-3.1155914859342175,-3.4264351207212655,-2.3046978973851444,-0.4108099724668074,-7.680181539998498,-1.3966194748024832,-10.94913868299327,-2.3829800957721785,-6.723209671642216
1.262665466882116,2.7189169730489637,-1.5720967360031524,-1.7760676762901333,-2.9844586922733747,-2.1834499594993617,-4.095107251590093,-5.283275952296309,-5.852946461099193,-4.575234208500949,-0.8860014714777669,-3.2036003459576374,-4.732180678918852,-2.8547239216748803,-3.949606589428362,-1.4133179386602002,-0.8548202094120314,-6.532327438661268,-6.241078516482299,-2.1481544231094936,-3.457444627210131,-5.7007723660492635
1.8536668462919548,2.491047225309779,-1.914074827832749,-2.423436143670937,2.0700524024588502,-6.829655839848851,-4.652222450629636,-4.033306175062711,-5.332935033782488,3.196475637843668,-4.284782231995547,0.4987496872943873,-0.629114422314394,-3.0374695770202895,-2.921208431794581,-1.0303411111802308,0.7150834611252114,-5.403543333076493,-8.266583420604233,-3.595571787073378,-5.934042330498301,-7.404205179050712
1.715463093560747,-2.1188876431007926,-1.4614525469058761,-3.3211298053393428,-0.5903609523362678,-5.127310977077985,-3.721962123633008,-2.9343284388134783,2.686571569297872,-2.511975942399178,-6.434508441153987,-2.227168614651639,-2.2004841645039743,-2.020608402851659,-1.6172887562551792,-1.2664434063233216,-0.6977485257125492,0.7712839561565044,-7.451331949728093,-7.86674339515623,-2.7599464537179346,-5.643256798134585
2.0045203644495935,-1.750040064131505,-2.93900946010958,-3.4995594893534174,-2.318507353869244,1.238262569997468,-2.974310732099286,1.5653980459748253,-5.3748740088667395,-2.8846965572855834,-0.7222066038281689,-5.2831242680511155,-0.9657483056600503,-0.6932976719327951,-1.177856502208077,-2.2226287790184416,-3.4676916035928835,-2.4570601329522344,0.05005082171872899,-5.4836190479507145,-8.59532114666094,-10.103140311415808
1.832202226353948,-0.9271118291071954,-3.1217620647637685,-4.056571947525267,-3.3455359205777007,-2.150145857260393,-4.187124510898468,-5.805918401768994,2.2935494473489717,-2.20178902881285,-3.3399868271341266,0.5116861996790889,-5.388552091112386,2.424115403843136,-1.6878303288128012,-2.9246818755255277,-4.314084317462371,-2.399468826763074,-6.0125621353857275,-0.7539990098488668,-2.594610339186117,-6.8285083495542604
1.1113837837181721,-0.7688383464031417,-3.4328143640527733,-3.390029210326528,-5.12557490356209,-4.021092323160506,-4.199636489109185,-4.017716498360624,-3.5825198266946496,-1.5296601261692389,-6.243426139117031,-2.221083527606902,-3.713871176353124,-4.807947326926489,-1.5226002292384317,-3.803876755435761,-4.290740540257343,-8.293323973512491,-6.793449206438718,-9.205884671395772,-4.11922280207139,-10.42083472577518
1.3151234125436895,-0.473427254335099,-2.9660626954449363,-2.38665542302857,-2.4194073317941736,-5.827336992080659,-3.512895486728985,-3.0444530610409193,1.711783143255879,-4.841871832253901,-0.755493965292701,-5.577051933926637,-1.4885625162991236,-4.065888687021359,-0.7501647026864857,-1.357598137792524,-3.5355708939009247,-8.891972660317062,-8.809301275259703,-10.712818660248,-13.672291151136882,-6.158698457858124
2.095773877663847,-0.6098203280101891,-3.51560599002264,1.24578041726717,-0.42910231541299426,-0.4330284950861573,-3.667157109952459,-5.333992910626832,-3.6897113701960174,-3.2374005785659037,-3.3657732837598244,-2.7284302947230885,-1.071175809498856,-3.7112590887133248,-1.0340353522031185,-2.3829637807167496,-6.40433095020092,1.9633775116111138,-1.037165985644807,0.08067457042258781,-1.8094362735257612,-2.9751408520295564
1.4179256561943039,-0.694029336735825,-3.924896897676006,0.09698988943372447,-3.2460658270227296,-3.7804044146840963,-5.318513001385449,-3.761990949352945,0.45435744342296186,-4.670724549695276,-1.8187084807952791,-1.2904535785301268,-5.216306723837046,-3.3178950383914168,-0.6847790383710362,-3.692124978675438,-6.841840159525859,0.8805668321862381,-5.317301309107072,-7.554888745581582,-10.103857495473983,-12.21108940763778
1.8034497268079028,-1.8720780995476451,-3.530791502627919,-2.5905273666512407,-3.2879252202981157,-3.739056201943419,-5.516884511945029,-3.410554496284673,-3.4172662017307562,-2.949274756760426,-3.0763460949690464,-2.2302895547725674,-3.1845534897384296,-2.947762613881271,1.787886922269154,-4.2968333558347265,1.649183109711654,-1.9574376032755223,-6.5152703917993255,-6.793982886209981,-2.256263424795044,-3.1070378827066945
1.4365606333318708,-1.1673303755886304,-3.663192451586258,-2.846222545177872,-3.44737775334144,1.4156479304405882,-4.978255747877171,0.7715439023094569,-0.7654932149963508,0.11674674467732896,-5.161191334273128,-5.432305040062478,-4.137183677022498,-2.027677628433528,1.6662073747643584,-3.536239172329781,-6.139700010006386,-3.4214269021731885,-9.852455919403674,-3.1677642481917268,-5.536044937137542,-10.751263582049559
1.0641208338781594,-0.9593297918602124,3.4226442530384746,-3.4795280618942455,2.036835552259309,-1.9047291819103236,-5.637585116963658,-3.9002214837141955,-4.312257445853157,-4.131805484270496,-1.1395490058484903,-0.21881159727846347,-1.1119910456398905,-0.0875466442430377,-5.010121170605624,-4.43060172165313,0.3461747801796772,-7.093850482843342,-1.086846785402228,-5.957816667737519,-10.136402863619857,-5.650379036395897
1.5867022735906664,-0.9858555305053772,2.9438641284561453,-3.7469646288202827,-0.7043102282642463,-3.9109658308597908,-3.203529878686207,-5.790407432345648,-2.215802981644258,-4.274776003367487,-2.078534182980619,-2.7037704854669484,-2.497925157123232,1.733787759007014,-5.157243133791191,-5.192844784151825,-1.643048877400907,-7.754640357563289,-3.6918722225395024,-10.097345551876497,-1.1800187850330535,-11.006208539746632
1.8323474055368445,-0.9424909418463493,2.238004015871017,-3.2997344355949276,-2.08289613938456,-3.438310352827812,-4.180988392406427,-3.2249437096779694,-4.803611494841533,-4.605211607935378,-4.644151934543216,-5.027109239828177,-5.0303189388393665,-4.636183649204329,-3.2395678667437773,-2.969078831078186,-2.6356217789055196,-0.07524973705217207,-8.67608896066516,0.30728397829477033,-11.714431764886596,-4.025965978432443
1.6431785469164804,-0.775161822558549,1.9309869175479937,-2.172482780123304,-3.745935241195207,-0.9472096181968415,-5.157667217571293,-4.221891622379653,2.9734361016725877,-4.2156058467507,-1.7142699424365286,-4.021636599862608,-3.2972658993734374,-3.81836752636871,-3.1274141556785553,-4.482176757300712,-3.980834822671527,0.16226688530557787,-9.657480477572351,-4.726517592201341,-3.709230839131651,-11.729384336971322
1.6288824427861948,-0.6232848440774413,-1.5224180780371965,-0.014824510811804175,-2.764562251589844,-4.972721978122986,-4.7635014139214205,0.5850276773265645,-3.3661976961687765,-4.561140559251104,-2.7338183548982187,0.47018771255427466,-3.6651914904672886,-3.1012502915410964,-3.2950592446542077,-6.014253737626608,-4.196895460385381,-1.3978763984609375,-1.089374997994331,-11.364321843639122,-4.623218830149001,-4.065666389728574
1.8932076437636494,-0.49113323368430445,-1.5804936949599846,-2.8189857738978397,0.36576908243894585,-6.139290053698639,2.1994320673968777,-3.6301501677099424,1.5810169956031654,-3.0831998580602646,1.5969384520751075,-2.370601465967714,-0.31393174297773174,-2.8752231675940783,-3.5467620551462793,-5.195276817282235,-3.7808085853848707,-4.813885728056523,-4.180963828098105,-3.1038528955581093,-7.728716039025311,-6.478040128882169
