script/wind50m.json
{"header": {"parameterCategory": 2, "parameterNumber": 2, "lo1": 6.000198445256149, "la1": 58.999992894266676, "dx": 0.5, "dy": 0.25, "nx": 22, "ny": 24, "refTime": "2024-01-17T14:00:00.000Z"}, "data":
[rows 0 to 23 of 24, columns 0 to 21 of 22]
-2.8500929755824953,-0.7195728848609346,-0.08505537828829085,2.7415293563196252,2.570788133024585,3.954657182699323,5.5819870870966914,6.353271591677301,5.85138260510555,6.037752525036206,5.361154190933847,5.057480511070624,3.8092699303809656,6.174710645466503,3.202886540601292,13.039155247146416,13.501572353453001,12.880306537141502,11.348925084240483,7.834931156674568,11.176373168687952,6.353252328055148
-2.7593004144916735,-1.0373995663346067,0.3432177031462785,3.1461235838077584,3.874245966578865,6.004309591082006,4.006570148717463,3.1199769191064095,8.631097334107437,6.765821002786953,7.941707772996955,5.755800048781374,6.7629697956695285,4.372366154960229,2.971974758689153,12.154850322050114,10.411565097358087,10.335986138122232,4.104558860731099,3.011188055918818,4.033824741777194,10.758664048688429
-2.787159923436772,-1.1724789247758647,0.2742777231599544,2.560449287189757,2.70043472836348,3.180441013314803,3.294266759340351,7.078168415278883,6.214231988802681,7.206558540103567,4.307392579492216,6.284696001329889,7.7575609450189145,10.280426336363577,6.0660014858303235,6.469591029905277,5.384795133346372,5.116146549857667,8.633216703539642,13.650254532134701,11.596992929279384,6.281648705349524
-2.2385290198353593,-1.5896554943825263,0.4781531202468817,2.122310805628089,2.490951669238276,4.934628908381608,5.940269280488904,7.039412095761335,9.131311172756302,10.306835902774093,11.20847613253744,8.500746949106714,5.5395530240839035,5.726072376490129,6.852322437187007,6.731412631842238,10.491899132988332,5.161112307326558,14.635296296140027,8.442300510754526,7.475254282229057,9.057276707672912
-1.6226916414198316,-2.055632281552145,0.7300454175073653,-0.3638957369976739,2.3974731514305487,5.312264398548732,5.7106403567542525,5.0987647570337735,5.701532486656853,5.4894564474990535,8.122821336200976,6.385590560884407,6.486152502186048,6.523459038647488,5.845198299976777,7.0041536295018485,11.280471848398427,8.20444116257898,10.660001688210986,2.425063784314358,10.849299238245244,11.316837887235778
-2.072197015758613,-0.24274982109015358,0.6973418107060276,0.9399587470135494,1.4093860607836475,3.2111810590242067,3.905112988752742,6.428152074401763,9.823723809033721,5.364247271830161,8.334781924444062,4.075488016757957,3.47762161979671,8.11010143925456,5.621242904831552,7.394188047760171,4.06522943954589,8.956826684097134,4.110489763284667,10.876405476101215,6.86770181933045,12.69882693325782
-2.1449038139232415,-1.2097726739443049,0.32757527492918,0.42875637435844943,2.8602546719096695,3.5026075189985852,5.744010887102777,1.7078894302209526,5.543779837583043,7.5807575083840115,9.771203478422107,7.81468319319994,8.854139290691462,6.931764167669588,8.523113725303197,13.136361985694654,4.271843059043281,11.00150342766527,7.581529327105067,12.527879385597238,2.768926469631399,6.247462075793492
-2.202424616650008,-1.8720740376074632,0.22461667698356963,0.6673866899434985,3.254524844157331,4.149334636247132,5.429401849919379,5.0223738627171155,9.587761330035127,5.436909933211559,4.368829994577624,4.571100180466168,7.822795814960103,7.377124595361891,8.140614485414963,5.924980188977586,5.703800058130819,11.890631134273159,15.259589027912588,3.676726048820861,8.872411674768205,3.156586698811993
-2.3443798441887354,-1.7846847829025527,0.17215103117161026,1.4454629533825945,0.6468673320788559,6.250731459338991,3.633471021624716,8.399467810541962,5.560143180130663,9.00009427929024,10.450116433708578,4.444295147168841,6.748299321458405,5.868847395304252,9.153816102179256,6.64342396879613,5.421862931165659,11.565790602633562,13.354770873592374,10.814850395531186,8.56518679316371,6.485715114093117
-2.8782204588905507,0.008447368843838383,0.05275963870208314,1.5547327310050103,2.6583650771886647,6.04528382649797,5.330558827112551,2.241733200348658,8.998147315658338,4.456885898675818,8.223426921566753,5.567630626177544,4.201411479465931,10.061201945066367,6.028362898962009,7.01861041444672,6.994312941306078,4.279963709582555,12.427213654524376,14.134764917404409,4.357275809647576,3.254404044609214
-2.760613554004677,-0.15804744965143,0.32081223954714816,2.883167063302419,1.3920027043668983,3.4180739172353825,4.040351097238409,7.055279749166858,5.551006062725663,10.27806939763159,4.526569354889955,8.897070627549873,5.480371638676256,5.676352901644607,5.906999884006972,9.995990507139165,12.93941427018542,7.726159907173028,5.25346933565402,9.16932997852422,11.283576760456661,10.407481273820537
-2.1009836445463264,0.10622283167012482,0.4806311031043058,2.7990721480537033,2.9757402573464002,2.5043330825707995,3.0513840968674617,7.419153727361412,9.262778639436728,5.797267435832387,10.80590803275581,4.742320108236153,7.795843946491813,7.070061716657866,6.0803227967772395,13.433034250537133,10.499950320893651,8.371351236886154,13.40971395239515,8.967285758983675,2.5766936786032715,6.181258096531541
-2.1074202567919484,-0.22626136551729595,2.68629204533568,2.630479446493573,5.023928654940155,3.2182904100231076,6.211948588871758,4.08568112227956,4.028128304211078,9.365803327039744,8.210920596282987,5.390151390522672,6.6978663209318965,7.5213559643783,5.648624060620426,12.054938235483371,6.24755553439867,11.816489236575302,15.552068631243284,13.862398408815624,8.872290032518128,10.362669926714508
-1.6302441980080584,-1.336164169276197,1.4940699175414471,1.9983322723876675,2.8116130682390414,6.3915839297421,4.0988273164718505,3.967176458880124,9.235945867554678,5.551734782188687,4.42606590286206,8.637027828613112,4.3924694958362025,8.983337058292642,4.956205850263281,7.0100880199864095,7.904791321674034,12.504859256465426,10.197746425272022,8.23819695563406,10.04375711752063,4.8399689720566865
-2.4147764938708107,-1.8379723910122399,1.106742385816778,1.5130675857371547,2.419174595417244,4.518969149502041,2.0899697954772,5.237253654105678,3.5435473330547755,5.393842497060157,9.993438582866636,4.970156930026785,4.94503149588718,6.432816960251886,4.655038993215062,11.681936845567394,8.317250705906696,4.609853294736094,4.88823832708915,6.746730705612217,4.223942559254533,8.040856304389965
-2.433385393734309,-1.0968021783584767,1.4565616117302602,0.6276380819410664,1.571497484243744,2.3300039342038734,7.620846257212288,8.392537572527111,8.06864698895609,7.259026562655004,5.357912614144025,5.553926130930684,8.77256598487356,5.411519215927024,5.08907252080157,12.271984269882788,11.651262020551547,5.301933660377664,8.621109878368822,14.104671973956597,11.600621298365477,7.651541058268456
-2.9090801465315668,-0.019059647685223138,1.895196717383121,1.1134857359413854,2.9119685900188124,2.9324284960841682,7.157582835732937,4.567383084867564,3.0886593304367325,4.543626939112441,5.588130098774685,5.729092356943769,5.61116087173196,8.038149777029792,6.763432863308144,12.351082691742704,4.348298549352661,5.945981137879382,15.399154812558704,9.322982101125636,2.4803493813189528,7.283088963294517
-1.6440144034157673,-0.16223922007587785,1.8066605537853293,1.5921433457019427,3.7814881303785213,3.8473289267734767,4.548178305376582,7.546530434287313,8.051341802537001,9.472285568362496,8.411606806920163,8.62891732624971,5.810069591840437,10.170225194103253,5.2866922147289435,6.623549300500231,10.565967486090548,10.378086413200396,12.563160276831765,2.5393151060878987,11.202181285773609,6.4425865288391595
-1.9967554470287705,-0.10985840026602006,-1.1862886002028281,2.562548474279113,0.5855025493647511,2.3406091677386285,5.958103757537845,3.436326974945268,4.134031732353657,5.320463291341731,4.480327904027788,4.571838250491501,4.573944532490722,4.17297155542074,8.912571112153644,6.620217168347763,4.444652396618741,12.205638129372838,4.850960052111058,13.876411330274767,6.837091944164117,12.092507930972072
-2.6270703565398974,-0.08256885513700632,-1.5283351602149193,2.9203343333487717,3.0158377131569654,3.1095003983337524,4.011086060639929,5.511924696774275,9.192947278740268,6.701178697019064,5.716776333769476,4.622611787905205,3.8557559493365123,6.996823128119435,9.192848721381608,8.88916383003566,6.353689069685651,13.431164944164435,8.72274960736119,7.9712336661846726,5.706034388124443,10.231039118124585
-1.92987255260518,-0.21862576671639217,-0.22602973659037146,2.4129829232329887,0.9988132284581445,3.677525300295857,2.936432732850334,8.398546135634852,5.459332343418479,7.560076347653468,8.542047286839967,7.841414436859649,8.250563407320678,8.369199335533382,6.340551098470611,6.199225801476347,8.837260159713736,4.012577429053168,11.8937205997791,8.895610177172824,12.31626255209581,8.926011156219705
-2.855355704338679,-0.386084909795771,-0.5836547906656924,1.9046187837916828,3.975360986453396,4.908898600310224,7.914706926417197,5.604243030117297,8.838197146772465,6.474394129446656,3.7131263188003594,8.432885006539154,5.894047459251795,8.540226555209719,5.9539841603157155,7.319354679084633,10.474382121286858,4.635638427810697,15.745810254766516,8.975815138771605,6.731765344913273,8.663342177332094
-1.7325922146367543,-1.0600908381705676,0.34372730542572033,0.4641884767335758,2.795674327907045,4.114204703370396,6.797191054141283,6.270845830803361,3.7474075121771833,7.502080683154729,6.375925237749636,4.828544057767909,5.913067098382809,6.873090587883239,5.690701948398293,8.268255322818263,9.94840689508533,8.076606938907435,4.934227948821575,10.284494995698727,8.736002464837302,14.08026216456123
-2.443535335228305,-1.2328159248484596,-0.008419229758166282,1.0908946835366737,1.5564025934637606,5.3567502031793754,5.39047611922605,2.3213430089607288,9.185569614960382,4.627444827193683,9.129268775703048,4.1055948453512405,4.500351316647364,8.37273700347349,5.90317460291216,9.644038840852515,7.93951253058083,8.964044393262625,8.94862428322179,3.4926845707148377,8.718556456666224,6.044668471626425
