script/wind10m.json
{"header": {"parameterCategory": 2, "parameterNumber": 3, "lo1": 3.000054539987559, "la1": 64.9999836372058, "dx": 0.5, "dy": 0.25, "nx": 34, "ny": 52, "refTime": "2024-11-04T21:00:00.000Z"}, "data":
[rows 25 to 49 of 52, columns 0 to 33 of 34]
2.1985003577432143,2.9229752240801807,1.9815020106366905,1.8172988519104023,2.0229561394572113,0.38037903635774867,0.37521896455072407,-1.0444612031023301,-1.2764054540960637,-0.4480575527431345,-0.7415631057636177,-1.4688292541865255,-1.4137804827350477,3.2497648671370767,1.3786013116237317,1.2132933410351987,2.2065784566952438,0.9597834283029437,1.2337375642560338,1.366592020248503,3.709794784899993,3.871869250982589,1.081826992314548,0.26380694932337295,0.4392389938311131,0.12715715920056495,0.3717377475469599,0.12452805525978078,-0.11402268453293306,0.3905373157842239,0.8099842265776485,1.2084946200822635,0.5889080331509409,1.433350209627764
1.7014371021790147,2.773248039691925,3.312865086242528,2.2578316097739313,1.0166882445863263,0.38086314459829507,-0.2580232205006157,-0.6272367991254081,-0.08085370665794103,0.4438625089109259,-0.7639338393658719,-1.2248117467034045,-0.8258292125559331,4.189553841210432,1.62797612709025,1.1685180828521915,3.138861022599115,1.0248064932620906,0.8322045711667163,2.4858638821640846,2.14162593787178,1.872460932646865,1.8292361128867354,1.9001356596821186,1.2633243815305866,-0.07928118201576856,0.5802104705442597,-0.24613528022815542,0.4729809064766656,1.032207676444645,0.04555171539178359,0.16335805910221035,1.282455956689021,1.6682609737894358
2.5557476075368744,2.170143456217694,2.939810137511483,2.6852873548999363,2.2323037219321145,-0.15493061094512964,-1.0292779380046428,-1.514673840911577,-1.1219769218973845,-0.6493337988003414,-1.9276668531180587,0.8255642531676112,3.643194785590829,3.5433885028686727,1.5351756133284258,1.5991640421277356,3.035069035869882,1.7710673411948354,1.2757852013530628,1.1792414841117633,1.9972134739428244,1.7595560706898528,1.36219715637058,5.335146775195111,1.2226242248506258,0.6300460615153131,0.13157049629159157,-0.1095179450252713,0.24308977955133865,0.45937254238049935,-0.12446094813921509,0.7065329240446002,2.0018057403909717,1.705344906115089
2.1163390389664225,2.5665695650928804,2.3863939426476253,1.7174089709498737,1.6757151519981341,1.4085673193511494,-0.7533972946695164,-1.2069550096132315,-1.7822819490871793,-0.6938647858131521,-0.5743810092131743,0.3963674951996744,2.6159612676982524,3.1699474930725433,2.673181748519627,1.3983843099224504,3.48975219223057,3.7123216651237914,1.7528207571851389,1.9228464877700688,1.4830276175940404,1.6110236216651275,0.8262004559408451,0.8727852238953545,0.8159321200110203,0.47510143022881596,0.1663436319184657,0.13548467100886333,0.6427103776703504,-0.36617891572367134,-0.5654609004271419,1.9798604798203365,1.877881394183663,2.3803282319938384
2.656793483240155,2.3226139269221715,1.3269758849105018,2.047993598064609,1.70874477166227,1.4058574370755372,0.5377358267361312,-1.3899593494374278,-0.07831352352278405,-0.5892754989894972,0.12271894559193479,0.5649488693118334,1.7585964764532238,1.7823831937774561,3.0420640036796924,2.294489865651733,2.018911050481672,5.183340170068193,2.289671243731308,1.985136872148184,1.6901564033449759,2.163982878757995,1.4204193390717867,1.3793443041866889,1.4142604535012222,0.8576227755581446,0.37962227708433904,0.612953592011207,1.0458215943688731,0.4014559389171737,0.05563774988090926,0.6376851072852717,2.00910117369755,1.5656282689671301
2.4529895184603454,1.569351944799145,2.223560473891469,1.866141862219063,2.0321084635639854,1.6757952776437792,1.3520118599473592,0.40729307188659447,1.240754985299059,1.0849171187123376,1.7552222629416152,1.9306486703594805,1.17601122873167,1.0615907004829541,1.648092850047013,1.4242498845342595,3.0777032559997477,3.632348508693403,1.564137358043982,1.398762427885468,1.4960631706779253,1.8328061917826366,1.6482307310493585,1.1861028093723027,0.8605045150986252,0.4428841222076288,0.6750435775249497,0.678602348945125,1.9851307763533095,1.6794551757509881,0.9605070584535834,0.7196136247030581,1.4219180323454383,1.6387141776128107
2.5134077573031672,2.0402900827121284,1.698569992485338,1.9456771239339365,1.9902438795006032,0.9291185403804023,0.8136733451246488,0.6585420114515502,1.497288690632365,1.5008684671981813,1.5721055001880517,1.7035103593952257,2.6772960998826134,2.9610440668826015,2.1033864789054544,1.6867092825497094,1.644082398662417,3.165294636447651,5.134074374251089,1.7499244962258536,1.5625399696751339,1.358143607774513,1.6448806630104538,1.566318133575329,1.5650073181112447,0.7287624907869016,0.7664843183479532,1.6394911420847724,0.9189942899605257,2.1217382747762805,1.2307866304039303,0.9427000230354136,1.872814165289155,0.5966055840997618
2.3158634473104187,2.4016743132895604,1.9259433760170257,2.036533262820387,0.6888015569305573,0.7049157767207243,0.8481137215711876,0.42599757327722315,0.39140107425943366,0.10491049690398072,1.1603058662909946,0.8542971044578012,1.4765241741336748,1.868474184119408,1.4343306861869793,0.8917004766013247,2.23945599029358,4.5630966379425395,6.002173009535319,1.9743583971132737,1.2196542711972247,1.3857442046547985,1.8947861136911242,1.3876058614405202,1.2567400746752295,0.9757589637583957,1.174961316909334,2.391093964357997,2.6643069960931776,2.3935777135461715,0.6534363917593645,1.3125404101997726,0.6559820553290642,0.40373745159312874
-0.9132127944649657,-0.08471622762546124,1.0700585106944913,1.441253083060509,1.9595239213197782,1.4499477973901806,0.9081965600085657,0.45861281520206437,1.2419677725009852,1.3128501665669252,1.721565754691866,1.6042913606357019,1.0212707706080728,1.2535948819015876,0.7963649679221267,-0.4387187820020727,2.9769891050986597,4.864830854520944,5.3910920157247615,4.644346038966971,1.4330629752317228,1.5343426471223844,1.1398816808708612,1.5377847928895114,1.3048074230520712,0.5627634248494996,0.8639113394660646,2.6327953573096594,2.597685775049663,1.5526656832732568,0.5481904144412717,0.08837326480730472,0.4456905754575619,0.3072681213316802
0.7847273227466518,0.19755822908358886,0.8761722910997782,1.8207565426647567,1.9823299489334287,1.9099347488922487,1.0804034434656842,0.47703114397493596,1.0750340553127087,0.8711055660718051,1.0683675283309033,1.2369037208954214,1.2874689101384986,1.117267216671633,0.7820396651343037,0.456860115570637,3.4707564000491242,5.021846392328913,5.079073596855756,3.559676350709276,2.00109752791124,0.7740303800073919,1.3577176513431006,1.359749433009379,1.1722566992476149,0.5478596103053719,0.8594768447425905,2.1086056959524955,3.118991363280229,1.7526890597942388,0.00702109156053171,-0.033759080783225856,0.2926810454909246,0.04309388411598783
0.4062895765128131,1.2908915114948774,3.355428630120694,2.254452776138851,1.4453494128197129,1.5148155009560242,1.5997864293933903,0.40118708757576055,1.060932195452339,0.8098626568529691,2.1967140946162935,0.9641469288202296,0.9499241525260413,1.0093947001568884,0.797291187590517,0.9242843176485349,3.6730159793025003,4.989039699141133,4.44321597169078,2.8378163092618083,1.2374062218626656,1.282590499237853,0.08966953870295782,0.9222598715153355,-0.45712400174825074,1.242956928801793,1.2169669632093347,2.7449609324431994,1.5331930201247352,0.47711965098560816,0.2929894071592273,0.47449836760363606,-0.2488974665852697,-0.17858889256380037
2.225163407269465,1.9396383892754079,1.6315004968463729,0.8221787089541621,2.0872824813030793,2.227978096546186,1.2453263425223617,2.074641441711008,0.9509348890057846,3.2336452915512464,0.704216845739342,0.8629611321715761,0.08262540420969969,0.7507964864474266,1.1029047236861014,3.2694074143165075,4.28401969886577,4.196089654283001,2.044874973324599,1.6141418428592547,1.8654834717269453,1.2396961624698892,1.12490958669396,1.777023488608971,3.926685862366437,3.0798854507051145,3.150231942014755,1.7783505263310748,0.7908257502484483,0.16058955502050287,1.144996323962816,0.5034393420538689,-0.26362064645466793,-0.7635140462677102
1.2732881735915371,3.6306417956613966,0.4281336007927569,0.973231821554261,3.007648520337328,2.431990664373755,2.66171522367079,3.039900012574483,3.5696389108230795,2.025964946537049,2.0467951758869423,0.6284108806225609,1.1760964225888217,0.9082302542575569,2.010092591074876,3.8374099244365065,3.3099215337951096,2.1726992652224815,1.7231800268223851,0.7043624836995307,1.8067374241475636,1.4379944323691478,1.2948477770825237,4.919267334703495,5.07039939643731,3.1292911971929778,2.9102382523166326,2.167849059900952,2.0964528495909094,1.8596704093695016,0.6848923567312665,-0.17921794602312904,-0.43737352450514594,-0.922062600764668
2.0995236452577193,1.93818676775348,3.349476367269296,3.4521575293849147,2.7698854539631075,1.3492341158381274,3.8295445835151316,4.53639034456975,3.884739195901249,2.55442894234355,1.2958328276276305,0.7385974140287106,1.4168177351059843,2.0655649599765273,2.11543006765779,3.0800348539904414,3.6409144324734575,1.4297412285861324,2.0633735661533725,4.182131573578218,2.2082345100771423,1.341492340019572,2.235203010030172,5.697843260572749,5.159114350276059,4.263184433318667,3.4444370296502407,2.254820796380785,2.358782679427299,2.0773510128009205,1.2594621964141424,0.3234729472838783,-0.10972297216974951,-0.9126778089546448
4.152023249842057,4.224080893117689,4.171936641993989,4.262263540167329,3.9156789193909223,4.507949014862283,4.682814023474603,5.085931913470268,4.320758876416419,3.5607331075169526,2.3368028929031723,1.9505620413811222,0.8956425896718899,1.8228120763711027,2.2514424470426007,2.3139941286699415,3.514905286350069,1.1803880530357411,1.3516409686634723,2.4419877718581056,1.9172951965868446,2.5132120069437778,5.491326860240185,5.826004469686686,4.854858434713555,3.072689631282088,3.1041095580350406,2.552804753593653,2.313542301415415,2.2396172862874164,1.4857966843568544,0.9079682354189226,0.08464418715481838,-0.9496037699819815
4.31349532626461,3.9397703539756783,4.78307208194204,5.30272485068737,5.182816271831648,4.77475457787922,5.153990029813701,4.618637962960705,3.6482056387770383,4.203446407302026,3.069206719473227,1.8630454668875682,1.2155726116087542,1.7911265337177569,3.628263059130553,1.79979367324424,0.4114610267090341,1.5260059159359773,2.009175088796962,1.153801376441625,1.4623360710613822,2.3303955437745176,5.130778623297987,4.976591153391588,1.6215285192034472,3.0530629411172936,3.185961395647627,3.167677197514055,3.049953619571898,3.0518602526883027,3.1461012222099662,2.361209290242679,0.29487748668514946,-0.6227405408532016
4.2799478238857445,5.07635294247777,4.594341610113399,5.43988455955575,5.2843612305733485,4.761360996675938,4.496507834520376,3.656728707080523,3.5493917814367504,3.3242896557579327,3.52517712298336,1.5516533600603304,1.9650416940664441,1.8366046661388604,2.2314378001366264,3.507803028574933,3.5266357543174682,1.857656984835074,1.461930385921522,2.204833986803855,1.2609145236263721,2.2289467713945843,4.3870967390076245,4.799843718927832,4.162616941434267,3.4698120846040097,3.678907271984547,4.026299840441887,3.835129180910455,1.7534231898297192,2.454075488952577,2.130851143165845,1.0209155270497987,-0.3411607062640666
3.9377391678821327,4.551986618304016,5.185625302498875,5.044438290219064,5.563061383913302,5.54336154408947,4.881775831148554,3.3383826176106317,3.5257737644147555,2.846710363800783,3.811661295826704,2.458858430977366,1.7882174348691633,1.6126572303678022,1.5346454026230736,2.627782612588248,1.3119166223470577,1.9371109317134692,0.5018279886927116,0.6822566689681456,2.366725899474475,0.5628121414448007,2.11947596566046,1.8396987172403518,3.559619110076297,3.804207126668486,4.741189165543265,2.5125982808397658,1.143367728571192,2.4286848269711445,1.7854043650823024,1.5660038424247287,2.568926736806824,-0.22238258280128773
5.089628931345374,4.671977667563923,4.961803941606647,4.8091274042841485,5.385574049726497,5.328232964744088,5.139052259877955,4.23930036869645,3.823337162676791,3.0113592707149883,2.7767882112315068,2.5435198118246696,0.8590734459114535,0.22865830409164364,0.8888395866945903,0.6873786953236938,0.05657261875704235,3.0473652670874047,1.553736546576208,1.3144767654315763,1.1725885494449246,2.5682718979779713,2.818249359310829,4.441635027086607,4.45617675942813,4.975705498833597,2.9721882895800973,2.329392217826441,1.5148292427441168,1.1535588967248267,0.29798807272435623,1.5572542479828912,1.001537189326848,1.4489219665788142
5.733313822228398,5.281350648241487,4.648824104371443,4.254210961677326,4.2780396413645185,4.841377429182968,5.236652923254993,4.409731651432826,4.031830126434418,3.768284021870796,3.3116980543974566,2.674067774149024,0.8200667494495649,0.8881659388434,0.756364760935506,0.6304409300686674,1.5537767948341425,1.3544333288659511,0.588661882833067,1.7703559671500826,1.2279546014379121,1.3933436278000997,2.6862535884394303,3.2723557208796317,1.4477218202784359,2.0306175119129453,1.7976486611984137,1.8359037645520704,1.8708381969219963,-0.2794845350044679,-0.7780617941775779,0.41182840533819126,2.131251228979573,2.8191001899554995
5.871221497301174,5.457040115402138,4.933196267806836,4.2988366097072115,3.992885677035085,4.3760161351901985,4.3292745478893035,3.884840022768253,3.609464111418847,3.144159667272624,3.6742534214248885,1.4577201293739448,0.3457501214880792,0.36329674763254916,0.6212422477375296,0.6679540238338498,0.8625567576796075,1.0664090808940534,1.4469534867624212,1.595732643716753,2.175150157427278,1.8608306466694573,1.8374630052356697,2.981275878523313,1.399338989700557,1.063598488092306,2.1286601482217957,1.7743227194538373,0.9990456241601529,1.3975405751647305,1.300836978375276,0.6257793658894079,1.5801237092396694,0.9817157403484541
6.358726415486923,5.521803515719129,4.941529953612853,3.883670892770581,3.825283575071817,2.506020732493329,2.262820900199691,2.510329634506292,2.1246232576941515,1.426091789634572,2.4919002613470163,1.0978463216855308,1.1187130859867183,0.5396451451206449,1.9304638423551326,1.091994798681899,1.3908969429656945,1.0621900350611213,1.5201334351671205,1.2790132822232099,0.9508930620341773,1.6458997681993723,2.1045665561364197,1.7891525572202425,1.5771316551162862,1.409118666292195,1.1761522487014366,-0.26991804143403275,1.6059312818009945,0.9413512992292768,0.06924709403625628,0.19806374643378524,0.8212404603548857,0.5848412263523936
6.522386799518336,5.95799043796169,4.960606998768908,4.355041755460986,2.4795580266955164,1.175603237334779,0.06766867297555776,0.5270849523773368,1.1966915053664746,1.3080257582358976,1.3269987575427131,1.1334973198672635,0.7506635824540103,0.6230720319327231,1.1056294091150813,1.0117295193114733,0.6467902545772597,1.075520181642029,1.272782306063515,1.0262291783614703,0.36809332441357323,1.2523639106075855,2.270151781830069,1.1498293890618971,1.5846432795803467,-0.458565664038701,-0.30513262061803337,1.5474729653917283,0.25116501202196895,-0.274735331012273,0.8043671398252071,1.9421192159269616,1.2891645920084405,1.0520308211929
6.376223238123998,6.197015003652947,5.610101835233115,4.53032746621091,3.5419712294538854,0.3994566824059529,-0.05672478734809001,-0.06737210162858946,0.36127286986550705,0.9263005439454697,0.7929656370773753,0.3042181098079808,0.6065343644652976,0.6009211765617011,0.7470976576318431,0.9174221569153935,1.1947978900559757,0.9874389977095837,0.47988679643536825,0.5819021677456384,0.5375059187667828,0.9358576093653269,1.5400021676475257,0.8212532047753167,0.9557399180301144,1.2405706695764436,-0.18941344500293436,-0.38574795819841157,2.085883173288837,1.8472933008999572,0.8659053933328321,1.321026966176683,1.8720997206796517,1.870795415992553
6.028381297559102,6.086570757196345,5.083855720247199,3.256840380464917,0.9188567012645115,0.655157075013119,-0.13721911762516567,-0.29896878052205506,-0.2824182619216265,0.10713178459835963,0.9508746827497057,0.4618384579027971,0.029918881607073598,0.48355067494688136,0.6622054380462385,0.9470276001964099,0.7035449054402025,1.3450847621722857,1.4468379190220175,0.6543904121222028,1.0608852338286083,1.1334820993458645,1.1664288232887547,1.2232022815844683,1.7798992435839114,-0.3419180142196367,0.9963946543820655,-0.12022335233157233,1.020942261546822,1.482171624200038,2.3456911547700905,1.873677367555038,0.6072623547642976,1.233641529827186
