script/wind150m.json
{"header": {"parameterCategory": 2, "parameterNumber": 3, "lo1": 3.000054539987559, "la1": 64.9999836372058, "dx": 0.5, "dy": 0.25, "nx": 34, "ny": 52, "refTime": "2026-04-25T22:00:00.000Z"}, "data":
[rows 24 to 47 of 52, columns 0 to 33 of 34]
-7.065224781286942,-8.944821029848935,-10.30451121783737,-11.529445094831463,-13.861491965851268,-10.60236398915326,-4.114623808614035,-6.212112492854756,-8.69692887189577,-7.611999798860337,-7.999823435707332,-7.577415689585931,-7.06346174966577,-9.667265841754864,-10.397639939830857,-12.753369363040784,-8.766352064910407,-10.1327369573874,-9.801704508651625,-8.873439485375949,-11.880605741783425,-13.9443799401457,-10.574597127654252,-9.051036848090341,-9.072360142833034,-8.87563612459409,-8.904533050379543,-9.49867641384873,-9.931314570545847,-8.168163626355641,-5.386687755737317,-8.086203518745627,-7.171799621053481,-13.371136187313194
-6.985881681960967,-8.884653976170947,-10.761290247954166,-12.802285228013297,-13.779364813488753,-11.668951267181626,-6.908440167369696,-7.6778555967118525,-7.423639246217688,-8.341330232751293,-8.970020290174629,-7.299012503473286,-9.31985503420558,-9.999634458267433,-8.744958393257262,-14.710095610082144,-10.13684516168032,-10.528663211485618,-10.133930431491615,-8.77463475124182,-13.317562581025596,-14.831224665775279,-11.409136066686566,-10.613842683887656,-8.893766383355075,-9.89442314485414,-8.247223241795442,-9.661083789548575,-10.97525219792039,-4.118867341481843,-7.309723192967052,-9.972126331351323,-8.917354292809156,-12.386654067533472
-7.2652930380529,-9.042033101720323,-10.566746930725332,-12.334119990693221,-12.925424128359822,-12.215343294674238,-7.608261698908025,-7.439900617657996,-7.912891550322298,-11.120717339111058,-10.513785807852104,-10.667328238198932,-9.974879520752758,-11.21285432310139,-12.478429025426946,-15.521584761350715,-10.711901581445801,-10.18704762204146,-10.72212688045462,-8.219641279901923,-11.52766182433258,-12.547008148315987,-11.864210800791717,-11.442286544583162,-10.617147010634758,-10.743736283291808,-10.337666791620066,-11.029717197928747,-5.556810633693719,-8.426543785436898,-8.268876568266675,-9.410300410960968,-10.4209890104268,-13.741010862406961
-7.434510085118574,-8.516527415104223,-10.691348352192064,-11.950637281835782,-12.6029222571337,-13.087373782740105,-8.776531858634987,-11.343627233179959,-8.305504492359653,-7.696923761895929,-8.980768774516939,-10.295848982495848,-11.289711995436937,-12.08743208405365,-10.551986104646266,-12.977541912961064,-10.784725655555869,-9.777695653639094,-10.362638022414027,-7.508160153966964,-11.632555089681837,-10.98335538581918,-10.84837728742482,-11.772023687735302,-10.759812569605065,-10.177436607691272,-10.038706443121809,-8.515003561996377,-3.6365375047893536,-8.601639323879398,-8.270997817243995,-8.138736383784641,-11.228111645490193,-13.007415170480744
-7.231887170545564,-8.596653966851195,-10.07586000454806,-11.595951544529306,-12.833913430097388,-13.560062299329891,-11.867935105061093,-10.211608903596312,-8.71192452568953,-9.659203009770824,-10.420736516244956,-11.127513852523574,-11.548778547027457,-11.923565181781917,-8.871860700473997,-11.73831091667827,-11.371503097362119,-9.791536717168782,-10.37588622575157,-8.766065422957702,-9.129664870253698,-9.611646140911057,-8.806541658831405,-10.766955698530392,-10.145288371151066,-9.63786867236763,-9.379061798147353,-4.7620806405181675,-3.9814261396355763,-9.649661936789945,-8.304007167246658,-7.83789697293429,-11.467582563265672,-11.393246814486167
-7.304755339195966,-8.459829258242056,-9.895587835418336,-12.029172227670955,-13.437849769781133,-13.34405564283059,-12.839595837928618,-12.186810171098223,-10.789676967179403,-9.742399133059978,-11.326864040911293,-12.626563018415322,-11.045936033638876,-5.813215267817694,-8.477059655492797,-10.702256459457484,-13.4012995016377,-13.402993319313994,-9.089946378083676,-7.678049459931482,-10.693941715706147,-9.20596302519334,-7.42645678477842,-10.370026741340254,-9.808865256049451,-9.129739850871127,-7.11241942828442,-3.48725318072939,-4.449755406578795,-8.558557897881569,-7.013482970050848,-8.020190276275576,-8.583847511625326,-11.406915853592878
-7.175378530228143,-8.565162322105506,-10.376290817408801,-11.620810301092998,-13.108210700997612,-14.047197132817134,-14.133981910087458,-13.908943912922604,-12.734057564962614,-11.662609249156818,-11.999077436729888,-11.835100071517164,-9.630825513222675,-5.338324755380377,-8.450575558799434,-10.698069850597362,-11.344478186723137,-15.827169513024254,-9.86151764008215,-10.151918930889307,-9.140285536489907,-9.515250653326262,-7.7007444518224855,-10.048699912351697,-9.050721540094274,-7.850254458387689,-3.1102936488283732,-2.8826486266119753,-4.157813950365594,-7.046561166886336,-8.391871281234126,-8.669307521917402,-9.964297430298785,-10.631453316289095
-7.305838803267076,-8.602516904211148,-10.423442128171212,-11.815583690690731,-12.9353284194655,-14.059593345775909,-14.077352183640302,-13.906123187549435,-13.369267247432996,-12.935307339548332,-13.18275181305838,-12.870115487044139,-4.9995901496161235,-5.929291736182608,-8.770228855188828,-9.160997575654273,-11.375038778846326,-16.196608275095745,-12.775267999294817,-9.873561505403345,-9.691313593327807,-10.112307664715015,-9.075270493084298,-9.110203346741935,-8.208983359407386,-7.7631356696538125,-0.7847593400101806,-3.4153450579757667,-6.438624165067248,-6.434161753274271,-7.308762878493004,-9.01988906197983,-9.081230817949555,-12.18781041389645
-6.674758749305211,-8.286827331193647,-10.193953085113332,-11.41646170597437,-12.523716366210094,-13.669381294383491,-14.15696397438635,-13.430179913901208,-13.184249804456543,-13.324216848560205,-12.609675281787494,-10.412241186289576,-5.426655671488454,-6.849102751040973,-7.359276914087284,-12.686376516907774,-15.024213619610412,-15.886815093805446,-15.377220389642343,-12.303756976575977,-11.614883328621058,-9.995461564873812,-9.033984494456817,-9.123170977986346,-6.333706633821806,-0.9358045881652274,-0.9033464561328447,-4.329480171866641,-5.489921546311038,-6.364809223717409,-8.527614215911111,-8.463728010581134,-9.799297806607996,-12.060273744799675
-7.7130521645829635,-7.775530493830756,-9.391817003228418,-11.69191968526016,-12.717549001198613,-13.042384040897023,-14.000179569239725,-13.78281331457977,-13.044970377058524,-13.199899303657354,-13.353649251292262,-10.455750217450444,-5.768119207662345,-7.665251530893231,-7.885624059956381,-12.084718364614664,-15.198859902969136,-15.6677556890673,-15.462464465290187,-14.304467489646356,-9.743078354808347,-10.341663288946894,-9.262087203093492,-8.680382498768234,-6.643027396322627,-1.0635545357017389,-1.0967592921982574,-4.124663716377885,-5.370351034701502,-7.504821343051388,-8.900849968686193,-9.701160335085028,-11.464863855952162,-15.519520725252104
-7.077021126917117,-8.981710245048976,-9.060886045252525,-11.126078759813812,-12.195559987464453,-13.363638286312005,-13.996988453028711,-14.336952875513534,-13.518679058697753,-13.693977356702419,-13.213747853230128,-9.709251524687796,-8.089729191938957,-8.735807852932886,-9.236747758079447,-9.945777403486941,-14.901592467945267,-15.11692306292429,-14.5810637611999,-14.752399948816102,-13.244860115340531,-8.865545755662941,-8.713213981130174,-8.262108244276453,-5.141066106849742,-1.477358995261093,-2.9163310500789095,-5.596393535353885,-6.550773247189404,-8.869423095635078,-10.650652909016745,-13.009893236988,-14.313449781988213,-15.678988022882255
-7.1473502258660515,-8.241390472429368,-9.470699784736487,-10.209132275033479,-11.787468466189264,-13.494291098417238,-14.168546779749073,-14.414329298099977,-14.137010900372108,-13.25805434991561,-13.172562738064375,-9.496568699944392,-8.044615192583258,-8.373071883537527,-10.129926845342565,-9.590642949658637,-14.15329663693456,-16.51379847988855,-14.7745107245972,-14.622980103822119,-10.881145002670582,-8.637259413831517,-7.526314895471678,-6.523431633642482,-3.301345669645795,-3.40702070135355,-3.8983621862812665,-4.932725749833216,-8.129540126374645,-10.355956845143554,-11.13132225876339,-12.85119650406593,-13.91418487543976,-15.063530379770487
-7.013456838191541,-7.629121629544445,-9.67832348578434,-10.325991790671276,-11.219742923815032,-12.919097665679244,-14.094075271909455,-13.67307001311426,-14.009143914833636,-13.333119475724075,-12.749301784277758,-10.995922327363843,-9.353389923180252,-7.823594616384595,-8.490937078544738,-9.739675597477095,-9.462905353605947,-16.127273683534824,-13.632920595450818,-11.35382769879918,-7.752942435399668,-7.711191954576772,-8.106253799961568,-4.316600228536544,-2.995812847168984,-3.8235527296884158,-6.223116792761117,-5.357890017434867,-7.705558025203562,-10.242806011821802,-9.19932073403484,-12.880896991449475,-14.172936619071423,-15.517580310971278
-6.667969442184119,-7.521949886008967,-8.843246937596795,-10.456307625969819,-11.126549640150957,-11.931927706419417,-12.949632600967812,-14.021816056335068,-13.505185173401607,-12.91307002617614,-12.391882902117283,-9.104137512709464,-9.199431669958479,-9.940665677579105,-8.947391116513838,-9.755764559078989,-10.567632695640969,-11.878915410277731,-11.353574652331066,-6.749797411851049,-7.0466777692223195,-10.3775945192768,-9.381965203442427,-9.469188938744852,-5.229788063359457,-8.115700733354704,-9.067124143921617,-3.711374500347734,-4.891654131375566,-6.9641240285606845,-9.888151616416927,-13.550757257600386,-14.779363231985403,-15.302468959199038
-6.93460021303381,-7.1601240337911225,-8.417918140035567,-9.84910008702739,-11.09104732427242,-11.52462448440398,-12.137747270859187,-12.890350786116926,-13.366960910254951,-12.56354450890521,-12.417105244328132,-9.490294317681254,-7.491900679348605,-9.770555237820984,-8.491250012086327,-8.775455512338223,-7.65928933779012,-9.179289044383246,-6.874832012766007,-7.769785061272821,-8.294132739601013,-9.566528706364767,-10.726099486659855,-12.621313747944484,-7.385156541803827,-10.28568955447027,-10.522261874995626,-4.900864150415005,-5.970530123437947,-8.78685136789976,-11.98820210257051,-14.265870961779461,-14.314250094387466,-15.14811821008105
-6.21471338171956,-6.844214030069136,-8.99715425924293,-8.98957439120504,-10.7974771876189,-11.325261293949351,-11.664942889194588,-12.268111314354998,-12.57148909526322,-12.52849142211548,-11.407240775876765,-10.257640067955558,-8.664990402595963,-9.017691289365567,-8.596822498415266,-7.83898712409106,-8.585894977671568,-8.47747222342399,-7.5622719092733215,-8.241226116628667,-8.985775929850073,-11.229311005641792,-12.293397503004147,-13.767258267112796,-11.802456186632805,-10.596672723147874,-10.573677489807446,-6.524583100929622,-7.5435859288328375,-10.27198303261741,-11.985300824140428,-13.090252871988811,-14.611016446645996,-14.928382754711574
-5.702777197463599,-6.888008588899114,-9.076279486160006,-9.2039845103508,-9.52480202315083,-11.205026051053261,-11.459197975574662,-11.753904906990188,-11.990487182012235,-12.078976522309407,-12.020108031141367,-11.20027957395971,-8.147827639386408,-8.049314701868237,-9.442445568211019,-9.020218093134753,-8.808146183876886,-8.292866840840668,-8.891618195595058,-11.073807676431974,-12.258067274007749,-10.485584361699596,-13.62150737472983,-16.003507524717243,-11.465318933701113,-11.91068921555702,-11.252832528472863,-9.066839574465371,-7.763239150185241,-8.355274745028238,-9.577400706538794,-11.45467801586577,-13.115673800613367,-13.35563525550847
-5.879250655423768,-7.122503108282843,-8.457997929085602,-8.924109933306303,-9.426795677277235,-9.906661604266537,-11.22669403001855,-11.520783539538575,-11.63657239875286,-11.666513632126831,-11.748602565658356,-10.513981114630205,-8.035940253490127,-7.040280110402289,-8.044424404325301,-9.734710473384682,-9.82172654939514,-8.877337811315323,-9.797254497424746,-12.287786471738402,-13.603429322048793,-13.697677014360048,-13.068166765962056,-11.678836736307224,-12.224442551486879,-10.86879351244925,-9.310104028436193,-11.077050509268613,-9.588806345481077,-8.240877488982376,-7.86322753291812,-9.9842856308006,-11.43812872785218,-13.903030382168824
-5.724738807826005,-6.565777554613289,-7.6304404620537385,-8.775224783311184,-9.245304900225085,-9.394950971523048,-10.424078179248093,-11.330243881789967,-11.427991548868206,-11.352354957596173,-11.538404968947967,-11.16789199978402,-9.00628508500183,-7.51935241373651,-6.971405785346858,-9.67920484277341,-10.431567276943861,-9.318697919744197,-9.369822658882983,-11.40788373561544,-12.557762350136652,-11.30017375908605,-12.786409058035632,-9.977646185820443,-12.456822131229552,-12.555712509098589,-10.210125052640374,-10.509117606550417,-10.300354183033798,-8.712251660881389,-8.781546760365599,-9.02291224262923,-13.903364661052557,-17.229902297779162
-5.666793048226562,-6.250116060250749,-7.059233052667885,-7.430307557525386,-7.961837146600297,-9.305171249233512,-9.97052507400129,-10.606278567315103,-11.121034961276088,-11.425410401683823,-11.536811866503667,-11.56129464664802,-8.261894885070678,-7.899881082335447,-6.120875261124909,-6.062053427181899,-8.511687629062651,-9.74097467241657,-9.679336706648048,-7.7077006034512285,-7.102435934119993,-9.300208840417366,-10.006413062134516,-8.62462310884734,-7.9773991571350376,-11.928596205852378,-8.927549709732213,-10.149097028563379,-11.07191821790042,-11.246443281064147,-9.332517749437113,-10.351934620070137,-13.971338379094364,-13.650356398217879
-5.335523519079572,-6.037498778762281,-6.159519102774829,-7.010690426071692,-7.9307904544340655,-8.665991401085451,-9.508421608990876,-10.131728585231262,-10.636697675143727,-10.676061418085446,-11.745932653319969,-11.51752483832295,-9.061903025708812,-6.049976643268346,-5.990558835673775,-5.527331377261025,-5.7257495086854355,-8.501548732917152,-7.67627531649207,-6.828342554789474,-4.870610851332664,-5.189928744483836,-7.081167077625846,-7.428503420287238,-5.616694301104289,-7.713830154901396,-5.110166497071591,-10.340739450404396,-15.684892107228835,-6.1830318135980615,-5.540263904092377,-7.625261024295406,-13.375850481004807,0.0971338111962365
-5.919334574363615,-6.0087538067689445,-6.5694241338751445,-7.209348308581441,-7.847849343318056,-8.189733392695933,-8.333436551398748,-9.878541468807517,-9.833533244599078,-10.48796536387961,-10.700486429259202,-11.639782032995063,-9.852968022298866,-7.190269023526104,-5.933327953230206,-5.486268105630859,-5.781853960939848,-4.699783801437417,-6.295212681095174,-5.55072559909592,-5.502522529921043,-4.6409861536553985,-4.12675152153501,-7.999119418062949,-5.342376187921042,-7.133524465956884,-8.542631093265753,-10.680607358984664,-8.66727575790818,-7.51034469037404,-3.379526591834198,-3.418430487866671,-1.4079254576366902,-0.6196228459750067
-5.627936283309217,-6.805718861821477,-6.700554187987379,-7.157784175739832,-7.602727197474137,-7.904539439203776,-8.426596580477725,-8.188831972069572,-9.22703420751424,-8.455108412656587,-8.908271763796444,-10.433782967851071,-7.796899210625728,-7.23172600803342,-5.558318257103236,-6.064432609881466,-5.218618709458282,-4.992861431475603,-5.888329617811758,-5.906971083135708,-5.846178111988111,-5.697771450041771,-5.2929477192012175,-5.557991697311434,-12.052977146032813,-8.71078223846149,-7.597873455072785,-10.025823994879284,-9.046150458028595,-6.500081854854855,-4.475976114614232,-2.422322830006061,-3.4644165798069735,-5.706365317309661
-6.068828019770073,-6.441101137711443,-7.606131258987767,-7.8042603515626086,-7.393876971980636,-7.891541043112914,-7.873310072458939,-7.744792225324398,-7.731583043491772,-7.102672332520727,-6.865670648927364,-7.746405926077462,-8.066800621431293,-6.2107709675472895,-5.294745196750366,-6.133908329178651,-5.327462553106163,-5.699322571286241,-5.940322541782852,-6.11708519178763,-6.214861720522437,-6.168152735826645,-6.3264602814869155,-5.302001776512296,-5.347059597677495,-5.82318988730232,-3.8345154002976365,-7.12305216281192,-8.003979516848686,-6.198697946410384,-1.884606618197926,-4.099870334658879,-3.5962599180761856,-3.5396324575124107
