script/wind350m.json
{"header": {"parameterCategory": 2, "parameterNumber": 3, "lo1": 3.000054539987559, "la1": 64.9999836372058, "dx": 0.5, "dy": 0.25, "nx": 34, "ny": 52, "refTime": "2026-03-12T02:00:00.000Z"}, "data":
[rows 0 to 24 of 52, columns 0 to 33 of 34]
16.516922678913517,15.90452208918126,16.561498011900124,16.84289608538813,16.189454253455228,15.180118040532598,14.501220097400232,13.811352118880848,13.518358217281069,12.884713878350055,12.568100871728495,12.553136721179857,11.954454574515658,16.877862852554383,12.098905971113842,18.20416644351332,16.061287597833807,11.002899348543242,9.897252098542369,11.058650287416404,6.599141037322182,5.551707311942773,2.6746016581355256,2.962038506969729,1.997779447557514,1.7194839880785893,3.139085016601561,2.492479314397675,5.010735799465874,5.630523254944452,6.746018925662183,8.228969842338136,8.839508252531108,8.581563831703704
15.931995038014044,21.436356149801703,17.631025079896126,17.620864034368182,16.31887679157523,16.261031282782366,15.281935035475312,14.171788945000781,13.678468215532893,13.20225772023215,13.822357155813545,15.458594508744913,13.781146478819624,16.23488140992039,15.169544911397088,15.172018933092698,15.758142993009056,12.02287354074081,11.77749079974278,9.013250234043923,5.224373843039505,3.7718353733122916,2.422519661884562,0.7455779269574409,0.4646184422664767,1.889552408367057,3.2032632929315215,3.5107531695305454,6.508046832151089,8.402202643983461,7.730260407450001,7.688293311194995,8.962176639699653,9.427296552515628
20.08919562270111,19.90135160138248,21.5401309215144,20.63235219705689,18.880283892812272,14.187704468753283,17.33539960161536,15.338788314771984,13.755554271047487,15.97806982196455,16.75820949852152,16.467780527692355,14.491033220701475,13.675191077037965,15.535699137477502,16.172773429316237,11.528335924991573,9.15825696745446,9.641439216781285,7.390387584000365,3.421185907564491,2.655773791886977,3.5938698793620514,0.21008519850855123,-2.1791655570263098,1.3182395884747937,4.681657303641578,4.156262531147675,7.609614579290633,7.122490630569588,7.981635183701952,8.569251617219786,8.371639347624948,9.24489326631287
20.292807315252208,20.044376848004582,20.785630943630714,17.984355308589205,18.265546055395106,17.7878172242275,17.581807545347782,17.67231706443732,16.799281730757084,17.502396108250203,15.006842969060193,16.269553498603642,17.542002255151335,16.702293389576,15.184679666386055,11.990902281797732,8.483099924711256,10.345561837459481,10.537909815812764,7.386793304291468,4.098676999678791,3.467582399303271,-0.22443943028839045,-0.16628105265271154,-0.643828739144161,2.0104235522103733,2.016884911271913,6.508933979638219,7.263254471166194,7.068668334591983,5.958264834695847,7.692822876701859,8.160854599589992,8.487871828010078
22.052120227836575,22.111228436569167,20.515842361276473,23.311997985620284,21.29493642322441,19.38131630482938,19.623166180457712,18.131919698442633,17.376783820727773,17.614820585724956,16.924321357378805,16.934447987833682,15.091576487915024,14.173451431072861,11.643245563861946,10.352450218181376,8.95166588702177,9.224967724646325,6.316367143894148,4.8311341245737225,3.190299730585235,-0.6404865228939984,0.31075244236004507,-0.30152526804689544,1.6217360573880528,4.28031312305781,3.9769108862140143,6.269824614871172,6.591562936935082,7.296710584986616,5.71820350638581,7.010656174106054,7.531087555654473,7.800618238025645
22.550717281690755,21.814393759981957,22.06455164248541,23.745465091257667,21.116513769995304,20.83662505657777,20.390869509701357,20.154785064407644,18.667290286827853,17.849666135794394,15.736470717819607,14.263379729498016,13.36288380521204,10.921412356931535,9.981150874324484,10.09202380638342,6.630869493547242,8.001147856527464,5.433062866682304,4.8083542532050325,3.5660878757175007,1.2373620946947037,1.3770467163353508,2.2843412904538822,2.718742554990798,3.8927142491895474,5.510888817717295,6.772941161505045,6.848272124914099,6.204925769241711,6.739643020267724,6.874318063953732,7.198171773723267,7.68360708394099
22.33667166205302,22.46553614335469,24.105900925024255,22.973652662405218,22.179948141374545,21.38069417910293,19.77403136811509,18.99222594957509,18.66860197051578,16.524232412875776,14.990444576914754,12.525805220184491,11.148096414879664,10.377200159754068,6.495737365424893,4.645918399330113,8.550405051656975,8.704994155024357,6.443433493995591,4.7234812644463355,3.9814817898591452,0.18292661767559815,1.5327124459604708,4.341542889253822,2.148099833274019,6.107601113408688,5.6964745674534285,7.469921636311531,8.197302341909895,8.994992452125176,6.234244075426008,6.935136095822925,7.720401295918977,10.345266349569243
23.64449516002644,23.295175701891313,23.68867887304158,23.389067278981152,23.041789841102432,22.46592060627906,21.158599680241828,19.347066434260938,16.75692629217638,14.866023685751852,13.470761190274926,10.958273305011923,8.707656315714038,8.293936361957575,5.440020825299316,8.707028983667309,4.144862327463531,8.722462313839525,6.79663103564023,7.719549353431566,3.73209594488601,3.7192019055321603,2.0037287484408655,2.516968450805022,5.45002321523497,8.980057711906872,7.269008573464078,7.9201652762281185,8.48415813470987,6.605183017109353,7.739455066321883,7.587346940410502,8.980929307712481,10.247236847851372
22.950338481335084,23.926475613938962,24.34941881301826,23.693366350228512,23.60565588586936,24.279104573485853,20.723168666833292,17.538280241423173,15.089384635137668,14.588402665499963,13.054229795536235,6.555449727076252,8.40562334078536,7.90540132497616,9.825143081551966,9.92742768839351,7.6135775648648485,8.294522602793153,9.087751396217245,5.6190734717707915,2.7312833757690878,4.45578434346506,3.529853731602057,4.44696183603321,7.7649536962156525,7.569599035479809,9.630413951209675,9.64638360039384,8.380111702674574,5.127133114759977,5.605109193198609,7.551851980890826,9.919980635078591,9.79907055673228
23.15009687407168,24.043250746996318,24.201744093191337,23.994772735705567,25.795354178697888,24.45826316019844,19.26686978041192,13.811763554655831,14.620804633890149,12.823926443878038,8.587790208904423,10.881864324394126,11.397147755134029,9.537433358452017,9.109956340036712,10.892294687634621,9.124590123233197,8.229461470879965,5.4140459093753694,4.664732009165992,4.873256585114918,5.51198059453633,5.910732876968793,7.483441396131762,8.18375833412921,8.824725668964687,11.194905338320083,9.023788947984634,7.917420430624349,6.710287038393512,8.181858144267002,9.217609509998612,10.42993934732,11.275963791449561
23.89205130680743,24.530053564235846,23.998111804430188,24.574699750385797,25.844969980283608,21.445367472541864,14.358967299500625,13.28050286426538,18.53565172217626,10.172365943241799,17.944672928413524,15.90083815332287,12.560762796751144,13.594904595068135,11.104486955913185,7.002388050883284,8.870350018998273,6.5631259926189465,4.345145552490343,6.485017634134089,6.975262096963625,4.647788667907152,4.79085311071186,7.697062207114393,7.082459627321028,8.91692109424907,9.119836836479141,8.144123784246908,7.463424744228862,6.000496857054826,8.390923846322726,11.120285866081703,10.998686814313352,9.986367139496824
24.001551159011683,24.365788102975444,24.150335279718966,24.696205060659377,25.892426034388983,16.03851190580385,18.803691750640535,15.009593875800686,13.904754283085937,14.887281045333678,9.815655766417349,10.227339369314203,9.65633149413131,3.8631047380985706,6.720623056529072,8.39930654212137,8.389526262047546,5.433831346707339,8.173511326118744,7.719554387509606,9.059139082832035,5.0339202975078585,5.353225686878196,8.428786845023497,8.709717383748178,7.29763447200164,8.59321773215616,9.743567168248347,9.900491552903345,8.913673815042666,9.661374667551648,10.751975607623603,10.437814230936665,10.365111012007887
24.03390192265433,24.09746665394924,24.61423467136795,25.82602537963632,24.95020821434505,17.194991360897365,17.499508303570376,10.363950478896951,15.915232698369271,17.208454119539535,9.532925984237844,12.18794236593418,10.093191085834336,10.953061499795966,7.552580401766238,10.85321257894113,9.659079350503198,6.925148680625427,7.465593679708083,5.922774707837104,7.296511391110004,8.1632508845743,7.353112153966765,6.733625305760562,7.845812076322777,7.877502394563095,8.76055060046599,9.577799572657224,7.228188992878906,8.221373244251414,9.984495146191236,10.293322120536873,9.853010138660967,10.480958319354604
23.857708995540445,23.600778982081238,23.633677967089763,25.79115589686995,22.475987957788604,24.591901026484607,25.8821502227241,11.62562727853495,17.98599659614123,15.449690972006533,16.172975755266197,9.635305571343656,6.500533934474164,1.956004773863979,6.633115643580726,6.948219641912698,6.872306179811617,5.871552775157432,7.386700030007693,8.242537362452067,5.3653878852034556,9.029791900164184,8.555523582632942,8.307500746105678,6.071368108880929,9.194543615748541,8.727391340643415,9.73689076484976,8.210286385994316,10.25054725380772,10.616338008629281,10.239315223143011,9.215384508612788,9.416003828776537
23.348658440665275,22.991013261776565,24.298757314818126,25.49857563112,19.22316747636086,14.4425162634987,10.843121592611302,18.834515530716615,11.45144141492667,10.716490588881989,9.433610228774821,7.665925413618267,8.313818327565215,8.2830578609884,7.126863068274794,7.480246143897392,5.939495824114798,6.210739628083504,6.620793517107385,6.154507063143179,5.887983855365665,6.241471566979124,5.704246826532817,7.063113430157841,6.422815211887816,7.689211252125178,8.030193173793586,9.348546350872981,8.667488037079227,8.530877125689893,9.920554127260974,10.246626553613549,9.105579206052063,7.994400663610262
22.556271684217915,21.477226208721444,24.299400798426024,25.572167533450532,19.051036749674594,15.805861294089192,15.716187946280076,5.086458951270025,6.297001445767966,7.315989311595274,7.056403847529019,7.554004983977125,5.438995759707279,4.869746165987891,4.223868750582837,4.379678694636892,5.7161920687523775,5.686422283160964,6.511597924004287,5.353025558596156,8.311973428364414,6.1646149266473484,4.087690147611256,7.673728412700897,8.595700359870882,7.543360773814794,9.326770280428006,6.870305260160704,8.334273404262891,9.155072459485417,8.467057304144182,10.156134113801585,9.44648885809452,7.1892096352307036
21.796882988258343,21.01148984935296,23.378641622767073,25.076043248068313,20.76524434498125,23.43341900493081,18.916240535186308,19.215307060498816,12.522396729211792,15.813610865358378,10.506737873075457,8.475307083855347,7.511873390745944,5.6370275659096185,3.6365295625902596,3.648291054638248,5.803899879883879,6.669939927035467,5.790204450971239,7.082402680587899,7.475179037430618,6.309119212240177,6.92555401425642,6.7938889496775365,7.2878711615135225,7.8605380004531735,8.269855729200339,7.616253106034312,9.735793804711092,9.71951273810094,9.233630289914077,9.7086684456112,8.843415961837188,7.132680304878154
20.931400613478626,20.59918693547151,21.88631987041166,22.99099528081811,17.594464176424548,15.860241551015019,17.24940127078504,12.764275827615597,15.504430910337271,13.394658107875143,5.706255785922021,3.099167170907993,6.767467253361342,6.283728497077338,3.302102445252936,3.312637394256557,5.735939789077035,6.775605580030616,7.445171409587605,6.571505803461294,7.136131210747978,6.0143404307038,6.145686032999223,7.564597225493719,5.305460883498985,7.092758792664524,8.749968982633487,9.01230968858902,9.787423287863826,10.501711321856458,9.931963844023763,9.62739082726078,7.077122871117621,6.833846201568691
20.50016634772374,20.351556495185424,21.197694821568025,21.418912666335274,17.37423867941677,16.207172984887944,19.329424131763815,15.625088956961275,4.037260696367643,10.72710996124357,6.896460949818659,5.206012329779939,6.932734031336384,4.726690749726014,3.653349519574014,7.233343146017585,4.624211363465658,5.90478066054045,6.937940859944653,6.692809027720785,6.522876477076762,7.370817307729806,6.9446125724436945,6.2654228532461795,7.208610474937548,6.258920924814757,8.316821419289944,9.12972157641072,10.747665695707786,10.730851558208327,10.080966633777974,10.256885768307965,7.268264930640825,6.741855686090719
19.896948808383943,19.843411422208675,20.251802736003906,20.30742892059848,19.51441526985293,15.85978015213218,12.962752454973392,15.617027112695771,16.088200896068678,10.884672844407289,9.196502298051659,9.083823994367071,2.0374692031886266,4.811866794718778,4.036102955374937,4.48612812101025,3.635050879851208,5.045797105251341,5.12552888968276,6.20159713724517,6.70539782332406,6.3997020342216775,6.529157370778622,6.279797940687076,5.607708214886704,7.0733250885171906,7.546332782548158,9.029680009512044,9.457431967148784,9.980110513873235,10.740417742048843,8.948307129197056,7.393128722215594,6.863682758675601
19.106059490529134,19.54532442114812,18.888551094619057,19.76371525357977,21.001958134782015,16.517523407686664,20.16802824993393,14.438474832041104,12.40336311565909,11.915740699563047,7.1368552287300275,6.31599552293828,5.980585058983959,2.5210992352324717,4.995999729108781,3.743603813388116,5.2595359879948544,6.628543729323089,5.5351186439280635,6.1271440084443975,5.958377500455388,6.119487342576935,5.5467388074421855,5.319062083257268,6.497823225575383,6.675349704411603,8.103914869726196,9.203784553172252,9.43242906753036,9.18245681705028,9.444624588872243,7.059186923587493,7.103395068942237,7.4818702279228395
18.768778974247493,18.668814465308685,18.515835834648886,18.294808703376557,20.009845602725647,16.826726284205748,15.270478051760007,11.712593248335324,8.298680058254424,6.161991158107999,7.235002001787578,6.640359384694307,2.3578678236862487,5.25222094056223,3.684528122815205,3.0157898123140843,4.428743178826971,5.918190179868497,6.529085268104097,5.745863888612613,5.240748910631461,5.3794098893281905,5.1733992089874805,4.810138597870462,4.940352796152606,6.596247928456148,7.054037274694307,7.322019969944191,7.923950047726492,8.482401209061456,7.920505799873009,7.307572772174325,6.628881315124882,6.7484055161110446
18.73882467388177,18.793565661541045,18.559963450049754,17.571979521618946,17.473102226174543,14.763551209236594,14.166875313213392,13.589638293784859,11.466142494939305,7.3114197163052275,5.300523369202497,5.0239820826487716,5.54460633493177,3.0099559250606704,2.6759470893472996,2.4648095582285583,2.6707063429327444,4.193850310175751,6.62814910026777,6.142772470243544,4.973071663756241,4.3170901480160975,4.582249210716254,4.803542645097205,4.570100495318807,5.452764773955983,6.03323734732676,6.411723746013822,7.614973350884932,8.038842342278116,6.325355497717015,7.333276188166074,6.252110486122157,5.943016968827935
19.393209001171805,19.13867384869939,18.65491549822943,17.024868257780344,15.83440509876547,15.821838135484949,14.164481982883704,13.328972324557949,10.16475464005314,3.7723131270972736,5.091502739185413,4.835235051767814,2.49378919754505,2.4836651608219453,2.4990280875506836,2.6447407280200315,4.551640986005827,5.7493743202831675,5.94968821630254,5.272399850626837,3.7024238900155817,4.305262854734512,4.390048428303161,4.5132073093486245,4.479396594945772,4.433135496343324,4.062954973620091,6.18948782175673,7.4517850825777145,7.503489354508206,6.901762316744015,7.425441767425095,6.674688303134934,6.730083047749142
17.99469451437086,18.10948092854867,17.964469516068192,16.740459593265744,14.860401782080896,13.839124404125533,12.530127059928807,14.526468891827738,10.927161388844686,4.986446136777654,5.7177205423720805,3.2691134792517893,2.6055184750952054,1.6537153100927935,1.912251915991764,1.358856868030545,3.2151497594184386,6.012716127866604,5.764884272970352,4.645378763414272,4.99492625550217,5.199325937451931,5.608223146530284,4.492863342545932,3.341578127506642,4.2134052575375325,4.275879222312718,6.1603877987202145,7.603406411230001,7.742569829923311,6.8175193686860105,5.494412513009689,5.431290772153801,5.779776428645043
