script/wind350m.json
{"header": {"parameterCategory": 2, "parameterNumber": 3, "lo1": 3.000054539987559, "la1": 64.9999836372058, "dx": 0.5, "dy": 0.25, "nx": 34, "ny": 52, "refTime": "2026-01-26T22:00:00.000Z"}, "data":
[rows 0 to 23 of 52, columns 0 to 33 of 34]
0.6678905263318448,0.005275897596174332,-0.47872813802826314,-1.5477608611440108,-2.0511905048613808,-0.42694075779479806,1.2069613731508833,2.7964112969927264,2.329069567212391,1.8216221833382953,0.5197738123092207,0.49386926838688927,0.8605859900215636,1.5506745795979333,2.4236569045824776,1.9918729459935032,0.16534593159328626,-0.35775909697168745,0.36653654755536574,-0.31336977741466454,-0.18433881858167955,2.05217395001632,0.03068775836477729,-1.310269448874913,-1.5516607158124303,0.6919921683911354,-2.485949872875894,-1.3418710672526206,-2.5987302578980365,-3.3851881601437994,-3.216507632134751,-3.59475465266943,-3.5581451307090424,-4.508737203476791
0.028411183515777913,-0.26278068509000974,-0.2649734506730638,-1.135178403467411,-1.7297738666264397,1.234041216192515,3.0029405606427244,2.2705713123142877,1.4528234947240424,-0.09974936180677539,-0.7751941783653834,-0.8248397112707734,-0.4294538786602529,0.05164383621131871,0.9602850216361516,1.9379556199404642,-0.5975186440636436,1.2974588702088883,0.055040284519086914,-1.0532221258920091,2.125748275560044,2.0633542338415385,1.9376864783208163,-0.2451612697948095,-0.7314797716429731,0.931345466707483,-0.17502933935801135,-0.2652797497441686,-0.6060585617991641,-2.0240713770231107,-3.215190441749021,-3.696603180631352,-4.131261873492767,-5.141515379687928
-0.18380232516443495,0.4083756074596426,0.349723545646239,0.8438995920781275,1.4742412010652948,1.5855345553856386,1.4533899119227982,1.08868964247125,-0.4809230996276916,-1.8083708770713638,-1.7895235621281191,-1.1016027195422702,-1.3972118216459128,-0.6819135204003213,-0.18152372135452605,2.529143461883055,1.260708836052945,1.1034708057547449,0.3361686759192825,3.791417389437626,2.925661286154182,2.3304236287780973,0.44027328983813,0.9557909096628237,2.19021779351473,1.8622825268859333,1.0860251493047552,0.2864335962587167,-0.27589229184122804,-1.1151763436147488,-1.760770661701,-3.3779954436581874,-4.072416482586519,-5.0871840276204985
1.5430123674134706,0.6846204719683914,0.6812319927539812,0.25541917394551256,0.4090167141511213,0.5447458556638644,0.007154693272298584,-0.8153059773812388,-2.2760335297144514,-1.9971673089110387,-1.8514069254145051,-1.0660696071107276,-0.1367814137589488,0.28713994256840036,0.32335011156064425,1.593103761392739,3.297301099637896,3.7542500541824118,1.0145224155335935,0.9135116205531167,3.769658308141918,1.2267260450014383,2.8159289846045814,2.3762408648852325,3.0898047257454975,3.2203392115068823,1.9685800073566444,1.193807108212042,0.13069792548037626,-0.8777487418815879,-1.2649569600765076,-2.1490114594958447,-3.551680889298175,-4.898275423162717
2.368797011531651,2.056034245638487,1.8076029827534437,1.2457828244594358,1.0228706622899075,0.039894496910231614,-0.9574642358717019,-1.8073485240725924,-2.4583579663359463,-2.126966066482001,-1.4151044496336849,-0.4566196256217098,0.2266075945877546,1.1790791204224296,1.785584828840924,0.03379219343999926,2.5456461038023743,0.9569150296215723,3.888279543236689,2.691456624033465,2.380609750464571,1.9268413954084214,4.740396439746905,3.8857120222049852,4.4269509770050695,3.846670628301651,2.6793645796293735,1.153684988782101,0.9231842223907112,-0.4516556323023339,-1.489641097749586,-2.492865799245833,-3.4981708045532995,-4.703372261788144
3.6664265690994653,3.0879216399410137,1.3756586018666526,0.6953069562789554,0.05031155238228591,-0.5746893835855522,-1.6368605037252528,-2.509556387235727,-2.918228028737654,-2.6930399316993916,-2.2234451591791062,-1.799194565851498,0.10803545213168245,4.185495804044407,2.4645719451453583,4.638508196990456,-0.5813116502769731,0.5232103390561971,1.1943494510363255,3.4574892561123427,4.356696955285133,5.747082217152549,5.503202968642335,4.19635792910854,3.7556735600640687,2.9272558444626195,2.109432534313174,0.983938996821887,-0.0533568052915795,0.12902418595888887,-0.30483509514712703,-2.7128034555119775,-3.1889867936367344,-4.141857932120583
1.3720583657148133,0.8949495503540883,0.4919045258309864,0.12359900105614222,-0.3047340457474076,-1.177803993300682,-1.9861493635187772,-2.5874250529628564,-2.6731974244928374,-2.4908517962961074,-1.0082673957581525,0.5847184590395075,0.9942514880858252,1.3747001405612187,2.788966058690248,0.8384381787278952,5.931364534802219,0.27345735519689424,1.6944819293123596,3.314844638764855,0.584449147652168,5.754420137666932,6.147302840509602,5.162208029783994,5.168091269186942,3.3229030106076745,2.5604544389416355,1.4258415376474751,0.2483916974781281,-0.3136767340977135,-1.8716622814359976,-1.9142424193529826,-1.9528561463873877,-3.326887886171664
0.9037748747208615,0.3022270688865284,0.11622338579807621,0.015562980306252867,-0.3581840566027813,-0.7646617261387421,-1.1341382459429323,-1.1691857408504507,-1.330805775163273,-0.24212033738187583,1.7264946354902198,1.4222710981980713,0.7108240492301345,-0.30848731532989104,1.15289641357133,2.3038219157584523,2.573034990720209,0.8185400633508552,0.9356722550577152,3.153308249592809,1.5996879764196985,0.47686201495321406,4.86560774578219,5.233066138044592,4.30377942769368,3.5735368705316883,2.8512009296304113,1.560452697272235,-0.1855794664568958,-0.7053207336979849,-1.0158296117569796,-2.2317740118932745,-0.9435544058618557,-2.24907920073387
1.7227105876020359,0.8032411913671654,0.3884976441062955,-0.05282979239040343,-0.40263406088329523,-0.558735401151863,-0.5788305730921814,-0.5766780669749084,-0.03617122671524606,-0.1231361592974415,1.220027755276993,1.2903401314025844,0.7822743818754249,-1.2780084955477586,-1.2718005444904898,4.197344705808207,3.1955061831185034,-1.1927019302987878,9.992281264201027,4.193692684513156,-1.0310675242595806,6.386166210147707,7.15673842544287,5.799600184318283,5.05476376111147,3.896921325142113,2.3022814327447985,0.7952576405927337,-0.42143442801720016,-1.177812386971001,-1.2936388757695079,-0.5007962271167524,-2.0011947831789225,-1.982966249546566
1.605792299812712,1.1270423435449954,0.8520959118921805,0.5738743602626043,0.18121163504972582,-0.009860495961416731,0.8128132293124779,-0.29519504425442344,1.468562829849916,0.5906677446839699,0.8545902553073031,2.283150977832346,-0.9494806644590545,-0.9120192219980067,2.1859993311953256,-1.324342200258401,3.6391050688713027,7.065623452876521,5.290507485030646,5.418208194338103,5.208443141851212,4.139738507359315,4.353727886363083,4.097439185209427,4.007291321718604,3.284083895400541,2.3030914723090934,1.0307277515231528,-0.28861438601033385,-0.9197319437970533,-1.1743254998776007,-1.6316060415941847,-2.3970912027220423,-2.0720785805289084
2.6956078769277076,2.1564636254526364,1.439269793278214,0.816170538694023,0.5025546001642616,0.5821501242614964,-0.02596171083044636,0.345248977977114,1.1230771452644486,0.8748266537635143,-0.3126471667645697,2.9840740748953096,1.0825472073744042,-1.0015123667029748,-1.2038852536452742,1.5430581473739182,7.2794634363786725,4.928997762581788,2.6531852429954044,4.419741756549636,5.413243953121941,3.9101125389035625,4.255229118061169,3.4373594830632377,3.368557664347974,1.8776248401499143,0.5093729760235,1.0763513705290586,0.5602884834874697,0.2590724313403277,-0.4995838453848314,-1.1735168772621067,-3.021998060650533,-2.573048558922236
3.0535384082377974,3.3918061812835876,1.7950615398542364,1.3815207088720896,-0.16859066545915571,-0.48283893993644844,-0.14870562959189196,-0.4300591179140236,-1.355904589880316,-1.7017253658015532,0.7305403510381129,0.3455862704151738,-1.1238826304236953,1.7121017400357725,-0.5162806099278686,3.7024788714950176,3.5503796195201827,2.404075729110776,6.466189322119215,4.986897295280521,5.0192239837924655,4.422392291922991,2.0390944869694816,3.7418491864908554,1.6554051374546002,1.9987249859209228,2.3390922440427775,1.922991787257445,0.2345957335019454,0.38765675060523475,-0.8253302926619003,-1.1099144037771222,-2.6427721888929865,-2.711559373108476
3.5773408148143155,3.39252218394943,2.030228527737736,1.211397993700843,0.11714290666899302,-1.350089037079891,0.008281154859715324,-1.0003493274946462,0.45342775836976174,1.4399766614823444,1.3976880660391218,0.3294166930567318,0.3940762724200666,2.1761444322863164,1.3530545864623036,-1.4225807100492323,5.7427802466659825,6.2685628231096535,4.72998200805112,5.035911931749323,5.102273196220244,4.489204689462262,4.40154667561669,1.7071357940844005,1.9424353823806575,1.2655824567855385,0.9196418695466705,0.6293823723298936,0.07325261651367347,1.0511235004421295,-1.1323477553040644,-1.6912976994425304,-2.6077835728057326,-2.9758990059965194
3.8031493641021976,2.8168772892822957,2.916830851212721,1.1816340949590844,-0.472990611724599,4.733580315739735,3.431028331461807,-0.930989362382973,0.35803749077228925,3.2741677082714253,1.4851367109001363,1.1069797220108275,1.5881398476010486,2.5956919213589384,2.8075716014323424,0.4717921826061247,3.069293337342355,4.663077406924436,3.4004930497668457,2.7431599742830697,2.397140435416845,3.377002280331234,3.9236235647545326,2.784411649051573,1.7943959158598677,1.6567305690971839,0.8817219707504482,0.09188330113933542,0.6074032510953333,-0.35953797142635013,-2.470394042037093,-2.712388746650987,-3.0029084295033996,-3.612081294454278
3.713948388116101,2.3235631803072634,2.4271103507863008,2.04978381124315,-0.6321615173798104,1.7839175984936095,0.3202839798257274,4.214381872222959,1.0387815731011893,1.6443632570238738,0.9766498262945835,0.34235502567637527,1.4862929366009505,2.7712254774283864,2.1352154908004346,2.707148913303655,4.24065692235403,3.5738636342362713,3.743436271531907,3.408100700588971,2.779137522785341,2.1978086366545786,2.8457879959819214,3.2953116366672393,1.726728008196726,1.222117567062661,0.8231912245881019,1.1657232777590367,1.2582708079167852,-1.9393384494405983,-2.54339174328637,-3.170508792922401,-3.424421819896944,-3.8735274094566035
4.36685992632411,2.4285790323915655,1.7467603919442392,1.4221657493624538,1.8050398774433907,4.544111076255861,3.6728369502810123,0.7481335263696486,0.049241561700082974,1.4800338913352618,4.3020349636433854,2.7314204945723777,2.8296087030096877,3.8661718629250945,2.4849731059529105,2.5921457838443707,1.7820651047244875,3.319026591417909,2.978660139628177,2.343019516628578,2.4796668335605605,0.9682008754327172,0.5990492782143141,1.5816888319201905,0.0465295313320154,1.3322905519508126,2.6360881992303975,0.5117937473095824,-1.826470008926488,-5.03463202394628,-2.648583920694315,-3.0035027894130124,-3.501119236002104,-4.15299584339823
5.088124987245906,3.108375764155154,1.4093499490364583,0.8100126937991664,1.9221203718849293,6.269561115148866,6.7550623563229415,5.967873947898293,2.338908130395616,1.9996446581367686,5.182135871755031,4.02650185351221,2.3022990111693042,1.0689614795745412,1.5381081706735698,1.0158717682679583,1.6707629083920048,2.319767588840993,2.3048217471442856,2.1681313701598395,1.324588199584492,0.8290188202919982,0.19168943037835104,-0.6435020346469836,2.0944387215904494,2.9908980995511367,1.901532382607466,0.5924951501872265,-2.8521406570175114,-5.917467012797666,-2.986268679220357,-3.332802781912675,-3.8256749803462244,-4.135584538751724
5.345928025360185,3.679919867376008,1.524231934711329,0.6785208086609995,2.0868712376338303,4.875885379632585,6.994511995463211,2.6342138637989745,6.615339698045141,7.04094893549372,2.7664918424286196,2.650974103487219,1.31027767888343,1.5930809351308324,0.6640550388360705,0.16303773936643864,-0.7082409659400739,1.096477615863632,2.656505302700892,2.5182345473826446,2.044806959627461,-0.4353493496700838,-0.914551009619823,1.629216419974315,1.0228908907294822,1.2437805547552885,0.08611132689260372,-1.3202469930789986,-4.023362669949458,-4.879912937377257,-3.361411586761592,-3.748809308530059,-4.267567791833807,-4.974843222728792
5.6249195227894075,4.255189964861192,2.0868448483866993,0.28954233925505435,-0.7738729993765904,-0.09240024643573591,1.9194441850291672,3.359726431569469,7.459441906995438,4.398788635533586,1.0552559498951701,0.9501741600162485,2.2168353335251,0.7000090905092247,-2.3147950484136994,-0.2657399773972755,-0.5337060939705757,2.1542386277161265,0.46310809556812055,2.108574572504532,0.32202769450980234,-0.01721918826485598,1.3519706955072959,1.5055680317189732,-1.1090827232578293,-0.23493616477510146,-0.7010179357516347,-5.245956165032905,-4.047599771437947,-4.78551232304794,-3.8723369128917153,-3.806734951307556,-4.146796911810537,-5.064123443522926
5.371714847997284,4.232525406843906,3.0258647450134837,0.8627469020638711,0.2025080602071308,0.15675123675227687,-0.8830217558534292,4.475114443016743,8.388343373082805,6.464254825814463,4.087703466670791,3.805353088350384,0.26067423874557805,0.7963284912352513,-1.7738911293906716,-1.1955046261840323,-0.6055078798944881,1.0546221229286565,-0.7285713069237574,1.4419576228458608,-0.7529442347210734,0.8365887374021894,-0.3234813473324388,0.09824814936373431,-0.8496112085340088,-1.0925485602010523,-4.428369951923355,-4.697862863343844,-5.331227051953504,-5.807729051740797,-4.937832684001305,-3.958575112754943,-4.807620471175166,-5.155196976876068
5.825521305268673,4.260320449325383,3.4198121191702064,0.8364625515257021,-1.3529230928913387,0.16136280030030442,-0.5670531502890027,-1.2258280097962335,6.409527069178315,5.032543538807466,4.928658112918245,1.6651528437352738,-0.8362917597776649,-2.8007750468817254,-3.3175075829519938,-0.732582094109368,0.23875707623815368,2.228669709498033,1.4858602853415461,0.8444356144584251,-0.08600078018423425,-1.8193599330920271,-0.16070303312847684,-1.0557326424520148,-1.9364416134369034,-2.140039774108947,-5.239384582167146,-6.152602678744751,-6.08786230336325,-5.392000908214329,-3.6447339303071917,-4.531975043389307,-4.735256831722221,-4.727786956343216
7.126694098063355,4.321210056323908,2.785906734111512,2.0869059543982997,0.05047811431568278,-0.6049725078551059,-0.1841022818847887,3.745327687992529,5.28274589196937,0.7739185712121069,1.167670898164399,0.46617709071430824,-0.4868460067964025,-4.205232211128614,-1.9335444088317462,-4.17326680796633,1.7781987383223048,1.4452517021088482,1.1590094686280807,1.199473342173289,0.22777976755817186,-1.0797109696286034,-1.037447497039839,-1.758952322321391,-2.2146963789456264,-3.3427564554403384,-5.610169189224835,-5.887851608518339,-5.168481460785753,-5.578318116843654,-6.092911429215318,-6.773597611131523,-6.247847643790807,-5.735337171892724
8.717256481168278,5.61935053633867,2.9661527282781064,1.1317920956623195,0.6444764961948469,2.0215015116968993,2.372954565249408,0.34510293761374383,3.4233251208591717,4.846190287697731,-0.7203679422404476,0.6463777896990857,-5.883535445022221,-5.402407589015013,-3.9077177753433867,-2.814940038483661,1.1051786769837446,1.3935774713567899,0.5543111988163049,0.015122635602357345,-0.132242292390085,-1.1631509792247803,-0.943802084007565,-1.9462268206411115,-3.137302201896013,-3.62025113637165,-4.573444655341737,-5.371327837906105,-5.389405847448078,-6.562896832997994,-6.5455534762108565,-6.1764581716965825,-4.812787441807544,-5.584906869473688
10.340061653742964,7.422398002407966,4.31409873291152,1.4553215866407767,-0.8765532567027063,0.5267580242119306,1.2701418055705582,5.980603514907027,4.148250531973821,0.166387516494421,-3.017200330583133,-3.756963122461235,-5.140286547544184,-5.584841150109029,-5.090680804827978,-4.226634546918064,-0.08727581633408346,1.1597909216780293,-0.009524377629848542,-0.324180075340771,-1.7619702338137615,-1.363317717191866,-1.9837595150129468,-1.9713526849159329,-5.536996835507433,-5.194953468520267,-5.570930176240022,-7.01558502438836,-6.676943556270136,-6.208443525125786,-2.705436777532047,-3.9675750263602163,-5.708414787133301,-4.882763917698083
