script/wind150m.json
{"header": {"parameterCategory": 2, "parameterNumber": 3, "lo1": 3.000054539987559, "la1": 64.9999836372058, "dx": 0.5, "dy": 0.25, "nx": 34, "ny": 52, "refTime": "2025-12-10T09:00:00.000Z"}, "data":
[rows 0 to 24 of 52, columns 0 to 33 of 34]
-0.25619119616703095,-0.22731531315552234,-0.4397828330052286,-1.0565590891346535,-0.9624027075198063,-0.5798328026272374,0.13961876177437763,0.4992209149175801,1.2635111034449902,2.596753305882188,3.1956333987706875,4.692072878572308,6.248112272684067,7.549005348096733,8.07600946780723,7.016742250317087,7.066197685676387,7.299275527061828,8.524840303765187,18.141379137452574,6.772383167236382,0.9845636959699479,3.2154830436623967,5.561862125175963,4.115973828223088,-0.8012064012615969,0.9841267642409519,0.9916704151127327,-0.461853985011229,1.5703215413341343,-0.2202359571991332,-1.497062498373095,-2.717133243716515,-1.4087498887650425
-0.9231091638622899,-1.2514461524048157,-1.6093183744530477,-1.423248874468755,-1.0344898866322882,-0.8645719423175569,-0.5570473670048549,0.328743860455337,1.7675077179169525,2.688018195791135,4.0460946586557025,4.8084500593610615,4.8555120500913445,6.8650441529711514,7.729067610868764,6.988132656026829,5.775328966270103,5.878301732266147,8.642943864563744,4.666030861519966,8.098424384561874,5.436923543356766,2.5901622321636495,5.874809974916581,1.3788077447155007,0.7992127866624806,0.3058258523302204,0.09838389400364704,1.6991838477433667,0.6212320176020358,-0.8517200562124423,-1.2175619044333736,-0.9641676874686006,-1.6792162784379336
-0.900760415800776,-0.8721651427298226,-1.3422186182101346,-1.8616662792042524,-0.6836850234003249,0.5350937857872011,0.43411884513433774,1.3290507581884987,2.1199489541759333,3.6685731985378904,4.365241184942839,4.923395732884077,5.400581741895458,5.571193409067318,5.768093787876499,5.152544320229042,6.779793419867428,4.326653071947507,2.3166630368975007,4.978942950348507,3.594847384996984,3.7140223378186428,4.107611797814595,7.141933923913762,3.839131142798017,2.160749123169189,3.5473397548489,3.1890267772307515,3.1063282701038832,4.431120299354227,2.8307786573435196,0.6535219675952124,0.883040044975555,0.10561107885877458
-0.20269775991753777,-0.17604287720700845,-0.01660332187252178,0.2424103985813674,0.4564298106390645,-0.1443870134656435,-0.31939866554389607,0.26035745642670793,1.4409025238417852,1.876261008187372,4.342608844165042,5.289046859310025,5.694742895739226,8.285933715292142,7.424506909841677,9.085839231768539,4.2744957195615845,7.572503909244422,6.997580727070759,8.351011892054956,14.804385913356812,6.729888416072361,11.02519094680387,3.025337424278407,2.675503893020293,3.974463602145433,3.4682254775316403,4.814854509174944,6.083810848927478,3.2127934359908643,1.3588405857339625,2.587658128919126,1.6054640375419098,0.683603709479106
1.4541954961257841,1.7234311000421108,1.9109150353346882,2.0890455405191806,2.4580921132998186,2.6706320746061727,2.7341144586634396,2.1993451675801476,3.188036287429031,3.972071055374679,4.348943604046428,6.228076883300068,6.479126636913752,5.90494737101385,7.539352951128032,10.740438755145819,7.404033173199686,4.373566418356713,8.20323004560898,6.564962389515146,18.468628187831754,8.137231475932673,5.10005379176088,4.773382855860546,3.397598675303893,5.173149423271741,7.047667738665753,7.275784877427852,6.953785692727492,6.113044492939749,5.552083139975222,5.272820414394234,1.9940078997052388,0.9593298373727713
3.8352834572422148,4.251723300618237,4.449657412022002,4.299101823790672,4.482754660797367,4.668616052327466,4.934001798088687,4.261340148711021,4.1096089428473865,3.715762959602633,4.294531344227083,5.208921156189159,5.33043946127856,6.762904812245018,2.136751443340307,4.944517962111073,1.4380856141082945,5.159622747553971,10.105185784797003,12.2971880947368,4.512344795165755,5.65190337434192,5.682059665654693,3.14744421690222,4.174342149194181,3.9338468243185267,6.309561168157058,6.985638318307162,5.832561871355101,7.831013839413156,7.23467864135083,4.528734361667048,2.775946647592432,0.5183412323928943
6.681208116019101,6.600168461517968,8.97970234602681,9.298515261066889,9.322507476069486,9.374079276244442,8.608001422090203,7.555477720437861,6.098992648153366,6.483570118511485,5.8153581740405125,4.387760843896686,3.3823641999064615,6.749032661843403,3.9167318674660097,2.324305006116279,5.118317440058397,12.044961801895404,11.96117618919873,7.544336861777835,4.703271634150168,4.592404509181451,6.787424173790422,6.385766841158839,7.6560077841968015,6.8889093475872345,6.874376273274828,7.051852045566261,7.371841056888351,8.696563718255648,5.450826134405888,5.355095087550229,4.2772358245936495,0.9018903529892387
12.930779191400786,13.52118052725412,12.074998572298634,11.478192729526295,11.991891714684513,13.4253151743357,15.961942090776786,13.044904554772634,9.95809437475773,8.348187441888061,4.928729290066695,7.578081336803596,2.6276936107538247,3.801704815589278,7.366111917571142,14.076548970964257,3.3032913792652896,14.71158073304206,15.395795148741003,4.649755443050173,7.473261122293728,4.265346876637325,4.91163233659815,6.500466821661089,5.325446217382334,5.386852854476158,6.982527675498363,7.496151019994499,5.1762309610961985,5.176688041870101,8.52639581784851,4.597922692106131,1.2426269045912535,4.00214510559476
15.033600576357575,14.128687336967491,13.848499319641375,13.804818754431682,15.112875729535327,14.178590469991637,13.862665116567937,16.71674717658128,14.947786412256306,11.38467155370132,10.700006505634134,4.897010395395744,6.896977833085643,8.73710516596211,15.543113891609279,4.489357580639493,12.159827397395572,21.66970802877885,10.996412455267512,12.088497102885157,20.47074738700686,13.100611447151099,7.1270250479757795,6.5130581475751494,7.576087775391941,8.020021674298063,7.258538865324758,5.9514548249383035,5.811793522574516,4.948611692314085,6.433331454132144,3.6050138823829485,4.765510558133515,6.254434499320526
15.123702561856518,14.993641597329725,15.279085033761294,15.064371313517752,15.299893109705273,16.471899456862907,14.545174207359109,14.347887683125103,10.582867961242705,9.440233557348089,7.535571728588178,11.335843226007404,10.421159195393702,12.81437096593616,15.231969401159667,20.592365852640157,10.666808827339612,12.08057080132386,7.994287315553208,6.791366504421398,10.046988263357376,9.084123048608062,6.2941913555903835,7.778549585561646,5.868686570012504,7.743650061176523,7.693551449124621,7.822369510940959,7.9502514605399535,5.4339332582981115,6.5357527263399495,8.098461895884876,8.057571296171014,8.091196543977581
15.523874106215551,15.339661380219107,15.479014536330691,15.986710212912826,16.808864950734208,17.705698685666388,10.963765402420055,10.341326683049733,17.195137837753357,5.365672460499793,16.640297891663575,15.512009584866552,17.783808831545077,10.437295529752795,14.569463081482631,10.89298318476444,9.718539018405005,7.083455815100498,10.200931028628222,5.584997554786324,6.485474462330588,6.295054382244452,12.160412769542912,6.56376380942771,8.902832959450674,3.1985791294839294,1.9882823427443528,8.335962441305574,3.726363395336193,5.666289233190132,9.545337091881064,9.583893797248988,9.440014955200166,9.260978744080152
16.297914808349578,16.255548506905672,16.52557362420179,16.82357701209023,17.653417030972747,14.417992278096474,13.875795054310418,8.932857269634038,10.021604324026212,14.880849232344618,7.042626631627197,9.043770177003802,12.995764540313166,4.20108135010869,12.821775045048152,10.027999599427284,14.591566209677582,13.55279390988135,15.543660083713016,13.975073813620593,11.796265845174332,6.448970575235879,5.503036169074209,11.778396259942635,6.035097180455834,6.873498040542432,8.00376622351573,7.177005157619264,4.929471839757099,7.053457835383991,10.433789750237462,10.286902698797501,10.077596067723642,9.687322174039117
16.55202130257329,16.152346632594096,16.720099537109213,17.108176217876956,18.914571573987164,12.916657653751084,10.362281925285021,6.427846700532827,9.957742374599414,11.717997894562787,8.42794700197303,11.934381182952734,10.160897351501779,16.55994656685251,13.455524823613853,18.923236494878527,10.168258172504716,8.100664504261005,6.6875999228098015,5.248757794411487,9.970166996167857,10.51527495435278,9.139350315014367,7.676872081313748,7.3912418184455335,6.397385534309431,5.442766893132857,7.320052397399167,4.728668401332918,7.72675909825182,9.888281723828051,10.139112542609935,10.436343708295428,10.077992381432427
16.75598008090762,16.94658846099486,17.121560984297417,16.980709029624535,16.283432466007238,20.085164090360415,13.260176191613406,8.222443510028382,15.084893656051026,16.00497701066216,17.466470426596704,8.340391403500306,2.2565323621031013,7.090981893404308,11.91359385483486,9.115619135234008,13.55483635386908,7.355320641598144,9.439813123388022,10.90872249155458,6.564434094403939,13.450787114693647,10.179617853900266,11.316999940717567,6.077631153408152,8.181761914407538,6.38118298012696,3.8951577196719764,5.159448557171199,8.065784620517732,9.348329924759916,9.637431963249606,10.327659233212538,10.085629722994812
16.87007933102475,17.005411169637757,16.861559309784564,17.159149592034193,16.96984451001407,10.885601007954747,7.565306590390214,16.221177382015696,7.574500370266402,11.371218951922506,6.58511093212781,6.787936440295718,10.367312369442132,11.609320165972882,10.337430242335378,10.9648050797755,9.890624542367014,7.885191810644321,8.159538731531635,6.341196223989767,6.764516297740159,9.374725981864447,8.711993645021469,9.048980557632662,7.84230324670423,7.748090160080554,6.642180807093771,10.038398803524288,6.350401648910237,8.978306163042385,9.824502745728891,9.974083243582012,10.146392822953988,10.742796820069934
18.094779739107743,16.833265027813955,16.63615241107263,17.18225887388472,16.320626931167887,8.591933918589994,10.893206257745426,0.08100873980317139,5.1056641099491795,6.198282756748329,4.260593264829259,9.697904771306268,8.210296629907567,10.106502218686257,1.5774490176311118,9.82277834806591,12.794627449465256,7.439959528620867,8.310555112866858,4.899715001942468,12.364982709183293,8.075269886253329,2.4796944051780003,5.520520475202799,5.861473486945938,7.957848283516961,9.99151825465742,5.921986904045448,6.492611483984503,10.30329450262869,11.168657811994953,10.577747774447346,10.44843592110244,11.141301970732474
17.981529357604423,17.619792543682603,16.461288918413487,17.1461744426948,16.05655346199791,12.490933645667708,14.019479862588035,16.801064069726827,7.5480128105969495,14.167368771690569,4.702111675834247,8.240979339605667,6.930145212689372,3.7017987611505268,3.53377845152398,3.08626438010235,6.645487174258364,5.906860122310181,6.280272648411197,6.701378560176605,10.162901959227204,9.258035846168012,7.4756247633258495,6.187793073285873,8.419712159273963,8.785396186201465,9.389022070628577,8.14265792018894,8.399325317536235,11.274198525986167,10.98067685096034,11.652672797673834,11.40162560932467,11.357628455146314
17.64437653512686,17.137576524874426,16.152157075560734,16.219333346702598,13.513715798618671,11.469284503127932,13.463832184353773,12.567357404706861,13.606786398242857,9.679105401122122,6.319877329681411,5.853820703082562,7.183304968105564,5.220937792505306,8.794800700201787,7.438787872668219,2.428329234712411,5.196021419198189,11.787994385890114,6.2915465407505655,10.059246750633305,4.555572204216678,5.959258258914258,11.07275559581053,9.181058556006843,5.934805103877277,7.520676124599532,6.271464510148663,8.010602854040743,10.161908393184412,11.88669187707339,12.91766040719058,13.08674608598624,11.293415182862109
17.645403572309036,17.232297969651114,16.330596368895538,15.669439480509977,14.81414549671631,9.729039483069718,14.834220650021418,9.64243290588,0.0851799586265791,10.67901005428915,5.327438338373143,6.463607243043407,10.845948836947189,11.124729146022617,5.513771483086659,8.91007016535939,5.54993520068715,7.330167766728647,9.279896913162494,7.572725785960703,8.497025120662322,11.322588733758838,7.832087016174258,9.334185119922461,10.228621952782357,7.134808533773665,9.747489380959829,7.8603078567036535,7.804595202230807,8.219874641829712,8.676785427599013,12.690255219210282,13.624024115378633,11.438952803826341
17.315090092184725,16.761680820007825,15.80747222552673,15.38628036157878,14.06706121905122,9.879700398830463,6.8777018836722705,11.508747844938993,14.8087055951408,7.8780835452970335,10.80642034377957,10.028573348824562,0.5465167166372836,7.728113857739133,4.609721681753484,9.528801256371471,3.4394588447584735,4.374926603486007,7.152025701850005,7.510293390266108,7.5976931177911355,8.721202656416713,10.44587345675701,9.038907802694395,6.856704771818557,8.42083512957724,7.765291102541588,7.994755216460728,9.126864404447565,9.334924317167218,8.508915767507586,8.902082636079248,14.253403485410265,9.903355483524468
16.8822692128131,16.492737936507197,15.934101509683183,15.419705092961053,14.767860494239383,9.396885909745796,9.969836551454964,12.995439333168555,11.802803086569046,10.325044024460395,10.339816565128846,10.301682854707769,7.3847417928790895,7.823883346346978,0.23807344446071077,7.230646821567972,6.178314860436077,7.50643370328834,7.325893756121728,8.53435508943034,7.882496044207052,8.0083275151718,8.728522949935295,8.290032563751659,9.175506874099112,10.302482350285986,7.94259373246785,9.086149192816302,10.067151017811323,9.882883371014955,8.93046209957357,8.882902043886308,12.115254001329685,13.21537583394817
17.018446205753836,16.366583297123967,15.522740764225867,14.909486108683085,13.828002527676478,11.412467586123574,5.711476896945819,9.783908100225224,11.72279226698877,5.842209399726369,7.481933780279473,8.025789916450938,3.7607309393224955,8.788930997842469,0.2975398023240642,3.218870382200867,8.292982973918505,7.6051937361449475,6.349356878972482,6.087785078244013,8.750811104975375,8.646537552053859,8.191683018816097,8.085180074070424,7.9905627150016025,7.283202067335542,8.667723752733982,9.297904780560986,9.514844463006687,10.025851905493496,8.814812802784084,9.34154163480079,10.988710115451525,13.975951649650877
17.298346231145036,15.966020994786286,15.160355606513452,14.635303437956425,13.718560209066384,10.021799160698789,9.742077311724909,8.165401857129492,6.524573393215631,8.888057415720777,6.571288830467125,5.237145671141219,7.343876046081641,7.833323686992979,3.9695184999030255,5.663450555498687,8.614864548974449,8.186637174674285,6.258354231922396,6.74829382468238,6.88284248723732,7.5973551091512626,7.559248458018628,7.736944715109293,8.112199644496808,8.195824657470435,8.716947210751863,9.948384747350861,9.404366277789219,10.446237300623357,10.069826580960841,9.34101477806872,14.608376539811166,14.647793774038274
16.57421417607326,15.449363383017937,14.654680035160212,13.628544842865534,13.202130830882579,9.615074724278372,10.46820669129202,9.536954295326623,11.788641687121697,4.79627494358026,4.84142845112413,7.056237976870556,5.515917463449208,5.094733286657863,8.975827024694784,9.733000361198865,9.158248520737391,8.949140245187113,6.528668450731711,6.1019250116219315,6.704709593836614,8.63034231007981,11.012623633542908,6.675695376741875,8.431652968605256,9.402053855305875,9.793704140122376,8.572053248572814,8.113931855065484,9.618626261340976,9.969872499327842,11.872844030342522,15.498444563519106,14.426719285210336
15.348187636140041,14.72746242722456,13.984434687820286,13.148610153613658,12.507865258926635,12.425847078138371,7.472451405601419,10.810452090391143,7.724222248808153,6.526170345917733,5.506457503936053,3.8108808953317275,6.327599209226097,10.82253654751989,8.100074766084107,13.9508105814741,12.555060547603114,8.715607359569537,7.157278408499567,5.413996052841571,7.272562905482549,10.62164810007902,9.378038268069153,6.569701564392809,6.831503500146229,8.388986028400685,7.9646258668675936,7.000076906257755,7.145484520482933,7.673584712028082,9.686016768368583,15.792784163677414,15.47717618616748,15.144349742314699
