script/wind10m.json
{"header": {"parameterCategory": 2, "parameterNumber": 3, "lo1": 6.000027932988019, "la1": 58.9999434238085, "dx": 0.5, "dy": 0.25, "nx": 22, "ny": 24, "refTime": "2024-08-13T19:00:00.000Z"}, "data":
[rows 0 to 23 of 24, columns 0 to 21 of 22]
3.013645740128675,11.421617367428263,2.313099480241868,0.4584252308090326,0.3481303738128417,-0.1603920351215172,-0.6328050572544058,-0.3059872241271769,-1.1399716441372594,-1.6175092658339871,-1.3156165384165834,0.1751311403900393,0.36020570270949376,-0.1932135782415576,0.6608915045940637,0.08047933572057414,0.8088769561573393,0.12071707811832458,-0.7501740964912285,0.09046822404344977,0.736263691579085,1.0858820974846017
3.7963768361591606,1.935382280492481,2.1426502943985266,-0.06428176211661499,-0.26643592659465565,-1.104383188187604,-0.881995860656064,0.23311933057342873,0.5132529582528642,-1.3328089357298256,-2.6169904751739166,-0.30352350702701275,-0.6629586605592575,0.8313370532733633,0.7942187631692473,1.9189602423223724,-0.011793350862183095,0.050430059647953156,-0.45183569548939034,-0.6718316554752695,-0.13230326932242195,1.6667022398927405
1.3080968200545438,1.0053712643534802,-0.4088820340806898,-0.20940521282451593,-0.7225803282663248,-0.6038669901793692,-3.4022983208523954,0.8713513991352084,2.4110081111331816,2.1427959693034864,-1.0451042362217886,-0.48581279073936806,-0.3293830457562751,-0.0312541902025224,0.14385145518875375,0.7889987279087936,0.15302151181441853,-2.0360665073629556,-1.2830437496384215,-0.24300417351130393,1.628397135090509,1.5582193388018433
2.7373110663462796,-1.9438773409928407,0.25186173481297536,-1.0037069381253028,-1.1447669407573835,-3.026785544019625,3.29063795026272,4.422430824780057,2.2153975389607425,0.6793256952045407,-1.1539413134902285,-1.1292711972570217,0.42607963041831753,-0.2754313435891231,-0.5525402849461702,-0.08130054968993772,-0.16549072775834267,0.07868448487290552,0.013718013330408277,0.8745107183868037,1.246684069682785,1.4300790894692839
2.8311219978709588,0.22621380101635244,-1.0134090973575565,-1.9029285389831954,-4.675143629017697,0.2435556594870543,0.916962505807169,3.692630638921079,2.3793063103533227,1.1078040702724428,0.6195866050118346,-1.241191677449703,-0.10769720746221845,0.5235772317882645,-0.07468855435449584,-0.2996468312139419,-1.0582131655169795,-0.32202956621076634,0.897233462363503,0.9262159965137078,1.3115449892811024,1.393597460830844
2.017709585242505,0.42303610783113577,-0.4192227755374844,-2.900725320040365,0.7246605137305983,-1.1788987557794857,1.8951919995104014,2.58115939754768,1.619410571734738,2.7021254342288734,1.6879505179396732,0.23111906545856298,0.5065299000850764,0.22554913082821657,0.8760463059869812,0.8354364872388829,0.5601419517524154,0.40265368018351805,0.7962474006002999,1.0676197563620695,1.2600439054691321,1.501473108739361
3.5304603495505416,2.0601169769682897,2.9141118435555486,2.4872340534196717,5.179240219059194,4.777939548785028,1.6194133071288335,2.5660358939611347,1.6606586751786738,1.3859939147099283,3.566776185452125,1.3311161965550447,0.320898870910338,0.49897282954922717,0.7894190278363026,1.5072063977225356,1.4021150414368988,0.9975514997919821,0.3169303111676538,1.313714996380824,1.4173525966082645,1.404538099938299
4.108197102342067,3.1319430473349263,2.073507824487085,1.623296526523939,1.9309418991843634,1.5714804593354184,-5.070612114927098,-8.540595041622536,2.450250876713797,4.793452224638931,2.6029201086884757,3.8763706910144986,0.6781286475372319,1.2634827949481864,1.4541292923765725,1.1083762004787985,1.2487642748678836,0.996860222001144,1.6951027812377617,1.7322057804148807,1.1022122319081398,2.5244606261358795
3.285083005603566,3.2730777077244326,0.6839255967014258,-0.4036009189345595,-1.800526535573282,-0.991945541400627,-6.2492170071701745,-0.4771564576314477,3.296195027634006,6.2916947426200975,8.573832210171469,6.278580612910536,6.957136552413322,2.329363778071828,2.078295167536438,1.1705233329457758,1.6558061654734577,1.5338657872664216,1.3936983329211872,1.4539764996171993,1.6521541003992906,2.6333037158737063
2.1934076661886657,1.9496462227362432,1.0928476583165043,-0.49722494335145156,-0.457762150635871,-1.3288172105095526,0.17180974387690795,1.6405063392882238,2.518725503519521,9.832351740069646,9.143481814071707,6.424868683233862,6.129669012787536,6.224696186777203,1.6660527645419927,1.31668455188622,1.857797600100204,2.0148870370117207,1.286608770776895,0.6723409999200344,0.81952395941712,1.645213581433264
2.8341450424543257,5.87913541556768,2.0412112882626676,3.096947453952206,4.3910677551711235,3.700436673581261,3.465255335670814,3.3854530841603885,4.7160919019427165,5.591251250406654,7.519187224635991,8.154809226912677,3.188363603462582,4.7080773142092145,1.270995031480614,1.399570684446456,1.4451157504054193,1.587788301383627,1.3177371880755242,0.7070665956895678,0.14998241042735552,1.1676448051641033
2.351205424530558,5.909410337779963,2.083094498497559,6.056382313251139,4.8566901027357385,3.0292472196067513,3.9301192673560648,4.529161896598645,4.232892942664679,4.342496621962318,7.378403097341111,6.657732039670015,5.366579868148745,2.7997142453602706,1.272237276804201,1.0070231705494725,0.8674279761904997,1.1909600796361233,1.0338404521379196,0.597525166012793,0.8849221289549101,2.183034029431546
1.4203738466829934,4.847459718501232,7.062470883909212,6.226163015023883,6.765900563048524,2.7653468015911877,2.5141898115081034,2.9837317065550817,3.766056792991026,3.7934429308450186,6.086551735295746,6.1660434733785,2.950108981664067,2.203677309762355,1.870342067890474,1.2212970184667036,0.8984261891438456,0.06240132603884594,0.7181425343312523,1.1127366493879536,1.9559279810711026,1.9231593197652506
1.4651676164718064,3.6233739500750692,4.969367335557355,6.372444711794423,5.443090417005026,2.78866053477234,3.3830285056123857,2.8489279447426537,2.7493259948683044,5.195372053777005,5.279754035490159,3.1049128561587085,3.2606974726821543,2.429330098780869,1.523649216857016,1.5918347591204343,0.44016169894980367,0.554549421499246,0.020042339699361533,1.460593322062478,2.1608337626217975,1.7702486982325807
0.8759308250575728,1.950662820561378,3.829504812918075,5.431312915265079,3.8472923607866636,3.3566830982165516,2.800190460713302,1.3299382234375268,3.591655276948271,5.768199023806919,5.517307223226438,3.1988488616734054,1.956301786177245,4.889813553317734,2.3128901885243844,1.2064254135242822,0.681838625983195,3.2497467262147484,1.8817157353229974,2.179572307765602,1.7493029102050504,2.1137355280560595
0.5484571797847178,0.16197209283824868,0.23928876873221433,3.6926763730366057,3.5199656594918816,3.800608892100881,1.4345405020528397,3.1938905885852034,2.2315909093146846,3.292299015721964,4.900184267254537,1.1805032726388174,2.752971909432857,4.3111722246202415,1.6223933181056847,1.0053178377021823,0.6992767503134288,1.944808059051534,3.4417389091852746,2.947274433908251,1.774592211328191,2.1947094817305715
0.7173896945203595,-0.672981509499234,-0.18611862632481818,1.903801840348578,2.7263213630792986,2.419775167080851,1.7805099521285626,3.990492967343488,3.569571292982309,1.7190664586747781,3.505983411091189,2.588599266672078,1.955180779593057,3.5360686812502697,3.90476387780479,2.9244238912147518,2.5681607613640027,2.177120881055123,1.1570695248388692,2.5535930319674174,1.8816260034493282,1.839151208117006
0.09211596307791471,-0.4838358811524911,-2.7270541400597113,2.9900402787483134,2.5598081362841123,1.2583041620744666,1.2845743239426513,1.857712219774097,4.355556259680073,3.3583532511135523,1.9528567755338426,1.5671578481807722,2.954661261587434,3.8575162486692487,3.8124960699467656,3.179668646707226,2.5278132411644396,2.0100452013798247,1.84381734258254,1.7622918952927058,0.9603137273889418,0.9813521440983379
0.12661779629990694,-0.8121555478351481,5.301484947950523,9.050454904429813,4.3478545059973115,2.959084915160229,1.4558367450307106,-0.028350381445267612,1.8689155561104136,3.0239481728014583,1.7248237989639446,3.440603288101688,2.9957639761510557,3.4756758259715177,2.256103975670305,2.330236267062858,2.397163717364676,1.537325174206197,0.870763156718298,0.21827613704082566,-0.5218905503165904,-0.10626530686685497
2.249137815428735,-2.362272002428443,8.194477435319206,11.064658629059402,4.305399575137581,4.115202142858092,2.599164126683563,0.9628764192961496,1.9489481319201034,1.8892529295992369,0.6094044852511725,0.9405140351649675,1.3625116406636588,0.4194403165329741,0.5527755512820107,2.647105819291073,1.534128031754147,1.1626290028504846,0.6644327999116604,-1.1762258096875677,-0.35966526475954863,0.10462527604296681
2.1157071088213493,2.599714534234837,1.9665425949070028,5.843106338708744,8.654496684683858,3.8501654406857937,2.187785921295781,1.6812208093348044,1.1140424884984643,0.49083936884969126,1.4031150914062007,1.2327384624426734,0.12888643209687503,-0.2127118648874705,-0.4012314532663475,-0.4154717931039172,-0.2561984682697424,1.591336298294821,0.4593333665601327,1.1380684385177602,0.2211998015285297,0.9303378047475973
1.8600186829146728,10.466334989418725,11.520098411765881,6.605053366041828,1.2604203411276096,1.875280799766525,1.1087031435691772,0.6468313393072697,0.39095365968394075,0.9583736065410547,0.48093765784795567,-0.239170300949897,0.21297189567192087,-0.09092735303593327,-0.501244219437988,-0.11296737578998238,1.908408999282374,0.3848769744620326,0.36945852042655225,0.30076816236285403,1.7805566886531048,1.045581007198663
1.183577528529501,11.398649512994004,10.606336038624852,4.2360355329187,0.8464870390347192,1.1595147280889764,1.6265613023769814,0.3823499661812669,1.630106527739919,0.12095972747132776,-0.4053470367160751,-0.5151483518127732,-0.3257091178759673,1.001360580403984,0.178465171258986,0.5200451791885324,0.45426307063527754,0.7335486854393076,-0.24321861480117374,0.8908477169112422,0.37101804459811616,0.6860787877475987
1.6800257552198605,2.230297485990459,1.5036270375552119,-1.6332866260546939,-2.4340761964903073,-1.7284525218426356,2.6025075089649294,1.4851457558950738,1.257731921197831,0.2972539664587775,-0.25246138058123196,-0.0697024063456502,0.07193136242941962,0.3163478320910211,0.4320522672770018,-0.13643975053801488,-0.32288933472560066,0.43855537405561884,-0.20747018383254978,-0.1867753931126904,0.11119096445301332,0.17947024106143242
