script/wind10m.json
{"header": {"parameterCategory": 2, "parameterNumber": 3, "lo1": 6.000027932988019, "la1": 58.9999434238085, "dx": 0.5, "dy": 0.25, "nx": 22, "ny": 24, "refTime": "2024-10-09T08:00:00.000Z"}, "data":
[rows 0 to 23 of 24, columns 0 to 21 of 22]
3.7891921230979233,11.963010359992236,5.856306381265751,0.8943087966221961,1.66840142503362,0.8772605117860091,0.1930840639586041,0.24158692957153768,-0.6465420556332986,7.391429629744463,4.801274937866536,1.5764482813152165,0.7199417801036816,1.278451070612709,5.372975060493908,5.519626421493521,1.7487809587088803,0.8469865452903816,1.2276467570932468,1.184943683986237,0.33489294355490146,0.660456105151509
5.885675224463628,3.9598168291474938,2.56628129923955,1.2205439959748474,1.2435660569504414,0.16251949123989723,0.3392058885612126,3.7019596232967666,2.982735096125259,6.1233025244568555,6.496027239967928,1.5502079637471458,1.523424166439395,1.3138183857576988,4.626436314135377,3.3492030994042525,1.34019406915883,1.6911458840284084,1.1764675181477338,0.3518882190971918,-0.4825648884080848,0.2061330172467504
3.3084665975550367,2.035930446417764,1.2320223469235438,1.0955689228590533,0.9122943820357461,1.0484146550269218,0.2373466940963791,2.0365446109913967,3.346443207022464,5.492868944493277,6.381799860934638,1.5345083146957965,1.4943224964196693,3.2638392641510974,2.2174653337464347,1.4437044798734835,1.1810006203088368,1.800139261607829,1.8887217825604654,0.5497020711804336,-0.14004610197238385,-0.25878784655738657
6.581980675799094,0.4769675357388504,1.5351150625733239,0.4567022342157226,-0.16861306184912372,-0.6084350160332124,-0.690081986830092,-0.6587413725481825,6.457873292574987,6.176583604294196,7.139928506534604,2.0779752743124686,1.412298980984719,1.3656234139131929,1.935778159186359,0.9759038408546334,0.7986337565393075,3.737595432146035,0.7117731991287101,0.48401028751188885,-0.3612722747637295,0.17986434512340427
4.641523371328769,4.3183952914920765,1.499096546369521,-0.3462159114612643,-1.9740816856865524,-1.649903897058428,-0.9586097570734733,4.830828241778848,5.851182287221539,5.858136091143113,6.543532834308401,4.514993502393014,1.604134418056736,1.7053861228333693,1.7103106176679275,1.738837364212707,0.9817620626969392,0.49699968007025896,0.5424468939621553,0.006698921304888308,-1.2345476455006459,0.26212119157409275
2.3544848331069472,4.067708350579343,1.3804608959624631,-0.07776219216330439,0.9732966374941324,3.645831626675449,4.805048667010162,5.216635443423442,4.722203019314539,4.5491005492733745,6.138497687058417,5.347834632671182,2.2895062338054717,1.5112002336061203,1.6631295733601432,1.6651224518379222,1.0340035157691145,1.1624164283930083,1.1619225232186876,-0.6518377861478923,-1.2006434168141802,0.06465507544933613
2.154643360729293,2.2444681012134615,1.2176893288165864,8.011870079106346,7.528846453793483,5.400395499004385,5.209753215871806,4.955962457434755,2.7867089039921344,3.3835168341910875,4.720283303586514,4.728777153803154,1.4145851930889564,1.3853737554425247,1.123634241276313,1.140680490705123,1.291097647239984,1.0973149852405726,1.359612210221197,-0.38070992674615395,-1.2117556599710313,-0.336690942575593
-0.23170493634373815,2.5118382188853094,3.120128079150021,7.765607956903711,7.449246859774301,5.807814026617586,5.476389764677047,3.093262918102075,2.252793492384926,2.761888240305043,2.353352744197365,4.299808063808888,4.253907592220307,1.5671613732615646,1.2564063302361916,0.34057319024427735,1.4773601997408348,1.3985879958358405,1.1762144546030342,-0.3365267256793131,-0.9619441107001462,-1.7808566837886626
3.549423569088468,7.622673287106344,6.764023011381518,7.576451646816153,5.340559415882904,1.798221172446735,3.906091473763793,2.57216601602427,1.8348932128860969,4.098138805973388,5.4976962055928285,4.826386016192163,4.19120296732525,1.655212803965503,1.1685026299862231,1.307733922225993,1.8574061619896407,1.0454147831597984,0.676963087685757,-0.14395197855656428,-1.5425341551707694,-0.9134751996723037
1.6254235278076046,6.009516207257457,5.894531820383852,8.008429274980797,4.720595598362673,3.271595605358575,2.343397952888647,1.389080011268948,0.88991015523165,3.117924035171722,5.350134003539494,3.897450438771377,3.97088975956855,4.15252569911423,1.2912714151381754,1.764461274233395,1.4465020175554146,1.026173927666119,0.4509747047664673,-0.5797456702129835,-1.2677717416325573,-1.6959760334910918
7.69785234234864,7.242022089580889,6.512563412996484,7.213108814345792,4.4884596857437815,2.2509877023508453,1.5190290300232636,1.5737735267185042,2.401027385262539,2.546343495313699,3.7362538792000914,4.227194999289239,4.645361526519773,5.156364550223187,1.8748269873776553,0.9985983352343867,1.3708464066848396,0.8277036763471007,0.5969856926667525,-0.29161304800207194,-1.4057589118026728,-3.8242221105412404
3.9362540767241563,7.338443841409669,7.314830662861789,6.87377855673697,5.93511246131955,2.2499369805163467,2.911029562528725,2.7739413578191625,1.8717115717314274,4.100211453643315,5.356963788729673,4.535588494239654,4.85850524884454,3.017949008031978,2.055899890389425,1.64750324202859,0.8491362105309502,0.704795171031599,0.4938580186621247,-0.33832802668824125,-1.322762301117907,-4.5213110281288005
4.304235976461425,1.4941123379485028,8.111356470601953,7.150520982431098,6.3213396844179,2.3545448075393187,2.155346648023274,2.4399938180954526,3.2715065014634863,5.06919386736671,6.508355275676224,4.273274277953183,2.4075678798481417,1.9201660336966186,2.9094281898207828,1.8286857293570211,1.2133682304201951,2.531322021943227,-0.017460154844191052,-2.2606027575566725,-3.7065119537680324,-6.102025396844172
7.143183484351404,9.729808392203664,8.504755904182128,8.43678403644785,6.758182257217351,3.2154629055872324,2.5677336484018793,2.318757774879361,4.033361710024905,6.3016939100177645,5.1965660515284515,3.1129427282489956,2.867930166350893,2.746750084983252,3.405331559750294,2.6092752173496874,1.1245910477448953,1.09595366326396,-0.0696171097465729,-3.1447582506927896,-5.29555133439679,-6.068487555505707
8.393134672043278,9.580319870584121,8.921165406746583,7.650518254503325,7.679920761733442,3.8911904725877333,3.522468178928739,3.1587504214261926,3.1981568309086814,3.5707015006788074,7.0723944568131305,3.1375735125337507,2.9060673985571945,6.633696100588702,3.9729909503947,2.428039584801567,1.460284631069321,1.7939682527577459,0.45802941225362215,-3.6825735579027485,-5.596592317409083,-6.722952993184065
8.733367715602643,9.013750152404313,8.149543006705793,7.3316968957553135,7.766649525382225,5.748550382391062,3.792543704611052,3.9668898490062516,4.117014691085725,5.025624299461201,7.8621718604639375,3.6864108654846452,4.043310409490487,7.88768251520199,8.364865342626976,5.822862204449106,3.824694744913939,0.8022265299031806,-0.8549063852650646,-4.863606536266875,-5.447284775507854,-6.922638284549101
9.287943649541607,8.593702071324953,8.605785214720786,8.077028598640204,8.711840936038767,7.639914253504253,3.7796773853877235,4.06552656317248,5.777592354490368,4.874681614934768,6.66921695112694,4.9488515493263865,3.595873799137892,5.062844587473171,8.37985694773632,6.652757806406837,3.8712937169598547,-0.07919979912627438,-0.7806490202246441,-4.637897520840479,-4.9069929365443725,-7.056300080515219
9.139115210472356,9.658519761417008,9.856970355314049,8.500095562109815,8.620367937696212,6.086304042439372,2.9980919680243154,4.223355981704725,6.803785770365855,7.12052564276516,7.070104003037358,4.942386692553501,4.909721051978541,7.183199796807742,8.199378151979845,6.527509383384867,4.490329491193802,-0.12277024471311235,-2.525070513250976,-3.7256277036352237,-4.148021745491897,-7.127451550697948
10.028983911175859,9.945311624742429,10.212518057421908,10.363943690313569,9.851111342576075,7.75438132007696,3.977980492892683,3.994497878953671,5.3543203911271275,5.655782392762568,4.752988875873938,7.6593627575776955,7.6504346829731755,5.965314804246289,5.513987739932109,3.755174996515777,5.222879012888344,0.9596898326340039,-2.499960629489699,-2.875278414642732,-4.656671542377761,-3.265275697918803
10.745847045638232,10.501824036473982,10.747113350845353,10.846248374708829,10.59650101662604,9.123850532517075,4.374116814058048,3.812782795758983,3.614995847924603,3.471016205662617,4.192087149160207,7.731280299942156,6.655741860207951,3.806173482036019,3.081290149282182,5.5153775394881395,5.5956717376394405,3.6780710587646817,0.2717823580154788,-0.3543615238057715,-0.912614031248871,-0.8358418923340492
10.561262711866789,10.400353114461458,10.819995187988178,9.83298081061543,10.183583592015323,9.496316095984259,4.8402237354824065,4.485823218575955,2.692450853757305,3.3800078790371373,4.905023783745249,4.335297732662756,3.6514711829449245,4.081017366010568,2.8104275546336632,3.465226155079751,3.892731749896044,3.0305801165090913,1.136847516523439,0.850338659097178,0.7291483676598414,0.20475618274540255
10.159869734571048,9.613294333121768,9.422170437181817,6.126249054238811,7.171425490864451,7.297992484974769,4.7958659969313775,4.283328398442952,2.781851339569259,3.9706789486339384,3.996014148357709,3.714296728570942,3.847072149185156,3.152347424455095,4.303055242747501,2.858631166251469,2.7131800825287216,3.470791404471493,1.4350092688208111,0.44022170499598146,0.13041332049127993,0.3983086094822293
8.147039612827006,8.385582401267476,7.557194422875725,3.9309088294526626,4.753389708472374,4.986319050424897,3.627246013575391,3.079427335303276,3.2469730132093217,3.1985852841220543,3.443576922842576,2.872348172688566,3.5372594955261976,2.4964171793573087,3.9688980053543386,4.593041318510673,2.5084005335067356,1.5418751430156639,1.3711110113319875,0.8335352484499838,0.40720630281108,0.3842076345916143
4.7929245264058125,5.385103587518935,5.471222601039569,4.380052540410624,3.649726452211787,4.700571721542952,3.94563829154744,3.6339819266524604,3.1995906611227283,2.8807160468072506,1.4858380260967634,2.3054163181439153,3.137003427535839,2.3424552281360667,2.655973037484309,3.467328246828212,3.5825151693104025,1.5579686007051137,1.9895077690414904,0.8544722457244627,0.7117948181662218,1.2393057074586507
