script/wind250m.json
{"header": {"parameterCategory": 2, "parameterNumber": 2, "lo1": 6.000198445256149, "la1": 58.999992894266676, "dx": 0.5, "dy": 0.25, "nx": 22, "ny": 24, "refTime": "2024-05-04T05:00:00.000Z"}, "data":
[rows 0 to 23 of 24, columns 0 to 21 of 22]
8.243645196286337,3.1808139808908678,1.8024020026237686,-4.377584906422902,3.6834784094881083,2.8500082418237502,8.088550364815317,-6.8030632296559475,1.6885023632785143,2.4652691720779285,-2.2407903328917937,4.516457992583484,2.9283948515345926,2.1863598199442222,-5.532422470070844,2.058878195499267,3.677420082236354,2.3941418587041516,2.5493077151570827,7.858311551662777,3.55067480796168,-0.7092503423310422
-6.50047705144274,1.6530436123922283,3.8075813742779228,-0.7808025310703289,3.4749668023651465,5.374704301774976,-0.02029261248127631,3.7734908630981097,3.3231027357401572,-8.669863087407684,5.069138705990138,3.633214912431167,5.203946066830863,2.086144489056243,-2.010878902588067,4.914917212217148,-2.326473818379961,6.056480547821101,4.1590556838971695,5.412935932874222,2.559130879058305,-4.775737531312555
5.758442040890793,1.305270736209509,-6.329633143609281,-0.157212157103286,8.423014017436197,-0.43107537316106453,-1.270444693944788,-12.711902132676844,6.2056284311682095,1.3672577476171595,4.111031418702479,1.3396505692137548,-7.444929331075871,0.6297295692730583,5.967576709762127,-4.38617524135694,3.4288663382373694,5.4777238079166795,0.7931336498333411,3.398302795822122,-1.1880193836315733,5.98873886808968
3.339321588690373,0.8166023448201593,-0.28850233088013555,0.6219006034280259,5.1348704418378075,-0.7583394260972132,-8.136900062322546,0.5525355440055807,3.030965286542939,2.2491614814193177,2.496400503195749,-2.5785624878598488,-0.7685122756522345,-7.952339761036507,4.4136552321379146,6.555838546125491,-3.286132627312274,0.8270775180455712,3.4712374731161306,5.427125236394727,-7.911312955327656,-7.372040253917471
1.757770455380273,2.8614292180384364,-2.552933921924518,6.8092822680507314,-5.010536547039173,-4.56222994094845,4.891701426756926,-7.973458509298068,-0.5929438946424782,5.188807919498301,3.579301577735656,-0.9795388765086176,3.3502172494138627,-1.2222585351867208,-6.177508978704198,1.7861022679891836,5.833188263846119,2.190589637333153,5.613385078492363,3.875939774558805,2.5123548951360104,-5.31635520786323
3.205001832444067,3.327730267631548,-1.7098137282809454,4.62514650211135,4.883749864249016,4.460299669457935,0.19991787454820958,4.700447863425229,-4.696271878492917,4.05807937170472,5.895039827030408,-0.9871988395223952,3.6638623293338535,-3.5320007335333363,-3.873239323561926,-0.526094101367787,-1.1494142236078815,6.605814657780989,0.48147294231436755,-3.4714043267364314,4.208487789104777,-5.000774312946826
-4.118170701822312,5.878660343140964,1.348492763646945,-1.490599491059177,3.910051360471988,-2.8362597880206617,3.7092057794036504,0.47466675988741613,-2.4165359479230535,0.9401104583919481,-6.346567154083972,-0.680481400247677,4.218354930447943,2.998455223310352,3.232735279067241,1.5506982919192858,-6.950851257724374,1.4172808000184633,5.130525139077847,6.722745921656884,1.8471185400036323,3.223801211807051
4.53838235812798,-0.6769712137543316,-3.2479101792394136,7.28019409765166,-2.7311623282569557,3.4078735038685446,-4.704080335159809,5.134211903832349,3.0419118246441794,-0.8219575762719473,5.029215394978308,2.150807461297719,3.6009754027611254,-4.720496525346677,5.471912049747854,-0.45455799644991507,5.906730875728565,7.12294227781337,-2.1076369885172865,5.053846846595961,5.071829650127928,4.05672527451083
2.824408249372771,3.6670685553276416,8.243475760905598,5.818641300262011,-7.9530236481846375,1.8139728482935156,2.6387660313113757,1.793302338941726,1.9844876369234647,5.411710941530406,4.068210865254693,4.657044017611385,0.13334225851497514,6.675056331670442,-2.304616298097463,2.9712709037181986,5.50473558324189,1.2680679823195544,2.7618932494045714,5.804893849829877,5.823277687524398,2.2995078624856906
-0.4051134067271706,8.147930789023809,-5.708971736406797,2.5077080080308347,4.959424389055548,3.082332143310743,7.794881436141883,-8.005444223392272,-2.269653080751494,-1.7442146786771384,-5.40989750192722,5.327742415646733,3.781838472187436,2.412882672867844,5.118832472099414,0.5499491814300264,3.9721943504781585,2.020959936831828,-2.6143343697776626,-7.2944534611313205,-2.249314722643209,3.225209239201313
-10.98038774008121,-2.214423161794109,7.007804207580835,1.5236303045525856,0.7014221079480503,6.388261507681012,-3.6768721446398316,-2.0800394513248097,3.272997600180263,-6.428638736320324,6.016682773042008,4.228807078813281,-8.09073788570307,1.9662848317621184,4.7978829263438385,-7.643196813586729,9.380142704075109,-4.90674330345712,-3.9569193037115666,2.969828349374974,7.983812317981191,5.53379239307343
0.6301948134421822,-3.869889267502528,0.4374184412253095,4.900302896845266,-0.7343163075629137,4.247235401364168,2.5406803737969654,0.4499127082941312,2.0241653051693187,4.101830648647006,1.5358310431559377,-1.3226786209028367,-6.600078178688094,5.260122277342819,3.3152544562418984,-2.6010724512001206,4.882477947373225,-11.51255530084714,-1.6143851612197386,2.595389364614846,2.7418303405601234,4.783353360646856
-6.729410313979851,-1.0630023057908278,-3.604493148746596,-0.2833183873060331,-7.292706534580492,-3.8885217984699167,0.9196728222884776,3.595060294418896,3.3786673727991006,2.8353131009565593,-9.26963832538924,3.128276976064194,6.399642717178408,5.3284762424731,6.177685902276938,7.059821371143361,7.79911733846977,4.139653204980179,3.355796208801888,2.8011419077619983,-0.06607490177313606,1.7606262941220798
5.699746020885497,3.8156772552232474,4.615550486667418,-1.8913433561574873,-1.1864272418589537,4.828575969064688,4.2451142728019295,3.2893559606667324,-1.7657062528308567,1.8984602948053675,-4.565721621149978,-6.574592407385495,0.6511060464546027,1.5141140700829478,8.76602270539783,-2.00478169397319,6.24378592546681,-4.491489299336981,4.671572471980763,2.889561050305076,3.791315048966002,-1.1292040645871375
-3.007533607339015,-1.2217517849559452,2.13754194489211,-6.64119647239578,-3.531799625586359,4.2361559407135205,-0.8538203146423936,7.972312115240812,5.323843422833049,-0.6814317276260834,5.904162139090409,1.4770028940760045,3.3649247923886043,5.217145331939407,-7.373544272911717,-0.6582145598287205,3.027442946525355,-1.8734144175790715,-1.544439469647908,2.5003167006782827,4.669042721767332,-2.3660626271109715
4.775893836010435,4.466517002024938,0.6696209348372995,2.0920877126173005,3.475973402146291,-4.997942714581042,-9.86435959994682,7.522036995144931,-7.880115794472726,5.336530451061167,5.004518502261906,4.085722514680996,-5.485578923886108,3.540025218365194,4.551120218712852,-6.120168597453694,-4.280185895137504,6.651078934668018,-4.39841356670296,-1.892587020512593,3.197352388795295,-0.0016497004120691993
2.7565439690923537,4.092555950856425,4.688806634205311,2.184183378146024,-2.7650993750699526,2.6394637350601093,5.644231213445859,0.9336857648027934,5.891309749651266,-3.4212081976563007,-6.224135596601301,5.516698740799427,1.5162351229948907,-2.799992531922593,-2.1388171962126754,-13.960735516021051,-3.890065645735473,-7.437311792877851,4.728634000925418,3.958402857768783,-13.705945624690845,4.730872973130641
6.702337272069635,-0.2051477165983489,2.100088240426188,3.543230386517723,-3.537279491205619,-2.5776694056442024,5.479498767270992,7.465559049731064,-0.8023748178729445,1.5649560777710765,4.788799306919347,-6.361018240082722,3.092904341493644,-8.926712257905306,8.096536413718614,3.7206070261239095,5.120632271650353,5.595936856714643,-6.695986277686512,6.43033186305213,2.0207251074016295,2.2108133519024062
-1.0579541348778996,6.4768745098338965,-6.203975723834814,2.9860335911583733,5.88617794208646,3.546518738573083,3.203494586857631,-3.9059796604277324,6.133502339896721,3.560741279577335,2.8881581555817535,-2.8181644412440114,-7.140614644846033,6.424091335450017,5.934012750729808,-0.37067166433645077,6.066565324879972,8.050396136892418,-2.648012663943266,-8.04419764356247,2.388271811625249,6.99882640195124
3.2423497416599782,4.49828304166093,5.626782241626528,5.178283043436556,6.127602977657877,4.329548447561863,7.90464698200498,1.5366658506821742,-5.831267575626209,-2.259079248074035,2.304052962941378,2.737048384269698,-1.531657171672999,6.14323924710481,-13.41818281939643,2.446502201516109,4.737212343797569,4.206371621907776,-2.3674049920606253,5.742172768708576,5.079053990159184,2.9148214064198026
7.033479002913061,2.23654690318697,1.1120413334336223,-3.6230446874685898,-0.95727126957708,3.6245891664216674,1.8885263643423444,4.125698644792842,4.342364903180168,4.254359106484883,-2.975250340933216,-3.66865175366826,3.3423751009390212,-5.273912234300044,7.744838217089452,0.4193752086263011,7.0486480997047165,-1.0940500958594523,2.8091357922582483,-3.226181462128423,-1.1015588621525605,4.861044339635432
3.582307513044724,-0.2287576326036565,3.472431130392912,-1.015126570224012,-13.754252907007634,2.2520519163287775,4.898113961105516,-0.13480346156889175,-5.54824089647282,5.020609838846827,4.202352622656817,5.794235344975491,-6.463046454830942,3.579693571731728,4.648914567896627,4.6696473014658775,3.547007964992981,6.181994050347067,2.735183083008858,6.616279632325447,1.7964741453071753,-2.8183429265219058
4.744451032797237,-1.5333501436924923,0.7856451174125757,-4.941128982552876,5.616202305963679,6.5721387596231615,-5.941419326826743,-12.69998749676,0.8885877737214403,6.829621187467871,-1.0669053862705469,5.41845804832315,5.610471982850508,-2.0478235672064082,3.070196691539519,3.3277734809666226,7.561417662934437,0.741460999844204,3.6276760058968334,1.8606036079164505,-5.680788346664359,0.3392680897754553
5.5016571588623435,5.029561366108283,-4.898174187737582,-1.0287483190736093,2.7648782068152102,5.433440433854033,1.1783657057967916,3.5436862467884724,5.3048907428186025,-0.5047915976244005,-1.4628600687483524,-4.7225233258170825,-3.5401429578866286,-4.896944350809664,-3.268869361476637,1.4063182522617752,-2.690643076052352,-2.5473178322557857,5.560500082879195,-3.381743870405931,2.2396333044025245,0.6757927790805752
