script/wind350m.json
{"header": {"parameterCategory": 2, "parameterNumber": 2, "lo1": 3.000054539987559, "la1": 64.9999836372058, "dx": 0.5, "dy": 0.25, "nx": 34, "ny": 52, "refTime": "2026-07-01T07:00:00.000Z"}, "data":
[rows 0 to 23 of 52, columns 0 to 33 of 34]
5.619709465408573,5.451402513679199,6.054358767790228,5.968673622143384,6.130705937166426,6.1289311690025015,4.958120005335798,5.411512517819887,6.785001450437581,5.8820811162323094,5.640968422180537,5.717944349457074,5.661126456653248,6.501270508874094,6.019977028172535,5.883525323028603,4.6884487926709175,4.762738486655121,3.866061541438702,5.121943739909884,5.055728595678882,4.380940287253898,6.17805383801157,6.8646871314295685,5.593689386588883,5.216912878996388,4.26845328086138,3.7296525509113025,3.6072274932083013,4.796434983554343,4.533850086067789,4.457680517219661,4.45597917849389,4.318084873410347
5.0372497382521475,4.937658230116717,5.01039266448789,5.271581638078999,4.088702982025301,4.27640754361507,5.508056069260469,4.1629893404755,5.043023543350045,4.763675882086052,4.288313002615884,5.017935072948598,5.127272689494099,5.1507914649482744,4.894277515432516,4.665062060204408,4.313553477358139,3.7856865067893417,3.0996646538568595,6.126132883168235,4.083542627786108,5.285386296265859,4.513047902134351,6.345736330150362,4.538930125935459,3.430199934180716,4.644880098275384,2.8431710671982775,3.6813699280737744,3.818296124386228,3.2246215108767267,3.8430320478234767,4.322670016689597,4.677742005748972
4.429278992746033,4.064125822987911,4.659722295936577,4.701420323418214,3.536532049525189,3.920876806484317,3.450768309147021,3.009146231561802,3.800931326381982,3.2767368454327275,3.678506664853392,4.241211312766816,4.604393906302074,4.319434450718209,4.718533305694527,3.921307437144012,4.243109857005796,1.5618894079300252,2.541867638125626,1.8674178434671127,4.178072186291786,4.093460036138088,4.778939786656495,4.786189475846768,4.406077838579106,3.4961377907593616,3.4603931069668383,2.9393052530410686,3.4872669176793782,3.5300161160264105,3.542771187947233,3.539524424322107,3.6481857510527953,4.056297867726619
3.5076281562301608,3.6781854276145816,4.841275148262065,4.659346406747804,3.735667347594116,3.781423403959193,1.615070127251546,2.785473780181139,3.0806015653594305,3.742404552626429,3.4247406527724307,3.5814063159319094,3.901223586894543,3.903790058635606,3.3343298376140815,3.4609440251458965,2.402549336605759,1.9130013523265779,2.549858313738872,2.3356604274033645,2.6926057624382107,4.263055038318703,4.3521405374736855,3.7209981595983272,0.8432891945093648,3.152243232400437,2.684375844517749,3.0824841111980024,2.539415411405692,2.3690709965490253,3.0284856480352045,3.6586717634683543,3.459074353352736,3.234636157648658
3.869210466334693,3.8668918562916,3.8285717232451484,4.268729079571977,3.4216954593137343,4.155714036001389,3.656057264039688,2.621219117346426,2.6313674812791925,2.4470667789565907,2.4144453366336323,3.0845737366937764,2.76014742540662,2.6126380550132033,1.2797047126856749,1.8524707992930183,2.0943046222603585,1.325748831157377,1.4991131755849643,2.191448497346622,1.791614301982632,4.3970415907321865,0.4924640237239488,4.5585721898849005,0.933727117942622,0.4260052190484554,0.30022540051158714,1.314299910175221,2.0586390276136095,2.364540959038143,2.4866283520661754,3.706650833391706,3.607967534049101,3.34473842151705
3.227021245978464,3.5701734402241088,2.2879936132504977,2.2332683973771115,3.8265432393570338,3.2032914614107653,3.9065655639934307,1.453702295270676,0.17962518824611126,1.2656447938353317,1.5739671660766434,2.1936829809006615,1.8929087625223107,0.8042309942959712,0.9584006419869417,1.15697824573428,1.400729724678524,0.12590807428635686,0.6311615358112471,0.7120564873920007,0.8213580183230215,1.6494512298592703,2.213519229557571,0.36182040708708013,0.32652802040117584,-0.6749642097106527,-0.18381514792682793,-0.10373831357539044,0.6217783591121318,1.0673656998273873,1.4795561120876584,2.4419946184250416,3.452949023782484,3.585241307082284
2.231083964196267,1.5167630955605482,1.4956179039886788,2.964481087263098,3.4903831133803065,3.4839987063603246,1.6619076012257088,-0.02338900581378409,-0.5749695503984238,0.44892046362805255,1.1640208361375368,1.0948837505815563,0.6614618282955695,0.30462278414081506,0.014384631188629572,-0.2733000917540615,-0.5167969434390823,-0.7502877835995663,0.6392390662418708,0.6835983820589602,1.6036773257701082,2.8291999119171,1.1124350322234857,-0.8571438178438698,-1.581229792846228,-2.2245322554483726,-1.4029522375796488,-0.8813449958142345,-0.6306585975642727,-0.5643822873485106,0.5661782534531039,1.4713535906970654,2.8293037101373533,2.945601987483971
1.654770744811504,2.0138754799030796,1.789733469376875,2.2070247870305852,2.214580901360091,1.2362902656699997,0.026039935870025836,-0.7524651373403625,-1.2051177160081012,-0.5830681878868732,0.7201952058817412,-0.052938478838455295,-0.7491137980597192,-0.46868110617313175,-0.9960555610518089,-1.0539198656176518,-1.118378330295382,-1.2135609973653159,-0.1996795303785275,-0.7244563813872704,0.48477957192704646,0.6712500609895495,0.8740141889058552,-1.2344354292945194,-2.7181977502900754,-2.565397080422287,-2.5026261463858432,-2.1926360691905025,-1.9266307893282215,-1.3738973766564437,-0.7067132506152323,0.3145226802874162,1.9653999123397903,1.1315422518917664
1.2283505919364743,0.4997960610715744,1.5868059524370497,0.466724407581497,0.3512472878547836,-0.07691884508615425,-0.8759868264263302,-1.1591498486570335,-0.8094349595808372,-0.41223545431235326,-0.6329199287934971,-1.4779806987738675,-1.1569641227235015,-0.8380194436470146,-0.9921043006315201,-2.2609760605909046,-1.5875835542162477,-1.566578796495184,-1.8104448846536942,-0.5909752925852041,0.07825617966486322,-1.1951555850265643,-1.2658861822578924,-2.927867195311194,-3.306135450595895,-4.253573999443801,-3.969941615597712,-3.6103279805365753,-3.150709268437637,-1.7204200144378097,-2.889604109888407,-1.5603465424722742,-1.0007174584278238,-2.5573480966055175
0.5992534583143942,0.3466372309725457,1.5193855617094245,-0.4421925743371539,-0.8109926862824315,-1.3072274220191014,-0.8440534772767495,-0.24219949989634745,-0.5827118812091755,-0.8207908986318717,-0.387736762811487,0.36642881067269617,-0.2043046123688884,-0.7059138948020168,-1.77681105671862,-1.4925547828375627,-1.3322815422572536,-2.0891604193667486,-1.435032388730669,-3.534680950333166,-4.602101061485566,-4.041097858856959,-4.855538702662812,-5.2975947188875905,-4.33455675618877,-6.871148031104855,-5.00876042040493,-4.583387318159296,-5.356948659284045,-5.19693284328277,-3.072800889486574,-6.717557841272058,-5.369579038767044,-5.620339548215752
0.27534421638353473,1.0654858355364372,-0.12231957303321228,-1.5351810902493987,-1.938517341758849,-1.618382877933842,-1.4385426420363732,0.08201874509103514,0.8672849371589055,0.003072369249322751,1.3042090425504373,-0.16700427299648377,-0.44765667488623195,-0.48216853702174306,-1.7311075121983348,-2.362442035460426,-3.2072330399590387,-3.787229205836465,-1.8908059032795033,-2.1357136062416924,-3.413953629782126,-4.951016182050451,-6.900292620381564,-3.8212762798368836,-5.499945346846132,-4.882379978554598,-4.706445892353531,-6.014581891118612,-8.848115538847892,-8.671681624672003,-6.303397960920394,-7.30293065409508,-7.303132954501574,-5.815037879006791
0.8304821979062668,0.8096192775994944,-0.7807626544290559,0.08721016800500064,0.518679546573942,-0.543111178849882,-0.1863385223899664,-0.3940756132974142,-0.42841555501983863,1.3360012797128251,0.17080635233066394,0.47681519003074474,0.3621469188984361,-0.9379054804277094,-0.8960439266409468,-1.7952884935750102,-1.7731805410251307,-0.7835160301708798,0.29991434235721226,-3.5419993833718895,-4.102300248617631,-3.4621752208306615,-3.143465807833395,-1.933613535742586,-3.2731620751536905,-4.647909740612012,-3.4658731103999187,-5.8978052133481755,-8.085621748531363,-4.596984945513038,-7.759865470206101,-6.972811569918035,-6.492991438608568,-4.018504518415311
-0.4226089244455838,0.9198564260513328,0.4657590211344206,1.9543925819043708,1.4906574577957423,-0.17032335985625913,0.44924376915625835,-0.05058218349853839,0.2411011072410762,1.2789923857699583,0.9900769585069831,0.3396930378366488,0.06091526727057973,-2.101528389134254,-1.4054880528700573,-0.5078916030880496,0.22780322896829164,-0.8817073040097826,-1.5996064052928523,-3.948516042791299,-3.936916956306388,-2.1500596130542924,-4.081981022578153,-3.2519575088373145,-1.9165493847966286,-4.8206217236315,-5.653443256756646,-6.663242210565112,-6.7444006762587945,-5.8571220211268695,-4.164360990429095,-1.9540072150103378,-0.06293781316461429,1.6654990074627494
-1.2012382397380932,0.7835935399230032,-0.5658005002492351,0.8706330571829413,0.7068772264859854,2.8661458409233806,3.329430487951412,0.05040227017837164,-0.26448983079412985,2.2812777823179924,1.057907070892819,1.2346132507619167,1.1432621157694334,0.6922516448043913,-2.092340875427062,-0.6234207360814789,-1.0252006794179758,-1.4749643594175255,-2.0466782676981152,-2.07185476004469,-2.811750187064686,-3.967379661728403,-2.181826603289989,-3.1810962620178085,-3.570591995708045,-4.864746333406359,-3.372537537247318,-5.187119649130377,-3.8403911227948964,-2.6054292011101348,-0.9197825365453484,1.0455431036707015,-0.919526767842769,1.2730692041036733
-0.5538444062816253,-0.31191574566160457,1.070420257720632,-0.6744007557466982,-0.29843818629293495,-0.21475568665821332,-0.9805543321054642,1.3261295403013187,1.0192169512458873,1.5594592786961945,0.6035512920955483,0.08097978756194428,0.33394376388154695,-0.6308366546759949,-1.0662433707985701,-3.0384292338535905,0.10364848667492095,-0.9100900571938441,-1.9374432040020124,-1.6322091715041749,-1.3840901402875427,-2.85533792299417,-2.6707909264370895,-3.946169655176181,-2.976734080206319,-3.7747848165426188,-4.953947737109515,-7.874425317346483,-6.912370662074098,-8.187900532587708,-3.249427330409432,-2.2486244359125473,-2.485154773765108,-1.5726143850265717
0.03658749585049461,0.45614663492111596,1.8470621555723739,1.0070675292457716,1.109392338661734,0.30687028975873387,1.1871059094282463,-0.2977086700588956,0.17424508346439044,0.6619652192739719,2.049932678569499,1.0910633726059302,-0.05017343695824827,-1.1056927185552754,-0.4167182177543087,-4.299985341968416,-2.214815123943788,0.30905243240436486,-0.5234300374993038,-1.7939592570131588,-1.2836418920011694,0.2944585038922055,-1.2635660061145315,-2.7798209795280453,-3.649795042503427,-2.602472635103442,-5.740394977719286,-6.25791983135776,-6.661894414517107,-6.979725035315435,-6.3043925166401875,-2.195850305483637,-4.16736899441699,-3.5063630604783875
0.6304917389889318,2.312147683343089,3.3997674844578243,4.477964149849655,2.5644397805461208,0.7346142713893133,1.6022401917399605,0.7246601335648016,0.2186686524055586,-0.2831112954573928,1.3448846995004842,0.17124601177080648,0.24459277264275942,-1.3859658384396716,-1.5456393485823583,1.517504376657123,-1.8642035130778496,-0.46033379223293946,-1.465301505806371,-0.7426284655462767,-2.193123766862928,-0.31540014606573413,0.40163322210269997,-1.1044945366663577,-0.2319995461653337,-0.8624165569015844,-1.7880403768432067,-4.483156593880188,-5.684348650275214,-6.768390125856862,-7.381256236780474,-5.055483924245952,-3.953541621990181,-4.490633444787015
4.2425085793335215,4.894898176348147,5.674629668808332,4.583727238793471,3.828435838908783,1.0998182697077807,1.1013301278374203,0.21748391381097978,0.20307433117125634,-0.4377536928051057,-0.432560999052681,0.29725778004325515,-1.268609210771754,-1.181741450683894,-2.0468437226609093,-2.040859303536084,1.198394455432734,-1.328951576059439,-0.492251789638695,-1.0693092516709068,-0.9144608484465176,-0.904608096570959,-2.226616395275867,-0.7620744176994163,-1.702934369861879,-2.675644820030579,-3.949099023379255,-3.309631326506727,-3.037752903560533,-4.364646161244393,-6.071340301934646,-7.206112622325504,-5.732722761679996,-5.73476295996693
3.2626266287750547,3.597749472028791,3.446806229015611,3.3644440066782355,2.6878964893161355,1.2465450538718028,1.5724868119135356,0.3330668903713004,0.1417459827342842,0.07454642540215548,-1.3935382803730425,-0.3020832680809447,-0.6802404013194185,-2.7153757712467956,0.34723515471759064,-1.2918526925516962,-1.0914417610984326,-0.6603149630526653,0.2910535921724078,-0.25632790605623507,0.6818285014066202,-1.5937605512405089,0.130599715918288,-1.0817415023434491,1.746222262981284,0.398048510598053,-1.4973011744576368,-2.025045817372623,-1.7916258735821666,-3.3938781724533125,-3.442971598733062,-6.977361706293406,-6.828898470745478,-5.997745893895615
2.3421240811962645,2.3573329892499957,2.8091397610503828,1.0693229475388786,1.133319244772793,1.5031544478094632,0.29925229383360236,1.0465253116782507,0.09784950958917903,0.8934017284149661,0.4331065839628211,-0.34941251801075157,1.5802851613516176,-0.08577711714824224,-2.607197415486662,-1.787413609731383,-0.5319905739747538,-0.853145961509707,0.15853199467994303,0.5078297362543226,1.0521857993237884,0.1060140817507888,-0.09390024105256137,0.8596194812399274,1.6574376828022377,-1.5520004921808255,0.6052104942386508,-1.2294399160303338,-1.4210867077882081,-3.3344375154730885,-3.602077138536059,-5.92215585020129,-5.667015338910924,-5.548704116407495
2.0142616064852703,1.9547274428042236,1.3543558953142611,1.1870324882190313,1.039596201390883,0.587302520839927,-0.5799061427215135,0.8311349557172423,-0.30902669337340083,-0.3836519420273034,0.13165600361716612,-0.3235667001799037,-1.500658675750013,-0.7562150560463459,-1.1489354293957599,-0.7188128756808179,-0.559174057638471,0.002331644789446178,0.9535804330368265,0.44577427486590815,0.9295768963260403,0.4132758257409413,1.2801180929330966,1.4941435673035786,2.8252831436239245,1.6886908215707215,1.000390978053856,1.1463611039859918,-0.17633686115123332,-1.3728737303799627,-2.295371010203433,-3.240423439306351,-4.59114393141469,-3.290961134022182
1.7122614124190338,1.3811230121738227,0.4806741079702767,0.8652710306911686,0.5716124161575021,1.1414147707173101,0.6710421773413715,-0.4609546323667777,-0.015946088035039694,0.6527687969439406,-0.12101338996243102,0.26479142378772896,-0.24987819165187564,-0.0801397187833111,0.8923580621770326,0.6901612771197289,-0.018861502643419313,-0.2143712766416686,1.0869314722395564,-0.04495180957439524,-0.24092730298707815,-0.7001868908102892,0.7259928543641224,1.2646082277946995,2.8042472659558286,2.295328349751338,1.759978345737855,2.237122127004012,0.17533485393680243,-2.7131289764578277,-2.0507838274018035,-2.4719898021027653,-2.082690660105314,-0.3542240174980659
0.648592461980639,1.2849719988443356,0.4400592934001031,0.40234772898677135,0.6049987945361585,0.9541931262301729,0.5558922129765138,0.7490273168049502,-0.21820098322622045,1.4152596318620465,0.826352880257793,-0.842959334893295,0.1569980383991944,-1.7703441453037525,0.13189450913328288,-0.18753101633015137,0.009406330981428327,-0.16869076824218687,0.21458681412664288,-0.286538481218525,-0.6002754511606859,0.3418530350212785,1.4180263039345153,2.081245518627108,1.8019814056313097,1.780861901273264,1.779962334887489,0.7854079411648945,-0.8136483535247329,-3.0955834551679864,-2.0723702161818216,-2.130078627885834,-2.3414052770221705,0.33888208037688605
-0.06950131584916017,0.6418681319054391,1.0326317719558475,0.9760660206131364,1.7070798222118966,0.833911494158162,0.5712183181067558,0.30861992364367374,0.19283770139906112,2.351671566736072,-0.18280598966649703,0.5469455186681361,-1.1022074573876368,-1.3612540034907117,-2.2170099608452185,-1.6301153752088402,-0.5632473562985358,-0.8686270568109552,-0.5692080858557544,-0.0894770662090696,0.9018719583369106,1.7762818124660584,1.4314358854732105,1.606258745242666,1.2658230102646155,1.362430897228325,1.1880464060669496,-0.07651316993364121,-2.5413058153985504,-1.7509223800053881,-1.0896174075302427,-2.210574590743068,-2.3092453609680916,-0.5685284901123314
