script/wind10m.json
{"header": {"parameterCategory": 2, "parameterNumber": 3, "lo1": 3.000054539987559, "la1": 64.9999836372058, "dx": 0.5, "dy": 0.25, "nx": 34, "ny": 52, "refTime": "2025-10-09T03:00:00.000Z"}, "data":
[rows 0 to 23 of 52, columns 0 to 33 of 34]
6.543975430835495,6.002547221862508,5.855781803313592,5.027516787401052,3.9564486129799383,3.711707603882754,3.428914933763816,4.605795110010628,6.583373095329026,7.24118584320355,7.049104666958765,5.276600014248663,16.096983803418844,17.955182136448485,16.709918725427322,15.192475762153187,10.560514521043958,11.943346432212218,4.952721447420966,11.575801094949014,3.789820153590606,5.057219921990196,2.7754594161830926,5.327262430284136,2.663284908421602,0.6858368101033397,2.2837363892064704,3.02975548817247,3.266029591262675,2.4174813129918644,1.7352307043828419,0.8001253341241925,1.0943740490010607,1.3593494487376734
8.427446299233386,6.290494980316173,5.260086288525998,5.439653704875097,5.049399612294722,4.105879527321388,3.4971624632316654,4.455919555982906,7.323029455859619,7.728594937597907,6.700778575596247,5.469925138922643,12.654622592420628,16.97362754690674,17.037969688398572,14.376726140586575,12.719531771118115,7.543516268595551,7.745193516482152,7.335899034452181,4.025647698673353,3.3526425895951846,1.781057520155604,3.020352515381819,-0.926506895210552,0.5419907205592793,3.195635270380738,1.7342425851367957,2.3844694917469083,2.4323992775506103,1.8800564642447632,1.5323357803257138,1.1121089109773212,1.853534419371565
3.4065858439759396,5.210576665037893,5.718845933498472,4.805501231380649,4.723758831523091,4.468938591599003,4.643030113574511,5.28870745464746,5.025280212762924,5.1177734024983135,6.244000199279611,7.65772826716128,14.738591691721135,17.12173686184015,15.703985780642306,13.400579203415013,6.3690007512800335,3.0691162512086327,-2.4892835852908832,3.885124732123062,4.421534922066555,2.996418542628174,-0.26739032011071007,5.086690095386687,2.3594916991914903,1.5237574902266655,0.574923685480544,2.2922603284133647,1.848966839470961,1.3218364612112028,1.9829203007500522,1.9925417515983253,1.4502594554918824,1.913407467602926
7.112938055676423,6.227634997858575,5.181702030593457,4.907421869921027,4.007986078151624,3.16325603586139,4.093642392954346,5.444036470368546,6.3371749372016,7.2370566110716075,8.24564900165365,8.330362064520235,12.147668012308754,15.885538003157244,13.801621036489598,8.790878484181263,2.634791713413831,4.9317053382782445,3.9303204762071653,1.7365273238258072,8.395109384280987,2.8563187446254,4.077860338756496,3.5988027820942974,0.9613853114859054,0.07235167135842888,2.7779704970339214,1.9582172540299727,1.3707776450463447,1.300850957942886,0.6950799944164539,1.2708139700943633,1.7383543602567717,1.351053545145766
5.265269521014943,5.524353527574112,4.188460426695167,3.920472360197601,4.246510272961397,3.5246945457459606,5.352993902802535,5.804417485175881,7.352984559327862,7.139589171640566,7.1761159282851725,7.277320289961129,12.909053451413003,13.966076321660719,6.013105862193133,8.382585924655544,5.024233633321575,0.7066590281979299,1.8345227495119136,7.092050393439301,8.873981210690916,4.569520115521932,0.8928290022451484,2.6336640893102765,0.9322505165292818,2.4318798424598493,1.8123762764436513,0.9377232220671244,1.4406102629936273,1.9404788461375873,0.5529514477950531,1.7565301500056536,1.403889394000274,0.5195746526624558
5.286776575786849,3.7258166828047092,3.8370320063800776,3.475270998781973,2.563620079322744,6.433049178168139,7.360247296864079,6.761912098757675,4.1502110621052175,6.289496165759747,4.772688599599105,6.441768139073173,11.090686481979313,9.699559219715304,5.5253018157690486,3.6899617275297647,1.1670246455501052,5.481119215796853,5.211904690316968,5.093048932282105,1.4182319275190631,1.1330109344896413,3.3192706458753,1.5972465581205124,-0.25167647045894276,2.241102935820952,1.9658269648311866,1.5100369299164633,-0.30284918589146503,1.202218084669315,1.4762151207283514,0.18934455865896402,-0.12667497899087898,0.8642954631689891
4.392308617153848,4.3272568978835695,3.8219589657870796,3.9436007358172405,5.4522982137285085,7.017266015126542,7.45105947513643,6.200748562951365,6.828039642672473,5.335428392021985,4.80765473486246,6.957645622470378,8.006408218593911,3.8575036860737604,1.7727451701864296,-0.9966153647137614,0.6508999952156228,4.449429028774028,5.260192497528914,1.434174138515619,1.7457219198332732,1.7636313799216434,1.2405386107623106,1.7466595786351362,2.740828772546027,2.3836947159443023,2.8366054264590668,1.9624632383339038,1.7173280801547086,2.2538344578898992,0.8229833045840714,1.068488673251447,0.7680980705534237,1.960312638463762
4.055000738899072,3.4335511334308033,3.013261070200392,3.3515793388954194,6.549400289592241,7.229283926748518,6.818473894446481,6.38515307217803,5.996829973710812,5.420808278801517,9.449763592473204,3.2129452736645185,2.6417847365117293,0.6620405924590209,2.3740373663612186,6.183139032544699,-1.5718842187552102,5.516403708401416,8.410472858571769,5.611311099919478,2.0207852993818096,2.8833264203065183,-0.06979806039063509,4.339340436883577,1.1413355826170883,0.845738623069313,1.0463339601780182,2.596322975264661,-0.1725532656775164,0.09527684782665535,1.6527900697388973,0.9244960872907441,0.7806398181206025,1.7079056527725052
2.9834041035863326,3.3209832483851476,2.844048215459723,7.4919715610597475,8.277137170993383,8.63824717648865,6.233972303449151,5.879638696656561,5.2546446272521266,1.7966775361419458,5.47419099900253,1.1831210336194813,2.535009532477676,6.5195841068839915,8.985638849646797,0.9848884918397907,5.5545016041810085,11.487434488809622,4.650678246596222,5.743370720908108,10.411929239081482,4.966442732631223,4.033392283310302,1.3259707448954177,2.1159092217554387,1.5190375411074575,2.261811180619242,1.0823764241308445,1.7071501712713584,0.6808037151365516,0.05029129834509815,1.8031415046218386,3.4870571779603226,1.3980287282549189
3.119969876288517,3.9903555548554035,3.868772964694295,5.951254508998932,7.132646823685317,6.315820620353438,6.200270677354647,5.805194307493513,1.8477467356835398,1.2182785659881539,2.3010882668380876,3.195202369412646,7.068395342140681,5.5632723499223165,5.842816339654245,11.015122806401983,5.8249645450643515,4.276227820851033,0.8917266388424908,0.2878163170299088,6.5987981681861205,3.0877581385623083,-1.6096037451447633,3.8296407524947287,1.9856763772743837,2.4449044054912976,3.22816366560538,1.9125526220499118,1.24813327356473,-0.7754790454109316,2.301372742816717,3.896597838247025,3.0834616369534666,0.556554494954633
2.439646043783924,2.800649980065886,5.593159437326885,6.039663693165662,7.150857205761468,7.015928730290516,6.401157020508906,2.550687630074533,4.185336445156949,1.7134796489269664,7.747301090723114,10.98602227103117,3.147295970632398,7.9674391978577255,7.428507813755765,4.489963726698854,3.8770144285570813,1.7616598773275902,2.3856439339943325,1.404908398793536,2.691061104412737,-0.6343563577464031,3.121608557983766,-0.34851802524226144,2.587209095420948,-0.7986441232053485,-1.1980170308926703,1.672075408257911,-0.20295542590797158,-0.2127445094631237,3.2521727244617415,3.845756468109651,2.0894515793505266,0.008910772725978403
3.804260897877043,4.774898909368979,6.349667788751184,8.276177292511505,6.944989872201695,5.3481642801946805,6.2269105569783765,2.396026255977138,4.523710710144424,8.123273521911786,0.7507839258786845,7.53533080915363,8.084014945268084,2.3994201347922455,4.694303227835262,2.950670826618416,6.7470018901554525,6.664525954196619,7.159656190939922,4.585070665923423,4.5536067879099456,0.13705025279410132,1.5039822150910385,3.090855686109532,1.7473716115992237,0.5535338874082718,1.7463264197602688,1.3939783349011514,1.4752754113491784,0.525827127039462,4.624634149509795,3.504521480151715,1.2795262839811046,-0.06307360157737832
4.322446448155131,5.524280867790633,5.723816239355067,4.51627911349003,5.703928407182469,2.1384583115789138,3.519079613032844,4.97572740189874,5.087175811337692,4.993273576316918,5.9396957011597955,10.057416329611424,4.901851280668963,10.275863620291423,7.508634607331545,10.777585218322843,5.8428073904919335,4.821301587445406,-0.2029648148323942,0.18631079535756814,3.320938520495962,3.2574829625583317,1.7493598139071354,1.9773474400098898,2.322788668014724,0.793483700533728,0.06834788741298711,1.810409107223558,0.09628908390260613,1.7513337076202018,3.582424847553373,1.9887428882897822,0.985090229613981,-0.4429831248953033
5.751823531119736,5.380373384310362,4.818617179808702,8.799219194941282,5.71791257218766,9.219309528266821,7.03529166116843,2.2768954750132817,5.865706646489612,11.818786246735417,13.92207963905385,4.837675470284308,1.0628388484430495,1.6175528238503412,6.388683366563282,3.6096820839016037,6.189070548321092,-1.780014998898615,4.79112881415326,3.6559176519188776,0.2653585287820893,5.080981408757629,2.20876473708851,2.9685478958555898,1.3441832198142825,2.1890724233940477,2.143475046608608,1.6487034438310366,0.8602075573569149,1.7086791052857464,2.2502812316648524,0.6074689391233807,-0.45713166714050524,-1.478786989395954
5.369503731148182,5.101897614574688,5.39678237261977,7.096753569286161,5.618147696079368,1.8286329282782516,3.5296464500938547,6.242652263259111,2.005189472347567,6.025831697182381,5.379951998501948,4.338283832663143,8.314512457933516,5.69327061424807,4.1553840835133276,4.190651814714113,3.7805040891995962,1.529404774943926,2.087552569025196,0.809330124904861,2.7964396138974896,0.3460335184379046,0.6995759480150914,1.5872378559034408,1.5517287672970153,1.761273253789586,-0.6988676216412898,2.1629579996901933,0.893304235412513,1.5301781204254548,1.6396127003460772,-0.5667644249936765,-1.399456057541069,-2.0434303047816176
4.489221232304925,5.744777628416523,7.002749487379863,5.814876102589178,3.8412585967621986,1.2971403175518803,5.086442224390233,0.49750433074273104,1.0452657924874456,3.4421389524586528,2.1444866518267256,8.206626474182706,1.218046735462774,2.638346579999284,0.6232202361409923,3.61675351715843,3.493470685772994,-0.11421819648143909,1.6024240043247697,-0.21526058836546966,4.006952091546405,2.6142534837608946,-0.04657007159225683,1.3800863956335097,0.8148524571813078,0.3526825149636939,1.951578750539594,0.5536851593871531,0.7657888057052427,0.13371459604355238,0.18154588903791694,-0.7529593908904445,-1.9482636217857718,-0.432679968133878
4.1537860697415665,5.363878934943848,7.171618571462281,5.96567513941843,3.8102884952627614,1.84544015335628,6.849399639548003,4.765007191640767,3.889971653059885,7.7766027997180975,4.76780409139328,4.731907584387698,3.100927529815075,0.2868083089135132,0.010884391879327457,0.21722135081479121,2.0368451560983596,1.528690183818005,-0.7400697063471653,-0.27608422043615943,1.781925728550057,1.6474695847106726,1.4674985169963368,1.5187734677573244,1.3195491414279388,-0.00039963169087931774,1.4545404220541627,0.3260800328000773,0.49419397014299754,-0.6812084426584362,-0.7078978849551951,-1.3245079174288197,-0.4594963918784287,0.09967633002707642
4.8759335052156505,4.592395121706159,6.153151420105816,4.722170725123101,3.773699528862115,2.8963699097602023,4.960712046651979,4.533377011948477,10.53233691183799,4.189332076995548,0.8170566249929954,1.1813450719931007,3.010545712288331,2.7319972957863348,2.090089927996885,3.139443741868463,-1.3314651781217552,2.5768895056100103,3.1040249200764154,0.04822838125324743,1.5579063710074732,-0.5157883915861995,1.60817835477548,2.384792390617029,1.7943410995548856,-0.8962664988085838,0.33406297501131066,-0.473914164269229,0.6630123620683404,-0.1637242373398197,-1.0624937241612409,-0.15439056842522594,0.6901360776456438,-0.05419496658187175
4.24937155150997,3.954472181207997,5.156237191242986,5.013293582074429,4.146307125933821,2.121215261312706,7.713520504411035,2.5592672988070797,-1.8931791572801449,4.968101567829331,2.7034607522809635,2.786477170885446,3.449815402875836,4.332478943884083,0.2625629737300164,2.291069614987849,-0.8287285518383632,1.192236616243088,3.220248328635663,-0.14287778704806925,0.3794431686286081,2.006909758459154,1.6066508694999897,1.847036940872588,0.5824406579394544,-0.46278990902832234,-0.8442220188711379,1.3311736058999628,0.7837357690695063,0.8652500296550455,1.203864929916448,0.9296835648282178,0.1983966621641543,-0.8274930150877856
4.115983807133969,4.490499055789764,4.6568537878971155,4.756391685574951,3.321034415904813,1.8809548070223374,3.400106848356383,2.64994135624543,5.916304716110779,4.5795217632997565,4.489351233658388,5.675566629375989,-0.29318920345465205,2.9349203958828296,-0.2439739904185422,2.09773391499009,-0.7608331685538962,-0.43707364596373594,1.8690141193142202,0.3074488200383505,0.13185317340336594,-0.4823040867563768,2.012630872570071,2.0400641517298572,0.46640473707172875,-0.3038561059736097,0.9919848033328356,-0.2975828901593667,1.5955765035473517,0.8911804901494147,0.8150099056961194,0.8134086443989638,-0.669329498621271,0.2018815020144487
3.5989218737327664,4.109191025027175,4.090345248715988,4.062500770065331,5.242565972289627,2.0853123012669803,3.329600731547308,3.1818385878606845,6.608747958541075,5.221652573110184,4.191837943605118,1.6751494190830438,2.3904806329580395,1.923876007823196,1.2045749263559018,1.7031566880896787,-0.7678182713953633,2.1357706785280124,1.0540318012205845,1.4475347341760547,0.7162471276019856,1.9391468577548814,0.9793798016727729,-0.36513258814741195,2.1146478364370065,1.7836561253829606,1.3577807340866794,1.3126058667655176,1.3473752236682355,0.7635127841860172,1.09139229315776,0.6446318107873743,0.09841980863481181,-0.9816248760008678
3.6994565130455803,4.240498469077647,3.952467905113882,3.463297962276873,5.2338725766762435,4.780911885024936,1.760614588873255,2.680958310816945,4.55501369952487,1.2741483705896113,3.1757904647429167,2.255588189449273,0.7258059145960434,1.0776294299689844,-1.9084952198873724,1.831363129593334,-0.07423084900217526,2.5300762073712164,1.7199519584371799,0.36821200153095,0.5801940419310416,1.7628559873003502,1.7821726028772538,-0.10752532464631491,0.773600120798385,0.765175669346678,1.1354721337561968,1.7590704556397023,1.0818824505955966,1.0530526643555975,0.4083258642869259,0.7246073862611285,0.23360647113412675,-0.6405297073504393
2.8536936106114603,2.420371127636006,3.643345109658534,4.113746534453621,4.797089795773641,1.9595386718099066,2.087638759728866,3.048275031147641,5.96248849357726,3.8343816695400017,1.2202026018384406,-0.37193509112887285,1.5793336894891437,1.9508355809204163,0.9511370167771253,3.164666837470962,2.257648804734872,2.149865632245117,1.153922572474294,1.5643311261157054,1.0641535440160443,1.6509645927332928,1.030486903028199,-0.3890557629312738,1.1222447520249281,1.0479019249403307,1.0880633475896764,1.5906319446413917,1.0298741536331173,0.5275086084774108,0.4687699746693359,0.5037613261252133,-0.6720936696792515,-0.8851261362363175
2.5560224318456117,2.829279111571704,3.431628384474756,3.8853662695443667,4.520842812183824,2.7913646349616346,2.4872527243713445,3.3981077123138066,5.0743548369769735,0.5767653180641874,1.0764415013799997,3.3252208703588324,1.0792940990778463,0.9083931556339796,1.5259044198065919,3.330613110349441,1.764561891006224,1.7953550604870294,1.3835690755136172,1.0933982348187357,1.4547260339536365,1.4047846835637041,1.602234691556027,1.6403421733480383,1.8773460585148687,1.378425438854327,1.549078927674071,1.1466930755785134,0.9261978475882039,1.4415787455891362,0.7731676084731706,-0.23945483218986713,-1.1660602788734715,-1.0943693740300717
