script/wind350m.json
{"header": {"parameterCategory": 2, "parameterNumber": 2, "lo1": 3.000054539987559, "la1": 64.9999836372058, "dx": 0.5, "dy": 0.25, "nx": 34, "ny": 52, "refTime": "2026-02-03T05:00:00.000Z"}, "data":
[rows 0 to 22 of 52, columns 0 to 33 of 34]
-5.378154623521153,-5.456971844032617,-5.952761390069975,-6.0560003463485605,-6.556955018991165,-7.1448635555847275,-7.610376484655054,-7.980813596321338,-8.036771886293527,-8.437269058829372,-8.297468188891294,-8.181669575395224,-8.085399648290416,-7.61053170965681,-6.60554897460166,-4.9725610571831504,-4.938802827882953,-6.475560921424954,-7.70440393558316,-5.5339325320881585,-7.532492760062137,-3.5445464019348187,-6.251690486214257,-2.9004802539544032,-1.9748525325761868,1.2889204808360306,2.280328334063796,2.1917333340658565,3.703603548700449,5.56667662797753,5.330520940304411,5.996944480431617,5.578912579141755,5.7661758099632685
-6.470284309804536,-5.924109439082673,-5.985334081459776,-5.974872285329702,-6.449194181580532,-6.805089592806524,-6.947148331822476,-7.262667641814452,-7.553300604138258,-7.530353643312261,-7.686327563439282,-8.02791248784824,-7.803933382937652,-6.8251162268376815,-6.62699357575915,-6.428011818823672,-6.808068105444276,-7.547403326254904,-10.911580499749583,-8.78888069493594,-9.495383553760133,-7.283540588915878,-3.928113008914755,-3.878825800428867,-0.7590366339060561,1.2371858536561136,1.3481603977510968,2.629581782575351,4.6657884323913885,4.540103519847104,5.635627233559167,5.621453491943494,6.450791158449421,7.776314900300545
-6.20754951794947,-6.043884260196895,-6.103026826010641,-6.296805662443356,-6.659850919092174,-6.848360014900109,-6.681985000848555,-6.740843901431027,-7.170501531112996,-6.880097501136548,-6.395981922435406,-5.531548932037801,-4.9125990020505625,-4.597218706799597,-3.7328247944285238,-4.891225136011105,-7.477080270938975,-4.617825492376602,-9.39713884432762,-7.676161287348919,-6.941390710666617,-4.888741948362789,-7.754941050838211,-3.8830362052820497,-1.5318990189501525,-0.5906866235377098,1.0413794679462731,2.4957652165075563,3.8279729975620773,5.980567676570056,5.572685494477301,5.874452626495229,6.381492527044591,7.483703167768208
-6.062356875604818,-6.157152964406303,-6.333193007620433,-6.296998044664844,-6.37508762943229,-6.3290426860241125,-5.88149362682684,-5.840574966533536,-5.426517613867158,-4.951044128364685,-5.261351702000033,-5.1643789214445714,-4.144556765737259,-3.1860586970661586,-1.0011749678485364,-2.014707638446123,-4.538073013308734,-2.6743527283741404,-4.781748363560946,-0.9514936221886396,-2.3183960225121627,-6.330135779566511,-3.884838653467195,-3.631159193497929,-2.242633248913532,-1.0725355606128983,0.9733526640256115,1.8373614859331566,3.5375003412639012,4.451515026498914,6.001191867992425,7.388351260817066,6.596170374200341,6.395230488890158
-5.758539324440141,-5.7228640281783685,-5.714123845854892,-5.59962256853851,-5.055489342111165,-4.73583969060154,-4.639393076376294,-4.637794480190734,-4.700022684039099,-5.035187333283427,-5.163764436463229,-5.181799494581662,-4.408257637947662,-4.503401421340015,-1.7439135122818725,-0.519200608983997,-3.23362355418904,-2.397001503674735,-3.963314788511588,-1.6363568975685578,-1.0954556653368455,-2.58771900292338,-3.2746179986354367,-3.2870704246852824,-0.7810000892907881,-0.3003993141617949,0.17710896520679614,1.960731310246952,3.538869974454359,4.276502150296226,5.005739390210077,6.645427987709579,6.624582149766043,6.916254300606679
-5.053489119914206,-4.679599855092212,-4.392784385871204,-4.140127212229096,-3.9746249041370345,-4.136572034549117,-4.032275183042344,-4.188394286825696,-4.163120433278364,-4.550928403930139,-4.64447322329265,-3.9585905784500177,-2.5027999859129944,-4.02745258640063,-4.598685717149095,-3.7947741659328353,-2.6480616594233264,-0.7667787051474493,-0.36082291082987406,-1.4655143618408355,-3.84565805412041,-3.938402195648951,-0.07555060323406064,0.14876255755202664,1.2893326599016661,1.1470961668037167,2.07697584197164,2.8147677221618204,2.7297113906489585,4.431146051965406,5.896467695295946,5.4716935492734455,6.361789586789088,6.507225041056138
-4.764195300923381,-4.167774439389029,-3.611327516528074,-3.297493831681216,-3.2295140238634246,-3.190549684568947,-2.9022931523485944,-2.8433259336023777,-2.933832573517889,-2.782453329230397,-1.1615251560007138,2.3742831948145935,0.0337748050970414,1.7551981356094395,-4.305605002137214,-1.5900711776014245,-1.3866704069152227,2.55787551905582,1.2300815032697852,-0.02835357280344426,-0.6701899994644732,-1.1232548746955255,-0.972350699327856,1.4720792617299534,3.878258175946693,2.6231208142278297,3.9429843514941627,3.9889639973227156,3.909423799554649,4.614504829444687,4.704588321434499,5.6783890762324,5.36408463612674,8.49276161928111
-4.288671514268894,-3.8898935322302415,-2.945145657844241,-2.591426014450039,-2.404126075583706,-2.3634494545646394,-2.1397597193205597,-1.353643138024795,-0.5888474785673409,1.3060113454370177,3.504956131921737,1.5641677872345772,2.98753593814555,4.79798309180411,-0.7526955179337909,2.61624308727913,-0.35224312163902666,3.767907142202507,5.43277214502841,2.0914138153527184,2.683866570889988,5.89280075302398,0.4300979782321952,6.626625150492721,4.554655664477929,3.219573711263911,4.8879548586660855,5.8166833073965405,4.527239285274889,4.195935024013582,5.86690458261596,4.604139468882247,7.016729978125658,7.87869673329384
-1.8089053612271604,-1.892789595986771,-1.5303315163856153,-1.404654396885304,-1.2261710333690163,-0.9559434114317579,-0.14911657365827075,0.5642321121003769,3.1998090684009606,5.305670257268011,3.33323785034494,1.9496071671826094,3.8892587691872906,2.20129105503672,0.12054828542284719,0.48733168899877943,0.9293875278678044,5.925828450999098,2.539181327339202,4.220680420440554,5.928113665872419,8.093860306724123,12.631030275610279,5.720065963389977,4.806613397033384,5.687545507398924,5.689571959457266,5.469340231387153,5.7106114993373795,4.9472441371843825,4.99037549013281,5.354044720605423,6.038027826447379,4.881076540709347
-0.7435997758606364,0.5635777035011621,1.6672498815157444,2.280091695218284,2.0763619001416314,1.8916710182715406,2.476653914254803,3.2800949878810908,2.0330733259787235,1.1718822584903836,1.9062242005841172,0.7547367449140092,2.5670648160341836,1.269459441091046,0.03803891924697597,4.8969528707579535,5.579716758481758,4.050178729499548,4.673446755562038,6.950229121633161,8.197683111987185,9.699540236536443,10.080801645305149,6.844690253816212,7.303527836637951,7.051637478427933,6.098839798362589,5.852333529011439,5.565335866007263,5.65116191254349,5.135423532860535,5.434333110297199,4.727944483687804,3.8049048173090405
-2.093874898539324,-0.4763139572142919,1.3007786944609687,2.811296391347166,4.051877921995627,4.6918293263808275,1.7870056778370562,-0.2912088218518417,3.599029151662503,0.19042778841818217,0.4002263982362324,-2.0724991114293,1.5823753676951762,4.849589131682859,2.026800345718237,2.223225454209911,2.94955411007169,4.941362177877492,4.762163946569523,7.442021256346005,9.461802875538142,5.37269765349264,10.492048107815188,7.111871469431308,7.637036956032661,6.124577602284655,5.952310114715294,6.7466665109829265,6.553626230740119,6.225740689477086,4.904276581272547,4.731104209859979,4.640028935301788,4.444839060499054
-3.272256199596964,-1.983545128071206,-0.17456625480681703,1.3152180332763863,2.4904515324211296,0.8776652659461365,0.2319442386081859,0.3716736121835168,-0.12460636170427272,0.6090317932516013,-1.459487103052586,0.6550844256279749,0.9623678020399626,4.638110008440428,5.232575443923697,4.4341025990150325,2.993531521068287,6.916231324499412,6.892669907354077,7.825468439504461,9.31508694268096,9.681898782038528,6.546837336862131,9.75324963287612,7.34424498375571,6.611775453932364,6.780976148212075,7.998197728152946,6.9338006461703054,5.161582220252653,4.7012545650246516,4.85208643874462,4.791183800420603,5.2299049714046415
-4.220981869317849,-3.1724532230044327,-1.8488457653254764,-0.17566905145035072,-0.5850316087396206,-1.5360394110666706,-0.4674904627597602,-0.09849316814544927,-0.8303507174233752,-2.948714678712392,-0.44501448248946934,1.6067983773934926,1.41868993638216,6.014989538027111,1.843303375346425,4.791698091555479,3.2639050143524173,6.546887583947353,6.3494567437665,5.59499914339602,7.316034380874176,7.744347611839534,8.433811122954703,7.4195042538874425,7.9162363188699505,6.585547475216888,5.719984827585802,7.210214494198748,6.438467355853541,5.211093087347076,4.595049229028529,4.61662516527927,4.552210682099267,3.8666303040720376
-2.18249232243821,-3.2495455514878144,-2.7189033387148878,-1.7409036142043721,-1.0069887552805628,-1.0511081125983348,-0.7181746191367506,-0.2988114665516202,-0.48606983218312166,0.44090207786485114,1.2735777941989244,2.281089388650459,-0.140493387412976,-2.7170605093470495,4.0729161309562985,4.648308683902988,5.194417082298817,5.26339290906493,5.647208644054421,6.820218957123551,2.21147100361421,6.617245400560302,7.69395947411325,7.921457819550973,5.8999742968963105,6.887151693621686,6.359668413094915,6.642030391195942,5.588463517939302,5.15944565684919,5.048886129720248,4.428751385106188,3.875472820657768,3.3048604086716518
-1.690064538993874,-2.2506341079718357,-3.166747606510154,-3.3964618862167746,-1.6130018930505639,-3.321484824810562,-2.0833593905469434,-3.6252280465092857,-1.9401320062133067,-1.411987091973178,-1.9753845581260563,1.716537919183362,2.7906602319016693,4.328549685507726,2.194784601206511,5.812023148925059,2.9982415220170715,2.8884314548320336,3.8694862328024096,3.90948984030723,4.805674846634201,4.107750293761891,5.397235448351447,6.881805832693984,5.459680431362938,5.416582818790734,5.8033770068228705,6.146188929102222,4.2925254244087325,4.055948308091734,4.240252003883375,3.727058942523992,3.1536462554099076,1.8806087933385263
-1.728265488571362,-1.6356234500272153,-2.8175591642726077,-2.5854154959237143,-3.9181857838576453,-6.224201511996743,-4.409078906162982,-0.32687113080163754,-3.2586719502241785,-3.8616260450112323,-4.596572237458636,-0.34067173606395473,0.4625684425881398,3.7204206945414406,-0.4436819411170551,3.031092616534735,4.037214479824152,1.121232655520587,2.8914030458083695,3.223855703043416,7.39620752088359,4.891395511346182,2.8225850373003265,5.786195318429783,4.888818489553929,4.807243385080803,6.408639746197782,4.360023615050439,3.258776336644064,3.1028266822153747,2.9965913692987924,2.720286097173645,2.134303529683071,1.0495187948369218
-1.6390809863217495,-1.0920114558367338,-2.0314115222969416,-2.6317003860416945,-0.9055343578642386,-6.867188538948335,-4.089787240374001,-3.5064575080081193,-4.221911076224208,0.37981032560588346,-3.616756768668123,-0.12285352881265497,0.02642410803022922,-1.4427306913265705,-0.5400781716857381,-2.0948549480952585,0.7477101834932776,0.5572901854428005,2.1617309720361626,1.783356996447301,3.9643536177681207,4.528982880406807,4.384371851472648,2.7605681723734303,4.101986447966,3.787920025641107,5.57800004945306,3.4287785419455883,2.6048640819425364,1.9254221185699276,1.8949907894301774,1.7058878970420428,1.3531269655572518,0.4739731184263519
-3.3381643076601706,-1.7539504998674793,-1.222721609010607,-2.72257846225337,-2.0987214129219054,-6.885138125143388,-10.007241501316642,-1.8002416803410686,-4.115723565449501,-4.833654799472954,-3.23994226498984,-0.9799611008792394,-0.7751128519153299,-0.8889823011792904,-0.8315185729093494,-0.22846679440783077,-1.2290176691004517,0.6882589153161669,0.5891553280663964,2.1003786626108116,2.7755153819282445,3.0348003209449104,3.5875728315408275,4.024170051644907,1.8354446511940037,1.7938703169296055,1.7416225349495518,1.228786958149968,1.3817631984886658,0.7753866642870411,1.0026706648987642,0.9338583453488727,0.21708176677129778,-0.6330813526563173
-5.458723727999554,-3.3960196072724176,-2.9152086142492,-3.4301370571261747,-1.7144449565219473,-0.47251465502914447,-4.4031719913294545,-7.369199777450297,-11.547976404987729,-5.187960064411908,-2.6821155793460996,-2.5315884657387597,-2.829139448265031,-0.6113285438304202,-1.5102058504289093,-0.6600602099809476,-1.906262660957452,-1.1809131793819732,-1.3603665977150672,0.37258706774232414,0.40511819509530855,2.589386253703758,1.7346212370652319,1.2170681485074135,1.1036646095722755,0.3829826744221564,1.319220323976716,-0.07476747051452667,0.15694261039084922,0.1134089710202527,-0.6167933857136784,0.18294746003373447,-0.2535882522209828,-1.7085083226746725
-6.991512927910756,-6.593776174479145,-4.775271132649631,-3.8725608197235553,-3.636557771342863,-2.17789332298766,-3.2488320413428755,-4.113101034606382,-9.01032211043556,-6.003276475971679,-5.091525559324992,-4.4926663615094435,-1.7785021295614267,-2.9357938169131526,-2.5462499695452916,-3.0718696302149366,-1.9366924194596753,-3.5988814442088675,-2.9782309264652183,-1.8581172390611047,-1.697936256980808,-0.9221615467951241,0.6696821268068812,0.18243219190864143,-0.6153167172251713,0.5293879916196893,-0.23768408205486227,-0.8191532251203818,-0.4938329219542305,-0.5083163527815723,-1.8669074537825225,-0.9668489990277731,-1.0550502626869478,-1.099262851190405
-8.836448569813026,-8.91504993904752,-7.45533850358347,-4.484133626383277,-2.958738014800626,-7.544615583923456,-0.775817974103129,0.10001831563274541,-2.936416255576852,-5.126609410516132,-4.768948431195771,-5.5420962745418585,-4.1677860437328045,-2.9237971603811554,-3.3902001885675825,-4.75768370991324,-4.659657272095496,-4.220976931763729,-4.884529453993391,-3.330321694438482,-3.818292638888229,-3.4261574078314774,-2.15366233874966,-1.2079049627994491,0.02891497162153431,0.6197683126997091,-1.6648868275262043,-1.6164252118801243,-0.9921663720928133,-1.4268820087045366,-1.523792286312647,-2.157900682131971,-1.2656018073039068,-1.379779370027095
-10.619557142051635,-7.906002326608971,-7.4376228015281445,-8.284082104933972,-6.6133650814994045,-4.367182422554242,-6.998039279833836,-15.798021719474267,-10.192416177543642,-8.470503121354252,-5.353214721853934,-7.089839463740119,-4.054498324818188,-4.77425173746234,-4.877275128530123,-3.7796986704431865,-6.307850962658829,-5.909031935301381,-6.707257264763096,-5.410201544047048,-4.8644485407021385,-3.382822143098658,-2.926295796783851,-3.9127418296042427,-3.392890944607025,-3.0485409003271102,-2.617188207821945,-2.6797152291559643,-2.5624565664439065,-2.119263738400434,-3.1738439363665423,-3.5358379119016807,-3.3599427477200923,-3.215516482916256
-13.443971324955909,-11.859847851138767,-9.002377061483758,-7.3548859288593915,-8.970682487747249,-13.455752126997057,-12.380437427891223,-7.165075582484843,-14.763255405012359,-13.45362907872355,-6.502035955015485,-8.75379773704627,-6.302753063476971,-7.7726403690877905,-6.469777835430296,-6.731747597605229,-8.234469194324905,-8.233676415977962,-8.034925176109091,-6.664348433913616,-5.199896190309707,-5.242759833101952,-5.228776239812612,-5.312951181160213,-5.991158167333132,-5.398121584780952,-5.435337727603203,-4.193566814140408,-3.154060865037986,-3.349064030375929,-3.9201447276173798,-5.195747342663456,-3.8634091604524476,-4.413015873651784
