script/wind10m.json
{"header": {"parameterCategory": 2, "parameterNumber": 2, "lo1": 3.000054539987559, "la1": 64.9999836372058, "dx": 0.5, "dy": 0.25, "nx": 34, "ny": 52, "refTime": "2025-02-21T21:00:00.000Z"}, "data":
[rows 0 to 23 of 52, columns 0 to 33 of 34]
-1.38725490824913,-1.2015306851293024,-1.2358911924311782,-3.0427820610929275,-4.186986020064618,-5.795945208282834,-7.126255125971738,-7.33343071066654,-6.501116998683875,-6.106802517086657,-5.5862893370027855,-5.222525600041626,-5.069895742689396,-5.453180718492868,-6.229929159428334,-6.70075712815978,-3.618811034618833,-6.631514182763705,-2.428818671281544,-10.719379037862469,-3.882242823090034,0.9472877455789717,-4.446030291228158,-6.4710276333519765,-0.3034942920258453,-0.6376388441999257,-1.1909749046633775,-0.29365443870171026,0.30338547560264834,-0.9394423360691002,-0.874129858374887,-1.5874131053535383,-1.508716282824999,1.18829987050614
-0.9276489834143177,-0.5983865678428809,-0.3745385403903029,-0.6485089901810297,-2.7549972768375173,-4.363715307270411,-6.157414014427975,-6.30241866844204,-6.710923511130639,-7.006610076806677,-6.6491676670404045,-6.0137293897901944,-5.105125448239063,-3.7714213191287187,-5.459383231735183,-3.2774926163402833,-7.338556193117452,-4.357960272171998,-8.396160793299762,-4.1564126129762435,-7.1211066139406745,-3.9412203571980684,-0.28734336220878265,-5.887047814198125,0.5588609855974489,0.0077021475181398204,0.46013621283582173,-2.846968121166622,-1.4574225723119514,1.5240381846100124,-0.7400596327832821,-1.1665301104764858,-0.8912022281658251,0.756675577797728
-0.5717911707200383,-0.5536941071082809,-0.31441552355107444,-0.09889401641543791,-0.918514420028118,-3.5079097545840163,-5.723910202352415,-5.923281477839635,-6.799455303926244,-7.511709961676574,-8.464378425579035,-7.97714496727107,-7.2069478244809435,-4.770423233365105,-4.638102087826665,-6.253906983939309,-2.7193510540719896,-3.657988452281286,-2.572167556507902,-3.4373690704256536,-5.134580573162179,-0.6878044320092073,-5.806455543286877,-0.6639950142590082,-2.6939912258862444,1.4361863856348192,-2.6064591336096417,0.12882185719739075,-1.2260799933694797,-1.1362394395644806,0.9928619527785505,-0.6771531978918399,0.5565003923842855,-1.2274401328640818
-0.22758828268441245,-0.4767895805631607,-0.13220957327935406,0.10435336009782889,-0.09169824923611927,-2.607262907648973,-4.361328598075177,-5.328675989838207,-5.717399617191537,-8.625412257912362,-8.824078072469677,-8.693536468045343,-8.1671937615038,-6.827401865771506,-3.881942377898058,-4.316996846528918,-3.368625694086187,-3.2465451577923146,-6.626857003290983,-0.030524078242554174,-9.025591687532783,-6.000494053709375,-5.597685653162639,-0.849322396993103,-1.9500880592081664,-2.1737213578214174,-0.9748829125664195,-0.060024092199115524,-1.9603027110022466,0.20087108546658822,0.20531992477762037,1.0298140765699713,0.13055254557496157,-2.170352190482084
0.08956473239340162,-0.2188790183118402,0.19441500861473943,-0.038220203022272026,0.06899991747579481,-1.502309238441848,-3.818309363186685,-5.747508557482196,-6.619101777073245,-7.591667301464519,-8.300248092680832,-9.431436956682088,-8.875206701991956,-6.36356379139753,-6.306473434697084,-7.130596351410446,-2.428499510650732,-2.069505606404921,-2.7229106735078443,-3.0968042393830073,-7.2278524588069715,-1.6802625285473414,-1.9442562914411103,-1.6416968770055924,-0.24580654251056078,-0.8395272404294253,-2.0291871703603404,-1.8132600269642152,-1.055502343583317,-1.2783056509525128,-1.6721133037194469,-0.6030592767943128,1.6510028589341137,1.4554892963491555
-0.01181686412413697,0.0057610944226270215,0.43539874680636037,0.7429879624543765,-0.08438975211441276,-1.491938817421357,-3.6691642633929518,-5.553479424104471,-6.112335021652702,-6.615278511423292,-7.057822746655376,-6.3755045690122945,-7.731525862120728,-8.931523077857046,-1.3497912237929002,-2.1605633513031988,0.289385033692989,-2.0587130537540204,-1.73490114444321,-5.877141587011661,-2.5166349126073686,-3.9921950130911084,0.18899685880584188,-0.6700815300958224,-1.4715530937450576,-1.0443480747296943,-1.2353962698314507,-1.6544745557738207,0.4624358826867838,-2.3995408836924015,-1.2244103134926554,-1.601337831914216,-0.14654558416398583,-0.20101656530160059
-0.4464083468165837,-0.04647960111533709,0.5851020077983923,1.2859511944863533,-0.018102305979182,-2.1196253981991733,-3.941413602616582,-5.415980412609069,-6.434507922699379,-5.177947092664201,-3.4922749805477293,-3.7471508047507074,-3.855409467455091,-3.9877971371459036,-5.022716815265023,-5.729797829298399,-1.4339632733959697,-4.56891634518433,-0.875767213972713,-3.7251973019989424,-1.65898865905636,-1.0861183721048242,-2.246726030450348,-2.0770049610118346,-0.021037514365737305,-0.7687931170776191,1.3312482544987587,-1.0996946837938273,-0.28069199724149235,-1.3086677661324173,0.7400448596459122,-0.5371698028978824,0.08055209197995258,-0.5315417028589284
-0.7052226447546184,-0.1538917606705741,0.5391446887395837,1.2097049489094696,-0.05368536485556292,-2.8442224069421735,-3.5726214700442624,-4.7281735491769386,-5.540645836477434,-6.026272890188904,-2.749447882347347,-2.3718920077479995,0.10637993404585985,-2.3923404942453477,-2.2601926755024118,0.040360901233039814,-2.833536690006867,-2.84677485298504,2.3962647576856564,2.9022007789255855,0.18800102370472624,1.4890506040330125,0.2013881981251451,-2.357023387034555,-1.425273376087206,-1.2815753959572969,-1.3483340237074306,2.3663934551591583,0.9961539545351302,1.2968256916859306,-0.8177015032647449,-0.3758614470107939,0.19987123131416915,1.456635446634897
-1.0513476558190957,-0.5402985164121303,0.5503597669924346,1.2902743725753423,-1.045304720945304,-3.420415726740831,-2.408925255375617,-4.4883417906869205,-3.2984632423999143,-3.0623345276450262,-3.2980149081619694,-0.5138935232499527,-1.8821015817274602,-7.803869624319979,-2.5790045081286723,-3.208769471158211,-8.096351752960258,3.9059389385615164,-2.8814546878595135,-6.746646651003088,4.583675176516194,1.7711981178669627,4.6219114516599795,-1.3944202187807437,-0.7750529743632232,0.2505212735748138,0.15734771732293415,-0.257967331963324,-0.32139088103109303,0.5881067856765452,-1.3404310187042399,0.2564381919579502,1.9548395382607928,1.6136145209082826
-1.5463646574567804,-0.8893495809311948,0.2895136691916665,1.4649225213567079,-0.30587228558650714,-4.1397787963389066,-1.8554973362508254,-3.651053607278964,-2.6202810404611525,1.78988908240681,-1.2579746200303412,0.10457121657337398,-0.2258972664241172,5.458290288760232,-3.0349932556506523,-4.213734915628656,1.094872599620573,-6.198341021008696,-4.671792601339254,0.2971949983470109,0.387686885882928,0.4126954252207765,2.8052935138907342,0.3887840301447612,-0.4145839573512172,0.6534106286864104,1.8139077011281706,1.3171344772786107,-1.3214908833775836,0.5130386158155058,0.7545605375061765,2.940544734340874,3.4214783075025066,2.9520660284050853
-1.8490788793793376,-1.2076575651007486,0.06328818208970642,1.102706875179183,0.9534260247396129,-1.6544246241983611,-3.6750839741891457,-1.4193367420908716,0.6301645851003279,-1.9493815370324779,-5.336691944299342,-4.703980461739458,-0.49795136826825254,1.00264177328222,6.226041624337315,-3.7921213090969355,0.19124022911853247,-0.14869034743560097,-1.9541687785607142,-1.8543010041300592,1.6920875636333725,-0.808755051634554,5.131805866284304,-2.360897088005138,-0.40635183328685376,0.2810362399517428,-0.46515830301136596,1.3667652940345252,-0.39679007862398197,-1.1862466923665098,4.397514258425155,3.875052022188914,4.3385416668292045,4.028892039793835
-1.9164956353170695,-1.4955729727716596,-0.8424643722403206,0.7569914337968888,1.0918415610002274,-0.7459387990789698,-2.882121945542364,-2.6802062297761005,1.0059345090180913,-4.426018978589144,-5.457542752888098,-4.371031142215106,-5.633507719691837,-1.0025226084831003,1.0446855984319958,1.0735706336248374,-0.7708601464514082,0.8546176317028783,1.158767348417904,-0.8751125284848051,1.4332701801697447,1.6077404787046559,1.1903000762369902,3.432345483216754,0.15778367368772775,-1.6986353585403584,-1.2812586602220883,2.7681743329802666,1.4835499063122715,0.5022848114814301,3.860522086341805,5.6681885326883155,4.759597446728075,5.603140244686972
-1.4512475662765598,-2.075878874513182,-1.3605895061666335,-1.0299015954270985,1.1343721134901468,-2.4136443754000676,-1.376544854747804,-1.8165638294268507,-4.715530419131387,-0.9698879368183437,-6.271735825289717,-5.685893899035887,-2.620334881696365,-0.22390874631436655,-4.0021923250596245,5.116145453068614,-1.6505040604498717,-3.2678755034790896,-1.8406926408890938,-0.4932282097358341,-0.03695545479047102,1.8119422205572981,1.9682619024840826,-1.4332581267245195,0.5279500175726897,-1.2999084281590985,-1.595918709472401,0.4460340849560911,0.04720374759551446,2.95655940213291,4.444004938356204,5.487554290420471,6.821791783683159,6.279203716466132
-2.3080835222361875,-2.283761955859777,-2.0537210262888648,-2.271645008821382,-0.04506845994743475,-6.3455899344605005,3.390861191058673,-0.04365163211509244,-11.008061533263454,-0.7701434502983647,0.08019296346403078,5.065522139777702,-1.0940423347670674,-1.9378147054105797,-0.3292913904972608,-0.6892945684377859,-0.5280808456053669,1.0190743492014183,-0.649062665483164,0.04433910821069468,-1.7925839948562676,1.4012182114887446,1.9499536868645317,2.8184727158342753,-0.5768494861714379,2.155670918336315,-0.7360326763652827,1.7332992878596993,0.12914960395152436,2.791494505473244,4.379853279650235,6.378283536907479,7.061399691631183,7.09410264157352
-2.8949567141310846,-2.745873161544327,-2.5402597445023467,-1.707407876870859,-2.042873184847895,-2.0201594896446555,-1.756288108034826,-7.701541614428724,-4.570441701392584,2.9292521360338952,0.28247378584082217,0.9001949170975924,-0.18811977234988803,-0.5362962060266718,-0.8815228004126527,2.425367269418689,1.5678101763197425,-1.3818576529224633,-0.28750013919889644,-1.2262009006759749,0.08030328604883674,-1.8504507216989998,-0.02155512525822165,0.26113607506954506,-0.40349197077229787,0.363541746865091,-0.5547675713364695,0.6858365932516446,0.32031783002916486,2.52192630000078,4.859823452246354,6.4421329916229375,5.979438967762365,6.182344091909378
-3.114573732585844,-3.086126904944354,-2.860670779782882,-2.4089341224924823,-1.220762998476533,-1.6739586788200218,-4.010057286127154,2.8115397325946385,-1.8579800380740725,0.513941493005834,-3.563039292073187,2.074031253660894,-2.9631040059242486,-0.426590535885343,-1.7627613201564787,0.14504708001586925,1.9628681557989733,-2.070518481853667,-1.811427303367274,0.5146603843417897,2.9116450199699973,-1.3228786598294584,0.10556464490313805,0.13894188134022312,0.10102392031904758,-0.8660710766040455,2.149512311943762,-0.7196959319519365,0.5598434167062418,3.535185549406201,4.283175801556154,4.594751102748222,4.420652585949507,4.769348694785334
-2.719466542865819,-3.3406950284846912,-3.4942701917291252,-3.302669625403708,-1.9675557847692102,-0.06939112452005505,-0.7163484880177553,0.6839053974591631,-5.418318646254056,-2.0930385773950237,-3.9174893307019945,4.6400783072549485,0.35788336033202767,-1.5038935134188582,0.4403397861958853,-1.3825596799709887,-1.1411360749354018,-0.6288604069043797,-1.4540658082657747,-0.051207775317358185,0.6031592434397897,0.3597835743811247,-0.13897499732460059,-0.7702893527611022,-0.0366392220479087,-0.5749167224862237,1.4485620027933537,1.3736888858463747,0.810718534072893,2.705692776754433,3.219809040802022,3.3930775275348912,3.5549027489168163,3.564610810136074
-2.043592533841355,-3.225172795533192,-3.8068401909339875,-3.7945984193054914,-1.857550006748841,-1.2975589026432754,-3.522163498472625,-1.0419075412963061,0.7146894541200851,-3.3845522386677933,-2.4233922575906286,-2.6070396221638106,-0.2121590539689302,0.9601901747572598,-0.5500461404572257,-0.6730831662002051,-3.901056384782857,0.18039032809304145,-0.9962912442522142,-1.5229579186286686,-0.06962452458545834,-0.7920349374228048,-0.4051185457999705,1.3321179978385556,-0.9192146148397673,-1.4025166133781675,-0.14134259068901403,0.173914468598367,0.8197008375662412,1.8021676380893217,2.1989198091186593,2.9133410718877166,2.0273492694619732,3.8592764207085355
-1.7164264425548665,-3.0436707255563666,-3.8807698337390795,-3.742650848920165,-3.0274890648983974,-1.3403011236989946,-0.6438734663586914,-4.937820665214326,-10.159336332682265,2.4415903392246174,0.27992611579065135,-1.2876668740380683,1.3863787317652614,-1.0439942497839239,-0.5156482182718253,0.18685338360065892,-0.7204865408311955,-0.8213373103223999,-0.4411906633447061,-0.6114407473636592,-0.2412676037956113,1.221578203124567,0.5048330951995569,-0.38070527884898453,0.22941403604645605,-0.12807917632098476,-0.2180148294369395,1.3542517095640585,0.3444234695307994,0.7483452837188997,0.36068882211641917,1.7161696466485468,3.147836572628351,2.520454869576263
-1.3489246966618578,-2.8731691371501267,-3.839459296607108,-4.036222110742156,-2.0276839471956407,-2.1085382025628037,2.449903305076686,0.2744422508968092,-3.6414311604446756,-1.730728575451139,-3.5577745399125837,-1.0666111114502554,-1.2624628758268672,4.096416014798435,-1.6894240288446403,-1.1240928887955897,0.8662087758835775,-1.3561471268226846,0.7782683076545704,-1.2897214127296082,0.2388045519232147,-0.31243552784752887,0.3432328235115974,-0.16066515436689685,-1.089468822516159,0.06896607204139352,-0.3855307556610342,0.39073168936710856,0.14662118525126813,0.43625784243863786,0.2558002261105407,0.4194137302038792,2.284595430453604,1.2138834194457422
-1.0244330513846363,-2.3693964507262,-3.4728001623378804,-4.248347478728349,-3.3825531677179925,-2.3787308237535845,-0.8300939516864331,-1.4127388156123015,-1.7359108378836738,-2.361964134028655,-1.9762673184209136,0.4469097982500268,1.3873342790985095,0.16217662709881858,0.8739905334214425,-0.3557561626595731,-0.4257541417894726,-0.5207410492655165,-0.545931503501777,-1.598483924943871,-0.9852203261675159,0.4322024020907324,-0.0897367370282769,-0.38089983813233436,0.33880916640345554,0.1631751929745429,0.7095315864962723,0.5750053144602123,-0.20644940541655715,0.43248477166454746,0.06960169234113947,0.015116409916563732,2.0985731629045925,3.2697677498192785
-0.6165924851049734,-2.3112753873555913,-3.4624814830442694,-4.747996264498521,-4.942281892604235,-1.879671683962257,-3.528638096060786,0.029374938545071304,-2.5722143598063814,-2.9547885806771896,0.8806986793855874,0.5628440932401679,-0.15007427270187976,-0.12231832433260134,-4.244222651271928,0.8542374179611578,-0.7593220340728974,-0.23157341393991512,-0.9710296743875575,-1.7936754232102339,-1.305577730773449,-1.268021244481838,-0.2653453906766251,-0.9358706027176842,-0.5530602640364259,-0.4848628839064305,-0.5301122416313682,-0.8693418701124207,-0.8075233399184705,0.253158937420415,-0.04162216889559694,0.08571471876001968,0.7921166736306446,3.758735110904343
-0.5970837549440701,-1.9430852314897253,-3.1635942918156137,-4.959665063469661,-5.668784514194364,-3.0250781179988873,-2.5455009068172942,0.010837281323153484,-0.5192962719910079,-2.4205178278238844,-0.3294537529162151,-2.3769676709250467,1.5961730674214516,-0.18864190272438486,0.01141101314825424,-0.8844458170405504,0.9921795349037229,-0.80834854448818,-0.673873611576887,-1.411529892957079,-1.769284021172717,-1.0109388605113174,-0.97894602180076,-0.6405510543928258,-0.7548730673561003,-1.0000180534880119,-1.5538109667373838,-2.3465305873499007,-0.6790345265306016,-0.40115793677781403,0.0631672258389638,1.1808449966197192,3.260862547273825,3.863307525030342
-0.07570239030429887,-1.5599697787584021,-2.8426423690273954,-4.099417987918775,-6.136628887743879,-3.0400479297454712,-1.638945687748966,-6.2971426111280575,0.3427579311207127,-2.928381639580841,1.9342177342091549,0.9372487365676389,-0.9808469579749447,-1.2142919174179054,-0.6438336326232181,1.105926475298148,0.23149698620376913,-0.947625566221657,-1.3278491561502694,-1.4142737019638134,-0.5726341731030291,-0.8944845498447768,-2.457467747650042,-0.577119962555432,-0.14772942226296026,-0.4326061902196402,-0.3313562455562663,-0.8024109797765092,-0.02387912141568299,-0.058787462529450565,0.7149762706591893,1.5318441748109808,5.352629357302254,5.597513664641581
