script/wind10m.json
{"header": {"parameterCategory": 2, "parameterNumber": 3, "lo1": 3.000054539987559, "la1": 64.9999836372058, "dx": 0.5, "dy": 0.25, "nx": 34, "ny": 52, "refTime": "2026-04-21T17:00:00.000Z"}, "data":
[rows 0 to 23 of 52, columns 0 to 33 of 34]
-0.5544574843514967,-0.7373839853881373,-0.9458739653767413,-1.4372166244678781,-1.6238313741712185,-1.5804445220760763,-1.3535997948063394,-1.264842079676539,-1.3980364097380529,-1.4964019417925105,-1.4416280029192612,-1.3135265522783848,-1.1233353762781513,-0.911177901973905,-0.564187679214247,0.34548556691411697,0.5566878989906426,0.48567620260741196,-0.43641425730958544,-0.3325224497428296,-3.3931921714361475,-2.283807964626584,-2.9592539408137806,-1.9361818206878183,-3.0455617340338352,-0.6018383649970701,-2.225690475479335,-2.1732082166837907,-1.2607082974196213,-2.3297987146491352,-1.6330239324246518,-1.9196974147646708,-1.6299633111045073,-2.208844654355122
-1.3898263616334225,-1.494344355024194,-1.678183594941088,-1.6589915062173226,-1.3427194948987018,-1.2024193793353701,-1.4100078324138472,-1.6016584520955042,-1.4207561789828935,-1.1023650705153127,-0.9038507576908694,-0.9123930063672249,-0.9193230884089496,-0.7358148987846411,-0.1425154693841084,0.10987669578894785,-0.3104070483066018,-0.2591441833705761,0.11300807250443516,-2.664001155724748,-0.1541939011894922,-1.4494661306712693,-1.1992105273635205,-4.599756606540207,-1.665150764564113,-1.1237942212030319,-1.0372366084143674,-2.2035414661294017,-2.001352071494496,-1.6713240624361532,-2.1408517320061455,-2.222720165199296,-2.4624078430889136,-2.3186143967124533
-2.1675184493035666,-2.405849016495633,-2.09248802597653,-2.164074126070989,-2.0538582045931757,-1.9927098872920181,-1.8348601897765275,-1.5232522576194747,-1.6178079297818564,-1.559848805382883,-1.3370351638169127,-1.160752842456043,-0.5693348690711717,-0.4030303530268367,-0.2936355224424098,1.2525846736541404,0.020865912871796993,-0.9392263584382686,0.3432125710300564,-1.4872650159445702,-2.229308152932649,-1.8891756832335733,-1.6399273858416907,-4.238912251902862,-2.5838639799198955,-1.728370891648928,-1.3368721702125208,-1.6619116132726335,-2.0629725021011778,-1.9093847154573904,-2.100734420916027,-2.3311108646486214,-2.0946809496254493,-2.295345943042739
-2.319449691969316,-2.3046507250290493,-2.0426756002851496,-2.002564070721065,-2.102288367121934,-1.891335800498855,-1.97250336601031,-1.8723580398406634,-1.5922368248276308,-1.3203750082625065,-0.9028511395884276,-0.3840663364705924,0.54872836318267,1.051749615994241,1.7085209839032651,-0.047923526694384794,-0.5302063455963453,-0.511712159437682,-2.527237579649576,0.3004974979588051,-1.409670812223589,-2.8495522841825176,-5.253669745291647,-1.1612627074278274,-2.1745087135408188,-1.913516969596172,-1.8751847296024575,-1.9864951240324529,-1.5520495539456796,-2.1243070809123092,-1.7421396674998066,-1.6856865985419676,-2.6992007726525094,-2.855999150345015
-2.5481590482216547,-2.4135872294735634,-2.207028151417779,-1.9268993185492607,-2.227503426547453,-2.009464995322588,-1.7914683090794121,-1.3300827800512804,-1.1501688612999905,-0.758852633912005,0.005191488693933927,1.6630376537008418,1.5613928484250328,1.6597263541921294,0.8829632326755554,0.4623954398162815,-1.1294578118320442,0.7670950177507466,-0.20750756486094557,-2.365587633247241,-3.183726382871448,-4.853919194660265,-2.514671994811914,-2.8234352130428366,-2.218962732662432,-2.693359291178611,-2.1480100042667423,-2.1629727386162876,-2.247683443702587,-2.380073160327835,-1.8835630384219562,-2.2935794257999746,-1.6796792838561592,-1.7361079766758833
-2.7059513914115696,-2.461841764338501,-2.1854144541514993,-2.780265763558761,-2.6007950815960346,-1.8865942775028368,-1.4049784990617058,-0.9137656646252281,-0.6950715232177679,-0.12161620160460766,0.46886269403039765,0.8049107881550537,-0.23037904551073338,1.059582713645295,0.47952759062296985,-0.2245719711766238,0.3032562524224717,-0.654458960607537,-1.739273415710424,-2.699165044796684,-1.783060145040353,-2.7673752169775154,-1.8929807069027198,-2.455382937121937,-1.5596572498739543,-1.8116754189025674,-2.1743815518765954,-2.0227442442475274,-1.8941804503979565,-2.2581488769484688,-1.7017431215109222,-1.9079680396560739,-2.3954216812096494,-1.5167945215005465
-3.0841663397195895,-3.0363488258966735,-3.165586895144822,-3.25167220970048,-2.3483914214788726,-1.3041859787421384,-1.1293590994965041,-0.4931635193670531,0.20662982042366584,-0.4603804666932875,0.39806500027050956,-1.2922068516179543,-0.8520864335792792,-1.654071650253709,-1.6500814513872983,-0.16156090043715615,-0.4803145323875556,-0.6300361875418448,-3.145218980789448,-2.7280769445712214,-1.7242223877726641,-1.8426197923430239,-2.786410695426736,-1.546190238649394,-2.5036117125054114,-2.2915057272108363,-2.091690949055202,-2.907943738278212,-2.347235451064802,-2.204956043388251,-2.236495298028081,-2.035808207642642,-1.2595807072445453,-3.3177724736013805
-3.441930391110721,-3.8458983142585814,-3.7806197172517675,-3.540943227397633,-2.3358666233892627,-0.74525832863826,-1.3269825847433674,-1.1167068588217404,-1.3272772299366316,-0.6048883980799351,-1.4251856317163405,-1.1286859022691564,-1.2935737544464994,-2.1734500739430724,-2.0374483426438084,-1.338586836738152,-1.35228110984377,-1.6723988266578416,-3.3870565519269324,-1.756648129773793,-3.462313047206073,-1.9987931913391583,-2.115648226338403,-3.1697824608696457,-1.9132678031895558,-2.4005917203609473,-2.574660919860945,-2.4175491056251572,-2.1117309514543576,-2.657021687263127,-2.0652843082899497,-2.4262354459041156,-1.322353278883255,-1.8778409080179828
-4.1428724785331825,-4.61582375520361,-3.613424631291311,-2.998650844234606,-3.1958969158569532,-1.4406283977659853,-1.846036408322215,-2.0439688235497147,-1.2913031599815492,-1.4015595625639417,-2.142078088559723,-1.2180360430174657,-1.5666038776635667,-2.727953746783915,-2.3655304995274635,-1.6945156477694012,-4.471371718527581,-3.321773701770127,-2.777338730916327,-5.86726843260334,-7.377392740053672,-6.775605302526669,-3.4752625051499817,-3.1786220221196024,-2.4036182579889207,-2.5278918390442064,-2.9919853969899606,-2.279228398780142,-2.7118952966996535,-2.055684538879185,-2.483547957714314,-1.1542789103610955,-1.3611606500815667,-2.4975602223432998
-4.601529935857463,-4.224482543355961,-4.155487351443451,-3.724111494063636,-3.549043366281425,-2.0783316992523155,-2.907312770052686,-2.8755171943537423,-2.2886543143421405,-1.900321033062036,-1.127893911404281,-0.9448777990309107,-1.3455048237953695,-2.1510991633747096,-2.8311635955805894,-4.423237805491594,-3.136872797276785,-6.424920788135359,-5.678439663895699,-5.439499455663167,-5.036032796766197,-2.6268542330086904,-2.5478427817611458,-3.1534239900756673,-3.057119351712699,-2.4796272418681626,-2.7498587243783588,-2.9161537960810633,-2.804642489972121,-2.9146316544811093,-2.918865154564101,-1.4224102093812034,-0.9710837222306828,-2.1926751206007
-4.921897118486646,-4.63864563072029,-4.094748952096055,-4.564919465164605,-3.215532366721424,-3.767896260257087,-3.886345166388969,-2.407638338441939,-0.9225464021655421,-1.1221680216046794,-1.0005986849968613,-1.5048347534088578,-0.9274802798387501,-3.428144012993762,-5.020207596397417,-6.599529853677037,-3.3663289961732694,-2.666033810374597,-8.912721692362586,-2.8205161806018646,-3.6358775723560033,-3.14586326969707,-4.585438033068377,-3.237210438364567,-3.5135147409772105,-2.3653428863786115,-1.4430556291308476,-3.0815699524448945,-2.1586766716988985,-2.5870989924078662,-2.746769931131597,-3.3241848500299884,-2.4135363233564444,-1.6664819357117597
-5.6028069785656776,-5.8429125323104,-5.3325891231027605,-4.90686894636909,-5.343085868057151,-4.573671034825405,-4.111882419244433,-0.8625913145807967,-0.9465489506890724,-0.22900137526646447,-0.740315866983691,-5.445695927599319,-2.434607479357879,-4.979924542557948,-5.115190140323142,-3.006555414322859,-4.368525378455599,-8.210840563985517,-6.54121830347091,-5.033691246070074,-4.063280663749428,-3.2211973803182645,-3.7375310420834555,-3.2173840248225547,-3.171727040275522,-3.3287120364161047,-3.303370169240813,-2.4480054369080397,-3.1670755888367497,-3.187337273261634,-6.5414273738630415,0.06143570590795052,-3.353718871687253,-1.9568355128023627
-6.44630673556093,-5.4150292514438085,-7.307035714135237,-6.535706012240446,-5.3306139843482905,-1.9405413588856542,-2.5246366948153174,-4.296851065852107,-1.3075673205604075,-1.3039486495675703,-4.7098000624800465,-3.84356544380196,-3.9570467910148146,-2.2954416758957716,-4.5082470644583195,-4.388772226255426,-4.610798814633525,-3.3166055825348395,-4.769602255760074,-3.710244549600418,-3.8934600574466325,-3.1846608508094025,-3.558684826870768,-3.0602990000199704,-3.44078335852621,-3.344985278956823,-2.7842308255074464,-2.5993796893420624,-2.41723945978083,-5.308463502042788,0.09959638519387733,0.14910382960682608,-1.6812629876710419,-1.5415603343450557
-6.462673059032606,-7.826440458777059,-8.089069987150745,-9.57917649944996,-4.881612732086937,-3.0787797288401464,-3.3008351423519313,0.16468567564352632,0.22543558358487867,-2.4927618489701815,0.34064750663848653,-1.9994223529559452,-2.0164727577571124,-1.1427294233683443,-3.827563815764968,-2.3580617850706695,-4.426271024432109,-2.9435151101723047,-5.004944612539499,-3.285802284966068,-3.3090171600148084,-3.0471321381003036,-2.7500142171654574,-3.0679061962670584,-2.6025129251480026,-3.4337333602150695,-2.949396341296337,-1.8538952963542141,-2.498138534066209,-2.4927402945646575,0.8378720243107272,0.46818438858346284,-1.5598954442008268,-0.4198879350862602
-7.290508517849402,-7.7673865793435075,-8.52217962836092,-10.780961229477464,-6.2059355659959525,1.0573154643927034,-0.8356712841133942,-0.8121890912514654,-1.5604483911798692,1.3785790183213622,-2.353656833869079,-4.718213688211766,-2.558236491974082,-1.5416894835924468,-2.018590621835988,-2.1901981220307936,-2.31955182015626,-3.2769482264382384,-1.8096375967529805,-2.6755712731552816,-3.2400005721671814,-2.924574524926153,-2.301092817565932,-2.7333938415430636,-2.8374353460662425,-2.3843079037590584,-2.9524506732933835,-3.029158263163212,-2.6753883001112233,1.0701709566388404,1.5695960921607455,0.6065248644644227,0.6323135392107069,-0.8513409217954376
-6.994825362269099,-7.387656405039405,-8.860055620284493,-10.055175483961085,-1.720434185775755,0.44690242383431356,0.4483561955905829,0.4221369631117351,-0.7452299273254918,-1.4087651715072544,0.6548795803548987,-1.0810124710147775,-2.4041378756816463,-2.2719584297581426,-0.42692355554060046,-1.2516129064211534,-1.721568385949309,-1.967357354211823,-2.450677356664881,-2.0977593006606705,-2.425356383473925,-3.458552011549696,-2.0990592138667394,-2.162627512653536,-1.8725618192731628,-2.361460222558928,-1.5485534935949414,-1.8165244594796675,-1.885519945188879,1.728775408731105,0.639638049681141,1.1087839843543021,-0.582479215145155,-2.0191154219079626
-7.788520210036939,-7.552983308792046,-8.85125394811137,-9.099643293005874,-3.0352699663545355,-0.42834993470237226,-2.943368495241665,-0.44349988107371174,-0.8098954620749926,-0.705741971441632,-1.8008309685442188,-4.460210314390437,-0.7913561232056036,-0.5501956056424195,-0.06299029166253647,0.030154500260552858,-1.2298700383569314,-1.960363532246068,-2.489822422404337,-2.498937333723949,-2.706029136630111,-3.759602271992806,-2.585853274022182,-1.678648594374128,-2.4837743420593386,-1.500567335185491,-1.556494731066787,-2.256376054714674,-2.2361357264231674,1.7462419051042375,0.7455898529997794,0.21634993324344198,-0.9973471158293025,-2.5308464125825796
-8.20926127445568,-8.10326270876333,-8.82167750845059,-9.39071838831175,-3.319325688450002,-0.7680047112279974,-1.94817264660103,-1.4652339562792958,-1.5536295569611385,-0.450520455957142,-1.8490333600020614,-3.3469794908419725,-1.5325348743252747,-1.8041789267825867,-1.4650938471857877,-1.1527671686440262,-1.4255829119060373,-1.7230976741248334,-2.4092788921748505,-2.8511909268060265,-2.718027764632365,-2.1424699604974897,-2.381046542614503,-1.6686203508647104,-2.074476746658433,-1.0577471319291447,-1.305837403980308,-1.2974287491132122,-1.3567756776054487,1.4925128139563475,0.9892724888843524,-0.5091977965236903,-1.5150907071711108,-2.605958291423758
-7.9483864499648655,-8.035735863293644,-8.890366993328419,-9.282552146505562,-4.47548550802907,-1.0130852623378757,-1.63406653222432,0.2626468502787771,-0.3976363330574455,-4.371553722368265,-0.12714093240750043,-2.2616470650671703,-1.7310588943245795,-1.6048488826828282,-1.5539370724174626,-0.8983885922540306,-1.3728723274943124,-1.3652272168059643,-3.4553810157774523,-2.3436975240908215,-2.0754159309723943,-2.160249643282766,-2.1698649736107782,-1.1975913522569204,-0.9825446978707244,-1.362491697078863,-2.1013222417332433,-1.4365646402779477,0.19062132167902615,0.5746676695472657,0.5097231223083971,-1.0991234105125893,-1.5839380894769837,-2.8184847069541514
-7.586153977571841,-8.09137781655451,-8.76606159145008,-9.096881677057787,-3.048302125923472,-0.8228375439444156,-0.2881081056137775,-0.8929164419543496,-0.550734269772452,-0.014787056526800384,-0.5854915412788446,-1.351538540988622,-0.2358210375661218,-2.941413697264172,-0.9598558502205364,-0.835462291367616,-1.0846362370944815,-1.6988160955348839,-2.3622288586734244,-1.7223894849511003,-2.261577409396487,-1.4418655777715987,-1.0551002778624865,-1.5087826678889449,-1.016865302232786,-1.1607751137578168,-1.535532752722889,-1.211784539671787,0.05236592511392737,-0.2984279495693023,-0.40077967386296887,-0.7955395812253426,-2.471046410820222,-1.239218990446588
-7.942600821254738,-7.934582932716812,-8.68949750439983,-9.297032868468385,-8.44537202618289,-1.6135701835270597,-0.10932502324266102,-0.7279961090124515,-2.6622562407120203,-0.3149463368171566,-1.2002674932460904,-0.7337781435836349,-0.17875103894321945,-0.544756340940321,0.8567138106776223,-1.4515611008776368,-1.379932681457457,-1.396496029589034,-1.8216279772878394,-1.107153781320775,-0.5759463992608541,-0.9537555189929677,-0.76905634715066,-1.2091564284345204,-1.1092331282542651,-1.5004226256972863,-1.0955070245125214,-1.289574230568308,-0.5137546547321787,-1.5062862412762035,-1.2104428828808103,-1.0929102268356992,-3.7311153330464677,-4.207239313067511
-8.012023791690767,-8.17272207567259,-8.576226983690804,-8.723663898150638,-7.499520718950123,-0.19441884227630138,0.16516274596170877,-1.521499928538748,-2.256105416863545,-0.5560835233230575,-1.6176088490991278,-1.7035164083631629,-1.01326024203238,-0.6712320045109151,0.7535093712531306,-1.8176882095987341,-0.5420504152559119,-1.385774566135222,-1.2912825713433433,-1.3375122836463016,-1.505110678380194,-1.2848220151881682,-0.9955073517481228,-0.7219121252659466,-1.1126284458179372,-1.4254961074605663,-1.3903201394842588,-1.470994899016715,-1.5453247841347866,-2.1246901847322235,-1.6863882589793957,-1.7565616936075679,-2.136181964555176,-5.886549305273958
-7.269735546699469,-7.223814208262792,-7.871101372891134,-7.421714007335681,-6.647753941377796,-2.255240426101229,-2.227723153549339,0.6823808467191829,-1.4307454810789046,-3.582025992792008,-1.686096471677379,-0.2358000627543784,-1.2717139108363247,-1.1187854398823598,-1.6733859736689116,0.373752814446299,-0.5703919861271946,-1.2346531095438014,-1.0530176554287036,-1.2910615307041808,-1.012552978424827,-0.7430165004203216,-0.8672984770553003,-0.8249879568273084,-1.4745166790482895,-1.007636123806867,-2.7285668185779035,-2.6923477286820416,-2.14992399684752,-1.8772070744581795,-2.5238243946335017,-2.5007288663247613,-4.410543559225533,-7.270891943384126
-5.854333666476588,-6.40610332209588,-7.211339078554851,-5.860754197572567,-6.512076249104064,-1.6398662333128151,-0.42990141520717823,-1.1041268920443945,-4.270262277357858,-1.150707585707494,-1.8655437111886686,-0.43773977801586345,-0.8911927538326029,-0.7268890762892325,-0.5920655785116656,-0.8493874099102973,-1.2031108156734789,-1.3346799606601878,-1.0568925364338648,-1.188553199552979,-1.0258726612530138,-1.6381603434864949,-2.0375539411251853,-1.1615331540314229,-1.866168537661599,-1.4598986003230443,-3.6356490751452384,-1.4201172362028047,-1.6334866798264696,-2.0474047794113197,-4.172014981321772,-2.886164567026984,-4.186246135680597,-7.629190356619696
