script/wind150m.json
{"header": {"parameterCategory": 2, "parameterNumber": 3, "lo1": 6.000198445256149, "la1": 58.999992894266676, "dx": 0.5, "dy": 0.25, "nx": 22, "ny": 24, "refTime": "2024-03-19T12:00:00.000Z"}, "data":
[rows 0 to 23 of 24, columns 0 to 21 of 22]
5.204320358986404,10.368829485780324,13.372469577230946,6.439861832249306,7.197636228410451,14.671287033665754,7.702106138308315,6.9889771287702045,9.783990335143038,14.577492659358882,5.1299257004025955,12.932295747883824,10.394163931622215,3.4783459050847503,3.2941412305379947,5.602966033918181,3.3326167480464193,8.3472712684407,4.016130032265111,9.64400562875666,10.510594019532414,2.9565061723230555
2.7384319464507545,12.523012817037339,13.334639997627349,4.7996502307088935,7.30437572544644,5.005345268158929,6.776410372278062,9.926411607384502,5.803193227090702,6.422717919442047,10.546274284094313,8.865157904207733,10.77426720989653,12.937111156469273,6.118845211198063,6.982924809494929,10.026614192359942,4.189447636422522,7.223226606644242,11.01444413493271,6.204218475294287,5.934036501081248
9.733826312424489,8.432617604205074,5.766995600010555,5.334370614076092,8.73645524197578,2.5079565684553256,3.931491394234679,4.587222372198997,7.056228606321583,8.165063696358546,7.47506091471227,7.71881642673242,6.2423394552362845,8.137448174633645,5.8559497456438105,5.832977535251184,12.068738328494897,7.769018719834543,1.270289370817557,0.5298824684058872,4.946075804953719,6.168010720117882
6.8272118505166315,9.65074028609994,9.188438996720619,4.239653663693268,8.325946701910116,7.157281394660678,7.9175099364871055,5.322919425060938,5.529515120716771,5.894137292049856,5.1020510157437196,2.8028046219937015,3.5466770997702013,7.556040208313769,7.369210434276515,10.14436000569938,6.815696324757182,7.086217035769566,7.29930509642132,9.569836877783837,9.338010005587343,6.744237333660243
6.917358808699271,5.758955794042456,3.687026381187873,6.3835645367114475,4.57750855686588,8.243718831753641,12.301974157123817,6.752176869988907,5.228683100698956,14.88071232297208,10.113939711019128,8.661928132515623,6.78703348655206,3.1552943004728973,5.491435929943973,5.543122637516034,8.595623308541342,12.74043369449616,11.923855897269261,5.0542114001350305,5.211635370830232,9.180426562336518
8.173900227873398,8.156753696904156,3.0670430597722977,6.3016047938318005,12.399823293312615,7.5924367618286395,12.806451840286305,9.194512676485541,6.203493839719591,9.271386914274414,6.5405933848469475,11.731185419223431,9.340232442833775,2.321270667714096,6.438103230643103,-0.9958684781969811,3.433193988895327,12.745379313943197,5.205430021102275,6.406042990639258,7.43847599171025,4.768632962203674
9.533081980119553,14.316213330953794,7.08798643829366,5.400813507470449,8.54288840057847,6.694805785054841,9.917585723219675,8.942884545443365,12.71268954532862,0.011118272211261786,6.551687755072846,6.995511677824192,13.941645388691894,5.643690619087913,13.562072209545152,12.330085346238103,5.739651818939971,11.580344475307887,4.699913413170443,13.921999523927484,5.474363044480968,7.718573852220887
6.621531174120364,4.967523613459132,7.388420273016165,11.419821654269267,6.226336721539186,11.818348228307311,4.1960823143368335,10.2844833476744,14.525665444843435,6.531730429960333,13.300505628345848,9.84716230291829,5.651477373797009,7.616257777965891,11.16776061668156,10.19286932420214,10.67251287665811,12.504226853296121,3.4132070219044977,6.4603441246294535,4.468325773653772,2.0595981763395486
6.957014582420912,7.509060869976825,5.506089544644785,6.564300576198493,7.471900199561884,12.644948975406514,12.035223515967369,9.921663850120785,10.05045421501749,4.09406941165414,5.78637009937424,6.748961889017779,6.341829025817221,8.071373555977205,6.080646498560837,10.442836744416507,14.75024189783088,5.781033663056048,15.093257626863558,14.006806987334379,7.064597108580647,7.431125381635589
3.8227372489897746,6.079065913336152,1.524766287031103,7.943691399129546,6.8197810419322895,4.206772400288589,12.539055120665655,4.962885605355576,6.266578938438762,-0.8527500498250257,10.713984092838336,10.369793773544808,6.00514129416641,9.158257922357802,5.330309221496688,4.745674905095551,9.482181777399372,10.827896249892044,6.726908894481797,5.012242138718867,6.332094195030238,9.645874000835146
2.7424797169822335,5.101007791721219,8.686931255354303,11.379473063593677,3.571096810215096,7.480309644939532,4.022473681275023,6.002688001174201,13.45835856793758,5.498375135922316,11.0162383338621,12.64541589389999,11.346754744587987,10.621467872156172,14.564316173810688,8.536911688051255,6.772033915792077,7.4366855818860556,10.084616999794786,4.969151445018315,12.737069383797646,10.786545438712745
6.504106066743938,10.921330627415568,10.550968244176087,4.956825463951699,3.8080998721688033,7.23464282386463,7.059000419176707,5.425141177245242,11.207447071268312,5.725583045918386,1.8516178382106594,3.2149705081516964,6.968896876878811,5.559517136746086,9.829600203663976,4.589031679575649,7.818223343109944,3.899699328809148,13.156627672853082,13.99003048670972,13.459310395102607,5.494154017857153
7.520155668422648,4.331747805140317,10.562422482949637,14.180118231802009,7.161777870846833,8.829238095853468,5.460745960261067,8.375390706826195,6.054778601282178,10.40954372843644,4.6121504704031,7.951735070742229,12.023589453985586,10.92248975626554,8.846455002040802,9.047831880249925,12.421254016842257,13.83083730471055,9.955981994407383,9.355282331308588,3.5310225353862394,5.916290960184443
7.031235533869866,7.638799826902243,7.325363064777248,9.36491274565066,6.382437751072677,7.033256626065608,5.843649427357423,7.724498705214153,8.588072578058183,15.351975455568184,5.8606573220149984,6.46948691465492,6.502411335927337,7.975131423582429,10.978204845766337,4.463181219776264,2.522731784781014,4.760995696772606,11.75888908352327,12.309700822470774,5.05182824054931,4.098860246891602
4.096424484717843,3.7933754837887967,4.304476034423532,3.382475944785444,4.27986100332515,9.223913951514028,12.400444538292646,7.280245026470965,4.732866486292343,3.516621915868649,8.650612929923001,12.138995748324197,13.363850572123877,14.108284720775131,4.9660492274150725,5.242036417242857,5.665933961906787,3.606019916627562,5.387807901919073,2.875553380259583,15.286349539929748,-2.835838542184082
9.548291791047387,3.477592845843627,6.919507244835088,13.793352652572633,9.326534425820135,6.4925801801682805,4.777678899866419,10.977487485202253,5.310858225610717,6.591945733410898,4.822472709923517,5.9409579734841085,11.470684285069911,1.2674809846977424,6.60149831549585,3.384965426241902,6.310354815766184,9.074255225627239,4.254591163687631,5.483234314815594,12.436710449199271,4.483224357227152
4.516699564140463,7.4490268133546556,5.506788063847607,3.742994081313796,3.979824580841193,6.938063889896914,9.53397029474092,8.255916442999801,7.7769076805870405,4.866032770659095,3.61803935985984,10.760110632113332,3.854880007331356,2.0929839646197723,3.222093243754008,4.844061170292,2.5094235715050472,7.678828004848828,6.881904837220189,15.836115057602928,3.6867748422579867,6.838128835175753
4.668831265817015,7.442829490312444,12.744217638610287,5.385838093686843,9.392475351601036,4.9571518454891175,7.2093900290755055,11.39510051695607,12.17697360543268,8.983127856645696,12.639196426938721,6.51708080030188,13.814775410313343,4.4270368788219265,6.3393803111015545,5.501430064301284,11.084519071883587,12.51742171175753,4.0993615291712855,6.827920724647895,12.033690111713204,15.409244946516882
4.0607792724490315,5.851401347657921,2.3986434567285633,7.041417527987439,6.295166339281863,7.214225147389843,12.863218838939048,5.8760594734222416,7.981476004342696,8.704490646793225,7.973302942185545,7.390674962411429,5.563855642090235,14.043100344054555,8.040264519944817,4.400761495982741,15.241257437618998,10.41976122902593,11.598553228905187,5.307672727182959,7.5664447366231595,10.135938924382764
6.889354994839325,13.156536197023351,5.958301525709277,6.394250183221999,14.822439443072549,12.702493665676517,9.189166996054341,5.056300746315442,2.0775815060652225,-0.7611344521458433,4.7873010638826745,11.965491040753323,-0.39210222917693754,7.063542002393055,7.003204925584121,6.685826037562352,7.63578824807809,10.355735556278685,4.335294611065355,6.141680772986533,6.5106618155751725,8.32212498119854
8.371574089703973,5.552986474156696,8.34698957791496,3.259975698315256,4.524390214694589,11.798557037197371,6.790732930653252,14.127458041700656,3.6727310462366,10.814051478515252,5.508057300564346,1.1265787455435676,8.48054668287622,9.525577164193674,9.265866466594234,14.998717538767332,9.311866442363758,4.967302278953709,9.149469935714645,5.964961093636399,2.8312534908571543,9.103574926766779
7.083212466077635,3.6517232304781455,10.084128292688193,3.7096886827040425,4.486004795720741,5.362195163385148,7.0745411396595035,4.813694630328605,10.27602811329968,4.0665946025012865,9.398739225689487,8.282194995503179,3.517199540379022,6.303662842251227,10.443374539940152,11.1290748711881,12.388903042240106,6.379695574519657,5.72513631640094,8.73798204599382,14.206911741433522,3.2671353359459285
8.506289861532409,4.455395714989243,5.67590376157769,7.636189865649858,7.110124691603654,10.73640620771867,5.548947447196649,5.545665583599895,5.088647364852374,11.025164201929531,3.2815215645384828,10.377948488491244,10.382846868268189,5.007743780518343,10.723422942486712,4.563296483056645,4.176739187626539,6.212180999699339,11.090602393131363,11.49405211786715,4.861004723780064,10.293827520520502
6.2590989554190735,10.617362420940745,4.975866200083827,8.61008080336992,4.186517038100256,8.909020826063053,8.91528126174242,10.747692961129495,5.397681971805809,5.599687077529436,5.466519775413679,5.8426647951830235,10.33334943261024,5.155471443967208,7.832371250706653,10.775513722714726,6.68158752009496,11.894588361889175,4.791125849391936,4.045230161797862,9.846592594267312,12.287566055294414
