script/wind10m.json
{"header": {"parameterCategory": 2, "parameterNumber": 3, "lo1": 6.000027932988019, "la1": 58.9999434238085, "dx": 0.5, "dy": 0.25, "nx": 22, "ny": 24, "refTime": "2024-10-12T23:00:00.000Z"}, "data":
[rows 0 to 23 of 24, columns 0 to 21 of 22]
1.9344217750085644,10.02971061772141,5.94305823967599,1.5183159488519846,2.195747929410287,1.4102212461720651,2.4296363517564057,3.524493958242948,8.101010934900069,10.067683865237846,4.408044723800183,1.9566378378420424,1.9096376237167858,2.5543233498327242,7.88958654223703,8.702985105850917,2.135711841291759,2.706727731903175,2.6762497954700866,2.289488983224484,2.6159253307323618,2.627238199706135
3.8203311657125116,3.5563189739664054,4.255577254749447,1.981049344792934,2.3869984193475187,1.6578368558724748,2.9948296693685603,10.088426611843888,10.988744229693769,10.326402052993854,6.888429381134399,1.8183796736745714,1.8606494137218021,4.025410213760274,6.341410027458936,5.0949593284484616,1.9726982134603221,3.1698240424758715,1.8656622230033832,1.6671277826109898,1.9689669378381205,2.2560371527307588
3.1076895368873445,2.5151890502454304,1.3455093062572074,1.0288698342789462,1.4171549189534705,2.687447955953207,9.550275097477348,10.448041065890514,11.157658739029932,12.015442948049373,7.686157828576762,1.9277121046859513,1.114695097946165,4.32487023047766,2.1042721040862227,1.4760319309241647,1.6256291208791134,5.624623132350644,1.3536197201395648,1.186554041124801,1.723452087769578,2.122831182393622
9.013165214051616,2.5478825303641823,2.2833716342363846,1.203531065361575,1.852988163121467,7.984496049637384,9.868973439574601,10.597142226652036,11.104202518474414,11.988967026894155,9.579960736216366,2.4597981829541626,1.3400505041866393,1.3007719474724642,2.097604907352273,1.7086341799468543,2.000235499671304,5.7760219593544475,1.7329854645846439,2.0380934474370394,1.8740166946721317,1.5176351768847909
7.013484036802089,7.967366993159163,4.6771267177480365,3.689601327826961,8.321678394587854,8.633441239464561,9.976539097134097,10.115832927621652,11.048836384024618,11.93781547113794,11.488555973050955,4.07950856726076,2.1701144498598546,2.0583826138528027,2.995567230407329,2.935976682275521,1.9363560460338873,1.898612926137249,1.7252076846633888,1.2846770386952857,1.8318648925272285,1.7939653488593648
11.902440742331958,10.076462373622824,7.992825978667011,8.701827341143792,9.19235348907101,9.327350880370023,10.825853346056636,10.081105548789507,9.3476017278448,10.522606787788707,12.566358770215341,7.800735780205382,2.9030967724986105,2.825634906290137,2.918013597276658,2.7140153337717767,2.406280100337316,2.1610547861985294,2.518771216607465,1.69510285454224,1.8947382826088293,1.8279512269562537
6.9023693206051,10.265796256249226,10.924305917448766,10.641740118639289,10.200115111265767,10.586309742995036,10.133258975198855,9.438604038277575,4.280858569301242,11.789890192380097,12.16512578999579,10.062938225933186,1.6181950485353274,2.287773393715908,1.8340563130855476,1.8350146022990332,1.8202736266732547,2.189272577980705,1.7537878624817147,1.463356158696028,1.3332312004489155,2.163018653259677
3.509656050437438,12.279468863324393,11.431398732097078,11.062080722870185,11.239474248215442,10.612146413779282,8.798693619825896,5.056684065184755,5.612202260922365,9.028244157400607,6.840368198397086,11.648739514169927,7.723560263952378,2.063306042735741,1.53370514353851,1.0613580350524778,1.416838752847847,2.229382167275059,2.6037537135108,1.9562919641071825,1.618236556938229,6.140101955524012
9.42095297852078,2.8217620017524108,14.16470456668262,11.489535120156729,9.728374109729126,3.460093275218863,8.329854610810955,4.776966038686737,4.249661397396704,12.446583116698914,12.355385251575859,11.968729545548626,10.37313230236771,2.124440696557636,1.2215274408879233,1.0296335527582903,1.6559568976680719,1.8875208252769522,2.6270247664165307,1.8582950513032568,2.7931566130373846,7.284532517005226
5.127629267274601,13.882784276986467,14.256977972249164,12.475454670650038,9.87200857340151,6.0895216166898205,4.733116357601467,4.774537605825851,3.73744274748774,11.048109698986691,12.432948638354324,10.196233161794762,10.014412152647576,7.646080672508978,2.405233192077438,2.1288656444656326,0.6013951265059351,1.5779815622245748,2.060933798321033,2.127001887202556,3.1548297325978556,5.919696934749915
0.5358134868681931,7.433249271516163,15.03209864784612,12.533971520731031,10.053293260172474,4.839491148667947,3.2733444130793914,4.31662255877112,5.4244565536856975,5.322541313509094,12.53834923225448,12.393221250843698,9.263931175964947,7.27879205898508,2.07415565267048,2.4105497589598124,3.33869193493124,3.615880414025667,3.9340181887198327,3.5089442285671923,3.918577827430137,5.570688377557795
3.6929344513965727,2.0593382580950608,16.405397699626047,12.769102509032292,9.696142724212004,4.7120678158869875,5.177498666866966,4.4381446568796,5.071259297443237,6.83234148319194,11.639828756112923,12.219485246632164,8.410712029456903,3.649936612047898,2.7713806237708614,2.256584767424116,2.109941528880077,3.722824106774236,3.70523789480894,4.085384811272004,5.755727835361909,10.918347387764513
2.6823225219804168,4.089041518804344,10.481602133785234,14.635178703674644,9.4914846420194,5.396822533616203,4.242864508629294,3.6870835176235044,6.049240257586153,9.300815993613487,9.99493564619001,8.516269770984527,3.8552309109573155,6.298691993943698,4.314312625770775,2.891234470758308,2.6191448571812836,10.968463592287828,11.601051642889436,11.205503101347913,11.25287079015838,11.734927333566665
0.7427823734993882,4.142697689137692,8.874377711293352,12.826418594238408,10.490108092931488,5.713657896101852,4.840269554181123,3.527635421811835,6.750175037846484,11.216744527394887,6.023886166854241,3.0219106664107023,5.121306183409826,5.767420526720101,3.458891831636691,4.453098928253762,3.1467564773061105,11.003983853982595,12.313726446137643,11.70955334914275,11.991817704565186,11.395968534590365
0.9457986001049994,4.691343409944589,9.996867054254055,9.825696641333158,13.918129073695816,5.850378971541493,4.7038275305671435,4.9206357803995155,3.633105400383685,6.29571250878881,11.231939185841298,3.0515753470061835,3.952380144951895,11.451372359040949,6.309367182447559,5.99195063571574,5.887630377793277,11.101701582150088,12.374690983697686,11.89208331065029,12.001253361040431,10.850444629810964
2.4858253002994823,6.158374626423228,7.764574353574479,1.072203892425886,13.384139886784086,9.030062416248015,4.774527974415684,6.495260273628448,6.864859799170942,5.025418174154965,10.182388205770277,4.934069484704171,5.112116598671829,11.895192634522623,11.184341226464042,11.113894065653197,11.5041222031779,12.537275361466197,10.384937713760644,11.961910792442431,11.851989105996902,10.917845447293093
0.8362416303746067,7.461268367513197,7.8224676762239,7.158400051054412,13.288482657285085,9.795070908973429,5.111694190874243,5.691782937519735,10.123409155615267,7.973558523140264,9.136955574776108,7.061201841410435,5.310170656072014,7.111601347084368,10.629146127158162,11.02930747966939,11.328154079328794,11.622705822909944,8.535595792494933,11.860027837347584,11.056288947721338,10.467620098391452
1.3353069929283252,3.5268149192485856,7.972900231563951,6.626776138977191,12.72119206119166,6.77180959473693,3.9442570515061672,5.126407126852656,11.021571503943926,11.227240330369137,10.560626287466448,5.629532717749563,7.941423436710686,10.252354930072434,10.723396901691158,10.435521254062076,11.166078153628938,11.599808071312209,11.654567107621912,11.638679616375985,9.628533776505101,8.897273365355346
-0.5542922928578057,5.6868286737716325,3.712744648595854,12.988827248838765,13.16450894987897,11.373313241815673,5.441360129035367,3.639328987371457,7.751607108125223,9.959085799039707,7.217244676995634,11.743521689073381,10.286463732137493,7.454790181205296,8.751321214194853,6.057567866196713,10.939929132783837,10.67458474842618,10.882929865468984,10.083204634223208,8.832367477364528,3.2834368186171705
-2.719445043084199,2.820338888401923,-2.0452734321175385,13.870893856165749,12.58815763468717,11.163606226318588,5.306206614944913,4.016831041626657,4.224053569990607,4.754688824472391,6.18386041836579,10.622480792089451,7.937891723993925,3.489849914229233,3.3306049257098693,9.614456992403193,10.960053032391256,10.069560353370498,8.395101318715163,6.921037212543416,4.155877532977561,3.7030092786519058
-1.5539220148568273,-0.20341452598279755,0.6343861396270434,11.00619078961716,11.553042768344879,10.789662281393014,4.252896292425796,4.056346613725741,3.4459923350815713,4.286603393912315,6.096989265107615,4.7431996572186454,2.798184794253568,3.0437374486748405,2.7684755975863315,4.893638844955641,7.04322551480714,7.206276736333788,3.0739365829386287,4.457750005286434,4.006486685345412,3.641091782251939
-1.2175755968684496,1.607407635456589,8.944435040560819,8.184089228586426,8.86603435535894,7.02147619593783,4.410606022282919,3.9762171375209996,3.6393957697220327,3.783218271087182,3.9026802009225556,3.2999063937878583,4.7592468705899185,4.142601749001501,5.468922804026385,4.163641647558153,4.8074116447054145,7.220899884975448,3.966476094313764,3.2955258519715502,4.962864785011096,3.250669964832774
-0.5559000658944688,3.9678320322940737,7.790333085358477,4.767941731307865,4.647138808275196,5.271144933790835,3.173550844364178,2.900508148600965,1.3303362246678214,2.8606704509493253,3.5461850332510094,2.484014144002001,4.2808076173343075,3.541448811543049,5.759548939217708,5.21344678410312,3.5513107762934624,3.364633823371407,4.577853202176873,3.8378598041070386,3.0168363317095466,2.5827764622513425
0.6101129794083651,3.3459287999310194,3.28504405233007,5.18003813328542,3.6775150612440073,5.058477630952334,4.10762196994172,3.389487009015958,3.0454584026813563,3.527149327920514,1.9440084812076033,2.764851461584857,3.7614572625756852,3.174647310592321,3.2738889040899672,2.567557333356112,4.084193056496104,2.935153347857219,4.55291029311566,2.849990878158143,2.396354826591454,2.859591751723943
