script/wind10m.json
{"header": {"parameterCategory": 2, "parameterNumber": 2, "lo1": 3.000054539987559, "la1": 64.9999836372058, "dx": 0.5, "dy": 0.25, "nx": 34, "ny": 52, "refTime": "2025-01-03T23:00:00.000Z"}, "data":
[rows 0 to 24 of 52, columns 0 to 33 of 34]
9.079461660503712,9.39576238529552,9.245512471706585,9.311401210953473,10.48482262369232,10.661026054196617,10.183427750066087,9.267190907912301,11.092575293228906,8.087326695924592,10.409821677863057,7.876301973074998,10.808676455158775,8.92992629147893,6.281260470443787,7.347989303431597,8.156895660761109,6.415165798126989,1.18845899514151,1.8283332892980708,2.7576430325770267,6.879022821023521,1.5797975654386656,2.863367099309165,6.230604317004103,2.1468846208628265,-0.4716570299548747,2.128501862634376,0.5592379631604301,2.7362669130841923,3.083703737198545,1.464612836268498,1.6839581136640613,1.613179242867291
8.869141305517287,8.411763693355693,8.904457102056098,10.513241128008296,9.902134229603218,10.510596804801901,9.406506964054303,10.312770702153239,12.05159641889409,9.473342758171185,8.00968366061599,8.537284339344202,9.893889081102962,8.219997312434229,9.212120615313971,8.690058501999369,9.582811623723158,3.775667666020691,3.967702358694504,5.420621241882489,0.4083858069387671,3.309142743342885,2.335210265932789,5.8502500662370975,3.4312180632216025,3.3501872227309146,2.7459449385884973,0.05777966607152318,2.157940818205518,4.130768048339206,2.5833186761413183,2.082672550591593,1.5369718805613377,2.2074061871015025
8.522945350680978,9.59235395891187,8.846034208007504,9.4659466657043,9.806960752132746,9.505313803982537,11.058169537390484,10.890424551357718,11.060880602527735,12.074088383584801,7.2655678772583,7.431024152513419,8.848741816903784,8.110413670266558,6.2207801532145215,8.787720050928185,3.305526221594825,1.3421358054820662,1.6914930646774033,-0.6158006918636312,3.873169803778452,3.8369585691860992,3.1968665107933005,6.994273446207884,2.970297286664067,-0.08815906779138004,-1.6493675074783996,2.4072059892852296,1.9265324369581103,2.310369504475493,2.855317843243665,1.8899024682668513,2.2758848964666734,0.021154677808119582
8.85468341183858,9.522236172674422,9.882966007723562,10.498715746377261,8.427584803605749,9.478491155524722,9.818535063742134,11.60612330831777,10.952286624247684,12.190045148890167,8.519758271159084,10.42364407538655,7.346775117861217,7.040046623517892,7.261281060818935,5.350903271360462,3.2464322284853346,1.922027209714292,2.36655930867996,2.642698172661521,3.6471791725214584,6.053174670726883,3.397195567499026,4.1009043795520395,-0.4711193465947784,2.017740838062708,3.900195074666541,-0.861381540607636,-0.5888247703628935,1.5874663591982512,2.709743389395627,3.6341602967573787,2.9169698527996624,1.7559109346251445
8.007212927075251,9.147213014257565,9.287188733837874,10.140478307250085,9.59633316700512,10.95673528456203,8.17193715127573,10.573678898706339,10.639013581176858,11.02957280448267,9.627504444352812,9.973110920805125,8.4682209507577,9.514242403973572,6.145116081555953,2.9750663857874016,5.588118086546184,1.9246960757512737,2.5086852743820076,7.41941214101526,3.4954257381654608,8.476230167102218,4.015368776132081,3.325420686199978,3.97446768918766,-1.2652337541931609,1.231476727872554,-1.0035174693804716,3.1701976590107668,2.27865982217126,2.9932176445321597,2.1106098972346654,3.330694798004759,2.3271719729726352
8.538817847147751,9.51090156514472,8.771880913685541,9.54389108759992,10.007367014598945,11.300317570578466,12.390056822644102,10.367153623949877,10.029958437662886,14.791894923217447,8.406126652275443,10.342872505865056,8.354762423175172,4.76581248306117,4.212196997873803,4.01710238919163,3.449145933614448,4.176752556476937,4.545348605857482,1.7437872429096448,-0.31542976989722205,4.115600319999534,5.656540537388145,1.3274046879121977,2.118475717848118,2.3081410639422173,2.525808807573756,2.395408475998815,2.518434916550872,3.2989625234361086,2.841345132986861,-0.8658299266627698,0.8826648245164485,1.9800220598111222
8.51387323846512,8.610182551605856,8.733241430985348,8.914581576270212,9.79174172846656,10.964030780315474,9.387555739761684,12.176891791534072,10.956961170759003,10.763840393188717,6.787083268334608,9.422665251525308,2.6171549169743136,4.99071271993294,1.728908091742233,9.614510119220572,2.1245618106764352,1.8291254190398036,3.5448061522651404,6.0109644610675,3.1962916657291536,3.019184340903399,2.3690156781860545,1.820683030506262,3.233481314040638,1.4510959547113842,2.8881536750962242,1.8856823422303823,1.7403086219293413,3.195866509700253,3.3470191984286672,2.3640288165907912,2.062217682012481,3.2635759490940535
9.38115269558043,8.27046529251496,10.080933213616023,8.041603771131923,10.80534086554524,10.582867021811388,8.62642268818122,10.778400457512967,10.41852283262671,11.397105961926863,12.876378095340772,2.6574221987102926,1.6164096864981934,7.241887380775974,3.670440642695721,2.0117860569028503,4.030593650129983,1.9517504229337375,5.776225728104913,4.310509665764082,6.146687812536704,4.017565020344725,3.9977913889117893,3.621587538412969,2.272686852471856,0.9535348662611378,3.1176676379883155,4.109762178357815,3.564993666259876,2.8770231715351766,3.6057568940423828,0.8907285084881689,3.6281167602868045,7.640879325051881
8.900799627430052,8.78632875892735,9.360599751424964,9.24894992838678,8.397391650752859,9.990610969618373,9.613744878294387,8.304318843995322,9.17953697125712,5.338216424927932,5.051496392245367,2.1069976191578883,5.374489822676849,3.8426204866347775,6.867329674463486,-0.8342164740577802,4.277373426611913,7.450244067401361,1.6072334050169632,4.951710575039087,8.474306252635804,7.098971215933842,5.123786380530779,-0.18523123494151658,1.6144798286578868,1.4902036563606793,3.782816961580175,2.58186197030791,4.152672252247558,4.294485933152844,3.3252136381559816,4.650418996422629,8.190292811102863,8.405740574277914
8.92920275316944,8.332645261768622,8.75704644238041,10.084083208005211,8.679416976174165,7.355872906538157,9.324906898266159,8.851332370416316,4.961905651950179,2.247559433530701,2.1906779273309933,-0.6850318395822422,11.402263743766015,8.973239236778404,2.536117802978572,6.063318659205581,5.967494637195282,1.2498941305401263,2.4791403077346175,3.3337090671506546,7.185028725835599,3.907172784340883,2.7590984282235334,2.3932571942483127,2.2759464052804685,2.359810315487176,2.8326292928710055,3.2223089703148626,3.251876974663235,3.459860761308376,3.5191050457649666,8.957410832940177,9.29556439483713,8.502783035951309
7.642007420044011,7.674953155779567,6.510792613819602,8.504036487946625,9.667747114718278,7.500434583649031,8.78301451203507,2.2302353903695313,5.799967857901499,-0.903524730744594,7.98783529077134,3.9704269822841676,3.3995224168488374,9.660510466449358,8.866170610644927,2.1886061905665697,4.166617733637527,3.3811216158768214,2.573485396574024,3.098655521394115,6.839492723684695,2.023780271236625,6.284497579075685,2.092066198223854,1.2342476235154223,1.5356155061913062,0.23267498992011512,2.0797085907900907,3.8557285724623576,4.828123561562102,8.230482132595489,8.960901248141957,10.212497774172816,10.356803726524566
6.4005095375084435,6.295553476903406,7.885662196614952,5.943001713401388,8.22708354026531,4.049345502856535,0.5629731686244752,-1.5126352321441099,-2.5442830247350448,1.7819090732858778,4.487884736048343,5.201263562833156,4.987586799331183,6.95731398457924,7.30318872384504,2.989261409409731,0.48450396716574984,4.944548870747243,0.5376966620114312,3.3897625931963167,4.983802315708464,3.7801036423698466,0.1248855218539426,3.663533138230256,0.31729127850193994,-0.367144216632155,2.7878397520706004,3.5178076473127815,3.261496484427391,4.133776681995353,10.956381146349047,10.38476298622496,10.223465069150567,10.112962717497254
6.2259282528155016,6.660743301290176,6.20650175184469,6.788582360230844,5.57648989498859,1.442821060355084,-0.9873342256767305,2.1080190260251794,2.6030821048871453,9.19099496656121,6.363687063716829,6.911566103457827,9.34240118149339,4.352589324606848,5.90140698363079,9.390427233324623,6.889089117359852,5.562232133739494,2.8331806075238277,2.4098119012679833,1.4287988853923246,3.947209028608033,3.5945532996820595,2.278210153426181,3.4704659481031497,0.7478051608693449,-1.2481130330451122,1.34598187331712,3.4596183166303187,6.425591621790048,9.615871230145252,9.673773725950134,9.722552619975996,9.317184757027103
6.7798242801309145,7.485859506097544,5.955842836348581,5.679558656793312,2.470314234437474,-0.19580219636306997,5.155619558131652,-1.0421754377072656,2.1332133794626515,4.712500839857549,3.3480510639307437,6.7843046385966685,3.414725999601838,-0.09946184909295987,6.596296023814515,4.342679494024698,5.563933459189422,2.7942279231774574,2.422924512285066,3.7217459831839665,-0.627618387722015,4.105699021639281,4.360260225113254,3.7568738580021757,2.7886236355657013,3.914845816063253,2.9151637893406677,3.2812424895109533,3.924119051927029,7.372894773080873,8.89279775851292,9.063802563177127,8.163902121965648,8.862062951729527
4.719808543208112,8.630937913826209,5.7324585927393406,4.348081046430717,-0.4803305487828687,-1.1678336629494133,-1.304668602281907,3.7892518073368593,-0.3806887556978877,3.2073827935304142,-1.5958476494899483,6.656540456961977,8.186420617339321,2.136699773289841,2.7837528864413517,5.998945148093747,1.7470718505737137,3.5793395121025156,-0.2903801071888694,-0.7361318807307083,1.1769721805218791,-1.1375541131386002,0.46923332433152176,3.439360390053908,2.1724380696686185,1.8069906417483874,-0.2897604858522821,2.323567857216124,1.5662482354198752,6.47591180262174,8.795408002404681,7.147005107413274,7.480182406330981,7.073200354480936
5.319171978537575,5.129454432413731,5.472207786826535,4.893131431986275,-0.23607097429559779,-1.2267880763246128,-0.06962613602109119,-0.3621246203341228,-0.13955112645040396,4.256792585482686,5.119104803662089,9.10039522490873,2.353344480176794,5.579810341702576,2.8199134511364585,2.880681395858767,10.057225135861586,-1.1809207970262634,-0.04744987877723248,1.0369260501241284,4.9064440013342505,4.198284041748447,-0.4674036993694959,2.832030430899979,-0.14882947135273533,1.3056121181899754,3.483295231432709,3.1735666656006796,3.2159863400648896,7.240646714576238,7.866132835846811,7.539916869989251,7.297036986647992,5.528598305384458
5.365822073895784,4.304959774207607,4.943347769433888,-2.305354944756578,-0.8215678601447589,-0.5516609108670313,2.119181912332363,1.3508704065693113,1.8826110780195082,0.19280675600730718,6.849794432774394,13.631443082947142,2.704890122969924,1.726413409491998,0.23545508991364822,0.8872666108298205,-0.2485886469956491,-0.5785958922326297,2.563946189962434,-0.8594104898465499,2.3257790424730334,5.025399763331878,-0.0671814507291014,-0.2355285398105426,1.5604059390410498,-0.5301428158161442,3.8918127658816344,3.1471250108555533,1.7544074393557028,6.932303563059526,7.207785376674011,7.872912408045247,6.951201983202174,5.612590415944795
6.459198299276389,5.100668812153406,5.267343745047082,0.7955542759086638,-1.4057778738981197,-0.5223160792534381,-0.29020990547386427,-0.9860542118698693,5.538619501564172,9.025774462739017,1.7015969914905642,6.053208180304727,-1.6192841793779518,4.924648465831994,3.5315951925579214,3.739200154041633,3.7647480292912188,1.4421943021866,3.708207179340786,2.2220888715929155,1.8863249686175045,0.5721576994621177,2.121509213100367,3.2235809541701492,-0.5254340680069889,2.0028578373837744,2.1346168435876653,2.3020270513851546,1.9803963080612075,5.612294965141941,7.609685802821243,7.715715276798462,6.500240705548257,5.316431520664108
6.477706016488961,5.648173696167143,3.8286678058829415,6.180507173588625,-1.142409444659309,-1.4680641713810778,2.3559997812979603,0.895037283949874,1.5166968624565265,10.7193288415636,3.1085552277424453,0.12779910296245509,3.244922235609379,-0.05199944566046969,0.4063800386477609,0.251155405998956,2.0514512964394886,1.7392981505358072,-0.09422298224607342,1.151295715827288,1.1900532525214726,3.2825976458444295,1.2699735490111688,1.6120458209392903,0.5808754015188559,2.930800184334142,2.230518911422215,2.619214954173543,2.2169835111035,2.263421795644067,3.208372172176196,6.933032979271976,6.169127112108583,5.0066465051681925
6.078522651808268,5.346551711340585,5.611488904339531,5.403575481627995,-1.89249933190355,-1.2989323646253568,0.013366060568095884,8.387356338846516,5.43977153489935,3.4342478124546667,4.516317230556527,9.916853150534024,-1.0622856894467219,9.700651758224742,2.9343220262479317,2.3506765603786572,0.9517684879038207,-0.9621166999584528,-0.054911210977871765,-0.19073886106352758,0.21673996017877825,0.5445765369446772,2.334798693433454,1.1100692767600076,0.010524217534705565,1.2446200869517174,1.0502947344998088,1.8660563762980347,1.585985436748135,2.2275283698080326,2.5132736522088512,2.356922376361855,8.03623936476221,2.553771751025625
5.517004396049929,3.2093226568732995,5.936744252670559,8.431456765540744,7.519222708813962,-1.0685867565759155,-0.9692748193397628,-0.7179483769507928,0.6500427649484869,0.19831368134943178,2.8991870514513325,5.3052803515101505,4.0716978374915165,-0.8568991824902403,1.1729075907887718,2.6581074368113735,2.1643675695068674,0.8692592731975775,2.992225964521174,0.31870589412651806,2.5677671474187598,0.4583975870648046,2.148380336562366,2.061218071775591,0.8586495412739853,2.470972862786785,2.147769826618041,2.3252837977937912,1.8124930384232678,3.5842854295017625,2.710050230880609,2.571140396649657,8.398402886742707,6.95114037024798
5.7899833075607425,1.0834658676702769,4.741009626923448,6.995251791548575,6.675951604829505,0.8173901778024113,-0.4020729010267024,-1.1736627182160215,4.2675878888389915,1.0143796564097527,9.217104909553678,6.3041971555593275,1.0643684532530329,1.9328057455975258,1.7651246322564795,2.147633669781994,2.0153120431930063,-0.936647330434972,2.6831928570311683,-0.4960328600424505,2.220604994565769,-0.558468764313679,2.3080641688411254,1.5789229538420209,2.1215621294323936,2.1189528156170847,2.0351111949910132,2.3853500330104427,3.207589489878676,3.0003601994919893,2.2813445699609507,2.717662026683204,3.1970250152826343,8.830264753765423
7.570630453340212,6.508079964198866,6.2605387559628145,5.781961190136785,5.492660849912233,-1.6649132913907523,-0.6187297118189925,2.1939303727001094,6.141168547007624,3.7016700729367575,-1.2032459445321264,1.0300461817398798,1.849489646138079,2.9683321768034454,2.727376940326863,3.5949885271302944,1.8251007846845746,1.8258992614002936,1.581389611358571,2.703922420313791,1.832599367741923,1.5878297195945223,1.519385867199569,0.6659986945716881,2.8836929121590926,2.6070151008864757,3.304573342469221,4.724593027669236,3.34245026536931,3.7580058641868117,2.7493272958837003,3.7626663691404105,7.941018801502029,7.815649732627294
5.9683988149202145,7.077905897397376,5.604975554280634,6.08472608186463,6.308538564632275,-0.6492474816837209,0.9891929228635942,0.1801576606772686,5.12247755810422,-0.48003820612260717,1.2726241732265935,-2.347564139604764,2.9430283994937545,1.9339907679291204,2.671161279284639,3.984294271624239,2.1637109028900485,-0.600789467132502,0.1561609225049188,2.4048508824987596,1.6261762061886826,3.46465387599605,1.6909199505840642,1.658845949239458,4.592663729068379,3.2276767448532464,5.285836671218238,3.078872318445048,2.55227468726782,2.665603965657933,3.547591640466353,2.7927494769130594,7.4134807613642515,7.197167987281307
6.260567157358612,6.00853268601917,3.595061037723655,6.416168157836372,5.121762914382898,-2.5386114283932995,-1.1809880726485413,2.826694738567771,6.648369501127186,2.8588069476201414,2.07365360587907,-0.5570282725440373,1.478598776480368,2.5483254994848465,3.117367903128889,5.62559374652512,5.088424706995861,-0.7135244461361645,2.1363798915105234,2.6697650738723215,5.973583684601854,5.224992834675969,1.6611169896522593,2.60600950684867,2.918821762334739,2.938755713384749,3.1655988478850947,2.6891922109764574,2.5307291842659385,3.2099896405913575,3.3738547575180706,5.695962071448309,6.876581103820897,5.76135569697035
