script/wind250m.json
{"header": {"parameterCategory": 2, "parameterNumber": 2, "lo1": 6.000198445256149, "la1": 58.999992894266676, "dx": 0.5, "dy": 0.25, "nx": 22, "ny": 24, "refTime": "2024-03-07T12:00:00.000Z"}, "data":
[rows 0 to 23 of 24, columns 0 to 21 of 22]
-8.13370925804967,-6.535082638938515,-5.760989309589543,-5.112178014756466,-9.514858957811168,-6.6920888842741855,-3.936872744235281,-0.9374123079061023,-7.083462592024267,-5.085797882820309,-5.071805562556827,-3.9013101757371755,-4.113848342614285,-3.9328388705525064,-1.0972976263145635,-2.7620203921495734,-7.58219428843031,-4.43734742512415,-5.989909982896434,-4.848327840508115,-8.457129022670376,-1.6724938216171548
-3.802119211332144,-3.53535615763506,-5.598319512646928,-1.438248507145388,-5.479907835760486,-6.510630584744954,-6.404244063578237,-5.983234745220306,-6.952704871186778,-1.718888317717293,-3.038158289277646,-5.252047621750948,-6.4372959900922195,-5.310270898160925,-1.8985326413452785,-5.71613780291329,-4.705196201605979,-6.131834349926147,-5.471250292586733,-9.019788715804674,-7.432056677923966,2.491336023620018
-8.623761908794746,-6.103874144328209,-1.154494141838571,-4.197243728222208,-8.203447369928057,-2.3934638631148237,-1.2906001864152414,-2.274399495730059,-7.150001430464075,-7.2561199844320035,-8.18166795097213,-4.029569089883712,-0.5817821454582677,-8.30318827032807,-8.227002315054373,2.812264094213147,-5.690689897196308,-7.679279320569104,-3.4206332105020687,-5.611278280725763,-4.063547710968669,-3.6145317629509113
-7.488528150490907,-6.0831125176804255,-2.356469538126142,-2.11291849643171,-8.17893377436047,-4.43870495153392,-2.0503577997938582,-8.589169886439773,-7.358884675216839,-8.724474268814596,-3.809908825826319,-5.079456581349217,3.8049229835999565,-0.7547570142204614,-5.46615802343353,-8.636368135557374,-0.9506598133444986,-7.489907159412912,-8.147593529431251,-8.667460417649673,-2.243808741657948,-1.0525033351271302
-4.1521581929470734,-6.630311804254808,3.353899331612886,-8.29842867060801,-2.172287206845854,-1.146766561001121,-9.297503923628444,-0.2061082732339383,-9.571130512648882,-6.045711769252561,-6.555838260610476,-3.935427639095193,-5.376846714917161,2.907435315725146,0.43803220483781125,-7.485056066010114,-9.187294468896711,-4.207742294344581,-9.317714888575868,-6.14437532301564,-6.756484436766956,-1.515584077568012
-6.3948246707824925,-5.537050596583158,3.267433636626275,-5.682667719348278,-5.65520518647482,-5.966677743539637,-6.232889569829876,-5.3444116578242795,-1.1274488134552874,-6.844971082781017,-8.755403725919937,-3.0817164687596232,-6.648645784583489,-1.5016719139218695,-1.48569678214109,0.9485592691510636,1.8768003256262469,-6.572879814462511,-7.067005463825983,1.8634706623814599,-5.558739715782044,0.9881244096640118
-3.8216165694592883,-6.7626177909227065,-7.184181462220558,-2.5158306356421263,-4.335633281417491,2.3035760777717322,-4.064793597250064,-3.8485751948766502,-4.7681431690195195,-3.467524543406915,-0.6058435478014536,-2.944273889842994,-5.985151550485184,-4.740189607161935,-5.256707846775121,-4.89113415668669,-0.5598018619835196,-3.6376105859907177,-6.052456484498693,-6.614565300861445,-3.041857061422773,-7.02029567658733
-5.814826874605053,1.440767844613813,-3.6406863987576386,-6.546729813562922,-3.3277438883526194,-8.84025898745241,1.7924925873569948,-6.44864443447148,-6.843169694414203,-2.8708596180950554,-5.851630761313337,-5.588759599693545,-7.316834856442724,-1.8796191677980971,-6.285569020690057,-4.205881100195204,-8.070942930461444,-5.946802133642445,2.726236556183238,-5.2297184368671115,-5.221558587360157,-7.069682848869738
-8.117139863524864,-9.128450932795625,-4.255279040130949,-5.992520006337439,-0.517044046122441,-5.093147540837222,-5.726842475822291,-5.897368667886183,-5.881507926835251,-6.395950054052053,-5.53447908659023,-6.855601665464763,-6.4421156824669135,-7.86268522087052,-2.0042232712467403,-6.327335152401235,-7.5231809799265354,-7.277245806513719,-3.4851567106677157,-6.763953101422568,-9.504760465091364,-7.684510890864956
-3.454483509840026,-4.497540666210188,-1.680245690085695,-6.894065431792371,-5.440533413993153,-4.579200205637345,-4.286353831384505,-2.1694831729948483,-1.863540716709805,-1.4014657665108416,-1.1472144788409173,-6.26537280805906,-5.3611252976223405,-6.14528658411026,-9.284444455756958,-7.891895228243835,-8.931938161485084,-5.045050370423711,-1.6570309175798883,-1.7997297268215444,-2.548936612554167,-5.636109199523252
-9.277156350016668,-5.539915524808879,-7.95466237133978,-4.399578824339631,-1.0645067096842744,-5.62463399546569,-0.10083292099353397,-2.935002693477814,-5.514399345281516,-0.22052379163085672,-9.282512820376777,-3.3315096899308134,-2.3084656854782146,-5.08603238885201,-6.112559427997078,-0.5920116800257101,-6.540425480773819,-1.780660409311212,-3.3170414355639912,-6.578927297974071,-5.1280474596661225,-9.271347258599409
-4.459417574590006,-3.8739300303204733,-4.794687733010311,-5.827568867330536,4.550120946133385,-8.099299723732733,-5.745712771858963,-3.5317312134935275,-7.170911826196876,-5.868553299718463,-5.734824155229114,-0.35545390027214535,-1.8147090066956721,-5.727300533613585,-6.5313953918318655,0.024805216958148524,-8.073721583015113,-2.5462438583325118,-4.486094053994733,-6.249234832201531,-5.625601907914048,-4.97883775949542
-0.2789570334996204,-3.472502046257671,-5.4844709646312255,-4.0754956969954925,-1.98013067212828,-5.03137712100422,-3.590312430106543,-6.122310502805433,-8.55796557628885,-6.551970765930241,-5.037933088657171,-8.627357862869317,-6.328008976849185,-7.804353303757975,-8.574315515899404,-5.4773253312120405,-5.545896172093219,-6.195698576321882,-7.29171465581325,-5.3073364626540505,-2.659320722898688,-4.2661430870213986
-8.296308662011695,-4.8596904546998525,-5.766284462797358,-2.1801967422863857,-6.958591686285494,-5.4519120227416185,-5.341578838552007,-5.713441122018076,-3.1681460325234028,-3.6522766130528286,-0.09843826357970706,-0.39222519952146484,-5.508363307519396,-5.9644156454098765,-6.037985389421667,4.100611670737709,-4.76042694737677,-1.5091549935065869,-5.7720179342388365,-8.512974923964432,-4.3214063428657,-0.3376312264782256
-1.5736425811859338,-0.4818577029451489,-7.741748333553688,-1.9311748014630656,-1.5788933860818168,-6.179436847469948,-3.381684920816068,-7.9141872868574925,-4.90626048053313,1.0075590388142182,-8.497750664512909,-5.385919151057819,-5.565721709747631,-6.2738091412903865,-1.8359794467338126,-4.116214084997957,-7.979910926965955,4.011007738692912,-2.559058327239657,-5.762350215515586,-5.80815023704375,-0.028041988728189058
-7.961231916280462,-6.36725524015018,-8.265363425047818,-5.418182933087012,-6.917623914252389,-1.6155901230168506,-0.9165295701951977,-6.232542835917974,-1.2449147291580156,-5.068632592373355,-9.175045661049264,-5.744609308540991,-3.22896889216593,-6.063671103106996,-4.735936123537075,-2.6841919118118436,-0.6056440779727669,-7.770901205492347,-2.3302769809546193,-7.77122588547654,-5.227222353607116,3.6724824595690033
-5.992592517689084,-7.315456286753506,-6.293440759745258,-6.194384303823743,0.6905910768311712,-6.821927735437049,-9.090705763281687,-7.041358713202582,-6.87159304513022,2.8513134331260055,-2.4937629952588787,-7.218355032926881,-9.020677892937412,0.7994402941205914,-0.3845847436704535,-7.328623082429914,-2.2267230322451135,-0.4516882509364037,-5.0249118245511255,-3.7648701689264352,-7.554852010831824,-5.00449189168391
-8.295303658791566,-3.4917652566035255,-4.752692957507711,-6.608812386734779,-2.4312663586627608,3.696764813889744,-5.156138690957245,-7.051329840107969,-2.9215324420994215,-6.899035365537332,-5.754137759476021,-0.8232534174820777,-5.711062258924699,-3.974091168148955,-5.932646125931404,-7.115469718349101,-8.475034232275155,-3.3019681017256812,-3.8712696333331933,-7.885835801155111,-5.098703362072836,-5.267926331879749
-2.5938967085690616,-7.906227314842521,-0.791492612812876,-6.741980731716075,-8.818904006368536,-7.162184943430776,-5.2031264033001206,-1.6205106181858808,-8.674057093014264,-3.304238543405624,-6.764355258231171,-4.848165949493212,0.10413992536672773,-6.490539505404015,-7.278478695357092,-7.600682292123908,-4.0844055033713325,-5.897597090553974,-4.664283602526626,-1.7670770402590723,-8.709714860872484,-6.533025746470628
-6.640977809279228,-6.77341271518701,-3.494405274625368,-8.324756761578314,-6.2783274482962,-7.730854105619536,-5.8870630366743635,-7.805600563679977,-3.4349518433868806,1.5444641908030696,-4.333304380563548,-5.826258396435325,-3.5249757404079847,-4.782732891279556,-1.827825040919785,-6.979064733744314,-5.797872738040835,-8.667188991822233,3.716754254152047,-8.131355274772046,-9.500346949193577,-6.859854848827313
-5.629818657940207,-4.266632350700764,-3.7101073104338176,2.2027319816355426,-1.786194660283413,-8.595304459036875,-6.749787845370623,-5.944992212708107,-4.310050325313163,-6.773712985947013,-2.9284877308843473,0.8166587893874871,-6.494901500653136,-1.066802312297766,-5.142741021094494,-5.160212018363589,-7.626678225075337,4.218939238772507,-8.023124945583326,-1.912837382360604,-0.23274098252490252,-5.449020381392323
-9.104472666368563,-2.869160639848811,-7.706360908832778,0.06890016464450446,-9.702994636474696,-4.260247027836312,-5.425200761467722,-4.058090875078734,-1.3459322799890174,-6.028580436722885,-3.825812635192709,-7.849009852204473,-3.480020280754698,-4.780412394019682,-8.09567678363585,-5.260848679785859,-4.541570063220643,-6.967078710731863,-5.750734139599228,-8.280202403100123,-4.90346227924143,3.3407462738803977
-5.056784477342404,-2.7248701583684345,-3.937683170396743,-2.374898923602436,-9.533247967138738,-8.588904195583947,-1.8040208438219374,0.4428363243193664,-4.262800511361811,-7.902490811922072,-1.3654520839993392,-7.392129336891614,-5.792675612696535,-1.3515017024986078,-4.699531604930141,-9.086722702728892,-7.206160443933965,-2.4920765762870762,-7.336835306348639,-6.5870849646188745,-0.8688818874710107,-7.7441605193105305
-8.973536543577737,-9.393667306841055,-2.5214890309094096,0.4503150310921636,-8.684432215613317,-8.302735878560041,-6.497144088363009,-7.952560445081277,-5.990062019885355,4.6865216665096305,-1.9439268387678625,0.7919835679827125,-1.6725400617429627,-0.8701418810952634,-2.0681946554678063,-5.419951702452681,-3.527395206508685,-2.6881721088495802,-8.553181024668442,1.2440687840538904,-5.8260628381025565,-4.293084362013969
