script/wind450m.json
{"header": {"parameterCategory": 2, "parameterNumber": 3, "lo1": 3.000054539987559, "la1": 64.9999836372058, "dx": 0.5, "dy": 0.25, "nx": 34, "ny": 52, "refTime": "2026-02-21T17:00:00.000Z"}, "data":
[rows 24 to 47 of 52, columns 0 to 33 of 34]
-4.872477198081974,-5.560031110078309,-5.561218522400334,-6.381895007893157,-7.65741161087655,-9.30397683703419,-7.10891400555459,-9.554215226725402,-12.05945321715469,-13.65464571657679,-16.094076079021182,-12.619776941721629,-13.449613114062268,-13.178753151147532,-8.941682185814573,-14.114878471586577,-13.278559937944555,-15.986592436760366,-13.72622960518277,-11.599688225156262,-11.365034519214628,-10.905255486797468,-7.8411630615683405,-5.111659565802825,-0.8134764996233028,-1.402721358765333,0.8817434761349433,1.7778337396071628,2.4249635935218485,2.626381678816309,4.549236211567444,4.705014918402432,6.896353527066961,11.111629457834791
-4.963521785276499,-5.358575772538639,-5.941309905499144,-6.392834576117075,-7.793984168215476,-9.124883258767852,-9.270237274640724,-9.734179381537025,-10.681286558804214,-14.894131464465316,-16.07403696863366,-12.83446559475173,-15.010631472263151,-14.292557439297774,-12.85859992523252,-14.884836325694994,-13.2847706987836,-15.192664017775897,-10.15012822063532,-9.718440143495977,-9.350439538980595,-6.740529778615903,-3.280562284680828,-1.1790398050637316,0.2752868162836548,0.5448351186108482,-0.17704888898963952,0.9067683623135318,3.4957538120204594,2.050106266268116,1.6545986488172266,4.502450267813052,8.469662074217846,11.439107598981717
-4.901692399963088,-5.742273377231962,-6.295920035937685,-6.781459882361588,-7.809347956162717,-9.437861609124658,-10.270975067884557,-8.534843159689382,-7.82309246535735,-14.191856093961803,-14.757777821834102,-13.074137644334773,-14.61990501400751,-13.754371560971277,-12.926652023936834,-11.702714646008149,-14.05161888015794,-15.585334095887562,-8.76398734361819,-7.624456163220387,-7.0839386041792425,-3.022483152158239,-1.5313846658732668,0.7004889364190368,1.1529290523140412,-0.32302261279450356,-0.1277445775089813,1.6207362952033137,0.25975776787204047,0.3243497717392785,3.5606294934019918,6.152805066513881,9.713770245176336,9.761377230080425
-4.590481108334561,-5.006260003532295,-6.032256205335955,-7.366607181005316,-8.265907370285454,-8.913012075537424,-9.948514397154517,-8.412816810108701,-9.968864643548578,-10.018791351313867,-10.975070450176126,-14.290793732515187,-13.507577164109643,-13.168203039632168,-12.859484929231343,-14.536605737705285,-15.614700638124424,-13.968370679298586,-12.328060321176773,-3.878693216796755,-2.600159062280585,-0.38525569077975264,0.15111433781173123,2.5174447632451433,0.4062371217346301,-3.0515724615837034,-3.0517674965042345,-0.9356189285681625,-0.2801452961876658,-0.09716597078641133,4.627236783167148,6.37675362728059,9.93583855059031,8.468015614874126
-3.0257304245046726,-4.5140162067900755,-5.307893353091124,-6.2257111567428645,-7.519092637079524,-8.611286250494942,-9.456108177083388,-11.191272923017886,-7.682901555648162,-8.329929826943692,-10.506373689930674,-11.366357628942138,-11.613022028775575,-11.871198283434707,-12.915398503036547,-13.921199595915333,-14.725224368097736,-12.281702175927622,-13.622284343464067,-4.218910038293053,-1.5275661379635634,-0.4549077507037974,-0.5276618005404704,-0.30937030506346247,-2.474929386065713,-4.479887684587087,-3.9189036265136683,-0.7779446729118307,0.15926309013561793,2.4143453074717813,4.344936551562421,6.934412483482251,8.833276510737312,9.066554027494224
-2.6051332190869108,-3.7539899151238902,-5.402185533432591,-5.672776721898555,-6.30263602339805,-7.165038697623259,-8.679357720435616,-10.73027551387085,-10.634746946623348,-8.751976015177943,-9.831711847993146,-10.729771168710336,-10.406127065852901,-11.81813286734451,-12.300558097698795,-13.15483111088835,-13.451681589949413,-13.232408391937705,-7.293039734205867,-5.053527900099501,-4.1462431198925636,-1.6839380733115854,1.5656723735751998,-0.347248831531375,-2.9979108012363036,-4.263806383654534,-4.032935381823344,0.46149153712605534,0.12706741182745235,2.314743104613998,4.465809311307896,7.859132151772089,7.8438882412247395,8.833453859263006
-1.401215029894979,-2.925922075367472,-4.369980835723404,-5.348455261659517,-5.811381549803274,-6.440145911644436,-7.589517557587812,-9.251063257697389,-10.285097827524403,-8.070579397325872,-8.531873126511293,-8.606517910488293,-9.01063485034423,-10.405164446317361,-11.965424691554714,-11.898094443110653,-12.367414278019176,-12.547444999309056,-9.918410432116671,-3.386522897966378,-3.0975377901735017,-2.2706261099824654,0.31646900204674144,-1.8798786110840797,-3.744344078030312,-4.025230809161225,-3.2630708059258606,-0.5328150461291098,0.20294438736159337,2.0560655302472908,5.085936222452163,7.195346715390635,7.691174118272294,8.75637908508815
-0.5929477328161766,-2.067131974808981,-2.733844950863357,-4.616486332480282,-5.742629660086633,-5.7722014253338605,-6.488201770046795,-7.60516495615554,-8.622074335926817,-8.742080365818271,-7.222412363140686,-7.362379459942739,-8.233878517467911,-9.691163910404804,-11.472754162879287,-12.383276812519226,-11.769702002436164,-12.636764262460535,-9.541810410892564,-2.72577888553826,-2.223723406528624,0.1440225379410361,-0.9118483870155049,-2.048672092588744,-3.3514325738255786,-4.774651716494314,-3.881505678371529,-1.2561254744417523,-0.09188435991668363,1.27300969967912,4.844662724012251,5.766949499595314,7.236674465906409,8.602737082564865
-0.5148881926724599,-1.266020107765143,-1.8845625637297623,-2.971685454804589,-4.772601751073936,-6.4098246563846635,-6.110457957567667,-6.086450933235136,-7.599502550255201,-8.154231594732249,-8.120334534187352,-8.326157573138682,-9.016696273745035,-9.338748567309837,-10.459258347956085,-11.859291890100591,-12.185160465155851,-12.033240695464762,-6.561446042552913,-4.194791633468505,-2.135762708696682,-0.34698534245591933,-1.2689344826672349,-2.28979914775544,-3.958118696135994,-4.907553633849207,-5.109668327265028,-2.78078377350096,-1.2051561134306763,2.291936465426397,3.7731787496241322,5.442355506079358,8.21936276080438,9.552722423567246
1.208523811451203,0.2798054252575659,-1.3047324099829376,-2.2141307174508205,-4.0518812463758325,-5.758040696091661,-6.299794965518745,-5.9009133890939625,-6.360959699844569,-7.952820022486889,-8.481625515300571,-10.973721031741626,-10.167449991675905,-10.576447664432065,-10.519028929722797,-11.276034246078913,-11.045881173466706,-7.878807560479739,-5.960733790255456,-4.855389186051834,-3.5963194929841333,-1.5729673288542831,-2.757264627118427,-3.945436548371138,-3.5437770467355048,-5.790815200483494,-4.657183695282639,-2.8958454033618444,-1.4163897120793587,2.250336677604856,3.14690042733809,4.87465695255734,9.134497420928255,10.083533120372504
2.8326432934032275,2.421552885117012,1.4346021150199535,-1.1182252858975672,-2.702127895126556,-4.775887315968999,-5.286131488508029,-5.40847022597793,-4.150708835995922,-7.3317088598387175,-9.347685122526933,-9.142902239604867,-11.02871996284004,-10.617735020892779,-10.35599271565634,-9.713734727825939,-9.200769191396281,-6.759088401757012,-3.878870541326035,-2.6439482576870104,-4.430700604673871,-2.439481903103972,-2.963008018912395,-3.8888452602360553,-4.0675938125616184,-6.199792969293438,-3.983075579031516,-3.9938164173773942,-0.7263200273514226,1.772755238698348,2.5804967446074576,4.885232024104829,9.084933323445595,10.696655874756546
-0.4482648647338041,2.0570749122632344,1.7282055678952164,0.38761439396831815,-1.6162772763472502,-3.250567096051083,-3.4617856591103964,-4.147007025309993,-4.243403429985478,-5.773968397845326,-7.917048694468917,-9.91043149619641,-10.996347904726234,-8.451364418429606,-9.808113490168616,-9.633768267302548,-8.59081826604768,-7.249446337331131,-4.616838756287947,-3.991295053666014,-5.814615367423054,-4.726410324313114,-4.4484344501285635,-5.642835267898946,-5.203882114508803,-4.23795911368724,-4.396031905448938,-3.4520182084143842,-0.04786315769557018,2.11016027245229,2.751434349003885,5.773763374546697,8.581422680619692,10.564238141650879
-0.7784219511227295,-0.0006503178597202059,0.17209722711911932,0.6061297399173984,0.1209791900737519,-1.6914255654103616,-2.454700914709,-3.4848990835260887,-4.37156769275749,-6.054158078954529,-7.26149266203845,-8.372707036426396,-9.350355574871335,-9.81117519677449,-9.85375377660336,-8.621255389062222,-8.130741495642322,-6.708553593687578,-3.8432458938614142,-6.037647522819859,-7.6112516369925425,-4.466359613632496,-3.9682083750918657,-4.7516888461289435,-4.419584476902239,-3.4831686496318954,-4.087336899951017,-1.3863570579098408,-1.4139140256087663,0.09359525903991836,1.7748970864776006,5.382636568715376,9.523886034596794,9.751008255966108
-1.330917743095037,-0.9627013936905703,-0.36340014848041297,-0.1216490753587988,-0.26563253438179124,-0.6478900732694172,-1.273905268025268,-1.4743494470741658,-3.232789999509884,-5.348688319531994,-6.680431049544586,-7.130462017961897,-7.434054475880533,-9.617706650967568,-9.719783524664445,-7.459292788637397,-6.590365286740057,-4.786247969814647,-5.271735236707607,-6.8431978051524815,-7.363191184737405,-6.187501015953375,-2.9408899308599863,-3.742150422225156,-3.518966096635542,-4.289010936256972,-3.605348323638206,-2.520954844202352,-1.7410912973647343,-0.024973266309310235,0.7624069176080817,5.075405199666348,9.622780871346809,8.966976292732793
-1.1023804667486505,-1.72646363533293,-2.688299767212971,-1.2564999655772648,-0.3948547526819179,0.06784671575685884,-1.311094577918252,-2.6099319458035968,-2.569492385573249,-4.2057661498806915,-5.5384034394643065,-6.718538326627949,-7.117962166898341,-8.2535172850982,-8.784352138061942,-6.187101236657238,-4.866031375368612,-4.162016700458268,-6.612287874692543,-9.014629548309289,-6.202647395647979,-4.131167315317516,-3.844164891588546,-3.757380860310769,-4.881438444920625,-4.304366990241317,-3.9814300406094136,-3.1269094535639987,-0.20610711396469267,-0.5183770076488368,0.8898734642510056,3.7524980859227464,8.619651460285864,7.810762866953406
-1.4355055934194902,-1.5853131498737003,-2.348755318989019,-2.9725966533602195,-2.1259038333801747,-0.5186630927194583,-0.835372803157632,-1.051872767764882,-1.265986446836872,-3.84661406119,-7.195861018929379,-5.212084243558983,-6.52128302031741,-7.706052011001673,-8.581877759835809,-6.227763762331601,-5.317573819740125,-4.760765312166877,-8.584587564171523,-7.309841453290061,-6.853913856620434,-4.89815077804406,-3.9496308487893477,-4.861783685256436,-4.4806151185047165,-3.4464622731793373,-2.063749560525152,-3.041167647282192,-3.771025273717729,-1.676525972945806,0.3375242070785858,3.5273401453533517,7.369572400364972,5.979303964148996
-1.5444349671959494,-0.688523343841859,-2.6114296192749094,-2.7390327924666398,-3.7949111149330896,-2.833346448514588,-1.3850048467985459,-0.9284160992330006,-1.4658405398465866,-2.648269277435623,-5.262099197620825,-5.0959228482613,-4.225482688253466,-5.675601164461717,-7.417389100609755,-5.339055305605606,-3.501702390634353,-5.786288317965957,-8.434340579096823,-6.372309049862927,-6.228915588234216,-4.992151919406559,-4.707432685156467,-3.7261433852983465,-4.6956173004524375,-2.716580186938495,-3.1989749371085408,-1.4469878161618945,-1.0687640963815077,-1.4468457674700983,0.568468392913556,3.8923161631471097,4.93240287436773,4.206395924888947
-1.5281954945560565,-2.0455350819426634,-1.6400892332234773,-2.451723696156088,-1.4223230620799583,-3.2584325993502263,-2.5760153160576382,-2.2319599342184056,-1.802860310365584,-1.8446983105793895,-3.3050458818830997,-4.1673376528247505,-4.928835385037764,-4.984860213594715,-6.865806707367183,-5.575652889588059,-4.747023516923467,-4.7952319865430555,-6.373410714619003,-6.031225062546876,-6.015283485343312,-4.340340387395382,-2.897393686611732,-2.2787610154949536,-3.17014120262892,-0.9241385451131171,-2.3283464565207286,-1.153875640676636,-0.7270916194821048,0.6061745628068427,2.6031258955779806,2.4237850539116024,4.726155226694478,2.3654897594798414
-0.7175828761745273,-2.126796841593415,-2.9163705398833915,-1.548878926287817,-1.4818398978246623,-1.6866462006726468,-2.722724428860705,-2.995280171109267,-1.8228173218825552,-3.4821601524589956,-4.029861693044177,-3.5559304523189383,-4.268525917280134,-3.363756725449249,-3.9910921652952753,-6.321086304689149,-4.5832587611231315,-5.884614242740445,-4.388389706580843,-4.350979038780798,-4.03973233784196,-4.177536096799792,-3.764293275424582,-3.783389159213462,-0.576988652011835,-4.668598141623404,-2.215290174573305,0.9035450298616783,2.623488948822009,1.3030670000797622,1.813063488714244,-1.013619785557231,3.6055495855822977,1.2307265341107336
-0.9018645780492232,-2.0050201947097497,-1.6735435196099475,0.33979805599090607,-1.108147863747664,-0.4953409630980561,-1.0422182735496242,-2.5504789760124043,-3.907155447703818,-3.2065904672547147,-5.6732850088591915,-6.168485173466129,-4.379620788949836,-4.95519218274181,-5.183521731194788,-3.424726825697169,-1.7631183344524533,-2.4193727166950443,-3.1830148992763543,-4.120235033828913,-3.703080539169135,-3.686057388068534,-3.0111728492492595,-1.749764175096738,-0.3161882327385933,-1.0372902996447921,0.8757601211401792,1.9685589694452443,1.1433571632072452,1.51907243894906,-0.5217206929183986,-1.921840315297611,4.020388752556338,1.8132507019276054
0.03168302232266913,-1.4572148304465558,-1.8416514893254328,-3.150056138284486,-0.7066138135541045,-0.6136117369137454,-2.286070439146654,-2.738402238653283,-2.6392991710327687,-4.075275960971914,-4.530506682806532,-4.384685629971329,-2.171871386200732,-3.945868349104565,-5.529469593634441,-4.442329603380641,-4.0891468357186,-3.832259161069765,-2.220921440694035,-0.9070471513877613,-1.2223923915097286,-1.1085366291741257,-0.6922767939789543,1.0779213922965933,0.9001317262367569,1.210030032778787,0.7030794147551479,-0.558287761696097,0.0902872093648986,-0.3786913197545981,-1.0296987385035203,0.4938519697384784,0.0613275001289971,-0.37238293389550836
1.4953347137123487,0.5737125347639449,-1.5784809101894732,-2.4281863395189465,-2.7938958428457945,-1.5533198084289135,0.9765028674662848,-3.4875912162371048,-1.100200572380253,-2.3172464293574677,-4.218182294328466,-3.300005771616516,-4.777294050989955,-4.301907993353243,-4.0454021388549135,-3.457163724272424,-2.525820587639869,-1.6637012630054537,-0.7545796872449415,-2.098769367022241,-1.874520653653277,0.44483041951745983,-1.702998232610928,-0.42455555398668277,1.2254433793412733,1.4741322873024199,0.3413383960576783,-0.0654321202834142,-0.0057260540850727045,-0.8676213602959826,-1.6304313377997433,-0.6790590779889543,0.6047004001286128,0.6738319218001227
4.782199852536558,3.8798267229742165,0.8090847170349673,-0.9654035151911454,-2.86711075017491,-2.438300467867508,-1.585022492720261,-1.8753969328479185,-1.9531887044968852,-0.6640291129564545,0.15753834608028724,-0.8392889961941807,-2.2096875625323693,-1.811423872846794,-2.3388175844585732,-1.5668512001914718,-1.240388388309258,-0.7218982714951746,-0.48876231027309874,0.7481064087039827,0.5266177363904654,-0.3285460580135449,-0.9976253073954549,-0.7493876508489332,0.8815381073278188,1.8926186747265747,0.9616160670651491,-0.12544926452954355,-0.06929768731101837,-0.9833973182067752,-1.1300223108022482,-0.5832636888733091,-0.714086131470648,1.189751034620774
3.7353932884981265,3.4584873242023173,1.9253399862006415,0.5604390144947238,-1.8117954536832135,-3.590987869089992,0.019374919738416242,-0.9727943466287198,1.2926747996902623,0.10975283858029267,-0.3341178108203451,-1.2101494559027013,-0.4538914596269997,-0.21594052866276028,-3.51686820107194,-2.6662200752238547,-2.469108756317694,-2.346196086094937,-0.9818728457986228,-1.2778271427655832,-0.28650828398018047,1.3051328979543035,-1.2802506706898924,0.1316858298358287,0.3148414948371216,1.631167302136357,0.7909165797961778,0.40740629708047016,-0.6399373168810183,-1.2809291707043147,-1.6237276219561212,-1.127873938293368,-1.0441567069926505,0.9140454911251783
