script/wind10m.json
{"header": {"parameterCategory": 2, "parameterNumber": 2, "lo1": 6.000027932988019, "la1": 58.9999434238085, "dx": 0.5, "dy": 0.25, "nx": 22, "ny": 24, "refTime": "2024-08-02T06:00:00.000Z"}, "data":
[rows 0 to 23 of 24, columns 0 to 21 of 22]
0.16927444971444885,-4.159286503939362,-1.9177094808323314,0.4878240552092864,0.1573835587979832,0.4067600795633317,0.023207445423166207,-0.028621391033719128,0.08316799671813675,-0.5150094187759157,0.3390953576618383,-1.8105585879743682,-1.3565571497260123,-1.6208440350989763,-4.743432345681113,-4.61848613866842,-1.4562271932845248,-0.9451689894012388,-0.4461630435127388,0.4658311247291298,0.9098401287253144,0.9466402467611523
-1.0883437395740723,-1.6879137275647353,-1.7461292555395147,0.5847621960951987,-0.8336394318792198,0.10074495439591946,0.08237322314043197,-0.022472826635497035,-1.013388532577047,-0.6453947960265516,-0.09457702424582512,-0.5197243448568735,-0.957488487874613,-1.640296893252036,-6.161441848329097,-5.293837716682933,-1.5666281484620435,-1.60946542897922,-0.671233559227997,0.1689657987020278,0.35592726219027854,0.7694282036836176
-0.17911718231306545,-0.08231612677375733,0.18672874403289907,-0.754908083698995,-0.6761947662886538,-0.007532452190844542,-0.3050425320205307,-1.7660894424356743,-1.7621851195638998,-2.054064761724098,-0.9056987263314115,-0.10863012513883875,-0.6186714442478959,0.3592461211043157,-0.6553494606745716,0.13323511814055053,-0.06329967600681952,-3.6520605901213385,-2.0425752681541125,-0.387498300006452,0.3442432998087249,1.0931624896395487
1.1534353994461894,-1.075423007114506,0.2972090293139096,0.14114779731299446,0.12830510914681517,-0.7067442830443557,-1.8112402390668745,-1.2262947693520831,-1.4234882716760857,-1.8691767395715007,-1.7011168729178971,-0.24856756904927946,0.16120602513427082,0.3893986560920988,-0.058961532590038904,-0.2456002704544225,0.3391712965284229,-2.60712509082691,-0.9934135371538133,0.12593432911759123,0.4431420220406761,0.6021222103260122
1.0555145492485916,2.2135990382147153,0.5573561862147137,-0.2322688009163926,-2.040341637009566,-2.7818761303100024,-2.421347642846096,-1.8102171601973813,-1.5911007131826511,-2.3508888222584683,-1.6548198429314571,-0.1123562602272691,0.10578208073809114,-0.2383346129280867,-0.029929490430835044,-0.15409077267355428,0.4843956129594744,0.5792107201552316,0.7482057591620712,0.696435328947727,0.7807571364729433,0.7503861080734121
0.3151127437518567,2.169659769750194,4.0872693048808975,4.126408558282552,2.1976151566927444,-2.6855371933416916,-2.584669161786027,-1.0544474755280615,-2.1887525120403906,-1.654049130648939,-1.4865254379911261,-1.268876768239073,0.23184012924613337,-0.6579928840755542,-1.2998296948197627,-1.0939343361254643,0.5129564862632352,-0.13417045171199457,0.5306717362230592,0.8829982465529793,1.116724140688011,1.0700976504888036
2.063061697931654,1.9739290723496425,3.287611249381791,4.987061895512693,5.407490575139189,2.8685769115700226,-1.5722489841247167,-1.1807825029761374,0.14404579484962748,-2.027492135449718,0.04647346024880243,-0.9743711185124433,-0.6595482660817529,-0.0767315719364761,-0.6729066162289147,-1.1041326667025295,-0.3052408309741841,-0.8124081088399516,0.2703207194987222,0.5276963800984718,0.9491512752414062,1.0596789585705213
3.101113047711551,3.53045114505773,3.0786685147099604,3.612566500512013,5.35409558485056,5.202331447506362,3.2732523587928113,-0.16368055927785544,-0.0036792574205024254,0.1441946358115456,0.42132534708189645,0.5193855335376805,-0.4686699152340104,-0.0432874155359206,0.26408399987655085,-0.5176419493491858,-0.28155421369878986,-0.5173680630420381,-0.7517385457838522,0.5743854857572189,1.0611688800173298,1.9295093482138281
3.783743201145049,2.6734804998312174,3.6212263768771,3.7654972032647955,4.50071789753866,1.9708489796947897,3.381478763920231,2.14916607001684,0.49350071520001887,0.01883104789337394,-0.2393977670547729,1.0540309268970938,-1.3837231608596934,-0.5946172641003538,0.159681948937936,-0.49226289793018657,-0.831342688200756,-0.6061057673456707,-0.8735785407818266,0.2481409307924596,0.4928374333405414,1.6314824064790605
4.084300851736222,4.214237551717045,4.38338407895325,4.0858167962713035,4.1450344623427835,3.9288712844137783,2.408871491912271,2.0267076643256985,1.286079324310259,1.8868770082746418,1.1713995555471846,1.1282083130299636,1.0348007132571586,-1.32127656489241,0.13486111970373493,0.2850878188838134,-0.239456399113851,0.05270068949245394,-0.46937290675600435,-0.3109282028962433,0.20727658831870022,-0.5207076258866452
3.949881570660917,4.604195577015701,4.339236641875701,3.781835457659761,3.6446667288274552,3.019578705795741,1.9157341818465519,2.7671205555410876,2.514736478899342,1.3879563773493193,1.9881891809452727,1.4567764204780393,0.03899148318222563,-0.7591794327007845,-0.08660283624393782,0.43633196691623644,-0.16711621518579306,-0.6198862011285744,-1.0339539859511837,-0.4887736738801878,0.2793518485697608,0.27183262667568947
4.116466586946926,4.074652234136969,4.261116773845833,4.299660946443028,3.2706521451835995,1.4514527479824013,2.3114100311570445,2.4874862989229727,2.832446526810003,1.834883840127818,2.654075117804547,2.4546872709888397,-0.7339264035853857,-0.2505611134207772,0.31975271238268255,0.15292647580196264,0.48377287039345074,0.02386430164263633,-0.900572537647345,-1.0995402226868587,0.1323363925779003,-0.4654986315179683
4.04655683522313,4.488524614280749,3.267847696487289,4.238325552735386,3.106738464322431,1.9828083309639666,1.175929923337429,1.4419661953581129,2.18138840847144,3.225611649630842,2.1612539211586594,2.1556783729653595,0.08213304489300984,0.10548196184700939,0.5774871368083193,-0.35300159452441404,0.5231377427237878,1.6151061933390538,-1.2986280942320154,-1.871593894178933,-0.6126982859878157,0.1503395909199972
4.125256653646305,4.496140298406111,2.9732834785586797,2.9075007058054214,3.468789724579314,0.5272437730468703,1.507703930966251,1.438332694138711,2.599635778666818,2.0328392822860026,2.2412510209667773,1.7346991400753262,0.6094119579761849,-0.5908752430225367,-0.6803758065138468,-0.9300745726430593,0.02795494212552627,1.290489661625738,1.1700950882825234,2.862613161214771,3.680721095601564,3.658210962671735
3.257208859844646,2.9504449851190517,2.4603936252212195,1.865595434689227,2.3303814790971944,1.5213069430439439,0.9309831107882541,1.680441027593329,1.6727785228495853,2.244873962482163,1.9568202597963098,1.6664562311604147,0.669497852019979,-0.8429542793610807,-0.9642754854140112,-0.13453930298208727,-0.2677415533288493,-0.31715914470555384,0.9501776563826703,2.1005830600012,3.7041926079437193,5.169654085002643
3.135112802699098,1.696750240463456,2.0096983344772386,1.3647483527539606,1.4685754778556002,1.237238426438325,0.34238341295087255,0.9761914851218584,0.8158665340125837,1.2191480715556995,2.547882576048159,1.308488812142843,0.5472394636536234,-0.8595137937581612,0.04427745730667029,-1.4831839360498276,-1.4358788612174263,-1.7721421667691237,0.008520800692212432,1.886829766106845,2.7078886409569134,3.774665670592704
1.8629435567126602,1.1368127690267633,1.0573490056077288,0.5479798959538031,0.3590003270139095,-0.0908990889531051,0.03471162224971548,0.35814490371095353,0.41824445461015697,0.8594923692806122,2.7280340355398147,0.036652623682971765,0.1179564744095031,-1.5073565125140092,-1.4509939369216416,-0.15383144859520492,-0.7570100373032861,-1.1750312465146362,-0.7947369891532214,1.2284959521318155,2.2075972839332096,2.940296306779541
0.7433903429737142,0.37863938809994474,0.27582463952980335,-0.09951927736894112,-0.6282326163185132,-2.257062204082996,0.2743852525814389,0.0876564075825842,0.3587971609211168,1.1777983068412043,1.8376153901655272,0.42090956998649753,1.3457693206322665,-0.6969841676761667,0.4391557156415246,1.6887962799040952,1.7506396091309382,-0.11147009349155267,-0.8186941539415065,0.3150591135982437,1.0244112071725817,1.6002997057961472
-0.9299196618853558,-0.9336613329551928,-1.0136350558723268,-1.1438142744705153,-0.8968585619023421,-3.548465626913608,-0.21960186451387362,0.32300985021875567,0.8369149369017583,0.5582260056772576,-0.4154003195693697,-0.005348494426179313,0.26964858591423324,2.3653778745824257,1.9795588055096238,0.9321551659419455,0.33282588716697853,0.46938454543524166,-0.7567229644975136,-0.7880647869862746,-0.038088266967912114,0.20651346752008154
-2.355976197929195,-1.6647075259788364,-1.7294816257821233,-2.290081057648235,-3.474667112050148,-3.4023963937478396,-0.5039483707659248,0.6644865667615191,0.7154974078971043,0.4752118913057203,-0.0756951366670623,-0.2852391826176989,0.924871095299803,-0.02518749426874479,0.30011913460807,-0.10368018334220061,-0.8285161167456987,-0.7785322588894767,-1.6282880159119226,-2.284063162101711,0.021444530742195076,-0.17931200869265612
-3.164239643490104,-2.7671377925390495,-2.6754556291199516,-3.350004212998524,-4.278571105783765,-4.195918888632486,-0.273940586553528,0.174885207701351,0.7465389420901545,0.25618913439460356,-1.0401757861326728,-0.7206886330279829,0.14941601681846486,-0.5914637771028134,-0.704401633240963,0.03480461336098327,-1.1460438607263248,-2.5843391745317428,-0.5001045873896249,-0.8941074646484175,-0.3770903980322428,0.26000693632998423
-3.6097009566709217,-3.339913441628711,-3.351559071367071,-4.257067804988599,-4.740064340309203,-2.987938370187915,-0.8148233341902871,-0.10681247459495043,0.9986343891370133,0.9243970134692769,0.5496274822171409,-0.5581103126895883,-0.2908287705244069,-0.967843628171427,-0.8478442265466171,-1.0266584568812454,-2.7359648315242584,-3.1778797045408003,-0.7724891232645682,-0.9396801089922263,-1.7229195743850279,-0.8013459656784695
-4.008585022728521,-3.396125045735885,-3.092735464033594,-1.1520668518058061,-1.7373364594081135,-1.9796004427758698,0.18969515236201276,0.446691510904459,0.5597511517301016,1.0017018928094232,0.3933672160230057,-0.48723819352595843,-1.0295614135719453,-1.1235922490851584,-0.8144023520040772,-1.8841929081603435,-0.5958640675610268,-0.7504649425921761,-1.4572439634544296,-0.9618969558945305,-1.5321455193675175,-1.3742441843692925
-0.7832109614337284,0.43064385638500546,-2.061454579571496,-0.4590053871266787,-0.8650729607374903,-0.27173088017630276,-0.6507080562508311,-0.4204562207776649,0.49162204630772227,0.8778209637853995,0.14859773706964852,-0.919419789370608,-0.579199895125502,-1.253515786197286,-0.5806465992092097,-1.2713481585299513,-1.002016172344651,-0.47488172744007123,-0.99154833710345,-1.7271426868109487,-1.6467796008044384,-3.1469824152618857
