script/wind150m.json
{"header": {"parameterCategory": 2, "parameterNumber": 3, "lo1": 3.000054539987559, "la1": 64.9999836372058, "dx": 0.5, "dy": 0.25, "nx": 34, "ny": 52, "refTime": "2026-05-12T02:00:00.000Z"}, "data":
[rows 24 to 47 of 52, columns 0 to 33 of 34]
-3.044273417551923,-4.524089538335898,-6.549452171530492,-7.745360241920469,-8.870574551345648,-6.490283911143804,1.1420806088553952,-2.530810975531877,-2.740975363418255,-5.28334110313685,-6.573127611751807,-7.382457875262947,-8.174080510119632,-9.79927052025244,-11.48911206850426,-10.88721654584208,-8.315621529038475,-6.976130089304371,-5.340680776151184,-4.839323783198551,-6.822561314576947,-10.562038603704506,-7.308375262682336,-7.774233862122546,-8.879386600025608,-8.862434238251044,-8.583106235834252,-9.21529282908332,-7.305348944127468,-8.071631925190317,-5.512620630608367,-3.936031631430541,6.453525182771701,11.137642969134658
-3.485191730788224,-4.884155616188713,-6.8092046898463545,-8.143979379835283,-9.174311239134964,-6.857938190880381,-3.507285384664847,-2.6553819106706107,-4.493990391778231,-5.651147147253551,-6.769844532989015,-6.256466492351091,-10.567898497209617,-9.272804521079243,-9.76556308221167,-11.331452739917038,-7.453738990356626,-4.05296744785878,-3.335538234670965,-4.739768453454564,-9.607574698620779,-11.449059050544484,-7.220966124216881,-7.953575546946329,-8.881592482260999,-9.737352982059717,-8.589089996338638,-6.644428532616486,-6.45445992611235,-8.054362537247272,-5.720402346413061,2.138685839377118,7.805035288923081,9.989704416610758
-3.9290700709021094,-5.417049525825183,-7.110138864948056,-8.423917328792177,-9.742623900507205,-8.678695422208646,-6.597800145669125,-2.940783976426945,-2.953405432366875,-6.876865916085753,-5.350782586353024,-8.487139745871792,-8.41445481084258,-9.199756417201115,-10.604771500727782,-10.772324608618458,-5.195913724105754,-1.6621764046682312,-3.5027656657363657,-7.046601072723937,-8.879011686905276,-7.51039295502825,-6.315861047880649,-9.342987910134234,-10.695267338066104,-9.7640832396614,-8.2971538468036,-7.178741021158813,-10.209416195356978,-6.904195653526542,0.5068222037140236,10.25672457872273,9.255507107466013,12.972710592813202
-4.615667947623911,-5.60224793578352,-7.6254584100602285,-8.942875892414786,-9.93402955983538,-9.64252725400804,-6.555643524588109,-3.7872656492622245,-3.3812607340016987,-6.2330968084814184,-7.5753203645945515,-9.293797796737556,-8.182178369992762,-9.243591548420461,-10.201629885151956,-9.998710284410476,-3.9356891387458868,-3.881835963183064,-5.403692860901559,-6.4243684865960615,-8.082619554551572,-6.110873083891045,-7.375638676141701,-12.190346978791553,-9.202333775961609,-8.401452182005583,-7.40585594578617,-7.170329051428147,-8.469382262010345,-0.46662032664980646,7.489152420183992,9.728639643362403,8.543551836243243,9.046905800066357
-5.025015207099844,-6.041970137107697,-7.900528719452099,-9.219991681267866,-10.209165577717016,-10.722260102954003,-8.58931177011144,-3.342152667525052,-5.1767943575894515,-7.221322958752718,-8.385824843395339,-6.9515836437246366,-8.574525127333818,-9.339839607264013,-9.957944414623542,-9.53603764375378,-2.8293375961465426,-5.986477878906155,-6.324698783809784,-7.32134842882368,-7.88543630634038,-8.19385549106262,-7.93288812751368,-9.288793111020293,-8.172453796371489,-9.181655333803072,-7.439291988721081,-6.995848639547233,-3.708076539135684,6.708996183400987,8.87749872770035,8.465479611554377,8.974158701697178,11.111783935371786
-5.376043784642276,-6.7799110751813,-8.295112005886685,-9.768908423481099,-10.609207555370416,-11.363043721666592,-9.694478915653422,-6.0408234446181694,-3.908322979894004,-4.696513450591491,-6.363462275671659,-6.396658366512394,-7.981006377205517,-10.189015418477187,-8.803860521783191,-7.313878954022295,-4.817394200425608,-7.739131283302423,-6.8336208362121535,-8.39860679912994,-9.34376987421995,-8.702351908022974,-8.030615378559729,-8.065158078539584,-8.33024416116437,-8.641052475439148,-7.89472194652582,-6.805201926339757,2.126842679640517,8.672002101673678,8.650958363845639,6.1978875834184,13.209580959427994,12.707764342415295
-5.960681801019648,-7.213348991050924,-8.89639110331965,-10.080345084591206,-10.98124893371372,-11.856046854151975,-10.309552880926054,-6.533788533700964,-5.101214819908457,-5.07993880050934,-6.331688820614084,-7.035514252616284,-8.733422581999372,-9.751667406077747,-8.335334114220021,-5.886738366308276,-6.867195227351793,-9.932766165914204,-8.10333348469854,-7.4424662916549655,-7.093571247985053,-7.367093163006124,-9.8844905387985,-9.03834090170344,-8.120539523138262,-8.829396720857867,-7.799371595301386,-6.654981294067528,3.8375941711480133,9.441774978512141,7.830036780623487,7.4697640165860975,13.909733235386035,12.48177149185754
-6.3713006395797365,-7.893689321802264,-9.189257717755206,-10.156896344386354,-11.354085102878884,-12.212899649309731,-11.296157469217826,-7.66407449914335,-5.388230939946155,-6.636468647621829,-7.18455072139696,-7.703470304939065,-7.49981111871182,-8.953289385427482,-8.441435548785886,-8.611925490247131,-6.480383878505672,-10.808277073310688,-8.165789304951653,-6.272286638336697,-7.446699216322401,-7.289199710407104,-8.729197243481929,-7.480648444115184,-9.026161690062763,-7.126349792906722,-6.871198424076236,-7.609637372460066,1.916185028948171,9.474527195895199,8.214242654710365,9.193360074938647,13.745261710769979,14.491319592124531
-6.801290359379821,-8.276194922301197,-9.467018377337238,-10.421133466265251,-11.680944085239979,-12.385734529263683,-11.80096673236962,-8.995513187913398,-6.819928294619819,-6.201121881605255,-7.270222046204862,-6.482785718268015,-6.835693969038407,-7.000879925769041,-6.668477059816407,-6.617467520794103,-8.243330245316567,-10.266582038729954,-9.330823124429125,-8.307366260901432,-6.635146483741148,-6.839671098164922,-8.743150896501723,-7.506940390074282,-7.623739561765944,-7.304693439768326,-6.475015307871458,-6.586129033635382,1.3699308734642486,7.819614128767584,9.96038858225903,12.398733165385476,14.935087378653963,15.997763227686178
-7.116556441109487,-8.598744864074476,-9.948708403195045,-10.899506653422327,-11.874519825090168,-12.364781692178962,-12.12878812662566,-10.423860218360266,-7.232366364554412,-6.90104934784219,-8.343520129492227,-5.790672066943402,-4.785207561527308,-6.592074365539292,-8.670902295187341,-8.71924337364089,-8.398735311319076,-10.958316747446798,-10.88634982478009,-8.796066949329315,-5.9725461323694935,-7.182796703814619,-8.018023994508955,-7.429440335932422,-7.30750883244586,-6.340599624900736,-5.096168422675598,-6.794589230426019,-1.5443374640896186,4.210890332382958,8.115373731588763,7.933409066534403,12.644810941367663,15.65697897453003
-7.592956089985818,-8.86963460695007,-10.139110738625805,-11.151989226713244,-11.851407784226646,-12.33200923495761,-12.383425742975005,-11.165356644147126,-8.545672077036041,-6.985921074538233,-6.982831265655971,-5.376571061835301,-5.536777621940691,-7.387380242887552,-8.82380524299443,-8.462854635316363,-9.081104148010368,-9.892985020720625,-10.230018162911401,-9.367753424236676,-7.01004188532294,-6.6873720233036815,-7.131023189119953,-8.186100484891918,-7.938043096936281,-4.810818850403133,-5.227744711622591,-7.519444870744282,0.8526390019304064,6.763583081487552,10.596390106133308,10.38706341674824,8.740465429059128,11.777774080506338
-7.887701922756338,-8.986843149288527,-10.346363049975377,-11.265483664431327,-11.7607158908202,-12.433987916710233,-12.470885437205379,-12.115772888905633,-9.22351029688679,-4.951539352917595,-5.136236861887399,-5.143153932252503,-6.898935368067707,-8.450039256307695,-7.41248976158791,-7.866161323449855,-9.60769489047973,-10.002497734257036,-9.758583320073434,-8.873820461369252,-6.207991625608741,-5.7148235434302945,-6.403422816118793,-6.309782251377897,-6.416216054736135,-4.798749845774523,-2.9014495414591615,-3.131541733068119,3.8160533995880517,8.103497049942025,9.2489559023732,9.928151074086273,8.398879568454,8.161700682868664
-8.139848824930626,-9.168486114491486,-10.301491535171724,-11.344419349729886,-12.080607038545768,-12.431359363986262,-12.452394204593126,-12.027398338121474,-9.44934925735499,-5.311822594550377,-5.479149767242333,-7.369401682064993,-8.169986675032225,-6.724783445254715,-8.355073607874377,-10.596382970305523,-11.243022533174061,-10.374953258894614,-9.665717559919452,-6.666187331477415,-6.933936769412183,-5.614094500696365,-5.756334796812389,-4.57571035651449,-4.840244140575896,-4.276392937280125,-2.1360762276921035,-1.4621189024330619,2.5580758857565127,7.927738559177086,8.481791526601347,7.5545802094724905,8.839499769640488,6.599629549276914
-8.347149936373832,-9.3807589924936,-10.310168005845139,-11.313800602829735,-12.299570607007126,-12.301143985229261,-12.284461900594932,-12.291562113780284,-10.372360664589937,-5.364525210136314,-6.095389093055741,-8.5302098006833,-8.712327775932074,-7.440304547139979,-8.005711506098555,-11.959683377521506,-12.601746290543707,-9.22420403310606,-8.478162115077854,-5.921864839131493,-7.902857705574181,-6.390245107277719,-4.409371032299798,-4.989441399166053,-5.0118881833173665,-2.7761723890535377,-0.3442467076157848,2.2063384184962294,2.4004038130526006,5.505219200261041,7.950329906972215,8.15152238126856,6.33339249595984,5.061228237581017
-8.601899964933917,-9.628220935109495,-10.574655049763825,-11.312714341807151,-12.230937275545795,-12.26623174397311,-12.194586801811944,-12.290177207511942,-11.11950642647981,-7.257749760807388,-6.7629883151784265,-8.506413375661417,-7.154873176980081,-6.3765801543910134,-9.158055463865733,-11.076412172014358,-12.464974989874298,-7.604777711039873,-7.600478935697536,-8.393162956086014,-6.843744979082857,-5.152698396393639,-3.811063663914072,-2.8502923826584583,-2.446633763643521,-1.9055241398841232,-1.1602642855991574,0.7601755330408703,3.7130528550401425,4.9549115677769136,5.685668442473181,6.164834517574762,5.359622159977211,4.918937021975751
-8.647489968105068,-9.541190363063402,-10.676260775641902,-11.694334524889037,-12.431090723006298,-12.52604282194426,-12.257063422860416,-12.597531844136878,-11.97741072473938,-8.205468342554596,-7.776471369048081,-8.269256576413165,-7.562494393754346,-7.410166221988163,-8.42449211812551,-8.284893292985895,-10.073696123039527,-4.6009680144452645,-5.182900219790379,-4.666505862156672,-6.351324718730473,-5.916393231020396,-5.606385015138436,-3.8006826228405246,-1.1566879326059798,-2.4227378251128964,-0.7244394058388256,1.8692660075746705,3.9241298103613254,5.209748950534977,3.7807117395893424,4.583542990787333,3.7571948356328897,2.6268685956612323
-9.06508565940925,-10.03964739471172,-11.097209477093994,-11.955865875859505,-12.647680939484545,-12.989443888508793,-12.704733144331037,-12.923787177300179,-12.449405664442395,-9.467658050454169,-8.798696173200886,-8.93252572856308,-7.747999420066357,-8.01000417108393,-10.936056238704063,-8.652911098296265,-6.560908916602255,-4.170812910895754,-5.17452654395573,-3.492653862948595,-3.947737097317136,-3.5158814930100366,-1.9576173485406123,-2.5433382616055678,-1.2565879412212488,0.7807213319010908,2.3361657665667055,2.4820085196200172,3.305921563120164,4.935219738641403,3.371418631485162,2.2323548243646596,1.6410128713126868,-1.128981401991842
-9.809877354216644,-10.587101311860785,-11.473095552586617,-12.14335433051772,-12.707879624803795,-13.116941550561052,-13.244814466584765,-13.489122943673808,-14.169897870995426,-10.971774365034682,-10.439117004848969,-10.645078329273712,-6.708115995638303,-5.448027988826926,-2.664700582786531,-3.87648286867847,-4.58392637019683,-0.9005070480781863,-1.098762144650943,-2.1070080061173884,-2.573412923296342,-2.193472859339928,-2.126165298721904,-2.614767212701879,-1.611792219771464,0.3389240506510418,1.5873169077286247,2.708916704881237,5.715203948383381,3.0710065115697374,1.312513998096422,-0.03399530741871494,-1.1616361284939332,-2.802981592097818
-9.934963857004213,-10.838518419486235,-11.89007167939159,-12.58874535245623,-12.889338275088543,-13.593001915149113,-13.549447551132502,-14.068621925143182,-13.370684600951547,-11.234474571964133,-11.852077050615616,-8.740157665315937,-8.291929197227656,-7.696021389896871,-1.566056799958564,-2.119310096055906,-4.408506076551246,-0.7032336441147746,-1.6141809580303492,-1.4224983491362606,0.6061351167709135,0.029396011643511542,-0.8268377665365598,-0.5855346448124082,-0.8974806424430681,-0.7100304045510097,0.12146043443714898,2.497473852192217,1.3261490639643951,1.3232179075353812,-0.7774643181353014,-1.1127412123984493,-2.45315828370749,-4.192407707363238
-10.107861372298986,-10.989709926304238,-11.773462061391385,-12.82375659245467,-13.315154046781277,-13.956708456064591,-14.03580896731239,-14.38177955457286,-13.988018691796054,-12.74875477739805,-3.692920103235885,-4.476487640152467,-5.874665319566007,0.28898112342767607,-3.0896786335959545,-0.3992011675364327,-0.32374081485686135,0.3378445446780247,-0.5818056919687187,-0.038676464006587315,0.7139092742949973,1.5744203078961077,0.3569607517005065,-1.0115366077025967,1.9363755109331093,0.5178442311740514,-0.5494242611493609,0.3287419776292783,0.3291882112041951,-0.39837668059710535,-1.8540758250122509,-2.897185462273895,-1.4237014733524647,-4.004282694324053
-10.045664617067853,-10.740905041453525,-11.727598292981234,-13.015250502621681,-13.47608381223595,-14.209460304180574,-14.621929405697694,-14.944609151845095,-15.223115602917574,-14.118843555048263,-8.633010891227483,-5.085851583521492,-1.4399527419418234,0.48611096959126576,0.4609503761056859,0.681490357181912,1.5071534397686777,0.8262059018482629,-0.37137243854292884,0.548674111252947,0.8868281554543189,0.4290888212714947,0.951350561639457,2.1592732906347796,1.870689798714185,1.5807402593741302,0.5900235196487147,-0.7263495931638797,-2.3904895694722437,-2.1347011760246084,-2.5175160555075884,-2.7283078044007683,-0.9812620304407893,-1.769004715715189
-9.944676228162955,-10.729287954816774,-12.593362840548611,-12.815237521074506,-13.744070700018433,-14.430956763885032,-15.2608653342811,-15.651129331614277,-15.441379611288797,-6.207131662320256,-7.886468763075655,-1.15145047430813,-0.47980405545841776,0.214547668126295,-2.084602524887084,0.8641281810663836,2.281741835654598,2.0942030736149126,2.3221156522148108,0.9061762099109144,0.19401716928878096,-0.04155698886600247,0.9246340898279455,-0.2528976742117414,-0.006736499333925605,0.698384156887407,0.14960916494694593,-1.7168332826350885,-2.8987729860046954,-2.1034205667722032,-3.0891762388752113,-2.9990797512549943,-2.203501988794807,-2.1102602465193634
-9.982650087065869,-10.93211730228282,-11.857937114446424,-11.478646783489909,-13.806880548572497,-14.57362096038891,-15.36388417258794,-15.8697359436059,-16.80550464747795,-9.970631860788728,-6.717093622185245,-2.5054889919258363,-1.5222834601577584,1.5214833671936874,1.6663390709109616,2.6192721987949867,2.1269211131847836,2.717608150740291,2.1362667594560145,1.7781976245123354,1.126361044374105,0.2437085751436242,0.7832904931723299,0.6592382208677412,-0.17136156865273783,-0.5030548230207987,-0.8022845603072739,-2.0455290025501314,-2.3221561571344944,-2.717180064675201,-3.35824349646809,-4.170563256505062,-4.0508441216516795,-2.7616358288457605
-10.145835327400068,-11.049891126296274,-11.474725248896458,-12.04384185546636,-13.270329273020156,-14.138573892747072,-12.760396259135575,-13.120326352611004,-13.93006482884029,-11.53756652935208,-8.362692855808168,-6.1761170063852475,0.2970052371618413,1.9336615958101588,3.0139263420132956,3.7177323452351754,4.191974652529998,3.4582637707029242,1.5755931031895236,1.3050171183936474,0.7703194150585854,0.34417984709920846,0.3542298993802247,0.61565335872526,-0.27918167243957626,-0.7886103021724559,-1.420230754332918,-2.367334816720756,-3.5944872980368214,-4.553371048361827,-4.496601136325337,-5.010900138882825,-5.4439635730173155,-2.203417962628052
