script/wind10m.json
{"header": {"parameterCategory": 2, "parameterNumber": 3, "lo1": 6.000198445256149, "la1": 58.999992894266676, "dx": 0.5, "dy": 0.25, "nx": 22, "ny": 24, "refTime": "2024-01-29T08:00:00.000Z"}, "data":
[rows 0 to 23 of 24, columns 0 to 21 of 22]
0.20102182709681585,-1.596991446865904,-3.632740801461477,-2.1982674117432257,-1.7888986636698216,-1.02088334964753,-0.12224576005180819,0.39546140742574276,1.0389221468063081,5.178907564958883,5.646307921588612,2.9463737733898414,2.53445430575326,2.71228167453476,8.430433444876778,7.928038784339466,5.675773308357355,2.80349350973292,2.5932252899948214,2.3406105437222924,2.1817808318948377,0.8579408772868449
-1.1920171727049451,-4.431472536078592,-1.987880161394948,-1.7082580164484045,-1.530399384958463,0.903235360177743,0.5848949080672992,4.198555217831518,5.876710385278496,6.652093637190954,6.822573143703734,3.385692163642446,3.665850781464167,4.623560307406879,7.068883611836281,6.959434542866334,3.326814482041751,2.9311460166055765,3.642967951889618,1.8248058263423963,1.3854803938819544,1.9708676916939334
-0.6390670317057389,-1.7121098238635952,-0.7334041181383977,-0.4065774869174563,-0.4238885731791948,0.5130779888002388,3.853236980675761,5.051754309363926,5.81439499750692,6.440256920235914,6.6041630186889675,3.9422457183072592,3.636997484921229,4.719585535257122,4.388439876357595,5.21006021141339,2.7528786318540046,2.190308031612735,3.644072560500555,-0.021046806641850047,1.6173008131880982,1.6848711033117438
-2.8294147339847653,-1.7561758051522978,-2.3614968383450226,-1.4870472521717686,-0.24700679541122147,2.4024734445023306,4.4402798748621315,4.490145629225712,5.514589970076753,5.641541556535416,7.637059987059624,5.16229189047965,4.093630403725204,3.540469655667289,4.638948722904471,3.8519986586805635,2.820269270805296,8.33189249241416,2.4381079052711896,3.198357875320217,3.1455670009637466,2.581436737957267
-4.317516552331492,-6.429468474440681,-2.487289185193499,-0.4225262517324872,0.848052951643007,1.3386671572700646,2.3838433216305854,4.2454570249884505,4.84177311226779,6.501055820646615,6.9442579741624675,7.352634073666658,3.7030834576315317,3.435481845272655,3.6695258554893644,3.476121576135372,2.7271990853836723,4.393367026668627,3.9656738484526155,3.0210141752989976,3.0251155294819956,2.477439477092456
-6.393295885409099,-7.929375017908024,-6.004755701503158,-3.707735387793567,-1.3107005258739866,1.024321311978545,2.393606117106921,3.868383654191235,5.963418049973746,5.218763316227464,6.513496526792845,7.17180921316567,4.9012597512678795,3.1347778241372453,3.8576593447212377,4.109617622074325,3.9631438375207,4.16998884688176,4.772405970380198,3.40241006899006,2.5446025414154922,3.3319936408503947
-8.85696746531705,-8.464573962836736,-6.003271790187056,-4.513141361977652,-1.4585243249960878,0.573788257110744,3.040117914835689,4.8938672314111935,3.355517423635903,3.4473259370497993,6.738395655554162,7.246303428406282,3.5844364480450204,3.0288458026871496,2.9463334925193347,2.4543731583609834,3.080065299245666,3.9825498287681276,3.8919628187527304,2.2918683940645934,2.655392241556836,2.958816293770022
-8.47370748583373,-7.179270704521735,-5.1536647692905255,-3.5358647387557043,-0.23746832828159475,3.6830483028564327,4.49385975585387,4.553411947990753,2.602588964614152,2.2984626867003546,4.371123775599256,6.609076166684524,8.108400579871162,4.208555562562451,2.540638787023143,1.107323371917159,2.4267780148841367,2.7896354133988948,3.8214846938005307,3.126848451555153,2.3660412221234597,4.147243019982144
-6.299136368953671,-4.569113782409712,-2.7955398265485853,-0.4166133924015967,2.656706268122637,1.932230013097864,3.238977257010635,3.127633971323313,2.5905957550062584,4.587174116944074,6.833458741349422,7.453535167049833,8.573135862953011,4.13916955231639,2.8049207165968837,1.7726131264576745,3.3103076666367652,1.705620313399754,3.2162899054685172,3.0109595626540813,2.748714919797286,3.9923738889896216
-4.01361562718198,-2.1510072300781147,0.7077096330169924,2.1026664911630935,3.714603103391852,3.5931580391895035,3.5032809972335475,2.870112567161986,2.1211526644506966,4.430761751071364,6.325488184562373,8.005596432368922,8.206000738356078,7.601910171910263,2.147133372720752,2.9633919934622304,2.5970707817868175,2.1778564654900068,2.220425780583478,2.5068414708216715,2.3607765372038654,7.845748681249878
-0.8277096058812295,-0.22211773825641828,0.4724976698186086,2.3223113331654743,3.8143775558726905,3.1977662912875067,2.790698502117198,3.0581887651276043,2.5858174099577202,4.085400086212312,4.789018257278684,7.555623253125488,7.6047373469366795,8.924771151820421,2.988439648375193,1.4085902066394407,2.5731024809693053,2.461536444646512,2.5933006690673293,2.638294171063063,2.546694000334275,6.096861107167365
-0.7617407050507934,1.2748516403065286,2.2089424248862217,2.761078026121913,4.369326663073479,2.405108800882529,2.9269667323724313,3.1288840467239094,2.0717805432103837,4.383563714008485,6.951661876218726,7.572019586320865,8.339003392057085,6.657460627889977,2.908826284194994,3.074237846000043,1.3250004565106819,1.91158838885801,1.7865273613759414,2.6591731428272993,3.2977974985044036,7.763929981815636
1.618787395027468,2.4714649863447837,2.483885849394482,3.6239709318482483,4.635591001941905,1.6498475769220198,2.292076235848292,2.668343652742015,3.0124986622424403,5.996858028226966,7.821666570763761,7.291363801038512,3.923259365226045,2.30176153884456,3.700079405849977,3.161691812180896,1.496845315497546,4.517794784385276,7.558423901756974,6.19602227216713,8.215026162989902,9.425018267722782
2.3429484186939313,2.0578592853483046,3.4600633667839036,3.7128617101415915,4.346694486212863,2.7032408968362223,3.1477569156453042,2.61281821510357,2.9819100902624336,5.609900334065229,6.184688774590922,4.000042258950666,3.513844683665343,2.951498866512178,4.841512469449744,2.4987408162266815,2.7962478394655745,7.870474118263266,8.27206735887516,8.519952640889906,10.536319790334911,10.466777470886234
2.197440065579058,3.028571488897872,3.939123082960892,4.059215099617827,4.519317661113148,3.3890297431821863,2.9027210946315116,2.4381322522242663,3.6850124318775843,4.140689884658147,6.761753445502532,4.090347300818957,3.3002413960955232,6.557726942273974,4.474260234347234,2.2256145861368166,3.069674494334084,9.354220182671613,9.061549516242904,11.193560355708193,11.430103603500752,11.605706490091636
3.1417713815643635,3.931286407455097,4.024354554068107,4.569396208858584,4.864649371073963,5.52013799688546,3.008797270304793,2.9898518905850513,3.243169314585589,4.531171949843297,5.918238022142316,3.3938047931171393,4.572297526010756,7.0664955944358905,7.865895516059507,7.99993256922369,8.689039286909097,9.665610057691103,9.156761054390245,10.910971293343032,11.102222318352123,11.367527212983697
4.02539249538086,4.110361631546619,4.818891976052221,5.142577731333798,5.580361107154649,5.53991118722852,3.3787749163754914,4.207212498609619,3.8879123366129775,4.94418971908612,7.839213205992834,6.303517637757653,4.235925438427039,6.544964344993572,9.179329212501951,9.055666141050377,9.550456653657637,10.25223943446079,7.47342987098031,10.86869902504418,10.790972275873582,11.175583827622967
4.642617157895367,5.148327395998655,5.705894199736324,5.9734527558116515,6.189883105545225,4.2477698241808755,2.8840512479897633,3.898962186605375,3.6858866503710153,6.214771778223654,7.0732646103507495,4.933136490133445,4.6041770575226,8.865701201380011,9.278770472293624,8.839728849135428,9.752042552740473,10.479529834878146,10.766044601614974,10.41465314103068,11.674624084747535,10.293623334031025
5.575615842231234,6.152253609460544,6.137871408060027,6.5325976003660235,6.005309432445521,6.4266903036558345,3.7339627448173416,3.0710807768604544,4.704530733150593,5.923396479638554,6.569240779945461,8.623061967349699,7.900533896730083,7.074727512171727,6.613881407579374,4.864987727157798,9.074828552094452,10.154481064438402,10.272175627886435,11.097895410052649,10.872208811283041,5.83128045171408
5.989095688948082,6.15203100973229,6.192819243397272,6.4760780325199185,6.41258287222994,7.144728387476149,3.44469060992294,3.059782631892013,3.8120640543829896,3.64390375572873,2.6938256733354398,8.806117408240095,7.503325244244764,3.831172671803001,3.872544755798893,6.421907209111984,8.83711594329474,9.955246693989032,9.189257972176517,9.00991811386841,7.163451884844654,5.177885912931676
6.409429679109035,6.1692641357352285,6.510154603456778,6.795269834985201,6.760419714876831,7.317305204139005,3.2365690177982347,2.8740131530193134,3.4002160801819863,3.2906127236068285,6.087703032091268,5.242281992964742,3.1321114429555914,3.0006405164837764,3.2411918036411382,3.271529838175042,6.160761185387424,8.649144999345562,4.397713426019012,5.245433571783863,4.162131457415275,4.543323820177219
6.712906042972629,6.601298397786914,6.336144462873185,5.020292841144109,5.406302119421176,5.310355130072639,2.8852981014479613,3.422130031437015,2.6547466551343923,3.655062555124061,4.203691494031085,4.121938559417836,4.78217402385441,4.619618547914413,4.084829169276551,3.30390636735184,4.570739218762486,6.562114728393973,3.669657386623314,4.272195584623798,6.0005257497362425,3.2825596407868933
6.414296739587631,6.430774867448295,5.754006273249038,3.525883937933783,3.2127847948313173,3.5700913840710595,3.1292838672631027,3.947863616305164,1.8545234581549856,2.105527523106554,2.8239044650458807,2.475872192057465,4.0327844908730395,3.6524903010087124,4.251374479266059,5.574991356792897,4.980652864509711,4.157050615952387,4.792419940461967,4.353199818628318,3.093473498085,2.183074398860016
3.3109175878753208,3.241199758603637,3.5198153209767566,3.4248427181528265,2.413697126646296,2.902396261345107,3.601714680600927,3.1068260420206966,3.3131397605995425,3.1663896354280654,1.6659130639657542,2.5444281643973796,2.5575973653925836,2.9447395160212704,3.2845244272109846,3.5445970129836217,4.767683150374503,3.339207405094612,3.7104471371708314,2.9198889120950815,2.3802624133436505,3.827196314149359
