script/wind10m.json
{"header": {"parameterCategory": 2, "parameterNumber": 3, "lo1": 6.000198445256149, "la1": 58.999992894266676, "dx": 0.5, "dy": 0.25, "nx": 22, "ny": 24, "refTime": "2024-02-27T08:00:00.000Z"}, "data":
[rows 0 to 23 of 24, columns 0 to 21 of 22]
3.1667095014107836,7.558181780465997,4.702182781598047,0.9213859002402207,0.7495374006547446,0.35058898349315953,0.31563091883194494,2.019340705889023,0.30981209663005016,6.248917211114502,4.624353781936233,1.073211193859776,0.695645137815784,0.1254597010220234,1.9402883708760013,2.2020173120553976,1.3781018753386858,0.9778020596867556,0.9926987643129445,0.8006959630624938,0.4272475861894436,0.7072375105814019
4.597510936401052,3.470776227912326,1.3674952567629692,-0.36143600454673996,0.06411829554269713,0.5768984470496185,1.605876646471493,2.5803488465012547,6.988909185151524,5.553184997682102,2.6912928836790244,1.1056575132868531,0.655664843458307,0.509786703189853,1.7747478764813256,1.7115553371176422,1.179786985899927,0.9679437210528169,0.765889149539503,0.41317200979810503,0.26533282953704446,0.3931047307536088
3.2827577696943107,1.567569408056388,-0.5577633589019382,-0.46250998973692714,-0.11320013988547065,0.6517324870603196,3.0940900191832377,3.7287592656963358,5.977837128965829,4.686826634846043,4.663754374798664,0.679011558330087,0.12633609799963638,1.1291007711062995,1.2235938813479716,1.495595005972057,1.4317474911810428,1.0934631187920187,0.5724688431973745,0.3365833359525106,0.7413296852568172,0.5172316380738495
7.17461985230126,0.718895081091938,0.9707011715424692,0.09370332331319535,-0.5162383200643026,1.0523031597468118,1.8578631689143361,6.249009089747014,4.746681677083074,3.8909655103374274,3.756432081182214,1.3308028334909763,0.6012900300606561,0.7143591914475332,1.4287612394989109,1.2205886918634752,1.2326255576570462,2.0092159842599715,0.34261576219423806,-0.2965235809292317,0.12602372471278642,0.008542431951906545
7.600124068005547,5.08938484370849,2.72393166176272,-1.0854401615163114,5.123998190787993,0.2583608314694963,1.3887545934197094,4.4778828725385855,3.7447710597333645,3.70990595207816,4.341058346815083,2.757483307284841,0.5715719318940048,0.798673608384073,0.8892169868274744,0.7846570513458988,0.740554806513708,0.8255293867757748,-0.2620978773397518,0.1446026484705495,-0.5809978573618093,-0.3378970571142318
7.165470007674835,6.244075985209203,5.02999657083777,2.0306378029134877,0.13004470072657986,0.13406925278762633,4.995860595227082,3.204870528770447,2.9958279233334135,2.584839712035014,3.567429573340229,3.4983087962092276,1.0841724333560283,1.0496363586601312,1.0113014014784911,0.6512772879092582,0.6503578698686945,0.17614655002805368,-0.5865093203757804,-0.6113327172415962,-0.7116776134402073,-0.44968076461265993
8.155204189467733,6.727937907815323,6.184312380805854,4.417689315340925,3.3710383225633365,5.507705399251903,3.3040204626401417,3.5461574581883384,1.495216449214076,1.213466538911993,2.28095618431281,2.697252238750395,0.7841578624861328,0.8491097388154482,0.6756938459763536,0.2542285270913492,0.11452066847954474,-0.3201741189425578,-0.023216408890195,-0.031023887586944094,-0.5170157230215131,-0.9547929103580862
5.760649712408605,5.828254928493389,4.914640825412964,4.104093135836578,5.614105592482814,3.5951983217589842,4.3305406569153115,3.2499719783329746,1.049657475257301,-0.2737092326765509,0.5511530611021747,1.0560561029017987,0.8293101561845716,0.07036831419277417,0.09924746330856352,-0.21792045640091592,0.09065209516788572,-0.19662169891276626,-0.3955394026757094,-0.5814642664395308,-0.8094490391781549,-1.8230648032982253
6.09226112631961,5.771330451317068,4.355853015808933,5.321273434124012,4.148588317754018,1.6842665797726206,3.575187694018884,1.0622430938080294,0.028700481495581666,-0.047031088021350045,-0.2835879641729854,0.0215060336551544,-0.19476713893761716,0.004005645325340097,-0.14077088394239137,-0.11720768617679393,-0.3768648873352687,-0.6449757847195345,-0.8511087939388459,-0.7847089130956235,-0.9318624947532057,-1.6740006081033765
6.545853043542959,5.545123049173242,5.098745913453134,4.353020180638216,4.358092274490814,1.4451462575129668,1.1308726854964395,0.5449986644849016,-0.6807408661261201,-1.280829895722814,-1.8511614736651787,-0.8574533705398093,-1.1911551900242876,0.11427123319193092,-0.04899799382274378,-0.3266899118989016,-1.161345346335074,-1.186724414162741,-1.072526868756807,-1.02462543587113,-1.410107858076268,-3.011311008542299
5.7321653555745975,4.277501986747679,4.9695303517317075,2.779384244840323,2.810638208374298,1.5964218088865738,0.7937997082957546,-0.4426004896092028,-0.8924120020027826,-1.8124830084890198,-2.0550732761693853,-1.7330011762123156,-2.3603653608593573,-0.2942042590081708,0.1931444937464707,-0.06310138508087218,-0.6523901082624485,-1.389842912897617,-1.4763486354232973,-1.3889633006927193,-1.6907469370526078,-3.055130293113553
5.503400969509405,5.080918470658402,2.878467731434146,2.8037628921069437,2.9442308202712266,0.7556030762188739,0.16938372855004777,-0.8868549271094337,-0.783681329822726,-1.4396406344348047,-2.70507856113397,-3.1875329040210127,-2.902314177940194,-0.19511252517065375,-0.2436370315008222,-0.23737004945636597,-0.6048955800182443,-0.8890897996381328,-1.6137142442467522,-1.8532208272026087,-2.548611928150311,-4.8251300775152846
4.623657043008006,4.119074473416276,1.8396664513862033,2.221643779656402,0.36469752004053224,-0.25448613827679245,-0.5122408878005341,-0.9147438012117186,-1.5081201412854557,-2.0919629567778313,-2.9646083451856926,-2.7838037780958276,-2.2065257839155783,-0.8599146993631085,-0.2651179778164948,-0.8676756228023313,-1.3018181624760623,-2.4678228847402948,-3.330491170629439,-2.8371691538148354,-6.022909332164309,-5.2376213319072775
3.3290635393945345,2.738045341104064,1.7502284150558487,1.1251576123467595,1.0235948352170285,0.1537097555748902,-0.9292925555225617,-1.4087981763508648,-1.6716315248750124,-1.8002477383804603,-3.0663210358798607,-2.065251190330665,-2.3003401919540964,-1.433136206609441,-0.8021529228895644,-1.6980765653788013,-1.750963043225581,-3.2078680108606688,-3.2380647957848465,-5.4405506252756455,-4.645558400834707,-4.99009419506812
4.024737680369881,0.5899929775509106,0.710074180402197,-0.5835265909662015,1.2162436641387755,0.07944298045760165,-1.306353225462686,-1.8116154176340769,-1.4674424542335545,-2.3045706713087166,-3.1195184028777345,-2.1168140076492086,-2.231266971640186,-2.5192017993043567,-1.0365458486193633,-1.667899392030183,-2.2433839999238283,-3.9767071674667034,-4.395390104642762,-4.843624953802784,-4.885724727916066,-3.837690419043037
2.1706271012349254,0.1211544079112397,-0.46660379348545494,-0.3965464732161598,-0.5566062987676497,-1.1156915053439884,-1.8914399028029416,-2.01745453696786,-1.6352191289719606,-2.6051074382043646,-4.5240191415317454,-2.715722795437645,-2.294613709415498,-4.127949047239542,-1.9043298751720295,-2.71177542347455,-4.519002338436961,-5.248335927329802,-4.638516136355695,-4.4886209410527025,-5.172990505500832,-5.244226952951716
0.41230188482193114,-0.5892215676176581,-1.5816295698472864,0.16129920045421486,-1.0933213259340486,-2.4109160381670742,-1.6547619308619246,-2.2982569239244928,-2.908225086147988,-3.267830143187399,-5.65452995183047,-4.1602394471876085,-2.1925602879463817,-2.6567395429223355,-2.585810610582365,-3.6230584733710316,-5.243388102423683,-4.89604649029059,-4.225475404610752,-4.739005578242542,-5.205100638829648,-5.2888326867300846
-1.0321012563722731,-1.5058296620065186,-1.9933136353764795,-1.1871046039049211,-1.8424610720230559,-1.6793387782459848,-1.2855752945337233,-1.9653668178511072,-3.144287487381612,-4.919069884138496,-4.615318131550338,-3.555560008237951,-2.671090311160027,-3.566317531597112,-3.2248582649392104,-4.447740001137682,-5.277775774772399,-5.5810112365367015,-5.496888997481918,-5.773251621489729,-5.462981482949727,-6.134366355707428
-1.1985401972260643,-2.228081023253891,-2.386883836133164,-1.9697676046250199,-2.2806693053211946,-1.3980949526936783,-1.2514255703858597,-1.546120229749475,-3.584883746052492,-3.9577398882568726,-3.6531254505318667,-4.244962720664862,-6.134234965045842,-3.5035185104088207,-3.7871651288170516,-3.7571113618676124,-5.395429355320148,-6.082988458453653,-6.427373359214814,-6.441188299744863,-6.766762217202758,-4.224825996383105
-2.5114886054416727,-2.6746457718211674,-2.8045315996924205,-3.1602638025910412,-2.4577655704972274,-1.3710764413087961,-1.1362826505605463,-1.5054026504505045,-2.302508261570191,-3.197144772523331,-2.165924095308309,-3.4857357747945934,-5.0162104835845,-2.2139691841913387,-2.7621012495889103,-4.659669777630403,-6.173204756847619,-6.468758429647592,-6.550159635998727,-7.100583049047654,-5.557497197106686,-2.366175487272432
-2.958016273017273,-3.2333514022506806,-3.739178855861477,-3.070571352427652,-2.3229191473353494,-1.3849090644495758,-0.7830092131894234,-1.3554936153072636,-1.819613612857919,-2.4602271948749137,-4.381287101199558,-3.670728979776233,-2.40754126676424,-3.121869820052398,-2.8609425601355545,-4.090949935718911,-5.294767474860399,-6.669654016037448,-3.5801052636806934,-3.603493958844215,-2.829103252194581,-2.8885091367719538
-3.457562364120831,-3.918333509608922,-4.62763691630726,-2.596052284846858,-1.981094009684784,-0.46690509021080917,-0.7086246808246738,-1.6821946105142036,-2.0476114943880233,-2.8165377236988545,-3.5363281486380043,-3.0473979480500226,-3.0537596445162025,-2.876234488455673,-3.4121492813612595,-3.8805665210478666,-5.177499489994085,-7.145985197188485,-2.7049428099570734,-2.7110602908384838,-3.002098567138948,-3.190748208755844
-4.103620987956539,-4.969879256742949,-4.208048613790481,-0.6462260274576491,-1.3302935757243954,-0.6039269094135348,-1.300984236292661,-1.7964042974882424,-2.3259429119249737,-3.067141621459087,-3.353807086847729,-2.8168092458217258,-2.9840974962204605,-2.842501008066823,-3.6699291529232365,-4.790015814122488,-4.221694060103666,-3.322519284164937,-4.226832195635071,-2.890654413091593,-3.2271415126577607,-2.6316226253832133
-1.8462991784417593,-1.2753488977483611,-1.951603551926228,-1.742111734234575,-0.5636460080135712,-1.500100961377702,-2.3503449553345526,-2.436395561554204,-2.2133324333112157,-2.5467998521043564,-2.2064712143538574,-2.2030194888085144,-3.2382767788119144,-2.7888770953617836,-3.858196196288005,-4.354329317187538,-5.121575428396075,-4.059400295387162,-4.023195697067763,-3.1742181250834545,-1.9110906086191346,-2.6173306163384438
