script/wind10m.json
{"header": {"parameterCategory": 2, "parameterNumber": 2, "lo1": 6.000198445256149, "la1": 58.999992894266676, "dx": 0.5, "dy": 0.25, "nx": 22, "ny": 24, "refTime": "2024-03-11T23:00:00.000Z"}, "data":
[rows 0 to 23 of 24, columns 0 to 21 of 22]
0.3330984548314785,-13.920463318141906,-12.300654010104534,0.04866457207745504,0.27715426472803933,0.48550574850314193,0.02887194834146041,-0.20413853499048737,-2.5153855235703024,-4.324081257261867,-1.8584757796467617,-3.0239110197796237,-2.5473330499511793,-2.633048188140551,-3.6997793358072437,-6.839042521959091,-3.594508500791017,-2.893027326204112,-1.6008622374130426,-1.7377943904301327,-1.4821019709664214,-1.486457769750434
-3.127683397779639,-7.716930225158975,-6.082828345979441,0.15341611642584982,-2.3557587511866442,-0.9449786557966677,-0.9512555807149464,-3.095185115269872,-7.138012798822167,-6.156937845851442,-4.5855326656495325,-2.845334852458201,-3.332013563366818,-4.0762612187877165,-6.589880291540564,-5.360312080338252,-2.383215984032722,-3.572410093582739,-2.805580545368746,-1.8069811755929996,-2.4440398077444567,-0.9060918417160607
-2.5082779603120873,-4.153587751333739,-3.65152883287162,-2.5223415258521387,-3.000427047162582,-1.7168362256429008,-4.082193974056496,-7.560330744716296,-7.644137317276644,-6.704727106775021,-5.667001248575362,-2.56292050370896,-3.773872265679156,-6.007018323045717,-3.9096472115014675,-2.828368131047276,-2.4717403459149803,-5.427530279171808,-4.28500551511187,-2.5054990533963117,-2.4123624603824907,-2.5773428375007703
-10.726206270985994,-7.406274654710556,-5.051314837874283,-3.3209900632030167,-2.5648427539466043,-4.9940143505261565,-8.704631417888814,-8.458155199131445,-8.037694760587577,-7.58743681571625,-7.275191506792109,-3.9515433916841283,-4.131320236388137,-2.265892349324296,-2.473252730973179,-2.9298569613486243,-1.7950317119093357,-6.50376991950203,-2.5337662493112516,-1.5326625811568677,-1.5788467350314277,-1.451173857729791
-11.529003017796013,-10.54694035996108,-7.701568860177799,-6.5736721258554,-9.551358132417205,-10.589737303568851,-9.265897327498168,-9.139352475236258,-9.083299386878519,-8.147900833695374,-8.4994087379012,-5.1770154632032215,-4.090005922937672,-2.061628407698493,-1.1747634398355555,-2.2371507815363647,-3.5301471326712526,-2.8692167726744024,-1.8977714361285283,-1.501221255534605,-1.4884645980727136,-0.9778161793827814
-13.953385844827197,-14.611952965336142,-14.04126024352342,-13.386548154201787,-11.713582494413913,-10.67225491234453,-10.36795491084146,-9.480334715721114,-9.215990811028991,-6.979187350261665,-9.247625784735334,-6.700283319553068,-2.8475663003285194,-1.81038065683831,-1.9995633308429799,-3.978582730564824,-2.4356854263307186,-2.238524522978946,-1.6450021967781379,-0.9733805172980011,-1.480612030611164,-1.239650428403651
-14.89344756468939,-15.05608986650217,-13.623889782675832,-13.079739961849311,-11.840111227505844,-10.727027605252216,-10.297258836451418,-8.818622915904562,-3.5787696041584405,-7.229122044796637,-7.395573070642209,-6.668975414487688,-2.3158668172482693,-1.7727569087615136,-2.8274755385936454,-3.0077247132799734,-1.700740535971562,-2.934914814446538,-1.747860696282008,-2.4604029393290263,-1.8525178338868233,-1.5835066350555702
-13.72056146904383,-13.561558096577222,-12.682590859747302,-12.452495406722976,-11.726043800178642,-9.957311567656058,-9.447083838258104,-5.109405450702789,-2.0527138457078253,-3.7303312984056616,-4.358001078541499,-7.018005809585131,-4.754415257644498,-2.2292696072113625,-2.648325086470312,-2.38476507124118,-1.7203814783175333,-2.3626378170181277,-2.2912397732566,-1.6965628210673804,-1.918240578384341,-4.476142111375211
-12.851296839599403,-12.441189483972504,-11.389245247557785,-10.731439771096115,-9.377319946496561,-2.7086430301485698,-4.633768672038626,-3.6065307040818704,-3.4027690280127523,-7.536692458102701,-7.938876601649594,-8.611774675220476,-6.991145003290556,-3.355654527959001,-2.9119015238308616,-2.5335765842040883,-2.004337336665938,-2.2101155829781343,-2.9648267611998684,-2.76141909468491,-2.864415096174025,-4.710442694385392
-11.22137198336952,-10.391329838873446,-9.61247916558162,-9.550525758994288,-8.508862669609275,-4.5016581511901155,-3.2226836493579007,-2.946974971083238,-4.204213879039181,-8.485181190277352,-8.76304982765678,-9.04905001766976,-8.101541233246367,-4.651715288365289,-3.164035798523617,-3.6719984755834694,-3.009199743222093,-2.592830524769692,-3.166355894931567,-2.9795871443184674,-2.7032653805582565,-4.306217154592734
-11.24474705867657,-10.262736100512031,-9.760132155495555,-9.423023358719954,-6.755724259657936,-4.074280217882321,-2.6837715882169606,-3.0644999330101754,-3.2389906713479832,-5.373557426375869,-9.403354416648261,-9.213319914211596,-8.92697364179791,-7.672115286630346,-4.030351066128929,-3.165519821063587,-2.943594327541395,-3.088321842486899,-2.6426375394935357,-2.4336833827324815,-3.1078905973907425,-5.775073089554252
-10.276771331697311,-10.151058094206237,-9.733672377070027,-8.933331888377777,-6.944509274601909,-3.2270901055686636,-3.2243644311154784,-3.6274019599314324,-4.302019747111716,-5.45989209137803,-8.346605523451942,-8.189481272008225,-7.037067794093274,-4.651212815480901,-3.7454757961574376,-3.715462678879043,-2.5639479028346726,-2.58741426280234,-2.3089069841947363,-3.2915817592214034,-5.599247965701592,-8.852512702605955
-9.522543944938185,-9.464609959723385,-9.709091504063599,-8.969036845934964,-7.806615464268927,-5.0540908499992385,-4.279337389741927,-5.073267354097311,-5.880964203955593,-8.121725047705228,-8.179424804619812,-6.6247478010005505,-3.116672773798309,-3.2152371727648075,-3.201139862394817,-3.149395190025356,-3.324003916321295,-6.662562424346062,-8.522832511039125,-9.143161812978281,-8.761672649882213,-9.058573180089734
-9.278314727498868,-9.524316566535632,-9.042630127365584,-8.576293883598714,-7.339262024918281,-5.1636484444637185,-4.80695877557107,-5.140285900253958,-5.992027979681968,-7.597771240979246,-6.784282236737755,-4.703005063209599,-4.6785496380526705,-3.6585102440425246,-2.733511975800831,-4.111672407057025,-3.8596183178931565,-5.412855978920423,-6.3364547272935745,-7.176399232758005,-8.074058525307738,-9.465973504906549
-9.270609348385005,-9.48056198648296,-9.71422641464788,-9.276271182429353,-8.942674506631803,-5.483441952702166,-5.785086286084732,-5.01462540211213,-4.250091137895402,-5.16089938983429,-5.509666636885891,-4.4784002931662625,-4.86266206899665,-6.363535065421205,-3.179698235343596,-3.388300449090401,-3.829858365874862,-5.477208847252492,-5.620207178688222,-6.206507453195625,-7.0484415583751705,-7.3451850662957785
-8.545579475108937,-9.230408396020005,-9.400574755534747,-9.579702475390107,-9.971973631101376,-7.514945213647472,-5.615214461667188,-4.836122714799318,-5.3920968462184,-4.858214077100515,-6.228778721338048,-4.542483123870481,-4.877422120305401,-7.428331944043278,-7.42523556208792,-6.32453223389626,-5.675365528411117,-4.93532127910625,-5.238157801165944,-5.942225864281931,-6.265832963777548,-6.790684586942167
-8.192597140233005,-8.65813669529564,-9.005880423367751,-9.523582298069307,-9.356618192639448,-8.614126677486308,-5.62422724518654,-5.398318230634538,-8.086371109079565,-7.520626237375394,-8.45314033577149,-7.25565603927338,-5.072733479697024,-6.369359165590244,-7.02910943777658,-6.883910803381049,-6.588243526418088,-6.417301250022469,-4.269223707504962,-5.819683796076917,-5.862812107574382,-6.130482029227826
-7.7840598961600405,-8.335044660804703,-9.137542087520439,-9.492650743201192,-9.102355475008062,-7.2974911689112805,-4.568659493950517,-4.962061134058996,-6.703856998326028,-6.283986936769054,-5.341125302055934,-4.523412778965715,-5.704755508988579,-6.57488116270524,-6.456058568699153,-6.180635742833086,-6.20204690841726,-5.778101581370273,-5.947338477984456,-5.721153089203576,-5.514146955228351,-5.122396479903164
-6.9787054387009695,-8.150508214085374,-8.934719970455948,-9.122952060291531,-9.664697718700141,-7.712628965584207,-4.9207788326687645,-4.689139708753043,-6.869057274861354,-7.6594044396709515,-6.088754774309806,-7.374173442683922,-6.056816168716354,-4.92802804733363,-4.309328371213231,-3.0993728541746024,-5.958879575627916,-5.303203911378493,-5.3754135795569615,-4.805234529770688,-4.0697650380926325,-1.6450935359010253
-7.002387692648214,-7.947538222802393,-8.406014538825309,-8.440898173145664,-9.061143152309898,-7.917735496688475,-3.7777057707272665,-2.631008525492995,-2.1688548754439956,-2.64870723894678,-3.340518344569429,-5.162112231079157,-4.228019603030339,-2.097746486483649,-2.0062790204949517,-3.908878299324581,-4.1917618274568955,-4.458986282239535,-4.170597583034294,-3.515709371711045,-1.652834619717465,-0.8536515204036176
-6.051706892603842,-6.657664935251012,-7.267326677455315,-8.12230609484346,-7.680411271727484,-6.224979565311211,-3.4217170095981766,-1.9814033757643037,-2.0974871875032512,-3.0621762610558605,-3.649206952160351,-1.227483355778914,-0.7003772595747046,-1.2908812623591375,-1.285165174562698,-0.5931093410438485,-1.2273070199999283,-1.4913328354202229,-1.1005867676175525,-1.4529182936094747,-1.3840877697695941,-1.5492368235977045
-4.120794937703179,-4.158927695789537,-4.058096686788954,-4.889583085641493,-6.6166931241020555,-4.090476469495045,-2.5015223932311703,-2.3706998912429507,-1.2400758297091472,-0.8197977187218385,-1.123038690308145,-1.17400499751532,-0.15843095692405085,-1.3323436851444979,-0.7978433239783063,-1.5662017349448953,-0.25418786970892354,-1.4301938899016906,-0.3792999893894977,-1.4672206592404342,-1.7886136183013843,-1.7783071001209454
-3.8840483959758307,-2.3858845569950375,-3.7517382579897354,-2.2603114442148944,-2.8311406017837246,-2.239940933726345,-1.1624708606821559,-1.3114849198115295,-0.6607878420221086,-0.15053490036498002,-0.9309644756029999,-0.47569513641868916,-0.798748290913877,-0.704492482270577,-0.9288267703645279,-1.4632862186780018,-0.7887130129918312,-0.6790539823506452,-1.2586171590135409,-1.1526688815970676,-1.7577270806688978,-1.4003027200104294
-0.5812418275177678,0.01794454989082986,-1.8193489749856466,-2.4118256648901566,-1.4741760544391553,-1.5548385949357142,-1.2285251023118127,-1.587926741955017,-0.5054088827572759,-0.6553462338344984,0.1398250989767308,-0.03424381181643277,-0.2497026458907278,-0.1567803647375142,-0.6826377053969206,-0.6490120951518564,-0.5275300486741362,-1.054699805599129,-1.1102738005435209,-1.8326899470608267,-1.4942255322771603,-2.454465185104068
