script/wind250m.json
{"header": {"parameterCategory": 2, "parameterNumber": 2, "lo1": 3.000054539987559, "la1": 64.9999836372058, "dx": 0.5, "dy": 0.25, "nx": 34, "ny": 52, "refTime": "2025-12-04T00:00:00.000Z"}, "data":
[rows 0 to 23 of 52, columns 0 to 33 of 34]
-7.457001117703158,-6.394396819980581,-5.879450275423078,-4.415119012538668,-4.061904603978275,-3.767518876104648,-3.1773256871797675,-2.243456152030845,-2.993558265161225,-2.5430658093260954,-0.6807668211138312,-1.3958580584586806,-0.953021865229674,-2.1793298774285668,-1.816393061898897,-1.785271293497086,-1.092880998784229,-0.6536473051352348,-1.2972962339196001,0.7376726267478303,-0.47995760956679506,-2.0852062024063387,-2.59156780963619,1.8931449931609823,4.658567709727783,4.824242345970374,5.386005387866013,6.286302455261602,6.3035654332403155,6.536244846119967,8.14670869432641,8.186500598630241,8.825422900108416,8.908794209157945
-8.46321964838527,-6.774575335581613,-5.718339832506994,-5.233234755136377,-3.0363294817465962,-4.2072363700404125,-5.112758602402248,-4.802269870873675,-4.400015158522529,-3.7975751609967996,-3.15044942686152,-1.9467566872155277,-3.823226096120172,-3.61494141315236,-4.604059561018158,-4.222174195742904,-4.4270270007373895,-4.851710503734277,-2.3199791838096098,-3.026968335859402,-2.5204426124629107,-2.6648994980221468,-3.084731334481842,-1.1536422370703017,1.2791378263539859,3.3723977020318,3.072002359110563,2.232157510232801,3.7507192797601725,5.23765754588017,4.722818547594029,6.1019157514972395,6.2002406540626325,6.732137937645874
-6.3286677676806695,-6.643541526766025,-7.0680755813194205,-6.4073627724988755,-6.24387288326344,-5.22204299148552,-7.051255618277794,-5.626026305991862,-5.048028750034401,-4.959727466195192,-4.583019763359813,-4.673572291160704,-3.983786424699374,-4.8778687835145895,-5.667170239286421,-7.083076278999543,-7.910162157686591,-6.658889230016209,-6.275322154444965,-5.919753901421287,-6.1155112195474635,-3.9606502294583037,-6.991159217062091,-3.336725585178964,-1.3782725461525929,0.8377029853065064,1.093573589393386,1.6802127152729742,2.0786011164105394,2.6932623577712165,2.779124489430799,1.9115674002360732,1.8434225733769967,3.023513151016474
-5.492713123140482,-7.078201172152711,-7.208845673837631,-5.924181651204219,-6.9336300770470025,-5.475550281477411,-6.751721539406924,-5.714331754507078,-5.449141151242457,-5.0265831826761005,-6.23309772203885,-6.933019782734041,-6.867562744556111,-6.129258039312273,-5.6392086042005,-9.506601718971154,-6.976775162722069,-6.892777594419506,-6.417780210121243,-6.250103427511473,-7.750494359264041,-6.309114351279247,-7.248143050416978,-5.041949364894787,-2.0864847493093337,-0.8153759447373975,-0.8240659538286057,-0.6791192856299234,-0.8660563826672443,-1.0722362203516473,-0.34618778548550777,-1.8639439850878647,-1.239455687055957,0.006643948959866994
-4.059422315396989,-3.6428244303526127,-6.785201617553782,-7.837219495012797,-8.58370936500654,-5.729123759183166,-7.534023064862881,-7.190421840558216,-7.039498894898323,-6.98806591501801,-7.243158723090856,-6.1617420430058205,-5.355685999720998,-5.842257871063484,-8.14326427746432,-7.510325916469683,-4.880491848095533,-5.0626904402634265,-6.1066669830043,-6.805842708644164,-3.8298872732306424,-7.227677456154135,-3.344971207522939,-8.060498733149252,-3.9702677135830955,-2.6820356814134145,-2.430537411083616,-2.128218068575,-3.4207366204581686,-1.7823603694828738,-2.388436453371456,-2.0835155572052932,0.2863992284078616,0.7795901433976107
-3.525916001267062,-3.981064442163082,-2.6969447932689268,-5.472214208368197,-7.63843505964812,-3.3049757432990634,-4.467621279245422,-6.339713777183804,-8.595929516389548,-9.005482975061062,-7.56233594438926,-5.170680381911745,-4.571983802315529,-6.424254315227673,-5.69594663969714,-5.499960749157979,-2.65898919989753,-1.5519754193245197,-2.1886367400103777,-4.4386312163691795,-5.069060979600543,-4.971430002809416,-5.023616035365151,-4.093444841230519,-4.349214159133839,-2.6137813489590704,-2.5444214473553894,-2.9117546706810336,-2.3005037353203606,-2.752443686943544,-1.700253179878429,-0.7139049748132175,0.056006247968535344,1.0758441211452092
-4.926148656455114,-4.036096154561933,-3.3342399792066435,-1.1299151213767724,-0.26872486224700165,-6.980802285120539,-3.191290745697887,-5.653224238715655,-2.414529982802247,-2.8582816946771383,0.14066807673177217,2.5392540549549687,-1.5616976043440887,-0.6348818839910505,-4.187331304274332,-1.9908043008773024,-1.3211460805674617,3.1552691019658448,1.597948934823864,-1.5957307864104646,-2.2111653913072975,-3.057121212057687,-2.497386060826723,-2.6073475522738088,-1.80763266703213,-1.0365176361533373,-1.1465691705783996,-1.2124235882553165,-0.4401150781139752,-0.6789777871384652,-0.9360916591298917,0.3757332348746116,1.5892467309732192,1.4202420769257094
-4.566638910045969,-5.0207047559812965,-2.391659116644893,-5.468274015730446,-5.452119109191171,-5.713513508081438,0.08565481893420969,-1.2003016128621493,2.2609816478957647,2.6750005716490937,2.1660426873940293,-0.8598103150698496,0.1070709992242973,2.2484876356873023,-1.0644899380037824,1.6292735754702665,-4.213272429060411,3.2491699549908626,4.961278426790339,1.6564106723499148,2.836483887420381,2.5039307013507015,-0.4902865938189999,-0.5712165362001878,-0.06252756862306806,-0.4729183561757482,-1.8769670447328772,-1.1748934573685839,-1.570993565080265,-1.3155941577849966,1.1556973227145222,0.8444864492595879,0.9590680646124912,2.95252953030231
0.9087351025394501,-0.39080321770765036,-1.2574173610544421,-1.1697406423599617,0.515361884820942,-0.9560114649680812,-0.8017359802731938,0.14214127432081763,0.93739213937572,2.7457698775709627,1.1809855906924405,0.0026641982553034216,0.09003175919120765,3.835595526325041,3.8691103142439673,-1.776770322480976,-0.42310022787436663,8.779418482115672,0.23720953938730469,4.050598199445411,4.545226816117601,5.508198259513186,4.553206188440071,2.9339760973050484,2.4984878050151176,-0.97491199773879,-1.052235291581186,-0.8955375688063564,-0.18388146473104883,-0.10595249966053806,0.5786107120722637,2.8495288145557187,3.208269959352076,3.3833991763409594
-5.4273584734903375,-4.320206263289769,-2.8240875717436085,0.03012987134139542,-0.44262993444026205,-3.059628142587103,-1.1114924963256374,0.054108181604407876,-0.1106064763926397,-0.0734082731896901,-2.0076861587816617,0.40076342714744023,4.908718727319893,5.741978710309044,0.9329272562418301,5.173146242878357,6.424203660629872,1.9620647325734772,1.8503860589656445,4.651460488992172,7.8207690171279,4.680541472031396,3.5324007144319793,5.20063189518512,-0.39296927559691947,1.8544178361408545,1.5834304392937943,0.6873339720889344,0.9699432959748809,1.1256858294217083,3.041509699885665,4.1509725678877265,3.9752377214673413,3.6369467901150316
-0.38222971896226726,-2.4786510155954047,-1.9744194434637465,-1.6239466468125634,-0.11185659299891479,-1.766821540767813,-1.9930154909429427,-1.7538949414008513,2.8518223686548447,0.6936448971863307,4.457633079057987,-3.6889088348509906,4.851596398565656,8.90384855205465,7.290124694443278,1.508066552045387,2.2617907815687373,2.0202763821571836,2.9471780512670938,3.961018072663506,7.746268179504763,3.9618089185291523,7.710421847571968,1.2551511486676903,2.7452557277603575,2.3460810903228544,1.9823803312046917,3.2214172098442284,2.5622706598416123,3.2920718496146537,4.335214659055093,3.830624249726418,3.861506269906068,4.016387966019342
1.374979809086401,-2.730175339580521,-3.09020418212618,0.6676421413542079,-0.10525440575056152,-2.305220262521162,-3.3780685068507625,-3.24582026829506,0.5608984345485036,-0.6848490490542661,2.7209265325259313,0.7722107595722808,1.8278698132612916,3.0013583223238247,4.74202363642573,3.0751405561179577,2.0797447284615425,6.124278569865464,4.781992857558233,4.806704948113241,6.57611755118041,6.762175569530093,1.607804502539717,5.2474193639094775,3.790247136337658,2.884336317208251,3.641264076823695,4.49357128942444,3.0913858333629034,2.938079349472134,4.155561823264577,4.654080754463978,4.450622873808454,4.872041169727044
-0.19972964355780598,-3.990815893496857,-4.985366891594864,-2.809496165420508,-1.2543145303185865,-1.3173751126965607,-1.7687580106443783,-1.6089766664387404,-4.208858030767288,-2.0521419276562916,-1.3029864040333696,2.086937576297772,3.508256437390195,5.164967643030892,-0.5468776299164558,6.8116940190387885,2.201399283079993,2.9988864503299215,2.314883068313639,0.9122754401514881,4.804692136797552,7.929881039378508,6.604232898643733,3.464284238620803,4.651973518033145,5.285811904769759,4.044070066523751,5.138273521044398,4.841525391803984,4.638513024599677,4.232979362021563,4.024228385320792,4.848049883041052,5.313675562963839
0.8362455779592367,-3.2628626257841273,-2.5273894634152487,-5.032408850493334,-4.379773785737444,-1.8586183834081176,5.4811620308792275,-1.6989807829678514,-7.072463828798588,-0.7010460478747915,0.6970019519119631,4.333250873400023,1.3580110694524812,-2.1141850508882656,2.6252962151001418,2.087478638927174,3.130947540513171,2.336209744097946,3.6468137554570346,4.357177804244262,0.3857440319128387,4.408103112499948,4.2777334711130806,5.188721471477296,4.056545014295762,6.186608191359877,5.2413219196939895,5.097566320462789,3.827810712372075,3.3593664627410127,3.4757709264309455,4.580179791250979,5.099907252954403,5.021418879844592
1.7811630510736018,0.5586240865541313,-1.8478803260202707,-5.322394887437573,-5.430407418548277,-5.872479411197738,-4.597948183703098,-3.355505638964785,-2.2538709934600742,-0.6755762742210518,-1.4306784058792226,0.2666586174569671,1.494643372830561,2.47660893920974,1.267977349506173,3.0135385402704924,0.24039692098172105,-0.20004628509200925,0.14862222263501873,-0.0592243652848313,1.1544350441592017,0.8695277205406352,2.674581283000507,2.7687181712551494,2.613072167667141,4.223815408628674,4.353453937788145,3.4159134654121055,2.2690240171480744,4.3428705257425975,4.480160921448818,5.011419579578492,4.322554622377289,4.562922955248515
1.7869954668601475,1.136478178500253,-0.3128870812255876,-4.124212817423482,-4.62437418551017,-5.839452188241946,-3.2126212701038575,-0.4335109442259246,-1.633264808302686,-3.438092249539693,-4.380857086051568,-0.8830940921582802,-0.989376539635768,1.1383083581296938,-0.9595503971781317,0.7256696676086276,0.78403547170622,-0.7985577542230727,-0.7013295049089868,-0.051388416916175864,1.3436279950103303,0.029674470516247668,0.060450951794149076,0.9204715679069182,1.2314697172674345,1.1443292439680979,1.982190050072217,2.9311520580807233,4.080343275295103,5.24336897939269,5.73556308808008,4.492865259194627,3.431513346789574,3.143711076906838
2.2766751333252233,2.1861837576876213,-0.35030520259882014,-3.2548803229838876,-5.817794458701875,-2.127258197524944,-0.29334501430080073,-3.0946036916548736,-2.184295892507452,-2.1793399686320445,-2.063241996219434,0.8826656909932004,-0.9282250287386793,-1.97328089820744,-0.8692647132146052,-0.807874722833765,-0.3196790056320927,-1.5172934769285154,-1.043112618062285,-0.9175465978646848,-0.9366901038338606,-0.13786580985394706,-0.17607297081593337,-2.240568492036456,-1.222118298069505,-1.1294114692990886,3.074575618251601,4.089236060836769,3.93569639342172,5.063930636013234,4.163566451650277,3.3859817220989132,3.3834631134780473,3.7774648423297
2.2862688928080197,2.13057596118094,3.502603385518068,-4.700838626651344,-5.025757170462782,-4.993893239518133,-2.4682569556980973,-1.4340691708626656,0.05111413124016226,-3.748989702707873,-3.606343884395154,-1.3754998554017646,-1.7139668554546634,-1.3005560111345282,-0.40032878968875546,-0.9114568149732772,-1.1374302102834009,0.4000252263874116,-0.8837080327139392,-1.9367891185090702,-0.5512340273229319,1.2852588499383764,0.4898498898340987,0.5838264850408826,-1.5243490046737045,-0.25937749532931226,1.707948850000407,2.3691071199684806,4.856515900780325,3.610711329593178,5.069170663464579,3.848899932470438,3.7880194292315905,0.6028238391473861
2.0948360092748577,2.63696496178088,3.039232223138291,-5.486279978082038,-5.770217378890653,-4.266951233919025,-0.9331368973014111,-2.9021729522937463,-7.234584226105371,-1.3081762335959342,-2.1453872955142494,-2.309999093004756,-0.8381070656726307,-0.9806913358249466,-0.8736888792215816,-0.4840424621452669,-0.872938834839829,-2.041743939495303,-2.1621054115819014,-2.06221689230297,-0.5739645306660467,-0.3822397281074987,-1.3990807880171954,-1.4146720109669015,-0.8024150930454804,0.6699063280736434,1.9784869712554658,5.853490964878795,2.284968240677016,2.2664253793277824,2.4465578375838626,3.3366089246322073,4.179229258882871,1.7693012456919075
2.1290926702255746,2.3594539668894488,1.7949567463629839,-1.7336887550160638,-6.273694111869123,-4.197521141278725,-0.6982767923250738,-3.5309918966400473,-1.2770653076870904,-1.2569495021849,-1.8181554255914978,-1.688279555870918,-2.481154164740457,0.30483543638643046,-0.7639010846663795,-2.0175078960219754,-1.5499526520617362,-2.47835314890546,-1.9577960148788491,-2.5463086909073502,-1.5263995720635706,-1.9935176724763242,-1.287119625259761,-1.5941235942627574,-1.2545449290267543,1.4205595095670398,4.302209910511331,0.8533145335888781,1.5665127977600695,1.01633469473398,-0.5148740410386476,0.6211842509342893,2.9594008615711713,1.0493294867699554
1.7861093692210386,2.3910263715537257,1.3657689923063994,-0.6813733426241066,-7.045583247748767,-5.5571696123883925,-6.6790086714275825,-2.116576559651001,-2.34789034190326,-2.201668156193387,-1.709591442795837,-1.7391590895432172,-0.33420771892405715,-1.2220764375243078,-1.5060903637506786,-2.2454551079673712,-1.5384863077574635,-1.5557911394744963,-2.7291118375367978,-2.458310098682187,-1.916445277163399,-2.6819313750814873,-3.2932742787141955,-2.4777206516624286,1.0308426674693452,2.991094255854867,-0.8063785656043373,-0.41464995329547494,-0.94827655020787,-1.514474984024689,-1.7434887102410195,-0.2972593967786005,0.05543863739125315,-0.5789496054987034
1.4805385114069536,1.2451582731719337,1.5877873994403484,-2.4215647101768587,-7.79016972041081,-6.388241142682284,-6.494607907368509,-2.771944000293981,-3.772838061527602,-4.508907837607989,-2.2632575438366307,-1.8187651584727107,-2.6363237942630384,-1.7122732068370172,-2.526750183047757,-1.6148026773418274,-2.3580252328704976,-2.5328889292687657,-2.150189335710758,-2.971858132081268,-1.922354114056056,-3.1772072542956367,-3.8124315938861306,-2.54720440464305,0.731155939232397,-1.4907789910714377,-1.530340211660825,-1.6452161001160603,-2.1312806201044125,-2.138794455353644,-1.7885946666968975,-0.8928574429302089,-1.1454882106919966,-0.46401452934691134
0.9461160796940458,1.0801953954515775,1.1066557126654502,1.855544423246825,-7.741921659621592,-6.534831049318544,-5.435639930168104,-4.285126623785414,-2.2187278971497073,-2.0930560700737466,-4.356199774309614,-3.9955389560887995,-2.104704833230464,-2.2805365457760116,-1.9145404544339144,-2.649427534641665,-2.727322644783907,-3.5898608717035794,-2.626521940389688,-1.9199177450907647,-2.784908576108699,-3.043633949778899,-3.9655599502511483,-1.6938311769853132,-3.120042850558651,-1.9464182181828809,-1.9265934218322391,-1.8409769287173203,-2.688272468194787,-2.132445817241996,-1.5852526349160359,-1.1834702987093253,-2.2052618820192054,-1.6916280225956162
0.5297075623228945,1.1593268044221716,0.3980861735722661,2.3877659323249123,-7.11595152280688,-7.614712317366224,-4.929979233814968,-8.316183492542763,-3.503887844639104,-2.0581096313386733,-1.8643387383824992,-3.369479771983016,-5.715023440107414,-6.769925376713727,-5.133764719815402,-2.728265844107393,-3.793946070557161,-2.9867984499194806,-2.782730785557721,-2.401377115748568,-0.5840916936583856,-2.397934752914835,-2.4969357173991296,-1.7426328385880916,-3.462151321123724,-2.7295500866107067,-1.2571279789261485,-1.2208490863405803,-3.15500904319293,-2.2433924331135655,-2.1205796787764424,1.041223295311904,-0.7718464119857609,-2.061284870237208
