script/wind150m.json
{"header": {"parameterCategory": 2, "parameterNumber": 2, "lo1": 3.000054539987559, "la1": 64.9999836372058, "dx": 0.5, "dy": 0.25, "nx": 34, "ny": 52, "refTime": "2026-04-12T13:00:00.000Z"}, "data":
[rows 0 to 23 of 52, columns 0 to 33 of 34]
-7.379793511681501,-7.216659069423588,-6.563148286624608,-4.626051398103455,-3.8825549592406787,-4.2768662484925395,-4.1824461114964855,-3.9151534224641167,-1.9880155051074155,-1.08399310879124,-5.195246966110637,-5.430408978190596,-6.0596302736140775,-7.826201065829627,-9.10832547582811,-9.902607701301122,-6.581198218924618,-5.768338924872667,-8.198451304205742,-14.7093239428417,-8.285178299994673,-5.207171640489993,-9.41615630460279,-6.15511585773088,-4.734892169752263,-3.130029538464917,-3.1064761174255637,-1.97984984616437,-1.8995910389271888,-1.6822664712195676,-1.9940314911856003,-2.407166489040376,-2.0334608692156975,-1.9305799260974137
-7.749203391326368,-6.313942070768949,-7.253643144498053,-6.804037606208253,-6.712799724085657,-7.270119758331513,-5.948369545766337,-4.519923136527565,-4.498795269818684,-7.627703410391081,-8.400893701685348,-7.187060334289367,-5.087573310300206,-6.803001740464013,-8.650275036752486,-5.931702229868526,-7.575944402145793,-6.891187148134684,-12.337623050140657,-9.69496336340009,-10.525402553323396,-6.6986792430783915,-4.676589146919887,-7.530142405417676,-4.854033303555888,-4.02143213227074,-2.968538361759464,-2.930286494668125,-2.298641586602902,-1.6401122866931532,-2.5189767462407175,-2.569819988826451,-2.5141834495794555,-2.065841205411386
-5.330919451033857,-6.579030892955403,-7.5688807717845314,-7.628939619334116,-8.8069329391175,-7.934607061479295,-8.626864709920383,-7.624532860371979,-9.541195447898158,-10.457952768417274,-11.003484712537126,-9.405630279432634,-7.557508390375281,-4.18900261152613,-4.916807237981278,-4.187691657161983,-7.96249497800619,-7.081525307307485,-6.920397478342245,-8.888493455449575,-7.725560889762425,-6.186360682189938,-7.0987194297701945,-5.685724927833213,-4.639797829033239,-3.891692891011248,-2.7577230288533072,-2.6244864797568828,-2.3385882767464734,-2.334548547950816,-1.6761931680253521,-2.6776097099162985,-2.6575903353754224,-2.3740721362430244
-5.433593392761738,-4.648737102677021,-7.400824952418355,-8.211349282101539,-8.378588924350668,-8.34475628837833,-9.298120068796646,-10.052420202203713,-10.429757709056775,-11.371586067405191,-12.472312948750886,-11.718209209622737,-10.039768351744911,-7.054448185330935,-5.586051813956547,-9.245472409143865,-7.1961261928610005,-5.797817932435715,-8.74496207840248,-6.888329881214869,-10.81177491685556,-5.113379297241689,-6.31389231615895,-5.467806086143303,-4.706798149216132,-4.514620622702935,-3.7718518937246586,-3.412662312623644,-2.441452578742039,-2.597752672066266,-2.890872696676444,-2.2051386559348938,-2.5425318434279793,-2.4350965407518954
-6.076063474143535,-4.743715880861167,-4.062690954432009,-8.254963730645436,-8.964364217755449,-8.884266770093358,-10.24767999276751,-11.86774308111906,-12.402159080989795,-12.54032869163163,-12.760127071569421,-13.744812029390364,-11.492895084113892,-9.4565837709733,-7.092996681620403,-9.505418925550348,-6.069988277075214,-4.303899382008562,-5.56896395622119,-8.233339070822089,-10.153421391959014,-8.084083931784466,-5.03532923050144,-5.283159580566265,-3.39970634142011,-4.331982014102964,-3.901503945216132,-3.5818019148336138,-3.5117979318896473,-2.476359837930164,-3.1984966392833587,-2.9357337356937454,-2.416807996871106,-1.7827146162523222
-5.080494406603251,-4.0273189698272684,-3.7136213391853943,-3.9109910460921262,-6.899596732429213,-7.055618929897831,-8.820481910381428,-10.35354118414282,-12.775331664126337,-13.529885339755527,-13.367665227359106,-11.316231904968681,-11.342309701071484,-13.339818850842065,-9.00600646867431,-8.02311157679692,-4.282599808713929,-6.156085347276812,-9.696082135824984,-7.116590643141546,-6.511982320206998,-7.081155200702152,-4.441179191331679,-4.4795348072661785,-4.3134137892790685,-4.340578613044448,-4.847104207758022,-3.9103838240364537,-3.5789936181724227,-3.6776081776145704,-2.9680199693247906,-2.4696815426965903,-1.7811413489532724,-0.3778847049632146
-4.6479795102745145,-4.903586963001786,-5.170191346817753,-4.972135407930347,-4.899028519980606,-6.685203065091866,-7.139154395441846,-8.096946451596677,-9.513468186572833,-8.707342035947002,-10.526215350155693,-9.165283824925833,-9.835482285881058,-13.169253768305895,-8.967337199130228,-10.398963904277837,-5.825784320093806,-8.926274103768842,-9.492383514815772,-6.129890892971145,-5.967347792167107,-6.5935292202797315,-4.98318472272722,-4.614685577037824,-4.610959949534268,-4.518378928394548,-3.967152502263988,-4.096800534943479,-3.4745369655160183,-3.0238861708593747,-3.6199052306175306,-2.0343635555449766,-0.8341570029051711,0.35998699203459733
-5.9420166289018495,-6.172356026876191,-5.049800263446007,-5.026516007033673,-4.762515233331122,-3.997041757389287,-4.928993811744461,-5.220742766676794,-5.274948971614908,-8.377252982847693,-4.647622364812154,-8.2337022446249,-2.987287175839755,-9.079081478428208,-7.3352181219604065,-6.455975181954382,-5.471427258894098,-6.602969816928277,-7.183258802674335,-6.725568701811545,-5.20781096228779,-5.6880161599972014,-5.060973784192577,-5.286055714749037,-4.7371193651842605,-4.773301667193195,-5.082497784621556,-3.583065450807911,-4.873488786713513,-3.4316840672180375,-2.73836627538475,-1.4110678449309813,-2.0258775497564403,-1.9695843381308311
-7.532698091217383,-6.486123444975098,-5.393736451331849,-4.513443853736038,-2.366384795287658,-2.670518774105514,-1.6224872001357595,-2.74082615668599,1.0336104543489872,1.128354667941254,-5.029871111125967,-3.3562987058061062,-7.107682824569675,-10.011389571981569,-9.159330105850268,-7.022748166388988,-7.824197055468901,-8.186552286562291,-8.09735047074398,-8.067259588689659,-6.826837709796525,-4.785999314619724,-4.012220993709949,-4.707839194934356,-4.658366844216369,-4.104599999432352,-4.539278560154504,-3.3467382925133022,-2.959286384502228,-4.6519866032910615,-3.5497717897734833,-2.7112528665357405,-2.2694786459265037,-3.6225600013224417
-8.24879421124841,-7.75613042498361,-6.693112345808823,-4.280549413082112,-2.5179420951122737,-0.02935774327590526,1.2977960876872856,0.40122763664278294,-2.038470818269258,1.2176795912629759,-3.6161293259124903,-2.623665570906404,-6.1612311078257145,-1.3205880815712243,-4.921343944642105,-7.848526255471549,-5.8580948594258535,-9.316147211164282,-8.48077924180195,-4.431950001377203,-4.834313308732195,-4.975178961117238,-3.0056311777406615,-4.596140940532238,-3.5945001680277904,-4.422515511294719,-4.203472015411914,-4.5015469619902975,-3.1468025679568767,-3.55798944718552,-3.633467548362992,-3.7462400297283485,-3.9204607658261295,-4.54995017857997
-9.115330997400571,-8.252115222161583,-7.211972113403474,-5.318983339083972,-4.3322894223118045,-0.3096509801102926,-0.27080477622175625,-0.6271753084165596,-1.3770253709513722,-2.519529523141602,-1.1800116936529832,-6.374560046590355,-3.311757091248026,-3.992984008668022,-5.97206960957204,-6.854842082411631,-3.4602788278544034,-6.897451760446283,-9.64284980578637,-5.092409641137163,-5.160889133049151,-4.401851162776219,-4.771951397670631,-4.391419640198729,-4.328628274362172,-3.9177542211296856,-3.5464018393518546,-4.991890368515473,-4.006732243751736,-3.8511668962484866,-3.692192667120763,-3.771887341482046,-4.278376248664188,-5.096118020397056
-8.000315757209108,-8.317568623114186,-7.244691198085835,-4.461675433667813,-4.111019254273053,-3.862637674089287,-3.3528704609150894,-4.175973386432393,-0.6521954412554314,-9.935814497910696,-5.260509626895853,-7.161398616547777,-5.703370674156366,-3.2844656909575747,-4.816568009102847,-4.281209331630999,-5.629942035853112,-7.965240357251097,-8.987932255933297,-6.341739888601637,-4.943431660145934,-5.4375501178511705,-4.295927133701368,-3.557875867001218,-3.5027402429421595,-4.462615738114919,-3.7508120857017104,-3.7910953051484357,-3.498866291281077,-2.7277945813962563,-2.4983279032973216,-3.519725134249017,-3.67321255756185,-4.071057318471872
-6.429148622994152,-7.640112800374111,-7.246601400437275,-6.2800466677281435,-2.059715511005784,-4.211515694468051,-4.974247662399134,-4.030505776910064,-5.987399619844672,-4.176363734388577,-4.732545286123338,-10.743797037717293,-5.772578301550627,-3.9361720127958395,-5.885269556631786,-5.470970437250292,-4.381180144218037,-4.629075625351966,-6.645538094050387,-4.994268145426202,-4.524944261995346,-4.231157337185914,-4.317651907049042,-4.068382142721213,-3.245462053257636,-4.651988662820214,-3.877896275853733,-4.323722020729353,-3.1204110252860464,-2.4127302812458473,-1.329555931577393,-3.0048869117150527,-3.723557280684742,-3.5260723758762267
-6.584717842773081,-7.522412867938578,-7.785306585884798,-6.021439687832021,-3.233639633542389,-8.27337515619553,-4.902667964176123,-5.969237483807486,-15.649775393693982,-4.185353325792172,-4.425172384008266,-7.123054441089191,-4.592802977101772,-4.98942840704212,-3.9260201708431444,-4.969114134796097,-4.180390775758192,-3.9109817578756756,-5.111190747100641,-5.653373106568294,-4.618475651400684,-4.973363888371454,-3.5053462087826697,-4.012629486822619,-2.8664551334200503,-3.5675607823948274,-4.338502713246992,-3.7063021277544017,-3.188859311796833,-2.971315720550722,-1.2786787671856543,-2.57724291155995,-3.7691463256854925,-2.408462044393083
-7.566105311054939,-6.854148924089176,-7.985731537674354,-4.8050318994792205,-5.255744325603897,-7.3109034525733225,-6.437607870175689,-12.084713843819832,-8.347902503806981,-7.489803257999792,-10.089992850150612,-4.624757161627076,-4.067398154715476,-4.40024738286045,-5.661671817131144,-5.384943946278685,-1.561054124110708,-4.166835408681251,-4.461247549966928,-4.0342634469426315,-5.1662195875227095,-5.517867434295485,-3.782408047603218,-3.5838115969351554,-1.8797906441801249,-3.719742171522688,-4.376216477316206,-3.683965491781482,-3.0427324548146992,-2.281094809589,-2.0456467310818467,-3.0572491921601412,-3.569123555342942,-3.0702756500596227
-10.082478656442168,-7.212875194226063,-7.783641903068885,-5.417283894164509,-5.5192163628417275,-7.785575107339221,-9.93225975213092,-4.026059486058152,-6.8716188208618805,-6.794281489144125,-8.446011687981981,-6.565993659222486,-5.200660660598146,-5.010160665098424,-6.025669345164946,-6.531712061556163,-3.656610096771609,-2.41625639962143,-4.619079944703758,-4.7185450453995035,-4.88843326903565,-4.340361888524941,-4.8257965833257845,-3.667988998112751,-2.9928489731078196,-2.3980520637293616,-3.386460424499173,-5.972183387185597,-3.6653822363040565,-3.0365860432475773,-1.67556669850983,0.12355710680864496,-1.5309032653651284,-2.702528444569515
-9.204813158523898,-7.827934736543889,-8.058107885643325,-6.598069477897842,-3.9482466152876836,-4.26023345587962,-9.140162362230939,-7.773620179531226,-8.62938028369015,-9.300572515288485,-9.290882164477491,-4.864857386271874,-4.403935259492307,-6.245470020129772,-4.2512067741516635,-4.579204215583272,-3.5872475225343425,-2.323926012237691,-2.655961197755933,-3.613357268471737,-4.679474166612935,-5.866816146465963,-4.137769568362203,-6.564753971259745,-3.840423407785533,-3.1103094682799064,-2.7203659416119144,-3.554831456830071,-4.399936866537919,-4.824348724850589,-3.139863615891067,-0.21337033887793097,1.2579526991472378,-1.8069957980587954
-9.845436231425156,-9.859490135710846,-8.561670795735846,-7.396358613237497,-5.111087366615402,-6.076864116923027,-7.42299488889791,-6.409232165863414,-10.306149022913479,-8.04184111150706,-7.786606745527302,-4.8562808002005,-2.3480111465229085,-6.29416050761665,-5.639389604345063,-4.482117315209438,-3.7057529901891018,-4.076571668508987,-2.8742894296420447,-4.495400202767762,-3.412718137386368,-4.8066308252832615,-5.01940871101236,-4.2416857511355355,-4.639133595887357,-2.4003977867885333,-3.4356855452664807,-2.437773822022886,-4.359235226956123,-5.472116237035263,-5.075856465086282,-2.400956270954412,-1.1742499012684229,-4.381921399937944
-10.70748208533922,-10.22603627214978,-7.601145140248772,-6.940286973017598,-6.152015148699626,-6.019086989034159,-5.880421311247141,-7.7653208086341055,-12.922702064667487,-6.192361160667328,-4.398254536083947,-5.8337739437749425,-5.7363227072442795,-5.419766083599592,-2.1202842707060046,-6.269689554130373,-3.0122177874335647,-3.311897488212274,-3.154951276869968,-4.0483849583074045,-3.0429120012471778,-3.9276417988787897,-4.50854268197857,-4.395101599655114,-3.7171280224025023,-4.846275052689474,-3.3367795431555094,-2.931686370763893,-2.432163669874431,-1.9606094181377174,-6.4089408398800165,-3.452612669690649,-2.0613927662854463,-4.612866594835603
-9.583578445004276,-11.109198006589692,-9.303046715113041,-8.160072899508396,-4.799460536321641,-5.635070313947622,-1.1940973740872287,-8.386770446898943,-9.327365239040539,-7.234735916318198,-7.709256407732932,-5.686915724421572,-3.51962949415217,-4.6412788121157105,-3.5383316969700567,-8.158608997154994,-5.172917181261082,-5.019423046807435,-3.269154808678058,-4.845318954880912,-3.0339486860873275,-4.150799092520929,-4.297751805620374,-4.045915496916354,-4.136018929059155,-3.4788175234534338,-3.1780835945033408,-1.8543289945005355,-2.8127677818290713,-1.6142714612406373,-3.8206501025566544,-4.596428603301048,-1.6806594970587878,0.4852351772518975
-7.216877495969724,-10.433773790408944,-10.879912326375944,-5.246617014941472,-6.866432457628545,-5.489540711596079,-14.503417717193148,-4.781988794719844,-12.171146155216498,-6.962954659659204,-6.599626708224386,-5.251278202367362,-4.108391014215837,-2.2352150514722164,-1.8531400663592041,-4.49933231655977,-5.856017562801256,-5.449745687984021,-4.558877644372467,-4.842606449629349,-3.52087504512899,-2.7878608981323794,-4.285167349572949,-4.05215723011731,-3.5973513728962754,-3.5440795659302275,-3.086209823280049,-2.622744385630829,-2.490216988416779,-2.171411395721326,-3.3483733263691997,-4.524747932746359,-3.2065827696826394,-3.715864208231204
-6.348367539298313,-8.041209346521896,-11.055666423436879,-9.39466301325697,-8.525977014825012,-6.297569723302164,-9.570326525133074,-9.873892257140088,-10.148017219173354,-7.176476669870422,-4.365278074777503,-5.706649486086248,-2.853772948838567,-4.610352962548483,-7.429145772489018,-3.7375893817716133,-5.910813060495238,-6.399354452331965,-5.397273451942588,-5.379853091655074,-4.777771333890441,-4.839512747202622,-4.640721304227669,-4.38318845440751,-4.510013427395336,-3.7767051821914626,-4.0815200692580165,-3.435705174451426,-2.1447652279913996,-3.2170718676739902,-3.873856712829495,-4.276260608128408,-2.7411944097287,-3.3939197077806553
-5.712013784478206,-6.903891473453225,-10.841373744109886,-10.291028405412598,-6.724261130244025,-7.638300115698493,-7.665362409449539,-8.335619279975326,-9.08142891623149,-10.502318805413372,-5.426188396551767,-8.49997745019635,-3.492391591716992,-4.7673813005453205,-5.8314126068997805,-6.895044362948922,-5.993201173929666,-5.0499002545716465,-2.948146973400893,-5.487532541232659,-5.408356344754696,-5.4007963477302665,-5.282342979232553,-3.8242815603077114,-4.749769219594805,-4.390515981313466,-4.0894346073846615,-4.276150452404669,-3.7449718231562974,-4.285564240866404,-5.003625413819073,-4.082146351251993,-3.5073207305548766,-3.1070372537514555
-6.191235029854612,-6.374674220588795,-8.322062902268202,-11.30342627029019,-8.086050240640741,-9.69925600759068,-6.440377782648021,-15.14208161821966,-8.270830261215727,-5.66001990064629,-1.5213187581682328,-3.0276163214492904,-4.7635201557375275,-4.219792255182314,-6.946268581763674,-9.785426299526511,-6.87074113644112,-5.7832879258415515,-3.870688306052925,-3.938530553178716,-5.775549864807806,-8.166707947234976,-4.238361131970108,-3.1900963775354185,-3.8208775117113447,-5.817962117608256,-4.858561067572368,-3.4843350765995416,-2.124628102774759,-2.993818328141382,-3.9088579609795495,-4.201121215764063,-4.524428328414179,-3.2792937882469375
