script/wind10m.json
{"header": {"parameterCategory": 2, "parameterNumber": 3, "lo1": 3.000054539987559, "la1": 64.9999836372058, "dx": 0.5, "dy": 0.25, "nx": 34, "ny": 52, "refTime": "2026-03-14T17:00:00.000Z"}, "data":
[rows 0 to 23 of 52, columns 0 to 33 of 34]
2.3569646109839266,3.099136102682326,3.234064136533164,3.1924723608737273,3.083600272119257,3.9651717201953196,3.416686157490584,3.0342719604924775,5.991565321921599,5.355039051918357,9.113816700325618,10.198351394875955,10.320149134570723,9.075917048777882,9.26721947442464,7.959899011891619,3.887542939573761,5.062770587848402,1.4114862513018602,6.321535559008636,0.9607664629058444,1.1507170125173714,0.41089825105271494,3.014013477362197,3.464057800764057,-0.5265580754283699,1.7406698115770596,2.1189437514874507,1.70056678833541,1.3435098903454274,1.7444208421206318,1.931861440250046,2.265943323752477,1.6139457119057576
1.8235224765457985,2.3450659362376407,2.2623466353706343,2.755535664167594,2.9431277769361284,3.4286737236768623,3.718245871929729,3.3066169394902523,2.959064743091969,5.702893168871502,8.173111362569964,3.296334209883341,8.598811716491527,10.355990747042243,8.20853497960755,6.736393812148265,3.9132736599761118,3.2337978609012197,4.515963266120332,4.628137412161519,1.921048348400733,1.498659158060837,0.14331562898842712,0.43534886797299016,-0.5063669791863091,0.42597260131164183,1.1875148179448376,2.063691872095713,2.2457552129236764,2.2948221747026905,1.6716019058298177,1.9200774662980673,1.6941252154244368,2.451297177564404
0.5341279347425898,0.6224678531812169,1.8852633981308897,1.3099641853352364,2.8404073308669613,3.096683755905498,3.0096682934446233,4.314619925840893,5.505883611709356,6.027860046014814,8.59323776010695,9.411285006008244,9.370058917498378,9.446327377499973,8.044202501673345,5.75289146496737,1.1935421194234084,1.5389392564357263,-1.9252245323010821,1.5082846097442084,1.6886219889358338,0.43210317776287277,-0.8012873531992817,2.8207555581690626,1.9551289258826028,1.338686285567863,1.3942599296489357,1.8264391411514578,1.776432355579073,2.3209111309073056,2.5605818907528333,2.326900740485073,1.7796366088149826,2.5668454665610465
0.11103822129895374,-0.3872132956844278,1.3376429033374766,2.5631751357661665,8.160213551894298,6.7905583156174485,9.302490474439532,8.566878963958747,9.33406176346477,6.259330948878376,6.457592632595031,3.5648943708123313,8.89482641250517,7.760936530429673,6.299673635220849,2.86289732361196,1.8755792917609162,2.6558072111008193,2.2966268016726947,2.2148201417991995,6.315495077822068,1.2545393038577852,2.2603029065960927,0.9865119204089309,0.7815859885341626,0.4955099911940997,1.327685886803992,1.81671603852946,2.1420887663060566,1.7718900193471083,1.6841134232812882,2.399581207699543,2.3822240134087287,2.4980598983783655
-1.706969988578975,2.372225145021393,-0.5095992130356505,5.178467794839417,2.467613884125992,-0.6549382311876984,4.425092144928639,6.857838839946018,6.28046898394768,10.113607015853045,9.658411109437326,9.377787976304884,7.539495266562871,6.975379420353764,2.209538515490218,3.5097192406797655,1.6767528591776415,2.0975101640501563,-0.250089394241049,3.902830331270797,5.641907188431769,3.0763085830333416,0.4670110431100295,2.121532475877857,0.7344874682819659,1.4083960036549814,1.5286630570092876,1.8991920868316403,2.0250337255627193,2.028607034912544,1.6544445336181341,2.5277191932604133,2.1193139443048454,2.1591940975508317
-0.8447611199520031,0.3422941774241137,-0.8594797080448482,3.5594178220520267,4.709896311177938,4.366461313567102,6.904562203131582,9.391325211519277,10.801510195461269,10.87570008683589,10.170756006896662,7.1759143766445,5.865968785099893,4.122502945576848,2.1435241652393513,2.0234010238832045,1.548140151706034,1.4597224119691452,2.407953179133729,2.344940189493612,0.7806830741158535,1.4219030223536322,1.8108681868204815,1.3893447536626784,1.143778158629672,0.968770933141913,1.424144099365335,1.665368816955342,1.5666156563924536,1.9255986574068193,2.123413249705096,2.0068391810734245,1.7315238127833474,2.0106444643517905
1.846028821791996,3.97730810276632,3.6042681325572823,5.944271080787476,7.371355135883712,9.196286683992055,9.490726325436876,9.808507054931182,10.731054936312356,10.626873688053676,7.314717713580745,3.878682012944991,3.2107913497370717,2.457136069049222,-0.11550639674997774,-1.1750807050944108,0.789597908940586,2.9617197940945093,3.609519591903692,3.1007711198682966,2.831131124198203,1.9394549761020445,0.881750111098801,1.9273615531187263,2.419710596645064,2.146583889847369,2.3250558060896833,1.938009940748881,1.9339722254760658,1.857946347341313,1.4567676148730246,1.9786513763664644,1.9941358889349428,4.237404853044979
2.4407417434331817,1.8065116467771454,5.119037813259919,6.351866650597618,9.246672898838527,11.24186689618076,11.355631161070862,10.600764630311158,9.809396390811907,9.1842786105892,4.902932022965105,1.2108052702577512,0.7452744963146546,0.5242041145310888,0.18737900779854064,2.4377188780936034,0.7494710555048325,3.6197327423438193,5.567578167330697,4.724730882312869,0.6224805885444762,1.8305315536963982,1.4362625675804581,2.6679216959051155,1.6867752343150328,1.7483162610511889,1.6695654551645531,2.6764707704422337,1.0502502413890547,1.2929264218337777,1.9366653352568466,1.755691454239863,2.6600879594479316,5.678271688819781
2.4475879757902272,2.9454210715744935,4.743581905888914,7.428754011026505,10.619876067361364,10.751666129736119,11.03140630203773,9.725455300987988,8.161136460440874,2.6945215878457702,2.5504360690649586,-0.6909573231644505,1.6907222169756473,3.031607354884391,2.983489433875073,1.655223456973905,2.446789936873993,6.315599733386251,4.026824590344329,3.0749433964088264,6.818005797538985,4.405299146934747,2.9092590150812705,2.1256220951388176,2.294766280652227,2.2267588250421664,2.020847042963675,1.296007199879285,1.9523951576962209,0.9535453035916188,2.1463186595567296,3.4417999835810154,6.541350890078423,5.468739570005982
2.2245793266464524,4.345540533539696,5.53810956459639,6.960755899883219,10.94378914039827,11.158641171085426,10.234965547011047,6.987144327308122,3.10532908521905,1.5216361343707894,-0.1123866070057776,2.0134516689446107,3.579148549817532,2.5888506115707255,2.972450461703202,7.991575229002384,3.8346227142544165,3.337018681266692,1.5875254646450694,0.36206988255955963,2.7942985918024608,1.1099595019378996,1.5919298600628946,3.616159832450496,2.419363946469099,3.110434886234961,3.2839146811902626,2.4276144141229965,2.4080196603140114,1.5270481757567271,2.478579613628697,6.566271859085355,6.074445516112059,4.231229425299109
3.5771481812065016,4.45085132782977,6.338336664479374,10.284880910419064,10.064853868996664,9.29295422042721,5.530399922976762,2.551894340384391,4.841079966635555,2.588162435850203,6.926459073582807,3.687898972633186,1.5384085128111329,1.4833927038417072,3.6741510376618876,3.6229975973802184,2.8965724549195686,2.4865975736541985,2.7932797126498867,1.3393817378757469,2.892568849741041,1.5752490770677012,3.5551185072766205,1.2230333205553745,2.9942805960411563,1.3440747418571781,1.4886929748169642,1.861832815976211,1.232486542594791,1.9699745574126843,7.597957394211236,7.251680166414973,5.35821337789105,3.933442852120675
5.457719432696923,5.743776367604428,7.464642897858777,9.875584865301057,5.602719210228669,5.333342715365917,5.533074455524829,2.8398320478426253,5.862854114182122,5.393996799436168,1.014748707092774,2.1461825445541116,2.8402648307526333,1.1107876563328078,3.7223450219630134,2.415005980690305,4.5176247894224595,5.1729518376984895,4.549537521629681,4.126491460003392,3.8057294208506054,1.4431077321877652,1.8526639532418727,3.307069542736442,2.441951479589504,1.6749652432948807,2.3970749104631905,1.9023321132960118,1.676729560432856,2.3215482217153505,6.543852364537611,5.7097059041584375,3.8206477667604966,3.0517110459715124
7.292496982538861,7.898546943730393,6.824836722152104,4.70782038706651,3.5009789023405533,3.2743410152106653,2.315462094596785,1.1517493437845756,3.7897868762210414,2.221579017741733,1.9985560222857763,4.023690013785622,5.651253853368473,6.171069707026383,5.308438594573292,7.46355472746977,3.2290875304735045,2.8130886363293497,1.8855500959680456,1.9866029082054693,2.3798000502691066,2.5404890957548245,2.524154567890952,2.322777220109119,2.349402357202623,1.1868841168717463,1.8036849602235245,1.8497594927134449,1.2413615980060055,4.175095248892224,5.601469819403258,4.935935489404191,2.351622933518294,1.8371060454135486
4.0101318455709665,4.377721446994374,5.530441700802186,3.622250182640411,5.2797185773489606,9.44198463971605,5.670478069831354,1.196173669502774,2.6090156616475078,4.993890320350746,7.455199885184265,5.733052884207937,0.5697316321700806,0.41000434960156845,3.416550264632667,2.602166191330309,3.7170566565009198,1.53077869652252,3.718941625694291,2.2723719814661236,1.3641263459336062,4.334215667520143,1.6031344146228153,2.174096008792846,1.7827908390331448,2.3504694012893648,1.4209942463539018,1.8797975939895006,1.659717329665413,3.1860070515310572,4.90771250870589,2.9363724031814566,2.082256569106594,1.1524202315768362
6.26195514620868,4.643050175484021,5.53941501982046,5.4839271933218745,5.536744209442998,0.827590005868013,1.007911718241907,3.7743015866922818,0.3952266684828433,2.5396983161415725,2.2768496245614585,-0.3629848386795282,4.132692777728121,3.6209667447558695,2.8734845222069354,2.7368985222709337,2.578747889744894,1.3184235338537291,2.151257387080792,1.4102747161219098,1.5782599380576825,1.722661776741807,2.1177845825925528,1.7463197081531066,1.7279183654701904,1.6004852897353938,1.282099315479261,1.837243762606685,1.2784172440226702,4.449299052297873,4.113473528180266,1.6398974028493427,1.4786526166410479,-1.0673986078157398
5.2317739113761865,6.577415820582507,6.6196034329148405,5.961591569848237,3.154177979450653,0.7513494615115895,0.13334745795906544,-0.5531010719764872,-0.3049484632986931,2.2034754267869623,0.12558513345469063,3.5884770271210824,1.2440503796124665,2.8758915734207156,0.23707299633566323,2.6803402972034425,4.0065121757472815,0.9323125742304113,1.4369419538761006,1.2991408224477692,1.9622405465418151,2.2251538698384628,0.9890105004272939,1.3729722761661907,1.6312505435268687,1.47082424443407,1.8690101959468692,0.4223744407750128,1.4647555004840676,3.8865768012169246,2.458127841480603,1.3391851314147583,-0.6272865112335669,-0.902044375447054
5.6862329441238355,4.316532567017016,3.5197032616355193,5.077415834556583,3.6687993911366585,3.575700472965901,5.244373041836388,3.73995213882531,2.769036577467832,4.798581649893832,3.49696014511427,1.9366786046279447,1.5648483896711138,0.8100841219982378,1.0340989032751828,0.48179336478906815,0.7824894271749732,1.3938162949358313,1.752972304283787,0.5839849142375532,1.7539818394001871,2.667535075221047,1.8860828960357103,1.7411815758746751,1.788385436522168,1.3693631794479573,1.3588889493914573,1.138968391356067,1.3035593514371984,2.7093386593457254,1.1449439898003086,-0.23474555019541693,-2.636254606744271,-0.7742898802973984
5.658269556693642,3.134762823483622,4.366581806152535,4.758228070792276,2.6078685489971876,2.2593430211873637,2.943887854590605,3.1001069411622373,4.301181137154663,2.4748363895461205,0.4793956645290194,1.2801898500656947,1.7914139314226714,2.0331877556928406,2.3941690704851473,2.190882596215704,4.3633680983872525,1.837053573708256,2.3194576020443156,1.7073761880194125,2.3262555428786107,1.2982668908162105,1.575929112458256,2.257217174267794,1.9256671263110348,1.0993847047661713,0.8625483005848553,0.7725235311163287,0.724316666890454,1.1859978480607842,0.4978707566913267,-1.6169159925278813,-3.2444325922445074,0.4437159756104993
5.881116196781797,5.095359209437674,4.025277834955258,4.26450438618505,3.0089411748879957,1.4021486724378698,4.853648370428818,1.4061893149236666,-1.972095489293007,2.1816999473213543,0.9289661073849752,1.870646320258093,2.284291854680063,3.794331669806729,2.1482391037210182,1.8498067678053771,0.9218407649807167,2.0335719622195856,2.47811854931059,1.6303187497270255,1.5522222028717296,1.2136023752429748,1.3187068215511695,1.3281762192420428,0.9553725197633424,1.3211276742302522,0.9291722655237975,0.7756163676460857,0.18895208073295186,-0.12111794674817729,-0.36808002570943943,-3.0905993849326454,-2.5217612694126452,2.128108098903564
3.187730285357455,4.342868827487741,3.555938171919359,3.0716179544862694,2.0532014478107525,1.5592887839882708,-0.19279044993787592,2.0307223232246243,4.23625798533535,2.025376719543772,3.164711810264435,4.621205959528099,1.2427892843021617,3.5985911092900422,0.933914681944246,2.2708191427690276,1.9869065838507731,1.7861617750431367,1.6768506246730381,1.313852845428122,1.437870777527946,1.5201050488748176,1.5359182773684537,1.192705602776057,0.6174049476431047,0.8175223464186505,0.9731642518133952,0.370192976716326,-0.2061329817387293,-0.30191088828863527,-0.78649853170163,-1.0462319066451333,-0.04154534467498088,2.620320355028148
4.006218901019512,3.241614086531318,2.6451585602946377,3.1339139541251333,3.4582080957497503,1.0164725981043934,0.9599479923441758,1.0208404166991167,4.942750191734968,3.0461426316428133,1.3810405659741942,0.9288232185024694,1.6656849285182178,2.232480886154468,0.6442066633409484,1.5796553176503576,2.4931174508952876,1.8649294210769687,0.9295698739123011,1.292934716185224,0.9754997717111225,1.3343895259125549,1.0071168370991932,0.8021203158034431,0.9579935749738219,0.6347397431528251,0.4154110536693937,0.05803636705481103,-0.3571112291207032,-1.148370999707523,-1.6896010513417095,-1.257028971869847,2.703424397012714,6.695192234298564
3.2869972161053096,3.0977314680493264,2.5643627324383607,3.1211087650333025,3.057260213150663,2.7602789117090065,1.2890338455590544,0.9851729673120022,2.667296591420862,0.5367812288290624,2.1995493322410966,2.8901898048223007,1.4057745029446977,1.7688955449438635,-1.3254424298917111,2.5210660417226882,1.363195508037233,1.9586811203852241,1.0980277964923604,0.7108942697459446,1.1158266907751744,1.4350142948323812,0.7806394362971132,0.6458613916407698,0.4441179638083046,0.03526955747304234,-0.5383153070547224,-0.6466759341782101,-1.1197621195360348,-1.6964762329923018,-1.1157876701816125,-0.5003391061173671,1.7693526523547518,6.454086180326602
3.070081172103926,3.0426575058034606,2.3272006629819204,2.652877150262902,3.010546600486995,1.213742209935488,0.24384522645827136,-0.32131071328931804,1.6069281954835977,1.0442311459518883,1.5602109041616112,1.171208611705554,2.6005797072831753,2.810670529164873,1.8166359471581102,5.668279712794164,1.557327667434953,1.5863614835081274,0.901348707141794,0.9561559142574593,1.4035926785493347,1.7284885952491695,0.8395891010148328,0.8347748052386791,-0.3404335254970316,-0.06193829456045052,-1.1520764538114132,-0.8575698774294748,-1.2395684038391968,-2.1079138586782027,-1.5051632059868405,-0.5351967749463841,3.9635404283796025,7.869950806767814
2.922979973805025,2.757659518072585,2.203018031432891,2.6082384103035525,2.7117372974056653,2.7653971983036634,1.5636429987899905,2.114101272985595,1.4182275345970181,-0.3038481292275802,0.22579507091708018,3.728846679980317,2.625956136897243,1.1817610342929936,1.7780040877002197,3.305974597602887,1.9258956733240313,1.640498174360244,0.6672682974356604,1.2260874409365627,1.4437839050694394,0.6839914387353833,1.4435564916865957,0.8166111132871708,0.9876569217279615,-0.01550382581434476,0.5471410418503702,-0.9148127301073186,-1.0822150570725821,-1.709744154589025,0.012532938026790386,1.6396250029025674,6.399859618341287,7.399726513021028
