script/wind250m.json
{"header": {"parameterCategory": 2, "parameterNumber": 3, "lo1": 3.000054539987559, "la1": 64.9999836372058, "dx": 0.5, "dy": 0.25, "nx": 34, "ny": 52, "refTime": "2026-04-09T20:00:00.000Z"}, "data":
[rows 0 to 24 of 52, columns 0 to 33 of 34]
7.950459971712566,17.834128891631277,18.707199387756823,16.814321930082425,18.112093144784634,18.317914748946993,18.169118323311366,16.376842080529908,5.302695306455812,3.1133733067610887,2.22072034827631,9.631596350700871,14.989147434961598,14.363232692863326,14.747021235163839,13.452922614628621,13.396194756849477,14.517581374390163,13.871094892579078,25.34640963296791,12.542623771319173,10.48069891304755,10.715900495143105,15.92489136530734,17.318496869500322,9.173976641397992,12.022150572924465,14.213946353279546,12.040100775858258,9.624999119648274,11.23417237434806,12.077606779606684,12.17960730470562,10.307463104111967
14.637740556962939,18.932366520221205,18.165187609196376,17.99993790150159,19.64971278944731,21.297644634517283,16.780821795408063,11.043859242619497,3.3687286583116034,2.855965027828919,2.0919037254173727,3.1365105137895384,13.797282398847145,14.661816645473987,14.444274631976139,13.115962444340159,13.201255502485473,15.775765295126615,19.290379369574136,16.492640529412522,14.397781480678667,14.461924003272324,11.190100831953199,14.116056853203155,8.202510179768932,10.437030898658076,10.619788500692238,11.050757646589318,14.457516951861892,13.516770367813617,10.317743842474533,12.122731767824005,10.932476427589888,15.573436244466132
16.29617875472686,20.184921295216544,19.979882469134104,20.84641330653518,20.22753997701581,17.614402500360903,13.45197021100727,6.519653079064251,1.9480636986036937,4.696309441259166,2.3997292314557654,0.7808029442932471,11.389038813979798,16.522995960046764,15.851970439629458,17.052404267655806,17.133461730272842,11.548859735366571,9.579071011762064,9.808958015747114,20.119866421967416,14.19507696272563,8.264186277044491,15.359663902130741,15.263805372001686,12.017996062726807,13.371487851769933,11.195597294922665,11.669005563283788,15.244308063526733,17.35135128736603,13.679441644450884,12.574444304583682,15.180636609684953
20.4257144969284,21.58465897822484,21.74623037346531,22.817893732964457,22.630564267192028,14.474639591000125,9.904371072612488,3.891492373978214,3.7049646836674435,3.735310070977154,1.3927682590307124,-0.9050758008972115,9.749987030467173,17.049649237040747,16.107757495764332,20.445258018649948,10.067400711615818,16.735177230042844,15.703718986569573,18.233770077170092,20.682060220679666,10.871386873192083,16.773454850388653,16.183919276409423,11.623809187016299,10.483514701452126,13.416232243360763,12.567923568874491,14.984957728819204,11.374314498951655,9.9988887717873,16.751541781701796,13.232642139581078,13.70930299841846
21.2720278296274,21.332386517702865,23.195693830374957,21.83419087964016,20.291055266319564,16.253280934892434,9.778255159384209,6.211974868547234,3.1419664959489255,0.6990579670640181,0.11727154190866744,0.1899103494768908,9.465014240998592,15.364430002762019,12.056998488472013,20.210474147566387,13.046935827152398,9.930257357223269,13.610832118394695,15.921849324288925,20.54216320106268,19.357513332009177,12.41741655131707,15.467430681003085,14.365806469701786,13.705448369940298,13.161984516375558,13.014808270064547,14.160036188927581,14.755496663818947,12.790658702235449,14.671135878805284,12.9664919244789,12.465980804020356
22.415191171293337,22.33741976185076,23.051712186704275,22.09819408292051,22.330767100139635,17.332240649662367,9.502409275839346,6.535481540492722,2.2173520507632363,-2.139415991559622,-2.2397200340312993,6.553559767593637,8.066355236799213,11.368768368925423,14.84667697047469,14.891000493207084,6.442063001842041,10.113954534569322,17.16940255461753,13.651122436111704,10.293087237126512,10.876523993442149,16.481815782337705,12.958018645259495,11.99262309598702,11.545048981516352,11.308082514426546,13.556715638158234,12.376246573116088,13.48897854522573,14.098001636140957,11.65530950299454,10.62215463418855,10.681279098584477
23.13667661143532,23.819753831765127,23.79736040247432,24.000084595374354,19.317793727533054,12.096748370674284,8.897419243003682,5.396797190612176,1.0606169772526988,-2.947583806530209,-0.39133142893590084,8.149741316226809,5.28208914332708,11.818228792889759,11.892033768240793,12.761732098705156,12.991462956151109,15.739591440131933,19.16310276150383,13.058132695911121,9.72076634315835,12.093894356138872,14.07918603727751,15.858121626975677,16.11138961045509,13.556681416606029,15.700147017003063,11.316997575259242,13.775827917906522,14.734495732343776,9.087348570479953,12.550569447845602,9.823245767118117,7.4472364651860365
23.08313704076726,24.015716788463504,25.02840566460457,25.211126920682485,21.412280494278704,12.019655327380184,5.820947490209298,4.043586876718523,0.10808255639364267,-4.235388382380255,3.0351329873295496,7.519883924404625,5.289094578239601,9.844526043977268,13.152694026114801,20.661210745224615,10.092458142039169,20.823942121807445,23.73251635296645,8.984518639113618,9.6603892734268,8.714083089462143,12.546371461054983,13.77019049756323,13.343657260942454,10.751809522760725,11.859475117985628,15.329952709033178,7.583144868399501,9.781332784255158,14.07330692030438,10.524588440607971,9.5460035513497,9.36133771657111
22.15124236142632,24.147221680775857,24.85743937084039,23.839857180085257,21.495585597151024,9.428324697538914,5.149088760837248,2.6627620245199113,-3.752721301461104,-2.7903008629761543,8.259998127823957,4.638128359648948,6.063462403148562,15.290021414340384,25.366367654738138,8.087915869725457,14.111123640855944,22.96339209821292,17.647899752175633,17.227361282221402,22.953338521079754,18.737210078042803,14.342732123583396,14.094500922008004,14.145108035255603,14.563731083571387,13.057076280953385,13.771003827703177,13.406474015083015,10.4501693720909,10.86291454745055,10.024461163092315,9.556020697220703,11.183100436426832
22.1603750245632,23.636652925688555,24.50651612991904,22.754773439211583,19.263612827510055,6.387456637417526,2.615926934117361,-0.2420947887911987,1.093023212631793,4.84540845804372,3.4391984014135213,18.6086215337025,16.57265023583479,20.52248952606817,18.227695868894273,24.373089994692187,16.53396248296706,16.688759422121038,13.21233881751143,12.52219339604792,15.840565041659707,14.425732251465897,10.649396753859712,15.795305811547173,12.70142898758304,15.185857277371587,14.894822671348255,12.334973891530014,12.668363273283836,10.078009126658525,9.77201360365341,10.003076565010321,10.827862334126019,11.092654104857607
22.904886674792834,24.49012584510383,23.566340429915183,22.742170889320878,17.900811608509756,7.79816705032764,2.3741746059069193,-0.4579911952808043,11.036275711486935,15.579101841330944,22.848804571789273,21.157209314617138,22.883332716495943,13.30230334818489,20.94412591162158,16.857634227298206,13.393927360794844,15.904485215907345,13.715315787901044,11.968561848450108,13.015628765457539,11.432839956325298,18.262837189782722,12.518604464471945,16.254739704874922,10.430711531026189,9.743923968084749,12.512889480719537,10.036096181123776,8.970314710424878,9.84282533588051,10.534135208132458,11.498037647151895,10.304534419620113
25.04940266741174,25.51499506962414,22.804653697890476,21.588086504355598,13.431814635578677,4.309345342608788,10.791549039816026,2.800147752320347,6.364500496115537,21.10788196368588,2.435955486933126,14.648517265906365,19.680456149459527,15.683266133731891,18.111905441057885,15.194649361805965,18.497389627423384,17.788184134712367,18.105312261494387,17.405500139922193,18.394900211499944,12.734620222669706,12.772168982142716,16.933410312853354,13.139147252984698,11.118219411249294,13.36286060203815,12.646233814005553,12.542630882356324,10.55725162131442,11.084012388348723,11.233850398897298,11.910506958036795,9.357243285422044
24.84922904149971,25.759101357985536,22.103342583080295,19.781437749809765,13.695604680530957,11.203838384349865,13.023425654220333,3.3476520340737808,13.373343830065966,8.710162756230458,11.016211315474047,18.03572592964094,16.076809121048427,21.86973823177954,20.860609579317405,21.646738863876784,16.13791188058283,12.439638885222138,12.105710691370678,11.89483208511974,15.451449451527735,16.7346231423336,15.802695760653966,14.173998115395822,15.47090793578573,12.0428130767423,12.227564150932782,11.183627537722948,11.010997103520136,9.639921739018577,11.048980561883537,11.437195622741958,11.704840719113202,8.593018034320046
24.930807214066053,24.995085129331702,20.195924019488146,19.031480394823802,4.589130747645297,18.120392204847526,21.190204324790518,14.404095161154498,24.776227268317573,19.721846463440976,20.182803286600617,21.99128845213073,10.959185205930805,9.033385146461615,16.192388350822522,10.870699226539516,17.721707309435022,12.019205843486398,15.63618783255171,13.231597412650764,10.938151410946292,17.02888602186454,15.4615179278497,16.373429652859635,13.377949003719483,13.291938532271518,11.99358088095902,11.04252041497471,10.70174105646749,12.18516426940622,10.729534722407637,10.796753124163294,11.363095047938124,8.952070117462483
24.99735273762793,24.479926072201657,19.815112365507805,17.10658007177606,2.953131483268342,8.978725096616115,5.131820934957378,17.46432199408534,9.575394160575959,7.291593867282344,12.56069548820065,6.905492098120419,16.22923444867191,16.23469749225022,15.349298339700036,15.159370850149086,12.30123104541855,12.566463348800962,12.66533699607311,12.982283698941266,10.317144847472727,15.119537626058756,12.925751908714632,14.927893023245074,13.244945395352477,11.822134669183997,11.416054879623276,10.839368564842195,11.522232581789847,12.763624027503116,11.587958161217392,10.723222764875247,9.608417980602779,7.981145635294094
25.158364159877802,24.660205721056407,18.70458174716382,14.250821189552287,6.8812576360037445,6.29871585673377,6.974152473348748,0.8834691630000333,4.9644093978464205,5.381814008594717,13.896246627014987,14.943172268707642,11.872756999672925,12.843011442096245,8.616955774056114,14.606712424819072,13.433728611796917,11.952579069286609,13.212143253772256,12.926884480493454,14.814908043005973,14.153137544050692,7.584098745698988,12.51372362491842,12.908510810523405,11.500401679498143,12.11551412590751,10.038190920585711,12.127844071686887,12.419146639594405,12.467411865339171,10.874856281362701,9.278658457251517,6.611297452744314
24.98504885716158,25.646046198312302,18.68352067997025,17.46545518922924,9.245678169910718,13.775504686939337,19.59578925559147,24.267235154264455,16.429908235999306,27.85434389542614,16.57575564534307,11.750097459629187,8.261724744366283,7.570270971484156,8.978338176929483,8.10020905165249,11.497438383321569,10.535885957038616,12.202793283070601,9.830338775295424,12.02152069835782,13.360333765544116,12.041853821974565,10.284445028957226,11.71426187591819,11.26103237607309,10.574490018663987,11.624851449123618,12.750259286311412,11.565379018108807,12.034238265847415,11.955228197267278,9.450260539342286,6.7414708711166496
24.52034029548232,26.067130479706183,23.07396485309728,16.97641647276229,9.94539934006368,7.137159163704212,12.258818250836619,12.979237333903521,20.345365264372422,14.689491905275208,10.397301224156783,9.482858239509895,12.750497162036591,8.252326397255798,12.703737868651823,8.92601505968527,10.643916427080622,12.91118865384976,13.850280965730931,13.671637403181132,10.85206236145787,11.535872640511478,12.894717349561795,11.308906468584437,10.38653112004765,8.964095840719667,8.242489493404287,9.665723775579028,13.493787245837904,12.636529990253793,13.048438472998129,11.837467588937491,8.278389094602847,6.385299656018876
24.553089069205093,27.101565379470177,23.820043798634668,17.94519264312461,14.010217528966209,7.348295219437265,12.351743773250535,12.175388890778107,7.5714816602959285,7.620165815726524,6.586354225843227,8.47893469237726,12.348561503826001,13.78861757736577,9.780044640253047,10.167653712276321,10.049223926075149,11.251268262555858,9.850163463121616,11.481246552663844,8.83867708672402,12.369657590365852,11.942948831094247,9.801973308253213,9.572017469937249,9.80647476533211,7.870707924888045,12.6971884598583,11.781491282867217,12.640230091949133,12.984807026421267,9.653894191170613,6.308227702060698,5.354708658136118
23.510902150838422,26.57762215295361,22.48569794033606,18.372295378504454,13.81549800271679,11.740660559393888,-0.5118493023950504,15.85706634111117,23.3268579945312,17.43425947524569,17.260519266223668,12.614166492359825,9.199927128066168,14.26396023046384,9.690957398919492,12.0446578188799,7.5745187543180785,11.464204380339572,10.633524523649061,11.616641750653741,8.536555093690792,11.841152105333714,11.639857336044969,10.064655287066229,9.676004460806583,11.279319256727188,10.644348704575647,10.213722046611085,9.651543323636291,13.514240811362543,11.418721963288425,8.809333990126479,5.881739172535366,4.571490750835451
24.126201538727027,26.109437077196453,26.28296231033059,21.47085882122454,15.252788490232126,16.07622603956807,21.519721296569536,14.513210324614281,17.51350943288525,20.405103312154566,19.113787962764388,10.524990165795417,10.409151525818084,10.061666813600642,9.683902109050948,7.9169624885144305,10.801066275324516,11.556990893780736,11.16573658616463,13.416537577468384,10.572246623866159,8.753215086927904,12.106218834718579,9.053500713530688,9.27968112162168,11.716862869006885,11.760505264568891,11.478794211879473,11.06215200188787,12.372837601969305,9.589839990770058,8.136300408037886,6.844870306071881,5.5284199438914134
23.780805964603417,24.177524169842286,28.62658863679986,21.05000388602218,18.754534717256405,12.141765221341675,5.426134340783029,7.094411174914742,13.418314623046692,9.674101821952778,12.559998961432525,13.970265319301172,7.260571666188244,10.675524546933145,7.139376381837074,7.674225800686128,10.121821867344932,12.186771779222806,11.358237467246596,12.319262570533187,12.024399857129827,9.057299596807555,11.213200849119437,9.83837687829663,10.512950452683215,10.65520938713847,9.326343268397572,9.852751461434172,9.64809692508167,10.029607717414926,8.72456961912473,6.774773677912271,4.682743699744716,3.8144114732836174
23.706760206443835,24.595241946974518,26.426664642412312,27.27004989285436,19.750213273806054,15.704404488740776,10.517308354268225,3.130038345058864,16.300756619986732,13.082491192341767,9.322397747508465,13.435882772465954,13.138979239967904,11.592211488020675,9.060029916591992,6.444489109912359,8.884642993623373,10.697828101282855,12.135216001192683,11.600110342045937,11.069705917578375,11.33080348454356,10.237727783774092,11.051142073835027,10.401228580270187,8.401184806197938,8.037884687495584,8.45995785482672,7.708139710771835,7.069966640137723,6.775660083542165,3.9273937600870705,1.6267215020066412,2.5382139958403704
22.495714264372946,23.997788890944157,24.51825141510099,25.157952017871313,21.224068563491347,14.529451195875266,13.365075096338874,22.596724660323364,12.501794060885121,8.956708633803181,7.631201277362669,6.89005791320855,9.990527854297806,6.548803184895717,9.278543260334667,7.600130517068849,3.5822655011535347,12.29708897186993,10.982949864748697,10.528841579629383,10.409780368118552,12.462409026231697,11.561141527645237,10.889474539626201,7.657232045653469,8.507349573640447,8.037178706996698,8.08879919647996,7.77585139902675,6.32050697498605,4.964526257376647,1.7301767351686885,1.0133608107850085,1.686645630257742
20.947422927385052,22.60513359561116,23.23379548212977,26.641595234589555,27.2093637570259,16.179327917958524,10.26262994916698,26.97518623507095,15.012116832467488,6.500755319697354,9.38438943789318,8.853453600422624,9.57650489345606,9.040015988358121,9.292599961696663,7.512421274632577,5.865658712564558,10.193335281798406,9.755178841782524,8.466526482545643,11.290726193500047,12.984494138623285,10.889634286801627,10.135285720144696,9.230546527851637,9.245797100215992,7.404199726265664,6.860546263873469,4.801551851520463,4.072306606219933,2.3432679560617204,0.4533162589304626,0.7872924324487421,0.5219536001685685
