script/wind50m.json
{"header": {"parameterCategory": 2, "parameterNumber": 2, "lo1": 6.000198445256149, "la1": 58.999992894266676, "dx": 0.5, "dy": 0.25, "nx": 22, "ny": 24, "refTime": "2024-02-15T03:00:00.000Z"}, "data":
[rows 0 to 23 of 24, columns 0 to 21 of 22]
0.7968412868447057,2.9758082085707662,3.2484799847092534,5.262647767900033,4.478966483771674,2.138666595003769,4.442574030114105,-2.045285486784518,7.824275552568308,-0.30701765203006326,-4.891956720749242,-2.864557208212737,-2.748367784271097,-3.1832580367513703,-1.9848053703751243,-5.159197557004757,-5.330714902331755,-4.610526858799947,-8.638054989897515,-9.366974405076258,-5.843020131211814,-2.380189976558526
1.3579867848757383,2.8763456067682363,2.0953049339784404,5.305608725612578,5.2410697053274475,7.544701970122418,3.247312636996242,3.0759981137649226,0.14035816443642668,-3.4865475132985644,5.366671555192828,-3.6566231052553393,-1.9823104960242293,-3.330460173174481,-1.3995735776488238,-5.5513924243676,-4.688278168208313,-8.17026238614989,-2.000716430285533,-3.0846698010547255,-2.4751909756710413,-4.443907923950108
1.9842595071658833,2.1271055195705326,2.1779672703173794,4.8221015266370255,4.952722429519509,-0.4270954283791113,8.230863549177949,-2.298771178796615,7.31223621112987,6.413437137518667,-3.4735846992692117,-2.337709208401385,-3.0995566074661696,-6.745162518944928,-3.9219406120558578,-2.636869571480975,-5.414043004794128,-1.3207223529902947,-2.669355438360516,-4.160520816946722,-5.39127325440823,-3.6388833640160136
2.2226989839580047,1.531486201545493,3.119422745655918,6.176895591061821,3.602668239326528,5.337498074441795,2.8830768779276745,-1.2858356506352548,-3.071984123652272,-4.550098429564139,-5.184853327911485,-0.12644243411926312,-4.395980728306563,-3.777505615440063,-4.088118945901214,-2.8709141270330103,-6.688012449794767,-1.1058297821580814,-4.272621637176914,-8.970035880487462,-12.768669592063167,-1.8245331594813494
0.9408374241003652,0.7852791188384562,3.3570434699124787,-0.23756346078093332,4.230965386583515,3.8221137094580735,3.4176069423210826,8.308956139183818,7.802622436759415,3.357239302322416,2.148373959475842,-4.713495835714941,-5.9703900628830775,-2.8202280729815956,-4.441295823512395,-3.00064021335855,-7.536744217644668,-3.1563474854452327,-6.32242335937803,-2.846713265324277,-1.9505561622966574,-4.1479405815005
0.7597539155099878,4.315754583348287,3.1367689665822556,3.647367515307218,1.8131844198443716,4.5528060492518225,7.882986873529316,-2.1314231617710604,-4.314642378621776,-3.2904054140841077,-5.222146846067854,-3.3289025647162824,-2.8505761240507534,-3.848868967307569,-4.712420289515528,-3.016070238799358,-0.8038515729008848,-4.403111250413028,-1.9211522965581378,-2.979292893736086,-7.949475527812433,-3.010498505337179
1.8637270841463172,2.6365100305685774,2.824715069780493,2.8126230883073275,4.751174958349152,-0.45762751844455635,3.6323511272258635,4.574437165955835,7.932965283042551,6.7672866326210555,-3.084219524622158,5.336767220047051,4.510475975537808,-4.686685942258455,-4.452948327615859,-4.1910598801983925,-1.7509396537362483,-6.906298069399883,-0.6874783720313489,-4.517652519669451,-1.5320152153625524,-2.5313802747876424
0.6807702518151978,1.748239979790843,2.6544592632617645,1.9754716615835353,4.56224678220724,5.230047430638031,3.3213717214556793,8.336911016918929,-3.9439908206461793,-2.8627518783069736,-3.817184797715666,-2.8530757169808414,-2.7600156624182395,-3.2127222814083463,-5.058668572406387,-2.13849573259845,-1.7914868291347155,-7.746692732895845,-3.945325053871823,-2.6415523704267043,-3.2315767409977343,-5.5312960244050915
0.704590599522246,1.6073947329991427,3.0907084855090803,2.9363612215368122,-0.41669393080348915,4.485054855407513,8.252853352808724,1.091788468140312,7.959331376032495,-2.548220388231032,-6.012679625714377,-3.630534390076156,-5.798256432675993,-3.8995635404634714,-5.925228248385657,-2.8986755325816773,-2.162736794092885,-7.947021432473306,-4.0193276609104815,-2.7903217871136716,-12.119127295714426,-2.9903492446386237
1.8484433335118746,4.213637972536649,2.9676699542295535,3.0799053994965413,4.4481727983908765,7.3161941400780135,3.872929031894463,6.267400605035419,-3.6264016337938245,1.652683170332275,4.211675218706465,-3.457073347716215,-3.245458467835129,-5.94652347782165,-2.820780598061383,-2.8530498510165416,-2.393680179874158,-1.4208933324597297,-8.82541905178302,-4.615238039782296,-1.8927112277916134,-6.87108668853524
0.9021251205179517,4.176895516517298,3.719226702102175,4.410600016229069,2.7292724901385794,0.7539479314395573,3.1676167425819535,-1.5275691416696469,7.95170887464398,-4.498417236739308,-3.6243306012971983,4.3937829845686585,-1.5440872188363752,-4.00957085332283,-3.2327939806467496,-3.9159628431689946,-3.31064231091626,-2.2248000486603154,-2.3890863047446143,-11.158910169843436,-5.0408454337152735,-4.647856392951676
1.0890603711999733,3.450292093082441,4.055196305658883,5.262155900867747,3.3810712492817814,2.1494854857937593,7.951487334979095,4.296389378230579,-3.5011386545629364,-0.6498759309426756,-4.628009871456223,-3.8612943460349425,-0.1208207897432518,-2.836620606359227,-2.5178755777349426,-4.689928560184769,-5.058731484907754,-3.0475009891201137,-3.781151300974892,-1.904774245546005,-2.176216267963165,-2.632524787074235
1.1124025130910613,2.5202775332422176,4.977356179270589,4.410378961520829,5.848631247554871,2.847297374636546,4.2569471632419384,7.621263713593505,3.61585667094654,-4.4724017196729955,4.115589922077063,-3.4896721133451343,-3.4921727512895315,-3.3633427850048725,-2.7179484677614103,-5.69937152480274,-4.37881602076771,-6.791362485008644,-3.347717715399095,-4.653075861413681,-3.9597522196787667,-4.628723271863864
1.1554934336314582,3.2900073360478794,5.454790543067167,5.994500460437352,5.01449134130592,6.4619801766695995,4.007065299012411,2.853914797530344,-3.095774310820589,3.8227960442170787,-3.933381750890147,4.922301839276871,-3.5024395912993467,-5.18686310998861,-3.5104584429924195,-3.163632928978907,-4.057830781694089,-7.228669526880721,-8.340028966381656,-9.117417036465353,-8.39171203816604,-3.76906284609679
1.3042007406591192,3.358131895763447,5.587581305734611,3.406872031300932,4.1329716003987675,4.994904046002808,5.987705512541202,8.187894186111675,3.7969551392838174,-3.6510940623289203,-4.536291417448561,-2.679216729186636,-2.963590860829737,-3.4131680462203455,-3.0035411466873225,-4.068493998927356,-5.515861059098423,-1.485815697954624,-1.6899610926884994,-3.1238028727073104,-2.6411445958663613,-3.863364844565214
0.9772651128190429,3.3024573571653475,4.997080724538024,2.5419307907435797,2.6888849838754743,1.8984749199376205,5.3372807316375175,0.967342143844781,-3.1545443975305223,6.567018851709247,-3.453982855361591,-3.8416882685890803,2.2882452240479707,-3.075481593008024,-2.6734114475431174,-5.327006570926283,-7.518009898592427,-1.2321575465750094,-1.8349822382170222,-4.83961878960539,-5.640978266406848,-4.905350590014488
0.818835415188114,4.272177020036418,4.644980864571967,2.7324801402964405,3.6470373510789087,3.698644635663923,7.717775345523158,6.4777362061380295,3.6074906245820677,-2.9271445729581993,-3.00758384459135,-3.3327629756338846,-3.400753589085404,-5.7482168469870905,-4.400691378877474,-6.172346063324533,-2.820034425515292,-0.4585203292669383,-3.8640022683080226,-10.804648672922987,-2.4411362386957163,-3.303886609020942
1.2657871341288238,4.390972203706932,5.000558531290458,2.7993782048231024,5.1843596735193085,0.01434094476961301,7.447524419207008,-0.5790359250150772,-3.2320149210205,-4.2771508831241425,6.53394735559008,4.837984883621461,-2.241861337111478,-6.331992132062636,-3.3551512878184773,-4.40320368907859,-7.628559711673133,-3.28428993599083,-7.814608437925237,-3.6345280447313657,-5.087634803292761,-3.9349686003635256
0.9793784661262022,3.8724637849209476,0.7108246874619056,4.256837666444397,-0.4278712802577988,2.5312761255115417,2.71816864201683,3.1883160532118078,3.568697850065911,2.953034663301126,-2.5089834029357663,-4.2781702655251905,-3.7979430355145567,-1.8542229791077032,-6.398008383953378,-4.520739902504526,-1.6538903155262126,-6.195215636806153,-1.4559284768565943,-4.486258306032636,-7.594612449849753,-2.888247506253605
2.1642825000346555,3.4206416915242372,0.29627448992337885,5.162600043856379,4.893710338483761,2.844668765278698,3.3653446174624664,8.031875847144372,-3.2544564831075173,-3.561397779472964,-3.2235465081307075,-3.1516787332798573,-2.779715606196439,-3.243093605351751,-6.493549978510903,-5.6969940757266615,-1.9047788234170115,-7.178727479814693,-2.873201895514968,-9.4830362915764,-2.5761605481142507,-4.042000314375245
1.5184536989633899,2.813113172417544,1.579289590731933,5.16878175046829,1.9231548648796213,3.5304501938374027,7.820363738783785,0.9687030893754773,7.240761032257706,6.503026016948893,6.438677824561593,5.855052076452181,1.2859764461413137,-1.8590094470713558,-4.367169586426607,-4.3529563782075265,-3.3558461348821846,-1.6091771871594915,-4.205648710527067,-1.2304615399387788,-6.522095232830074,-1.8043655781437604
1.731859605762679,2.7881756512247207,1.712630740836375,4.8018097426334885,5.541359803012056,5.462986981993421,4.9841827970641654,8.307473537022938,-3.4490808083353346,-3.4206197895417665,-0.866514589784598,-1.4909630351621188,-3.134657575858342,-4.888701848395827,-4.550852012949944,-4.817883208819118,-5.08394460903989,-1.1647302342785169,-7.509513166454125,-3.128725578258004,-12.996810782119795,-4.834219788853743
1.3997105078400718,2.8344797042070753,2.577637293752208,2.4472362170839115,5.017516073865411,3.7903589633100028,7.818125031814527,-0.2609434315733421,3.1772127954989218,6.530780315497852,-3.093993595517337,-4.099535385025147,-3.709414929911802,-4.487858287085552,-4.750084590810051,-5.400633809175523,-5.044696375801896,-2.612490045540557,-1.6168981237160938,-7.29039702849959,-2.4880839268324304,-4.33523559248638
1.9365878353148083,3.1998173451151644,3.224031370143643,2.5453037523127118,0.9984958315681132,3.8810244958185445,-0.8867153665927888,3.7304405015196225,-3.0915458084017216,-2.90989845221826,-2.7172892467555294,-3.3862968002934344,-2.9593266066564974,-5.926627888142599,-4.230050160391848,-6.786813210332162,-4.276351268605069,-4.370294225732975,-2.3839470440063257,-3.192900382151572,-7.501981353612424,-2.0600794342521676
