script/wind10m.json
{"header": {"parameterCategory": 2, "parameterNumber": 2, "lo1": 3.000054539987559, "la1": 64.9999836372058, "dx": 0.5, "dy": 0.25, "nx": 34, "ny": 52, "refTime": "2025-09-24T08:00:00.000Z"}, "data":
[rows 0 to 23 of 52, columns 0 to 33 of 34]
8.619262258695759,8.690863939526851,8.803504232104356,8.626615525061164,10.88979700710415,8.355960539118833,9.705153410470635,8.478212516475764,9.969752707464822,9.976939070610948,10.168162453762696,9.200073751707164,9.148116701213018,9.708727074934473,8.736751209759992,8.99282633988202,7.65498291844917,7.5496289084696455,2.630083827057274,3.4660758203861723,5.39758830329567,4.691945246742966,4.485274579906397,2.76475700082569,4.654926806866697,2.019904928743258,0.10320450097126382,1.363954664083774,1.492893736676599,1.8381143952732333,2.1256950930944503,1.44334502850755,1.4885229333494248,1.2332702403859503
8.51800312961912,8.693109155954557,7.731018324233283,8.975996307223795,8.778223078809571,7.940120080195423,9.669514550564475,9.275655884611977,9.61010263265161,9.776694183020064,9.588692292065652,9.591674500048875,9.02624923859125,9.025124691056776,8.70175951472159,8.691159195321488,8.940199171526919,6.927715306178773,2.6487871318590432,9.541305489361909,2.581191723735314,4.424641246425582,2.7764745475012433,5.657308275458579,1.7940374450682952,0.9715139906444755,2.289679709097022,2.0020602672065326,1.5273724202787247,2.802190592420154,2.203737485163468,2.088138505556663,1.6289953155108237,1.9444839760888908
8.068980934225692,7.166897498579827,9.648989522957962,8.4316805578,8.174596794388403,8.690519603850415,8.890653994454453,8.450559963649143,9.15733332675715,9.40259467928943,9.484872230951586,9.106605383467475,8.17832119021185,8.16335943482422,6.489737212137163,7.957395728330201,4.869433938891854,1.4754425832479963,1.3620800090833485,3.3238224430786096,5.750638953671283,4.327346483195613,3.4699798900256833,4.366921609911766,2.5753801335606803,-0.28468155277591956,0.113945549731235,1.6558037324268735,1.8618351133044022,2.1642999185008986,2.5895518282354844,2.098390226638677,1.943716036723793,1.3661095048089353
9.444836684848703,8.698418230821016,8.43630776281724,7.426673603859847,7.132010322497103,9.06378825520944,8.511868886414126,8.706705182310678,9.424475160839018,9.65477359036832,8.948562575908632,9.058529487879092,9.608515075949173,7.475579357502644,9.077243242653438,6.819137990054826,2.5761220691598443,2.280085273559134,4.795171413319104,2.381693058983283,5.369358095508295,5.253597380339259,4.935511941854358,2.8392353323586548,0.5525585682413322,0.8901587826342671,2.588242743252916,1.1923298658061734,1.8734048913313675,2.179220598724241,2.4055399682216727,2.5194387689144997,1.8522661873315363,1.7276684099096087
7.0276941479909825,8.78793598564474,7.021939988560126,7.953454381288863,8.078631491093244,8.124741172833803,9.105810718159963,8.678689001951057,9.669465879936423,8.934793580829771,9.065264307598225,9.891957465098344,10.132271222998286,10.029539784960328,5.578461493033377,4.710129346249326,2.9679512351593043,0.9691726905723079,2.7528433202765634,6.398526105185576,5.6784159768638105,8.550545088582805,1.6658957564714332,3.4964044112642694,1.2988499330639898,0.7227969776184943,1.5111195856428719,1.2237525118853525,2.562207939230651,2.5577821253117,2.4679649031699182,2.557317976400852,2.34781946053756,1.9768876430737554
7.357435853907515,6.7092880651197575,8.676127927812116,6.757667620719383,7.9962618029896175,8.393869664671564,7.8908812775853585,8.610100270525455,8.676936853539322,8.194786180148512,9.067329012344912,9.695321494448532,6.7888804951599955,7.224188111694094,3.5112840014220996,3.2482284848517238,3.5168757404521687,2.810611113169559,4.8967542691181585,4.160978649148938,2.5922807519205953,4.093925854914219,3.553431038893951,1.079211547056546,1.5663148390615325,1.833088368688356,2.030160131553985,2.199260533635573,2.028328738671129,2.725684498378263,2.4382662639434023,1.817846153110376,1.6403288145402486,1.694631805730352
5.710613259344013,6.392582400145626,8.540191917655871,7.426955316426761,7.657075319958541,7.535867847011133,7.549396675730214,8.076471032675165,8.052166662004268,8.37125063378599,8.164988066193086,5.000412588171666,6.438345783734002,3.5371195362059065,1.8645961377837015,6.131407357174153,2.4871856822394665,2.6802611543796706,6.233764977845046,5.307075133870794,3.6402730594138974,2.716736558267523,2.5080499182403937,1.5153186455546028,2.2844237179336777,1.452131854589066,2.4335455884714006,1.3794414489940234,1.983927192842874,2.7462031203215247,2.791610525153331,2.1778472693293303,1.9632156361309885,3.4752646172668054
6.144194545922093,5.373554358498715,5.445672311752945,6.095494109004235,7.3570421198229825,7.816010426362777,7.94618189165745,8.068991625250534,7.845867657704369,8.76298531891776,6.136289678771876,0.8036981196602297,2.092315414403937,5.800428127302075,3.06872180858458,2.0947182125613946,2.9536885294856883,4.1691740469790615,6.644735876199558,5.468154602386462,4.494776222251681,3.2946381699389877,2.754718531837281,3.1418727661456973,1.9180123038997647,1.7963025727433386,2.0145080088729856,2.665425436381897,2.4490401067717094,2.397397035059038,2.668972051809348,1.8497804368358937,2.2858746109962014,4.679148014050417
4.5599171777527365,6.5783729325875955,5.59991109637239,6.045959900780687,6.088869816092513,7.436222730092352,7.504106628695157,6.6631571485002095,6.233354827478455,1.9195393829828535,2.520776392720523,-0.6161675901412547,2.2282118961302335,2.1373972660427167,4.284729854018326,1.1491284265212143,5.701813407934761,7.940852004320673,2.6224664601114904,6.136403879047988,9.118690709741001,3.797117845755119,2.3177070781432407,0.95949124738151,2.196760739066312,1.9073380397194823,1.8442921614764056,1.6592601689981998,2.685314304759168,2.909144238904399,2.979330110079316,3.636200906080254,5.3098318149383745,4.502953436566687
4.5638905640885055,4.16954918380015,4.789281003345669,5.293635072532911,5.892173464593288,6.6667253539304685,6.432465282975103,4.165836316568793,-1.0824682850067615,0.9265617151158386,-1.6291307819531566,-0.32831098236894624,4.395729988643769,4.620997291381153,0.40216499193101046,5.8732594451012154,4.540390847147175,4.29644302482178,5.038063662038186,3.43344502430975,2.945958421789304,3.4097275296875007,2.674085805941299,1.7981783039531962,1.652701529755404,1.785820882468467,2.6385253974042016,2.7850428800553706,2.4581599472091944,2.538518273059092,3.044961393728972,6.387142466254618,5.59249412900089,3.998932292494184
3.805721333582986,3.8093047425446196,4.214066219381371,4.027875214565066,4.714165863157357,5.5633222326184875,1.3112680426640482,-1.5606979936309828,2.262974189569587,-0.3611314293990058,2.7105776222788767,-1.0130950209462604,0.5901554156968137,4.825776963720328,6.594481704481142,2.291495687997958,1.2693455528526127,2.491383133628696,6.088163885598608,1.9142923124309088,2.727536443495155,2.137285287924735,4.953387969466338,1.300415932696261,1.4920436365480239,1.3255952544849825,2.266707564210524,2.1848674309236795,2.841329112799848,3.2568461943160787,4.811077290991243,5.8842685062773,5.5605203700749515,4.139161006645836
2.3207516441661404,2.8328875778479805,3.424487973829321,2.6303957797201063,3.3310607735438644,-1.396220273489579,-1.71104161526423,-2.0253034061458655,-0.5896864292015414,-1.242952042682681,0.7286025435673621,3.216904395477051,-0.4948403289357192,1.8309781752632968,2.0608370867071977,-0.048021856576441084,0.9136632560373723,4.609185920191299,1.1723695816615665,4.103936635107844,3.241835392097184,3.297266773316693,0.35871737138325943,2.8678874602306474,1.4057468708450551,1.5551518703875107,2.106209750736834,2.4198768230614616,2.773460806912738,2.954853937257447,6.330608859755745,5.828505341491081,5.39965699775337,3.698069315315741
3.243627249961361,2.7785044409570108,3.2926194306975334,0.06154892272589836,0.5718217380888587,-0.002788477918513263,-0.7391984037860252,0.6716106130244296,-0.12092202100042099,3.364256957348054,2.7311625652856115,2.7647680683294378,2.952281818815718,1.946971837443319,-1.274496356814599,1.8396141950973977,0.942055625639163,2.562892292415468,2.562850454518019,0.979129662891739,1.9396869550393927,2.4617445570268957,2.8133751955874238,2.133202149530693,2.5513215673232645,1.9156686477147982,1.7635506875173128,2.460719166400313,2.9170373616906615,5.138444556702542,6.007443843589876,5.992149442937188,5.4852214223280615,3.931811718075277
3.468899249151685,3.1551254637918036,2.8005548277728374,-0.5062773025829014,0.2413616496943608,-0.4271190564148324,1.607814519485048,-0.4077112224540116,0.16180830479272246,0.8015183780308722,-0.910521388611512,1.4777802052398543,-0.22239273261593565,0.40673833377349633,-0.9270822800478634,-0.3728223081406391,1.0244855502472916,1.9736641428728319,1.4750105768482333,2.118864999455866,1.4065986547211407,3.5469683547633237,3.22960344507787,3.0359973210121116,2.200462178849908,2.2512310828910675,2.8086377065616928,2.3340336946080487,2.9703805962023946,5.716331913130924,5.814166967426662,5.498144062059409,4.827197306988126,4.753165645999057
3.2534768835644075,2.275579473534201,2.3037160448116145,-1.5028140123019649,-3.791134816107518,-1.0026412163120675,-0.6241929773727476,1.7463303635925294,-0.18521347364113147,-0.05397930858544861,0.34211661136089905,0.6085801011477037,-0.16168174958613366,0.6019121970270457,1.638262367963191,0.23613253297993658,-0.29711299805805885,0.8180713713849678,0.45811969337834596,0.8555777430456674,1.050541491437085,1.4030591395824972,1.7656663279591889,2.7089977092838513,1.7809797553852786,1.940666991550183,1.7815430878536556,2.301547150700503,2.1721785941115432,5.532160321666073,5.646072531494732,5.100881538308729,4.553535964959437,4.43216538654456
2.4664256282990134,1.5033996346889513,1.300596628362974,-1.4790765010163724,-1.0482044323629682,-0.7434965800356571,0.6371899153761735,-0.0662726659189037,-0.8467362976717169,0.950154599779252,2.7530650871258526,2.070497459455644,-1.4037295435185864,0.08554041455312593,0.15624030608911052,-0.017826313974645517,-0.07406955062984713,0.19079675667764626,0.570874035387051,0.5778156056850572,1.4533773123766918,2.025618253926527,1.383585740433133,1.6757886264663306,0.9642381954126847,1.9265390357743348,2.374253282993375,2.799534596719178,2.1703305210869153,5.949489753913495,5.191408688070297,4.759792606586746,4.623982257320773,4.257279766808806
2.3819548202618863,1.2334772508786465,1.1843994621252723,-1.9754107987995544,-0.10641693941799836,-0.6189783368877659,-0.07858752914091613,-0.23377496810549775,0.6819847186444717,-1.28224133563396,2.2124775482571777,1.196087222204058,-0.29415532906656017,0.1173307516470218,0.36090750796672394,0.4507215337365713,0.14678055392395087,-0.0963433578761363,0.03412231461241683,-0.4237535024201672,1.3316729867185735,1.4497330765955674,1.1035834120349526,1.767114457377404,1.644056499647797,1.6257719394416692,2.156601011100591,2.302188862087928,2.369878359918571,5.989389939213107,5.103843221264547,4.736237430722614,3.9125020358618237,3.754992500282206
2.002027997890586,1.285403082831336,0.7697982891915854,-3.0609001055676868,-1.210587676772749,0.39825968095538494,-0.38153492128330935,0.34582798383249874,-1.3276851777227594,2.059504413977976,1.201496477029917,0.25730753335067974,-0.20094884625389767,-0.006905391307536469,0.2339603099451051,0.5405437723301615,-0.09288965523452558,-0.016095022419540687,-0.08285121920571835,0.3815686405333575,0.03566025935813145,1.029541356816625,0.8762038677314199,1.3197817690873315,1.4490579174917346,1.6319896792274815,2.0047453224640472,2.0354664217124583,1.9243435491404386,5.468687528290289,5.406398659259092,4.580866421587926,4.088622689783221,3.8344957416708887
1.7441798032120934,1.5080135701276378,-0.35724827862041203,-1.9143112612871793,-2.5373206852012444,-0.7388988042628165,0.5513614007925186,0.5508155389859826,-0.42301496075036227,2.236890072802028,0.45701185478035683,0.02109297712950984,1.0751601079936262,0.24239158496584118,-0.004408230368242806,-0.6706192201659518,0.5071264113729027,0.30028740216822974,-0.21969823462458857,-0.13931190032739413,0.44157291160684886,-0.38184867074561557,0.4090274898731749,0.9016539643647562,0.5500225630690364,1.706034282929797,1.822229728201894,2.46289386082887,1.8479961004679955,2.0411608991762504,2.9125464085716333,4.834438566436736,3.9957260201748843,3.474109518051692
2.2913800112438847,0.33584513162412893,0.29830890528113657,-2.8102173160432673,-1.4328759059948843,-1.1787021579057173,0.8243947892803208,0.028862936953359945,0.9569201904743918,0.7116241192800695,1.3308325968857817,1.537163802962681,0.2000244221717013,-0.5393947374157004,0.2568962288872913,-0.5483775865896097,-0.19552776984904294,0.08633810281558184,-0.1019310240778216,0.4982476519726847,-0.7531743466116249,0.4602956388326122,-0.7861894353538489,0.39703459006249325,0.4902910317141133,1.1033333543299213,2.0070807665374875,1.6352879305664882,1.6187427002123396,1.9682157974182295,1.9103083500391023,2.0629622036574227,3.9212316743036637,1.857055062757377
-0.1454399577220115,-0.5651623581671691,-0.23632420587812059,0.1033754574497587,-3.597367243951837,-1.4388971414606644,0.4214703177810881,0.40490153898635034,-2.2589465438837655,0.1862870584890239,0.25110305557668294,2.0834994758744076,-0.44369919484055315,0.18514451411107466,0.5037457015188366,-0.9435932245648745,-1.1627472777846553,0.08146939024370944,-0.5454240075321833,-0.36984066390325593,-0.38990927656147284,-0.009812840915861026,-0.6736506308188728,0.17535895936107004,0.3095237785834363,1.543288995169286,1.4413305875726599,1.6841824856279393,1.4610869881423905,2.65592173092734,2.1111132663883265,1.996031315757478,7.285223855573082,3.1879179177500756
-2.19850157021537,-1.436224111944754,-1.2341572553211497,0.1311518414311552,-2.558724030910133,-2.1278962601068234,-0.2725919119606093,-0.16305931262425533,0.8085873855372449,0.8485802306790102,0.2373110157094873,1.0044499913721774,-0.43989409396461665,0.5667292886014114,1.3454152270810402,0.22986937577970853,-1.036519016815834,-0.14710652736901952,-0.11058142844915007,0.08402212168372934,-0.7418633233734848,0.0038709814956667914,-0.6054234119528236,0.023137101245398143,0.6749011772791492,0.3966434275839314,1.2588687899826065,2.0790799951988803,2.065440089354692,2.4888497025507004,1.7580764436616039,2.0184572020631313,2.2707662569466796,7.036658030566294
-0.3528965670541194,0.39029901139852013,0.5366922147497949,0.5357555561891592,-3.592118585237255,-0.012599801700007428,-0.7829143691170023,-0.339896931422026,-1.0603535435516813,-1.5796618963833993,-0.6145856759077951,-0.8774545849724874,0.49451086949910467,-0.6417598910066817,0.1885088054355615,-0.4012817434731979,-1.0341364482158213,-0.42060322747863443,-0.43239221323111593,-0.19414720655837986,-0.2571120541836366,-0.10893789359213897,-0.5114297818444222,-0.9130240625426523,0.9499869188464247,1.344394045559642,1.9139487064038652,3.083755869508648,1.5387343729671707,2.131702002222144,1.8175700219258368,2.4323757395007677,4.800302663121519,6.309075713566859
-0.2532587672052679,0.021762587981281275,0.3422326680144887,0.11403636004044197,-3.3384674812603183,-1.5692845837776979,0.08947803411505105,-1.0449120110305063,-0.13857864670150957,0.2018191166730858,0.19202018824275,-0.6867948466271155,0.5306403963634618,0.3384173555522038,-0.37871650947742574,0.10874402013068685,-0.6071066828761568,-0.7155079325340161,0.056792981504108817,0.4942575847353152,0.1102448036117683,0.5485446041600336,-0.3126104395178176,0.5923509065279828,0.37684707650143767,1.3745398224279914,2.201811156637323,1.3244539575085803,1.4883722729476065,2.094049466052338,2.410302584704241,1.9284690228249302,5.045023886809966,5.5839190512526775
