script/wind10m.json
{"header": {"parameterCategory": 2, "parameterNumber": 2, "lo1": 3.000054539987559, "la1": 64.9999836372058, "dx": 0.5, "dy": 0.25, "nx": 34, "ny": 52, "refTime": "2025-01-27T12:00:00.000Z"}, "data":
[rows 0 to 23 of 52, columns 0 to 33 of 34]
3.385535422583314,5.170761084618881,-0.17571694767598378,0.3309784384743733,0.9271815438138807,0.7452615244064705,0.6868074422971101,1.0852889238657817,1.9961112274264623,2.5980845548595806,2.769926460308342,2.579762744371231,2.1945951340287846,1.468299345809699,-0.2935455841369073,-4.142337753224685,-2.319678064338321,-4.6952442054054115,-3.0157058470631757,-5.094977669089777,-3.002596673795196,0.8243471642317018,-3.2383755518268957,-3.4930819783850438,-0.5815652280104308,-1.0837769283940046,-0.9278024309645065,0.10187604128484203,0.42992994149160374,-1.0893369776469186,-0.7894263834894621,-1.2275267640806322,-0.7100837657129362,-0.3531746121305332
0.6817399113619591,-0.9310627645070828,-0.9961572685145925,-0.5070980342174514,-0.2645477106610364,-1.0921090380670013,-0.4338523854296508,1.3332582288107486,2.039717257093516,1.132430743879388,1.538776952525059,2.8440126008870017,0.6946379694783924,0.15816739910803984,-1.8610499139212335,-3.9344389446708625,-5.764792259901423,-3.110324006548554,-4.802907701967692,-2.6698377126772903,-4.418224345199392,-2.442591121333717,-0.1607287232443309,-3.6193748322009447,-0.5787067958220432,-1.5576379511722507,-0.5981162687879379,-2.285239807626462,-1.1498245272568042,1.2184879167007079,-0.15533569898102464,-0.968369918673361,-1.5608705868826909,0.8023489498119676
-0.17916144475265902,0.1803202958212238,-0.6462850710877549,0.0875309188847103,-0.11221397253730761,-0.6715367113572006,-0.06628424174108782,0.13810710769620363,1.456358097437607,1.82340945306724,2.0882707918495895,1.9580014417255762,-0.9156176362725725,-1.3490379415442548,-2.3511317371471856,-4.609906267239738,-3.060754390074506,-3.475893654158374,-2.214824999321647,-2.960847349956334,-3.421932102377227,-0.9644784464876887,-4.52384581029355,-0.6665612265940171,-1.2863618816641202,0.11834643434919824,-1.3822165125281805,0.5196690891141155,-1.2283721137273418,-1.0963767684006214,0.4563075309881708,-0.5920092167255923,-0.9506315356130459,-0.02924017637086491
-1.4125503685886807,-2.4625835853368345,-2.513803139016883,-2.155042459913142,-2.772816322805649,-1.1100305921416105,-0.44428794050982345,1.5599120656424927,1.0268717468054345,0.639157122788519,0.4399721721336335,-1.1932574405891676,-2.8095204455872165,-2.731293159499012,-2.917708766072811,-3.4333374125121088,-2.7219453706920143,-2.7437457705789954,-4.965047486340051,-0.6285339917921703,-6.40665747164751,-3.7000893120539353,-4.280805106918522,0.48311735901436975,-1.6751896841869665,-1.5463879214614202,-0.5083537668277275,-0.7697492275052188,-0.9316046348946486,-0.23417164487257963,-0.28289029183041914,0.4972983212304403,-0.5789738098338443,-1.1769087740142985
-2.8908656595216673,-4.302281761397854,-3.248939009320046,-2.0386450368728246,-0.36548254232148936,-0.23851176726795187,-0.8070144488480194,-0.9114088398203087,-0.6539805173800282,-1.2185563244838384,-1.6758021118088098,-3.223153062862045,-3.920385272517153,-4.245247643092426,-3.700479087721972,-4.251188146961222,-2.4788822894557243,-2.2629846079933364,-2.619632029313246,-2.096403686164005,-6.205087992769037,-0.6210706870837664,-1.187427827186697,-0.5999222781820133,-0.44962886582973316,-1.2517065583094187,-1.4610325627035092,-1.4082343722901058,-0.1502920446051624,-0.8698427099550028,-0.9823961408912948,-1.9779436145742044,-0.29856305293782065,-0.628844445100584
-5.714561536254007,-5.116404932524488,-2.115056366446511,-0.9309681478377785,-1.1517923000850507,-1.253558899503173,-0.8613810397387232,-2.2673478791352664,-2.8319342313392446,-2.6670736693309767,-2.669143925178691,-2.9321162285702242,-4.3393913195692155,-6.2227250259001226,-1.9013892136278339,-1.618170750511802,-0.5420727050862237,-1.3436375031127512,-3.652648537486466,-5.245783104000556,-2.0703945699290256,-2.7157148407204468,-0.48658655594734,-0.29789478413464676,-0.28244328421357384,-0.9275921976760861,-1.0710213121717527,-1.292652529282638,0.3437691874744109,-1.675931316764397,-1.112108420002542,-0.7590723483550844,0.4385975421554769,-0.7983107866201272
-5.001640599865006,-2.211219299437509,-2.908996723515169,1.688458718297522,2.354508448765397,-1.7540394379955484,-2.6195308563357447,-3.316124630466099,-4.005019707695577,-3.497016078370188,-2.9386373923901266,-1.7552054300613984,-2.538332536042374,-2.350407352601468,-2.0713588612187213,-2.320670152099695,-0.6568999533014732,-3.736627652696556,-3.7241184259546083,-2.367067302409184,-2.055216256048352,-1.4415080364481843,-1.3862071047733249,-1.3725438578519293,-0.7787317139635914,-1.1417622322119354,0.011621966427042626,-0.854955949447308,-0.3789357947914639,-0.7558215965953617,-0.5103301710354301,-0.8746522584932841,-1.1422612657074513,-0.8029661945102927
-4.481919444643157,-2.371213896251626,0.6994171237007819,-1.8667105620961544,-3.4545927093057585,-4.231314276890324,-5.366225511369839,-4.841305001172999,-4.757037409200964,-4.928013765663192,-3.542933367967195,-1.2739357330615975,1.0326492650130301,-0.515680651055073,-2.2331536133471146,0.1351665079177453,-2.2853206184191555,-0.15340973179807516,-1.308667091612356,-1.3987163501928332,-2.3688874987731983,0.16272452824575825,-0.7819957088267812,-1.8323308682937751,-0.8487127458407769,-1.5774571888411977,-1.5076866374812765,0.4219736567375172,0.18435277661801294,0.8807780389967719,-1.2351528363720894,0.5840517490387376,-0.35305477413972675,-1.0717542661450283
-1.8484240913419738,-1.958314922469832,-3.307354212514887,-4.3878413038235236,-5.35997777439844,-6.134869025422073,-6.209794104518566,-4.543932016341765,-5.204889813172396,-0.7202961070185605,-1.6972661340167736,-1.2805601483041582,-1.2655677994404888,-4.314701160564705,-1.6652525837858192,-1.5497540742010885,-2.9931085368181267,-1.2428695648515764,-2.624110034776243,-3.280973588488801,0.6686332982630572,-0.8252734584097784,0.2535845286575022,-1.2699987893385827,-1.0629477852332734,-1.3579062548990808,-0.6525592096534578,-0.48429456133713095,-0.40883441972523726,-0.9821621163180413,-1.7708819370134823,-0.5377118063348769,-1.108414688209191,-2.1060588821153834
-3.2184468905967516,-3.402037383039178,-4.006716811512102,-4.89288303845833,-6.524932167979448,-5.3767000997433065,-6.319957260203326,-4.25757038458976,-3.172681021490807,-0.27495947423974343,-1.5776843876482822,1.805584453844713,-5.041040615566178,1.396220132818611,-1.5651333804073748,-1.6051408147670922,0.49229937808332774,-4.8831464252415735,-4.478130034655299,-0.6962510902413471,-0.4994973146540295,-0.2378986939857755,-0.6362810055977509,-0.4407466578277015,-0.8726265480880697,-1.0089283799159507,-0.9499760343774339,-1.3661362551348466,-1.4033720010651503,-1.4342644788307797,-0.5258522169361141,-0.9661958929958387,-2.2053603162293762,-2.9115434047860624
-4.1518674541029466,-3.699946920445135,-3.324904881796434,-4.000591865196358,-6.557473850350403,-6.730161970938511,-4.144343540673349,-1.6462908040304396,-1.458786417939825,0.9965690684954067,-5.615729704289534,-3.4489603013368857,-0.5067876233895584,0.9781311603950386,0.7614835997048975,-3.8186942999695233,0.25956260884955185,-1.672775850215704,-3.3541167241985455,-0.815628460234666,-1.0224457758267331,-0.5231511010177391,0.6895495241145856,-1.3424492169305573,-1.1647430013361202,-0.39326067287708644,-0.8342615570349254,-1.7591478861532945,-0.5652808508263626,-0.4360957784839835,-1.5055886171838735,-1.923317908132214,-2.7498968878915444,-3.185671549801144
-3.7676462596062956,-3.132224245361266,-3.401800111673685,-2.2496006916114233,-3.1573003072092494,-0.7232614766252345,-0.49188185499850273,-2.7156006005534628,0.6483188671087505,-9.38510546184814,-2.5692643685852268,-5.938260374923454,-4.660548452549057,-2.0306362090260435,-2.174816514963591,-1.1742387317655172,-1.4779929236196587,-1.3894258682681504,-2.130183339394619,-2.076221463587283,-0.7797301026659007,0.16249109261790126,0.11269413119557666,0.6812417747059736,-0.05362757634750927,-1.6717808313375704,-0.7147135696773604,-0.6420051167571637,-0.5090298683193821,0.23368113044980846,-2.469766516526291,-2.100355325954243,-2.89182698341232,-2.941424982360783
-3.8835983572225254,-4.489819432058108,-5.7411372379033745,-4.801159062818812,-2.000014549381299,-0.7822147976044028,1.1388505087981862,-2.6392298791016495,-4.1014594740792845,-6.5891453209232544,-7.292569122420003,-7.4563512640436915,-3.4054940799270366,-2.623941634719283,-1.9323533547978062,-1.2975659291374164,-2.093161991243934,-1.854148634196689,-3.089711475284446,-1.4880091869416066,-0.5833153971608448,0.18165884295759097,0.31361050066347107,-0.32955215113578024,-0.1331865085121683,-1.9692566860016272,-0.350339198171161,-1.1353866545311242,-0.3912975962975672,0.8712211784719046,-1.7566329679305355,-1.3479658027416697,-2.8087938672086357,-2.941100347946271
-5.294087969128876,-7.034440288875335,-8.99756811413023,-7.8307074772742755,-4.909326469171496,-5.384407601474694,-5.691066690014473,1.399859484803577,-11.55268504035709,-4.755766612274212,-6.089767184733844,-8.325583043449598,-2.4052953126137004,-2.400337415481322,-1.140164500069263,-1.6137566184133478,-2.0498926233065493,-2.315437100678624,-1.901660562494723,-1.8689695648838551,-1.9601364406902175,-1.073851888390865,0.3297808747595585,0.708440574121574,-0.41433367996296216,-0.17328349347089164,-0.8161134159536132,-0.40525953711923834,-0.7504362663805404,-0.5576273825875676,-1.4481646671572892,-1.2590563653015228,-2.5544035583074742,-3.1461602088664424
-7.673844841261749,-7.892939458480324,-8.257299244719189,-8.870865347244452,-6.35327059426866,-5.172786498188075,-1.2694912951182982,-9.454104435882957,-6.383296925707773,-5.266869397541578,1.8996431746697306,-5.234451922127851,-3.801491219518488,-1.995035622600352,-1.6134795029265439,-2.569502538803131,-0.7354298253790835,-2.557124488272589,-1.067672594626811,-1.2171695028031058,-1.2034242566592024,-1.8159375347187685,-0.7339716497528664,0.453551810905752,-0.09509706947138011,-0.2831636205300779,-0.4590518911600027,-0.30067589745595596,-0.6128884183689773,-0.972357142933953,-1.2686953750582908,-2.0752466103332803,-1.603035964845646,-3.2270895321979927
-8.872999036155317,-8.320904334182552,-8.518247850370807,-6.950805816293536,-2.6245015977780177,-4.1616742564145275,-7.6388004051439,0.6927280508141795,-1.0676184691105197,-5.866666051991352,-7.092873979613345,-7.372017097492049,-4.410851293933336,-4.050603559974364,-2.776507511237634,-2.976522707144077,-3.608580063214138,-1.9378608143560307,-2.1649762438356195,-1.640450988667587,-1.1004679183417756,-2.1793112239163968,-1.348324409502425,-0.573546224866751,-0.057330687883460026,0.2970862344490424,-0.8345972194123346,0.1173878028387964,-0.25774887703862404,-0.23178851892960764,-0.49671381392107905,-1.0330327530664394,-1.5404488901758786,-2.7464145889541887
-8.566425773110891,-7.9423215715261835,-7.2498184972969995,-5.873926194788767,-3.9509460325313968,-7.619210753774303,-8.844803507360123,-5.430957345959095,-3.785391663794919,-7.7275625606524665,-8.71841950949557,-4.756492266542272,-2.574219975034087,-2.120196095590102,-2.350799458188566,-2.733407471552744,-2.1879272026077112,-1.1884643146687632,-2.662822922969341,-1.4342437126888534,-2.1689032641621435,-2.708458508866695,-1.6260526152354053,-1.6174358583758475,-0.7386046962220486,-0.333834219808189,-0.21711955217926396,-0.2806645049440136,0.1319037347324619,-1.3819850321799527,-0.41299609362551715,0.6499472910852465,0.031222283114635128,-0.9848951948891235
-9.01630503998623,-8.14846432384718,-7.2488459275994845,-6.41606360968412,-1.9492017772423311,-2.345178381135603,-7.085489347840577,-2.097116198846083,-12.486556962358359,-10.374450630039712,-5.554366110282819,-5.621773673578223,-1.303116825114751,-3.650031987175068,-2.5238172149985036,-2.788229346982673,-5.105005223319998,-2.1494671747409604,-2.261484577547463,-2.4838244687314583,-1.9385468126015564,-1.6293707273848035,-1.500132046760576,-2.0134867405038586,-0.9738587158792169,-0.9468318445582883,-0.520594705458394,-0.356089437632316,-0.09985046147505178,-0.18122460111735514,-1.3617580175416224,-1.4651815911084562,0.25171555738330664,-0.20039158419558564
-9.281194369134342,-8.854724251953517,-6.625423466609089,-5.084981856819445,-1.3802923189497098,-2.5093927406781096,-6.741753355007782,-4.281837283044593,-12.75991724987754,-8.332037867700933,-5.147641121791452,-4.088259774699352,-3.6375407238657016,-2.8049003127367134,-2.1555578200318304,-2.092948565219224,-2.113684888651585,-2.106107091001224,-2.5070901486612676,-2.3908704108009045,-1.5430189088098039,-2.5063573342903447,-1.9615307350724693,-1.6548399626475792,-1.802683092195773,-1.5161020975816308,-0.505990664121907,-0.02877036087458547,0.5647196970740729,0.7253177604915719,-0.3690354147836752,-1.050513385438584,0.05312750425283729,1.3559915727306917
-9.367235553124369,-9.07469602921504,-7.931519747372618,-6.332896574420971,-1.9189301961297847,-3.678363792529853,-1.9357610048021132,-7.874992122941588,-12.399643348517133,-9.289819380568856,-7.443923393899634,-6.97947304392197,-2.9723295164808654,-4.333396329551614,-2.427709619198812,-3.8510195740926623,-2.7051694190958875,-2.629277280279589,-2.2762284293874857,-2.5339494202733657,-1.7681967222838793,-1.9635025292322628,-2.403121176283586,-1.4729651663128096,-0.9744783572423152,-1.6948375421168678,-1.116133208347908,-0.06588544227628858,0.09519362628224991,0.23884925013641498,0.08542922763622576,0.34110013945509154,0.5948714778869432,0.6364333915730962
-10.762077166451764,-9.594661641326832,-9.338156470728821,-7.480422687258407,-3.0812087830830377,-3.522149563637873,-11.285976127170523,-1.872642361247566,-16.371953134075994,-7.769799981796647,-8.211956121851598,-5.98151453898047,-3.706110220211667,-1.7284788017944812,-2.492182080051998,-3.0890204814550777,-3.258000225401069,-2.7821071832667195,-2.919470806366958,-2.838196631544041,-2.272768778891426,-1.8081915961088026,-2.629717163633656,-2.1928284737399935,-1.1135139972943235,-0.7247355584446359,-0.9751640987460168,-0.7428224242623865,-0.03641375995001012,0.1583909178546317,0.2694025505805045,0.5493262386557026,2.022162472968601,2.8661959618187147
-12.277925737521812,-12.455412015474137,-9.994538744254807,-9.642337383744671,-8.447618748138307,-6.240354686948728,-6.990784814747662,-9.315792563291817,-14.708030832189555,-4.621658181009369,-4.460945106736506,-5.723688162583419,-1.4366189377184917,-3.100037264360636,-4.37547712178731,-1.5922744604927248,-3.561809680033381,-3.3044736213683352,-3.2544413576237017,-2.8522804027979456,-3.1780592860455235,-2.335550247879934,-2.693046755627052,-2.2713032832646762,-2.2227902439807883,-1.4964636890060958,-1.4124731246443183,-1.3626123553373175,-1.5356166473830857,-0.9102249588244553,-0.4213686330624806,0.5196747806517518,1.1453555481121735,2.0416381658415093
-13.37886761312373,-12.857601483237229,-13.751272266673196,-10.62572981922797,-11.242250347844118,-5.705999882557687,-8.546071786280574,-7.677900653095897,-11.335482636178229,-15.570093333712707,-2.8950915916528603,-4.5699787356889185,-2.960159433875247,-3.4251155673109426,-3.4122530429849816,-6.393431762849896,-3.5582376605293184,-3.612822465628105,-3.276065530379641,-4.151431751063875,-3.6647029515461482,-2.8460047133412734,-3.058316607579736,-2.590685767846257,-2.5149663799392648,-2.893881730019709,-2.836334198109855,-3.3629659370933873,-1.8194820403161083,-1.7681105340395884,-1.389558358512292,-0.1302038362148181,0.41025158059234956,1.37435543389461
-14.324759633982763,-13.984263261304694,-14.016832081315385,-13.868333220573168,-10.446948602588655,-11.07831177653569,-6.335553683226385,-19.49447071893763,-13.065488422268416,-5.638940329649775,-2.000672210033927,-1.7769227141834212,-3.7437463980989967,-3.428080821668064,-3.8100644402595463,-7.45401188815366,-4.070821178002685,-3.7387378635751354,-3.0760481687420334,-3.400328576144033,-3.5561127843932363,-5.474912504234189,-5.001545634767382,-2.9562340231474384,-3.124776562597221,-2.1048322765482332,-3.2924544629257837,-1.87690076471499,-1.568557744346017,-1.442746342489083,-1.538120209661236,-1.0184085324551735,-0.4675054480690483,1.2865201413503882
