script/wind10m.json
{"header": {"parameterCategory": 2, "parameterNumber": 2, "lo1": 3.000054539987559, "la1": 64.9999836372058, "dx": 0.5, "dy": 0.25, "nx": 34, "ny": 52, "refTime": "2026-01-03T20:00:00.000Z"}, "data":
[rows 0 to 24 of 52, columns 0 to 33 of 34]
-3.6802249999486065,4.114173281874565,-3.7036469466013644,-3.8817412440209473,-4.484511889876995,-5.062747427465967,-5.297476064407588,-4.211326833760895,4.933845730937551,0.9482147019904877,-0.18872669803902664,1.4334419393051299,1.2285480688358639,1.3857331207275427,0.2733969852949189,-0.3111305976386772,0.45510911126344533,0.478195557728315,-2.6901878284245235,-6.859581634080022,-2.8703772537244006,1.1740086327473203,0.02881872640863606,-1.936022963487283,1.9065134238986918,1.127782415492247,1.3168908150333998,-0.5395530687672833,1.6253956360893542,-0.9936599533326254,0.7765062728462298,0.6205996855245449,-1.410563528480202,1.3705580339318568
-4.101613479237375,4.581467872492626,-1.649285076917437,-2.870590693265517,-2.7845646638121067,0.6079703062156517,-4.31088694390977,0.4080958969111645,1.1440746998584366,0.22321191194701256,-0.5018581298977302,0.8057590566455978,0.6235695869623697,0.9488175155516442,0.8288709849435615,-0.6983904305623769,-2.711035886756099,-2.4225712011111913,-6.246856596154942,-4.127103192484778,-1.9361408980246222,-0.8151004133138651,-0.5462995841809538,-2.496159995214995,1.6234859563993222,0.9996418963123055,2.074133170045991,0.9650428651957392,-0.5967819669107713,0.16970083590707938,1.3996360783222086,1.6983243806678805,0.6532020015884802,-1.1967521696942023
-1.610417383567866,1.701044985875425,-2.1581903562588844,-1.1991329901829437,-2.847911739070158,-1.9226319533922154,2.3218686837167297,2.1273574747596404,-0.14209293234196452,-1.5348677486334101,-1.3257857291130426,-0.6822935645921787,-0.17787338596964572,0.7857121227937856,0.5599201450460436,-0.5647125821274077,-3.2816669490170356,-2.4997497213596955,-2.7931749902512792,-2.5747191935695555,-4.7737382821829595,0.3109386131902122,-0.4283089625273843,1.0147718476031165,-0.5962593197402832,0.5614322091844156,-0.33271468027305556,2.030357527938453,1.0373849285935897,-1.4892563281402664,-0.4541784938931194,0.41213629347006653,1.61977595234983,0.342608024737332
-0.5355695481299172,-0.3024053369255499,-4.33670532852693,-4.526393374668255,0.9019676429551465,-0.13401296900905071,0.5463898389009529,-0.7057194739851291,-2.334059283071883,-2.182685058237926,-1.671932791287878,-1.3787934270049085,-1.337415910021015,-0.9517354337081478,-0.3772399013184679,-3.5921174468462844,-0.7281813432940447,-2.357510990983874,-6.833614297424448,-1.2659424131068588,-5.544761406506502,-2.200067467941854,-7.5853795972518405,0.569916910892016,0.20932385612926355,0.8056844313642225,1.1067991977110134,-0.96159853697498,-0.2928144434985346,-0.3522312175460903,-1.0616049559192722,-0.2540865676348883,0.1829125237044328,0.15878098684328015
0.5962238512377769,-3.384092203156501,-8.399447241227868,-4.4089385825315714,0.1008049062655239,-1.1082324023598131,-1.9866253378361982,-2.479859740442097,-3.2235841883790717,-4.123780367375146,-2.055052127534013,-1.2209583387932303,-3.2067438516950344,-3.3593041167561353,-2.931025227792211,-3.0142049232870685,-0.6680513958551194,-1.6567522182896868,-1.7895757166749267,-3.5156756953908648,-7.49863549974716,-6.329588031771552,-0.9582747354902044,-3.231152803663351,-0.048801407264016994,-0.919814530321166,-0.5474092319897605,1.042273998007351,-1.34433128971501,1.1202006659969619,0.41599508973052046,-2.068012694966327,0.3494593603758093,0.7066868982731869
1.9577916882620634,-2.9765355143942074,-1.7156883776449605,-2.8002968513910513,0.31163966183304076,-2.6517503563049027,-3.430160702286113,-3.9456649264771966,-5.052562099630232,-3.6073886652462157,-3.3183477667493126,-3.5249601147180925,-4.143204620594285,-4.473318286699426,-1.8739269470684716,-0.49317072436269016,-0.08547516665356454,-1.6641254345926555,-4.809655318601026,-0.66342324483388,0.4772695625041187,-3.08737475644748,-0.15979491233441945,0.3925960208824879,-0.8894666742782211,-0.09626938064930016,0.32020285279490474,1.4056911972535204,-1.0611893821385239,-0.713468977470969,-1.5218941789658975,0.31416577750804964,0.35756637254542406,0.10887517811626948
-6.317678691970639,-7.873075407769105,-3.859057486600977,0.317516852663711,-3.737836120135278,-4.030604877460521,-4.862274378708875,-5.39474900222158,-4.4008488478333065,-2.9929529496513148,-4.572232091556251,-2.4609623715326623,-3.15473923497789,-2.170012129352908,-1.3702456638606184,-3.3502023379615515,0.44666484967088027,-0.908866427566144,-5.8346907369219245,-2.4875884511447204,0.06871763713695252,0.6967805376551895,-1.203941331749034,-1.5499697708355762,-1.6015689014344372,-0.6560783302967934,0.11393277108316793,0.6346568074439004,-0.04639221180470598,-0.01640493805742567,0.021172067460501855,-1.3625890452623295,-0.8161449443800858,-0.955512033992633
-5.95616070439909,-1.8322781320845414,-2.655994304491336,-4.8699765371662895,-6.054151846550893,-4.7810101506375835,-5.548563843447601,-5.296638607035516,-4.392792277869851,-3.5635839046145095,-5.538748159965232,-0.7723293815844158,0.3038766544411833,-0.8947436624284,0.07562392933492831,-0.8399704969996751,-0.07719942146254329,-4.5173268227720325,-3.0237719684366975,-2.007931019361099,-1.7540109944909235,-0.7519409473692121,-0.15107066622457194,-0.6976325757267405,-0.4207996292485858,-0.35964180242448407,-0.8182198365009403,-0.14772617651215356,0.597373494641196,0.17922208024170505,-0.687318873572492,0.12558174292137503,-1.299232604193589,-7.72455212536278
-3.3605390176923633,-6.653235687911998,-5.778866597467638,-7.0443056877323365,-5.870591128191423,-5.4921640296754335,-5.918346000731175,-4.828545506867733,-4.339519048080563,-1.1555655677566923,0.08656057501177486,-2.4329469891902455,-2.219635710679049,-3.5525635394697144,-1.2248840719682863,-0.8175905560015612,-1.7436131002404267,-1.0917374958528445,0.9179474402779855,-7.051531137663321,0.6863312358000496,-0.877073926255857,-0.26778222123124323,0.08501260420339492,-0.6625793104778197,-0.44083152775000256,-0.30425817878825945,0.18456705985712535,0.3455629984923187,0.6129368410993319,-1.7401376311133727,-2.8126460867120304,-9.324855966118374,-11.415482690153333
-3.391320995478842,-7.808024751323264,-6.95326780998574,-7.572759146611,-6.222665830549092,-5.165443618300568,-4.721658477707633,-4.402767122434645,-1.422582970198902,-1.17276615084226,-1.2721945087396496,0.3577127238981924,-4.593431345808163,1.5838333666762783,-1.6521489337667605,-2.1783042182403354,-0.046207704810019797,-2.0647344310475186,0.569415748432284,-3.2410164090289033,-1.711628568592757,0.7765048601157151,-1.7524396773048148,-0.34829609813696444,0.044471127322824516,-0.9693695469392002,-0.4337601944530935,-0.9556293463824467,-0.8584150474709796,-0.5776053329222247,-0.6764676418666419,-9.479660831699483,-11.148902497570615,-10.382868449484926
-5.660108397039118,-5.75661254041595,-6.798478162699647,-7.570255052871305,-5.823614679769098,-5.181557586786299,-3.336960216779056,-1.6641144585823693,-3.0141002761860727,1.8991986834900478,-5.3324079855270865,-0.05100418775925582,0.22782706622435278,0.9490993061854984,0.021754454743747376,0.6412324230184602,1.2605264058345715,1.4330270692506235,-10.514795933944319,-0.4523244544961653,-1.3116205831322771,-1.2921337023182426,-3.496186321703146,-0.04230191645578023,-0.8628219143120802,-0.2534840392896156,-0.13045797656381342,-1.1692719492524242,0.5358185742967481,-1.4988263053178654,-3.2489914428927613,-10.629103676754134,-10.39194876513631,-9.88714499624272
-5.105430138166539,-5.162338389307985,-5.68024438291613,-6.498952625254211,-5.298294955939365,-0.714721420164199,-1.521877594889168,-2.487643836878498,1.2631166315993194,-9.523051406370177,0.3650273776125777,-1.4637933709949784,-3.3117778115265937,-0.7719358577031455,1.771633507685962,-0.13464157926719178,0.9463783515024814,-4.7648835676954935,-2.7094048606727275,-1.2942594900107622,-2.2879939299448493,-1.9301709530118134,-0.046891518356196864,-0.7979312089251807,-0.195732989746995,-0.19082708120197964,-0.14917366039493418,-0.12743087613179532,-0.017002955463190507,-0.9314295034844539,-10.733476788090455,-10.173746240568022,-9.952511841105776,-9.416080045188231
-1.526438783792805,-5.262265399262949,-4.556883298147588,-5.634154813208558,-2.6238374663164783,-0.5035853804794657,1.8887742817887951,-1.3493622264886538,-6.2292577333861425,-1.5675209941263102,-4.917702891965431,-5.778466466078331,-1.9542739156093025,-5.691832603213789,-1.3157920114176465,1.4119353582180258,1.0612338468291187,-0.6976919089219393,-0.8192983155123731,-2.635728028166437,-0.677559876858052,-0.7005731878109698,-0.7616342536603866,-0.5548844325869966,0.012621962177571689,-0.10310924180444732,-0.09367242742045541,-0.7051974204580552,-0.4747786655875867,-0.32771174075267145,-9.537451590537772,-9.455600567674995,-9.013786708741746,-9.360667355319098
-0.13397750193883104,-2.3857165556734756,-3.47332110648756,-4.295309738965551,-2.9432148627894925,-3.4566652729833773,-2.9858140584473993,-1.2782045868085288,-2.7688934753867778,-5.428171784321776,-6.16316700260192,-3.185747839621729,1.3181110042483843,1.2453235330394876,-2.6626874352369523,1.5212084709321612,-1.9516103083917036,-2.6467728970141926,-1.971109813988126,0.020827162300421854,-0.16872035171653027,-2.6433397537475636,-0.7866536334245543,-0.829846530806493,-0.1578002472610228,-0.7003631669097452,0.12470253946508339,-0.7541849054270887,0.05724151782682579,-7.858339653781428,-8.523369896225981,-8.6136380330146,-9.184324253134816,-9.606887167953442
1.792831691796268,-1.51083349505109,-3.6317609444010794,-3.102089664962331,-2.2397613791223496,-1.4557285410611782,-0.7333981810522157,0.4789501608171723,-5.720721094399845,-1.983256531567176,2.0202127634168674,-3.7213861055757116,0.8864813748976275,-1.3173133130742463,-0.07168496400673724,-3.181740669055382,1.0953954777113968,-0.08340163365340339,-1.1404493276263274,-0.0705766671052459,-0.4059291124977617,-0.45446227726310245,-1.308496700669926,-1.0482821835034024,-0.23006806332363353,-0.8924859391912588,-0.8112715128541317,-0.6481278331134774,0.5923317038816157,-8.809596180472841,-8.63891864707564,-8.945302886478817,-9.04740354290738,-9.527550135600832
-0.5646375089682503,-0.15195182666023496,-3.7079677650909444,-3.2217845654935093,-1.823875621081731,-0.7176249883253237,-1.9990808099957091,0.7098454788706876,0.4685621357515702,-2.1172877211572927,-1.7789447663845854,-5.062073557776373,-2.7801026609758117,-0.12156697915292197,2.1827424064315353,-3.559147785540812,-0.8466369581942803,0.7128577277611637,-0.10431926405467665,-0.6263838981725063,-1.3988769774970296,-0.4797537244781533,-0.2552357158011103,-1.068648128712897,-1.2851710327320458,-0.8656739151590439,-1.3444226385634503,0.24027444099201753,0.18687087933453944,-8.406354889117642,-8.445393185530206,-9.060369924246292,-9.47608072516494,-9.497661732824367
-0.9393629649229075,-0.3190347596330008,-3.531875162666142,-2.531537920214125,-1.79808400777595,-2.0469878564991335,-4.788639127548309,0.1456905582165169,1.6100500405848874,-1.3934418593993603,-2.411145516663109,-2.2871737718331997,-0.5074792144362188,1.2099130382681127,0.3686014854785674,2.730180364036204,-0.918318711152529,-0.13856771682559502,-1.3013672553212912,-1.5186910413929222,-0.70008384936675,-0.5961443511072783,-0.7692351497725372,-0.924714408401978,-1.217002667842354,-1.1755548060930943,-1.6735013578124212,-0.20003511693035575,0.897831969826052,-7.72344957833347,-8.563271816117044,-8.899580124606066,-9.196670605191512,-9.531474491575917
0.04383899332401326,-2.1734542948120295,-3.248305090822215,-1.2540464269131841,-0.6606337443330283,0.7002268676594331,-2.6792305749290626,-0.30236246435684827,-5.6138118027464445,-2.3609063205711935,0.5588545642638076,-0.4644148481668656,-1.0608665185056037,0.21242016866486393,-0.04383661437822196,-0.024031403869862238,0.5980982398794814,-0.7448053778806516,-0.6130930191587854,-1.4285706468678023,-1.224057621453077,-0.4447019588060751,-0.9839354606885892,-1.7099536675927174,-0.3309987098614559,-0.7697972223157148,-0.9508281828776551,-0.4436011852709142,0.7320132478954633,-7.326560591813437,-8.488631603615637,-8.89430942251873,-9.197779021296546,-9.260216981855045
1.0517981410718507,-2.341720072720394,-2.7390193026797367,-2.3147953922953968,-1.5124907174702213,-0.2234397266260782,0.2611992341841299,-0.01643221524748642,-2.529787162352045,0.5640021861050386,-3.6219727593885076,-0.2151106609297055,0.7205128470315044,-2.0392054710719316,2.039251801021397,-1.098146032311971,0.3343090234030323,-0.15378767578673377,0.02104577540741912,-1.0012152214333494,-0.9218452217041616,-2.611840264431002,-1.7702125788001966,-0.995507994885864,-0.9990933330685363,-0.4663453380321698,-0.5296716252363891,-1.0764234929765648,-2.299959582832572,-2.702636732949105,-6.260030090961366,-8.5942406272938,-9.233435268217178,-9.736032142735025
0.8569126486903813,-2.9828952016602437,-2.4651823712149095,-2.2839295718439434,-0.09082935997715508,-0.41897581352223134,2.5436457116140545,-2.012532008006933,-3.00797556056975,-1.3606057568793706,-1.6302464724272927,1.4339856916447105,1.530232159668968,0.19178367089491033,-0.516308766742212,0.045250395502557855,-0.7494039903066563,-0.4557204962885182,-0.6914042426801561,-0.4883375609341291,-1.005422095529365,-1.2556598132907184,-3.139387454669333,-0.9707894752487215,-0.24800778275135946,-0.5792540770667772,0.25050372748403543,-0.4525195444340969,-2.0372538278266528,-1.9299354682960028,-1.9826887258682335,-3.088721126784786,-8.439619620706953,-3.3736159177205955
-0.7204056663221531,-2.5466265404471837,-1.4498274713432946,-2.9964688820049545,-1.2500511470707965,-1.3098941614466286,-1.1582413466341053,1.8670762741291222,-4.750029269874696,0.8023921933920698,-3.2118260579068436,0.22255927015967955,-0.7948088433888553,-0.2707780828563129,-1.3782098847280082,-1.0790195227259802,-1.682310532077086,-0.3403766813610473,-0.626833362443992,-1.0410605805876987,-0.5433399024465646,-1.0054355678349916,-1.3456355020947746,-1.420115254703103,-1.7856905326011876,-0.43008022149619435,-0.39825808206712254,-0.07983716449721384,-1.398211946392539,-2.734923966298583,-2.752222819116333,-2.2314914409986093,-7.817790498716219,-8.813236360185726
-1.721667121083979,-1.93379135794409,-1.2452699132919338,-2.3290306425830747,-2.0388959399600735,0.4644076134401364,-0.40769354679141134,-2.141117337568864,-4.969275311598177,1.7526706863306007,3.1012999948490845,-0.1615739487833622,-0.08709462039874895,0.037970687975578905,-0.17952681840246643,0.4206802430066707,-1.2093936780030212,-0.6691958510489537,-0.8228578456175064,-0.3580663078048438,-1.781820335594968,-0.541782970268549,-1.7099373588341904,-1.032077511462797,-0.818042806059683,-1.3579185047129962,-0.7307315882671743,0.34547888135677507,-2.7590053524555684,-3.786238466087368,-2.890961578276018,-3.307982478104736,-3.65504741844916,-10.34897599133097
-1.4901232648788567,-1.2726694764782425,-1.6308865360137144,-1.8587117733573384,-2.887492694347991,1.09718790054471,-1.23024607994903,-1.6560393007268215,-3.526569892641931,-6.464679863491819,0.4042067886867813,-0.631740403927775,0.8210163306054646,-0.7918729070639849,0.2566332509007391,-1.4723286673472187,-0.8507410208246936,-0.8498075822214417,-0.9482519389661741,-0.6391567991349825,-0.28523075472733295,-0.28755307571752214,-1.820831389629192,-2.23608897644129,-0.7485845304300349,-1.280692301864643,-1.142037032099608,-2.4799892934569425,-2.3889085818493982,-3.1859461169984247,-3.392566211398914,-5.831221600015851,-11.967470612986471,-12.47624651634594
-0.9749864164271144,-0.9648643093750522,-1.4936935871497763,-1.4646508662365478,-2.237042894976475,1.0797953516473293,-0.04718042773933752,-6.938118997303939,-3.2572753129124905,1.2687504099427993,0.2583071360594412,0.41572118618252374,0.35483801573669216,-0.19153368738899534,-0.7076744204014176,-3.1331803783880625,-0.9241745385131279,-1.0199045363332946,-0.42650141920103307,-0.41907537699800096,-0.3175972944050661,-0.3766586976517936,-1.4174963615475686,-1.0738903776122897,-2.2183774779650562,-0.7793948360667597,-2.083043788468587,-2.1955273960236203,-1.5218189633440455,-2.0477464871396585,-3.3368340721623655,-5.0466141239351305,-13.19217609270566,-12.533751119917504
-0.7343868656316785,-1.2122993226912928,-1.382682502987407,-1.9307048442609054,-2.32863268143208,-1.7663670050172924,-0.6172485625059481,-2.659038485630303,-4.058678406137526,0.8951412561756702,0.5560460066244058,0.7334371824947306,-0.1708723791181406,0.25047049746978656,-0.6103115498227116,-2.961355948960394,-1.5008521857567798,-0.9922098554073728,-0.473867690424399,-0.2102887463683557,-0.6899212450266595,-1.7072972920552212,-1.12089335405491,-0.7935713322915515,-0.9075371251254042,-1.118938692009047,-0.08402725882786635,-1.9826129111952484,-1.5785004769180746,-0.9161940214936468,-0.8819338567716429,-6.332875998748173,-8.70445135175308,-9.393691247500485
