script/wind10m.json
{"header": {"parameterCategory": 2, "parameterNumber": 3, "lo1": 3.000054539987559, "la1": 64.9999836372058, "dx": 0.5, "dy": 0.25, "nx": 34, "ny": 52, "refTime": "2025-11-10T02:00:00.000Z"}, "data":
[rows 24 to 47 of 52, columns 0 to 33 of 34]
8.87250502122539,8.909137936491296,8.334373271655975,8.227990696997825,7.222109481754138,5.81274437197582,0.15143077126729831,5.945390126349716,2.049322827797853,-0.4530760279928886,-0.2500300509869078,-0.09972457274032126,0.13601635249302793,-0.9545503730018946,-2.2634328448180048,-4.300702658826473,-1.9474573648364457,0.47268278377648476,0.42507736367284693,-0.1724751729016717,-0.029956276411106084,0.07619579410533742,0.8208592640722604,0.5469771309773281,0.6233053108547532,0.2984414263553846,0.6704218971731809,0.8153605340698822,-0.27251655312366874,0.08585202181636468,-0.09145258525781848,-0.7595120135333291,-2.6095803207834485,-1.3156321765071968
8.622995650713568,8.645726067000886,8.571370437203855,8.149205693827568,6.707872011100698,5.851507812975305,2.677077192679979,1.522706466347241,0.553578746002748,-0.10550337200055347,0.9755153278229524,-0.5631298463258371,-0.13177777374456984,-3.253640075654333,-4.963834765339803,-3.6204882252525254,1.483138494200411,0.9152356295952087,0.9898142608297565,1.3040092003747354,3.8222489211134736,3.874665412928218,1.1868872019906196,0.4486978385892924,0.3996717670000077,0.6977932982558708,0.5887120515368276,0.7261883251917317,0.3585707628392649,0.16415206876269975,-0.6264169845773352,-0.6472103882512416,-2.9265083754587007,0.45309276727466957
8.589253675064674,8.236092616136348,8.2391951840399,7.61080835311265,7.445667837074294,5.578274899733265,1.58345863627048,1.37563039528892,-0.3553492370547787,-0.06675716321123505,-0.20017307747740878,0.050305856389734664,-1.1721891331417322,-2.967041549370271,-3.5934980669188925,-0.46100375381110353,3.0066460045446752,2.473111166458932,1.1263523382255547,4.301756305841309,2.2155100238099785,1.5695360044972062,0.7125330234546725,0.6958474569840862,0.9993128909805811,0.5392915449332396,0.8803378334727907,0.7736594287160666,-0.018898579966254287,-1.280853318686712,-2.139623155866562,-2.5330674105154363,-0.9313052420373256,0.5258161341694566
9.407546940477697,8.307570974090991,8.18693751863211,8.214412580604154,6.940261632141247,6.188577979031906,4.1680900329187605,1.689802212431292,0.7009290142802157,-0.2649555358551887,0.3393157612170701,3.3061127715865495,4.992888749312303,3.047714964181205,1.964249485391751,1.9309970239524619,5.03612049584351,3.043112636863409,1.7300410001778244,1.2778904723685183,1.6928906069330665,1.1430406280093837,1.009592219482848,0.7471123561886339,0.626149262389114,0.7604221441226824,0.7607579611188348,0.3814695459204195,0.251066067806335,-0.8894508973867196,-0.831152839096906,-1.299262624969023,-0.3547251172203455,0.3789247421179588
9.312555240409143,8.406766928878763,8.309358467578159,8.195299161836838,7.277120511707568,5.91122679716392,4.9432005901136495,3.674952091515202,1.2020371762198427,0.4353300466146236,2.307927273478917,4.15150056583485,3.4166505892024257,3.4997619516526846,3.896574755000134,5.150050576094103,5.340367049210076,3.171217791100395,1.257823503163854,1.4832668750843097,0.8393596044092674,1.3455920268731048,0.4975455439453827,0.9037953119673543,0.842896709556715,0.643036060305852,0.6254481065460781,0.4999746278365999,1.0006161693133733,-0.7165580275073182,-1.693534366259303,-0.6288321295757305,-0.7677571308491289,1.8611983813768445
8.901912148059624,8.845055611758628,8.027229515883112,7.98095012530583,7.680774486591786,6.7000881080401795,5.267739499644486,3.8430043100513607,3.1488729773654196,0.45452890124831175,5.0042613334952994,6.649506189767297,6.092000539419972,5.416677381295416,4.952199043943761,3.3488876760341006,3.395492001767078,3.6112712816401413,1.6906440726538248,0.9564454865779803,1.7448433232204548,1.2839002562989947,0.7108764152129602,1.2102104689041715,0.6782988410487024,0.6603100835926953,0.48090410661998745,0.6051408882152334,0.48412892976500527,-1.1659056408504125,-0.889996897945526,0.07518108987207908,0.10420194181968354,-0.3555336329080526
8.045713523013958,8.350086778395623,8.040365156230184,7.617876814045161,7.66203038379779,6.838922643119635,6.161552043982108,4.470902804426949,2.7796334540648435,0.795890468704333,6.981932478888529,7.47795138057778,5.907021436287211,4.545783465386679,2.07568006685281,1.389857925166047,1.6691249104415606,3.422104588370239,0.2276047581195813,0.868949440297098,1.2788350999589246,0.7227805911540072,0.7361827656022263,0.5997815015710798,0.14220020402811398,-0.018276022998609413,0.548357689368176,0.7318611248805734,-0.6709088851458271,-1.1952039763137219,-1.0249225676066402,-0.04205997706797467,-0.036923818124557195,0.44864221176165753
7.111590006214338,7.4921661556164985,7.68288276081708,7.437655054887252,7.023187188842609,7.095280157773124,5.64102640514845,4.4273083908296265,3.182420384038046,2.2103149665355954,7.745817781778563,6.066778208753067,4.625092371823077,3.6134577319269283,0.9228893615339206,0.6378544607296887,0.9347792774352544,2.9794524052422857,2.936258108083959,0.9668747256607996,0.27070130799986813,1.4580085150375852,0.932549091895479,0.8113986003652907,1.0249822906778798,0.42728107799327647,0.510897599749773,0.789417560392978,-0.22900598529044566,-1.940989944812255,-1.0379439405157111,0.5249460035013577,-0.6832178178090229,-0.6490523866752846
7.023618158910675,6.931552081676817,7.166474234054736,6.878269732350528,6.479027668571791,6.531535313397192,6.273311691286839,5.015313313787103,4.326849847741589,3.931657244114528,6.975917368359617,1.9054802094570396,3.19164456734337,1.518297213548739,0.15051863795774512,2.1985451368432596,3.1162740583613004,2.14077132445334,2.768939743663343,0.6939544645139278,0.904675574618372,0.5526488893373172,0.7615344669189602,-0.004843643743917104,0.15068119874335661,0.45860107770394276,0.7082173227452369,0.6337488132767085,-2.636765971884571,-1.1944756343550318,-0.5078727573943872,-0.9550631575196442,-1.412885079795798,-1.3849590538769714
7.123470109417941,5.74108031149352,6.434877453415956,6.482812801396352,6.921214720377117,6.598708068748434,6.272943231448829,5.161123373493789,4.193621499669655,3.83240956492077,6.638194182010798,3.1883761316047803,1.626885806441786,0.8897064287391637,0.31317445565534274,2.1038546080735783,2.17599721779477,2.1928899161398454,2.19899541204007,1.0160217688885427,1.2812981054777777,0.5969572255618205,-0.1165599183632478,-0.19795425300127786,0.48482243261343355,-0.11619281514983018,0.19567116035088017,-1.530342277925502,-2.9293186647597325,-1.211487506599738,-1.457031385379946,-2.244668511639556,-2.44237794495731,-2.3365335676836683
7.5804016016019675,6.351373916642747,5.3402124920385665,6.0798840433887875,5.877358673998947,6.401216820620763,5.892116116571565,5.173347611025201,4.217319886810746,3.8237742109246993,5.361841538781909,2.0456088593500947,0.5567513406311313,0.28969840829224947,0.5758853648438473,1.8743281939308218,1.9264905491634667,1.2215927264372946,4.025345865425064,3.817218856591899,0.39985375400141926,0.5348605440993363,-0.42310757848360453,0.18361392561083953,0.3807539420027594,0.12430906986662742,0.18238643468687726,0.019942858188042468,-2.3536420470393145,-2.4300789098125466,-2.7137691444847896,-2.765680005825867,-3.053929917220123,1.6429436301098828
7.844035024211142,7.508179868158889,5.696370190731309,4.491321540714737,4.457866177876373,5.872635468629802,6.7587470051528005,5.60589658797211,4.403446447614708,3.5552977088142272,4.934056133372471,1.3903149827971135,0.9890236588432967,1.2677111462885833,1.1304536545520423,-0.39493076913028397,-0.5384506647316322,3.143016065522378,3.8227617098263136,1.2756025988799313,0.4797027696971589,0.19817901731684243,0.14140925988337796,0.43875861708287944,-0.16787949601205673,-0.27436835960012723,-0.8056070572510936,-2.8589942260284693,-1.386502800458539,-2.573306156280445,-2.728731638168458,1.9910575870163896,1.5874972932553746,3.2349118027233734
7.433230592643423,7.589039890178279,6.785179226652844,4.822883690964794,5.88076236210146,5.4732134683669855,4.923685421651045,5.9388220321850484,4.111315260394508,2.7042688657673586,3.9040581458613937,1.162113126054082,0.7989069962569026,0.16164759276268933,-0.2781973121729946,-2.3585436257691805,3.8641388095446882,3.186356678510323,0.8725631945324493,0.8904994250634115,0.6136086330841827,0.6469013173639694,0.5726233649513921,-1.0638801803258184,-0.8411552141198695,-2.901622364872833,0.13220080192821676,0.5430734671877491,1.6444101677682568,-1.648187264976618,1.916341205465921,0.05519731996612148,3.4195545209463742,3.501184318646672
7.911777376490794,7.731969968773382,6.579047432426278,4.39251069169936,7.8348041664099215,5.81106289956122,6.193077418818608,4.471983068679352,4.094871219169467,3.0708019257618435,2.6744982694623154,0.8137178670450819,-0.2655818770405051,-0.7059785574720824,-0.9646130145123355,-1.0732074079594462,0.5782336976939795,-0.46056029628896383,0.1598755191351794,0.6328819579403913,1.083516076786588,-0.24800609491191464,-0.12722103231327114,1.3425472472633457,-0.19405554945897077,-0.5941788288277082,0.73300095902568,1.2461494384105107,1.094739271841231,-0.393703668052541,2.061111028251969,2.6394173000382897,2.4681372662488523,1.1722718429352925
8.302259995269935,7.789558082424494,6.794954246723973,5.721823259512766,7.50468892305623,5.554400338647049,3.1986108464231497,5.1448499554886675,3.198489852519015,2.24129753224914,2.2659734355113303,0.5710468156419014,1.0479036940700333,-1.0861134404698614,0.26718824054522156,-1.1333557947814572,-1.8097794339229705,0.7465417517540298,0.11173303999337068,1.7996995097082606,0.47511897703468714,-0.4219269297420906,-1.2869714220694117,-0.7253732988198894,-0.8869851192222749,-0.5909560565402815,0.2797316322579132,0.6872122657822134,1.387240462146974,-0.4642494337863596,3.4823445486831583,2.2684970724037616,0.4656458391256301,1.3209102248146836
8.71849220346606,7.618477504925324,6.818763992221852,5.798074775611001,6.222930707422337,5.43815212332843,4.868466746579143,3.8438967062278655,3.2576406253172254,2.177657520512333,0.3143256834287477,2.258280092110861,0.6060601356244315,0.18478488647261326,-1.2990912528733982,-1.1561663620415688,-2.1622452494847675,1.252249595476442,2.0739144748682157,3.075687952121799,2.049908493243084,1.2813394296174874,-1.4194198777520617,-1.5460233625031738,0.9124553995546906,0.3970910857074025,-0.040975018102718926,0.5443041217900496,0.488367481789874,-0.555711902621951,2.9765744450461553,1.4594777514342614,0.8878999092433003,1.3690990270140408
8.34186398189379,8.018454160767345,6.318994023095317,6.000028525578432,5.067142551649475,6.122639453005561,3.7937011683166943,2.6783455490680694,3.3052780943194406,1.3806710757309133,0.5117111678386614,1.401924846956853,0.9021787134550016,-1.041942924367155,-2.6330378043333447,-1.6604036157818753,-1.384574063842927,2.163149295513911,2.768339769327817,1.8389710734830844,1.844250167808418,2.7313430833017476,1.6234085216370167,0.4928889170732817,-0.1561762848964672,-0.1663289584707973,0.29377851502244656,0.0025186191300662197,0.2630015074300358,-0.8780609858007763,2.2622075911690156,0.48387933545315387,0.2493276903843025,2.58649628873563
8.840553687824418,7.917779401117549,8.014946411738661,7.269154659796516,7.154671541597557,6.987941411374729,5.962014366290891,3.71984418309298,2.9116822775680133,1.6146723473160265,0.23894496345454394,1.5775186209125338,0.8244789905291288,0.43019319065103684,-1.3581683273210456,-1.7134128026267184,-1.0992126578737116,2.7024714194171233,3.540402799840852,4.982644405776493,2.7405080366757293,3.4045999628368433,1.5929883316007145,0.34154866655320515,0.9273536218882659,0.7786541796249652,0.9248543259393498,0.3290338607778204,3.753414111823698,1.524492380851287,0.86420916881573,-0.2605081071080874,0.4879255140704865,1.9067571113251822
7.995134627190264,8.031673642836356,8.400045726155255,7.434961059189422,6.5831355885315626,7.328292435901644,6.975285508454348,5.969129866531585,3.677926638628044,2.2647861161345793,1.3073365467795757,0.31124764675918076,0.1662331832342526,0.04869733377039622,-0.8971290985580135,-0.7441329651153489,1.4278434182101234,4.452424394406484,4.409746724213049,3.1670340016342733,3.100422964441876,1.3009770722885374,1.8992906072512892,-0.6788720494897205,0.16755215531146314,2.526422548899441,1.8478615737771047,2.181456223306741,0.9915243437308748,0.9467932528456982,-0.2890994576189686,-0.3574610990685165,1.7729841977845502,2.188536638817224
8.790606088751012,8.856076103077514,9.189908487990083,7.989791348442097,7.166690288395119,7.793588448889377,6.1546543605942805,5.640607896574408,4.116090346069424,2.1074583153066504,2.05448783930604,1.203950744717187,0.9063243036422676,0.4379356500662934,0.7009809912747089,1.2391318220713763,1.9544123143466499,3.934092442038183,4.7542156841092424,1.2658719136848138,0.8254164855263142,2.758888225973021,2.411693492934342,0.8785942613667854,-0.41293088263264527,3.480430543865352,2.3259985070836184,1.3107338137930973,0.45897227091537085,0.12100906365027701,0.1653606764129518,-0.2742790372636899,1.1851921459270753,0.7897473049405727
8.715119471200103,9.524008521354668,9.120261901183811,8.130659623360422,7.611002010241158,6.831805443384295,5.292853748189861,5.134469369702421,4.525293333376999,3.5885544638052562,1.7776763270560207,1.6103942613792572,0.8019255329131963,1.1786252460756201,1.3014215135672758,1.6141910924686562,3.428035394373578,2.461345194195898,1.2395217010413067,0.9580227796429192,0.7605462579181457,1.1684568922267533,1.3522200110804337,2.3259556088269284,1.258121171149708,1.3723539439873158,0.7437339109697229,0.2899743693133548,-0.210249029518365,-0.728822768217456,-0.11522498321448629,0.2672333591044245,1.2098234620524464,0.09135905422028366
9.465750522059746,9.999203531195862,8.970152830053202,8.171809660755487,7.025363557569815,5.740516338168685,4.958385662891346,4.36434209239148,4.131390918886807,2.4149986123738114,3.139771181443347,3.1298429145592923,1.9774976496929204,1.2235451030473987,0.7549667668668915,0.9341681850895255,1.5913609393870791,1.7732616630978275,2.2446860884108677,1.0202486067198382,1.2689460803804682,0.48032342133968314,1.5681499354337378,2.165190277774146,0.9027872794363045,0.5606594719535567,0.11656779115924777,-0.17965145890509862,-0.11010777858581766,-0.6214269041833694,0.3004450366844203,0.614839660502655,0.2928254938762832,0.4987783536957314
10.544283119766785,10.300241599341545,9.159397024794766,8.399246246710312,6.978125109969742,5.6013012704207465,4.788672708125684,3.685642536840076,3.4771806082479735,0.910770260853054,0.7990650243528109,1.209203172667019,0.8503793257921595,1.1612799707979213,0.274021442402722,0.4958025484703288,1.5885728968492232,1.2451872575341738,1.160983990897581,0.9293751781670543,0.8145264882270994,1.1161282754848922,1.4558755498309488,1.3170771119756612,0.962839881667564,0.3335494843854446,-0.0492541376338657,0.0036449482210660447,0.013686648839179607,-0.10859143645849519,1.22535282193347,0.2770081465274369,-0.9911535722219051,-0.17996965061308962
11.181946816192184,10.288033116671542,9.00191040000298,8.522565212499309,6.990364471607752,3.7561222225120776,2.4723130678465624,1.8705087656936605,2.0956233544831617,1.2308429662585934,1.2286553976952101,1.560314987752402,1.2385856003245808,1.7270097419862425,1.3435209374920436,0.4223707565290892,0.6595211937339898,1.2787783946720035,0.9377871714440305,1.0264214972823031,0.9973715877510363,1.2778617851364664,2.4931797762451335,0.7431958887194523,0.6202142937412557,-0.058450499074424095,-0.05910524371171467,-0.13863701333345935,0.39012065741452,0.782023177960252,0.430802453924423,0.45718822611825916,0.19679576803084425,0.3274071503656861
