script/wind10m.json
{"header": {"parameterCategory": 2, "parameterNumber": 3, "lo1": 3.000054539987559, "la1": 64.9999836372058, "dx": 0.5, "dy": 0.25, "nx": 34, "ny": 52, "refTime": "2025-09-21T03:00:00.000Z"}, "data":
[rows 0 to 24 of 52, columns 0 to 33 of 34]
-13.881628652880824,-13.429743542225852,-13.09158637413346,-12.969653184653138,-13.023363084764096,-12.91580514391163,-11.484269389908677,-10.701899247571943,-14.433130650504378,-12.827888104313617,-11.628427190037316,-10.353734813634482,-10.862454813913837,-0.9517524686576309,2.4479092164940655,3.467759875571478,3.5785759167306246,2.8887874877906556,2.2887819938551055,8.151602093133306,1.7026969219178891,0.1664832311721002,0.7377762626828174,2.107280816444294,0.2813140891844819,-0.5848047421052117,-0.3484296092131125,0.5500425953877195,1.4465824554421214,0.00025982950360604055,-0.1337906609522842,-0.8649865701142018,-0.6575610597971111,-0.4314477148883546
-14.136542937632756,-14.040760276092623,-14.101578254164918,-13.67307443665067,-14.305982162952407,-14.5235770399828,-11.182260109723037,-15.499035816950334,-13.945748013890029,-12.409779443957033,-10.582643990744923,5.04625347174285,6.103545250020281,4.389566303399779,4.834769301819508,5.4049624609290685,6.95099678429314,1.8802368230425743,5.261108484690968,0.5566378463801664,1.8386976698263182,0.496216803624636,-1.253976233700412,0.7003869585241487,-0.2563133081203414,-0.6743722587259369,0.4040681370496335,0.1577689540428223,0.24549403698203298,0.08351195287370065,0.6403400071606598,0.055302796461190934,-0.7509314960686605,0.5406538615606017
-14.588822917133689,-14.839193475124878,-15.340256310203168,-14.432830678146622,-13.876516804379563,-13.011180554590185,-13.713947377098291,-15.402642774665814,-13.959630168957556,5.311176948013749,6.476261319567362,8.642570519466128,7.161724319108032,6.21150446084333,4.812494301190693,6.087391803858129,2.5679171849342746,2.0441265787568543,-2.666798769752778,0.9275417139934268,-2.799933885923045,-0.6179740588106037,0.2246966268325352,1.8161293497184234,-0.23191463198221826,-0.8139931514364325,-0.410996788266233,0.744468116751268,-0.6936987025841718,-0.958986324872892,0.8864258618416534,1.4835638354325789,0.30456938944457346,1.1791537703529278
-15.622916886221995,-15.935524305064407,-15.416854627006867,-15.769587499875943,-16.354573140719793,-13.633312963601211,-17.11293358403057,-16.62079577413866,3.753405427659438,7.231969145706789,9.2889765415661,10.45189918249159,7.724013346361441,6.08181996144541,4.7428034635117085,2.44220756494683,-0.5792162160131449,2.6312146371012375,2.307752891464973,-0.4146888336092745,5.910281401894206,1.6131491930427486,2.9569468337096203,-0.7065918851486691,-0.1376539610361572,-0.7551635926813587,-0.022433240928558525,-0.5676645924549893,-0.5774960488615674,-1.0713530687520805,-1.1832766852153063,0.19127822076799597,1.038835026739767,-0.3004698947531624
-16.010555867518168,-16.199934919286715,-16.718672142021454,-16.66795741111843,-18.226056884301986,-17.193033302713552,-20.137800632964613,7.329640512669622,10.221402246294707,10.563059859523165,11.095808855267416,9.989828745146468,7.454212295202102,5.792214850455415,2.7706062711549095,2.309707024236024,1.9453964824968055,0.034942503668510407,-0.44392760243682583,2.5872226853943157,7.844636146654878,2.9116340472019746,0.016593656637030624,-0.1993281918054982,-0.8154942963314645,-0.15280849135984437,-0.05362464653666593,0.7987234760524895,-0.052509301029108925,0.4832919370120302,-0.40506015281917834,0.2621655747062391,0.03376609390786884,-0.5168826946025191
-16.108697423330835,-16.563947526457994,-17.251339763548973,-18.210317525480374,-17.578701443449937,-19.59201087881566,-19.677783279640675,9.224458974443866,12.361634199049787,12.350009091168019,11.991358341336413,9.80928066802897,6.793133435339106,5.035407882357477,-0.8033619106690565,1.0533327920628337,-0.10082688828600168,1.4737021438318787,1.6880445533697916,2.5653676387864612,1.2452612318628966,0.6014699025149557,0.8740831073457368,-0.4329003734325107,-0.2537324195478916,0.37540563760422374,0.5977041348643762,0.8268526399997814,-0.9570309470198965,0.05391827476563543,0.3090124619234664,0.5521209469670545,0.049876627189556474,-1.0457977723036278
-16.30000952261478,-16.654662768204854,-16.983677122469906,-18.18005937546523,-17.223895044387543,-22.561938652478958,-17.24292419777753,13.223504034887519,16.708406465281612,14.598819162555655,9.195115084089716,6.680439971476085,3.716000529452494,2.213325196427691,0.2887203880770144,1.8237969837870867,-0.13753745781379856,0.7872758376917868,3.093445274394423,1.3424478588723772,0.16493150328229747,-0.2304343905067308,0.04380045970140839,0.2009488583757817,1.3435958104201566,1.5612858916814671,1.7919815836763988,0.9441772341059468,-0.896640384587139,0.21738745778163895,0.4008907889806061,-0.7476302228247289,-1.4790343148536773,-1.5391137990257167
-15.881616333693167,-16.278943630332478,-16.530273141776448,-14.601259653131844,-18.06684578940926,-19.253324698071847,-14.13019268022347,14.019007125379694,17.10435167608989,14.32680772825771,10.059830944959257,3.0913577854378014,3.6734802674590257,1.0070167337132585,0.7182653750364367,0.9427191741888605,-0.835781012770525,0.6769679517808784,4.632589627769323,0.3384858683815248,0.6667536587638477,1.4703524371293024,0.8294240864713293,1.0746354112672358,0.529233380968866,0.39940032748374105,0.845469615170228,1.8931679473106602,-0.3652481763925189,0.027073578325010984,0.45108932245253625,-1.1615165370958076,-1.3975250500401761,0.30119908573076437
-15.167930612041193,-14.325401693354252,-15.593364872413506,-13.78593908274741,-15.900264465475024,-16.98612394502282,-4.898511091288782,12.505652936357754,14.503316972231861,6.047195732488485,4.537875788946667,1.4652052946855887,1.2397611723085977,-0.4943026494591173,-0.28173315488453265,-0.73967163127957,2.3418537252694867,5.689277257676649,2.436113499346399,2.569361936450996,6.481431728782432,2.3258048684994526,1.834600990637062,1.407453477411546,1.4795094155134991,1.3390687079273274,1.4400250793478426,0.6232339875411081,0.9941656982360266,-0.11232952950646123,-0.11180775847715028,-0.3586316500578637,5.5941178514021095,3.3879654693635826
-14.35342241950678,-6.327213343050872,-11.440230501895886,-13.042202838134099,-14.810643919309545,-11.462124838860554,3.8295021580643653,12.54277601085603,5.230349177247979,2.918735413239,1.2425010433590158,1.2216855969342757,3.586283123109195,2.1272522964651372,1.7610221688987602,4.453576352891456,-0.3923404472131022,1.5957353664666827,-0.2419459600353551,0.13954041216595098,2.1084606746241854,2.0333671635821284,0.11152939306320302,2.4540055073984086,1.7899852905223184,1.5528002158617202,1.1101383288185935,0.6846190858371631,0.7796174376773171,0.0001707751611910316,2.5235982614825376,4.713500066072886,4.431405938584053,3.0953665077224386
-4.938910838669827,-9.277038834116755,-10.101918655291962,-11.9576126075989,-8.730197305409137,-9.493035109698818,5.356467954086884,5.869852195031727,6.289369666699044,3.6053605765392014,9.337456459744049,2.7207991307750063,0.4141337928514417,3.119844053657351,4.079225911398671,1.0257085614456296,2.2241359913192333,0.8789250408987015,2.18200696707201,0.5220376294277969,1.0748700590959894,-0.13751291989880265,1.821120010637928,0.76067799253011,1.713448716785097,-0.6382157016623695,-0.36489550094918194,0.8019000906152024,-0.054242506918143224,0.8413539338855426,3.6770394613971686,4.630377497860812,5.540713033737584,5.622377823434002
-6.669059070248287,-10.101099159778963,-9.13292543237595,-10.575231390774139,-8.860050316558572,0.3266598912480584,5.389954473367346,3.218790943044025,6.986246578078217,6.342330724989331,2.4630444095690254,2.694389709344002,4.027435526314073,0.6060927158007153,1.4131854917479714,1.6072596344493937,3.194911691365764,3.859454163514884,3.76810232974423,1.4146767663636342,1.6789930956339096,-0.4547460412960901,0.9396234546599549,1.897600096320831,0.9780146272206013,0.44238325960780295,1.2740723145963064,1.017066555246201,0.45575294953199164,1.1847277527272915,2.954593065492415,3.645377689071377,4.582472350680226,5.220389366438222
-5.258253385892789,-6.57318383710806,-6.803804624755075,-9.900991613910971,-4.105911516840276,-0.7632962640428539,1.530606094282898,3.114090807104253,3.3056131611203883,1.0346801504327514,-1.8739514441689975,2.840128608637032,0.9503085253580822,2.4640356601977405,2.7954841470875316,4.693123418928593,1.5244279647877057,1.7473675989940511,0.08893929089997528,0.8978749709500725,2.094741635883743,1.3826927433010754,1.1553179120999737,1.370184042895955,1.2246507640966466,0.7341755379296762,0.9174303072752462,0.2850607838492993,0.002288511563552528,0.644505607862299,2.055631662689376,3.0092028799638744,3.1802105478279703,3.0026844389134157
-5.872356120276099,-4.940808179620703,-5.85141243190394,-7.04684888369568,-2.5406293650245497,-2.63583654251606,2.009216705395471,0.009534366171212737,2.258863149919614,4.394017265012754,5.299679804162439,1.7762079411462506,0.011327173648835322,-0.4974885177494864,2.8116388352696293,1.3940791390449516,2.870154327236716,-0.5644530069966726,2.8062079432268963,0.9392795256542379,0.6870057455324838,2.951039340362668,1.553493312667188,1.7769119741557269,1.1890990471409462,1.1640757998851154,0.7141559608680186,0.6293733206100435,0.8581611085073336,0.9835464074063892,1.7273975347199892,2.215453564426336,2.4536804404996215,2.0435615715520608
-5.904428680741666,-6.425022377989789,-6.4228663384214215,-6.072815819855344,-4.34860595719475,-1.5283376239034958,0.6423268069626092,-1.2642768677989487,-1.2949199413683188,1.7787410199250644,1.295349259085539,1.6118684461487456,-1.6138066666309325,2.5107479716908796,0.9286308039466441,1.7680531747971404,2.046532892910957,1.3913462144365636,1.2406693597900835,1.0051583231946684,1.292824834387675,1.2479275312278109,0.7861365470083497,0.4046515397472776,0.2829579038989068,0.6458267115855695,-0.3142418926594,0.2712053547009318,-0.24591638696538154,-0.21535983526449753,1.273123431934207,0.852598234929755,2.5576439355349843,-0.12251948679170219
-6.726870608357868,-6.611249741424926,-4.841080180703305,-6.011099556078316,-2.436495140139421,-0.3658499629901098,-1.0113245009115785,0.11595523062948088,0.05985601713990933,0.6284641948058077,-0.5920267483141181,-0.10945322231164172,-1.4717716161748244,0.15916374792439475,0.20808063135321722,1.2937695642106701,2.9171061810354306,0.6259760850285779,0.7840493433715559,0.5953251719176347,1.549777730610316,1.1014984271518675,-0.3997048176836264,-0.05398763685102593,-0.8697886288419173,-0.3896695869247989,0.2048044733269603,-0.1365079381601908,0.2830189143133102,-0.03988572334235188,-0.47067661441935577,-0.7416295178863531,0.818735711431921,5.274419448192219
-7.235535048549593,-6.428274197524087,-5.495238471386409,-6.277459999376282,-1.6685691757712655,-1.3685261885846522,-4.524524702694857,0.2548751008183439,-1.2543197348830768,-1.0569606444978188,-2.221436854513776,-0.8473128989908324,0.895242752599819,-0.5306435692736059,-0.01776519832952168,0.7952863648599643,0.7603366322823527,0.7435868629331895,0.6286361903654858,1.0157305440644644,1.4360095061188638,1.3128097562105405,1.0873489434957135,-0.35333802939571807,0.27778956078176864,-0.1518939612336201,1.143271878527808,0.1782009899175904,0.37416123941823426,-2.2303000812679645,4.182906289862041,6.666385236729952,7.266756951454562,7.148290886835232
-6.1801977678293,-5.860638196452144,-6.128212761405092,-6.831366732952141,-3.0154784071588296,-1.4709290823696846,-0.8379346633171549,-0.2985153284866754,-1.8237447930212662,-0.6598593793519956,-1.759662921959123,-0.5668949509016017,1.2511527727797724,1.3617025207562485,1.4053616775016566,1.0661195048781265,0.30589480708193,0.13834941836294598,1.7448456429309205,0.7300929850891026,1.224718686257562,-0.17618851058952864,0.23615483977804025,1.338988126470095,1.341307431078852,0.14407286051583318,0.507107798656624,-1.493206321970067,-0.27074342589734995,6.6308922880902905,8.479956467877741,7.479200439048939,7.326924071225721,7.747274662525489
-7.003233875218489,-6.0675767229651285,-6.645769430133617,-6.699401061042805,-4.08245868698969,-1.029720407990814,-3.7732624908764403,-1.0491587960034323,-1.8264082325806479,-1.5544597586799902,0.38918745351922046,0.3090281570310778,0.450767690424697,0.7310148259844752,-0.6263378926371918,1.4427529297505477,0.11398522355490538,1.0777194957346425,1.2520958214908826,1.065035668874107,0.9100399092614941,2.931758632726503,0.7880115788879365,0.8858420646512333,2.069117966948642,2.9723939984445447,2.8796895711132646,3.107580895439372,2.516175337395265,2.578924377373924,3.173507873774246,5.675899256983608,6.201886993150709,7.4144966440809625
-6.777247152441326,-7.156406513333932,-7.713862221023473,-7.644541878335946,-3.334633289992488,-1.2191222335204306,0.34711655563048643,-2.285238872650154,-2.1551083916643283,-1.275293191728106,-1.6015531045767566,-2.0411693610566393,-0.8307070916218473,-0.8213034174571743,-0.11075498754214558,1.0796035770940386,0.02237252369488091,0.6591609613391934,0.9879310154529093,1.8814883643883091,2.0704623314625183,2.977859874963518,3.9343863311992897,3.277389450869935,3.2377931829632813,2.7392583042551513,2.9810602531281374,2.5834870583879663,2.633604784183693,2.6267764585141293,2.7553539555772746,2.3640166556872892,7.137775139722557,4.875709777069318
-10.18457904134509,-7.851333823683035,-8.236382476985879,-8.447279149848761,-7.929216583506963,-2.4534866310360717,-1.1549727479132827,-1.2334228488396333,-0.33466369470696294,-0.23107132671768307,-0.2786404332304995,-0.23421800015884545,0.658276771312767,0.04858430750074906,-0.7691706068425775,0.3587197475210189,0.8343415784867587,1.2474101749261022,2.5329924309000447,3.1609469319968473,2.5966140326988834,2.255772414369559,2.8676870366189466,2.593669052216078,2.87614459479939,2.238138284683882,2.6902998367210817,2.434444014183871,2.5601612351044167,2.9905902533610815,2.368574223213853,2.4680474139452526,5.833746085315933,8.244765860394402
-7.524443349396385,-8.04218272175852,-8.315765284481593,-8.600993638304008,-8.899472482938492,-3.4249463569853713,-1.6237176470686225,-0.8321878631244829,-2.591505425674195,-0.16685782331109392,-0.028599350009089634,-1.186788047098496,0.10212136382076885,-0.16411586356466512,-0.6809939865499999,2.1385928205550027,3.0083110005444578,3.179824884113307,2.460401301232125,2.1420756710985875,2.732211921883707,2.770523551735302,2.060892752422665,2.6747874395613165,2.4872729472839743,2.107721156754521,2.020898106450088,3.50493852416579,3.2544399993758657,3.114979457135193,3.018868584556773,3.523948717638742,3.0888501081487063,8.660480506693302
-7.849239828425957,-7.636764870136045,-8.205048218509832,-8.393531096751026,-8.916688502127574,-2.089408027260831,-3.740084467420975,-1.1687268474017531,-1.8226465626286088,-2.569591127175644,-0.2976135586953228,-1.514847359643353,0.1911431036571121,1.0946922125578116,0.6617636549980419,3.886417019249525,3.3617897372898846,3.2635585639515585,2.9266086031758545,3.740280395754829,2.1080833820748026,3.499933803677737,3.578780072156576,2.8068597441161827,2.4497102604701855,3.339802126239746,3.273667931685713,4.207742035646969,3.5506925223757793,4.127654480502127,3.1526162466295062,4.049731946206401,7.039265018399318,8.240375001625067
-7.787304454008709,-7.858747521760466,-8.215201272339145,-8.657400359897109,-8.221116679001126,-3.5321156845404365,-2.6605101435781537,-3.6165325550902945,-3.441221214132501,-1.6263622809175615,-0.47239826878663854,0.40773339555880317,0.6676183636722247,0.11460434001281095,1.2970992996017814,5.490248110192237,4.242479380765255,3.507155654661722,2.593015280705895,2.724997346216238,3.167351810128016,4.802434111397705,6.555194815711078,2.4132343346702383,3.0748005548579216,2.254251545662896,5.465243071483158,2.8897542923825448,2.3050456093263048,2.50359739491293,2.697417378296001,2.7063649978823108,7.354488909395082,6.897485881595958
-8.048443653435346,-8.175330372732846,-8.595153410881712,-8.77664408489651,-9.553808887663688,-7.104721600480105,-1.9351594824352776,-4.004361826628696,-3.0453607549743786,-0.2007286164721116,-0.8970259468063276,0.30374664044179095,0.32745305225872773,0.8723695251058496,2.7514611144425953,8.553136805236687,7.568972570761073,2.872528985275223,3.193176298041974,3.3806191036161173,10.332395778843333,9.76082106816837,3.884604918572297,2.1990684174834016,2.494361036440048,2.4552417376635742,3.1219028452112094,2.183164308159216,1.989623449120014,2.5267249256930686,2.755011366517322,7.362320084294395,9.256581948028531,8.031085112347354
