script/wind50m.json
{"header": {"parameterCategory": 2, "parameterNumber": 3, "lo1": 3.000054539987559, "la1": 64.9999836372058, "dx": 0.5, "dy": 0.25, "nx": 34, "ny": 52, "refTime": "2026-03-05T22:00:00.000Z"}, "data":
[rows 25 to 49 of 52, columns 0 to 33 of 34]
8.06298101854628,9.587509727811511,11.453643280633782,11.648866126313443,13.467941332450321,8.33276460743927,6.7607668171705635,2.450282672728282,4.11294582855238,0.6407198878866971,1.8993598027549523,1.1405703145575654,3.2719210988083796,2.4221173108929968,3.129795091866867,4.76668623263468,6.879126997709971,4.569522796356454,3.6308313037277604,2.8639851550952917,3.2088590472917295,3.642835086894311,2.0219571494599995,1.3175368251486992,3.0834647623129996,1.479705877516428,1.0270056557154263,-0.777285085541585,-1.5660929121190976,-1.0344794873282985,-0.7298335007215169,-1.2420022857842077,-2.519056969431942,-3.741355444882307
7.746686619780497,9.55662222880324,10.726188447961317,10.230426100619452,9.454487178632947,7.728613083279439,1.8803997833518145,1.8483134164978356,0.3082119602277906,-0.15713613175372998,0.6366625761259419,0.8130892846922585,-0.547283870615517,1.2234550167112335,2.2717740559744355,4.457217946590984,6.121821174675399,3.395181373272529,2.1387783680928405,2.3126235749064095,3.4501904818755262,5.276131970417232,4.504898179367506,3.978666363160384,3.0943630223410237,0.13548578354833798,0.882860207977429,-0.4096589487262235,-1.3874910192563703,-0.6524094263200544,-1.2677419803375107,-2.4465678396720234,-3.10436848430953,-2.873011418509495
8.9947914545314,8.89578459087848,9.414839645420681,9.134922672606022,7.661692012877361,7.070681294338433,5.150049281040162,-0.8990580698388293,0.6848878157272369,-2.5285738503704382,-1.3051264293188514,-2.044145105600567,-0.22680857580808364,2.819635756538717,6.816350166430939,5.960072827511616,4.822180394953978,3.3559208719313496,5.6758835832593935,4.470525071813994,6.169471567313186,4.657312557560546,3.8849564585857483,5.9323359628600265,2.0992764047424757,1.410695165185403,-0.35602425851578945,-1.5129247585576469,-1.7445641755783836,-1.3222481342034285,-2.0040156144160157,-4.084569484010571,-3.6446298404730975,-3.3440006968108533
7.951866530458365,9.652328275520475,9.264554253346212,8.074257872438581,8.13996747091589,6.756512454684261,4.957346119603578,1.863077449804729,-1.3006649944754705,-3.9414240874825595,-3.3261999455983173,1.1763442191775693,7.6179814231254985,6.752296773449658,6.996106022128312,7.710703651038982,7.4665565163498036,6.779321642656387,6.4789700524995295,6.787538938200231,5.68523407286033,4.685302768581027,2.1545340784962397,2.497793087996751,2.3107912523016525,0.7550563209019444,-1.4599114896382088,-2.3380331355853246,-0.7444778011154061,-1.2477559919273176,-3.1215863661780245,-3.158735049005929,-3.86905279739131,-3.3237403435506643
9.357491185107854,10.03270870396931,9.579422499184355,9.580668330716987,8.668616564010758,7.637228318052777,5.738280964992222,3.2245944039206598,0.054284180040738726,-0.7493802390373902,5.0111585154654446,7.379119810624572,6.262172635576106,6.494529491051845,5.783167577113376,6.358722360398485,6.43226121670559,7.25852916645623,4.397348089182443,4.953433353176487,5.02115845630728,4.060520033621693,3.7284334854751107,2.574738102714639,0.3814119820059702,-0.8992574718868456,-1.7205385484107532,-1.0662761265861112,-1.3059772556804141,-2.1538163716355414,-2.3838838004655045,-2.065876406701631,-2.660582182103908,-3.180493834949814
9.596761333336826,9.957937843026512,9.957519517277525,9.744547446430731,8.869217516790311,8.245518435092738,7.192990193207974,5.559599429541371,3.769302468771171,3.842516978713821,6.418913046349271,6.317693657998567,7.4956706815550636,8.014211391351571,7.257466007162063,6.548737187640171,6.389612348637221,7.401848250558793,5.38709091776787,4.209534193296425,4.409740731125867,3.4159268622066667,1.5221086618762452,-0.38839480697872886,-0.5694791395899292,-1.529076098953165,0.005452472925622365,-0.35725031625641446,-2.1941195510558718,-2.823803123980079,-2.9627088033183053,-3.0388251092562464,-2.667592554144186,-2.589729818383515
10.401854707332637,9.703286765321604,9.816753334148293,9.4046767499446,8.489615716240714,8.556344022225394,8.136457582419151,7.029906832914819,6.0865030601266445,6.908379598716948,7.094084397593468,6.969564001423212,6.412675286490232,5.005420054000897,6.076849238246993,5.5504443580472484,4.976831143611542,6.763976919465645,7.309325878677069,4.890181609212546,4.054687077390853,2.0405350989862256,0.5502263376380109,-0.705869974870339,-1.0241942379669462,-0.3201791504990593,-1.0163616104216768,-0.5226368281505658,-1.7322559965969546,-3.67670341300657,-3.462502446701928,-2.5470030782938893,-2.5204355469171404,-3.2155324382638866
9.346236601279921,8.981033011415175,8.77542802840965,8.394117445533446,8.532412700435867,8.360279687962597,7.56170840854029,9.189719233529688,6.6380561003406555,7.296651704633422,8.356983338865435,5.2524386235046725,4.74944420271354,5.850069231388679,5.444958836030409,8.208961034384297,8.181214365713423,7.834874409560332,6.876703939101474,6.059561883173567,4.2717831517849,2.871983725280395,0.8836850900887901,-1.3001310986939776,-1.6989249614053457,-1.7527101701737406,-0.8818289105399867,-0.2911637647180698,-2.0945659229036027,-3.684565242766156,-3.112500263849077,-2.5617504182406448,-3.275192241005332,-3.2039743820991475
8.983434423864944,7.8317492030092435,7.459863278551929,7.01504728323753,7.952182887983953,8.254240009278549,6.56988909543411,8.7135510641056,7.845063984207272,8.461972896006095,6.80860663610684,5.2196313540927886,5.773493240553399,5.696990055878542,4.761823358200139,6.382055151270808,8.41396495472869,6.819458350326489,7.173605587421699,5.641999670373921,3.990587573307969,4.7237958282849375,1.3538225852382941,-0.8268393893380637,-2.4092133260186577,-2.821138419777565,-1.784416145602308,0.03619547286947431,-3.143482318691154,-3.0942094267631126,-3.02914363676899,-3.390305790034644,-3.109733275254458,-1.7026882206763772
8.357537371395068,7.007388423629621,6.864375659260448,7.669718355557484,7.354897511619922,6.773653098885337,7.859086835081188,8.224940538190756,8.598617617633867,8.733854697482927,6.994075309404471,6.939198180583687,5.154904000341144,6.648792648625656,6.045899301184637,8.183616005766417,8.366581102858177,8.197956974677869,6.961855111526906,6.89426271966808,2.2458827769416216,3.5477080432907964,1.9164927161501462,-0.6339085419770611,-1.078332945663852,-0.8599982010393713,-0.727189560005866,-1.9320555121306366,-2.9463915844342936,-3.569104027088326,-3.493087358935876,-2.9232655454053447,-3.1191118880499005,-1.8962851720665337
6.862674620992999,7.144363306189427,6.735441974273149,7.939661931221079,7.800474742478284,6.906104718283089,8.741463509061164,8.003298311613566,8.453449592361505,8.407883585063473,7.316650953808869,5.9708748994883845,6.552461948873445,6.4593315250086,5.722601462580899,8.346069479001446,7.082187793879313,8.014095036797304,6.881970554388124,5.534279119178079,2.7671214607565613,4.470359184141923,1.8134413870064874,0.4276568337528114,-0.6400052423835734,0.3702458601750814,-0.0747576570321538,-0.5136960682001123,-1.8333791908394852,-3.0126336243094216,-3.903223104702688,-2.1843605481996593,-1.9355151695651547,-1.4706496327439846
5.499455538190891,6.54972400325729,6.983428001861434,8.249483576143776,7.8668448793689,8.1958755669462,8.737270307877385,7.931403704083758,8.757147692313717,8.442532964738367,6.132846033373878,4.322565502580159,4.865386122702111,6.19492773191964,5.67495297001849,6.534032637908235,7.466945358298474,6.710278009753821,5.776538625974807,4.067040057346612,5.307673105839671,4.762015233980842,2.941472127228613,0.38386036413988006,1.0200521209384776,0.6691263284404374,0.29974956460691843,-0.028174411149191694,-0.7626470179607477,-1.2600264917585537,-1.0699086005777294,-0.9497928226248001,-1.6068884808546544,-0.30623583873034355
6.218217223123565,7.046186789808377,8.04999317584233,8.568050582359085,8.256162068200478,9.062173691704782,8.8311871158052,7.724630355025364,8.05642996052415,9.17836551171835,7.410320523681739,5.801828886241708,5.677638315873515,5.239219579693637,3.7694889078254525,7.901423098424012,8.012097302117663,4.444692441286902,4.511452644308745,3.658084355495027,4.412148318746511,3.5656844096881595,3.429676247774389,2.3046290125830398,1.4024831600553942,0.8663890622511871,0.6371989182433854,0.01787153246269029,-0.24948523292402877,-1.0011311297714316,-0.5588591845326493,-0.9407929135390422,-1.579662057811116,-1.2502409139305097
6.822918507083514,7.249096748354562,8.516450040335005,8.782026889892398,9.61632484205523,8.975627680521207,8.874174515809033,8.371843662199831,7.9181638937954615,8.987520339785558,7.457330933449175,5.23066262493015,5.029045929078907,4.804068907104888,6.876173681384992,6.428615531072821,8.362778825223824,5.772685965331357,4.607062245551552,6.268539062658965,7.204372980519185,3.0740888226316865,4.1468773470512375,2.243399626501552,2.5382245628155107,1.21568655054441,1.0248221354072375,0.02471952639785549,0.1810079097802494,0.3030653872483675,0.056913692336556146,-0.6043834519627238,-1.1588940437846553,-1.786499050861252
7.108498919409354,7.658058916712589,8.351841001424196,8.27491679077452,9.602142706244194,9.970694690072591,8.70337067422033,9.278228372691258,8.71019712080155,9.079965977555059,9.145632271258501,6.289703843744709,4.013584326579041,5.083070653530021,7.190885805178747,8.522316293533313,6.358098529602164,5.316860191276594,6.439838970544511,6.474287268161265,4.835478736708128,1.7716343994112036,2.1287825041403403,3.606097732638918,1.2737557073640455,1.4167466168658753,0.6672831742104659,-0.3745701285516795,0.7155977977275262,1.0585806700590878,0.5699826695095964,-0.037565761121709264,-1.2112345576983163,-1.7216734137157554
6.9405960752056295,7.492357192133346,7.221894967711075,8.283448427602654,9.101469757027887,9.667268542780873,10.087951886811268,9.006440474043707,9.435097659615979,8.357890163272018,8.809255137000944,7.326482425767846,5.241114310544497,7.888637860635494,5.461082597463445,6.381683346505559,8.798387442701511,7.475324173859861,7.534976809014092,9.649180549848491,7.196961521066574,6.5205779110751445,4.495102960752442,4.12165545787315,2.022995784842805,1.739260744274468,0.4835782707756145,0.45510207677128894,0.015809357332581882,0.3392031079434427,0.7310701681886694,0.29586844420045244,-1.231542996268175,-1.843768799264749
7.057089821527828,7.110451144703105,7.305559530076281,9.22450753893986,8.18525925383321,8.93097830878063,9.270626154866509,9.855095798019697,9.620111874587627,7.907972237144646,9.31913605205728,6.299494813332614,5.608796696945568,7.113424654516177,7.405614476510139,9.547148840295224,8.1908788766891,7.350207759244771,7.134799934177552,6.937745778299769,7.478867668383869,6.531858602835546,8.246071597686953,5.987134258069596,4.408977841078449,2.7903910169879635,1.6024641120586192,1.719936275762736,1.6830093299757967,1.8859053466200795,1.3772344773567862,-0.025690892681429683,-1.2136346764134935,-1.4915009570610989
7.041316533844049,7.444867983941449,8.493008883214713,9.514796107736938,8.694750622547605,8.663013226623695,9.239442623375043,9.624033246918222,9.896212446655158,10.285524538007724,8.588537563640507,7.44198807901665,5.78650693188846,5.546127683289662,7.780255270549719,8.054138244400727,7.91547997217951,8.428293752244775,8.467503134599381,7.614642908870932,7.163143526716267,5.8092219552307425,8.397838698900358,7.056406691738899,4.845768953476509,3.3667535031747926,2.578969493017408,2.323633608906047,2.926618609779715,2.2218756235239363,0.4648905180023042,-0.20980716264994737,-0.7933071096579345,-0.8058452626557778
7.276262531320791,7.154449209993194,7.825061755825525,8.116862163545102,8.276098611625295,8.077209832210691,8.838124196243896,9.226973922065955,9.820259391549769,9.380259275655733,8.725680596759751,6.780893183129922,5.907621146294616,4.927426702852907,6.44406920752935,6.128738064865636,5.638842763123975,6.582703092716331,6.92317337835616,6.743657426590544,7.272681192746978,7.5839717868277,9.409536269038846,7.946048583096577,5.8634581250948425,4.47113634094506,4.965483500699889,4.089243144968917,2.7860463506708775,1.0812149664321373,-0.6229707516236404,-0.6766801170915329,-1.1075307232710125,-2.4006657708853782
7.779825984694419,7.281551072389715,7.756376960333503,7.459256749528072,7.615654352243065,8.392948137348892,8.287093405486223,9.11225536081552,9.489108086270459,7.984772332583286,7.322025412519325,6.764776051150559,4.94554058396096,4.294782736437274,5.826994694721084,6.648496270829752,9.279058410849705,7.616806488642735,4.390057143051133,7.618707891733447,6.067526852560315,7.923919261294029,8.117629653864617,7.410869519931606,7.015789400384813,4.590519463480562,4.2515615831903375,4.253292969780707,2.533164862103503,0.26002703623057655,-1.1379740695430638,-2.2472517362394555,-1.7799075409068255,-2.185389076791234
8.288923844763634,7.246099385037403,7.274684263799442,7.852505854107886,7.044858845533684,8.305385863174267,8.199113585509046,8.573731316466752,7.896023840614526,6.7128931898406075,6.752121679031434,5.542471141366433,4.471002836654171,4.790021947680706,4.916863863791154,7.643112581861097,7.462223478200576,5.902668130114595,7.588701764873232,8.136207849673983,7.983801952664655,6.315513450810953,6.5083153178421735,6.719868105396365,6.979776588255204,5.399157317034174,6.287646347971439,3.846893594794385,0.9496342539189604,-0.11454289766069006,-1.1273812516948942,-2.702782945174544,-2.079325880822964,-3.9577413999718214
7.8212148076123595,7.531680188568328,7.5308636111218625,9.280330479216428,8.593916915180447,7.77892292914136,7.643807983532926,7.484275435283266,6.290409378578242,5.032402982259408,5.852759016559394,5.569022948392485,5.322744020884371,4.1566458178667895,4.620080548515103,5.150946900875582,6.151546458955809,5.312134131246357,6.160205573997697,5.608132241206645,5.066262319019983,7.613576782326462,7.45274053318535,7.340489901925368,6.917263315186127,7.535250657525769,5.456163859188015,4.037393315076478,2.183010225960328,-0.7881809912850852,-0.7022908561276612,-1.6344986107274397,-0.3814159994142483,-3.1948394739282615
6.732118086930486,7.738419306794678,8.33321741608992,7.394255339873263,8.097572306119007,6.924200350592501,6.28849475616586,5.1285880712880525,5.785854131941811,5.108903007815783,4.777092459219047,5.158221774265923,5.141883855728298,5.104332170740968,5.453790212610787,6.028689573241433,4.937413941283328,4.443517502566213,5.049103974384079,5.929317283802176,4.6381738336092475,6.1250623687921175,6.628112289539956,6.936430853902046,7.227255974110368,6.002920585604952,6.307735419801017,4.402629367812543,2.2567779622490436,1.652027388185445,0.211540052624191,-1.454878535904602,-0.9776827777201869,-1.0164811237087066
8.181394193351977,7.860835443119504,8.187896231510532,7.4736221921749575,7.904486009200196,5.668925075810658,5.898872664655144,5.2656247161898575,5.732057632476559,5.59029812162171,6.009328950295587,5.098472499243333,5.048349557845634,5.890288517034846,4.124828361056533,3.9640584781178694,3.9351488087818156,4.371487050920079,4.159866319371835,4.327715669384019,3.940290955387811,5.321257860118348,5.788630420345478,5.954892106506391,6.777955371178359,7.353495880525031,5.890344845413651,4.853789433096638,3.7198362362799684,1.9536182995468996,0.6556949930796822,-0.8910107732973895,-1.1525471882666538,-1.8679635142163131
7.598912462570607,7.340911387158455,7.488466691096113,7.686359861874669,7.02530951855258,7.311384535256109,5.426864224662218,5.169213070250577,4.989139348528551,4.688477402642458,4.894447347596037,4.665964979176903,4.364898768288613,3.2390861886050675,3.497350550356771,5.515397256948731,5.757078082104707,4.2889958564084525,3.982360078507521,3.8294613412060667,5.068974998003261,5.966386572745436,7.118622816221911,6.842974017699175,6.610584896734679,4.94452999845458,5.219606702554186,4.170550229708022,2.892387430360149,1.8019876689049459,0.23988333987904087,-0.7151430225883293,-1.09185794608285,-1.1299697840866854
