script/wind10m.json
{"header": {"parameterCategory": 2, "parameterNumber": 2, "lo1": 3.000054539987559, "la1": 64.9999836372058, "dx": 0.5, "dy": 0.25, "nx": 34, "ny": 52, "refTime": "2025-09-19T11:00:00.000Z"}, "data":
[rows 0 to 24 of 52, columns 0 to 33 of 34]
0.8895819832579107,0.19754362974922285,-0.19817508927721517,-1.1382616238592034,-1.7894953344091467,-1.9759794273575182,-2.3537262628804534,-2.766409724204268,-2.8629305383749224,-2.2314322631372785,-1.4654166186341886,-1.1436166571161954,-2.512935416019751,-2.9119520890240445,-2.301457130639922,-0.6619247600532514,0.9643778065002316,0.6984774609062008,-0.24797200033941533,1.0293014627665285,-0.46566547572479194,-0.1531397437820542,0.4197944827089214,1.854890265757336,1.5716657361790165,1.0858404414383052,0.178133065306376,0.8891730668674044,0.7507730624479785,0.3732805468232116,0.698672749535839,1.2740172520270479,1.2719754315154317,0.9335954883956046
-0.8135689523287687,-1.1212628529738011,-1.588136425438155,-2.035309448754391,-2.4111816569304345,-2.7847186727561017,-2.7311306454409396,-2.711879101804203,-2.898883610527016,-3.3000842468552087,-2.6187909852620828,-1.7733896941285734,-1.9735702400820576,-2.6522661450633063,-1.6913739535816559,-0.6426621338946468,0.16394036983013796,0.9966498586094428,1.0630210023993256,1.1824479034019806,1.0387760785747162,1.1892572529047492,0.1985635963651879,1.3652550843127804,0.3777406505587336,0.6474733050230872,0.8717160008243245,1.0124185344431855,1.1615199506533607,0.916277153768012,0.15819760634206512,0.9765392550698907,1.058505810347662,1.3939195296926674
-2.3348012450928097,-2.558033349553312,-2.6746246836335748,-3.1495373317176263,-3.0058417264861284,-3.3513312733893796,-3.389274628133176,-3.4768126877226604,-3.9355578110930947,-4.079095209363228,-3.6607661182247146,-2.6316524081833674,-2.362452384017321,-2.2235502449578584,-0.27337953856517083,0.3796420592611552,-1.0440878256873827,-0.36393884408122784,0.1499440242711665,-0.3659763556742356,1.365685929134971,0.5770246612216127,1.0980182946430155,0.6300981310093662,0.7428011114645593,0.039242511783237385,0.8099877764808757,0.4959784370462123,0.8806069623261212,1.2192110428619536,0.6073870288028257,0.7589293949307839,0.8764318747646657,0.9586545120204382
-3.1614948987798335,-3.3110702448816176,-3.7808914016593156,-4.055053731927762,-4.252044372031199,-4.082615698345488,-4.777012256565645,-4.640488431113564,-4.791172929419598,-4.804146793925705,-5.196844372116889,-3.6608390133494293,-2.673549268145485,-0.8865959730693557,1.1916117724990691,0.8663703215550423,-1.5512505697244312,-0.14685321591226466,0.00614702854877239,0.05171140958257221,-0.14623863204012444,1.4055817526870589,1.3498468631019642,0.5936230285437779,0.07680579600721243,0.3236964613698721,0.6113569857463338,-0.03952332298193595,0.6492987468808677,0.55734318337362,0.7031766075373895,0.6553944744540611,0.5826137153153568,0.9268079278541788
-4.18854671435407,-4.249128109783197,-4.499448137951547,-5.539067573684004,-5.76416003497842,-6.384725903834781,-5.900526924353694,-5.6350858538087385,-6.2226936462566,-5.604394764002095,-5.307958707190023,-3.2576474281145305,-2.569099147400311,-1.3242558585803044,0.5183929286841049,-0.197719106956289,-0.9818581266204073,1.0399410987866613,0.02440402525230541,1.0834089851305893,1.2418733163023006,2.028200541430462,0.04777097626930677,1.3303637639266417,0.19238718194406806,0.6242574952069316,0.886258779250492,0.5796166859487675,-0.2582964151502667,0.08642237993860516,0.3341807023302645,0.8260098589063091,-0.25618359516851386,0.14842348795737487
-4.333776052018991,-4.9346838868711504,-5.2055023481261475,-5.4505335771287715,-6.755581953954282,-6.138862724429282,-5.311262701730392,-4.311584606232044,-4.829776130173574,-4.5894034631899485,-2.473489977940073,-0.9336264780700162,-3.0743401305761715,-2.36309452366269,-0.1794545563978036,-0.4540386198842032,1.0784234880290011,0.21738028001503315,0.9141150476088125,-0.1064974733284881,0.22920148396034695,0.9636368199987001,1.008057264361269,0.10988643859381078,0.5202156929088972,0.5477364159266969,0.4862573650024073,0.6888836407279728,0.9530356452378905,0.9377996129115106,0.5393391581905661,0.6190188746329518,0.49230182287877067,0.8812831642254371
-5.3403377021518,-5.702871128546521,-4.154135951979978,-4.1215049412063625,-2.7689026606940734,-2.356543546050993,-3.0521595818527123,-2.440540563064939,-3.085940673445936,-2.6757225106608113,-2.1898233333785173,-0.4744434245679576,-2.734109122825708,-0.8462544243591308,-1.4521478073189258,-1.5776733244284122,-0.7401720366171629,0.4853422056167287,1.5810265584204823,1.2310079224601695,0.22177169366416805,0.042654504758010275,0.7672831471770011,0.5849060048646202,1.03073328157811,0.919828882136745,0.7489902668028872,0.6038156346964441,0.26423217370289404,1.0246281735578846,1.043726277132171,1.4750164045316494,1.2788237092565369,-0.31020984359809256
-5.391434200186479,-3.913743936055067,-2.4043207553874946,-1.670073501820108,-2.5512577099115563,-3.0608974848641455,-2.843834652850357,-1.4848362688306471,-2.5155528391807436,-2.5520557545483156,0.31572608431882904,-1.2937944659188843,-0.45492639573640836,-0.6601557005491253,-0.7999120129898818,0.4410894055409173,-0.3316595438598687,1.1424135579235681,1.582232080014047,-0.8168641089742553,0.7504295875868999,0.4951339218127794,0.5920487527423149,1.4779375344204146,0.04820851002916743,0.6788499720437569,1.1721392063648934,0.7249876144291155,0.5599190862231352,0.7823908168674898,0.9899833487209395,-0.2634167026356576,0.15553872452064807,-1.2069504493916579
-1.7390018809872088,-1.7951256324408287,-0.05751980315924082,-0.6442265794035931,-1.6027789403448007,-0.8957883368630949,-0.5698904769716105,-1.8005197041185375,-2.1651369754079086,-0.16021196239461405,-1.273757709447185,-0.05997038945542552,-0.4698497041556285,-0.36324021202979306,-0.17506978548023638,-0.8233459814180486,-1.3381315402172416,1.112938588999242,0.6682512211924265,1.9327712327097617,2.4552310691931787,1.606859593762665,-0.4843202033293901,0.7115005399667589,1.041026261707983,0.4966169955904355,0.6213690370320639,0.7505167699184565,0.6458941909583333,1.0406783055987259,0.9821701976543079,0.11283900870059838,0.9269160585872123,0.5756299781984957
-1.5660542099205954,-1.181025316547412,-0.5883327139672694,0.6364083915325868,3.0488322551071056,3.260627872839064,1.7602940371911369,-1.5274078730772227,-1.0941441124905265,0.15491376797524842,0.4646742270195814,0.08748257844666893,2.545326703457986,1.3121508141187053,-0.22670941238623682,1.5159981165912308,1.0089337414934991,0.31019846861823647,1.473529209584624,1.282847982057482,1.9336312533932631,0.6722831781039846,0.6778550295158868,0.8725752375487765,0.6998661972515021,0.9212927593521023,0.4054179474576393,1.3388030297256117,0.8330332536849614,1.029286502632212,0.6562578292637763,0.7361363971273374,1.6646671387278562,1.7033559723655276
1.7940537612832201,2.856666549829251,3.566857037348487,4.313814967063314,5.167738677970718,3.423606592518495,0.22874089965276145,-1.0432777506306403,1.5310372351145305,0.15987572330922725,0.486319912094377,-1.6590545336578997,2.366827469345369,4.125773160051388,3.580105041378642,-1.0518375440010639,0.304968678849775,-0.13240840510555293,0.9628268721786439,1.16538891310874,0.9940541270031064,0.39058772423487215,1.9986243427087411,0.33374530429210575,1.295852402043037,0.6453482152107467,1.123570800246045,1.0755480657404477,1.2424981894462712,1.5193909669132113,0.07877156926011197,0.9241228367591281,0.9384784223632358,2.026686013826489
2.130297850941015,2.275632771622953,3.7261002369116376,4.55446676005899,3.322140012083308,1.1864330181977263,0.44969803151325655,-1.842100844901862,-0.9348527964438756,1.9743493230563733,0.5739779945725604,0.6040260779805713,0.17368837471757326,3.8881790209004845,2.8059169759502955,1.1817954271122082,0.5877441490962135,1.9672014677944263,1.6209886335709665,0.8147365559204207,1.1248235919775063,0.6844259015201001,-0.8053628199606266,0.8315655974910277,0.19829539077344668,1.205151940906552,0.8385288443076199,0.5638594998344056,0.5538071544007545,0.5879338333859206,4.396827576936167,2.0114731784457485,2.4476027820076434,2.4232449941776437
1.7218522560099283,2.2308088603947414,3.8191965347310153,3.8775785135959526,2.14608549414066,0.42510259822958835,-0.531829972552881,1.1459731041116894,0.6882311577828805,1.7907692441552208,1.7144297295961453,2.175431306445948,2.129060187530186,2.907103098956257,-1.4565684157187946,2.699887205602005,-0.2771802552014445,1.1774628728104604,1.0710402687910727,0.33033099314886416,0.29878634877277566,0.7157559807864011,0.7681981954644784,1.0554212954331454,0.6154320001136747,1.0695232445898177,1.3663799840346103,1.302170038623428,0.9859636400079179,-1.7023539680881394,2.9425888387679278,3.0123170867196287,2.7858114657670576,2.1294468677410787
2.024058692912088,1.8587571799484237,1.855824606286073,2.2358361308772365,2.555982934493501,2.3135267507089106,6.127510050086364,0.5504763049169855,-1.4999422539319365,3.3373443348359175,3.8957338125356453,4.076538747155662,-0.9029439324539478,-1.1684063436545962,1.5234786131520963,1.8973330878788275,1.2046101244365774,1.4250153516889483,1.750022652889995,0.855283110967972,-0.7182055653536817,1.837368870146421,0.7357820511129795,1.1603798377352204,0.9839735319792817,0.7365082721391841,1.4781293093341479,1.695178139700997,1.340652685130197,1.0542896730256277,3.0027571201920558,3.5568165572244417,2.464286335893325,2.623528124245414
0.6736971175973799,1.602590634050714,1.4215330377347992,1.5240205931089412,-0.26107282761486117,-0.2506060240672357,0.7230473214842542,1.9993724054301512,1.140345489105713,3.902983332150622,-0.2874159925184857,4.052796335217526,3.7005877941172907,2.6751340899928255,0.8758630735795228,2.316400369238295,-1.042035670767034,1.176969719331651,1.0535838090837464,0.6481814132660263,-1.0484877226987304,0.4769064548185821,0.7360566531833378,0.7961576611192426,0.44427765823334675,1.1848346270205827,1.0386726834876716,1.2083141453595867,0.3475037148226622,1.3116511753900937,2.8741300644157475,3.472332736939006,1.9287820584748325,3.0288341531299317
2.1302370906121157,0.38024781086828957,-0.08657844570199129,1.495604975497376,-0.7958320074758203,-0.6794640060941689,0.731200954805261,0.15886161677228575,-0.3330075799084212,1.2228591194839384,1.7431152631692748,3.582922238552821,1.4185142133427815,3.3712459173968514,1.193397016995284,1.5649669976345113,3.3053829722462487,0.12798744730678108,0.6157118459994051,0.30482048877894696,1.3211338583364913,0.26451028171846047,0.8658478833353755,0.8165360000531882,0.208166721954144,0.9788801917537545,1.4401873153926221,1.5083042915675746,1.1558246462713517,-0.5857178576723455,2.5405140346748447,2.1729287372787014,3.657013061610632,4.5508479319928465
1.7112629590508999,1.1330901853110902,0.10957388072631788,0.5860569622957998,-1.448892805761733,-0.6890091447379679,0.476135232629749,2.2916490498683744,-0.007192147245524133,0.8099814994081332,3.7080108105024006,4.139787164435854,1.3082525353913508,1.0988107913570908,0.18803503669581512,-1.364947673867299,0.9541939239283449,-0.5109954549364122,1.5427125496714278,0.15401948182041003,1.127304848170014,1.817833407281378,0.7989504037963435,-1.4219954444219656,1.0967025166251088,1.1963705119777122,1.476795646790705,1.223700079277975,0.782195207981244,-0.6886887808077625,2.745323512014572,3.092387097637482,2.9449574745839406,3.6423768121962503
2.181138942789227,1.6536172650999126,1.2270555687930615,1.856269237391241,-1.522603762861822,-1.2478794239423872,-0.30479139357594964,-0.20341779384460335,5.237471396202245,3.025089148903838,1.0806897301550416,1.3248971758968626,0.39001570782792566,3.022870269808692,0.8899000098557682,1.2798553259029357,-1.4124668322238043,1.1614618160717662,1.2461026828245645,1.2871381656218805,1.329627703046416,1.3383641916553857,1.5007045264313574,1.3886723140404007,0.5428301028518816,1.3439323471343851,1.5472158705497485,1.5087334840176805,1.2039953948701965,-0.8622866133864194,3.5326553825855047,4.6460968829743186,4.40708300551841,4.1809434896109625
-0.8584932343563964,0.23263524158903176,1.7224465179854092,0.8560446405210212,-1.7696050794692881,-1.9881410072206656,2.672788500700198,1.2031974831093486,0.19578428643837886,2.384644723610643,2.000372533960142,-0.04412473904428954,1.3267759799902346,1.3442385103887196,0.027213580034784003,0.7441084739981725,0.24389996825346527,0.6665086221706689,-1.1956291126552334,1.039904606817514,0.6094275202272555,1.753508166093229,1.713642281866877,1.5046247356925893,1.3594883405595863,1.4165678739466527,1.7599943371329543,1.9415377734663815,1.5426830792156325,1.7675714062460013,1.7668482977198987,2.9973796419685175,5.023487704675645,5.257842387798471
0.1568497200611553,0.34006368526634806,0.25685237749231216,0.9728008165661287,-0.6084264951627901,-1.3018847636372866,-0.024876521978429912,4.158949266182127,3.110338862615024,2.5921829545768698,2.9322456456386736,2.9831943546198034,-0.18172249852041175,4.791358357990061,0.5380227417042094,1.6309609272951615,-0.4426328155649859,0.726999165358,1.2554571657581657,0.7324548627974532,0.4113329162404778,1.057183705081001,1.9322435400991715,1.57436679918976,1.653129749989594,1.2018877735541909,1.8012486091217246,1.7218469557041607,1.8742433114068369,1.8952587590040264,2.0640315854436375,2.0275392727773607,1.5570195473895856,2.2399622304818023
1.4544034594391948,0.7765234082585571,-0.3094179317866537,0.04674218614904848,-0.9187349006887415,-1.132560471930942,-1.0920399105690382,-0.8325528111097031,3.1145037256947954,3.201327130749398,2.785117261067141,2.7327900072383415,1.435961937535152,0.7266380924507609,1.3791841649269998,1.1422227512621566,2.0373805411093766,1.371155332314926,1.6281256579017587,1.2882696736896069,1.3800584920519512,1.2835192586170734,1.7528599200094628,1.6668500781580204,1.8720427435383342,1.8786207359328724,1.6173179519525076,1.896990907567828,1.8609309802134977,2.7558112578083223,2.798669265503259,2.328872935368153,2.9211026311966997,3.1418757548515894
2.154927314103304,1.0486640368194842,-0.26119262658725195,-0.8101540525740856,-1.8786263676255845,-0.1065323702283762,-2.408452406480301,0.436667923473654,3.4431197428356075,0.41442839077703164,0.5732572068434293,1.7343065745301265,-0.6425016392879034,2.787718799549693,2.5578431586135304,1.201772076377634,1.5856895481353286,1.8422127635541303,1.73935856628246,1.7211991865733252,1.6889847451017845,1.399745959785059,1.695698250862286,2.1046797147642455,2.1934623377604,2.108116188895982,1.9228341830454374,2.3943761669089247,3.344313491458231,3.736105717479805,2.9541464788047267,3.3320289526290283,2.7698979539546764,3.0669293088998137
2.5313806723578915,0.8700655085581879,0.22809843470425434,-0.8440831116152957,-0.47941697675953554,-1.7763888864429491,-1.7158453340438309,1.539803520537954,4.29261275012322,3.382810251265887,-0.08368305506794102,0.5421500549801911,0.6895653199125164,1.417097956638413,1.7215524834005198,0.9453566747322562,1.6009021768257803,1.8659385752804183,2.2351985483475776,3.1369078933850245,1.8688010051070343,1.8138394699583218,1.8603501437221424,1.789038108065544,2.718809001064754,3.1088538466683153,3.7815343123719978,4.71475553123388,3.5071774704550767,4.151632335086726,3.8687137458013012,4.45375403364802,6.063262104293455,5.5586137171209185
4.488641249717916,1.3262256973015991,0.29481637458989507,-0.4410616076075963,-0.8028036584246541,-1.6486156135540724,-0.2754228326918107,-1.2554931254452395,0.9936471228566756,-1.349588088047174,-0.13740814704561982,-0.05403566638700578,0.9206344481929543,0.4734301348842166,1.9512139940781756,3.8480493671602676,2.136158125272635,2.3801650895301782,2.698960933582306,2.8237830720694497,2.963505301974464,2.403011433812497,3.1835819116375297,2.1372943841489156,3.518643442684094,3.476403838058434,6.577386889747859,3.9282303264297296,3.0651442344535345,3.371610037554134,4.162471555680294,3.3755126287369337,5.711024333863322,6.006300560562849
4.196619785369345,2.446996154584421,0.312683378184752,0.39414287494372224,-0.06801824832072079,-1.1271727069969386,-1.760043564140904,-0.7227160834011508,3.7677082180750707,-0.26267995648042664,0.7786052972910646,-0.15726951595591865,0.16403827393503462,1.4490534920310305,3.091449937883212,7.873374156948512,7.073020034998547,2.9894202305271516,3.0138688400564275,2.8722029256010497,6.525887003983926,6.710930312027606,3.8723932363115363,3.196088942545619,2.98211820942089,3.3458959987015624,4.125225143678174,3.149419963122208,3.0606991729428965,3.876547190206686,4.103618293419312,7.312361568115196,6.508697929229339,5.928799479708451
