script/wind250m.json
{"header": {"parameterCategory": 2, "parameterNumber": 3, "lo1": 6.000198445256149, "la1": 58.999992894266676, "dx": 0.5, "dy": 0.25, "nx": 22, "ny": 24, "refTime": "2024-03-08T08:00:00.000Z"}, "data":
[rows 0 to 23 of 24, columns 0 to 21 of 22]
1.1301930704975631,7.033494454099613,1.8480510715935212,-2.132477385241265,3.1545252520223337,4.360377846024201,0.36688097326150926,-1.4886280142391384,1.5411938138245946,3.817926698662393,-3.3966836648751535,1.7612593817450846,-0.036809618072726584,-2.323047937724444,-5.37748313867763,-0.2381269728799696,0.2943051350987876,1.679569299545461,-2.6164697319735715,0.9337933622031488,2.66901480142336,-0.9422338244423403
-7.086375336723221,0.13460583514728136,2.9356098600978107,-2.3345284434594897,4.3609215287413905,-0.7695980835255477,2.2770520967676386,-0.5317540689551818,2.7056251699889957,-0.19452321717215562,1.687167566495614,4.368416866178947,3.556814865567103,2.080809534897183,-1.7347919416005475,4.5649809944491615,-0.7651727443176136,0.2993105706289662,0.8744690429043965,1.173900827925903,3.371359938365753,-2.604330188604318
3.2209975094811822,0.8221684401860033,-1.6310661919378948,-1.9784803016212795,1.1486473362217409,-0.8859348235830806,-1.339013388662987,-0.09886974745532692,3.366889205560218,3.051535550955783,4.050835642355449,-0.36572917683222933,-3.0665350840210785,1.8533478715454024,0.7655820773979813,-2.411202401468032,5.721366489726772,1.0880659284408487,0.12486269243277597,5.02109203348523,-1.8440540276259951,-1.0897329847951933
2.287158670668626,-1.6114574019504468,-1.275917238898763,0.7176408805648339,3.0244415606865536,1.3270779095636356,-1.7612504456884976,1.194751611601107,2.6906768991913745,3.364697364883549,-1.6019845545463913,-4.345351799868284,-2.2143838582984374,-2.294085259681306,0.22822970998524408,2.5828573190943493,-0.35508214610272826,2.5482197304183876,4.904439738245192,1.418969281045838,-1.4914191899425253,-1.9305045468660313
-1.231496610098395,1.999316907355545,-0.21218893921956275,1.3158160163777948,-1.130802593534407,-0.4229580006072094,3.0388539369936343,-1.9128271197856759,1.2499551206034012,5.356080105278411,0.9379237979022477,1.2651184885136626,1.1153414283135132,-2.3071829702273705,-0.649532203265174,3.697438083312915,2.6403357243596246,1.7040528601385445,2.6052399076991226,-1.872711503638831,4.820291940906253,-0.6190657711219231
1.904283129595569,1.8975132406230073,-2.0409434762926772,1.742929928564404,4.593433269084369,5.005802571356982,-1.0403397155515393,0.5999020010374445,-1.276547734277903,1.6295990184610865,1.6877337012873281,0.5063699530830968,1.2130338917575243,-5.337049017276578,-1.4960551696234599,1.7449903894686787,2.034222548080533,3.0005175845288004,2.2714990144290077,-3.649834462722057,1.1012889952427083,0.2941454522275766
-0.15794257650598043,1.3505785224691855,1.3560481501743291,0.888477154689836,1.3248952776490845,-4.149059061429373,5.666412297966676,0.04953078861022639,1.348388613669313,-0.5065504778634864,-1.6892383310036292,-1.1396011447396657,5.631815458034106,-2.0953879631526524,2.071837650684944,3.030677701716741,-4.1045483348766565,0.14975169152264273,-0.8801095995867021,1.2034088723894174,-0.8759813071294893,0.9605287469082181
-1.196809491320015,0.8391060044372554,-0.5500007824895948,3.111483801651898,-0.9321227862652701,2.7905900088447706,-1.3767516494108745,-0.7388780991188431,0.346457844425281,-0.6950773887423725,5.0479168041072455,0.5506287016467017,1.1901140635477725,-0.799602994857675,6.640024507492806,0.6003328487168171,1.269815243740135,2.9702804699003407,-0.48982691009377366,-0.16254355628238287,0.0006943616399088051,6.432070334634893
0.12636072354251163,3.1613596591539306,-0.002600913497385826,-0.4142537873088135,-1.8298489325425586,2.0179796505616148,3.9045033408251553,0.5581147614071919,5.269779555735772,7.2191452159534935,1.624549615790247,4.253298769969894,2.6015144962236056,2.1776871996182785,-0.1167668579154587,0.8873327428610547,0.9941624837435309,2.5390780812894973,0.023702321974753107,3.6148721258634504,0.27652867241839124,3.382235804544386
-1.3205056128521802,0.181672909469248,-5.516851348061019,0.7951611060795641,-0.24781472100619842,-1.7434337210476205,1.8333841582792052,-5.460911003160133,-1.1784873624093624,-1.2903840267547557,-1.462826321581732,3.9396192898898206,-2.006461070885334,-1.036755436627215,0.0384120752000041,1.4193118863906602,2.8675677221008873,3.099696456532665,-0.7838282085116867,-0.44332779995561705,-0.2543454066199241,4.147370801519837
2.3163913720162594,-4.764794718448118,1.1587180134244026,1.6480116221745205,-1.1440080801308228,-1.1488275150822898,0.048806688675092184,-0.9794597344910154,2.902215761681265,-0.04190148453766818,0.5162761763524971,0.3426145722595572,-1.6917637250799682,3.1347751800151884,5.274342248294974,-3.601984563209525,2.208140595667766,-0.9091876978916372,0.06072068397646046,2.9442691809827424,1.9243199758258982,2.6434232063806653
0.926876637196984,-0.8577555070408118,-2.3577870463306536,-0.46053234964230666,-4.229826876693812,0.840329865661594,2.5027595522819213,-1.8796858387515782,0.9669503879404008,1.562007315850839,0.01778340112505762,-1.5077415652886366,-1.6704882961664287,1.159673496535426,0.8176975928428057,0.5529969327168197,0.8167000954995784,-0.496195712652704,0.9155643020469235,3.0887174920615044,2.8846640972852344,-0.8102727228816711
-0.043647063227534984,-1.3212348557408031,0.9196117197426856,1.5419188428725439,-0.03138329421893153,-1.7431269622025651,0.17272739300857243,0.6032880389097787,2.7635794685610375,1.2614786682847778,-6.879065412747602,2.8340208401596505,3.842497898768869,0.7820543691340546,2.343601450544607,3.4238521119555427,2.2587507170623353,2.2770309930345833,2.1568684600266654,7.1577510436416105,-1.2914918872530692,-1.0956837279720906
1.6119605793455025,-0.976402314184255,5.332270735282814,0.716799492360772,1.4161834427996631,-0.10027686251912209,5.682781633659716,0.5709184869252402,-0.38658906173573354,2.772571984812405,1.2585641968126942,-0.3872165881325665,0.18322727677534256,2.7934248453988406,0.643193191889291,-3.90456730473455,1.8658361693464074,-0.9913039833625278,5.372442232016386,2.8863214978183223,0.7231342056295476,-0.11016168701385351
-1.5454328525641077,-1.891088376840238,0.3758831910062862,-5.385227406948817,-1.129781038036443,3.0757121554105695,1.608977767021733,1.3459548713360534,0.38585152800956374,1.0364588329719044,1.1920909612261839,2.753192513173209,5.913751564943627,6.61974976244406,-0.7239338570293335,-3.9268388555626688,2.6111375984964273,-2.6977872776946876,-1.3101381042014124,5.856773508262358,5.2960364917555545,-0.4491059152671079
0.7959305082203308,5.59550823323327,2.082907286090295,2.458251321729972,2.712981484642188,-0.7570473735278372,3.556253103341027,0.16889085690677794,-1.3643572389580507,-0.6963637053762101,0.14883956382584426,1.4398973503576342,-1.8509725919442348,5.0503476054485565,-0.6983014430338425,-7.72986953243403,-0.3258967081987196,0.7711935969226826,-1.07681886062736,1.8791228708931955,6.774666799613254,-4.288359965833787
0.37293747333811517,0.6852715628887602,-0.7378866555119462,5.053988937936526,-0.4230019719623408,2.5950113549759224,2.990303761282128,2.680384851511581,1.227875143892846,1.1214761578201777,0.35164137526401845,1.8558579450899053,0.9409617861407367,-0.6521787547262864,0.01651979796511262,-4.652774473966486,-7.656525967041265,-3.831182563512375,-0.6025845649704669,1.332784478514281,-4.292016646643304,-0.7215287401024767
1.2566369051153476,-2.0064669953576675,1.9274892136750166,2.022964986674071,-0.16276783712530982,-1.89763112074002,-0.2530742957544555,0.9849655502822081,0.9797932183843768,1.3687507952938465,3.4593433916320433,-4.740236911241813,3.3173312637254457,-3.3374788556598847,-0.18712582237704878,1.666982546496401,1.4320961205653346,1.2827706013097582,-7.464896244608581,3.737907628723762,2.0002377767848523,2.797624755246092
-1.0475471428661085,1.8999981698831243,-8.42502448550204,2.6206592275061116,2.581496364228203,1.824024325053598,5.405576010274379,-1.2955721394448612,2.314447319299228,-0.3803432874865157,6.458187593730256,-0.9357015151668097,-1.7616396959226353,2.218506984497896,0.847843351006082,0.9648534701246121,1.6821111158711524,1.9421473250433297,-1.7644053291798365,-0.4483132551563904,0.35688043562562977,1.3644780577263533
6.876530906074316,7.287837719875711,-0.9709822614070739,0.6218693645851259,4.119997860897444,2.4781779039132457,2.0955750513255436,3.3283850589576454,-7.636831643295769,2.2366792521351386,-1.6421854197516976,0.30982475194165543,-2.1228051033753434,0.029868996979879717,0.8630365353830727,2.7241040736576916,-0.44438089162649347,0.6582029153899496,-3.925497468475846,1.2457221909499159,2.7659135997478206,1.4576222307204119
-0.1957049020560138,-1.100916593523507,0.7455436934803843,1.6363087078291678,-2.0341531545462455,2.7407263125544414,1.151925782206385,2.149521865762976,0.12158423774998449,5.33495466961883,-2.697058038015504,1.1834086568250297,7.148137519404778,-0.9817240812891012,1.358042482741517,3.102489131160675,1.7326388661596188,-3.814794230121277,6.352735267531569,-0.4090469264445731,-0.015567552552646484,0.8624741322371015
3.2457129579194244,-1.3178403377000927,1.335399222630474,-1.4664396165160936,2.445464770694378,-1.9080356710834896,0.6818055991752536,-1.9914938721475752,-0.37664942086305647,3.682767812353589,1.404818325888375,2.6520449117270095,-6.484461144917984,-1.5037857734994815,1.4393522484104975,4.880217733587568,1.6860579040204884,4.458151122007109,0.5198788492754932,1.4566131516700886,1.3049546087987087,-0.4520414047752817
0.35261146343029165,-1.400559306735509,-1.4703311475635479,-0.1859591667912312,1.6187383653625171,2.353634452400759,-7.403729726841689,0.8045153998777193,-2.3022043320325123,2.1208228145332204,-1.1946081532134205,1.1179354472873064,1.465932246605315,-1.1392176264850928,7.443771148843862,2.969804227210706,1.6542285744930008,-0.07052802885040702,6.487162630085666,2.1784295397511704,-0.49963299679039114,0.9161065213649594
2.625476652645775,2.822869436450644,-7.766062495698506,-2.8659367730474616,6.072339236757259,2.9922914914720673,-1.142953058376633,5.750775263007641,0.10326738959442268,-4.13583879489091,-1.6570845771264324,1.169159372200666,-0.40271752848918496,-4.705634486518542,-1.0835144513112394,-0.3060521221740142,-2.296844987922236,-0.21875504898503165,1.479088177284343,2.4618001479159175,4.6874275064208275,1.804415436924707
