script/wind250m.json
{"header": {"parameterCategory": 2, "parameterNumber": 2, "lo1": 6.000198445256149, "la1": 58.999992894266676, "dx": 0.5, "dy": 0.25, "nx": 22, "ny": 24, "refTime": "2024-04-15T20:00:00.000Z"}, "data":
[rows 0 to 23 of 24, columns 0 to 21 of 22]
-10.128605572484394,16.480574752350407,-5.142496932511697,-1.6093525478842017,13.800665350758575,13.093591365707208,-9.17284006048117,-3.373729958213454,-13.67024165253538,12.247159677251643,-12.714747846937499,-11.951353639469902,-2.838733699037478,-6.998314404332154,-5.850625532689115,-11.52279373332696,-15.802439580197168,-3.038514851688294,-14.727873689508197,-10.363890229359088,0.5379814313930957,-4.759549166585266
-8.735146876022988,1.2235091721395073,-5.283558695809551,-4.00590892003687,13.930500219299754,-4.9144113044109385,-14.100189048047161,-5.884291304675785,-3.704592808043669,-1.1754765014417086,-10.992946249579422,14.244868456534945,-0.10219730859180974,-5.367787979402499,-8.680023269034175,11.932700046981976,-2.6219471580234655,-10.79958974629394,-10.970709802917426,3.8959812218159464,3.058797935032552,-3.2728552419546437
15.159264190067574,-4.264974623632205,-3.927770106214294,-12.866718216389561,-10.278732034882186,-6.045917086965663,-7.06275282478925,-12.06747923886254,15.341707891968904,-10.629817408463854,17.594098606475097,-4.5842992164611305,-2.7679564317455014,-13.30835424902933,6.735708559651354,-4.42845403832202,14.491267791644503,-9.430710843185034,-3.2210341219183305,12.692832729200994,-9.797108181542317,-9.959064383843678
-11.362489230502423,-2.879357352306097,-9.42176160595393,-10.031532517375314,15.703536545786779,-10.544252543028504,0.49644167569996356,-15.963073252843774,-13.163832429757413,1.939027010728359,-14.180751700578597,-11.361668493574937,-4.367137786844126,2.1267578023307134,-6.7528694947440595,16.498405195407607,-6.917850440348113,-11.733816024129581,17.302951137267808,3.0143316043850623,0.3344156765673029,-1.3165668783273292
-11.146164527603771,-12.441284483044901,-2.238799835051165,3.9753615667668076,-6.799285995834105,-8.611389856146602,13.835259463756136,1.4425726813650666,-18.137696743784236,11.816704440531396,-10.40368039747603,-9.967177664148211,-7.11317102281498,-5.745966186064903,-3.5755764050561183,-15.118831862423757,14.57801872173487,-1.4746179920184401,13.374533526813739,-15.582544350188307,11.393299954513196,-0.42875939246553696
-10.43896509266858,-11.816614543728361,-5.1201897698151875,-11.244925667731396,11.428830999777183,13.007016852857248,-3.3472059934098155,-10.331047946838131,-5.734800332048051,7.022869678487604,-1.190392089938648,-8.754336322461855,-13.640453988047044,-3.0450885237481895,-5.552566316333109,-4.299320226820411,-4.320996422023943,-4.592148732093053,-15.360546881463266,0.0024556407060687914,-11.717069779936232,-5.453621011837176
-5.087065473188319,-5.124216422545819,-13.079695215259257,-9.869112113771125,-14.395526570949933,1.2172655610327268,12.491433044963644,0.6709155560030166,-1.5755748061750443,-2.598209010935509,0.5233291844942237,-9.625970117783574,12.493754675963167,-13.64744611368172,-0.1086025856960383,-3.931794962052461,-1.6843445234242378,-3.5081615973499916,-14.454465881216377,-4.785539805466003,-10.66737675934404,-13.320961460588421
-14.450977859766992,-4.13566558040618,-9.260768989110222,3.044783612942138,-12.079737864061972,12.417766470203917,-4.608711380493748,-4.8274321269751335,-5.404893299831105,-9.359576025459756,13.729964983773183,-11.866680182798708,2.25321505999678,-3.3199905605159956,10.14082818474979,-9.998930199783873,-7.5216613077026215,4.4008888165229125,-2.7717474525207213,-6.017906949257203,-6.142136477413751,14.767270467639541
-8.702140047321738,-2.6095053785534463,-9.408028873264099,-10.624352794888534,-1.8644447007214207,-4.899943395433563,14.093520238986533,-9.109558560370923,14.786274168593373,12.358371195700217,-11.058925563514698,13.332342531091138,-10.644934887294095,17.00853870558824,-9.726793151381363,-13.06176995486222,-2.3116051318471897,-15.340397126352624,-1.998019759381399,5.8184890288457645,9.972417692608474,-7.242171783806489
-9.583885661535083,-11.883052128946458,-5.961831924042479,-9.99225434583676,-6.7350974244869075,-12.524595478174378,-10.79067431899484,-8.559508271123018,-6.871515956136427,-6.391188728096627,-3.487891556226977,11.260054993232137,-14.357985680471513,-3.7651035646566493,8.60676063433759,-14.155644481338424,13.135916781546033,-8.421637407675583,-6.614813498922461,-1.1309067242888604,-9.695699704365651,13.65113502843999
-19.013083500849635,-11.504560771766876,-10.673318891918152,-2.357352663133921,-6.432672187188997,-10.300771590565414,-5.57180453976868,-10.279365039656561,-4.85813843030092,-5.167295880791482,9.478464737847226,-10.46983446105554,0.3854212292764749,-4.411303855302856,13.20138695101766,-0.7091978535132626,-10.08857611153251,-6.3956966474054235,-5.722417949132332,-9.78229768783054,-10.505038235886296,14.57357278986232
-10.750959141302623,-3.41967728234495,-2.8763168173297236,-11.64300415206627,-3.2421247683793424,4.120226048583904,-6.2205345606772875,-7.532908053830863,-7.496041254755986,-9.830623973551116,-0.711120240994049,-6.094479092839586,-4.055513829332778,-11.182520936591937,-9.184395111136222,-3.2589593263473957,-9.194926021928808,-11.86409966966212,-0.13165797463369075,12.847791193167346,-5.32069279047392,-5.867387588105499
-4.156283928441493,-6.8885403177096345,-3.180883220295665,-2.3605010831287347,-3.0445403396494743,-0.6762502548096765,-3.083129362555162,-2.755919530046195,7.635758683062216,-11.069865986662698,-9.891952076988376,8.650333697362699,2.8176944638602506,11.965450995543687,16.074188172247997,3.9943947682328305,-11.926089940004946,-2.0478433470002466,6.289320660626825,15.979053130410898,-5.239454737235375,-11.11395944565928
17.801228250147744,-4.526967933207107,11.863760518550196,-8.40369938420951,-16.061505959458348,-6.316883875615506,12.538617965167099,-11.477131349970444,-9.787197072287835,-5.430804861839711,-5.6564304099219145,-4.280491656709853,-8.436071491050248,-9.790204475139916,-12.458077150709627,-2.103796191071289,-2.917093623953329,-5.231224298965445,12.93140934491857,7.252884967586784,-1.0601080038716821,-4.106678511604965
-6.53187273545758,-5.228157133876332,-1.2286146793404793,-7.539026183341697,-5.3098583371660935,-5.59632909057757,-9.728526377445807,-8.04042426763018,-11.975011848675262,-3.6357215598340216,-7.229204705512192,-2.203671744790418,13.98542284799869,10.397724249279625,-0.05635946489191054,-6.810510798638618,-13.217638700914655,-6.960383656636193,-7.471769447528316,12.820447797365338,12.471155515765853,-3.0452508538172847
8.230396910535346,12.94912401769042,-13.21947291911568,-4.864625270761373,-13.326292760653102,-6.222468423318068,-12.484155438012161,5.093953470318086,-3.770699979922042,-5.383925689199748,8.646183051304739,-10.91842131398281,2.2867669957277594,11.450512218511246,-5.417135570410628,-5.709614414949523,-7.730717157534616,-8.595199163154083,-6.679195028038258,-13.456096907455269,14.982728119802065,-0.7514623292211506
-10.719718650772046,-10.647518561322034,-5.05927058290214,12.304830010555552,-3.8012334031824544,-8.040131090388286,16.527298668216133,-14.893535567059509,-3.601114071377767,-2.9903327233932426,-14.551884111548192,-2.384788153430904,-17.23136542579961,-3.608417502014117,-3.7722590173603403,-14.121346411878168,-5.418768261304665,-3.218616948673058,-5.633102397979755,-3.315700423717126,-15.201899023212315,-5.4608186278354065
2.1951525868518376,-13.780085167619728,-1.3514491041197796,-10.297852745588676,-5.420853260490466,-2.2796604202951736,-12.607865723268617,-8.858710355636529,-9.856517468288327,-9.967918701302555,-0.425202909166816,-2.2743544950860146,13.833691701995122,-10.79145241145399,-12.129724049009567,-11.403593495563683,2.834153891163129,-11.893739053124975,-8.231991491014126,16.603613581489356,-3.767123855299537,-5.1811738432596615
-3.1004643238941423,16.96159195609339,-3.5260396315240925,-12.020777623981601,14.901885075889602,1.3033521828933452,12.751112206482205,-5.520551197291773,16.27458221699603,-12.451692436267514,16.777667857717336,-1.9965177137450332,-4.1315086294383345,-4.549421408174017,-6.090569153208483,-14.705526854847001,-1.2693634585691689,-11.50586023625141,0.003071898176047047,-0.3833920718398334,-12.134145750888182,-2.0075910963483974
15.253798445253897,14.313582308972734,-10.262791117508446,10.084412976292635,15.12736918362131,5.45727423312132,-11.361193782718338,-8.202386015409749,-6.937536762174377,-4.230970836655928,-14.457602956584628,-12.312458149077491,-12.22270781829404,-10.828311045876703,-12.453981711992842,-12.834018798935752,-11.659056910975119,6.048976246269883,-2.5911612794715686,-6.756583621253707,14.416824326779878,-11.614215762271101
-12.087654367539622,-10.998153446832205,-1.3020228764993358,-3.750831747171956,-8.370180678518528,12.008071440131262,-10.99430002978572,-1.8003754982085238,-4.72044340470282,16.189329047287227,-11.05852790232919,-5.145137672108316,18.845047751171748,-2.767805540200687,-11.44872881362296,-0.18295381303067265,-10.451563695425675,-5.556636371634551,17.473069025505005,-10.482789497605394,-4.239718336511373,-11.95652995229704
10.625185301923413,-5.550599204990738,2.5870063926407028,-4.753495033529436,-18.67358245879665,-12.113674976755558,-11.68890388222957,-13.332269035047043,-4.462245278489121,2.8380846898380474,-14.339223408476903,13.227625123550578,-8.895979244047858,-14.291709542483487,3.347738506569304,12.131126958242884,-4.888046611188982,10.646540964740687,-13.907354869319423,4.7663303724054105,-4.123416012854025,-2.8877182730098836
-10.840156148584096,-10.124891377791766,-11.744377476557142,-1.9022817636129095,2.6844031618071615,17.245115226186048,-5.776117025180747,-14.109452492694471,-9.66849007672396,16.739016323920413,-5.844545271608065,-8.22536691586924,-7.087165551730347,-7.127110457076886,13.61046452288694,12.590283256408213,1.6057718021765623,-11.61348159522306,11.089493145930676,-10.300487790073314,-3.7324867553848167,-11.689135978150551
14.749572041403637,14.673688648473778,-5.876702146347884,0.10314414813589941,15.26909008249742,15.24694367634758,-3.4976307999466685,11.010754200316157,-10.648341329993784,-2.593947083287453,-3.3196097418619854,-5.336521273833413,-8.680152192214416,-1.0244316341314017,-9.421799435761564,-6.211958854063479,-12.738310034849782,-6.155622814817929,13.51655747592063,-3.2194884938854256,13.235579051698856,-2.491551121335665
