script/wind150m.json
{"header": {"parameterCategory": 2, "parameterNumber": 3, "lo1": 3.000054539987559, "la1": 64.9999836372058, "dx": 0.5, "dy": 0.25, "nx": 34, "ny": 52, "refTime": "2025-12-19T17:00:00.000Z"}, "data":
[rows 25 to 49 of 52, columns 0 to 33 of 34]
12.55539228576433,12.710378787771722,12.910217062361554,12.729591843535326,11.319688120707884,12.414256729914957,8.732644871647224,9.4794727580433,9.086118019721534,7.1396231884461026,8.121585444749142,7.6982719907215,8.096135820170755,12.528479247655222,12.657300324641293,11.617282801122709,11.13101192411085,9.278894655764315,7.09506267908362,6.146391114258236,7.643805524505665,7.094468409127512,5.840134682719372,6.316570598248837,7.647667766742268,6.687873891507293,5.766353036544973,4.694342036177695,7.755018206146076,9.981092657817223,10.908335342098617,10.447877759926179,11.21022782750625,10.448744813411357
13.398138279987858,13.207470681947122,13.20043477364362,12.803661437912528,11.504834498131455,11.389739149687038,9.04482458603527,6.563591432008611,6.76425765280299,6.468910679483239,7.468097065123077,7.268143078337601,10.814107929040622,13.312183074884848,13.21456689480306,12.811627862954722,10.739564762871238,6.693674361995646,6.3963343652195555,8.002656166081517,7.122935828020945,7.747718843499732,5.609882113674088,5.819017822465261,7.869105310751567,6.035266776011181,6.729485505725412,7.418592533131006,8.39026237766597,9.779177193124488,9.954850168493577,11.287229361293805,11.081481708627937,8.747895783243969
13.13479672468988,13.469374209499646,13.881430076287504,13.383735498268594,12.550478313237774,11.893926347896343,9.060008218797682,6.497669693849537,4.751207102378269,4.900219597053607,5.287269765439869,9.892046522701511,12.951532945509022,12.889295162301798,13.751877926439963,13.281532313586284,10.74599823692334,7.351520498936691,6.04335646227838,6.476250117187725,8.564375580050777,7.444389366270163,6.8313421433108825,8.694735476939158,5.509799745084198,4.84994059312336,5.913558103991389,8.051450005119792,8.475983778430678,9.071037349124838,10.095323671321985,11.211774697517747,10.665863884124228,7.674561426712545
12.46746581118584,12.714629553844832,13.531933922202507,12.626347384323353,12.319208112904516,11.008768864011175,9.729685707579076,7.438110265494262,6.3525845576734765,5.849898246350599,9.023140642958108,9.862610915787878,10.793773450399003,11.074304894913503,13.528044427298603,12.382597599467354,9.135033997150567,7.958532227889656,6.535365175822153,6.739378706885104,6.48085647396089,6.5993703756722235,6.259409700051772,6.612246377837819,6.662191240125058,5.010235533214508,6.224210786907209,6.632024145635971,9.155524648665327,7.899827515001523,9.778470761231617,11.463208648795367,6.807206784936716,8.1298020725861
13.136932587734146,13.025121222486181,13.451854547048178,11.86435933213945,11.659946375586143,11.648426030773425,10.796156307153554,9.419210159440254,8.117302424484246,5.648108818805135,6.975737935518176,8.027403373146754,9.261883459269088,11.644191283059431,12.541215186659468,9.005799349112444,8.914194490058144,9.162463321702573,7.430770258518164,5.683579271531548,6.383581446743131,6.312113300800384,5.403944987711286,6.431049005899134,6.673117186903368,4.936866421261353,4.177882862956184,5.829887812388292,6.80996921846775,7.5267374077722105,9.429434100530079,6.660021508265284,5.946336685189741,9.06750604498003
13.321614887089344,13.105980209360487,13.054957904995076,12.811711220307982,12.739771535974839,12.151098656030568,11.636378176922198,10.87019537742396,9.060100890328552,7.987288089790534,6.092696703081505,7.446143119455282,9.626670654927654,12.31338154400515,9.514564842124718,7.793852045889096,9.722343810730013,8.051742012469889,7.2129748471723945,5.287913755841402,4.585228016136561,4.693660450562765,5.237452531070271,5.566783567309382,6.735395182451547,4.225304322228576,5.192076483158664,5.560274749712358,6.943082653052695,7.476779569472599,9.021657393048395,5.878494456613207,5.891261887921085,11.274993527312047
12.54551624849162,13.397940478843783,12.947202259962697,13.277007767752295,12.753839998438199,12.470374717931298,11.932741485171952,10.572793624160825,10.400304158427835,9.731650958209102,8.955748615028078,8.169578138071996,8.157495344456926,9.494422655148375,10.208934184440082,9.484965129186564,9.661733367674735,8.072203170212768,7.305455578807447,5.790657603995432,4.7861437798885085,3.974329132998968,4.7139308383596,4.52212639088912,5.082540940066948,5.470418986072927,3.9428257676211715,5.868064045146897,5.90554643899647,6.839605448251318,9.53668096375679,4.983192548593486,9.935417031029328,10.986880205184239
13.235990186361057,12.456123665727212,12.46430062349173,12.61862687248123,11.864745140952332,11.622981476410876,10.968437113530893,11.410871308206316,9.91629527823893,9.822062894331061,10.155434500012241,7.663302055407491,8.489629712708421,8.907696625423227,8.812639687308698,10.091732449524098,9.865306306938342,8.655555662351453,8.273833082289656,6.722352151115229,4.796300410350272,4.756885729312906,4.283232692836101,4.417348588531244,6.113092970186577,5.331114976637058,4.177427355554043,5.634540891423981,5.3436513200935325,8.938884214886533,10.049505476900999,10.169544599296886,10.009493030475527,11.313124487977454
12.787114670371531,11.649520142530376,12.436890803367163,12.049725176560202,11.457914785656339,10.969829327051881,10.545845150760636,9.141177952305169,9.15502122954135,9.750983738484146,9.227554593768595,9.302262385622706,10.122124534613059,8.267941193858755,7.804443049227912,9.055200294774535,8.824324555145752,9.050748160387661,9.356033832761298,9.776318349496504,6.302565597773383,3.5521139089157154,3.2590380119704663,5.3328489484394455,5.334678885984623,5.248361150461074,5.051315211104725,8.451285682891966,8.79516379994353,9.291367291833842,9.495013153483898,9.190258018866025,10.223473173814716,10.469061962379964
12.551656804785454,11.764830112296664,11.526132155753404,11.21107058413548,11.018372661394817,10.212853428550021,9.59755469183248,8.82048981421829,8.305497535017942,9.305059291800337,9.758412613646337,9.439429700608404,9.04044528668432,7.730723700067102,7.004678096246916,8.404961230886837,8.006388212638067,9.388413416413437,10.500351472395625,9.78095347913199,5.248835316414264,4.7954354174030325,4.6720035748129884,5.599755134890601,5.823505360557497,5.7767754509001685,4.42234951409172,8.124539324341747,8.78009177325973,8.686232348582195,8.82315990867492,9.181983457476928,9.95334175390884,10.453124077022007
11.370563362583948,11.299843921120294,10.853159772441511,10.411223460391842,10.620098741009164,9.253399662704934,9.588172163906753,8.103704652180872,8.498838381114421,8.852654002037811,10.913155810076859,8.15824567733225,8.431786019647713,7.32502688876262,7.0576376852318194,7.6522135284950155,9.008421951991497,8.678230999375035,8.992210086567438,7.5389634174490086,7.1813028813965145,4.610146556914962,4.438612815201265,5.431779352553769,5.4713036952891905,4.895692151544642,5.023903681743568,7.756559323861818,8.54389847766311,8.961601435922464,9.198961105029705,9.807127368899714,9.97832569753311,9.890879407436387
10.562112529689397,10.84222312655825,9.614823517653807,9.93384462997194,9.43799445288507,9.014293282870153,9.269180125987319,8.624070809459084,8.011915054963762,9.010836014159773,10.582976405174986,8.650270705200493,7.761392268630898,6.092578960894335,6.719864173315967,7.538406967922654,7.676408307616833,7.953763001631259,6.814817895704435,5.320986194100803,7.337396479200463,5.826217822727842,4.7720720373311885,4.730361680568405,7.399553026822523,8.09462777566682,8.103940180907417,8.95057699836344,8.941237691673916,9.37801622213082,9.471017659260148,9.13051780025399,9.796430276584495,10.502899119419157
10.933781663281245,10.49670352123231,8.386973077735965,8.821326984957846,8.959550904924516,9.92984431706948,9.273744153826021,8.374015975696915,8.21533284916117,10.01539371941761,10.239882618265574,8.123581295114304,8.194303853194281,5.681499540395168,6.7432294445060155,6.738666339033334,6.857653135735135,6.049619217862529,5.7515631224059005,5.000893988838979,7.538873809258713,5.419538204064499,4.56029339207405,7.248637392096226,8.147279717597273,7.948751680908451,8.560212290389577,9.614858572145868,9.835259448822487,9.69339632177695,9.174479297771098,9.004972638089942,9.50375083046196,10.833805372562567
10.950391610565452,9.377268411205831,8.799903287985291,8.637078947659928,9.200328467876055,9.675693995936047,8.798075726538956,8.530292402988763,8.878723759671978,10.28379325083746,9.529812733572706,9.002648576044901,8.348547978993016,5.195479480849447,7.056452092857092,5.617867373652179,6.1297353596123685,5.995266092698057,6.087038045093452,6.5414221471214935,6.907167365276757,5.284434079356297,5.141149372223989,6.6201068460435994,7.51856836093813,8.10173114112442,10.019887537955432,9.270616267561408,9.931017561792133,10.19363421718129,9.61861436709513,9.770155379609642,10.229656192150548,10.7696517653927
10.524074948011682,9.677217007809935,8.345123317291653,8.630943251048517,9.210139338583451,9.213862275838492,8.199738848743639,8.25248458518557,9.281311582584877,9.038056274312876,8.478153435881218,9.53629838192942,7.058360158904256,5.151910855244672,6.523773139345983,5.275980089995479,5.271404676181168,6.289681473128897,5.432985346584511,5.794871548783592,9.117331712724111,7.83589618173235,8.304542070213639,8.267653285169049,7.887192297517964,10.234953477267808,9.660190601691356,9.793508036307525,10.339234776417872,10.659189687319843,10.444947782173001,9.447042912634625,10.714037789107705,11.914886990246686
9.699373442916169,9.50476470113524,8.190602019716051,8.825061680734672,8.76311091434805,8.154704923333194,7.7547459503807366,7.938322563827727,8.558192073263292,7.375673891732781,8.341699123367817,8.973574299450492,6.307491385235135,5.588983671869361,5.3711959018950335,5.445273018301249,4.818635734961606,6.125808635789231,6.13874167951735,7.66087581181557,8.978092067020897,8.75177087010922,8.982374879564606,9.423600914865444,8.130204785415723,10.539489791844789,9.75311575850666,10.562183806196046,11.026617959499086,10.613118195101768,9.885454595122892,8.57628106612513,11.288017158562651,12.293364882139336
9.816830920319537,7.8842926706619005,7.29104952978555,7.71359706480279,7.857462823968522,6.703528781285185,6.834302301614068,8.068751515645902,7.292056048593557,7.228001127829168,8.28326115447072,7.84364328329708,5.588242623451916,4.918362331579632,5.165001415744201,5.039085865679377,5.46865320996097,5.355937802720775,5.911713114691624,9.86275007755801,8.212744388078875,8.694231296816552,8.353181009529274,9.208215642356304,10.750393011753951,10.367034203273082,10.422523766149892,10.686089633518197,11.324820441147386,9.340870617486567,10.222066521880565,7.126880559876027,12.381352507133018,12.126913519308227
8.005471556444412,7.019121133506214,7.295360027133979,7.541350834280936,6.57073872395275,5.940281956551239,7.194986351252827,7.69187996511124,6.717244748349373,7.574769078976598,7.672718927212394,7.041409105507564,5.901461799236163,3.8171385158018705,5.19302934080251,5.481214792266301,4.226356511476189,4.993081487667772,9.432458316098847,9.785862065377172,8.027176018289166,6.967816677499595,8.577283570326259,9.64713397267749,11.146812604468003,10.659776858433538,10.385164783299746,10.978630188658736,10.222058837710197,10.796442220391503,9.146924268990759,9.911245680702251,11.571854627177528,11.096591917729844
7.212083502353362,7.185489955456527,7.232216531506327,6.577922839560348,6.200432198904429,6.600538802221924,8.092315643638443,7.460717825239275,7.902166239489916,7.64579454755761,7.43281758228247,6.560738391210419,4.70924877715512,3.3405980656055867,4.1692978541861345,3.8031073673013234,3.5162312259864787,7.811656796039648,8.537674283436397,6.290724843084834,6.88380680246616,7.910897175043437,8.353570882815122,9.528648991343992,10.159457797381966,10.725601262368324,10.050564348113934,10.393168366754088,9.76184151520535,9.449136820028402,9.930568803912072,9.10714704293018,10.11721797438873,12.843524494033389
7.036338390539562,7.372444298251979,7.58845536525802,6.517783356304469,6.269310316314427,8.071785103272452,8.27687772355461,8.47193314277013,8.83575023485983,8.44850412502514,7.506564663785188,5.531650497013061,3.8875013882924714,2.565390988422348,4.434006967873367,2.182740884197193,5.244852569483221,8.216104555960046,7.901737928339653,7.02222348767578,6.785905324966822,7.504862279894067,7.865593694410612,8.645287169709245,8.576195293659882,9.434826093872275,8.252439081257776,9.334380364122211,9.347216966769262,8.992507641004037,10.482672517881811,9.922080811054581,11.201681158011647,11.225042182579944
7.585889067946115,7.866780883607432,6.796936634683738,6.90644726431933,7.602767785861123,8.467388173188432,8.79410522026861,9.22100452751314,8.618671828575962,7.212374702703196,5.825800393476048,4.142821858880746,3.389543014453502,2.963235042542754,3.495029167003106,0.9889571900656324,7.479942108592963,8.405992285198026,8.731599722811813,8.221587768699676,7.909064494497484,7.133025890697162,7.747673451526372,8.321729276258935,8.280578740054697,9.080853012994533,11.286575652207636,9.070452879870755,8.169567208120208,9.806688889133854,10.583662929090954,9.98402216606733,10.61995836727022,8.016481601521447
8.313059329564004,7.753922028783984,6.27790958467649,6.958994459604827,8.029876272474217,7.845371856022945,8.568957542614307,8.747048772247828,6.9315610880248455,6.072820381162327,4.180957741469743,3.3438509240506846,2.598857409249839,2.657056999468685,2.069000602070759,4.378854901611234,7.880249002131925,7.352217818577442,8.658269079394948,6.812201034462199,7.280789102839421,8.115449012254668,8.475141251815947,9.155381558388598,8.68557405882224,9.732254459431026,9.320088102426324,7.828176666160732,8.802167784934003,9.320126383539352,9.948303626375205,10.841356651907924,12.044588640799605,8.52568393647766
8.443234045430179,7.11888577035054,6.909990088328646,7.631157475561207,8.234187330088671,8.631427966818825,7.513710447539492,7.245587713149715,5.897660355993824,4.504095272604199,2.674584292938812,2.7489429632787425,2.030921125745112,2.236128335545604,1.7947605511350169,3.7082969244529713,6.212330949631858,7.252834105954026,8.427036664897084,7.584930883462863,6.95672838046778,6.63034255218179,7.381710591404355,8.282504592881727,8.877969111467728,7.9436134853236595,8.836878997652326,9.729042023717433,8.076798622267297,8.111520036148134,9.30109641105064,11.009165488455453,11.253442898983918,9.239698641473616
7.694483775878687,6.528731203400096,6.6940792104215445,6.901813404788525,7.799914882697585,7.822675948816367,7.701745768796368,6.0516267161920485,5.320391409846805,4.094105513399682,2.9266998465696434,1.2698336903653762,2.0600940550681592,2.689089231188754,3.2365859563974904,5.679706435670129,6.140021168350151,7.830522499743891,7.792687321039214,6.8069635884911275,6.743863178538945,6.551982888190773,7.184134231635414,8.226222645141268,8.420820325336887,8.186247025911468,8.606713321599921,8.338549241202623,9.539703009532774,9.23919319925572,9.02072897186028,8.633472103175272,10.62738282780559,10.523743758495401
6.891089746439391,6.219526802023179,6.290173614875967,6.923381897114837,6.838333451960946,7.210680765042146,6.094479294674291,5.650892100601746,5.026676735162053,3.6179922425429867,1.4556884722424355,0.5892688474733078,3.575125279257454,3.7984528811532705,3.141397881379091,5.57690841672864,6.365180772712104,8.557436151069512,8.657150269815103,7.26645497269539,7.799116502341738,7.693853284967592,7.587733838499537,7.306211939524329,9.23200109447683,6.777273523278647,8.965895982803193,7.72485144139871,8.844635728891022,9.562328598734135,8.477151223700853,9.30250254653895,9.440991450833273,10.184302664015357
