script/wind150m.json
{"header": {"parameterCategory": 2, "parameterNumber": 2, "lo1": 6.000198445256149, "la1": 58.999992894266676, "dx": 0.5, "dy": 0.25, "nx": 22, "ny": 24, "refTime": "2024-04-29T14:00:00.000Z"}, "data":
[rows 0 to 23 of 24, columns 0 to 21 of 22]
0.11582141748185085,7.546876731121096,3.173531354844235,-0.6108894787155387,-0.008579828180001291,2.9659094231805248,-0.14575802072165525,-2.0494985417805816,2.314125835719424,3.0852948186460663,6.556842613650832,1.3894739775838372,4.437852649192988,6.790445426106363,7.7775581002305705,5.907949854845838,5.440238488110539,0.4361780231017156,5.928683559575878,8.11506410794881,1.3603046525088547,7.405630127569069
-0.7627692803015473,0.02604413705777287,2.9675955029214385,9.239045653946349,2.7391363603020604,0.12164693489263591,-4.708966809797518,-2.231530373687869,0.2839756445386728,-4.741958518096557,-3.1354871562898987,0.7880382331150498,0.11902086479745012,3.1764179080233865,5.364501343329046,1.5137745549369792,-2.663757603732062,7.281220292083289,-0.4507664044757573,9.785670450801435,-3.165262493037793,4.341349586087067
9.688257130009514,2.4837357635285118,-2.074688312350661,4.634445682282856,-1.2391276689776316,-2.379588148028267,5.224463651074408,2.8836347870707675,9.327539602063503,0.8542869409088418,2.890923543904781,2.900173056573937,4.723169212272592,3.4699870870896112,-0.38629725231097983,5.530189559459375,2.687392447490444,3.6422392278918325,1.6720818193000704,2.8356045244185304,7.315041335746137,5.543948311863444
-5.3341864470883005,-2.930974146928725,1.2140385387188846,6.887558899763594,3.741878166795066,-0.5728737423127236,-0.011993417116676924,-2.6310479916244933,3.6349514173685638,-3.061955876690893,-2.742312498988689,-2.8599410531226295,-1.5598623883223968,-0.034781148808721137,3.956533074226652,3.0879428312825437,0.222951905481815,4.14527658784754,3.3193696385196922,3.706828825867078,2.980254500575407,-1.986627999453236
4.106625382429551,-2.2565691292659493,7.203208719286422,-0.35423037688002545,-3.4641697224853405,2.582479111528759,2.1645717717344053,5.264035167659043,4.9335032239132754,2.6145273738269323,3.409034227147107,6.019364352863725,-0.45020364313718414,-1.8896507522613406,6.255626584884591,-2.6493601717861495,-1.1310824578495526,2.3684290325891046,-0.3545829607223281,4.126803819513701,1.5595787152940332,-2.507243567268747
4.49031542306465,-3.3121825015167534,-2.027005984711848,0.020876216701540752,1.320913528249532,-1.7238483947418413,4.392492930550153,1.5202538268039494,4.839762168219963,0.715289855230495,-0.6219120199478744,2.445702368681906,0.9377493854402361,4.391324448658672,5.26049656784295,1.1168202844061559,2.6254315377626347,3.2497135911269424,-1.1626836777865548,4.64405078926456,0.47120374048202,6.8324898716132205
-3.9482430343426094,1.8385205652445744,3.3315037481197156,-1.6507176406828934,1.5360418084567335,-4.361202260177562,-1.4584863619627417,1.3006250777260988,3.150780887971656,2.0325496963774308,-1.452870876780127,2.335583277656904,2.8051108762515224,5.16315060097574,2.4717916482578994,3.9147845560784993,5.542377588110329,0.2645110499442959,-3.590528684913687,2.8818046848690577,-3.193052763050346,0.6003609398456577
6.866370884191398,9.083586594930376,-0.18454004195177756,-2.987173912680126,-4.066870531172917,2.1489879965283145,-3.1852379190024016,8.868196933108159,3.1500069062189886,4.729805744867266,2.5617512214288567,0.7383270867692854,-0.849525106325847,5.635831748383007,4.108948363590552,-2.1758953313720473,-3.9191447011681535,3.56978535951155,-0.3558599264418387,0.046580968509939556,-0.30256551071472676,5.42531500883066
0.36434928864854704,0.5364984048398347,5.5789726205658425,-4.572263505346973,-2.628056101095621,1.9674320255795477,3.610384705163825,8.704861970140596,0.4582343350942499,0.5739359605002696,-1.0086665902803678,7.313551237691158,6.125145754017647,-2.4541315340722036,4.914668299521914,6.198995608999411,2.2038106675016924,3.2227603730939007,2.1168910528294655,1.8002582958971085,-0.03145450373252507,0.07595004532617683
6.145781835200628,-0.4544736784919999,-2.6522405922054646,3.1689137569622376,-0.24628331786425506,6.6072203191301915,0.7433068904383308,10.101806750241341,5.348947759037041,-1.9675271845938989,2.8925089513786313,-2.4324895465147938,5.314742141926621,0.8741885310566757,-0.6332018909687521,-2.6007947692846347,-1.6797352327720498,10.387938042304647,6.08136802372751,6.278368749502638,4.073265668540323,0.9631628914882524
-2.5245278677900744,6.735961370093519,1.0788576048033038,3.253320586253912,6.058371801858243,-1.6655989998985965,-2.285300051434165,-1.7468886345656036,2.69931475635798,-3.2598191481404757,10.40650930537394,2.981356104674362,1.1115151310205837,1.5139127610691934,3.7141074378631798,-0.8914740065118627,-0.2512466613277062,3.2371238733797525,-1.1405191147188567,5.655049692768224,4.750360032882167,0.03901263960210461
-0.30406269821733733,-1.2277927148800982,-2.865753752814966,3.8009165992195575,-2.814813039663217,0.47253544848918666,-0.35909157011359816,3.7458917674574757,-1.1569478333264995,5.867119433009942,4.101153340112097,7.989354303816676,3.6148818474819824,-0.8195518683392473,2.8697894747384773,5.594568325973988,3.130199002850441,8.621701736905896,3.43406594704676,2.481432993134106,2.7218342021762196,0.4552263319741882
3.378112095702795,-2.1395836553622423,1.3957048501392617,2.7916113506313076,-3.9948528916440935,6.994489070543402,3.3090420673582455,3.1280278743816416,4.5283489091532445,8.552019707792379,8.190791494685042,-1.821093871455595,-1.634122120852537,-3.0363891903172586,2.235977580189209,-2.389954426132119,6.966726956763982,3.653761555632787,0.8144574711592105,3.0087508978206565,-2.664188348489879,5.276256023218226
0.5460387558835548,8.234687277735334,3.3934347391992095,-2.535789128796076,5.09879889047411,-0.6431566058880377,2.001431224777875,3.569352161377841,3.9833636771714223,3.710737968996096,5.623742238659913,4.705576344294035,-0.6772935299004683,3.8343716330777333,-0.5566778487017112,-3.44887957864629,4.166592115399744,5.86850351604715,-2.6243919074594206,1.6116378517425503,1.4339464704100537,3.9653124025691664
-0.9770392990737272,5.316915032386257,0.6629586576033077,6.690627911537805,5.699129189381521,1.0288623981179574,0.14588203174566602,-0.45829376389712956,-2.1654082819462315,6.791231252704441,8.737632010748923,2.982757865590366,0.07337973456495993,2.752704647468648,3.5243398675116135,7.182181241197121,5.229879267521142,-2.5364703974333316,5.569196497094129,2.339359585312755,2.2721730054474802,-1.9363794266833219
3.7010749803362932,0.12348853750910432,3.8080529752664902,2.7086509835893793,2.028649091731061,-0.8497791999164885,8.365298387302307,6.157581950345001,4.600314830152064,0.4246357861519599,0.04130015013970521,-2.959656090451938,1.5031545639544464,4.0814414796111596,0.8807204688544937,-1.0797453219125654,-3.3974997914485914,1.648464303490055,-4.05383207705134,5.34637990259281,-2.570914738709475,5.055222331234594
0.41966436391074957,-5.808513662067174,-0.2630158348209324,2.5668391511500825,5.173365898676912,3.6017770012722115,0.7150296299719777,4.1689762660683,-0.2993250592365854,3.6135706238803222,5.345143389267447,-2.2044180318223536,-2.8296340861733023,-2.304533566089392,-2.3619477832082327,5.910908204413343,-3.008557969291595,-1.997115663989123,-0.41218148176592684,2.572881638630164,8.305356869316844,-0.07642237170408199
-0.430111652630531,4.217394496835215,3.181616267738746,-1.9457217407587915,-2.521348520953437,0.8253982203684511,-2.3716109828941083,-1.721202626159708,1.690376248671864,4.350293579110802,3.13809723245142,3.1808729927807926,2.404339230503894,4.015515485966719,-0.673490618339925,5.033756039157622,7.825683143179622,0.580735811867745,7.922565996666408,0.028859411044200933,2.614508891639976,2.2874867472447655
-2.681257011662879,0.905541103591695,-1.3607353557027952,-1.0037611702767884,-0.43188009038432423,0.3664563200775356,2.5422286072202183,-5.739084672031329,7.858577708573014,2.8311500170697887,3.4409602463724775,-0.7577060297625635,5.695893320524599,2.394955462947791,-1.6550048895777543,5.99496153488944,2.862610202882277,1.7881074994840067,2.8342077963815955,-2.076933967519115,-0.12543294058626672,-3.2646503319232196
0.556363570360099,1.2012392465504014,-1.6232765676383956,0.2531661264654582,2.404465411276834,-0.20012888713704075,1.0152544608478624,-2.5327098018982475,3.7431147477651168,-2.9155461776287996,-4.652972300072557,1.0618368479245601,7.1675622308132985,-1.629289636205419,6.543955780785384,4.961438632013285,1.0208514891913074,9.374611463642111,-3.0579841073190015,-0.6065420395962685,-0.5245332030693696,4.073564948031252
-0.6214807830765278,6.175959647962253,1.797120993393041,-2.911053493129977,5.883505057455705,0.9646408886546484,2.0304780093077244,2.3064186829561795,0.4041151205538193,8.980189141638988,5.456081217793548,6.838629976522654,3.8253283752027913,2.8717235391092477,-1.04626027403894,3.4134537830803167,9.521948627258524,4.225709587579205,-1.9920193998558,5.506320018086958,-1.422732885105165,-2.740883111546106
3.2439119283173294,0.8004534329515852,-2.162992716918364,7.068479167963475,4.388674940763304,3.504459914939384,3.830398045677251,-0.9355568676619866,1.4100078149909447,-1.5419134944737094,0.06979539852419062,4.436063404825175,4.972051282493648,6.526607532206381,8.99747179093341,-0.3584557195314434,3.642126926247656,1.2426458831068818,0.044985672219712544,3.714588743431138,2.721348861663235,-2.465526182574945
-0.0844567079222198,6.256819652611853,6.9961483114836085,-0.6648959512353119,9.457263878515686,9.167816341640593,6.720047961146751,7.007358160933716,3.823403607211945,10.004850093952369,4.76556556438846,0.28605821661811076,6.883081120488946,5.381414837184588,4.040645982682476,-1.1975602036984938,0.6682793573622323,-3.4895072904537585,5.234793577590296,4.147224478477521,7.566746132144627,8.607448870134808
-1.106281131772386,0.5870011789455628,4.581199834486355,3.870062930157238,8.403714753291784,9.875786897283636,-0.12194764500630573,6.880351462709576,3.905419420573253,4.669199533789928,-2.4820762566700902,5.833176546735606,3.3279859218624637,7.0338343863049,0.8088586152532813,0.5310872338662666,-4.414129058817258,2.072452546051845,-0.1431482083131063,-2.5933285493731786,-0.3588643719038235,1.3313325207367892
