script/wind10m.json
{"header": {"parameterCategory": 2, "parameterNumber": 3, "lo1": 3.000054539987559, "la1": 64.9999836372058, "dx": 0.5, "dy": 0.25, "nx": 34, "ny": 52, "refTime": "2025-03-02T04:00:00.000Z"}, "data":
[rows 0 to 23 of 52, columns 0 to 33 of 34]
-0.2529919330869492,-0.5366278987994636,-1.6236734969081534,-1.5764712517757378,-0.8771034284729956,-1.6797440410085087,-1.6060515504232844,-1.3627015966998444,-0.44019930234785515,-0.5759173485505822,-1.4874987775645645,-0.4506703415124383,-0.6604715743412249,-1.4519704708006222,-4.0509022066909175,-3.387682497493203,1.2460176015706126,3.106416768006705,0.29200487082667675,5.224335852227318,0.11949728773323186,6.036642274017191,3.5917247067735616,4.363702784098086,5.466478183919138,1.5231260012738455,2.2068372752218277,2.8482454910836603,3.9668794927525046,3.7859472404193433,2.1483352230179,1.4489252145201847,1.508282394819414,1.9580318026324626
0.38664560383214985,-0.2141967015716334,-0.999518928045873,-1.7780112178494798,-1.1525152382928516,-1.7131771148725965,-1.804842307357363,-0.7473803579895543,-0.9047045371035628,-2.189699789519436,-2.417401417133283,-3.2675790504320816,-2.9829781982980443,-1.9603505939406873,-0.6381438666649581,1.1760973820595468,1.6054566248028914,1.9610080105818701,2.8054580733149126,3.6924240218444506,3.091341049127607,3.641442572175095,3.394234549885022,4.262403471195956,1.2855912095864706,1.8500506801826284,4.031802782522337,3.4335073205955533,3.6749332866131796,3.680431798059804,2.4549883574532383,2.6824180817217242,1.7488402730987862,2.4912272243330467
2.180265264106469,1.523229094410231,1.088687499994716,0.6346965540275429,0.8184733244642161,0.9001991360685229,0.1717025964016125,0.4541836438397139,0.1867108908286907,-0.9766457242979849,-0.3853490905263348,-3.436100379367539,-3.3706629992650297,-3.433685837767425,-3.281020213860654,-0.9246037546424685,0.14317038074373115,1.2632794000892718,1.3475813121308093,0.8632426128126012,3.0010273115430652,1.8807673861416778,0.013472978932023903,1.23674555794301,1.6397489170402357,1.7856559975880828,1.9629715654432385,4.203522318070231,3.462828059502729,2.945899607261809,3.4437238339393903,3.596252021811083,2.0891343599921277,2.4908913814875704
2.290078565812076,2.4394718379055704,1.983950095179782,1.5634717176520583,1.2568310088742307,1.2462583724917327,1.3267254949742013,1.9053752461896099,2.0418529781898007,2.181218770229866,0.8403314659468187,0.8378020232948044,2.3875581143205498,2.621605407794345,1.3150121261929315,1.53547482166623,-0.022286901019436988,1.0262843719442345,2.8979698126435642,0.24891276071196078,2.17335270194216,1.3423825147677781,0.5881975531678267,1.602094224435641,1.6007343760856576,1.9700154255989077,3.0173096113099254,3.188034334841168,2.490410895216726,2.1544007919730666,2.16586495362056,2.864671326142249,2.2883587123651186,1.7429701084688687
2.6096129278200113,2.117736928015642,1.229519789812438,1.6676312120669525,2.33740802261546,2.432741056456885,1.709932616189573,1.9851987444663681,1.879854888696555,2.9275331966728775,2.123992306236,2.576042023611295,3.6593016205195945,3.003309618017229,1.9724992137391528,2.206495934081031,-0.28551404861389207,4.510658068474592,3.6623595771418973,5.148948564061253,6.157780031488243,5.469779022486893,2.598804988230736,3.768964553217008,3.5725459755472704,3.1655729347229937,2.900367153966418,2.0651040119399795,2.422458485552621,3.2969628219402547,1.896047198735562,1.9381987038187447,1.6291454333160373,1.5780418741634155
2.535840641272396,2.3728317192310864,2.6942678463475995,2.7142273166388526,2.9053539749939175,3.149735377649145,2.918489297989027,3.4879097247914803,3.451379324509162,3.1388402484603035,3.4730996810474193,3.3894204027594226,2.328761210868607,2.7705996814909732,1.7497185790975103,1.3225966406987033,4.672708497406324,5.637456229820322,5.679067906412091,3.6007392142623913,2.8878585440048097,2.8095886208624212,3.317752991233199,2.7679520474805823,2.7650537512847495,3.61736355636555,2.601199680616882,1.8931392531241458,1.9370712229588967,2.19454960738423,2.2303834974470775,1.669901441760632,1.574277640771736,0.8306907092129984
2.558713728550089,3.2902407803871068,2.8654222872767128,2.791022958150662,2.998388181139963,3.4514604138421245,3.0194698881430604,2.072879929344815,3.9596339070934836,3.3109949483673486,4.386274237876653,3.1767208953766124,5.254231202438927,1.6335974226365522,1.5998516706405308,5.084758177111575,2.3952144461083185,3.8301076775616485,4.106810904375284,3.2407658374294064,2.543242930223052,2.879723553141915,2.066399174452974,2.7067948370279566,3.1393355590814256,2.779933659933351,3.5978706315886537,2.204983096491916,2.3974856714662995,2.473047676088399,1.4753432816508822,2.073195363031878,0.8576674333912976,3.4846068521014604
2.532367003206778,2.2663902572714205,2.7654073631073084,3.351278133532915,3.6876493065587534,3.748023130753692,5.096719079104863,5.738142629525021,6.021383266894005,7.7334104911882005,7.9651539959054665,0.22823308016929555,2.9336899670874756,2.364798733172622,2.828145124170937,3.219851610895843,2.122479857587011,5.153847568642204,5.286989443357402,3.6899257879752443,2.339689512119969,3.1009579778795233,1.3666064942262899,3.4953449643581433,2.405020666489413,2.244794981959539,1.9616768294547133,2.8456225481364283,1.7814148527696068,1.6012567548436507,2.083468164307463,1.7095434787099957,1.7154283236605021,6.147388229200278
2.5707460028432174,2.40792623798648,2.5654083332123943,3.190675857338861,3.658823421450698,4.663711060102098,7.422129996011854,8.33080098548999,10.527154806128504,2.889852075433933,3.4232961181783113,1.7394001064667215,2.4710900754270795,0.6706763311954202,2.9131903007330737,0.8233311632644964,2.1601696461728688,5.430519160707107,3.5722592191241316,4.355365822132597,6.956371619537094,6.287290638082341,2.4287535709928165,2.6049302323402825,2.8867489869452325,2.4305703305449358,2.5851520603549236,1.862388427434401,2.2004163790357865,1.5328156748385036,0.9280454603244171,1.9862183907829474,6.113489593999263,5.94515057469219
2.6374114444647723,2.3952212086576647,2.450193854221788,3.6481330736255946,5.259362026668303,7.034677462613743,8.959508344195733,7.424196027882335,1.7119870832471398,4.26193364882981,2.869681429568106,1.846550805615487,2.0550285428894806,2.8629640743969946,1.278525170487392,3.839970032664331,2.550134921489955,3.4303820487241112,3.1423670884610133,2.424756359132497,6.579479601901316,2.718022776297084,2.0936369827136945,2.5465576749029384,2.448424731616554,2.2621404940723933,3.727765625157669,1.2547990148716133,1.0989308426856088,-0.6747278673390283,2.685737476583727,5.968176134569554,5.1274094669546715,4.643391976999504
2.8047126591699354,3.075740012844245,4.33455074022943,5.211249331963498,7.091258187767306,9.356465861297059,6.9901410740781955,4.040028120431104,5.554528445163718,2.0139877542947575,0.6900594929555821,1.5763039050703873,1.3586780784419288,2.050538824130001,0.518985347755485,0.179112939009063,3.0314097623291953,1.7330469446765144,1.5278100680138607,2.413003930731344,3.6073246913986665,1.7494502513022927,2.242966894908521,1.3310820321106913,3.0687300174587424,0.8848719617494626,-0.0033470276714364475,0.5602463342514573,0.9298072005681738,-0.8946534713480547,5.221124841342227,6.100795857479956,5.398095584995242,4.376013898729055
3.263784740315356,3.744292710760073,4.798374319279337,6.714505826031608,8.962382224758057,5.593423375830381,5.254158794734915,2.6597677515559157,5.892071721813358,6.072332411551385,0.8643215462970368,1.3542750504025238,1.6137332676855591,1.4069893948875825,1.7762484523587065,1.7078944199132624,4.1800258886610795,3.223217124922786,7.003476599042401,4.519147065470391,4.320979042983709,0.4837463736232601,-0.08739062102273111,2.670977224819055,2.1761576978679473,0.6289173821399884,1.2715910540381523,1.0305784727321141,0.7336103007007508,1.1389121726348552,4.857667343909297,5.237051563631572,4.627009019118343,4.140682431163036
3.775715233039804,3.8989982238186953,4.842228163548498,6.397614505628159,6.6526175235824585,2.0639294317803683,3.927712089835445,3.258498572892932,2.327739736051461,1.76688536299447,-0.2520354121077284,4.4098818953970245,0.9216344206272491,1.3641683784268697,-0.6401116682582608,1.9358570050262314,5.004713057941774,5.378664420330023,1.9647188054432951,0.29798579501667577,2.380516795064353,1.0407338479036834,1.0777367368533879,1.2314957309192818,2.513933215443652,0.767344264337959,1.4851525756556048,0.24221292960118307,-0.19717780430548856,2.307491163710358,4.817699041846301,6.134494516947685,4.7939913990488,4.381954153153152
3.0931511089964108,4.019920401277775,4.444353581539574,5.335374417269842,6.797245331073825,5.273086201835271,4.862865841463206,1.1956510966746816,5.790119630944979,10.487846599374196,9.16209259979277,4.447245033575025,-1.7475025838026559,-0.19796952114334318,3.470154166901113,2.622307031695941,4.63116673922577,1.7142294575664216,2.9571893799160525,3.0501912728924276,0.06236696562072959,3.49290032391419,1.0409804901364224,2.243829964151713,1.1383484602750662,2.5687745503129236,1.417984076449346,1.7793588204178217,-0.1252760590702864,1.9983833612235253,4.782517552791711,5.441915132008391,3.9348900426075084,4.867551465351987
4.124847984001891,3.9464755957573288,4.094671798837999,5.698823492745649,5.949598842001056,1.5717905722618155,0.7026457693161429,2.560450751578779,2.110623844755123,2.897074627554079,2.0843037529514348,-1.4474401584508718,1.100820406696124,0.2660293707050027,2.202456861499578,3.6134517537417326,2.497835968548531,2.142190491849605,1.9559615365498801,0.8832397491774334,2.327356346809987,0.6882761291054343,0.7655579945833323,1.067753808144143,1.5449084768970556,1.292203904653573,-0.4414948484997411,0.8634816620185612,0.24210680919224686,1.989214100285039,5.2066763347019505,4.073839284573825,4.513507841143641,4.233330974567069
3.946888847803689,4.008766728191724,4.498574468280289,5.738374939045258,3.4724912202854727,1.3991130578662585,0.8043658317632785,0.6204170961132939,0.723579832224755,1.3867885286613142,-0.4797162152104599,-0.6280296502074197,-0.7039868507764182,1.2949716854543845,0.9079283521747913,3.346280156531731,3.7144926831212115,1.1785383899746946,1.2858780992230394,0.001426109711767324,4.041376084081156,0.8907430133194226,-0.371057109434557,0.8660649345307158,1.6832277573179932,0.8770565004652573,1.7443282758811416,-0.8015441473866342,-0.5171289777520013,3.982889173663807,5.0126633167395465,4.392739921984578,4.263997938414423,3.7472311792222586
4.826417486438647,4.908893252076493,5.498243195587938,5.4690989897341,3.538722509536287,1.8302963413996969,0.5112881029213822,4.666313013851433,2.1717125860242166,1.8427049035321352,-3.911511068378534,-6.459168349020106,0.6843950920777632,0.5890400452287936,-0.21203936492358172,-0.5349969217065298,1.752194236341803,1.1429354225421042,1.1059935981214437,1.5019167410491152,1.3042800021621213,0.08332505174783916,1.1357882455832522,2.045995374794651,1.5043421531379488,0.18988394195039945,0.6530092322642195,0.1020487535917177,0.5966383013675872,3.890872075266921,4.472489165190014,3.9486304766397247,3.389621232481313,2.0582626729727
4.205693196601455,3.3311552086233163,3.547306593512409,4.285354225018596,2.2569770620468392,0.6913222538107058,1.986267482569714,3.6359172809882407,4.833893034984657,-2.7303566844848173,-6.466926236585553,-2.5334028166631573,2.263016755481236,2.2993100927451238,4.0732387952817835,3.9755134117951982,3.051988043809524,1.713032357092613,2.0280507328315873,0.15794593002466473,0.39474189605789656,-0.41184820981681663,0.7061132334953085,2.1626098854659612,1.9225278411606335,0.8216736352960659,0.320040923004552,-0.6316607245942398,1.2996443621037312,3.2162569791985907,5.0210320762711165,4.141923553428833,2.9741930587854175,1.56118291983629
3.8138905334979247,3.6555426719323734,3.1225524105253415,3.3119994307744514,2.494633759703667,0.7898712478119707,1.8310720205076092,1.8606892804458102,-4.995517487160152,-4.454866127581918,0.3371645471951508,-1.7613906335219016,0.9167433467145999,4.864773469232068,3.419588719004571,2.6191649002761443,0.5294494802531562,1.5502781336597324,1.4391757136164451,1.0424378668699945,0.19599173002700424,1.3484968178462964,1.59090755315919,0.5632286934997065,2.1155314491557666,-0.11263267429337233,-0.8271755919466269,0.8223436924143005,1.0415100691693964,1.2260692373562203,2.4674645714380308,3.2276383084854,2.5917608848391374,1.0491695818056148
2.7320289152006447,2.272814303933986,2.630335598875694,2.737696142056481,1.1612090402374227,-0.06228252644086675,3.0748859174785212,0.5285525252083404,-4.109006881365977,-5.62924072651223,-1.9003328750505655,-2.448221798744436,-0.6882587341489111,4.544285460291808,-0.6409806874452374,3.045803275374979,0.2653130846366813,-1.3354607885525054,1.3941869715567234,0.9515699326667613,1.760462341877873,0.6634252021469904,1.6239029230219113,2.01542198369347,0.7297434753270816,0.12484732248305008,0.28984850872724005,0.9737333543243394,1.1202811972844795,1.5550436020167515,1.3065415547101122,1.5411135966466594,2.5847321523378364,0.7472047011795101
2.9480627609027517,1.8781442225649982,1.8477137202050378,1.8583474504836464,1.2312203776310737,-0.35518476783272696,0.2880508115016646,-2.259537622681126,2.823533376441451,-0.9451147423165185,0.5766351275497995,0.7705299648201308,2.5550577990741954,3.4328214599389915,3.1829324879340213,1.8204276936419597,-0.8429189717987664,1.6030206392224127,1.0511904815964441,1.8560215076482804,0.715109928562465,1.4214979374537107,0.6154417389675031,0.9512621595182386,2.0607636338014803,0.7108336544606887,0.9546396039106394,0.9110019186303066,1.1514255748399544,1.4804053439516767,1.7260396189705225,1.323527590584876,1.6889655467137792,0.30219510302180125
2.813709700747018,2.216374707268407,1.5696862724215301,1.2038361079584485,1.1459886038830571,1.466619797347374,-0.6373076528862568,-0.20341320546475888,-5.210494738096136,-1.5273999924060746,0.11408546221236956,0.23903094915283518,0.8799092953934389,2.9069849866372146,-2.081718491469892,0.044892579980179016,1.1064487349371068,2.8539312658374367,1.7873855471792985,1.4200488735022287,0.7343186640992407,1.6408442509026482,1.5539132933714355,1.2567710534325789,0.5255845834739227,0.14127848496303003,0.41850188688596607,0.6454654383896962,0.9947999021901034,1.2156928247564833,1.210793714087544,1.1053672424358953,0.6130391684991153,1.138382342816204
3.3720316822062,2.5885672906342956,1.7644088489778245,0.9173975520223223,0.5715584135140499,-0.3567223674600403,-1.3176715894490072,1.7137294229328899,1.6291023430171878,-3.630996884997691,0.4132489655937102,2.043425230177823,2.1323880090367346,3.2594560382089313,-0.44527032897760366,2.585848208778799,2.5660788888077337,2.3721170602041326,1.9164270631289433,1.3908507990296135,0.6603318535297339,1.9769803194937425,2.2814410324529164,0.8541768144664713,0.7854941995248422,0.5675632809343095,0.45115179488847695,1.5653605333418295,1.018509635846314,0.631703636151778,0.9271210898388688,0.7744737045991414,0.2751712384318241,-0.6928887394761649
2.9802266679818037,2.196940108809191,1.7679723519259034,0.9896411813486828,0.6416436157215347,-0.14756770874369676,0.2875936062543796,-2.116830364495506,-3.4295139667198713,-0.19815040378101703,2.3661387006539525,3.801416290580021,3.8867238119050205,0.3350702147027999,-0.42873719452125625,2.655192437970259,2.0599471446072912,2.125150999140017,1.2446218956639001,0.9151995127447364,1.5930781898762099,2.4194125703406746,4.004412712942585,1.183035427154244,1.8272489704031596,1.2328566135339027,1.6077056192044699,0.968871607126964,1.22730774147294,1.690411616925271,0.28235370726624076,-0.6508592007713371,-0.8479431664728879,-1.8273305617363378
