script/wind350m.json
{"header": {"parameterCategory": 2, "parameterNumber": 2, "lo1": 3.000054539987559, "la1": 64.9999836372058, "dx": 0.5, "dy": 0.25, "nx": 34, "ny": 52, "refTime": "2025-12-26T20:00:00.000Z"}, "data":
[rows 0 to 24 of 52, columns 0 to 33 of 34]
17.346732606948738,17.138679254569094,17.87759626640014,18.98019847406971,20.039678020423214,23.865891896866817,23.681194108861227,23.487059847447227,23.03058765605694,21.672672129336767,21.273140362787533,21.60768984803972,19.834773680131214,21.53972705786137,20.202860110419447,19.109115776376935,18.001979518450895,14.209465679627808,11.100992261811331,13.530125346644438,15.30734370946548,15.580160810007403,17.07988556559833,15.503464609045308,22.336965529760054,14.759184834398694,19.67040866185526,15.235222963923428,15.432964221459308,15.360388243548332,13.47045002545725,12.889227775783855,12.405407283603608,13.475818310347625
16.616192859371537,17.426337939748674,19.02370650431086,21.770009811908814,23.442720158089223,23.38723537020685,23.637661309766216,22.163296074610443,21.374975439582816,21.17270529195187,22.268827036702067,20.32740606538478,21.106905317649158,19.75880057604148,22.47943218957644,19.138594966189697,16.76149390707754,15.02875806967714,13.833880643641269,19.051480514438364,12.886431121104161,14.298487993717721,12.308803283377422,21.15971848953975,14.427845515618676,14.973353744079358,15.572538861735847,11.06431920701454,14.279039661378,18.147407249238437,12.865658172783423,12.579882357485374,13.50989700644806,14.095063262441723
16.329044117520194,18.236228996841938,23.000670493698262,23.142490369671645,23.921237730394623,22.831323757203428,21.876450797231616,21.13688715289779,20.539237584643303,21.162210388876403,20.919409183789043,21.5554127774809,20.966757325030645,20.16835568681703,19.213326375235958,18.281607057333527,19.662768019070413,11.752584826354637,8.982748600845628,8.538384975562575,16.311440326031,15.361503055815895,13.381152456732945,16.456605703425915,15.194741463747464,13.497961061925029,12.61349683335134,12.299690145486561,11.685645264882552,14.256616029835557,15.632328438030235,14.79097800847604,14.069822090761836,12.741675595122928
18.39741818003407,21.841215803009906,23.44265682336466,23.39503702435903,22.855740810456297,21.793102996910996,21.31935253637331,20.22463763956929,22.15309194708908,21.386237125993432,20.452948734762813,20.674106944031283,20.16893692854886,20.728194041073646,17.95033597411614,18.170349104944307,16.482471988695465,13.689277900461361,15.86179951844162,8.196576314793225,13.395885602124377,17.51149812009147,16.84511661374238,16.889535593617968,11.144657395036871,15.014450695488314,16.60984569975899,11.377883234312424,12.588414542887909,12.554014625736883,14.102199031230668,16.11214315736002,12.925600509567257,11.656525805939562
20.78517147823689,22.377407437129854,22.218985658596427,21.957255568980028,21.00105042715492,19.884253119874842,20.60651932863818,20.797409688886088,20.768126057327347,20.63972823673102,22.136567994905626,22.190582062903545,21.291967276830853,19.011966041136688,17.147816527268784,16.044325583099496,14.18006327459442,11.604356498501243,11.757341845184232,20.714284071926617,14.224968635601122,21.639174493980104,13.376171791621035,15.223831039543246,12.503640359029294,11.412948868761289,12.82482809567037,11.477941347919119,13.90508079915987,12.702013870816875,15.130282860255827,13.86193607608978,13.830838555685803,11.598812893893053
21.366223841013987,21.86777531346512,20.51757941687149,20.48217637590241,18.613851823503673,17.011131995004604,20.71412331158842,20.631908875561113,19.799407316472,18.30693588896918,20.961694731045498,19.92828305000751,19.318803214748822,16.00878967598737,13.862414361314059,16.538775621787767,10.116920090321358,13.588253932378718,18.492917373371036,12.7685465443931,9.111388951723345,13.017526146727201,15.935065941527284,10.514270843024166,13.221292465095187,11.785677978438173,11.153288890048316,12.176831047467832,12.575594177281339,13.390447940390134,12.559903490215994,9.659798898034005,11.195781117020395,11.522220297546628
19.686234616697675,19.82078177079878,19.347666158638752,17.248559552708354,17.076404240560443,18.74126871844411,19.55477517593121,20.5140115102398,19.837732885912654,18.339812906176157,21.231066239454815,19.140151907716252,21.019229724166298,17.231003012691733,8.73320045696316,13.351145875809404,12.272234414514477,13.271089751112653,19.13064999704025,15.333944843554562,15.991740718329122,15.64605839616311,12.351625597059925,13.021499352648814,14.98164525852865,12.00250818852652,14.808575135176676,12.545280173867841,11.803837320416509,13.310695687567453,13.638656047591805,11.896825626388969,11.60992806717121,11.688501740569032
18.783961893642992,17.692361597631745,14.888419306499934,18.3239341277306,17.724801760844034,19.253833498150023,19.518808199887378,20.67316375797369,21.500978534485395,19.52340802985437,18.55026171972322,11.467841159678255,16.042673682725592,19.691928106747383,14.336095849586146,17.068313180996675,5.067858806639551,18.006811200331686,19.921557348528843,14.636429854761015,18.01009913757816,18.174586935962186,14.201107766928416,12.874198390541762,13.36278194386219,12.32484653580684,12.586677703726117,14.288778143108896,11.729563683081116,12.130792504957908,12.018383448709665,11.683912775133763,11.260696753294921,9.9827559494987
16.547937149512908,13.122689012603765,16.352928950679207,17.000836321513255,18.52821902892554,18.056852883103115,16.545736357065113,17.59235593787793,17.738698695422393,14.853913465232424,11.702731639313651,12.548402393226295,21.002871450623527,19.528576859938536,24.20578566548489,12.729361311165336,14.719178050276744,16.413821180509867,8.974525584079775,10.027949711276085,24.577890302885194,16.778866167807656,3.8778284642825396,11.494929303182865,12.044627638544787,12.946585909038497,13.085820782144385,11.107153782584385,11.20179373851642,12.454336424579925,11.869767047295184,11.174646289942942,11.657476813572407,9.914331399926
11.464230531008498,16.320436516362424,15.854174797535032,17.07118801546809,16.546027537791108,15.63353739189074,15.024339537481975,14.493628101413341,11.096091423652933,12.119920885526065,12.586609345239767,8.56097885105588,23.099143751064936,29.07028514965484,8.044118680026974,15.773692052097825,9.5241962012673,15.386868786130904,14.391241802504327,18.434885974722484,21.323912654323728,11.744756351811697,7.8583866504261035,3.8806478034503304,10.496366017226554,12.01578567416692,11.507425977686726,10.62349449567514,10.880048749615478,9.729568756773139,9.37441944909058,11.34158410415336,8.503427628676842,9.523886656149767
14.957385264653336,16.141712736224246,16.32864213307156,15.234329757940039,14.458198615996668,12.964966934700765,13.914299913233119,13.559981257220295,15.959920007026621,1.2293474856106281,20.307632799896638,15.962979869476882,7.108476562695693,19.258850328174333,9.540281589155564,13.55282576851263,5.0980270916951556,5.982563600588545,16.604523189830946,10.989849069425468,15.725821850053332,10.2155242725532,17.456553857341667,7.214029235968226,5.811798394381852,7.465313398484794,8.72852230791591,9.457939343324798,10.6333716713058,8.954179025531857,8.106261204708401,8.447109800484418,9.285331321037077,7.432232480973123
14.98329645756366,14.944696177785001,14.770863388495949,14.168272906732998,11.846775205800911,8.597633326124452,8.991751253159075,3.858892530606278,4.422232902555969,9.44521128933578,14.831449647964204,21.429957237073506,27.896601717686497,26.563562737305144,22.4431825435196,10.981976001710903,6.995185043185104,13.163502219760042,6.8033649181658715,11.107340629272908,12.792904808577598,15.002681340246891,7.034862380803448,9.009395787698088,3.825338354314043,6.131873653704187,8.368638046018708,8.691191134844086,9.01439728928828,9.620991635176104,7.575618813521648,5.774965987705045,7.350448831020497,5.5519399064042
12.395585820560544,14.418205887760204,13.668816792574601,11.124450978258924,9.546614507774931,10.1418586219573,10.256576258389805,7.80459958261201,9.419651176618714,19.9021284845674,19.76559683347558,19.402779683923374,20.424419665934476,20.79312097531669,18.065792164011054,19.77267353340134,12.692710384064638,10.799208901342325,8.807437031233748,8.088242047295891,8.597729598142976,12.08289481214603,10.261251263320723,6.68340923665947,5.675718637815618,6.170194978120094,6.763959041166683,7.514116073058036,8.022242032631103,7.794393582592815,7.411042175853882,5.728122292494236,4.840053864097391,4.526776064259682
10.538992260185895,10.193136930824299,9.713037728261936,8.655517908744036,5.917171740781539,11.743720328265242,8.93161791712829,0.780293715496303,-1.1822675925032835,18.166451838315776,17.889317773996506,18.63909291928723,15.546595845961281,4.651784202912932,11.735390743887185,8.409022763017395,3.2502625531640468,6.8174103339139815,10.588908257157625,9.601992692364563,6.608370013712316,10.219504045818198,9.448940743319236,8.700874523362845,7.786830786605601,6.155777983112357,5.6936186013851575,7.620145616050989,7.470608593047766,6.15615846181164,6.187295237197709,5.414430298828689,4.667673035727186,4.880190539960997
10.593511229547511,9.301678833689788,9.047916442154863,8.074697931541358,5.229523029620125,5.279039497274829,3.8500409656833905,10.214532859871992,3.1911164292165024,9.097139995679003,9.512759485427855,22.926882347075438,23.624848258980368,5.99466645591372,7.852487534152252,14.444580446477573,9.128082178672278,9.99633550688149,5.2727015815525675,5.89032959575633,3.2639565703860147,7.137019770217577,8.620203652732862,8.437175958246883,4.467698219763644,5.829700279094175,5.011279346532437,6.476735688974677,6.335012900071879,4.96490785499339,4.997796191611113,4.344979333031948,4.17729898297344,3.9252225665851572
10.214199495413444,9.526490004057717,8.020084648479068,6.62203015319858,4.954154994977882,2.9144261108086194,7.377490372802503,6.76444898576373,12.23577903865889,10.99382280053123,15.302532945731365,22.25209900012412,19.913416010605722,17.205015424891172,4.51648190955789,5.591073807188043,6.351063936076148,4.0732218101747115,6.52618301474302,4.544883725797778,8.125572531283584,5.583852265164752,5.4483527870476935,5.705668982757749,2.361152762072135,3.904980039642707,4.402210380134526,6.5578562021632845,5.755185118434469,3.3941044876857887,3.6365492682706497,4.0283717485163635,3.774095949682367,3.6696620192184466
9.32651537869606,9.640323085890095,6.459065212711614,4.049795987986222,1.6805306344504984,2.8167184008647292,10.843972311408777,6.508444452737988,4.044328695888439,15.865063520857941,17.582314227001778,24.469800810503422,11.485635558943388,17.09087552921525,7.877794997047959,2.2747599109191103,4.792972293367145,3.2554013240937376,5.669115286036898,5.291295037353916,5.897054404326102,6.2811480712549,6.4952854963166935,4.212315811494182,4.285836164259963,4.7315913207290095,4.784816055384954,4.394293318575997,4.845364432685238,2.8661013708696346,2.862279168125679,3.167556893106178,3.1287012858738805,2.338063916067935
8.455343629222055,6.299808137211595,4.691181439261588,1.9524326492102726,3.152937603223176,5.125214161309231,6.595052966190597,2.800450269310464,13.5114775815603,16.547684293402085,17.671102588632635,19.217926883385736,9.204554701975526,11.811561101136176,12.904841329644212,13.411203999580712,4.633700644741044,4.966495908140034,6.816990047471279,7.793295276874164,6.98774754824453,5.697594148168234,5.43683849234935,6.002570428672534,5.090242981481515,4.168036521259125,5.220614971478703,3.2249808490023404,2.332017625992792,2.2678353222878473,2.8171524974270197,2.895016486970699,2.587183825477471,2.34002425928448
7.760545274449132,7.8285883307225275,3.4344385852401254,1.8876451372942618,4.406407318698052,4.8899039799399455,8.020410046916805,7.443736900912325,7.731569173356792,18.53349512878622,17.141647403712742,12.254462516001281,18.207198788503142,11.58960321085761,6.604593993113944,7.786165144139752,8.509287141909217,5.372229590870264,4.4400996826680315,6.02743572964993,5.523257010470826,7.719239277097391,6.4885684196699565,6.8361991746667785,5.35145954677366,3.0612992156053838,4.427583841879835,3.4024200194739724,0.37233175025892945,1.961860199487676,2.455350319307859,2.777697380784306,2.35812504106689,2.587848536947827
6.139497216302912,6.005245216841887,2.97255618700565,3.8916915243983237,3.373722139924246,3.1574690420724596,0.037752865434567996,15.78375683482052,12.552752262483073,15.379024251637206,15.44506936803111,18.9058081131696,8.379184434889716,14.034439877496114,9.39397520335193,5.916345520033193,5.977193993295424,4.792877835228661,5.688023775059966,7.17933860696497,5.981542064614773,6.943093701996712,9.456088023320982,7.7039492199809185,5.8171798365884015,2.7425375250988746,4.06443282428535,1.9187390917022722,-0.031021519501537254,1.6140130580154606,2.2844437845513306,2.4853220474830953,3.2140784061734964,2.584442510434438
4.928177194767033,3.1433712851824582,4.453619444969241,1.9685298652051535,1.840667487143331,3.388313483722978,1.0972864776303601,4.9328470112941885,12.34100695421595,11.297193784140223,14.157358835755309,16.195392436988758,16.55666794540691,5.698979063804411,3.530666104354377,10.931149489948425,5.053222961228655,6.225660148343464,8.160475006581725,9.705597650370771,10.784372728758436,8.05129111257371,10.544907127927448,10.091645509344714,7.353986674931811,5.787892149433545,4.274485789138755,1.6578108456123153,1.4485030689636944,1.5912975641562557,2.198706157560032,2.590925448621433,1.9425553826169941,1.9788327186782313
3.582476947476393,2.943583552512593,2.8066785210290432,2.884998291209468,1.9283203451787803,1.6286323469265886,3.894513260522057,4.793178869448191,12.470185954058248,9.232813371203408,14.601581041823648,13.606962474358253,2.2603384096374017,9.262225625739177,5.199459230508422,4.655030845976456,5.977485247523373,7.91675478329579,9.970618808491649,8.112668046662304,9.685131178186458,8.140192135576035,9.871197113986375,9.02104463084809,8.223265345505375,7.072383899589538,3.73806459753399,4.049367176964676,3.4414842904350884,2.1517154481308474,2.9506628013633125,2.720221632158191,1.5136197845799513,1.2213453185408265
2.64234258810496,3.0551767117818875,3.0370535336786677,3.69935213491059,2.42108761116496,3.9623638383669886,3.108501380001214,4.29345771552029,12.753342167779747,11.573145946327262,7.092880191128945,11.870205099469512,9.65257765653402,8.26209653793877,5.0322287582781815,4.137557877933651,7.512884897275632,9.56215038069798,9.82624992728357,8.612161180930581,5.998795752024778,5.364628976545387,8.45400514077736,10.912916299825895,10.57890571918559,6.896913647083726,3.2514296524181687,3.383393085056517,2.0863591767024268,1.2438980045161543,2.3577869761206363,2.878698092354412,1.5503367216811892,0.6615893466103908
2.5310614919119083,2.9239148252738567,3.408453997962004,3.97169127669212,2.95137379026018,5.704256726096837,2.2251242629942913,4.959497337187908,11.117250975636047,8.827585010770473,8.005348693671062,5.267353746824219,10.72264587275443,4.5737642221500705,5.190999549703161,8.009288142982783,9.221165893361007,10.934590134497297,9.141655974483319,10.021022407388864,6.470502659129503,7.723849457829269,8.405759927398192,9.295264683122383,9.718875004245099,8.603286045523982,5.515023290409997,3.49658632822978,3.026918151700043,3.168151358220231,3.198353318192376,3.147018412242678,1.3356676460716477,0.3549064550607973
2.691786190159513,3.63842133346072,3.6631262191148988,3.364283557045262,3.5013500655573924,3.035727401787653,1.9117224378793547,6.989298259526592,10.359557187369292,8.518037537291457,8.502978292170699,7.26995053364957,4.92872725908728,7.159885531323867,6.378323676823326,9.12106166583665,6.481947393280544,9.191664160175334,9.280807588604434,8.279595026435118,6.909301890826838,7.702790022430306,7.9974522872814955,9.785865795159138,9.178645743800312,8.092044091215246,7.9956370570012805,7.689785545126533,6.240699065825502,5.493431594241374,4.298522035877258,3.3294602848111654,2.0480544466237847,0.6164171871508674
