script/wind100m.json
{"header": {"parameterCategory": 2, "parameterNumber": 3, "lo1": 6.000198445256149, "la1": 58.999992894266676, "dx": 0.5, "dy": 0.25, "nx": 22, "ny": 24, "refTime": "2024-02-17T13:00:00.000Z"}, "data":
[rows 0 to 23 of 24, columns 0 to 21 of 22]
3.1033851910051724,-6.2784284144254805,-0.5960106085137127,-1.600574495300085,-2.1821160119481635,-4.968059915985181,0.615214779428199,3.8822817719514324,-3.5216723786041957,-4.0987801844911464,-6.118743312045063,-6.8547732800863175,-6.367106141959594,-7.906645064833376,-4.699982336195824,-5.358023532638206,-5.841614216610019,-9.623602684298003,-3.9246302403904045,-4.098229980753537,-4.106096455720558,-1.6910764478760345
0.7333567924340725,-3.2063292304344464,-5.160200626308626,-4.65215405212316,-2.783233076233484,-1.2234136219757588,-2.8234729930387994,-0.9363954914812198,-0.8371565112945553,-0.4413319154874668,-2.153480692205965,2.028722266634208,3.110255188453806,-2.278347242606908,1.0136445814191646,-3.0476416238800654,-1.926411771580263,-4.359135420932748,4.3025939526414065,-4.443897962555553,-1.683769919353779,-4.11480377457965
-6.105150107528411,-5.558214103320287,-2.36111199280561,-3.566414879315497,-4.111612341509726,2.149860845292347,-5.045935713805058,-4.406449250292128,-4.859980036899084,-2.027443360259639,-3.4188249793529284,3.7504026236317594,-7.0699521354585455,-4.714701540285942,2.823491450427341,-6.006693077378113,-4.100993514266408,-5.588758032070994,-7.918592186353985,-7.184399505492791,-4.070274680796829,-4.715474221156525
3.4677273676523903,0.8963939203897955,-2.181576484671107,-5.043620874385329,-2.9004338426846927,3.320667171838103,-1.0809490817671192,4.180562795523624,-6.083376790982863,-2.2485612223364586,-3.6188495021585365,-1.574858952157708,-2.108543027663769,2.012654138978215,-3.3958747944644054,-5.949871871579961,-1.6808696851829652,-4.469472096044517,-5.403862722354313,-5.437109842045432,-3.627896014929838,1.0378820988642024
-2.686592541685182,0.629612699404501,-5.415812930155824,2.8195832899210993,-2.5816388319894106,-2.336854309202618,-8.473294893373625,-8.054030622102818,-3.2252956852501584,-5.980527897185262,-4.178728831281638,-7.050999707557278,0.7314022484817764,0.9180719936758118,-7.969962310855042,-1.5802339885715093,-2.603212689292294,-3.690057764502162,-3.4207139533944013,-2.631949024504872,-1.1974639893222514,0.12408028945268824
-3.7070013863200653,0.05249269362122701,-2.4829639730302917,2.4582191094027657,-2.2594840122429085,-1.5006765353392446,-6.686059553487183,1.4432118191056953,-5.843008140173362,-5.760347524644066,-1.1633985733410588,-5.856205801315273,-4.806134039107041,-2.1522125205536096,-5.005421837272203,2.7304183100802097,1.884135443037836,-7.348481181051611,1.2796987502447936,-6.231756711655324,-1.9680154614922774,-0.9695283979103785
2.8311166553317104,-4.681368142021884,-5.615968846922947,-1.59533948262603,-1.407757313381684,4.262247879662851,0.4834144447605315,-2.615136916071685,-4.313798340844507,-4.577765968001726,1.05699402603083,-3.6281094190652503,-4.232429351253681,-3.61011520597637,-8.02169932237313,-6.259019829924527,-5.247005834731573,-1.1277758628957975,-2.4493345555729924,-5.466742237794441,-3.38381544197753,-3.394426873880356
-1.7365461701288332,-1.8988493470925067,-0.3978674897658458,-0.26757229829367823,-1.6429105008650844,-6.6865041951574975,-2.366663917769162,-3.8467619307607444,-7.150832459204382,-6.050098597396587,-6.1398118082320465,-1.289248133425909,-1.95279183362945,-8.820186845988058,-6.031906302246844,-4.3823898595758175,-0.30768482249716145,-3.267132219253584,-2.189962470986561,3.1357622389397743,-2.968761525911289,-5.5580728915899975
2.4834940441447557,3.114051689247229,-6.581834922414669,-1.8646321537390147,1.7388892266075973,0.34439981991630214,-5.901613762049989,-6.409286226517907,-2.6143565671041626,2.9696354270792416,3.2197257135792023,-5.60314595880646,-3.3289422605503804,-3.101968169158757,-6.6877042246872955,-5.5872707200618486,-5.19926590170203,-3.3391730003334867,-4.8411295208665255,-5.970730856130641,-1.5720599257631518,-0.9774463972294534
-5.254407697127716,-2.4024317222975644,-1.4323458023513822,-4.930477322454409,2.963492024109013,-8.440989233812036,-5.904912764577613,-2.8520932020854732,1.2315643023913545,-2.7765919120743923,-4.1438008093111565,2.1588002193506544,-6.106769944633902,-5.5473963695550905,-1.6072355989784886,-1.9825671102826916,-1.6932754603826186,-4.823419315330134,-1.6671784807524272,-8.8684331083856,-3.605806743434343,-2.0859717515895335
1.8444688173449226,-2.9353944665865876,-3.696922998671965,-8.870848283129465,-6.51773794523439,1.4857636317647525,-1.6062244554731882,4.160982712220153,-1.4696072197155097,-1.1481574197168307,-5.244612503533714,-4.77392207217436,-7.486656834731762,2.40222282623587,-5.679639841624596,-1.588599892314477,-1.6432592688662442,-0.3319577399412488,-1.3075496443883647,-4.35380735532337,-8.345091862553657,-6.343913384765951
3.461113138302442,-5.003158115671953,0.3732870418352889,-3.456853675277072,-1.4965180828964681,-7.084835940130397,-2.6159976335472024,-2.2085364475612033,-0.8407265437308565,-7.512384225023873,-6.656519121317019,-5.344239379149459,-2.5226920413141283,1.285996886683907,-6.43467467232958,-4.309682315496418,-6.50533453331619,-4.5442397822370095,-3.3548771744883905,-4.3315106135398445,-3.642857902678947,-1.9759134905409281
1.2416116538639206,-2.0781240099658422,-2.7507301015310888,-3.891466317191293,-2.4108987123901815,-8.046903069867827,-8.468915103479699,-3.1342773561072534,-8.854776077278641,-7.138896403799093,-1.7350226127785866,2.4626401062998733,-1.0741988342557718,-2.5223980262514285,-4.448509486482527,-0.14782739701831196,-7.984546463740097,-6.017541181946456,-5.831604078254073,-8.763406655090513,-2.3729506221371035,-4.335082876049814
-2.976019765074672,-7.783652773776069,-8.274545330523994,-1.9052341807392352,-4.392560613282508,-2.5341259155951943,-2.1579574443214895,-6.017538105431188,-4.010356963868091,-5.93644127532625,-4.294216314645259,-2.3520561123110064,0.8919347829714538,-3.7560485240086536,-3.9576938032852107,-1.5524661023916746,-8.57250362847652,-5.911717468393459,-2.044742493900625,-8.357207539758013,-1.7055666139469146,-2.106648084626562
1.7361415181648028,-5.412473834553488,-2.208413807245155,-1.4181825373118404,-5.165895354253021,4.026247253461045,-4.366986873423652,-3.354540293814603,-1.2913215933471036,-1.1021015277456943,-6.649449611504481,-9.40969522838354,-4.230359452408662,-3.026149487942635,-3.6795674020593614,-6.238017782980264,-4.353067703083134,1.5039699477538513,-6.412797065390641,-6.6045800974382125,-7.109319841732991,-2.8293440839427846
-6.149416783085294,-2.0283817175563277,-4.182485206235984,-5.009220176911096,-4.344139500915066,1.7203843741323794,-4.99827392767833,-6.540910068195775,-5.882043904106647,-2.0530349244561257,-3.056531175894602,0.18993336418471107,-4.252811959979484,-7.34041853353358,-3.5350966504111527,-2.7630150399823132,-2.159570793026696,-4.8234894002407955,-1.3599917067337424,-5.181412555074162,-0.7406977414267983,-2.9791711482950527
3.1992118812553967,-2.080403249096272,-1.0371101896220467,-7.736156146790498,-5.022879821528014,-1.5896625825889177,-1.8990371849421062,-3.8188232311334382,-2.363295489305905,-1.515278036013668,-6.971413858557217,2.7847903400096254,-1.7384366638832105,-2.223506028853408,1.853794466695258,-5.9904269815571185,1.635071229043614,-0.9053332825915985,-3.0220260745373952,-4.059997129122046,-4.820387940645183,-2.9072646492050382
3.1107459260851487,1.0518340054344437,-3.4503530808857117,-2.3604865077194335,-2.100382946033649,3.670470021121411,-2.0944943901071866,-2.7655793150758456,-4.793031528320782,-5.296649698302235,-4.22954795582392,-3.6024605970471035,-8.474949064978073,-6.1666071393902495,0.6045082705572087,-5.310705606172137,-5.070076362095118,-5.534242195091978,-1.3621204613719191,3.0399946033106824,-0.09711669461746293,-5.51585749666436
-4.557969828805446,-2.9162544150256564,-0.07609255802278264,-0.3345038830150824,3.327834567234781,2.4820331026791065,-4.139201527147525,-2.6444140602652633,-8.794282193035537,-3.758426260520015,-5.5727637603502975,-1.4216942659805332,-5.882643926533006,-6.240625287344472,-1.9377674183484006,-8.425510819422176,-5.4269484761580555,-2.472228552572135,-4.595527433209023,-2.3575080830472155,-2.6547991888242137,-0.21975351904038784
4.841558915484728,-4.294876239879183,4.261811894521932,-2.7502582570537006,-4.277437151626332,-4.356751337370969,-0.47096186021027153,0.05245508242381269,2.9478247530724437,1.2398113613624633,0.4578644399673064,-5.557769195340817,-6.763339732284903,2.4359913277989422,-5.0873030794464045,-8.214695979916895,-0.45677337792647565,-6.56648658473214,-2.1223180941463133,-0.16446988674471427,-0.33183245237964937,-4.599833250404271
1.2555721748018844,-4.925969038916363,4.000890980380632,-0.9821714998955303,-4.017331776196886,-4.343054989783527,-4.244636495783267,-5.820690875668543,-1.412323816466306,-4.991018432295404,-3.972833127595554,-3.635448171101128,-3.464984460641988,-4.193542563102824,-2.920243609409812,-9.083511263817634,-7.217052757468397,-3.4176456463899556,-2.740934670007454,-6.633751062492043,-1.993884131925312,1.7170579072513659
-5.006411952814456,-1.2304992023336325,3.5299583105606,-3.622791209394475,-0.9067490589553321,-3.6285835292279693,-5.701755978256495,-2.672788214993158,-6.563820252429292,-6.850826402796372,-2.3465387379580367,-6.119390584578519,-3.570063918477243,-2.0437478299583436,-9.51021470292921,-0.34209673861218926,-4.28719892031691,-6.90546754724015,-1.4819296610409043,-4.5448353476018015,-4.419966222639502,-1.2158384171843226
1.7235426778788938,-6.002784858769752,-7.51797458965595,1.1487390206398727,-4.54403420664664,-5.607640745685659,-4.133777053059979,-4.972843030122136,-1.9354611235028822,-5.254330693012217,-7.190091137393405,-6.4953042140003845,-5.450172329129922,-3.0092197372391154,-7.8231216013919145,-0.2785390775996321,-3.0382428952314666,0.012501483742229345,-5.189100235890052,-4.632597176015112,-6.128683070706125,-5.988653655423783
-1.7266758724069458,-3.3242486896690386,-4.563472368379564,-5.931541443027039,-5.952385085261216,-6.679773822917192,-2.560559078105108,-8.856021261962987,-4.0324652991153656,-0.08646566241926659,3.2935726514557238,-6.061813388617009,-4.555638994119835,-6.020544589779511,-0.7052564578775102,-7.66119397493767,-2.7789052653984405,-4.304434793954007,-2.2404635010436698,-3.220635984047697,-1.9739496786458843,-1.3555843172931024
