script/wind50m.json
{"header": {"parameterCategory": 2, "parameterNumber": 2, "lo1": 3.000054539987559, "la1": 64.9999836372058, "dx": 0.5, "dy": 0.25, "nx": 34, "ny": 52, "refTime": "2025-11-21T17:00:00.000Z"}, "data":
[rows 0 to 24 of 52, columns 0 to 33 of 34]
14.29604333386131,15.379022862270542,16.086884736050244,16.76808097760442,17.18352789929559,17.38302551736778,17.760139087424157,17.744627448420932,17.231897310133547,15.59689759040559,13.916511859749257,13.329416897563208,11.837234477471885,11.446522207848572,11.490099883655562,9.84813121370104,-1.4666437163687778,-2.633855515941934,-3.934425101538397,-0.7693065857942881,-1.4991021967088674,-0.8464608336782895,-2.54302292084003,0.9872359029160094,1.3914389966291982,-0.39893278000452126,-0.6794299669574372,0.7583005580838827,0.6607783208573912,0.6628305700519569,1.3964560860647666,0.7641753626925426,1.2694577205447233,2.200537235501942
12.240715702724977,13.464201241709235,14.499288647277671,15.289101774117777,15.728648577340913,16.02276289082673,16.102047055060822,16.01997746624866,15.291910763212579,14.792562986227233,14.83892654347001,14.063430546182481,14.498150923209613,15.150668727572038,11.24357390254144,14.252162067805296,8.623454313149018,-0.7058125473253123,-1.0133113368429703,2.0060474791455545,-0.14880898734476025,-0.9154679666812914,0.11919653332810334,2.321405742491079,-1.6918191948912438,-0.9339746786857548,-0.7384524002676428,-2.1461085282167964,-0.9791195847208605,4.85401320183813,0.8539356250323256,0.6020559966909798,0.878580099406797,3.3434590415470122
10.751683292666279,11.601644259776142,12.565088418418647,13.487076086713087,14.118537267633423,14.248448805385978,14.573711966337013,14.87084604628907,14.577426466640683,14.334846795864637,14.449180901698018,13.90103784518107,13.920275372593705,14.48464672696837,14.963182388679236,11.887731509523073,5.386076321549038,0.02284137388918968,0.8366164239944375,-1.1079278809847537,3.2629412835605742,0.3921023002878994,-1.5410105538964327,-0.44890630277164606,-1.1178344851349222,-0.9620818487269818,-1.6847540579453018,1.5859155650627352,-0.008357527022170432,2.827948458330658,4.747513388969307,1.8700788065870066,0.37473572787948967,1.6329428674207513
9.220902001974705,10.21858822414012,11.562690788808357,12.16809211678737,12.679470838913652,13.521527586936228,14.356694023722854,14.347424155011275,15.2178841911112,14.338510372679838,13.752465095861812,13.758278872172946,13.791690462037224,13.674269219351212,10.123911166436146,6.683003154880972,3.146209981265976,2.008272184321947,2.7774529296829122,1.2042360205252614,2.323885780128239,3.2155229053091388,1.0278570801028837,2.744552210768379,-1.76637310117743,-2.1317556659947443,-0.6476604530395776,-0.6235462634363462,0.4615114719220898,1.5247763975210498,1.4417420364756253,4.423236103951889,1.7451526152096872,1.7404167633649434
9.424151895556362,9.398160518350918,10.94481894571661,11.426799524779875,12.510427455426981,12.734743152518893,13.407688728348512,13.725221637309867,13.918714690335428,13.634917368816296,13.7566570873785,14.270790583024846,9.276611784899334,9.24929562024222,3.8773782251565083,5.030176901423389,4.477446265630642,3.147737764548603,3.782018349549541,9.168553622569053,3.6164214731399693,6.57994070257682,-1.3778728637874698,1.6863022908439058,1.399587222922673,0.2035078527637594,-0.3506266317768277,-1.0040178681887526,2.986616673687068,1.626757184882332,1.4532409447185957,1.8938626210396707,3.266078822847475,2.6483173876099255
8.168940843626718,10.497812085772463,11.198351891944068,11.647350703344022,11.906963405274237,12.57905596777244,12.607235022135933,12.842947014209175,13.367536865810052,13.63774844762259,13.347448404341783,11.262652471673615,6.361736044853556,9.426564031260646,3.861076608689058,3.7012647219574224,5.393970378033526,3.2336804726347177,6.7445116665406415,3.107425973332943,1.3243319532157045,1.5374937030002174,5.333194256487609,1.7144967137080487,-0.48644208253612914,0.11912546903588075,0.2323069828838017,-0.19012445442262324,-0.5367149897803952,3.527759963526441,2.3185498978980457,0.45451192478756114,0.9287098299718451,2.514619558773542
8.792350431466433,9.227239112617617,10.357454670825488,10.4136870176518,11.132765421540038,11.708518436367795,12.270448023285821,12.64449731783061,13.11297053577082,13.379244964191141,8.318716035211756,8.383215702635168,7.816736157901089,6.634985418868942,2.3195380382080595,4.552619186260678,1.2103562915268782,2.5947714758438503,6.056767285291566,5.019530263468194,6.159230483488891,2.57041049645425,-0.17333416084330294,-0.46501017085587093,1.553169641564285,-0.040577465840780085,3.248539635202688,-1.5947769256097541,0.25133465357611795,2.6558736014561295,2.878173404173784,2.9611860007619852,3.596619502879607,1.126768682779336
10.253287974624051,9.540481643271683,9.226238974464199,10.753065541214939,10.678123071379753,11.103283681607392,12.007312479551025,12.498043063660198,11.279997878449263,8.733914955997443,6.210392599264833,-0.13543391102102828,3.2786999820856093,11.172461075849593,2.6331849848244153,3.078422698786698,-0.804041566256293,2.5099395642768867,7.753004711506935,4.460259140400577,4.180458066063278,4.651810967928048,-0.405522690445886,-0.27790527658267494,-0.025763990380108247,-0.9984033316878289,-0.1786895618980994,4.383376991362811,0.22491336247598306,0.6891168623609384,4.552858463264853,1.8963777622233247,3.727805309825157,2.8161585970843634
9.567907142155478,9.633550142964632,9.267432707842687,10.858208649191344,12.083791865142597,12.026951995056944,13.23567234788976,11.358091689760876,7.28083010240937,3.8304732063462583,1.2217769854593312,2.866307501097017,6.406145889598783,6.491711397589029,7.193826324344288,0.31024621843415323,1.4729767909147158,9.21250690933047,1.1848763234751947,5.901450849532864,11.063712084090069,4.033403612391751,2.2542782137996595,-1.0554073027798165,2.12707816033532,0.7243301138508249,2.1983786398545617,-0.6751745845172231,0.8802971302817626,1.4560483144170258,3.0651318571046833,1.844847669499182,2.828468531726425,4.071214667990937
10.338014803599163,10.00055500876782,10.171108969833663,10.828327551440253,10.454066012397808,11.289176594797812,8.381617997504515,6.060470563167361,1.7888729180018488,2.0046375204932185,-2.312413770165969,0.35708319510392195,6.452747370282539,5.657399482588325,0.19164375234919379,5.6981477073549955,4.354022285164468,0.07453363198277482,3.5121938351155113,4.346969119714932,7.658668204532212,5.479752917612202,2.4623465653702143,4.10640344685608,0.6097421483980809,1.6597669440946168,2.8575773653044028,3.8210935757628297,3.901918524377699,2.563258719099209,0.6245649954743494,3.5836358403154582,3.900952183486011,3.9056243652117333
10.626113351392375,10.298733117499104,10.194348308885953,10.268570839794133,9.55372499547702,5.700875720762774,3.2433921002331836,1.1784909660586704,4.755082824883783,2.7447297302208633,7.493260672632062,-3.495481360717445,7.72142944802481,11.103195660785095,8.56059900754135,1.9796974825381672,2.5533363949732286,2.8463280302470793,1.5037445891496821,4.516399351602805,6.443341237786056,2.985479647515068,6.975579977253464,1.3227641166657205,1.0702598561464765,1.3719668335663568,-0.3766931334553003,3.3497997931342196,3.2402423726890293,2.208843153274415,2.881135297961414,2.899408939074926,3.958767974624273,4.25773178383318
9.99050447388726,10.652629864571253,10.230594531631292,8.976765016548802,5.987581852320568,1.9917330747244473,-2.993462877207244,-3.7435103432918724,-1.5912467676584332,2.5277621407618907,7.168706036163169,6.181581039094769,3.838518385439779,8.003247700630316,11.155325104471208,3.6228852161249776,0.6009713997141158,6.216322613118807,2.221508285799099,5.298430561069867,4.87935252603547,4.739834748328343,-1.2128544604034226,3.8448046471128396,1.326546406958154,-0.8133081323519109,0.5802437720216598,3.454147686640586,3.008989756866864,2.651879867821326,4.3238484910954496,3.827528467852116,3.4795292677771688,4.323608123616962
10.195390925423736,10.708512194321473,10.96621033578959,10.927371561916223,1.8567368354175537,0.8181202265713055,0.2776801941074415,0.9374005413062282,-0.615252566917845,5.5993196236416685,6.174481942808701,4.470137882876493,6.542989767978935,6.971565217220574,6.580882320375088,6.255005062645729,0.23774413382980858,6.071407774328284,3.6835493231333425,4.019131336888761,3.6608633801467803,4.620391674581558,4.550754766390625,2.3840915235706506,2.6039013558499615,1.2946204968035846,-0.09452784768907942,3.5298133906849953,3.707622638948861,3.656241472920249,3.798145060376006,4.530021480434259,4.101058124581634,4.254740640834704
10.146390133567719,10.681802756007773,10.893300079450649,8.055218599647961,0.7887856117648517,-0.6156031452349472,7.561603116124506,-0.8931605825498827,3.734342124215076,4.486458129580695,7.120517571208212,10.373326472295336,-0.3927505105306587,-2.016299901671074,1.630891556635439,6.2752677387423335,5.652049979060532,4.31721789912332,2.8332619106162356,4.456339668961351,-1.4519038019710608,3.7586055543936476,5.611649408212452,5.087429859574205,1.0688470530434475,3.93315875358034,3.8638686989251787,3.754662841376942,3.7687394894379893,4.324125013429162,4.293993355822185,4.5722970988429,4.350780937747482,4.166838275211202
10.223854535931281,10.75291517672378,10.899946024905606,8.243589771622865,-0.36516015597246665,-1.8711085823776128,-1.1091541269066265,7.059874339585009,-1.1442983047104467,4.882910019184908,-2.7822458928006846,6.577479009691108,9.468796622480857,4.214623318357353,2.5828143431740562,3.4700695487701765,1.718259071266905,3.6812668512717543,0.9707279553132866,-0.20954535816182415,1.467354591603314,2.166947724697916,1.1923838527364923,4.239097836268961,1.6008105204383978,2.9148690823187704,0.8387485985091215,3.8949633240995154,2.9879331540158263,3.6796322080389334,4.211918401712034,4.780179377652032,4.424334946112701,3.935706052181243
9.974653014018612,10.642397997714626,9.922593370507974,7.9457754545102315,-2.1177455495794812,-2.086522274107022,1.1596134496082606,0.977099015182145,-2.0992666179676305,1.6720678215491467,4.714063216177971,9.973497592509446,-0.06590968368119941,5.58760969667578,3.4935499561934096,2.5254455051523252,8.338356268298847,-0.7780688674747476,2.4069574038153587,0.35667000642436725,7.08725831790542,1.9798370949328654,-0.9310599667672637,4.662075641433593,1.6853733945463982,2.9300584453060337,5.65597642480944,2.5236467302062664,3.9602606897046915,5.446925634771807,4.907377054573297,4.95081476401377,4.543506105918158,3.8220773675147064
10.03707168832099,10.161749258499926,10.172030019034958,7.838759514718804,-5.252659922488271,-1.4729977345979908,0.7085747483267085,0.4712180961268452,-1.92074170374652,1.9600627141941755,7.650954461294013,12.678342395789347,1.8139452859302225,0.09380771572825682,1.0257262280825277,-2.3556879912306017,0.9041985079452279,-0.7942333115337361,3.747450847687591,0.6785907318432609,4.505096925818819,5.165605533921759,2.0220457729384815,1.7510850602672898,3.007896458692656,1.7170846290174973,5.509763489091494,4.799995985697315,4.507584627545763,5.122512328704174,4.981929490636312,5.0086414596047355,4.632833608608999,3.7570596002354804
9.741073970929968,9.367971016928417,9.336645169341828,7.887235191811382,-3.5325577193744717,-1.7549367639950684,1.6948307336910362,-0.9345786840326682,6.697461936037604,9.931523156080784,5.069633351003848,3.7841809091415204,-1.090246250580033,3.0424930491362447,3.0483525648667844,4.8714621553555855,5.912850564088826,2.4081350457456314,3.2247509602792994,2.8385788382815456,3.58805307894572,2.0034249598321225,5.077336388935801,5.949372525658155,1.0122566342255586,2.0177309444320963,3.939286096826797,3.768528473009245,4.197419191347676,5.18203626145366,5.469183197570328,5.702445156416953,5.018226100218759,3.562338276248743
9.502336428546709,9.48784809981687,9.36139698077601,8.172899822915914,-5.1789286237296,-1.6293766978752997,4.3673304679275935,3.9641277575551666,-0.3835490020213912,9.39408679551334,5.656994180096827,3.0659254048545668,4.569665353050368,1.078352699095445,-0.8754618663455598,0.1719520207568557,0.8006125835428392,1.1533635617958367,-0.42024464855912363,1.6311715968878833,0.9716307839089933,4.633893387472476,3.9403076064060882,4.622557649118295,2.003814947267306,2.956588385389525,4.704042552042003,3.5801155922790406,4.477109926908792,4.493263257217397,4.893434177626142,6.074813322747486,5.35396380206035,4.0625031944002945
9.405536790509032,9.00434935890237,8.788523169565076,8.327497765550067,3.3174579998098466,-2.4445229958988444,-0.09337983382893279,7.739061201821548,6.385351877561178,5.708520268595756,5.780354916841205,7.8134912241658006,0.010826868916410578,8.421849611998876,2.280613041352369,4.284260201914861,2.1835376719522457,1.4008793574425404,0.5941569031012204,2.1564330083689045,1.4385899464679304,1.34663777194341,5.19737672732719,4.198669416664308,1.895929608561504,2.2964701119127438,3.4273655985677616,3.892468143481513,3.638642243482045,4.313574153167987,4.176926589174131,4.153798664168196,8.444852090962039,3.527412069857777
10.045690954750988,8.495930551845058,8.58280270562566,7.897582476518417,7.951654411904915,-3.663664600880603,-1.363480128792171,1.1947109262721443,3.052690880749922,4.769449216285858,5.215345637099362,6.382447088379264,4.288478157289013,1.1083445602959565,1.5982475228909785,2.352063449077173,1.7588002451084273,0.3300705445686668,3.949143555930396,1.4857983017453356,5.32565856972548,2.673325611423608,4.969873825949127,4.27048631585265,3.63375181162371,4.9939643305297645,4.117808698630381,5.041341227639901,3.9290655644999952,4.489365977092817,4.158740256387181,4.140866934124222,7.941730741532514,5.862131611300521
10.264129298555694,9.420762400934507,8.096937097772285,7.588615766012857,7.845779877449173,0.46327522839255464,-1.7721913926909323,-0.9753909752533722,5.9378475420456915,2.2969914871611907,5.464026721720172,7.010380702191999,-0.8645131974295079,5.3140403326757015,2.0749535949815794,-0.38415423810222443,1.2101691148456997,0.8416589104554658,3.7931253208991103,1.3698166495971489,5.7300225518265515,2.4507183039532925,5.773859216561732,3.1109763295072383,3.9576809826912096,4.624564712262864,5.286970174609719,4.9252962735513535,4.808624634294841,4.362140499657666,4.475754067763735,4.729329892287557,4.904121813009667,7.866805812904605
10.742372014284918,8.309804261176403,7.4597177975531785,7.125541036781303,6.566504433206043,-3.6370432439849205,-2.7862808235002494,3.9829822817523435,7.114285066467138,5.302677365852053,-0.6184127781389126,3.8739101633732846,4.0519192099842485,4.817986497740076,4.844312565754213,3.363669040530602,1.140376438144619,2.5069534540319114,2.346345222533999,4.525336952699475,4.2107392046493555,3.5481645264037267,3.2915261679900008,2.166107568886218,5.297141064075115,5.028653777842975,4.977571522020266,5.5825896707850955,4.833707812468107,5.463220058328787,4.715949422540749,5.238856214965185,8.219567327978487,9.243633174962534
10.853904330416528,9.81230120215077,7.426867577490383,6.8518647330146,6.225673059984262,-2.548866983786316,0.38922515737441826,1.4189013188793906,3.981604924655236,1.871601356877522,-1.1083539236082456,-1.147011340932874,4.795910630499649,1.27383581338458,5.055537048377923,3.6873428055720017,-1.4692212946224223,1.3758753578347263,2.077697169896648,5.342582903217693,3.81171864286637,4.962906940176702,3.6679956341943867,5.29614405926633,5.85314458636793,5.1823401749221025,5.883378311266676,5.0346300376234066,5.052513693828583,4.771358063598649,5.476168315414795,5.379381083940698,8.010473265128272,7.503738265485175
10.070884854554627,7.86182241566435,7.725295891566688,6.757001781738431,6.50462455807848,6.864171288533125,-2.0331444473555575,5.43147744129156,7.37604143346961,1.7443499003059724,2.777682727686245,-0.7397735492857753,3.157773365305284,4.773193621926761,4.725715441774707,5.657104211552302,4.569586495588024,0.2797590420578391,4.149016743928217,3.962964404944217,5.183540972291243,6.0931067525997635,4.463993080121834,5.877276497211636,4.705704507079241,4.794350617745185,4.597016841723904,4.691884692109829,4.174200733102183,5.29396341263762,4.963094992073199,7.088677661412089,7.885840580175896,8.135212610740476
