script/wind10m.json
{"header": {"parameterCategory": 2, "parameterNumber": 2, "lo1": 6.000027932988019, "la1": 58.9999434238085, "dx": 0.5, "dy": 0.25, "nx": 22, "ny": 24, "refTime": "2024-09-14T06:00:00.000Z"}, "data":
[rows 0 to 23 of 24, columns 0 to 21 of 22]
-1.258803749448559,0.47365444204346024,3.281509069788571,1.7713196158663422,0.48030393361031337,0.7434960173160167,1.0824150546416529,1.8054303084210612,0.7990627182840759,0.5589854821585635,-0.6797473142550143,-1.8481192142052183,1.0855976801519527,1.0033693012982832,0.43620802180669727,0.4347612636146484,-0.5890850491016489,0.10929292582604533,0.9858347630922335,0.9031169747911117,1.1576602095425366,1.0170637785372096
-0.19443227210259204,-1.096139777409007,-1.1042834896298341,-0.9722636873716026,0.9935481158298457,-0.3487468861116066,1.927968816589851,1.6838415184229878,-0.5560363449809816,-2.203149260700587,-1.3718560764660388,1.1881391625313324,0.34475185316060086,0.9198021946181449,-0.7323385488220002,-0.22570151809896782,-0.4279550910205762,0.34667757890720574,-0.2990994057991203,0.6730542954383653,0.5698920592365324,1.1143661085787475
-1.5736409102160023,-1.6026518395174214,-1.1900967018045525,-0.7619410050110909,0.9973368121771535,1.7111384891989436,2.0158438555662097,0.10751658956225842,-1.05276232492826,-1.9379712895423806,-1.392254084678563,0.6528997307850126,1.2597955740320528,0.8432952505313427,0.8549277986286306,1.0312042544508675,-0.32025667085472503,2.993577287794658,1.4239838962191154,1.1641201341517606,1.1705054252888778,1.316137700153791
4.632469648375723,-1.235065611281553,0.7891614156441995,-0.767820660396452,0.2516741773946016,2.0415305444789524,0.8771442366545448,0.8758223079402655,-0.2114704371157353,0.5326157849453538,-1.8359861215358109,0.6167917364548919,0.3074125079830258,1.2146313585369262,1.395687781991238,1.0628615646415913,0.8104897771504931,3.555180915291131,1.6165166378630684,1.436089299700301,1.3046370490865966,1.416982305180785
4.318523031194129,4.650442681696323,-1.1824384326901445,-0.2913164420055956,2.74545475341976,3.1367731420489156,1.5477348500133121,1.6741266585541317,1.8362808722340294,2.7255736206147523,2.589598931723958,-0.5649594052124425,-1.469629354224753,1.0167210994349152,0.8560552575204217,-0.19722907630717573,1.4226300936435887,1.2692820491232857,1.3808512789905696,1.2450170876781868,1.7865334534371207,1.5532413868015553
4.10248325811367,4.437035925424729,4.572678641988678,1.3400302857059034,2.8364450381770543,4.000057052321398,3.6005574455088825,3.410902708907994,3.335770462495481,3.3706475905661146,4.4839271108172305,-1.523430862256984,-1.3087997588864644,0.357056862898669,0.10708230923787036,0.37584649749378907,1.0014320998140185,1.4380943960894137,1.3439151055063039,1.5547295629181652,1.538284454478948,1.4660765720326905
3.8757195823828967,4.255811688428715,4.7144990635774455,1.377563912033222,3.6646339212246257,4.260053271267465,5.313862747797273,4.738254278209221,1.7504282595825518,3.9445423218827345,4.9152471345979745,3.445042693282163,-1.6704540392073577,1.1612929801022138,1.2899327961621714,0.884431585090849,0.75060015259934,0.963931192918306,1.3002431988055818,1.2242418374455326,1.5514741786775725,1.6276900884975758
3.5281233658765836,3.984188480386824,4.620213133419524,4.869242303126334,2.4343388667801724,4.150050736603977,5.581437364724276,5.613198719705566,2.2860287172469533,3.0116479157115315,2.0767161380133206,4.424755262742565,-0.17355774732119647,0.0018984360892939224,0.9976784510389893,-0.15244281930019635,1.363489216584413,1.1442854582427169,0.5015165785075997,1.4793490350391583,1.8312535193489654,3.3349012865222054
3.362207428522042,3.4376884336367395,3.6158504782456835,4.595498760933543,4.426026306773748,1.2088203871507088,2.4164005311720866,3.061757944278551,2.5751156316506307,5.796682351960426,5.181814243435642,4.9077087905651124,-1.2255142205263152,-0.6894492607016329,1.0577415091698663,0.9133414017327071,1.5059885259662251,0.8348777270948361,0.9349400472089292,1.0514252137710833,1.5892316863492875,2.720458101752766
3.0153101006386605,3.6168381021112,3.3138934555308825,3.7151458355697464,4.490183782117867,3.0408132471903686,2.538176630015069,2.081439749779089,2.55784199806752,6.003376788749619,5.236981804184572,4.057373719671458,3.1344721543552514,0.1119986579672974,-1.3832677773693616,1.1133560271626466,1.2648154221385002,1.115332662276907,1.4076521738177308,0.9223643200602492,1.0910515598778934,0.8992307448681282
3.289664718700437,3.087116245205948,3.2837449465112445,3.6673708819430906,4.079815981733229,2.2802106098036514,1.6934348716559988,2.5239904422963786,2.0374070989977042,2.675686505909296,5.836816093607706,4.1773392740560915,4.670725722406896,0.1307319489652631,-0.5500842537172852,0.7799275483912435,0.5445739313983161,1.2622539688887875,1.332591403857842,1.0974241417984658,1.1370965201208534,2.247658760130936
3.322121014194697,3.4181556815154055,3.246672290930208,3.688488040975424,3.8468290096355844,1.6034807572210463,2.4662166648500334,2.7708485958097295,3.0076371086352114,3.0475925505160086,6.256202553825726,4.084781460415351,4.491996459151725,-0.1497713361896791,-1.3590227021990924,1.0401681970965224,0.5890088670536582,1.2918249047539263,0.9589606755399439,0.9164512899283079,1.5460774392909418,2.5892153910552245
4.119008791478608,3.5485743802236143,3.4937821406427974,3.7202918100252313,3.8533530733708656,1.8690201684539238,1.9736245876560508,1.93122413643034,1.547046859760604,5.946336014897244,4.547480277262097,5.413887262049399,2.14744095462858,0.6294260522543801,1.6288470868787945,0.0337616365514941,1.159587095862408,3.0206752029699784,2.23532136807456,0.11319078242729519,1.1511559714973971,1.4344368705255073
4.046419430917135,4.232825121083979,3.9876199338241025,3.938893899661143,4.000243969705134,1.8186685582416464,2.5964655567188144,1.9538584698323809,3.4398900692628125,5.705190687771041,4.151972946076983,2.7906162457734314,2.0691806459222613,1.1196022440649707,-0.5796396829267624,0.04603357800483031,0.5677217981410363,3.201226428807369,1.1633829915804936,-0.7342909172547326,-0.311214154227517,0.36704625189012574
3.733964786410661,3.886964126702088,4.574369136006774,4.3604650750161955,4.074104144345885,1.997313323501904,2.4327955103028147,2.4748566595281827,3.1015515390800257,4.465799884541809,4.673406114889285,2.3346615274715337,2.990054171940106,1.878869162507727,1.6230249322765073,0.14883636341034412,1.1268569437177491,2.8694335455053044,0.4774744759931309,-1.479745764368448,-1.155244944822916,-0.37026386418599494
3.402385875005223,4.096711526764761,4.400512454200269,4.520163174465185,4.284081024412161,1.0188811390520085,0.1405194398306268,2.4695310401609176,1.4447634513633663,2.7563464394493558,4.221855000383789,2.4437424059089587,3.2419670413689357,6.093846711230076,0.6243506036490013,-0.7636765057657449,0.6636046978836451,0.48066376186590914,1.0517396518393385,-1.076152080883533,-1.2191278925823168,-1.553131258504407
4.37165716171986,3.9042574017485174,4.72088542032036,4.540587313841312,4.316293645262892,3.89946679512595,0.3761642638528539,2.3658446409659755,4.866809176135587,3.420605448011888,5.758244250173358,3.8807794733716734,2.5680698254185064,4.753801050908064,0.04105015577905421,-0.4348120095034141,0.6259754519349118,-0.8431370525151677,1.1447255031093566,-1.0155295893202896,-1.8878219422529043,-1.8989050598340032
4.510145019303094,3.946169012183832,4.574435134180763,4.541003057647066,4.383385807838508,3.07280794662292,1.1059214125888548,1.678275992243628,4.448053851055188,3.9136844444678833,4.905323432506344,0.9997976194097391,2.548950367088375,6.005738064692574,-0.9218198763837143,0.40117323017143103,0.8299919532069469,0.09534061657736975,0.40931409555201853,-1.2746304271095794,-2.1430159412617056,-1.6979812033848392
4.630880526609846,3.9529047380515028,4.328885464477036,4.420074769853408,4.299502021912785,3.4864390926435567,-0.2018177050293759,1.8787831969179094,4.1607512192300415,1.6243728892005305,4.351850189418622,5.2324595472017865,3.6669391172438806,4.279097495279666,-0.34643652099577443,1.0085167508647812,0.9435355856662235,-0.1591696854843398,0.08070809850116699,-1.4294501833334625,-2.2305372099248952,-1.1822435288390987
4.690815160275866,4.471029108882976,4.289709637998009,3.8536187612130797,3.835435018563499,3.7364116593042755,1.147485999069445,1.2665101155888603,1.4957868669643875,1.8259947066645268,1.9904204280409814,3.610389464764401,2.972316959125456,1.9301274432142046,1.559606373258376,2.0893242372844267,1.3713752170170066,0.6883164432264092,0.26185345264796045,-1.7139988633402397,-1.8974131563362746,0.39868046656027983
4.397104138698448,4.447062311670571,4.067223806463764,3.127880654612671,3.843165361273426,3.8458175476375165,0.6443862281878046,1.0113815603552174,0.9905183205316871,2.967489838592029,1.5924607852100305,2.7908657530035326,1.9109837815741397,1.953862412417923,2.338023050874599,1.1956941525356848,0.9491933977930509,0.2670415942804194,0.39906879578880877,-0.33189379409747144,0.2461357859400388,0.5392903532196632
4.180043025503258,4.273018247452385,3.9994950675873686,2.842305937718453,3.4649237741330623,3.2802529280919464,0.22916751921267708,1.198583766284354,1.4769941189142615,2.975446085896634,2.97839238861897,1.3391257591966883,1.9848918096123707,2.225551247263358,2.4000143035932946,2.2389699455136616,1.4942994397038658,1.3075912817492772,1.1545448217407364,0.713360961666885,-0.09054760022683332,1.0975979658733983
4.0023741338398935,3.736906861690862,3.5014898794438913,1.8000029903887742,2.2036962247874388,1.2262281441045506,1.2308426932757413,0.5843985501483205,1.0785383819096122,2.514802484390606,2.3778377894589875,1.9333674719611766,2.1509455648769085,1.7930562006397952,2.4103868139019706,3.0139992344014135,1.857289670032042,0.6325956531748038,1.670934290855722,0.9402175314095281,0.1923227470094773,0.3641171466858014
0.903973448863638,2.316290106298609,2.544889802839135,1.8937815597043717,1.6944978472042012,1.0602958441641874,1.7021756738348337,1.3787827843479405,1.6233154590316203,1.295319875533321,2.0739681673709693,1.7496497840495058,1.8450894685163803,1.4721609313325723,1.4628419045162804,2.3256631190753403,3.71141955959427,1.2909022586328485,2.0084536704146854,1.2727347191098308,0.5160211866110533,0.5583107303411404
