script/wind10m.json
{"header": {"parameterCategory": 2, "parameterNumber": 3, "lo1": 6.000027932988019, "la1": 58.9999434238085, "dx": 0.5, "dy": 0.25, "nx": 22, "ny": 24, "refTime": "2024-11-04T07:00:00.000Z"}, "data":
[rows 0 to 23 of 24, columns 0 to 21 of 22]
0.7749718464335299,-2.4183876701361755,-2.3428757067342274,-0.2954817735072713,-0.11442330526440139,-0.5647016131350449,0.6932178612059972,0.043497237890142364,-1.4764757606271466,4.194208918061363,2.360285453065567,1.2004362919683755,0.7743438602237503,-0.66288347935109,1.156299844560264,4.786907346792445,1.4137658269602607,1.264599203670507,0.7344498094259196,0.19485926656863334,-0.4633680017761971,-0.2538737437297518
-1.4758765402517882,0.30659060448939934,-1.164332270834706,-0.1296388124637133,0.7093243184890154,-0.6556980746554191,-0.7502153394548103,-2.2795224170216875,3.3577657479852245,4.101562748706454,4.458296064916499,0.32752863799833176,0.07050819339091176,0.25339789783192135,4.184241901689228,3.722181442622533,0.7330506379961947,0.20441796518290695,0.21665333301728215,0.39122049344341026,0.5897536248737496,0.018363402585098113
0.03698633361491626,0.0021439341324999577,-1.4683499634982997,-0.34377608844818336,-0.48370956007530014,-0.8428681063605994,-2.619920793317951,1.8795458311671775,3.2109190460331183,5.106556528012172,4.647239222916323,1.1600777969173546,-0.06462000201778877,3.038046748931359,2.346818505609918,1.906264172621758,1.1249750431827708,0.1835629527049645,0.809177668694647,-0.7419342379817413,0.6383227136517533,0.4412266455317504
-3.3927293267963314,-1.903544899997996,-0.13690913212833036,-1.1757831018862113,-1.5327167763704348,-3.308693491976855,0.9993163717505973,2.4750610786204477,4.190515563344121,5.529783458720529,5.483640580802552,0.807866941027938,0.9680763987861538,1.0216380170774098,1.7971062974464231,2.1692727003699,0.274777427969895,2.2627381261830397,0.047547898036701265,0.788052378798944,0.4056057642575319,-0.16179551227054476
-4.334871441945124,-2.276667403508232,-0.4082479670252456,-2.22835537958315,-3.610428853729542,-0.8524084551338015,1.1047877234311076,3.343959346382885,4.738626848738678,5.60156392511658,5.832823682128441,1.932052035967565,1.4494134828097616,1.3706471014166666,1.443043243941405,0.770331755160318,0.3096170330482238,-0.6767579345544789,0.8495598615624456,-0.6156327950373807,-0.2955136188895737,-0.7128198411549133
-4.281958060853401,-4.4804189748821015,-1.0056974709847624,-3.107195424084285,-1.5073010741698352,-0.2355068879865308,2.694443829787002,3.514007023772545,4.060305211815199,3.9910581515946193,6.20509752116034,4.566817803344376,0.992265486610265,1.345698950754761,1.8604055708277594,1.0892154055948744,1.1225428677075824,1.2137843476035715,0.1567772828182917,0.03567493610922441,-0.7752398466977733,-1.0676419342988293
-2.6659715047090455,-4.754677429005172,-2.64029194461491,-1.9873597295147596,-0.8640476321933639,0.3284820178088874,2.9692339117093867,4.159807309931575,1.4363303759476072,4.90431620239939,6.1855379459625635,5.9032577166888,0.1878480077791556,0.23962567301557888,-0.4591716911750092,1.0788406829284742,1.2645694635974558,-0.11604470065491711,-0.4620942066632918,-0.5683858376183686,-0.6397131350177117,-0.7947448015786652
-3.01547417146306,-4.57116232340583,-3.9075469213582585,-3.6046854695815123,-1.8375263565219697,-0.2508439093236395,2.2097420353117534,3.427048109041245,1.0706926139687347,2.864235878371082,1.8520040705497458,4.821297476233996,3.104375439709729,1.596437630062228,0.03912867843241114,-0.5462221700804549,0.8031504182500431,1.054117342678381,-0.751852103296615,-0.1023513489929019,-0.798592025115142,-2.9020398155832408
-2.9071127529546756,-3.446595493236502,-4.752116497606023,-3.0756140022479475,-2.0905068633980264,1.2280197593564244,-0.011039375662065887,1.746866269607424,1.8553535259718386,2.9971567357450826,4.730400172783323,5.075268061147656,3.2795775479694163,-0.23031327738148852,0.17076144111140718,0.6247089961951212,0.1750547681318766,0.3878991197297745,0.30746839096674067,-0.46420332027844957,-1.176317924005093,-2.443151136158367
-2.0314848628804967,-3.042485568047706,-4.595634633504962,-4.102247460291846,-2.278461697892113,1.0383557862323687,1.5073766015425643,0.7311780958790141,0.651994784731437,2.3166034057971405,4.2129666888337285,3.2772822520914064,3.6990766892423546,2.1913392012435535,0.7910490262146682,0.7110593250051321,0.5628960511474458,-0.9886123934754141,-0.45082405595606767,-0.8891420674923319,-0.7514694200693679,-2.9895925369763328
-2.2851853401297233,-3.035535945706943,-3.327307151276327,-3.6196241174243506,-2.353827583889253,0.397746666860352,1.0325495023799665,0.7548939599896192,0.25971694974127035,1.1338414755440906,0.5816698051833602,4.42390995567739,4.470889205168128,1.4993409723040114,0.1249223129709701,0.3135566016107435,0.26292011954405103,-0.08750422412720026,-0.9535593475784245,-0.8064246020087409,-0.6155498683923272,-2.255246015532024
-2.689971565421384,-2.5505785439753583,-3.8708991120733707,-3.972458312111748,-1.7374025886106785,0.3224129765773397,0.8143489189154381,1.034118135876538,0.22636364394564218,0.1788048884757003,1.0859481827911377,-0.311564742445618,4.727023539264524,1.1502347593922504,0.42312687973047997,0.6115392422614676,-0.20963880913942642,-0.21265288638188698,-0.9777047089755487,-1.23858012112746,-1.2518876293838186,-3.6767117007923216
-1.9026708039672295,-2.6221408807622164,-3.885401083927935,-3.6016179525024827,-1.7440529348467548,1.3697943470047833,0.5552093188256506,0.013176007275826022,1.0429524306491522,-0.12330231727969135,0.390591488932839,0.612778252312637,1.6159850036654533,1.3135246445796447,1.175836406810503,0.6264654185245946,-0.33493170497414804,-1.7491643064839208,-0.8102722566082432,-2.861654448334585,-4.336175353756129,-5.64610875000901
-0.6993852904242619,-3.4410595622994595,-4.79292379370416,-3.8653623323973396,-3.171192402845081,0.20690355303492744,0.3549591928508765,0.11123094277419915,0.5254017481766589,-0.3949679157329587,0.5226346377088789,0.7160585937875168,0.6251565501096572,1.3873525921249055,0.32019662370297924,0.7655628281621298,-0.08724635627248678,1.1886241755826448,-0.5093832830260108,-2.5597604070000712,-3.675972937287346,-5.723520117086788
-2.2886563926783596,-2.054288148020064,-4.0747590059945304,-4.890944772973316,-3.0167483338381835,-0.3657594226514447,0.5520658701922645,0.36698627885851154,0.9593491743927668,0.568524231212281,-0.3927933787351434,0.824777686273966,-0.03339829463398693,2.623698842285528,0.474544662221268,0.5471885193479643,-0.11769687190400911,0.9569280584692493,-0.4551051494860445,-2.355081974372646,-4.024938091920558,-2.8154214219282188
-1.5529870005006403,-1.304230291265578,-1.8208112570887887,-3.916840171911335,-3.2618086003208546,-1.2118302527620521,0.08077080479271875,0.5530197719482735,0.2975316024371033,0.7382519152227739,-0.41377908687050086,0.24548625416211395,-0.41546929509761477,-2.1529754020573284,1.2116818380848002,3.023472345243772,2.0806829380364182,-0.7197910364010819,-0.053804701970384027,-1.776483716648337,-3.663846320032233,-4.739212147094259
-1.1521219917644892,-1.6208178717687802,-1.9172125269223774,-1.8349891174702446,-2.317350553352068,-1.6243524198582016,0.0016669264378335337,-0.6039805862538382,-1.8366487616237748,-0.3700063022843027,-0.9202333942096407,-1.3618349787142705,-1.0360689253068123,-1.4386859036729513,0.644168741264948,3.753601038393601,2.0519330417253894,0.11430585670200172,-1.7820631764541377,-1.8783805272497178,-3.1195371160818905,-4.02063615168155
-0.3514220719608609,-1.2263571375914335,-2.229709500059566,-1.5475024916470743,-1.5874541674465446,-2.0299146716797165,-0.8903933258905521,-1.775085402370645,-2.2252363115614764,-1.7597697320042804,-0.9594525265471967,0.14094612345436194,-0.2691189958763558,-2.8584735370825,-0.8443654194899204,-0.2283658390358966,1.701085632277888,0.06622747680352634,-1.3260234616232485,-1.539872258691398,-3.076611983108415,-2.9067438852177316
0.11001625004412269,-0.7213226099450475,0.0290932494127235,-1.9763613357646475,-3.095711586347737,-1.558620964350351,-1.4171552735848112,-0.40136575376791356,-1.7847670095131378,-2.70058097700496,-1.2795755112025549,-2.5144301044888593,-2.5934140255935776,-3.288112151081036,-3.1914298208135716,-0.3291540809505903,0.9231217049890371,-0.10260011215617404,0.18231439214110218,-2.2419071545050766,-2.570848062099106,0.7874104979227107
-0.3616030879864682,-0.2490809694186114,-1.4760519537964925,-1.5126494515056448,-2.80913776575899,-2.353271516089642,-0.9292009605877938,-0.622719817624059,-1.0881088190710844,0.19688549085280438,0.18858281393142282,-1.6866846620711053,-3.1021073241096087,-0.9063220827540651,-0.323957669778935,-1.6732752886644318,-2.189078984687012,-0.2299062583094691,0.1590981251022466,-1.554776024977931,-0.9112889850304243,-0.6985999221172519
2.117059308350216,0.17970659293318483,-0.2886383035426135,-1.6364832789459407,-2.2227005591903843,-1.9826828746597198,-1.8769569490118154,0.19848877832305506,-0.7558747829721484,0.13301341004591813,-2.1776244844639954,0.40774625366209516,1.1888879915162158,0.9851019053103865,0.37634328517932025,0.1804945022184552,-1.1512948810472343,-2.665251131249043,-0.5016817164461187,-1.146397559359203,-1.204510184301097,-0.8882229079920032
1.83937943230953,0.7122498371862857,0.1689652776297055,0.7866585821715124,0.8390834392116787,0.17087571961667847,0.40269973329254155,0.15926746017166216,0.10756171569171716,0.059276450647511095,0.09616760223532274,-0.15156288955414499,0.9405138238046308,0.5408953971947598,0.787545840149691,0.20198084483453704,-0.09200853609322346,-1.8994842802760268,-0.10467499018152197,0.14751033083847667,-0.4301826016343652,-0.5509993914000171
4.103023035431713,1.5060955968007501,1.6983093160122114,0.8349904344907584,0.7063526262127346,0.13245098677795775,0.25698244539557197,0.052602194305464846,-0.3207713530292934,0.09751564019539895,0.8712560463432449,-0.05922365761898921,-0.07228477568608789,-0.0012236749775748489,-0.15909603704674605,0.43868934372456564,0.11636507527590506,0.6388903792329803,-0.4737660186073615,0.05715954844790477,-0.19779172921184593,-0.7837079705150871
0.2526065650735313,0.5668939710307516,0.5278376284933929,-0.16554027646342367,0.44392972682457,0.760160358455286,0.4891879031136155,0.5693491362898945,0.388223427878721,-0.21005225139886446,-0.13273123757839464,0.4460033934126534,0.6588892124393257,0.15561616299223152,0.18201934268093176,-0.24968728356238618,-1.3474157324542584,0.1740891408713418,0.3547463535345433,0.44945038478699206,-0.09385819366499,-0.6916335566433413
