script/wind10m.json
{"header": {"parameterCategory": 2, "parameterNumber": 2, "lo1": 3.000054539987559, "la1": 64.9999836372058, "dx": 0.5, "dy": 0.25, "nx": 34, "ny": 52, "refTime": "2024-12-18T21:00:00.000Z"}, "data":
[rows 0 to 24 of 52, columns 0 to 33 of 34]
-13.216058680612475,-13.319373259192488,-13.247893692570441,-13.24781027416543,-13.477038956451036,-13.416726464800101,-13.517784657389237,-12.879021811533992,-11.228480793361896,-8.93775557748816,-7.57911196015682,-6.911198100815286,-7.069137374208499,-7.77075543521244,-8.827530610042977,-9.81200914906613,-6.3940951489360165,-10.431701133610362,-5.349511527085748,-15.04344923550077,-6.934161465694116,-2.328913162872115,-7.721620656524004,-11.473071969094036,-5.074144783194393,-3.3609069477337217,-2.7549744224056822,-4.960454420217925,-4.551623071385969,-3.9463331541448845,-4.584050492006128,-4.412910868126021,-5.106920530752216,-4.237980539576585
-11.8111020278462,-12.06243871984435,-12.001434819590418,-12.802099245889334,-13.18715422098018,-11.851607262328093,-1.934951026325011,-4.82949960799439,-7.090293522828796,-7.385136254449017,-7.430198932956209,-7.017075422112213,-6.054712455866907,-6.152691014664635,-7.222457705277556,-9.131955242785349,-9.954348863778263,-8.033635354344451,-10.616592411006522,-8.6162579168799,-10.151817497980229,-5.590841672975395,-2.522976875122234,-9.125224725210847,-2.8826825260468305,-3.960576013052447,-2.4983840298143365,-5.080471710834926,-4.467026716308406,-4.629435808491021,-3.815362199122166,-4.179998216308325,-4.1772249089364015,-4.992875162372847
-9.096851748464033,-9.702456016932459,-11.638549729337633,-9.782748066496303,3.827712020673638,4.4147357404204985,5.030285283852903,4.718785533838711,2.68252683146049,-3.0855681513918523,-5.583206180152432,-6.593399526979476,-6.148280851773204,-6.032406458657461,-6.4119792152861335,-8.583903239464517,-5.815876754564729,-5.5528743210033396,-5.103197054349314,-4.96575207968761,-8.973526862698343,-3.202695995953938,-6.52931112310156,-6.07445552577514,-4.059646430849991,-1.9346486945569565,-3.641077853981346,-2.3126449277117893,-4.053855831456903,-4.7080825540414235,-4.253941944553152,-3.726812353428928,-3.843778863484884,-4.309453530077632
-6.147692950510533,-4.750519825977922,8.050535225024717,7.270990243180152,7.106469484034272,7.46356874236765,8.616644220686835,6.330490312750238,5.228574105600696,1.716757404833083,-1.7679960847581795,-5.36906098916668,-5.705487257133031,-5.761827546127769,-4.7506274487747255,-5.533399957911532,-3.797926014246203,-4.474868257160597,-10.715146916199803,-2.66787387179292,-11.770404439277122,-6.839369407961608,-8.658022272694877,-3.3932491198043744,-2.8924079133567218,-3.6470077973237296,-3.1867499728838657,-3.454782219426678,-3.830482861785789,-3.7181605103108275,-3.828695142671891,-4.007125962668043,-4.143121587389433,-4.510910956047894
-1.3713377904422277,5.291786400570564,9.812397849878957,11.355211775779026,10.594134431359354,9.869340631316325,10.301089922624303,8.977185508357053,6.377643741962026,4.845261247559872,0.14251692160076052,-3.484651187203597,-5.319105189611392,-6.043528090000556,-5.655897355316362,-5.772169704906048,-3.009855525354354,-3.950330299243821,-3.37902729181452,-6.023528935535149,-11.487360088977361,-7.19579708810353,-2.326280823426827,-4.418544405320288,-2.8160320082854153,-3.1232792304312875,-3.556442649956414,-3.365606120024854,-3.7674779376032212,-4.1857679235173455,-3.9739711081898768,-4.843712746143523,-3.6287807986684704,-3.721575351102019
4.575979709668035,13.113531338142495,12.627325738816976,12.266885134819164,11.36134207952281,12.3566931489982,11.751450404936492,12.19901838775834,8.424799602953446,6.226519048017442,1.6498705019285003,-0.025112298267691423,-4.349867001041073,-6.83010296118724,-2.9243967589764135,-1.519407174641375,0.404297540254378,-4.26567908698508,-7.596958469163753,-11.433881743615931,-2.9403492860283147,-5.830565870609953,-2.971428728779474,-2.2639026483340365,-2.4539592786688478,-3.008990633829793,-3.25897609945083,-3.4749360150130615,-3.283311477157264,-4.253623155427287,-3.907973670567701,-3.5156057196407993,-3.7138839138570816,-3.454109989043205
12.853738300880277,13.146180775986023,12.668166805748111,12.650904322394059,12.39197218669736,12.69913032067718,12.902250711883353,13.459225606556185,13.645286376228174,10.910479247061897,4.968279385768011,2.34584926674074,1.567291489393346,-2.223236383136463,-4.254154813528901,-3.3380484526160172,0.40722843930631697,-3.2552718312219997,-4.162802975866515,-4.873896015082955,-4.133177196246336,-2.7676568070930756,-3.4673817574418084,-2.554812056600133,-2.671084727860004,-2.3104399345360793,-2.5434949954426838,-2.945602399534336,-3.2114367818083407,-3.5421176386487003,-3.9779991004001927,-3.9307402016315534,-3.920053242734276,-7.807927412309629
12.834808180599193,13.6052330310536,13.319006486726877,12.97013741627939,13.165834489052871,12.503831082453841,13.16777016887575,13.473456479037438,14.053594555186246,12.742730513792399,6.101825136089535,-1.8612635408228857,1.219652856005363,-0.10995062093309924,-1.0075986510420492,-0.2548428057143633,-1.9610456207723623,0.16710131349365556,2.4330403682151593,0.5486855317727221,-2.698740480739239,-2.4212348820634184,-2.763659837136666,-3.3807953124008834,-2.006204807245551,-2.5337663086994113,-3.0396289774093277,-2.5298591984114287,-2.6879274374199595,-2.6137764851021448,-3.092600481075565,-2.762332642140103,-3.8242420951442377,-9.406295283195691
12.564212338292233,13.502273318604612,13.548454266600244,13.050265681063875,13.30750092588465,12.021766233704145,12.236830199379662,13.13598314218675,12.707194211728616,5.384692147967264,3.8302500132508595,0.6161154029465589,2.212549035745448,-1.1845618033130536,-1.197973804063205,-1.560839571236631,-5.484221216162684,3.247103532516602,-5.297415570324021,-5.557632256500408,1.5905270988712852,-0.7566778501536572,-0.2694693228956088,-1.9750400975114575,-2.3358272343962407,-2.489831969482745,-1.6783264937175502,-1.844831326133168,-1.7745733244182846,-2.302130406403839,-2.4779165108577845,-4.5731279924194705,-7.987202780185725,-8.5652042844502
12.21715362879813,13.087569234318602,13.158948196267245,12.952923650285642,12.307193979515938,13.594804618446807,9.874696080538557,9.936058419060352,4.786820286822616,5.051061931296125,0.7148636047433605,1.58320232608398,4.943492803259231,3.0376123020108285,-2.9467118409914383,0.38439453000172086,1.766713566885111,-3.8524923088275638,-4.3419921947995315,-1.5639107597322404,-0.9287033592607958,-0.9258746919809265,-2.0037838805710395,-1.12375360778103,-1.6004751054271469,-2.0659948347374195,-1.7473034160848002,-2.129902617598125,-2.4101112245727974,-1.749924690992017,-1.0947771118810532,-6.560796649670779,-7.141288579597063,-7.9796847951995
11.619323203796752,12.277197046518651,12.538894665565552,13.540103124619865,12.743192186811308,12.644612255144938,10.24662725012975,5.911146368555326,9.088763580284926,-2.1143049186972895,10.416423057440852,-6.565876489371166,4.6268445833357115,5.948684518475007,2.88261957163579,-2.9147098602997956,1.3915066811268109,-1.544179178342076,-1.3799386510267073,-0.7285873150887502,-0.8625195526861296,-1.6837363571145016,0.596259797597882,-2.0224251129042585,-1.71434846037519,-1.2443189197582547,-2.231412765503646,-2.231508097956582,-1.576547290904186,-1.2485363944617078,-0.8483908484628692,-3.0573076925456917,-6.174661581092885,-7.200436195165626
11.415987926297165,11.471783673194615,11.491257742933653,13.35953334548512,13.811458756457567,7.199387319795305,5.487642355151978,1.5835142990646232,-2.4981727942355425,7.444224897424667,3.7699045218202287,3.6458393412583985,0.6869244071519941,2.374420457422184,-0.213450489403428,-0.6927105619230616,-1.0356787748602756,2.6079176002355577,0.8462598081384657,-1.631976919281152,0.8534612877713839,1.2545667104187481,-0.9091786230885528,-0.7265041463570429,-0.6905710958356297,-1.998119572508226,-1.224717589581599,-0.9413310835116173,-0.5730340047181546,-0.5191959770920396,0.09557667558545792,-0.815697582962068,-4.045844383580346,-6.088502621053772
13.904825428063589,12.623022788281514,11.31928751696025,11.77706648669175,8.430027210745864,4.086309498849353,4.007415448501612,5.7080274392162895,4.037427209040902,5.1012569699252115,7.979261754981798,6.77415756906583,-1.1414773084377652,1.9939570620615166,-2.8102584497302474,2.7632038321513797,-1.4286181815042793,1.0938932723680257,-2.272362794813701,-1.1292874529280483,-0.5289715482040207,0.11273494883746736,0.111254304657629,-1.013360202333556,-0.9344296835995409,-1.6664730626946196,-1.5051775477408185,-1.8061898942798773,-0.8860654123411283,-0.4852721647862331,1.979560534287006,-0.27640403940978764,-2.4914063329315854,-5.392270160320844
14.522347038322277,12.850870798156208,12.484749001642335,11.334976807031932,8.211958760246203,11.587740696892386,13.89192680637984,1.8532658270276923,6.7643032801302745,9.429987237230021,8.548081559279893,10.723120650085955,-2.1768523640248802,-1.4301296650042163,1.6710429518197136,0.6534527595009062,0.4559300173371592,1.5147138246645084,0.5600566183164843,-0.32635539610492426,-1.80180823649069,-0.1708517962283967,0.18554321476009664,0.31165327973186846,-0.8251503672256796,0.3948621280127633,-1.1633272844170839,0.012757931642651257,-0.8684240086780195,0.012758803590152273,-0.44076639466294704,0.6280960816827352,-1.0591084322967699,-4.474610741628798
14.634000400738515,13.497757274094596,9.938481164543257,10.771721195206768,8.303683638226438,4.8863459630005535,3.0673200208378852,8.018167615330036,7.232079740272127,8.281119292136859,4.095726660864724,8.662328211393865,9.811397411818083,2.807752199520179,1.1650991117189926,4.3407069156569476,0.0014557288629086082,0.04991237721978546,0.4433173504971256,-1.0436906447679621,-0.21003913557414547,-2.1225355967860065,-0.560151283156784,0.27505872524194613,-0.3292768137381337,-1.1104726101475118,-0.9621026307709469,-0.5783456941458668,-0.21252037248451927,-0.03140496267143387,-0.6020616992608777,0.2558987332516368,0.3421586690458156,-1.7710576439953147
14.808600139078681,14.44219936913288,13.211793836609452,10.459038908062016,5.194278741211094,4.597081851710914,8.674121128475418,-0.6250246453801241,3.6915380428951976,7.889169963827827,9.835296530448833,11.642192103797111,-0.7554989292262236,3.817234469601046,-1.4301474517394703,2.5526107939526783,2.771582259036822,-0.536756490835512,-0.33690470390821586,-0.33313423580122087,1.863657751461788,-1.771187075254593,-1.202652982976218,-0.43875542741798995,-0.33661912305567687,-0.8902244445616316,1.2038703378868623,-1.0707869771566174,-0.106250399509531,-0.20363889402153607,-0.3184501883277337,-0.6403220571344731,0.5291783488388963,-1.0075378801187256
15.497741509811378,13.565171529741768,13.324982596518856,10.96523801526524,2.7297067652126286,4.751926622801109,8.684281677632976,5.4544752305225375,-3.8288340402432732,5.07585670855712,13.424735384501956,16.82531108075467,1.1556015678892912,-1.4952652468178307,-0.5817980274932503,-3.0173937618667472,0.14980906204007177,-0.5603333260590555,-0.15593712369172932,0.07676260337980755,0.5957939058787187,-0.35183028057761845,-0.1686075019356035,-1.356889358375728,-0.8137261054732149,-0.36296614881468736,0.9008948222223271,1.1169310102085723,0.8532648401858726,0.4415055488068337,-0.3449402380874757,-1.0783010180332324,0.19074262968336736,-0.8344453179933278
15.251444512179207,13.72863359986223,13.59750474636194,11.49337788412294,3.9957095043215496,4.132762364832985,8.962596072423596,0.838391039350084,16.295913415639404,13.172852833141414,6.494802086824591,1.378963364101376,0.702906228389132,4.340209248975808,0.799518175607751,2.271912194281131,-1.9901600286928167,0.7303337814035186,0.11792663337176908,-0.4023580390246477,0.4192446698760274,-1.0442858632042853,-0.006084540340334401,0.6834061863055909,-1.1517529962327797,-1.1156087867151347,-0.33730557660063976,-0.28142294589272165,1.0298423768823461,2.2937107303903455,0.19577998215491257,-1.2665556686103754,-0.2284575386718803,-0.5918763441173293
14.96150150264879,13.937939132139652,13.740811510640645,11.982337535518703,7.402412760628444,1.3228717179313598,9.625235158611646,4.291128296930702,6.759166726070143,16.62632843762668,8.451452153292761,6.8440038962312295,4.385484668339445,-0.06843420345921748,0.33370375983755934,1.8986203805949624,-0.23190257292358993,0.7387058356885684,0.05376212293676153,0.3305758847967274,-0.18408934987940082,0.3466034767903548,0.7629791855819923,-0.33039080990728464,0.6719766195271822,0.17071230572200968,-0.5312609212979973,0.4529448418010677,0.4794400616169124,1.1708085566214246,1.8921483753617292,-0.3686701694156591,-0.6108918740753154,0.39549860468708004
15.396060942710218,13.716773434300839,13.492289480121467,12.370575485452985,5.979293616042858,4.983569786027228,-0.3964828825808782,15.122808513412526,9.969885181079515,11.99599989591345,9.008150095343872,14.326971123004789,1.0928455010626477,10.11040773722109,-1.5723241238855887,1.8932960023344811,1.4411124995617999,1.0553702716668631,-0.49548749934921205,-0.010098497091300845,0.4747657151976275,-0.09875521854300666,0.9243455015647006,0.8148610625488985,-1.029376415869324,-0.010383315454695657,0.6641601086062956,0.11965787008814151,0.564516834344162,0.5074027619908237,1.0534161920579903,0.8237854336408236,-0.11538582452090486,0.5855728288661213
14.711966984260245,13.693976555184951,12.773013784943346,11.661551853929339,11.222304075824757,4.038393132890083,2.5612047192978613,5.863069318711373,12.918786546601915,12.675593227393708,9.541755602425145,8.866453417442548,5.103720751563972,-0.8886226518826673,2.5950474251594997,0.8205367791814469,2.5154455850441026,1.2588713795911601,0.6296819229632143,-0.02419814918679788,-0.47498558112003747,0.2727250396114014,0.5690343704371832,0.8256190733809081,0.7200435991900744,0.7199161043545104,0.6271642896658538,0.41617624617775767,0.15796043793895956,0.8433383280725729,1.1023763175901102,0.8714012532981454,0.7373523716872186,1.89980865383153
14.36395174241033,13.910370801218733,13.077728439297914,12.53804296285449,11.303573421134368,9.176195570086332,7.231338160756105,4.241307884685229,15.314393055791523,4.116280855221147,12.568736213775589,9.046879473973247,-1.0562225490744324,1.0926238527080703,1.4957923723603337,-0.3958952803753684,1.5590401392495918,1.6061304590473733,2.110488473026767,-0.8188064223915683,0.24507208765289332,-0.46015979224535086,1.3965612420905724,1.0271383522086324,-0.31754418354469116,0.6668361383788852,0.6221836108418588,0.6781735217078183,0.08462519822558526,0.35987979891117433,0.7695689098347066,1.3823028319148105,1.2206050026386344,3.36758529346909
14.352365138440053,13.636985926712397,13.224261264862808,12.787644098469904,11.21218503855101,5.228048727302718,4.622859446921719,5.275702336676776,16.47683583741355,9.484531471337764,3.951208449436949,3.8385866430076736,0.20912617765968322,4.837679491744525,3.5313188559549022,1.4404965025025083,2.2211249151009174,2.4734521557150955,2.917287228434078,0.19834524923384292,-0.27623048614656864,0.0791223995435965,1.1817458400343157,0.6674260998531395,0.3057991459377939,1.0283487078553324,1.2082360220121788,1.2763523534364414,0.6626860055210186,-0.33195182378937554,0.9362694826196654,2.129174515374684,3.97645923314534,5.262988949624728
14.06356067329724,13.520408470132487,12.987541463811823,12.328423281056999,11.619372758092029,8.255041968666573,4.487568582553382,6.70126498975711,13.114905244155342,3.03767840667815,2.9507484025981787,-1.4880763422858236,1.2493699012743207,1.6532954658008672,1.9611438775213585,4.625384808647541,3.4453444124536015,3.3254843357672965,2.8311498803467168,1.6677938449375012,0.5535690527721174,1.8672983715388465,0.7611369025736067,1.4976876196852895,0.940825536189682,1.2255116917977003,2.303906029180463,1.7999971238826316,0.9837290133815331,0.6899786926386335,1.0837413728945575,1.8416746858036255,6.540069408963089,6.426548090856899
13.40902511260672,13.330969097509673,12.621958138405237,12.501570080087259,12.382430045650635,12.686596364589732,5.71718910042418,9.632955383510785,10.708917425463005,4.681753586939587,5.472144999919306,3.204170495443562,2.700901805172475,2.435004311968814,5.1171955475937185,8.637794830171847,6.473596993227917,3.5269070335771824,3.227322018591082,1.9523540813450524,1.4726101612170988,2.6043735377129575,0.7603065974936837,1.3158868803775656,1.7401692820600525,1.1775774972318098,2.2414956530869246,1.40471679049594,0.8403349193484199,0.016372229452331105,1.344750953472843,4.02771489049975,6.248072566508279,7.594631643108689
