script/wind150m.json
{"header": {"parameterCategory": 2, "parameterNumber": 3, "lo1": 3.000054539987559, "la1": 64.9999836372058, "dx": 0.5, "dy": 0.25, "nx": 34, "ny": 52, "refTime": "2026-01-08T16:00:00.000Z"}, "data":
[rows 25 to 49 of 52, columns 0 to 33 of 34]
5.472582084974125,3.980190876143218,3.424912088528449,3.742216508977391,1.9989458106689963,1.3400496438351024,5.249208830476241,3.432264136644637,7.228197269466183,0.6563920856015926,2.989117082198225,-2.081990697694784,-1.565350968746554,-3.123364933465362,-1.980371311967101,-1.5997793835999108,2.0335640209819985,5.851793652385257,6.456771890887331,6.880112562132452,9.990659629590073,9.055240694117701,8.326874348413869,7.514918400354043,6.676982401946243,5.592677868599995,8.186433683901903,8.383291255878373,8.597952195360518,11.470936512660685,10.756216514819858,9.595272293663248,9.499551675090991,9.518523538199938
4.650164865390842,3.713025595819408,3.5871110167926816,2.852852842779486,3.5445887572345964,2.6607864789145665,0.6260744316487568,2.288759145968708,1.7149315199746153,0.7952695020322693,-1.583824574556458,-1.8641154384991432,-4.6167797204319925,-1.3545782589908726,-0.4663587929648019,-0.15536148040559922,12.153991430212514,6.6937466785284725,5.192470595729524,8.407328355494476,8.856584435441313,9.30497699721446,8.795487302261547,8.567555900390605,6.371775964826591,6.379173052754244,7.0253845396412435,7.461375446949249,11.354538576170135,11.293193925103507,10.377339293663518,9.418253590814881,8.544164810453573,9.14007794185481
4.599749199979724,3.401116588941645,2.437726547125919,2.677429760983343,3.1784487105879125,3.7099719929750035,3.293680057585709,-0.47097887733607363,-0.6887657491900392,-2.4338903354345254,-3.236291496914913,-6.200239316179766,-1.387919867784375,6.139658722823005,6.944433400843297,4.596512126971908,11.994774724437221,8.081004014390304,8.073905076038953,9.13686175325822,9.781478158187943,6.8463981195726955,6.95097535929877,8.437371031376236,7.0215033722604305,6.903162779183889,6.691577409428903,7.942704595831995,10.942996237563442,10.781945750005901,9.52236173291485,8.506831924453392,9.187681069894381,8.2094663653847
3.835513496201634,2.6524243691205593,1.5264450558747031,1.8917654287338619,2.086382986733194,1.1945656340828377,1.7254540094096582,1.005867731841693,-1.2269798973302104,-4.178307680627957,-7.012197163287078,6.38054220272082,5.477526464294742,6.630315022021321,5.744749133155919,8.816391077195501,10.133367763040692,7.315184221058783,6.28426405143945,7.28674469939385,7.185265456356542,6.743595137131728,6.612351195298432,6.796055144760413,7.361192397751864,6.932668471875431,7.794534094925311,5.277764867015169,11.115353828319897,9.819500481297755,8.161709973002154,6.832345278161779,7.860583217314477,7.402773298621432
2.7543219755790496,2.001055496914038,1.2107522055160427,1.769284235357673,-0.40558955069887415,4.62981056125454,6.962443660256449,6.152991276792992,5.22328054876343,4.77849055761851,3.934721869416804,4.811226538892025,5.634410337575308,6.631890118492853,6.329190353944234,7.790397609904683,8.786176174112795,8.497601617352492,5.778772629979174,6.8759197700732155,7.023609959684819,6.968952674115155,6.8923653316172135,7.094403899332477,8.150885424185903,6.9904349885643615,7.10290171706725,6.346696378095984,9.380833845091662,9.013216742493247,6.9064574002122,5.0102310079258325,7.589925523581727,6.672935335207786
1.7200760824751054,1.6009315691918464,3.0925023140996704,1.545910608212868,2.683158694907007,10.330916739411274,8.92969983648452,7.752723396978606,5.62612478305677,5.52317623988053,3.690925373245529,5.60585948321496,8.187219479504028,5.590005477745933,6.488739615410006,7.447097892144361,8.37351031064726,8.192137059578535,5.627078024940588,6.096745964013775,5.405799656180648,6.998711073757018,6.851428318290821,6.957757143190469,6.354621516114192,6.1574576202489935,5.641988963818735,6.762799565817576,9.442514692166805,7.927420107424249,5.220354256851246,4.089314811265982,6.929673562376934,5.75732061462003
1.610681869262593,1.7588630512708658,3.0827583230416664,2.0802370940370047,3.029541573891194,8.719759335981482,8.42657007733259,8.080831605130385,5.817859344013342,5.653292178190874,5.000776664459836,5.423225435399069,7.4517732679087905,3.565430729235343,6.353109640376692,7.385141167329165,6.658113817025369,9.053657546148123,7.056469850527283,5.124918210473892,4.663605582656465,5.636672148271091,5.512797861247823,5.926702547399292,5.692276846456032,5.901437093609431,6.710138567506825,6.614776016789543,7.552395951814485,6.8996369541595675,4.995234072179435,5.0460894038868185,5.888494953924097,4.554218633477402
1.6140468616383874,1.4786147343478633,1.7684089052414622,1.812112354710075,3.8981150342865853,8.69859728177308,8.876189294744265,6.790845089979271,5.646950184341033,5.6985015315788115,5.037333079820638,5.104938537225488,7.143756206745273,3.3899455986236187,5.847437452744956,7.080864073339623,7.638533366832784,8.82925682588364,9.350158090649723,5.185047183172896,6.148381705122788,5.436160532261138,4.943481238502673,5.443150458088286,5.575510222218296,5.286217121824165,6.431091191571914,5.063018986387401,6.858550941965139,6.158506798392337,4.5271760884277485,4.908985459348041,4.867516621409971,3.673203348035978
1.276272266379854,2.0238319297772187,0.9049228005911536,3.055422818077974,8.146928262983046,8.16614901064146,7.271835617672004,5.934866692994964,5.83455386225339,5.418407036516044,5.318833050407772,4.033489927393455,6.448741514452665,3.9576494516087437,4.531839805747673,6.272761027083689,8.178818648789077,8.064090468173804,9.165054670421561,6.434266299677573,4.7919436723450035,5.237049851714775,5.852946822284619,4.919901614231946,4.587275892475788,4.313113646334801,6.2836606815074,5.151285843052846,6.520497610746279,5.279943483841648,4.458974875089277,3.9687296408653885,3.97942566667706,3.0585573895004172
1.1762466681484753,1.9133015126673876,0.7801641833104176,2.0813733030271915,9.409029403604073,7.809663034007912,6.482063809202254,4.855343159895386,4.781508171641948,5.096689751477979,4.029784056160904,4.08699674136008,4.674478942695604,2.747438954043581,4.991043296883986,4.74263428058147,8.31129665130586,8.13103040324596,8.102993104253288,6.170776906064092,5.277925332251369,5.174928096362539,5.0871145279930445,5.148942512559452,4.688660518467533,4.822903818882878,6.3048751735328254,6.60693257033936,6.113381234927964,4.576049262000403,3.458081117764511,3.5560721151184427,3.0019384883815827,2.426095482280862
2.6970181226987684,0.6228137679716995,3.1199355299981733,4.23489550437332,8.503761884210958,7.106671592664816,6.152095772381984,4.593494201285354,4.921373766363413,4.965085604428315,4.6318521481514585,2.4504531741504048,3.463793409536378,3.7947762907471683,4.951431454937057,4.2719056813475405,6.181498951666838,8.221961446057167,7.5137414500052815,6.92893628734375,5.154020869223607,5.965187587788797,5.646959334859081,5.701545878408417,4.776710261775923,5.145894176824218,6.503904597408939,6.970124948360954,5.7526806526264815,4.000223120840836,2.530208809774912,2.6928515516255023,1.994202289485973,1.0809609236811542
2.9442039993118896,3.024539522279363,3.6573555666415385,4.110580918924005,7.978045962963368,6.773359706791508,6.506876859301695,4.949412129757354,5.124525310171822,5.437203418570257,3.909252192148043,1.72328562814464,1.605398440158485,3.796961870682887,4.943728043878377,4.550237122480018,6.294466960044989,7.520750170968167,6.711063918280461,6.012527574563128,4.899283593520864,4.588471462431458,4.995138798205235,7.18267729809193,6.9596299944195215,6.778766931314632,6.635174260586844,6.6694487521945565,5.146553036472044,3.3407262601965524,1.9724802634996812,1.662203969577327,1.137756476720942,0.5176440781122003
2.258863675687515,1.152468648489634,3.6228244293927196,3.509444788592676,7.596319789143363,5.183673123407532,4.492169586638906,4.14796271069143,5.007905073305815,4.448716124158866,2.6586687744289534,1.3435914131682503,2.3293658579563923,2.9346667064227527,5.1417738244035895,5.3583224731069405,4.607684341880375,5.828518609717047,7.296438643048028,6.122853640373385,5.69618586371295,7.7063279409260526,4.965234964000217,7.7340094879482,7.1916310563604355,7.4141767055904175,6.409617011311002,5.92006543167402,4.676401383091979,2.7490700125238487,1.3054188257481376,0.9653978216560541,0.5934971801319296,-0.2712414387125149
1.3050475255565728,1.4745971725517855,2.828226322878524,4.004782664329297,7.017503443671116,5.18491342069575,4.140109103641284,4.181478150930408,3.9158355048239506,4.035470013720006,2.9017040977632953,2.0609823289416456,2.471177528604326,2.082320119666844,2.6236322304243664,4.847447104271864,5.185679042837022,5.721280450472752,6.858265060118506,8.465838801480675,8.643221583542996,8.370804986001467,6.9402561956535775,7.268437602449327,7.2733399395232725,7.481740103265366,6.137091666834123,5.490193841414677,4.027070482964476,1.990172706834875,0.30813458153618417,0.3107805966885757,-0.0036163044963280445,-0.26852879876639246
0.9283629309602709,1.6764057945927853,3.0380916728757064,2.6719655107390845,5.486082925463064,4.984584073425476,4.646460957086214,4.5125688436436135,4.378004226183027,3.6094373867510545,2.7985678515474532,2.710701461883228,2.826087329961793,3.526042586298993,2.82666605046028,3.8646083801630136,5.531657301719916,4.6984712507678585,7.147617166024919,8.424014457206567,9.335663956588755,8.307241721608614,7.8724915461619664,6.741322683959415,7.599124734515543,7.276273993896288,6.190779647398741,5.208218691752242,3.4380702044461113,2.0727083568508844,0.6352422058640032,-0.030837711161673262,-0.7919731831200676,0.0908277983130473
1.2824877697502575,1.8624282372748437,3.174957656302227,1.7222470810656885,3.3706485972055087,2.3862151189558434,4.169710335677734,5.649874095507066,5.059763340756679,4.225845790389148,3.7277152274615784,3.4361613043801307,2.778581433512046,4.307166782719985,5.3431432892802695,5.277038030047184,5.635186930365238,6.2290714833903325,6.193327198360357,8.558917185279238,9.299237334237061,9.032034560328116,8.469323434776127,7.357538509755426,6.9266685443075495,6.815838258585514,5.903007686068858,4.3019121400150215,3.7899483105294887,2.4865729404858077,-0.41226857075886075,-0.29887952365511755,-0.8232555515417376,-0.6727695593235745
2.452102119868603,0.8525667973775374,2.2233102348592153,1.0802401754574373,2.9214937072025133,0.9804519305098359,5.6310185782683115,6.841371719023542,5.034341202609467,4.869549329931794,3.3754659545996724,3.2675573383009704,3.1090747866242125,4.308500981806602,5.004349317929917,5.097355492893528,5.43798800921066,4.79595200296775,6.7606863863214945,8.845623890106836,9.397266933479028,9.10151109486488,8.918503202406638,7.4983773670141485,7.003978271445143,6.916104332196284,5.3793745489631855,3.494346544317929,2.0003371785883934,3.4276697030609027,1.1824538325390426,-1.0549238309865092,-1.544924594915344,-1.8629198432957543
3.0139607994666457,2.644326164955352,2.1537470785134447,1.5090719262978272,1.7342423913582667,2.5755191803961295,3.0047821884121815,4.721367557565796,5.551075399615935,5.211578165277536,4.309111406768797,3.883732244276939,3.2030530224628118,2.650398607705939,4.522109067081261,5.981177855936881,6.061468706003818,7.266168753678262,7.367964009292352,7.915112557202256,8.569007941011712,7.291145961715412,8.264995838853618,7.838269277786434,6.462433905836419,6.989278042318371,4.9975153120559765,4.535643853184726,2.1164252996984514,1.890318935383354,0.1829234695276684,-1.3490580768027085,-2.3993894695584768,-2.7399338421986705
3.3180532253329726,2.556740535074876,1.4587200742221964,1.0890475764486471,1.1559885398164313,0.9859848206260688,3.237022547989167,4.124025177568162,4.7424012358821575,3.843164216100935,3.642039178379553,3.888247150490127,3.2508295586812728,3.525370305289212,5.2185098699419585,6.041539592983238,6.2744989103179725,6.784601919676465,7.789192163197552,6.613568672835765,7.801530775322098,8.100042618660627,7.990929829964017,7.726761939529279,5.868843506828969,4.699794034628375,4.7714233449439085,4.139191337301003,2.7240351079042426,1.0972069954057444,-0.5814826774799647,-1.78029128940949,-1.6413426211098967,-4.53206615594445
2.037147848412487,2.100404172400114,1.7336892215189557,2.1038084864866504,1.9531226732998248,3.496120820323251,5.685511594627305,5.111489217723607,4.584590416941317,3.5733620977678258,4.124192167709918,5.272709963167635,5.364467385250894,5.161579783406734,5.377338782159929,5.7092500218587245,8.796779745955389,7.0526380317595185,5.773000324894998,6.025167200001863,6.639093848613053,6.9605614637959325,7.311601440058088,7.038137256489397,4.96613967695298,5.309453938446205,4.83003552292813,4.5831443823911115,2.970090241127193,0.10253279303536549,-1.2731481716040847,-2.6413676032140634,-2.546699352248809,-4.6107379662617705
1.9541302627562793,1.557769490041566,2.3640309338416983,1.9072830725545629,3.056905776302201,5.95939383880847,7.206536720661273,7.618107258803079,8.125934654450111,5.830987867681016,4.876240051894891,5.417365742739602,5.879917740894838,6.038518943193575,4.857783335151349,6.749379421303446,6.8952266450654855,5.179270844130982,5.108409629434942,5.798562466760242,7.674479449008012,6.891700360746382,6.6087036879379175,6.85455999589772,5.229314126076472,5.983977383531164,4.956539541624791,3.5621738194557517,1.3809139408131834,-0.40656515244337893,-2.0824686997450197,-4.013605006243429,-5.007670596311896,-5.664767764952904
2.144237444040583,2.335330817900718,3.307086413060357,2.9114038003972205,8.49273480102982,8.676309211979891,7.473431269215216,9.089683131214317,8.157311886917595,6.065164878353707,5.291436360430857,4.795773179425518,5.965197097159828,5.490326104773873,6.043604979428246,6.1211026421299195,5.624218123000557,5.144841186162748,4.979831187744253,5.787071046645453,5.045237211776686,8.148599680586196,6.960361320614373,6.511041294064618,6.14241644320468,5.457370303010854,4.513593808245593,2.150800010282241,1.0461102192402247,-1.025414978106681,-2.19875887815848,-5.057339477427699,-5.813026611065183,-6.024474048409241
3.911034611636284,3.4375127071450993,4.159160119660767,6.059709547717343,7.4450001604129215,7.03267177717388,6.607466687037634,7.279809514403047,7.483862351604051,6.819710532918235,7.212188825285581,6.705070394655152,5.6124721569681375,6.088410409222297,5.191159855630448,5.892043299858747,5.398357159321563,4.997804836493821,5.317880583670035,5.425858080844072,5.183528139694161,5.674515653378741,6.361349905235424,5.925195664035128,6.256360127078772,3.8008842837278145,3.240162359304495,1.654235013186237,-0.09839187442540978,-1.188909393536072,-3.0783349200620087,-4.4620545808109915,-6.152538442728389,-6.732986410215102
3.5647970729597427,3.572846837176875,4.349326472160909,6.118496544941324,4.72420695278267,5.949959145714038,7.003417040174173,5.931084084707818,6.9046614596148785,7.027383573612037,8.594749024922805,7.567316291783949,7.080562345532939,7.974599277726387,6.852689662348748,5.537827779954893,5.689973054740113,5.083802169254756,4.9343277719881184,4.377391262843686,3.6500378056542906,4.055809537117419,7.143710268253588,5.851511251503435,5.2168490040569315,4.305478022960744,3.5069361326273065,1.4163007364511437,-0.6140033682184545,-1.2787703770960075,-3.3175251084380624,-4.527223868090208,-6.928869497762197,-8.484348515400944
3.70588941931766,4.040015182030349,6.7900136532555715,5.936052181898932,4.969326435003195,5.679189159339823,7.053196568447932,6.77045273520119,6.884742633684407,6.6425162734060805,8.00618050785642,8.132902857730652,8.024810763611823,6.591365738243707,7.245256273778723,6.8607504638545445,6.783881366343632,6.36957812276288,4.583775089146751,4.2254885764611085,4.513087433672771,4.563658211400981,6.911764906442374,5.972920757952659,5.639702789717011,2.7996658379284343,3.2317957835581947,1.695329525317287,0.20202715720382908,-1.3979076890209388,-3.6112529550082266,-5.396262879080275,-6.056906618966495,-8.263759985806105
