script/wind450m.json
{"header": {"parameterCategory": 2, "parameterNumber": 3, "lo1": 3.000054539987559, "la1": 64.9999836372058, "dx": 0.5, "dy": 0.25, "nx": 34, "ny": 52, "refTime": "2025-12-19T09:00:00.000Z"}, "data":
[rows 0 to 24 of 52, columns 0 to 33 of 34]
2.439987549623743,4.508192787796719,5.0246768012497665,7.136474840809996,8.404960746253543,9.2694827674111,10.47765931481573,11.380173919236997,12.54909074355523,12.910506968642855,13.383652223323079,13.923693770677472,13.610443910433295,13.55173005947154,14.07911968584604,15.785882892784485,13.33839514882205,14.251134180565948,19.878082066661957,26.02001475731333,15.62797219347123,13.414604313625825,12.703422926293683,15.170611839852821,15.164061167403457,14.51023343712079,14.54752300893592,13.889101604361782,12.998282509946355,12.200052003943496,8.037054377141773,7.486851389672538,8.150927950544103,5.514630050742394
3.454714889187671,3.7843812943214092,6.56579231996181,7.673107577032974,9.134276500879295,10.412404214320523,12.43742950049591,13.970208973622643,13.998858382445448,14.719949983790526,14.911748222203164,15.10244756764725,14.385954879061467,14.245021179523583,14.503773474783626,16.15463291529945,17.658928133521428,15.461220437221272,15.666005653075779,18.06701642731176,20.368162598001398,18.434905586639,15.411742522399722,16.43689489032897,10.38247179384052,10.64320909738152,12.587952069676044,12.34110372703977,13.840446412788568,15.35204136018815,13.839025558306794,10.805881133000328,8.588976163610118,8.819599338670278
6.184575561676873,7.950441944255186,8.384491291859684,9.884288597756797,11.588937410696731,12.42467319188646,14.109928094885296,14.660069095283236,16.556016267574257,17.003354494876874,17.82363062959105,17.75863554230732,18.341613805985084,18.313429754365018,18.77733708138488,19.73797116882953,18.367481175213584,14.08874071982407,16.096494378053915,11.962261817423851,19.63685656466133,17.94116165180309,13.94190417596643,18.901201881596805,15.628123080014936,14.92245793081438,15.178813779774403,15.711833992249396,15.346393819834711,14.455933049311724,15.125371331083864,13.820173314179593,11.845655865413823,10.545386213689786
6.422230488495508,8.274571111012124,9.447954937052275,10.490540681929918,11.39414314665479,11.883831710724087,13.463537999054022,12.459020086957237,13.928688557703307,13.567889622529217,16.506848010705905,18.025600231666484,19.417886122297073,19.492143853471887,19.193009076163165,22.060923226276195,15.889823886449188,17.57029229775056,18.7771264943097,24.566005118580453,24.43832059331777,23.21721984218737,24.2297379636876,18.729075167492876,16.01298086455567,15.240664050912484,15.83673067201552,15.96645351711886,15.091992689763396,14.716003217409725,12.889280654918558,13.915041971802474,13.316602737432833,12.04527839135598
7.585028990037841,7.479940484678722,7.002355994780518,9.576765374030206,12.753532826073334,13.31001497621068,10.263194653332656,12.6301898753337,13.216849867711383,16.519067203142793,16.562861966059398,16.326586548680826,19.197273248137726,22.622693452073065,20.671438615361513,20.841667943268853,15.80790395165131,11.83452523024862,21.25070651243386,18.296187134187296,25.644125853950225,22.91019838838464,16.51425830950524,19.949611708214643,18.715025917574184,17.834996969107912,15.345379680447422,15.418301766142775,16.76669661147155,15.736953757393758,15.064870213734523,14.52297669403749,13.220043871010049,13.468616450049094
5.240968368439799,5.318295571181046,10.112847982764045,15.19646218513378,13.471505323585976,14.228794072489306,11.784074719526684,14.678931036322068,16.42012820351943,18.051375066780917,19.330814495836186,15.162021845312376,16.751396491562403,21.243778358449646,21.08000369174835,18.47131373499573,10.184853351183355,18.25414228854056,23.101169951650053,20.267117415820614,13.38776554717437,18.712555523102434,20.61967779482677,18.17659035085574,17.663851440885274,17.66097265423,16.168404678264398,13.020142501719201,14.615035376644556,15.168503720175451,16.14403224118108,15.499085220855015,14.41322579818785,12.833637948354133
-0.16105429078988526,14.400910353755474,18.131229397860714,20.20956957523776,20.092719440711967,18.21388826077573,19.558198404667564,20.194812523755484,17.83307311049766,16.17443980320133,16.844828324289185,16.111197331827263,18.115622204245845,19.294033317837325,14.03418344538257,8.607978170747284,9.662840351791326,19.685281897796596,20.097207354455325,16.71667892268275,14.954416948523338,16.310081958896625,16.616282739463358,18.989147783866223,20.37543715611947,18.379928178827235,18.625121968700622,15.8299310369271,16.159460607262453,16.51062806589683,15.02700867292302,14.809906535266826,14.802062015248554,13.078130309517318
13.659068879384888,18.608474847933543,19.760049886665325,18.965354697737684,19.127698745050207,20.792205635495392,24.448560856402263,22.775747307525286,19.723479479196044,15.570599064554948,20.59380769780858,16.50614534858188,9.282388459773792,18.202165738606286,21.142676666579536,26.20179837642725,13.413233372718514,23.633157401563423,23.412718053175926,11.528736421610798,11.912367297443268,12.211419938482717,15.793523034963368,18.63496051267179,17.55230486365327,18.164980426365492,17.298728752493776,16.5418348055787,15.84792002541139,14.998729529949626,17.124739984594896,13.838326219047206,10.914266733968965,13.787504519879967
16.28334574981046,17.708557432338008,16.71968242378613,16.04284715166216,20.758465089801017,26.301789348554944,23.56779610008355,19.409276346727673,19.66248526840118,18.288106545378408,19.830841751674765,12.657457016913462,26.080086383229343,27.57689524730378,28.41656064784726,11.655901532333063,12.689490514250824,30.915692001105484,21.658029540881873,23.59519597509275,27.62051107307333,22.530381034061747,16.069050037941896,14.165144866913685,15.742393441517727,17.150553978702565,17.12223224791199,15.571565747401225,16.072904342913795,15.276038848637958,14.16879786562781,14.017849985849484,15.056917206388583,16.20419364837639
14.893205342176103,15.856547987137022,16.913694753540327,16.289096305531416,22.926768399231346,20.312039230882096,20.792856163618687,20.775097958273996,16.434364658165556,11.9539658514813,19.17349006578614,26.02485694328832,26.725260834729557,26.12317938130003,18.133317250951478,31.362847345067642,26.15719490460919,23.22181756171533,20.01725749228806,17.573543265070935,20.09655933178795,15.169669538585975,14.59245323467878,14.86698404694938,13.420987958741888,14.25342995106571,15.033176612427429,15.882703816013567,15.41216275295446,14.362231466427598,13.470085297538468,14.376544353131633,14.289940688172623,14.844346424291695
15.635233686345488,16.077641317587403,16.1300173279387,18.87787421736712,23.97947316498396,26.235634838786265,20.900884496577305,13.33920431549043,22.889037243156736,18.55029362276264,21.414719226313565,21.072670035041835,26.02158438311432,22.461952662845558,26.835236988648532,20.719763881161988,14.06482419021408,19.936157594843237,20.46135174091154,15.441005677429045,14.320177477089056,15.328422544616641,19.814419170374435,14.258402586995231,16.493612361965628,11.08613516844259,10.552260853966526,15.99519085573288,13.350484063986297,14.257701458089095,13.056276506070231,12.348618996503237,13.458910379165967,12.51890881009714
15.132418091265759,15.56024242582278,16.207056302899296,19.75263297100052,25.72335970978082,23.86185890139147,21.945406418163312,18.19357412266734,21.65014415580226,23.556351742649976,24.166312314146342,21.525466809861342,22.29911611703377,24.272396409828346,22.857646636387074,17.10030288812987,20.63901417362009,23.816229584494756,25.058858046856177,20.277769507675046,22.61227292781527,13.95750269216455,12.99308009571954,18.218368395429135,13.752848970935041,13.917607377802891,14.262695288208889,14.373674402171172,15.490254147930482,14.406558150493778,14.304906613075419,12.255035922672977,10.770036017953336,9.951707097911553
13.930158003152158,14.720569492157802,18.302983742065706,21.28463847639916,25.335989316580847,20.587436775969014,17.3014434748614,17.42738121103531,18.033170451148138,22.70011671301796,16.07886930731449,21.669165787530133,21.00516097127437,23.54821147600103,19.58917314672664,25.08950299480058,21.255876483684645,22.28226397478256,13.847207492617928,14.712521625465635,18.383151483930593,17.942889302003326,16.58685942864406,14.249084552841591,14.585620326142035,14.45195745145309,14.450615705336348,13.93935190913512,13.89213220642049,14.138443282076933,15.472426921235165,15.30766278447975,16.395227440821756,14.127209912778465
15.742227482583573,18.065554635695914,18.28167307644006,18.80293107711012,19.493071234910502,23.770152555656715,20.259337484475555,17.358475101751317,21.021514714622985,21.765279668890525,24.63567577591131,24.70550034956577,16.948574016866697,12.611061820465974,21.77629894063858,20.295452409484515,19.323177989089128,22.547880253509444,20.954916182026594,18.744176689149864,13.179248460923999,18.68328499417862,15.546822688749929,17.34797782431818,14.31921678699505,15.483493511800933,13.809218224195892,14.85799909652592,15.25774650279902,14.799846263875192,14.201593930642204,12.889141204377285,17.717574645370625,18.716840638115677
18.37400508160602,17.863290441889003,17.97985511612071,17.06557447233477,19.874155663287453,16.574152501946077,13.72150784361405,19.516784097625386,18.767196606020164,15.311673403427074,17.527748354012495,14.54836334028487,22.350301671436817,23.35479105372483,24.924230519751216,20.233722055517326,13.572491762501075,16.024932013394203,13.72518666202526,14.605616489140312,14.297776758526608,17.6035031145759,15.333415167248795,16.176666603442087,13.65345191342693,14.995959658525903,11.97247620974783,15.846347705420895,14.467843790139593,15.686805671272355,14.775941794401815,15.787910566156592,16.473247698778387,16.77275864776672
17.33304842494515,17.741246445352456,17.33826116211107,14.274827553619982,21.988373360907357,18.39111406828834,16.730740229729886,11.915958897270663,9.929744904252498,11.923653665432902,19.25759811111847,13.79508377782391,15.539851615181588,20.28386533364344,14.181220771567501,22.199103249057995,18.880923664458926,15.588683281959211,17.016657666297363,14.763796126409142,19.934489726162013,14.251014570813732,10.707213151696447,14.446115387539898,14.329873815936315,13.676738305382207,15.496206337335865,11.656617112723534,14.155904967575838,17.655481407903977,15.64140696291074,15.048914126124954,12.852895695533581,15.953934625045308
17.299940184705207,17.40370977314359,18.8618739685111,20.544739718709707,20.989988881278947,18.203933032127438,19.853110904875983,25.442392306184,18.418631673428486,20.803166700797156,18.392768765153374,14.497939538447117,16.08776388230597,12.35446208531492,13.208797283756274,10.293777508023977,16.67486811038718,14.891553215453683,17.810477793461107,15.010142148114664,16.414376838346428,16.019500589781202,14.920255535368513,12.619730722095698,15.882257384367623,15.760833511553205,14.990611808305937,13.077338554242523,13.847781837815232,18.30092660692385,17.223200878562217,15.966889188621773,15.224303702586903,13.64679311821743
18.318231186440077,18.768371089570245,18.314532530462024,19.586594151156888,17.91407899400091,17.103361749651576,15.453583375390975,19.527440848800342,14.464992126256941,16.997731699538555,11.415593689908185,9.701566099177912,12.228788642774004,17.396777005037777,16.713612161073936,16.655505430152402,12.711195506943525,15.116120579866022,15.596158258527511,15.001157948023243,15.890740167331264,13.188430615025402,14.899027155914762,15.380761765380143,15.067920212836128,12.870961918696493,14.684710114054079,13.457958143904696,14.651567963402684,17.02119626291641,17.544221677394408,16.42018206631152,13.076766372967453,13.09387040233561
18.167909256492226,18.464616161811524,18.94337733923591,18.766214571895052,19.591718732418954,16.92769538020781,18.01015222345512,11.671429926395831,9.123587846674523,13.686979323034818,11.348534537305374,9.308248248425828,10.972260370220607,15.025079958448535,12.935677954764147,17.901633580346427,13.826113603848789,16.127707094663933,15.930674239875735,14.72788176229039,14.181456044771918,16.80003513200071,13.68910188841643,15.111723745454768,16.01250179770105,12.390168086469997,15.05794854603769,13.491111680950246,15.56077989990471,15.37938367892179,16.543069544183577,15.672268705597233,9.850612868771728,15.732290293719691
17.51190000606726,17.499702709576813,17.406537775116988,17.876504952897577,18.611039942312356,16.95750936501712,11.488980437013005,16.480903739441025,13.166921275060325,12.432242547641094,14.270918759452574,13.171067450940354,7.322538016489555,13.257210099976392,13.225663687275784,16.45008688381273,14.490694221339561,15.82760786536455,13.595983116968904,13.987234271603755,13.048989524571837,14.85758711407237,15.496915479594389,15.4407426110816,13.737254390977329,13.958820009895517,12.778227244263734,13.443259226266383,15.155722637618867,15.700928260069626,16.76779401143611,15.506626404656089,12.831062115127429,17.73237032757941
18.064734614377087,17.92983974916412,17.283492904456782,17.449398538930573,17.571463638661996,15.513274373868166,14.873418964065282,16.66493776218085,15.070636621979391,8.597125559041682,11.23381308841825,12.053846513585917,5.899687349994963,11.70898357572998,13.72707446897864,13.358053799856014,15.23084551530344,14.926395852623855,13.47039419679112,15.803159733416361,14.283981165674456,14.776189686880915,14.588276915174518,14.152312460227735,15.449435398256426,16.211188646038817,14.793905476966536,15.670702895094635,16.016634351444655,16.332226979446723,16.449564883646552,15.707054921032016,14.380617297954549,18.57504791988974
17.830699251569985,17.73472252526144,17.668455848179693,17.1548486548203,16.909978386756162,14.228546642610734,10.948611355816933,11.49159471671766,10.073991089563338,12.062533783945167,7.850448442965278,7.810075759917678,3.8257664688898414,11.515644786535029,13.498661595243643,15.143564697526607,15.17146471602072,15.853025713297308,14.393762918007162,12.63705552830424,15.465425199821324,15.936903006159415,16.09284253474864,13.138387125675807,13.43445318767661,13.959407621388472,15.13239374201527,14.891348416076097,14.678413056989983,16.08200953644081,16.335560309710146,14.398637253616254,15.244356049018117,17.31619749841346
18.221635781360668,17.751546551930414,16.68409512931979,16.398379306686227,16.676192263215995,13.943528101253525,14.891606082212446,12.425868514300813,12.591329110431335,9.517948402228052,7.885375469979101,5.349711984637832,8.132340599799784,12.525447940625895,11.337740726054752,12.477227166781224,16.3571467777353,15.704750699280545,14.189237589059251,13.821857214636509,13.217075974238902,17.08442502736654,17.657612100614582,13.752706163762188,13.506413779381532,15.352518648700462,15.951112205116162,15.275182521137575,15.610661085467804,15.182831861548001,14.306110683831122,13.909659368224606,15.896647365474415,15.984452998235115
17.74946844651516,17.28847765055446,15.931657095928259,15.584882913767185,15.474257052556894,14.522538181717357,14.25075253864528,12.555702231881387,11.484825640135938,7.581341069950261,5.065517291439159,7.326730851927515,7.650314089168498,10.030823837889757,13.703604561503038,15.575496273568683,16.80445114897632,15.023105579650538,13.401037864416345,12.523399070103379,15.059167584771867,17.41620197324625,18.251478529330615,15.105260633968483,14.260403429058359,15.745146836284835,16.983241299605613,15.961076203573207,14.935204874769163,15.867074495684273,14.887499631901854,15.554347898041428,16.38342401132841,14.803027874534115
17.916998832729575,16.406516858991044,16.41377152218396,15.703073203126168,15.093337309513702,15.520221856551457,11.75977414991683,13.32303710355129,9.649062122749218,7.392951262509214,6.094560769316998,4.917970712837031,8.407234561186106,9.977209677031269,13.305906860042622,14.849751381092814,14.733271545300061,13.350873131896677,11.943177556033742,12.365935377144767,14.800053924996869,16.60002112524378,16.346382474907756,15.662981693814615,16.892395564260056,16.648180930431934,15.533646864812432,14.589702584137344,14.327683336240417,14.721784987940572,13.59671612127261,16.775543742083546,16.664978247523706,16.125641916323772
