script/wind10m.json
{"header": {"parameterCategory": 2, "parameterNumber": 3, "lo1": 6.000027932988019, "la1": 58.9999434238085, "dx": 0.5, "dy": 0.25, "nx": 22, "ny": 24, "refTime": "2024-05-21T10:00:00.000Z"}, "data":
[rows 0 to 23 of 24, columns 0 to 21 of 22]
0.9710016387580621,3.6465953936860442,0.9174468029413001,0.7682788652067768,0.014460861425996938,0.06794489378831138,-0.5011967521649481,0.5849000963992048,-0.9502779641932284,-3.196063677371767,-0.078803741993638,-0.1082551320046725,0.29361245991394697,0.05296121838846957,-1.821349240841678,-4.363063916962314,-0.4647837144097,-0.7053322166457056,-0.7778323962637205,-0.6778226027166518,-0.45523926063293685,-0.27720922252407726
2.9189665138946075,0.9731475167652774,0.3526886707275375,0.5685573007770786,-0.38836097510388456,-0.08701307172224562,0.02805939522465362,-2.4797545083720975,-4.124464788744705,-2.906450055438077,-0.793118623977572,-0.08865182220678167,-0.1037035243112708,-2.0300289988989384,-3.852362698652028,-0.06536055839146962,0.011662483249588317,0.40106442678564136,-0.011022481709205516,-0.16771733956063412,-0.4221724684129875,-0.042696989262471154
0.8111517710761804,0.6484136042291309,0.03474162662842372,-0.5259706275866944,-0.35754518682261277,-0.5701938851725905,-4.106989929980157,-2.9115224013407173,-2.5269546665341753,-2.3284910626535162,-0.002202950474790138,-0.09589168707084819,-0.5174019783776701,-5.75550839318746,-1.0920902371155414,-0.22580185735832461,0.6655283265999614,-0.7968475960910489,0.08903373319425313,0.022746278181123052,0.22342651737113262,-0.36418365802144254
2.984165422348344,0.1874762495533333,-0.3284468324006619,-0.4962313685736493,-0.3586616856254385,-3.8658053958175196,-3.9729775543389647,-2.225026170486213,-0.3673192330319509,-0.7922595873892221,-1.4028277586525253,-0.9606417394419731,-0.7782748309022073,-0.8130132910134164,-0.6412038173085036,-0.05990664342548001,-0.7737085128688604,-3.054112430121813,-0.17603002823506494,-0.11039269984747202,-0.26740114706584356,-0.31860006444521305
2.4213459796080867,3.2734173466063914,1.9198452997527125,-0.13843929757876303,-3.3435107468061025,-2.5301572613215346,-1.953819276324915,-1.1070458744796714,-0.7945762452765344,-1.689258146320549,-1.8247030282068233,-0.789576371321783,-0.6845606218426322,-0.41511652648569575,-0.013121362022973851,-0.042353073100774956,-0.3164772103870138,0.274043498823129,-0.2836035775844377,-0.1636715330471079,-0.2888655538770568,-0.837767820301114
1.1321967673670268,0.1301626010780369,-3.6859871979807024,-5.0155518568035715,-3.9378625568449253,-3.1337139693478853,-2.616843319352004,-2.2670607655796506,-2.2228705670323756,-2.123454896729623,-3.378565806704466,-2.8743863818188093,-0.8236304468963863,-0.02955740171159245,-0.11956431529863322,-0.18050494294617997,-1.1492619666628554,-0.40218304016279277,-0.4242548395997269,-0.41848183095825553,-0.855171009387969,-1.719989777131133
-1.2970334761144686,-2.0620969303823045,-3.2005405141103607,-3.164346990041062,-2.039936906098954,-2.27908338278913,-3.2394467557624393,-4.652625680045712,-0.33561911001831984,-1.4372131230149234,-2.664431857178464,-2.523768267880228,-0.3231437299676527,-0.24476537640471782,-0.2036075467892781,0.055745501202145546,-0.1706759111455596,-0.3579245098902775,-0.5307836619688898,-0.8772338984233449,-1.162220582755012,-2.5133593236588023
-2.2509356529463327,-2.0644979178304945,-3.318313352736583,-3.1598983221828223,-3.633309715005421,-3.4709501775409266,-3.5536358340415735,0.595289024105276,-0.061471295411081546,-3.116860656067667,-1.175469442425014,-3.2076258915873157,-1.1992048154707808,-0.14690496814742846,-0.14743457741160568,-0.22678921767876217,-0.36258216726647163,-0.5345097345365228,-0.9988892428413558,-0.9010819039928855,-1.143215067298121,-7.26870366193098
-2.588779078546007,-3.218549717879701,-3.750956780020014,-3.745232631412399,-5.0118774449275305,-0.3534332023178384,-1.7925924480453246,-0.5400862409336001,0.12293121151152496,-3.0459559227888597,-3.2872271692874286,-3.7678317238610446,-2.1259829904863707,-0.3988350436980992,-0.44448113693687646,-0.7312201360762828,-1.047459109938182,-0.8019945158155443,-1.0348634466998659,-0.9674797361671091,-1.57296511046207,-5.601900667532703
-3.187982627435743,-3.878097511555091,-4.689536236479962,-4.400190923839886,-2.347182660755831,-2.7565497090287723,-0.718902462451145,-0.703465458577682,-0.7804242377929272,-1.842624179839246,-2.330045281857382,-2.367563556879908,-1.0665618973797248,-1.3674560870257113,-0.6744686618118026,-0.8039896786894434,-0.8451882418386908,-0.9763964929206755,-0.8821040136429189,-1.0396979959187542,-1.3601848969429609,-4.519334436711612
-2.330765318654677,-3.878074095544653,-4.038482680793608,-3.5033985101969654,-2.578377689992922,-1.6343945380059781,-1.21049362833271,-1.3234703420563816,-2.1722723804652966,-1.820915868805467,-2.1728168347066767,-2.2941285063378913,-2.9674658620833854,-1.939573653696384,-0.4913744121428707,-0.3724582504528363,-1.0245105845022178,-1.4605694843117984,-1.1388560836583728,-1.4927685254273553,-1.955520340617947,-3.7166273811282498
-1.1596821253776881,-1.1080462525012778,-2.271326049128803,-3.246307743394442,-2.1565562181230686,-1.016383058161652,-1.0981759805986928,-0.6783863049185164,-0.37542343447395327,-0.9250189369739914,-3.803676235983918,-4.101884383649259,-3.1228159579793533,0.052899506950630365,-0.3115512888625099,-0.6001148885744444,-0.571358375198601,-0.9172777177058417,-1.428932413219361,-1.784935322293065,-3.6457567162274924,-7.015188560991349
-0.5059007417279628,-0.8235304184599241,-0.8585130975639969,-0.436112416098732,-0.46662457151386694,-0.9909395799564592,-0.29043914154021355,-0.7303776410827606,-1.122675046986348,-4.053620444160258,-4.3098340849925885,-3.7905224360775414,0.9465287842130515,0.3223103109502177,0.10885064303016546,-0.49266102155417724,-0.3037019811533956,3.0174794646061196,-0.549245429474051,-4.3240410111627705,-7.215890329543808,-6.817379752850509
-0.3537322056146677,-0.6974240194450553,-0.7683456173922533,-1.5400784698911845,-0.20494294549149983,-0.16149869759950858,-0.4191770157124423,-0.6657882561108085,-4.193383518603789,-4.047739320860761,-3.5447366252012906,0.6394665973184571,0.40903284333471734,0.20486409439249698,-0.34686807596354047,-0.9154209156700152,-0.842038433005547,-2.5052667475568,-4.25944657418364,-6.418253847038261,-6.645075788889326,-5.698484811778566
-0.4168965741275068,-0.930748294178747,-0.2312710865616387,0.1534165210864761,0.13077510526359193,-0.6518604271543048,-0.4386915451957181,-1.9421287281193529,-0.037356161790120454,1.1970638442529835,1.317783016001965,0.34844900471979706,0.18077195231231102,-1.0013326533505067,-0.8725762592438936,-1.6769742774210925,-3.098332343670826,-4.285503987552802,-5.062754634012746,-6.485059366129066,-5.94108971775424,-4.8729020849797156
-0.5689185727368578,-1.1705974960106715,-2.2321832326326794,-2.587676287318877,-2.280046125363201,-0.48146250521830203,0.26018788486107985,0.7807535355107486,0.6632299683603403,1.2796172554239842,2.3976776583882518,1.029045781453696,0.8426814515061288,1.177315666563195,0.14385223526262322,-2.8212003028671537,-5.20882095810367,-5.87445774743231,-5.890895885697129,-6.2288561580759625,-5.905523167493501,-4.365544831298921
-0.3827880266684497,-1.2482330682829992,-2.235951061768117,-2.614201598482585,-2.0974436972730652,-1.2292885127982962,-0.8690220267090609,-0.566585188308007,0.637630319958526,-1.1642705116284042,-0.8970236295051912,-1.1364776045697718,-0.9977647939968425,0.0023662302299131727,-3.2476458002227586,-4.399336950459303,-5.390215587745609,-3.210532802346277,-4.259712380604164,-4.462271199437707,-3.3582341639443527,-2.4669517815461015
0.0008759031767072068,-0.6497002775984541,-0.9982662034043699,-0.8139500551423947,-1.4452174186484643,-0.12821841410205786,0.06275231049446238,-0.5684327962619437,0.8554342888110327,0.7576917011568787,-0.13214526179399816,-0.06409774306017953,-3.080767370865061,-3.194556553664872,-2.9772967266685706,-2.8939412621674045,-2.7977950914474814,-3.6820886955222742,-4.9976185006423295,-4.551499043673037,-2.9185913474150595,-3.5748795523924803
-0.09902860910346799,-0.7302795124157826,-0.9104370258544355,-1.1898707317365183,-0.9899432832216049,0.4832540774137917,-0.5671056820341468,-1.5798718019238256,-1.4225445713438698,-1.168552278709591,-1.1858399749789912,-2.223066849564523,-4.107044579125461,-5.101659689448583,-2.9402512105698198,-0.9980990083673621,-3.6624287807041545,-3.552040605255368,-4.085735466660474,-4.421162220333461,-4.813780194050531,-2.7406753619926914
-0.586623597427377,-0.9493640102152473,-1.6410101900748062,-2.1104279697912687,-2.7615211076739117,-1.626439801963711,-1.4182886285427037,-1.605872800207043,-1.100895476418755,-1.6361539599782535,-2.797975888423196,-4.650819141881749,-4.49165902188776,-0.2743839789776719,-0.21194553526666476,-2.2220698552054374,-3.3198303851311146,-3.8716587334787076,-5.266486669142471,-6.485240973984672,-4.606363894655848,-1.0657041844592072
-1.1997059810659396,-0.3000414552331168,-0.015579553070476595,-0.6298836879165913,-1.0531512975825095,-1.3307325212471275,-0.04613047303313324,-0.5922634212513916,0.05288283739686214,-1.193721117694432,-4.410550953787605,-1.0395989984604996,-1.4601615624848594,-1.370979837711552,-1.3738377400519277,-1.5953540251680707,-2.1103189481228664,-4.812974312178064,-2.1218938328453407,-2.7833285710531577,-0.5667163380849097,-0.25021535030827247
-2.2795790876077793,-2.5084378446313766,-2.7037125257497,-1.9374352264868062,-1.5853855708271318,1.0391228671239805,0.3455271320634787,-0.20071869381579704,-0.9093528953397001,-1.1922305174873808,-0.2996662940582792,-1.0679010605956878,-1.6921237793005781,-1.6648365684736364,-1.947300288203949,-1.5955975720601112,-3.8014541258290366,-2.1233450099375943,-0.4455565082972036,-0.3536574303507066,-0.2420895355634572,0.1848215139621253
-3.8955442470377517,-2.5928034875865986,0.1471351238994438,-0.11065535356201481,0.2891599958524686,-0.3780251196843661,-0.46156038924971476,-0.28368946179093224,-0.057402989170900295,-0.7940305972325835,-0.8996423380961994,-0.7524534164633454,-1.007526079695482,-1.1242847095335609,-1.646728535085238,-1.6585014866989891,-1.224212059967885,-1.0617263733038262,-0.7019820546961903,-0.2550865108236223,-0.5644204781892836,0.307278737725604
0.17825438644065253,-0.35052813960937584,-0.81633106478943,0.08386047809635055,-0.6313747104587203,-1.2327855571559856,-0.9619143238212925,-0.7270399209094301,-0.6661712361214772,-0.4720145564486513,0.03291837907860252,-0.2056628615624947,-0.6651003556872687,-0.7795100207895999,-0.6261024247854768,-0.6429605875206953,-0.1057826543130378,0.024754502143288424,0.7809167854670628,0.24994232691043475,0.24241052218523723,0.09809323191310225
