script/wind10m.json
{"header": {"parameterCategory": 2, "parameterNumber": 3, "lo1": 3.000054539987559, "la1": 64.9999836372058, "dx": 0.5, "dy": 0.25, "nx": 34, "ny": 52, "refTime": "2026-02-19T00:00:00.000Z"}, "data":
[rows 24 to 47 of 52, columns 0 to 33 of 34]
7.867122476248368,6.561974555682333,5.678159921729418,4.743773575009268,3.5864412576302005,1.0105529547537713,-0.33179013138535607,-0.7884489798435284,1.2247525287846128,-0.5969558699845081,-1.7454849701654145,-1.2725033443136424,-0.2901739114628987,-1.479630754615054,-1.3812426077458795,-2.6228698108017956,-1.5195522708057732,-0.4216123162601582,-1.548009438941101,-1.0014519931238148,-1.4475474464751816,-3.2151892645710904,0.700052585379374,-0.08519891975691395,-0.4040597467424171,0.010962397430692378,-0.4772973072096394,-0.2170812473595519,-0.7223828081732279,-1.2439156366131725,-2.2375260547969322,-4.538688108453869,-8.078906202724339,-1.8116612032749964
8.1144102491462,6.5399112645674835,5.145797774078519,3.330004820327307,4.003699353221598,0.9739122771883888,1.144042026182531,-0.13424046478430085,-1.1437920501870178,-0.24923515950426817,-1.1805480079468362,-1.5878251117515596,-1.441154127882457,-2.830617343709026,-2.610935153247241,-2.4354687580419445,-1.97450047079313,-0.30323966842470296,-0.6916566855625453,0.15475545819638237,-2.2243591564945815,-2.087852397229494,-0.3402079442664557,-0.5524779585420573,0.12099608522497567,-0.8489192939413135,0.6953939911732155,-0.4632576180952502,-1.044899335386974,-3.324014690282027,-5.772194114320556,-6.994118005364835,-8.06023074190427,-1.6699655730870746
7.69045903926386,6.912725310970163,4.607187762244468,2.3790488324221317,3.277071434102845,1.3531089362931858,-1.5241319151670547,-0.19261046090155529,-1.468894776470894,-1.3687371965937658,-0.6847747683393429,-1.6344597264558651,-1.5700253034006029,-3.185119582782013,-3.190363233205993,-2.634353167665586,-3.110754768641288,-0.011934616558861393,-0.7561083393701514,-0.24666389950777587,-0.5290393415242808,0.6403784177479221,0.43770138598685976,-0.34631884264841917,0.08165940018219697,-1.042591505480101,0.3586529762497828,0.08785477720353028,-4.042781684372912,-5.801432533727954,-6.5204625047602995,-7.720666922084741,-3.572780245040591,-2.936028316267589
6.932813759124706,6.781657887868388,5.5154367479999875,3.452193220789643,3.003145836618189,2.453928983226446,0.5213116928478543,-2.946732203936281,-0.2901102184080516,-1.512966489260915,-2.0961655306268403,-2.728371824107969,-3.4536694283338014,-3.5263812934023298,-3.9649257268627536,-3.6142357494886914,-4.21224738754543,-1.4755084834560979,0.48566765891360014,-0.38405578061143647,0.15742519442880884,0.4365878740077058,-0.1603408493491537,-0.7583514985527104,-0.17623354594947793,0.3428353244151576,-0.3363798850635811,-0.39805468484311024,-2.384213857581589,-5.920084496788047,-7.112044285774343,-7.652652618340754,-8.19308978981365,-3.5367500404505097
6.672966852479264,6.4139874152812535,5.966719010879866,4.233616395327947,3.1608788627363915,1.9150395210031963,0.986771498934323,-0.4737588003346268,-1.651609187405041,-2.380798737132451,-5.050750640886723,-4.80201490109151,-3.823140220536648,-3.6028785802993073,-3.9622559199527974,-4.8080568432858035,-5.39867022926813,-1.4753052379300882,-1.3051125776156949,0.8089201814409772,0.6586883512203094,0.6838200866475622,-0.9601740392702405,-0.8959808255277139,0.5515698306136863,-0.015010730115642166,-0.4650055883175334,-1.0752417053848538,-4.5949448157950235,-5.296997494816484,-6.707415521701239,-7.027535751265071,-4.501961818291938,-4.0121215259182295
7.005358990630586,6.030744746590479,6.0644157459234265,5.175381180374031,3.5443061719997564,2.641836787650648,0.2559297473079696,-0.18371070411546722,-1.7382218398953213,-3.313300156000824,-3.9144911233853628,-4.471919392486286,-4.303792842565642,-4.300997629624094,-4.083539914459317,-4.108195904424362,-5.315545325817443,-4.2458730477858255,-0.43689427612240966,-0.1586745926736319,-1.2093518754353703,-1.0384215688959926,0.41373860139511964,0.7571123043303036,-0.07468656954199544,-0.6799712813431964,-0.7868391917272173,-0.7143737684238631,-4.650348778348012,-6.0995529919376485,-6.302542858630892,-3.1772417051070616,-0.7366211308866718,-4.0985245272799276
6.765327317217474,6.485946304053061,5.563436001711198,5.675575463909458,4.283819544193099,2.886653816670695,1.4551206606194025,-1.810894285699124,-1.878922416861044,-2.9276433854009225,-3.304823169367265,-3.6289138550948,-3.309626536849463,-4.143734224361956,-0.5492709633264523,-3.9056796817245365,-4.265655041144031,-5.016805771345343,0.08746121541509112,-0.6514383134106393,-0.671162334054878,0.463402356088411,-1.2949144459979234,-1.390601356444346,-0.8569407082469592,-0.9580543826277654,-0.6106622954789803,-0.5209778373525041,-5.3461119279078835,-6.150074322740405,-6.381776410422147,-1.099320971646974,-2.094112512311778,-4.53282102083729
6.418326600390162,6.345502128012133,6.176613117121501,5.045785771286776,5.127595578304677,3.4383351836345306,2.149147537662037,1.331074904939996,-3.3021070165143205,-2.9327654116469173,-2.713550101528171,-2.903365079913873,-0.41663590779526305,0.4444191001457552,-1.3577778565027403,-2.9740068560500075,-2.177945796675526,-1.830841185772046,-0.853489415435118,0.34476438401396037,-0.2833537085683342,-1.1495328986006035,-0.24557829516713695,-0.4184145983820204,-1.5104407403167244,-1.1018213570834987,-0.8201284750736981,-1.3699170691935993,-1.2447748317454967,-5.5927898242279594,-5.92186226968049,-0.6439230444719475,-3.189334617292058,-5.213352877461287
6.416293721798796,6.010068651101383,6.0804311966025715,5.839059006643936,4.585927202798863,4.716239520683773,3.049961648664113,1.6063236483609442,1.6839128660733877,0.25013059179617764,-4.598918193513397,-0.8185384141177914,-1.4998478367390995,-0.5155088847797127,-0.6939625919687207,-5.5074989119116395,-5.560042847510699,-3.17757200225976,-3.0200928443148642,-1.3318234652597762,-1.2136198943107661,-1.326123283448951,-0.9740679719372747,-0.8644657856043242,-1.2233569410730403,-0.800617159865785,-0.5823292456350019,-1.4699042880669935,-4.764046220236148,-4.317834783654239,-5.592589561729093,-5.292406155750109,-4.327942441211795,-5.83817467706353
6.670708270636789,6.3741310116145495,5.953404024840342,5.786163559666323,5.3383520670057925,4.497231969011006,3.8262737264511575,3.259505199045722,2.5153762752078315,2.100577081245833,1.064653649225233,1.2228019183562517,0.10789217660669415,-0.365654157060383,-2.4468515250862306,-4.3700640414411644,-4.255617479022739,-3.9064205180735656,-3.4378375753059474,-1.9743439034192465,-1.1713289640608444,-1.0510946248501036,-0.8607500696426268,-0.700284887663086,-0.8917246925156392,-0.78416498049398,-0.38135941331535683,-1.672062981575124,-4.437287370173785,-5.157883848377172,-5.05753058900741,-4.936142499224556,-5.23240707394581,-6.173007562605621
6.152548241645442,6.166572609291451,5.9361720360095855,5.561758111000489,5.786760039142694,5.086632173460215,4.2158045637220365,3.860886399322222,3.9858683846778673,3.419762802035836,2.4793306045867136,1.7358393201967104,1.2492370609289591,-0.3380614976087846,-1.166334620059926,-2.3914518052205973,-5.975202614638007,-4.891436968397057,-2.273477146835596,-0.7346576051550229,-0.014681235427523098,-0.5725607707702401,-0.840790400379688,-0.5268968530833905,-1.0652047337783268,-0.7130960467826013,-0.7321753666775797,-1.2826853223006955,-4.0861817856763665,-4.41175329599361,-5.078182565646972,-6.080577526479886,-5.619100370764478,-6.327919144737808
5.970958092977688,5.59102498693863,5.62276959452767,5.858825898428074,5.718294760557991,5.7267482617697425,5.3281033565397244,4.517713628221157,3.631130223288107,4.372118858615101,4.276554785356778,1.6326845928270382,1.9588613982013965,0.6657958223728963,-0.6764934856065963,-1.4030038310029238,-3.9447267003519504,-5.373588459195593,-5.353342739018282,-2.936522414886146,-0.7909582647123112,-0.4503453393493767,-0.5924081117768093,-0.9253722401531969,-0.8596222121501038,-0.6411457616627932,-0.8908498810782077,-1.89824955661351,-4.441254211509909,-4.152085925934081,-4.967949873564364,-5.53920760711535,-5.6723675716821305,-6.558934419463565
5.761218680303196,5.487346239395987,4.9732308375504335,5.138135568383772,5.448701530052057,5.66942044870708,6.107693260851922,6.314051161982886,5.985838876106518,4.773103464968743,4.425545378128362,1.7218395044019692,1.292646463498072,0.9170924569827307,-0.6416174726920543,-2.083597770639716,-5.1966736895645305,-5.559159742287267,-2.935445658652561,-0.13434072394709853,1.0225529640526907,0.7348425482751244,-0.03413613516788782,-1.7731981835073625,-2.8598228382555213,-3.607403103094723,-2.9649404343045376,-3.963500057760699,-4.679369722012162,-3.4810829799917906,-4.6245299517102225,-5.052315630369614,-5.198313214506635,-6.253201590758292
5.619589790644181,5.2243308818521434,4.775941454556348,4.448238211635494,4.561691226554806,4.759863154301564,5.25143276386364,5.757110198663603,6.626377779978987,6.135708785582886,4.553818198434057,2.223119076095006,2.016720154115818,1.1858334509218704,0.718788836302654,0.33909522304126366,0.4674935153506868,-0.06963323919991495,-1.7295392095845457,-0.34301019406504285,0.19109523247495397,1.2221280309508364,1.1141728855868895,-0.19470098982533943,-3.0566802523574337,-3.2367277602965605,-3.484434573648585,-4.45473828999837,-4.287877036278281,-3.8136469444590557,-4.062462358390709,-4.386983099883485,-5.145516638557285,-4.325553603597264
5.908997046576929,5.358257115798751,4.808195733556436,4.750356708332513,4.91607177672769,4.730919264688209,4.8576052958347145,5.058473300343305,5.105922178515311,5.0933012337430155,4.014271240741957,2.3264952932369005,0.4490547996634117,0.7074073486962763,2.1854232199754544,1.5355431060017035,0.6819970844323587,1.655895225766664,1.4289573395632604,0.7988589612095863,-0.4929136620857928,0.12946502324004658,0.07737642331620494,-0.11664147327493148,-2.214205674487791,-3.417698075314915,-3.379792773927599,-5.019378743548364,-3.8463713772485773,-3.788664733944266,-3.423150954083741,-4.0472244220986076,-4.645604819609517,-5.072028044108562
6.39218763824487,5.433414393161022,5.267199969887523,5.037082910776259,4.846380610363159,5.182980610778084,5.216475170392833,5.1438506076956445,5.087807154241018,4.452130150694897,3.18708445304685,2.089565520694749,0.4053666642953305,1.1816975945959283,-1.114773245299631,0.3787892373692025,-2.0400512016101175,-0.20650954851170214,0.28443487007964063,-0.9062075712147174,-1.072887215712861,-0.18710648379615336,-0.522301672259488,0.10336013119213307,-2.123125254291464,-3.6537411286101036,-3.3125779850811656,-4.276419545185076,-3.516994759305108,-3.2680845421193503,-3.057707374787359,-3.774547829950758,-4.260842591359688,-4.202727307690427
6.587018149785609,6.280589602982063,5.5474221733325715,5.447415452909138,5.4361700204757675,4.934066448388792,4.834763551069814,5.157572782698404,5.09650160481808,4.66607176320353,3.107646010685108,1.4247839906191693,-0.18419341253964466,1.835547369720975,0.513072370032743,0.3047922411815503,0.8397478432295244,2.514532381053593,2.173117013644104,2.677212802107667,0.24311713047992772,0.6113591664972874,-0.5935277695398763,-2.181010047387617,-0.005167940692828237,-1.5557167936262797,-2.5936402819774123,-3.2984180694947107,-3.9601983156439657,-3.30054610572842,-3.1501489375143517,-2.8922564077442092,-3.8408778609632823,-4.069908318730749
6.194861378466691,6.107348554267809,6.268768149872966,5.829771612675219,5.710504169503559,5.510640447229443,4.965864213100538,4.912592793920808,5.240469550459325,5.156660760171719,4.4476611096036605,1.1945703468154278,-0.5097684624912661,0.5023469807701193,2.2470569896013073,1.9199413492706512,1.623731632751837,1.7081334792167593,1.3660836010121995,1.6183374329157592,1.5052690586220847,1.906959460046103,-0.5727692129341003,-1.1203724112523301,-2.4775994202063925,-3.5767050343200495,-3.0323297086042706,-2.947904353978416,-2.7271824246360787,2.4392346336534927,2.2151195029519406,1.959976455508882,0.39967069860097254,-3.4590291171046803
6.284783184940814,5.969609273580426,6.158417207029456,6.197041762456183,6.131696188739959,6.107750700556608,5.755672252847745,5.400705265370947,5.004219218551198,5.362287351758894,5.3665869026036574,3.875709414977621,0.738842597504844,1.0644291910100825,2.156561540781986,3.03074896222188,1.225749250595661,1.8776827407917611,1.5794235107530497,1.8358946303068873,4.2631425382988715,2.2915111415474017,2.1231081280936683,-1.1400229831987103,-2.327492193265468,-3.921642243964284,-4.413229879735016,-0.8367979632814639,1.6408570806505134,2.7987307438696734,1.4310100768294245,1.2216294229649916,0.2926915870912967,-1.0504211741584961
5.761041013916718,6.34437198911869,6.403127519990399,6.250449395885275,6.386259615258901,6.152796545946957,5.573207235180516,5.8540487889435955,5.814201593365462,5.24373957547583,5.549144817246173,4.656910679736524,1.2095289847896857,0.8465230692093931,1.451260058641381,2.014362999095093,-0.06606081536879498,3.8482208266200493,3.0303078580660454,1.4823313207267301,1.3201163314633353,2.4004489504046562,1.5665503766490323,0.9219160688339297,-2.2606419642683955,-1.2716172684473164,0.3962416076268247,2.1324344665478048,1.2355775744026778,1.433439739724907,1.4867847554067282,1.2381817720626433,2.5839291678984337,1.9264112118910846
5.6482933322426225,5.869005082665853,6.203630293699399,6.092479707138904,5.4474634369083255,5.709533896497867,5.51629718848035,4.4510587619148,5.618562614256424,5.913142782798369,5.080603231291725,5.182940876426974,1.2265973375938657,0.8792535775640296,1.1174753998744025,1.9369378981769845,3.1369501845300722,1.9516995123970025,0.10908892639073733,0.3124708395903949,1.3099618873014953,1.9506105181868851,1.8502478156626498,2.8065425062005502,1.3606179709821684,2.4679947729082836,1.4542829404602824,0.7449198059046256,1.1631073694285408,0.9787736312468699,0.7151024574532048,0.662588695678038,2.674490078540181,3.00488290660083
4.571788603153618,5.56313910332985,6.069817171730359,5.262684460694778,5.115009664165013,4.910097004833922,4.894820050899243,5.016259497371701,4.280659732918469,4.203810995144541,5.320035900175678,2.278177000044885,0.9414890198406082,0.5678048378299958,0.5007425515161734,0.7164057472995984,1.719657527608999,1.1087225463457289,2.3232463044228546,2.6772270892093593,1.6676001367325013,0.8223277111510207,1.4525232517582782,2.4442028837501537,1.4634705369045007,1.5411649419590998,1.3516455399396374,0.8843419175877065,0.8769196379641764,0.6096558938009234,0.8799596688829057,0.9198128121342248,1.0098669184908515,1.0735926176900037
3.9701550401849977,4.861421667997293,4.9836228389003026,4.643659283330671,4.202034534552278,3.6591079431679416,3.6605475086330967,3.8865373060857187,2.750810651570463,1.5298997315826555,3.4061810668187644,1.7680084723605576,0.8909690232501282,0.6169765139593837,1.4425012445076437,1.037931902055259,0.6471910101127446,0.3845921554368358,-0.39934361555606646,-0.5706696901097569,-0.1294695494655955,0.9442047504538195,1.8383832969812952,1.7511698283973578,1.3474360359301103,1.7663193398781498,1.1360929327897413,0.8982724421999879,0.9503271863995413,1.2071453261179796,0.8965575695049868,0.3434009739063877,0.9625644611962393,1.1842232472743994
3.8100952323851627,3.9276034764725067,3.9274783541171985,3.809849468982391,1.9063513080694439,2.095546693399205,1.4253268619310802,1.270305699964574,1.6563066650368292,1.460428762645278,1.3494001376220688,2.025353297118754,1.3230327981775742,0.9012227577177668,1.387670205606501,0.7304830498654826,0.7840094830876879,0.4728514514254629,0.7200866743179803,0.6630177912392798,-0.7566307173478857,-0.4621545263634926,0.4277656105609891,0.7537413256379218,1.6102543921046124,-0.19519460035652195,1.4287302446302776,0.907957367192981,0.6274172704928339,0.48462560619258765,0.3863279752651298,0.7451033861408157,0.8369487838128865,1.3445719076228664
