script/wind50m.json
{"header": {"parameterCategory": 2, "parameterNumber": 2, "lo1": 6.000198445256149, "la1": 58.999992894266676, "dx": 0.5, "dy": 0.25, "nx": 22, "ny": 24, "refTime": "2024-02-04T11:00:00.000Z"}, "data":
[rows 0 to 23 of 24, columns 0 to 21 of 22]
8.467500265583395,13.032235209118413,11.398329946611241,10.532677666883773,13.760643452854575,12.92662180040321,16.131423971639606,16.48371607236604,17.57926144389718,11.613451715632989,13.245048778963863,12.73637410261258,11.46627140116818,14.256972542923386,10.2585613542095,16.862670619152848,17.96619597969457,16.74723430050108,13.458404723133388,18.139756864809897,15.585647367193397,11.921330600939159
9.460207428422986,10.534922657028625,10.758414379842902,11.044101696218366,12.617329404881662,15.365684500833943,12.934838412692018,11.967152803722731,15.271158515729994,14.76813018749745,18.069372724013764,13.289276888929844,10.251543819257593,13.147877291026498,9.061317492915459,15.857311346347194,18.399617215289304,13.01091647378481,6.815452078704126,6.921099628991737,3.8572495680310506,12.95650913613962
10.321905065112555,11.39375411337816,11.220007769838881,11.220225324114047,12.499206389623277,16.819147180184856,15.832194258254496,18.34788288124948,17.321100045643984,18.48101071066427,12.571853133409324,10.955587817960796,19.173173422907844,15.670272599321969,8.347230014320736,8.806709298496203,16.011051902620785,9.177704579166573,8.542528529767642,15.680513874281909,14.871080839513683,11.73501021350469
10.348155677391347,10.2932775367641,11.868566189954434,11.077189513208147,16.93316327993293,20.764965214417067,15.05749688430244,19.339642409675157,15.584313982250615,18.08230689302907,16.83150106643631,18.813123776005387,14.754286245339802,11.348793542868757,15.667991242132075,9.04651511379208,19.8164997597325,8.432857391189534,16.85876860678403,18.69737228911795,15.209026418458015,7.520133203020938
9.1240698338386,9.843107493878383,12.283188592783747,13.22243046898292,18.656215840282243,15.226472467876759,15.893150456320742,16.24421343699569,17.510608191410945,16.85873773359226,16.763825453546232,14.21783253825952,14.915568820745644,9.573160221504986,15.349354628008955,10.519421265546137,18.23228993867374,8.303678473357031,19.710843633534015,6.5629016280636625,8.884523443339411,12.145236864146344
8.551010414125685,10.430536350445589,12.216902920222582,15.731875039555563,12.712117020950355,13.448007669777628,15.621062120072413,16.624018800181126,15.3134624998145,12.317729124709404,15.968112247491906,11.38524289993345,10.995262629774638,17.65725177024987,14.899561767764967,11.276178043253857,5.473359953824393,18.282655127062917,6.90255966215134,9.863124210207534,13.946447652049713,10.072687156891739
9.299057535409897,11.60494920358461,11.277452610487185,14.85864329130559,13.794870595514091,16.891988482681274,17.98162554083802,11.62529285254896,17.63127646165491,18.02626001182621,16.547031552766686,16.75476651706402,17.201797693130224,15.652076111800545,14.818518769687797,14.953771061638784,9.678509422927437,20.429253341389767,10.416298749819235,19.89993929998386,4.4516662897325485,12.057881597633685
8.93422942137246,11.406005311286947,10.360796462586936,12.574558984186657,12.305310442835244,19.708348532141635,15.604471288219587,16.240255708075498,15.616021223912883,13.615494894073757,12.761509876432308,12.935114496201827,19.086585525866145,12.560580356065609,14.552508417195908,10.315231062860768,10.134286848847049,15.605623761696542,20.18061976629847,4.842710911468036,9.336442534210061,10.884211570122378
9.216193129863527,10.657721772824294,11.558720360968561,12.305005355576956,15.216763857192483,15.20042015217049,15.623099633989462,18.568576144424828,17.690765558464665,16.08018109976713,18.808362525659664,11.373644678674665,14.31979692349319,13.914884990384872,16.551667353481193,8.847896618872223,9.682658052037164,14.70997228419232,21.184461962747594,9.688479848609472,17.458555421136847,12.409444595347043
10.43803018496171,9.467535527086268,10.902671002176524,12.509839779832607,18.35591856703421,15.317580339607963,16.786191036094912,13.14382528262062,16.43094859256718,13.200401647990182,18.174655501634657,11.720773582282238,12.75233109009471,16.48351812166385,11.929619422579105,10.703486237740277,9.721995744727497,9.691865480790648,14.106195989529535,20.510042557514303,8.1693974762977,10.355121058629464
8.264307585658177,10.186826307345699,11.973410951076263,10.747851071130453,15.476509796846589,17.441811890464162,12.815199982514509,17.765368736985724,17.66196929176758,18.0973507420413,13.78756217779688,17.83110227842232,10.935824093227238,10.910423338370386,11.356235872292052,13.065779624173548,13.457357438041722,9.06687782327959,8.30612645175333,14.305913279485894,17.142936332590846,12.362160467948081
8.935074904976672,9.390363899992748,11.514247339641638,11.385747916451152,11.228226179427732,15.68109877796654,15.989338655127648,15.073909654211182,16.3514744366757,11.949098801158827,15.475875305137977,11.945631549424283,17.75405625899056,9.980964559318858,10.538069959038321,16.542018949650142,16.689494861251248,8.110082127377684,14.37928381326959,9.347537207058664,5.380820651619017,11.66573161563169
9.177794643540865,10.163829302961684,10.889019507563551,10.899976761946641,13.765016395941673,12.394290497555687,14.907817996749086,17.16681141208246,13.08487096300407,17.120540503400857,18.131043858679607,11.721612527034676,14.450452927476025,17.643275536241603,11.370399945411902,15.883614493198959,14.140470773582477,21.049497563313622,19.49318439317297,19.94336443207446,8.572357841064132,13.863489599450881
9.21862695067601,10.231897700941849,10.382199922950173,11.022791253917653,12.589946703315608,15.863764437056105,12.769392997850217,13.797780770322216,15.842723545371118,17.031619343216704,13.870787590867945,17.383093684379258,12.824194302660725,19.49340917583194,10.167576913325242,10.5623869404549,16.109404380116715,18.843291714826268,16.172114248173692,18.685546949234013,16.376663673570683,10.865086909383406
10.138279793960212,11.200469933121234,10.303772536394488,16.055932912667465,18.308657573740156,20.259396239421957,16.241227876317403,16.351827027669607,12.923856090235393,12.57179071421206,14.175259834509392,12.925532719587668,10.816401362431083,14.589455728611977,9.96089329961868,13.48706877250755,17.41038801147902,6.716580570752418,6.595719892566498,8.928075826762216,5.788410785586062,6.378310523287563
8.518421523538755,10.873621866489719,11.055685192414227,13.04190337982884,15.784937020385197,12.55976426113359,14.872769921190113,18.859205414724077,15.015673555746075,17.716866010720416,15.36663934721279,13.16294986396414,17.70747685618341,13.724590901465968,9.562461699956513,15.937240430858402,19.126241012229137,8.540240885995972,8.730995148128184,22.12349257007055,18.66668351305073,14.714902804854763
9.316909538758626,10.136590308111955,11.117190824354374,12.738736636410486,12.143077477708204,12.560117337443009,14.98541562042817,13.279972965541845,12.626332820655758,11.8924005312983,13.725793353480134,11.644737728277375,15.188682586610838,15.950276397832935,9.270810201484112,13.780699589288083,5.158757713159083,12.267138755391152,20.553096503364227,14.608454624033321,4.776037788602172,6.959103871264858
8.68161686816592,10.68024129949654,11.057158113511653,12.43057699174687,12.64454644300787,17.02364342489588,15.392533311435804,18.793318269817355,15.182385874219264,16.320844035961247,18.127468361741112,17.4670698384247,12.07605079276896,16.268501630693176,7.10371240106015,14.751678931969641,15.769755747220284,12.425124892901938,19.159317432547144,6.803731004806301,15.980833234896323,12.434423196192869
8.90818849176222,10.11460090874769,10.454459346937707,11.025982455184414,14.905538224013569,16.43679670982725,14.856241413104202,12.23629771535832,14.014537773890323,16.38966823635902,14.674188841538378,12.830015770243564,9.807623318694098,10.46420672322424,18.08017994109891,13.629245025572978,9.708146201770537,20.194910566801674,5.645595191636216,15.952902664008837,14.166575846538109,9.7326424471999
10.19193566679146,9.790044720803696,10.764242482089605,11.146056675826049,18.521836941873495,12.482453608904029,12.736610374373457,16.367237670843704,17.45545357554163,14.512446933130615,12.955780599221981,12.051472590536049,11.558321642208279,9.921362511652047,18.137304223541005,17.01224773107344,8.943101974590462,18.155424990041944,9.079651769245734,17.69288763418572,8.649485478754993,15.00462601200962
8.51591924024853,10.377180028401503,11.303559268110813,11.195335123650144,13.31137493115888,12.528289764967068,16.085573442584455,19.66072986528615,17.39464338391504,17.68752586333961,18.180672231550382,16.944982542180018,17.748796489407553,17.43228086155454,14.894961518663585,14.539345925838548,11.609710980004163,5.73079371423589,19.79278012724323,10.610717656134037,16.829339451892857,7.497682870971107
10.343675267891498,10.75895969787821,11.997903949745064,11.338592149574204,13.970626018582971,20.36528057044729,14.705008248436107,14.461790091393452,15.975424634398221,14.458218681901565,13.20740760660069,14.580610556085608,15.746000142318403,18.775835667076347,15.198001536550139,18.346071101962856,16.503800859713074,9.22734293840401,20.19236034854893,8.53063007811684,15.110979811272006,14.650598585980239
8.466232055667394,9.95635267176809,10.93777538689038,14.309591920078828,15.135332509638953,15.412241141909279,14.42922928009561,19.91745225367391,12.616649288703139,17.64471211136388,13.668398886917151,12.802576941463897,12.692725063672247,15.624409432296527,14.977060851047371,18.045352937160526,13.90689645330738,8.716947287239723,5.938680261202037,18.63325503244603,7.523444052727432,5.644335510246729
10.341021668602778,10.27262211550118,11.174387295435169,13.185047732155574,16.06143634637079,14.589251708624348,16.57587503223154,11.778840951040978,15.721903567466807,11.875839162415968,13.017171984471984,11.449080598345699,10.867695098041898,16.046487341039818,15.044582740220225,19.58069944237369,16.340798200286414,15.845832893187465,9.188487978315308,7.053511664729766,17.68089140146862,11.247420215689756
