script/wind150m.json
{"header": {"parameterCategory": 2, "parameterNumber": 2, "lo1": 3.000054539987559, "la1": 64.9999836372058, "dx": 0.5, "dy": 0.25, "nx": 34, "ny": 52, "refTime": "2025-12-29T07:00:00.000Z"}, "data":
[rows 0 to 24 of 52, columns 0 to 33 of 34]
5.963672241214353,5.842049972663795,6.191357726228067,6.484905266535092,7.677561279372846,7.270797901147103,8.179374562411569,8.108487276779414,8.102012471402979,10.66162882623748,10.29024632502138,11.155519822787278,13.985808532277725,15.18285149418462,15.434953122008997,9.009079262379931,8.97442608512228,6.945797526877701,0.17505719037978507,0.037914883971960266,5.899990086650708,3.8357047424530357,2.838029775143829,1.5172912252928468,4.824261877657243,5.290851570701515,4.119588076843535,4.848725415191284,6.918345736584376,7.329381842506841,7.273263606872574,6.6968821298225825,6.435586414563796,6.454209494936411
5.993186968338198,6.365254753243163,6.903163470997031,6.85471656697291,6.965975807009516,9.199064381645154,6.180036420953935,4.738451594026065,11.239201670376742,7.74865335734339,11.144489112224953,12.181224889190208,11.553751290504536,12.630783556989774,12.528224067676426,14.771065613740852,6.57584943812354,6.231921804578858,2.7751481339742434,2.067213394883096,2.7123210639417086,4.984196446763016,2.5006482376121335,4.795979093534106,4.17526030661459,6.212154827805032,5.431556932094805,5.120553304748693,6.410807343634562,7.664296824460506,7.78224720001422,7.191015453326386,6.2584384714541335,6.490882732709353
6.917116926423486,5.2453999564348495,5.580561644645822,6.609643353411183,6.504253435420872,6.338868059352331,8.452283214699948,8.268447543964406,9.089308511486761,9.825560449334887,9.642052930659121,7.694468619697998,12.072216806896652,12.502793349411407,14.991179308784202,12.369086697213985,13.80533316363715,13.452199733168106,5.0950580790536115,8.72799971171064,11.5753363733615,7.035237500445811,3.1767251889268855,8.161190469050524,1.3311385487947984,5.675268277575404,6.064299994946775,5.993117015363703,7.593671115964425,6.694098100788417,7.811828224123227,7.102711989758324,6.795338611979353,6.32089281540958
4.6928463096535165,7.31139377267157,5.803095401413789,5.674190629660005,7.4224282614115324,6.449689328781898,7.768217006735949,10.472752563886726,8.663296680849525,10.488426313334555,10.265785340433183,11.569729972276757,9.994231481377739,12.059853500269254,13.111972502193648,14.37138306008535,11.660513635617807,10.13133688287836,14.445177459623045,6.386236123236672,10.725917025948897,16.4318411515191,7.7712322921388886,3.945189567136584,5.479080810131437,4.3810807126643105,8.088114475469176,8.011375646304753,6.772928731866702,7.927358275320195,7.529882718809039,7.024583976617428,6.734288325774455,6.443476268751037
4.791497877577831,6.688366167194314,5.568745868474402,6.54567505746638,4.809330119708542,7.4697738270102985,8.128779429786597,8.311820908723908,8.794305624540012,8.415826967393865,9.592369268562145,11.553773040897857,9.1602669384059,10.92818644830005,10.024112837267989,8.773496007233291,12.426353474206934,8.300152731472572,11.021677681461416,13.770716850376962,11.212120174795249,17.401980419576557,8.864948903030495,7.555880182699609,7.285484693091666,4.748067131212308,6.999534997776533,8.395988613655453,8.55636572530826,7.727687048431753,7.790794150821872,7.087363875575599,6.481748201739377,7.4024788269253285
4.037704440665306,5.975867394986406,6.2566633474351265,4.685880785991502,5.209548100018459,5.498081645669209,6.039345051986387,7.19056895775822,8.988371994770905,6.978868567609172,9.856354197749166,8.244430083575049,10.185873165073135,9.362275548525917,6.575638407123289,6.286819857697517,7.714701970369762,7.777472515131019,12.097773619474621,9.881305849379395,9.095626704017892,11.143606545661257,9.738729524427242,6.793669908183072,8.079602423752226,6.890503573955489,7.254537230746873,8.796789931163827,8.798745389550877,7.66581771060301,7.316155926208724,6.835335708161151,6.576813186854246,6.57770118394881
5.050863284680178,5.80095183591741,7.148669059373074,7.538162497838163,6.330095976522707,8.849513966411477,8.488748080503122,8.832376683572484,7.65475348556951,8.30421907706112,6.247112623661693,8.387489336760266,8.722513138876392,10.024078887606942,7.016513694581805,7.91538524097599,5.431621008807595,7.574980572897093,12.083052375208092,10.991208386740071,10.896559115791199,10.663569157741549,7.752332436924457,7.024067194305917,8.450749094762054,7.498273326429792,8.376419049402067,8.70855869884316,8.268427787618103,8.210281113178379,7.996252129996125,7.745852345677154,8.456248257159288,5.402829382347236
5.065004966880569,5.196321803190515,6.473484051768613,5.727730912641978,5.278759647998773,6.564009190744628,6.4605565831062375,7.056966810563875,7.711471905956672,7.640647593795877,7.142334323264729,5.051701797311344,5.494807336127745,11.406220138264885,2.6832335612821847,6.427612780373839,8.573345930240126,9.64623644650508,9.944475264445032,9.51672231973475,9.438356789168903,9.78126640824172,9.130761130934916,6.501024677778261,8.524450760425786,8.645640145598307,8.420439110437599,8.875801997402409,8.088128767806499,8.018304441381682,8.348273959275458,7.984622522726473,9.476794327990593,5.404782898710823
4.14874160794431,4.208642668464055,5.700065728934392,4.983969187368816,4.458134100935629,5.8274620854247505,4.909706112799958,6.9007071611701045,7.851236104625645,5.748529411509758,4.302958342813589,7.036273400065454,6.4639788313446775,8.061155663390497,9.625622429211143,6.310960654206498,9.458962721308701,9.097977105501565,7.052743077571397,9.081606052159536,9.932514206859931,9.258952316355971,8.773970712181674,6.936722772800616,8.954070306814288,8.471204270025806,8.589493106374738,7.922945129967318,8.728051721713747,9.330854943705395,8.684021129787073,10.272316369616114,12.085939724582015,7.437573964727379
4.950950910265626,5.377298419006685,4.457554194016813,5.2868155768123355,4.626309906052023,3.306925154050637,3.7618741957916253,6.312422695696,7.117543651976004,4.397475228950242,6.927591912562008,2.1840765245000084,9.182744343372708,7.244904614626254,8.153063626497906,6.1450648218958035,6.762427011773729,5.9701966912921725,8.107936269300835,9.099431673439002,8.552336109054318,6.797669054818544,6.855433767834546,6.994074308831646,7.999673815209921,8.484544635863424,9.429342853018973,9.59173584053306,9.235183201511042,8.701198470496198,8.879340848408567,11.501756333853315,11.745301408719232,8.3862640131638
2.181750848160286,2.654708965576315,4.292615499910982,3.8252596413305455,3.34646115354417,1.6415400935794704,5.52674004978579,4.544039614549417,8.534189002469555,4.81535472137197,13.129733687232706,5.235027697309219,10.352697140900624,7.235867582294161,6.98677093434146,8.706380511730467,5.038589113565593,4.649336465991263,7.299638287856027,6.01621606366945,6.550589377227931,5.883917318635502,6.632420076079346,6.525784749770784,7.047396712293334,8.93651469565884,9.72385778506151,8.762401477303847,9.17778724757289,9.050523981016404,10.423590234751561,12.124644806041967,11.860290513825275,8.818917210922761
2.0415770749804585,2.935001861262659,4.556583318590689,2.8676611305078854,2.970069494373397,1.9315497774282049,2.1872413402594115,6.9092847426629636,6.0306965237737575,7.503030746840611,15.407691098868467,12.972094869597692,9.113824087105119,5.116626128831,5.699703653003071,6.217849867930011,6.98219022105791,4.608012672297901,4.715608453624876,6.960428985801282,6.3201473530644945,5.1527878543456085,4.570807806020257,5.46089352809849,6.751875550809302,9.088517874811641,8.91774317255523,9.130409303205088,8.99066299032818,10.210106413835968,12.064701841584466,12.408346413345486,12.625016289434175,9.279177609052669
2.6151829123828056,5.111674157158913,2.874229674832792,3.5031889477957683,3.07413966135693,3.6505132485238176,4.9731922127451496,2.111864637740735,5.365966783437937,10.67740486084307,11.769153046048336,12.12415883483914,6.840848975983421,8.747333945819632,7.889991010855052,4.788294048446006,5.846405768086375,4.79027978331794,4.205442164810569,5.066429196652334,5.580402177481039,4.334285369497769,5.751935348251144,6.034864350769512,6.687131851816525,9.384887060015533,9.01459586318677,8.196738493693738,8.46681059830125,10.105551021986239,12.699882342746264,13.211808964176734,12.83491119694912,10.104285238040749
0.924350878252792,2.3487720371629415,1.704998917138452,3.9532289118767627,-1.0614666281128968,3.954166210825151,4.732538230773417,2.715379481794227,5.212493280994478,9.924975920625613,7.192337155215632,10.146253522766202,10.951398135956934,7.260459368310426,7.053614720004544,3.2406885874970675,5.386516564827452,4.988156989103482,4.369434401412026,4.633997642163536,5.259888759535448,4.8384483165275505,6.294917633047244,5.603204726402033,6.532021675356386,8.611195080350287,9.919696260616606,9.833029118197008,8.426084964952178,10.838312355925945,14.019015222102059,13.321893040385245,12.528446106004653,10.631928771604645
2.326549348883085,1.1943184626684242,0.17931923271762046,3.0472316491852194,2.7460929765317537,3.650628570630554,4.254131344734961,6.897706922071824,8.236785912472667,11.730015568505635,7.459624709792855,10.407664738481875,9.578675560794752,7.4465183783636775,7.606695823786617,3.1061274141930864,1.9932156193619521,4.347477514476996,2.4492911236974724,3.134634585927019,4.644227360668884,4.208659016039987,5.8812049829098125,5.4152149900411475,5.658400304038515,8.613901820083928,7.826957253197884,9.187265127951958,8.29456292775406,9.462836694882345,13.41353911458146,13.694163755583554,12.18744512824477,10.086065632601896
1.8168522431721448,1.021479295006546,3.4882289903585186,1.3444204158197963,0.5287060648093194,3.851754774390559,5.984484990510646,6.491813652800718,4.713915698235732,3.825573130154383,10.43744707443741,14.355143558799545,8.77578870809617,7.600417631624123,6.474872489828352,2.745583305661203,0.8901340068197547,3.4175518831245673,3.965737656488846,3.5651930534641796,4.0196575633667875,5.308033730396159,5.8498632594675115,6.068135243226302,4.938683401693834,7.298705414973376,9.004692243273329,8.942087240555926,8.88115639476686,11.115780172711805,12.065805766043027,14.151562092655894,11.913622078169555,10.235615655547434
5.528973267898309,3.9675780287189895,3.754351206881348,1.071061038481513,-0.3570028524470143,4.037165576890075,7.304930148362286,3.6442879618604946,2.4994697429004993,3.3975472098658304,12.411276617082423,17.427630020308065,7.2728104806291975,6.103116098607993,5.1735389243104635,1.535169597653578,0.9877977939516046,1.8662056514306424,3.6106887759383963,4.730698994982567,5.585807687147774,6.081220103633329,5.88057961609528,7.055614365670831,6.569472721623882,6.032603768997662,8.175383888788637,8.309428288106643,8.27531207851988,10.859874884733717,11.873234378092322,13.269865984973729,11.82455042820152,10.147447251241134
1.839664619570405,2.63226000768689,2.96583109418031,3.6371428986727192,2.5017494051130367,5.395351954085216,3.8144811764127935,1.9292117870668384,7.417508550310717,12.204710571511285,11.450209196728803,11.733969238547896,5.516389149227031,5.370192154238751,5.479780502238074,1.4237389177587836,-0.32771774525312014,2.8322764448826643,4.001976151951124,5.971934066346881,6.151627276037719,5.579934049162595,5.537758487883314,6.772680004501398,6.76691274473864,7.020000276150629,7.703843872423763,6.955165356103666,7.336242510600093,10.36603763291506,11.653111593300716,12.403372337861004,11.672442509941138,9.767060864904373
1.6151486680401956,3.654900218088751,4.503714426778819,3.5396138651004154,1.3966718328136245,3.4105931243649725,4.584211118993656,6.733025007056987,5.497033249864073,10.058090263129737,10.141199193022253,3.961070759817127,6.23430913550804,4.667448736581969,4.143184875171906,0.07250168696301514,0.40626782221391045,1.4369267975061777,4.804379993406013,6.819817485721485,5.800686838437531,5.8830179508594345,5.120630586778645,7.049721702495078,6.412979594816035,6.567883098014169,6.784709467257706,7.184725989252233,7.209119341299264,8.006744286795897,9.609400680758712,12.91700028618577,11.511949801230285,9.777822285156049
1.1836585228000034,3.6929201913425866,1.5817466136425873,3.62500427005451,1.337995498546539,3.436443288501858,-2.2905153403971075,10.758171625790867,10.131410189935647,11.064934988546888,9.095049770181934,4.097769531621069,6.305365294680448,8.511045095180247,1.3265672881030879,-0.18957564142941863,0.3652286249321819,0.9386234808424524,3.5324241996657944,7.347487737768942,5.761818405466091,5.595929713921096,5.845474919221606,5.962407484314499,5.945671088370316,5.687921061903474,6.124042569222923,6.110179542516313,7.336726710128384,8.300623064814662,8.215290879232967,9.380806300084005,11.798929592302825,9.963085560634665
3.1979285007605482,2.183850507401157,4.3882910702584494,3.3452485584366074,2.852178927555662,3.488245986162586,0.5417497845260834,7.998615763852595,7.810876192503126,7.376427405379674,6.355294493775081,9.034515077003427,4.0514858660665976,0.19308604801427995,1.1459814836867908,-0.669547239964751,-1.5864093350983095,-0.32302052635573975,5.011980116722914,6.769445143682538,6.816913758955094,7.386578676527623,8.84166256737569,7.05867520594816,5.127310230861546,5.471169127628745,5.0107938527201625,5.652114725508422,6.947435831704372,8.050435291565057,8.058753494323486,8.140856372264546,11.291975214341669,12.128594373306507
2.5622257789985268,3.5676460312960847,3.954999966604391,5.274043488199837,0.9729393116038003,1.0520625905837053,2.4943360831861896,7.811394673851043,7.538843359037508,6.041339904139097,5.773476107540676,4.122735825254287,-0.042144562682948916,3.484613688732753,1.6791043937783523,-0.0037489719813702557,-0.8452575128662614,-0.98088470050522,4.058710362111318,6.11142974996838,6.1086021848018115,6.877147113860458,7.375325663257348,6.428659857300345,7.672902635082195,5.38095948740848,7.389343565916832,5.951621359584797,7.517131752228665,8.27082720346525,7.840413082913659,8.595997053789038,9.32192521836512,13.211472773088849
2.0336464421485174,2.804473025650059,3.973548601201609,4.181701337233316,4.462980467600461,3.5182988083400826,3.9507672922597963,7.3624813159607,9.865887434002133,6.9845621024019815,3.5054628627033457,3.458354355405396,3.3143817196487766,2.868668714907026,1.350073252202005,0.5773336901263961,1.0912532673913422,-1.0492072977094213,1.360508223707032,4.510498289461669,7.853499640252155,7.005026835853055,6.165467864167593,7.1396297701666,8.017931487349188,8.992065228935221,10.352207368428305,10.748516895675337,9.98027506283227,10.103793450038038,9.340919931209232,8.536397777353002,11.64185642497607,12.707049329862192
1.8410174751306252,2.825397795478235,3.300936781962403,4.5012083805251635,5.025679467882377,4.142282648352044,3.303639683961897,6.429787899713412,11.299117921616968,4.294679254240151,2.5448625118882977,3.7603888103900163,6.942127260192392,5.021217138091825,2.3741445817197633,1.8556565149928637,2.3516469947116536,-0.5240302699429656,0.8897650879311143,4.816066149302684,6.806069772392818,7.620234226604814,7.402064661525834,8.226366544759886,8.773714918331553,10.96305520692107,9.308082021326411,8.765084245269458,8.604908074579942,9.38046001016302,9.530397251907548,10.47809595148056,11.711861453166698,12.240464361244953
1.847366708577871,2.475192476342455,3.1961298686585624,3.9417354012450265,4.845960295616731,2.599259574578955,3.8163815345983068,5.805299033960335,10.15243938961941,5.843844401499568,2.198300060731815,1.745341253116537,5.221950727663282,5.583512764418368,4.1218393708943415,2.681907148963717,3.1496443193209402,0.4486661242420697,-1.143351022479635,4.5926868641311245,6.571145222069136,6.325496203332724,5.716331587404728,7.31270187138568,9.221462071441318,8.969073911716563,8.330311086901588,7.675009801748535,7.3293437949991675,8.039397982496725,8.470246367937282,10.411102662300861,12.150332732123852,11.912670119719623
