script/wind10m.json
{"header": {"parameterCategory": 2, "parameterNumber": 3, "lo1": 3.000054539987559, "la1": 64.9999836372058, "dx": 0.5, "dy": 0.25, "nx": 34, "ny": 52, "refTime": "2025-11-13T19:00:00.000Z"}, "data":
[rows 0 to 23 of 52, columns 0 to 33 of 34]
-11.646838640427978,-12.430813305473084,-12.632806062733273,-14.285906754414153,-15.301426615334611,-13.537879611177623,-13.655995741761922,-11.969423701509404,-12.177417583863392,-9.925316060587132,-11.056755627181586,-11.452643224770952,-11.772817615129455,-12.042458961880124,-12.003315578702846,-12.192589113081517,-10.939573254293762,-11.27604806949899,-2.968231613918185,-5.078435866397798,-8.838622654316094,-3.6088428865451907,-0.3621032416146062,0.9964785859887116,0.011236581891124319,1.6152098628792897,-1.4280264310719348,-1.7072214338957266,-1.2533333488547944,-1.5376218538578657,-1.2265602212280793,-1.8378113008226726,-1.6568985310320072,-1.2200232834701568
-12.337108297527797,-14.343384698480765,-13.900334537335805,-13.666685796319786,-12.213315520242094,-11.492515104953204,-10.360160329914908,-12.171628460031652,-12.853846500009693,-13.477921266374805,-12.430011613773342,-12.015197933177449,-12.969924962385583,-12.42796762479749,-11.881115875736732,-12.780566045088289,-10.45589391103798,-1.546402330351957,0.46259581419391427,-4.26162808456978,0.7673112107204217,-0.6374902997396946,-0.003759640184243771,-0.08802441514336731,-0.2650095329763438,-0.8672754187895784,-0.39975792776994856,-0.2600381039160804,-0.5906051907432747,-0.7906857652313686,-1.936414937839022,-1.429217192917982,-1.721189135112104,-1.6227269647905278
-12.920681849695494,-9.671145462653836,-13.922745600363735,-13.340119076304736,-11.65123263314103,-13.200069573459428,-12.508551208207358,-12.320671502923648,-12.639593254536178,-12.314793741551394,-12.148866882261277,-12.337889614747377,-12.491391853720927,-7.5221269078903505,-12.562595222590678,-11.822016482290742,-2.2230823424925825,-0.30079039704315313,1.886425859740252,-0.5448106405129932,1.012079960320101,0.09736769243859987,0.7152038246565358,-1.8281987328241756,-0.7065102725351025,-0.824500775736677,-1.0843248438353201,-1.7185301600736023,-1.203637590353757,-1.155528541503798,-1.6890179175171935,-1.6908662333636775,-2.160864650382142,-2.125875354143197
-12.902418870997312,-14.474326758793762,-10.725709944630239,-12.548993850836682,-13.225163122289322,-13.762561029866314,-12.29061936082563,-12.397414141248388,-12.296677426937354,-10.90168648018477,-13.064949561846348,-5.224104195288475,-12.198344799092991,-10.13909795758261,-11.422182804427345,-1.3230047095814772,-2.3859066540753853,-1.4693503753453063,-1.1793968124374894,1.3464982525703322,-0.7570898916411805,-0.6286274073771412,-2.178083268253373,-0.6140804918290442,-0.8942177284942617,-1.1552287293928252,-0.7563135572738846,-1.6566858928702013,-0.8981537118536044,-1.407529183245144,-1.3905770568900993,-1.2735592532446767,-2.1805159131099825,-2.455063030847663
-12.32616073140008,-12.38281648340435,-12.235287644582312,-12.780731124180067,-11.570624087910026,-12.735063897679803,-12.580609560442511,-11.851496996869134,-12.415344443052017,-12.492645657431236,-11.157834926166972,-15.310814561426062,-8.679052683024949,-8.957810788044878,-2.2597779122853052,0.3015938156057514,-2.8873335081440383,1.8755575359135679,1.401074563148411,-0.7955501354877246,-0.02595510509160726,-3.3368897871404384,-1.4234830685354947,-0.749172130437738,-0.3580638836798709,-0.5456787677717199,-1.3234067681250286,-1.5702176043818983,-1.6808222726079156,-1.4119682490346759,-1.4971804230027597,-2.028743280843703,-1.2347528044683764,-1.620668384859682
-12.870020792311367,-12.666694931914389,-12.40809640644182,-12.599663232655715,-12.838513674949459,-13.260198197304017,-13.769097015566329,-9.232943152971634,-9.760725296769339,-12.34285979057315,-12.230643045739294,-5.947773169522363,-8.327892145780703,-7.3835774313062235,-2.296437731609324,-0.5261902780963561,2.7203498551708902,2.5940644512875863,-0.04023521021729064,-1.1571181962430763,-0.5823037626147689,-1.3874729420850866,-0.7630625719370424,-0.23176871225768006,-0.10888654449155045,0.2506588647381819,0.24190787935407995,-0.5839409018351769,-0.7605744537612598,-1.2325695072771392,-1.3357829893778286,-1.6552084825618267,-1.1851100756023418,-0.9137985715842449
-11.821054862560764,-8.601104477684922,-12.430653960535738,-10.708672607623601,-11.152913424006773,-6.412156288678428,-7.432351461779752,-9.06884076757808,-10.443315461605328,-6.286124013552393,-6.215702652984115,-2.461204632907813,-3.032276351923151,-0.018603253909657554,0.6555188521403362,2.5959102603294584,1.0361314588810338,0.18498140525608045,-2.480150479561314,-1.7645178156033483,-0.9687635231550188,-1.288435393463397,-0.6856857516807287,-0.4712466072954853,0.07307868627847922,-0.37036689214453317,-0.19338183943987858,-0.6945068761460154,-0.31289596013480175,-0.7647741922525253,-0.9575401272397441,-0.3208231106254994,-0.5944118421552752,-0.5470261245191249
-13.050942775312116,-12.961951409217384,-10.311345864431244,-12.950663480868085,-13.133348449235918,-10.15214710070138,-10.426616367113345,-13.209194581944121,-7.324976497670137,-7.516123638979931,-5.10765822422238,-0.3232090979886398,-0.9578596702016731,-0.7813677407838747,1.9241164703385607,1.1020284617283993,-0.09121503439833487,-0.7260852081324388,-0.8761517804328859,-0.642763255917384,-1.5023036082151908,-0.4599463994464149,-0.37642772589599455,-0.6878047489635156,-0.1596861035705655,-0.5176658933383212,-0.4059519173348653,-0.48819865298802356,0.17783225771191172,-0.9999315052953164,-0.9187018119835805,-1.3486095343617683,-1.2741995090050133,-3.1662731333194056
-12.65116971547191,-11.685551372636223,-10.82121995152636,-13.22237686184271,-9.120836165152435,-9.284380380776451,-8.869867611015483,-9.582946965946599,-6.755874828260493,-3.349142651359527,0.9312661825098982,1.337489172942135,1.4028457255121876,-1.6919738813052856,1.7801112250820748,-0.49330368790208434,-0.8895805607864384,-1.6534362507297233,-0.34861824985584494,-3.0133540652975697,-4.13449408070288,-3.9116378351217986,-1.9259387589072374,-1.049036094836808,-1.1957638032287223,-1.2513537441593836,-1.424979003513497,-0.6324818765290209,-0.7033610673819252,-0.6652092718936761,-1.8186905814733512,-2.0899968823320973,-4.473322013539777,-5.281914182221719
-10.411375835331558,-9.524014430343042,-9.714585647063771,-9.632763382254868,-9.306470018936185,-9.010072343835487,-4.344194560863107,-0.5959467514592631,0.17839056314943244,3.1333955882364477,-0.6341760013140445,0.5173300934607172,-1.6918632620916871,-0.5762987601478262,-0.015447211972413067,-2.2220141721888096,-1.0108368585527445,-2.7299907635140186,-1.5868002136309878,-1.574373906688669,-0.8936556668234541,-0.949424235871491,-0.13510803268300178,-0.06472980800692889,-1.010521482918726,-1.0333904864708343,-0.5132282719142826,-1.6323474313561885,-1.227063604922634,-1.5424610318420406,-2.0572515742377857,-5.574991044302243,-6.327239598660244,-6.225533371968527
-10.58937747836859,-10.447222935994821,-10.432706775393818,-6.018519190302093,-6.78539926296738,-5.087825923623077,-3.0650491345483233,-1.1780092169062086,1.1084282603327704,1.2344741660412637,-0.4997145500599243,-2.2209116796392934,-0.0210433226536194,-2.587910223240965,-2.0005669494219696,-2.4399595552449513,-0.8371806862504304,-0.9941122653285935,-2.825413000237032,-1.3207652440213482,-1.937921953235824,-0.8775033827952289,-1.766892678076281,-0.7225169854078299,-1.3793175021679134,-1.2201987707032098,-0.7870779047891612,-1.1166622070938887,-1.3832756341513703,-1.534165069775967,-4.033377545659061,-6.026315859251265,-7.630244427525101,-7.370683811781198
-10.942777761608134,-8.748415582424158,-7.011879446694099,-8.132111407268663,-8.392116355470911,-4.338899069090542,-1.7499080121612607,-0.6705754238927866,-0.3495923415195217,2.020073759296885,0.5060673216802032,-0.2565635190399815,-0.8261245604913551,1.5559227374139173,-3.6115022747346375,-0.5547622536540543,-1.2608883640882254,-4.045900446069927,-1.8979216331272584,-2.9206299742873982,-1.1965671534857272,-2.1329665225170293,-1.8128277459785762,-1.6706727182528773,-1.2875214627687561,-1.7268306775101465,-2.1039314574363166,-1.8885952833035022,-1.404548750752482,-1.1505303264616733,-6.533900751346346,-7.759634239818171,-8.680470129432946,-8.75972084769957
-9.467269368054025,-13.529668955442597,-4.422094810864852,-5.207225710080438,-1.4679216204405734,1.8860391432207484,-0.7907756073699749,0.5970543049811599,0.8943585538951202,1.547079861010319,-1.3588238478039603,-2.9540373970911613,-4.155250120440518,0.9383557275201496,-2.0355584914828935,0.7603191347430751,-2.1477419294957967,-1.7608953967451264,-2.182280847606204,-1.3847912717067188,-2.667798018351481,-2.2816730208543006,-1.5344271582238815,-1.6534074249063886,-1.3274339414360217,-0.7197329883291361,-1.5369965059659652,-1.6147611036556955,-1.3508562215392317,-4.853229833370993,-7.826612478307672,-8.926702012850356,-8.615491437941968,-8.232941955602291
-10.360532836809387,-7.61746179005025,-10.551834868889223,-2.382910222917393,0.5343655969362452,-3.604656388043353,-1.9193340548714823,0.5886679657141455,0.30140912074767096,-0.6944973623144963,0.5056963613798756,1.4886493383139494,-2.960613786856632,-0.7224326937733874,-4.381426599340522,-0.7332074970259082,-1.649114754064214,0.40395782885801435,-3.4675574595404224,-1.3556027819552934,-1.6042209603914845,-1.5967602224373312,-1.2677736625911156,-0.7037404660835342,-1.802353360183504,-1.9816138592286554,-1.3293536846573124,0.5123863804787299,-1.4437372282169105,-3.9573702363770633,-7.551842453354445,-8.852951501340177,-8.45947339922856,-8.36013006981092
-12.52283209339545,-9.913234933212161,-6.5661208216881235,-4.4655232232578355,-2.569359304740423,-0.3923413432505835,0.5793626832504019,-0.35288897570944056,-4.874155646752225,-0.6539576908560251,-4.382047492002111,-10.9501962009206,-2.506021288744479,0.232114433505797,-2.4786666960358437,-2.410517300954168,-0.7751884211640853,-1.7657927160375824,-2.5491106667118433,-2.1003711890015544,-2.986226595171355,-1.5215653438889982,-2.544850773983551,-2.5877705155616875,-2.2536308830613474,-1.4557516278488882,-1.2257209441459782,-1.7583725507164667,-1.7115929604303144,-5.262720685500068,-8.22656718941953,-8.342627337942472,-8.512161648642362,-8.250887906328138
-8.064293608313458,-10.175269340206805,-7.257924529361621,-7.043140853262307,-1.4819878523699936,-0.5117469552352722,-3.794041691590472,-1.3798713475354263,0.023365625943774726,-2.9674607511233577,-0.5267074114125527,-2.153979744314404,-3.4190437957537427,-5.134275741583419,-1.0188573166464745,-1.7921579884300107,-4.114051598219019,-1.8561069748685177,-2.2884133056851543,-1.4511444466382444,-1.9218188562248029,-2.4903438048545823,-0.44738986022680205,-2.596619858832049,-1.4667152457953871,-1.103503941212662,-1.1012467946827043,-0.4800200890595049,-0.5854212744695464,-6.40367442453141,-8.443716238623947,-8.926016709357471,-8.66623543045743,-8.663248539189308
-8.421300938175385,-8.30542037900861,-6.39791829589783,-6.0105832643271855,-2.5027297672123976,0.23191194216820119,-4.484235396098045,-0.23005734063672975,-0.46469873481672147,0.040216854669693436,-1.6657668955840605,-7.490726937920977,0.13001088943479347,-1.3185971122068412,-0.28938411912023954,-0.8202461342403639,-1.31345368117945,-1.8221820542113727,-2.3970319671066864,-1.3288143737618983,-2.1261251110328017,-3.114771028818672,-2.3344998968462,-1.4730827203355723,-0.5502998711821553,0.06631467255072096,-2.7812014419274322,-2.3557822649351055,-1.7027928534961034,-6.735081940974244,-8.748942353920512,-9.034429624519074,-8.478285388572536,-8.366556677290463
-7.0311349510674175,-9.42581239195792,-7.977603030772249,-8.335657342424996,-2.2627020257068784,-1.9921087053642537,-1.2865976784197601,-0.36493491840237624,-4.033846252926183,-2.7643117036743323,-2.1774421121428498,-6.365774323936394,-0.05548946604434293,-1.5575618309602566,-0.8777841278795501,-0.7234983678444711,-1.3674370091152754,0.47123469994423123,-1.6500263433917481,-0.49871902025748843,-2.4374470793603313,-0.49490790314188654,-1.7416033792952066,-2.1683224404622483,-2.022790088932746,-1.6475711461159102,-0.542253739553449,-1.6861616647329916,-1.294759509526667,-6.833155586869479,-8.33023835471547,-8.248084924464582,-7.893771021431596,-7.840877224466044
-11.179560645592874,-10.514242564008521,-8.153430156620614,-9.242435791121428,-2.94091376832552,0.353862772173884,-3.2928796254090047,0.9888119346090716,-2.1611249229791905,-7.295368259764986,2.409061983353003,-1.9030129390852821,-0.07033573160311517,-0.5144012938499338,-1.5591582129416475,-1.6101268137571503,-2.3177408373480124,-2.2620312746238596,-2.7585492136744647,-1.3969979438071243,-1.8241098837626868,-1.6208150047334042,-1.365508064077475,-0.9408617538463443,-0.5181124155121349,-1.3432718905048548,-2.1370816882968042,-0.6919283731786615,-1.2775202197871738,-0.813405656196841,-3.4360322165245076,-7.446843195629914,-7.7276325842969795,-7.262759782400496
-8.331721252936646,-9.68608517063837,-10.995425754248275,-9.006430813541124,-2.4086210462697553,-1.435451887960915,-1.4232433519001186,-2.3849168978946027,-0.8524135824104173,-1.032853780662302,-0.3855132757378463,-2.2918031053650205,-1.1614460256633314,-5.42080402700622,-0.9895520059063264,-1.98269748761272,-0.3066046196462889,-0.7561250323658016,-0.23996708623697832,-0.9602274551035289,-2.3535377891627354,-1.0646674169224706,-2.367080835500715,-1.9466424079048283,-1.8121142033619935,-1.942701343424165,-2.1701704968200763,-1.8435147207037204,-1.4342543304233841,-1.4482000321948998,-1.2063499784119087,-0.754761954676865,-7.782300873513199,-3.7670061684209974
-8.426655264851469,-9.738099688772548,-10.047566626902414,-8.056237374804242,-7.177273198372286,-1.4378061645102074,-0.18689820850294467,-0.3529399206237569,-3.224188773545662,-0.05370953215831352,-0.10914464239778522,-0.9060310872928203,-0.8000468113888785,-1.3628435068628497,-0.10124889258487181,-2.0243314147708364,-1.5951062508130567,-1.3658794061971782,-2.1707786846254002,-1.9953857826653258,-1.655394184403723,-1.2859569862827047,-1.8480949315544033,-2.0802991878393398,-1.9582532452578678,-1.7309588038690988,-1.8134092473479362,-1.7398943478579898,-1.4317641379121517,-2.0345726162856175,-1.8861934811429553,-1.4007391999616923,-5.280126364880454,-8.379501751953208
-9.594649449885742,-10.297144094841377,-10.374316754319228,-9.008110095926398,-8.22881698493838,-4.395229360184519,-1.8672692531555224,-2.005367284510529,-2.179474543318317,-0.5064025428087033,-2.9096850345384087,-2.7712071783105334,-1.7180015554401737,-2.1343275694983515,2.163241840544017,-3.30680904121779,-1.109986185212698,-1.6244947702605521,-1.7970378470256179,-1.3894426101282014,-2.3384919783235816,-1.560408947397199,-2.064750388317052,-1.4117719767604493,-1.6246323171216448,-1.9020393534410913,-1.5386592846636804,-2.0669907405960917,-2.033199813826486,-2.368877513504607,-1.7481977231977497,-1.7728963384629244,-1.6465046734066882,-8.198328679237958
-10.081132410424807,-10.819585207215438,-10.658725096169038,-8.837472650831534,-8.010708146189328,-1.5207758454743248,-2.3167450318539156,-0.9761978320228115,-2.2635199600973857,-2.9662066458438905,-0.9934229009230883,-1.3820399533528172,-2.8550345432518243,-0.6038655203851666,-2.5911249432214265,-3.565059461729494,-1.464408001654257,-1.6461524562460235,-1.3916534380108732,-2.5772548313115755,-0.6382839396686275,-0.2550335352704129,-0.42535118320202536,-0.3215371720900783,-0.4504149982587701,-1.1466076244851404,-2.3981970634856777,-2.3068173120238424,-1.679816100312054,-2.027099840893095,-1.4542878492358902,-2.5206515337490676,-5.826933816309414,-7.336427231705576
-10.013504455491857,-10.284562359017507,-10.245305301951207,-9.89121519218935,-9.175752244843675,-4.338474666311486,-1.5128636899550596,-0.7144190073855378,-1.4326499878772443,-0.7529199509002023,-0.13312322803380425,0.2895808283204484,-0.5691615526665329,-0.9109650521501771,-1.5194513171966366,-4.19878738618042,-1.5975265884965701,-0.7069648384842208,-0.6729908680868326,-0.8005278797038712,-0.425608506341964,-2.142560293692667,-2.5540501010142838,-1.3197408413620284,-3.026611191719004,-0.8715568182112393,-1.3835303409027684,-0.589640253498661,-1.0397656394108539,-2.3100407831040526,-2.462182820697428,-1.9530481597144709,-6.214278046947328,-7.7080280708976305
