script/wind10m.json
{"header": {"parameterCategory": 2, "parameterNumber": 2, "lo1": 3.000054539987559, "la1": 64.9999836372058, "dx": 0.5, "dy": 0.25, "nx": 34, "ny": 52, "refTime": "2025-11-05T21:00:00.000Z"}, "data":
[rows 0 to 23 of 52, columns 0 to 33 of 34]
8.626082411164615,9.19186029167599,9.365884277250757,9.723775010232915,10.01482149992749,10.369973317562978,10.8137817663601,11.005518988362134,11.137298460673799,11.34202865508637,11.385220154630883,11.821051381023818,12.01653998899341,12.887955766535383,12.042379051967528,11.508348634990826,8.991222299137545,6.383773003184046,2.5646152958667177,4.177448047378386,6.8951672728135485,8.532243384886286,7.175308863334623,11.104667900979615,8.022641613130535,3.0622918464902935,-0.3554660680039634,-0.015793566151572784,2.006453306251016,3.151852577023974,0.9996692168765425,1.3037805945598577,1.4114616708728707,2.5422542723216384
8.20923979974739,8.451710749160927,9.052282120210783,9.014748797407668,9.029662342909868,9.526798647466212,10.07962718692099,10.435428714386152,10.868690562959976,11.210126000480374,11.496063297833741,11.483068690450652,11.853246177638173,11.597273757055934,11.250675524175785,11.049736676395215,11.379046660296742,7.774006427250402,5.188409421473343,11.543710250636817,4.205183699104448,5.93669733863201,5.152741370443197,10.197558273541933,3.661913812136379,2.929530200203185,3.128290475999052,1.4366417854296645,1.0135215127927395,3.8804455502289183,2.495126733620896,1.519448617821696,1.609005105547644,2.2651088868671203
7.733120462435761,7.712039324674617,8.313907288325511,8.899286662090345,9.137017420292398,8.991517968503047,9.370304078096053,9.981258589589089,10.331044444355358,10.587791494510641,11.04959792476119,11.431209495919077,11.549485239192325,10.899098153319844,11.429235580856371,11.86429049491436,6.289339898237243,3.1586738051662935,3.2386630462629,3.9216168953575608,8.96726561818396,6.582001942640504,4.533104237190644,6.281498451971957,3.6129593217089293,0.9885348177574644,0.9613033079501476,2.153863472737757,1.469029786426179,2.0006770027384926,2.8587003609845305,1.9289276307186678,2.192359536033669,2.124981596625581
6.905355707248757,7.545970253445799,8.089163504741599,8.186051472186191,8.033129640637007,9.352431207695547,9.637471993822306,10.558444995421851,10.411876592461724,10.262622071622472,10.271192141663626,11.09513503917879,11.630715189678819,11.030154816352312,10.561346504039749,7.490507611117957,4.439391059035183,3.2745191677114502,5.8802311971539085,2.652838485764703,6.793104823324635,7.504553341582458,8.1437795291403,5.481285656573113,2.018496679835685,1.7261169163777756,3.9509485352979485,-0.6985136469400546,1.3866731841050461,1.3618748730423065,0.9970644605606104,2.7369852191423965,2.0488225598541763,1.7625887113916818
5.9460892072317835,6.703540345060707,7.557063962110995,7.885617689412634,8.565791863029792,9.024187947530736,8.95603250628018,9.321683805354741,9.664062776686567,10.359448111252572,10.579104466122983,11.129885087015799,11.467830861987098,10.610790547691193,5.6770842490490665,4.242961252380031,5.544267859376922,2.2608487817487313,5.054361078546266,8.745293438407652,8.617095445308268,12.08175205123581,4.124910357320892,2.5716226920886553,3.877889698360037,1.1041864493613298,1.8968027084416366,-1.002684652364434,2.339854553782705,1.912385293782352,1.6248383199010628,1.6394001876676674,2.907871027747051,3.2754954833942387
5.57198487950464,6.0015659433244934,6.337340100092896,6.816719294959065,7.233976224332517,7.612901268018203,8.714516526699631,8.809036863283533,9.37627868128004,9.728007818062611,10.753222115398477,10.96928370845221,8.928965112680515,8.468102043049022,3.2832932460971627,3.584627240066689,3.7709252184943045,3.130432074991622,6.433882609117208,5.506264881636226,2.9318912130957706,5.089412048504796,5.193765203307379,2.9145696975501822,2.0867136405399282,4.148848976735868,2.0383560429578584,2.071637074746145,-0.12775751702593266,1.7473405667405923,1.5183598498248365,-0.892723472993026,-0.3103535790420249,3.432843820827859
4.116326442003725,4.501518655793908,5.063454317003689,6.081234866540002,6.531884396793792,7.0971086508526335,8.009705234759885,7.683357901379315,8.308126404843927,8.842050166208795,7.658599959383623,5.30537201889579,4.386012497461599,4.3662276871260435,2.4815398852069808,4.3762835208693796,1.4933083564261362,2.491746146214394,6.931569857003667,6.6459484900281,4.2508605638571355,4.643020990410592,1.2772666474458594,2.99672921648558,2.4082095157522025,2.0189349602430062,3.0368960105043175,-0.10602322583452471,1.4739245357241655,2.12162112940615,2.4269117225774965,1.6128189815624363,3.160549320606194,1.6205834428583377
3.3923459684207895,3.823026699155862,4.5884755117702,5.445176418057877,6.465614247707474,6.466771530183801,6.109279863108994,6.556143237367125,5.378579913274424,6.391956562077948,7.377325476393032,1.288995938415368,0.9781692921232699,6.2653795755598045,0.7296941555807208,2.1837365056288167,0.9152239086952303,3.1134232427814093,8.477548814624415,3.871682124227584,5.577691248127512,3.402915068280956,2.119623450405983,3.269419447291361,1.4072657307468042,1.3739559883678736,1.7321452434294724,3.2055024004808623,1.7337892955789092,0.8097547755504186,2.956830222273956,1.8615249382621588,2.6755269512441484,6.338503614403812
2.4323816029958976,2.887851195851845,3.747624556064507,4.122310991572537,4.319108678945849,4.607700584619709,5.172810567808049,6.472785140013777,7.4527997239964305,2.123574993909241,0.4171930001894438,-0.35483657383579387,3.2669539030542687,2.5880429993478833,1.169611439959894,-1.1713772500874615,3.273728243182428,4.587278004976696,0.4674604483300964,3.317646280890089,12.424771536803648,6.434033719225387,-0.9814457243580315,-0.4439173538845914,1.482388608842728,1.1158514276392606,1.8114074774759545,1.1914416408072945,1.7734560197151483,2.371334416534617,2.1723340679845418,3.202131364830186,5.080802284137339,5.9931831972870135
0.8250122489822501,1.4729974748722454,1.8072954572411775,2.0714287342269664,2.855897596021222,3.751265993201789,4.576250304681814,3.807851971908627,0.6800694601449596,-0.2642685657620394,-1.1750544106560605,-0.17790428120080184,3.5882984550890122,1.3080324289804055,-0.7949674809034188,1.7403954468958571,1.9564714477388099,2.621422905303255,3.3016310191646316,2.8980940602903846,3.3411633351283236,2.8348996302757414,2.058025055251661,1.6448951780063095,0.849035396614191,1.278049460987376,1.468721104374992,1.9696224104335962,0.6259697931953715,1.9858827558002796,-0.038191867034475586,4.07302761198804,5.3084641038434786,5.284826036772678
0.22902431173078103,0.05618245282069893,0.498328325679931,3.415976742482738,3.5856201649539696,4.136518643657709,0.5671250492372457,-0.6658659719579868,3.4696433135717593,0.3900059361153185,2.4638793582757006,-1.3300703969597387,2.9006214714484297,6.07426263437632,5.9490795158717695,2.7152868287664083,2.1912321923120097,0.31703381892336613,3.7333411718244047,-0.3658045536192901,1.5270273962676646,-0.8710781043345134,3.2978176918294864,0.5518209857734082,1.3527447558220644,1.6472260070475304,1.5416047751767112,0.9160076852714125,1.7830889526463949,0.9615241694964006,3.8402616027791083,5.32160273023657,6.319050952636358,5.875643272860659
0.36326407561375385,0.7658642674357672,2.0892847845487146,3.0724255051397424,2.4077443657035293,-1.6438387243531185,-0.45750069132465443,-2.4242656568196357,-1.9810131991642794,2.61917494969441,-1.620612263413815,3.297019377972014,-1.963130779436083,5.608656453214183,4.613111470855197,-0.7815575029295464,0.5621204684607748,5.5471990274669665,0.30870976061588734,3.0382378593674417,2.2643031523936057,2.261739072158175,1.2409114615723733,2.719057928812446,1.2791781200827712,-0.6764768823716308,1.2052219210274315,2.021123804041615,1.2302811258902322,2.4652609021163885,4.173291245371422,6.10779226990704,6.841511941287881,7.366037519224536
-0.3595268407808956,0.004232024607355834,-0.21956622695745642,0.27342926240328375,-0.4211815967759708,-0.23884635520737746,1.053461275011527,1.2271971842991425,-0.5599676171614375,0.8269507647040957,2.922434917118179,3.203710255641119,2.0526112208079805,4.480212402847067,-1.6168027594072287,1.1005359175154346,1.5765234695117332,2.5106130008126737,0.5530805349827338,0.958330474258122,1.106194320444254,3.0567294906043116,2.3280177406779217,1.37051301929905,1.669698412020499,-0.4949609325540862,-1.0555584205535344,0.39424822293524103,0.8921512158822413,3.023504618302717,5.025129055854074,5.750312776992983,7.727727268823075,7.718558201162102
-1.7530068076390926,-1.5451650412890743,-1.4953977416937934,-1.1207360596362872,-1.0076475989778917,-1.1290330711271368,2.9007373403699774,-1.0691879182706747,-1.2625891511811673,0.3567167137892192,3.161738940398709,7.433320518252687,1.6295967834711176,0.7813605544665749,-1.781981233092426,-0.19549270123195114,2.17055120712486,-0.9910721175685884,-0.1968626930791073,2.2501325461437167,-0.4491012565002504,0.572697712626781,2.607612049747614,2.2191020557603447,-0.3693262863364047,1.8117825971223596,2.6146844186798814,2.4772711485865218,2.019807244606224,4.003990664446077,5.232388454819571,6.166218439425622,7.242476262277046,7.466765905038955
-2.9671658473487383,-2.6617273301885245,-2.4093043656293234,-1.360331373152332,-1.4753364921572993,-1.571925621604588,-0.5522034026710863,2.457966828988376,-2.152438368367633,-0.1961022422990458,-1.1496268384495003,4.176096026129948,4.850808506159798,1.9799619164808957,1.1730492583558043,-0.2575042443391114,1.5042065595860574,1.0886473470420026,1.6257053685179612,-0.5287633673031076,3.3701395790763,-0.5546126880269824,0.24258834396258938,2.3085578963900897,1.1496707255552827,1.643467033599725,-0.230748983254209,2.19520383362978,2.5143785923881796,4.003447771636439,5.592063362789138,6.536384442902231,6.332129739701175,7.941377635891028
-3.75355046428238,-3.5858401467207845,-2.6876083302631835,-2.7247195064271863,-0.9100614138045334,-1.2622118979194665,-1.8188445627002594,1.3838972117947463,-0.2744127037131915,0.762120950778373,1.4107570151844848,3.4796633382721556,-0.3789495422367806,3.1923085592334255,0.45504486510957964,0.4005820565344116,2.7524372447153995,-1.6483211259077273,0.6414282878883558,0.15202797344854624,2.9679941100775227,0.34292864213254487,-0.05718721604246468,2.1031053191133258,2.082217675847966,1.9524464385555995,3.1545367839549407,0.6357333561339565,1.8881593969246842,3.986500121412902,5.986690186111791,6.763377225005256,6.966426614852028,8.392526496630463
-3.8282016229160765,-3.2829753496064193,-2.8858736418929154,-3.0821892918156277,-1.086882844855477,-0.40624518183645886,-0.15283782886206634,0.8089919445389117,1.7830436392932427,-0.7170955846233682,3.274894830291473,4.749766207749242,1.1420452831372272,0.6167886682181104,0.6577758663563855,-0.7222298632200187,-0.24481558690294689,-0.31532098285730603,0.32068256217632846,0.785757953883372,1.7024799165960804,0.864205844545727,0.6526567270591317,-0.1470175434716755,1.9364068607120066,2.0295466366739925,3.116434419170173,2.7113344637647887,2.268582648095778,4.611203765885954,6.545973695272973,6.706017461450468,6.512552581671807,7.832204031256518
-3.790623290111376,-3.2783370089760404,-3.165532139622955,-3.6413130467230173,-1.1799053714529684,-0.788977930539328,-0.6892348337273717,-0.2668369418827474,1.4644607609312648,3.333233608968874,-1.3077304709529576,0.19572658934302622,-0.7082066371391211,2.434280704268459,0.9183245287137701,0.10186178176855376,0.023786674386243236,-0.0690589568962077,0.5802995694453872,1.299737350573849,0.5030476179605735,1.2572062923203733,1.2299352945216198,1.9203664665125375,0.815681781558976,0.9184951395402687,1.8763466706954568,2.237448901281672,2.484280764980009,4.165556381376512,5.518929481519572,6.149749598129193,6.249917234014175,6.236217034490171
-4.539386047240714,-4.212451200540336,-4.43777274475174,-1.450778131955996,-1.392877567765062,-0.9973698489871105,1.2690318322679681,-1.287816211642816,-0.8022909244524227,1.9996128310118833,1.9287186216907273,-0.9087457770634788,0.49673253564660513,-0.564873152594268,1.0154916946697596,0.40203778367687415,-0.3581394523774367,0.15939695213808486,-0.2721840133900359,0.7402173985090508,-0.02099120281079629,2.5149063377879086,1.6748773857435861,1.4016869071971347,1.036199208197809,1.1764532687303118,1.9790524199515922,2.3636668299042096,1.865666391869432,2.5434100480871207,3.163695763523893,5.300539468395078,4.513616852569293,5.518199167362109
-5.630225193059543,-5.456596525451186,-2.1311222199780397,-1.8847781888263364,-1.4170393243252313,-1.5214020156405028,0.8284912725097741,0.37546979156820076,0.7684968112820558,0.2615030723950554,2.003363712458612,1.510557331642533,-0.9088349122000983,2.8395252476074293,-0.967012656573503,0.24762424190275623,-0.3898346152893879,0.16885737838397907,-0.09193226771748995,0.7788098452915785,0.38843531839830187,1.0511701531845892,2.30775869126138,1.3863680797786408,0.27097559732383997,1.6948944363333027,2.132804352268155,1.739172030136889,1.9626930333693802,2.0386482775826122,2.4253863255932018,2.594285662337039,3.6049180013771767,2.5309173750832388
-3.1300676607370304,-2.842967870849297,-2.5608766435904675,-2.775699454602576,-2.393058702107461,-1.8834390372536198,-0.2692707360041877,1.17772516794435,-0.06208109947289609,-0.36000008395177985,-0.41782215351278595,1.2982397752230659,0.90997039388955,0.18924820744443546,1.0485830235465115,-0.026712574216454288,0.6008318250798352,-0.05347467792107552,0.5639315065839712,0.7694638194744191,0.43278047268608133,0.711265827675481,1.2981623828707183,1.1086895365050502,1.241949676676235,1.9441136553251268,1.9743424731186308,1.9856157658463918,1.9714198652796415,2.1549962320100495,2.8017504270771667,2.4497778897895905,3.505543011367716,3.8554001405422613
-3.2818299812312564,-3.136619857241748,-3.446532488936528,-4.030359781779151,-3.8844719993191745,-3.1268446090879687,-2.1272130949510526,-1.9207406062244294,-0.804078885794487,0.3242684560839073,1.6454846413589523,1.7808998006709191,0.3542327533023824,1.1238959284312249,-1.8022464353742278,-0.7517082830765954,-0.2653126654954474,-0.2724531981579451,0.4390088771904639,0.06495529999495599,0.8435722661658972,-0.016241618785324388,1.1588450252927798,1.2642736202363791,1.6184602641507988,1.6844001662822197,1.8804302018527206,1.8151664277271964,2.5414215942623826,2.9754825824990045,2.322982534670472,3.319071398820929,2.1729396823060085,5.839510601836942
-4.004281014949352,-3.8450591924944457,-4.725363480875976,-4.924976016310902,-4.5962744949953365,-2.2066371626845136,-3.109624465193538,-1.1301214740618084,-0.24449136005621847,-1.8425257117443579,-0.46202962443543566,-0.7839466742960202,0.9522496795149916,0.25112060604434755,0.9380810197932524,-1.0137195931309986,-0.3612727787593652,-0.1651715052443723,0.3148488919761385,0.8904455935664649,0.6937499178490987,-0.023532488186394265,0.29134411330104876,1.3629493939487167,2.406305903256583,2.056007659698289,2.0851961520208038,3.29126710734876,2.3630888248832407,2.1850290350373016,2.4336747646805073,2.966504897048659,4.904964635701536,5.2804040844610425
-4.551994810783323,-3.9259012944391865,-4.332580966614044,-4.378642671459935,-4.4614671780032955,-4.128153060228544,-1.1360709915074745,-5.100091991319156,-1.4063251295387704,-1.6357533320323236,1.2688467549698874,0.07561047064498297,0.5392718781468284,-0.2048044365718592,0.6291400125004026,-0.8753109191611013,-0.32281286483435706,-0.44958096285207144,0.021478998185665763,0.8669788899261645,0.7547897984645388,2.526570237537492,2.4642408193732765,1.5425629872488846,2.8363880760654263,1.845124330145753,2.8244882295092077,1.8391535423130645,1.8526583563217909,1.92082042306004,2.4292186295922087,1.7635391515598031,5.072986601244139,7.569090824378663
