script/wind10m.json
{"header": {"parameterCategory": 2, "parameterNumber": 3, "lo1": 3.000054539987559, "la1": 64.9999836372058, "dx": 0.5, "dy": 0.25, "nx": 34, "ny": 52, "refTime": "2025-12-21T14:00:00.000Z"}, "data":
[rows 0 to 23 of 52, columns 0 to 33 of 34]
1.6315068669365442,0.28441218199365925,0.2553603637735772,-1.1213946936791537,0.3734579945558855,-0.3749737714109969,-2.0970300465595746,-2.184107255610583,-2.649451085205354,-3.263454017711853,-3.175808838056519,-3.7702076624340424,-3.9214488735703577,-3.984490761002929,-4.565623177119735,-4.623245177821372,-3.8795135587919605,-5.035475580259077,-1.7551224938310532,-2.7135587151628737,-5.014567499530821,-2.4991731078599915,-1.4079889175852225,-5.33717342689379,-2.9390901852057874,2.3765260833817146,-1.174721096731572,-1.3797124216264134,0.03135875815851581,-1.6096173942977618,-1.0948623928181582,-0.4468787133834288,-0.5618398463510278,-0.9454229830623878
1.3895673460665514,0.6898912436557116,-0.033118640669412606,-0.926132318609441,-0.4009350397775381,-0.5873440199071412,-0.6258646510564547,-2.4369499596544033,-2.266844144314926,-2.6198153533662847,-2.729127020173598,-3.9566513409206934,-3.7969725766464557,-3.6687262768378504,-3.9364554195560766,-3.9559714938134922,-2.902318302499998,-0.6417207470725926,1.5271084058102653,-2.7298438655421755,-1.0707853685369695,-0.5439635425884644,0.8030538384915178,-4.838223885608077,0.053289992109383774,2.016707963910052,-0.28544966255277376,-0.34987873235566014,-1.399223136920987,-1.8435630688434415,-1.57173866443642,-1.0013809139333218,-1.3256538405179945,-0.7650431176112813
1.5019249874887024,1.6618394425624012,0.2840086365477382,-0.6853540471063455,-0.7750409948551581,-0.8117859235217706,-0.8233906825975184,-1.834881609817025,-2.7447382573593733,-2.7261579418094835,-2.7331569997204506,-2.055777991871548,-2.8251032855960823,-4.158582798508992,-5.579738354455035,-5.181451920878945,-0.42641662264771507,0.2587800600534659,-1.2602561257855978,-1.5929798930239492,-1.541904564042504,-1.4417815961839482,-1.3088406981022889,-4.213425338932943,-1.6307834151083784,-0.37281570758411825,-0.18905980645128936,-0.997178844766451,-1.2453601139779331,-1.1392321077634846,-1.9639859521124172,-1.219801909354442,-1.8815476835363978,-1.7204476331560716
1.6087334078700957,1.6447832632183115,1.3088045593481854,1.0277522424500776,0.6851288979736355,-0.815462300394571,-0.1877549275140225,-1.0878782287628344,-1.4979159411412215,-0.683138077825015,-2.2065436693445286,-3.2293812319856765,-2.8872953497341416,-2.2556597704067074,-3.835484325341345,-0.3609912728936012,-1.1443624539531405,-0.7905962071456543,-2.1444242794231276,0.752536961111026,0.011069330650001357,-2.904014245155285,-3.5187256193245107,-1.2177190292366298,-0.3579606210119794,-1.190309722082981,-0.4245751004495891,-0.5790502706532331,-1.4540836137665085,-0.9833539667218053,-1.4090522006174262,-1.2673254547636201,-2.103421125418506,-2.6699068721750803
2.920865725367873,2.3733165653457897,0.9409751603395604,0.5920633737939803,1.638299282092523,0.22034499773236102,-0.1705882853350157,-0.6524316171676526,-0.399973375310866,-0.3838382163836993,-0.5738549556617322,-0.843001558921656,-1.032886780463553,-2.228835724245438,0.43486001202501356,0.9774400169836556,-1.8886607463595397,0.10136067136762797,-0.35819414475002964,-1.8429984339634824,-4.032269517509947,-7.4460535655733695,-2.126210524519225,-0.8883681104492088,-0.7235311654029669,-2.187610106319234,-1.8205789513712898,-1.6071936552922734,-2.578183764701833,-0.4319275488735105,-1.1696892956191693,-2.3944614233526837,-2.4779839301685658,-2.577493814619657
1.837675957728486,1.8810240406885135,1.8366740067910496,0.5804124055971364,1.1068903569554402,0.9060932838620557,0.9819175074844567,0.055382121523215234,-0.32115173804756625,1.1435042205781807,1.670439564531831,1.326176821360392,0.9751776074006505,2.0944493582425805,-1.0019773308232929,1.3018567924758615,1.521872491981867,0.8443743482082248,-0.6212801473942547,-1.7930471364271987,-0.8895919344912925,-1.903740158717904,-2.215940663133392,-1.3456621574169918,0.8815083562935477,-0.947133485108525,-0.42181603179468913,-0.9123068255321861,-1.3936384874079428,-2.4423231495250994,-2.557539119847824,-1.9484535535264897,-1.7940815858949108,-2.0807405003359714
2.326002383633104,3.0314662605810163,1.4680796778584664,0.9041966559852906,0.9798349423437271,1.0532309294097046,1.0256665175315869,0.6953576607840597,2.7714322979875807,1.3774428788418616,1.4421766464508445,0.9049877506491375,-1.1101785930758585,-0.41455097220288545,-0.7564113467730814,3.134765471952911,-0.1211025160430323,1.1966019633869025,-0.14842921545232104,-1.202449725717,-0.25442810520977405,-1.8366109481197617,-2.2414478601000773,-0.8744768562219796,-1.81847454360621,-0.05216643398833009,-1.1598890762061538,-2.049979666230064,-0.6754628566920114,-1.357908248897395,-1.1032190353292062,-0.7150418450412883,-2.091391604559052,-3.6209018187804776
2.957534870634133,1.4318076497043684,2.291301527086494,1.4810418149154796,0.33128029616000443,-0.05484021387067018,-0.03572658906928967,0.854334872414599,1.5718924384888744,1.1403333009259717,0.377617868303363,0.49047129037079407,-0.3614744961756092,-1.8310324297918688,0.35612861154681624,2.216391654350968,0.018620640263002506,0.5212108508823599,-1.6601870056682093,0.4447359616931563,-3.355960575833164,-1.2481608952961691,-0.28782861152865236,-0.12348018623901034,0.045401374237348614,-0.35142715467409563,-1.347574205718338,-3.193045163049621,-1.7354048255115762,-2.185130155582313,-3.1008824341706984,-1.061687941533811,-1.3288993261255853,-5.679411642899649
1.1108353524112802,1.9384730966320933,1.1628152928798479,0.5148852066569934,-0.6423959076501966,-0.7039052069540996,-0.7836634666895819,-1.3767185638660346,-1.2627384991261406,0.9906087013592464,-0.605291427111995,-0.8557610184719512,1.3637136608504405,1.1811982962444598,1.3422344354792322,-0.8009458794223127,-1.087595361347509,-0.7270798500154988,-0.4599401276839762,-2.506276419946793,-6.4544457388159815,-5.662403125415431,-2.600553172656693,-1.7085849939778526,-1.0087410833813784,-1.3900321385190484,-1.5043096141477694,-0.055923245172361434,-0.6593041759536956,-0.8980549649319806,-2.546996258066412,-1.3775006773739296,-7.043091121587761,-7.7657179383362465
1.3959273644243504,0.5691931084946945,0.04661989245285472,-1.0424434790118504,-1.2678732109895248,-1.066329668749938,-1.7479441821100592,-1.3022013154708718,0.2668669573733093,-1.5345826961053715,-2.351988613390278,-1.0056006824008343,2.4335258771109327,0.9885314038355552,1.5405222601802613,1.7717841349113421,-0.1874461530313561,-3.429071603569022,-4.535831381904383,-5.1338140653238336,-3.4012419290726927,-1.484412720384261,-0.15223163858790373,0.37189666634551327,-2.3782493137650547,-2.14400875837153,-0.9193508681722993,-2.8629291237705115,-1.9639450215335843,-2.495236703229692,-2.724054839026882,-5.199785412547993,-8.287148580172415,-9.801000452972962
0.7028550512646936,-0.4045864250075594,-0.8261247113927986,-1.3062546796043135,-1.4428413575256744,-1.7024412269973448,0.2868397347412953,0.1210962674887179,-1.3485777626132227,-0.3655323021931431,4.277137299805098,1.4722422202908438,0.47502402428569174,-0.026124803215443998,1.0852511597592187,-2.1060397799895854,-1.863356226005404,-0.7557212979192647,-11.290284653560782,-1.9215743439752637,-3.535222169012753,1.1111121806982258,-3.5855739003857705,-1.1935530674983588,-3.0637183760428925,-1.735912475891948,-0.45555699422768553,-3.1275250150603706,-1.337770327889743,-0.8099482970069425,-3.2106151583589737,-9.125562126067958,-8.618143929806543,-9.780303175278625
0.3654578295013495,-0.7972194043473189,-1.3017109614115845,-0.8709263431024143,-0.5552286283003445,-0.020527676553468942,-0.5979877352376122,-0.3150115918157745,0.32129826700492786,2.5165092330943533,-0.8997400230845355,-0.9279391252191246,0.3342769499025034,-1.3925675133124973,-2.3843171579276117,-1.7459861610930099,-2.7775877835090332,-7.083625994338155,-4.096448759139091,-2.137945953283291,-1.6193158243742072,-4.242164144631627,0.06798693564177363,-1.1356126287152055,-1.856359630510409,-1.6989095530927683,-1.7636841799976886,-2.237239069241348,-0.896989600415212,-1.1368303401897986,-6.2234432530998784,-8.466659281259721,-10.347044857425695,-9.741679266529776
0.6879008335030022,-0.9798784415254758,-0.11474960509264595,0.9120897185112167,1.1381083686826354,2.0642248521511464,-0.14882525659485982,-1.4844272628640862,1.3730429245971987,3.312323690068914,-2.330279702019558,0.5666005907020464,0.11537678875877679,1.5731345204902532,-1.1988427426940353,1.49737101590935,-3.72328862751636,-1.707546700936726,-1.713922718173697,-0.4379043192860372,-1.7857561956252814,-1.4289582396925569,-1.6363523260413262,-0.5756436065673172,-0.6858368645294756,-1.7785548586961972,-1.7423217053757338,-2.453422989350183,-0.738981647718353,-5.5399039818617855,-7.474763895406161,-8.722182870353343,-10.18308420901601,-9.830927950000842
1.901984168878946,1.2450399133391286,2.005077981472744,3.3445955118119604,0.1795673311553841,3.4182024791516326,2.0900470557564703,-1.7374410101544862,3.2942817463197414,2.380043016162378,1.776788285970273,0.5765057862104224,-0.24997934019225898,-0.2970766146663745,-3.175909372877229,0.3166314837894161,-3.3655604056204917,0.27345018270006544,-4.6574519716413905,-0.2656818191140505,-0.7521802475844377,-1.3613562425935204,-1.1053953119111217,-0.7566836214747557,-0.6919233293538777,-3.286071257594518,-1.5320015620007976,0.6031139177189815,-1.4669007460733765,-5.564581706319646,-9.324071251744241,-10.30136712892432,-9.481222193827183,-9.655446695582667
2.949630869977298,2.4939033656391922,2.3348892319163466,4.008174201129891,0.3502107509835741,-0.7210867704179815,-0.2809558375165897,7.2665136313959895,-0.7222648344377026,-1.371558753045458,-1.8646215114582343,-1.530183764674927,-0.67066274739963,2.0267205748622033,1.0358053743235711,-2.567135717686614,-1.3663376283188249,-1.4949096041827665,-0.6951933683336826,-1.936309347356347,-2.548642956545816,-1.062210207832586,-1.7609873448720563,-2.3225619080561533,-2.215242152787194,-2.0501575763807818,-2.4052499378165924,-1.726420822565893,-1.7130572024490676,-5.272078752412391,-7.291670552304709,-9.955985609874576,-9.839011971743384,-10.160022544959551
4.031073670782757,4.008329377313314,3.2450363412718213,4.504874420626326,0.1829710989028362,-1.520277095841038,-1.7150846720355826,1.2738397585869554,-0.7044432140248174,-3.3170416130092706,2.6989967363677794,1.6507115488563173,-1.9334591667077283,-1.3824380709348123,-0.18784968882006858,-0.39881650332718066,-2.8986222158086434,-1.3534030791075287,-1.1004105553878212,-0.8132107998807752,-1.752751306881517,-1.9440820894590896,-0.19840614975715667,-2.4444562187558945,-2.2417444302111162,-3.016839282382107,-1.3777437301845836,-0.26849070321905366,-1.1850646319672515,-6.647725822330259,-7.23187381048592,-9.009882053940858,-9.191543103400337,-9.12505853388148
4.587137184181942,4.179018636451416,3.499753061260708,3.9592719754341634,-0.13918522343318998,1.6939794751797996,2.5964608602982087,1.0160115492166268,-1.6332757537871772,1.3752164007619732,3.916460160378279,-0.6596694173965918,0.6080501094393077,-0.6467359001373715,0.06752253390432376,0.546191113586969,-0.5947951126050713,-0.2754548035797962,-1.4118726659019594,0.794950154085624,-1.117735006543964,-2.422515113475784,-1.8275430664001178,-1.2542614424239225,0.17218498616709607,-0.019548238844975335,-3.0916990242829914,-2.6130044939044197,-2.647295675076132,-5.527530505653156,-6.469204096430623,-7.34537943109095,-8.312890846949823,-9.092438485716132
4.521799225759569,4.284799618108002,4.295714833710508,3.497833311405516,-0.08891326908472298,-0.16532803504955615,2.839671827526549,0.9799836231484226,0.9346033445258598,4.279257363985124,-0.5966442477866559,-1.643906529531519,-0.6843973119069298,0.19311357356161893,1.4288898583609033,0.3607847014363452,-0.9520576087265633,1.539369691495479,-1.3251831239920362,-0.7280045842169809,-2.1102939051864844,0.3164267005641725,-0.4504289065012971,-1.1233711736574719,-1.4464991769193,-2.5574708359115563,0.24687262428058046,-3.011299556113715,-2.02288880410975,-5.73563106914103,-7.429186398331747,-8.073536744027702,-8.209634202983207,-8.588369485878111
4.583440701785172,4.115879088954449,3.9806558989812597,3.746491944487952,-0.23169842698336576,1.1114822792667414,0.06730407248550033,0.7231414732360044,-0.5491642177798388,-0.8822458924855051,-0.0789635604501035,-1.010405260726933,1.3893351267079976,0.9708525761702025,-0.9571026779189349,-0.1799674170717655,-1.5249743329431096,-2.307645106853398,0.40202348952606337,-0.7073428719566633,-1.1406075006245673,-2.7990055451843086,0.08628007919855087,-1.347846913442446,0.9718012524674173,-1.6240548274054054,-1.9969201443928501,-0.690666322564717,-0.4429350663913514,-1.0760608060980943,-3.780353859276765,-7.761624357750109,-8.835734248720048,-9.519024778442812
4.3060802796120905,4.016044210772435,3.756572890823784,3.8066486747146584,0.05428514528469926,0.1642328885864694,-1.37248690674186,1.4186817723064933,6.698833446096672,-0.43196061343114894,1.0630616010742975,0.3104773704522325,-1.5102387452208985,0.2184324631115037,-0.3077844783491842,-0.7599417193078727,-0.8881501420111543,-0.18048075291890517,0.8268993551768972,0.49350665633490526,-0.9034359613160652,-1.6002808242795967,-3.0361001061565562,-0.615414238317643,0.024242696332914218,-1.3127790667793906,-1.4342797306840545,-1.9281620678623452,-1.1916719082436835,-0.9635837735923453,-0.9688148907776376,-2.6375230986125717,-8.550993308043493,-4.819127782800543
4.62109346660055,4.082529022126199,3.698519679214696,3.5514307345395846,0.010179359182175657,0.4764751868002473,0.7014886417034986,1.4910949170625232,3.9933299433415725,1.5183676043479515,0.5301787681574527,0.03522452457705312,0.06906288742206444,0.11976765353195386,-0.3056736420235886,-1.21007238152644,-0.8489335883625072,-0.08024248806838863,-2.645819047385243,-1.8331938675722819,-0.3679450767662144,0.9577874104245567,-1.9797900772641357,-0.9057178773444398,-1.3238529324212567,-1.139646323162972,-0.7900647101036555,-1.388007766318136,-0.5696688981080786,-1.4349047569232816,-1.2036976568138074,-1.1613749731446967,-7.236049827208705,-9.822224775114668
4.790049121182772,4.401495483081394,5.441772529400429,5.306735978943592,0.8063408136375334,-3.0864386686012697,-1.5278249186340316,-1.6376989828661084,-1.7786681446968295,-0.488562387143802,-0.8242815488793765,-0.07118514876308568,-0.1601349130437821,-0.8721534762655601,0.5028211109476053,0.32648708717066816,-1.7052277687063835,-1.5164850872535676,-1.3186735974811628,-0.7035869393110767,-2.298521207932055,-2.1674329615696517,-1.861857175862219,-1.3631238200125748,-1.7284321645297394,-1.694353230846854,-1.6958804283009399,-2.3243751868213676,-1.844418101989166,-1.9868072491038626,-1.3029262350975885,-1.7643463274777347,-1.4669249273620744,-9.885905842486624
5.368265871352213,5.012027259469616,5.35772801055716,3.2836215528222383,0.09801507529910426,0.7593122542802382,1.1242394016739634,-2.535228209747602,-1.402982530898514,0.42381660542420224,0.21749084405995953,-0.6946249349970538,-1.76702655595982,-0.592823651776883,-2.0685308828918365,-0.8275351999047122,-1.8103681097754796,-1.2645598061476886,-0.15573000187981817,-1.1898215552644613,-0.9814123465342363,-1.1762516887282717,-1.6544598652402032,-1.7037546792336904,0.1463293971769133,-0.8576160403824731,-1.3598073901115213,-0.26217719247303245,-0.4022671605721989,-1.2328606115237912,-1.3851488382355877,-1.8600904961099645,-5.8767706024766415,-7.930323265781014
5.547774178248126,5.354494560979018,5.485272527849619,3.708526364851175,0.3364733519426206,-1.041759785965284,-1.4305667435550602,2.603488697241454,-0.19139408210718045,-0.3831371601367416,-1.6218072941604582,-0.24115727934627362,-0.44135942502371933,-1.4815607647688052,-1.9458517490869547,-4.110682668153914,-1.8198917648970296,-1.255870169287372,-1.0388203779050917,-1.5064213474108632,-1.430985146879587,-2.1540799204546572,-1.563106200902935,-0.3993954427117896,0.948715841219751,-0.031976654888261916,0.17723701280134957,-0.08596867370888671,-0.5348189414518373,-0.7240776137965262,-1.3393715859075968,-1.2592978384378382,-4.665066588768528,-7.693184829091958
