script/wind100m.json
{"header": {"parameterCategory": 2, "parameterNumber": 2, "lo1": 3.000054539987559, "la1": 64.9999836372058, "dx": 0.5, "dy": 0.25, "nx": 34, "ny": 52, "refTime": "2025-12-19T04:00:00.000Z"}, "data":
[rows 0 to 24 of 52, columns 0 to 33 of 34]
-4.763193298018832,-4.711813081475866,-5.682010714839057,-4.8987374134050725,-5.362251411479039,-6.015042640125655,-5.8040529411177255,-6.227565374221413,-5.981234258349999,-4.852565520256284,-4.474730506569409,-3.6888655931817493,-3.62442641805113,-3.2161221196028524,-3.9201690466605577,-4.907845992555156,-3.7374332585831196,-3.6975492893832116,-4.749413774822828,-0.7152423173342768,-0.8966475197521878,1.1300090439952133,1.3328687421258367,3.2208191065099654,7.772982576754368,2.8882699511166705,1.8267145951223176,4.297625496068952,4.855545351895154,4.623909992792825,7.344121011526915,3.766413723660894,5.891096789769977,6.151266413042196
-5.16383968374481,-5.251761760059207,-5.797452907184277,-6.280031380648523,-6.162222692456005,-6.000988821127036,-7.029366654206487,-7.717470886700909,-7.971952743998769,-7.509242098318168,-6.670144766899744,-5.464033677781493,-5.9476635846084855,-5.316191341347226,-5.89123244350898,-5.7314756476133,-5.145642739802542,-4.932638870045443,-7.527311495176238,-2.67600767953487,-3.597134276014279,0.6672019855581406,1.0847674196460177,4.991523387502397,3.2536142074581176,3.861542222978126,5.582729688089275,2.0436242178004704,4.922915494199499,7.291133869222021,8.427458773107992,7.507501622814314,4.664292525807105,7.259318046329985
-5.697745287685998,-5.564502216046793,-6.0804588156765496,-6.589657743368334,-6.269967870267805,-8.425863493502542,-10.870009986946481,-10.723074531049354,-9.899123794136216,-9.660285269834306,-8.6468472338777,-8.22138742459743,-8.479290973803444,-8.167532029931383,-7.572124831764168,-7.53602053495994,-6.712191353668558,-7.892677365290148,-5.62264513031316,-4.189352501777143,-1.4877940177295905,-1.6384514944143,-0.6171318581047884,2.6946168657408207,3.0267444672157415,-1.0107543841547355,-1.2719999751624187,6.713684774256528,5.040736993510473,6.383683468816847,7.656273155947918,6.66511255460874,5.518966834809296,6.916327952831611
-5.365558813375443,-6.17248841838233,-6.268693720392384,-7.743997733607254,-11.423764912388883,-12.177168457594695,-12.338688129827434,-12.025552518700795,-12.874818095386225,-11.789527799741867,-11.196178876364868,-11.37526790065064,-11.60919542951467,-10.459437869847902,-8.39151963981052,-9.998537698409576,-6.234416962049193,-7.863198780902499,-6.676524540962286,-3.540622619208729,-3.53696908005084,-1.6407768429954481,-1.9547335126877248,2.9949770486493317,3.2660483535650253,1.6634710035921525,8.263597613784109,0.9441379342343682,3.7186701823939066,5.3883814548630555,6.675631617996876,7.608597012028021,5.190818838341807,6.966031477851943
-5.7297163656948555,-4.137210925583472,-9.052320166758427,-12.3988303355568,-13.04889360818116,-14.288812449782444,-14.4472316654235,-14.8110740323326,-14.725560689860565,-14.33434318121476,-15.411684115440677,-13.33036978142688,-11.369264845576314,-10.981872698723905,-10.8016416093587,-9.879140984095235,-5.397286284155102,-6.171161263628915,-4.989455732621078,-5.43351355830508,-5.759215250204015,-2.2194960171545417,-4.315806472679396,-0.8133540249379422,3.565756998963857,1.031712038256248,5.290134924112997,0.9004173025119574,6.128694312312812,7.267348182108994,6.497458663273687,6.145882295181323,8.384256788142636,5.542280919759453
-7.793594969270098,-7.562346029448614,-11.048381727171456,-11.999517694330493,-14.448052935295989,-14.750404956093966,-15.836204857477599,-15.056797637654116,-14.266027883937653,-13.278903239488939,-11.478262169307744,-10.412232724832446,-10.587646752012864,-9.935084912603552,-5.321634114881747,-5.989221616126114,-2.0631448149216314,-3.074126051831859,-4.4505785594945975,-6.772886331346251,-6.875326014597374,-5.491618458914947,-0.31079027048465063,-0.7669984978059742,-1.6872200987029704,1.250931394351102,2.7799641755965836,3.262508573429803,1.4238385012757053,7.275847019692841,5.93008114259878,3.150702373596849,2.323630921728288,5.066354251011874
-11.89416408213876,-11.911038059254285,-11.026321364022031,-12.797799945054647,-14.35505713521288,-14.279436586546936,-11.968159829631407,-11.16310662394632,-11.34726505184063,-7.801964673398135,-7.040607167435985,-6.813985366314979,-6.5552383122208076,-8.27990725799124,-7.3554580021618,-3.7490679397900704,-2.2824501303762728,-6.553724102147458,-2.8913420027536367,-3.603348682685712,-0.7924468968717988,-2.4469677959158207,-3.1496349925541662,-1.9759610333031916,1.2229222715701904,-3.038940801988589,3.182794086867068,0.5515028341404679,1.6631054734143917,5.776725662960366,4.854155740625028,6.413465716127931,5.574715295193717,4.456008640627071
-13.52236691096159,-14.194964650049052,-13.488436891169913,-12.232009933990842,-9.69757336801694,-9.356438112127808,-10.04075460556798,-10.58828786549177,-11.152783086112125,-11.29933993901832,-8.527718670247191,-7.103383833248196,-3.7362488404407586,-5.830968149461867,-4.415857643891705,-4.693580323185568,-2.9590431169269347,-4.21726285869368,-1.970724660074179,0.5841567817667581,-0.5176663360343063,0.9733470671112681,-2.211611934981001,-2.8267705931088654,-0.7964198860184939,-1.9500804823376805,-1.2165967390861594,4.6744692824940035,3.561217263155731,-0.93587658606148,7.662910164146225,3.889857988731306,6.06970771030049,6.906183860476159
-14.432232435642707,-15.152068027926367,-15.06270376755807,-13.085714046231205,-12.468041761389408,-11.694557911479762,-11.602678784588315,-11.180173221724093,-10.5924041448424,-9.007458399151641,-7.9340245722866065,-9.001210675910428,-7.023731083410717,-12.37601362722718,-7.536367656366791,-8.389345700819698,-6.420670217787909,-3.224157607903712,-6.883081746840062,-5.691225791504624,-0.9020341341043959,1.602399243257926,6.244101286646291,-1.394710754434872,-1.7238372980950043,-0.9381583165364265,1.2630263535969732,-1.001259515373979,2.7098488011809576,3.4501718466347784,2.9739742709443284,3.183766766519639,5.160780355981337,6.779809436532037
-14.32362986180215,-14.81407974181044,-15.106792823526886,-14.43920509119995,-13.964883320215979,-13.064850701194564,-12.432718928711841,-11.567476875349755,-10.98287000432167,-5.037749743132276,-1.712500189346422,-5.353472800890187,-12.874139388785503,-2.7606725235093097,-2.551215847927799,-7.367472143065355,-4.86453086450196,-8.141635689053714,-7.976800991906947,-4.853432795074019,-1.7783541697455538,-1.2545202549573338,-0.368543583992781,0.8002318912314746,-2.627129661013992,0.4411703169185212,1.847287420368593,2.8684116906119077,3.069849899210376,3.0473228236754664,1.2906786318397483,3.2881246205515193,4.894252750619476,5.272067820382817
-13.582371575105723,-13.703294256461025,-13.32122972284298,-12.37575744787551,-11.01385711845777,-11.166049932571614,-8.941783272526543,-6.975587079518654,-6.7275674987100125,-5.1850337585925885,-8.893913757531642,-6.103566275774294,-6.399330869167401,-7.307378127330713,-9.75261649676498,-8.262435692068163,-3.4051249760334663,-5.71872617129884,-7.167594892829838,-2.309551795573537,-2.8167305284598787,-2.419517966737626,0.09753611155238799,-4.0403681118875845,-2.3626253547515876,-3.5550027693695996,-2.525484328247862,1.4456466978761982,1.3356493291361022,2.1694681027613556,3.1917494486926885,4.231251633391526,3.729573612705418,4.051891090306039
-12.191965116445695,-12.51373117018258,-10.905940683431096,-10.679598117365371,-7.603690102586981,-7.5111060404196675,-6.112408148090618,-9.272931459414298,-3.112129518824871,-17.163139639008648,-12.175697282030429,-8.717970366893576,-13.410063683335602,-5.120147152498925,-8.845718014844763,-5.663500609182946,-6.667854381577246,-8.202557305304456,-8.542489041801513,-3.3103600824278328,1.1574844723722226,-2.3269536815498895,-3.299440207187004,0.662686136168617,-0.19705747679270935,-1.9169085571307194,0.7697868481209873,5.737107443415506,1.9018752071220921,-0.32056312166018447,0.7858356244215021,2.1510638836942286,5.039093231488127,5.998813217967041
-11.443738612616459,-11.300544137899887,-10.525457957908573,-8.187953693062042,-7.182016617515461,-6.334926686011694,-3.273867821626831,-5.423081732282938,-12.41789932063212,-10.155763119724847,-13.307242511975815,-15.940903455941548,-5.983677068405047,-9.41050710506517,-8.387487852316276,-7.918252716638299,-7.526063363039312,-4.60782859838939,-6.903959530819614,-5.479627222681157,-2.575745067448803,0.6792706298486398,-2.1069399930013963,-2.4230353824747883,0.44675001219180016,-3.0279582621132044,0.0995421478706484,1.5890902847567883,0.17841731560902038,2.2185438952491983,3.3844574326102856,5.263608339500743,6.1240000916029755,6.845597714755092
-11.031965129905211,-10.866385857158233,-10.548530957650934,-10.24151618560508,-8.123985247293152,-11.590812046343808,-5.0500413629592265,-5.873667668578047,-18.563344931440938,-4.696131925940763,-10.047587444440026,-11.7702361834978,-6.359845373941447,-3.8375153516877667,-7.935777425245278,-5.4020484305875955,-8.20459309743682,-7.618286327626226,-6.802192197766448,-4.91809286073492,-4.195841041363434,-3.143181269217346,-1.1739712672879485,-0.6363392728782784,-0.6733538680749325,2.638719432749844,0.8705646162590008,1.45315748457937,0.7222386436623851,2.10018327203551,6.38806403798624,6.164884830371971,6.81182710820645,7.36894296801376
-10.60157731362726,-9.643883962818437,-10.427679193361602,-9.971221825156944,-8.057869283880326,-10.676805993115625,-7.220363859904295,-10.972623889378323,-8.44184714582614,-5.457454135422731,-14.182925023544557,-4.905970558343216,-5.73266455192997,-7.5501172354806805,-7.539426018384792,-8.12932613083878,-3.8606779846660295,-7.116802440387284,-5.647866690382252,-5.191446491782361,-4.64416949132388,-4.530168097090099,-3.5268965184729804,0.042643732325210744,-0.9537126220089581,-0.12645797513932228,1.4582248219029634,0.9214452395613181,0.5501292106602866,3.6721576883094316,5.708814557251361,6.091850561042426,6.451050366784531,6.981697835920239
-6.893915897412401,-9.772088166894925,-8.934424668285706,-9.914615678457379,-8.532469198769054,-7.9708735186942485,-9.864847500234884,0.21786959299111622,-6.426256588941195,-8.983340347228564,-8.819368805683842,-9.819461560047177,-8.288218486228455,-6.88749905313579,-5.3802732764541945,-9.682445021997575,-5.754839858992378,-6.249361752971048,-6.479960895429698,-5.8894659859493474,-4.104777799312808,-5.014950940078363,-5.351724045441637,-2.501614570749458,-1.6047740454917803,-1.3617130308365375,3.328862673210479,1.0645785253786313,1.221820495452684,2.9976280871228664,4.311139627162124,5.31967564340227,5.848568261271877,5.812316056893139
0.4003013543078482,-5.71066143742599,-9.044826134583424,-9.395531527086165,-8.203348316176854,-8.692367611853022,-10.65146668508829,-6.261173098937687,-9.204564249002459,-9.922779664648491,-9.700623246704229,-4.831136550459996,-3.9118943352938653,-4.623960025092561,-5.144640428579012,-7.992123398528706,-5.245662932634541,-4.898060795976111,-5.2653697862277635,-3.1919334341673777,-3.1447789758476348,-5.395197710535446,-5.235820046776588,-5.670463275034531,-2.6437882810235456,-0.6685480288190487,2.195062141158895,2.5021344653773623,1.3956882918214437,2.042207889040307,3.036160562035666,3.4355107389156196,2.416166900950422,3.3522469567536803
1.5098199747069403,-0.988832909438912,-6.83874429193675,-8.625444333815334,-6.757496712710735,-6.248126443443536,-8.271332903698653,-5.621836223154913,-8.876251932858734,-8.295214212182328,-8.94945721278464,-5.056158105632406,-4.02381720964397,-4.179324081353472,-2.8485220512361784,-3.384742173432208,-6.879736326309437,-3.294662726309186,-4.436419839444562,-3.9223874958310536,-2.6893608052152853,-3.1365327423194405,-3.4646138405597746,-3.6156045000883856,-5.046000087109974,-2.6469246466436966,-1.9505238590851088,0.006204218964364967,0.9216716916449799,0.6709396738385769,1.0265295821841567,1.6006256882159906,1.2676037181085213,1.45730915885486
0.7002550510635418,1.4067668261736268,1.3836771006646966,-7.844648507084351,-7.3269050146653,-6.175664643464284,-4.072680045076793,-6.554305640481123,-15.431111146736392,-5.5389091181906,-5.028350244997681,-6.628204815416501,-5.641625032738313,-4.059941273198467,-2.46696413390752,-1.6242268734518992,-2.9273845364194004,-3.8218329986115465,-2.167209723175625,-2.7564766758240564,-2.249084652043701,-0.5716201964442765,-2.4374667672192887,-3.8052872133608244,-3.5947276889532174,-2.1965217777262613,-1.9498865721994318,-1.523964744134778,-0.4978868116354974,0.05432347735443914,0.9051859304054667,-0.010668525951283538,1.5417684864190395,2.127097415226285
6.008490921655582,4.026377863547819,3.642985551175819,0.6205306910684242,-4.896027473152308,-5.010419056223323,0.24534122613126544,-2.210812926139939,-6.714153195619276,-4.528384440866992,-5.98233876488562,-5.705363690347019,-5.784663072518849,-2.198658219536187,-3.738357009649547,-3.1197371602276833,-2.89508482460841,-3.9565004570341804,-2.628216040005463,-2.735554130927585,-1.6950408199845253,-2.297471607160016,-0.8034534348292296,-2.2606177817864768,-3.7452285714339837,-2.345080478816335,-1.3976436662155816,-1.2436942589536413,-1.5831782683905868,-1.8306559996949485,-0.7068180118070942,0.1357510320883785,0.05465118458568761,-0.14502259468109407
6.402434933315282,6.622875980843047,4.3253156346462935,2.944578818956473,-4.670787736027056,-4.598131840205884,-11.775553388492105,-0.501598315878994,-8.33671548827424,-4.034788286255514,-5.54268614662683,-3.4530855199862462,-1.4601501931001413,-1.6817605223222096,-1.0295890120685058,-1.638008911098936,-2.3175071884281895,-2.814869543672928,-2.9454364475745085,-3.76162130580608,-2.920623897493537,-3.151298139910081,-2.1828753602379813,-1.503443841143991,-1.495785759471525,-1.6911552014003608,-0.57290234970071,-1.3353950604111713,-1.5467086349189938,-1.198426007741505,-1.2632359015954102,-0.9515901858361904,1.3154521525792053,3.7580665972685656
8.45523475181815,7.597630309118528,6.952704917359074,6.143905816426288,0.9469164794391135,-1.088612467327049,-5.88720233544559,-5.275608901862624,-8.489372135936346,-3.593842224301222,-1.5402520630284025,-3.329700849394925,-1.5257864654747348,-2.346886806027628,-3.9574217497505133,-2.197638910497264,-1.1460036733094847,-2.7251620378772277,-2.983843036943237,-4.017527170833334,-2.776947036304519,-5.638683580009149,-2.7574191792691916,-2.035070136757323,-1.9411900546782594,-0.6456244169581584,-0.8032769737943853,-1.894090008341547,-2.06294942417126,-2.0281460624139624,-2.2040591528382416,-1.174674501464859,-0.3202196179543439,2.2995637449329265
5.488407017925175,7.107129761460184,8.468994254038858,5.966116858990669,5.187030333869048,0.5838120312912126,-4.535425471406407,-0.20188584970847842,-3.085129693629147,-4.9190768254210155,-3.4908220532644947,-7.031178377178485,-1.9474559056750387,-0.9525733549270753,-0.4380024903894016,-2.76978977583207,0.0543537073119076,-1.2594593982368159,-2.03501288447728,-2.2599680141361875,-3.036569590262,-5.194600804892108,-4.011357611832988,-2.8908627135260807,-0.7245174701225998,-0.7175720005399059,-0.3469757395548129,-1.0787842196857897,-2.7494613675620663,-3.1847824121942625,-1.5374943321882373,-0.40960374637597685,0.721887961564133,2.876663060004497
6.197658756492115,5.6890703260762585,7.785164754428301,8.667724543658359,6.763077567906814,2.605812317490202,1.1844597339544407,-1.643487353423668,-1.2136885338493202,-2.906746180242643,-0.7432476381542554,0.11095277355471571,-1.6556332148022501,-1.8701139119461176,0.17373430442358648,-2.1894429932587443,-0.7700804911594525,0.48586253629825404,-1.6211303428499517,-1.9532907984323677,-1.5327448780134885,-8.330116231626782,-6.394037162666321,-2.981455079783919,-0.6797054207140288,0.19664753003082341,-0.46066882432231443,-0.2254311148172319,-0.5782149652824071,-0.7944757204418413,-0.2439776602118648,1.1216012459686855,3.1839790843444495,3.560041046343589
11.144833245073528,8.621666997237291,7.575244339204268,9.258034873702618,8.25865495732921,3.9874515833852118,0.3288429851146275,2.120643193195,1.9042001199094731,-0.6722872599370946,-0.47636611146806795,-1.7428999375264327,0.11384347803269873,1.0404467045796149,0.07030840659990614,-1.489971139468271,-2.1555701013815622,1.3192091712626592,0.19460604011558272,-1.010043717645436,-4.405740972004207,-7.587316136350928,-5.046870556344539,-1.5873693027763436,-0.653664052122459,-0.3676517096741664,-0.8152742007311685,-1.297381092105996,-0.3385825068523551,1.3042685985410185,2.466410499760445,5.069897474815282,4.432524312959743,4.698486250038582
