script/wind100m.json
{"header": {"parameterCategory": 2, "parameterNumber": 3, "lo1": 6.000198445256149, "la1": 58.999992894266676, "dx": 0.5, "dy": 0.25, "nx": 22, "ny": 24, "refTime": "2024-05-01T06:00:00.000Z"}, "data":
[rows 0 to 23 of 24, columns 0 to 21 of 22]
-3.8113981751877555,-2.165113371608319,-1.3972909390743133,-2.3149250738313336,-2.7784497586560035,1.582744420301917,-4.00867215565309,-6.405697938992624,1.7883390060087472,-0.9987679656736392,0.4377299953742621,-3.6489193572498295,-2.1371627883012168,5.704552198396626,-0.879395709869773,-3.3972960852029015,-4.807662449238769,3.5583085042755322,3.2172749166085537,3.5282570938353146,-2.764920806452917,-1.6927720736529843
-4.466284400086023,-4.096302613839358,-5.031275495838039,0.9448213030571394,-1.3728201969227194,-1.6881848610583126,-0.35510909535283136,-1.9827050190246902,-3.8088437843100706,-6.2670336123537815,-1.8176694205874349,-2.192644857785285,-11.783098205958082,-1.0860141968396209,-9.558285135511523,-0.4783429327853986,-2.5550218552488047,2.036021445164186,-10.392931994986883,-0.9882436272514509,-7.239849814092205,-0.40404130481413225
-1.0161916789884418,1.8449566100356543,-2.590273366110634,3.0194898585751004,2.707903720178304,0.24799820626818198,4.861379490855942,-2.087470143652784,3.188084919877375,-0.8166791298938741,-0.714548818645474,-12.274729917331598,5.329019985205944,-3.191498879435403,-6.3295929170843515,-2.1475757775862028,-2.0734159730634003,1.1623302397360105,-3.883903978084068,-6.442205125381109,1.4015870995814488,-3.6861924199944056
-10.821253718056846,-9.394092295483562,-1.6515398909628924,2.444173284251447,-2.7794747800689654,-8.364296168495189,0.1977166158917361,-9.45279244192974,-0.4497260368337923,-7.049129789224586,-3.8293723023126156,-3.430558857301126,-1.1606745423046718,-2.672126210568577,0.9501747713018915,-2.3928179610994516,-3.0858003094203967,-2.460529980453614,2.6181945147106798,6.008653489141663,3.17969249233867,-1.2325183305743082
-2.7622595095104674,-3.407591192876968,-3.2849406403161607,-6.5832431160002995,-4.519224236971561,-1.9538328514793333,-6.78527769521414,5.176945381913573,-1.2913219468303059,-0.09099890124508295,3.4786167840914386,-6.8987368845452295,-2.277941722114533,-3.9767590653807523,5.432229794115386,-3.8639652186854154,-0.35423895973498254,0.2716686223937699,-2.3673476665448447,-2.434830496731037,-1.725198401921643,-0.6420744107298831
-3.1540846418795914,-0.984528084881081,-1.8728441083657554,-9.515248823355792,-1.4746538963263585,-2.1263491553394083,3.6619104749329097,-12.441902947464607,-2.5051605127311305,-2.5581576555851684,-2.262122660259796,0.5897100090156284,-3.385935134991407,-0.8629899350669223,-2.135797210799705,-2.0123781287073297,-11.805598806927867,-8.677323946466604,-1.079164775957273,0.006475313156229474,-2.119495852275401,-2.443564229141372
-7.085973634326305,-2.404190853743159,2.126139907907559,-5.656634161747125,-1.708085947238787,-7.305371692826996,-4.312640906636762,-1.9815259798415403,5.209199260933261,3.44183978768418,-4.159423132272462,3.1441703067057802,2.800992439618832,-2.8355313722332496,-2.8453227021432954,1.1655480281337152,-1.5763134778397392,-1.913270882076629,-4.623645173477495,-1.3637573422289915,-3.1450344961776926,0.9906024590393888
-7.759210892671999,-1.3219156762584219,-1.9834879621831574,-1.3776752925830658,0.6000311510036562,-0.9183694873601811,-0.3203602120882593,4.2130770165878415,-1.3585476355544002,-2.410431928473141,1.8242778302135156,-0.7648279397483125,1.189450555814141,1.3968083956049315,-4.512545150712,-1.6037560675249916,-2.0888631386687755,3.9646051948063046,-1.338996732934927,-6.632194067480776,-1.9671017621482205,3.6330165922850917
-10.851735753154063,-6.657521913714661,-7.731940325588302,-0.8143296759173205,-5.813154297550255,-0.8800193836732544,3.656701968861861,-4.885569255472312,-1.6065796280182179,-2.8276103988598256,-10.064744757237035,-4.667526796532778,-0.3165120433352242,1.5276144928885529,-7.0994036100669495,-1.799913837543532,-2.4706752864475647,3.441768616149264,-3.136241073549143,1.7154298209712693,-0.2638587371336775,-3.0495306446791903
-0.8898818246389502,-1.197574944195577,-1.1624815083383324,-0.6887398043928709,-8.760004678864835,6.094264205469048,-2.4464318727138434,-1.623834606570889,-10.461526725731295,-0.5515504625246881,3.683301659756346,-8.754417420270848,0.2941477599383626,1.874706682258843,-4.959826215683466,-3.099383561354213,-5.081275094050212,-1.0253565807666798,-0.010634402766673984,-8.504498854539774,-4.583356060783435,-1.9180990197794516
0.6282224164658308,1.4265748064486015,0.772680322800952,0.5086153937791157,-2.7370192329524983,-9.069336643947647,-1.5280560580414364,-10.611105248018914,-2.7393190676338683,-8.085315023944512,-2.8157445999469823,5.619351203201418,-0.2660435155893756,-3.134309051091254,-1.9469426969945394,-1.3786318712727617,-1.0108983644957332,-1.6295509625846618,-3.794947797128833,3.1130243957362502,-8.858637101144229,-1.2722628373881897
-5.312028043769097,0.9989547130258652,-2.4780668635281042,-0.45742760437618923,-1.413755246527563,-1.494811720259097,0.28254750446402926,-1.056654826620818,-6.8580799640075085,-6.2784717594671715,-1.5775761664113348,-4.146507640250422,0.5570809618012166,-4.214953948810608,-1.9065157496850804,-2.136826475650152,-0.7318657659256267,0.45558423746737187,-1.7537547396752988,-0.11867574004228953,-8.15428459348626,-2.2012509509150093
-11.066273967190908,-1.5415487795017144,-1.3433547065555107,5.456189257679738,-1.9429662643477308,0.17227813231141065,-2.8061099793182653,3.1975920520738352,-0.3166632378294618,-0.6913270150570072,-0.4274418043393489,-8.879379797488548,-0.7162450523504126,0.10961981330600969,-1.3604735495344835,-0.33458838325280504,-0.9800436768729371,8.097776446925298,-0.5763718535629538,-3.7396821894323935,-1.1245084482273324,-6.1168292766626156
-1.923565127864673,-4.715561763737926,0.8718990718669182,0.8292856017596207,3.7520171935290128,-1.3679516519160406,-2.632921918290941,2.358608406826115,-2.0228706331937927,5.365858868608318,-1.7006620731637911,0.5250644390567814,-5.034661102987996,3.678554747288339,0.10649229863246132,-4.1255120010115425,2.77738598989413,7.365530721107636,-1.5899439285694974,6.5099847582809085,-3.231241181886049,-1.1870917730611954
-6.343659301758598,-3.2377165639872296,-2.63081568150552,-2.4180441047540593,-0.7778034160884664,-10.164723000390318,3.559389394915021,2.448692203881496,-2.1802469485158653,-3.9993347509064576,-1.0300060423358997,4.455778686049233,-1.9605600177365712,-2.3722507392699224,-1.2775206862864745,2.6351332067751234,-3.071423682319092,-4.409101975047656,-1.2425719413399827,-4.091516317269982,-3.2332848082966605,-0.4656533956117871
0.15311217728535356,-2.3542932247988797,-1.8887481362707306,-1.255221043655289,-3.8596568254919172,-1.9632069270904782,-4.7463050185737705,-0.8621774769190773,-0.859820157655574,-1.1405197790196788,-1.0535426248225501,-1.7840846508302242,3.495724831937439,-0.17175558837319174,-2.47127499416521,-1.8941077029443691,-2.6733104144857864,-1.8651714339088108,-1.0712457380730658,-1.6713522038311295,-2.191570500365323,-1.4395923914131212
-6.549626259581875,-0.3001103970504308,-0.3820617895699953,-4.772345590674886,0.0916833769685207,-0.7891671629797016,-1.475686359603575,-2.6150328484218566,-2.5233230709047585,-4.108080356627051,-0.9896772273439419,-9.06134791106453,-1.6795864935823968,-1.0782012810346593,-3.8570339914559395,-1.8577967958483528,1.4264438977109257,-2.0978241624462597,-0.45307827549583185,3.800680524244705,-0.6282887994604468,-1.21869042764051
-4.941372899486174,-2.769822280432261,3.2724584349972585,-1.3947806949401713,-1.3562491585223106,-11.327328018437461,-1.717001258092811,-2.6149578251519934,-0.8228866454380503,0.35686195983729146,2.5492533925990313,2.633210130224165,-2.921831763846142,1.530247926045053,-2.4244216497871305,0.0899837353345515,3.9643406867216417,-2.9625210167482425,-1.7561695704815368,-10.398820004929249,-1.5990390375175374,0.4261327761253487
0.5630982825310782,-0.3632702957733656,-3.3361732730174274,-1.9326762874704075,-6.25089185568074,-2.7208875917073003,1.4901548712328123,-2.764274698118755,5.42890184301811,1.5962145683092257,-0.5984450917675883,-1.5448525081271902,-2.2451079271669805,0.0387545406658257,-2.31680398023072,-0.45909099265910286,0.4019129238898318,-2.0494357301940926,-0.5438588714635492,-1.3442653947121095,-1.7406055837850511,-1.4865468057401772
-11.281128545393674,1.7942351904483926,-11.68510063732987,-2.5162553012811957,-2.4155538580148086,-2.5201772260375708,-2.438470281985804,-2.748267348242433,-8.7125159901046,-5.81630220296607,-6.339959658451347,-3.5473425570185686,-1.7077168957572197,-6.316985694864499,5.277845369328326,-6.3201752002851554,-1.5212229122283878,3.3751556854487874,-2.5355295252224437,-3.4915778537408473,-6.918462565348539,-5.432151728870187
-10.1292898659437,-11.31709835133034,-10.747719770884961,-3.186014739119475,-1.4948841489110989,-5.903059676018259,5.104200186838684,0.6031345182111977,-3.2239679944284516,3.878300377829425,2.3931041160415187,2.364533494264754,3.0896369196759506,3.919584653663297,-2.5797481333722314,-3.17689133247556,-5.147376710465484,-3.91912515416831,-2.008453683544371,0.204583292604156,-2.2007701108447155,-1.9298478123073772
-0.74774748597729,-0.6478021678558072,-9.421059384335788,2.3829629962843617,-1.921475680877148,-2.9371077174813642,1.523307382745831,-2.3016199415730263,-4.878499993489614,-3.907449125458374,0.6425630031196116,-0.10774708548029509,0.7773969723494838,-0.046118040210403506,4.537739053904539,-2.8729317363324944,1.5447436871714948,-4.249390750962092,-2.688458023445783,-2.1708960231099086,3.645531956705935,-2.2495119520807085
-12.186049517690067,-4.880474974505818,-5.6815993786604375,-3.421533294635681,2.840347583050144,-2.6123257907338693,-2.258620785165758,2.0824472609607825,-2.023149643726,3.8079873246317053,-1.4684653782085202,2.113360731759209,-5.275292241780164,1.5495299676662395,-6.269856113491648,-1.593472276619831,-1.8051123132164273,-1.7212749986729952,-0.8992916631174094,4.857964432258316,-4.802292854922277,-2.779271168380394
-6.639506885236409,-0.29315850980874997,1.4125701312362746,0.4434662946185045,-1.0505262125273571,-8.578921701570275,-8.545223771477431,-1.0217550646714257,-2.859321137649356,-0.48435260802672536,-6.71618942701965,0.17385043985601237,-1.235794768276421,-7.8473803264702395,-2.3856268173732693,8.751986853763746,-1.5150998063469343,-7.086447045146278,-2.5433022027023475,-5.03479131928857,-1.8353463237219536,-1.3419333272217162
