script/wind150m.json
{"header": {"parameterCategory": 2, "parameterNumber": 3, "lo1": 3.000054539987559, "la1": 64.9999836372058, "dx": 0.5, "dy": 0.25, "nx": 34, "ny": 52, "refTime": "2026-05-03T02:00:00.000Z"}, "data":
[rows 24 to 47 of 52, columns 0 to 33 of 34]
-9.917555344443947,-10.46646619088627,-11.244381985476975,-12.102927690887132,-12.29234797322356,-7.7363642557844905,-2.5903762759157325,-3.541444872906545,-4.053461677529375,-3.118199814766103,-4.820940337705283,-4.612695356166642,-7.33943790384945,-4.69902767183808,-9.876305536185196,-4.934494067673268,-3.015152702830174,-0.5610611667284217,-0.9252455434777184,-2.3593789523827895,-2.2971369581546703,-1.8913754815814168,0.5916314523592783,1.573556913132779,-1.5460078781217146,-1.3427465611043479,-1.7210173277209773,-2.1433366771367557,-3.216593736248725,-4.444688463161251,-5.346121239181629,-5.034580902164407,-6.738191151274736,-6.486224935921784
-9.294836946702272,-10.413238791017779,-11.452239117519424,-12.058823873673958,-12.08063484330762,-7.6093490577521345,-3.2506363773379827,-5.705493015440074,-6.681374945150112,-4.802157840542577,-2.501737050959994,-4.881500071862548,-8.170877455372764,-4.977635240599931,-2.464730933348358,-3.354652485244713,-2.539252718747182,-1.0978787155347396,-0.6616979320796967,-0.18297604057855518,0.11727729492182329,2.8692466966330104,0.2754404172412779,-0.7956625205801812,0.372228696111003,-0.5028996367277558,-3.108844663471675,-1.7748660998810388,-3.864985300586712,-5.828491319544481,-7.880656429044623,-6.900899987559422,-3.9631219629639904,-4.569082005506063
-9.095479035460311,-10.075159331320027,-11.026933742768017,-11.72129139017882,-11.365787377112593,-8.154408279881453,-5.585137536841945,-4.6802926080833664,-5.413575962742353,-3.164219921994851,-2.1256978351572773,-5.859253650938656,-6.271110666121584,-3.1383309199256715,-1.1656995461104454,-2.1791376817074273,-0.29931589830295213,-0.15073560493455776,1.291864419862861,2.4281866572983986,0.8940322342608481,0.7179088426125968,-0.9135510871409196,-1.8958298027021796,0.5203659398445872,0.6115463656099855,0.07848962650770624,-1.8209596574289988,-2.6878042910342845,-1.7543867561874875,4.91794497058062,1.6194785592449958,1.1379978675009927,0.7119563505692477
-8.760468132728178,-9.06633089936394,-9.952469696707752,-10.8217647999827,-11.390252209716877,-9.190871013476041,-5.758001192298499,-4.581688682268774,-4.7737951498813755,-3.155206255294446,-5.579638875470077,-4.099155391874936,-2.5272421398344878,-0.31872931248519115,-0.11084831187017466,-0.09739709662761152,1.6347846951680338,3.6173325845972424,1.1702208437152248,2.466270475227523,1.9283437692826986,1.150993491306481,1.6519431079105973,3.5773388215299247,3.7300748726545674,3.282744725333551,1.4722956219033114,0.4814785725201385,1.3327166600264606,2.20191750368522,-2.495685340083139,2.962013986828901,3.0792880165281398,1.7426108980640307
-7.4586232414454114,-8.688266133763971,-9.456015705247916,-10.509788361434712,-9.295657345916284,-8.614224252362664,-6.382183742812867,-4.957110264440354,-3.2091653729037994,-2.265951614246465,-1.676748825036219,0.07721713479914592,1.684701421683407,2.091797321342512,3.142983889226713,4.535765296724719,2.422480039226607,2.4585097751189853,1.0203112582423772,2.0356301721546357,0.578288893299051,3.740364264764091,2.452668872118113,4.549907030897313,4.266110153604514,3.5809462787800452,2.1560175091217895,2.406265685834928,-0.32209374069932317,-2.3167637952802456,-1.3585826936633298,1.2617645587775417,5.250897362316539,2.552175495728932
-7.541527154777162,-7.940375082541404,-7.81668301055104,-7.572615734253942,-7.151692764424971,-6.751932895048008,-5.372956451922426,-6.3404013849119565,-5.469625512240798,-2.684551045851863,-0.8602438642750381,0.618592581311067,1.3486262372160198,1.8460073804163564,4.203189299134986,3.617512867744983,1.8177317821744108,0.7670535058716819,0.2645160366367842,-0.5591240093486924,4.262428651321749,3.7384325181317193,5.443557625209477,5.784431272688789,4.451533111842809,4.319560774857657,2.5659964199408853,1.9458096836071468,1.1306453141053572,1.918574672049621,3.244325314723723,4.011053587416426,3.1590388970277785,3.8444253482859616
-6.603382949157506,-7.1305338179606865,-7.365331725471832,-7.141274261617842,-6.584220773516852,-5.970708933599166,-5.3616421205749045,-5.2520256596324195,-4.467065441116157,-1.5680865466490161,-1.2335908504164803,-0.8173794691716966,2.0768043629670245,2.220311005586348,2.7391086926780672,1.3722004395343805,-0.2606760942724297,-0.8235455375216489,-2.46227914049812,2.050628280768774,2.2348920293334955,3.455859523844133,3.9040836858293857,4.32217310469371,3.27120089756651,2.7666462831098007,2.66498929908099,2.66963679062771,2.962764794242461,1.6753064302292013,2.239517271473376,4.204771491028287,1.281615669028974,0.9848846299061129
-6.904278043345252,-7.390171707537081,-6.8605428439915865,-5.400469983270319,-5.935418842997273,-5.942752346445221,-4.295622341748561,-3.4838964931949095,-3.478232063350329,-2.5530167862954616,-1.4607401122043766,0.0753642145436616,3.1965445033128383,3.2674591372839963,1.5126390450022842,-0.009537018103036808,-0.7216785378851123,-1.2050007668942744,-2.082405940511149,3.4931025582858912,3.0835738098864303,3.446315518302581,3.316605174499359,3.1839122279988854,2.627021158896029,3.400505773283756,2.898568309744027,3.5452821281645868,3.3559057628986246,-0.7198269790968955,-0.01533031442032509,2.3592193977574256,1.900749674429324,-0.3040208315368608
-6.957222336556774,-4.630914789130676,-4.786681979888347,-5.865676051418323,-6.287988823530766,-6.296042892054371,-5.2523589415051495,-4.432052237484754,-3.4067760839670833,-1.76641658604914,-2.6082754674866195,1.532479016678792,2.2185227181680447,2.4725350110418094,1.505500303835838,0.09704612066880276,-0.8399103193980009,-0.6295107957487879,-1.628175853784555,1.5047095871061804,3.8566407872413278,4.820053657033448,4.410862254637668,3.165051096636914,2.3398351756139646,2.315045903481721,2.9347160040411238,2.7307570724887413,1.9205306867337772,1.325519569889131,0.6372660487072378,1.7132877149104946,2.8103871139557746,2.745532355514261
-5.048634976573967,-6.1119709981309835,-6.647011275552087,-6.89594448772754,-6.3938102843486675,-4.919851245103794,-4.190050109750439,-2.9311847611380633,-2.991511730003663,-2.0627335109896783,-0.6981956432465454,-0.11781371223250123,2.7749425197049615,1.6459681828038866,0.6169519853862494,0.5198024102625864,0.3048595438734909,0.1269646730631944,0.9878671611610781,1.0508798819270488,4.14621525028516,4.5192492505923445,3.9577295336728313,2.8412988200766045,0.9253737544138906,0.2886990076923305,0.05622422295936904,1.7520146131416943,3.18272018483125,3.7504828637210665,3.8502673595163865,3.454982349005225,3.618611027304504,4.3956050738636465
-5.555907689175808,-5.711691700295333,-5.6696930614055,-6.468169166428674,-5.158328635972169,-2.1390193517046936,-2.4838068063204655,-3.6756219247427904,-1.8864538421470423,-0.21016098652810333,0.2741909913337078,1.914554307230521,2.0840126303541133,1.8788319565101252,0.04981540338303376,0.3132809822230067,-0.49112532199868064,0.1514349347869893,1.924071805746497,1.720806200060494,3.102805670667586,3.205646098165152,2.1997684346635067,-0.40870252686714964,-1.0862792832797985,-1.5710453173594583,0.20582748068148415,2.0007077128874267,1.4812144206946913,3.2016216811848666,3.6227293705163155,3.527337765014688,5.648957038493371,6.326263998750443
-5.158741370793375,-4.986230158904167,-5.172691154581486,-4.623054920263554,-2.666018528741496,-2.3244697686679374,-2.6173773318634113,-2.8777077741409745,-2.080451644424525,-0.7911913853250665,0.10117203973422796,1.4161049099523042,2.2597427956326825,0.9894513457562135,-0.27126979584195604,-0.21349578352823304,-0.37108051517746765,0.6923656312857416,2.049857411537055,3.1132513649885327,1.6838878841986822,1.9643077079922586,1.0959143229645876,-0.2542795076614399,-2.692098407511312,-2.3100149015424725,0.3823775363875452,0.8780782140984411,1.3308587044939648,2.0543767785508535,2.9234160588862284,3.462637974839499,6.0918084453787715,6.6494526189400585
-3.9319328204041737,-3.516953044727141,-2.332015223771969,-2.229538872054566,-2.5652363661722744,-3.02765886275517,-3.072980065824113,-2.557268454084324,-1.5677775144090447,-0.761299695442928,-0.3789378236795215,0.9227071556249137,1.610991517069788,-0.24878509961620593,-0.2630283178522384,0.600639053539478,0.500401656450433,1.7134901809140686,2.0055133722633767,2.1871026496790495,1.5080342214579705,0.6276122939419406,0.3747702453289655,-1.9946537044741828,-3.0672845045871218,-1.405661909680715,0.46698258916066043,1.8350940803536728,1.8151335713250378,3.7804140917732822,3.8814804502260407,4.87507352530648,5.849623665784609,6.654726429516453
-2.6862140772271057,-2.0994739434835212,-1.5531829634670298,-1.9408753078968268,-2.256540062909462,-2.6314828116285076,-2.4112339193415466,-2.3296783082109873,-1.9074221551704957,-0.7277882629946579,-0.45332058518519536,-0.22687521642537264,1.0340724220052842,-0.1813709915461143,-0.9950996619805252,0.039867036165167576,0.5938707092674483,1.0416438710883464,2.322610603138688,1.7707298276758074,1.3145496749010142,-0.023694469157243516,1.3869125507689393,-3.893418049193444,-3.4775748387598253,-2.5326120252162454,1.2336089724519912,3.2848214982028927,3.4655049435757115,6.173077194607069,4.838537238064884,5.178027271017059,5.5487260584151175,5.6260825133028955
-1.988932387945003,-1.8435564532842552,-2.0073536866507498,-2.4767287443456856,-2.7610708434235502,-2.0062229018038864,-2.3108914385975363,-1.9407433509262322,-1.5710348490647232,-1.4095208276403561,-1.7883739593661847,-1.2736274369235079,-0.18158817183966525,-0.569469486998905,-1.3224091215623661,-0.4864623995825452,-0.2640331493434148,1.2145201585991658,2.7421901448512216,2.0333161870002305,-0.16358899033799684,-2.40876309272776,-1.5896460394393641,-1.7368159062839148,-1.2330628375388617,0.3465784141235001,2.1349288460379534,4.277055431005885,6.315516764917312,6.879313908527887,6.029824153030722,5.632538729523121,4.458027541885478,4.083611564161281
-2.879133017949166,-3.6054212996030204,-3.8289413258999025,-3.0689523210581537,-2.7804782805974084,-2.904441984521029,-2.759655050385406,-3.0830614970720815,-2.2971170440002906,-1.898421461647501,-1.5865502012348716,-2.1561938934975826,-0.5684252832577777,-1.646113884879093,-1.5847218541537216,0.3269712507039936,0.04745710422742065,1.6806133093994757,1.9330663708586975,0.7070933874907156,-2.5863679486404934,-2.96633577253507,-3.1999767174575893,-1.674164675172442,-2.977332758362688,2.316567624549414,5.600513667796971,6.677462904193098,8.506030562383334,7.65560571427394,7.041037034936545,6.20224912294987,5.061496757839295,4.933455204006587
-3.474924159898161,-3.6751018089401755,-2.7868949960525033,-2.6102862954082338,-2.7491091458151913,-3.5765734777080915,-4.441366414873082,-3.57335096631033,-1.9796667383102713,-0.7829222663956503,-0.9246750096327931,-2.190545059597986,-3.2392555841953037,-2.3735548127674804,-1.7308146355758118,-0.9307274351003644,1.5158267430791397,0.5746158052611087,-0.3772040311371319,-1.021401233677706,-2.554711728127304,-3.2563208396648697,-2.0902945610077293,-1.2323566950245992,3.1348391783650977,7.505342834579377,7.982311630997164,8.69970187759749,8.788635177284908,8.475047772116563,7.70803350753788,6.747322490582555,6.334289448587039,5.75193762812779
-2.3302131448943038,-2.716134679572487,-2.8284768195813457,-2.4389882685264586,-2.876282714573885,-3.053305968416255,-3.262413566605063,-2.339036194041673,-2.449474336609297,-2.3137139582990662,-2.683168597673983,-3.239128877297751,-3.1224476142528186,-0.7974498109738328,-0.8876293951455468,-1.065954333637591,0.409665213365929,0.0067217565733374745,-1.3272942808311459,-2.258885708837105,-3.3977613923385723,-2.084986123793163,-2.3673001938176688,1.4147628428422827,6.060859454756175,7.84210948583306,9.764327186819777,9.313692600217191,9.224919591665413,9.760445562850636,8.520383684527586,7.396704668662767,6.198707516218696,5.8217364529081435
-2.0774677976321114,-2.971208405899659,-3.5072749346653334,-3.4578686040341498,-3.2166939419900644,-2.086500607150438,-2.0323746840539307,-2.367201150972782,-2.430160004075781,-0.7584978696677206,-0.047931527899553815,4.718331178194346,5.19780751934701,5.014224002793234,0.14406077823846417,-0.8192368376475004,-0.6584905501629167,-0.8843713078875671,-1.4906632184359256,-2.333323593365443,-3.2078143037631484,-2.5815586779566146,1.8070854464310147,5.122532659976711,7.631089168857554,10.124879115593021,9.637576893009582,10.735143455886444,9.897889132698674,9.671686236574317,9.5042235506821,8.56456174325411,6.2110180737397265,7.268923070794528
-0.2034492456218013,-0.11343656687233815,1.209677383188852,-0.20956886743473727,-0.15577490683889023,0.28335024546143506,0.24810797694319522,0.11527225121072074,-0.13968856321930714,0.046493312368459994,0.1952105353196579,2.3848366695315932,5.079215502833357,6.026734043275429,3.622286244319748,2.3766035033147115,-2.058922974847156,-1.0286879096817771,-1.5761425973472327,-1.9640848317756474,-1.8685650585226894,1.5972154869653843,4.112598401012573,5.357423499401532,10.87821682008703,10.580466221756884,10.459116788845845,10.12008779268544,8.966452238554243,9.62806198432417,8.758238469646725,8.465921547117308,7.3416325072319015,6.855390050639574
0.3659639166330892,0.7589894962285406,1.5443944035877255,1.3483326889863891,2.3784857478844237,1.4752560435628768,0.5067454634228408,-0.0907310301524592,-1.029592215492582,0.6990948803270252,1.5308544669778748,2.015268231151546,1.6018335754435384,0.2810510113524232,2.3503964758332856,4.6474646610999955,-0.2660223872176317,-0.6433625737097048,-0.8519412976084547,-1.926566792076094,2.076719734405913,3.546528921898651,5.655582300099523,9.51333275248663,10.32344246507731,10.307074848496498,10.057995835890495,9.79332739731362,10.427071356464952,9.181405864021327,8.295667390657535,8.10237764776118,7.860047969676476,7.00011505105267
1.8718154378740106,2.075471970296139,2.91418006527984,3.8424627790911505,3.8254012631008663,1.132173286127317,-0.32085844692544313,-0.6272329999351605,0.19738449620537998,1.7778896484713396,1.8522848130234746,2.151814321409905,-0.05209166159899699,-1.269941477627647,0.6515959855468676,0.7788275214035711,2.9292790757119183,-0.8758916530521711,-1.7172209578275324,0.21362244821270363,2.6068598476877844,6.706065898335615,9.079556904606923,9.54469617194661,9.393997949218807,9.55093871383324,9.31044543721386,9.949163448331792,11.278584104048315,10.950909387209204,9.423560442707645,8.501581359548828,7.457475182569008,6.472690166352011
4.630262635878362,3.052795625043316,3.109062110304414,1.6431903431439723,-0.3443184266943974,1.8180155947662544,2.306855344410462,0.019819407466865304,0.4063598780420946,3.366570829861911,2.8861783815138207,0.990965325057902,0.1990244708305457,0.10725469275780328,-1.3935910322348135,-1.463542214317957,-3.3959079776813472,-0.4322250964286514,1.061807242495091,3.3422744054091713,6.40101965856694,8.312881515011952,8.129473740933681,9.130283054896706,10.206439236815548,10.677709427728091,9.427656965465022,9.14058355327326,11.124138382003125,11.080320335502654,10.279571391837557,8.744704622441454,8.20090142202314,6.614222256438047
1.056087243684592,2.711384446359684,2.369128991538168,2.158465666671179,2.895844368557077,2.8094163624243493,1.1179867289621108,0.7909621220514668,3.604452360528962,5.090864709363244,2.7819943762370154,3.1975032753424317,0.5945775217493824,-2.431038309361086,0.19464992161122574,-3.3013365062624063,-3.679950847391417,4.828440361153333,5.478852204044045,6.748510188880652,8.566319875617005,8.074865175295328,7.4668199062036456,9.33621580863931,10.95685797666467,11.591770153156268,9.790086046369549,7.710818993089558,10.118142160887277,10.884007578783885,9.975165318404079,9.63332634042619,8.142922536260107,6.546397458679149
