script/wind350m.json
{"header": {"parameterCategory": 2, "parameterNumber": 2, "lo1": 3.000054539987559, "la1": 64.9999836372058, "dx": 0.5, "dy": 0.25, "nx": 34, "ny": 52, "refTime": "2025-12-08T15:00:00.000Z"}, "data":
[rows 0 to 24 of 52, columns 0 to 33 of 34]
-4.196847731191046,-3.763813576853902,-2.58199062254719,-2.2902564670544794,-2.694475485212934,-2.880213063360212,-3.363634752093369,-3.9408834927314604,-3.83848079702303,-3.6153375896668067,-2.521205174528053,-1.647332095619036,-1.4714992727783622,-1.4387577227938255,-1.6073422889928473,-2.3122581884606954,-2.9810053110024843,-2.8729621478582197,-4.665790785436715,1.4552249438840406,-2.550145940191629,-3.5432109443446755,-5.121200514425733,-2.4130306724345387,-3.003028853511404,-2.8256761440512337,-0.7683747108042502,-0.1920772539047381,-0.8453193788839423,1.2559288938661723,0.04647630710357587,-1.3939708804965973,-0.6321778026431911,-2.2434786989799282
-3.5483534724032753,-2.932584392829738,-2.5565550891861344,-2.374826981778943,-2.3219386891292966,-2.5247960358146955,-2.756268915567323,-2.8812071056139223,-2.8196368741060915,-2.327671844715746,-1.5287051884188858,-1.183902120718977,-1.298654570475185,-0.6727468566155471,-0.5749830757424355,-1.2421834725728949,-2.780197572101569,-3.5411271908554407,-2.127701841329933,-2.2337766304474846,-4.448218901202356,-3.3984807083597426,-3.030836650713536,-3.4148146385812543,-3.9279200505723484,-2.9197450850824964,-1.628059733429138,-1.458568790711218,0.5969236841255351,1.484439283932266,-0.44273509598494865,-1.3256475587147112,-1.996645929925366,-1.1055104686972688
-2.898133829450403,-3.1814220440377015,-2.876005387782499,-2.8236656835260474,-2.282862102954382,-2.3401663750366053,-2.5117121243223868,-2.627731892548625,-2.4813947832246277,-2.665754925377096,-2.257221403626804,-1.9556305236098976,-0.9459500461198879,-0.7822085583500539,0.15271432251328107,-0.7162798718739869,-0.5928674079330736,-3.8631912022262584,-4.598791775190076,-3.9711749031901684,-1.7636487823661546,-3.0742241501983147,-5.166515789187145,-1.322623470360558,-2.0808398147504326,-2.9761203853380023,-2.1844913875705396,-0.4715006561508681,-0.9611448537355801,1.3828630003768871,-0.04850238362435849,-1.4016913304192196,-3.1149700752224554,-1.064086125240026
-3.445601701983063,-3.2419230912349586,-3.2431041641824603,-3.1320666355752893,-3.2290499789255924,-3.097872773823828,-2.9698991857133996,-2.6900488208155786,-3.0458978188938706,-3.0321690787418025,-3.4704579913021334,-3.4363719356091686,-2.44849101029653,-0.7369459798172959,-1.5999039093155405,1.641094616036576,-4.486940838798579,-1.2351048257719859,-0.5030480160040551,-3.1325649603065386,-0.6133824575485215,-2.690341322285394,-0.8890620268611966,-0.06891431048136944,-2.386789264430694,-1.9981060300672302,-2.271755593805622,-0.9828484868813477,-1.8258981248108488,-1.1997878280987262,-2.3124637463451503,0.19681843310759264,-1.1589885041779795,-1.2083382924301203
-3.658283786550231,-3.7946872441375556,-4.0923414286503785,-4.259749876698231,-4.548835397756561,-4.512481909788891,-3.9883344625057258,-3.45930139552807,-3.0294289803437624,-2.3747024314788683,-1.4983214362853088,-1.3657373587851789,-0.9213172613960405,-0.8247861867394486,-0.5615858513246526,2.208291418010341,-0.5907493894383484,-3.2481685031460734,-6.317711742855763,-2.3608986143163295,-0.6769886195876984,-1.734262179463272,-2.564778563505436,0.010517024073894878,-1.582238337954742,-0.4260464672886197,-1.8917592721416154,-2.217498728779521,-1.0994728275898953,-2.1096891986793866,-1.583293760576265,0.5731600876618304,-1.4210347262715497,-2.111049578524775
-5.33848011409485,-5.21278309536459,-5.714497407046744,-5.391216682133647,-5.268435785980308,-5.088369565527854,-4.3653989572676,-3.6714953513200457,-3.0205963753398946,-1.990564768331599,-1.9104858561005023,-1.5226262824146204,-0.33457102304778596,-1.1297804011817516,-2.5067150783591705,-2.7233186045314586,-1.7143909469229424,-2.729903156676633,-1.193338179566006,-3.781426272255036,-6.2320618041894855,-3.4143832604121913,-1.2120023786625103,-2.5178698850544,-3.3188625378972243,-2.425221834210882,-1.846853653177458,-0.9015570025174929,-1.538604767122769,-1.93984348179299,-1.9965667761333405,-0.7013376962110173,-1.0330026126646064,-0.678093548020456
-6.49858485313788,-6.563809698248363,-6.258497589790974,-6.085523053487817,-5.730924357842188,-5.1601158455988845,-4.4354441821962185,-4.362810254011181,-4.067602491931607,-4.884206847921682,-2.3248315010467673,0.0511919682734627,0.5662051088967637,1.1978590457837504,-3.0150385461958855,-2.094409852373674,-2.887272727851478,-2.082375518015659,-0.8021759810173886,-4.732020585623188,-4.546377516301627,-4.8961673631758,-2.7552563817704967,-2.013674492612255,-0.7940908546073967,-2.6058374469152867,-2.4599751293833276,-2.258897525258151,-1.8554699234340772,-0.9855970283718057,-3.482885822335054,-2.5972256527753315,-0.23780702081840763,1.8238311275054124
-6.709813286893181,-6.457713796153363,-6.635750083964752,-6.445850524856232,-5.953253550098194,-5.112254478026283,-5.283286808605468,-5.231170674757685,-3.9052480908749088,-1.250446733797044,0.08357869564140297,0.18375102427368256,1.4520517653353153,2.0780856122160367,-0.7880199745624769,0.9794156620696657,-2.032133952967253,1.4525230979368442,-1.186508165679107,-0.765160499343876,-2.5107390149785327,-2.050751660698915,-3.885311426143336,-2.522467137094891,-3.003601697433961,-3.7860321495983484,-3.8670010145063847,-3.4512676530524073,-4.158470094925428,-3.1930209541801124,-2.389566162779225,-2.0224080531522066,-1.6502010153702489,0.551752304321457
-7.483458051582365,-7.204321368688614,-6.393102396251837,-6.064980480543985,-6.326396178110659,-6.1770345886425755,-4.858698588227146,-2.302175557775964,-0.7529900524043069,0.5040102845666019,-0.07000067296834929,-0.04351884193945096,0.8254902161685652,2.106048778078223,2.124282817483003,-0.6391886187272282,-2.848871947536031,-0.5275749922960452,-2.8352531030111248,-3.360977509384178,-2.8783817906631812,-1.9046451596082556,-2.7909852338539105,-3.5288066907312885,-3.545559285975157,-3.0773314693177642,-4.4500309707744545,-5.483220922713887,-5.094921004674114,-4.636304969939929,-3.752475207381742,-2.3931996575181547,-2.6485077435548945,-2.7970033106736
-7.44958889007816,-7.0375616000643,-6.6343822413275415,-5.820408924397605,-4.911478816225117,-3.945325991531647,-0.47050467156666637,-0.04394899178957491,1.8802234701672642,-0.4878338915749163,-1.7680940774637877,0.5909995799706788,3.3758554609071862,3.9792844222729773,0.23754994501610674,0.24475944582975498,-0.9647855424258845,-3.095822894431846,-4.836270352814571,-3.2559970100042612,-3.0978474957632853,-3.115412491230996,-3.7859454046624297,-4.25553225255393,-4.181793368267533,-4.832077333879653,-5.18427219924378,-6.3137789891841045,-6.6767599742583466,-5.13679783042826,-4.274142392455485,-3.352713710370737,-3.247284659729254,-2.669878130562461
-7.206675797896217,-6.9469760687972695,-6.519996399386051,-5.256069647802914,-2.6032904741065406,-0.8170027954883423,0.1716786416912219,-0.451729049167183,1.4596659117119626,-0.07955359093059367,1.3618035515058349,-2.1234955609376143,0.5324628364185431,0.9339236311375194,0.7270579538860967,-1.7029741005929013,-2.1475515258847238,-3.6801590123630437,-4.773102172471655,-4.908011394114995,-4.462729255428674,-4.69749248807504,-5.052903634176298,-4.516808415315274,-5.932112094909346,-5.648825625817724,-7.360719951415353,-6.561338494483587,-5.462363472322507,-4.974650643679679,-5.209055298848389,-4.821063914417496,-4.550149698547387,-4.735522075721279
-7.165257507398872,-6.7529194913284964,-5.342563351170905,-0.8050754696037296,0.28809436283857653,0.5137154632445466,0.5936286408847787,-0.01409939143100539,0.24322878299630937,1.4689142488991234,-1.9493509981027588,-0.9212742094791736,-1.0083787250516343,0.258293074772752,-0.8481917458616688,-1.6156293032315454,-1.6242597114843678,-3.5398565734176253,-4.210828944657704,-4.603082173567652,-6.667406681569247,-6.384050337035104,-5.9197724584691755,-7.506076342397088,-8.060563739768398,-8.935120359132878,-8.444267831903586,-7.914426228111106,-6.771397400923438,-6.1081145150999445,-7.188267020328801,-5.941966926424523,-5.628686270000694,-6.75551430287645
-5.67449010407638,-3.2968144723595714,-1.9505609279840364,-0.8347175664304372,-0.40655857616180957,-0.8384580503362622,-0.41955601422126526,-1.6305365861140426,-1.2599682415162332,-3.097517388504167,-2.474397975639569,-1.9100898627782394,-2.2400505204760766,-1.0182228659566048,-1.2361582036631216,-1.8506047621377106,-2.610399776386484,-5.069451844992429,-6.7111998155963,-5.330233633334781,-6.35131863442761,-7.696934080155149,-7.574264486928021,-8.110906463461903,-9.673310232710653,-10.865889525149958,-10.096656636097924,-9.288350990919533,-7.575960603341288,-5.50407059156764,-5.785378600562834,-5.599301848427863,-4.5716037996702505,-4.368323457916249
-3.1931233941088735,-3.4449379420688215,-2.3614327468016403,-4.136823526131402,-5.258233390059148,-4.019483395696154,-0.89495369374808,1.3767200117268243,-5.065734848213739,-0.8121794360131616,-1.2454503315246241,-1.4808840613878582,-1.5675393171776233,-1.2548995763618116,-1.2180983769044869,-3.1851658259398716,-3.717975273904131,-4.962093590087074,-2.226834413825978,-6.175942565888768,-6.376126391438546,-7.882085654594242,-7.738905414389207,-8.09605609522721,-8.311992610573556,-8.935007369965044,-8.24080531029242,-7.309257762163793,-7.753712601873608,-6.822328152458759,-6.317677682094194,-5.609944706529792,-4.02087392631806,-3.702391701558486
-2.8049314879483096,-2.428233385456101,-2.078893173651361,-3.398897452596728,-3.929437547843594,-6.89762611468882,-3.3329174159150385,-5.475829409117175,-2.021786695922112,-2.4461787127666548,-3.912979782403547,-3.1159496310481756,-2.6172650399512247,-2.673256014015363,-4.182549795161054,-6.115590047309059,-2.0811620132034414,-5.7836465969665065,-6.419805275351697,-5.586383527052275,-4.800289586598281,-8.235495599341952,-7.147352484474185,-8.42816709358341,-8.763430876713352,-8.076817216425585,-7.3238777282834775,-6.738905756498871,-6.167899749910352,-5.288881165305681,-5.265504845982198,-5.237657931081169,-4.185401340839491,-3.9766382078150104
-0.29997018283979154,-0.3434416643539162,-0.673805744575169,0.44302301589669235,-2.2902445578081814,-5.055312442379814,-5.126100679324987,0.13167191247857296,-2.729119123047767,-2.2559806608661535,-5.622546771112499,-4.065185775006372,-2.5256214159582924,-3.994285289983518,-2.1154858938271404,-6.531037287006462,-5.597135767986226,-6.789137549154244,-8.286562761757812,-8.26285670336676,-7.710222850729558,-9.484401246031585,-7.906177103618219,-8.214272485641308,-8.759720497471427,-8.59343055102234,-7.7412212880517055,-6.028082687128343,-4.643740132914325,-4.617799934572079,-7.155603947130176,-6.550254705282339,-4.647085893281125,-5.89374126825175
0.1507503493886972,0.04038878390542789,1.0237932770239746,-1.2607582910670831,-2.8462593095674267,1.5666664189630852,-1.3797851324578967,-3.1744431953645345,-1.4641785285678792,-3.270757134459323,-5.460023728846091,-4.401029892128199,-2.0749571907269386,-3.1080009243341205,-3.93385561251883,-0.3962581428029204,-8.371077470465606,-6.6046081093693445,-9.872688313093082,-8.356888189785634,-10.640187071484727,-9.670890068455149,-10.656538581787435,-9.61557668521563,-8.895215562218079,-9.111659916714425,-8.069415175513415,-6.423012904542461,-4.357384187482725,-3.4417060432620494,-4.802178837459769,-4.569975096259867,-6.0703718121810635,-6.1561607186816
0.6809993734453144,-0.7645267683490448,0.44586903189710464,1.093023782649635,3.3433220260700076,-1.8173219313832691,1.1895516968392208,-0.8142215376331339,-1.7622444025396102,-4.504157375990626,-3.9754985201706674,-3.3713363113230352,-4.13651277639642,-4.185585547082147,-4.959610462190607,-6.272526850282626,-6.4614486961922015,-6.641018542886583,-10.044732385191045,-10.63282577692201,-12.208941865579204,-10.312833667244966,-9.956475903151068,-10.232626876420085,-10.61231184855288,-9.641110062501104,-8.308692199080756,-7.946555400471821,-6.36550610633027,-4.049741008335711,-5.397067824161365,-7.387488692159161,-5.329866603794756,-5.910027768604509
1.9790607041089971,1.368819064236485,-1.1745154352935911,-0.24824874907655128,-1.1605944815801579,0.16501586259307977,1.3058156999373391,0.3048657517334498,-5.427772553593467,-2.537293621724797,-4.090825233288123,-2.9017814419092987,-3.012452508985895,-3.9646147116084154,-1.7309732990873286,-9.555355622842049,-7.135823178542998,-9.125128174645534,-5.8136131025806765,-10.37982720900477,-10.634755598052612,-11.472126912380512,-10.426550237852485,-11.03047481790132,-10.105397584830822,-9.461262063300046,-9.137995809899817,-8.732357144520124,-8.966753698782432,-7.8238100567916185,-7.559636977835803,-6.701519277365083,-5.658695783188512,-5.611205609092144
2.6141102868852077,2.4565795365891865,0.1661781752951854,-1.5992672983313347,-1.1525535458691714,-0.4741279250940466,0.00789726071512919,-0.4914877127240224,0.9366611529274393,-3.2316814000316487,-3.1436745710882823,-2.6428728731548228,1.3585188231999863,-2.7313304321135865,-5.248326065844267,-6.510395251226939,-5.7231464801358,-7.94397364513948,-8.180772937029142,-11.111671511674075,-9.829412720757794,-10.79828815702737,-10.011965186386876,-8.81876129226603,-9.120759450992994,-8.754904967905345,-9.887435184916372,-9.243059086779954,-8.993013139856096,-9.352085620640707,-7.679572596214652,-6.113797728005866,-5.065817404651792,-7.853996503910379
0.416352619935231,1.323209147346835,0.5896657926870326,-0.23844318435987627,-1.289988446528025,-1.1020444074611102,-0.44249911550102056,-0.3376775278660516,0.9467450517835629,-1.5711937274465562,-0.9146702940098699,-1.0213323289252714,-3.229387959785806,-1.839736505923261,-1.5723972704767506,-6.460258563590733,-6.088268309499287,-5.574081919141495,-9.244893706480845,-9.537703832751882,-8.182478084692406,-7.5895642563525065,-7.8921832484357095,-7.379962237716911,-6.752751750239292,-7.093806077327086,-6.564355567416121,-6.214455574896151,-6.69612911440049,-6.917389522667617,-6.9209565392489045,-6.588323682885033,-8.09630369050944,-6.017437459702825
2.159261884567164,2.1791160949655715,2.6392195944905374,-0.8185706312943382,0.24702436666021932,-1.5977691851184574,-1.746315702135532,-0.0007482341680311314,1.6381810578836247,-0.39836534057525247,-1.277780833453412,-1.1294878208484644,-0.03004857260743119,-0.9365088994065704,-0.2745262785242685,-1.4549128347357279,-4.583191007104375,-6.793140076203349,-6.510697067566262,-6.887444006470465,-7.655580535759526,-6.8779843840459485,-5.0016470220374805,-2.8191018113101904,-3.2312308016640015,-4.881890096235057,-4.22050339853976,-3.6744409564562384,-3.4278426007782175,-4.051312058607246,-4.21427871773315,-3.6915671101182355,-5.493269418056043,-7.325312309463726
5.842549887578415,6.30027526602571,5.879128320121166,2.344000629782342,0.13138024913011787,1.1594716146132924,-1.386035004089967,1.679325824374755,4.095501608019302,3.8626573908657265,-0.5299335498342186,0.8774638587942671,0.9930043891088534,-3.0569556320360545,-0.844726239129296,-1.036749522698994,-4.1182590017749146,-5.159881305347983,-6.5481855648317,-8.927053091871086,-9.946015479432758,-9.13678589381219,-6.025411743387185,-2.287644780457993,-3.4356676991783286,-2.4107599662932713,-0.4466888702585401,-0.0468943965965342,-0.27265198618534076,0.28046668193133006,-1.146011040974348,-0.7245031212567814,-0.20048111123118545,-1.3191973615325372
6.059362194621831,6.228789706168714,6.471242827106384,7.881601499410989,2.207553219712164,2.0000879835015493,3.348206107846616,3.7332244578582316,2.9427696402542387,0.4665991528547369,0.15157029714503112,2.6995509386484215,-0.9897770527348189,-1.3816787579486438,0.4806035215284499,-0.22655609372544938,-1.4328929717973797,-3.9077537303913465,-5.422776825558061,-7.515675654330719,-9.819179588384863,-8.052203632949903,-5.672153320773341,-3.410939389821003,-0.23566631399475135,0.25292613045555895,1.1567377823001292,-0.015495008874364453,2.490495224757144,3.3874296682115976,3.261427946424222,5.37746399943318,3.3774381221570278,1.4250115656813391
8.300426946282426,8.124310551526186,8.510572969904123,7.681769478617755,7.603607833673983,3.4660171205531793,3.0845578547368904,9.110342944039514,4.46096258871317,-0.02099510462378975,0.3918933548157507,0.6188708647229242,-0.7079622674883679,-0.7862898865708244,0.5537908640557467,2.746321530542553,2.2047462013095807,0.15188081631302697,-2.7711021775590576,-1.9130676123622228,0.10265507575637373,-2.3250843190633317,-1.1599205541000805,-0.1237546023778405,1.2343310681286865,1.8360326764885515,1.0623771083757578,1.4996735296394503,1.3123727183088012,2.685559311754685,5.559936391088244,8.838321089382491,9.782356686118048,4.288283592116327
