script/wind50m.json
{"header": {"parameterCategory": 2, "parameterNumber": 3, "lo1": 3.000054539987559, "la1": 64.9999836372058, "dx": 0.5, "dy": 0.25, "nx": 34, "ny": 52, "refTime": "2026-03-02T14:00:00.000Z"}, "data":
[rows 25 to 49 of 52, columns 0 to 33 of 34]
13.99731228487199,13.959184658881561,14.161436640530694,13.663646875805266,13.422079992039196,12.63318172743603,9.375561583225599,5.1002058198686795,5.872999978346944,2.0031707072781435,1.7728194725729838,-0.6254048299712461,-2.2453040879213484,2.5494064707217823,9.487499353671009,9.256954845648346,9.0365255242063,3.720860010904641,3.252731221739506,-0.5303473241330444,3.7464116728707277,3.21860680937465,2.385901590821356,3.000090769845191,0.9776356571209269,1.2629427820510155,1.7402701279052135,1.6116195575283485,-0.8219364868963086,0.44449891091679117,-1.0761899768936354,-2.809883817668076,-2.475709849310571,-2.0402349182794977
13.86929090284432,14.375403391575968,14.402756151433364,13.336156910967004,12.52189759563941,10.53568246766076,6.352149907150989,3.813219107067573,1.0822627546289973,0.5845962465761814,-0.8041498991075204,-0.9004841207251594,-2.61967379699549,6.208195885079324,6.837704643582745,8.650793247070691,10.07363238834273,4.090889562447264,2.619409441751808,4.2008030318975145,3.537599341179181,2.883148542418157,2.3743550344885955,0.8735267423774542,1.1969053343832412,0.8179652425844052,0.899312633292916,0.5069041168276498,1.2457570180501212,-0.29871734170424075,0.7833450780683585,-2.581500383876504,-2.946555255522516,-2.158689652260798
14.05326354180936,14.029713662266664,13.666753425525178,12.798159175029724,12.370199592134329,10.968257042954153,7.858188840035498,4.377170636445902,1.3936371716187457,1.0268520241294028,0.8145582989138807,-2.267554685559439,4.557576346554584,10.09753920241131,9.663975197725696,9.011452776545031,9.32991324069513,4.477558176254339,3.890749793096297,3.6356095622279714,5.087073205844637,4.203975333326198,1.9289151753800875,2.0899627302788786,1.7878492298648712,1.7109523069785224,1.9267346365500944,0.6072256594114979,1.8732000493399226,1.236846113889519,0.043007490757696366,-1.0046475290621282,-2.5924124099144836,-1.5689069965696623
13.469155384655638,13.53878440738902,13.031507471351516,12.925463555767907,12.529038796242036,11.675968192494805,10.081685708248283,7.289578451408102,4.46137174237116,2.6127571016008644,3.9198493526344467,7.784975819991294,8.548985109833716,10.626105055670235,9.093582639010535,8.073962841601006,9.165182596000731,6.70664347977799,4.203547654582578,4.156493658326961,3.8623658025919796,4.044317638487303,2.984010315872764,2.7558308393615762,2.092343728286322,0.9720583394545206,0.9936499529287396,1.8488783793674455,2.42818173309748,1.5603028363356712,0.8929618112440009,0.06874626847883208,-1.173946486179445,-3.4718000838604777
13.129601611527054,13.304757977535933,13.225819730773946,13.099764048398132,12.828033896666346,12.199333395332074,11.42594214017793,10.763718036738162,10.175172627916382,10.490077932662912,9.971371527509346,10.553574696562604,8.45121799261456,9.655711411451662,8.138209050859324,6.2866001647122705,7.983805396489728,9.237544260602833,4.268839712384163,3.3115563674634263,3.9603731501032735,3.3154337105920906,2.9691684017889455,2.655842660003376,3.484144029728891,2.418393665072954,1.6651676341735626,1.120984591808383,3.2478409132756814,0.8672942949262831,0.1501449722311525,-0.6996117289900663,-1.4042144621002812,-4.628379889574504
13.161941341554675,13.487820289441606,13.124155741352176,12.99521364872368,12.626490742392823,12.07674646506464,11.95320160785551,11.746690853444887,11.158983796274194,11.083294187122114,10.974416265330513,9.97885896005613,10.16783709747686,9.655835022726224,5.766084303280059,5.032208594886979,7.797228806020202,7.240699534108637,3.618187319277024,3.230704448412803,2.4146064734041626,2.0043972120083384,2.537208962032161,3.2523213304066734,2.667466683550807,2.3048761434184293,2.0342103085618173,1.0940324180361387,2.4416342971779414,0.5718756159117802,-1.119391819157821,-0.8174115018513766,-1.8570522287386255,-2.151870493717099
13.329463385066758,13.700925762187827,13.314728484272054,12.90001910055328,12.449894757346648,11.947408707375624,11.89819328681237,11.879688874829053,11.753873475427577,11.511334641353555,11.67488314301625,10.25601606522945,8.592309381360058,7.239574202811268,5.781623859890686,6.463392963417571,4.769716093780412,6.434522384592123,7.596446904666321,3.519182546681847,2.9115786204269227,1.9703858336939026,2.620957305446512,2.497305189231686,3.4282640432459006,2.213191264279474,2.3931898827972025,4.186871901793555,0.6111857205727285,0.46156535768728735,-1.556265105203996,-0.4077506753443134,0.7589485895037094,-0.743527463466201
13.17097610257495,13.271998814364292,12.614129340173129,12.655258078329158,12.492134891154908,11.939566117404153,11.954532681148256,12.027790232898127,12.097108899787507,12.219925280013491,12.41674158125188,6.533185688067472,8.182515797711874,6.319272814665288,4.81478618347326,7.345543482167629,7.921620136911163,7.328486131498525,5.85056349317046,3.5643500259293126,2.6504068179654303,2.238796315062621,2.4561872463902716,3.0405192442518785,3.10963857823497,2.330885752510431,2.9095340518648833,3.405296854716079,2.257846293567469,0.9799762930168057,0.2716369702253212,-0.9959878807690671,0.30419450078492777,-1.3494412127025022
13.139207411297916,12.501386163286467,12.264964822458063,12.906553502728809,12.654438329524154,12.143722340751012,11.732497543219043,12.074934000143635,12.196485955075627,12.540873579136766,12.987361422729858,7.116420037210752,6.384311337186738,5.892821092090059,4.748544607039329,7.611330370443572,6.860103844224562,7.16589896912455,6.384827272651519,5.742605443356979,3.59197260682544,3.0247737844522,2.2627289066722,2.6325586008361586,3.461951792841369,1.8368078222240682,1.8834857193903143,1.9550595416872467,1.8392381322933986,0.8122634538420792,-0.2918472892351401,-1.8403701002852126,-1.337968790546075,-1.5414591933488284
13.801268417687401,13.324790260207475,12.5058485776822,12.944012090638944,12.23783939500568,11.74827972678261,11.693722206918098,11.859006076162958,12.388634954035592,12.524523877523029,13.042307967596615,6.682709493571553,6.0996539426219805,6.207299676800141,4.7973677109428365,5.3053714213562655,7.028614635474011,7.415541195271601,7.442022716206366,6.722561257061322,2.7378243767098853,3.0261722331571264,2.569354649690346,2.300071655410047,2.09164552297536,2.199551876103488,1.3335787535863006,1.6090957682962248,2.2961573048143085,0.3649547676565366,-0.22245497233364983,-0.873971844717711,-2.1141402570546046,-2.144951815344692
13.883715764318817,12.940464813212781,13.019465975427467,12.6750654129586,12.265076294938822,12.262079954823085,11.75486939736155,11.96925683670504,11.845898946748239,11.961860594972459,12.654951136645558,5.929610413981926,6.3161422431773735,6.141331825154728,5.334571896179473,6.7201963944277345,7.334434741983018,7.726918507271385,6.458043911283532,3.7452039473057925,2.6672146912744608,2.110340827387543,2.6562734116793303,0.8912655944164288,0.8614062130692461,1.3170350597554537,1.4404494805550725,1.9469022920426453,1.4772521468762019,0.8206256957202576,0.3498465605041368,-0.86931349201707,-0.9211630739057343,-1.821734768802042
12.92648649159051,12.86652282667958,13.734647452996425,12.999469153263465,12.692102658539849,12.355482086462244,11.740749299402266,11.635389938136312,11.316744483446215,11.559561889377338,11.525825800200712,5.88209136450977,5.8649668079089015,5.08691149085778,4.710693516654363,7.439997002643184,8.057121261421225,6.381185289238141,2.968386947667988,1.3772185479868733,2.3750406350715956,2.739441103102352,1.1738083992535122,1.0980492079216688,2.197220067757261,1.0953452005609212,0.19057975221682288,1.5371653431202308,0.4365240462060971,0.48978691080152426,-0.16523638466225576,-1.996137701847689,-1.6916617229989817,-1.8439851812381332
13.139940067908954,13.228215815952275,13.657222036066377,12.694733520923416,12.74494954318137,12.2363962359176,12.024077762992686,11.48308532847982,11.264650251541912,11.205185243958086,12.205664180699996,6.955200665461787,5.281133726360278,5.01973820069279,5.94797944434633,5.4978209184396825,5.946427434848605,4.334179185862517,2.891004817867205,2.2747831350802206,3.8291272384640473,1.8027750209155267,2.9148936373325376,1.683526539972916,2.765196150342976,2.6466453681545126,0.8480181215230472,1.2358498998791299,1.815456185475583,-0.2283842475393575,0.34876710674520117,-0.04422696302977552,-1.2624007966427264,-2.52026963949965
12.681420728552627,13.719712334280922,12.847894126798183,12.825867025825548,12.508961710393415,11.791868286563698,11.819752921427831,11.190732732664843,11.308366016655114,11.372682831697466,11.118264894116999,7.105774480999253,5.238892283060937,4.913342198345796,5.646205901046766,4.428557866073071,5.881913257254313,3.8608381531157967,3.1416634765352134,3.1999331550611463,3.0392419909603743,0.34070752819313227,1.0550265172843745,1.833422397139864,2.047125963131196,0.421568607113617,1.32815767777205,1.081952551529066,1.8869169262762482,0.7938985112149616,-0.09447495047663285,0.509880300329902,0.01945729360397659,-1.019703767155814
12.82665846664855,13.677148326346572,12.957698581431648,12.622334883689971,12.233780080158255,12.145375940665721,11.151927016991547,11.325214504006954,11.453310821560828,11.060348708410865,11.2743330270092,9.016426836386096,5.088439113527149,4.849717589146745,4.5135425022799325,4.646342103243226,5.559852131816083,3.108458906654359,2.760212105512268,3.296798666742077,2.8304039421222997,3.190956575414488,0.3907136660732434,3.4825582304786886,2.204020288205552,0.9414122528325819,0.3843583002812422,1.9318903622838481,1.8144090935935457,1.8777240454855046,1.1414092874515642,0.05200625594047459,-0.5252955720980774,-1.279021170058814
13.06569748709471,13.06472008923152,12.862801132905544,12.320216676351503,12.613519725980435,12.119724290160354,11.671654342808942,11.496797422455609,11.895177637632576,11.157784061186467,11.289643815528295,9.788163156374111,5.608586269315742,4.604220350011119,4.496569364662083,5.567434166061935,6.7013699571629814,3.948301827671141,2.586651930336644,4.068750208369085,4.278559008614193,4.435418757882015,3.010709668733145,2.2605373439129,-0.06774944954515513,2.303956338459148,1.928637455750223,1.8401921108805084,2.58743932131779,3.070212231921866,1.9240628502387735,-0.27551065703777516,-3.102890323701691,-1.089072505710883
13.00345620830201,13.329828391037593,12.758546535068245,12.058123227932631,12.79938664225483,11.931645705738038,11.327808785857458,12.014480788128006,11.679989751433773,10.941014033865263,12.888081977227488,8.135798387778658,5.182073661333152,4.591237390453588,3.8946364332815975,4.765327281448759,4.762024256613004,2.686806334725551,3.2828672425959855,4.858516033344186,3.550469678551141,2.5077025573879315,0.49872386120626266,2.976894722647085,3.320675069880684,1.5898453811182254,3.228830182712761,3.5313483016103056,3.2650838684485803,1.0730692867299825,0.6969404421056551,-0.04484988231034573,-1.3637946240557197,0.4010807617865376
12.805008937712593,13.107892933405155,12.74321046535802,12.409559152632426,12.606854701987926,12.126340125517707,10.850820324043429,11.334722145450069,12.087202119122486,10.983736597460567,11.289200418452223,11.349011307669839,5.661569700703826,4.096556755807357,4.037161424717605,4.66344579617203,2.780629233043679,5.377449414625507,4.156886895304153,3.651464881629499,-0.38007012761806136,-1.4152758799957672,2.226589211435216,5.3921507407605676,5.180052231770304,3.8198269314411046,3.0790178856927444,1.613737983803257,0.5264888972127338,1.1138808114068628,0.7925394238935232,0.7519545412398294,1.8968215320063944,1.2315012274827495
13.045866697062701,12.49457622531886,12.370379323836032,12.33835262860347,12.008971117915902,11.881002358931172,11.20874117954311,12.323960926858922,12.340475039189124,8.931848983852884,9.309888300952093,9.274421276262574,5.419068027314251,4.564705001058296,4.416737304375886,3.762062300165859,3.338203464516588,3.5685059923627858,0.3541914450804659,2.3560289763688282,1.9820534530183263,3.2415636600322193,5.54689172291658,5.165876710861504,5.8690161359548325,3.101307162609969,3.0004042965374196,1.4823818495862229,0.36189184946645986,0.09601121500978671,1.4298135062401511,1.165074836329378,1.2039231661637007,2.101020528082551
12.524618757570572,12.053034576601123,12.234178290783532,11.705601309095385,11.754514725890356,10.42382764527256,11.430092845658665,9.880460530079368,10.474800298257508,7.604364729215866,7.045794414464883,7.942886451382927,4.365781334287011,3.750588454192277,3.5926090672115403,3.2779485849964147,3.273044887387703,2.8237268020175326,2.6882402624702633,2.590905225406945,3.102378001780045,3.3308809963121435,2.627804927039909,2.531948929181974,2.185155054304837,2.6868107676383346,2.081196344887735,1.8991289293218285,0.9517965958984028,0.6505425660935562,0.3682688640841774,0.4552371171279418,2.3123129627322516,3.5241306858622172
12.12480850879872,11.9395022980789,12.368321997529197,10.57208563995381,11.72816410466937,9.055581362893742,9.251926028434672,7.988822635295211,9.1852467635634,5.88897085320718,5.347554460220184,5.5135082105947975,3.844659180499287,3.4656329414006892,3.1178491136214412,2.949867580622255,3.2948742810262686,3.0454219501043416,3.4030844291658973,3.2171765919063313,3.7916280725120024,2.616121048350539,2.3888837344290335,2.3274365417615615,1.6753568114547,1.9466278713257628,2.0164173947680424,1.476178551179868,0.7533590855048112,0.6302878732801972,1.424481059456583,1.6151865595341095,3.195502889427724,2.6786884021133663
12.135400087821987,12.251397762573486,12.497293124230735,11.528430133100574,11.849957014949428,8.262258618728334,7.909137685897937,7.4617881883695345,6.936269543553225,4.9555679963630475,4.269435568813117,4.50498811501583,3.4283449700970015,3.3309549183049434,3.0961879375564068,2.528378881883167,2.844968436669458,3.1056223005902637,3.2911029621007706,3.1853287985979346,3.224521389962949,4.032472296364144,3.0993842178653805,3.098258362199198,2.7998121317887192,2.4047187943601873,1.4991937802770483,1.5555601267067038,1.3182994999699635,1.916177845381502,2.2408218598080936,2.056979211139943,2.562618433111347,2.2397156221142778
12.011778333117633,11.898855734582858,11.882799105185432,11.12856439574379,11.902791009013578,7.535426143639709,6.337544690498908,6.008442691037288,5.4725843314137155,4.842713475807158,4.506480259002521,4.809744216367914,4.68001139513743,3.808786561793093,2.8171055897472472,2.6555160494620806,2.4582215311437356,2.769656409061514,3.3726928536645264,3.226384345051227,3.3937973513953636,3.072834476639589,2.937876821651867,2.5623538836738966,2.591284846947744,2.1463849471258234,1.7517996471584456,2.252825134269868,1.879671284132405,1.8808671356098445,1.9925347882722646,2.4397107844779997,2.678939618272579,1.8099885143384007
11.136347454112926,11.201763677604063,10.99569252600479,10.32274077147601,7.759754137036464,6.980961640300495,5.568802718065151,4.974333246114164,4.920223494870191,4.393766730244119,4.864909564060536,4.615302364121637,4.263562573820391,4.485637535415545,3.755162111658108,3.3900050532650083,3.0463425454830038,1.684816503076526,3.0894313055607348,3.189502407943887,3.040844689422744,2.3416645131977543,2.8205806593532614,2.5410848639052546,2.7410884805488105,2.6427202300507315,1.29465824381525,1.1099641030273462,2.4097271614295694,2.603955406394701,2.2613051567108764,2.1125797633697956,2.9433263465767183,1.4320170481455807
10.836280553267946,11.416212210087158,10.776197291431076,9.157097314440241,6.734376535530825,7.940938064302572,5.249593872416074,4.716395802972234,5.008965171321713,4.939785429965498,4.417957397285145,4.449921051189688,3.938618863380114,3.907925283727882,3.465235608089155,4.22366914107566,2.309291430366139,2.5877219435179923,3.9011050123516173,3.3754021991275285,3.0796996773659693,2.382781415777863,2.098807782115245,2.4579215298927526,2.5821281323560936,2.422888811576323,2.2903598083778327,1.6198825065950504,2.449184660062293,2.4006660015110444,2.1393548168695764,2.557518279519028,1.6372804308384488,1.4903492682253652
