script/wind250m.json
{"header": {"parameterCategory": 2, "parameterNumber": 2, "lo1": 3.000054539987559, "la1": 64.9999836372058, "dx": 0.5, "dy": 0.25, "nx": 34, "ny": 52, "refTime": "2025-12-19T15:00:00.000Z"}, "data":
[rows 0 to 24 of 52, columns 0 to 33 of 34]
10.488656350513187,12.247340245765892,13.731604311473333,14.671781103515148,13.0899044105052,12.640053318470297,12.255603019001985,14.141046302258497,16.320522885993658,17.112462140830832,16.301034138617233,15.290910775277126,12.900131758737398,14.328762240979563,12.272365260589018,11.843594424597132,9.843976308029182,5.514409534003578,5.385386713461947,7.651948948560981,4.483999678964003,1.3789019379927845,4.8078416998806155,5.331105090542928,9.59407437065529,2.4551055397528962,1.537791253294408,2.3353667085316436,2.1636270305337097,-0.6683428599350176,-2.1833799049291662,-3.2437348647991686,-3.07436509628083,-2.643319638398554
13.956704769082148,15.328787098580811,15.762022979353643,16.69040515191993,15.882101732413094,16.50699869239782,18.091236156687515,18.462518088407137,16.404509354741396,15.552793059476528,15.730988892069211,13.080238242342444,12.689117656055478,14.090034756552097,12.690924919922013,13.092689201190757,6.2063120355210915,2.9591889763165984,7.130441693716497,8.462360778231162,5.931474524957572,6.180469137063003,2.927061647603853,7.697407698142387,2.3923939529150937,1.5114125789957242,7.122146563410745,2.757613978462848,1.873194296870353,4.516399914228201,-0.11073529140923014,-1.0574412991995916,-1.9178456889221676,-2.833491201550297
14.785950441819892,15.071513514584097,15.526239609999141,16.426442978225744,17.236108308155487,17.965881519683286,19.76446904991686,19.613793003001266,17.310854031355284,15.957967917750786,14.296521076304643,15.319371700153107,14.753025842977907,16.73159823021905,13.548020123849792,11.542838077461592,9.311153614672499,1.7732758291197346,3.359406156725213,2.4888053704432784,9.121083929071057,2.468451164354644,7.271365502908361,5.80217148582181,4.490801276252873,1.1108970137870755,1.2966890342914943,4.482278751537604,3.9198632871564225,2.6598915453747614,2.162457351297362,0.369504054204944,-0.9308542454065941,-2.100615618131725
13.161853976130319,14.423580160757105,15.912527932941362,18.05478040587399,18.54746434850154,19.04633830619216,18.803107353478403,18.010058794649964,17.06643726158883,17.061964438122683,16.66350246761681,17.569342518975052,16.03258703073008,13.210565311518325,11.290728210903497,11.401190071502157,4.848837243649647,5.68714570562164,5.878729055660763,6.52877427497314,8.59191456798276,8.182460329665576,4.849573582761323,9.295253248334031,5.729464949294186,2.9685238644366354,5.090652362726799,4.031306238212783,3.9832661690832043,3.5637649079611906,1.5354560467086105,2.8571913326188114,0.4764231790843977,-0.5296578582429514
19.33843181616748,18.427851665474197,19.69696555527754,19.008697770764062,19.599171161748835,19.776043003302966,19.288012793465544,18.348062085973247,16.47988427126442,19.72403623909821,13.918914949244927,11.528494764533393,12.724580700153124,9.390141097584792,4.553044153707073,7.873274097460463,6.49281917088936,4.622723697855133,4.79153810969838,11.01687692236925,8.823203317096304,13.376225130645208,2.3591387328465636,4.973990176901593,7.271810802310598,6.208638890191835,5.265655849695239,1.87094877872352,4.519052638221054,4.315984213703545,2.1879502060771046,3.282806356173585,2.015735750967914,1.2855907573196266
18.49166213790702,17.706445263118248,17.71644820793868,18.523001022717043,19.413310427287392,18.673901433054994,16.343424130340154,20.919500461486088,20.22132247426943,16.10049292412546,13.222336812151056,9.933708602017893,8.012919131095643,1.5324941741062956,3.997943267657311,4.928209737842699,5.432726198132511,5.111912615075075,7.024101113248312,4.2689802690432765,4.245012825176769,8.239753056114726,8.862705447397348,3.9767674518857823,5.595818484531689,6.520511587601712,5.757191262693067,4.074205572852323,2.6434812771847214,3.8194973129221768,3.747610737731733,1.81479349904145,2.082493350618161,2.6838125650844087
16.03651196781445,16.48428216574001,17.22853350053459,16.66295219222398,18.28675594604624,20.275205837845682,15.564786530791922,17.035045911112558,17.47423240073554,13.281623313735873,12.244806084950811,8.387764244343266,6.2858368501725215,6.641148062895731,0.27312628805484745,3.4160238850834896,2.3442394184975495,6.549596646478857,8.965650042216453,13.933268502114073,11.13911486774338,8.236573150187075,6.749475259139004,5.777256997075408,5.85360267770154,5.108589603858469,8.545599674634566,3.2698447998426308,3.8032148768165075,5.626530079018253,3.4941746224741816,4.825094396464864,4.194638506418114,7.189514321308929
14.920725902138718,14.025563950692828,15.804423828287547,15.730067419874864,15.617944799049294,16.793441692561004,17.062307802420772,15.351407901940881,15.878119227285245,12.036197207936924,5.73482266077422,2.8029144192624953,5.665720385292349,9.166196001146952,3.216155581567632,4.72874058057073,-2.2899281509953444,3.7212313844336653,9.248062660887102,10.927996534057742,10.86246947923118,8.917533574254351,3.3625637945785045,4.885626651173875,7.049184782680716,4.738166027275972,6.059618686038629,10.88506943843306,4.467992639517577,3.995109951662,8.203964390293665,3.100638563559888,7.561647340448238,9.562083076855966
15.479164999907136,13.419580897217726,12.711082208801095,13.70325660518956,13.504206896184092,15.487256167084977,16.394037441717227,16.296226694083234,9.161225664423622,6.309683916994295,5.372132996165155,3.2965019162588423,9.597175065253783,12.598813016673978,6.624141890068664,4.370353172830146,2.9800506264220497,9.299144923445649,5.70688904474655,11.000765717066795,17.935282925148663,11.167578499467393,14.218589271664131,4.5076577064313605,5.921007520282058,5.579438425772411,6.840027542166951,5.411533500341932,8.010394879312999,6.641555673664492,4.961642372206626,7.376579293978896,10.632052151466103,10.94450250016137
11.914796478414582,12.021026786331415,11.753020816397386,11.793407543476008,12.419336834598314,13.903380321448589,16.29538528156329,8.220771646662383,4.968407918700139,5.658942501257714,3.621273854456321,4.750998142806488,8.319861383507323,7.682402977467716,5.772796251371889,11.461190297828256,7.714063254663525,5.71570193441644,6.7540695970392,6.083131021133857,12.450608197863906,10.420849866118878,6.443283644985114,9.84411495764858,7.981312304074775,6.068601884747162,8.466549766839758,8.48484025806634,8.213380972768643,7.039291320318627,5.786679211296398,10.623594559201928,11.38694821459534,11.973043024101045
10.728465993503779,11.644669488544798,11.307666042705002,11.631063805319629,12.781086586975192,11.600099521495123,9.683981917022686,5.92137812478261,2.114990570865936,2.8380457053998764,10.736867346195977,0.7918447078507251,9.518449098715118,10.236007184664954,11.541902246087947,-6.145122398789472,5.46717711050155,6.383631971999467,6.308252731151287,12.185239042809556,8.440480356148072,7.174462553014916,10.190957533573467,7.221434628539083,6.2596787280452055,6.121286010674566,6.264169297456151,8.449170892322229,5.562097310921065,5.636729556918392,9.375411722607904,11.149540187594452,11.50366902178509,12.082983959403304
11.167358370289628,10.719037312022692,12.489164043721457,11.864157729593963,13.076390075451062,11.175172079160435,4.697494140835911,-0.20521043299247727,1.6144662087276977,8.012743180896317,9.511231208318067,11.22128691519663,5.1479679755105,6.895227908742797,5.066200673793304,6.3591952724982335,3.003698199729179,10.905610723089852,8.921179254170571,14.101690020001879,11.642452674778308,6.577795820603473,5.683676044081148,10.545460719182834,5.162452957912104,7.4896214576080125,9.673502435628695,11.656970576714018,6.990578335757674,4.237108867727854,10.189000851258424,11.570779730787974,12.351850828724166,12.496562720480402
10.207967218072412,10.616775415150693,12.54886626712502,11.025467079101523,12.602926481168707,8.322579649748427,9.532313650195269,1.7827502677767284,2.3755289554105143,7.3365551083856815,8.651767689325572,9.092270736019028,5.43192481087146,6.675167268589867,2.5836171974090263,9.963671951888525,0.14886988107116805,9.10360127606776,6.1242098463296335,5.302455564452804,8.349396113936043,11.64154794342259,11.01289873207615,9.83781700493719,9.021998109980352,6.205696700743768,7.843142642440086,8.400121279499869,6.316870437619571,7.33595491142597,10.432013456741734,11.435365347103447,12.751220567703834,12.925951470237631
9.831804425118332,9.442676549847537,8.694860005082937,9.453702610427822,9.158614741695295,11.289481671369975,10.876541269726204,2.0228902782821376,0.9728322550477732,9.61377435692038,13.257070770175858,13.233242951018706,8.337236444152621,-6.497743887757423,0.3580944593948659,11.405752135866802,3.050401553916102,6.570757756289826,7.03997010659379,8.1314651574744,7.6741995977220325,7.505400215339447,10.901254021329732,9.92186481640678,9.015521055739022,9.300937710446707,9.028044272259248,13.236417549309007,8.680973534104654,8.900550134399976,11.944282777710253,11.104102870294104,13.17953977041184,12.97539076605842
10.366542768744715,10.190402679157724,10.519181601006217,8.606375190379609,9.632241060874561,7.659349581351406,5.180094631771243,11.886191836408955,5.34968193847318,7.5162061337685975,4.578642796740949,9.617993746406174,9.216314604107435,8.66219839393672,3.9776800185505112,3.3079085475596166,2.468554447462394,8.11365838500287,6.514440371082301,4.371514255541617,11.628755110627406,8.260558503214641,7.627522164778998,9.534642798203535,7.038131618475383,9.074426358549482,8.38291478752234,10.024236908189238,8.553095450174961,10.02535921468064,11.84536188204865,11.350594781447294,13.024240856952,14.431014608833957
11.031727327739397,11.401575623149895,8.440687768676373,8.107652627302448,8.994946231159487,8.225423018501248,7.3943695473770585,0.9194035027437276,1.6692799927399837,4.370864255134847,9.644106421310951,12.128780316502754,3.2838019393263522,5.646091851669361,2.1853123927990885,4.414455989624577,6.556722590633965,2.373953427822185,5.57241676805171,3.7274830775088863,9.026890988569656,7.141783711144482,6.238956213092204,9.379047464031064,7.521118255322458,9.179806158867864,13.520604489114973,8.740030825246922,7.024714094375679,8.56268821082631,10.303101022793014,11.71236538914295,12.100356892914867,15.588163372379737
10.994908626905096,11.499376049111069,10.65184483643781,9.721523465490094,3.429114025620949,5.393417269002639,9.879072782222233,9.02737461138451,6.191277413194499,8.066071765442642,13.898888174744668,11.857125826732547,10.01640819562108,-4.401944389968105,-2.167364578336903,-2.6817080551134436,2.331019319973276,2.6297918144727404,5.600686364356176,4.819663910506512,6.33844125514517,6.257928726740377,6.247110605224053,9.84139997179536,8.148503779294149,7.889385340500898,11.787947946151505,11.649679546349738,9.101774067143218,8.203479571034459,9.74358517181983,10.016948328654705,11.874936825652929,14.36780007825683
10.935733577626745,10.80806094524185,10.37689371708459,9.35312893620361,5.805844584912998,6.492115819904874,5.530562144911822,3.199685608573115,11.243088079746473,10.030593717679503,7.937503142982152,9.302380498696113,2.3517338717363114,12.403633349676305,2.1925587320628463,6.795777249940712,-1.8573028196967558,4.099711264088836,4.410511844913385,6.352757526618221,4.738367495133558,7.069145800878926,8.549094794724002,8.910454702008352,6.937859463258437,7.971791052047522,9.439547941661644,9.53328013600056,9.663918670038225,10.143808901040067,9.405635083637769,8.847103387138999,11.087560300472505,12.811960673158234
10.521940617153508,11.002850778463785,10.839888808772747,11.555460762147685,7.900836943726155,5.515278901330844,9.94252809200329,9.52776373179979,4.078515219261672,9.459388415423094,9.292217209400311,8.409498298762573,9.339382335575028,1.7351899591921645,2.470756405616352,1.3472888031269785,2.68592274760799,4.6699341992695445,3.3574107466034686,5.051849476264529,4.085108579851552,6.230896942971136,8.38559592156815,8.78919221982047,9.101147343753091,7.752308129373784,9.099528523484594,8.795659442377012,8.117797607398154,8.17552773307431,8.023618364762132,8.500911718649073,10.422085714702034,11.254951757866017
12.031662074927613,12.111810599121425,11.907111073015118,11.480751841286176,8.470560750245943,3.9223467135114127,4.13488091182963,10.840444249216665,11.475882776232531,9.773080413682736,10.37897518912771,13.754701971235306,-1.1233165926650264,9.494051424601516,-1.3354189500627436,4.275069076562899,3.361921257724774,5.813370272531851,4.187375230263162,6.102296568444624,3.000012606717133,4.527000161039406,8.225582533746039,10.098370512478986,8.645438954602476,7.675215136916619,8.196992114564631,7.426008108390457,8.224042742925896,9.065553468105927,8.175933935907334,8.149928277675809,9.902618820880585,10.355173425079727
13.059301662891711,13.294554990993587,13.89975813347525,12.74691182571197,8.864357923506057,4.880534543493208,1.069859226278959,5.439553221886674,9.81683182228343,7.280894912959142,8.038850933283246,12.863661165523139,3.133790999280416,4.94900712471326,2.789573999484603,-0.5027871981298045,4.828060625351833,3.5907896875738268,7.772538881502945,5.497169795848555,6.084892256489542,6.496093366843829,8.379080491237032,8.083514439052244,9.6716963038584,8.925569148919168,8.080462106242104,7.903013316702131,8.59638846604815,7.715909020698827,7.860747283978346,8.048704285845327,9.345504541344836,11.52928498777899
13.141812578670466,13.907316256763108,14.199422225181262,13.750654924799958,9.047203138967207,6.689213737970165,4.345703176729532,5.161293728834654,9.713149859807864,5.527771097110749,1.660983028121584,6.121914052604582,-0.11428617253428257,16.216890649720757,1.3854015870806697,1.8450727307812924,3.9710244572307243,5.3971053704461776,9.296824426671604,3.4566161880597117,7.4462094017344835,5.998114571871904,7.091919482998825,8.858804660201887,10.253442110802347,9.990595958898751,8.076338449356419,9.836780005423135,9.692183950153854,8.155814333270325,7.533578480406755,8.06137938368191,9.335453738720387,12.702370952971101
13.828401362809137,14.594270117387683,14.88712285838969,12.490377069464007,10.572280949939628,5.492601800875551,5.12679133718957,5.139780396326121,11.077194496929073,9.507826738701338,2.6159368637772102,5.991506826696421,6.513991678897174,8.04730799722421,6.226140479615394,1.3469454391572886,5.80036224344396,7.86245826149391,7.7345048931229385,9.051036272097445,6.580621917678188,8.418021723945273,7.748000038554144,8.307439934957829,10.487191282620344,9.36820100393823,8.348119315571036,10.691337228584244,9.685053920755788,8.881496604565543,6.913914256384908,8.462946675150947,12.336791630588069,14.128128201704842
14.206551808973352,15.201793449070795,15.129761137413292,13.471400106575238,10.518387364008444,6.70019311916216,4.779680876506137,5.344292490528674,8.29762704559966,3.04495222360441,1.1071734694204987,3.1323746640515355,6.131560772073853,3.2084748265511807,6.385221029358685,6.99293420360613,7.828913542598032,9.265473232022506,9.233936488200664,8.26626176330083,8.24849289954916,9.241647509064375,10.827433001991064,9.563412115828319,9.505137096915336,8.92344023940108,9.465778186931562,8.853086149520237,8.51400982491887,9.270370354105653,8.823898160653055,9.300055782559834,13.089520368518789,13.775796560406967
14.156237187232136,15.2339051759734,14.90696930218312,13.78344511218893,11.794922441359045,9.81816660987703,4.831666969275765,6.263552526944606,8.71290444111816,5.378402409754018,6.626184697144713,1.210853500719763,7.7956669462990815,6.2434436985032224,8.299051349943014,10.15899471443721,8.670813623639495,8.853981673546947,10.057293147714672,9.16758748489641,9.778151371714005,10.397263049471567,9.404550487093568,10.10251495685094,9.691148781425822,6.87625931329163,7.799458814090044,7.696986700056483,9.135242847517702,8.164952535154855,7.9851355294709885,12.535176764499157,13.985692192363343,13.362686460914906
