script/wind150m.json
{"header": {"parameterCategory": 2, "parameterNumber": 2, "lo1": 6.000198445256149, "la1": 58.999992894266676, "dx": 0.5, "dy": 0.25, "nx": 22, "ny": 24, "refTime": "2024-04-21T00:00:00.000Z"}, "data":
[rows 0 to 23 of 24, columns 0 to 21 of 22]
-1.7277474981152605,-2.0339067642370234,-6.070892310840251,-8.554922581205505,-5.542165434176356,-6.096005294071632,-7.851846193868499,-0.6741085577074146,-7.12546404051069,-8.03899588070167,-4.387039499560962,-1.8228022151546615,-7.179951827459355,1.6250948091312936,2.1356689660613313,-2.987118327397439,-2.118605470199275,-12.387352348050499,-6.906297716725504,-3.6526701059779274,-4.016052117124561,-3.658096010300313
-3.6111185807918,-7.107421054005375,-4.357751586262766,-2.0644711555930795,-2.516405929029999,-3.9497866210679113,-0.6362153808878326,-2.521552595063028,-6.632075120763777,-3.9819232171473904,-1.4781099610104504,-3.6083003138794205,-5.701187298615534,-3.8545826037255457,2.378837132457121,4.578555193597521,-5.0120223973262,-6.884416366683653,-5.130093483144247,-7.125150697302916,-6.5343952629012065,-7.289218520678254
-4.095696260423232,-3.9708015532345824,-7.996573704427073,-7.983732702067174,-5.60508436412042,-2.562148660244667,-1.7725717039062963,0.7588776857088873,-6.3988310668113835,2.02525566520095,-5.803191039607068,-2.8860042452253123,-4.8642506856859296,-3.4999990707506523,-5.375595342433147,-4.217135597062564,-7.5842918619403275,-5.532799335655431,-6.2166146084719065,-8.117584336009514,-9.665185317324461,-4.5111743184292825
-0.13077025350582497,-4.035720102506497,-3.0609729245577917,-7.207839907101489,-4.5814420221397,-7.690368757036282,-2.3693380772762973,1.534853477372061,-0.6311370768026953,-5.877215312784181,-8.639220244040292,0.9249958268439438,-2.2678255378577603,-4.756901255265536,-7.245085568352536,-0.007840508083096899,-6.298036176398038,-7.967144356061772,-7.242390705104089,-4.463023186087032,-7.726257638370912,-1.968876766027654
-1.2135702021213954,-5.903266250804377,-0.5465517358348653,-5.905183606907215,-8.739749949823986,2.2799148621257377,-4.109325937646939,-4.750392282025502,3.545221180256669,-6.687277929420508,-1.895226527224561,-7.44454892868582,-5.87410035418473,-1.891849745345571,-4.677628119154638,-8.40555000324339,-5.147924778038504,-8.028172892342196,-4.0998892399820255,-8.711626234752748,-0.5132694131210344,-3.977428527992408
-0.6436158919913596,-1.8816291730739318,0.202533891691265,-6.689621371032159,-8.038932848009678,-3.785775467108318,-4.3427957446092345,-5.431588079366876,-4.752336512562129,-5.0062671333632895,-4.622673481557015,-1.7033951125643096,-5.560282177557709,-5.462927608225022,-2.607615919404446,3.1213165447976903,-7.488458448816675,-4.656542332589843,-6.940042043039144,-6.490270658798943,-5.4130899415736,1.116547792443657
-4.014918347395479,-6.612652579473402,-7.743795985916898,-8.540479860789755,-5.209046069090697,-0.7334217465933546,-3.606570252459139,-2.6954702122562497,-8.569096924390253,-5.813118476069407,-7.164251715838759,-5.48080372200023,-4.820391832944459,-7.759491875178979,-8.067684317516315,-7.886095202339587,-2.080861851661766,-6.985134308518415,-8.590928995699171,-4.899915826780622,-6.827311832265715,-6.534323564008215
0.4066447479749921,-3.3964701725594595,-0.44259190980950375,-5.649739316583188,-6.681112740380316,-7.1792412403853465,-3.509907299708238,-5.866633434089347,-5.5838620616632575,-6.117788163046542,-9.224467464510786,-4.853472545201179,-8.10828899745794,-7.7214488709089295,-4.013721472706081,-5.29439138612639,-4.9620910332941985,-7.188974760207581,-1.5494621125395245,-5.216839870784912,-1.793661831266147,-3.688934121428191
-2.5088326018499654,-5.105625000643005,-8.34990624346965,-2.9795721065410596,2.3393661822042713,3.3531452976208986,-4.779975910530342,-5.401826757883184,-5.159289970291716,0.8006559951180465,-6.006359222989343,-4.847707430416593,-1.8523299971990825,-4.342459264655158,-3.163463862039498,-2.638989018702933,-6.397810448624393,-5.847501623117094,-4.498932525628223,-6.391364258381101,-5.530828009673932,0.5201078041646272
-0.8162615702312871,-7.018408090662721,-5.9097717390839835,-5.635532459575552,-5.131382968730601,-6.885041488851459,-1.0159219188943234,-3.8722446395044585,3.8139077935770014,3.8908134500087623,-1.2687825188662663,-5.459544948593267,-4.646539361894912,-7.36626266655273,-0.8654647710008754,-9.583864642348622,-3.626916198948613,-6.20213840611595,-3.2145406284881037,-4.757110064502758,-1.7253401672042883,-3.438742963439371
-6.3018279965784965,-10.31025641183236,-4.380986354204949,-5.7518518584409035,1.941227660050869,1.5589786676684565,-2.8786918235560304,-1.4736816512705084,-7.693100079061193,-4.064194870961637,-6.088529642529565,-2.718242384476968,-3.824278947548637,5.355738418821569,-2.8219893581672806,1.972684221102066,-1.1365471363502258,0.8811134815979755,-3.7906616892406086,-2.188493130068041,-6.4562549693655304,-3.881061837447548
-1.8741874395267695,-3.922387325778378,-3.0584299165363307,-8.398264140984965,-3.2001951111408347,-5.282407136379679,-3.8270709451411764,-12.115558726433237,-4.698104030391307,-4.7365735475981685,-1.7314663862082411,1.7336767710622611,-1.9499406448628114,-6.6718127532638904,-6.097042547127105,-1.894335627161411,-5.863481843366767,-3.02397626134131,-8.333368459073323,-8.604795356738855,-7.9973685104948675,-1.936358476586131
1.103961488686989,-3.7320408964120646,5.814915001815709,-8.149990139572157,1.1559029989633813,-4.598031682540038,-9.289313640723341,-4.759453728198169,-8.977953437101588,-2.9896097839641755,-5.119875346711923,-3.4652979701078372,-5.759244780923977,-5.162413334269405,-5.646882871630296,-3.378166674628036,-7.726576275435502,-3.38341678885534,-3.9947525288766568,-6.0220973836970035,-2.581726984060258,-5.801809425469978
-5.300388741487075,-3.1714975564735854,-5.790494788848186,-3.847236853852867,-3.7258298121462983,-6.830778154903027,4.4668458069004915,-7.240433632734767,-1.5069699954931224,-0.03183786737691791,-4.747578220457058,-1.933916971218032,-4.089361518946558,-6.0723270475899245,-1.888666594962961,-2.0184385609153614,-8.889559788671592,-3.4279196997231263,-4.13734157925688,-4.2042798836697095,-1.2679914318381413,-9.02973099688579
3.528630873754272,1.3265599492218387,-0.5589144166536433,-4.6785048977622665,-7.967435536231183,5.173441943294873,-3.244391277976123,-5.261862061269277,-8.389173581994177,-5.004441152899872,-4.19746467749295,-3.78521596675008,-7.473192451800614,-6.984487044205071,-7.941153293725546,-4.822620370325149,-5.712423043861091,-0.5775593532968027,-1.916265870477679,-8.092596435919198,-4.427973776840355,-0.16894580192490674
-0.2909973457915176,2.0995552746685955,-6.711372921899211,-6.846174214054267,1.596495748939655,3.388835199919545,2.010377074392143,-6.028061460218019,-8.001969126868678,-1.4049725629015282,-3.3332833744909673,-0.7461272661717819,-3.460403702533338,-3.514644993919678,-5.831034629599795,-1.993354292307594,-3.886084378211006,-4.689786181450312,-0.18809082327615056,-3.656669586902978,-4.9107357683278305,-8.028057702638941
2.0032781237612025,0.4201582779010702,-2.7855176077548096,-8.260639252339173,0.46921757568207195,-6.530734046719914,-5.800068367224796,-0.6052067605459349,-8.261762192778862,-10.452248314582476,2.0832310174783757,-4.972104741431822,-0.767719140259358,-5.892466930610214,-0.6232754551772907,-2.344582297287513,-5.912379618577128,1.5066951690291133,-6.907198610410394,-3.5248937185438116,-1.085337799127546,-6.191364598522975
-1.9037057350939548,-1.0527728091071378,-8.343005171862677,-8.155909313595194,-3.843962388144745,5.328938217293981,-1.3660473585131956,-2.5093672803666065,-4.7397720207275125,-5.28184825931086,-8.326268017750975,-0.472383117352085,-8.194924970717295,-1.465561437913851,-6.586594055571405,-7.347896880080955,-6.508386648464781,-2.6802208942398464,-4.416463241560337,-5.627030593528882,-4.871975579427594,-0.734600755141662
-8.612451379908043,-5.379490728888945,-2.6910044966296756,2.0202003130853154,-2.022945566488614,-5.64514962683279,-8.171967501951988,-0.3966531457041151,-3.476925991884839,-1.9313782227334224,-6.221562408335133,-8.192802902805518,-1.5218854780471243,-4.509831881307354,-5.56864315882596,-7.455548580880162,-6.395349472987943,-4.596741533897771,-7.623236518865368,-8.967992504932509,-3.8969250728319382,-5.871117707629337
-3.636080833951566,-5.579115446238971,-1.416311347250083,-6.62859081272893,-6.510152822361019,-2.9945280845125284,-5.277165950820569,-7.461387759374383,1.662344891275191,2.560084429705242,-0.21139869026645125,-5.72888426135525,-5.531078620339946,-0.9089152326677719,-2.506252941384487,-4.6606666661932,1.1987808765991703,-8.1825013470983,-2.2221389756291696,1.3511438362751897,-7.506447196652467,-4.929313543360635
-2.666042202442808,-1.227937418046912,3.93218688597597,0.4402441179807405,-2.2393402884321563,-3.7525230943844057,-5.410807155325955,-7.902424219092698,2.4877429791444943,-5.198774867380167,-5.736754805283381,-4.2687659199172,-7.869466621686456,-3.2163458978852013,-5.016275397225418,-4.9684808073296765,-5.841372297295273,-10.154435473221,-6.050476532393562,-1.5808186603006418,1.385468472610843,-5.893635356606706
-5.849356422167891,5.222030889851314,-5.796226200581215,0.8751955820004773,-9.086438394307331,-0.00613587144570657,-7.6499758637956905,3.9947250544964086,-4.07502964240982,-11.068624372449342,-6.290624009290329,-4.932834914522523,-0.5889940605289576,-1.10306661924748,-5.961118949191883,-5.720423484110415,-7.985456795083002,-9.742662777232573,-3.2146891262764057,-4.818985342607951,-5.18733311953077,-1.8346923139895668
1.3642272821633645,-3.0680581838270857,-5.077195775388698,4.052965211951679,-5.661677017882363,-3.0609132631588074,-1.8423631433529772,-2.3930344796546468,-10.68737296515195,-7.528866225448073,-4.903903017550848,-4.238813180438228,-2.4822592010820888,-5.655052926119476,-7.024827259467977,-8.417691854481768,1.376566927562012,-1.9130816620615603,-5.95170964787966,-7.891950740327601,-7.34446430516595,-2.7134809932476704
-7.1633188417304705,-4.426892869527281,-1.8038429193204577,-1.4876706735732497,-3.558506166041767,-6.186732270797125,-6.120542139567453,-6.2452799775300205,-1.7190709906177288,5.3386293298317105,1.891910465028735,-4.670447785020547,-4.382544172053818,-5.004494119372672,3.2684785124760425,-2.5283601951222088,0.8280500678832472,-3.9014983444234295,-0.7769067568966962,-3.9888476919513765,-5.337503943254567,-7.946461805564908
