script/wind10m.json
{"header": {"parameterCategory": 2, "parameterNumber": 2, "lo1": 6.000198445256149, "la1": 58.999992894266676, "dx": 0.5, "dy": 0.25, "nx": 22, "ny": 24, "refTime": "2024-03-06T14:00:00.000Z"}, "data":
[rows 0 to 23 of 24, columns 0 to 21 of 22]
1.267401815655663,-9.8419627973604,-11.196330657850757,-1.8675753105433899,-2.3130805847163267,-1.5384568901214044,-1.4625514542480704,-1.8472862912740282,-2.7133385155364405,-3.413542061068294,-3.6372942799794843,-2.9335880502363136,-2.6776064839107696,-2.3163282782074432,-3.46264245606277,-1.810368766969637,-2.8731195598614967,-2.199293913693184,-1.6164991151485082,-1.158166086573664,-1.6524368538776868,-1.710284284635285
-1.6766004768890468,-6.332472584010634,-6.8581084036813245,-1.8522085445946,-3.306295900530067,-1.8648499999941155,-1.7958997336494322,-6.2449729999284305,-5.9198859395178856,-4.473085111760917,-4.934271116688513,-3.3840624581922816,-3.1855502729575544,-3.041813123476555,-4.617405889193944,-2.1110123262314135,-2.1840494235884,-2.654448550019466,-1.9442649444410856,-1.583066295334171,-1.4834824538911653,-1.5476033511514953
-2.75254190888719,-4.152418226001374,-4.423636463527053,-2.903915830853619,-3.419286090919005,-2.4822708855632767,-6.942074218427662,-7.189367003156651,-6.617098409778546,-6.430082557868688,-6.4591953440493315,-3.7064329062810533,-3.2857162736966825,-4.121837241013911,-3.5174651217410284,-3.2272083378615943,-3.105091845744996,-4.208530763435293,-4.235853418771624,-2.5629306460765253,-3.113013460735937,-3.2366079741608873
-9.148540624313355,-6.444933791808266,-4.98912368355307,-3.301008389284706,-3.3855544028447535,-7.10020887280703,-8.223706031719091,-7.821779611372324,-7.9000682619550116,-8.266221328996021,-8.58834224971321,-4.3191477200915,-3.0455492423904613,-2.6986112613435274,-3.6205213193152006,-3.274680136991396,-2.7749538095375437,-4.397591516124824,-2.6372138544938,-2.6206593276629233,-2.504281868543692,-2.64970664413617
-12.567830833088959,-11.821898761131948,-8.156844569944544,-6.8056351656639675,-10.70612030452883,-9.288741588918846,-8.57879305804481,-8.423751505989845,-8.135057334781168,-8.596889335125631,-8.563613122862497,-5.878771104311429,-3.067393752246595,-2.5199984858619158,-2.375651094143341,-2.659544138852012,-2.7332330328741046,-2.9658321247327413,-2.742410763317325,-2.603722480555508,-2.6665437963905845,-2.7670208009706396
-12.860376870496667,-13.479571594774207,-13.431183488082503,-10.990200237337309,-9.500082782702274,-8.832098475334204,-8.397659676313792,-8.378009498585858,-7.940719946387252,-6.570046606416029,-7.713516459219219,-5.465083060175312,-2.560385739016962,-2.48175963368835,-2.4312050368080436,-2.3814231911272,-2.168191772998308,-2.601588762060167,-2.466906639583315,-2.5814493797109384,-2.7483765928803994,-2.4892136043767
-6.875340779626425,-8.101321048842994,-8.80749085232834,-9.317749938383928,-8.712693760647714,-8.392690262380237,-7.844366577569429,-7.218191751606245,-4.711479395530694,-5.618319186458153,-5.743635979169213,-4.415100222294652,-1.6814327909787499,-1.977008383662627,-2.605741280310526,-2.614476242629473,-2.4062835568013456,-2.853719782977496,-2.6707716100981242,-2.535553022754596,-2.801790556950916,-1.9877944585127354
-6.034040948091011,-6.95271894977028,-6.664676136270255,-7.669590445726612,-8.35160968571621,-8.176587118125404,-7.25786255899216,-5.261850786819044,-4.384639349509877,-4.925263053158914,-4.832708833122136,-5.424712654605497,-3.6773858385556464,-2.398722027352656,-2.746399107182563,-2.8971813284557864,-2.832611842398809,-2.6212894140178085,-2.5608844839192706,-2.5776043886146955,-2.467002167567833,-2.7987182417584155
-5.708509967665141,-6.147149990201089,-6.399197484075773,-6.595576183585855,-6.254001711980464,-3.1022697223486344,-5.556994205882266,-4.5186996444047685,-4.491139938662871,-7.370239403168172,-7.541815675837785,-6.882374182744916,-4.698055598771425,-2.958737714364713,-2.8045173706455926,-2.6729925743367833,-3.0269878673248463,-2.6291497712271292,-2.7744659390623414,-3.0208957768532745,-2.2207950013875197,-2.13323967631359
-5.347031884316607,-5.450200588336736,-5.919282307393812,-6.605203922814195,-5.545689424354975,-3.7290670526544725,-4.135505644817538,-4.252777688564695,-4.289731847971195,-7.108582105475113,-7.466497932409254,-7.663913504505832,-5.943681705286774,-4.093296823212401,-2.667456630573957,-2.9367941006396228,-2.8653014597802904,-3.1253603676190393,-2.9930438999341673,-3.0369840654942792,-2.5919914114774434,-3.4834125874508013
-5.434114245547295,-5.406861169463092,-5.678567093356383,-5.261111027372042,-4.465881558157055,-3.595248883622806,-3.3102196890733055,-4.2589523640538465,-4.091031823550713,-4.098736529728436,-6.304992725938536,-7.481022484147919,-6.936343209754881,-5.103434634259181,-3.8464211238082084,-2.8357085491904654,-2.6411079385861016,-2.890127628143165,-2.877941966391435,-3.0471091224146325,-2.830960145801453,-4.8059976972649
-4.879113943896911,-5.264383561795014,-5.062433310366567,-4.0488526825038855,-3.451498282326348,-2.232270738471027,-2.7790865999015915,-4.223678754601321,-3.7180150944967982,-3.900167909887842,-6.2935376638068155,-7.571076368960659,-7.02591771370058,-3.7454749151152797,-3.363257969779576,-3.0810604860416797,-2.3773448048067647,-2.9144531233018762,-2.8083831159094967,-3.3560454506487454,-3.9942565606698435,-6.042421323734788
-4.361667636315468,-4.565214416891312,-4.47072503105633,-4.242083275995438,-4.528258097194773,-3.126313791657264,-2.5832768006685076,-3.6308828156821873,-4.270393455198944,-5.1053047546922015,-6.468161550258711,-6.017800999682101,-3.828824305148408,-3.259458602583511,-3.9988990404640026,-3.2483294316274534,-3.0658695277600434,-6.034317505629553,-6.8613060098173415,-7.8494086188706795,-7.953764288720423,-6.943980111239179
-4.248283401102425,-3.4362612105244166,-3.9888817534831658,-2.7781811695509466,-2.257430294527713,-2.7176804906325325,-2.9874344534170945,-3.6624486562291834,-4.278342671624767,-5.278777032717366,-5.794075353756361,-4.521947316736382,-4.838402957799765,-4.172867105823751,-4.968531512015539,-5.274907206169072,-5.101938729481516,-9.97507623459384,-9.192337442026773,-9.125721069180901,-8.191993691156917,-7.870829133325975
-5.038748050741474,-4.0308257289649605,-3.665831055509758,-3.8842787742534592,-2.143837535294247,-2.3182067767677013,-2.8961709799875845,-3.069473642241735,-3.370619891426252,-3.7701410666659885,-5.299622504830925,-3.72471249504449,-4.286714451043807,-6.3895483116241065,-5.3950973347738245,-4.8874727370786335,-7.149702617939003,-8.934242776350263,-8.607930699051417,-8.337735718031164,-8.554634018621924,-8.357422029054439
-5.652346823868863,-5.116453645604767,-3.8524816727574835,-3.7422942147172003,-3.248904729127403,-2.6309573024793345,-3.0494499107258832,-3.2576743650202857,-2.8084141919978975,-3.932157172696663,-2.2724851026881234,-4.326375801129215,-5.029050087720517,-9.127689551506313,-9.441157663376325,-9.184295166735701,-8.775539336058872,-8.178829139119374,-8.610282352276801,-8.428585435257403,-8.859453535890454,-8.754496761101745
-6.109160390683357,-4.880345970260581,-4.5658334265028255,-4.168625637951104,-3.4138566783800144,-1.8517958258894875,-2.7880587820810447,-2.9180553087728214,-3.765500634225681,-3.9529290350294546,-5.131405691993875,-5.496519442089163,-4.62039089445076,-7.916267779294417,-9.03731376125588,-8.432507387332908,-6.547587269672588,-5.247049713869504,-7.505854656386951,-8.943229565634674,-8.7682206852359,-9.055096988613503
-6.690360019296022,-5.899294723252472,-5.697811794866222,-4.891770511418079,-3.9061063009361785,-2.9887785692130038,-2.4389438217003248,-2.9863384135931708,-4.43093115837189,-3.009877208638534,-0.8247221883183303,-3.7412506244844765,-4.150021370631603,-4.0386008794108115,-6.345523277577664,-4.708287632203724,-6.4105738129207115,-8.389088212366264,-8.224825740374358,-8.724292384299279,-9.396324436943692,-9.740848404566618
-7.077308928444201,-6.994183802319165,-6.0715695270865755,-5.633573706885299,-4.039502258914438,-3.0873457512374705,-2.771171051267279,-2.71292528501691,-5.600792641338369,-4.59995417424355,-4.232472418259259,-4.739781002848839,-4.227024081785149,-4.42639826250317,-3.1835701149449673,-4.151181430183613,-5.896054812784838,-6.799117988002076,-7.270852479504842,-7.156489872186528,-7.774685572232029,-4.170352113989001
-7.097845599924078,-7.908470373296073,-6.650792746183128,-5.686382534226344,-4.658416440684843,-1.3269234122513571,-2.356060401375557,-2.334640794279302,-1.9901541011596728,-2.600720355468711,-3.4875306239147124,-5.372721352673192,-4.641839852285111,-2.1689057218906043,-2.5303484167622896,-2.734407242148495,-4.989293043098277,-4.871117017091656,-5.060570044497785,-5.465771742177639,-3.4261986993060027,-2.3790340371414405
-6.551156073437354,-7.761431242235935,-7.17668157743791,-6.504833724467812,-5.449542307330771,-2.7976147807343943,-1.9233453852753648,-2.214737458898784,-2.1627445254813407,-2.5667708745971285,-3.530904553676038,-2.2690488856746596,-1.6967166318701843,-2.5138778510749322,-2.227813931880758,-1.7777252632014153,-1.115762958607703,-2.852026226241526,-0.9348717491876477,-1.6254762320554927,-0.6711975388075059,-1.2032324824175702
-4.4661869178668985,-5.704818431458039,-5.706215401241008,-5.39156468256012,-4.90511025290118,-2.812059452518915,-2.148902553988233,-1.9114764759962541,-2.28058548631394,-2.421369730393277,-2.0160482737999104,-1.472392857047305,-1.8814039225701322,-2.2064264276059737,-1.5190197348880699,-2.3948837220881227,-1.3475590833889548,-0.8126274696615444,0.2563549933535015,-1.013816612248867,-1.1979331710910688,-1.270109192217165
-3.4181103828314567,-3.871201111253748,-2.0666856586469855,-2.020634483696907,-3.289295643543543,-2.6641808766154713,-1.8784282273913004,-1.960204544572768,-2.1659004304762317,-1.6920029943323067,-1.7839932823302684,-1.739328230200268,-1.8344044531320303,-2.0337298816391556,-2.1946643874989133,-1.7008042565226884,-0.7585551799639249,-0.5761827571312055,-0.627774843560982,-0.5671647566552186,-1.4866860302908815,-1.6864876400289008
-1.9607483197240985,-1.8608729698843045,-2.5324504686159766,-1.7199214955850832,-2.17766100754717,-2.555176792279507,-2.1731266637631315,-1.7786934460908688,-2.042986669889293,-1.953198810109112,-1.473945147330038,-1.8390846334865156,-2.483199438702777,-1.509852999175276,-1.978947205616225,-1.0805263038931705,-1.7491284172788142,-0.7164758010665861,-0.9523135576830011,-0.5861188734215759,-0.0801973186123904,-2.6535724932398406
