script/wind250m.json
{"header": {"parameterCategory": 2, "parameterNumber": 3, "lo1": 3.000054539987559, "la1": 64.9999836372058, "dx": 0.5, "dy": 0.25, "nx": 34, "ny": 52, "refTime": "2025-12-25T11:00:00.000Z"}, "data":
[rows 0 to 23 of 52, columns 0 to 33 of 34]
-2.5833086731632857,-2.905443816786445,-3.3178878024290146,-3.2864543153341894,-2.9637085259002993,-2.8195459306436894,-2.976258845946238,-3.044812316542847,-2.998820019472458,-3.2853527179819917,-3.383103021919002,-3.582814768349619,-3.767563334013095,-4.123423394305528,-4.525120832420884,-5.400712729655762,-5.374478745337275,-5.2699934576478435,-5.86044619023193,-7.538378857000109,-8.149100650934404,-9.37628471883922,-10.524167346023042,-4.794349412844599,-9.599018082482976,-7.011011083976512,-8.409660264069045,-8.363454771419184,-4.312541893150531,-7.191629536997644,-5.194475730994392,-4.4515434747028815,-4.1098854969923,-4.212090972900772
-2.718582222941415,-2.8953674204752544,-2.949275760221424,-3.089861971562867,-3.1105311210570785,-3.024864438352655,-2.9962109746134495,-2.848607273904413,-2.6365300620258485,-2.8999708831855133,-2.994474082962134,-3.5762833205469513,-4.275228848518335,-4.774652551465367,-5.381007515606264,-5.976305884550465,-6.2695758756543025,-4.693256803580476,-3.94342264253063,-7.1476517405754505,-5.168230423442268,-5.900424524547206,-7.078323218789882,-12.300491984385383,-9.754703197673647,-7.274058522102774,-6.0801922010839835,-4.171361312348907,-4.65603721421994,-5.065737618505457,-6.127093440638843,-5.28489652594761,-5.214552946967245,-4.60579243633879
-2.794842817190982,-2.703831081311742,-2.7258164188339182,-2.596177392952879,-2.7651778398841507,-3.0476088952865146,-3.197095353783685,-3.148169624349129,-2.993205185076287,-3.0047458462509016,-3.2012019630486606,-3.5874993048940906,-4.002840978554091,-4.663841867268955,-5.401162937960319,-4.864438772657506,-3.9307803230039395,-5.389127497457364,-3.428861991532424,-5.080055750386463,-4.994434237651123,-4.3728106880229065,-6.308053019583834,-9.483164048468257,-6.58800282279881,-5.610656325029066,-5.719891165391848,-6.920758739867957,-5.740718972911167,-6.463680637250455,-6.054948280087439,-4.5920562779093,-4.541378790343596,-4.984855325057886
-2.356947795104687,-2.4372838177841394,-2.3078758631542087,-2.207772400553673,-2.3404162605298873,-2.561364452732968,-2.7355438189669337,-2.830486675897319,-2.6797282763464687,-2.5559674805352235,-2.7641377181546187,-3.1355870774600034,-3.3585119682751636,-3.6808845150900464,-3.6541774232321202,-3.1720056232083733,-4.953206057997204,-4.781867678255058,-6.308542317824954,-1.379101107332764,-5.252052905759608,-7.762901313975611,-11.27582571048326,-7.346884732892271,-7.109729665632639,-7.236855874016728,-7.467877591640847,-7.075732003840756,-5.671579879269499,-4.420216762504202,-4.825835842505153,-4.587495149285604,-5.170053783759688,-5.148144481805484
-2.217969807772756,-1.9866448094308704,-2.089280227791343,-1.8921761335492695,-1.7987155246355626,-1.7991265912895982,-1.7432683438896412,-1.8933524009531215,-1.6877115109863192,-1.6652294744006781,-1.2824238792415457,-1.4488564194763338,-1.5878641976382246,-1.5762989088685573,-1.6486227304842491,-1.868798307516404,-5.8879719500989065,-2.4966442542161738,-3.2051568929798795,-6.327016990040367,-6.276473266640397,-8.21399440302377,-6.278311724886142,-6.785829558948825,-7.322553208369161,-7.087775019423294,-6.74478748212391,-6.569824797514312,-6.97446805442209,-5.97261948982483,-5.894218152154,-6.350188728541153,-5.858460153548807,-6.2283469840714805
-1.9812070259994066,-1.504159624791477,-1.25926090052931,-1.0305395314350878,-0.8622103521542354,-0.934175708706732,-0.6608545715891515,-0.7000804980295764,-0.6794665520004424,-0.670940629909712,-0.648528553459933,-0.14098599227726477,-0.5764167245014254,-2.4065176807999413,-2.993222166026067,-4.073277420821624,-2.462167095316896,-2.164538688587923,-4.916953771483085,-6.802764433256726,-6.0091781038795435,-6.747364553805025,-7.708485229854876,-5.446629887229086,-4.723644289848881,-5.761469735824636,-5.482043084121572,-6.079413035965707,-6.537823380601389,-8.5197115755145,-6.875193555618596,-6.732715039073462,-5.926397723359487,-6.3259401357878815
-1.6598708869455092,-1.3498792212669284,-0.9452810574862385,-0.5444278201914731,-0.154154255026647,-0.10607505782109058,0.19890016620545095,0.5916849938655013,0.9399824082497267,1.0887943832821092,1.7067466495819115,0.7140896524190112,1.7796098410026386,-0.45415474742774375,-3.539636936459948,-1.9442261313115374,-3.5346222818965027,-3.037942603136417,-7.052444459751001,-5.906179532826199,-5.115058362490331,-7.130641140559634,-7.572969632776528,-6.180763016407326,-6.456800347649439,-5.404777322852539,-6.782588931951538,-7.157850495784237,-5.741147831427004,-7.175563697995231,-6.7390967986257495,-6.191645942185226,-5.7645530508522835,-5.059014722644897
-1.2189414169510526,-0.857174968248342,-0.29510688697842224,0.04717593064540437,0.414552677206522,0.8273389335385742,0.9051761694712019,1.5036354618811723,2.004207013269044,3.3273457474781907,4.394097974743636,1.5800935803692195,2.225998707563325,-1.1037322650596908,-1.4531833969316432,-1.5668150358427597,-4.110560926427385,-5.24609639995316,-6.564510132537345,-6.178081030681476,-8.814548859853948,-6.779647776133026,-5.541709352921972,-6.187270626311802,-6.553693931332198,-5.7425861332752755,-6.214572037464841,-7.163421264282921,-6.2778859439194274,-6.780319765603832,-7.420542996467143,-6.159579855627635,-5.3743834123489105,-2.7587641054121623
-0.9202933255696153,-0.7044333824136461,-1.145639436382249,0.23084477320607716,0.8328994942897036,1.952595779817012,2.984285371546005,2.2860700484172902,6.390009665339738,5.249409651447977,2.512111501272001,1.088128900252466,4.100756427878407,-1.9604662724806443,-3.140316702125996,-4.880802683605802,-5.592405645107356,-6.719168657521272,-5.323695446075161,-9.295497854850932,-14.505955075415653,-10.73857333573515,-10.088433651035157,-7.957632473324923,-6.903886261311336,-6.280638145387487,-7.244399292794116,-5.474447851469261,-5.698655003395396,-5.751357555619207,-7.605908377910698,-5.923355380452556,-5.416205895164461,-5.370150403824018
-0.6780413573620602,-0.8339064615831817,0.32085970329723834,1.2798405693140003,1.7746854410724173,3.1695020208512426,3.0638758254751752,5.675643296970854,2.812586961442585,6.949301406049125,4.005222151700786,0.8872303365909747,-3.0743788052530263,-4.553636935437787,-6.788171728987997,-8.196547550146875,-8.289753806288296,-11.141781936350196,-7.337786766656798,-10.338548930374472,-10.75222902531768,-7.780784721304308,-6.360394481505881,-11.00552801175346,-9.413672685413772,-11.640118102287895,-8.870519871405651,-10.602308839235238,-8.46167357509724,-9.578507596854442,-8.7845029896002,-7.519480769702669,-7.297164063371625,-6.764596562213825
-0.21171456695515442,0.03259348924818945,-0.09360142215260137,1.8446802026332958,2.7676684034145804,4.4586572061292555,7.12916159691761,4.939498727588771,4.66954956981242,2.420075754140808,-2.5083165054385748,-3.5716951153351117,-2.981141734214859,-13.873881489736643,-10.591242379656165,-9.836613371537275,-11.199353251703366,-9.088481334396755,-12.936629373828978,-8.501219156734276,-11.352492350600354,-10.63591277025572,-13.220296075525283,-10.140493336407173,-8.786954178930943,-5.831007030627465,-5.339136896173875,-9.637149062208442,-10.092679735329789,-7.769495162997017,-5.878103028640843,-7.073496971769875,-6.7621079022867425,-5.874362838561904
-0.803005688009635,-0.49869428608924227,1.4630297594656136,2.3329586501858848,4.228309404940121,7.38460401769437,6.0734097717007005,2.8253943953106915,1.6912260688980143,-0.4000382727649162,-1.2213653909699047,-9.428796670426879,-13.00286110140285,-16.567169459784967,-15.810490504722353,-8.4709336372097,-9.937866262811767,-13.63730612778258,-11.309471414107021,-9.971800721306696,-7.618596159215594,-11.633232834411997,-9.455623653181162,-7.715295738177871,-5.977376990822763,-7.971965128365309,-9.60879421877689,-11.805784838429664,-9.238626562175847,-7.568946324056155,-7.9905023390466985,-6.730119413251188,-5.320296925322263,-5.902026529318685
-1.0495998267147026,0.38493214437935197,2.289290926552683,2.939561372023502,6.850162499056945,5.03021822292003,0.6724413703715341,0.21793982426801653,-2.4775710530467174,-1.8679090231066122,-6.759309625754092,-15.108974007115368,-13.554984202714063,-11.493744373873628,-6.1012065195827585,-11.580441005798447,-10.09576843056634,-13.040466449279597,-13.227446721906736,-12.204993680284481,-12.57724239388715,-9.199416255609327,-11.22889512482318,-9.17151077696288,-9.133697749597829,-9.69801180052077,-9.116279627838345,-9.975277843111884,-6.539627247016104,-7.919118670380306,-7.883874308590174,-7.436314861648868,-8.198771977334486,-6.807847137273602
-0.9076951850987572,0.9295731551606904,0.7116076126953164,6.783351155715328,4.555024575747323,-0.8100596601030688,-1.6300554120631514,0.09057208237315498,-0.6232891714629174,-7.294495305180339,-10.492918621913926,-7.09480960752962,-13.848252549487164,-6.720478330634792,-18.637057370206765,-9.423527122765915,-16.496083055507366,-14.260413013457839,-18.395898684038006,-13.819231290510182,-9.946234514750836,-9.41987682730808,-9.897541058462547,-9.460056321595129,-10.328720812780869,-10.830302004285489,-8.728859686073397,-5.331509099038364,-7.0417066018537575,-6.773874937751026,-6.7911460852124135,-7.457274452112,-7.867061423281738,-9.29819166909498
-0.14308891653942674,-1.650960296924622,0.9547309323681705,5.141546981733476,4.282138579150542,0.58575857457724,0.2400947085831189,-3.2005666708537954,-9.374202865954521,-4.48482820720917,-9.28933002291122,-18.736475945097816,-11.345684500953336,-9.779572772530562,-10.415941495541718,-14.782042656923677,-8.461182963213142,-18.520520529733734,-15.315406598248188,-17.3170999407792,-13.949423404511217,-10.953907659639958,-10.49999154244674,-11.60049568336078,-8.596480660939937,-10.601657021712757,-6.059081781707469,-8.419985153301988,-6.793090598956915,-7.503681041061306,-8.26459904356056,-8.422128845100538,-8.993124074881537,-9.411629075122175
-3.526180601306281,-0.24541236695589377,2.260537620738351,2.240784439729169,2.4579147703102344,-0.3612768259561048,-5.223639406589123,1.3302856154403804,0.5687938277913996,-4.362309225453041,-7.005284561120534,-15.008431999789748,-9.180779327002913,-16.53916136430946,-9.622319441779238,-15.048633979658847,-22.48857977046903,-1.8579907026493117,-9.08801724731837,-7.159061546448526,-13.374155369637803,-12.36264937213723,-5.319406990010399,-9.908315054888167,-4.938690139039439,-4.255403992151896,-7.450963312935005,-4.356192027345751,-3.1700402014386793,-4.447271793575444,-5.464815148103167,-6.279942991179418,-6.419639873809245,-7.185355209551114
-1.0223988932182364,1.5322947615967795,1.179395053645498,0.9090796864166957,0.8249844404566777,-2.712212234595953,-10.369615213647759,-4.034529356364498,-1.9623222565895972,-3.6132034753213538,-11.259920776372523,-19.7048528911597,-10.751801243372116,-9.126422772033596,-1.5217054179282994,-3.584805838181068,-7.273795809381012,-1.8950644150701395,-6.423330908982825,-3.6081885844951693,-7.481032457451664,-9.325381141745234,-8.018154473794109,-5.235179899652461,-3.9823937606517683,-0.46718401157189493,-8.820111178202078,-8.871147134570275,-4.88366235385151,-4.899068224305084,-5.766790997136266,-5.870041009440086,-5.399711851779427,-4.967879029197469
-1.0353849046266907,-0.8872315583198369,-1.871683743044925,-0.7403389262257598,-0.043411710049437516,-5.898182088012605,-4.843370437612852,-4.12109311395787,-7.428434718979044,-11.27232073732318,-12.682297748092374,-20.597870593916294,-2.3112998357659116,-11.633844851165165,-8.962027360684568,-6.809354295288739,-1.0356135166382183,-1.793541300452686,-5.482358343794597,-4.979668480969352,-8.1700390053776,-2.7407340671066898,-5.873341659158367,-9.680301313149478,-4.256125874494546,-3.3148319768594563,-3.7219596850471413,-5.386489221593281,-4.214109229444574,-4.992225894647273,-4.987799709577316,-5.466559747776009,-5.346113408990499,-5.8574674058283955
-0.8997350566427582,-1.8449471099477248,-2.6730697735850435,-2.4421679675492576,-2.0017957131838253,-4.681037612562796,-7.781605481304384,-6.912162332207482,-3.014282062113088,-18.12714161907887,-0.6405058097263092,-10.504027763774255,-8.551979494947712,-6.90554944399299,-6.111449054000382,-5.58705291229522,-8.577566294051378,-6.668532205312919,-1.6333198312725319,-4.514616335383133,-4.62649483788995,-6.635894428391632,-3.9785075140826587,-4.335249718763396,0.23990389715936158,-4.6081133657679345,-7.127628501991754,-3.4352113346242916,-3.526301535391718,-3.723138879804984,-4.710028914348956,-6.175152927092039,-6.372298980691462,-6.375238755519889
-1.982110534921568,-3.3383633615002344,-3.8777150716780233,-4.227586820598262,-6.162070966605262,-8.80431929238069,1.547747196613452,-8.424672596911723,-10.470001013486215,-11.404221339923668,-9.945797959905292,-10.291619095299241,-6.000481700384057,-15.929558429153968,-2.96758511967952,-8.821368954757725,-5.001352891538098,1.7816386928803272,1.2591545474112704,-3.3805991861403735,-4.550056497299983,-3.502057224462642,-6.233349794085638,-4.488897167937234,-2.5700768630442568,-5.523480114572494,-4.763440817533333,-5.139563896653131,-4.4635075630707925,-6.7557716917017485,-6.9864908032078885,-6.430443803144746,-7.433812520173173,-7.544912108584289
-2.7981600587677526,-4.06303167627375,-5.105688586949554,-5.353203733786624,-6.475996741620974,-9.394792792215048,-4.379589417476748,-7.810796188272239,-13.341596385177212,-9.449654619361723,-11.961807533516135,-12.54813620237897,-9.307945779663596,-7.578096894431284,3.5103742974496512,-4.311412247437162,-1.0707483818476409,-0.8232555651456217,-3.1615948776825173,-1.8020887507454646,-4.541914464566464,-2.614276779840184,-5.549394200271533,-4.124984135118455,-4.993512232041008,-7.614683211821865,-6.725892150989368,-7.030728377159794,-7.107517422224985,-7.65736549092087,-7.168815098420724,-8.86061590872988,-7.497977150422699,-7.568040007876353
-3.7780927338995287,-5.00505524944236,-5.295978806010698,-7.161861407369491,-7.648489216951096,-6.726810378784741,-9.273972739920561,-13.942910255411377,-11.70568514201682,-1.9755836176113764,-13.717227109690048,-11.721914479340914,-6.342186978495984,-10.369424948726776,0.7368625516766778,1.629753790321437,0.26206023351778207,-0.4262278704653426,-1.679878577570031,-1.002956634567871,-4.963930845352291,-3.3861646340437486,-5.837398782315965,-4.8057547591712195,-6.819884013180427,-6.543755647346681,-6.511907941430867,-6.098212616140992,-6.418622315094148,-7.440020563653559,-7.616536593332547,-9.237511716898979,-9.690793692784945,-8.34532083965033
-3.5628478018948124,-4.971167396812723,-6.322602731107049,-6.7025524761493305,-7.242384435664701,-9.459310029760607,-9.481424412450716,-2.3011785358604175,-9.23215613221628,-9.56735905559282,-7.400947650540356,-8.762119062367361,-7.787289201779171,-4.9084206208749475,-6.130409902789129,0.9353356870557014,0.23935450700894784,-1.2911001101446715,0.06364706857990407,-1.3455489072533198,-2.2165420031047973,-2.911249672534959,-4.027198062971554,-3.7893808154449493,-4.892915443299244,-3.9639978421152406,-2.730085299350459,-3.4927839342619436,-3.0631248682192154,-4.272832345899853,-7.460388192178082,-6.65280262179046,-10.012863570131318,-11.003409757518995
-4.472326277140016,-5.255482981278397,-5.988093779997539,-6.877836229531048,-8.162407523242203,-11.473187690563202,-6.38930829141464,-6.993548444822572,-8.817892866044039,-4.121516585040667,-3.424865174331751,-2.5273859644905445,-2.439674775795096,-3.921712676790529,-2.6050148198443828,1.1361353443285191,2.428304355323991,3.276438281466935,1.9647833178886567,-2.2382297715741966,-1.8590990112227406,-3.1604034059082586,0.14119378461696816,-1.2723206025486569,-0.523474760653894,-0.43917036157943196,0.34591282402732904,-0.9061684668383373,-2.8161909509526213,-4.010063111790823,-5.7131664090839545,-5.4220803102216255,-8.471287958575575,-10.226931159029961
