script/wind100m.json
{"header": {"parameterCategory": 2, "parameterNumber": 3, "lo1": 3.000054539987559, "la1": 64.9999836372058, "dx": 0.5, "dy": 0.25, "nx": 34, "ny": 52, "refTime": "2026-05-21T13:00:00.000Z"}, "data":
[rows 24 to 47 of 52, columns 0 to 33 of 34]
8.134967985951187,7.264949946585629,5.253324567470648,3.9655107518604455,4.7555611592103135,2.0838284942527854,0.032886839336963965,-2.507278183452617,-3.4457589500298735,-3.733065106279718,-2.9964343579006667,-2.303199356982835,-0.27459993400354066,4.497942741006094,5.190453397580992,5.896616679738634,5.576267821428368,3.609584359391935,2.885155389646145,2.232676427634864,4.110275159152075,4.277710183425395,2.7682206954430573,1.7805152380652156,0.8693223806920859,0.3618532955072033,1.402671042490523,4.70243908200116,5.306004832620836,5.513904695023927,5.115192347260332,7.762318233829357,7.163559639433559,7.193932148676013
5.79611255980645,6.8813811763371895,4.774900064462139,4.771028625597848,3.707567413767342,2.2969687927514766,-0.8047247843692416,-2.7124283375627667,-2.2147762496670196,-1.9944388938069646,-3.4051053346591362,-0.6935772708797293,2.692263186241398,8.487373487391475,7.417263972558569,6.458016188872254,5.457715736326815,3.9742774546084947,3.2741555373268767,2.8132117774549745,4.536072325865355,2.7577010417420196,-0.8256456761112037,1.6259296028544643,3.2681976323198665,2.983324731866194,2.8339687328846384,3.731000459386894,2.7583243091871017,6.9907619916983466,10.565419076668789,7.936547616358663,6.405765824183092,4.270284555905882
4.076497507615322,5.155787876773838,5.489817937573549,3.717046316709063,3.1619865099437887,2.458173507968358,2.0716612812971738,-1.0299715677166765,-1.6589831364888648,-1.370183905458102,-1.6176342112466071,-0.3727241928492165,8.95054921644172,7.831673979941907,6.658886364420999,5.398245353099271,3.6112352139432295,3.080830730122204,2.9318990332480768,4.220498878508055,3.259898360439662,2.1026803475633478,0.972911748885667,-5.105449585109029,3.3502706523091255,0.25336716106386653,1.7921956172623932,4.9060932588325965,7.2200688732744585,11.000751028357517,10.16881551400715,7.646274829561904,6.367338055818083,5.124257984627666
4.78264538732234,4.870586054921298,4.9549249974223235,4.321530806931991,2.691614339614913,1.922237951206352,0.22931405777895034,1.379068252046268,-0.40947031857837324,-0.14444456321625895,-0.959911773475755,6.634350492843433,7.017395776996698,5.804287798486984,5.111422204199767,5.12159535097783,4.122305986484426,2.9883674197118433,3.049790654833945,2.525545244452163,3.427275879754497,2.5320152661725595,2.170237011853501,5.530659739001727,2.2803974132505442,5.227111294225777,2.378870795043104,0.31674739850197065,10.48286323937094,10.198510774783442,9.137606237205928,7.427547850770377,3.1776988007402576,3.5676839203992814
4.388805150748203,4.071898877749076,3.704306229288689,4.668472864860755,3.2862837873497885,2.554204357242637,0.4558318902171977,-1.2554499273883586,-1.2249005834379494,1.3053852256781386,3.942017647318283,4.481491214188078,4.10390397645292,3.664773985647174,3.990254212227758,5.714987164077518,6.407614069966056,3.590887267780917,2.50733203907176,2.6968448921319332,2.28460604491374,2.389473027553638,1.2452742381971484,1.3707922051929955,1.0650146689874727,0.9629592681703328,1.2459927136733469,2.147519606436644,11.434364704824308,8.603158868774935,8.101906978314213,4.932637085501565,5.094058615651213,2.528030541785151
6.197072444144312,4.317018060297258,3.0033847873483532,2.4472375424169375,2.4393580301590125,1.6835929538154237,1.5713757918112856,-0.5340633713020084,-1.0118966202533752,-0.9165988612950113,1.0222172199861113,2.2396197305322016,2.176632402973623,3.4851480761944758,4.335688793814862,5.30279724432469,4.259558062239196,5.29021414213443,1.8407071253846756,1.3696877320307885,5.28822056383206,2.5266514439779377,1.5031965420176159,2.8605664142254796,4.707470381253204,2.27700888943097,0.8289702220643589,3.4341761563154405,8.476608273936876,8.886387729953642,7.971598690557502,1.9789767870445818,4.518199042742207,2.4334618152689327
3.4606932931271515,5.567800284154431,2.9971414971145194,1.775067557666391,1.3554471429013932,1.0853652681798414,0.866873672686973,0.21557474200261506,-1.1209041201667276,-1.4046011215737209,-0.9397646387221402,0.4931240615574158,2.985938541398754,3.751148434843542,2.6242552291262187,2.3543639912803664,1.6034215940492191,2.6727265825168294,1.375950535616971,1.9673976625953982,2.84097371587421,2.012796231650851,3.287373001407756,3.148064957223017,4.144541835669909,0.6441124908412295,-0.4089883130506128,2.175468523425911,7.560923261023078,6.919348791591394,6.319778106387074,1.5044598863153593,5.346723734635321,0.9668923447825427
5.644806472724389,4.575011314325075,4.554630468931457,2.0566314448524987,0.7910060239498814,0.5945013564020472,-0.6039822928188427,0.2569581037687174,-0.3149040548615467,-1.583638761482515,-1.308212362597887,-0.04511924519389295,1.7205754511687683,-0.299687482662982,-0.5252680673916099,-0.5609247278419847,-1.1111215270944328,1.529584490778846,4.772863376386958,0.15649529958355754,0.6412407972028246,2.042916136726138,3.2566911741628535,1.8155799242848725,1.1408467151198927,1.070904001930503,0.2913277666400528,3.932653845107273,1.8528618615547197,6.870604082541762,6.0845509573421985,2.1289438322054384,3.2741090411876956,4.567490083828662
4.697428316368733,5.793053389044546,5.185657844919774,3.9143979476779287,2.4592939128793168,0.9259010415069107,-0.5506446805295065,-1.1358271883319369,0.13765795515686025,-0.3048209894968724,0.3441016510685243,1.5373032004781586,1.6824057982123062,1.8179595360159078,0.728443068368032,0.5564867056489714,0.9474946145387139,1.0254476576145914,4.044840824654111,2.011032719630701,1.0608214899512203,1.2266132008504214,1.4997493930982153,1.4377064648105427,1.0683325191091375,0.37415132405740126,-0.3398240550321947,1.718250157308471,3.628531073900542,9.591778868222331,5.575211338829185,3.5166128964659378,2.2635534324846396,1.655486389412039
3.8827583800670404,4.50415730417329,4.148100441099098,4.996158320427508,3.852514192438614,1.7451425219207057,0.8745839699983657,-0.5656410675460017,-0.7323704044545499,-0.2557582548468374,0.5774668503830767,1.1379843627491064,1.3262454226929854,1.48463862986904,0.8604947773907844,-0.2962449093820699,-1.2832070608625414,2.6242887407094364,4.981464662078905,5.040872274843165,2.669271195194569,1.5571286516989986,-0.18698693919670073,1.9362906033923124,1.5113521746556389,2.2001388111954365,-0.5250321667002662,5.233632545713329,4.32953741554916,7.349890350102237,6.198784521567672,3.8607885126585497,0.6912568545063144,1.7007754410783946
4.92712991279157,3.7987286803353366,3.9187662883667054,4.574841148119322,3.8715430016653913,3.0935891400852746,2.0068013264310247,1.0363982379980357,-0.49266373547147546,0.364289167078344,1.6452290846044437,0.6270966081631885,0.5126343826587736,0.15070430454645378,0.6327742563546082,-0.2127067762957793,-2.2548146942784717,0.6219068087649909,7.522175750976395,4.798935364820917,0.736350478274265,-0.48318925949232294,0.01939438210271881,0.5179152670657632,-1.9053430447157313,1.0736484958142756,-0.2109554008820945,2.5539954833205645,5.308805459660308,6.258389987780116,6.040518921633863,2.9992808871503724,0.8874032305748883,0.5111480190275517
5.467026801621626,4.378886366609997,2.6631207009526556,3.1875373652464374,3.2857974988262577,2.6283900051814726,2.102448931848496,0.9305806803864549,-0.37986309761609227,-1.0702636957102747,-0.051724322273322305,0.7447083529683098,-0.6368148378503216,-0.7114863070604922,0.013308088830849706,-0.6197053967913801,-0.8507982583538996,4.267730996223766,5.903652134953377,3.537432832814157,-1.0392623587803886,-0.35150725956698714,-0.43211632797112165,1.4440044059228319,0.6803843414158258,3.0456631112924843,1.6486505575079902,6.005240818096948,5.526961629607249,4.967785975331658,4.267971662247368,2.6879286067186396,0.232191743082065,-1.5739092838485316
5.7076071845397855,4.394887234605449,2.4096949458993375,1.8310767830665402,2.153512775448672,2.2904696027236264,1.9549075621398324,1.7685356654077775,0.2369475452833985,-0.2253057927010595,0.07393810758238305,0.764632995611595,0.035051637746050815,-1.0539461751428552,-0.976217798995975,0.3438527332386522,3.235018379465025,2.492038533786231,1.2661694244079473,0.6126490092836357,0.862227507483076,0.8940697503263126,1.957353321065376,0.30144260360573627,2.154156460453739,5.252368538203927,4.6889365393479645,3.5316557268830495,4.164621743938809,3.7790667259952624,3.05088002029332,1.8060903275050217,-0.24489571770300209,-1.5381289110450798
7.011948486617135,5.931209330584036,5.144508649197088,3.0032476034752733,2.2568314410972623,1.8414261301879284,1.810802106226959,2.3107761667855535,1.9788899687642596,1.2088626339483566,1.1996865477096692,-0.26326599856488375,-0.6192880634627831,-1.5813767803910297,-1.4165509809923673,3.5740521086211445,3.282578251412443,-0.8491042505116402,0.7342291800222104,3.1210050091088153,5.180642592945923,2.4359162434072723,0.5178595744691101,3.7128522028962965,7.0808019441618875,5.733540808476084,4.109017977393512,2.4313916301139873,3.3262050327672066,3.2833824993519563,1.4228848087273052,0.9555818735301553,-1.2844735049220586,-2.2083533223823584
7.4191630024423825,7.289536993239908,4.958439434503574,4.46754017719012,4.021502325577693,3.101598959119116,1.6273940272693086,1.3696449482883712,3.043263844106221,2.324485804476665,0.31080975996534366,0.9273987676995474,0.10392232624730414,0.05833307690531771,-0.8286486481248297,-0.17953549963804424,-1.8080620656117894,-0.41244855355467724,3.9849323070019804,6.566182961798268,4.140801014339381,3.473283965723691,6.237496508782431,5.042928591575149,5.002493842508867,3.7304924231821897,3.42134596761357,3.2727706362998212,3.187200312247635,2.279942221907764,0.7972754194767063,0.4634660366038345,-2.1165054102963214,-4.179319026841823
6.899841412552014,6.923284015209789,7.100338279597116,4.1557020914441,3.4949995288297373,4.146852786549346,3.4326631507729295,2.7407325941238136,2.9928109766338027,1.243064324646039,0.8660950922983742,1.1085715630400246,-0.28914740164702696,-0.7821907008117241,-0.8963820807871286,0.2535505988713293,1.6537489011051143,2.939822122258077,2.6629163266284386,4.4765689115073775,3.887591428933454,5.712951835960693,5.381093746021717,3.5082770290438847,2.2015376116824474,0.48753443119958423,3.180290988128099,2.1358456819183247,3.013684048464826,2.031942985082593,0.7982923360802134,0.3567231624520069,-0.8915347771671039,-2.794398100878122
8.305829043692396,7.739838497289702,6.777871657573008,5.988077453274351,3.4860221937561797,3.7100997325483704,3.508183180624323,2.4782139810277877,3.2573511547913383,2.8084832553192,1.2022541452325681,0.4370865969038393,-0.03873720571597372,-0.8182430641621893,-1.4885525534898651,-0.4283526781159721,2.3333767659057365,1.5003466837186186,1.1266485277875293,4.0864384028453316,6.197863849331249,4.17950888990435,3.1362430794265186,3.5517997583105996,2.5576847633671216,4.061442935173262,4.222851183812892,3.0373885793034137,3.22666720316964,2.6034119067743124,2.047098994399809,-0.7184724153961387,-2.893592762759167,-4.437461058566033
8.142250746447933,7.605649458162823,7.29450256006978,6.156956970159034,4.683981877146249,3.988443562416723,4.365187361495542,1.5695211114837788,2.3908110833552323,2.526544276953822,1.6289889794947696,0.2625456995424026,-0.10005781223045529,-0.7533703854080293,-2.265007629310302,-1.242876198587841,0.43406303185459505,1.6593337124996854,3.6248801482243413,6.866142718396974,4.851692022563709,2.3470464403954403,1.580550054319767,1.6391650390217003,3.117184707857867,3.2183699489099395,1.5660409434139755,1.065043472383766,1.8687512074108061,1.2097293917661003,-1.0246545849441249,-4.700005155146834,-6.976051766278919,-7.1996375872945055
8.336460587302067,8.855693549207855,6.7710548731335285,5.139719039203742,4.0935160912501765,4.099699393052364,4.092679509707558,2.37169160167998,2.161835492980431,2.458739696384909,1.0794707925152816,1.0917908760163084,-0.3236168366830628,-1.1146508768074441,-0.5350253324046872,-0.9590559297937176,0.3579650267203178,-0.3926694203107191,3.213363951180937,4.307661376459631,0.9838162536421755,-0.8091979916700007,-0.21414771462586094,2.590823567578149,2.1316873623030523,2.024846553936487,1.324950664437766,1.0261887952079085,-0.7376643022282343,-0.7364338372956725,-1.7237981932807713,-1.7784076366730628,-6.728958398847786,-9.167599902037383
8.529084177344933,8.281719247764265,6.216761030733121,4.225802421160312,4.680728193516845,3.295385575042307,4.405114779467119,4.124845578248949,3.433347341295782,1.4459370427667926,0.48723072880184864,0.17981341818786006,0.6834366958827002,0.3185881143068016,-0.512982351394074,-0.9230642724013637,-1.017336738978466,-0.623032564905808,2.0932848897642273,0.01310227956228696,0.039942064804990636,-0.3039967344874752,-1.2901761257688527,0.6859076133788093,0.05613208056206912,-0.0337925091040933,-1.1554971918537702,-1.860432424817807,-1.941266982063515,-2.293643607712033,-3.0500143848985903,-2.536169315630407,-5.053899770609997,-5.566644443080927
8.335441838554273,7.471005563176534,6.213164690549991,4.258900557282941,3.632053945337405,4.113176327950376,3.802651392497641,4.368841071346394,1.4643085483143958,0.9010592266059659,0.014799014880679662,-1.4188799258650469,0.2820471239378352,0.015605135164830855,0.7914698741019375,-0.48038306921300467,-0.48933722741757524,1.4097046188732218,1.4323175187724333,-0.9669892711000291,0.6602930952681294,0.31942818964500225,2.075348250689972,2.318930114711964,0.004637827426555155,-0.5549310058689194,-2.198088618595612,-2.472378276370705,-3.441472847886219,-2.7796534864933156,-3.105482970758943,-3.668089743707023,-2.9220250555547493,-4.943082539802782
8.466163157920139,7.1415417414774565,7.05420002333566,4.406292328864174,3.2307880330009855,3.48720328118638,4.10427957140431,3.384005229046919,1.139829679977196,0.2126456253278747,-0.972493967069973,-2.2716811442020237,-1.9691516383679,-2.178617376096385,-1.6595021368506795,-1.072223090664798,0.48776980807409026,1.2576750549297422,-3.6744658011324693,1.9518775066368568,2.955961231785055,1.8261840467862358,2.737087998516383,-0.5563498871099455,0.5366195438072884,-1.0411892154800835,-1.594814888442546,-2.649183624703319,-2.669011434486239,-2.9987533203239973,-3.4943930757074773,-2.8682540976382636,-2.871473384922876,-4.776668603185018
8.843047424844947,7.0371503661553065,7.163937632699926,5.528263723180328,6.192246909062312,3.296702453960194,4.017653112588077,2.555727627702412,-1.4887152145261282,0.7662736583334766,0.7012788180192104,-0.7424662301538465,-0.6288459917456911,-1.0508516831628816,-2.1375520574057005,-0.8781866184352741,-2.472307988277843,-0.9062820933782235,0.7773160534395485,1.0665227688144343,1.2107164701834785,1.0354897217925656,-0.912763132780086,1.0593214994841331,-3.0344457224969426,-0.24674134797803346,-1.6844648354385665,-2.751923083175459,-3.9474641752233532,-3.5566239832728113,-3.51145571312896,-3.293407318869503,-4.974839717827316,-6.126666107595081
8.890011773310079,7.517789258176089,6.782329555914342,6.58074113664535,4.190185691262355,3.8282610421941516,1.8550836515861466,1.8075689259674612,1.3582029371180562,1.3771502370209283,0.11319786924892676,-1.691636653738258,-0.218602482827694,-1.1729801070172643,-1.3305444192391533,-2.511646951273514,-3.329492944945508,-3.0173319163019814,0.29321181324578044,0.6667832510146791,1.1618612577499141,2.8553607317674126,-0.2086774296361108,1.5282656159681927,-0.24089298730940456,-0.6211253729041943,-2.0968503009489616,-2.992132520090525,-3.958326259250661,-3.172013100658571,-3.9090869874995113,-3.9145655040282166,-3.3503752440987418,-3.265837415198935
