script/wind450m.json
{"header": {"parameterCategory": 2, "parameterNumber": 3, "lo1": 3.000054539987559, "la1": 64.9999836372058, "dx": 0.5, "dy": 0.25, "nx": 34, "ny": 52, "refTime": "2025-12-23T08:00:00.000Z"}, "data":
[rows 0 to 23 of 52, columns 0 to 33 of 34]
14.14451420067438,13.49429691619035,11.217537259423018,9.64681980149974,7.533685679381092,6.901090343862242,5.168934472382375,3.3520199382695073,4.0662886592683085,5.464586277145512,6.39517175784017,6.92551174663228,7.705552950425356,7.129911869757654,7.195031239574541,5.693153780770571,8.19568310241385,9.141962819653086,3.618426431592086,2.2262639125290087,3.1427069716289218,3.5202313825059344,1.686854492846295,-0.09992689803148888,-1.1885060986192535,-1.2851514203001906,-0.5695585415220541,-2.777110266390541,-2.9994851006707894,-4.3194277660083,-5.434304351636659,-5.104081084152775,-5.474772100130002,-5.885601230576153
14.171413505539357,13.75207027994271,11.617486844758004,10.597389696700862,8.143263488792115,7.165654956242782,5.818208516462607,3.7577372025760254,3.7365516712132614,4.644233415700591,5.387975681888829,6.786706833834834,7.099791985062177,7.339212343267331,5.867123665571532,6.946050752109892,7.677130228166319,8.540477218855555,0.49672947141061874,4.109987543965486,2.2640512722727815,3.2242236932338177,2.57610947201884,0.5086342774448368,-0.8994536515544331,-1.2150750741255534,-1.616266554066743,-0.6087547416675405,-2.10846823486292,-3.7790365094886247,-4.845526377129754,-5.561056960813774,-5.261281873779174,-4.906017192449092
14.442161644210186,13.77596715506604,12.507814011692627,10.811191229719842,9.676241785134769,8.024140526616474,5.5408638892093025,4.025179883263364,3.4218219601862696,4.195367533700329,4.37381938561986,4.0847213269314935,6.470256581394715,6.238727994612242,6.293309777790905,4.672923636559794,4.9895098743934785,8.522356252988436,1.8818193827189442,4.938419815841158,4.24569846631807,3.29065426591229,0.41681923532455795,1.3529091348623903,0.20236633809592225,-0.2361469312027143,-0.06509756110938797,-1.930865404605732,-1.5256120473949641,-3.3188863813654996,-4.848047950443192,-5.350574947455561,-5.987060281290361,-4.750942711879349
14.33477916202285,13.589665033628753,12.19897045935745,10.65735313997562,10.000622096764912,8.898525091142483,6.73763451708078,3.751099051019862,3.4021233236524613,2.9466334669972922,4.513091662313441,1.7789330732995816,3.054686260645002,2.345280662526293,4.394011127034081,1.6225144417935633,8.643308714559641,6.319373401524332,4.50764927323491,1.804560050049412,4.027224932902025,2.5252795532743373,2.5524269081056263,1.920600963093906,0.8849450175886574,0.7075533514447453,0.30367456943274446,1.0607985625457979,-0.19898551483314894,-1.1599520091501703,-3.6803047397096265,-5.00753269524809,-5.350290215486324,-5.563911438748399
14.005269232022705,13.750684511873533,12.717014386367623,11.024889101190869,9.040026064026243,8.174806954048575,7.119604415887992,3.5599272670219806,3.4311553212528905,3.405199407928298,3.0817592690186797,0.7415749983384009,3.2773362500452077,3.105770200870718,3.264270419524928,2.9889903567588805,6.032754863836612,2.2047760182154614,3.5954994299324747,3.3971551790613534,3.311290586641513,1.8261290209454402,3.6744205758323916,2.4884835651870167,1.375886372687703,1.3027622986168312,1.97440164398994,2.802871291560754,-0.05042632365909051,-1.6124026201740846,-3.4881485406008284,-4.976075610007198,-4.745047107118483,-5.255828549446898
13.395578996441694,14.15851761434115,13.295394637608696,11.27817924176849,9.80614638262788,7.278421674736287,6.5586813020904895,3.17209586139191,2.433701456776153,2.324090715635746,1.3860711595050264,1.5780349847428876,2.2424465194643233,3.91749778352692,2.418355913018553,3.7849502416557685,5.040923480415809,0.7531468580762206,3.151390961309767,5.620718971715688,2.363045226514397,3.6607439508902315,3.2374463169517096,4.39378982356084,0.8204621000219164,3.2433768162610805,2.8766322255860803,2.2674725348367635,1.3159242636490422,-0.8307156769212646,-2.6545835472927988,-3.6719124700961374,-4.638617382325244,-3.921915615252632
14.101850443498908,13.891759801034034,13.737434733474192,11.409847085246172,9.0980967273668,6.922916171006292,5.197517675712414,4.353225469125653,2.15329365211392,2.592826262752331,2.0408255349916518,1.3895357886247999,1.3829401601659952,0.35654705393958736,4.092228068189064,5.5266472824505115,5.059885206249121,2.3818893408777435,2.1380743798688124,4.507179921314032,2.257141803263776,4.040632673631545,5.406145817051586,0.04453378467230954,2.9712404724138812,4.521986081307252,3.123338870896726,2.609215656197926,1.8089316780462699,-0.2510800815508644,-1.34713691627214,-2.984441222283284,-3.2692258581993867,-2.118008769356062
16.016420182644726,14.308162592588749,14.069381853291702,10.667664661132646,8.987312774925204,7.3132890240397845,4.163070121785789,3.521566652234026,2.1796995703842335,1.789455385517078,1.4927534664892115,1.8014413914387055,1.6328910413883997,-0.2980178234090345,1.6903874864643873,3.302606351944868,6.260951625643764,0.327000685155102,1.0107678837672378,3.2928032226878017,2.5867049285013306,-0.4095444254271921,-0.39364577026611325,0.8424342026087207,3.99892321370689,5.130357995939115,2.9279122012648866,1.3458625182293764,2.4254336009340762,1.8147325106305328,-2.035582500588006,-2.5260034709193193,-2.4151932919876558,0.5500019268128662
15.864575618090418,14.03892331809457,13.414812154891123,10.995709271517903,8.410788052933592,6.99375921041222,3.9369428300372626,3.93834694731984,2.4176605935182494,0.6938610930346306,2.831952824768335,2.9414205062225975,1.0988241455754402,-1.468831462163506,-1.842510985090016,4.538820682445639,2.719139538101854,-0.18859258433009657,7.3044900330436615,1.5713928485593736,1.6823883794641736,2.4761001695507012,0.04210515378669523,3.8620478957583058,5.572889231381002,3.7905353278257747,2.6231132259374395,1.746525159395782,1.8093918755146203,0.06440821155481427,0.2915452533477109,-0.955518320241725,0.2439691453623193,0.5413288379015416
15.620753574949497,12.883483231019424,12.058639447321307,11.2437484062703,9.436124328381876,7.921172873951603,6.0043956242208205,1.4664347318639226,0.41049429236546214,3.5878839368671733,2.74141458348093,4.463172887593015,-1.5315268873937855,-1.8139519968669549,0.09314333985059862,-0.4197902572311818,3.637069290335458,6.1506069195925175,3.9855395802256153,1.7646224618434778,1.94024348732555,1.2671907245865281,2.3982874729116377,4.235901199599669,3.2920429871459103,3.5418035920772497,2.9413688318742994,1.9651747269360293,0.2831313048406022,0.7321151383948418,1.0640421404278222,0.7309962848877054,0.7369759698201435,-0.0761567951174938
14.404702017962165,12.554825465702905,12.216018356921056,10.267331093333585,8.643497746598955,8.480427785882725,2.326177355004327,1.6837954807745594,-1.8680954882521583,1.2712933093972614,-2.5220793556413708,0.874846061244134,-0.15504188360375137,-2.137912265571014,-1.786875367735206,0.7271484704441792,5.620069128317797,2.709378780255251,0.853861972799848,2.7977107356837183,2.8572358070134594,3.6537726706728884,2.181211545399338,3.316228780334708,4.3365851292001585,4.661881447708247,3.590532289353969,1.6564037065475599,0.5873652391865244,0.9953867917860646,0.3851105261368007,0.5177256633621081,-0.44674820854967934,0.036390575566125495
14.383040941982038,13.476247580259678,12.463021501060904,9.56108262999814,7.723497843063688,8.05030442465181,2.2352539479226357,1.1639620239791044,1.2339742486663643,-1.928906790685835,-0.3661294809456197,-2.004639978505743,-2.2280480243838605,-0.2298179204736454,-0.5482668839614268,3.7057270923318573,2.071190965645974,0.6316674311179878,5.830523541153914,1.4400306816070196,2.9153749190524243,2.6930818636249145,3.462327482337355,4.065205539206658,4.49376999389365,2.7801809819792376,2.1294967892884955,0.7142880900732002,-0.3659831137446011,0.5238035018579985,-0.04079547306178574,-0.3962547372797888,-0.545015071749587,-0.17916285961383696
15.608639383315856,13.575833293057137,11.612216953420523,9.14049684086277,7.642199289823388,7.416399817476434,2.2785389403417335,0.6816950020861258,-0.13322519336730973,0.5633687895124619,0.1921433950312741,-2.3820284627778223,-2.35440792199859,-0.003724725839981093,0.2346863114687407,-0.30048036918742066,4.002940952554369,3.3123489754118136,3.353550405084842,3.527146945902935,4.344797170885324,4.946691370531839,3.6553195045675544,2.7002106281857126,2.576570297155427,1.5713877924825195,1.273468437917007,0.13218590858593582,-0.5450730094610312,-0.2823956987521344,-0.8488447881612505,-1.3913225425115299,-0.6119654377750179,0.24009122218013076
15.5223218867989,14.33525852878421,11.352252304966765,8.37785218124713,5.8414714306316196,3.4201871444816687,3.581671103818196,0.2963396051275908,-0.3235831998128533,-0.6884386791353347,-1.2463666870795171,-0.7633077040646964,0.1240596769488659,2.597794422182449,2.2294215472999306,0.6186857676417,1.428981557534664,5.6448699573039605,3.482552247513848,4.392502927607342,2.042032771572266,3.731712971640713,2.972502331903302,2.3933202505901368,1.4081320698638637,1.053385570869855,0.8821850470663557,-0.4753406371999345,-1.0624994416606457,-0.335332383882207,-2.0865398692299086,-1.2813489055496152,-0.40694118704896826,0.6299612967626342
15.403589894579746,14.889633906318965,11.016190342416529,7.346975179007224,5.499150481439627,2.941367675404678,3.9668622381346754,0.43538201028735624,-0.964916727728821,0.10947751434446802,-1.265958122752776,-1.373106449832437,-0.9696643775463426,2.254749760288709,0.057031066123633484,3.0944259217124843,3.260193047808099,5.390965777952565,5.293250730420782,4.013576900370688,4.401579237913424,2.588500159191162,1.6870128870132983,0.432805416571965,1.7825347407430194,0.9133240481341455,0.37349330040798906,-1.091420833047365,-1.9264812512832323,-1.0790330666527603,-1.914646566663502,-1.5920868598287832,0.4086502574014637,1.1217559432412294
14.628847757392005,14.928866852225198,10.477707233911964,6.017872435398988,5.15303557385747,3.2759918218472865,0.2868362210921474,0.45782530969984997,0.2103122918379875,-0.308087447992262,0.49904811518151126,-0.8175010452902366,2.615257994025538,2.3516864179264556,1.538279308400524,3.656397581891789,1.8462510576491056,4.511186973053397,3.229094743619905,1.9645518161303248,2.5360315510419187,1.134337528210162,3.222683092217501,1.3253142306409076,0.6192777425968916,0.6254904076942731,-0.2568241857131673,0.8024567213939015,-1.8869570708417718,-2.715792192912839,-1.9182460261467276,-0.6611328937794819,1.0485434764188877,1.112861547276935
14.46238859083678,14.884324936785303,10.42758413035702,6.0731741363634075,5.0061182090208645,2.2383032765162527,-0.9962649013424968,0.5932160151329122,2.412076798935684,-0.2569215735593897,-0.2333241107654988,0.95888277075887,3.4834892890220166,3.051929561371984,3.534142896335861,1.4382939668904406,4.132059604774241,3.8618299332982,2.6511276319353354,3.150400943923182,0.9747381485636342,0.6114354447773864,0.001194556754526486,1.406223917976183,-0.1939174053985027,0.4852534226846274,0.7809910566463074,0.18481530919147426,-1.725847364327658,-2.2185003967544534,-1.1576421926776859,0.1354385334191508,0.7062704519057562,1.1458801312338855
14.234493849295964,15.082691520900767,10.064354798446848,6.871273363067941,3.5589180941098144,-0.40861604375443616,1.4172519232773757,0.5268192119393397,0.4040289335533285,0.6780449856070522,2.777457424106806,2.9951429263987404,4.217299418395301,3.3317257377315403,3.9258042581241783,3.957951086964879,1.5101729213564363,2.9008828952590564,2.520779002161133,2.3138049963152767,0.8727516005734746,0.9071820575890595,-0.602437461384836,-0.8828771432273601,0.6234747933919362,0.8124527499964959,0.09056990689427094,-1.0031134035403027,-2.3304159921177066,-2.144526019630001,-0.7965051546198896,0.07715203236838794,0.07688598616371232,0.33421246621108097
14.748022291606917,15.091605503846736,10.278342255626802,5.092347748441145,3.890846705239087,-1.9137600250189264,-1.0954309175890917,1.6827798966071408,4.22857527513316,3.1702457676666373,3.078997473270747,2.467943160088393,2.7268168951944793,3.503134113735849,2.830161061874357,3.471146201039631,2.828863644812225,2.665362650471545,3.802743210297914,1.734162640998367,0.7939120121321089,-1.0603813539738423,-0.8748782479582257,-0.22555153548851473,0.30917105463061995,-0.0498404423803039,-1.4918488525174751,-1.6993453691425862,-1.8861640795778807,-2.1933945334463587,-1.128067976049864,-0.2738368445909338,-0.4470620908192752,-0.7173513756398333
15.105068376672754,15.268312463297468,11.128307344623888,5.884472541911468,4.82130824862513,-1.461608242969366,-2.8446325112051407,0.3824893616480632,0.6987228391422308,4.426262013749041,1.9799580210462158,2.086490256519742,3.389879699535503,1.9517671635740628,2.305925413103437,1.8600530178464323,4.086838822231343,3.373811274445904,2.0236273068792014,1.0277655063979252,-0.5494245222519402,-1.0284543791180658,-1.8996077321053895,-0.026284657455961168,0.26211422026398495,-0.6663440564601864,-0.39377719917727544,-1.4732245175634264,-1.3153914354068765,-2.4681506658028103,-2.4862414810045026,0.8049933888382595,-0.7541217770570412,-3.79132324450398
14.890988146745972,15.197205798131531,12.304675630737066,6.3137857279451515,3.4517770669669967,0.39913314761261925,-1.954078855371635,0.6824479318036205,2.03666004458176,4.0994972207531735,2.902800296020966,2.3361505406176026,2.7373253436002027,0.7008229580283012,-0.2835831273899353,2.0535234217720504,3.8442984650314496,2.7467677936074892,1.0572890494024587,0.045702211357933765,0.03291994872849418,-0.06980901214382473,-0.2871559450144387,0.22327286600148993,-0.9653964415152728,-0.6344663609103567,-1.354469929760416,-2.095192828330395,-2.6096337424438523,-2.155432099009668,-0.6803389983482727,0.07402114700971933,-2.906874742736166,-2.7951753327342312
14.643050506948889,15.196471664286644,15.624797295426202,6.691986291723804,8.038074730102382,0.5359741453978947,-1.5275352741886816,1.78855263195584,2.790246903772241,2.8807893288787554,2.2660933965056547,2.1794502518146714,0.6170132568992284,0.22869659123390812,-0.7121293467437793,1.5761427269108954,1.6580084570114777,1.7646022606781007,1.3436510338491896,1.1993493176875614,0.5312923917769485,-0.3495400306096117,-0.6405555943813481,-1.170309875968062,-0.9914261082792303,-2.0126346353051567,-2.493080073304587,-0.23037791962493784,-0.5223985622197176,1.1547333047230062,0.4556448261055753,-0.8187120835138322,-3.3043178807791387,-2.535405230355383
14.644277447023962,14.816118706922136,15.69941930891175,7.912372774521311,4.181613018953916,4.770765455130892,-0.7106521975699677,0.1101972903853814,2.5991731708782817,2.5799055537269298,0.8061721557425693,0.7136201111182183,-0.19261167460368409,-0.5650679849310857,-0.43247172469103123,0.788365763900256,-0.7290062275812296,-0.28782177510228996,-0.3930330916931563,-0.41093779037010686,0.7619569298481317,-0.07479526135910378,-0.23572450638591802,-1.283123599644386,-0.9577075482935594,-0.19364089631485476,1.1070441625317402,1.3709232255726689,-0.37167466423010276,-0.7723134618483399,-0.5702654418962801,-1.9280607269291765,-3.9928699205212044,-2.4501762321799143
14.535637165035851,14.488031332833582,14.754074598366355,10.843912594641392,6.120231648571203,2.723311693286237,2.1409423427021417,1.918950398493835,4.355102487006352,3.0794904405643155,-0.4475777779695515,-0.6338114704901503,-0.7822485831610477,0.10022973791892283,0.07118538601936271,-0.6890498532755865,-0.02533618853962532,0.10636528305899,-0.7349805344904554,-0.8241769821014197,-0.7624480484180101,-0.4762204265154543,-1.5028782202734934,-2.4538558778204496,-3.2003532999228765,-1.5061987724038328,0.5816212396698063,-0.8208213362025927,-2.6032116085245014,-0.694826952901573,-4.346622076166182,-3.276446544133211,-4.659524048685594,-3.130934548695863
