script/wind10m.json
{"header": {"parameterCategory": 2, "parameterNumber": 2, "lo1": 3.000054539987559, "la1": 64.9999836372058, "dx": 0.5, "dy": 0.25, "nx": 34, "ny": 52, "refTime": "2025-04-03T07:00:00.000Z"}, "data":
[rows 0 to 23 of 52, columns 0 to 33 of 34]
16.322031510729534,16.648052920287576,16.923540970534876,17.23308797894122,17.600524088912557,17.80211882793164,17.98435658618924,18.211779171770047,18.35783805846977,18.38955121142816,18.579431318505755,18.465241274101192,18.152690384442,17.731016416650036,17.374597606380735,16.614017254463498,14.0629528693225,13.358549545710874,6.198866952239016,8.775331797058469,11.273173624448107,9.801417098046892,8.939415042112884,15.615501209634362,13.982109119316936,7.684838362377549,6.139396007558656,5.401004362052961,5.288261337238165,5.996164231789752,3.427582427353666,2.314351795482547,3.1443962374630146,3.31829243836194
15.540767144858304,15.903277321180099,16.282299867245918,16.587324020732478,16.871576703438027,17.12749442753218,17.270311054774933,17.504597712440482,17.50002369062985,17.275759420891955,17.25761887956723,17.54530427248862,17.21020616887742,16.7843459056631,16.283996014812402,16.116892265344447,15.018682125194022,10.872041759569608,8.859877302176189,12.932383156090744,5.714096088697216,9.37057224713317,6.596052730756252,14.94818473530151,6.377206120018628,6.007919871124444,5.723097074211415,5.468010841499569,3.5417785382760165,6.262105669338952,4.427286213098612,4.879443819084213,2.5896237361418004,3.3847245260319663
14.681045349849844,15.164913586826632,15.53517259000585,15.780851466339957,16.032274000956104,16.18593528593752,16.167349798841748,16.29170990921486,16.708760753620403,16.518391239344005,16.449915778465186,16.388076012753302,15.948917829148334,15.74819648563226,15.23067951024366,15.030199011799876,9.105342465151486,5.132854434878158,6.466727373059031,5.615622717049999,14.67221888845483,7.74119458635664,6.55203617300258,11.666999239120177,7.770112335689195,4.637690511442015,3.9081319338138836,4.05178240900605,3.8970882636802813,4.569620181931743,6.3180359152648835,4.048384240432237,3.520397152527693,2.642428321232017
14.006956547659339,14.185821497110854,14.39601536998283,14.564808298408067,14.9322049233597,15.346053027252163,15.261132240680913,15.336855281328681,15.497474934598959,15.606900589395902,15.447647005454924,15.335494923366438,15.103925836845434,14.583769659378131,13.157614354350594,11.18353491552141,7.596265825856624,5.369523797661325,8.889557559861398,4.042187930014203,13.084909294829998,12.601985363689822,10.850545564986867,5.713118699001391,6.524942636971747,5.130764177822039,3.34401589403534,3.0361928109987493,2.760642424505417,2.59234716152176,5.027953721212142,5.61224954525759,3.4797983656036107,2.567255395970653
13.178810464417433,13.22037948374985,13.292095251485364,13.643180844529358,13.66715878080184,14.017203693577628,14.244288367362802,14.361670639329994,14.430703604343114,14.36373548640966,14.342537279714605,14.460337672868686,14.40849718186193,12.772749481858042,7.571265038671608,7.6715060278064495,6.494991061684501,4.830785867413012,9.42666135592776,14.59927139974418,12.244117442164672,16.22076122356503,4.221897710366363,9.873380041687893,3.7115490638390045,-0.08018700446964185,2.3888012201714153,1.2451169684768963,4.937635530949679,4.180372137323221,5.511178169957202,2.9323839008282078,2.3901674958849863,2.634047568515534
11.840237894645181,11.838648896621093,12.075905795021084,12.414266857543026,12.5137739325526,12.765273164360288,12.918418443202743,13.044087887925684,13.078653253383342,13.257959573186879,13.430840567429167,13.565159520053387,11.937587221289155,11.134840889404131,5.514296314713203,6.15418758126274,5.565596566279119,6.197047695144998,12.113717532794118,8.822690377314844,3.103380232397879,9.988243417438074,7.271510329177151,2.4978295337525838,3.8694109814776065,4.215442979791331,4.622717322943876,4.561387143030448,2.3563686935546517,5.341075063467592,4.037873044249061,1.602161462294014,3.2231504768754364,0.32511878815990264
10.59772312697369,10.9122801911938,11.097540880797506,11.229089755466799,11.388573299149975,11.548478669375212,11.570592112441469,11.610636297201992,11.876008464383606,12.040678337444986,11.021789809094578,9.405822804868027,8.902791165313179,6.981294410456387,6.655466513461612,10.10254026148167,3.7775364036838206,4.669430539407192,8.33950291235531,7.21479701547553,6.714558985386554,3.707088957024921,3.4705135606932003,4.320072189630694,5.054246523423525,3.939563624597358,4.949971754124233,4.3392028796777184,2.046806372583656,5.828121224716456,3.4364546812848693,2.6962831075056877,2.5163143206012157,1.4977874923992864
9.313117499102216,9.483333836246844,9.391548012326671,9.6965921851381,9.889395215102256,9.90596878463118,10.10177065641034,10.14675529515906,10.26945686026271,10.511534617209026,10.259944163865853,3.690308397162345,4.11191317094925,13.473353843584235,3.5805809916845552,4.5248420142532115,1.5021874762017884,8.664615661663179,6.971541273654103,9.812840792850746,8.56711330462448,7.620157586180395,5.125570476530902,3.255963488740801,4.138264894960475,-0.25785140964243514,3.167333654775854,3.8260767041575225,1.2681943812432073,1.365693319923854,3.3408903491600226,1.9537501533384998,1.8783499377108628,5.513455867549402
7.647199115779552,7.692430729408536,7.880126179381099,7.969047288783201,7.993346748624595,8.443534036548739,8.331198146768239,8.089930476989817,8.180969924690986,4.820180033827636,5.543488881041355,3.3050019549193137,7.249108318887019,8.234217058270023,8.203615262912193,6.211867823113475,3.7814752089407158,9.71717606882105,4.693442460057993,13.337048190590032,9.079096620572725,4.8445765298848364,3.8199924541665378,3.2824620600320737,1.656576216408289,2.408968228113163,4.523916198518138,1.1680491140109894,1.7356842954115406,2.4312830595396195,2.174699177928205,0.2745206906130567,4.63595427427525,5.38525798462576
6.001140315839269,6.03396463740716,6.067326550946629,6.199880423800245,6.165362059321331,5.950123711640649,6.068220507778573,7.487193186621454,4.764327270439177,2.69890925579654,3.4307811774916317,1.6932566979354942,14.043824292891532,13.8167927439308,2.2981448475938127,6.67845571921381,0.8316943914720696,3.8743944403948287,6.928222428511886,6.12770638321332,11.038758180622043,4.603362422551748,2.1866787085627446,2.4420890429817703,1.8431807968099878,1.9144449441449856,2.3739502884122485,2.284675261047535,1.3654789036684873,0.9521921241487322,0.015623987349269201,3.8353672261675893,5.792396763158909,5.249354182057332
3.986537145918786,4.208852782479177,4.344142712852299,4.469309803434909,4.047050453705806,6.961519343295766,6.277879003561727,3.343566225513307,6.458962540298146,-2.812465331449353,10.932116927096454,-1.6666828834497889,-0.6093359782469157,5.431449650484708,0.08735899838159611,0.47334113398185085,2.7082450785843473,1.445961593844781,5.899489413340397,0.27940187180429793,1.029286977992168,-0.4947695844550705,5.1132736592034655,1.2721400619139067,0.3221490241667397,1.6743672954978004,1.57565038801575,1.9934081815711804,2.3924632205794554,-0.16174716904467606,3.8594774975358863,3.8441318621825693,5.31626886872601,5.1767855120837725
2.5987091469165664,2.7177722396712336,2.8373364513247132,2.396077851020048,4.629983302457227,2.8393263966638598,-0.16995586187664077,-1.5704781582209768,-0.05746084224000426,1.7403398808369068,2.7293676729902208,11.38657503066694,15.864403117204791,11.558230198831875,11.830564992335173,2.6547046797558984,1.0669629238577738,4.440738229827161,1.1058088204411292,2.437987860579307,2.176898464339678,2.8372000331288327,0.053599320437654405,2.563341828227403,-0.1744941090879068,-0.0321296881218491,1.630248011949704,2.340176385599187,2.2010830743975913,-0.012091357720589129,4.313406567223781,3.2351296779658587,4.289871851089768,5.150367255622021
1.1230201265427473,1.0840676692549094,1.4779429286482093,2.7681803674140717,0.11544492955276296,-0.39230683813826295,2.7800207906102563,3.845507752956555,2.3425667015444063,11.19099963277627,9.923469419046755,7.495045982753235,6.091370269096082,8.244570763526985,2.208049741408901,6.821840350887155,2.2428722809472124,2.530989574621654,1.8523716598139495,2.00725491212177,1.1009487255835402,3.455643927874096,2.248364971314465,-0.773280409212978,3.2396366369577243,-0.2347362510662775,-0.8557132502064865,1.256260135379224,1.982441296818727,2.1043613381292174,2.6057010105028438,3.072770539384277,3.8877400961372586,4.3868892145264065
-0.17481647392274233,1.1133043879934148,2.8203061629014643,-0.1675564443815925,-0.046319575285959695,-0.6584892035718506,6.204343387194272,-0.11227200901631956,4.434523864876754,8.129044569199946,6.701539923484557,9.576479271498961,6.047298596308287,-1.5337275309284015,1.6392955279167694,2.8919211433499186,4.333043087005385,0.7532637405551886,0.8489346853269009,3.0229524586429983,-0.3487490356490997,2.380026561245537,3.7418807968009915,3.0238393256652514,0.34474662473439877,1.5595718035109807,1.784704077070974,1.2992546025291896,1.9654824275951215,4.450301850442635,3.229706690483567,4.078064582224968,4.481762657075558,4.487953535726158
0.47621928508482164,1.768818658953769,1.1032166446139375,0.451266058320595,1.2415496736421954,1.377844961058319,-1.173659252934358,5.19336602949335,0.37519709475200014,6.571440361455058,-1.6408389986075507,14.601864113611997,14.384158628271992,4.518039826079408,2.055427459589766,1.9578492749112815,1.0770424806538648,2.4921949439422773,-0.39486882183966265,-2.5302686600415067,0.2017228363803025,-0.2533951264909766,-0.5004168492670699,3.2803973388202987,-0.8950252232363468,0.9830598671617184,-0.3549439045241546,2.2413027390038436,0.6369785680364444,2.7614853069902305,3.358957006586795,2.7455292080782607,4.238173693665618,4.651430842389712
0.7866500099197963,1.5506051880458995,1.82878321663551,0.06923016817137172,-0.6570538591213082,-0.977913169294817,2.0700569360791468,-0.96134271927922,0.4181255413195275,3.4259711957662207,6.2537559803191485,12.447157693288599,3.8141007839958627,9.764085474837312,1.8930472495932393,2.226199391800452,7.3373715373842465,-0.8976058135705127,0.007941308268462548,0.23638237417921898,4.588603338821693,-0.339253002542149,-0.10591366985499755,1.7861492841923603,0.14334284027708288,-0.557041443919223,3.5796186787137994,1.1371159384013314,0.6014047908570982,1.8919142479193782,2.6609559323736462,3.8806723947396877,3.9431561523969676,4.643040895455691
1.7337859071601822,2.293488765505389,1.2278734771620206,-1.2360628562384244,-1.2006466179944062,0.0019135089684897265,3.7957645929850665,1.2252562933942688,-1.8783113378423155,1.5944459197873828,8.634838642387901,17.811466162200926,1.8099341618811475,1.5364750195586916,0.021191491405368548,-0.18609872633462757,-0.5656461901259321,-0.17407033783214998,1.2273520614326134,0.28032333408303683,0.9337907734344316,1.4680712740276136,-0.6826540160415874,0.3060685503377379,1.970133457597115,-0.08313910688492737,3.1673191988166103,2.515150776272243,1.207168300920954,1.3651809708823162,2.3258464433431647,3.4992165723341504,3.3717816718909353,3.5633800180851702
2.315194374697718,2.2794741273765777,1.757387906877868,-0.6748156949939085,-0.7935694685194922,-0.6631085247413494,-0.27756000436077705,-0.5378826488229281,6.906883662332994,11.500554592950854,-1.4638887500509616,4.558693424347789,-1.492937045396043,2.5856816508965474,2.7607360626260706,3.222950795627469,0.9650860115557172,1.1780096403748317,2.8815345690698,1.6204080169347,1.9287949312310737,-0.692225828275711,2.173640125644668,3.7276194884081133,-0.8360089524484422,-0.3503058220164538,1.7351799010005635,1.9580644794282378,1.4774850566205933,2.608972570361683,2.509043854649137,3.788540032199628,1.8199285922322872,2.110168439481175
2.682871879801283,2.1911665701741585,1.5120758436777613,-0.1278949052892037,-0.8354981368668551,-0.8111836365474716,3.731058136064493,-0.44535070086942113,0.8768817523085525,11.441767996431436,4.927021804446961,-0.2818081405546879,3.3637488359960384,-0.2705165232689022,1.2134530119891624,-0.0147973778513051,0.37598949602356413,-0.8804628650755526,-0.7129536295643979,-0.2418910344204885,0.6451494677814704,3.200151255092314,1.7725750976507535,1.1941180799978353,-0.04349004563967369,0.5707813015097181,1.7342750715568076,1.6461372631244553,0.6765405640477365,1.1366491980932456,1.7751323137258912,1.806776076160978,0.043990434716261385,0.9727426900136098
2.967064782685092,2.327547668120646,1.6548589511477678,0.3893346934574478,-0.40936479258148917,-0.08183651051765607,0.36653934259921356,8.200173739044912,5.42656164811354,4.612208911064357,4.1904486895480115,10.568402101628221,-0.722840503943567,10.147163626760968,-0.11083791818317368,2.5253739370634407,0.7573159389572555,-0.7537748935611879,-0.8073459780782298,-0.13563382346237907,0.08600288751759369,-0.1103338207958688,2.657164372969528,1.594139297230125,-0.4363496070588352,-0.06093564103937199,-0.07769277602807756,0.36434266853515684,0.5247707079106488,0.798106995236214,1.3522044037689036,1.1219932050624795,0.8440652304032269,0.42020635660549976
3.17574149313201,2.379303237057793,1.2674107851635283,0.4707566838810403,-0.49678347312687127,-0.7294900505757521,-0.1496282077122067,0.1791707156305065,4.259402151765943,2.3433135037435506,2.8469078316774588,7.092791499461318,3.7027858105540212,-0.3087737452908542,1.5499934012269336,1.9383326521378705,1.2233592740485044,0.09036096649769909,1.3726656797294483,0.3516601230488447,2.420266651511361,0.16336433683426382,1.6001627485784085,1.715094246509499,1.1700963282736967,2.058851775565168,0.5792377969127623,1.4609529657600828,0.6235905211548516,0.5490324193240949,1.0674131710263373,1.1799754609865059,1.1142534121703227,0.6631462927719904
2.4361050250126026,1.9610530223163283,1.003876461649506,0.9043539741700798,-0.3938717820309794,1.7790973500610936,-0.2685428652684535,-0.9026797971397738,4.907842132739676,0.40078052121327834,5.61038278972746,6.518812917704782,1.2013389304252458,1.5377666100895802,1.7596267180227299,0.9212079110801847,-0.17378496489062797,-0.11047878244379992,2.0667821983543813,-0.178405143466606,2.0467649453735985,-0.6729974090911013,2.0303037045686283,0.7868876613218827,2.2301952914627643,2.2519434798116227,1.8170504702671335,0.9391845353113087,1.3915441818351484,1.8914636406279512,1.3916992105736496,1.744480924746036,1.4559867161045257,2.23249653533988
2.5619283276556044,1.8307968078731545,1.80540660574464,2.1385238003982128,-0.20157083093982747,-0.07450437027067504,-0.9999794822779423,0.8217358928076327,6.310639526536879,2.359445908118466,-1.5123644333844324,1.3303615385311582,2.4900707324515126,2.1846715029342185,1.7891767392874414,-0.8372152653859168,0.16272448477762375,0.8297495037916007,0.15554331424193724,2.3503303793875907,0.4714241178830008,0.5471733740272272,1.2089568959133128,0.23789895542682865,3.431871718093481,1.360507669057916,2.31977483418178,3.475931608747089,2.6952640056242516,1.6132191015060668,1.721749171461098,1.5421822661226035,3.079569778466477,3.5431730133445942
2.140399409351902,1.8426868466800026,1.2455484666287955,1.6836559896781012,1.0133417326371579,1.1931694106340869,-0.2799160506364441,-0.47354718129533385,4.4410507804081965,-0.39440464914931816,0.8819502690248319,-1.5991770533511507,2.3387723604716486,1.8627312720984057,1.6724375399967668,0.6729586783414018,-0.33037291185215517,-0.07344690605252596,-0.05084578686714016,2.0956938956500886,1.0066440716313325,1.6450650565063618,1.3900526614050106,1.1592500127685206,1.7210647560419154,2.5134486522157085,5.53845296716713,2.4263784743901136,2.3616612825801804,2.2424840716806282,2.5785370821123634,1.7144566760068598,3.4364191487810887,3.73891401807979
