script/wind10m.json
{"header": {"parameterCategory": 2, "parameterNumber": 3, "lo1": 6.000027932988019, "la1": 58.9999434238085, "dx": 0.5, "dy": 0.25, "nx": 22, "ny": 24, "refTime": "2024-11-01T22:00:00.000Z"}, "data":
[rows 0 to 23 of 24, columns 0 to 21 of 22]
-2.9800590559388698,-6.8601322473591235,-3.7167549841985985,-0.661154674377202,0.7801013202054674,-1.720017987048204,0.48092681531222775,-0.5933197614477767,-0.45012969552787785,-4.976271663597723,-5.232132526907658,-1.1433774083126242,-1.6346179685677404,-1.4905104582771571,-6.687597574931244,-7.307608454657081,-4.998958279852661,-2.4543753269424826,-2.620097641600113,-2.7597467985365616,-3.0817779806615224,-3.8428630554101195
-5.085209555750196,-3.10712956521999,-2.469831878876135,-0.6421700255278951,0.377372261238549,-0.6681997808259634,-0.9306999036828835,-2.2008430844154083,-5.8196303279883805,-7.770282007008314,-8.283898335499746,-1.2356466026059203,-2.0656663218352227,-1.6659479153307464,-8.282505041265617,-7.468061780488108,-3.7109839707525905,-4.480157362790655,-3.134287331949619,-3.221587955959264,-2.7514910133573185,-2.949672935986337
-2.0544880670548413,-1.8612686682201416,0.3805409929874221,0.9926031279631473,-0.3295870929208481,-0.537656395480329,-2.0044867938802113,-5.813471537833124,-7.652466342690749,-9.129643181504283,-9.289636310067756,-2.0408967241759988,-1.200026781254659,-2.403699053170446,-4.344868158844666,-3.1386713992660304,-3.0922803254639355,-5.786280943221608,-6.244479291318436,-3.252078965145467,-3.176860010649939,-4.570857884699003
-9.226308193393963,-0.5898662519176731,-0.11957958618534986,-0.4540193035181574,-1.26685103017701,-2.327059987274447,-6.47512712881848,-7.827932939491649,-8.073614144920073,-9.505476823805125,-10.064399051184008,-3.6437312110568594,-1.7191523997982947,-1.492535967929445,-2.65640740913792,-2.515494685728238,-3.6946066875845944,-7.533530871174287,-3.441675809167857,-2.8314230862471224,-2.9555860130048774,-3.4654619756086498
-9.048282374260332,-8.37576412565083,-2.8461053787818136,-1.958446063358914,-4.67771025476932,-5.865224094268426,-7.404002281803917,-8.249337569113695,-8.579606960503511,-9.826746585061592,-10.46583987646686,-6.277731196903353,-2.5153164993433466,-3.0212224202221765,-2.0890157734231996,-1.9808370784459255,-2.54108330800832,-3.7999024571977076,-3.5561891683508016,-3.150854016314294,-3.3832441921833727,-3.5001153672906473
-9.14585175018602,-9.722056667527488,-7.855206032288586,-7.454302848255845,-7.2572563863537,-7.6605416542874085,-7.975407281873196,-8.878386970320772,-8.971942521595818,-10.27352237716124,-10.591602433146736,-11.271136071722022,-3.2436473146626503,-3.4473004643579834,-3.1361836550168904,-2.413223901587147,-2.557196889632093,-3.2560278481234084,-3.9311301928450337,-3.7407196904927855,-3.6634586800877282,-3.293483463269112
-10.169331630013458,-10.031394316005315,-10.570326146079905,-9.456008759471494,-8.944524368134507,-8.97073392754345,-9.090556503838798,-9.529879228862379,-4.948463958644596,-8.281502047662965,-10.878093326280908,-11.748358384043584,-3.0015998500878123,-2.249971213775194,-2.7196083068795986,-2.5520619315639608,-3.3708312046505164,-3.339670622405985,-3.8093056397310345,-3.1209718025264164,-3.6611406231161014,-3.481023770970186
-9.959156922579403,-9.672178873664835,-11.606357161651161,-10.747567597960392,-10.050054385073539,-9.971462157468931,-9.751962079316947,-10.165138099965436,-3.3220776511510146,-2.20896485360976,-5.562656841638064,-11.896578305234126,-9.741509474628218,-3.0883599199934366,-2.6127521378791942,-3.0757388866012523,-3.062680530936222,-3.0127697796742705,-3.19654409771208,-3.420280849402549,-3.2646963656803183,-7.150447249489477
-9.795944322521462,-10.55175969980655,-11.679582151515323,-11.744798773225469,-10.717786934915358,-3.8494676387064826,-6.151472398918594,-5.164712245254296,-2.8148191223442818,-7.253422346223695,-10.33197580033039,-12.120263199732447,-11.268067661085848,-2.9236021643337695,-3.101774338127394,-2.673988910617951,-3.3417138665188277,-3.297708978504949,-2.9413753903440325,-2.305031968207641,-3.8928916730445935,-5.615701495073104
-9.845707420056444,-10.548278529653377,-11.602572568910405,-12.006418584851664,-10.827005823366578,-6.047708447800264,-4.18513266210709,-3.0006740580269726,-2.2240512645548383,-8.974756272845534,-10.606033687476817,-11.235475097418064,-12.406096887903665,-10.642688728028029,-2.7147099046611447,-2.8550565051263495,-3.7337841303560055,-3.4060808830937632,-3.350641527784243,-3.0138695590700166,-3.1811177508206905,-6.756465074136694
-9.854944799955039,-10.508608720408047,-11.231745792428804,-12.0030004781243,-11.799717770038024,-6.451962839455376,-2.517259629106017,-2.551059969294431,-3.0271483740683625,-5.255847280742013,-11.65627149780596,-11.329066989169618,-12.128804711695544,-11.797466257222277,-4.3016038040851035,-2.0538073110390243,-3.35500325931609,-3.410769446161529,-3.5886480536963794,-2.775893299541842,-2.623937550490306,-3.0701058486037764
-9.96464858111043,-10.474368102160353,-11.150435643992877,-11.641111100875031,-11.801531322099486,-3.4274081976934228,-4.1762308980833165,-3.289171124678698,-3.935571269966193,-4.409683546491761,-6.440650414695994,-12.250375874753985,-12.389088671825688,-8.55349110097671,-4.262386708053277,-3.2234051383532303,-3.4467614680839618,-3.49753486143133,-3.0880514873351044,-3.3215078250730077,-2.833578611531348,-5.119404923801131
-10.048115207667548,-10.56864319170786,-11.355875058106351,-11.656421372824836,-11.773991654777307,-3.5118555229124233,-1.884206161589943,-2.7257553428115577,-3.342725073560475,-9.338458554717612,-8.940402139024275,-11.349590407804593,-6.508489030325749,-5.878273567412378,-5.370965751537857,-3.7015922674601076,-3.4137268943176613,-6.952430388333965,-8.94560215232156,-8.039788912977532,-6.306033983923142,-8.625342329628968
-9.642829288353647,-10.035840405956174,-10.778863714517664,-11.260861977500522,-11.55096852312091,-4.524937280448343,-3.5147930670745913,-2.2670027413351175,-2.7289177609118833,-8.318418096985246,-10.239792123896295,-4.926737348037767,-5.680395115235829,-3.240589174041523,-5.107647470206982,-3.3004295004875237,-3.1291465337766953,-7.911043443394466,-8.735065467694744,-8.772092236754066,-8.87963683351504,-9.031425784300511
-9.550777531798557,-10.14375984634486,-10.658801123162625,-11.087079166676505,-10.876668718664561,-3.6684127758310554,-3.039261356779328,-2.7303073315411894,-4.516831918102598,-5.758192589374294,-9.374373975599378,-3.0998819138360525,-2.690200107971994,-5.83239187934807,-3.6024894955063544,-3.442259132927399,-2.15827048688397,-8.770221807353987,-9.191533193588077,-9.005529621710537,-9.39930065077194,-9.6393150954637
-9.162734250629772,-9.697876793923733,-10.086689341225378,-10.554038845993297,-10.861438847669378,-6.9015264096862,-3.757094837779031,-3.406969319323851,-4.640125470399949,-2.383540312862132,-8.428226862889403,-2.8905105520106265,-2.3507016578141093,-4.077428258630577,-8.21107060217059,-5.8614876162049745,-7.0294189298642396,-6.4824839811431705,-7.662620257226376,-9.237780375626041,-9.2855191061107,-9.284096799165633
-9.419215123771487,-9.649937332174265,-10.046197051766052,-10.44271048482411,-10.666929869565221,-9.238506457447288,-3.684163956643874,-4.216129467555206,-8.78959074008401,-5.29467222766592,-6.0874981103493075,-9.081301066288415,-3.064296152915331,-4.119656343589582,-7.414157944669965,-8.161240654428683,-7.45319763686277,-8.33618186719384,-3.116545763682443,-5.970116252284399,-9.029517448102428,-8.723549640214841
-9.79250598833147,-9.687937296572743,-9.834736109761934,-10.06574441604672,-10.489265497632513,-8.643052496778937,-2.9081339444483314,-4.442578348919425,-7.561811822326999,-8.74214049773524,-7.407013594930952,-4.190960459098568,-4.978436106201863,-7.17706291051552,-7.57937113772512,-8.063378256059204,-8.687710550053069,-8.238671703341685,-8.275732388924881,-7.033621053234276,-6.7611677694229355,-8.52761492476636
-9.431059648538422,-9.645984860950692,-9.834877880349463,-9.876292792226847,-10.057509395950373,-7.418128571779236,-3.030315464768531,-2.3573773695427596,-4.270804477292577,-8.815057579109514,-7.909793749932431,-8.579850054947137,-7.50486438547871,-9.373092155603963,-8.730839530647504,-6.955273194707116,-9.840149471649925,-9.252654573963053,-9.118568375854359,-8.790282564390342,-7.878289859159807,-4.701568349823891
-9.264781767868968,-9.501839006004166,-9.67831062862948,-9.942802290569135,-10.065780867092041,-8.758027068015378,-3.3625786865939618,-3.3040921939741024,-4.553451367853671,-4.30412435078479,-4.785367932967549,-9.086562934416097,-9.509759186572387,-6.834180389648243,-3.964103991278861,-8.505852825380323,-9.552682132067233,-10.733694946626597,-9.206616910548178,-9.438530722140042,-8.982339473642089,-4.764222070708572
-9.009163983190867,-9.223375900472545,-9.024261040245658,-9.509054500097895,-9.862978230620232,-9.602637458348726,-5.113210146399678,-4.32927075035678,-3.0025229000813587,-3.5786720988954186,-7.3447236909452975,-7.576500973609653,-4.988004119341832,-5.008965387401218,-4.917186011508562,-5.268600464345703,-7.602118320566783,-9.80002752148797,-4.384571511394465,-5.963364658746921,-5.30356305646702,-3.168346998776158
-8.796419936169572,-8.863621136651195,-8.720168223600261,-8.347352348661026,-8.411968619769004,-9.212402362595869,-5.293023264253286,-4.634583089311863,-3.7933606160628357,-3.912203911165255,-3.8969452656380312,-3.976631341127862,-4.9801151226487415,-4.483034181149473,-4.23417130122403,-4.1426531753235665,-5.975827626908189,-7.911570251493447,-5.500364728678948,-4.63599823412478,-5.425393777201506,-4.057817285738928
-8.324817962241996,-7.896923515271713,-7.691938678253322,-3.5985592891591915,-4.095449769462933,-5.665520558133815,-3.586472677203394,-3.131748393739743,-3.9519826000304765,-3.9398731326487546,-3.452628266803614,-3.66188918927781,-3.5499981002601078,-2.7856386231755472,-3.8108261366345215,-4.759217548637616,-3.5796712894189144,-2.6435187133099185,-5.016425208227329,-3.963583587249732,-2.734998016393969,-2.4695663812668798
-3.367364272575441,-3.6363014609119357,-4.69754558236708,-3.23963675252405,-1.8497785523240502,-2.252413450670711,-2.6405021438365233,-3.132273740568443,-2.20932322989104,-0.6671909150905375,-1.151794575826472,-1.566165265091897,-1.0794755582948108,-0.6657265245696038,-1.905902295969808,-2.336908996257656,-2.4966241017074506,-1.3475334369333343,-1.425812542898183,-0.3907365946926088,-0.32846170751183257,-0.8854874348484176
