script/wind250m.json
{"header": {"parameterCategory": 2, "parameterNumber": 3, "lo1": 3.000054539987559, "la1": 64.9999836372058, "dx": 0.5, "dy": 0.25, "nx": 34, "ny": 52, "refTime": "2026-02-26T21:00:00.000Z"}, "data":
[rows 25 to 49 of 52, columns 0 to 33 of 34]
15.2810143741416,14.869170657260751,14.322210261226672,14.027907034283652,14.35782833447572,14.662444460718643,11.904767186154384,9.023679282419621,9.014108359157813,6.377984746474395,8.288238936754173,7.740121063108882,9.039364911624082,15.001821858241744,16.160033128200645,16.02244278845704,16.49999415824595,10.694623299804668,8.14164281829484,8.82215683074765,10.47394901860112,11.492933018990284,7.708709499507414,8.002935649655768,9.002853104693408,7.684240069215633,6.919812333922761,7.413296026001785,6.165608710751045,7.064183534374316,7.4300963712943755,7.806340285169855,8.16695637969746,9.66849532590203
15.080049704756112,15.213064621614985,14.356563319649625,14.427025193179528,14.13911919592688,13.388230395600305,11.138846662167367,9.037609775878138,8.141196905520372,8.438794977143965,8.68129279949875,8.08510019293457,13.345190809456692,14.643533514493845,15.712739530593796,17.020454587828933,15.170658194674303,13.787543539542968,9.273260472866419,9.456371095129345,11.023683228556232,11.467945578541007,8.504027822145092,7.669078105634552,11.28995280283807,7.987935845584807,7.9372172438578,6.148239903184305,6.055765867382495,6.581185369332926,6.990726337106991,7.596676356430116,7.255483155674538,10.041895856314259
14.819624777892214,14.076867666305553,14.145204645271257,14.516460992595107,14.278872405930704,13.755019460347253,12.922152419702288,11.626189920187286,8.89424678215677,7.385414637787345,6.869778839674432,10.69887946385633,15.108483292166486,14.75818544526536,15.770150196490572,16.468116680370915,14.771165129138753,15.977829311267428,12.435762280629728,9.577697549643728,11.261550612965028,10.529153067751695,9.160492785673847,10.911001628796576,7.683030165540841,6.943107275938806,6.900629056541937,6.4849449172834355,6.796429069928105,6.665315614781592,6.54513367530776,7.989222886465824,7.89490773857958,8.176879547382688
13.334689576922187,13.967962654071547,13.621722284291447,14.030022010021398,13.932789085517646,13.797618066005759,13.527968590663265,13.327208343747529,12.80419427017139,13.90514676152538,14.919391973682874,15.343993775554374,14.459448416457226,14.407887472152355,15.564481340071021,14.617446894622942,15.187469729076573,15.195794290755227,12.547567511954838,11.27540602653795,9.73136841124084,10.066144923910903,8.621328550919912,9.375128555476465,8.930508288068959,7.210256598213239,7.39042559666174,6.012384547694921,6.8115061803216905,7.235032400471324,8.242291818710273,8.064960858742378,8.192250905326414,8.232020768188784
13.272590989348267,13.4288113034266,13.690250392477646,13.708461981189274,13.68157111266221,14.052902081914453,14.352333254808274,14.424036118908635,14.144725206054371,14.584293761797374,14.981006390318061,15.473048922672616,13.662398683049386,14.976324607369593,15.712648700921212,12.714884410594749,13.806083666813002,14.144274336734425,13.779346017606752,10.046624871997444,10.154416174227869,9.76238932522063,9.01269806657782,8.481561766072254,8.680144827796273,8.459873560191651,6.958108144323491,6.816746703600072,6.931868647348169,6.932253020624197,7.156050228832408,8.541701813413628,8.17802100966561,9.277581645418067
12.082860739357093,12.658901122777584,13.000714174345346,12.92316271075233,14.030724652485642,14.382686352348378,14.851220237306029,14.864172577679888,15.391667977364508,15.472122852387509,15.90192528073543,15.260212934691092,12.682470095248421,12.459651087242344,12.077472870501913,12.812417809424527,13.855417140236456,13.710339292768518,12.013997697521567,8.440582603779053,7.786478440892778,8.633804243205429,8.32964912747842,8.449695074123103,8.310171244893917,6.660497583443572,7.264992767172058,6.545710493368156,7.467476160435841,6.697558418985783,7.25482886787859,8.364955540852954,7.574621614439363,9.740391531547235
12.3532632559913,12.44503435264568,13.091942793290027,13.186518681171025,13.658294724639793,14.674469823571355,15.17923628738946,15.27585394208085,16.150393142631494,15.583632482568849,14.880993759870503,12.89924528868365,11.166237437834798,12.314767747231912,11.379892887099293,11.529035227934317,11.947205061110564,11.611160119719553,12.570596589764719,11.148044376716276,8.677304682080068,7.672130313542132,8.432443593952476,8.883354254969158,8.599964895342083,7.9103483304028765,5.997932119381874,6.9186922823798485,6.476288948845285,6.15211510981855,5.864464148165954,7.029569593787659,8.079001990924828,8.52127658746998
12.771402423022195,13.398276742478053,13.321067741364875,13.294818917167296,14.164389780711735,15.000905470613612,15.186202305312394,16.01042294123607,15.942048243121372,15.668433863439603,13.42228217029158,10.921090599968482,10.486482739751708,11.29336603762237,10.879378548685576,11.744925174881448,11.91176806123086,11.73785478042713,13.286849571977257,12.77790723012734,9.568277583585216,8.438436265646702,8.481852276947016,8.12207873475689,8.084612783595258,6.508230439542221,6.787226406250432,7.492345186485807,5.677882292011737,4.687807151564225,6.120026674247433,6.7881456246942,6.617384460592088,9.784886291581657
13.6982103242626,13.637853589722392,14.176679549748057,14.561858158202217,15.346547928467084,15.53011630763904,15.662434104104392,16.30539790321399,16.47991307615055,15.326047992948716,12.590744460726482,12.65682202639861,10.994666710135206,10.579664680402264,10.805189539662388,12.15675324346706,11.329786928204413,11.724685296047333,13.134509059768583,13.74745538974084,11.019940915956907,8.876327324906406,8.672863408749219,8.249539273085505,6.83747568522785,6.464379165053382,6.288344069098109,6.5057300952606205,5.736209082153251,6.494354965146666,4.941601581075137,3.603306680064129,7.878764343886673,11.276816896599058
13.259130936501538,14.054345973028807,14.349492310990808,15.090928299537012,15.733251761207766,15.872496814988732,15.971514914106574,16.484784797473818,16.762630377422404,14.796940343815987,13.670387668203139,10.509849203331237,9.878252034197606,10.133154397637945,10.426692550952165,11.084768232697355,11.603880915153791,12.171838455010274,12.640570652228703,12.92581146703017,10.458399902137238,7.471137497744559,7.941427704999435,7.6284030165180825,6.4601341406874875,6.530577117592625,5.9561372960688725,5.321643125775572,5.903508136843497,5.0017893206282515,4.725055722693847,5.180928741440381,8.086329695273255,12.445591203620795
14.33295091731195,14.689008971622956,15.519903823626754,15.758439653480309,16.20594033340999,16.232905936649733,16.91684982751087,16.79636740408982,14.990166389910229,14.858242557205118,13.714271875524517,10.509093908294203,9.322753896522018,9.60359839631705,9.53231785639402,9.919789501574822,10.590085973849932,11.489093567262497,12.9983415900919,11.626431149386379,9.878235858672491,9.152207969829696,7.097952394305903,6.087252392718428,5.516857056546075,5.481249410265701,5.369141649293343,6.043692191416614,4.392421102670305,4.677203287451472,3.906518611501179,6.529155167382047,11.402365054882079,13.264456507667033
15.593244584813766,16.029632920151943,16.295529623027033,16.455983887009193,16.75960420256713,17.30318184418033,16.982614932057984,16.2351178490113,14.065313650283542,13.744369068520562,13.407754310930766,12.02749854004095,8.922770274101511,9.06985849149041,9.233405874255519,8.992417873396612,8.241117850867907,10.490615536460794,11.090924434613113,9.56664590028626,9.446292509562605,9.783877411810707,7.616865601872125,4.7292746722380326,5.009845118904959,5.068493868354394,4.2182594882410145,3.6617156559932282,3.2660527059660622,5.330659829793832,5.293762346983912,9.357178636931165,12.174144557480314,13.086179653733518
16.334876350652994,16.81614169181305,17.20121359774364,17.2026806061046,17.12617454015021,17.29502805611703,16.842452405798035,15.01932912762331,13.885894157744778,13.34014853225125,13.007990659882879,10.180616275805544,9.032301405197598,9.117449552137675,9.643551138481994,9.540424184321807,9.75761015053676,9.360797197420245,8.865050640743211,7.847205399961963,8.69946739008056,8.32111396515597,6.449197088269343,6.558572156391456,5.7026078558174325,4.502356487935496,3.871458811539052,3.5553012074062753,4.942690849266954,4.984719975793218,7.945571808908677,11.400434918782182,11.993811314579334,11.476547221624063
16.664849018482627,17.464291300107565,18.082601822205447,17.719681463315297,17.549473082230257,17.77701360295479,16.93859525808959,15.360743276549158,14.096415031608748,14.163214823822221,12.755684019644823,10.827198031883272,9.554281464024802,8.579132866433337,9.459389749927759,8.815484588010133,8.15756175788729,8.178569746925364,8.051408550682643,7.874332719828141,8.115787680114238,7.455723995515031,7.611217233028181,5.736118742624303,4.035105949029123,3.2671786999883508,5.03173829300764,6.225859337259274,5.150590647481557,8.283658149389803,8.759867429804245,10.079677911150773,11.307369787649657,12.696122133873038
17.069869328024723,18.08391533516926,18.14241084569489,17.881051695097145,17.997071628282935,17.69140903496761,17.180515508170185,16.252183343491136,14.915955797621715,14.040407177880674,12.878927666016144,11.070078509719286,10.015763924427025,7.924418824684402,8.148873754961748,8.121384174110148,6.826700972721213,6.876759628408017,5.991559363463459,5.04169187220374,9.298663074909248,8.16061734601884,7.3796876785757295,5.430582721474122,2.689798105898681,4.344157971243352,4.95304821024957,5.07475127302681,8.000785748830847,8.5198133663609,9.446722546397721,10.555016987069656,11.429525365222712,13.937937644912077
17.03260131799124,17.709421224440653,17.23152207077795,17.779972749940303,17.764605347987583,16.989655619118047,17.00438484770175,15.70958260784414,15.200962663688122,12.740592387650914,11.8897052211763,10.661878059842477,8.20325542665057,6.873509694980298,6.690307027188827,5.138528104709569,5.2738482675923875,4.050902539644903,5.755350590057457,7.549683942814764,7.838127915120384,7.765348945089175,6.988107912194663,4.4711273231800135,2.1056628816252654,3.990137979868578,4.225761140679169,7.306604015225493,8.486009439717757,10.221731725488514,10.01519833667851,10.311180042276312,11.338748509033643,16.82920216506718
17.499570553245494,17.498382346538307,17.611522182327473,18.194345045877686,17.280408138738544,17.11019282704185,15.944635770131129,15.34368739349217,15.002522674983163,13.919368498058214,12.155893403133819,10.363664878283236,8.284875485767405,5.782794891185891,5.456577053847997,6.1526443697115925,3.3225075311481036,8.029092069234105,8.731255701995506,8.201249640160894,7.14760509979808,7.127925190889954,5.239987207690633,2.6832283523067733,3.1831212661534423,3.828578959632239,5.706525338330856,8.040687037863256,9.806523504755413,12.604160730002947,11.392829161267532,10.274829327972542,11.802470185821832,17.811950522097604
16.891074895354745,17.092299404132586,18.366939959721694,18.253786353548826,16.538338686360625,16.591562856096623,15.283054821275503,14.981767763023441,14.428323861810973,14.518033459230884,12.46846875036389,9.723750452184046,6.879017841021082,5.599750854216863,3.5785544462674665,4.719814751495056,7.582132872673057,8.507662230169055,8.221681556823045,8.41092092873232,6.976645470580582,5.993365343153387,3.693704477395856,3.272218901388322,3.8934395566729085,4.474861468255828,7.023652899014908,8.758618509119877,11.695210945655111,12.756824662901783,12.57100545678242,12.441096177588582,14.810780858126547,19.093221665244435
16.47089104811849,17.86480799516991,18.63794724917409,17.55616949176975,17.211243013880022,15.936409840329059,16.28028067505231,15.706412427577835,16.74525330548223,14.3227725474873,12.431787488768252,7.785587825616858,6.8359580559851745,1.587669304225916,11.40713208349014,11.205841628799615,10.346727063585178,8.160407314407129,8.798511948573106,8.482514284581434,6.136911180642956,4.009783762339213,3.3451528331819054,4.721029682755052,5.715864379994647,6.770448003603691,9.150001155106462,10.073529698507848,11.449695702296847,13.343971469904414,13.724235858986436,10.751603925666213,16.762784991670923,16.031780389511468
16.8130601239332,18.298271135844246,19.092715873871914,17.625667256273992,16.863693862885466,16.444766516402815,15.994933483461715,17.426889179052313,15.134944131517411,14.744434628325143,9.992101936078418,6.799397225272324,0.6623542189322622,12.860010111554168,10.825124264383026,10.232227263868184,9.802179874074882,9.461702174329572,9.533092414331001,7.399595708008843,4.521519086230393,3.3406185400794675,4.897239350796394,5.141602155481665,7.269532260353338,7.41950844417746,11.009019814022805,10.723984536772404,12.924534539348901,12.81608076474688,13.502185856182221,16.19592076927281,15.934090624051047,12.420392339162856
17.530916776098735,18.868091538472676,18.618283969376726,17.361011302669564,16.81320254283411,16.50468215330762,16.247427476267948,16.12699565310089,11.853225487521694,10.521144827025825,6.469299612910265,2.1426582568330943,10.268472889340947,12.070159583175617,10.96173582397796,9.51459576562288,8.543616614404883,9.576645522763222,9.18679976955151,5.74259245543815,4.512663268038657,4.845548337735256,5.001000169435821,6.555432395938244,6.783081812627279,7.694939322168369,7.654861409550817,9.301171581598235,13.056219487421584,12.64090407012873,14.168949523319718,14.293845347277045,12.810144570525324,16.853271115493758
17.679101387189124,19.012475678804254,17.670201484652907,17.220538791250437,16.964391244027038,15.778859629738198,13.958121611357203,11.186154108320936,10.149185058579262,6.972113275392763,4.423192866428543,7.121340772780087,10.51494887958072,12.220386139706669,10.140878493154185,8.425646986569395,8.351780994593865,8.510583572012722,8.621166271006226,6.584429281293942,4.397003262799486,4.417228298927581,5.546837879085798,5.378945478049572,5.44320026288312,6.717706643606753,7.6504036460866915,10.414335758746569,11.146550690408104,11.772462558233046,13.17573298877186,12.754048346783435,15.878736109275765,16.274047801268384
18.42422404355883,18.204607341631462,17.15461760694422,16.98872508203425,15.500710398175073,15.377430766093958,9.801984306287052,8.852114825446375,7.228922719140413,4.106881304151364,0.3532687465917679,10.829607828574956,10.96653661141103,11.25233020784433,10.211153547963233,9.165174568758736,7.523783718479769,8.889147301806956,7.294418520881027,6.521978082810472,4.983299730168168,4.024039312301823,3.09819528770569,3.7707989449920745,5.376454175689395,6.664165462318642,8.01590354655152,7.650669724118423,9.93277593287296,11.419997004351687,12.57035601983651,13.33746510849205,15.155440486151202,15.005202309483758
17.81483563407363,16.99274242918822,17.059062222632328,16.8569471988626,15.311305428145026,10.322866571836219,9.702840881103219,7.775835506776281,5.062098715359269,1.5908700082045022,7.077722534392567,9.39289770208059,11.018073061276501,12.541253360127264,11.02728915706737,8.679793823098185,9.09940089513895,7.481137078963969,6.289101003787736,5.467413122063387,4.193565932894433,2.0369400530899737,3.690971830435226,4.357569926517033,5.6542891588489645,5.293568387639518,7.31677519641811,8.394707032359507,8.531666094266365,8.887353898238478,11.182467720490022,13.01632425862932,14.455808560041365,15.056501983177935
17.434721331243406,16.32827424189192,16.38007276018893,15.50795711668059,11.328117363809547,10.1632670157928,8.252783445775028,5.710858636524189,2.8058241415331904,-0.9506182493528131,10.066336723686314,9.999520091964909,10.213290754346154,11.795432508089787,12.320232023485064,11.662666227439576,8.474314136444134,6.205605027567522,6.620825529619076,3.335447376904385,1.8757526315974022,1.504769647815078,1.4939171665246906,5.056270234400291,5.1871103105224385,6.3000672456639935,5.150002872967183,7.002076725196881,8.810785559156573,8.748379309201537,9.69907884038458,11.980628937342756,14.358951682079697,13.744905728011002
