script/wind100m.json
{"header": {"parameterCategory": 2, "parameterNumber": 2, "lo1": 3.000054539987559, "la1": 64.9999836372058, "dx": 0.5, "dy": 0.25, "nx": 34, "ny": 52, "refTime": "2026-03-01T21:00:00.000Z"}, "data":
[rows 0 to 24 of 52, columns 0 to 33 of 34]
-2.2816401114360625,-1.793755026646219,-1.2390439812439633,-1.3134841871676064,-1.159610093083639,-1.5560161197071323,-1.92435075514702,-1.9178432071009024,-2.2984416680607165,-2.2615367507778315,-2.2569239732687465,-1.7313302468403506,-1.363285350554101,-0.9696479844224686,-0.6830164056304573,-1.0183352268595876,0.10647607220142014,-0.6595999591817469,-1.689809831167844,0.9045190684285298,0.1323147837407795,0.052514692089311414,1.459142050155519,-1.2594593488109027,2.1853275760420736,2.3200855960341227,1.942963766321971,1.6111879722027729,2.8639783407328534,2.489451456557121,2.0087951685327257,1.1543554808234575,-2.4055570822072423,1.2337824920630978
-3.3199067089689525,-2.792679126769099,-2.1708519612093187,-1.4703329041118218,-0.9849258382265107,-1.8696662956640957,-1.7541261379749158,-2.369435295410021,-2.8710096314530644,-3.2705683402847407,-3.181920107579914,-2.650094389081225,-2.1305936258933413,-1.6998859210801698,-1.7142278012793286,-1.9773662723280483,-1.4690473175828234,-1.3027876601824628,-0.2386509614110573,-0.14757544206534234,-0.16554678859226174,0.6789137951151111,-0.5384980940142711,0.989672346677916,3.0777824959280653,1.0566531794386256,3.0708694887448176,0.030352414806424366,0.045838846000040005,0.3114176279623585,2.7568477558112625,2.975459262190154,0.5169155101531399,-2.1668724223079083
-4.111656385333999,-3.6934319138790572,-3.1613115405331937,-2.3568752002150206,-1.5779800712610064,-1.5437811034003799,-1.68959925199058,-2.286673238045756,-2.406294430152571,-2.8727825769666127,-2.9775984656841716,-2.955055852562103,-2.436643343390721,-1.9007965464472436,-2.096692850142423,-0.9776111350714509,-2.21646913465359,-4.231340434369298,-2.179066155068045,-1.0007265645654149,0.8799595312083264,0.828173719484881,2.6661716002889966,1.5770644568827301,2.3475804294734286,2.8113993085364806,-0.9703376329001743,3.173576186055661,1.48017373693561,-2.9811685535005608,0.23839748505918903,2.4035828774321795,3.3416016073133195,0.48990246619646705
-4.65788251427102,-4.24363430538715,-4.216384251775953,-2.9390004151654088,-1.9845348698859768,-1.8261119417496703,-1.829454261553808,-2.16803832360095,-1.8042455060165326,-2.207372451388969,-2.2959327291030975,-2.072631049502127,-2.3092917718299604,-1.500458396249655,-1.3286779139133413,-0.9164820847955821,-1.4268254343643678,-1.6930065239308663,-1.4144290178767283,-1.1720829798730092,0.16922894958921975,1.2404326268219068,-2.7383656431003747,3.558677754936889,3.2249187139842888,3.3396402196689854,1.1637964121201825,1.512873518794257,0.08861682091723828,0.9515516312276509,-0.12268917381341456,0.8843287713257578,1.6467183021288136,0.9258345949389062
-4.202358766659073,-3.6044675266286634,-3.1539540306295097,-3.2477995796416974,-2.6817927717154695,-1.5239787866074608,-0.7318451806064816,-0.5977233274703887,-1.004620378384443,-1.4829908880037537,-2.377485330164326,-1.450510561103782,-2.2412224549750936,-3.294295390147032,-5.094417707407202,-4.360337429057207,-1.6831268184276746,-1.4418009626316766,-2.7630079098700047,-0.27972818744912575,0.1020551255333451,1.0691493736737079,1.1185277099205713,-0.8880213842343343,2.887356037100359,2.815825314911692,2.3938199618293186,1.209150715812836,1.1143997044330431,1.3404355047799632,0.8315911704182714,-1.8462144555023734,1.4279102883052013,0.7369483768729401
-3.957984308595999,-3.0027585079163575,-2.2553097901204375,-2.2290432618270035,-1.981811215074366,-1.8751178721739787,-1.3612634702410893,0.3578978229791003,-0.9600261473470205,-0.8156236570359132,-1.0886005014459215,-1.6649656014653262,-1.74521765921869,-3.663384186601642,-3.6701369010848253,-3.8785460761476345,-2.0024267632726027,-3.483153377861181,-0.0008256856931011192,-0.9236193403417159,0.721300833661859,2.4018183350217996,1.0857935824799045,4.722119043529084,2.221416367933785,2.5039386822425347,2.2893044983627995,2.8779567635886267,0.18959964051698733,0.5802591004380305,-0.6637625378873057,1.344412995680337,1.0160582627794346,1.0310595886044605
-4.752347835857793,-3.271888810811315,-1.8368617045334377,-1.5790562341407532,-1.0313636380590225,-0.9793552893748086,-0.6043249090149864,-0.670987148221222,1.3598874475771652,1.3540730513957637,0.9802564844612612,0.07428184327369856,-0.7635293830767222,-2.606180689476548,-3.495793580077791,-1.6699416626635055,-2.91399495060572,-3.155513436680553,0.07598301973303336,1.0103866482423773,0.6579805754167255,4.246326278527204,3.6477334198964333,2.7717241410979803,3.578396393852247,3.9048639853684293,3.6484998587557373,4.10200101101595,2.4836090886065434,4.7894415075283865,3.7256080489987276,-0.2540737843519042,0.13057980517071405,1.3283725853271469
-4.667766352110226,-3.55779679776032,-2.107167062510283,-1.497410544794618,-1.4646839869963357,-0.9738103659468238,-1.0384218558112004,-0.7834405885638147,0.33434463095932465,0.13161787273160636,-0.2135996036822693,-2.1341195540873494,0.49427369410760336,-0.3188783667325476,-0.9226588945083933,-0.8898865586716498,-0.7178549373794899,-0.4457862223777714,1.2103650038586997,1.634535444448509,3.795830113801967,4.93632810172184,5.725459943978033,3.9965465072103816,3.629489279099553,3.5888870665444053,3.503953961379086,3.2353411695928016,3.7032575941629418,3.0759897989873783,2.2371518215786916,2.2470856544737083,0.6596087885070699,0.410737199319868
-5.727076577034688,-4.239215492282773,-3.1721108290014017,-1.854698058238365,-2.427126787050236,-2.68081663042516,-3.2760538005396307,-3.332012779235247,-1.3378563338960643,-1.1349385678610016,-2.83106504292379,-3.8090410571276547,-0.8647081173268639,-2.422053088347993,-0.38098012470728304,-2.2948505131672263,-3.622535665107619,0.6346146621026736,-1.5189841747042991,0.2733467928584601,1.3404666787566624,0.9509524666527626,1.6896848873092807,3.84841143886026,5.041322867637872,4.078904483796044,5.324918357650562,4.737874951638226,3.5224050767208372,4.967857176265003,2.763451565719136,2.091378212792711,1.7753635471328173,0.0028622074839558115
-5.557550644098347,-4.295133748945247,-4.040339335692572,-3.01914703272255,-3.56546139961606,-4.145086900056442,-4.405539099636663,-4.697193198244783,-5.552662133974597,-2.8691210379352965,-0.9573816418339837,-0.7091847070549866,-2.15101862071561,1.8945299930453947,-2.690302335083839,0.7860302226115267,1.5331591790424122,-1.274909275743948,-1.2273803628071722,1.4514033902983423,3.1679556555629325,4.218076742581266,5.984435175772568,1.9532666378574375,4.667273028843292,4.189769581154497,5.0169005762118335,4.804849051525391,3.263070175609837,3.469252871609372,4.011607595368535,3.0298932586022924,0.6719948222728411,-0.15805131944787018
-5.98957059341959,-4.73436495993426,-4.733642437571871,-4.315480723923498,-4.238229195610309,-4.673199543626449,-4.9848499244791356,-3.5713635858552175,-0.8973765354062215,1.3313020220167018,-1.4893362664872727,-3.1757940663561244,0.8172725176872148,3.059790428082929,0.4293162469737045,-1.675514522280757,0.46092836714144597,-0.9035064195814431,-0.1423576137531114,1.0875288567096615,1.1924642989219163,3.489669792110342,3.1613256633648636,3.1660171460940316,2.9288698145988703,3.094022461612102,4.959585441100818,3.493095700533892,4.660584700873133,3.101801277414797,3.4392140453003015,3.5350709271354432,0.6523469537117692,0.37280823740563024
-6.672413637797123,-5.863945610325282,-5.032066210275826,-5.372475535970018,-3.7182431579173922,-3.783036487947223,-4.318504621450443,-3.0234678941185575,-0.5551042369418722,-0.685112014426402,-2.0327173942098584,-0.9158623510639696,-0.3104091598983574,0.40885454640135965,0.5333173316483029,0.8054961808010649,-0.3425495898342156,1.0056010425264403,0.35904813928768176,0.8478914428140331,1.6518026520359135,-0.1988739126509882,2.4311232843176764,2.4475939383155874,3.25022553170217,3.480651124228447,3.612428073949408,4.0968126355336345,4.759918999316538,5.282231347914976,5.910461508179813,3.5715618753180887,0.5950462058951296,1.4105449572280149
-7.111999476552658,-6.528879564538677,-6.783279965182995,-5.776863254293584,-4.491489586616033,-5.387902838425817,0.3885392929437858,-1.235417956596937,-2.3665786805249924,-4.428129895927318,-1.4251163173062698,-0.7810490202713689,1.9804209362887717,2.5337088869303215,-0.7571549796408928,0.8753535082237979,-0.36767970935649935,0.15344380307154787,0.3677329928797495,-1.0503473254092328,-0.6267439662570001,1.8194621353972746,1.8042505167254228,3.804029229679439,2.854794562172455,3.0421858026328734,2.483326622855883,2.3051818119114422,3.8389291786417306,4.531981362730504,6.665659846887306,4.222451382143406,2.24417759610366,0.9444779539158158
-6.972132827370094,-7.0764190548513355,-7.839947221789943,-9.143946752891033,-5.981025161259325,-4.438578530800747,1.2020220026881485,-1.370457819554433,-1.2029156261895373,2.9574818014308297,2.8943782900911477,1.9769663677621994,-1.0115664988821642,-0.33391044220878113,1.1981575975349221,-0.3085828366726438,-0.08775789760870403,-1.1125921357133337,-0.2128985068987576,1.06184452252825,1.8882185116849555,-1.1861654534460635,1.527705038877405,2.5655444801478073,3.730889498328652,3.392802427860834,5.207982877661462,4.265666730756285,5.123635591763023,4.6690294791811615,5.336530052015498,4.334914026009304,2.567826527065676,1.1222953786942187
-7.036065105201936,-7.373500380174627,-7.871900858213959,-9.375747692506142,-9.030980148398122,-8.294460179163083,-1.51721266406424,0.513879837190846,-0.7664900202624368,0.3100600043352125,-2.4483291026697236,1.3684374614515717,0.06396026371093338,-0.5241164725723417,0.2716488061740451,1.3067248136042058,-0.17419620603363414,-1.0904457152747016,-0.6593341185140283,0.6009044248562392,2.1123369230409974,-0.523690048017329,-0.3649732517450709,2.442836069044459,2.585955388746292,2.6794178548259144,2.5292833831066224,3.3690145831158214,3.8153632104127317,4.949857960403795,4.890334514961852,4.442272965793197,2.430910381157955,2.0188808587253733
-7.501444867849083,-7.376313746149199,-8.878490967585766,-9.40655438525766,-9.4347741229683,-7.271809009577586,-6.308400327458807,1.6082509308516046,-1.4802811321136569,-1.118597523741734,-1.0941101198280514,2.1552237550559576,0.12433227764205265,0.2319421200381631,0.7269689452565539,1.058658531011251,-0.4446630869334749,-2.037825736615944,-1.9341250553705112,-0.8338769225193126,-0.5087043442450809,0.8448768658083303,2.6513022397193424,2.206780328121432,1.036229619067769,2.135568174006429,3.642173578128115,4.603095742795585,4.167840309093202,6.070021779882653,5.842435415679675,4.126798964197496,3.6818348552165654,3.6720623660110765
-7.529727352416459,-7.274299044492739,-8.130884820810223,-9.322170880712811,-8.85636743028217,-7.69294095164551,-4.886188677352631,-2.117996394998324,-0.4072075843195181,0.9932212391389486,4.863653993583884,2.8125277974501715,-1.200004793596147,1.4011309433303687,0.48214555582950264,-0.6486585518563381,-3.191383476140938,-1.0762258046072646,-2.2324968298762284,-0.5996817935381723,-0.5245476209916309,1.01738014007305,1.11463986396297,4.358579456071644,1.8736452445711211,1.784923926132438,2.12713639933765,2.703635058838127,3.4945857567678553,6.036155653082666,6.45066308473717,4.569433909044086,4.550281258207576,5.24223461886441
-7.58481595950143,-7.780992426124349,-7.252026275704319,-8.384826327703578,-7.0343692311662815,-3.8132280242514884,-4.948078551608075,0.4124715309787966,1.9323351564419677,4.902461894904596,0.08517507109919352,0.11195443969549608,1.5280855782010454,1.3623545714000325,2.1804063320116343,-1.8772949225563154,-0.9485067765010871,-0.4940653233165034,-2.4713448715316453,-1.812719424251937,-1.0516211414987553,1.7011603889766143,2.056176046396065,2.29384431135187,3.346520851720077,2.916047011552677,4.2930652156261235,3.1852463838769625,3.720305650003605,6.345702882180437,7.458472389254981,5.964242360645548,6.098250299443749,7.729880843903898
-7.358482684953523,-7.811100438717258,-7.361693699891459,-7.9819209128657285,-5.659476352714559,-8.652132124878232,-3.1120077700037063,-3.8865624464996875,-6.392125372744287,1.7982797041696879,5.162932255388218,2.559611018028008,4.738331233904115,1.3386963974138009,1.4395509751386169,0.675373947899145,1.4543368235638703,0.7473825420282508,0.36373859919251544,-1.3017443196291145,-0.7224257501917735,-0.8959039714032027,1.9006379656341383,2.1299702748507823,2.938478416313354,5.415471610924216,4.10415506844001,4.574566744657789,4.432358896660546,4.677668192091072,5.581725410284721,9.392709513517023,7.998526865957598,9.11396666168224
-6.3499457830138875,-7.460792284701,-8.169920545129747,-7.518567581445093,-7.466541778666232,-8.526756665056181,-1.6007687525534606,-0.27616617683436984,4.658590939667975,3.129971529006845,6.151573977159714,4.420534315065639,1.7723487168626388,2.391998103190742,-0.9437215989210361,2.565958154218062,1.9740139001160473,0.12842083123826423,1.2853297912548471,1.7724292053187718,0.2579378441009675,1.8008272850474247,2.068147028657052,3.776514088357632,3.4986595037153845,5.132620865289254,5.696249638787617,4.596103231411007,4.560356061730237,5.157957466628751,5.4680049775471256,6.106246018303662,8.957644692132254,8.521300823235613
-3.7673760304952966,-7.436374284412171,-7.928400904072481,-7.8528612921714345,-5.920659446252631,-7.6388057078214535,-7.54126033379787,-0.6351410571433893,0.8701630586139237,2.600553099949487,2.228744944149312,6.632282521128722,4.795844911915621,2.266738851579114,2.4712879255605613,0.5089234471993469,2.082961416394779,2.2596516371740547,3.48200562944262,2.932837588174286,5.600819052641044,4.984161625349192,3.981639042688637,4.218743695972972,4.222645512406539,5.543288614199737,5.183625518107343,5.17010125949587,4.558839506803804,5.215616153588329,5.371040330534032,5.677420044427835,7.244184457907243,9.914566625678336
-3.5653998516382126,-4.617366440277016,-8.004342618687097,-8.638681333489945,-6.782279952392378,-5.999213850532996,-7.755982250849914,-4.661562124935054,-0.8916245142129378,-1.6982153474541457,1.256610658210919,6.379661836170966,-0.10560652255432466,1.874244168342103,4.378451089211173,3.2035254002783833,2.340611061891533,0.5456143549563707,3.1448399296343714,3.1257679806884986,4.801115055997655,4.886534888847406,6.223240346428425,4.756145351493638,4.155405650642552,3.626160519059622,5.542921336044578,5.458475454061492,5.16667025209148,4.149897063294949,4.363288713714637,5.146815360081795,5.4794395069433595,7.91232537275541
-3.3250676244035864,-2.3509474116033666,-7.902808687614546,-8.150965522129587,-8.426198634084335,-5.899457122129856,-7.944612447860934,-2.8905098138214615,1.6408003389746852,2.0186462493853763,-0.44335125726328556,2.6807670557483143,0.8658334302301705,4.919997268851515,6.8459636708907965,2.842801887746141,3.326328900950429,4.61137904452081,2.7408567838734053,4.413389075002808,4.458041122223487,5.448006529559346,6.273164802063459,5.387191544459469,6.5346756320651656,5.567151279560741,5.436867875546257,5.862132404566969,6.044182517095499,4.247789356925092,5.222248250706725,4.055746923230502,6.432057413707419,8.400621426472577
-2.9427583027087114,-2.542830480882204,-3.703137092438679,-8.481894740522904,-8.12412372132372,-6.408268333510601,-3.563726946631151,-6.357406945852861,0.15536736703067716,-2.1430429878648085,0.9065507240549237,-0.6151625355168385,2.7685979930256543,1.9715472132313856,6.375366807001819,7.3098347629320735,6.578455972646005,6.240546656608426,4.4062164595622875,7.288359033973255,8.005902796478425,6.631376106429611,7.483824456116789,5.610381818119381,7.090167343847395,6.316710959014518,7.686951899189251,6.666637701418684,5.868253197871895,6.17418550725264,7.557685661805391,6.450099594058428,7.027981647879821,9.538964583009465
-2.7679355837263557,-2.449819173365061,-3.167720443724829,-6.337100322706084,-8.38865161818819,-6.287109432312134,-5.692868543164938,-5.524648422043112,-2.046477368561421,-0.8614863812079763,0.6163968651877392,-0.39110074573666925,3.0868288585005894,5.309157325207902,6.237835669803179,8.87002334966849,10.489386075726005,5.248303625483972,7.422955027132,8.292907739208792,5.56100908512912,8.497017039466675,8.447055484715895,6.43007539527086,6.371164537314368,7.422409126175566,7.531532297244914,6.1067363405684985,7.011893972124136,6.964514175756414,7.106134501461236,8.75673979405854,9.843381145457645,9.243409698263404
