script/wind10m.json
{"header": {"parameterCategory": 2, "parameterNumber": 2, "lo1": 3.000054539987559, "la1": 64.9999836372058, "dx": 0.5, "dy": 0.25, "nx": 34, "ny": 52, "refTime": "2025-10-12T13:00:00.000Z"}, "data":
[rows 0 to 24 of 52, columns 0 to 33 of 34]
1.7929953913566994,2.9319638441501232,3.5186941688117077,2.87740563607776,2.512128652227594,2.220499287435593,1.5750484564225304,1.385424728101263,1.9908122290755115,2.6439027102966346,2.4036355460684176,2.2993604956132234,1.4277049480805004,1.140752066987406,1.9132551039361614,2.1904705320381948,0.9889400313369113,1.171813510992661,0.7699919023420421,1.1513743083671644,3.5758040875267416,2.918528937320104,3.9894920454229177,2.079890095157728,2.383671501634252,1.83874052392256,1.8155245414550492,1.682307240746098,2.002996280018644,1.875520820194082,1.5506751843550697,1.8823682208858403,1.6609431802293444,1.3085472195308046
1.5870220562830546,3.1357494530890033,3.3165434786458534,3.182439328835324,2.8233226736559627,1.6119833427406824,1.2468438537897575,1.209643898637478,1.6655945300624013,2.5820946902470236,2.7189819959898376,2.714736988995128,2.989385496007376,-0.8037413682477468,2.8831163215862063,2.728261945158193,1.4816907519559468,1.4100802821191727,2.2388216238497276,4.856351736836397,2.1612657106231437,2.3336250959497504,1.2051154095831405,4.729505153005971,1.4167620896292938,1.7492857326889584,1.669509293383544,1.9271201352168021,1.8901916137574877,1.6941297704952398,1.6251746338902815,1.9357382199699227,1.7940021012555718,1.2046914698024256
3.0020353881767954,2.1827638870729635,3.2534726901037176,2.966800185420403,2.7820355063389983,1.715643264721151,1.4503741616320152,2.39156667932163,1.6909673666587215,2.26099153949392,3.5491324182132997,2.8639514770811583,3.5463648346467247,3.76002144301854,2.6352510516070984,3.25216346849807,1.9053530216222512,1.6484639298173054,2.1035108610578557,1.8233971043821908,4.465125555025404,2.7105812735176924,2.6179585857240624,3.0309803065377494,2.0611083686001503,1.9290350505500633,1.9238556817703512,1.5218241414654954,1.6205475136456011,1.6359362713099777,1.4462624023978703,1.5977568731686602,1.952528820059611,1.5175122435168318
2.5915277340383898,2.2348888602147583,2.0036327316428153,2.9733231486498806,3.298194375185965,3.0106322200417592,1.496520398732211,3.5884116566536357,1.1661648645149785,1.7862832731963008,2.9583489516694748,4.299007351456043,2.9459478970385558,3.4092282245309407,2.3542552967272132,1.7365569689245584,1.3246534152707798,1.647121781767151,3.573208922023203,1.7103388575064937,3.2983564697774144,3.4333016621438817,3.4757914404310437,2.65517711302944,2.45215449832988,2.337754784552344,1.857988875532867,1.4103937959206772,1.6210143371363803,1.4127162081446867,1.5084059893552297,1.5609750602358667,1.7140220213718544,1.84821680484367
2.1997507026972247,2.305849871431877,2.3892897216313234,2.947469061014323,3.283124798817052,3.1915657827669976,2.544025271696622,2.4167714514535845,0.7233609730726437,1.7419369460653493,2.6996910779449768,3.831395895769948,3.5985374699080332,2.9616121273527867,0.975706586310454,0.8405995907789736,1.9746511962175288,1.395294988503733,2.029157675015855,5.073766712926719,3.7180522127164606,4.26443115682776,2.1003270888755834,2.6504614789440297,1.9327019964504157,1.976475487214294,1.9864323353882816,1.8153037748811718,1.5885353116062377,1.8416103327941262,1.882030907748062,1.7641121133172295,1.6138274916096684,1.7977251468240782
1.9879396210734699,2.2279137764607166,2.371120740044297,2.6300335293546118,3.1669529756822796,3.4214175079002986,2.656515556438695,2.059863496612675,1.8604055775480361,1.6443200397353743,2.61655208214348,2.981910508628932,4.735766557577817,3.87378325543398,1.7108174211639993,2.425166746017108,0.3715245520657175,3.2213173587448596,1.8596775897268603,2.6901135721782676,1.7374902771140173,3.1619074159772405,1.709938312065388,2.293312148951035,2.0755869990042934,2.4409608702554078,1.8656672012580302,1.93423841614784,1.4045140175942532,1.5802056240766498,1.6050176173096045,1.4470508802833313,1.5407101099052583,1.4889920191971537
2.3192268138739913,1.8815429533834893,2.0384850494065385,2.1422777353701026,2.5097470836210167,3.184022389253159,3.550202766079994,2.094179446223342,2.035993564987417,1.3490254130219606,2.1625407121804923,2.1173090243846224,2.607289939173983,2.4777259935946767,3.26807830030194,1.7283179003756082,1.5470852675694968,1.6269437709988346,4.682931834384176,3.7458439768510963,2.8228104247996466,1.7969109370495597,2.2181199999723598,1.716202253760523,2.1952144024829465,2.0260683334600214,2.0415952096059655,1.931651865956882,1.5259873822385277,1.7780467059867966,1.9424771592283647,1.3418113071730235,1.403334013009215,3.076136176651937
2.145519246166792,2.2313635111220775,1.902865013058651,1.844126682880741,2.134860334822003,2.330857852422149,2.8192908151849476,2.906414181055443,2.2201147653957025,2.5420624172500688,2.1267762339567367,-0.33630616296100374,1.6998913831629,5.294190025571045,2.250546194333235,2.5565951456718037,2.532246410086858,2.2721684620791214,4.512267022968372,1.7481987494566682,3.833342411665613,2.3932421762224676,2.5416475451292966,3.0473083354346278,1.889687614388707,1.7692161815499625,2.1113667358883625,1.8225889801290083,1.4666042568811424,1.5359400558901901,1.6911507010494107,1.5980751372001236,1.6618608249960354,3.1650925438525093
2.0792387200761087,2.1933480921810355,1.5528035059441907,1.5776932756965218,1.6211144494777225,1.7297558207686152,1.8311929940291702,1.9969003555536942,2.2198094855185273,0.4045914103082174,0.5543427163612901,1.1483463093539534,1.7003230589822405,3.9625804067994688,2.4840983914833874,2.532888618652395,3.1552623378597473,4.3913762060163934,0.33024060380142384,3.0069655721318966,3.481312679981147,2.8993725998263655,2.356386323176932,2.358899717510445,2.023007790669979,1.9553991251703848,1.8856857563886156,1.7819743983845864,1.6451041508657374,2.592751117268926,2.05204225364334,2.590638750920456,4.233673684508757,3.1900965578098255
1.443719846216266,1.689554750991903,1.4215687709138107,1.4490079366864916,1.2699743187249497,1.0283773664278961,0.48427388851272324,0.7023593446653551,1.2642472941114733,0.9181244308424702,0.1474301166284501,-0.7482370890155412,3.4144503553125087,3.3106394373319894,1.0430564742439503,4.603585588390873,3.8763942073781137,3.3472561938029175,3.6131740498402585,3.963430630899669,3.5840316491442366,1.4865974695503825,2.5435785505193405,1.7205855033981472,2.099251312824611,1.9145657862609606,2.0847730831175975,2.1790498260326467,1.9747588261197402,1.978141952131534,3.0020678768009135,3.220084492610854,4.538772197161266,3.7126619752702665
1.291097676060091,1.1557491852808044,0.8695839310275194,0.8672991312866273,1.3929670117271897,1.3741386750005689,1.1055672067466336,0.9221525689723343,0.03172454729099756,-0.3181353492984618,1.9661912983736414,1.0562600619176203,1.6090297288641946,3.3936161609648345,2.8889307087975378,3.447991793764409,1.371901668951478,2.121851668689546,2.877598311365258,1.6298344871226713,1.6639339541552005,1.8175522273888853,3.3819883969521802,2.038679992539032,1.6716790370485146,1.7651095187195942,2.8755602463272583,2.5931948625008854,2.230839392736504,2.800453701005539,3.727011940995229,4.630741741742341,4.161105148332289,3.996631132869041
0.3572215341977432,1.4564349282722966,0.9354673271619818,0.22680231786708496,0.38936021647352653,0.6245282034372259,0.052662470217302096,1.7757371397411783,-0.3767111130426407,0.6119056805622519,1.8375495814435963,2.540042457000946,1.0722047100005037,0.7851221830200616,2.3526908369856763,2.645406623276587,1.9318563191897837,3.4909047304765175,3.10611860931684,3.371222611322366,2.1704438830112034,2.0072431923722553,1.8892272069148803,1.8112048276435946,1.1990826369709133,2.12854783358982,2.259462860223542,2.3145800614910397,2.1111858746776857,2.851552332242389,4.9124017656054475,4.286695679030382,4.3828496751497115,4.805800782626287
-0.12034712456227316,0.8644064563427345,0.8043735121405452,0.13493003714086424,0.16039569452547486,0.41120938437940446,-0.4248176243382206,1.7893011969168802,0.7387521018713202,3.719310199095858,3.3158488737386302,2.405998233886888,2.584610697889824,0.9319774541746676,1.5203139410125264,1.4514679021432564,1.3453626804133967,3.1891161139177715,2.4398571199687837,2.0325089252130004,1.9920416079782404,1.8143449441632675,2.2661836928558303,2.2174583485058443,1.754371955708339,2.4911777119314586,2.4588678895312954,2.250915007006499,2.5026803498218326,3.668785242800426,5.1554117930374845,4.384009634469786,5.212356044815738,4.881842546377968
0.008746436871463483,0.8107181379949548,0.7691235167374744,0.6680142766942704,1.1449591758284152,0.10149018595123492,-0.13131787751142543,0.7553682053024628,-0.7711061829768033,2.424722036390508,1.7032846293542863,3.898171755573919,0.918117190989959,1.376266432304823,0.4021951929838811,0.8361921012938892,1.8027811613758913,3.654413341433961,2.6046070072430623,2.0952524935633354,2.8246125856122686,2.058990671476106,1.7140080588214417,1.8567740158566195,1.7702509432575,1.880601862449982,2.3678116315673274,1.7868901287428411,2.203486562604871,4.770122626194721,5.910237564160286,5.078198132443269,4.757762253908661,5.150258012519105
-0.0629891203404449,0.43995715863486196,1.1061448174879702,1.1502739880105755,2.800638296969961,1.6783122710404907,0.42450318992870434,3.8377846688660044,0.7634879381653886,2.592860024549212,1.5979567118197298,-0.1552315142956469,0.21562324067351266,0.13581051892341936,0.6287020146221154,0.20098277509782955,0.8835503147344614,1.8005129286249877,0.6902683179971472,1.5212573761213957,1.7029804715243433,2.6862921350305404,1.8564952334433453,1.7224677723330952,1.6908681488363202,2.1116531408495094,1.8601644703208364,2.261562308100415,1.918679555481932,4.8112021166891505,5.167420815968808,5.130238804644301,4.781299771170525,5.611773400531873
-0.07395141148300266,0.2892210949233131,0.8953827007353526,1.1605592865522785,1.3719920326388273,1.4137006345134464,2.3187410826552894,-1.2599592398519053,1.4354127998662807,2.309648472857666,3.890714320200696,4.272244090199422,0.6572313854055719,0.02318911187924233,1.1869335689807998,0.9060979977633358,1.590568710699352,2.166377046733791,1.6923190150575105,1.4144803052972794,1.2051028740148504,2.5967926171818703,2.2083627484980033,1.2613237933093202,1.0187300279558684,1.6597854356762651,2.1458444726460413,2.2414616971784715,2.059705381561408,4.9150118591584,5.124557915652368,5.081756239602777,4.799478025398688,5.206132844024716
-0.8339668902538843,0.27517741705240395,1.447868557871863,1.2714630352754253,0.8521164064295356,1.126703252635802,2.7276608837321197,0.873047800905147,-1.4772965074603928,-0.4716292317974256,6.410385208185339,3.1599144658175042,-1.1276711217497326,0.0584356606360616,0.4644919077414682,1.9646302680790961,0.8526415311046668,0.4938215458410083,1.1523900754638932,1.1676786611193053,1.967147355016957,2.524281600374106,1.881240334852364,1.6040812764378751,1.7328651659962704,1.722503020985444,1.8773085479873872,2.2075990811589215,2.204958730256066,4.154929703982581,5.551956926775524,4.919239097964228,5.02042398777042,4.708877834408065
0.34247527465739797,0.8701544209941937,1.363770570728783,1.2738701165541655,1.2147401725652862,1.7473897794909812,2.030083820125959,1.0646392192775411,5.555592572196229,7.05183080479621,2.761008931400396,2.1155397492938723,-0.5477227920106432,-0.4876890583878205,-0.0905956718789261,0.3529004362465012,2.9564075333067685,0.4913465947859159,0.6876072440984211,0.9155131227674611,1.2194781983074976,1.6741405916696392,1.6364380245274683,1.5421581695640274,1.7795323721054546,1.9189886387920896,2.283247178625695,2.1055059804821052,1.9799634912505368,5.090262449099125,5.553676602276847,4.99604288519588,4.650782342692185,4.672033544470629
0.1826426787255708,0.8981045628718466,2.3835799509195477,0.7636578060777797,1.520487460449451,1.081345486915179,3.062590204173523,0.950713471966458,3.0754334315714544,6.526801227548098,2.8932050531893214,1.9012530758123936,-0.15795126480795812,-0.4716400526086484,0.4465245167205401,0.2857231494180733,1.2091911749673194,0.9002352102631667,2.585843734070588,1.1723357865808506,1.275449265610738,1.104420986443556,1.373842179196188,1.7973602235620387,1.4832759537441786,1.4752358604364135,2.073958022516069,2.225416817575732,1.8382619427323497,1.9788166079135514,3.184962568712555,5.248803442274535,4.679028326575826,5.001748363187865
0.7082807642955767,1.296760579928407,1.5791400511577691,1.4959355858969632,1.0173100106615072,1.6992898114906874,-0.7643661319988996,5.96707233321261,4.340479248118942,4.846461313851305,3.8497798587415217,2.7492995285948574,0.7548405252562381,0.5152005238352171,-0.7016677319918065,1.0912684859214714,0.23154057688805785,0.9042636522177553,0.40195540403504415,1.5233667823377037,0.8994646450415951,1.5367308029352018,1.261577220059746,1.7124311272716985,1.558957569704395,1.640282954934266,2.261220346071735,1.7245514475103936,1.9969018769884346,1.4431682123357075,1.7552107188236976,2.067962890754235,5.211247283538678,2.754319723727945
0.6963557133324608,1.9638530947767976,1.293351436835354,1.5496158960679958,1.2504984060763848,1.732795071256389,1.2251143292873505,1.10217606054082,2.610349260438812,2.500983665061215,2.9274596615674393,3.075007435575175,0.679930360328009,-0.5051751002743187,-1.699460309999415,0.03704925543127828,-0.9198492604031874,1.1857349732351001,0.7802847928234375,1.314839157129453,1.0592936321634774,1.0118256460782706,1.7175709085159698,1.7026017548280512,1.5480005424825483,1.7116801169082214,2.0519089546515348,1.706026055292317,1.5272319292328058,2.1073252394408684,1.49837461647448,1.7250310361693362,5.356433367442698,5.278145736057854
1.7049548234232332,1.901734179086401,1.8950155237404656,1.497646968278855,1.3733482781097577,2.633605738603963,1.8767480614293053,0.573564547767326,3.6417447765309428,1.4584320799567925,2.2850236923454648,1.810825410399391,-0.3391865440411112,-0.8230481940339478,0.535779994512022,-0.2509601882995575,0.22196972350191016,0.9052006580434416,0.9222912082746819,0.7829388197316457,0.7527476904731706,0.839007270940235,1.5955422072292873,1.6479179149354382,1.628383683653813,1.217147809829872,1.5261683038831437,2.600393381729939,2.635168759570749,2.369504013735635,1.6424510907562038,1.9802053764929577,2.287442327057398,5.529361034922002
1.0870597348284632,2.3462955597997723,1.8396575168806668,1.775380056365745,2.26131808044342,1.8019457631741593,1.2985935409447849,1.7130656986943336,3.7033377759614456,3.9929160690576113,1.3180356202015138,1.9960304015183903,-0.8540288792953228,-0.6228038213570043,-0.6231656206999217,-0.7062038506132733,0.25772657945518923,1.0733876730684913,1.226223084777854,1.301271360074491,0.5410884503027877,1.4145865960060744,1.7111767032792466,1.2411995275029686,1.6470894554041158,1.96364642728008,1.8837892182419345,2.269055677946231,2.482344071585792,2.798632911554216,2.529859052075524,2.0640121944414114,5.040597393068886,5.534065034107101
0.9848952795566646,1.361108159142174,2.7889844666701884,2.0345314415376023,3.223678344095358,3.675684067824533,1.371863420221421,2.5107874377965844,3.9658879986751323,1.4267148876603082,-0.10344026562241579,-0.9004339457812445,-0.801075160240101,-0.3999687270685159,-0.9479203820949333,-0.9946881676090839,0.2209636940556064,1.0685834357987036,1.1247171714768953,1.2926272898305884,1.0531621361370695,2.061544275357857,1.8885213095172542,1.6396424176986917,2.0721077608359035,2.4382625129348416,2.36661063274952,2.050326975411683,2.0417415238432315,2.5918732710243786,2.8196973248508597,2.082055493193305,4.063547491946145,6.39449397604399
1.6617489965777512,0.79717723950889,2.813822266633528,3.6064563268364718,3.3802091019751948,4.0763559819375565,2.3097415188343042,1.514608469149151,3.812541472208848,-0.5654468496660466,-0.09191977696010288,0.03024006002315524,-0.5754217360684817,-0.44887804108010587,-1.636246832058095,-1.5182718247254043,0.05747200785489782,1.0372766217061629,0.8117324143521878,1.236974014431298,3.511706064141786,2.562410726847194,1.6761617713198609,1.4878944483644312,1.6931678450697647,1.741993487922491,2.630003264112135,1.8088049230958008,1.5834089791721035,2.2430797306031267,2.5432724277790912,3.817148058683722,4.252561655434932,5.923654416804422
