script/wind10m.json
{"header": {"parameterCategory": 2, "parameterNumber": 3, "lo1": 6.000198445256149, "la1": 58.999992894266676, "dx": 0.5, "dy": 0.25, "nx": 22, "ny": 24, "refTime": "2024-03-30T09:00:00.000Z"}, "data":
[rows 0 to 23 of 24, columns 0 to 21 of 22]
4.972966363436735,11.018046154379965,5.175053148372524,1.4644716490229794,2.174595380130054,-0.012943014709051855,-0.5249583130183282,0.86939290277309,1.1645492036560139,6.788085443003923,3.4261884033881507,1.964827909430774,1.5645844768260155,1.6128243964312576,3.2471775354625194,2.8653027379256084,1.6848642767991957,1.0104257339618918,1.653478344149252,1.0242186295367723,0.6510643583365908,-0.22530681280796439
4.681263730443357,3.58049525084743,4.132665222953735,1.3340206913210202,-0.5060182759042755,-0.40534718869166897,-0.23903268225208035,-0.4208011548241327,6.265859698635242,7.3182402246346845,3.870451643945275,2.214026244243551,2.225460046979984,2.6241223548925916,3.787567342273625,1.4672847108123843,1.2354436123357164,0.6893390342812319,1.9209872297854782,0.8761026870321402,0.31654216094291426,0.7591871289267498
3.5993341232538083,2.517011664461489,0.7007481199456248,0.8932135561506084,-0.04748016930018169,-0.025174973597120585,-0.6610586777001087,5.471149340420635,5.474093909698177,7.299829969069382,7.648122289895689,2.410644009631341,1.1947595498330712,3.570977960173007,2.853409345216721,2.089985546368342,2.2611570997739814,3.132381631817615,1.6061761761898727,1.440771544576543,0.6626480476827653,0.03209472306146679
5.694432101222319,3.0841604511292413,2.386058833692769,1.7684606286365265,0.7306678353359587,-1.4872147386450016,6.850229744764732,6.769301008177408,6.754927489330109,7.1174594449500015,7.6242414774214025,2.6223050250029023,1.528145543507619,1.41135271642775,1.9017758371578997,0.8841935114393976,0.7203187981120436,2.9018441742346592,1.3124497363753858,1.0117566806089329,0.34951306978490193,-0.23495550648528504
6.4979774791602685,5.974898407648082,3.3777456839333118,1.0748275202507556,4.419935572725269,5.475927236096404,6.876239378986798,6.8085419638736795,5.641367313892513,6.898156764464025,7.066192769922212,3.6151310333685784,1.5362652234464977,1.221377275377632,1.4322360425464642,1.2603910070212478,1.4216965327172784,1.323811773899366,1.0548272118455375,0.7673755902350663,0.2522378019078874,-0.38092217066834166
7.641639110069045,7.639683496052172,4.980018199238738,4.915204017592853,5.561426169625836,6.498298502915836,7.326566312306177,6.0450434012746666,4.0263969819274035,4.847057819300448,6.195232322569343,4.561067017420519,1.4827919169374895,1.3946233045352825,1.5036122835906796,1.4402019830872732,1.239783303510785,1.2519080403035088,1.5595025213047558,1.4180690495253456,1.2515887333040476,1.07670075426183
8.027917489676234,7.699779969639853,5.606372003225251,6.527854761788169,4.9570607786666345,5.659693811286676,6.234644032900481,5.4114412031899235,4.675418269522929,4.893057653675319,6.036654921535912,3.84391497399835,0.9327481772655344,0.8278992650946655,1.1814522358116646,1.0506048441382037,1.1785295189122131,1.0221250048854722,0.8258654008702954,0.6598846076774703,0.5738965100301157,0.4033878885326592
6.889350790948533,7.759781637606663,6.5966061729242,5.625462350144728,2.534379888941465,5.726520259158699,5.097488773095457,4.943561493410359,4.505259426938403,4.176172189746134,3.1174260906116515,3.9853963971748247,1.9647823164108895,0.7946132816313751,0.47782083253605473,0.6432566719988351,0.3774994201903515,0.38218524535654275,0.21970817580263055,0.036984705562817285,-0.06495137371300003,-0.24277110072601676
5.960964537489722,6.563951372450402,5.91310856164397,4.506807998832271,1.8372832635293146,2.6871217955604196,4.082773785380044,3.8470711988643482,3.811250239547654,5.018907527791937,3.975988060218356,3.564016614604241,1.3480105611663298,0.010340471243040572,-0.01773237961885985,0.07616827063593073,-0.2807128547669587,-0.064720491101309,-0.16061179535907613,-0.0824902915035874,-0.4454572448908368,-0.1587338099488169
5.221254004386908,5.094196560727566,5.466175315300306,4.64659489673104,2.976275674084071,4.048795271054995,3.5786117282206136,3.5753502204757734,2.689951134503432,3.3403943336762305,3.7659794873276646,3.0754030017950567,2.5987550690095764,0.8607787670913195,0.349925263357454,0.1128935239259866,-0.060735229925905444,-0.2348570585362067,-0.09281630427086399,0.2823936309494427,-0.2115463159245224,-1.5120499747642355
5.372779234418997,5.656500028217636,6.532968601682797,5.912531292179672,5.463861724663753,3.8961814846333818,3.0212893344048837,3.4187796649380586,3.5055128525159334,4.366127741241197,3.6470733994944613,3.0450530505732036,1.5291835924717254,-0.31736898210042336,1.3528935910308355,0.6671494542591506,0.3989253070722956,-0.009843473869968412,0.005011056778755819,0.0365372698690023,-0.08631133865713783,-0.2548851582389514
4.6717081195462455,5.857229160760537,6.061851657957834,5.1368917948667,4.219117702364527,3.025700814452413,3.0151913350246353,3.1466685358218514,2.3686397339681595,3.062952710756084,3.497478920550447,2.4131315674394482,1.704673608943168,1.639863679677629,0.6659014462624486,0.9462458846621252,0.6829321019840748,0.5238301841526752,-0.04990393489603513,0.12230463024738283,-1.392193824487733,-2.5989279507271323
3.9076075423950445,5.45229082069721,5.946586587184502,4.713636588697134,2.947719071576486,2.2560063841246443,2.093378263074277,2.388118546624912,3.1778702181682554,2.8429813350713924,3.169120403829836,3.552758295293133,2.299009676996919,2.168019834939207,1.3265639993037575,0.2939461269370785,0.6765586559414313,-0.5343720202128964,-1.2980302086457949,-0.12548108866142396,-2.958065827858333,-0.864453858200299
3.0401894550469715,4.761525479054136,5.273070138635734,5.011753559580345,2.7055163273146747,2.49267144372488,2.5322342658141617,2.0195413119165813,1.8274680548843336,3.0428704268736873,2.344010883065742,2.2861504860539603,2.9114825264593653,1.089399422979774,0.4767951674790886,1.245917952154543,-0.3772214662719048,-1.6535214528999884,-0.38694681029683653,-1.5107924305288338,-1.71661391042811,-0.4017937758162797
2.195566258587337,4.011050877552219,4.377488408386143,3.6014447643038263,1.909438975944655,1.4947117982447282,1.7190659283953864,1.704764953727797,2.6727244782135204,3.993816279208555,2.4357151653483053,2.678328606888013,1.6458782568962287,2.6465685423259737,2.0482588915084072,0.7374227593604591,-0.6982627565027129,-1.6766491707656968,0.7729570773263903,1.135210208134451,1.0632370493906615,0.8485691601126454
3.052949687244503,3.8497642238034318,3.7808367768986675,3.1427386956969845,2.753074130440341,1.2922311741803454,1.0408048032066823,2.4902345439541826,2.35862619418771,2.956293225711313,3.915082405815931,2.1086784891514236,2.5339314007740508,2.7694658115743565,1.0542719701215801,-0.3046341395757855,-2.1521632724659714,0.8259266885488941,1.7758918134183845,0.941756450831177,1.1140263004723006,1.2229434553854823
2.812997161213363,3.178913613826134,3.1412681110932543,3.4662272478286726,2.186175415374168,1.377130416311101,0.8679856389099272,1.8331559921733134,1.9808840778720622,2.0727278236644953,2.4855679390434346,2.4447668812311005,2.268573023616636,2.7323175888853757,2.932661418865519,2.515015431736978,2.006388297971985,0.8272944468408694,-0.5706478041496841,0.5350875469616255,0.31714529688410903,0.16805564281940347
3.196892786203382,3.6495450416767508,2.736338294170703,3.678651008091581,2.6924207452131044,1.5916122064011273,0.7065902542578197,1.4591434057518828,2.932652832124253,2.3511812019245824,1.7609995529677887,1.5751708710097647,0.2292547732254982,0.3484120186206283,0.7534712410467171,1.4262294432156517,0.9389508391914785,0.1211638491885218,-0.055991507032486905,-0.1516105687353529,-0.7265850466570817,-1.2999607008893745
3.3869480404051795,3.3998071260094074,2.890960730265,2.545354319083217,1.780133700722416,1.5904351852408298,1.4109926284910836,1.0558503847326552,0.5312272781926676,1.1373508690356395,1.5179746468388229,-0.5663785772469829,-1.654724404837342,-0.3646052664567645,1.194103719393446,1.6170665295305175,-0.22984699992158375,-0.6677675474732808,-1.3139014705760454,-1.4989387886130447,-2.474126736130503,0.9297452186412405
2.963037543916484,2.4549205859170895,1.8451731591014453,1.5926436996852587,1.6406015358659793,1.3721690050313424,1.8012954002913824,1.8314446608519799,2.1564580325925036,1.9236720097795414,0.8527483573012465,-1.137999382988744,1.8006979552345657,2.512472688647816,1.2401022262865726,0.013135464617834837,-1.1876562945320197,-2.8422193419278545,-2.099724381173939,-2.236075025948337,0.9879087624320301,1.5430513807107302
2.3575259735140817,1.2060471854693906,0.3032967063402112,0.6749229355479303,1.3029330789446092,1.543895179463089,1.5603680740059946,1.5457753150168811,1.43396923744332,1.6014127664242976,0.9393299904892544,2.566583828525333,2.4341210958309993,2.0562575090419664,1.3832069610376792,1.7843282796782938,-0.7879530232423765,1.320845847008951,2.037385803174915,1.9652186738405528,2.4167969706214234,1.851888933219311
1.2122962173627132,0.7295219048948864,-0.6443650127047599,-0.3566997947131843,0.03984318953432347,1.7600826305544544,1.6628589266643443,1.964626035875831,2.0288776002156603,2.2764312539390503,2.529968413262422,2.1979660028200887,1.9947518746158703,1.9280635980783858,1.618250074930426,1.5648181141956665,0.25819729024840105,3.2804157153003923,1.8480096901074794,1.7247958103043295,2.342209297500486,2.005764868020291
0.38422920757073414,-0.9145660711332918,-0.7741503953009766,-0.32763892007863543,-0.07073911414355284,1.193635349498062,1.4524772955774625,2.0336002841115803,2.733594005100588,2.3721648984364205,2.45124073416795,2.292426082183724,2.311185894018574,2.2046660684903556,1.92822125238137,3.043603754470709,2.085410766743978,2.231185412756826,2.3059613158983376,1.4486105026616656,1.7394697648550999,0.8801260427140005
-0.2671065293353021,-0.7893382822249952,-1.1154794892110684,0.5746642396127603,1.920390185758839,2.4519725027241033,2.6486375064703997,3.123933799327324,3.127632504076984,2.5356915739785046,2.0799045948925463,2.06285504803235,2.48531281826384,2.018686424515748,2.4594283019828387,2.0077722945389618,2.693015790470694,1.5706696465210708,1.3311756299491064,1.5756693514728797,0.9163357127179754,1.015593715064451
