script/wind10m.json
{"header": {"parameterCategory": 2, "parameterNumber": 3, "lo1": 6.000027932988019, "la1": 58.9999434238085, "dx": 0.5, "dy": 0.25, "nx": 22, "ny": 24, "refTime": "2024-08-17T07:00:00.000Z"}, "data":
[rows 0 to 23 of 24, columns 0 to 21 of 22]
1.4180433824260739,7.263591955897574,3.3794585006391658,1.7642420590811443,1.638765401079496,0.8250449906051118,1.7421720825093165,1.9987244823687424,2.3194217547832627,3.907245256316006,3.082932987298112,1.4847940141062232,1.3969029746214632,1.2963016156741827,3.816750093542901,2.6127513761906656,0.7472703629558557,1.382302030402628,1.3843946292291518,1.0607869613277048,0.9129386632778581,0.5657983137922284
3.383007429795001,3.657694199226247,1.977863953569167,1.8725207113226012,1.8768030251897048,1.7027224508216843,1.7873555238975374,4.725385796361773,4.460701096459307,4.005862298534251,2.668765573906216,1.1176648094316166,1.3409217621867402,1.294853251828003,2.8446644411791655,4.89028188362306,1.1945437062322597,1.226593875989191,1.021495740112146,0.8387726809600036,0.6689097227199904,0.6351746070194283
2.6111971446124245,1.2989030562387602,1.5198792474355622,1.2416046290053502,1.178268404178384,1.8294464753135493,4.526898996428097,4.477626702951856,4.024158699307365,2.8134367530142415,1.829881836267201,0.7166721325487296,0.9784242513282407,1.8082577005417926,2.7450660933699877,2.235497828338153,1.5847223398883854,1.93582275431581,0.8232258454850978,0.7195502781839681,0.5514861261912801,0.39599083419796294
5.169736434781825,2.141271042387879,1.4717039656296589,1.9625191462359703,1.7592947021322567,4.277171268674165,4.168465025955801,4.113531336922234,2.6791057776534526,1.6461172882210648,1.1978661383463398,1.4822841631229973,0.7475119458251256,1.168551724618223,2.222795621079947,1.2950454046551583,1.2677394019325567,3.32725689840843,0.395237344377272,0.588115730475204,-0.02914174568557606,-0.19423016778219737
4.276249973398478,3.388089432020325,1.1022044590900824,1.5397884426253818,3.5922868755716735,4.321065756459814,3.716583944860656,2.7571475275308788,2.0550083246324733,1.6460402997014176,1.850855798403891,1.4670802222730601,0.7858737462060817,1.1933830128458598,1.2351399934186607,1.543357730833884,0.9123233366111435,0.8981850626226983,0.5076288223928748,-0.05387189120778229,-0.183010222826708,0.20160853323528
3.481913631185326,3.334698655069916,2.1413820400060213,3.1980593913144078,3.2651341041080206,5.203259368425388,3.5358441459577636,2.4371047710137,2.1964692989377523,1.6186215443988965,3.2949912131592267,3.0977039878638157,0.9993243232385789,1.381697172943784,1.327013529075579,1.1455084663750217,0.89429648405352,0.2563882534883957,0.03830350182383762,-0.14167527939294905,0.1176260796074372,0.03270713134595053
3.0551264379743976,2.3367252045171942,3.2971233170410774,4.1099165760459435,3.404729915297223,5.349991192356194,3.1840899448899926,1.7150169602183252,1.0281491609140383,2.40323380365756,2.2856550309416552,2.310029302523607,0.1998369622234068,0.9901271372026504,0.8532542314251448,0.32773750707783256,0.13538164199364497,0.5486796728941351,0.5687332917757973,0.25550223149693785,-0.07043642142891025,0.07437687148836422
3.1396849489230703,2.9633541664583767,4.963618238791941,5.214494081224255,4.835010072099853,3.8496718525541915,2.1772939392767676,3.755211622133191,2.3612451451926804,1.89022289399765,1.3151636691222233,0.8235271456645171,1.0562640832580006,0.7474708219821794,0.4293387962370351,0.23392795214116768,0.2465465424407841,0.4799518191260876,0.431405813550996,0.0888695508232418,-0.04329112887612411,-0.48472265040227236
2.524369362823358,2.583669464523726,3.5184054271564693,5.72830885716833,5.035945268644627,1.4284466779659377,2.6704989757460735,0.5892649640571702,1.0387214792259671,1.7616114530327733,1.7173988595817815,0.22046298482172869,0.4617279114820565,-0.2361199037463682,0.1745432066574296,0.10163571976581809,0.6570078834784967,0.5159243338203061,0.3471115322752741,-0.004365074867006541,-0.3846349570488702,-0.4431499914509896
3.127051529263366,5.3408290700429175,4.81232956647785,3.7291215979558587,4.975048074639654,2.514405600091366,1.4103188620881946,1.2891305197583331,1.4328380119394142,1.8118786247312972,0.03983768098859155,-0.14602580266704904,-0.9010982831818409,-1.8129575957436745,0.4298745006135986,0.2889844213696618,-0.22134218620800006,0.882089537623662,0.7386647092096591,0.2942079101160142,0.22645790537453303,-0.7650572162891356
3.1948855076026654,3.844576638694394,4.075139359081987,5.1376308089562865,3.939084981446207,1.8307692494697074,1.5709068219021478,1.1554643010870094,1.0598427661071124,0.0015459569091486353,0.8997049669056377,-1.1558426503846921,-2.584617755799736,-2.918379235629506,-0.037891303231221474,-0.3845549293411868,0.6330029374594923,-0.1730225619879331,0.10214823428551041,-0.017572832110310084,-0.7064036082169001,-1.7313853133251544
3.165789758206892,3.7501336492224606,2.995410201113278,4.935468673231555,3.514161749641723,1.4713168686537572,0.9667176358246519,0.8990734630128593,0.34486552842237295,-0.13792324683689458,0.5721097068259703,-2.0718094812615058,-2.707132078061215,-2.1377113318034735,-0.8424876885030956,0.4471502597366019,0.4175132217366609,0.8043448995375875,0.12192925425783407,-0.7389361625972131,-1.1353280733418558,-3.1744843430029515
3.839974400674115,3.0765198562543254,4.430185629746414,3.928830859514883,1.7779666365355635,0.6352244406437324,1.0217588197112542,0.6036867988446538,0.11266103984504595,-2.3068116403908023,-0.4795110331937944,-2.2482545087522374,-1.535791601533813,-2.1375672877719865,0.760697221236612,0.5818210643195969,0.3973631915596724,0.8539827008112455,-1.1583626911164846,-2.0060784398253886,-2.8073284263290246,-4.359628928605259
3.787887293018674,3.9323992962948076,4.506295008250584,2.591335359067141,1.1895014822337184,0.6409763918779429,0.7004828147949655,0.05380551216484642,-0.10848962797284044,-1.0202492599757036,-1.220307127547264,-1.5556529234103036,-1.5825375398701595,-2.1211849463485817,0.37754380136442717,1.6341824782785916,-0.157183186962843,-1.1404543244440717,-2.9011921783889765,-4.233718838935762,-3.464996696451766,-1.616558829847016
4.3621846465719,4.639029502822805,3.0089381965887667,1.5968345756597384,0.27596313276150697,-0.7619919142650111,-0.8670731289740767,-0.015660431111310484,-0.9384520111431722,1.1568410174563106,-0.9895431271073217,-1.4375275820957105,-0.6588898575320262,-3.6438498980377756,-0.3409622353773267,0.7093188439306313,0.9721472478481443,-2.0603160827802656,-2.4332090516748552,-2.6612025955196223,-2.0042006832812986,-1.6822389851320187
4.32636323151364,3.751206573265145,2.1626891970509337,0.32459380078113026,-1.1880565749675969,-1.1421317904842019,0.08372345606524764,0.7193794309965197,-0.5642601424443288,0.4574159910982434,-1.643115414822678,-1.0096783063093393,-1.6947678687588321,-2.0041421541826336,-2.316936604821864,-1.48924133551504,1.0466047689785358,-0.7495575700036609,-1.471615988669127,-2.3984159455919274,-2.684873432922157,0.7845995515429222
4.514185687128004,3.2793437634481815,0.8394804613516988,-0.8149960563005694,-1.8649757353071406,-1.2790942401072105,0.489717177381805,1.18282577745364,1.9506648826765647,-0.9674402604403586,-1.8932075227032799,-3.513006518032802,-1.7600381956555342,-1.8524647931375235,-2.610358508162737,-2.364221499173927,-0.33863138892901046,-1.1261459772785563,-0.6073126867485115,-0.28288715268932807,-0.10567687379282459,-0.13588925846481478
3.658326798871075,1.7573802145632802,0.41591653424008956,-1.423444239201005,-1.064907028798157,-0.9634315496810323,0.7224525286900193,1.4848884874857295,0.3826249135258265,-2.2888664972565045,-2.9828465892283065,-2.43540093528371,-2.2155751785562368,-3.218317443822459,-2.1280089786035656,-2.456160470130706,-2.328141187108963,-2.3776361511178115,-1.1672577889629474,-0.7943637433806648,0.5577924991003641,2.4732384934356832
1.5090318680223613,0.07960157036125068,-0.8762683661719838,-0.3312988952547505,-1.0351652861399854,-1.4653914777116415,1.1172623372059265,0.5854351224052313,-1.3614861212605502,-2.2533803819169296,-2.7683493701182558,-5.050946365432052,-5.287551261391764,-3.255504859122532,-3.507862303392475,-2.3957769344824666,-2.577827960988821,-2.368541433840834,-2.682594232707187,-0.45213561824597237,2.6646014803623967,1.4999733634842916
-0.34105560557409814,-0.8574634665106872,-0.5518197624998278,-0.48602932637437823,-0.12019458340114071,-0.5010682138386975,-0.8409492349477579,-0.8873096818075524,-1.0094848341338216,-2.2381918831180534,-2.632293822110552,-4.191629831645426,-5.328353064161639,-3.1509771787460004,-2.0872207446126847,-4.213986905282972,-3.445689941284362,-1.7112120409677554,0.26981884040624204,2.150247969296732,1.0331847052519014,1.4796402341582473
-1.1355199976795711,-0.9777919543474084,-0.4195000331638524,-0.36158570040048654,-1.3748064090417167,-1.7839723838077082,-0.4577274936975318,-0.35443656673270213,-0.9021059639848414,-1.6409894084193057,-3.079571768324936,-3.3492578217759723,-3.0437421238029203,-2.4699868427800693,-1.6247312939573377,-2.5199175538805747,-0.18850814132260632,-0.30591992368026766,0.8922233082691292,1.8353169548382053,1.2294095756169858,0.0924226528699683
-1.0527526965700267,-1.0891359203520856,-1.4058897418226142,-1.7011666849690388,-2.4665096313857844,-2.8014752462058334,-1.185360790824097,-1.250447714442372,-1.420058722842934,-1.8213485929393864,-1.5911748495432072,-2.1238607122538973,-2.483205398590688,-2.5798861862288978,-2.395428882823407,-1.8007000918971214,0.8729928994671086,1.913278218589595,1.197084672219678,0.8597988720463604,-0.2451645780197307,-0.23534806295156332
-1.4729170658851476,-2.074148228198108,-2.467513879317584,-1.1670692710532569,-1.533033899875515,0.04856120819053315,-0.35518474648398485,-0.5570636567089183,-1.5144151430923443,-1.3786147014038557,-1.9134305430155958,-1.7415393138890942,-1.9665870758235897,-2.3484864039678186,-3.3538158215957936,0.7827344858039015,0.7939325099489133,0.41393040229060096,0.6145716094703868,0.01298615571640614,-0.2865195494784368,0.2062642998673295
0.3263347616485223,-0.5233604884326529,-0.9597691870833349,-1.2704194420623056,-1.3624674665959748,-0.9876267069088438,-0.9381081552823709,-0.8629157997083058,-0.8863160636953104,-1.0653885906978473,-1.3810215634235177,-1.7509162925273667,-2.9776586615864997,0.3690889881760531,0.7908528741142291,1.2712656864536034,1.1803021560912939,0.4865733481317776,0.486432407176617,-0.2653279678528833,0.45216233587838284,0.4226804516362305
