script/wind10m.json
{"header": {"parameterCategory": 2, "parameterNumber": 2, "lo1": 3.000054539987559, "la1": 64.9999836372058, "dx": 0.5, "dy": 0.25, "nx": 34, "ny": 52, "refTime": "2025-11-23T10:00:00.000Z"}, "data":
[rows 0 to 23 of 52, columns 0 to 33 of 34]
-6.810600042499248,-8.148028185053015,-8.000242907462239,-7.439308320183375,-6.681347141185199,-6.06453158595657,-4.753764298610457,-3.95232725576939,-3.22747102989351,-2.801967622425738,-2.5796771988676452,-2.1637677693830795,-1.9139271794014117,-1.5050316636968675,-0.5634248565986603,0.24436942236519818,-0.8168417026339407,-2.406714709696735,-0.5652865729577529,-1.0616362911614279,-0.5670709646987637,0.5216027810089098,0.8647654757811541,-0.4392863857269336,-0.3386457184774371,-1.397439137932557,-0.19108230872555684,-1.0371444285132216,-0.9430315567191695,-0.8512737519210055,-0.954517021650941,-1.0724836911699593,-1.1934252646622325,-0.9823215859024921
-2.2499064037051206,-8.018378665057243,-7.794748118004709,-8.596933423578534,-8.043701666481196,-7.3340761111962856,-6.409746677073871,-5.599996021479976,-4.602851545737972,-3.952340411213298,-3.253534770330495,-2.4152333609086876,-1.561861711160321,-1.036939237717475,-0.1858524331461864,-2.1016982403759585,-0.995006864205567,1.4504131419865258,0.7010237580276534,2.1495558723504997,-0.08502677207654649,1.5155887989292132,-0.2123897602225357,3.673224326618044,-1.0055907804066917,-0.03128818561110885,0.41502552127721604,0.46566220666155433,-0.5631337657417277,-1.100653530524584,-0.47498354197027576,-0.9445470739226373,-1.2245439200605184,-1.3671603851658822
3.1712324758754513,-3.845379215843216,-3.7615044393247685,-8.258279966568322,-8.15212407017643,-9.526981662395526,-6.632353136796404,-7.989863388411498,-6.316074753792221,-5.9533937184376535,-4.664288296117703,-3.609905791025123,-2.191735876506427,-1.0583060206600365,-1.1595118036778878,-0.5449053168448866,1.4691285016802171,-0.9593933451902084,0.012576141832292467,0.7615924885663714,2.2754905890807726,1.7650125618194739,1.894893474353485,2.862254646579034,1.2396425593961,-0.5723846569755154,0.4238695996972525,0.7941937304141085,0.7927469261528388,0.3457168241140781,-0.24066261810008047,-0.5595113926013099,-1.1560570282016,-1.231237500436541
3.0805772145244097,2.131788197562675,3.638411074364591,5.630009932224186,3.768524499824394,1.3269407554248371,1.9223020134221984,-7.13204212120847,-7.373304931270815,-6.151735944350166,-5.681004404734227,-3.5905725104137414,-2.7158161942116648,-2.0696489504885394,-1.9181628868148068,-0.045885616192366675,0.011919064613895565,-0.43191639598705633,0.2581053719594332,-0.8034178513424399,1.073767689380463,2.19429244646199,3.7251076846491387,1.7196033296629931,0.9590120231679408,-0.021386231051537658,2.83830562596117,0.21492289498027634,0.10817888624986309,1.0815910173640024,-0.5574130401654346,-0.7069093554208344,-0.8516713887149391,-1.5012869803874602
2.816140836899782,3.281616443668534,4.253405193152536,4.8329428424596514,4.333555428731465,3.9075445290838817,4.361787597592687,3.511543647194464,3.0852447794138196,-4.639533156799377,-5.145190388033126,-3.582946571867644,-2.9222066585518,-2.8052095480536563,-1.2442204080082164,-0.8524749449525895,0.8854978477246578,-0.9872580604392484,1.2506038375764041,3.723629605803316,2.543121624292655,5.274780855790151,-0.6098756013558793,2.224654547968387,0.4683974098976917,0.6436764100444444,1.6820425325095263,-1.1416452713176068,1.116504196562718,1.9317561632634717,-0.8518199147332679,-0.536296733230146,0.14915464138664788,-0.5109415791702375
3.2646883250509444,3.4630742535022265,3.500100644768886,3.676501011866524,3.3360509968529453,3.5693594831438253,3.2970688318849577,3.213918916598958,3.2762714266166335,3.1252261233306213,1.1801373268271755,-2.3446527082833546,-2.5628807795858233,-2.177486257114064,0.4990049525582195,1.0936246044347642,1.7690285884144548,1.3159696058603505,2.679729620096858,1.4471693343634953,0.9197805834494044,3.4481776265483184,2.601717774822599,1.4960285778195563,1.4639839417581366,0.635979096958442,1.3851173166788144,1.683206069273012,0.06375317314434076,0.7245379987588014,0.39214939143761496,-1.0610949114868138,0.07797116971746584,0.23262309427346312
2.871114777998617,2.8002507281030353,3.0304801955666174,3.0472907151912927,3.119156361125979,2.5944667038717757,2.7772214651605336,2.3177718071207516,2.43417058409565,2.6485086097254227,2.908314164673314,1.9155685474896456,1.6996254209561266,1.842843471035498,-0.5953376641047604,2.558214547076188,-0.2763743530261978,0.7313554177925871,4.137733935071728,2.1794767290983303,2.191431756629208,1.879397075042997,-0.11880937991908838,-0.1397397159257007,1.3692006790897189,0.6562041459589181,1.772544475785583,-1.3987792517712503,0.19567572279496803,0.10764843448330011,1.1238281915661859,-0.05609682186878773,0.10454769087014976,-0.751553305462068
1.9700489230568938,2.031746624656424,2.150793365176746,2.0310585579323255,2.1726939573142348,2.077396805299084,2.032539116590231,2.121030688948527,2.103249221565099,4.470176643374195,1.9655359095595586,-1.2512887350453252,-0.1386683356995294,3.514571016542813,0.035146191539321865,0.6617464092283851,-0.29999439527715827,0.5045986559687552,3.664417579307768,1.7595277940015819,2.4086590009142,2.0058916278610313,-0.13084694876351732,-0.2554524445051768,0.06616880188777455,-0.5682827918146466,0.6794918111558677,1.7017270670972713,0.9185682326627131,0.18845337875207016,1.7746370147260249,0.022407938987375857,0.0790040121995128,1.40759872794313
0.5670984239813492,1.0010103812108984,1.1778313308512809,1.4683723096444714,1.5685494658043584,1.2450312422869774,1.2937210822289158,0.8884155417393467,-0.6146311004383057,0.6076447807955643,-1.9240508715026068,-0.5055058198468024,0.18935337509381744,-0.6295538237803773,1.045562101068855,-0.5435936890227097,-1.5119623468910446,2.5616703366474987,0.7367011773375858,1.0841731406562312,4.865516631338536,1.7876873919849863,0.4450191345618037,-0.8669463122672684,0.678879762136884,0.1941774401476122,1.1912421407595364,0.23183242096338225,-0.00013910869899472707,-0.022490702869282245,-0.9008600413461292,1.2964070127221334,4.865844654284352,5.369170109059866
0.11341341983705136,0.29812988993104517,0.21476087879410619,0.33527189815587805,0.10978863406653407,0.45753748489380824,1.3047788774818783,-0.8959986872083404,-1.9519888690150884,-0.6948126868554143,-0.3543433018213266,-0.16507416583522622,-0.3054208232118212,0.9129225564705636,-1.708546258702799,-0.4459231099767139,1.264070473207681,-0.807830779595634,-0.15159955678883844,1.0550749266769393,2.0159814078342744,0.7393529023054983,1.4905659577081902,1.875512765658252,-0.5142389554428699,0.647355441274128,0.8524046554373476,1.8261463734921772,1.1034946059849704,0.5622745640710628,0.6922445940124956,5.5331863496013645,6.030859723348461,6.596189579176302
-1.5620322550076824,-1.4068514283349336,-1.531927808874769,-1.3006475191210545,-0.7734091471018754,1.0034165166455176,-2.298195379318151,-0.8978436974928873,0.03720448505748147,0.7530319080073139,0.514067416186833,-2.084068130468379,-0.10670123680364818,1.354607979549591,0.3873757901252673,-0.8835533787051559,0.12298381610924794,0.08754375968215297,0.23396799134283366,0.4134438933264958,0.3926892132055848,-0.24261466814074403,2.6927883899960827,-0.06283432242864491,0.0493919173086678,0.41214768243289857,0.32459401075111716,1.1374314413963404,-0.7314103479497084,-0.2601647609765676,4.236132062009499,6.228585854896434,7.129296681034529,7.646984161077338
-2.799436825730426,-2.175499429635064,-3.223906765236305,-1.0077382290117176,-0.4156384150224247,-1.2047764496735436,-0.39295106641196426,-2.1379708435897156,0.27585761746653115,-1.4559452710137026,-1.0141601018696238,-0.5313196763925433,0.0377913469042134,-0.5684348669345639,-0.25904454121754655,-0.41170086229360736,-1.5387494106582662,0.6658805696858842,-1.1633720501570837,-1.137578640271299,1.2365243068762863,1.27000893139027,0.30333246291098875,1.4538794265155817,0.6142587729147038,-0.7379500099008109,-0.06617542932896144,1.9099015556654402,1.1319864286209382,0.4018073588476577,5.231018625687323,6.571003862534426,7.726573233594319,8.521778492805318
-3.4841588310520653,-2.904981719815243,-5.289140650612146,-3.0416670670849086,-1.3224567473148823,-0.30986452619907456,1.4973229035389102,-0.3196066634056954,-1.1581166868158426,-0.18657674436953148,-0.20430135252537096,-1.497031500211272,0.45851448192661487,0.8754849392407462,0.2782970477174069,1.882439563713683,-0.47725238137876735,0.12208299205254505,0.024806359398037547,0.1538707816177238,-0.1771507687609718,1.1596626351194537,1.9210855641772435,-0.06536877147388945,0.6729818443634245,-0.13503880286238595,-0.25499472770228176,0.6862920406280015,-0.29681187375126844,3.2277642816594088,5.2380594472918585,6.86597441327938,8.138159949004198,8.868029268015807
-3.791267950012306,-2.7613493899291375,-0.4386382243045843,-4.031457843174821,-3.2171914369299373,-2.018124403073227,1.5143397181563465,-0.04145971962584944,-1.2461559489766358,0.9421067962452744,0.5491660156573085,3.8940880171325474,-0.21843876739122056,0.05368653410083365,-0.15535376513575377,-0.5397573670868038,0.047973406355096566,0.3664413022966799,-0.04120738074620642,0.7220568022464352,-0.04635009736043272,1.9127871401136476,1.193448389892424,1.5053235628862536,-0.13004043163148749,1.8143124594412807,1.3099011541005037,2.0279323712044723,0.12878612659552946,2.1107187630936406,5.824803313513056,7.501035370495813,8.651082168051161,8.988308675927573
-3.5769536003018403,-3.2974876131220756,-2.3646004621985,-4.690419542640344,-4.191005701844332,-2.614345266394224,-0.5365825867101663,0.2522812066159747,-1.9187593724855285,-0.022585604321743752,-0.3024207712578719,0.3527240427030912,1.590205080796622,0.013977917779793224,-1.1139262949622653,-0.12355098100838663,0.6166735109167617,-0.8109621166616855,0.5051772508187843,-0.1017525307286945,0.25888269756237625,-0.504273027469814,0.03656720612791228,1.3006254909852681,0.2310272728188002,1.0862857346255845,0.4795682742943877,1.51634490950418,0.46431418306532024,3.975489637792477,6.116116723196913,7.709285107394979,8.346970794328996,8.35067798711336
-3.42851217463041,-2.805034795357456,-1.4164124525806063,-3.1482488138780376,-1.8091250959226315,-1.9926300726131057,-2.8628991222126356,1.3164612645956866,0.21635680861564602,-0.6901968006738066,0.2154392092743433,1.9780069778747784,0.3097596631841083,0.39819829449767125,0.20645971663430177,-0.9389423118765343,2.7851903937961664,-0.9645877491745795,0.004732043792437981,0.9622330905383643,1.1583818880196934,0.13035365127635354,-0.7124241721062565,0.5889232112341084,0.540242938835222,0.8704840811983902,2.298630446789612,1.2519847384219187,1.0005016201935457,4.667900423109039,6.049387220226868,7.396644920690883,7.563373115868906,7.722520107461397
-2.6935105184470647,-2.763258724753871,-0.8793978675985047,-3.7157424083486257,-3.1785118464933975,-1.4229193428493294,-2.392788421354741,-0.4423338611632625,1.0204184591586078,-1.4328313969038664,1.7848630687512996,1.8073631852877006,0.7052225716021056,0.679414794780379,0.8526493035694968,0.16426176460605524,-0.3427967363824742,-0.43539734500389277,-0.0023864288073399474,0.24948131580245245,0.25693305724927634,0.6648665311314633,0.4575057439127193,-0.23364943798081747,0.42227041018747713,0.7806380950580215,1.50441201634976,1.653082073283771,1.459464563863529,4.389145227650223,5.922121988022719,7.2056671986672685,7.617669664693706,6.94750145315378
-2.7107276563716645,-2.31280355865261,-4.713752848325621,-4.944576229163471,-1.9278375746164842,0.06312149396929442,-1.2299856585452462,-0.4902274247906111,-1.0903125657263897,1.4012029713244887,1.2439966345523725,0.18262369852208424,-0.21957366793410998,0.7884309749927507,0.8861887615028516,0.5508342486443801,-0.23462142078573697,-0.04884276377948861,0.1286284399240596,-0.8467785346480168,-0.20061402685726484,-0.38128526240455074,0.5910297395162658,1.7255796154933873,-0.012055369470672704,-0.18995086745508225,1.2777734858968293,1.2862910182441296,1.4253388266164482,4.510008995834003,5.731064871502394,7.135752433779327,6.4208725432099065,6.538750720378177
-2.6578869764031086,-3.0578274843745716,-2.9546944980285446,-3.594365462770339,-3.1982914827013507,-1.1516209966016846,-0.9614986353553056,-0.5818659483402822,-2.3836502966720543,0.3352824926884915,0.6981161213363768,-0.22342561135881422,1.0073500718787811,-0.3932293451265752,1.2944249577966853,-0.3096742689222288,0.02851589536560777,-0.2507597828736207,-0.2004125240729972,-0.15079521628633885,-0.0314881973260865,1.0315128503814477,1.0696958263743759,0.7611855163922244,1.4442199301207301,1.0963347072040015,0.7491082227421872,1.3080155965974969,0.9394151808107869,1.2280412783416874,2.5455765949252083,4.953351181677417,5.9392902409046755,5.753339439213479
-3.271188717705303,-1.7173254433904352,-5.009453317732587,-4.942133579359306,-1.7426796533336266,-1.908009308625653,2.1372923890626896,-0.3448252863177313,-0.7691811812343516,0.6094933801058479,-0.18613026375911468,0.4644373453154854,-0.8628833099554515,0.7955675927035346,-0.03635929498385519,0.11126641962727754,0.18084693265080276,-1.3752256311651196,0.48063373483452504,0.06440265852567426,0.02491413630287069,0.0938595075222982,1.0211690416399843,1.1034017762898456,1.2136629085232078,1.1724805185454608,0.7868079984990017,0.8089547243122985,0.9678769438148063,0.9544954802056365,1.4258753841642429,1.7533274721883476,5.443842458953234,2.8095900288069444
-2.959288527101804,-1.369477312268552,-1.5363892696449775,-4.747812896248038,-3.409062958023892,-2.2928470642705343,-1.4344734229673521,1.243364425135303,-2.326137163225099,0.5242568003958968,-0.54576194041529,0.7229364808940649,0.17260057834384673,-0.49103269748401746,0.8420763812403126,0.18484281649181514,-0.5799791250737117,0.4032065203173324,0.061209982926365356,0.07913073671795134,0.22246448113914744,0.13687016176692415,0.6283839859997624,1.0345160650120186,1.8921422138403967,2.134735408515048,1.4579095702424598,1.0406619088207159,0.8588460820163825,1.0961222794289032,1.5852870470552112,1.3798908584520355,3.9416623066766685,6.041490168056945
-2.7267787990204657,-2.092885812409371,-3.250636600945202,-4.654782255824532,-5.7097111160936125,-2.979894860278073,-3.1868828298717427,-2.1189628486190055,-1.080561911664375,0.9124144338605581,0.43534052145483976,1.5511297319385353,0.3187903998003346,1.2590244786438203,0.07294373189069615,0.8226845238358292,0.47622854628604966,-0.4386972013630823,0.6032267778739271,-0.23635873996201412,0.7536248343957407,-0.16089762415778378,1.3186906185057654,0.8996189810557617,1.4288302631830527,1.4211949189944204,1.4983390572041635,1.4202089436680143,1.39554497300922,1.8906624835705028,1.4225543214427023,1.5622563620865224,1.8666738230901267,6.277265815785457
-3.9753518466369795,-3.9089374651404767,-5.4280051168926065,-6.205871004942675,-5.354694149814966,-3.323766043684048,-3.22185638001574,-2.5175040862178504,-0.7001266413107817,-3.197093233387122,-0.8430183692694797,-0.6629594968045426,0.27201204335045037,0.26993346934501095,0.491979133540748,-0.38986476951674226,0.331791634388451,0.07338021805081903,0.2992667464396946,1.1639698611185758,-0.10411619666483173,0.7265010866046525,1.594509279749729,1.1934195231986338,1.4279068944070104,1.3965153977205182,1.7077004620679062,2.353203529196711,1.1477238940015317,1.267531556032303,1.788223551268328,3.034056456135209,5.266687206356732,8.04352807311819
-4.165789851019598,-4.954264564955032,-4.56102373899035,-7.91105710060411,-6.794507686474108,-5.3208955477038185,-2.0234351590514708,-5.784479960625027,-3.6956939143850525,0.10951247638406528,0.6256674327106554,-0.8297164987599692,0.3693469991320982,0.16180771131394261,0.3566785993438118,1.4357481897445807,0.14695064700325688,0.013958915957368229,0.19933539401188644,0.6788762469981654,1.600588324596306,3.481537445867605,0.9376147398606057,0.9713221133388599,0.968292016616728,0.6235131116792587,1.6568144981665534,0.7817713404254957,0.9901899257059357,1.2699346973777181,2.1368808226455944,2.432582287250921,8.293307677240964,8.706984363651694
