script/wind50m.json
{"header": {"parameterCategory": 2, "parameterNumber": 3, "lo1": 6.000198445256149, "la1": 58.999992894266676, "dx": 0.5, "dy": 0.25, "nx": 22, "ny": 24, "refTime": "2024-04-04T09:00:00.000Z"}, "data":
[rows 0 to 23 of 24, columns 0 to 21 of 22]
2.862857607400429,4.321783408795674,5.418358360483394,5.377787033689548,5.507910173883568,5.593907455516329,4.730955374642588,7.09094577479703,9.289745710389331,2.4924311693839347,2.3659009019370427,3.523414774070965,3.582770270456571,4.284964029990478,1.8974788517540142,6.40023568078194,7.047484591577235,5.462862279550313,5.593297248794534,-3.5375387078507803,-4.112735064152767,-2.8744852463223296
2.4337535944950095,4.175359189964991,4.846408356499645,5.575783347604188,5.532649806371085,6.31986650147552,5.401998587526594,5.289089194631525,2.6704195095464582,1.615902049376113,9.112179547396638,5.9517527343810945,1.3249813047150196,4.437859644929321,1.5450871690459207,8.546725444984236,4.028948437627661,8.656572966462583,1.9277029765327294,1.340628525296255,1.8661144626860147,-3.4578601581717145
3.3635797467964133,5.406714176099094,5.143088063485697,5.466135004425638,6.250197464906007,5.717990613121959,8.981504244030898,6.503675990759274,9.194002509105877,7.655619093962877,4.397543068828103,0.8687862415825826,9.37889227946722,9.077203050539694,1.2811497060640502,3.0486902691219013,4.703214997219849,2.809758008918303,0.7424495325870661,0.15329639405961043,-0.17912068915015025,-3.9725585358098074
3.0910121883409722,4.771654641191134,5.359511223754435,6.281774823355759,8.932056015851826,10.036183165095265,5.920250379554602,5.263649874158207,2.035027773079718,4.411231035974881,1.3131563452437622,9.468890108495597,8.109618132403055,4.791329749967413,4.159182987794199,3.4015237633550317,6.398113804527106,3.1247173677688536,2.0078191902412086,-3.6132300289879913,0.4118848649989178,-0.45933833616859693
3.660377770744502,3.4110810872110036,5.615940357094089,4.923738395933779,6.503046147874014,5.877843447631307,5.663169522229553,9.508995227438835,9.57272503206398,8.383369417157612,9.1963529646027,8.179090441464593,8.355644041427642,1.6463623173455355,4.506982968285465,3.719620219287361,9.799370996394954,2.903058484838216,5.296358153053603,0.8695518879270161,-1.4565495211585455,-3.2663498694797437
2.712942341997355,6.250073534866037,6.109825613228964,7.386331618318563,5.38230266730046,5.6433460002063125,8.980597762471994,7.064607147175156,1.6336861926953332,2.1929927606804713,2.312340271845348,3.278162465591783,2.036180844039739,8.57804689588419,4.046121336992218,3.542883579900124,0.6873133620092489,6.7266371371931655,-0.7844619111736023,0.3292223435755472,-6.757971409752722,-0.19677920082398395
3.1856350991170377,5.26729866939877,5.938706021506231,4.177029640871004,5.429929291796304,5.852652855238707,3.557892143001635,4.8790249397783505,9.287410208040086,8.71985156103146,2.1585220428342775,8.505402824339823,9.139679261810143,5.311278938337147,5.202262810036629,4.376605888129637,2.1292529272764753,7.135291979931505,1.5559615500132666,-0.3131372476784183,1.2179889768699073,-3.023522565504409
2.943261588354866,4.462314402990752,5.406687035974926,4.185982384150385,5.475580273937591,8.456322288156324,5.560207928054483,9.550250504989242,1.9722984714826626,7.493148406716273,4.462993447131741,4.8537299254758635,9.304882256812984,4.03784932337806,8.436706511942642,2.8397905497097997,2.9479742043377826,10.241422594437818,4.328158640127894,0.2500585611603895,-1.810936340579957,-2.179777215264572
3.358074517042285,4.078785802378074,5.5098217530436395,5.2694367109152696,5.997962772457069,6.527743362995148,9.142968451960373,7.483696817003968,9.207803465497683,3.828451918434118,2.04342076298007,6.894333421377621,7.639372045913392,8.226361723039949,10.427040806426191,3.268967641864563,3.176704775370025,9.381376661779086,4.06579404330855,-0.44602600026115535,-3.669368652064162,-3.349210580888608
3.4520729827532093,5.84519449859638,4.972803435113744,5.807955920351981,9.857492397565103,6.476210599870749,3.7891245507787588,6.833807131432784,5.849514497691702,4.0749574859401685,9.59258650546006,1.3832536365126002,3.1879550412662834,9.597843952714788,3.623419628421054,3.667889990609447,2.9585744560010263,2.4967441393570624,5.711790833117783,1.6462803363686342,1.110597620372658,-1.6723443486901914
3.045111143391164,6.058202688392985,4.94805430489258,4.403318948004527,5.138707510781037,6.3376918575262335,5.343795146425259,6.277676486986519,9.232993442331983,4.449244788336732,5.313329730829141,8.974899621137531,1.4663689700473603,4.942108195137639,3.7035003105601607,3.961153868576424,3.255920832408567,3.163685726201689,2.3265289504138273,-1.2773327761089912,-1.2948044968511534,-3.3893038280702634
2.599846653830733,5.402695151332539,4.035608586398005,5.664450683449431,4.668289387045725,3.7735724565607516,8.148858648255517,8.116717043310166,5.843556131634282,2.8740926005237797,1.1717756222622084,6.956840775666117,8.90304098179725,1.6240732682422412,3.4765055899359085,5.787420827717479,8.462380961001406,2.8381130769703655,1.1773984528911372,1.410756253337288,0.7330642397922164,-3.1337485838610073
3.2108697142738727,4.691452880161222,4.057876421524941,5.010742042306834,7.99445937205969,5.648951939470301,6.925083566568651,7.921597103816772,5.7234367005253075,4.024592930360892,9.658670262241962,1.481615684792298,4.107212279531751,8.47684501285371,3.2085951238448613,8.823331449976077,4.430966755537932,7.190450402969094,4.955858489528515,1.595493639066223,-1.7305379748998613,-3.098011424364902
2.8660534615389355,4.86836702252498,5.7239472913895595,6.470233347796129,6.384154601906272,7.882231504901357,5.733500351356419,3.3789957864063935,6.16303690264916,8.539855019748082,4.65271232710745,8.904967534587522,4.2936560659014535,9.762468036561359,3.5619939272778405,3.66540245472583,6.698377334935293,6.925789138375412,3.5340174757736005,-3.5941192465390075,-5.290404478930747,-2.6883455753697856
2.9144673055362524,5.713634861995785,6.12676208016602,8.12795280924273,9.163907455701066,7.323387625793474,8.107103198499725,9.570185001259427,4.9798152001128715,2.0295239515238475,1.1044040578496268,4.313397640852141,1.3572235118049578,4.659845488216272,3.0757849665194454,4.0336830888220465,4.82756060995974,-0.5236140124902007,1.8596773813634788,1.514098702809456,1.5479555517524985,-0.3550027813710654
2.7110966071992846,6.207636164530043,5.6409394126876835,4.306200762487384,4.87926624137264,3.9832838229666265,5.9385669060922295,7.586530103254003,6.3404368198126715,8.577412057795147,4.776773052279522,5.834529347409091,8.752588617799004,5.836715818574886,2.299745250531455,7.750566994874152,8.854046597911747,3.0156052555046338,-0.9943177923597706,1.8368706042465517,-1.6995719406990735,-3.302135025657227
2.6227459419300985,6.246659053731566,6.67493718966189,5.197807123440982,5.030686495719189,5.532353963066028,8.505139432484402,8.162414590642749,5.424005520796035,2.542337663746701,2.659296067904497,1.2975489372040407,6.364654070584876,10.2620244777471,1.4478763450726748,9.52001499395997,2.809202090385171,2.889934679942528,4.7411058421789765,-1.7878398156354547,1.1842530627885557,-0.6044318051296751
2.085870492377933,6.308213603899406,7.52701276623863,5.901899936609356,5.527484866778535,6.096387791934755,7.59588241252527,6.165294551495631,6.149392220693276,3.624432100817179,8.203765627732311,8.906938804432164,4.329572488817105,9.527182988922654,1.1916929280737196,5.6265369686883,10.085368689999534,3.001188383493007,3.459658854113778,1.0618239024483054,-0.05766679987521533,-3.991328939127063
2.850803159711565,5.844535626520551,5.480288725737106,4.287159056425102,5.845058173659908,3.929317015344243,5.892801178985989,5.307347333473191,6.929489605440589,7.951752925478347,6.137206845982712,6.00051897929439,5.401707865693365,1.9918704118094344,9.760582649281814,4.562231264569991,2.561120914647373,8.297138211828763,1.7274929978515514,0.7079323304484217,-6.751774420924383,-0.4044750472260206
3.413556815401397,5.368062292380659,5.7254589422179905,6.003498261692339,10.004111583924056,5.805457675349549,5.238943200166052,9.53226398983271,6.135081425777491,1.6387040055473845,2.2210659307296297,1.9048681202922,3.5360623301059686,1.658582694270489,9.694398005146923,10.349062941228674,2.2576432524459964,9.115916999384977,1.1592369488638534,-3.5184990900054385,1.3695980970556854,-3.160527110585797
2.1743889069191416,5.592461330102484,4.522988768249436,5.791651794020603,4.829196472437218,5.554139634273028,8.017282787951405,7.619043815626886,8.821179637245011,8.422883681815916,8.129868722882799,8.151578468632543,8.593241917805683,8.039497343811739,4.360698935678539,5.250196428448008,2.982406941075861,2.5117704588855987,4.094269317229623,1.6928279694513781,-2.8845617676657302,-0.3820090153177936
3.4164066044614776,4.792449348914732,4.449002579135812,5.682272386890835,5.472958998153686,7.744982212405277,6.78560660169772,9.05459353957469,5.624989903657873,2.086144054947889,3.2506740887780614,6.964501110174244,5.609008987899862,9.204248947716925,4.2029070933408175,4.770343893070154,8.246429320757299,2.1403047104622375,3.6589536600246806,-0.711200742509692,0.07187913692274928,-3.0436155926245942
1.7537181270296152,4.775293725668088,5.994414375929094,3.9172947023592006,6.873962692382979,6.260306689016048,8.056888212833135,6.3694513824041366,5.5883940958167,8.476804837066009,2.8060272707679124,6.2049130209798635,5.368821508056888,5.394606557903747,4.068448343292915,5.467729047833001,7.443764197865263,3.962231040039853,1.7814113876546422,-3.403265003666566,-1.451721650721301,1.398098319458911
3.125094731847852,4.975368690796279,5.110703860077303,4.9363863031569615,6.832363952123932,6.948807966669688,6.26525590595942,4.9692130881807515,6.238561297621468,2.8146753238131406,2.6552654918462135,3.223967818738487,5.718471693102267,10.303002100491641,4.314207738435486,8.713638709185314,6.837628659677649,5.450074316515245,0.7515658552040498,1.0281664583710006,-6.275370075760066,-3.0002366673529473
