script/wind10m.json
{"header": {"parameterCategory": 2, "parameterNumber": 2, "lo1": 3.000054539987559, "la1": 64.9999836372058, "dx": 0.5, "dy": 0.25, "nx": 34, "ny": 52, "refTime": "2025-04-21T10:00:00.000Z"}, "data":
[rows 0 to 23 of 52, columns 0 to 33 of 34]
-11.121328820143697,-11.273348957755024,-11.035616337263777,-10.425478184988728,-10.073120660558855,-9.939463328116597,-9.245141929116357,-8.832447248900724,-8.603993598330273,-8.229619217156348,-7.699885299157341,-7.1434901323797435,-6.881256927732841,-6.530366866053365,-5.893041196114278,-5.026361471885986,-3.169168629996018,-3.4459991147743576,-2.4459763282372617,-5.550388156053117,-1.5974020753551692,-1.4535397532742558,-2.8826392683426447,-1.9013944002867234,-1.9818989185220686,-1.1207615941789082,-0.5528443300785081,-0.395633155800367,-1.4668914248907707,-1.3934173595663242,-1.6057236473152319,-1.712454663781388,-1.7685919272976762,-1.820320331999316
-10.634297708359034,-11.20954252289946,-10.755529416998158,-10.273061664676208,-9.321454995423752,-8.831855981358018,-8.449769361330857,-8.038339338573708,-7.747115213848184,-7.38999389966976,-7.067989056237704,-6.359850311367738,-6.056884143807355,-5.9512952217930435,-5.124319553544632,-5.181601635242976,-3.257472169654211,-2.7959483847800093,-5.4426995070228505,-4.898484341156934,-3.199502907352615,-2.36693679179828,-0.7774519443672977,-3.8350401040653526,-1.5498570599832489,-1.0934829812303937,-1.4542486744049818,-0.18043830878123251,-1.2357407311140651,-1.793109384500804,-1.6663360391642004,-1.8282562102361142,-1.8834881265410541,-2.1806965508099214
-10.594331586592391,-10.944234822620396,-10.277256586467598,-9.683238358806166,-9.119347166410213,-8.436552774009009,-7.747596825777043,-7.531936458574013,-7.3298648219368845,-6.821686372967933,-6.355855080354211,-5.8204282934588685,-5.110482352680729,-4.055600194236629,-3.0571748540134798,-3.294157263355457,-2.7614543975244636,-1.9932326350728884,-1.6736698905703566,-2.7204758211901856,-3.532663276993162,-1.394390828000715,-1.7104666514828135,-2.434742413818342,-0.9426441316517244,-0.7839361144376656,-0.5967801817852533,-0.9661785423727994,-1.193020720314849,-1.557861998581032,-1.7833338483562626,-1.957439900761775,-2.0821976427252418,-2.3722529446011076
-10.765402171740512,-10.959493390574083,-10.218701390260042,-9.580722288829078,-8.760257271382464,-7.557402838129701,-7.4096165668632015,-7.221878631703895,-7.150009506469884,-6.628132698248239,-5.899699257911549,-5.056552060312524,-3.326374050405698,-2.1783266856885444,-0.7775378099930815,-2.680107816091368,-2.3245486214996705,-1.6158420146773047,-3.1452234642005337,-2.0264852421349966,-4.327945315121454,-3.335919810826627,-2.188775990001647,-1.437929236135011,-1.9803464980435228,-1.7203421473947027,-1.7735628767900138,-1.0725911127130714,-1.5511108521059151,-1.8533478040156663,-1.8404485921977467,-2.073310940837075,-2.02832130624569,-2.091151636084969
-10.778249369447268,-10.675847242206391,-10.100117208003264,-9.697975151624025,-9.107665251673085,-7.654660900746305,-6.79851800378394,-6.758361399439616,-6.277099738841462,-5.866568717670661,-4.983073867991794,-3.7955953089147108,-2.3302393964812596,-1.2746737919720068,-1.2249032437075758,-3.5397489160577034,-2.0533865347295,-2.1482470627323353,-3.216776835086643,-4.8037459399793,-4.362934760975716,-3.985506089031111,-1.905128657560513,-2.0288372442366738,-1.892266885160161,-1.3165570242764242,-1.2848674968132567,-1.400044617867689,-1.7384035450637922,-2.063498115138926,-1.8233466212367595,-2.30641673803171,-2.228389427414956,-2.4989707214950023
-10.212410121674743,-10.554323188135214,-10.01059352276695,-9.187438416516535,-8.480298652408532,-7.96092687628034,-6.954337205108946,-5.173544587536855,-5.323536298196513,-3.8697329120054804,-3.096852807263227,-1.7265181537729677,-3.3193012421695514,-3.8222052768764883,-0.9727671261914065,-1.44558009329709,0.0022244794780507107,-1.263466672043396,-4.583067216935361,-6.091088927033326,-2.3961061142596938,-2.949992767659224,-2.179439610394779,-2.0536009102936976,-1.8380794823585889,-2.0287647706593726,-1.663316684317369,-1.7990017209259639,-1.7254479920358412,-2.0789266409811638,-2.127518723881525,-1.8128020990964477,-2.2122648178071667,-2.5546269439283713
-9.340226859627004,-9.57374085567414,-9.305389847616444,-8.85492623816526,-7.673096987046214,-6.856406461690653,-5.566257088344524,-4.715487586280088,-3.0596268358200374,-2.049620120049793,-1.2508053511339121,0.653768311660814,-0.8506447879679431,-1.0239295695273702,-2.191953461576954,-2.570801173314716,-0.8618291440740113,-1.216929679857511,-3.499957832198519,-2.720680266937923,-3.1563506908747234,-2.4687554590462306,-1.3631184198480002,-1.3895725269638772,-1.76770657260896,-1.9623284993222634,-1.7906760389784364,-1.6220006561142664,-1.8390455140454416,-2.1521674155594686,-2.3337542846606834,-2.3714140334791467,-2.4914099509445573,-5.468045589139702
-6.760561969575711,-7.434732062194814,-7.145534093833133,-6.87370122970037,-6.277779845527018,-5.100304981978003,-3.58099343347104,-1.9352306683248797,-0.9768222003181165,-0.3703379525498955,-0.5769057902839492,0.10095835518421285,0.4018683696091288,0.5394059957495074,0.4992685766052366,-0.15282044481576698,-0.05497218110576809,-1.0749329164304453,-0.34364233819856743,-1.0164782073471594,-2.292313555005333,-2.7747297626090477,-2.0822388715131135,-1.551356455411887,-2.2860510591864713,-1.3729658132996299,-2.099714399085772,-2.196357844556928,-1.8953289062912566,-2.2830938670774117,-2.9843808482306575,-2.5890880350886287,-4.868003637249208,-9.428245244314134
2.533185818792303,2.5184853125241573,1.5984354401432235,0.41941274968188513,-2.922115169477378,-2.2411185521911556,-1.0022665088720908,0.6429054077303924,1.8401732944072489,2.150845065479198,0.8424399327231605,0.36620772040811506,1.7289775526812268,0.5383133473350828,0.04973042554822913,0.017044828127963443,-2.6756357651594964,0.9474302099601115,-2.733379133023039,-3.201765981653382,-3.6684419751784714,-2.212548785078676,-1.7984429950692113,-1.3247101708754727,-1.8858397570427623,-1.863645987279726,-1.8800673434342998,-2.045162682943548,-2.4756843636777788,-3.328321145767603,-3.826409831135234,-5.522205179014772,-8.907915795697567,-8.518704043611837
1.8168315567304523,1.9811311150008046,2.5563104207591523,4.225224554535115,5.337784736283783,6.617888575698465,6.020699458474332,4.723131540035866,1.6932654057662433,1.2964573898188745,0.6506290899286699,0.34246341993867774,0.9524315023525652,1.4069689888630157,-1.5323834592817869,0.13411468554831815,-0.2691610722933874,-2.9404185804211203,-2.3608029200396428,-1.3592628382528003,-1.7471929183283992,-2.0481381271695667,-1.8013426650995297,-1.6143635182179705,-1.4755433917338798,-1.7326958805047075,-1.6682753208726626,-2.355178692430018,-2.6414207336568194,-3.31915934200151,-4.357771306560603,-7.871465485761622,-7.8760718376233,-7.252354993834647
3.712799279517887,2.292951585231641,2.3861026190224575,3.629008729022195,4.5472774349929335,5.929465737521367,6.457526765916311,3.27323997996051,2.1313500042629316,-0.20993298712718808,0.6543947270262036,-2.28623814418143,0.3781726563871451,2.29558974072559,0.9396082639911351,-2.0365652738471085,-0.3796649453749453,-1.731794335144748,-3.4401694213016567,-1.0586409019399783,-1.7587442771221125,-1.0926096860327412,-2.2309085291682034,-1.280586645546534,-1.9866123332792491,-2.0854333528722013,-2.3528358901109505,-2.6975201948396257,-2.923859876384852,-3.6749174055889258,-6.044480931592667,-7.052496338711144,-6.806257743610492,-5.741857257785576
2.912326583930625,3.4027743359104363,3.627575230522511,3.562779415876955,5.210018500267901,2.147488282464911,1.0086197518221172,1.1303716096008227,0.6632056653877588,-1.8883756305141177,-0.9592476577463303,-1.3114991265658016,-2.359923793444227,2.49304397878462,-0.5113872677571006,-0.4706796519688711,-1.5072059395696755,-1.219684955186528,-2.12396386843417,-1.7362568021646998,-1.6766607531271625,-1.8806599113789118,-0.8693572554405546,-1.6233612643687794,-0.9715664338086958,-1.8818299205348459,-2.230226097159217,-2.8874267392632342,-3.2107243472204794,-3.726295043262276,-6.124962263073458,-6.078445609842323,-5.986774487257267,-5.411304737246056
3.3922957174312804,4.048805116956138,4.115657341171359,3.2017616388253014,3.716134659244399,1.3459862420184174,-0.38767859509659514,-0.2182586733623392,0.7750448311277408,-1.022041241957748,-1.419991650633149,-1.5672694379496463,0.21460854213147235,-0.29149265652993495,0.011899901824078967,0.7797148124324202,-1.1330862461469375,-1.524071800485378,-1.9661533391626902,-0.1448327994391645,-1.77976720341622,-1.4563528604344775,-1.7617405113080946,-1.7493158212920963,-1.299272162807301,-1.865166652225455,-1.7617120606821164,-2.944406937045997,-2.588621551297513,-3.697994095828129,-5.498020717637948,-5.6454828562047625,-6.26896994200585,-5.423326295470905
3.782863081359215,4.747706623737602,3.742040223788124,1.6434909261425734,3.4070520364063612,-0.7692243314705132,4.147889682619367,0.9276750760675011,-0.13855988742139977,0.3261912029939798,-0.36581725338053356,-2.719995269325746,-1.5653971492784733,-1.2034419806521337,-0.24511785822739918,-0.93890621600991,-1.2966935091172278,-1.7553672065842865,-2.0238738884979433,-1.6113585992565878,-1.1071561646584764,-2.574206298323815,-1.9625340051775224,-1.9920813232972776,-1.005152407766652,-1.9194511582074367,-2.1193183513365765,-1.9143507927208685,-1.5769477898398299,-2.9942130416599713,-4.247724861330624,-5.312375473696717,-5.754188174366184,-4.886161926926422
3.9774775531157007,4.805117465541242,3.6607344244831306,2.769800413385861,2.7670301786521954,0.9661226293444997,1.011863183893198,-0.03510593357217756,0.9695714069786088,-0.2043265171323936,-0.5895465844637812,-0.012445338859606485,-0.8408516872412205,-0.6716924092285291,-0.042607016095779236,-0.9305580858561701,-1.3361346896571602,-1.716848252247165,-1.3529006011705214,-1.4646098025698477,-0.8634782814162907,-1.3211788500573136,-1.846534851768255,-2.4740918491410047,-1.226507629144179,-1.1754932835271423,-1.4522336281367743,-1.5894097739339863,-0.5270677853877173,-2.2813461269410005,-3.59795638670181,-5.095345959671539,-4.715444385223223,-3.8747568859122246
2.393588140789011,3.7156504779139254,3.685897032032522,2.3253599849423816,1.6425605085413786,-0.8873404745104885,-0.7308274201688346,-1.4589434154421763,0.0429939142657667,-1.1344349952196326,-2.0908508199591713,-1.4895535064204155,-1.3253194012485345,-1.1746493829191376,-0.8750358754970681,0.6145038532140625,-2.2427368027765113,-1.0996071552329914,-1.4638822199877501,-1.4897880295626,-1.4495335562781455,-1.76755828748829,-1.6840557543403634,-1.7407671059666838,-1.0050178414357132,-1.1097094981531346,-0.6705476843330601,0.34346939717543606,-0.48556382617679994,-2.498133573540412,-2.766379603867792,-4.082531402445908,-3.704646709670678,-3.3097852355459545
-0.11005991785873542,1.96441334853865,2.79374544685792,1.244352300759793,1.4814852920065853,0.07147456634839545,-0.17566656369605366,0.07114107163109905,-1.2634721485911806,-0.4035648547168556,-0.6424545029897024,-1.6979534757213537,-2.182620821014284,-1.7737035633640106,-1.1874001740810975,-1.4074636812592454,-1.3945549964908202,-0.7862183614295326,-1.7381084486903524,-0.9047084198112406,-2.2534936074032106,-2.261933105914705,-2.3938747415591917,-1.5256568119697194,-1.6415105676463595,-1.4336304608693118,-1.1398114993254906,-0.7258594773931467,-0.6501186899350602,-0.866219650244904,-1.9220217143358171,-2.6132615932220524,-2.8906745308900073,-3.0859983904581347
-1.832527620290192,-0.05293494532574057,1.1202189800879696,0.8725739748946302,1.359343394153056,-0.34966557957225197,0.5144709939509049,1.1264118051037861,1.4943285951541803,-1.6336582282045085,-1.6834769707608397,-1.2482392380973162,0.10557902606660514,-2.014261137191041,-1.4948918897402972,-2.024569427154317,-1.7623907298716825,-0.9273654729875968,-1.2774497700528893,-1.4191173928498015,-1.8582733798752464,-1.9890935373817773,-1.5378489036736491,-0.9301691209171183,-0.8510039227169258,-0.8777537748779399,-0.9500438250351403,-0.45166605935657667,-0.28008198767079295,-0.6052110871571749,-1.9628422524354565,-2.0678591592789406,-2.7197079609619546,-3.619983533218839
-2.679864678647079,-1.3285604750693327,-0.2081680641237035,0.8188417070874063,1.0601725348441675,0.6304671797456036,1.1900311202026914,-0.9444026341715203,-3.278079948750949,-1.1754604415618048,0.0765778383553669,-1.0640555846076145,-1.3526419249880315,-1.0292927530468927,-0.9534273331993363,-1.4888096946930711,-1.5438177041033745,-1.6700274776613666,0.2667844616800269,-2.0782792362271922,-1.8977285409718614,-1.9472973451658229,-1.388466143214501,-0.8938180481863495,-0.2179212678396808,-0.7068489766807131,-0.8518111952833909,-1.2170690037834657,-0.29814668644192766,-0.059995857907029194,-0.2925117974640715,-1.3252700799622386,-2.993374521252769,-4.224151538344013
-2.8949896488296223,-2.446381615144708,-1.6288128288216237,-0.5182079820674464,0.8534729934655303,1.7949664310249507,-0.5593010470799675,-0.11796162150596898,-2.768627786142678,-2.263736364754396,-1.307535971078645,-1.9715692206948583,0.05513023171447966,-2.551567623651235,-1.091313273479863,-1.6941082356211996,-2.009042233407079,-1.566156669257205,-0.8292465667080559,-1.9270630356807879,-2.1166344070075813,-1.745811306910719,-1.7783763116295443,-0.7973264105792015,-0.5128808617681901,-0.5486530961054578,-0.2734614159134708,-1.1227093024442536,-0.4019033277240685,-0.29943993197094704,-0.40230220478438866,-0.7785632779750076,-3.305095523069948,-1.5291953986288758
-3.916365439856752,-3.7327998927097203,-0.47621207287887934,-1.3073943003903434,0.5051406089071704,1.252666838227781,1.3388348457111614,-0.7803578531297237,-2.7115093623507804,-0.922760490190579,-2.2208374507948485,-2.4568603764583536,-1.7661591781189878,-0.6229061257505145,-1.411942001992577,-1.7084440818296573,-2.0046432883742273,-1.20196196014222,-1.9016374020566276,-2.1718950581086984,-1.9472444538468825,-2.0591288942558124,-1.8071615933469467,-1.1238906129428574,-1.1769147216729603,-0.39997142122827045,-0.8459372049490339,-0.6500609559134676,-0.4640014655221964,-0.19098160146762122,-0.3795883439018938,-0.13566204496056025,-2.029327054201735,-1.1448968816624956
-4.810698039502507,-1.7646952195589047,-3.832168025695408,-1.5708516338819525,-0.09567305317495647,1.046482690073667,1.543637311378486,-1.4577010016089742,-2.492282608360298,-1.5606174792895702,-1.335042521583153,-2.4655106532244617,-0.29927925655278864,-1.6071146342871538,-1.03489926564595,-0.43339654506617825,-1.621577845595838,-1.1287582916142385,-2.0619559494960655,-1.9775927380516372,-1.5402730400448208,-1.545605826738205,-1.7569775270925712,-1.0443795930544801,-0.7075613445669887,-1.0301649828952006,-0.4787209807943778,-0.5156335690911195,-0.8893903866737495,-0.45252466622712345,-0.08172087235261499,-0.089050909282105,0.09722523373786388,-0.19547603872216743
-4.262992718048752,-4.114181818769715,-2.7306931998072894,-1.2009540431036654,-0.41492797704152,0.5145165452233449,-0.4907605673447491,-2.0121388432273593,-3.061980300870956,-4.167682222614275,0.2704273360415472,-0.4556910198797921,-1.519211959173046,-1.3709781443635363,-2.420463314631631,-2.1461357491565214,-1.4741395203677448,-1.625178477477852,-2.191767779763237,-2.082227656814315,-1.578350837616588,-1.2839333459384628,-1.23051430890736,-0.8619125353475647,-0.5843706999953767,-0.7769654370293922,-0.8144332233719134,-0.36122109743001174,-0.4388474894137121,-0.13432415510159942,-0.20446040974654142,0.015264726469782785,1.7008792565243378,1.9829966001904618
-5.045814949803498,-3.597153469689557,-1.5205406554721939,-1.9875329388414456,0.7198138001963587,-0.031632855888209487,-0.30616412663620973,-4.598903525871616,-4.510037952731569,-1.0324746052634,-0.7552943363237766,-0.961544725592844,-1.1784207733516532,-1.6382996696671233,-2.124644976676515,-0.2917925851101472,-1.4496242410249471,-2.026315507260019,-1.8864974340646676,-1.7779103856520204,-1.501218877287364,-2.9633723878789966,-2.460489672621928,-0.8890520460844618,-1.4573315454451017,-0.8618409840365919,-0.8666063204385256,-0.09692922659596746,-0.13282907231997312,0.21168561563221674,-0.023051372493543183,0.2680308236247468,0.00046500589307283974,1.4967179679620013
