script/wind150m.json
{"header": {"parameterCategory": 2, "parameterNumber": 2, "lo1": 6.000198445256149, "la1": 58.999992894266676, "dx": 0.5, "dy": 0.25, "nx": 22, "ny": 24, "refTime": "2024-03-11T15:00:00.000Z"}, "data":
[rows 0 to 23 of 24, columns 0 to 21 of 22]
-3.8921739055863562,-15.925942697978504,-13.347807918944682,-5.548018285495734,-6.430123650547775,-12.92210064263902,-5.544489656941678,-13.820534603615188,-12.683667648536908,-15.468922903460467,-10.063850248961161,-11.694811292436949,-20.229279801172588,-6.20177256711067,-8.073817688419004,-8.489931697561362,-8.697719005414596,-18.85185749445902,-9.655000443309934,-8.286990991130287,-9.42360661132495,-12.783658878720509
-7.901412572479168,-14.666039493598229,-14.364968585135681,-11.742958350014614,-8.262100842184854,-2.192872612984685,-10.353874970846341,-12.285133322465054,-5.245953068175446,-4.460042212050718,-11.1355986498551,-12.112898787671831,-13.557207823087634,-13.296250991133897,-12.18365761969764,-6.765530277630918,-13.19422070929688,-10.825638973807047,-6.436663254403152,-12.64562486731224,-4.411298803447703,-9.3061464834661
-9.019457875560922,-10.16285028593626,-3.1833718185859183,-10.013139797223849,-12.267387199762823,-6.982965518423289,-7.431034812213198,-7.0536701130581125,-12.017317888619498,-11.81329283121711,-11.852153413532223,-9.087363193890749,-7.217700426957403,-10.57816505452426,-6.9507114564971015,-9.590667737851172,-12.136221690958935,-12.959960883745662,-8.958429699001371,-11.64683855884559,-13.28589193721716,-7.894394741983333
-9.833769489423458,-12.28456842801765,-12.575876505981164,-10.869782048312787,-12.15152764479564,-4.301871217559653,-10.946943907516143,-10.653811881753342,-11.385968019105919,-4.506045889081453,-3.8248392660984423,-6.589877275101257,-7.864347457419114,-7.576549153133028,-12.353147414777608,-9.594742459924257,-6.3247245835864,-10.978477016763177,-11.492193392328033,-12.153239836165127,-12.814162567019835,-13.38819129131995
-11.56656820088094,-3.7425953832362597,-7.571827920876276,-8.005171482261764,-2.8860445660958165,-12.648469995076098,-12.138118549640573,-8.513111382753191,-12.023506678380501,-17.03395809998738,-12.393796494553024,-9.434734590090038,-8.195062764191997,-7.82319964090224,-7.878509787200663,-3.149969438063039,-11.882348341096451,-13.992761894785996,-10.51343520022064,-8.756790961561837,-7.163954783445482,-13.531751772799845
-12.085210885343772,-13.820831227429801,-6.388403618993851,-6.251463734516755,-14.639520168325221,-12.780688537215049,-11.7044420033267,-11.62083237782319,-7.302301553869716,-10.61854903243728,-11.705174257836582,-9.579906920568499,-11.268585800328104,-12.982716779380764,-10.394893336531664,-8.535622993659139,-11.456638847261303,-18.25960355517213,0.4053755993198501,-13.220872323819473,-6.407873227276553,-12.256204518379107
-12.652714561254454,-13.698270116839891,-10.775380479845364,-1.327552946679851,-11.112428383823696,-8.994750727682112,-12.929752073194164,-12.298482471295507,-12.987192849065615,-9.731144809588315,-4.9556833678304395,-11.218860691195356,-12.959400363559732,-12.852545866708718,-13.187538505328073,-12.667622210765298,-8.839943470130445,-14.68968673453633,-3.321910412878647,-12.85303432915163,0.4492018849839563,-10.953561595370005
-12.463967528069666,-10.959947573890675,-12.240757864109598,-12.26484949370269,-4.392187371392884,-11.662536141902603,-4.622654044036586,-10.887700632230581,-11.686282803669487,-7.87040778916754,-12.971395188921848,-12.839155358781584,-1.5949129506360467,-9.309844303644208,-15.093532360816432,-9.89988344737314,-13.640615677622902,-12.773086120771971,-7.000439817225096,-7.6519753508238155,-4.205374678211297,-10.503457222422067
-10.641592358939361,-5.932426759744524,-9.459923477350193,-9.50546624491948,-13.513657972201914,-12.661381967158922,-21.57483931185833,-9.797219967906058,-13.15259891759904,-5.993405202969438,-6.177612050829158,-14.898007120943166,-12.562926621809604,-10.364810063644752,-8.65304271543066,-15.636441685137425,-13.537386934584106,-10.938126113095525,-17.03991646684516,-13.44818451346613,-11.039950511522807,-14.616095882250255
-7.338205240677602,-5.0723035383553485,-7.874903483438434,-11.515206705462983,-10.652692618438513,-8.229123724837226,-12.679327259498073,-12.018988767693923,-12.259819766757063,-7.567098792159939,-13.664884821313361,-13.026898634440364,-9.276284863807536,-10.870022259012652,-3.9598711070521024,-2.895016947186787,-10.742298250138896,-12.46948066093135,-12.824784948669068,-9.698928732488799,-11.905930165921609,-12.595816229937046
-6.435644530552831,-12.53833417481658,-12.913077823689116,-14.111226543482411,-8.125100047204228,-13.956844145474529,-6.364792420771624,-13.34409996851297,-13.424216173556553,-5.428453887430938,-12.675038953651569,-16.844766894932206,-9.613655510674777,-10.891506622705103,-21.002063895079882,-14.01790353158482,-5.994645637723756,-9.716949501788632,-10.518250839968333,-8.124636493586706,-12.461766326772288,-10.87997970738005
-6.183939021795589,-12.91267618278237,-12.516003859916493,-9.192848640611668,-6.04411211505848,-12.252795174525266,-10.906974138581672,-12.823273064481832,-12.533447078567203,-10.057174270966158,-3.8041691941502247,-8.168745370829468,-10.922616374667411,-0.7998193615161074,-10.264857165246452,-8.050577464507901,-12.319587079202341,-12.772943821642066,-13.886787756385957,-13.220402310519983,-13.475260121816651,-4.594870665127209
-9.816004640629538,-5.631638698273835,-10.46827315243945,-14.667495990281838,-11.974364014748804,-7.37210238239789,-13.008540144450293,-10.8169328533787,-11.771108794465285,-16.28770820395074,-11.33593966961386,-10.654606077350836,-14.603710702150366,-10.255175476992116,-11.333552125751792,-13.260264617863422,-11.465868498390543,-20.524470926272013,-12.271870316273482,-12.20333547302024,-6.857685255838511,-10.136587384700567
-12.429687367530994,-6.068357201755066,-16.448721659849433,-11.747795666960577,-7.966747805973567,-7.665542234782718,-7.6260707253185105,-12.042069868944004,-12.400496923527918,-19.074377581261086,-8.950969388074768,-12.064328615332991,-6.003508554234505,-12.403807784850038,-11.220027287269595,-5.798792863172992,-11.456224730925255,-9.355318290806018,-14.249354506216509,-12.42941538671444,-7.17329693456845,-13.331773024392048
-10.792884064335455,-7.318416713924444,-7.1226135894970275,-13.788357661397699,-7.507274849129473,-9.235810194666573,-11.240239737271779,-11.853713668342047,-4.162873458448526,-13.753196458563142,-7.525474184444822,-13.286439606388349,-14.312317657453251,-12.494048069075602,-9.098494831229862,-10.108782726583454,-9.84306912855244,-6.145973669816556,-8.74376421122895,-9.05023418440136,-16.655923773095434,-7.128556625003352
-9.469346870676441,-6.565544619504095,-12.461918219389185,-14.572944897863797,-11.79367829915512,-12.322469466605822,-7.351024771647389,-16.85027612641529,-10.545278574305014,-10.077578596497887,-5.374002600733184,-13.962080718549222,-10.64333226072455,-8.008054361600578,-11.451367851745502,-7.916851599852094,-6.36742052130049,-12.05413047261013,-7.9109257678362335,-8.626010916446416,-13.798195718589959,-9.718181236511617
-6.119587024150628,-11.180983535365742,-2.3799054273506584,-10.159513467995922,-7.296162098832247,-12.165777048599592,-10.369044343888499,-11.97941517479642,-5.4231737749739946,-13.202562055894944,-7.616929530353453,-13.337290769774922,-6.024150695173881,-7.276085585747547,-7.311248298643379,-7.072702551534936,-6.787346715716181,-13.624708341976433,-7.548972568216493,-18.501364440806206,-8.360990869573584,-7.162496736115508
-5.350729140044954,-10.18611661356334,-12.968293788447976,-2.670360874834812,-11.851058346410529,-11.855453899678247,-12.6937502861364,-11.988104865328085,-12.148992740634064,-14.273447652765714,-12.92281841386046,-11.528026954337532,-13.078165624279343,-6.784652899646148,-4.611422412647967,-9.940955892754943,-12.352118397816096,-11.44788484663467,-12.541969895028412,-7.895307774549883,-12.828639787837254,-17.367233719188437
-3.0979299236947884,-7.42288532489299,-7.276576722602339,-13.226774571886208,-6.934247753455513,-8.792127295085669,-13.708684169476383,-10.184410876354661,-8.233657411727275,-14.432341488967216,-12.608858036081472,-5.333258914643878,-8.109829918547158,-15.835014223424869,-10.380660087840512,-7.321140557395677,-14.841230901029235,-12.13007060592468,-12.249706119439645,-3.120186146945102,-8.088618961436087,-14.286843138184121
-10.13910631481395,-13.396167090961088,-13.623894539476286,-7.58050009896875,-12.998728503167298,-10.544443250768719,-10.492452586154728,-3.0533541926904015,-10.233622273733317,-7.172125183686983,-6.625422646639516,-13.146072640515516,-10.831132904455067,-13.940687762575225,-10.332308622193136,-8.353421543655102,-14.313592709347718,-11.76712951284623,-5.4959675197074205,-2.8448780575236654,-5.771494681551883,-12.933186818265792
-10.347671346846685,-7.440575931507031,-8.769549421605209,-6.410509235014586,-8.399032439103022,-9.985070569801222,-9.641071209756932,-13.33287294381859,-6.338125805113096,-15.829632942056714,-9.949795832716225,-7.940828629249999,-12.694993943744482,-12.254236976377324,-10.312973130060303,-21.605401204188663,-10.120585771026695,-12.791780867525825,-10.623346663112004,-8.25735870310939,-6.401109903386143,-10.47399057309905
-11.651522486060262,-11.218345788662475,-12.653122109132482,-6.379597043108832,-13.210467328557574,-10.539196283226962,-11.873832210374522,-11.33223243780389,-9.769522382162283,-4.323877813468445,-11.176088505460253,-13.00458811143739,-7.5592762573881815,-12.689867823577805,-10.845042808905827,-13.944082410313857,-12.97180618432391,-13.664481689435041,-8.197238680566246,-12.979224686903217,-15.450136572237707,-6.778116234887757
-14.777040581608773,-8.484188042788395,-11.502382700509461,-13.61548986106395,-11.523190660358912,-11.198871126753522,-7.210197717597267,-7.279365371984452,-12.882287624315266,-11.525693732379805,-8.77735506292639,-11.574637566081972,-15.901196699823528,-9.532733177553608,-14.30311034034846,-0.8178236096903665,-6.024459016637501,-13.214108234547226,-17.356825687860066,-13.43834638301769,-10.07186552664887,-16.085843453045257
-3.1201370664781796,-10.543430686267927,-8.58528446764452,-11.712526902019267,-11.66722127625004,-10.428231769634573,-11.773364584560673,-16.43153958582875,-11.563407693199556,-12.400014408151508,-11.279711062145797,-8.909751035873954,-11.926559234362152,-11.289164190917086,-11.592250671725273,-7.981068045256253,-11.803889871554244,-9.121120040147574,-4.966270700321341,-6.0827785732890325,-13.609817900416227,-14.631741519978997
