script/wind10m.json
{"header": {"parameterCategory": 2, "parameterNumber": 2, "lo1": 3.000054539987559, "la1": 64.9999836372058, "dx": 0.5, "dy": 0.25, "nx": 34, "ny": 52, "refTime": "2024-11-24T21:00:00.000Z"}, "data":
[rows 0 to 24 of 52, columns 0 to 33 of 34]
2.6655572300669896,4.007358992137888,5.852256884355047,5.8495987197630885,4.038252227071499,4.711541057108589,5.694867109516278,5.705626696903897,4.59562313576342,3.2929124452027567,3.142670196521127,0.8836065721059219,-0.01028131719677791,-0.7063478634065621,-3.146140012066668,-6.673059572974831,-4.254907412614885,-6.86380106038065,-2.3022409718994377,-9.05950439242933,-3.4126342161910257,-0.7743144118469515,-4.9074688037118674,-2.1143897376287897,-3.7599001910164778,-1.364402519890485,-1.8353657247716335,-2.207819738825882,-1.9810815117445877,-2.7668025936276424,-3.022693407087882,-3.1695994366560374,-2.1356534263655567,-2.221021150594316
3.3094055474742086,5.494117488167778,4.7985314753842925,6.045640733633622,5.312935605218803,4.807887929792496,5.541261711767201,4.078083675535583,5.518943936257736,5.402325404145971,4.1766464395741325,0.6062103594373651,-0.4003674691114877,-0.9864285082745636,-2.9218049495546183,-6.23831622730807,-7.608884456030791,-5.417518536889107,-9.120248535731914,-3.768912342034919,-5.392708066031691,-3.230867209858728,-0.7964869551794302,-5.989611607071377,-2.036792013661971,-2.096315470069015,-1.9108155040636599,-2.7953739385310636,-2.206321135458503,-2.5031883296425645,-2.557184901319219,-2.798508142855333,-2.3997425605396323,-2.575463961105633
3.225851313858856,5.23110536595266,4.617852390372928,4.6830719653267225,5.344051911956412,5.015194208005358,5.539944748794964,4.414706431882594,4.504665601517906,5.956499157807059,2.425788154028326,-1.4608841728645738,-1.7247017594615686,-1.7580710184423598,-4.079735154069728,-5.890553809256868,-3.1898600438513998,-3.359833182979907,-3.1378704863114524,-3.8564134424290164,-4.882453879626627,-1.5690938687083902,-3.9120316084464366,-3.691354473378231,-1.8001862137071938,-1.3254050737634033,-1.8738930524839885,-1.6435842047911748,-2.1139157869478504,-1.6875448296838744,-1.937390519286994,-1.5274809665681754,-2.058298813531017,-2.4122450396360815
2.4523504210596165,3.1571453731313386,4.07063765544003,4.838764286692214,5.297851956663176,5.758081544582256,6.5159363276983955,4.974944458988434,6.366162376423769,5.715247526159776,3.37990721380283,-2.5344371269200523,-3.370315623659063,-2.924356082123427,-3.194394749786647,-3.557213120192328,-2.8937398100508775,-3.523702910754086,-6.620679465666932,-0.5245936172255868,-6.554331047979744,-4.6898823539629015,-4.932754163071374,-1.9181700776205293,-1.8972888138112611,-2.111279010631466,-2.0542030949432784,-1.6093181005831272,-1.9056573405685475,-1.9108691741023944,-2.0702524885085016,-1.8211377104110444,-1.6385319473812296,-2.605377067980442
2.164054926826281,2.6705968405336566,3.1371656077225047,4.466420871841613,4.817999415369954,5.852104873938876,6.953928840242085,5.9353035950263395,5.51236199765386,3.9630111188742156,2.5420666680277915,-2.4295676945143883,-5.038876151859431,-4.353703008481483,-4.991844142520705,-5.690006294942793,-2.0091653401693934,-1.7565418955386323,-2.6541424430433618,-4.604939329036567,-6.662706874301747,-4.742031559360212,-2.051251577168614,-2.620784640487913,-1.422469710154037,-1.8487947359958137,-2.3275315502787004,-2.1234562195079527,-1.3402260131380468,-2.372302840532977,-2.3253483497104055,-2.223338108273859,-1.6298644194506204,-1.9361675017153637
2.378825003323857,2.093299520418294,3.4625119404714506,4.596884001852522,4.770424334043241,5.263777662783061,5.79828899456041,5.7804808927159534,4.267448157121683,1.6744036466079615,0.05910322253839924,-2.392466374358765,-4.943794514957394,-7.456485283234867,-2.2984203864889494,-1.108778089015839,0.18690172824420048,-1.658933556998076,-4.262771210648788,-8.5700368112887,-3.147110858970024,-4.1701928235845145,-1.4642486383770674,-1.9626391007253823,-1.658639319226953,-1.6231241990650367,-2.2064186923403017,-2.5345785621339925,-1.4687015572797972,-2.3259850316998274,-1.8390395505174588,-1.5359340318412915,-1.668271746214337,-1.7931859221379236
2.789028101825536,3.700111541629357,3.896852978605913,4.3271657516370245,4.479313213203489,5.492932976815404,5.260681866427893,6.551302573326786,2.986984525647787,1.2143083070807588,-0.12093301331947033,1.0134543010004404,-2.7136590309357556,-3.4193798011506855,-4.086036760011081,-4.485934588450941,0.3445538225313312,-3.2282980849600142,-3.759573839076332,-3.3317744766872726,-3.610740299766459,-2.0102359618187458,-2.193803568714157,-1.9948202958963128,-1.6515764189811042,-1.7835722159217566,-1.6532194160854499,-2.059613768571734,-1.8473097128212266,-1.7726407517540488,-2.233720032132668,-1.6413303962200125,-1.715791920198352,-3.0429741458434636
3.429918535860548,4.271391710538127,5.115409770342192,4.884945846919496,5.457689727713798,6.172319241712756,6.532060167081131,6.3385291170017295,4.438290044603463,0.9748406708056194,1.1592086824495067,-1.885001972337723,1.4733716296966062,-0.627789260624861,-2.2634373942973425,0.4772848334659873,-1.199557811782356,-0.7411283300466374,0.7527164695164524,-0.7120028745882075,-2.885156563469433,-1.5414058749630406,-2.1071149212424527,-3.2326716402914917,-1.6426384893955708,-2.0738474141800034,-2.2817739410864206,-1.4689758209992934,-1.765732852302371,-1.8464753194009023,-1.719845412594845,-1.1104795428765752,-1.3875582933693242,-3.3071492899709214
3.067032084533502,4.37400977237381,4.2614437839032595,4.4661156720563575,5.218973657098352,6.122842714247452,4.160027118148771,3.5098440176406718,1.8137832872609951,-0.31499517778002406,-1.529087120630127,-1.0416800138298306,-2.456406328801733,-6.167502692073862,-1.404627221277613,-3.235852057919463,-5.919911717823449,3.875932978004018,-3.9896853763605793,-7.002865477322703,0.411108698046293,-0.5264744844317172,0.19182661289633277,-1.7132656195416907,-2.1617130203592545,-1.9803769353609517,-1.73101292580746,-2.0084084407486245,-1.7599555393540771,-2.161598457215104,-1.63726731593666,-0.7535898617790691,-2.104049273477536,-3.5395882298493935
2.010861840478332,4.483304953034301,4.618985312479494,5.34508865291171,5.8236960134115066,5.80880725547806,3.3154058145799574,0.39823970545719034,0.5180780715524893,2.4046703968320724,-1.6398276316600033,-0.8878227940113641,-0.6437460939826225,0.9007011439404203,-3.8986569657878407,-3.576473374715422,-1.9484978554851804,-5.076100108380704,-4.408724789460852,-0.4077563011297853,0.598694788967847,0.3718548882423588,-1.4095582729306086,-1.4111537064005557,-1.52306081909984,-1.760014874088844,-1.7785796006951597,-2.159489864320364,-2.856147738848716,-1.8897307955646159,-1.7035831425787515,-2.799126838829614,-2.3726426943705143,-3.8458645659169615
2.4848567399583357,4.311671445550428,5.680746152106686,5.585762748393344,4.8006220596308555,1.9333699584005037,-0.2326163992183589,0.3413667158599077,2.6375115982481097,-0.8170187028903539,1.3251151509579768,-4.977334351101373,1.4247886261582599,1.2185199858968803,-4.716916052491913,-5.207635624168477,-0.001377504893412466,-2.154625114266378,-5.1471572150574225,-0.909723335708856,-0.1050098992789584,-0.8753519768252943,0.8031131182399444,-2.2287131158661775,-1.5070474437918986,-1.0801141812618518,-1.9816083866639829,-2.544486132836748,-2.201760141361609,-2.2440246238627486,-2.16274666388101,-4.083688105424211,-2.8941916442729094,-4.029490785078811
2.965293283395923,3.507158271025907,4.314374008759905,6.850331522996778,6.537385471133908,0.9319387028909514,-3.1128923248972997,-0.06065167953868874,-0.07480384974315928,1.3056250274963994,1.1102537669584351,-1.1663495221588032,-5.653872982655707,-1.8526025787509852,1.1951175746918312,-0.7074936077829093,-2.125135108061323,-2.6137545607720383,0.9168461319189367,-2.0776763581769564,0.4869754182192884,0.7863361794197659,-0.5916343466236307,-0.34348806573085416,-0.9175729819599149,-1.851998415317009,-1.206841386234821,-1.0157870353933005,-1.166437807621704,-0.6179041875923029,-1.8493303729635884,-3.0014597810230614,-2.773348766554462,-3.92945300434498
2.673685672611977,3.9014523807829593,3.7553624462863144,1.8175608415945959,3.438389144931614,-0.31027017443557353,-0.9877168688368236,1.730427617437314,0.861975187976028,3.7615674397437027,0.37603695740084686,0.8488851710239663,-0.6068931741262746,-1.2453079356954408,-2.716339968703668,0.467364109827762,-2.536624283275119,-3.532718500363302,-3.2327045581812284,-1.192230773093069,-0.39713397856284066,0.12827720891509317,-0.49048744302655506,-1.1776475082952136,-0.6071922755545555,-1.9216614214477874,-1.9559713035504818,-1.7884158088607491,-0.9125002641494582,-0.36771632012625816,-1.8718613963314938,-2.053847367712386,-3.2677099380937915,-3.666162151562355
2.476421237363748,3.4071908218095137,3.8997861987017344,3.191936410330975,2.5962641217002167,3.5056486172107375,6.387838619716841,0.3284261433022427,-2.9119076386859115,6.197173153090607,5.846062946503834,5.189795085407728,-3.0723900093808814,-1.4918820313903534,0.8150439242285626,-1.1931795969063377,-0.9134204614994625,-1.4107704761433169,0.4539988262716315,-1.328612951002706,-1.403582743512298,0.4163045384139571,0.05088433382372199,0.23030301182407004,-0.7360909954187626,-0.12255092365164517,-1.0607298733494723,-0.4402989791277349,-0.9558948519617214,-0.22940427684142214,-1.3550717618833825,-2.285771474250049,-2.267936720320142,-4.69922543071799
2.0592817053457253,2.2050165902391705,3.537241814459865,1.681904203174982,0.10484326321836725,0.4266467214333031,0.3046675051783741,0.5519161659365575,1.8814896063181477,5.72739119952414,-1.3734119158018918,1.7415029514343714,3.2737069537606622,0.5826656612446501,-0.7914274876559972,1.720075265518203,0.6233156605804315,-1.6186594097697673,-0.2953632141299928,-1.1942981389043572,-0.3565822478201592,-1.943066032991703,-0.48728824016736705,0.32577544973686484,-0.24289206817218023,-0.8806212091498663,-1.054472123236989,-0.9136228228319694,-0.5619769748913622,-0.9126904838681631,-1.8066806381312197,-1.9959510226813475,-1.7035768634558945,-5.333003499005709
2.4908836132420897,1.2171891120481586,2.3809323087685645,0.1242791969914172,-0.643552188298663,0.46478853022615835,1.7565235177097027,1.1278155037766378,-0.3304632430465344,1.590011265793468,-2.516369394370172,-0.9043852516595949,-2.7891933206659494,1.531071834211752,-1.598773041306706,0.14726307269825895,1.684768872267438,-1.562085252090438,-1.710273952715907,-0.6775626242290708,1.7989635573400142,-1.8057209964182794,-1.1140839532172655,-0.5081680357554883,0.26625085585065045,-0.3094580178789745,0.9149800751112394,-0.27101105958690397,-0.04356433494056572,-0.6015438469182075,-2.082201130703098,-1.9772110274779855,-1.4191066606457223,-4.240833721455152
1.65017096257101,1.7689680232594915,1.2137276286422953,-0.22487645112731475,-1.948563986186945,1.1828140504426778,3.7245848942774344,3.427285747701561,0.5524925429708976,2.1459457703578786,4.788637394517565,2.8148980392151763,0.15137191146413387,-0.004035494845643807,0.12578305202001483,-0.687588953878013,-0.6542233700684635,-0.13907916408904888,-0.9603090611832045,-0.07554535840738466,-0.07011594145208869,-0.05456993021946422,-0.5971056220877268,-1.8508640262726699,-0.6212693369924326,0.003165769431115892,0.49019266161161784,0.26681944746873154,0.2366079515049903,-0.21121560872326645,-1.9995713391689574,-1.819699245597048,-1.2035304053302338,-2.7490247216367942
1.5440289700464536,0.749078271667089,0.7297929875235697,-0.09713603399381225,-1.7373829849747606,-1.0351156260337353,1.694600884712233,0.6166630585949017,6.87252989588133,6.129421944224099,-2.3631670550727977,-0.020334696355977552,-0.013449383714544912,0.10003173419010317,-0.13902820556583276,-0.5049804177369037,-4.253337125323253,-0.30943251303907365,-0.6276906141353257,-1.2917248676065762,-0.36651477630884494,-1.3627087325697862,-0.7530739845071591,0.6003247891322271,-1.6762584161885887,-0.5907556707279938,-0.509791681022316,0.11054096862128822,0.40214624987861985,-0.03441577005956624,-1.4092059015512863,-1.4733051055063888,-1.1258911637552649,-2.2049173443607515
1.2491012195849245,0.46899568330630875,0.430601369471236,-0.27395864465906633,-2.225210960746828,-1.276669985296681,4.0019758866276245,2.7948596748605623,2.4311929519792534,6.3617020964557405,4.282290041010216,-1.6523398861423566,0.6410142047024603,-0.5439458255455945,-1.1386405749230004,0.8085127558568975,-0.6637723530705855,-0.9207678103650558,-0.4233243617020161,-0.4613688223381342,-0.13914779374776412,0.43152588154905386,-0.32603493563799973,-0.8991596265492369,0.4432607855134507,-0.6277659792995861,-0.8119593288221967,0.6394024837524188,-0.09280443371280352,-0.3373105926667336,-0.20048031152585002,-0.6395956276958304,-0.8714235604989514,-1.3124736996672888
2.0425916095375563,0.9674047961792083,0.3093673510029493,0.27096829197797595,-1.2568980986879434,-1.1291797575923297,0.8493840146218419,8.124590077881145,8.932815861380735,7.627346056377278,4.768885366411053,4.2639502032093155,-1.8849621547541249,3.136854559390586,-0.5393640863877897,-0.36066583272459896,-0.01846449266387332,-1.8804709654386187,-0.11282976896877679,-0.8197665017226291,0.4348559671982352,-0.5529391175182674,0.47153315986472705,-0.5090234191708904,-0.9797587628086455,-0.2775797661667451,-0.9039475180582655,-0.1832843919054887,-0.28502596108964734,-0.5531000284747156,-0.5964843399872132,-0.2417381728834919,-0.07004817107677722,-0.9768987734816267
1.947812434772556,1.4433111110570365,0.796821850719731,0.8563037633892685,-2.235036236019847,-2.4001024408235456,-0.7719710684062513,1.3806925337788243,7.739208812843956,5.643306432014455,5.74154399688142,4.542811326540266,0.5165100690978018,0.7152888872742293,0.653249550172132,-0.01590245803972177,-1.0427176927969504,-0.7337542147559886,-0.7652058642256578,-0.8151125978832532,-0.614378703855647,-0.22596325266928982,0.21397752469722536,-0.567645506293089,0.159595498624901,-0.24347775416079537,0.33138235905580654,-0.42610863876257554,-0.26801576198151045,-0.44270293766777347,-0.7266068177450539,-0.3567932913622217,0.9877499421210948,0.1122404859133237
1.772903849856845,1.599137015047799,1.4809468157143644,1.427250252555954,-1.3731368345925956,-1.0834524207157168,0.166458080692894,-0.19769841054281387,6.094554338236045,2.646151835939658,0.1847693883008099,1.3993173752093493,1.392851128164493,0.6497920983428551,-1.2017506943265712,0.9019168839092916,1.5360418259721418,1.3153900634305165,-0.11939313978646826,-1.318517135037502,-0.302434827704437,-1.613886109557836,0.47347477659981396,-0.9244349760088315,-0.933837445653766,0.14951456530500856,-0.9427403166409829,-0.5216015301736212,-0.771022119271838,-0.5919926743436805,-0.7936559613230442,0.018027687224562064,0.5814745972816172,0.21850732598418707
1.7222723365436152,1.6606075592151999,2.2071489610046764,1.862412972012961,-0.39205407875267506,-1.4035462665139045,-1.1309845229805715,3.137719409611677,7.248704037989428,5.271032422435481,-1.8141737689339534,-0.5497471658825197,1.7052875934939682,0.45231937542277556,1.1469662604907767,-0.06390344262486157,1.7791448477287135,2.001340719900536,2.162367238385442,-1.0468192678802521,-0.452118903006695,0.08739407845071837,0.9946937325537628,-0.29093331159633185,-0.7822469549828388,-0.8365053898616328,-0.16238092942367988,0.00025364971936423663,-0.42222877507500706,-0.5118737287466059,-0.4045783474002413,1.2070535274853202,1.1676139760293376,1.1831938402787308
1.4484395486451718,2.01788748094438,2.4599780525936024,2.025111304458099,-0.656336860218767,-1.2840979181326608,-0.13157970930644902,-0.29116968532571014,4.569707546233311,0.15679926345995057,1.3018013708272915,-0.05360961760082765,0.6817222685010706,0.34882941111840954,1.0677858265160016,3.19172980827391,1.6216808326997585,3.0960211698963356,1.774911306636837,1.3232353882699939,1.0429622923043516,1.9739181666313417,0.4354594128208415,1.1803940846141399,0.15069003328225664,0.09495915012787881,0.19729827828743046,0.07001151392032674,0.33363909668697567,0.4860544128029869,0.82804380688309,1.0157603830769668,1.8161078436345555,1.4334973695022417
1.4938416460502226,2.283618711156238,2.187995937629316,1.736207885950833,-0.6122194919267795,-3.392212034651039,-2.402165124037239,0.5508098396811162,4.442010357190487,2.419380594572088,2.3794168945206264,-0.48458166685705933,0.9806428363516769,0.15083687996995898,2.7438760792292403,3.4822665688886154,1.693799695804349,3.095465139503403,2.373343818194359,2.0709937744204754,3.092848047758014,2.5165991106294006,0.8488243405539763,1.4908480821279355,1.6748326209721476,-0.0011474641912004176,0.5002331468114862,0.12020313313288272,-0.03044586571039763,1.4060271140603162,1.9019946945596737,3.5682480985137652,2.502309069498251,1.4073391435377802
