script/wind10m.json
{"header": {"parameterCategory": 2, "parameterNumber": 2, "lo1": 3.000054539987559, "la1": 64.9999836372058, "dx": 0.5, "dy": 0.25, "nx": 34, "ny": 52, "refTime": "2024-11-21T23:00:00.000Z"}, "data":
[rows 0 to 24 of 52, columns 0 to 33 of 34]
-5.1114218383458585,-7.051273157614448,-9.443969682151856,-7.308402890892709,-7.25509705604235,-5.272234006234043,-6.198991512382199,-5.880589478354379,-5.6689498685084905,-5.8557153397443145,-5.3086931899580705,-4.964893410334398,-4.336911072625509,-4.957807809943309,-5.198118494160316,-6.397219178141665,-5.766218680187368,-6.580604161271566,-0.6734325036650233,-0.8204089320997879,0.10835270474347584,1.4731578888261192,-3.820076252326788,-4.512793028307395,-1.7052167059354826,-2.321839849621491,-0.8894096116847785,-1.7427030379996586,-1.3410517636073256,-0.6768044975470993,-1.0947934290550658,-1.0971379585526748,-1.6938031599593273,-1.6179222620307212
-2.930187956516058,-5.701624499621868,-6.926855472643983,-4.897969772698928,-8.321498030801429,-5.017530828098294,-6.483858100312972,-6.802392321068287,-5.804142417066252,-4.191454299269359,-3.0089301314887855,-3.9829156322933907,-3.936987919888271,-4.556830823110905,-5.302434602744048,-6.4867750675305995,-5.848768507036246,-3.2919404686858447,-1.3450673659806798,-0.0027642829815720214,-0.30617557220877695,-2.38592134064858,-1.1149123668330925,-2.2394643146140782,-1.199987883383526,-1.1483445503873126,-1.2033863034623866,-1.333465472548666,-1.5347168414254324,-1.5920928544144237,-0.8752614984732328,-0.8608098631821723,-1.0341238141232862,-1.7443637392551563
-1.0558198954003277,-8.934009575081184,-6.995768308816562,-5.0798247220396915,-1.9200991213818053,-5.2042292003737884,-5.615820150248467,-5.534669951367438,-4.819944588090707,-4.48608238396914,-4.370971626797531,-3.95725606730816,-4.089360640838965,-4.571882836968003,-6.299084277649983,-5.5308730146550875,-2.370947578648954,-0.730801409715243,-0.4798719879199136,0.5654868846018765,-0.21323319922669617,-1.10205344958143,-0.5895907495315592,-1.2339701341763354,-1.3412532828395685,-0.6921183104810049,-0.8685558474981305,-0.8423454418630162,-0.8602075508075419,-1.6871691650304883,-1.4295610721107352,-0.7651197183060027,-0.5617190786411971,-1.122162717002458
-2.765439072461251,-5.876164618331809,-4.156525995779176,-5.262694382535482,-5.613061708503179,-5.286171490172618,-5.1922856685783705,-4.725221897864027,-4.533930456464135,-4.222797187909961,-3.9635496761814033,-4.163331429908705,-4.635708501890793,-5.7901784866317225,-5.396624890417005,-2.395660385220553,0.6575530314554324,-0.08962696905621224,0.6986631196641967,0.619517813951635,1.4295998368301008,-0.7009084086920765,-3.5695914931613544,-0.7058802935504955,-0.21290143221483596,-0.23347563785429254,-0.7174297941135168,-0.6520427473351016,-0.7414069111730395,-0.899520794686132,-1.0678747860131208,-1.1334875280376646,-0.7255083445146976,-0.2425710115984481
-4.69517247578572,-5.4453453585487335,-5.536582856557517,-5.380668321581663,-4.6762183999671105,-4.760770962852691,-4.840066911492361,-4.15990209359545,-4.260232324638582,-4.042633428588654,-3.8241592467187098,-4.06187761680247,-5.635063400714715,-5.4771093219956155,-1.2145226067356725,-2.3979617646457485,1.3522429955014927,-0.1571139922806185,1.2674540863291595,2.1737263431920044,0.2773508958138736,-0.40224054310242013,0.5146889409554841,-1.0344302513544679,-0.8747442056660751,-0.4171886512504519,0.0014749355634377545,0.10641881786827971,-0.6354862525162949,-0.21057556753259624,0.04054104222699212,-0.6209969915480062,-0.7503482474567449,-0.42556585512190004
-3.780770043647814,-6.021266934131843,-1.6423392618484147,-6.113250021615609,-5.418504376335914,-4.479026815097225,-4.6841193937703,-3.857774890138475,-4.17202293634083,-4.165611566238876,-3.772482854422322,-4.904703924922958,-0.7482393673633568,-0.795972561210986,0.45591871373931947,0.19443221181693815,0.9680559736705138,0.3148354796929921,2.4885837104350705,1.9691848926671094,1.0299960883694586,0.11218094477937304,-0.8221833417847784,0.30884463486102104,-0.16207467097380004,-0.14858839204278176,0.1374782344695779,0.5869027846386556,0.0016960016925107345,0.043891826594055286,-0.5930792327687279,0.02098900146905162,-0.12884286054633182,-0.2242157051265658
-6.169834621513849,-6.603026592946227,-4.691378447326334,-4.338382637278983,-5.290865383476227,-5.04765039761541,-4.470179606035928,-4.215349727534937,-3.7478418432398786,-3.5221400995119323,-3.533548279741564,2.5003224975557887,0.058423705481448776,1.0550752980301483,1.0368872166488945,-1.4300724569843133,0.9980438527563519,-0.7070388173092319,1.3615356555543914,2.7028109930323567,1.8043996803175233,1.3485646707276844,0.9760606964987883,0.19703441634843946,0.028039090525255862,0.37380879554204555,0.2455823706759126,1.1306169274512456,0.5700609461673617,0.7345513545427058,0.8619497907582526,-0.22233686855685272,-0.3172731696926485,-0.3450807088590234
-3.6945784093892726,-5.497287446971027,-1.8784736510121445,-5.515969289635054,-5.891152036579525,-7.096449663640298,-4.34456314284835,-4.247215350633008,-3.5173064810966497,-3.0479199228332705,3.2610038787282285,-1.155435674369493,0.6569593839776285,3.637920068321222,1.6497201450314631,0.9616075809585083,1.336090613838187,0.6023535559040981,3.501184464399901,1.7826553064672883,2.354295922558817,1.2934563968037416,1.7352902227898248,1.4422802772660508,0.746155983891992,0.8762980622092539,0.6965908653792158,0.2808133883948481,0.9316283327643401,1.2532228374037524,0.7631835864770152,0.808072584172251,0.11382736703986286,-1.4100403746490053
-3.7266529548573892,-7.170307766408888,-5.5670069921330425,-5.816867705785883,-4.340542624724658,-3.1377638983042653,-4.042187607703308,-3.4870027569300697,0.1740915747380617,1.5338915538575544,-1.7759964599424896,-0.5752535835629876,-0.20521613361852784,0.39242837231470845,2.9061827009525802,1.3032863427560757,2.827279346154833,3.8402416706004345,1.1151422611163537,2.3002979611380465,3.6611220901048602,0.8469958980246456,1.367129759732005,1.3075864355063946,1.268131783749857,1.0295502704394341,1.1625774699282716,1.3398000147441225,1.5507960246984835,2.417432080556975,1.781050437174738,2.159081985244843,0.9192746568628365,-2.1427719400918166
-4.630288203633154,-8.194849541250681,-4.235223476475105,-8.875566888851532,-5.952064908988634,-4.595862736746208,2.6074052517980384,-1.5548046159783526,-0.016317064084399945,-0.25127435544723103,-0.66243585124019,-0.5808705098606369,2.870042820057871,3.4365194870163145,0.5667117108308463,4.269036117081257,3.812421595812103,3.139919369774109,2.34281124863431,1.1794074075648897,0.8157090684373073,1.3499518232860703,0.8582182381034834,0.9141129234843948,1.5165820353084936,1.2302395194805724,1.4846822538240902,1.5057597889003145,1.8488007899468102,2.0037212334481853,3.072270182539322,3.54008787216587,0.7143143432789043,-2.9667770988326385
-5.937082462074366,-4.637232879804181,-4.713584320088507,-4.38648884539204,-0.22431940620089338,-0.3307528466267311,-0.8349929757379516,-2.120788679274733,0.0393809763595457,1.1537111539107099,0.024438122928251572,0.8920508547886694,0.03275929292522782,5.479700663164571,6.277659647448177,3.9723825847881766,1.6087145087138464,2.191125250474775,0.9027431898948475,0.8709432828612185,0.9655345513769302,1.4031436115988383,0.592689490834074,1.5485823295382586,1.2057301375668428,0.5448499843492098,2.243634696234377,1.7317440443990821,2.2472350028100285,2.1837470240236363,3.767051099146564,3.1371404952303146,0.8327677751261641,-2.460092767477281
-4.543034439974175,-3.4947636538660087,-4.811514149366077,-4.448477521646517,-1.1694187802246732,-0.8905794184106332,-1.323935180701711,-0.6053493467045047,0.020832564614751303,-3.5771688746667722,1.3685911592717812,1.606423946685581,-0.8127367364341687,2.9526534371273976,3.795073450588642,1.8273727474231172,2.1297266509045354,3.343253262471256,1.0950481349190113,1.364020406676709,0.8933706067329397,1.2710342598512019,1.1558588207631073,0.7713914747934919,0.8960766833010926,1.6923061190449755,1.8544190465820152,1.8008938539787873,1.8722115330852453,3.149730666958504,4.938846949610581,3.666156588759194,2.710578977210872,-1.2327075116217439
-6.389952581290331,-7.113549003632215,-4.882884159990813,-5.735877760601639,-1.7546045176581246,0.49580824130180756,1.659761645941894,0.7893446114412072,1.0292062455705306,2.013106131911797,-0.983202233492206,-1.7710177285486033,6.143870548911029,-2.9969495537325566,2.676045467305465,3.93260957915695,3.7477982121749407,1.6894453640487406,1.5088260236245543,1.1506949106379107,0.7361319428603526,1.064874513664667,1.2780828991807782,1.4095962220610039,1.3167122148462607,2.0787514608737823,1.6451866646762205,1.9740662956835882,2.33041866592133,4.767767372948539,4.717624439431816,4.911095006340217,4.577309821700851,0.04656695790530089
-5.298294258264631,-6.847897718991258,-5.3787749537772465,-5.402975910518224,-1.7952039094017231,-3.963956738932422,-4.814583734603061,-0.8056704347100748,0.11248367546355485,-4.441592258041671,-4.267464214989245,0.49754816513067607,2.247095767823434,4.119462279586053,-0.7482211256553817,1.8767591999377744,1.9470285665460942,2.015936923098267,1.3190637601886046,1.7879339385074642,1.7274379174268768,0.8576755843279997,0.9714941190637577,1.422023429099026,1.443203226586393,1.2945435844168363,2.5590245524145407,2.320877263137362,2.696401741576822,6.6198209378283455,5.983528030813351,6.063171298971756,6.186195973647835,1.1130172727338352
-7.76027977043613,-4.2938063647187334,-5.776382490804504,-3.942939416370984,-1.5876944852346353,-1.4291855957103192,-0.11756449309865123,-1.0319271059959405,-4.828305533823065,-3.1177222802873947,1.644046818015377,0.44633086580210807,1.9821311559349966,0.6606184417052285,2.93167433567661,2.463107556795599,0.3780817270646589,1.951503000714831,0.12947861816663972,1.6107400537921424,1.150724538766456,1.745801070192018,0.8603239497465351,1.4847264500902322,1.3748085926351898,1.8596404345640896,1.7951749344399985,2.275841731939215,2.218177192792827,6.7774007247690715,6.3689862033711755,6.904389257648239,8.737977675155859,2.2647416011983825
-3.9408854604909584,-5.858656051321563,-5.560065868140421,-4.706171682751391,-0.13433633743003046,-1.6117550059266952,-1.122150402615483,1.626418021226852,0.4081425138747995,-1.212712995699736,3.5761585864962226,2.385058196920256,-0.37340098900154056,2.623928352661612,2.936276474696549,-0.8319996932862179,1.7645862399643832,1.509389673710212,1.122135535745613,1.092645474851836,0.7237783224979283,1.8613435267871725,1.4711969908140863,1.0315751678975809,0.6870087897666735,1.5861806203085913,2.181482453001765,2.768774012143924,2.6037988759359796,7.979822542788821,7.788199545848923,8.011409663144473,10.506479642623102,12.367760912068707
-5.737564515961235,-6.82261000198345,-5.876205055830187,-5.090984860910194,-0.36926214846242295,-2.481323927135241,-3.4399734079547413,-0.7689053953895716,0.7010651409543673,-1.276486545468957,3.771149476973831,3.2219787363664323,1.7591354765771579,2.4361051659326782,0.8360735408780079,2.549100804296387,0.5185109322548396,0.4533534586258468,0.9365726126150185,0.4848753681763951,1.407413849245056,1.9200319635705911,1.1484479842907995,1.8888444765432328,1.2622293733241436,1.3729542544067088,1.9713524706728194,2.5959735733425378,2.7039768109896967,8.33169188926575,8.349768882297122,9.1208895672222,10.571000535678172,13.38924986754197
-7.294318189230717,-6.955886418875318,-6.8397115214874695,-5.377182668007897,0.07184740261876964,-0.1912083836184181,-2.7484045512160535,-1.3427384281490058,-3.437118137693578,2.5288752160903596,2.7800285340719997,2.9119858091881325,0.36198508793231593,2.1469188490081184,1.9208728399332082,1.884988517075487,5.299854982064783,1.4916962600657921,1.128853575995262,0.9352720993916692,0.9368913866691779,1.8045746268518192,1.463903885407682,1.3947155462940577,1.496934168943137,1.6302948524571215,2.251885280644429,1.9913921847359386,2.293831460333709,8.073827773343917,8.841804940089453,9.885322383593335,11.332750847117843,13.214642140807516
-8.288270861023316,-7.7923285556586155,-6.718669249973334,-6.187648855025139,-1.559998187820857,-1.4070313250250381,-0.7103669748676659,0.7093135590740116,-1.169565492729635,1.5537312722901109,-0.1832369141682539,1.2083724122021258,1.9974568918226425,-1.1532817234694364,2.833954467321578,0.5646172563285519,1.6502196932852053,0.8975391415884758,2.3345822368502063,1.152345747397945,0.8960312154664138,1.2533476934667183,1.2957403914040428,1.6467017426961676,1.2910776691896062,1.6150122706899248,2.1717307454553993,2.2261491830781415,2.091343995471676,2.8478771622895787,4.175304203063106,10.508689403742446,11.566922815653584,13.152535162649267
-8.945769540255542,-7.99279796808846,-7.20162441401717,-5.038477011196591,-0.43846148192464957,-1.8694039993913156,2.812060856721967,-1.424125505292871,-0.11373279863714197,1.5742045872600952,1.3224990239126029,3.8619970498783114,-0.4828030567460387,3.169672053432195,1.654077024477721,1.9574054236288592,1.6886901290088092,0.9566689834290496,1.0508609778946085,1.9083118961980854,0.8783484247923764,1.5394505344118008,1.4697284796721315,1.3947995669235407,2.0224711913202174,1.6641723640476098,2.5189846433250804,2.118899050323383,2.070794437651099,2.3061796729197273,2.736524165575679,3.3917777353591996,11.374181515974268,7.257603366840966
-8.021133584916376,-6.609916478303041,-5.404447119191174,-2.628835154746567,-1.5044798158507748,-1.6492404853581466,-1.563589914950131,2.399183995450512,-0.9737841982407618,2.6531540011654084,0.23201141835907338,2.462769871049123,1.8176475622701431,0.5514472900197913,1.1182134371878132,1.9309220428736942,1.4502974627561942,1.3091922946668826,1.844836812263572,1.322419738466712,1.5004575829963698,1.4049050347851695,1.770831457901184,1.731201859651609,1.5278315063844266,2.001876509590542,2.0682018538922113,2.4475118856905245,2.0607418876468437,3.2207692408425164,3.159589551828672,2.8840230511430036,9.445772215033974,11.969622486472957
-5.771064296938783,-4.563540893663552,-1.926242108916821,-1.857074351648519,-1.8220792489206659,-0.5965929020781972,-0.5909893126513438,-0.6426399418710826,1.6836853224409214,1.0226177583865392,4.2004017591579075,3.5424040493206954,0.8680355669856615,2.575751384582837,2.0821379010293164,1.9354437288429247,1.3806948398983057,0.8918341904184686,1.7157396160640717,1.5192086717006394,1.4493375260502837,1.3486987572123867,1.6013641927117277,1.6339789754988794,1.7588542667253642,1.4947039479050177,1.6371630686841374,2.372875554346569,3.2794397566007016,3.3422840932909073,2.6101480559672825,3.216406638491355,3.885908445969317,10.429470333424026
-5.275100746963551,-4.673181980034757,-2.470157933253712,-2.687048221598029,-1.200083307519712,0.559330222105426,-0.8794374932450761,0.09679201390019092,1.848613690882926,0.2695853441352895,-1.081290434009306,0.42117944003701896,2.265414112882512,1.934403780009295,1.9375415456345573,3.1071097325311974,1.335884662727396,1.5913759226539885,1.5499306198453817,2.5777060776477287,2.2475439800753807,2.060178357618671,1.8665154847195324,1.5798693517927593,1.9185735604657832,2.4831100444697225,3.087805346610805,4.9251016933594425,3.31669785234276,4.752098074550819,3.5256428376967195,4.179308359808688,8.243403906772796,9.531694584685097
-5.732147809004047,-3.9627995408340757,-2.9259832951697984,-1.737374373531364,-1.3576572282287305,-0.42865771330992253,-0.7091027140580735,2.085782335036313,2.0454385739998893,-0.8035823994560144,1.2482990607876607,-1.7806346266428257,2.3134019809824213,2.0701710758972727,1.3047960230316884,3.812581489956201,1.5412670262881587,0.9023534862085137,1.3488629923545798,1.9293693519623585,2.146635266147147,3.4958010944756257,3.921174942902904,1.7749592236443281,3.1955365026219087,2.9177910875232542,5.786071245441303,2.8497909841658116,2.316867233326581,3.1232451025530925,3.4500440677136104,2.4500349312872207,7.684566484017691,8.739955160171235
-4.857124594888515,-4.574968507198823,-3.8187016645692906,-2.917694412811709,-1.9090015389960857,-2.309902858517962,-1.13243305816287,1.106988651398207,0.043923934192870016,1.976136875588695,1.0292857059785638,0.8310416455492153,1.6218437883976276,1.9826617572055552,2.686612616254603,2.71790379811582,1.1296614803202998,0.8238202448075703,1.2926680429790165,1.7432933037922533,4.980448428098387,5.168947029650505,0.8487724775993895,1.8950529908867795,2.1581642980020876,2.774116085967269,3.4936631205490065,2.513692317062196,2.5936622706644883,2.936703069557929,2.6534922375662253,6.16461443860271,7.586852455044652,8.308152034101743
