script/wind350m.json
{"header": {"parameterCategory": 2, "parameterNumber": 3, "lo1": 3.000054539987559, "la1": 64.9999836372058, "dx": 0.5, "dy": 0.25, "nx": 34, "ny": 52, "refTime": "2026-04-09T23:00:00.000Z"}, "data":
[rows 25 to 49 of 52, columns 0 to 33 of 34]
11.502290104260783,19.553786090415976,22.38112796797839,22.612869342208224,20.65037992579953,19.89578359055823,18.55755607045093,12.455308054174955,12.307098072856437,9.633947603585106,12.858593243817838,9.817358069437313,11.000990383467594,14.389343417261218,13.285486341795528,10.756186285303656,10.045684645456229,7.753014703177006,7.966167402143147,11.674954889442244,14.933080091364873,13.292144922279912,11.953704426821732,11.365303418820753,10.22674255066507,8.367626492281968,8.470187426893864,6.771065811533459,5.171840501864439,4.376522988266503,5.180479675775267,5.104144596839855,4.330556555212129,3.1178612428271446
6.3794696195982565,14.15450154359543,20.62018102418208,20.744056016593127,19.46774093089187,18.169464996139855,12.298475172124235,11.193238080670309,7.941953554821814,8.307463939132916,10.64674682845016,9.76679879816308,12.178638599859514,14.51614941823397,14.797154644669947,13.174973775593996,11.173190053176741,8.569109606002298,8.250867475924794,15.735691258987208,15.869804205142433,13.06154971620511,10.860111254464398,9.045071985734262,9.349776958390374,8.070192787722211,7.084658533118331,5.617018674590625,4.8440493669226,5.0252893536063485,5.369266421097529,5.089071299905765,3.379187402081653,2.466365661889764
4.157671051500613,3.6066886980378,19.719053485144904,20.134628934835977,18.101055838555805,15.20973949014189,12.963275584656985,10.36078609941337,11.176878330451828,8.808219853437642,9.507769489225106,13.198972027567113,14.417001212330549,14.902277958770943,14.643840556522761,12.1300721751637,13.097281945548312,10.436740596086393,9.900049013787728,12.67750933852701,14.098805232392088,12.066139914776423,10.0588607099688,8.516604226455053,10.520414715872256,8.936990212349277,7.6012802914081545,6.36572492608887,5.646173487645328,6.3523594695228685,6.1830387524542925,4.586011157942195,4.034759724983811,2.847049052234794
1.218934456508695,0.16810565749744288,20.179803467748272,20.830976662700238,19.072270457873564,14.977447235113457,14.415452074341106,13.87192623899276,11.66547275886282,11.487785102581546,14.786258685676087,16.772762962067528,15.172298659261932,14.500026987089981,14.64512870958052,13.494199584171731,13.35520242846555,11.778266967944708,12.360440916790187,10.802065574914476,12.645206869246481,12.825346599491345,9.790694013310185,10.723551565564074,9.32409804665222,8.884316459982317,7.132648125920396,6.041800955766094,6.320969015904134,7.181828117295974,6.3617839424840215,6.225310519666322,6.554761758578095,5.255765202185698
1.8893117427571644,3.108895137236258,7.758312188360053,21.48569065704184,19.832817855322165,17.819417062364646,15.213438767759651,13.765745498772095,15.193105240992056,13.327487990993676,15.575311725878423,18.417531935522636,16.319730950000725,15.082125696697048,15.24983603500723,14.485900491054995,13.668469103775221,11.629785423434821,14.485942630582713,12.675668836110537,10.823730295786973,11.326382955163998,11.349952536646997,9.810035096919735,8.045817434758844,7.818033733668081,7.153749172898323,5.504351893670029,6.772699656537533,7.766325569418674,7.189463985452672,7.085728537278735,5.748798033846824,5.109917565584783
3.9065732420581787,1.5199093320253017,6.745237705763751,21.10080712896151,20.829771328215184,19.53378349978927,16.757408123142067,14.682345344736916,16.70857288948612,14.352575206453343,16.397235789377532,17.411051101203828,16.87497624610998,15.536777668307192,15.03642313981285,15.44240335156042,14.240019470216923,12.678225442489245,13.927051556265987,12.57204133870257,11.750536781680674,9.57472749998187,9.699863187304494,8.13436796961413,7.063571366048668,7.351601057511643,5.488369822740622,5.933198899139121,7.655135056313066,7.5014504603103775,7.320956596590504,7.190572360038827,5.89283155034689,5.108854559269471
1.2852698243578822,1.0551675467972836,4.4581443887622045,20.666313466805185,21.608535792426256,20.938082804923546,19.529424868074553,19.11080653791886,16.674464991845603,16.80489209440121,14.58736388107855,16.04976296293957,15.734763153589084,15.174165088238873,15.246429308454939,15.474692203059451,14.02129860061338,13.738775658165197,14.610512350423418,12.880567603872692,10.99117189928313,8.044408153819017,8.859906583444232,7.14783901951335,6.563817931296183,6.306757764528558,5.6043216248751255,5.4748625856039395,7.199871654244444,7.560954924416654,7.75537121325071,6.59853183398449,5.05153147974021,4.522461017293855
0.8669791104325157,1.5588432459925345,-1.068825749289645,16.783932354072622,20.971188215309986,21.6331853249029,20.52597726766082,19.032947095909467,18.191085676268848,14.351198586092625,14.29848412280796,12.729072256420261,13.994668175062163,15.653766545405574,15.187834131937814,15.900059889374006,14.976564273658266,14.769150145041815,11.841029367045408,11.588525361169255,10.863158750277009,8.363320856638085,8.092475194932511,5.605628965441091,5.179354535228857,5.731481464291911,4.928285094542481,5.183633342243247,7.144320804333555,7.445792551912771,6.663891190784025,5.8183849605316595,5.044729646509679,3.985510135052134
-3.1824994896837024,-1.3180134994798056,-2.6676131084259915,10.755450737068736,21.86218124279071,21.027607667280872,20.183995317022575,18.82308993050195,17.095290657990052,15.183430060004186,14.924821052052744,11.70412063180057,13.859235027117714,14.280029690717878,13.781635904793298,14.88183806901119,15.099836052627733,14.563826176285929,12.644461945360698,11.963905056588075,10.284937857853048,8.438005907516114,6.20372673862029,5.916856595455158,4.913280262706571,4.871920082811781,4.265660605748321,3.946352665667046,3.941246726485612,6.932472512144698,6.478263579108795,5.784653176492487,4.913388912317825,3.4621457464536003
-2.128050562554039,-3.233957899620291,-4.094564271269859,-1.4523196702691679,21.39889416893704,20.93425374104487,19.428989230761207,19.87104190102535,17.819756981111215,15.221789805227644,13.236103627925793,12.628700402742172,13.005407552543705,13.40979794551224,13.842002194459974,13.381805921397117,14.911048267117874,13.73973498230765,14.428596087081583,11.079164591117927,10.535727926874927,8.33947342165459,6.336390412032552,5.148530452385614,5.579287693868192,3.4107597492451376,2.9299167633156085,1.867110386655781,7.3714978250659815,5.87106807874889,6.604720954669296,5.624666608700004,4.155909827278699,2.743032059440846
-2.691541964397773,-3.6063719031075347,-4.340044746750768,-6.994724200330325,19.865263949524703,19.8464333246653,19.451141048674735,19.37702649067287,17.19209406353511,16.253857261761695,13.968762796776266,12.32011411413503,13.38057052995826,13.288130751116766,13.528162244087437,13.426790601242564,13.365698254025009,13.59663627609215,13.113213742519411,11.416144166363743,9.325266185331332,7.989697866752923,5.650625306124093,5.255390316924143,3.988600205895714,2.9916683215890263,1.8787735988277472,1.8109820839213,6.1024233366370675,6.425126722563353,6.657004554703028,6.114634498690615,3.5115817452739613,2.506530827912999
-2.1461760004970567,-3.3242974212451433,-3.8835103901906876,-1.5681309679403435,19.096084838816196,19.831791886153496,19.80802014631714,18.156761206567715,18.949926920885243,16.814888778421867,13.461699611063057,11.891044263734575,11.968007458783191,12.145068500320352,13.051685899575025,14.07952759959574,13.778298023339737,12.864051800771264,10.945960853388303,11.158537946658383,9.670452963683719,6.842042840278256,5.0003304965387025,3.235391415797169,2.6478341751537564,2.1138460292141024,2.3290337069474005,4.386079080095914,5.718529281705805,5.8950380154425925,6.592925198484341,5.9516444089130545,3.5584298352471286,1.806287161832787
-3.5062093069425813,-4.357651409145338,-7.122606007265187,-4.198696581444145,7.979495530614946,20.981795658647872,20.450501655352657,20.017542180999985,19.355351375383073,17.533885919434574,15.299993894546407,13.31357518657577,12.55310536757679,11.268379917742,11.920733689737109,13.547750911147844,15.37541533880181,11.841625237948431,10.611446384590081,8.54610502680059,9.371408461313187,7.836281625927919,3.898369316091287,3.3161429980177175,2.9055523781259414,2.1371929534607492,2.5339197361972214,4.4644794205739755,4.7903594714908895,5.233272479161672,6.2230528679408765,4.710568535415796,2.9133699794522663,2.885065475606418
-3.5991373012543133,-6.576982814095142,-7.371700459686674,-1.666644066560366,0.28527290620779383,20.186472029165742,22.943471078558744,20.59626927443934,19.631918303578814,19.199438587514166,16.116229878251136,12.371218962637148,11.683833960670635,10.75309156709804,12.857148383763324,12.053406194355988,13.116454304738486,12.223761710460334,9.988717561996326,9.139819266781778,9.415921429752448,6.736720488825164,4.239209240306693,3.256316380247898,3.1959309314315174,2.626543315674254,3.537210815272103,3.8186697248629775,4.39290531919146,4.2296837243496075,5.324327100201985,4.9888157629045216,3.294203611210995,3.563091765954351
-6.447245850307422,-7.883719106427779,-8.24340263970895,-4.0306056662717396,-5.3732818559871545,18.05800753747829,22.298159598534703,22.59245162396665,20.839185379709583,23.20170141128085,17.767942681733903,13.822436832142957,11.125569068895354,12.830820788820262,12.804493417205869,12.221075732057248,11.095914521163744,11.579817831377968,9.30230382653964,8.588017119910177,7.004601994744323,5.705764157119023,4.742220164524589,3.6438699956520684,3.5684744966629443,3.333696868004075,2.8595879545958205,3.6904006380513867,3.4656640413291027,3.562759386185046,4.956716261031753,4.458554703527544,4.087662001164336,3.7471641218815663
-5.338390140619201,-4.337120993768004,-7.152133610114342,-6.274918836921551,-7.327199322810209,11.726707148493793,22.326380727745075,23.384007144894124,23.4844704449435,22.696728137112068,19.84762784823688,13.037311442560258,11.545812888243189,12.91095393000507,11.830988408578577,10.747928877049894,11.68897323408821,11.125748250812787,10.049480205686315,8.476461907251077,7.174140113391393,5.724170333284041,4.585539270145336,3.9927949634734925,2.5854399814241615,4.478727211482457,2.0748122398670072,2.2456513753443272,3.562384486742183,3.5090416192679452,4.763647309321441,4.320161201747518,3.820999703245593,2.1716087968354643
-3.986378845067886,-6.232390978596571,-6.985819934840639,-6.705992121267723,-4.260528721006442,-1.4227179116526476,19.957704463559214,23.557819433379674,20.381968171616602,18.64491440794658,13.991605288377047,11.728931034247069,11.028764977535177,14.736885902851094,13.618145127875733,12.683654071137116,10.269370894252093,11.007357240493645,10.018557891643292,9.128176892812347,6.581828837551348,6.112321557878271,4.570526621048731,3.91325113952012,3.3020678490595583,4.258193969843076,1.940981162461111,1.8346356838108957,2.7020994058659973,3.320255938766574,4.818794324376464,5.190985385420549,4.041457952210018,3.0430933203463786
-5.151508980799319,-7.507370802242519,-7.747477962726268,-7.109962171550079,-6.80984236825387,-8.190125944809024,15.467927902826796,18.271683338622182,19.419141500771357,16.300594072009932,16.200984649291648,13.854794926063487,15.302671497466696,10.381769405988184,12.749040214244026,14.944107241552187,12.972322962050459,11.57206489670135,10.881951437393079,9.478611936085862,6.517453968787092,5.275058584294177,4.330570535264997,3.4891701380642233,3.6337774577886144,3.7684962820986225,2.9711088719455736,2.7417437368956508,2.717199373194783,3.7500443217386246,3.7730848190056525,2.9924046526869374,3.2752041742434246,2.2859802212915823
-6.527983418903652,-8.333038772476371,-9.123822504534282,-6.35747636387603,-8.389864147568941,-8.230427938135817,5.299057614031568,15.064760103888407,16.360657043254808,17.80676090255922,14.464751630339368,13.738779644270302,12.664470953228479,13.302162974407102,13.48050048541342,13.901313350084378,13.193101548079413,11.633504162652702,9.586585217437,8.761820093030142,4.15323975117344,4.1269198338280075,4.193238159360611,2.9478126953560086,4.0294152639402485,3.6180771248919705,2.472373441404096,2.419740038338684,2.9829412298586457,3.890276235968767,2.384428333184729,1.7176789989694683,2.9456485859962545,2.181106757587015
-7.274760856431078,-7.493119577468299,-8.587711548340941,-6.922352343248105,-9.917281150995622,-9.068247727748341,3.283453169323138,15.52205755873345,17.76909200449807,17.224927800370804,14.863270669329626,14.641208201964378,14.006331528324367,10.324144371140402,12.011315546287184,15.97424349811929,14.431569115180878,11.406339516728602,9.930844224017335,8.260256081712361,6.70441675897621,6.146761571400033,4.271498019142267,4.834466719909389,4.767617033761636,4.522525541615278,3.4518956642984953,3.6310985561542686,3.3881404881797215,3.281085981635245,2.547049668908717,2.76204266378498,1.8763709895055538,2.117979860697412
-7.2848529073628345,-8.068424409915316,-8.826932834408286,-7.099481473353652,-9.332637933247101,-8.781236152905151,-0.0870959259423168,15.925779201784867,18.558875831765455,16.356112606090917,15.31877295663072,12.49037827099013,10.985822434532686,11.131063533204218,11.298349959787483,15.154464792828296,13.989318369102394,12.112555079513907,9.890515080421242,8.888756733973702,7.9868916132443575,8.184918693786342,6.584575238332751,6.336632253509294,6.024826607596525,4.802601608950042,4.391507879575772,4.026972445248431,2.5795514575263163,2.138179407324025,1.7178072047742472,1.7570207477421655,1.4699109666772943,2.4697435414501214
-7.815768209083979,-8.430976874265436,-8.554579106641937,-6.341062581516592,-8.2875422330376,-8.282005489888865,-0.46862875554735084,15.66796499116837,17.17643280642656,12.64884925569099,12.381854774011918,11.775834618113183,11.219485998002117,10.200636307184265,10.111411287116459,11.852347569955155,13.80934926223982,11.76995508595312,9.075383203598136,8.51567696647302,7.982982060703903,8.796947136288447,7.620648362617279,7.4836909732411,5.976418664973123,4.958406829000759,4.421160933061325,3.3089571575842074,2.87109943075642,2.3648592671332698,1.2429086008799277,1.2807534477218252,1.4227398074559843,1.3985047380058664
-8.389004926349509,-8.024877733134462,-8.180741644220829,-7.2090781185157065,-8.146518308586312,-10.341922087938643,-0.1749561423381857,13.378218585613896,12.402167446200787,14.524466560307292,11.377512283046446,11.82184053639425,11.766943695454438,11.518345158428788,11.186601731150152,12.224985712174401,13.415870093602086,11.408736872375934,8.123634784477272,7.934302946673712,7.11322438004764,8.528915907172738,7.855870413044223,6.849345272832183,5.588107884611314,4.463368589597761,3.0725298483769614,3.3210942304230144,3.2473340845121212,1.9450662066479332,1.8321076132678058,1.399802539692664,2.066842479218111,1.5915091771448604
-9.23740450574179,-9.561568054857915,-9.280818369310898,-7.869872570834351,-8.087379860605893,-9.53433086391083,-2.4350490318286475,10.377152860548792,12.600804847205982,15.336680726632435,12.351835499541021,12.266149255284038,12.828660376378798,12.292687485417957,9.651882516762262,12.940825101512464,12.290315518618115,10.262225282976011,7.864672633221371,6.599277637466966,6.365196911142904,6.1772518464911315,8.300955449000801,6.341778251776922,4.70197059644794,3.83805837786298,2.335035830711572,1.9035133875816448,2.428563576207512,3.151920413021138,2.5452983450155893,2.3046417598367146,1.9718382932333698,1.6838887363010868
-10.50964050087275,-12.19812618537936,-10.13060300128628,-9.018453219947498,-8.554415738486824,-10.651120245394145,-2.5971120051201817,6.052592127668862,9.74956695408127,10.996694105343877,12.51672090383721,13.37556549686256,13.461798262399899,11.348776352906873,12.000876439951417,12.602260887808598,12.969446556540355,9.844396420405076,8.005285256494368,6.105567040492921,5.80285724393273,5.917749562009335,7.554434128166281,6.417766655762615,5.225076927633145,2.8907958298434004,2.1791802424439832,1.6563873799974111,1.7446144215468238,2.108730416045831,1.980673690740673,2.3772510079150875,2.273069488953234,1.2051205784331773
