script/wind350m.json
{"header": {"parameterCategory": 2, "parameterNumber": 3, "lo1": 3.000054539987559, "la1": 64.9999836372058, "dx": 0.5, "dy": 0.25, "nx": 34, "ny": 52, "refTime": "2025-12-06T14:00:00.000Z"}, "data":
[rows 25 to 49 of 52, columns 0 to 33 of 34]
13.326242153055624,13.383732205927291,13.44607477779737,15.096294085501514,12.374508757221125,10.151217989894459,13.276477447585687,8.221517147823679,8.453353015703236,3.5500004838118486,4.6027396464882955,0.9755900438426507,0.9235875895117757,6.219897342606637,7.213154659106428,6.813499459082708,7.059391157885261,6.1694171954642,4.113106184773013,2.3795929752151364,2.426013079582246,1.8694684816209066,0.27723047721686617,0.20461437495895646,0.6670443230977633,-0.06184870857451971,1.5394399991606535,1.6785454223879837,2.5214524332207944,3.5608722849243706,6.012132861839031,6.781110023811611,8.70808146521605,10.168487855795432
15.19105951945577,13.352729069522757,12.974439036446366,12.67464406920665,14.122011154234746,13.19495478029294,7.855371539540342,5.922298649550974,3.558203093391384,5.050668842110335,4.806673415757846,4.232055637741998,4.674976290110149,5.7080565948156385,5.65621310517684,6.76092450677725,7.648632087991289,6.6579415966590565,5.68414922665568,5.00909339181853,3.371735827053054,3.0604238283068237,0.5766176360959288,0.579225177952396,0.16063339852371072,-0.5819452879845332,0.7547392483031169,0.3399082779835877,2.1242433753933647,3.839338795036296,6.199906821430095,6.6573691306667575,9.978212873867058,7.453661830730085
15.089082436901215,14.695270720812108,14.503462336020426,12.816569394132875,12.155877474416004,12.097263783135567,10.840854332745232,5.607190581236907,5.598145437358352,5.214680696550246,4.979983982021783,5.550756767132458,7.204092338537741,6.5206311217149455,6.08480185194124,7.8607470319412025,7.938267301078323,8.480323542467843,7.315369813155276,6.58369694689732,5.360348964698048,5.992890894172938,4.747119100047223,4.377469302973393,2.2126140998044295,2.5503931205267634,2.46356045586441,2.431019415184283,3.9124254997182333,4.107119670974204,6.7242360840747954,8.406915259957461,9.292172298922752,6.3820811166805065
14.887515215384171,15.23515143957536,14.169192619177846,14.027507255274616,12.104550731571884,11.774948203957408,10.187561730379203,7.865237553665311,5.816456545674123,5.698443600281728,6.107189879505892,6.372637953145184,6.99603147656732,7.643253686640261,8.354630749625315,8.281096111862349,9.02727409320893,8.47590143727167,4.821270281111374,6.337603096372468,6.527777605458003,5.827223624734808,5.519988839753734,4.58708016163692,3.5879665725423924,3.008818231899459,3.8531139925859135,3.9567845779030657,3.7494522652333604,5.754957381591692,8.440532135177738,8.859059989446637,6.377076265945957,7.127523733736916
14.389376420608187,14.671221071615589,14.61438882472598,14.494338264671976,13.427713090115725,11.747156993917947,11.365404525405136,10.485890206181358,9.100391904853463,6.681471654961067,6.860099907634166,7.463476293589846,7.845092746405701,7.718969157078521,8.444848088655831,9.686034148563081,8.152145655707718,9.301168736872617,7.744906269226996,7.1044589681929935,6.636187360882764,7.501141353703177,6.101592320542838,5.715933134894252,5.783710642195024,4.403521606696343,3.3821345967237395,3.5998497707708577,4.414515547910717,8.429544436635572,9.92775887403825,5.693070322938652,6.713778861832998,7.496321564406621
14.104734581568929,13.846761805542597,13.927226400023812,13.836957698656159,14.200247655335568,13.664574047847218,12.160849070352862,11.346216393476842,10.576480756221743,9.487736317239012,7.854256230469799,7.869962849439382,8.473373130185067,8.152406415477003,9.320362537199452,9.832753942132003,8.90204838529889,9.339435123489746,8.530408356542237,7.176348610525509,5.577823569788291,6.38397577631331,7.20816893445432,5.678559143013932,5.8968506061851285,5.073617905109258,5.030124325262737,3.6652897736551595,6.561583070576934,7.126329108986931,7.488315918029885,6.157146161659649,6.899394131441138,7.706680428856671
14.623907291794174,13.186628764333667,14.02070644274612,13.623040287559038,13.694575455218674,13.925607108997951,13.449218367485978,13.310744279314427,11.919154846209011,10.839435746568725,9.134736863097746,9.214776767958536,8.839624879504072,9.24586171573782,8.66266182609594,9.463163209593423,9.126851305547202,9.747389702404206,9.750798965097294,7.166057641022341,6.356947718195293,5.434846210810486,6.605736940378436,6.023788864685564,6.385536278417654,5.175291016086719,5.3648303701389635,4.86294378445121,6.224500160545338,6.351528637671466,6.303672883066985,4.496761246805973,7.404417552956021,6.787828270749368
15.168979898251724,14.561831684503387,13.449708720927173,13.07144656365826,13.941511603063708,15.107981942200576,14.127313118702983,13.027549993711288,13.254933227164338,10.457370977611808,9.442669804327073,8.757408070406962,8.409096725982788,8.20219580528869,8.840307485738036,9.523542442854682,9.545871099973997,10.413948792558996,11.58170977952897,8.461133961129486,6.384076340261992,7.704614282564161,6.558098959513034,5.765566553744473,6.922278379924199,5.810720980635641,5.432828467317079,6.072383349101606,5.7597557876412475,6.067517847086668,6.521383046768133,6.729316520740361,6.884607440803544,6.972340419845381
15.231055734975966,14.532465438017976,13.913489168694891,13.323899665890446,13.587496150424608,13.719002102660658,14.854774006893718,13.614486490694901,12.388649226379249,10.116640382589942,8.49610880649445,8.98496279581176,9.186569835067816,8.927469854712104,8.332313236495159,7.722842291842157,8.977908053886846,10.610968113840887,10.77157719747494,9.241248639603214,8.59980525445643,7.715702486656675,6.177311196085262,6.45769354635605,7.053874214121289,6.402727401614042,5.78038261703316,6.948066548161557,6.618718907061497,6.348203366935238,6.396293674509773,5.721999413156988,6.213728751334691,6.035068216604559
14.895933168511585,14.603540966822301,13.61914457481139,13.325225633526252,13.259741234680881,13.398996682782895,13.92006102640839,14.587208591694203,12.431753528337614,11.21196352836384,9.55749513363821,8.102870153139243,8.581830230434951,9.018293749644178,10.19376213255582,10.033423090378417,8.567472453886824,9.375036879749368,9.743217457866436,8.458798886014826,6.964668377879756,6.710255667932995,7.369512779874278,7.594096747024569,7.476081013835884,7.211441494632787,6.521794233346897,6.684953542716514,5.98980891881879,6.073800779278072,5.432720347719123,6.927347922981334,5.732044352331226,5.943095221974213
12.925610758679403,13.29494605179933,15.024138585456072,13.469491689229105,12.837018197832965,13.558160171010288,14.302777618909891,15.322131973331391,13.635460049153107,11.861195166791326,11.461613934004685,9.108470436231581,7.93638495633673,8.097897055776622,9.86150839836722,9.356980150544553,7.650293877279322,8.088279905958132,7.2938777306691085,8.184271426336592,6.564272767001861,5.6119415443941385,6.359291255045071,7.518776387204262,7.165392586669055,6.887414532671542,6.817664997818007,6.722320693153365,6.639457607355617,6.300578577513167,6.046276536655448,6.209767893519719,4.825424272472354,5.66820163240723
12.03520978470945,15.833149857554538,15.653879851254063,14.440104533256791,13.61468763219797,13.259653118976109,13.75233417834713,14.403725136882237,14.13148103602389,11.960999743254431,11.444483172452175,10.705121716511938,8.374300516559842,7.3797187974882155,8.327673353098332,9.053369460103005,7.865725387377034,7.704613173725965,8.254686306155904,8.773401143680278,7.429819745839542,7.021588670279608,5.921920391423366,7.509272254683957,6.745738644353378,7.28096409160489,7.114062390829639,6.897583560151206,6.365341109939987,6.1399229258517565,6.594195490983803,4.883397025663106,4.5542730879305156,5.21147513863417
12.226930822788537,14.665585601237744,16.29120738516599,15.470130506586328,14.309121907291418,12.778860199325004,13.033646967776624,13.6898385477255,14.525048778388832,13.089485904032939,9.959189335764066,9.357505763094366,8.466620253927172,7.964100495040554,8.392319295934705,9.644351466581801,8.133071261398218,8.011358879791318,8.373059690906807,7.5368735629828025,7.553890851445592,8.001545165679872,6.903710548027735,7.978890125366683,6.848543017618735,7.476348903018208,7.409394534894821,6.917553009235888,6.593010671483702,5.748131264447964,5.784925543887642,4.986568087494717,4.383212788563715,5.843322933378747
12.522487594167192,12.711443697572017,16.344743450997893,15.774329326927282,14.17301356964993,12.878834798915943,12.681383911458378,13.37997145922398,13.791747208697796,13.376511044849277,10.915540328751648,10.941898777600347,9.010972468289788,9.74982226760675,9.293132007709042,9.490667928979912,10.41388333405267,8.077075127395512,8.040891839471945,9.246442434975728,8.304265415718891,7.936637881987249,8.167609630699769,8.487476697287214,6.985911764982822,7.840327622668961,7.737712463127317,7.223059974456482,6.039543292758719,5.538532465832336,5.374434328739051,5.245382824039085,6.384652750454272,7.0509706942177885
13.078050436089512,11.510807667648336,13.50787439597867,15.654061051564614,14.307965396417453,13.603474590733189,12.696757622854976,12.528068558895361,12.929839750054635,13.604313466653648,11.302543766623494,12.00296917199608,9.821893635455524,10.681098721014783,9.885976259549452,9.791392517413893,9.205082519087728,9.069517763867465,8.610821608780121,9.26578623533699,8.107653837154757,9.627842263677373,8.837479562498153,8.107033678530113,6.368402786206409,7.482989664783011,7.862269420807174,7.138569834975771,5.916305688490338,5.468001333196472,5.191217937082574,5.897060113328444,7.170097290870043,7.829811679613754
12.69448888249193,12.39839863535265,14.78121450612725,16.497871210021053,14.736885485756861,13.861536037930607,13.149357509508208,12.405769834512707,12.156317296416765,12.888060682985092,12.55410213856291,11.910275996983689,10.72100563903215,12.190349485614492,9.41146607313414,10.427610732704036,12.118843429954378,11.074300516814478,10.932886453381197,10.56494525214149,9.879930259962578,11.350933929676833,10.651802397771252,7.620277547097034,6.6482963814075875,7.2873090023002485,7.628165759365364,6.758075442175358,5.739294128511705,5.277994798105591,4.732817561584026,5.879943369792497,7.660760942428382,9.107289186137812
12.751506735609166,11.911541495186498,11.29853699896409,16.28527121330914,15.499572471482862,13.954347047979782,13.404664750822258,12.67117989179108,11.934591866415525,12.012232553588078,13.26258312796457,14.067059113051299,11.228042648839287,13.182000332123964,12.950134913251091,12.703413967013942,12.550474578039879,7.905051266409607,10.37140066290642,10.637395858362826,11.630037222230907,11.81378494248027,11.613573994351968,8.856886630495445,7.411541633549775,7.366533515522211,7.759277064664159,6.0923426335337,5.611277854695869,5.745704805546701,5.0986521637072,5.8494250752895445,10.000075758306627,9.136239456997696
12.467440343761936,12.53794538078749,11.465560971725642,17.015478851610972,15.826454636539518,14.79536540813754,13.81018017182161,13.319460429604074,12.981493401653381,12.306254680344082,12.468688944696888,13.83670151055578,13.658568408842811,13.105744777507322,14.26881790156188,13.241414668873245,11.946146132968902,9.830263191480094,8.115682957625813,11.748626766045223,10.501932596785863,11.474229187241022,13.026348144989026,10.275285958242389,8.436344012158884,7.961555906372533,7.450531071519519,6.578363617350628,5.73534882832059,5.799889410834675,8.045346458994914,6.352010414528223,10.843817023758067,8.473906848448195
12.475527043644954,11.74802393951514,11.517724015095101,15.793913019387162,16.11322986216889,15.997930880567017,14.764412683081858,14.03129384484073,14.204050485189237,13.39680994228031,13.1088274458573,13.446782253593767,13.986341625039133,12.764414554008232,13.507194929716594,13.514261445872881,14.793978688900498,11.569438021997591,10.236668905329196,10.635135233498339,11.641316826389573,13.050623264523244,13.231710611042237,9.82418431224475,8.879979108100684,7.548839970455697,7.809745089160734,7.146047402201734,6.3928550234430945,6.123263483043563,8.215329159397436,8.986688566612486,8.713781857194327,9.671475017861036
13.39898241827816,11.461816609190642,9.738065520514658,14.984180000890932,16.139298108504796,15.741937111570142,15.120503666758408,14.093853168966731,15.057332820688691,14.894761876785113,13.73474338852684,14.123991182226407,13.225718226886283,12.980996667132873,13.806893106069452,15.033740677614118,14.218128411926907,13.036212237594595,9.874680572798816,11.250652804714182,11.41063946285959,14.32584790319718,12.816180567234916,10.761046566276068,8.860241135206683,7.990829488302951,7.103000606108092,6.643705730859942,6.413288212245497,6.106459322593041,8.656086348356258,8.720420008108457,7.578272893878001,8.988268320835646
13.563881935689551,9.887538425124701,9.665855808470985,13.123710279847563,16.698801045143174,15.94001475681023,15.172844149794596,14.952398092768878,15.108634736317173,14.232342860738825,14.056796212409868,14.620876532821024,13.448221814816725,12.796091544368787,12.743332964731403,14.374354727555673,14.497590231876329,13.65646356680882,9.74857498489517,11.608116030634585,14.396756916770995,13.684680724374182,10.409911048418707,10.009524068833601,8.55972842238845,8.141838107937128,9.009296902632567,6.109752069111677,5.716583576290684,7.2931852272023505,8.542391385888596,8.631500695435086,7.925889621678353,7.97954593874252
13.532687596139061,11.84165702310511,10.237878192945612,15.027653303759932,17.62532606050091,17.046012734674385,14.692686162986744,13.783277445012963,14.768620076092356,13.182355951087969,13.734848550324298,14.103761777858722,14.013616178927519,13.145208290428908,11.480296990431313,12.45829023241636,14.496236637130254,12.077678302826634,12.474675484838727,11.942192610818573,14.170406673239313,15.213586186619988,11.521213595947982,10.330860901635472,9.335020835459577,9.833929381436924,7.534676401665955,5.090678719130451,9.384181961854525,7.123201871364267,7.216231013740163,6.851873490911812,8.092025260984483,9.31187530994895
12.328508229572952,12.290232239906064,9.458054513494448,13.605695697265995,15.734362002213604,16.067178035229087,15.480948142041598,15.218438387472608,14.208681614819067,12.637486839395034,13.516817347011147,13.713238969656553,13.871484097700131,13.342376442520168,12.347918780262514,14.303897925651944,12.158608824678277,12.602681160575344,13.532967898580152,13.446870858380796,14.218467391293819,13.680751895417943,11.687333488560489,9.382967249678497,9.546599420201732,8.927920435621592,6.122300655203736,9.006554952046777,6.995947021743255,5.567678942962524,6.0152442009831475,5.45266245583776,9.031862485476637,9.463400159157784
11.819372841745617,12.014185941781411,10.658820534344088,16.529581675341124,14.73646730436164,16.50783807289588,16.07247648901002,14.72902705192997,13.812799094924468,13.28169724297329,13.145128999740846,13.70771063796601,12.903674276659913,13.759332066217512,11.524533107590912,12.106736011159866,11.329861853234794,12.319889771260867,11.261389165970142,11.52850500255144,12.68810107555097,13.149749038463751,11.645509773460624,10.645898956807287,9.487018191348003,11.081483519331046,8.568223180268657,8.649080087531276,5.913022229694345,5.8081040990302695,5.160432472115723,5.79423511853036,8.46511754636028,9.06814551470494
11.507833742375261,11.653862157336992,13.86534393715723,16.5345285365831,14.328427771605483,15.926338648402602,15.506067998082065,15.343063348484986,14.905313068726116,13.000534393945326,11.925036166425118,13.076769124267436,12.854912871598707,12.282322740364604,11.084908869224535,10.569060135404095,11.690027216758292,13.272461723980655,13.979315909104141,11.653159340657474,12.47182076015183,11.436048771489805,11.856153803146253,10.307863634738986,9.749300607884672,8.77112985033957,9.226722857334506,6.20343790398625,5.388249278783538,5.580429743393523,4.839493398506052,6.428280909494072,9.28998812105552,9.415384454532578
