script/wind10m.json
{"header": {"parameterCategory": 2, "parameterNumber": 3, "lo1": 6.000027932988019, "la1": 58.9999434238085, "dx": 0.5, "dy": 0.25, "nx": 22, "ny": 24, "refTime": "2024-07-11T11:00:00.000Z"}, "data":
[rows 0 to 23 of 24, columns 0 to 21 of 22]
-0.009059725961223463,6.62520371991235,3.995778726747161,1.0975677061768583,1.1431947791486294,1.5756250736224986,1.4252830948784478,1.6275812530027134,2.0408850078405534,2.1316459066264954,0.8239374785945358,0.9739919447964579,0.5367473889142593,0.22524392290181586,2.545561151672766,3.374241952233836,0.41312553897255405,0.07741329727589763,-0.35749647115463995,-0.5857413916036314,-0.4001247305539216,-0.07338371988080385
2.7467928577575154,2.13418842188545,1.8648920854470667,1.3314813546953326,1.2456250016745296,1.6264010948314453,1.7775307034014576,3.637467582638001,1.2976968812330867,0.08120878585097717,-1.989245248769505,0.5810059448010569,1.165240733595473,0.3488903058145377,-1.9802991844040068,-2.019447597203769,0.132276776161933,-0.5733403488827197,0.8250074491559067,-0.1282435968142657,-0.3425778542093451,-0.1534690990405064
2.1374700794191637,1.9172929905690106,1.520514268856095,0.6159188937874819,1.4813911900397403,1.93872826177715,5.4489593851475835,2.8508198826531954,1.9488932490255502,4.055192005378504,3.9332557494032847,1.7561990693650948,0.6034991358290056,-1.9641169530733584,-1.2116111065565858,-0.11501852200076776,-0.33411526698033933,4.339739568066586,0.822099621646269,0.08370071169145601,0.9041149071031781,0.3513455872652081
4.35104986036537,2.5647838048152587,1.926752185691741,1.6448341748449806,1.1019939965489063,2.921798573004419,2.1858532405175954,1.8716090444208475,1.9225041751839949,2.6227728885725816,1.6510146030158512,1.1104614078605197,0.5582008307132543,0.6646353138805713,1.297028371820724,-0.3886053448943737,0.725232260184702,2.70609897247559,-0.008199533650252137,-0.6526504865747067,-0.43349689657743035,-0.08467701286190024
5.413426905354074,4.991047535997908,2.8035040821246846,1.606372176196861,3.5735002824849165,3.808778297580653,1.5474835363491422,1.899899000829677,1.3058502562307963,0.023547995656893302,-0.6418202364110183,-0.12561647190376718,1.6383812815682839,1.3992840268891176,1.4572231969044074,1.8869284886405109,1.4588559270806685,1.0087183088759957,0.8678510956419488,0.04973232240014924,0.04316726661835099,-0.29500845869426956
5.437954128448298,5.2662771713875625,5.128991416831995,4.867308667302817,5.288744167127321,3.8455297126331676,3.406744491702846,2.4012849727606365,-0.36912448001196896,0.05580514018146594,-1.2779494806586325,0.7675158426471607,3.0090407148883163,1.9770947810035484,1.347711310786283,1.233672867672172,2.2118657407044235,1.0400149635733444,0.9279998952497039,0.4002754806791335,-0.16868337863323357,-0.19014220257057318
6.71605976363502,6.129765015221462,4.5972474212830905,4.450102016118693,4.353005592505155,4.908743020485863,2.383788707514416,2.114396994045874,0.7233791518811308,3.353324246716255,2.448938947991952,2.3434145291643143,1.1396788859578442,2.1968975850427435,2.1270039688826863,2.220753067971651,2.0480190717357094,1.6263895996817639,1.1667136842603396,0.4960572325520149,-0.13557394171308343,0.15031977015195488
6.630228512340551,7.035423844977139,5.4947866824882245,4.29573158183433,3.2133528156088476,5.0670269181013055,3.688962083730671,-0.40833029886702504,2.000152784009569,3.323548253538652,3.0241732508842682,3.3799274426786057,2.1441236758406763,2.1870412417882656,2.2913915595110157,2.1581569630813213,1.7356027271093464,1.2115747625823075,1.0644138847698597,0.5785708121772954,0.22834438293443404,2.7649935341974037
6.254466665078133,6.739552267003551,5.72863097316278,4.46319238662821,4.5379295824083785,2.0628677640221165,3.9622855536423907,2.8669701967014793,2.101810557607715,4.405889856608227,3.226642794677213,2.574333417411607,1.6146222932364882,2.0050720167588563,2.232478379667403,1.5523157102393887,1.9575690609146164,1.3043601323631486,0.7800236352632626,0.6267414772542566,0.6185286669409064,1.451906470327046
5.817063683826799,6.547243729964436,5.395231087463641,3.8969520045160833,4.819241826285755,4.088884048373642,2.5807720372160388,2.4016253927611118,1.9069496877120125,2.8409164119049812,5.4627271671776105,4.276586840524928,2.6701552594930815,3.888536753409996,2.1343717222547993,1.774426978423507,1.6958438135286622,0.916142642194984,0.889639409293068,0.9722357182948551,0.928626286748866,0.7170473062638166
5.430991543510446,5.652576974752039,5.551463437383257,3.5072446635960484,5.230935754680712,3.088824823433978,2.327237651041351,2.306901719773717,2.247287209919916,2.346442153302171,7.289878239510862,5.453163837259113,3.3779911838570102,3.721507599183467,1.7690441266621357,1.5503534397816034,1.772233067156846,1.4289726251456527,1.2660787435770002,0.8173830861932626,0.9328937467077628,-0.2198533438736562
5.163991920174542,5.377136820669422,5.254221154848936,3.2565405558009406,5.59288913441405,2.6143859196920687,2.619181883084297,2.364600516159712,2.5723925331339497,3.6826056230716153,5.066819348025339,4.021710256564499,2.6219958186825276,0.9372545487890807,1.6333724132113776,2.1889502204087155,1.36807459272913,1.6734404475724665,1.6697432808178245,1.4585102490549782,1.092785146443035,0.288362019894822
4.72586481933711,5.153219568074764,4.200856111811908,3.0801900103125606,4.8813465322869325,2.8569419200724786,2.4917522407794133,1.8511501135078305,2.984250385352849,3.3079202104207694,2.3233114067429446,1.7686648835435164,-0.8056353879844153,1.4949907872747688,2.273348182979293,1.4264592930709845,1.0677848839003887,3.765198766760292,2.512129859439551,1.525477208874473,1.6472880442161817,1.2615381450685643
4.358703642593787,4.648272710970006,3.390891341711924,2.3706358630624376,4.507779794673275,3.3534553174038733,2.926853252378029,1.8587434427652143,4.428824990681356,1.9457273835011906,2.2845800295160723,1.0907905638857487,2.657524957016714,1.383496040405293,0.8077368630763851,1.666421890195562,1.0324763453391679,3.052430663054687,1.5047148764708274,1.3553112774809255,0.5755526660290571,1.4584783822623437
4.603542731439335,3.718575343982456,1.905929611501377,1.7544736103728236,4.402227916011985,2.8972443117390574,2.0681721636341637,2.037051513434015,2.9183812802790743,2.8123235861681306,7.389847396947369,2.692765930499645,2.214930971184361,2.5135632477229755,1.0772128419730067,1.6093537671361522,1.6396768840938483,3.006410453670235,1.3100443940789313,0.7418600715370709,-0.4349292573276536,-0.675586967701373
4.345613561080556,2.5952374341187388,0.6062047914149988,3.064097472675287,4.419600871240835,4.540313106962857,1.6667810174710183,2.12348488595129,2.706571471795943,3.4370576655670844,5.5120640052884,3.022993716341934,1.906380338217933,2.331258764763105,-0.7826179395317382,-0.021511882172536925,-0.3235469100854706,0.27825146273820944,0.07126724930199291,0.663820185405994,0.1369123302632738,0.5118289226130273
2.4821330363039795,1.117211584979769,0.2739575128023589,2.4904636258675454,4.89407138576988,3.657073046886744,1.9542987189320833,2.239091258415382,2.1862454153791635,3.27647637241632,5.8805115057811825,2.0415407667449657,1.74559774473056,1.1494414096517955,-0.9505088552033174,-0.6424093831153949,-2.1067344311943588,-0.8758910307683502,1.192728631254674,2.217719199681102,1.3802504233157806,2.325975688034754
1.8617411795411685,0.1744757535111164,0.799481805231783,2.717006876094568,5.011264078256525,2.1718908448825487,1.8080860763595257,2.111388918030013,2.446805873799609,4.237343254869997,3.4061928018442913,2.445976859286165,2.145719683869586,0.47254787270754095,-2.230814022347856,-0.7997407697514628,-2.02502338231573,0.1069578083024958,1.6965686593011418,2.2371750621194124,1.3958901789191556,2.3814141501308854
0.18053659729970187,-0.3988734539338045,0.7185208495170499,3.7444816984026943,3.602674201103901,3.7562721874943534,2.113706914834511,2.0600348722723676,2.19068441424976,1.140604435027359,1.3424135369096217,4.128621270982162,2.380136072405642,0.05666117773258786,-2.1238446535504503,-0.7031648630191635,0.7985526116781223,2.2048854011492796,2.381151095625725,1.564296663795893,0.3338514292814929,-1.8748161217068433
0.1501995471529876,0.7810716569533053,2.9821331250171452,3.9972460592571695,3.327458776893164,3.147098752480324,2.0377327803148257,1.663873597714349,1.5485732609858776,1.9685935693396872,1.7098353170251073,2.8664818096052795,1.625457900577175,0.18586804975924712,-0.8356032777022782,-2.173338945824791,-0.9994289991928474,0.8666925154878253,0.9080052068730305,0.08426636418614566,-1.5482766781265154,-0.7638797879488729
1.4752767295915399,1.7028694596624976,2.519888919715956,2.2945498889966034,3.3732693462962784,1.029218928089126,2.6530702740158993,2.4390539864965626,1.621847188881652,1.7540445413549794,-0.2835733656709031,-0.35506479796875684,-0.20022348435166995,-1.244347323466011,-1.9310066005720408,-1.9513526259155398,-1.0857109020950975,-1.4974906671253176,-0.05886265386753924,-0.948908697748103,-0.9903285450230422,0.026403570822455907
2.0729186160006323,0.4444117912873159,0.29141747397933115,0.965374421025444,-1.0624723598202013,4.404364573279339,2.9807372430754095,1.9922532571245626,1.4851641871099537,1.4497375975400564,1.2391112144196006,1.1219562703295607,-1.0306445129907476,-1.1629174134364764,-2.9872024848202776,-0.8396819159264302,-1.3445144401118034,-1.9419947622062859,-0.06659675693634548,-0.09075355577415269,0.057812982833729765,-0.9508358133028796
2.0298398713685,0.3400260425637062,-0.37895030133130847,1.5574252629495424,2.156368952770066,2.285770231912589,1.685011855984693,2.260180477328013,2.3240520206220063,1.8928299379851168,0.8814837662774883,-0.0649743009766238,-0.6789186249891748,-1.276823818530934,-2.747841116191388,-1.6390764071111705,-0.983316434469345,-0.8555192460985328,-0.5324500585582875,-0.10273189718172364,0.016023830333895896,-1.2572297975663846
1.4351058999866504,-0.45130845187376606,2.251840817744062,1.6756670002120615,1.3173690920260133,2.0943278624833983,2.129769707336343,2.8527839328375153,2.1372893477827497,1.2454983459318112,0.6044972590738933,-0.34649553969042013,-1.1753843157274926,-1.5803427559081795,-1.8366615161526376,-1.5774957513844363,-2.24703592611586,-0.33480220572572084,-0.25312319989902154,0.31691923526343785,0.1037235196248114,0.4414155633535674
