script/wind10m.json
{"header": {"parameterCategory": 2, "parameterNumber": 2, "lo1": 3.000054539987559, "la1": 64.9999836372058, "dx": 0.5, "dy": 0.25, "nx": 34, "ny": 52, "refTime": "2025-08-30T06:00:00.000Z"}, "data":
[rows 0 to 23 of 52, columns 0 to 33 of 34]
-0.37392908562393357,-0.376551076791495,-0.36223906384782545,-0.9131453686037363,-0.6165032353397873,0.31694502294225496,0.6164029715630707,1.2509050981667325,1.8802282020782952,1.7398844968608098,3.3711716748029796,-0.5668372303556093,-2.5563245237203205,-4.686106247832446,-5.266080077877933,-5.065812704409112,-3.4535577147242624,-3.9363106534303145,-2.4975567228671647,-5.037437707674106,-2.9217353324021405,-0.37324173425078155,-3.1926396132573345,-3.3698946937880137,-2.1582919075885485,-1.0089399221811002,-0.7703966982352781,-1.6887089948468736,-1.6652732056578103,-1.7507911874438775,-1.5108962819737095,-1.8328129481943467,-2.269134030730064,-1.9199303883104486
-0.2733720305632416,-0.5421466698688797,-0.2836056626231758,-0.292023499750699,-0.4406828749326907,-0.15643840842349524,0.03624600234822581,0.8609037390063038,1.5545687490250195,1.9365809768008444,3.187442648982319,1.487006016491042,0.0639667222921821,-3.0179495668648553,-4.401592777716031,-5.763019295371389,-5.801779574300346,-2.8549616317407187,-5.8798586371112895,-4.527334300073072,-4.940478118330458,-3.1736266860914175,-1.1785787506060097,-3.9786212365120455,-1.6495068646463382,-1.222740200298865,-0.7179767012723298,-1.7061932751127296,-1.770490108333697,-1.976167565946002,-1.2079378814404753,-0.4177396462001688,-1.5474060827993947,-2.5567659013120645
-0.5328930326018834,1.0885812966798794,0.3464071335945002,0.4293153179525957,-0.5390068940793284,-0.14486608368894535,-0.10677898729790457,0.4693755520633432,1.0740791034984902,0.9583114783983468,2.6942848598320155,3.5060759103974797,2.356049061159667,-0.9974344591756448,-1.7280534979451763,-3.7593555275441286,-2.7934064245936714,-2.718244904295395,-2.4378357654193588,-2.745848160527511,-4.986073547890643,-1.6692084672700476,-2.956865179798429,-1.859687446823433,-1.7103437211331731,-0.11042853797412548,-0.72460504869969,-0.9050906673712174,-1.4711390115110305,-1.7209694525431438,-1.7517282074073623,-0.505938895890589,-0.5399984442156166,-2.601274957714626
-0.7617605676210836,-0.07748282087587556,-0.04757998190026358,1.220878655652854,-0.9644034758636768,-0.5546256425895998,-0.03416208327236833,0.16043354184601696,0.13706564037716723,0.9658183037409286,1.6372407100334014,1.6086018563735276,-0.018246580012951385,0.1592838690727457,-1.7719746376491816,-2.6100632727939086,-2.1610873916100846,-2.2162781834360556,-4.992909844281449,-0.9297471231264105,-5.235168859490386,-3.203119479223848,-2.7382320721878064,-1.3507150820375229,-1.3162606631767542,-0.8719659540865872,-0.6278808666943705,-1.1993089674667872,-1.5828538471840006,-1.2856157742352436,-1.5244186023029034,-1.3766403436934074,-0.5573604922172992,-1.5919074338112158
-1.1451583491737847,-0.968044495145921,-1.1626104767581198,-0.34008293719002075,-0.6332003231418761,-0.5822675396690757,-0.9089536036769325,-0.46748195322920827,-0.16031366975934028,-0.17424383007055438,0.6517597393198373,-0.015173739036374471,-0.7934416694041728,-0.7872935726922524,-2.9272718964934046,-3.856102825865785,-1.9883836747215249,-1.3780957238072022,-2.000754789545728,-4.4854485407172895,-5.202423824661678,-3.7442317777020655,-1.3834231345345307,-1.9599168016331807,-1.1092159299093995,-1.2785871811260785,-1.18878266000869,-0.7880594341929148,-1.1470644320616952,-1.1399889023145149,-0.818938130750178,-1.8392374167005179,-0.9663699185404843,-0.6477108111314226
-2.035713160505198,-2.3146311571603255,-1.5422644921419943,-1.5507841865590861,-0.9659698278612084,-0.6130972850676758,-1.7225735732417329,-0.6862156378815902,-1.4665195736603458,-1.0107835706622632,0.03982527988896359,-0.9990026811064032,-0.38128237947236654,-3.2532183320271564,-1.4505502725396553,-1.013127943649055,-0.35233690233423165,-2.5229266993574333,-4.8401061018507665,-5.360830607209102,-2.1350237554113103,-3.0628845042230783,-1.302325641602861,-1.1954934553999086,-1.3487105847832188,-1.620140975271529,-1.163674244947259,-0.1918940786259195,-0.7925953798394566,-1.3655325869878245,-1.581101987756614,-0.8616543846455317,-0.7026252740227216,-0.4355955376070023
-4.0227845291967395,-3.353543092470399,-2.9660912747330976,-2.944160403633363,-1.725412332548609,-0.8116896353282371,-1.4882333397497916,-1.578012575868639,-1.9332853764828495,-1.5305680594536046,-1.1518675990096916,0.605092040946257,0.15285823264509002,-1.4045908462330967,-3.2229473379899027,-3.314685405725687,-0.4450145003667383,-4.665474184088963,-4.827042718842446,-3.343680415333861,-1.7908018933874779,-1.7452876542682985,-1.4387984719458395,-1.37178534121378,-1.3128409272373667,-0.926311599826753,-1.2410425773537763,-0.5160854810740586,-0.9219661025179053,-1.452441707082737,-0.8432537170274438,-1.2854576807203308,-0.7695517405653012,0.010717751837089525
-4.490477931481739,-4.935850234324198,-4.262517131926633,-3.3998364306594975,-2.9402980116810276,-1.813757950282186,-1.9600394587399084,-1.6304867703838248,-0.49440362943378946,-0.1434597315276086,-0.9762200785772465,-0.041185101353630404,0.6573487646370206,-0.4794703000517817,0.02194241550688973,-1.3674725838110697,-0.31678968573258365,-1.499829434046737,-2.0934916653220847,-1.3126645923740325,-2.12022057574239,-1.7946553768866695,-1.396888220573297,-1.2326262231703111,-0.8683423672002907,-0.7616191993313521,-1.6433071439723965,-1.2276742208150975,-0.9888504618033539,0.06113830121739809,-1.2566118610393606,-0.33463771138252724,-1.5456045382408947,-4.922349250528351
-3.020367867445445,-4.53970045100685,-4.541803000874055,-4.050015562545753,-4.159776920463277,-3.566950298462601,-2.8163782126045103,-2.103746765044055,-1.4385629239064002,-0.5530928137272026,-0.7633282627419928,-0.8827859746695493,-0.9163069878103595,-0.9491438183444849,-0.8195195007657061,-2.385284263241282,-3.4246787897540742,-2.369156142014356,-4.4385679605818,-4.209465641941312,-4.110089659824831,-1.2213210955142795,-0.24735371137945408,-0.5177748108774378,-1.1973046314838764,-1.7413997346762147,-1.0038106475262656,-0.2559016703773496,-0.6918253048175247,-0.6675389284533109,-1.4658419719234392,-2.205900213063234,-6.098548718048266,-7.924605107028958
-2.4267956655957206,-2.6444436368660673,-3.549097870006879,-2.3198997853567107,-4.896719536212129,-4.8473392361087955,-4.187534611120569,-2.8040914108369424,-2.0109229673460334,-0.9165052473831362,-0.37482908612382904,-0.13909735668775122,-1.6367404990128993,1.7198675423410401,-1.648472095604242,-2.095401065502717,-1.957416979898918,-4.7198544227457,-4.625473459371044,-2.679197604405143,-2.1803684286797265,-1.467216332553326,-1.614596291268245,-0.7392387278377119,-0.413501843617854,-1.8372084512996867,-0.9017992428099024,-1.1618301741338253,-1.58515335131704,-1.397604217691964,-2.133502445488362,-7.148388276922373,-7.367065306455771,-7.120350212793706
-2.589171790071787,-3.147810067683521,-3.6625678728644373,-3.078731063178241,-3.9294532082756217,-4.7533885106245926,-1.974987906239074,-1.0257325914444793,-1.7740171830131346,0.6078238334695527,-1.0771757802986943,-0.7582333132766239,0.25651057502851027,4.197996995713927,0.6859343673676799,-1.672806843874825,-0.8847400737148456,-2.471506448874718,-5.483788154715232,-1.4681284403404555,-2.0220327532394817,-1.3298326700393857,-2.6804519382917866,-0.6351826962773167,-1.7275897931302995,-0.5937405885181819,-0.9399374595705952,-1.6328368482466828,-0.7283211101889239,-2.4858910612227536,-6.220789398982611,-6.316821734950706,-6.684000267620486,-5.819843105922713
-3.329116828692931,-4.84460955175257,-4.026660585408994,-2.608173750948085,-2.146425262240311,-0.6726728627943338,-1.0925199699566928,-1.68212409289179,0.742803410029179,-3.8129424965012575,0.07958346927719573,-2.296439593418659,-1.3678442913664028,-0.49456958672617674,-0.4162349673565485,-0.7112430531512193,-2.9007538309301495,-3.4249933959915513,-5.608052663908282,-3.260138580680168,-2.393965290994025,-2.1441541276090965,-0.000545510608693357,-1.3690081086496415,-0.2039935868144623,-0.41494132070306394,-1.1692971987531129,-1.170226831619797,-1.4377756339637868,-3.7474785557352788,-5.5126528422631775,-4.85663277553586,-4.751857569045503,-5.397878636923476
-2.755931805412792,-4.869098143316876,-1.6682444702953374,-4.334119471729018,-1.7577807585059855,-0.9650683444051428,1.6999923454275303,-0.11620886595474948,-1.4998131851572478,-1.6663826224808158,-3.070825258852379,-1.9082701803853095,-0.24102346742882527,-1.8142659582058769,0.8322720918763026,-0.3089821570195416,-2.38656235858628,-2.5191435111044806,-3.510594970691596,-1.9971596704059684,-1.8479716850041426,-1.7557333918506952,-2.0049528150225986,-1.5093407559576333,-0.5039419441517555,-0.4033050153201806,-0.9900565148389183,-1.7398820990392514,-1.9581286179268755,-4.171506738158725,-4.553423068727568,-4.049368311140184,-4.700009429752175,-5.516531181962685
-3.7967996698703117,-3.8431081143500117,-1.0523098624214777,-3.8060712163717434,-1.531374328496289,-2.2779212525232926,-2.0802817416262003,-0.3427816026857233,-4.072783795787944,-2.877366899071439,-1.3294000834482453,0.3557857845429745,-0.812078464946911,0.09427403268789285,-1.2375823922194549,-0.668927739692445,-2.054847605642415,-2.150681123566228,-3.4973241971459323,-2.059184326558707,-1.3600359466225589,-2.9448990405725635,-1.5283330938505977,-1.7157023937298423,-1.033305507102658,-0.3997572250484683,-0.8763352264713095,-1.5761691651499916,-1.5077234838828613,-3.7968440862446164,-3.725515215347491,-3.1618298737076866,-4.751769978772944,-5.6315332697091876
-5.278179990963444,-5.638677563714877,-5.404772567750038,-4.180782349250296,-2.467851658615875,-2.6718456597728073,-0.13361493934544538,-3.4778354157756945,-2.168231995679596,-1.5290898371847073,-0.6059807183959116,-0.9115867222699211,-0.5091765574285996,-0.05585673353783516,-0.753808904520314,-0.9281165364881887,0.00930151944166477,-2.089515801522746,-1.5129093120896333,-0.9623906396550862,-1.1903761880362769,-1.9330776578605948,-1.7124207018367348,-1.5750087527866985,-0.8165201377566617,-0.975212286652003,-1.0403925160348184,-1.3339737031368533,-0.8943025006446402,-2.4028828265900732,-3.077555220020972,-3.256544195412321,-5.067340109901771,-5.581144800469936
-5.325398730729868,-5.7588568239208255,-4.552343878270151,-4.919008316750803,-2.346871850151045,-1.3712001763982236,-3.317496447994918,1.5267449246679503,0.3750690758942203,-1.3254020866598004,-2.9923847984142777,-2.2304626080506504,-1.607918855147438,-0.8418749155071692,0.4368766301913319,-0.8412183401607903,-0.45381203347702476,-1.9645675854394118,-2.341020990215986,-0.6962847508805636,-1.8531464369590995,-2.098306763001995,-0.0034782763221015926,-0.7937135155522845,-1.0200061132997853,-0.9431197292363087,-1.3136879111914044,-0.572457271330365,-0.7520997534749819,-1.7454957347724809,-3.075698283924452,-3.3743701568452495,-4.635258849124445,-4.568007150824317
-4.4361800212061215,-5.045401934108472,-3.7601557800156846,-4.086802407307091,-2.3978087688685115,-2.7743181271752055,-4.535754544053598,-1.6079806348107097,1.477540870716297,-2.504708254040436,-2.7161929357066747,-0.25571510563658895,0.38672589236081056,0.4623594299698624,0.15564748765361072,0.6218195083206661,-1.339190043069573,-0.932303287909631,-1.995134543579828,-0.9420544055643194,-1.8593968100583096,-2.4906850972641106,-1.1752715552555357,-1.1889182614142415,-0.92455734092191,-0.8778650286923924,-1.347157060351583,-1.0122243850637889,-0.5156619574956701,-1.0295058259183654,-2.806743558060805,-2.500362154057824,-3.556370432063485,-4.701589345406005
-4.236291508292756,-4.142938994432904,-5.1750962184621425,-4.800368755965112,-1.501274690413796,0.44170188512348973,-1.878574049752173,0.3590108748215348,-4.387143489667177,-2.3846860473853355,-1.0790974572813015,-0.027614106186714688,-0.3284455184510807,0.594010663624186,0.13210108999375025,0.010485791495187987,-2.828537042676206,-0.5913849409282279,-2.023378081450604,-1.701375864645957,-1.898398806381269,-1.0740038561450225,-1.0088086583754081,-1.7784638445736047,0.299148118659652,-0.27939837235031884,-0.6071182457846342,-0.5123252034443427,-0.6146933882538165,-0.20619907313257674,-1.878405316627416,-2.1220598812077776,-3.4970850347513123,-4.799089989987317
-3.9242451700384287,-4.414322430735934,-4.835397506848417,-4.976786540193427,-2.2458731269960506,-1.085716909172717,-1.1053135314482023,-1.31786152660201,-5.577264239158332,-2.304619475501237,-0.7694036270369136,-0.6893310411570885,-0.22906705702898159,0.05662078193348474,0.715540083532003,-0.9989755419261231,-0.9952136967957724,-0.9319029835198285,-0.4720356423057789,-1.6219469389935153,-0.9844270785051034,-2.162854305698185,-1.8925001320592156,-1.1363868667170964,-0.46935978543945206,0.26908828432554216,-0.7502944771987076,-0.9615790393095093,-0.21516697281936156,-0.19142496064160192,-0.1933244824477216,-0.9241268177921483,-2.5314564447014343,-3.9906351004280602
-3.810387524107155,-4.903636751288571,-5.537846065050351,-5.782596579862804,-2.017547970859291,-1.869865431023495,2.1041908259188404,-0.8691337071855254,-3.5368595351829675,-2.7178407052613798,-1.4689433445897175,0.074034077321857,-0.42583348976434415,-0.64918566515653,0.7062751459021684,-1.002742557899521,-1.238724951307611,-1.40761497547713,-0.9981976081753495,-1.8528634270051,-0.25505405401781905,-0.8287872590879654,-2.065058843187016,-0.7606789936041257,-0.048289205112099144,-0.009730500568663002,0.45355119880696293,-0.4109899923789957,-0.39705028865401354,-0.013960692092870763,0.23264990269108268,0.2404876730493015,-0.884823059892792,-1.1430387792903522
-5.135915527867946,-6.093959375616511,-5.516685573579534,-5.395368444467567,-3.512999996687119,-2.2799220705763443,-1.217743525344927,1.0925516984838344,-4.658039025441038,-2.1452822666835383,-1.4370421830707631,0.40795991754429817,0.5351855508123917,0.23391945568767958,1.0293688467644637,-0.3488144641183195,-0.7879612024888203,-0.9052680378434843,-1.3281793932786026,-1.6772662940112597,-0.9999397710450335,-0.46181832464974076,-2.0857661912692915,-1.1172967471296156,-0.9394061377048766,-0.6209491649418192,0.17301254940317895,-0.2236584889135433,-0.09333726199776791,0.27756849665842603,0.3576580627996857,0.7050920903858309,0.6298147411949091,0.8434914998056349
-5.82609854995206,-5.515603681861815,-6.359565427233839,-6.445313404511219,-5.664653258784288,-2.2089359951874648,-4.5048313106623485,-3.7371223607872723,-3.3929718261988304,0.28197600120536415,-1.2640543499621073,-0.3559576213804105,0.20593877095370453,0.5462945159612655,0.5030856174734448,1.7380511014071016,-0.15386668304451934,0.012862518582438169,-1.0094544769114502,-1.6759716141305796,-1.4944317781455088,-0.6094577175934969,-1.8100810418211584,-1.2113702219430202,-0.35786799041930056,-0.22813408433389862,0.11129074343677134,-0.5074347632311395,-0.27061623701648635,0.20219436558090914,0.4551786080061941,1.2966455338506602,1.1783410505623915,2.7643450596774675
-6.6713450064756366,-6.648481663146664,-6.940094398334361,-6.88347590382297,-5.711409238424034,-3.496440359664327,-4.6370751631510405,-2.692191959840094,-3.932286212276371,-4.7154125525218,0.349885605428165,-0.6340964560551192,1.0467897889727265,-0.6545664175602702,-0.018782631322043542,2.0081286224393398,0.9215179124936368,0.34637052937125573,-1.3465805690761168,-1.9158190840253668,-1.5295041034608692,-1.4897608635645674,-1.857192980623146,-1.6768536864142518,-1.2005827738583899,-0.22508057445530827,0.3310298860659423,0.3260044259101715,-0.33465697773752806,0.3828274913044682,1.0347042171353031,1.5322948605961397,3.9012288360827476,4.670589070454143
-6.613021820841692,-7.042294447127546,-6.498366777255037,-7.583785667092959,-6.515968032711789,-6.001686427670906,-2.851962416076751,-7.895102169211723,-5.502386526871472,-1.3119215414901042,0.4340924455780829,-0.4860209291461784,0.24841310245205847,0.22123744686675706,-0.7479836684740166,-0.03767489134049928,0.6631695767891252,0.07176035754254823,0.6676747244395087,-1.8378439572450362,-2.7106067851222573,-4.389654633521356,-3.1495511688014957,-1.0435163061291544,-1.6196439102410838,-1.2404147634860214,-1.1043423883969063,0.5297832005492165,0.5367336998607086,0.4269044196932689,1.3243854979130092,1.2734783752348522,3.504996762105608,5.265408228219771
