script/wind100m.json
[{"header": {"parameterCategory": 2, "parameterNumber": 2, "lo1": 6.000198445256149, "la1": 58.999992894266676, "dx": 0.5, "dy": 0.25, "nx": 22, "ny": 24, "refTime": "2024-01-20T21:00:00.000Z"}, "data": [0.33260252696712916, -0.4845411985955347, 7.669310434795176, 7.682485769200537, 9.953433453475622, 6.793667447201044, 11.23321753355099, -0.29091663519268535, 3.343981587922669, 1.921776291209723, 0.40189875317835927, 2.3164655501608764, 1.0360354611697136, 3.7112254821648802, 0.9057619477264373, -0.38271675228146773, -0.01464082931641522, -1.7908763932921827, 5.573093619471041, 3.286156784609239, 10.426897708210957, 4.814441762741501, -4.866803382061605, 4.5970447277536675, 0.015356847150638727, 5.933919877251079, 4.11201382798008, 6.557436814825031, 10.674451488944323, 5.338728111385988, 11.661475117912433, 11.579383493877165, 4.342138866630954, 7.693575858928127, -0.5291614680379617, 8.075781529316066, 5.9975788420970835, 10.768543363024527, 3.9761852364550556, 6.778932897357121, 7.949624500026516, 2.256385167512118, 9.904020596559935, 6.875276106870899, 0.659612248406317, -1.6306429493884207, 11.988984982066052, 6.160744587445975, 3.3738685232400414, -3.6203691799987174, 7.593056205325295, -4.195583436927197, 6.854580233365596, 4.037945980428011, 2.5468202515662837, -5.319674192151801, 14.141471355014804, -0.5786848085968332, -0.7893012895035364, 1.1043371402558517, 6.306166508844884, 1.5089390153735651, -1.2092830674097657, -1.1980214998520413, 8.480985645645593, 9.517342437987399, 7.278152007028464, 6.051682441106617, 7.706132528297757, 5.062077128114954, 0.6713525291256781, 9.73742757780543, 7.594140471035221, 9.781850250744688, 4.875661446814447, 10.800379594246284, 10.094945776977964, 3.48222803035066, 11.537376534739366, 7.517563982332089, 8.321132613970633, -0.41170709875271827, 4.110796365381788, -0.08582093046440714, 7.290661113542487, 7.57679237518977, 8.821552428282013, 9.13829676798153, -5.330026391722444, -3.9637520735418925, -1.4085622392876136, 0.21216601350129502, 12.78222744858895, 6.872569287531105, 3.8547331788711783, 12.042755535143678, 3.9753914716022196, 10.813721838516733, 8.283336988800748, -1.1436936208408401, 8.332154791596668, -3.998689955570877, 3.7218377023257636, 12.250067011158603, 6.1606609950997235, 5.640080092264502, 9.464637445330757, -2.773315766236419, 10.844729590301764, 7.079532612896062, 1.9050884889824897, 7.476047698901331, 11.97337973714183, 10.162690809117956, 5.865885431385773, 6.85422317395383, 7.875007096735219, 4.723187436616974, 0.7149900290369202, 5.615800549842209, 5.100894778340547, 0.9707814107070192, 4.664792501185978, 4.45899903544499, 12.349508337756737, 6.724669078690429, -0.38604502555575027, 2.483431865953405, -5.3361830031452655, 5.736711426349999, 4.385973121822433, 4.423475248450256, -2.5059858157336508, 2.8873222185590692, 5.52843487885169, 12.438189866729648, 7.950442048025424, -0.6684743833117225, 6.714694468996453, 6.3003838797383365, 6.065335748035542, 3.7560368721497714, -8.488720035601025, 4.834255603716667, 7.092467686043636, 5.925405439181241, 9.0159809500705, 8.326806809647682, -0.6888894722337612, 4.551492196322826, 12.929408124239083, 13.362715700544793, 7.985662478333794, 9.640562351902771, 5.89524477372921, -0.8650993788102157, 8.026655543050719, 8.033527782412019, 3.1368756307226717, 2.3777900177762334, 10.74266684385279, 3.0649998765588875, 6.341732282114818, -0.9663180365319128, 5.09440146999088, 6.008160999946328, 3.3478570629983015, 0.14249723048525803, 4.962094975793785, 0.3100296012010177, 4.87063499351983, 4.133888440435146, 12.141331584995472, -1.9252313249005208, 11.821087303961216, 5.535420225892915, 1.284457953640864, -2.6157701912669467, -0.9265169270399177, 10.751013282804744, -0.765992268938492, 8.706676084320977, 6.752407576423496, -0.3565319891430237, 3.791937658409443, -1.5607615674920787, 9.60556256784219, 0.2208162405954828, 5.900613150081183, 8.578804741079857, 2.1269457460595675, -0.23791589656036027, 4.7288925396506585, 4.249591250472162, 10.189695419108208, 7.993877831082854, 4.876810572009219, 3.9613395770341153, -1.5807428735299192, 10.894256228081087, 11.867385092212412, 7.218405732091358, 9.036078280776346, 2.8660686756965363, 0.23568309132629256, 5.563622489050298, 3.338237374105619, 11.061148870078453, 6.469605738690094, 9.320658975911916, 0.6295142579389738, 7.99969260254824, 12.353022251564477, 12.152651974934129, 3.8316710188357295, 1.6521967330599054, 5.546678130236879, 3.731699545210147, 4.175604184581438, 5.062163378772393, -6.455674012995434, 8.248013634137893, 6.359271487760577, 0.10501932491301272, 0.7701137965619804, 6.688929679996685, 9.861883901324498, 7.988957826586043, 4.646555106130779, 10.713565553721029, -1.3615682073833169, 9.48953997137793, -2.5670266846825864, 8.195660859741505, 0.7286459785300692, 4.245376069539525, 11.543809061445506, 7.212776776064437, 5.477761293941513, 4.728103259847807, 3.453222522740234, 7.5197598193731165, -1.639558127462443, 6.432399838315092, 8.208114795770598, 8.335455218380284, 10.068643634958551, 6.352771857416445, 5.365935827087327, 8.21610767804607, 6.2829808244422125, -1.2383653119441689, -0.07406403918650427, -1.0508831035562138, 5.54418251110535, -3.8730167695765814, -0.2608183476300754, 0.7027940598276807, 8.00450535454463, 6.090243144924629, 7.868834630740591, 0.23697038576057028, 3.012509536900244, 3.8449548209022333, 0.34749562587542254, 11.717091662267661, 8.571048349310576, 5.868378488359386, 4.608033864622706, -0.7944676756950834, -0.5190057283924274, 6.208713090065173, 0.08820535064609812, 2.140096896378591, 4.597094035529448, 9.303713287749707, 6.019369435394241, 5.587350372522349, 0.28667307702620887, 7.8746780655970365, 3.166624665759217, 10.145346246832833, 8.095730601161454, 8.733441017047843, 11.27780912075031, 5.247436380641918, -3.6500501514149515, -1.5597076761325628, 4.714152052924962, 5.320151265098082, 6.9819224886672036, 4.199643456547069, 9.766318430383874, 5.947605336350511, 3.3722558298430054, 9.703005799566519, 1.3475188255272579, 6.273238777058974, 11.446648547633888, 5.457788372669552, 0.7699582251672004, 11.98463967744549, -1.980526728611167, 8.859243098792831, 4.29350544620482, 13.970642211088656, 5.8537560880787, 3.9015781656852933, -1.780237264620018, -1.6712067667678363, 7.935405052098539, 5.306830592697189, 1.4974916929245488, 8.80505292636146, 7.200609963182612, 4.843108580495313, 9.701346645559925, 3.7717839551201053, -0.2651276248170959, 3.07814678998177, 3.931263160994086, 6.278939993461673, 0.6368393444273422, 8.20377879697717, 9.851785199547676, -1.3837332811578829, 1.0863096880001881, 0.973570935316488, 0.21809128657808682, 10.77985492708925, -1.1053816650922013, 12.213313485484003, 5.564700923061397, 1.0863525103471898, 4.933442511489791, 8.530581406547372, -0.6600582322552889, 3.1809386346289896, 0.9655205260602959, 5.624671585058449, 11.527566834303027, 8.480833333486185, 5.558715490318434, -1.5405767606486407, 0.7677970966401533, 11.880847332499242, 4.080890096273501, 4.66848773162889, 11.311468132246356, 6.687204251085439, 7.342651405361543, 7.555250287297953, -0.4624957806278527, 9.053647438347719, 4.053324210738435, -1.0590476908903346, 9.372047122216529, 7.974884792641552, 5.234212721226822, 5.747853713774973, 9.323570569758994, 6.08808452822748, 2.257647031444227, 9.500339940635856, 5.422262325127738, 11.847868350288891, -0.9422117420273421, -0.5688623074489362, -5.3193210694472866, 5.769015305832096, 10.308266245344113, 5.667274161132297, 1.7249479242118897, 9.440573422153488, -2.957301326821061, 8.435745880950886, 6.251027540902144, 12.002071802658943, 4.281885693689104, -1.772007193612248, 4.149831335099153, 0.08393108789423884, 1.6338915079197947, -2.039693836849323, 3.242697938699954, 3.1276008813770813, 8.508492639358895, 7.806361817003771, 0.45158729547443865, 9.341331357960826, 7.213938296239231, -1.3338291325988778, 4.162991571478786, 7.964589616218463, 8.356334677930278, 13.867097585552209, 6.4489246130451185, 11.19110510597761, -6.583142521727674, 6.999090986375622, -1.3037151487474008, 7.609283953054822, 6.433140998838405, 9.098813429931122, -0.7934461175808007, 10.2778413539711, 7.721972192326476, 10.878554634522017, -0.8483129060900608, -1.4161688071325995, 4.587473658427093, 2.830437837324524, 1.3054394149653106, 6.578623341379818, 1.147810550900112, 11.87472314605527, 3.5404469783987897, 5.411747162353146, 3.6544710463350376, 7.973279253958039, -2.538211586339302, 5.829687546787591, 3.844349312118608, 4.188898552091652, 7.678724021318861, 3.215061332039003, 8.138129886009752, 11.208534234704517, 11.48400417928766, 4.870771293749217, 1.4812667721932373, -0.10532921980674066, 7.526836827928529, 2.227608298735477, 5.295507237164188, 7.576905813428558, 12.1898677110405, 3.7842311501945423, 10.948566449479001, 10.792362945439882, -0.2124192835302462, 0.1311510809271352, 7.485621401717006, 3.2594169966991133, 1.3899661228963662, 5.038378585817008, 6.211388662863003, 0.137026351461334, 3.3586338736661854, 7.630840845839721, 3.4817808448458294, 8.298249626357771, 5.332585152422311, 5.319766465635528, 7.410355410595528, 4.250554920966091, -1.2232725269957287, 5.3968222429327515, 5.516952483269158, 1.201891794324717, 8.71609750441398, 8.922425438362467, -0.04786644084264313, 8.735819056824479, 9.47407784788781, 8.044500648669915, 5.1740174811639355, 2.254676694252603, 8.278939782278119, 5.542411212775951, -4.344352344332882, -0.8656275225247229, 7.154794705424416, 8.505344248612372, 10.350807713704553, 3.6353590201581563, -0.39093002455750314, 4.317127738720893, 6.79126089464162, -0.1274013556022774, 3.9417306886620413, -0.046653878040263184, 7.456826465487625, 9.954810230355724, 1.9455182078654603, 0.4252781836189884, -1.4077047023966993, 6.786232397818836, 5.271644535936554, -1.260369863329193, 11.278786241124653, 0.9186632940237968, 8.87405460299474, 6.842237568723149, 6.591952858451131, 3.123210411062312, 5.224733277442978, 8.64055560749313, 11.156036008922582, 5.220929063650749, 12.260006917071232, 7.566913550065485, 1.7198473150743518, 5.744813729242252, -1.5030913387452236, -0.07033425337301612, 8.960232055700452, 7.640755204112181, 6.992919024179802, 7.4923109913539205, 1.134248882990484, -0.7935343182677859, 5.202862766006136, 2.3804472500944485, 1.7318608721597075, 6.913265399386307, -1.7933246516468284, 0.7358763484377813, 1.451636627810511, -0.9309874686891987, 5.802025073710942, 10.294558109565386, 9.856632523506484, 6.088883310865529, 12.236221194650446, 11.047475595613776, 4.334804034570848, 4.912062487185363]}, {"header": {"parameterCategory": 2, "parameterNumber": 3, "lo1": 6.000198445256149, "la1": 58.999992894266676, "dx": 0.5, "dy": 0.25, "nx": 22, "ny": 24, "refTime": "2024-01-20T21:00:00.000Z"}, "data": [7.4280349794184115, 6.417319357892158, 9.745941562177904, 12.857564655745753, 12.293569457575444, 7.102457169082117, 9.90296286113391, -6.041569885213868, 4.779692095616694, 6.027274826122765, 6.918028902367484, 3.6357501764492053, 8.567503693190698, 2.2845405512169124, 9.021443077602989, 8.54487104320578, 5.870545423509698, 2.801189220887869, 4.217596070805858, 2.181361448374882, 5.522867292180314, 7.893142122512009, 9.639119993232521, 9.320912499791381, 7.331073798882778, 8.9518648516759, 10.109803722661487, 13.053386442956704, 12.008294516815289, 8.57355291422117, 10.47387450942104, 9.541182799075715, 8.633490515220247, 8.83493434128479, -6.378814100334633, 9.882120598472666, 7.822945321912809, 11.546331212738737, 8.334571539468403, 0.7744842565969678, 8.732436837668077, 10.060983514840927, 9.628253982760898, 6.28427498771003, 7.649998349247218, 8.076117928074002, 11.877684950394276, 4.509836118487616, 5.0750145162292615, 10.972527459361286, 2.819678543153053, 5.476543437025083, -0.6713798723521579, 6.4267559022890834, 6.50430309477194, -3.539079748137487, 3.3415504265114535, 6.060974406115884, 1.5791241540819612, 6.971352217783673, 7.529188712927901, 8.913776511285803, 5.237000213217337, 5.921859517466937, 8.36978337601442, 0.6637844925824203, 8.083601376925113, 8.119185167505906, 11.331553492149391, 0.8271147044891771, 9.040281269741756, 9.587731347130466, 9.249044559703691, 9.651093164312632, 11.04085003614681, 9.59148967413056, 9.726347345841376, 9.943949371710902, 14.068086790047905, 10.29771071409433, 4.189880810671131, 8.092090179924286, 9.539101535925797, 7.90113720559423, 9.075438018026547, 3.9190692016893642, 2.080070612190628, 9.53209818483667, 9.458260541479829, 6.310451620739749, 7.271316239413304, 0.4878955213734687, 10.972524822846607, 10.787029365606523, 5.496414661355055, 3.2770999695916103, 8.359702626698947, 3.6087732130897336, 8.598268363751307, 6.121048292076098, 10.556717776113214, 4.0522805143271174, 2.4057033176909415, 10.65618626684069, 6.603469688074442, 8.620466785659866, 3.9998464769563475, 6.010965022437684, 10.698381801479435, 11.399221707186607, 13.280876764939425, 10.314047253614035, 11.647741947961997, 9.525232124156174, 10.110620573191332, 11.531732681797093, 1.7249109139792924, 5.1306081857318855, 8.195656071149953, 12.669382816978743, 10.067385285685155, 8.217044772515234, 12.758021742996311, 8.801959053667536, 3.6673631330949297, 9.456551768350353, -6.482155891424156, 6.158956127745143, 8.291394605325815, 8.674395108454007, 9.312017586327185, 8.013002170589024, -3.6350930393947665, 13.206952203760341, 7.673965194935087, 10.398383482235419, 9.152381304493076, 2.9393548852850726, 9.389076019034091, 10.904340566891708, 4.827547282153663, 2.3588804343595986, 1.1886357701902004, 2.4516668281005454, 3.152894353787342, 7.545924935474944, 6.51779385360231, 11.224564926182014, 5.147262691879685, 8.006832273577576, 10.864678438671403, 3.6790458403995787, 9.219273979639432, 6.541718377812115, 10.464303110128323, 9.27733653751912, 9.961534971241749, 8.873525264561874, 9.561824363586272, 9.460555646929897, 14.030644562903058, 2.994837397175231, 12.224639360637946, 6.932775676538626, 7.390031792078463, 9.324944743546919, 10.165970314884731, 6.192057406099364, 7.219168156553891, 7.091498670725081, 9.604624544941588, 5.962841253616332, 12.659261089010158, -2.2697577119523022, 12.007948937323988, 0.9375977676997229, -0.12678435753772288, -1.4572710382426681, 5.666344916096999, 11.085412412115879, -4.502135391862714, 11.108863380784683, 0.8217431724760873, 6.3828502874009025, 8.334419281876235, 6.692707285120865, 9.356157820185382, 8.81224845946722, 8.368687645802055, 8.02576584689018, 5.807630598617239, 8.212505975575958, 12.996097037627235, 3.4544420474277144, 2.324782335720126, 12.368468445872075, 7.122986271929434, 8.595449492004525, 7.416786820258276, 13.471407719954549, 13.220942798056036, 7.419699596092027, 10.22749945022421, 1.9521701672814171, 8.431443378416683, 7.843989982191397, 2.317639619807142, 13.277083444774293, 3.990517164001387, 10.217491905666224, 6.6318699537709955, 11.579541776335255, 10.300247362337593, 11.154789009889768, 8.795536985509917, 9.44523161035468, 6.236116861558127, 5.185059499827925, 10.743638659824116, 7.074491027089668, 6.983508684083122, 7.926552743880701, 7.88359946649479, 6.406441813234208, 9.005374509324824, 10.071417856945953, 14.560318493055618, 8.892803867211326, 6.341468194119218, 9.824038328943493, 7.315830685585235, 3.094141325812302, 8.466213816281561, 9.288861233775389, 7.1488245022459616, 7.987995106735197, 11.156084073931833, 8.485668501170453, 8.846207510817026, 0.5517579160825521, 5.373011417640564, 5.214510519303089, -1.0803937899346232, 6.520315331303126, 9.678378046077814, 8.154250702963328, 14.326896977035275, 11.909246107316172, 7.080957980399016, 9.539527877997552, 11.456284805222293, 5.9928192886990646, 5.728699514157016, 8.29563858121394, 5.399266386412254, 6.511527798340227, 6.817519567096421, 5.8466156667099, 7.949633674650306, 8.6272554032825, 11.937907835759562, 7.554126136240884, 12.82709642429596, 11.940713730401988, -5.357157925009758, 12.739146148815284, 11.301889032581558, 4.085018699963895, 11.026606365292167, 4.0364404891876005, 4.985690388058009, 3.135374375437111, 5.8788759224184535, 7.912266577313717, 6.3315841842874185, 10.169859555000311, 9.216209897388262, 5.0358754123154315, 7.376822498309714, 10.283591710758216, 3.090396212959075, -1.3338344631085226, 6.427685554564774, 5.675906076125018, 11.698932012776414, 6.801819998465269, 6.5295037161342755, 4.172750836112395, 3.1147259046345734, 5.9819010735423195, 3.8772551792924843, 10.178935327274887, 12.424902669299145, 8.007110351168128, 12.998999517814424, -1.2517357980937094, 6.136412686686255, 6.578220127356468, 9.653227647464286, 3.438007211546898, 11.834985918266472, 10.484230132021809, 3.1681127351530463, -0.11307809205527215, 8.966982758440645, 3.1034767424137915, 11.76471882926684, 7.774567598816063, 0.3543760355368763, 7.095270451519297, 12.51654848951522, 10.196130296837232, 9.492161814316598, 8.671631151060375, 3.087350811111656, 4.659178084339399, 14.317519073046023, 8.564406358321397, 6.550947230325992, 3.3208789408674724, 12.97235274536609, 7.785870648944385, 12.091454372095116, 12.308232564530128, 3.965568379505301, 5.269060481877851, 6.948906187407679, 6.00949341664184, 7.246205580506855, 11.495339655558299, 7.852564435452456, 11.531540927805176, 7.836675485192162, 6.3181344171869585, 10.861138358595547, 9.539744819703468, 8.411081878379118, 10.636102651521188, 9.673528294720692, 8.008979458351481, 12.270966005849228, 9.00230669950173, 2.74446304024408, 4.575280443991658, 10.73109751161273, 11.743373563809858, 8.017901653391835, 13.34421877220583, 11.039623810398897, 4.554139187746426, 8.993574382391015, 8.856662054734217, 2.324577476195847, 11.818647996842707, 11.756762024532202, 4.625618620368762, 6.887387161853665, 8.392262777874395, 8.02861238818027, 7.769315716318295, 12.561778892837747, 8.383340651732583, 10.981579428078682, 10.011935060166998, 12.585660515933048, 13.146946640456148, 7.336354260166365, 6.758785238052441, 6.46987782692388, 9.361523842347767, 13.032312081315032, 1.9778020001118208, 10.8488967788785, 11.157871118933466, 5.454110767862452, 9.45175939902756, 4.773404348607614, 13.066858815494829, 7.428586796152435, -5.115311581873207, 8.872187912798658, 9.116523160938474, 9.381966925190342, 7.5816811616998985, 5.19771103780839, 4.698053306792398, 5.986739288702117, 10.074544479185464, 9.530992691915845, 6.834593587574934, 1.7881344941580817, 7.09051660013016, 5.800248838498935, 8.44455013827433, 10.439995727372018, 2.8442883755391293, 9.476787846137487, 13.272715501840127, 8.073086389154922, 8.740020017953308, 2.9181187459427487, 10.118574418667416, 7.977630216115979, 11.578614870304236, 3.781890723302177, 5.850057496098623, 7.625829404864588, 10.79525677602659, 7.5711919986747676, 7.213242682873987, 7.7544801261647684, 3.0815247700316424, 9.352271366151344, 8.152546945000479, 9.464858699617265, 13.03336803789185, 9.053013709067121, 7.316544245946831, 5.219037358120172, 8.67586601303706, -5.132868833500802, 11.948543128206332, 13.22687221600468, 6.150824843563244, 8.082398852746236, 9.245845971731944, 10.112480818098538, 9.56580356705492, 9.689338283239767, 13.450833701493307, 7.983975265543341, -5.882519086652093, 3.65208951282197, 5.548904180814478, 9.13347268435997, 1.458889515227876, 11.510205510230834, 9.28451335335495, 9.813962865357915, 4.29459787863146, -6.293200898035321, 6.768280107551236, 8.584672791210053, 9.30238563673522, 7.042184373750141, 6.80487520001807, 4.002132886800706, 6.5069671993422356, 10.129560973263903, 0.9291715453357706, 3.656044079946557, 1.152697230625081, 3.8021337619588174, 3.9490709694687403, 11.667360882272447, 3.8035536916115316, 6.080769884510204, 12.321479744832798, 10.272712278877746, 9.293151544312444, 12.91865274860635, 9.62824305591934, 7.251527567478923, 12.110354013563512, 9.100617208531059, 1.0100074006904045, 8.463731584661542, 13.157600217529785, 11.747413169343197, 11.986295215758947, 7.974102290233468, 7.1044715495837405, 8.112702215607115, 3.2859276374581152, 5.285592344315473, 6.163237510262669, 5.715523128537522, 8.424472659773313, 7.278958015317292, 4.376654465780187, 9.09334806821194, 4.946958070991079, 2.8735908296261643, 13.906080309952094, -2.006465218857112, 5.748227845678946, 6.339134899880334, 10.799623032277141, -0.02125195688592112, 7.390312690691542, 5.177306563002272, 8.352793221703415, 9.291733654885117, 0.2142272224449033, 11.897173556707832, 8.190629576071261, 5.7828263936557756, 5.201890651798694, 5.481214244606302, 12.393784567650462, 12.392060586694218, 8.687032220043445, 9.558575364341976, 4.041088221088102, 5.533521968583156, 6.842856607911803, 9.553732130632634, 10.775400701322347, 7.079545004757501, 12.079074225983163, 7.817551978408366, 5.719925045918541, 11.281670400204227, 3.615862382956854, 13.732147558855699, 8.667343802913726, -1.669334199765466, 6.711498783127673, 6.231507501727502, 6.331798508092027, 8.972057406010837, 4.612090867753238, 11.647973347295947, 4.425998942824308, 11.515402112163697, 9.809616930372576, 8.773693183103058, 7.476315080602982]}]