script/wind10m.json
{"header": {"parameterCategory": 2, "parameterNumber": 2, "lo1": 3.000054539987559, "la1": 64.9999836372058, "dx": 0.5, "dy": 0.25, "nx": 34, "ny": 52, "refTime": "2025-05-21T23:00:00.000Z"}, "data":
[rows 0 to 24 of 52, columns 0 to 33 of 34]
-3.6929356984811936,-3.8090690638930584,-3.8023780249625125,-3.019698885967237,-2.7237677711463926,-6.393956228326472,-4.658786626220861,-4.150843416061423,-4.731188438143907,-4.444751363838122,-4.350705885871677,-4.3111637931178075,-4.628693677406092,-5.43515417953253,-5.818071158733068,-6.981169668555244,-4.7739260077765495,-3.3562394487308898,-1.0875919722587748,-1.826734228045157,-2.824783450603843,-0.07006230513942084,-3.6687045644659233,-3.306569902582299,-0.6620719193692319,-2.2320057371082935,-0.45379372967492615,-0.9454656915816797,-0.9363699876480719,-0.1182532834097981,-0.3165323226027184,-1.0291060956432467,-1.708776106681101,-1.4172522495551825
-3.6650067639772654,-3.86794617646823,-3.8122568767190113,-2.841159022592309,-4.9787883402615405,-3.3644667932027326,-6.0357832154548685,-4.362015089809567,-4.372440031120649,-4.228188282501807,-4.283059362684953,-4.020877132892941,-4.35823609753534,-4.805828047459988,-5.374851660706199,-4.907867920156714,-5.7202544833893025,-2.717578408273713,-2.6362490637091662,-4.69452611520838,-1.5563119163615673,-1.5107184023223459,-0.933900222323633,-1.8002633460135677,-0.8997573825959945,-1.045033776424067,-0.2810514675711292,-0.4949465303874181,-1.1405777343653143,-1.387808456178247,-0.0860988665331234,-0.5492411870528254,-0.7592129752525748,-1.9423290847428236
-3.8892235921581304,-3.9925353647132993,-3.7471406560183897,-3.905983799009893,-3.7442688670807938,-4.0501937255202884,-3.4702358798721535,-4.405016502710287,-4.479939277874609,-4.137199304658504,-3.974943751213779,-3.9109678989224137,-4.0811884113064805,-4.154359446341615,-4.39713856085434,-5.576554802024434,-2.3505927493885164,-0.7847534499237079,-1.6715042180445212,-1.6411848854258795,-2.5632851586454057,-0.6264023711894693,-0.23209443421606174,-0.8753299417839304,-0.8752919648956283,-0.2759633565074116,-0.9165138840666551,-0.15543039539847173,-0.2520105542738081,-1.4133367413799962,-1.2078411435267211,-0.8253642566551508,-0.6121611410783233,-0.6643528163743533
-3.898917556643529,-3.7121737454163624,-3.4860484409498134,-3.62312685333414,-3.6293053808928084,-4.172815163018246,-4.264838544882108,-4.444313135563537,-4.074828959236827,-3.96663730751105,-3.877737407411444,-3.972871114474786,-3.9025437533030645,-3.8631568846888062,-3.5543715332550274,-1.8422845363966611,-0.9355745558986035,-2.442930059192895,-4.888357788336584,0.048755310926793013,-5.420857342071442,-1.4490334427433047,-3.2155011949560843,-0.9720838019743577,0.15898205051529757,-0.40323175938484357,-0.397534286721877,-0.7170879436777158,-0.17499542099858817,-0.3520000955260576,-1.0900771948255936,-1.2360590544388332,-1.0578555158464809,-0.9283968157720288
-3.946883217219716,-3.6231397278785864,-3.705461655865309,-4.004318792617996,-4.565656479389285,-4.2823052405324225,-4.8756330846171485,-3.8399067023566227,-3.8694469261945774,-3.928410074414249,-4.054559908381424,-4.104298205682397,-3.9462543547901774,-4.120671600059676,-1.6521853330305287,-2.6905830193037072,0.10141100265229142,-1.5181735866107489,-2.1389042715894657,-3.2628915254072317,-4.669191457131074,-3.906875751196305,-0.121461559735687,-3.2429903973096756,-0.8316331395922175,-0.7006892389703635,-0.4518526869776342,-0.16864162735019533,-0.7302050917021009,-0.03338127032393501,-0.9907359528209732,-1.3233322168764212,-0.6748598392413299,-0.6496695511702523
-3.6305440585621382,-3.3151626980958,-3.835014915265104,-4.317974482110343,-4.668711819407022,-4.337602280964981,-3.9163617492251404,-3.698168604398221,-3.6464150429931563,-3.931222652652488,-4.049925601472705,-3.7840813345059283,-4.125717082627213,-4.328162578974659,-0.9973996228888217,-0.6151956181970797,-0.7446335011643345,-1.669950158261909,-2.6911450138474184,-2.631606577834006,1.1336133207839802,-2.9560733417959915,-1.5326793147696325,-1.006788003084105,-1.0818940646446649,-0.7367291139588922,-0.6823831061198733,0.3043207203222521,-0.3938269215390684,-0.8678842883264505,-1.0362191495891824,-0.7303557222621528,-0.2609712304292739,-0.52031550505408
-3.8034676359730106,-3.9267899083928777,-4.488281426343096,-4.58797184727367,-4.72960027012234,-4.146707755030626,-3.7626399738879073,-3.6958197367380654,-3.5596572948809446,-3.5919099719452556,-3.5960106443317628,-0.7357774850837476,-1.5839977410588955,-0.9822806097580606,-0.967798500093178,-3.9614213589753366,-0.0393240060136187,-2.7101082084241526,-4.625388848394447,-0.7278040257724613,0.47843835956594166,0.7994229122057382,-1.0336844078395182,-1.6023330553183481,-1.506933037208955,-0.7526566270837027,-0.984627230482985,-0.04165822940642901,-0.5482958430917444,-0.682345012693039,0.26171158914565074,-1.0054213400857253,-0.907652111493456,-1.6392814144418697
-3.9505659616441045,-3.9428124112541605,-4.279393120783904,-4.471926784311187,-4.687938715734426,-4.12901134619354,-3.9504647483473088,-3.593410871270746,-3.690895947157221,-3.5207575531153883,-1.739259379577212,1.662925893807622,-0.4789765930896325,0.702441660483671,-0.03464163114704587,0.9225498171172657,-1.1492715285554194,-1.0561266664164612,-1.7540491311534778,-0.8542274050396196,-2.0111727765340914,-0.6397991295648533,0.07351465266429236,-1.8986414519621289,-1.6568328547047888,-0.8360862796935413,-1.2414862623343559,-1.0749016393596282,-0.503487531017681,0.23098351610377676,-0.788697053463697,0.03780347862726359,-1.107444635184106,-7.077130256229941
-4.000625539587844,-4.5373410820459394,-4.840738602983016,-4.715207716600274,-4.528926936093833,-4.196865205154584,-3.7064913689775696,-3.913783659050616,-4.263338899261957,-1.7840238205134227,-0.2089428993727727,0.7160604179413099,-0.15268579978435387,0.48842323554514067,1.331126566849146,0.7648285929260618,0.6986354156410337,2.3107775193558058,-0.1755818984146339,-2.1157595179253788,-2.324172335049285,-2.437814194261514,-0.311568260937784,-0.33368265038050926,-1.0710286242976794,-0.722688288330391,-0.1928270939034681,-0.5312034993677333,-0.7491819508286978,0.0754661450745564,-0.586107250042282,-2.512773965119544,-5.747104489201089,-7.092725366486213
-4.094733928966615,-4.788321218473322,-4.811883551253638,-5.08734952027167,-4.637362310308002,-4.300402131369282,-4.4482868424695905,-3.998591463305076,-0.5949224373736927,-1.4385384336213456,1.7354182685514963,-1.0712129770120986,-0.5168621099964689,-1.7649959787264182,0.2826327687209481,1.4624825163337307,-0.3725996089834398,0.01684325655569149,-3.7362762785424386,-1.321943813010633,-2.0814867616847814,0.11172011362083163,-1.602330818566166,-0.5903595342824389,0.41952855521263327,-1.4300985677855491,-0.4276954401067239,-1.2069739254409217,-1.4195370091717645,-1.0659468442599103,-0.8499319197243109,-4.473511984776247,-7.35942741224182,-6.805100526208375
-4.317217125279416,-4.727955301814168,-4.986944655615586,-5.170484146419555,-5.080273389635544,-5.275825025306571,-3.1708301389019726,-2.199648797548614,-2.8722019369396636,1.6983816859700474,2.336099169349352,1.7066010460966266,0.55002691388241,-2.097280216697904,0.8603156718935959,0.6088406331304342,-0.5600716331872386,0.8540141606657013,-5.998853200300131,-0.4776914986760277,-1.2179531075538057,-0.783317718581268,-2.466962860222207,0.2782674218288686,-0.5772945463513606,-0.8529859891940581,-0.8476938795129344,-1.3561683423076278,-0.39077362208179633,-1.0480582664162101,-6.0187594884177535,-6.616682739822768,-7.324634900873093,-7.091749842002676
-4.609338896644216,-4.690679491848683,-5.079224214767448,-5.331813690161745,-5.867595678513469,-2.574348348486024,-1.4162479375514072,0.84821298778284,1.8514385984888138,-1.8639028888994116,2.2061275225138823,-0.288436538551022,-0.29084426838229976,-1.9289615853444466,0.9107040835175654,0.1524604186178457,-0.1623190789643251,-2.1139076575422906,-1.0811582188384725,-1.4043413752533866,-2.8671267661459083,-3.2910225288288797,-0.34263867653089136,-1.705715351695498,-1.3997158840717658,-1.4155442909651754,-1.114078041644871,-1.1045391901971255,-1.1851192297791755,-1.8624382357891163,-6.461850017333711,-7.796767215688472,-7.160341337965581,-7.802850326257959
-4.598100521078851,-4.731123615503716,-5.406400229493979,-5.914288472025748,-3.817098072247606,0.19591486751073411,0.478382047533826,0.5306948566318894,1.3683149355412938,3.6264953530582065,-2.0507555592542093,-0.4689332617787735,2.9090642044892037,-4.63594840962697,0.4704808887185422,-0.713149196466856,0.07906976281696679,-0.002377256439676651,-0.8684862853985024,-1.6726214457437507,-1.7480402002280782,-0.18735871551974748,-1.6257422408766105,-1.5810033274172302,-1.5717354781432231,-1.5081732643650865,-1.1469332972336017,-1.1072529816063337,-1.5541899643191286,-6.229355200072674,-6.493088731024043,-8.264981237316126,-8.086191742620253,-7.76512512062768
-4.451940200988634,-4.937072809709684,-5.2176970685103035,-5.717402649887213,-5.503213299785422,-3.6807836020641034,-1.399850803020015,0.6158935106633041,2.196868940481033,1.9948453354406759,-0.10432749976551842,-0.198853230984625,0.7255632680580855,3.77838902826252,-0.9980602967336758,1.137489040971964,0.8404097284882626,-1.7760626787977072,-0.3466989733908789,0.17281885189319665,1.616617022901358,-1.0448717047845129,-1.415042598396272,-1.5106596281620734,-1.5719011938038983,-1.8529320463177592,-1.0784383711092411,-1.3443161541497903,-2.071045322636065,-5.367464631296654,-8.181356874505536,-8.161689755656331,-8.138670506960375,-7.544193398118026
-4.469794930056332,-4.858084109934601,-5.137210755817344,-4.48929134239147,-0.5435248074132353,-1.472585735598968,0.3336912002441958,2.980768564825834,-4.992754413437635,-2.094277738630708,-0.1847241323668442,0.8241345143614593,0.5989654904096393,0.4427184442665674,1.4488830091452278,-2.095574490509686,1.1278997516484048,0.5089261365906295,-0.5565980719189089,0.4941895079505349,-0.007817460700252828,0.1853458090461102,-1.5058359265582757,-1.569789859549867,-1.8537832917266657,-2.060314424427141,-1.700720609936661,-2.0773887807609164,-2.0822308252521036,-7.2899781623522895,-7.5544680775815785,-7.906261134975082,-7.668826065451768,-6.302419228302582
-4.626822653979848,-4.262484198831997,-4.413939006055879,-3.167500201168823,-0.5908219018924276,-1.7002321359673835,-1.4151718413943324,2.470471192954818,0.4028264156171887,-1.2473480359164832,-2.4471425824701076,-2.422506860559099,-1.5824256294821897,0.2785885866187306,2.2724378763495126,-2.741703685216647,0.34772368201852366,1.0502664784675793,0.7338168537440468,-0.6836328747499258,-0.4032977488643971,-1.1215810852199983,0.16377005583782384,-2.1485655969575794,-1.52552120664308,-1.994135070603354,-2.545957920087062,-2.2378862799493415,-2.324242837395037,-6.582049437925839,-6.800984169684989,-7.177398846216623,-6.172603059194084,-5.2807009044496
-3.8014236767115905,-3.440628334518212,-4.069526989151796,-2.240069307324971,-0.7159124434721716,0.09674301010011485,-2.1983080273645967,-1.388977375050276,1.3835614849756495,-0.5409275311791587,3.4243236664117442,-1.9032211104307615,0.48942644554881864,1.5293311718449354,0.6487513588423215,2.8839441081894224,-0.9813693413686851,0.046642261014387294,-0.22887727581115286,-1.190689390571204,-1.0010245973346292,-1.6408588079608153,-0.9455155290282152,-1.5604132264009682,-2.2383857060853867,-2.300233351583554,-2.8890633363167337,-2.3796463450628775,-1.8017610894433889,-4.971204084887908,-5.446193955595273,-5.623770897193269,-4.7681809288393335,-6.028531884968484
-2.899577014250169,-2.6242833100806133,-2.723643073952827,-1.0087406209992134,0.06686131380150277,-0.26595539215010994,-0.3306583661069555,-0.39932520029676527,-4.820732985548925,2.2710086911673586,2.051154068764794,-0.259194628154311,-0.5022554305163651,0.7461936212131707,0.07385297888737667,0.5762425182707038,1.5477302571341494,-0.14572649320040065,-0.12246702796246724,-1.1291860296707006,-1.3442103665126657,0.26804874024814446,-1.9118988060792173,-2.106943053215751,-1.5991793809698476,-2.10424062346566,-1.6201467239316234,-1.1621657687661184,-1.4655822639980736,-3.8248202572281023,-4.772845057239543,-3.838735559967182,-5.4469436432268905,-6.680114351604478
-2.4862923760247755,-2.8729610864001507,-1.94632360010637,-1.1908285330434993,0.6057076950079147,0.390431438120581,-1.5932568109324803,0.5906353195139173,-0.9655183032499804,1.6909580220469218,-2.3147007135490134,-0.3382464841611114,0.28226613633746667,-0.5148476227778253,1.528745805149103,-1.0478689547052769,0.7031727800330068,-0.02031080369935564,-0.5995357121469554,-0.8027910060965469,-0.7512006739133045,-1.4981355345972716,-1.287707768041405,-1.4942532026524384,-1.4692301402520513,-1.8115614518602479,-1.5577059278799352,-1.4470884664322434,-1.4676961542998288,-1.4168007862002223,-2.674208815429334,-5.166699436596134,-5.522526623440233,-4.495904669502339
-1.8128006090920137,-0.4716096315756118,-0.5074351237660911,-0.7650664101709531,-0.09468737911040112,0.2668978077735762,0.6361634772641869,-4.914549143885636,-2.369562736935172,1.2614611381392649,-1.6079043386503964,0.6399434904516665,0.775087687296987,0.007456624098556325,-0.37793921391177776,-0.1824017467416513,0.22405220205069906,-0.7271367555264268,-0.756226715381101,-1.5729479971464388,-0.3820473647794553,-0.5180568496630771,-2.2340020715068802,-1.9137591660135547,-1.7548801122384123,-1.462482760053213,-0.7888453017909892,-1.4998503178980127,-1.2751702984274094,-1.1877467164587465,-0.6681822303406966,-0.512837891325985,-2.9807398138431584,-1.8804407442961055
-0.8443858328029856,-0.34437146898491594,-0.4233532647637379,-0.5480541881425443,0.27140776421011037,0.17917537464392336,-0.6728121666310152,1.5039018237296986,-4.225303883414933,-2.7261543343998995,-3.6638659941632046,-0.9298617454889088,-0.7650879844870939,-0.04598548254518469,-0.9200363003893459,-0.6179013039882277,-0.6748646092129964,-0.7688687328312396,-1.7927461262587927,-1.4127221311118356,-0.8221328824322033,-0.4504820047689443,-1.5439762661397982,-2.0023447030437413,-2.1239947570293913,-1.472250572345115,-0.8553090138030679,-1.2068845466544464,-0.723193569652771,-1.0613251121919627,-0.8249352437626662,-0.8224095047428271,-4.102356019925133,-3.674878684584493
-0.13978575229505855,0.1119837114125069,0.08242070417829417,0.33373260507737984,-0.23619564245335614,0.62071438425414,-0.8588020555302674,-1.2241967109195422,-2.8006014945066866,0.6171710489214532,0.307555668990561,-1.6674688659000998,-0.09462950849570874,-0.3113362954079921,-0.5142598565222589,-0.08540030152673517,-1.3801189448265978,-0.979390046477482,-2.480330550137554,-0.8317848337895022,-1.3185134307379927,-0.5365634858326959,-1.5119446352143264,-1.3618714967063559,-1.257461339347142,-1.4120341761196502,-0.8841621782414771,-0.950247133563907,-1.0207072208965886,-0.8510470068396793,-1.0098709253024725,-0.60279385174472,-1.0378842088842943,-4.701669491715665
0.4472254475337522,0.7773829348471073,1.0976011603479592,0.7944581528958962,0.27129726679594646,0.832057042181711,-0.5670517923016314,-0.9692169550565832,-1.3568834053070113,-4.294229220921771,0.4609783025509825,-1.7054171597213255,-0.3098884842625871,-1.507365525012825,-0.7975326377634144,-2.447585463157023,-1.6075649686638247,-1.516741376360792,-2.307185510658744,-1.2566135474637372,-1.0940774726243845,-0.41406084111823943,-1.5839075446583815,-2.001793633760041,-1.1826547802328866,-0.9784054186716649,-0.727925643261922,-0.8671167011716938,-0.7489653243213784,-1.453706309684116,-0.2511707840623911,-0.6368286891385391,-3.6098992580102705,-4.707191317106666
0.950900043830727,1.1732018131822348,1.633617215738313,1.2817527829666164,0.7538424534078676,2.3486109583167214,0.10997852532417567,0.02942379255651677,-3.514028911449992,0.47981525718409407,-0.15594515925344285,-0.15223910840975277,-0.16069678766112855,-1.6739844977534644,-1.7462620764538297,-4.092384114178047,-2.268605066465597,-2.7683543090341405,-1.552294601574369,-1.6335940550837822,-0.876937515521627,-3.5005052043262403,-3.387373840676151,-1.2879854985610564,-1.6634639296546418,-1.5404541914154752,-2.3948460978111625,-0.7601968049083572,-0.578218128945439,-0.6456978124498255,-0.28593694709271256,-0.7558150181042828,-4.108605520287851,-3.10131895648829
1.2785778609506084,1.568432129912089,2.0554032124487405,1.693210756607566,1.2497103720921152,2.0612586066495604,0.10586171821574324,1.3644813738742334,-1.8829737922587673,0.7585260410454006,0.06711396190087787,0.3526724201137513,-0.22096344420784297,-1.3230273084773405,-2.952080201941712,-6.281722971402757,-3.778959556209127,-2.1587417664903557,-1.1828669355724255,-1.2534244815556226,-4.689136452235178,-5.380701741461717,-2.150045981558728,-1.7356954023275852,-1.1834209783217915,-1.5695675452941533,-0.9494435934878991,-0.4699668699480879,-0.12084319826134243,-0.23551099232533484,-0.17428338741066393,-1.4785084701450761,-2.2824161442471667,-3.0208327531529333
