script/wind100m.json
{"header": {"parameterCategory": 2, "parameterNumber": 2, "lo1": 3.000054539987559, "la1": 64.9999836372058, "dx": 0.5, "dy": 0.25, "nx": 34, "ny": 52, "refTime": "2025-12-07T17:00:00.000Z"}, "data":
[rows 0 to 23 of 52, columns 0 to 33 of 34]
-2.7246449523507197,-2.2622017512687322,-1.7631393730656442,-1.8199046876958418,-1.4065212903239797,-0.9660545612366823,-1.1118458506214184,-1.8141523328795375,-1.9446145020221017,-3.081654173743184,-3.477088578258412,-3.6563627866264783,-3.2726184186587575,-3.763395545685689,-5.167487262039779,-6.967978704693976,-6.492550382470337,-6.052239976080338,-8.744537687509707,-9.18110838309248,-5.759932369114854,-2.7726593756482143,-8.659506694865534,-8.103766520272972,-5.213404281798868,-3.3595337158255596,-2.8990484490195296,-6.307102750962188,-4.585253303454835,-5.164852976794911,-5.408982321323605,-5.8134379170074455,-5.8558387857978085,-5.060425914822577
-1.2802966328289567,-1.137619159734199,-1.3801569447413402,-1.5381999241914845,-0.8101644532156683,-0.27180071920794807,0.012471165166309094,0.2306167793244042,-0.2716561771190045,-0.724032175564944,-2.6782470912174556,-2.638296861349644,-2.4177653239193564,-2.3063676269654567,-3.644929959499954,-7.1655582240252444,-6.779155396982406,-8.014575668356969,-10.815165680602963,-7.327003850165967,-12.472933679713625,-6.787248556757044,-1.6907640414172773,-6.5878203296911435,-1.378212026486205,-4.703777087029231,-0.5495518952166004,-4.953322170735958,-5.638258671398288,-4.473525907430922,-4.513252054016403,-4.724457253108347,-5.050448932568624,-5.247572580925952
-0.08241840635820345,0.09117069542083593,-0.3333975605088083,-1.072286968307159,-0.23036221422536424,0.6838068141118085,0.971122327069192,0.8532198516082838,0.38497175316396887,-0.9344252790394973,-0.11371748534950603,-0.2837132952570826,-0.710876947125781,-1.5532865216123426,-2.2745770758753467,-5.521213010854836,-6.907424241043736,-10.090020876490865,-6.006324357594147,-7.057991940649167,-7.1574530922445545,-4.8806993376278145,-7.3833709712954505,-4.49951975963841,-6.68676939952129,-2.6501981588364125,-4.196092786730982,-3.0353550831863028,-4.409044049366083,-5.092684939978163,-3.9827680572899133,-3.7076569541627573,-4.088882015082859,-5.345086465305132
0.45416219227611,0.03361385380286714,-0.4054313034827355,-0.340654525702538,-0.026162924437741604,0.0674861014256689,0.013754589013545876,0.055146324469936905,0.6413473454200922,-0.001481929225166387,0.015979947551417087,0.305193582382145,-0.7635956208001287,-2.323924863320084,-4.393446727504782,-5.069789997178142,-5.885945307503835,-7.657319935367779,-7.354758473364332,-2.4374143300898417,-8.152180776807482,-6.616658994491955,-5.808649881746698,-2.9509919764119807,-3.588829667015824,-4.890871703562891,-2.7333527930879216,-4.498791574570684,-4.919068093478741,-4.919582020257312,-3.752818196172925,-3.745867376130633,-4.240154547386886,-5.099859684880185
-0.0797401786001416,-0.635084234770859,-0.5554213850700832,-0.4297085328239323,-0.5253250277711595,-0.4874890911658913,-0.3208429051710885,0.20521551703013954,0.5552846722830237,0.28983607910868453,-0.24976252366032858,-1.7969224783021993,-3.0494066273727447,-5.23625607987485,-8.71192972224477,-8.014956296754113,-4.077259050840095,-3.7771702084872096,-3.3419398911656732,-5.107684639545874,-5.987433441903116,-3.7451794381158483,-2.667794984049706,-4.734818579205894,-3.052539126751709,-4.457438360643688,-4.294420716999472,-4.049772993216505,-4.20769324196235,-4.0099209596007075,-4.5491495236771415,-6.112828938951811,-3.919722812696023,-4.4441187990224424
-1.1548407104190748,-1.2172836599249444,-1.1897183865423304,-1.1795594985741544,-0.8373839717502123,-0.40218010150502614,-0.1352223456147262,0.43207291737580794,-0.21633088556010802,-0.8846240415081078,-0.6204305174926428,0.3423750173517376,-3.272254199428922,-7.1261475732377555,-4.116062000139754,-4.64074765377882,-1.6323237881804862,-4.8576239590566415,-7.875092667649521,-8.23091642129127,-5.044127961835503,-5.747236354950241,-2.560171122315517,-3.9281499311480688,-3.7821812569923687,-3.9368260393323804,-4.251243267624382,-4.730320677635459,-4.33559317624223,-5.565781522389222,-4.952274171807106,-5.560665567910305,-4.722951855410948,-3.9685152473294383
-1.5965335312220372,-1.8033129132675143,-1.6161398367743645,-1.6965459849887,-0.3393331901839264,0.0725224929743275,0.7136379816338119,0.23759533976298158,0.9128608406776643,-0.25339818347459275,-0.3268925899942711,1.4872252946573308,-2.751886114344038,-4.974123992399963,-6.344418768640463,-2.6775469215153365,-3.976379098628867,-6.34807086573046,-5.186573219669594,-5.695412363481151,-4.825131031762083,-2.8687671413071634,-4.040242483512165,-3.5726191925825623,-3.157399515311937,-3.216997632301389,-2.2731128448412807,-3.457532607956061,-3.6377223738069073,-4.516358688147939,-5.2830493968046985,-3.8660496415800685,-3.2380007275869507,-3.485598038458182
-2.1790764568743466,-1.4269234081744984,-1.3028348962032867,-0.6147774123799771,-0.31335329868720624,0.3925197023878634,0.05669525887613689,-0.1385631801203015,0.4938969878839954,1.6312602909785119,1.463814382513059,-2.6123661464690473,-0.1939352402111589,-0.16903087835698397,-2.6975198247652905,-2.3399954819913296,-2.6402943073298326,-2.1241212458124434,-0.8260795250689195,-1.8065341838572226,-2.592654975369419,-3.154082341054094,-3.951230347972021,-3.150443752091118,-3.3467887118185713,-4.005906539691756,-3.8094149400213326,-2.6135508206845994,-3.1257951116900347,-2.9896708722413803,-3.53123734294111,-2.896430834612579,-3.4233928685061286,-4.699744690796768
-2.946988189499213,-2.197413786930401,-1.7909648546691375,-2.110337913427925,-1.8879876358122962,-0.8165935785437982,-0.10943295810960367,-0.772253263166688,0.8402453453023949,-0.2797509778555,-2.8180663968535975,-3.2626025526022744,-0.583437612801166,-1.3662097149084451,-1.8563837572702615,-2.9599844719401807,-5.385584264001759,0.034299948028100026,-5.566185814411346,-4.3242955002160555,-0.9728259250349997,-1.0346161686074846,0.06219020072578222,-3.3832607474454504,-2.8456292154360643,-2.8865566082500367,-2.265631703602674,-2.0087931702232753,-1.9490894915637282,-1.3852640742206352,-1.9121173235994646,-3.3102618765990384,-4.00398656621293,-4.735869336744619
-3.3834152233187074,-3.7470706314808884,-2.8418958823108325,-1.771337868016289,-2.2735921072487595,-1.7975813217747112,-0.9995933844016809,-1.8554211947809918,-3.21839291101025,-2.4854171271985086,-2.0497830456306865,0.15616815330856415,-0.9325809940606704,2.0426162661208465,-5.011347547362215,-1.7193645742270323,1.0929379066924396,-3.0384988765332412,-3.623227618665716,-1.976725937543667,-1.4165328507895765,-1.4122060186500345,-2.8763160935429677,-1.5473282483881363,-2.1420157651721627,-3.16425518256613,-2.356320826377027,-2.8449580930672034,-2.9867915086313825,-2.804228855077591,-1.812140476374611,-2.9760382621911905,-3.3289770867137642,-4.673103410137954
-4.834797852117313,-3.4396056047338197,-2.750936413506377,-2.365790587089858,-1.7198428676879736,-2.808196040052305,-2.773409887441035,-2.600649507842203,-0.5960205189051809,1.2820255408642254,-2.7395268394821946,-5.011620231060196,-0.15142206733820682,8.390461365669816,2.4186295959828117,-2.7696863490168075,1.1283037052658986,-1.0684766014166407,-1.4430662840798443,-1.339343434325674,-1.0875904951899504,-1.8744933285559764,-0.2565065448580125,-2.7457152359438393,-1.901487941417007,-2.1372370585763427,-2.683497464014308,-3.6665469259349246,-3.4179528504724788,-1.2476239813467662,-2.729904324423857,-3.3163305323032835,-3.7422968643973555,-5.215040062603842
-5.202246773248582,-4.105330241539527,-2.6219300346621055,-2.4502324356770675,-0.6866760974447438,-1.1875854521671203,-1.3404467472009003,-2.5880636940331114,1.8254311893425286,-4.317507042431724,-2.7266633499818678,-4.15540054104521,-3.338771083239365,1.2459243526774693,-0.893773096700379,-1.2441314447678837,-1.0475603082707685,-0.3498431337958853,-1.2392843051913298,-1.4235189533908366,0.0908119794128625,-1.6539461767391157,-2.047127711140068,-0.01340273285622976,-1.2982200076260884,-2.9473543096128734,-2.1211281740228096,-3.1583326220096013,-1.609899218055496,-2.0358198670778265,-3.1319437862089687,-2.418238888709523,-6.106179825224419,-5.093705071050784
-5.033207012763593,-4.292789780092399,-4.069546630484832,-2.1526444476900615,-3.5170565527839077,-4.287225253555431,0.3611668000293314,-3.1253116820995235,-3.907740495780917,-5.8016169851468105,-6.86247503455861,-6.275306940405362,-1.0593386345815825,-0.5332472095420671,-2.3271560220766148,0.37925997273235945,-1.3225422732049588,-0.3970331734773555,-2.941231113431752,-2.0466312562191287,-1.0646766392422053,0.10559368351272022,-0.6506013248606077,-2.091554733713466,-1.8522932740077376,-2.636535895369344,-3.6317128015124402,-3.6483770027760043,-2.713217029280614,-2.0846054872411455,-3.8276755309086785,-2.3753253455820027,-5.406368117310349,-4.775915395094881
-3.671283922427914,-3.5803351062666,-3.1201451897277233,-5.004248367117791,-3.7460889641348256,-2.8262619182366486,-2.9863437553707226,0.3846941198473508,-8.643781982938961,-2.7143754114123517,-1.2679045321126492,3.1161332694125554,-0.3850179885411319,-2.444730889186078,-0.15726107408796114,-1.7312537973987643,-0.9090905495861917,-0.8562232051089032,-0.7343610333154618,-2.687360092466989,-1.9559140865431894,-1.1007166257481762,-0.29659803835168813,-1.9504551106779853,-2.28399300149605,-1.4825114616655468,-2.6989340632621683,-1.355176457026644,-2.3494187296007514,-3.5053410030434837,-4.972566055662594,-1.7903187687126332,-1.999254654644336,-4.813529153105159
-3.947604191249451,-3.612768076322082,-3.424226806608555,-4.535682577303207,-5.419193956500729,-8.3792230780034,-1.517767225737153,-6.059118897275619,-0.9825425218065515,-3.172070229029567,-1.0454816457688725,-0.3826731625429088,-0.4436492055908698,-0.6182079944100075,-1.2438385190996128,-1.1077654034502586,-0.6108094103864813,-1.6415846351864696,-1.2909029967104726,-1.9163841959899939,-1.6950860538183516,-1.8902641599098395,-1.8004854330345277,-2.3065927741218033,-2.3433575675380833,-4.392389448402157,-3.86609317487928,-3.2195529785831294,-3.2466894389345096,-5.416991208201286,-4.476867269992955,-2.964208251628698,-4.250977402088107,-5.26919670129737
-4.47515966226784,-3.673821054322867,-3.276603115105807,-5.548444439045155,-6.751644718256521,-5.961904807360764,-8.350319850399817,1.1722054046617438,-2.2468123448890913,-4.997616649925657,-6.42485689887509,-4.383212549863539,-1.7692239245352674,-1.7332757111617594,-2.6648223310030974,-1.3672983475602414,-1.8448954914934497,-1.7901067906162866,-2.129929180810681,-2.0493975935956725,-1.2907165824804343,-2.40216172239548,-0.28857439481276065,-2.503409592889725,-2.0993174446150276,-3.3698133528610845,-3.60961411783123,-3.324567378247381,-2.631476799703538,-6.137824728579958,-5.041775013742397,-2.9645774822092252,-4.876403516818695,-6.09432142578803
-5.1200250699609136,-4.4684298049796745,-3.943787911788443,-4.781897502106085,-6.231817676957887,-7.688675555180452,-7.712717448499079,-6.103304829908968,-0.2405289372302117,-4.969070796324684,-6.055395913729667,-1.7500536882035524,-2.01994740577598,-1.444830860020867,-1.6682856322076742,-2.0625070756696213,-2.6336443134123484,-2.4315106413547665,-2.6266431920533018,-0.8379513658406025,-2.533808324883542,-2.675918501447761,-3.447170211974586,-1.356289012280206,-4.046911838822444,-2.910681551840684,-3.9150826384969344,-3.4795685717274476,-4.246486319985461,-6.578462607924429,-6.342857909247576,-3.447281536637271,-5.15354535862208,-6.638534098168974
-6.5773073908600255,-5.839288877649341,-5.899683324309479,-5.680358033148349,-4.880783726993348,-3.280339708956467,-7.849816333985597,1.2333348774381205,-6.92102725163909,-5.018705780520057,-3.719119094516817,-3.5396289552155498,-0.297452832833568,-2.5477648086867477,-2.2663630358345235,-3.5528132981839713,-4.673618984425886,-3.072697883129834,-3.6860627860215662,-4.277371895053094,-3.725335310172331,-2.98429226191476,-2.5954459087822555,-3.671023171171184,-3.6598033286281457,-3.6282698508841484,-4.667931090887977,-3.163733701670547,-4.221302737292556,-4.285149398220196,-3.067874882427489,-4.053549773886684,-5.078182145061564,-6.589320288515748
-7.418196392820653,-7.094701199073871,-6.365339981632091,-5.994921383314774,-7.334672654069972,-5.91073615742215,-5.359817219185913,-4.459948819972435,-11.329954683729467,-4.3199060436473316,-4.412308316967696,-3.335293498858239,-3.4904131903185776,-1.1821158690519824,-1.2206354941443482,-3.51605640811736,-2.876905007398047,-3.5649289738153955,-0.9547694983165028,-3.331205488735977,-3.728718380074367,-4.213897779477843,-3.6833447660289322,-4.450398688295797,-4.821278440187727,-2.1455954512048425,-4.800972994627177,-3.3357850649131557,-3.2623661957780414,-2.6606925789982077,-2.4968178762297253,-3.8760582698849397,-5.231183056152309,-5.304682717629714
-9.118930091502166,-7.6705010968290015,-6.657495658510239,-6.2503136897485705,-6.97588972932692,-5.256454864414973,-2.296366153896002,-2.0698388073225433,-7.410766305964931,-5.314351336933669,-4.285380392404063,-4.601736600612637,-0.10487783956455439,-2.3594697557103173,-3.6783592362575837,-5.130105247064635,-3.3900411136644895,-5.017189412913062,-2.833510278162168,-3.269769635200332,-3.5644628190392282,-4.442162879191638,-4.056180175148512,-3.2367264978270343,-2.6897800593205705,-2.8677385024962176,-2.3667156454636005,-3.4969262735762245,-2.696254163227104,-2.1713241622953614,-2.9633939855895624,-2.8626045101152844,-4.3379416615846935,-3.8486602099497182
-9.452739673421796,-9.363719434662093,-8.003978424250018,-6.593696882290681,-6.575391522624045,-8.047342973215112,-9.262380047045614,0.14149325293885126,-11.266046081812444,-3.4475306618999695,-5.4177172765816035,-4.188205843459662,-3.73521750737192,-1.3834788869574182,-2.431139107691386,-4.037334745484548,-3.6535859795892236,-4.072420539174487,-3.6485636121545926,-3.8531002943735437,-3.4706513270837505,-3.412331297256533,-4.6774617062494315,-4.004073578737262,-4.305619826375627,-3.6022731416872693,-2.7415462630999294,-2.98113210651778,-2.0566697515027474,-2.7920227980120793,-3.3766411061482557,-2.9894146596100097,-2.8118461730908577,-2.9718426314442525
-10.231146782833822,-9.665529787718205,-8.921429647574271,-8.585250221754116,-6.441928940745768,-3.451276195259032,-10.282038443117733,-10.89247875024402,-9.003858072932793,-4.828718161010829,-2.247620555898396,-3.73089669560275,-0.05272799211967232,-0.9629661092147246,-3.8844962857552527,-1.1434826851881223,-4.921438420623602,-4.696604416878486,-4.148651131087394,-4.656560914972421,-4.090818074275242,-5.076727684181407,-3.755880690485574,-3.981735403308437,-3.9646142490863676,-3.436439880463684,-2.647409523975134,-3.230276085436069,-2.215417903503449,-1.5651159326005315,-2.8309669795261594,-2.9444597640401673,-2.2499665039473364,-2.6247568630527924
-11.822477551462564,-9.65725550265514,-9.491495254425393,-8.498590456271215,-7.389175166209221,-8.79080013103064,-12.678101834728894,-6.527598473661274,-7.283473148889689,-12.730079510147808,-1.0265936902975752,-5.498286734188137,-2.1603016635866146,-3.6565489923852597,-3.819790218000435,-4.945709685552745,-5.134633790170984,-5.162025010783043,-4.617915923276589,-4.310903988943452,-5.325155905443052,-4.938218627197331,-3.681193428987203,-3.0198138537188024,-2.4630991560543363,-2.3056327145540165,-2.502107505514045,-1.8572267287353927,-1.535910105766016,1.4503412392657105,0.7591797549064165,-1.3200589346820164,-2.6002360057935316,-2.8127638661573746
-13.585370985907364,-12.720416656531002,-10.557851463934883,-9.447562585464924,-5.960383313807322,-7.769190414625563,-8.626245413556346,-17.60073232023907,-13.003955243845144,-8.2328590270065,-1.1023709339241734,-0.5204221170726786,-2.1195015935678745,-2.452458999966451,-4.3533289599846166,-6.513380056978948,-5.103100782621872,-5.861763335421294,-5.116516386890042,-5.395065401598605,-5.352938319349653,-6.4309145706604065,-5.0306661598438565,-3.971412775035024,-2.5531889300612454,-2.9763624954796954,-2.5084159948285456,-2.144772630990062,-1.118178487484065,0.4910805314164957,1.843067855179936,2.0439968200385294,-2.1406926954188394,-2.9665178695749472
