script/wind10m.json
{"header": {"parameterCategory": 2, "parameterNumber": 3, "lo1": 3.000054539987559, "la1": 64.9999836372058, "dx": 0.5, "dy": 0.25, "nx": 34, "ny": 52, "refTime": "2025-09-09T21:00:00.000Z"}, "data":
[rows 0 to 23 of 52, columns 0 to 33 of 34]
5.847272907751248,6.838753303873896,6.387377824601574,4.678325774629829,4.150571471137062,3.3431890287092507,3.2315335968869814,2.154629769092768,1.8391609253744647,1.7224168244618259,0.6150622902883763,-0.4412894573174333,-1.513440191188913,-2.679889243778296,-2.766262756329276,-3.319465237047043,-2.047151732483924,-1.2258324470831994,-1.0055227267035534,4.292354354420209,-0.15543587578690485,0.47913301230519934,0.4563028727772789,3.02947582637931,2.879891777340463,-0.08199501830061998,0.117104544003649,2.4952004705980833,2.379295965243204,1.5408792446197632,1.3067471430027193,1.3178428419726376,1.6453521824883857,0.9395011408468711
5.34766190933866,6.425178692791025,5.63331937852969,5.32340385748094,4.876869284278203,3.4927211071231716,3.146324577772175,2.2849824768221447,1.6597257280654716,1.306734320863142,0.07552547141701048,-1.5385950579603926,-2.593908157066408,-3.352229062976749,-3.815454900022817,-2.740892108815635,-3.5962149727712616,-0.14313266616001946,2.9200085977590184,1.5355876862004647,2.1665394318159925,2.0936889298899066,-0.7028335847298456,0.23749270891000207,-0.8933653654355471,-0.5778160827215131,1.178062304643444,2.017009557231052,2.631169186023363,2.616079525295121,1.3802745456297671,2.132569974134691,2.1117693604412895,2.195286350706488
5.606007235317552,6.250379963851544,6.761918359194413,5.268358420842785,4.334775583442432,3.161626587543407,2.7116001264925957,1.820754926332036,1.7223930944997539,0.24743986725705777,-1.0927219497568104,-2.2587726342712986,-3.4342643295535016,-4.194363657698205,-4.194533770640353,-2.696578995956541,-0.462644045781258,-0.56087732381305,-2.673580214805008,0.9744702405772233,-0.06889749238949697,1.3821122559783774,1.5121101865183983,2.745663970694449,1.9084343767082652,0.19580832891259092,2.1033303286382155,2.3033023841536857,1.5548145726752576,2.4113190817473695,2.4826820024775436,2.244109845579981,1.853631758867174,1.6568127614669952
5.653226598810098,6.759023548687695,6.486399277074198,4.881539110930852,3.583314684476129,3.032422461673182,2.302817276057081,1.5453571449635881,0.5083419587243142,-0.49833096155120826,-2.17626132119146,-3.068762590892383,-4.5761498554570945,-4.987644529779915,-4.744519156624547,3.020115563509474,-0.6531299452275926,2.955775296194585,1.9026802573430657,0.9479622779571577,5.101841237204231,1.8234551033148376,3.2913113520628747,1.5375530909799242,0.010480761706810901,0.38381559132395604,2.1777316745928306,2.4393584215773223,2.3151980913262418,1.5788296101526882,1.7456130066079578,2.040785995099765,2.417308058859062,2.174704047183975
6.003039906880693,6.978741878675977,6.502035233595589,5.008456354177714,2.9450657344787623,3.1752995085245748,1.8757057802884853,-0.028109761185249972,-0.3810282612916165,-1.967815758468173,-2.4318164987811306,-3.1335331677991456,-4.489806494113967,-5.595088309481739,-1.039779072899113,4.043978731386041,3.0522520410519105,-1.0145211041253193,-1.105055727711993,5.205335863271399,5.6150898637155775,4.351130262728441,0.1596937122512096,2.544307345849139,1.4894851631894455,1.8638804792147043,1.9166456396858622,2.0516779396592955,2.0736691341186306,2.1560667180080157,1.7700081678809747,2.442075829555444,1.6866476461925732,1.7550536677253596
6.822337463224138,7.057357870369749,6.37260428450966,4.229708908766583,3.7399524091583385,2.7571560439141445,0.5567386656420159,-1.7093559076917342,-2.19346896099589,-3.1845807175517713,-3.0325470056891506,-2.227556879843765,-3.573727908503065,-5.070871685329293,-0.9448048867268143,0.668848510648449,0.5046707592535221,3.175322164597913,2.20872249128755,2.6856951932569664,0.6689616321460246,0.6762121023106064,2.237456005768484,1.8510103384069676,1.0790467978708724,1.6213275214827196,1.6461352399547995,1.6056966496264187,1.7651211811516518,2.0234763096926063,1.8564937134687787,1.604929636789077,1.2753678492225344,1.253207995169756
6.295163398109432,6.360377786809104,6.321778276456642,3.539110678555949,3.2339082653923046,1.8211853201308246,-0.19307659538162678,-2.3603723407152493,-3.4550049235962303,-4.016947885770226,-3.5512266272468227,-1.2565934626209352,-1.2416541925282134,-0.7472899391106947,-1.307249626025819,0.4242272782614521,-0.7708057148966083,3.273069661946352,4.11498425898451,2.371197615117424,1.1501787671671522,0.9211739637854871,1.2038533973011913,1.3357218652919867,2.018540744918881,1.6952313635039866,2.1439162420379296,2.1145282420739386,1.757376950778605,1.2812050554462582,0.9041879563685066,0.464689370028065,0.99054153542691,2.3450014578163074
4.755689180451918,5.872008210961746,3.411573649171465,3.1839151032992574,2.2595950470108583,0.6257447666757807,-1.52296455538143,-2.6806751561890176,-3.258469051295419,-3.3373648849572723,-0.2122218587872108,-0.42973025368587237,-0.3057669886669757,-1.2675376566028747,-0.3209405390791312,3.4253748516751963,-0.7260252437144208,4.195168076501671,4.736009767893737,-1.5135502438349195,1.2630676174978717,-0.21717617515889298,1.0840121961202855,1.9628294887511806,1.4024259217196628,1.022780863715198,1.5070770265027287,1.8362895671682884,0.629659296618708,0.9556757413429626,1.3796099845509953,0.8380958946381047,0.7084063602588917,1.981933734650871
4.697877149704763,4.513121268186015,4.718369671904286,3.036541608302343,1.529074305498626,0.18708026638490996,-1.9073787537683504,-0.7481315140184587,-1.4620731477657953,0.47153793822987666,0.453335974762205,-0.6978562577599958,1.2534252690219498,-0.4622947425996338,5.130974685004389,0.38544536891527875,4.377313544035604,4.091150279597121,3.758685245845956,3.0105076748121515,7.0898189211607745,3.3467942448350723,2.277025167545098,1.4248946050942268,1.9072694299150479,1.8569524685196688,1.782280289910511,1.0027985666697405,0.8858860203719776,0.34773813957158367,0.40535792380081764,0.7993153919689315,1.1137020790294514,1.2608089758821235
3.668956719650296,4.394653944027633,4.328437946624161,2.3198925828245955,0.4494967807166856,-1.107501543322915,-2.1989696567721135,-0.5781699056697583,0.8886611169507014,0.052429921924061255,-1.059039394720435,-0.8988760702691412,2.9744498300991835,2.794089340128413,3.698209533958054,7.529950423594146,1.98226840954109,3.2629939635754357,1.6770520864359668,0.39050003030639463,3.565292083984626,1.76660898089258,0.06610411198054691,2.4678146362134883,1.1567036047110821,1.7286054923088927,1.6201514319037034,1.2228102788524806,1.0374439887828608,0.19760639065069802,0.49165174875522477,0.7502291221180505,1.0136219641686202,2.15064733403063
4.356549312388454,4.076245063530202,3.8380158453315807,1.5778334805635421,-0.05823333695256004,-1.543569612400925,-1.3065513350164077,0.7830430165870674,-0.41710954489755486,-0.03501591187380878,5.894938729284861,3.1638564934227875,2.120223190326023,1.9403145987289747,2.6558671607672477,2.6510688809980856,1.5202115679647703,0.9430137676864695,2.483281066984322,1.0399305775741685,1.6805732705912477,-0.152513397319402,1.6327274707830115,-0.2606364768502879,1.32895531400556,-0.6488918966717261,-0.5308379346170349,1.303407270353377,0.21391736413439316,-0.083008168459759,-0.5992534298512342,-0.04269940512691751,3.911386239573304,5.29127902820805
4.592167502250233,3.664522428570108,2.5621131117664793,1.4616972631949119,-1.2494349686037278,0.01794702235992647,-0.7488531212138996,-0.34496105334438715,0.2058212572834286,4.939769625361352,-0.08199463542466315,1.8713096584832258,3.8507486777809197,-1.5869252970232794,3.207710629316803,2.5219590123163966,3.7046698852766453,5.440770608420418,3.958325322889485,3.9885125190005652,3.119293055268448,0.8671136241339747,1.1223674560583943,2.285870804838611,-0.30972297954390726,0.9576824694800881,1.1023534927850003,0.754487535306803,-0.22491625954731131,-0.4345515338903823,-0.8756230933547727,4.758135865252037,6.259033465004585,4.6325152863108965
4.517069607066615,3.3592333924677975,2.3669944010998254,1.0730860297523357,0.16856412845654428,1.3771672143335816,-0.32129828710920544,-1.8903190051780236,3.4231682942496215,-1.157358779789941,-0.9525122239990725,3.7572983957041957,3.940933050255803,4.428140213595744,2.478545121613014,3.4107762059691042,3.8017680259964575,1.6757901995835844,0.6467863955505669,1.2182309335873283,2.4596012678144636,1.967843667602813,1.9330669436226469,1.4539821827253325,0.9386339236446071,0.8716633157554995,0.44839069147894994,0.3410817980825222,-0.20000886675539256,-1.6679694905690519,3.142017759560391,7.602339570147767,6.51708193244966,3.635953015176734
4.365235647490645,3.166787022357627,3.3503019121757855,1.1982955050557398,-0.7539980589101168,4.481669500546387,2.951424527556715,-2.0982323015811137,8.59977343131248,3.3681407400569396,7.369601023341385,2.0940786670894025,0.3317826100365253,-0.5285042000288642,2.315642520497253,1.6636734611726267,2.51125283581483,-0.4494882086719587,2.7262410685564475,1.223268775252809,1.0751274785513842,2.8556546871135553,0.8291177868754679,2.2222751086464867,0.4503138711110419,1.7475143947567862,-0.3678771741094307,-0.5505823339869452,-0.24886251416933444,-1.7867887548372643,6.258686178738351,7.544232026942139,6.772541571167676,5.659041844127137
4.1894827751573,3.532669020336024,3.1905178169061195,-0.044659784333597054,-0.4195668488487966,-0.6089180934864525,-0.15252672943633838,9.38878336798928,-0.5856508038854386,-1.1384052232756257,0.7377729930656866,-0.3321576767877802,3.1666095086675314,1.6664142719896473,2.253845117362232,2.6523778957156567,1.7175117596986658,1.00081986905022,0.8224508696435958,-0.21617258605122325,1.286386151711652,0.8182184017836298,1.3264748316623756,2.142315334124564,1.3209098007427402,0.28819476204996897,-0.2860082782475998,1.4758947310299333,-0.4525983010090249,-1.254956161764538,6.751062788331002,7.63694312306473,6.2915568703034594,5.508532719338183
3.267618346135387,3.030681745152019,2.516031778409328,-0.06592032261504209,-0.6408413497350303,-1.2603372769238301,-0.5288642902763457,0.6954589830680108,-0.8278845464752927,-1.622698070683805,2.6366288401209608,3.177161624700105,1.0265673259718686,1.2556216281778105,0.8348785806726922,0.9714052520385974,2.829665821998629,-0.3465066763737223,0.43608454940509705,0.049631920194432265,1.5131367482606535,0.2806855438444286,-0.1362368652636061,0.827967065799331,1.8524833641752465,0.1626300253896589,1.1331814719422788,0.1583233817812434,-0.4992437677219381,4.0947412277197035,6.092111083372153,6.60266895249862,6.162951867816856,5.395204420632308
3.3481683317086652,2.823138404558242,2.0795611320982705,-0.28311747120194763,-0.8186225483022672,0.5391793022811933,2.815331486219385,1.7507998560224156,-1.2195680769899402,4.746877557728705,4.067649406382305,1.7185993988978439,1.1466773774566177,0.9990983957296167,0.00990585939734254,-0.34020010200375844,-0.5015602256652933,-0.5933673467821066,-0.6239608500499958,-0.36733003365662953,0.5669387870683371,1.0115681836327932,1.130000565471398,1.701127651920737,1.0337829214921266,-0.37785958250803675,0.9605781124851414,0.27360170877519036,0.0626895939973925,4.0822874177605115,6.219949380523456,6.647950296532487,5.7809123468428485,5.035203460691029
3.414889045804227,2.659566138125545,1.861424517825529,0.09915167704136972,-1.1690835283135852,-0.26060252609799783,3.042684347607055,0.9065217230779097,4.0365037285854575,4.731249082703045,2.5404549041445077,-0.5998385496585686,-0.5172118869506018,0.6307196192292968,0.32478890296631374,0.39963323698061515,-0.25979213612592844,0.28646104163689906,0.9279098874310605,-0.326543262617455,1.6917241697567826,0.20653204665909503,1.2075931685510852,1.5906851646951663,1.0465400163608456,-0.25298995723995027,0.09592053566864236,0.272679052842232,1.723591843637417,3.8088365154305213,5.102054111915065,5.763569268211041,4.578950146631553,3.596212491564603
3.410246015835443,2.1647431924372054,1.6907693819985163,-0.04463046258528357,-1.1639258112340745,0.6644699827714898,1.5978454117381238,0.40235760116164754,0.17501723596826516,1.1022794920469152,-2.081689055185923,-0.9287489007134804,1.415109302367395,0.5122542662676289,-0.04915510347267143,-0.34377940934355233,-1.0725260691437601,-0.42420484364946265,-0.6871229453852387,-0.44205510459270525,1.2538713261404715,1.4206450068498901,0.1130251885399629,0.7666323396687247,0.3583965700278117,0.21538351383261073,0.9733237993383256,1.8130528854230938,1.5273340993525368,2.1361850100458852,2.2737477264329216,4.895063777578461,4.062214116752266,3.5211149609186934
3.394587779323136,2.2727963576143813,1.8268668504317322,0.017438955445966055,-1.282657844855983,-0.029105761180758118,-0.9398288943450447,4.335299087006556,3.2900457687472775,1.5357209559739544,0.9541323511759056,1.5321758758019157,-0.011779075945087173,1.5272678711035814,-1.3527029056281727,0.7370024703247791,-1.6077412478073676,-0.5034551204109072,-0.5908277863623532,0.6858371468888289,0.2614281523873092,0.02278867892808662,1.3345426339662796,0.9349067501083964,0.8608825236276323,0.5366688115867385,1.338177412375544,1.1095562665352545,1.6713509967003548,1.5327030904821364,1.4844086905020442,1.4118684991002513,2.7180306432625243,0.7523046533066651
3.091805903493862,1.5271278531244554,0.5641098591576538,-1.0017780937495115,-1.6850221450917415,0.110940701326706,0.8345665896620207,3.1273826073797153,1.7919034222419763,0.9944933002109558,0.9422734866426089,-0.6451986233150626,0.24291746763859057,-1.2224948270320248,-1.843894576156107,-0.6607747005248613,-1.4576280015851257,0.877701815343451,-0.7352060459350048,0.30827567249235266,0.5178156967177558,-0.2193846664741778,0.37893853453457554,0.7737496960178379,0.43377716461424587,1.9054394304546507,0.18762798791237478,1.2353122988067422,1.367909373036148,1.6834149673552719,1.2960622283351886,1.0595748956031203,1.7097334544464717,2.548322260902499
3.1118261306672883,1.4802629392724158,0.3554142955774646,-1.1026144388612706,-2.600614843050203,-2.6118732510605036,-0.7715094316058703,0.6667167939192508,2.640545674457272,-0.8617949577419203,-0.2106574731743815,1.6977868928909639,-0.06170892004065417,0.8067907186366705,-0.5012877567656656,-1.7243757485832882,-1.0972615172886526,0.9127453060158508,0.0910032717755567,0.5217129085449252,0.25162761960872854,0.6955042125572458,0.1364145708216148,0.24294705487952012,-0.02651265142729055,-0.04728796381110354,0.9543791017569011,1.268371508473344,0.5920795853916714,0.9694504295332651,-0.04527458598851043,-0.2198068160499041,0.6648498002246096,1.979875129429543
3.0422954558709234,1.8591094889781319,0.15767132984809348,-0.8513921541760672,-2.8709164697030163,0.8310894175207189,1.712382783258207,-1.6880160158733415,1.7670877409193817,1.132841196450991,-0.14216848331696952,1.120063752859903,2.5124540662782615,-0.49224726263282403,-1.7889205636782124,-1.818886497683632,-0.027629634525446426,0.43314069008902834,0.12641601940364872,-0.37860467787978686,-0.22040955125392941,0.24726633070038703,0.05392503401200164,-0.08089552209822318,0.3715598726052557,0.35120661473429554,1.3374590356200884,3.074069990171351,1.4839991276635904,0.6528559271923676,0.6249080563645936,-1.037160516103352,1.9959745854055233,1.9410995083048412
3.384341204684483,1.659617760337019,0.17688517645763246,-1.3215333583763966,-2.682538793135667,-0.8092743839066003,-0.6260659114414098,4.599004266275868,1.3646294534782881,0.0029803366103631607,-1.1461318866185164,-0.8802682280629783,0.8095950214047573,-0.04349032912649812,-1.362573181327258,-2.4280606029070966,0.32644486301756637,0.27303551855018227,0.18992436412369976,-0.16012415434340307,0.8574936764907104,0.6011448405052264,0.10017453850739572,0.5953953025102267,-1.1551753271077823,1.4324073365645704,2.49004224944053,1.0185904018953855,0.9988487367676974,1.353883169014446,0.390402554642998,-0.2708731295324283,1.7767961713513531,1.9343552792214074
