script/wind10m.json
{"header": {"parameterCategory": 2, "parameterNumber": 2, "lo1": 6.000027932988019, "la1": 58.9999434238085, "dx": 0.5, "dy": 0.25, "nx": 22, "ny": 24, "refTime": "2024-06-02T13:00:00.000Z"}, "data":
[rows 0 to 23 of 24, columns 0 to 21 of 22]
4.1144227225701355,5.5749656170170905,4.555212075234426,1.8017339745002994,1.2789364349640235,-0.08519315678142853,0.04762533319664881,-0.40792529334843425,-1.2181602916359828,0.3794567912608036,2.504793687881796,-0.7617640704425117,-0.11979777777126564,0.15743551346566087,2.9702069688376995,0.5663043551093032,2.438095453128084,0.45243767219778797,-0.5320786034217393,-0.3535923210402039,-0.19510298988888775,-0.5256212505726999
2.3086763169182065,3.293940373368108,2.3292243899092906,-0.11550499986911093,1.6896817002188484,0.8844090413177239,-0.5964131422030422,0.4271884562054608,2.308908685994003,1.0990847657777871,3.73451472319086,-1.2804150807602726,-0.38707620154566724,-1.5693059655251185,1.901177138783188,0.5719697005008936,0.7414417749542167,1.6776070759950799,-0.00047105905790285717,-0.4961424382643454,-0.03642838462816606,-0.41665380422533277
2.2477303285569383,1.674728272816338,1.9612103180152423,1.6943189350864007,1.3642389450724721,0.50940517959255,2.090933024825858,1.237636210456587,2.8254933484089957,1.4763992592613822,2.5867220849675463,-0.8629517785743729,-0.4452579681229938,-3.380563356794379,-1.9144934527046904,-0.33305141857713355,1.045216598851376,-1.5075298132724884,1.0180779627367913,-0.273902783076345,0.10087398668539908,-0.6815070600916558
10.624785804585818,3.034095479705803,2.2286518384808547,0.8829523836515618,-0.07044304370377741,3.4809078383700935,3.521822654861976,1.6999604917540931,3.080531505259274,1.3631523853948613,2.126948570153116,3.2115605630289132,-1.5285818909232154,-0.4802222552856228,-0.4697845317711854,0.0012155656075872442,0.005866219744435635,-0.5533920724501948,0.4801939033794498,-0.1562389510920898,-0.4987926852915232,-0.48103114296053073
9.079082685028512,12.386063261543475,5.854386975741891,2.955968642959531,3.833656321505358,4.960678257699848,3.4433032826529613,3.6461729594723344,4.1408757281448105,1.6529909082561505,1.4823613323789075,-2.671320918469834,2.396714003719558,2.1486220939436422,1.223304989345669,0.47684362464347596,0.5260185261182715,0.683709108385169,-0.7167278896773547,-0.020291927505600302,-2.0468189742825107,0.6428702871413766
8.931874524127156,10.803979602077824,9.540397509373749,6.903712078010768,4.502164142404373,3.6870749802195806,3.9419427684678463,4.513245115092622,4.30973977507807,4.247802286421477,4.172296808784223,3.82979732733828,0.3004198535958075,1.4714956509415913,0.16590982433695645,-0.48465526868891556,-0.8009324894536971,1.1325013727512236,-0.7047594181203459,-0.7583508449143351,-2.1117168609130874,0.1360975013612316
9.228668258308206,9.423834835321333,9.016036082704373,6.438169765627854,4.130957138300945,3.5958269139328043,3.578164462634048,3.4298762472431172,1.9915381394634268,1.2561501392678414,3.2052276359042695,4.1918700220703125,1.3324863370275555,-0.1713967035200317,0.4319977676117535,-1.4738565914005117,-0.5692986677970567,-0.4503012932188759,-1.4764222178184732,0.6418694053614201,-0.03574467916326023,-1.0212408963720605
8.786837395311762,8.859864901271512,8.664673658986885,6.679495879137493,4.784744325135833,3.7736877903797743,2.1438402121591658,2.934604839164286,2.8934935875146475,2.482119909761962,1.5507750886370113,5.3095772428529004,6.009176568084996,-0.2612877948497413,-4.526493508793779,2.227330712678978,2.3937068095785214,1.3869922827718173,-0.45452967130517485,-0.1346983605537013,0.704372577688158,-2.536835200333546
8.607397984214064,8.542379333179253,8.300933475759312,7.650603585541777,6.290529218021749,2.382808343273258,1.7670744830366572,2.5029613216372755,2.518873889826517,0.628615572350211,3.6265722504458537,3.389900498764683,4.218140684619383,1.7426188060625725,0.30475526786902074,-0.23721696292421562,1.9467035613821202,-0.28526186042553936,0.3561292141131043,2.4160380524897636,2.6104535048557915,-1.0501405712922551
7.997384209913171,8.019076369780075,7.769054820332096,7.707762273271812,6.825446075540741,4.752173794216038,2.102942789379273,2.6435268171417188,1.677709318820772,1.709500628651214,3.259406532775637,4.967301968436087,3.0015426945735566,3.0166866191812853,-2.8579647185257837,0.4143340318091516,2.4540616053850792,-0.092091623391091,0.07740855953695919,0.8154235222872709,2.5704297489194023,0.3070634125830444
7.661722099232821,7.474963622758059,7.9090516252930465,7.455691330024472,6.788016233430072,4.002189363653099,3.5842177783905176,2.8888862237561725,2.815842968650453,1.2285607205518154,4.297698500989205,4.571925151469506,4.750020722210312,3.0683969130155955,-4.402329500735604,2.787381968742742,1.7182090518605908,-1.214865358564626,0.8285413702871331,0.22239600671837859,3.0611345036523256,-2.5058107109817316
7.694346425629541,7.511447102359849,7.4610218241596575,7.2014903470467235,6.883563438925436,3.738062615931749,3.3409856096826505,2.981681740953855,2.6675602598792953,3.6642086029715757,0.1634379804463516,3.929215121968402,3.4829630317731173,2.7879614910853934,1.2097514641652232,0.6248289800240927,1.6778200852081586,-0.6519892788138885,-0.9314509979998534,1.5646920155637545,2.140491564064955,0.5705548525959812
7.092346080342025,7.289759284708457,7.277404154152081,7.00773391594517,7.135836774808563,4.277313392042703,3.676579400922109,2.3568679224142657,2.816489919443867,1.328448727964048,2.767307115198168,4.320020001468504,1.9087107406158625,2.1080347986075614,1.474578044437561,-1.2447925525654724,2.3494717820398647,-4.807466579617019,-3.94825623693586,7.35914063398633,2.7201784471585966,3.585724442401695
6.2256599390128455,6.966508935757375,6.899609924067305,7.107770621367824,6.865231309715277,4.726221472695853,3.8248275289070515,2.602052672579459,3.2232739919079982,3.8181735778856543,4.778088411716955,4.111808352515516,2.171000508422213,2.601990663728178,3.4911803307837292,-2.6669245519475258,2.178561263414492,-3.232979241910424,-3.3569028249836275,3.4626252429070856,2.271393866664937,3.3432567014052506
6.044980769374825,6.811710149046659,6.79779109753826,6.763083397769287,6.54764584846586,4.061965882471773,3.8621966247853563,3.7288439615333764,2.52572875807341,1.2249782814687038,5.331801780538696,2.0299511344079333,1.0296624900197342,6.112640114260506,2.836384493436948,3.3707174774532063,-2.0961183422514575,-1.8329730354818883,-2.8811869802088674,0.9924264424753804,0.827974460055338,2.6047218082053543
5.97568247142747,6.374943913729006,6.683427731587616,6.693052698339291,6.655423896083434,7.314117658006938,2.9366765852712793,3.899266374935235,4.210412992733881,2.8460808603039442,1.5355649711352428,4.024119821236582,2.1297629155489797,1.2040755226314444,4.887434161876326,8.091486850038837,6.587152509095175,3.983830592167064,2.8832989276845034,0.8858790875474299,1.6288492637423873,2.2950061247091487
5.918529269422618,6.236904465501142,6.56194973064236,6.413319931958719,6.285546547793345,6.843857583344227,3.9193940370755374,3.172596123158625,5.084153990305447,7.086327601471278,0.9824735667154725,5.19018167491988,3.9743258688931404,2.5494775067447493,3.743523641433199,5.9971056746441755,4.3878374743515725,4.023148484607595,2.753768962139302,2.016583164126036,2.4445846431160523,0.6507070603885958
5.861969505348766,6.114003886514031,6.581178229812874,6.330524409168023,6.169072583442969,5.221023489206629,3.4551848528971183,3.9889726200496387,6.084648677658543,6.350307739822898,4.117386093827727,3.316741363347072,3.611015428844902,2.345255126958735,5.084730710502094,7.21577929362198,6.303529797611493,5.492860084140659,3.231895101268595,3.8505110779622385,3.4173286970083248,2.400557827985471
5.331422679661532,5.58404101376991,6.353148824856606,5.867713241478368,5.814123910839328,5.627378092656087,5.5194523189899,3.9909012917489775,5.3237056262443865,4.056740373465364,4.555339080031796,8.544888124082041,9.07139654298614,7.452856252727087,6.6007511491844655,4.571542130473417,4.37821486686375,5.82385327822385,6.032118042310017,4.820676250913093,3.9121763501685334,0.7396895705685859
5.2006868256491945,5.2038471351316975,5.845395396013424,5.593695125825192,5.570153965202017,6.110531707273822,4.253668906328288,5.201203390385345,3.7896324627019187,2.6503219275669263,3.6275897176939065,6.862603213970117,8.341395715163369,4.659145726415999,2.988898179356324,4.0516274365087375,6.448945588674964,7.983787475829461,5.944122952687309,4.882472397487353,4.541955817869411,1.6745536233987102
4.867272629800912,4.721457393392655,5.021250952376417,5.52399375752191,5.527110625093612,6.496953440958987,6.388709760616771,4.282084076035515,4.310389124444425,3.6521791755992545,3.366360447304444,3.0145538974179478,4.685923112557118,3.3784224698805927,2.996531128488831,3.9165832335810564,5.026767781850063,6.3425858272986115,4.457312920089142,3.8892797180914793,3.06978225307813,2.443552651884984
4.5534363494712045,4.4471093088356515,4.474054719993784,5.09840887679182,5.677167925789017,6.412882146720324,4.921629844611915,5.603891618378915,4.086040158504014,5.072800982191128,3.988958592011474,2.804292697776564,3.7531936200956957,3.765012302226144,3.0216629968815454,3.765592446438034,4.685163112032739,8.48729059852041,3.6942119859283014,2.349837876065904,2.518047425691572,2.8797063179108258
3.8191177384606037,4.172925972629296,4.06739948448629,2.2565950723036305,3.5652747257978947,4.229335302627875,3.4439499194908683,3.4180897611757692,5.378985640914077,4.385947583712635,3.847687353000398,3.2356525359865125,3.1998685881399944,2.1594780567724374,3.4983158506769234,4.2559118731526535,2.914439598569177,1.9801478040001426,2.760161018364953,1.4602189851944132,1.5377759458303708,2.375998705380942
1.924857867826354,2.339745227931351,2.0074605186211123,2.7824995629327955,2.4084234590336666,3.1543760276832975,4.227810247883235,4.014624535910495,3.460887645947207,3.6630328905793643,2.8939054881179644,2.5643720029883,2.9321736126337954,0.8602373998449682,2.1636528452004957,3.307358009337326,3.999848216571353,1.6628553412938714,0.098964516077328,1.4932558467159756,0.8201187156578663,2.739263229724267
