script/wind10m.json
{"header": {"parameterCategory": 2, "parameterNumber": 2, "lo1": 6.000198445256149, "la1": 58.999992894266676, "dx": 0.5, "dy": 0.25, "nx": 22, "ny": 24, "refTime": "2024-03-14T20:00:00.000Z"}, "data":
[rows 0 to 23 of 24, columns 0 to 21 of 22]
-2.114208384178619,-0.5485335366120082,1.036561686136528,1.8215049353473078,0.6709339456575022,0.7238702210532836,2.074533669618191,1.2199330957673802,4.112452923629082,5.921693160648288,4.419744487855971,1.4737839856302597,2.3449439688891074,2.5061017502383103,2.984458116005344,4.997981746529157,3.022915348687069,3.1727342483821213,2.904166786147313,2.44372904385801,3.2380933690235394,3.8548730482523053
-1.1663280107541003,-0.7533924380097241,-0.15864951197917887,0.1430988246248832,1.4257492467993416,0.9492864507025913,1.3107456455158488,5.652537446933045,5.9222912642200125,5.2750233532555715,4.402949296398599,1.4997767556694603,2.19411631775651,2.9349978076567513,3.4169630262911026,3.6431764408354694,3.1857008698203395,3.455866830324254,2.087519234518191,3.098303844413594,3.239639830532926,2.4657636158694003
-1.1251053295284725,-0.7425990201480865,-0.42426691481375384,-0.47799761674485447,0.3853186111906529,0.929460435047587,3.6861810588812536,3.772439102065633,4.292290729173942,4.151333324989262,4.71435894447319,1.6083177662607162,2.360827134783181,3.4255918167464072,3.029501467299388,3.3057046560112546,2.595095262646154,2.8379261312865234,4.4925989897968375,3.2630628419497327,2.6532078561562584,3.186488191920176
-2.899930158131988,-1.9040161639980897,-0.5485084855086514,-0.059740317311682486,-0.3090237062458564,1.4519838036380022,2.5712458888863905,3.283940740078015,4.035403971772272,3.5677194221386705,3.48607075683302,1.4272450544290112,1.8329481650483106,2.2373406416513926,3.1261175800843737,3.099205273469287,2.9142384548183724,2.8043182111244747,3.2659292887687124,3.08233660385261,3.1643179185255557,2.7272763960379063
-3.183802226560127,-4.559574948710493,-1.1037714956680478,-0.7857918504275612,0.0885935897434904,0.8179496201866794,2.964634262802652,4.0393669549180435,2.9595765074352673,3.9032668388271823,0.912931011489679,0.2126447554670557,0.8435936621484205,1.139431338895716,2.038268695102468,2.58820146305146,2.896546399424626,3.0862312470649425,3.3637506964051265,2.9094444488691904,2.9527857848877868,2.906394969120074
-4.923617650915035,-4.144575050802239,-2.273172652029611,0.03813757399811259,2.2850557275654766,3.501527557171896,4.728247871235567,3.014124740526203,3.874314251572893,2.1274491094722863,1.2030129773496738,1.8929196104258856,1.6892303851361445,1.319068544373667,1.8613083359563636,1.9421238912892196,2.83303479272233,2.921556979969259,2.8929074331519367,3.0057855544180176,2.7079866825379617,2.774158662482337
2.4733300235698112,2.8046413809667023,3.2979241673530177,2.9583670989811472,3.1478192167276546,4.192530312734543,3.7806748533918118,2.559524213161236,2.451775048827046,3.2227034168573017,2.905510667837244,2.4691975941985578,1.0814835546263868,1.2284283911170117,2.1278426263537713,2.458761133194011,2.6596614535643632,3.2275456533830775,3.088604609046516,2.7914052370361,2.7999801596798446,2.015734932331133
3.996766595233322,4.30759329261729,4.270742277777655,3.906492562503257,2.845779255375417,4.234498557723147,3.1561014775138787,3.783641372396028,2.910078981839899,2.8143195706315813,2.3420388223799944,2.8712111905685433,3.3409582107238727,1.7374346160049676,2.2968827490168846,2.5569848960774233,2.8750198073582163,2.653435761987559,2.4427813948631822,3.0360238429031776,2.233081893194453,2.0535576367153126
4.199940398068628,4.492842095150443,4.135698042769094,3.8329407738362895,3.0886875721127693,1.740861061439827,2.717633292365113,3.114606149064141,2.9552412615193573,1.840739567245981,1.5355378262533401,3.0833307002532364,4.355503457530458,2.4233779967357205,3.0439534605763012,3.2262571953324595,2.6809552268621335,1.7511975793828656,1.9203618731277683,3.1330007059085445,1.3753631139613471,1.3304381939849945
4.136509058050632,4.485944565811928,4.220493649253639,4.124364913756886,3.0119066997446167,2.7024151326698624,2.4997440296988103,3.2173201050899847,3.4566764318744934,3.2611542939474467,0.38768773792279376,3.2769523466286157,3.8998721296639633,4.50689636490677,2.908208830397933,2.7190004190426644,2.3480702269920504,2.4452445353142567,1.3072587465893948,1.9177316507793627,2.119137231502408,2.4969751966249136
4.08093418282527,4.369354071569487,4.839534305163624,4.31280672920414,3.2436756397216975,2.672953504631074,2.436699846870601,3.05850902061525,3.2758142691196825,3.911717669722686,1.29145841151961,2.534159398557438,3.789376036502719,3.118375556051821,2.901454090862116,2.2505358814667336,1.9783070452596603,1.4489904210708333,0.6482122205276318,1.6413819987141087,1.7203002691492328,3.768013978395199
3.9545112335800994,4.525665715575752,4.584367356457886,3.3540344412744023,2.5551194070529504,2.258371555296295,3.3343962526755635,4.305200530037986,4.688023577938043,2.760574045966001,1.9849417252382753,3.2128301129728367,1.845940935686853,2.0119804503293355,0.8221023485789118,2.4267307376454355,2.2017520881677934,1.1105974587689638,0.6501758181470473,1.4744207138440077,2.5926175710348964,5.528246491254936
4.264817966159796,4.713519003639211,4.157544994412547,2.981171776262259,1.5518286831458061,2.765643623293407,2.6369683502617343,4.461549267297653,5.469675645161912,2.412215510578478,1.5735718624318809,2.8807563553257114,1.4637345720003145,1.7128507759212266,0.8842784276195267,1.4431595678535303,3.203847807162429,2.1930511376693693,3.909724726980083,4.297199367525618,5.477083488725781,5.007049694235292
3.369467136857743,4.344275338480139,3.417295875066774,2.160131001611739,1.9436515842787632,2.3897297043398193,3.557705080797638,4.341808639381431,1.5246821203456433,1.932369283197059,0.5970772995216216,2.2498824506116324,1.3896694325867702,0.731433979216514,0.5788924319415245,1.0630751618975198,2.4885633080007463,1.6153510681503047,4.173014408526375,3.0700102877263737,4.803422469784968,4.857246956109775
1.967426374767491,1.9693460789847081,2.1113561543050117,2.3459539091612833,2.154991610151069,2.8176692678020667,3.3718542822854207,3.732580499901823,1.6061123983676027,1.9321667259202695,-0.5583958452227352,2.312720292244349,1.8899426138347546,-0.3643483512494566,-0.0527751442469504,1.4437060801197081,1.5190917755542592,3.5085129747016937,3.191203196735474,3.819966574482379,4.656861509533792,4.398810630806832
3.0082276161595987,2.898668447054898,2.724385149687126,2.541567763349462,1.2795925408957638,0.7743298102114782,1.7758884434554703,2.3230367920680552,-0.45306631174962647,1.383351507672272,0.162450676748758,0.7205124286329659,2.2191404831415857,0.6149250157456655,0.770052531596665,1.129519063888388,2.2140397338985633,2.8457610727000184,3.7518267715594265,3.725440522581954,3.8358406257944506,3.6389244511884695
2.9258449606955517,2.0392957173239576,1.7509497243448933,1.4454752997941889,0.331365920502262,1.2460655401117071,2.176917574337498,1.6809477079752877,0.18940318206081813,-0.6382168012952093,1.8951288836434297,-0.16440079965690832,1.078075393866943,2.484022390327807,1.5685280092389955,0.4765536386758132,1.4449861428798096,1.7272011410619041,2.64664080089373,2.7290141834389603,2.0667273425688304,2.4826223039750674
2.166177506229486,0.9368891072206028,1.1393843073594603,0.41727117697900173,0.5779008030746341,1.485622614482853,0.9789322210473758,1.2013178625456575,0.3317014019793066,-0.35932642746445875,-0.2797506794211323,1.4136941937576555,2.029050265832702,1.7570545104874913,0.6354876724644019,1.617230340839956,0.2395641166141117,1.0247788571306296,1.4099807535583762,1.513509965129421,1.8504754666591954,1.3964574770254612
2.6352692551399075,0.8885695454173834,1.0869217619826939,0.08681775623419292,0.023438975134233812,0.5011862034563651,0.7986288563634417,0.5714442709165005,1.0921218540021727,-0.24850479487858373,-0.38608399737007937,1.4915099260930267,0.9610485415381188,1.309873339826584,1.9409044061291907,1.2890405278790669,0.8682185764656082,1.7024282695558686,1.1877508238280794,0.7372653828142933,0.4765853052111924,0.9062802627971497
0.7217684402797624,0.6459792765490572,-0.9374436030804513,-0.6687748282314318,-0.38333367469292334,-0.09239853813949524,0.05208444628007022,0.00784093984132702,0.4968445055184173,0.33082376142097897,0.4011639258878286,0.7348389918865338,0.6087920444783961,0.883561325248857,0.8754807864916692,1.6939251187164903,1.1033590234241004,0.8214942361058485,0.5325087892810768,1.2980448526005077,0.7156088775857817,0.9442508651679429
-0.22131932354656952,-1.3105530716031877,-1.630324335671085,-1.1519829283158012,-0.8690174465580573,-0.37156232813298096,-0.40935934108008165,-0.5204377374753655,-0.6728738495645319,-0.19611067582216318,0.17321272361751863,-0.14410871425230254,0.15658283051483943,0.1934026008513224,0.5305014521808329,0.36087650865179277,0.36379010473529266,0.664969362834221,0.5781476554071359,0.8426471178290849,0.3042376191381335,0.8239688967384527
-0.8103828832430979,-2.0595018577661217,-0.7081870620690979,0.25252890493074065,-0.2513163356972301,-0.803870582003972,-0.2322564265464743,-1.1496269062679152,-0.777408773031112,-0.5946566169082615,-0.5434744033453339,-0.4503717100179487,0.05894848871583338,0.019969895997363336,-0.07427245145987746,0.2155672057978086,0.293665455164548,-0.19130178840841444,0.33575076947267685,0.3489313306130525,0.4806832257062485,0.437542416986543
-0.9358371902894982,-0.29825975809947064,-0.5297871426047095,-0.4908665094540895,-0.6265606893246205,-0.4666308601918712,-0.5524934065655723,-0.5158590570998999,-1.3897503813485796,-1.1171894559329367,-0.8608352081829518,-0.4111154827313449,-0.2546338665027546,-0.3293291993317982,0.11346634348408588,0.15349154465501402,0.12506900108264757,-0.10643625441011867,-0.04071071600519757,0.4579480472929917,0.3389802932295371,0.03704709176831085
-0.3783804574058812,0.18809430683713024,-0.3456566251071819,-0.7075966770141424,-0.5800011081871735,-0.6694803851286771,-1.0489102371262782,-0.968478446185526,-0.1965777899108155,-0.5893658503646904,-0.8849398467911822,-0.755210991653478,-0.7809948037189918,-0.42492246387863253,-0.30407647962966555,0.41465384113238146,0.31529779411042014,-0.10963799792153013,-0.0865593417181488,-0.2952905764861393,0.14967856488766595,0.206804529103507
