script/wind150m.json
{"header": {"parameterCategory": 2, "parameterNumber": 3, "lo1": 6.000198445256149, "la1": 58.999992894266676, "dx": 0.5, "dy": 0.25, "nx": 22, "ny": 24, "refTime": "2024-02-07T17:00:00.000Z"}, "data":
[rows 0 to 23 of 24, columns 0 to 21 of 22]
-1.731267843729618,2.2115350298993226,-0.041424345438540615,-2.197680671186356,-1.837847143174493,0.7224343762164666,-1.053082403342405,-3.900958665078234,-1.4052849692393903,5.55437736530798,-0.48530705273999003,1.3574847803880534,-2.772827774010317,-0.42257459583437046,-1.0131299051919669,0.41227608259862164,-0.23997625837853892,-0.923303717442259,-1.5962063441213121,1.5416925584241377,-1.702622952228446,-2.7596266455751093
-1.6178816346293954,-0.16610568779086488,-1.632926559439761,-1.275722611377777,-0.9403468905588886,-2.0753412527693196,-4.973301251423159,-2.4336930906023215,-1.7046690954426607,-3.8684691774935436,-3.5963036961016397,-0.8176044582673998,-1.303245171812892,-0.11068577422518788,-4.900668274532637,-1.7206237560347397,-2.8924981977531075,-0.15531342796856973,-3.777422253230064,2.2187955356406626,-2.721149882556974,-2.4134600252190683
1.8481092906587302,0.13668578648460655,-2.178256573023255,-1.7487351386727312,-1.5710697984120228,-4.388023938572702,-1.4715189596406713,-3.5624201127125805,2.960698532149147,-4.784907346049547,3.724303434025772,-0.904529424584211,1.159246657021766,3.085085578676846,-1.3459773008815563,0.1550055551587328,-0.17398983262548312,3.7677985601121584,0.5550095185052623,-1.1200466459172538,-4.167828547893096,1.4375861168527497
-5.395723722995009,-2.3469604247810714,-3.1460882222161595,-0.49835609465956504,0.8788226158764204,-0.9399643603874143,-2.4059704421207617,-6.803312132978658,-2.25956496356663,-2.8403542076665835,-4.5043418901482015,-3.825930301623333,-4.47074609113239,-4.529734440756122,1.6856745004356612,0.8057283879245518,-2.111321848167042,3.3136963748576713,-0.3591402988394366,2.986045011899108,-0.18788096583775013,-2.951611775848274
-2.8372921681935344,-2.9711765368993013,-0.7886066661118787,-1.4327990685707568,-5.116898297135602,-3.6761698191691647,-0.06896727969909419,1.4711893044438324,-5.337270512277744,6.264561164402828,-2.2253760830075873,0.9342420969097739,-1.4084308286111786,-3.7223783225123537,-0.6439900036060958,-2.6087022554075494,-2.4735369008151364,0.5285577132939017,-0.8135334918666314,-3.182438804321366,-1.809112325632411,-3.6748582971121126
-2.3836725998354327,-2.4106415783452633,-3.6337958671238697,-1.9922340822673938,0.04313298297978559,-1.1342666766178953,1.7390670592567936,-1.8286850989221488,1.2706647630583296,-1.1231375073076684,-1.1312635892412004,0.8161464288272382,-0.46344425531417266,-3.0732642637394694,-0.7893326363189906,-4.55308442526469,-2.71696379389388,-1.477123910044772,-1.87145407859692,-4.3942109399210185,-3.4415626947931197,-5.786539457825755
-1.3964423056098032,0.38485631075013144,2.2462340556274705,-2.70888588475,-1.297075760558213,-5.968592871416769,-1.2365708806608477,-1.064693075341568,4.6949849697463355,0.22305524236050325,-2.6116574687074676,-1.0518332990492123,3.0668596953584424,-3.408471816585537,5.270041748267162,4.360770339725807,2.9332502658733564,-0.4292458427290925,-5.080734257871867,3.14869040422225,-2.3813150978274433,-0.7888355026320274
-5.427270369992526,-0.9853544678498493,-3.1008480760754926,-1.3170901100882735,-3.6524251481290735,0.6963421101958378,-5.087598848491997,1.0631231953250195,0.08850739320163158,1.3414389278664047,3.2584660160675836,-1.5774507330996714,-3.0675038902844607,0.5995814163382444,2.4457170925018876,-1.5978685256198604,-3.089545884292255,0.11361357657067714,-1.8754394600886073,-0.7814755799327386,-0.9070292489077341,2.2948870190616204
-2.573104056617393,-3.397198276203074,0.08829629571186502,-4.187616821483098,-5.029128329925413,-0.9743832153665575,-3.1220440595679286,1.8026547897879275,-1.4465494032220696,-1.1597476788551964,-2.1859158313113767,2.6601506091272196,-3.1577934415224767,-1.2887310476429734,1.102465212329851,1.677898935255384,-0.28189347904470813,-1.1424426418276938,5.473917461957081,-0.47971080962623186,-2.0925418407665033,-4.6126508656248175
0.3493427252919639,-2.400557975843959,-1.5505687697370563,0.926212682160457,-1.0717198861055461,-0.7890859026101037,1.6938200248197426,-1.3519063567640743,-5.718970332692774,-6.960512273835775,-3.523007333817773,-1.204128275576634,-0.7097985465858588,0.09514234770236711,-1.4149714331702852,-3.0817689306155223,-2.6445627995857626,2.1216822755180624,-5.551996476105831,-0.5128788075177071,-3.5861856143082096,-1.2367814705570723
-2.377308698291156,-2.8420855340302467,-0.3780246043004942,-2.637228183706676,-1.669928458016536,-4.666719563673816,-4.356250792921072,-3.0627364660403344,0.554452237945759,-6.222432142045724,1.2085791541773805,3.388903301088615,-0.7619013361665493,-0.6700872590592633,7.343433676933901,-4.296677595116787,-1.4807465425432458,-5.502070771014851,-1.9244374833209157,2.9090192614882726,2.075138855691023,-0.8818647492415072
-0.9633726730287562,-0.36095298759786476,-2.3142485276343083,-2.172887383075845,-4.548384230029635,-0.5601013736865692,-2.2019649576145697,-5.128026115548592,-1.6216983729118066,1.7923107137272205,-0.9564910159243653,-1.2760325330977675,-2.156908255348897,-2.3106872804687524,0.19057706766399402,0.8547663892881344,2.80799180276782,-2.7037133399184374,0.26694263377563654,3.8319720373324593,0.66798328863623,-1.5580322190990505
-5.320262601083296,-6.000772297655081,-0.48855760072106763,6.023774987757406,-6.586311990959859,1.098666334539883,1.8696992056622657,1.1022740092257077,0.14589746018276645,4.359408807018388,-1.5264125707880534,-3.3260291016522405,-0.7767823434680357,-0.8290008914563952,0.29881247000638333,-0.5247978281835324,2.4646054357467477,4.895920671187358,-1.9539276544389095,1.4532211514520663,-4.233404524706491,-0.16052775267697109
-0.6667209605383774,2.572304721266475,-2.3949168470565816,-2.2738997397014407,-0.6901607028571816,-0.6756056949401955,-2.2394665345775735,-0.23800096614610608,-2.1946793431178224,8.928600588487887,-1.0262122777584117,-3.9319457299360336,-1.0984476241877996,1.7898970277920991,-1.033430153960538,-4.200943138625666,-0.9740500002072787,-0.5148032543869867,-1.1727793940377034,0.21998472536854893,-1.717088337689318,-1.6601885881615652
-6.238779931888382,-1.202023233116514,-1.2925713062452424,-2.7136432183695107,1.3401937370411348,-0.7720364550384546,1.0430342557275016,0.2751183587758641,-4.616948461220436,-2.601874275305493,2.3686158831486446,-2.8997216234980576,0.710111683165142,-0.22324523931395085,-2.3503453106809484,1.2571179940346395,-0.7771511292753065,-3.74186716016325,-0.6604332590904526,1.6132228106163113,6.169299761495107,-3.8608680674656948
0.11260022156392455,-1.0673017167289036,-1.3379375287767905,5.25445076644956,-3.503442173539296,-6.325728717496491,-2.1267143846535186,-2.6054069683983005,-1.267543989844196,-2.424153432027149,-1.0512174219719592,-3.18431823875976,-1.0475420869720498,1.754755063040208,0.04937474214207876,-4.318398765185751,-3.935301313831077,-0.8926116522535531,-6.06278194601586,-1.4277835205170493,-1.393241845138101,0.2662558303788116
-0.89545157912133,-4.984996018241065,-2.0269487378087,1.2049824751178457,-0.9944203663124401,-1.6665793228452581,-1.0998217713386964,-2.505990547712987,-1.1687023435740103,0.7820963504307359,-1.616217990450856,-1.3541629994298614,-3.185487662030821,-4.329634968653464,-3.282507837749728,-1.180844127501494,-5.316259610295223,-5.002483777215089,-0.554674816214132,8.59282024673081,-0.5968281654067623,-1.1597180014020279
-0.56003052406108,-5.910921588648941,3.690766279662024,-2.0486828426809476,-1.9724548263173851,-5.322189208150549,-3.0449713326232732,-1.0163191491817278,1.3787200551001797,1.3037770222327427,3.985014153553082,-2.9050437119953925,5.000276499079724,0.13376721559749694,-2.4493717838745526,-1.1710315070971558,2.106462722730158,0.9160918333684908,-1.7849479379955486,-1.4663556538483125,-0.8981067647400116,8.532859864067346
-5.411862148433492,-1.0435346339640634,-3.638410877702339,-5.333471130114386,-1.0443874313168413,-1.756721361704962,2.5818690535358853,-4.9442816571931,2.5806623557647117,-3.325515216333048,1.1489908216135376,-0.972662675435268,-0.7369690151006909,3.5557979059222085,-1.935328877293778,-0.5060357237872549,4.451337760830772,-0.8900235957112129,0.6860232752979332,-3.744288236750657,-1.1883441061299933,-1.226527026127847
-1.000904295885048,-0.7869339671316541,-3.0868503641483565,-0.24524416273759997,0.3596624138125258,1.3223128694266468,-1.0158661494991839,-2.4347825830839356,-6.266036893445595,-6.611274875576553,-5.3414461343903605,-1.0608601125171253,-0.7328033054730276,-2.941410560330552,-0.6454227752102267,0.8612804449915836,-4.469650341043892,1.5224413899611342,-4.350696998830618,-1.9308649203852901,-2.2653056993153347,1.803716587034605
-3.2608554254837285,3.1953775461178977,-1.1055000259252181,-4.502917560483108,0.6241739769683697,0.36881544219823725,0.9406759236060112,4.376371134542784,-1.1860123306495018,4.283772816211482,-1.1260253153048574,0.002760116333877204,-0.19977957226230056,-3.1396833718370845,-1.7923630685058831,0.3106388598957601,2.256561980444347,1.3674860560839521,-0.43881585790571787,-0.6691113838046814,-5.501432480094291,-0.4870531512389669
-0.03254569791279855,-6.5028057096319944,-1.4471989894845003,-1.6042610664444987,-1.4347586856595231,-2.1976372598806106,-0.4988525512281922,-6.310070147866149,-1.8478853758007265,-1.2378065255021218,-1.748524360987216,2.177627563529924,1.2221594625525207,-4.369384393695915,0.989780670517492,-1.1006625689648784,3.6613690889056465,0.9759728476881361,-1.2633206134911228,2.8301270650093913,11.622392735669607,-4.0710829961566075
-5.098333951131737,-0.2448485853699903,4.066637954184001,-4.695414483600866,2.4795778139081417,-0.3349751185063183,1.053739088038347,-0.7559147195759089,-0.038994119103661615,0.30443873414854156,1.3254503772587505,-2.0822673295444507,1.6992328405427104,0.31346512185014025,2.38367281751093,-2.8122517297865492,-0.9452387293846686,-1.8264338348803253,1.9733806352903485,2.2955970157437204,-0.1235031630637577,4.010552693230086
-1.6022321294411381,-1.9255740508320638,-0.7251589389520701,-2.639066305175257,2.83392578431305,2.2455840203143294,-2.1088362617012972,4.370458314162281,-2.3415349601328543,-5.41090448481445,-7.280990978512281,-1.1521625955681254,-3.5217622005602234,3.9819848224203382,-6.701244052552601,-0.2606181532778591,-6.169004492148059,0.044405265859913196,-0.937386759367689,-5.3899276001881775,-1.197440035237523,0.10052383812230947
