script/wind450m.json
{"header": {"parameterCategory": 2, "parameterNumber": 3, "lo1": 3.000054539987559, "la1": 64.9999836372058, "dx": 0.5, "dy": 0.25, "nx": 34, "ny": 52, "refTime": "2026-07-20T23:00:00.000Z"}, "data":
[rows 24 to 47 of 52, columns 0 to 33 of 34]
-5.570192755703714,-6.187341900968922,-7.4234547558262864,-9.54070960369358,-11.431086598936007,-9.362607269366947,-1.1236168507262414,-1.1130927208673287,-4.023254940583035,-7.379150125346337,-5.1156236188816555,2.7926217806499802,3.747764806357155,1.9076872867774475,-0.004424783447097736,-2.121324973373193,-3.204665729881107,-4.866428901269975,-0.02908061435093099,2.5225548511968237,1.3597702872846094,-3.860609903949054,-4.360768307045731,-6.007795310200089,-7.533246677484488,-7.743301664888633,-8.317012636486545,-10.645513158852445,-13.028293950410617,-13.479449197971887,-12.336444628915007,-12.648882700448501,-12.358316470105304,-12.530244307253536
-6.232950790522954,-6.4689363646587585,-8.613986845780435,-9.764877215148891,-10.964961214246397,-10.656183319434154,-6.510893119477278,-1.295796929842575,-2.464849552863613,-4.514822178561156,-3.57573129863282,0.616696125110904,3.4325546363783648,2.8000681416403954,-1.197350887425158,-2.641343845497734,-3.798779203733264,-5.777972643643264,-0.919784459564061,2.6641540217457162,-0.8258710740904364,-3.157201806543144,-6.2221442785086385,-8.09999789776223,-8.022901325630086,-8.199320383379725,-9.614043356577845,-12.111798723988022,-13.575172540451684,-13.769822447606693,-12.677962839403932,-13.879856510799813,-13.21291735659814,-13.027625742185267
-6.630168527233195,-7.524833415191047,-8.96855281995767,-9.51578909509441,-10.543243129002764,-12.22500007718423,-9.699763931626967,-5.53076322424372,-2.5962078481174053,-2.418171033569862,-2.295175259442655,-0.16800436768094001,3.0318362094081133,1.5217521542017862,-0.5358324536400294,-2.619719777191104,-4.491442089044893,-6.820527137266567,-2.3802474182579556,0.6545753822732533,-2.9776298086752626,-3.4107437048813485,-6.73346226134663,-7.115426069322966,-7.864464962476489,-8.458700481601497,-10.520110131751458,-12.757921619296843,-13.606471171062214,-13.715797364772259,-13.566401159385023,-14.99303595086022,-14.411188352472573,-9.84666578954186
-6.586025168232512,-7.917684489595819,-8.743526649433452,-8.493999228326414,-10.257480311232266,-12.557514196056491,-10.627194542432628,-4.703120943686082,-1.1971763434850728,-3.967978053383484,-2.2816413872050347,-0.5148831126150843,1.7885436625421813,0.32801455758409176,-0.3788839788086716,-2.4034187706460286,-5.089186063822534,-7.595374522724458,-3.2097701962752194,-0.6360026245538386,-4.072754515855976,-4.783638855298141,-6.539613101939939,-7.401665008894663,-8.291421118860933,-9.655111267075034,-11.782123499558946,-13.7837542923434,-14.060171979395902,-14.23426900254292,-15.01851399867179,-15.64380854336142,-14.359111400755934,-10.733422200842748
-6.5414709609851736,-7.58490652639935,-7.848767478907692,-8.609355468901365,-10.087191222762424,-11.91941751583582,-12.510761960787342,-7.1364190733675885,-3.454004424569806,-1.6123236073723703,-0.9998209321992219,0.670921758278583,0.4953042614303893,-0.9480059252540793,-0.8893875604377655,-3.2172597385804216,-5.653950373570686,-8.550203195784569,-6.695938843911284,-2.189777664535869,-6.66879025099546,-6.102073434083517,-7.983494416786529,-9.631105274037855,-7.70462980851555,-10.924100079821386,-12.758760042072211,-14.125506760369118,-14.611882089720886,-15.170030945360354,-15.710019515464644,-14.852935462856896,-12.631381023878188,-12.774936595777369
-6.607266279154,-7.087343551631005,-7.531482863476292,-8.381587952751053,-9.783555283923791,-10.960744443305124,-12.237038120028448,-10.422747243453449,-4.545515706577925,-2.415590938869547,-0.5219749480546895,0.07824210753444036,0.0243639180252557,-1.143080468783267,-1.8429238426922911,-3.5510750895708103,-6.503876160195116,-9.107064910857725,-3.65910037497536,-4.1024275631559135,-8.865968899562242,-8.066031416869015,-8.117176960645802,-7.3429417681317295,-11.16440012285369,-11.923822350975863,-13.351285831070841,-14.432364812188322,-14.738720154170316,-15.21257117478642,-16.870730925935515,-16.272035753339352,-15.91943132907277,-15.993174782568653
-7.275551313307393,-6.991233815776307,-7.299035467400887,-8.42179139140254,-9.30811036070192,-10.137181776646722,-11.102847307166245,-11.245465033319604,-7.887467005473823,-3.863050743030471,-1.5058354287381626,-0.3819579139072776,-1.0464200407681352,-2.034568392990653,-3.043170493613309,-4.531854229058389,-7.437737677927851,-10.05097437219948,-4.733901580882063,-5.576639582104221,-8.378680661413041,-7.696373758625488,-8.75813904999196,-10.984616977635147,-12.431088483750724,-13.24776544653529,-13.584731994426692,-14.358421244033062,-14.381260271168836,-16.34020217150071,-17.602509298253086,-17.94303365107289,-16.66615439440407,-19.356125765416184
-7.2754834804598385,-7.972388105370661,-7.366941613857116,-8.181859197833997,-8.632781616504962,-9.413667029824971,-10.0774912227187,-10.057912318133233,-8.848446995774133,-6.0237388266691205,-4.100340740194054,-1.8546328928062605,-2.269899603574369,-2.528630157077601,-4.409212244498891,-5.428180718668695,-7.904710652039652,-10.05965538522737,-6.2804725139836926,-6.991733632935115,-8.138885425492788,-6.269007948420352,-9.014262637719739,-10.239783411352803,-12.293407484887965,-13.035507757013669,-13.351670365520102,-14.529379909224359,-16.196470304820345,-18.45486097266715,-19.463989433995742,-18.795789788485127,-17.42802448779604,-18.06347133436985
-7.428941484729611,-7.052224497487218,-7.121717653638235,-7.53056001463537,-8.070678351374255,-8.64385672931761,-8.879914638429602,-8.824887152732256,-8.289079200786814,-7.2638667790530995,-5.729851513943163,-3.284460307921201,-3.791379530846567,-3.706821458760516,-5.645016348794441,-7.459670251883741,-8.99525844494969,-10.744151400483021,-7.669330239302914,-7.855705844188373,-6.8820377120269525,-7.116738446520831,-8.76230283787175,-11.14441537581563,-12.705042185441267,-13.435616339607881,-14.678678410773179,-16.519701514208343,-16.895401315920875,-20.228634973626303,-20.357652098964667,-18.65130511792508,-19.076110493239348,-17.514388945868262
-7.142358849044242,-6.611571232237992,-6.980299938594928,-7.011447024073155,-7.941639788601646,-7.634768887626127,-8.021351369559081,-8.430944839603905,-8.195630423552844,-7.148912468768022,-6.774144808170625,-5.071312033040855,-4.946047396250176,-4.805921681979924,-6.607684403752837,-8.613388525121923,-10.465543867758493,-10.797891538080192,-8.898663179678227,-8.51076985966379,-5.186187724674483,-8.23767292293729,-9.541512225754127,-12.319571411190866,-12.896113237629635,-15.679323132537172,-17.109489354334126,-16.382846018411353,-18.92797197183064,-20.679047412400795,-19.206722272477407,-18.319047802221167,-20.464238416075187,-15.669234256411803
-7.324373073694904,-6.345904804919614,-6.9055295423053495,-6.465911760203574,-6.8926748923076575,-6.9562661853863785,-7.77542505729119,-8.289074576584571,-8.274565919878066,-7.554658955752117,-6.926517021040839,-6.121249172476851,-5.268897219776952,-5.899351536581364,-7.329705769067845,-9.815117481532289,-11.670256641962467,-11.768374412871115,-9.56618187733493,-6.763447938775479,-5.731999389977937,-9.139030523851813,-10.935932052990589,-13.202298347386073,-12.945338221278238,-16.115366642499037,-18.704464537662524,-17.17693487675827,-20.54690814818347,-21.310281717992012,-18.978417466341927,-19.346298208797183,-18.99193864790854,-16.798504483781887
-6.8476592088287305,-6.941074484645646,-6.198230163028774,-6.000549355269068,-6.559516442881171,-7.478057967833755,-7.590990716772119,-8.425500171974342,-7.95050853541634,-7.435301563590971,-7.409879580010744,-6.715532863610814,-5.678946518606693,-7.375727841887434,-8.812510974235334,-10.602347525884776,-13.006677875689045,-12.601523161745153,-9.124128030979993,-5.3403686072136365,-8.013866873835415,-10.437124058969049,-12.04568259726008,-13.146396343971263,-15.078498303218929,-16.738500171974135,-18.95635117818792,-18.555918915014704,-21.011132738471513,-21.674621007034524,-21.485810832000407,-22.26823274736198,-18.040074195699617,-15.986609964286426
-6.64928885300207,-7.610465337149731,-5.561672261871133,-6.022618234325448,-6.681875146337696,-7.308294248982946,-8.044481382024307,-8.652468639280464,-7.73976455549511,-7.90622147036129,-7.489738029709857,-6.997326009783869,-7.053470954579831,-8.153050166242503,-9.928470646795663,-11.956669068371278,-12.95237298184521,-12.88133969588767,-3.6991943773939275,-5.202959430370039,-9.464037705368758,-11.277891146448075,-11.191661550423415,-11.863160235813549,-16.098086626025804,-17.26946603855668,-17.457142010632598,-19.118988114130335,-21.400387198923475,-21.523016843346557,-22.159733408241934,-18.170461850855002,-13.985179333873043,-17.45574188611815
-6.739566943433413,-7.624230992610484,-5.618521323378494,-6.19647495857205,-6.965856264097813,-7.926748744279423,-8.435119926501851,-8.212428763148496,-8.22427260936017,-7.974387134123989,-7.8755381853321795,-8.318893391096674,-8.902473922392895,-9.029755987674246,-10.086134181557727,-12.47645097363195,-13.038365424852417,-13.358326787697035,-1.7188341936175449,-5.487785030941535,-9.997146088843644,-11.725132280332874,-12.625966474833483,-12.980283950380617,-13.482816485292137,-17.74421490813449,-17.408324802080966,-19.759037026090397,-21.019070195808258,-20.88519973941558,-20.17472503424292,-16.62523041518601,-14.185622088708374,-10.756296318459691
-6.845347319623949,-6.778190448566479,-5.67224934421266,-6.394129496381688,-7.503841461932914,-8.42460765051505,-8.433693809007487,-8.427639632369157,-7.961825277081411,-8.491562189589079,-9.318118106563992,-9.453124618909532,-9.93218485008534,-9.264774931970617,-11.09923565631421,-12.194266388333315,-12.212292265288312,-14.537275561340893,-1.2713016568732431,-5.590842313366032,-10.129598892114629,-13.462300379999041,-14.473801873463504,-14.173997545772995,-15.017613936619565,-15.941495290942408,-17.8425702421208,-19.860256901090704,-21.446501831825604,-18.198185464714296,-16.570608065235334,-14.875236352069635,-9.19501418259254,-5.004734532523406
-6.341366820170312,-6.708394732062946,-6.1860305636625235,-6.639517552939152,-7.76833835617213,-8.631502333366644,-8.636804035325577,-8.429383435395167,-8.298466373310449,-9.506023043479347,-10.48305542546143,-9.69853945305995,-9.524389118480748,-9.273513143630177,-9.011106005301412,-12.61743338515886,-12.452901279394462,-13.945353988195313,-3.6244833498604483,-5.30777311171227,-9.917072561189409,-12.024507106036685,-14.143877429264819,-15.040817122871033,-15.320214620472745,-15.60347312024715,-17.88941749462568,-19.178312787197484,-19.648103084990925,-19.048151446127434,-12.817534431676135,-10.008527291744278,-6.0352099275519615,-2.4906019239792645
-5.398004959046148,-6.437489637563,-6.922746548085807,-6.9387235149023985,-8.187908440412405,-8.899650772882044,-8.525433637933988,-8.110975709399979,-8.911059010601093,-10.288133373934654,-9.794050341716062,-9.720273805496399,-10.146024898554282,-8.707258608624675,-7.9875578103707525,-11.73532227678682,-12.23550326514571,-13.763491438579058,-7.748144421856411,-7.997416704946579,-9.24779059937287,-12.268351994627043,-13.427807198575948,-15.635287934932528,-15.462469857021858,-15.594236251187851,-17.427422838768894,-16.528631007609352,-18.434786078742306,-15.554225337304782,-5.580094705566812,-4.418637996245319,-3.1821494684055898,-1.3661646674184513
-5.28845782139842,-6.150533245874361,-6.9603100269807765,-6.973822476391135,-8.09633483993829,-8.781723186883541,-8.513958964426715,-8.747214871398418,-9.569335741562616,-9.767004546046168,-9.889842541136455,-9.18401704426093,-10.254153134146366,-7.602855921444875,-10.178601681952905,-9.600179039038373,-10.636682806013058,-14.689594235681472,-10.70066793278613,-7.9140908895249265,-7.840382335811481,-11.769057542224433,-14.966829935528605,-14.134714953511725,-14.623132158546712,-15.725973275799786,-17.176566665587117,-16.1425158823956,-15.379508806280668,-9.345461481518363,-5.474295486947544,-4.543775242637894,-3.620828189853995,-0.9066627081203614
-5.197363568513114,-6.09302703586029,-6.5847194045079505,-6.918946947256115,-7.94395183250916,-8.378206663336305,-8.422644174233213,-8.960535640206128,-9.766693671522885,-10.177026933623322,-10.598303888405475,-9.39196445409609,-10.715889360999789,-3.307986770599597,-7.671939501557754,-8.851138541652594,-9.595621600815203,-13.551801843174657,-9.610167867764964,-3.8332909454396544,-8.971117281044572,-12.790507241645859,-13.464319132646793,-13.22883680923771,-13.763205098452895,-14.771146943350768,-16.464632865839317,-15.939143018112858,-16.670888252781953,-5.692384356597463,-5.751971230352287,-6.632581516451066,-6.083261243774419,-1.621469641783781
-4.751194369056342,-6.421391653730262,-6.074890686200884,-6.736500965497328,-7.421726379568896,-7.235566028432607,-7.831907561237889,-8.787459660995532,-9.266964045303636,-9.617253977202793,-10.53333359703728,-9.376898277596771,-9.92254765980003,-3.81698306159669,-6.48886637226262,-7.195353686315428,-8.739147630825428,-12.664360192183251,-11.463609551928055,-7.0742910801864625,-9.704756749046213,-12.076042888562906,-13.183538384517687,-12.923162102943328,-12.574972497308961,-13.062958290110052,-13.366267607745149,-10.029173422754512,-7.278600913113853,-6.431098517621712,-6.901669046316881,-8.514795839905242,-6.035458784395567,-3.730654138839214
-5.162397699145704,-6.493982431264984,-5.8668461995507855,-6.56158341919521,-6.901669629660887,-6.793054097824564,-7.752284670419693,-8.309689304854384,-8.591730992267086,-9.211211082310948,-9.638856211643686,-7.709686927917059,-8.835212114890771,-3.119298920826365,-6.517590164703373,-6.583957925258971,-7.151289996798977,-12.005108639324197,-12.525339209006988,-10.500783715158839,-8.736129383587679,-12.719209917929659,-12.686914403323643,-11.879196552782682,-10.7779994336637,-11.4749464058856,-11.607244285539462,-12.056919974363973,-8.733841851782897,-7.589759699473754,-7.561326773368836,-5.898314467408021,-3.900493145655189,-3.1813805484043054
-5.234994614518902,-6.518243028579779,-6.146204912827131,-6.792322467931277,-6.890176529880452,-6.604765503374565,-7.001881568606609,-7.647709154364804,-7.960517400085084,-7.364685055102248,-7.4274656621764965,-8.374967243835368,-10.348669122236839,-2.208169007346053,-5.472141247187984,-5.658870920021344,-7.494123027160569,-10.065270640417925,-11.723199514279957,-11.971973291391782,-8.301876933028158,-11.55666138109787,-11.050475474617258,-10.455620569874897,-10.84030748721931,-9.54424934327473,-11.224392111854673,-10.01907729094708,-9.268985902144603,-5.521487868589971,-8.431822256325965,-2.7466794331415216,-0.7167957024087379,-0.8252517726587296
-5.492023242293558,-6.6985455989868115,-6.546209442872027,-6.870580975793028,-6.912831834947583,-6.138503580465296,-6.45258957989718,-7.293643288298826,-6.929729171589984,-7.426754037931376,-7.683339573328587,-7.541168122545005,-8.612032867347093,-4.928068411765645,-4.495766164893701,-6.544008566139516,-7.1580159884401295,-10.072487851027741,-11.833626166173225,-11.355513393049517,-9.62618201203484,-11.15925970422305,-13.090764399790201,-10.157214679689954,-11.118561763443674,-9.188522948760347,-10.252505434042646,-8.22720218709223,-7.336159578444033,-5.042446846657064,-6.941584956791249,-1.8059776894501836,-2.09801193655966,-0.07718069465105869
-6.090578479168557,-6.649348867759695,-6.900457873059118,-6.8720903780726,-7.027478589309202,-6.261118588479147,-6.836062206112445,-6.8485867624023475,-6.916736556897935,-7.477145647679638,-8.277689016791214,-8.22891859383525,-8.189501448501531,-8.700298999098246,-5.6124733566443314,-6.509462713413515,-6.147334326319968,-9.416462263122314,-9.498502298700709,-11.479865268110848,-12.53206614339925,-9.679506041661991,-10.462331099140567,-9.382766448967491,-8.304452105419847,-9.626369780316699,-8.431664263615186,-8.289744648102591,-4.621510097252652,-3.0084669580796515,-2.8913580331868594,-3.25471829402592,-1.4251184435944946,-0.541438935504865
