script/wind10m.json
{"header": {"parameterCategory": 2, "parameterNumber": 2, "lo1": 3.000054539987559, "la1": 64.9999836372058, "dx": 0.5, "dy": 0.25, "nx": 34, "ny": 52, "refTime": "2025-07-04T11:00:00.000Z"}, "data":
[rows 0 to 24 of 52, columns 0 to 33 of 34]
0.2772393318679181,-0.2970068199864481,0.665029706178172,2.5166629453704417,1.9583446899427326,0.8887257156633644,-1.0319091775078024,-1.151089149431985,-1.110532538901842,-1.9171261564390338,-0.5445528252356198,-0.8701173624468899,-1.6691247902035078,-1.0274202883926333,0.017169972466682625,1.603730143414363,2.688739271085439,1.2758394688361938,1.6714671926785167,0.6561549339512985,2.973016195986734,2.5148436251394113,2.8476429625381177,3.524618466475225,2.709360889939794,2.0301375530282204,1.6392431849186422,1.9518446890131802,2.3891139255209635,2.4290375178175023,1.5474790172295207,1.8618401671315785,1.6720890999777176,1.6124654421193008
0.912988059109838,0.24047102224293257,0.5661073321682903,1.462746124752907,1.096483235060904,0.1814962160003295,-0.1786798835422475,-1.132612864240174,-0.3624619918382108,0.048107303215308796,-0.2237573031988842,-0.5905705714992077,-0.2508422545747042,-0.4311465833339402,-0.7752268762215188,0.7945434489750631,1.8523600099440791,2.4239949272999195,2.4711468671067283,4.060321039723952,2.3092134820678423,2.648443250923467,2.330509114251731,3.9341298775580142,2.290497216708175,2.143156797405684,1.7384614216787482,1.409445413749366,2.1901226539045466,1.9733251982437197,1.7993638284111362,2.073384852412943,1.9965589477466335,1.7777798172077512
-1.1857348497464406,0.35522415542257824,0.5762172198977812,0.7603439525852274,0.7649646259585934,-0.4733007801295458,-0.31866352690056343,-1.1914352828926578,-1.0859287703301346,-0.7982443629141311,0.16388644189374363,-0.7727311580322662,0.03808504396507339,0.5862658817220731,0.8095154388913198,0.6174078148333564,1.8285735277853896,0.821798645609153,1.8195945834159046,2.2612121506287886,3.172507278296847,2.0232806173056375,2.8922993087392874,3.3327404351683945,2.1032994708184223,1.9883679575893207,2.179132319685085,1.518312375933937,1.9949885747734168,2.0993468666102704,1.982230184932394,1.8723225752040633,2.0145029769588825,2.228242512941755
0.2818179442394996,-0.9564002913493121,-0.20127804157607498,0.5128642037935867,-1.0621859002128222,-1.1723022637832934,-1.2688328282869452,-2.0921273992671843,-2.218522763577487,-1.9190692913204117,-1.1094559445039982,-1.1223821222011698,-1.1630234154442354,0.036616799317542345,1.2972581768510374,1.90602064362706,0.3838027721223743,1.382826075128808,2.2632060512360694,1.5632634887120578,2.801188393228361,2.9268535463653387,3.4614265777597537,2.7722521425768054,2.4393023243581315,2.7137222881914145,2.29915845139513,2.435326943579854,2.5021113078392934,2.0395300710868423,2.1898768205480295,1.8407276873770706,1.7752487724004493,2.5649052712979508
1.5314645103204785,-0.18485855875305315,-0.08024971749942268,-0.04171515484526937,-1.4883645089259945,-1.606882920950586,-1.6034211101013611,-2.5644354205025413,-2.8308090043490366,-3.12316144000603,-2.150983000222223,-3.527994679201954,-1.5400919402959043,-1.0440285712756767,1.6012226716803708,1.683627865538552,-0.8368927496643283,1.5683883095386653,2.087276863364629,3.2872286147712475,3.485217751031778,4.236166164484119,0.9513567324237113,2.5478377667062464,2.00339794571175,2.1423471316225755,2.4527602646146645,2.412190758154831,2.5559948321998434,2.6835129955636936,2.28892189537413,2.6238808241364104,1.735628134331541,2.0678725955862554
3.296101527929966,-1.1252084686109831,-2.199886668838936,-1.6319657158293335,-1.9754357583067346,-2.366583550078209,-3.1244971625949134,-3.571599197680748,-3.5608344191374126,-3.818675319334654,-2.4499865664026923,-0.6463163125676701,-4.149918892008884,0.6106844511233507,0.44268792137843604,0.11032800876270493,1.1844222210273843,1.2078212985003103,2.659986646110397,2.3801001413104395,1.4877240395162243,2.981742640598433,1.4747032449070656,0.576972667478018,2.168198816458625,1.8726470910629727,2.386468780048713,2.293389868547449,2.4788976506768248,2.272049542086825,2.44673488031656,2.2347559194298388,2.2361166933403154,2.162151088551869
3.7315249658243568,0.8650086995015202,-1.45761287566626,-2.434373626197402,-2.414762479142222,-3.043502119726102,-3.9530152321284113,-4.7512015660465785,-4.476129318997972,-3.2868454448155813,-3.3217132408525774,-1.5039899873996059,-0.3122552251075327,0.5804159363083574,-1.2325116561845388,-1.9163336055698048,0.07639383358027464,1.5838457065625515,2.583191222690379,2.0136359372523636,0.9079795925906431,1.632853761678382,2.14192606235947,2.3286250687254366,1.6290773447879732,2.043948301292484,2.2014785930319474,2.184154629561613,2.36999072267817,2.8887139208897605,2.5985222861379764,2.754982355852639,2.3951796463434345,4.874973140660101
3.127597832855357,4.68141531470465,-0.0907098482236189,-1.876634077945451,-2.7384869568443193,-2.490056901355975,-0.8342912339910366,-3.13010462298425,-4.761272751648467,-4.6618597357985685,-3.7874163110049377,-0.05884117376672016,-0.5531110847977446,-1.0952951839231528,-0.514917379754843,0.21946961256087333,-0.20170018296393655,1.4035655460405347,1.8528649042397005,1.6281249898794354,2.461191659581824,2.0282865969966166,1.9810971840266298,3.0599062931817866,1.7360102031070257,1.7314107701738748,2.0754275724081457,2.262661228114377,2.2836575898310993,2.22718812109859,2.6267553628540727,2.63118239903269,2.715509549262707,4.41915963469938
3.143005098472259,5.712541582671533,4.496299147000001,-0.07363485541291763,-0.5818838891615019,0.5252108803711681,-0.3134769511779057,-1.644894348757611,-1.9289612104753027,-1.8756365662855612,-0.26472433388847383,-0.26533949150618774,-0.9286731878878698,-0.14589489295454044,-0.3511735767173152,-0.17117420323080157,0.6383554340674054,0.797543653433032,0.06041479615425633,2.701758645515639,3.204398827673097,2.5513409992740765,1.1758107610736606,1.2457565427306112,2.456851632771798,2.1135916852693035,2.1755509042792744,1.5806543673208293,1.8124485826332788,2.707544560927328,3.0496239011255537,3.8528799779834264,5.641807719335332,6.917673490490403
3.060501908407327,4.097364591270191,4.230242265379851,-0.02710135465913928,-1.2375252653450062,-0.8728952470726675,0.354142646293164,-0.24943026798600984,0.8910497979957747,0.658657182159422,-0.7800339948415446,0.2457501269555218,0.8162929811092597,-0.3629972966376965,-0.004764465774254963,1.4272363287330057,0.4895692990485981,1.1091940882141615,1.8922729979559862,2.05662632253016,2.5411337784809116,1.8655910239014133,1.9775188464651199,0.41960672813708344,1.7076473728252068,2.6228343468576294,2.3443814228903306,2.438689832516758,2.311056399728687,2.0967412129441207,2.91421562586022,5.761454126319122,5.628190695052955,6.6767256083446656
4.786253726746598,4.661687179844126,4.948616552833754,-0.42652911369464935,-0.5230009743150044,-2.823725414675706,-0.3248258101821536,0.8648630658961106,3.136363468289884,-1.146235046874941,0.22695030298198832,0.3693525001779101,0.8796343496348948,1.453214821427157,0.20829925837909682,-0.8830558399626305,0.3130517356216871,0.0020765098370378234,2.0630008245768217,1.8140264661384715,1.6725777553073748,1.559404708341097,2.4319782868824995,1.5275432231579769,1.786337632483241,1.9790664992702516,2.8977908423459886,2.4543125680420506,2.474065418808328,3.3104557980620126,4.150827937289656,1.9550557640441835,6.957313573349391,8.171273924041632
4.246466107976665,5.15577111897538,4.77204617238999,4.443508566028189,0.9900127103495204,-1.896501131794297,-3.8038219608621215,-2.2675316630322353,-0.8654103256357477,1.0611147106352103,1.4192161728891204,2.1350602100684863,1.3340323009100437,2.1439769965351827,-0.011569844361766694,-0.7829882062972414,0.7525835109484496,2.1182970699208172,2.1784539485935204,1.7516279719036394,2.466780298131536,1.8021287099190948,1.1525617510289903,1.9323775554343086,1.4302307568437864,2.1279174496355933,2.5643470445113414,2.1515050761203782,2.302374721641862,2.610827739058348,5.291956907478844,6.199341298411819,6.667691766486465,8.112167149551128
2.6984766965255966,4.4743408972866305,5.159099441357215,4.275383428325073,-0.14415273146530505,-0.8246693466080534,0.2768308800147664,0.798047977943603,1.8947714473489687,1.846113697863686,2.7934071809533747,2.7727024608897666,0.30833890873181746,1.3624364302135097,-0.6984283055690913,0.6488137152269419,-0.1374643654039898,0.4248025338816199,1.937768188311553,1.5307687297055868,2.0403480667764926,1.7938062003688733,2.1829083927254804,2.0575911372177758,2.2059190099913444,2.067140031196726,2.221518700966746,2.676147182116764,2.805043382913285,3.749550457868318,3.713036440033277,4.854438571795546,7.256977553986501,8.905735492198966
5.314908620716387,4.21672848856235,4.415335211918906,3.9999323441320445,0.012571697745537229,-2.5479502981791993,1.60350701783396,0.1619206441063525,-2.8125635788260683,1.8074960286176487,2.665638385559186,2.8235311929828737,-0.5497718169521085,-1.7953260683236398,0.3660531938896646,0.32838038803162606,-0.24452903915828725,1.1720097019558422,2.195611028232279,1.5046081865475185,1.1927956062958933,3.0530636219035343,2.3420392143140125,2.1648239282672876,1.7237598345577472,2.292126943137212,1.964260238709734,2.3442464185922147,2.8313854847850726,4.777764364086085,3.355129418791189,4.688034211416461,7.103149708574413,8.494174964545373
4.805579178181763,4.465040718945851,4.822281758664372,2.5549773819903594,-0.2292795110198068,-0.9377158831987681,0.05947025913009612,-0.7399433777694374,1.044283426898813,3.5380647955539417,0.8973190021018086,2.8539320499738716,1.9764267331741232,1.1900909188856386,1.6213041279711253,1.4828741408431623,-1.0325016132691591,0.9113224895345837,1.2166292270508634,1.5477827425143393,1.3985169293034299,1.3753932475839366,2.0941190753027445,3.048163768928396,2.3489687009599405,2.172975468548216,2.2722090131324584,1.5310034054986006,2.4978439552201275,1.9050718279615508,4.618952668730476,6.251150438872567,7.380346491089676,8.17103598441063
4.587392799575364,5.092551811988907,4.1634791001783,3.025706845164759,-0.41236751057986065,-0.6400886437366194,-2.0158251290433906,-0.23559817037890382,-0.095487811959221,1.4048439884642874,2.5928408833160588,1.4299323328985996,-0.913327881683118,0.7517512908083883,-2.1925456601040403,1.8642243775942604,1.3744982269675199,0.693101296605136,1.5665992114655898,1.0354885753201302,2.096587597009879,2.558929018172731,1.3266242802614179,2.2842966316019098,2.3633075644266572,2.340343312073282,2.331590563721088,2.3836622882659646,2.2713423077905994,2.3749839266788575,4.151142984827439,5.279749141539831,6.91712429558735,8.44273851356083
4.852080729919878,4.4190492489732875,4.228710059753371,4.088453058244775,-1.4225168392168595,0.08769398122715104,-0.004234526643752054,0.2809193689115059,-2.4769061828104264,-0.39300082204743403,2.5577425733735804,2.832898936710025,-0.47295168106322705,-0.9795094563678615,-0.9863835473548002,-3.806888318351788,0.618914399776575,0.9928777934820552,1.9714111415363815,1.295897386991203,1.6648242848161237,2.3124427435343917,1.7533582769657954,1.9420200751026202,1.9332164206243156,2.638017862081442,2.7637385575903175,2.3378535330318835,2.1884790341765705,0.21873964433631798,3.731580451210177,5.23058549960578,6.657505625738188,7.517386597983257
4.4039625524214046,4.611478976754612,4.457356398685162,3.845728438030577,0.022009965315170445,0.3953926545865985,-1.113460265798051,0.6290582807311107,2.202266147766302,2.828720998804275,0.6423253485911535,3.249396900925836,0.868216895231633,1.6153136569936202,0.04957172300086856,0.9338339882741323,-1.1506914118764897,1.059160196856277,0.5555279161947411,1.6975293660226423,1.2110557504773818,1.5223741973223266,1.700376923558953,1.8693697112039325,1.7451896869243757,1.8108815226186037,2.9247891262254724,2.7730392134399966,2.4021404248801828,-1.3822578522171427,1.7701761550657231,4.0868230469867965,6.035678457964307,7.608641654779509
3.8338679420930144,3.7567584645885224,4.280823423803792,4.093330750357159,0.8582543118796594,0.23715473427578398,1.740828310782288,-1.6392913312158301,-0.41317943791882383,2.770447423948995,3.3973623293227155,1.48423164471275,1.02952767724655,1.538192506511265,-0.1437485856155281,0.6175474755860811,1.207337456094097,0.7099599547061816,1.678437472071917,1.485621716865343,0.7047661222417241,1.9240693167004743,1.8246688578026256,1.555245343148871,1.6820032646578076,2.0006512838517025,2.2090807039452685,2.9355289191675364,2.566228626250104,3.0790105732149846,3.4487804632012815,2.5467288026691617,3.94548980260107,5.935347210861059
3.394487106702633,4.502682930372523,4.140885023815003,4.013453830005098,1.6344129457421626,0.10542447360144824,-0.5202917410148035,5.562619122535759,3.1558225626132996,3.6697985745001684,3.435416925208168,3.5384871473676207,0.07501719792746171,3.5294593294349754,0.6164660953090348,1.9615236268497165,0.9599576411697833,1.6230100834889438,1.886994256926609,1.5720584927542869,0.7898644016120682,1.2401258598395555,1.940494013179966,1.6683084344985402,1.3714594538076905,1.3964915636842252,2.712136098666159,1.965309916316439,2.5272202290738472,2.528158260852035,2.8610760893305924,2.905344153177759,0.6991768111126812,2.4727014148957873
3.8312526344347595,3.9175223125829173,3.968131893839651,4.347041815248926,2.338043266127067,0.7527654013963282,1.7574628605809615,1.0300350379660044,2.7853754845206042,2.8000754870641926,2.018030459690476,2.3216320908237655,1.3963067106830371,0.9901870454073803,0.06507976601240913,0.5686188479269677,1.9927547563067212,1.6468542776581796,2.037514100077353,2.3622272447876016,1.8311099495773182,1.754814793494609,1.8604586626193473,1.4008074960141874,1.488380514302768,1.2985818859959817,1.7061912332829623,2.017731326946145,2.1776265396479113,3.5878892941359277,3.51515050786274,3.0035407643770036,0.05943795446444266,0.6214568699744799
4.459172769154657,4.003261719706762,4.325095878488288,4.268220675819544,3.774598575809806,4.047802550668588,-0.006974625144988046,0.9301493451097482,2.240612850356192,-0.8878745996261143,0.7296697032345535,1.6320127173864858,0.17110704841650004,2.054518334845816,1.6899122335926582,-1.2363987073418141,1.3929635272539576,2.2865241155270257,2.372163551281973,2.233808909317977,2.4498083574426697,1.85625940769443,1.534286263862228,2.0839269768251234,1.631922148378279,0.9771955780922938,1.795091740591193,2.121525611297449,2.816227021706687,3.307311985270082,3.1313575486803638,3.585363846441106,3.31428142390537,-1.3250011392234327
4.470814305336994,4.3434805762810695,4.625584157446749,5.032337806463719,4.422116320486921,3.33740501084251,1.7701528032344958,1.0981402739641897,5.892697471723279,3.4795231136857914,0.8257797576016463,0.24733038274680652,1.2693491971613717,0.9679745010792565,0.8142294485899902,0.5109472189702418,1.7950303288402476,2.304592721622837,2.790533152605032,3.85088923155443,2.5347069658603947,2.4857637958711147,1.7564050409725644,1.8967978333537956,-0.10780563035653838,1.0500210879604097,1.3160572755837119,2.2513876598768827,2.4638960907534777,3.222933176782618,3.2817986211394494,4.110336206024336,5.164236095210993,4.438278507844213
2.9104761555953473,4.044259068587402,4.6221706769223845,6.5983416160041415,7.19366630605996,3.925727524253797,1.609871900048346,2.406882846016403,5.603456719332085,-1.3808042061678087,0.06188945080977782,0.2828615030860704,1.2846401012897968,0.25383508234537405,1.8911354004564547,3.541951046814606,2.9956672509295688,3.0661789325817437,3.0525961283149186,3.2976980441880697,3.0650395395143395,3.906694534520173,6.210604202582289,2.5474597804772237,3.901833311889595,-1.250159631458319,2.0778682296236877,1.3974366486199015,1.7257031031424628,1.7629858156214255,3.066795943416527,2.8584324293866903,2.854279937162419,4.482384643026432
2.3684805956255617,3.399209783811779,4.311756401085629,5.491691749979867,6.486035409399601,3.92740909181669,0.5407472446239361,5.25211006883603,4.521460932835269,0.9361250266788184,0.7789970226042484,0.3586963946928681,0.6803702488543408,0.7141383121036056,2.470159174577229,5.250834888409414,5.22760309324518,3.5650645065801116,3.298504172984553,3.443421806186717,6.964071559589972,6.68587931990988,4.603264298537963,3.4100026714928715,3.339679933995658,2.222221515555092,1.5517075359210089,1.7505455217713388,1.6508728335114768,2.2594445771454645,2.5023903433646124,4.919457164887124,5.569843228006024,6.272201424999761
