script/wind50m.json
{"header": {"parameterCategory": 2, "parameterNumber": 3, "lo1": 3.000054539987559, "la1": 64.9999836372058, "dx": 0.5, "dy": 0.25, "nx": 34, "ny": 52, "refTime": "2025-12-01T02:00:00.000Z"}, "data":
[rows 0 to 24 of 52, columns 0 to 33 of 34]
-4.294330077105724,-4.946605632067755,-5.515385202739033,-6.017800016415482,-6.341710579765372,-6.6879268243335925,-7.092557865841492,-7.264591263026635,-7.361071201267348,-7.352876705706562,-6.7188673371031395,-6.704478720097273,-6.27117354298854,-4.023738071064276,-0.36663492061066694,-0.15959758975083924,-1.4350841128172727,-2.823634907663145,-2.1885443905187043,0.2736131921299501,-0.9562718536108138,-0.4111619238877125,0.7969963361152103,-2.4627015404253267,1.316047648559134,-2.6584658051432695,-2.555627570055566,-2.5673776594699804,-1.3658054268843476,-1.850805558268795,-2.687558518896936,-1.6074178583983039,-1.8298629858470081,-1.056773395586597
-4.89348586638575,-5.251224143971041,-5.641343865742466,-6.492856975067983,-7.355900596592305,-7.63053120544521,-7.762015611891559,-7.840332954412903,-7.6695003948289395,-7.584734725422944,-7.185014186159321,-4.209084374676244,-2.6500403086280255,-1.6680726540483233,-2.431193191776057,-2.656085342384229,-3.3344207705123976,-3.0184562661186947,0.7953757893924173,-0.037572184521698485,0.34570636704566793,0.5836196131696959,-1.6638452482610673,0.9169404221405684,-0.4970836590864833,-1.8390032543334889,-1.9580975230716364,-0.9467748227962774,-2.1719364472957734,-1.4193766024424121,-1.8778749437808986,-1.0746978440891262,-1.0130369338288732,-1.276784023198825
-4.705646514289194,-5.421858583682548,-6.243185023538813,-7.180650710147678,-7.638745703152349,-8.225679455891033,-9.01499185976125,-9.799913507744305,-9.019271489692882,-6.762343626524895,-3.211048151612102,-3.3763190855571232,-3.515272060234932,-3.095314008901686,-2.981745745057,-2.930744491888782,-1.350460908429956,-0.6264246232657937,-4.497471725650036,0.001393915383834884,-0.8681938373114112,-0.28424523690999765,1.511995376330245,0.17831673645133458,-1.2996200602678722,-1.6140477850853996,-1.703770008561401,-2.326364474537349,-2.2135531736165266,-2.605914510299068,-2.14821372744876,-1.7274677305870245,-1.6576154987293061,-1.6883842905010875
-5.467421667625444,-6.154462411739093,-6.999798692033866,-7.098023614796376,-7.846179100971583,-8.787264100226812,-9.073028591089626,-8.053010851573013,-4.455198606187085,-4.680029283748131,-5.2050196147588235,-5.4291275637278575,-4.470893324158574,-3.8140246110043567,-4.0793685087313145,1.179403764603896,-3.004122485525631,-0.7172470482827482,0.6909550174048444,-0.3385536173738772,2.688457624835237,2.116758966895597,-2.344917732731267,-0.6821885057598648,-0.5004708796434261,-1.7420484753350287,-1.72762401281283,-2.126352192504083,-2.226393040099758,-2.491783224156826,-2.380455731857656,-2.3871884264456074,-2.90895677555924,-2.858739424121133
-6.296000456586728,-7.221961794084481,-7.8704489617419995,-7.316852639253347,-10.34429859331957,-7.1542613253194185,-5.8545824655973355,-5.7720451451024815,-6.169825351189273,-6.3077547208605305,-5.264982748502087,-3.460609054907072,-2.54104616370506,-1.9683287795876312,0.6103521241446681,-0.17262312464724655,-2.054527930871045,-2.993416856169588,-0.9179223576579583,3.890500460354317,4.719975484967128,2.575846033586627,0.6221396609841785,-0.7656498654117856,-2.0050488735201424,-1.6688697556264473,-2.338052637212594,-1.816143316743679,-2.8963754621062052,-1.9877964101661485,-2.399062906884332,-3.486292501335228,-3.0611133166723103,-3.344311560968315
-7.049524848054698,-7.9694821644875855,-7.803591392841776,-6.70781579475403,-6.656776894170951,-6.47035671358737,-6.804897864304359,-7.1109558593476345,-7.182727318202543,-4.659908932494323,-2.380763040990881,-1.925820292296478,-2.0101092408561043,-2.163767294094029,-1.6943566880375083,-2.063217822337646,-5.540878100198252,0.2891312049454589,4.196758369395288,5.239045966613975,2.5863401936463943,0.4486899008333207,-0.593666630539618,-1.4398282689757937,-1.7828937950946349,-2.3763093963766733,-2.0093670274201614,-1.8621361605887534,-2.6499726645612873,-3.0266862044294665,-3.7317825466292,-3.029169232166768,-2.7252031432332493,-3.2794634741367625
-6.355280269567427,-4.2596382941046205,-5.598515148216694,-5.894765726185336,-6.824998872213142,-6.955618716635458,-7.900112017844326,-5.489447061677047,-4.182567656514389,-3.499101604597231,-3.062140564597632,-2.8332487582201487,-2.151067162055925,1.907639198580724,-1.2603575598921828,-5.535048259585835,-0.9081562862859542,6.506525992955169,2.1204532989679175,2.5627972404780994,2.377286465534566,0.16880132628321656,-1.5160061192612755,-2.140455214383686,-2.646349578221107,-1.9515254339749024,-2.096559316357686,-1.9144628104842274,-2.415716497977997,-2.279819139905537,-1.829266431110426,-3.3883833450825285,-3.6984383866367994,-4.242326045379429
-5.645769538427009,-3.7654214222509084,-5.371268670530748,-6.5355752525828725,-7.0930950521100415,-8.105481381264736,-4.97443322826396,-4.34026351285319,-3.401585099189447,-3.565637136229401,-1.2298412937703402,0.462657600853775,-0.6442284980362275,-2.200462128805978,-0.7672607238639458,2.203146479386235,-0.5239045944695043,0.06684147912111638,0.714206784607129,-0.7004760223394457,-0.0759314124205379,-0.5456213769168702,-0.5969135480174736,-0.9881216350626929,-0.9544888141324054,-1.4246195356713764,-1.6955413212893995,-3.3475738213212263,-2.2694402085918206,-1.9155066231759008,-2.8463530863158804,-2.9983427010601855,-4.477932205110456,-4.513487493997492
-4.335990529367514,-5.493975484778373,-6.54077899571406,-7.106593966149987,-5.719454092309652,-5.034861127052427,-4.509961987871896,-4.360223858161832,-0.3942323569184886,-0.18943691790238668,0.41428866865450503,-1.1529112638970644,-0.4235623786716631,0.5321116459059415,10.559818340230361,1.3126567384022947,6.456580405812663,7.7476538301160565,8.466070085897144,6.827535101192614,8.91425779224629,1.7574302742143675,-1.3050781003983096,-0.5319831547418972,-1.2489816889118888,-1.0800915651126413,-1.4087454071588188,-1.0015104208607928,-2.5488019058031046,-2.1083744396447783,-3.487963886274333,-5.492623691063366,-5.71526082437699,0.6374536240949147
-4.52768185813616,-5.638192043757832,-6.427530270539378,-5.9717234620285184,-4.877482382919785,-5.066179617677795,-1.475641062763042,-0.5231885019607296,1.5796105895748305,-1.8424032859393924,-1.838599673342131,1.2900149078425984,1.2382956251016823,5.83908526155251,7.259121098663756,11.917890714518288,3.461442868059979,4.158341960029533,2.5669301030563516,0.13494632395263048,-0.23701040910400498,0.8526639934524176,-2.257586671926813,-1.6047067059967335,-1.0903928479123846,-1.2639686022162993,-1.2833395671836714,-2.348210055513345,-1.908511533167343,-2.5559364326345313,-3.1957345172239036,-6.254623282675669,6.011654118795122,7.680223740637423
-5.818362407858878,-6.868695481496638,-4.982904682626147,-4.911365750121925,-2.3048889384453757,-1.6715798284081929,-0.0215294129349521,-0.6069075129319137,3.1122388275620834,-1.3864330609874307,5.699620866596174,6.776151253142464,3.945436956373776,3.2962672093587004,6.83923060738052,4.832857393290738,2.3225245183094927,3.2423951120047243,1.7134977708884482,0.5826864738705083,-0.6129005666974522,-1.0200631099383932,-1.315579347705847,-0.84245365685265,-1.2441644364650486,-1.9233413801973462,-0.3182028528907959,-1.1337709988976192,-1.4951315563073713,-4.12908325890327,-7.262088114710433,6.254086298728437,6.605300712826663,7.658620299570551
-4.830727563162091,-5.122343872477676,-3.1915041597232654,-1.7833821657876234,-1.1664948451718173,0.8769728274487526,1.4596027508844287,1.7894385235430947,1.7391188016712098,4.506659741552776,-1.5626433637195496,4.362365930958968,5.300687244567773,-0.7862163164613318,3.589870226723147,2.5787574343750856,4.940236639428075,6.624219351447864,4.305330011851094,0.8152280690642206,0.6474205376822075,-0.9556202403056215,-0.9248252576138367,-1.75996596288276,-2.439902129582162,-1.3558565070729065,-0.4964827976046707,-0.6848238238500886,-1.5832736989849439,-1.1533709370864589,3.937984937519309,6.076922824579162,8.19034866824941,8.530285914604457
-4.329408233138734,-1.1168404370570415,-1.7236433038035108,-1.5824323898209742,1.528040730056995,3.7802549888559884,1.861430124310676,-0.0929313591294902,4.8488051820230735,3.491920737788119,1.8868263445154154,4.157119690188604,5.637364939493346,8.841523352335354,7.301998143478811,7.418979064650863,1.990549152885273,0.027777986675431382,0.43350307160429546,-1.5558116044974908,0.8037004140949977,-0.4295998936984874,-0.5704613214018108,-0.8666542339822715,-2.051106718057758,-0.23464753526042556,0.38219781837339756,-0.041310134893003066,-0.7732481686604414,-0.8185896543491625,3.251666101482911,7.231214542513723,8.657916732242002,8.770804395889824
-0.5867855705765476,-0.9728644117626073,-0.9873887563866706,2.777312756762712,0.8717160101496148,5.3067932199789665,6.456743574080224,0.4712665620349468,4.63327864728835,6.998304292659644,7.042658759594194,5.3200291306860406,0.6798138392191951,0.7585513930073905,2.612004144692571,0.6665473989005648,2.1457089883406613,-3.075669290594545,1.565794650330039,1.3123963484237777,0.07543586996245337,-0.46033562993472954,-0.24393222164659428,-0.1740085132837147,-0.3904054233529578,-0.4660760592364588,0.5177135435024358,-1.2644623121955771,-0.47326784297741464,-0.507275905670053,5.653054960756638,7.889799815463967,8.825370007290019,9.903675488049977
-1.1969096622632027,-1.4957018759669747,1.0323562519898288,3.3401748926426276,2.64831385190185,1.114136267638331,-1.8964324964688684,7.0914711754432425,0.8003631583114849,1.9417404296474587,-0.6932229778538898,-0.4239415465921417,1.8874941427081735,3.9654232720671287,1.5799352739020573,1.4090912916303666,-1.5312026633024947,0.8645543562793278,0.39561832750459236,1.2643134189587073,-1.5174931426795284,0.34212171143637793,-0.6735458029237531,-0.3608843240008507,-1.2633938961189712,1.90541840596742,0.7096365837412533,3.993542382339841,-1.3998197453784642,4.6428100860270325,7.727290870872208,7.870433040161972,9.216185925977545,10.743195981018923
-2.701833760526513,-0.26256680215339206,2.149767088970948,2.96509655341608,3.4378299032294013,0.8708130871179373,1.6263497075120534,0.7706771808408195,-1.4755037310387658,-0.027166934526556986,0.987295353510427,4.95744907256807,0.25034523139399806,1.1983037978159492,-0.6015423457134581,0.27538642287597354,0.005189686464247988,-0.7928840271828589,0.7497371745941697,-0.9522409395147112,0.8253717702055238,-0.6518705768905226,-1.474037927466557,0.23784918773583075,-1.9244500427437703,2.2927311599749687,5.01066687167151,4.211992136133746,3.9376397613999434,8.112412373303721,7.566208830131266,8.097368343958152,9.444829231830816,10.109554835333558
-2.4758408547030744,-0.7797776254997978,2.1816985218049205,3.814555249288596,3.7445874703063873,7.018834566176574,7.8554823648437235,7.094614152209699,3.190125529191196,5.611516420383917,6.0317195910432035,2.4715864185545575,0.4355571523466454,-1.1743905170643532,-0.1967756479857861,-0.9949225731512068,-1.4625427038318664,-1.2074582848155988,0.08869896416746881,-2.0271490965640906,0.8261106806498085,-0.479321141311558,2.623442767917481,0.1368400235029704,3.4609827974580054,3.7193752885289504,3.4855278292939107,3.6290022837958666,4.446987084289567,6.860676955166941,7.959494362141793,8.07786023941271,9.167086141070818,10.611286105255623
-2.3945761025118903,-1.611069176091347,0.5710881903658823,2.3409708368830278,3.615921546957219,1.7127596916958416,5.1424398188766585,3.4186742140013546,7.084128123102714,4.56964646170567,-2.4279296992374624,0.006915846017411099,0.5511958918368941,-0.20161054769304873,-1.171871871470289,-1.087073709331174,0.21759248339699547,-0.8353625888284893,1.5496488030136462,0.36251937726347455,1.5396659748074943,1.2835208076914144,2.9498390938365424,3.4766401024519316,3.9945408859737577,2.204220584114982,3.8351625086924126,2.9875872452787866,4.473946640379383,6.2778134041127,6.93528474450164,8.11786607029897,9.733768227965124,11.435808281359387
-1.9041183744449641,-2.0832323447631076,-0.2410527033208335,1.308478740499241,5.467045386860275,3.814871066169873,6.688232581844055,3.8633013147991035,1.528093256635933,1.9007544658943765,0.9908887854500393,-0.16718305586470522,1.4174344485169432,-0.036545397607863864,-2.915183603448392,-1.6546549747049468,-0.6955864207328554,0.38962469312068326,-2.799476403721667,0.42453054381005423,2.811249615561589,2.9355370471753988,3.2046886030669315,3.8632402781263693,4.336195426231245,3.0034429961517066,4.695434186489459,3.732690926842829,4.196168850139215,3.3587177614005124,3.8328069420484403,6.9430153981532134,8.715791985438312,10.92582549192305
-1.1887679488751473,-1.7184711551466345,-1.2553116353149179,0.677426565990503,2.787006325222697,2.5698990319792743,-1.5958819970892697,5.36587053248869,7.3519427596994955,2.3354246449347285,3.3128081492511847,1.9996505719083377,-2.612799912793075,0.5063174213351403,-0.025501613774253185,-0.7490271737795291,-2.1587804182591506,-0.08095931666884593,-0.17317069434023702,1.774684582735296,4.296083313868024,3.8988704253644753,4.490433729484586,4.0746970667667535,3.9710408399310784,3.9629408832738036,4.319199614568207,3.693575249016927,3.8031997932846573,3.9369709429196456,3.6977864036927803,4.3508837472326,7.4032168160040435,7.2095447623553275
-1.2158828548720726,-1.2911539149996294,-1.664012755011656,-0.4532573508996502,1.7963542985584033,4.712295765036244,4.786780562626661,4.854654679685516,5.531130834576905,2.6156481149774087,1.0666603602516413,-0.6694574791139026,-1.4145437692472425,-1.504701266087858,0.6229544481791306,-2.325143650425788,-2.85776661688378,0.5981025114889773,1.8119007026692209,3.060980137375935,3.698681317065302,3.209724565058656,4.581574921312795,4.948868040928984,6.248224218881521,5.833280224135838,4.145223965761165,5.334761759737149,5.263138137143124,5.893328646249833,4.569029379571841,4.092500474295113,6.377823638631261,10.013531209319847
-1.159902647419982,-1.6238303254260704,-1.8349987584919614,-1.5816077076358925,1.405181914970724,4.929681644788882,1.1752070388517535,0.1968074416728768,2.9386639180675282,-0.4865344809921893,0.018271777974346825,-1.3035030235487657,-2.618352509949105,-3.116747517744526,2.063166612182655,-4.359568971551826,-1.7702502375973472,1.9705985981290655,1.735812670137416,2.635920263583668,3.468850440520168,4.452915582618782,4.972486239157631,4.765473415969828,5.58732392770254,5.227962394959372,5.500375304747649,5.161241847481654,5.7570250202188955,5.460461908731445,4.9891246869916195,5.000263142543337,5.461452764150553,10.772789448260069
0.02929407963222825,-0.42128665734024345,-1.7982044331438367,-1.8073776311580712,-0.2213241480881686,4.1736105865137425,3.7483304689446957,1.804357429257559,3.1862633460099676,-0.3038611101658127,-1.2617978011695878,-2.833799793279339,-3.0088258385503024,-1.842647983444304,-3.3734371429267584,-4.257462635925021,-0.03376499952152747,0.24541366146290788,1.11688475358314,1.2555094601070855,3.376292880640501,4.426815011339997,4.344959370428946,4.433903584336608,4.708427112848793,5.330787002000523,5.574537674066994,6.749576641619905,5.364512628990206,7.6007279019994645,6.980998165460107,6.114233411673002,8.704901167289512,11.333579616743476
0.8450527571553044,-0.6704636645994633,-0.47892719631879754,-1.4652706451658124,-1.1134010985849856,2.0230393960305655,1.637356242277885,2.206199066642477,0.4175513075862027,-3.4518341157341927,-0.9312973752037137,0.9678734184007428,-1.927548533306167,-2.1996116563879435,-3.8244261836813274,-4.37082709289834,-2.293916711594502,-0.1825333040190533,0.8183900241005942,1.4465130539543052,3.6319757793524983,9.238698217870477,5.650440800739182,4.544490528644756,5.772935509789674,5.7504651457670795,7.596839429406561,6.010727783432979,5.650726719012633,5.584993462368481,5.907697060122691,6.012735543248293,9.897622086093175,11.578141245265607
1.4231337849538954,0.4744591255000066,0.6664669105638681,-0.9324051647637944,-1.0840952983356948,-0.952241505315623,3.093776575339745,0.4898856991718912,-0.18154098422199133,-1.0046620170720066,-1.0575401831496036,-2.355806133578945,-2.4691983481976476,-4.338464949579886,-4.623267330091435,-3.872967966667638,-3.3568342515875993,-1.3596325272861218,-0.33688977009245374,1.859951556221014,4.407649335781982,9.199238366145352,5.795678380631334,6.191294937265844,5.9806945489549355,5.543994544824019,4.790865387350164,5.5414494781648935,5.447782030371525,5.908855940441435,4.78535138709664,8.987650102076188,9.687571160638026,12.07419892368949
