script/wind350m.json
{"header": {"parameterCategory": 2, "parameterNumber": 3, "lo1": 3.000054539987559, "la1": 64.9999836372058, "dx": 0.5, "dy": 0.25, "nx": 34, "ny": 52, "refTime": "2026-07-11T20:00:00.000Z"}, "data":
[rows 0 to 23 of 52, columns 0 to 33 of 34]
2.13376245875313,2.137114738425566,1.7993288627026762,1.9478828882335555,1.4241035339888173,1.9894922321010617,0.4892414459187076,-0.38754423652885406,0.0046768206651831385,-0.8022492179075112,-0.8777855283029988,-0.8796408603088799,-1.5959817863047565,-1.8206125719755162,-2.5590303570659083,-2.278992002500888,-1.794000635630079,-1.9121176812238643,-2.5188966399154915,-3.906447490560463,-6.009099505356633,-5.902037894862069,-4.988924390018157,-5.843124370458323,-6.294709717696133,-2.068353135129322,-7.233880554526179,-7.900905436405604,-7.4583688940509125,-5.609729000622247,-6.060843309464764,-7.583152927995611,-6.690298501438219,-7.615214448953532
1.5598166492933665,1.955719362152303,1.416572388880041,1.0611349298038422,1.0042463206631091,0.028023889795406133,0.1232024015661161,-0.5624462528283392,-0.9326069499294045,-0.884211832655788,-0.7057339280934898,-1.4168288649936365,-1.4787499851063846,-1.9156322131766164,-1.9818405015186111,-1.2754114196294395,-2.3701771651994723,-2.5973053003504027,-2.7931239679352955,-4.902706709613598,-4.070155066374602,-6.076108959080116,-6.582734710527148,-7.6103454208127745,-5.839563394798029,-9.128476642625948,-8.701171688255128,-7.398557162381438,-7.154617548504783,-7.094950762613218,-6.079645546729244,-8.207807883527558,-7.393367953070089,-7.437580109992046
0.8309328185690114,0.5810564312832718,1.2591035787748082,0.5792598931985462,0.4986355624510164,-0.7428837887240772,-1.7595912506005034,-1.0062964903602316,-0.4611418040165923,-0.9599159828317397,-1.5618997053011463,-1.622460011340042,-2.1275923101444536,-2.08021504379192,-2.187531449335811,-1.4981395653051066,-2.8069386525791296,-4.746218204137112,-4.083239519425929,-4.39168782237984,-4.505785533156655,-5.655769250635811,-5.258267631405238,-7.789123344056241,-8.192072663061682,-7.727486417870795,-7.718041421194524,-5.81661726139565,-7.625634811995523,-6.45479659421497,-7.756010301628355,-8.990647731193466,-7.0509939446008945,-6.8912220498854095
-0.11515097139410678,0.8530463249165382,0.788771831049251,-0.08764122604393593,-1.1103067518151715,-1.3706472443341764,-2.2198542076502976,-1.0584820333303424,-0.8094412616839435,-1.627056864371966,-2.096256307825859,-1.7466321553057502,-2.2710985321656443,-2.456522671454623,-2.111534466754829,-2.7484225364037194,-4.433470982318913,-5.57228500969368,-5.897808615945515,-4.382237133083214,-5.392386448261364,-5.956400272537304,-7.889586951586056,-7.9872323799155085,-7.29553091524617,-6.559669099634065,-3.5580649092647283,-6.326715544656494,-7.742465726475218,-6.6889740279548935,-7.870360769023072,-9.08151504145931,-8.634709246905885,-8.636919318633662
-0.6648077664554581,-0.6182252738289388,0.2595027789449498,-1.5362778343643257,-1.90720629878729,-0.9791225110868307,-1.1191232948740453,-1.3154049127960206,-1.7873937273288403,-1.8708324858965462,-2.065279855756633,-2.011778537938106,-3.0160109177060357,-2.7549673337310927,-3.6016981548495877,-3.301236360884403,-2.4438813677812283,-4.771503958361421,-4.762342226788118,-3.8615478149757974,-6.526388583625465,-7.211932537118968,-7.7711835441290384,-7.183259667082611,-10.97553122933163,-9.549928349017293,-6.212790590790724,-7.986407205619669,-7.187990128370916,-7.4810161370523955,-7.684820762491964,-8.982558817589961,-10.159443916571524,-9.401984798518157
-1.7801194930108888,-0.12656449626432928,-1.4204819837614469,-2.708437410342368,-1.406154691776667,-1.5332097527043143,-1.7803540238330748,-2.2061444553084564,-2.5793477714056112,-2.53709109517027,-2.37226280970471,-2.103151818350789,-2.9690546196587175,-3.6999829695218325,-4.990097381555634,-4.731030016073335,-4.822749628859454,-4.313363697830956,-4.439968107395484,-5.409705022161796,-7.258522985450875,-8.443900863548661,-8.299003602014125,-10.059194463175858,-7.360982736566295,-8.317335368736948,-8.088670944591493,-7.9671966290262235,-6.452650847817588,-8.302458222645953,-8.176242999647831,-8.16879152611329,-9.019285302287786,-9.07479487153226
-0.8279588944463586,-1.1092017598803126,-1.219956108156829,-2.1185268517727853,-1.9468187401897317,-2.4299831422538483,-2.69450848537631,-2.9739055176194076,-3.2909244742919945,-3.152239293671187,-3.1194306287083595,-2.596422625568037,-3.2265162955200326,-4.502174168345981,-6.429122065770705,-2.721022371062316,-4.5791343067272186,-5.063152723632523,-4.274462569079985,-5.387952113065171,-5.754832302806202,-7.229310096162096,-7.750019041059183,-7.473013919104021,-8.714688129596171,-8.661862512644195,-9.689577513475932,-8.937273124376706,-8.433970157123468,-6.856849778083367,-7.214426557600177,-8.334625748210033,-10.47333193961692,-8.675597296872896
-1.0521518068484932,-1.5541051103912324,-2.0846887017344313,-2.9015194292309534,-2.3944436211486697,-3.0943865241222395,-3.3200862045552872,-3.6068997604104944,-3.77467754715969,-4.009022889833478,-3.6595215847074507,-2.9154213637356556,-3.2942634684006826,-1.5466798292024715,-4.345874348475461,-3.221627561314393,-4.941406793337894,-4.711338948756161,-4.344078664684084,-3.8956403072619104,-6.526834540501635,-6.015676146644542,-7.91765580578663,-8.417216747019118,-8.865206862638468,-9.093545268346956,-11.371036872729384,-11.21591347536873,-9.591655628620328,-7.319401348395851,-9.848782060583789,-9.02937585638556,-8.668489656358542,-10.756941333472927
-2.5133765355814615,-2.8550240105089117,-2.498515462504266,-2.9951737626697703,-3.384977089179085,-4.009826331754032,-4.358336363649369,-4.383376024523996,-3.930985593267634,-3.7236343985933624,-3.0712643068911385,-0.8845094570271734,-1.7216352181940113,-0.6452962963128756,-2.9188985761535613,-3.6180561741034882,-4.927578670878161,-4.424239829630489,-5.784637083748628,-6.792628626852559,-6.958106218624606,-10.632579311249836,-11.041371833428963,-9.261068738095872,-10.247728749730914,-10.699797538586857,-10.780872374553436,-8.86249227264741,-9.7519562424446,-7.334183807238526,-8.69174094683979,-10.31867614125308,-9.309925174394566,-9.477060451299531
-3.806326287025918,-3.6717522839962253,-3.7196263316454137,-3.9499104418924365,-4.698243630429259,-5.065930856357749,-5.2870357273194895,-5.337819298845615,-0.1791312057207173,-3.8592689658603327,-3.8537950148268623,-2.203682883963736,-1.3805829493369906,-1.709695975971437,-4.306464421343339,-4.434136038272836,-4.8856595389623605,-7.24844035207036,-8.225536853553574,-8.887907668822045,-3.2249916566174526,-7.985015943223729,-7.238646993655228,-10.85533290431046,-10.963006498346017,-12.735673211231608,-8.605717464112114,-11.624051106594955,-9.09810621233637,-10.420562053806801,-8.308060652190042,-11.020289913067474,-10.738947684119918,-10.138465236315199
-4.06945512056529,-4.197113830325486,-4.943946818353318,-5.719561745297863,-6.240579587992434,-6.533651107104698,-6.7943395728319835,-4.674679887309745,-1.5027043435491056,-2.750452987576296,-0.9854378743965725,-3.3133186372791847,-1.6009277449237806,-2.780788241315638,-4.133984240453822,-6.013492980074146,-5.7734442559035,-7.746462814621646,-4.693718024729851,-6.677634765491036,-5.533036397328832,-7.73184005619032,-11.047223593411934,-11.48816343089562,-15.224767371850877,-9.484685186058744,-6.609605625490677,-11.264240326618141,-9.556196518998343,-8.449732946848222,-10.722764175740574,-10.370831585600637,-10.339845115352345,-10.255121309287842
-4.481320181835404,-5.718568458697592,-6.454351965349461,-7.374071172746654,-7.773961465911211,-7.696435450082042,-3.847365011202789,-0.8011774324308364,-3.3755505480851817,-0.8778228950514932,-2.7710207128208375,-1.3124360383761968,-3.8734971088147083,-4.808172887674649,-5.773111966940222,-6.6163652201990235,-7.679532077354606,-7.8365702568771205,-9.068833314577631,-7.125266773297413,-7.9916980726183855,-10.392126640238613,-9.936468718735583,-14.384631506755579,-13.9509597673041,-9.734161493741249,-11.806299002173866,-12.456798233215277,-8.616786404553672,-9.117631924036218,-9.806816393860421,-11.096719718836637,-10.052940425848586,-10.881879521182213
-5.794318910616957,-7.345717583907091,-8.440267502189231,-9.587093901936559,-7.788985211658763,-4.836141590313171,-5.065286798108249,-1.7666051895120383,-2.587074460659871,-1.1228442840517607,0.7641573201384815,-1.7011459622153666,-5.538559540627117,-3.2285889618167025,-5.465791417554925,-5.276912790761481,-9.834974685820526,-5.623393540499768,-10.285989859464019,-10.163066166847353,-10.554076042324603,-9.854096041846136,-12.511092746042191,-9.519204674966101,-14.163420485096578,-9.436416198567459,-7.822916202443698,-9.123521787785728,-7.826809687509593,-11.432020075003942,-11.446708716121647,-10.748591163539745,-10.308746637103145,-8.257614393559152
-6.9332804151606515,-8.806685555239158,-9.986846493217014,-12.681644525421165,-5.228677323883586,-4.890800860833174,-3.4979950049790984,-3.005252561292892,-0.2889915722566414,-1.2131476810907287,-0.04047713147926991,-2.0059754946739323,-5.790874486554414,-1.063345461977846,-7.074135514180943,-2.4294425775052675,-9.852555825322472,-8.03044315957264,-8.72915882728427,-9.76196208011389,-4.7678730219539345,-9.724796481576025,-13.128361250251388,-12.290733014396835,-10.356140113658794,-10.94017809459366,-9.271905142592457,-6.0792620123879075,-7.551990636457202,-10.739226284428824,-12.406413284879733,-12.137303592611,-8.403379374222467,-6.846911000388222
-8.082001866858631,-9.855317249116107,-12.275980864715613,-14.668741846343384,-4.454860445509223,-4.955374143416017,-2.944690988158179,-2.163011316331149,-2.0077002253385836,-0.8795706816175992,0.16980603567671568,0.3911413151673151,-2.523024789937427,-2.9014787024454702,-6.209130121759983,-9.162249123476828,-9.138622333380184,-11.410498880732158,-10.903947258899954,-10.273619429195847,-10.758344513099173,-9.005477966415707,-15.16200033891099,-11.849355149458098,-10.951399552856738,-11.12566140866211,-9.808674124580621,-8.622869715021967,-10.057922646911106,-12.675438157682255,-11.18177026314104,-13.165219990146666,-7.685009612931965,-6.834669682614314
-9.59962847301325,-10.915188368938564,-13.6950034133924,-14.937241259399421,-8.23544949180958,-4.462129010642885,-4.810293577598091,-0.256355098454818,-2.108621212038981,-1.7777926238471933,-3.2281271745611453,3.016921454315187,-2.7005885651413575,-5.242981882608437,-3.917135650763178,-9.41063836837736,-12.225825167258828,-9.793940229316046,-8.368860301024045,-9.253918392271602,-9.56283053794743,-9.180174133661993,-11.34161895995153,-11.793679611831474,-13.332804445806463,-11.525501071365282,-10.165376771783247,-9.44411067856919,-8.210774379230115,-11.879632744642858,-11.345889906964793,-10.11363462568292,-7.9006920016947895,-7.366999653313511
-10.306822396580474,-12.095559613547229,-14.064728539910893,-15.594106276115353,-8.594457229318346,-4.021987247763227,-4.185703904352238,-1.460917500116464,-3.6643858691135396,-1.4947650436894857,-3.04586359693379,-1.5186653741973635,-0.11300157775563169,-1.532434324378528,-5.397203790357177,-3.7186445984288468,-13.396517464860437,-11.540929547100127,-10.114025742502697,-9.892084329822357,-7.110771632793698,-9.213183522081403,-10.507187616024726,-10.227633795827495,-13.15234772935793,-10.527817234821153,-12.186558340421744,-8.705995753368185,-10.773920665119277,-10.159237392093695,-9.472726120067684,-8.885547332342966,-7.699787348323463,-7.504401297643263
-10.720169868239017,-12.078077987319537,-14.365075066205586,-16.076167005240162,-11.988138529042114,-6.247196017866891,-3.9043571321855346,-1.6028406544838965,-2.6825848766087934,-3.1893656673527677,-4.905482085651069,-0.6442961688225027,-1.6841579649539649,-1.8595927888611599,-4.411792993984641,-8.285297456445432,-5.797506280215752,-9.284001689795383,-9.200272765481662,-10.45823384539718,-9.555530565479957,-9.014957871293307,-8.274374566196457,-9.433739477168055,-10.960922709618067,-13.409198243794991,-4.166650695102733,-8.099600925761083,-10.257888509951101,-7.607354223165502,-7.8298935248699415,-7.868657479193647,-7.132168574627849,-7.283307625199383
-11.026188364491446,-12.122923938214178,-14.105032252818924,-15.499161768091302,-12.801191397321734,-4.174453828516921,-3.575292370673554,-4.77147058361831,-1.2102592900737827,-4.65854121673235,-2.748980723871866,0.9436168954094787,0.6224934747669436,-5.175971348355245,-5.130740926528095,-9.262518712576803,-10.98361751482348,-10.34341919319523,-10.39434106562713,-9.42835082353759,-9.001564435780717,-9.11752726185001,-10.128796164023111,-10.413416156420594,-11.346638665254842,-5.474360595075924,-4.132826333649804,-4.801913403446948,-6.682399670146312,-7.517623422166919,-7.415155132759321,-6.714726372883178,-7.015611670631007,-7.9036785439510355
-10.676130876995407,-11.833095427973063,-13.954160130698204,-14.945956750665086,-12.854689098200835,-6.32379494432637,0.17179593856438366,-2.887525497615447,-4.072674665768699,-6.228525417702012,-5.559737773584656,-0.5698424089465071,-0.8231976025751532,-5.74204466089827,-9.565989405188924,-6.681429245626826,-11.885140432480023,-10.100266070691934,-10.475409882530181,-7.5183625590416545,-8.210100641189806,-9.028844878036344,-10.261786416900073,-9.054968432356231,-9.281439896326159,-1.6560400644366573,-1.493792475818536,-3.562309863220546,-5.5462756436848535,-7.46625168040397,-7.529502758787472,-6.5811423609719055,-7.0647758709293225,-8.42744043728639
-10.422135542167053,-12.059136155268984,-13.80504434701313,-15.060134329023022,-15.794128873912548,-8.35431393080988,-1.2128877948612862,-5.366016661680335,-6.180956738720461,-6.554969523227578,-6.494799504310366,-2.7587993963623374,-4.1499664466308746,-6.473249328153559,-7.5792621591239255,-8.483828351423876,-12.253959274149308,-9.382344571877557,-11.0133950096937,-9.421503706887911,-5.223814389827329,-8.250527693893002,-9.998541037576947,-10.690377004952145,-7.969125043683735,1.1819116568757284,-0.19014366808900332,-2.5119858450870973,-5.064506232941832,-5.272850349438419,-5.85373639125553,-7.01724603111274,-8.068141014260949,-7.957469634298676
-11.204485244469577,-12.57949680708131,-14.074252509523912,-15.231655180986928,-16.350686567693693,-3.7467807476276107,-4.2286114243363775,-6.040184892907802,-5.36328055970817,-6.8718323161738475,-8.25541803381403,-0.1211299207179494,-4.283094409950539,-6.6213185495979445,-3.209399261114708,-6.995901889551683,-10.519643790664176,-11.49402625381053,-11.736867313929679,-8.817432245172043,-6.856742764370242,-9.632982154699143,-6.078817048992116,-10.371526224782555,-4.594306565981077,3.2210378550171326,-0.41432461624539013,-0.6037797475068833,-4.2195992427766775,-4.450643175374791,-5.997256714627541,-7.237351362694922,-8.975488933008116,-9.245278611149232
-11.606349257164892,-12.948576292885443,-14.221055257061742,-15.251844458709042,-16.688459688888074,-10.67204221790843,-8.21828807531129,-1.093679084475931,-5.438815208789312,-5.546039278208503,-7.207451322170399,-2.8938757512415854,-8.167134905329343,-7.672305169608907,-8.14731078529482,-9.915109140637385,-10.047125103699821,-10.14871907426465,-8.837425905236863,-4.806560243733505,-6.929120684261575,-10.22543768214364,-6.191419957335852,-4.573966910475799,-4.678071996703776,3.043771413338476,0.44891907934781183,0.42144735022816404,-4.356733450406526,-5.807770201947412,-6.190578094416376,-7.637132917160687,-9.054759613232912,-10.645823235316598
-12.154295285227684,-13.247427136098752,-13.855476281915076,-15.249948825437512,-16.885958827270855,-12.022120574032545,-7.882060348739089,-4.894928268079048,-6.152279088973481,-4.702170437465462,-6.321624175070813,-2.8146669466860423,-6.149990280651783,-6.742761625855243,-10.058919223803994,-7.6638130380403915,-7.855271863949704,-8.328099301210301,-5.285402273584734,-6.630225876174606,-8.722913673140189,-9.200523695560893,-9.381798745987414,-6.883941547346655,-3.6664175708647826,2.361062282687213,-0.6753493144516499,-1.5339861846727392,-4.974214397272632,-5.700412717028144,-5.809671069931017,-8.512230992540804,-9.092743764188736,-11.258579368241524
