script/wind100m.json
{"header": {"parameterCategory": 2, "parameterNumber": 3, "lo1": 6.000198445256149, "la1": 58.999992894266676, "dx": 0.5, "dy": 0.25, "nx": 22, "ny": 24, "refTime": "2024-03-28T14:00:00.000Z"}, "data":
[rows 0 to 23 of 24, columns 0 to 21 of 22]
-5.051253653211276,2.145967686152899,6.982093060878783,7.840816795006662,2.7845995481931434,7.410544421610702,2.7888758246543492,-5.861276859757995,11.09514165430316,2.6364935896510286,2.8611411210558995,12.900252070707769,2.41052770880937,10.694038662439315,1.3949527412501992,1.834241337948788,4.679428264114504,12.516035179656678,7.3827202550277375,6.542263996192932,10.158725171680857,4.569264698761188
-1.636862539456988,3.483914909005744,2.400176697086746,6.808055438251824,9.538356474113478,5.8577788873429455,3.98020726568191,3.3959333336592756,3.2865989353610265,2.353075504418263,10.565585299493808,4.299143688487518,-11.621908136787102,7.529395147058767,-9.208466118336881,4.698419930461517,6.618831817340587,5.984936958967828,-8.085614682222323,1.9093503160669807,-2.633723569481316,8.965276603270304
2.7071432512890685,0.6634557582214587,1.6808187086724324,7.742719369466438,7.433871208143569,-0.09081575837307493,7.76071904067319,-4.153498693983206,8.291361924482581,6.822481055330982,3.1623090035499946,-10.462448301041402,12.23037132062838,3.418046095583874,-5.405791552588847,2.4838996874148505,7.968685483600096,1.6323087650256451,9.648655831084298,8.960288328379965,8.362059589610249,14.745552612921484
-7.093319741095788,-8.8071484570982,6.547433782228522,5.61602820440048,-3.4516213265949447,0.05613106075423222,6.0647517572705985,-1.0955022412848003,7.465121516767659,-1.812737209580366,-2.208970008840575,5.360576416891948,6.2797157445302965,3.7088323694922263,6.618507656471625,2.8222371359782255,6.869110677489115,-1.2202807338213353,6.113829984229853,7.980980747510652,6.33364511659725,4.897540766894217
-1.8012617871748644,-2.693306208399461,1.79969019593458,-4.73709309120574,0.3844557954550946,7.518423933116004,14.749580577270267,8.608326695694501,14.614310385305265,8.604888859197358,7.3190318332114925,10.677385823922503,4.346641018951559,-2.862827354880088,10.001449394588233,1.330234207517058,9.784745431440241,5.14374582419179,7.511061681279694,-2.4374936794634348,3.5639997577593383,5.107265506784773
-2.6171695069033745,4.326015510456735,2.4498198024344453,-2.936325699407294,7.414489079389112,5.345130135579642,7.933705232460514,-10.706370796611491,2.1305735118078526,4.097306551653679,1.4034380115837353,2.5137776159036065,-0.8635981967996531,9.419740776250757,13.258427377084145,4.83654200028471,-10.88864522182519,13.16109732322378,-0.8442995410008646,8.336612304767943,7.632633929172656,4.373587551093585
-5.922160045093473,-2.0099636949617294,7.2119625088026265,1.6748933435240738,7.075641167853886,-4.20899326881166,4.116989568584558,4.20288228917778,7.480223197150723,7.407621700822824,-2.1098154203829753,7.580907428570311,7.079139401814958,4.92590469005648,13.870314242339845,10.852797973772425,1.5750171470900445,4.840643491734277,0.5918749859552057,10.613256833017841,-2.192719583156704,8.546833803748799
-7.354176245312017,-2.4756967284442974,4.99287603114608,5.1296469524132355,5.973575499865428,1.9985677229243817,5.230762988796734,7.215486384822519,4.595375687470211,3.7819356852280053,8.489833597714293,5.626459860547439,5.858638715995,10.492320908088683,10.373988528536447,3.3095935343143204,2.184384557391036,10.15850952001452,5.57413703283512,-7.059441525714663,2.9755660723694337,6.300974646805512
-9.476175857596633,-5.210937931628508,10.752767981997334,4.346937032681422,-5.083296776180227,4.521020820266813,7.228964648383289,6.859538325427237,12.687596691218483,-2.543482321969161,-4.078033521988451,2.5578307716145656,6.491027047919174,6.966169806025388,12.383379311770812,2.9983644094406143,0.6916378368492234,7.481116336807312,14.587930264128136,9.994739463505708,8.519611107064597,5.130396789347457
1.9424158117848596,4.098426354761343,7.8613201778597155,8.9016671885722,-3.996148897877948,9.8418913815861,2.0860935885292107,5.597131159909035,-9.187150128597631,5.274013341607031,7.572356526430502,-4.946993589275318,1.7780329929685088,8.32891053477836,2.845457380982806,1.2661869363110179,6.295959301150465,1.8747240797037645,8.270299430047471,13.793799752847429,2.9339042544957183,7.576177630219564
-0.8050196670829698,7.53732102786188,9.138304313840102,10.711370511316355,2.6451587041271476,-7.545042923841893,5.911975273247189,-8.1155161510655,5.590572601751665,-2.675127898387061,2.7000003518870472,8.050162954778818,1.6082986263293775,3.8099157538408663,1.516728002515635,5.774193447332581,3.182112114874639,4.5846142542570965,1.5754391319527437,6.369794299360264,13.778609613287768,11.219358552829807
-3.745022108491807,8.908420885866496,5.763135446991115,8.690957591500085,6.027309896770606,8.377300021399558,8.300799313016132,7.656384517684395,-6.072881847641842,9.82362314529044,1.8632899945589314,2.552427834676059,10.000497441356742,-4.508246245498255,2.5039774781468944,3.1884658646739776,10.662642018496403,7.622959730576254,7.55902502304707,2.8744895554879877,-5.936716346160196,6.911719018356673
-10.433613459881581,5.940072741150309,4.76300306958752,7.700040146572456,11.1697398218293,13.799349578359752,8.281555532779377,8.059173103737304,10.70428504576486,2.2117733372187116,6.41254065855615,-4.723503735978009,5.311969799934755,10.2905059800317,2.6703126380600617,4.4699766292916845,12.430505192940958,13.31160026784126,13.757729543624993,14.24698338380925,3.220049483167453,9.796376794609172
-1.7807633965981218,12.526070724173831,10.858646134757745,7.1953378385805875,7.784420233656606,10.248275757743452,2.5587806389476104,7.126398250900811,-1.9749821602936457,13.74505781129199,3.2614865914683193,8.961126688961885,3.543695180766381,6.763299275489692,2.3805881926106145,2.952446643774518,12.940222265578342,11.674303142846055,10.897676578765383,10.205379435216209,9.415974730806361,5.942470684459569
-3.4153232782692715,2.8445761490105297,4.386101733214395,1.7295731252383786,2.896805561419786,-4.713747540429723,7.418549968770661,7.4959816859428425,8.056456318091406,3.1861795893998455,2.789414731445658,10.482373853274863,-2.092581894024141,6.921914856720159,1.0186549021635314,10.10816199459773,8.00038813393401,-3.9755220946008762,1.00192681625813,9.088092946946716,1.0621899121369622,4.656298275751448
0.9575179647699299,1.899901150536118,5.618542766038054,0.8524679500316396,5.389172719271156,5.06723868520713,1.8229912100983854,2.3670147812331592,0.10078973380521725,8.980034235887977,6.179010416497122,4.532216519306082,6.728640195219241,11.866542458571097,-1.570647142323916,2.6436607617726473,7.357462214013385,1.2568868205686075,3.9483934123553635,9.43903129821009,4.617294643126807,8.349989627658525
-5.728660996362523,4.197673017200326,6.947294594679425,12.10657709273811,10.925613899224075,6.959901773716784,4.833805027561211,5.420797594292839,7.97814394667767,5.51515866055918,1.6358162283833149,-5.1858454985351985,6.580273351281337,6.896122342812016,-4.191243800393371,4.796858517256456,-1.2050835880578892,2.7985304951176353,5.016442675608975,6.660858108067113,0.6930567054288574,4.632685472321061
-3.1306968543963287,6.038293521357343,7.813612249568489,6.327622180002856,5.735633923311883,-10.438908307493886,11.558914407058912,-3.303434046566875,1.9764738574931435,1.592261303152975,7.8147390213274175,10.368803098216642,14.001613079021219,9.644004405873309,-2.4448251548498385,11.039871947291212,7.478256316615761,2.827817181405098,5.858045639137645,-5.89920668173192,4.635245681983996,12.809083896237738
0.43823435080271333,5.5895503968049765,3.214584016583607,4.22124857222631,-6.645759926216707,3.877138463319872,7.981021222148351,5.065334062624137,12.383065209713772,8.445972472851999,10.195923299930072,3.7824868145192942,2.731582487770186,1.0306276545365645,5.542886764045212,13.361129345447583,0.29477768939371174,7.398135846764048,2.58792690821362,6.060400737592423,10.069023915340145,5.135790591470985
-9.112648254983265,9.046849640714685,-10.509832132196184,11.463190386930039,-1.3949028741309746,8.272592746665913,6.262189855335574,5.993561929765819,-2.595418720813337,3.008677358843928,3.0256493622850513,0.665393065411495,1.916653353676641,-5.962021058510983,8.001992456045489,15.916163820125536,2.7580381944071113,7.672733843493326,1.732168710602317,4.5354536232844795,-0.9650173452466408,12.890234577599774
-9.635820592548962,10.92115497339061,-7.013351305878077,4.931582026851132,2.1777126782545198,9.682176673401921,7.500559261249758,3.3108872809500682,6.333393482733151,7.072913017458545,8.358566781615181,5.158982474171765,8.232612630736673,7.899735776617518,4.2349776806168595,11.753721468498762,8.034972620097578,-2.7228341253210635,3.8665155713715547,2.300109590165659,8.949149773155975,4.953498798932445
0.4174314028544945,4.7014568549028235,-3.6702624244404203,4.962229325074336,5.346240739962505,-1.465779825652909,9.96005312954649,11.621171104555645,-6.736333012017187,6.352679816153192,7.646211867166023,8.595398998811032,8.218914006410673,11.677920562889943,12.090451793162796,4.694738015362265,9.857002273573634,2.550849597743831,6.614978657032474,2.3945043246875777,6.9768423087974,6.352931550311029
-10.49935816958746,4.702589823505404,7.867613959743767,4.209086246467155,6.959809189055891,3.2237615147780865,8.250356783966973,1.3094321648498701,6.098374263793945,6.7980195257461355,5.558549786486275,5.8494431549521115,15.528882118750438,6.695132958187969,13.425210795193417,6.63387396077066,5.293440152081988,4.564127643282382,1.7409188588355187,7.17691589419335,6.924930583916849,1.7377062964547345
-3.0827831483663783,6.980380975623754,9.668690681008902,9.291124709998432,3.6555625692468845,12.105530175162002,-6.548275265016061,14.73894195442154,-2.692860221698262,5.07327365561494,-5.703730407737087,2.1007804651418063,2.1883325228667143,11.643064162636726,3.769816689185484,9.277974051600928,3.625637075514276,8.647970222387238,1.873473236884067,-0.7101476249997373,10.998305370248307,6.185588495339416
