script/wind150m.json
{"header": {"parameterCategory": 2, "parameterNumber": 2, "lo1": 3.000054539987559, "la1": 64.9999836372058, "dx": 0.5, "dy": 0.25, "nx": 34, "ny": 52, "refTime": "2025-11-20T19:00:00.000Z"}, "data":
[rows 0 to 23 of 52, columns 0 to 33 of 34]
2.1686669075063176,1.8253540458485944,1.3618976232573443,0.8211077700714648,0.8263642918642837,0.8885998785759305,1.0255420685636707,0.7110712002003158,-0.4607511658083819,0.6324789557464527,2.236838410020855,1.5948501788960439,-3.726337568599524,-4.428591873907458,-6.10822495378388,-3.52068670186093,-1.8853869657307099,-2.1498196062205204,-1.7731785356570329,1.0269306433614611,-0.4185605245711839,-0.6302083742374657,1.781628137309385,0.22800634826375166,0.652411121921946,2.2016770660242044,1.2927524729445747,-0.11657417044670808,0.9491791939134813,2.458887366053187,2.817518096300479,1.452506808888829,0.45396649726941424,0.005577263655356379
2.2327519597367527,1.8719329263191649,1.3025303904999757,0.7346505097195725,0.7584764429713492,1.0946676925181498,0.83121863520685,1.1140646056149217,1.6754918328098716,1.9525069124292966,3.133657031192619,2.504180939896639,-3.0376461165497206,0.9610582038371654,-3.3751359634940057,-2.5477020560748613,-3.7740788279834256,-4.664910603233143,-2.3596782055931946,-0.5046574556758926,0.9484295029965328,-0.9370508398001371,0.09580777151489626,0.10604651779646751,1.020225365422322,0.7573904874698726,0.8931975811939032,0.4394874425827547,0.48011454683175114,0.7770230826391876,2.017514896695762,1.2451261955342914,1.3489709434747923,-0.9576348803695577
2.2390402676154837,1.9043381486630746,1.292742825758468,0.5995590845964506,1.0668659642776475,-0.24939176803179855,0.4111820338383211,5.857247861767041,-0.2930775264531717,1.8622099832424095,1.8371187227015882,2.249599748191459,1.8535851146542626,1.4200378294247482,-0.34718797989441463,1.3830143189905453,-4.21483326656119,-8.27024141870887,-5.248158662384306,-3.373675744922147,-0.7453510654900946,-0.7185167126727017,-0.7435044853000597,-0.22110345885224905,-0.11055394427607959,0.5357473240426966,-1.5500941057988775,1.3855599474438869,0.7451683659418663,0.17686107581024768,-1.6590751494062803,1.5275160056923618,1.5710226167881256,-0.13817046734864735
1.923843964782794,1.6726701379115216,1.448493625086191,0.920357446169432,0.21839646475096178,-1.1642496162713416,0.40884026491323894,-2.0444172941417986,0.3209557564349992,1.3879887264300774,1.620678333907861,2.00062194456665,2.0362282904283915,1.253438793945384,0.6800592360309646,3.43769952314476,-2.677391388424418,-1.3303640963929078,-1.167097792073996,-0.2952715851850397,0.9932896682143194,-0.1524239697721946,0.8329727669548588,1.074076534938227,1.7221166840086923,-1.0827395151517683,-0.07808601738261439,-1.2902925974032509,-0.5023981550122225,-1.487559344519637,-2.5157971433624593,-0.4408831816246666,0.5341278035301497,0.4212957697902855
1.6229721047179577,1.3100303603783854,1.5453163059065245,1.5100414067222698,-4.0318716943929,-0.19354055528122832,3.802834859726285,0.7720567770238727,1.231445892306327,0.8566098509117763,1.1468921350025716,1.4138182444747867,3.9564083164007977,0.6587938617504585,0.41708888441251035,-0.06144384874218661,0.41778113369615844,-2.020233708823296,-1.5365449345516746,1.6601981375420023,1.999119651830061,1.296826261559512,0.5010078851368364,-0.41834436406761993,-1.2011865425196773,-0.1306770161078773,-1.1873609809922963,-3.121763967367533,-1.0392759008760064,-1.3382618205353065,-2.375405889719623,-2.4781745040992376,0.9640720258625963,1.8914206008472896
1.0140245794988754,1.016379477848731,2.0621630628863445,1.5782221103342127,-1.2947313040547,-0.7070683623202756,-0.01615954675715886,3.1502281491385995,1.269752386640481,0.14542266248830696,1.2535405665916346,0.659076203795061,2.385014345788238,-5.115181687041514,1.9107714083263017,0.38593117892547213,-1.0061449120674093,-0.3699525748254215,0.8426334683463071,-1.1793368358152292,-0.13678024567234365,-0.8033330345845093,0.38317003150418644,0.9607888214788585,-1.725043914092943,-0.19553702473786014,-1.7028524182678166,0.26030056322534645,-1.0898462031701317,-3.119531540929382,-3.097308573580171,-0.21580809104828047,0.3615694949505334,1.066829307672245
0.4000499117429037,-1.2777166455638356,0.7534328932761475,1.0067590398204311,-1.0539622439809095,0.22809756890690758,-0.5145210970595745,2.461674516229983,6.626337622711831,-1.3459463349038567,-0.6364093688991469,-0.13345212554684607,6.238812687682692,-1.2584187775303008,3.7059106364267027,0.44436040656138664,-2.5358080882492127,0.7394461506378517,2.067633065600808,0.767711687800011,-0.06753312520505186,0.44714256440943834,0.2980142791219047,-1.7113276515912221,-1.5344900383766424,-0.7152853555462769,-0.1960689543344711,2.2089023741361618,0.8011465400031417,0.9069342740648201,-0.22230216262377392,-1.3736822884150535,-0.31689509226928814,0.3103506605515707
0.41854775651604786,-0.09822902618212143,-0.2762919960855228,-0.4613913530079709,-2.6276650521747005,1.5973982734653744,-1.2221903405419494,3.549608412716588,4.219949183254612,0.9599177928872014,4.1642167509454255,0.9141061942502184,5.229536659230491,7.28314165134105,6.981498962895719,6.049918441119504,-1.1433175373703437,1.5071208708426453,2.025275498211352,1.1205868003683608,2.604007921499827,-0.8035106682540594,-0.7227681914208005,-1.891112089520016,-0.3750434886398659,-0.2707769932578133,-0.8388807551710572,-1.4100790849278377,2.534390142962427,0.9705741855631549,0.5400902925879724,1.1511977880201456,-0.2537798956201901,-1.6007784571472534
-0.4418239481374006,-0.17617520946501197,1.8071054234258934,0.6409697404148559,0.8728812901346606,0.9856139666798841,2.3884275104424204,1.326125934270725,3.906317059950144,6.6518481777299865,1.6754288608593766,2.296200840552229,6.167990974913726,8.811332500082232,8.878647633423471,5.878271081306454,4.829969337565503,4.311909851426106,0.8670187109242161,3.003283258796867,3.0690829481116353,0.368810476955807,0.38495777124058367,0.6455722595191244,-1.9172658417448218,-1.288392433811715,0.88908636468872,3.9320114642757624,2.386694005886786,4.647004066610765,0.7438551933566541,-0.023031995606924493,-1.6353521546718504,-2.7787368710417075
1.300088869780088,1.135888986896922,0.2627763305804134,0.35036981867280864,1.4554076882400921,-0.33136130016269866,2.983336819301778,2.8011875382997373,1.927466855641172,2.585041642729188,-0.2672166384105279,-0.10322231202471216,7.02022712729652,10.207763250641355,3.54792396023263,7.292933236776289,6.229315151652072,3.693946564918314,1.999141001326829,3.6192491440535477,1.481218142160197,-1.0999814423227667,-1.380237058425604,1.1216180343647186,0.901516438245182,-1.1372808436322817,0.828681335692879,-1.7037912807321218,0.7565668315657889,1.2510906261822,3.5487052302684936,-0.5607498014054754,-2.60020831615277,-3.7986170092771463
-1.9075782340075738,1.2727626148490494,-0.4850495651077683,-1.4504389732296359,4.272463522581168,2.612832830300932,1.0089738455943786,-1.7837924987325298,4.20426141700166,1.4168331823674816,3.626361841090815,-0.014619398075453144,1.944480978604245,9.078434231127005,8.273157048512942,6.455304744396013,2.6800594048604385,3.3031056512575527,2.087725551669881,1.5675019753966364,-0.3936291570306034,-1.2335495605560198,-2.5964929822868785,1.1675205510578335,-0.4528298479699364,1.5196443046438797,5.134898383385833,0.43166337901293184,4.2954410088609425,1.4947012914658577,0.5369229736314773,-0.7926362787128178,-2.7940570773192377,-5.802178065364202
-1.1858775518302853,-0.8895920068366034,-0.35882262087442035,1.9397487811213217,2.012882431887082,-1.245705807855111,-0.25610174334429725,-0.9828293983070752,-1.1682687708263504,1.2716723870227562,3.814992527249975,4.157879748215862,3.6010009560271743,6.197644206783429,8.712493577800965,2.3940054139671356,2.6890952126349505,2.5326209724976003,0.9046929279858248,1.3720643409636872,1.4963437529912833,-0.5077501416788391,0.22844965133687228,-0.1300860894289537,2.9105778950680836,1.6186274661584061,1.514130398411654,2.4843896719306677,4.763105917580905,3.8348584863525614,0.31724750965118337,-0.8211098964912402,-3.287221037167151,-5.44235188393464
-0.3940553644858445,-0.8401641601182426,0.44344228893168597,0.8823031969708298,0.4211076248892695,-0.45795574739722034,0.14544787630128936,-0.723317434956573,-0.07543288713066965,2.4229260452699326,1.7217343463989512,1.5306317593580638,5.815475722263571,5.072301649297249,4.703489655914199,6.921929641878783,3.8614770126837814,3.2115488677654596,1.5614389110675793,0.5774928881139122,1.207352536154439,-0.2042470731291963,-0.9054960863198978,0.45295062298040634,3.0672136198857407,1.9879503619710774,1.7886177644864503,-0.05893619205572198,3.054629960886444,2.700262415200128,1.5197632278120663,-1.096413440798854,-4.121787424061007,-4.506980340731814
-0.19577052019975055,-1.168333867486409,-0.2489639764441505,-1.552937665431836,-3.3672749128910047,-2.748817224837249,-2.43688293542988,-0.8262108313511141,1.126964737242383,-2.215213442569495,0.18922016282763554,2.210094957664324,6.123412448502261,4.2919145385056225,3.4221817342644996,5.56123616874315,2.509985260061925,-0.9381266700157478,-0.7856217575913182,1.5415531213169804,4.6242981860841805,-3.1179103122397285,-1.4812411720489047,0.1831977590314764,3.0103959770601376,2.3035876091925003,5.308918687621083,4.096780724994008,4.869351943075786,2.7623688953588625,1.006048700396424,-3.6483340373434636,-3.608695460364602,-2.8875177322036585
-0.30888624181399205,-1.5538294751553927,-1.5947987842589335,-2.2318454794555525,-2.200272539686082,-2.9960476286740994,-3.836317604521565,1.0712445581065604,0.46050572077607954,-2.8264700762840174,0.012805910573521132,0.3946749240526091,2.857883462517602,3.6502223531732088,7.159562223987662,0.7363580643297001,1.9157222335981328,0.8647810665758697,-0.34977155426955364,0.03978411574997656,1.9238759859454864,-1.3055198453484533,-2.474142003181841,1.0506946665964902,2.0768127034536548,1.108903627942679,0.9164431915407644,4.121802856281242,3.613523341671148,3.127227989420997,-0.3635904593753414,-3.3659771474928486,-2.543822989222532,-1.789530384051323
-1.6559035841406546,-2.4794534052771353,-1.7827512969094426,-2.679034939486731,-2.2831736110505187,-3.7866822008014087,-2.4879673582686093,0.1069218203522066,-0.3856601034989791,0.22154613618513236,2.660755668685356,-1.236250539405525,-1.3943713419937327,3.2349358184155896,6.079005399159475,-0.028739494924948178,0.734582000205159,0.8932005293898476,0.07120591536121995,-0.20912407856062104,-2.32929139836363,-0.5725508940832483,0.5328476047989846,1.398696798592185,-0.11416734304612709,1.1083954917265302,3.1093237926131474,4.958597818384859,2.970612542299738,2.252086906268692,-1.1655864863469063,-3.3663789672617823,-2.1541552392676406,-1.645305999133367
-2.2162082835668597,-2.3375626588003895,-2.3124538587263195,-3.006254934918869,-2.2397317543073387,-2.8897161750987617,-3.8521055749907793,-1.0643785972976685,0.026079353935056986,-0.6499943089714346,1.8604464880150176,1.2660442900684248,1.8435728970988017,3.283219713335927,1.3390968598827813,3.1927078057196847,-2.4254127195159154,0.17675062981601194,0.23618722288124996,-0.44704232540582783,-0.9940301630326364,-0.0901205653607607,-0.7771769437773053,2.5154628335479434,-1.5213895811162952,0.20784651119247385,1.762232187444915,2.071534545020276,3.515117492322834,1.6966666563136052,-0.9723068030470103,-2.7442398417801073,-2.8326923369036625,-0.8634824515267251
-3.5457252879458165,-3.0181987402509223,-2.9755857129577965,-3.077022447009558,-3.393424714473119,-3.639060138483995,-5.060119494209484,-1.7806256463089827,-5.082602917225137,-0.9762102587093736,2.505507188062755,2.238251177541949,1.9371238380613063,2.665452972385754,0.9956759312702054,1.8788922306876934,2.7090291941886386,1.730569267406775,-2.366247823718582,-3.109874398096419,-3.228989774909253,-0.42842549428141263,1.213930739466011,-0.4791542209050445,0.6505875369609889,0.6723040306356749,0.27125936187305916,2.108163544182329,1.9928285604563558,1.7798060908007443,-3.1086563512219625,-3.3245417620128443,-1.911983875749294,-0.6138751414935105
-2.224701577346742,-3.252594021372996,-4.469604407212925,-2.6275170969348625,-0.6023834687203414,-4.361045168964815,-4.526219975375909,0.3469086238691448,0.3656146838000922,-2.9186441115278616,1.696364952362884,3.0210356370828366,1.4865451430650836,-0.6016940811082485,5.4373370463953785,-0.5626908154422604,0.8034814247018518,2.1635576281111515,3.267333859817579,-1.4454038927210275,-1.7078889957040921,-4.093224863257589,-0.828944715535224,-0.24506782615598005,-0.4214799432043346,2.003979818270361,1.0813273025340728,1.038458567371618,1.4048779026880507,2.4674247985689592,-3.067664285589954,-3.0587570964419655,-1.0189436367603288,-1.769117017673779
-1.1582127428952835,-1.464826459321093,-3.2855167393618077,-2.2265035241279088,-1.4079419451712603,-3.0243069067720207,-1.8215478066662911,-3.9332918063992968,-2.231976137701807,-1.5837119767241108,-0.7620498764394806,1.7861406912163382,3.1441528426463363,2.0484278217577576,1.6794145214416738,0.11652172747554243,0.8558514369118706,-1.8779852609424892,0.16334623150395852,0.13109007171984982,-1.3722166780221272,-2.9445042631361313,-4.030788100049872,0.3646024322647224,0.8359987731736033,1.6476237629054389,3.2977893646853644,0.42877343852300626,0.2857755430138152,2.304889769859893,2.2753557430208935,-0.2738154456410483,-1.9816672088317986,-0.49693144357598207
-0.3825509023957992,-1.2255936170206676,-3.19092249405726,-2.696361839389892,-1.3634679915005945,0.3267639666444084,-0.843947734382303,1.220578607879559,-4.834324020875751,-1.0983349712821886,-1.432979081663501,1.006594501244578,-1.0704979842000395,1.0020653007099949,0.6609820246639231,-0.5921099606863677,-0.34509920566804847,-1.036143680632976,0.016081097128139318,-2.0914267560970123,-1.413395530119761,-1.8012113092849213,-1.859512956134575,-1.3752426803750377,-0.3048357156065148,1.1990955837317032,1.4364475252415074,1.707570887607878,0.33918312642428244,2.090294896946399,2.824235417668348,2.273673762725344,-0.9250706042795186,-1.437895230365244
1.8036486919654646,0.22738493559242642,-1.5061809855836132,-2.4182433836115074,0.05433391308487801,-0.1802638473705283,-1.4995106567746745,-3.051161842518405,-4.1738294584894495,1.3558641608290556,-0.40938480378769704,-1.5821469436654598,3.173689207251965,3.7012236455332856,2.5271863908536303,1.0157670760154516,-1.2597214013040339,-1.395611919955532,-0.7282873317880239,-1.5004592911439647,-1.7920283097704557,-1.800564995308982,-2.221369601981831,-1.352030262619475,0.20067189210447958,-0.04669282609608763,1.1278744014664581,1.1072590343196276,0.14710897978416465,0.9768264636791867,2.4558480507431533,2.7158713452707754,1.693651351829535,-2.1390718015078987
-0.43865844888619565,0.42736807092368734,-0.38433354060730773,-0.5770129492145001,-0.1997025236442607,-0.0012988440242136146,-2.073859964201117,-3.134452712478793,-3.7680097944025883,-5.547818772625045,1.4532713119714253,-3.844520696107241,1.5055775148467219,-2.0629452894590683,-0.17022244351314506,1.670434160064504,-1.9941961109429684,-2.3186924857898745,-2.7445387348298933,-1.270080907770715,-0.8401658160182828,0.13733600082636122,-2.414893666630452,-2.6006809058928044,0.32221776628838633,0.42418656770942054,0.4620246248625736,-0.360423687928031,0.0014576618594646018,-0.2610094495245544,1.6691747362761589,1.9092103755192333,0.07284812968795247,-4.297896050502231
1.4223141896079714,1.664779838144175,-2.45233987271643,0.3155047745117157,-0.8802161985158822,0.07971082168859114,-0.4570804069410866,-1.3431449979013321,-2.772221768216347,2.604014352734587,-0.9777196644969696,3.242458861292166,0.14749284593961848,0.43935669088777113,-1.7334464115283243,-0.9860154137415702,-0.9597899096349706,-3.678761732852682,-1.4693754746381773,-0.8062035619050228,-0.3198635857828415,-0.2639806875981747,-1.7816746647661503,-1.582157808930266,-0.6572395453363449,0.5088877714833464,-1.5289287605629902,-0.4219536754773892,0.29876576525254434,0.23213905201785381,0.5306407774202109,1.4467653162744576,-0.13747313773231631,-5.903143892906549
