script/wind10m.json
{"header": {"parameterCategory": 2, "parameterNumber": 3, "lo1": 3.000054539987559, "la1": 64.9999836372058, "dx": 0.5, "dy": 0.25, "nx": 34, "ny": 52, "refTime": "2026-01-01T12:00:00.000Z"}, "data":
[rows 0 to 24 of 52, columns 0 to 33 of 34]
-2.0674380839478683,-1.2891622507784062,-2.568463042853156,-3.728044490983158,-4.801457391637435,-6.335650312755584,-7.277755608035775,-7.979413460971818,-8.464391075397602,-8.733794563275984,-8.633445936932677,-8.650036039728219,-8.318404583608338,-7.84539522519072,-6.425615758654842,-3.204138633070684,-2.455934040575904,-2.2702758662282907,-0.05956665073287487,1.3709970716677284,-2.6395341094607496,-1.0328171424265227,0.04469332922705133,-3.4458395079518462,2.5165506542497984,-1.9315807109553216,-1.3351715624762746,-0.8131799273426912,-0.7636402829956592,0.19033568932315695,-0.35795804822012384,-0.4457726147679644,-1.8876733817648563,-0.9810513200979304
-8.264400153866916,-2.842709030109126,-4.056551226689314,-5.220504789137618,-6.292250290667804,-7.202551973336851,-7.673138416217001,-7.908804839061974,-8.282956920764363,-8.375592951761613,-8.346761463234415,-8.023969689354283,-7.123961495952405,-5.994111744747842,-3.8959809473232423,-4.239941708742522,-3.794895093055964,-1.7702005458693204,2.6244932130941936,-2.690551152941363,-1.9759178970983369,-0.9815210387714388,-2.0653199595781286,1.375194093126774,-0.9194519517933467,-0.34617403055613544,-1.2134816623613296,-0.11229149957135878,-0.48104832102409545,-0.5236656069249095,-0.5845242941040284,-0.43345653243941884,-0.47998845046607136,-1.254830466650702
-5.389477514236753,-5.812411040005353,-6.577343347975564,-7.102807818136151,-7.326561259807194,-7.906591343261117,-7.65229920296448,-8.073213791850344,-8.572153980338477,-8.089179254301145,-7.583576801175478,-7.424829382035991,-7.027307327452724,-6.209594914495528,-4.297049652892711,-3.390385709763687,-0.22647972173474748,-0.11723579228250318,-4.11157765097791,-2.8156113009972987,-1.5290500640130162,-2.507655920152625,0.10731459526300535,-2.019112667481143,-1.8882021437457095,-1.3091428466359385,-0.3098087480257726,-0.7043499261368655,-0.19504163179357253,-0.9045458638994136,-0.7058182329544764,-1.001386858154983,-0.6337504345564433,-0.9232756137859124
-6.097424877216659,-7.384751511661842,-7.761048895671468,-7.5463611783263325,-8.065292604887414,-8.434615325839749,-8.927363698563799,-9.039337405214702,-9.375267023874555,-8.81893255575676,-8.830530113024349,-8.669549765740312,-7.25919544286156,-5.64619879708209,-5.57808842517924,-0.07301678683127544,-2.884986305856491,-2.457397079789645,-2.0043164721927353,-1.8220569920692804,-0.9719439144593758,-1.19666379032568,-4.55359115469112,-0.9211734405957418,-0.9895289695449203,-0.7010234569331341,-0.5944827352460954,-0.6676632314954912,-0.0880122559079782,-0.45168126765255445,-1.464600018132166,-0.7452414799621533,-1.2490067004503473,-1.1963845630798116
-8.96659534282653,-9.273767184086335,-8.86774560840967,-9.0645749943206,-9.441097476613542,-9.289354240228253,-9.809225310482688,-9.837601802322487,-9.718334002793782,-9.37424353526908,-8.295207139699652,-7.0839985204847205,-5.938725136237164,-5.986122201496423,-2.7492730813206663,-2.038601465428683,-3.4610081129555565,-3.8423058359786535,-5.260707692720461,0.04614788714285693,-0.4250641833445411,1.219712840875569,-0.15018253062054146,-2.4596356807544995,-2.358972340523644,-1.6363733376961707,-0.9542417278745623,-0.06366592366602282,-0.3251600480028795,0.435569909393773,0.49847283762735556,0.42430372998302074,0.24370751406425678,0.5093654207414131
-10.236273311287592,-10.157077799559804,-10.218197490194052,-10.775873075934996,-10.26517010302664,-10.399983350372587,-10.713755684579864,-10.22247035527941,-9.789571419886183,-9.12912162823258,-7.750830769311857,-6.034825305614148,-5.6388515071646985,-5.163906674242208,-2.117201923807477,-2.5622626230729333,-5.587721114548439,-2.132453951313094,0.344414854257075,1.224799877249927,0.30185891631423056,-2.095421995111217,-1.323079558949976,-1.5668300080924857,-2.003020290701412,-1.8459807845350227,-0.6838034019666197,0.1484296373708807,-0.8604486420241766,0.06797298296236587,-0.26036170839609696,0.05472275650589393,-0.1812678931618313,-0.1845411268091319
-11.209583778338406,-11.240469412652004,-11.85918265961,-11.710417493978715,-11.22907071104731,-11.552757435171168,-10.612436590223293,-10.70899755684331,-10.325466935731695,-9.626428149541015,-7.856544981867457,-4.160917398564771,-4.663904164296329,-2.7037919870083984,-2.6369815314442087,-5.292631346935964,-1.5380525335420112,-0.6429082682368826,1.0408850789974522,-0.08502420518491191,0.6724109718683025,-0.7244726241948016,-1.9970913944687585,-1.3267480175783746,-1.1603299519528252,-0.2614309215817222,0.8013812452168457,0.08643300761419832,-0.34888051219560146,-0.05886591150393629,0.41708863935057705,-0.3739826036792621,-0.5603063367698315,0.2669105184117151
-12.322869954592486,-12.655088897790794,-12.587607867703564,-11.965735129419658,-11.827961075256432,-11.253085075512368,-11.533378841053622,-11.378625390657653,-10.508576414668948,-7.2370350811167885,-7.995931695566452,-1.5326908361121687,-3.548848929236475,-4.116727554515561,-3.023611337461463,-1.4659770907403213,-2.3489115494833768,-1.7489098780116372,0.3110510121632995,0.31924357731841563,0.1539867087932954,-0.9177667571058917,-0.7628204251415663,-0.6233311049352968,-0.4269515980442928,0.032673632430200536,0.633384784485171,0.3563314492676545,0.14800869015696094,1.7262221767203338,2.086673722502759,1.9219078212846492,1.9994721340463708,5.922687377352578
-13.52196421183489,-13.369023153270955,-13.03322295097067,-12.989997875564718,-12.641337833033589,-12.931427099609527,-12.372403965861727,-11.272869838501434,-8.574113355358117,-3.3882097369610533,-3.7567012598629246,-2.2227027093743024,-1.97833443258973,-3.9433182897041714,-2.0353386934724313,-0.20466717639647025,0.7387364090334465,1.510321974360946,1.7707168259711215,2.3525272295407658,1.9043743533727857,-0.31484046911717795,-1.1931888235670436,0.19015284017675407,-0.014238649501905105,0.5568102632350126,0.7930934920467168,0.7091159564324077,1.6775381334797592,2.3271797869605404,3.0602839189656383,6.454194636465321,8.598438965672194,7.65987347208145
-14.224744041882657,-14.168229278846344,-14.037796258629,-14.071965632704025,-13.869991696745057,-13.069999548741645,-12.163959392487085,-10.040019335986297,-4.519697420413401,-1.423379213778694,-2.0173174183308675,-3.5731598791525334,-4.331579521377067,-4.31781824198614,-0.6034053955214087,0.8256741452346024,-0.0849982763281845,0.7349967794597511,0.7402957264675912,-1.1884142173846952,-2.0637881116346413,-0.4408825233821507,-1.8403074492512228,-0.11982354760257133,-0.1589218652888818,0.6407517355906938,0.8305294333971504,1.9941006129558865,2.045283511722888,2.8408926493935347,5.348729160889669,9.901536143540373,9.710333378399453,8.760385052104285
-15.352089023343254,-15.472290707166799,-15.292932895478511,-15.018450647967576,-13.95814173110939,-12.543522994521474,-7.0876520084300365,-4.823911712053872,-6.180130224113629,-3.6964602955475225,-6.283127834280718,-5.950152788231813,-0.7364857211295647,-4.652674288488022,0.4780803322625494,-0.060635096557039275,-1.0983059097577188,0.3811959067423619,-3.799397959477916,-0.9367515212161612,-1.7566996854523431,-1.1210620979192127,-1.2933258431502257,-0.34842604821880446,-1.1888522837735955,-0.7763398806678333,0.2661614036527147,2.305013901055562,2.365774018839817,4.218415723326296,9.460758697802843,9.600812795807961,9.507917249827614,9.178174178190428
-16.2490625639458,-16.637740434729732,-16.389733252060495,-14.245670363733879,-13.073961251873984,-6.681263635668918,-7.770611129411915,-4.469890305183317,-3.055167025205157,-4.764824195273838,-2.707035475250424,-7.193235255371719,-2.2880863768185224,-1.5595191727922124,-1.488095129130314,-1.409812049292882,-0.8852450651042573,-2.147655371306858,-2.143734448673798,-2.0576090579483552,-1.3656798171600146,-2.2837798702370566,-0.4303558505169554,-0.848907501655378,-0.5621573011804878,0.51338461344711,2.283351144231087,2.1494240851852853,2.9202302494588457,4.318388031622891,9.549756117695056,9.511569395667093,9.347780165867,9.175573794265935
-17.634630689614212,-18.67593509215797,-15.352032979023509,-14.714529998172017,-8.891081099022752,-4.792707897530468,-5.330361078731221,-6.135565638252059,-3.397669433867522,-2.045840012237605,-5.086929718222033,-4.968200764536909,-5.595764271869693,-2.3545381128530787,-1.7581975531698044,-1.1408985192907684,-2.8823454173660052,-1.923303288662255,-1.826426729411603,-3.024145323389762,-1.9562373898031444,-1.2513857779896271,-1.4848698516231529,-0.5646219295663003,-0.033529653340049564,0.5874096106362482,2.0308470640064904,2.1682505086519264,3.256002882909464,10.205803607959261,9.660850232660822,10.00593876897444,9.963473981586223,9.624965235727085
-18.54458715937991,-17.03729906081877,-15.497906187215515,-15.245437767946619,-5.954961605387092,-8.171906596025135,-5.670986078797628,-2.3319278259178433,0.06118601801948358,-1.4432075348187325,-3.322294642902509,-0.6957573480582683,-2.2262951170148155,-0.4255877105598675,-5.956809203310376,-1.7428521350353399,-1.8812424696019159,-2.6809912599645678,-2.69421793995042,-1.6170975901131213,-1.1358943224880778,-3.031343962874498,-1.2872766558874478,-0.8623587996172972,-0.41150643585078767,-0.10773084642146966,1.8135802411279702,1.8098188351780347,3.0427135496535196,8.47816444896731,9.197391520495705,9.021193192483404,9.680328647744664,9.75300691280806
-20.091860598160736,-16.325531739891577,-16.6099951803004,-13.530620840867504,-7.313827696280004,-3.325202551304325,0.1544205488056155,-0.4101436191546244,-4.818830106699293,-3.1355710152922804,-3.5547834326884833,-7.530228724536277,-5.395809688633267,-0.45039610614217845,-2.2273327155655602,-3.4450703637500317,-2.4627271793436476,-1.1990603981793448,-1.9131664875927201,-2.2866030984366157,-2.29949883252307,-0.7136083919290787,-1.481898360947074,-0.9084918338373847,-0.18963370362026322,1.0535260779770212,1.2183159168289062,2.5959269439481316,3.3544011747208313,8.682142194321061,9.45374830937874,10.598744045859688,10.071286327087368,10.068775744100241
-17.402422939216823,-18.034516721055795,-15.705017355902433,-13.698606771511098,-2.6035169943031593,-2.3728986958501803,-3.7653886798115943,0.054024506943400566,-0.16509451868545302,-1.6135069568655562,0.5020221769808246,0.11372796935040033,-6.749797598432278,-5.734152673016549,-0.34286855236425645,-2.5710445990701425,-3.598040474470433,-1.477843796818375,-1.440036721227029,-2.3211685755481986,-1.80340446619635,-2.09628185321158,-0.8118662437358564,-1.0631000061521951,-1.2904731196486736,0.4043982803205244,0.7686512752338459,2.116099534906043,3.604557045015182,10.130996502317274,9.670450062591751,10.3026790281754,10.685800689939004,9.479708829382906
-17.08770053692934,-16.536523916218783,-16.507971993270154,-12.179761084938933,-3.7219042207970023,-1.241038882643521,-2.7427829124930523,-1.5744347034731931,-2.5973602368424995,-0.3475918588033801,-2.3455660451417386,-6.34403941481006,-0.7574154922697012,-1.23603091918952,0.23463868691879405,0.3829794521872186,-2.0629912972216626,-2.1839210990457008,-2.6072034827594455,-2.319334125791491,-1.4726776331142164,-2.336900529738817,-1.7007937252773846,-0.7258387146005584,0.33896668632963434,0.5348648255885246,1.2368000106359984,1.0609128298964785,2.8038002568988185,10.321325801530728,9.52769926275082,9.148109344144231,11.03097002968822,10.240900677020822
-17.772819127348658,-18.17653184081778,-16.78387459417644,-15.321067467513307,-2.556564560520787,-0.6098634358853923,0.1710787052340095,-1.1759284933069234,-2.3928245055843416,-2.4084114285139333,-1.348951836823417,-5.279810468975239,-1.9635692535211424,-2.3213787453246506,-1.0173672783996905,-1.7073470996442623,-3.4069087014283452,-1.892969876517393,-2.2112797107879185,-1.8719294369273587,-1.9068528632047124,-1.3284618810475886,-1.3826489653590164,-1.1262016593719582,1.0694561238399483,0.8910936898651712,1.21794202862161,1.4734394116442096,1.4102095576363392,8.641270304978663,11.090421010064622,9.288636229631887,9.49106248413622,10.482894495019664
-18.113251906419503,-17.180042966285143,-16.48832185469608,-13.354418582466357,-0.21680362735694408,0.7134584605338861,1.8282760189147174,-0.0687549155567953,0.003901277348877293,-7.109070939728433,2.4971750133542256,-0.6813838712748139,-0.40636285261841065,-1.1731023413958366,-1.7791629908732294,-2.4617272442030536,-2.1397840429437824,-2.017570693464757,-3.176757793529138,-1.7195697176191054,-1.8981109765943673,-2.1354141902473325,-1.480685276840668,-0.4014042414163502,0.21269704122498875,0.6803539297596548,1.5516484793480487,1.4329296067020234,1.922530888121022,2.2551454037070813,5.588017355018525,10.00681787284857,8.408954527948357,8.763960742566674
-17.173127834969577,-16.220836275319126,-12.827565023074605,-11.561157442493904,-4.362377676442447,0.12334319736465948,-0.8890326973230225,1.2861314292766055,3.444433175776713,0.015004902586101135,1.7041964522076167,-2.3063182379210683,-2.1059516435786687,-5.631288089163593,-2.189225812724597,-2.098664366144695,-2.588108634954741,-1.8669279254699693,-2.1562113790749344,-1.717944104729557,-2.5965659659965805,-1.3203881940550457,-1.2630977195111146,0.10086243221089172,0.9007609701977841,1.3871723366956847,2.1845102148100053,1.2005448920843182,2.221114199119504,1.8746090335825085,2.2593442321955943,3.5809382934338467,11.303402700268347,3.94692316719739
-19.244072774813493,-15.799340016300272,-13.89866162779566,-12.294066316112458,-8.775389469656982,1.1326724836230044,2.141223722001458,2.842846571571691,3.1167349581742703,0.31402912475228556,1.5511104295542197,-0.8766649958876045,0.40929570209597543,-1.2720224730134333,-0.6150803520713352,-1.9607992341368048,-3.0780297546440205,-1.9424333779321554,-1.9526895351893139,-1.7254238033013716,-1.7975864560334045,-1.7004030422555338,-0.262568881935187,0.5913421587099768,1.6310145067723667,1.5373616711908933,1.5069244031542397,1.6760667092041932,1.962940681257047,3.4132493450335706,3.3630806703655747,2.6543590325509636,10.114331728166164,10.50106758539544
-17.733099367929494,-16.46197663740826,-13.846563431281307,-11.916580640510531,-10.173816072121955,3.4109496246838082,0.05550004594641393,0.480345663059035,0.8911409866422074,-0.2026260013723087,-1.7647092335111514,-3.684044083409052,-1.197908875427605,-1.8641292469308135,1.3951769103013563,-2.8948889396784594,-2.198741072360316,-2.2590079051650407,-1.9848020699793216,-1.8485404040280116,-1.9619441861458635,-1.1274250643707882,-0.10687116864851211,1.1649146512060355,1.2834785272406841,1.0695381984865877,1.527970373779197,2.3809971037033866,2.2524709676556776,3.8014504754674157,3.189455605044668,3.639140335482667,3.2114093426865407,9.314865328914605
-16.436859352295986,-15.33809150653109,-13.439024625127033,-9.807096990097302,-8.528002746812104,0.04578105510795257,-0.1156678285486532,0.09454869153178841,1.1351373777674476,-1.0295384707870976,-0.9066289384102433,-2.201498699557348,-2.1982353278937117,-0.6237608434238573,-0.8432769378272517,-1.7698177253007363,-1.7456515655230547,-1.7497492741309408,-1.6363665804252234,-2.1232167186660895,-1.5124682892071981,0.4285289932685877,0.21983428442665962,0.9112088677610641,1.3413335815219056,1.9260368389116393,1.5276790422441437,2.530553095304831,2.1903932770936723,2.953249560412099,3.924788575154018,4.529120220911663,9.667637975559687,8.532006364550105
-16.66528315061006,-14.626674099229975,-13.22298230675756,-11.933253074443918,-9.84579015615756,-0.9251434011346835,-0.9504266454922327,-1.2785377698249047,-0.3696544387999277,-1.383635684971025,0.6595534045092728,0.7510259361354163,-0.6100043656693633,-0.2948638370964039,-0.37116288302139294,-1.8251745680744078,-1.2821702727114324,-1.5758914128458164,-0.8321112024237967,0.25284410505670896,1.1804487339108383,2.1221604718307323,4.166079765605946,1.6691798032467238,-1.3130427122099948,1.7528029347274958,3.5062982702803716,2.3129594863055596,1.427534139802222,2.339938023423111,3.0985546543838267,3.457133402077246,9.433297672420316,10.583675712526592
-15.503063034197673,-14.525313974885274,-13.52111548058368,-13.09184372890772,-11.028961105728921,-10.850402576720588,-0.889194997104292,-0.11699792086609921,0.08826996249288646,-0.8199581246741956,-0.6100289129097896,-1.1873439708072804,-0.503858798908109,-0.6764241840519731,-0.9446362146870683,-2.8522718682755897,-3.0699686602344247,-0.7540635072283022,-0.8611164456948261,-0.2392777029268835,2.574191737447543,5.431510958266823,2.805520754949646,2.283466025014514,2.2549075913700722,2.3676937994588023,2.365904243177329,1.9078620909995516,1.6346279433247848,1.7574676056945058,2.88314766574743,11.329180441135755,12.49084980509867,12.36052095167889
