script/wind450m.json
{"header": {"parameterCategory": 2, "parameterNumber": 3, "lo1": 3.000054539987559, "la1": 64.9999836372058, "dx": 0.5, "dy": 0.25, "nx": 34, "ny": 52, "refTime": "2026-02-04T14:00:00.000Z"}, "data":
[rows 0 to 24 of 52, columns 0 to 33 of 34]
2.39419053263615,0.3909033766674963,-1.1450318807586901,-1.4442925176326051,-1.5687696618621036,-1.4079785000704257,-0.9979028338261358,-0.33710815649992354,1.3751508940928,2.541263471217525,3.0505038543358785,3.2808420614456835,2.688713274054839,3.459391625969349,5.978811493477746,8.820485837742256,11.32781916554743,13.314585835902692,13.825292838339623,5.835662208985395,5.227455893915637,6.161063032886465,4.596562924303113,6.1362934618646845,3.3765733872139676,1.578088676550866,3.001877499283997,3.66637214065593,2.134300946151506,1.6491501231600536,0.5100588384708511,-1.0119582651509917,-0.22940600974828804,-0.7873239540983464
2.606869183255851,0.8891256293019997,-0.37924252188411467,-1.5762999000129183,-1.4013934539653468,-1.028045404409682,-1.0149379082885643,0.030902850063198366,1.1579883322695237,2.465259789263743,3.5553614757534158,4.107896089518529,4.003288816797486,3.852995710657325,5.634102313249841,8.657502022561365,13.123834787378554,13.574749537849844,14.123504153801585,6.213724754009575,5.05475722170322,6.682739490810278,4.051367807136173,4.0569169646259535,3.1288189291566777,4.104140249123786,4.767254937342641,3.590089447466344,3.6232727615393503,2.65020605674016,1.194877179431018,-1.0046959571692997,-1.827060967509511,-0.9231546073102659
2.3806943712005952,1.0014086876092207,-0.18089765790635198,-1.3503277731961725,-1.2277505355893088,-0.8421242493340306,-1.0073064265125027,-0.5430454765900189,0.3456984288826534,2.7904920930813657,3.816846057833624,4.593367827510747,5.468758922531602,5.609966289851656,3.4942391626535714,11.052767331689397,16.37902271266698,15.94421330481574,8.984303177311803,7.254211577271114,8.28835252815499,7.080503060192943,2.858524529801459,2.6993650035226415,6.633253702929187,5.056524837373192,5.46559841003195,5.502696148476829,3.8379334981637587,2.736724071960154,1.7271520150826525,0.27070783000901333,-0.8295869296065173,-1.8526179400311629
1.7857721403748334,0.6107006235449254,-0.11570384082404525,-1.0402321625893414,-1.2047054223961364,-0.9511764689696289,-0.6085154638265826,0.1632816790753881,1.1996790887024602,2.8521726174758877,3.1211134756262418,4.202117563240054,5.828456082870003,7.171568177144075,8.038911047717459,9.083668143212313,14.30344685731271,16.352167531928927,13.565923116604488,8.383498749829815,10.339393581870732,5.160763482292166,5.674281865487559,7.764465908743363,6.990760786757526,6.857309601194563,5.582619568362942,4.262803478844909,4.169410721384452,2.4916298023836583,1.5091529580354945,0.7024963209117665,-0.5919565193997072,-1.8725339479892182
1.1881563783810662,0.4161645072329974,0.2879067483726058,-0.6360568597666656,-1.0624564989456717,-1.1459925274699467,-0.2788476777462571,0.8003705646654748,2.064317166778045,2.560528121488405,2.690870061485088,1.8472300885911066,5.361642951579736,8.130513338953655,9.550186171097911,14.201920945572684,16.366634138289346,9.805534671814243,10.993811540080603,11.920130958718394,9.386219232002063,7.628940485367657,7.258794818330971,8.417730255332833,8.846122069168803,4.910213627669481,4.823195644891748,5.531837614870798,3.7228849196484872,2.251573250741561,1.0478578572242052,0.42650654975603197,0.06882927306912183,-1.6264952663541794
1.4229231516168463,0.6757514890974486,0.34408703059903634,-0.14903784224836872,-0.6868759719192651,-1.1055807293579212,-0.3321436773688642,1.0597134429185422,1.9886267858556625,3.422937138614098,4.384455380973849,1.6206105004145694,1.1243134664495695,9.078231885765701,9.01506103332681,13.251602515471246,8.91816767862299,7.887285932739452,12.359333812275082,12.601609007256489,4.971052435806099,5.016525257444598,10.151879220860435,9.318856902535693,5.458548275840901,5.508456266571132,5.9574939547840025,4.292830756351077,2.9324699819626265,2.2915417304219488,1.5651619073099394,-0.04728228971971071,-0.6950535966163235,-1.1975488909161385
1.9517692929079749,1.343915028524999,0.9588970188941061,0.7044097894191856,0.11370620203054657,-0.11664113940829834,0.1165954240136491,1.05798901913348,1.444658624408408,2.9771612784383272,4.863437414215046,6.915971247350034,2.593074529628132,4.006230614281256,8.183610384959024,6.4842944934559155,11.749339450881902,15.063072038631816,15.907257590961008,7.845617424532094,5.49561206819613,9.45435972355425,9.548080288904684,6.620051184389309,9.056345821218104,7.221460687861884,6.6727969489765595,4.437411470775008,3.4824032614460156,2.138576237941039,0.7540791520503727,-0.15216594068770103,-0.6138107676021448,-0.41258147354319086
1.854794503783606,1.7683533714318163,1.4866066841120047,1.1298755355410253,0.6246821797947439,0.6076213158134754,0.8924649056980263,1.104744121890577,0.6224726271146236,3.4457641254107214,5.985648579309686,1.6997634668656483,0.29674337333023326,1.5816652928420998,12.843773826173553,20.774370281129645,9.719452536171962,17.709145929888976,18.62451341648669,13.497174009188214,12.201678885940952,9.139905099625482,5.989392273341825,7.2302459348226265,7.8308048525989,6.368232633451338,6.137265926149163,5.7997088359096525,3.2745366253945876,1.9290713658029484,1.605713207624372,-0.33317739431168164,-0.7430476213613927,-0.9273899495836897
2.2488495264657544,1.9753803506726952,1.9542446358265237,0.9495107975110443,0.6960060815238213,0.12202500287761894,0.7303017478211836,1.1325099926715538,1.423435077569809,3.0434732844375927,7.983120612016935,2.304926938257173,5.308878799911736,4.583655840683412,16.389596208290072,13.773373596220472,18.11417409704807,20.232176293738824,15.318681527212245,14.56197169145036,15.42761510077926,12.900055475015145,11.99537865919767,9.454233552055703,7.911910685340113,7.7073632817445885,6.406736336766135,3.979148320599023,3.233074124328585,1.555936518023906,1.296936782171082,0.2895366215806003,-0.06960469815568869,-0.5845962093414371
2.4621373763641565,1.6856339254378323,2.0293547485424104,2.700725544304295,0.47651174772559285,-1.3469591776813536,0.060660000190508066,2.385157663343343,6.684774842702582,3.6958023870242043,8.645794486119781,13.63277122944657,13.36330383097425,13.126625502140646,20.296062037721455,22.65421862653031,17.91197413479295,16.40880208480741,13.902409027163005,13.246646628204585,12.578762249020913,9.54367006612816,8.813383305588758,7.740977081583998,7.120425106576394,6.9005789739758825,5.0219059854981465,4.945716777698471,3.900109492955062,2.913056891109519,1.6454818286290616,0.6827787997553665,-0.3061933773172077,-0.5327147938725514
4.703408404065901,1.9459928215367748,0.6639317084184073,0.019927121410227674,0.42669343716732705,0.5452251609084122,-0.7419703169251006,1.3542603998024152,9.964028236654066,4.996897119834899,8.244109202432528,16.921915568641033,11.066632226724664,7.061783891833431,18.906586592462855,17.513581507966418,14.568132670834917,14.181102590324313,13.428618466901117,10.526135972440606,10.598500227141658,7.457164796913565,9.873098264483772,7.140766270141244,7.807447143848683,5.71992146047435,4.221752933540608,4.701015046544027,3.03535554459333,2.1736077194628427,1.3974738518415228,0.220712684893722,-0.24821788734370917,-0.6780702722541543
3.972122980712993,4.6671765568964405,1.6364349353907488,-1.7344211657123485,1.5617074339890422,1.8258296880499723,1.4436071582351564,6.276535543311383,3.6013915531221943,13.229654011875525,10.110362317181044,9.84353459991317,16.06204089230686,10.89877504263905,13.089414933100553,12.855310417418908,15.186669839469465,16.167148378624336,13.088208218038442,11.944008492311731,11.347243116331438,9.603288443597549,6.1586967221702835,9.206711237310993,6.342046747063095,5.501469275853905,5.409216982940981,4.566096029462376,2.578727748733614,1.349744525739742,1.032363937560191,0.7780431387491892,-0.3327004659502873,-1.0185460568641413
3.3259084543399107,4.432401032238091,6.305570289462834,0.4211711465360108,1.6944567242545334,4.985750816101491,6.78658344791171,3.3395207960757376,9.13017214167699,13.796092235949315,6.328902657959132,15.94116310614762,17.893617239885998,16.909151468811093,14.55727522169569,16.192021562599408,11.816985655795,9.123789807722934,10.142299702527767,8.174447235949563,9.773416067840222,9.60124858505802,8.295868867763732,6.122315480089127,6.1828576713345464,4.61137479910992,3.7311037861889247,3.6434981493536505,1.350357699318119,0.8471439567160665,0.5763979512361932,0.5421205648929363,-0.8268980399579682,-1.4516324653730175
2.889912982550646,3.8151035973692373,4.793966772518531,5.769046317145203,6.481428708655477,13.073921035355431,7.433100358693281,6.8588520828342565,19.727876417872185,13.662408109308977,13.070551908205337,10.714491776503264,10.54205282406019,5.699223038606208,11.812206083340847,8.457532011283197,11.185872328532357,8.984002098333445,11.487745311642156,8.728229490495089,5.0211104705375655,8.530624572582427,8.260438737916868,7.445242292398267,5.560134609875416,5.111278317832183,3.3186234745252743,2.5319276426419624,1.5030221494443006,-0.11219595817629967,-0.4151849303007241,-0.8330392870021001,-1.110789783855607,-1.7222452783330715
3.0761460008433623,3.179916901306062,3.9162917612743957,4.18317579944565,3.9210727840974475,8.42930020093783,2.914443452533784,14.255031818098638,8.749107879607479,2.5358260987524575,8.848296678977164,9.45347295406984,13.182821033792102,10.823487371406465,10.17170379736266,10.66970387063562,6.2571478857436595,8.919524788935611,7.208052370689602,7.649471340830367,5.479849611616609,5.458244365759369,7.769728248977956,6.287866806606726,4.981401699827015,3.5742981355206385,3.0193575222916693,2.8572748758352753,3.467911090702145,0.6607093562862214,-0.49086952995023275,-1.8280681246081496,-1.1012583260550886,-1.7672942466507318
3.517827538079116,3.0115339912230707,2.997985164051053,5.025760647321939,5.670325176234255,10.634260323758323,10.030617700261129,6.426595171952468,2.0670218758115797,7.173484310634549,13.340027053633122,12.679300134323462,5.9672462335527365,9.40422648382947,6.02840992989857,8.682512046012087,8.76959460271599,4.023178957623458,6.9061820024972045,5.1192373365094905,8.176934548220377,5.598858458252427,2.698499016408139,4.510752532040455,4.22808503960453,4.402273119922929,2.6592201487473544,3.317754833137349,2.619745925964394,1.8415273509466283,-1.097655693535359,-1.6802089065527204,-1.472750346893749,-1.6501261329470407
3.7084626898309927,4.166014425088181,3.2286183320858655,3.5525566668058004,6.062673937015889,6.900349304889055,13.41434791642299,18.237079580321968,4.997112826567143,20.15913775048065,16.48412776661102,12.026446559393758,4.279350070424831,2.7232908888907446,2.9878965586776185,0.6901918856381634,4.67782375729839,1.0998228969543777,5.7758404400219225,3.1471021090096625,7.39081456411466,5.191895172717023,4.454966569452749,3.7199334305275853,3.6514342559297317,4.740098702150494,3.873768719062708,3.144861107528441,1.6211726060941363,0.07585357884733786,-0.4664139298486922,-1.6232789447337708,-1.68809408243208,-1.9245944998081967
4.005439839917249,3.3761923155647793,2.9892841956207605,4.792861589572423,3.0137487415278454,4.235366689517711,11.876913605657258,7.2836023340647005,20.157599725505584,16.1136257430325,6.561639147488668,7.69952524289954,5.162866943631212,2.2977563504018446,3.2264246241845562,1.8113493721316232,1.1126900595017766,0.3756167255560345,6.301407736208709,7.179441963120814,8.026974341533505,3.1943381633370977,4.426159884229225,6.098481877707777,4.060884578448853,3.708351792201578,3.3768943289252658,2.0598895628726592,1.2347128337657227,-0.15815214051029444,-0.34449431511638784,-1.1216254701496433,-1.9468806905008527,-1.572750427214271
4.5269877394816405,3.724277184809775,3.9144543845074575,2.6960474952759066,2.3822137066961817,2.6352278345268005,4.742856287303671,10.267658785895751,8.345483443640271,10.857606697937577,3.442409592981085,3.806291309089715,5.445565903988857,5.388734622161561,-1.6124989387440412,1.193165736627219,2.418378616077141,4.270351676019974,0.3242825284935238,5.742542370873767,5.1630364871707295,6.774979772046146,5.432010778666907,5.504566837813415,3.2965572471823417,2.6088267927602278,3.33581356160849,2.1573284333314375,0.9650727405237615,-1.2483512318867553,-0.6990052513473888,-0.4530510028098825,-0.6417562338469766,0.04053225170217306
6.088920781616255,4.752043560490726,3.6122499341182452,3.539697589750947,2.1089803480041596,0.6913937220602591,-1.249461945000422,10.076070535531958,15.28640720492708,11.637344923326202,8.89879179088102,8.889275514149425,1.864241846575792,5.961095795346474,-2.186000096720141,4.595479487086212,-0.9140784435344483,-0.24284720240707106,0.04320481472201941,3.3036559952321602,2.901804060167506,5.2813866740648185,6.513691551278684,4.183780759149466,2.336188670852213,1.934587565046642,2.3343873648593125,0.9554100691604999,0.28748305086800774,-0.4671827372029033,0.9106696328059734,0.38445539649503874,-0.7574118034177947,-1.3203679087921505
9.101979909364765,7.151110601338544,4.835169093708816,3.31240181548701,2.506934589432034,3.820594021790112,9.922822991626685,-0.22862904451056665,10.768881434206353,7.896182906729712,10.652938344468268,5.790971430757463,0.9260263375426461,-2.6884917257164074,-2.6486922548616603,-1.2595459238055877,-0.5181169156131369,1.4106123520246427,1.8377114415843994,3.16443547206594,3.3333786763557667,2.5186210986963906,4.521395900257268,4.560898785217041,2.35797539434694,1.5194926617745688,1.0551510444201078,0.6557542877970658,0.31742580856809277,-0.1778189877169505,-0.44303645387764273,-0.3067276899617391,-0.39624778455107473,-1.3657308184193233
8.060115741665172,7.553468739300404,7.9626136898000235,3.5847029669037824,3.4022451317367817,2.122293271326555,-0.8814413499742044,5.9001851339792,9.73105879155407,1.7667510275160283,1.5281190067206643,4.601496522645984,-0.3377642386917907,-2.499123492696429,-2.4768735235251724,-3.446772758768128,-0.09275442256718466,2.182255152479927,2.583672761661334,2.384121220125245,2.6079907788511365,2.7876799169021305,2.8558080396550602,2.1101147020295414,1.2297059496695115,-0.27651078166306925,0.32521401826397384,0.278593858163006,0.04310873023352525,-0.3653627868668628,-0.6350389672088711,-0.7905453580677957,-1.3552773474424298,-1.63001936909519
9.479550617849496,8.72422406237397,6.297486025782403,5.315018401974179,3.6787917541486608,3.6556627081712123,9.855690701925766,-0.17526573390600544,6.358653986713226,10.095273680697108,0.18537012195762548,3.9105052678004606,-2.452034292960682,-3.0055547690728908,-2.1265679623400935,-4.187355959297378,-0.11664278157442802,1.8086072790607743,2.1360232023447727,2.4512055670467707,2.219279986026007,2.1470500836898703,2.0126890593912075,1.372420839170874,-0.2106273934015571,-0.8543572004078016,0.8356300895295177,0.17695020751922547,0.11663658768283709,-0.282933121520179,-0.549321493700917,-1.2027921724765689,-1.2952986311264125,-1.4030287565832504
10.693344439683854,9.587906438339932,7.76063867540579,7.565975412606893,3.841625384191173,2.0305042197787446,0.6767403885348637,16.04166625890768,9.189608086163005,2.8887929416763303,-1.7090902204299343,-2.1060600781729493,-3.104054638428661,-4.571771831487926,-5.497374393888487,-2.6924954170564046,-0.5943486226391449,1.395805151075582,2.4046719869350417,2.0529128231444127,0.45013621571952794,1.0372537130014627,1.2554647797803824,0.7067980961955692,-1.6811942489971925,-1.3005409107634927,-0.9535196413821293,0.19736801546721688,-0.12721972789006974,-0.18244624093224532,-0.6160901441443634,-1.079000772847119,-1.2181347329113055,-1.268640491523945
11.866796582659566,11.357740550438546,9.575388083863555,7.303516854656062,5.090957263325297,3.2717141787187924,4.617069705617926,19.823481704232247,5.13334396249631,-1.2712395114844037,-1.6937810457569475,-5.011475229823965,-6.195610166992608,-5.916077829568029,-5.9596954976476,-1.1627690196294114,0.019006016019068258,1.6635127683007782,1.641129955722586,-0.13811271628571206,0.2734881453298082,1.7772740735943697,2.5077466864955693,2.1014817580104515,1.5151468452750692,0.8125866028641103,0.11720139507550847,0.7557549680783875,0.027586627582512898,-0.5230716680287569,-1.0198118485109073,-0.8804839512335074,-0.7799631360571246,-0.9922229650547999
