script/wind100m.json
{"header": {"parameterCategory": 2, "parameterNumber": 3, "lo1": 6.000198445256149, "la1": 58.999992894266676, "dx": 0.5, "dy": 0.25, "nx": 22, "ny": 24, "refTime": "2024-04-21T05:00:00.000Z"}, "data":
[rows 0 to 23 of 24, columns 0 to 21 of 22]
-5.338866663644882,-0.8272773310515784,-5.260315681206716,-5.427150611815702,-4.230142585463548,-2.750635117957816,-5.381751686541067,-8.21045186809659,-0.8757235259350046,-1.2624467685981322,1.6905254399599348,-3.080012191910592,-4.364115619244595,-1.8368998274738897,-2.588900012103396,-4.23447587768205,-4.05772481558436,-4.734004481559919,2.1439749861638453,-0.6428488557962816,-3.348122447200507,-2.141708078183856
-2.717281064902872,-6.774016720502326,-5.544413216518185,-0.12537874402954233,-2.731779465339899,-4.873327440888452,-3.142350120427979,-5.221146121383231,-3.846066127773473,-7.5050346721378975,-0.9366473764909369,-3.1439744930833537,-8.494387326175742,-3.9676648915716175,-9.4882114259055,-4.145116172606361,-0.6916617611918336,-4.560402627631979,-8.47299419897749,-2.364872867762433,-5.460678062874692,-4.633504650092176
-6.133982484587268,-0.6914005090073763,-5.1742151501640485,1.6546383898366623,-0.5554727742732698,0.3100860966431461,-0.8811611077818119,-6.864451080075773,0.9437640044637685,-0.5456963695524036,-0.5756315643949277,-9.928467521175936,-3.698022488965498,-2.387541327336678,-6.75408053170235,-1.1076513133698451,-2.588480294504498,2.07579256164931,-6.260635967200491,-7.4878911163296005,-1.1275828724690165,-3.201837245163075
-8.956857113678877,-9.48238714600321,-5.94205935301304,-2.134983196463587,-4.606696866226336,-8.039166124344442,-4.803613378059078,-8.488201856438732,0.35365545954339334,-4.970512328229716,-2.169887429046236,-2.7463475403131277,-5.187349830652537,-5.281021161193255,-1.3543572150090804,-3.12125706380011,-2.9201458853457978,-1.8950945105567691,-1.7277467528867119,-0.9189157942595457,-1.5856615183433327,-4.613843888980809
-5.390803865567018,-4.954804750744361,-4.043329118520121,-7.1786735380313145,-5.462545950135095,-5.959156203915562,-3.897612502056069,-1.979279072523225,0.8094226059337969,-2.3385413815853684,-0.20775597667328732,-8.0268856624188,-3.496644900742068,-5.032962599497508,-1.8500378579859384,-5.241860732103439,-0.7837831909864361,-4.690218385650892,-1.0377115939724968,-5.9080279505493145,-5.077578208917025,-4.4203030316290945
-6.022061694142611,-4.563204141626147,-5.486584991695337,-8.25681496125191,-5.753232675839572,-3.5378718570275787,-1.8206221670367655,-9.850253925675773,-2.976388142151256,-4.695265100688367,-6.771612725764307,-1.4185414608207603,-6.828901182983972,-0.6023415614209869,-1.1618061709709242,-3.804064970003162,-8.292856279005772,-4.940863883027456,-0.8198874472798068,-3.344792653665913,-3.8303198127002336,-6.819858063748833
-6.705789807623804,-5.839124413045365,0.1928586874605736,-6.539094141032464,-0.5759256331946049,-6.921431378651245,-6.464350614264277,-3.990936932362977,0.785107843474642,-1.127987819964603,-5.633664471214579,-0.8053905641222722,-0.7281199598472983,-0.7219641010046838,-3.0227793266827168,1.7403348576529694,-3.1907017626453245,-1.8671690894878765,-5.410354092713561,-4.071894899820827,-3.962856103921394,-1.2447040252637813
-9.54900724339148,-6.547296552749069,-6.100219100857351,-5.84513372541926,-3.3486094049551482,-3.8769353638641983,-5.404752007308046,-0.30440221139937823,1.9735376578503483,-2.98887334285893,-0.20063599566848225,-3.1268906214080174,-1.9273612757198968,-4.281271378276672,-2.9094356993590282,-0.3489980311532675,-8.142696981983015,1.11468460066599,-5.186418600867475,-6.972801936607165,-5.685060890465512,-1.5940645811855803
-9.770598290792265,-7.007384935103628,-7.69159557094056,-4.537654465230401,-5.812931220140882,-5.39273993307943,-1.0210517140510162,-5.279750402901096,-2.8503899092966534,-3.3212263829088227,-8.319286316632919,-4.875054823921552,-4.197407422716608,-1.7921925061471222,-4.063389519955406,-1.2764701467771111,-3.854096339157849,-0.18780943482706078,-1.3190986678994496,-3.349896551454025,-0.8412608174409364,-1.6112403772265775
-3.7850032693759235,-5.141245280867687,-5.417729387355482,-2.6039931118983617,-8.674609796560109,0.275488585277848,-2.563705314360043,-1.5085432296874586,-9.897123277697288,-3.8872879942564587,0.13643574710483417,-9.018897044445248,0.7487932432013176,-5.017067660875773,-5.4749990099023655,-5.59136922378339,-5.043338525038368,-3.0014920974067905,-0.20818459745146606,-5.179306591853489,-6.864244924748051,-3.3612896731439825
-0.5581534834500789,-3.0359114674639303,-2.5318966252517394,-4.331458533191797,-4.2093673765446935,-9.482376822535276,-4.795859610739535,-9.617872907457516,1.0121622909325723,-6.3452885774530055,-3.3023657278752787,-1.4217267234502686,-2.0728300645516975,-5.099255877356752,-4.482455117532523,-5.828537996516355,-5.043935308808502,-7.015456452576627,-6.052135273315512,-2.7107048875275876,-4.991359485476953,-1.4448697898612806
-7.0168638421714835,-2.837312424977375,-4.9757100347289,-1.1185225994637096,-4.782950900504397,2.0419789902255845,-0.4066425957354698,-3.7946331145783168,-9.24017813809406,-7.818762237732829,-6.640036399703768,-3.6433235151117964,0.18259175477750203,-3.958653792286203,-0.2866600261118291,-1.8572215331088282,-3.475377358882256,-4.309633268426123,-5.784420633785625,1.868502656329695,-10.600888112171143,-2.5851554967639836
-8.616777362105793,-4.99503693844597,-3.2167344771756032,-0.5612010889348448,-1.160597402259916,-6.3108881318537335,-7.470998245109316,-1.1692986911317815,-4.848961195079904,0.6144770020406333,0.26619421216149286,-8.985359578928728,-3.119691779402872,-0.6735592665859911,-0.05850895402278207,-5.429240885707632,-3.630204311639274,-3.0920230523437695,-1.6631783656862364,-3.353579283601029,-5.766761919238029,-3.693909359278884
-6.0687793307509015,-7.433777945826362,-3.450152805921442,0.02764630582636475,-0.05121189913564504,-1.825837446499326,-4.739489010685321,0.9848401946473511,-5.581515051655502,-2.480067274899349,-1.2931949578475042,-0.9458460762933223,-5.610122204906396,0.20433219574466552,-0.304021681668296,-4.795683732345216,-4.892782574114043,-5.846738079569857,-0.5920844327024608,-3.3671187191036744,-4.916618038383617,-0.331432586649506
-6.495074002113317,-3.5673647141416267,-5.855231349589982,-6.939354440219355,-4.84267124887044,-9.140065975034773,-0.975115899641561,2.6929023006513675,-4.985281661347829,-5.630353892850067,-6.268387685214799,-2.845166199516317,-5.974746745276683,-2.296983950088352,-2.3221703195978534,-3.8730929793838036,-0.9230679572090887,-4.264690199234895,0.8939515158542815,-7.294634137049836,-0.6267761760931536,-4.243606908527158
1.6029729416460072,-5.029438404076574,-0.9235600393211283,0.24695689825894113,-5.19871379419326,-4.969930090312583,-4.310779129887109,-3.9991480411442644,-1.797677160790378,-1.9824178444994878,-4.9994129373383105,-6.0301477631040425,0.2255075132726062,-5.934564470212305,-3.877684224736501,-5.702826777592718,-4.082019840824014,-2.5324197743734365,-5.168542417374123,-2.17343671978444,-5.133958467430105,-1.2832811360131948
-6.665809048207676,-2.5001952965032013,-1.9638298036488047,-6.828782824498345,-4.41217894856993,-1.4861493718201588,-1.8399254881788627,-1.1485527075299042,-5.221094848989168,-5.550379470849969,-3.4469664533599946,-9.305592049573825,-4.054651814606682,-5.563101443712865,-4.676547667279047,-2.4571240548150968,-0.8333110608890499,-7.377991239033866,-2.1973667272966177,-1.6054358711262449,-1.0748406372290589,-4.467240415014045
-4.07406232324404,-5.1886329875021655,1.7332871585789746,-5.134175858094583,-1.3905703164439958,-9.414555159988549,-0.010671460961373327,-4.892745938609846,-3.058740764624031,-1.8579039444807555,0.26412227740133815,-0.45259859612380116,-3.796425074656134,1.3466622288741947,-2.783100423320662,-4.564772741223753,-1.493815724884978,-3.4138460155029873,0.918137000213722,-9.13449599530217,-6.116501279992171,-2.2581709989602503
-3.417930202880153,-3.993124069343918,-4.004713268751812,-4.903450259004996,-6.964898574071508,-4.962095433518201,-2.8163043593641586,-3.3242211005730393,-3.6960286949842662,0.6332540332852991,-3.5807566973885474,-5.123426786638262,-3.060136066212511,2.372417894846649,-6.247024144014927,-3.1774966627507446,0.5554269042939658,-2.1362048576011268,-3.6461869095137094,-5.14650002738265,-3.2186588446009172,-6.585793377366659
-8.897582265473996,-1.3538307559383245,-9.788791744797994,0.7835796551446584,-5.112286676401401,-2.5601276903133843,-2.9726473578240666,-3.5499645969112,-8.040240991116539,-5.711965382746704,-6.397546069040788,-5.642376358740957,-3.954938388734517,-6.455323186875175,-0.029259503034040686,-3.6695929434835555,-7.021474283768078,-1.9400623737778713,-5.3096000589678765,-2.9265521434199075,-7.816790550542951,-3.2621869795930385
-7.793043019238987,-7.322085291577507,-8.84829213335752,-2.5143473469917894,-1.3435220656631974,-3.5982718965330953,0.13668132950888948,0.6802251161273465,-3.2305872928820514,-1.916917340844886,-1.1049141359115509,-2.007623699540332,1.5082744343689458,0.7195824460827674,-2.7065075195172534,-4.615287755204647,-5.462020032161742,-7.559912415039101,-3.9089699491602796,-1.0118934355661093,-5.076776913647679,-4.787755509507707
-1.0879946068360296,-5.029279200014014,-8.850238724921116,-2.147521333295032,-2.3879545618266,-5.2325417754741395,0.14410457137972493,0.463369529882337,-7.278589539277561,-5.631071923048408,-3.5471385465450767,-2.402113527824785,1.0585170475583532,0.06300711856021561,-3.825870849259708,-5.454280322799198,-3.7109582734562827,-6.869484734094638,-4.059813010299551,-2.6924029318883873,-0.2640535282889544,-4.802085801371987
-8.99077134674852,-3.941704810717144,-7.0425082350223365,-6.6531599986059335,-0.41503189084405073,-2.859216431010794,-3.3826256643406003,0.8822543388698778,-3.4698630226264258,-0.15119641791637142,2.3084471666680506,1.2387865569800567,-3.950766938306936,-0.007901591268172288,-3.655266499012309,-6.8679740973762815,-5.1285395079470355,-4.554182472951276,-2.5873412967237543,-0.016746038313469817,-6.5392325773091,-2.0067563993000634
-5.462922042394524,-5.6157455561094825,-3.96835897425392,-2.982410821683827,-5.779305696428408,-7.861818630420062,-10.169391733295425,-2.394165514152536,-6.380484539076293,-4.675973179697146,-8.105606850691819,0.824805238641796,-1.150948963492076,-8.122025906292363,-4.439944665914772,-2.692128553095069,-4.1259602830181015,-4.207633612202481,-5.212432794250974,-3.3795055026167793,-0.6692993584847755,-0.6699003898979425
