script/wind10m.json
{"header": {"parameterCategory": 2, "parameterNumber": 3, "lo1": 3.000054539987559, "la1": 64.9999836372058, "dx": 0.5, "dy": 0.25, "nx": 34, "ny": 52, "refTime": "2025-01-14T05:00:00.000Z"}, "data":
[rows 25 to 49 of 52, columns 0 to 33 of 34]
3.0445583234945843,3.0201074640248042,2.7232172388014497,2.0074974045956058,1.4093641967226709,1.8524070684571265,1.5007398682355915,-0.8308973569088748,-1.3357743418398131,-1.1081963679932754,1.171073750934577,-0.14028144560341707,1.5364617225624098,7.023613534693821,7.234929294253428,6.610246229389772,6.128098435054368,2.1992291077302877,2.146296837037951,2.667419203733519,6.441294945461798,6.465084519400924,2.1554986429854335,1.4531250753363254,1.3141706565695026,1.2016016190106211,0.9733136155589395,0.7853011058679653,-0.005712583454119608,0.05204261099684437,2.098769874851236,2.829335653534975,2.5087435012314137,2.0453654994151464
2.2951179079895727,2.4905427611168363,1.2050608242756775,1.5117838421365488,0.7143130207732163,0.6459941362949918,0.6251851571373099,-0.04239776376858089,0.5644626750155881,1.1288764798589628,0.8923877033114902,1.0648514480324167,5.471414698020867,6.8317108248818785,7.080386006793847,6.09228973207567,5.776427992883238,2.514243800565238,1.5423404156005849,4.937955026480295,4.785863320495833,3.9559785536243846,2.658369998592971,1.6837133075149153,1.5049652513171832,1.4201118039737306,1.4519014267532449,0.7053019848916386,-0.18734845745249745,-0.8646381786973325,0.19795681122123043,1.319345391394717,2.991192714543289,2.3831980270991067
2.2242338613543544,1.8429517125183166,1.4823479314181427,2.3300146098300307,2.8794917618801703,2.766382251549236,0.9524085282849039,-1.4108177729171734,-0.5504196556280293,0.3619948712027168,-0.12082476776174854,5.120180878168874,6.819813847806675,6.792524993186111,6.475725132686721,6.048050889564891,5.827013700624402,4.201844151331026,2.0656213645871566,2.1442724994456657,4.688489544259567,3.350988615282054,2.7199239133237247,5.108735540844594,1.8106385169955386,1.3155837521273421,1.084223944328318,1.005826155013997,0.937166797417833,2.0152336948623595,2.67085256921508,4.367755991098668,4.379754422823506,4.158648382385535
2.4910058243398576,1.3873766237664606,1.791980971511398,2.1696011316709236,3.017764907086293,2.497275440754776,1.2442301612207811,-0.23383491156660097,-2.17373938759998,0.3983915327843336,3.227895444773121,3.769220674116305,4.835458186483642,5.696004014641089,6.049788897766353,5.968767477033773,6.971350308198503,5.1710739994554755,1.715412939957097,2.2444361735384377,2.749613557648218,3.4474326606601484,2.0193597269606527,2.5281893708130156,2.0142433905643977,1.2490052878393576,1.4091719409973877,0.8877484228022688,2.249203575784792,3.2789208592417864,4.390343517312897,5.868734616145485,5.650790912359631,2.974043705270211
2.3442005244425475,1.9673475303708339,2.119702997564063,2.9109998779106476,2.5983680873277395,1.5858234320009135,1.1726720023881922,0.865643291920152,0.5801054274109293,0.8763473816674511,1.8167561780057615,2.205256495034931,3.0991081819314776,4.137968234108593,6.613996866179144,7.488718791402269,6.958001375533591,6.681717900203664,2.496000616041246,1.8162576112341828,2.358378564301776,1.9703181374206447,2.2359577303576774,2.1188342947679213,2.278722635120097,2.1105200170309235,1.588049062069761,1.519969169537065,2.8672424865059636,4.7837658393748965,5.952301088657843,4.121563831067446,3.275723568277693,4.335199970931696
2.0265666298897513,2.1944883657166088,2.8193190561589336,2.574521160547603,1.743714479549288,1.5304308887963256,2.2051206884680825,1.882807105769703,1.9467779968223695,2.2563100385060255,2.3064987229813427,2.11307269823548,2.699126177330287,4.64600967963566,3.696819243532603,4.570699144999272,6.576171559429627,5.685340238773144,1.814855555674787,1.6916641283207472,1.3334419942675184,1.1963437739066936,1.6298990382664396,1.5809136876064156,2.123559839940797,1.8883628544017477,1.5225279605841433,1.4769188547622079,4.146117461534084,5.821846799251227,6.1580508922457025,2.728255690666362,4.0694302326656215,4.580410613753033
2.7900077136435426,3.3183441613867966,3.3824634857560967,2.86978713120909,2.1081937668087187,1.9820008511555192,1.8889738240204932,2.562872089782806,2.7293617649167117,2.558758334347257,2.4478220576430787,2.7863877050677637,4.53376716521413,3.9618601114283365,3.3202817154811095,3.6861830453841327,3.2853331750720316,4.527520412070903,3.7033233518450097,1.0932187170037837,1.2610085828136788,1.5914400329808562,1.8140058861922976,2.292089927759101,2.468633462825966,1.625787220279123,1.0431368247288166,2.0232583031426956,1.9804926640995302,6.39270779322453,6.619638470535947,2.743173559085744,4.535277479388148,4.513679324692614
3.263219880937064,3.5410577537178374,3.207257826554018,2.8004302141526396,2.0931992269265667,1.7047237576071061,2.3161437509237186,2.985898582192934,2.4482959734233556,2.7849454070263517,2.761459277122837,1.4989274177529666,3.096668766006495,4.024786963091016,3.521770893040585,4.5707004208897795,4.658047112363558,4.755897441907669,4.403789735111666,0.8967608761339722,1.198794606451004,1.499779166899839,2.6675824952894986,2.1917418424444244,1.5543319618295777,0.9535118191111561,0.9574180720862807,2.2477918461718485,5.329292686917498,6.654121487838126,6.257936212699948,4.676252819936117,5.205893168390635,4.429292679138869
4.474382787719228,4.507090847050003,3.2060634737473444,2.6934305868203223,2.7144093436093,3.193696888271224,3.598496137937177,2.7329450980764483,2.626013789217579,2.2185080812280256,2.8517257789615877,3.2337139512763273,3.126800111835812,3.319673667469568,3.4332438044118048,5.205718512641436,4.7025159080438454,3.795915797144854,3.256808132358393,4.052572651250243,2.016251485191741,2.0720088327422586,2.106917952307229,1.7916364926438864,1.2082264578315751,0.937901478567523,1.1615832466356275,3.8760086357370684,5.198078009096369,6.234316772721249,5.577049666347459,5.520929116017135,4.537291486227305,3.689782867482916
4.807393502541067,3.5325046804664524,2.9542463602386,2.410955580880748,2.2814132940267964,3.1148238041497502,3.215225247449336,3.0401073763522857,2.594760273990493,2.694075788869133,3.4218004109631805,2.90959342833026,2.5961011173387596,3.0987676271453752,3.4508322356898433,3.4030305275120254,4.475030626199492,4.906123136522527,5.162577159377029,5.812967702161294,3.2220823190085714,1.745770215605187,1.707389397314044,1.2965288100140002,0.562978950064852,1.1985881777504737,1.2563372571827631,3.0812786474236895,5.601409768357367,5.1652383853391735,5.322036432690334,4.731402031424214,4.113655713247092,3.8634341860035426
4.224190872362311,3.327935663752884,2.622016345252163,2.7305390924622985,2.8718059050522404,3.0831251971991493,2.670413864745752,2.555892755427514,2.930573789981864,3.5157935509708818,3.970809998943917,2.2901981893702192,3.380380554059802,4.035285703936109,2.968839351022599,2.394633059876914,4.904876645497514,5.854241324409927,5.94859030009762,4.96901868585295,2.030795298894812,1.8337353710805058,1.4363772444392153,0.4368771591059421,0.9144202484582261,1.6472838679935455,1.8419677640728072,3.9382844660744034,4.571673966767414,5.084611825873378,4.751298511602147,4.077534088394777,3.5046015032682307,3.139096779507861
3.6271577186734305,3.6130876636763958,3.8238591018496066,3.176393168253615,3.794651119763315,4.08572748305096,3.100421461284858,2.537063884279281,2.867761285064799,3.817492488143509,4.065168535546231,2.9075970508156193,2.63085046301198,2.4678413566743496,2.6933643797470386,4.815414849137797,5.889790149511137,6.5607799499880795,3.0871373455573434,1.3394477771739486,2.6440869482136957,2.217496632951488,1.3739168808102045,1.726666085457141,3.3936923153072027,3.5829461265483022,4.058562985983326,4.725263730629071,4.854604737481567,4.602863500247931,4.326308301111972,3.8804256737057656,2.838816372641906,2.9259622687555495
3.665828501812275,3.752350614885427,3.2835533561239862,3.064390228384086,4.202637773912409,4.02501359118524,3.438522028313775,2.987147314307384,3.083903999026092,3.1881879697408078,3.571581224866838,2.5860592470245463,3.2975052295991367,3.1288368735162204,3.798350833628599,5.601148215957951,5.642291719077672,4.248725789483483,3.3950823095634317,1.8553303174140205,3.3810131025691574,3.00882827086579,1.7114545853892635,3.260700735575872,3.926290196680182,4.309388616113623,3.6565897748426415,4.441047029386889,4.171990018367071,4.3977891550649515,3.4976008042953275,3.096930448852259,3.138032755638655,2.9633152056245162
3.818526195217172,2.956450641787823,3.6166567426527307,4.339924474685997,4.035419410124201,3.5632548988119335,3.1412975459908763,3.4405795271889077,3.04201285325421,3.259453475002879,3.8475367687877022,3.3803148092587723,4.820018855370399,3.7308998474395225,4.560536016592145,5.493027675905588,4.142778140949965,2.780362888569071,2.7841676022334054,3.766099782475377,3.353169467834516,1.4888020980367909,2.1648666950234285,3.972524826987423,4.3022261347315895,3.3605189265180946,3.6006794403111826,3.626921652049577,4.120858351963112,4.018650032370939,3.569006281625126,3.310071922691052,3.1922082536494085,3.3645866397491666
2.913051727910113,2.9369069197878876,3.0784891924631594,3.325720651116766,3.3408038560849467,3.14814250741259,2.825385889595227,2.928282057361208,3.4385628938529282,4.016747715932354,5.119298763105758,5.43030400925193,4.442746935456793,4.031476726310791,4.143398564332499,3.8540837450808163,4.663145561035419,3.007406063938913,3.6342953489226564,5.890168800447504,4.592374064564573,3.2823307555193044,2.729962696568536,3.1082163437795707,3.415583411380207,3.410251693151222,3.4793111964394425,4.077744327379303,3.9680722697638497,4.16797140913897,3.4322829845095857,3.176260733577097,2.7522315959725345,3.903030536573062
3.104723867373658,3.201689506856485,3.0044194909602058,3.1648134314825884,3.5159975695666565,3.6857652468461373,3.367788261669556,4.044957679886264,4.719930433864848,4.900812439140972,5.0561722036497905,5.2029875548747,4.705312606076805,4.49677343973666,4.603345253352742,3.560037694774213,5.947332435829391,5.3434870952076015,3.335902867745625,4.375345153289206,5.456174075595492,4.075224024190163,3.1775169717903817,3.226729211609957,2.4085575818324143,3.3052384357076763,3.1420567373177413,4.096762624955758,4.750165788436455,4.862246611485866,6.178408353476431,4.155816426212637,4.182050067988138,4.548972507664563
3.4964030998737448,3.7717741362684754,4.202457932479372,4.370821406448842,4.107100839352764,4.122127002332275,4.8915239046925745,5.3598423819039835,5.141306168908085,5.05770577928309,5.1344525391570714,5.603456157102622,3.6384992871428357,4.280687668975822,5.047999261280016,5.692629264638909,5.649645133389959,3.733072751706631,2.81209223109849,4.577543851203277,4.772691921842092,4.779909968832014,4.868541569004207,4.038234236643018,3.633052380330163,4.143611681204999,5.017855918440373,5.700495399223883,6.876915952079161,3.811583952707093,3.3279230358589573,3.3993670332265262,4.342126586210434,4.406427657288524
4.089235927783299,4.758208695700553,4.4572401078600175,4.39348920187247,4.650660939355865,4.60391509221535,4.958761869349388,4.774774204859355,4.281369778274133,4.601765060055896,6.138698652916224,6.602084662305269,4.99339265020515,3.869010672162243,6.513735538910517,5.980230087115741,4.484634578592698,4.062322986397732,4.437695681832494,6.115051273112524,5.546635119300297,2.732499745673919,4.154362310260953,4.473593886111944,4.904374550413141,5.27959867277315,5.2641295580379825,3.7958208453958875,2.436656428714402,4.40950562633413,2.154295397215905,1.3536263149785535,5.505140101774684,5.9148979962389925
4.417221045865001,4.4802313866371035,4.915504452139621,5.123218611666344,5.077132055297039,5.203817174630767,5.037150796583919,4.820073416333025,4.892043428089506,6.291431509380946,7.2489968481975176,6.864674698849587,5.190827734562653,4.000924691176257,3.7838277064791743,3.4370408361541718,3.240305646338304,6.658913827721979,6.361850441046747,2.8481045085320815,2.3487120391872103,4.871074326242445,5.7025320974605815,5.480966446222769,6.3256903346809965,6.790077765565398,5.542608891794851,4.594501429967899,2.2752847120983524,1.9812422822274252,1.9853152663436313,2.069143874815412,4.311428717075409,3.980574371426386
4.581087038286644,4.167959803383559,4.254635534140188,4.506305189480708,5.099397154851601,5.267854430789619,5.207401505960892,6.022342324892672,7.334060883771822,7.872848918609356,7.1642191398648425,8.117577002952542,3.9347370384632123,3.847411107401344,3.1638442024770765,3.3763143257976176,5.0525622521206195,5.138232338126604,3.6338689235004646,2.980485975583034,2.646697068899434,3.5302596643577955,4.683104692933942,6.843750411892182,3.038618720561499,5.306827493601218,3.678259271551227,2.180414362303324,2.322248931736983,1.579586200655424,1.5861156188620351,2.52343603750025,4.306143603608465,3.6337447715190287
4.973469611576897,3.9147424553512504,4.22229178743334,4.687385457968894,5.650881460454348,5.692793645137898,7.54444151770603,7.731213304690065,8.237134164168358,6.625365087338397,6.783049573884246,7.629849366987575,3.9365124496920707,4.208506302253374,3.1364384085379853,4.121755242313974,3.9529599290679416,3.9688911147488883,2.9268801959899036,2.634033041337466,3.7860434142640136,2.922776721662044,3.306568545564533,5.690417467702473,2.61666432644326,2.824106745034967,3.5318402076349815,1.250339948757096,1.512406108955411,1.343772386189139,1.914482257345025,2.1202136618432617,2.55667127282404,2.1928732829600013
3.9509853835241366,5.0146485115726955,5.110605552176513,5.053082457304099,5.384563060679883,5.753095565485282,7.77863248317687,8.418088752059566,7.966242754064227,3.7359171460443643,4.654521055994546,4.641637321407948,2.9766259924907703,3.005081579617179,1.7467020515434568,2.373512585441281,2.5660694403956774,2.5319484556568854,3.2719362237018355,1.9628233205160615,3.1277214570896557,3.0865724256429594,2.610161297784862,2.6382171782854225,2.5020870917043028,2.9780462513757335,1.9807682819321886,1.416315349609253,1.8278576140492107,2.7980307544785847,2.0816296767641096,2.004596992748819,2.1275689747978404,2.0414374237011677
4.560606263618585,4.017346708666964,4.75574418089009,4.8934619555782,4.269456479852921,6.3662522471488385,4.403729667361806,4.666870184349977,4.748096290012591,3.9442375123182636,3.3328174132091384,4.484639280420496,3.6176112850547875,3.653503903740626,2.773944489675726,2.238720989333142,1.145924006677442,1.90410916988942,2.425097033911856,1.893123385078717,1.7981064126512394,1.9151810039229464,3.053625848485393,2.6534698000029704,3.0970620176083554,1.6779040378100558,1.2892250159790848,2.1483677586417183,2.280990922551499,2.6557675789743067,1.8405198699433862,3.0947593110444886,2.795270584128645,2.572158159977903
4.56375380670376,4.113629320711983,5.414138424287291,5.563343746706574,4.824472558475015,4.598967919019365,3.9487962660731983,3.4309784759153588,3.8615721219318786,3.85164590682105,4.328019034729068,3.55631872441731,3.3649551396285244,3.984647007100951,1.93696542712719,2.2559910929088165,2.254663899752998,1.350886906288318,2.2735407647398733,1.8573625052750278,2.3183408434100374,1.823128343988031,2.5139861464480044,1.9088003431476823,1.6482243845736448,1.6533320481361728,1.277854999804335,1.8766000967995822,2.6155397446243995,2.87668104988018,1.3777692134781905,2.0427646072688304,3.2455807287550154,2.539545880912851
4.681342136713066,5.187013015016962,5.581404226681582,6.096820706045145,4.441556436288947,7.3786684049242,3.85292555382913,3.969754950903255,4.064817687345634,3.7182374583376623,3.429023195018496,3.323982317362926,3.7140584780421912,1.5472750744163857,2.100522005505822,2.464778437216487,1.8949239815998933,1.8566668120167753,2.4635635206952466,1.7768421931365843,2.271985709063371,1.3352607428666186,1.2642205163494336,2.5396531264100335,3.0190305359327945,1.8243458815035167,1.4338425159197703,1.555917147453076,2.8091210081690945,2.5919146216076556,2.3729743195268465,3.41164081041699,1.8460444272550607,2.909672899388539
