script/wind150m.json
{"header": {"parameterCategory": 2, "parameterNumber": 2, "lo1": 3.000054539987559, "la1": 64.9999836372058, "dx": 0.5, "dy": 0.25, "nx": 34, "ny": 52, "refTime": "2026-06-12T17:00:00.000Z"}, "data":
[rows 0 to 24 of 52, columns 0 to 33 of 34]
-3.810213492821234,-4.139949617945187,-5.364104852008,-5.935604324761857,-6.2413629452771815,-5.686304578781243,-6.750879421959424,-7.9391708292292105,-9.751859857807924,-10.513236455167084,-10.06732037893682,-9.736279980241477,-9.36284670398528,-9.403291237962017,-10.28303838406688,-9.331572805520413,-7.79040225035849,-4.1786933121854855,-2.294124692252742,-5.115733382140484,-4.012288114998296,-1.7987171391089953,-4.455651269173725,-6.288456771702126,-3.123821634721578,0.7060678189963463,-2.584885962525357,-1.9369716653463354,-0.17763073071801316,1.931757066860651,2.492361326853118,3.6255015802160746,4.724017179793289,5.840558256612012
-6.057226197849276,-3.1082794730692163,-2.7582280928626934,-4.019394324461105,-4.553984253841657,-5.047273682235592,-6.274601076763169,-7.475514297790522,-9.43158675270325,-10.569858944169123,-11.08479003037765,-10.79984912999314,-9.70464676157786,-9.810583191098209,-9.801142347831936,-8.162491979425825,-8.12915497137079,-9.081296743340365,-3.7593078154283823,-3.726943259362747,-1.4629258000733913,-5.467983722719441,-3.3907449175073787,-4.671125429544627,-2.207543190030635,-1.5716935230041449,-3.97964223410965,-2.2952433176654066,-1.3333742763644731,0.9473719607109068,3.4779747010224247,5.2751929831118645,5.751644469161289,5.787708188661974
-7.670757617285315,-4.469926482706811,-3.5622206160242706,-3.3123286681657205,-3.265679918233327,-3.821562031488409,-5.979693953864935,-7.333174112675897,-7.588909266020578,-10.848201969367654,-10.712474956088236,-10.346846459924041,-9.511317260783372,-8.554961209360284,-9.047832085408082,-9.918017620228309,-6.068552681928184,-3.119018032073287,-8.134227241256234,-3.9092453792949353,-5.093848051637889,-1.0220228403030491,-3.807188385708772,-1.421726463070658,-0.45542740315162605,-3.2645148203193948,-2.9296549747485887,-2.9295617763005506,-1.4109562707350765,0.4199621158818303,3.418252645699869,5.024291398339803,5.9116602205558415,6.097645510823418
-9.1149802235265,-6.755707423379089,-5.359473726466741,-4.5636260540004105,-3.052098279829511,-4.163033220609138,-5.902654228954843,-6.413104119717894,-6.441922021908282,-8.901145228123774,-9.574141998966502,-8.068425276910105,-7.957068126570574,-8.378516600982017,-5.302663284781454,-1.6077250245628665,-2.330675546868749,-2.263721319694104,-1.716708220532287,-4.112020128614036,-8.81388280261122,-4.338904131496353,-0.8766587197696395,2.190379392512732,-1.3420487304509279,-1.5969798365930656,-0.2043520274585138,-0.5958759396755401,-2.7686577677768653,0.04268539200016913,2.7016971888895944,4.827237104310979,5.540611477055397,5.979258890744589
-10.34925420904074,-9.315396697989776,-6.362044702179971,-5.695894181108103,-5.11054260206879,-5.923639122553789,-5.227205870677095,-5.614820480642651,-5.719928248384677,-7.606896421484845,-7.746712539494709,-6.885912477917894,-4.628359337176742,-3.231801286828907,-1.5750459649782982,-0.23175024433114708,2.4233985688341924,2.283464768881013,1.722318823419215,-2.4129624063319457,-7.545354368143671,-2.400081828400526,-1.6524313460627198,1.2810850663305295,0.5881424172301478,-0.1663179481846822,-4.823233824159597,-3.082886212924185,4.491626388108904,-3.4843942093729927,0.16526288027388336,4.0180885962831345,6.2518621180969935,6.090634819494321
-11.438236172229711,-10.433141414989374,-9.343414695350958,-7.044629949475798,-6.631589730104556,-7.747595049164774,-4.408132201660444,-5.286258671085911,-7.3422604911399905,-7.200950341503515,-7.702009572330558,-6.8987705084192505,-5.504008728390514,-4.507606332431328,-6.9172488836909105,-5.031199152488759,-5.2751134115795635,1.6081089568958373,4.829279430352022,-3.9705523505886555,-7.729707308080046,-7.205468210571644,-2.968252766961519,-0.81987306491469,0.6192930022399514,-3.9170206780900476,-5.270744678824945,-0.0626035028077519,4.60446165978078,1.7479760920676155,1.043846660849624,2.9961674390813413,4.077616633470942,5.441521598645754
-12.173246042039807,-11.292756062193844,-10.200211214127501,-9.719832067239265,-7.559368814837433,-8.146485131513318,-5.678964757993518,-3.5034859155504554,-3.681692574135473,-7.489315963745241,-5.851952103178699,-7.831871167277872,-4.448919670762522,-5.001544009079765,-8.059485493805393,-6.3006925267810585,-1.29818530347402,1.1153142929717739,4.764173853231941,-0.21334092129832907,-1.7756434440955076,-3.8962795939404558,-4.84324859054462,-2.508963697397333,-1.2926852515660545,-0.5935516137757836,-0.8780610753717334,-0.026621220126786856,-0.3386104419356461,1.1898002984059803,0.6623433328974857,1.7438480616854801,3.671115762541052,6.507956507897815
-12.32651654339246,-12.572689185979108,-11.015614426497505,-9.691021967279747,-7.640074136148737,-7.539830301015588,-5.515981018552128,-4.294069396973963,-4.472033913892894,-7.854957045300966,-7.900029871079771,-4.196310422779675,-2.2865356440517743,-6.399184694889229,-3.6396857566605405,-1.0961754919689544,-1.255810684553516,0.546150550830774,1.0568557668051137,-0.36049152100349197,-2.232761859025459,-6.070384986176155,-1.5465517791654673,-3.2916052755822824,-0.3583528496323421,-1.509506796244695,-0.5078582712953881,2.872572683544225,0.49466152145431,-1.0120335522049704,2.3016717453269275,1.2602038638974526,4.220275698620367,7.5978287021403315
-12.51385683167945,-12.243121707231154,-11.689930342814527,-10.51090368310373,-8.487248389191818,-6.283274371327599,-6.198027276769093,-6.389690874856331,-3.99184129413474,-2.81117834215954,-1.4872498330659392,-3.9429252009655196,-5.116387023873817,-6.6695843655190865,-5.192583844202061,-0.49407419579702766,1.0422464396039193,-0.30083282528106553,1.3233926615221918,-5.1070983306050675,6.5210398902201465,5.770987058197308,3.3964675906487187,-1.1568891377674544,-1.5187874999014674,-1.4787854254083141,-0.5095360962927123,-0.4121023969083523,0.19753133385161534,0.13289696253617306,0.1324179468605781,3.38632227043483,5.324819241126544,5.611670782615304
-10.328675967200288,-11.330317272429905,-11.444139233645945,-9.98628348824786,-7.292073061717009,-6.338952979996947,-5.358240658953534,-4.390066789893368,-0.4049229242173401,-1.1688683990784465,2.4697371874226812,1.0653056120530766,0.17628175979225844,-2.2292918148137604,-2.7952672479129284,-1.8265578190640812,-1.4536524160261202,-2.1471032154836007,2.810089330926929,-0.41341272167846393,3.0117735718763483,3.0057685753077066,-1.6897044955752183,0.3629237339683855,-0.35777569348914146,-0.027283227888472202,1.5884507902022884,-0.2369976492894638,-1.7139255186950546,-1.3967731915227775,0.539517771350534,0.7568656890286682,1.2704966379274116,1.0546305886377614
-9.940577812655075,-9.639614683252427,-9.798474320183901,-8.890554849902268,-6.169478934836372,-3.5869293976186496,-2.9779766607928777,0.9548669083456733,-0.29442322868686605,0.4007834429599412,0.0637527912037523,-4.353497102206073,-0.9259522266476438,0.7587970609705188,-0.5487403051623753,-4.672198410413291,-0.007311315649127104,0.4740054316469491,1.5162381309124764,1.9919010673985535,3.048142937631254,1.9445224701929889,-1.365734657114369,0.38046018398792925,0.36685402046408744,-2.9494329683544906,-2.215295600054045,-1.7228104404509146,-0.29195115584226805,-3.650907425406182,-2.6914401991969688,-2.3314892895390913,-2.208872581718243,-2.029440764700467
-10.596460256516828,-9.649917688956563,-8.534899051667052,-8.634656327149843,-4.996689170964876,-3.1844029992194343,-0.4957914958392462,-0.7007667596806408,0.8180699855818429,-1.555508046406198,2.4367101711870394,-2.4865137177858476,-3.2511298892651683,0.7644201622136894,0.3947274364949124,-0.7119608732154498,-0.7817303885785112,1.676280482734282,-0.21739344018460433,3.2644381814755112,1.915709523369506,3.219802164919279,-2.0299155221144245,-1.2550839638371147,-0.8386071455475844,-2.0906698947148525,-0.6086353144673214,1.7051090900210684,-0.9397443544017036,-0.7944740502709737,-3.655208234921992,-3.599177253158179,-3.852626231670731,-2.8773628553519788
-7.662586765160547,-9.207392563487259,-8.805832546317221,-7.776809942857685,-6.121658661433447,-4.427257798332134,1.6236897355589242,1.9709528071531088,-1.3884332383612032,0.9358062201192624,2.235138945654148,0.005266105133600614,-0.6283900383499255,-0.5480709761094544,-1.2013203090385158,1.1245269709700256,-1.9151318678703073,0.2346522696969857,2.4299468596707348,0.7029207720569549,4.145123778123862,2.574165799809442,3.771445291000783,-1.2338292209266288,-1.7831762313921968,-0.7869574325157669,-2.7586262954170384,3.6505050376886388,-3.7048225684069265,-3.2915431626636726,-5.103385489983323,-5.25227856726509,-4.386465660909241,-3.521856919912862
0.8518266746593957,-7.810241839226192,-9.510362687866737,-8.88503666966935,-6.336381616377402,-6.365002761941559,-0.6927828270170335,0.5064395448360357,-9.283448153914518,-0.8880957913535873,0.4416938505090817,2.619226521454141,0.971304343569469,-2.7582084746167994,-0.8133515565597237,0.28552690232646794,-0.07761554960097315,1.7328588400001481,1.5235822796428184,2.0544511066459847,2.3021812972797497,3.545641415019711,3.1994656513402018,3.1520287700844123,-0.34962195095218246,-2.0199894664897626,-1.2945760404058353,-4.182710809789152,-3.6452762758054122,-5.235865216698366,-6.940943160852699,-6.505807422802995,-6.53555459231544,-5.254408116413927
1.8236059876829795,5.770230273915153,5.934917230380577,-7.0006132491039015,-6.475015943236275,-7.983341223118767,-2.6770583316330208,-4.791699987704789,-2.912102092781624,-0.7011567905333688,-2.7710729796374696,0.25805992792501947,1.5766163909867896,2.278314463113026,-0.26740336647786733,1.4319585938559656,-0.5352747837451368,1.3635341566318393,2.4150867869693653,-0.2363004782205557,2.565364801003835,1.7967118164796874,1.8264433527909576,4.207106425324649,3.172413214361636,4.60573847688668,-3.8764036844916707,-4.701615429255021,-4.059473688880748,-9.548065676059121,-10.497476497979914,-9.24608499520325,-7.569451964999164,-7.037166646316332
5.396606806818302,6.485449661614083,7.027861787016124,-5.876291816006099,-6.320219984040568,-7.339325687269701,-5.295659261994997,-0.09102524563772105,-0.04301536888441819,-2.527770670450887,-3.2766918010014985,-2.0564505313707198,-0.39373959252234564,0.893258784438319,2.057676134582527,-0.4421136291516305,2.0067735262904973,3.9201228815947053,1.211191389161971,0.7068160625442043,3.526005593191963,-0.22950781910693563,6.121250111912372,3.7760359795657763,4.274218535712628,5.143178818120378,4.996474797983258,-4.672846051612088,-4.070353461514295,-10.190769009988845,-9.713694221021115,-8.65113555608104,-7.577203206813175,-6.580263759856692
11.249298647934266,8.734273309301502,7.665987361699153,-2.3634646180406462,-6.072526504371278,-5.474022346877672,-3.41470199862377,-1.4853474574306975,-0.3603453849001708,-2.8405522457381402,-4.225048476389324,0.3630921115426141,1.4567829663330216,-0.323111744553109,0.1639609195308671,2.0259006829764075,-0.3785326629628732,2.0364750127280105,2.1188132189501685,1.9564189605345976,2.978456315225315,1.1210657048379395,3.7280039834758796,6.159235727226931,4.603800663726348,5.901339273930142,4.832961315280342,5.315741511716045,-0.8994390503115096,3.3370791695527275,-1.2791132247629915,-1.4858064568771239,-2.71470880514226,-2.9710889601849164
11.982247855567836,9.579835208905115,8.500654785917828,4.4544769944472575,-3.8787668970974196,-5.245996652067239,-4.834537278937529,-1.020890339520308,-2.8790621641264713,-3.8496586244888538,-3.269368068428223,-3.013448965868705,-1.0553975692875068,0.37405318353386763,1.6289977614470565,2.7248095581946545,-0.45201415129198597,2.008828376655114,2.690538540553033,3.191318569743027,3.590614594812183,3.1633461779698235,3.667915670402229,3.926620722224673,3.6382399966227252,5.061600380816168,4.195294612958365,3.997435791386808,5.0222929474592135,5.281637454248153,5.412473015927989,4.251127632024737,3.8055960190133784,1.8798462273781384
11.857498800467777,10.605761256175658,9.118540762575382,7.9842758387880775,-2.3100507161981647,-5.318138749609761,-4.7392203972630575,-4.753019895028066,-6.051710672653631,-1.9785516638369438,-1.869565092243433,-3.134267236116251,-1.794492845913603,-0.2502394879611233,0.03288284450439382,4.170368595053709,0.29304696575664363,2.3662733843708033,2.5232198290993963,3.0890365234006354,1.4803227848093865,3.6596900701751887,2.0791832604702694,3.546528416935752,3.3062729756930325,3.601212107514426,3.0387013906730265,3.81036921812996,4.5151188168832235,3.6818814136438207,5.562058647611958,4.004420638136143,5.429092644813321,2.1469760523948063
10.519650999374607,10.417134770043273,10.172055316732521,9.354932112994248,-0.08164046018417795,-3.079742584265251,0.3748779174515209,-1.7203740977019994,-3.6089368975042335,-1.9853341517588963,-2.320554511403771,-2.668653687759537,-2.820580612004495,0.49403101712673303,-0.136079791260627,-0.29150221853744535,2.895516007509891,3.675176052133128,3.675613703608496,2.9567541240340507,1.5191901776484034,2.2302467158609067,1.4326991227439356,4.943888336243004,3.7242387855817984,2.765791307827213,2.1579891876070625,2.368347614978135,4.808380629302333,5.474083997427338,4.99147099731582,3.8474628874001326,5.336476993259066,3.788859344687275
11.346950622467032,10.779569209207306,9.829242176547167,8.585442449921954,6.138244748237006,-2.638993033930323,-6.693158800419425,-1.4586570666582983,-4.346479609535989,-1.830752706800602,-2.566395485516067,-2.182254720664228,-0.3943156411518011,-1.0643339305726114,0.5602118660948915,0.9804635351410625,1.5444815207211016,2.7286442022280033,4.219481819800192,2.5215492998767584,0.09333645664389231,1.1359145052637485,0.8564610104655368,3.7426356274230086,3.787706295098299,2.2065528304357023,2.381741106696653,3.3336695952420823,4.579236987670922,3.844156778252191,5.028651930954827,4.007367219000479,4.87104386720674,5.20598207981644
11.604631033861562,10.68804114112636,9.960202286140493,8.605460770021434,9.190600564333687,-0.9742881091008175,-7.767268924603987,-8.970457632059317,-5.140731091006592,-3.1951534917928215,-1.7161625193747538,-2.154539389974827,-3.0867256597151074,-1.2386198224344611,-3.644796955729471,-1.1384075075209843,-0.09003716266420735,2.165779093656452,5.33275407481894,3.508063817837856,-0.03186199961869103,0.4303771968395862,1.9712854997125244,1.2962738138938372,2.2331647522174487,2.6034846054153165,3.8613107474560993,4.628408299371878,4.077240572096775,4.294516108873654,4.009972997178226,3.990782335464315,1.9274577722814508,6.606934709425117
11.648499832132071,10.987053631762114,10.838583587009145,9.750745629103001,10.695577370754997,6.337064418995647,-4.099650053059774,-2.022006923857551,-5.248501085235845,-5.694859144300531,-3.8842722893731008,-4.098399095931633,-2.9741106313822265,-3.634432924830052,-2.956836369620335,-3.096813322547151,-1.5455890048112781,1.5228620637046657,3.649992422810638,3.461407379735137,0.17093666941301494,0.25340490267295285,1.4917118354518737,-0.06291833191815774,2.9976974198124737,1.5357428741700836,2.8924661370968163,6.850198177213718,2.730089226008651,4.842050485272445,3.430371251543191,2.6441536281807996,4.793846953759917,5.876951533893615
11.836201101489294,11.248057954300277,10.977341751613363,11.131113881818719,10.1610034934282,9.52897043082029,9.83391909399035,-1.803759248670093,-6.799953713314724,-5.409955760344243,-1.2482177799215575,-3.1543504817065893,-4.312611475119565,-3.154298945734081,-1.2877945990251962,-1.3131861299295018,-1.0442465973376227,1.1872237982759606,2.1054630402297336,3.4709557077263553,1.05395225133466,-0.21838730500484216,0.8288018823642936,1.188462066905526,1.697354276389925,2.073203089457969,2.8061248532262013,8.584842908423727,0.750450778515588,1.2869181526877855,3.2742595752037214,4.04165038830589,5.564744743230949,5.195832936585983
10.92277760319168,10.092544697306382,11.018886385725427,11.283493954226797,10.747807610682422,9.493789701602413,4.990019387987252,1.9992918439420913,-4.149737340292954,-2.119628364871825,-4.374345524922737,-5.651033642554108,-4.2383757152049055,-2.968109988748482,-0.9827270434914823,-0.9634530232986251,-0.9141448621261765,-0.3832062583171218,2.046366012232141,-2.0028798424978653,-1.6225321374137662,-1.7241035835412608,0.14455849513010494,0.19271923174600214,1.9727326616461203,1.9935076713505715,-1.2824735178954654,6.787755230076815,-0.9190046088276437,1.3361261011450398,2.368415579584064,3.14050840554424,2.9886382945655416,2.971445151859772
