script/wind250m.json
{"header": {"parameterCategory": 2, "parameterNumber": 3, "lo1": 3.000054539987559, "la1": 64.9999836372058, "dx": 0.5, "dy": 0.25, "nx": 34, "ny": 52, "refTime": "2025-12-20T20:00:00.000Z"}, "data":
[rows 24 to 47 of 52, columns 0 to 33 of 34]
5.932343187127391,5.364412567199813,4.0191718021841645,5.545502016079762,2.2248440424258806,2.5534378352550795,1.7728904992668413,-0.7503246063334075,0.49620328064115093,-5.713630767429624,-5.08118506837077,-5.1779206038264665,-5.317532197977575,-4.075506748884191,-4.388294035823506,-4.688304395667256,-3.9232734486839336,-4.666009446755055,-5.603654150515194,-6.55095126605331,-7.299987628813671,-7.108728384197655,-5.221139043404979,-4.356433433564269,-5.353765798138555,-4.005830053392882,-4.969129009070514,-4.614418298491109,-3.6917390580721605,-3.949862537027598,-3.630623513515962,-4.731271726810933,-5.858540836729974,-6.495823545880454
6.866996957873325,5.902564119942993,4.495116159570618,3.6964589259565503,5.1147251771028115,1.6646379122843946,1.9280613106398925,-1.0395013115836258,0.16271683014556526,-6.445600582560885,-2.77635554873715,-7.597280587051029,-7.143782398514772,-6.628929688663878,-5.6850761988662235,-4.170553536716548,-4.091733192556556,-4.283962887380911,-4.491128948713229,-6.661635533910844,-7.421358365955707,-6.942908654736309,-6.65889008459912,-5.864461705701832,-5.231012930643912,-3.568437217350394,-2.8279684247642085,-3.325750757906619,-4.393894597902195,-4.878048218353232,-5.460954235780683,-5.69569370772746,-6.004575372165369,-5.341219970096891
5.1625315376155605,5.897047417992273,5.423781610989124,4.782912915166423,3.823858008723183,2.7756646104692564,1.41302404868481,0.27126478885214855,0.8765474079467757,-3.736464488653648,-3.2816558433890397,-5.643563103274528,-5.235237589819258,-6.0089252809649905,-4.996197442233265,-3.9806026655375892,-2.004266590655565,-2.0930506723959525,-3.2772590786081004,-3.604905037636322,-2.2369162985346644,-1.0953146259069098,-3.2789079003609367,-6.7712943470364735,-4.891886507136004,-4.584454622424294,-2.6870397770939034,-1.9467462821545911,-3.47124531279586,-5.67611101402867,-6.049114008574022,-5.429164150957232,-5.1671921860221985,-4.853712042096321
7.934527076278838,6.856731867550905,6.22281667691118,5.230918090168263,3.6911354194919683,2.2432377423479286,0.6030057229425655,0.735300994267823,-0.10742770344804675,0.495322972342549,-1.9575861206963707,-1.6115935612029706,-1.061734995305492,-1.2752518825239583,-2.578923821571615,-2.987847262900781,-2.586810488836775,-2.7076467510643982,-3.3601739727084703,-0.7258489096361629,-0.2213842793639465,-0.6243835568169807,-1.048265712991405,-1.1791363903450518,-0.5496069982373382,-1.7477968051763304,-2.98635279825408,-3.4277763222017166,-3.511295255687075,-4.688574052986453,-4.779945466580594,-5.087633173974342,-5.486113726064532,-5.118034921224473
7.923150178076586,6.567922859474318,6.340767004166757,5.658658126546163,3.692353930799391,2.676948619749163,1.471973992167846,0.2407887529079263,-0.1971656243519668,0.6540307747675237,0.519518483530154,0.853374705332399,0.9755786909597822,-0.6063525134853069,-1.6099264373084885,-1.715408641581257,-1.2971253967441159,-0.18995154011865337,1.012084539984502,0.4710939644345094,0.24625426883870036,-0.26833445716820653,-3.557290740593161,-0.1954782613922512,-1.458642544147903,-2.1769371547667746,-3.515918918925589,-4.265753794103691,-5.320413012598745,-4.129441614060314,-3.4345976922627184,-3.5390518405118363,-2.2182034443478456,-2.3441815395300343
7.380579702881878,6.586709014427279,5.880318070490937,5.071679547822826,3.9237120330278374,3.0955379864634893,2.474824051849297,1.7979256452891763,0.4014520329112149,0.11987327979042985,-0.9764841220870243,-0.2706838828156143,0.23054131256917873,0.5719734627388129,0.12171285944771909,-0.5020257037348778,-1.9810389968132167,-1.2881011783638006,1.1129856448363387,1.2706747681280255,-0.030582953513524115,-1.635200672969408,-0.3555444403973195,-0.9974857375000901,-2.4882387625904294,-3.851540252478559,-3.9129324790934055,-5.194447595532598,-4.859692226182595,-4.22423043291136,-3.5316452727050214,-0.5078324956858599,-0.8942009675202356,-0.9323597876920982
6.483974819073254,6.308924440817013,5.7856192572519705,4.805691053112792,3.564900418155217,3.587608340140083,3.4041665456238066,2.319382517213555,2.0886232654191743,1.666510824981163,1.0925009113473667,0.31880968953846295,1.3331717712463056,1.594879058079071,0.1713011973730754,-0.10935156821665194,0.11383782415049214,-0.18307326203801028,1.2743242854390078,1.3665436716458756,0.6782227152537853,0.08331197925657843,0.0124447153577426,-1.7183078175530444,-1.300570849115902,-3.282562711656296,-3.4883350531277255,-4.32379714756108,-4.067610092118212,-2.781343553849341,-2.1044090191981732,0.5878195667715788,-1.035328243284373,0.19845213374512688
5.9756699761588274,6.613759136896758,5.975168004395451,5.595326094482329,4.422892851348556,3.352889486112201,3.803310379395367,3.450050495613286,2.4419640718196622,2.07699673491869,1.5593647066989211,1.8779584595152057,1.458761153049965,-0.2543055415292053,-0.1275563723059152,0.6877041808661034,1.551498205091258,2.0070663126999975,1.2534576204425076,1.4653132026986866,-1.1068420353597164,0.2191222971305532,-0.5601032584362885,-0.3206848593415827,-0.7180972854016274,-4.401291141667118,-3.986014046486079,-3.245218568376648,-2.444714979280001,-3.0550106120132345,-2.7367152265267007,-0.5298762823782974,-1.454319062170131,-1.087895005745866
5.823027273296352,5.8695991319027,6.581931073105191,5.415431616924008,5.143642730564136,4.546188293836742,3.243460475507233,2.82380234448097,3.3305734627475245,2.7783740759025486,3.309626943786296,3.601757984959001,2.553470516508937,1.7050666429790697,2.4118281387932012,0.8970368345070703,1.427941555009606,1.671126696131774,1.6167816361038412,0.8775690064288283,0.3987955230813546,-0.5908932493941049,-1.131525638767167,-0.7096278654555439,-2.263254947069521,-3.5706747460067665,-4.217419218638426,-2.253040076244683,-3.41394560287227,-4.094994006903148,-3.1135291176912827,-1.986425332137462,-2.3518691535927876,-0.09789551647565319
5.9246012810961775,6.206356958050072,5.576531498509746,5.505521412650266,5.208770395928762,4.981770636600993,3.884460862694658,2.459618237133936,2.799347675759728,2.675571455682266,2.4398143080767594,4.1652906610716975,1.9165117290004654,2.169284132870001,1.4021597769378076,2.1035003652107394,1.2259282115235142,0.10394984832213612,-0.10931012181465576,0.599646228735733,0.23597652218294468,-0.41855324401034655,-0.7137030235635125,-1.2727364262942844,-1.818782393255963,-2.9893786174202757,-2.151066001959948,0.3193527899468463,-0.7577526678424222,-1.0403383445976995,-0.07078242370646048,0.14208019163336166,-0.07229580676523475,-1.2081277889326392
6.140784235918807,5.85508334033166,5.214491499839559,5.0255938757294345,5.11182741749088,4.703232757147225,3.955657951239677,4.328333300106965,2.4674540907076192,2.4750380079629424,3.0390647935786173,3.090497186109352,3.214122342578417,4.336544289890314,3.4355768007212415,1.912499755487609,1.1747609474408163,1.4112237082406953,1.5497681785828359,-0.2852948836395355,-0.492135724964194,-0.2868131655281907,-1.4741696375021809,-0.6967070175907331,-1.536666065076756,-2.191068449307122,-0.5107750801985288,0.39893265367444214,0.7402983781707092,1.037105777454059,0.9015789781999921,0.40920171673506556,-0.645900238692088,-0.9069638544171259
6.474499417912259,6.244630446752565,5.637872160440037,4.662417699397752,4.604464241203698,4.634483185147375,3.9530121722455176,3.138354904576498,3.3714682684260366,5.681588526372832,5.24756865285457,5.424563492360635,3.458130449212336,2.295376213738736,0.817017782288753,1.1853381960570306,0.44462635570908987,0.8204954339790799,0.2375663571444264,-0.1159190695280535,-0.4323846788788067,-0.37450683657736433,-0.7884723116710481,-2.4336572985925535,-2.6751888794918113,-1.4442797537526846,1.7116667200236768,0.4211465677780762,-0.3130896350315493,-0.37001281525925384,-1.0082345524486933,-1.4260129819485163,-1.398916757257811,-0.32077466414605604
6.324715850072628,5.906101379281352,5.977600230735871,5.407061226255262,4.5960520287741105,3.3478445761553743,2.0315455117262484,3.540975422457732,3.1818299028043713,3.9928288857005656,5.3409236839855785,3.784170194660804,3.2055478309436904,2.7923688460666356,2.2318905965702602,2.8392792848568833,0.6490276606492085,2.64212497495274,3.6944399216433705,0.4295552468244433,1.6321097278024996,0.8162295501330902,-0.8854536928927345,-2.308370739848387,-2.472384116797243,-1.356097454744857,-0.47807869065703124,-0.9948491447437554,-0.6370165381413221,-0.7266729496177841,-0.16997913004514126,0.20433511395848833,0.32619686654196955,0.20469571404049022
6.553093573056551,6.783398898203534,5.121978380263527,4.303344762294139,5.6071579309769115,5.612531557142706,5.469595992411239,4.548497167377547,1.8116877714895612,4.365357010169133,2.2751597042344565,2.8885617223922964,2.4191480300093415,3.1966370745129176,0.7650189101912171,1.6514466754334254,1.1407052200684051,1.2624937269768708,0.9830675588551063,1.7693732793584478,1.1003442883179688,0.9978078201730937,0.20697663569444283,-1.591637893120961,-1.3686403758804002,-1.5433513651358848,-2.183407585308488,-2.1024729410656855,-1.8072892048166136,-1.452823807852227,-1.1849080336341875,-1.562475876020028,-1.2788444370630097,-0.8594915405338379
6.909490494997901,7.2051369339711915,7.855490088488645,6.5490516714926565,5.8267341410494895,6.575061443513343,6.219710722188722,5.367474621020889,2.444984409627943,1.3844564067450056,1.02264561868658,4.1101068560921705,1.6044692717411555,2.25693629155063,2.4656380043187553,0.8501074403233377,2.5364912285409256,0.1558052769817639,1.047265208683193,0.20650011177658603,0.5228864846115445,0.23514487493738842,-1.6950973617500837,-2.199141625098212,-1.542788820497814,0.0746747165480195,-0.5502513646803839,0.3172020475923424,0.6770996687895066,-0.2692393143711435,-1.4883895909822271,-2.2094656560170787,-2.248397284311363,-1.398559287489287
7.826107281995597,8.151414603623337,7.853533014455675,6.63509419516188,5.967344038197182,5.311220324219944,4.854069576762594,2.998233022521478,4.058862200258906,6.229872092486069,4.6926642081182175,3.759471441975644,3.537485328549995,3.2731352410220236,3.430514339349388,1.1067113203421213,1.417305778165029,3.4164261929248054,-0.11049369697155688,-0.1182006210412675,-0.7825584990649029,-2.2668755967257055,-1.30762546622335,-0.5482970610621273,0.5814884506884413,0.0858670597607595,0.17269436217090872,-0.14139366236478315,-0.0925580498101267,-0.38516778289216963,-0.9973420662463579,-1.485110404597597,-0.7128455401462191,0.8808992155799423
7.963275648276836,7.59642316671228,7.235694520233108,7.363071614076825,6.483228004249136,6.190958233146161,5.421440093998693,5.1074754191968825,4.781596238783234,6.746938503451077,6.060307955799774,4.221799045789647,4.417296752478454,4.444246977451483,4.922892570990748,2.838369811484223,2.6223639460482415,3.5619269149032604,2.8026102323752697,3.20256375143686,-0.1745349331801985,-1.2498711321727205,-0.943041741424982,-1.3792977854868786,0.007098520509059511,0.919346529023789,0.2795168017631592,-0.5091105457847998,-0.5073691942239597,-0.07373400780008264,0.8925276678529234,1.1036401185861393,1.4664869088531076,1.9009906368023006
7.575020314812219,7.8229721254027735,7.956084606685495,7.232450615946764,6.206702834503703,5.886927590919875,4.839373275398512,5.0138447373493875,5.040231555438167,5.59570519458428,4.6416174080149855,4.034338349198896,3.2378398776372546,1.387180671776042,3.041667522782977,2.390426991456083,1.640371442226468,1.4228998575677412,1.631473452052231,1.4138364126202136,1.3874699088726379,0.9689708506775407,-0.3990017317947996,-0.5316234082396885,-0.39601136969623996,-0.36975382319157307,-1.1547812190822737,-0.53203900599868,1.6861995884114025,1.7331746491083282,1.0649842658586184,-0.0846632138934177,1.5411170203979812,0.9796998175398232
7.8748780220320835,7.5421418938326275,6.6351158265826475,6.239056311991845,6.097950894773783,5.947131626501868,5.299840327667482,4.542376106220976,4.281540354357441,3.2382704643536417,2.564591130595782,2.266444973403702,1.8373125814433464,1.0764002239520771,1.1236213209173458,1.305626682416213,2.099659103940817,2.211576154790187,2.2699768913425733,1.2350205378658592,0.626031840931479,0.47692905348783865,0.20209833079821798,0.4778340377838135,0.22526352330601543,0.2787202609250151,0.7635615070373715,0.5022517660191715,1.890863056970714,1.2395397981792875,0.30104633118814694,-0.3655290069299644,1.0431119843851873,-1.513410513051724
7.336462118740093,6.367957798699615,5.4238345559522925,5.195898692995113,5.502415451312338,5.167131276272504,4.372956039935506,4.030411537875085,3.4227210647177793,2.2613822641855554,1.4782991198831128,0.5329645866450811,0.10594861632234605,0.6805862345205095,0.6591604055534792,0.6996018052575105,1.2922428473098442,1.4776635550340151,1.2387586897033669,1.4489665489210184,0.5312919427409036,0.2626476165043874,1.9722764228849554,1.6320221821963936,1.30658452418478,-0.3698222652649203,-0.19999445052997833,0.5376781868640838,-1.2047750060818656,-0.4294458851835847,-2.1448663056352943,-2.5634645190592487,-2.6601874129200813,-2.1998665211562662
5.787255251246942,5.3507320986237055,5.278755026593921,4.930205921168376,5.084769794521981,4.209600151942686,3.40927101477108,2.885919447303568,2.586594760519992,1.9609036766341914,1.4679564375724812,1.0238266754319363,0.3818966617171257,0.11750101919330146,0.959533838357568,0.8542299605375281,1.0355362534923838,1.8518821279733728,1.4765702837300596,0.8832480513560113,1.108695890897235,0.46397119288964755,0.44553330392226914,0.5603421286604976,0.11049081538793185,1.0639316025506866,0.5198304826449255,-0.8057253520666986,-1.4933037745344384,-1.992182228435283,-2.0502352463875044,-2.6244748968200007,-2.2484103976175445,-1.8168228138690843
5.200800570121409,6.500998723698348,6.28096151110012,5.7311882265650675,4.9671452939568805,4.102561896383986,3.9873099231889633,3.9160175888582214,2.8721356362454724,1.685140282908919,1.213078313061688,2.0056398116351026,1.2632035681830622,0.9824054784343261,1.4926210414848828,1.0419410674693983,1.3687858776810435,1.232460543076127,1.15907398703295,1.4347691364416197,0.7166442427672096,0.6098102235691145,0.23428175516526156,0.7909523493458788,0.6551404440267972,0.590925217269844,0.98563068232582,-0.03438634052196178,-0.9666203446631197,-1.6938996203553123,-2.2868017629871176,-2.267783908741351,-2.428079997313644,-2.3273148414764964
5.643666162444597,6.891717103340052,6.613761086187726,5.875262995074274,4.742828741287809,5.579432561730282,5.563725639681874,4.523760433738027,4.552818491833015,2.954809956587282,1.8435438141241665,2.9897211175032776,3.1071719678495366,3.1289931786329874,1.5621549518363185,1.713939054549282,1.2009433891895556,0.2867938376142224,0.7811182111568573,0.8143723387045946,1.4708775078641734,1.3978895351654532,0.89099076850742,-0.1460310201256339,0.03106766979230319,0.41688107108263245,-0.13723854019533882,-0.5182902855790309,-0.8679812488245069,-1.6509092304552386,-2.7060694958126077,-2.8079996923013026,-2.681453207481364,-2.8478496533665885
5.5480557646399555,5.444200968950914,6.816758788303362,6.705416548482702,6.613854828180394,6.467371877399586,5.070849378213014,3.3524962826141587,4.507268025129276,5.1593017270791925,4.8300095423770735,5.233848972704015,5.615630754962179,6.412481740588186,5.294622886274998,6.179887240612173,2.089193950608196,1.7778219018335955,0.8734370481298589,0.8308429689097976,0.452113571050815,0.7957947876125592,0.5816156033049846,0.01734753025695513,-0.6200009915536671,-0.35779052713797144,-0.4415358327257386,-0.8876189962940096,-1.3995476714944355,-1.7601896086349715,-1.7412864765164515,-1.9579711329779497,-2.0891269944984083,-2.5378256216695
