script/wind150m.json
{"header": {"parameterCategory": 2, "parameterNumber": 2, "lo1": 3.000054539987559, "la1": 64.9999836372058, "dx": 0.5, "dy": 0.25, "nx": 34, "ny": 52, "refTime": "2025-12-23T20:00:00.000Z"}, "data":
[rows 0 to 23 of 52, columns 0 to 33 of 34]
8.645408056358617,9.177685078129924,9.763016453639839,9.856137085127667,9.322737088859082,9.788984856806318,9.86336884879194,9.998903324359516,10.635935020249564,9.76259840704636,9.944940474681374,8.859223579287674,8.623051328450012,8.977664463859659,8.462462071216441,5.841514868981854,4.1984971204881845,1.4437087740421573,1.8882762576724026,5.2940655828029275,6.222654876859658,1.2292583241018435,6.642455012404419,7.269937882166004,7.090487427610431,5.81805576366294,4.680096230371395,5.0718261002355955,4.702215629223474,8.814222188143972,4.52016579002311,6.568262658583482,5.123284732890171,6.396615921337403
9.003937163626555,9.298542427018559,9.51177126908139,9.74526563293912,9.775083070898805,10.091457826686252,9.95283994089755,9.677023542603848,9.834043718965928,9.846642892624144,9.694277351674618,8.852485250797699,8.698503101433886,8.444094937699278,6.010930956963741,5.945869688527755,2.5987236266296567,1.0078795272858314,4.173112960301484,10.629356444623186,3.2543235939975244,6.549537132458857,4.115168606401115,9.804239025238358,8.636415938257421,4.997879398750748,2.6619546089522044,3.135279451482461,4.158106569630079,6.6508811470347515,7.799063665690779,8.18528801505436,6.617829993192892,4.07945838174695
8.800430700256486,8.401569962123757,8.65418604698268,9.452962638783374,9.731332921385576,10.020555903288736,10.041845191289179,9.880456236181184,9.225919467239521,9.741004134881013,9.106989913082963,8.167132447743082,8.481020372186558,8.048227408901703,6.085022956072308,6.278200609424718,8.793332154693143,-0.12828022694629004,-0.875571468779768,0.027397418807854245,7.553250925429519,9.333297410573604,6.785129740912948,9.545041254436693,9.65020136005759,2.9344591024873288,4.424001703105,3.976195181464246,3.953595885459944,5.1771341945771745,3.892390654498638,5.766158394572004,7.368478808551207,5.912798515699103
7.942285289868633,8.029780955845364,8.132939974128115,9.578096091410302,9.350479498830753,9.59621737017733,9.64170444905102,9.672504127632655,9.58658002568496,9.308776082679302,8.693839035840764,8.351591999054746,8.023109226863498,6.0527789409297466,7.792800275509077,9.598934712536874,1.7174457564526224,3.81690009757812,2.8292684606844887,0.29476093599867165,4.8561521350798005,10.051612166778018,8.661008919101794,8.698224809593786,6.531235083314726,6.461926954182332,7.211452616889756,6.492370024876233,4.0622036053336705,4.183757481080542,5.184184973511349,3.4041451709448607,4.808621784082052,5.580840575108477
7.387227877408165,7.872811263728713,8.401634982430043,9.009451708187376,9.119996327930926,9.521694364223878,9.243466641149887,9.685533570558253,9.72550500276724,8.99240480196229,8.628523459226033,7.854679110726916,7.487807328891948,5.445133366342383,4.510344948848142,5.789215489791568,7.3363665883789455,0.6966984161880432,1.315580116923258,8.737489526179493,5.060671725949996,9.629696938180922,3.65083123669802,8.512747407381728,7.211314048705362,6.214320363000117,5.673359017156298,4.394061020280097,5.4881432932419925,5.806614704923499,6.1569888719496335,4.647646370098307,4.617990726054467,4.8608748855815
6.968762487205298,7.398894852286943,8.095079681311542,8.704780163326847,9.078016194493156,8.822139730897995,8.930084291985377,9.230482904726248,9.643742024652656,8.371973609226425,7.87344749142239,6.699272526419044,8.312897724340608,2.6385254103751836,2.045361740329366,7.581631427487027,1.8571322821556042,-0.12610201268102697,6.284521030657741,3.514864962181237,2.4807100829867155,7.694975927624398,3.634060646706557,6.714062059214068,4.110826383893132,2.798465570998993,5.83575050174781,5.4014218414153845,5.4993037943495136,5.700726566243821,5.4876371036920215,5.032386565492964,4.289118154361303,4.763924313217647
6.757629213972833,6.964891552675278,7.628942731299119,8.076559061923858,9.098714197301483,8.745209404751462,8.836429529376856,8.671207532235055,8.501524254867102,8.145849629503703,6.464341846805052,7.824424908305576,3.72607288708188,7.881559837340885,-0.05260838446938799,1.9148538447986163,0.36654328916342754,2.9350253421837005,5.713075943331765,6.286540157228135,5.967867967909447,9.558013456780406,7.461848712366445,4.285664606147789,7.394677866554044,5.330544749408977,4.3607773104513905,6.399828893980106,4.515644958071314,7.415622517083319,6.473345136665169,4.33400124533549,4.734745336642752,4.263409416691394
6.83176826484852,7.276144748223716,8.027447805673088,8.172223450246118,8.251059253886899,8.392312777616512,8.497080149618556,8.232486182440375,7.478700144922165,7.221947137482878,5.904620392030656,2.6257895387899493,3.8195617978785563,7.812645168959382,2.4081658995771473,2.99241915721997,-1.2473907088860963,3.9677029639666315,4.655280761436994,6.421300177882361,10.288991335300338,10.160337696292158,10.357931638271898,6.842853609218705,6.238880369473744,6.030550093838052,6.153737539934686,3.7287044312638145,5.2191729198611885,4.824811745515321,5.215557376972335,4.290979444105964,5.512688908841426,4.632895177761172
7.230146587900737,7.30350389736191,8.026708712919381,8.496647581907107,7.810357984715211,7.833249067650789,6.69003727813334,6.8665537984586145,6.430655302066056,7.979576762785491,2.5046489411137602,-2.4134416983643985,2.417360752047168,3.1840328147911885,2.982078580581364,0.9593385861386993,3.579791856159621,3.850101918961053,0.2720746703494058,4.08637362176295,5.197778943960483,6.149872698898111,5.803448860724088,6.452962994688497,7.714405421161702,7.355193476783741,7.761735525256948,4.84572405487984,4.4702772057697135,6.5131289544721485,6.665179645910926,2.9583360002062187,4.720923867279664,5.427972471089586
7.2495380420633015,7.33686954460886,7.299836322220694,7.598199574602626,7.620464475472008,6.334145279471923,5.321572570627354,4.419998019073582,4.232612126815948,-0.5477196628996669,0.37497638988369336,-0.5175743496217109,0.33200455572221116,-0.1410112696737252,0.8717510147972439,2.04779773526064,3.396889068375088,2.5464595289820338,4.746621168299771,5.0934233238835365,3.625744252064382,3.6034429255641234,2.8569642842640803,3.1682496477737994,4.626015817779598,6.765672884738068,7.264367620398553,6.619972247771722,6.021779502251452,6.531362052497886,4.652998772644519,6.007885402130168,5.057310308771296,5.7321690161022705
7.1497805696507575,6.6080478312870365,6.57397019763696,6.1963532150786484,7.619906189442301,4.410810774080615,3.966151016457794,-1.1761179681602194,2.4506512499015094,-0.509724124981253,2.1970703804872858,-0.5670621417286642,0.5254467577519578,0.15269650605252952,1.6315430260252277,2.2633086536816047,1.3342742878333904,4.124091031087129,2.016648666767924,3.6388153880268455,3.1211827410732482,4.7802013467948585,-0.0830959409442759,3.6294684747381685,2.6638355744440254,2.8438567271135784,5.052537375532821,4.980016232074956,6.0859919597060355,4.53487433208117,2.501705067050558,3.763593126004168,6.8945078500072094,7.584564082310091
6.405946154338409,5.68000001301372,5.823213561667489,6.4283903018664095,2.5240618683428657,1.2087873206270956,1.4129356390032348,-1.384308918842176,-1.5780814240380985,1.424388268778351,1.0204731546082566,1.343154293871273,0.03509636851565994,0.6020554218444145,0.9108697254521356,1.2916045181998264,0.632842317942364,1.21201384610575,2.238011162840374,6.363861491085625,2.1153143087308477,-0.8555110733001987,3.0435214550203606,0.09012908635949918,1.9948337689169546,4.5006154881619995,5.334922185194908,5.072294214312755,5.976962467511726,4.277924706760211,5.738471067831034,6.306181704139545,6.750622562418564,7.614301345322336
5.3991012907606315,4.905326090542269,4.788886985412172,5.090861502784596,4.713877416327596,2.779708523541228,0.3479330371158762,1.1879775670959603,2.420217097821893,2.088305337764845,2.7470032446723955,2.6234060777913046,1.2843607220821773,-1.8602831373303161,0.9818793846029189,1.2577555476816056,2.1402761838297777,4.083486384843033,5.112067639514236,0.865676365103049,3.2597948189083175,3.336088483700271,1.6926394433978666,5.728324278137546,3.634440663220046,5.077833452075509,4.26364668675139,5.575658795456526,5.657267944390692,4.184839482256276,4.4877528730240215,5.6963327613413215,6.6685889536431535,7.51497498865688
3.668899315371867,4.234135926239605,4.04685930315799,4.3433661623492466,4.048338669607521,3.199912509791042,7.114426340724425,0.10437001344664572,-0.7192727463855841,1.8912537011316997,1.6931949323891655,2.4301919028088155,3.421167523263118,0.3825002767488196,-1.3129158606787403,2.990129839279921,1.063174280624795,4.908868948913785,2.5730919256294627,4.799430421164624,6.689979546408637,3.0114407527562594,5.102694038994246,4.93970318674704,7.414275011432828,4.4315718268568425,7.365819564213291,9.111850246920103,9.39239572559465,6.224639071678976,5.841130023578658,6.455115013036549,7.167099409878903,8.100415951985857
3.255881675799079,3.836438803503292,4.310190153484817,3.479671230510061,1.6057865219471041,2.202874866197533,-1.273614549154377,2.4594431380955823,1.167620112753712,1.2616867065869857,0.7182645538476817,-0.12081187395045273,0.22289923190909633,1.1095412305160888,2.6117606598286303,-1.9900541445411049,1.9413587874612626,4.376024636980343,1.2626162567936952,1.8028615821365745,1.1277411753269326,4.151343326085141,6.53232018942524,6.435721268233207,4.535116526466408,4.62928472115223,5.797059913530655,6.600639343796396,5.841576622438428,5.742691509174853,6.13644576847187,6.780527615569371,7.355245563594764,8.190145081474915
2.801202703709384,2.9059186177477048,4.3861182932696465,4.394561608153991,1.068698287776744,0.7153930283502364,3.3169589843990575,-0.35229334971588905,0.6448769408679398,1.7301040135756316,3.5592570027362815,2.122291685935961,1.018521546283317,-0.7187377394624801,4.520246091987696,2.2030076262519867,1.1079405764031698,0.7450562293988147,4.063733053221443,1.2424092648691498,4.579109410114726,8.721686213367551,5.364798842672272,5.431745538258684,5.370475538819534,7.862411451532468,10.225240911426548,5.938410074380835,8.407449517279572,7.715379634523666,7.659790536171081,7.582786030827477,8.43187966534684,8.724426063305726
1.8543056223242327,2.3962929392455625,4.543391404005035,3.435099677267089,1.531444393044393,1.3738569257607105,2.911888983442596,0.07486851901592874,-0.2174183179947393,-0.3660107576916806,2.1014856882438395,0.9834126505876344,1.8278814923606201,2.7575638042519266,1.572270348651995,0.06781269369565457,2.833410881179501,-0.17798826769512288,5.187616368137475,2.4148188037954617,5.530563340312315,9.072606433459162,6.381134025156025,4.204183524616369,7.381651173455916,7.551030168445514,11.591072543979278,10.539631234899002,8.44293513390334,7.650845720448403,7.711558366164567,8.167403609845717,8.415372255081286,8.712351256300877
0.5783495609532344,1.285958569588164,2.9607362118014366,1.6226561144699057,-1.885016104722228,1.3483547242676144,0.738243007540032,0.12626910550965115,0.1254099589173465,1.6496844681684508,2.040024281617807,1.1647761477550036,1.7713182051350909,1.4108405912590256,3.2888760346739927,5.67365469863952,3.363536546868419,5.68228175341935,7.062752771543617,5.359513944207261,5.537150880625567,5.322974898108873,6.9249383995438025,8.26304912012763,5.863128429411383,6.840238516445792,8.59668640422999,8.61340247029476,9.305208746113042,8.84809159769962,8.56211742361711,8.394003379513112,8.49268533031989,8.119308145867754
0.022792013375734013,0.03828537374826838,1.8836790300026058,0.9800205086189134,0.781750958861494,-0.24297944798876775,-0.30922848530670727,0.6584100080094272,0.7224458636506046,0.1017418177956846,4.209765144295814,4.175851193114195,5.090451114412373,2.0363700245196465,-0.119816687209323,1.0965375763962928,4.395145660433174,2.2621261628191887,1.698466323246321,4.268289483184224,3.808213022326015,6.864816132240865,6.27819096526729,7.093599337103405,8.066690321777456,8.467946531198214,9.865587976130254,9.068894641039565,9.825250338461437,9.425073380753048,9.517403642450539,7.575968096697007,7.880969680988519,6.975889247658629
-0.4524504250020633,-0.9237722546922733,1.2283531251928845,1.998142904033434,0.5542812448672999,1.9161409867929564,0.6446044326163456,0.9414269268619139,2.0233203519318255,2.6571466685179326,3.6113597002686344,1.8267654091150576,3.2655960497038934,1.1572842797249598,2.63366297196088,4.584864170393229,5.213810158559876,3.83963502690543,4.561363860779001,4.499561226292108,4.8134484859147495,5.376500351034541,8.263575383539996,6.989961061444206,6.3468004786856325,7.874621397942058,7.986148648310975,8.485002894272263,8.617382485130024,9.368712740015885,9.182754809630701,8.931944435351989,7.741250843694624,5.880870811742367
-1.2030110893905575,-1.9200963539268903,0.12427163573046808,1.068852797306791,1.1823147374412215,-0.9457113174015017,0.12942180397672373,-0.16675346545869454,0.33566761401046513,2.3023630828478967,3.3103480128245253,3.602993439664083,4.582243794041538,0.9693364121179742,1.130557510230296,3.472773531397832,4.272131946562175,3.708129701977005,4.101028365749252,3.842348693201489,4.249003878282176,4.187491174300146,6.094809885807629,6.87973064553222,6.340228705475026,7.194225379363163,6.035545058849489,7.068752644797195,7.62411468738776,8.08033172876577,8.151767444855535,7.154569097316019,7.091424642775444,5.960938939796997
-2.0994148199331892,-2.3140272900955274,-1.2328587282576282,-0.356112130991102,2.3492563766219043,2.8789590546957053,2.7420500519275923,0.6157120868566021,1.748368292880311,0.3253356466237255,0.17978707351215623,2.1269949023332284,-0.09067807789643402,0.8964642279209204,1.576199747622552,1.3482939189015088,1.99118118645246,1.9023913582414904,2.0762441110563703,1.2130999535849893,1.816607366047923,2.0708073047007467,4.14966817164169,4.241035577395017,4.328601499164986,5.460887571309454,5.47855155006298,5.268108785975821,6.115584041812036,7.473840211369615,7.2200815674553045,7.074466109472771,6.230871627787294,4.456289679697841
-2.6997135853985,-3.042510977219704,-2.707255711506525,-1.597734425595836,0.13801997427844503,2.3845108287485597,0.7478876093284063,-1.3938475256483955,1.9933031178857876,1.763966556652636,0.5727657027113677,1.4398182588221282,1.482936479077729,2.926798352313538,1.601233109259297,-0.4525709157156534,0.25896176311073027,-0.08969046952189903,0.03880271295385402,0.7291733227153405,0.910285172052356,1.3445148771048916,1.5744507167480901,2.157326264464785,5.8271005158061655,3.6783095925634908,4.282044907636509,3.6689377422710128,4.572205379240893,4.815091808636776,4.239070240442861,4.120003492025738,2.98830355681806,3.620527202228778
-2.7597962436204386,-4.345603466040147,-4.217979076510104,-3.5415152625985744,-2.2492505755418493,2.1421975557594397,2.49075223162143,0.4421785588272701,0.39087027716279715,1.4122593253645972,-0.5171537888518751,-0.2417855648968104,0.5775391604026886,0.6053421362397993,-1.4615971359793736,-1.5100087729343885,-2.2632698946537504,-2.0135097783966236,-1.410465416325864,-1.0420418090953742,0.0015428687069371323,0.060288477269964114,0.9878839835014499,2.469898191845524,2.1436015082068063,2.106332145065641,1.5158064980333474,3.067667287498438,2.1151255676868557,2.8739124622857712,2.410641998739678,1.6390344851914442,1.8381662050194985,1.8612043489959518
