script/wind10m.json
{"header": {"parameterCategory": 2, "parameterNumber": 3, "lo1": 3.000054539987559, "la1": 64.9999836372058, "dx": 0.5, "dy": 0.25, "nx": 34, "ny": 52, "refTime": "2026-01-19T06:00:00.000Z"}, "data":
[rows 25 to 49 of 52, columns 0 to 33 of 34]
12.536011860049795,12.536778650974325,11.865537991727791,11.77596178850788,12.012837873072202,4.89856809057556,2.432749025784718,-0.6821352486582065,1.2363324927682677,-0.6670715894318722,-0.5959835992030683,-1.0639226113694988,-0.8836949321696671,2.8680296580259217,3.140325448506708,1.9738488859610972,1.5202319819049908,0.46259541066196047,0.5489811654542194,-0.11352115892575956,0.8160526154850658,2.4951151450824915,1.3728361452318039,1.5098711404376892,1.3208285566582902,1.2222919550616487,1.9306951731356412,1.9192593535419251,2.667033527339217,3.7681011823299713,5.6547331762367445,5.977305708674663,5.799405018721956,5.796925178715672
12.309404870752088,11.275776374920731,10.86441800831122,10.705635727488746,10.39237035161888,9.593041758050498,2.414523116760037,0.8553296733965864,-0.6702497440892361,-0.7361093471919378,-0.7922636003812293,-0.4952763452438687,1.601423345803695,3.2313110378955576,3.634369330413129,1.9235165513254289,1.4843084067176222,-0.31598078294963844,-0.224794679512745,-1.1356941484868144,0.960663416620686,0.22872827991298492,0.8916531375224424,2.1900771029871944,0.17692271230143908,0.6113343679396843,0.3500932827501131,2.0091244204594005,4.109428387534698,6.0268463332977396,5.591738902653789,6.191422634676916,5.998774253249135,6.059001753613262
11.637896421888867,10.956919744786159,10.078001311765314,9.54258027038803,8.549828952656455,7.625327430564259,5.067468940053348,0.6124958587316872,0.550196729700118,-0.6708639153930195,-0.33174064034937617,1.1641122275617986,2.9896336538176382,4.071590064926086,3.6949996110395467,3.388069713865971,2.2898897476680036,-0.39856614476352215,0.5277944045938042,0.7091308512796897,1.705452139128813,1.8558154020033817,0.36067030539577855,2.628096565910207,1.2608457541108307,1.4357368593000563,1.6291684093853998,1.476087369758431,4.15809780562495,6.308666749529197,5.890251606371644,6.4363300425527,5.851108217805605,6.249280366091457
11.058969555598846,10.119995834090917,9.74148518601322,8.677811260959041,7.771286723792033,6.2341042512616855,5.399998454523308,2.7679109510420763,-0.08812772699705496,-0.019376024161864354,0.807879606410546,2.5145386901429627,3.5732379989822025,3.8827915828382955,4.394960079281945,4.7971270971743465,3.368667636529782,0.013407346341774437,0.41398512063968146,0.5190716664090393,1.6068722425406874,1.5719175447533482,1.6871053702876515,0.07258168381179464,2.0682446133937384,1.3062206328921226,1.7655292937242006,1.0405805463375761,5.599915813925525,6.232432532490114,6.286452873730394,5.9919920750204545,4.578411340059134,6.55435705478066
9.887763267773996,9.601210475812627,9.109708634423386,7.783960151820841,7.2485197338976,5.748115443837688,4.48878851278824,3.4287885646994902,2.3997772681263596,2.038757407085622,2.310383406176264,2.742938456712148,3.373800179357773,3.648505532711528,4.099283948419829,4.415143915355405,6.03974043752972,2.2523815213184215,0.9287493137823974,0.8789479309942188,1.4264295947195493,1.2937249790230039,1.3805825817436241,1.3202834068257585,1.8211239879954126,0.9437811796303451,0.894369117334439,0.8693730831095134,5.941182058845575,6.582305151079416,6.243425439046688,2.1580822459230635,7.104190742622234,7.251993440184376
9.80806711771885,9.07505433095919,8.465913417571585,7.599101317878292,7.080172470001488,5.4741810771099075,4.647676059041029,3.4114615976795073,2.466411960097206,2.466406414451168,3.140522508304953,3.304817408643448,3.2203152009186526,3.7620127313210685,1.0820014774448992,5.5008277025709935,7.20979926842489,3.9366757019569913,0.10363447069565165,0.2722369661191503,1.2139722316939558,1.4376022968349724,1.6871557772931247,1.264489538262215,0.9155012975022533,0.3197031178799738,0.33630794178841333,1.9334141216005811,5.100644264767351,6.493985534631472,5.980718544027684,0.6887298112515974,7.569299847486759,7.304246932693419
9.80732339910796,9.20606289813289,7.8977266024504,7.329692289277083,6.301053624327986,5.377265956089092,5.080432026471293,3.7339982736738957,2.863969278854282,2.8961976379624885,3.456259005532273,3.5137041903894923,3.456360818232867,2.9388278018740164,0.3372721174157133,3.4875614109710877,3.685725722024694,6.671495298855968,2.1743725553741475,1.2923577489508444,1.348972673495576,1.3405451476642871,1.255383535315888,1.3660622350053626,1.2336602864523702,1.575273273368759,0.3300227822553194,3.087482303791135,1.4491215434430533,6.377349414575237,7.287122879105399,2.656717133148127,7.5411602199547145,7.16222428899397
9.465044751042537,8.09647806275702,7.210059768363928,6.820985606854119,6.1885071622536945,5.515192880593005,5.362587562481548,4.440005335900339,3.586108504090183,3.9448620325166703,3.9767170151920292,1.223258469888609,3.1539300464830973,2.348183768502574,0.7745301950804001,6.780140862306473,6.856367084795521,6.902691740854365,6.110188233288838,0.23303146933363464,0.48645674576567466,1.572463556172256,1.8700058886350246,1.9482241880156739,1.7235394600258331,1.4245724292059458,-0.04696807922847276,2.9173296591488165,6.0579528709532315,6.527939494579077,7.377048490417926,7.705935069587499,7.893319026969384,7.663384078811364
9.286655148388672,7.581072146099444,7.205679209716457,6.623853496198497,6.219222290730566,5.45645370072208,5.54325779913652,4.2998386026538356,3.940729897182124,3.8590658446015467,4.018342864806798,1.476402710138224,2.398347331280237,1.9016500069602384,0.690482501256225,6.857075390109387,6.158055236364597,4.897366992537757,6.143728028400276,3.1376801717789613,0.9966719811783762,1.5455063838007594,1.6443023409647446,1.198535544176292,0.6504023668629182,0.22254753138650082,-0.003707901942757983,2.0180791875497675,6.557448248345983,6.6101583569240665,8.033422309595672,8.605115741053236,8.841093748491398,8.190322736342376
8.537525771265974,7.795212872888104,7.1069182634923065,6.476528199224515,6.116486484968114,5.593283139361475,5.6228204638162635,4.706733794014896,4.111011423484946,4.484577498620669,2.2674087057866767,1.8553850882205694,1.5465904071759793,0.3997049170704062,1.4241898731976244,2.255970915128722,6.789196674841439,6.337541600911919,5.9208680446295325,3.221031106525148,1.3262967038570932,1.1334864450369109,1.6556253797241334,1.5464844500648816,1.1339269650125035,-0.11498773732478555,0.3409784324483932,2.4458862349024084,6.453607786411927,6.687174671377724,7.687279050312474,8.548186041664847,9.33993152559611,9.014797869352387
8.053444045113736,7.795613005617145,6.754163756351932,6.2353672737708905,6.027826095091315,5.540637500992591,5.442672462650118,4.957983208360331,4.5075948086887765,4.671467656480782,3.2555193917712284,1.913545946198741,2.540084786413153,1.6026594998158559,1.7366970761976537,3.051403600993267,6.751582672747369,6.652252315829217,5.905470417118797,2.451502148823163,1.501608599719284,1.7677681178235103,1.2989282277817373,1.3029856190405658,-0.13428151507206015,0.35304514831326256,2.4991603882787956,6.444632468104722,7.240459165486262,7.201738868617188,7.892205604193073,8.500609970817207,8.924545862627664,8.404093038093881
7.115251564030422,7.110709241709402,7.065069813563973,6.241736901028687,6.179176575349157,5.448156889245803,5.195094800396356,5.317868965477381,4.933096956206494,4.257747372760135,3.874497000779328,1.724005980803705,2.316341791149062,1.5496994289813355,1.9887225477437094,4.5015534375965105,4.938594289379392,5.79626542025035,2.360645360158011,3.679851200821552,3.7506721327767916,1.2178010887245772,1.0562724969380506,3.6225182884946534,5.450529853916419,5.83716376792872,6.473218190130007,7.113302617214922,7.195375239377929,6.835041215588132,7.838774243160922,8.630355569342903,9.127963909087176,8.519942728557439
6.196573781070206,6.367600864836481,6.204412730938052,6.444277102411328,6.1676127698130205,5.3347724804987635,4.611826435651132,5.118342087590587,4.865328859288338,4.685399118936668,3.8433885879680685,1.5595644380925922,2.1834760898316024,1.5184916404147533,4.079375536030474,5.258479870966895,2.9721674699273644,2.037869282089621,3.0162285070336807,2.9442857957120663,2.5252563483184707,2.6631846934452783,0.533598141814714,3.575920717736123,6.400055979173634,6.559392189299122,7.021996846136084,6.58570161217671,6.946097867222429,6.612974986789405,7.549575480055504,8.865733893766919,9.563212155809726,8.964584017419195
6.089046308896413,6.013816405139099,5.503151434274396,6.249914205125897,5.819554589669145,5.082529679971942,4.061081703606779,4.5680791439100314,5.040879683018923,5.223956753260297,4.846280365436833,1.5868748657463925,1.7324468057892446,0.7326248185568064,1.2718975208120358,3.635040066705436,5.2304094536416565,1.7605420689284217,2.0289543019744984,6.544693558965621,2.5251291451916096,1.9313948463934327,2.329552243905274,2.9180513211401475,6.7493580199331555,7.4878609600384145,6.235453820695265,6.637450192054017,7.113773154538787,6.802584608630583,8.039310538727202,9.67433727791681,10.175787098271694,8.921960129386637
7.671676104707636,5.574698499192139,5.8002846797189695,5.817953344922049,5.732693031734559,4.750796397930793,3.553517734057571,4.547834698178787,4.901912003755746,4.99552749209457,5.209501756730895,3.030440731584288,1.0000997498166806,1.8473999611452112,1.842236718251444,3.2273226406328983,6.129629057206332,1.7446634681089015,3.272542926099603,6.247580165822,5.697079046605175,5.824692499221631,7.50174118484012,9.121182688028227,8.098510480495673,8.067265060629401,5.837483699168232,6.673383384238103,6.9953929797934045,6.687081051907917,7.729894663259153,9.908931139441526,9.966040189620893,8.607265871468991
6.983458357052633,6.352379605287066,5.576521468416058,5.564863988757397,5.8853799759773695,4.18290804623914,3.6012299735274946,4.603382220326023,5.240973868789645,4.956356965670409,4.700030035924889,3.230166210157407,0.8158608202015938,2.5078378580627203,6.704585931075244,2.854293165143948,3.930895434603636,3.1322182423264797,2.8049808223851795,3.8530220561695656,5.021283306343468,7.997585363929532,9.024135858879658,8.202833047198038,3.022344941871156,6.60648265857666,5.133483692574189,6.222553025437438,6.333839907412862,5.885212463251593,5.816441216303149,10.026726294362861,10.275060699656482,8.308544062063646
6.547174154789642,6.679186707679941,5.985139526744064,5.399526470340452,5.058938800541548,3.8349405148250812,3.2857375708126195,4.553858509177977,5.267851907770219,4.900426362120514,4.659188268465543,2.693619921828698,1.5479130339261202,2.411972064937903,6.501018289538225,6.9207931144461785,6.79024640186437,2.6709214909440306,4.4689562842485415,6.2425552944267,6.781773014218717,8.899793158242142,8.945756889113014,7.641728980531967,5.855436070414216,6.4578555421751425,5.7073674753830135,5.981322356478889,5.270227353059582,1.6357373687191485,2.4798660380731605,9.433117497288736,10.40675878083513,7.491188616175338
6.832984793646724,5.8143723010341555,6.964533290269289,5.170981894457648,4.855936555863533,3.9156105485322987,3.148204056536215,4.33175709298961,5.140118622771586,5.477662260649019,5.281659057286233,4.106002773269774,2.2456060647227374,1.2481548214581433,3.7922996427008844,5.695252485079707,3.5962887588229284,6.6368547822136765,4.90673310528905,4.989112633912829,7.123438474332717,3.498293158476973,8.120835529123001,7.764978592832547,5.9653506538257846,5.904345644499499,5.949981241268201,3.217572328968948,3.387982304018949,4.684631238102566,3.9592814497881372,3.125115363594602,9.714071918483192,6.0603988242228395
7.008935639313393,5.860614463095947,4.928446369327588,5.482111433154767,3.9940496715327827,4.087558843694818,3.5161882535831817,3.8626403258185396,4.615565220367879,5.851337201790941,5.571606144945249,4.688062107622907,1.2043116346840224,1.3748136715661494,2.3882380758222994,2.433035353474161,2.570155976666908,5.827307599623701,4.509639175429038,2.5299528392799555,2.690620999018143,6.29709977255859,7.300233947462749,6.718313007447776,5.8658326634395195,5.5799014411253145,5.31176548640304,3.9227498618202943,2.8082487641814917,1.893929435945296,2.7798353680781895,3.5944418183463185,3.2913381668608332,5.187020466985826
6.511711986555691,7.020083904348257,5.133373959481768,4.947076483819021,3.6898562477647885,3.546790319193769,3.6567827322704773,3.952965729473663,4.499618180709333,5.54291463824836,5.48040791586628,4.906887746710838,1.829035973925937,0.9451079208558266,2.090287911926776,2.075224384109808,4.3462552619837425,2.8748748294743662,0.9925238166051635,1.8982084192768744,2.988878090052943,2.7828700655648366,3.4922847936927957,4.197591581487397,2.400355987370774,2.701758426677673,3.1629455870698795,2.8537839736507435,2.9714008135346504,1.288939741538165,0.44570791262865483,2.943325255834584,2.884907353821184,6.034370061827836
6.329933618792097,6.44444964186641,5.956221896558231,4.029609899288588,3.573902036155497,3.757690004435777,3.5281201035769394,3.7030952559259807,4.5545440070089,3.7258168848265503,4.587531121367052,1.8814645059840929,1.091280919068427,1.6587372421249609,1.2876225846152594,2.6150604359210026,3.2794155074439217,1.8028551540992543,1.9692824156797266,1.8678440783562176,2.8049188111970067,2.1998492969681114,2.655583599812828,4.833642078167595,1.5935175734832265,2.6430789466531994,3.988142188073623,2.5091467067068116,1.0439856990890186,1.776186459307019,1.4551354666527228,1.7424313629993957,3.004358128707334,2.507294787362649
6.331181294450878,5.426156403421398,6.085063074438605,4.707311627573923,3.8929976375945987,4.152247500842993,2.964643786403104,2.9014840540232996,2.644139796638229,1.0236868428579355,2.1156035506793045,0.9434492447874178,0.8034052844114765,0.19181257005214836,1.4080414209450038,2.134557505412759,2.6310320100333078,2.7318415349600302,2.7474487143277493,2.7162322386638764,2.1084520195809797,4.895839914382098,2.289913339139964,2.546806271198386,3.244328971970145,3.480010958849731,1.674790999530657,1.2293606503104126,1.6417532339005663,0.5552038206217816,1.758942069771379,1.0041905240645048,3.6098125020007132,2.7409895197991903
5.710701743860355,5.84255635205401,5.023447356809896,5.469209067989353,3.992414072367717,3.2258146740963434,1.0522196011480451,1.358547097999981,0.5103685359578743,0.5956128137997156,0.5515030754154421,1.3394090768347793,1.3338271543521574,1.255612226754462,1.511361661791193,1.5529530265046045,1.4076886045520376,1.5348497614486092,2.425043977870949,1.9662929644481077,2.592286619185902,2.2312866336328514,2.208403685717407,1.1704084759216218,2.334625659390417,0.2847962121942913,0.38949892906145656,1.006239963483405,0.8972986522627919,1.278135064667561,0.7513292267600659,3.1508859641845404,2.1526095477672937,3.7788101614591403
5.757310611822469,5.854093216396955,5.03386875935079,4.819782321092965,5.878938103051191,2.5581705641619203,0.6285098948169572,0.4235798349402994,0.1378072853189139,-0.1942055455682694,0.1309603965968411,0.6433862705669712,1.7097071400966022,1.6605469259219041,0.42771207882131507,1.4171960101064476,1.2785919504190437,1.13277851232924,1.845053473651865,2.5394841047084484,2.049340812344868,1.391092585305414,1.714869968214858,1.3061770458408852,0.968440242540584,1.1324625544082985,0.5996239402877692,-0.6165164578631491,1.1442376341692928,1.4275313438063062,1.7710020983059702,1.5903919735989192,3.665974719308809,2.5120720959030525
6.935139188704216,5.220551805775797,5.386770209480946,3.360565995554471,3.096348976925273,3.6301020238577117,0.739307193667298,0.837219375891373,0.27781471493347015,-0.21486079362639957,0.6508752445861945,1.1345694664267887,0.7770114644222343,0.3497275656268787,1.0349213227967926,0.7480896590806315,1.2877165970606683,0.9559087498210903,1.3632192214508074,2.076220264249315,2.290535647653391,1.1435511040582447,1.5043426606637729,0.6110792804297976,1.3944373882818857,-1.3158595367989332,0.7978614250919626,0.7509944581726089,1.1578151664815153,1.5447759126995135,1.5919965873663917,2.5342177190235295,1.0009499726566098,1.9089051571974498
