script/wind250m.json
{"header": {"parameterCategory": 2, "parameterNumber": 2, "lo1": 6.000198445256149, "la1": 58.999992894266676, "dx": 0.5, "dy": 0.25, "nx": 22, "ny": 24, "refTime": "2024-01-24T12:00:00.000Z"}, "data":
[rows 0 to 23 of 24, columns 0 to 21 of 22]
24.038287221614244,28.97434171905125,17.23301062732588,22.96977160419308,27.95435163145328,22.675173274101393,23.7761787032434,16.401232390710895,29.88625779246018,20.64835799614474,25.935280765304732,19.34411026424212,21.205492202309543,20.194586885767816,8.689116138188668,19.328800790007136,23.550847454011453,16.59963082276128,27.7006152079291,22.476517890792028,26.428317493490905,14.141717013629819
12.611684276671152,20.66631927542768,19.528943181343486,13.956675020372531,23.921871213225867,26.447220453399222,25.398011396484396,23.995852860414814,25.106418720502404,13.437953984093303,19.69747225115142,23.779398642946095,21.76544166575457,16.99064203889075,12.373329516624121,20.556028541443084,21.83565917350821,21.95868786204348,20.82416741762615,25.77915018689878,28.73809260087918,13.909983749767022
28.88640012568572,25.165361173655043,15.853690249676035,19.316545318015017,24.543515836546,19.338893330287537,11.122338568632687,15.970313838296295,28.196936335681876,28.28202537557699,28.61025534811437,19.003808836767647,13.567559174346826,26.531526024095115,26.100357064515926,13.020115555874984,25.578684735411496,28.86718474351194,17.734862846133474,21.725447911009034,21.694582610127323,19.777883929708008
24.140266534599252,25.69099904053124,21.15028804961505,20.69077926428005,28.761063077481033,19.593215532220366,13.857567310114844,23.12987895978894,23.57888358792091,28.873620831936176,23.23610537179525,24.412750826295476,11.415271284122875,13.158363868200727,26.279083959862422,29.570037764453,21.63042959885779,29.910319790088526,28.337545452791165,25.85658332037258,14.321324843045426,15.095237129407503
21.243870958317117,20.559460111945715,13.577251824352565,26.584663732104215,14.160083284692815,20.013933786547593,28.109513349035584,13.929721643269495,22.575425734457582,21.522271638866645,21.40594842519298,19.596536685058542,26.138424984062024,11.803285854517565,13.895185962506215,23.331813728272614,29.532246421941743,19.23945246188576,29.128261216534653,27.156203374609092,23.41071443694678,15.172374395114868
21.298704685475517,20.922850256757865,13.124856949611141,20.047414177452737,20.463626226222935,24.5514761369892,22.625231127491915,26.69120298565418,15.266040659887528,26.382624011320733,25.923777938095867,19.11791351279244,21.18038552250836,13.619528088871837,15.610782741028421,12.0211651605463,16.12535564034546,23.137419878983348,24.635864520597934,12.667497459058616,20.48742565009069,12.52015460772212
17.884724474050795,23.117326822349913,30.372456408646123,20.56082844659791,20.17543838913314,12.064001800737524,22.889048182685528,17.888380765504454,14.235620702257005,19.176595200786696,14.71072571963231,20.60266938022958,24.597448806993334,24.59498349291931,21.914656612931815,16.50339672471286,12.868523496755342,18.113348779767236,25.593613954109273,23.228506910763116,19.227711368039078,21.566314472841857
25.8505621674395,11.947627495032396,21.136085913590062,24.280926044638605,22.01510956123381,28.02767847416411,12.851439880565515,26.237828020821674,27.817192006718596,20.62667965808496,21.269091757594044,26.70550768244982,24.8347017595252,17.701682815608038,26.187043494420138,18.587980802554053,24.196670717050193,27.776063613909457,14.529348077916838,24.50713011895733,25.201898331166372,28.265174316619998
24.52169015863945,28.64679682760168,23.295054423690623,20.363727894177305,12.305305179046464,16.021302677581744,22.592819287626263,26.011914472569085,22.05733689083652,27.760704578821983,21.06246908133123,28.716200040109882,25.864458099201695,28.325145801571576,22.77565676879844,28.642247592008633,25.52900112292654,25.886087714619197,18.282038583044365,24.719340315487383,24.038544848523188,28.059270941134834
22.79254657517031,22.41896582674238,9.419413216509646,24.07955201486907,25.87305703280998,21.139724644489025,19.72057768593879,13.894101564129011,12.598563827510675,13.42306594643393,15.47801310289452,25.89267772163679,26.660640927806146,25.498464776647225,24.793658885490295,21.540755284619664,28.07965197748829,28.28831580623905,12.98996938496302,13.342573634965392,22.82930506575815,23.63670555740218
22.64859225209939,25.55941927590737,23.34164329274257,15.09655109592472,12.12495723580474,21.538112710986177,13.689403172677366,20.718481296152348,19.322962803063845,13.027241033322854,24.945849621565625,20.956769876894654,14.136319603988643,19.336131430592108,19.56054765627916,13.310467843795015,22.61057975707934,12.788498735981127,18.10927891452649,29.35069360691588,21.984779823726967,29.24328456697792
16.92351776490303,20.347173530068805,24.702029998379796,20.40062146094412,14.903605223376013,22.871762778479013,27.581714466911603,21.309396250175205,24.993804558959305,21.361413881092606,25.433651605827094,12.031617640789289,14.084764384999913,20.408057168633853,21.767159346910958,13.104926007027423,27.833439792035712,15.69940299045652,16.77019252378878,23.848567065922985,19.6035247352682,24.892198156160358
12.967195559248804,20.44314268582033,15.594424973321976,18.282341414622692,13.194971070630576,20.968821947726347,17.51259750534807,25.09122954804815,27.101513483299936,28.724136588545225,11.221130560235732,27.51114262920886,25.35525369353301,26.280199749374535,28.54175148935096,26.149139857693505,22.97741975103096,20.762792104032687,26.985598334634883,29.552692075874194,20.083122566749175,21.54864037338918
26.954644451561897,26.21611316918209,21.744138458603288,20.44638232429236,24.748243793117073,25.650932341258656,23.25802004837788,27.40070215991498,20.906809198160243,16.84293984769834,12.505388936380683,13.779591490701801,19.185777013730263,28.151984901664953,20.966574067660453,13.326187827829767,21.490715074439795,15.01718664699937,22.916541909747764,28.012603357533003,22.01082087845434,12.910527529132446
12.889112069224566,11.597352231927976,25.79045875934592,10.622422939679558,17.443892989522958,19.77379977281106,19.469182411482,24.851236648488065,25.596529310707602,10.510110504142089,22.857068993463074,19.007813850830818,22.588337520737344,25.423145925077506,13.025499351352483,18.644026201139067,22.87347352845768,15.126643287435925,14.562100983713252,20.767015452289897,20.744201427145065,10.722478509324702
24.769133791540973,24.619153841247087,27.915113775811566,16.39215609400798,25.08860937682207,13.401316840620558,17.116643526402523,24.25395645333664,12.797172779222704,25.37519435111864,25.02625326032841,20.546213982578358,14.718551524599299,24.744551117878576,25.51443310260919,12.95689205210294,18.852417448165788,24.780513260983778,14.308400163694769,23.695839127582726,29.657130488304084,13.051642299761712
26.35384225562663,24.73607185241448,26.32806883312508,21.321955000032734,10.630902138867294,28.571559673776825,29.16258676747441,26.9922099520728,20.958897093371913,13.357406048532622,20.097678968101214,22.681293790626906,23.17934603113129,9.925141419975562,12.241882956697813,24.526148058262088,13.623264139774175,13.127642545549566,24.26512774303214,18.560903163108918,28.80005986589189,24.15253180343802
26.92611554856081,23.247404803697755,17.525220485773307,21.15116135901419,17.74087056114468,15.661551762842135,19.445657081031023,21.766588244214436,20.17931818394253,27.42618698027809,19.582082516626603,13.218001971698424,23.04930307861461,17.957481521722347,22.32845437194748,23.3832692384404,22.591675441776367,19.482159402098294,10.088563298187966,28.852861720417426,16.090441649034894,18.10731012921378
14.183928319415738,28.33035130620438,10.615066732436825,24.584984731716624,29.681772377207025,25.598604314094285,20.137713815202005,15.647704672437133,28.744654643789758,21.013714720810842,27.378024702145364,21.90865081760777,12.1551454849942,23.157456647274156,21.58109853837116,22.989485183416445,20.914792600280034,20.38129793134659,20.44913748571008,12.733547434423189,25.407532023388,22.59563770283743
29.608304595402533,28.572168834711363,19.28493936202873,26.151344520770984,25.313707251022503,28.117762192421647,20.046645301518573,28.176532580272543,11.428847069999756,13.022379619296702,22.585172643063352,27.069197334131314,21.773107278207075,20.354180178239435,16.17632007363717,25.083240192512903,20.551339560724006,24.31911291435935,13.058684178736803,23.73651354400633,27.590764047652783,29.170640046790442
21.52638475864937,21.407345391757506,17.415882176814822,13.275884574746486,12.017240221687166,27.40917862106634,24.50191299193984,21.393595232785625,26.27578340305433,26.657691969311625,18.88550998687045,11.360839960431205,28.53675234563593,15.728367270259135,22.568784606852564,19.117279564967692,26.074363587082598,12.784359766167444,28.155832072157295,22.225356621925606,13.485538065676183,27.4055965333369
28.78650379860908,19.600806321092488,25.112346917784937,11.274319991295329,22.972191779010693,19.516927869950553,26.29119065705562,23.152947214078484,16.779834518602666,20.879557452690644,19.890753783539992,26.641835694981417,13.597702071140974,23.64469178787251,23.43248083838694,20.571200497097678,19.316348218557646,21.287702050665906,28.015332795996375,25.382352166699295,16.255014435536648,14.386746417802659
20.372422729307097,21.0189848077109,20.722589560712933,12.966144259341998,27.433123993133442,29.185433067372575,9.882585597454653,13.551981547580489,20.325668868505755,28.19741435012891,18.93464204837294,22.898386016276483,23.516132622082242,12.997632201361483,28.24311974231277,27.766879582937705,25.72043447842619,20.921252117997316,27.889350373239775,27.10795264538814,16.333366636850045,27.622219391755664
29.78377511836105,27.459185359680422,14.000616353355463,16.232930379274908,27.666801974519924,28.515023871293895,23.189877198144924,28.466748583597006,21.85183632015601,13.995653045420179,14.332026895226779,15.332947605966625,18.260922662975467,14.41074033006096,20.886731805063405,20.755259030267197,19.635408587346518,18.032982166205084,27.918242491291625,13.946729318649204,21.601574498506235,18.194046263587847
