script/wind10m.json
{"header": {"parameterCategory": 2, "parameterNumber": 2, "lo1": 6.000198445256149, "la1": 58.999992894266676, "dx": 0.5, "dy": 0.25, "nx": 22, "ny": 24, "refTime": "2024-02-27T18:00:00.000Z"}, "data":
[rows 0 to 23 of 24, columns 0 to 21 of 22]
-1.8356299460536885,-2.155450868659996,2.46040815014062,1.3573286618051248,1.0079999488643006,-0.12215659804626634,0.37837001233471,0.8511721932529696,2.793351244023326,2.4660189462798305,-0.49608396390294446,0.5752264766506566,0.6642662026114864,1.0616445911892542,4.2459607454902155,-0.7792352623176316,-0.7177747816819451,-0.025125953308805998,0.0822681462159262,0.11321005314848462,-0.4521582174281112,0.1658760212427873
-1.3438190429950614,-0.09181069341087122,1.1760083461697584,-0.03362404820728043,0.9380905167516067,0.10727775717387061,0.8825342473970755,3.034110466278937,3.28970856752284,2.0595841130955193,0.7421430909340219,0.18571949504674448,0.4526143849898652,1.564279954638377,0.7651446236609456,-1.3409197300962086,-0.5125061087280693,-1.5855624912728474,-0.6229255285717171,-6.0220541112671824e-05,-0.6242632290092356,-0.2580673411349496
0.5300933050262207,-0.46218041352072825,0.43475524699106194,-0.4990242073646962,0.7175661540874965,0.6693743392132915,2.207567151492915,3.2491065841426297,3.0823058103974996,2.32605100539432,1.845802657704144,-0.5144711463097634,-0.3378415081388747,2.4679117170218428,1.5584207027154615,-0.6939789475863071,-0.7660102650904045,-0.6542604918243832,-1.241786479096795,-0.14785331934251095,-0.43269424340179247,-1.1350993081211898
2.693037451544833,-0.640073184934892,0.9679642108348205,1.3347571909458398,1.5950072025032158,2.782862086517233,2.0537638982532544,2.233032133407066,2.610152475492821,2.4357213906791215,3.102829163552429,-0.6972120253488521,0.29414827593002296,1.1107384127210955,1.75331187347631,0.2523981131847899,-0.005811417782329196,-2.720285380547871,-0.5545798019098601,-0.5166288524411314,-0.0848481975859918,-0.7943299494433692
4.302938427501286,1.426418309174617,1.0282646992031326,2.008045828334377,3.0902255644006793,2.9379559700687388,2.551100529052764,2.23670436619699,1.884755630990415,1.1210860547432873,4.885504141960493,-0.5217896122646895,-0.011439832321589946,0.782318122882336,0.6256618469291025,-0.11559253176298634,1.037050638254121,-0.8544898900569176,-0.12288266984122218,-0.5079690296765129,-0.5585108999924163,-0.9006843875178373
4.779797609901439,3.3209904116621014,2.764489666045183,3.0596764118648774,3.23518388354937,3.5671149033176137,2.9189013491555786,1.8544557059633202,1.025203290048814,0.47658124667430973,4.865972548030291,0.11339167331294667,0.012067699697640854,0.45226232499822683,0.9998168736813268,0.3188716508786775,0.49292763343935037,-0.1546345659447304,-0.10378596151279412,0.14659350656551165,-0.755292969311507,-0.8243944789722449
4.604713725358703,4.2966207622299235,3.590894217391545,3.564602130157049,3.8503676504309508,3.2728293520020073,1.304180929056654,1.8133882401220474,0.5683897430232195,1.6198989450488066,4.276052403543748,0.7972267902393849,-0.5787985022680285,0.3573634915494611,0.45730563543090735,-0.21185711032931526,0.7697072378430848,0.7035802262352455,0.27178907236396643,-0.09118570995300311,-1.2031689213896406,0.21698910902510055
4.137027866204882,4.91114563045328,3.7639132614581596,3.5081956909024004,3.552175136341551,1.900580252568885,0.4668071879846592,0.06587664134458096,0.22513769536834483,1.470143257675324,2.391850656238143,0.8313932238068882,-0.5578817330797017,0.8433481579720326,0.7421174109522084,0.3405455353282429,0.2188646434038209,0.5601273773825217,-0.011955519696763211,-0.007655959194921496,-1.1118075759184014,-0.6163084014779876
3.715084617408334,4.518315002109731,3.989386235655332,3.4290721752900106,2.978373025531619,0.6485198665100101,0.9343741826799361,0.05695705283775494,1.1364043466375657,3.6156652929606006,3.1727953453908264,-0.1282574877472689,-0.6103482522277767,-0.038070658860323105,0.8090017764323364,1.1034276135153274,-0.48868507820720336,0.37065428912864035,0.23018109445473192,0.060974532008239726,-0.5023429135263726,-0.7503051128770227
3.9496986373626544,4.529238208731211,3.9468705484861446,3.2641300544895278,2.0397502667848113,0.8989776534958948,0.14610862106638164,0.2230471822004891,1.3219866469712562,3.0866516439925253,2.0453096461559075,0.6866769360448552,0.7071096534372058,-0.1432480373753149,0.345101830611571,1.58722664871118,0.10254972921555063,0.42585049563181737,0.5719010093708479,-0.13833607498276723,-0.14842542458818872,-0.6623606739630855
4.265052027465677,4.469938461712737,3.808377912264634,3.3187194732321217,1.6986441410422977,0.3909961053779922,0.3116766899154664,0.8258044351586268,1.435098289879429,1.380168043761782,1.7752467015580078,0.27241064015754224,1.8361180847637155,-0.6185873541515043,1.2294367812266507,1.686267492673119,0.14845759709873926,0.27273189947638615,0.4385335720973197,-0.07825129237966329,-0.7465042667357498,-0.8242062573176812
4.886800510407183,4.607803241706994,3.8319981723609784,2.6537012048377124,1.7606894293679336,0.3997901666527324,0.47552144634750115,1.3908141633589561,1.2021850769846327,1.0808409007338022,1.270523551800593,0.48964823082653824,2.1944533885807953,-1.844796365969565,0.7031899374207692,1.231363191221194,-0.6239391137101652,0.87234731648175,0.42117716084691526,0.6589233225746753,-0.7632557249543841,-1.4011775453564899
5.1160860919036715,4.541919004759764,3.8324254920208585,3.302597410560818,1.8724765061110544,0.568188717806448,0.447238083021455,1.9013449873587076,1.671896184169353,1.8228586102518385,0.7469277842217777,3.6044246611225104,0.2235349793421354,-1.0941033187381837,-0.6160464212372047,0.908057342187532,0.5727068502018225,1.4504658417167813,0.9464073949814144,1.3459472105776655,-0.5304866681635994,-1.21489854524704
4.802919323227413,4.632827436508223,2.814938018269925,3.756817399956742,1.7531837305476428,-0.0850531815944636,1.2340204459746975,2.1462121843178967,1.907592195422774,2.954471363949819,-1.1335213677214064,0.584294483172914,-1.5352031660122485,-0.4300719560303574,-0.6930334114474451,1.328533975972248,-0.39872143383225467,0.7020030430831788,0.46695696609939535,0.23486750185687585,-0.6350934564139887,-1.8912415671727996
4.736892049476907,4.380153284986677,3.1964078180476294,3.742534224207504,2.2560366894737585,0.26675334288227703,1.4122662686659806,1.178387951499038,-0.4160622759005725,1.4652204071114152,-0.8345819662021313,-0.6463097731709964,-0.9125923152547147,-0.2147036625955425,0.4859831658084631,1.1693004097299888,-1.3743056290179612,0.24295889868244616,-0.19847672934420163,-1.8094538204745374,-1.7349268244384917,-2.53005271284113
4.66996360757172,3.9130399839875256,3.7398311761563985,3.667397838247803,1.159190570631389,0.9633704588472587,2.0977037410516117,0.5299412993068978,-1.1467881105554394,1.9105073750675436,0.7778275637926401,-0.396811075207931,0.43481638224899044,-0.6119026307622859,-1.9052194989458147,1.3521865861348263,-1.4046151221798677,-1.4584882697785222,-1.9977875627028685,-2.601869330225512,-1.8688623217017861,-3.220680381380465
4.13586409314894,3.6208254145245395,3.667633873722738,1.917326757105327,1.4397117885325617,1.8727582183912517,1.9596679860979207,0.6888315208706629,-2.055554121974869,0.9264537474129105,0.488700201087902,-0.2261442053780901,-0.14820816478804985,-1.0070585137862507,0.05653108197307028,-1.626797696588865,-2.4092573685660064,-2.2166828305651123,-1.923154234075836,-2.12776844539742,-3.2640809409393063,-4.007513574451284
4.119935656511037,3.315202751796097,3.562354950280097,0.4791767988804565,0.6379488463796259,0.9836356844792641,0.9899813153170796,-0.10327254053094514,-1.6688922752836082,-1.2838300346423868,1.7243714312292202,-0.06352432895433656,-1.864001797450029,-1.8959784924709906,-2.217105683156856,-2.2758190822241895,-1.4886438214985946,-3.188335385790245,-2.275719677766943,-2.8310710125988656,-3.8930751384441455,-4.019351178906333
3.966331701804779,3.4312176699895796,3.3311976148390765,-0.2000479079499318,0.4550457755264029,1.2585674809867402,1.5120827566557835,-1.9993040287340886,-4.412111865111098,-0.8675606015443611,0.6871553223702017,-2.604295304205112,-2.0151901716466765,-2.5038432426019135,-2.7351709097969605,-1.0166863041958067,-2.148098743355239,-2.9725239204302274,-3.1839553854422933,-3.570386404135176,-4.252785988491761,-2.865473699951369
3.861794454825922,3.3824400246985658,1.8530953350080068,-0.566883997661413,0.15983102377297273,0.671494482110902,1.3643762108591049,1.4640353954614556,-1.8173704014651704,-0.8059662427971824,-0.8420677312866309,-2.2497676555455257,-2.9997264467111093,-1.0320160671961833,-0.9728433830805743,-2.2111609691202365,-3.3733969351179125,-3.807473285991228,-4.146428363323746,-3.811550818319655,-3.8050742855346456,-1.5763499072825453
3.8332689408676264,2.4586330696958663,-0.4919896967382348,-1.2681339442379342,-0.8353935314059917,1.1583139059299117,1.0063220705199696,2.161172573860259,-1.3720852816793714,-1.7075814782964474,-1.3984389578381766,-2.052215170387869,-1.2798170387904597,-1.4627559208018164,-1.4754332319344137,-1.3737120517750827,-2.7242770594685943,-4.638031155536931,-1.8521776091365583,-1.4702174224086424,-0.5427775309987937,-1.204686880584331
3.073166278896598,1.8292981020893602,-1.7235846709624907,-2.599204587129681,-1.5579994287027226,0.6476911299707305,0.6050023025665298,0.20443012274362193,-0.817282404613998,-1.089332426162015,-1.1638170215027277,-1.166032882950623,-1.2116099919688739,-0.8304979553716137,-0.8715589759303999,-1.1117255309127656,-2.3257639885261976,-2.038478737546905,-0.7248605233988349,-0.7147120950532625,-1.264520463272562,-0.7810769490160467
0.8275689881867809,0.01383957767758329,-1.009263127497043,-0.6073235165667864,-1.0076133593026493,0.9091707525391767,-0.22416499660780945,-0.048281446288838355,-1.2381892868444069,-0.5128618718909486,-0.5885082059334972,-1.0831415730089395,-1.3890958918780718,-1.617899570845512,-1.2307777893670608,-1.2371463847605044,-0.7660283815848241,-0.41050042365726214,-0.8742784645187832,-0.6918498732005959,-0.8726220986340553,-0.5225731209312868
-0.2379790069168083,0.0810971506127039,-0.6015191997931826,-0.6382059622269255,0.31569467325595424,0.5550960209832867,-0.9367928867947877,0.035289608545499444,-0.18524102403440773,-0.7846583614926099,-0.6491363449283489,-1.023448334534509,-1.0723536429262668,-0.7609296091677993,-1.0360086536371607,-0.7598724198720316,-0.7687637277364692,-0.6410192945201538,-0.6691677621867144,-0.4411318585873993,-0.383537350283249,-0.6430890978468976
