script/wind250m.json
{"header": {"parameterCategory": 2, "parameterNumber": 2, "lo1": 6.000198445256149, "la1": 58.999992894266676, "dx": 0.5, "dy": 0.25, "nx": 22, "ny": 24, "refTime": "2024-02-08T08:00:00.000Z"}, "data":
[rows 0 to 23 of 24, columns 0 to 21 of 22]
10.068371069539277,1.8389356585451364,5.484769385214583,11.477344826381936,6.77301503944551,-2.2866622430829873,7.938448548548108,2.281131116332615,12.82187256577315,3.0561182872220902,-1.3322820875854409,10.940704963053614,7.390319178211085,-3.8672081473321036,-3.0618136443454933,5.3440485268244355,4.26633990767894,6.523119221768411,-0.2801332138079651,8.764464028982411,6.8262496534167685,-3.9557944174486046
-7.466858859687424,7.182915117377123,7.088978661936659,-4.158886504363062,-0.12023580355372948,13.919183846154217,9.070210411603227,11.958540102280844,8.918747652454329,-4.51512812410727,9.803173946580285,0.04429210190095512,8.187899285149708,5.459408219999383,-4.993969975936828,5.089070520100058,11.54970833923259,11.049789848490663,11.126598604110333,7.057447830423826,6.104993537101237,-3.9546625387862795
2.679482503983776,13.813622292655467,1.8951199561412535,2.5251772212429002,10.251821549963514,-7.372180780487872,-6.182967048207739,1.8165270498863901,2.643352310285085,7.241344725442236,1.2578592767536612,11.6770679526776,-5.608935647128318,12.252661046706404,6.0050428226994805,-3.7237923538943343,0.6103735587383013,10.381627542099382,10.300329710522433,2.428569735855674,-2.99050818836317,5.931022883765467
7.555805111371583,13.289595715752174,7.56097122408471,10.246167372566308,2.5052475036924617,10.811769969432769,6.17076393220277,5.502378726957516,7.888069194128396,6.032456276148552,0.951589950637469,-3.598451272750124,-1.4164350726128039,3.260028988680645,13.256339355383812,3.6508320976822692,9.535068047685618,12.62418117666756,0.9461867540660428,7.0843746898379845,6.5670310997206585,3.146628199075932
4.084552584897643,9.766287710899435,-3.1698579330212144,7.4264526410081695,-4.644892886438769,8.829398860679492,5.3832691256294725,-5.043223068692746,5.480831395082437,4.498709282090494,9.446181189654938,11.063907628732874,13.037603594707406,-1.35679341959159,-5.589886596776188,8.496190041159084,3.2841519226317804,8.939739011381365,3.5656357604264204,-1.598375804305712,-2.1587815688215564,7.671375399945779
7.44858685342377,10.337136352696806,-1.456630873481641,9.734588932199221,4.2346346448568175,3.753161603367391,12.640665598040002,10.118387448280792,0.6259283302761194,5.688916493070895,7.9276192745583005,11.109315051475052,13.704823213839969,-5.723610806834871,-4.168958299183067,-4.610802944983777,-2.523443576449013,5.7903599779779364,8.432654746446358,-3.127652812892377,11.42311757840996,-4.601299812032853
11.090929719048736,8.43998778656859,13.287790362316121,11.975001898691461,12.656822656415299,-2.792561595217553,0.8166658268536664,7.588634608921969,6.1096100975292655,6.6020379277561085,4.4086666514998525,8.57245875364204,3.5061866440587486,1.684516055565889,11.8823049720571,6.363484908442732,-7.299910520181932,10.810720633238157,4.476619405332011,8.655852586268443,5.906263864403633,12.220732981277902
3.3503390752996247,-4.517729694331116,10.364378141889857,6.975978282604145,5.171352375380654,5.532556333091652,-3.8538610924219094,13.979553393888427,8.706786180357412,9.08768179300813,4.276843930238982,12.237030496338352,6.181734585986151,8.832529128332151,1.6114900741689868,12.84542042612907,8.980884670283329,6.587557904843466,-1.7147211865595693,11.948531489385196,13.203506601609204,1.5125285718576778
12.024518353721728,7.289700266416045,7.528920998049232,7.679306848465077,-5.8991402707414275,5.478964041153452,0.0517159572394036,13.3988203046592,0.9625816123088566,1.6034353101381735,10.178346257257152,2.83839330268409,7.754084034002079,3.6291632966680587,4.566211632006776,12.170815926998836,10.136836177138058,7.5019113566389395,10.197550948086612,4.984954667553675,5.553858920181521,6.7502750257243695
-2.4310179247351975,7.409088298675693,-3.296468212183514,12.714517808918815,13.374504236229795,2.5266563850075134,8.967458832343102,-5.275191917974099,-2.625488698086237,-6.921986240943087,3.915302999566598,3.7093245038357145,0.3510061615251451,12.835043096144732,5.643598281485299,8.905210914579895,5.372220116690398,14.479927378635608,-3.394980530785765,-4.999772477747482,5.172584825006294,0.01621903922621928
0.6836052904534159,-4.192216637277227,11.230683572457757,6.00590124085627,-3.9051532691649538,5.761367825936925,-5.321079012740969,8.898698127480602,6.163319596792262,-5.691755281201671,5.39482801244702,7.830129057526892,6.470186038341077,6.888394884845292,4.407355157210862,-5.503879333447492,9.893321597324485,-5.790656960838651,11.025451447507248,13.026375378158955,9.02639546891836,3.1327823176225085
12.006423431285716,10.20054319758921,12.383448077917928,8.538479197375935,-1.063857388600018,6.303616141785105,13.120412269232183,-3.943071505076283,10.47871095276225,10.213404256660931,13.941606149273067,-3.8030046264995834,-3.0644135222889095,10.530196360630988,9.884320995668597,-2.92631571748325,11.51114267357012,1.6970676641484017,6.621924871194024,0.311570899863998,6.717894023424585,12.479903385877268
-6.354463785023267,-2.9625893521603195,5.5256687061860585,10.380951444635109,-5.4582334478704775,7.585987326877191,10.018413881937473,12.561371980942623,6.665087608574334,12.968562740045952,-6.739409241476362,6.733183285937952,4.578407600613362,5.171037794461085,3.3387502617939617,6.566693376081196,9.868093026460409,9.394322507239686,6.313427639152444,1.8255237826531276,-4.349104635526429,4.769094358796629
3.8384209384890724,11.470058104136056,4.348700774066814,11.425779334430729,6.480659422023457,13.224520458922333,1.5186757652221639,13.299568604642936,8.420283600230034,6.773402441318505,-4.075984918719271,-5.79321689459179,13.098830433341323,13.077576964952584,8.579452280057819,-1.8869662063479336,10.900491137603773,-5.011374326292514,3.2508910928110235,6.600055026802007,10.798802672435937,-3.6492286871508304
-3.991187372689628,-4.860871345000087,12.247716514865289,-4.88069333061686,-4.808372564231141,7.343671534764726,11.64065455270734,9.97690703058878,5.621130552324907,-4.172778165688869,7.943939769357143,7.5182880017660585,0.8799149450383975,1.6692605192615662,-4.276219677203338,-3.6472552506180724,7.025194923494232,-1.8196979582357031,-4.324105322854215,2.440855601108275,4.61866198515878,-5.384098782169002
6.092410801287091,3.712351659779862,12.060534467393062,5.3138293405368495,8.95783012264058,-5.2949881586374055,5.42162434729096,6.789117559816581,-6.122905949726373,12.67263417304943,5.181512870684326,10.28143617700455,3.280422087775139,-0.8099264963800767,12.649367986678287,-5.062490236985003,1.191052355555824,9.72488756494257,-4.053659227856691,5.563576108855382,1.9493671259729433,0.7893194934550547
13.347746525884256,7.455392430496328,12.463692372387026,2.7432299542844767,-5.072453989505198,13.033015354456271,2.1899574377557447,7.809010243257016,8.835999793615958,-2.696472656727439,0.34243884662832924,9.29561215578884,5.609245579841048,-4.6018198163243635,-3.085913986072767,-6.934408276494703,-5.775659725944158,-6.896423850075563,12.342675284932861,9.317280182881136,-5.694471922347427,12.731206241301242
7.388360528593895,-0.5285227544676574,7.800226728078247,7.618669100494611,10.91263046504688,-3.429487776484528,11.05288354067763,10.14785832336739,11.962191364162434,11.705491337813976,8.660450042723234,-5.610099337543242,0.27402111555911424,1.3034028559960884,9.0962470414963,8.550653466075739,7.308601780514397,8.763733167698213,-6.052399528210486,2.0010244314207712,5.98837054685738,5.596781846331967
-3.230144743371472,3.5570997994929696,-5.528127112038659,7.275103751682632,3.35813423935171,6.45567128581304,3.3791648425019414,-2.9992497321916036,3.7110944606772116,5.72244250838409,-0.28586981385436144,11.600850247815188,-5.715459642046938,6.097086017018861,9.572396659026467,7.539312904881266,11.463032790943627,10.07159754264432,1.638068654246755,-4.329975901562572,12.17875960077724,11.378239164982906
1.9611518170887716,1.6151307737026754,5.532280023599584,5.44367865462078,4.315393042461385,5.872418487664493,9.692227625250949,6.312985522627526,-5.414045592530019,-3.1965653774487452,2.6736487421976247,13.152073217076373,-2.917608470331109,10.592846097763056,2.3685933436441196,7.287387136001497,8.823989519890366,5.649998181466186,-1.8109967856389046,7.4459093030259185,4.429584539221257,13.170158847221478
9.275463974547824,4.472149995017971,7.607452429157572,-3.288423014528397,-6.529257772989569,5.466897147797441,9.514414228530823,10.098244221598174,10.406600613351607,2.1893264184679992,-0.23408729374649437,-3.5887048905692724,1.7633636833546424,4.583839873054399,9.424627262150135,8.452437899610524,10.514742960578324,-2.5865399623796637,0.1204429017855863,3.2728337015375146,-3.7235083753786054,9.729501585570674
6.257106329105328,-3.559850228929425,6.452469312512896,-5.319148967652581,-1.2747572681713824,3.8059682500041188,9.215796161074083,-1.5463019484915053,9.467708295470265,7.799456852633135,13.150804296454323,2.9750533674777073,-5.441962718805695,8.809567929780293,7.594958639172071,3.527066180918496,8.898133786499116,8.326440572243598,12.891286183242912,7.330628805956012,6.30415677475093,-3.6607231288606528
9.586412570456604,-2.4159745348183335,4.2098688651290335,-7.078009889971746,7.603284431782051,3.768014865285831,-5.678109636526601,1.858116090574688,-3.363257310762792,3.7545830050117095,-5.816776266957872,9.160419336836059,10.164293469840675,-5.56799385364293,2.0163553124400044,6.719617996907906,6.752423240871328,8.080526257863815,-1.7187687009426553,12.488762011237277,6.883179790299176,11.760744131113631
3.0844022988105615,4.622490500935455,-5.759859202762974,-5.078298406268728,-0.783550139271874,2.661765961379012,12.990020311698716,-1.5770099094819439,8.592299120385736,-0.5776717772242098,-4.65952735340476,-4.491343636073916,11.104183374702089,-3.8352993192252045,3.2292487847100557,12.416776076997929,1.9395516083320155,10.402125621394937,4.540620303649934,-4.185264056440508,2.7177178750312025,10.0372975383091
