script/wind10m.json
{"header": {"parameterCategory": 2, "parameterNumber": 3, "lo1": 6.000027932988019, "la1": 58.9999434238085, "dx": 0.5, "dy": 0.25, "nx": 22, "ny": 24, "refTime": "2024-05-16T13:00:00.000Z"}, "data":
[rows 0 to 23 of 24, columns 0 to 21 of 22]
2.3516704478774955,5.68331896324515,3.944854033184356,1.5617989385598199,2.0248298943775986,2.0918240968847055,1.7808463366423466,2.2380549893976025,1.7792252261972126,-1.9050896424003612,-1.8264984340762673,1.090213810101519,1.0010645925848876,0.8377694220537067,0.788123198218515,-2.609853844556133,2.149324674107914,2.1985060756246337,2.072143564876075,2.3569839560620776,2.8861240581536576,3.1248659234792573
3.8259629115251164,2.6794364688642087,2.3008483315255517,1.0466046511042824,1.163864362539459,1.7019258242856976,1.7039180020487492,-2.472536237718951,-2.4637459385799345,-3.561719439560508,-4.060845748882045,0.8976605336572839,0.2773702787086839,-1.2910040942319847,-1.5079781411434763,1.778001008845289,1.5312077964329105,1.9461915837308625,1.5309678079147735,2.3252377447687387,2.346932975420209,2.6954406679647116
2.212395587632302,2.077903030636454,1.326120111635759,0.682143549655671,1.10054109102057,1.4469998702991864,-3.4841449395112076,-2.0407505290679606,-2.3817238924899318,-3.350949945222755,-3.6727976635857833,0.9762327196930768,0.02272232078204991,-0.14140476092927534,1.4462237123495187,1.2864785016906617,1.1375466001857015,0.11099663122415904,2.4088158710162917,2.0654518911218087,2.993764349249854,3.3954882154136037
3.9681027156690885,2.1311479623083716,1.3227176296076828,1.0133286225890477,1.0241102894031824,-2.5992875353095632,-0.5968298071120268,-1.5683068378240883,-2.6108075959683057,-2.6896930198821845,-2.3768015191169347,1.4945444369590264,0.8068142763400591,0.26281303227190245,1.0943199893090083,1.8383071143788172,1.1546321367952204,2.241452186736839,2.1875748568012234,2.6731011801855704,2.2974370975378227,2.8318502550199907
1.993843512167528,1.6714596433271516,0.33826656016241236,-0.4776282561258205,-2.9564191121467642,-0.9077342280743853,0.2648778129380725,0.05210684732718184,-1.2290830107710087,-2.162704108758206,-1.7863214856294898,2.2895406149115622,1.1444933744856127,1.0993337541028443,1.3185853854222997,1.414099532038592,1.6503461321128499,2.289277423441293,1.6568822598931352,2.344341513045986,2.1711974537440244,3.1513280530460293
-0.377134760617623,-1.522280621053092,-2.7803175696767117,-2.0400238392832954,-1.6024193406488438,-1.1747551454993113,-0.5611641213859411,0.020291126504906894,1.1273238083259423,2.559527851595248,-0.5608543220228055,-0.7118475225627522,2.557697561707147,1.9065559471779854,1.7164430394998256,1.9903549341050109,1.8531613192489107,2.0013897436233683,1.8803548807771902,2.2646469292928035,2.6085848133878686,2.5340990146516913
-1.8239547147410418,-2.3787435358061306,-1.0828155927693277,-1.3894595949642943,-1.7059455348305614,-1.7209616323337393,0.5039997582216341,3.179022110952057,4.051462094989196,2.131996863347402,2.256801406322804,0.9492325949756121,1.9291706773346136,1.8533028596185321,1.8986949997444291,1.9589172713085703,2.073727349806217,2.0618018844827666,2.120023714264435,2.2572186846321864,2.6193346997502527,2.3709852865590157
-0.6380202007927211,-0.8089279335630923,-1.3312906377694975,-1.620933701153635,-1.3952596235931467,-0.6906638516006837,1.422318908088678,4.34572805370946,3.818132646453103,3.334116530794111,4.44151413584217,6.231265618134829,4.432283990503418,1.80636552417249,1.6479032939861809,2.0309463218537314,2.293543125130849,1.7913815528448234,2.095371364941138,2.043982337447343,2.492022658242529,1.9274562641084139
-0.6571435141625234,-1.0621906996473274,-1.925367971182709,-2.4775064906801716,-0.2726607974841229,0.6580992742081295,1.7257338156506086,2.843743254791654,2.753127582422472,1.858081244671597,3.0186108609381113,4.905952872816335,6.248973270816721,2.3503802390298776,1.4456520124813397,1.4752096029483968,2.093321268963291,2.0218576080834345,1.6952547707784156,1.6348797425947634,2.485940249363224,3.2898924941154166
-0.031850879467048954,-1.097337899781533,-0.6486349472864801,0.07080600279320219,1.7953445822734635,2.5435374655871708,2.381600908871195,1.654902141137395,2.0507246240849173,1.7441807139874828,2.9391466151827785,2.9646831829950027,2.633857379440849,6.174700302594698,2.3585326900758528,2.1064210848628337,2.2317860321939573,2.296446797293836,1.7973008038117622,1.7995037292866172,2.1971560671540664,3.670491260022535
-0.2749542243903197,-0.3993611211250567,-1.537830575638566,-0.9013871891854536,1.5901762656291867,1.5956147248870176,2.1064138727286283,2.5501471936875655,2.5875930835628167,2.924647113945342,1.5906124811670137,2.772919002438533,4.763781294464563,1.985692664928946,2.9981326312795664,2.494646107057396,2.049720028517396,1.8513133692275288,1.643908956504652,1.469465270405828,1.381256593797882,2.52518209715435
-0.7274294584398948,-0.941204654867869,-0.5466163889219152,1.14731069790864,2.7617511728528337,1.1255463790638538,2.0986779767889883,2.78724387160626,3.1740551695045225,2.2688632913012063,-0.31664631419363487,1.170016856930427,4.383435999150856,2.8807604420313,2.0892235758614794,1.8346519432401058,2.3187708719841074,2.3864685789716793,1.4115330522635756,0.8133324440004636,0.8142751940462274,0.1188779344616713
-0.8207438713941683,-0.758088547914357,-0.8702053974715794,-0.59969873969058,1.1012727480474154,1.8066761680284766,1.4188944731320814,1.8226318971307238,2.306615472357953,2.284486028083073,3.7561605222590564,2.7318719370668836,2.418648217874839,2.3495172470032326,2.3872024648742505,1.0685706724018085,1.2138574542798837,1.0775370509641582,-0.46656800462102593,-0.3492599882162188,-0.6170660149071571,-0.7613951920499311
-0.9023563948830005,-1.0639358414855862,-2.1332107648069476,-1.880060760363755,0.5257631820384937,0.8955228411865565,1.32035050554138,1.4725423875210648,1.8105741981156067,2.424726275852336,3.7349290820248644,3.778583797193661,2.8501211925728005,1.5785248235143499,1.2742614554885343,0.7894947862073253,0.21139862286711694,-0.7579916034292732,-0.45460356118452894,-0.35445288671803965,-0.026838648017781998,-0.3685936413072685
-0.6974146626909534,-1.3645534775509023,0.1688372908464034,0.4971378514746016,1.3990457860520233,1.5701641813488039,1.8009225243336793,1.6426852954019102,1.3784764997414582,3.448252089021525,2.634943752550781,2.042329279460565,2.9326904119402064,2.0462003103791235,1.8412206654445793,0.8318395487704977,-0.030055760672306194,-0.9527315836742765,-0.44260910299934453,0.19911485472341206,0.0698534353627955,-0.037034045905650945
-1.4374736778033999,-1.3527776287390008,-1.380857644443685,-1.6789762035367524,-0.681802728796116,1.3423216712131638,1.872650366744859,0.9040658188610016,1.1080736760370162,1.7259702671157247,3.292175193042215,1.9800437633960555,1.8798834944526641,-0.604369538536456,-2.5106358843768306,-3.0300796483231123,-3.6103722713815043,-2.239898968942783,-1.0950123780133276,-0.783314892036496,0.20482483737028143,0.7544591756875404
-1.6135739756739766,-1.6140383629734014,-2.121006750371283,-1.7710153563459041,-0.04356479343272312,1.2132932717261689,0.5750984030490367,0.09680330069215551,-0.9346968793315924,-1.206453657231524,-0.1779740114054065,1.4801617627944232,-0.23154463693362326,-0.16493577780766577,-2.247287206954596,-2.341280253039772,-1.040802595228736,-0.966490559340402,-2.000870085851473,-1.828424995052209,-1.3238199129199935,-0.4295278217884383
-1.8861652014734207,-2.3014935172701576,-2.2880281365072053,-2.2644759592283097,-1.7752680679952006,0.7782094334295847,0.9130508462516801,1.3148587112693466,0.37090257977152136,-0.20644901041651323,-0.48796166236142646,0.13026100682367947,-1.9133279729811572,-1.1519999153977445,-0.6918050217165587,-1.871369386835396,-2.49939868148666,-3.0648409507714285,-2.61499104126341,-2.2067850825357236,-2.1668346648841177,-2.251458895979731
-1.5196311549121708,-1.735266714494228,-2.3757279443507,-2.7859958702408942,-3.3700546355406478,-0.9364064799512674,-0.10214494493560221,-0.6494021943394792,-0.2175132443631831,-1.8496926915244731,-0.639234604243618,-1.7557916987778703,-2.9323183107153,-2.5829908473284244,-0.23267460346285515,-0.3575700633982836,-1.7326185263049507,-2.118991746075537,-2.203235299694141,-2.2199410675455353,1.0086667980717334,2.353172838870144
-2.3036490881174476,-2.2370199649651723,-2.7747067035251565,-3.5654402137471966,-0.9545987640413653,0.38074131858081345,0.8974751193739015,1.1804269588739351,1.182404000078182,-0.07260240352755291,-1.5801022929353585,-3.6357096041738055,-0.8647310051329808,0.9824417891287431,0.12215540156760835,-1.1840186490808378,-1.6633395805871893,-2.0933798228712397,-2.335409341978086,2.8594217587101416,4.101861357465882,3.468222741878177
-2.3760065941025785,-2.961615835836585,-2.765504297869638,-1.227366789614764,0.7916662442817903,1.939693066339973,2.249106509072111,1.9576633813161948,1.1853910991033718,-0.804216620454423,0.5638926160324893,1.9114484658899582,1.6428202578803455,2.1946139946493783,0.8693706032800979,1.5577984069100255,-0.8766504356700354,2.9380202176171393,2.3425854742328287,3.507841140602332,3.3445077096484157,2.4870801793476405
-2.1837289121271035,-1.6698601600079812,-2.638927487000365,2.2201605050783297,2.1027553751855903,3.90894822113119,2.9056957439435225,1.750803313495088,1.301632150557034,2.575358369108862,1.4288309142079072,1.8839384441070475,1.6504067812537115,1.9967685975725076,1.8617276026565759,2.068491400327749,2.2326600142463686,3.877852641826289,2.4733546769032806,2.448393234979196,3.034492612307066,2.7915413921261742
-1.2989317942712661,4.96318574387135,5.785082653111883,3.154862164698426,3.4132288499252845,3.9583630892277366,3.2472707184768765,2.719855997177357,3.8233797872910964,1.7802000560495985,2.7843552170277084,2.5303562034614036,2.2950619459521975,1.9386824754122192,2.644702313191435,2.7988212947643714,2.1673515701563315,1.8377992966131016,3.314243903704627,1.9677304300279659,2.2863956459696118,2.461062577101522
5.618808168486402,4.959479362898762,4.756256640088821,6.091175192328367,2.930166624788091,3.595675220175277,2.67420178704437,2.5915818189513837,2.5387249483755845,2.6186261842998175,2.320595829982736,2.3942947147724523,3.2584416315505553,2.098021123968049,2.1940147843366646,2.542455658114326,3.283859340166502,2.2099725954476357,3.007099808527695,2.162517629142381,1.7928309985792683,2.785936466821096
