script/wind150m.json
{"header": {"parameterCategory": 2, "parameterNumber": 2, "lo1": 6.000198445256149, "la1": 58.999992894266676, "dx": 0.5, "dy": 0.25, "nx": 22, "ny": 24, "refTime": "2024-03-26T02:00:00.000Z"}, "data":
[rows 0 to 23 of 24, columns 0 to 21 of 22]
-2.402049117308402,4.043844651004623,-8.70361210469862,-0.4120300183999045,1.0280583303871822,-1.8168171498382257,1.174877097522968,1.3473884478415648,-1.7083418286305936,0.6280967364431531,1.7574619134883465,-1.2215372499932171,5.262984819104513,-3.4111873004027156,-5.550244062015191,-0.07572410379465129,-2.877588991892542,-0.27372233684183156,1.1174007289601087,-2.019774806533794,3.0518443286217347,5.49239901945694
2.1198349189012213,-6.197577256767467,2.945495990760905,2.426579073588677,-6.4676507855233485,-3.833103747945806,3.6657328969463836,-3.070642621606387,0.27383670986808184,2.742743323957337,-2.564109613513792,-6.65948865283449,-5.960111617916679,-8.518344074687166,5.820781421442415,-7.9883375106627845,-2.0233628790069633,-1.3116731590413875,2.389985648110049,2.5353959747201955,-0.5346069879401096,1.0040272668163521
1.0187144889866229,4.512326571874909,-0.4660687924357534,2.9230697828629726,1.9063414243622727,0.9505983664890997,-4.075114746197198,0.3196639568637561,-3.461415295079999,2.9010210991769694,3.2488175363738936,-6.578959297936922,-0.5061636541876832,4.469913474742508,-3.3297515952831906,0.5574821363184914,-0.8632718406507106,3.683095727324313,-3.5521900228959935,-3.0997000971896647,5.505493705691872,-0.4724749160045911
3.3297782196934262,-2.925952042264839,3.420364634089295,-1.2395259052797958,0.9734828004937387,1.274897745454465,0.05590806645938377,4.165805569287862,4.16368101428927,-0.18204581549339052,0.49805717552505446,1.6961422939941115,1.8718688169703408,1.6460015336424678,3.157032170194691,3.7034529788692585,1.4893896268925026,1.6029718321512905,-0.7324478152586229,4.582308166365177,-1.0009701883954043,0.9076090204936628
2.7841081875752853,-0.3496489642367288,-4.56181400001147,-2.7082455912919774,0.31097299554485125,2.1717757677947995,-2.0632172313597383,-1.2875736198153307,5.852117465197201,1.1176112405501057,0.8306915691358214,-0.003915343993750481,-2.458986101754446,1.0969769355568229,-3.8745848592410814,-0.08527227078004801,-1.625088843316737,-6.873997911428946,3.3352040730802788,1.2429028056891718,-7.528372373291643,-1.5336671261718609
2.4735331336411743,0.3911290374705372,1.93060498518522,1.1853871266979732,-7.193836135062683,-4.8034915930910955,-0.991874017775901,-5.315154928486302,-0.3501021110834911,-0.47477385319495213,-3.340261936420432,4.882297870576335,-0.5364959898636055,6.598278322352352,1.2793763944142795,4.431992833592516,7.390087558521287,3.1541590941577278,-1.504212408955781,5.689362329208225,1.5788239190042808,5.434694375822338
-0.8078810353529654,-2.7934659729001674,1.6431476513580041,-1.5481255763666106,-0.4662366744370538,3.335082500895587,-5.2812888651670065,-7.133820843879422,-4.426439854962019,-3.0105019421439074,0.2863516329250425,0.21291456399801395,3.435519450684422,5.095883436487313,-0.8280682253537698,-5.254196342725879,-2.187342517737579,-7.23245150086101,0.480380191847206,3.4129713850840337,-1.8281538737232867,2.8212467877130445
5.641884718132794,3.4617005241118752,0.7808939561686619,-5.772281329959519,1.2950709403923166,-1.7145728212178584,-0.5769892694260159,-1.6282916550963737,-1.870713845087745,-1.7652301168779063,-2.533584226191741,-4.760531303103222,-1.1950161559122505,0.32834091316809455,3.226105857750991,2.033685001439398,-2.410133267121611,-0.6051178645418479,2.351337153657504,-1.442229253546725,-5.737424846773036,-4.646366809324758
-4.912266552375855,1.4419786688456115,-1.062151443914763,4.034578166958683,2.2915100793025394,-7.628112214779174,2.5946556705247277,1.701107424097019,-6.0833079751597525,-6.489185124154463,1.960963858538239,1.1649589305381098,6.1417495159538635,-1.273493819119948,-1.2292800427125012,3.921709095507984,-2.4081184875906443,0.7889637554193784,4.106048348303999,-2.2257592285192738,-4.303433919083825,3.0499374692540577
-3.7904815153024987,0.14092852151827656,2.490554865600186,4.3842467476686195,-5.495996518433272,-5.085046402966436,0.1731061803050564,3.674072923609277,5.267162859038737,3.2926717080979313,3.2013588377392868,-6.212892835432217,0.6207860373732212,-0.48564915222307076,-5.903157171164955,-0.7291790972916279,-0.707809667311709,2.6149505049442943,6.475626795343286,-3.2515403261245965,4.815459795355085,-6.1904786983325835
0.33212926733846293,6.64366944187677,0.12183390343453915,1.787752710793875,-5.166100139907434,3.303917253519413,0.5467312630279622,0.9461090609122182,-7.912466948382517,0.17644457075612074,3.191791261674331,3.2410787318749597,2.0781881770501704,-8.339947762580364,3.8736553550022244,3.6559826987316755,0.17115367647420077,5.361072403398673,-0.8192861363335191,-2.81805130185893,-2.40439560801306,3.001321184099071
0.8424295547633983,1.9133110098569241,-3.1469698659038152,3.648154970376389,0.2692084054403376,1.1070003767036771,-4.616896367596776,6.688485253647948,-5.590842533119555,-2.9197639444670664,-1.4444433483240857,-5.366622076068119,6.265886159930946,-3.7260466596837625,-1.9015530838852828,-0.09412261759236347,2.8573599865828236,5.42202893939116,-7.787683003612616,-1.3204945509687627,-7.879147236425627,-4.466485575374045
5.339899024782407,-0.666827891297673,-8.01605606034302,0.05236364284716413,4.174044245863017,-1.3034490435671373,-3.211279138423062,4.516318587244675,0.6307483480254668,3.9820866693280896,5.058540531593549,-2.4096318925538807,-6.2614727852074825,-1.3275667298960867,3.0461332361907014,-5.471717749794553,-2.7672978512226556,3.6691213661506783,3.155653378852026,2.0360571029821175,0.8309876047014605,-1.9354618335330673
1.1121316657279128,-4.066285440123323,2.8833743954366184,-1.2009442070627696,-0.9349705851631133,-0.7521942558421639,-7.5896452739471805,1.0926887877714693,1.5346198780795801,1.934110027465784,1.4747940832649054,6.956952519520512,-0.01673220252199614,3.4862726150506926,1.7664010871771747,0.5660845214875919,-2.3618188576087107,-3.940781250823724,-7.423318487205953,-2.4121348839249195,-7.48557728328229,6.890031892328662
5.186492973444256,-4.808170643172168,-7.144538794705997,6.444064695243855,-5.848610155559354,-8.010196856748893,3.0412657237426686,1.3003902678993773,0.5850982768076215,6.438032707642337,-2.7844960386844773,2.2224747530217273,-5.258757839565446,-1.7972498368333465,3.589308471743266,4.718718219806658,1.3350380079602098,0.8909705408469398,-2.0771882882191837,-1.4252729865937297,0.8923446343023026,3.973190062472649
4.228871810251535,-6.6700551755516955,-1.5085198712765482,-1.0418640608907974,2.5262253508160026,4.960303708770493,-5.296857928310402,3.3945267414118105,0.06680837277647216,-4.721050819216543,-4.485508111301525,1.5044970324241649,-0.9161189257169646,-2.866484901962148,1.231350359911953,1.0943620149422597,3.390450875453654,0.4862196765643288,3.4389537229699956,-0.8394627792431604,-5.96829527251986,1.8169544084884766
-5.982940427490604,3.2307335473615475,-4.820760901910017,-1.2064405277296542,-0.5751845697931766,-1.824441368683048,-1.0754711853133816,2.2356052622257647,0.7296760969118526,6.22482269594833,-4.942567252126652,-5.904410489620424,0.863287993294016,2.0801847360353927,1.1622450481249949,-2.1807219941030773,1.9922409569282709,2.8932618614965384,-0.7222440926780453,3.0051786621610406,-4.824407190892145,-0.7975593789510268
-5.347111163317632,5.8474510203554315,-4.165605216424818,-0.5745549407150714,-1.1423525372391392,5.3402329994615565,-0.24460503167294922,1.6320282164502995,-1.8095714063182804,3.361284378571973,-4.4058620452617205,2.80504043215647,-0.7026216205292974,-0.0591647669852545,-0.021197708416138158,1.0995348915771153,3.170877146055563,-1.4400903259952493,4.902548418903862,-1.4033722967642355,-6.661499672412906,0.22187676523148037
-0.1756354789152165,-1.070106405514346,1.1007415466675918,2.7067711307067013,0.8221220456394098,0.9809732882239522,-4.924063085104294,4.5116224331730805,-3.877967465068067,3.6148148944175005,2.139593932111147,1.1787131468027647,-1.31868528553691,3.321584692348361,1.71263628420366,-4.348667856409252,1.7661505015196075,0.17715633779564008,-0.5676108776745926,0.289254371818322,-1.1885663520796874,-7.604542567992022
-4.230539069392078,-2.552370265998822,0.7839376493967567,-0.1438001979197513,-2.631725396447568,3.1277028758037826,-0.713652410370743,-0.8004200271183249,5.058149433342449,2.5681487054908376,2.9094324365464743,-2.342196666897556,-4.935937677598532,1.2806084894083147,-1.4072337838096387,0.06624676780999,2.53845963798048,2.8672043518476746,0.48709917885851484,-4.636489315510776,-0.14086939050183758,4.328913337452007
-2.517692715959471,-1.8954136065599312,-7.8290450382365595,1.587054616099091,1.9076039334053005,2.2838877610889066,-1.0269691736611237,-0.49725122922480497,-6.680666079694804,3.8610024786105153,1.7811044457656047,-4.897399439650286,0.4634775131047853,3.795151636822802,0.9302854018672166,3.58309029314341,-1.6271560991375082,6.8560328043298355,-3.216593943116564,2.121654500327044,2.817825471384769,-3.0307327189127014
-1.8365453896696355,5.142555230046947,0.13191553384064067,-5.02883655319167,6.698875888817645,2.5269351648252325,-0.5072928668514484,4.666358465801606,2.7778567769424787,-0.44301421583096906,-1.3569389714151143,4.575887133797299,0.22423970713449357,5.527676761632955,-2.212616122519359,-7.768374836276923,-4.5836760556805665,0.19152566866892815,-4.67711686312714,4.595939010211351,-2.0656799663585916,0.8724275868474216
4.026978031044154,-2.7717621944207806,-3.385766142662983,3.9875903476867123,-4.638262527898954,3.925034180850543,-0.4317944310396097,0.40168147801360865,6.278915198205504,-3.195903715112133,4.585880509131797,2.964500841366779,3.9559839142955853,2.0729430916486526,2.363556956008924,-2.6068526063394573,-6.281458173005646,0.31584084490342235,3.352114631832363,2.6443975644664364,-1.1447807330523025,3.910417987562244
-2.904638917562909,-0.34310508934553974,0.9520892094366386,1.520397212308256,-4.869629700204814,-3.353518291067282,-1.4017063898107678,3.705810215261157,4.458275007240322,5.250027872015971,3.6327717661167114,0.8352676248576386,2.3820428679403314,-3.3020110372022,3.0567091358176266,3.8467404404072054,3.8256930159351343,0.8076559145565748,-5.408606531896991,-0.9545081876544449,-6.304004694774451,-6.978110001131621
