script/wind250m.json
{"header": {"parameterCategory": 2, "parameterNumber": 2, "lo1": 3.000054539987559, "la1": 64.9999836372058, "dx": 0.5, "dy": 0.25, "nx": 34, "ny": 52, "refTime": "2026-03-08T08:00:00.000Z"}, "data":
[rows 0 to 23 of 52, columns 0 to 33 of 34]
4.793376142251255,5.989034546679846,9.325193756622541,9.598324473150472,9.619991256012103,9.83802355116568,9.950627180643979,9.960447034825426,10.960633989398977,9.931372376650666,10.460395683351326,10.629107924150237,9.384301536285054,8.702215398270448,8.342232850500016,8.384916402912856,6.9508336682222955,6.577828150280424,6.763810450783569,10.875057105938874,10.970396334530673,7.659140938081516,9.884810849430599,13.173241268386478,18.017562164760726,11.257968515871834,12.115574258010232,13.959157824795076,11.29639854238779,9.827603183265298,9.366655910048792,9.66105777009881,9.348732212283634,10.42584669194898
8.304922657779139,8.369497973000833,8.371528993483716,8.808281009729882,8.768942611240723,9.71176198855184,9.835398545618494,10.98266889989571,10.090696609907019,9.955434327743362,10.13356512481641,9.455398733002859,8.882964323993724,8.381187749855176,8.031537303437167,8.676252773383583,9.149331965729536,5.943318936667159,7.856572519383876,12.588554497181685,5.649014282974992,10.776826351416119,6.632115689354423,12.880691761768293,11.176339543075107,8.679298952645803,12.126591939502182,8.70770751943579,10.705173244538916,12.619260391214413,12.610037944468282,8.482094268269286,7.0590275228847466,7.974968443320626
7.301311128999779,7.4441690543525905,7.7273165752727575,7.894412231888651,8.257876983487359,9.509739121565701,10.378027145486765,10.754200274807559,9.962166207275084,9.897280432002667,9.720311532828841,9.220071177655214,8.947721351342526,8.51645692865976,9.24595350320104,10.524992656502933,11.452167562275669,4.265158588428978,2.736052560588221,5.607798396524236,9.316543836910515,9.687324060569505,8.400719412445428,11.344792307149067,10.701918502422874,7.703794570052109,7.074630833822119,10.696947943902426,8.400411922400474,10.61501935594007,12.29378574038393,9.381893249713475,7.464726792988964,6.900224282771283
6.698471180708483,6.860841928358415,7.002736643940501,7.80854268224651,9.180691141904994,9.645421247054719,10.103978364901032,10.2171599031495,10.530257893535502,10.56285735998571,10.516724880378401,9.610378984271087,9.585662751327028,10.49267547028037,7.832942859519997,9.564154809770594,7.083811419660266,8.305071814659852,4.2458612352420655,3.5098252761736983,6.194587123099417,9.076502354043997,9.620358604005231,9.315901390311481,4.215863157282758,4.357884383796478,8.62132256472925,6.493260926377198,7.228077442669181,8.323057440116795,8.391292249387803,9.816762626137061,7.614505760894718,5.953199936890185
6.020775833376742,6.292199442324195,7.455536447106043,8.545052963820524,9.2996975309653,9.393245288364966,10.132909991523094,10.48696369112294,11.563922776806466,11.22383600347863,10.319283714657631,10.377994811923783,10.55568460509131,6.256775412666974,5.90701060647406,6.531412292056288,4.217542989594934,0.5740832394975453,3.612464454014955,5.473100198521298,6.607168788082352,11.122067915207248,3.0675293034890627,6.745246993196152,6.045177234474728,4.4390243545647206,4.255623796881626,3.712915100678778,6.702464247553102,6.164906600407828,7.2218356107224,7.479995306475699,5.4784547004503,5.355602762157333
5.742359284730672,6.354807629711288,7.305517432429712,8.06605634022316,8.467651413348523,9.902071528080365,10.73827036102858,11.055811690878688,11.311483792080008,11.679481407289028,11.64969084822769,10.929134078739397,7.785191186856364,5.352373906540555,3.3236617217026048,5.370132603433747,2.1319757248805313,1.9832345362728239,2.979915596286715,1.6936086617012032,1.9827814869851494,3.442394056937561,3.9525661645946264,2.4363567645447897,3.681322500277522,3.6289951970366974,2.9113980445095335,2.034796247370885,3.5620205599861032,4.755949221596007,5.448363240858021,5.048262791622544,5.507543031494719,5.047599720852152
5.887488253535935,6.552924744120739,7.179466934675904,7.328346238215565,8.69371427653844,9.474881472633545,10.194416971959683,13.518116085234452,13.422865874644431,12.248460746223724,9.574689218191015,6.3665455867377085,2.402436162487054,2.068848001306376,2.0238570294308675,0.3773684605529022,1.0632742903403096,1.7424953423202252,1.3109007944921423,0.9738093469670528,0.6651909493789446,0.6763784393591532,2.1019402738565764,3.186671883479846,1.618240078278378,1.9534639677843082,0.5624726230405462,1.7653772373437324,2.522926566663876,2.093142892419686,2.8010755154763887,2.6106849788181288,3.4916695548900227,5.3983179786376105
5.765075108775857,6.543793129767148,6.558338584660257,7.68343860643252,9.419507839009356,9.629233059712059,11.313530339190795,12.291562597796796,11.677040743725623,6.514808872010731,3.6035836129729732,-0.9986630205732712,-0.7765399005338707,0.293952728150191,-2.2432660122318873,-0.5191906612702658,-0.5189952107770571,-0.29088191571996164,-0.38221339300748003,0.8399009088063147,-0.3024791683895112,0.6175910516633148,2.058086019389223,1.9546160010177174,2.089390754126642,1.6539291532669038,0.3902328057409906,0.10697689908560915,1.9590426098729201,1.7900684218601488,1.1980447040854545,3.0684475062029213,2.584806102438128,2.9994409813952467
5.707404534573451,5.820388584772911,6.31907605467094,7.927815004672681,8.916583166789549,9.80604842653948,10.912676915764779,12.669101230962262,6.654817904291403,3.547396549521721,0.05194336133342185,-2.170763333922864,-2.6740798061925855,-1.6695710843288707,-1.573711752904625,-1.6430609151512983,-3.5558352135810627,-1.722793408790154,0.3215711719571678,-1.6635188987101162,-1.3698312248017532,-1.2661445518679946,0.28713205342590725,0.5390718533977108,0.8007039210967567,0.45715617844440076,0.6400625424435685,2.5922591728994817,2.26538859680236,3.1134138413799204,2.286901250319409,1.9444752578490647,3.0528320637549147,4.018679448457681
5.059292211865619,5.339218884915865,5.972544757645908,6.83911347636552,7.159348496748054,10.081687683435613,10.86541378689121,6.00826821288287,5.460096344536548,-0.669579219930012,-3.2263525400330377,0.7459247271339854,-0.8449752229848928,-0.7365677832391891,-1.0343458000810033,-3.1134037451267154,0.05076814157665378,1.5091376407076507,2.4670494740233484,-0.6579462006597038,-1.2585233188119447,0.7184006778320833,2.323128768993172,-0.23155304465090962,0.7923736214114323,-0.6215357532782344,0.29938349160325234,-0.70815970247453,1.7410079361021635,2.0660892259332004,2.568416769046651,3.8897808590561054,3.6209600578512777,4.693615400902285
4.606068997043101,4.7743422799377715,5.381025055414967,5.603864318143001,8.447250397869787,7.998748277622587,7.72583195939629,3.3793048508340933,0.678468007824393,1.1001496125471348,1.3113425579630362,-3.1456617354434084,-0.7955416847503881,1.1670719753177665,-0.8790019269347231,-0.808602756989677,2.6130493497746703,-0.3663611011230242,1.1491418368810855,2.517616359973551,2.2512114344559686,3.588026846962677,2.0038134575835302,1.439202864239343,1.830555633436026,4.185625469557375,3.9748039132018533,5.5866204285478975,6.091683006134462,6.661807405152997,6.878126613415482,6.8304936513430725,7.2143685770069945,7.472324842758194
3.7609678362969405,4.115847281584251,3.289971960033027,4.957004008473269,7.240847321455668,3.880468661696426,1.365380220322614,0.3156118151079565,-0.3123698872478008,2.423962285491133,-0.538938052786261,1.4551271990709815,0.941178561996394,3.629935543954762,1.0363724830492407,1.4692734126139277,0.42010877888602993,0.747960841559361,2.8531608145454705,4.489655956225781,4.761366073051505,7.218739255156847,2.661960355346687,6.9382220134995976,6.498741138556439,7.6060595434023375,7.879279091702727,6.9886351993792175,8.724908067815658,7.972962777389635,7.435457405204637,7.499985778127807,7.757675424170587,8.444379865693465
2.849893428271515,4.706619403159187,1.7608046651558074,2.3648273838509133,3.9174034590590594,3.4994805229712442,0.9341494959885982,0.6959888640921958,-0.04273579871112245,-1.2212882159140304,0.20070771191950657,1.430428185312595,1.2055235704280522,2.275777965517771,-0.5802168686642234,0.13428865275227264,1.459934480994388,4.83556453558908,5.240605644466207,5.839371055574203,5.360390063365083,8.734900711858534,9.884337080455555,7.683688507084088,11.502804300894,8.384897749469733,7.317906071676179,10.438496081190618,11.557456738492021,10.953357942883255,11.35596288457197,11.51923848397808,12.049750586265388,12.01589634462423
3.2005777073525437,2.585600692202927,0.5623558178012934,1.7645129353811813,0.9056565980546245,2.7176577901178263,8.20481172775894,1.3214337485564844,-1.55264385303629,3.5190755961337223,2.159187083938752,1.9562235773974088,-1.6221660265719495,-2.9243302923978107,1.6372341182004455,1.8809662025203142,3.445025554091861,2.644887194847007,4.22549591648674,7.249237953748154,0.8777712867381624,5.0856386966389575,9.552729368792052,11.167697797833377,6.8905458863714495,11.465648243843711,11.749322211358047,12.3428617944999,9.467459756335627,9.425388511888283,10.644617709692515,12.657660379622234,12.182355719663262,12.154536839817377
3.60408833460506,0.8812315305962655,1.2705405246459134,1.1564682941513107,-0.8363102829382703,0.8598497808935569,-0.3552620081653935,2.59514183504477,-0.8733718101625069,0.9996978103584068,0.0791525383541897,1.7191351909695527,1.6420802534349768,2.176609415510427,5.375520964923822,6.533416578953963,3.033555668009702,4.030410004350203,3.4621399096459737,1.8422864050020331,5.0053149483531625,6.679295869313512,6.640527091845936,9.287157879469792,6.9156906858549645,9.660559237544485,11.392374067413886,13.550741002254515,12.393530658009226,14.633490609527923,14.403928580820217,12.9842694910984,12.625842548689855,11.90185341411122
0.7361234637994526,-0.2650605656707436,2.063761890704509,1.7945260000037482,-1.8782507472433354,-1.8729561396106247,-1.03684033676313,-0.03032098485646048,-1.4057202654362133,-0.5717724939495648,-0.5684485021594387,1.1039411584093404,0.22370608593471825,5.492925381353733,0.6620992961778676,4.709224661063688,10.542108170853803,0.46667545537249916,3.4298328953552097,4.771291269597876,12.80901899808328,4.9004184239140125,2.1507873181314734,8.662611083689324,8.50644154047709,10.54882963798952,14.525175376859789,8.191387381353595,11.897472103860128,10.656526956226749,10.209003456790343,10.05148143316817,9.684255284503402,9.741928283792502
0.3488555106383044,-0.0344219054857949,1.3645483658922146,2.115693676632519,-0.9682949196515253,0.506353490681537,0.49547240337087106,1.067504658913256,-0.8930998902221694,1.1861662518084661,0.6249349544858459,1.8623438760405815,4.97163753071536,1.8491255652871434,1.376711894964244,-1.1541282956723278,2.260102128747525,1.814148125289705,4.102419609734463,2.215179368303097,6.226864136594958,8.965788023789461,8.55032166444067,6.003979025539026,7.92891172893727,8.155998306146952,11.67517244535662,10.018935122937316,9.267750162441505,9.164744641289396,8.318377349948022,9.157199220823934,8.872075341381152,8.630444555886916
-0.6021383480321018,0.8669150317324036,0.9477098891161154,2.163262714828854,-0.6751005172738992,-1.8792006786721562,0.08347587454384293,-0.49927482434851533,2.4307150057853097,2.095184394441965,1.3647130429476708,4.51171194798958,4.041066822663976,7.763762912963649,3.2549432621486494,2.2399862378766366,-0.6813282758948223,1.2055989249354229,2.730085168786504,3.1014596508043364,4.720649302056721,4.583241221242144,5.788040165153443,6.481454169300387,4.358254004602971,5.186621244212025,6.473173991873845,8.10768122714116,8.33565517474622,8.08833385767233,7.242610742609296,7.143168648230719,6.3276911060130026,7.236290673965055
0.1414864648603299,1.560908443593831,1.1255060325201927,1.3304323414507317,-0.056724476393055646,0.47587032173526167,1.4624538687235464,-3.0179452588124507,-6.634313478135354,1.1665543090058774,4.783828955937155,2.789593547881403,5.3186313454663114,2.9207861330712954,-0.8057397150848319,1.3725234212170039,0.24511434249120806,-0.6263169005464762,-0.24847919156339315,0.7090834054097054,1.3638657616413994,3.8093130198740193,4.664580197566631,3.68927043789291,3.78523548714632,4.046376220989467,6.265632189989016,7.8070741595975575,8.038374990985146,7.212983619710838,7.037045667116471,5.443347066798916,6.315034462209304,6.973615074261976
2.5100615371390487,2.005377394570401,1.1688450817540497,1.5048191139054963,0.4330286446653517,-1.9299523183650358,-1.083288541105034,0.6728520370723109,4.246614165544157,1.5092794850127642,4.126891480530359,3.891314685258887,-0.14351811838614187,5.157969177747153,0.7352136224086742,1.866193401169512,-1.8751111050474065,-1.5651686203092625,-1.331565773944311,-0.37779270570349927,-0.21591907165315688,1.4554785146883609,3.7635263509815067,5.258496574871165,3.426405166777708,4.6315127765099335,3.8287090849809386,6.7382220036668325,5.7244596772943535,5.169929126918399,6.209786825185908,7.512778164967099,6.377097225163874,5.153756014082804
1.7225099264632424,1.3618499905517427,0.7344644889966775,0.8341757194407481,1.356445317433717,-1.6090169365564342,-0.26032637620402277,-0.4123049235531649,1.837337141008662,-0.29508236656000786,1.5033884332452239,2.1052339410185565,2.508980028783635,-0.2503447545370817,-1.6671743103841963,-2.2050380396718112,-2.458449314243014,-1.1435631559917665,-2.1014651846023416,-1.6749392014723623,-1.1954023094060016,-0.05310844325540314,1.835160295157143,2.80349983381133,4.577341794732133,3.563609774186191,3.0057762898085447,4.528424872232386,5.172280132727195,4.647621071133629,6.150195891734009,5.810548023627921,4.345269348148077,3.488427702463218
1.9370966664110292,1.6091556353929934,0.13874796219231558,1.7107432639410443,0.8934033100157768,-1.4519560786300085,-4.249056787225801,-4.288112864021308,-5.069932234869344,-4.15962101159137,-0.8854560600663457,-0.2888643553999336,-1.0045994881869054,-1.4911906187638453,-2.9941998669492484,-1.780965910931357,-2.566523530194198,-2.0392495782836053,-3.0534701644123974,-3.301976416048157,-1.1709925906421832,-1.1075457517642986,-0.25850789114989764,0.3260900760929276,0.5679677401842411,1.7738747885422335,2.1415774831650713,2.939704413183409,3.5257754369399192,3.717864681698552,4.962718676251317,4.584375129525702,3.218257644328272,2.6289426193910166
2.098633369666207,1.4052204983820848,0.4107103380067194,2.0706498625819836,0.15293876301816545,-1.861740628564662,-4.369045740359098,-4.471817438993096,-6.372363734203512,-6.006479596168011,-2.590552459997686,-2.509424665201561,-1.3157827974413931,-3.356697534154632,-2.3598475009821533,-3.4934273953753037,-3.198191079396939,-4.088711465066152,-3.4980907430308927,-3.143553190333816,-3.0463036452207444,-2.5023229524105894,-1.3325061318922164,0.6598307222352747,-0.3914259982467571,0.29169819055617646,0.8824924461784553,2.3604117079891953,2.7773030867722786,3.389598001683958,3.674891377777866,3.906756090473915,2.581813766714166,2.636552714784436
1.6208434248453871,1.417459387673962,0.35326358220676984,0.80162342154435,-1.1351755460338904,-1.2426989637217742,-3.8638248534879875,-7.7677277704981575,-8.301354575803426,-5.29648366731025,-1.301334617165941,-2.25638612818637,-2.204515458746017,-3.701361250735228,-6.478665054870667,-3.265009274118927,-3.1154246530943634,-3.741820963758543,-4.304824405482238,-3.7492126277868687,-3.9575045754805274,-1.7248585710710602,0.17148651568697726,0.05745133816366674,0.02469783007621991,0.548525466617045,1.6275099851295505,1.322673957228067,1.9522452015182656,2.6902248807993723,3.3739069948036455,4.553418740443576,3.025843574903792,2.693386285968663
