script/wind100m.json
[{"header": {"parameterCategory": 2, "parameterNumber": 2, "lo1": 6.000198445256149, "la1": 58.999992894266676, "dx": 0.5, "dy": 0.25, "nx": 22, "ny": 24, "refTime": "2024-04-12T08:00:00.000Z"}, "data": [1.332829977237382, 2.7570391237230383, 6.726709659527157, 11.125344398345423, 12.667530160468507, 5.1827229560473, 14.31566544628259, -1.1103501824178306, 4.115883057935852, 3.303704565200993, 1.7479923848769925, 10.072379459539937, 6.271667258002306, 11.681200952700124, 7.618516525969909, 5.297649929979209, 4.279398794410196, 11.794161123556021, 3.4716735294668446, 4.745771978162205, 6.39525279544374, 5.920447710571952, -1.8886254827061484, -0.3331334907220117, 4.876172820726764, 6.217363137989156, 6.418529402997886, 10.457374720278658, 13.953014272467565, 7.504070578456907, 14.036519664457153, 15.714092202348283, 5.376493866246002, 8.907785195674741, 3.1815072242977185, 7.139196576346628, 1.248559723852382, 12.87756856206478, 5.976190202937401, 3.880810430053231, 8.997987424225194, 8.17259225121864, 14.214565456768177, 6.005534149334406, 6.364474586641646, 3.1679728886074363, 14.257888671640387, 4.056089642651836, 3.8444841398513123, 1.0267779225616336, 3.1056166631147013, 5.104426687926968, 4.821572730411373, 5.877282392416031, 3.4181539984147737, 0.9461733577437303, 8.591944493247098, 1.65715603395583, 6.350263482325066, 2.016514061996739, 6.845590900421737, 2.642223479132115, 6.184911414220239, 6.6578825439525335, 6.1862006348975385, 10.442427557646647, 4.645327598942014, 1.5306488654211468, 4.938203767183776, 5.5677010811249925, -0.4257229686335025, 14.103982451208289, 5.707629510048243, 13.700970834486363, 6.116492986189504, 14.510462261841802, 14.673620926132351, 7.23457411955288, 12.06151464591896, 11.415972167998188, 4.862701627466519, 3.127255717763532, 7.629992927609126, -0.6964985841545699, 4.5582658593188015, 4.423266147426714, 3.503289579169267, 9.079101147588482, -1.7679130149101514, -3.3133782216323944, 4.854553009293852, 0.3974882075082993, 15.93294801300145, 5.015785651930945, 8.71554447155272, 4.382915562654334, 5.590592740163935, 5.092844105001767, 6.353177736426344, 6.0822256343279575, 12.077403634141032, -1.0020758022786371, 11.628962040153617, 15.177411617691796, 5.729934909800342, 2.7245648786509142, 4.062401430955051, 0.356551205561969, 13.077952867284687, 9.571083751852713, -3.028012883669721, 8.462838024420929, 13.077785554632438, 14.652265641886638, 3.775323415980714, 8.715068482395013, 4.428497143192062, 1.9234383555882684, 3.3038159578042015, 2.750261933481988, -1.7122380066884362, 3.2344624464023197, 2.6893588752254285, 5.687888286967262, 9.484025369602929, 9.835990071034399, 1.6608563008065484, 9.856818586495882, -1.2423512262775738, 3.937112680311685, 7.419922923997238, 5.0221521551569595, 1.4958968191349982, -1.0661418608145157, 3.702261715753637, 16.04621547126351, 7.286648064862418, 2.2150383407711005, 9.119628481693566, 6.4716194328901615, 3.564591153302419, 5.429351322227443, -1.5916033999061683, 2.6169720792423017, 2.7412642599897543, 4.387435714760697, 8.66568246287639, 6.273395154651178, 7.450075054982823, 5.792851174204027, 15.99179843993695, 8.213893377629182, 13.344431121494027, 7.538111584566839, 1.8557970395058647, -1.545694662155083, 7.572353264172579, 7.496233255233082, 7.885097340167891, 5.3616971815815235, 11.800607949700494, 4.900169136155268, 5.127826870878533, 3.507798166881311, 3.462856486875124, 6.177519250421614, 7.994788421281277, 14.043590503795158, 4.444128922307938, 0.5250891437424458, 2.2961435609899463, 4.055512417681915, 12.418399062915723, -0.5625423020751185, 13.008519087291246, 4.881126156549417, 2.298432359363492, 0.5928077647094239, 7.372818446891649, 12.850932492861752, -1.0377068074835025, 9.569771723997848, 4.365315862749736, 8.577892963977694, 5.662421319242221, -4.248940050256651, 13.178280566477321, 5.053876257256357, 3.4283790214191643, 5.896457461776132, 8.194113685795427, 2.9863341191840833, 4.222624879758101, 3.1115583125320923, 9.308669296990088, 6.590633620619299, 5.91375672322528, 6.02730715891403, 5.418700571680624, 11.918539672577399, 13.350392359956688, 4.180318779701388, 2.3577615297571644, 11.088716305606768, 3.4642156783074123, 4.709335958394463, 1.5756735855593091, 13.101404189442194, 4.638353915430397, 1.6252688110763742, 1.1561895440214922, 6.179150232165908, 15.791251955538584, 14.915831652159387, 1.2001647491479863, 7.336517681862146, 5.996938738450008, 10.597904974345745, -0.025748152061041234, 5.004083309602662, -3.118274142456211, 5.6827825322946826, 4.395480727762331, 14.087661449063537, 4.675718405663791, 1.822308077789639, 11.702267687477729, 1.5233129957162301, 5.093910193172212, 14.667983725960877, 4.723615017250296, 4.342039075720157, 4.819767116309952, 9.921013807021897, 6.018606459611834, 3.8820142957077515, 12.698093102333287, 6.962577545481164, -0.551507087108027, 4.9568055251938326, 10.26463469936166, 4.018422828434286, -2.0670310003887047, 4.823802320836849, 9.515828012826951, 7.597388232542423, 11.768970162880782, 6.739032318732683, 6.361615966660175, 6.366019044161519, 1.5054712614763661, 6.319796286320733, 5.931809000094103, 5.822937929195664, 5.196356892752102, -0.2155839492870122, 2.241959353906675, 1.6037651868765102, 5.551805079325176, 3.6897182936445936, 5.755032622979381, 0.47405402879648134, -0.620649544103112, 8.497926731875587, 2.225828982881386, 12.553285544946624, 9.26542516882879, 4.111630228496446, 6.96584401563587, 12.208613010475592, 7.730021655379142, 2.743430246923827, 13.655679161916563, 9.441457910421185, 4.799361827484902, 1.3629220671304463, 6.21179756654903, 4.960899746025111, 1.1030495149312367, 8.731881515051626, 12.08082520112418, 10.732090646122767, 6.018619531758135, 10.27111602939775, 13.182633298744943, 5.440004470542867, 2.0585101009901905, 6.897291385868699, 13.102167061788402, 5.630359419126087, 2.8131264182118616, 5.812527389335894, 12.434678967727153, 3.7607726842590097, -0.595054944158839, 9.650440463297748, 2.310926662321215, 5.986153920375663, 14.560192340378793, 4.116525189176346, -1.7503090163849206, 15.389118789719108, 12.539495424855396, 10.602262469209665, 5.408785491871396, 4.825147387584429, 10.66208412583262, 6.29659570829039, 2.601926860363399, 4.629448549910623, 11.875767368126604, -1.232645787601503, 8.807547671991111, 9.514647157804623, 2.801644873241375, 3.5710060365603793, 11.585619388137124, -0.17394341348060313, 6.0785762172662565, 10.502018011308316, 1.4358056715332526, 5.960274749561786, -1.6120649770192685, 6.310984902705637, 4.182845156228927, 0.5750131882373101, 6.016412862035313, 8.726933896657735, 3.9388535201594026, 12.75766981257589, 4.912832906210786, 13.141537850170808, 5.478338936682986, 1.6980369310104733, 1.3672561148130193, 9.941314414524596, 5.825851235236967, 5.424721178655454, 3.353308668356213, 5.68925806941221, 12.346386092099305, 7.616968258558829, 2.993422854605779, 12.268934013313366, -0.38748126001410627, 13.075443148675026, 6.981059134976042, 4.947838280941026, 12.756092665297032, 3.461747343622062, 7.838095304530262, 7.62662902097248, 4.717266056649348, 11.419844922447519, 9.465747514680384, 6.5007351285071655, 6.918710171080413, 6.50242768099195, 6.0384251219655765, 4.807449813705775, 12.036250323588792, 3.8164774748789063, 4.924272335396256, 1.8395056879067095, 9.647036691499597, 13.470023586317481, 0.4558668893188362, 4.198227985685038, -3.7527840392287204, 4.67819684863392, 13.389005937284418, 2.8834272143099695, 6.058948747832009, 13.157199169538702, -5.218319082238015, 9.214058601168203, 3.5748900585746086, 13.101157403508651, 6.009997303922461, 3.397918009744688, 5.357290365228186, -0.777493765447616, 7.007805572686304, 5.434326361084066, 3.462906321191529, 3.699362467413066, 9.215490301795908, 4.799579082478737, 1.7325321724478702, 7.208657080656973, 3.6987887085112097, 4.823979350368838, 4.6080165750866815, 6.031969817842636, 8.164358099461785, 8.812000756547532, 5.4029076480228975, 12.902464749328997, -4.620665658783129, 8.552269218331688, -0.30640636395260595, 11.342274499740405, 4.893147436097045, 11.38455288470346, 12.470795446149554, 6.261127095911062, 4.841638048568368, 12.979273445702669, 3.8507644967757315, 5.124354750666574, 5.254712495978626, 11.02904403652189, 5.032340144847535, 5.229779698455864, 8.180153310113443, 12.981553259835009, 4.86942441990053, 6.971781223236409, 5.11176309736198, 5.778802605921487, 2.9536743362779028, 7.847889083315362, 3.6410216607235184, 4.983695332301325, 5.567961072833664, 8.365838333463268, 10.462038773237484, 14.471149166708427, 14.952393076326755, 2.48531048764048, 5.730054649765676, -0.043079466362853085, 4.350682312707497, 8.266881403997518, 2.904027494106437, 4.152547101484985, 13.54902686558279, 7.838683041810654, 15.257694478059275, 8.144454021546906, 1.1141182993904404, 6.579967782354167, 6.1065694187029, 7.290293083687451, 2.4465860212514627, 5.292589530497807, 3.408712274377059, 0.7548687325995509, 7.4552522801388825, 3.436138576648335, 2.5384561749017727, 3.4594958904259943, 3.476118708378456, 3.3623828519288286, 8.497328906411271, 13.46380581520603, 5.791396514129215, 2.896386554317188, 6.674812171301765, 2.5964377703818093, 11.674272287753151, 9.325237038986394, 6.492741537386276, 12.242939919807789, 11.836699545276222, 3.410794145329222, 6.324341944953856, 0.004719112781123406, 7.127966331940014, 6.935773864110155, 4.76795363904068, 7.690993094793056, 4.797573176502762, 4.792638269636508, 5.801578901687165, 5.588324111497017, 11.624120362607226, 7.2998048265535775, 5.38662623742963, 10.246164669251897, 7.446955163666795, 2.3896607681952595, 2.729677230127408, 11.912052833495132, 1.832647083222741, 4.137174324475543, 5.531143172320918, 8.73949290429645, 4.772199797618198, 4.275560086997016, 5.620528379570028, 2.502613789710586, 6.891741280076257, 5.805074984811861, 6.485732972024462, 2.683803883606517, 7.303769268260355, 5.331102721250259, 10.317843345947974, 11.66255136153383, 12.656763298779623, 7.725291084263016, 7.274381153744685, 4.229006682014145, 5.932112757820359, 3.306995382108024, 14.408054999385637, 5.420955888064113, 5.424632673500105, 6.182828862943841, 6.045809837771438, 8.978169355945724, 0.7975990821483605, 8.521797074597712, -2.7032550582054977, 7.581246792734912, -1.0057035083269417, 1.4643294284872457, 2.3999888389706014, 7.6763666119233145, 8.041439112778443, 5.505785607573689, 11.808076135861084, 5.9532404179296, 13.330255879011707, 14.988168707751315, 5.248240413368049, 6.126248692866539]}, {"header": {"parameterCategory": 2, "parameterNumber": 3, "lo1": 6.000198445256149, "la1": 58.999992894266676, "dx": 0.5, "dy": 0.25, "nx": 22, "ny": 24, "refTime": "2024-04-12T08:00:00.000Z"}, "data": [1.1985104988275925, 2.878122748843428, 10.835568964636785, 10.070916147482134, 10.232461872140778, 6.840839180513968, 9.675695242699025, 0.9321088178013672, 5.245313427360677, 4.788025354317252, 4.67671692255397, 1.7738573274964458, 1.0580496578546394, 1.3306624855150289, 2.0113806337554454, 0.06268050188429887, 0.3709694553792406, 1.3498040070035873, 5.356876745419401, 1.1034497133633085, 8.181608454523092, 6.305794775188127, 1.3857740010853348, 9.248370067912843, 0.25077707448685305, 9.551804232509427, 8.402058313782193, 8.601103274202284, 11.329439127785257, 7.056870578675857, 8.538431028651521, 8.602362679129696, 6.05020218368614, 7.566203954031345, 6.9798417905192185, 8.391645773656572, 9.054167866837945, 11.273509480936422, 5.736330065304294, 2.035407768033428, 8.321290036149334, 2.059782267575126, 6.869221368922861, 6.6341735199381136, 1.8294220517561424, 3.786272357591839, 7.834542503803605, 6.189267729395853, 4.737504256450669, 4.323381972410176, 4.741279817067505, 5.061404161806696, 1.941454503096835, 4.923708671893422, 4.018706122549757, 7.943699566811888, 4.772722347576879, 2.224219740714681, 2.3507151247101654, 4.1926803640010535, 9.119720850569932, 5.326661094487046, -0.06187218416551825, 1.1585836131450529, 9.945017528135075, 2.5674263083886624, 10.348011274149208, 9.807034797846816, 13.478728869009313, 1.0572024758013003, 8.304340663501035, 11.045296163411955, 10.045888943598788, 11.54998082723858, 14.657916578663542, 7.422073926524391, 3.502546741791901, 6.325422629608093, 10.032930169226438, 9.85520817929143, 5.931837182977991, 2.835115106088135, 6.375486036573909, 5.875656488790725, 8.143999454588474, 5.259109345038641, 2.347001031820342, 8.449953900589524, 9.784063806072567, -1.10204388093039, 0.4498054967338231, 1.6757393781545624, 6.678832033267719, 13.829328589563232, 4.44263818209994, 4.780776133910427, 5.548857698583354, 5.490873090911871, 9.30264132686982, 0.7156877326887154, 10.50017308997405, -0.5081976162409189, 1.2543154571332156, 8.641958214748517, 4.661391087087404, 10.560220808877007, 6.786659471909144, 6.0874766438357995, 10.446912937115721, 9.326971132778018, 12.322313146606136, 8.944302871195285, 9.152566513360423, 8.744038642786409, 12.599067304537181, 11.123848734500655, 2.9446812665550524, 8.123698814452478, 2.772706670620119, 15.352298657381507, 7.678510175630541, 4.6281497759119485, 14.79636136147675, 6.324515670883825, 5.704830623182828, 8.625021404874543, 6.449128824684987, 1.8876309134152465, 2.247835052527276, 12.067380359300154, 6.7089690100750765, 9.848597454653703, 1.7124550881980005, 11.888230712225102, 7.592275693208805, 7.349887454892007, 8.734404189804348, 0.2654124232066304, 9.147742336053508, 10.58039271481338, 6.109879896442476, 1.3031086680635473, 0.43421043420913996, 4.132014634752868, 4.204809692453576, 4.965574592501164, 7.18896885822347, 12.299640262236053, 1.4740771789827798, 6.1496549920784025, 7.029682377937518, 5.5230758255332715, 3.556347108116563, 9.642025844863783, 10.687237040399786, 7.078630706233542, 9.316222578184528, 9.531210266401107, 5.7244927226370494, 2.0197968162675113, 10.419901162607914, 1.6485194837596726, 14.807041424391715, 1.7285394755114216, 7.275456833310824, 7.1031087266718105, 6.098375702532549, 1.0816297101368653, 3.696405472138227, 5.615844818768186, 10.121100818614359, 5.7450093896512335, 10.337683619703492, 0.9036968317093804, 9.279623922863221, 1.3016998457120206, 8.37575574703551, 4.027242631408639, 1.771689089256678, 10.82065801140408, 4.090553337792658, 9.127856646225755, 2.8098080936452385, -0.3901363566933462, 6.02366223994094, 0.6570263304010646, 8.717859780009269, 0.01044061388654808, 10.323242311241545, 8.787361957529802, 1.7934357935522394, 3.371163100183828, 12.127142901362236, 4.939833440226081, 3.9606834156539876, 15.118883949205072, 5.223569089625534, 6.658631290981592, 0.6912121003166117, 10.883118990015177, 9.69845920632749, 5.414495070962224, 12.830103360376887, 1.5006494930066276, 2.8735738183721313, 5.34393094668813, 9.150224771449732, 11.155225275656269, 5.9994041442848305, 13.341577290236652, 4.2259405933634175, 14.705495862304678, 8.28307355051386, 8.287783625050562, 9.969410492080645, 2.016292771943217, 5.037851607518523, 1.7135819379542192, 12.507400052074907, 6.6976029379840565, 3.190656974247755, 8.304749734864204, 8.900957181052954, 1.1510513409461947, 1.957447823341163, 11.244980689671472, 10.351879815970522, 10.436099276639133, 5.230059646732494, 7.710633556859317, 0.36407521777763285, 6.047362822513395, 4.884155694172973, 7.617034717631243, 0.957334973171984, 10.461484711251188, 10.194234533680772, 9.876586868749543, 6.583697715982381, 1.620533477600176, 1.496503371072048, 4.972336925362279, 0.3995529239493982, 6.379648717373704, 8.600408569675102, 10.314063011893396, 10.215852115053734, 13.299438867656164, 5.381973737593444, 8.33960179598628, 11.438833999106366, 0.9250890845617473, 0.43959522128912043, 0.182302676544887, 4.803388332608608, 0.9200570243172577, 3.8015916676164614, 2.6988972644461424, 8.165777488406574, 10.172926468670662, 12.846763967768432, 5.708965358294055, 12.429795827389198, 7.642483418950642, 6.897728949827464, 9.989067149578332, 9.819766256815653, 5.831628066672013, 8.737209928114144, -1.56718543813044, 0.8358572971897935, 3.8821130507430333, 1.7496168984830431, 7.3502989286588125, 6.3296635708821505, 13.163042477498848, 7.027279665970114, 5.378050708193139, 5.58090253372739, 8.200995661302956, 1.8401649820211328, 2.524902717796463, 7.499755692340213, 8.7004043933361, 8.707065380967814, 3.2042413192429824, 5.72769145175276, 1.4067514350718149, 1.5509846056466097, 4.602528578469627, 4.0214839337520445, 8.309414593514438, 10.23042451551257, 8.436988599229895, 11.480051094399714, 2.7780952019925618, 3.094084917076113, 5.238159097922585, 9.73695909133955, 5.601881351137178, 9.474361787321465, 8.589448403217139, 1.971223954762574, 4.5879296352929435, 6.091341070483748, 6.039864829074713, 8.287563394928785, 5.359046525465799, 3.5269200067139486, 0.5821757374883227, 8.932855849180546, 8.200704028178263, 0.9768803327312501, 10.15217551395452, 3.9458417151830205, 5.981217827230845, 10.106602757704135, 10.045222962665225, 1.193391115656195, 1.4500654500629389, 13.75545078565594, 8.418877680513596, 10.591851440285055, 14.878025340500342, 6.049785731890005, -1.376300971968199, 10.037826026209672, -0.5810711263017841, 8.032274624970558, 11.169640971906603, 3.0257356458982763, 9.390606442960234, 6.193854638370758, 4.451377062607399, 13.635889488678572, 8.245888807156128, -0.15383933501801894, 1.863216086557401, 6.118708539202638, 5.706444205506555, 10.352912138992764, 9.04106355534494, 3.9597358434706273, 2.021036055086281, 8.74986150529477, 9.002155260796796, 6.38741963647861, 12.81533830735008, 10.373151934801783, 4.041217489582177, 7.351297861000843, 8.203787552005497, 1.5108047299036935, 9.961373280145537, 7.288787297932542, -0.06864776284655398, 7.553446114794547, 8.033729281617292, 6.582226057196026, 5.913487309546383, 9.983045792083603, 9.018807741349498, 3.2698829871148325, 13.2896198525801, 8.145726756391207, 9.63385521174901, -0.9633150074841549, 2.9272261886091817, 2.731966560574873, 10.541573090197526, 11.268931704245281, 3.594393066655875, 2.017740909019249, 11.15748417543832, 0.4419256290691185, 8.551463142391764, 6.4572300593256, 10.012305059749162, 5.2086952700592635, 5.406497517464444, 5.950505838799882, 6.330603592164264, 2.1619873590120364, 5.69381133537349, 5.371392289360526, 5.454099507873645, 8.027969826732983, 11.50952616123089, 2.426055345254685, 7.67849557196447, 3.08494024612108, 0.589077122982558, 5.850168120874435, 10.77400697950329, 9.188172027626424, 4.120674166943033, 1.0923761103762903, 11.060400240102794, 0.6099381534437238, 7.192844155153715, 3.4133816850577547, 10.026881868168633, 8.158788882788334, 10.20804772001064, 1.029689926496294, 8.53767043006346, 7.157490994968572, 10.618150452078256, 2.367261666796965, 2.947891811362008, 5.978543634051581, 1.573643375739441, 4.900787223664105, 6.911202586396311, 1.4847724618576643, 9.950606516592272, 6.993093703232554, 9.66057595253161, 9.029335168744174, 10.587143560724959, 6.3373231948237265, 9.239031880483807, 11.96174556542299, 3.463399622751583, 8.522296621629227, 5.661993275662597, 14.013997977826431, 10.011713866994839, 9.388344769760758, 13.529927527558828, 1.5094388321192405, 2.2555063798264254, 4.87367830414691, 4.842634941589363, 10.838884286511805, 3.1130779656550045, 8.483515397437312, 5.186505459737959, 8.013258320329836, 6.056194322526263, 5.410036084936054, -0.17681002462389966, 10.33049065762003, 5.323986063962653, 4.722122353331141, 3.2794846756248286, 4.9928083940877706, 4.24675631800854, 6.5858749880174825, 3.466245101894362, 4.210840072435914, 1.924410291148277, 6.05515406665504, 4.894221026736539, 11.393455549589465, 1.5099248474485736, 0.4407741554986126, 13.15551985325608, 9.652714057647556, 3.6895109816497174, 10.450716278774326, 8.13027333268714, 3.5957153312249197, 10.028900242761647, 12.49118128037027, 1.872738121374629, 6.574427629673515, 11.305615985158148, 13.878738900218824, 9.405973148038271, 8.1753704832375, -0.4653527065643121, 8.527421228772655, 5.753390121707417, 7.504300744663553, 4.978744214624703, 1.1081417024158207, 6.233441659293043, 7.362856669547769, 0.13235079822891002, 6.525358757593066, 2.7534360612785114, 3.496033441367263, 10.29410854187934, 7.523227359715436, 0.390872165388341, 0.9411609722122615, 10.868839842659215, 1.4338705715659916, 1.3292811145631322, 6.574643058070925, 5.531897997686467, 9.185327850961512, 2.0875579481316944, 14.502199742832243, 7.861769107755498, 3.117386316785679, 6.989864099488083, 8.499112439950917, 8.14213124082369, 10.11739648016791, 9.232842045211692, 2.3046219369999603, 5.5886687178425225, -0.16723251612587006, 2.861066828441774, 5.051010189105669, 10.980602518027126, 7.005412392849394, 14.97725538894205, 1.8089113402864052, 1.7211049228633932, 8.841797675448968, 2.1781976089671855, 12.535275921988253, 9.19398528601164, 2.9487899623778397, 4.289211769315279, 4.516080364274141, 0.8942235151149522, 7.2466960206734825, 6.807059926348224, 9.921559088103738, 3.2058857152768487, 8.839892915690896, 5.708524349046078, 6.006057862360392, 5.514755346045951]}]