script/wind10m.json
{"header": {"parameterCategory": 2, "parameterNumber": 3, "lo1": 3.000054539987559, "la1": 64.9999836372058, "dx": 0.5, "dy": 0.25, "nx": 34, "ny": 52, "refTime": "2024-12-30T20:00:00.000Z"}, "data":
[rows 0 to 24 of 52, columns 0 to 33 of 34]
1.3006040315728784,-1.813871702823393,-4.016698593084057,-5.140014379026838,-6.7113313801192716,-0.017690360919148385,0.6267154273218437,-3.682081440955766,-2.770012027278302,-2.2765203073346467,-3.87009272534901,-7.740952281231079,-7.5379476833976184,-1.3944147780177802,-2.758960482568433,-2.91613262822508,-1.1818831288793912,-3.772171130689758,0.5992771545630072,1.721631544801638,-1.6486982411679467,-0.4233854513811628,-1.1089762263616851,-0.26166588231251525,-1.320921037208575,0.9429298854809108,-0.09535761520021577,-0.2479167381131088,0.20110769176264565,-0.5861307668361968,-0.5906978846192918,-1.09733237408951,-0.8576341304719336,-0.6367884719536874
-3.084524372910566,-3.4501253203055224,-3.761031825839449,-4.618571425236323,-1.674917796454597,-5.744057562921064,-4.111040491493276,-4.0678669115064094,-2.1226534489180158,-5.70028222502709,-3.3188841221383028,-5.68482568693741,-3.545307778435578,-3.022142790541335,-1.0732566615008687,-0.020277689786919205,-1.0945173593891075,-2.017159251810267,0.6697993373458224,-1.3184812755727617,0.772818246002849,-0.40436364968808114,-0.8591689110937298,-1.9614321775773347,-0.30910611232255797,-0.00633007031670631,0.22569841009650873,-1.0138708656452318,0.3907273268586539,-0.25653772684251513,-0.5281511603836148,-0.9630134646559795,-1.083272079552685,-0.8349786738032811
-2.9418367128937177,-5.232651340867124,-1.9515803923641284,-5.262227804186529,1.1176643624716793,-3.4336920543759137,-3.8620709346330813,-4.418270974466331,-4.503665574189806,-5.470047724239631,-4.072601431476603,-1.920980648218818,-5.410328148481749,-3.0720694186224704,-1.5014123828510348,-2.104351560686408,-2.0176630713647064,0.8594691092260949,-0.0036857773523508003,0.5316954028490314,0.12585595766631705,-0.3483062607098253,-1.163125268424253,-0.21450333160814672,0.00908038367949407,0.3832244357025449,0.7111462404322842,0.0541534024440747,-0.30062788795109446,0.08846120198999882,-0.16000791178994067,-0.6322093448890638,-1.3022446931810674,-1.065262157987163
-5.178058967408158,-1.1555190458868456,-2.421846632007603,-0.8019302197906159,-4.606065629330487,-5.773472832136186,-6.458235398600392,-5.834832926324666,-5.6555499310742,-7.164671023164699,-8.950043832539833,-5.074843949523542,-2.3831937698446994,2.3538313027708226,0.1631482133630058,-1.350193245031112,-1.158400793378882,0.68778033910685,0.0827864169309187,0.5157862383110823,0.20344527943476692,-0.6719645939253082,-0.4405006277979394,-0.6579169085507741,-0.5410795007031922,-0.3330685638190129,0.03149491435523157,0.9475323194736448,-0.1442615645324015,-0.526420832296439,-0.29922144717720844,-0.24517959319457205,-0.36112782870779575,-0.8810140808132088
-5.246267279939369,-4.523833284572292,-2.5343239434808646,-2.617238823981094,-3.234735969763541,-7.426733775123583,-6.539146413989853,-5.685456316248541,-7.446254708916982,-6.816550304703952,-0.08313233557424847,0.3711548500410433,-3.6477647646136515,1.4148896362600138,-0.7555850668078379,-2.680290696071871,-1.679515618018807,1.6091755251937976,2.6760828879889176,1.038462174317406,2.071706996739793,-1.2908598295647211,-0.6308239398298396,-0.11739817640629882,-0.6381684863914644,1.229307263775393,0.7198046269549554,0.5432106776533178,0.0473117134122165,-0.3800658774132095,-0.8169597184583831,-0.3470876865703499,-0.061422887666200646,-1.058897664467691
-2.924478327226648,-6.634545794937548,-3.9996931884168236,-3.9576750063219786,-4.898639902735213,-4.017744966701011,-4.2769225603893055,-6.036179961747385,-3.8461282683891693,-4.500419605659387,-3.8537163656161026,1.8124384115944823,2.214307555356913,0.40714667461677867,0.5197952886585877,0.31466141265056874,2.0750809660246485,1.905063482515668,1.611681571823825,1.284700187130605,0.013830037972044964,-0.3370447200159346,-0.7277663150254936,-0.8136442257446874,0.06300134621175404,1.3665546073068713,0.7981369669575037,0.08908777164530148,0.42193862642807634,-0.2008675127361962,0.24167514794573272,-0.432008314078118,-0.2725010959570092,-0.515190179786061
-5.534261694574855,-5.569602766315716,-3.596308074707128,-4.88195887323927,-5.645310813585156,-3.93348924468979,-4.513906422990459,-6.468249927236363,-3.986793382822071,1.1978383402959831,1.3997795493239098,0.44295082623837373,0.8761874200316354,0.012933940676392546,1.293680553590345,-1.1010786838960216,2.796524224422171,2.069384678475004,0.9441105771720032,-0.38764136475556205,-0.49306181561782314,-0.4062661328830813,-0.47377137747497045,-0.22150530795767548,0.8427090102303592,1.0967262844478523,0.9868210125633268,-0.09485398353166602,0.6185471524691171,-0.23532829130409774,-0.7823179515654874,-0.6740376527304595,-0.03957124678716145,0.6680352956362152
-5.75967659660432,-6.711134894717859,-4.913294504484079,-6.182721653441529,-6.751118001129414,-3.1218981116183486,-0.8547660166990652,-1.7547919695674687,-0.8046357617551471,0.3028560323249722,-0.5509855208787917,-1.4349305449119567,-0.43992508840393374,-0.3637964457219443,1.0056016412761322,1.5359031201390425,2.2203036712174566,2.58384347212797,0.19288920073562416,0.46185108541116476,-0.7620326998314904,-0.5412545271002952,-0.6275372168876145,-0.17165557668942677,0.6358195141724892,0.4288645702814261,-0.05086328620471772,0.027182245876640674,0.3898507745986638,-0.5745723374314297,-0.252161994841944,-0.7012194888626712,-0.012288881301463925,-1.5500735341001097
-5.1300449681066915,-6.369145990107281,-2.8265375269948954,-6.685898712388121,-6.157396956677413,0.10945693745531417,-0.6089922159578118,-2.387784328307858,-0.6174830664470689,-0.29288094944037246,0.36957620089413823,0.6335228897806718,0.753799950044254,1.0463377031965617,1.5292369764229437,1.0440696008742354,-1.262699692154551,-0.5442885648404472,-1.1073562496776128,-2.518491168128921,-2.0035278457359444,-2.4253714621280027,-0.6912621059626192,0.280075563424727,0.656045528904661,0.7649299936006124,0.7836234599345431,0.916576569824547,0.20343840407866068,-0.41104339618283164,-0.8472952127697023,-0.2024674269987848,-1.2862690624713753,-3.144353094651704
-6.076814884585531,-6.5411648087702705,-5.536615521250968,-4.066755809257966,-6.4244733943917325,-4.195975675971868,-2.314388074817313,-1.9176163867743565,-1.278930927978384,1.2438170714081498,0.10996151085385526,1.8357471174357516,-0.6536257321633613,-1.4110871609748323,-0.49372410577906317,0.5991551071999914,-0.7037698463889706,-2.6441668869804977,-1.3264050484954162,-1.1909081630305842,-0.7842349115165956,-0.23556323607377277,-1.353780106668062,1.4019973974992488,0.8314581675926266,-0.9355603502593562,0.9450749119831603,-0.6964805166325163,-0.7439896727739802,-1.5984717772163897,0.500486321638222,-0.09121123963581294,-1.6530456783640455,-4.877801430129846
-7.793780389265802,-4.022535354784363,-5.963762531528041,-5.547581522867809,-5.965078449609386,-3.679387334362668,-3.580010215848649,-0.16259340975423925,1.001091046627738,1.2005469914634712,-2.2423044126448026,-0.5538893982610309,-0.037684035339020885,-2.117785407011085,-2.055882189529331,-2.772276600401647,-1.4645926637122542,-0.661309941826046,0.045121598565996617,0.2976774489441612,0.3337753968588352,-0.45130629181018583,0.5734729741075058,-0.5470631189001434,1.5959872350363757,0.6880361693760286,-0.8181623574790879,-0.7521249885088841,0.2736986373363914,-0.18463702070087024,1.3363129844891688,0.045432494410324764,-1.2339847270777085,-3.0955693064125978
-3.974624303504921,-4.548797452295778,-5.967532582582147,-5.525525057952001,-4.047290695690403,-2.6478644422124695,-1.247414531384664,-0.5819178073622577,-0.7552769001074137,-0.6513765642933257,0.21161691169170702,1.0214953758274021,-1.2960126191760588,-0.5340457858392386,-2.3288719896103505,-0.298843552112383,-0.2651390123745713,-1.260063756576019,3.0932101235667733,0.8653516248176635,1.1416256667006517,-1.354272277040251,0.5795506240057462,1.3183897012156525,1.5745134785505015,-1.245318514416848,-0.14940820179838718,0.1922843595093924,1.0058413025934991,0.9636805656414399,1.1679872510611693,0.07165232311570942,-1.5154947604769518,-2.4771279573056635
-7.367718543252069,-6.574636388411376,-6.012475386574114,-6.4907113266457905,-4.287315986376494,-1.391553941524313,0.83571635309654,-0.922256534878879,0.9250067977797432,1.142369250313748,-0.030573627960455138,-1.8682536558168372,-3.079085312817152,0.07871916905907679,-1.3136888440398733,0.38441393901799836,-1.9174099720728235,0.5504601178678145,-0.7812410070682609,-1.4046388160760248,0.26927547681019554,-0.24837134557450666,-0.5148632474825867,0.6966321960270407,0.3226075810928873,-0.38244890886731336,0.1855527296929379,-0.8131131821269464,0.02498235102552855,0.37439502437504113,-0.5374650352999993,-0.32325451653536663,-1.7236613010832342,-2.290091266885509
-6.057528828750676,-6.713911324025,-4.8930407117282995,-8.026090616451048,-0.9495460134596103,-1.7335673915614023,4.192454966164223,0.7561555911290267,0.5148975230740392,3.597430985715865,-0.5673542775458356,1.0476630113050778,-2.640839185595772,-1.0076193255672048,0.36324257488562095,0.41284589599956,0.6212754271356657,-1.0814492689746789,-0.770979624722671,0.046790557707391316,-0.823394059474917,-0.3176874284073614,-0.1060409002600414,0.5868471872966805,-0.6440293146838336,-0.013694135040507734,0.19478375411170412,1.152385185865915,-0.18723832537304946,-0.29924902700547445,-2.139603495150062,-2.7166636367684114,-3.06106466053266,-3.7775525112276713
-6.920897300619807,-6.302235169674275,-6.260022410044341,-7.449204971808098,-3.9042081640060706,-0.35960075329265656,1.2153161329447046,0.554126069600148,-0.432792758690565,0.34513176039872906,0.08111421599371091,-0.39972879151506274,-1.250266965817952,2.8087092719417956,-0.08819132856142647,-1.6538686802904965,-0.6824424082562092,0.5443791742748881,0.7911920430578485,-0.9996776344657211,-0.7588557911933165,-0.20928787808810018,-1.479351289729256,-0.2512787033326725,-0.3098832434546731,-0.5103352085572533,-0.7368582177479005,0.6718449427272644,-0.23805914059282426,-1.9552381256973066,-2.87325726105498,-3.7609001626623106,-4.086627960525968,-4.300154054568647
-7.355472073641852,-8.562836391958475,-6.724852634748738,-7.380177931776285,-3.0753303502367517,-0.8315682550278143,-0.11038568699068546,-0.7713486625371201,-0.1974609201324309,0.8627255072112961,-1.1379239099480496,-1.1382242341183946,1.697432793142377,-1.5592418867293925,-0.9042366725508224,-1.324290006568602,-1.1292345798998276,-1.941487455018017,-1.0397475030224195,-0.6003975689617809,0.15943477629328323,0.23287395472101577,-0.6311690906306207,-0.3320672322705327,1.5679130556247767,-0.23644424092160998,0.9728218629504463,-0.24288172157871213,-0.6214826784244246,-2.9841925350841767,-4.286350646242065,-4.552392754899175,-4.920016448443921,-5.059904105804756
-7.481249769010365,-7.731289309449716,-7.017953614520297,-3.634106985256663,-3.5845870216782667,1.4449816885528435,-1.1544399456273449,0.35383109617795366,-1.8518038953055895,-0.6933326750678774,-2.7349785453127615,-2.303158928265501,1.8567432990118682,-0.8849297029495442,-0.34683422202353464,0.23690130536590107,-0.5835610058366394,0.13934283588946408,-0.49092534612579003,1.139277658428464,-0.3323751627817798,0.3359873101183646,0.013963437070672767,-0.12438360199133922,-0.47495148799825065,1.1044592198995797,-0.1663680959001103,-0.41354312299748164,-0.511978869870652,-3.842208771095757,-4.894227242480609,-4.138784349284808,-3.834498865594893,-4.175846362327816
-9.662261072752791,-7.735647222295172,-6.631448043570235,-6.917277498921904,-1.0005389309410242,-0.6247366961508143,-1.51332436528454,1.729629990104002,1.0844360930666057,-0.32252937856936703,-2.0359308932130595,-1.003060652705091,1.6830994340487264,1.106352398534481,0.9560621232219464,-0.0816808096268915,-0.7459843438184178,1.1472825520771794,0.14500113344980217,-0.4289989894329015,-0.4278134294465616,-0.670560026402144,0.2833168642221391,-0.3218690826592658,-0.22737636849592444,-1.5002554953580471,-0.07775947812121264,-0.8885403116983769,-0.22677458337230968,-1.3622999516030287,-3.505285832925905,-3.573526044777155,-2.7037348854340895,-2.6634450392411573
-8.654493418248876,-7.616166707344315,-6.990152261138154,-5.023126864740888,-2.7497355469443523,0.5721931379236597,-2.5802006833795676,-0.6321789943301925,-1.5725158647295823,-1.5633273563593577,0.6549732142169845,-0.3408102508339112,1.1174521007275295,-0.5957174544348394,-2.0329382319695504,0.3610132255421317,-2.2114408390190956,-0.812608452945518,-0.053841505110585844,-0.030586603887335518,-1.0569504850979503,-0.6428041115939084,-0.09093447587728448,-0.452432610007951,1.3662018411831058,-1.7295782316041526,-1.6622268412457295,-0.29735992979978587,-0.020953781593971748,0.24878445831107063,0.5084861406891121,-0.2773857628870045,-1.0084829474726802,-1.070913945168601
-10.429836165421197,-7.772243354790843,-5.317434596185263,-5.52139118866395,-2.0403275833651726,-0.4033940006225035,1.0058896159285207,-2.27907584708016,-2.7977319438000214,-2.234697423188343,0.32349318966388246,-2.3210094501632677,-1.9388520354766579,-4.65094555437634,-0.7630585718827121,0.04486310491310481,-0.09540802185393166,-0.9821866926572788,0.34371484889360326,0.3388612643453311,-0.1314074901237744,-1.470314276168545,-1.1641753145361662,-0.3846127860599028,-0.7846449085690523,-0.7992045292283985,0.3782335574032632,0.19940383766550324,0.4315228200766667,0.3259439853216302,0.5564963458854452,0.9254566049283232,0.5760952409527653,-0.28897309824217604
-6.102369691384654,-6.262403732225825,-5.780307606592618,-6.3286858984039736,-6.287807112645146,-0.9988532882455278,-1.6248326059966085,-1.604374974214425,-3.1237132594458945,0.6297831228830394,-2.334589692561017,-1.0216683566441445,-0.9772891831338705,-0.2948971081759086,0.738864022077559,-0.36937510132559725,-0.5614935065535839,-0.22353614862614785,-0.69091981336767,-0.772366245819545,-0.7989883439058232,0.39117934101642077,-1.9084654548496143,-0.9111231682488461,0.39114562336086267,0.1576890105638605,0.17071492739100416,0.28143651459352276,0.4719921619667563,0.2882430667170796,1.0174418589170642,0.8156739988928061,1.01349565720776,-1.3167656971363442
-5.882471041343108,-5.794245221397068,-6.448600794211518,-7.116027013218892,-8.195928458970066,-2.643285974381582,-1.24005011922897,-1.9873918915162445,-3.233443585799392,0.1485273971837051,-4.922670449769434,-4.291208242766992,0.37011047535095265,-0.059155920330341,0.25807064469621166,-0.1095125830782812,-0.5485102402787526,-0.25614738489361516,-0.43439096887157497,-0.9731920042467924,-1.4482530414340498,-1.1199642387063586,-1.2281416863347379,-0.5014933098962341,-0.8626578346190843,-0.16945772841905785,0.09620296297662276,-0.06999404571807714,0.16742031082179898,0.487159002159808,0.651223869639171,0.642538250914719,0.20477788009043027,-0.925696485160867
-7.023454682433106,-7.353279339260244,-7.326267238133563,-7.46373687505881,-7.2039266377949795,-0.9027577763189598,-2.6860969951259324,-2.432918401489229,-3.747616409612673,-1.8446843593254303,-0.2989200130478344,-3.9236995287847014,-1.6897275751176943,0.21114720674423543,-1.9478096003022989,-1.2241495421034232,-0.7754032064911129,-0.8771066955322111,-0.44182719070262766,-1.1606383182563613,-0.8257292699455027,-0.23999162768031868,-0.6741576574309482,-0.8595929937804329,-0.22045645855993617,-0.20131450948396046,-0.2687311945107404,-0.04793745433299032,0.2752389427379814,-0.18779645353466917,0.2920282730861402,0.5366024968228407,-0.05824534689521042,-1.1415318283211613
-7.27121231635744,-7.151752336101352,-6.681270801179362,-7.181054408723931,-7.7012035134422705,-2.456057637874341,-1.7011459268300055,-1.789561190158409,-4.947504078362666,-2.093125274908802,-0.8436671210582845,-0.5889489415746921,-0.5329964781827259,-0.4064061138864157,-0.8295030594294065,-3.3683915909477555,-1.3850571426284137,-0.7490385008318621,-0.2647064697921206,-0.8406341552767812,-0.43375906278748216,-1.8429870142075284,-2.514272646079083,-0.43288400721017717,-0.0025682393378921487,0.055377366482353335,-0.570012489359346,0.07216580078088448,0.38778951920182836,0.8095759300679977,0.5672385446423929,0.16279857523208222,-1.022402580905062,-1.3990808732837952
-6.477259248614117,-6.22011028635895,-6.629722445595312,-6.434691009087062,-6.314797816249314,-6.419216170884856,-0.7144007373832979,-4.12085858444698,-4.085943560126237,-1.8105256382578334,-1.8479351018188712,-1.2298038567196876,-0.5684730312680432,-1.6154539441841356,-1.575871672696001,-6.248921687011247,-2.8577323735450104,-0.873860636273184,-0.8671994843455137,-0.6913458680354272,-3.3927928920409323,-4.980038728399342,-2.137779996083241,-0.6400806358856974,-0.40585021191333737,-0.39216893976393813,-0.2645655169915812,0.11015723858945559,0.7057618240071376,1.1420754295950004,0.9625821504577551,0.291695897116691,-0.4163170012503225,-1.4992154898436776
