script/wind250m.json
{"header": {"parameterCategory": 2, "parameterNumber": 3, "lo1": 3.000054539987559, "la1": 64.9999836372058, "dx": 0.5, "dy": 0.25, "nx": 34, "ny": 52, "refTime": "2026-01-27T14:00:00.000Z"}, "data":
[rows 0 to 23 of 52, columns 0 to 33 of 34]
-2.360790310489547,-2.7798392453081697,-2.0110505322410464,-0.15038913982008797,-0.4483799006344646,-0.8486907662398924,-0.7861816217107849,-0.3912041750953884,0.41847045859028076,1.0804996031235647,0.958565277393427,1.8375241206821322,2.1665903291459725,2.5873581499319114,3.5506098881737356,3.1801409733617447,3.366949355435031,2.888254058451333,3.05797092693314,0.13806296919997105,3.4164166055521146,2.7573377583454013,1.5023349807040587,0.9299119789352167,-0.5085313358218876,0.766653410522582,1.1627088585317933,-0.9366041426365719,-2.4878708896508503,-3.3699228029516344,-1.5869745071893764,-2.457010765308086,-0.46423282523711806,0.10695285230266117
-1.1134488456688723,-0.5945116793624391,-0.45204079558102583,-0.2162063027374733,-0.8528138651748183,-1.2435844562841698,-0.6410312365775709,-0.38243060044226096,-0.5710306505407526,-0.4786394702398561,-0.0021981995490769194,0.19931993400025752,1.6856832415522491,1.8539100399840995,2.455760587288442,3.998983150109285,3.6034460206401584,3.405582691743377,4.627968338781928,2.869646159589874,2.5494721636540185,3.8190667600578148,2.7668620098649668,1.3951932122509172,1.4194885484553281,-0.24819901894896956,0.05347796274442996,-0.8701055185738111,-1.0934357887877246,0.08745812848563692,-1.750601326224637,-2.51671075076881,-0.9152913458883172,0.6424313644402755
-2.745434966582654,-0.6566880151278305,-1.4534497790647483,-1.9993737935964682,-1.6349614535376986,-1.0943921943105615,-1.4361745832962898,-1.637753462910684,-1.6646999584335134,-1.34855513793802,-0.44557828452420556,-0.3500326793352541,-0.3097955650799361,0.21612625211667294,0.9038275929348338,3.079404680775107,2.796706138281171,4.325559874817266,0.4290316672789064,3.571129999363683,3.2963648847208535,2.8226398210954162,3.2978272398647994,3.0759506134511656,2.102117681774508,0.9211917637646151,0.051773064976874505,0.5563015550806824,0.472322196081209,0.5746444310362361,0.10031024397107417,-1.3598152402599517,-1.0603621086636903,1.1428190189034964
-2.137311827663498,-1.8809722359962133,-2.4912545449043066,-2.8532062783068906,-2.0075888031465983,-2.2058737278423926,-2.7538272035689717,-2.7195823546152296,-2.73698751737899,-2.309753236934048,-2.01060754660778,-1.3647190548953112,-0.5441201820964202,-0.4776804340752568,0.1414084962966423,3.270503140426939,2.1125882345424474,2.6908405875412122,3.961022606109879,4.737852027447872,4.711631166595928,4.543130649558532,4.1105528142380106,1.7929377255397945,0.6897888439748467,0.713695235587377,0.6572901548413346,-0.5756423116905589,0.6168474031570744,1.1143061731935053,0.28697595238106133,-0.628868105009475,-1.5671001561993063,-0.45943487071640715
-2.3730047060551214,-2.707868153021702,-3.7808870941763817,-3.5177508104756003,-3.1056870861614847,-2.9688583254709906,-2.999317081278659,-2.8259168413033087,-2.7173362068336244,-2.219995134990267,-1.6919242959378422,-1.0687386478966174,0.518596997899538,0.14328156658604246,2.07167351781386,3.1404116265506836,2.3487641002899635,1.8305394829663977,2.855547870148562,5.3010481422043245,5.1730408550915215,4.19896406636043,1.798544605668852,2.0136595119137466,0.15461934281392495,0.2630598140783711,-0.1441026857467276,-0.15559445755074539,1.162434472481472,0.5333175244707599,0.5833245749660768,-0.20390608859166187,-2.003061359598042,-0.24273616001468434
-2.5656490148495585,-3.3230938539141928,-3.5915961253483752,-3.4870343208614267,-3.5505343999588552,-3.6824408008204115,-3.8396884727905682,-3.4573165659037857,-3.1255099396303474,-2.71614782361977,-2.192222813579517,-1.1360389037512986,0.7068180698665982,2.694542989238361,2.060010619761465,-0.061315778297083186,-3.4969388109380284,1.3743910739631022,4.961268542313629,5.780702309258102,3.792925052956556,2.5509768456824324,1.3547593689617465,-0.6803695365183693,-0.8969904557071404,-0.86563816622111,-1.0816199133003617,-0.7378548052199049,-1.059784578545881,0.4436276920597153,0.3829553424062533,-0.8535420348095216,-2.307978531430251,-1.5355241655444771
-2.5123254471525134,-3.088364683124413,-3.551796299281775,-3.783397179077103,-4.050532346588438,-4.0900889082035645,-3.965811987448932,-4.1921054103375175,-4.156431663654302,-3.4192728437140905,-2.744795960376539,0.18988372286646302,1.566692818655787,3.736156800363456,1.080459847355988,-2.309531131909764,1.247378687002354,5.350349227853498,3.265475547134511,3.7379366866063215,3.647205366124867,1.800215044435586,1.193112790678177,0.392777068997434,0.2558767295337504,-0.9333102948321892,-0.5007149405708522,-1.3757108587200535,-1.661301559427194,-0.2196775679537342,-0.8019477927532835,-1.1879163620794733,-0.6035726967408506,-3.9735205548520014
-2.1439579429768276,-2.695475494719969,-3.0869508969822848,-3.557398881833721,-4.108601513099579,-4.339685159963726,-4.365375358843452,-4.209315970685327,-3.538689623194706,-2.626894336344381,-2.5254554145530386,1.2921322393662662,-0.17021554271656755,1.371845852883945,0.6518172848120914,1.3179006307110506,2.690232538278288,1.3068266199060468,2.30161693889025,1.2122308861285396,1.8212064397551186,1.366494696008348,-0.3948968522473017,-0.5867849260932113,-0.7223840175286909,-0.1925093293643972,0.3925402029516832,0.3661643411314288,-0.8622516766805777,-0.8467289184029381,0.049187636434172254,-1.4384692837534134,-0.7179477957220605,-0.8427024593577507
-1.9037122174213479,-2.218240569612829,-2.9524365071027256,-3.57854685492261,-3.6538046335783854,-3.6282951933926273,-3.3382357674970073,-3.4377483185512783,-3.3167059388539912,-0.9677112699322381,-0.5706695389704858,-0.9404888052727723,0.36139218045550364,1.894029775282342,2.413824323577503,1.9425385082577944,3.30978557801031,1.9159945609849833,5.22685719798179,1.8760779915870183,0.4857605015590069,-0.6977834257184927,-2.903365552775371,-0.016752359750864483,-1.1176109668841518,-0.03240047358492498,-0.7607052807969229,-1.4527155751358514,-1.2820568138767363,-1.2930457781931353,-0.7938489935570929,0.2697135092252541,-0.7570716568936795,-0.6903729315266637
-2.557614122519152,-2.654769912837622,-2.5728201430717927,-3.22193409906272,-3.5788690496569813,-3.1609606340145726,-3.2342093507467364,-2.4077861108066436,-0.08379673611746326,-3.555379888855045,-2.3369548148965866,0.8249232427617749,0.6953780117227002,1.9369428749332942,3.7449985533277768,0.18658718695169987,1.94903830502673,2.864339595182324,2.620421555042539,0.9321410032590087,-0.9246943812403396,-1.1255445635547798,-6.19471734475707,-2.9397185753733104,-1.7259139482312185,-1.0524222810626334,-0.8655725196213754,1.0374331859548394,1.633674319620087,0.37803027841032527,-1.677935144179712,0.3973659255691007,-0.107047517788384,-0.3448459526880665
-3.259575013656386,-3.3761481452027526,-3.0453101819409816,-3.3298756284571995,-3.415961723168841,-3.858022638887925,-2.785710709097578,-1.8988154820819658,1.0693416349559546,-0.9625126508482914,2.7358761994742,4.821954925864685,0.5600818638698153,2.489432292299932,2.314206054710024,2.205299342824182,2.416915504638854,1.5554746990837147,1.080076455716005,0.862783705777123,-2.0112785611745196,-1.28712301186379,-2.3912561873524116,-4.567890191710843,-1.6118253536515486,-1.518328503211623,-1.4544373450278398,1.0598999053895537,0.059239500216281216,-0.07616833890953466,-0.48428622041144764,-0.5729503196331989,-0.032636571288193784,0.06775297252793112
-2.4702959496817956,-3.094303157085687,-3.8246361420312796,-4.170358178293001,-4.131379779941204,-1.696221677317741,-0.37384581564282016,-0.3900302604997558,-2.3814690252939648,1.673289852926422,1.3764930760791425,2.2404808028579746,1.499846346572792,1.007464631005085,1.7931107817022942,2.8162967953637335,0.7408922200898707,-0.42792479412122236,0.8138260513817268,0.5068161062282172,-1.2950369110651276,-1.0474895987520187,-2.732705287704391,-4.643534889793194,-2.690623677096759,-1.2994795327475057,0.3058716760941159,1.901382633932806,-0.5271732322234709,-1.5740659954876912,-0.7633232696833117,0.73417528368978,0.7071698065512986,0.018474744418427034
-1.6787390700704115,-2.533304971737636,-3.7696005376929267,-5.270882210600734,-1.7139479546796734,-1.7436936279097108,-1.0006783731815416,-0.6111318484772278,0.407007579311564,1.9794520035847003,1.9861737029074225,1.3387500936176786,2.8044570925167807,1.584042167024784,2.47844695410209,0.6343232774982783,1.0405609525955009,0.40250014135586465,0.6365244238973456,-1.8468960939953776,-0.18186659414444237,-2.027384189519226,-1.6075215324043963,-2.299291781838658,-2.1916447093034512,-1.6412851362382077,0.27566876209692315,1.8986385651322086,0.3592101812183011,0.14885035568121505,-0.10198969576687654,0.45829000673851256,0.3129899251401907,-0.5663691046013057
-1.6756281394458215,-1.853681045917225,-2.3700646787941233,-3.522386319036452,-1.6142149684097251,2.1638182534501293,-0.2643138548321261,-0.442951287013857,2.0384929749217457,2.023061393459347,0.9234385654262889,2.7886871875479136,1.6384028189137207,1.9705642898212012,1.0615122210534849,0.9486720947591156,0.28168976768088916,-0.2350535269525672,-0.7637470964338011,-0.854822793101093,-1.7087756474771019,-1.6185426910035068,-0.8318700730817666,-0.7273155151894574,-0.7329567644076238,0.9516191501536193,1.6978792568107015,0.8384382849256113,0.9582048830228173,0.6695430629050778,0.4697116099052041,0.444178265392092,-0.36084172674723897,-1.1247145072141103
-0.580246291209698,-1.385837335273436,-2.019959452390522,-2.313902225969552,-1.7635326265544833,0.6071149062614577,-0.6861496352185043,4.651878453258533,0.48821054834133737,0.6588882530252361,2.1334147839632642,0.48793491744592765,1.1512662539749416,0.7143788507053567,1.3948772354697532,0.41970085881145075,0.9090286353293014,-0.17401204045597324,-0.40506251143619126,0.15355846691202799,-0.5737142517047555,-0.591483583956968,-1.1359367075541593,-1.0537276581534647,0.5181374850353273,2.347496260703825,2.2107614365930455,2.2829209743173116,1.2040535582256846,0.06306310400890501,-0.1685470104022265,-0.9117887584619865,-1.3491860695893572,-2.349435555579529
0.12286962860797983,-0.5617716554545422,-1.3508243854604693,-1.726551057113836,-0.8803217682699238,-0.013199693461674093,4.644921594466357,1.342056526433308,-1.619729230118845,-0.18677157356142626,3.2814941452935686,1.3591823579645153,0.23940484824348748,0.08781944506339068,0.35331676557994574,-0.5810275177767764,-0.5155154440909371,1.3305230979562912,0.7663008650835912,0.39321387752925346,-1.0143409973521262,-0.16745161179478915,-1.0472812111938772,2.3976528841472255,2.9933175706251003,3.118351774668046,3.220168023003753,0.8667210462524444,0.3363214608076299,0.08744692376323306,-0.7773818067887835,-2.2576809267367155,-2.2429318474530855,-2.074319354633411
-0.14691722989193234,-0.6107525486491959,-0.9182958736617313,-2.0180287847781377,-2.0195157156015817,1.6711136789769288,5.424377116242824,3.671292470834332,-1.944591566158502,2.451504930654412,5.038068287376654,2.1426375011522385,-0.15769454056749257,-0.7540329679628122,-0.38835628606992406,0.6414781405748703,0.6629499439090636,0.8112241326200831,1.5348363325929193,0.8843600148133514,0.027674630261635646,0.8167137330715972,2.235086177535365,1.695871669647259,1.9588939524961446,2.2349305791440313,3.065638112985809,1.6541128236121156,1.0892612423895789,-1.2705433705883111,-3.77984682565528,-1.8621923764163808,1.914225263945698,1.526822837249579
0.9284342558424739,-0.2950461096730547,-1.990768669922447,-1.7220124253272324,-1.1334266241534057,1.470104824396519,5.345594751203997,1.5023160686420962,5.007418759550949,6.084064556061791,1.4756311171945,-0.1688217297727081,-0.5821637769648225,-1.0945709986030443,-0.6142694934417935,0.10969436685263659,-0.7176055875783554,0.8827875230361788,1.2425562232639629,1.2419324112480796,0.853606876771458,1.326497312366502,2.119869617103075,2.88712542904976,1.9488283473859311,1.0455403657369227,0.48542961062003254,1.4127097434350488,-0.20874655696638186,-3.1876540064113192,1.7861745408406597,2.956583796843413,2.0870266986495785,1.5718749192437818
1.834598988476869,0.02462359219959129,-1.7705425619119184,-2.8728703746820083,-3.588270871736112,-1.7738541936106547,4.876304402381052,0.5161206302713939,4.28772238613815,0.9631851469404734,-2.0206908099726157,-0.5861284852150263,-0.25959959654668097,-0.4029743403167,-0.02288588455476584,0.9724570414015858,0.2917180286641257,0.6026176480263401,-0.7625966708510672,0.6169952348933284,0.8366424050089822,1.2407599859632281,0.8109104814876561,0.6954312515567249,-0.29519629036270245,1.08076215066232,0.5822568976282413,-1.0794945687736062,-1.3783367601920837,-1.1229120969742779,1.665870166476877,1.529102211154631,0.5388153671036353,0.2293039145239403
2.1462053276517,0.8411266578067169,-1.2570377857007493,-2.9564641888264465,-3.664090625821395,-0.3782178715776653,-2.0809404435574974,7.1764845572377585,8.687481974046648,4.418555403416572,1.6853598332361408,0.7724069467847805,-0.9730456976319699,-0.7041886049592732,-0.02517196516858513,0.5197492759445217,-0.36107655614296447,-0.9680635808097111,-1.9785759375691125,-0.7538697159976375,-0.6026013738327095,0.296501950229852,0.15234626619860187,0.1255699709817861,0.43699417583107525,0.18198280188864083,-0.3692645220414568,-0.7251614725174675,-0.9395609724898594,-0.41147909708937225,-0.6483351918210234,-0.7094384738105117,-0.4061635593815708,-1.4774921425757315
3.030432728173637,1.9312344592824477,-0.18590677160298605,-2.0161523525457934,-2.807291867569826,-0.8550858037597167,0.4573302344578507,-1.7518736262645287,4.296553597120343,2.976096026818847,2.461732040252308,-0.5281620797078436,-2.824334631474843,-1.700616622016079,-1.565404830428745,-0.6869445958081623,-1.4243893168839001,-0.45749063447630445,-1.7852134707327547,-0.8907460713447446,-1.1982820026289982,-1.0052555551992512,-0.17257267689561145,-0.3926061100380923,-0.7411326270951938,-0.8720098631590948,-1.0765772607183912,-1.5376122939282744,-1.3959723385200566,-0.7913381237976139,-1.792879088741693,-0.8388299893374779,-0.8685148007611508,-1.8718125911297412
4.12393812818498,2.57469862503795,0.4485774713172546,-0.1394256789936521,-1.3608337747447496,-1.0414179415116998,-1.1277664643608154,2.4166932725597614,5.005468950354893,0.4357212070440546,-1.7235157816208073,-1.4118594618867946,0.25187538743314136,-3.6758776100700574,-0.9336478823284825,-3.317754228787981,-2.4250798433906615,-1.7400998899340216,-1.3422731611094973,-0.9538233053801592,-1.171681142058926,-0.44210617062594687,-0.8309858850132651,-0.47024854170363806,-0.7112081304572343,-1.717654636589146,-2.0385074540140766,-2.1632783677291636,-2.2901027917773367,-2.3795059638623797,-2.2303437275691,-2.5826043439511532,-2.009206780791059,-2.1873134595887826
7.790154260276962,3.3349846879658203,2.176829286189449,0.3025591245055079,-0.2849144952881825,-0.0779436975946274,1.770850086191086,-2.336961434246595,2.6995147442023124,5.092667793271914,-0.20530301990931502,-0.2641119240196079,-5.755527456734225,-4.435312089279155,-4.371423852560362,-4.851579780100776,-3.2870876442953367,-2.1147585408307767,-1.8163339214419396,-1.985751030607555,-2.077015927077785,-1.6387194912220613,-1.1181500868274143,-1.1733975725680708,-1.1259875613273407,-1.820140060304197,-2.125265858781534,-3.3992383254680942,-3.927542319576819,-3.4716481472181666,-3.889071478847389,-3.5294393011322946,-2.0891183437516516,-2.1286203908664736
10.235538383290956,7.024824084253055,4.00125377925676,1.7035095703196623,0.3435173762973014,0.8378150274364125,-0.9539339902336689,10.035323218197686,3.5232547042390405,-1.199813642172342,-2.4282356843848882,-0.028637860004256638,-1.888595090251783,-2.0832702915389847,-6.03249879049506,-5.58161961711045,-4.246953168609228,-3.2183926839846366,-2.225187602941072,-2.8879739150140424,-3.3421459296577836,-3.1413329904144285,-2.327653533227485,-2.5227842440872568,-2.559945534572296,-2.59913808788727,-3.14665619510851,-3.5112646282545734,-3.7840464966256215,-4.740835932178452,-3.395469770752891,-3.41748712182264,-2.5030383887750545,-2.456989633386547
