script/wind10m.json
{"header": {"parameterCategory": 2, "parameterNumber": 3, "lo1": 3.000054539987559, "la1": 64.9999836372058, "dx": 0.5, "dy": 0.25, "nx": 34, "ny": 52, "refTime": "2025-03-08T21:00:00.000Z"}, "data":
[rows 24 to 47 of 52, columns 0 to 33 of 34]
9.573077365424405,10.192840729126535,11.354660939013783,11.824270421121563,10.844853643125013,4.413084902200323,2.126408639149783,9.140816473318138,5.009549190658187,0.3409114132837736,-0.008390065918930592,-0.37759122104713044,-0.12814535012630007,-0.04294022882396869,-0.10432064003064725,2.7044517613761454,2.7317607874119756,1.0226486496443632,0.8760248460484727,-0.6449491313536827,0.13047922152586505,1.4825407824144912,-0.25587513178304605,-0.15997039333889126,0.3467956079699427,1.106644305794958,0.13072991067726186,-0.5776629813703431,1.1421251187778876,-0.3746884499966636,-0.30941641824143157,0.8976787748904269,1.2213681523632824,0.32014827873584667
8.106219490160607,9.654936413725174,10.49956040142693,11.288628208149477,10.260064742573867,5.480095163895466,3.525534494544613,-0.3120487605254845,1.3210290879557378,-0.3715766517837472,0.22644666908615493,-0.48495229032080694,-0.45693563497111334,-0.3234101339635941,0.3526571098594948,0.3547621121161764,1.6497293299023432,0.23214529500921363,-0.10107461002744228,0.07965112606743809,-0.2981481597573938,-0.3534271827052257,-0.3879184300104466,0.0029871342685457284,0.26455167629038545,-1.8562691653768504,0.5141151411345488,0.24878305959174946,-0.5233760040589667,-0.36971305561145257,1.3305740919733504,1.138953432262709,1.8630685825265614,0.04433427213658962
7.050818669885365,8.763537159752735,9.258703583932599,9.637110785037262,9.61051472126475,7.576534554847674,0.9719967956849669,0.015002815630773787,-0.3561973579750053,-0.6988882177746285,-0.1788883899165469,-0.49980969604802045,-1.8764473163783812,-2.008557519913209,0.014802992537971325,0.23366873573300667,0.4910584648160522,-0.21251955548983245,-0.007563863657743438,-1.6552960986442904,1.5738194949907216,1.4044012386894726,0.430560984037307,-1.2015812564904984,-1.1961682453941669,-2.1185798892161243,0.28747311327231356,0.6104099555115127,-0.5284828582862908,1.4819132258547858,3.1284040344301527,2.5520079708413745,2.2732030318576246,1.0719722548566686
6.426748066205039,7.3612099024774515,8.291938933715482,8.190573623175826,7.697054134759211,6.8768312740306525,4.631419075750552,-1.5516104290162847,0.20132601346449291,-0.5161812756852325,-0.312356821853894,-3.126261669364249,-2.1743038963351666,-1.5426892044035647,-0.2463134951430326,1.341342609453867,0.28399093057577246,-0.44557072294519645,0.41732637501466574,0.5984645631971885,-0.2109365372315702,1.6197853534629367,-0.9420280460504813,-0.05825226557319433,-0.2841593132748569,-0.6924045900619282,0.0165195502718533,-0.3684286907008885,1.5529585111637425,3.129571898622453,2.7741714554374792,1.9642496192357155,1.7735772066618714,1.6575465859848544
4.8640997989737995,6.461214313790604,6.234406678934773,6.841907270284813,6.442685796409049,4.924072649320082,3.7701061362374033,2.467823252195467,-0.7054523440257626,-1.7086651244652986,-4.128252585359956,-3.3216940751538777,-0.41296427447528977,-0.0006561109105173585,1.652950189422666,1.047916322858556,-0.5062073541515439,-0.5460676151647382,-0.6193595806213115,0.4802830716540394,1.029425486184249,0.08457395573693036,-0.06020000691972389,-0.6238544924637335,0.9535471193889935,-0.2999432916739654,-0.15765421506866426,-0.7465520442968712,2.7448421210696297,2.8275701574380325,2.609858083219366,1.225660695738867,0.5354559777566165,0.5032555835429836
5.347207550988342,3.1678581100196705,5.185863082074463,5.600787634329812,5.65143789605729,5.25675322409665,2.895927505375818,0.7206363654596453,-1.3978289028003468,-2.9293659218878845,-1.79565044433466,-1.1039580877596618,1.460204791686308,1.9014176129720504,2.0906200529762757,1.8839216743750122,1.2585095388454894,-0.5122037150419385,-0.61209457053943,-0.8914136533043753,-0.0384458555209872,-0.2567435910129377,0.18795040641267638,0.6810173210213508,-0.6277938582628345,-0.025242276713163998,1.156630586484676,0.7785083703534094,2.0693040415572868,2.4554292872522936,1.678531079886673,0.9770217734709047,0.9381728137611618,0.4602457535108363
4.151617275385248,3.6034346078071686,4.944157127224078,4.805733340966405,4.464014292576856,4.352026745975843,3.8319010515054264,1.502788635573911,-0.8976816899061453,-1.6444447294645888,-1.5266551207479986,0.6922062424021558,1.8966060986034967,1.5110147711887665,2.178139630535203,1.8113311181596712,0.9969201579471102,-0.6355550977800862,-0.8356385180793116,-1.3434742010792509,0.05935104364156486,0.2452926021567197,-1.4691695595153227,-1.3595226262535474,-1.1461554986715579,-0.3540278003086929,0.6335631014649207,0.213501512327947,1.3389112013869882,1.3962516286951534,0.01924493204922855,-0.17917292584594557,0.33920621958109787,0.7141065303504469
6.018252189759841,6.835340416168585,5.810233644294172,3.909701785063398,2.7604000961358452,1.73687490310452,1.4689228233108935,0.9490275183162458,0.6373475854295364,-0.7510753904834534,0.4653808181177686,1.2485724486507424,0.945009138574483,2.6088888880930035,1.1514582243336164,0.6271872939530039,-0.1964140837160962,-0.6695662603309781,-2.3180583058267112,0.23995326459626723,-0.07258797768789953,-0.9600061396260815,-0.7005314717730698,0.6149331477364247,-0.5193580825205025,0.8217314617773381,0.5034360045975151,1.4697022737941503,-0.48380168480431984,0.6487970553979885,-1.3034271054918345,0.6080534711231582,2.028501226525793,-0.12404693526161174
6.314510454787563,5.758551253377993,4.960119472322832,5.084028902824336,5.030804742384675,4.313421368612734,1.8799009359562884,1.9173233078163288,0.09468618022013585,-0.6107772878248775,0.2026955857891392,0.9389427498319972,0.5918313630802723,1.2922929923212179,1.3477526375674158,-0.4135924980279557,-1.0121088935706537,-0.8827561682731846,-2.7243084028337314,-1.4311493558982318,-1.2068631909122214,-1.0947905873515855,-0.3129757551004122,-1.384639508601244,0.7707824853517976,1.0077797142394065,0.3706046752982856,-0.14480941260819694,1.3848910980298712,0.8823153797432453,-1.294166935291433,-0.3918158528328655,0.8553916369057897,0.5035039949039749
4.350149032847972,4.229049727177188,4.0143168614032785,3.733258741259121,3.8426940411331194,3.1586550979606676,2.680529097613934,0.7697840077534447,-0.26077687248969933,0.7444362369377472,0.2843610430936685,0.9734559592959504,1.2363288847745988,0.7223510062948577,1.0471564401192108,0.44901868892451724,-0.9398955077271586,-1.6171594013859873,-2.8870853444673985,-1.699152096226018,0.024601184223147138,0.5343702958836907,0.39238073048241157,-0.440668280046234,-0.6965705077481464,0.26559838625529764,1.0968259174069062,1.6886661277495276,0.3828801395797776,-0.46285412675156395,-0.37521288664380387,-0.017127536331032787,0.22892022682571672,0.4730452232339746
3.0753918300510446,3.1705513974794144,3.4837627703828367,3.724133161171192,3.645294115091853,2.666874044792972,1.247122792874317,-0.5602399995845935,-0.3927900462924216,-0.011902828119094587,1.5526979089781214,0.7227282487393712,0.08602147533561065,0.5513863762318523,0.8783435149790221,1.2666251641605148,-0.7650006029770464,-1.5228405100989066,-2.8414452547742832,-2.770965687207662,0.5326505464968208,-0.45202676285710697,-0.037510632508016235,0.20535113859146267,-0.2916009387936026,0.23598986652695358,0.36026032895029125,1.053610621671678,0.47169472217327885,0.4205303800447656,0.6260102015033955,0.2213474869908124,-0.11039477245953797,-0.7740952020627501
2.932299987112833,3.3287898994667398,3.636988208839365,3.960960263803603,3.1302388494347473,1.9177267883657831,0.9588807719146183,0.24826581055222455,-0.46934602406913195,2.0403747999739354,0.6526702691114429,0.845742916774614,0.9253853871527629,0.7729328581688535,0.4911030643379227,-0.1083448776309765,-2.1767768111434505,-1.9180010317844922,-2.5190792242872133,-2.3771561645271593,-1.4567434663537144,-0.7574549645899323,-0.9985306809386928,0.8526020290239209,0.9781664507445297,0.5640996603091216,-0.18508013948589094,0.7301351173376522,1.5416477747961614,1.2861155840568883,-0.15024987324218805,0.38594982737654554,0.01158019281309638,-0.3222425217139018
3.2521540815596293,3.449519643400634,3.740560733310158,2.3295256527730275,1.4520408170522252,1.2791255475848784,0.436202341622818,0.1553711487426797,0.8606643042443238,0.6208096853467164,0.8116108816646043,0.13212220964889398,0.7291214303442587,0.3793660742491851,-1.0193438909047143,-1.2207735914820665,-1.3434685212644832,-1.8889158285227579,-0.8280392912779649,-1.7379385625121262,1.4305332558672192,0.6674360526074431,0.722619596838281,0.17188587771812144,1.3336969650860737,1.1444893527074735,1.1521921331185372,1.4119634580230478,-1.0980524727007523,2.0249280096629763,1.4442815363491077,-0.15794042198876723,0.20827337071009416,-0.10712650089648229
3.0965364678894045,3.8862471232372937,2.862815448949043,1.3294503807905362,1.661009802900047,1.126062785911981,0.7695506455896215,0.5447851016877775,1.5462901675868952,-0.004195445656829898,0.3144717681736695,0.6595398511119774,0.9188737022913562,-0.9123542498309967,-2.2103869413921897,-1.824008226336369,-0.9776860643154273,-0.2683950563818838,-1.1559748224105866,-0.2716456367679825,2.15964950057749,1.028849706507309,-0.4369454399026807,-0.15413093176262074,1.9341330422461802,2.766897780952,1.4465758333777772,2.692160651099013,2.3074362874604364,-0.5977983695052329,-0.4270569361199323,-0.24148643129009664,0.1369930933843101,1.0712518853843573
2.9789285777326295,3.227550385409619,1.306869271064307,1.5325524091672726,0.4220451057923282,-0.3077139964928329,-0.503119805423377,0.37218364366956436,1.8070463290013026,0.9940787572967276,-0.6253211146781751,0.23906658810153267,-0.4793102901067199,-1.655417325838413,-1.5849606744634601,-1.2622151712504583,-1.094682634695212,0.03060312508115836,-0.9974903477943823,-0.6349851203739175,0.33366915841084654,-0.7363628283737077,-1.318607944737929,-0.24292465207645042,1.163533497033285,1.954055652316163,2.0961229466683426,1.8641820582804627,0.6481407770033132,-1.0777212317114855,-0.8136867057611165,-1.219152479159481,-1.1820605490930438,-1.2889112807366192
2.7130820822734814,2.166254487547008,0.7747109840086661,0.7959562407511035,0.7303077019502711,-0.342927146517394,1.3802058717914791,1.086691272417816,1.3463648993198274,0.9708180370199484,-0.18622160279826847,-0.4868881001111566,-0.4817593002323384,-2.0248750776546167,-0.6943090349909492,0.6777399983020495,-1.6824087774092764,-1.537774594720911,0.7984916325709412,-0.18246910176565395,-0.8968444806244598,-1.0724813758240226,-1.6317953595179262,-1.5148474255420177,0.9683588057335523,-0.11224554557386211,-0.5439597724428977,-0.11338202654709507,-0.48820140680902097,-0.27231453017913804,-0.6945745563741615,-1.0427294141508199,-0.7375124529374966,-1.2001718685465903
1.968355772446625,0.9637631397620134,0.2530236950586968,0.01364678443104032,0.37136563343641427,0.8098951233515296,0.7200668894445688,1.5804875829005458,1.0094117472094195,1.017034270525408,0.3405242773388697,0.8340932605927557,-0.4308903154900661,0.03815513528130407,0.9190053342578263,-0.9945273110757987,-0.08774479727048662,-0.6220812921705104,-1.0506246123714802,1.2833923296418015,-0.45808043102602736,-0.6098696048537815,-1.0035131598519638,-1.3817825130753885,-2.1007454189817203,-1.2108907843284964,-0.9871309452389109,-1.3921645914307874,-2.1065060189882665,-2.280482543235414,-1.7344755042027435,-1.7303422198707494,-1.3578546713333537,-1.8497278529548864
1.2718501550132193,1.3853950211053643,0.8914119022333538,0.6943221570088141,0.7116971770023163,0.4212592222069586,0.24068519308545985,0.8235236225249735,0.8542569192942588,0.3306544946002838,0.022781418249738172,0.4806262871682437,0.4890639038274986,0.6538648512613437,0.40722146500300743,0.07519426017573452,-0.27355976809295646,0.1211836278217951,-1.2684650613948796,-0.6675715815597153,-0.7006012194792348,-0.0010632386128925494,1.0327990401180431,0.11584634863101297,-0.8001693951925102,-0.23418633266940034,-2.6194325910962304,-3.3950267830257452,-3.4847594921322895,-1.6507572576122542,-0.8800715756707015,-0.7991362312171605,-2.4062171369779506,-2.5257427394095258
1.23678233408482,0.7099667900731265,1.0611558136235002,0.8552955387367335,0.4713846722471814,0.07562415069804283,-0.18307578906232985,0.5261450955768475,0.7659758285495475,0.7247975933296983,-0.35309811783538153,-0.4252616911982003,-0.5450488780066821,-1.2848263293378723,0.7585952511920879,1.7015108614256096,0.04252867851393904,-1.6359214774733508,-1.512556584150296,-0.4533676702072496,0.20084463752618636,1.3346118470189245,0.45386588209854695,0.47897323906193506,0.38275378993794645,0.46511157968880085,0.23990405819428692,0.5387435736427933,1.2365978336524646,-0.1323648182010371,1.8419106401857293,0.90261678075566,-1.231874717734565,-0.2780012486857923
1.269737024508473,1.2501414438543563,0.9467309011823918,0.17036234379279958,-0.11865684841067327,-0.08807772947086663,0.6085251246069828,0.2828959718529328,1.0348489697119867,0.829577220919998,0.189244146551945,-0.2601878520093839,-0.698354439493119,-0.35439465113334506,0.29391047973393475,-0.8499005957223014,-0.6443315110164132,0.43689391418277645,0.30215863350952593,-0.0537758073365196,0.15339685680824378,-1.1787362401911092,0.16952189710505908,-0.7297428692299135,-0.9154287604121343,-1.1514524306343277,-0.6099269675986181,1.2344015679115157,0.7086751457818076,0.8224978953351296,-1.0302475642447257,0.386208166622581,-0.9611629942826191,1.7896060666652578
1.2357198366944069,0.3914221471594037,0.1491082747821075,-0.17007479819771207,-0.22606822077421437,0.5455509382510899,1.0639810573956612,0.8327819481825114,0.5192470901142844,0.1489292550869668,0.32560998890818726,0.3173257418445814,0.5925630637465991,0.5509695328303028,0.8371607771513488,-0.18676872894448077,-0.8057401846127296,0.08116705418817717,-0.9820966184124476,-0.8224740888618444,-0.4893055860650201,-0.5086942820440846,-1.1440614131992337,-1.036103032593563,-0.40595674294226336,0.07048327737751556,1.1011326167966262,1.1550017102466705,0.5358018189952946,-0.9082199797995114,-0.6358680698386264,-1.8959408715026425,-0.719971713060961,1.9934605834177272
1.1532871756993255,-0.19614703539756614,-0.44988143744964126,0.13059245589869523,0.3312119900725711,0.14755990486510248,0.6835369263309578,0.4190237439566839,-0.06097148224978606,0.15930502144142789,-0.24122292208373972,0.039442654529494914,-0.20913632722273046,0.02522623241495981,0.045755374820623085,1.0849659619962468,0.707222441198198,-0.27412742159099995,-0.8949568578418937,-0.8130168223714196,-0.595778500832536,-1.0668352894510864,-0.7520200895832492,-2.4754938454587623,-0.28448077279084705,0.0654744890585656,1.0016278308582172,0.6651912326965503,-0.9295246820481874,-0.04031685281448659,-0.7919871270517572,-1.3335184179155324,-0.24348535981947234,-0.7845564572605341
1.3055168265721864,1.1387690143387443,0.7188586618752394,0.1177320641449047,-0.14638997528880132,0.2528174457088122,0.2569761485649033,-0.014303711427660166,0.09973781271440639,-0.08742860949408073,-0.20046080902487198,-0.2055076358473647,-0.30119062792173845,-0.16471643682386378,0.6848229513513631,-0.22745839601093562,-0.5420047102995791,-0.8014646569615064,-1.4567073840202578,-0.7868432183865433,-1.4199380814545615,-0.6234170761363311,0.11658842378029446,-0.08811849902743582,-1.1471984919102363,0.5998252529619506,-0.048838187010399485,-0.4011324512007392,-0.20151147962299262,-1.8356152505739252,-0.8729059370130182,-1.3538753679702775,-0.3263452017549384,0.4021287223075178
1.4762793037010231,0.19404459170486182,0.4556575805506038,0.09833559493458484,-0.609931330208037,0.6133223563044075,-0.536228165375264,0.0511990064307226,-0.175598673945387,-0.5877557749328365,-0.3059900686857294,0.42373810202107354,0.4549479951379082,-0.5290145470628922,0.3466617526388749,0.11866344941127557,-0.4222985266613677,-0.7023575007971483,-1.6438515015269899,-1.1130671600331716,-1.2039651774378166,-1.174452590342789,-1.7261215244063288,-0.02156042552226144,-1.182490021608131,-0.9614310396687873,-0.5984304377030965,-0.699372010291437,-0.808007532614258,-0.9284988108849863,-0.7046981657641221,0.02521070135770617,-1.067537355610227,0.6636999726895028
