script/wind450m.json
{"header": {"parameterCategory": 2, "parameterNumber": 3, "lo1": 3.000054539987559, "la1": 64.9999836372058, "dx": 0.5, "dy": 0.25, "nx": 34, "ny": 52, "refTime": "2026-01-27T14:00:00.000Z"}, "data":
[rows 0 to 23 of 52, columns 0 to 33 of 34]
-2.342158395584327,-2.7942845160346175,-2.148846075141857,-0.3545688002923223,-0.5514114926449774,-0.8569191887960779,-0.8190401560089543,-0.6104924260246966,0.07406887621009026,0.6753336126481426,0.708706183479985,1.3574196128886122,1.6537913861116023,1.5399827140576898,1.5269192069359767,2.1926687969458123,1.6589306330971494,1.3755116644638206,0.6587275754091232,0.5851774634732032,2.6780688559562336,3.1029857276768498,1.1681220684288605,0.16605230602062646,-0.64961821557589,0.4352813169678274,0.6122254997583625,-1.726337311116197,-1.6001543416946624,-1.8721652339294916,-1.9275596887257456,-1.8419979208108022,-0.9042039038075734,-0.06374426380184667
-1.5706534093104234,-1.8079248160405048,-0.8497529189745531,-0.7730351651501989,-0.9044531581161863,-1.2350921492369964,-0.991433189682168,-0.6898576631321212,-0.8007269367370061,-0.6818244545910065,-0.25477474392101157,-0.17112180529484047,-0.9023832456340712,0.7465576421793549,1.1998246051333985,0.9226084889944769,2.028783556718825,1.7613206449903158,0.9313134574239075,2.5262565488223685,2.8364189748414477,3.5769195528859687,2.90343773043954,0.7513359064565853,1.5418065810785382,0.1619539416090551,0.7505550917282131,-0.3454583273089359,-0.5800585191443662,-0.2947723104854774,-1.4743491819255667,-0.9271954558133847,-0.6836195447692275,0.08226305472231794
-2.8046257662161733,-0.48008457747157685,-1.2845384126046036,-1.9627718088761592,-1.6093700623004155,-1.5374521941144041,-1.6626691069820034,-1.8502228832718421,-1.8849006264002013,-1.6645920575806648,-1.1831278036742379,-0.9892741294067663,-0.6344450930864093,-0.19651316279762823,0.016409508585363747,0.541724200479662,0.6132981305929661,4.0326363733962385,1.8652607706987676,4.58650378704087,3.1531064533670135,3.284746002980642,3.577508997613535,2.151704738005456,1.6714638894471316,2.005219167876128,1.4866988105320378,1.0783206655691235,0.7340656650025421,0.24198199465846235,-0.39087002958660316,-0.6640989886372998,-1.0814757082287438,0.4947226448640769
-2.1169716904973566,-1.7633295600899965,-2.7682532092660783,-3.003166336924148,-2.3596577488143784,-2.383004881802837,-2.9121450987987316,-2.914084084747282,-3.0394362872886407,-2.5431873378988312,-2.189926841828455,-1.614886645760412,-0.8325400266615578,-1.1221560867356626,0.5680614473519595,0.6198118981125981,2.6253130295645866,2.75248774213259,3.642208935498572,4.104440417278018,3.122143871563704,4.366952865918332,2.1740978309707155,2.5802407533087353,1.8379487387328894,1.4738883927323478,1.1138195571364369,1.2725759545100452,0.5709160832978499,0.42800192960469646,0.319669280147918,-0.5203415555589875,-1.4427205514285342,-0.16747027561784605
-2.417821517172627,-2.8014603128017326,-4.024405906726182,-3.8048992793852827,-3.2623350976878296,-3.105786903127602,-3.3759503351330187,-3.231034339186635,-3.070128164693056,-2.8154056382319634,-2.4874396765001383,-1.9128304123136652,-0.7511704357980258,-0.8041350190390479,-0.1408137104917073,0.46420816395194553,2.522436598746005,4.536443215085766,3.8334549335903167,4.190749243081031,3.0144838142457067,3.728970607626789,2.499089005290732,2.136746271953046,1.1369630916657303,0.6775533727244798,0.6345704530867915,0.7407971330002912,0.5838510992140898,0.25792356032716635,-0.220455027519719,-0.7569275286136997,-1.4163038807720896,0.37461427885595294
-2.721387899332788,-3.5542112289276253,-3.9618889495937704,-3.7757054397643826,-3.7725524783231927,-3.89782246149887,-4.162636342850474,-3.8270204218497175,-3.4730609897372964,-3.1130877133655335,-2.5206023677579856,-1.3676823405360758,-0.24422196832940168,1.6080094981166475,3.290334623292439,1.6809934072306385,0.0665572917008006,3.6764906178837817,3.383722997166936,4.986252470396984,4.234240171925326,2.674228303342628,1.822439268223969,0.7500544462444001,0.21642760765831845,-0.029685147519087407,-0.013958387383153227,0.30398998459933846,0.039058134435002334,-0.1381788804585465,-0.3375630931581762,-0.40487426193967446,-0.26085442840980955,0.07740594844253904
-2.677837042122184,-3.3122211923693823,-3.723818902321759,-3.89910492825046,-4.175142289731576,-4.311843336228245,-4.131825774841085,-4.414422379352037,-4.3562001139254845,-3.410615081609995,-1.7656264384977163,-0.9186050655989899,-0.03576453914748115,1.29542948550032,3.8475862583302662,-0.08660010431198208,1.0875954216580013,1.1628777924151754,1.7685861795015805,3.7281695531318615,3.436877462606195,2.705551312697729,1.473789547751104,0.28619607589812535,-0.0578381987079641,0.1467780937578199,-0.17904950152963944,-0.23354111391354207,0.09573467638804148,-0.4271129780406014,-0.39843207957013405,-0.2381138214736535,-1.0573207536182345,-0.8890412317283256
-2.2396476946848343,-2.7913801741934723,-3.167359871100554,-3.6576786680038973,-4.227625981080561,-4.4788569245605,-4.529294346151054,-4.57172311682668,-3.651055816740332,-1.952919388968375,-1.920430594816743,-0.030544115759991837,-0.04055873562173445,1.7720992149663854,2.337461214261769,1.404029849279211,3.7932134090482243,2.0638225216905033,2.0772753668970685,2.8283098920635936,2.131609773821554,1.8672017585064056,0.18605897381613568,0.27628972186149464,0.601944553886989,0.07543523303567196,-0.2522239984947044,0.17307625117885256,0.31426618414804325,0.11397827246765889,-0.6317209023279106,-0.42977715753239,-0.5467041182682628,-0.7475963177378672
-2.0189794504747614,-2.2995104138183047,-3.0065295430243397,-3.6792398659106587,-3.766086161210494,-3.758591450066333,-3.2301734597193033,-3.1459029409859127,-2.3510151117262796,-0.7170588504280779,0.23574210847756433,-0.7624703064913138,1.11580167205602,0.8600923965079746,1.197650943272777,1.3351143311298448,1.3903696540648538,1.819759190292344,3.494513430779309,-0.30605792712387453,-0.9724358421156135,0.09916259048020909,-1.0741198796387572,0.0938401206391404,-0.4194687575008598,-0.2691798678233458,-0.15279289848023167,0.2604453129237777,1.1797737081098723,0.39662940283683024,-0.1775103183069077,-0.3271679260860321,-0.3056867160184161,-0.45444046405541716
-2.642767727444732,-2.7213943420876396,-2.6767022382592103,-3.301348578823022,-3.6400850666628886,-3.321427069520532,-3.3479861294908906,-1.317056020564193,0.3010559905154561,-2.083509626264929,-0.20323726130008307,1.7918659664854202,0.21033686887490954,1.3404281543950713,1.6055486872207252,0.14341099506242422,1.3613896794483151,1.00753712919044,1.4881220375124562,0.5104462475214061,-0.31106118999304544,-2.2680972472935133,-1.62059297381208,-1.850253575046104,-1.8651073050215774,-1.3670845922371442,-0.26549934262704905,0.5421279214762778,1.7469307359332138,1.182694014259212,0.4374925486782157,0.5192860836094548,0.9686087952743522,0.5595220693118843
-3.2677962941724865,-3.4671648979047016,-3.0883822285455413,-3.439601179628586,-3.4373962974264245,-3.659002289181104,-0.7966083719639315,-1.2475579125059961,1.350385566021606,0.5835466619945568,1.205824819222794,2.4383046660222716,0.8123007809702398,1.2192679557267094,0.3690165094737325,0.663857855984915,1.6848331978091664,1.3035665922987856,-0.3142949877768994,0.5910880151579839,-2.0452511145402523,-1.994571313271988,-1.8490411853160398,-2.3219440963508053,-2.2052113921892644,-1.063465815137036,0.06327449498755194,1.6734045345528215,1.9720504042577793,1.0233615950527175,1.129859214019869,2.050609276939011,1.7315024754355917,0.3306370155105187
-2.495320165788214,-3.144708103012096,-3.7876687450883,-4.137533242284859,-4.101644667200604,-0.8218962440780777,0.4481671121613498,0.2684960610151905,-0.8534529397787312,-0.2782678827641992,1.9375390026727861,1.4600272691412466,1.9840909062859007,1.6810338896451835,0.2385219614196278,2.0299039832939516,-0.17103712428333376,-0.8635494636807012,0.11977850101992193,-0.07424888495663444,-1.7557287120599627,-2.1577882330920346,-2.7168870270758667,-2.9076412051047944,-2.363012227071342,-1.04456641532932,0.7837449817531212,1.7879488152770884,1.577487171530614,1.1716752286624945,2.3108739260860762,3.501182607637717,1.8266037572414586,0.3859874575860162
-1.5951345154443601,-2.426488531571064,-3.6196970116218177,-4.0477740135658555,-0.8224337520891711,-0.7353318466366717,0.07673018488524098,-0.30799430715612475,2.1757157773005935,2.7542411210825266,2.379096920074519,0.43679051955979037,1.9827949680200996,0.9286758754477943,1.174419613116777,-0.1339662950550323,0.3606703552296716,-0.3320838169953786,-0.22786316060067344,-0.8860252575963092,-0.6713709655558351,-2.001035702079388,-1.5098326894428462,-1.9748578440205835,-1.606246742342638,-1.1386790830112417,1.8065924219922211,1.9826769519580316,1.6881476487359337,1.2803632774094396,2.6189309129295713,1.5987854288479793,0.5257093784485878,-0.49740498067134453
-1.7704923479674581,-1.8822074361994203,-2.2855142808786955,-1.945711227309967,-0.9267594407983369,1.5675321794986428,0.3227587322031761,-0.5957944272481517,0.3248393233028803,2.5324240201143318,1.9051652778645842,2.230937438736678,1.6951690381159121,1.880161126037023,0.8097925077630066,0.3756590558961796,-0.5599440877658493,-0.3116888255845531,-1.4241141273552769,-1.5014595128279045,-1.3640155906498685,-2.2756754429680894,-1.3261933140525572,-0.7733175540329572,0.9497363914595384,2.5741811110726758,2.668862778242677,2.6067676119928898,1.805805612330397,2.750401299878022,1.0895683987214977,0.6690967795414687,-0.24707328082036573,-1.1636633007738917
-0.6432502788690924,-1.4676070028675643,-1.671186074727261,0.2921639989667005,0.04873625845691312,1.3141060568971585,1.2592211229172936,3.060087778538471,0.8094209641466465,1.261378903345359,1.7599222659583353,1.199638786383323,0.7724847847346267,1.0412253594190268,0.7401808265573888,-0.18618544109532945,0.14747838135938493,-0.5435384162242158,-1.057756427720437,-0.8745352417394935,-0.6559092489309781,-1.3137540955755245,-0.8522084908215258,0.3282045368227344,0.17009162158995433,1.4511129760807564,3.1066497789832512,3.1743541381723848,3.0644429455288837,2.494001500859012,0.334800405220726,-0.48441246870976906,-1.178004541063775,-2.0651129358938625
-0.058756284825307085,-0.8228417771443557,-1.1830849786717488,0.7150333076529201,1.3962588169802967,2.1498663679060535,4.854798159440172,0.2989451223317177,-0.609903070252823,1.647372384842491,3.998197025829004,2.1911415633197984,0.5182928010563799,-0.02265631724631244,0.3733686396208364,-0.3047231391072884,-0.491906707369148,0.07714265921807449,-0.5091891674429527,-0.08631491325128021,-1.1149739751521284,-0.6899817897001937,0.1694129328177438,0.450951284357271,3.5216677971808137,3.642848780277566,3.823437877145672,2.358768745021513,2.6607263039887328,0.6801316865303005,-0.013287283815240329,-1.848705795364104,-1.787652773480131,-1.7854021570433487
-0.22403954678554672,-0.47473458704432003,-0.7700284514145083,2.0496435000420363,-1.3116942292191662,2.9559736784953436,5.532274066299231,2.5210964306994046,0.7534171048894174,2.0214087883907985,4.75764205678358,3.061200803936931,0.6484451400260915,-0.6329257195434812,-0.19652940360581145,0.44841597976993597,-0.2993239833526486,0.9305902593291749,0.21621263918825492,0.7442886714024558,-0.7904877976396628,-0.6256137257339427,1.0641678609590397,3.219128721042483,3.14444328115821,3.415689976180009,3.23033463168659,2.1478936691909105,2.2214306221490183,0.9351686719449254,-0.6203356779680761,-1.8598789473446273,-0.3987656980872931,0.42376796959193813
0.8050361168289686,-0.3581044155014903,-1.8462511240434287,-0.0012214578585743572,2.845003167499191,3.9787337491248875,6.110685268679425,2.643671771305253,6.26584841114317,6.500264931491672,2.354740075056781,0.9962917232025598,0.20109080598009457,-0.13521681085756193,-0.36125565844538166,-0.43267557349349295,0.7238540878690505,1.100790106440835,-0.2873152883242509,0.2091382857005046,-0.8373272064480093,1.0767751558254808,1.9106312298877162,1.1261257345617746,1.8977792524017363,1.4346048858264984,1.1301231896665365,1.4324292684304227,1.0353507703368905,-2.9688883931431604,1.4194775323833961,1.5211154864470404,-0.972888413839435,-1.1108032887392818
1.7516093201345073,0.10948321564614516,-1.8058660401122517,-1.2040886587202357,-0.5710515068230505,0.33705287392816546,4.97552411487829,2.316225714157282,6.1901172619370985,3.891438670808407,0.447427190161807,0.1844801362188565,0.4535940450270866,-0.08182637799465278,-0.6943125249334906,-0.1267447742714951,-0.3012340251812236,-0.7985315848898232,0.5423318273383704,0.3718069744073231,0.6255869597271627,0.08197067884345091,1.190473230733767,1.9105563434745318,1.3145615033326101,1.7913493812306256,0.46330689593561836,0.6787609812718636,-0.937925977503599,-0.7450936013588377,0.7986727839475415,-0.9521426224181421,-2.522760840363669,-1.093315454314236
2.184337709264486,0.7860092591594119,-1.1379487192458497,-1.7802780120892487,0.05831768426003433,0.6850364507783202,-2.945817986716007,7.106984111313779,9.078671692050843,6.1381237190333575,3.4886482453779246,2.5169748949511006,-0.8841299798934728,1.3678709465524193,-0.8690842841675618,-1.8319909867863557,-0.11407893413005586,-0.8727462897852588,-0.6255247246694692,-0.058176599091198405,0.6917130352339458,0.5757916715546154,0.7325273620075221,0.5079870770248492,0.5340808568814367,0.24644778951689156,0.13929162786078533,-0.7944293647877415,-0.8144745016947711,-2.5059316377735583,-2.211042008400682,-3.898581443483913,-2.0350331740638867,-2.6646042265792387
3.180184334532993,1.912775474062961,-0.12565929741824147,-0.6257210159500631,0.4471375685729908,1.0033730297703878,3.4165955017239305,0.18924711839886527,6.4123638041334585,5.879905476260134,5.181022230833894,2.236226072011994,-0.7618946005754655,-2.035860215940702,-0.9536941141944405,-0.56753071754326,-1.4412534953538085,-0.3985849548766718,-0.16388137373989228,-0.3765375468308475,-0.5717618981031839,0.4889077947781766,0.24897811533313458,0.06658762686304721,-0.5110377814274845,-0.985913460238865,-1.2575552234839775,-1.6710527441614962,-2.098641991453293,-2.7132787990331177,-2.99916330052387,-0.7684969025256565,-0.593101458841647,-1.527445013831196
4.363713743006744,2.7446191490265446,0.5210629720177702,0.22548773947392797,0.9387415157559179,0.21435470290350073,0.1575163915521761,4.617127648373441,7.019070563979055,1.7789233814220542,0.9446505314358766,0.8137069515238934,-1.821361670163156,-3.174970206901947,-1.5106858050122258,-2.885800676078932,-1.7889528874324707,-1.2218446810434733,-1.071312117196092,-0.5780853690427595,-0.5871321073060364,-0.35293517954739007,-0.8331726571885837,-0.4432496805563033,-0.8385716052275578,-1.76143813805143,-2.080247437373914,-2.3232036780986225,-3.4401720907800097,-1.460965241880921,-1.4257128269332735,-0.566590163452292,-1.4716262237539146,-1.7169986037593665
8.097496198175378,3.652253520700133,2.429633102296775,0.20157642879553636,0.5871925767427528,1.9630855763295625,3.8767523517503992,1.0205206881130846,5.691654501571638,7.55600168992059,-0.9055010114973849,-0.8294078759533972,-3.5150751265968405,-3.20499954194395,-3.6117077129808823,-4.13886767716601,-2.726879950790397,-1.6832650903917619,-1.792172051407265,-1.6712607434069755,-1.28431977797378,-1.1947723882958683,-1.051457325836929,-1.0641815887947839,-1.1909934040905426,-1.7385239704308388,-2.3515316849147188,-2.4554333769245624,0.4410320724493871,-1.256591711397028,-1.840494984788749,-2.37115164123572,-1.7173421642371935,-1.6825455081918468
10.577261167272182,7.46270517253162,3.8155110529030867,1.9314891440839164,1.9978963404761692,0.872479654175848,1.0311641927459383,10.745175787399953,5.933388303322618,1.1515951136534603,-1.8024938883823174,-1.0143229165250953,-1.7662581967354938,-2.932643951095515,-5.11364681673921,-5.138477373966486,-3.894592858470291,-2.3748031157196627,-1.6005349657178538,-1.1709036662318755,-2.045540056510901,-1.9555829098390498,-1.9016625826322755,-1.338743800920489,-3.221656839299305,-0.8685069974822157,-1.4444971698821287,-1.0478198945670019,-1.1269269464089826,-1.8654297038758607,-2.912103636359528,-3.1303525041345566,-2.1808538805217252,-2.0684119793830114
