script/wind450m.json
{"header": {"parameterCategory": 2, "parameterNumber": 3, "lo1": 3.000054539987559, "la1": 64.9999836372058, "dx": 0.5, "dy": 0.25, "nx": 34, "ny": 52, "refTime": "2026-01-13T17:00:00.000Z"}, "data":
[rows 0 to 24 of 52, columns 0 to 33 of 34]
6.330806968579003,5.656488836330579,11.508584139425531,13.846505451526744,12.490673697226796,11.12380355764167,9.629421708606744,9.04984258933331,8.311597070626918,9.446989410527722,7.231179262296704,6.535848005904624,9.81633853565154,9.153906711052736,10.414626442262218,14.07233904301936,18.125011706646678,16.842442844997496,19.47706406798702,21.428700707923948,16.139848316625546,9.453228598515496,13.000606938570492,18.419085889331384,15.54275890929991,11.145965179646936,15.523597033309287,17.90945980906044,15.006399757587241,14.290975529023633,13.389623117629936,15.724553732982077,14.96602065708788,11.971766350742254
4.649545352238442,9.866983601058623,14.131420413089565,13.790673817113843,12.63440934703331,11.192862896171967,10.579782334144763,8.364085364008256,7.6965339025830914,7.975995114521906,5.274308289611578,4.744096579573698,9.811416727568789,10.029483732284596,10.093502526753168,11.975055457422052,16.807600075563663,18.247873790886928,20.674463897184747,15.128865643065126,18.776739587607103,13.748057276754245,12.932132320793414,17.535336009031337,10.445246867081453,13.333280951772432,14.482677975871557,15.845384703697846,16.95547308058686,16.585082384679776,13.367507022284386,16.477575538053284,15.236231538100954,12.629400584467666
12.692810346711354,14.12177973276924,14.639189016990318,13.463414184170881,12.334481573394424,10.79994004943199,9.166821283169458,6.834176348183585,5.509636344769788,5.6641112236717595,4.280094915242513,2.263019825688056,8.020651219450828,10.423711819774852,8.93316470429523,8.871704917836649,17.201838467923622,17.348532101236504,10.929720921521705,14.665743395258227,16.781629748303384,15.042503479148829,12.67958683065094,17.753426448368625,16.502869015199597,14.605849055561531,16.53897283114036,17.452736128768176,16.07608048552458,15.460839552736495,13.897961844750098,17.113671847791732,14.65103968463494,12.10400113796857
13.831846597607033,14.140072438541155,13.302673626210279,12.686182028007002,11.468019148508636,8.972821277372645,7.220584612405146,6.462785963942584,5.517960091573357,4.000250024149961,1.2191263015328908,2.2491061415588858,2.713640281566109,10.402262547952184,11.350238316747943,10.002003847796608,13.233795771089246,18.99697576826774,18.453605061729647,19.044646822037265,18.718477347052925,16.079606858566184,18.803671981003873,17.105699008486432,13.633906110977048,14.788911812831468,16.33473329336606,15.456951310636427,16.070643306973636,13.194995295271404,14.31019179353917,14.294367507521319,13.959746505174191,11.344763140768524
12.906872849244351,12.664639812762271,12.02839291110926,12.559181265511901,10.628987504163293,7.417660142840696,4.876314285390878,4.588890453475341,4.552422068439001,3.6079046509348047,3.8012272586727427,1.9996329093665788,3.7984201059294227,12.55157039618057,12.612152870882703,15.623374673582207,15.439771423113488,12.186002078181486,18.84192846031724,16.971052363094845,17.889794487372136,17.370389218016864,12.448672589496763,16.270723494766663,15.613790630013384,16.182329367525547,15.847840409768152,15.389269615064618,14.337825380252681,14.994248152465698,13.524107049581183,12.598617396229155,12.080360074799364,9.952797176530161
12.840499698710909,11.732488173684425,12.209499570995481,9.190564267531768,9.411061157505758,6.339946521327766,4.7978667775697055,3.429993064456258,4.080926282659079,4.289421934328658,7.1577536151627745,3.3444873152697117,1.0668847221799818,10.836762120922037,11.199605774512348,13.317435428900927,8.573642281684403,8.934437568851065,20.194574097787534,17.719024239480415,12.427649008626814,14.682617343103058,16.282937036317527,13.849313707048957,14.318875818184754,14.03779708075159,14.800913509546339,14.534089420261962,13.433027844101705,13.90444041232695,12.05383011846717,10.497707394785326,9.161692644938958,10.496134469283653
12.723283534294536,10.938187069942256,11.476539572864091,9.529637464437327,8.711629342286393,5.681596752937787,5.991988261975455,4.974052556497412,-0.31350924088746335,6.85273571450679,8.025715303745553,-1.6776358454606293,3.477973866459627,8.250620862597648,11.977708468243813,7.43307579516613,10.403838479787655,17.21314487906789,21.490961808781304,15.608466833704169,13.671985530881987,12.747861698453852,15.087677809742042,16.42798978425869,16.985635631846076,15.605576784110005,15.414337154510786,14.627946732996142,12.335098614044089,12.572317865713776,10.46349911517516,9.571581010979372,10.147692551625418,9.994442923669602
11.566827722317662,12.063892374134818,11.64145164071471,10.639480707241214,10.93208057357452,5.809429951198613,4.208514385075473,5.125304538288201,3.665936180564678,1.675496567493281,7.33393579190332,3.835406597737786,4.952618049225378,7.499353230810383,18.276533370420886,26.04133335210775,9.307405092052868,21.32404030846266,23.27214638669839,15.050943046600864,17.378862064198564,12.87404879039737,14.33380586644773,15.578417257059565,15.019208293069806,14.44950181628657,14.20911946310003,14.26784494956111,10.460314277548171,11.07780441052923,10.228763964769675,9.175126288856697,9.223206929282133,9.183623832426742
12.175208260907237,12.959933958529893,11.933056968852787,11.790175624338454,11.017885665237074,8.82094910771322,4.509506664073661,3.4444250007427986,6.974087259277623,8.870729696602993,10.640866790071597,4.8128643702435525,11.905748018114707,7.351418423556931,18.119748117478654,8.55928036422743,16.100144064100803,25.303711324915554,21.519626989006223,20.896187023480632,21.45179513473955,18.32667675427202,13.729307104025377,15.147719756674398,15.099125927124476,14.437393961728993,13.440116526886342,12.652909442581102,10.456935538590903,10.465649576524665,8.86158136641138,9.354692077466275,9.693358331474736,9.560120281399076
13.292849631956374,14.149954455711724,12.35160982901319,11.346994025008774,9.421778485819036,9.137854092093908,5.805958268098535,8.659007016727163,8.88169660929654,8.6569975948277,4.829395959044011,15.61943736352611,10.993273946825983,13.242467817814829,20.51354480124356,25.220950426534355,23.66283999740945,21.326168929076267,15.57236776719483,14.847226721282356,15.878042866312965,14.47944358086529,10.893484640312773,15.104665674069746,14.265875812787888,13.530020456341541,13.801258972525224,12.224798842353033,10.118686506057125,9.132104828650622,7.928998815816206,9.953406660490785,10.084026309549486,9.633411975285354
14.624540182165289,15.87141312778945,15.181939236956087,12.59176765641091,10.18296015319883,10.259773450301054,10.575555970428004,2.7546212819133875,7.987884255640937,9.852069833521778,7.1242692988520915,17.103360102289585,8.778914269999282,11.884537790939248,18.131791319482296,20.603325348129914,16.83443600951344,16.710558792179768,16.379069941129234,14.100659637787492,10.591521245841536,10.880324223780105,16.029721169762436,12.838737719295052,13.015885290821915,11.651479136261763,11.30457699548349,11.376292926975244,9.425822887545584,7.537032862195216,8.411580921435206,9.182461077132896,9.253479244602385,9.500722558152818
19.21033654462023,18.944003333114207,16.897304131115423,14.322298875555468,14.339881880781908,13.617013356696066,14.200287712366228,7.505575723210592,4.0248368397188505,7.73470009713175,6.0140488816135855,7.321386782695779,14.599149046239024,4.667800430884635,15.4175191341934,15.970528888857633,19.371840658141736,18.953575108714062,16.516008137643283,16.274873476706667,14.921260626691348,12.902691552339878,11.206244489908071,14.565987955980699,11.87443569550024,11.737949512770223,11.868640627587045,10.279680395015399,8.5856724287377,7.377346712471866,8.087357099441174,8.693685295344876,8.851893718426346,8.86150928244639
15.763517261566045,19.245868154656325,18.797178092560248,19.837580766326422,17.96128525037739,13.427638791903995,8.907659223922034,4.911754784140102,9.442029689147578,11.25900644893553,5.959218723646479,9.742068663249135,15.92516999853277,16.605498530477288,20.32067703612365,20.935868743667978,15.671163310187795,13.334118781408131,13.805074627376937,11.669686414669082,13.782241076904475,14.595039668966743,14.932966861638594,12.845851274249888,12.143569471807774,11.127949756900579,10.285429095717525,8.614716272049781,6.973646892410042,6.650485710302724,7.458896446138471,8.502940837624978,8.666729617575024,8.309237937407326
11.402984076810904,19.566819790944027,16.304374665120967,16.900032208523687,16.75234440385508,18.76948982081432,13.744865943744172,9.875557060279899,11.186702139314388,9.587937836129253,6.901290741374632,11.31329975172247,11.610897696083777,9.149089999064486,11.654907753775166,12.322672256510476,14.539269196595573,12.664858206490202,14.105477845162087,13.320720860801712,11.62507013894582,13.153554192564721,14.665503769455741,14.189673742363825,11.78502623924073,9.084398445995634,10.327146693376912,7.632531551409114,6.080577818010845,5.708426164261664,6.463169803479041,7.734030567041255,10.40865809934138,9.84219726909321
8.744967039824997,20.147122389402824,17.20498646773047,17.291825317102333,15.490569240752716,10.832217809464753,2.473981465200099,13.361756224462267,3.947231346879114,3.605046861579025,5.6805357072317815,7.998031878207446,12.034986543861395,10.786729919801331,11.808388276668728,11.477498588898714,11.393344161942549,13.00412788429096,11.909752632369024,12.029855003284396,11.158499409320903,13.52649197384854,13.567863495868684,12.630069229992136,10.319847451767085,9.29917329827366,8.873716321146784,6.758119588964831,4.973063129738788,5.443514826310799,7.260635620530748,7.479341115780829,11.215536407650328,10.929982742818085
17.251401590889333,18.352063699057663,15.435339774387298,14.199260561575322,13.413054073398289,8.936680977727837,7.382772976374068,1.6186145661572289,2.7008399747340865,4.602917166688982,10.116852453433737,10.256641092052554,7.407521884659211,10.005210073942202,7.914345389092014,9.908206876369471,11.275074977021736,10.137953803214819,12.390385060928,11.47174115513611,12.17310469403487,11.791399510484831,7.311098918920187,10.408308844391854,10.195619301385593,9.854129333787446,7.3113169023055375,5.687052025221334,5.6047032424413885,6.326692937420574,6.866388649158162,6.8943582107310935,10.159352733388214,11.091246398217699
18.634876381698437,16.149199096021462,13.77364316389656,13.521680980668375,15.1965967773684,15.388441058866269,8.640593482243414,10.498164675248846,7.474659376712395,6.717080425418557,12.882299394719078,10.17684083888334,6.363704895315074,5.850506072953239,5.430070185993638,3.598489798996409,9.723371395820847,9.229294960635794,11.330745484476717,9.620581229807467,11.28721057793102,10.746045366458338,10.751372097155357,7.573444745736381,11.174244520351863,9.620596920413753,7.843786157876941,5.21557043992108,5.96266219593446,6.81567618029772,7.434275264881089,7.073916591866,9.262573967036372,9.900575241083587
17.203613939036384,15.995199503393703,12.37026840565989,14.651359336763916,12.729183399499469,6.251411607251225,8.681760629898053,5.3050327895084495,7.114905798186416,12.72221643502832,6.875030416411158,8.048576771773613,6.954029737124781,7.514158487274943,8.14777856199225,7.498884313139949,4.681992438111221,9.316553976573347,11.33503396192568,11.834840901621023,12.483923667775487,8.01395524824714,9.818190872695176,11.846810962184934,10.889090191425275,9.859475012304523,8.064455909019264,5.878554698673935,6.273433168519251,6.635102183544495,7.069986463672142,6.773078942960583,9.903120604371528,8.925264713979054
16.656334857454276,15.970326658687911,11.408492024798536,15.2700730273934,13.031588196140747,13.766399603775302,11.412136714210195,6.425239158707543,7.140661636018917,10.939014161621778,7.961387204102725,7.018429977086782,8.622479986481034,7.182842772031379,4.583848936778624,8.464295965245379,7.658269867239888,9.077582372425265,6.914806141148499,8.8823168045274,8.759851657517249,10.2634742291141,8.143210100888316,8.225666002031508,10.57973135790793,9.661931591949566,8.887553050178981,6.3031362760144445,6.769429215850732,7.828778461610762,8.001580929853946,8.166457678467408,6.5082240125857025,8.974819283794133
14.932530047745663,13.806684771777467,12.427794406632684,16.547577630903984,16.74340881183125,10.769168418660568,-1.8938573894844941,8.793250284413768,8.277997558017486,12.847269572045573,11.336031308851737,11.040652914197944,5.700752525512101,7.528400749102347,4.940925398036345,9.997885381948734,4.955171838933726,6.179047657687272,5.834804520612742,8.039644682638139,6.936013745805313,7.001894508995711,8.565775442712734,9.785219421688867,9.123393346409069,9.407931877112958,9.261736416342188,7.780139780908829,8.386829527486757,8.256850254613116,8.978479528228338,8.614448996971566,7.909976530926213,8.273080817032199
14.79154763803912,15.1242688773031,20.110281398463655,20.453387449169412,18.859193941708575,14.899001555553589,13.635359658865536,5.610380496933151,10.768471615203566,12.378489661999952,11.339076665597872,8.283213751368013,5.265191462527062,2.6492810084544347,1.3780148780580133,5.884187695641822,5.526521418537911,8.604988464331935,7.597279735678727,8.598260675479535,7.089773327814875,6.316714510907766,6.855828034692197,7.020580994274726,8.263530029955565,8.66436937559109,8.625695726916081,9.523973323740046,11.176125318735389,10.374513252074593,8.787291590144957,9.718930872205078,8.318715007405812,7.70770547905714
17.705028607717352,19.205869156256057,19.923564566584204,19.855913058414796,16.64346084292043,9.958154458719456,7.094593060897064,9.507207855286575,12.792994477265486,6.286899275013834,6.3130528829455255,7.897693398487812,1.6875466581714074,2.4984913743318566,1.0901518864174922,2.1269311288462087,7.545600113574436,8.920001746001091,7.191158083087975,7.709345768878528,8.771996130616047,8.87558953810905,7.886715818958511,7.618176783582742,8.476635882995769,8.495075414468147,7.693057099095098,7.136876030726775,8.353854267692633,9.867181872750347,10.043337400807628,9.217051333489513,8.86449018167127,7.934125387603575
22.47621503712996,22.699633053794354,19.828482977533127,19.74786214429063,18.866590262449602,13.48292073364778,13.77944833897568,3.4612680353121954,11.640127556189663,12.213799141429183,3.373013101576209,5.979376675362386,3.2863749860698444,3.5321397832275925,2.604307512144503,1.878394615040825,7.595145565559727,7.669620519719874,7.580617535707544,8.072103918203233,8.50622229161533,8.844812870602636,8.68510030280822,6.561658851165128,7.824763106279994,10.1810291110344,8.30996420020289,8.02131380963752,9.030431948506996,6.641823714471761,8.169643946036118,9.57231272905499,10.291404351322319,8.961312574041434
21.24479855346098,21.97772243054987,22.283942793745172,20.569267165396116,16.750674329205477,9.119843798210866,11.748702867250497,15.191679592732095,12.376986332396214,7.654233935133582,2.0083361118720977,1.3538541085522173,1.3871569179927592,-0.6247405626148781,1.1830373062875483,3.1598660901655165,6.248476009485585,7.9881668537272645,7.732834742136809,7.841646841134917,7.067646579261063,7.558362894596309,8.89829714929323,9.137850837411156,6.862037885227027,8.743571950259419,10.721662973874563,11.20629539631178,10.238999965505538,8.763590147728339,7.402817338330782,8.442304963517717,12.424752477438869,9.397054552733204
19.718135922179325,21.94349560043331,21.54177283992063,21.405197069039364,21.610100059208715,18.75381001548945,10.55763088301646,18.76249951623095,11.197698256396384,1.0580388446136624,3.1852869122496665,-1.4110496066393885,-1.4796512240655348,-0.017358472021564753,-0.4051471394613106,5.5613508367042375,7.035759003122593,7.770438195484318,7.160857898706528,6.438047254778595,8.028733861710466,9.286799670684875,8.594697471608372,8.594528700885455,11.030484461756553,8.740180555562983,10.748627424453568,11.313200967959363,9.873612001421401,8.970986973993396,8.041688563698672,8.364983182078559,12.005405556791057,10.281229507859983
