script/wind10m.json
{"header": {"parameterCategory": 2, "parameterNumber": 2, "lo1": 3.000054539987559, "la1": 64.9999836372058, "dx": 0.5, "dy": 0.25, "nx": 34, "ny": 52, "refTime": "2025-07-30T15:00:00.000Z"}, "data":
[rows 0 to 24 of 52, columns 0 to 33 of 34]
-1.7929090979584357,-1.438616466170789,-1.0661692843904396,-2.2494844528813553,-2.098181944527526,-1.4151093487458908,-1.2778594331875077,-1.2758184277449076,-1.013195075121377,-0.9874399913555094,-0.8769309793370804,-0.1546533534416675,0.3406346638917669,0.0443629685913666,-0.10002655723981137,-0.6667377586782196,-1.6041395263445721,-0.24722492217858938,0.12025237263093878,-0.11443691987204174,-1.115057682561533,-0.2591212572308424,-1.7985021729253192,-1.002061435372141,-1.1337563034389437,-0.19990314903825468,-0.3787029227849747,1.0278701753931443,-0.3271452808953003,-0.6299585646369729,-0.9049104527394836,-1.4148900502935962,-0.061867952247363,-0.5502485510527874
-1.7767292742926872,-1.5035281765314519,-2.4334003361980328,-2.1627389682732465,-1.9708715770957446,-1.1487409243016924,-1.5584567465728425,-1.3367347030169956,-0.7234006078334377,-0.801170422041749,-0.5497288596742296,0.47749271973568347,1.0615526214861664,0.9827611832821815,0.2553264760404686,0.36683387072521256,-0.37441576315256025,1.553509634216278,1.6350385833937295,2.7854008043829284,-0.5810101992642,-1.2994970426953192,-0.4938163125592133,-2.319741185854037,-1.14857170726381,-0.9946722262164087,0.679827232091113,0.10122733180980392,-0.5132643381175837,-0.46840727464777093,-0.944426599556556,-1.5618664761218768,-0.3454468794038325,-0.1267736382463127
-1.9315356372841503,-2.0703569776348383,-2.513162684585269,-1.8613710741609175,-1.5754995115108703,-1.4880253238507206,-1.6474247575699636,-1.5537676087045724,-0.7191979287959528,-0.43630465405122715,-0.2380604787339832,0.5824295313938741,1.1342214265462678,1.0069859006040252,1.1348554818958123,1.8962216215301606,1.5714594046966912,0.10127878748771144,2.5986890727095853,-0.7946404838146015,1.109169385053845,-0.6106824777856457,-2.3056608103636305,-1.6429225776772305,-0.8385595813804475,-0.20614675174545843,1.1042127393206496,-0.09961388823434765,-0.5888144863368135,0.12901663463116242,-0.6137453461001725,-0.9838254788004889,-0.49330899662531974,-0.14304143741778358
-2.242619592371233,-1.8067159698803454,-2.441844332005109,-2.431409869272097,-2.0547285740471213,-1.9419821369457542,-2.1511910156042537,-1.696981431215778,-0.8630554479725644,-0.29670668466646055,0.15468467961491705,1.169736286327032,1.181542630114502,1.1645170766138049,1.4136294579819788,2.3590799307064443,1.3148046751915885,1.0928833042694874,1.219704484213853,1.5390154300643084,1.3354412027934288,-1.1787549312356638,-1.594009694947712,-0.7934036915160376,-0.3267892509869822,0.51848646895355,1.3743214077619545,-0.2799112234570177,-0.7379951697304628,-0.1572616087645911,-0.6732297821373667,-0.6179143200075128,-0.4615158858792239,-0.16344589958168987
-2.4126102205948703,-1.9148624212077976,-2.0654277429995895,-2.88722266211832,-2.7128096963878856,-2.3395567563763326,-2.1993578224042265,-1.9666665180091616,-1.0007062731268426,-0.5001410470770382,0.6620497027819475,1.4686580847828086,1.8205819659113904,2.143375834846103,0.8268488418354613,1.326182526000861,2.612399436813739,0.47095897217004573,1.741814963127608,2.3281543851717696,0.010753504473766232,0.10179085265153434,-1.2230599293974143,-1.0004213398267523,0.15161055817116842,0.8108479679730394,1.2534582292291965,-1.042590724486039,-0.8296358634967886,-0.8833409035861922,-0.944142950003057,-1.0678322070599988,0.3220701193444853,-0.29297475147357654
-2.7967309984510944,-1.6422020605286893,-2.171402874590724,-2.9229860275428705,-2.7672492531007404,-2.62233760647126,-2.51982342930478,-1.777323231031957,-1.6926299724484934,-0.9351638649041623,0.2339842452609678,1.2533997694105412,2.597890885681355,2.747594902592043,1.2834879913061321,1.5195204377490594,1.168116293633564,1.3971685957350695,2.4708295616812954,0.9817584812576722,-0.10680834634201608,-1.2362226254855218,-0.3511108738597769,-0.24074000347987087,0.14480230780862607,1.590772157892606,-0.28906186183953436,-0.7508826156748091,-0.8997156114305248,-0.9986623052564024,-0.5744413773073729,-1.1964154367155604,0.28647048668401354,0.102285288096473
-2.601112496907064,-2.229180636574925,-2.9161296312010805,-3.632183892934879,-3.2853049035978765,-3.267057883144543,-3.162392854674324,-2.642266747506042,-1.9680960366127878,-1.4774642602964243,-0.4930951712313411,1.2687147539635766,2.006505572609058,2.257410661862219,2.446399896289499,6.046475772907906,1.283135958181466,1.7327790757113268,2.634833073795325,1.5568261639313787,-1.113109441800742,-1.2235803044476057,-1.0405817359487788,-0.43452405526320387,0.6256851812041073,1.3208556838244632,-0.45667635535837436,-0.5577143935860049,-1.3770206178325306,-1.1035359991047207,-1.3296007309205524,-1.1267652991493997,-0.035594875771122525,-0.9749499984453438
-3.0415497252698787,-2.978496719410905,-3.7341651325239367,-3.8492287878855493,-3.8578767301812977,-4.200415471646821,-4.697813570566209,-3.630407602161495,-2.92858521374213,-2.342662079798579,-1.2134575449589067,1.2212561569464315,1.1235201438674887,2.5649875833061997,1.3958979939707437,1.8425004625279437,2.626856385612448,2.308174129167972,2.354551002936686,-1.5431657155440435,0.6745755736643169,-1.2585438467213468,-0.6631610515626712,0.18413999275931167,0.7756575344772013,0.5390621276639853,-0.5702375733250344,-0.9621250063924944,-1.613218159484725,-1.8323477742386363,-1.0845135927780656,-0.7585944952595717,-0.29280963615503763,-0.6963060654104902
-3.500249482914804,-3.4365111011002294,-3.955136439147871,-4.377240996997438,-4.49622329879807,-4.950770735107237,-5.501859353156324,-4.573474006250801,-4.541878738511149,-1.6161492855742698,-0.4921706848963349,0.13117271197567262,0.8649971695453732,1.7644950617863648,2.5531808012757797,1.623003960999496,3.062316350899259,2.9326896937654165,1.7368346716312084,1.3742319515297619,-0.8328168801620646,-1.0047480287715573,0.3078481340829252,0.8547018149067495,0.03872201620469964,0.18886556243785288,-0.6007121016153996,-1.5941468110260404,-1.3723365158146101,-1.6473788030821577,-1.0601874696553173,-1.291313764934451,-0.9735669321058386,-0.3980431105528461
-3.8247880267331986,-3.8735319963048584,-4.073670170491592,-4.9891541215011905,-5.3165243312359465,-6.306976939912307,-7.093219626657226,-5.866180454110775,-1.4022727972431068,-1.8569038724258822,-0.3711635046544067,-0.33733401429271664,0.06779016451323903,0.9663630429017902,0.41476999443120327,3.1621282252829244,2.2084554103555605,1.741764997222157,1.134654091017313,1.0598057492242339,-0.30390383107307006,-0.10832612743231743,1.15274631190334,1.0911799223646146,-0.3964315365260343,0.5854013981078734,-0.6414961164996784,-1.7976593255835078,-1.608878433387135,-1.6861082494255486,-1.0137578035461783,-0.8774123205013423,-1.1727429580859612,-0.5225779935295423
-3.8226841591372693,-3.567631794997411,-5.134823370888155,-5.549824580843225,-6.770657564017377,-7.9516934518714715,-5.083285419452212,-2.1228237425265535,-5.169558086346772,1.074402133022042,-3.2262218352911547,1.2581263059724033,0.5065021733889202,-0.11351629987364768,1.770286104426775,1.5454176702600708,1.097300236378746,0.735620956640042,0.7147361019589341,-0.22421523141474553,-0.11743314864763,-0.2221802213237348,1.2764310783455453,0.8140576087720158,0.20587575465596564,0.6655932767146524,-0.8129795171860275,-1.1129383623056626,-2.0952324578820556,-1.67173836732271,-1.3696429619843857,-0.7953160329490302,-1.2303196835055439,-0.06416586039924124
-4.070518681093024,-4.291955629385523,-5.326129214817097,-6.597800604532114,-8.23400440175769,-1.5511027044209047,-3.895495407953022,-1.2709029633948423,1.78884108948315,-3.9658210900226187,0.43337030932011233,-0.9737867992043187,-0.014209615390687743,-1.4783178053432255,0.6558694201869291,0.09646286906401358,0.9957557957291249,0.5177071900004543,0.2178328023853151,0.4023971400559833,0.6723295063368292,1.063022545625456,0.7175199038318261,1.0007301677253626,0.12399669194153275,0.5932275720048652,0.33674668529841956,-0.8357020249221674,-1.3981375202368522,-1.315256277267689,-2.3544946238830535,-0.6085383886262479,-1.218316454043344,-0.29516898823344134
-3.7051285703843266,-5.1203442529908285,-5.86578835386083,-6.904293781774921,-4.462806257555061,0.3320003683880323,-0.0231528441264929,-2.137166778402916,2.329326180794725,-3.1785610734048286,-4.752620501153194,-2.4641896290806358,-1.004969579763004,-4.066209030671162,0.02430804668837292,-0.540418820095513,0.5390324357176618,-0.5434652391146726,-0.4943630477359479,-0.508633829165192,0.5039285352951113,1.1302515011854697,1.054272602499122,0.6258994601140961,-0.22607942444983764,0.4881797132818597,0.532437884009,-1.1438586572864866,-2.0017151404031814,-3.4431733023437867,-2.6313663357154864,-1.0742401387448453,-1.5317163333463242,-0.2767019266877376
-3.4938394613505395,-4.639762746078413,-5.7274500725862865,-4.458177276924301,-4.759447359297847,-4.345513992121714,-2.3554546269471888,0.9701767563913722,-1.0694530017185546,-3.689037773672333,-3.9700681012206944,-3.805364480513597,0.19188751368170265,-0.48696566971694594,-2.939916802142665,-0.5968803767060986,-0.5205789698383421,-0.49482378345658834,0.027975767691620582,1.0124770245148005,0.7220454713299662,1.8691757340080875,0.3101932553127571,0.12520869682553137,-0.20260541850966285,0.8989450176226396,-0.537713388149383,0.017225333308733357,-1.940925467007476,-3.0049431246949987,-3.5313307862191534,-1.383921672342684,-1.6342308200349092,-0.7990617081916541
-3.5090836760697313,-4.476170275487496,-4.696712006571324,-2.1871364095923935,-1.0404026184854689,0.12588598851774074,-0.9662340476393024,-0.864478990119663,-1.8606215903876493,-3.384303298619241,-1.1063292087453727,-2.9250571959137477,-1.4688990256613417,-1.834729305845431,-1.402445732162589,-2.744604307094466,-0.18146786036222676,0.573417688494396,0.8906544599490456,0.3862428895774317,0.34812551588147067,0.24678250941094787,0.41764311244921815,-0.02775760274133691,0.2578590623304886,0.5988757044947802,-0.13180013779168864,-0.8248018420045337,-1.8342378835836917,-4.295298387675627,-3.0237809105642124,-2.0370477983464017,-2.4575420220547977,-2.0102834686025948
-2.424386339161156,-3.847125515240471,-3.327620734529725,-2.7140238172309936,-0.14256660813005667,-0.22779909659842912,-0.9998698612954873,-0.7444656488262393,-0.8696977964998075,-3.0985872419552156,-3.3287550042684475,-3.9800684205507784,-1.238428836624514,-2.65431981285223,0.13162715844915915,-2.594796768374639,-0.8914830070263123,0.5687761548216557,-0.026981946839038786,0.008678346496583457,0.9781372336957532,0.7298939216756841,-0.9844142654485879,-0.1523561983139808,0.12856649870601367,-0.9833980067971139,0.28049135302943473,-0.7589603021541778,-1.845516238431447,-4.400398876626943,-2.950797393782507,-3.6423172551701044,-2.622416009801623,-1.8986514134726113
-1.2392042125193574,-2.8874208388353337,-2.6895378605763147,-1.9825434704371951,0.7847152231667884,0.5496003811983412,-4.803405004318067,-0.21266260673691362,-0.6579831378489002,-0.6139492329946705,-4.139915348285296,-2.844843146212685,-0.5726525481973918,-0.1526252425110857,-0.292423678355561,0.7839864217463218,-0.020430202763283254,-0.02923594361936254,0.3987323354011147,-0.01444496812199552,0.37574499430071095,-0.9389624392608533,0.05901390770582116,-1.534858647392012,-0.1481451155862133,-0.36143045185510214,0.21207870959093436,-0.3710403026412646,-1.2084499377908682,-4.512941056827761,-2.644715004358887,-3.424186076574667,-2.1551459967527142,-0.5998893085178753
-0.1879951035438655,-2.142593414821992,-1.8340881804242604,-0.9410744341412367,1.1663966108873436,-0.21044693780745105,-1.3857950231039968,-0.1446146203756502,-4.302810578956879,-3.7748718267376153,-1.0025819163962801,-2.345426720374548,-0.5856958797493039,-1.3872011350704712,-0.5029235130901824,-0.18983860674350772,1.2934483508713428,-0.4718625488569277,-0.7991712507171025,-0.12351172897766761,0.17923912687178567,0.05363510779013465,-0.10395942757056999,0.1386298063001941,-0.18285050443933604,-0.28489650950550854,-0.7975336816582144,-0.6947168877014541,-0.04944340067899561,-4.507902630578117,-4.679129558118256,-1.41877678562137,-2.9230778702612374,-1.3544696768892934
0.5157073319326805,-0.7653424041207455,-0.9286247427327683,-0.8444360614368126,1.0101826200112847,0.7087452570793379,-2.68909632333535,-1.3714797097132447,-4.6740963250020755,-3.44194496049392,-3.3396231541144834,-1.339936516071174,-1.1246079768930868,-0.3671981995251182,0.5142107940061249,0.8946396585736878,-1.1071057973235785,-0.6519060252636986,-1.3596118001417599,0.7594898446224458,-0.7063131849305792,-0.18550446579741586,0.28606036476823227,0.1795516007625019,-0.14424424377674255,-1.0491458491517769,-0.5686530726241105,-0.1967662064876027,0.11524655511841886,0.5362079953819713,-3.265793583498762,-3.2037205379958262,-0.8000937239389818,-1.3190240232346415
1.397095822271536,0.4544672694992925,-0.16935239181801978,-1.3298465078482076,0.5304470339646893,0.21116147538338428,-0.38327061082194525,-2.1418797297721826,-4.491722403644525,-3.418904189714787,-2.64317694886943,-2.2678460975287527,0.15911014693858605,-0.8072656641278552,-0.8339607430614403,-0.5323474284103865,-0.7977525737461757,0.29383890880825564,-0.2546526422798095,-1.2114966305290378,0.31067686477548967,0.40273301687678104,0.07721232081233234,-0.12766361333412543,-0.5333276735961797,-0.008655617392039463,-1.0363199427704357,-0.6164863109044232,0.3403458370073724,0.5606744580080334,0.8878066297932832,-1.9156372805828614,-2.1386729063530385,1.0523689690224045
2.182821371988179,1.4605760774010486,0.7270589623488473,-0.8877631413076622,1.4238063683901425,0.39743480175938883,0.2621395680134861,0.9613041309154203,-2.9388527646813563,-2.588652477282062,-2.53837383627725,-1.6670608868502654,-1.3594554199881113,0.12033016781714113,-0.5589211391782783,-0.08093181897742778,0.5886112551135808,-0.2817791708337857,-0.7065585612220907,-0.805225391145375,-1.2355944196735724,0.4677992178589348,0.08323993391932169,-0.6204512593422075,-0.11939650709957539,-0.6817983502053401,1.0138871159911809,-0.45912040095139106,-0.2298246067731252,0.8070443076579994,0.9706192877846253,-0.435947120772849,-3.4595035760494595,-0.6501649000369394
3.053725714766512,2.261993248926738,1.458902737621435,0.5540573961021596,1.4196868086657992,-0.24790080497610767,-0.8229950649071328,0.18249591466499307,-3.351375718794583,-1.1228365718948226,-1.0807831173548754,-1.764613991866814,-0.32001983198984063,-1.1383701211378405,0.4425848108860266,0.5533652219408045,1.1367775792755268,0.5757374450844669,-1.512426488909173,-1.2094310696963595,-1.4111081700973067,0.29344671047025295,0.037545598310724154,-0.7834563999902023,-0.7813332228423859,-0.28553334875450836,0.22845020538087613,-0.7123825501955164,-0.8269300029374589,0.24547806065317118,-0.8398302034239087,-0.6587045924589253,-0.7585871703381986,0.7489188626679255
4.1589494644039675,3.0572394688604962,2.026871601218127,0.8393071385819649,0.3860464003476646,0.4415451621416082,-0.30866295280476075,-0.234734670376461,-4.38622658594867,-3.388624438282859,0.011170110098909856,-0.7459621222678031,-0.5071665458545064,-0.5877129085353812,0.08486604867822198,-0.8674496699676911,1.1143864479857404,0.4443087605436199,-1.6192450217017054,-1.660983708634075,-1.3621020818658292,-0.11582636369146244,0.9779077093474552,-0.3741981633159413,-0.7604263596146615,-1.0203310157524035,-0.5810340885450997,-0.37890813037681914,-1.5442306126820886,0.5012409071247057,-1.6461453936321477,0.2938507987010669,-1.1699970294168998,1.1188052199161636
4.907853141846444,3.8711794189154203,2.8409497692928283,1.2324707364264538,0.6682060982097768,1.893675790293139,0.21254354290475652,0.11080549807824851,-3.8602317295176247,-0.4631860783302063,-0.7214732853047813,1.6045373097465587,-2.2300377490200614,-1.4217320576327295,-0.11899329579087364,1.5392524684867137,2.259568925134672,1.9489539366303512,-1.7027604725373582,-1.4288274612299627,-1.3314008873069516,-0.206817851643452,1.326014025362658,-0.3498491038777449,0.27666602227150644,-1.1757972470261115,0.39429937752751515,-0.10499513151140949,-0.3483762845649386,-0.4781041714768169,-0.6553175635423252,-0.1520631978646817,1.3315010630200268,1.8427395283529306
5.135803733561323,5.077157681205526,3.913286839329324,2.0211004623664564,1.5057367189347939,1.695591604331349,-0.48111376854893084,-1.653920323033699,-3.210502662634062,0.010711150978793849,-0.9742421514436531,-1.5460947561412255,-0.233844718191222,-1.1503506670857069,0.014080143361035248,2.2657912753079117,2.9647720541519176,1.7335003945541279,-2.137305280196755,-2.082398720435497,2.3685632144402544,-0.5350265410674216,-0.7581941314162901,-0.6250662257163841,-0.9004095282008261,-0.8619783132316282,-1.0460541592153023,-0.5283301150929579,-0.403872473140728,-0.8183880561258867,-0.3233697344457659,1.3455627026034302,2.169993517943397,2.5479005672824995
