script/wind10m.json
{"header": {"parameterCategory": 2, "parameterNumber": 2, "lo1": 6.000027932988019, "la1": 58.9999434238085, "dx": 0.5, "dy": 0.25, "nx": 22, "ny": 24, "refTime": "2024-07-24T10:00:00.000Z"}, "data":
[rows 0 to 23 of 24, columns 0 to 21 of 22]
2.276404380502816,2.454544577814448,4.184548702772563,-1.021711314379106,-1.2582076428070548,-0.9599466323657037,-0.8498958112106878,-0.9165842706820149,-0.9660300746058453,-2.3626372952931765,0.863641085552098,0.6713674489638513,0.2741143880123741,0.3880652409487711,-1.1180336283046226,1.0759708680430278,0.431782424380471,0.2710220932666012,0.40939138216126075,0.8291497581674757,0.6104889805258902,1.399990759738891
1.91085039886277,2.1120385549268983,1.2034234583354042,0.17054240666920853,-1.6738145529207573,-0.7884955360767154,-0.7740093716013295,-3.905225972271075,-1.4903578182238542,-1.2284704150132109,2.3552844225194027,0.34749264213418696,-0.17150554415605335,-0.21312127854596288,-0.6058270296498378,-0.27684887185097806,-0.03544144896311963,-0.2930228505609127,-0.6853862862777056,0.39356729609422497,0.3873642336482837,0.895989289333814
1.505311080725648,1.7427290235553488,1.2874667485555162,-0.1316237117378716,-1.3715808649875239,-1.1865938339001996,-5.2918131702697995,-3.053139861442444,-3.3280241583652463,1.034408707845715,1.6883496547044967,1.0945006680160523,-0.8325401076711448,-2.6377590062640297,-0.8961919452182975,0.4139450081463806,-0.46684949030573464,-1.8118312470937932,-1.0220466342224712,0.2112387030562342,0.23126627538851066,0.4036680850217311
8.26012036985733,2.3734487423371977,1.2135201782594773,-0.49025279542339456,-1.1540630624873964,-5.300029471161372,-3.063142403552042,-0.7058249673717728,-0.22554982874474153,0.2893906685135072,1.9156986863752714,3.023911436367432,0.4408996587729291,0.20590621071373805,-1.347997190562436,1.175223261498947,-0.6094986466992176,-2.0876619072058573,-0.7392826430242174,0.13639023494286062,0.05081698841422971,0.840939694962042
7.35982585735224,9.250308741922405,5.217515309432926,0.6744239184311098,-5.1869972294944064,-2.1960910256547437,-1.722702864557202,-1.089997419009227,-0.9267898304216222,-0.5258899011749038,0.44197198863492393,2.981130646327603,0.296108785546734,0.16576099760190605,-0.46053773472630966,1.924053044297365,0.311354167168531,0.9632501631248223,-0.4560463942763311,-0.1660085329908732,0.4406022828969715,1.2826553392461209
7.626477393200188,8.182084661491572,8.021004238796113,5.7845840189605955,-1.3659139084481613,-1.2745852109694042,-1.1838155276049225,-1.4011508159201527,-1.3573310300521066,-0.17244023143774978,-0.0010853627637939316,1.3487864481107754,1.4045220654983865,1.0363025660153222,0.7728181137634148,0.7343989426612996,0.9419119695809961,0.03963115100478432,0.778516053260398,0.5527995593718567,0.3987267068775142,0.38861485341783447
8.021549552351658,8.578739272797877,8.044809397570678,6.14620181274168,2.1834294383124844,0.27862892588225446,-0.7374085738229947,-0.2395744253945024,-0.402693049562911,-1.078775254536624,0.7712931647570065,2.3466828378835736,1.9019590153529777,1.137192979760252,0.15463844772649482,1.4514000191153218,1.2321557203016171,1.111199632285263,0.6782379100263093,0.6048892754190878,0.21003622443376294,0.68614847635965
8.062655650951248,8.819378136478365,8.990058231430025,7.943195616883696,5.174889461431026,3.571821336099998,0.7375291570708933,0.638589487169031,-0.11506874802566847,-2.3559127809597213,-1.0942601188165935,1.6509042527818334,4.633259890152009,-0.449414320935978,0.5267899414347413,0.8245378210195256,0.43682593025844796,1.0827605837616638,0.3924719078269613,-0.16738549598883776,-0.1888044579528707,0.38006058642280166
7.981027489151782,8.842703113987142,9.14697094446888,9.264269931950409,7.7505461512563345,2.608774993518716,3.6475818161858014,2.9268852355510226,0.8140302273017306,-1.952596639655592,1.152632277262386,1.8768270785280967,2.6767213928877016,2.1324313057788338,1.2002418142668778,1.2620365998643213,0.3692863301253972,1.4796929851367453,1.3171721066048772,0.330578130630983,0.12409292571894691,0.5054637537133448
7.817320660815509,8.669032022249251,9.106833081423627,9.299649550666045,9.249631592497984,6.397608520851614,4.229933151180701,4.106352140843264,3.431966753689472,-1.6546587191817772,2.618575891501286,3.0434170400924563,2.9390923594267586,3.9492344290534143,2.001634406906444,1.89312875284183,1.1384657068816877,1.798506567139087,1.2269846796469397,-0.011341281577396006,-0.3340684995910734,2.1766412286671613
7.557660910808752,8.459123385127297,8.95578485665991,8.945272043910405,8.944933718188812,6.259063275935566,4.367394360084722,4.7161441158854585,4.805620691074538,3.742975291749764,3.105485098769224,3.726921641893828,3.8249451074325185,4.684143740375344,3.4668242213814278,1.608556597623443,1.3635947848141874,1.601878520346312,1.0312162640629454,1.1943489872058914,-0.5353096891927335,0.12110851195992572
7.446384451459588,7.964993896506848,8.362604646876449,8.788652134212752,8.492821058104644,4.539564914105257,5.090676185906748,5.455703724124321,4.571634942397839,4.4570745316525056,3.9616179999789303,3.5165973670081594,4.319713905728495,4.16078482227708,2.95739539865494,1.912270033426049,1.0825861727839885,1.2079015096981751,0.9311984130767545,0.008114166210577235,-0.10553334499672112,-0.3552647058272584
7.370581253878057,7.514943491448539,7.919742485474878,8.244780151774796,8.55941593567363,5.197125401294736,4.571950656623465,3.9305627592010772,4.929613294889014,6.570651660459151,6.339459152128963,5.2425353907276735,2.802628185938147,2.5121303610704615,2.484640961033417,1.095206883528131,1.0829085796946463,2.1516488040315846,1.9130056309225865,1.7575443568996523,0.6411528978906113,1.3241196042656345
6.765900600719621,7.094875876188577,7.710165948508403,7.684520658889639,7.8300973176764295,5.162014696154686,4.644017034652774,4.1052650837673,6.007896618543916,6.40857624645315,6.163065234912428,4.88024102299641,3.4299493247847606,2.895489890531479,3.4589168530087804,2.856529029050696,2.0666516500577887,-0.7068613443064343,2.4703563953644303,2.7996699795928883,1.0668232599423806,3.574065651578331
6.360385093224357,6.873027749308037,7.354170904072797,7.505272363567521,7.540009093747993,4.995040092925672,5.1338792084513525,5.169828138223411,4.954140583212746,6.077986306719148,7.90679572422773,4.233821006404672,2.8416950262633547,4.113387081514907,4.736402529127701,3.1550657550996535,2.5658332556061776,-1.17554296618142,1.2725325528086047,2.7021030251211138,1.8630256736340816,2.9389186104073723
5.480094912012421,6.562111164755622,6.863356628667755,7.184731669422094,7.397294186416581,7.698786543068804,4.5934510006458895,5.22428987385036,5.70247893391576,4.8410902314301305,5.743847852714223,4.088845619750152,3.6469108755546955,4.563385784422108,6.335609167641452,7.04883417587857,6.294812155544507,5.7670440395167235,1.673809538712265,3.5997014474231777,1.9663791687049978,2.6319320538205293
5.097246296467587,6.175296567339035,6.604949921592439,6.827047142824299,7.198658268101759,7.567874809251652,5.309815603825331,4.373177189793845,7.511752972780466,6.968444189612561,6.521172496687013,6.374595964066529,4.316177263340088,3.8700902241094615,6.796336766780267,6.6330561932825525,5.024995473667027,5.167439794570373,3.4557046470574733,4.826981336547758,2.295832403709395,3.5947545242760346
4.511712655051095,5.269091118052616,5.92609989640231,6.3445912609501525,6.48385958763892,6.446485549667073,3.918362103987028,5.200228159135047,6.776252922678717,8.106000928820645,7.964384969140496,4.773512261189343,4.244463841222623,6.44891218056001,6.395752964197369,6.50962571610535,5.41925026810782,4.61260078654215,5.021874420101705,3.784454633811082,4.68278509638734,3.354545616919763
4.195177953572427,5.0018900910044195,5.5563192132612595,6.016146500823505,6.451767109873512,6.836835869091951,4.7215073431847445,4.33400374340755,6.605201367602884,7.056335205819874,7.316065682977908,8.918479140354123,6.786201254576677,6.058747498285244,7.193034808962394,5.575845765262228,4.9825382728940495,4.021838230402323,4.337773715693257,2.589696707373021,4.963098839624187,2.018803273152286
3.424393280741186,4.310243850836312,4.812358745072294,5.634602391939391,5.98227871542065,6.640668918693255,4.5066521763884175,4.3670832123000025,4.001866158645685,3.9764734284595784,5.051130040707837,8.366130219397908,8.10344572244446,5.126655643252551,2.9101656457347396,6.771857056590142,4.8519895756291485,5.212026896108137,5.8382153688290535,2.9279634206420035,4.039118452138533,0.6443323596794518
3.0056759045799852,3.4600723607961217,4.302654033939156,5.461888413838809,5.4843349774562276,6.467823710599147,5.151022790451821,4.15443784040368,3.383501909570193,3.678231760356121,4.955535779389725,4.805157801500379,4.716052256709927,4.869651834705764,3.8321479131010117,3.9703536081668944,5.004397683594465,6.744327837011083,3.066572390433532,3.237306625356428,-1.0206770744363587,0.29268512304215555
2.835318912919522,3.2505191857437823,4.241086680689714,4.8776640937703135,5.183063357448223,5.756115946519357,4.2810521826487,5.205414021483763,3.3522100164674034,3.685424240766016,3.9463509945582893,3.7280471592081117,3.86337610979791,4.1637676459190365,4.298900343272792,3.6146718061590106,3.795016525188293,7.27343651161298,1.6470324169710708,2.4775555773118247,2.735033295945544,0.6749195155393056
3.311231279030516,3.4994173827268744,4.201291935787313,2.553208707434636,3.262412032324796,3.3449275898677184,2.8471624513587157,2.8448771503818384,4.473200279033066,3.390200831987614,3.3771769540079486,3.0292149042299603,4.080704892504073,2.5963790353797602,3.898557793205682,4.2758040138819124,1.6466093481652142,2.069366262720988,3.6129556697000034,2.174430223127972,1.4292644180807659,0.3824866789115757
2.4908889581792097,2.3676395243564987,2.7551888005271725,2.8715282630806946,2.03706944011457,2.496886860880778,3.4855783555329367,3.459664622258851,3.007843736672183,2.8035720528693386,2.284470364363586,2.262459716617179,3.2030115000693913,2.330545957119412,2.402114973850822,2.935484844340182,4.697017972413085,1.5839579698365451,3.0744934549776586,3.33861253653091,1.639455382158705,1.494937890589805
