script/wind10m.json
{"header": {"parameterCategory": 2, "parameterNumber": 3, "lo1": 6.000027932988019, "la1": 58.9999434238085, "dx": 0.5, "dy": 0.25, "nx": 22, "ny": 24, "refTime": "2024-05-11T10:00:00.000Z"}, "data":
[rows 0 to 23 of 24, columns 0 to 21 of 22]
-1.2919487598569857,1.3169997355344756,0.6565086734415717,0.5610374388171556,0.037471831358358555,-0.1554234377975308,0.23721029504334762,0.3327436044316017,2.1755647530266025,0.30071125158328016,0.3161145388251087,0.5159966237605024,0.7948028255160635,0.8997593779975077,2.0583387866906775,-0.1673993451893672,-0.28326792404866,-0.724745306612117,-0.8741130316701371,-1.2922028482660428,-0.9534798645719703,-1.1573452795318706
2.636266919228568,0.602540013039832,0.6603562854639556,0.483831097088336,0.8501752827060082,0.8077262644289496,0.6106018268763007,0.08096443101546238,-0.0512370089364858,0.6054692248220876,0.41027421161980454,0.9716731548138063,0.9612594147281992,0.4536061894538695,-1.3767914747666756,-2.6193259952783077,-0.5845316170775141,-0.9707260620328697,-0.802828105780278,-0.9373703048819285,-1.1757802765513836,-1.4634729506772761
1.1208304494840102,0.2831922150965276,0.6637234817546733,-0.6310043672845957,0.3531932836211043,0.6835705255603026,-0.7485376931653278,-0.3851758490931078,1.0897027146737734,1.4338929874142745,1.2621864933509728,0.9508321686395026,0.6006884291106395,-1.203564548048665,-1.3559471617093917,-0.44664333522150895,-0.8833938648228004,1.2209696426118413,-0.2169885525623597,1.354213488267425,-0.9146078449854312,-0.6933991517908492
4.172425467698085,1.3489490198189975,-0.0947575412095282,-0.3227247984428361,1.1671183884537197,-0.08700867677117442,-2.868722343138279,-0.2913057058446417,1.9148689836425428,1.7943141136261533,1.0414683009853807,-0.047325651382825164,0.6507238083949388,0.6163570886370974,-0.08742751882761576,-0.3851522291746305,-0.647196026024298,0.8475819218751265,-1.5169006700116594,-1.4601111495857046,-1.1476075304466649,-1.2045989995511481
3.7206973743251157,2.1493338312965795,0.051315772190132336,0.8542124917240941,0.7979180480004667,-1.6783344604334074,-2.590905298536146,0.7005914931109597,2.7844519919542985,1.2275606697036885,0.6163211650891405,0.4230284252733222,0.7322296541336821,0.19150104234988954,0.13673572744954765,-0.8579318652921203,0.6940606340578015,-1.1037506207059007,-0.7434459904144964,-0.5767002980818977,-0.6670140014820523,-1.1371868049698661
3.5917491024156396,2.278373703758407,-0.7132018738371851,-1.1541782884811123,-0.9406856832461391,-2.3802255510391883,-1.9430272374959048,1.7097753347159836,2.0559114446460867,-0.3355081244105584,0.906241534514691,-0.9796032742854495,-0.19207138437401008,0.20760519282512757,-0.2101563369414288,-0.2727875944630039,-0.8608419335920852,-0.31380133175413866,-1.0115072235631632,0.1732945758442168,0.34384466897622035,-0.06040580711587327
2.297074060730406,1.99855341883887,0.41826229164761625,0.7605284108980711,-1.5144752764025964,-2.705218708400609,-2.374132278845747,1.7755697258242522,1.6848869729651221,2.0825294722315384,0.08172924039760554,-1.2694656759507392,0.188635593115693,0.1372329351904673,-0.052640231400625945,0.013750183756374747,0.02281805059951187,0.7694443792295536,0.8376863589143588,1.0903008262807075,0.726333617040946,0.6000722251006907
2.092495152310071,1.2436397722588424,1.5452142912343716,-0.36779746875624414,-1.5019065408432621,0.04433099859807345,0.12829786872116164,-0.22060601122126283,1.3112332678747884,1.9129028009149303,1.3622670650156614,-2.1508648307463476,-2.390486980125819,-0.7683675852045591,0.4128090004579184,0.7683100103627244,1.174702562296313,1.3600133721519472,1.7945243355471234,0.9617294417472521,1.2124933330490837,2.073085228599014
2.1966931949209325,1.3227993229661268,1.2235969048720745,-0.21873190565303757,0.34329275700251316,-1.3140838800311916,2.714078776670344,-0.34166891426735385,0.7433936321123813,1.137632449733189,-1.2378594083599779,-2.4224250607799545,-1.043917953487103,0.7683747138522308,0.7854279119039715,1.2427716157299413,1.385606675950948,1.7191079045504978,1.473403186969872,0.9946716555307853,0.6715839170323156,6.3214479259489815
1.6165195834261623,1.837102562932552,1.2357773718577194,1.494402487211085,0.1846467284055371,-1.1167040694784365,-1.2101117478433243,0.04751902340294024,0.3043607812358529,-0.4229887673273007,-2.4538640900722983,-3.2476982154804968,-1.1829021277450813,1.6628490393691744,0.5991544961015571,0.8022504984799814,1.5970000707541139,1.4472022800079805,0.8842343530281824,0.5715583450963951,1.246175895811462,4.504840179739158
1.7990187122823709,1.900657818700335,0.8038172820334674,0.5841963140077827,-1.0594786957136801,-1.5614046699163453,-0.6314589199795325,-0.4857752414607523,-0.3994301245667416,-1.506323796388368,-2.856597333560621,-3.904871656387109,-0.9873221143364633,-1.4116560722998506,0.6737758335402485,0.9275102094162476,1.3445998855395973,1.8203007255140324,1.3366917398360085,0.5529162944456377,0.609888394579313,1.7928665944218773
2.3951548024168554,2.307294833699309,1.0125695155466268,0.8527283700421393,-0.666687795930571,-0.8921292265369843,-0.8845413158793637,-0.07901761769405179,-0.6792093599743835,-1.3249945133463463,-3.7855474940314093,-3.6768819284472145,-1.9296496155637126,0.16122342903591802,-0.05796871598304502,-0.08417147541926377,1.4315943012047818,1.6460864258043866,0.9682769256953321,0.8428834014392413,1.0184894058563214,1.680802386247517
2.1747740481694775,1.9018851850952232,2.2773023126461793,-0.2883807107129682,-2.1124707616859397,-0.16432405133345498,-0.6308145383288177,-0.1456804716192937,-0.3618669684537899,0.0014063970093203583,-2.304806958410836,-3.6383576662808657,-2.3964947755752855,-0.20167556731794745,-0.5763816263776368,-0.5149811415370694,0.5267935164167761,1.4221754194547016,1.3541990707116418,1.626150008304497,0.5657015529036677,1.0913786810439985
2.122091569137272,1.7125975464153462,1.6466476548812161,-1.256995928961035,-1.5265059957714564,-0.63560306337998,-0.607373946864838,-0.7067515124246421,0.47024543628660553,-1.610959951268971,-2.4009147782211815,-2.5713255360316545,-1.5454433144415114,-1.1111520052782426,-0.8179403501803326,-1.5884799720172023,-0.2682207569138542,2.289505371214389,4.20220744160306,5.228162593333946,2.907885371661032,2.3825055964927166
1.0523796829755858,1.7924891957743527,-0.010792239676021772,0.45636071477078677,1.5392759218039476,-0.2701644450984394,-0.5731789946536816,0.7443772938162,-2.0596202823265517,-3.185873892487164,-4.088930590932287,-1.4962811849340678,-0.8972984196106751,0.34269109097888834,-1.4909056511419674,-1.8694483245768356,-1.0952215467983908,1.3673847246012274,3.0820045920271655,4.614547798089824,5.6283714263767335,3.7692144384257933
1.692258329369543,0.785175155911718,0.40946383411101034,0.3728603399796789,1.0912247779022517,-0.008307217142848728,0.2424612122674588,-0.7282125333840612,-1.3020516458305307,-1.9643750007154723,-4.2246275030277705,-1.383294339151851,-1.4971698982612671,-2.7302380840874405,2.9443802400356787,0.8796723351877312,-1.9974243003307208,2.7870762809639302,2.6421381188728406,2.4816687387914507,3.979897304346988,4.656538141181147
1.0485322823730594,0.6314406665618769,0.7806782793565351,-0.11148489675110129,-0.6778140935643537,-1.4227269223011874,-1.0912050073192099,-2.013506475065577,-1.6963474484934384,-1.366838925114477,-2.781483140111098,-1.4111757312718896,-1.9150444759033145,-2.081997860316729,-1.0657472976846423,-0.36037883591068204,-3.3350283851903715,1.8329076501397021,0.7579497188686177,3.803920288890341,1.6339734064973415,3.2922590618287666
0.5417629939983283,0.6125471181861305,0.37821810343338874,-0.6168804374655186,-0.9098627706616976,-0.9098863071271828,-1.0858102211302072,-1.601782081429132,-1.9906580379531964,-4.874845819031821,-3.769356351999075,-3.2612163128977616,0.16365287648641,-0.7310285875605927,-2.801028566203354,-1.3582209483275163,-3.7850006369107194,-3.084749793040716,2.830277189453181,2.694239519912714,2.225020535363465,1.6390978036858515
1.0610069526809667,0.5267274508134246,0.05866927970737102,-0.7728423687307471,-0.7188781180266515,-2.573537673363297,-1.414486962118068,-0.49658781254034917,-0.08665355022790226,0.7542766753294189,-3.648979144798547,1.1350939110501452,-0.5021683177870261,-2.4728272739984445,-3.6153424275931707,-2.528025324219647,-3.3032536867452222,-2.6193346455513775,-1.3437387587319038,3.2904243789345897,2.105737016293373,0.367408887869338
-0.3155549857852045,-0.6415003409403787,-1.025231448519953,-1.282248984710426,-4.02480442274998,-4.8691866569601565,-1.2287313493610554,-1.2196907807686128,-1.62984678498024,-1.9070083945293639,-1.7784601661689312,-0.555828848389898,-3.240669409147141,-2.647234627721483,-1.998660115653931,1.8090999402498829,-0.6822155309658614,-2.3850216716564643,-1.0907274669533498,-0.5385317077538035,3.102759749129137,0.8067119916505024
-1.1251266389622991,-1.9216231315300425,-2.6499274971976674,-3.8498777364295687,-3.8185610843366624,-3.474593130324402,-1.1964191808127183,-0.9863361846231635,-1.3002872994523733,-1.8772231882274852,-1.8324844573745316,-2.6526112892161295,-2.8368906587730978,-2.07575580210404,-1.5337269191242606,-2.826358214292987,-2.362134536732368,-2.7435127302128377,-1.0393106531233705,-1.2432865284829056,1.651007392120428,1.204824608206728
-1.2034359305565792,-2.7917105023172053,-3.319161177487325,-3.9296728199222875,-3.9886008500909544,-3.244365372190244,-0.9995708987808458,-1.18032283955186,-1.32334356678182,-1.7834176914380986,-2.4571390233563144,-1.7718115598333424,-1.456015157631422,-1.6516732165729857,-1.3582917079917898,-0.8588882256221096,-1.980457901550991,-1.585511304009934,-1.1768943658931812,-0.5737210164294755,1.47817887324209,1.396900449542238
-2.9643244895890044,-2.4008622403483413,-3.8521020738191365,-1.4794658594334715,-1.6897604988019834,-1.2939351742085825,-1.1776837399029436,-1.1782610021915148,-1.5486068915495446,-2.060035609070815,-1.9264054044521246,-2.1971544060496826,-1.7866901778650048,-0.8586633482085871,-1.2945310842074031,-0.9473767554235776,-0.5607093955242942,-0.7322996196074436,-1.694208058262354,-0.9261180895723755,0.6240362441666258,0.15556232044772664
-0.7260925893148569,-0.9549971756894082,-0.9965287599891351,-1.0337322549198937,-1.3181048762885634,-1.5011730338334632,-1.8066219113869286,-1.4727906980275545,-1.615903854839273,-1.2667605720519084,-1.5497707362696005,-1.5259368965745392,-1.94938269398758,-1.3199221870468594,-2.382967820118927,-1.2761895145102646,-1.2634331500454916,-1.296734732155521,-2.627645733553492,-1.1959448871486988,-0.03238835136203938,-0.2263824268692016
