script/wind150m.json
{"header": {"parameterCategory": 2, "parameterNumber": 2, "lo1": 6.000198445256149, "la1": 58.999992894266676, "dx": 0.5, "dy": 0.25, "nx": 22, "ny": 24, "refTime": "2024-02-25T09:00:00.000Z"}, "data":
[rows 0 to 23 of 24, columns 0 to 21 of 22]
1.131210369690455,1.452203967263942,2.3153502039297402,-2.0679259632742557,-3.0735317346303748,-0.4062425192218556,-2.0529861431667302,-1.8497424768917408,-3.5221438103176452,0.6392770741450851,1.5084952177205875,2.843771552463903,0.8691603802093156,1.7200536409860285,4.486529429875604,0.7962840608223363,1.2288998560581472,-5.003075133645116,0.8952505946513912,3.2142727779957476,1.5026854636321842,5.966303060667719
-2.161982004933783,1.0479251293197727,-1.8765027703029211,5.695332222442898,3.538650094976857,0.5895553632991407,1.6762525521512988,-4.668214735632334,-2.6054643457538726,-0.637673483137721,-5.331137802275381,3.1689140920752776,3.9176782522747033,2.207742291388485,3.880747918492272,2.252365014579865,-4.339684441914676,-0.9317241818618281,-2.419025285066177,-0.8107638019180562,-2.4755463243648865,0.8372302560959838
3.135874338568281,-0.3196055767094136,-1.5489514933523283,0.36941438854858066,-1.7634934533290663,-3.7461169439006023,2.4707511995200773,2.65416668834495,-0.0403834075026321,-2.126115861887249,-0.48820724738641263,3.671348529997536,1.3072871032647724,-0.007040110307531116,0.7574862737922256,1.3765086192612568,-2.391747372637669,-0.4225478150910874,-3.0494623116150334,-3.0273663263801045,5.174736099989755,1.4410852771810283
-1.7297370681408273,-4.932476482756063,-0.012877144381817357,-0.08412664098736396,-2.7060500734326807,-1.9056876073997258,-2.4536443479394543,3.6886185243756557,0.7625601248474752,-2.2419393964525853,-1.06273458651308,0.23439720506524123,-3.292728164825932,-2.2744970685434276,-1.0701580197724192,1.2789614849029247,-2.4119359145180934,-3.644323507559526,-3.540326753120656,-0.457723217530257,2.508336378291029,-1.9862432326256587
-1.085156018658248,-2.3883631941452648,1.8158895679675087,2.148884686731781,-2.6336338133970614,-1.407767795262399,3.61659546980782,0.8427603594279258,4.6157443176492725,0.4241441776243878,-0.05078066333335251,2.9423347050424433,1.9923768419287713,-4.115945823637045,0.6712948594403276,-1.504747408501526,-3.590971679480194,-0.3110780654419299,0.9952912112438731,2.2214703719598483,2.965588001157864,-4.458127084910238
-0.8018769466055581,-1.3608861943719732,-1.7955518924193774,-3.060732076515504,-0.0729334646554827,3.328075046667191,1.7277000977660777,-2.5668170704879625,1.311070148907166,-2.559900645694068,-2.243256310529416,1.270932391839188,-2.129062293703319,3.796980546504447,2.7691004622038045,1.4955788152596468,4.4830206383604345,0.29755820337131866,-1.717380449166055,0.9791223534797489,-2.1351768490604326,2.6519957847187214
-3.061922505974206,-1.7882341790901641,-3.409464543935895,-1.6989355739366063,-2.4906559524649796,2.334125786920277,3.4927216385616875,3.9387962228702644,-2.259902087797574,-1.9756168847377726,-2.7005959077990935,0.33539479115567483,1.0570531505916552,3.125417669227756,-0.3802351511630562,-0.6812013477423132,0.5800703959633002,-0.06657792445661792,-2.366393729100514,1.059539903287206,-2.6313526923271313,-1.2059923900969427
3.559789738026683,3.991650082400282,-2.016600668018888,-0.12413739047638128,-0.76572591731372,2.694715132276665,-1.1048493209763868,3.2003950337233897,-2.291253324302809,0.26888804871051264,-0.9299614572596404,-2.208064269270855,-1.959804430439986,2.368769308322206,2.8446742415243635,-0.3617115082850468,-4.901943777572988,-1.9813130053286507,-3.9116687244759527,0.47695898625120503,1.0805601161197125,-1.7563165205766509
-2.4256125624971068,-1.669547602440031,0.09823113912830854,-0.9044581688214335,-0.41515923307927216,2.10798341623212,-0.12859221463645884,4.308652730502597,4.0315413149326655,2.9118867520925282,-2.527457759623058,-0.014215500822778213,-1.380260074532922,-2.2468037214420193,1.5349590537761892,0.36883366342559887,-3.3725733041210058,-1.48598529430183,1.7922710646038171,-3.9590856350984858,-2.8517355500344546,-1.6650858383509657
2.9565368453326952,-2.0427313379489282,-3.0363323967543696,-0.8170664235737753,-1.9609303626860675,0.11120207185044706,2.2038445741524586,5.608019760330634,3.2401693593029166,1.9476765877129536,1.0965409474323626,1.1762197937975742,0.15012846582067274,-2.2241046586318656,1.1591806577755823,-1.8862355956356593,-3.1015136441850437,-0.8850561239641064,2.9602147409191057,2.4097794428208785,-1.853857563889791,3.697659093065643
-1.3223190785689698,5.760608041111238,-2.3543478687984054,-1.83210612170222,2.999967223080514,-1.0087545068758128,-3.0871100835643204,-1.8715658762062612,1.5987454127590934,1.6409765858605592,0.07597474255371116,1.248413878872325,3.441934445079306,2.3217757683885014,-0.34294783043420646,-1.361403320607579,-1.1442712461414524,3.203916318646788,-2.6026525226354598,1.077951072908766,1.6375399239919803,1.0332609205134247
0.14190929515013073,-0.3106519632968315,-4.608087940839492,0.26545182670154654,-2.730485031558629,-1.8460989861439712,-2.653886184820119,4.2020581955058205,-0.6743341347326527,1.0746368367167258,1.176183249965455,2.3806370136402806,-0.3647023567969385,0.8851111914600858,3.43509515490816,0.11218063582578057,-0.8626153686688165,6.058295501248578,0.46507512939732665,-1.1885880546298864,1.6335835568489043,1.2382489883927006
3.0646726662142068,-3.1365124285865926,2.8365624637617763,0.46169882621965447,2.6604254806722123,2.008244089297214,-1.123359102231455,-0.5741982813800847,-0.466873900413619,0.5257119257596491,6.192642845048725,-4.153808078323595,-0.6451960442905945,-3.923074131029127,-0.6863115397824753,2.309888058142786,1.7030611944794938,-0.12691106090891555,1.1057579250555574,-2.377333631661831,-2.9414713854940246,-0.8993710693674921
-1.8022576220948436,2.877892922324381,-2.5076308632501743,-1.982935831074439,1.1186583710286209,-0.16619117062033276,2.8719891759263665,-3.4543017863128114,-0.26957680182034965,-0.4957137533287397,1.0657330564889496,1.8173396696123227,0.7402266111316536,-0.5480711458163543,-1.183840094886745,-1.2683807591354765,0.9989480338079728,3.2300966376846816,2.8548686500192595,3.594387229852557,2.92348486424902,4.398144419417197
4.629290857863845,2.2727036953926594,3.3946848952191737,5.417049050372759,0.1493096500919172,2.3868745102740667,1.2668565947560777,-2.1717687502620184,-1.348610819201792,5.793873433828877,2.9415085202513445,-1.8119115337568839,0.22648485624799378,-3.486532200846481,0.5110513383523699,5.776248210040944,1.219730157126567,-2.2414450392649115,0.572320852853788,-2.624836531375317,0.6439124322136587,-2.7402492670040055
-0.14796329211842213,3.0663173193273208,-3.139530629938783,-0.26320189495522694,-0.5712661177712194,3.3283347622695363,2.6882358064707206,0.5001856520724792,1.1332932262242854,-2.2667280098522085,1.7759943910730491,-1.3771828650619529,3.276249278730192,-0.8530754787982642,-2.193837443677907,-4.2819352509324755,-2.469501089144385,-2.2567276986160327,3.3969009644045474,1.0842428520877176,-0.32752392422502086,3.1353276172145623
2.2934318527447806,-2.020371003715411,0.06445539960007453,-2.8237151806019085,2.4697632314377804,-2.957822713081035,-3.362704255259971,-1.0325755534924437,-2.2482813466159546,4.684309493531024,3.1617358332458103,2.650477789468883,-1.164146679212902,-2.906760878231404,-2.761306172699461,1.7579702261801118,-2.7687627595325184,-0.8984438086135668,-0.007201404852152395,0.6906419077254038,1.9996911824680867,-0.09284316947176524
1.6832472017890356,3.4278768923321854,-0.9517861282067867,-1.7302765472695352,-2.0035124824983415,4.844401972225706,-0.8417627580907152,-0.8431859263911832,1.7074132694862325,-1.8036377512195187,-0.5346718240877356,-0.3145118445353054,-0.3778114342975301,2.2426642512288884,-2.031564981102468,0.8557583119819838,0.4868901093021726,3.648842570254228,5.914481447487146,0.646663244455444,2.5571369818923015,2.2964304846856414
-3.0579582316023672,-0.6934677621185509,-2.160325883921342,-0.7737186885879964,-1.1068431681787239,-1.6178170115607913,-1.2815911299503258,0.3735933720700638,3.6112756871746226,1.3945418525555628,-1.4891584244696463,-2.1432483007385357,3.3277733699505903,1.695588793298039,-1.3863103761603062,0.4411006451437795,-0.2049881598503672,-2.4898189954576972,2.6913711966885248,-1.0087841300997964,-0.48833788959026736,2.8260005821997596
2.153662988264113,-4.126257305135367,-1.7558977675831822,-0.08742108308427346,-1.7129512311676343,1.0202314528389056,-3.017334564200933,-1.6220577533335816,2.680527615705549,1.2587632544887324,2.7894622820204535,-3.7933870231202187,1.9948738535419226,-1.3383283558739572,2.193554358947209,0.9164776626523313,1.4527851925484805,0.22769396199124123,-0.4816613851014177,0.17777707983974025,-2.710916590007692,-0.6114235959232601
-4.99910499677695,0.017389806748882734,2.4357455630480747,-1.6456120281254845,0.21047285168874913,1.866400073190642,2.2060070857706973,-0.11605268369931654,1.9237755092843456,1.0999262663378866,0.5774464195723628,2.680030297165668,-3.5592699313643608,2.514298416798995,-1.5531747615944438,-1.3195249128673314,3.8086045843029135,4.581643367469136,1.0818433241400964,2.6715716894214996,-2.8298069768433964,0.9539212252843379
1.9733234454575173,5.488574566092445,-2.6121797549459322,3.1074008689434502,5.00893902448909,-0.19470785116240297,-3.4756317940730463,4.575931600926191,1.4241845038108638,-5.287651157083013,-3.625701285886006,-0.48361114568961366,0.12883923446144205,3.9974192618454234,2.9062470176579103,2.686281662557413,-0.9056133656612443,-2.9150169719747883,2.3033360211051033,-0.656462927297155,0.13613703962364615,-2.908330232646235
-1.069637960405529,0.4086514682142622,1.4629502013413878,1.699004921985962,0.5991721594022217,1.030141984668858,2.5466689083174567,4.468351716351703,4.39243690062179,2.3721736684596717,2.834652453133574,0.9378300692336303,0.19520427825366632,1.5665203054450405,-0.7528695531442684,-0.8045280000390054,2.870064027323969,0.08503768488101543,-0.4069968577370481,-1.8367854976786202,-0.12765144390081196,0.05832445349227419
-0.6551518847401924,-3.4490288562791616,2.630827332397086,-0.08389407313186982,-0.9374890950604662,2.8426729809818854,-3.66069075039862,0.7200411806851016,0.8999744617638473,4.417106449893308,3.4021126557922976,0.3772599186312105,3.6034455676266073,1.26291073218686,1.2401704540319098,1.2113025549543477,2.1900161078522515,2.32110983489957,1.6302365041162046,-3.8012531107357193,3.493688258358647,-0.3276201205571932
