script/wind100m.json
{"header": {"parameterCategory": 2, "parameterNumber": 3, "lo1": 3.000054539987559, "la1": 64.9999836372058, "dx": 0.5, "dy": 0.25, "nx": 34, "ny": 52, "refTime": "2026-01-11T07:00:00.000Z"}, "data":
[rows 0 to 23 of 52, columns 0 to 33 of 34]
19.663445428242557,19.802472662464123,18.78161000543357,18.0430744965955,17.059168388953637,15.625785382228315,14.379395102250893,13.105261538074119,12.015771317147196,10.89167354178265,10.024490449234289,9.315535310118364,9.889024408904772,9.745160888106883,9.703785164134082,8.507596088587075,8.959167487722466,7.108240834192839,5.343857359913071,4.893407484118176,1.8177661828979887,1.1913618104713992,0.9567196234884486,-1.728854886820934,-2.9843008579560686,-0.8932092846611087,-0.9683661470092939,-1.0693519980251964,-0.33973632987002245,-0.3952680079695706,-1.8156138782774904,-1.6325603318218995,-1.5849935392939225,-3.456111647830269
19.949560282721286,20.210526228216718,19.525254155858505,18.381193680323918,16.908256238320693,15.64838733022443,14.560869670724978,13.392815999806713,12.363166031967594,10.068580104806983,9.241232642298357,8.506038008412368,9.562516110149778,9.992635266043113,8.560338735505406,7.314567444679518,9.727512296624823,5.964654625734552,9.68193255250492,5.00449123084837,2.168088563046127,1.5773280416151219,0.1616154315181372,-3.9819144096132164,-0.3588173260317811,-0.5905184589896411,-0.7213345893604709,0.35649520332108675,-1.3223571460366665,-2.534096976918776,-0.5617904794725367,-2.0633855555714065,-2.274413799569732,-0.9933316335960753
20.847965137509505,20.74744441038575,19.96569955723141,19.044752131463884,17.35727893280137,15.962802715855714,14.23805776837853,13.236850119503629,12.149139383212242,9.749441355480462,8.04286395477273,8.131631456704964,9.457379079165399,9.454446986782772,8.659721050132585,8.406213190496388,11.675528382313793,4.553813032725049,-2.1382091352149133,3.706220441252559,1.3208741625550813,2.036343438069723,-0.1333296760374105,-3.279457556602822,-3.115898394101146,-1.2797486029270229,-1.9877916394607107,-1.7622392734899062,-1.8212235893125701,-3.7233664558867132,-3.7181341140580115,-2.5745848411744987,-2.949852787302903,-0.6596284304323297
21.73394664101391,20.776919876131682,20.18559098069268,18.727010947368154,17.436510322282725,15.262501127183423,13.383624482554238,11.514747401124088,10.419291241609011,8.850237608941272,7.146747395714594,7.222465414702284,9.16051434691549,8.965693193106018,5.587728191751617,9.576649586900404,3.080450691622248,7.91825078588429,4.8698016661862615,3.7181095189295887,1.287416397110626,1.6334543989634467,-0.8373938906127407,-1.2009123652474196,-1.4064502484523596,-1.0167868624260743,-2.5641045959416733,-1.3562958762933635,-2.4375393528253713,-3.4874807364916998,-2.4186798358882005,-2.307403869217926,-2.962419757646661,-0.5270916951543337
22.064228827640417,21.281239832130346,20.400561234463797,18.779333347725995,17.238582662771506,14.891040058989695,12.998327605977806,10.936817344696435,9.072887396111918,7.848489599043632,6.4039528495278,6.025230883478803,7.7819460025260865,7.236025800350142,6.560763500815618,11.780573699631711,5.200670263677179,0.3622985140999653,0.6761696932919792,4.49173184199695,3.2423793143134194,2.3575992581104384,1.0964666462275232,-2.3655200523312025,-0.42321582638385585,-1.3053672235290346,-2.389865054917714,-2.5484306306132702,-5.019262516312575,-2.1653804706699926,-4.175388297647152,-3.4713318429149203,-1.2556849944083386,-1.2815054810336068
22.37900101734024,21.614652729821728,20.17848134488626,18.36075430050186,16.7949272028818,14.904802493807981,13.161553376304886,10.444288582363164,8.683739726367156,6.524619995175495,5.3934474384144835,4.303907451740135,4.019763695986193,7.801451474830369,1.1844498781832982,1.414020777654048,-3.6755394764604783,0.46625294673038653,6.855412918917541,5.994713571852481,1.2799230543367381,0.8999340199187464,0.34904620663448666,-2.3373149467036245,-1.9502119136500924,-1.7873970317860959,-1.5255044797725485,-3.527008779191466,-1.165426130316461,-4.597054493334125,-4.438501377122624,-3.7619516750665642,-1.4341351103163311,-3.1415542756616346
22.571308587685923,21.735358938201152,21.122300388741092,18.570666326187858,16.133232791225694,14.52900758979721,13.025687637064967,9.839759864596845,6.312961060057349,5.802675601482133,5.377105393722806,4.510074833314069,3.123402042998172,4.373234875482953,1.5986471285785546,1.618142232307661,1.309400241124881,8.731144000621214,8.212251797549271,4.557604412328783,1.270105476446213,0.7021273659800226,-0.545571678736526,-1.209474416385324,-3.4660856775377806,-1.7206023714504688,-3.758696786073353,-3.2564610284423985,-1.5674841087493845,-3.605752087699746,-2.6965353611946044,-4.283385356797998,-3.7449362008203657,-5.202314622278449
22.724164918087013,22.771248348456513,20.817941384328364,18.41609484069029,16.115636199697764,14.421488922187471,12.027029186857801,8.40020095273941,5.304103672310898,4.934416020258904,1.08259661059853,5.5562734612708775,1.122773616345861,0.5989690262992846,4.4075668099530825,3.0848074910651007,2.035356876306363,7.401223402845884,10.973419798370577,0.9623217645895401,3.2649873556491644,2.844680382926884,-0.19711121716499663,-0.20981861677307337,-2.3050688276397766,-1.7329761288134549,-4.4264437017433105,-5.48619496512637,-0.9550968392898301,-3.5896991906806974,-5.403904961978703,-3.8476962908507613,-5.389045862859607,-5.712542510237967
23.321920497797933,22.911866417269415,21.004737490613717,18.976061175541773,16.565198104153,14.743048909602651,11.459504535937604,6.9661461787696295,6.222589664103074,4.279577088940874,4.618305112049876,-0.8059149063559226,2.1492331020856583,3.0081099465658263,11.565274475177386,2.1827829470198674,8.094292170578044,13.173780206383462,5.288092529703396,3.7387857929799893,3.4862508170137563,2.7415592735271406,1.3955905362332266,-1.0528649593766646,-3.349249142703079,-4.701131782368666,-5.4741095643245385,-1.6362386489600664,-1.2543791287873738,-2.482934675992379,-4.650987859497431,-4.656642498448456,-5.908350167757991,-6.995011369979442
23.26343022050868,23.07813587969398,21.947480379406464,19.662093473354652,16.104657140208577,14.170053685042696,10.725089409513435,4.711062923376866,5.725895580180698,-1.6727382061831217,-3.8137287666415376,10.458804866098617,7.749323761780556,11.351528201243864,11.540463123081881,14.06450309844717,5.345618271293301,6.348164016792722,0.9976932792127212,0.6280235170099135,1.2258839798564989,-0.33893141406792077,-1.9665693833387674,-0.6100385107501856,-2.6440555968825588,-5.894562687947489,-3.859054544778948,-8.102120086489293,-6.430581190828049,-6.510015753564321,-4.307080050654609,-6.420942592149337,-7.600886753524226,-7.440726703356982
23.121549152489404,23.434188858977333,22.085392183943956,20.422598473732165,14.970326175813293,10.435355959143847,8.453587069260765,-0.22721140565595827,8.602982278158136,7.926580965701627,17.82640769513781,13.113161056424667,5.72137336734153,7.393013872397974,12.525721934233932,7.328608289991253,5.401162045825255,3.4638018213060016,2.2060269043701264,0.4427708750876278,-1.2504119030905707,-1.0884552963737764,-2.1504530071475085,-5.018268332965198,-5.567277102721388,-1.8965386879539863,-2.096117610056408,-6.672271605057638,-4.722182001086123,-0.7977163658552464,-6.519999357170448,-8.289241314463892,-8.766445921532572,-8.609163048104989
23.83593042393655,23.079379939037267,22.14533783727039,20.627962270809427,14.102238997657542,8.526489354576725,13.073068315830293,6.943697879462304,3.78867516772735,16.894923316787136,-0.9745795717725318,6.737280215711673,5.687995420439168,-0.05033049524174942,7.743824583386256,3.0566583384605774,8.247282433622571,5.315777019713008,3.3076684034651125,0.8224489060817816,0.19765858282276424,-0.44975655934732844,-5.639263408488069,-3.9393377423229192,-1.9347015585099514,-5.863997208315026,-6.103013146681123,-6.32706539722571,-3.8569166431854476,-4.049142585373415,-7.907442652183011,-9.272712353236434,-9.62143017255139,-10.266832753774635
23.342793212026816,22.646208048495982,21.761822841969693,20.02393717315595,15.606327302644294,8.452771876513838,8.990712277837902,2.901294236747628,11.914160936687948,7.5314205432181565,4.065410164329529,9.214232767185274,9.48286718595578,11.142662772876882,4.899301752429696,7.528465572479896,3.987200465152524,0.09910606743831708,0.5799809603328525,-0.1837073919773717,-1.61940664899156,-3.2916396057197552,-5.435309426640889,-5.435298696677565,-3.614493701709151,-7.0684624057741265,-3.186842798009686,-7.635261607896143,-2.231114178053379,-7.322311609777598,-9.06403255644715,-10.383255003758533,-10.802306964959902,-10.94972519086248
21.946512807181218,22.258214708838732,20.72944445571196,18.780521023310037,10.008377615527216,20.46895621217269,22.221819873163245,7.622079429029928,21.754501784758997,11.788046523334367,11.875602383465866,9.16996482677313,2.3688890052950677,2.334446249562736,2.8905908300261034,-0.678603178585384,3.1195497542018678,0.122427007939901,0.9057734796920155,-2.1546948626230233,-4.314438449862424,-2.2557432356621403,-5.444277408677421,-5.810994501039714,-5.23620028573634,-8.139610975327418,-4.107888253882834,-2.874187235560595,-3.878536347840411,-8.531507423348529,-10.712361476609427,-11.698552752054054,-12.270250213280914,-12.187058419659623
22.078240633359762,22.174989759770863,19.943888561769267,16.768800853140696,8.840273344642025,4.670230068013155,3.8637694739543025,17.71157073113769,3.9662270953329344,1.6115436050370704,0.8849607398016938,2.391640333123449,6.727043251590764,2.002179968110532,0.9723156077669288,1.7259912770827306,-0.7172154176977666,0.6906212152175756,-0.6871261301635941,-1.794070428298445,-3.5786536235320274,-4.303265419420456,-6.187740559896595,-8.171839985833056,-6.588332088658316,-7.7108932942674855,-7.2533148414707,-4.6632617422464895,-7.251237062017574,-8.42188045474489,-12.028387621953504,-12.476225864024034,-12.693584843672147,-13.673478932939306
21.24835623853399,21.666369794751674,19.90816037376255,16.716274099496,8.452741305167374,4.3811167788363345,5.916121793594754,2.257961795660868,-2.2375627740574258,0.2064437737593013,1.632739447889997,8.578111432485645,0.8388084650565962,2.398726367664939,-0.4530666218250646,0.9003034859223069,2.0234802146862156,-0.8869669131584761,-2.639605875576351,-0.12073111950913328,-2.617274700545603,-8.180420186570887,-1.9608818262766443,-7.13064566600953,-5.817808614531683,-6.680668494087909,-6.120599676875565,-4.2650316532824455,-7.582137599736988,-10.854934331556466,-13.030956135525217,-13.577526562996615,-13.848850831687052,-14.903412464019645
21.011283647723353,21.20735505061483,20.32660910551864,15.772234229608777,9.932923074725483,13.059886260920573,11.950780290896418,12.774753592150336,0.886914161146566,15.584412517201491,10.528526766109806,5.600583982690715,2.1183725197804892,-1.8287315110670532,-0.40556007138815753,0.42567057630104727,-0.973827876281135,-2.4992278616090515,-1.6070267471828994,-2.6196024732299135,-3.658338179181995,-8.70801772271962,-6.517523871546974,-4.100684518287319,-7.470190269444845,-3.266321184924329,-7.532040555052479,-8.480363079135609,-9.06585761887294,-12.322943194987138,-13.616759886500395,-14.285190930649332,-15.016336238280061,-15.745407721339616
21.38770758986536,20.95195974646184,19.7679132874693,15.849967303207714,8.148781800214278,4.128932640238681,10.610929146372936,2.336687658453754,12.644073204090756,10.847647982692942,-0.8401656088260451,1.3634564834608551,2.1723599410380454,1.9445004180467533,0.5080672558890333,-1.0828824866327902,-0.45136741726205665,0.3737667116295073,-3.327677277441246,-3.9802458328924963,-5.95873274887705,-6.83585990246282,-8.082902260244639,-5.391452187374879,-4.2381115145519335,-8.81432990783345,-5.69486394675986,-8.000823073026929,-8.22380002522654,-13.791279718665043,-14.346196319309339,-14.56394936284655,-15.948426781976933,-16.647189303374237
21.317300086886416,20.871205412653794,19.825872334894033,17.781269702969908,9.872933638585053,8.296491717944265,11.413073861742808,5.878381014258117,3.6882714701977823,3.4703425617712025,-0.8501091176535733,1.2898125509201028,1.4173893741790493,2.115451829043236,-2.328868658308755,-0.5451941677969994,-0.8750945788065166,-5.792875162703037,-3.572662099961382,-5.1713039096176,-6.656266154606372,-7.389698812292405,-5.198173355636465,-5.75663506052724,-0.685227884020771,-6.457427829178064,-9.578894032990314,-7.517674972477511,-7.613744028408164,-7.325366526786007,-13.869299132533,-15.35978393444424,-16.275192914629496,-17.053159336415924
20.45509105608087,19.73409836916923,20.51219258347682,17.456751011523053,9.49768220569062,5.948765410537633,-1.2805952510090153,10.778101740782303,15.5298716610376,8.316044439048614,7.069771974860046,6.486636507372069,-1.0227420768086453,2.8808418318395907,0.07911125997821453,-2.030372107452548,-0.8863045455309918,-1.2921527795086996,-7.064107746421507,-5.562059123736988,-5.570425093515902,-4.709910058793525,-8.708257772268066,-5.106228927078726,-4.912254780656122,-6.530505682037867,-6.278734872860995,-8.190624696630769,-7.053217964973405,-7.850097958703215,-10.231210121807834,-12.84982376265636,-17.579600468650984,-14.88435732280866
18.491424106549648,19.962149806390553,19.7563337656782,17.833818357411232,11.566315280990136,9.460527368669307,8.519555373120735,8.229431254627904,10.766681471390553,7.339178358486723,7.318865077333074,4.043230880725887,2.2065363174326578,0.0013049118711259994,0.652124816803894,0.5909615034609761,-3.418909051555929,-5.20379428625685,-7.34738623363529,-6.057547763841537,-6.742791487512578,-6.002826032097031,-8.852785838539578,-7.3595769191863845,-6.49412853653649,-8.615221043514584,-6.136288988614248,-7.567797767026029,-6.862872253234649,-8.999307343807319,-11.763795600634714,-12.03759155145407,-18.318978345793738,-16.35683766100432
19.342861289969846,20.149291265111966,19.340582038006065,18.2643630230784,12.431977158416217,8.594275034915839,-0.15028211110909773,4.650426188054269,9.103436417317154,0.2589177497808847,1.6821201639586365,3.9175762470685354,-0.06314755622190975,-1.349293968974818,1.090472549410083,-0.6276324004656514,-4.744812348267821,-5.094248937464391,-5.930893396644124,-5.891203432464189,-7.525592594530409,-8.42290885038371,-9.429589393466728,-6.915647981061608,-7.778133982654296,-7.642222746848171,-8.000591151276552,-8.567026793511618,-8.648139669355801,-9.588099234438694,-6.065425557940519,-12.204806256016035,-14.842480373520681,-17.212293183028518
18.959651487214657,18.167410603934787,18.16882009058527,17.320215245194575,12.819022465507652,6.118436000121699,6.521452859492745,3.277303283361073,7.571927471427749,6.712685322545477,-1.8134373012184313,1.6839415829305642,1.6711167597548697,-2.2119083176237586,-1.3913448008829123,-3.4258243857291237,-5.367060309766556,-5.032461038821695,-5.540027119687218,-6.482282234038638,-4.715170090441435,-7.951359298418595,-8.002249761148965,-8.661096077545656,-6.227545930530921,-6.91418706714086,-8.35474705207336,-9.756353072850324,-9.586166180215097,-9.300048541829804,-8.308387546718977,-12.417065589531221,-18.289169266987585,-18.748350809088425
18.477385449066354,17.43749090491713,15.4697309070672,16.869517885416023,14.41791708963798,10.044756955083296,3.682889919290736,9.701657144865761,8.967936211811327,1.215952706380525,0.24997807834191274,0.10494976348007196,0.08002688234050208,-0.7869799133545423,-3.2680141379736845,-4.590970365425742,-4.05807768787478,-4.628129683062389,-5.7089030706452215,-7.230495895402581,-7.443716968967126,-7.979525779023371,-5.228315316654055,-6.233228273477403,-8.61206039177046,-6.9711386076861475,-8.164777626272333,-8.32694252837467,-8.31347334708527,-9.832402444416255,-9.385990837445647,-12.651697159797592,-19.19720868287581,-18.217552159107424
