script/wind10m.json
{"header": {"parameterCategory": 2, "parameterNumber": 2, "lo1": 3.000054539987559, "la1": 64.9999836372058, "dx": 0.5, "dy": 0.25, "nx": 34, "ny": 52, "refTime": "2024-11-17T15:00:00.000Z"}, "data":
[rows 0 to 24 of 52, columns 0 to 33 of 34]
0.9932216024161516,1.2709933991375684,1.6186683935012525,1.9940431186224437,2.8143884705025464,3.5418131450486836,3.8337184066393544,4.5252186763501285,5.249258735963666,5.481239000353625,5.937153580397179,6.631427437696514,7.045249470322371,7.28196433216806,7.989822239022261,8.139221718055284,7.814376127071197,7.220454009921514,3.6029881424141426,4.616012494886849,2.658238863454438,1.7551420571458034,1.9118090280684095,0.1430185591419472,2.4098079907483383,1.0007867068111818,0.8268242731210045,0.05551378421619423,0.48789204103194017,0.736324428151932,0.5256675561023052,0.5543131827580016,0.13542347867921184,0.06051759412478641
0.6825131137685233,1.108540202434265,1.3558253071408686,1.8837404869094914,2.544584836776475,3.074590554697484,3.4485793204589537,4.042326971678826,4.793989614976665,5.140042859537422,5.2943695722422905,6.159304736723806,6.70889706959574,6.966858876992768,7.585294715792445,7.632036897651668,7.1821222211341516,5.562563194014275,4.397926299413504,8.728212062233936,0.7850999961687908,1.774926316088951,0.6693975332316082,3.564606649897616,1.4560357035962042,1.643669092306729,1.287485032834188,1.0345415659200803,0.2556851574393578,0.3700361911836037,0.7697611305512188,0.34544842413658217,0.19698498934372224,-0.16069247176335485
0.5278270389846167,0.9231908056628193,1.1406285149826663,1.6631026943743523,2.2266459962025773,2.672309012505234,2.9987187381105356,3.678791964149415,4.338716353213457,4.724188316022227,5.108714237321239,5.818099496952253,6.042193925867047,6.42243486669603,6.823319096990068,7.039423271862926,4.107919140048674,3.44956915619593,4.273913863815905,3.309082522856788,4.386562573186158,3.2327508874180766,2.212696413375441,3.3795207166986847,1.8606313283502776,1.2992793150107127,1.0970645725677042,0.708565760583668,0.6165773961527139,0.591698840952406,0.3749317166599861,0.4647529469884433,0.4537804373107207,0.33687193397932963
0.7667121272057331,1.0238726305740318,1.0839147598922674,1.2024350516658644,1.8526772297571172,2.1611129048117546,2.4600880733976616,3.3124146029323924,4.087662641388607,4.090547968362238,4.474699351699969,4.917947987690931,5.5896523581769335,5.8761645287726285,5.798889991668026,4.433093996540157,4.338056230123249,4.089357178269729,7.197045382560013,2.5364682321144354,6.9082142584132225,6.118239341117736,3.345609257121769,2.641957637879213,2.62525774387763,1.4979539983927577,1.8000317954250484,0.5147257871887443,0.5055183651704145,0.5691940459557149,0.7286854274692188,0.2587454141956183,0.48844408299257047,0.7846863466885106
0.48299121471056927,0.9958438758376218,1.2405415333679202,1.049978370282555,1.2870474672604508,1.7028796928171837,2.2182168721080338,3.2666921736282157,1.7747989773065604,3.6771736449894394,4.585843973121563,5.324232906969274,5.071996421974613,5.241153415694873,3.4373048818637915,3.382698857531654,4.5784886160276335,3.826656154291182,5.409809714834674,10.208233084265355,8.40762504261041,9.40000452294893,1.970202693851653,2.8890883882815914,2.1972688282294555,1.514412751251651,1.706980997869676,0.6524078345839163,0.7864307152182993,1.1655885278162037,1.3041427439581574,0.8659276615837488,0.9081827736743402,1.1708068225187769
0.42728794356807015,0.5189075058759461,0.8899831532998592,0.8973612317848713,1.3979064833785966,2.2010774081414373,2.6553578515811465,3.5555248786892704,3.586342971075466,3.4511727537331622,3.9325806114421322,3.2894327644127404,4.974172113817337,4.81058424243179,2.749594408089976,2.6203073253649096,2.463067007646201,4.665014564238541,6.8109605067475005,6.265140339530487,4.00191798879703,4.6727338482923235,2.29550703802367,2.4586570798363443,2.339160871185452,2.174598199783874,1.8772315400445,1.4455015693954132,1.1435195334573072,0.9516680334762386,1.3803764141183652,1.268495523037717,1.5642243667304545,1.5434784638264512
0.5679618799673408,0.6116493654513001,0.952297575914729,0.007510003161392019,1.2505379603291114,1.1199645280623565,2.4857383684017695,2.149264689359153,2.497253790190476,2.351139531782649,2.8555385875401003,3.1083928135241616,4.2206437934509555,3.1101790319092277,3.300690922047228,6.285184413415482,3.1154843947592687,4.392951429725608,8.219978739977995,7.439240151265655,5.624562563057853,3.0032304571448942,2.223598368791068,2.3242504226378773,2.7918207396265733,2.395010085598783,2.238790896532928,1.2202981544145406,1.4659559340682342,1.836700215312442,2.2060797013343825,1.899633228171348,1.751274841777285,3.5051246739331168
0.5837680176818273,0.9902332668363644,0.8080900650900906,1.0080302156946779,0.9188552253321555,1.1067214933863738,1.3434411659607695,0.8617551905131658,2.3607905968877856,3.14725682741248,2.694451025696087,2.0765703249504686,1.6200881961809022,5.398410637700739,2.9030196959273855,2.5110371524800255,3.826004363703936,6.020249029496158,7.015856066343807,6.028967371495113,6.680794996139587,2.850553802190421,2.901970663122309,3.9714014910486863,2.4374527539792825,2.153462019166296,2.097449958953976,1.947440344463179,1.813118715439162,1.556715811026493,1.8517372314974978,1.275079443806283,1.9333082869575478,4.947712459599045
0.6628137959789917,0.7154303568260751,0.41193216947616257,0.18581964425964906,-0.08263273050794619,0.6573422947225183,0.7152352594678025,1.410679504042884,1.6356279745607678,1.4305781498942918,1.3608566943749678,2.686611362986373,2.6346255254406863,4.795165003726511,4.290893049492528,3.1271563362923587,5.1679559437199405,5.868045608719672,4.967015211871323,6.3255956538157445,8.993336759647836,2.8644448472270274,2.4794137559991873,2.4980329702804305,2.6525505501382782,2.218336104357738,1.942615951929676,1.6447479142893022,1.3303960287784333,2.32295359480234,1.815237289828073,2.5456666185207615,5.742014356843091,5.38363360673968
0.6217355091851802,0.2784595082097848,-0.061450419948350474,-0.6269332373535703,-0.22587859710676422,0.00680998268816682,0.2947979839921056,0.807036647568675,0.852641883437024,0.06419343098307176,2.257491559885644,-0.8753011900861859,5.931205975474239,2.7873897344980074,4.270000056129633,7.689382621907839,3.0554604192679125,7.416270126800563,6.676384531003293,4.95895874849734,4.429523800547417,2.8076096713023007,2.337193330246316,2.4256008562397176,2.765788048142966,1.9537889159717472,2.0239111199785587,2.040604845702019,2.0486039274184793,1.5120611713823557,2.103765219323896,4.651661507629638,4.215408056114269,4.933792064317373
0.3453291791867352,0.018899965374152655,-0.717960625369171,-0.8822999499388768,-0.8758097299579778,-0.9499621593481963,-0.549074591718962,0.46567930106902167,0.6833798270373475,0.07563501965705573,2.524198418396925,2.9566736093752524,3.439909618878406,6.700409176799449,7.0939205394722595,7.075528137005872,2.874865783133966,3.333167589609821,7.827962408297948,3.2945550431049613,3.892909316815074,2.61370126760931,3.953369343656178,2.403075316033298,2.5566418855398236,2.0738247229291824,3.161244276205872,2.59867047961344,2.6054451894858333,3.175254106034501,6.125968378640564,6.1682278364601855,6.3522122556310725,6.200889808902992
0.17835527930467437,0.2387439060555398,-1.175366584363107,-1.4848225664986874,-1.6623892327242653,-1.2516348836620108,-1.191666658684541,1.5949110368094133,-1.4141526459865281,0.4331718649001301,2.1080697522416494,3.9492412017282725,6.874002583271851,1.696174695948097,5.683819983475647,3.5215989471138016,4.32165788132309,5.722517948417242,4.830037765655237,5.487418196976777,4.050102430965111,3.7829325145495,1.9072820972223852,2.3150943659175276,2.222056770266195,2.553778328544858,2.7505113179035807,2.9487689662765417,3.1731106047751467,3.7704189071947,8.406276391764663,7.647713502366563,7.486558718510448,7.01280080568702
1.3696345913135544,1.1356293528245593,-0.6972017196745842,-1.4185061407776889,-2.6418168963226054,-0.6664332066609391,-0.069274310930734,1.0152180493627796,1.3276603475424027,3.200839889320123,3.1172680546178575,3.3485948554747247,6.6165830939452,2.444275878295185,2.611680332496442,3.005958697427476,5.668813515810934,3.9719790564798525,4.984193366259458,3.647643815929316,3.533033073679644,2.634802621874206,2.8097396687123233,3.169288149742345,2.996644774820141,2.8007956292321805,2.550857620350877,2.4438010045197243,2.8528704661798647,5.832508984977311,8.340339702848954,8.071079304128327,8.265744318951807,8.464542142639264
-0.43115162418855113,-1.5879321765560792,-1.0325403895244518,-3.2854641214417355,-4.569972350836443,-1.9764465480568578,-1.294178386107807,0.18690037294055356,3.522882238918749,1.0767830761934662,1.499312250919984,3.4867564639706985,2.4895423348124006,3.681420082129327,2.0683773605669127,2.7208949725303837,4.968362494113009,5.020645659613171,4.0610976594779515,3.662111307393769,3.0043570730185998,4.504574251779418,3.7792539606175106,3.4615893514168268,3.3861658165250783,2.9972411547452036,3.1223563538766723,3.170281515176087,2.8569660620284356,6.5536376860662715,9.23937454838857,9.58351749571458,9.18242026560753,8.49621460680597
1.5457104410619356,2.4463234337901523,2.399127516010901,-2.337190747598239,1.2885244347485925,1.0172889097425042,-0.607234456431051,3.049871939514741,-0.7214804416563858,2.0149494837293327,1.220792244144722,2.2134590168346864,3.4554597772023024,1.7907592272341326,3.2557784475539147,3.350407056248949,1.727656623360344,3.575390633793046,1.9733587854135304,2.540198277011862,2.435133745891283,3.1650190140045393,2.7175324043810636,3.418301136802548,3.0521835200561815,2.3897993001456443,1.3924186148048017,2.6312355452509033,2.3654837246184015,7.7370088405995645,9.647491241873336,9.286725087964074,9.222377449797335,8.896689285745975
1.929951076273644,0.4610040171084165,-0.11281436043515007,1.077618026129052,0.14378107730813813,1.1190517736495973,3.2471489379969745,-0.5019497766904152,0.33035019498076157,2.473596666261822,4.44945029661293,5.460527014362514,1.4719907667316607,2.691976417929005,2.8428252051234675,2.160138599653319,3.335861123342717,2.491187066407814,2.5638310337537593,2.440002323164698,3.5703548862855046,4.067985856711159,2.274015241978503,3.0183468102189686,2.028465696789719,1.9647286668727268,3.078783600453055,2.933459153904644,2.3577956494155314,7.882850993209323,8.772028227983508,9.168680195645095,9.083257199157066,8.879682611387908
3.151929072677531,1.8735836696994228,1.640245087254458,-0.9509969956165378,0.45119400386394864,1.9078589079451864,3.6516554161230714,0.6574087673329956,-1.8403102329505314,-0.5481084970266109,5.536988027873272,6.815653694005891,3.151124089868264,2.6983300692163605,2.6223911134853664,3.326048894964822,1.855931079254739,1.9411750454266354,2.2149948784034406,1.430232006097293,3.084276870436767,4.395523990823964,2.9391746890171406,3.9213889217524063,2.907185296637973,1.798967287615307,3.386856472918277,2.4768455974512276,2.052904466250337,7.502909144718079,9.066857650828801,9.03042547003742,9.219829798483186,9.54800362099459
3.050213822703637,6.297797166248158,1.5161224871391081,-1.6355662907566042,1.209995117542896,2.3213831472095032,2.6991755813960343,-0.7178208197441543,4.623478457386234,6.429549192758961,3.0401632074730576,4.144161263251559,0.8418048046805353,2.365473496607321,2.239550257264834,2.7795476784358906,5.334675980538667,2.0284728875206564,2.6025605182539477,1.9668058769765393,2.3550039247838326,2.4364886110044015,2.5779993187681582,3.400251362434158,1.963540795920943,2.995268668174703,2.038664863262438,2.272448932882643,2.074044986359227,6.716368898264214,8.747794358401443,9.60145676497584,9.620042774875332,9.805108359383171
1.4576396683215995,5.815469223609807,4.880031599167924,2.426774750642961,0.30290342113005375,1.7852890824790268,6.017434065088532,2.1979743363966775,2.3438439262823625,6.910131137341548,3.637549079963422,2.568821706470969,2.49650288845921,1.207542055071637,3.3172005891820597,0.9346600893099148,2.1793643312207926,2.236216910318179,1.9986350776650323,2.4638169800412166,2.2997572823335286,2.6760030792073457,2.518239319513031,2.3564094636510804,1.7536348773537656,3.3971734335361896,2.1383025678184784,2.3490234108631003,1.8810631183087982,2.339554028142456,3.279331296925844,7.55630392900556,9.284287335548576,9.284805361276204
3.493244999004688,4.317255448442779,7.218784552077829,4.85032920195509,-0.17120028939704732,2.6832239657684975,-0.4700332102404862,10.206044679904382,8.288469136997545,5.924517943424891,5.677435771519625,7.518306444623994,1.1619355447240964,5.626743918306934,2.128414971716038,2.7162795034089178,2.938707410518689,1.1177019603832838,2.450100296739764,2.124756884352889,2.626727310876655,1.8636987515698646,2.9422573954353903,3.1900641895483917,3.568946904019156,2.275639948529599,2.0444379090754565,1.7069161304867362,1.8000178056646692,1.8726479900760444,2.8673008887194373,3.345687116765544,8.667366070011585,4.517014266550919
10.345780296088467,4.686456088053729,6.459564144143262,6.16241019356924,0.09456620962464903,2.3528153497146547,-0.9229489645071898,-1.1112642025023463,5.689438559327277,4.882377638611219,5.196097882806626,5.801210784298038,3.685307430007375,1.5065077411720726,0.32360622197065386,2.7418541675745005,2.334249772734393,2.4688087002438186,3.109385357856902,2.197902300891624,3.3390763777408377,2.8704136726689335,2.595613778018079,3.01896031660477,3.2868420147015702,2.9213217002962044,1.9398431824316438,2.2864943371458475,1.937503087304513,3.2007372029258865,3.9368538484350837,3.304892342351803,8.825509514098512,9.389596593391419
4.20951952749379,9.506905221081135,8.87241695178965,9.316736664681274,2.6030579249746473,5.1861347213903315,2.7862782507159833,1.588416159517993,6.423173105664276,2.75252041393109,7.550241584988037,5.992242426278117,-0.1983433079601452,3.049230232185159,2.591856112666884,3.3934912661052863,1.9832713342448605,1.8604794202531756,2.728921013141748,2.464199917199898,3.7352982331463895,2.7434861734430926,3.15220433774878,3.2457424699852635,3.1597292808625133,2.146462795385318,2.0993740184760803,2.7058562175574816,3.1011150362619087,4.115279484713555,3.249522074064397,2.60791197628847,3.7222087993190485,10.377698134212599
4.829187385548773,10.561214021601206,10.641082796075304,7.147082509832962,7.326340412506233,-1.2475189283007007,1.4125049782035544,1.8324202450355498,9.606106690893979,5.783734541074596,1.058631279982928,2.9416580194087727,3.9329649869936207,3.226489793159226,3.22461090206385,3.9001021206196955,2.049827018229214,2.608020780469363,2.6551438420474995,3.939757592806063,3.1521412419601798,3.2463903236176237,2.2880200505170647,2.063594228745446,3.416680394406488,2.392114567791859,3.041311755450929,4.582342006736599,4.297287521033299,5.149757769467846,4.221057391885863,3.4826749655338927,6.946453411533564,8.955909212662625
7.702212404278325,7.481756812847852,9.27143387205749,7.168657877447723,10.358582480646785,1.4051095967716105,1.8912620372789413,3.769566435260474,7.4611354943790635,1.632817087828931,1.3327372436274836,-1.0273769831134687,4.165688510200587,2.4711794443409065,2.2999411080327397,4.815199400450305,2.3409955691598388,1.6924252273615907,2.0800359437011817,3.0353861880900186,3.341275763654302,5.32701543274381,5.566339417033872,3.1834022535865785,3.8723626599628393,4.3300788701167345,7.62707082422081,3.866841634271611,3.5881158876916373,3.4911457941460804,4.255103659494144,3.027816546076235,7.616606771898673,9.944842867248187
9.440014324446176,9.883230071285737,9.617148383164361,9.680270440418813,10.02032333225529,-0.3002327538255686,2.0222809164553786,7.16774780967361,7.759138435704779,4.09499087792461,2.9583185897909727,2.5715201721675545,2.5959922550213976,2.9945470035747523,4.106978859839243,7.900079429465479,7.200385818299882,1.930955498140576,2.4380698854251133,3.0883614786259765,9.969681758279195,9.882759604635513,5.4953503374448305,3.789267136977499,3.553265313484039,4.074148283128916,4.7504463351170045,3.932955504867853,3.2461508865905735,4.053595583773297,3.143354163589151,7.301419872641161,11.158615479457723,12.421212029990032
