script/wind350m.json
{"header": {"parameterCategory": 2, "parameterNumber": 2, "lo1": 3.000054539987559, "la1": 64.9999836372058, "dx": 0.5, "dy": 0.25, "nx": 34, "ny": 52, "refTime": "2026-04-11T12:00:00.000Z"}, "data":
[rows 0 to 23 of 52, columns 0 to 33 of 34]
-10.253056130293636,-9.511525701235524,-8.889219080009143,-8.189430809268512,-7.495083763999207,-7.448194378351504,-6.960120616585275,-5.687058152150599,-3.9341373761098137,-3.8014332712289023,-4.001129730280233,-3.6012951121225174,-3.5113207135225597,-3.790433982750433,-4.603040808154015,-5.806027615914874,-5.23823385828652,-4.061435856345082,-5.9776060803186715,-8.399249180372744,-6.551714173422886,-4.817787002129076,-6.752285699009809,-3.767338563250431,-3.180450995877196,-2.16839607813479,-1.9625038621751474,-1.302404255951184,-1.0710529753868958,-0.9083891581361817,-1.373819855090096,-1.1209604931834363,-0.3290510195970686,0.536587366221724
-8.255987275917791,-8.684120384826537,-8.653560033493035,-8.28595152535346,-7.5197625014014395,-5.48732599734963,-5.680334498605566,-5.040454333096484,-4.541444010822564,-3.882951953047522,-4.216519965544011,-4.267538983822645,-4.094914297869245,-5.011926213810269,-5.438685022520291,-5.546000975687205,-4.524937055009503,-4.951341336945039,-6.40934547012054,-7.248983578327146,-9.22435394927964,-6.32291599084203,-4.170321384101855,-5.1997680327719475,-3.7785184650397783,-3.176951727742281,-2.1713908750779485,-2.691482709944356,-1.2967240418038357,-0.7116008645850425,-0.6361808176813748,-0.6867740458372832,-0.30251882566606003,0.5516235574546076
-7.991337500852679,-6.887517631286585,-5.8393277348835735,-6.032686609203833,-4.374379820294692,-4.050037698026465,-4.744218475798206,-4.4824275376051315,-3.8850580460842257,-4.690141612895434,-5.205424646905515,-4.594913566274371,-4.385604452850922,-4.33552012426778,-4.981577616826992,-5.420108218263316,-4.428816109806218,-4.197654637857585,-4.416049769803627,-5.577994353673308,-8.359450502133985,-5.585354941120305,-5.6032049723850825,-4.868445493996426,-3.4400332443594936,-3.355311050811758,-1.7523045878571235,-1.926842439258114,-1.672128183949744,-1.1665898879588907,-0.758700676441419,-0.31242886426425065,-0.8567054159602354,-0.538515134056019
-7.4756295561032795,-6.6328614850389656,-6.071235451745416,-6.907445442359383,-6.313999216774325,-6.882010109500046,-5.619927432910122,-4.240296078940954,-2.5565045246360363,-4.351375466575498,-5.335891988486642,-4.074784379036009,-5.95890689566187,-4.914595116227524,-4.332538565711773,-5.332200587813082,-4.405647984092502,-4.271995989113105,-5.552223308587565,-5.1166841232796205,-8.334877773842324,-6.012517341970534,-5.360078154286831,-3.725762230793224,-3.8274292265373053,-4.354266814515406,-2.506810117805631,-2.055909379001382,-1.8333274837052607,-1.2426158848294744,-1.200631081550392,-0.7007183595694952,-1.358717191672929,-1.2558989983072775
-7.099616833388333,-7.627386885641175,-8.003282301456474,-7.350410446379947,-6.170759315867399,-4.131214546275825,-5.587187495304706,-5.6389718752107765,-7.0718797406748655,-6.85368480708655,-5.183677438956064,-4.038980830913744,-5.781829515024656,-5.465476518480939,-5.675473626564892,-5.658725284283761,-4.086928281961776,-3.7925259768918105,-5.154857778878929,-7.425537174103233,-6.551434912253015,-7.190012780598638,-3.9852844413993602,-3.011873372612221,-2.538789168396757,-2.8982132420650846,-2.7263712562460864,-2.358100574068087,-1.79194222125402,-2.0854600652236503,-1.5188985739721506,-2.09133015240589,-2.1978647618912,-2.409178681704564
-7.999900424778175,-8.614331715809948,-6.958471329713171,-6.599172982039752,-5.940414359666114,-6.687843908676314,-3.6624493581067634,-3.7820079256775303,-5.037618960428483,-5.450400375135087,-4.840419072643075,-3.5540166158083957,-4.4826464225558365,-7.41440718935901,-5.674432895748706,-4.328608466530408,-2.0526462106330827,-3.9041396108400024,-6.068430356321383,-5.806867320258192,-6.656142676381367,-6.710907426232605,-3.6321881259825575,-3.4873638758139847,-2.8143460612372655,-2.646702812965581,-2.6600137871225673,-3.157039235665992,-2.2447281182817975,-3.386601602226644,-1.8146621396123304,-2.4097367850077256,-2.5438759652328935,-2.734179236600609
-7.082605287945513,-6.2586222345298435,-6.023483594383524,-5.00901917044748,-4.9064491155718,-4.840618940793162,-4.833727414116069,-4.806500651968946,-2.3212722451342875,-1.8489176211172798,-3.662985472553243,-1.8823863206088411,-4.411031567734876,-5.13739717062237,-4.821827346636683,-3.641672766719993,-3.518261059043691,-5.134260959421862,-5.80551942262306,-4.556314719103337,-5.461456386631905,-5.684618916059702,-5.077659814658723,-3.2239250398770976,-2.6176343982025068,-3.3617614427820772,-2.836489451450618,-3.4619691719778336,-2.5826763430090267,-2.7267746212235946,-3.802393083455231,-3.5829528678788125,-3.5689451917674733,-0.6176567486653581
-5.578497135168519,-5.741660640539902,-5.9351635251103865,-4.5466000170469645,-4.706767910273222,-2.6251841641487137,-2.340062679390232,-3.3311781519371007,-1.2796261204557826,-2.18441475351955,-0.95289968517255,-1.3643575076002044,-2.0471295161233365,-2.7270280452468647,-3.462642117157521,-3.4735657314398836,-3.335433239817972,-3.1212468621764393,-3.058374820436609,-3.159601801046193,-4.832013106520972,-3.7875054710355873,-5.0479377837061215,-4.088546562759717,-2.609592123258442,-3.343097459640441,-3.4443466265039744,-2.23070998982967,-4.333982246000572,-3.379942203719466,-4.265446906387966,-3.249760801664479,-3.008111122036972,-3.6497557221238637
-5.038250344090192,-5.097833485685912,-3.3525524498479227,-2.6156205658415925,-3.279090585119479,-4.621790780165295,-4.797861012555575,-3.8571573274748268,-2.1071306208890506,-0.3643338892892302,-2.7570155966179115,1.5137727161110077,-1.3686136116890837,-4.9670563570367126,-3.5357248864820106,-3.723893852606665,-3.685675880323224,-4.480389940306555,-4.751064016799786,-5.163441066152936,-5.281199361690066,-3.1031311738127996,-3.263639705379941,-3.2494973583338305,-3.712235098744371,-3.341149820440872,-3.2302650521870024,-2.5386341177521827,-2.962387604857637,-4.414296414558296,-4.077692568223476,-2.3607893978512493,-5.166584389633691,-2.4304940854468593
-4.708659292828387,-3.5326875427380036,-3.533782224451582,-3.418450804567969,-4.259849675883261,-5.002176045819312,-4.458453063538567,-3.934969682058121,-1.8365214615234742,-1.2161512569110278,-3.6240368637475946,-1.910656953666146,-0.9257210323611458,0.33401952463411183,-2.3406800207226106,-3.6108554800690307,-2.5892405979231086,-5.088036159142843,-5.334932296796855,-3.556633192616251,-3.016642857274074,-3.5333834818476757,-3.2059138211055846,-3.9556095371354822,-3.786917051664963,-3.2742025858452,-3.4644186460565733,-3.8658108783069673,-3.596100416201831,-4.186687382366339,-3.4100814633064314,-5.449453078219195,-2.989864454744573,-3.270781879417268
-4.7160826937212414,-2.6286940639449496,-2.2521646298493607,-2.8687287944230384,-3.4466876785880998,-4.822577690397307,-3.764489897377601,-3.3414006484440386,-1.2026748333616077,-2.4280404472415547,-0.3671072114239401,-7.710652957110896,1.4965870599049573,3.0620986897362834,-0.7380014970083804,-3.9705168291705735,-1.5778922670843292,-3.0232280790018446,-4.6673441563638125,-3.3750513793342756,-2.488658694432295,-3.9726720329295713,-4.390693115436746,-4.521695934165226,-3.129137455076786,-2.885307523939272,-3.771874780200846,-4.151299522083162,-3.9837095839501138,-4.524189064727444,-4.303288367086882,-2.4780501123744325,-2.2833934350812766,-3.116377536235968
-4.660681710882675,-2.3677460759829074,-2.600423470017248,-2.2633495157491046,-1.8515428721921428,-2.9556386925026614,-1.328048363585423,-1.9135378987689795,-0.5075097916422421,-5.583955719777061,-4.371254545143443,-3.086211111624001,-5.871934644373899,0.2999424302268068,-1.3681123722665651,-1.7754879155944328,-2.2665014490660833,-2.8095811576926852,-2.105990263101491,-3.5982644143410467,-2.8484070736877802,-4.2730146109969835,-4.202620249492414,-3.9584029960344793,-3.76348902947614,-4.300832527617319,-3.8149849359294286,-4.585538902164793,-4.452559170946322,-4.546115904438639,-2.03025080813871,-0.5750744076631407,-1.1033430627897478,-3.095203259019613
-4.2880888793595755,-2.4293963496068014,-3.039885606260038,-3.0556443047481316,-2.173287593464288,-2.956237584770593,-3.315210191310891,-3.004261554621618,-4.803812169192923,-2.5110202464513076,-1.0872659006818552,-4.56974560299453,-2.9277472343052047,-1.6433470777211334,-2.213303245841114,-0.45944711114231374,-2.2631027884123,-1.8563168948876898,-3.3944444942397394,-3.2730665940056625,-2.138293916613217,-3.5246321139856818,-3.9695515028541903,-4.574585678815928,-4.077370148725391,-4.53926862071631,-4.306301791361719,-5.1256807943135065,-4.530046898590782,-3.6248257281189127,-1.1705157107073336,-1.3983155737860329,-1.141375298967011,-2.8497322925210127
-5.286772282346657,-2.2966976449753274,-2.439664368307139,-3.0553330452835685,-3.6685979672315483,-8.298117116475,-6.2437988130680635,-3.9480603208953733,-11.208083716774347,-5.056928701455321,-0.22979997548174147,2.180700133259487,-3.181581501095857,-4.7393577355980305,-1.0616168503393535,-1.5099276446344367,-1.3563692661713096,-2.1253513659133607,-2.5716754621125757,-3.8592900128646908,-2.647411691510055,-3.0914350323709354,-3.552607579109603,-4.153317786149752,-4.6454434644318585,-3.5368297212212725,-3.8208807195372017,-4.901615393096738,-4.2615355063937015,-2.875895142154546,-1.9871894883593533,-6.314521677481868,-4.806221592290805,-4.936800659132113
-7.049463640259296,-4.33602978112188,-2.7001222527236908,-3.8534019271784556,-4.56850404959877,-8.65118404824746,-6.028201493345817,-14.034748054279724,-9.633105642695583,-4.9043230849784125,-7.2812519881992985,-1.3271482452583938,-0.7331608380731579,-2.2296181703313156,-2.4892630835960103,-0.7795043835192991,-1.4924218647392822,-2.88375556324214,-2.280340126234093,-3.2236468504040396,-3.478183514422391,-4.68030612111534,-3.7068369360277535,-4.339911300340852,-3.9637279329524135,-5.50610104816512,-4.164893493063766,-5.004554218066243,-3.9849182249009787,-3.013841762599551,-3.453557636822112,-6.182944360965255,-6.675572671580734,-5.327258607429899
-8.97717940968389,-4.417141325671417,-4.584223495411965,-1.9964277888067212,-6.4038460906724195,-9.57004903917717,-9.695653643902322,-7.234175391510714,-9.807898870523376,-7.614224979021697,-10.691044583850092,-6.415378878316428,-3.3556400445259174,-2.9819518629791353,-4.0264938637619,-2.878375337186033,-1.1789834251762554,-1.590452339108369,-3.325097865168931,-3.601678020853387,-3.1490738559862406,-4.560363443507852,-4.9507414330652795,-3.7991696007617146,-2.916692770071909,-4.460512086894299,-5.584642989885685,-4.478986007956832,-3.3825622513501625,-3.9471515415018095,-4.642902385309071,-6.266582604606385,-5.730626331301252,-4.848058469214304
-10.233581830448752,-7.466489295474772,-5.645064037450133,-4.35375979942558,-2.1503345524627417,-7.946522235897416,-10.294627279104489,-12.861803102283357,-11.74839041365174,-8.725791369246819,-10.171282964028935,-4.749366510562838,-3.988215380758435,-4.813348508671443,-2.9666216482285983,-4.602385902735191,-1.1912927751372502,-2.1353010595192288,-2.789765944883149,-1.8473915451572274,-3.670274119243988,-4.380417107480497,-5.0470261156027965,-4.518140717727426,-4.433378291838337,-5.499099640737692,-5.278343929659656,-4.640933493025047,-3.282731230350828,-4.399322260272596,-5.053128505922987,-5.086493544247866,-3.970233295870446,-3.706529554719995
-10.901913401573742,-8.597212430961285,-5.986530695612167,-5.993054415775534,-3.1557923807854253,-6.567092347385933,-10.76556394945495,-8.339570482514553,-13.607163695554535,-11.149334336147565,-7.589712992242786,-5.3119763520301255,-3.7890226684272292,-4.014653675755275,-2.6488444392548263,-2.8752230092659166,-2.6582376711302076,-2.4516516446165126,-2.6882516058014114,-3.250873567800926,-3.3676975734652626,-4.223206007063537,-3.994586598251087,-5.452240988025997,-3.82461835940263,-5.3817274727921385,-5.537201361010925,-4.448806227063442,-4.247240085721015,-5.061926355054728,-5.395553474752521,-4.730790907531986,-4.1074069662265185,-4.86616651604338
-11.78812178601851,-9.740012717017237,-9.3265449494512,-5.886852539587004,-3.8342067716653667,-2.5563134310721662,-7.100757865326122,-12.604739145237886,-17.53098534965544,-8.47814459838592,-7.551006340230404,-7.290595963341383,-6.709638237028521,-4.412053077665133,-2.9577498630009513,-1.3230662993854552,-1.5723492487477835,-2.69683325691228,-2.202282286832998,-2.4333873783879447,-1.9956329059320956,-4.178771898945484,-5.199155051938027,-5.210285606021935,-5.372153648024613,-5.328667400914246,-5.401487850772519,-4.3229976066964735,-4.48206044329291,-5.003076489067101,-4.968105334048647,-5.960996948932328,-4.994449436712657,-3.223376855791956
-12.809527109093528,-10.696963599677952,-7.560608496491854,-6.951789043751286,-5.722466086641812,-6.640554044332018,-1.9343769763666196,-6.8899785058943985,-13.432842927019466,-9.26735657468906,-10.149286310335603,-7.901119531581131,-5.567493322496765,-5.08929737527672,-3.647770791828948,-3.5690941743329323,-1.9678635298655738,-2.5895556937756714,-2.6004419107323287,-3.6065856329310404,-1.653434386215601,-3.492760063159129,-4.211856684926302,-4.925211120927332,-4.67789093807698,-5.324277688093219,-4.417166423026024,-3.7035793069331744,-3.8111744002528347,-4.237506073176182,-4.482780777595926,-5.5998162228837565,-6.527434302568705,-3.090286112569051
-14.78607952553394,-13.471089576588001,-8.575648204250378,-9.757686159184532,-6.841923539496848,-6.427495037422611,-14.945823170222479,-4.1877174684903276,-15.798311383691,-8.515534413993441,-8.647686757477791,-7.870394987223914,-6.118779939189296,-3.902874685301311,-2.6222903965833715,-3.861465826500751,-2.8873266485548092,-2.7612040316524684,-3.4209610925487763,-3.035992211425675,-2.6928999703477072,-2.4955136818269636,-4.070852087649735,-4.06247052012213,-5.0631541404034826,-5.477019562664359,-4.068205482305549,-3.822371529157819,-3.531367182289689,-2.7932205302924706,-3.190907568449843,-3.850699664573399,-4.71815385859933,-8.029297271705197
-15.456839555173444,-15.07364792979029,-12.555299224469934,-10.855549638721794,-7.52001184298544,-6.965027061260894,-9.347405689232815,-16.34957622655677,-17.632347412416298,-9.54338494311605,-6.66258787565598,-8.115628555783609,-5.648144053522937,-5.017087175267074,-4.7055313468587805,-2.304807296238285,-3.596122537537606,-3.0840793972196363,-3.9641373242138207,-3.2455750092557296,-3.4156405722649823,-2.0469618480760463,-3.7493407644567642,-4.088235986496118,-4.160994876023302,-4.298696302636611,-4.065374348499808,-2.900351342950266,-3.0542492510279105,-2.601774360961212,-2.850060353145978,-2.9535298571726822,-4.419984744439343,-6.276678395856581
-17.19386897930826,-16.2157228480518,-15.794970635406374,-11.292523800886197,-10.734077007333381,-8.173895981099923,-10.979179954214564,-16.862903750749368,-14.924884744534122,-15.93354575940256,-8.304015386092212,-8.816024358958076,-5.0914961285086795,-6.829127787680536,-4.7622090908879615,-2.5716283610396786,-3.6819455463805264,-4.440389957410029,-3.7501645768128,-4.221167944215282,-3.328144233981937,-2.015517138969236,-2.849156948324761,-3.5391720246703984,-4.269242623532806,-4.161242630862621,-3.193908097077987,-2.7683393129510603,-1.912172094755523,-1.8508675804642536,-2.1274088167004352,-2.21746451572326,-4.264136198767271,-5.047591188055065
-18.709603560733278,-16.414930663980964,-16.45923902548608,-15.953961688482522,-11.716510645109448,-11.040207137718976,-9.142513164495865,-22.814021013660838,-15.829442496687207,-11.059997631858616,-6.305715977566323,-5.279971252528106,-6.654220010495063,-8.533154956422377,-5.775082789656832,-4.882414800867876,-4.4876799875423075,-4.296611124489475,-4.600274777307575,-4.00998423467058,-3.4088823780109596,-2.9920202560535163,-1.8704006309250572,-3.0596652562919666,-3.566816632300068,-3.0908622588148,-3.0396972934029707,-2.0769729555321375,-1.186747804776419,-0.8956067610525793,-2.444099909544113,-3.12738485651212,-2.6536010775716985,-4.267353126095288
