script/wind.json
{"header": {"parameterCategory": 2, "parameterNumber": 2, "lo1": 6.000198445256149, "la1": 58.999992894266676, "dx": 0.5, "dy": 0.25, "nx": 22, "ny": 24, "refTime": "2024-01-09T04:00:00.000Z"}, "data":
[rows 0 to 23 of 24, columns 0 to 21 of 22]
-1.342703232582131,-2.6085135259980543,-2.337912006625376,3.368860387900974,2.027766557311831,1.0820608109386025,1.978332695343911,1.505629551384955,1.0098967332200741,0.8694885167327698,-0.11890403006628994,0.31716738494521746,0.9951392858248366,2.69253205696092,3.53611016421627,4.141689364493533,2.937521866461985,3.9028741116536962,3.021534230484061,2.730015298397772,2.7050949992589968,3.1724756826182006
-0.6866382583554118,1.5509521265050688,-2.375984703749786,2.216041829482556,1.0734766057444796,-0.5714542116014777,2.2154671262425265,0.43969704825371897,1.851057188328722,0.7710359754634016,-1.391679009045615,0.5923104733216077,1.2075539773023864,1.320349659516052,4.858725847524413,5.607861828964038,2.9135543941591364,3.185701629878285,1.59075682606044,1.987603063972356,1.9303757050882815,2.844530422543713
-0.5344914679661823,0.8434878311307172,-1.2539249427067465,-0.45980920965757477,1.335094416567291,2.2067998220193714,1.7948659378561853,0.9057932812782634,0.6838314932929822,0.864981286097283,-0.9522728606533446,0.327597490204254,1.2874178911262353,2.861087136194241,2.609262013308149,1.4936186744281894,0.6182625586826266,4.705786190523632,4.991950476326449,4.7674224449829845,4.295972276479456,3.867150551187364
2.4201611470381357,-1.7643368548236789,0.3294687291692994,0.45689969057467533,0.9346632428944476,0.8795846888687343,0.47383082907438107,-2.794543782869511,1.8958887320114481,3.093170297707914,-0.7004105612321143,-0.6552915775741636,1.2778086488182003,1.4039852098191736,1.5901945863679667,2.038727364909451,1.6218024798245894,3.0692300324842337,2.869143222039528,3.1252418048182085,3.0451588901164715,3.446023051575689
3.360936129068028,-0.8955005851403577,-0.7445923073148769,-0.5931378209095437,-1.3883163921344064,-0.9022594311415548,-0.23026748008545309,-0.5367765881915071,1.361171288505253,2.344911432402186,2.952220918944421,-1.7065260668078452,0.8435576182021394,0.8099525120324633,1.2375299834720583,1.0659177687350407,3.3358349731661154,1.55966737468814,2.502556404183492,2.7929205520659393,2.728788888867138,2.676048440352864
2.7945763763500904,-0.4916601795007658,-0.4782626470066451,-0.27402502381694954,-0.3656620379880515,-0.6514984657273364,1.5495456697770464,1.0242472997546317,0.9742469687608503,1.0881135964637838,2.987985631537814,3.224937393582306,-0.7622475828113454,1.227345023468442,-0.5286095333084336,1.1868521122776658,1.8751067004256152,1.8945728760693779,2.3713684093612963,2.2605666554126826,2.518681637219443,2.593565184517984
2.0674419759561964,0.6363094720463759,0.39140353498732466,0.31077906511785397,1.0838640428450474,1.0592114605297271,3.5147131293478115,4.2184663561473785,0.14098389636296027,2.713389277297323,3.8585967798143073,3.5018747193843724,0.07536915818507733,0.3735183563792542,1.6003401293724278,1.3779330397488143,2.3213766645979512,1.4197539582696272,1.3952418025254698,1.8120372906458182,2.1087687282304217,2.3428059385801414
4.175809511251523,2.7731989615270303,1.809120288127549,1.2444002771013525,1.824441054219487,2.8826879745913474,2.6719602095957558,3.919957783832219,-0.22679090648332142,2.266531866602624,2.458008130993279,4.452012061656183,0.22963417940987832,0.16668524164835494,1.284579694707095,1.269727622411074,1.4408079258872502,1.256494067169948,0.8723892128414923,1.944053985075259,2.4287338864927235,3.935097988057825
3.317428894196115,2.9379182511364306,3.033729438142278,1.820272555995209,2.5385168856714126,0.13879750461407145,3.1711577348567372,1.0856074982920099,2.1561455793872453,5.525834516058808,5.472643716258257,4.572635720128953,3.8254491311722485,0.31194368159417724,1.3476136031039396,1.5332106664383773,1.5012236066875042,1.5412770626507204,0.9561148545447444,1.8727233056216674,1.8256012377924993,2.825549567391443
3.9043206119764333,2.8479681461057598,4.3863457479338415,3.074523210036414,3.612654269802373,1.7538568833364656,1.980374565070349,0.3585407276661449,2.028685514551627,6.055853857644867,5.296145571465649,4.347299075917995,3.5747737907173245,0.9306755434175327,0.3063243174182472,1.3179400548541884,1.3415436614708072,1.8906251702524293,1.7761040680578384,1.9135733712348522,1.799722019141397,1.690945830043192
1.6890751859534596,2.3831577551349428,4.226870815818951,5.803531683824699,6.106544474669509,1.9572095016486206,0.320110495601463,1.2616746058741655,1.1457325593541527,1.9705831993786023,4.7553788228943406,3.8683893792328363,3.5539302764534337,1.9366682734924918,0.2941629861592873,1.3207441986739392,1.0042435928613318,1.5393944888679882,1.3149389053841383,1.6128515233781882,2.019604860091014,2.7007878734664486
0.5516290992466275,1.6592104236362404,3.187734798121193,5.928992231600101,4.707125355655353,0.6284449022742913,0.4560735980105763,2.0404111672066683,2.2809267153100357,1.0225584972476802,4.822095966924969,3.081366496220673,3.0782911572112135,2.2556661657788553,-0.3837970724713425,1.6478486639622896,1.3607048132976414,1.9888610823685182,1.001293603379159,1.0702460435195398,1.454932068191325,3.031293740481983
2.2064895847437684,3.4005723302212965,3.7709118689115506,3.7168161089436595,3.3319604364462667,0.3973153640576306,-0.09841422096568606,0.7794040431296948,0.9177013492532239,3.2747394787502113,2.9180944243049276,2.40059781178709,1.8285580983797551,1.3139977782174594,0.8426527403384487,0.9248527895779113,2.2885909980624333,4.583818886002704,4.462949559067821,4.332977878307407,4.4968810782036375,4.220702119982271
0.18338503464950343,1.1247009534515462,1.6268066337717642,1.8077954919875965,1.8252599757163033,0.3738007358411152,0.024092409711726787,1.1079707271520616,2.236804615596743,2.1810161739030582,1.4789759889837542,0.4460621598372176,2.2120283607834357,1.4699082453149979,-0.5790126527215769,1.0692921361025503,2.088595992229502,5.316636551599112,4.199394300339134,4.635100482061299,5.648845308413985,5.3224001920125845
-2.260729721052376,-1.231922624549312,-0.561250057901075,0.31146618401548964,0.4108550126056567,-0.2970267673008737,0.7347161631956177,1.0677275955136767,0.6035516977637262,2.1749273321382656,1.621749858496293,1.1384722304314223,1.600261934594402,3.3722968729956344,1.0961513811785504,1.8554485114521373,2.68853757301879,3.5286316779887055,4.703002894347939,4.800985071863297,5.378588168625653,5.9706109220883565
-4.01580850769931,-3.0997977831476593,-2.4425916304845807,-1.5960858663706978,-1.020592583421071,-1.2916092490276592,0.3113138994090646,0.954137858088707,-0.4341921024807793,0.8546815358274019,2.2096289449692965,0.35074004329019576,2.242434537034806,4.200740688467259,3.375293214373265,4.377883682851695,5.037506154252745,4.247994050491548,5.490007096854065,5.937553923515136,6.346609216278508,6.673123267340869
-5.408428854798094,-4.60069677474657,-3.877717002539126,-3.3443907785615448,-2.9348957913350118,-2.78004671881507,-0.1291632345191918,0.8287599366051138,-0.5959081111136665,-0.3848133274603589,1.358161223934487,0.8167348147897614,0.9384924910667446,2.3798361532375463,2.6330740197922275,3.0973180427842855,4.24646107800283,4.842644404727859,3.614538246725285,5.7568501645139,6.632915242956738,7.004775547312956
-6.307188272025352,-5.717785991622171,-5.057777466407765,-4.4814689480004,-4.71025459493167,-3.0412367749577887,-0.5539907039425706,-0.4577879728781048,-1.4663698987062928,-1.87051081404336,-0.964257528165654,0.4453835456630578,1.0681577163317073,0.9373414114586889,2.158757613645855,2.760858370511504,3.1053269561823225,4.359144900103614,5.9298428689234175,7.054902070724235,7.585837954159729,8.013209703032198
-7.031279199993403,-6.638963120639986,-5.916300611894865,-5.490634123304653,-5.5699266967044965,-4.65753105433184,-1.8336017118086552,-0.4318365852733195,-2.5045854231891806,-2.7358250095707404,-1.9419377529496151,-1.4384315804771166,3.0836182482117844,1.52123278628748,1.6562838959013022,1.1085849560753787,2.910426558528734,4.989603718651371,5.906567069939086,6.430971167326485,6.587999051017571,2.0461053600253596
-7.921693893270487,-7.500509776584006,-7.018246769192484,-6.425820334276043,-6.526854235595993,-5.456689479908804,-1.0810872196493528,-0.40793899963543656,0.1544473565302679,-0.5637902071477733,-0.23196821771384085,-1.8424411295225909,-1.2019490649541094,-0.2241407163937208,0.49214117825498116,1.8061551091881676,2.227247775853866,5.081654706900029,5.336963942797563,5.00878591351466,1.6949191588962205,1.5132673262453167
-8.82060624169357,-8.664198734651693,-8.316481435117492,-7.79828672893236,-7.184235027388533,-6.664025555747089,-0.876633442320651,-0.4555692853922929,-1.011806338890203,-1.0093661830910934,0.6796983857587882,-0.4008233487300558,0.35826175223423135,0.617864219258933,0.4364450312183694,0.7332989677700992,1.3339995520662915,3.1626416294949093,1.0577528940522924,1.0642865519843618,-0.329623173616151,0.6673979629203555
-10.158284924112857,-9.907062653172188,-8.8241445992176,-7.414637033439774,-7.629219010314923,-3.517773684654326,-1.1612526930171105,-1.209338343459473,-0.8569559726355924,-0.7243491784343619,-0.9497290628432743,-0.38115649841467236,0.1305895053956133,-0.4717719946226362,-0.13259969509776365,0.6021101787226383,0.6072063740472966,0.13604307655180434,0.22763082254608163,-0.3738243908702754,0.05302077693239917,-0.33694953050958154
-10.4262790557789,-9.774244864508647,-5.279300136577883,-2.3291437329826135,-4.1310335885842004,-3.2176177939243185,-1.4325496758184528,-0.8880793875836948,-1.1046867228183908,-0.7128787778970149,-0.4240071621255122,-0.3846050044209732,-0.6799345680668304,0.4511891763747395,0.6767730822821267,-0.10756952034080544,0.5508579427907491,-0.4793896252108813,-0.6577526040132076,-0.39570382809138915,-0.12028217245235902,0.2099534253180098
-3.6152058237962774,-4.007577762035691,-5.474941532228549,-3.091525630503822,-2.681911949250517,-2.215424076032421,-1.3613216638845154,-1.7963418071908375,-1.2200597984265042,-1.5495324272200692,-0.7804164508337189,-0.41282735975049434,-0.5758247846196342,-0.1856782524730237,-0.05676869728885625,-0.13724353746335732,-0.7824602203734043,-0.03079396542712579,-0.4495108079960863,-0.5397932691955164,0.053707726006886954,0.11752539389009387
