script/wind50m.json
[{"header": {"parameterCategory": 2, "parameterNumber": 2, "lo1": 6.000198445256149, "la1": 58.999992894266676, "dx": 0.5, "dy": 0.25, "nx": 22, "ny": 24, "refTime": "2024-03-14T19:00:00.000Z"}, "data": [0.7978765372225375, 0.8630674579087799, -1.3010764681046132, -0.5734363234263851, -0.4253873325677599, 1.2601658607440938, 1.93567761752634, 6.246361403083241, 1.8632614241789585, 2.123146664763495, 3.0464914215596215, 6.60249298475744, 2.7631551159178325, 4.2157062055555645, 4.69128649679077, 5.220513296095657, 4.6883787478126555, 3.589967174814052, 5.370341600683273, 0.2743074256339057, 3.8250313061010663, 2.626393942016907, 0.8528973960306304, 0.9350008005639933, 0.16093910063951203, -1.192558016423701, 0.3347375155177307, 0.37329634765315683, 1.931819044254569, 1.4425017756923608, 6.310261143595633, 4.745606505362899, 4.031195372334344, 2.0167613841252026, 4.031079734438482, 5.379572905022142, 3.9880526591867675, 6.124200825296704, 3.3232937165498226, 5.219776570284646, 4.810228329462519, 6.1998594648807, 4.516864910793547, 6.905568979677669, 0.3131193920031752, 0.8561978047262973, 0.0012865456501460978, -0.26031834799510273, -0.24190579631823925, 2.7820765466625126, 0.020844061109450925, 6.8374952582265465, 2.1812732484062, 3.902111834543595, 3.712702139565342, 3.8426874278728964, 3.5317423132737105, 6.908038052385965, 4.336716284907281, 4.427030442153655, 3.992152957207368, 4.972695823894514, 2.7630813267626175, 4.810759725713787, 6.152579751804579, 4.817120371030691, 0.07526868776339146, 0.6231114886832543, 0.2385368606500666, 0.5539864549448127, 3.2147065022671777, 4.7970392531913255, 2.8173814114892415, 3.058913585480629, 6.273471750324955, 6.990077950639823, 8.832674411066845, 4.4591538905639, 6.4210724117490585, 3.572707549088621, 3.4801608437809612, 4.21305597008719, 4.070372622818337, 4.663101025913725, 3.3731461362861044, 0.431993405960781, -1.5668626553485772, 3.8382393868998608, 0.5561989342441159, 0.7514663780827002, 0.04405836441937861, 0.8629614853032107, 3.6655628317258637, 3.0900701968784787, 1.4445599653202745, 1.271722982403409, 1.7704175822051724, 2.0728002406921706, 5.257405843469339, 4.508317131964504, 4.559572768105949, 3.918386344133457, 4.072855419714536, 3.612030481013107, 5.450723261620378, 2.2470062670666184, 5.70443212221639, 4.993815735591439, 4.755265392632504, 6.732289740305499, 0.35825523019420563, -1.4826664413421755, 0.021700654584294796, 1.7965893153561117, 1.2417173336150904, 0.3960793914115162, 0.45120086890933936, 6.465561355630927, 4.991952440372031, 2.863114000175758, 5.930785962437593, 1.9010355900617566, 1.585936360850491, 5.2721700156864895, 4.347960288672225, 3.5953656684959108, 4.800568884789008, 3.9665434353952893, 4.07962695044384, 4.231339128416996, 4.029692931689717, 6.266527045116963, 1.290975146150858, 1.1280570994891919, -0.29887262666730313, 1.8222144721228926, -0.4152505945646075, 2.9193716260739717, 3.970383969029223, 1.5935255075129215, 1.7928650454336166, 3.647059473621269, 7.392262508883646, 5.008462653570076, 5.960938467293313, 4.8912860586718026, 4.394029112409925, 3.924646706224724, 5.034225310361266, 6.4897905390553134, 4.868346940580212, 4.441498453790844, 5.667642966483441, 2.653516995491588, 0.24022441068077632, 0.6331730824450634, -0.6435792517798884, 1.767316455872786, 0.5978528581735283, 4.325499118480936, 1.375144849086745, 1.2248366277979346, 5.2207084157385415, 1.953494746750017, 3.825735228466374, 5.228510604203449, 3.8160296465509136, 4.4116748591303905, 4.560217484725331, 5.20784000401536, 4.331957147350318, 5.506732026555728, 4.050314376117411, 4.658490057551743, 3.6636827794517717, -0.4561920766055846, 0.2968356679160706, 1.1351307706594589, -1.1477448136387776, 0.7511336609311261, 1.3375205411810889, 3.366008338807017, 0.3304290888152344, 7.037666455148301, 1.9665001450379753, 6.667235785582605, 7.667560847264177, 4.112850474762142, 4.657965402132072, 3.3817385159837, 3.464639802810482, 4.192126762305519, 4.925303973803585, 5.437301030315807, 3.9007350773150873, 2.957668658440664, -1.395278989715168, 2.9954948078912715, 0.25682525688783026, -1.2740252209730938, -1.321427403873151, -0.20722414998180652, 2.9852516237963522, 0.12123579334602456, 2.4815357652238568, 1.1812037035130374, 6.638918543009478, 2.9691435644182484, 4.554240152724493, 2.2313562594468452, 3.2814460609221157, 7.422614559130671, 4.276831788896474, 3.797043999219602, 3.5317955261547582, 4.569956581604457, 5.106749274570263, 5.08136543133871, 3.4279408204883546, 0.02067248786992188, 0.8379153720426359, -1.4689510620772783, -1.6384084535545866, -1.821980823067863, 2.284739375772344, 4.7952205908306915, 1.9549117097248518, 7.030440170657049, 1.8853079778778907, 7.239622564262223, 3.403665157701579, 4.55097516067438, 2.565952641699875, 3.6355384994391473, 5.094898838188956, 2.9669638293173963, 2.116493881599545, 2.8773939276905782, 5.493037009489068, 2.5085701062059083, 5.4599541924212955, 7.091806327620473, 0.6052518650163999, -1.0684739358085413, -1.8940251981561396, -1.054429453255716, 0.25285187075267707, 1.4322999451877545, -0.47511861019453505, 2.2027136676977053, 7.0415864951909946, 1.8867309200263636, 8.370054658775219, 4.070351477261169, 5.0395304143322, 4.062153599251913, 5.047519189407031, 5.20022023541074, 5.333752685473342, 2.1237786154186815, 1.1946494841501694, 4.5231502860990345, 6.185644895054744, 1.4367305109533908, 0.7540388402197092, -1.9439502618559925, -0.8583820991032568, -0.4127324735881629, 0.27382763972086116, 1.0488292306728078, 2.5745858983971113, 2.9792494735040362, 2.48105865488907, 6.635598056836856, 4.5892869189154935, 2.0273982645304414, 4.778042846692899, 5.1439170716891605, 4.454479127418637, 5.740198497331655, 4.535162050406245, 5.524298300429653, 5.36338221581784, 5.722208950042292, 3.932467145132272, 7.15010962946123, 0.5305710437846416, -1.273316358765033, -1.6055006084545513, -0.02268586996393533, -0.2881159479129897, 0.1202327386762298, 0.7579280549181415, 1.9919841103030305, 7.10500414600087, 2.399509846941739, 3.151711580515685, 4.718707938019129, 2.873509762996936, 5.68946592087402, 4.29271982506324, 3.3601341346780544, 4.503941107000148, 4.668416749484863, 4.876313826422093, 0.3409046213018056, 3.1488821364697053, 1.5539283021986527, 0.9071799275966659, -1.2276007413174075, -1.4737745130755153, 2.0959722058544332, 2.7121792481130917, 5.344459162618883, 2.5853113747301544, 1.395023989943115, 2.436461814768493, 3.3141126568523935, 7.342582874862971, 5.672174688262014, 3.9571129112909467, 3.8970372320873383, 4.269415731815786, 2.929215596136593, 3.930267846012604, 4.816774651281888, 4.653177907299863, 5.018798300000351, 3.8804130309573415, 3.744480530381644, 0.4675078476196691, -0.575159027584682, -1.0864380015352348, 2.077114494286403, 2.755568929371252, 1.7593998792327894, 5.3483546399092985, 6.834610022448018, 6.282398259059892, 3.030224713532185, 2.9444382869302532, 1.513583268818939, 5.451156079020441, 5.54345371529146, 3.100904496468018, 5.870299910534736, 5.565895418171819, 5.065695460734557, 2.5460824515907716, 5.581233635479, 4.855042263421339, 6.872222032948514, 0.877761838929221, -1.1600410182241463, -0.9206510560690273, 1.3517192377979435, 0.37226530216810266, 0.600368758930436, 0.3045908570344041, 1.5710478536347754, 2.220184971738902, 2.8755752847693965, 2.8404071612312376, 2.4141620948253664, 3.782850568400202, 5.0941231674209915, 5.173620143946873, 4.232849901676295, 4.590240955402934, 4.386591201184305, 3.25328852440934, 1.9044131471286732, 6.01676628861507, 3.4008011135152216, 0.5737290569549576, -1.6289256116803572, -0.4433471022453565, -0.2934008559043332, 0.3909329093896479, 4.723602244786626, 1.1841693703540142, 6.224289279555952, 5.176598771493788, 7.244020755243622, 4.7445633557407945, 4.700885109538296, 6.59177610039158, 7.263436621924502, 3.8492755294744248, 4.363813494475037, 5.444389754551182, 2.7301431124014277, 4.612030925943704, 6.197018776180161, 6.539758316534265, 5.42143476654233, 0.5429042963866747, -1.8473380207745824, 1.1269648994231662, -1.5417908428663671, 1.1959190193007463, 2.0897774050473013, 2.583309332620354, 1.625352911030602, 1.7086685613319195, 1.792566255111727, 3.22285740516101, 3.7014223023945503, 2.2226050739340946, 2.737306845559835, 5.929376967135619, 3.8207332523621385, 4.858730739037366, 3.7575955507414633, 4.4667329350225, 4.836540399405591, 3.916941974850149, 5.2624295026805665, 0.5009636929641264, -0.8515652013575156, 0.11955801205904784, -1.08457585500385, 3.566884206990348, 0.9899057194182712, 1.9518034494381629, 1.5157854877300923, 6.335953010274091, 4.673657184312751, 5.564193184160296, 1.0393387620136953, 2.8454667004371705, 4.583585395323382, 5.829972011751782, 4.226476294047095, 4.081091673872676, 5.190990451382087, 2.924074354349503, 0.2547437623074266, 4.772813341547147, 7.78094254790345, 0.8728665310798751, -1.5208398355066306, 1.1167851050253625, 0.08334516362334413, 1.7735348785924192, 1.1864153340044943, -0.4309181661819808, 5.548814607712801, 2.374340754881832, 2.642161763658936, 5.057309981856424, 5.059382060163865, 4.916489629657865, 5.319208108253019, 4.400857622058435, 4.186605070622491, 2.1160523829962683, 4.44216213295232, 4.212813512235048, 4.451052495016245, 3.7361496396861344, 4.021215139857607, 0.26327361976468505, -2.0354183398450534, 0.12626425535294294, -0.6921247437489277, -0.6600476196153452, 5.186394967030542, 5.176312012368497, 1.9479926781975343, 6.777666509966515, 4.932858572435578, 3.0408673082320425, 2.6096989839417777, 3.5174298290134756, 5.41401410289991, 4.45163323229473, 3.5043225099899313, 5.11800577155155, 4.49465646299832, 4.57736263828474, 2.683647372829568, -1.7316204885732294, 7.871659962811565, 0.775130985539438, -1.847986360649117, -0.6614301259187191, 1.6239232575288338, -0.023933727441451034, 3.3824350086163033, 0.07588819257711102, 4.684794333025027, 1.9671829969114683, 2.740032629382815, 4.8413886517295746, 3.436605489450511, 7.934166321205469, 4.544635786331445, 4.387893009121057, 4.077942878790131, 4.577517474794643, 3.6771112450661945, 4.539432472896043, 1.6415641351979309, 4.172902778433468, 6.542072706272394, 0.17397975190807655, -1.5691330649603341, -1.6357917160228832, 1.661190448508959, 3.134104899512083, 2.2790520634942735, 6.128785947501289, 1.5043781062631967, 7.044632239503978, 2.9574528980796364, 6.589739443176315, 2.1605853079826054, 3.0497478772702955, 5.32323178903295, 4.53310146750612, 4.97040895371966, 4.452115163679228, 3.623606155904722, 2.7365757755715503, 6.095837231884774, 0.9914648620086333, 1.5838630723452327]}, {"header": {"parameterCategory": 2, "parameterNumber": 3, "lo1": 6.000198445256149, "la1": 58.999992894266676, "dx": 0.5, "dy": 0.25, "nx": 22, "ny": 24, "refTime": "2024-03-14T19:00:00.000Z"}, "data": [3.6451150023560066, 5.01052803437184, 4.91453066462714, 4.661860808737466, 4.615338439354304, 5.340402980311355, 9.680640376180925, 10.256394748014076, 10.965135794131209, 5.439505347404843, 5.5941563657594475, 5.977629641076968, 3.9788559996618944, 6.308253374411432, 4.284076102634602, 10.615066663741253, 8.987134803096774, 4.980632196494517, 7.519420765182431, 4.185121502831788, 6.295500317286567, 2.3251454913871044, 3.582839223294866, 5.21935307987945, 5.125495719380889, 5.441581636379372, 5.556040441149238, 8.245167500789693, 6.856403601042134, 6.244876705583691, 8.268042547467381, 4.409042437030183, 10.314799259803168, 6.21037511911266, 5.465819643056793, 6.097731170414072, 3.797287174450415, 11.713060538796672, 7.94671885288743, 9.91371351628025, 4.62353951292095, 5.336984086151569, 4.554629103948749, 9.223521495142982, 4.07357982247283, 5.712524226257323, 5.23636709279708, 4.840723690170405, 6.147340870329342, 9.57562752882632, 11.240146643213627, 9.311244839859016, 10.950110472546577, 11.427696870390147, 5.577277876147461, 3.5253172776618857, 8.825543435314895, 10.31210471183965, 9.182532015008723, 4.1852615521504966, 7.800336247983227, 5.470489391008893, 5.119399274059888, 6.601594324077222, 7.9851140680412955, 5.101313946215639, 4.624256121182835, 4.520873867750158, 5.54390989066621, 6.831407597172434, 9.23631022816278, 9.363905099984136, 7.120435490574995, 8.304421339977358, 8.440503390312998, 7.094080963320255, 8.967359798477721, 8.68593382040927, 7.1598152138758335, 5.106043408113286, 6.97660897165621, 4.337727369270146, 10.502173377817593, 5.287906563630254, 6.993091217506518, 4.129154533060561, 2.9524222492900205, 3.649606093054681, 4.185529038886409, 3.9632803616892023, 5.76691922907346, 4.568295928240477, 8.610395511791417, 11.018599764888421, 6.769337062694151, 12.903217011549915, 10.64021793380884, 9.367758735614968, 11.28078769695676, 9.688754542186269, 7.403541628348802, 6.436283781321641, 6.840383366202268, 4.924860381929529, 9.978297951027823, 4.832459873559777, 8.848762794168278, 4.125422335207201, 5.063571695212768, 9.061118937502021, 3.9249308665224265, 6.122816155505068, 5.836307885728706, 7.973166345111205, 6.770204160688039, 5.551719954404665, 11.155176636187948, 10.16476576063951, 6.714143857184145, 3.4456547738202885, 8.050901343292326, 3.8154736112666536, 3.9375177045129583, 9.710297510085224, 6.52324360473556, 5.412218868956264, 4.669758199999938, 5.139817097065081, 4.639559016598579, 5.063555729482354, 2.363506939605884, 6.8470017548998126, 4.112047660753598, 5.562548744741461, 5.300176521410641, 6.688124463609633, 4.552137062461961, 9.416234049454953, 9.290104631762988, 6.4996969947397405, 10.854769514787119, 11.85833932067335, 10.50794037413878, 8.264447080770752, 8.91571684869785, 7.262005961018307, 6.290530288132358, 9.150819142265647, 4.445160344681052, 10.333796301962655, 5.852038732577392, 5.7884435662427265, 4.892554837942192, 2.7991543230445606, 4.001260267114763, 4.626307701145338, 5.117533170143983, 5.4404464005661985, 5.823573030428689, 8.51909146847407, 6.815040535559079, 13.02443759098484, 7.289087852342345, 4.612960568483083, 5.562552902916159, 6.231824622653635, 9.009723278613619, 6.0588216270617465, 7.038182575788607, 4.732641676237881, 5.425533521910023, 9.52407524930463, 5.969403241813716, 4.037134973160975, 4.2492027519676006, 1.8881325296733773, 4.2104975433044824, 4.668818554257888, 5.030270512237179, 5.346654629261649, 5.868733412339305, 11.285691051842102, 11.30575932987394, 11.288988835410677, 11.069409633527233, 9.66452149213438, 8.695488970929594, 5.019226631929387, 8.612808236869952, 5.9783299510172325, 8.781662449005939, 4.270856428423147, 5.360734148646218, 9.770991608035029, 7.928112058412028, 4.654721220796935, 1.3415501657216258, 3.1781374410588716, 4.147928451362561, 4.835800968354437, 5.1988674180698755, 6.227646190627711, 9.196900457934447, 8.204412620929435, 9.923245060469064, 7.732706660408409, 9.0927992992427, 4.68399254296646, 10.949473302132029, 3.687065326960165, 3.8343166063107352, 10.420979905759742, 4.996973151159433, 4.95736641619101, 5.237503168213168, 5.131344531517216, 7.317834660421514, 6.112765761932737, 3.3953806696266655, 2.0484777791834103, 4.005141044528252, 5.784872692716504, 4.879321362428206, 5.041098884885146, 6.546532407164521, 9.781312791073459, 6.726747145421977, 9.168825725411997, 10.967594161824485, 7.179925886522267, 5.238540918411918, 8.305917650344885, 5.45104084370825, 5.223852020977578, 4.405764941142989, 7.040680828973347, 7.5142614662536165, 5.369116876832144, 5.865115731536192, 5.775908526822443, 7.41623837607609, 9.040458598278686, 4.220461286363773, 5.318140325879344, 4.684527394895738, 4.622180933549109, 4.230334728635966, 7.144168962928683, 11.008706059865174, 7.992921045135896, 9.52643454432603, 6.0192180012676415, 8.518519138717298, 5.055315353642487, 9.051601540802071, 7.2489482761301245, 4.416668197302729, 10.404513760418055, 9.294803930873112, 4.834884510905254, 6.645480543503377, 4.817176416038118, 4.713514322593282, 1.686070110100378, 4.246266485943037, 4.845514141850158, 4.586913913759545, 4.711652601728375, 8.042297362732574, 5.259950487130481, 10.975969631921606, 10.359482368786818, 6.1271292550485565, 10.462291479177713, 10.937611717324575, 3.6387594874078535, 5.662937743895519, 9.636270024049848, 4.001983554710767, 11.752158722267346, 6.070406191779639, 10.426415728020709, 5.665924651951153, 6.2740494127354545, 4.303651593240185, 8.975067557644893, 3.944316282845566, 5.2842713780139645, 5.156852838734168, 6.769389539637714, 6.124128787707154, 8.775478232924742, 6.247624436788399, 5.27634688056694, 9.685637060407478, 9.591052998559606, 5.308716321930863, 8.15937094835758, 4.340157360472722, 9.517439910927957, 4.223904206638075, 4.877844889616611, 5.899352348550067, 9.165471958098593, 6.992074096640309, 4.1829029174526715, 5.129075901042742, 1.634025190129354, 3.897091674243263, 5.123011278441381, 5.088272815622188, 8.70236537467568, 8.757498448176577, 9.7955601785291, 9.665832273040223, 12.740029058789922, 5.7682807589439244, 3.7135038765144435, 7.5481662681095525, 6.384575334816758, 3.918473206479195, 6.3210064843608755, 4.34714866083038, 7.559567461472648, 6.56768561862632, 5.711671686810473, 4.857024309632831, 4.348090339187511, 4.744728633699646, 4.3795711166422056, 3.789849661612005, 5.5623844370741145, 4.505914907059197, 5.33889640578023, 6.507838305180734, 6.447478859949196, 11.518687952285692, 10.920752197317569, 9.971623374263944, 11.735453965416198, 7.443727060993274, 6.149938633888258, 9.101263418791161, 6.767433120071416, 4.386589166914812, 11.221834346585283, 9.777512348352133, 5.55696008759491, 4.60457093271163, 6.276184718257596, 7.485631131427854, 7.798225928530108, 3.412630584847576, 4.988609458979558, 5.40088133767096, 5.517833828840207, 4.635692765784578, 4.705844488166022, 10.873157379097293, 10.669726838258818, 6.1950717889228635, 4.816964424636076, 4.223500368391782, 3.692437954549299, 6.11827546942169, 9.714427183465085, 11.353345344541852, 11.648665252818734, 7.548539254304471, 6.967625170726828, 4.707290966621895, 5.501313468731459, 4.458582452220979, 4.81743608154314, 3.6392402446176444, 5.979149981395449, 5.393855805154068, 6.2718959097576725, 5.654650641698608, 10.205601864592726, 10.438840580982903, 9.138418505036821, 8.87244224635512, 10.526542959747836, 11.294029907233663, 8.181572624928602, 6.121511480489753, 10.41356626399767, 6.790377380722519, 6.349584598641362, 10.024219295378957, 6.43791266125403, 7.477499324140531, 4.729889804499958, 8.003568453705185, 5.909938977331205, 3.9445889685903928, 5.361513934873539, 5.293076277042851, 4.631065628189615, 5.703867051686966, 7.121555385738351, 6.8956380321293285, 6.3696509556763345, 7.55648514411435, 8.755005786462169, 5.841265946250147, 5.728552956132822, 5.094003204073159, 3.9408133606248716, 10.044282165671017, 7.024851685137203, 4.883585690739311, 7.755304048676344, 4.69841617966354, 6.281612569192152, 2.26488623636555, 5.661717737570182, 4.279754759377596, 5.242057732328887, 4.577058173116343, 5.120581659056128, 10.111623364181433, 5.384087658513717, 6.940311499483566, 12.568715541935049, 10.768870356032133, 4.2907130031028595, 4.768064009050353, 3.268355741101743, 3.9184981759720907, 7.771603411444275, 10.031860156907879, 7.43692117775169, 5.114099008330806, 9.098743521245996, 5.047077278707991, 4.1705979768752774, 3.7845735873390605, 8.911816304003848, 3.8664438713458966, 4.7723990147447095, 5.250259394227921, 5.148434640359412, 6.125553868411835, 5.009348606990786, 10.830786039392754, 10.028820784329207, 11.502355709116255, 11.313215421357476, 11.383685496544855, 8.368767891701346, 9.039593521018581, 9.619752711115183, 6.507410147013715, 6.2824852515258325, 5.560828390509542, 4.544461901541117, 7.238411043921662, 4.8816615736980795, 6.997950210140598, 3.798065874123283, 4.247107968891787, 4.705980072016699, 5.362360148110206, 6.292412982476669, 5.251850946339899, 9.862894548637874, 11.568370782572496, 11.489053023674877, 9.03730574510445, 4.311092649030524, 5.282905354867719, 6.63408775779353, 5.763205863662208, 9.735221181783672, 6.682678896734862, 7.459441554353227, 9.259379987434663, 5.308987283833454, 7.742876817116042, 4.0117572082131545, 3.1756948731948738, 8.370297046032363, 3.7095676795494072, 4.567575674034075, 4.8094490551885745, 5.548078398243187, 7.69656266309862, 10.766676765714823, 9.787705668333812, 8.141858530266786, 5.7585829137577695, 11.434864088929013, 5.246611717715503, 5.9806283319994185, 6.815786904864132, 7.182158941651958, 6.553522416343658, 7.694848623765079, 7.3669890689465936, 5.590081540571385, 4.732060078943985, 4.900749786950372, 3.976055167882316, 8.207760630930068, 4.171104636734754, 4.757360350592234, 5.5788054547135575, 5.92875794234044, 9.670886652607052, 8.465576312055806, 10.56145433949048, 6.2919380846634025, 9.772117701170115, 4.786236269622033, 10.699746623386389, 4.1022029855921325, 5.506168304609583, 9.943897284080018, 6.520506913781597, 10.596719009661856, 5.820588351120917, 5.066339343185161, 5.240882263156571, 5.172388969071415, 1.5988954439322007, 1.867781691683804]}]