script/wind350m.json
{"header": {"parameterCategory": 2, "parameterNumber": 3, "lo1": 3.000054539987559, "la1": 64.9999836372058, "dx": 0.5, "dy": 0.25, "nx": 34, "ny": 52, "refTime": "2026-06-19T23:00:00.000Z"}, "data":
[rows 0 to 24 of 52, columns 0 to 33 of 34]
13.032087845047887,14.794693948540996,15.612880711073736,15.991500735204545,15.08797144793038,14.165098023263857,12.36582623070658,12.682775712473491,15.726444400129102,16.53466333667816,16.162121397225416,15.871062753375877,14.977434910070247,13.357046163274251,13.7244337143533,12.844177527925291,12.696462133250861,13.326099512583069,13.93271901243381,15.25819188355909,12.251856158297496,9.964071772700105,10.411452484551535,14.930396855667261,10.627678853409098,8.60890696646798,9.069610144890813,10.002528536360055,10.109756370049713,8.30306363569178,7.9260925590577305,7.871249784299121,7.834502969965983,7.151324166654109
12.138175193260146,13.769636577629099,15.011134071053132,15.234943626595072,15.123746135857722,13.851934736805392,13.600256535521208,12.196798658272632,14.063888137386417,15.058512941351779,14.81287694175634,13.66176083259096,13.838203854746881,14.483822367522828,13.546980473994479,12.462428520498229,10.79970765900292,10.337192771135104,12.339209054410402,12.006943162329808,13.732109310465841,12.54609197087061,10.166983513997435,12.510324477813178,9.079712922981221,9.575815934001081,9.858556489628981,9.671045172880326,10.147804061254371,9.019637925020797,8.356628690685657,6.931925693992298,7.3939489744840845,6.098838679385086
9.792242158298052,11.961405541705401,13.631885066830339,14.240552448830142,14.859983564107042,14.416579547115845,14.124853855752606,12.47548006525582,12.084990439151643,15.489906075104836,14.083541058481458,12.37517495834808,12.333618322115482,10.667510935829458,11.844914322657159,10.166753850140207,11.52833564344719,10.29767333559894,6.512266310998974,9.685480287232682,11.922887773031107,11.328397274564388,8.047408274943434,12.153982828096042,12.693159722879821,10.386167281786353,10.798654975264755,9.733796950013705,9.919987220216527,9.443050763794714,8.456583027477365,6.765319720718914,6.106550987211926,6.144715912798193
8.8682820970142,9.83140796428706,12.196772503566661,13.301109577712603,14.890388429292202,15.196421111410613,14.320200669727468,11.83088812029509,11.039239105909976,13.464275089725666,11.657322897268745,10.77455578207278,10.52033986879796,10.70925765557434,11.53492513868727,11.324779211872974,11.655573496103653,14.181462274173962,11.11932842418039,11.1946670418429,11.581579872470202,10.705084641501797,11.615776134785248,11.58736764753902,11.516567357595665,9.773147157800034,10.402948718536102,10.289691347860838,9.357610832594046,8.483600924186792,7.837215473162538,7.1076900737993665,6.83965657621224,5.874882437904431
6.749480877439126,7.771753522226555,10.282286554198455,11.760465190275548,13.836630675840826,14.138519066758262,13.202899440094958,10.89595935124646,10.307979216524897,11.980314466161127,9.702922481142316,8.376031817983188,7.7820974813898385,7.486346256178894,8.562426191670845,7.910217129303712,11.249354079692006,8.424662230270009,11.135686324195966,11.664618580569147,12.7918891732994,10.171394095720201,7.189934388311814,11.789967508509053,10.885992909893082,11.364377925396054,11.266800881108194,10.44627916360768,8.84501092282395,8.880724307947597,7.589623432236002,7.485362278741819,7.320842819512283,7.4759674771260665
6.851226694538131,6.87359148649654,7.872968687148378,9.320732713308358,12.438098813231935,12.431300958755273,11.960637755318327,10.968913150791664,9.016021689404132,10.928844282270623,7.2008336328610945,8.006053482390747,8.154344224895304,8.19537096820825,10.664210670225458,12.031901825562317,9.536621706366168,14.424792112359933,11.416390007833328,11.52644383558039,7.32199067439201,6.020962019006431,8.566735541418625,11.00960597566193,11.065796963795416,12.148544244769203,10.96609312372432,10.513533683207756,9.218831284931715,8.440537339629422,8.554433960415846,7.587718150976921,7.312094121801175,6.892868691108721
3.0074194198104847,6.83781392655145,7.047346962786067,8.941874237486775,11.918417914641486,11.155064002079834,12.172691120014346,9.504725988887522,9.484407914188717,10.481081827488618,4.440692602655703,10.273531875046313,9.008432641039823,10.493272501725066,9.143904077247484,6.944399871052479,9.196228553101827,14.602897717954182,13.792226380033378,13.867537715842726,11.2303499608789,10.347782331538914,7.868006099700534,7.878326186356189,10.523281940227852,11.054904221009544,9.1916731114267,10.0088336074061,8.919246776699824,7.129200235086058,7.36335430557554,7.5686274288880195,6.724190114523747,4.1147567558508555
1.391396117763268,4.672280656313859,7.737015223025698,8.669506263285383,11.507115718679906,9.791250827467502,12.793611318659387,10.889780523756556,10.696793099055663,10.91246295908381,8.563079787605123,10.305807749650757,10.043070593198957,10.717737929691463,11.641748380577694,16.783321031438724,6.172380408249389,13.523958586017843,15.868410795730147,14.791739889880539,12.382940622815699,11.071819083868238,4.658539995849701,10.668589257704301,10.227285277335456,10.415768933817104,9.493699550020933,8.38595952208504,8.087388098267517,6.702345689925648,6.405379226436969,5.642864386455564,5.53644698366678,6.170221271553733
1.8893052866504816,1.53651600038002,6.96737580591713,8.872783361138108,10.519652178724494,10.655657604788786,14.107113824598224,11.983478794018522,12.509044848132467,3.151473661510788,12.537490476249173,11.315442555917294,14.81901929556151,15.993809118585617,17.445103280202975,13.008366155383277,7.127622559553182,16.388286770393382,14.764630091161465,12.117516065510976,14.318934179557857,11.32430832625515,11.873017514741795,8.472768639916476,10.122955810913613,9.73619533358807,9.57618148682146,8.314611194356443,7.142443808194797,7.862485659465603,7.779572263852755,6.908015657265041,7.066552755731906,7.185111370003505
1.9125539479803415,3.38237627628692,6.308206957186132,8.576390148421051,10.232673747104366,13.673178845993755,15.347902988376955,13.522290779198366,8.778013151696113,4.061883704082622,6.065455575056813,14.92549956539499,19.166092282166552,15.615197594486524,15.316166685400944,17.555720443383738,14.827949543949236,12.871215505205686,12.425332753731446,10.485259601689236,11.560036180526339,12.349198364002126,9.264349925203978,10.059239135168571,10.818336703002434,8.908530604724728,8.418555720576135,7.705700448664187,6.210091134832951,7.645217942589814,7.550228770764765,8.800526465845557,8.406100861508648,8.117414021995282
1.5973540705929583,3.7477830613492733,5.803752214332238,8.285217551317636,9.300057682202203,13.072202550371355,11.936313221522793,6.344384784867434,14.821933969414884,10.375635908427133,21.554409696813472,18.82104183258143,14.675649380669883,16.288053941020408,17.578588317447277,14.93883936682502,12.7312865521477,13.817673783355797,12.035582163649128,10.85874736766237,10.848597490343753,8.046919660701393,8.950640151814468,10.36549719714319,8.69618878527358,8.258381682369379,7.5481581981211985,6.362372550550588,6.7257559613287485,7.46204525303084,8.43149545882589,7.482265196891785,7.816204149294776,7.467232009637061
3.2356404241649033,3.479002069050992,4.771792249553741,7.425330715078094,9.638499806440864,13.325918423011796,8.211096638105849,10.724395428191995,12.963854892717332,19.582184979658944,15.651538406230909,13.722180973353508,17.281009455328437,10.133232229871036,15.044294104895606,13.887118017715489,15.935450550469334,12.9873823226914,13.990594971709895,10.94517142017762,12.645098596824624,8.007301882458188,9.602179474339485,11.76950100773302,9.743770952015868,8.781945167949333,8.332201745473643,7.029751784701791,5.750201699171037,7.581255907656945,7.628288138269694,7.344798349697823,6.775789228887897,7.015872189758587
2.1564801814269945,1.6159424465878194,3.886345955462858,7.437741954444173,12.090144820855492,11.751685901841302,14.648005434765908,7.515500934450126,18.330665530065804,21.674272122393297,11.239788603622147,22.35957286530623,14.962403231286721,16.062633943907343,15.12844655048854,18.06739097291916,11.892767551951682,12.53198005995669,11.347681032454773,9.459230369288921,10.52150444970993,12.251981314498126,11.986266615879137,11.001118139980498,10.468176109287283,9.096193075851886,8.052863130577068,6.934803091456045,6.3900917939044675,7.07548818881185,7.0834549443545,6.593107320457852,6.4749875586437895,6.628714955118145
1.7248798593533803,3.0561019886204193,3.5482027504169453,6.137334839788844,12.244466429050455,15.763934145637547,16.737773407547014,11.075334539967061,26.96164942460372,23.512058966110626,20.877521497818268,19.99297174720533,13.934514738208495,7.544997502398819,12.133163083849748,12.658607627258759,11.4966826983374,12.49335159113656,11.047411657186966,9.003113565167897,9.342608140252858,11.60767410601484,10.23403747284321,10.318550001891825,9.484592247304517,9.246542671477098,7.325515228324823,7.518903108302593,6.577871395215791,5.506715954734881,5.482601241709672,7.269865744069573,6.533917291144451,5.848942838971951
2.7924035469158444,2.329238377905863,3.8472105091095417,7.026793457654221,10.001027150936586,10.084480911356911,8.64740563072527,23.05714777457827,15.323679437290401,15.140558409274048,12.98918046327076,14.88362436847921,14.631793276255577,15.442554787407902,16.014181681542095,11.650468472544151,10.149216634246466,10.144813059618892,9.440968666105215,9.325399391527233,7.611319976703086,7.648038937449939,9.564893827350847,8.477404799917677,8.665911976822036,8.03862028580748,6.716833646371668,7.305301420979507,6.337202831243705,5.370693698281377,5.723172512412158,6.035077259606573,6.308667304317947,4.92973218961986
1.8318230895616658,2.6015964987988536,4.416032729902871,8.084203996891272,11.830082465643137,7.71497198520442,11.39984921935637,4.45793508213221,9.577215958037211,13.297329527036837,15.432657525903139,18.6269029953579,9.021192480746608,10.838785036513732,9.358347652469174,11.93000990803114,11.98710986255797,10.707634110771972,9.537818695824114,8.4861529238619,11.90547625568039,8.441989361714029,6.617080316900804,7.923034636024551,7.552314893212642,6.879313487418566,7.281936381368152,5.977059895686014,5.996505196369517,5.256039891111995,4.702054293799907,5.360073276893937,5.4385733238888845,5.578864051703882
2.461922080316178,3.236953443771322,6.295298757126906,7.767253105663292,13.314943386265329,12.229765450109817,22.090494778886313,17.22607996718615,10.922995448587002,21.72104069632122,16.547537322291863,17.64531567470913,15.384061068271818,9.32851095722174,6.910629418405331,6.4610087975536015,10.841707259486556,9.648977745884151,9.92999265505125,8.267674740184457,8.295134444370035,7.371755490959541,7.092844242376368,5.816352277154751,6.424560164720365,6.771987763069989,7.038845529125504,5.4661777019528515,5.534268915128142,4.538407902670572,4.220260985304816,4.039117274328702,4.363383675468225,4.2845564303837635
2.9840727195378562,4.6126105188432565,6.624662678218024,9.194563409256904,14.154009014864208,16.100957292256012,17.42656330622934,18.762101155087002,19.393175540527245,19.221564070376342,14.799503323091646,8.347324069175864,9.761372065761774,12.11425009252565,9.010284235505647,11.427408158904168,5.305925507800862,12.499744893662472,11.822726880617859,8.923120602168582,8.74576146025768,6.586453847605979,6.245815688516483,6.581847001783944,5.497374473934896,4.993842110059131,5.625190675886174,5.287426272933516,5.791944896665302,4.926555287842165,4.180162649941174,4.044551744026699,5.185560217750795,5.936055152191835
3.5468722232827994,4.3669733617466,5.555459738926597,10.59428321368364,16.65441345541905,11.670713584022351,18.232998236632607,14.212955720158728,5.988083178013278,18.731891855893576,7.524120928301525,9.667886978936007,13.210946646053808,11.269182481344703,5.915381947811915,11.987642633017611,6.934651044044615,8.483659639448877,6.883289079844377,7.956418069447418,6.463321192808493,8.65088642265379,7.328273832187329,5.544412496881157,5.276456195251227,4.397639067325999,4.874189472423111,5.898196026581995,6.621497097688068,6.6743087136054156,5.5096934663309955,4.9332348939636415,5.392407023313519,7.126848104295237
2.533626691330736,5.780725742215968,6.2677009574363005,9.02533374716949,18.722178894922624,14.019039637336736,10.37624923505754,19.80746670358797,19.81813569325649,18.558580919175313,18.31840416758414,17.969277718128726,7.756764095618781,10.882567386240853,9.544937587817618,11.350819693399375,7.151854110207827,8.165996405125858,6.959251022391994,9.071073728897456,6.982018748613877,7.253483380116615,8.321257059997146,7.663227315467176,4.255225538583349,3.6506218427782855,4.307241684477658,5.231083796878637,6.065283627862383,5.880937911635883,5.5029398482227,7.473451748094256,7.199469023966153,7.138182207738518
3.8461485059850546,5.469583434329046,6.007221520320856,10.22992002018947,17.148749830810342,15.309232280036587,14.925600636228795,16.580421747485875,13.92692878915049,15.94547014237073,16.071944377110903,13.681828225630793,12.770381387426584,7.87749157929465,9.127249535841313,9.633300029267776,10.33978073029652,11.420430100622113,9.075166545300839,9.472293139103384,7.252217376340282,7.184519475169244,6.5120293232158035,5.4030684527039705,5.108366345982179,1.9126806136421013,4.069648228019749,4.654380213992861,5.58321432770233,4.9542155177981435,5.4784602882045,6.343658124331334,6.447223591348757,6.830537957901171
4.835379860412109,6.479233610379929,6.233088091131712,8.559647459770163,14.498869265000742,15.559412062937419,8.39069309156636,10.852902416276637,16.267536256509832,9.336560064139206,11.357237786780633,9.514981931960182,7.285167356218726,14.034528442673633,8.091035950677,9.877514790913795,9.394564305748112,10.140913302353853,9.425521880306594,8.053949637705205,7.854155418007137,6.9568744708625445,4.963109882254685,3.48045665512875,3.638173057296987,2.9396597838502205,2.93823847930616,4.184528356246559,4.191815094853717,3.522616886423376,4.820135068096108,5.883791624685199,7.727246215245742,7.002557473100368
7.365106431573574,6.046402177172893,7.059872824945904,8.541952104576206,12.167755496528958,14.116277972019049,10.691582009834574,10.366902773892633,15.163649809022855,13.628852370566937,9.690525329746436,10.848499426603441,11.117269954071064,14.097221229156137,10.71198489595712,8.119875806581463,8.724846626248826,8.509091466820003,8.852702436830388,6.859549140412018,8.319563309535217,6.744913108178674,5.304933370371786,4.417965147338834,4.212903552268359,2.584524466101083,3.8266767277131963,3.147624937674412,2.2783977202640955,4.1513686650088655,4.5888717408551365,6.382733376028759,7.848739221106556,7.590738157860764
7.199439048433501,7.954445111560827,5.720765930063305,5.810478767530354,10.552012104670448,11.528619307742286,10.667829469132785,15.47482164233186,12.606210538909119,9.212290783594002,7.5984513624917165,8.573342922115268,11.281690251414453,8.109195442052844,10.01092740782486,8.770893177506698,6.768969604203385,8.052007080493844,6.629334958928394,9.23509673716189,8.518890719347093,5.856841467228517,5.335990745243442,4.184403617200224,4.0600152601446915,1.4651971510712456,2.446396423711326,1.6014688016904413,2.110310006019005,3.048536698132522,3.6477438893555707,5.5742186930672295,6.168222162865321,6.213672193805246
7.5843147459440505,6.354188950494143,4.980657892644697,3.2857732400514057,8.19073031139339,10.678082194970202,7.332914005064671,15.34899102860835,13.527143170550385,8.384953070733392,9.522522261270927,7.050461579842967,9.292102002046695,8.923436296497396,8.004657022222862,7.887303806271642,8.389281853875078,5.669319018819366,6.505540192500158,8.709265883593995,7.506733837454472,6.664841529827729,5.2176222534844054,5.135413293250814,3.0431175168170435,0.785149548090768,0.6097770402593455,-0.036531128683112264,1.4087684666513212,1.580681036774348,2.0833943801459536,3.6907744565417913,5.617608809529721,8.447487118167258
