script/wind250m.json
{"header": {"parameterCategory": 2, "parameterNumber": 3, "lo1": 6.000198445256149, "la1": 58.999992894266676, "dx": 0.5, "dy": 0.25, "nx": 22, "ny": 24, "refTime": "2024-04-02T21:00:00.000Z"}, "data":
[rows 0 to 23 of 24, columns 0 to 21 of 22]
-6.009956101104171,-2.247374502212124,1.6239048305367256,-9.838650182809154,-3.7440741796763075,3.670259780450726,-6.340785635744057,-7.184693179602907,-4.024650085881168,2.3204049140446785,-6.862263829511673,-5.990156950388008,-1.6489574135961604,-7.577540210939925,-2.5751312106054396,-8.95290955591235,-3.981392422411089,-1.598014883610315,-6.425652190807897,-6.366398217589883,-4.270665676414916,-8.750463734758942
-4.743202003864835,-1.9860419355866665,3.0436398553760156,-9.30431314159836,4.008299825934214,-6.897217273387511,-1.8797194886554003,-6.712940038703699,-3.9230891749236148,-8.259785769459663,-6.238681040803736,3.241288849159645,-0.3413171986339528,1.585029711672474,-10.01845991848529,2.896280521887184,-6.923109990198664,-6.535925005332234,-6.898306925009404,-4.891904929952757,-1.43549668049709,-10.77791027625199
-2.763051301471135,-4.215850688211289,-6.118603127077987,-9.662104596052682,-6.021472041475781,-6.702270375357974,-7.299238134192397,-1.9345055157585704,-5.2259994546882185,-1.146310153626633,-1.2955329714261226,-1.5722822045621854,-8.562169327959365,-4.174508560938803,-5.443530278184431,-10.81863019542028,0.5448703253680393,-3.141663446794018,-2.2781469886447514,1.4873868658061644,-6.7100135070266225,-8.031489390858779
-4.683165354914551,-7.180517135157851,-8.096781615030263,-7.724473709985187,-4.40370065047898,-6.651105291079818,-7.669747060879856,-1.4331743400880226,-4.096959847035749,-0.7675609828242486,-8.761208071566118,-6.631147525939673,-13.534764999201451,-7.209465981875294,-5.418097351466721,-2.0278766743577448,-7.148041254207213,-4.320206498002195,0.05788638767446348,-5.604984294921281,-7.747166908386891,-7.57247322758761
-9.714177333263782,-4.964072650168946,-10.958473586476698,-4.614450920759964,-9.859332102694875,-5.322013617973984,-2.4016078861011922,-7.282216700740218,-2.183641345808967,0.8098736522064386,-5.09071412529375,-6.751352248862747,-4.471770463322354,-13.505623382214628,-9.752191547489156,-3.3873486864298603,-1.8375081499965211,-3.051918368935699,-1.7984714958013273,-5.222910006284076,3.723075330975212,-7.016069187838257
-5.848923267638493,-5.84857579833289,-12.628250685757203,-5.848915961130666,1.9071209324722957,-2.1911429028426364,-7.05760937566923,-4.366770049399334,-6.796879396173375,-3.7790346762432216,-5.564965208442912,-6.549449242748526,-5.862399006148353,-9.808963752919595,-7.291317044089905,-9.502490996480626,-11.430498035720968,0.14232064611951203,-2.9160300698562756,-10.669274104937905,-6.690907800583431,-10.214085000932505
-5.725984896635717,-1.6360385204626795,-4.303149761796087,-6.585633641932549,-5.638817845704975,-11.474212216376415,3.431425760448413,-2.041811528237909,-2.5254587425809922,-2.707424677287292,-7.472344467699254,-8.289281511948982,-1.8296845811246663,-4.7369950638927145,2.0785676927399317,-0.30714506855312357,-7.70970659228647,-3.1096726678849986,-4.522296823317696,-2.6972808088237716,-9.389215119239033,-5.485618078793005
-4.877491057147855,-11.138749366796347,-8.850765398498654,-4.394740209336324,-10.044309422328148,-3.103576687642038,-10.703140881292562,-6.592349696824755,-3.744522131194835,-9.39809526223673,2.859106927709835,-1.6533764577558896,-4.503940181467006,-7.608034015758662,1.1518030425670018,-3.5344120599064586,-6.557726749481412,-2.4680067734161897,-11.488970351271805,-6.937545364124783,-6.3586056193905085,1.9522045506780523
-3.728817359378038,-3.350820417186962,-7.365814254364735,-7.557426725072992,-7.898184452543607,0.6872799388608488,1.7377097870490859,-2.346401535629824,2.5310103985417203,2.020244297855164,-6.0121996215868325,-4.004744352922012,-1.5597713985454968,-3.9955666877879,-8.973929920162924,-3.57562401343709,-2.4683949393047486,-2.803091986892202,-1.7567992893857276,-2.896476605387604,-4.3330277453320925,-1.3363630061734724
-7.316181986529536,-7.764944294887023,-4.130823843719901,-4.294597768183661,-5.8799213837770195,-10.2685817233827,-5.873483968115139,-3.7031644207840353,-9.865855372703171,-6.945650188283242,-6.8334297063587215,-3.7768010073953886,-5.423008304851872,-6.729228469615365,-5.841033478036163,-2.4452312707866812,-2.9265907277636813,-3.627764616344065,-9.650330309333166,-10.189615277155612,-9.660016166690626,3.7802949085081914
-1.0124687389738478,-5.865810735045642,-5.545535061120682,-2.645483019379618,-7.309446974719727,-8.694613034263286,-7.876921022989846,-8.54912217080526,1.630349638433106,-9.46726086387964,-5.158961091631727,-2.8002306853786054,-7.7552045990403125,0.04789772622008174,2.043808169982322,-8.645375156595946,-6.864203130699034,-8.801637471300074,-5.383749388197027,-4.007764205853521,-5.856319446174383,-1.7903132209334216
-3.000464733257807,-7.239141974809445,-9.403435438031618,-7.9079891772674165,-14.86243319862617,-3.896723096035748,-3.085749320589293,-8.024372726111409,-2.7095454728953015,-5.766746769560941,-2.1328055789567317,-7.302565509488838,-7.199181717799075,-5.549355554680852,-5.319684880444686,-9.068818539355961,-3.845689747161706,-4.2218350875169355,-3.399644754216892,3.4450191829205434,2.6064671280540117,-7.2954917392444125
-9.32740493166617,-6.944015482504751,-0.21461311112053952,-3.4233199519361626,-7.819248535665143,-10.006989637017604,-2.1485809106056344,-4.874354935891504,-4.145726011940592,-4.107041902846352,-2.9603468056063273,-4.1363518869420846,-2.409104320912178,-3.2062164306998926,-3.6374020949716184,-1.800672395032453,-7.610112576978048,1.1575763299402149,-4.3077176807065145,-2.086041066784604,-7.338531458905395,-9.70546154182342
-4.260043371896841,-6.705940612921692,0.42665219145356054,-5.734021011400491,-1.5025157570698602,-5.663103337806277,1.7389919003526326,-2.2677210115679336,-9.586198056387389,-0.008960600077125255,-9.96391173920168,-9.38257935849782,-5.379505843262165,-4.31890630546976,-7.204217076071387,-13.604011523444695,-2.8498018924660538,-7.018840030524685,-0.746282511011243,-4.07557081667999,-1.6041980800219837,-10.290893441815292
-8.3508680177318,-7.703007996934987,-1.872922766627107,-4.815183310987862,-6.974434289290183,3.050335105048734,-5.496457602405796,-4.933639353368721,-4.129354790354538,-9.284750670754944,-5.736632923349442,0.06803282848879912,2.512723193252786,1.2451670025374013,-11.434138239233988,-8.820661065557973,-3.5522593509280442,-14.23313422902716,-10.129448915420921,1.871000118697909,2.3704702761419254,-7.151924296648929
-3.5706318049688135,-2.3160337728825118,-3.865507375036916,1.234774862892549,-4.249108346968289,-8.705081780931382,-2.8951367473103344,-5.420393999551083,-7.595116500080504,-6.89588541614277,-4.965666734006441,-6.282314188510586,-9.997049552086093,3.089138329970623,-7.319335955902889,-6.1975932321260885,-6.2730661444915725,-6.661060459210965,-9.741854449255529,0.11592335344692249,-2.2922717284232847,-16.188224219371815
-1.448833135768252,-5.761153427782044,-6.731038990492481,3.084331784082135,-7.583589364029474,-3.1837455319993766,-1.6699960804759713,-2.054762563481669,-5.2696425902096395,-9.13884098707403,-3.820514299635945,2.023949996112843,-2.004103039192143,-7.504426977747502,-10.230007939126951,-3.0501218428593595,-6.040437089655134,-7.665224115476144,-7.579169959279799,-0.42234675462944354,-3.93403998374783,-7.601296256148777
-4.65839570654628,-7.988777084876531,-3.8864677831995977,-5.253957739755113,-5.510686734035624,-11.542978843930815,-7.818664894728092,-6.566410996530041,-4.754102150755258,-3.067065609233303,1.5321970105831864,-8.451637315821563,3.130016096010934,-3.6945429219213004,-7.198195321592647,-4.082767567526222,-4.199546160498598,-6.115318454434004,-4.733805765528927,-4.191510646065059,-1.6315027265856716,-1.0339718691441886
-9.550306060538881,-3.81548221209606,-8.47038075644413,-4.650657517001644,-2.3192056535606462,-4.340942106139489,2.097713212136348,-7.107106544946206,-2.544891001182706,-7.497855206051585,2.5068620430676014,-6.784762198293942,-8.258716712155781,0.1363695299164253,-6.08504804942878,-2.369671897556398,-2.9865321992330127,-5.111405896796182,-10.842055133130263,-10.69088878870012,-4.077337666306732,-2.937894847671036
-3.768165354111516,1.8314177396805025,-8.007789873294008,-3.17049517742748,-2.9562971427366183,-3.7324497228537132,-5.04642329659593,-0.35061392897503063,-4.97825367059297,-8.200559665724022,-5.056271696464164,-2.1263340924934044,-3.7021260375230463,-7.791221267679411,-2.3172515940348695,-4.068084826059778,-7.3805707957053235,-3.779141498826974,-13.071497687557404,-5.6374303400096615,-1.7273999348731344,-4.190492838327969
-7.430762891653326,-9.694841948578297,-2.8528218718008516,-8.692143712851847,-9.850160319989788,-3.0818219288896276,-4.4764078487802,1.2343332213396065,-1.4246000511582084,-2.7628335454007176,-9.335026722070708,-11.401975397352906,-0.48115455656065675,-6.784643701263084,-7.138717048708026,-1.6852796490797042,-5.497797817675367,-15.845324859491646,2.006970299546933,-9.476427870698542,-10.709332455424716,-3.6772485530388788
-3.2450182806932877,-7.206168193403023,-3.831344087829291,-7.902592561211695,-1.3001397250322617,-9.750634461141436,-4.555147802046769,-4.277960168143214,-4.860788677850956,2.751716163769591,-5.45842030009727,-4.632237490997648,-3.597014155168828,-5.439919693384383,-4.15320197218397,2.8176572810068636,-1.0958072055263843,1.3198044142754266,-0.3366138896889021,-4.545974656093561,-0.26151575079149453,-11.203066845809238
-7.5939431838718345,-5.69000540825881,-9.73698695001464,-7.7571410242522045,-4.7774794072212465,-2.642552041177418,-7.593100355515527,2.1204202907010377,-7.386166061583839,-3.849102951859994,-6.772105490076057,-6.6552370926068,-2.477215091914157,-10.23497182212186,2.178564958142852,-4.029487318693459,-2.228313640086731,-8.782989329713045,2.173383180396978,-2.994962081628534,-5.8958378278877275,-3.4145717981627217
-2.3534241309030124,-2.0023518102740967,-7.043406539273225,-13.190961034529204,1.6400385592351425,-3.1926042433077537,-6.412823204996314,1.1578492779974847,-7.715474250912887,-14.702580448052878,-9.382026256057213,-9.290558685806976,-4.673428683187772,-13.36975140325814,-10.458835296442684,-7.3036496831900335,-8.899044649315584,-5.505544171550875,-5.329799216877039,-9.32617779927463,2.149635303664125,-3.5540977231516737
