script/wind100m.json
{"header": {"parameterCategory": 2, "parameterNumber": 2, "lo1": 6.000198445256149, "la1": 58.999992894266676, "dx": 0.5, "dy": 0.25, "nx": 22, "ny": 24, "refTime": "2024-02-12T20:00:00.000Z"}, "data":
[rows 0 to 23 of 24, columns 0 to 21 of 22]
-8.356109259031093,-0.9700467775893796,8.530611374228044,9.317680478665242,9.811465153532968,4.178912614350855,6.225669227055225,-0.6949725811510228,6.074531429351598,2.73602069795752,-2.607159106018342,5.42775962964786,-5.1323588213561795,5.883879717022702,-5.676452113625232,1.907584917672535,2.200575038403979,0.4599920613477258,7.567632881963028,8.282452614755965,7.396592281665313,7.884800240831439
-7.006066589095808,-3.5216469168638715,-0.6444710416213737,10.72264410560671,8.48423573387866,9.699206797425324,9.653601990804493,6.683756252540679,8.568491842671156,3.9141316042872143,7.118951010076676,6.551961899844611,-1.9861386076220868,8.841822558401237,-4.208571565744586,8.686201723125277,7.702105363813854,8.400094419593138,-10.090458672738295,-6.161970548658747,-11.360891242398484,6.149775226566322
-7.229277017918539,-1.9963797602119373,8.58175546946387,8.626045939804296,7.19922781633166,-10.480256389081166,6.343673602781817,-8.776184033002446,9.364480098026561,5.903630245895231,3.430771994875967,-6.677660718773123,7.218776821724171,-0.09993585998724801,-2.0832645303550565,-2.2203614091989046,7.723122801024144,-4.05122755265287,-3.123267648409203,-0.4128465048349048,9.5001736628396,5.777851340250845
-7.797916858073429,-4.196715331440701,2.307236679945382,9.130802309986233,-6.331555079334401,-2.6904207544399124,7.674915079475487,-1.295331262580765,1.9972352799337918,-10.408501385286563,-12.622051184135083,7.5269743875005455,9.438637276821082,5.304798468027292,7.055345022167136,-1.1221943411857962,8.08685977887896,-4.5776823189926406,3.459488135171694,6.24322131757421,8.141020811441884,7.196343230369913
-3.026756442376714,-7.674775033631447,2.3964122054623527,-2.1636218301437555,5.551640283303484,2.5104658765156698,3.0328173246580916,8.19427031741248,7.701172378084822,6.930342296434871,11.847160502386146,-0.2541169088104014,6.86021715374944,-5.300182438178478,5.836456567921835,7.021322561991066,4.771403470811872,1.6719041460653694,6.863920227432964,-6.385343939485321,8.576546645956002,8.518335073413738
-3.5919720133995394,8.262922438872021,8.761998627283475,-8.793915794258412,1.3519917658373688,10.401329464977653,6.281477601388124,-3.2783876893552715,-2.0353324612293946,1.1171239902171763,-2.7752612177160887,-1.8346312774534894,-5.857930404227416,6.0765726645248135,4.49559470649482,6.4131973289246735,-1.3347787892428986,2.9079132231529266,-10.686811230518552,1.8343946750934905,7.829073012320282,5.296310531343784
-1.8770870682424832,-7.464745346014326,4.6267944962456475,6.609014587578347,10.116009714222576,-3.6152100981801802,-0.5848140115126151,10.393490050439329,8.615242961394157,8.351177937716068,-9.540560927357841,6.478319677012385,8.024829782476653,7.9686683578478466,4.963670474846045,3.6422490463721413,-5.156653066427494,7.696863074312756,5.657454306928271,7.829544260610546,-13.636561710918553,8.6376958113899
-4.308331797748602,-8.051767005421627,6.954041338524898,5.7869324247128375,7.579680926013737,-4.521331270823361,9.319693856901134,8.012470940111607,-2.1363079615480496,0.8015494991789901,5.081770300096481,8.387174559305684,7.593561985306845,3.2404657719372447,2.5988453311585658,-2.4763677112881752,-0.44405879828231604,7.069048650705293,9.187216138927178,-3.3673299933713707,9.131484974334523,8.325462581129655
-4.529330666768032,-3.8056264042182995,-1.4771885262242865,8.78402002965034,0.7461676470676054,7.7634491813975695,7.1128749363926085,-6.902865646187815,7.458546134785429,-9.699375677496962,-9.729571965422284,-1.0182377650621057,2.3007056570677182,8.270262781174846,2.542839749437222,-0.5514058713201848,-5.988137736267149,7.838063398215525,2.6491147749479476,1.9355195193073635,7.766208131226343,7.7091372254233965
-4.472009033853894,9.410677299447098,9.860070884477333,4.559948011564349,-3.926498436302169,7.347210962496339,-1.9326377526404943,9.973417255054839,-4.543797980288197,9.176268487397168,7.901517065962838,-4.37968376016366,-1.805654018708732,2.204568079561478,8.220110560519352,7.898218477095524,-0.3042624206022478,-5.90978608905535,6.920555889739476,3.565159303916738,-4.301478019318187,6.160994099028041
-8.853135064447818,8.93906058916031,5.295258861121826,3.1382172411873577,-3.10666661085093,-4.354562090440176,9.48895196106483,-5.8661566753531815,8.196445545239985,-10.8324045124292,2.2092207732428273,5.123260881131525,-4.751979038282192,6.120689321513573,-3.3712124062015354,7.379102318827226,8.766192567755159,4.888525088595777,-2.8965331322019816,9.104762075039227,3.455437330444394,5.11312080235329
-3.9366539018666713,4.415795840010332,7.486476354603658,11.317740973331036,9.442955258647945,1.185158656959329,7.43845927929634,9.72132108995802,-4.034924835660884,0.12321385879499284,-8.426423646210537,-0.12562305418998843,6.002238686919561,-6.737690907129526,-1.2338782357444753,-1.597745576888124,5.024198939277156,2.6366590477436476,8.163124339786306,-2.9511877226789753,-4.349374750165374,8.31365732405085
-3.737657694999856,8.646669837099159,9.361759421845983,6.772210192942958,9.450980575473645,-0.9227141408396543,-3.3516550032304893,6.777240587757267,2.588744843086681,-6.447081858818363,7.4471650402821234,-4.435654701422298,8.559524727070261,6.781505910662505,-2.7907739845100927,7.885485588957648,5.0154151616717115,8.154770103334217,4.717596626978649,5.0355939651354,9.059367412370149,2.6163271495083356
-7.964123163274602,-3.890123464451263,4.236284716316343,6.400600351524797,7.378130833454465,9.322676096596044,9.67082927589276,4.244312105668433,-9.098018323204398,7.622660366129341,-1.6248902662372202,5.7766928959728014,1.782917012459128,5.823008958966759,-4.818297403962436,8.412765445567155,0.7937695886135716,8.441653721716655,7.111114403599499,8.02579700200986,9.595415804793072,6.57778271308197
-1.2142934987506184,1.6022830921114395,10.03959099911487,-2.7220642874151153,-6.956841546432675,-6.876419483488374,8.81196509366603,8.066126354022085,10.150503162908219,0.8239118261139017,-8.090868159179081,4.869997904524051,-7.893467257857882,10.251621807756539,-5.181253268570181,1.8939656286246072,5.670838238825142,-5.645049191269232,-5.233231109173114,-8.212132425885844,-4.345254854457453,8.875023708943163
-6.043819710677439,8.773635832473257,10.942447083472599,-1.4789616656755344,0.6935107821888353,6.536987992309759,-0.29428459054270134,-5.01382593721324,-5.26138568959311,8.407478341172894,9.35738398991247,7.048204517034138,6.922837920905573,1.3127190747209607,-5.486426825922978,8.907711120181078,6.545001652448354,-5.5877862975137935,9.036988120547795,4.040179210901346,8.11614724053882,10.305289226828355
-3.521527713220268,9.25981977383479,8.608120881696651,-4.924033717883671,5.583958537573675,9.51821938977226,7.460066428836847,9.627384189912457,9.776929080777286,8.819793644565443,-4.4182489722465235,-4.520285290187977,9.251235681710662,9.685683044944572,-8.142932674806067,0.6196947911161995,-8.18441597453146,-0.5747446657956395,9.52384763076143,4.9636961923419225,-5.52451631591112,8.525542281556406
-9.544661112314534,7.815645081781411,8.80302899002107,9.445356738131728,6.6433917927801875,-4.556395011798196,7.341178796313991,-7.086546705733245,-5.930624381578046,-2.4822748483865174,7.8558065503925505,5.763430533787329,4.884598271414767,4.002734136090066,-6.509069765983526,5.142914991137984,6.071586617167138,1.7942777629461082,7.495963171054708,-7.091722643547426,7.360915515655442,4.889906927390349
-13.095557768399043,9.211587600922698,-9.933174726927039,6.6190470884278625,-3.350235147781165,4.213890313941122,4.987757470757818,10.187172296792092,6.119376578130238,8.749270602294642,4.970238457111323,8.540121298964303,-0.7052482282756734,-5.9431431878739565,7.618579601378667,5.319643683766663,-3.539146903879404,11.756868800064149,-6.414305618485272,9.318037850151997,8.534539724471015,6.946927170685995
-8.993739102672844,7.727602767018342,-4.9573264646083075,10.40605549064581,-6.364553914320641,2.3410247121927434,9.152656733457205,6.704821266822328,-0.469417158056535,-1.9699382673321595,0.44416638031695566,-5.297545200623236,-4.638379446524777,0.1332414273943473,7.554630569129843,2.9699468142855405,-0.1529240776980627,6.277325138223924,8.708094204217538,6.330865498950445,-3.388366313094546,5.462228547483883
-0.7103774771127689,1.5582960096640717,-7.822157812291942,6.89715795372111,-2.1726877026038083,2.6492497485052486,6.238578148665869,-1.7908786713634752,7.985102397770998,6.152901112689612,6.9569249724983315,7.359762946366343,7.874013702777482,8.126654140497187,10.028444805604586,3.8163854545367903,-2.603927783064931,-4.361194774423235,10.48204614269918,-1.2219933830303351,9.34106325328341,6.70097893732635
-6.7221097175047255,8.865479097139977,-5.909307918196115,7.43699519277388,7.225653165334438,-5.971145920692808,3.0249907518498826,10.233460768183722,-8.847952201334234,-6.119876263140795,8.793883688171723,5.725762213140846,8.15792673223623,5.9597191960618385,3.935525862026952,7.474001365508533,6.79565005873618,-12.2562746319081,7.505801122989777,-0.9330139291235003,7.906531953239246,9.582076382700125
-3.038225752330407,2.1358295775130145,-0.4190552416397316,-0.9260721814719787,7.9118648408751495,1.380120374246166,6.1944459097877065,-3.7763781342977643,10.485966852233819,8.529634850309447,-1.3777487042342182,4.2159718616455235,2.3293351527565784,7.840155064525566,6.136410286655802,10.363019390215964,9.445245538331214,4.495746639331609,-5.927045303713453,6.7448813850000136,-2.879542518881055,-1.4246833709789692
-13.167696453843472,8.014452177776187,7.02401415340468,2.1272517688729113,-5.3535317396759154,-2.2395418605837154,-4.116565483026211,6.537380589245017,-8.620684079706992,7.2489280090146435,-3.273449891993675,-2.177076135423028,-2.1335810663540995,-0.4297219648366124,7.64461699998989,7.004478787075127,9.498105696404611,3.6338239437329225,8.777931819262944,-10.71193625948817,7.592964857493441,7.902800653457316
