script/wind10m.json
{"header": {"parameterCategory": 2, "parameterNumber": 2, "lo1": 6.000198445256149, "la1": 58.999992894266676, "dx": 0.5, "dy": 0.25, "nx": 22, "ny": 24, "refTime": "2024-01-30T20:00:00.000Z"}, "data":
[rows 0 to 23 of 24, columns 0 to 21 of 22]
-1.0859746899765896,2.824368715014513,1.5392244998383227,3.5836538457986706,1.8920423444494554,1.109061559261965,0.6179884733227248,1.1200990624417761,-0.4961025599707101,-0.9166307227629938,-0.3475483616360581,-1.0439611874765287,0.2001955701395557,0.2443311204217678,-0.08617802718705515,-0.4074930656166818,-0.19738526625668057,0.37721098040854273,0.5149390829277086,0.5230617868248446,0.2857422966985547,-1.032228215176065
0.0892115497613055,4.490515856144954,0.4727935523807375,1.012915277000693,1.4958648758758113,0.18212575537005193,1.1254945867133492,1.6074151588474979,-0.5328493427540736,-1.3984571456843247,-1.2806160912532611,-0.3558075095538189,0.24514863053537436,0.34104641273990005,1.558587850443914,0.7400905180215404,-0.8090214431222005,-0.9956668336066842,-0.34978016317998906,0.4401742373158342,-0.5739219898379642,-0.814881580147508
0.6224492078937931,2.0104632142611005,-0.33610107633798436,-0.030282475955612422,1.1123361269944634,1.7270341238651548,1.6552865178880445,-0.299846892578683,-0.9453539488546764,-1.0819236704912356,1.707071975555788,0.4824126626387586,1.0027719840778386,1.3432404874528603,1.982130470201194,2.233461361586247,-0.25353558274972193,0.4104286641088969,-0.5344954422054546,-0.801363904892408,-0.7728443210542862,-1.042277431723403
4.402645529841832,1.8431585462291444,1.770100341787446,1.3060737050316726,1.1573076799208946,2.0763697392523226,0.07782079928059026,-0.9619439464092056,-0.8224488546112996,-0.27000943471083666,3.6224788593350956,0.30142158126371,1.1637472228987402,1.1431643897290589,2.0013119306285305,2.3256119923464476,2.3625918838493987,2.4594426648848167,0.21774901513680242,1.784685372419612,-0.5128609158464095,-0.7289399682399061
6.082675875933343,6.596164368284098,2.72085934657726,2.7821142607332927,3.6414154680868713,1.8829204321855455,-0.8857500777824346,-1.1303070568689597,-0.829947583867387,5.083759910580183,2.6178667351082496,0.29459378542902914,0.43935663958624627,1.0948917419795308,1.5461832731140799,1.51376094745429,2.463724118186275,2.3246041229918735,1.8639338525141909,0.6820471395290798,0.5886411386004875,0.6485831967283863
6.209215187088927,6.803150324134583,5.317768929571607,4.396344545387839,2.7766198439591805,-0.11649872951802388,-1.0606505846943195,-1.0247800645500154,1.5683582150763133,5.500391330067596,2.302041733103954,2.484681284378122,0.8191986989218939,0.7031626463038675,1.871872926891565,1.2244892647550518,2.104701588297306,2.344495747617606,1.1568322259601385,0.9361569136722153,0.2949240720041994,0.33728682575079
6.333760226422997,6.54968210876874,4.086077674282695,4.204803610189641,1.4951983763347658,-0.6836558592307134,-0.8727127194044485,0.44415098386667357,5.526727168963653,4.785023141276354,2.987836465765089,3.684421474043116,0.8308334404016327,0.9492705535998033,1.3529970597481962,1.539172850842493,1.008456776423444,1.8884420475903667,1.9131664752282063,-0.22062637743080793,0.5896896553838684,0.04074303312998164
5.973666485223564,6.373926698314014,4.277608969241428,3.6316960077622684,0.7693818980823347,-0.6819417385856805,0.4290956431082614,5.794623862429585,4.823620563944133,4.689096134002407,2.951314235352658,5.079053739110761,4.831916318435552,1.6148891643635266,1.8681913883224257,2.372535599350727,1.05148300204483,1.2903179610386493,1.5361720704602417,1.9895465449948744,0.8271394045373532,0.43092235004292495
6.170097589597044,5.738952255393219,3.7912860065139586,2.8382102464513075,0.5319034080242883,0.39200095566696913,4.188345700523236,5.360628613352502,5.162579633937578,4.12669910883203,4.37212007570565,4.531030871382025,5.614336237606656,0.7788340106595414,1.9142691893626422,2.5666464658435606,1.1326130485706765,0.6897826870844012,1.6561176527856165,1.7306623055735377,1.7556265469973633,0.6627370910941442
6.78966089576988,4.974196695247559,4.042828136221762,2.3400048806668208,1.168156230822664,3.5265951465334613,4.160562306086331,3.9919167815574808,4.673833631682404,4.947702269069331,3.300490594089442,5.027245381794093,6.471201190799173,2.3627529612486997,2.2757368803090543,2.3921387895585697,0.6413423288124751,1.8305059310656153,0.8825452996904031,1.2232138499659124,1.8838115811133014,1.4913894403434431
7.025869743569338,4.679817084215839,4.04023663256981,2.4955422776885587,4.013164053457867,3.1018498488606427,2.6357125968375987,4.336842991047801,4.646071928493147,3.9934785397890105,5.030584045875198,5.3110218363064075,5.941232204356442,2.0121532356934586,2.3378330530531906,2.2607127267745524,-0.12533579881890217,1.262856628632807,0.3422550560629258,1.9060612921519358,1.5271089129147775,2.8088339120273935
7.135973800483677,5.529476964002684,4.871162063047765,4.636367109398941,4.517594616725589,2.1795110755396423,3.091098252624308,3.9331521576636943,3.7092738054817382,3.4233955886598317,5.5488728339053175,5.417909951616545,5.3396580012738815,3.062361165811102,0.324412996253804,1.5902164563496968,1.603232683934429,1.1594307856756936,0.409408577615519,1.8696426239728283,2.806804383363316,3.6274896273623924
7.171606053859672,6.944005148192848,7.716277414409777,7.01469863035455,5.7746110703701214,3.356425100281895,2.059767596792177,3.0001483122961154,4.243549785478136,4.840223341393872,5.260780520212212,5.101626866208434,3.2688181670447993,3.732351504401752,0.1936151310375976,1.7391178793269868,4.1477276190361945,2.6124503930872063,4.946180744791858,5.455885012214778,5.430183194725551,4.245989335531164
7.802187496470283,8.101911956587237,9.451714318961736,10.104019252541049,6.985415377776139,4.385337958527053,2.9228904210770628,3.659120168838068,4.212470313088771,5.585262643063366,4.913137230574565,4.608344598155182,5.376131079196685,3.880762014915968,1.5486448536910473,2.2924552251256904,2.4348690191717575,5.073024727541632,6.358334839683293,5.418207254835788,5.677141213257442,4.685268989428789
8.436937811248669,9.042505031007453,10.28065456300523,10.92985630852607,8.495665464699165,5.254329357757714,4.657940780931568,4.750442915963369,4.466354901954606,6.837518648489611,5.011569461278541,4.460076847281325,3.6436098229264946,4.524706933504417,2.84529911383434,3.310046211070389,3.491441462427235,6.788472992578649,6.824775714029637,5.467359132857799,6.172134381728526,4.940718272009034
8.750633039983924,9.526853204840059,10.63843082949804,11.00336983792638,10.344111445693928,8.09653844735286,4.882948253397269,5.574972338683593,5.0513433930004075,6.332352541433236,5.492287767386899,3.45169845476296,4.31540907407701,4.21572189539495,4.814515580920676,6.178309332922853,5.998087894966759,5.842358556166521,5.593276298032015,6.5101512866993705,6.019319602437311,4.897476312430282
8.596528206362244,9.791092766442194,11.06373588950668,11.269168107733579,10.802393652287916,8.80158929357882,5.032698148521627,6.255892721919476,8.026544601242925,6.655226248504514,6.831705447809064,5.988526332398355,3.313137406445027,3.47617840431497,6.514044708882602,5.627852514994767,5.534115117433186,5.534742445385663,6.896710506927696,7.07857561955298,5.9674917508610585,4.749199104441013
8.96580299735196,9.716413188729456,11.098004098098063,11.786140147417148,11.343510344569154,8.725782796678205,5.382875068766035,6.737191295806447,8.49021602477709,6.69065271597014,5.905491790411537,3.0072577198545543,3.227917948012368,6.934277717798911,6.297082626628963,5.0014766131418344,4.544516274924105,5.54354117770394,6.713688174579893,6.548373516158861,5.4758119828202485,4.041479467679279
8.485442623211943,9.90167839080012,10.848106063615242,12.052146988004168,11.89199157780237,11.106591444704403,7.938395429970395,6.704538191882559,10.020266787181452,9.10301477908626,5.02137700922435,2.9510331040137356,5.573900535812052,4.901861158137178,3.8315228323515123,2.9483200072725944,5.04075148871415,5.316116820062727,6.1884083381924215,5.582747536636043,3.8496751086989582,1.9570042621253947
8.559570533264012,9.762997030541207,11.022298377606688,12.206382573637875,12.524776243201476,11.269018552342803,8.619692014234083,8.412408125671881,7.9795834679537885,7.625555897834215,6.685007996313132,3.893981878229394,6.123644872728489,3.5386740276926703,2.3019581211865785,4.210626754615991,5.696117293881104,4.502586109610148,5.027862434876448,4.622827266719388,2.440560652354112,1.701823776109683
8.34906222454088,9.917433670991379,10.916830516821088,12.210262656379566,12.84280654951762,11.78931096239981,9.289738594622207,9.27714250203874,6.831267258064366,6.883496194654643,6.472147087538228,2.4277682188466976,3.3631895085952013,3.363199450788484,2.2762710235210335,3.2132980195582825,3.599635661764609,4.222762822438871,2.5735480876076613,3.0909023185639386,1.559315789777139,1.3919371608491673
8.11798252522979,10.135135893057075,10.885840761295839,10.963028709458388,12.686451779190701,10.588128258129041,8.13423355329785,9.263169838295024,6.78744258676376,6.488853977633878,5.030625215733793,2.9657616860866347,2.6029635789619454,2.8448066067318107,2.021839325202167,3.376138767307833,3.9279156910123825,2.7753565125724515,1.7128292392567872,2.0695868842387415,2.47194871980247,0.8366889178808427
9.019114278154278,9.405856994450376,9.460699322441469,7.364971709950573,7.953169968953121,7.652713706382669,6.954596201584996,7.1064991489535645,6.648341437043512,6.397524905049635,3.767245080058107,2.9532850916381,2.301850513332506,2.8381593513092644,2.7610167083648713,4.002951841378335,2.651554681804424,1.921718084580972,1.0304450130620022,2.2546388180914243,1.596721878601955,0.5024556879702856
5.949181066097403,6.08746848930043,6.74184593657917,7.093721147972565,6.55801882874611,7.765825682529644,7.871019605952269,7.380869534071732,5.0253109109595995,6.290529684577873,2.5427917799061044,1.7325862309275692,2.59105960883899,1.2749461055191795,1.7749064808686486,2.4478935117353697,4.820006160000029,2.1914775007643006,2.056317055968595,0.8355950772538205,0.5023370403883489,1.436212553699114
