script/wind10m.json
{"header": {"parameterCategory": 2, "parameterNumber": 3, "lo1": 6.000027932988019, "la1": 58.9999434238085, "dx": 0.5, "dy": 0.25, "nx": 22, "ny": 24, "refTime": "2024-07-03T06:00:00.000Z"}, "data":
[rows 0 to 23 of 24, columns 0 to 21 of 22]
-0.5679902382150384,-3.0917022670913665,-3.3700991780834424,-1.3779854051521616,-1.6032656006911938,-1.698998588387903,-1.3911678918902797,-1.5768902835481455,-3.2276948862147474,-6.8197463012563215,1.1418867116013263,0.2466772740354679,0.07730390044791016,-0.08921490344329543,-2.095040734168898,-2.463294432236301,-0.272800266352326,-0.5861779529860651,-0.3871468791300898,0.15737228513991805,0.7151920609869181,0.270078018246817
-2.624776838340221,-2.454576286542652,-2.5429708557549326,-1.151721412112392,-1.3492329603553417,-1.0234166491461099,-1.5310677617555724,-5.324402749893527,-4.707017527475106,-5.168377164862515,3.2866590625736185,0.6588992599022395,0.8176650338437954,0.07288714258298644,-0.032214212499276765,1.1184021094543384,0.14685960098414977,-0.37196353063712423,0.09632606634914015,0.7188882870021142,0.646310796148345,0.6189130877606992
-1.747116010966879,-1.6196327085927031,-0.16262960626559203,0.2595552570629116,-0.6398131408067246,-1.1191654991384392,-1.122091142263024,-4.588196561187071,-3.677929129625372,-4.25162178632154,3.6822784998456544,-0.6582401511028829,0.4792684752171758,1.0165915401887675,0.7280053083113955,1.2432348314832107,0.6165841251687457,0.3858763786052759,1.1804285083275794,0.8916854605683588,0.6547466456204045,0.3611897664150044
-6.003120148544149,-2.33281029851911,-1.0587412023400595,-0.5141687683236669,-1.2371492630266978,0.45717057455713006,-1.2170559396729126,-2.168410071389953,-2.8103698246261857,-2.1966630961354165,4.443860686785512,0.942797571467058,0.422161185299541,1.0596245599036636,1.2724343986597093,0.661951775852192,0.7612877429495144,1.6163331548087183,0.4726063158924558,0.6467643531981238,0.8500302668479663,0.45460008110905464
-4.934774246676809,-6.374204086869923,-2.971492093562553,-1.002527099602603,-0.35327315173711615,-0.7669288409014619,-1.6067719408634722,-1.9157193019727596,-1.8919485101604367,-1.6460119497292087,0.8567373589065345,2.227579841100972,0.9546928577684085,1.5005261967560448,1.440173277166803,1.40356375786389,0.5260067348486388,0.7259223453899585,0.2986132615035831,0.5411037895644357,0.4555598138582024,0.33439433433331733
-3.9963874594918347,-4.656263528327481,-5.470198086504525,-4.665092743783225,-3.3045201991952062,-2.008085175233659,-2.442101094779882,-1.5763834456617802,-0.4033551202470844,0.5215672410804052,-0.16874735610478558,-0.8956895864856919,1.7816639291559697,1.4771147813561427,1.483022667475635,1.3595852929658174,1.5820349008842463,1.3653461836255905,0.5284384561370463,0.646196346483576,0.8207157439022538,0.4331292456259766
-2.9198620335677736,-4.121966978667785,-4.045413690567836,-4.447636416514695,-4.105457957044594,-3.6564817913276286,-2.6861755972848176,-2.4922588213409766,0.10382757085624801,-0.09700518677117137,-0.35659683904618716,-0.08495861054238721,0.8098454393120069,1.6477137571805685,1.2669945054167053,1.4868666585949333,1.3263246384745668,1.050722851157446,1.018775306907182,0.9813737893752496,0.4073324017340696,0.48441929311919507
-2.867112979612264,-3.3594377516229383,-3.1163260753626973,-3.4680146015898026,-3.359720498873484,-3.578101173127316,-3.1340407221154662,-2.3363916907540823,-0.8453183668615494,-0.762747836226032,-0.6464530167101621,0.28306142492793435,1.4073848341971036,1.463650528929469,1.736716146131379,1.5587210511500593,1.3600656957720767,1.0894137542846494,1.0066799001082347,0.7438510649976792,0.7846922603170077,0.6177718341846637
-0.9899128062155602,-2.3731779744686,-2.2102468705426364,-2.4284493509804124,-2.8436261372745686,-1.297446935462143,-2.133181787095204,-0.8431239816969257,-0.6693064136147963,-1.3490197486408924,-1.3547568111195434,-0.3424789745323321,1.2381313515977113,1.2974552141011284,1.4539678944505434,1.1404688137713095,1.4434574781127743,1.4037682378138794,1.0919407771672567,0.651242872959186,0.8456330237620409,1.6211757399941287
-0.4643072467246062,0.5585865420195778,-0.5472279016018966,-1.7722641660782696,-2.056598496749882,-2.0022775466248985,-1.2966758039182824,-0.7790446342786048,-0.5827965132676792,-1.147311312111072,-0.8270401977678373,0.21290457096800022,1.028338000877922,1.5042315443366456,1.2255002958563521,1.2538561854937047,1.5048394329649661,1.33135367149847,0.8984509299064235,0.5607627915690363,0.9449921964547351,0.8730638816972792
1.1815791191706624,0.8220210887375066,0.09073999578164076,-1.1624166199328665,-1.4850262670985257,-0.8190099980473265,-1.8824126713143572,-0.46059223995700854,0.8293861232450369,1.0763311768134138,1.4151974028588212,0.42697919872263307,2.647705117017906,2.7628067046877787,2.0207278826074835,1.2018749177318466,1.4579902730581373,1.2640427500275395,0.3486451283289559,0.6852965025088043,0.7124198409183206,0.5772819967495386
2.2426707189679416,1.5555040578501156,0.6112234638086939,-1.125619706613969,-1.2898531429473914,-0.05168687470637686,-0.14593643215443972,0.4248087713037872,0.12549348111110453,0.42193390408596776,0.6499558146152726,-0.2598959245208614,0.2482377530571343,0.259756891197314,1.0620438643970622,0.896501153737541,1.2330148147067352,0.9008968329566882,0.5969804536461616,0.5809621621251451,1.0272569209773035,1.6819849923526318
2.34221559640626,1.6785328895366878,0.8138200705485481,-0.6972405693883441,-1.3573250237396155,-0.32736403694621974,0.33967775414364554,0.014282533070676161,0.2933071219469887,0.4730437091167927,-0.3035051745199763,-0.6888655057222177,-0.5536221264618728,0.03718022480405019,0.5415883257767704,0.553639416797729,0.6940048253534787,0.3342370017198094,0.39100967566084377,0.2863852155481674,0.5608528007059805,1.0287969843194935
2.4533761308201503,1.759850339777218,-0.046922938645427015,-0.876699627665089,-1.31522120910305,-0.30445633193321103,0.5300255034028721,0.38148346177792924,0.585314914473798,-0.5011653143917453,-0.8035729587007439,-0.8802554012715399,0.5670426621700478,0.923060976128713,1.09140642919902,0.7804454689689246,0.5552517129293305,0.8111455012266451,0.3874705497706878,0.011885945915900755,1.1635884366955322,1.003039880677996
2.1068410671049915,0.8392376502374009,-0.5328457232969633,-0.9246774762694429,-1.3382390023491189,-1.131272629889744,-0.14083270989708657,0.2818133357669747,0.37152691015099987,0.32388426285387156,-0.35990932974732465,0.028133285011661194,-0.07969373280393936,-0.34049750300751475,-0.7705172323088265,-0.2022022966305449,0.24311646220569438,0.5015935940100378,0.5953323933889082,0.2847051026726677,-0.08407204403926595,0.8974738758548186
1.9908787387439038,0.5685601236490934,-0.3804761643418942,-1.637827000468498,-2.3531874280257874,-1.9344250463406247,-0.6844419296190564,-0.2686508841067617,-0.46232853877113944,0.3711597182985404,-0.18261208611874633,-0.9259738241358947,-0.06803610848189617,0.9851675990237039,-1.1443371595474086,-1.241823111358422,-1.6235724514773422,-0.8259020023017083,-0.7241894732251942,-0.12473710605536316,0.6782116214703036,1.0366504826736966
2.5057629100382584,0.8751393541919368,-1.3044286442677016,-2.411582270122246,-1.5677731113497875,-2.280759178596321,1.4365270353437856,1.8380610401156432,1.6416979614606806,-0.13432434015187536,-0.9370561451934292,-2.698427675943041,-1.387011420521851,-0.9560649277795505,-2.0176474237299242,-1.9658531910528643,-1.688481419909341,-1.3034468674852995,-0.6813654912738512,-0.016767604826772718,-0.5133018767956725,0.4420197496863035
2.868536529470201,1.187117606924554,-0.31903840374641845,-2.206322070062235,-1.031745772497741,-3.041765724470846,-0.37630609543559945,1.341076665431315,2.313721873285203,-0.009425894599726838,-1.0613026823977882,-1.0559494517867551,-0.036568024235857914,-2.737697279627087,-3.7718993751951535,-3.2883308672106146,-2.6898165848601456,-1.9740035360331696,-1.98146645227247,-0.7787730739530058,-0.16059599623120072,-0.2988019141992234
3.9118520558859062,1.7046124778547793,0.6926996836843258,0.03674372485212109,-1.2889371919853763,-1.062737950371835,0.8117905037452431,1.7934094749793457,2.26741020215501,0.22737355546121185,-0.6779280821009953,-2.871729086335215,-4.79062470917839,-4.4587322533536895,-3.400946009337109,-1.3505153724463588,-1.4904148730270668,-0.9050609505003995,-0.5270164154131044,-0.7933523651188016,-1.1450343211399876,0.5039652939365018
3.080774364479603,2.3964008943687913,0.7453595852691925,0.12978895826896555,-0.34985232923128806,-0.18328348078849732,0.4130770389373672,0.3942612554579778,0.8123837551478396,0.9273793539541589,0.8008806867614933,0.4905392017160207,-1.398563687786563,1.893211431433684,1.1878280886550694,3.192436805743731,-1.9146567760794448,-2.141757864174889,-1.0682269326215643,-0.05206816199314868,3.2574550889114304,1.6009671742271863
3.4650556149316682,2.3242797892431324,0.47072171603356766,-0.5964478942019198,-0.14744186158919267,0.18782740647197602,0.30775861348864647,0.9957224991754136,1.2448630766558901,0.9342185566371951,1.5935270686009677,1.5268343629460663,1.1664545262160377,1.3798679548894053,1.427191525745426,1.3428018529512593,2.3080329957376633,2.4542751465240755,1.6358648961159152,1.889920972106831,1.3436860157262513,0.5332926169790462
4.201439423294712,2.6918476516626875,0.5739151637568245,0.08713866224052202,4.771441370937977,2.305214946891023,2.8155711971197683,2.4674448690034136,1.40154821680683,2.0026237869843855,1.559971512269628,1.1886499979390255,1.6875860539712764,1.100760882744512,0.6179936791654589,1.216554263893582,1.4764799744443406,0.7701197684838166,1.1857505305261267,0.8870904891619378,0.7799465673886327,0.3690718519334075
2.4879079829968815,4.340374692445446,4.043503600190881,1.582946975565376,2.0605364719102552,2.8930472048833433,1.430524940493816,1.3666374535998758,1.0491464605679321,1.2996769447524128,1.6077037594753951,1.088654660403831,1.1403085352369304,0.43734528387281146,1.1853940890079155,1.0912670233052015,0.48134703811881685,0.6525484416752494,0.4844966482214523,0.15005412080183717,0.16680599795701284,0.19241801237591075
2.218722220479429,2.02175952035598,2.1276416387269133,1.925778549607724,1.8195559748694365,2.4260859564914727,1.5537073620868949,1.7486312382046196,1.2796217577927527,0.8991700438474183,0.3270637336696745,0.5865767738547659,0.27406712644473463,0.6563187132795576,0.6933127784269101,0.7327565823417641,1.0951858829469379,0.395345638340367,-0.22258579013271748,0.12634125921098802,-0.06360466106009122,-0.3580515511369401
