script/wind350m.json
{"header": {"parameterCategory": 2, "parameterNumber": 3, "lo1": 3.000054539987559, "la1": 64.9999836372058, "dx": 0.5, "dy": 0.25, "nx": 34, "ny": 52, "refTime": "2026-02-12T00:00:00.000Z"}, "data":
[rows 24 to 47 of 52, columns 0 to 33 of 34]
1.2638651474043756,0.8615723980053863,0.033086117429608757,-0.08491326205756365,2.3993138732834773,0.30453336435253936,0.5179468537084698,-2.143776995664376,0.7625103579722464,-1.5830100865967154,-1.8926553189938244,-4.26702176652565,-4.734505789333,-3.6994174850930093,-5.524580785098913,-4.781269306389653,-2.4397276554243255,-1.1787322040640216,-2.2095532328613983,-3.542777735266642,-3.9434988326356564,-2.9665079618296835,-2.1981503327918603,-3.0023874335068785,-4.51793360740376,-4.772952816124882,-4.2646606358449635,-4.804585195932705,-5.416828062116801,-4.177311360140875,-3.247553141246783,-4.733483535802429,-5.995965821022009,-5.685498477449569
1.42017414748424,1.5065573202662312,2.2714079783697354,1.782211537516513,1.0796379568016696,0.7609270619546125,2.000166267971482,0.1299529871091988,0.17715277277426641,-3.7092537012208266,-3.4934819469555163,-5.382091751823551,-5.698324766649399,-6.507712743126444,-5.306263381833768,-4.085134845423629,-2.3457953121699178,-1.7645844999639198,-2.6955548873270874,-4.390964293159929,-3.64086448285165,-1.777832646766293,-1.6105564848145044,-2.6379393984509303,-3.093452637244177,-3.9821075671045616,-4.0596740844683294,-4.199997818458072,-5.601833235784255,-5.204747549308817,-6.428847777059432,-7.222023745335286,-6.267476979618235,-6.087053320416244
0.7691617267994789,0.8845339246793729,1.1417182583111307,1.6006817395049013,1.1469921813023323,0.4676429712683114,-0.6967479348530375,-1.355775478247265,-3.5348775480197485,-5.260095076704825,-5.1504495883871915,-6.402415606100678,-8.514007140372364,-5.257057303707241,-4.291168361934658,-3.4782606041881468,-2.442221013110779,-3.156719448356802,-3.865686821102394,-3.475853885845174,-2.0453773704816647,-1.5510492395707003,-1.4289805890253844,-2.9153087808586338,-2.115504151598678,-3.5904422699939014,-2.963222375134294,-5.095391187675288,-4.151822068202898,-6.15102119471019,-6.369959073790505,-6.493508089652368,-5.885251715106576,-1.159430279368623
0.4488394117504524,0.6050633656905247,0.9292169057584551,1.293633017136817,1.2989262103482178,0.39063399235910345,-0.5705872445908431,-3.3504841777213485,-3.6658242819800972,-5.9588135495489425,-7.032436660291703,-7.414859561740044,-5.009561996904095,-4.400148542507168,-3.9061374746440722,-2.8906041911247433,-2.8604348608805963,-2.955597802570802,-2.8235160548041196,-2.977286837898487,-1.181106869691754,-1.2869728981136335,-2.359586946047932,-2.9668819504581307,-2.7340812879446137,-3.1253190949397793,-3.999714149137318,-4.081434471488317,-7.911887121886108,-7.663424597107206,-7.680487838250404,-6.295098112388265,-0.6454789070040176,-1.1746590221572757
-0.2942073574421624,-0.25483057501399947,-0.00768475052924,0.5156457437083232,0.21635032269762772,-0.371479417877832,-1.5227631036633515,-2.7769451709157833,-5.185832643667438,-7.475851234036029,-6.465973728814497,-5.502613976512044,-5.011969576448423,-4.597960856703475,-3.761163937825847,-1.7084880264401239,-1.0074480519032099,-2.1944670364740526,-3.463506639180863,-2.745262197062454,-2.6337352086647474,-2.8833153923469172,-3.903749108894746,-2.4291140125707478,-2.9912552561168377,-4.049547680801643,-4.0050154887528375,-7.050402955139442,-8.822020673279765,-7.4164056194118135,-7.117083099573893,-3.764323398642238,-1.9610031216284984,-1.7718823509944492
-1.4027554879510875,-1.5104584102835068,-1.4432120238121264,-1.1505575948534086,-1.470783736863131,-2.147826501031016,-2.908012440627621,-4.154115855102212,-4.357221116950329,-4.723692987864473,-5.330082404533134,-5.061306198735735,-4.1707816409819225,-2.6324534091834075,-2.1216915123963695,-1.174896185860951,2.2001805259080545,-0.42885776226295524,-2.4352715387449213,-1.8782978159331425,-1.8938709541094259,-2.9938711572551466,-3.554315476501704,-2.3412438591929474,-3.778878591589466,-4.40350123702847,-5.93822679610778,-8.041280409139427,-7.75962247442379,-6.91545278256506,-3.7092720553648246,-3.1137671426143596,-3.5922623770516586,-3.0226376009707554
-1.9059961497235056,-1.5074329606595689,-1.4010989464129988,-1.8230869802509935,-2.255619330169749,-2.469508683959585,-2.5913361121462057,-3.8145990921337676,-4.964792570250654,-5.147224895492541,-1.9463564288967206,-1.4568603493392003,-1.698329227822377,-1.3971515338723595,-1.2089561653570893,-0.46428598495747636,1.2221004173838828,-0.5358741910724473,-1.0318797896979834,-2.4750411046924277,-2.9513555985845,-3.450382083068281,-3.292546390303863,-2.273880175229069,-5.454057167049973,-5.9937599199041145,-7.812125739688232,-9.480555763285397,-8.040606875453076,-3.971636419486329,-4.153626413031139,-3.9442284704928134,-4.156103031568222,-2.836863948191558
1.2221691947245905,1.371858466833374,1.4445752625660016,1.3277095863661368,1.540163935204678,1.3486963751038479,1.5006104891895446,1.7777246018046031,2.007694138390972,0.6597791224727748,0.1245260663162122,-1.0177587833016293,-1.1702421068855768,-0.2315876515899745,-0.853545866981166,-1.4260193167574233,-1.7601620841423218,-1.5475570170295687,-1.934217931752799,-1.8550941438614992,-2.5363289236231052,-3.2436060024087356,-3.6663920573436783,-4.078688519196535,-5.3339288341050555,-6.51166860269798,-8.837140476946445,-8.601178264762833,-4.335531675118604,-4.336471124414028,-4.253119012163928,-4.874032732012463,-4.1480596794263125,-2.6622432243775975
0.49161014257919083,0.8366007057123961,1.2218617751983323,1.163742955324016,1.3565991199191512,1.3426798025334306,1.239967453200619,0.897251301855962,0.22887248391331813,-0.3364773198888708,-0.5190373848192674,0.19330641769233958,-0.04870076665626582,-1.664315721479073,-1.397013915851599,-0.9560561261479573,-0.8079844742691463,1.0728406438353795,0.24953027025547955,-1.3090443327886727,-2.754549597609403,-3.670748580200448,-3.6921510616666993,-4.0721973112256045,-4.959266090540728,-6.641914796163387,-6.551613828149394,-5.301337629923675,-4.4914770267267725,-5.15089705020718,-4.872421269192791,-4.919223520029321,-3.34115185119094,-1.7494122073919944
-0.12255012283048602,-0.058625418326682256,0.0655494830987347,0.3282754636558098,0.28696374076884323,0.06758819136518186,-0.08758412162552084,-0.4877778101280841,-0.37624165172211804,-0.8990727183130448,-1.2984284426237778,-2.205481072537875,-0.4726230446362897,-0.3728850054830078,0.05859578346515419,-0.0025522267136759784,0.22164389547899271,-0.19906917300676252,0.7397745010708578,-1.2118846586042906,-1.788751086751618,-2.8445872644368873,-3.9382081409327805,-4.77735517632347,-5.013632951283283,-5.23117240657255,-5.832613072890703,-5.42008675328243,-5.576220157381012,-5.176675900640885,-4.700191182819002,-3.9122508785560215,-2.595569934284381,-1.390096541189739
-0.14389641811287135,0.13108823664017857,0.25893258034730454,0.17366692337738499,0.22465455433269405,0.11250591931186568,-0.09035514563206497,-0.10411245974776152,-0.4179987877206961,-0.3775761905795756,-2.1371453139543153,-1.37079118141757,-0.9986108904876063,0.06252188887959767,0.7536901424585724,0.3916057470089123,0.5880393241842456,0.8967921671587177,0.48236178671271884,-1.17375962208026,0.13229169185788073,-1.3660152680086395,-2.5720134043890113,-3.485967700349524,-3.955933471499381,-4.718688611343364,-6.624228920715736,-6.800439397765397,-4.528087568703078,-3.724566251795839,-3.4199972340071105,-2.875052133792223,-2.2339639759447514,-2.103552546027375
-0.22483242041591425,0.0897235898280235,0.23048327168167482,0.4575711830611589,0.45627759493935127,0.4848731059414532,0.3334382564834484,0.05419785650672436,-0.712678283842689,-1.7022872896514571,-1.6908982834603516,-0.5946563635975031,0.6592034211968072,0.34767397604712597,0.38514682489918867,-0.16285109526695635,0.641093319154419,0.7746232650824625,0.36883783831506395,1.148066950577842,-2.005711127588962,-1.2304097156918579,-2.5604847806343276,-3.0985030565716576,-4.962907861996711,-5.926152481475368,-7.196988850108753,-4.849760515740771,-3.564183931511811,-3.169361570125604,-2.7477643746838596,-2.415131910526217,-3.007890991480474,-2.384189436035249
-0.2497401520990495,0.059200551876344924,0.06209969611333167,0.046158527424742433,-0.13435198555335412,0.01587645730982305,-0.013078759369312524,-0.8182420349543384,-1.157639009652849,-0.6165725717088977,-0.3872028465556122,-0.6032998565776824,-0.2228563095474359,-0.3006108414090354,-0.17837331996306477,0.02291324274387365,0.8709868920132031,0.7143129019139598,1.5405043750694125,-0.5030006631952247,-0.8270560479079414,-1.8223859584331001,-2.366470333782942,-4.009212042169431,-3.635545707853811,-4.862182193922684,-5.554846770283697,-3.5110618265115616,-2.635308025851257,-2.221462875321855,-1.7333880796675452,-2.4289124922824863,-1.9855588292429345,-2.230470018590064
-0.5120928557381101,-0.2913071582726085,0.10616549708882163,0.1845698529136886,-0.3310558751058799,-0.5696563456525092,-0.34926115823887155,-0.6586704442858087,-0.7738214699360672,-1.17856639651403,-1.0179380768809816,-0.21807155419942703,0.1823710095343001,0.4497548526120725,0.48540749238541403,1.0484622490086364,1.7319744672698991,0.23285558360854913,-0.49341608134522474,-2.1108437656305625,-2.297548274669198,-1.7344847429228911,-4.667690808812352,-3.668991221550533,-4.3776242195988475,-4.568777258322409,-4.177675829851488,-2.733730166021768,-2.135819680371696,-2.103464526204012,-2.490857411736169,-2.4084233676324778,-2.662762763674425,-3.37347902705504
-0.6580469604651403,-0.036760386508610535,0.3643111868709933,0.6562433856783421,0.4860128291278497,0.17116351859187462,0.20549608262937644,-0.011257747918018176,0.23038667173525537,0.1949661438104637,0.03957024583602562,-0.29877174831145353,0.3765838627436609,0.22585808033116317,0.49070396926832743,0.9887549518686678,0.9589055737685964,0.736054395733838,0.13553667602209588,-0.7450298976238434,-2.0064585971022035,-4.026071405056401,-4.267871814286567,-4.066863844121454,-4.443023833768852,-4.470779311667521,-3.8832701175351305,-3.133749937073926,-2.6971950183929745,-2.9739840608704218,-2.806679631345407,-2.8079628563010175,-2.6001000968414516,-2.7426660389286166
-0.3381960383138818,0.526566772970765,0.6204367744321598,1.0354538495652252,0.8855577737679508,1.0641739417168763,0.9110069710918565,0.8720794568776585,0.7097134935335828,0.812720212330257,0.8994710499670815,0.5023051807697214,-0.023789364219933877,-0.2835280054030486,0.7747268297071543,0.5650633589441835,0.4819095070564022,0.053163887418506306,-0.25270512102217335,-1.198358127030987,-2.8878231250212676,-3.5742985306121264,-3.451579712990152,-3.892669198213848,-3.323957958266404,-3.083767291424016,-2.837210623059809,-2.768975197765268,-3.391480675572309,-3.041064818741708,-2.5680325486316034,-1.9094271826529914,-1.4903925659278439,-1.1927171746036174
-0.7926414051019006,-0.1691018757198221,0.7376888112117757,1.0279425597457352,0.8961604116742367,1.3294234515515282,1.783049672333577,1.7548927447808211,1.6274525623588179,1.4259896006069699,1.032386116928965,1.13806395459422,0.6963619577186527,0.6950048789744151,0.6085335053261802,0.40082450711231554,1.406711553415508,-0.18369360306126867,-1.1142041918234464,-1.018442446103351,-2.058052773655488,-1.4731790201629666,-1.5766021051254757,-1.5453135207606852,-2.8627612711354615,-2.5937043923484233,-3.065913800373079,-3.0378259082128416,-2.9179165191728225,-2.3824220545074333,-1.8166516316372883,-1.1920758800777298,-0.9880962706523992,-0.07603576750515324
1.0038900306098189,-0.0016171753311874724,0.9812616674834609,1.5479649848433576,2.058014272329296,2.3572146827964615,2.162738000670916,2.181899462872693,2.3598252126135075,2.2954865624495695,2.586560859109765,1.6330256335395088,1.0852520076848142,1.3759878730638966,1.3363145374742575,0.5705268599781709,-0.054844036758897,0.027053793785399093,-0.7345677457212587,-0.27818031116954867,0.06946945092538834,-0.6908666973853291,-1.5650272941829058,-2.456836280096852,-2.6389891601730664,-2.358406654769216,-1.849702680249366,-2.014195669664502,-1.6050093498765579,-1.1095351821350348,-0.5401641835182128,-0.5980298296463591,-0.23853728573653527,-0.7432221036046791
1.6120893837629735,1.6599103256110388,2.629997775146296,3.0520845296769727,3.0783038547955135,2.7211607997227483,3.3883835434751632,4.079378937898986,4.114261748664069,4.898094255224654,4.580640982356082,2.7183171230017784,1.1049539199264828,0.9051038162864962,3.444826132685208,2.7610494893918713,1.9792852420021143,1.4168608867227563,1.1696206349083693,0.7736542853201469,-0.43069838954131856,-0.30520990124545916,-1.508517850848266,-1.7152020224067634,-1.6193886553964947,-1.5794263848419627,-1.1558805981598477,-0.21609989900158855,0.02376525910797594,0.41661252328009646,0.47217861792731824,-1.22651250824961,-0.8435852836541543,-1.047031646652367
2.153004500127645,3.451812803578262,3.4161675844318085,4.370996348603854,5.758392827959279,5.758222693186645,6.832142385284693,5.2609395892236295,5.4745263790592205,6.931356293931104,6.268539540018243,6.0577709111551625,2.9745025968303076,2.6503163823782003,2.984001937143427,3.8890493369893875,3.54741387023074,2.703191585499186,1.1467355411133602,0.3583586943106347,-0.35792577094387057,-0.7876466144625501,-0.6494764318728105,-1.2745604237605859,-0.7492713603720366,-0.5144932789879731,-0.4720775197297194,0.2564600753693318,0.46767219542546634,-0.228064788815783,0.053549358483317516,-1.7086201173820919,-0.8218299122780686,1.3909977925550918
2.6595018240979402,2.2239777552767293,3.401592288246911,5.448817698957851,8.003437986899556,9.823319161800313,8.644540623639374,8.551378421719884,9.12827106141244,7.695107524291041,7.566228919620591,6.3669827247830755,5.000285646380048,4.798554359481648,4.494209446924331,4.154487648431941,3.4082328002899356,2.860608209344236,1.3009995487754138,0.3835149860799083,0.09249764881471133,-0.6540913868443241,-0.7166212632306691,0.1433763539561496,0.09895799277436067,0.36191135338665015,1.3981792930385863,1.7442145243290974,0.8425903420410454,-0.022604984002147187,-0.21155718096344542,0.30448477232290627,-1.3086416681167778,-0.40939058811866236
-0.23196841430157186,0.37378037749716386,2.238226764959239,4.1892108478704015,3.5808285966524083,8.15810893278594,8.759146455602286,9.166138236300798,8.463574978798244,7.350000338529164,7.86145007373682,7.350348032246351,5.718848098749747,5.576835652548613,4.939551825552355,3.5110543821183344,4.06908009360164,3.37135338558257,2.250877411166164,1.912618358119018,1.0721335970801025,1.2169364792863298,1.4279706752214807,0.8021099180563923,1.3896123473054902,2.173493006793192,1.269023583624758,1.5390528153756442,1.1019752606264628,0.8939601553008084,0.3974933709850805,-1.092457237248939,-1.3685012907299416,0.24852437241674288
0.05319024026509461,0.9404284705227206,2.1496582575561947,3.033674119868154,2.9401196342309897,6.8638803797059165,7.721892244804188,8.457361614558566,7.294458672354691,6.9148632072460865,6.120782190584414,7.278480411821017,7.184270206396212,4.9472598859928585,5.214908790542959,4.112853249919568,4.34186742427542,3.6954165400256644,2.9797307739424057,3.2358575965872878,2.1652235007752494,2.099018464618609,1.5440542420008203,1.4490204134054712,1.0791273516655786,0.6466682370487988,0.7378427251957772,1.9067902080579033,1.8941392174473402,0.6057503217757738,-0.3954258199719698,-0.5411862190312836,-0.44427298261065856,0.40258970382037335
-0.1003829225994985,1.816130181115989,1.4567763175893023,3.28061604482527,4.254284991139767,7.835492641441613,8.902440758357452,8.951351831650623,8.645083673822464,7.263121938339934,4.660518258798414,3.3773873770319702,3.994848169007686,6.248766660193879,4.999945923041483,4.7331556049968455,4.689896194446069,3.223074968643348,2.608943315622253,2.58882673516954,2.911919782972302,2.7428652795687887,2.34354862183842,1.349948448626446,1.3775810500834595,1.0669859769779781,0.6273342130844445,1.08710221769878,-0.3057503534717588,-1.0290358339640577,-0.6203449140432824,-0.7268474801122077,-0.3254322767872817,-1.1653569662317655
