script/wind250m.json
{"header": {"parameterCategory": 2, "parameterNumber": 2, "lo1": 3.000054539987559, "la1": 64.9999836372058, "dx": 0.5, "dy": 0.25, "nx": 34, "ny": 52, "refTime": "2026-05-14T10:00:00.000Z"}, "data":
[rows 0 to 24 of 52, columns 0 to 33 of 34]
-4.4885971090800245,-5.239893430666485,-5.2235728693138155,-5.665813483546763,-6.659722472951619,-6.706936496658123,-6.473531161872987,-7.211177710929402,-7.2279361983225,-7.948476417431519,-9.756194261163193,-11.645488867762571,-12.390386486521926,-13.365658825860566,-9.501465171365417,-9.094374349788291,-8.604187677990373,-6.699554178069965,-9.704569109885549,-15.113840678056242,-18.706807549489046,-10.73425243963272,-22.715121583290017,-19.33606848783087,-8.203586026323647,-9.197360458265509,-9.117661104223899,-11.803853818984594,-9.685110453348285,-7.673661582273145,-9.3024012521011,-9.711201814044406,-12.244869855571716,-8.884729052073489
-3.8026725204002467,-4.335567380298386,-4.8689462287038685,-5.4903976618784505,-6.192739650616925,-6.707798360778522,-6.406249643850533,-7.28169094678214,-6.571718329371864,-8.331579903293788,-10.795854021975796,-10.764832084677046,-11.66593102265347,-9.59641115542583,-9.27442016567431,-8.735541043179603,-8.555108757957811,-6.926129996994663,-12.20105198922788,-19.374108242782544,-11.489756225612854,-17.491429677711412,-13.407488300682628,-21.6928256964707,-8.62460115980683,-11.271807574599794,-8.300368721950482,-10.75312101736765,-11.535884368416188,-8.3958891674471,-7.604919361120299,-8.447925734757682,-8.82201951252259,-11.041176847914768
-3.5514239570763633,-4.018035113773361,-4.540011902803725,-4.854729283228118,-6.058422229982344,-6.97317953241344,-6.759893119081048,-6.5448993360978225,-6.683899649974033,-8.474177089093917,-9.78124294110053,-10.573074505649403,-9.156226013607746,-10.153204083469907,-10.970251488554261,-10.901516072059023,-7.819111247648296,-6.436871824893915,-10.359153715020081,-12.595976914576331,-15.845615912791596,-10.9050893419458,-9.50923581290191,-16.725970092485397,-12.95934436350084,-9.104736961034858,-12.92599741428343,-9.790609576427078,-10.219247209636507,-12.533619192359,-9.825851616176244,-8.832359919345118,-8.37460790294227,-9.842857763955063
-3.537883459352081,-3.7920804444635494,-4.058810981242741,-4.3762118906264895,-6.008296787364129,-7.117053627035617,-6.730050933844319,-6.361397984011763,-8.228258721477454,-9.68495423692092,-10.166272888716533,-11.111662883023019,-11.034861150565337,-11.644467271735897,-12.29737793558711,-8.288441106611472,-11.280371048548114,-9.159665806410741,-15.002503781361053,-8.960471009751442,-16.700883288622663,-12.381770728664648,-22.439663322963323,-11.822851669670571,-9.382384614632393,-11.14654021482912,-10.314572308250973,-10.440726212234155,-11.417264774471743,-9.523892176931746,-9.668407430460247,-8.568433393170158,-7.333741146958202,-7.083791217800136
-3.461368523189813,-3.711593044277634,-3.605509244091478,-4.185318875894619,-5.706849919127359,-6.601620187790069,-5.919429814784745,-6.500550312413937,-8.175292924863992,-8.850994208890254,-11.00341068425229,-13.488509422905583,-13.868554075565985,-13.43839584697791,-6.240312032724645,-11.387868510266014,-12.091443202683864,-8.49967883705513,-10.539214605190088,-14.868531051716777,-18.9465920746,-16.631115956504313,-10.514277186611372,-14.906796398590014,-10.01007466906839,-10.61925067046486,-10.983481394545166,-11.365505963290323,-10.401506379403507,-9.20898910924376,-8.498777691683975,-7.86985480592537,-6.0238503282935545,-1.8863775326306298
-3.446723741567052,-3.304037258996654,-3.3415744202899917,-4.060847101344524,-5.184467352836325,-5.888544526982965,-4.976403255309477,-6.35519182858871,-7.8301852452990826,-8.999104637373412,-11.16826931586559,-12.799757681423674,-12.799915183661225,-9.327201746987285,-7.882402511872138,-11.112291360216734,-7.216041010111798,-5.496789233484701,-14.525661099619974,-15.952870970702467,-10.280334694033774,-15.814153090325371,-11.98846241235364,-11.073080764744946,-10.73081880378536,-10.164813915164112,-9.848206855693974,-8.364832616325883,-7.564439875088936,-6.819977905312735,-4.9210775025135876,-3.91223030653316,-3.252279694469651,-0.33339412643746963
-3.171446289321525,-2.8781170034918024,-3.1230675486912673,-3.9649499634269016,-4.633546866671875,-5.408568481722786,-4.76998527486504,-6.102607781098312,-7.012569491179703,-8.978574967627438,-11.118970479957511,-9.953683493284636,-9.544777449352573,-8.948553271603979,-5.804644212354402,-9.282176940248855,-6.961992643811437,-8.595004255697477,-15.332983548052894,-12.183950258436381,-11.111477461257817,-10.50690749482644,-11.526063912672486,-10.251255206267817,-8.920489662927263,-7.018101712483088,-6.216787114714105,-6.763128495600395,-6.27529412284898,-6.012183259114592,-5.307411479054795,-3.372015012924078,-0.5421418493542169,0.8119281501571122
-2.9672584269381708,-2.9190200473974546,-3.1218519174447845,-3.5145037825617935,-3.650498469330857,-4.70310938860675,-4.732328688729843,-5.002202687385854,-5.366245580166365,-6.648485119285551,-7.663353361037304,-4.646656341584931,-3.4470821723849916,-9.707723306002764,-4.292453475934664,-4.092511430445569,-0.8443780433666663,-10.761002527008634,-11.666408841983843,-9.56678589660203,-12.207925035086092,-10.348995707869708,-10.395843568939734,-8.243082716644736,-7.587857140150562,-7.475712197981163,-7.050088641945173,-6.546720706207439,-6.524568209126613,-5.080994725307706,-3.350718185057668,-2.139972990063041,0.2744475578244617,2.159907285744818
-3.068889462021058,-3.3102991860244617,-2.7599410224285994,-2.8016974039718554,-2.719270920565355,-3.9175790644136543,-4.710545749967648,-4.532384399443246,-3.4752373825816565,-3.6033859746396875,-2.7181570116626967,0.23932275907338862,-3.101870525019461,-4.5474725371858975,-2.2298650956354695,-3.6178031002552156,-6.280195981643833,-6.886310897364207,-4.8380852658659865,-12.75929691625239,-10.611776860187312,-7.547080647676211,-6.075172348478203,-6.68974609557104,-6.345370032819243,-6.699952749657804,-5.952383205530483,-5.641604871315748,-4.338119251677216,-4.11866447730896,-2.699221895200028,1.0359972380254163,3.1264780502454426,3.681148450938347
-3.3093221290937236,-3.866778986558979,-2.493722174924774,-2.0327383870204976,-2.5501099592455976,-3.3492151433542845,-4.287806315322212,-3.748003730989283,-1.8033956862758835,-3.419849876792446,-1.552630672439823,0.22672626563472228,-5.611880796526156,-3.1013520822780523,-0.3984888115039603,-2.736811909183471,-3.668330889081579,-10.147288995629431,-10.416683604725298,-9.42138098013719,-7.76616426355897,-6.952824274934671,-6.173631100925215,-5.553721838121964,-5.765828860679213,-6.696987459520523,-6.205443744379995,-6.058261870235606,-6.007406848774963,-3.5578903933697763,-0.07266816249476751,1.8800112834287952,1.7540140748130941,2.930229853114783
-3.440252250670497,-3.9493978826789213,-2.8030665213933093,-1.2140312298106248,-2.1202486213095395,-3.9434866881910584,-3.3595782248017954,-2.627070022288461,-3.125771520658994,2.554866762886633,-2.653831123191801,0.998664644496738,-0.02496059992549114,-4.986584624994975,-5.565721568742966,-6.554573595624508,-4.615460690316105,-6.349993966887685,-11.15709464691606,-7.302798193296714,-7.07379304145501,-5.273455810355748,-6.789340967211791,-6.232389435482336,-6.066777017922504,-4.293756038801175,-4.82929625034976,-6.198695248062858,-5.399091876849024,-3.6605270891164645,0.4607869045850806,1.0256875154879004,1.4308243775071026,2.053129590150096
-3.532996568064936,-4.247953779972991,-3.5242817621086058,-1.660078161681565,-3.04440734552247,-3.421218434510131,-5.2705881187981785,-0.563164150252368,2.9429066404318425,-3.6878235137252613,-0.014068167307420314,-8.203004534286848,-5.951405989241845,-6.467129741280988,-5.4074638595123234,-3.8696350568073803,-8.726427981198285,-8.395767601561559,-7.136439580056693,-5.59386339630454,-6.368869441677138,-6.424760445405411,-5.473137144857899,-4.927150805171694,-4.524227238140036,-5.475389356682476,-5.668637795627101,-5.1411449882083575,-3.5614301272431512,-3.002876072414605,-1.111363957564616,-0.36959842278332833,0.6888990064718937,0.4613682875692912
-3.831012042792095,-4.101981048812365,-4.087456392829399,-2.2551742030097204,-4.324960773536165,-2.4947440529611393,1.0988219323240236,0.24526596402312062,0.7806653423397596,1.5959585292915117,-11.999331926872866,-4.414176895452635,-5.6739938591275125,-9.3039778101454,-4.4191376681463606,-2.9943165539494982,-8.6327566416897,-5.737735289452262,-6.300834665914778,-3.867351354596877,-5.24616299101417,-5.715397493489582,-5.803505854168089,-5.06221730205796,-7.248462225373064,-6.13216749294152,-5.320406336695007,-4.944659698585065,-1.64989674713798,-1.614517661180111,-2.0124481195736923,-1.8468811865853763,-2.11966733669593,-0.80338585946604
-3.240220619691633,-3.3764129033579136,-3.9461400921405527,-2.299150074753356,-4.166467849665042,-3.4703583797049897,-3.73104361327946,-0.32550479340901195,1.1023399545027859,-5.080710514449695,-7.1905870509388015,-9.894437793349265,-1.9724456272575257,1.4150374633701555,-9.19435795350025,-6.3302073161906005,-5.649962447874723,-4.1438791191057565,-5.880755688159471,-6.22181255003179,-5.549287108259187,-5.98419696226824,-5.18902449966515,-4.488235971144548,-5.315144640201839,-3.6175734371634496,-3.075107935643656,-2.506229053405571,-4.384846578406456,-2.70034941685445,-4.392297994090269,-3.019085551692907,-2.0518126632174547,-1.7358105946959792
-3.0196582752768264,-2.9900311770181522,-2.3871786822634404,-0.934666149680141,-0.04158969198920034,-0.7332943862101434,-2.9431865791813787,-1.4471480410381716,-8.32060070715755,-9.085058831666093,-4.178522844638784,-14.155011199019139,-6.837098390255754,-7.096544630227062,-7.3296739463278575,-7.970866013518588,-2.5581861480523607,-5.923876291615748,-5.32689761189829,-5.683445917588411,-4.775284885674795,-5.630057601861677,-5.187790570986961,-5.787117265185227,-4.6983499447931285,-4.029961386133481,-2.6870660376805886,-3.542427752323579,-4.75109983563345,-6.0246688217354825,-5.038116043185761,-3.085510971516482,-1.8935287984450446,-1.8327213185687954
-2.4295409417054072,-2.998054649523593,-1.1467305174396563,-0.4619473869246301,0.4966318119028146,0.10295285777276275,-4.900448164881644,0.9421787374792301,-1.1602281850636758,-6.325820650967336,-7.254908345526404,-11.261342813695903,-7.039084551849765,-8.80245873914096,-4.920742499593181,-6.989779992942679,-6.176230630747449,-6.768728656747795,-6.6043838178842975,-5.503727036714503,-6.2991922354267205,-6.221502308932897,-6.396436937979435,-5.33561417439748,-3.3590034569026384,-2.982384852448253,-3.0460652737709384,-4.204350381015927,-3.596154698691834,-4.723965936161555,-5.223458462806781,-3.3286991119212983,-4.361515209546264,-2.117893307468891
-1.7329363535859796,-3.018965760433402,-1.0066762920282852,1.457262330641372,1.8213628346423718,0.5689530520389089,-3.2291005365514085,-1.623408630824272,1.727200740672441,-2.3532021039432416,-6.690044145740309,-9.247050254944249,-4.269116897867715,-4.346863652366002,-3.7771908816615634,-3.687271841158674,-5.564797854903383,-3.8297645092703387,-5.58288126976544,-3.8575436543221397,-4.399487893146146,-4.928614885330184,-4.863819040873619,-5.189856693851432,-3.7028671659302526,-3.719345654618,-3.0945027750007723,-2.596795927367822,-3.721908965459209,-2.0827556739222928,-3.8457033051106264,-4.178366899310345,-3.9823306147231596,-3.045346959295238
-1.0631449713369934,-1.67567617561833,-0.42212690911829426,1.262788109371545,3.1239907492325907,1.296402370544709,-1.2896485770841604,-1.1015388507731272,-6.407787681570687,-5.6101222357664335,-4.511953524639963,-8.866301812584267,-5.168776329051174,-7.0181832415339445,-5.595013618531308,-5.907385138838305,-6.02903240034263,-4.260679356449755,-4.887734122048364,-5.243335042963006,-4.392498266205621,-4.699370899302653,-3.929764756050075,-4.732169693443489,-4.552091444766263,-3.2172606128723835,-4.011935373371353,-1.9687362375996689,-1.9784436464035235,-1.809432745888682,-3.617946871319653,-3.477829945578905,-2.665154422036407,-2.399596555439396
0.17483535600652325,-0.14400894393361657,0.22583904225765253,1.841801016033142,2.9662576765311566,2.280533045153166,-1.9111891202145206,0.45114107815633314,1.5350416050310247,-6.929259094304006,-7.042264031681118,-4.879909335825604,-4.54304282937636,-6.089220481111733,-2.65591906721486,-3.9689695812682473,-4.6506944938210655,-4.5202803352606935,-4.6569496485849005,-5.330780731828181,-4.83415773209626,-5.34925516404372,-4.855706370469528,-4.72982879461347,-4.245425623899633,-4.117994115065539,-3.8047907493130317,-2.370511947291718,-1.8603494788482466,-2.101452246212639,-0.7685514419798989,-3.2953353909531375,-2.840236162601811,-1.9328997369403793
1.0594997015978262,1.3435755183185794,1.9885079999009594,2.9039626565257755,1.8821426008720588,2.588337855541813,0.249427547935355,-1.743530565596469,-1.1322848016017995,-1.8209077176412876,-5.520466649911401,-5.005648149142823,-2.4724780231349994,-4.963138946892891,-4.387185938985543,-5.549237719438318,-4.23148346909461,-4.886442170693776,-4.672090659040495,-6.546987069376265,-4.680136234769276,-5.353585378642749,-5.521261215576903,-5.4727520367152795,-5.269398137517222,-3.745041442526335,-3.1370882724587217,-2.703317216469763,-2.916459151509865,-1.8374753563149275,-1.0368607168251935,-2.181477363587958,-2.6814740623592646,-2.19117614404111
1.2804902418717825,2.698277001110755,3.204739183529118,3.5157563933094456,3.123807124416397,1.6275718831846604,0.16816179180492455,1.5261427247409038,-4.811928343176857,-0.6363773508124568,-5.489136173414505,-5.866968374773448,-6.384650813622112,-3.513205715108979,-4.116435628184427,-4.955565715317085,-4.542602895796816,-5.065695916456752,-5.386389166147447,-6.354540653207799,-5.3978241234561715,-4.9300619514069925,-5.5860431957659005,-5.51223292851726,-4.468982922218679,-4.321105945894249,-2.316337555004275,-2.671004087755645,-1.1762681124814305,-2.3845831211930237,-1.5785513689576325,-1.6591210983496216,-2.1209012085989443,-1.481614294263363
1.7360590669714833,3.1676494755953675,4.315561370909322,4.519237208174525,4.101289786867143,1.9277091880495438,2.23636815407118,-0.2861633470714525,0.03157870503095262,0.8077796626517632,-3.0534198063052655,-3.942122410644547,-0.6963820783114723,-3.3350706851927807,-5.076469708869823,-3.176362148621061,-4.866118322402993,-4.857997024209509,-5.420926522662306,-6.400929277793605,-5.91518863886787,-5.626301342211998,-5.079380921687055,-4.774033109848866,-4.756378155116655,-2.99960395694952,-3.095254308790721,-2.3037896146298897,-1.278235562726672,-1.7108370869504785,-1.8545434494677542,-1.3435190846516925,-0.022646689853416384,0.7674742305255351
2.4485898198599076,3.924997496396485,5.438704024572625,5.538805674373324,4.2125266525951375,3.5289771179160847,2.59080911226965,1.918234759540017,-1.0789936085865177,-1.2391908768307323,1.3054979314086739,-3.3819261928825584,-2.5155321586455166,-3.833798591241709,-3.6111119582230633,-4.07058974185112,-4.949771737067442,-5.239260473300881,-4.66102409881646,-5.486442129149536,-6.778120604645526,-5.246140892707809,-2.893356978999719,-4.870019826808515,-3.800331987374169,-4.136993041354001,-2.9062935210472958,-2.068151255773053,-2.9546480624033666,-2.7299646359845435,-2.439689933161422,-0.442499073802965,1.6326918825155758,-0.7004804234280377
2.909478760745711,4.240151782369273,5.44651102756746,6.02109486068963,4.7461332054075624,3.9865854044478217,4.2283236020019155,3.585309625813748,4.33287005750891,2.8810727416771,-0.5515302495151678,-1.5630315069352778,-1.9700258468618967,-2.46401890391322,-3.037232851490035,-2.923294862496608,-3.9073331803126496,-4.618741434499035,-4.894278853593098,-4.943462488851973,-3.1908097251136716,-1.751903358972731,-3.7818601655820263,-4.3404173829095845,-1.7259792506711602,-2.2185277668465737,-1.4540119614232074,-0.9672644609609565,-1.6905527785847012,-2.081195607979083,-1.4436771516239262,0.28951356799522027,1.8562167366888855,0.16306565811223248
3.310724163674299,4.447996692039873,5.370445263902681,6.101257019224942,5.971181698177417,4.508754707376082,4.7636158887913815,5.4770399101565,6.779762283837146,1.8195281353533812,0.40506974225151476,-0.5051864680400305,-0.889034311821725,-2.9033701940358383,-2.169561530251694,-2.1888638236342497,-3.731889026603632,-2.7288214045072614,-2.1621680435964166,-1.8837264410528227,-3.0520543580013317,-2.0109348582493465,-1.9602881052173526,-1.5254477417947259,-1.438858009112617,-1.8398053054390613,-0.3503909155622052,-0.30443533289050634,-1.575750696486233,-0.6084106052656978,0.8395449861992689,1.6583263098220429,2.1676417972062594,1.1644465775755162
