script/wind100m.json
{"header": {"parameterCategory": 2, "parameterNumber": 3, "lo1": 3.000054539987559, "la1": 64.9999836372058, "dx": 0.5, "dy": 0.25, "nx": 34, "ny": 52, "refTime": "2026-03-14T18:00:00.000Z"}, "data":
[rows 0 to 23 of 52, columns 0 to 33 of 34]
2.7838671652284046,3.2015814537938256,4.182290785799171,3.7723694863904975,3.4591634371039204,3.0653365740058534,3.755453573612653,3.772255669033002,4.79835809652911,6.5471753761828495,4.8061262998524095,9.57588528203594,8.787998727819787,7.481641925322144,12.19524859000644,9.758395189154179,7.907408648242649,6.469945082521314,6.3239335939494,10.62868931344148,3.0766352413907576,2.8833451209433756,3.5367288925677993,5.897763293885171,7.690136876260436,2.8849670592301577,4.876140966701052,5.699438341736311,5.409772907066917,4.5015635286564475,5.0684479754974365,5.034779207407127,5.85643626067072,4.758866634401871
2.2167884067795782,2.4365871458338395,2.4137539371381176,2.896362812006828,3.0828984560796613,3.0779331521909272,3.489095700363499,4.9274236495894534,5.03252555366548,6.847704929536704,7.520177971527522,5.966852938989003,10.20247888869325,10.263676434417933,10.274540195150653,9.771590762857864,7.982845367950443,5.654424919606656,8.667163068378109,7.583683883961998,3.3156202165148687,4.309330457912344,2.3963715270810932,4.255981419043529,1.6923117819446192,3.9024537150799548,4.354894914346016,5.737246029400454,5.776776533552092,5.05688761874194,4.869764993545277,5.395492583331379,5.095203188147886,5.569437391966819
0.9571897222313083,0.8227677940154866,1.1579062510579174,1.816008246889692,3.358859350647067,4.861918231932367,7.438284198563129,12.089870472623916,5.006866732679027,10.345090449054794,12.4089846682845,9.362392722455748,5.369095172115617,11.103202759279458,9.5671368151305,8.596578526276245,5.00072512728164,6.984714625762956,0.7018313704783177,5.2024074224084185,4.854151161269615,4.853383433402693,2.458243198931448,5.925722925961455,7.274265164577494,5.185372355525828,6.55158682107375,5.303585766563812,5.595721638023047,6.016118449940092,5.531218968778108,5.55046105374041,4.642724807618024,5.789733826228748
0.2748372965714714,0.7049125183084235,1.9960744524107237,3.925656180155235,5.499307975695915,4.27142237105785,5.075338932244142,5.164707193089457,6.985381439568849,10.28640112196119,9.352014509798632,11.566127821235822,11.307450489974745,10.06026923066726,9.799316886041723,7.592077705139631,2.819738683862702,5.236566581060736,6.070368880315513,4.573537017516918,6.22513784485703,1.6210351743363176,5.866722561097034,8.447013294121176,3.635502610172501,4.462428966108544,6.814875612924776,6.023001287475219,5.660793955585916,5.168586819487343,4.919135821940625,5.02186715779201,5.6038588525357085,5.30785601970756
0.09547590275420395,-0.015049914999834293,-0.22607131908382871,0.8050240560382735,5.228489465145739,3.422249855818071,5.974994953973066,6.299436976109526,10.296096380640467,11.481822201110248,12.262215162799842,12.05770418770691,8.717771368898974,8.832157272043284,6.727378769711216,7.70405888945966,6.284143220981376,3.3102470409621265,3.0414114089949456,3.7108774777797846,2.9109824748278643,3.9852296415384485,3.477461364112996,7.1911720234134595,5.522287504766968,7.52846310044066,6.941436190407299,6.161790843019517,5.557860185601975,5.915368431585194,4.58419532277066,5.644988593147203,5.089988435230737,4.917760710536713
-1.0390839489884947,-0.6589295046017489,1.7580548875270932,3.592493191114567,6.237349351674899,7.351084474614808,8.982933446411193,12.33493429859594,12.067184170981003,11.571566048421976,11.967738867652738,8.961963019706388,7.608010002269335,6.987360287913487,6.0462019737180075,5.1683778784255905,3.8152552494570386,2.4503791723659014,3.2830507243206224,2.4172565421683645,3.808298793195374,2.7688832208123713,4.791906033796156,6.551208998643125,5.213278052506627,4.948389565952807,6.109645209582301,6.233499856712024,5.43705988921475,4.8771537383637265,5.060254102027087,4.860723427484773,4.455226401454749,4.330369652450183
-0.6706304413189794,2.946922215285013,3.686860306054767,2.5027900643995915,3.8158283578693895,8.387504569960566,12.379056488910976,13.142779416346533,12.744293792843182,12.116886519802382,9.481481588312674,8.858951966624574,6.162536899304207,5.468030010767567,2.4663808978215696,1.2476016467032178,2.8890414933920905,6.60286115659427,6.325081366836346,6.347276518680147,5.949979690209041,5.316225903759059,3.6002349952924475,6.920252310635031,7.948751298770123,7.295715872211203,6.8804517222360575,6.601756203625194,6.3420870003818175,5.4948200150061055,4.8178470087105225,5.038454329577516,4.2993043763076235,6.138872926857971
1.0522908226660848,3.42058975910913,3.1288954153155024,5.642339752620802,5.86478690693417,10.64617590751448,12.086329649248993,13.540832085315575,12.645764326749605,10.531867110660762,7.871418458279534,3.5680246019845496,4.015699175956555,5.265311552784643,2.0064446238670954,8.075562543141528,2.3176473262685353,7.250109042961127,10.13858207710041,6.288835248672055,1.188299590703204,3.838579878701489,3.4112953076584334,6.956715263455798,5.651622391704913,6.181660083522044,5.040992142937626,6.978872596526941,3.9922509686938015,3.505862985823097,5.028089271121694,5.240193258356815,6.227567868196327,8.722328033689072
2.713201706574156,2.609337412993208,5.141618207287764,4.821165479408337,8.509210968362371,12.729879974433517,12.493505068834073,12.577266555584396,11.109738255083128,7.695044665395642,6.331158413419544,4.710238041764255,4.818371672914717,5.466961406839453,6.390357914038977,4.629172691705486,2.6632955266434752,10.752994636902399,9.420175135355317,5.872444704179302,5.324776649643877,7.017941533013826,5.604933756845416,7.0811073172384775,7.025661067071321,6.775283507862381,5.603406890067185,4.931859356033573,4.7428687605581725,3.754193373486506,5.368978852901068,6.299787505196162,9.805611232732586,8.503896967141923
1.7910482032631,3.0526646743692294,5.648945759299429,12.987496998043966,13.060078623873228,8.68769216401102,12.525604716400787,10.286060695834479,5.904493364521644,4.890269132784015,1.2588201135975399,4.47298947255854,5.646274251149562,6.131055745607831,6.6125120039867795,11.451661173634008,8.733593852735497,5.794475014728466,4.160948994868555,2.2284836238230876,5.071695914789007,5.292704968483129,4.3359415845327804,8.98438844482594,6.342189562777569,7.546471565371645,7.383558681061758,6.367286913448342,5.198891876262909,3.828689769337485,5.491096985401813,8.762440116046905,8.92768426246902,6.411073888690274
5.474982220156929,6.961202057492474,6.992806863361466,9.916916561173336,6.98337299996952,9.6265190860038,9.319173731426337,5.659322831640569,9.322945177423083,5.722465473128031,8.647610028599493,5.6819977645304975,5.0723005546506625,5.368186802387428,7.787787106387631,7.005744596624768,7.541357810207474,6.234124320725256,5.070858751711524,2.6080719954305316,5.720805314701923,4.262738390102163,7.480555821963932,4.20832637376952,8.21418692621585,4.458372228879141,5.551471026790461,5.52143244585177,4.3903232053577765,4.809295659192959,9.312301130266274,10.356040208874232,7.755605532717152,4.911848253862824
9.06788800146041,6.076644020514326,5.721923329696106,8.82321953404816,7.642493177992291,8.890459856619158,5.901675244799168,6.170396591449016,10.3098444083357,7.079388428314549,2.7198261953665432,2.97961352246774,4.39856267945691,3.328711784837578,7.7120437563123465,6.729687763870324,9.417168916973896,6.364165894311567,7.215801744612168,7.885507226589935,9.52039351515362,4.522193457380731,6.186879715287595,8.488428406131854,7.089772501466873,4.746907765283115,5.524444339669406,5.090969037848319,5.207411187685474,6.740887554457183,9.911011011085264,8.55838608740471,5.818107807759702,3.0311698839708034
8.060579966069616,7.892735699140068,9.111794608110259,8.933107700880102,10.109928194933905,4.941608869237527,5.2521150640882555,4.121571250853046,6.957519587594474,3.3469592433562876,2.840693077095429,5.3199915123583885,6.6168522232395,8.128996987308653,8.440595436281024,10.392608583417061,6.063958414451758,7.8404164155564295,4.07934013819642,4.767911690516428,6.86706986693822,7.053717538832781,6.4726560767698755,5.792242669606858,6.011185897438717,4.100473514605296,5.152452735576611,4.718070168569915,3.8896951828143167,6.422449633432853,9.333977825582616,6.110532677843975,2.9197505763907836,1.692820198771324
9.391802633088046,8.458430532913018,4.9720577157907755,9.122395843888032,8.443816249540511,12.605387234551198,8.500225024597066,5.424123366099744,6.51579734293272,6.584081978774972,7.327762991954352,7.625997060455182,2.2371825104095504,4.326986728653418,6.84379977925522,7.399562648746207,8.487475603344315,2.7873624518057256,8.003060293995407,6.710913185869535,6.193969791229652,7.199106751284699,4.641435403496853,5.59379737635373,4.724207952257385,5.275497488918553,4.178599133484035,4.488528296069715,5.603124574069763,5.978665999439646,7.084443977092277,3.9363208141740262,1.3791008379144025,0.1432078763591413
8.990226544690703,8.291697108511302,8.70378247101507,8.714790109055171,8.951608749384933,3.3786831900639496,2.6750340230061043,4.808788921004547,0.9728989592690853,5.592379732822006,4.709134344514925,2.2595474974714995,6.208014149342882,7.658446671802725,7.491347250114786,6.463281444362176,5.738491333231921,3.623517852369831,5.027558602277062,4.313130618868213,5.075196789393429,4.413937428024639,4.068530077570409,3.9032894596098195,4.801856820687824,4.235129116865863,3.2345490115959956,4.837870776838278,5.044029420607402,6.558354245609074,4.265146799046718,1.8851097816695872,0.3467800724171152,-2.2566572337714876
6.26415924288835,8.31125974484798,6.418145972116413,7.842584830932727,7.110076438675662,3.5204341110698856,5.099833407836745,2.765440541719674,2.1298508207332696,2.42609046251096,0.2937888173932858,3.7343312038425918,3.06428653800045,6.426095923232188,3.4543265150398366,6.810054893307313,5.94985429875156,4.189607809041891,4.43963075100561,4.268815020146735,5.184403912379391,4.397932382333462,2.786570482170051,3.437782653821123,4.573336686402252,4.009622914380077,4.614118662472737,2.1692900375288553,4.147371943457141,4.1750158150214585,2.3137078278400582,0.5472973048597392,-1.5026124899175006,-3.8398130548710716
7.027665648133895,7.949401382365014,6.14327241136886,6.074345140865818,7.521343628010224,5.861219171063419,7.474207638946029,8.045044008984288,3.411686536711232,6.883857458423306,5.137619788091808,3.501398273181658,5.969915100546661,2.461949315875038,2.4364646371110474,3.0794816215088536,4.11185352849668,4.769412597277908,4.432542931758282,3.166286386177684,3.3920736443628505,4.674064614852891,4.819673593257447,3.5051152670261105,4.764353891668392,3.7383407820629735,3.685877666452884,3.305100649655313,2.754062585357781,3.036497629468491,1.4721159365910814,-0.17906698021883982,-3.2716978217130657,-2.3089549659593955
5.984363241769721,7.216351963300946,5.905480756482452,5.453227442975698,5.247938996261271,4.858681703098701,3.789774163975473,5.784308565725496,4.881870008328365,1.9131300779016973,1.1479907738140356,1.6206488460035553,6.708301513283654,4.598324368588344,6.5498880806411215,6.635231367293013,6.894150028922378,6.484072654122318,5.506974562691634,3.0351927934997938,4.7734204195044265,3.815255212240604,4.158448764340403,4.253378368229597,4.475910324308008,2.8952893284239654,2.3594000697999338,1.9491216149844983,1.619191793195708,1.34598841380463,0.38597745616227486,-1.6825968661048187,-5.059223498442423,4.727207610542067
6.750743018944261,5.822125464939776,5.567567406982817,5.2858806418080695,5.097814217750668,3.561216903971417,6.602918025307702,5.120501812885063,-0.9623623107048768,0.9020468625822701,2.430168663969275,2.1736041905435632,5.562292772855361,6.887498937809486,5.471340328446099,5.906370954595525,4.605658309442662,5.235796184487244,5.126061621620306,3.102012531201383,4.38201128744268,4.296560488005567,4.128208742755136,4.327751001298809,4.3589210003727485,2.987916017334598,2.9040504415335167,1.7313309202988003,0.36540419191271334,-0.3046589230755927,-1.1642636853522828,-4.706987326034107,-1.7790464123560996,6.314374124004032
5.214937279327576,3.8894236217409017,4.516375020876689,4.695023693903775,5.152528376873047,4.1529927929336505,1.2005325364854007,1.2565549875281492,1.0814230526534234,3.228067900691705,3.3213793356754113,5.338979080959394,3.180366508376376,5.389078058887494,4.07132218742953,6.808077851883108,4.6477677883961785,4.6159049597036415,3.7627155784930317,2.152604282147369,3.741614646821442,4.581252156930291,3.868821421336852,2.8263550057464943,2.698468947935353,2.100771819602135,1.9762701712954793,0.42686929644118704,-0.8227829868669425,-2.2685733694139194,-2.5837068702802295,-3.5715426607402216,1.9833160406298787,6.924019413055193
4.140377301366062,3.800573668127735,3.7392881257734127,3.28806284743185,4.368928966984613,3.5842718896261454,3.852970819015669,2.8735141621238767,4.580165377862546,3.8075360745433056,1.9406875193634534,2.210551433884085,5.6572624454487785,7.780850395457992,3.814647111989042,4.839749141443989,4.496665003445783,3.728986415075788,2.9379643747754978,4.122821297088138,3.998704867634722,3.6013272773499274,2.796174998730988,2.2108422039634372,2.043712388000344,1.686831894523977,1.1598181479722627,-0.7136459830147512,-2.1036855150363003,-2.999463904737515,-3.3298123384585185,-3.1519387403087467,3.9350704606680202,11.836430767857781
4.3198446155719425,3.2980877194494633,3.3372364748654153,3.0913446978932995,3.5818928757948063,3.812737613422735,3.7856452240667453,1.9109031001773211,1.30794941986968,-0.2415718981074235,-0.0661272775039273,6.073050590363289,3.11663907922302,5.710830514727091,-0.4220376352297039,4.638317698157271,4.188638281047297,3.918664294553528,3.82453794312517,4.726603774136661,3.150190693047534,3.6169367031170943,3.215140333333066,1.3760676376413148,0.8966833337205278,0.48069486355343466,-0.6047685676434079,-1.9143819799468749,-3.112551602251468,-3.4075351666078446,-2.8839024604489123,-0.965647217852037,6.01055411564569,11.556037074644545
2.620385713210035,2.521096613054816,3.0056626094376977,2.6684504206652893,2.9857947194472367,4.653248982785218,2.4353929931378495,1.2238151229266996,-1.814674460640249,1.653078479970883,3.709497941036985,2.901884330211141,6.117926736629937,5.0116227040491435,4.051276378557262,4.5701460394977875,3.8286771841323515,4.125076829289545,3.3119414410682153,4.1682571476921755,4.742931048585162,3.429846481624002,2.0419647052916723,1.2231725102569526,0.035917101966438415,-0.10993820749921807,-1.4300035735207235,-3.3356605900943004,-3.2324886948165665,-3.9148880490025815,-2.6707811882998858,3.3177843269016143,9.55417451097865,10.88825370771686
2.9601928032689924,2.161489408828838,2.5920243432324845,2.3845523808381737,2.8248249375736783,2.199819385960897,4.2667507420049775,2.5030086385188968,0.8566944309695131,-0.03968684072232623,1.7240193849589414,6.825564349977728,6.176504939626496,2.6899641849404787,3.7392513987113123,4.219127995032131,3.1743656014083452,3.6211171450350856,2.335526949362582,4.151393733077594,3.1064670996996337,3.615145893023183,3.0235320247961726,1.210959270400469,1.0332128997139738,-0.224815431121925,-1.8404772501185442,-2.8132991309793107,-3.339050858768142,-4.143100868203969,-0.6954568110590937,5.859851214969188,8.906998560314152,11.17640641946715
