script/wind250m.json
{"header": {"parameterCategory": 2, "parameterNumber": 2, "lo1": 6.000198445256149, "la1": 58.999992894266676, "dx": 0.5, "dy": 0.25, "nx": 22, "ny": 24, "refTime": "2024-01-25T15:00:00.000Z"}, "data":
[rows 0 to 23 of 24, columns 0 to 21 of 22]
8.092880418503695,8.589290425156854,9.229506147991422,-0.12879988596138783,5.4285778361852515,4.001422168347571,8.377596473301981,4.23352533013773,8.616458404999989,9.115948151062144,-1.6590142148100084,7.844800669417581,5.034886198561262,-5.165108747518315,-2.5505924980462478,6.102704441247843,5.474635041702433,8.945925576115702,3.602588241235668,9.781778162980602,5.283835424263467,-3.492549464115131
-3.7509373506268404,6.1465997840603865,9.59072452626968,-3.287735923938257,4.466502005607981,4.7765140864836,4.1384720814852,5.681926848790426,5.828790400851531,4.9958563847475705,7.708968024390892,4.457262253584289,9.846329765614948,8.996188587154709,0.2034903933486404,9.935472947681266,5.427192005112882,8.259794858232757,6.642915955338676,10.403390682894875,5.936399877862306,4.155634043629861
5.835621456733262,7.883755263190843,3.918631295592625,3.7362962852757633,8.403286686282497,-3.925247885929595,-3.254151693311608,0.8969420446323872,8.626441169931859,4.409993356170963,6.344971205944459,8.85410188523561,4.448931103737435,9.189836168396596,9.631867929133566,4.283146012596484,4.321663465519286,9.630091521323237,7.825765953001912,8.668239600274992,-2.68991788884603,7.252639407431792
4.198444650740676,1.5969795301702312,3.817957996432203,4.28365713610221,6.213033833609283,6.764737248629723,4.478379076289116,3.778999715427711,4.902941886170653,6.177395120559619,1.2518584411629905,-1.997076410727809,1.0483407981940005,5.178235685898726,3.9058046721342032,5.7033229073465925,4.218306656876799,8.428928765826331,6.355986831223587,11.156050554445205,4.38324508652654,4.600787920341318
5.411415034382896,4.864082965110827,0.8669104179371535,14.009059995263458,0.6534892222614557,5.223083320834913,7.028408140779816,4.853130495295774,1.9078737546177236,9.847546255702042,6.380067631090218,5.914000103216673,3.987171993172755,1.3848215714440446,4.386049043911304,5.493809942679069,5.833731583971559,8.985556043296869,6.1481147904427065,7.663514224055651,4.385250818048723,4.959594836354986
5.959569654765647,6.014647852460362,0.9570695161151478,6.738551980060201,10.987028095958072,9.613236402660924,4.917243465306276,3.1487154612984325,3.9522537707669128,7.073254178042604,12.644720870818729,6.843802982786702,8.986310094313927,-4.35384118495316,1.458004884489345,0.4125950569432828,1.5261009146316884,12.10694703519097,3.89059105697223,2.9558084805532268,8.105327427141344,3.8229475367310415
6.655918869023856,11.612689336501099,8.628833198176903,5.448457160446806,7.541052655189019,2.8706328675294306,9.088234905951227,6.52292284673046,8.97186384245829,5.300814122689192,4.674166750668856,3.9904119522811374,8.460045060809984,1.996588414456486,9.601218105695324,11.372583957966969,4.003517261399231,9.240750542026714,7.2112904886136935,11.269756820421279,6.2703731075498,7.3092276987156195
7.425951183238785,0.05819452827654163,2.847367609439944,11.278135582563815,2.1919197928837972,5.4629326010425965,4.426955138917481,4.907162814487674,6.037379103889474,2.3414761924003384,9.753073356021652,4.477736311451924,6.022946284724884,5.431643674297217,6.54700409898243,8.016748357371435,11.05616290175581,12.423198835474468,-0.48616264744891635,1.914034035593587,2.228266337198771,5.621235363969045
9.581850798676667,4.833954654451349,8.347859915261463,7.444366567925678,3.8919046375022868,8.92349859081663,7.196519224095827,7.2200486758645575,10.324243009389342,7.103111494927935,6.394006199823627,10.896102140330443,4.725450023846247,8.195141053055131,2.5332057250751236,7.473517072437355,10.556350338759648,3.963814991021883,7.556546488784518,9.745301201435472,8.009550062401134,4.931301920102767
-2.271626170106957,8.297732144534448,-2.7726136684795124,8.296780881915401,3.3600008471308613,1.5929503912578293,6.890759216563797,-4.580308787069686,2.579209929419377,-4.050784796380705,4.209277467308056,8.047945566065925,5.070466262617884,2.722064896756897,6.545575915215758,4.863262647986258,5.642050680437009,8.02543759798569,2.6323023661416656,5.105828546163898,1.8904925548664002,4.399443536766217
1.6718221943572171,-1.7492484233355945,9.653440644565645,7.192822504405023,-3.920281266310752,7.138883879933238,3.9345852795048617,4.022860144420079,10.032840605082082,3.4284501603975746,8.095468293778685,4.819490338839121,4.422651035949937,10.122004742698127,9.743680385174047,4.454423604015068,8.629445931582246,3.9299810738738175,6.674696067351866,7.8863448334759445,10.004180524751739,6.578748480726021
7.0206168853677635,6.159634523229101,1.0131450688929562,5.924556222476424,2.5205111964738927,5.693871149793705,7.286526697652776,-4.487217087370107,9.860952430710327,6.373864979842661,7.404674873332619,-1.7204231225804492,2.56085191397779,7.45159404848431,6.424545244164486,2.705158719912739,10.458176328628005,0.8253307941979683,6.115830448477494,4.165688288535607,9.80285523694317,2.792536666057762
3.5751847464643642,-3.774277252412498,8.395087737496503,10.004910085960992,5.138401582850328,-0.2765391810513362,7.842330024869823,6.52438586740421,4.9784591912721465,8.050351737820428,-3.466541358574992,4.924192012509936,9.812929415873977,8.539082092653816,6.973040417196766,11.050009429630824,10.625433219542556,9.940774512444767,7.251671706255324,8.073000694352034,-3.7866046457126825,5.529767566837104
7.748790879283817,2.4590015351906374,8.951349833800714,4.489674595319714,2.3607060100987503,3.8236104224664302,8.943756284961854,4.433198769596203,2.448195909890433,9.776131889834623,3.7827121278289786,3.933963662438647,6.8432394071777205,8.216323178071956,10.214165795486842,3.5514239468897415,11.516295536586194,1.213697028665173,10.979846984942744,5.044289206077094,7.259626739399603,-0.43872264428975327
3.863161584437863,-1.2220598736272388,10.520427990255984,-4.637899575967746,0.7586929742336967,8.62369899974957,6.437007780897614,10.242590903783105,6.491046956296073,0.7358224982590367,11.995233031213443,11.265444141097628,8.148242954149195,6.22666090325877,4.37602730541219,-5.648880926846342,5.72858121156418,2.474010320660402,-0.4862934496707002,9.206814707523757,9.14408245757992,-0.6910281907663262
7.18938299941474,9.142369373208668,10.149655054671333,9.091156853209005,5.409281764119302,3.6132295108126113,0.16085903737562438,11.557896893322468,4.157606349666496,3.5481733346975077,6.262089202659739,6.679446671261027,0.735611990147355,3.8862182823950326,2.1701568681025996,-5.07310549803048,4.423168837518816,12.156771028625236,0.4098316419248566,2.2829271968735085,8.523783356081106,2.4087443431376268
3.70840387839232,5.639734479219071,5.228792958627167,9.448842905294033,-0.09397799253866741,7.775809837252988,6.465227009721379,4.316134385336644,6.789716388750441,2.373551698074019,-0.6387642036475004,9.843171881830216,3.4903771183150054,0.1124715103580076,2.5155260827782566,-0.009870505643921466,-5.455287250780035,4.5536987339361135,1.5644220427930613,10.148241504709468,1.8075114660540013,1.7619703715964785
14.07185465639888,0.9383112177760082,8.892164463932497,5.514486506424024,6.8862375140859315,3.242097255106571,8.700224918416152,11.054535342783907,5.787962144269352,9.337033030814663,8.997793770647482,2.453383889402319,5.878258403414939,1.0366489688413285,9.405369996013446,4.775003557042117,9.341387404292902,7.750690760469488,-5.166231724351724,7.539910141781268,8.677089930752997,10.59931250246045
-1.0108298731887806,7.986746176106157,-5.038255077736624,4.095784186255063,5.98709592528972,5.96433356969927,8.574320433559805,1.8953562184022124,6.536270256050371,5.897229057017128,4.90951216152258,4.310529027844317,4.182183168283538,10.493165256805865,8.52066093503409,1.682417166553157,9.586425885091947,7.494758616406529,0.541649399427896,4.452641639235419,10.15114782696324,10.789740886875597
8.951718215960035,6.5253528223980375,7.064395092409553,7.449697698088506,10.65073051930178,6.480604957834162,7.864369862355282,5.776335215182363,-4.5631486801231524,3.5458325030624334,1.570543573396785,3.388451707758273,-1.5962441710153623,9.451464953801114,0.7430401927669004,3.536190454460666,6.651326452626854,5.70817641868837,3.74512406045745,10.897579730898817,5.927714306245645,8.101974398621875
8.725693088510813,5.625260281707666,7.276089045582137,3.0680218331403166,-0.5305982549451889,5.762210798417913,5.496782506097953,10.089543229013747,4.855196546920167,8.995725609120452,1.1296624493016976,4.181718549700394,7.948005304774794,3.792851996670837,9.895446519647917,10.401310366506394,8.83265524674138,1.4416531034967128,5.715047347492298,2.2357999004112883,0.010575799261320818,3.7339634310970116
5.568980442212553,-3.3162024135407013,5.558739687266755,-0.597328057643124,1.9416129352431075,5.09390335631847,3.6274851551921077,-0.856919232129229,5.184701290670681,8.755476143716773,7.911444417696329,10.255335336033708,-2.951633722781358,2.7255765390360587,6.312683743082807,9.737567232337605,9.008603679627324,10.71826831476739,3.943588952753425,12.694993205310706,9.047112443308572,2.050381152560739
6.761379872536774,-1.5238519491620597,4.754771236920142,1.4261765195176266,11.869132901151524,7.557165943586159,-4.823833039211588,-0.651724403225806,-2.5677794602033495,8.760493490739005,-4.523711859221377,10.747870618778528,12.776635540175068,1.6674310836687576,7.878298787879979,4.903634373222138,10.760846561687432,5.351210280805973,3.490081897017319,9.528685742932788,4.647756870182787,9.601753971963662
6.174106227284487,5.436436199505965,-5.637352865406628,2.207109968487121,5.772829738760726,6.189566933936143,4.381899955974945,4.1284051053104935,6.7604816246670305,2.6863909227804363,-0.18590925353710663,2.9317895761904658,6.423639658233665,1.8155652145485437,1.8251819372961244,7.037327725863167,1.3580875069153175,7.059798683274753,8.999310714034312,3.2864747981442624,9.783918460897194,9.779667363253461
