script/wind450m.json
{"header": {"parameterCategory": 2, "parameterNumber": 2, "lo1": 3.000054539987559, "la1": 64.9999836372058, "dx": 0.5, "dy": 0.25, "nx": 34, "ny": 52, "refTime": "2026-04-12T04:00:00.000Z"}, "data":
[rows 0 to 23 of 52, columns 0 to 33 of 34]
-1.7586591049267246,-5.284103771777937,-3.6806136648483005,-4.5023975764593684,-5.855490554905001,-6.685680476096775,-5.411265130166755,-4.0466675540949275,-3.5149734404313673,-6.167538797722532,-8.140014584367794,-9.264597099969741,-9.91438982659644,-10.656096135270953,-11.611827419365898,-10.381246103687873,-8.711745162855761,-9.898871913120905,-10.400952653924097,-7.597078601815215,-9.09316653095234,-7.910836921387225,-9.091960561979796,-6.542801994981576,-4.750065135565824,-2.320661045001677,-1.4576277534250042,-1.045142510377934,-0.2625604660162903,-1.7285116885177239,-2.4301767160559606,-2.220190602801582,-0.8542849372316547,-0.9648587996688498
1.9181060093732814,-1.4477676897078728,-4.5104112964511796,-3.871992970930688,-2.5763696398474045,-4.788596660092113,-5.56566596759906,-5.353009619554159,-3.4166548303474418,-4.618977743132108,-8.814750829278873,-9.07104175404349,-9.770327083940504,-9.695501930962102,-10.35577659524968,-10.042031803675734,-8.873618437543794,-10.417004697587977,-12.047102994115816,-8.336014525338223,-9.119088475081984,-7.731964566801724,-5.270098019318499,-7.62699355394928,-4.749409472217561,-3.2597343316718503,-2.112230172836653,-1.671174478318978,-1.2023103139272049,-1.2061607816282853,-2.5880296494770336,-1.5153120889379676,-0.9705461636090577,-0.4133656991925252
0.9191920891359304,2.0629697990757987,0.3874725315322841,-0.36896118437819553,-2.977116650370445,-3.3807625194430537,-2.4956147285630648,-2.9617889919150335,-3.8362973858430394,-5.098679301594356,-6.728458766836647,-9.861983499888852,-9.639230273896551,-10.237151794540859,-9.665476590434011,-9.907592492194041,-9.249893218031584,-9.411572318177246,-7.825317133863531,-8.78846085754988,-8.159282143331055,-6.719061646574833,-6.629588267391348,-6.3468407611350015,-4.753546177812957,-3.6645296654606034,-3.4661308181909005,-2.1734150516241653,-2.2673305725705037,-1.6961083561610109,-1.1106546808708382,-0.9109452736228604,-1.1519589373300696,-0.7546233963156979
-3.068263309151167,1.1005630098382453,1.9345784931219863,0.9034171540426321,1.8409486433664748,0.8569269889244348,-1.4026386714686114,-1.5571131587965217,-3.5292023913849735,-4.75946520624588,-1.5996516369456355,-5.361021989686479,-9.102479932103277,-9.44780239193019,-9.587224641867087,-8.280117255412284,-10.31969782926165,-6.528004714516973,-6.008336269639179,-7.167075733211646,-7.082616360671432,-6.942657880686218,-6.015565372232789,-3.4719770907903604,-3.7756863392841953,-3.7874616837310064,-3.5443845776745766,-2.5889224829797652,-2.660107561517071,-2.9148255952809374,-2.404272199659479,-1.4190538722276502,-1.6982414724333414,-1.046851984491399
-4.261664457854485,-1.578253736581299,-0.3771003812590548,-0.019214969312556424,0.049338108433722355,0.944749672536956,1.2116229674567112,-2.2172354907545224,-1.93232228231917,-2.3160506028361683,-2.7679932001445584,-0.13317447596164186,-7.070627732214069,-8.680505715951673,-12.462673607189998,-7.134784216243329,-5.827435661779137,-6.8037965838739725,-7.9519276051372145,-6.648703637017188,-6.726607194684039,-7.552324884800636,-3.845503507609673,-2.6296774226959525,-1.99038402260632,-2.134477390318506,-3.2864580671967514,-3.022958609407468,-2.686460900230323,-3.540906771887378,-2.8678506767042014,-2.039726998872636,-1.875426152592355,-1.5721077583270957
-7.7673327575047475,-4.632407114317178,-0.21740299884653874,1.2340290106816025,0.056112568759633136,2.579206659430304,0.5582755610919459,0.2818627635664902,-1.1918066380892756,-1.917184324862972,-2.6959617456116067,-1.284397051882431,-4.373149634700338,-11.020215019923787,-8.79731040247057,-5.7096034145911965,-3.0961045842789074,-4.9870828420666085,-4.5723494171921235,-6.584039009595144,-5.8569512418419984,-5.545626753420641,-3.143742637738002,-1.6663520183509506,-1.939036898440958,-1.7981597859360428,-2.9006936785617645,-3.363181355032263,-3.157555823270013,-3.6668384421514966,-2.7349579491159517,-3.0653442555616217,-2.813780598853597,-2.433857592478858
-10.836978375019306,-9.004097432372713,-4.324230666251198,0.289617009605321,1.0044458234656901,0.5259698226773903,-0.7820425485593222,0.5252227351796007,0.9449141872586032,1.240412058121995,-2.5598713308724292,-2.524019099524027,-3.898481861735455,-6.534387483418543,-8.189191647104709,-5.078216748289411,-4.238528058306076,-6.341325983896027,-4.469006056638044,-5.3504923380539084,-5.8946481566817575,-3.9201701630819343,-3.3089534266457217,-1.3889985471605515,-1.8702947524824016,-2.0948827309431977,-2.6161298877204273,-3.6896787276057794,-3.3054150746791744,-3.8277903790446133,-4.511936820880276,-3.620225995887501,-3.9970436800140092,-3.401770990856918
-10.28011457469518,-9.543207364252618,-7.915384233980401,-4.6015670746538175,-0.7057140478285537,-3.4545269597560244,-2.023912044886645,-1.4943840584712016,-0.23301329267532864,-2.1462835035955266,-2.379655484358365,-4.463824102007539,-0.8015552514593071,-3.704560772199449,-4.59284633467313,-2.9724989747169754,-5.956110375009018,-2.554869471010775,-3.5899959064062825,-2.4736566855904347,-3.2756288795895037,-2.2979676952565393,-3.2480403936091786,-0.5988565100303017,-1.1337739778180274,-3.165814898995636,-4.14709908301906,-3.565654446783039,-3.6461113844990236,-4.573007471388243,-3.5985207824657617,-3.8657616618647412,-4.717406720202759,-3.3835275304428953
-12.063941143508247,-9.284726223265189,-8.046249325013832,-9.20013773425443,-4.554409332054804,-4.381383248223824,-3.715420648451599,-4.314546648005367,-6.598919688805638,-3.860551689547003,-3.6181214893265667,-2.427052666647971,-1.8019464738985143,-5.957071912756333,-4.247912459933758,-5.318174860043932,-4.727112151794132,-3.0981257547886347,-5.121833589237934,-5.042716502910563,-4.1690300083185985,-1.2522107518906371,-0.2615739632800364,-0.23930230495962126,-1.556158233682789,-2.629505993012268,-3.169481613731525,-4.248794837310061,-4.0901818550874,-4.402534139150413,-5.065892897218362,-3.8884626558882327,-4.9492408019491165,-3.2821797344281936
-13.3393051600436,-11.735139356730821,-9.793669225751465,-7.33348056305744,-7.254715062756038,-3.183173618034716,-3.771452105553218,-4.8691083602318415,-8.781685347349242,-2.976351406778608,-3.619136328450196,-5.638141435715928,-4.841220268233971,2.4661954036453735,-3.145546655402817,-3.0858878333405744,-2.5864406291749593,-3.3001538463235316,-5.266177171908359,-3.0810455961462004,-1.8283362769763332,-1.9659161485709664,-0.9763722054154954,-0.8407384405400897,-1.7544514740224377,-2.063251437888981,-3.2212466814198315,-4.080949740619786,-4.747392891304351,-4.007070358911908,-4.376370963285919,-4.0057774264233705,-4.550585986042168,-3.450406401752308
-14.051809889405433,-12.788114828204312,-11.049689065742633,-8.752232980458448,-7.8193479060955084,-6.953916150076316,-3.088857173601619,-5.279275253094086,-4.941617575319812,-9.980009851686763,-6.279173056294196,-9.522250329523143,-7.70736326960749,-4.1815877670642525,-1.8909606569096145,-3.854936616367867,-0.5061778568801764,-3.957330609934682,-4.003948370033078,-3.0364924006956957,-1.9329204256095895,-1.9040707497256848,-2.6194766409910946,-1.2612278636002288,-1.9133776952523993,-1.9092537404290444,-4.052150629388484,-4.374623924629128,-5.061925427249007,-3.3818720200271293,-4.391695107273697,-4.163650528811706,-4.007009734351078,-3.623300141359098
-13.185760998694132,-12.841929509643268,-11.545971576683067,-8.93930073036726,-7.949976645280631,-10.522134491579687,-7.284908595473456,-7.820581695072504,-4.711700672417885,-11.918897025939149,-10.396485073021788,-8.978353299974541,-8.528561111914872,-3.4061512620289,-2.227459680320081,-3.640933718004985,-3.686094218222526,-3.1127962525325747,-2.5621127389502005,-2.8071391054458377,-2.7774725653990378,-2.347990572632166,-1.6324416201241005,-2.5641189699652993,-1.824683503913966,-3.450827046042972,-3.5160340614869936,-4.903699767397895,-5.259623165281957,-3.273044153583515,-4.268150787310507,-3.718684509399177,-2.7262110169168277,-4.120737680167904
-9.526651820811205,-7.352922185713381,-10.283615048158069,-10.570397636683923,-10.64034358005036,-12.691384043302786,-8.263277489483425,-10.798266184447238,-11.58352634028754,-11.893619899225168,-8.355345547735674,-11.123708783146146,-5.502323642584228,-3.9168061613739904,-3.795716120169635,-3.141838568721598,-4.019038336289063,-3.766028535012653,-4.440446820223812,-2.6285180492355975,-3.0452550201677475,-2.0107450459320755,-2.8969036327065067,-2.8481613297844537,-3.412696561605968,-3.6882373717443344,-3.839122868501588,-4.537528265928507,-4.945838037183992,-3.5398936692066902,-3.624668672018755,-2.673083371801665,-2.2209227377795755,-3.1267854539742603
-9.94387319060638,-8.054989930724716,-6.5621319759773025,-13.220189789829455,-12.194181387147589,-13.935528226659278,-11.373935240985277,-15.32165648836945,-18.01207070934141,-8.692808233360662,-12.59710847572967,-12.27244571795631,-5.870821830328212,-7.51855143016845,-4.58980358920768,-5.200420690550198,-4.066183141592695,-4.566232313213601,-3.5880123407996374,-3.402567101436277,-3.8411220920893543,-3.1092298203335815,-4.126662252626944,-4.157668695020237,-3.3666287468164096,-3.121409569945725,-4.34635388914869,-4.145550206047803,-4.879815540609151,-3.886075043261048,-3.557955596375964,-2.5504689828397553,-2.3184656936478207,-2.396414826186485
-8.900680243631307,-8.481513233486691,-7.261828585633235,-10.090428821122568,-11.733351439496175,-15.620509946988395,-12.59337756521915,-16.87089332640323,-12.624168892354291,-11.473474882628778,-9.605832903197362,-6.801778551885125,-7.230195197904929,-6.02225879170366,-7.314090537516129,-5.25040431302418,-5.4183468742061045,-5.832460526229024,-4.300614293265344,-4.552146828274681,-3.5158743500962295,-4.320045131942589,-4.764230338705243,-4.984319668516328,-4.433173666282381,-3.8461761525430282,-3.753796931311121,-3.432281067075631,-4.3753068863272775,-3.799356586758048,-4.651320632279401,-2.573881544774816,-2.5254325706780496,-3.4531838170190454
-10.513317844074276,-9.150164855375932,-8.522686662761476,-8.729994902302312,-12.12030046715306,-16.31442121443696,-15.89597561764592,-11.297943500091158,-10.855642370911214,-14.030750510024967,-15.92262311800605,-12.909901224593208,-6.922979775894979,-6.285810541100503,-7.500168702856858,-5.863566348311263,-4.872475582995219,-5.6528692225463395,-5.6737244619594405,-4.5179343580495575,-4.5437998850740895,-4.569630545417701,-5.266017574859898,-4.3440834887849595,-3.5094728665653423,-3.1758454673007335,-3.284851729795463,-4.029714872261488,-4.6949842883176975,-4.426926022581478,-4.110448244238659,-2.916180725168496,-2.5718524461752668,-3.078558584349102
-9.948828798640541,-9.764905782750672,-9.5977288655356,-8.075908933943035,-9.987043636754782,-15.399147968973717,-16.443459268444027,-12.219690827533391,-7.9523648826137014,-14.642492664353437,-17.279327864233966,-10.580512062609253,-5.304045410608006,-7.575073660275742,-5.6591779844539385,-9.046512785857628,-4.33610224290875,-5.773357132923378,-6.2035138272515296,-5.041779465106276,-5.4489585813968935,-5.22651288297173,-4.104682110793974,-4.42309495031285,-3.9695914233816803,-3.422112012805461,-3.19925976868965,-4.32674665354895,-4.829327659215183,-3.041022372480707,-3.6222517874537403,-3.6644806223254647,-3.492537229133026,-1.6593436878588903
-7.941303890802033,-8.319392431808419,-9.365810975899958,-7.161935363893139,-7.822986718943545,-13.935009404297114,-13.265405698728806,-8.389155381935652,-17.65936521515331,-16.983264000377897,-12.54828787156544,-9.346680805045354,-7.677147436049634,-7.205908119409913,-6.403229804889072,-5.897555812349101,-6.777766900170653,-6.0186467917159625,-6.022229404204489,-6.477515268669697,-5.645889725080811,-4.574698013918848,-5.122555038488608,-4.151573044688504,-4.3054321626844025,-3.8317399175955407,-3.5068956166243055,-4.141403806825146,-3.0205071905050787,-3.245250034069673,-4.305751196673945,-4.239715841199572,-3.2622592802904,-2.0714321610757365
-7.690610781754104,-8.437407418125076,-8.451368326289009,-7.875822031421927,-8.095919986728916,-6.9341515692370255,-11.205009871536562,-10.335726081480034,-23.29616200561915,-13.931730162228003,-10.023835172417076,-10.277491575417747,-9.690458644169853,-7.288318053534742,-6.139945457286199,-4.988676046144989,-6.311659849765873,-6.989489080398134,-6.866736217637206,-6.9824939136500666,-4.970791260026748,-5.5538454575529155,-4.647246134198767,-5.152932987438346,-4.3458739066469745,-4.442236475495508,-3.1307730040587893,-3.0011153469804883,-3.43552499115004,-4.425332610977496,-5.189343625622672,-5.081356474446882,-3.928270265504889,-3.3582948192540036
-8.589556172146281,-9.229080569497322,-8.588859315292032,-8.386499007672088,-10.786719624039065,-10.842573972776862,-4.219241313444011,-11.184881782481973,-16.923897908521038,-15.386902700060004,-11.598638750930874,-9.755592865710918,-8.786759815187269,-6.960390243239232,-7.302250062212808,-5.139092757948643,-7.370533600243081,-7.752986378654125,-7.071056194487589,-6.423541107451547,-4.682805369482833,-4.868706278348683,-6.050734151942008,-5.5987037518050435,-5.58528178584747,-5.627415029226235,-4.126949545937326,-3.127419883576545,-3.9078455272368338,-5.50872153089114,-6.171467068543951,-5.855715020156244,-4.195731908744458,-4.823052764994915
-6.7258981543134535,-7.623752239758302,-10.472518511009278,-8.957027646342196,-8.898688669026821,-11.03015015750793,-13.950840510254261,-6.740176805183289,-13.245164182467434,-12.7374323839067,-12.967218053064355,-10.052356750785238,-6.13501836860038,-7.807919162782577,-5.580305669796654,-7.149674862700421,-6.031409059139084,-4.951608568455055,-6.552093026068495,-4.992239166330502,-5.869813211760975,-5.006865780065842,-5.657558386870177,-6.351087683461418,-5.9475340914115025,-6.582963379874171,-5.297452867521878,-3.5705489863379887,-2.998470252279848,-3.835531113777856,-3.313154454607496,-4.401099501614019,-5.0065128070681935,-6.179193566249557
-5.470876690528618,-5.971339967102385,-8.832618762175766,-10.789420379930128,-8.085148632752759,-7.604836750478714,-12.405506084534943,-13.525803501455396,-12.658468744415947,-12.554031570837003,-10.657913767260261,-9.639253238903297,-5.157523625173945,-6.45469966458937,-9.0563870840924,-8.339133475745296,-6.91881359433151,-4.455389618140124,-6.702321892157427,-5.411105155914225,-5.51685021760679,-5.473515583264759,-6.261284083870138,-6.75763116092062,-7.116513220207147,-5.420697094466955,-5.21135086912623,-4.572513176257497,-3.713301560696144,-3.0388646090748663,-2.9170426058062673,-4.272333127957621,-4.425665451186826,-6.1776330308619745
-4.978437823383908,-3.648754558997149,-2.3697273427985612,-2.111039137687819,-5.373111851260165,-7.790566969248912,-10.50927368659363,-11.179841642207634,-11.424056587679122,-14.66144951140852,-11.778066420770207,-11.277368310941556,-6.985682321153522,-7.863142542716861,-6.9086905263561995,-6.935491129708306,-2.4936362537197843,-4.780184531903388,-6.787233955866905,-5.414791441386654,-5.314119031041455,-6.2506576637446765,-6.539713633102115,-5.926323305901393,-7.2652851095571975,-5.3816934195040265,-4.834612157658068,-5.690762452723039,-3.8397452151543976,-3.7827111730809455,-4.287206021616557,-2.821284632372285,-3.586112182204549,-6.545368945817185
-5.009390256539615,-4.115997800750199,-1.5397430557912442,-4.76451479991954,-5.459409483965318,-7.104535475319568,-8.441042796160124,-11.517008807517088,-10.627780106703355,-11.121633284217328,-7.483229419625787,-8.759194602309549,-8.499236755206992,-7.2302584623720865,-9.337421428176178,-7.359031070420004,-7.085992837355682,-3.222136928305977,-6.477686706859026,-5.803574627783009,-5.28646479898562,-5.704091076362718,-7.018553813575304,-6.250473725005928,-6.235841125497792,-5.305359162657607,-4.634972272271997,-5.114275537076783,-4.196727651234836,-4.135164378219268,-4.7569659258883235,-4.099849110157685,-3.2937712456585815,-4.202996435405002
