script/wind10m.json
{"header": {"parameterCategory": 2, "parameterNumber": 3, "lo1": 6.000027932988019, "la1": 58.9999434238085, "dx": 0.5, "dy": 0.25, "nx": 22, "ny": 24, "refTime": "2024-07-02T12:00:00.000Z"}, "data":
[rows 0 to 23 of 24, columns 0 to 21 of 22]
-2.29347464519647,-5.088848522952479,-5.931223302487661,-2.75099458638255,-2.417039819692668,-1.6870262362789956,0.6388982185666822,-0.9057615154675054,2.2705963411997914,-3.6734468546680845,-3.158817814995649,-0.7452797352578233,-1.2069329769801356,-0.7402531609983445,4.322281372088559,3.146934502133114,0.21913662174684212,-0.1643914331964081,0.7583379636968685,0.7058693272890821,0.29535800652306715,0.4665262905131403
-4.546350758892041,-4.282628044209544,-3.826012342017226,-2.528452361122785,-2.0955181059789245,-0.3314310309233526,-0.8339131099941194,3.63418530412646,0.19153942681167518,-3.322617590473056,-6.052330148117271,-1.182519797784719,-0.6833475949496453,-0.7453544279997775,3.9310962689888567,-0.05119745033103912,-0.22412133913436116,0.8857322634886537,1.1546201241816834,1.2050612810305905,0.8353500503623051,1.5157456527906548
-3.799205912726952,-3.5512445907399806,-2.096484644846569,-1.8197621117939013,-1.39699836274744,-0.29730448331753806,4.292352539232094,2.7259875302642187,0.31076601459403164,-2.3997257214760332,-5.323554214428209,-1.2158197512372537,-0.01215454947834294,3.7368297229812018,-0.2130538353166863,0.43857417665506504,-0.3196307824496996,6.155550264963489,0.28793186766440965,1.1741474581042441,1.3457112629546666,0.40500669410658546
-10.716476108578735,-3.7462109676252386,-3.049699315824971,-1.8998386533624088,-1.4975221740836682,3.6571530678588924,2.8034761275769924,0.22941428268544,-1.0945113438380607,-2.4201612005539035,-4.159641571263162,-0.9721611585304099,0.10315474879001336,0.5677941627526628,1.5200011962257274,0.4832269732699541,0.4753885991046012,6.84707252989394,0.7049755578645842,1.6479365043122614,1.620934623834307,1.1458312439223908
-10.618284823259541,-10.201589603465568,-4.104290236748603,-2.35749832659938,-0.36192174750866973,1.523231271768023,1.5013941130449218,-0.38821832074200974,-1.9285639545905382,-2.9891454772304806,-3.566865107447584,-1.5524563134212024,0.5168398029134136,0.545415095132592,0.7548313721566933,0.4697995546495104,0.30566108718129203,1.388103707495765,0.8680552729939855,0.8918220277696558,1.3235310827828946,1.6048882933928292
-9.996359802488984,-10.589831415037093,-9.091641032553584,-5.687578593757068,-4.0424062111930406,-1.484740006117878,-1.5609604399973163,-2.410376580670686,-2.3332020817270727,-2.590685830828209,-1.9960814865238468,-0.8675130349041479,-0.09354956954010446,1.2196023825906745,0.949694221631827,0.590649422752264,1.406378997053005,0.8152067402420732,0.9577783358739266,1.2015661045049286,1.4349138216583348,1.288292814348515
-9.64148273172297,-9.670530086150283,-9.734508003311365,-8.430458422255175,-6.590721272172813,-5.062994635376876,-3.7586059889201686,-3.444392173068846,-1.5059963564212935,-5.015048291337065,-3.460716833931057,-1.6791727915131476,0.1669774823378097,0.9267810614481284,0.6969219860789693,1.2150605869247724,1.5111338979264546,0.8634067238490704,1.9363570252229334,0.8579547796884162,0.8906679196946712,1.6130716204896436
-9.396881778580209,-9.190619094750009,-9.073918403613028,-8.96128904960605,-7.803655280854329,-5.93533096111489,-4.546480131647478,-3.372992463301432,-1.3133208839824433,-0.6165167998971821,-0.8726980432053861,2.9334169815350393,0.5650872937639738,0.9873774051355517,0.3484410950425834,1.0020538898989446,0.14445238722295692,0.8908743266670116,1.4926931901266538,1.2969056327726967,1.446691492015542,0.5268475182251874
-8.94356519895404,-8.559339872477057,-8.637733121720565,-8.447448030279654,-7.638982910396591,-2.6190637974839968,-3.748221814432211,-2.24934237837466,-1.410253316287225,-0.5143765061813367,0.25781445880303216,0.15097073540210246,0.8526033095067251,0.6620825646366535,0.9817427934929438,1.2894145526166843,2.4079856017981225,1.5073634845913155,1.2181646443749847,1.500572945180546,1.057939850817427,1.6897056763761507
-8.55956913708801,-8.575237580662021,-8.411618901956864,-7.9730823291391895,-7.776839994304229,-5.416786139333997,-2.9395046418852493,-2.1658760378349995,-0.7351004596956668,-0.3890387843949278,-0.5655083183476026,0.5431390937794986,1.5283056998589888,0.6880124427210249,0.6605200738027884,1.1682177212547624,0.8018733985534414,1.5093160831684795,1.3562507093797986,0.7705457805553194,0.2948751110906294,1.3635736224903872
-8.253244739958841,-8.794492687049022,-8.047612099522999,-7.654592658032103,-7.321628767690649,-3.353755991168248,-1.9044388585983545,-1.1752859164198344,-0.15492066282390804,-0.1603797008705846,-1.7358350127817097,0.03128912161164595,2.648030407655999,2.3844729702964993,1.5253174184457545,0.5834249424523503,1.2077548455851985,1.2071499778405856,1.4939797549365739,0.9425721598516882,0.7354516373511222,2.995310369556697
-8.318228126989077,-8.687976077151045,-7.584977130679621,-7.355326063482189,-6.5162896244588575,-2.9532412705563433,-2.1708244125168106,-1.5893040455320189,-1.02706277010437,-0.2041530111187075,0.7746036444927923,2.06056320749341,1.7744845926831836,1.6740114300217361,1.6649875703623742,0.9138242918168415,0.6209673729038397,0.9333092232675935,1.0768929773735976,0.8149671265695313,1.2564437419610581,4.856852811707565
-8.326297078932408,-8.454162307235672,-7.512074885045476,-7.124090790838177,-7.118458549606609,-3.24834172662956,-2.0421467793582706,-1.312031938548172,-0.9040486049668917,-0.06330175998935117,0.6392107447234301,0.7663940331411754,0.892532647083438,1.7436625985178875,1.6730538576053642,1.1149034014615213,1.1000820847353752,1.7193418190647736,1.8377695891109962,2.6530297119059254,1.7964207737879816,2.058037367293673
-8.722962036573255,-8.291547312001049,-7.522099698520911,-7.458297205586899,-7.310608601829845,-3.1039588430592797,-2.1501430865134874,-1.4495365462612866,-1.4415925777322518,-2.2375076196789636,-0.9671026395176534,0.10909093162675354,1.1871091006096115,1.6987402906614624,1.3874214610408524,0.7854914551240773,0.9285651093752217,1.248890343143322,0.5558937434128592,0.602852971387034,0.6426313867369119,1.7872115182768225
-7.6571751761300275,-7.8671816698329575,-7.633112181381268,-7.4862166928908165,-7.528156387450248,-2.8502434968392647,-2.3989675574370657,-1.12786819854401,-1.2023241166573477,-1.1007073349953431,-0.37696025624806334,0.035426982689185586,1.2210419364040326,2.696700777377409,0.3749558460706201,-0.06577207701460841,-0.22498580490608455,-0.3517394514282953,1.2874886895434645,0.7017398765601551,0.8911016339135758,0.3487668974773815
-7.620038094342386,-7.754875297879454,-7.629904140178672,-7.549081334425087,-7.705055388616243,-6.9984417422744825,-3.3626928567553755,-1.7273296957400315,-1.5628653603277614,-0.543669959901532,-0.7222756509855864,0.2000171200462459,0.9142627661772678,1.3603967495685443,-0.3581117731680092,0.7622744701207896,0.5916083957474331,1.1809563115344577,0.579900502118858,0.4888293418540646,-0.05478069128449791,-0.6400079887819375
-7.704736500187042,-8.143961166533378,-7.439211149542643,-8.191287103512241,-8.947601775788387,-8.417144024504044,-1.6389045699954197,-1.0180757486976821,-1.6497319908751964,-2.178878904003437,-0.6337085879510534,1.2041455679865596,0.9095346370949615,0.7054689525542645,-1.6280576813705563,-0.071931605420291,0.5498853135092017,0.08810333397229313,0.36343773098011156,1.1955761630570705,1.2094088987394236,1.1682248746352846
-8.619444861573946,-7.794508331263973,-7.715849810166218,-7.540308951127457,-7.052898484803233,-6.114302972911656,-1.5475852467323588,-1.0500579304191489,-2.092299074124443,-2.222653316453056,-0.8295481142096491,0.7571795595336188,0.4742834113306655,1.4236677528458361,1.4629358248086504,-0.6485379861740423,-0.8538013831077053,-0.004372722480075126,0.9084554426014094,-0.3021124359958539,0.05414287147841962,1.0696405758313725
-8.035497540775117,-7.681575731364887,-7.942045082529367,-6.900142501487946,-6.752511344670221,-7.501826903358618,-3.1779226240486325,-1.1194264870484019,-0.8956300538162083,0.10329556738897878,0.5264335400810275,1.028071213423631,1.1917030021346913,1.8696840174556815,-0.10808004685370583,-0.35551060227146375,0.6640247643501426,-0.7912625344959906,-1.8012226265669489,1.4379711391301278,-0.9062817929464076,2.344976323295398
-8.02676210013509,-7.912104747327487,-6.892446492174503,-7.171835097348998,-7.3119373218035015,-7.429576837421934,-1.7050344531137662,-0.354290871611791,0.09410215186969154,0.501129524486229,-0.39827969330331553,1.68672424220562,1.5688513836947282,2.230282473892179,1.8443952171308642,2.8714939341465073,0.9865833565188835,1.5058336852919176,2.676311427373653,1.9110223800200443,0.3815180271092507,-0.42255617344089613
-8.002555991803774,-7.661959044317211,-7.124957937331937,-6.497165059751342,-7.448683700800392,-6.34081050038088,-2.764579843984864,-0.9248913033724762,0.5563104454103702,0.4172103981802318,0.41239370207078024,2.2482538764509292,2.413766883336929,2.2528616243105533,2.431219084881542,1.8582876821636123,2.2256103346926364,2.7867788023273414,1.1304856753446253,1.6380035891453917,1.3644181346982194,-0.3136493647816557
-7.5203809551282434,-7.413037297853559,-6.9869420265042415,-5.905077795890188,-6.651652008361086,-6.117724571469875,-0.6414464293208919,0.7858562557584267,0.7693341061982016,0.32590883815538796,1.8109835095653692,1.8002657108770415,2.1927226933166524,1.8728612624532752,1.7160134371872315,1.694614189622295,1.3985273434904981,2.150817772516567,1.2863768853509399,1.2957408415132379,2.9549403209275247,0.29825890904271496
-7.160379705925483,-7.042588616718589,-6.878500096242002,-1.4891682913404125,-2.6212255043273425,-1.5807091745299182,0.13354793283278826,0.9431240975945512,0.6650614530791372,0.2063083826379793,0.9372592856667251,1.8486314620362159,1.9643263758997849,1.4636440414883183,1.8226660445871172,1.9406113119155841,1.486500059803806,1.208354395378943,1.794549464688925,1.1871361843828179,0.20126491462352702,1.308931223705536
-4.058372995295106,-1.648102002400143,-2.3807494264162825,-1.9420184665859068,-0.7616983232843552,-1.8535488241263898,1.2412382264181228,1.6852337726937758,0.6567509582085873,0.16618482389372272,0.5061462481738239,0.8590830719008946,1.1548455757155178,0.9381117350884483,0.8481174386813981,1.1316352220003014,1.894669300537873,1.2078422765319274,1.9161178839608644,0.2035592128908232,0.8597746628163178,1.031385818566873
