script/wind10m.json
{"header": {"parameterCategory": 2, "parameterNumber": 2, "lo1": 3.000054539987559, "la1": 64.9999836372058, "dx": 0.5, "dy": 0.25, "nx": 34, "ny": 52, "refTime": "2026-01-23T09:00:00.000Z"}, "data":
[rows 0 to 23 of 52, columns 0 to 33 of 34]
-8.726359267531329,-9.180502982816206,-9.936786590456308,-10.673450304576148,-11.216732723510848,-11.51196416781482,-11.364970289160876,-10.987038926562475,-10.658443066789554,-10.239506259359905,-10.096543481175907,-10.082865680514042,-10.093308246912581,-10.377294864254798,-9.633868991592486,-8.33959718259837,-5.018823533999449,-6.717770215205339,-3.742872779086308,-10.73506100052183,-4.741789006358685,0.8927095714145656,-4.249862120693615,-3.4856077468947384,-1.9088613772770826,-0.6480372413292723,-0.5002729253390598,-0.28182093648174533,0.7150234599024358,-0.9874273868410648,0.5052659278471405,-1.0810219990003065,-0.6151190409931739,0.38271979406910683
-8.244143381410401,-8.999388276512597,-9.902017402845047,-10.711531224255243,-11.30337634528231,-11.612224712764368,-11.378605414668217,-11.02016519122714,-10.903703087055128,-10.723000176274398,-10.336064207318163,-10.127699625569154,-10.241252666769272,-10.304952091125312,-10.310732024073834,-9.494451113916067,-7.931325118407529,-4.2430600211520915,-7.446165434133924,-7.250289435112551,-3.6402634678935106,-3.6566643315553167,-0.500972367357682,-4.250083356648331,-0.9658734455846105,-1.1243042080082701,-0.380283283097265,-1.0435824562918625,-0.8044941905496158,0.8995525819843028,0.8057014089760768,-0.998850569333331,0.058922208309607954,-0.573645360990053
-5.966528977567885,-6.9481239823855,-7.189053224254916,-7.672065573207989,-8.293543107301213,-8.341732231817053,-8.88027557392727,-10.17508159219878,-10.867731930902877,-10.602333014238074,-10.557996483371797,-10.474191005260385,-9.861175843300849,-10.10037459039123,-9.324815793340852,-8.74490649974317,-5.483645926152983,-3.484302048535485,-3.8963674786997964,-4.134607856452168,-7.095936884088677,-2.6529458153985384,-2.939177313460553,-2.8155503642932223,-1.447858553563104,-0.3557399447064877,-1.0398178068464117,-0.46941959744744677,-0.7144037522938208,-0.7689857660936266,0.38982107275740896,-0.4394134890574133,0.324489515168186,-0.8104623522668282
-4.935685372548099,-4.858532896672254,-4.442153086311648,-4.448767769319362,-4.639719425372207,-5.3591095090457115,-5.871798964308278,-7.217304320678725,-7.17050831094471,-8.675923530778274,-10.860207986511616,-10.149901207248472,-10.286377212566089,-9.623588827573759,-7.901397222997762,-8.32422664612478,-3.760879050396154,-3.82102956273568,-8.620131897608472,-0.4741911923888996,-6.493932640397187,-4.880006695131637,-5.334605677656329,-1.940432018298048,-1.6505708199987588,-1.6456349643041077,-1.0809885966969017,-1.2040824935699688,-1.0048909851720835,-0.8417415215942325,0.2523840997709775,-0.2666867130699993,-0.4141983331035448,-1.2246725149874904
-5.093341539126638,-5.235172406630971,-4.669805262481706,-4.256385524516157,-4.111645932465805,-4.444997625115665,-5.285199508996607,-5.670614725880943,-5.799863501669544,-5.9500288854171774,-7.240651316616449,-10.162096550707364,-9.598787206007367,-10.238237560475081,-6.757108892735919,-8.893485853554472,-4.241320793077588,-2.8452471340377854,-4.946806435431675,-6.763696304647955,-6.205722508836791,-6.434729106032782,-2.289200854428316,-2.579045408986331,-1.710226313200068,-1.8866388160533036,-1.5861585962659557,-1.4172096514050896,-1.226980880517693,0.28405684659627395,0.033810032350592475,-1.330970742911766,0.22819382970288693,0.319960113114057
-4.491041827119386,-4.673902542590844,-4.501895993358962,-5.047466989364801,-5.1746664310606825,-5.71274832578463,-6.4475588123866245,-5.301394250008859,-4.540086903756413,-4.830042732099292,-6.488602279912001,-7.515106734831738,-10.136934937121138,-10.878084242207718,-5.039332732090481,-3.97219902833269,-2.080544332115436,-1.957422490695583,-8.206964477620284,-7.874490492606862,-2.456048181022134,-4.703592752887042,-2.029413475856076,-2.0654980158253444,-1.7027191734156222,-1.7042881978874531,-1.217590495442753,-1.633160179126238,-1.2978495631806806,-1.4542092469270287,-0.645035282565419,0.12472275300579691,-0.48909703764917883,-0.40627483853587504
-3.9441391015280876,-3.9424181215942653,-5.660948106060109,-4.7403929851667606,-5.334735051972703,-3.6550480535868055,-2.937517575800945,-3.4250676814441117,-5.640717224660727,-4.340093969617492,-3.716258609234775,-3.6884609301541667,-4.711763621653128,-5.819833996037196,-7.314483140846891,-7.223870145742389,-1.782624080183723,-4.532238910666563,-7.6938606354122365,-4.944097742100339,-2.798134619211448,-2.31727384603472,-2.7557647453306524,-2.053051386433992,-2.2109508426254187,-1.6737906539283463,-1.6358809552752247,-1.0753110743184906,-1.269571867704154,-1.4182594298969187,-0.2438737003470526,-0.29301117718284087,-0.35854463997396424,-2.681999114564414
-4.062962166636339,-3.4114811850721116,-2.984283739506119,-3.8741992766686324,-3.8379704396288004,-3.887481544674334,-3.2045057537501465,-3.718767037327944,-2.440147307964438,-5.923993799795078,-1.920528713914145,-1.4442156027505284,0.5197959878617614,-4.423522069568082,-2.731625865142086,-1.2068430853317713,-1.616683165123133,-0.9774705833939792,-2.613639331210681,0.2989040103801505,-3.175902988686391,-1.806979693930395,-2.0930078139931907,-2.655472988285691,-1.9372873918849676,-1.6609586511104912,-1.6204128069801729,-2.0119180717539815,-1.1209310901877225,-0.8541314752042475,-1.5478577952769699,-0.32142063666997106,-1.5916010071278683,-4.149906631201119
-3.2503650717858137,-2.9171611936129502,-2.3489849913206196,-1.8084497713104521,-1.7646650036244538,-1.1433346535093873,-2.007323804788502,-3.210547969295399,-0.168279772533434,0.03788277493711806,-1.3274172063988139,-1.9191194547231842,-3.651087098549939,-8.090853280166774,-6.254751152312516,-2.8231433525031355,-5.4059612832730215,-4.192456957584924,-6.539875112041295,-4.820923001715658,-6.418973320737018,-1.0201431164601482,-0.38473278039452713,-1.6195018851961294,-1.5932890506859865,-1.9146289584898646,-1.6138007196469741,-0.8078835072828419,-1.2448497840819934,-0.9282553378762896,-1.2558895027064096,-2.4573222642663346,-3.6860423633878967,-3.817509175747158
-2.3990868011568884,-1.453629841764256,-0.26497070389979477,0.1663655805782302,1.5958900425926068,1.2532085394727785,-0.9794845486579181,-1.532039047927402,-3.420991281515634,-0.5040964943502195,-2.5179528189956737,0.39908266585188845,-6.50815630125049,1.8139591428728377,-2.409806319537134,-3.7627026139100286,-0.7812393449118403,-5.2478170989210735,-5.456956456766349,-2.583072806623966,-1.952853211216455,-1.3078846648209865,-0.8225534827477768,-0.6027195870719679,-1.0897336261219224,-1.440105043285536,-1.534204123043439,-1.9836654173145616,-1.7504773216857104,-1.4711927400029516,-2.308598834587048,-4.230055526702919,-3.86191762548312,-3.7186965144517727
0.561632321323645,2.648168664598141,4.3280381174097995,2.5837793571654375,1.2946451512854755,0.9349934310790748,-2.168474024270354,-0.7626412831783537,1.6426162669443896,2.860408125874941,-1.8174679128667064,-3.819632081036391,0.4230324567011418,9.013159025911676,1.2946809641215127,-4.422090087956992,0.5026215284617682,-1.6776444182951014,-7.127770944162006,-1.2444941658188056,-1.1587458238181823,-1.3764078471334604,-2.1966441945244064,-0.5409889120564588,-1.014181890758474,-0.9499799146318663,-1.2267744822220865,-1.7878961932186965,-1.329256622167367,-1.6903226303824221,-3.996201198909569,-4.147410436313113,-4.0388065904357875,-4.038674865823214
-2.248162190884028,-0.3178019767016899,3.1246629610345753,4.015373397506301,3.327442646395245,-1.6923389336193486,-1.1646760319344291,-4.455389097207254,-0.4811006762016878,-9.092889235315829,-4.229755900638339,-5.480630198395142,-3.99602640991874,1.453993456568901,-0.381076672805521,-1.0090088839746958,-3.1530042715121875,-3.4796595588531236,-2.2604410981150025,-2.9527424887941778,-1.634601701248292,-2.3622396587664896,-1.041473447613627,-1.1710813291556759,0.22387610942312922,-0.8580058834663199,-1.149176515066187,-1.3967985583263614,-1.417348554263576,-1.7787204866738693,-3.97266278068355,-4.1778800870177815,-4.123239154736511,-4.246113693663414
-4.012775533566682,-3.651761344253665,-2.5227436831308414,-1.2877664239669548,-1.608048420338953,-0.774421246287006,2.520653874763958,-1.9662443697541654,-4.660339706353915,-6.1097859255382225,-7.834512353251742,-10.415320037427088,-0.896902820000073,-1.633009554501335,-1.4596893804878401,-0.0013896648604905155,-2.1179449849405345,0.5631636723338351,-2.9606904276392676,-1.3066529304256327,-1.7770875821420928,-1.5377701592434645,-1.9631077202409504,-1.5065735928040542,-1.511751504307782,-1.4573583482870331,-0.773205392320237,-1.6692298291286727,-1.3369699781993742,-4.3806840992447,-4.583493578100595,-4.745280232341142,-4.650988218629655,-4.587444310255104
-3.985672649776031,-4.530683009069376,-4.403057577661721,-2.8671044533442362,-1.0338428498309764,-2.10315908831282,-3.383271209377261,-0.18971401518131964,-10.111117937897244,-5.1731656342834444,-3.40579490884075,1.536995969554985,-1.75589096747268,-1.3063809633624712,-3.479533208096849,-0.5760077546759945,-1.7255284471463974,-0.8604492849244223,-3.780416761938139,-2.0300039574823274,-2.098409409716172,-2.8099739472637064,-1.78919896006744,-1.8038373038827933,-1.859368081705178,-1.288479289862579,-1.568634021983648,-1.224174036628012,-1.1228886644725387,-4.555156950708946,-5.303895405410114,-5.236657021577264,-4.916148724850619,-4.556831483247193
-3.9095427772328546,-4.04580430166656,-5.6707324563556005,-5.93228901157093,-2.8587652569729767,-4.071087212267959,-0.7658264702174435,-8.630388056548314,-7.913822968902467,-4.602266645915653,-1.6918615311690397,-7.550993730927514,1.144974905412794,-0.3152330618861238,-1.34694751953329,-1.5180104557709317,0.5560579960745596,-1.924107666601772,-0.9503727100070427,-0.8856900381492794,-1.6468651431098469,-1.7637978943433001,-2.0985237827559344,-2.464515046846243,-1.2820098222962284,-2.278344767199431,-1.4813576752362618,-1.2119381713119148,-1.4053591694130014,-5.294991964134826,-5.307500407999806,-5.612079776735064,-5.506810809638561,-5.333268886655832
-4.058396509431478,-4.09026291409267,-4.015846901190442,-6.558262300535757,-2.3022476973937693,-3.192882297425234,-5.08824407432803,3.76799432734437,0.02341646224388436,-3.3889575055577534,-6.587526922176073,-5.705686165807976,-3.5111057721668706,-2.1042898475374847,-0.796472689099597,-2.7787826910682334,-3.484311952866644,-0.9044579974253493,-1.5888129313235286,-1.6121694290236444,-2.4794740190135074,-2.3070321231174464,-1.5029653926255395,-1.9077303096604665,-1.3337354315801377,-1.273020787841399,-1.9945977030452688,-1.3411002371175231,-1.6404105488702656,-4.942386487877904,-5.3379056200735,-5.6248462748106745,-5.796887200147772,-5.947501769495441
-3.28980584050153,-3.1141150268442064,-3.7372154742317574,-4.033261318866371,-3.199410259093764,-3.20431543720551,-10.594823572779863,-2.082070771062265,1.2043203903028952,-7.934964123938768,-5.426873288253454,-1.568291856357164,0.8530820822820073,-0.5026383007283045,0.6012387895969284,-1.3368304819548713,-1.5368028041171695,-0.3529095502630323,-1.676385052940906,-0.3322034628245791,-2.585286898098685,-3.5285174218641173,-2.1222264367868173,-2.275418910493122,-1.8009921048461681,-1.5464645374338337,-2.065330782440183,-1.4085381964230805,-1.295786994982117,-5.3804858964753945,-5.512080522734735,-5.417044899941775,-5.129666906325827,-4.341510288257839
-1.5194761628063531,-3.50526589840485,-3.3566728296090855,-5.623058454633811,-1.7987066466307478,0.4205431190854926,-5.083705149871505,0.15562510463178986,-9.375859064973145,-4.6100769081257695,0.6991475022803042,-3.235497091951083,0.1481860502411664,-1.5589393895812254,-1.173516129549201,-1.923055547345697,-5.110773405592712,-0.708856438143852,-2.4374560132444842,-2.6362629264784427,-3.0060652854658776,-2.0974251368001795,-2.101623071296649,-2.5525024480797454,-1.4529291165307336,-1.1282858746954674,-1.3794768393463832,-1.1389805478380342,-0.7008002104169617,-4.485521055156561,-4.686462514682554,-4.504978387438849,-3.7239030651415272,-3.2151059106249913
-3.4831422705588704,-1.3924038563386305,0.14620623395373522,-4.2802918059042945,-3.306076127547225,-0.9116867716873043,-7.93385818692336,-4.528456263215554,-11.569594218187616,-4.772312063030855,-4.963481760461187,-0.5470035517178611,-1.5085340912332885,-2.2872559410084756,0.778795548090967,-2.1379946446053344,-1.3297070465446625,-1.0251751413649832,-1.9619016273254473,-2.057585933299161,-1.9734126285321696,-3.1434867314458605,-2.320650535750581,-2.1698233955216595,-1.4559432213193133,-2.35719369586115,-2.1247780699237975,-1.866125199327903,-1.6758771959638301,-1.462786022198907,-3.5313047495198107,-5.312669411333759,-5.531729382927463,-5.512448525631972
-7.551906902194228,-5.534116250150232,-3.0801802136951677,-3.0556268550253214,-0.9868654435121077,-1.3001531249048188,1.4507623072724796,-6.699273904356575,-10.579402215091788,-5.936460914896439,-4.173316632493811,-4.232003451946526,-0.14419195416353364,-2.7474538536592146,-2.119357326780251,-2.2344477721993754,-2.7588234853382088,-1.972286155134337,-2.2165749211687005,-2.0765209061834433,-2.3032843004117485,-2.4407851397942277,-2.673149613369026,-2.027601807032018,-2.219154108350216,-2.0162828260384664,-2.5551255442404335,-1.905801590510132,-2.0358052169957856,-1.494352625804804,-1.531992439842796,-2.407987586011039,-7.800473406366674,-3.070222202278551
-9.09699769926041,-7.278926724715644,-7.550943528952597,-4.444117346390092,-1.6812696928500563,-2.512249572060952,0.1555432126002196,-0.49771789001602607,-8.567097106334462,-4.71783418023375,-7.072288517643387,-4.46293687516661,-2.9447324591558566,-0.4296787669587473,-1.3362326433846847,-2.815991933156591,-3.233505458196008,-2.402648179566885,-2.887738763608785,-3.2779082876862127,-1.9541793933223677,-2.079349045198415,-2.9975542804896214,-2.5226027402157656,-2.1765448229222564,-2.17674732107945,-2.0359136241841975,-1.9222454383050007,-1.3741465143092297,-1.9021830447251558,-1.7078393104409142,-1.2130103289858325,-6.370728639782648,-6.611046438102413
-10.598279606275796,-9.65798955242178,-8.954103394312895,-8.291022059776049,-5.1336933617322265,-6.4345383036685195,-4.219812300649963,2.5694893446263807,-14.071048096592008,-2.200142807108231,0.6858637564995727,-4.221577081908962,0.7831587372626156,-0.732147316503108,-2.878951858310018,-2.7797305331945408,-2.9318320046639297,-2.9238886980116843,-2.6127552870021646,-3.1730955883924277,-2.4422530023040183,-2.8488730545732364,-2.4383846962694236,-2.436099792788694,-2.6081944380593716,-2.491204748060909,-2.3411981636457972,-2.689077110904151,-2.993631830903141,-3.198643349367291,-1.8220498951252342,-1.56434299652415,-2.294717115925249,-6.383695757072942
-11.453377738320173,-10.529647144667553,-10.648812748629945,-11.24260353562268,-9.390066462679037,-0.9462957717088158,-4.8214152477006165,-9.45453860089832,-12.497481431740052,-17.78744962457947,-1.1042831027688094,-4.3929676544240985,-0.33159043768475605,-2.269482429626215,-2.5539405253768592,-5.4070679356320674,-2.8790959506950755,-3.482305688731889,-3.504119828408163,-3.725904961627758,-3.3156438091194698,-2.764647724093553,-2.631903184132308,-2.964068750411906,-2.7488020955888612,-3.342554128955621,-3.9579697161341114,-5.276863325418123,-3.127940298165784,-3.1072090950908815,-2.105167238905605,-3.6275506608830246,-6.9901652622645285,-6.712806997478437
-14.146543648139703,-11.46558258036124,-10.3248786748359,-9.132513424989382,-7.579857338465824,-8.71165307940664,-2.9726837238359347,-22.742228784634964,-16.277979999565815,-5.368669517432285,-0.8619670157401962,-0.2713736335267231,-1.4848887159300252,-2.7352225452280905,-2.9987095732874045,-5.9786896063923844,-3.447451384521603,-3.998240862362763,-3.721983347705305,-3.5361554254525123,-3.33913224793479,-5.558773365344753,-4.547392703470112,-3.1949046633898837,-4.721459797849984,-3.0341574418135964,-5.403908257990288,-3.0622504616152604,-2.4364814646549307,-3.167473518779144,-2.9953449840743978,-2.4038732022264027,-6.92800135325636,-7.417868819251729
