script/wind10m.json
{"header": {"parameterCategory": 2, "parameterNumber": 3, "lo1": 6.000198445256149, "la1": 58.999992894266676, "dx": 0.5, "dy": 0.25, "nx": 22, "ny": 24, "refTime": "2024-01-20T20:00:00.000Z"}, "data":
[rows 0 to 23 of 24, columns 0 to 21 of 22]
4.591766985578991,10.230506803743554,2.7062944656154926,-0.6320319629798045,-0.8203191898144054,-1.570895790813433,-2.1938293404036258,-3.24996429835373,-4.808929823952591,2.347105761840894,2.0146868311967934,1.7264591674099306,0.9008542618564286,-0.43019618832204,-2.2574262744859332,3.9112070389065376,1.3066411203576103,1.5099493275782925,1.8187484390672362,2.169203630625043,0.5634759505824369,0.5905499537584178
4.295664897238768,0.8607858220911953,1.7851514402895339,-0.7441849661797504,-1.4617223692817716,-0.10208900279326504,-2.7983534916418398,-10.525785029483565,9.010261068696064,8.255692055570316,7.633135242804184,1.1718898748707782,0.7941030171754774,-0.9231264017952886,0.37577970719837345,1.6429479249593812,2.2318099789869614,3.4699506607303374,2.2132776675921204,0.12562202168273498,1.3189698071133358,0.7330738675386921
1.5696341894408692,1.4140710471508493,-0.14686468162991856,-1.5100326400083928,-1.1993020274850774,-1.424911734742846,-5.283967409237983,-4.536205394576455,9.753777565706041,10.961139964616702,11.859779971574582,1.7487912058454822,0.9308207944790617,-1.3864169092775838,2.6333042048974686,3.96938459764892,2.549187628839979,1.30735114371335,1.4272254405188118,-0.3772037734874265,0.8161293679850793,0.416013433235355
5.526441974206487,-1.511704785221559,0.5287076475388678,-1.293798211680335,-2.2009114715221547,-4.027854573881461,-7.291116140224487,7.534752448198937,9.788517951261335,11.03809691417819,12.255086455336803,5.795480937139611,2.3091902241936713,1.55339792915872,3.6449505933638755,5.39172823306462,0.5637613650691804,4.313563987999518,2.1581556592598745,1.421004773455297,1.269345625130176,0.6109504024208072
7.444295089882609,2.3857797406578998,-0.5649788885405108,-2.656441382239221,-4.195649543967287,-5.086563362317672,7.144250129083977,9.461236145934523,10.719293232088969,10.577991508069779,11.812803436325874,12.275347084866759,4.2838988069086,4.070213793844196,4.649044911392492,4.024880137871432,3.015590801121036,3.0911262153454313,2.942056563609358,1.6883849908683723,1.5089596347285998,0.17559220332870154
8.01193022848907,7.307397691306443,7.268425920517257,4.820615334886135,5.7811366905608095,6.78075967213105,8.101128759522688,11.06682770015035,10.706812111995971,6.986716214596574,11.555430790171465,12.154378903818902,5.586608923432675,4.117715579389768,3.68779592353264,3.9446441283983344,2.8930229691043685,2.3788244755527845,2.3994923953469836,0.6681251794893602,1.2770739087373175,0.7949738496970871
8.322534746530732,7.860657897070089,7.811537412752064,7.465430829947684,7.115518653185583,8.473703031406716,9.372875095408752,10.874180898305852,6.859965941260215,6.342665415886428,10.332263222390468,11.165838020064466,5.277525188499814,3.774843086377449,3.2633072030669483,2.9772494210752973,2.1995364483513837,2.6583558154628655,1.6633694994991044,0.38924436946143187,1.1443521073422518,0.6884989076321351
8.874885575913693,8.511864968828139,8.143020837008438,8.113801914005043,7.974992180829181,8.688937842334942,8.43083118495726,8.15797312765116,6.2568735090491225,5.475699010210792,7.555358872846009,9.844349048218833,10.515834831653759,3.9911065479184162,2.593026077158123,1.5317955468741185,2.146279694749099,2.1657001189851135,1.918042732401292,2.0483105095823633,1.1723389310203487,1.7550940540022222
8.993464107109965,8.70291936682291,8.23307470093738,8.081922646599049,8.50900418486278,4.149150022238542,7.69943653089851,6.197895840603589,5.373842154544572,8.758953301132433,9.180299137303376,9.141340312488412,9.110110851055085,5.672482173959668,3.1351434879111983,2.363663671553309,2.4475871030397323,1.3858560913640299,1.8073639559571968,1.3805555170109438,1.2182324647287441,1.1616548342433166
8.856220297079778,8.354945555136768,8.205009284703669,8.003470595955125,8.372885346644624,6.428834507018111,5.895102816334985,5.467830699057224,4.57117977045699,7.561007632217576,7.910419147712202,8.525236480227328,8.517026095890689,9.77434722803956,2.932864894323913,2.7656170957148953,2.229760398192943,1.5287960188913485,1.0019242135275002,1.1189872673582406,0.4065456273453669,1.6832879056237693
9.21702112674806,8.496199527154186,8.374249311254355,8.342107423835756,8.607538295092828,6.036045312600836,5.74631236316092,5.914706884311601,4.574823041844722,5.802615796745463,6.455239446253363,8.267608467673305,8.690808312109807,8.306337465550394,4.563669282495192,1.9328753021275404,2.410332842406729,2.0790932275883796,1.7923186761620482,1.2224166546659596,0.6001660845791593,1.1794330877413317
8.970838147232865,8.34521695628322,8.419425822282625,8.671797095318569,8.789624886709278,4.922482854394526,6.599342358507532,4.815746609326228,3.9906860562432755,5.65353897669757,8.849031636304536,8.01945360569764,7.530108761880995,6.9771937391981345,3.8249139093594757,2.8208170156813996,2.192422453957235,1.8240021387544147,0.7267412188568444,0.917852259061876,1.448525114987962,2.363173808377005
8.955370807654235,8.688107576307624,9.091394396819439,8.802798840907958,8.712980059547949,5.61324487973703,4.358058227483882,4.92123558541576,4.968726028813554,7.95074756028583,7.829956216258581,7.712087741997583,3.8469008458162506,2.58262500591062,3.9658245297246597,2.422350258392726,2.0562134704687938,5.702121876973752,3.885723431242291,5.896825885068292,4.831835916631081,3.3991034638002326
9.102311307717843,9.095702590579103,9.37905473923925,8.81033823171565,8.167163611686291,5.712366018282062,4.817599494457449,4.543843932446844,5.232531579414663,7.598453945971086,7.0068639637534185,4.938648839773506,4.255826612572624,3.4693327670789413,4.912838195000112,1.6566467631855066,1.5186369243669329,4.970454639000467,4.8645100379647115,4.146269745228505,4.455174921557677,2.365108920765321
10.231454297749874,9.86940761449331,9.62714659702781,9.018844616034567,8.349271471656287,5.932343718647532,6.399489783313308,5.968730862165607,5.555334675531641,6.105265440298219,6.170959312164461,4.6595234055419485,3.612056667412636,4.831343965819847,4.246234019199975,2.015464149832445,1.803400908942005,3.5767796329707755,3.6419510045153656,2.8766084606816116,4.676752456774443,2.6160948612826376
9.846813679334453,9.567553570261545,9.791616192659887,9.76598223934625,9.539774987779507,9.898341957254704,7.387957524510369,6.06573169894388,5.345348382987467,5.266349365364956,6.331863398366429,4.116819906676819,3.8544486635294066,4.291120112910982,4.535405209636968,4.0530372146976354,2.942805001144763,2.6255491418181793,2.45204303206251,2.4429712647477073,4.288056377642779,3.134865533222428
10.583926767657369,10.362428671338257,10.465820696456014,10.728339693024758,10.912203227401486,10.245185926787416,7.125702375903352,6.562971334239201,6.196817371291102,5.734661851582642,6.380889182920385,5.766669017770437,3.4126472770420406,3.1983063663071185,4.488419126510829,4.072852002298386,2.8781250986478115,0.6583072175076035,0.5768885218896018,1.385134065643065,1.277125873482837,2.91589179597754
10.874613460823122,10.291945243231813,10.890961289513264,11.127823204559188,10.833039509992801,8.345614945066613,6.394920371049923,6.702355466809561,6.56312949181913,7.618287438636626,6.689824886221842,4.585156624257331,2.930375477770762,4.062540259364254,4.522190501077844,3.85493854620687,2.157277328417994,1.3766956075625263,-1.0463732525587075,0.38271679200175723,1.0252528612162222,2.640434620883463
10.688243838460055,11.72263422800408,11.437938892616932,10.963263469807274,10.437548476406702,9.658998985533715,7.59530113085163,5.653698051259782,6.889950615520158,6.823616496860069,6.967372641871196,5.373491674788747,4.6260419389423815,4.678672132853564,3.909383078245681,2.1618184601696813,1.8531837178534176,1.6212114589251234,-0.5611510529975191,-2.4349114649064805,0.49713054193279116,0.4942338153191713
12.142107948236594,12.18060452426546,11.364451263283184,10.81742395537369,10.343080493946418,9.8555351567038,6.78132047149652,5.89340929923051,5.274821524123507,4.690929484135991,4.207949878872875,6.501600060677155,5.546006470251667,2.1164371033347398,2.560189332736716,4.079088112368569,3.177784537534349,2.6513383503259713,0.9899833793526962,-0.5607683323278615,-0.42446768787992883,1.1039764967254082
12.468415244927725,11.969495627928303,11.511548447923001,11.002099117537128,10.401167049122542,10.66568847092905,6.56049384287979,5.819037326444872,5.001584953315918,4.583153152270019,4.950907257312551,4.070080989328738,2.7818281990154823,2.359010043208028,2.129097663620945,1.9785444459178612,1.913053523077009,2.5830179392166217,1.0792544781739968,-0.38717461697759836,-0.17838966496387473,0.902318298022423
12.075261037807971,11.349952309306381,10.496976027941136,8.401120720635799,8.896320295499981,8.67078996284808,5.326325410064016,6.042695145688324,4.248842196861807,3.9154698911227226,3.6838962503095196,3.5197954372216533,2.5928956411335706,2.2953532903401213,2.1791635683493507,2.201338418052444,2.015042959365456,1.665402774987834,0.6006866955048118,-0.21647892241939043,0.7336766722601895,0.3281962931507107
10.849353898008996,10.182168484768656,9.407129451453548,5.453356333103349,5.607821102845941,5.899766576711951,4.366481133730394,5.204546528740771,3.0888861953692732,2.526299433550697,2.470830446335151,2.6458623237875867,2.969679432784756,1.8760599516465095,2.318263185040213,2.4021695917469517,2.0436861067913,0.7823559042695172,0.7399787198312968,0.756468392842743,0.3283751093565719,0.4486432122524576
6.578784349445817,6.312187786531062,5.8322712404348644,5.6571202591286065,4.792191005101142,5.176529127747786,4.867987320283224,4.302171578723495,3.6274788325330056,2.9787595516377112,1.2173786826309998,1.7822810326688345,2.157642678609861,1.9038458727376708,2.239989177866486,2.0502212834514952,2.7992594531467883,2.0843755649803426,1.6742267781852183,0.9248302590623283,0.17518515678769248,0.4297992014982462
