script/wind10m.json
{"header": {"parameterCategory": 2, "parameterNumber": 3, "lo1": 3.000054539987559, "la1": 64.9999836372058, "dx": 0.5, "dy": 0.25, "nx": 34, "ny": 52, "refTime": "2025-10-02T07:00:00.000Z"}, "data":
[rows 24 to 47 of 52, columns 0 to 33 of 34]
13.872041432373331,14.895899494150642,16.948465459607938,17.489205006362173,16.460681968305583,12.062588148730155,4.210213568300492,12.526431686317471,6.643245803234561,0.4164902638820372,2.8879280452022758,-0.015382408352891858,0.0372030599431429,1.2932825764980111,3.7912442852626946,8.151799376443076,6.590182456073164,1.8363579145162778,1.2826491448378858,1.068857207081669,4.623547768898361,5.0728465459562235,1.2858921618780674,1.234848762295843,1.3915420190214758,1.4105520223308174,0.8383751662131803,0.8500937871177279,0.7276373661385012,-1.176847152073209,-1.2238885325703215,0.7281476333409925,0.1496868054937728,0.2043028315804877
14.084998151460072,14.635118402929555,16.39235572120544,16.528283446879556,15.314720574681573,11.32302652913475,6.823900221980633,4.818846457472636,3.6827607235433906,2.163617377094176,2.0441615045763752,-0.4041493469396308,1.3407527007955748,7.670397919798301,8.674170263110868,7.872479561554551,6.5087687004007195,0.6128663389530544,1.1755468571764405,1.5301362619076666,4.748912707594394,3.8119678377770074,1.0634093708169823,1.1667810743641076,1.1249533997517385,0.4471167303119111,1.0618779025361316,-0.07917970184605166,-0.33192694253303645,0.6338223617966571,1.0755652006437686,0.8581442989813475,-0.25325807162277975,-1.385579153472498
13.774826383881658,14.60849738399446,15.791747936087415,16.081086491989822,13.81623309516168,12.7935627644127,4.155970941276702,3.03332544667641,0.9482063064995908,1.5295249450297141,1.2558404700932948,1.2079828707063016,8.001823509923947,7.583318901472226,8.96415449467437,7.817299705073415,6.774578930092115,0.4083563861867015,0.962730718816085,3.034985191075977,2.566775842431748,2.062500169158986,1.655734225226319,2.821253165577082,1.4314605098601205,0.22248370337181061,0.8977210905929217,0.3497466832584434,-1.1148488229648728,1.8272431785435843,1.352378024439075,0.450607285342111,-0.8689413048366261,-2.2189385060656353
13.301519506376094,14.617933451812542,15.414406187543465,15.211520783111027,13.879490558793515,11.806751776571573,9.965812235719483,3.2873986148516705,2.156113048112593,1.6645070154353507,1.6726889728984229,7.728811360278694,8.368377984175776,8.492768556843359,7.990112186882889,7.730202031423808,5.232604998486957,1.7151115483155277,1.5660645960989656,1.4703114436817222,2.7229213926217297,1.071640125877554,0.6904734979099881,4.213377255542378,0.8408745187191154,0.28654992773269977,0.8102068483692774,-0.7569045836267678,-1.8257302533530135,1.3488101059783602,0.8835815998310108,0.03746626933042221,-1.320450768576799,-2.394643089929259
12.425400932853307,14.666297410035954,15.097041441473605,14.294142774219624,14.052100661052274,11.630694593496177,10.229531564953295,9.23839654478141,5.914467684056941,4.339639946708804,8.565343463161637,8.576755256996748,8.688617680968525,9.14262087802716,7.968759822209859,7.416198437915508,4.2618762996705115,2.198735226424306,1.3031039619780755,1.3865417293761273,1.6156166776910086,1.3771792138365395,0.8562206723447973,0.01834602236904498,0.8439029652005321,-0.21213243020813072,0.007920838382745493,-0.9803374410782231,-3.6183983475807815,1.123601669368733,0.3714836353844466,-1.1178114344319856,-1.2602179767588106,-2.6434610537716137
12.423794306993976,15.322787349205635,14.814908195388803,14.154843824463553,13.913168334185103,11.76874810412065,10.321498678518164,9.01247423676124,9.371678583605556,8.951452181415021,9.195895926653229,9.509567175427836,9.05268563535498,8.913474909630857,8.095908174349189,4.3190721184396175,3.5860038999165327,4.389531412084136,1.0736963581622443,0.6699742606044438,1.5182745751627917,1.2278090968457944,0.479273097843363,0.6594190740301858,1.4576517620270513,0.33656100636584346,-0.6897872106330974,-0.9201484134098931,-4.056707512122498,0.943607142927936,0.4248317009343449,-1.3984323861564443,-2.0645008030260388,-3.8031521263158425
11.459027251075945,14.342898547664031,14.412741641763285,13.419093249146993,13.286358852035104,11.45882926697784,10.156007099224322,8.830782450369494,8.794311354738985,9.773485298583365,10.118371609698908,9.583988945713447,8.94966160181122,8.487260463267559,2.6534065102759596,3.648071622894287,5.184266643802302,5.215834645486349,0.10373981957361765,0.004555571600190249,0.2681032680481627,0.587373343938675,0.08438277398668087,0.7930176298781672,-0.738922116497051,-0.7718499096298831,-0.46584691860215954,-1.0731448051823669,-0.8045953212159536,0.5361828357427063,-0.3889359159489839,-1.3746374642216739,-2.974057959213602,-3.517902449281892
10.723420405527323,13.216389247943624,14.276891595234696,13.19437384606041,12.590746349855854,11.757418075154458,9.914481599451996,9.576994589391825,9.819396463493977,10.777347715179635,10.501861894577825,8.745325158510601,7.451144660887567,3.9201832743487444,2.2377587909813363,-0.14821483195335508,1.7431995762543675,4.958330124151614,4.125355691807321,1.4258506882584994,-0.3837888871533814,-0.4666397643311284,-0.3219823303256689,0.31607984385728527,-0.18256292331677382,-0.20819760074067076,-1.4627288113570251,-1.194727727497002,-1.1353660194477229,-0.16031828125016997,-1.3352476698102833,-1.4123120551408275,-3.340003273321181,-3.3605594910019656
10.927811093593881,12.842072490130194,14.094082597408255,12.717736600987918,12.269705938151914,11.093858698873246,9.752153857637662,10.170450236119962,10.37528754098232,11.27691577332366,10.791400073021512,2.7151793677177274,7.492390162461374,3.876128751005731,2.3846138389818425,5.304879144467359,4.858112348220099,4.967813910023637,4.292644213660961,0.396806241668706,0.04551014264655865,0.5203822663752066,0.041620694788114955,-0.6768497334303086,-0.9394618407298377,-1.4100065337950567,-0.7898119757732142,-3.0932970576615597,-0.5305463184676894,-0.8839093228513943,-2.744754370039244,-2.6547850824809744,-3.9011456663117925,-3.065205102768717
10.312273138499371,12.652644012497479,13.517417273576783,12.184616233035824,12.153549990633758,10.777669279566886,10.028913468012945,10.459480746904026,10.53339251667318,11.389931032983041,9.752592630196718,5.81321640184838,3.2335321250443747,2.2791559770320897,2.5762414860774614,4.4711329922135015,3.6245472650445465,3.329892525258408,3.9382463526911753,3.453901742485341,0.552495803828948,0.4992584268430633,-0.042728239358083654,-0.4513993757110425,-1.121925085411751,-1.5300995760339453,-1.3228162642629908,-3.5346466589576604,-3.760159589529988,-1.6794722095678352,-1.7735792949006748,-3.3435906153088086,-3.7906849765956028,-3.8327138418436886
9.878253473144001,11.974804092722419,13.208151556456663,11.50550085394488,12.148458094360535,10.918428092012848,10.498903107367106,10.65833670985852,10.7835974087508,11.23709014664212,8.494977210827818,3.5343882193081995,2.6404957137091416,2.293897121804223,1.2410979991322686,2.6862592819553175,5.679149692913659,4.250747013512485,3.5622706217836897,5.327399065949559,0.31172259231728244,0.04459409841896086,-0.32039566358255134,-0.8341649565289995,-1.041256635859449,-1.4192085355064321,-1.524037307414191,-2.918253207623858,-2.1359980304943615,-0.4826491429316042,-1.8958116673778285,-3.599807195298033,-4.2345913484673545,-4.451738022293603
9.489664477972788,11.479147618671943,12.81443751394349,11.423296474977265,11.878501390987982,11.168570304276413,10.745069924489085,11.082684243302612,10.800713961464092,10.60341850679609,7.491342920980785,2.8793888489553536,2.7042942031589345,1.734154753920294,1.6900317716615634,2.702355389896288,5.581170063551556,3.4595471741636166,3.3761472314715597,0.4382610077755911,-0.018024404805159926,-0.22777652360737038,-0.6052698093627819,-0.28228468404787893,-1.42456798986695,-1.4453737295523714,-1.9106864566469746,-4.749839676965836,-4.69635266472694,-1.158458835992329,-2.2693747028223528,-3.0833942598035047,-4.248805896085432,-3.915724553051187
9.590537334951053,11.680726235396143,12.386189171547317,11.9275821388408,11.576959839091483,11.06582569880734,10.761809736142355,10.92257464411807,10.365167097999894,10.117192290188582,8.261961158900144,1.843463315841757,1.8817325613136446,1.5766940474920719,1.6500998612471527,4.148794729812175,4.9520806637779256,3.3457231053389704,0.5058793512198271,0.5655655790006754,0.11185751966690284,-0.404435967436349,-0.9227474111651678,-3.028923660529697,-3.6563614790519434,-4.172196461781125,-6.946955776129899,-3.117623424822448,-2.1142357863232575,-1.8427987929416723,-2.747996562912609,-3.316899759970941,-4.178609291624255,-4.299628402530003
9.596260306887382,11.521003982081472,12.26290870999259,11.550023021453564,11.20529482636872,10.72628698069177,10.631725602829333,10.51799152825807,10.454949033537984,10.384218299588735,6.46198875615934,2.1051445257787704,1.7790084723507642,0.7804395425445758,3.4314290641021397,4.560472430053012,2.9863824429204042,1.283139381319376,-0.603145132141189,0.27333234850857385,-1.2981879830065675,-0.9914299207254691,-1.2417896045399086,-2.832175627692248,-2.461836258429391,-4.183437681084635,-3.127988644704184,-3.1072993769511528,-2.069313090626321,-2.1988117115637875,-2.821290814003891,-3.3896590810604157,-4.778962865990468,-4.760323624118714
9.340821658319754,11.020935907434009,12.011098117162893,11.015342848954518,10.712431131146541,10.373525007765487,10.45573381550543,10.235976326391954,10.036322893973521,9.88178796712507,8.824959414546283,1.4837947351738159,1.7290143061356733,2.045227127432794,1.368049829670516,2.934791225086856,3.2536377804433845,0.5436557405546464,-1.248324110688449,-0.27942093439782856,-1.188322970650109,-1.4088577872292156,-2.2745315723930815,-2.1680876019771347,-1.3637290218130813,-2.2266560052760536,-2.7316304084569563,-2.546698742630382,-1.5427306623994186,-2.453634245236057,-3.26278761656981,-3.71319102915392,-4.553428788466572,-5.127155153228098
9.836239561666495,10.932984167848835,11.625440793836088,10.436601752139548,10.687897422572886,10.130826373600511,10.15229142012316,10.51980104951525,10.195966661293557,9.656262037054642,8.520082478711114,4.408807338248233,0.4654311011802551,0.5341706549538481,0.38755552309946645,1.9534416099681091,3.4121858495202795,-0.9773079470460028,-0.8344093487825314,-1.8141808935144919,-0.9933605429548118,-2.388209732300592,-1.760469144841629,-1.2001952803324658,-1.5624300413986116,-2.2465206043301706,-2.5082751774569108,-2.8231849451690296,-1.5826512177004937,-2.5693945353274126,-3.469283687806543,-3.8044972568930246,-4.551395901442894,-3.945251146981427
9.500936663079509,10.806870630362736,11.16278040637111,10.344752517741316,9.923583039491309,9.643522868834227,9.878203160069436,10.27743475957025,10.048458491919526,9.355645261345655,8.305372199347845,5.060641551809157,1.691599149378539,2.4756939246820933,4.0705785603989595,2.366728134950121,3.724561471542573,2.5779669216163787,-0.7715029489338221,-0.49347718654172407,-1.9735096918327752,-1.0393996124407379,-1.5082738328172611,-1.9765785189736302,-2.176482981390977,-2.2825632523067476,-2.712131026352587,2.0462324455245655,-0.019651909165136754,-0.6340837227940028,-3.0538267719355927,-3.2317704627860646,-3.903221312659019,-3.625605818707609
8.619753638959201,9.765789207356658,10.44670540323722,9.898186727005701,9.130427027619614,9.355226023706381,9.73510901394428,9.85535360977982,9.7781385216703,8.925671703764516,8.19227774042031,3.1531647156724696,1.52383433832349,2.3335724409537595,3.9891583005326643,4.200225960465129,2.655936817289084,0.6713679290134934,-0.8530637783793051,1.186558862918957,-2.1088736331544164,-1.1123454834006161,-0.6440042451470701,-2.8545167100371525,-3.2447405917204204,-2.657143076542605,-3.154178337870493,-3.7954457065429184,1.3931088768312192,0.574872126613133,0.979764215220784,-1.085416067910807,-2.1594796783945527,-0.6282617327990709
7.688513940582592,9.937166731822273,9.335204319765419,8.963350941944858,8.464423259235009,8.938318821537216,9.34345250093757,9.599499301712033,9.630107106709628,8.778629369684054,7.668238482685175,5.797954532299331,2.0716311322472603,2.1164138919765683,4.0612188563905045,3.609880385489277,0.6152395618459181,2.4188672238329496,1.963357528346717,1.7883527155300858,-0.2903076013121322,-0.47450678837831634,-2.169414461912067,-3.9956735009966318,-3.2807582746482726,-1.2650319052312151,-2.7480589734323977,1.5000879365672213,0.39481136660856014,0.2887342124270582,-0.3303506129279127,-0.569132143182496,-1.9722170459462627,-0.9725024661008935
8.757800042850487,9.852359560735326,8.96136631243647,8.00000486241837,7.587577229476155,7.847369618107966,8.490099151322376,9.128111108066769,9.088438927820077,8.663638122750415,7.440971699966687,5.864209495405184,2.1514781797763938,0.7878078907615336,1.6431781400801349,1.5230011513339747,-0.2889116430161807,2.6888190975831194,1.5583288919249316,0.3990008270118876,-0.9484722533119482,-2.187865912172722,-3.0202860920210224,-2.908083588473836,-2.028248934459153,1.8696579397335436,1.7517542141445788,1.812256237974537,-0.026391502611713184,0.20056322029935292,-0.050103313312110716,0.034787959573880256,0.15094620986665747,-0.7334160118646097
8.270345845735037,9.716655498379707,8.604239792809928,7.481302326354514,7.100196548465151,6.842039598479999,7.7233763399020825,8.300102291077055,8.421172414934615,8.170315118077779,6.845666517604031,6.913185710267347,1.6617845118268681,0.9511649597004909,1.156193203828353,1.66487971585771,2.831303091465797,1.953876347706966,0.03943015327074502,0.30105828338932017,0.4675195915952303,-0.7623522390746504,-1.040319786727217,0.867750721480934,1.0100157571196742,1.5298577715210273,0.06493398661681694,0.45718469698484077,-0.06692556891084041,-0.5040441713317135,-0.6274979045476407,-0.9015518589411753,-0.16731668489097196,0.12984434832601977
8.147049565531718,9.202610634936624,8.052162714582934,7.3439764809371395,6.537180560019344,6.414596534596116,6.968710397290773,7.735620556179985,7.323947172119226,5.316959843914176,6.207934459257256,2.4298215493286723,1.928330091379007,1.1372037875271006,0.26723558051262575,1.869101268245107,2.02076596532585,0.1896589630445701,0.029559643211949163,0.5268529617603327,0.058582825668615224,-0.7894152205588459,-0.40345908199790853,-0.6398852973589949,0.40524309985587875,0.28108561507049035,0.34525301216219556,-0.28240913835345904,0.14321475351036045,-0.5251540000630586,-0.9078746640739467,-0.7544987815807648,-1.0504971933839367,-1.068384239805289
8.14082060363965,8.71406304805972,7.575857025018286,6.703245487414672,6.16665994250477,5.714337450630825,6.294407371895723,6.004612690723081,3.965849781340783,1.9261878567653374,3.3852533116548167,1.6287083436889782,1.3057353369972453,-0.07256430560438522,1.3867633574503204,0.49867859343325954,-0.07046901304964553,-0.7591357568679156,-1.2312142918737876,-0.5759506254447287,0.1561763635813679,0.4048309889708281,-0.07818303991903322,0.9158135339525355,0.11253198037640376,0.3638617537488896,-0.6266517082282425,-0.9171209169426493,-0.5832626989835504,-1.5379045727754772,-1.4766879592560291,-1.1895645892686038,-1.38179618030294,-1.2165597085200524
7.964723905892939,8.182840808420513,7.260424862215523,6.29673615306912,5.3436715204180825,3.660703660667982,2.10008525209168,2.143582427814476,2.5151553607536865,1.1504590258373713,1.1663321358775547,1.7638767602762409,1.5999361731337842,1.211379732362381,1.6235006734090907,1.3128974772143756,0.5533375442681924,-0.04227924358677253,-0.20261512854246913,-0.2519615599030334,-0.8628611079613937,-1.1749811399917336,-1.23585927981435,0.2363429158937847,0.10801464798946837,-0.04980662461463516,-0.7671112039482257,-0.1652104004040232,-0.9499542096686673,-1.9664857733164272,-0.8699878868870673,-2.0940740220099587,-1.4989166950204766,-1.015312118701918
