script/wind100m.json
[{"header": {"parameterCategory": 2, "parameterNumber": 2, "lo1": 6.000198445256149, "la1": 58.999992894266676, "dx": 0.5, "dy": 0.25, "nx": 22, "ny": 24, "refTime": "2024-03-15T02:00:00.000Z"}, "data": [-0.5221268861798308, 4.2550523609474125, 4.547645800640304, 7.486551490618395, 7.859850423119142, 3.3651482581144196, 5.937928663771181, 1.9250852460959733, 0.5871631115148278, 2.719478561477889, 4.4049393858101045, 6.177194614930374, 5.353331534637105, 8.223518518437235, 5.320993498975222, 4.131095336063575, 4.214979608103159, 10.318821828701022, 0.26106703369678097, 1.6736122122589103, 2.1714701205137743, 1.2623678310226214, -4.409765393140399, 3.5327363797409848, 3.558314710358, 2.0134694555680253, 3.93139362888365, 6.989102787891593, 8.409106238100776, 2.1686803914151667, 6.750179756640143, 4.827901373092287, 2.6038591192272436, 5.7655907295755195, 2.499911167726187, 3.6447878689883004, 6.469313219015782, 6.475782171349758, 2.2792601558254404, 0.4353558573822875, 2.747965322304422, 4.580796041610064, 1.6682467734276174, 2.843333602852534, 4.354955490551501, 3.438195942799779, 6.152849682309189, 0.5319828339333768, -1.2981054782714847, -3.1257313880778845, -0.7927666459617041, 3.747977749968745, 0.747080069461821, 1.0966286267214234, 1.8424764008881704, 3.3213234032052243, 3.5442476963497827, 2.4464121248479507, 0.14016897601165806, 5.026456824241881, 3.229991956819484, 3.5160639983438595, 5.8208955987026885, 8.697912872462236, 4.494630339723315, 8.188410836520188, 3.0300801853902732, 6.348468339707942, 5.555513875184047, 1.2759965228278074, 3.6156094800837337, 3.422671617501296, 3.9009672969338927, 3.5257634260862143, 5.951405020375877, 1.732307819018687, 0.7236593949206956, 3.5876828664354723, 8.722325378305394, 5.513651337190442, 0.6423792695120264, 5.134752602878445, 3.1340094100606493, 4.384712779780307, 2.466536837203884, 0.2674559334483078, -0.285908801673356, 5.186669567153284, 3.3796562595316963, -4.564529237769184, 3.812331266656374, -0.47372735780337294, 6.1429193475589505, 6.338598012798317, 9.691551258921956, 0.7766294414731663, 2.7048761610920775, 2.920882388254759, 2.3317979724073785, 8.711415074345437, 5.408198895586982, -3.298431022996701, 8.370885711487817, 6.2745989536062154, 1.5704271473646048, 3.525562490814136, 0.7963856457731798, 4.25590441408759, 7.041881297235561, 3.69983884138818, 4.689090457747433, 2.9916647270714036, 7.277635431820491, 2.8870566140891296, 4.856087271426638, 4.855823863995304, 0.2931419105536268, 3.324559030058656, 5.900979701862176, 5.358527473975313, 3.2760679981182363, 3.8521257692282136, 4.02805485149281, 2.3545511548079383, 6.968335752892867, 4.88708082637441, 2.051260211044807, 10.925378648322127, -3.615977118398112, 3.6762526486374005, 3.3233081509006532, 1.1554868255823112, 0.9783934932141688, 6.239955055420512, 2.910559415478374, 5.654513995981869, 3.139117975120074, 0.1631918713563232, 2.8520821788522337, 4.287016582602146, 0.30901165135525843, 2.0455577703617185, -2.5760456511855145, -0.30032697867199, -0.10193336482977987, 1.9309319636886875, 5.927775795829646, 4.698750569812507, 4.602851962707316, 1.3097432747925466, 6.467686060066177, 5.1971020873202205, -0.009009594680810324, 1.9557549909474743, 7.055089446472444, 1.6394940660452642, 4.51549373213608, 3.219967517187784, 4.547987145235939, 5.709083366047034, 8.601867802900836, 1.2944252498275945, 6.342055391952889, 3.488814567244144, 3.062783560988332, 2.7176504751320465, 4.612592457874918, 10.310016086324707, 7.09592521222639, 2.992886178482469, 2.929383021449782, 1.479378788383053, 7.972422276815851, 2.287451127446072, 7.872998273072289, 0.06862337307819895, 5.376585263989573, -0.7769490175710332, 8.282615111117657, 6.26643381447499, 1.963971244801765, 5.384689603172546, 1.1732095073700346, 3.4533219575256977, 2.5412977208761953, -3.320348626080983, 2.390773045301817, 4.321228154566735, 3.366370960987267, 3.300114307966568, 10.75630316798954, 4.349962850828695, 5.490718356948616, 0.17367413944964868, 7.459644740153536, 6.553707321103109, 2.362816964009983, 2.0039411627939545, 4.173650731978833, 8.813799416421869, 8.285653889977743, 3.048094985147974, 3.0507859040268444, 7.348914491256396, 5.800734550890565, 2.8584967570124706, 5.840494609615844, 8.300412780116588, 0.3941348390337879, 3.626657224879187, 2.4802274473349, 4.470034589223521, 5.971187560036896, 6.804002613656116, 3.1647819500062497, 4.5738705453200135, 2.2066314175577815, 9.589506220670595, 3.89501379196531, 2.992979363103307, -5.8067655812294765, 4.151802919849594, 1.595835648422791, 10.819132354779214, 4.527593569030868, 6.079048310439254, 8.818235094823752, 3.8982624884591655, 1.4812058736384928, 2.0257606209027634, 3.880887438527557, -0.2807153978725419, 3.926328515009509, 6.045973384386579, 6.232040181997805, 2.4247737385517887, 7.7157066823913665, 2.737513239274097, 3.6900168765174244, 1.3879606820768762, 9.990595397793692, 3.246462508561534, -0.19872648141571872, 2.645682418364514, 3.840986663608654, 3.3013958550629146, 8.687049382138797, 6.8622563919102735, 1.6849544543613209, 3.706200507520374, 5.904537082959475, 8.43552649906718, 4.264340305017487, 3.6180312497123026, 1.7071232944927153, -2.5319072018872695, 5.895800665404603, 1.9636995520011664, 4.1442042952563245, 3.143854547086485, 4.699905920224098, 3.0205687753210464, 3.682045977104366, 5.3183677653717645, 4.811803441821603, 7.668721081950652, 6.865108601485987, 0.15092625295846768, 4.853520283219046, 12.1982991217242, 7.011030117363679, 0.04648708058910456, 11.151833069150047, 6.5955570757120245, 1.0809216420248773, 3.426019319935979, 2.874857815639719, 2.03243357375431, 2.2361218624734653, 4.844771622272691, 10.028455025612786, 6.468387944967132, 5.619606513781641, 4.941618142502441, 7.373118446700628, 5.95685299435128, 4.2592701622071, 11.122968274211804, 9.826302244329959, 2.357415094401649, -0.5362721202155271, 4.031491947224583, 7.589784997783821, 2.03225955124098, 6.185345632286122, 6.453682784492186, 1.9008113982182375, 2.5549120678014647, 6.469973571220422, -0.34571875739644914, -0.4893338746033947, 6.333902407049168, 9.926896143767596, 4.484372779068365, 2.685717129466602, 1.2201600171907365, 4.38423005047696, 2.175300485876514, 0.39973250708255587, 3.7071296599900956, 6.3819462655988595, 3.4522056582453233, 4.492885602044704, 2.213716784250215, 0.17458594288447174, -0.1959480067278822, 8.523325194623245, 3.472378660067616, 4.377412192591738, 9.734462330162136, 6.558850032982236, 3.238203513484434, 0.1605060873945459, 4.980687916563366, 0.924859166519766, -1.386628136103415, 5.634263688139418, 4.3621062719952794, 3.8167334686646406, 6.309682250176542, 3.9658039599002106, 7.46833848686625, 2.3020274455873855, 6.5575177957448, 3.6472116291679706, 5.31397742050743, 3.9072535013639675, 5.980673557623252, 3.715764461986559, 2.8422251100976093, 8.35982481952358, 4.459548753290134, -0.8536199350075697, 10.146452007422404, 1.9772284097028408, 7.458121818786138, 2.850292462547278, 4.963891140126595, 7.389490279924021, 4.1955535468134535, 3.7932327052192494, 2.438351282904392, 0.2040840285717741, 6.746088777209189, 5.492335126371117, 4.542134126190604, 5.528653061055256, 2.7828011738125458, 1.4101062694863369, 2.309823924928063, 7.0630885785824296, 4.557155156317941, 4.864983366600338, 3.578016103971371, 6.112957196046542, 8.429316517658942, -1.100880124546715, 3.5387793382949773, -5.731414171567049, 2.0281151872555445, 8.389664366584094, -1.105287895133789, 4.459237899853201, 7.089924110676844, -4.36897309635699, 3.6742185128854286, 0.4273527923251993, 8.123372992700041, 1.1723813632383013, 5.300709155601907, 2.698954033378302, 3.366296263532262, 4.549761574354276, 4.2177796373678245, -0.8515287803712498, 0.8552509582736063, 5.3552507473985385, 3.320682776956686, 0.1270163839880935, 5.5931100352063865, -0.7420245051965622, 4.056933584553258, 0.8816497320259262, 2.813135700168037, 4.669673735498087, 7.271548452911813, -1.5216130887527515, 8.19506897283037, -6.288578688446732, 3.309543314337087, -0.658420854295404, 5.838718989487275, 2.3950899571671704, 7.741152130548278, 7.180005458658983, 2.0740470624919656, 3.516981036080672, 6.536304415558426, 3.6672360759745, 3.364893722451006, 3.6500522657298142, 10.069191954976846, 4.465149447604114, 3.6862012939001527, 4.023822175199242, 7.880762052960778, 2.8947313832106714, 3.3145813444125443, 2.606574202522516, 4.773990748959452, 4.683539831543581, 5.250288237923949, 5.3995404958288615, 5.116434476474276, 3.287003917622275, 4.82336840681054, 2.047843483896434, 5.051834575845139, 5.784056620246061, 4.549898315469562, 5.239754022345999, 2.7337894238011025, 0.6006676728485013, 8.161047683549143, 3.124763965586264, 0.5413558405088688, 6.8769562089841445, 4.907818252452575, 3.0485383117085822, 6.964021247667967, 2.2280716440669046, 7.9955735991931265, 2.8133406427234666, 3.762883099755373, 2.669897591109149, 5.689498426144996, 0.05195629913089388, 3.0125167467775453, 3.3898001535472173, 0.025476337940343676, -0.02893677126675969, -0.32944281041177337, 0.17878171761443162, 1.590354652147664, 6.808056423184717, 10.722410344301432, 4.6225185434568425, 7.237145040831421, 3.462666841922709, 4.2395976526697465, 8.240348940195277, 4.919904885734385, 5.295842854888602, 5.703838440218828, 3.0835568428205757, -0.29157612596219185, 2.41464735132318, 5.02896877353956, 4.047744693781054, 4.931003881052359, 4.219378263826805, 3.225504532829729, 2.594461953327833, 2.266576679349503, 2.0728980534950168, 0.5326372519965102, 9.26527999558974, 1.8390129085987195, 2.5423228429606217, 4.960094177113569, 3.1539115812832246, 2.816000139728922, 0.10012815379512027, 8.61326583485632, 3.2660550069127834, 4.25316132829078, 8.949856429252085, 2.61633621811162, 0.28964602472760165, 3.4741250653180127, 2.086979035176223, 3.1338033022733685, 4.108413447402175, 1.6104041197862429, 5.622865470864899, 2.865317919405778, 9.01267368063516, 0.26175190960546224, 4.604803834473639, 6.103240704848138, 8.030900884737356, 3.0734795499988246, 4.643674905718227, 0.25284829489703053, 4.645856344874941, 5.000143830041735, 1.2708467660775264, 4.213592697985989, 3.0488797757387225, 6.326603503931016, 5.351609372972204, 9.326941526870915, 5.831640329042815, 6.574596176426677, 6.639611219297184, 5.464245978282663, 0.7195546038508277, 4.038398932324642, 2.456188119305095, 9.620015735011641, 2.18015495835158, 1.8514403638928194, 8.131634485937086, 6.280696636180247, 7.1342515059531255, 1.4153410549855479, 2.615816980481968, 1.6977576863873272]}, {"header": {"parameterCategory": 2, "parameterNumber": 3, "lo1": 6.000198445256149, "la1": 58.999992894266676, "dx": 0.5, "dy": 0.25, "nx": 22, "ny": 24, "refTime": "2024-03-15T02:00:00.000Z"}, "data": [6.15428033472492, 4.998611013408142, 9.627018483719976, 12.557281707678234, 12.647881642675161, 9.18303082264454, 13.293411210538643, 1.9646466291604205, 6.73245427971588, 6.991842456572469, 4.8500270747709635, 9.837177762611788, 4.227384535856443, 12.711141318646547, 5.160155275505109, 5.598357422804654, 6.0164845819034865, 12.139339446783719, 8.376417684711326, 5.954832317041318, 12.123155535409074, 8.384257904975948, 4.018831580142789, 5.997708132167758, 5.031244218109835, 12.174886948685026, 9.358537737489739, 12.662234636466554, 12.137289013115781, 8.045195603196255, 12.318070497292608, 12.946282823781123, 8.592391248521709, 7.630237277852279, 3.2351557087946006, 10.567653947438178, 7.1133647835244895, 13.160286609845475, 8.127910046336218, 6.350104302068827, 10.263506061944637, 5.0484900685283725, 11.087481603936173, 7.238946738579706, 4.451578360605644, 6.27308397983243, 13.075856268108321, 8.615007616502494, 7.290819315174298, 7.952241898984925, 8.612585918888678, 4.690984189951637, 7.407843943172174, 7.559339993904509, 6.75870257245793, 7.823325701627716, 12.165576635999841, 5.749175226866565, 3.8650602353202594, 5.2904329372194, 12.60988492289214, 5.948985267140827, 8.933881876714986, 9.552460135918748, 11.233316769167065, 12.980914996034402, 9.352414238514246, 7.5111286026957504, 9.42168313125084, 6.736061528770003, 6.7305327637572265, 13.200396465769934, 9.397536383724127, 13.201875119914977, 10.121713654629017, 13.10072527102693, 12.661732876656846, 8.776590279414865, 13.673016553842482, 11.939180851696262, 9.165438074674416, 5.462995464278791, 8.559859248391295, 5.765829868412966, 9.707231005256, 8.333205617809574, 7.575112162453166, 7.790719882731246, 7.511656260726521, 3.0494212801690477, 5.252522895416746, 1.573298321451241, 12.471221670365686, 9.258670598081633, 12.333470152223954, 9.13442621590131, 8.216995367713977, 11.396584883818072, 10.984273676957473, 8.21556418913256, 11.10603527656631, 2.6378047794942088, 12.696096025626645, 11.81368666072257, 6.3742039731990285, 5.975483965837292, 10.679210768577944, 5.033732159043437, 12.745973285642052, 8.462246264814059, 8.328264296903345, 7.631244902372588, 13.583970238740376, 11.636987404168046, 8.66920280373449, 12.096979532741292, 8.277505036099805, 3.1350979397971686, 5.503012754610902, 9.434954130125064, 6.402451214193011, 5.111355974911217, 8.187741981025873, 8.341654726398547, 13.533101788924489, 9.180829947883458, 2.399088551034772, 12.925777366045935, 4.943761547411473, 9.143237533156611, 8.427188101177144, 7.02265624718047, 1.4242433965266281, 10.234590576919215, 8.968906466829138, 12.450957966693815, 10.92047809856583, 4.153715408772621, 8.828104735823247, 12.024767422791951, 8.06649845195512, 7.18866790955833, 4.876734478828487, 7.330735895754257, 9.290982078903324, 9.345689535778252, 13.64037911657008, 13.099380822932304, 4.981137270246548, 7.713317527904589, 12.302874168766092, 13.198534523310434, 11.097584618260942, 12.053514543179624, 7.465224935107065, 6.69452492014874, 7.316445005217831, 7.7303943804069855, 7.978797815043192, 4.807432894312889, 13.480742038681683, 7.214145659424827, 12.650905026070054, 6.331625334929396, 8.594881090212272, 9.201342201566124, 8.340771966454046, 12.078274545487703, 7.999755427033976, 5.289945191900478, 6.804304959355863, 9.96783850382234, 13.779203801781946, 5.014794890504639, 14.086993747396289, 6.259394619824453, 7.4251197366504, 3.1426942030038503, 9.870316142278181, 12.558990665208444, 2.220873083463727, 7.723293402681357, 7.691548480079481, 5.567455363542004, 7.407402321317481, 3.80585893428612, 11.536465491548585, 5.4339255089574765, 6.839476382135672, 9.501152446430991, 11.786568149231144, 5.854823247320983, 8.891590347998468, 8.248801746862105, 13.480742990260953, 12.294839831886323, 7.251221420829704, 7.789624523814582, 4.56868526783751, 13.76928058002129, 13.499906599453283, 8.80425525563498, 10.312402090737923, 12.642265004966495, 5.365508996173766, 12.327806098435332, 7.662865988686467, 12.995047480855622, 7.57600737485735, 10.426122085160129, 4.862773821905451, 13.497238390768825, 12.431502261074023, 12.142522434087162, 6.0287063825949465, 5.055783315447759, 6.762127133790822, 11.386586916182411, 6.596879849630776, 6.0986196698591675, 5.0029500095653825, 9.920464983909568, 9.695342387528001, 12.210167342100043, 5.138610598003595, 7.998994594151264, 13.639329852419053, 9.628328734720885, 7.450570223851377, 12.387286106771583, 4.9576288533969715, 9.7586677132975, 6.2303076085580145, 7.952858737581787, 4.004469202275193, 7.482163722236726, 12.890687682597294, 7.442697272225715, 5.765177239853789, 6.893479430106607, 11.695230862127264, 9.744429761643618, 3.436485961290647, 8.278767055242279, 8.468494245358851, 12.133576765371705, 13.674050439436616, 10.669454050242615, 7.457342589993839, 10.072223260955854, 7.111521282404844, 8.792083449708961, 4.2896886034076305, 5.2212592672805105, 6.781650516978717, 3.20194479965753, 4.859616959297468, 6.5227433989786405, 11.801530217559472, 5.205517406576631, 9.87824914502439, 6.972491616836004, 5.180691093677411, 10.185152227172372, 5.2438942315159025, 14.238068970793153, 11.484260441297721, 8.769810132368427, 10.066267964890201, 11.887274598465705, 10.581281818074467, 7.10436830666074, 12.341576432724215, 8.808041177007386, 8.161935121526954, 10.34108343617504, 9.322823630092813, 6.458829774309437, 5.1668800135250015, 7.352472064531414, 12.905762680526164, 12.000716699047489, 13.40369965991465, 13.278162133258009, 13.972618662268967, 7.715880243108362, 4.497393511525387, 12.063073883104593, 12.375382124808931, 6.869786511232678, 7.619884602737667, 9.61744717710599, 12.680913537005885, 9.993975396635054, 8.360914618994535, 12.470079597792353, 6.842200115989487, 7.19027076052912, 13.80660500753963, 7.721915255114561, 8.710894895852363, 12.363287343470201, 11.910310637021768, 11.675151454997422, 8.861339891359705, 9.680401517192351, 10.410883603331303, 8.675063914185264, 2.5614596034245825, 4.650452088566611, 11.844119630575292, 6.584096946956399, 5.254912053822366, 11.407045392471394, 9.212873212653978, 7.178003997507618, 13.330313363274927, 6.457178788492276, 4.450150731257289, 13.157590544373132, 8.881740383788408, 12.790114652939742, 9.58293086351132, 12.12639218333693, 9.477765645896993, 3.9208892648010227, 9.278582972235286, 6.961771864167778, 7.827151885173712, 12.927227228841227, 5.660133893992736, 13.586979575131615, 10.387953384440456, 4.710402733489398, 7.594881713021237, 8.192428370485821, 5.443092387306607, 4.553878262963955, 7.750693653758834, 7.8626289368028095, 14.221623352402649, 7.636000644445462, 8.036533512107393, 11.456940783865942, 7.218592373009046, 13.797674924507168, 7.874921678745706, 8.04147634598262, 12.787978133078543, 8.86700114109435, 9.953436276348318, 11.651098246434113, 4.378079251081043, 11.579139252377178, 10.034594691280327, 6.576597297639775, 12.707930962363893, 11.253365116846066, 8.41796999943949, 10.017422923623464, 12.611744342403702, 4.5795620565154325, 4.801562315655775, 10.337559369059912, 11.461461655775421, 13.383227009163006, 5.035006065218896, 5.697916231025394, 3.8348655826434377, 7.426714790705123, 12.993517393752944, 7.4865505903010785, 4.626704590698274, 13.301588190200327, 2.639460650448392, 7.4921091813666205, 7.897457462750032, 13.959886117952252, 8.035082780919572, 7.2216241242178505, 8.942473169800172, 7.473765916378232, 5.430996359270161, 6.859020491605964, 8.04865806789313, 7.939737330893147, 13.325928074843905, 12.257059918407075, 7.763415774519127, 12.843231815870944, 8.232002965352146, 4.908432386704852, 7.355866064106039, 10.110916338744396, 7.835179417218822, 13.360214143596782, 8.984084562794399, 13.50748830054937, 5.0103336473676725, 8.43184400303139, 4.128469991214762, 11.406824360321854, 8.993098378627657, 11.594342433035854, 11.900609644852285, 10.426955549941068, 10.593104105520599, 12.618202192769608, 4.9965729416312215, 5.867104678674197, 7.420875617148969, 12.94442237224956, 7.0399057485964045, 13.123193814557723, 4.648929908358729, 13.853183568633156, 8.053451041921399, 7.252675228340106, 7.997103249786131, 12.157247857909228, 7.530813064227728, 10.526499269329628, 9.400701845556197, 7.1714663582789635, 11.898987393528103, 8.09628343252406, 9.252827538071333, 13.708215961510525, 13.437947670040788, 8.23457075630484, 4.296469714735681, 2.638601770931869, 8.66549747702772, 11.704666967649738, 6.84309887117743, 8.212544629647173, 13.51455839368392, 8.079657300330735, 13.181694983647578, 13.332574552431053, 2.2716071124139927, 6.0684418624309675, 9.590256142303621, 8.243182856549415, 5.603559824573176, 7.332589246502977, 9.504797538666413, 4.490037928405988, 8.870049962583108, 7.968478455809879, 6.934400552803307, 6.9327575555018255, 9.23984387111794, 9.008605270076538, 12.031354145895818, 12.692629097032592, 8.444584207594767, 9.030417650743152, 10.495063420935809, 5.558977191467679, 12.64840675842437, 7.820224444029632, 6.364876464901486, 11.900264942598294, 12.504522470067062, 7.131607219334812, 8.108287576211334, 9.355846045586, 13.822366679573992, 10.497834534663014, 7.6219080056973505, 5.040040833877188, 10.364696410208412, 10.304778157218257, 10.832490061093074, 7.074466390834547, 12.785059871399906, 7.903856915598805, 9.349190897743648, 5.175398590576203, 8.87426774696018, 6.059328630433591, 9.35386208321077, 14.250408679589441, 3.508755651912195, 5.847081769222935, 8.053742136224534, 9.614528771763542, 6.773052607321574, 6.064139026888902, 10.997616564488737, 5.742500943717684, 11.769132349317879, 7.630239215278917, 13.237865132983629, 9.885426138288906, 12.964854238614889, 9.130289477545677, 13.620730559274987, 11.435545752834747, 14.161489152933306, 8.179569017823558, 5.032614531006095, 8.96059763859031, 5.056917442628717, 5.036391184526935, 11.11443141655014, 12.28918896375547, 9.030508694132847, 11.908937950682907, 4.012410001833698, 11.748531710282341, 6.6520658065755365, 10.660885564891233, 9.669279156396954, 6.225733656495819, 4.90098640125175, 4.849328181969973, 5.323539911234385, 10.092192415917722, 8.232225916923657, 11.266519111221646, 12.00698371973058, 10.495227586159434, 13.558980004286664, 13.346831021064968, 8.533059774056635, 8.883024941833115]}]