script/wind150m.json
{"header": {"parameterCategory": 2, "parameterNumber": 3, "lo1": 6.000198445256149, "la1": 58.999992894266676, "dx": 0.5, "dy": 0.25, "nx": 22, "ny": 24, "refTime": "2024-03-01T15:00:00.000Z"}, "data":
[rows 0 to 23 of 24, columns 0 to 21 of 22]
3.0041858722253534,11.65202470454894,8.654242035068254,3.230912888038243,5.376036546867169,5.389848171394931,5.00409541342876,7.5396366236483585,5.6071576533459835,3.5974611418553315,5.692749064705434,12.133643057194446,14.577730833333105,4.812824405771081,8.735770806822034,5.170426790893465,5.044294720549628,8.471404014618859,4.720464516814958,5.770841993874161,12.526544034959537,13.216623459678194
5.219940159206329,6.864107499992272,2.372102031960243,15.582620821297262,8.216467844632833,2.216708678630321,6.733392622840676,5.369755877397942,5.158209067515406,5.423480851487001,7.35469498434211,7.950917520488305,9.950172020330395,9.70786287264506,11.189787564500635,10.286532173403668,8.664957157559797,2.0679359029403566,5.5148369049156045,12.810871467229711,4.893020836437663,5.9480313296796705
11.81854969118194,9.00645791696452,4.342971572833674,5.390803884186612,7.301249980573576,5.3930186984922726,5.9339340421361815,8.620347496852057,12.51695686945827,8.373593058923557,8.014061748867778,8.27258053416504,7.059145297371727,10.70574629440662,6.656692416045056,7.586818739782396,4.395259066799181,8.039801061879974,3.352912588702725,6.9856997498711095,11.219011216570053,6.054579398588738
6.821853970833896,5.511557163417267,9.049086422209475,1.9695155490572478,7.907099077427831,3.858276728364837,7.023506829110442,8.754817803597264,6.537942823842092,4.738956054449917,4.279655138480745,5.027157092579991,5.994381221956504,6.075546612744095,7.477370949086408,10.532134804022496,5.023336443003799,8.210566518772177,6.751207689004841,10.41119286907667,8.560623689841126,5.833186693747194
6.990943225888236,4.757396207042439,6.143576217847808,6.00815306508581,3.611265038347413,6.5694639547636235,14.698813430857017,6.276945014030093,11.148001431533684,3.137352581891632,10.592244546645004,6.6396014898167195,5.964736020383848,6.046122638860078,5.088545471609279,4.371843725742356,6.329022559962329,7.421616617910987,12.474686373877757,4.649751245565996,7.751446610849696,7.603847569927761
7.25932639154537,6.546310658491464,6.327160715539605,4.873826897985599,7.713612391179734,6.0166041143245375,12.550771669152969,4.187902393586001,7.124883306504738,7.36017310758841,5.8991035063952255,11.61767748033909,6.887767336372751,12.24627877041769,7.564509228845415,8.335364499848948,11.804687291120397,15.784847206812735,3.9542105025147456,7.893149087597441,5.728252298116542,6.9531134157974295
5.708971570396941,5.461292338494738,8.474743804929071,4.253742481507432,6.677275782691699,7.560766258540149,7.841620867565204,9.595407353421361,6.698537149063152,1.6895146067540046,4.978066258365245,6.540399749157953,10.145547870686467,6.419664966854805,5.564527797363887,6.8591990120290065,6.2405130938163555,7.674478391259109,3.889920555688734,9.550261839186778,4.626356547039359,6.952401221055578
8.521574029709143,12.632548892001804,6.421315841240761,3.2336367944929587,5.425227506264352,14.508433003173032,5.6015062563615725,13.811477316736793,5.388423813920462,6.239355905814757,6.027820373633847,5.324947426047233,4.383079762377466,5.1319688584447345,14.106350911872042,9.360363761013389,6.636115253300055,4.410434148428981,5.441823007561315,6.436333346773577,5.626459466265922,5.507601029236888
4.420544687137222,5.857179432393206,2.981593174302663,5.657591922416799,8.865991497116102,11.866980301093575,15.196706069177855,12.61483584874902,10.20996007281081,7.183554724979872,5.208205259751835,13.394221430100679,8.211259374123218,6.524218552867664,7.262944698630151,11.931714330636991,4.847193422617068,6.134443511291587,4.157532337125837,4.628528753056992,4.58286188308033,8.46823640364484
4.326025770110954,4.717420184123676,4.291035075142591,8.102190393579768,4.466438135822545,4.897739409415642,12.679203456567578,14.402712402182678,10.142442036307196,8.80145121332117,11.971859822766103,3.4727132388995816,6.135516547407854,7.327879124221846,5.404140286231872,2.794094845436752,7.729469465058298,12.191230805833385,12.26958110089949,5.247135197192989,6.32452370097711,8.483560963883605
5.101344695823867,12.987645030147334,7.855404646160782,8.350137496026171,7.659279665425012,8.213024143152369,6.07706388232623,6.147172609077322,8.117365595061248,6.783645915266434,12.653423849312423,15.591047369489479,13.179810765673034,11.964498582059157,5.66141573659157,8.41543863234359,3.0875198464406486,9.942414803770177,7.476473690211006,6.8549241702887596,12.50950844623401,12.051654047099195
2.668082443285692,11.234761590695411,4.649976193102249,5.448591743047977,4.868660941371216,7.052793232679251,4.392287528276934,13.010259204428289,5.098070884503785,6.278145618387734,2.502990639576918,5.9797120228274085,8.591061547755872,3.5843756379229887,10.606160049431537,5.9137086196608095,8.398892563076,14.727701137972463,7.88974389670067,5.900605676413238,8.169377411545264,4.858426590317507
10.18191432514693,5.442508600782461,12.70487116342922,4.1796654329647716,8.683933641851489,2.8871351321882672,6.177218111695482,8.733045679096024,4.45597701755129,12.261095441432632,14.214547681949943,8.97863222325358,6.624700666923537,7.005066135248982,8.385410262486802,6.346805504498459,12.95658453808924,14.873344834097443,9.658266362618939,9.0778340790683,5.020391472707509,5.245237655066794
7.157181600866885,9.697349169026468,14.621129414775293,7.540138876737686,7.1332858017926775,5.87965656700099,8.500534335939266,7.458440313398483,7.80064524170719,2.2832971567385703,6.071449033538553,9.054724795882393,3.5069470467386674,7.665588338255852,10.933810071353046,5.850486339441114,3.5872361797459886,4.235436926029263,8.660628780430052,14.48324751276594,7.645539621822469,13.368936382951814
9.19418450059205,7.361729190491984,7.943713550223509,13.21524951501746,4.21582188739655,11.632061269509999,13.5106562342435,7.003657874533459,4.18582260888777,13.931515780280488,11.306740793502135,4.1874462068768254,6.4125591798819075,5.141075487195627,5.570299760351935,4.356747410489911,6.1401214532555795,4.245800519119871,6.873323965705016,4.529689592296224,2.4913890294628662,7.4154090219935105
9.629847773955914,7.580809089266318,6.058612957168168,6.323684633195929,8.793749049876174,9.478394836300431,9.770067761991355,13.424408553959706,6.003149821654639,4.4296777246013335,5.50849348168,7.233395486368245,13.189551706058321,3.8863157581690664,6.854357741653697,7.459576635114361,5.37903065776059,8.610046554696886,7.616085422631245,6.188807177480685,5.448832521641188,4.973499998907721
6.800115396138938,7.0228704599182095,2.0231208688277067,5.007412420284184,7.4296161613168925,6.0393250622270065,7.644442676851325,7.130897110509554,4.510327037276208,13.930137255433042,8.17166826322685,8.040597111014062,5.300388885481756,3.524341191689661,6.460143257939802,5.433724772550708,4.614940049484334,8.217735540869409,6.266196608785775,2.80766962854816,4.772895090429955,6.266334119902986
6.6202195057275945,9.908499613049576,6.526936599665059,3.9267561797217274,7.713805985979881,8.815445182678983,6.611043754093762,10.667109433109216,13.926066793945715,10.628248100263669,6.599039098108178,7.084779925685763,5.316663102624246,7.127338607399838,4.418266470241633,5.6196810638956,11.816777841423793,13.938825660538614,14.524159999205287,5.102974967493195,11.044930802447764,1.3549486376846973
3.2935451929416693,5.585218867870718,5.362626596762916,7.918154857183953,2.833152193071596,3.9638000341510953,6.491643780725929,6.74546702910122,9.58369074948096,11.8375108702314,9.034347610628362,3.7365369263879438,4.898776311947683,10.256311744048896,5.678528813589325,5.070266994345111,3.2745013941909087,8.004187027280784,11.190598464813466,3.764050643789844,5.339029951763464,7.817334163053803
6.279888153878208,4.793858850811156,6.252954820829737,5.814957449682852,5.501334561274088,14.101493858159868,7.572824061278042,4.173702000980813,10.090541351174911,5.782422741953298,7.005137876877952,4.953694053836091,4.255373134018334,6.9008776875525815,12.458138367752936,7.373836842273694,10.370828872992423,11.450668585540207,6.401995281483313,3.3161259590996046,3.832276099969721,9.397319607720588
7.477137303425173,5.405510126612589,10.380632261830993,5.455619079722461,5.02185068397743,12.83884361183259,8.3787805380386,5.0420802147329455,7.426709462076552,12.808052221831565,6.16230346775473,3.7722954161823647,6.568361078001029,12.460171051390839,4.604165126907849,3.738852653526454,12.648377893365682,14.358375601563694,5.73716351797655,7.0433159638214695,7.194172093884424,5.574598512201315
5.7673138725360875,8.675438834916276,6.270007100856668,7.786443816768847,13.663913601242944,6.535284315115277,5.697947379247506,8.454068079455036,12.298679511087819,8.859520109763196,7.115396314040527,8.987990071791897,4.949626005160943,8.7641277286894,14.13919041292872,10.408045609027235,6.0473750507747885,7.2729591386263595,6.66367659927378,9.625230461485794,3.6191936724713596,4.942112737436181
8.578127947036114,5.779104687599851,6.541456322604746,10.251398437834425,11.815042355231165,11.24711991834466,9.321398475261258,9.232913438062985,14.013452757990446,12.082348996805063,3.1201495639689782,9.600282154774183,11.719830222791908,4.959189986538687,11.974296751796576,3.4492684029489173,7.011526473830369,5.364050889537275,12.923114321933701,8.119163888677848,2.3583027966534686,11.387032182628548
3.846647617111937,9.40931187336829,8.169498709875649,8.103154814151436,10.586240138413286,12.35094470015884,6.761270167749346,12.890930332003158,6.42362064054104,9.687122804885743,8.07847386527371,5.7232008594334145,11.51416898974492,5.835734399731749,11.770559062618497,10.695013072691282,7.7911495401208475,12.981897096073308,5.523709982187687,5.472463627620262,10.797523087515023,7.575065040010066
