script/wind10m.json
{"header": {"parameterCategory": 2, "parameterNumber": 3, "lo1": 6.000027932988019, "la1": 58.9999434238085, "dx": 0.5, "dy": 0.25, "nx": 22, "ny": 24, "refTime": "2024-06-20T01:00:00.000Z"}, "data":
[rows 0 to 23 of 24, columns 0 to 21 of 22]
0.7990175153198277,-0.34837599127586016,-0.9263893046757846,-0.9871299713490579,-1.5941099577385531,-2.772219705517676,-1.0691392355024854,-1.3951473653054773,-2.404267176386846,-2.1973858363253873,1.1698013331232602,0.7397675462740196,0.6199768449069345,-0.6748929264344441,3.7749403703670104,3.4981612896808993,2.1062648438481877,1.12643106902815,0.7051845644401246,0.37428561742603794,0.43849229954195046,-0.06370311416935666
0.7355502728386095,-0.16549028257650877,-0.7814445924449241,-0.6369476575446652,-1.6971976533556998,-0.009978279197677334,-1.3307807591744647,-1.328533918371434,-3.915593682511462,-3.558670186921072,-1.7194309666778524,-0.538915292914142,1.0114602465770257,1.4126160267144758,5.058654979536571,6.011206965822704,1.1281803538171151,0.844182819361635,0.5830333372647762,0.9462601494052024,0.6048516624643697,-0.08454933064686115
0.33129460041219766,-0.6901537743045048,0.38916185498969896,-0.21899608897533954,-0.688843698077518,-1.6164851451104219,-1.3779763335875477,-2.1215724662998134,-1.5904952782360835,-2.8759752448636475,-1.562561541325999,1.2130774583510604,1.4866749084599042,6.162269938443357,2.9356146394238767,2.659801708308057,1.9079678281034536,1.2666783330582663,0.991645424417902,0.8063295968963992,1.0176831899463685,0.21815278600831026
-0.2583266248947242,-0.7441037051643584,-0.8764120550113565,-0.8914671764231381,-1.423353193728247,-0.41125430205103625,-1.719668857215356,-2.206987625932522,-1.4800885752409276,-1.2510717321973395,-0.9302868551295652,0.8242055245698872,1.9450012481379422,2.120304818630341,3.9040813096437854,2.513651719346246,2.272170327631937,2.517069772798737,0.9939291882534438,0.82451000128327,0.22215735133026737,-0.30945085792754995
0.2627817913294442,-2.258222262938924,-2.4677298140290636,-0.925215738758276,-1.8119253358904917,-2.0443772271218497,-2.4663154914285603,-2.385371627296492,-1.9974772193694326,-0.8682639950238809,0.0808424823545593,0.5055409490958299,1.9716530320300736,2.712369537978099,2.6839220832843176,2.6818814397063453,1.3102278142655224,1.622516044206741,1.3478153258131045,0.44434531719662856,0.24923056270145325,-0.5430345826769233
1.0063516113312507,-1.434905917581777,-3.371018663586584,-5.044554468033389,-4.322583088131886,-3.8759381634843413,-3.526816263908697,-3.4151099486303504,-2.207484483464664,-0.7100365838476893,-0.41518358339904754,0.5005923807316529,2.2156785396410923,2.385073819907884,2.8485919839354614,2.3325274084885907,1.5904813258544794,1.5629689051359439,0.9868966737965394,0.7433940392782161,0.4954727990780698,0.25974555286278095
1.0800987121434438,-1.1003919734317675,-2.608089586425014,-4.110692950616463,-4.853845739289131,-5.0575605884257895,-4.685138574065078,-4.207967711206029,-0.9957221557508351,0.003849727656123649,-0.7360719749110312,0.628294164858722,0.7495599183995149,1.90484842555645,1.6284182053280944,1.191154237171005,1.1242619066086699,0.7973771251371412,0.9974651200516111,0.3914747574388095,0.427960688663798,0.15098712145682422
1.0290767332204689,-0.03757273612413224,-2.503074867133481,-3.735539174736373,-4.553366900825812,-4.517431454001324,-4.239811364386424,-3.5152788508132597,-0.4788620094621796,-0.6283007546559071,-0.6943914065266782,0.2439215966308863,0.9124402191734379,1.9620513224505227,1.4528921589904422,1.2047866292899645,0.7774902761936863,0.5066632352538111,0.77959245244408,0.32569105084616645,-0.03088936097305105,-0.47192707805452994
1.5474318446019109,-0.3538702304003623,-2.1191583041063917,-3.2465679989633633,-4.13210525477973,-1.664582059825681,-3.120586329720177,-0.2996425020763347,-0.03038913795632489,-0.8217441561240667,-0.7012919090552061,-0.26393988377722827,0.6278282888569622,0.9748083265079611,0.8662295738998924,0.5733317408852712,0.6515021559870647,0.2843148430948808,0.20573387357574877,-0.053200687392771694,-0.4704632590024601,-1.0766993933575109
1.1395691107214383,-0.1374143304692118,-1.4187137147790307,-2.442496042559614,-3.603555356971436,-2.416840036044664,-1.1189522805427565,-1.0719557155020096,0.23999793118286167,-0.35001326245387976,-0.5991431242561944,-0.9394822948270233,-0.054795240442843944,-0.20660627310122803,0.6569958798752483,0.4984227737818607,0.3925376835416755,0.0008410616826458468,-0.2723874337139955,-0.6643329508206689,-0.45782522164641765,-0.5232513448942132
1.6679552875581503,0.6722148528016176,-0.7204052391758015,-1.70722404165966,-3.368486505989082,-0.6154542830590899,-1.1609684828958378,-0.4314715573582238,-0.06506065006201614,0.9324529121504379,-0.8067827185728921,-1.2482234499458051,-0.738032497426597,-0.36658750580307564,0.029754536758385883,0.4589323358163065,-0.23729304940334156,-0.25959604848360646,-0.7717706380074412,-0.023427324115272142,-0.4343864099898867,-0.5319994147337896
1.9466248137561626,0.7559674338235944,-0.6837022221289236,-1.722583194218382,-3.0572519102579854,-0.3225110599035969,-0.04847606829934782,-0.1180747040916163,-0.1828838461053739,-0.12801572525837665,-0.4990431579502816,-1.4249422632260618,-1.232112113839607,-0.404522666491119,0.5823713978375822,0.14062673992351193,-0.33802502747543683,-0.6410450332753996,-0.287007015386363,-0.16512703350918406,-0.45734954854459087,0.04002481183702101
1.6514467056883548,0.42578464174606195,-0.5221002377690082,-1.49422487637939,-2.5310905673643416,-0.8771217490302567,0.5531658726233524,0.18928876226792812,0.5400223656936651,0.983121856164188,-0.5315986918553333,-1.777568919691764,-0.8221461943022824,-0.294049556761657,0.175170710317558,0.15522497225306606,-0.2611140169755022,-0.7130052548762574,-1.149003145426662,-1.2905135988513108,-2.039906820467518,-1.7754763396599118
1.4885624877465198,0.997826791886058,-0.04382919144223658,-0.618356689876071,-1.82363450898343,-0.06947954680736958,1.1091696655682826,0.6528443765524183,0.7318542876075368,-0.367530824029779,-0.6291234918669955,-0.6195107824697823,0.6185815909986091,0.22728898260947744,-0.3269570907966449,-0.24141702492696493,-0.2965436371234389,-0.9161129230764304,-2.9332501228474244,-3.7453370352730437,-2.7356342165364924,-2.815425805093144
1.2435282289051888,0.7304898383584075,-0.3423146547365418,-0.9650477641348766,-1.8123989964451845,-0.1971709257906745,0.857478003523276,0.6984728728584559,1.3134839536426526,1.2232240260114118,-0.4526902908835473,0.6158444495180172,0.3111867402942795,-0.685692028087746,-0.8304681602253364,-0.5818668039774662,-0.20190933573216852,-0.722925346043772,-1.652486372624116,-2.954745673165424,-4.471011147283068,-3.6847984997134153
0.7981019486642755,-0.271432167315249,-1.2119364292033075,-2.0439358131926038,-2.0829315257646037,-1.7108618962607112,0.6437988967944863,0.5902944517812192,-0.04201651539696908,1.2198203818584519,-0.11293087635690857,-0.23506101830906237,0.11327075191496874,0.08749409633067866,-2.51473232618035,-3.273161125251808,-2.969356023919955,-4.009675642992768,-3.6402071274076504,-4.614146663711776,-4.096134855467487,-4.072829765321477
-0.3074234593190701,-1.4121513245835857,-2.551607927618372,-3.232556224040842,-3.0167102335248437,-2.8803568785226696,0.13889753567797136,1.1082847007629426,1.3261672311159225,-0.5649382113954654,-1.2931499658255319,-2.377478672375342,-0.8387314784507447,-0.6473968552802053,-3.4894256812210833,-3.6560369344377173,-3.4940880354956745,-3.900943945213924,-0.9621372457524228,-4.291268706332429,-5.016700778634619,-4.508631400519175
-1.2237157714040559,-2.749573453582429,-3.0393319047157403,-3.079098038286106,-2.8513843189729893,-2.9122864876188714,-0.7502465741743085,-0.8755024079670439,-0.9210853382141393,-2.0564061608405035,-2.421495887043095,-0.37139968590304506,0.28717484109856184,-2.043423337522488,-3.755788190754465,-2.9423584832361076,-3.938558586797421,-3.6093915203461076,-3.5786257759804867,-3.5309323403255073,-4.2180225240883695,-4.897637289767918
-1.8468994400450327,-3.4613093851101584,-4.555226508784104,-5.511809449365612,-5.431145408316999,-4.954656125121364,-1.5939911191953,0.11778794175240433,-1.1990713090646963,-4.477569759501045,-3.810013515492385,-4.231554538777367,-4.5553900984197595,-3.2897969452498956,-2.8414884667190075,-1.07288833311919,-3.5051416030724822,-4.179669693947776,-3.670298381038593,-3.666408635096227,-3.7086113926977986,-2.0899519540247455
-0.08311837183693337,-0.38204651266729817,-1.0471009080068623,-1.955875381461136,-3.149700687350664,-5.230580246308383,-2.8543634552756645,-2.355843825088156,-1.463718725072075,0.008350507331526615,-0.5003677686449116,-5.618980138379493,-4.332143604471788,-2.119519278277188,0.014366461055724153,0.12023938883834961,-2.1226721087649567,-3.013386177727731,-4.424048033526075,-3.7233287514429207,-2.4738454165617743,1.7788835131412797
0.17947831532808503,-0.6640140532681807,-2.294075078999312,-3.3849962542480956,-3.431345771715102,-2.713121758440595,1.4866957323645151,1.4883859486747912,-1.8753603213658014,-2.2250260505700235,-3.124188093023688,-2.301027085074164,-0.44881661439698994,-0.3625372798036229,-0.05347736183553195,-0.024878801892806526,-0.473146580438626,-1.642061205100303,1.1330395306003436,1.63336151457595,1.2206785055789542,0.8561087367187273
-0.5257357259182766,-1.0144495922582397,-1.3350620877082706,-2.2020129924725973,-3.0438621797356014,-3.7317170405111413,-0.17290319161083412,1.2172423608787368,1.0194903883991622,0.7447983973680424,-1.7492108559269686,-2.9057740871920825,0.24355658714049647,-0.47331058914417107,-0.2604687342777871,-0.031148315155583955,-0.1100425208076089,-3.065299013030611,0.8409467778799473,1.1265154387511465,1.0590954098688365,0.5421908682067611
-0.7758712128652409,-0.941834413457698,-1.021633995540252,0.7640555044415304,0.716666222791646,-0.5333861066421948,-0.4572575392629611,0.3429869368170301,-2.043713940616161,0.46472064303119026,1.122277729950592,-1.6532605596991283,-2.940718265892212,-1.1429413505202202,0.2938912455235125,0.1791153388570414,0.5159426473905944,0.5858926266853758,0.15263390525991916,0.6562273541652428,0.6397682750719527,0.13407508126864526
0.07167870269698386,-0.682298442430279,0.9007118011238678,0.2372199358976388,0.6151948910332475,0.8247783566946221,-0.6846083542076481,-0.9448486157477397,-0.33077066435652025,0.36274568447251304,-0.04391617684311475,0.8572125621163091,-0.44612911987168097,-1.5401270983718587,-1.269294935782399,-0.1595753649274621,0.865322933956095,-0.48211802343038634,0.05960746514744191,-0.017676243747994567,0.14742018202636906,0.8236244721955694
