script/wind10m.json
{"header": {"parameterCategory": 2, "parameterNumber": 2, "lo1": 6.000027932988019, "la1": 58.9999434238085, "dx": 0.5, "dy": 0.25, "nx": 22, "ny": 24, "refTime": "2024-10-09T19:00:00.000Z"}, "data":
[rows 0 to 23 of 24, columns 0 to 21 of 22]
-1.580186536242734,-1.8243536767638866,-1.4963211261308187,-0.7563028605660079,-1.102807997270652,-0.8283227760785955,-0.5261982261340589,-0.6438191851101388,-1.414281658456617,-0.04750620322640561,-1.6592820476932204,-1.39148260100283,-0.7485556568636199,-0.612124134838961,1.6927888467695036,2.230710635705801,0.39070467497703876,-0.4974098884444496,0.0786490635621845,0.18005781757226955,0.24571743271156435,0.30161123893978464
-1.574875164028428,-0.01193410042034054,-0.6159746071005389,-0.7474019739792976,-1.406700761375058,-0.8784401277922279,-1.1455170612881302,-2.2643978196044987,-2.7065156688124943,-3.062336076545907,-2.195748447761497,-0.7545752713610503,-0.6691919187537232,0.5711549235295911,1.9216898595157574,0.5026980397470423,0.7436481875582057,-0.13185676886007378,0.0030844034183104096,-0.24179117319863178,-0.3702601794941734,0.07173697604982855
-1.221068457993001,-0.205248557900569,-0.7990849891671031,-1.5783906937799084,-0.997090346459998,-0.927674595605858,-4.160136632070216,-3.485144122272942,-2.343148662721587,-1.00758231053639,-0.15925115878205345,-0.48526648576664355,0.3440437755172641,-0.1577019613341351,-0.15840150824096683,0.8087654953133373,0.059554310133965546,1.1482386941522187,-0.4028780413839427,-0.8394179968215535,-0.3088884660363888,-0.8922363415455243
2.837264853099029,0.18224944528524123,-0.6031341789465486,-1.0999989192092783,0.13271358797471786,-0.924626196080263,-1.562300676472171,-2.38874834073337,-2.015685007552365,1.1161696587736072,1.040383933941842,-0.528239191776298,0.18920013284598064,-0.6116246527002422,-0.5966233463938259,-0.6446391746650952,1.0906636644971763,1.0838891710086234,-0.002742196021474935,-0.16536610521538372,-0.27310357630134796,-0.5141216704358653
3.9318361872325402,2.540410781554552,0.0013408291140604384,-1.46051385177599,-2.927679385345045,-3.1206245184216637,-1.82538746066737,-0.3556067172337459,-0.41884695829186,-0.5530154293725185,2.400228000261573,0.19749328119729728,-0.4409074101971555,-1.0710183246797893,-0.10133566571386915,-0.7110300969480305,0.3599277328191137,-0.4378952480490443,0.20606354247285752,0.08592844172345347,0.23120925616069735,-0.34737188928827634
4.011669506729904,2.401030484936181,0.9222062202765795,-0.623129724187229,-2.4125070821496877,-0.9220026201146921,-0.7741012987715588,-0.060388175937171065,-1.0676247395680667,-0.26916075327044237,2.434421902644663,1.9307730691569878,-0.6028530433211895,-0.4815899838589932,-0.3041376133423691,0.8658792302487976,0.9404059956133665,-0.29424231653873106,-0.10610727107300348,0.3347545169786559,-0.035332747850787195,0.3164687751317692
3.269565722891797,2.1103848274572425,2.4122703831710153,-0.542096251621024,0.5154556895568586,-1.5240782310664112,-0.5993472940591006,-1.6988108674048166,-1.3021267027558159,-0.2694921329741676,1.5411147884931284,1.0610437914826159,-0.7992452106807757,-0.7777432238122512,0.17768614104785346,0.028693224959861558,-0.13427648452003924,-0.2536134105508824,-0.2798586919935363,-0.20201948073285853,0.07878142932736669,0.23730047760480813
2.8382320581610325,1.2060500822858191,1.4053844771403545,2.4963583072081525,0.03829126582105704,-1.4100081205481583,-2.3676446800538886,-1.421891176391911,-0.14947506871172184,1.356779202606772,0.7340480112169061,0.41921531155811753,-2.4153561839304043,-0.7109067030895754,0.4688228225861068,-0.09432157980821464,-0.4996912020333258,-0.2899160353635458,0.24807612444314617,0.03853674569239062,0.01912648654606375,0.6484304162003981
0.3062972192941251,-0.1856676388082907,0.3793043781232688,-1.7456246527247465,-1.5026357384238695,-0.6286266256256875,-2.344517852158345,-1.0585115066346655,-0.9519954506754278,0.2505479431420843,0.8534192363935308,1.4980443356435955,-0.07720259931501132,-1.5695506227836393,0.06914551426987549,1.1093530577155832,-0.3280624088861788,-0.23824152308827987,-0.3358216404970278,0.2191486164946834,-0.15564413135688132,1.1626654955401958
-1.62406153713338,-1.0568621439396502,-1.563564388108261,-1.0184308292154434,-1.967956191441599,-2.4076389621745387,-1.81021636136067,-1.4339983298288854,-1.067847785338267,-0.7373198688434603,-0.0012432803506826258,-0.05365580345655169,0.1057305453418698,-3.1787431949749414,-0.056754453535345445,-0.034211967231040155,-0.0011115160140040313,-0.39830958111324866,-0.30700555143788705,-0.009275864849439925,0.2883619800049757,-0.0836954168662364
-3.107979393017474,0.14121070826414883,-0.623628741391152,-3.57263750637098,-3.8738895618148135,-1.6263501625318069,-0.9194184474775405,-2.3344768892847885,-0.9983107408478091,-0.8820597759009835,0.1840799313674116,-0.7492233624475804,-0.9693714446874812,-2.1217109778390277,-0.4868561405671251,0.5259967930327227,-0.5177456101156228,-0.15188765394070772,-0.9805238088530426,0.07957103978922798,-0.6097696709982471,-0.6802858650713861
-2.4539626424519376,3.0053920605505016,-1.5621857966543178,-3.3462582098624045,-4.116127116703527,-1.8662228530846177,-2.5853072860803192,-0.4770512436318688,-0.5110549513917464,-1.7182158679445685,-0.8683698333176526,-1.2384363537187788,-1.300468050166318,-2.0123372148182903,-0.09455330478202391,0.43600503413083647,0.012145518660462543,0.5970220120398855,-0.12135945793317263,-0.3076937270332029,-1.4873247420007485,-2.554556760765214
2.3387751705059525,-1.5420029269671924,-2.1870758671038653,-3.6518455376276613,-3.495559019245768,-2.910023803454835,-2.1753533184796034,-1.0722202729960968,-2.058700622712669,-1.689451963900725,-2.082073018363668,-1.5868063005219206,-0.7739058872928667,-0.6590244350543797,-0.20876793207439828,0.396601417435287,0.8352179353687027,2.914497747474382,2.466088854854008,-0.09011468983558618,-3.117469499884774,-3.240010221168394
-1.1454590491452648,-1.1229669321262703,-2.1157085849066233,-3.6269303932549213,-3.4192556313470637,-2.7906607698081225,-2.019026802474698,-1.5379090536176658,-1.9831764235485252,-2.7434347700530424,-1.700758082674947,-1.4736163235186293,-1.3070777227188881,-0.04592355191815624,-1.0869741134962445,-0.6136564075201886,0.8124708241921842,1.677044501491319,2.8885688366678193,4.015178824612819,-2.088424334854261,-2.7651374725714364
1.6301423540804572,-1.7440821116659382,-0.8768581648526348,-2.4966483227149876,-3.7364567698903586,-2.345035953383816,-2.6400131700465694,-1.9946443551035962,-2.040971534666597,-2.71069604397978,-3.1597687150631564,-1.3509377494931003,-1.0281093554153546,-0.9267468730146529,-0.6317977437491096,-0.6166472132058222,0.5042649868132001,0.8305469225456737,3.374017634551697,0.6322435992971872,-1.2636676279755223,-2.374961964960118
-0.18234200639662354,-0.88187771655776,-0.5536685429765972,-3.3820158897977026,-3.3639283428394937,-3.8007258843908525,-2.4159961034846056,-2.42774255854364,-2.5516605694712102,-1.7557724854952672,-3.3421956601977563,-1.9975732052701423,-1.1289846624829494,-0.8689880898986043,-1.8457876677082858,-0.44659301921511574,-1.4724199060151717,2.7130216974691943,3.704725723090447,1.684579605543231,-0.6205308107620437,-2.1702451153964692
0.7818062020228429,-0.8549341152389157,-0.7702334279405363,-3.3974518796798763,-4.693025511966719,-4.151077683675443,-2.296538689934537,-2.055264811031887,-4.01240078768171,-2.6407646420795965,-2.7640660271813395,-3.3336211306058683,-1.6144348263250616,-1.1935326744829422,-2.4093490120809746,-1.2783063248968776,0.9764260812736631,2.628691131247728,2.0282750654228194,-0.9032591421350434,-1.3422884913961146,-2.27047289974191
1.420615113718672,0.7581296545579697,-0.8265360092044646,-1.142583055717829,-3.769222738925645,-3.4494014221082145,-1.6950529374464511,-2.528536305451077,-4.030081893249735,-3.793200069169787,-2.4978726277897265,-1.4656951264654026,-1.3641740869075647,-0.6464838864031058,-1.9314779720647037,-1.1417114817708696,-1.407171589755789,-0.391340318445052,0.3645964067179641,-1.7618656906433536,-2.275812164302939,-1.7978338802221414
2.38758500556094,0.599042060741302,-0.2618736457960574,-1.2720961201744108,-2.8839030406282573,-3.516233617751707,-2.314767426045457,-2.0855645534864147,-2.674541778679886,-3.2881529437412533,-1.274571706838557,-1.065915939698762,-3.1006171675725014,-2.459292873103325,-1.7904433681022653,-0.780944992786192,-1.7445058383101366,-1.3089394454357273,-0.8505616781035628,-1.846536571153484,-1.9255695698672048,-1.2582022212029662
1.4354895783950083,-0.2043851322254437,-0.5592240205720361,-0.7242772735146332,-1.7935784994870125,-3.940549939723266,-2.405741008349225,-1.6916485946381765,-1.633028659195319,-1.6497462294803285,-1.1646021013474541,-4.385610036190505,-3.2246387490351673,-2.1054486356303754,-1.2977021950388692,-2.687404859872298,-3.167164031719585,-2.3460991576069397,-0.45647107399621983,-1.5433462562109945,-1.3480486230044144,-0.8107995343400608
0.46492751569490187,-0.8456734509946985,-1.289777772851757,-1.3775320610456276,-2.100084022744922,-2.964837344178545,-2.2455175197410955,-2.082424598873341,-1.7423293072988615,-1.754056911492967,-2.0297100153196594,-2.8236679340877506,-2.9041097143015473,-3.0395602831835644,-2.175701990451255,-2.663486037049961,-2.8890604772115287,-3.1818533198273196,-0.7746624893763409,-1.587175954704737,-1.596739568639099,-1.2568380492099602
-0.2660393248677456,-1.9117444240616208,-2.085571935881875,-1.6765471032956627,-1.789700256776915,-2.243708143061913,-2.2032548433352614,-2.2777114889538264,-1.4776850224697728,-2.592228978456533,-3.182581863404182,-2.7243746124636634,-2.2949815063851986,-2.6008254026046718,-2.7413646162111975,-2.67303195799085,-2.2668391811157993,-4.166321840135331,-1.6561832647288843,-1.5574731121964431,-1.529397459744415,-1.5388107168709673
-2.1435938775611456,-2.072913456811789,-1.7413062239222754,-1.5355256331527185,-1.4780319131272586,-1.7968478560399401,-1.7229230916175748,-2.1445864717182843,-2.849317238557829,-2.9810529900833127,-2.2148871345868675,-2.160986477706538,-2.7277796359306703,-2.2484811616699565,-2.5200293335208444,-3.6088759784792814,-2.213490319981849,-1.5277636293893124,-2.7105947453693493,-1.5840280386892194,-1.3966873824887742,-1.2306833046258294
-1.074964301510511,-1.0448011305740623,-1.8388314446303893,-1.960307669419918,-1.032864994726491,-1.5889329426200367,-2.0010272979465644,-1.8900302302403444,-1.2375289051728664,-1.520211062294517,-1.4119646855775942,-1.9520684917795246,-2.314883611770963,-1.5894212138124895,-2.372614150292966,-2.07312449483896,-2.4566548454078787,-2.0120413972555724,-2.672363761053301,-2.0074551275201413,-1.4447210018455388,-1.8853722110681435
