script/wind10m.json
{"header": {"parameterCategory": 2, "parameterNumber": 3, "lo1": 3.000054539987559, "la1": 64.9999836372058, "dx": 0.5, "dy": 0.25, "nx": 34, "ny": 52, "refTime": "2025-11-22T12:00:00.000Z"}, "data":
[rows 25 to 49 of 52, columns 0 to 33 of 34]
5.884021808069961,6.589511987070595,7.018449338332087,7.983237154918809,8.744481478003534,8.502034361285027,3.7641104867245114,3.521427434267988,3.0362000936714235,1.826579736194876,2.6063693040231506,1.7155646054781781,1.4278592954255944,4.599098523783801,6.343839195897643,6.530440099677556,7.032378628398379,3.55765809389983,3.260213524789267,3.1649190068071,10.029333219190937,9.939147401022694,3.137886746515534,3.3662990233718784,3.255922477088058,2.612386633647815,2.6217570065251907,2.511428497462316,2.345174384559068,3.0604681763140387,6.816365403722442,6.457835754925856,6.2659607090041325,6.5021850436755235
5.8143728584559495,5.928267451209769,10.214781945076473,9.207986128828212,9.167939349178974,9.412186871836568,3.4939334915996483,2.508384873969702,2.2521644073289706,1.903070717652479,1.8379776363480864,1.8869948143206658,4.375015783026027,6.77760035786432,6.6382377142083975,6.0496044013630375,6.9040856742914105,3.9066368659630464,3.4440510478362683,6.325189513576794,5.129730581127723,4.678871292051684,3.137853672865413,4.729350421374689,4.883091444456236,2.3565863699342775,2.4738272013188225,2.7319361715591386,4.219543959887449,7.303841719723156,7.176769789627188,6.881629943405276,6.454261519375589,6.276376879863213
5.91629552647699,6.017968665864527,9.245283375310365,9.31434934634666,8.443262528848642,8.097076865691651,7.667079878701516,4.145926161529209,1.786269762418665,1.7101974354577647,1.434661480865147,4.629496347318662,6.6723327852063665,6.871554655641008,6.423702508885547,5.932228813042625,9.772886433791763,5.297526204919848,3.8870975192744264,3.181346474579656,4.649503855355076,3.7882697940327867,3.3376916224792925,9.764522233788822,2.9175283859987937,2.707461432666628,2.559718385451459,1.966088687924385,4.483202540408547,8.107984399718065,7.017030588077074,6.429377008031871,5.982145100597319,5.740405117824745
8.274929588365733,10.670496103000957,9.360673567916976,11.372834548454849,9.289299989977826,8.478985411295298,7.815748604639896,6.591430524574515,4.514666258579264,3.336648401262197,5.953455454105941,5.748240070095743,6.437030445263726,6.767684128715745,8.192752106179244,10.150226278166992,8.938579672240644,8.53425604242954,3.60977711237531,2.5866409004550297,3.0732481904402773,3.2896084957908043,2.700081896844305,3.0630195677628285,2.7014734163714693,2.3036280890220904,2.27843214831804,2.067081350189718,7.226939787572931,8.095023390614774,6.286579316271577,6.636865739538424,6.8716162365153615,6.303496133313227
7.270318897314273,11.01578981439279,9.784758826187835,9.60968473124242,9.026993554215764,8.725415828135572,8.049956465841618,6.8457954529311476,6.887490218779435,6.584365134799277,6.3854556777838445,6.063159685568159,6.149127966372716,10.444015192315224,11.31840539832568,7.653364957606685,9.95294234993113,10.06778196339575,4.200849281913954,2.2583939044230803,3.151706927801082,3.2315719650159114,2.919208434755993,2.9907942492479096,2.5454828725767444,2.565123955698405,2.1360345353777133,2.425072868411797,7.744612936470938,7.144319717968839,7.2642436247184445,3.7398833035871144,5.480788061211367,5.669285234780504
7.52007236515598,11.162578900478508,10.402376669009112,9.915319224088773,9.328920039888748,8.3531957676883,8.136675335330366,7.328973977026161,6.960855488036595,7.436335500058851,7.177553389238497,7.067059998290627,10.050854592409728,10.847012852830314,5.267529166363534,7.081168274996342,9.88195863785525,8.835001164337731,3.1274561658444733,2.5090059116531824,2.362497448793113,2.7892272180273574,2.6360882892127147,2.5913509493788003,2.4434661814605385,2.397830054296624,2.098492628637713,2.3544190223609553,8.515975552744147,6.936981119685804,6.840628457057696,2.631734089143591,5.484667796622812,4.897987474768976
8.678135103619235,11.338045007856856,11.275426859934406,9.673492668395797,9.509308155362751,8.410734888871126,8.140010930381319,7.187040293737903,7.785910978696182,7.963158943313339,7.97442458474747,8.424250538318729,9.21490242585834,7.702541730098461,4.620513530135286,4.617116114270118,4.987379687124997,8.655625521561257,7.432462955451476,3.352613406942751,2.3097507547707217,2.6425951506781504,2.752285871711623,2.801019631460132,2.6177507614526356,2.0981094970865266,1.8906322852586608,4.533101631381231,2.629172348095209,6.764159458299909,6.360615088045538,2.3802385731038167,4.4155305062798975,3.9028673518390535
9.769098867812914,11.51038129300801,11.540411309312455,9.962094185862808,9.261167648999638,9.282991248882174,8.132124328449558,8.398231809468966,9.218888005744287,8.240451230964721,8.64277902035013,2.888871249990438,9.64916962633096,5.695191479701565,4.1129559456872915,9.429529566007481,9.123801409552195,8.113866131164896,8.827824886778338,3.376411291377481,2.6118420382846197,2.4152112110220334,3.1792057786365695,2.150468985819937,2.3055322257943764,2.0748078157843084,2.4278991201912814,4.902323064733009,6.647124057198537,6.409830795775688,5.480795473846639,3.7836095078755707,3.4721413957299934,3.1907569920314756
9.529105542763254,12.282263165260803,11.442098053764244,10.218906927404175,9.232372780132534,9.828522587867493,8.525126347094254,8.311677844826384,8.500840733258467,8.88930437322402,8.48431625272892,4.63423726085103,4.901653664509626,4.557219487713791,4.27024965638484,9.033201984885844,8.52995247752463,8.301493443409791,8.486164615064686,8.202043686971892,3.451517321398966,2.71794769026778,2.3998196304895316,2.5077338728150584,2.2963098446986674,2.081904553455647,2.0125843125627094,5.945038016118562,6.091814202830732,5.6098509430641785,3.9235023807960503,3.626612418532337,3.59174608559182,3.027925898761072
8.852690099714678,11.969760896196698,10.851218731007481,10.193038840984004,9.525182803793243,9.57626596768539,8.727982725481866,8.602275545995766,8.887506126312468,8.74408194492034,7.990574748078832,3.29723654027223,4.033562849084701,4.2598838317711465,4.434213624299936,4.468940826014392,7.417203189098382,8.587043746643346,9.232528539606486,8.98971335647686,4.071580375570103,2.3077768847701585,1.9698400132993357,2.2423052788664406,2.1679930720019325,1.9959226336821783,1.7362717234988003,3.1982624273860147,4.91456642364866,3.839656939743733,4.059780285774423,3.552077789490644,2.957946747194779,2.5566126996378356
8.950658421632843,11.620692154532337,10.800137314734927,9.853088011793526,10.159327882411935,9.500320289629999,8.69965971878101,9.133888537791425,9.079503973357655,8.47841630442793,7.588061362145084,2.757750079494613,4.772392846207757,4.219008338775053,4.117425236052557,5.934672046537712,9.467547094152604,9.176974608996137,9.108449188521691,6.447880593619956,2.4443583127266915,2.2968751282590993,1.8176661681815485,1.913521206097933,1.7224314223667436,1.371346198880777,1.973622863404931,3.7614428261181327,4.600372568475901,4.552393224844958,4.048905968123254,3.310535564877808,3.130649482407641,2.23277139535743
9.829893444751491,11.613489055000278,10.948170708402047,10.058116974918663,9.17088112294374,9.458811135112219,9.918599863978379,9.492351970269754,8.83543508466366,8.280042954011295,7.744268890755281,4.221892468855436,3.5997144432816435,3.84418956550551,4.659622973331303,9.638459603630185,10.109992994648465,9.214553127752566,4.227190011327721,2.656189073300022,3.1684753705758597,2.5618400935197227,2.113292740556396,5.785743625083257,4.064514352137042,4.398563608613563,3.4853609711336477,6.231886535001781,5.558468610934465,4.19935651663658,3.5875247194421616,3.381595674796226,2.769312712483111,1.842799765016257
10.704920502583201,11.64746263074393,10.795348299019489,9.594699152585148,9.88635305799859,9.816239672027296,9.383404581764044,9.135437078068586,8.42408518467751,8.308013367975699,8.280233033442357,3.526885175380136,4.4124131207833805,3.6617096042288404,6.423712225917752,9.91140227078114,8.430901297401451,5.187859688963728,4.5828039597774195,3.3875541101185376,4.9707758761946685,3.3756816351600496,2.193328897463595,4.27751596387436,4.004468228208123,2.523315162798175,5.428236280436796,6.453095258754204,5.224555111762289,3.646554676016538,3.4163627466376076,2.6628896114466305,2.4262326631869127,2.194124086097159
10.903035912684103,11.456755406155096,10.439016289802519,8.895836501913614,9.797296721480253,9.789405808758533,9.323494544858955,8.941346225255305,8.369376871472273,8.526351399074356,8.275742078820718,5.313580018726645,5.830726899322808,5.546656057790778,6.504581958726362,7.669356050182828,8.368466319130063,4.474914780954273,3.6439591328080465,6.630575659433242,4.814870230451148,2.804434596205079,2.15577810530351,6.525226247328078,6.802254926798161,7.892540489780931,8.067396225161634,6.764663653933641,5.109965192050933,4.168973544279144,3.528140605473648,3.240535444604665,3.0901530462687408,2.758368494241684
11.603948647515741,11.0341499352797,9.874225923422896,9.793155107800555,9.852602199680465,9.450565057856986,9.01111207454904,9.033552861140935,8.85588262319427,8.725085441672043,8.270215524421664,8.497455978611478,4.936027947180154,5.6098840193951895,6.899447093917404,5.157373803953814,7.451097760986149,4.494065374133973,3.8613767920363613,7.132803485743977,6.530424291681573,7.081996501308303,6.759474556257895,6.412332218938832,5.458416662587922,6.587304244735531,6.909925810368372,6.147073811363474,4.764937963331979,3.690297324435582,5.8122778295389805,4.885238585701445,4.129114446968837,2.878372540844105
11.338644102838764,10.893359756883777,10.592396493782406,9.550584093071384,9.223940705912407,8.971209544750963,8.801347147783327,8.71625458375013,8.783297835704703,8.52488663317481,10.606553646400345,8.949012714563048,5.602129935738616,5.732643078487687,7.212343737673138,6.17865229009952,6.533877389468124,6.318001769404845,3.684566826712265,4.0387959289541575,7.846297995908563,6.637056846860643,6.038500789749841,5.9410097409614355,4.882653600713377,6.034786436018627,5.8176890370736665,5.479665952750336,4.708775882418915,5.505615481231179,6.606173953104759,5.329330298353235,3.7211652826893826,1.6750548467187798
10.915164175568988,10.478238573365608,9.680407036600108,9.834023571462236,8.824242836983101,9.337383596145031,8.568730322546903,8.459796300831025,8.594725355109448,9.889626894417276,9.52587257457082,7.4713709430690285,4.244781142276385,5.724952370051635,7.225864553273026,7.824109342068371,7.061249271662492,3.919281731853048,4.587681477631384,8.207393203758631,6.916367681239738,6.868117170500338,7.162356040798144,7.433447356191222,6.469089279242185,6.1417208310504545,6.550545362453824,6.619353571122885,7.059678074225018,3.5066373945990748,2.780020558574078,3.1330550932856043,2.1211655860181824,0.8344812594663833
10.71171442811987,9.947278835882823,9.103182766697948,9.794354103546382,9.25958582385099,9.249274991160755,9.003145961666162,8.43434665069583,10.87971135675417,10.472576117114968,10.020216717711776,9.280255513100931,6.9778740536937836,4.462226488444634,6.599567737110698,7.783303038421934,6.164377752823334,7.53682044177029,8.732283499858404,7.257663294357946,7.085376621352631,4.311760456086633,7.185520103739507,6.588935918199426,6.690950433072057,6.8364011742990884,7.121521783476424,3.8542334202387654,1.771589534757125,2.2440555173316143,1.2899309749149157,1.5432059974130699,2.308708419532905,2.327036893446033
10.011427036113394,9.091449344833675,9.569489229609728,9.609707558499233,9.813976437614796,9.116324411896203,8.946833819937195,12.18049966426292,11.633733800003187,10.716029865646597,10.469289509682207,9.829647229661802,5.849008222485401,4.557903354779891,4.517224490638533,3.905710990983385,4.766798298592632,8.145382149415859,7.09053175183553,3.695499457523486,3.049854309893143,6.71385576273074,6.558815178317262,6.80748377653957,7.432674824533721,6.918016672891735,4.155714241848942,2.4529996058632912,0.9877178564209211,1.1197494440007445,0.8249289564415383,1.3625764309361112,1.4779365698981468,1.214399991642307
10.243058474393278,9.875222596275906,9.668617904494457,9.12162729749549,9.59782037920972,9.241068353868934,12.537232377581876,12.111174740901978,11.198764905866184,11.360942254405222,10.47400291764644,9.7477332434381,5.020582536994204,4.322152720414638,3.3035955954538245,3.77868628319169,5.538253511652884,4.954403599605557,3.5430864950381564,3.8556802821737572,3.1372312079006037,3.960303816412279,4.7835372593906245,6.061138996659287,2.4877457147672275,3.9679443123473264,2.5806196702735873,1.2719362886999395,1.5596101237516196,0.7899447909686972,0.6503278049494389,0.3739697177397243,1.1550321501037155,1.056497496987964
10.854558509731197,9.925421619986965,9.477951894453204,9.049988786820537,9.167858221445877,13.460846611901255,12.516060843828642,11.635612413456741,10.879279242016993,8.030660247054822,8.568578157589174,8.566791976855027,4.5332326136235785,4.622879686652818,3.2128888538765183,4.2150548367424765,4.3553194477067745,3.870115868536538,4.04539090304291,2.8578217550434424,3.736337395324348,2.4479131665343665,3.2887494265902304,6.04296614225258,2.766762680590475,2.3564938897671333,1.9258990622984622,0.9213976212159917,0.6807482745521962,0.27733402007667735,-0.014995661566628397,0.18122975231878183,0.5586516963135765,0.20259691804053276
10.449685614845075,10.036584915071202,9.017646807314497,9.57821719229385,10.162733002075207,12.457015247729599,11.114766308235605,10.260452032151715,10.219675616025299,4.543498831364957,4.805545223144855,5.054755731412465,2.9608839928870196,3.254103708116582,2.6344963110599817,3.0698822659728857,3.241565424795437,3.1355445727825946,3.6644628056742534,2.315683006709848,3.022021989098267,3.273484568534578,2.232958082260497,2.231118566744433,2.9024585566385817,1.6960064783931796,1.1424587228300387,0.903037827788169,0.7902738244506614,0.8227626187306508,-0.15512779267733398,0.3968157703131676,0.1767896112480765,-0.2563340489858855
10.061205751002031,9.403877426441017,9.095730852130599,13.499314306366982,12.717145656509512,9.085950679378294,6.417717449557261,6.028168221277719,5.737380164419052,4.991042959626819,3.6141173351780824,4.488341182562952,4.10298514090882,3.6050634794066445,2.808164388978278,2.6692936040052424,1.4032544047715683,2.2248578819342106,2.4933713513342033,1.783153201276308,1.976053696350043,2.1612534925699864,2.672136162771666,1.968417631516122,2.2888103165087763,1.7429467443262403,0.8599153527026685,1.361934271238517,0.4549179531655477,0.01471590613869958,-0.043392951387761274,0.10800751333270232,-0.2514458165372627,-0.7523192086704967
8.961759610630095,9.452765650981005,11.97065949111833,12.927231908838147,11.132854636449999,8.49439518973455,5.715832686256875,4.768892669072542,5.51824823979444,5.292631512830317,5.027380003894145,3.8783990770960934,3.597539344692256,4.072625209988995,2.4214257144396165,2.377920376553093,2.542938591252813,2.023140750104,2.519364037055072,1.6797831628848383,2.184417038972098,1.5255510384540854,2.7068968288381723,1.804171742922858,2.2108497036864625,1.7208841150544791,0.6934017876281732,0.9795700593152389,0.3302533808301542,-0.7492303190946618,-0.7289217880040362,-0.7075262902763031,-0.6749128465615024,-1.1757413143745625
9.918976180778781,8.5486628206841,12.982601424576321,13.651987380272926,6.156724310002732,10.78478637489687,5.488438279403189,5.3230723058197,4.694028995643762,3.8526778649284465,3.6895249258479974,4.0551327844416445,4.401929074206272,2.4094970258091832,2.4452476571593236,2.3009372016582366,1.6246104261271679,2.267870433926426,2.7045462945447656,2.189162704802894,1.8514373907545605,1.240730655761988,1.100449292844751,2.357490981931662,1.891814768113289,1.106426911108182,0.7653593209060424,0.7304796353822677,0.273954907424414,-0.7232917738478807,-0.7083591671961426,-1.042310451499793,-0.5198231229078236,-1.6983694768975242
