script/wind10m.json
{"header": {"parameterCategory": 2, "parameterNumber": 2, "lo1": 3.000054539987559, "la1": 64.9999836372058, "dx": 0.5, "dy": 0.25, "nx": 34, "ny": 52, "refTime": "2025-03-25T14:00:00.000Z"}, "data":
[rows 0 to 24 of 52, columns 0 to 33 of 34]
-1.89642156663183,-1.5022396261217135,-2.0653787491615194,-2.2509160090436944,-1.7652761280187077,-1.7592047019989119,-1.3983707476991787,-0.9437628033636603,-0.6258763396601661,-0.14023332868056748,0.16878200581794775,0.3349599775040834,0.6257439293485884,0.741078089146019,1.0767995443307885,1.3090834129610236,1.4729997431468926,1.4130622346055486,0.6962218876580406,0.7240293931719155,3.084297365023951,3.3119150318644874,3.887514748652186,5.727587689732208,4.8933320962671045,3.53579674239454,2.8876566895743627,3.1558041579497718,3.7836868945952458,2.683093892489885,3.4072745811271297,3.116846040622947,3.30403536627359,3.3865496693738795
-3.8136782374139515,-2.534874230111299,-1.2882146286073537,-1.317421501028211,-1.7596142863520265,-1.6883379873014315,-1.6887264889783153,-1.5108359395725437,-1.1886964176036015,-0.8103336106478218,-0.4662374645951707,-0.03340772861227501,0.08301912645115693,0.15085188390058496,0.3723034313007699,0.36131695332754926,1.0199922624839663,1.3304875474326252,1.3693349900712608,4.140728646850258,1.996792631573429,2.9681488158729663,2.4038541157929205,5.771891444734803,2.8878423745642436,3.1581318214648286,3.4706933553179193,4.826395907698742,3.2114858048408204,3.599858724534272,2.8288356182894914,3.532338896008971,3.1760523686658466,3.535887836127685
-4.326855300724384,-3.772906015271928,-2.339572819097524,-1.3105935151585428,-0.042795478493866855,-0.7663968336334294,-1.5888819514584596,-0.965091284555557,-0.6230390734384939,-0.7685581392783786,-1.0702001629684472,-0.940046042301038,-0.7973194868947154,-0.6992179229088801,-0.5077588024798013,0.1615489034134373,1.2173502343210314,0.8182285971931569,1.470008034262695,2.076280915647131,3.1272881969595354,2.5491570875904515,2.9560212185675545,4.24345399747441,2.763814824728532,2.284714360718341,3.060134039069372,3.2082583271811393,3.3269817363725105,3.5304251693238156,3.1966012785838522,3.268518761137704,2.8246271661652087,3.4546450366640213
6.312084133708172,-1.5517943869820943,-2.970061742044391,-2.421798632307896,-2.797825046653763,-2.220736959597671,-1.562569380158251,-0.6923892788143525,-0.16303465514158558,0.6408600256181409,1.0831872567729142,0.9699685377818162,-0.8562083115960579,-0.6626080262533047,-0.9239110018530717,0.14872663411113315,0.692127859781278,1.2107684767685465,2.241921095451218,1.5026432505937088,2.541956103924105,3.111170600455396,4.401289755627317,2.7958136102838593,2.1010224570070246,2.651482660501371,2.9409969725670995,3.121578700530093,3.2092317287029113,3.3968134848975424,3.019052658034458,3.223758038687105,3.1322976064445336,3.0764301133070906
6.077879692242519,5.933724432463004,3.696371452042168,-2.5834478247361012,-4.012459876530291,-4.895682265005848,-2.8940469634991675,-2.4118309610535453,-1.932096305073556,-0.9773194801008942,-0.09739338692101689,0.3308678391473005,0.2754777334438639,-1.036015472143398,0.08975021073918137,0.49739026923824803,0.5761937752477813,1.3595187409715386,2.2813432858507268,3.7969838169527246,3.136780568433725,4.353536817112013,1.3631727113073835,2.6770558534907254,2.4468698641062714,2.139866756113489,2.3553926080541503,3.0115941678468423,3.3557574220337973,3.499034352940516,3.4512043201744507,3.7116812733310174,2.996038550307134,2.805424306007448
6.773502993510121,5.577290208849831,6.025034934200058,5.312720498540029,4.5044599615041525,5.117535621301758,1.5138373528242879,0.7582020823299415,-2.3610988245190527,-1.5551209645341515,0.018272734812545995,1.8565039337158948,0.7165638753462084,2.4309354491071176,1.212283694925283,1.4321727274759999,2.312334738860632,2.246484390928118,3.3833626772629954,1.973878056549401,1.06592741205916,2.3039817759426566,1.5358341566030593,1.4804818751268065,1.8776113971541517,1.622356492146633,2.5379118528680458,2.123217146569463,2.47086218359068,3.277450349569309,3.248234004904489,2.82964199418389,3.1807085392566345,2.7501216220199374
7.01285330458761,6.613701000832115,7.280526458910856,5.875873208130569,4.648361554092772,4.751229208964065,3.237170654906651,4.031683193257976,3.593734158947986,3.9613366305594067,4.546472519551801,4.321762068112358,5.659074094809954,2.13240215944914,0.13570957575711484,5.525009136037652,0.7945423267331272,1.309660136435352,3.0341633823746674,1.7275392721790317,0.48263858308105273,1.2585161000243368,1.4186591347773656,1.7600011753024494,1.696123559928095,1.1502126222317182,1.859255812492455,2.0217950375202296,2.650059079633328,2.5119605528744122,3.064274851843646,3.501470003097293,3.1370198344328846,5.240389104231204
7.290560851946199,7.301308734895124,7.459117974065928,7.654821520687308,7.451316292345691,7.193682515679194,5.791396058261485,5.788068597597654,6.657026963027165,6.134853372550765,5.59749701480233,-0.7192204775697663,-0.25580702976977965,6.376011529957042,-0.025666900614073448,1.6474661741439471,-0.0034859738470490466,3.5150331812758324,3.8743288240001843,1.8696059710551196,1.665058881633243,1.2403312899379941,2.0126782586376164,2.2547112658670856,1.3121706290528024,1.6269222622177657,1.4933715887350942,2.110498528992272,2.145390070505162,2.225378130536776,2.6365453863137738,2.752019923110124,3.4528862317497953,5.190165331405296
7.11232259533258,7.232989254964541,7.380027519289096,7.242429422809482,6.960884398472663,6.511118721199288,7.63924093933156,7.922862237838531,6.58144233004155,2.221999957206268,-1.0035839209267086,0.0948479409594532,2.057454238317776,1.5976981190085537,2.2630569820758035,1.3363597088519865,3.77509150719627,2.9044665945461774,1.7111666805627814,1.8007429018855965,2.5337413283501196,0.5564281112536877,0.13596527392695903,0.9210055684749456,1.5469323315524817,1.6258431633261627,1.6026113287095638,1.2157727549556854,1.6237225058575415,2.248638390995066,2.591706250676044,3.5498067195189935,3.6944179316824703,4.575649294805706
6.4408845152689125,6.675639599524211,6.204514083157784,6.3424812724329325,5.4228498540657,6.826931087575289,6.418204768834478,5.02857278669535,1.0358109668833426,1.4814533906529588,0.17740212935823044,-0.22207358886275091,3.4941086038798654,1.6488627042793853,0.173331276025412,1.675000956368037,2.03656972099291,1.62500451550391,2.294774509242396,1.220700251226173,1.2893696394256418,1.0727878059849745,1.0965912528582717,0.08721312675218729,0.9769018382049344,1.6131620587180109,1.5877543852274907,1.6715889403206523,1.8752946664076466,1.9096217016434662,1.5992185646670032,4.032605351521835,4.372004817165479,4.94814638801
8.089914906481901,7.761469805275697,7.015466402942533,6.471141682841301,5.145526871400694,4.784705302209405,4.227246698650041,1.4979139790798697,4.232573175595453,-1.0676122881703547,4.809474729449498,0.8604145636020653,0.4392066783758291,2.6860398407648125,1.2823387058500786,2.5498326487434606,0.1251402578845756,0.715877424880531,0.8667034781647748,0.5901842813272196,0.4804270858931928,0.7595968214693537,1.3919560369440693,0.7270828271401198,0.8165155577175909,0.9454786735129002,1.9414459020259636,1.7322635876234407,1.874857377876942,2.015937485564114,3.201367875067354,3.931613261656295,4.287690968437108,4.503918209976706
8.097843619461688,7.551075888386587,7.076263246318744,6.053684273587662,5.024026923957864,1.4541789311382276,1.0721528891043968,-0.8183277438574684,-1.4998239326122091,3.3253913356906235,1.6752707378914002,4.325444244291221,1.369297215178274,0.6927088553155762,0.993950684702655,-0.38578785492999207,0.2392385257594766,-1.295160676098488,-2.1661163990359187,1.2517977342790225,0.13770983514414556,-0.39112724303381197,-0.1573324842270769,0.5441431203952115,-0.2384469685981896,0.7701568767815694,1.1193708164895402,1.3228447773189587,1.644151842636983,1.6035231858735757,3.8673509612177615,4.513024153557337,4.148527835013546,4.84594900616127
6.881856062537416,7.058326356076244,5.998650237138259,4.8242835556902905,2.5087177914436958,0.7300316178121348,-0.881607568946886,2.084159184653351,1.5062956020414382,3.6924734225476636,6.617349812054442,2.916854768611687,4.690455571866613,5.192449596525007,-0.4482396454990766,0.9078640782211759,0.6286540979707582,-1.938770756949525,-0.8618154322639355,-1.2935152288821317,-0.05103587894660369,-0.08793845459847598,-0.330460815545246,0.3371860177088981,0.09557034840784377,0.719113812970523,1.087741007388113,1.230114430535661,1.5847098600687237,0.5596063536226782,2.3355744501965012,4.153871918826896,4.214932548361714,4.853038054769584
5.458076856946051,5.100118769713891,6.0354617238110775,3.9860241006356576,1.368444086178234,3.7529451263188975,4.4949112371393865,0.5273125772711724,-0.6183625447831136,3.070028117635993,6.12159949325942,6.12875610997114,3.6487819465225235,1.567896784741501,4.224438914200208,-0.46464094281863166,-0.18212940433087457,-2.1624927067355784,-3.855949900789874,-0.6969106856142598,0.6620065678325204,-0.5348512476382484,-0.10684723245641556,0.13168180541142457,0.21562189925889455,0.2595429729106154,0.8112303165194332,1.2936016804582355,1.3986538118034428,1.620394360054043,4.041503644869147,4.265790663592502,4.461527998602261,4.704084272493421
6.423591398287781,5.822914673384188,5.299732263523475,3.5822118434317325,2.9856382853366745,1.7273717101146948,-0.03910637981538961,7.340513335376404,2.9443288820625115,4.335153120365375,4.769028380401667,8.031522469649762,0.8151271071928026,0.5830379351964006,1.8030385218824965,0.9885955831407992,0.23297000989999797,-0.5254397834848712,-0.5267510038291281,-0.4987712780770961,0.3501771944755427,0.5316771517069382,-0.621778407196735,-0.5000113954313504,0.3203999688366077,0.628768540640045,0.7056793593090462,1.0370703160854435,0.7895803229668755,3.2575114425391165,3.7968011394693115,4.143440932322712,4.0371670756364555,4.14028160075385
6.275884073613016,4.363381056795891,3.9269474273655,3.347427861617907,1.5753267057034896,1.7092713323620237,4.55046757721944,-1.8304641804719795,2.9433513018933644,4.517838716503631,8.506827740212115,10.347234884834672,5.644943167949654,7.000084539610771,3.0627152136895957,1.0575437304045654,-0.4045882884276573,-0.5943496020015439,-0.8871174584956507,-0.5025848863287579,-0.7113396860385337,-0.7251044282108684,-0.5459150201968563,-0.89549929729125,-0.5235004659381634,0.07878555882459973,-0.13985520639115973,-0.15747905728568698,1.242426590736948,3.1371984933112653,2.671581378635445,3.6388440222498253,2.887325597345389,3.324365920174648
6.89554650057596,4.304217591175802,3.6588526533784544,3.351088945640047,1.427413320878111,0.49396087271473516,7.142638384258178,2.457719402941835,-1.2499951682910238,4.328279593251672,10.573426581157301,13.073489816590344,3.940979129700346,2.9213595243159616,3.1725151959672835,-0.6035254448392269,0.8088181034152349,-0.1325906359354372,-1.939009704932532,-0.8982506382219854,-1.1818390461578112,-1.336385938658086,-0.8309113950747568,-0.1744781854722949,-0.5532668903848278,-0.24962024646264894,-0.4724921794159488,-0.15723925742323897,0.5494667109143839,1.7628073999437235,2.5260124176465104,2.8180719401001584,2.442432965227387,2.357573322366165
6.255480025173471,4.170231535748688,2.7510930510668934,2.8148493813754913,1.6255030260595376,2.7011857758883435,3.510808718074882,0.5172550176796452,7.493438283790746,10.972245744852566,4.339263239566686,7.229940003076381,2.4319193035775224,3.87555590234779,2.067585861803665,-1.6813014688858778,0.984800753381872,0.4620387487442639,0.7553983745243736,0.3570523946843459,-0.71290493752623,-1.2874207812206233,-0.8659911063503157,-1.156427152902886,-0.300454942796473,-0.699503626588588,0.13194576546219397,0.11514771393637992,-0.031225123324547015,0.5185324169111639,3.021435804518537,2.6754288268738633,1.6528824595763074,1.0285301388436034
2.7304246602618707,2.4245062950151173,1.960847058395357,1.7077197014957104,1.1491917173987758,0.202733073657292,4.387953566160402,1.0775625620428055,3.7361128891468787,14.34295268063096,7.489631157946973,4.780254696823975,4.437914270983476,2.676480976613157,-0.19886761322703728,0.3269441717183598,-0.17336703029950826,0.23570116306470376,-0.5527935534268247,1.1972272288367307,-0.7748762887853915,-0.3109844758086372,-0.9781322276502769,-0.7714087694636861,-0.5673818747107753,-1.1708117063300012,-0.8048925741797457,-1.41128197241453,-0.5619068528176496,-0.33263302702876973,-0.3578125322858068,2.5018094599076717,3.237230561360377,2.955517878566663
2.290239814727696,1.2119128121327576,0.06482239444887197,0.8625332342431095,1.0325131511432306,1.336097263174219,-0.28851455783559443,8.39150983445483,7.870265334552546,8.298688435543468,6.865175539586561,9.40957314584104,3.7434943176639797,6.616856535817846,0.43168002232808195,1.2386656975476267,-0.29578084356249384,0.3566443931337221,1.4393208336728704,0.7538533159037314,-0.19250178602140722,-0.0971079111779992,0.9987923516627063,-0.09718306846317035,-0.39942000837706815,-0.531893818020471,-0.6122476633766595,-0.4876001878789463,-0.1270197689070985,0.10489780441560263,0.4204250011405456,0.8250415804096725,2.387136877410048,1.0271132019395637
5.553828978163971,1.0878155276962036,0.5702347196171191,0.034927269154690056,0.8561392156691211,1.2297019310709576,1.0659692335030495,-0.6842196587570796,7.761329538544025,5.454957484480539,8.337967310824439,7.575888117862277,4.370542073809446,2.3884016878603185,-1.04638052891503,0.22070756764244603,1.4323660773562426,0.8845446639415994,1.0779201925478903,0.06367164960107857,-0.0019320828212910364,-0.19635138478818318,0.7732948331905849,0.5451794578772164,0.5621233203143219,0.7130048051795927,0.5765820206820168,0.2536932374753511,0.12071034415555967,0.13705623075031834,0.7865705810499405,0.7789406351640573,1.2337809506607555,2.1082125963617755
10.094366716944316,8.254273866963754,-0.31569851952569045,-0.17924261535868355,-0.2875585961788854,3.7396900073323183,2.520981206770401,1.3284292640254567,11.937718581923548,3.8822679997868526,6.884729140582634,6.548187409638454,1.6436069604944785,3.0415586890302198,-0.2987184130805613,-0.8630014711718992,1.0549042430749813,1.2071358726222838,1.3062640281473803,-0.4073923822588173,0.7756526409613358,-0.6310456138616751,0.5614300485302871,0.8022464432239657,0.934521671725063,0.7942067413663838,0.753578046052348,1.1931150298788746,1.3086888812206352,1.3919323224495177,1.138171514740847,1.1734272411754598,1.0478958671587524,2.0649442548674015
10.877800372866963,9.411198332243488,6.993361108451309,3.881266637263066,3.386011809869383,1.1850003310885582,1.6330242380517204,2.8031455137004295,12.16022227244459,7.673150615507323,4.100676855827452,4.303524288007452,1.398333136733277,1.6336672669509689,1.32227335574749,-0.5452597640803528,1.0659779789787798,1.3710303322718913,0.8043545545748584,0.8953123327706051,0.5105896952559278,-0.17014921692312407,0.4869642347938379,0.8444737617228106,1.8265725621788382,1.6651719480172005,1.9741388928514936,2.219863647665273,1.6631801468576877,1.542934732767023,1.3569540134475904,0.6489428788699029,1.7104078640591613,2.7206981473108565
10.28629427233994,9.255191641348466,8.507055601860563,7.168998400067009,6.9357959839010155,3.3830735939529166,2.2018664718018632,4.430512896517601,8.284135804410731,3.4366754816387934,1.9544028732842553,1.24753563034177,2.851798000582555,1.743676189720338,1.482861754134913,-2.129662681813132,0.12445416988154381,1.3950369931382731,0.7117237922222127,1.3159019594619388,0.3349693150348214,1.4656146028592747,3.355995761038619,1.1476389548204449,2.5405036330164763,2.515165489512905,4.50525760825677,2.4590053421475546,1.3924905242503838,1.5414277869941473,2.088791337477838,1.2594494672880254,2.938814576071337,4.874573108871157
10.007557545087048,9.795855802902329,9.359336545639056,7.859893784195187,7.690702515539377,6.640125716253933,2.8965745798637665,7.709662714016816,9.441206215404744,2.235985371163058,2.9069175248754013,2.9144862016123914,2.5918077637943706,1.5186580709265818,2.250560077801913,1.36368017757271,-0.32694714749707277,1.5162338572746252,1.2972396407007019,1.3164724068425349,1.5689095232496462,4.180263761924736,2.283699487748794,1.5905850153414351,1.3381599686661094,1.619682892823332,2.3220363683512972,2.219515807262728,1.974919912535023,2.1112097341416267,1.4888553404053328,3.564737513834323,5.590165621312751,6.118193293678807
