script/wind100m.json
{"header": {"parameterCategory": 2, "parameterNumber": 2, "lo1": 6.000198445256149, "la1": 58.999992894266676, "dx": 0.5, "dy": 0.25, "nx": 22, "ny": 24, "refTime": "2024-04-30T16:00:00.000Z"}, "data":
[rows 0 to 23 of 24, columns 0 to 21 of 22]
-13.761277130172088,-7.721122271856077,-14.041504911380152,-8.173162135066727,-12.435401015011486,-11.390443964225799,-15.397910613585589,-1.1574353466935994,-4.347355264980681,-9.34047373975773,-7.6661834200311345,-14.66647918068325,-6.227595173750824,-15.2116464258904,-7.275336144491074,-8.378548922501057,-9.393612652390079,-13.02319353133229,-5.609373148300773,-3.4858335743096713,-14.585924354268489,-6.294981231556184
-15.322199157920322,-10.783575419468635,-7.13869805413767,-11.111514056556434,-5.428649562013975,-8.485094008574908,-11.518932636512881,-9.657203636769072,-16.853602933617765,-13.062535858181155,-4.924903380755482,-8.676864336948055,-6.423698368348769,-16.639425646557875,-12.412659363751686,-12.294572408867008,-5.428498025790232,-5.053061628921758,-14.199521803792294,-6.508770268632113,-18.47381245803406,-9.732710166058316
-3.5675173116764096,-8.33686478964593,-13.626452344817897,-6.2062149349703075,-4.6789897553010436,-17.734589435311403,-6.701506294874951,-7.447762563682902,-5.340189900327408,-4.361268350109473,-9.081300912343831,-11.634183934469867,-15.050507107362966,-7.380342029107889,-5.6688574240773715,-7.754320031637711,-9.80930323110363,-7.000224971322322,-9.806337412693454,-11.033695861132653,-5.102393155944678,-8.327010685491556
-12.616952950826988,-12.648010284768905,-6.0414322000905525,-4.936614857827298,-6.980858054311862,-14.644604324622085,-18.4717714543491,-13.311741528988398,-12.233711078723386,-17.43188413116018,-19.413840797237373,-2.6190900800768313,-8.978981964772446,-11.932745493977093,-6.652776204501361,-7.113999331529381,-1.111631094201917,-6.801208907664333,-9.914303069500543,-11.785533373931973,-5.52477078552099,-6.325408741190821
-6.942511958683995,-10.742571015344339,-8.820107892894997,-5.118856874880388,-12.294344840772697,-8.257404928661527,-17.11342450559014,-6.539838743515008,-4.42522371672253,-15.221520446702144,-11.798802083012166,-11.331857974492962,-11.934638469647634,-10.654265820270588,-15.436380127435148,-12.257783050683651,-3.088477870817091,-9.930617093110088,-10.264984823700075,-7.050743328934282,-15.154794491396748,-11.619551766231215
-9.06642106892388,-9.577853966984422,-16.141137050638797,-16.53791469512347,-9.285381238190448,-8.616050390678758,-6.297929507606828,-9.907729968035408,-7.347913356955245,-10.80355220911392,-9.49510790580585,-7.509538471183252,-9.152818740124241,-4.671913412512044,-12.073175811114242,-9.314828154448493,-8.07117573734471,-16.325337670434358,-17.069341022409496,-12.941698169950065,-2.482934201138159,-4.583219432003183
-3.8149761052531317,-7.874985100539279,-8.928575158530816,-12.364983976114301,-9.344373042801623,-7.259731859475203,-3.734516939640111,-7.823213419339132,-6.082453533682928,-3.7780313347690173,-13.76968769712697,-5.027400067718611,-5.504415223986201,-10.076402550508103,-19.233937052749948,-10.283118763639242,-6.5475350360359,-6.4467643577467815,-11.910143952872467,-15.767448304404148,-21.860544780039366,-15.172867483638214
-12.177491208673256,-7.5776719141099695,-6.936348110039991,-6.316689864513724,-1.8987894153440215,-6.780095670149569,-5.447723350786499,-4.1375511959475455,-9.396176760786178,-8.33386332650273,-9.527711175531714,-14.388566773383788,-2.4504462630746815,-13.715038052774426,-9.836096418691396,-6.758785262616803,-7.721791638826572,-4.7322727414728165,-12.557609966668563,-6.612035965975333,-14.471136363342685,-5.56703907317534
-10.852028339942006,-6.427107873725965,-11.736504262990792,-12.809050310396444,-1.3015440545432175,-8.120502821180196,-4.79112488325997,-13.179890242981962,-5.267950708345864,-12.592271532239641,-16.25681679303793,-7.069726352440883,-10.40688084329321,-8.634999759636726,-15.996122654934837,-7.659370418147039,-8.063068122731915,-4.1423073291227235,-13.783374787278339,-12.869858818727648,-4.298807865691157,-7.055501883263191
-4.207631284981584,-11.784672732682361,-13.315588607422859,-12.522879712116644,-8.6127630907569,-14.734935964448255,-7.57549392464736,-14.67852368286712,-12.14377155486329,-13.889813922635033,-6.556627301632322,-8.829285822193073,-5.98427702455624,-11.598376676098246,-14.291978464618145,-10.379583855983766,-12.29083876464643,-6.377566316042712,-4.0885305227922055,-15.263479718189709,-10.193515433347761,-1.7888936762138283
-13.46944106431575,-7.653748153588794,-10.825797730095326,-13.260996886490602,-7.774760992932019,-12.364725202781425,-8.67606379344147,-9.729037142463694,-5.746499878245689,-17.127402820613867,-8.056460365944178,-6.46614587900283,-5.285643743589436,-7.461817083938103,-6.3882233199535,-6.670212701691951,-15.599614570380561,-7.047570090137803,-11.343649787674163,-4.955243993148396,-15.450009110027647,-12.731091539079685
-7.021728965679706,-11.250628654389137,-10.988251537812767,-15.041823272414334,-10.244525802890822,-10.412072686626537,-4.160586076532411,-16.492274327473158,-12.223460265159064,-11.163553116666659,-3.421381054186216,-8.281803758564248,-3.646625638291824,-11.54053770173856,-7.336221872727045,-7.98518409069471,-13.457219996427682,-11.528969575856436,-17.061863321138492,-8.097399711847155,-9.160097349755725,-2.4569433967233776
-11.12206367152346,-9.061021012578381,-10.19777439714384,-6.243440435038453,-6.240939544839372,-13.484244770015627,-9.192957382467085,-5.561768537298974,-12.861239574115015,-8.430860824062668,-4.693794766695235,-8.803102464963533,-14.000851185610992,-3.422591574204465,-7.016739022944954,-7.291031508615737,-14.34178471501385,-15.044212450889283,-15.2829387193587,-18.933641460183843,-14.050462717275543,-8.245145162316472
-7.022970477676914,-16.344626921304535,-14.246989052606137,-4.114059205170025,-5.9402235407742,-4.47739032410602,-11.375824878546656,-9.513355075021401,-10.086476079583283,-16.070263678394628,-8.217360650657678,-3.1953106369028563,-16.77466683342124,-7.4762272299986385,-6.479328595327713,-15.611478260644379,-12.984722428453123,-13.609705809297715,-4.974365209180682,-7.65988211276862,-8.406805571597536,-5.392660065649243
-4.1615810558402515,-8.622371499013992,-5.58901546975983,-9.758576200234724,-5.4087977610324325,-11.468976869996789,-5.738708013531783,-6.450615395519713,-11.469721222346493,-12.006600442315301,-3.560790188023935,-15.686237591991008,-10.56255864770204,-10.666716268282578,-6.864347049329838,-13.54517216462767,-11.537507059632263,-12.071271457528743,-6.514965258804681,-12.938299677345666,-8.222433534423555,-12.851970773591052
-6.601683101897849,-15.653833768712023,-10.953520490277148,-7.93431960280036,-12.112690516910634,-9.28726066223808,-8.581454015308118,-6.664501145780053,-8.005235036211328,-3.877460844253527,-16.038246518443522,-6.681528318839197,-5.784965139391782,-12.835756998204241,-6.929700646280043,-14.298254016956832,-2.591179906050985,-8.194609233580783,-15.25888973782821,-11.429963361938444,-13.716967691051094,-9.438553069224854
-8.183446238656412,-11.075468338187646,-4.657709376928907,-11.970711961053865,-21.405187147771127,-10.141869055195821,-6.942287634396176,-11.91607641211547,-8.97850987895785,-10.684028405528704,-6.781830570214596,-8.846243291227825,-7.786235944289765,-11.659065177737489,-14.95770566935536,-8.463513702795703,-12.570908796675582,-5.563075639103728,-12.92904534934364,-5.605508635180599,-3.0947862908347163,-8.773589599497766
-11.919116557755736,-9.395470171100284,-6.094901050918163,-11.753854268970231,-5.255412429778781,-10.163178778400386,-5.652971549052887,-7.007078008943267,-6.199266742208583,-7.1591979463997575,-4.248622626600505,-4.248281802275278,-20.00743232999309,-11.34054622710763,-14.800840353995328,-21.01110997821504,-6.049358458501761,-8.280285483204073,-3.220996974812177,-12.245003416514052,-6.061466562391541,-15.177146407777652
-19.431438443817026,-13.698515298078725,-15.541597133813509,-9.020771957497589,-5.480439288693971,-11.859050816735534,-10.32553462054376,-11.768049741820565,-15.75164810737051,-13.62511517674575,-13.189554081674684,-13.692902724431953,-7.7272345798885445,-7.0377738806455445,-2.3614320171989,-14.63677792886962,-8.588641446652147,-10.61407853342827,-6.040142679581417,-11.923580162658576,-3.3891955209262026,-6.296293686847041
-14.174623683598927,-2.826352867643566,-9.7514494468407,-7.362612506203933,-8.233593390858516,-9.869367638248598,-11.239661011503587,-0.8294802294462919,-7.245034831277458,-16.943828140642943,-13.152808152955437,-8.559465178876057,-6.30960787902035,-3.573050774376877,-6.517241945435512,-17.683134468530554,-7.665341832923993,-5.995262872306493,-16.20131597776118,0.29198366215820143,-14.474747800568673,-12.57039133467342
-5.974583853381184,-10.54807667368904,-12.97932430813525,-1.8165187500674358,-7.907460104743556,-9.025876909957661,-6.433469337511886,-6.8006578130116395,-3.955640461103811,-4.690647681224644,-3.47778876826604,-4.772118010610027,-6.097759333363929,-6.307909763877764,-8.090391782430615,-13.339634466165423,-8.898186734094518,-12.18076529391751,-8.263520274024136,-7.444683568245501,-9.61063719889686,-8.17225047287206
-5.589222715921139,-10.618225061886921,-10.190923714506456,-4.7244551468250116,-9.609020863890537,-6.97456431238184,-12.045869880526455,-7.561411727942682,-9.703167817752469,-10.619742112324479,-11.706236808523643,-12.848301427407526,-13.930893519279886,-4.030347513734416,-15.094677941755293,-9.843151767774074,-11.402678741458578,-7.310138978679191,-2.8731770647931256,-7.010023921609887,-6.500300264189597,-9.705022436356607
-10.160287138261054,-9.23561831853459,-10.578306208304605,-3.210490521023112,-4.927327646079991,-8.403680972539206,-11.865191547718743,-7.055880529179493,-13.51878786647717,-3.939319529833597,-9.179741215770875,-8.909055836279743,-15.606583085837192,-7.9742515545000785,-16.38104137417368,-6.573034949142219,-16.677404402541416,-5.721094809353679,-6.397681521251421,-8.53435414618358,-8.776607078902954,-7.712652108449536
-19.854227333004005,-12.740757044810504,-10.813590237764313,-11.902098115693086,-3.548547753337059,-13.373333269654871,-11.36317401999771,-15.15740041391897,-8.743507557114938,-8.404637296873306,-5.439595675829076,-6.648186003328689,-7.054989631278989,-11.89401457464048,-9.182263907029286,-15.68572760183723,-12.075472661246385,-9.085381082079607,-15.27954683233142,-18.818462894921012,-5.098917386123197,-5.355014749303258
