script/wind350m.json
{"header": {"parameterCategory": 2, "parameterNumber": 3, "lo1": 3.000054539987559, "la1": 64.9999836372058, "dx": 0.5, "dy": 0.25, "nx": 34, "ny": 52, "refTime": "2026-01-16T04:00:00.000Z"}, "data":
[rows 0 to 24 of 52, columns 0 to 33 of 34]
10.10028639804743,10.659767192819848,10.892291094122841,11.693478916605002,12.100638767018443,13.318636698587104,13.343986420782612,13.796594478326561,15.998312885555668,14.176515851644373,12.619954595440698,11.884447205996306,10.022114026995311,9.11888436206464,10.377675927508296,10.168880019502227,10.680741194124089,14.07759208703932,10.990201068459472,11.394877928017184,7.168525682199848,7.892986404094269,8.190015185633236,8.969639665145278,9.758347589166185,7.7057132433816,10.940866707080627,11.837814362154308,10.593774678930261,10.330243860428382,12.366305161717026,13.953456586886857,15.398179616953808,14.222396512985537
10.44657735867278,11.879703902810478,11.95491630800917,11.872269834690487,13.056118059018072,13.834096670954262,14.241123046782738,15.441546959030884,12.95816090630519,15.488211140888538,13.617103894328196,12.362793621689582,11.409626073981256,9.340413298863721,6.297809592485931,7.165373579680821,8.710614821857,11.175849555376303,9.17223994770936,8.329039992779187,7.349541649631774,9.392997292209971,6.619911957972737,8.74333694409555,6.255053651028167,8.615236619619992,10.340121855469949,9.663672620065812,12.372868099824336,12.964842103516474,10.961971854008267,14.146534284419419,15.518696466083222,14.893158421992831
9.839011909617714,10.83605298415468,12.94427178817935,12.978870181788869,13.286870620429859,14.306163724846087,12.874655073357008,14.876728144601392,17.799106310025934,14.409734826997953,14.127886525978878,13.971636225801792,13.847179191206207,11.37946537363235,8.610651137441096,5.907262240371946,4.981326307575889,10.742183438464417,1.7055846383353583,9.041935610442524,5.795407483233068,9.391678388020397,4.096392133373196,8.994213235516137,9.891794774907533,9.547209545963753,9.572064046479328,11.363901703336715,10.690733366204686,13.474061163608104,16.12798181758345,15.129342138259592,15.936062009835789,14.83371132700389
7.560276571995604,10.825730552410633,14.332026618795007,15.723250490126775,13.994496360132223,13.717098087196739,14.614604582158261,19.386143829808795,17.67501450941097,13.736610133517878,13.3763833487296,12.220018850119908,10.99365401391253,11.217102478217999,10.160868632892743,7.262276936152231,9.055451161535771,9.56219053479141,8.026369715581412,5.607579854981106,5.06641845768993,5.8459406371556275,7.1449514868234445,9.355698841226623,7.952832285460037,8.644795403951553,10.225015745690516,9.483486473798022,10.56313581135956,11.279403185882348,12.036473615061295,15.316112460002408,16.041483947516173,15.409724138582456
8.39832836083548,14.201396768635771,15.626677611804643,14.856655264824424,15.256893588503894,13.464301098196714,18.66560005748367,18.93788863943496,14.716116300162394,13.211984495254907,12.068453357560363,10.978444627324757,9.96708106535482,10.260815461828221,9.12227243143524,6.237297249876387,9.43943587515617,5.728914656898347,7.494707924731963,4.942561523878471,6.661069703499255,5.553945005248372,5.890797996701091,9.9163228101506,9.467001199425761,9.79455012232442,10.02879385082687,11.089162779881857,12.53298512285773,12.376058189173087,12.821311769989144,15.072063256205523,14.162814354008672,14.782862213057571
13.455757958683629,13.82714216347859,14.303155504251821,14.342075467159132,13.6820690286432,13.279296126988065,18.037041738799985,16.415009890034295,13.249155525869394,12.40601648372272,11.607152356362729,9.971947802467117,8.404158971188993,10.944793624759562,9.573827204825358,10.097113853300476,4.579367002592524,7.228799957541465,5.6588372860188105,9.51518365283856,5.754716592711094,6.2389052102841775,7.831584863784969,9.798203865394415,9.510406376016515,9.513407744198389,9.525499980823886,11.028664340083212,10.294284437548582,11.39032897478741,13.094467446457294,12.826173166713248,13.21721475784011,13.230956165681345
12.972172472541219,12.94374462656368,14.523563729346026,10.607592869647078,16.804608553769196,17.677135023776604,17.248402205660174,14.396569428287863,10.803886704585075,10.667043865278153,9.89243823034583,9.814146024144883,7.492306631215707,6.076039098662502,10.622333121340526,5.872046598633522,8.418653698405699,10.480477103680142,9.113368882698694,8.42133837281384,2.7892677784733557,8.000169964240241,8.139368100336712,14.369001993942456,13.50107766272146,11.877925453384542,13.239845616397515,10.794398846968157,11.683832843027119,11.237602023439393,10.466262726743457,10.503208604480873,10.658735419777067,12.485761430507624
11.33959320135413,12.13991858752855,15.225893882818301,15.32336990849664,17.146707786071943,17.690956225625342,15.040309118684661,9.666753543427737,9.410864010318743,9.672242106752703,8.617723729122675,8.071695394744397,4.839934944690697,4.1420526958072665,13.285400776751914,14.898327159968499,5.820628540884352,12.58639373650477,12.943835763532576,8.885121503262447,8.470065198285031,9.202280047486074,6.906685769643974,13.00032315234722,11.82796545806521,10.389916053148708,11.233017754773067,11.976946161186403,8.847061746955017,8.449090351895771,8.960993989918876,9.286811771764068,10.581682482511356,11.659557915015641
8.926252705545224,11.88865289656637,13.813912317721172,15.122821428392804,18.3175745237653,16.21154391707274,11.992651930478539,11.037445457749378,9.730541690927035,10.791910998440239,9.475905884437008,7.556973079004589,3.124743169477631,6.323453082283454,6.394357259974825,6.960639612340274,16.336244699714346,15.031668029620612,11.131211822600239,11.126488908278846,13.278574567864874,13.583782023802287,12.9027970859376,11.994855889148809,12.455906102124,11.639497761782538,9.922646446836824,9.113006437037779,9.443975193746596,8.814182138491663,7.429011686326158,9.899033576247364,11.043011513451473,12.035718886800575
13.638426449201257,13.005531802395664,14.389760509781306,18.279372529929212,17.329595134914925,12.760387309920617,10.326101816591295,11.943442403942052,9.79331705577383,5.203563746872422,7.555287095103953,13.09895691490653,8.365879427187272,9.420548629818756,15.25033101720046,17.309770793854412,15.022160812154677,11.218979242399172,11.49307856541238,11.514939845051744,13.418902495286542,12.518865652887186,9.660783615129448,12.061586439429218,8.803740631321725,10.602459868083184,11.544337148377613,9.741549462471497,9.665726628894381,8.504741421118498,9.600302254432155,11.699328758177566,12.638046419101562,13.523733113220786
11.692529606697372,11.796510632117108,13.581963077832464,17.949874370114596,17.86899595558496,11.739345482215136,11.38261594381638,5.073409037830277,12.952608757993133,6.272801704197594,13.145190481920826,15.098955900201528,7.789995869142782,8.558453765522808,13.559704202263317,14.941527875517227,13.831074941389785,12.944384825054362,12.96349561625148,9.971734664066094,10.21320819799149,8.604565873451858,10.458439592710128,10.30441983592723,11.176018798202566,8.320154081253094,6.836544013131862,9.924952641695743,7.968894218420652,6.8711845526322115,12.212984176882452,12.763821781156215,13.6847573894417,14.67807744741558
12.266601038743204,12.283637785667358,12.974871521277155,18.040550252601275,15.690489470238818,7.3815238348037875,16.75810922838848,9.54741158671878,4.993059536835422,10.97986774915049,7.263387100864592,9.859018444459734,12.456921191416416,4.0255031929576575,11.825401732224678,7.653616445322613,15.405250864574425,14.550427520271045,12.501265197288896,12.12586700131662,11.751490485142446,9.310351051967103,8.45843360352185,11.053256622083211,9.13512972219771,8.50833220362683,10.847844874314875,9.43216938125939,7.884310418047226,9.791269429927894,12.964514258251599,14.07379950698949,15.763563854595915,16.072451497110755
10.04223975671296,11.949106260153595,14.583075658174927,19.51677258192974,17.410047786948308,14.423851118328056,11.700330378054728,7.634997023352508,11.800408879243356,5.77669018274205,7.78212354851057,11.598193449321382,13.092776007862415,16.36478166365252,14.074193670365595,16.619370030302704,11.516462275481969,10.195274776426716,9.944259577007514,7.984060925302624,10.937989126803382,11.392827804034837,10.631137048064542,10.288471048656826,10.561077478841632,9.056236644045272,8.817018842557086,8.427696269721956,6.9421249566480245,10.634939895869204,12.69934357626956,13.93516917619388,16.87549469258547,17.303220055957738
11.796894360229121,11.323888720712366,12.22458402225831,15.26144892262522,15.180191580954723,17.05661698680746,17.76060869694976,11.392788837989084,18.004669121308943,12.136932373968525,13.063409187743348,13.48449927046844,9.76950871878886,6.148621768293021,11.179702292107722,10.51196579481581,10.334135517994376,9.021158773321941,10.319629093807402,10.32268028131428,8.587771755420684,9.548581352776276,10.58304717064819,11.221158199460476,8.791955687839062,10.048661916381848,8.272987382352037,7.3030928588439945,7.892287030596233,11.1512116658327,13.0594432605558,14.496554181628316,16.673685424105418,16.89202647715083
10.827991054378119,10.223350506048996,11.673146149641374,15.433403849860836,10.740086259224777,9.205610992984054,10.382357191346616,14.953681479548603,6.718230273410693,5.847557322212407,5.333031584822669,9.32337775026608,12.654870359165287,11.112765644748116,10.555230011493032,10.145490176631835,7.493554759518658,8.548083642862485,6.882139892690776,7.937378570578534,6.202856253672232,9.890830752750574,9.742139790839314,9.793254330701235,8.371968109670185,9.007072389939468,7.622803221523643,8.389608937777288,9.209230830183847,11.814841736806263,13.361384518978712,14.668247617220466,16.79727930318968,18.028381478880046
9.476190269672143,8.60255072214848,13.578113769265682,14.45862477690995,12.290260924811712,7.824604323566826,8.510967115604855,1.046346414254756,-0.15706774444945018,5.767516288618192,8.246555671993121,11.805412314822721,6.074475656779439,9.209995746268268,4.613683166205631,6.8943053285092,8.022945457169314,6.305416940766903,7.961313706203055,7.091112688095283,8.591610956834511,8.561995399222969,5.4760742914428,7.279503734814039,8.116643415492586,9.774718909059787,10.69391361973108,8.179303447025555,12.237947826551695,14.570669665544374,14.78028581677018,15.636829800786536,17.189915428694444,19.00962906647329
8.79934306622079,8.203045953013484,11.213258235328107,15.392515464682608,13.16066297631785,14.020461364953164,10.276619834342204,11.32181044059417,6.964667910101392,12.047443943148316,10.409925731190151,8.645732352868455,4.809193725227056,3.6266061511303502,2.6611107511127807,2.3257298060611866,4.970957062945885,5.697719998772553,6.70192124639736,6.594607489582432,8.667004901669793,9.253640490985262,8.224881367687258,6.978639715286377,9.023698280751539,9.373257526453546,10.835679098086535,12.406307183979619,12.608551303810476,14.918162062079135,14.929911728468639,15.778224769893175,17.405142933608026,19.94610817992486
7.662049141483107,9.167290536064167,15.737659106525582,14.91300712054982,11.695597142936032,6.803561889129843,9.349223594537762,6.184489215957701,11.479049682842849,10.912631087981763,3.90270252430832,5.91631274162185,5.039097350113389,5.624476566085286,5.878972121902128,6.1805997266632975,6.113389653850832,8.10750494858752,8.050647882397513,10.005056606637105,10.476134017792939,7.811485310725649,8.783980098714627,10.361374137061123,9.169447332732444,8.09732968281399,10.31126931310865,11.44703333824148,13.32885875609437,13.740589017992924,14.157290978997507,14.671161204493199,18.190378595731115,19.829690233671954
7.43018454935072,12.186045970057013,14.118099821245838,14.547523162848709,12.540075397558635,10.063829856650896,9.237042883783763,6.81703626458148,5.74606844214203,10.64566547944751,7.797261858747818,6.244445733708232,8.169277785709415,6.72190307125123,2.1175319800750776,6.858406270914531,5.798248222954125,8.488661959313157,7.298625525834623,9.914255104497306,9.779332640123862,11.604439770143342,8.389390152053327,9.74511700444592,8.597769334231767,7.445734361428008,11.736951282251711,10.240409344555234,12.927285923959081,14.052323929902409,14.088984543973805,14.88731582496057,17.769698517245185,18.788481180836285
6.976326068899091,11.960655040989083,13.742262800219848,14.876078213226148,10.212543060456202,7.3485896442069665,0.3804875194880055,8.628757800626516,12.623895301745408,10.14685463845344,10.073544501303207,8.23096684623494,5.438179389931976,7.821224303164846,5.063017563784026,8.143149186915293,4.9731646172168364,7.605026270777761,6.085759224949032,9.750408115428126,8.627730178179222,10.915176247784135,12.903609513404016,11.773559830424093,8.49651437015321,9.899494156187153,10.550315549256641,11.944540906256442,12.90332142109663,14.593189293984187,14.410045857499204,13.9473886952399,16.189948219909873,15.805032958247358
7.548676646907618,10.635994635523295,13.56496680089946,14.34836352603056,13.729521515200853,10.459947417362898,8.464389247402968,5.084113655234614,11.673368095726023,9.343285045935163,9.45605580078631,6.39945238831199,6.966175406674966,4.256786560968993,1.2462508249151354,4.507325947651206,5.17038359358988,9.85137915861013,8.921442570480703,11.41463094318442,11.014816937139322,9.894187272139572,11.220441555838619,10.939774010861283,12.711038612763375,13.53978724244474,10.094272014089677,14.085864972170823,14.028365187903178,14.308056287375656,12.808653621272775,13.033925337532771,14.82847160685482,16.524271548169487
7.329059347163932,10.835712505792499,12.847167179533775,13.004233860915528,9.364496445481633,5.891244352099969,3.489676747029624,6.163461071469004,9.928040923618719,5.171256562881598,6.26698098671196,7.4572981867156045,4.498186703461762,4.997541967983129,2.018207501966622,3.46564215151066,8.174389760219443,10.86594779965297,8.983829669523264,10.552075648973595,11.673147609542097,13.495632783873049,11.6793621269285,10.331674931503276,11.247541745260616,10.533033989332745,12.48979794137637,13.594345181687046,13.279833885532115,13.153342868821444,13.028429523021376,11.719963756794655,14.782484923330047,15.740336120603448
6.96704240656714,11.230555060684772,9.318581831345295,7.5228173134817595,8.478257042590789,6.963832496211205,8.381702009944282,4.956278538180735,11.367018879273479,10.000212633166656,4.355476037406162,6.390739741218512,6.276867986920633,8.676736435178848,4.868755289348317,7.481212226036201,11.46162943698235,13.20959284769267,11.260163560478935,10.138507391353354,12.02694302901941,11.451014537134768,12.618466721220297,12.630884482703461,12.721933749803634,11.75600950375165,10.890963591155726,13.04493400856274,13.35615543034905,13.597167496053379,12.809242054395481,12.105508511038698,14.987749749526536,15.506853390901021
5.998815594984169,8.14279208128136,6.206885006282402,8.248147097795744,8.02880267550467,6.303952742878649,7.590116776848489,16.37943023772561,11.570366287757357,6.8493217579796255,4.202327053019241,2.6057759617671428,5.916643302528161,4.974438055959445,7.980106399642107,9.583509826249227,10.63921547500279,14.861961467723132,13.50980719628731,13.758788342801465,11.236955275776056,15.025635830495743,14.806620955404993,14.012871536752296,9.257483289483888,12.192918212983544,15.834725872516504,15.295865539028537,13.956773828800584,15.641044910511766,12.855859766425773,14.138736794061478,15.579542799572591,15.794062662831278
5.430275985834304,3.784310832321518,3.239960531141349,4.912403641195795,8.77291552394148,6.906300736769091,6.682177212677765,17.68052113903909,12.647111512512756,4.273543306582427,8.035702142489283,5.499907238118559,6.162139610348312,10.523703083254052,12.42675208065479,15.374870233262623,15.61485894041848,15.86519895601721,14.081764747395244,13.2131071835463,17.4090424370944,16.677624353571932,16.826700635905002,16.73556667291114,15.05479762546715,14.623964817610172,12.330325789385201,13.24688579357068,14.91539769196926,13.813716317674832,13.41974965633827,14.24604776469376,15.506870565135241,16.658443032581815
