script/wind10m.json
{"header": {"parameterCategory": 2, "parameterNumber": 2, "lo1": 3.000054539987559, "la1": 64.9999836372058, "dx": 0.5, "dy": 0.25, "nx": 34, "ny": 52, "refTime": "2025-06-24T00:00:00.000Z"}, "data":
[rows 0 to 24 of 52, columns 0 to 33 of 34]
-3.0833468895916964,-2.9381788333818366,-2.3288975526038054,-2.0528651383156205,-1.4915117208943693,-0.33754944852288915,0.7226219428242138,1.057022010480562,-0.12699923607448202,0.6974979413924289,1.4851992353980044,1.1484305743745846,1.5250350957792553,0.7040184300860197,0.7538443248392119,2.2700425023293964,2.3539386416388504,2.633895681013732,0.4959676043304117,0.10402170991734438,-1.1022179621847998,0.6995007945448652,-0.8246654708728702,-2.9000878421007674,0.40807917602390636,-1.1725678841415539,-0.3808785685376601,-1.150842008592111,-1.2221705512363008,-0.7417045798985238,-0.9255846563225048,-0.8519105052370392,-0.980973940890574,-0.8327535490366091
3.15425900556212,1.6691588228611993,2.523601943449695,4.17520077035954,3.9808763280452633,3.670490037878265,3.821234832811373,4.456871591256279,2.4380002218893897,2.569833233121952,3.4510590364139664,4.131105004293834,3.590668515980871,4.121739896850694,4.361355545599149,5.0931571067595245,5.933707317113472,4.0237639442298985,1.9771189777179285,1.5139076624614218,0.5974415959883588,-0.7192389033710024,-0.5092524475523745,-1.7270060134329992,-0.07411863244867642,0.06841864317104411,-0.45238766145330833,-0.245354912507837,-0.8310943639051004,-1.165712371643466,-0.8956434322724809,-0.9137896866687676,-0.9492086470306682,-0.8887196700209868
1.8458548669173487,2.979909579839241,3.3397852094527383,3.5798866814391808,4.80720428112221,5.4249226966551465,5.595575058603687,6.155367058647917,6.9238848702984495,7.0866319379248415,6.230411146071589,6.1279824939431995,6.694729535415608,6.902243590364479,6.614332121381366,6.060489092082211,4.10896555546094,0.7556419065542815,1.509994211582584,2.585050617936677,-1.1431073323391334,-1.4123160982946112,-1.738415281801594,-0.7163691410063331,-0.725952171489906,-0.11769279863372623,-0.26463237523132443,-0.717751238094709,-1.0035333464325926,-1.0959520937528406,-1.0781234665193569,-0.8563787358129687,-1.1275017523104103,-1.0919264809992968
0.655004821101276,1.8557602275683047,2.0670764737044425,2.871723926978708,3.073041125034488,3.864065806285583,4.434407591494155,4.873944972468268,5.466516007833953,6.323613177430786,6.857640877541992,7.435475185889374,7.422181324485598,7.477816363706509,6.634480545941005,4.424020743479591,2.3594955697133164,1.6895212275588893,1.3020242910277129,0.4390112963538455,2.0473834662115387,-0.947734442446022,-2.7815750931044483,-0.8910067562440194,-0.6655755950494797,-0.577623775956791,-1.1086459048765063,-1.0756945314653266,-1.035160851210418,-1.0977738673126918,-1.2170092358778066,-1.3500931813701222,-1.0600058022619918,-1.1418489154379685
2.174979622783329,1.7726074094109419,2.404079342692187,3.2687403331151934,3.435610009802049,3.184385204745912,3.5858051005112217,4.724596449426735,4.956329333522438,4.932378815514893,5.586950878116955,6.311369562247134,6.50759313954436,6.1402839922482,2.592677428136871,2.7966096874181416,4.25159997470364,2.3448146703278483,3.148494934625592,4.089285840286238,0.3497689676335214,-2.6108982254826834,-0.16987854851758383,-1.9204468037613969,-0.839837586399767,-0.8194018758234453,-1.1781922582462587,-0.5150989348351755,-1.1401210518774485,-1.567776394612151,-1.1689270907510374,-1.458786602426738,-1.0863235108213474,-1.0559390563843536
0.5002077130802494,1.0452222132182112,1.599050928771052,2.29247077765969,2.669934661311156,2.965748599328845,3.4836162359220677,3.8660918610159305,4.137333380808968,3.859881058364128,4.2507605253272684,5.447766574938798,4.9945996191966735,5.601136193704986,2.1387264201362948,2.8058250756547807,1.1497985999482834,3.3613353205759626,4.015706430961225,2.545266092769313,1.3022009380964465,-2.331191897045761,-1.3452866223941615,-1.315695932033225,-1.1859618034433095,-1.0963772219420311,-1.1539023194667577,-0.9261489751226154,-1.0637697651447908,-1.4808741577890152,-1.310845424653161,-0.696615056908429,-1.0606658099295398,-1.0414499098215577
-0.28283306182311063,0.39802659004674684,1.47053369359713,1.1795717790395677,1.6766207470599062,2.032032411079324,2.3996434446512827,2.5809942919567894,3.3180052093684913,3.748900284748034,3.4646859502858933,3.098140857356021,4.158692620879183,3.6175701304465933,2.8135119118217005,7.032962309167711,1.6982190393372143,2.228500277673266,3.8763811210711037,3.1217257901230666,1.9007495923435316,1.383724285069281,-1.4041152014824083,-0.8965085810332915,-1.0982835553750927,-1.1122369357201425,-1.0634160562441812,-0.6072882727078966,-1.2329061724118164,-1.544292120858626,-1.3044063439860611,-1.338240558993961,-1.0568716465880723,-2.496502108908065
-0.5513345681106884,0.1304064370812108,0.4728977400174937,0.6375445932956346,1.4698439767009541,1.3467569450785204,1.8348238164285675,2.193855046439779,3.2824956884310263,3.8555033748572916,4.3441170605055826,1.0828367900510374,0.4247023463800812,5.38832320218534,0.7606185031677716,1.7226325855813176,2.1107512005454514,3.3399821483713144,4.086477364495037,2.809745575396411,2.548692877713851,0.956944558709595,-1.6280138400453197,-2.171231532212056,-0.8177256652305226,-1.0467858460492605,-0.9357276628990185,-1.184388909775715,-0.6556826116726848,-1.0087674004763476,-1.7179967553482598,-1.0668797075741652,-1.7085589131317758,-4.126152892000601
-1.424000983491285,-0.6428975745462928,-0.0017548711645937868,0.066621225224769,1.0199873200238476,1.103858694127319,1.0689420359314048,1.783175273262234,2.5154804834613707,1.3756979602326003,-0.010011293722153258,0.4391441628305261,2.504055012579214,3.4656232464101397,3.1575833481565345,2.0687434460770255,3.100274427019881,4.594206578527174,0.8757673731404266,1.1151220195778253,2.1909815041512295,-0.3589862933845613,0.45468481310771064,-1.0579427091083957,-1.0750040445450184,-1.1503135963741944,-1.0841533140935091,-0.6023232023478189,-1.191492774354728,-1.1446465581398109,-1.650897766658672,-2.0771953342195313,-4.303493901324997,-5.219204591027506
-2.403480062422464,-1.8833852122890384,-1.7375806542020897,-0.9385843391293243,-0.6845460555715343,0.387712725316825,0.6510050857891481,0.710979104826115,0.04071901933495153,0.39520041351598184,-1.1442094550078854,-0.573260096866762,3.8321739127685532,3.2363327626818856,0.7241420044032231,2.4561804807918746,2.7781736549313236,3.292029164824099,2.1026688141197982,1.1186358533178136,-0.8391929383923545,0.3883806944442777,-0.10473412449354433,-1.592347728857469,-1.3796033947611293,-1.5574327091236022,-0.8990442354162436,-1.1001751752646896,-1.0919724826799917,-1.1889525085465096,-1.2619685609546725,-3.063055299800103,-4.780072657189637,-5.655631600989621
-3.118756940163067,-2.798701960392611,-2.889102817352795,-2.690585082767205,-1.7438869311550396,-0.35856014013705045,-0.20756571818685213,-0.0057994829925554535,1.1213609671854827,-0.4091050208291449,1.8644195405430541,1.1233775249769384,0.06336661816604756,3.6638334802658847,3.563147163404783,2.2314960268701967,2.041163284058691,1.7560904133717432,-0.11084390300029455,0.43237738912270834,-0.67046444986354,-0.8897224510975988,-1.4645191611404234,-0.7964125702108493,-1.522247096740484,-0.8316196448764777,-1.3442497259764032,-1.488220550733667,-0.461979608137089,-1.707206197313739,-3.1502869905906694,-2.932801597488683,-4.633237059849872,-5.700687258351204
-4.08784683402638,-3.9898846943266566,-3.666047342844276,-3.682157790889681,-3.127183801451611,0.1574248006332163,-0.35392252073248215,0.339775037267147,-0.9657269550259854,-2.5763973228610295,0.7591712951493376,0.3888213031656091,-1.8692352022525203,2.387281847441157,2.053789565397018,1.3621383252862878,1.1842834921682008,-0.7950473599155741,-0.0720663679619941,-0.7141415712756831,-1.0528251075423969,-1.776084689890892,0.27690172965917575,-0.8431773397379673,-0.28480928123368937,-0.8240325197255677,-0.8286112214792151,-0.854172677809926,-0.7290168598105791,-1.7377279872366949,-3.556618022376346,-3.690997546525883,-4.453210569129299,-5.353868806270256
-4.394487685711017,-4.675940853677427,-4.09793380613763,-3.169077051834245,-1.9451873889282991,-0.010931039900713462,0.37207990852438416,0.5942693081904428,1.8645389181465424,1.7678765645549392,-1.5471123562672169,-0.024081528393683584,3.657947415238991,-4.497636320548169,-0.09101132939447339,1.5880053102271112,2.1891193067243813,1.013831798775233,0.19899171326417467,-1.2986140552038687,-0.6327284036971641,-1.670644445459954,-2.1039889482513,-1.6525233779546897,-0.8060455165030393,-1.0082620780289115,-0.31405788148148345,-0.7678282510796769,-0.9415925675615053,-3.9637289697501465,-3.2535933435380877,-3.782238360154001,-3.7989698673623753,-5.423936134923329
-4.330738378626738,-4.54045157972053,-4.157097500699528,-2.8562118649868857,-1.993330687050795,-1.9379568871679667,-0.17147931959217497,0.03976852199490783,1.4355042131018572,0.16318430469889084,-0.8761653153419326,1.391268538446307,2.265119963051919,2.6401872091755427,-2.5618157094165763,2.4803556966429072,1.9987388259375105,-0.9837357431841853,0.019486445689465882,-0.27942001801643335,-0.6929056081613166,-2.3686324634957923,-1.1482631883150416,-1.5843975893622535,-1.4260340657127457,-1.0890151944777398,-0.43927632641238434,-0.7650963538559319,-0.8419491469135975,-3.0492762816694805,-3.324225507127671,-3.644552986379128,-3.8036048789863783,-5.31968513749157
-4.584043658354324,-2.675631520406624,-4.590970387502115,-4.852225540014293,-2.0446095551491403,-0.35301938712778835,-0.12721988083497857,2.843791950743778,-0.24413390797002854,0.9274467325794092,1.0320319951468047,0.2743413663556607,3.1576233925019555,1.6712541673660244,1.9894214799212682,-1.0456579812145608,2.1551176575347943,0.7390726795500931,0.1463708899138423,0.6704785146361126,-0.2358614012309058,-0.8474865881486263,-1.0962317296625015,-1.8844889555056858,-1.0860113631190655,-1.002433788540072,-0.9393252224091111,-0.779278781830833,-0.6900534516820079,-2.770515981071071,-3.232618307514308,-3.655191921324272,-3.5855802623583157,-4.345232253740658
-3.2984411168494723,-2.686625076704869,-4.428460855806602,-4.012097038680678,-2.216172063391663,-1.4366706874620283,1.2566749659358116,-0.48016554487497976,0.20334303577076177,2.6791519332042855,4.774402389091612,5.760542762249242,2.335898925183133,2.484033657623501,2.8695657492835354,-0.6967560701878435,0.9576856759162843,2.268106432754956,1.0729051036419144,0.8213173365631484,-0.15761966313475442,-1.2260299794068281,-0.33427715415772946,-0.737048050563667,-0.7070249425093448,-1.176586603227907,-1.3449248649715455,-0.4757653141263705,-0.4907065841926339,-1.6028655962883886,-3.0017398390498444,-3.6370983974607953,-3.934866047168912,-3.6828237422009775
4.566570123634359,1.0426093916398547,-2.535854264554448,-3.9241091136101236,-1.9536548687593516,-2.214184642588057,-0.7094105627662323,0.7781667050267185,-1.5164426431755123,1.4219600367096354,6.810477174658797,6.962496127960696,2.914964395155685,2.1271412940219805,1.061204532428137,3.006147106716695,0.15635817216199832,0.5077332756374853,1.7735805565867078,0.8979154784743688,1.8755937365069577,0.20817234191053466,-1.0326830235782063,-0.7336084937625494,-0.9612275245298989,-0.8482916280529278,-0.9455804935239689,-1.0655010685786357,-0.58553921615868,-1.8255258718887721,-2.6507655377439985,-2.5165604879452044,-3.6334689273470393,-3.473607747820971
4.713511478314221,5.4605089023748175,6.008417255105996,4.552273053089271,1.700204044959895,-0.6042454910982088,-1.9445828952130364,-1.0964449695831127,5.7574346040325075,7.184245402989403,1.712268193854247,4.481143664649915,-0.1140198026622927,2.913627260567784,2.619381185272635,2.74668657215489,2.9275941789674875,1.167914849738729,1.9247758441765037,1.3462192517606053,1.6348846256407343,1.754530684675255,0.85806065878619,-1.3170959243551628,-0.24006822524058494,-0.6068330488228075,-1.3807312889940664,-1.1859655598802636,-0.7930842524442856,-0.9583576697214867,-0.019195099260097846,0.3612493376936235,-2.596950818030941,-2.8240443808219933
3.349804215418716,5.034780199422483,5.630559603503629,4.286909722872464,0.8485841035263564,1.2657860462765271,1.729897726185012,-0.9392853554709312,0.722051612285903,10.451000124225468,5.182881519013822,2.7109032197839555,3.824809528532729,1.0977106028767143,2.9190183016123394,0.7392499954785468,1.6082710449396742,0.8576709079857563,0.33839504581486524,1.1336158726115881,0.7477413679031054,2.9586479518168116,2.1360362712994534,2.299287960537462,0.5914753048023416,-0.7616700377342013,-1.3204045100642956,-1.40094674295104,-1.0587682437576054,-1.0449407168355451,-1.039128498399201,0.4503441598161089,-0.74044424699889,-1.3681237148815109
4.1309560967937475,4.313262243374129,4.811835107568781,1.492423883622488,0.2384954408113952,0.668081350333716,-0.6320879230666268,4.374791409434977,3.859195814011648,4.212388294811591,4.666621437834218,9.098092146837704,2.0294436668808244,8.026709249434056,1.986595305176231,2.475442608134266,2.8081454849776946,0.7445496751611933,1.9272953043808212,1.1527593035456185,0.3148886807836955,1.2851072189272146,3.018986032235501,2.3385796311728617,2.277852150207493,2.345637647888538,3.064471168102823,-1.3197865276295642,-1.4253828313511565,-1.1075512411906874,-0.6068820447159643,-0.15470866823350282,2.176790827712682,0.05110671186808209
9.16953924742507,5.7061152093638805,6.723077223188573,7.417632273367648,3.9054660891805817,-1.0580445178628033,-0.8632455583407077,1.1017601742608993,3.2134056191305773,0.2725249722583084,3.8739416979309533,6.460822800736671,4.024176080365593,1.993759570151249,1.551739383844699,2.984727942412543,2.1817065983246198,2.38584912848032,2.8968918686225873,1.1663295646323018,2.2956985517266126,1.2950380184723704,1.8759178062936228,2.5059056905314985,3.0115500333174565,3.4330486710194146,2.4905003671140205,3.0214849218873527,2.9153559738120793,0.059869278590049174,-0.9274611244260106,-0.5867541602149285,0.932015164750127,3.4822964375922143
11.113987800214176,10.226873553240928,6.609197347897935,6.262369002025554,7.55000925148385,1.8581300945701307,1.2128525203827563,1.8325630124808698,3.7685430972632523,1.293109583948258,5.378021531760555,7.1858427865850905,-0.5132768349274099,3.5724417706420657,2.940175269791071,4.56852322306072,2.218452911681905,2.1651672022546857,2.4533367951947813,1.901428865037066,2.7137362725005385,0.7461569189502687,1.9132415980822888,1.9110950087478904,2.7952581715384412,2.28705254089796,2.1663820568615506,2.5608143098831366,4.461474999151321,4.6453172694563944,4.380710498003013,-0.22699044769055934,1.0593669961718948,2.954953198639893
12.290996998203912,11.758670156587153,11.429947378864362,9.920722454362554,7.840230673042571,2.190349978287808,2.034405401793987,2.854724691218982,9.450979782183278,5.424750033374429,-0.5621184053635114,3.0912253944940526,3.9569848100947094,3.77636772730426,4.062329019012918,5.196426985922783,2.134745707336635,2.8637178387027724,2.377307271070884,4.9322139553388356,2.7903343213219656,2.214485100027697,2.128799254564541,1.9296047397011933,2.5066121185911983,2.7445527455982686,3.242608792127023,5.776125454495761,4.3839775293318235,5.8522636992362225,4.784527019530626,4.967110743412671,4.006497895243614,3.7195625655492504
12.882704403403384,11.782426130555388,11.278347768258069,11.005005326904707,10.255563951590329,3.86983369123646,2.5528344950658672,6.1953823017878165,9.54142433612297,1.9283089191161478,0.5629554535782593,-1.0173174862127925,3.4893835389166226,3.1400705726980878,2.667490884891158,6.238578195670032,3.233315684920325,2.582697293845671,3.352992103613107,3.9243342951380664,3.2256703987017907,7.462706922174027,8.65120293135732,2.7008711141207744,3.292382250876076,3.5980355463357703,9.48355161332475,3.0926398356295746,3.5193233120606693,3.165028144586905,4.6651624570764545,3.6078489574583488,9.245573285085085,6.091125641981965
13.137789197320153,12.509266035907462,12.228616709447861,12.093995535435376,11.669889758104492,9.956039796006039,6.023249810923516,7.387577537631592,8.920318229723899,3.566314802085927,4.109771791780206,0.5762166361017358,1.7215716105503645,3.1232454756490435,3.8501529901525307,12.043884536243052,11.159241169590738,3.5965973389537997,3.9740068887382285,4.161875114298492,10.923681572516912,11.92592068817434,6.432085624522748,3.846127749281922,3.505586888218452,3.904611557878778,3.81466421351936,3.574681162597417,3.5783067279746668,4.5196364873209065,4.511480138322712,8.033565448257708,9.702789977994396,11.80211472483053
