script/wind150m.json
{"header": {"parameterCategory": 2, "parameterNumber": 3, "lo1": 6.000198445256149, "la1": 58.999992894266676, "dx": 0.5, "dy": 0.25, "nx": 22, "ny": 24, "refTime": "2024-04-02T03:00:00.000Z"}, "data":
[rows 0 to 23 of 24, columns 0 to 21 of 22]
3.2695870626522283,-11.166739012336405,-2.96782465356979,2.8624532782041974,3.1477224523943814,-1.3336106347707046,3.4445575078120694,0.4784818215267931,-2.259193690832862,-5.785811390704065,-7.934615704131743,-10.490509654744324,-8.61413502101605,-8.987180155683452,-9.294270657938972,-8.339764245951033,-7.373318841993799,-2.7895530752320123,-2.550159510603833,-9.392938728281136,-4.45456341256798,-1.64134151525359
2.0742767225460077,-1.2606007961850862,-4.306405424081455,-8.671311542452672,4.0763945925928065,3.356185127915113,6.647873571060981,-0.04606485500175744,4.545007631940354,4.3546566265994295,-0.413518844599417,5.694372028164083,2.4224642448911182,-0.7923750678589868,3.659788365370663,6.785110583042327,1.2167575952198513,-5.0847764745725215,3.946708662499215,-12.482325575745518,3.557564372932027,-1.8817698811747472
-13.348750772292169,-6.4025391856225085,3.6450798139868037,-2.122064656230511,-4.043036914852129,4.661456805663678,-7.680714847979169,-11.408411350649601,-16.206728200284658,-0.9417173285467622,-4.034899805124994,4.241021279392031,-6.829987042270794,-9.218969682673725,2.18353530422465,-8.128561403385884,-1.404278023004393,-4.655756830918674,-5.960308822650763,-7.053928506123093,-4.569587736455804,-8.730192832489267
2.848457518975222,-0.873119402360467,-2.8931414045874706,-6.731492500440539,-4.4290666410459085,2.6016254648402484,1.077336087745658,8.384947835086889,0.3333779437785809,3.3069526985572857,2.9772053641063616,4.949608127062985,3.549552671744976,4.002251802829286,-4.615367007611186,-8.013080863389161,3.4653879771803764,-3.7941076850445214,-3.930217696965093,-6.978642335445241,-8.870525266086519,-0.4293601667459566
0.100433507935551,3.603355625406804,-8.653553133912812,2.032828110547137,2.9223398883370684,-3.55631542160515,-9.736305889808103,-8.778675078708048,4.216429832498395,-7.7727014688762885,-6.1895882608314885,-7.796083535025591,2.328545037846309,4.509248990109552,-7.710971946489816,3.8840101217397955,-0.22853379708493432,-1.3376864635611525,-8.457410236360019,-2.5594363615958726,5.20257836023923,-0.8957614231069124
-0.3988971533573338,-0.4177619061538857,2.769418289473701,4.066060606581861,-1.8092736746380407,2.2299766833537693,-11.382101292992408,-3.328734634410255,-6.819214595417876,-3.241311334079564,-0.4304041871360131,-8.687971394667654,-3.2975017873498804,3.1427894005046313,-7.23731414400159,7.065999142995982,2.8431074945865364,-10.567468076485723,3.5824691209057904,-1.4422698405210241,3.251933128789566,6.567096613873813
0.048693918609372666,-1.3297783541011554,-3.6424160708167594,1.925144793849441,-2.8959378499292407,6.173830968911773,3.3593588122901674,6.441902736605693,-1.376368210276833,-6.057715893425492,3.4051653566907714,-4.6007782012521075,-9.787713418831899,-2.3309149680652093,-3.020764788000639,-2.392757258703871,-7.81142237183064,-2.520511904474031,2.9868606881149624,-9.757120287781852,4.051702455512422,-4.816514847553306
4.8501834792367235,-8.683948436610827,-0.9490808815669037,-1.2798312437425712,4.040939511244408,-9.105706510783389,3.630222052362638,-13.43519292023088,-1.6148834866452264,-7.328240988419329,-1.89782151782704,-3.373789220677996,2.525109365047744,-7.190147253717951,-10.492485645816782,-5.91816344979585,-0.6784792477040285,-2.6978220097806433,2.0264093870391924,1.0033434372714185,4.2175037443590675,-9.10834796790142
-0.8904254157918179,3.8132544775342865,-6.62174835195611,4.489320417638595,4.5669258230695435,4.893473331779303,-5.619301724008267,-13.310340021359782,4.599231808684898,4.365571018231862,4.043551959806505,-15.482843755084193,-0.3157648437867343,-2.6025321045264467,-6.416627452944873,-11.126626426838106,-0.9447292010620455,-2.702334084356397,-9.358487413428243,-0.925483547509628,-1.6321908623421268,-5.2240516694412245
-8.730335954440083,3.7414328084757815,0.9067761580980154,-4.594057224651561,-0.03514163147065363,-5.8802989517359,-10.53822489094614,-7.410532265850459,5.838823785595436,6.491272425790988,-4.776543227881525,0.16519636569885648,-9.04681415396613,-5.884832751983973,4.528159877310586,3.7338683642244517,3.2531860097791596,-12.154014178406701,2.1700292950790656,-6.047168145996244,-0.05439280168344861,5.5430385700642955
1.175049697150068,-4.8333919344923135,-5.299716466846997,-4.21181049990376,-8.320272854400985,1.8175293601889875,4.082415848080127,-0.10405857866654049,-1.8364644893295528,5.011930800863979,-12.008412788541925,-10.874252678177921,-5.619201907104398,5.182475228038869,-6.5138994778644115,-1.3072074049534885,2.4001224306998914,10.322706734738146,-1.1607769563996115,-9.869786303130958,-10.16252068511609,-8.243407020133478
2.5822144794218,-8.022380837992998,-0.1284018812111117,-1.0300473308469529,3.5376735779039645,-2.473726440887541,-1.8732721592877222,2.2534936541883996,-2.2305211192999055,-10.930620291909564,-7.429527410578025,-8.827978831586183,0.08421466654390741,2.849175943201087,-5.448391962058339,-8.6592070849365,-3.982955683015015,-7.024986612652028,-2.8386415799725,-1.8827900227485648,-1.7499702633189134,3.628800720753232
10.225048942406472,3.664837055690945,5.698997296634268,-5.321428283742833,8.67682498543199,-7.795729098979853,-6.555222445245164,-5.669199901180046,-6.39010085279052,-11.827214023745682,-7.300982491185469,-1.298125396234676,-0.160816965422438,-3.170802070166836,-5.832897884055792,0.7830039573068861,-10.79770462639031,-8.670285404875367,-7.363002748135255,-4.92108717897705,3.7244732658468918,-5.954336412434845
-2.546066871570258,-8.48190866969815,-5.183808391352573,2.7633113604447965,-7.299321829266993,0.9065986250299182,6.400191883992299,-3.020565633827318,-1.2951373797563075,-6.648948636585308,-6.673226786908488,1.2672176846176109,2.301575191393668,-3.9138070990194116,-7.468326708387147,4.370845712209744,-7.4885905305556415,-7.462447005271259,2.512340479865915,-9.998713949246886,4.8327111577500315,3.9799168997742957
8.844971248463432,-8.34710603251595,4.692994330502119,0.897276639772433,-5.6523663377931745,6.139984428243476,-8.66982161070967,-2.6501890819078806,3.0149951291253125,0.6555895066725184,-9.588616716726854,-4.235938799836994,-2.9810369962660777,-1.2002221709128256,-1.0690701614046705,-8.671662838320971,-3.833052123030649,4.033432308655301,-6.407628294437725,-4.56123015960723,-6.883307987939819,5.754776724285141
-7.966296220781841,5.6979047673982945,-2.972319775307675,-4.713520344969502,-3.5266602841792616,8.691272368393841,-9.922121494366339,-12.76030359855145,-5.302561545243492,-1.6694948252789479,3.1648067734937935,-0.5512002957903177,-6.907103413115069,-8.140697483506584,-2.213957618734023,2.636897293673837,3.24759217492898,-7.722384128821349,7.694957824992979,-7.055836022944213,-0.0029986917577289503,-5.0447002806441406
2.869035736918504,4.629650418592176,3.6640711086830726,-5.060836288733178,-13.07894842619709,-1.8219404414109817,-3.541173259651656,-0.31857775232722507,3.583475997377251,-1.3702413504943738,-8.621247189463482,2.3053938671062157,5.539418079031811,1.2690260474321706,3.5334995586925473,-7.095543177539589,1.72446114299914,2.476287159315826,0.8882264431904374,-8.929768199438579,-8.023140537977026,0.9052885753017424
3.011913668838747,10.214309053896303,-1.0938087231833522,3.4355498934272006,2.8255538008344585,7.403250832375089,-0.7318954373123164,-7.813625222788982,-10.360426347579368,-6.552830503435197,-1.7477455737081231,0.04080151964813908,-3.067993229901034,-11.884977425170982,3.2698697602739495,-3.629698723005047,-11.984835163013955,-9.77781062239241,-6.707411291789463,0.6562265589050587,3.306355154344109,-5.241340141790194
2.878221349178599,2.083279038134735,0.7428475710470221,4.635617751248782,2.5372090987949125,0.9879677986327926,-2.2074426934677764,6.546137580375662,-10.294971184765027,-3.888140630657872,-5.467901526909381,2.8982510026450345,-7.678938507660776,-9.852950545055377,1.5848930128343084,-5.1379880376011675,-8.834303023962788,-8.130382059497625,-8.845735310647248,3.49889667616762,1.0306624269033298,-0.39389473909555156
1.8400762559256199,-1.3259256287150545,0.027803745522566817,1.0497234212982944,-0.5776038045787733,-8.69966677508256,-3.1954617824102067,3.7036926555599465,6.188135091174908,7.753741378715059,7.607172964381171,-0.7639816940192481,-7.099684064774573,-1.291664686146046,-15.757961651420294,-7.3495789534772795,5.386059441388516,-11.834043430694022,4.6814452028217275,3.622226706143703,3.4497271533652274,-6.398311360554587
0.07167382835664379,-8.281507245687353,4.385155886448119,3.473342071715267,-7.0900551762214254,-9.028609166151572,-5.398556121608374,-3.507294616355531,4.99081861678805,-12.103684576272135,-2.9946940413866057,-7.17689402881387,-3.765405819087185,-3.4163380753142394,1.4910512114097216,-3.69951879239184,-14.808619644522182,-5.2582626734992965,0.10388262100046253,-8.801721131498201,4.185318914296349,0.28671878695663877
-7.505946045544496,8.988201653216635,-0.03828324011364734,-9.383305453290031,2.1705648321244615,-0.10139743184326752,-4.05616952415269,8.853828364036788,-4.22006175126794,-2.090012844307473,-3.728201860557706,-6.801172214797889,-10.046066222971524,4.3377247023434355,-11.718371196877733,2.663366407067828,-1.928399479845894,-5.819979257835477,3.123594515315423,-7.242640113868082,-5.48824369419146,4.596359750862772
-0.8853665226549399,-7.526237362526737,-10.616998044620034,8.355687282910935,-16.255933967923976,-11.864053104383308,-14.565036836205106,-11.02530368747156,-3.560433882658637,-14.191549454948918,-5.849802179531399,-7.538352191836987,-11.16452258511231,-5.2554174510488805,-6.475062454318351,3.37016205449683,3.9565335808598037,-0.35643233951208103,-12.634691323239977,-5.14585816008077,-5.4790776627424425,-11.824050252730348
2.6766127737666063,0.2806893914348941,-8.39828160056405,-0.4586310282831143,-12.786663331045938,-15.145585947555768,-3.2737345133287343,-12.293929231928937,0.3174252020903,6.549189087734574,9.186452389990619,-9.174616009750059,-4.151420075338751,-10.08425521511999,6.087754938662992,-8.201610187859842,8.036854802047984,-9.235386084425963,3.357681327571443,3.7175221290763734,2.5098485377495465,-1.4427919150981574
