script/wind350m.json
{"header": {"parameterCategory": 2, "parameterNumber": 2, "lo1": 3.000054539987559, "la1": 64.9999836372058, "dx": 0.5, "dy": 0.25, "nx": 34, "ny": 52, "refTime": "2026-07-12T01:00:00.000Z"}, "data":
[rows 0 to 23 of 52, columns 0 to 33 of 34]
7.760763387932818,5.892523056878938,5.03354266897019,4.58399227650439,4.662805322027092,4.717859162780423,3.9950946277287755,3.3147174414449374,2.9536549312532796,3.543184337949941,2.2540633834687,1.935976472927624,1.380794935470059,1.823312875960496,2.1646057183747667,2.069639254717422,2.255172843663027,2.0607395218797766,1.6687088517117863,1.044508999854748,1.8762930626462524,1.808089609580269,2.7535447848138337,-0.035451916927111145,0.8085345709929032,0.23350462439827507,-0.744560364052776,-1.491207326023057,0.08337070504330997,1.7591606457776547,1.7697226399713413,1.121784277348262,-0.8840212072790096,0.941948262862901
7.00874627807384,5.741327354888023,4.458769511543984,3.8960419125453907,3.620709161933817,3.4128498962204477,2.68846920253188,2.192556348242952,2.1073475043874335,1.8700462303910097,1.909007766495336,0.8825177370307431,1.3322025453393427,1.4633549513379438,1.269646347418886,1.7699228253812935,1.914930485660013,1.859670871858945,1.18374595516118,0.33659864497234054,-0.0863951032791064,1.2774576028156477,0.7378454326032773,1.3495487693649748,0.015720804549808558,-1.1935670958849216,0.08832691181892578,0.108943340711936,-1.849820050312822,-0.6961654472690335,2.665674802978128,2.8170868206524795,1.2387292157311114,-1.0328747704608274
5.923452498403257,4.946800654331509,3.7778930171500886,3.4535258945798257,3.303493488685719,2.7146904895156965,1.590870798425053,1.7384419822295754,1.4719748575944365,1.054177705244825,0.9808267750389519,0.3863491083703841,0.5465620320373739,0.5212568142886508,0.6868807580185279,0.8955957156413744,1.297609045743723,1.1358577563739336,0.4537021238681101,0.8799580597159775,1.9173324649138463,1.2153186046857438,2.9935354021502554,1.2014186681274204,0.6303092922146205,0.24455278923827797,-2.001669716007122,0.8003890556367735,-0.036722872781928574,-2.03368872919722,0.7241430089518086,2.121434154400703,1.3073343960606851,0.6244806071425409
5.229285022972379,3.9840570174525354,3.302201061579,3.1101466996688054,2.9292164709388513,1.849935125787328,1.3312705510967726,1.1776934814324247,0.7875279225338202,0.5660592390431616,0.22343058930479617,-0.23721105961103553,0.6326709572450406,0.1504872544577612,0.2025512890644219,0.38617552023885804,0.21522263467929412,0.24749411615169503,1.278364112038523,0.5809860414550271,2.119699018183594,1.745384986264522,1.7615144542828804,2.4601626171755884,3.385463643927489,0.9878226693162715,-1.3617984850895528,0.5294517016265605,-0.7172169717329064,-0.8504222000718633,-0.19777824647252074,0.13605662818767847,-0.5536495215100775,0.15955884859583788
5.043136218972499,4.203336343564069,3.1850673331483397,2.726225934266283,2.3046220220591276,1.0497243982628726,0.8193423523508087,0.41603352875267596,-0.133424589675477,-0.3557693391668983,-0.5171013847475575,-0.4243057990604338,-0.3100708616170763,-0.5274965726504588,-0.1976670222621696,-0.3167784144948126,1.3251065880198112,-1.6235364020238692,0.5815391663022614,2.4230888487322613,1.021162258038543,1.957429876266526,3.2431925464737903,-0.5688222285989484,-0.11996817710989043,-0.45318905943638976,-0.02734167992676934,0.8108102223081521,-1.374250292676128,0.6540616734550374,-0.06827841380393161,-1.2276244616330416,-0.48114151213005707,0.5878691341734045
4.081468072997139,3.3128882868829836,2.312962077237428,1.7691250511902248,0.1484702703839753,0.4384529681336059,0.2067765071867415,0.034017515738889,-0.8328350813975227,-1.5246405781322878,-1.955634469160187,-1.5674469600048893,-1.5409102810558941,-0.9991808082128717,-0.877858751886947,1.0389355874933284,-1.8344723385375392,-0.6834373597102968,3.7118120707860554,2.511569142762346,1.5641290764321492,2.449748638383477,0.23098478863722693,1.4501886765095053,0.05757097631057231,1.0873892750635918,1.4387325606490342,2.090626447913166,0.4841442537751335,-0.7986504405451075,-1.4336996263450723,-0.4430584828892102,0.5186169034031174,0.3145396872433562
2.9919028995718784,2.0915464117287126,1.5129718990923673,0.7703900170663197,-0.44010622567831303,-0.50335728002572,-0.33152920284034276,-1.422645139331314,-2.4296775682407548,-2.5061558317440085,-3.1445433068056134,-3.3167434688540283,-2.9959035201237865,-0.8007136078643595,-0.22362221351776454,-0.8169529665606701,0.932594931573662,3.0187766311096884,4.433337256543965,3.2875057445551916,2.804038455064782,4.371042171070265,1.9342714898157685,1.3099642502041822,-2.3792080196021606,1.9067283489093796,0.8183299297143324,2.79103267766469,0.6000958967233878,0.38877567916405237,0.04851560047234843,-0.8570101460072653,-0.683869685730844,0.21215583483964848
2.0564282401820013,1.325890526067474,0.554066408499736,-0.24014889884031995,-1.0937376072911011,-1.3215204732204515,-2.201919245594614,-3.02935557477314,-3.4150211965355077,-3.8963177798209867,-4.392175698420593,-1.6715302051744587,-2.492095627782321,-0.20706362056523764,0.5366068742072363,0.1633110052135284,-0.5296540053401808,1.8876490439530969,1.7098273411956362,0.9675185882706578,5.131428048795209,4.882152717117285,4.662611386781592,2.9280008134118662,4.498350291758976,1.924610488548749,-0.9225710719689464,-1.5928914901466509,2.217389901551986,0.8126185924891575,-0.4879558248053002,1.2253963567373567,-0.6824790996323389,-1.7247254251152369
1.7410987775870077,1.0456809015670767,0.15935690915801487,-0.9710031034836786,-1.9708302517683427,-2.6411438265735656,-3.1845575897723832,-4.190270136243158,-4.757346984876351,-2.0788792141965895,-1.1730759717005053,-6.018355268158796,-3.6280652939767197,-0.9719573560046145,1.2307664800761022,0.8018283079692023,2.1518259133781603,0.38646826173217896,4.252826634779773e-05,1.0147120490069188,1.3383733604102925,1.7937136671693514,3.4549632377905453,4.2484081372133815,3.749881438880061,1.2436597817018908,0.6858808388794109,1.9658051292662626,2.6923304957715106,2.0102782160863475,1.5265245945172972,-0.17474438643624612,-1.1429609511983545,-4.152212986019675
1.3125139798444003,0.08169893210291429,-0.7659995320695889,-1.9013882701601408,-2.899181065265886,-3.3327119470654805,-4.151164295248242,-4.657284084582334,-1.958680778371516,-4.319324907692934,-3.0943196406627793,-0.6581203059295876,0.07142042847916796,0.30834167140910373,0.16370681382385577,1.1614989876715571,0.465004349269434,1.351356413794156,-0.35519738408427814,-0.716260506116288,-0.4578598803599056,1.3398278345197807,0.8385942305405449,2.2944456823224226,3.3445895764642506,-0.8580136684098393,2.274251136862296,-1.8018890004457175,-1.2490322668622222,-0.04006798449918932,2.250659707283904,-1.2512196285922623,-2.472792066630601,-5.227812234989806
0.13664652596453405,-1.0393836481480625,-2.1037233955727928,-3.0488758267308884,-3.6817438443552257,-4.538878358779682,-5.42109512574578,-2.6562895288512873,-4.1742803372730295,0.366789188809203,-0.5726611526164799,-1.2540918352875514,0.14317247118789628,0.9978522831669464,0.40709301550531246,1.6810691599917507,-1.7009907177176802,-0.076873614655977,-0.29203825487422636,-0.21937532785794195,-0.8395474584466959,-0.7886475941756945,-4.239856401010435,1.6830990672035737,0.5587817049767596,1.2409531058895331,3.459413506992196,-1.983996961583868,0.47102317329740173,1.1589606384052578,0.21589901446137827,-1.1322767766564197,-4.168546271055973,-4.48487984522641
-0.6757407523785965,-1.9555551622824552,-2.6978087371829265,-3.9719301177734456,-5.612810771793642,-4.935504851136185,-4.928927160252817,0.7074681447785042,1.0313642942682066,-0.32782677306388935,-0.6316381573677672,0.017489863303054194,1.3327776540502,-0.880034918398976,0.3553018740301594,-0.33816336106888367,-0.028736350249712633,-0.7133330028434134,-0.9267090611948788,-1.2765322470904272,-1.4346721171889218,-3.8013446061046983,-0.3822320828834456,-1.8316907588474505,0.2222210580913979,-0.2861784654482404,-0.9616677669546295,-0.722856920383335,1.5794166434113077,2.2847186361674967,0.12464217479368307,-2.7326869769980573,-4.901054043621625,-5.500091253364709
-1.2355718305445376,-2.4658085423893534,-3.205398003938403,-4.815614670959778,-5.873829795026082,-3.5789851830750727,-1.069856590670407,-1.9743226588922547,-0.7667526378899325,1.1591432041474303,1.2216540985665685,2.842015269641372,1.2327206626800997,0.8905955940023458,-0.14599642326272158,-0.26734305095183014,-0.14835902611664598,-2.278510768282123,-2.004396871478187,-3.7505680561060157,-1.4317492686810334,-1.5434992871995663,-1.8072318370917804,-1.7894185750380527,-1.7102632354022211,-0.37910165270310703,0.6501715308851388,-2.9619084027564426,1.4768259525919183,0.7375765652898445,-1.6853476849670974,-2.9720708197261594,-6.031099798202104,-7.471867697195207
-1.2373222140657687,-2.1315571014691312,-3.1059235022855907,-4.785170678423234,-7.518920101981939,-2.707961350245964,-3.8686664925699192,-0.19754214540389742,-0.02428559803258956,1.647344796400449,2.083559883000801,2.5905873791150222,0.5601891520385637,1.9211672257202417,0.3762635690702317,1.3352971804983829,-1.4828647711039515,-3.426384140142838,-4.156293092026924,-0.6558656240897731,-0.27864258848406054,-5.635916387370064,-3.1410418647775638,-1.1443001961123531,-0.5896515494305908,-0.4374857567824328,1.3981681139703035,1.7275683531750807,1.9354605796870927,-0.12879970792280984,-4.9544700128781205,-3.499962584111055,-5.617871880205993,-6.612706553051488
-0.951598227602699,-1.7490746596987095,-2.107278855036349,-3.788938127282827,-3.0898454682440017,-5.1146467977252446,-4.365623924519231,-0.3178650107794986,-0.07891305137447213,-2.29985382790007,0.0017027760443076203,3.3046761474065027,1.9622819388467567,0.45946451907314756,-1.4789676562497989,-4.066868078571953,-0.5832626136955655,-2.405659807823637,-4.874487350405992,-3.103135090262178,-1.7352402631418122,-3.74136790463165,-6.35343525607465,-1.438285549064849,0.026013053626826245,-1.8940177751263019,-3.2506313202920643,1.5433923242604684,1.8826101640811768,0.0266318265680642,-5.538933403816536,-4.513113605651383,-7.172856843445292,-2.6544583889497235
-0.6157839105075212,-0.7843745439703178,-0.7082129220668494,-1.7119707677734541,-1.3288964077418535,-0.8411193871636242,-1.326079025807118,-0.2152734412808277,-0.2048735194347917,-1.0249908703559587,-0.7682932524875544,1.9041944768376151,0.5090072801181738,-0.8464510456813412,-1.7067705100048327,-3.5347484357585057,-2.530803360595249,-1.7965392464132144,-1.966009998535945,-3.1434072662413506,-4.813637814455223,-2.829329483737177,-1.7439141111817456,-3.093325954021455,-2.1849727916110133,-1.6490191022968919,-1.5251186778833272,2.5694784378292597,0.9409253881619759,-1.9256414292863235,-6.0238088156369045,-7.429803954397035,-2.9602743453577447,-4.574626700787376
-0.09829022241632,0.1665496396065173,0.2864425923573676,-0.7075169749850531,-0.9287436096008737,-1.615899833095737,-1.3873484230104578,-1.21912217110268,-0.2488603186544602,-1.0583753682201296,0.6625353923105711,0.3930746755822704,-2.5652164058338696,-2.9690825584719818,-2.6356862423832776,1.9102220882482164,-7.5064198788380585,-0.25836629638901193,-4.0257478531000555,-4.517099286994552,-4.576906521028563,-2.6591024480896133,-5.327627998790229,-0.5514313966436581,-4.572642296142044,-2.3703252147136666,-4.344536162924613,-5.971682049978515,0.05616816656551551,-2.615990620657376,-6.383799238024838,-6.737546329303148,-5.204205655447952,-4.558585125416966
0.29454411738236946,0.572454252073887,1.0936170698898393,0.8074791976511397,-0.2657015988555732,-1.785303111439611,-1.4419710865535567,-2.181853087883924,-2.2523476715725783,-2.4441921658871175,-1.6775545611062668,-4.407642879104898,-4.025353021826297,-4.072952448281805,-3.6841022313923983,-4.457968664547984,-0.7432310836070988,-2.5780000349307013,-5.128795720240208,-7.614049033368598,-6.877177985561077,-1.8893722621914455,-2.9066148915081653,-4.148743338204973,-1.4160434392979953,-4.438941362043189,-3.4511015736771244,-2.356393381204694,-1.2346519530906324,-3.5598297933143597,-7.62718513732027,-6.5434065767882155,-5.19916643095965,-3.1789287195456284
0.4593618081035166,0.8433186376450601,1.2710679078628653,1.153457372780724,-0.37152590791526696,0.11357487157594141,-2.0810491547433823,-1.5771819840634975,-0.9261344416873954,-4.265220265583786,-4.680749323578211,-3.3883229929228786,-5.198297907225008,-6.790067596243824,-0.7019576161586104,-8.136092915853245,-3.601761183828884,-4.090288245684475,-3.1110940419518425,-4.569376703553509,-4.871016671185882,-8.5188502792894,-3.170753195436919,-3.8430804719097647,-1.5270051039371846,-2.5521923315449766,-6.556735378483988,-3.922363618194251,-3.971133387241608,-2.5735921695706225,-7.707975905161033,-5.630248940105504,-4.9598213607612625,-1.428201277232293
0.5556408126478736,1.0338036666909107,1.362653890754268,1.4829726856707937,-0.06719357517520608,-0.9196419584102516,-0.29017134421721835,-2.695966801324209,-4.389609811494124,-4.031805112880082,-3.6864535628499526,-3.8375541773371933,-3.085685096577307,-5.72208947643805,-5.196252552437807,-6.102929366592994,-4.135031688391295,-4.8905614595531555,-1.904219144027005,-3.376529837252539,-4.048480236132321,-4.687086439477898,-6.439310006874671,-2.241904371812563,-2.009182192828515,-1.8921448884937355,-2.2823178145078296,-8.071626063670717,-6.932136237018128,-4.979520358247582,-4.710964264273988,-4.166326317477574,-1.5214567660308054,-4.204451931307264
0.7709410770126969,1.1358283756144278,1.6528045943573495,2.246191399266805,0.5304498891993068,1.0093275267382986,-1.739716838334274,0.21705228513832767,-5.1394980217702395,-3.749612150239376,-3.4253762421550418,-2.97620755648313,-3.268021121085529,-4.749330757809295,-4.271930851405255,-6.265599992362157,-4.3065509005748215,-3.4958413404834885,-5.2149812571978265,-3.6294818384798226,-3.1286326880717117,-4.1401895483031215,-5.448229634586743,-4.706045112927129,-3.263233588339251,-6.242624820747175,-5.652748772635952,-7.089330642082956,-7.543080367940602,-4.692279068991483,-5.631449947968201,-4.455163430816696,-4.1367825336153174,-6.846805751804857
1.0671304529021455,1.6462520711554665,2.0212146208568758,2.5162211669441663,1.9911534374986843,-1.5672151823460736,-0.8818732719362624,-3.9167106672379672,-3.952458745371236,-3.692680095432799,-2.107130003960212,-5.481976105856463,-1.9085803317680188,-3.4010694028209847,-2.9339757744981108,-3.0935309113739615,-5.321132788619776,-3.0443208523324436,-2.7923639183281614,-3.5988337172999434,-4.30190954979341,-4.636987862157162,-6.697582353196394,-7.7744187771779565,-7.398276727421228,-7.320022064969032,-6.7287747199599925,-11.846228031658237,-8.686917584030338,-7.528335547873225,-5.052922929271809,-8.077914235247922,-5.319741525649337,-5.788666385414359
1.4090064764218408,1.826065211420903,2.5565276350231985,2.9573526723789105,3.129002576636733,0.6182160356755382,-2.5386668567469766,-1.6040796124298984,-4.893766690111411,-5.433107490335606,-4.246227697053296,-2.8782555599188617,-3.941570792322329,-6.794480911692089,-4.051222680289731,-3.990219100152549,-4.79161353529023,-3.5028697551955044,-3.4181904985938276,-1.4255646498211225,-2.8908069907790437,-5.293818985040384,-8.788098257865778,-10.424481824845833,-7.718247796580465,-8.013021463117143,-8.154486789116467,-10.55102114576498,-8.241223495104933,-6.47153618774983,-7.528472259290188,-8.53722764286967,-5.533513908020469,-4.4523718494603735
1.088599368079491,1.7099150245215347,2.698649423631905,2.928166833697508,3.370933256695028,1.914777051278812,-0.3087258040220456,-5.00954492012554,-7.045705720292302,-5.808401716391432,-1.68696875231223,-4.883256323881619,-3.6195253822181916,-3.520582412269145,-5.488705126827682,-3.068878606056029,-3.9609494299235135,-3.1237363090537995,-2.5801983785135545,-1.695533982376944,-1.2575082804381015,-7.7608679676353605,-11.261224993688115,-11.244692491758405,-9.321241330320968,-10.144842996762288,-8.465663433103702,-10.473886683553873,-6.797556977396702,-5.815854064343752,-7.572238831723854,-7.875497020372402,-5.0625161788842465,-6.503793573445919
