script/wind150m.json
[{"header": {"parameterCategory": 2, "parameterNumber": 2, "lo1": 6.000198445256149, "la1": 58.999992894266676, "dx": 0.5, "dy": 0.25, "nx": 22, "ny": 24, "refTime": "2024-04-11T17:00:00.000Z"}, "data": [6.9068537121002915, 14.963521153394016, 8.70361053840767, 7.157156904364275, 7.266602158439921, 11.286411397932671, 7.6485135147676875, 14.521923670554665, 11.164449766409058, 12.58406760867694, 13.387429290612562, 16.230100467546887, 16.65804224842069, 11.339164671615691, 16.262281444775795, 10.50785219510744, 15.564179224535511, 8.991623983232047, 12.12197864183034, 17.16298489082486, 11.391460930059827, 19.547694197015236, 8.169608627880717, 10.285133937920925, 11.143854333546418, 14.400672474598363, 11.197529260755857, 6.617685242469919, 11.350342325229535, 10.683322204537822, 7.252659260233489, 7.93086982251777, 13.629653827726326, 11.859236026582082, 10.250221111143015, 9.270938621875729, 18.93864424157441, 6.819749046811496, 11.971193920075685, 9.924682813742747, 7.431213905432085, 14.138867906700751, 6.743493544347077, 9.195173029046762, 11.870285254361518, 8.858335561281848, 6.71363814014099, 9.546217956385433, 8.248534151264375, 8.190838930939751, 14.910965367577726, 12.602858152676887, 12.636116024644844, 12.046219076092635, 8.744637281915159, 10.84190645211552, 10.83784129837743, 11.963287823524894, 7.475147465417194, 12.43889906820692, 11.588534853110387, 10.22024565992911, 8.392070514585424, 10.62566759882783, 15.638656364642896, 11.08614339742187, 8.716727305763865, 10.63295573867457, 10.707656728958327, 9.179987685500967, 8.816299052220419, 7.002784896249993, 8.534651199233762, 12.401875522568854, 9.84733379626701, 6.967397577507172, 7.338495801496362, 8.506809104190857, 8.555398426182649, 8.718085924581562, 8.723281533384178, 10.139914591773023, 6.615142611611701, 8.603947173199225, 7.413258830343018, 9.931198385965933, 15.954231827480605, 13.37432150401672, 9.394539606202708, 7.287822263399871, 15.902990339713144, 7.849032822906359, 7.522661229126774, 8.747900554710785, 14.143778326338486, 11.433966437887284, 17.733344643358098, 12.791009619870326, 14.411290952902068, 18.348310861352576, 7.902077429164379, 8.503012822395903, 12.200091772520645, 6.823345273319079, 9.25167097290686, 9.545386443954861, 9.85112861572694, 9.376503553380175, 7.6229846787812034, 9.499930453550201, 9.956810093172605, 13.606383008689907, 7.888444930408869, 6.675866136508472, 8.846024382598396, 12.25083300602029, 15.895012991101611, 11.589166593658986, 11.007815882963248, 8.12523964753395, 8.557780199686965, 9.917232290196882, 8.506119565962521, 20.139202048857104, 12.628173970214709, 17.70934847848803, 19.30613084571586, 15.743315754950924, 6.782262653098199, 9.980856359585482, 6.85857243093364, 19.236921493454478, 9.420953870255843, 11.438345641375127, 8.768407345333474, 6.881339759222135, 8.044122780541018, 10.43396065538315, 11.875622725588356, 11.775854046288062, 8.18826772565261, 12.409680042767786, 6.640668013364413, 12.985045249490163, 12.591389871129763, 11.281030177477183, 12.325603446560264, 7.4098183937736115, 12.360033866427921, 9.56711963101718, 7.78379563396413, 12.678285908202064, 7.342484726039065, 8.218627929111339, 17.982377208618114, 14.54804466610867, 11.34227050537092, 13.429319349357934, 8.255453811000699, 16.33939001057334, 6.81388252332591, 15.615974192117466, 11.651677553264065, 10.651146840101417, 11.307244294948193, 12.762239989999467, 7.1169458946362205, 18.105824260115334, 13.311370056779745, 7.932000379747459, 11.956739642380331, 11.561059633474635, 8.463244803602079, 7.9388017362704035, 7.182847966344947, 10.247766188323398, 9.270176067226851, 7.177908940722122, 14.35672769770696, 8.35290500673403, 17.33880935083079, 10.891589559183412, 15.870721861896218, 12.837169941102713, 11.153896216912106, 7.401179424069927, 6.97365807341686, 10.973807488386983, 10.165852876492439, 8.62700729019545, 12.43017608643974, 14.274037771506013, 11.756175113607195, 15.564526823759378, 12.231158109867147, 11.912846190725602, 8.525984344936102, 12.289205827721506, 11.07071146043969, 7.448791249689991, 6.509648524076736, 9.94905214977041, 10.235888068667501, 13.30102965735019, 10.698490232118903, 17.195711305346855, 16.347015154504565, 17.057919951149497, 15.00533178672665, 13.007718003925962, 12.424477634325727, 8.413567034793292, 7.020713575719381, 7.144991701939137, 10.610323465160516, 15.752801850593054, 19.396281810850752, 15.381587948348768, 9.822547121172617, 11.724761682202056, 6.480930459265061, 15.685319839952445, 9.786204351716968, 12.335581602073354, 14.932844824928305, 12.80562543872875, 8.2892442746498, 13.96856442284765, 8.232280749357894, 7.884621061943096, 16.551820646228055, 13.727481831839883, 12.558449059653336, 9.949170388679695, 13.69245454190389, 14.178464853765284, 7.4029707261696185, 18.4903362565185, 7.8877259059600116, 9.311312926649794, 15.859637093319986, 9.983669216340546, 7.159052568985586, 11.53309770027098, 9.926398419206112, 9.270018322018354, 8.071559877983256, 8.224603700888737, 8.919317489307346, 19.89828382681594, 13.979891102713365, 13.092689519345754, 20.637689656626225, 15.247586200890295, 9.696944777495736, 6.589153642407093, 14.163395263041744, 13.675777720707071, 8.045990101967806, 19.191971809289267, 7.998946313928155, 12.277752918403257, 8.190001252724791, 6.4875649052465265, 18.379611116412473, 7.8131252095408845, 9.481921965281387, 12.47022725347677, 11.341256994256128, 17.935891019159488, 10.235153335734813, 8.753693279964628, 13.53499259698141, 16.691875118279828, 18.324027338375185, 12.62284078901977, 11.913617528761566, 8.619396325029946, 8.685890055696817, 12.526681863383953, 16.62010428528091, 14.760657610046984, 8.031242891503618, 14.319851093786871, 8.47063771131063, 10.370069879008295, 8.213987083616981, 8.552732313233106, 15.380369615476017, 11.68851894886091, 10.002728439968438, 8.683311473017262, 6.6285169638809665, 9.663232407927454, 8.461679795177721, 10.817049583386934, 12.191910455739848, 10.326588464729713, 7.12546812585652, 8.321604123657838, 12.101573987153087, 7.054015549322064, 15.133752149280141, 14.96686958047379, 10.781884010370366, 13.502160606143384, 7.437848414589567, 19.234130979351924, 14.88728637137497, 14.02052682323453, 6.925804484902113, 19.561419855334083, 12.493661580688144, 9.478995480619316, 9.404606639500534, 8.91922185714178, 7.25262875766828, 19.445587101232938, 10.797425454360065, 11.602911619478295, 9.803404473152645, 11.451958922550732, 9.500251757639505, 10.839426606274575, 10.12313617022099, 7.538014589880011, 14.743832463082537, 7.851395106751013, 11.435744974114824, 15.229797673127399, 13.92192258010499, 7.025861033501868, 9.612110619020106, 11.568032910839296, 10.860927965868306, 13.279083940384592, 13.870992197942922, 18.285247392030254, 10.67037596886277, 9.457812086196295, 7.024182689506272, 14.743101670116102, 12.658846277378542, 9.879223689608315, 8.846532219145265, 9.355621931238957, 7.203832012339465, 8.815643913875705, 11.37735767872078, 12.29896366873723, 13.691980428194347, 9.70826069046458, 7.319314195665071, 10.089399763192944, 6.4193485258387994, 9.23351433330834, 11.945155727711626, 9.907782505400924, 8.95438776324556, 9.833054939465686, 7.505121691673414, 19.826474361077018, 14.005803978479298, 11.685686892762737, 7.580330680585511, 6.024992960226981, 8.09677556984072, 13.61846380700339, 6.608237760971368, 14.085463844974452, 8.737156921037712, 11.445870348421291, 14.324996846733894, 7.9842933548994965, 7.489751705230176, 18.148029574947547, 8.617365176830178, 6.8656346005398206, 11.542272920951962, 16.613614486371976, 10.638097151399212, 9.344052273621966, 16.33084899028381, 13.560403900639228, 8.348059474241724, 9.581458470307043, 12.497954096256404, 11.005911102739896, 7.649971122219364, 9.491534242635968, 15.914891028626068, 15.11906656830604, 19.02860197830181, 8.691775353494712, 10.365921763638163, 10.461925545004966, 7.537552326932055, 7.298727971309677, 7.7307855702719985, 13.768237821345053, 7.147061590608547, 7.867075460379115, 9.326784879592022, 10.08618082452445, 10.668351691103634, 12.396521655573213, 10.584139995076475, 7.3277594291928985, 15.634685808958793, 12.36397672090068, 8.076166344199954, 14.292990707256246, 13.555507229536785, 10.487777768926694, 16.51087307911604, 7.212179718113854, 9.017424321722768, 11.535043298608844, 7.178479735138712, 12.223672576145884, 13.835161056370527, 7.751513326366547, 11.530810602283987, 9.348849493973713, 8.726996574783636, 6.8959703438262725, 19.176919829906268, 13.954259054325659, 10.877493697611737, 12.381737572604141, 16.354192944946558, 10.595065004679364, 14.689741448353383, 10.315403026069006, 16.11370069554295, 15.808116213561087, 6.963125766692042, 6.864738906445015, 7.8351509122178, 9.764186587082545, 12.017351662840708, 13.001134856836607, 9.75740960128441, 8.012426542826942, 13.878948922831077, 11.186097224359518, 12.743570513596023, 12.722412481415821, 6.338802215119914, 17.604926439515467, 9.81097587654924, 14.635613577880155, 9.348189617950931, 11.619434934357283, 8.47800201984072, 11.814037253737002, 13.43665416826084, 18.432355273114585, 11.550989486798345, 12.053814088565534, 8.072782624729422, 11.40113267293325, 10.895391474172484, 16.14715425344471, 8.455505104304265, 12.611113734114216, 19.658210761307803, 10.234360997810075, 7.721239449319482, 14.779779435618615, 10.111403184974565, 7.773591137754359, 8.531203685229354, 9.652394868209345, 12.808473273645333, 14.563566027592804, 15.980033539002044, 9.717589688129861, 8.192333001207137, 14.104168418560107, 7.291054993057295, 9.684825452440963, 11.815551850908296, 8.371284558059934, 13.333292379392384, 11.792553348611248, 15.203246826705826, 18.258090262628443, 12.256977925384513, 15.263887935939945, 13.059308419775467, 15.153065042595603, 19.20930813815186, 14.46405314500196, 10.743210404829362, 7.822957325667572, 14.526292052881756, 12.684905870491134, 14.83347997324633, 5.932258245952791, 7.38217456781027, 10.358282461188807, 17.70056748908949, 15.265003355509004, 10.180530523516246, 15.969453739286003, 6.439779043661951, 9.622849451656249, 10.976200113492496, 8.21053531529734, 8.50046131745536, 12.87905164745987, 7.956607472901657, 18.17224745760358, 10.256930943132327, 15.598657152839015, 13.629006011762046, 11.68226462622528, 13.762992707510199, 15.255927679609451, 16.788807554955827, 7.849527508670342, 12.016238119863836, 11.689080624456931, 7.003122113365548, 8.075751769648788, 9.81085470991229, 8.910534496183777]}, {"header": {"parameterCategory": 2, "parameterNumber": 3, "lo1": 6.000198445256149, "la1": 58.999992894266676, "dx": 0.5, "dy": 0.25, "nx": 22, "ny": 24, "refTime": "2024-04-11T17:00:00.000Z"}, "data": [3.9861086733080873, -2.4599728805586016, -1.029617497755463, 3.597375226935877, 4.321397630508955, -2.0038673017614097, 4.825619070347647, 6.528529181011159, 0.33002635988590734, -3.987298411205455, 2.335138706519306, 7.899979023331771, -7.140598364990997, 3.1575950423946093, 0.6583306134360486, 6.415653485941982, 5.564484444253465, -3.506234602179372, 0.41536622707393583, 9.508538675459198, 5.053679296560807, 8.465439594534582, 1.7289044338078463, -2.6676039368087108, -9.993451668088017, 8.876581793169867, 2.6757635113865668, 3.1504190215803365, 5.78844475617716, 4.7640491012039154, 3.306695569614768, 3.387346576046984, 6.284869014464348, 2.295996260385441, -1.0139105916186923, 0.0652176153684334, 6.705277311810764, 2.813394135144509, 5.664562052941586, 6.355965935358024, 3.700867365805813, 2.673121068599996, 3.185293675745278, 0.26937737088146824, 5.644699659218695, 1.9257035053586316, 2.706897557250563, 1.7181215746343672, 2.614836132974161, 2.8193268093237958, 0.9752338895459315, 2.895529843619049, 2.882902851581113, 4.200909151029036, 1.2058635259003545, 2.5113470107277784, 4.910494998204474, 1.0436297227188631, 4.412239227357624, 3.3431899249897583, -0.8415723771836865, 0.8522469202521827, -4.526269853614344, -6.6636356322456605, 3.8704661848711353, 5.455285126930467, 4.052563382645756, 4.73870764315735, 4.3865851101390705, 5.711399421232429, 2.4745557008695798, 4.880537347082857, 4.758899806093069, 5.561812471077889, 1.2673166447685402, 3.4379815264374987, 2.2128290333844456, 2.7215173825155565, 2.7858339691667284, 5.243828721825483, 0.9164633506264043, 5.0934774863960754, 3.896978180146261, 0.36169980363724064, 1.0800958669273464, 0.4173578675939488, 9.673424248641934, 6.945134657474057, 2.855529112169568, 3.4800124411005706, 1.392138059048681, 5.406984448571031, 2.7546792700162555, 4.431683913395947, 7.789140465856018, 5.14928809850647, 6.3043260742184115, -2.2390573439504404, 6.869727084187065, 8.858517854846342, 5.322673356570526, 2.80642324814654, 4.370087459100822, 2.784671655827436, 4.255893822954364, -2.5309526894337937, 4.833945798613446, 0.5788382829754792, 4.203279110314765, 5.165866229376141, 3.4187599219115787, 5.71869674688306, 2.826837025504787, 3.456223921123584, -3.041893879875455, 1.0833863751602566, 7.907756199692108, 3.1704430260480856, 4.967029661524223, 3.505808541851899, 3.310008344037903, 3.794783816032914, 3.744074098160761, 6.776515812915191, 4.36099876724037, 4.5577589984923, 6.346500135383937, -5.801267092740607, 2.9437311151269374, 0.7929836140187129, 4.118618563587208, 5.5960551273765935, 4.742603592510828, -0.8062576400097605, 0.11677004143501084, 2.8521183163243564, 3.5676158409018686, 4.781428011604065, -0.10789224327412628, 2.0078581373703814, -3.9054371018877028, -5.336421864006104, 3.1645947450853926, 4.239052635530375, -2.905441867680259, 1.839644890749536, -4.180715526920916, -3.967125474245453, 7.134609066021251, -2.5492681911731885, 2.3881424697470695, -2.600335201974569, 2.975894009584095, 3.383132369710616, 5.86175370012854, 7.907281452207807, 5.4599675479660235, 3.8797134104950657, 3.8177128006303263, 8.832597262574161, 3.0136953189959668, 8.48377110137585, -1.457414572060971, 5.964180108965262, -5.2548115088725735, 1.66700588716848, 3.0083647358070427, 8.893090538179445, -2.6800047174819186, 3.492472863380391, 5.279836333208644, -0.9706741690739654, 2.6408261767493038, 4.34347461974412, 4.498596168483161, -0.6529070250921395, 4.256586060771658, 4.426631619766602, 9.403183697355283, 4.67019099368938, 5.001279457237404, 0.46809557303528765, -9.671854710043561, 6.222449815327059, -0.11864160388452781, 4.727071434543657, 3.5746864114615455, 0.33094723465276077, 2.633169355852497, 2.656611269976661, 6.385142205385594, -2.7997173630639605, -1.1633851274347633, 5.35008518657369, -2.3406043468417908, -1.0918438198296356, 3.6415764788924974, 4.720151998024001, 2.7269919361109425, 3.8339348490481906, 2.4449300557141385, 1.4308383064346593, 4.743216583160378, 4.939394592903798, 6.039278047418862, 8.05689712480529, 5.363711640382304, 5.071566770487012, 6.014422832219655, 2.175369829496652, 2.366697779958392, 4.035719835396678, 4.284564246081827, 2.822591164097038, 5.040931999605709, 2.9910908327986383, 6.583303087336082, 5.010205052872779, 3.5167685297764506, 0.5764099781869677, 1.487034235726139, 5.994689090110265, 4.3845499195951145, -10.428140533389552, 0.3490715227954342, 3.9596932301404384, 3.0751388344407458, 7.121220647190853, -2.224112700117235, 2.9532937977490668, 2.568237078123375, -3.6255951319736357, 6.476437312495499, 2.604516424247627, -8.060184544520126, 4.9520172097334285, 4.140277490625769, 4.705934124340239, 3.6905947936132626, 0.7579624603487305, 7.750784095856087, 4.378356249079929, 4.446321226225346, 5.727174441696139, 4.1678436364759825, 1.0914332874085397, 3.113177640478287, 3.0719207365141665, 3.545310872581283, 6.425074292862735, 1.5801584871452328, 6.961333566673336, -4.341259851883104, 1.9323925907659256, 2.7867703229821266, 3.035240896139183, 6.947876507281413, 1.9478717533853163, 1.2388780133059651, 8.228484028457109, -3.375080039396341, -3.723472474952725, -2.51917515438655, 4.748429750487873, 4.718382872501825, 2.9440974474275645, 2.856921627800087, -4.0917914056836215, 4.91201275463536, 9.817969173476245, -4.16796790848917, 1.9719026484999531, 9.508574631957245, -1.8846430627071984, 6.962850942145891, 5.740030608064306, -2.083435091222527, 3.2932769884056814, 1.4274611229375507, 1.3190352224805098, 6.295308493193665, -6.563347415688218, 3.561967816814622, -2.173126956204469, 3.0883206268092573, 4.863331130524042, 3.09507528667831, 3.172249587557087, -9.189183600235166, 4.965874543004736, 3.517372004674258, 5.1454055075818435, 3.9587569601385364, 0.3393012664161144, 3.631033766682177, -9.023403391845953, 2.6632813861185767, 4.9308626257924875, 4.243560787725366, 1.4283877310424198, 5.729197915502419, 3.5496611018204396, -5.603374217011735, 5.099871878099299, -1.2838989686064939, 7.645424090661199, 4.139209468868494, 7.010623424524482, 5.819417312046784, 0.5218919786636327, 3.8870044975726783, 7.883182951099565, 6.752565719294166, 4.025269204876319, 5.324327687931931, 2.514485922928185, 2.7441547905944863, 7.895428387500895, 3.814273108032778, -10.15774799228352, -3.386534447146351, -1.4001286592728794, 0.8052049130502988, 5.128714667793597, 3.067057729864293, 3.4564941247715875, 4.5660205017862765, -4.641677282862833, -3.282656661214312, 4.5502438193607135, 4.043289327059846, 5.243817840105889, 1.0856045828482428, -2.6979147294551176, 4.643852946513572, 3.6767534693550497, -0.32577006276146375, -0.6582112994377699, 2.5456921880118117, 3.8304282081246535, 4.3356245389128985, 5.997880951606878, 6.918668531576678, -3.3160571106545533, 2.3022732146405764, 2.52445386531712, 3.389643990491196, 4.0934534399253275, 4.455566514577718, 2.7811552810363476, 0.39582276954813467, 4.209735811845048, 5.453758497492993, 3.941517692048739, 3.1883556557897927, -4.221206278185014, 2.6581107293718027, 1.7898150722947457, 4.162900385793345, 3.2591300882978556, 4.484084476694681, 6.855260899093176, 0.2561934192734583, -0.24406140479437446, 3.8455406555011273, 1.9043729378319258, 3.1145628180486136, 2.306121276803128, 2.489856632576416, 4.462327779967217, 4.877350230284606, -4.506098124257991, 2.057258539547266, 4.116582972419887, 4.126451883031298, 4.575011461720605, -4.308562632779878, 2.848300405027928, 4.962953317248343, 4.21092729778898, 4.981749655605988, 5.1365043685660705, 8.568839510077567, -0.4265300944001624, -3.8626987222912894, 2.1944714166168415, -4.309196704527327, 2.4532364720595345, 3.5521956082602797, 1.62223967975158, 3.873091707627602, 8.109474284826895, 7.447338205409019, 5.7189931600718555, 0.4320500225739043, -4.698428818222421, 2.630790871992955, 4.201483419874379, 2.9235410430938606, 4.059662509579986, 4.331829503047402, 4.14775449147341, -3.3142565681900042, 3.98815817938619, 4.148339699926616, 6.082137489998149, -0.39435418080669843, 4.638085563448031, 6.770205908574997, -4.0582285354176495, 4.910056238301035, 4.93965327805927, -1.4136247992514706, 4.93910970394851, 9.015151895132815, 3.2893336681214342, 5.8052934663823885, -1.4354975051724648, 5.4189238047257895, -0.5960612649401392, 6.830299461060738, 3.624232926414682, -1.2793662182163827, 5.143691597671346, 4.158830759197915, 2.7893346497377522, 5.10806758546884, 4.346457935027153, 4.090762238435801, -0.6874538426493572, 4.327836338547363, 4.623933453686566, 2.3667993736639223, 4.672353757979558, 3.9795212916454914, 4.121796431800068, 3.3954290095028297, 3.604853251924147, 3.8037350708055584, 0.5391578105539501, 5.638053905704083, 8.954638920317018, 3.416853392075899, 2.9551013436906817, 1.2057335052673739, 6.0144623111715, 7.176482173741701, -4.105677557586241, 4.577706747879887, -0.9202594362412836, 1.82200653801983, 2.8999897774628067, 0.5871044611049188, 4.379241826852266, 4.351442603917648, -9.754476748246335, 6.542896269434971, 6.717577011447364, 5.333036625942486, 4.716550308037811, 2.7140684709877303, 5.376009833277488, 7.338324804889223, 5.487656061938024, 5.523172821773393, 1.4049419538283814, 6.830583808949505, 1.808188006260859, 1.0531803706584864, 5.454642965593981, 4.217987240666331, -6.294825830799758, 4.021459784333648, 0.5841105927566511, 0.7164829570253698, 5.561712207745997, 8.41237032890696, -0.9207165303889088, -4.017312740253076, -5.466679865078609, 5.573724920948657, 0.4027947617361791, -2.482578408100074, 3.141276657484121, 4.816426665353396, 4.366464362360361, 9.820567690566154, 5.489366162304434, 3.4857671063383666, 6.440233105520503, 2.2074670496457194, 4.0715235587267244, 6.9248688619423735, 5.399022317408597, 0.7987690887235676, 3.370232193105253, -2.690900769128193, 0.5916396038821504, -1.0512875280433909, 2.2879200964475035, 4.8643885308960595, 4.8879108628989085, -1.6651041638571464, -2.7903818838121506, 7.489814104581672, -1.7630953543189136, 3.0521165946283033, 3.9660178431087516, 5.854769816574432, 3.594575921642999, 1.5099870297229432, 5.636278999189073, 3.909102656948103, -0.41717214366350003, 1.138040205324157, 5.172576418034784, 5.6584512866296715, 2.2283687678805078, 4.446484358399084, 9.751376445726086, 4.806839808169149, 2.3701767668807, 5.332957410298483, 5.806610432505275, 4.421998335460211, 2.7850009789423233, -0.7264996470395184, -3.135360215033582]}]