script/wind10m.json
{"header": {"parameterCategory": 2, "parameterNumber": 2, "lo1": 3.000054539987559, "la1": 64.9999836372058, "dx": 0.5, "dy": 0.25, "nx": 34, "ny": 52, "refTime": "2025-06-04T18:00:00.000Z"}, "data":
[rows 0 to 24 of 52, columns 0 to 33 of 34]
-4.6444316342715375,-3.6207966490582404,-3.4085689800922303,-1.601427400377762,-0.789063911512785,-0.3405998182843056,1.329140811279452,2.3736318455220697,-3.052331247984496,-4.199526801704925,-3.909250248363371,-3.25759331594061,0.17823557069076404,2.2073359111763278,0.23523996184343268,-1.1477476935640432,-2.644382267960722,-1.705187815001042,-0.4492581264506865,-1.761882782926595,-1.7039690514079824,0.8620744039912621,2.9749692724207186,-0.20659695436694783,-0.955493317438707,-0.5243094268716154,-1.4401191932811548,-0.9424603860396097,-0.8233377378498128,-1.512757432167519,-1.1476478302491906,-1.4452188414036227,-0.752802763442789,-0.6133399672824358
-3.542272258288917,-3.614275999752482,-2.9416859070372827,-1.3098698952511134,-0.41871605943213497,-0.8202921440345107,-1.5085661921637448,1.767519989843979,-3.4294398440820673,-4.607635759272519,-4.422905931574761,-3.6334540510534232,-2.1174870363054725,-1.246924444696833,-0.8610651580104122,2.3303359052975297,-1.7421024026070127,-1.5012573835654202,-2.0554470173382957,-2.710382211819174,-0.6510287277384387,-1.1039347016605896,-0.3270882463541417,-2.4112290139164627,-1.7115387725043822,-1.8722481453873865,-1.3734130953436068,-2.0655406935913145,-1.391486414967398,-0.39752580801618415,-0.764102563159764,-1.498865348653315,-0.9990454756340269,-0.3405717370786749
-2.7523423520734673,-2.146016862440306,-1.9134272421840854,-0.7275994324675786,0.20154024015073158,-0.8585460096876227,-0.19685730319909586,3.6956792769816724,-3.005916211740656,-4.747652447300748,-1.3012961405855397,-3.5080103965984075,-4.519042651112823,-1.7734474303739,-0.749665703491115,0.4034648078714637,-1.589898572681576,-1.1313714213773336,-2.7223088780117455,-1.7383161073642952,0.7814579380840624,2.163925393287092,-1.8270521750408408,-1.6371916459950242,-0.6227891671241207,-1.4606916764001996,-1.407121816327504,-1.178496178130477,-1.0184349235562347,-1.2037428725757402,-0.8754889973729769,-1.243047552202099,-1.8724030308268276,-0.6506403007738512
-2.919577986441938,-1.770880489173635,-0.9572725036160017,0.016109450462908095,0.8778460108033757,0.35810485073473064,0.8958435929333426,0.15984000396460327,-3.296831774676324,-3.080558654292736,-1.7212489641317266,-4.5068703648173285,-4.400329442447755,-4.349991670422964,-0.7989941885756807,-0.9282738077962145,-1.4653172061746709,-1.9831492553215357,-2.9731182293313463,-0.13544027264366748,-2.56117238290852,3.539877938883188,-1.7800824678968157,-1.1245006470115904,-0.5916559149536282,-1.3700310556310369,-1.2713066310262964,-1.0899751068043735,-1.319214041007673,-1.463219694323254,-1.6019763349430194,-0.6387940198829763,-1.003192973452286,-0.7891917158284772
-2.1663159012489723,-1.6561560659381507,-1.0411308344137007,0.18646112381517926,1.5098623532647986,0.9973578389228703,-0.21282856317757098,-3.6584821686118922,-0.9116991061000713,-0.1928829109476811,-1.5295426840156443,-2.5467949259588076,-1.9473587356470192,-4.104532251938059,-1.951867112943404,-0.6940481187824356,-1.700703564458964,-1.2458322375502602,-2.637729918857005,0.10475787046959463,-2.084902977523096,0.22424672577074944,-0.20906031271554362,-0.8081264200093038,-0.5506707060703148,-0.6209632974852878,-1.4810817130084406,-1.6096489930202462,-1.0289184431931087,-1.3154340935623312,-1.4449229228193794,-1.449757382872643,-0.7163654836690316,-0.6907323310393467
-1.3882141150932097,-1.701260771048466,-0.7432617123457305,0.10190663114547578,1.6538384299263258,1.6057539951874547,-1.188818117865725,-3.2206560872054846,2.8902551696541385,1.414652755603086,0.7678161643762232,-2.5537118308334703,-2.2324465599827175,-4.980154768970943,-0.20426545326450266,-1.1968732613750932,-0.44886726934531646,-2.445870269110281,-0.32928882624714473,-1.5951845256489432,-0.6276905008787846,-3.2041604676216395,-0.810043562300807,-1.0317893551351425,-1.1407585247813496,-0.1766865294714036,-0.8533854941666583,-1.6616568353391703,-1.660090322626635,-1.7816542851377952,-1.2939600123616835,-1.0020357392371826,-0.9626858218777393,-0.6577238749679971
-0.8720582306184859,-0.8219394241675837,-0.4900799873587955,0.837931108964291,1.6095726774706696,2.589667407015831,-1.1581206031602518,1.896339519938535,0.764122012845875,-2.2028858652321492,4.3986030146632205,-3.032132679830771,-2.6720169335580235,-1.5821525211159075,-0.46843517578653115,-1.899585214374245,1.332566915989755,-1.0869445277697014,0.989383383620998,0.745808835638356,0.26228490339268545,-1.717240022556547,-1.793298430449215,-1.0812184869814503,-0.39257578714541674,-0.7137864133248386,-0.8419326607910879,-1.4320291381471266,-1.3649502702366734,-1.2343851718561143,-1.7410152250123323,-1.1401334704028396,-0.42845580055746896,-0.2189961636424489
-0.5933648135708581,-0.42439475586807796,-0.3096136243721265,0.9798065027521122,1.474832508163881,2.8463513363819777,-0.682777865178278,1.2844455617832289,-1.7948806222795035,-2.6758599218413543,6.681407824286401,3.8407834351352768,0.09125889415189908,-0.2931193982608286,-0.6204959839012943,-0.027993221323002766,-1.3645890921996928,-1.3419446363623375,2.3495880505878146,3.1209544340606166,1.4394055536578834,0.6472313987264273,-0.4995636618821998,-0.9595730851718742,-0.9751522143257532,-1.1131455740219625,-0.5796395869863125,-0.7149008499350101,-1.044106366449313,-1.7761536052327238,-0.6625292602938604,-0.8783962650216636,0.6792462296008712,-0.9235748071892458
-0.26199554572850847,-0.013504059808322436,-0.34915464685421216,1.5612275767333077,1.9735687757124656,3.0211871164309287,-1.0571182604277993,-1.385805118275853,0.7408814067178243,-1.975767531659122,-0.5223046103259176,3.8183279776943726,2.8301246325665517,2.2398097767601763,1.854153526194086,-0.7395905992297737,-0.8610412977128734,0.9186784410972866,0.19941340543616942,1.178458337622688,1.0572652866620056,-0.8654313072501932,0.46320877796057464,-0.7898475986378857,-0.6468536379044537,-0.31667057432898865,-0.22502286878721864,-1.5931247921986211,-0.9258789157009457,-1.2732726618007357,-1.163772733725546,0.6120121153265407,1.7333896387707182,-1.5808773882926612
0.10844121406204678,-0.3878330049671522,-0.4587268725917407,1.1497651565137188,2.012929511314712,0.36917580762968893,-0.021393907987760603,-2.854001703198869,0.024362529415577414,0.22570868182174905,1.280071998161308,1.7683494464544933,4.174108077959115,3.6934064555241894,1.2572703079836711,2.7487093509212746,-0.4419432757242765,-1.311203466635193,-2.2768922688763342,1.979134014927354,0.15974126876708486,0.9075407591330434,0.6890320742685458,-0.09098046116908724,-0.03756262546573297,0.020424791554593254,-0.20997649636309643,-0.750773931594709,-1.3091067673525665,-1.6909881657283587,0.3605996328193799,2.0405698108777357,-1.6433989254761374,-2.2459673985190807
0.11648938889100094,-0.04763246851847523,-0.054209593142627494,0.842640797993533,2.354985897812322,2.6561091701035235,-0.6873987525998282,0.03194894398334692,2.1687258204066824,-1.4858953339838779,2.8395334715323086,2.0544031480219425,1.7840905800453932,3.6744733787883197,0.8677523191282338,-0.8394400298871921,-0.16177053950463535,-0.2645532433824405,-0.6750565757209728,0.9249477032075661,0.8050916421751282,0.4538945036105481,3.1128537619900447,-0.39094617020542116,0.29022547639526886,0.2521281586622455,-0.8071130499285831,-1.7679873268357038,-0.9106292538717607,-1.9488474167370384,-1.8135204039128912,0.23779347612242946,-2.186135348465165,-2.544106256494614
0.44965867777459895,0.0006126185678674307,-0.01614050456460165,0.5561171821181116,2.878082638232829,0.26181726093589813,-0.6858155102670097,-2.4466077285933694,-1.5635501655084145,2.267694050103582,2.048731606190985,3.3238603897386363,2.813652708077778,4.318474709127251,2.1214728339075664,-1.27622362285582,-0.3760258609514598,1.6597958977050593,1.111661475348084,-0.8901096587983656,1.4049562720832107,1.7271076298751276,1.774182689108737,0.28376286358875,0.11835377062335337,-0.5082292360515602,-0.11547831258339003,0.2974455580139265,0.3952074839934696,-0.17083351728399934,-2.423902525679583,-0.4213103112920568,-2.418973761936233,-2.267235730680374
0.6013281920575285,0.3468019803542515,0.06294362221190629,-0.024927470964969674,2.1583146632137344,-0.09187090259164583,-0.21836287096779453,1.7893888024729347,-1.5583220661428763,2.1986743473638053,4.0344285833159095,3.4831942409989245,4.126371616599035,4.5761184316357335,-1.6960166394032932,0.1706216735430786,-1.8701950969178862,-0.4865368323601241,0.27946126520247083,0.25110605238436406,-0.5114389461005402,0.6224250021385542,3.3020500386994858,0.7946957649448431,1.1753499646996866,0.3955853091757109,-0.0489171948389254,0.3236085981592143,-0.9344803272164007,-1.86803127447763,-0.6230654112783843,-2.1749179399684135,-2.2289982530346464,-2.352026979708801
1.2837098912144078,0.14840252907146556,0.18197964086256188,-0.5720918632569104,2.9005959085214545,1.3834151754577022,3.8577251151472676,0.5633031424181193,-0.4899691906424211,3.1923258629805287,5.577253186475873,5.219169614060816,1.8265211632089569,0.1388670303415743,-1.1525368167925092,-0.7907183512535885,0.2905060450432713,-0.37987147811495775,-0.6570388960007302,3.6482470507009803,0.001662556561322221,1.1246848916099368,2.9443460105889048,0.4439513352315678,0.8622741802205152,0.6388887863176342,-0.2146448233106663,1.0363533512491838,-0.24023086791737935,-0.4339484662643514,-1.1541727149575947,-2.246243633861596,-2.361904261038533,-3.828812898313035
1.2955406635422058,0.2865405863532145,-0.33761446345066615,-0.5898737140470803,1.2994707191624577,0.19980487691477788,0.4671300443403798,-0.2845804972540762,1.09578340630761,3.3751196094666986,0.8416324966562149,4.699799589626542,4.740019427421418,2.0599600483838683,-0.010064782390351298,1.4217615321408714,-0.9468643093019683,-0.038321948351432614,-0.22917606327114579,0.04639844555908853,0.9031050003141866,1.3030734150732934,0.5127721714623041,1.6352805018963903,0.6835340725307715,0.5673841894387136,0.7899438499734583,0.8850382089660148,-0.466024276616906,1.078453482435608,-1.2564010281851967,-1.050898761174474,-2.2282479867651808,-4.315611350031288
0.37588303389470373,0.5532284488124495,-0.2726771087495466,-0.5220302520206145,0.35320148107506644,0.3617985287852388,-0.9713021116428914,1.0166494797443602,-1.368999220232452,0.49135019789290657,1.500293669563971,5.104583480360426,4.06216241309159,3.245154294751314,-1.2078166130605243,3.118470336595116,0.902311018018117,-1.0052971901661756,-0.5106701125875487,0.42830226485749856,1.0784131392387741,1.025492504111331,0.6650468945116756,0.7442912829957079,0.3758877355790192,0.4429961961584363,1.2363171850178616,1.5789269962369994,0.22534048228699893,-1.1039540341229115,-1.3968253919000118,-2.1611830372572802,-2.9916906508066283,-2.551292160749878
0.4802533720689635,1.5767905236892406,-0.07038901339197409,-0.3996227566278246,-0.0004022466920896021,1.162089432611097,-1.101833400868708,2.406368956494689,2.2689467329353303,0.494710140596194,1.6211701222925647,5.352342591081152,2.6638362792476196,-1.1486042612007077,-0.12328616960889588,-1.558132785756717,-0.013895493218484156,-0.9425352968023781,0.6767400403618452,1.1161137879984322,1.2849419308442502,1.2270281105784677,0.757135008547865,0.9198100133896572,0.3891747554545006,0.857215948135873,1.754526089523506,1.875119345647747,-0.2407791988338795,-1.105584477931291,-1.4179770101318758,-1.4977750086839885,-2.481426209068609,-2.142134249468653
0.968263332386971,1.66214872645382,0.4392833456398625,-0.216714788891574,0.5986363368292675,0.6305895164712626,1.3962156027258563,0.6069113840612317,3.3340379255415655,-0.2496060959168865,1.224204313760049,3.3486953597395535,1.6481317157945976,1.4574518938997778,1.267516858377259,0.40846481536328294,-1.8678078303107113,-0.23581242887636766,0.5254020937501945,1.2573164407449005,1.0520094058196197,0.3775535314779376,0.14301380684477222,1.1933881637735397,0.3298185782815568,0.6514533547906824,2.1877576596033563,1.1405349809235221,-0.6020871574819674,0.5837962775332719,-2.3305612761566503,-2.1294996607073355,-2.867124133156448,-2.448089635559644
1.7048147821475863,2.1051567257377055,1.0584474702464624,0.38591867632246096,1.5338607952203756,0.5109556163944514,0.6286095316405017,3.1080482974635353,0.7300761677659149,2.592987909332005,3.3544309350656643,1.8401402329886976,1.3397632439888405,0.9106275762250668,-0.7558356426389042,0.3253311084513157,0.7940395512746337,0.460579889628049,0.7332487705255577,0.4679629828690623,0.6878238990435864,0.9646210348336289,0.8649262149575634,0.8819890487108001,1.2907027011150884,1.8325660472629062,2.0037868157251575,2.194552547749768,1.345484408653015,-0.7546301499771413,-0.45529083179323443,-1.7930246337033293,-3.6822977798110497,-3.4302242604373343
1.4013664078511818,2.371376088554588,0.8473394947400434,0.65666923987098,0.7541591504563367,1.269142602707565,-2.362126412078254,2.4220455752824033,4.451109298568702,3.5626926294967203,4.198977585358491,2.796356419725391,0.19636621364930232,1.7982163717926372,-1.2105097248596814,-0.5693905590359428,0.9613459546793632,1.2273930686961991,0.5713922404127738,0.15046851314307025,0.3606373406180259,-0.08037616900918261,1.3663565949425949,0.987543899528959,1.0559494112019119,1.271057812874751,1.7412865141470362,1.3435014041974935,-0.7801175487819532,-0.4169972732704894,-0.23059999840763848,-0.1662859524849427,-4.176696139018848,-1.7984142278014503
2.53294518984337,2.661262846725492,1.1824378014874173,0.718011433630646,0.6091476436209772,0.6588114412851372,-1.4390761565722108,1.1424449918279278,3.889389777302279,3.9216003863394646,2.9390786206542914,1.9889322233370637,1.7440546876585046,0.5480351439275665,1.4078870532990173,1.9623452682827085,1.4224319484349437,0.30313354690972905,0.710189676721235,0.6354216805556347,0.18893296487716585,0.26610330275280436,0.505071546842236,0.45020535208848955,1.3394917089830096,1.1258013403546094,0.3288683652554599,-0.926876455619672,-0.4787867322195945,0.765498878729991,-0.1949850013935642,-0.3050851184242609,-4.7486947352203215,-2.800479179152418
3.3603291315186397,3.0769766835426955,1.7446295616704384,1.14201139586245,0.20433242616400643,1.2130067691797173,1.0276905289929552,3.4097736349005427,4.030590488719701,1.5373724320599833,4.377685831771584,1.7243017392334088,0.9300545351273605,1.232695298912785,-1.4614065942069159,0.9541253532838336,0.9369670772431699,0.8459032578983875,1.2863698968332236,-0.060000691321281184,-0.16505139650737038,0.5154118278025197,1.0808244018765714,0.39738836866651733,0.9200480152671673,0.9990258623679154,-0.14425582098143663,-1.0654843877254596,-1.4999213411253782,-0.307483761122069,-0.29767447094979615,-0.8565168133124001,-0.6930920507614275,-2.141888089665815
3.225696906428309,3.316493012847131,2.1028461644725907,1.1365452444945867,0.5925582153755142,0.4408015464765717,2.6223633778204234,1.7351531634345976,6.62841063596495,2.9023995417816164,1.3701066776169577,1.8139283044125347,2.5300181984310806,0.41715779994033764,0.8333175632383346,2.2456031588998044,0.8276922120152631,1.1213125621588742,1.0344291643335737,0.32755777220916715,-0.37950402642846987,0.3916754115443854,-0.30242108120481737,0.668784183092926,0.08304387220141013,0.7964587547993904,0.9652037372346546,-0.0686395891281297,-1.5480252613574916,-0.41519611562073006,-0.5886919471441626,-1.2417931465393646,0.18279118321629925,0.4213409333713631
3.8433206257953976,3.192576866767725,3.7077048835015036,1.0078171872870276,0.6700587040020178,1.0582404338176858,1.0994157734480234,1.0291574644645054,3.6809331752171346,-1.3467650196251617,1.4093954451773385,2.051129982910178,1.3170592666504437,1.023877067768711,1.4560466831506973,3.469863650374242,1.7105095206348413,1.419403117245016,0.38156068640210683,-0.08273144613463225,0.24238211413702979,2.1748551705641903,-0.3717191681814248,0.5278213829842887,3.5050000054606283,1.462322346169457,-0.2551710384168265,-1.37759683918821,-1.132094484039908,0.5815147087782865,-1.2320463021330272,0.7770782424569868,-1.8197429317740572,1.4913155337831676
4.34265613459086,3.940171349191687,4.237684007258172,1.1212596645391366,1.0706373599404995,1.5116373899459807,1.4950815709645688,2.952898407356187,4.199570625172252,1.6295661828128591,0.49053325345306237,1.4937837006091579,1.1412207725000332,1.0187768803157222,3.4175912939170128,4.345160166027545,4.1095016959831465,1.2003964751760947,0.8949236079682493,0.059214404808282765,2.6604621341448507,2.905573359439255,1.431019183759609,1.0601782197631173,0.9791835946171151,1.9426968712532593,-0.9301285659302351,-1.6843149956256303,-0.10317403880141607,0.302136686144175,-0.6538595115577792,-0.2930432401294731,0.5216569870205042,0.8337150502265669
