script/wind50m.json
{"header": {"parameterCategory": 2, "parameterNumber": 3, "lo1": 6.000198445256149, "la1": 58.999992894266676, "dx": 0.5, "dy": 0.25, "nx": 22, "ny": 24, "refTime": "2024-01-20T18:00:00.000Z"}, "data":
[rows 0 to 23 of 24, columns 0 to 21 of 22]
-1.5586989134794016,1.1131615623457265,2.619282243275515,5.681415963270913,5.71529855224638,3.961845086386466,3.2480564073831273,-2.2510289375107324,11.273019758575872,5.570551844318112,1.035496558734232,5.812826111911127,3.097161135320569,7.369221944802386,2.7932022002363635,9.820513731055696,11.666773017329588,7.727466067686597,8.342624719721446,7.368775500186597,9.952354486747145,-4.834545905651055
-1.4202755457757934,0.28433675632198707,2.655625005920184,6.734849698305279,7.62488611884766,10.424960377162936,5.572266523851201,6.946879042362919,5.330919289374067,1.0303383844405365,9.743567438401596,6.442182857265133,-0.7079693042626659,6.34043720568876,1.176152368036037,11.189301023544854,7.980107849172669,9.87011777405926,3.6632907758666,4.7766344139783214,4.357538089584073,6.38418647028484
-0.45504971014387574,-1.2901920039996575,2.6844351026507476,7.462994097680191,8.367231618358153,-4.3906973534810465,12.336419501492943,-0.13691179542277654,12.02566975681546,10.050107284326478,5.226115305683044,-0.22165934509048008,9.03919966665208,9.82973292753594,-0.9620060591109306,3.3900915011110984,9.846311133026372,5.945495057597178,5.59158322247836,7.672650998271764,8.298044871893607,-8.598268091408404
0.34599461491214967,-1.7200098275139257,2.5659649957577453,7.163695024443078,-1.1052459730470912,-2.998315396530007,6.183915572899689,1.3416843115650277,3.842134145869157,0.7365402190173342,2.1217066216913985,9.149996524422312,7.483535601123686,3.5693998700129823,7.944141960564942,3.7166993605893603,9.548956068617786,4.317623756594455,9.918428697951642,7.0154537445031435,7.156864948024623,-0.07472087218901573
-0.42684965952320775,-1.920954429456107,2.7626582622392872,-2.0507088161973357,1.2619015569349883,6.70325345431407,6.297341680464291,12.287954479732667,11.595200144882345,11.026690854303448,9.106449092197492,7.855156723827735,6.04998508418828,-1.753979350243786,7.319779697267093,3.944154260369884,9.632625648271452,4.636763239609103,10.442183301038332,1.3523938654872203,-0.515594878139925,5.4151723459124605
-0.7865255677560276,4.424185033919406,2.8249046922064154,-1.2112642173687205,3.1396799762908976,5.921499197726446,12.193177870546162,-2.016442645979422,4.017984867115981,2.438690022646706,1.043111709938944,2.263037099517282,1.9531700039617501,10.56519733388754,7.12200133509728,4.389120434383628,0.180567897528986,11.401772518152775,0.5480386528802815,4.738747990848764,-4.715362021932798,1.8086557606794285
-0.9575736022222593,-1.8309669560993793,2.658582282948861,0.6630706723248843,5.846668712338044,-3.5298411304873434,1.0357142733110047,7.280264438539605,11.428727047699388,10.437779324320616,-0.9086724359658191,10.703041230944274,11.19321925540782,7.856706977177736,5.764877735125163,6.776760196870571,4.108674061567692,11.152344881111443,4.415208502959902,10.138482791019628,4.113611715851352,-4.895392056869563
-0.7601018327882687,-1.4951898525782759,2.3611218025807506,1.6153522559963314,7.612754622623176,0.41027136736710834,6.268824897182963,12.356925470922866,3.7852487053578434,4.574337855796318,5.310126090656715,6.167907074864301,9.214167702336523,5.5351329304912875,7.264412340628697,3.2579388313837367,4.040663574861349,9.01493602329122,12.84570232449297,3.377106274924908,2.565289969619503,1.544749604077099
-0.5389201115268621,-1.9320976323473318,2.581689925495218,3.24605087184006,-2.69043971831975,5.840322838268158,12.321698215221511,3.235824505618129,11.329594671306353,-3.314633485299532,1.4825855558710814,4.904571980072144,7.17891150655555,6.260528212885229,8.866453965761078,3.6156126347309545,5.29050532261686,9.238075287518454,11.799665830195572,2.0190053431832586,6.743473980036741,-5.437804123091898
-0.6097872143308236,3.9512823140928264,3.2424710682666693,3.9375727396523743,-3.519762799442077,10.032486629931554,3.187294958149845,9.326084931474579,0.010613320035932223,5.488873237648562,9.37244171848109,2.267823616287747,3.2874851637830584,9.436764325371026,3.6523684642881915,3.8465163560552575,3.8760383614209126,5.458288406646197,7.872029798849943,12.72537892189244,4.382717559126557,2.0141818459557244
-1.304728752840435,4.0476229362412965,3.8810883227252364,5.56066500760148,1.4440795111076838,-2.3753680498892855,5.526536544859138,0.2053640820990273,11.372000408007331,0.7878960682975474,5.559668486141785,9.936080528936746,-0.6051612709544566,3.661951850725326,3.358481271418581,5.035341642681566,7.15957606709858,5.153408345703699,4.764615371786657,7.432337645122277,12.328298977549105,7.213568613373406
-0.8399563682433204,3.247498206317411,3.3218729519693757,6.629396926216642,4.088651236203273,3.056162825377982,12.278046042982968,7.339691184079517,0.7873771116902011,5.992079981949734,1.0666838588337508,5.271488226069189,10.375401670760308,-1.9702334704955462,3.940618685544153,9.361404383816682,10.712297149381785,4.4689395269152055,7.3131128456330785,5.645570652708614,0.9422460371857919,-3.9301395000241306
-0.5747043140702518,2.5171677241893966,5.22630620999268,7.064385645919071,8.454658519525896,4.447129408915124,3.693038909215442,13.02876867581789,6.488081435702727,2.6910259717989895,9.30009685222089,2.3043836128179604,6.20508129574177,10.510628170191781,3.99224637889795,11.226778574893117,7.655200062331764,10.374512471899854,9.906987286332198,12.639276290388196,2.0182872535071623,7.36302608776193
-0.624310664074591,2.208128709825217,5.976660019299837,6.9160705986285125,8.475925944270323,10.142250690384301,6.340204599973673,4.514677106687436,2.0526747080156,10.585148495085766,5.626351133470164,10.128567495817956,2.89840711275482,10.078430007827425,4.433023307999646,3.9992458092982437,7.577586620834743,10.045586946780865,8.822140640776908,7.148346302293178,-6.382829328783473,-3.2121181835997668
-1.231108793606327,1.899720250771184,5.927738196864071,-0.39295406694584945,-1.8034293449638819,0.20935712962615388,13.103445293375714,12.155197471005028,7.148117752904052,2.205400576228039,0.36082889432191323,6.058805278236213,2.679002520059869,7.046770961479305,3.8191295375889434,5.841427242206688,7.394319667280388,0.832016949627687,4.510941339282911,4.7103328488760505,4.401552780112213,2.1092183154099198
-0.38634690848143777,2.8705215714435752,5.3310904088189,1.0044637499622686,1.0788804136617298,4.829407987763291,3.904342532849886,3.2877150183859056,0.4896734740744188,10.70986066819659,6.609964017818991,6.227892804094028,10.795392239781474,6.360421877735177,3.0318880881521313,10.637268612453694,9.76683947570618,5.328040376753548,3.831418945844075,13.215348423156156,12.313435601673403,1.750978117032404
-1.5688655791760857,3.5794022462079926,6.356331964205968,3.396506864541611,4.799564223308151,5.035249521469682,10.291969443743548,9.852702046142905,7.661808117778341,4.746304391426654,1.9582775615947356,2.1005251935283407,7.1578238409048645,9.447810930963623,-1.1612395554650863,10.626894807542536,-0.23828977259357983,4.3876296589465476,13.257434269008373,6.978133040106762,2.8574354720558266,1.6347881931066566
-0.8609212507925752,4.342743815064233,6.668872809211374,3.7014947170590538,7.736172561530462,-1.40383137911904,11.99276213804564,-0.6663459790877002,-0.41884050692581837,1.1244172692681031,10.058523936932838,10.090088664831486,5.528454947197385,9.672553243762831,-0.7252851943758624,6.424194438153573,9.523402933891816,5.668238030633376,8.39408723768395,4.3569766171907345,6.338083029271741,-9.823846362295516
-0.6670246389755649,3.5781489666618564,-1.5204690793283604,4.959437684613361,-2.6598936023914126,2.7059673665580535,6.201508358491985,6.943561334841282,9.131501336981781,10.976215538164476,5.819212146648225,5.876417535068825,4.593578169512359,0.8650216873574724,11.09954055366739,7.422791868965792,4.971133174913904,10.098999325772393,4.368447151178233,10.247594687095027,-4.960446781307231,0.38526128883697736
-0.14174815233203,3.0322360882453245,-1.3922285336167088,6.804870127554946,-3.5138057828204934,4.553851385356117,5.602397059391079,11.948313138595365,2.016991438947552,1.0604177426589056,2.5314968316154527,2.9743607848680544,3.1188481508957437,-1.388743808766555,10.970567602848847,9.601917738804493,3.2413741246400436,9.574145275601902,5.083221967136704,7.360960450252479,4.300085364095211,7.191057547738798
-1.0173645617537102,2.3506323669607987,-2.567882360096463,7.812721189629282,1.8775640328959176,4.5680999988879805,12.354105231818945,2.9604248967110416,11.70368165006527,10.867045070647976,10.06815964200324,10.894574167514667,10.595159154737697,10.343696612007278,7.167451629300748,7.119287702888297,5.629774365115642,3.230465042840208,11.680737812341825,4.072860176620681,11.758281290950567,0.3251780527407567
-0.6798072610610496,2.602413233985096,0.3878865992616677,7.093764688106236,6.8202290789518205,-0.2133630439259179,3.8169459107839403,10.45072480436067,-0.9385569419622973,1.2292975972050104,6.162704409639639,7.416136458579877,6.864777757929833,10.309313847483935,7.264789435117552,8.012657766920277,10.711857900523775,4.911201445606539,8.672011055584248,4.765775717349774,6.781369157557215,5.713154344483347
-1.1398249782670817,2.8064637725063633,2.559872376928438,0.6834793273615336,8.04344492955047,6.516886015894503,10.089018401125255,0.2727649969494771,6.5495192069659165,10.822431422703715,2.5539550750000584,6.127504875502243,6.275789608691668,7.791374289067532,7.154829077676644,8.708358108052478,11.381329953254665,5.5303930471524145,4.600663118626813,7.994923528429777,0.10344439026778533,3.218332841326586
-0.04504427001824088,2.5891137877658035,3.528175409146381,2.937253301083322,-2.1672431301286554,4.816967854941685,-1.7187043294730988,7.039878320028966,2.422819958145215,4.6912199450246606,-2.3553567214316895,2.32119383146248,4.613707874991846,9.503133002698155,6.727478462083701,9.795092470092907,8.108509036633746,8.052142043731054,5.1000814511130175,4.75422551621367,-2.8146224120393186,-3.42119246024573
