script/wind10m.json
{"header": {"parameterCategory": 2, "parameterNumber": 2, "lo1": 6.000027932988019, "la1": 58.9999434238085, "dx": 0.5, "dy": 0.25, "nx": 22, "ny": 24, "refTime": "2024-10-25T00:00:00.000Z"}, "data":
[rows 0 to 23 of 24, columns 0 to 21 of 22]
-1.101555076016273,-8.78533903971271,-2.038177734995528,-0.16580474055485467,0.6932036496317034,-0.2624042245699983,0.19385028231368284,1.399400413206669,2.429417293773235,2.602945449751973,2.6470195956703484,1.8420602905785306,1.8013137137425481,1.8253245948730088,6.033118887380343,7.432776476347093,2.699372361855791,2.6164617294920776,2.980208548788194,2.367748915624877,2.3619538578877175,2.695728163444616
-3.366707830633251,-3.166528414868982,-0.9981638506704437,0.03948893612455323,0.5707842409070231,-0.9811465047500857,0.8676120287300053,2.026523392052984,2.005091452294249,1.967203288400335,2.226884619828395,0.866013595190278,1.4410070664724246,1.8292998933255025,5.363689918148463,5.027214422740735,2.3350736301902857,2.4740079865552485,2.8459942698808334,2.8066045267507427,2.064911018636912,2.48225772670216
-2.1555677384875755,-1.2823718060543823,-1.372344384651355,-0.9948032038428307,-0.5527425314820242,-0.2412875602250589,1.3531829519049754,1.1298065527950703,0.5044356822749908,1.3801278699858677,1.1908053043612705,0.33239708702194604,1.1146234711690233,2.8912239341351484,1.8113885647861205,2.3163121682314034,0.8059061854588424,2.250790617533467,3.6909513999951384,2.764758027781847,2.813513202910963,3.3959030946472426
-3.2054927693119204,-2.479319527351217,-1.447037859880152,-0.8054822586816055,-1.2989425094665503,0.3207195288408749,0.9843188675475585,0.1650534530976343,0.04899684896720696,-0.2592929721212494,0.3751220489906848,-0.1444415821199027,0.1844218193941469,-0.0004093864816838692,1.0853976998391668,0.7981604215133087,1.5295903808870683,4.935439309426678,2.0049581864492176,2.339000034891555,1.484140352976236,1.6734959679726382
-3.0266921309281702,-3.0273830273999702,-2.738001944538518,-1.2765578737857446,-0.1748969076200669,0.4328425646550278,0.6419425470205973,0.1279484222445188,-1.100401778615777,-1.3509085377345058,-0.9363175734173406,-1.73266996481798,-0.015759188042566735,-0.1176356999674479,0.4558565402518161,1.0614504548381338,1.2245028191724212,1.9057144267294632,2.192463777099895,1.7691900410612869,2.057988388074227,1.029244615081987
-2.5241443565447303,-1.6035877691283424,-1.2568079963600636,-0.7202169529664243,0.525290454621613,0.18559907063129774,-0.6021507965453007,-0.1919689220494782,-1.3538310063068133,-0.9198137276878796,-0.6183962679668763,-1.033142420934184,-0.7339189987025541,-0.29929458059401054,0.6422059762753081,0.8507140612593928,0.8814171988049726,1.7463296350656523,1.7288479352394532,1.810420943100429,1.6386105341699357,1.2848217831497712
-2.272446818358666,-1.4673652144027376,-0.2633519327799107,-0.3377350430541391,0.6775172491646966,0.07276577126391777,-1.1182337288910138,-1.6199727319230348,-0.8350131469941687,0.4289824267796702,-0.5955120616703375,-0.9872462764139469,-1.358515240229333,-0.42275399511915607,-0.2680604608898796,0.3504461910995449,0.6913476200084979,1.8202982956920681,0.874255010499689,0.7647482940816044,1.6965444508689653,1.3867061593931802
-1.557612224992893,-1.8131548201246142,-0.5734496689155365,0.3167169153651402,0.8547909794739077,-1.1428659790128304,-1.7873656398114783,-3.196174265018217,-1.401893613580201,0.1374381586723338,-0.44422061371541416,-2.0628246241811947,-2.32574299793892,-0.9570162338833058,-0.8393234380675028,-0.7471764007254351,-0.2542312422475256,0.14917750802202864,0.8576523878293577,1.3355739573325411,1.892676592004433,3.124178727707512
-1.6658159613433894,-1.0485132205958856,-0.29569049156601174,0.7089491712517708,-0.23292127108108937,-1.1426453777285808,-2.2171817422640854,-1.3112847110007013,-1.476953311108606,-0.4492084703013019,-1.1530951221025496,-2.4223195431142925,-3.402877073819282,-1.8057460184963776,-1.1155796383461913,-0.7934794895767543,0.07313911864982432,0.27415962558073675,0.6902394683118623,1.3563393686597112,1.6193358665370166,3.102963263125869
-0.457137265749016,-1.139087794615492,-0.2394001019802316,0.2745429515510829,-1.9818464963011542,-1.84001623119826,-1.9742814694618083,-1.470751580873543,-1.344964373126287,-1.61877124496201,-1.721354317686016,-1.7913938326700931,-3.5938397401745537,-4.844382627458281,-1.6216672788372832,-0.8165278745679649,-0.17132145939485302,0.2843548814259251,0.7808049619616786,1.3673056825897711,1.204226122263722,3.545782907343501
0.08209572615170596,-0.6703778603196431,-1.020781282195264,-0.8313025359995988,-4.13041744813177,-1.6898128992640296,-0.9789613014266908,-1.645431841725474,-1.9628880307104162,-0.8101573115276985,-2.0193595153501778,-2.605089134677034,-3.33380345931405,-3.861014403175258,-3.186071667504596,-1.3737377499315193,-0.5543717451368511,0.2325976061456862,0.6088953714067503,0.3928204894370489,0.8103287564419276,2.808329233054874
0.49295630332361173,-1.332867968385118,-1.4188670312407026,-2.2184679752731697,-4.330333970302761,-2.002187990672025,-1.526542976573581,-1.646281097754419,-1.7975576637638402,-2.6616868650347065,-2.7471341165379126,-3.0936303828629588,-3.7669694226258583,-3.665301869727902,-2.596900995312405,-1.5366932222856435,-0.45916958867464347,-0.6815065026446296,-1.061141335692835,-1.1220258026339367,0.7933799847158977,1.6568695865031102
0.18913559564210392,-0.9922105969620549,-0.869517901310806,-2.6418905732166187,-4.522907718522593,-2.6071124765945464,-1.9101348973683934,-1.6887564194870428,-2.4361353604063987,-2.698789087787474,-3.575451786134613,-3.81753894795883,-1.8881721936954066,-2.3374387152571616,-2.41550650106977,-1.2016368515227418,-0.5258642971819885,-1.2232582104618364,0.01735554131917169,0.43006910305657775,0.8699365456295699,1.1604443281450318
0.10546714856040952,-0.17439362024538152,-1.4204695272362664,-2.3201199251793074,-4.403118657609017,-2.629147646756515,-2.3755910509224023,-1.569296925047039,-1.6424249830352227,-3.9487399478822347,-3.2778456965857714,-2.1134643439344334,-2.0369908234983156,-1.5426811850096347,-2.8510597155286743,-2.826006145194648,-0.5562097421241431,-1.045531309753115,0.17305723296960349,0.8435875692558893,1.0945558579878996,1.9776625485514545
0.28883057110680055,0.5121161098022279,-1.0961220791591173,-2.055305775396485,-4.267256987157148,-2.479502513656185,-2.557280987499478,-1.665864305335589,-2.4293851289749706,-3.8251631124248586,-4.903378360815737,-2.504369507957166,-1.9890628254569471,-3.4332131686089253,-2.8615461682188403,-2.011941742089095,-1.6336603205636628,-0.7900073563653026,-0.4529617935440404,0.8467906712551982,1.4108923234007735,2.16479991149724
0.38717922469983546,0.5063015207081667,-0.642333380689957,-2.3481615170435632,-3.820778860323279,-4.032714776715688,-2.3468018357424003,-2.0798753991561525,-2.9733356142957836,-2.3482994089016986,-4.525394741225041,-2.3277892729769962,-2.090389573749613,-4.136672204883697,-4.234644770066923,-3.7188744383691907,-3.1433506142357084,-2.147207071051652,-1.698641480723352,-0.649139074750352,0.41494856109216605,1.179736045169273
0.3323506253061308,0.8380643141381631,-0.25347551908262383,-2.751176127332027,-3.412531735411384,-4.796623804336708,-2.640331186636858,-2.392201357651576,-3.9826061660936616,-2.9764292283095104,-4.917080523037215,-3.8815061719618424,-2.420320949193531,-2.497629697321211,-4.157103837820245,-4.1789788329902935,-3.559573346628437,-3.2428031590735924,-1.6013409701771772,-1.5046009033465708,-0.1119254995324926,0.28523059884545526
0.4068943843364232,0.4291908162191092,-0.3112999626091923,-3.0176337314558426,-3.5874328313783823,-2.812187415957907,-1.9066027208219924,-2.786117915002051,-4.209925869793027,-4.531985001082525,-4.3979998048487,-2.3731361920602922,-3.016526449335704,-4.473761682918427,-4.518399583855389,-4.292818318821502,-3.720339778782759,-3.2966702322885384,-2.9161704712206746,-2.220435841574404,-1.2275567689198126,-0.6586363982440135
0.3656866765301173,-0.3485646022209293,-0.8680598862758073,-2.821238257441525,-3.586768279803433,-4.467048967704092,-3.1336802531000596,-2.180121617553158,-3.0511525572115468,-4.639563428891346,-2.8947687727510565,-4.03858274622488,-5.03880383193843,-5.145249228788973,-4.7985130711016835,-3.2041614404977325,-4.313108352930683,-3.8277038064822255,-3.5026781952937296,-2.9523763271382517,-2.236684041031568,-1.3167631984921446
-0.03735343859219224,-2.418613737087533,-1.4356195906570473,-1.8934099242938274,-2.5358225651826394,-4.318405915675602,-2.4209358468548636,-2.5250125252576954,-2.015095148558191,-2.331430077998933,-2.5567517428082494,-4.25852204025701,-4.097512133452217,-2.9431541735898157,-1.8453201221001723,-4.954565284902294,-4.5515489049195486,-4.61335607457111,-4.481881984242534,-3.5604161147803897,-1.743512469062076,-0.7039877347348094
0.16458056581691638,-3.947741236346034,-2.098756618367853,-1.8193832363042304,-2.298137073791805,-4.1864536745730225,-2.576027976025149,-2.901204122665828,-2.1008586173418924,-2.76309014500117,-3.1360020748956634,-2.2364695209727357,-2.02972965455512,-2.8907021445806858,-2.4935465066501177,-2.7372486974105383,-2.9312987980826475,-4.416377177333842,-1.773346838064195,-2.1847595126628945,-2.011781252504083,-1.7705464075865998
-2.646237706404913,-2.9019614680557906,-2.4114392473099144,-2.0924767401025233,-2.4465317046010515,-3.3366454315365415,-2.3468610956952394,-2.358450913439259,-1.6774336594931127,-1.935834171757284,-1.9955851655407904,-2.335854338345589,-1.463474731180378,-2.44200733755132,-2.877858521431372,-2.8238833997152795,-2.614630093522683,-4.315000851705394,-2.244361770989207,-2.2198402753351942,-2.1745592479626774,-2.31963904859829
-3.6407753896730055,-2.8686191046309517,-2.827498944151712,-1.3923479036674542,-1.6699976129179264,-2.165739113197253,-1.501600190355726,-1.3847872303492688,-1.6032344879527956,-2.4155186897707193,-2.1168451275360542,-1.5174377339963168,-2.3387315715442383,-1.6749123938247301,-1.3137260786842406,-3.6358934956548294,-2.3442472416941955,-2.5756848399386216,-3.056506530212871,-2.224147729127598,-2.0711604460535997,-2.0825103488832015
-1.8030075043369138,-2.1221619976763977,-1.6917468502041684,-1.645492009534131,-1.03621939409669,-2.082789306193025,-2.40862799470665,-2.2447855525666918,-0.8943658442076637,-1.7771101442591088,-1.2785301167469758,-1.790244107097413,-2.1689094815169407,-1.5782399381579342,-1.5776777158022133,-1.9715621070867582,-2.6917350524701997,-2.7247882499246,-3.3265048085243554,-2.5117107317257603,-1.923805805795794,-3.095530988758142
