script/wind10m.json
{"header": {"parameterCategory": 2, "parameterNumber": 3, "lo1": 6.000198445256149, "la1": 58.999992894266676, "dx": 0.5, "dy": 0.25, "nx": 22, "ny": 24, "refTime": "2024-04-25T08:00:00.000Z"}, "data":
[rows 0 to 23 of 24, columns 0 to 21 of 22]
0.7094451565565657,3.2478373480836167,0.7502523274655952,-0.14035884221746422,-0.5637187304127709,-0.7121537525998421,-1.040208472506468,-1.1890819983535659,-0.9072589190563457,-1.3697936197965388,0.8054826227261737,0.7856528156863141,0.3901315360113653,0.1654016557082892,0.43515890354532755,0.3396753111682876,0.04346446359324916,-0.8925431070343854,-1.0062804683508855,-1.17975903096602,-1.347083682050622,-1.7728130738780408
2.0862131064021927,1.3034260317758508,-0.09170733078598983,-0.6229111129854966,-0.41785269563664645,-1.0595000804277612,-1.4988420503011413,2.2568115095546166,4.129351022339437,4.000697860743616,2.615079253519316,-0.0853618772816767,0.47290540356861216,0.30008641710216905,0.5454736066456368,0.8956730603649774,0.7240813562962022,0.0822561595606908,-0.35673923560248094,-0.9654632938736758,-1.3455280427331724,-1.6955705659460367
1.493174676970045,0.928300529632662,-0.3947773013002568,-1.6013562615639254,-1.4508519651086023,-0.5873315606350619,1.0883851508526234,1.1653652673700052,0.7625968659656919,1.3381026874645092,1.476495198409061,0.46067140999236666,0.27615585307791524,-0.2856392490353816,0.8454232748872802,0.5247146020931465,0.7857895782591359,-0.5444773173355857,-0.6153888483001179,-0.39262506438294625,-1.1586708017229546,-1.8458755660330297
0.5017960096015568,0.016081744228609682,-0.2472656589463523,-0.6563580211988911,-1.2111473971881919,-3.433269236027457,2.4903726412977663,3.1630961899679053,2.6175260334604022,2.817560210255656,1.4312522358126896,0.3517865736790022,0.1829006709413088,-0.1241747420220664,0.14951275918832682,0.36208321043148317,0.2212034978574983,-1.615383019466782,-0.6862287381248006,-1.2452479675152595,-1.3771963957574538,-1.4797192713845317
-0.9388356978379407,-0.7034646138938748,-2.0689723422255315,-2.242389537945126,-1.1643426119873383,-0.3449314133615156,3.5248018670960177,4.131519298461486,3.6801996812652016,2.510051381063785,1.1712199867114264,1.379362349218038,0.44401613641207066,0.06352221732914155,0.396367865860754,0.4392751116418672,0.6315187218157752,-0.4883463329909639,-0.5228274995458216,-1.005233593591521,-1.6516700639515485,-1.8207404157138762
-0.9707765745628194,-1.6220889679039319,-2.241095603822502,0.4232236701312597,4.888851301763614,3.0641975510771937,3.26366840893591,4.1557945498350195,3.204854654286725,2.05303389799582,2.2175720058023414,1.9247759761912373,0.33932881328916026,0.8576902260645025,1.2293406513674994,0.8222623514385464,-0.11203468763394715,-0.25056999990855267,-1.0012950179252793,-1.2758036507908987,-1.769163200002789,-2.048669741449161
-0.5710102116965798,-0.5370881139201575,1.0478243643792635,1.1822912206285552,3.127311958920014,3.281388577455833,4.5137178891943766,3.9421726050032135,2.210688593583801,2.9005297733947906,2.0640096254252085,3.254792331223074,0.9059925914823513,0.345119718202089,0.44465774772279176,0.419169803983077,0.10724593048812654,-0.34740283811749056,-0.9591203453806275,-1.4329378570134759,-1.7125738247555273,-1.9539314770649958
-0.010137107300817594,-0.2315183785517253,1.479710089301261,-0.7492639490741215,1.4662328205062518,3.510797915410209,4.5572274349335755,3.1832041010576644,2.5280013803749104,2.5746999113676696,2.5762500307747085,3.8684937115592537,2.067619072235376,0.4995377640190074,0.47828609276662226,0.7247932524662875,-0.2800556989936743,-0.9184266349523621,-1.2520063198904992,-1.3329801897604798,-1.6511842731194566,-2.387757507522376
-0.2971001434181393,-0.10835971690164137,-0.5980013933532002,-2.032781102300367,2.967426531658988,1.8668957505125552,3.8395198566870983,2.3409069379671714,2.191998456717262,3.8856638646408723,3.764525609975442,4.231930278308287,3.6327465179271234,0.8895826592665131,0.3911876317060972,0.27446522496178327,-0.40594229333248905,-0.6362913880006181,-1.5897602982565164,-1.232925457979507,-1.7685731424897861,-3.23736436406482
0.7551726566760579,4.190177379811197,-0.38626473823471663,-2.491466660848971,2.7625677285659114,3.009708958885866,2.142869963459791,2.3436958532150243,1.7409504228605213,3.6592358230725157,4.112157913246742,3.4121147930726896,3.4938707836841725,2.8004214555817213,0.6626764003690447,-0.06849808998933031,-0.5558666306902832,-1.0044380965845199,-0.9528403807007894,-1.081516687943455,-1.5320650738416155,-3.801241126558581
0.5746993774718001,2.1116227032391937,-0.47883052644601753,-2.9137625361346684,0.8965200536047062,2.3272116437432344,1.6824289942130595,1.8790568466595836,1.4532258079083271,2.185678885324502,4.2287796838592735,4.06635924987694,3.2014513011512458,0.37617091851249623,0.8682849462304915,0.5234431842394135,-0.2945638693515772,-0.8695715770716169,-1.2494720955489913,-0.9345378785676325,-1.278146835193882,-2.8548128150833136
0.918713308455471,1.709806098420687,-0.37040512224951355,-2.543620156486369,1.67558895704316,1.5081908493408591,1.4480562798914176,1.3276867507337637,2.002669221894199,3.676398310397587,3.8512594060717924,3.481841086723838,3.130550458559281,2.543800417828101,1.640293934608481,0.8859117930420151,0.5383491656662752,-0.3864125189325379,-0.7395557470124381,-1.0266848134731208,-1.2828542460499246,-1.9471529513750958
1.3905370701920707,0.8886989029399618,-0.34138561621736135,-3.1308831026151553,2.9014613461991696,1.6347012582639588,1.0624058722552916,2.514769609239754,1.968140906569942,3.126805533858438,4.547432550767737,2.846813421213536,2.23841987168267,2.1455772373725988,1.5140134316690794,0.46112896620844374,1.026292629137588,1.4769430056591515,-0.06825172204912272,-0.21101935275324551,-1.6634351935663323,-2.6156819801046494
0.6313061300179403,-1.214531538712671,-0.8947022944659216,-3.7506259357105503,1.0726168228812196,1.68180789612512,0.800313900574822,1.5790325113694355,1.8894042283161876,4.929802029148307,2.710362992776108,2.068824652579284,3.225661199418697,1.3400427974123195,1.2208537544348963,1.4453979421596208,0.09065758077201239,0.6280584507772398,0.13001262838742342,-1.012031266550519,-1.8334876202258836,-2.9981528393755252
0.37481078638891135,-1.155598033553676,-0.9243387640030684,-2.0448346528145636,2.641251959648711,1.5680180416153453,1.564790218687204,1.159358770861834,1.81135718471073,2.2277709851429375,3.0355639281039277,2.55700940273237,1.9602424286893896,5.001182759836423,2.1725166626780132,1.4183674780822533,0.7742144494628304,0.122721759653693,-0.23006687260776434,-1.304650447068021,-1.7451896360598143,-2.5467127940876493
0.6063261405540843,-1.1214379436619044,-1.5033174774564777,-5.061019501720353,2.7817496781385906,1.6115430785617937,1.1100723791480607,2.161967460160877,2.6662527397819002,1.9879321662051537,4.228525982669813,0.7962105099886482,1.5398935581864366,4.569784578735813,2.0413638674204475,0.7853195359826229,0.4468076397364367,-1.2646250133577306,0.5317361881195573,-0.6079408115901074,-1.0830996372667312,-2.0775093357190926
0.6038010349469399,-1.1462072349421264,-1.3500394339071684,-3.0150414404082935,-1.3474879826962043,3.400210450262938,1.6480073103209727,2.439702238120217,3.5125733213525367,2.1152997339232735,2.761351094925786,2.693343438429881,0.28963057281908355,0.17516346876603917,1.914555524645349,2.5612568604136663,2.8392920949620146,2.3885539422157613,1.6038867799737884,0.0673476619399532,-1.0341872218842807,-1.8909707870148356
0.5374161118059881,-1.0473439255577517,-0.8842249354398138,-2.1423659483605255,0.06720128829336325,2.045939197551143,1.8714383490364552,2.3714707260252803,2.930052358672974,2.6894450086787924,2.39501367915685,0.8636584936019116,1.2432697867557136,2.728901471946947,2.753033904457531,3.79099444810649,3.102089184870481,2.743694945451622,2.315374298712238,1.6658349045769962,0.39412478980724996,-0.6575191360239023
0.6849819775521666,-0.814243631970531,-0.20848584545552537,-2.8104703910355107,-2.7647437032755704,1.7216678050489735,2.1518634781490245,2.1104600270299008,1.3228170570760214,2.393564817513128,1.9833924247639068,3.5641762270689368,1.714978142141719,2.2035999076071375,2.05999108596091,3.287388747096545,4.117240695748235,2.5039478730554348,1.6633235672968476,1.5461801472051826,0.22418269249835313,-0.17000795449866773
0.8902783017778042,-0.6819587355081348,-1.7753833904690788,-2.8621787071050995,1.4937997143358304,1.4531001781422712,1.9522552202261767,1.774957360508168,1.142056710656192,1.1272004991086444,0.8271129398515951,3.0357445616899073,1.6978056590669646,0.9903247745775603,1.6291851765807235,2.1073859495981586,3.1828623303463064,2.570656465856837,2.2827100368402493,0.23604765743213296,0.3875732667967929,0.17042169556000117
0.541469073360637,-0.6188689658256776,-2.0407489327907693,-2.6167577696937636,-3.7500253923118376,1.4217131366054088,1.9718782392738292,1.6318120198817923,1.0979436316425975,0.8003501000306682,0.4576956743512588,2.2749122074266324,2.177589521423622,2.105816362140944,0.72197473806528,1.8938484971833622,1.7243985303400275,0.3080577133418258,1.3413853639426234,1.0139388839093102,1.8028393609581141,1.4033460617853122
0.15180505829635385,-0.6631513498851891,-1.777778467185769,-1.7526157239505373,-2.174868624026916,1.1668779106205358,1.2683879884960503,1.3081648512520012,0.9352528565005289,1.5426734293348723,1.559847298669854,1.2634321457296585,2.2855328055468855,2.455662937477043,2.032052421017298,1.9599632217668337,1.3875200101195087,1.4852566427724265,1.003643865563622,2.611936536226097,2.2638585596423715,1.6887799845876499
0.824755008473056,-0.19585615945579896,-1.5320262305720587,-0.45564694449102205,-0.26435986293135,1.7054483898412696,0.4627001473199465,0.4988894590104725,0.40805645967972304,1.065325792423764,1.5131373237000874,0.7766075111662731,1.1803611591040661,1.0556688095544473,2.0061999843360137,2.2206556987148978,1.5281496973456545,1.6364054243254313,0.8429650729674415,0.46729023311358714,0.046189742185610276,1.39005871716517
1.012055395246381,0.7971670109504926,-0.01068446713336285,-0.647611959407975,0.07043886345615642,1.2930062583349915,1.4664126411484404,0.8095442228383029,1.1307618368467067,0.8969251234444465,0.4068217471054422,0.5964373474634979,0.2075900196686026,0.8280118605380095,1.7424545785237868,1.7072532475353555,1.938084162314064,1.157189942132076,1.5609578914309696,0.1603821206140764,0.6774146022289473,0.8864070232970791
