script/wind50m.json
[{"header": {"parameterCategory": 2, "parameterNumber": 2, "lo1": 6.000198445256149, "la1": 58.999992894266676, "dx": 0.5, "dy": 0.25, "nx": 22, "ny": 24, "refTime": "2024-03-23T23:00:00.000Z"}, "data": [4.089421728311363, 5.303867273241511, 3.5405748802668273, 3.865062086966404, 4.344250010100312, 4.780475438463693, 9.119477445341191, 7.914740040412006, 13.795401548754327, 4.545055867662878, 3.358493117531619, 5.454371839068253, 1.3116353325732384, 4.789942599236863, 2.0242927209046706, 6.55049493118955, 5.290819632914144, 3.1369343290380107, 6.256018781683148, 5.954138927278048, 2.582257033701087, -0.48197079042383884, 4.1228548343357545, 3.982945240951378, 3.6688784549705638, 4.5739778100196835, 5.682435608817674, 8.8276120911071, 6.3777702676202335, 6.105397413634799, 6.555761721377355, 4.32308706085371, 8.612237969851853, 3.5150945917049197, 3.1997516108435247, 2.9091753102896147, 2.771664844616299, 4.831579617241537, 3.045846081301266, 10.437588092309158, 1.1918620430083646, 0.8552107240183932, 1.8386767678723999, -0.044165281521242945, 4.1101673230710905, 4.7326986064475145, 3.9806500147550388, 5.210418461438259, 5.204983522702926, 8.731784038686369, 12.132920968420825, 9.599080384565061, 14.07015357287498, 10.801860426128398, 4.461460775808842, 3.0691606030225067, 9.79559493986095, 7.295845587926757, 3.3549483972866008, 2.09544158963659, 3.0854427500571706, 1.3637002385286714, 0.3434617281806123, 1.6567358352168646, 0.2227966756205456, 0.5598277537770003, 4.888054449683131, 3.9184199806480526, 5.131750274667408, 4.3457060499675055, 5.70120291958545, 8.735806359839955, 4.629420379886659, 6.898182440031978, 6.547039474921507, 8.166861998241714, 7.150475488629599, 10.220352329839972, 4.14769559589742, 5.004457017799816, 5.5334644121785095, 2.6232666583729043, 6.801292526745695, 0.6958151630222849, 3.1401754173353438, 6.3528726902754835, 5.129810594661726, 0.8687509404679782, 2.4671903883650765, 4.631630782236998, 4.601332992603433, 3.319946524994711, 9.762362133699813, 9.39962129227922, 6.183755024515326, 12.54557853737364, 12.52296706877601, 10.033718567572784, 9.98760053565219, 5.618553933249179, 4.266621535064731, 4.22070783927368, 4.876127636824086, 3.3973226563770593, 9.838067830521181, 2.011885353448124, 6.865389597516763, 2.327707788227737, -0.3366355539263892, 0.13979516346239199, 2.881697404107979, 5.069546319340378, 4.135150623534649, 6.390040873942303, 4.301323617213848, 5.250335806194589, 11.823707531433776, 7.825616727237433, 8.698088838304374, 4.200471398296473, 5.958281040155751, 1.4187686118214027, 2.751810633201562, 9.373621433166592, 4.187154626436745, 4.172932049730323, 3.8898621472188206, 2.401359717634217, 5.134508970523868, -1.2295201828980042, -0.05232608912432529, -0.5977644212762006, 4.1663674156243085, 5.121930789423217, 3.573521049333482, 6.538801120877013, 4.388839550121681, 8.123167070314887, 8.276090686591619, 6.208365171755636, 9.89407812018965, 12.476062037038446, 7.618237355016346, 10.440265367241725, 10.603194073291766, 5.8588301628362425, 3.7672000686657223, 5.2804104974063515, 2.2624476804117197, 5.424789617714404, 0.7966780792346445, 3.8272567824510495, 1.0843507276213145, -0.1324013787816767, 2.970391748774464, 4.154976478174503, 3.574638106457617, 4.5656995683770765, 5.387544687702086, 8.609407157720458, 6.080440414174189, 12.526468399747683, 9.145265009165739, 5.957491763260062, 4.619126553908404, 6.35852203693502, 9.620029990506733, 3.9958652757246584, 3.3263150929165604, 1.5371609428313142, 1.27953087392059, 8.38336111047892, 2.0655148412188717, 2.991758590206859, -0.2906576983856818, -1.4377797504065513, 3.5807755160633206, 5.0211964846104715, 3.6948214656098712, 4.247618691306297, 4.52294893774272, 7.6912578966865714, 11.978625408167462, 8.631832489327376, 10.238130418117066, 8.334954570262287, 6.997905714697406, 3.9711054472419898, 4.91980362192445, 3.911947737602529, 3.9710758494319216, 2.5152024616091895, 2.161496002962256, 10.002646195295743, 5.626634794639683, -0.43430087223485864, 4.535631196506575, 0.8173293548261801, 3.8617810029636734, 5.012077673741744, 3.2214084116089303, 4.91068978901259, 7.45680875645632, 8.683433442111696, 7.926757369027626, 10.680451879824458, 8.111966045008018, 5.110005952015228, 10.51852314481866, 2.356060968564259, 2.6233134086647705, 7.130787447571151, 3.9719363980556186, 3.2920873651210396, 1.5025506467946397, 1.4206976812864702, 7.440082348783561, 1.4096435341402143, 1.5339463485819813, -0.9840946263500209, 4.045471596387576, 5.09115691610652, 4.193048704463008, 4.693012752189353, 5.452052218051523, 8.10092227045963, 6.470971330739069, 8.908647303319123, 9.716964993055191, 8.149800729386417, 3.967179316096137, 9.788241899521939, 2.767334611866132, 4.955103119817847, 3.3136500312074935, 4.023632480809788, 4.554053193212722, 1.6527728600425902, 1.1525707988737477, 6.416312670394757, -0.17034276912625423, -0.09067833919752542, 4.039523689768078, 4.360972882765879, 3.9794428200997394, 4.978094156856603, 5.340982045144289, 6.269172136847665, 11.997395078546425, 7.352536916556169, 8.697129860502354, 4.417916756693289, 6.8634502413253635, 4.091210272306551, 9.713901500702846, 4.2633404525155, 2.701582500731606, 6.268304937509167, 3.249777247160508, 2.057469543893374, 2.3943191368539147, -0.2967959037084786, 1.477737752738294, -2.0400240839726043, 2.9499811534039893, 2.894908204183457, 5.416095995483437, 4.89029580727297, 6.054122499252665, 5.845408344513388, 10.033290339464575, 13.189133093124054, 6.287113720568456, 8.161431766048505, 10.754125465407181, 2.3532667819496944, 4.83413226205503, 8.982201318533132, 0.7347143140305614, 4.612482868490412, 4.435692138848121, 5.929838146425698, 2.165203590939286, 5.414678714212398, -0.34686539092912644, -0.4325428677754836, 2.5820175826848266, 3.7849543670042576, 4.459491551871883, 4.273322197926787, 5.002862686469709, 8.373837381798534, 5.7122771725660035, 5.209198746230204, 8.891209197662414, 10.109079881970544, 3.575378497391265, 10.005880112699305, 3.17899608014434, 8.223319563906939, 0.9883699277879687, 3.4285938375250486, 3.1431213430709657, 6.613465397025877, 6.320122582731112, 6.34874145137718, 1.11160634162709, -1.4944111321917997, 4.382964944198331, 4.157532141062086, 4.254860582688679, 7.852407483039413, 7.276628205638534, 9.404398106174847, 11.038217232935361, 12.59697469053343, 7.3320537709875095, 4.096617116942839, 6.354971284525553, 6.301357742117376, 2.8383945303593054, 5.1883113928594, 0.5514835612966266, 4.505945943759905, 4.965975349196204, 4.662807226628969, 0.46834077242088806, 0.8410209380066656, 1.7266814928696026, -1.382823317036804, 2.8582218315856576, 4.321439962867267, 4.604934410901078, 5.235208310142563, 5.93581612214424, 7.0061704869865995, 8.394171802647874, 8.542860371854253, 9.18309821577562, 9.44436507471856, 5.812997850460687, 3.4984161907890914, 9.640996337186841, 2.7514159229549544, 0.8108337052067351, 5.859060277402415, 8.682954751111678, 1.5014520634814992, 2.5763242588845294, 2.6242069193386834, 2.6899655576246118, 1.3452381748715585, 4.303665191568005, 5.619644060415694, 4.611374442853081, 4.846267329954578, 4.975068537429632, 4.534577582870431, 9.729794541697842, 10.673940438430773, 6.888684245603169, 5.407837247256859, 3.0736996519493576, 2.3799536710328963, 6.254299988212588, 5.203292959917524, 3.9630774543866676, 4.659287625535721, 4.441031545862353, -0.07406373147841448, 1.9733510436180646, 5.532108459667895, 2.5429599264584124, -0.9838402430029987, 2.4872399777728016, 5.107588650055825, 5.076842963227945, 4.801325359449361, 5.627278695393249, 7.565317880638391, 10.126260409400492, 7.813636226993939, 9.293403046460842, 7.70285448326194, 10.523278500825361, 9.856007528336193, 4.932796923964222, 7.187817054032797, 3.1429933143985687, 3.4951296192230292, 10.05051550329993, 4.214399382798232, 6.989755395215544, 1.1939800463658727, 0.49413752743188327, 0.9620876410492277, 2.7674658891334762, 4.156447008942567, 3.800138424349781, 5.497878735616153, 4.2216896106968544, 6.382233311613782, 4.614129459416008, 6.233733144922646, 7.860829960979067, 9.745816932339824, 5.439569383627755, 4.077217056890333, 3.382777900719419, 2.122136485297721, 8.906604844640372, 2.796088028771416, 1.5492685740568766, 2.8101120332352676, 0.6402656002377676, 2.3161894143695236, 0.3417352252130535, -0.12812521020409837, 4.067985057551592, 4.715136959453654, 3.888880192514478, 4.828931048235529, 7.673620058072601, 5.6395557691696245, 5.975771042733897, 12.393100240660274, 8.591552428546864, 4.3721672268042076, 5.005330966531437, 2.861826022125047, 1.5465100395745977, 4.056150144758945, 9.002182575187645, 3.4632603454241764, 0.8079942149451121, 6.865153175108658, 1.8376475664480847, 5.734139681875954, 0.6897394585602931, -0.024531617178745146, 2.9325281839578827, 4.138480626411027, 3.4571737611083964, 5.314210456025951, 4.527674030414331, 5.347160744612507, 11.944136915647086, 8.713055697469677, 11.722481882190692, 8.99152933710059, 11.286911102347439, 10.851064952648692, 8.977026421763917, 9.337005695545324, 5.123788365491455, 4.1127881180187424, 3.607407485141019, 0.693720473811165, 5.702672395480489, 0.6022370694190656, 3.676812486084323, 0.7661818744044775, 3.5710655285272597, 3.185483067158824, 3.0322686609845406, 5.896532069098256, 4.298172995066834, 9.225311491574246, 9.414833082037825, 11.02493588772607, 7.413382505746736, 4.0684229489329615, 4.296288264161031, 8.520459372164199, 4.68959907742178, 9.474201481213827, 4.350276867580558, 4.34922071800142, 3.290153182180633, 0.9411904064951636, 6.081287602635047, 0.2828627346497485, 5.083034705579274, -0.13544601268870118, 2.5577364373045106, 3.1640543156041536, 3.3382688481139438, 5.988341393308149, 6.251441030754148, 7.897814588384354, 9.644281694015332, 7.503438026000931, 6.494068427095999, 8.78249756006357, 4.474344861197296, 4.251603747210715, 4.12604923116273, 5.8559163741645275, 4.118552623736421, 5.671796549664081, 3.971859274827633, 0.5537577264381306, 0.604120461608026, 6.370537599588746, -0.3662245224141817, 0.38853780328819615, 4.570212655973302, 3.597584982055979, 3.6553577424050894, 5.380632239705336, 7.3912890750054725, 5.9258459028554045, 9.109534581106084, 6.1781100884492375, 8.889703880678596, 5.442027862620396, 6.00148660362607, 2.0467153440979824, 3.501242419924881, 5.61567428786669, 2.9046988688123063, 7.166147203217468, 3.3361184220067064, 3.2145056855413823, 1.9496414003491649, 0.9973198255267599, 4.794620455102868, -1.6459911095939583]}, {"header": {"parameterCategory": 2, "parameterNumber": 3, "lo1": 6.000198445256149, "la1": 58.999992894266676, "dx": 0.5, "dy": 0.25, "nx": 22, "ny": 24, "refTime": "2024-03-23T23:00:00.000Z"}, "data": [2.214639964376754, 3.4017909361798337, 5.108645205298642, 5.225290843777643, 6.787373206584477, 5.2708498658960155, 7.563911786958665, 5.260135712190454, 3.337119700362341, 6.085843220185144, 3.1737557381263177, 3.7412157640104575, 3.648138261194607, 5.979318388971259, 3.3835902299328526, 7.423320611226181, 8.908277148539, 4.584848405158839, 5.82888266144577, 5.0599818574160444, 4.072675877686437, 0.7637824720356058, 1.9328905352353778, 3.842575369417864, 4.277962013411383, 6.392143111224625, 6.65466592440846, 10.087417965452518, 6.059352762826355, 5.769303073984318, 7.161417015697684, 3.5697337344362206, 3.9229924429661227, 5.7411543871823865, 3.929918949339794, 4.783684821296395, 3.61151805284994, 8.316935783624889, 5.149390586386545, 4.594273025122663, 2.9356386043102276, 3.8080682847620118, 3.36678655170459, 5.967811975463486, 1.6249272727309632, 3.883272356669808, 4.493466051260992, 7.217753955259588, 6.0192557795046255, 6.584638642895987, 7.026009312604479, 4.75106525934279, 2.660713610214017, 8.190835597528235, 5.983910213932027, 2.729732751383798, 6.328559823318867, 8.020900504557439, 4.5378431540430775, 3.9528635209265137, 8.277987035062326, 4.2313708105556715, 3.3982578262372494, 6.290805121321277, 6.314068621887727, 2.2782776214021974, 1.518684253078854, 2.7461094177545293, 4.91131552861611, 6.889473415458412, 6.930976272204484, 5.416519324462915, 7.183676660525154, 7.30402779759702, 7.419127841208125, 5.30027131744672, 6.02366713701518, 5.118879352086631, 5.965440865953857, 4.085028384623402, 4.850064453969632, 3.857073960678801, 6.321874556889904, 3.017554243771737, 6.841578549377734, 4.494307319120111, 3.903903947357646, 3.678222739406544, 3.13572600928911, 2.2437843322894317, 5.206115510165641, 2.3631695266127593, 5.1645302879635135, 7.468924478078098, 7.324570389265618, 7.511401962909389, 6.086293593991169, 8.751827705411044, 8.399329677049643, 8.110775166932479, 7.202425016171581, 4.205151204871192, 4.9769102241022996, 3.7713026515440915, 5.0909541496841895, 2.885272950037161, 7.553625252745229, 0.8342063643264955, 3.558542462388305, 5.7428168663988535, 1.4644147497868767, 4.564149015238644, 5.206169836506072, 5.524289478919005, 5.086364377431603, 7.446760617069845, 7.345567136923289, 5.13465276965109, 7.161006075999582, 3.3313104022971363, 3.5001958935051687, 2.7456661154053053, 3.032566022042426, 4.36360453435352, 5.662252549447738, 3.7793872043401167, 2.357198490156784, 7.933300178663611, 1.7538201529121804, 4.777842646287022, 4.4088055382299425, 7.040175747976653, 3.0610174264338834, 3.7452892317557884, 4.814275066967574, 3.7495530058290627, 6.861381482906338, 6.866241348900979, 6.791491389801594, 5.939040674069312, 7.723554539962026, 5.009260407707561, 6.827836684780519, 3.2975827302656247, 4.128026058068345, 5.789679079274082, 5.175333340955255, 6.606163076923327, 2.690067393350264, 8.34174668208194, 3.217779462197793, 5.69543534146105, 3.219376265451588, 1.2413787978701707, 1.2479351912724055, 2.8643838095160885, 4.559411930766409, 4.426263723020801, 6.751409756362051, 5.771815119332073, 7.253656941297732, 7.383175654392825, 7.14448460947644, 5.998993874073093, 5.98068312990441, 5.004775423652254, 5.564379530383287, 4.655242117755828, 6.334629637199197, 3.9004650461362025, 3.0913159511552846, 2.922053930876644, 8.06896362995518, 2.609706402928393, 2.946499230724152, 2.1708420459038456, 1.1735641955114355, 2.6830362229917966, 5.240036212111543, 5.071644902187018, 3.5966411727127237, 8.32890901938925, 7.249606385465574, 7.1116535222506645, 7.557031335333664, 6.476058510077601, 5.4760118418763115, 5.008677889842247, 7.693209093768407, 5.064142980269234, 7.013525277272199, 3.9721254042017806, 2.578425153619868, 5.602699257319655, 6.906430079170484, 3.3521288585180513, 4.275839015145424, 2.037685833748613, 1.702623535183641, 4.05536752507934, 5.016778052050076, 5.431119123065099, 5.899458704339318, 9.900758887193069, 7.279967869249956, 7.582007783099591, 5.187761587874218, 5.5989325973483455, 5.964076449491838, 3.001864559391721, 3.333773629234179, 8.06140161716051, 3.971862660965724, 3.7746850684301676, 3.6510101889225197, 3.5406106388345666, 4.778723938211151, 6.856496341561237, 3.1576363830005225, 2.542671065495884, 2.542873928126951, 4.2818576204004755, 5.444139673162014, 5.771846409658211, 5.1265158320596145, 6.5480793434267985, 6.01024792865639, 6.021839193119338, 7.66108475361886, 5.275581489575751, 5.5766426916046745, 3.8826633183078205, 3.3253366625416523, 4.140692836051836, 3.547034908388116, 5.445464288793464, 6.120703307123385, 4.154384196432059, 3.6537046273458005, 4.136612121636873, 6.061432353535482, 6.44903087540079, 1.4964335249749625, 3.9368500849842225, 4.828174409993759, 6.239563692704824, 5.774807335091335, 5.960949748563438, 6.981916305536129, 6.667116740542051, 5.870752233687076, 6.243985103724703, 5.922317665256888, 5.26661357199856, 4.865122092417096, 4.187385592266824, 3.107291331613672, 7.073095718265813, 8.548413546258216, 2.884258310972967, 5.856811227883977, 3.4560578785111145, 0.7646580804676558, 1.5693883890659266, 2.627061625041158, 4.708792721237906, 5.209673328102497, 6.886797558435648, 7.789139139218833, 5.388097899107339, 8.428911044749496, 3.7766827854298155, 5.71260874514911, 5.885858561002425, 5.58877346622367, 2.9594211173371807, 5.465866022452356, 4.530090296459174, 3.9832389340442536, 8.47394508817425, 6.694796879244478, 8.550261913108088, 7.117963674634534, 6.262262844616329, 3.0262947867923673, 6.288317471497792, 3.1764383971246253, 4.672446544255368, 5.989912196853562, 7.02896317274685, 6.072308366425751, 9.765985644373478, 5.48746898702835, 6.582596596439482, 6.605608889529911, 8.578064815968407, 5.548447236479726, 3.9396084880058626, 3.0707802559906736, 5.357218726758055, 3.8007573654746993, 3.7543931157374106, 5.814520427511975, 6.857686097910064, 5.623852346445801, 4.655586898033412, 4.955800102699545, 2.067714639257998, 2.486442760814594, 4.367001746131652, 5.796459563471378, 5.3197177100160316, 6.572316501988877, 5.474351011844621, 6.398969144606702, 7.737827786628989, 6.247806841710484, 3.309078484882246, 5.638661735905115, 4.101703646435553, 3.0337174606839166, 5.953318806583615, 3.1154474209848178, 5.7288140357916095, 5.629006364672529, 1.91670044561986, 3.277524159044872, 4.38760554701455, 3.663879302829662, 2.7137446458552508, 1.0480314764813012, 4.436116066862303, 5.703650536277846, 3.836518058646055, 4.763730077069042, 6.3181518032183295, 8.660374557181093, 7.145498624774082, 6.661306093468832, 4.081988318251715, 7.938671454572993, 5.7205543668978045, 4.9417391647945355, 5.187271870076758, 3.337295557849193, 7.761968872835756, 5.376164542764286, 3.2083556951028704, 3.5079354813339667, 7.981695459129195, 5.154895216306091, 4.802208070657267, 2.11199224097602, 4.006162037475695, 6.6188893316024275, 5.028072977697019, 6.489673397262818, 6.280895562656033, 10.387201687079028, 8.460706427616946, 6.0890400502489, 5.5057747204271195, 3.244566149041408, 3.0227812338397873, 4.663832469623946, 7.548913328945985, 5.06800331804792, 8.640175748835969, 1.7523668175364207, 4.783658149782145, 7.64167460077657, 5.033845667404938, 2.1738817101221177, 2.5529901312617884, 3.0149622653232893, 4.702737991422481, 6.690356362163841, 5.542625838954393, 6.719807236766965, 6.0660466659963745, 9.233323525757001, 6.367249426462651, 7.282620741484499, 6.5692921210143735, 3.3344399638904987, 3.905026081998854, 5.256838240939784, 8.02482508607037, 3.817443099219551, 5.867543301338163, 4.620251803243517, 5.542332246711604, 4.259936408069853, 4.111162243353734, 5.7132298848296434, 2.6186091900505724, 2.3116901468892315, 4.139009467161428, 2.6930326834916314, 5.959050722421939, 3.4464500007495085, 5.42387597728215, 7.2234231706356065, 5.82621344686974, 7.071151462226098, 8.73350369111004, 7.145711847133048, 5.665973859565451, 4.794995042203141, 2.932878214890514, 4.75310618002023, 5.54451148315197, 3.14105234346395, 8.04699726525012, 3.3208022006422486, 7.375654295207639, 4.391477401797577, 7.392473664223051, 1.3740002187719413, 3.8807448895094616, 3.000861990667247, 6.500157452931832, 5.429887388441654, 5.323310383880642, 6.060123300681551, 7.877245206177543, 6.236734086869686, 3.5052547945199364, 3.657367141717338, 2.5655502315028977, 3.665553260195534, 5.088837879325843, 4.542767217213801, 6.2733592799714994, 3.036675363768957, 3.934058950823031, 3.156721391661683, 5.218174944044937, 3.3113458418757755, 5.5429795526833, 3.0347137153987744, 4.133889870687598, 3.9422147905747433, 7.186874011272204, 4.912823541811352, 5.861774552917196, 6.982543464629601, 7.30115661080011, 7.413998008807008, 3.852028251618442, 2.920965658909439, 3.009146184525663, 4.70984319872367, 4.428565543828921, 5.981478712889282, 6.004871840011624, 4.588734201639267, 2.723632243353249, 7.225768488053456, 4.487586930429316, 3.3822896348476634, 3.6208915931352017, 1.690668285184952, 4.908414831062958, 3.8637732908023996, 5.680547870870989, 6.231537357550651, 6.229288010898265, 8.523444521380883, 9.13419827911467, 4.64684356684636, 3.573188154533284, 6.252159215676808, 5.139300467516972, 4.728051819425732, 4.93261493723102, 6.000623738171595, 5.96401554184531, 8.636565276456876, 3.6256504099940123, 4.662532570473459, 3.299796517815624, 3.6877892987788248, 4.841593990218633, 2.79441212049043, 4.715662907426645, 4.755638424244855, 3.5616620599146867, 7.838115394601044, 7.32910097284159, 10.63174378504391, 6.174130295011548, 5.640960031391895, 3.864892642689785, 4.404740483877399, 6.183613876886467, 4.892844775282854, 5.576324316802027, 5.557404966867419, 7.2261540602937, 7.887446466009227, 3.9114306648254593, 3.2803550388171145, 5.342456719754176, 2.172105465520523, 6.495051636801352, 1.5721297130884266, 4.774236202864794, 5.296071892284418, 4.759255680708641, 6.6076763331106765, 6.863254483402593, 5.117602713042056, 5.756513348554055, 6.665674511928714, 5.505220345267873, 4.3630042697287585, 2.9745048635222466, 4.462034110109346, 7.937323136006762, 5.300394784383226, 5.738845131447498, 5.785983908475154, 4.422196094168693, 3.3717337037432444, 4.323500520724738, 4.187784757657485, 1.5067671678439776]}]