script/wind10m.json
{"header": {"parameterCategory": 2, "parameterNumber": 3, "lo1": 3.000054539987559, "la1": 64.9999836372058, "dx": 0.5, "dy": 0.25, "nx": 34, "ny": 52, "refTime": "2025-11-25T05:00:00.000Z"}, "data":
[rows 0 to 23 of 52, columns 0 to 33 of 34]
-5.320053033745133,-5.827319848248916,-6.599990147071931,-6.9648337671769465,-7.143091843461504,-6.868051694616751,-6.666578044098385,-6.521711000206511,-6.352762044863948,-5.905433825346899,-5.3496197969830295,-4.35225460423626,-2.9080222616292777,-1.3008060772117616,-1.7145628966027944,2.1188011070915778,6.8122161293962495,8.727808274182571,2.2597805386987893,6.575233495582955,-0.3965081085833496,0.19170506655729122,-1.3186940336664088,-0.7009103661263946,-0.5350756128617984,0.21835615054081875,-0.6824111093582662,-1.0230427479514077,1.5835142783580696,-0.9268040194793981,-0.6226056516019342,0.014409438265293352,-0.383164415938191,0.044911803436327995
-5.636147140842905,-6.077393438384388,-6.636047338516137,-7.022896012691829,-7.2339511605737,-7.010129581402307,-6.748862812996658,-5.96653361703257,-6.13651483695438,-2.855707805351737,-1.999011491647125,-0.7122516490862075,-0.8458745961553408,-0.5465435573193317,1.5257777024065493,0.5918050491719159,6.00718991115047,1.9525826122340988,2.184195965815952,3.5533798844085736,0.7676595812243184,-0.02264839146332826,-0.6422960260431338,-2.754193731638403,0.642584819830649,-0.16575176264811536,0.5964887259028969,0.46018363665309103,-0.15838868829792424,0.06578894820755914,0.0657448460257614,-0.6574518140321773,-0.6192234377230158,0.5982791713143758
-5.815758573174953,-6.2156674034466635,-6.770214693316252,-7.181986129130349,-7.083435310387578,-6.875864783930511,-6.466389139141243,-5.877799160688958,-5.524153325375065,-4.727010996951821,-3.801828686043311,-2.8741676181237596,-2.2040585823055454,1.838714363926084,2.02448238705265,2.0627794225226754,3.61626525910827,1.8977697565836353,-1.2609945555073125,1.1687035787321267,-1.7174597321772325,0.4899687534467437,-1.5535568049015134,-2.4621186963283237,-1.0579217106326797,-0.23616790550018277,-0.3450752951697447,0.6518555269762344,-0.22038213781458224,-0.8402032835622042,0.5918911842239009,1.372439533988012,-0.5791945215976781,0.530178117987223
-6.0119567524609945,-6.431505044183015,-6.766701716375096,-7.246911290590982,-7.341221309087497,-7.084657519387935,-6.632479148048472,-6.338362885903774,-5.6289799049972284,-4.724605851832172,-3.888702175482014,-1.265045367205922,1.561901264899825,2.3193869995623633,5.14769297981444,6.072261457315756,-0.933084797736666,3.1047268523127878,3.14924629120663,0.6988675575220973,1.3257183354847994,-0.19457679810641998,-4.15849188120812,1.6342334044269413,0.5320904973153399,-0.7217356176789846,0.4722182202565762,1.2268503441583203,-0.05607642162650144,-0.06336495360416369,0.3334181103984265,0.15792049515121992,-0.19089492389959634,-1.3273043545581553
-6.032738923208351,-6.310090758536549,-6.349306451414059,-6.574921708439563,-6.5391844735454425,-6.287368116514801,-5.886538557450772,-5.420080198341615,-4.788957267189683,-3.9574564788198296,-0.739313484593068,3.626302673647141,4.612482663594096,5.201221614686623,3.3847286735833055,3.6668826372009193,2.242964866510519,0.48632547659519837,-1.1368720141649937,-0.5443523012398855,-2.180446657777003,-4.176877045903289,0.03164683162704753,0.19400123847178868,0.63748867103966,0.2400688266445972,0.5136053050632465,-0.22169384158972846,1.20362403148368,0.44214781700831246,-0.8697525145825765,-1.48402196493427,0.5110510141458995,-0.6074198183308945
-5.825056173633849,-5.6712877679114655,-5.798538620568617,-5.938865585356061,-6.082267320062745,-5.9973906828579935,-5.421263745847948,-4.451703972977325,1.2400977611887953,-1.2591440600702462,0.9975757004231821,3.604152127537665,5.242186781838272,5.258785203549658,-1.8227406184900812,1.952764221380802,1.824579692303994,1.5032300562716576,0.13238426126473632,-0.4503060955667883,0.32248278170893896,-1.3445716942213948,-1.0735710252999209,0.40626913108380364,0.6569624195082656,0.15342918263535485,0.5111208626429682,0.558624778766336,0.8115312533069415,-0.4856273068855075,0.7577284511397807,-0.8052149298727609,-0.5279512179389967,-0.6631372489259852
-5.703302771052904,-5.710420196782166,-5.979483665878555,-6.108131333263472,-5.925770994186362,-1.266576439710613,-0.6437544169075791,-1.1912840495292494,-0.14322635972528994,-0.6959601658747274,6.090486194751516,4.197504353792087,2.183658924018427,0.874291663964735,-1.1547275595793993,4.3775522072174615,-0.053329799719002806,1.416571541466376,-0.4316921328388691,0.6172094902153449,0.4096805184199087,-0.4180338851646268,-1.7093213932669238,-0.17943970149444735,0.20379805449637406,0.8433345606868056,0.42838090420171787,-0.03703072475747424,0.674113089878875,-0.21298422216103993,-0.6217333784567681,0.5448226265376477,-0.40822676032268057,-2.8019324083845487
-5.910359454862987,-6.125314231288283,-1.3786022813711338,-2.614677199002451,-0.9535375994748949,-3.1265021428204016,-8.576931077653713,-1.453405214720988,0.3761147735570583,2.9673173297955326,2.2623352301007698,0.7708334606781396,0.8423451215097684,-1.9477170004137554,0.3367382666744701,2.0647927169591265,0.7011146077618937,0.8024663900240568,-0.14806228842460728,1.0197281730025896,-2.05162288429919,-0.18406462693894388,-0.5287329393810473,-0.43691104065113007,0.6962443783324918,-0.06681112616698724,-0.08023251242329586,0.15328480951446674,0.8257839911404995,-0.9145559239455952,-0.3651200335655374,0.1555983044287173,-0.5444380489948797,-2.621905839119418
-6.32113361840965,-4.436478095177295,-4.8628721493997125,-2.9940416835372825,-5.514633298183533,-3.1328792178459666,-3.9065108999163396,2.5869330650689113,2.5966098217397593,0.7878777272713076,2.077229932030401,-0.32865101432964416,1.9017240343992925,-0.29815626777431786,2.271917111758505,-0.5740443549520517,-0.30236498826835845,0.5589034468734047,0.5107210702019835,-2.6452570818557786,-1.291365121924443,-2.8565282501720572,1.3454080179587709,-0.14430019869512709,0.5162721074094533,-0.5550820103973465,0.17153174982672864,0.02307097695081597,0.36423879255042235,-0.07731104593920822,-1.2030588995065525,-0.8700119377447357,-3.5341405516175555,-3.371151001135841
-5.352073423401231,-5.919353666364488,-4.317758501362496,-4.639225160260894,-4.977375311723089,0.9071947228296657,1.1857738474677988,1.2918909912403602,1.3568343632432025,0.5742624965704205,-0.830371869146027,-0.5997260178066256,0.04158668916152213,0.8557870922150864,1.1377142810989134,-0.5893658682804854,1.1726196344550517,-3.339324840283009,-0.9471588144896603,-2.7904506003143954,-1.6583222998553233,1.084208194936038,-0.751837152102908,1.3586018878930586,-0.4285521264761242,-0.8488900187541925,0.2250178910830094,-1.5536693631388545,-1.1640832674091113,-1.4913875690846896,-1.9735740119121807,-4.4300198724413615,-4.302466463252783,-4.083026414218093
-6.026768014475818,-4.943092047486463,-5.965444015989853,-6.11046807818731,-0.33564880215724796,-0.7315790736176887,1.5548922429933658,-0.5840783169023004,-1.735385204756373,0.3963790975498187,0.6858832520103711,-0.2934505909181524,1.593812725846116,-2.7647098359643425,-1.554440665092265,-4.150872962461742,-0.38249130650154833,0.4072281468330055,-7.1582122748379575,-1.0782282397178782,0.6856414570678186,-0.8708767465349209,-1.8209051344243035,-1.0959153299063356,-0.9785566910852942,-0.28935030506443343,0.398642391514924,-1.815565108507879,-0.45062447516032766,-0.8874706023565112,-4.803020328847064,-4.994163157727617,-3.911482598113819,-4.54459724791605
-6.70242658517274,-6.966304985893464,-5.23767028346938,-1.59515716036987,-1.569296682659011,0.528917493837987,-1.7736580592340532,-1.6479788973061684,-0.6849084890090267,0.16333376321821566,-0.5489032383434672,-5.249429957021699,-1.417405655165697,-4.036015578112779,-4.224106973229647,-1.940655372400124,-1.820658117780768,-4.824926648982741,-2.7699886160174345,-1.690704285913982,-0.39216840556773624,-2.1163453622251924,-0.23930466139376882,0.2874457395360153,0.5729902491929433,-0.983911256732233,-0.9966661993350676,-1.2950364470932088,-0.4794240505633837,-0.6104325606920334,-3.6677433996762465,-4.400609555795113,-4.0724772816300305,-4.868031596540128
-5.449796555430284,-6.629718395887436,-3.6350355258877953,-3.401521147701867,-0.44881191256649466,2.1643058639674013,-1.607243985425146,-3.490839948365414,0.22659185215188044,1.6731891104477319,-2.722937022853959,-4.3136888406996,-3.8994582888624256,0.6244954533235908,-2.113209175152605,1.5915973264282437,-3.9031872838227994,-1.3631345611688814,-1.6680016498724397,-1.095237421741923,-1.2565208629508697,-0.2929369301229561,-1.1410546407240578,-0.26774401506317796,-0.16713021242761883,-0.13957612692303087,-0.8894869234731386,-1.142678630284395,-0.49673575309539636,-3.767453178098954,-4.863814506596015,-4.596500474865079,-4.631490566275982,-4.956701115717794
-6.770503016327716,-4.529103240281042,-5.014190947124153,-6.16969403786075,-0.6148995842735349,-3.5524878590167206,-3.019192793483618,-1.8227316948696102,3.035708011661001,0.905067918888332,1.0252905138076314,-0.09939081304654261,-2.257460893912172,0.01271188738224902,-5.6828036911883,-0.407346178711522,-2.567348109789762,0.3667121929140479,-2.6472939420108936,-0.3515264416460909,-0.8121049372631364,0.1160782123369888,-0.35773735757758873,0.1104761812823846,-0.03664506126761886,-1.0661617046194718,-0.6558108314862844,0.28186372338746674,0.38518480701131314,-4.139896039429399,-4.710742770362092,-4.667405981914989,-4.664564110865238,-4.812705121577939
-6.975010816073453,-5.779910059452613,-7.259538413727299,-7.948151380914581,-1.9931847388472077,-0.5624815641779661,0.1831015109791521,2.055242081149836,-1.5495785858534468,-1.464134300027698,-2.574080629678257,-3.0432510766475667,-3.2099054385478483,0.68778785967764,-1.261762485126593,-2.6365879162207273,-1.3632836223957923,-1.0847302558471386,-0.7654471304493446,-1.621268218981338,-0.2442430598615529,0.1959685427321944,-1.2171723070841718,0.16545171488132518,-0.8336229131753348,-0.8724108496997124,-0.6389851142323851,-0.9668868853433096,-0.5947744420509683,-4.38811900380075,-4.962562435689263,-4.598576318366985,-4.767469369271841,-5.054917653291507
-6.174544399962718,-7.864589842939445,-9.750419332806217,-5.57921092354878,-1.6661915280967594,-1.4234119929259332,-1.2650023364940444,0.8023410594819494,-0.5060924458000466,-0.6118849858643143,1.3820407154273295,1.2906625915264032,-3.071035818500115,-4.13383753958082,-0.21743678099544883,-1.4019820322066108,-2.900009436089034,-1.0862524235670536,-0.9774856620717587,-1.1849292296992397,-0.19282555721373382,-0.9782154067034273,0.28333488636466386,-0.6401249874090145,-1.0428447969899601,-1.058926566251215,-1.0091663392760875,-1.3866229852572398,-0.9686402427524669,-4.512366745666907,-4.754088490361389,-4.442739848016236,-4.41971431954687,-4.652237486659103
-7.315329655658984,-9.251682627702754,-8.328060337971937,-2.0018946066890697,0.3091043539574442,1.2916763245777994,-0.4661114105109215,0.8719189789082613,-0.2064260486281719,0.6646629340631682,0.3653661786113175,-3.4834581337233095,0.650950960818208,-1.3300121519690091,0.47578888872252645,0.16077332976816097,-1.2622083681412577,-0.23768952190623563,-1.3181552657720468,-0.7942049471177882,0.13523890764768218,-1.2318504877287095,0.24254709669671087,-0.08850780650802165,-1.086927014649468,-0.64065087280804,-0.6225794250681405,-0.10501580071656692,-1.0531024316977753,-4.989130461481308,-4.698882815276378,-4.944829042386232,-4.895323133752937,-5.2891238423650995
-8.369294110073938,-9.908025085908868,-5.617873186886367,-1.5125620319111854,-0.521348190015846,-0.3347275255026518,1.4679158697012369,0.6839336171554373,-1.5235389004534794,-0.5437149197042793,-0.5096324047159126,-1.925248559190444,-0.7998447127572382,-0.6233897018825967,0.6766920830421574,0.20600424691621746,-0.6462262853276759,0.27664632454204746,-0.5273794194641725,-0.9738313088523045,-1.085217230181153,-0.5400318011761513,-0.7295429847965413,-1.2061153112100393,-0.2592403899788017,-0.2954757477824022,0.22566638888469612,-0.15376763626679305,-1.0649824288291865,-5.248943147886288,-4.480541936942122,-5.0607573530130265,-5.310106431736486,-5.539675353894895
-9.149980031034028,-9.711032432759442,-4.224575605551807,-2.1754858520352873,-0.38823865368730937,0.8533107425533693,-0.25913199281044785,1.024478456874343,-0.46386259116786427,-2.211232160903292,0.1425101940394555,-0.9756208528302865,0.993188583893775,0.29954178777216345,-0.8795693457282028,-1.1062128105333675,-1.4153616681922159,-1.7488853978933836,-0.5230614375920675,-0.6854170824514292,-0.9430178158718017,-1.2434579807823998,0.11625351975452973,-0.12657189558611204,0.15184237090788485,-1.0077390334449732,-0.4983628913196441,-0.2628144899553351,-1.0608284006662831,-0.9179630870395923,-2.7143505466005533,-5.105110665040542,-5.768213040861742,-6.053458254332436
-9.387180465039455,-8.341049794021037,-4.779268302476912,-0.9524880228483054,-0.28603980747858015,0.3330029778979441,-1.1845006806203742,-0.523365022867537,2.0831654924809495,0.0415496285930513,0.7362894559717362,-1.6060852167051312,-1.6641923829099556,-1.3445972633362684,0.2375200220814594,0.35140158828989154,-0.24440217038283865,0.4633301818598821,0.13503113835024114,0.2576152846919668,-0.7969205227969482,-1.1030194472304098,-1.6023508986974326,0.4590638852557192,-0.22408161346703526,-0.1537496823229058,-0.9254078616149366,-0.8154994018243628,-0.9216946021720969,-0.7966319192050468,-0.5912874336842638,-0.6801691935988043,-5.561604294214313,-2.8307319956319854
-9.444598365161996,-7.698114842433903,-1.0453095471060316,-1.391357627815341,3.092654050048796,0.20975208486201388,0.039455004867674295,0.47111074557867394,-1.4127143908381412,0.9219412905465297,-0.24990918923038233,0.0186808754442581,0.6695811569258664,0.21021048681030646,0.1113282142888977,-0.8652315554241136,-1.0146366086779828,0.15632394885903403,-1.2918598193779298,-0.6252824646747964,-0.13588630110687105,-0.3450955983844292,-1.3820054900453649,-0.8403098317812612,-0.15981245978446323,-1.0162433897003016,-0.12571565769280968,-0.62004238138622,-0.4670648564796129,-1.2842673823182456,-0.8295653385497801,-0.9597908403494005,-4.897542293860813,-5.093706822785592
-9.60731973243286,-7.071955879787307,-0.9712070254600026,-1.4336157229484365,3.1233145630177095,1.0122778137265938,-1.239751378522551,-1.8306495280332216,-1.4817503297147734,-0.5426763447788514,-1.5278874412285184,-0.9884793308797181,0.16030376655459438,-0.8297082516097464,-0.13192800557121478,-1.9333219961647135,-1.1014513087707765,-0.010519769527279938,-0.6947892296848582,-1.3677901206367686,-1.4094627853276709,-1.4196495151400705,-1.51719875895061,-0.918011147184488,-1.054210878512538,-1.6105556946127157,-0.9563909715956447,-1.7936757755636623,-1.2018688690927894,-1.4053675482579917,-1.2498422247516152,-0.40212091916621556,-0.3505877198858879,-5.699512104156463
-9.186113577291984,-4.178516282596308,-4.276385855290149,-0.3452448266079881,3.763171939889729,1.3954667113874046,0.14641908588213487,-2.3159650480049905,-1.2485298501281152,-2.035249572387766,0.4312675123158774,-1.0700555728588919,-2.2831291562189433,-1.4820547254081038,-1.8685161716856455,-2.546715728133011,-0.9766140123375702,-0.8675229808696961,-0.6467562268100714,-1.632057495229331,-1.2710471788341589,-1.045547705706279,-1.264961157455561,-1.3852561938433408,0.5395284674179649,-0.38297764315061605,-1.1735855091145029,-0.647577230836106,-0.21770712676502374,-1.6545524093397426,-1.19602211372358,-1.9286330100693696,-4.329900284168309,-4.074205961668407
-8.396630621596056,-5.554602943267123,-0.38594371803254013,1.4839631569197531,2.547696381806078,0.1407921595492417,-1.5563279248624604,-0.055432691331244226,-2.5009023848194274,-1.088311476266722,-0.7978584490201109,0.09271335711758992,0.16447914299245203,-1.125222999934659,-1.7973159290091627,-3.1318099503970105,-1.4669664917419902,-0.9877534706945474,-1.0022715205987256,-1.178556909138058,-1.5538689464359203,-1.6343577625474337,-0.6016955387255438,-1.2718978219042787,-1.480995081378114,-0.5422824521137928,-1.1896217096770714,0.18701967304743752,0.5239367725711697,0.5534555195187643,-0.7001969780098223,-1.0261814263455273,-3.7182730094952565,-3.362426830040027
