script/wind50m.json
{"header": {"parameterCategory": 2, "parameterNumber": 2, "lo1": 3.000054539987559, "la1": 64.9999836372058, "dx": 0.5, "dy": 0.25, "nx": 34, "ny": 52, "refTime": "2026-05-02T18:00:00.000Z"}, "data":
[rows 0 to 24 of 52, columns 0 to 33 of 34]
7.998196125632677,8.124545391189523,8.071802857668718,8.481587249955524,8.432128675039445,9.061803271892233,8.6594995425839,7.915435150073455,9.547125940604321,7.774863871090804,8.390458387413085,8.983484445918876,8.944604052265314,10.8468030909805,11.981902925773044,13.199621837439198,13.896780135324374,12.105929387690631,6.8722062956887955,6.982281594428726,7.47750346257153,7.7099473839891814,9.084589683049611,10.404802138858637,10.880457499746557,9.309919576873522,6.312122035980477,6.3230242429795025,5.793923948038581,5.511875569724735,6.509466374508186,5.923192407802095,5.934931422711162,5.715174429606919
7.581540758198533,7.654263320815951,7.9009296016515105,8.001680472119052,8.16754032502485,8.409928549696007,8.473911158517899,7.4249043018730845,10.111087595633581,7.418584169538673,7.592038707682543,8.482615940878848,9.96568671056279,10.434766725384483,11.55204719175471,13.325764870497114,13.335532233175732,12.75772302934823,10.25888967423207,13.825731731860236,5.8710175715661626,6.950050924796838,5.38215968187882,11.382844329265234,7.812944706419655,5.510701556104753,6.162772757892339,6.616135877631824,6.281285528556138,6.236524353794117,5.4580814008796,6.670016759912631,6.383559258220803,5.366314482584459
7.032448005989733,7.16190082195201,7.353296999911572,7.554882814301821,8.05327448917408,7.948268346412128,8.027578781775981,8.432282643477476,8.047895008150206,8.587239285501884,8.727046291869282,8.00851994812058,9.784026231623704,10.246877811197393,11.112403941525335,11.674531141377965,10.266449521863876,7.948669559051574,8.061509106236363,6.548995663879244,10.531134432876263,7.077364589136531,6.8436207026632445,10.047498389764382,6.979016934196918,5.0275606281050145,6.040526075155378,5.72848758991475,6.178626370985455,6.937112640571103,6.874134792516941,4.998216159166821,4.624717480532015,6.55062019946739
6.535157654427983,6.515598083044819,6.6134696025461714,6.838662321082864,6.935083397821779,5.700023230581345,7.336702448267417,7.39801431838665,8.062090101313593,7.746008395505254,6.815332907831553,8.2151455844689,9.3004670577225,9.904742156231748,9.887320513160622,9.53217568026472,7.298452842142414,6.9580663749345275,8.298053183778899,5.9715807151053815,7.835733885128751,7.756318716919074,9.810523209295388,8.067454103079806,5.262607891323567,6.330856648939887,6.325318598628218,5.124309913256635,4.780028276987004,5.347252824289385,5.885013092779799,6.040495458152519,5.880886461265868,5.794604322262823
5.882322363368534,5.865312258891916,6.029460937684625,6.6345800873606,6.563085899158734,6.11931089734971,7.045748088526004,7.339944729885903,7.34730935878201,6.823226626839882,9.421247788253257,8.368122071270117,8.406745095379588,8.387982212023742,6.566333831867702,6.129977545844462,7.2680470932811065,5.8990871360917705,6.352703909240257,11.202706712067355,7.789969452257635,13.015535331498572,5.479552176169431,7.563455366943849,6.340671290446266,5.243921632345258,5.403758685315003,4.182235178341853,6.346328394780665,5.738297155096049,5.5730805402274255,5.786971694619427,5.930352868609042,5.373967076436226
5.213892791938147,5.054950212050522,4.906984460420038,5.829380191838652,5.862997060190504,5.886711917070534,6.464210786393027,6.523176584789804,6.5325086284499205,7.037715634365885,6.941323447558786,7.526090833409028,6.443368938100543,6.883832835244904,4.353768344907228,4.883998177314617,3.6264842239118735,6.293462614371706,8.323662643018377,6.298925418992159,5.465048871901685,7.7991491203324745,6.260049365643645,5.987074678039106,6.512788486126042,5.744702605490204,5.239279812803651,4.565199436680709,5.240604284254017,5.6236843956017815,5.125943536887182,4.676719345416237,4.835867124271605,5.405479603649978
4.222444946334972,3.9762509231324143,4.413509754053125,4.6360553543632195,5.2306079556906155,5.543079358547897,6.011836438734142,4.836458875814678,5.173673471066824,5.525994628410983,5.876034457186325,4.921150340726044,4.7326511533125455,4.877137950969806,4.453107406616992,5.789115111392729,4.741504329876815,4.874179114152885,8.399101334400937,8.055583050279393,4.72152364308639,6.598526214660691,6.40090499491376,6.106597712433095,5.511610765480948,4.695204494438955,5.961989378169545,4.014944260248098,4.938732851436046,5.215702757575197,5.28584320016872,5.165146268530348,4.423420637135226,6.230941033304616
3.2004857362289494,3.3866315796330366,4.034633221285882,4.241076556858227,4.591496103658654,4.692396107477637,4.80884889423194,3.8645558354779763,4.074663880332943,4.517305267202075,4.125524681541623,2.806063598556189,2.544614656655497,5.63451418589476,2.6066393413820927,3.076983970973078,2.8662696069697566,5.720938109992797,7.2814795462991295,4.828517017182601,5.960320191886944,5.365361070959313,5.481403694543328,4.472753818689351,4.726197411460006,4.127686681853749,5.138353266525889,5.05061455089186,4.398952921866465,4.518550663126585,4.619122838483207,4.218917580951052,4.533463046370102,8.621590110536872
2.532239956890987,2.691736776082246,3.5282399997685188,3.466824171463034,3.8258965795884414,3.3392680827686565,3.1635614668685736,3.065074976627127,2.72929138837496,2.4489206456544745,1.7893109079077723,2.9086487753971557,3.4196884480461915,4.369870741464007,3.62501276837942,3.4858962067471206,6.157235679948703,5.873085582933085,3.9554755074840564,6.225944125864045,7.338894468289723,6.38935140972236,2.262415390428866,3.330960745027551,4.995610320660158,5.202825436488196,4.736876056774179,5.359802498110214,4.562008839878396,4.703611411220157,4.361916200304738,5.985077858839824,7.556619981153668,8.605998501378226
1.5842612701796965,2.2220366715576536,2.5509571561242006,2.5442706486159246,2.415038759897869,2.316446060617939,1.9481959630678094,1.9221144685430618,1.2068884562940845,0.8274986480382895,3.061839331736762,1.0848994463062782,5.157353683987527,3.23622722889089,2.594626550178909,3.8929649842066776,4.245015774340583,5.307595121421269,5.439825060591005,5.988150491270728,5.608642972001455,3.4300717411815502,2.4526354055685275,1.396581510940472,4.023247379162836,3.973580541240796,3.892292188361871,4.504336001419538,4.700474793554685,3.4047364098671262,3.96146213615798,6.750920242837961,6.328106442443143,7.462232646539254
1.310779060836488,1.2924962109481226,1.3335731784621037,1.3034188168237677,1.5079188862507973,0.7056843727954825,0.5235557205819552,1.1480182330132072,1.1824771144905315,1.5076858596207134,4.068462100114525,2.387844152137648,2.1004387262394992,4.213165550742461,5.498581375906105,2.972031864630265,1.4647456848110016,2.7415867850959033,5.067613118305389,3.914579068662274,2.8645334832081573,3.265126390964626,4.340717720385918,0.6739725027592862,1.633705530255896,2.820385642187299,3.0869313055765133,3.27275037879315,2.616916410901138,2.9046527862132026,2.611875814313654,4.974799195650253,8.100976490351256,6.395904617305043
0.8560511912501446,0.6700179959410916,0.3568780655528228,0.23518301197584615,-0.12848422830557962,-0.6442172546349217,-2.0954819421930977,0.7101119797525661,-0.6569089456409652,1.430554382628907,1.825929352612301,2.7255063325652085,0.7023018651133204,2.0886377639833875,2.8830359906613836,-0.2454924985138718,0.9811598997240256,2.7874140738232405,-0.28595674389613646,3.940133402547139,2.813695810629712,4.365459293830746,1.2776738648506196,1.3100960081921174,-0.0070131055114354005,1.9018956445096105,2.0486099642296565,1.9236060784744138,2.8548310859816093,2.7579085158218284,7.1235798858455315,5.299988608643302,6.4920905943040434,6.720204142371304
-0.02990365510030091,-0.1402489200905267,-0.3522896958834951,-1.035517302449692,-1.9492074932604326,0.3380645772342809,1.644366220287181,2.217218171753873,1.1301253293997324,3.154233950360079,4.072539244965573,0.4409685762864493,3.0753328866601084,4.001941436736834,-3.92696024544204,-0.652441436636048,0.17488396972311543,0.2546969110006656,1.2495916711971051,-0.3929349437298425,0.7257482760410013,2.178720809796439,1.9158502441994385,1.241527807892428,-0.7068933021467971,0.6431888292208632,1.31070172451614,0.11307535006488402,3.1341686723810844,4.359613165307442,4.778925550991829,4.2679130142058606,3.5673767396332594,4.358122847274347
-0.45795787753753836,-0.7285186271165836,-0.8875778264738187,-1.651053044944479,-3.4108290878869263,-1.5391424629081636,-0.6572613644464551,1.135321625733897,-2.509105544095039,1.807381999264187,1.679629195015572,1.3898274992397612,3.9144201867000863,2.1058469945243505,0.6709319524920687,-1.3760999279270434,-0.2825412954834727,-3.570373020154249,-0.4254403019717661,1.3378510522336744,1.824750315358835,-1.376470148280312,-0.4369102659508548,1.9525464862330033,0.2715557024159405,1.502607122859659,2.686324847828736,2.443357758833289,2.63993077018751,2.7248972465633114,2.200406878032627,1.7567332073250135,2.4181492097346435,1.464362576222123
-0.958089019245727,-1.1906025645651674,-1.1703460212270482,-0.8541182653388921,1.8771010132813601,-1.1350612505824724,-1.5424186166950271,2.2936292453863922,1.4533025924156286,-0.4502915889244015,0.6198411018882737,3.989978546348502,1.4910856972692914,-0.7637511754120029,3.449053420249849,-1.9469200808016607,2.3694395443477303,-1.3762721417911876,-1.4689629902985601,-0.5225504891514251,0.9538630584700855,2.306841082486893,1.6129510327817203,2.7547914786837158,1.7556147134678008,1.7240121336304646,2.1960738865402396,2.079549508651311,1.9391862951635344,0.03452861908381988,-0.39452732561919246,0.42063519314971015,-0.5725833308841882,0.5335127056213984
-1.4901196865183062,-1.4371432323895343,-1.1821145394391668,-0.07784415182365359,1.087466904480604,1.82351829765486,2.726287356935828,-0.850293676817483,2.6494327261915562,2.347678325678235,6.433810630914231,7.491650758652249,4.43925492228651,3.0636946857523037,2.8996273164798207,-0.3321469543158087,4.863560367238434,0.022468942210148345,2.090622324923316,-1.0057550269558655,4.480111921366891,2.3660051297444036,2.471452372066404,2.832252091039972,0.25365056984152023,0.4887533364060139,1.8165837114995527,1.9744552726155435,-1.0554906559493782,-4.461770231998592,-2.828248795132586,-3.0429247404217503,-3.2245473168115653,-4.8406663312460365
-1.6337624895073073,-1.511278312670108,-1.0613422044729297,0.7348476547108005,1.3640880083375932,1.1978592711688014,2.7338753204942616,2.5469488469740784,-0.9685416296070097,1.4585199060519303,6.5732970683153,10.928976944674904,2.7699545629417766,2.4796951673896612,2.9977244782641903,-1.2470016709303033,0.5435663059912753,-1.5979408951975578,2.989526923370297,0.6515502897510935,2.5271014450862888,4.440414685467859,5.3213940668301145,2.501973488973006,3.0248906837575595,0.6103380474727095,1.4100567516100713,1.1916674450731044,-1.4165481686563641,-5.8927696707741655,-4.831757940673379,-5.873257363764192,-5.318765920317238,-5.854226527833178
-2.0264108050877527,-1.7410073736311937,-1.3328043248723627,0.19312836085671276,1.8325045696213775,1.8970308272807246,1.8856081326712937,0.6912266829161041,4.356073864135185,6.671114709786312,3.367738039809458,3.18764845309832,1.6218354529562893,3.0307148058350464,3.939391462460864,4.467620079236752,1.2164309279525087,2.3364436390958128,4.244222266467556,2.0671006113317003,3.9779465428310936,3.236102807208854,4.851382776774155,4.220325255585499,0.7190478987135455,1.7917424700727922,0.5443719454329543,-2.1241405583993704,-1.7316494202585864,-2.995341048548219,-5.8022126267619605,-4.355789663454863,3.316449154096894,-0.2322352511768876
-2.5730008299852614,-2.3697998470195683,-1.5787922576720903,-0.5851400870148191,1.3268660610799974,0.722165119368335,1.3845069716303697,-0.4604711569724598,2.0257129223487835,5.266247702968456,4.19833168551569,2.1356638507089,3.7892929353523885,1.1937034256180097,-0.52029933588495,0.7999705813305231,1.277110944243562,1.4819563594661551,-0.22419866524581633,0.6542690303751232,2.781141447322512,4.213837333520863,3.155617732285846,1.8559388222141149,-0.2124418878304241,1.1587161569952364,1.3042978016948974,3.3625599224917666,-4.350453538480425,-0.4127282584494231,3.2223391435657547,6.307568552948546,9.383625773681276,8.126190025310512
-3.126646493251315,-2.701953796516694,-0.7691496737678316,-1.034377399067419,0.6569190285766091,0.9799622839513218,0.3876994064374948,6.285092409139876,3.212783766120986,4.370116037006139,4.810814547671962,7.691243265579767,0.7583381995061159,6.175782423759171,1.2818356317643633,3.6948218856062605,2.5997529434475037,-0.04232648123263519,1.040820543203894,1.112817867312656,2.2025056477872718,3.345777540721513,5.200873069088874,4.253882711723278,5.364731019895374,4.685578027294946,5.5223186449325405,4.443737452529172,4.005551336570051,4.947014672633366,5.194212591030113,4.131749196417837,7.945527007434838,4.315469578753709
-3.433428977878373,-2.980149865389916,-1.8998783377712853,-1.2376246213150899,0.165910399465118,0.25387945813977686,-0.36904542365804816,0.6674765473211207,1.489160722252343,1.6324638038652226,3.744135401150553,7.07164660983368,4.067240557988383,-0.5026383105556868,1.0622359599592854,4.365627798631661,2.3078919977331815,2.047171059927679,2.839028197163473,2.4527321375405764,4.930178666879509,3.815240168672899,4.500342988354751,4.796768439136119,5.627247785400275,5.3734974517066165,4.073397352422498,5.520753959340018,5.160722637612046,5.8306936298329335,4.636581812772049,5.484127346399177,7.759732804777682,8.207969971925886
-3.6205077389570244,-3.3426111198132973,-2.3877712189292226,-1.327133837241622,0.5927531285566732,-0.784251961485178,1.5235595820466288,0.09782491159165724,2.9532823114405566,0.6231615589929231,0.9940771818544188,6.073830185632984,0.6367255901898354,1.5897241737286276,2.5338418692088767,1.0600961731525962,2.9975005510094297,1.5969248971706385,2.009049105303679,4.393258543946136,4.508967772561735,3.878114100892967,5.358009790688445,5.010851441694666,4.272532381002433,5.0854179452691195,5.8417593978262525,5.59275787773897,6.033593106513087,5.882560122127707,6.337503238016123,6.962022614569221,4.2487592733397745,8.856307894999937
-3.6851069454196326,-3.081515769810892,-2.4519800265291667,-1.133584569209988,0.6799347840912005,0.6475558394750992,-2.669542734162036,1.8470053858008502,3.8085756661238923,2.155508808925034,0.5001329550405398,2.023674289310184,7.326846492143072,3.558963513297811,4.591250035572119,-0.34397686950101825,1.7501409734164008,2.916091571170226,3.0600752978686354,4.833139080996396,4.003375129366379,4.15168958786612,2.426517907714244,4.653063433743117,5.6553187708195995,6.035491431711468,6.394562391285461,8.467905448480247,8.571296302083775,7.500426116216664,6.900661360827365,6.46474560020109,6.103206065714298,8.892103660898396
-3.9692765235894303,-3.474469831366394,-2.3715758429556426,1.0553159174543056,0.9874799754380131,0.7408637679391784,0.35805209967922924,-0.912652436938065,2.9256890193270046,1.0789803760717396,-0.6657428435254031,-1.951776789709081,4.449143714149889,3.5303714987308683,3.117656840102499,-1.3814114760208713,0.7142199515942662,3.4503114018791257,3.437276250411746,4.258544412138822,4.199247838150494,6.816119328639089,8.392250912842123,5.62983439479011,7.467652127217444,7.714467655172931,9.736391763811696,7.096943691087019,4.84561733506903,4.945762951387071,5.603847264451557,3.1976097514497104,8.644622636078577,9.559130082863165
-3.839188800076303,-3.647889090397693,-1.9411309759881865,1.7192822780824668,-1.361131509715842,0.2851638822719011,0.9283282321339348,1.5359790161694735,3.2320273935428947,2.001793234826617,1.4769904075486617,0.4836428872218714,0.6538965619061206,2.8025126132582416,3.651439622433103,4.9606489364444535,0.7315733615766662,2.965343778453038,3.8709488660393396,3.9885028974769763,8.054004436796811,8.568089198422662,6.984227648636733,7.095143701740952,6.766843657799297,6.5175132398328115,5.1468910175434015,6.638548023897178,5.045216851047253,6.774412050154496,3.790614044878226,8.342560968141019,8.277880778021741,10.236343548367696
