script/wind100m.json
{"header": {"parameterCategory": 2, "parameterNumber": 2, "lo1": 3.000054539987559, "la1": 64.9999836372058, "dx": 0.5, "dy": 0.25, "nx": 34, "ny": 52, "refTime": "2026-02-09T22:00:00.000Z"}, "data":
[rows 0 to 23 of 52, columns 0 to 33 of 34]
1.7945736094918459,-1.0885542037171048,-1.3290139277344653,-2.442978388318609,-0.550868664016635,0.10736190216716066,2.5010638972723456,2.8166179368982305,2.802517095675805,5.154066158064009,7.987950220671858,6.707416017268813,7.631173228565169,7.688953412093184,8.482453844714257,8.251835564766179,9.38085319928107,7.1796820493035876,5.025575154205981,4.908369152448873,2.692964110869116,0.9609722247794202,-3.06071200479713,1.1432536600222563,-2.3015261557761533,-2.012384459743682,-1.2867573325222068,-0.38363460892156437,0.467032231918121,0.6512987383054465,-0.3853977173797261,-2.7195167524855988,-3.2212417448887374,-1.2724295776599432
5.163589750039194,6.240590175962278,6.911207241402639,7.1581425040402,6.705213102487866,7.816469096301713,8.461228587668323,8.887688710704452,9.919473408658813,9.591650437883265,9.808453606187475,9.974894712092185,10.05776673650615,10.121305205458404,8.947890245324727,8.512913927665002,8.054284587202433,5.164999641170519,6.161105063803196,9.67108671424598,2.0877332852053954,4.28948969453759,-0.3200451738559661,2.3428716279015434,-2.4454586587152516,-2.5395289495702142,-1.3423076353842762,-1.6042464338531635,-0.00453670535053598,0.18152487359791306,0.01503021789937899,0.7009736006955836,-0.29328977089507713,-2.488947943181424
3.1433508368399607,5.196069892839663,6.533246045262823,7.24949518919796,6.9325833169214865,8.052837184967498,8.002123603584018,8.176055236816287,8.134697834160095,8.330712981732628,8.478016625664763,9.040057559553567,9.5388679621923,10.20873385574807,9.928652424797516,9.33729056010126,7.527929665752381,3.3965782144434913,2.9263831199849384,0.6053448438410515,6.526129577833423,7.327212063702093,1.1700203191082061,1.3969812059270965,-0.9656966604843209,-1.7124645630213846,-1.5581288178609318,-0.38214418234987085,-0.4660166999677086,0.180374156529861,-0.7301368698502874,-0.22216667529113165,0.5575108225360278,-0.33475399386132
2.5265838050680296,3.8292826551010397,4.836162147515687,5.215822528561363,5.980202149737269,6.339492560077032,6.91800591576673,7.212814873423555,7.067591881824609,7.44769229247319,7.941193747909216,7.992681081187462,8.358755569347272,8.451598807509612,8.36745993980508,9.539849940605837,5.498665820058824,5.644904093480151,7.18763022796974,2.6150239870461673,4.530613903969492,7.418419775870122,5.075402631022203,4.296652619502923,-0.5903422451324837,-2.234798381646768,-1.1772927233697708,-1.209984664909557,-0.4572493449391064,0.1032478020635624,-0.18247079175452666,-0.22044970830489938,-0.009059252891950354,0.2590382475511094
1.636710002508762,2.6350547962457433,4.074085958729693,4.092193876290472,4.609506941510597,5.32175079854964,5.534594697859374,6.021271645349067,6.231313104094372,6.04647837908673,5.980326047830362,6.682091344609546,7.635791040305274,7.578188287903239,5.9362006443575135,6.339160614440887,8.668352527907127,3.0654904140391537,3.1992354779953103,11.632662050351367,6.546061942678259,11.468410783379882,0.02677487314410952,1.6250908471406356,2.73718084403078,0.058289657154317505,-0.7784056154768769,-0.8883776469901755,-0.5077337950470232,-0.18334667659175335,-0.03182744437305782,-0.7261733069200789,-0.7053910002545409,-0.43810178382188225
1.78621136199034,2.172557412716341,3.1523722775787983,3.1765497354983436,3.7209993003472484,3.9773026436198253,4.143601028201159,4.13272502298002,4.3027152964371185,4.777983864880357,5.689914976109226,6.309098323720241,6.207527233224104,6.476366531894272,4.023131348901053,7.680878010307366,4.708224424170808,1.7907534375503955,8.052887589780783,1.784666830599994,1.9756124040892602,6.953351438183845,7.541365409418459,1.9006060671691782,0.26414091513260407,0.26378780315100286,-1.0896240976443774,-0.7529584948827427,-1.3258268760915246,-0.9035779671849806,-0.4372301278973162,0.5861119470197931,0.4954152495551505,-0.6551848141550886
1.1228181143980256,1.6802678904978368,2.209347885727765,2.280110936227423,2.568208805595776,2.8772755667407677,2.517805357569342,2.373241073821493,2.1382246251502974,3.292092166525061,3.6366823323631943,4.969668474000447,2.9526963733412948,4.2366270691227434,0.022965501353458068,4.423818073566121,1.399183308405577,3.611120143662895,5.930843114332217,5.606803449208167,6.107756480810072,4.5802953325253215,3.78657472232795,3.071240243111332,3.7785259436624608,0.5869012781584293,1.3706550224779683,-0.6605091971976503,-1.169389042587116,-1.0788873812443471,-0.6425788186770606,-0.9987726148266113,-0.6778791449449445,-0.17978924325593032
0.23940636770793014,0.8009400865523877,1.024622913387293,1.432972371409598,1.6743398449847788,1.8086810194882166,1.58027451328438,0.7334247396268169,1.4121690181099849,0.821237964982041,1.9331504370931414,-0.5561804075131541,0.6140480641975569,2.8004062657989692,-0.07142299924208761,2.882010433061552,-0.8680420594827042,2.739753941692606,5.044933898546892,3.022935381261473,7.96380614617507,7.0259213060593995,3.0377705434698643,1.8484377162941044,0.5303345390665741,0.6506191983514178,0.41320314484628223,0.7801678398064262,-0.9776019232582883,-0.9993061804520866,0.7814838824645909,0.8507114922835621,1.4474230871578664,1.183690966555982
-0.48311670004106055,-0.30051426704297646,0.30175849063004995,0.6564858443193737,0.9514020150905335,0.9389292850923863,0.46009276049220227,0.30069704384911955,-0.031836408926485815,0.2947493767756001,-1.4591349093993993,-3.591298424245155,-0.6868971952785075,-0.04488685954631322,1.6910718374630984,-0.3946049511498096,0.574174724098405,2.378515989445747,0.6436471011057115,2.670827934458235,4.600440089895998,3.03978856088285,-0.6843794572848642,0.47101244346831694,1.2024638939351668,0.4677025800092025,0.3762906237798495,0.12960221960637866,0.15709220168883367,-0.19581542705724636,0.018397210191469903,-0.09154675640427373,-0.6661174145140795,-0.400002258023149
-1.167613670232849,-1.0009007405650354,-0.7762079900305023,0.13517870844607818,0.2271056918122681,0.4600333673498439,-0.34611205116905125,-0.6527775598044888,-3.29371937000857,-3.0192694166594016,-1.748315326305036,0.41794023656415297,0.2317307874121055,1.9721923019471246,-0.44790951486789904,0.42795199087940744,1.950625053912723,1.4490246585852098,2.74064071196123,2.9558164105810425,4.5019472406927035,3.754102670699537,4.894903160937702,1.529860897862485,0.773000909560098,0.1460616666140415,-0.26198517224221424,-0.09140909953701944,-0.3858492426489823,-0.44246055319048944,-0.08356746180095458,-1.3753056426846006,-1.400876794222053,-1.4737556893557604
-2.3651587838717862,-1.3830321491318636,-0.8107541159307751,-0.3474535059751993,-0.5166121963965289,-1.5618967928410936,-0.7789731038639369,-1.0177395321066924,-2.6861706689285487,0.35973028915693245,-0.6649369431344383,-0.8572710948994087,0.7135550133439928,1.6597306729237629,0.6363487256218286,0.6504617127573625,0.36360221551580385,1.7403269264904448,1.0135918314147148,1.8059563685093762,1.2030287315351647,3.5096424760583718,2.236854785911886,0.9245494356846624,0.5189058475538956,0.49004760450527246,0.8219327101206474,-0.7619423765925387,-0.9256158956692393,-2.5784853144328443,-2.0515108051803495,-1.9161588188352114,-2.066005493306817,-2.2171181684666474
-2.4963127856498106,-2.091959753340021,-1.0829952654236967,-0.737269966670103,-1.4652125095302204,-1.1842257325494225,-3.409661787930983,1.097364001361557,-0.12959518808781362,0.7289560661036318,0.2371537441944975,-0.8675021416957136,-0.24675142499309843,0.582344357399641,0.23640636160625628,1.5731261187575567,0.2984193207864135,-1.2117483169961496,-0.05529671556012535,3.4649648555722705,2.2347331787483555,0.11910828312182509,0.9349249704334364,0.6285413153537189,0.3857692530250172,0.4944576540239851,-1.1063158963332638,-1.3493455664647616,-1.449021060174143,-1.5875149486741071,-2.5654145293200137,-2.731128137553367,-2.697588708736397,-2.564188638581485
-2.7095226230457774,-1.4717307146888523,-1.506383920800473,-0.3199072397680997,-0.8251719341246363,0.1909473645830314,0.29998109999537936,-0.8872737310842346,-0.593176690899131,-3.1892193850999684,-3.0504558550291327,-1.2271890706596311,-0.5584292802776561,-0.8659591812416092,0.07191670101445612,0.8023433902199293,0.713103637621331,0.7203668529351825,-0.49941378938827746,0.2858053895162168,1.118074104770678,1.8994733427411516,1.6373179092717394,3.9411881159410695,1.4363527494246189,0.8235812858227005,-0.4440808876343139,-2.717876990470385,-1.9458287939530903,-0.7277074444898893,-2.5402819941067363,-2.4637017642818146,-3.021805091964121,-2.6763411376816606
-3.698095915921803,-2.123916208026935,-0.7519230362419452,-0.3250391949724218,-0.6624546572526766,-1.3155540899567073,0.27089617484279666,-0.46622087841792637,-0.24112645045792044,-3.3816441273213504,-1.9468531667462934,-1.8514367335968582,0.5038872407591015,-0.14377447097114565,-0.09303926378769989,1.8634248428441298,-0.4361060930601467,0.36304572901775595,-1.295164822171264,1.491759017349312,5.000323910870125,-0.12471681484216084,0.6504516732349996,1.0659699827490776,4.07864597864769,0.4713354922905394,0.23659515639772113,-1.0109789179795032,-1.218663220278716,-1.640778480216701,-2.063828663424827,-2.23223306365916,-2.1688673331661033,-2.3534678796348456
-3.2207557204124715,-2.2919610234505825,-1.1558954577997356,-0.6586867693061568,-0.7369875889115868,0.8213713957388206,-0.4457290831320186,-1.3945923250166257,-0.45843518506711894,-0.5937621885688474,-2.1436144434222335,-1.2470633573016117,0.09154911692561946,0.3315712815733257,1.1246825810353018,-3.0493165024088995,1.486325963579901,-1.0436970240616126,-0.7939767865738321,0.28290221161833917,1.6704984191165697,1.5022190190044367,0.2791579108330878,1.8762716356663645,2.3064209171087695,1.394260256040116,-0.3528352930550773,-0.9384361013239826,-0.07246460266604132,-1.5847836037044212,-1.5112703164177714,-2.0844984158202746,-2.4666171965544854,-1.9282104317197617
-2.4182476256343097,-1.2486819670833693,0.03443003474383225,-1.5688567835192506,-0.8395126032992052,-0.45798627856640434,-1.7044746598933465,0.2184625048101046,-0.8622924980832073,-3.53073922085234,-4.378411256725799,-2.992700458232327,-0.3368998621802597,-1.5261388808310448,2.874954394942795,-2.6259770554728674,-0.00034934661940960965,0.6035393908093873,0.06574373386862531,0.11412027894394589,0.10218585526207492,0.5601737975623297,2.7749660276747194,1.3691371190305377,0.5361447719475775,1.5487065501305755,2.202200492234243,4.437724187106292,2.2762349338034302,1.3601379630342765,-0.6144621447866576,0.3836902171499035,1.1660889665692937,1.3354968950870305
-3.121275737321306,-2.644639589931512,-0.715375873513485,1.1475740359423263,-0.8935359580819133,-0.2423364612529817,-3.4853134686209604,-2.348401594821586,-0.40420608998349206,-2.8566911192918134,-3.9771673338171305,-3.036886801133611,0.8147622079609596,1.315961814416581,1.3819902754691977,-1.2118536927504817,1.789458869856015,-0.026715089226050058,0.5941157303166198,-1.2446544433052775,0.7351882402806421,1.6638638984819232,-0.3541020186622641,0.7153991244617623,0.8333476932220343,2.1369846059871165,1.748940834645789,1.327009485128732,1.6184612992815601,1.742413707252843,2.2322378436212373,2.5678176858569466,2.896581558114223,3.093884869715798
-4.137967054493424,-3.2456886698877527,-2.102715863626962,-0.7382886455595052,-2.5157435516992193,-0.704858820376948,-3.4291648232013965,-0.12385058495121845,-4.47604145934585,-3.4502597041619207,1.2081666447318617,-1.0914925981445394,0.21778246367114168,0.8084890922366517,1.040324805009323,1.1852473321756236,0.6802110788364,2.696603570645295,2.058391930880768,2.3754799852362787,1.4895764768409676,2.3200340065703116,2.164809935845385,-0.07019281145056606,0.7866037586598917,1.6362165207422836,4.3538005152664825,1.8515326873932285,2.2728166301782253,2.419933684138904,2.687239079720295,3.196245202861687,3.427330705991535,3.673655770674873
-5.301189809447776,-4.333565586090929,-2.6366724169912805,-1.3965754410651408,0.41521130891555447,0.22469481635684577,-1.9027531071020731,-1.6232931141236742,-6.334143459962691,-4.6070838900490685,-0.8313022955934505,0.7456342406857716,0.5602362386204957,-0.4828825450469478,0.47038373378513315,1.2043746272999218,1.2620711603827288,0.7956107533498293,-0.10403699228406173,1.7634699074499929,3.495105505045012,4.43082623689915,3.6933291390150824,5.0704466020820265,4.352072138969097,5.655941825570296,3.994893900740035,4.22114029988132,3.5998383631172612,3.3598090175054907,3.8384019048635025,4.103850664513306,4.151534032781401,3.9863343926615316
-6.050764855949727,-4.780693924238891,-3.602086624878637,-1.4207852860996053,0.7455338673090052,1.1630000093272364,0.35296832803676614,-2.2832471113172836,-7.491423442984778,-5.291567417921944,-3.361666969853677,-1.4849183801348216,1.8905003201060264,-1.2060903598975927,2.004030383506769,2.001084120565173,0.934448096554974,0.6242723249268304,0.8667688663523114,2.252930506596702,2.7086405523869272,2.844740880105061,7.1219460881520655,4.866079953606567,2.4168751233851107,5.0280882119967485,4.685166183938731,4.745146345480919,5.369375642358988,6.024464347476414,5.775418240195447,4.890432972724473,5.7152172422566725,4.744516819822174
-6.124099422776561,-5.31710631895176,-4.077049524372116,-2.957962844059485,-0.7518150141290842,-0.43784234017319223,0.26746570472868064,-0.19712379176911451,-6.21136806355413,-1.9137313146931179,-1.7476151455358984,-0.24525489256860536,-0.9445863539584811,0.3295425066643012,0.040147837685267716,0.374411496353359,1.3925429283608501,1.7883723649533407,4.005378806500547,3.291679344681584,5.637927678375444,1.2448264839935335,6.5526035883878455,6.120566947573885,5.045539755770537,7.446344417021483,5.4893538305194784,5.4727252270048306,5.49618733125805,5.74176747302738,5.3775187999312655,4.973144898714707,5.413880938983629,6.143566891668773
-7.275645120981278,-6.108254220299412,-4.712340284193585,-3.608369420589208,-2.786867147615493,0.06269470552229041,2.337490356905199,-2.030398413846927,-7.466510255786221,0.42352727541196694,-0.020209907851290544,-0.06934916815995837,-0.0936626444846173,1.0022237032356691,3.292213509890036,0.0493171062444363,2.2625760635420615,1.690633591300343,3.4902640083575376,1.5153821395809144,4.054996729754264,3.226964145916103,5.556752200772865,5.210942880628662,6.270124316089532,6.210252530665021,5.618888059409137,5.5910853860293726,6.219350221514447,7.2453496759627685,6.053250461516423,5.987595293236599,5.768339752048077,6.135645370960487
-8.412367186425511,-7.199488637513096,-6.2658093203206375,-4.918461850299262,-3.1462340213066806,-4.788162581463393,-3.057264921594002,-3.8629963712500275,-5.195668740270219,-6.561256192293209,0.1375997452509565,-0.4788656670063722,0.5824894637408412,2.707170893409494,1.6307964421917418,-0.13156432538226623,1.494367530910502,1.6162876096697911,1.058482890221865,1.7095139349136732,1.53672317031538,3.12965526611911,4.457202534077533,6.034222685999316,7.106441356684127,5.948780104929176,6.706203273424159,6.455388999001981,6.723723398537339,5.412397781772709,5.694352238904879,5.144882363473752,5.915638832713947,6.418030444348461
-9.407585564733616,-8.62829085085896,-7.518080202275324,-6.384010575257887,-5.112373535801804,-4.188565945555243,-3.6564718513354375,-6.239160001551937,-7.7210901114143375,-0.6224606408802159,0.198601840301104,-0.18894096727748666,0.8460521466439659,1.0151002226626487,1.4466231644552732,-0.4924988564986855,-0.6732616607893732,1.6352377001458678,1.9971007488692054,2.6081708796450735,3.099279547735815,2.618771694318939,2.584630389368292,3.8542891687436986,4.289079626083249,4.592674148903372,4.630937311217841,5.770109762428393,6.16193895571938,6.417078071889845,5.69582538347467,5.505072957323084,6.730640249686958,6.589653776348401
