script/wind100m.json
{"header": {"parameterCategory": 2, "parameterNumber": 2, "lo1": 3.000054539987559, "la1": 64.9999836372058, "dx": 0.5, "dy": 0.25, "nx": 34, "ny": 52, "refTime": "2026-01-30T22:00:00.000Z"}, "data":
[rows 0 to 23 of 52, columns 0 to 33 of 34]
4.342172646494438,4.510502166474947,4.662213239794824,4.829986591647279,4.518238635158327,4.439490546097552,1.2274289425628624,-4.577161109878887,-4.245473602982499,-2.9989449965720154,-2.4661454306408945,-3.08084933917911,-3.237958419836004,-3.0023233843189474,-4.653534267540216,-5.5305669818257295,-5.385945901935447,-8.203332952614751,-9.292489385912758,-13.093206239160569,-6.087518598914421,-2.165347718355438,-9.046569874756113,-4.4558989069773585,-4.3928348989668144,-0.43252167068729686,-3.0629435135419087,-2.0139464888297702,-1.6358487123238528,-6.406814085704798,-5.185016929333428,-4.287594129014674,-2.718908619375611,-1.4032172818827164
3.1483454518410343,3.515827726717089,3.859331729419297,4.435593423486996,4.817790994647343,5.167565696951454,5.631043085309035,0.9973051657461096,-4.0583287215001995,-2.2301738644262383,-2.0712615870051274,-2.9424272780790526,-3.541987759898061,-2.678262845772194,-3.6320669755674486,-5.277738458651278,-8.006824392494275,-7.361572445551833,-11.81996565602299,-9.787444501428759,-14.609030268009692,-7.171010258816891,-3.275518647083307,-7.082510684689235,-3.0497578785747512,-2.5325098111995086,-3.154078910144034,-4.316093140734074,-3.519254273008366,-1.7350321890152443,-4.016172006380062,-4.128363899922422,-2.5128601547216096,-3.1761002418593853
2.5960054891288533,2.5964316199074395,2.8690560977864634,3.3058856241426273,4.205056628775754,4.7877954179960245,4.94248680884416,4.357347179499358,-1.8142996037619072,-2.1685993777379906,-2.13339093346187,-3.3787549101513163,-3.4755564201010367,-2.7214910701778643,-2.7842431985715073,-5.653266936415273,-8.373181321048927,-10.154777377673128,-7.229574200589972,-6.5475779405885115,-9.841572942341354,-4.468224829835501,-6.633612753852002,-6.279197436856117,-3.1115888279536024,-2.865207303057907,-2.7771895129142066,-2.8416981492190234,-4.324036312510451,-3.514461168651402,-2.1029069553326742,-3.1680091719543615,-3.012167208768483,-3.902333427111526
1.6538104381585543,1.3903544553983478,1.518650353919199,1.6584165526966352,3.282550490549354,4.378202211201311,4.378126377256651,3.772080097966842,-0.5618740384370854,-1.335671208215063,-1.7583050371843099,-3.0683843930657395,-3.6144825342171845,-4.165368488184059,-5.1088566792186,-7.549877470647284,-7.668892684383832,-6.802751869494473,-8.865105314525337,-5.893624575648749,-10.96542879658605,-7.769820692312225,-6.327547897978219,-2.038384683934021,-3.4809776381621007,-4.3897748407644075,-2.0380829749292393,-2.826118347404051,-5.24505804742274,-4.847611651957876,-3.328704666760254,-2.621978496200419,-3.584660782835157,-5.32675085771481
0.1847082799718941,0.4221991635268103,1.4090000173092325,2.2719103205798516,2.928857513107575,3.155023920725324,3.023314193839801,2.2251291598743084,-0.5864735525165744,-1.0967502633115094,-2.43687520751334,-1.1727085853797654,-5.519387753137462,-6.130060998564627,-8.616936265035868,-10.8117562807145,-6.507181497589476,-5.101638589032866,-6.427521849955653,-7.993953374214577,-9.863852446721248,-5.866619813749468,-4.650034361970995,-2.982823407336719,-1.8318222464446932,-3.659812898851905,-4.196367994363724,-3.321564639689748,-3.4287845279397917,-4.246529916926048,-4.5326316557086,-5.440094154374072,-3.4536469479408143,-5.223359735881791
-1.310388094178,0.6710891530159026,1.7520123623651482,2.3080096735842277,2.495653097110339,1.8531268623761608,1.735435389064475,-0.2147385917414017,-1.1407951545802726,-1.7358908688260202,-1.3760109146415482,-2.3086743544259214,-5.419637830840519,-9.969168486624769,-5.089475019960517,-4.245395117099201,-1.9166804390642698,-4.680363303245387,-9.671503444206992,-12.630831077091461,-7.400088496158659,-7.636505167926126,-2.272417944089203,-2.9845642701723127,-3.8704373615733605,-3.7146241176801627,-3.9034301959704014,-4.583868301831206,-4.302318663474545,-5.611453388830306,-5.385342102396335,-5.329194612680532,-4.532177299399249,-5.339902751676075
0.30801354087084953,0.011000186596335646,0.6173953828684455,0.3092638496633184,-0.16002695804880837,0.9464036188400476,0.5306795520520928,-1.6952725371405655,-2.2655804832620716,-1.8677818781386974,-2.777186129596752,-3.6377082337454865,-4.031881950164872,-7.602716017848442,-6.491980921758223,-4.412343248288804,-3.86697998909767,-8.290591809642445,-5.522720286897517,-7.288476004084488,-5.649262172945235,-4.08542406225648,-5.30335727722419,-4.304713942648697,-1.3149706537506496,-2.5036764695390556,-1.4329632966771657,-3.770947790164578,-3.4498955720970956,-5.071376326851084,-5.983567224067572,-5.535195830998675,-5.360618130009651,-5.896725963505621
-1.1085225808734058,-0.9017861943736606,-2.0830530317084985,-2.18905034178552,-1.602957519610621,-0.800702696973094,-1.5088200080661143,-2.420916038343359,-2.6854238016893377,-4.73687515355151,0.2687812609511678,-1.786918254458339,-0.7586047931924228,-2.4914657544890617,-4.300233081058666,-2.442187666141885,-1.985820668120078,-4.13502132872333,1.1939221619568274,-1.1023293787553836,-3.4035240738191117,-2.216530604751086,-4.85252571203293,-4.546551776022652,-3.1183286163736152,-3.445044677976482,-3.5541568661507967,-1.9708314333535122,-5.313522092273988,-5.057567223946702,-4.516614782876654,-3.5757165655380163,-4.392329141397386,-7.5119224021336155
-2.5381295916674946,-3.0740877820424783,-3.3442088976339055,-2.806092695148602,-2.638357440168056,-2.154763024181879,-2.9942503655914594,-3.192822370205048,-1.4496676314725268,0.5332583372031141,-5.268887284330493,-3.8798271981457018,-4.319670484571842,-5.082234646290255,-3.7092876262235444,-4.489350020767805,-8.396618510900948,5.005580093429197,-8.58394238838094,-5.990974814013686,-0.00037787242232686696,0.4051607283466845,0.6027277972054641,-4.297563372373865,-3.191339674053933,-2.499421643578093,-1.8486464153677056,-1.4516016693356588,-3.4877099227053883,-3.7273787001373813,-4.6486437891307,-3.8335876564805482,-5.39344651494993,-6.513436099938864
-2.694534242060885,-2.2708169823602673,-2.7288352337266764,-1.9041738748694572,-2.666377133922182,-3.167716402838987,-2.5429016909647415,-1.3533886904682773,-5.388535573743932,-1.1836052247725914,-2.2698755701304973,-0.2606024118833043,-2.6932075247308855,1.8433940552512547,-5.731446260807086,-1.4168053688600384,0.11286524186818551,-5.1558080393725065,-4.719018577597138,-1.7952790547570865,-0.41203997403946097,-0.6546119720788086,-1.2976213847225397,-2.1904048613670195,-2.215027366500412,-2.0571861849394435,-1.5794581002571073,-3.1618740815562782,-4.37812579038807,-3.7059022268291124,-3.0274369400109165,-4.282109554803547,-5.518380871459396,-5.2184333103738325
-2.7637871867428134,-2.1352794036813596,-1.7537257283736871,-0.32469902072630946,-0.7943278798767315,-0.910229233706983,0.36248085195621044,-1.4553791732074732,0.9256788589475479,0.4414840401453108,-0.6338572890397669,-7.25035259672701,0.23918169932514705,9.619051090698441,3.308043339711078,-4.3891252216047585,2.0749710791729035,-3.287350917085973,-3.678241012800591,-1.0359152553350746,-0.6153454927175459,-2.7744498914971345,-0.10505417549202414,-3.513057771727401,-2.48921219437344,-1.3114516948563724,-1.7578703974811083,-3.1275499386384302,-4.493651356131068,-3.050109715847158,-2.9919345779079998,-4.598175563344562,-4.809733819849991,-5.147281411608393
-1.389536753537247,-1.7628324622081624,-1.8281178589799805,-2.182058909755256,-0.03595842520563914,-0.23106200366336105,-0.43546672259531605,-2.491977275429766,0.8419851061186316,-8.422030684604744,-7.589661957120481,-5.536151630294729,-6.8365569849499455,3.2066183873699012,-0.5996302599405768,-1.3562352698220776,-2.4189789620574924,-1.2719471420664519,-1.442765560427037,-1.7053353316596724,-0.14417259806801475,-1.4578820655516986,-3.770385145139127,-1.0997983678684013,-2.340843941384555,-3.371156213409319,-2.714192116574813,-0.7854816837442391,-1.6500701787027947,-2.7372034614956218,-2.8034161096896306,-4.011099513250619,-5.0049558476778975,-4.210840161834929
-0.43208173352865,-0.8926541673255405,-1.690931059817628,-2.2397172032560313,0.17229399453057284,0.4122868710930407,1.7426939014182135,-2.945057365037779,-7.608548373346246,-8.92828053215862,-10.14788935104845,-8.670308617180362,-1.5064205854341928,-0.0023859582525154258,-2.9169174655199326,0.40896857579280316,-2.162977966954646,-1.4787907659008364,-4.821540548746949,-3.52386975220717,-1.097552290399686,-1.5691056679380684,-2.4106696705449053,-3.324056652104291,-2.2016464202889736,-4.5430795964710455,-3.345899082947446,-0.9459203446257728,-1.0748043818147823,-2.4307646224871444,-2.6729867631198103,-3.3477272279011836,-4.3378024575174585,-4.5195103537045
-2.0264761141321506,-0.6128295495558872,-1.0637211228726255,-3.0741140198582224,-3.181782965715556,-4.049858702630305,-2.4719750042164037,1.1810807735922624,-14.09793775788759,-3.371768603715434,-2.9094751922291593,4.401979423970058,-3.617439081579589,-3.6683085407431464,-0.13691750099956704,-1.556573487551619,-1.7729710445210134,-1.8494660686219802,-2.121581757014882,-3.7902150733208777,-1.3047958171507739,-1.510205992468011,-1.5074300528421998,-1.8122331381794377,-3.229074376580976,-3.3303512305935157,-3.069726956881417,-1.883300845705068,-0.12214330526749885,-2.3024933200351247,-3.189475919636872,-3.52182941086805,-3.9136282052188496,-4.789138282050376
-2.5159396193716113,-1.4641708173173378,-1.9324159466994595,-2.6090145484979,-4.742968798806582,-8.715801373520623,1.750496173826105,-9.552096856834833,-6.391915745998022,-2.914386197442356,-1.1547234006476108,1.8251302053737835,0.20692180401648766,-1.04610054683404,-3.0645707305785725,-2.255977658166993,-0.19529354577145036,-3.6760870958457774,-3.147993812010069,-2.9311813778209994,-2.299216247586624,-3.6098512071042688,-2.8359121668014264,-2.480026440581541,-2.7024366095869436,-5.780781627905249,-4.423035200680533,-3.553396274051343,-0.2950573033912378,-2.597719537730395,-3.9445813654657984,-3.924041694743363,-4.126219523049963,-4.4664194857013655
-3.0114155245341006,-1.631520601634794,-2.636667825611597,-3.2431291138643217,-5.906715892013272,-6.486242917073461,-10.218566512652636,2.220279722315849,-4.467752203259562,-8.386201872788398,-11.113261996650332,-7.744474957570355,-3.197301703660178,-3.4472710672959326,-2.5086673358653817,-3.4246571110291755,-3.450641145944447,-6.115634038576953,-5.007219005649079,-4.761390123677522,-2.929042341443358,-4.591464456627208,-2.5756718649074295,-3.4633229473763376,-3.1743584081956184,-4.382863163571896,-4.128986957147527,-3.7442845357702286,-2.4578236770191317,-3.100013002778154,-4.688524650544257,-4.542391633936232,-4.363471754464159,-4.66074262806393
-4.556590260041791,-2.7320054356207653,-2.8738176210917032,-4.438343951648587,-6.904080393599653,-5.929969715627306,-11.014962605984621,-9.540294940947012,1.2854209752757535,-11.104004627194083,-11.173482067448772,-5.394454589332079,-0.2062929888674344,-0.5555890525823646,-0.5533828813706428,-1.5899778283419232,-5.165444449159465,-2.3604336743248044,-5.403616350110707,-3.0388865923389723,-4.530858959633667,-4.894160998463708,-5.542349802169432,-2.997589777489845,-5.960486234991033,-5.108034836683165,-5.037984246517377,-5.759952087286347,-4.260963297829231,-4.32255912856045,-5.558016892602615,-5.88248624133039,-5.54651953971537,-5.236696479132114
-8.045356908426527,-4.335516933879575,-4.698464224561884,-5.635124673948826,-5.07538410318925,-5.4376338900340615,-9.957241927794286,-1.6597907794752194,-12.945587911207923,-8.033297243935879,-5.416840977680785,-7.273890024842951,-4.172821874193345,-4.266475958051641,-4.899570791257579,-4.689280954658858,-7.4166096535251835,-2.775420282959473,-6.545259992787116,-5.985265638877198,-6.748549826144779,-4.20905504313944,-5.3402470547815355,-6.139849304805659,-6.105192907394352,-6.354395289540065,-6.541530154839572,-5.978131388874334,-6.43432264070675,-5.577536866280041,-6.695317563681657,-7.502657177895123,-7.240150028046642,-6.514834463723256
-10.702716547910383,-7.193735078930096,-5.5265894964804065,-5.580374468689506,-6.4086977605861755,-4.917784735942017,-10.121807081123569,-9.629213183487149,-16.832191897293082,-11.01463094708972,-9.381591118845293,-6.694189723637824,-4.451545031198528,-4.843202547398035,0.032135225429692736,-4.384815952896854,-5.087347502015438,-6.172511881405684,-2.2866263862102634,-5.031563160259654,-6.084654858833283,-7.039486288745637,-6.868438728203903,-7.990121082193558,-5.639729225792708,-5.305406069157118,-7.943794675236248,-4.864103308026832,-7.752900679335352,-7.5448787666275505,-5.2531494496227715,-8.52841145032755,-8.78144243611619,-7.641375596469715
-13.686321944839168,-10.770606588003586,-7.2502547841791465,-4.807005965860346,-1.4909570299664463,-2.6356978499409878,-3.475883169802887,-6.168459696198642,-13.960673202629305,-9.513507229815417,-9.64891049901107,-8.249010951419736,-2.879621175837086,-6.4552654468643205,-5.358251941008584,-6.871531553894636,-4.553721251155043,-5.697517862636434,-4.6688806468567625,-4.697578436116196,-5.391522419969374,-7.5018902115917365,-7.399489505169196,-5.444732073380295,-5.61750396826953,-6.460126156123298,-5.8228538288323355,-7.830916328084624,-7.81234864722918,-7.97682997445561,-8.064962668687889,-4.608691213596456,-9.618356221354416,-7.58599747825275
-15.132151688492309,-15.087880247455189,-11.695964229632594,-7.741074776685162,-2.4303005690596535,-4.848697453625767,-1.1267443419390828,-1.275091918167417,-13.146052618966195,-7.909927303164661,-11.540655687140296,-8.688065616512139,-5.170820870483403,-2.3995650436129496,-2.2072026607717294,-5.290592365939657,-4.793835528545088,-5.171392862003239,-5.412650858340287,-6.51229482762993,-6.258876623356028,-5.885076578989842,-7.718630209842727,-6.2606135540853485,-5.7681609447503845,-6.675520436691214,-6.094562685529227,-7.715462632551354,-8.198112348703873,-7.399696401595836,-7.181273650010584,-7.247190252409536,-6.40901313374258,-5.948634340427795
-16.152451271488168,-15.383478612666886,-15.515549737091233,-13.739065330402289,-7.030529222956896,-6.133584517104241,-15.987619383838311,-16.738496667634767,-11.858046928392046,-7.814696919333812,-5.278555817265949,-8.068578708353947,-0.4843377916261708,-3.47551366198094,-4.820751820296949,-4.111890121553861,-6.21695038409758,-6.237663920115512,-7.004548492091935,-7.2526994906341065,-6.703565939417948,-6.938357862748347,-6.572475544059134,-5.9258293884394515,-7.027896548292236,-6.786668158620617,-7.093197761508851,-7.740313843488279,-8.94479902503877,-8.263201811442936,-7.053575123261454,-5.164447769569032,-5.0140232505694735,-6.129657532684091
-17.620660895640007,-16.879694095869077,-15.20577105720882,-14.174049884668477,-12.278382602385816,-9.826607504419204,-16.508875099061576,-15.432094165647733,-14.582709364998557,-22.76649308169364,-3.682871950558954,-10.836913695723457,-5.3699366665696635,-4.286209651124563,-4.718886333426445,-7.1206835776794355,-6.434710270526909,-6.887684774169499,-7.305075172834039,-7.8203951682113,-7.5697923487629755,-7.095545700148131,-6.9179719646776014,-7.427688719146594,-6.575396357040703,-7.746448177575655,-8.469568519931833,-8.741920784828013,-7.757808460000175,-8.865292432176513,-7.4965642050881245,-5.423930537100052,-6.94938088595622,-6.647805287433011
-18.435039302846036,-17.956207928375417,-17.27638137429724,-16.971213427021627,-12.794766909970367,-11.044127929144505,-9.143696218718164,-27.869653988730114,-23.30648719266232,-13.4293438498075,-4.175809268249232,-2.1807848323755095,-3.6926180746936175,-6.578381390829376,-6.932241201198359,-8.170597499540197,-6.555450455759464,-6.478152978655146,-6.592354172478106,-8.025548045323314,-6.789362798635078,-8.7943870169629,-7.179039577828324,-6.997487045997196,-6.753613848132761,-7.201944402444856,-7.608120635150428,-7.74472563680465,-7.620862498220622,-6.967854635999573,-6.77371330940993,-6.329143036367866,-7.801442714057181,-7.519207482218099
