script/wind10m.json
{"header": {"parameterCategory": 2, "parameterNumber": 2, "lo1": 3.000054539987559, "la1": 64.9999836372058, "dx": 0.5, "dy": 0.25, "nx": 34, "ny": 52, "refTime": "2025-02-06T19:00:00.000Z"}, "data":
[rows 0 to 23 of 52, columns 0 to 33 of 34]
11.808403935768395,12.320942314713504,12.08379363755606,12.589931003210795,12.933261348624033,12.665772253856604,12.35113887904221,12.43043824710971,12.774030079940358,12.42643683647805,12.198535627090754,11.33082883277332,11.765454615782872,12.217845609558971,11.075070142780968,9.843010956550389,8.526714090379217,9.201394278409346,4.6728943135351715,6.905031022629987,9.20035813205741,3.1384944223649547,7.414104517321922,6.1331638667820165,7.379218667862093,1.5713923911609375,1.0266618387153008,3.076325678161743,3.696166713440218,4.064599144650473,2.538663433128134,2.2610570736995723,1.5120367317954686,3.4113992069661623
11.981338765913083,12.022138719153718,12.112290635452963,11.890382610311423,12.257735989664823,11.941752220304469,11.771655719169825,12.396817990086,12.923957570755505,12.58738530949848,11.721796370439897,12.15448690244343,11.170503384631052,10.214871343848461,10.761248744311377,9.999879965372719,10.890538617422575,7.709195383644665,6.374670484077064,11.422884963382014,4.368827339486306,4.592571847662827,2.1800719360767586,8.839316712429707,4.3004148211782125,1.9342549165323224,3.3501894344035597,1.383179684446718,0.5706695514680169,5.140159517069111,2.90598679446784,2.544345060670936,-0.14451842605993054,2.5528945746988043
11.942990334955924,11.791898708605844,11.193711461333995,11.257504264517351,11.50487042310928,12.021612934349822,12.084931092771498,11.965692352072116,12.329508619340587,11.670655805184978,11.128401543269586,11.764538770061733,12.593185859757217,11.952877468572604,10.07281163715244,11.068489277594816,7.95088672912155,3.882180184958254,3.7792192109554055,3.441766695032397,9.793963551188241,4.875069649749071,4.764210620184173,7.964137836483272,4.313655160784368,-0.3210831694169861,0.6484432240667182,1.5456972094758643,2.062256921059343,2.876058870377172,3.3242911368040176,2.8002643303667383,2.385259974147359,1.811677293876268
11.51217839027932,10.854476155469651,10.942730003615994,11.225781896560694,11.239942059577825,11.635029475928597,11.861131408369372,11.278945219407225,12.657630357696519,12.386769530309437,11.445746864893595,12.274537533913286,12.302090041014454,10.057586443306835,8.760925833584754,10.957199066292414,5.573651060923904,4.876314040204766,6.66474624719362,1.7498200006584201,8.014804060221111,8.27095608044322,10.736399569799069,6.690072919273911,3.232719429493911,-1.2341296047610582,3.5613522623237426,0.7561545600364927,1.0100674773564797,1.7278909964256501,2.0338572884323884,3.562949462672281,2.125960821738595,1.6477502517244276
10.953041029148872,10.14394377475634,10.307310703883273,10.257974735692182,10.9186169217735,11.19474418170827,11.56195645522174,11.508553522184235,11.528480282757702,12.504923508009572,13.202754455578255,13.142445872530967,11.222081742737158,7.642578092250904,3.082749490586148,5.4106139146662295,5.353281068759116,0.9027174216176446,3.29279222204898,10.939220278457256,8.24312950241832,15.518563138373771,2.8752077340946585,6.157700961601288,0.13443108516133517,1.441287570790075,2.4104906165337328,-1.3556078110143022,1.3131517090444376,2.23522752254619,0.9559763335191357,2.111793114274523,2.798036285845614,2.9322632344110384
10.05049761655392,9.599808418400835,9.184081153828037,9.542523620647803,10.328795375134606,10.954882066429297,10.813437725825047,11.244775938068717,12.421458564818739,11.963964080209713,10.410798791700175,7.573457671651232,4.562077186381793,-0.22091861434135213,-0.2126261943970358,0.13725479508644614,-0.6215187134716702,0.13819659315594557,4.693796320355764,-0.27319665790229924,0.7374025288470214,3.1842237215022458,5.46978902687128,2.1800866861763923,1.794312850459572,0.7023525624857511,1.5897992916012873,2.2478439110430446,0.5087158776072737,1.2969865830257392,0.9828555495086697,-0.8515617915617926,0.3206112246430732,-0.7864104464425263
8.221538401544025,8.689838570927636,8.789399002464043,9.38215167157536,10.241452874101025,10.370244157974044,11.083296717921199,10.385110199374504,10.388307422817308,9.989059359328778,7.051137366789764,5.2870624480162896,-1.844093658997115,1.8985415803855679,-0.7408839594022102,0.09455850788486403,0.6229555535243445,-0.1559830712915648,4.828568878332422,-0.42266473715331715,2.7746789785160693,1.0899369922753133,1.4832798111688181,-0.8583892898636203,1.6341639098705854,0.7764594005588565,2.4285052099587867,-1.6789832214540628,0.5251392773179994,0.3356607718113463,1.92550611738808,1.9096024313741935,2.1477161016231894,0.6611508742514691
7.710607014586416,8.286018042476439,8.564380388551134,8.359067035441486,9.366976257058647,10.241762536581708,9.740219998899443,8.998689806405865,8.885449404799925,6.879368054944169,5.1549019668750455,-2.475792223719533,-0.9595636124927102,4.670635918358518,-1.4666428851760749,0.030455340988214147,0.024951360187724807,0.8239880830712958,4.976420873571812,-0.6864840841107646,4.690952857363677,1.5670099231318015,0.08336946246020399,-1.6889675033724663,1.2718776936691276,-1.103031766790631,0.6576288808182861,1.997213276816893,1.6963511718772784,0.6023642124711064,2.8539766212665394,1.1415298201769684,1.7942506980076443,5.234955281987459
7.056665781903972,7.189567768132853,7.008197013971237,7.554931102259028,8.47893241644775,9.30912222021576,8.18887205587105,7.376435200791013,5.65043968691201,3.4597787263216335,-1.949207532301907,-0.793343090405417,1.0305632250855905,0.16004937274103812,0.9958621422526582,-0.8490904838849975,-2.7852518151335404,5.765797291158279,-0.9422724441884021,3.585044493286014,10.961152672851691,2.5748860494990975,-0.8074788218072435,-1.51349812082785,0.7185839785175244,0.465334809661812,2.050326650182758,0.2989691704196354,1.2082805242224854,1.7642523082017054,-0.8437380759764594,1.4177491339056378,5.016300341673619,5.073489877073621
6.329069478730723,5.930302902318034,5.837210646655926,6.420059070598257,7.589812530216019,7.894661265087615,5.209997972122473,5.157778006651348,-0.12625160046263628,1.110022069222391,-1.673928967157869,-0.3278626350751475,4.346168321069571,1.9706156893905162,-4.066435874811981,-0.5971474285260888,2.882202522620152,-0.1415819354769044,-0.6437119368849817,2.6120789037131615,6.096706815089167,0.24813605151070994,2.0837480082800655,2.4698010820721095,-0.8773790377751283,1.5695924242712205,1.6970654887036625,2.015175658147228,1.6339201292026766,1.2688536486249882,0.5883990286123659,3.465863201178069,4.051699761089397,5.299257140155425
5.35625849884647,4.933332839761248,4.529519905150957,4.696716533205213,6.401252582589516,4.923310795769229,3.726754076121211,1.4123663699437736,5.150115340622154,2.368519165825124,5.000271169418089,-3.824619066234735,2.53809407292596,7.723518472785168,7.030363297266113,-1.6844637429004405,1.0051661736264856,-0.5820886947562856,1.7485303260232938,1.343393117745109,1.2653062387943963,-0.7223559806844287,3.862692210722574,-0.30288176137002715,0.2986664487644417,1.134002465986366,0.5395481377080348,1.6305756219495824,0.8970990243604402,0.5413577948096798,4.161608049604626,4.029811788249118,5.027742644130972,6.423957344516872
4.639645799912813,3.8871350842360717,2.8072289447765773,3.343903294959308,4.939071230020194,1.7421039312353117,-3.046044395654567,-4.545535674120173,-2.150924843503533,1.5206232368551573,-2.324550935205113,3.1092711863986655,-1.1569999960822568,0.03189477957562438,8.290044751353136,-0.712886214346669,-2.0005933013294928,4.708002167111528,-2.693102406247341,-1.9295862065046245,2.0198630855988586,2.242717653388062,0.49599861640294207,2.2703461343416027,0.6040895180847965,-1.3500450770858246,-0.7355361528090982,2.155152993924883,1.0954126567467437,0.15122329992237837,3.608721018689006,4.5771506288676305,5.051529792478313,3.826497945587447
3.8022100999629314,2.474620490626697,0.9428247371748154,1.6319634412032482,2.220451667797131,0.8395685307720991,1.8167626762083924,0.6559952074396446,0.1566558691756994,3.7683816724117154,1.9683450123140553,-0.5548382177002249,-2.1736269007566507,3.490949570173078,-3.2348806887817747,0.7001830747002538,-0.249190487606685,0.39154434969866625,3.272814510291223,-0.5303077745397626,-1.219048864501458,-0.4235496098774213,2.75370599217982,-0.3213435647784708,0.5744529582925747,-0.06443275620198875,-0.4036531114451588,1.2173448383164818,1.4696435993045764,2.941294527060391,2.605204517068093,3.7517710503923367,3.012001676318421,3.1204344083737205
2.1970669359115598,0.8789051480323147,-0.18929434231817105,-0.11288810733182612,0.3609275539125132,-1.1568612128152778,7.30803399425292,-0.7925380069380132,1.9771083455750982,1.0758458526685777,0.9476490710189804,8.001146058003014,0.1940765089899472,0.7241088956201793,-0.22539396363551525,-0.434721022744668,1.3315529806214825,0.149315119198364,0.06799369047799948,0.9539515489186815,-0.44831980006575545,0.954066862624588,2.0570767728074224,2.995263301852838,-1.015268897512342,1.6410924115317047,1.4192500980455784,1.5525859662035306,0.7083655840448493,1.541912406716769,3.3290495979279995,2.5143263466382084,2.589888570726472,2.9492159630909307
1.6182122256221831,0.6835082891348948,-0.2583574907359819,-1.1481957210980651,-1.4739826405059668,-1.6335992475963785,-1.1022261043536206,3.4820721031752435,-2.349551946137706,-0.294751338210162,0.4591262014732705,-1.3963031873498657,7.5343068781504625,1.3478584846166044,-0.8637972689760357,0.1611576201474982,0.9748287625930291,0.2548142180942065,0.15512675421881145,-2.385518663486745,1.597717284174551,-1.4771278608199525,-0.5935526176751745,2.361713328044183,-0.612700945651736,1.4054716596808228,-0.20139963132962813,0.9308948911218035,-0.030060404130675254,2.699272789509167,1.9129427871494007,2.2694648967077122,2.773406835438709,3.0952209808179747
1.7562919224257563,1.0477434557197678,-0.0489104212903985,-2.231964243122838,-1.8809148134308542,-2.804651454304142,-0.9788140654284583,1.5879179505561145,-1.1400519570483005,2.176929963101152,2.8720426528253737,5.943757587941944,2.9068918405104576,0.25971072087999253,0.9077220059062564,-1.6377942378941548,1.425555468732512,-2.213864675763193,-0.6499930164979988,1.035126030946796,3.2772906584956365,0.33493915828208226,0.3353811488066469,1.2720998190305346,-0.2848319171442922,-1.19820787594981,2.7329787012262874,1.2185542841940853,0.7300387353550256,1.5928445815894745,2.0844815620162715,2.3731773445887536,2.7632564499137535,2.5449739124831856
1.8781691838959846,1.515441672626308,-0.06855495668398047,-2.6862780127733004,-2.734077458217216,-2.3896536469867207,0.4832766808015912,1.5606908614716313,-0.5152354546009937,-1.3261701107665227,4.995080480641541,9.741257441162325,2.79368115834089,0.17146223983262565,0.7061161308195328,-0.3612422013862443,-0.831680118007626,-0.6026767517748628,0.50625300088956,-0.010842709301230165,1.993745792007921,-0.31881571704806844,-0.9214395673943764,1.191220019129168,-0.32289494454302087,-0.9021666387110775,2.5041947470923818,2.7107000154710392,1.33252547799023,2.217551571169412,2.0559397965355393,2.6245033085700227,3.0997012865185014,0.8818928900521122
2.2877617566887736,1.3452956170646369,-0.2269311532400729,-2.520802795677896,-2.0754591427785414,0.3094258242968666,-0.4409778003591801,-0.8219826086475255,4.010231239832291,5.4123821685738935,0.9316247802284212,2.8497346060720274,-1.08211459303116,2.178205978857656,2.13063986687624,1.3096393536544029,-0.23308252064193216,0.0573934482230122,0.5316797748574299,-0.3188106416540151,-0.5910985101481481,-0.33722306768448174,1.4566129859105372,2.476613594070624,-0.4608092612759644,-0.057951962366016144,1.3044774309382676,-0.32347118822787785,1.5873705750676865,3.013237810052649,2.0801021930516534,3.101856030349237,1.4245066837091995,2.111240435304259
2.233727028437981,1.213141534634738,-0.28669786820660215,-2.2511315512177403,-2.2100572921025825,-1.7846840514462674,2.009390926878517,-0.5257710020502359,-0.2024183414570457,2.0024859330873985,1.1187918574570157,-0.339347747704731,1.8698935191185442,-0.6011859213795712,1.1133368949942593,-0.24120611408831813,-0.021982236181961125,-0.5924582497707219,1.545201985463944,0.2698919180622149,0.39795450203975513,2.107498147472758,1.5046760030478867,0.4681477042850146,-1.029076214870822,0.9639068496520367,0.9938680292031027,1.5127097185878777,-0.16913074429498864,1.143395834422027,1.691772283114374,1.0689963532077658,2.1897602176678435,1.9901988550212455
1.7446390634688393,0.7222165875801672,-0.3310285623280474,-1.93083654551667,-1.3316809572874995,-1.8885941119308076,1.0302571852654907,1.7480699112920366,1.2282387048066319,1.8847647439005524,2.4887319507853,3.8898160180946664,-0.7276972235052379,1.9818579997782308,-0.07708850850860831,1.1699191203956896,0.3413456180975219,-0.18553637936640932,-0.4422259430040024,0.03535166352604488,0.5076809826097912,-0.5876875712703409,1.331443168371664,-0.3060646293319527,-0.36960537913029157,0.5196054021007585,0.7558933008508493,-0.21291119264983321,-0.529271430776763,0.7633735910705892,1.109021857495109,1.482427374841229,2.0506123601367405,-0.09119356541283738
2.0879272244761027,0.8782266295993257,-0.5756287759649593,-1.5290054566750386,-2.867193615370466,-2.453714608076561,-1.2573069143654512,1.3971007779095885,-0.8735196255467399,1.5337425982096493,0.1710729367507973,3.427447873956072,1.404739401910096,-0.17603688030324316,0.6252894149990507,0.6292131918303963,0.2773645814168884,-0.0363033013661012,1.6698738377353455,-0.012042766560136496,1.1602442373705166,0.38986084266344906,1.510584767837937,-0.332755786901889,-0.5152939129300307,1.8906027174949307,0.07365329433914376,0.6142940096381988,-0.5036921650272909,0.4339973422212817,1.4408822094888671,1.6693437169474075,1.3371835685273294,1.5097290090321192
2.1681088412138307,0.7127041878935527,-0.4055239100437802,-1.286069642350483,-2.5570947308695806,-1.450416628724881,-1.0705140577935683,-0.9329051644341446,2.280916274622475,1.3916322550122255,1.3072109503526839,3.028509949415487,0.7260862658962127,1.433398010701599,-0.5129846029841326,0.8132155882719101,-0.0806459784269979,-0.7900674868896637,1.7697061280304753,-0.30179463536692736,1.2056661628876815,-0.37056475548555695,0.9683715524894535,-0.026025265385174138,0.6551071438906586,0.9398185380465057,0.9996444535340324,0.1446494138444782,0.43609877138850334,0.6532593658966867,0.7069917594618347,0.44163179499983674,0.7823405654090198,0.9668745221669062
1.6961282676647453,0.6907113519544559,-0.3502388330853683,-1.2466093857865856,-2.609350753621419,-1.6117438914603326,-0.8397509913707992,1.088157606501998,0.9038759182879975,-2.261276456988448,-0.9760164869445155,-1.2525938256535323,1.6855817976848944,1.04835952752076,0.8445406280311797,-0.9682845726023622,-0.7360577584197432,-0.01444055070776401,0.09879677410818043,0.6249946915219554,0.5123129267585798,-0.3643369050216871,-0.04785493468190768,-0.42187491424519336,1.3728331797271258,-0.1893960235757503,0.4225678093745003,0.20785957729994595,1.229158342919636,0.8988832841165614,0.4482671109373392,0.5295897693930925,0.9252619222371955,-0.0344133227187436
1.2065023286823506,0.5255783524821135,-0.7289561566805712,-0.5334796465850603,-2.502034541971142,-1.7609518743204693,-0.20316748553129135,-0.8763109425446787,-0.9680649256815897,-1.155956246221616,1.3825320365313947,-1.181322619003261,0.2966343963676915,0.8713263950406606,2.1276046516663443,0.8327259420681596,0.27610246549755546,-1.311133724493147,-1.6348799077109926,1.1975477654469087,0.3346658016714346,-0.5645226924897698,-0.2510023285633874,-0.45388915679069664,0.07856344526053795,0.9052630483388436,0.37767317544047513,1.6197470928809754,1.6604304797837734,1.5883528688136916,0.7181159711347458,0.4876532668906614,0.19965049520637662,-0.16846357660536526
