script/wind350m.json
{"header": {"parameterCategory": 2, "parameterNumber": 3, "lo1": 3.000054539987559, "la1": 64.9999836372058, "dx": 0.5, "dy": 0.25, "nx": 34, "ny": 52, "refTime": "2025-12-05T16:00:00.000Z"}, "data":
[rows 25 to 49 of 52, columns 0 to 33 of 34]
15.021741287287863,16.538642051850164,14.91522806801363,14.79164070062802,14.816378673919202,12.902402118438353,11.37011631511544,8.541074705748866,8.077258517941912,3.9851009468436374,4.786170080324501,3.24370307299121,2.9165696915537285,1.8980659823332653,0.713629806959185,0.04757817801513752,-0.5902550190745837,2.349712544396415,2.1701439421781163,0.5538644508431901,0.8360835714084015,0.6610029366891721,0.7789142693763614,2.7173448143544503,3.1644061337978724,3.1997367966539585,1.7710270094867242,2.6722897678563,3.1198870907522784,2.6333418726222075,3.0810749052815276,4.1015246710827435,4.319253926476111,5.345524368183664
14.880521839629813,14.662626106613109,15.793671622765892,13.766162145256201,13.027332021832695,12.867961177898225,8.428963429676458,7.35577931282228,4.774060243413148,3.8254705790429613,3.239021687812819,3.718540368710012,2.7954150363810415,2.7417468073553124,0.9218162751705579,0.5075447076665697,-0.007027357983577611,2.041826067468983,2.0348429266393673,0.14710779077488426,1.1039875678019435,0.598391360495377,-0.0518666815150029,1.4292940663431974,3.8298080858806682,3.3615105434340498,2.789345406366821,2.0892796102921323,2.146539117589287,2.6084765316493628,4.3947275271675865,5.639952672427983,5.381028994871479,6.920694325317449
14.426629794982894,13.228103624332887,13.064169744097828,13.212489832956159,12.215284228714392,10.205433894400239,9.428955016725281,5.884066802922479,5.83533466404552,4.989014906021279,4.051400076369901,2.8792416288169176,2.7494383753682192,2.5998034676139894,2.320531317877465,1.8510760731020675,1.1410250584293127,1.823669826415014,1.6915748587701802,1.2842182805904911,2.027532775796884,1.2427303454477459,2.993248288778819,2.677596542118361,2.2898686154383006,2.2135416719127687,2.38560621891325,2.429158657604371,3.246244641142206,4.826503544537876,6.537482813650882,6.475980045522969,5.46587846546947,6.252669897640704
13.87372822779153,12.095969122507597,13.356546020506132,13.519593663399714,11.273621805704428,9.88576036268077,8.89868031744578,7.181755576544912,5.789064383887218,4.878346727808871,4.883694410668454,3.9359295160640797,3.3545081438691664,3.3124411653628956,2.6104302178002405,1.620952333489379,1.3984003548601565,2.2219476881625555,2.163764387754906,1.5446818958184922,1.6053148814539868,3.2765056186175734,2.412839310114772,2.623071430759611,2.8492946279968887,1.7966001412886559,2.0119782763795873,1.5047080324393323,6.594290711091073,6.74179343301654,7.424095607585547,6.999804213863472,6.617893069589922,5.6679883296257385
13.287521795526798,11.811365402307086,12.828408987331452,13.560811971438431,11.23828213290743,9.453429157796847,7.489225980920289,7.6686752784550025,6.130569387451416,5.686717693814308,5.112684616840903,5.3266229576393425,4.250295008616446,3.3214498899647245,3.075312902488456,2.444728313010054,1.9659711390685173,2.1193204697034367,2.86511431157486,3.857832611543155,3.9499234004142285,3.905742471708707,1.9652199839026743,2.354107122235746,2.4772469864152233,2.90393171599647,0.7717985165664553,6.229865406963408,7.2473054702406285,7.2832166043806925,7.27500991923274,7.030552411596192,6.0864240493477455,6.275818598847297
13.195697619254716,11.621631007489368,10.657702902164946,14.563459916606977,11.662028239916832,9.363038357112075,8.050180921300512,7.181799003922328,7.475592774022297,5.535294144764944,5.57208647079796,5.042578735231374,4.412213536832366,4.385280966613168,3.0381493187698703,2.8190359968185166,1.9669195525740577,1.1842785433817764,3.474699809495205,3.6910819926855205,4.156786330929296,3.529817926162215,3.5017079952701535,3.9768967205532992,3.2032093708259066,1.5052530773057309,5.477912095944354,6.465573624032892,5.616420429876792,6.4517916528691135,6.735477878854863,6.866960250202133,6.565190240694499,5.684921707189826
12.6011350845514,11.487073725623654,10.040359276878808,10.778459085625121,12.091778134691827,9.823244509767635,7.657425238000963,6.928236866137843,8.335323836737716,5.297335144415943,4.683424445450254,2.9387503035182023,3.5020608417495063,2.614466551939401,3.75995898148274,2.2529532577572615,1.4419118136359497,1.3325618568227944,3.8519211302791767,4.74464167865978,3.4824001821868538,3.149788328249758,4.683048179488406,2.7980879941847507,3.6419016900209513,3.9719325495236646,5.188209319097083,4.937800791019531,5.858240206381058,6.422846316069279,7.1657644684308925,6.674301058969138,6.60758828344818,6.15563357879866
11.89625522961978,11.172772247281348,10.638266385074095,9.214875417821768,12.413308476261262,10.364927342781185,8.283081314453417,7.103473701805754,9.162221421337554,7.14475044354337,3.78997827168451,3.3683691411683925,4.174416390033189,3.6898578335253407,2.482857660516649,1.4604132012421567,0.931731005191117,1.9278741978641396,4.554537763013806,4.770481302204369,4.054259388958958,4.9195505506018415,3.482954566028321,2.887960418141387,4.489402348281624,4.048166062623021,4.525566304373324,4.5347885657986255,5.376227411838357,5.190466301597282,6.214587700128088,6.95923757134862,7.453205727937566,7.297603541958663
11.251686915852794,10.844831507479718,10.34691178937,8.939694082094471,12.915791684562143,10.75374623690111,7.934593049248288,6.983471975111997,7.153026305111306,7.078540031882672,3.890594108059557,4.176234508882191,4.1904196048918925,3.725801047036744,2.512476002425681,1.8673144340259982,1.6904514561988997,1.8456708231297292,4.666933284867705,6.405571211691923,4.269567659839412,4.057529229257282,2.5696158483212295,3.514411260509411,4.767752641800145,3.6297063206958526,3.8139312868057957,3.5500549931531706,4.937852756581646,5.623335897195443,6.432739378918542,7.376035286682558,7.97630579332723,7.705864755524005
11.452732035125353,10.06461738177885,10.417220919915131,9.248224610747709,11.275581648517365,11.394637702930945,8.784584009538877,6.773312200448389,7.029900451673237,6.53218604781869,4.836015867007114,3.229712251975574,3.080012402720435,4.854038654103194,3.731446948661363,2.3893132781448867,3.2080797420818956,3.174601733972903,5.93845316199783,5.2080735736352,2.7386802566527897,2.9142274321033423,4.236699999148924,4.5667166127801755,4.354708970521681,3.8582944094377547,3.3776068123985654,4.3050987416465984,5.303742077044101,6.14787168319313,7.0742785749010455,7.209439643392041,7.212717923216611,7.563814988182852
11.519714491125466,10.342827518943794,10.154009752019359,9.450915255404777,8.042569222733016,11.858794767073354,9.305003122051504,6.545750198332855,7.155563468391709,6.125806216672226,4.95720937906121,4.74598484978145,5.145089562812156,5.269712251091686,4.7995242473751265,3.869937427954454,3.2568609764076735,4.697993491129964,4.409206486362987,5.056883292260207,4.200107858208577,3.507969700966669,3.056762789405915,4.616449333292199,2.8499656661741994,3.2084348242968703,3.2727787583806767,4.871112105060544,6.117439434506829,6.621953968629098,7.377860354106143,7.236192262963115,6.809672466407945,7.293856687678616
11.655055547240206,10.732735167438406,9.709793102377354,9.148344684036761,8.890327490259216,10.446133249157063,9.443243741276365,6.832513100043248,5.542012853304996,6.205932847146755,4.629109927776573,5.733450476941962,5.617541181359714,4.89373377524994,4.031270022999331,2.6365994812719786,4.386244963116957,4.049190668936076,3.424396432270368,4.381746123283058,3.9903249917332095,3.581199215120385,3.480528800575963,2.6991540950549067,2.6409413453706914,2.3202665151344295,3.306048332096779,4.519884001235942,5.707808095125611,6.697155831548336,7.072517809766108,7.727425071972004,7.3132977109304464,8.956661655156195
11.653694521006319,10.7752004588954,9.601517921578667,9.014247922675635,8.196231669932233,9.457550095022627,9.252227528518624,7.362631537835974,5.66569785610921,5.934536972071252,5.005316942628459,4.205475893578412,4.767665776375499,4.979556295502908,3.7229034278273763,0.781765845433329,2.378927594960585,4.150332091817123,3.763825480521472,3.7719119068343065,3.525357706699877,3.7017147252739315,2.6587538532674095,2.679999897806815,2.5410673632038123,2.619884575963032,3.242848468694071,4.448237113668091,5.729904809225045,6.376005080730842,7.32345762744478,7.229586657755651,9.147701067683672,9.349474048850018
11.642273442957658,10.571992733656371,9.904548044639467,9.458463589982095,7.863844963623141,8.82580286375597,7.558964435327294,7.997525152768705,5.761678275759952,2.4911927057398655,4.547783853042704,5.503760620267768,3.866827540861299,5.2218944069620346,4.688426228717931,1.9155627033824123,2.7560767074926957,2.3588026523923196,2.975671579699724,4.340712543507317,4.752998006282899,3.5339162910439885,2.03058229087346,2.0923784565940733,2.9434261795302206,3.086678896715978,3.194977719258344,3.408290271678274,5.3483412199081535,6.35943898748546,6.801651277395408,7.640492561082876,9.141069118801225,8.984113558595537
11.747250923755509,10.615251345712156,10.305148843577904,9.611467933867372,8.990006812390535,9.354417481785307,6.99721606713149,6.640210937369984,5.391836343489481,3.640557639157761,3.7193877683304595,4.034889893050579,4.816806211883135,4.129191539227446,6.237103591098488,3.5607704313893627,2.7391258463918238,1.1429290813100212,3.146792347230573,4.656201758801087,4.80130206256308,3.501009387269266,3.0210372654919397,2.5565436579551752,3.0948602570660597,3.4940962448120056,5.291580479451033,5.22220783347186,6.090650424545129,7.721702497267372,6.162615411588517,7.344348255203618,8.245544441144622,8.6937432585974
11.629305010694688,10.725927296313463,10.585349768919825,11.45799875036364,9.570925637138009,8.307957890736333,6.744908457735971,5.658324873101778,5.8225719144415535,4.705986168120379,3.1036384132383588,3.0490507347931497,4.0025227739703535,4.251233072443878,3.7467244879851784,4.327819841559599,3.102948516232063,0.8268442620275236,2.082664408088332,3.8167801050773758,4.962690970169054,5.627352317173505,5.470658123766243,5.001440100604356,4.458212169186662,6.069164764049526,5.617725197095189,6.241933451384362,8.249222228346433,8.01872953745271,8.450047113010024,8.25279484339484,7.833622867158919,9.596547446944037
11.456356328569335,10.863784912195955,10.608393705801387,10.545961562511167,9.209535844285975,7.792420333418739,6.542518242438384,5.411262372057174,4.303714215562277,5.318991178886312,5.13516232867984,4.663869664716836,3.5161321670973864,3.723172554863313,2.935283711835702,3.267439095867152,2.320809992965654,1.281105585954151,0.7668150429891406,2.906012583362142,3.777588373069974,4.734985968549627,5.81762391586787,5.486955831483183,4.75384984538871,4.792930954727854,4.564480426171246,6.06257402285618,9.279147448463858,9.175202072703419,8.765671585807882,10.430879779126775,8.053185050719652,10.66595991326354
11.323578888654184,10.762068993328011,10.822853152832739,11.069902543141882,9.224738760965407,7.297238311067282,6.615156332727452,5.786495867867055,5.17572886582001,5.135597331062753,5.539902064652466,4.297219583337375,3.0682016704916117,3.937738206562486,3.4086730661600773,3.292989729602589,4.0898891780369055,1.2731795407155002,0.45404027761512655,0.5754679368342414,2.4907484804809528,4.990129254119845,6.947532905121986,6.6836600404826445,6.754917834360623,6.469542187347436,7.217106922936241,8.39426963306888,10.059298376147948,9.945817242305512,10.144585010171218,9.957778282995159,8.609787826409832,9.455796034881647
11.401664645545006,11.119292029346505,10.782493756838814,9.174232841044406,9.105043512041748,7.134556830389586,6.835176008285957,5.766974837183687,5.24426389469872,5.606220947616743,6.234240131691905,4.892467668569874,4.268088787848493,4.403491218053625,4.244183676010047,3.3496439059321066,3.0995993823377335,1.575422247186966,2.280756518253605,0.8312887321234316,1.2181580915581074,3.964954769435527,6.622326630730454,7.227967552360923,8.259144655621094,7.958347204866696,9.374667754211304,8.58605325710494,10.668819298950291,9.909988929982648,11.025576283153187,8.781174516647155,9.35322242227422,12.456929022241418
12.114415723886227,11.049818826424511,10.607316331418248,10.470958946319326,8.088677884634677,7.563804392708165,6.304689576699279,6.106875831166001,5.688782730774997,5.330156380910359,7.515003147421707,6.1972819382692315,3.0783434151318816,3.539093260540922,3.8254094851301215,3.4861070257018785,2.615217040456928,2.190220073498109,0.7716912087245245,-0.12113605859273746,0.1700900510607169,4.289616309288996,7.058467620880642,7.390435113522109,8.638040423131097,7.933987611052144,7.070731702203684,8.971520524967598,10.180947209694716,8.780232817808853,9.054512978751116,9.110312113094874,9.746868586081371,13.674296078394871
12.173197579727715,11.069769976516483,11.174928212321854,11.251414799887256,7.624376044804266,7.061953462116519,6.4125266892978825,5.87964518326743,6.584931545543105,6.061635765531188,5.700100420773923,6.789592021446513,4.405103089462218,3.229280137941996,4.230200518585281,2.7359495899556525,2.715589947783646,2.309000970711612,1.7026009732456964,-0.15579384761979917,0.13410997993618265,4.482197566693653,6.256344547516526,6.3811937761182,7.783516305234128,7.793589744670548,10.623864418462315,8.878103048556016,8.01011755733821,8.077934570076222,7.9621065736976275,9.8802542549952,12.00690930358265,11.274018186627783
11.902044968301158,10.903631060200706,11.951530920590207,10.620035235231407,7.6838967099217905,7.380403646210662,6.905235904492896,6.090202943089262,6.426336318247043,5.8839569310650175,4.839565466981703,6.556379102263122,4.213496212967132,3.1126353995364298,3.2712331404528596,2.5831878934940913,2.2504019247650926,1.4084052190051177,2.1007745763321344,1.4806101717986546,0.7705069844134819,3.657283184988677,6.290895740599512,8.435125013501471,8.46373775315611,8.973198786758081,8.726569664355237,7.767937486552185,9.590716438676449,8.277688112885391,9.33409357581308,9.159118009234435,12.415127950943107,11.523165455276326
12.238077814009454,11.60868650657687,11.370064118065338,10.21292478173539,7.293582879613568,8.241117332694571,7.499024480646759,5.996335761536218,6.278811472460661,6.197629066086004,3.996491102507982,5.6999414098464545,4.51549759421829,2.034799088493988,1.1478153459024938,2.8493320447049477,2.277717156830861,1.651045469014941,2.3392745234111643,1.2426970024218587,0.7729373230908642,4.061100206894905,5.836804907912808,7.052391763390701,7.889317241201925,6.380259995508299,6.238574120370821,8.050638215609931,8.846187702427097,8.455830209277998,8.394954473883868,10.502672592753113,11.899762470826952,11.469829813032021
11.853931442036835,11.87980516205194,10.667968352245223,10.196803354234683,7.5245449472558015,7.983780568516409,6.722923066457719,6.402493177721605,6.005050702791951,5.935839109946856,4.61894343037795,5.488969193549555,4.250480255420972,2.081112015928438,0.050534586384947414,2.060568372883768,2.2616690598550324,2.1417579991681124,1.1816541875538273,1.2596077839464281,0.20370235093876857,3.139015109208451,4.892358075949724,6.047346269946105,7.814243324189688,7.791064035098289,7.513242359029476,7.658646117227182,9.55605516826039,8.511376175220938,8.616651876840283,8.20094311763806,10.670623575387658,10.595735282063591
12.182255438127099,11.733761827097096,11.451087556395578,9.60127603508972,8.59586194411071,7.354049361011071,7.614202738669197,6.4350795321595085,5.53545926470553,5.937237012275176,5.904576679608274,5.542325900054735,4.7540306097803295,3.45674202955838,0.6560368700752656,0.13550045420738185,3.013625216098528,0.9116655997058165,0.2651606037097996,1.397875134188335,0.934683868673896,0.6180520572387448,3.3782713389530326,4.73821741972487,6.316709068412454,6.51289643624061,9.021354620925177,9.47427144508766,9.414655142955255,9.533736670981204,9.390132609043697,9.392210750600915,8.447379680533691,9.528811350554415
