script/wind50m.json
{"header": {"parameterCategory": 2, "parameterNumber": 3, "lo1": 6.000198445256149, "la1": 58.999992894266676, "dx": 0.5, "dy": 0.25, "nx": 22, "ny": 24, "refTime": "2024-04-07T05:00:00.000Z"}, "data":
[rows 0 to 23 of 24, columns 0 to 21 of 22]
5.5216662124596505,6.358431769460925,3.7353106512226737,-1.147105858963049,-2.6273327845731833,6.0812525746332815,11.988266935659674,14.342642676423608,10.555386684189378,3.0909346268119884,5.4561280710421585,5.738198107098285,2.8845005936438066,8.857239294897482,4.392732408373442,9.63888826680885,10.421300959171965,8.969324008360891,14.16147726146916,13.585492737518946,14.838318133159145,4.059611789615149
4.040678401308084,7.28012651308959,6.072561728963502,2.136681238069887,3.5404697958630873,0.8234100940233763,-1.5092614723855287,0.7691666695260175,12.196684597507842,5.199559623325123,11.153363597330586,5.962528942835222,5.27999096919767,5.816059134467653,4.134703884780432,9.491917275386712,12.11880382603459,15.262568769535118,6.035994390993947,6.0318405345103825,6.37465891528914,12.036069647736696
4.569682986831975,6.471013450776086,5.930531368980238,4.607322762086813,7.955436199413851,11.81019154908317,10.446561200832932,14.939289999971841,10.046949779975424,11.040483538212575,4.282045052876901,3.5967741349750124,13.95442869549961,8.921069560549405,8.119400113605403,2.743675566220078,11.354618607322607,6.459079471348136,5.687946513456651,13.627467644808457,13.977540640430979,4.099821576382039
5.5648651767122645,5.76291498810242,6.560734484184085,6.311930630256227,11.504530490366504,13.454950198239295,9.165981935492548,9.17691943130378,12.452226823993383,10.385828298436326,12.559424371807753,12.462571452991394,6.1455112502354305,3.8605797169269382,10.399555410698012,3.618087074743905,15.288904721906452,4.762973235588684,12.491300409268257,13.629843897342738,15.361527472938187,5.593005597870898
4.893596124772511,5.346987307782528,5.826559429499208,6.086176848454436,12.746268346847678,10.426596446856175,-2.203214788474724,11.045795728641332,10.815681743607367,7.448341446130612,9.992438858344695,10.59863389284547,5.300125664772753,9.357473901692217,8.957937041798099,3.8400944640569534,14.817659517567655,4.418481314332939,13.860689006037182,4.77814337591721,7.061493152921744,11.813995863654599
3.9341968481721703,4.310233016894586,5.9340628989957045,9.848544913836461,6.281372388054247,-2.5312232973523483,11.059008292910404,14.575497252085178,11.191020498450735,3.5678647555939356,7.890259690141761,3.3609506091593544,4.781882187178003,13.386264352855378,8.457874220339345,4.158071312710152,5.597403700601061,11.09411225577579,8.981749799572146,8.572309408036228,9.324814244019219,12.190077931736328
6.142144914854402,5.967944520857415,6.25933041958465,8.974191237395102,-2.5944332076976337,12.974337611296951,14.210002436710056,1.4546395895347897,8.887690029561101,10.453758720584203,11.818084556540972,12.471028740831708,13.287154401869893,10.524827756082912,5.662709926161618,7.892709768953049,3.777560940634659,14.236161965677653,6.2293311743929705,13.701618139005056,6.840546463788089,4.018288344073234
4.093340273834085,5.319872437840522,5.477372134066869,5.650510094204478,3.930601765556681,13.702805727527393,-2.7472235695637006,11.099526192588216,8.706871984871269,4.693818625318024,4.5777790840520565,5.770147385387994,13.96350816883938,5.892797129183584,6.128912146107468,3.7794366190214532,5.005930139936876,14.818932766811399,15.16158113418505,4.42832772760537,6.760278458009657,8.306366398653482
4.590185910738616,5.941253867837791,4.006064216052405,5.300791786330197,7.579496634130944,10.405452539731519,10.840070618857055,13.09482526091095,8.163962342821444,13.886739786657003,5.04681978303726,4.68079932707614,5.72703605821102,3.2643597749315356,7.016062846754736,3.3294884280324446,5.296644556867624,14.864067322784976,13.886963341372228,7.1982561185464276,13.743072342647588,3.556153793947166
4.538015368992493,2.4745048243060586,3.6376531076018113,0.7499232469650686,13.29422479942055,0.5205572055786045,10.119589010307987,3.255269734376786,14.107744486240422,3.53269756432222,11.928834196363734,2.9531913210283647,3.9940362274611414,10.067204629205136,2.771421632468588,3.7295738959126505,4.617520125614145,6.061647000867989,14.343674279160423,14.391397174778236,7.412229845637098,8.95458193759166
5.88332777473038,3.803220249893057,3.482154665265413,-2.290845611731466,7.223088647695456,13.649446818249672,-1.604008553951391,13.754088632139547,8.46574096200558,9.014132683787818,3.7039138292202853,12.439242672159816,6.762295810139717,3.8880912045530756,3.075663671168698,5.076796447878974,7.939140283691633,5.277991042681828,5.949886780019747,14.587788376226529,14.69164088108308,10.862032115006283
4.23652978571509,5.243266952365905,3.4637568865959896,0.046653159501542224,-1.5426427454528433,6.987420711825604,10.588364639201748,-1.2015702394392023,13.723729706661137,2.9763011157985595,11.672121566522002,5.1963427473288615,12.84593982456247,10.36954640968321,3.791189980001179,9.81291152004285,11.192423858999568,4.330652089526041,9.490024987238595,6.79282510427893,6.10153480107429,5.3975827723850545
4.856079446911328,4.881691758175683,1.3642434781516295,3.4202920922240705,3.362507409290548,3.931323562423316,12.284726040448902,12.514822196147191,1.4985113855606664,11.808228269984191,11.936353213281405,2.924021374520134,6.697041972504298,13.469586362364145,4.06728688918107,9.731587967606888,8.470004684522596,13.879735949289843,12.110870974929403,13.943792514245832,6.5803964786573035,10.431749165211706
3.9912492899869143,5.809942723304978,-1.814806011990321,6.400909148224012,8.066009018166936,4.625195679485764,-0.14990361924580053,6.990848844537203,13.317697368403218,7.421019091149756,3.9094118233716055,12.711056223160332,3.1333636297222793,14.562874516428092,4.095243706176468,3.8401787549979978,7.84495066469706,14.20756556706591,13.858871216356553,13.635646380311721,13.580559155289281,5.094354890152393
4.453100703324767,5.1152985986675725,-1.7986945634893414,10.934243341884667,12.21431152897476,13.481981551812831,12.419806011772547,10.978490231111065,2.203701103100054,3.9680666648687457,10.387915788556247,5.4693903517014935,4.381607779340164,8.225420079758768,4.326796829971172,6.452698263150176,10.328592625363711,9.957258401754501,5.913124554182183,6.840603821052616,7.26914133330571,7.616149585289525
4.213142111200016,5.881361276771983,-0.9337263261580684,6.672016255913307,7.419939295739732,7.4520746290935,13.491139058747905,13.173938874774693,11.04940032651156,10.974949270358719,6.041467018788619,5.672384418758997,13.006435614431798,5.617204730790763,3.901756846336222,9.454591188640448,14.298072772714036,5.740365803313206,5.207601619257581,14.25690715225054,15.724859914865661,7.575682896217888
4.6937122320120315,4.317926636100409,1.427965882686161,6.216834939054422,-1.634127171064349,-2.5822409566215154,2.787705966214635,4.157727421168663,2.907828182636243,3.096165217845639,3.8614531060012336,2.9748246554989537,9.611142356895195,9.146724656175413,9.323554261941727,9.42982955612715,9.99959341859655,7.485064098441836,13.144297120034512,14.304897195260983,5.992796687577479,7.562789924436745
3.4054775180254064,4.5406658074601145,2.5358271242062824,4.235380971993754,3.578343816514351,12.99697647993556,10.535765599418774,11.71662215757431,10.425845743008233,10.871994931465627,12.25400649081461,12.66249603366609,5.4309506367727165,9.652988342981716,7.323893979636816,6.824025181703454,15.040986813962949,5.0578919240215825,13.830860339370897,5.624235095369968,13.55036676829258,4.89587106632756
3.9155869366628306,4.698134599261091,6.511942922779507,-3.289197707885909,7.349647616012204,7.193554961493133,8.866429264833426,0.7036216984477625,3.9661993750934674,7.177091228307285,3.5385411907323867,3.6007448598743137,3.767671815133931,4.0412337381826795,13.940343490625084,8.71203746240943,4.521007727300356,12.970830104501188,5.88634183462249,13.446794645483848,9.099684934742841,10.719406910118208
4.500304960392951,5.091540375151765,5.808823459911095,0.41884882554649056,13.039831431000486,4.117155063010324,-1.2051697534055985,10.544846666479438,13.600868793871735,4.560721713843505,5.489015093784341,2.165237414855828,2.844823031770007,7.8752787507618045,13.9828748025796,7.071230771820211,4.804888516853527,14.432439259798857,5.599649647680432,13.602198804246575,6.4748390823684945,8.765624128968646
3.4681413225469897,5.727578561929067,6.047434183113777,4.938337182319577,7.118124157689315,2.1942139220391503,10.937557453267138,12.872228859248782,6.711182094928392,11.30187510138897,11.980012223760692,12.689772255058134,12.989877702810158,13.342071803921758,8.854657368555717,7.185621606333646,4.630301999451838,3.9482869430188225,13.01748564138632,6.530935672687771,16.261979580836837,5.303188606739024
4.508259235985368,4.622137684757585,6.644268283555664,6.821594798928509,-0.5708660699380314,12.802820385908245,13.316496664217569,5.337168222015726,14.86022325967604,6.675488830155335,2.3885924009072865,9.708236028255364,8.708158992054443,14.149118252186092,8.89890253300017,10.51221396928323,11.246201526657723,5.088245580113752,13.83814882629293,7.0428308692235895,15.172980212857766,8.599973689497626
3.35503763583347,4.921609590006515,5.753419522067455,7.115058790446869,7.793761456625362,9.716988805378735,1.4518082028561066,11.057441403398702,1.7375970548135375,11.182745612082401,3.3715300368393186,6.046729013922322,5.181154784047751,10.482716724409705,8.268002793587067,12.423451288020928,8.880077520068786,5.754470577167841,5.797292829362895,13.984395613307466,6.227806407599607,13.236406768856307
4.5998819502762,4.933923076077903,4.163274817596064,7.897045006481572,12.270549039063539,8.363732817374222,13.522766699229013,1.0648934545829196,13.144566192996054,3.1175506282593575,12.775169970445619,3.850263623912335,5.187787293515337,9.296889150003953,7.2393340073347,14.943758013038845,7.943650719159775,8.512041886862107,5.807899549941276,6.420816927591689,12.059993422085087,5.480385924974916
