script/wind50m.json
{"header": {"parameterCategory": 2, "parameterNumber": 3, "lo1": 6.000198445256149, "la1": 58.999992894266676, "dx": 0.5, "dy": 0.25, "nx": 22, "ny": 24, "refTime": "2024-02-11T00:00:00.000Z"}, "data":
[rows 0 to 23 of 24, columns 0 to 21 of 22]
-1.7442344183288636,-2.02790192833491,-1.9828504595423049,-2.4812848708042936,-3.0126980268397574,-2.518350719661242,-3.60558573314938,-2.768934637122967,1.539358684007466,-0.41484035128562174,-3.7210324231405267,-0.5723499943809621,-1.552523931560044,0.6699506433537743,-1.448311282823264,-1.4455224816457692,-1.2144948489915395,-1.1249037641941655,-1.2936638557550226,-5.7585591656075525,-8.002483792226384,-6.311030193113486
-2.2205669742268275,-1.4875329333462222,-2.315800082012808,-1.3789993524606277,-0.8110517917611663,-2.541604792142339,-0.5930361985536186,-0.19017092147913658,-1.6166434084579924,-4.938589394588744,2.6127687193113114,-1.0649060881889734,-3.1785761667525385,-0.5743075443968405,-2.205108225430957,-1.5663431639084853,0.08929522035126566,2.333944371046368,-0.8080630993255462,-1.9998947640745566,-2.3937171411314804,-4.883837468363366
-0.6974551632229928,-0.22539904108787362,-2.308087658614929,-1.4457450201698612,0.6395567604659032,-2.595707698085303,0.8742835020653169,-3.2642437172304164,0.6321150105675548,1.4512429263047835,-0.07245330413468214,-4.099039524921984,1.6044902579626474,-1.1936232826687543,-2.3000025286921124,-1.2093133557209168,-0.3029637830985373,-0.6398733751860578,-3.453031953515252,-3.802241247944555,-3.376085245608151,-9.987615155700311
0.27796769585837044,0.45429106486212595,-2.348500936465868,-0.2732198941599711,-3.029454702692073,-3.6840048547882143,-2.4756978601425557,-3.7973300310728475,-3.0168022178804708,-5.675417339213537,-4.77305811285604,0.9743623066275656,-1.2984355636137876,-1.3744126601047582,0.32620512823395365,-0.6091520115668493,-0.3265461913751635,-0.5280599071663876,-4.789903199422333,-6.143118046750872,0.20052867007573852,-4.542718505310573
-2.0750943776699975,0.08825979750142804,-2.608297504661997,-0.05297674183795446,-4.518054191403877,-3.309273430607541,-0.603100094800751,0.5510862845757591,0.11016211953239335,0.41484218839421055,0.23542771393416131,-0.2882396589360534,-0.29525212197057776,-4.0652274048029255,0.41659630618675614,-0.4788588734828338,1.5271590399381352,-0.8182857135434747,-1.8464758748891845,-1.6698756180888503,-5.780214633247409,-4.506287832542677
-1.614073987447444,-1.9506818777756871,-2.4783205536305655,-3.0956703839591126,-2.3233029920571773,-2.1911477038914167,0.5767590493070273,-2.797243002761713,-4.529247507197783,-2.6451108209097107,-4.919912610630152,-1.383219832251699,-2.586111475342568,2.8699140255734026,0.3617241983516654,-0.5103625637105738,-1.9282334892049815,-1.2167934067529538,-2.6409416342131777,-3.398651568763789,-10.674152280974043,-5.498309158918755
-1.3656011328739956,-0.44624329696907195,-2.6182130557949956,-2.3162794763138623,-2.7033265252804917,-2.695326320406352,-3.975186290835236,-0.5677143833827236,-0.04604341395624359,1.602561776791122,-5.39094813008363,4.307049141377426,4.678681209177438,0.7850283521947401,-0.7767615625788191,-1.1273825049102824,-0.8036448151568271,-1.0702986746079168,-2.03775337029128,-4.8659651195395535,-1.8882719950151512,-6.748137368802273
-1.166999709720308,0.5758129435210272,-1.9143810942134745,-2.593683438593456,-0.4223316939248245,-4.051314461123999,-0.3640646181438767,0.6615900073906908,-4.830038317077079,-1.2252669877834577,-0.01928167520144975,0.6909766081917699,1.7188526615832722,0.17501955974075978,-0.019409041460267278,-1.4132040852722514,-0.8503713934010586,0.9150124205446886,-3.5429089670026936,-1.727515180702239,-2.5900165674426456,-3.798445139977822
-0.9275354958887879,0.27476730124021953,-2.039113148284675,-1.5243955150031536,-1.200273387460649,-2.7795178141019847,0.6446706832238119,-4.477765619777339,-0.03518477075401139,-4.9974514096308935,-4.989468707426843,-0.05081403073559674,-0.828961001670796,-0.97781840623094,-0.3445199329783378,-0.7827147735660998,-0.577466160230067,1.4970669449260596,-1.7590111713087935,-4.228250193050262,-5.352882920841718,-7.448739765873838
-0.8570357115253462,-1.6994048548241663,-1.9221704890346472,-1.5697624105037213,-3.252509667692588,-2.6377205305974827,-3.9364302359160424,-1.2720337347407051,-4.459005898695293,0.32478991418201375,1.7201205338785472,-2.833147402429345,-1.9094098840455698,-1.0498614454744584,-1.0256715984895406,-0.4986908457999253,-0.39409816160115096,-0.6881724995423041,-0.4161053628390002,-3.6981756321901718,-3.3473231701287407,-3.3953105717361396
-1.5934274773590242,-2.1126382939983546,-2.2559907324930957,-1.684129938093255,-2.1301518444183434,-1.8430663900833084,-0.6219512165928983,-4.386792752105576,-0.03212633921972766,-5.627416548694686,0.4188028306530882,3.996464696869687,-4.7724851386352105,-1.2679208324652924,-0.5245588255645225,-0.8253909845081323,-1.2901723056307173,-0.6371618361662611,-0.5285035389811417,-0.7112532198191736,-4.2594018510334575,-5.753637519276916
-1.083433065507524,-1.7857599273977147,-2.4545634756644077,-1.9545512417990514,-1.945166229861344,-3.4965710957832754,1.1411484372699965,-1.7519904936540391,-4.682381495718166,0.02073165291893941,-4.797087890366908,-0.05322756892229542,3.041854565495589,-4.168228985405079,-0.6962584246677511,-1.314964882537348,-1.5292709885053382,-0.9001016195999155,-5.03182415041202,-1.5176237102015215,-1.5032738559621028,-5.591810464666928
-1.9899547050007222,-2.034537043846064,-2.3795734323488063,-1.4889734310191443,-1.0927221350665508,-1.8290343009335168,-3.2264161681713417,2.168194787816738,0.19649569178394963,-6.063658345590099,1.6366589153932418,-2.7572186751660843,0.28612144775233767,3.2394844772596705,-1.122020110306224,-1.4941251936572384,-0.5718757558586054,-1.336864166858529,-2.4004066892156923,-4.157322046779202,-2.767787098493039,-6.188426373338456
-2.0147647041225616,-2.036259554758525,-2.286431205486995,-0.12706709411838726,0.5900042247046171,-1.7584988357761278,-1.653683789728477,-0.41092800627422127,-4.959307384079928,0.39659029685749214,0.5306084808498615,3.9724055300140813,-0.9827366420560919,1.4528632646296897,-0.6705872650326626,-0.5100594577218877,0.22005533232177124,-1.0291286742025363,-2.1529002782294047,-6.032180022209464,-8.698006707734653,-5.165362655025905
-1.9183373776281751,-2.3688691316718415,-2.218981825060845,-3.1746691154872275,-3.1479090648625436,-2.9756470676405367,1.040200833572626,0.34576124183814094,0.23983140805599096,-3.035789535538432,-5.144292660865608,0.5748716662700648,-3.1664109431261025,0.6618281525460877,-1.0904177096660868,-1.08723742980561,-0.5843742401972412,-2.35126125825745,-0.9608223896138491,-1.3425398984374262,-2.4333589937063205,-2.243512186998576
-0.9013658203377105,-2.6549814450493416,-2.5049301916247413,-1.7649413470752384,-3.6678220615026436,-2.495727804061204,-2.37160503925099,-4.362597319169582,-4.872996988633859,1.8852275931963356,-0.9670444221092631,-1.260953876296901,4.363342444606164,-0.35674133246969336,-1.2016796071290794,-1.616631623981728,1.2746470825201384,-0.4244883350651287,-4.875027999080874,-3.527587602329475,-5.121724959087452,-11.423470776500059
-1.7216246396767094,-1.763445710403273,-1.982943748787283,-2.3781657113526538,-1.677913695360432,-2.0301406490191893,-2.340303701062154,-1.3155510341332752,0.42477851952506496,-0.7776877265052987,-2.1788016151010328,-2.917935744669006,0.770084376674819,-1.068026490801543,-2.5414722741349496,-1.1243151104105567,-1.816573703440763,-2.298749827419702,-3.247751515565148,-2.363295455187069,-1.5909572786353132,-2.172642794108905
-1.8596987838413042,-1.699935955892566,-1.4811852665176108,-1.4753462537424253,-0.7749235373832916,-1.8703985107782497,0.21737280642314075,-4.786903544689743,-4.579010678229379,-6.163680953433422,3.4759689191846097,3.9656111642711873,0.0361921417973234,-1.1062027291967451,-2.3551620302267193,0.22852749070568412,2.264469921853594,-1.5614261922726524,-2.415574351524165,-2.083597027763036,-3.0458471749563505,-10.815235618426717
-1.7833383785481027,-2.0067890355379507,0.673705045457164,-1.7996200727162293,-1.0696573433138772,-3.994426964351692,-2.325343757612935,-0.0857576644425753,0.2151876439404295,0.41636686886741586,-0.5692899729300076,-0.5504536478939922,-0.7448700974242625,-2.457572341981434,3.038309874626226,0.225727160761338,-0.7754998610002175,-0.9984437405992824,-1.0012564095854741,-3.8888374034217406,-10.33948595017745,-5.966716191033266
-0.6141849971013768,-2.0720931803532836,-0.030492813745750563,-1.7255773051950478,-3.590361765845729,-2.0434411075845236,-0.7716213336919647,0.1178093090980448,-4.541208696603644,-4.785155394670737,-1.3835814491680365,-2.2322429917928237,-1.6992700170034,-3.752668548314628,2.6592116471630476,-0.006450045841988241,-0.7526522787188464,-0.0855268051435957,-3.082439780482065,-5.6197786313215214,-2.1954136030344378,-6.916199045937121
-1.6593034742727388,-2.0165492227835866,-0.47401722063965585,-1.198431411470592,-2.1859125692154584,-1.509617705536168,1.2136977308685,-4.407053688554217,-0.12370335551115354,2.2288622783675627,3.7617415678201827,4.387861162900005,4.049561909584919,3.758805763048932,0.5949328601598888,0.24630917554937282,-0.8601738565996062,-0.9664593097152765,-2.137122857875131,-0.9356435670978761,-6.8146874109166005,-4.180277097191627
-0.9616454000911654,-1.9739109689705936,-1.3617531096514932,0.319418167474685,-1.900920985779058,-3.281001563595993,-2.709897461679897,-1.0772081249217218,-4.285080481234633,-4.665644956159514,0.12801378428763688,0.03532593628385833,0.6551436207263837,2.5071170425196896,0.5377827172196766,0.3230252166173888,-1.4721335713757073,-1.0314630634573747,-2.4760437652571206,-3.80961589113538,-0.20573254602920257,-8.548145864173867
-1.8637837610327677,-1.9101455628914954,-2.269271570773543,-2.1038434118305482,-0.21420518753306952,-4.179280351239349,-2.1913726180971205,-4.717419905322127,0.4008437150024976,2.1636669733607983,-2.2522619158067707,-0.2835320092089877,-0.07591993497157376,0.7714835155019978,0.3075347901192884,0.0952398879448953,-1.447348157812759,0.026854462075121058,-0.9739124415262796,-6.189577149187555,-4.265484627640122,-3.1543139659273796
0.05472149842241238,-1.7888053923857452,-1.8061382393321526,-2.6288148000658453,-2.761640524532141,-3.036381935861326,-3.8111487366032812,-0.4261749809787033,-4.985759390952389,-0.8248970705347894,-4.489179746951922,-1.7167347687730015,0.10346462031790238,-1.089865105310676,-0.012254244491853337,0.9733898420131079,0.007530257237618494,-0.8173751393103357,-3.4990818404842474,-1.9292409772388883,-8.1109391206925,-5.5221421575866465
