script/wind100m.json
{"header": {"parameterCategory": 2, "parameterNumber": 2, "lo1": 3.000054539987559, "la1": 64.9999836372058, "dx": 0.5, "dy": 0.25, "nx": 34, "ny": 52, "refTime": "2025-12-06T17:00:00.000Z"}, "data":
[rows 0 to 23 of 52, columns 0 to 33 of 34]
-8.682530035118477,-8.936119387665302,-9.204319003251767,-8.796668838217816,-8.779430982929336,-10.176618240657863,-10.91849940473218,-11.030857012663246,-11.48228707379733,-11.564437712809077,-11.900322863717525,-11.910223383208722,-11.99697562001404,-12.169202196890618,-12.07325923749274,-11.540730923191264,-9.181884329721099,-7.049414516090828,-10.417924313245578,-17.287172540213792,-10.656038451097025,-7.040031683690136,-9.461249933414017,-12.841540174976256,-4.305578848843911,-4.701846819662723,-3.2725184034599346,-8.87271069179929,-4.37664066684253,-4.172138150033099,-6.256749668022387,-6.5021808122355935,-7.5394369099954055,-5.869380380264694
-8.1829765476719,-7.819578436192241,-8.57757308262474,-8.338739212435085,-8.628564676579526,-10.60397289186743,-10.806912595226004,-10.895864552627659,-11.372513479582539,-11.728513128370068,-12.024719707162523,-12.489358435499824,-12.223561175819789,-12.361918880381587,-13.021322990566167,-12.88348068401577,-9.790400804118663,-8.309477288168033,-13.51821274106912,-9.993415879995393,-11.507381826214258,-8.253660682301138,-4.546510536861328,-9.50351618552548,-2.3737737353652077,-6.0519463249034695,-1.0992248635912198,-5.046350565120336,-7.198912930968982,-5.534096383293706,-3.6155540086003874,-5.839807663916246,-6.032041852317753,-6.883238307539959
-7.115681888716145,-6.022595348981481,-6.32994758471121,-8.342027945744064,-9.454977705287972,-10.695712118082104,-11.127361931738394,-11.08450996425813,-11.724131248332677,-12.387733436007752,-12.525579309007886,-12.056371149001006,-11.976851259648397,-12.796358650543878,-12.356497594013483,-11.335652369050743,-10.299672454833054,-8.880085035237355,-6.857211897914443,-7.438692002665858,-12.015369100548172,-9.318169191136056,-9.053660117672266,-7.395889280731696,-6.506527386901741,-2.1987604137821286,-4.685888310133373,-2.3734035927788457,-5.520964152893456,-8.358869200572792,-5.254045595413317,-5.085419173766982,-5.78175507159415,-7.982117706768698
-6.6259109742293525,-6.19477310103253,-6.5875507457601845,-7.758298163795486,-8.974972494029856,-10.095191578172493,-10.001405960922181,-10.599219917069696,-11.457938749283022,-11.937227775826267,-12.57021806732293,-13.136439494161035,-12.600880847710853,-11.19500307496503,-9.893659494043451,-10.996786334420252,-7.592289796248355,-8.505850307477399,-12.66152127380026,-6.788924002828927,-16.852569778467902,-6.902782285417512,-14.998942430435427,-5.779275750713903,-4.284060987704801,-4.550367103961755,-4.437268023503882,-4.784127254542799,-7.858997789321177,-5.786654475937302,-5.903008194234115,-5.6275760272665645,-5.939503042150737,-6.744076781294749
-6.30660209836576,-6.189444558331278,-6.220114862728964,-7.747277647069158,-8.16533157562437,-8.56021171786254,-8.82534962496268,-9.391289824393818,-9.902990121895579,-10.842539107142768,-11.419421816239343,-11.813071823033052,-12.379452328994878,-11.768218997584778,-11.845107491880112,-13.390404403838797,-7.820843797581509,-6.7383393593286725,-5.260504292309393,-8.959269306742662,-15.139032681254697,-10.085099025221886,-2.8928915168933482,-8.224104481894644,-4.36512091734446,-6.392975754883237,-5.765122126405236,-5.147428601216082,-6.568429842658405,-5.702979902716871,-6.304101658422812,-8.049235257705337,-5.676601082531093,-6.623295242204034
-6.630783503876553,-6.01751033625743,-5.723279757261343,-6.768403911859527,-7.276527898834203,-7.495086248622347,-7.081643821496921,-8.456711916758485,-8.350462906288499,-9.110922890065478,-9.835481343307544,-10.006099718188205,-12.062685232487814,-11.678611553346919,-8.760371448833595,-7.6874217734980785,-3.7528705989204068,-6.954857422339838,-13.817228116607925,-14.29416562492513,-5.984627428826668,-8.105458176664792,-5.458385162344778,-5.505308504476326,-5.628428461304863,-4.948186290284123,-4.900034973181782,-5.553774968892902,-4.880553397927031,-6.572662105705395,-7.100566760892671,-7.025228130159977,-6.631711743220061,-6.309067019804254
-5.984826453893988,-5.576110583505398,-5.790409871710481,-6.030306793177,-6.306459641433332,-6.502427919664543,-7.0985561297988635,-6.828857015258982,-6.6990011537326755,-7.6464756508423255,-6.252456812824694,-7.884278084184616,-6.490580153302345,-10.695006880005229,-10.543265609127262,-7.654540090402941,-6.446224580136231,-13.905689184961586,-14.535754666652199,-6.865175682619467,-6.300961405160558,-4.914522170696713,-7.368759205313601,-6.57395969579836,-7.359760197263182,-5.150542240267619,-5.486325967791272,-5.523737423688724,-5.9271432883909805,-6.731624192012293,-6.471976596299352,-6.411557178783735,-5.229419274942844,-8.902378427455506
-4.568463851489404,-4.722393032428184,-5.558424668998704,-5.371997823998928,-5.682386165522708,-5.243066590490022,-4.736565049721079,-3.9788336191750795,-5.203684118114626,-6.0865582974208055,-3.5685776557959694,-3.999365165788533,-1.8853462759307973,-5.699578592224027,-3.439760503873291,-4.295147540934998,-1.3691658029434217,-6.714977295093973,-7.5909341387426865,-7.92639568447674,-7.701734326959162,-5.82457140351132,-5.390217907539585,-5.672491581880477,-5.1343619848197415,-5.5150512065786295,-7.372762205019142,-6.074935414536596,-5.433288784359102,-5.326341985431049,-6.399063210391296,-5.291857183356527,-8.758096933199488,-12.158835574647721
-3.815898869359039,-3.2928169950173642,-2.5461500020893153,-2.845722715402353,-2.073235334029737,-2.72663861045479,-4.160580155509013,-3.5803226365851812,-2.553530132033941,-3.2050487054034345,-5.905108180494506,-6.909210886481317,-5.0581877922504574,-8.242848250913505,-5.647725565531892,-6.645484339646031,-6.691023364502313,-6.8594009743520035,-12.219271621503268,-9.350471706469364,-6.938972879513339,-5.952865858127806,-1.513478498630576,-4.9982274775759965,-5.825190554289493,-6.330075952386326,-5.332937752942787,-4.9621049032412134,-3.524572571201978,-5.8676074073123585,-7.263671569257322,-9.594345631288753,-12.304382738913937,-12.521841464936337
-3.6555430527464265,-2.774805503692961,-1.0464943824298194,-1.9199871087433418,-2.2200657592414097,-2.755122584718445,-3.4973865124726795,-4.401679578210803,-6.30261357810408,-3.928880263750831,-2.697677278298049,0.4795670832086919,-8.004577036418496,0.6346249110060619,-1.8265508817754041,-7.954146666423069,-5.742222566267237,-10.16125603972439,-10.686156210326036,-7.413731132566312,-5.310005012627475,-4.678368275917078,-5.992603055125588,-3.965039670227484,-4.080113243815996,-6.886761586219789,-4.554931719733532,-6.144673183297178,-6.148118455167242,-7.184568130992016,-8.75551319249516,-10.610535149018462,-11.024092593718255,-11.094059986414052
-3.6400185275596466,-2.919303629391064,-1.4788135730789493,-3.5753547637088703,-2.8723823685791436,-4.583612789151913,-6.340902154610814,-4.855675902668953,-4.633951922228794,0.9437936752926257,-3.7790254809171304,-3.211899438996934,-1.189348403268537,-2.2006274257567204,-3.2127271487433933,-6.975121476849665,-3.805073771211387,-4.978112848168744,-13.160123999862048,-4.5332088239916155,-4.924121152850862,-4.389604238753139,-7.111360851492922,-3.6414460863522473,-6.5810660203379,-3.6690646084357073,-4.262889955548324,-5.930688771831451,-6.7210043272162885,-7.5753341927977385,-9.522473721291583,-10.272742790069243,-10.457291940251565,-10.93474829500269
-5.206718496456499,-4.501563101893707,-3.5506179125610418,-3.741239643215019,-4.151145773774996,-3.5297249285576813,-1.8995828520169236,-4.606044180283686,-0.5903894713290027,-10.321473517049828,-6.439121997356637,-5.7098275835192585,-6.492157218439162,-2.4451008489811628,-4.886848537951544,-2.7085334236119127,-8.57672012476479,-9.242610981096139,-8.81481575447567,-5.977890236196132,-5.510466656287499,-6.894815622125267,-3.0042448918933027,-3.748861177900955,-2.334056897166329,-4.949835724201347,-4.002945477049294,-5.193720467927213,-5.318750381055236,-7.639624316801157,-9.807036684341492,-11.066518761781056,-11.493965145167877,-11.377851364573617
-4.8561792527165055,-4.807173171301808,-4.7587929870045445,-4.649312852836122,-6.618905246628099,-7.0400185666570545,1.13098326637968,-4.5233190598756545,-8.061605782030366,-7.245262771977388,-9.637875536955251,-9.091404952028816,-2.7448171384168285,-5.05787238823594,-0.06764759984733582,-4.9108612286692,-5.627444848741567,-2.7569109845007627,-6.7319691758874125,-5.098390110379836,-4.006465621242346,-4.182791729338987,-5.7491911602767,-4.602177434444212,-2.378761222279254,-5.0736966077605485,-3.224407191588294,-5.08232253720784,-5.163979200378499,-5.552107976802592,-11.343154985294198,-12.811539409957375,-11.77986716867501,-12.95560490028669
-5.454575104715993,-4.82788351632202,-5.0487851864696704,-7.536941557648393,-7.09097135147591,-7.490185979508358,-7.399585375591894,4.189745799277532,-9.479080760369989,-7.744646024071294,-5.882829848074004,-6.529177299590337,-2.6583178012375677,-0.8457942782898815,-7.70805832107448,-2.7050592610514443,-5.561054555547425,-6.005834179808191,-8.808516249812488,-4.470067957753578,-3.1183352138605613,-6.143847699452586,-3.8524281544958208,-4.141241534244647,-3.3463305569435615,-3.00376920983574,-4.545191146078368,-5.311155895526096,-4.214399899872753,-8.258343024372229,-10.855416541069015,-12.794723484952431,-13.198229945757653,-13.546102151497855
-6.2403495965408595,-5.9660674889874,-6.742180174257046,-5.74299944894381,-6.9733495948566935,-9.415300532762197,-4.342412655709648,-9.668785332230405,-5.731523153531822,-5.194223386830068,-2.6728244822236866,-8.610215948074933,-3.0969209363537415,-2.9326390369771413,-4.4258948247959315,-6.040773865320993,-0.35178584787578643,-5.058255315233242,-3.0477389947342575,-4.690614263289267,-1.9010454908410346,-4.323954338597184,-5.285296628688172,-4.47914218078617,-2.31460686096684,-4.071560194994382,-3.875255842517854,-4.450926378863231,-4.70353973291073,-8.49176514083808,-9.944397760565225,-12.270486323358162,-13.407331517102161,-13.370089940147986
-7.507657239420899,-6.550625160646516,-6.403873735909351,-7.072140789755849,-6.525504906407842,-6.665115676015073,-7.985511393539306,1.6660472059671838,-2.824857640883724,-9.14337181136167,-9.094941864632636,-7.526096599256355,-5.959827889772359,-4.624769615795269,-2.096917541695808,-5.770872859473508,-5.124472617524523,-3.498209716719241,-5.2094991427416435,-3.900685617818659,-4.05800442059901,-5.02694164096818,-1.4264767861022256,-2.5670955383533793,-1.342593584253293,-2.44779253210026,-3.905225511599821,-4.0430895727330185,-3.617700165918834,-7.339988192343794,-9.418556830608702,-12.323181067448727,-13.397398983627943,-13.1861601692463
-7.7022072923702725,-7.287577684586105,-6.187786632730632,-7.047728519871644,-9.409463177697644,-8.884044466734304,-7.88724320338358,-8.073153909227823,1.5802618009663616,-6.291715858246779,-8.768303491780767,-4.7730362373574895,-2.565614678020671,-1.9888499028169715,-1.3039630364709716,1.0634101041721824,-4.03841828430568,-0.5617895721331511,-4.3341373488990165,-1.5967558078572734,-4.870471776182764,-3.8441563091127073,-4.71091557191456,-1.2620580472490746,-3.0183784929247413,-3.1625073807347652,-3.6376679869903783,-3.512628681423572,-3.103632562331489,-7.258391698688761,-9.578342981431621,-10.151222524524131,-7.504617327963293,-7.0970526901745865
-7.918798998392721,-7.486827326974484,-7.202709641386647,-6.626651052860285,-5.370849119242989,-4.97578883436733,-7.903991052394125,-0.3822654885175117,-9.875207702073322,-7.945861638616211,-4.201682931612483,-5.163328982903776,-0.9816168696843207,-2.6879543248624618,-3.4751525654215993,-3.8097133248516215,-4.176634671371053,-3.5006777013887347,-5.0445017460316866,-5.258391930750822,-6.014783841093354,-2.0679068414636674,-2.3525006885086346,-3.097870808721324,-1.4706187132910846,-1.452771870575899,-3.18877033138881,-1.752488996238816,-2.1654039945560295,-3.558490431037124,-2.095978417571915,-3.0797829887513912,-1.805292877928757,-1.9662658434815656
-8.863140332802496,-7.220371707990406,-6.388266099831675,-6.426086276094294,-8.470622816922049,-7.5537740140548655,-9.707918432113873,-5.228572284437845,-15.360058134563591,-8.240409292999393,-5.292775820358381,-4.014691734427868,-3.99020196757027,-2.1389798662416073,-0.6514627963378019,-4.958634439045696,-2.6972222971784428,-3.9733421849553223,0.205844257473038,-3.671289526284601,-3.1177628291595254,-5.049442340294028,-3.2721754848714095,-2.5146431445830184,-0.47299013981068677,-1.2411872822591596,-3.285415782869736,-1.1163837478890715,-1.8405812972278799,-1.5183256210735552,0.17336010750418873,-0.18658262512521517,-1.157108381742535,-1.1819573384749356
-10.556687982496625,-8.563776553782716,-7.195492849444922,-5.544462287763873,-4.1076887455214,-5.718600727412766,-2.320232433545259,-5.4022613094218705,-10.130644954323909,-7.318825998079185,-5.165971275721957,-5.183850112467737,-0.07314646508664623,-2.5579839814153518,-3.989688322484795,-5.5989888955201925,-2.073685249187086,-4.569531107977883,-1.5893613516425653,-3.654702379106912,-1.4995038032298604,-4.156742462489602,-4.372468573535393,-1.8604959139154327,-0.5507630771081289,-0.62400993508741,0.35861785890226305,-1.4383633254681456,-1.569670062111131,0.5952654353567868,-0.13916956554996762,-0.37477523624133,-0.7552913897463418,-0.41979864540880685
-12.256202741279946,-9.624745725953131,-8.255310237592095,-6.61370871743003,-4.308544833142652,-6.99716522022929,-18.08996358277071,-0.2803122395837338,-14.13861030979416,-6.983048353121084,-7.370020112458579,-4.447005511872116,-3.4975089218166118,-1.2639717711896516,-2.6907505337092883,-3.347403807403205,-2.863824095722705,-3.800721998630535,-2.8767208830818967,-4.737877527190737,-2.798909842931811,-2.1915811277540387,-4.666518262734111,-2.6298257614915928,-1.989347205706239,-0.835730434256632,-0.12119074987605022,-0.21461547772387463,-0.12239866920756015,0.1418701669582636,-0.017786138982014543,0.12239334335127183,0.03430320721357914,0.8101758990346948
-14.125133162886428,-13.292955490817176,-8.754648477150358,-7.2964406121093575,-5.5393113072107845,-6.012283405349953,-10.36652002518545,-14.136496230672654,-11.151786142787612,-4.751513068741779,-3.4064811876313326,-5.172719793680552,0.5858958833274475,-0.2377504773350444,-1.9192629570808621,-0.9763289526936659,-4.603609578310092,-4.894568139539177,-3.271966820087162,-3.1067374964358194,-3.485641860027795,-3.7037008048260227,-3.954342055484782,-1.7055635148923052,-1.8703870078309937,-1.7688149148639762,-0.0514014793162697,-0.28031937535756574,1.3249767819857476,0.780430360422901,-0.007136544445361825,0.33657467249327194,1.3489898201208808,1.8243248471066857
-14.393744498132476,-14.514734021772496,-12.839106447604006,-9.132572369492863,-5.817148522214336,-5.742342906453437,-11.180283700720528,-6.530718370509185,-10.622532694197448,-14.696842775868566,-3.1164110515520744,-5.783876531101276,-2.1010969283444405,-3.3166449922979973,-3.486963063110451,-4.194439536625221,-4.663299383606279,-4.5108034509383845,-3.402251622912245,-3.541709109175021,-3.7568664883807448,-3.891387429739197,-3.8221831130540314,-3.778954095408534,-2.2713192564530726,-1.5268230707939265,0.09278761949340408,2.572795726059702,3.5497597889374433,2.9830131845806505,1.28660932422582,1.8621537811187432,3.066325751871169,3.269521558286191
-14.94862014961993,-15.091049955821992,-14.378821423112823,-12.591252599031465,-7.903857651004938,-6.180851057959028,-8.470047592090431,-19.411316271281734,-12.678007459151507,-6.716190923414746,-0.5914739336103789,-3.2819210341269187,-2.951037975190901,-4.426171766959407,-2.9614219099684207,-4.481684239033342,-3.3447901441488703,-3.780442450191049,-3.6101194340354024,-3.7531313526764247,-0.49206371610268795,-0.3469032645767742,-1.5160468656947121,-0.86310400332425,-1.161480228287954,2.5374357140592325,2.752584437960638,2.382190624766797,2.7143641688784164,2.6362833106862666,2.0995603001081027,2.468219635807647,4.556196474525177,4.0594952467307985
