script/wind10m.json
{"header": {"parameterCategory": 2, "parameterNumber": 3, "lo1": 3.000054539987559, "la1": 64.9999836372058, "dx": 0.5, "dy": 0.25, "nx": 34, "ny": 52, "refTime": "2026-02-16T17:00:00.000Z"}, "data":
[rows 0 to 24 of 52, columns 0 to 33 of 34]
-10.985397076620753,-10.357820628066012,-2.805895748476176,3.1807945131040616,7.010469775445328,8.036216279105618,13.620546188254012,16.429854866898086,15.375589463318342,15.215509336796154,13.283763624999793,11.859167380202736,10.301747066549234,11.12094098267618,9.756450447816226,9.614422695208582,6.494206475759206,8.937588003632026,2.9227498037293054,9.586771379706358,2.2002355783008003,0.6941542705214675,0.8072582570701428,5.125787883807213,1.114504392961631,0.6650916272864599,1.139639079149927,3.4954939250609582,3.28855700413595,2.253705861795808,1.40627630337388,-0.612108528967002,1.2964495065135326,2.0398550092407963
-10.479018200295648,-6.700680719182448,-1.3700706962551368,7.698130071878551,9.316590422598479,11.636964360622695,15.266726997041912,15.702137282069124,15.364371462092059,13.353938140233526,12.365405145402907,9.925272858282954,10.574800552131602,10.391653631581775,9.32329401469172,9.67790606505416,9.874189588211737,4.961733723138931,6.1760532283769765,4.889663784836532,1.6757243971331592,1.7836200719560484,-0.6897600121196338,0.9841488367010833,-0.6950000788331199,-0.6433763292070912,0.9025721816119995,0.9023621906908273,3.1726976129629043,3.792441536208255,2.145213608686836,2.4353548771411595,-0.13136102152256418,3.0260331865138457
-9.53026642126854,-2.819661571291813,2.50983897696075,5.472334722014489,8.145133110661204,15.002137180315136,15.880162877105228,14.89562552230335,13.428265956132147,12.641108878907634,10.023581844999043,9.501403472583329,10.04757857460139,10.245471400789029,9.037711403958728,8.386646226538968,4.21840020121248,2.1806232986632166,-1.8680466917652006,1.9344849586702018,-1.0354865976120644,2.597592557945104,0.6640271960149926,4.391678174373389,2.7369016738996854,-0.0904057489585125,1.381273856224738,3.5323051130448744,1.923327021658896,2.7373687074405284,3.9740522232690947,3.110528242585304,1.999889165964752,3.357507174170927
-3.092982006306531,-0.2684751628009627,3.908174324388697,2.2476079706905696,16.867143121389784,16.87356040390746,15.543193515898851,13.939431304509158,12.021428299300924,10.999786059601929,9.891110071084224,9.076567286431985,9.413923233284946,10.166876674504955,8.981224707684493,7.292467994327597,0.13488431600364573,3.124315037818841,4.156424667716302,4.200596538995113,7.202764349260297,3.460375552041857,5.409653811641311,3.365824016420999,0.3498646363844816,0.39814897765460944,3.1913901600500933,2.4389979183135364,2.5520440368273833,1.2256403033356063,-0.7348874381879906,3.569924210441603,2.719557646364712,1.9625895330614247
0.18269769365307278,1.0439800414008074,2.872411994574514,15.852566599634844,16.64846155639118,15.934830481287277,14.420558392258744,12.895200928183993,11.355913241114363,9.327409014428458,8.668682197020978,8.027466075508281,6.999632903143683,8.536645711091245,3.6162313480256567,5.448372568812652,3.8798858954699864,0.7215581545149746,0.8664796004129564,6.717962864789293,10.334629295874104,5.707275186388024,-0.008925221477868743,3.6513564561332243,2.407385287559507,3.1312756956258827,2.1115747519148393,2.2576556069500135,2.56089803431517,2.853023064668532,0.5756224412367706,2.919826956612204,1.9334590395165725,1.7832700762777143
3.0589874069199103,4.173611815990798,6.369858255875342,14.978146890502975,16.88628854829297,14.755026908890335,13.381941134355536,11.730672987754085,10.606682881695853,9.159599286743173,9.031012042332927,6.059273236309854,6.180475656067034,5.969935898767664,0.16572448940774365,2.7808051425304243,3.5277412615124257,2.8534259891986715,4.537684834101554,5.374047276017117,1.3769668958432257,2.4021812953186616,3.0940460395108595,2.2015872882658867,1.2951061897157186,2.4223795352889654,1.5754475390907747,1.6629210136312391,1.4453789891987376,1.4592067753826303,2.4823202737307506,2.2374490038291364,1.433904507214604,1.2234924299936227
4.648025744423378,5.346888471061491,14.142586563935511,16.34675521060358,14.847248576289473,13.976198739219756,12.811028229547233,11.050710451202182,9.101098018993323,7.7565096086528404,5.747637145436203,4.341569297512905,1.7290302186413198,1.3749781530057765,4.703776050608459,8.669214467538582,1.6417269187332004,3.5879258785756365,6.266650815048054,1.5275810178281384,2.4631514328383544,2.4467912103558924,2.82158409640589,3.266281401995558,3.8906645381824982,3.27303471242274,4.45125083248154,2.2106583218710614,3.0603494316869093,3.311014718684234,1.9649588788650008,2.598232459431349,0.7967707771665822,4.284553740638356
5.121646625567513,9.77282041621948,16.59083786294423,16.037203989621908,14.586274222871115,13.544497145924351,11.555917344701797,9.693534448777475,8.039222716867084,6.165971715650943,7.804596000350951,2.247764818769027,1.1113565022855327,-0.3965352302669892,2.909703494547658,6.353942980487564,2.05688387456886,6.150592916617222,10.53632780611139,6.461344411246819,1.9083231443734225,3.61424680595466,2.251979123026513,4.292599560832571,2.2229331171283726,2.182035219944134,1.5897318176268322,4.197809458829038,0.957633583203918,1.7544592104560186,3.400241277285902,2.055299105438191,3.1569543696413986,7.330161595575969
7.036132591538642,16.479519808163968,16.64711802157721,15.182976609648529,14.31540456272385,12.956475840433836,10.572646775103882,8.995939040032217,6.4995287635578025,2.1745572207726234,4.567169077923686,0.2044055797020777,2.8631998544893444,3.1952614931812198,9.431401567809932,0.5885552199136487,6.587631797660213,15.035035983350177,6.621243406012102,5.1122741297840655,14.789132990675368,8.493397398751371,5.443072956833169,3.2694296478949845,2.8992696838055365,2.614510174676993,2.945327690916144,0.17380192018250387,2.2678029724263244,-0.20916165019291363,1.6360552360234017,3.422455332039428,7.773150207842505,7.204045400808389
15.669954339010784,16.811737914629326,16.741445333535225,15.023832083365406,14.281963164584397,11.607936504514369,10.032000192569948,5.473319943895862,2.4620617105502713,1.15394530478098,0.6433105359811373,5.544843085804837,6.327672516991825,6.847849906314947,5.8789986019246285,14.479959574541914,5.724917318627816,5.9098279154232545,3.185357885014125,2.4850067808861227,8.167420989820194,2.6496973770476253,0.6200062335178599,3.99873991064169,2.336350313132777,3.438668496035073,2.400264143787589,2.227146047304787,1.7040858080590897,-0.11210313006287098,3.7224120283494484,8.252516609098606,7.588160344628958,7.539046611033164
17.075509955861733,17.075637680035516,16.380217252405057,15.432515179637736,13.442936421727735,9.219930263118616,6.4947027157001385,0.14518549932927144,3.5363738164181195,2.9630656746424675,11.46940561462006,8.111322859443689,4.033318191706535,2.931604442739876,5.596238515938584,4.767800404829338,3.618873019635821,2.0267636456359526,4.006612191610948,2.190037158127583,3.393433059138261,1.4045485828952418,5.9153951842236525,1.1355626022008063,3.810486196965241,1.2701191499123015,-0.8658780173473702,2.573504031706139,-0.340465633285427,2.5496042514377177,7.4760372745076955,8.35906107770648,8.283539704599596,8.283225917011187
17.0249276824905,16.782071203406336,16.18398111133044,14.56973342680235,13.515955596735274,3.4934367060445193,6.400590982646473,1.4034641836576778,1.714730468466218,10.485587793874016,-2.1936001452274425,4.0376233682190055,7.262264615549269,-2.004708536540627,4.454071837410487,3.9038525665725046,5.752871240137799,9.870604325611582,7.754960261239149,6.125940244195945,5.362913452610184,1.970662043553259,1.6269759327333142,4.603590069881597,2.7443556212065485,1.8896244127690829,2.741220351026565,3.0182684794013586,1.8000511842711528,2.951210913700752,8.928834753309587,9.478704400895406,9.29693883918273,8.862899339114515
16.21596728509117,16.091673333623287,15.511275595470448,14.353887153734977,7.188949794335017,2.0319231920284406,3.24363305427245,0.8280168673617014,5.990218602692908,13.387866322755727,-0.9842785768046315,7.977018390739123,11.845647278965876,14.10642998432616,9.32093151449688,14.005179382727361,5.470786295796248,2.02415432904921,1.5013078782047349,2.0960635959147864,3.5617748355702115,4.084622667556335,2.802454577850593,1.9114089710614866,2.4738523718740932,1.993635232371713,1.9043780305253037,2.5511482443681475,1.400791338434546,8.316576267774023,9.949311357750803,9.806850671443268,9.428925446758017,8.718334128622866
15.579506092063776,15.069555846895861,15.112434673308584,12.307275038827113,3.8459459659780273,9.350726911016771,6.532942313515089,1.9757043098766338,11.819062530219382,7.555983331502917,10.682975604815761,10.971962117688506,2.262518154561086,0.6120966341190611,5.008967288438501,2.3017564866560414,6.432058184902293,-0.8416985321480388,5.245752849654909,2.4408283936825734,0.5354466403768978,5.345291788187807,2.6523399802017824,3.0853568001346763,1.6041771278453156,2.606190186101026,2.395691487367667,1.4381165245142427,2.540077718322547,5.823429483573246,9.319237422042079,9.35252308098435,8.868682223524582,8.413454641294912
15.502898984634955,15.111748505162316,14.012332365566293,9.945829898132677,3.342834203900637,1.3867512440478005,-0.3640633892385045,10.736743910806826,0.0894384538228342,-2.0202950491395204,2.239816338349925,0.7210276209165001,6.497134512778601,4.181929388965765,2.777600222744914,3.1628944745017686,3.0912688011257647,2.7772862077812053,2.220888393508709,2.159255910514733,2.5349942212994514,2.004493974006238,2.251233658494465,2.36585750862788,1.7828421723162378,2.33230518216821,-0.1078161805843125,3.16887937899899,1.8853300267333915,8.885070039211431,9.224381639071895,8.67805349304114,8.495984361018273,7.952343299288507
14.51192083125468,13.808409077435938,13.250887048556518,9.685570828951388,1.0154944824319108,0.8541575244164434,-0.01672377621082369,-0.05007662136097739,0.21236562263748981,-2.5326089831014666,2.435338900880425,5.4640676730003355,1.5053581631870045,2.793477268769031,0.9232154097534986,2.4071431955900597,4.167567686184655,0.9267482983042025,1.61936089705237,1.2937451553117965,4.224155775899319,2.17608120861219,-0.3331610715529841,2.191865109616851,1.9596546431496615,1.7570103042464285,3.472522493483257,1.449826909211676,2.5421654203128017,7.873212940076635,7.163153215237102,7.712939793506141,7.705126010697405,7.364623885257304
13.843134129372826,13.737404013617383,13.324275173580547,10.73277649398126,1.263509452946686,2.401540480389334,3.5095204149794643,5.69998874617575,6.018206441680632,10.235893106659963,6.48601811878956,3.7790332992037,0.15928415187194428,1.0071351204398198,0.3447189187651141,0.23282333840333497,1.3358856083364292,1.8704313413413554,2.0916086758360555,1.0846074749285959,2.0586537045953146,2.6835999598897646,1.9075331813043235,2.319299804224867,1.904932534879622,1.189600991232493,2.542610340105153,1.5728319926917167,1.7218475898154835,5.567346349941187,5.6176332619807186,6.582493420668054,7.065061441436123,6.849880019585455
13.366824088873177,13.386125492020854,12.806481246233373,9.626933831166184,1.1225652828281596,1.6105572163222734,4.64267052251926,1.477427749235809,8.14893289654454,5.43766117534347,4.199097236433301,0.6743226725741404,1.8694466758729174,1.5211537260183687,1.4196581607054306,0.5625902806005574,1.7806240820448809,0.48661136749882905,2.41663580401985,1.2800534077967514,2.3900928417110436,-0.012721766272461682,1.0230404912154158,2.9565588964721763,2.0899461615846415,-0.6474018658104549,-0.29165747954922944,-0.01865902544638041,1.369015760994325,3.5721325971963855,3.6479335929702925,4.274951092632188,5.747585783279896,6.076020958326792
12.88827804153399,12.308295890407342,11.911948778679001,9.69948097086704,4.207824663853164,0.9140701512660853,0.45729243914595136,1.8649618254418636,1.8970374871934292,2.5623768560527127,-0.3264819594348263,1.2452395519270547,1.8238225322247537,2.1404634783745515,1.5191777831326756,0.9300797762797826,0.8262510642089431,1.3633985364330394,1.330775838007228,-0.2640826438286076,1.3031471143520605,2.758045036067978,0.7308874836352693,1.6206379703143867,0.9265557770553933,0.5767889143786756,1.7635332219834456,-0.008071425065786557,1.171909973831108,1.1739754473791546,1.9237193123349328,3.2715492613196964,5.04733167238649,4.915247858282794
11.962812640523907,11.186276061984453,10.70985566664412,10.034336776505425,2.201142565466211,1.3394277983319594,-2.2414233198645563,5.0550606371021525,9.350880946889564,5.763153188149198,3.7802375160121953,5.593982640597014,1.011858977755194,2.8553501223601847,0.5144269115117222,2.550904004853846,-0.5792427091875639,0.07813151653820168,-0.2175464136263228,0.5703710243079649,-0.22073740419420504,0.5437581654156987,2.0438070744636234,1.5259687360813476,-0.16988840533905267,0.1927263721839054,1.125312579192011,-0.27411730226734515,1.8459806822474591,1.4968436921062795,1.677644660509577,1.743681582923607,5.096892999020791,0.38471804865047027
11.728829032293238,10.817368050554059,9.332511711766752,8.604391897673832,5.425781683210936,1.8548389031060388,1.8728545637616933,1.8567874396910196,8.527750532647508,5.132348837762446,4.089377084258093,0.7151598166281499,0.42420607450024633,-0.5145355698878047,-1.6131137019661985,-0.1476620958854786,-0.7766298796522104,0.9962743200958152,-0.7577660823972381,0.054160867878876515,0.6714255951445662,0.9874884394616238,0.5661226178055567,0.6233787725341983,1.6674118018838646,1.9113865787377564,0.38125370955424404,1.9134732101932683,2.192336512231164,2.2395378237610903,1.7993648286320227,1.4368419117634215,4.6110408116790165,4.24488697857913
10.541148560576328,10.560472736296893,9.986492934777575,7.897360861577654,5.3266249614774255,4.20622745727764,0.15408264594615625,0.6006407922031125,3.389155112032281,1.08850477415078,3.1562911284163624,2.2670840940047614,1.0005496051925586,0.6299955792495867,-0.6362347062002565,-1.409803408840348,-0.5231818951514222,-0.3511990916001928,-0.07915035676143602,1.1359111675817297,-0.36005181353646887,1.7861752571419491,0.08604344268042102,0.44327559546689616,1.035435203498101,-1.3040273323212732,0.9519165495030251,1.5043814945855327,1.3660397242244018,1.7111977982410018,1.0604878406212401,1.2249942042745732,1.2978615914806308,3.825958215746697
10.137578257731565,9.829270925910478,9.327628836250275,8.414588854199026,5.626601438105769,2.572037580873192,2.824483057074678,-1.007272072173502,2.217535780546681,2.4974188800623236,0.8390905664691246,1.6507575788453888,0.5655399254233453,-0.33621503373468636,-1.6566982532824357,-2.493943367026447,-0.2855622102648675,0.5185135012196093,-0.06147908427395951,-0.30040585426770705,0.4224186902121582,0.45207230765401424,0.01946984536173271,0.3851922847885466,0.757524555323467,0.392628687258347,1.2625809499666385,1.8106294089851753,1.1907643661289078,1.701692050967676,1.3268535698993051,1.3172984452112046,4.051545519522889,3.720294187741983
9.009190593811338,9.818441688296934,8.869459976327386,8.533963941415498,6.894808976414404,2.2791622442153257,0.645671920600719,6.293303379392106,2.1016768507207493,1.0897296618735965,-0.44240769892006815,0.19470832788366002,0.6004704734569826,-1.5494905331256101,-1.7958921879229521,-0.89149108305723,-0.43892548123638175,0.5383683607313492,0.5399469824814994,0.9950200686533484,0.5696047447391339,-0.7759243358691433,0.5593984443482379,0.9147839155735833,-1.5843112997252182,1.2874687107370955,2.764353618882315,2.3274060139434445,1.250495180100331,1.435485067424704,0.9792020160742066,0.9803234535860298,3.89346157550543,3.502188296737136
8.885032526658245,9.092710615327734,9.704982810707788,8.044614781285363,6.811105417460703,3.71657962050765,2.5152512638804914,12.006614772144385,3.641650701828812,1.1644865054357831,1.1663448147987878,-0.588229164158622,-1.2795673263349983,-1.4458863659451382,-2.185523509369494,-0.03483657384784356,0.2989112433535339,0.7908954898959907,0.7245715387320174,0.7328705737183826,1.7026222186566975,2.396452484823197,0.7784330157320422,1.0083648979282833,1.7925616803253723,1.8706891296524029,2.555606922873017,1.668945863699009,1.01250562050853,0.8043619023020182,1.1763453433694775,5.188432635483187,4.017680672084573,3.3927473055762563
