script/wind10m.json
[{"header": {"parameterCategory": 2, "parameterNumber": 2, "lo1": 6.000198445256149, "la1": 58.999992894266676, "dx": 0.5, "dy": 0.25, "nx": 22, "ny": 24, "refTime": "2024-04-13T06:00:00.000Z"}, "data": [-0.8548078590607034, 7.032759226660832, 8.006253185450488, 10.664023069867302, 7.0052707013445525, 2.101337609782089, -0.24611563339740605, 2.383933159511829, 6.502689011016489, 9.487448769867205, 6.202557015217786, 2.796530746902031, 1.7340195898616324, 2.086736753735814, 3.798363602007695, 5.665984251641695, 3.485697272590622, 2.2180556652230794, 2.785487833782708, 2.900560618055322, 3.197481857812698, 2.307172577627183, 1.0332433840598656, 7.519948236732395, 6.079269619270943, 6.365576342980873, 4.01522162982318, 1.3619632418337562, 1.1124856070411, 6.472686884054294, 10.106783655697399, 11.206115185761202, 6.805028075751976, 3.921037240980013, 2.7779444181340325, 2.7379097660413914, 3.209199260086963, 3.7983262678776133, 2.8782233341468064, 2.152516734081874, 2.26776295341064, 3.6801862800713545, 3.4369933211807995, 2.644110231319012, 0.3767669788994763, 3.8495902087040488, 3.0286845957233717, 3.1735427988003013, 3.1885950202164963, 3.399081479568336, 4.5855269786308925, 6.994128373114327, 9.957142814454533, 11.005164712224843, 8.895601888571322, 3.9262874756004784, 3.6298643456150628, 4.260141380934601, 2.5406939639262465, 2.9767331851227548, 1.7890742391822434, 3.00219081368349, 3.9815491811447075, 4.857199509600502, 4.36042351667061, 2.952526769374981, 2.507534147633317, 3.410386021548204, 3.981682696289453, 3.72376438637872, 3.056248218231771, 2.2270312307268383, 7.423464256653446, 8.586912634851204, 10.11792205649418, 9.549713379574726, 9.742932622463258, 5.257399694573502, 3.6813688954797605, 2.8501695207746365, 3.846247769052363, 2.971320787882235, 2.372728392422776, 2.436949639475529, 3.0966527968173523, 3.665795567299698, 3.699627759989675, 3.238940204815131, 6.2673082483798295, 8.419129132346901, 7.093475979684744, 6.344900251927077, 8.11034544097495, 9.05241250432733, 9.209435222379549, 9.376664808427918, 9.310418775418865, 9.185617453646664, 10.028004016042368, 5.405940469462761, 2.9763714701586506, 2.585652858278192, 2.423991702526012, 2.620546285556765, 2.6796041338663823, 3.1258941854908997, 2.9565084155038983, 3.314654015958464, 3.260504274506244, 1.8799364450980363, 7.481644600558625, 8.86836150887037, 10.640768604155015, 10.714500664677546, 10.769645162886972, 10.242258472379158, 9.745090251438167, 9.596070420063008, 9.022731501215592, 8.673707542685818, 6.438328489281144, 6.6958646520466125, 3.0849879243893046, 2.8176987799488744, 2.5113196254710903, 2.2932613640200086, 2.5643557331418942, 2.55717935871914, 2.6182784608530665, 3.268315421930028, 3.6564586361104023, 3.117236777575024, 8.324195772808773, 9.884806745671728, 10.832509945580227, 10.528707757371174, 10.59198304800847, 10.248356217194585, 9.230297107654382, 9.466732683994579, 6.9776729054972915, 5.610464760922369, 4.970044396841334, 5.9433151044884305, 3.8392536945850386, 2.845341775130104, 2.6719800199952184, 2.398174496070088, 1.9664895916500809, 2.6411998126162515, 3.0733474863327603, 3.2774568883307245, 3.6237760700182315, 2.8872782117091367, 8.78348783414253, 9.723914933049587, 10.551069473698524, 10.600627409719657, 9.64668142054891, 9.299442606085243, 9.270529136372149, 5.521118551892549, 4.567669734702641, 4.839403518423775, 4.308634039385504, 7.2820415713077935, 5.988025759306252, 2.648189849225981, 2.3359049336746036, 2.3138720164570166, 2.110042492192651, 2.4934012678127653, 2.5449453239655258, 3.3345363293567374, 3.245024958617513, 3.637041180614499, 9.321289459657132, 9.532378190875871, 9.858101176513026, 9.596502716332727, 8.628818060059825, 4.608779403286285, 6.376921886694746, 5.863506910312048, 4.390199700980829, 4.932060083538576, 5.651310946768013, 4.627593504012557, 5.502753270662329, 2.678155020492001, 2.110397676037662, 2.0676849665042303, 2.4007274142798267, 2.199481122348067, 3.1735585911807465, 3.5521699739214774, 3.4391608291977245, 2.9979130507051885, 9.847838300862305, 9.785111326329243, 8.8303114548488, 9.043451832425259, 7.6467251087540715, 6.185041312889481, 5.333848234465696, 4.9397818757619865, 4.860251836971802, 4.846185655118321, 4.258575361566938, 4.9905110282605545, 6.422862906755639, 6.248692822516489, 2.3409054975911094, 2.9078798569104727, 2.4123810348162595, 2.8278154903023407, 3.32800979763922, 3.2100473397243645, 3.5109449708099763, 2.3774426479024338, 10.092155386470987, 9.39110706609844, 8.495060443015763, 7.734289770966706, 7.154577350679429, 4.659588498569336, 4.370346330745775, 4.327995010584715, 3.923503502621637, 3.5925402090520713, 4.09623957027718, 6.577131132168374, 6.477189407526523, 6.893095173813392, 4.218214756837953, 2.4910773884394466, 2.409682892192496, 2.66629001160689, 3.355362392266233, 2.8565852609471194, 3.1488257079679345, 3.321428202734121, 9.475055178998788, 8.572822792129063, 7.892735202692875, 7.134903203991271, 6.702224729619281, 3.3318402212759355, 4.384843647228103, 3.805424612226235, 3.451201488918293, 2.217495018004538, 5.492327097791766, 6.799028196219278, 5.934309599988709, 4.977070261898055, 2.393250597200109, 2.21545537899549, 2.769240358237016, 3.4123444491949746, 2.839233453917491, 2.7348248829833244, 3.3469481538530506, 5.984389978756668, 8.743655465396435, 7.881321538314011, 7.1267098498304495, 6.364004113817518, 6.398972022923692, 4.545679144558596, 3.4017678951455936, 3.6704064250620636, 2.9851701980315117, 4.582539589170757, 4.719292058124362, 5.301714864269107, 2.710558452618275, 3.845175630379614, 2.339803317957469, 2.3470257271536936, 2.9493359687080587, 5.36135751299028, 3.4808302034101293, 4.681538301327779, 8.19665633584264, 7.616477881135291, 7.758502842130561, 6.540143925796899, 5.932234241491833, 5.976348398156036, 6.599547834161836, 4.403322840521662, 3.8126851667610646, 3.022532188801871, 2.585860574478503, 3.9320152390662733, 3.4941757695594196, 3.394875795765175, 3.6238792599830014, 3.277295615612236, 1.705628608115346, 2.868995153237837, 3.5109767580563163, 4.67532483597693, 3.7538094165657205, 6.35690753382577, 7.825806275104306, 7.735964160045959, 7.028105726315448, 6.478983581479313, 5.5358041654764305, 5.933900627397039, 7.038882678108393, 5.539672385447551, 4.354510825405771, 4.0303070579918066, 3.022107301570609, 4.145629242218749, 2.8051791743326886, 3.1861195728153, 2.9009891233185097, 3.3048040217559977, 2.5991967516685217, 3.478310357453135, 4.082409155507359, 4.782744187152726, 6.011697936489694, 8.414319018380896, 8.846529865892734, 8.05967862074248, 6.260203951506701, 5.646266883109831, 5.6049435516606945, 5.952261801050371, 7.3295916335893425, 7.758729923639371, 3.7396620121057174, 4.2444459313883, 3.8709237456663113, 4.153096161064136, 5.064765522944187, 2.400170677355239, 3.6363718534267395, 3.336839180519188, 3.4962122960027857, 4.329704382014508, 7.036682869809214, 7.931664841371343, 6.573081998439171, 6.83281064629445, 8.077007410274978, 7.865009381695393, 6.389004097242726, 5.960205292235127, 5.594792224301967, 6.0402306734931255, 7.246519555071857, 7.729258874035828, 3.7315277488285146, 3.9584823679771874, 4.660294890368967, 5.347647638254073, 6.538772021967813, 4.944485367196726, 2.5779464032843, 2.2418379033769233, 4.717817102417191, 5.041957808275755, 7.043127259687016, 7.444595144683489, 5.589766016453027, 6.775107117216451, 8.501807128894603, 8.094637618254229, 6.149502072796264, 5.98315551708208, 6.094924261081363, 6.1810740411403415, 7.178387014412524, 6.497541269649071, 4.415985451058635, 3.502758075876248, 3.753926015746333, 4.729378532018677, 6.8696852698969515, 5.452384829266054, 3.4945348137385523, 4.654541838945317, 4.626999680428668, 5.330441846872003, 6.037045422792162, 6.806152485406935, 7.217537726403501, 6.712699354639293, 8.314503284629822, 7.667385776817808, 5.65232227309275, 6.554233131394161, 6.059891030859501, 6.637357017586896, 8.003843124937774, 8.584231745473646, 5.64793512130188, 3.732000838172414, 4.140024734579954, 3.784064678741187, 3.5108770338182906, 5.986112269542978, 4.233752767647139, 4.9652813647414025, 3.92913146966138, 3.718255416532512, 4.4011530935139005, 5.09399269015176, 5.908084643200668, 6.581057387522152, 7.740908781368746, 6.348118937245819, 6.24213583886474, 6.430470897893954, 6.7829865122975495, 8.01335667390142, 8.33304900839086, 8.98089332276705, 5.018652246558686, 3.2626061268009154, 3.327822314707134, 3.5822117465996235, 2.1476366707884504, 1.8538428582179651, 3.134904338983695, 2.4333387136632827, 2.8795563615856583, 2.41028523656793, 4.677999501171501, 5.117270087841509, 5.625495272752021, 6.6942380248273405, 6.377733308706345, 4.851976353714595, 6.647740055351995, 5.6866352688323545, 7.1143157619726844, 8.375192589510421, 8.35347756974744, 7.578998758635794, 4.50594840666195, 3.2030641026561355, 3.40882415338675, 3.313369796836821, 1.6464841012517974, 1.2737442656728513, 0.6016513346605828, 1.8235338501296714, 2.831138477868889, 3.8436001890672444, 4.33046405103934, 4.214367782200433, 4.1489769913312005, 4.587956310056722, 4.5895019626464455, 3.9184263595124764, 6.445553890061749, 5.805204202156809, 6.698590457669882, 6.332478074779758, 5.882206862710364, 5.311405094648111, 3.0428880905716005, 4.0764436079823625, 3.4898858560332715, 3.6923284274032553, 2.623410764653762, 2.4784965968831103, 1.9694357433814533, 2.12772128797847, 2.2741742726163365, 3.475875542736737, 3.3775356383774837, 5.253209676855975, 3.5636980351916003, 4.2627852343907415, 5.183505787004095, 3.8677084939082325, 5.694850719859445, 4.644990261004932, 5.244851206264935, 3.277034108941329, 4.138801925780497, 4.123967004687103, 3.424648381323947, 3.544560470710378, 4.803437921436644, 3.1388257969007256, 2.6563206767965353, 1.9244530975751684, 2.0438509996454335, 2.1181110900793088, 2.4397230989671823, 3.4192667923393585, 4.008594270718044, 3.4082705920331855, 4.2172120008412515, 4.074023627140237, 4.899609850435846, 3.659823679428778, 2.1558282101348953, 2.6362780304210407, 3.0974420782419836, 3.401605646747981, 3.4326715487912733, 3.8146564962958203, 3.7682386434002306, 3.6848326638165387, 3.746413559402518, 3.564073388919575, 2.845607523140457, 2.223635923355452, 2.2134385167109505, 2.0703324759771875, 2.658286948914663, 2.69401099804896, 3.9700207937251113, 3.7824685802403333, 4.995428303471734, 4.035950139341867, 3.5702066071949936, 4.808130824672702]}, {"header": {"parameterCategory": 2, "parameterNumber": 3, "lo1": 6.000198445256149, "la1": 58.999992894266676, "dx": 0.5, "dy": 0.25, "nx": 22, "ny": 24, "refTime": "2024-04-13T06:00:00.000Z"}, "data": [1.4090698942178512, -0.38880132690912106, -1.427530580926203, -0.8078316367267308, -0.8422019181470457, 0.1586418357573347, 1.3012097038657016, 2.7600459826024633, 3.3497340239893307, 6.411363225532825, 7.0967358675461965, 3.370751062514063, 3.2374241314582455, 3.136325006555612, 6.323229563690927, 5.851308881452115, 4.296677516983002, 2.0710997524296215, 2.399876781659509, 2.4682436025677177, 2.3658616644891435, 1.881202550475802, -0.058459226031370014, -2.9799226108942247, -1.935834578263434, -1.8739881426596678, -2.0453657376286913, 0.9759224137467835, 1.7138647032429128, 8.190230607550788, 8.346515663218879, 8.111279139493819, 8.23916059545408, 3.503979795028597, 3.6240827837577876, 4.263507660061798, 6.479066441066659, 5.9076707072693875, 2.7824650825598396, 2.601584196819153, 2.8756627783901667, 2.3564779148294877, 1.8144427893460529, 1.8575590170431653, -0.3145984358310024, -2.496269786487791, -0.8862374824921384, -0.2818018567656428, 0.5206447509888881, 0.4339574467076582, 6.564649474879311, 8.007532082925263, 7.224155814192977, 7.6713102868513925, 7.550573404090799, 3.4184766526219397, 2.931328391463044, 6.188564966838143, 4.42539509817619, 4.717808614099235, 3.1883675430333165, 2.744007316949903, 3.7228620036380975, 2.073249409188174, 2.2563775705020213, 2.023041776152381, -0.4499802811138062, -1.4137912234926457, -1.8606021655860956, -1.078627488753479, -0.8559169317883132, 3.5447503804340235, 5.976643199888064, 6.022427680867164, 6.425828618542853, 7.506600478411109, 7.478840922290643, 4.771118905130049, 2.975783898959914, 3.4291710099855455, 4.975875498750098, 4.076628057876808, 3.0264805926055685, 6.659269520287858, 2.3945746278895395, 1.8581193073275863, 1.3260123000293664, 1.3564968928608439, 1.2375815955520701, 0.05340510336375884, -2.0432715898970533, -0.15449982416865277, 2.9064574577835365, 3.369631955057353, 4.294242171894437, 5.075356588405913, 6.691788700709982, 6.748844055750377, 6.624482958031495, 6.613908611448139, 3.1959710737689893, 3.4306775513421757, 3.5261218125304334, 3.637324440803089, 2.8180015153134623, 3.769629343346494, 2.5519310735290053, 1.5761115142646263, 1.0618077984854315, 1.464221967842349, 1.5146247958219843, 0.59269677646569, 0.15427752183458088, 0.03114385364204868, 0.9657397745074596, 2.4065251081818153, 3.99266073790692, 5.059287390909694, 6.035548523072869, 5.716014454188847, 6.138580788615205, 8.094221103818732, 4.346030020484383, 3.5520260563194443, 3.7347936155154238, 3.047478708649803, 2.9024805494614645, 2.9165110428107863, 2.662152065695666, 1.679227377311181, 1.2139420995611152, 1.5450080686990202, 1.721614466126563, 0.8664032502077949, 0.5937154365148735, 0.32627116310799664, 1.426513250718505, 2.4388496034267857, 4.0545452433288, 5.401844668396228, 3.9267481198612373, 3.0800428352816915, 6.626252796388911, 7.426536665906793, 4.063797742607147, 2.9844358865741025, 2.973113601595793, 3.055710567191311, 3.0188310470568323, 2.7945244568390213, 2.5626265760352847, 1.436181028367398, 1.1307028256159726, 1.1726476203592087, 1.40363418315463, 1.2940961811486882, 1.1445915899681767, 1.4684682448669708, 3.2385402836771946, 4.190414340027752, 4.95268676713786, 5.036470714779643, 3.256096749449739, 3.1135646346383323, 5.85366180404965, 8.135783640202222, 7.703840538615056, 3.3816359450696987, 2.8847515656274183, 2.6749141507587084, 2.720856324327431, 2.441739090901455, 2.246925311826506, 1.8037789580365307, 0.8945182135321786, 1.4469889332841068, 1.231756284653027, 1.1567971689505168, 1.8300492996368674, 2.4624182766074365, 3.4853705156926855, 2.155955791226298, 3.52463111426953, 3.5359152159508285, 3.051238015672572, 4.837165507948899, 7.6401928333107545, 7.247694483397618, 7.48139608989773, 3.4096219389324163, 2.8051823983788666, 2.519051525383868, 3.2255022604250114, 2.247219105626973, 1.8311793689025933, 1.208678577385295, 0.7340847878591488, 1.1787065974976725, 0.9764600420152273, 0.8271971557271297, 1.5982494659945357, 2.2607714729538966, 3.322536434115871, 2.756259074426268, 2.8489769837698895, 3.1822841690749835, 2.8152132972425337, 5.100524647358688, 6.556679954054083, 7.133204722007557, 7.634100827683016, 6.010233629877736, 3.0033650564846743, 2.77848813407093, 2.34524885703536, 1.7926343440169918, 1.2690697837274763, 0.7575883119606055, 0.2948321052170601, 1.628022475916787, 1.0405265377581259, 1.060485914034315, 1.6806678915134912, 2.4510188103284665, 3.1896318827919767, 2.526102500961931, 2.62438603916685, 2.796665666478108, 3.198467124312379, 4.27409593152919, 5.405383006664283, 6.876887401744269, 7.328091103618065, 6.12805964362867, 3.408557643524793, 1.5085112759393093, 1.6133556762990648, 1.4570485823906298, 0.9440911114425787, 0.7644597949106091, 0.337750361486142, 1.3317654489475625, 0.6822176374667126, 1.157512187996724, 1.7720877381767184, 2.3623020991594874, 4.071348572628247, 1.7311422482822336, 2.6306065085274413, 2.5886352519481504, 2.5131246647679486, 4.700810181867691, 7.18622160391135, 6.99689079176542, 6.594431620298574, 5.0574009838804095, 2.5063597423412025, 1.8259274943503656, 1.6128387274399372, 0.7816726226203664, 0.7475762244556451, 0.888409699917333, 1.165290634877838, 2.8683515472107315, 0.6659434562687904, 1.417425450709519, 1.9399396028503615, 3.369932131273371, 4.565321373298621, 2.0048567146492933, 1.8653735815209462, 2.095032387343693, 3.581252682128673, 6.847865634908175, 6.65355484339753, 6.7834254983287785, 3.055069002914728, 2.1485885555259365, 3.057384267452949, 2.303455047120375, 1.4544574363567238, 0.7919973679215442, 3.913761403000306, 4.289434188171048, 3.732178162802768, 2.3534532026197104, 1.1780335510480378, 2.090065896785058, 3.1938251236018815, 3.8087638299018676, 4.280220837691719, 1.9867184862307716, 2.1256696476040102, 2.269575445474349, 3.9498147660182905, 6.024515201446833, 5.61178238404768, 3.5058181857979083, 2.7232396535308347, 2.4682282683769747, 3.953605821804149, 2.5687847362031415, 1.377200203425351, 1.8343232968748948, 4.6579815388456725, 4.307489586798919, 2.853137689612909, 2.2438461784952337, 1.6542840684103823, 2.1178729554567735, 3.2950392048526003, 4.162039462701351, 3.8180676293011673, 1.6074797970635428, 1.9820927232141585, 2.392093023371869, 4.560691917541863, 4.748726978046745, 4.857319189633747, 3.348688669165832, 2.4474444575582885, 4.225360243312695, 3.222483385867271, 2.242873008356181, 2.037476280575619, 2.44516483469047, 4.4849861306544545, 3.735925393417238, 2.696429939793433, 2.2384916827649644, 2.9989572194368015, 3.330675294779693, 3.042497440053881, 3.3873475556448396, 3.546674534990109, 3.1335748411471442, 1.7747124566869021, 2.092237276564969, 3.612836655791195, 3.8828510647495627, 4.7322389829258755, 2.3348237584285902, 2.6730037126020925, 3.815818603781031, 4.7066304957422105, 4.970473078369725, 3.603898346033809, 2.7423617500296706, 1.9416756827820478, 2.3130693674566167, 2.547811487579919, 2.2602398433655146, 1.9966802710766187, 1.6663160813200721, 2.4331491522219766, 3.3163999950599914, 2.9696609807952434, 2.216155448486039, 1.893510597344003, 2.9069568001982384, 4.142711694480364, 5.467001407539115, 4.777836108143238, 3.8466820945354514, 2.627166371665816, 3.172217924015542, 4.883133977624376, 4.726200295146592, 3.577273497642711, 2.880637564990601, 0.936106129932766, 2.127354173765337, 1.5298425351342906, 0.9899464889410737, 1.5759555990598013, 2.1062791641876384, 2.8756695606239857, 2.3476394548552766, 2.6309618702126896, 2.5941771165310388, 1.919012666111062, 3.2447440033728188, 3.977822294316456, 5.563711223642522, 5.031663697632207, 2.7352024412152507, 3.168923623765117, 4.364528146454824, 3.9237488449884577, 3.3556827421476214, 2.9176656794168396, 2.7539561683002933, 2.965344824659947, 1.8471159363642613, 1.5583731290465284, 1.2753300178313696, 2.6610370257220652, 3.0839335564689487, 3.3289154527576654, 3.8644566381122414, 3.615460236506479, 3.55511635978167, 2.7233645905188695, 2.2587301633427024, 3.681931475109657, 3.6532085966465053, 3.2595772021993477, 3.657107415852439, 6.167173933830196, 5.462759713567418, 3.485221074873224, 1.9412168272679367, 2.5575539067388995, 3.135381534642782, 2.786005021741762, 1.9860475992339859, 1.0636636533288335, 0.7294002491013514, 3.2008967686994088, 3.1414493958052767, 4.093520792088743, 4.262136986001769, 4.254169588218367, 4.100917349105075, 2.5075574743065983, 2.7452188415046264, 3.1352566926057457, 2.6044846263521766, 2.1753510522145523, 5.366621643203046, 4.573191044664216, 2.7520503697496257, 1.5253061736623628, 3.190341317066959, 2.7846361378868876, 2.5890762389636235, 2.1746095049267846, 1.4238550436233464, 0.38498263737300875, -0.3677850930987914, 3.6345461003088753, 4.19976949678585, 4.914987662834451, 4.674209788014142, 4.505997313743619, 4.51337613119595, 3.066568433282707, 2.7982127984114835, 2.9363977740229146, 2.347659411294488, 3.088850994641812, 3.4372964803517148, 2.6271836057878715, 2.2390761570485513, 1.963098456944587, 1.916881243307259, 2.370145741808972, 2.0457695490964354, 0.4689594740115473, -0.0005798376920978648, -0.682734233229959, -0.6574057371818638, 4.460485509271613, 5.019621344301239, 4.757469581898933, 3.82349224154221, 4.136010315096087, 4.616590823836053, 2.538914942976148, 2.798262428667034, 1.977756159310472, 2.1830435476620123, 2.371534766056624, 2.2796195145369955, 2.648558766750813, 2.2293647277411894, 2.254589557471819, 1.7858862024169575, 1.1653072576227668, 1.6682147791965674, 0.38135354465702936, 0.10345036132739809, -0.11471297525581489, -0.7080726063969686, 4.810196508822989, 4.854801775037123, 4.273432363840149, 2.499003406583185, 2.5861236711981643, 2.9696656693130437, 2.3409779067686407, 2.438419173848431, 1.9924366379706593, 1.5633742555167998, 1.967170429053128, 2.0108284581866083, 2.2685627737986813, 1.9062892214678417, 1.8565931811605567, 1.7695302586782624, 0.44756367687610515, -0.028833059273834363, -0.3806814858479857, -0.042149089914341804, 0.10823532149776409, -0.18936359645670897, 2.3523265312407333, 2.608840544459732, 2.553070438666787, 2.453825033415177, 2.0285469298573378, 2.5187693144210104, 2.4998983834669417, 2.602470334671296, 2.0844041393234787, 2.458460350724045, 1.4144833196793303, 2.371153030918389, 2.3039381503081855, 2.024571422201813, 2.129755068439042, 1.2151040730766673, 1.3643336848250405, 0.13407876385152326, -0.40979021912374536, -0.39316783036608316, -1.4460835695241063, -0.8928932396978446]}]