script/wind150m.json
{"header": {"parameterCategory": 2, "parameterNumber": 2, "lo1": 3.000054539987559, "la1": 64.9999836372058, "dx": 0.5, "dy": 0.25, "nx": 34, "ny": 52, "refTime": "2026-02-22T22:00:00.000Z"}, "data":
[rows 0 to 24 of 52, columns 0 to 33 of 34]
-7.85388870142609,-8.23186853110936,-8.320022536719827,-8.528740301185094,-8.929641933581454,-9.233906660635288,-9.27232124092764,-9.183262186098823,-9.475289487613331,-10.085864298566378,-10.220948030735928,-10.338260391527125,-10.513318109758531,-10.427793977025894,-9.814932656298252,-9.632035541851515,-9.408178642054983,-9.252302415213771,-10.977533000819909,-12.642803362779121,-7.3726163322682785,-2.040953116479599,-7.507490294849344,-7.056810160420064,-5.104244844306835,-1.3291976368282177,-2.6871837640738074,-3.663285595109359,-0.8237378827922212,0.3165543037962758,0.17791253185194986,-1.736531508009009,-2.8588051607397804,-0.21371103677452546
-8.613549437919605,-8.773139937505322,-8.76691375333743,-8.85827770357243,-8.805246841483507,-8.726305772175007,-8.582697295861331,-8.621915204289968,-8.915107776719706,-9.331100220641723,-9.919056159464557,-10.114842732821776,-9.871079616069784,-10.011917855140291,-10.205903600821468,-9.220082055976864,-9.31427792872784,-8.14505907169498,-15.11304769181905,-10.427850714402243,-13.427725475842998,-9.2971353526482,-3.0642417365201413,-6.8095573554316715,-1.4353890704952548,-3.4651818181851497,-0.7688774182623869,-0.5320982729381512,-3.8581632694468295,-2.8115280282219164,0.8771754294344708,2.290346501536222,0.7256600892238603,-2.2544410152311483
-8.955030627666057,-8.96330518440309,-8.836887528257064,-8.818739128272846,-8.97458928300989,-9.289030466824098,-9.160475719058335,-9.380280275979,-9.392556596486784,-9.281168404609186,-8.788483493195944,-8.612382446370852,-9.094179632820717,-8.769231271433487,-9.005428181318656,-7.028465250484931,-10.23363034477692,-12.6761052111795,-8.480917771768164,-9.626474830374303,-9.75898840886299,-5.278451613484845,-8.683771344067887,-6.203442563218838,-5.052827006967564,-1.4538022746280894,-3.149565877088115,-1.6433729994541801,-1.8132107949882554,-4.648819610693252,-1.985901819076509,0.32315492079424135,1.9877162065176504,-0.6771376602782699
-9.456886552824283,-9.16722264290158,-8.8284997340632,-8.568408332312753,-8.46902962775582,-8.95116170125266,-9.152666682261222,-9.346868108770076,-9.159211447847682,-9.06103841167015,-9.141662466429265,-9.307918017920313,-9.417991786622423,-8.365475763806073,-7.280777213242321,-12.420900631481816,-7.9210444318459245,-9.638779581570788,-11.389562776581528,-7.626547878135917,-10.811980556189999,-8.664962046422602,-6.951640559682757,-5.613022378275557,-3.5218467653533536,-4.708781394246775,-3.22596096868392,-3.1658086719883753,-4.2723654411744,-3.092584550524667,-2.72535037782167,-1.6998728967059749,-1.1613791707658248,-0.8789063304371006
-9.374944378353122,-8.95849862439743,-8.885324583749638,-8.61085237227923,-8.4011830888694,-8.392063943941267,-8.58676353601187,-8.565583335323263,-8.490208432922804,-8.272370579366479,-8.06898107764989,-7.573009818428104,-7.143699032618008,-8.467374879983389,-9.612756884305142,-9.634464648628747,-8.754871522744567,-7.4151475474683854,-9.010472976178596,-9.944901990199428,-9.766313491177772,-7.443879087724023,-6.406129202485608,-7.839075309235753,-5.064094492855611,-5.134328055046171,-3.9986116000312224,-2.373231005972123,-3.6811664459178473,-3.0180181819284617,-2.764094103531793,-2.897542090836513,-1.28624820997597,-1.3854375755082662
-8.649426182938218,-8.312943195576244,-7.611089599252119,-7.1399030248605015,-7.005726641233689,-6.390870334777981,-5.458247333150934,-4.765359865712385,-4.025041784037611,-3.5763078008810645,-3.0402074166477853,-3.4796606887606125,-3.3010609280634533,-6.631997150338958,-6.767045883708202,-5.771420416638528,-2.7979805748204813,-6.62319850012445,-10.370200818523372,-11.720961999822842,-8.95907491214426,-8.058700504633899,-5.2921205294579226,-5.237915053723376,-4.7242170331023425,-4.842845506171089,-3.4448053172685733,-3.3451419186519833,-2.842663819605862,-4.051429049721459,-3.762084859884972,-0.1706986747837055,0.4825612805673604,-0.14792797531914803
-8.012333547544833,-7.786108260193199,-6.8657649515770505,-5.780332931586543,-5.7617894951619535,-5.0498414014125075,-4.338673430971377,-3.3934273888835578,-2.3074770055910347,-1.2372412190933477,-0.3071808897597883,-0.09421142195434012,-2.051991017412515,-2.4298573159624834,-3.5937184747618405,-3.653721620042905,-3.8578186080212777,-8.952409568899306,-7.146657355056111,-8.057368333780872,-5.805292139378522,-4.1787173964464195,-4.161803139507997,-3.620961181262234,-3.7415971285877623,-4.342824397393698,-2.9532727079522023,-2.0636595713570065,-2.9436443660594964,-3.7525743022943145,-2.837311366458703,-2.062364066267776,-1.8898595585141644,0.7492311582879487
-8.485819842830509,-7.813068943103286,-7.4813365236312706,-6.20778908132233,-5.6692369842371475,-5.152066724446276,-4.546048834873697,-3.9044071437435424,-2.7045362587553026,-3.005814384874592,-0.5706276970390143,-2.257060523344247,-0.04673394570068707,0.39163358953338556,-2.7132061048260923,-1.1156658231203351,-2.317367995333269,-2.534024766943715,-0.9265349509339895,-3.735439531625709,-4.09100401553563,-1.8491387087618727,-2.5654700598819016,-1.1460252954464922,-2.3040840186849847,-3.263876098198268,-3.7570198425363475,-2.1008448740162295,-1.387547859090866,-1.733791342181054,-2.1639852174405654,-0.05454587583564631,-2.3862188123662476,-1.2266331176505996
-9.31136766122243,-8.812462159833245,-8.002663377106199,-6.730534522467364,-6.438166832245685,-5.539428404353617,-4.546158192941675,-4.831229680446532,-3.5614096920739318,-0.3046305154370911,-2.7580293392255517,-3.504038461065654,-0.3601988617507641,-0.7247792614998227,1.4989094565397378,-1.6782888106364482,-5.114829724782023,6.299308198114899,-5.413330218054802,-5.405279098235547,-2.730580623231123,-0.9188143406821332,2.007981547136685,-0.2695589674835454,0.030955446872424637,-1.2933251484783195,-1.774032841578701,-2.322696452973086,-1.5831440138326611,-0.6906393469641579,-0.9665730995360039,-0.656155445865142,-1.1092259835929852,-1.6839539534706185
-10.736001132304562,-10.067229702884333,-9.716539857087081,-8.1854421814323,-6.621069790856593,-4.700259601884719,-1.9949010085630303,-1.9968038420038599,-4.163496085432846,-2.0561677784569765,-1.399718742438596,-1.1272133851511943,1.6537964826128997,4.0728218526476,-5.975441989918764,0.9287080182787081,2.2690695509133283,-3.9250398209481285,-3.8496131315706443,-2.5724057938354457,-1.7732665773171044,-0.03221392348267594,0.40972460617795914,1.5946825332723682,0.8720634130900197,0.06671522483475623,-1.15505775141386,-1.7884434965678844,-1.657953667313387,-0.5271051190160677,0.034657600162077085,-0.37264243712662326,0.6744924449518386,0.4795272068700682
-9.875780947526891,-9.163243692562123,-9.241548135336858,-7.710609901789364,-6.094340825829187,-4.877758219958323,-4.919822570614978,-3.3028988600511537,0.5278810755514232,1.1912324914288914,2.2129143901941064,-6.006438961627503,3.60545773561812,10.833069547470338,7.1644702574742904,-2.321212880109113,3.0800238484862725,-1.2879045959669913,-1.0460006648748388,-2.5432021921763126,-1.6716557423632525,-3.0447575013362216,2.7649376965400974,0.0269003115910041,1.334545280234203,0.3544750095705593,-0.8761399370650478,-0.48633849674577945,-1.6130416664833787,-0.4206545090968085,0.9442827601621477,1.1563823458060558,1.1243808301845033,0.9706377724095439
-10.08943919371027,-9.566250883777975,-7.067957054423601,-5.764106343622597,-4.887536952361492,-3.213230597625253,-3.4706898620069966,-3.7002151284737517,0.11853833524504352,-1.2340308775670945,-3.159439018102666,-0.772396536357529,-3.86283411967749,6.075984499790486,2.5315455757892136,-0.646913441267318,-0.47971341426215497,2.9729674334550364,0.6918217991984001,-2.4066706996137275,-0.7173970767959575,0.882924912653492,-1.1651992410085503,3.350165185887226,1.777564219781593,-0.6039949628013125,-0.045774365156293975,1.4825672712784825,0.3533085120130962,-0.5911828930312285,0.6645695436602018,1.5939704614587056,2.3366600828112802,2.0514710552934012
-5.0224450159445535,-1.719807386384213,-2.413369174084615,-3.921909285946091,-1.5804930414559688,-2.4256788416827613,-0.09250844064349317,-1.1438976449875327,-4.055303985554557,-6.317583835660495,-4.576568181869338,-1.4237394438384632,-0.5813828079568569,1.8620665905028246,-2.7259879772805653,7.140969778111887,-0.5078764644019818,0.31390772200698935,-2.7711656778412324,-2.7005082720517937,-1.505699893187639,0.785074982387915,2.0093045745933744,1.8960916976828006,2.2607423397549735,-0.2602151795745459,2.252671009009143,1.7162407426950324,0.44441313674122923,0.43723618398691855,1.169490097257194,2.3722434442821223,1.855035323568265,3.027967188433398
1.6975358528577973,0.37722624581002207,-1.378570377460143,-5.187578888586358,-1.7257366409471504,-2.1314101464564157,2.774024996681455,-1.563866176559629,-3.893687118823252,1.7525928484999913,2.7723832229747654,5.2025684002823525,-2.7704538355894686,-3.8959335249432305,0.5143786820837126,-0.07738591907931533,0.4034659670508419,-0.14839623715813105,-0.13955909579512052,-1.5137641892290274,-2.977730640131067,0.2838611931188836,1.0466227430741906,2.500977139665679,0.029996120585621712,2.8147708071714796,2.6008750573684427,3.2494910671419803,0.7250809572502326,1.3920451607631676,2.784301609351915,2.550472582090866,3.226333914916939,3.012599071643974
4.687568158580515,6.796640164646687,-0.7633404675625226,-4.940838165075332,-2.776545302513295,-4.655167532619055,-0.20471679374674637,-0.2271740312706813,-1.6619065132859296,-0.07423515741979904,-1.144630127175351,2.7757966125712312,4.55765880108843,3.141571872067585,-0.7039788894413634,3.0843121211538285,-0.6162275794997338,-1.3678338498525795,-1.4579529469826615,-2.236705147441471,-1.355820591494876,-2.82921737090444,-0.21306493620660744,1.5586461093200843,0.8556902920482158,2.7338806077926563,3.581289298606122,1.8995844783996072,1.2927996512042983,4.3946521202742,2.8722482779516096,3.59286863380236,4.081756693207094,3.80362501776839
8.368739141586099,7.294896680699997,2.1640245643403517,-1.3782415681425062,-3.313334824813094,-4.921196132898625,-3.876622270842057,1.8879606867810486,-2.446035437561147,-3.8692988134512665,-7.035268546346585,-0.6166636636950257,-2.304405661738313,0.7771263690211455,-3.0396482002808685,0.5946387806388798,0.9991834567623312,-2.0232578272693167,-2.9905850122395923,-2.0345254692210397,-0.13522974162306023,-1.8239472457029988,-1.79075685568389,0.4756845375029037,1.135213896657424,1.8792851468233147,4.968627334071501,2.2639130995380783,3.385823207910106,3.5367440060321726,4.402691800975174,4.017689758169811,3.695240530764824,3.4887825958484764
6.70593794925654,6.782586323791227,6.014227613446019,0.4598025838420847,-4.111896251632179,0.5708510638332643,2.3655542690142783,1.7567778095550404,-2.3453703422593555,3.4514821906869617,-0.7344244066162885,5.4340245302795305,-0.710115933105392,-2.721999534841393,-2.4118364339935825,-2.886096290997934,-1.390609705576908,-2.1373436307114493,-2.544893018005555,-0.7112869889012546,-2.6029198211723896,-1.7791126356734803,-0.9769407276104948,-1.9402866584753518,1.0097984314078123,1.7838824672157358,4.695490303407939,6.320667036221161,4.755588648276683,4.377034474759347,3.467023971931027,3.9679875611164306,2.627856946894365,3.0002403670238076
8.639552206826927,7.935188280123102,7.337427748798049,4.600390594837467,-4.372407214075725,-2.0948589860811717,2.964828093335432,-0.31756174098198786,5.6715804395478155,1.7676680532667517,-3.3740181216318397,0.15214637106556606,-1.7177239282997996,-0.8264448226204166,-0.8759210232575644,-1.747453627416031,-2.581889327999163,-2.9775498623249685,-3.4735736134846387,-4.522857386391771,-2.7814059966432314,-3.8331825969947624,-3.3117431408965388,-1.0940400481974006,-0.6894950663258623,0.6921240713125831,2.472082484880046,5.309083107911861,5.136461190391366,4.042305796196771,2.9582434497604564,3.112990540068831,2.468395861897189,2.4721518787105397
11.02384707106978,11.257931677029676,12.041186405537669,8.756178964093543,-1.1671947020283224,-0.3059562682360732,6.659472224668615,4.252023964027609,-5.998480756382232,1.1179330227578845,1.777168476796359,-2.3327025716126695,-0.24192285000064273,-1.7903258974348557,-0.9027395096852651,-1.0723796668980243,-1.2801899277550195,-3.0641439543939186,-2.184992153823264,-4.200241706947839,-4.283719739620209,-4.757901991076721,-4.734182098995433,-4.506871338450142,-2.868301802669547,-0.6338357256580375,1.677819938323229,4.246323764288706,3.766290759672975,2.9808192353209026,2.908191361511847,1.2649387023667047,1.8237277293396887,2.219061379071528
11.523678848301143,11.875945227515448,11.625801022701818,9.098157386461041,7.744238531179593,-1.0680005155459362,0.1498037673727141,10.881841742058535,10.712128408471692,4.541079149146859,5.546617139510879,1.8862293298264599,-4.113872611812854,4.177537551110532,-0.3154236882366376,-3.0184857873055932,-1.3997646218757482,-4.16273269282433,-2.323023539599749,-5.504560446825455,-4.26253698715434,-6.597650241217684,-5.752752734906798,-4.696439530996533,-4.3965261391507005,-2.427627550935573,-0.8253803855860231,2.0342020298100683,2.4482631303949582,1.759719766243939,1.9064113051896476,0.33830668401128994,0.39673262022951256,1.3663065718287035
12.493148999507671,11.278001774312317,11.40225700863164,10.062887559030967,0.8259240281319016,-1.8862380058331678,-1.4263478913550722,0.9404112359951714,5.923678978211905,4.941447738587746,2.4501373770961146,1.9648711069588192,1.6442483808084536,-1.4658483160435078,0.2223293916714301,-2.475732541332763,-2.843781919409114,-4.987168232385779,-4.756762836283882,-5.850151019157805,-3.5484486301971185,-3.3926327136074255,-5.741720392809173,-5.2084173838564745,-5.55511521596254,-3.888455395971744,-3.1595334209303645,-1.0024631168705158,0.6310697006996504,-0.3611964740161684,0.33602786679950575,-0.43447525372101686,0.08967744255865534,0.11597432941005428
12.466643867857906,11.377191871109222,10.252404265601974,9.289242062108627,7.36275584549865,2.733940342030594,-0.5582767875528618,0.0008991906879733106,2.1382832566462273,-4.847507304685154,0.6881366569368761,1.447641433717823,-0.8093398539814679,-1.0328677985711467,-2.2440962935008155,-0.4565319170896463,-5.554085272192725,-5.517681008279514,-4.570744654297877,-4.602972099021236,-5.447918419855067,-6.1036026444745595,-5.8543006553266315,-6.002844922250682,-5.104934700556786,-4.5758048365522574,-4.203937821125236,-3.200980010889443,-2.6970962609132014,-1.9798260044414746,0.44895315370634614,-0.3133956214343428,-0.5402863838406575,-0.034718456423219496
10.199856572364968,11.211834783774021,10.383698687348263,10.92477043971206,7.41290324393464,-0.295922701892993,1.2795265768902182,1.9866616843976317,8.58902081304266,4.9102644326184945,-2.8148581893158786,-1.2297334257512893,0.7586338989171825,-1.9806892073133162,-0.659391367258079,-1.7810181065800779,-6.574516583999606,-5.662091772007114,-3.994281010497736,-3.8116343058234006,-5.0410078502674285,-6.302529937661916,-6.792467121846179,-5.894231223198707,-5.044636576134105,-5.143030777665982,-4.733898453414669,-4.574241987058615,-5.021751860284895,-3.803734352593019,-2.0476428244238334,-1.2146297466243574,-1.1152634237145802,-0.958012377064547
9.797865196706894,10.486743783537406,10.207430267343716,9.625638663293568,5.000780048979217,2.6963081208808033,3.482328665014452,4.381409111613851,4.880361306696418,-3.1003987166983826,-0.35969513840233014,-0.42970367818501015,-0.5359466159331273,-1.5512380166943929,-2.154646758595167,-0.7960293432910642,-4.296236730243887,-6.451102803400388,-5.824068260223604,-4.557580837794089,-2.982409634139678,-4.768585950665191,-6.283394380974535,-5.794250299869097,-3.8782833171309554,-4.712113751857916,-4.471232559205206,-4.832363022922723,-4.713040387826312,-4.37966228697553,-3.659824129279798,-2.108028276100044,-1.761817809896567,-0.8723881866495836
8.464921620998378,9.563263875341343,10.39270515401159,10.398675072241607,1.7495941179849885,0.1439234912681439,-2.666760417506313,7.184084030803439,6.398729971667702,0.051052231842855324,-0.5485767701546632,-1.2294350784385388,-0.7970682044984493,-3.8566447451066024,-2.634733363912845,-3.453300910248664,-4.261403857599799,-6.20482744966694,-5.347678476002904,-4.527172868190835,-5.491476245622385,-5.223052626347515,-4.898165869045956,-3.996946754008052,-4.817956945521175,-5.302476884959468,-4.6713303159940915,-5.902594511457861,-5.575281337748307,-4.719541153348996,-3.8209406031072657,-3.218625503514826,-2.2852218860693205,-1.8166111819809867
