script/wind10m.json
{"header": {"parameterCategory": 2, "parameterNumber": 3, "lo1": 3.000054539987559, "la1": 64.9999836372058, "dx": 0.5, "dy": 0.25, "nx": 34, "ny": 52, "refTime": "2024-12-27T09:00:00.000Z"}, "data":
[rows 0 to 24 of 52, columns 0 to 33 of 34]
9.703256012240553,8.820985569009457,7.981383441356877,7.160784762979423,6.442982470270938,6.286974682199975,5.913641886016803,6.234616873780446,6.004413941217077,5.402224375866776,5.506467709997956,5.088395811436737,6.242272852133647,6.745784086601971,5.489559326328045,7.714780992685983,7.002077618239718,7.074902936247856,3.2068354115031164,4.558844164050064,1.1215442363050054,2.6869119365653544,0.5161453031570855,3.3199937343750587,1.344762779804613,1.5010886810069275,1.7216359181263585,2.375374279111963,3.193968489100057,2.8018097550617993,2.203442330683647,1.643125876366451,1.798778929810576,2.4123918389219763
8.925630804456734,8.95189779004773,7.743572144532814,6.103879350309848,5.497755266065892,6.096407177283569,5.375766191737022,5.960865013962319,6.157459295101178,6.717865920690916,6.708875812357346,5.479415116667322,6.520705513853907,7.075415820367804,7.297261559903338,7.726816806827302,7.51500471621003,5.300627261738441,3.499088891366227,4.318808976570444,2.590159181276475,3.325604793409828,1.8075366534786168,-0.5998702078006366,0.27672836131988926,1.3856280498714155,1.9455142417697697,3.0016569910072013,3.0550648891153416,3.430852023506454,2.1707642306207484,2.079395258163327,1.349315474956188,2.036724237374774
7.9392015354225025,6.398334107054874,5.441111949981948,8.295210300302168,7.856927736945761,6.619753599074049,5.912725227210756,4.852635397202697,6.2053241510125385,6.147058275218293,6.241588545893339,7.146689467049083,8.107086995101039,7.907206894691567,7.905632421797239,8.636552323141423,3.909860639210023,1.238310690996839,-0.06933885183012735,2.3828462097261434,3.2012941130271146,2.2192642452057667,1.1819460982238275,0.3659974357637533,1.1260551442804576,1.306527374714598,2.139712224384596,2.643826592553444,2.512176705591552,1.906706206115725,2.0363371708747597,2.0287875485462226,2.0146830753086307,1.6665397051464523
7.173460069796336,6.649237667963731,7.4193296657817704,6.822401330169979,7.038068423664946,6.86567180309023,6.186510513962467,6.3971369015070145,2.6834388928116755,7.087852010459707,7.1625563199531115,7.479430655613617,7.4918681350394385,7.607465036119323,9.79402550261434,5.4876982521405715,2.0043524698302577,2.404232433419645,3.5017279331680133,0.3568724739123933,3.7045578872238636,1.5144714248913629,-0.1643052339293341,0.3568101324426244,1.3497535116405666,1.4303657681505741,1.991316656974865,2.673835867264831,1.821387981962109,1.9102897428433248,1.1523910215224478,2.1365763601672296,2.0258893740481523,1.4623812204736482
6.5426304479000486,7.539173916161774,6.559672770111387,7.1254716941084535,6.55463578670955,6.4981323060174185,6.393598521010057,6.342230672456076,7.06342148568363,6.884862223915076,6.647632171878593,7.345984127071113,7.981015695713427,9.039595003373105,2.0108949809306473,4.2170775860639464,2.113281446099981,3.4323997119298704,3.2141379925505156,2.563373675898527,3.3785776015221294,1.0155580393560146,0.35436279465185866,1.4721761990741706,1.6577817213447312,2.328597655147561,1.6816902230088822,1.4912062477144807,1.6710968284944683,1.448347818623708,0.6095954233889374,1.9064693767474994,1.4197503084234535,1.5856004133351023
7.751067302213547,7.012292892143851,6.238885178144899,5.831249792853078,6.726415282620253,5.199568665452767,6.806822895744354,7.338059899597235,7.0717205999231005,7.350481773045824,7.699882449494786,8.075256909713444,7.80575960224076,7.896083232603121,2.892103673674946,2.552037091587726,3.701215571018723,3.5580902805805636,2.832574549371813,0.8451496193768617,1.1044176118348934,0.8305287247133165,1.2373910610079035,1.3640068361790172,2.1958197640903068,2.158270824175619,1.9000327673138124,1.2679434604964523,1.7266292760632944,1.3610936151584052,1.3927247513300836,0.989301657222968,0.8557000903023613,0.26138526154209346
7.280585726633826,6.765702717197147,6.426870666622137,6.128713540518307,6.968520315921473,6.8412349534748484,7.013087878964985,7.424685762232885,7.010850717399614,8.011970966091301,7.863530289119187,6.034303757045302,5.567760470127869,3.256772557905044,1.5999551559353158,6.63151662323721,1.170602324163465,3.253766862791135,1.2967546126800975,1.6810116702572904,1.8224055772136312,1.6821933167551895,1.3660619988401967,1.8544410564502807,1.8036899242501565,1.9094676181478691,2.1871297230544524,1.451512032227924,2.162067694098565,2.3096010434967393,1.6553168379573213,1.900736233638455,0.317978153518258,3.3587709133089843
7.055180941349156,6.982889896463118,6.8629786791279574,6.889596340953697,6.951547109452308,7.232647829503323,7.340106023883631,7.892899885640811,8.102800137957372,7.668580085992972,7.691451519294661,2.000421092291863,2.270522818232921,1.2285404628118994,1.7133048584220314,3.444429428444302,-0.27259310344629867,3.370116102864657,3.2111716572005893,3.128210756659406,0.22372093190262404,1.5758067441974972,1.0544747517736404,2.3464473640894545,1.5600254502995186,1.289981356066623,1.1885804992236977,1.9951317922981409,1.320101965051112,0.8519266009727257,1.9111507146502356,0.882976433134548,1.5624614626918745,5.276229609198423
6.457291465331169,6.943570087561961,6.6877010478001955,5.058364947185519,7.687788516602275,8.770092642184508,8.43500979915139,8.60972094257475,8.056798247875438,1.6529540980090927,2.454524817415415,-1.5197534956454781,3.1626350238373475,3.661595188760414,4.3899994545906775,-1.2187194901500953,2.0128009294394906,4.578104982640118,3.036573300168925,2.071366361536295,3.138471348818867,4.001203992816764,2.0728286285246265,0.9462672433979687,1.7764787511254678,1.7031840461309007,1.92804055859142,1.234183446345191,1.9865977431072845,0.5968891374226937,-0.6217935950956786,1.9607682555311654,5.5089008215803,4.51740201595662
6.160396598484727,6.599550663502794,6.851660492773076,7.374971367561445,7.119973253627658,7.212382074928902,8.41904506317211,5.559743005964362,3.2284067209674,0.042843452041228525,0.7734525865146287,0.11113749924925032,2.97710691559401,4.5425109251053115,2.874904430423529,5.8984229865086695,1.3872313451537206,0.9521712975348335,-0.9496836201893342,-0.2867753356489475,4.028787712352003,0.6166969305069538,-1.4947313330809227,2.2981080287848727,0.894969979249104,0.6921028640102078,2.250500505367194,0.4663826196569392,0.2704392025619267,-1.2363710610611776,2.2185830272444855,5.1570901474647535,4.712254453283684,4.493187365529389
7.9548527292228846,8.083959751683864,7.582499830982761,7.002055410368408,7.857255432510324,9.372070168545875,5.767202902332296,0.016707248292365962,3.9763633287228184,0.663243705963597,6.185947349166727,5.430785697162954,1.5184491562728233,2.120843344516837,4.647532455504256,-0.3629032824509057,0.9431846172502132,0.7574038173111899,-1.272219100502859,0.4896163278544628,1.160249872679523,-0.7880319404676188,0.2072253757352123,0.01801661933429267,2.033556775102783,0.09834490936994808,-1.090354256428931,-1.002317668500749,0.08884018674521174,-0.05791451055148409,1.737766808892404,3.298145012905913,2.9937559593270726,3.0790756933339907
7.625686520989415,5.604094674333481,7.056196843607544,8.149944933806118,9.25197865962293,4.620195112958159,5.058172078750566,1.5851926393008333,2.533833853694009,6.23485851436717,0.8115093391626285,4.5641737170795516,2.2783003621799285,0.15940179298991902,1.7310137994549728,0.5979695365467141,3.129135741629084,3.2265198169430107,4.839710723644886,2.340643281324597,2.532548566626672,-1.9015488096971496,-0.6629992226353075,1.2875837943825992,1.9203319046542189,-0.3680767225289549,0.6236824206426044,0.28201399603941973,0.4625143122373789,0.5899147075919382,1.7494038298263215,1.980286036587267,2.0381890148499258,1.8717529986757395
4.196955536676032,6.97307512199365,7.713751946574806,8.449295239417904,6.304265368439617,2.6714925810620858,1.4309528687665862,-0.08266573314212848,4.115406416226633,1.4937558169770042,1.862355560708978,4.329146411892272,3.644139345319068,6.447520314049419,2.721918509440959,6.534720191663991,3.5129437920745445,1.7656038550065185,-0.7662595936813541,-1.173253541754788,1.4175252598145582,0.08945718404527155,-0.3753692786928114,0.7145585940780032,1.2909002350648897,-0.3200590454092327,0.9642803404989826,-0.90968687780906,-0.398553562958616,1.9550153500235399,2.0504106695748505,2.2401980001903743,1.542853557218422,1.2594456399835796
6.502838097387398,7.7346330002414865,7.717613897095381,9.752454862674796,6.552215930954855,9.462404797744814,7.045568810095204,1.4150144384645922,7.176685835872953,7.337946462277048,6.741132850963567,4.755859923484484,-1.2890707840239157,-0.4314958979017393,-0.6495816915698921,2.1276809205722054,1.2258760487242724,0.5998294649299101,0.008775573863011693,1.8575319265816967,-0.6889365352343895,2.391370311169694,0.4086491806058501,1.4282162358277937,-0.24024565622662153,2.212079477712863,1.25763795131797,2.099669515816539,-0.26994139984824606,1.3962709857832287,2.3083927711118855,1.0128071306906072,0.5040802747326063,-0.19317457379404596
6.797198603334449,7.194819883094595,7.379154619761021,8.328789593067192,6.07864809541856,1.839313503954025,-0.7230859833741103,6.3831900183358545,-0.552030037185706,2.355828410544283,1.5458624080910572,0.9981807344050789,-0.662615389083958,3.3123162538963915,1.7169628034357793,-0.8278834570874344,0.8255273997573633,1.5362352002366857,1.929360879216412,-0.14972964723135387,0.1340371256071272,-0.15260060916894078,-0.38969167247846337,0.9453693616216207,-0.34914396830680705,0.7074017336003132,-1.5376807452299472,1.3936987570485295,0.6671662655570124,1.0812874191958444,0.6232725486665543,-0.24702863669505537,0.36099883842457947,0.5970810558365638
5.642719670448719,6.9210104036153535,6.54250993366326,7.470377718854095,3.872642079085765,0.15143851807429154,0.9321838953807075,0.6490217826423966,-1.1397096669470588,-0.6127808250459803,1.0615111895870533,2.949176064981978,-1.45839489089877,-0.08406162353687338,-1.2084976199775337,1.6884853368959885,-0.2562102564776832,-0.6102120925151122,-0.5502245252525296,-0.3152093204490098,2.657646022308263,-0.33679155159200413,0.31217179117643645,-0.045444100913331176,0.6921613217946337,-0.7302718659620832,1.2566576840848922,0.3038985516487711,-0.4136879041177511,0.2967774695291476,-0.9969700973911209,-0.12949101237381244,0.038117766766606234,-0.7088011780522451
5.975011354336479,6.524611299077339,6.447969323249717,7.727012744356922,3.602326404153294,3.704465601532156,4.881394840402172,4.668581612082816,1.5227183892872178,3.4120661831274517,0.4370747729715666,0.6366747149996449,1.6093682545966175,-0.6260408067415004,0.30343577854227466,-0.03435255588956275,-0.48975677596027306,-0.16035188740315692,-0.6799130035961315,-0.439658437575722,0.4222335675869996,-0.47097920291794065,-0.172303964581259,-0.5386404538474123,-0.8062779903167357,-0.12364317842172794,0.15687453693265682,0.15968646207642417,-0.1938964145338404,-0.4489582631455108,-0.7354040594425777,-0.12858492193713425,-1.181368826271069,-2.1128444789135292
5.573625718300423,6.086115637098619,7.356056724551097,8.07701362087573,2.1014607648834867,-0.340014432276564,3.54157955226266,2.6546104871956375,5.452116058352136,1.972705349216503,-0.2760350464225544,-0.7629604740127928,1.5019895345552101,1.0732788721619175,1.4536488454554914,0.4864272499441305,0.06249616183581078,0.4367350690441303,1.2666279497642312,-0.5893038211437084,-0.16346693012748686,-0.6773873369705895,0.5280337066052821,1.7640689361088588,0.2571403573100674,-0.7823331088133725,0.19256004302759996,-0.546460353976761,0.09488692760831985,0.05778764484655403,-1.0285893508716744,-1.417508912510265,-2.9608985533511953,-3.1804115224352194
5.365266119249844,6.064998825157829,5.3405844994072496,5.088757139028222,1.9002457694058272,1.544533963870819,2.4854159560425235,0.9410223658581116,-0.7280592325614372,2.940728862983145,-1.2272962652956774,-0.38139198646085126,1.7250890295546077,1.9810699794797078,-0.8967008102476803,-0.11674541609543197,-1.105891614924473,-0.45477825858311005,-0.6280005084204281,-0.6958163202451598,-0.4433779219549416,0.4806362749610962,0.27636563272318265,-1.030237109186535,0.4274441929835196,-1.0157735731617754,-1.8121787407619125,0.8681602354069414,-0.20222340986743692,0.23538672915397332,0.021650839946459055,-1.5703549861992026,-3.2615820625417222,-3.124840871851893
4.569527917923846,2.0965158902134133,4.653102724396218,4.693592300799718,0.6333819708651923,0.42884741130560794,-0.7970298320375733,3.596410988506269,3.5419208166370924,1.818910987745565,3.59729907248479,2.6139481133007387,-1.1527227047545219,1.4134744443651113,-1.0300031832112373,1.6384100638628731,-1.1024439128409764,-0.49449949714948743,1.1348865598253906,0.25622189875653323,0.12174648768036526,-0.46325805382810825,0.4979656436323102,1.2319259164551328,0.17218033261263435,-0.211099172473943,0.28904160009693924,-0.7437124755707603,0.4133466129061724,0.603067388244374,0.21803179308594428,-0.1706773954341715,-2.2692678680443725,-0.6447889416410589
2.1139648871242684,5.352384981644476,7.307679562759491,7.099675335878011,1.4157999775360868,2.00418906115977,1.933193304120074,2.864312775746915,4.439801691183843,3.7955581892099657,3.753894230799175,0.6617838142773015,0.21562347382359218,0.5789060914603289,-0.10253254231405877,1.2412352449350792,0.5108932243767502,1.7041230739430473,0.3370802431659573,0.8218731439121517,-0.17647628243703103,1.1373185950621418,-0.39620027786168677,-0.09895626947270807,1.3362721347403175,1.1091865827280345,0.34357173182586714,0.34812041827472645,0.3911777717542882,-0.6098873632497239,0.45765130956904376,0.27218084953394284,-0.8271660942861554,-2.832082597569207
3.6664311662282945,5.87014446192636,7.67953735611843,7.56610201807515,5.181905855179125,-0.34885118598917236,-1.5622337864058733,-0.838555124634387,2.7180519463786648,-1.2328066427409974,1.8521916064606647,1.125989720967724,0.12275979570187565,0.38380083116190167,-0.6196116976920094,0.6799845440997149,-0.6718392769405283,1.460512393884977,0.750011282963927,-0.44517093498340765,-0.13288714426289105,1.253312423023517,0.9170426755551501,0.6751751181718434,-0.1657254789374758,-0.367058339708523,-0.11876538354250953,-0.6824902471880988,-0.34410167609249176,-0.4269031466856134,-0.3395305134966372,-0.6418928224177806,-0.5586441855673075,-2.032035985085636
6.454401053862394,7.528972371770173,7.928399314811634,8.071162844010228,5.590879798547425,2.055120080534773,2.1739215857491385,-0.8188485986032332,4.289111963031623,1.9962331796682442,0.21390771649879797,-0.5061384666008502,1.076265894228037,2.0270420881549054,0.09575492631795071,1.2682010819596243,0.6792882158510716,1.551311668974753,1.0331590678538254,0.9745516077534184,0.6532828852479646,0.7168056490162907,0.4543368533776653,0.2926395351917817,0.3543653655199514,0.1806214060426704,0.5706736319840113,0.606280017803046,-0.3236001055374523,-0.8740623365820533,-0.9968068632650139,-1.0888631766453516,-0.4699949790966431,-0.7978486681627317
7.5270281767240075,7.967173478137838,7.651026876985326,7.608103435849875,8.923425628519535,0.6358166499325993,0.4070033362460818,3.1561765325148627,2.2994070424626667,0.6454203889056646,0.32246268756268526,0.5781432388233813,1.5951824150510714,0.0005678027809788746,0.7133037117152838,1.7635107355096709,1.3096157458710411,0.9502153082054046,0.8710066300810445,0.6935387119924845,1.0240950204518613,-0.4809053929873918,-1.0547856556333826,0.1953933391936065,0.5927124317738628,0.4100301774630784,1.1491871665903992,0.28933105878130205,0.019716776052563938,0.23578182506860582,-1.0529332086012628,-0.7931605271536255,-1.2781572241806518,-1.522126107212925
7.652511683857716,7.742864994585473,7.507251301187429,7.388809218903891,7.614958190862143,5.223254291774942,-0.9212600952884727,5.203681830595122,3.6179833265596044,0.40374826945008,0.6935180852213071,0.3047041291307843,0.6144905834833,0.2142769895106749,-0.7612419018909856,0.34724388969019626,2.7076328743495206,0.9539386934089827,0.9109485745122279,0.6544501023235688,0.05694766082871039,1.9980400504664144,1.2087767948988528,0.4739679004666441,0.7949046579582775,0.42808544869506676,0.21821446882143444,0.4203808056500979,0.01694243654678413,0.0540978038907399,-0.03036502314725287,0.8583566175395564,-0.1498072088385797,-1.615868520625894
