script/wind10m.json
{"header": {"parameterCategory": 2, "parameterNumber": 3, "lo1": 6.000027932988019, "la1": 58.9999434238085, "dx": 0.5, "dy": 0.25, "nx": 22, "ny": 24, "refTime": "2024-06-05T13:00:00.000Z"}, "data":
[rows 0 to 23 of 24, columns 0 to 21 of 22]
2.053068108715013,0.9191247358837112,3.29824761438659,1.3477328624152567,2.0495672919551273,1.466271119616431,1.4047195281730533,1.990554528163928,4.734906795660161,5.939214722023519,7.790098370442163,2.7587226115978263,1.9517430946176544,1.6741290705739402,5.012829814171196,7.627246485333285,4.386715784498597,2.756709038508421,3.2361941553037483,2.8165292107572952,2.2533149278319433,2.203822399819091
2.4181079858463312,2.483573820798553,2.1025515973795637,2.8751462166873103,3.280935429840933,1.9985124448916722,1.797177547904043,7.131900896392578,7.877096716448821,7.368977771125073,7.834042864683658,3.4511838422037435,3.114730018176164,2.7200725193618585,6.493791849360843,7.533095851704735,3.1737368131069954,2.9764880919858068,2.9543103762584986,2.6273801245507555,2.1091293307627783,1.6125290885528507
2.2630740080127967,1.8855455570327657,2.087922959322584,1.8941855059200592,1.4442450519201502,1.815391904110748,4.601849556689553,8.569412145456692,7.622543620740884,7.3181514307783235,7.357487109783579,2.9425123457920566,2.5502040474833936,6.273665663501107,3.6650662414534203,3.496554393816182,2.8953166881307406,2.2553644880371366,4.092374715892667,2.0574220854334366,2.167064421614853,0.98571813331512
4.26634169881958,1.0435637394321693,1.5252663727755114,1.3653229684168833,2.2377624377650447,4.930626405260685,6.341112218475577,6.823864334279628,6.900657979843926,6.630936363048097,6.957502825986323,3.7643156342534936,2.554685707023829,2.4638022547367493,4.248043593404273,3.2136801692332138,1.3671111403012461,4.940421927257983,2.358397046518066,2.0210588834729193,1.2614748925110635,0.6818223951472913
3.613263955155654,3.0046753913868103,2.184437826414996,1.7058770248640427,2.896253955364375,3.699019267406183,4.796492522584066,5.320931462542869,5.582015261528929,6.061875946351273,6.078847590743637,4.901862775253359,2.223142000313653,1.92242095634242,1.8960867572894775,2.0649800430869196,2.2650688504189893,2.3456601019737384,1.4021791942483954,1.1139972044363786,0.627450564307898,1.011716984056895
3.8032907449224016,3.3606811164032138,3.9392305622017973,3.5106447485200825,4.039187812099248,4.0830755934236995,4.278467944103207,4.7353516073160735,5.176152293502449,5.238528486838274,3.2042247028952886,3.641536890019845,2.732239200226392,2.3855294169557753,2.176308929768012,2.0694777748752093,2.0883068109865555,1.5333040526647834,1.8193745210817278,1.3612271580524238,0.9227749483099389,1.0933947404865052
3.867434513039748,3.086117449759238,4.551121115993522,3.5955766685280346,3.8042458233620144,4.482082770919397,4.3633394246956465,4.045000378515311,2.4324517541130235,3.0380322599758207,3.6905537809384192,3.8453641554659694,1.513296236619549,2.472080388274168,1.7384505871571312,2.085627582105931,2.372760603166211,1.6431929713804834,1.6714964530851146,1.2773303198612602,1.0228543967652668,0.8353244530459107
3.7369375560100084,4.316924376611393,3.5085704371422026,3.397366062443805,3.5536145767582292,3.8429669495313834,3.510587067359418,2.0391889465727524,1.1032839239034102,1.7337723526548783,2.392402068138891,3.6367006497541317,4.872583923228845,2.067170779528402,1.7623569861953265,1.8601277075757685,1.8037148999541985,1.3568446020542664,1.5647964837100055,1.1938262731264406,0.8771592812372253,2.8421320757963184
3.6078234667875098,3.6404829041898408,3.430164373953472,3.3067741738186482,3.7712933624046063,1.487880646363195,3.169211335494467,1.8943015012596407,1.8049659979176966,3.1704435242148756,3.486281240440869,2.94434460377631,2.8487740683585216,1.4791634965986997,1.3206820181212007,1.2432105290511488,1.5211372017398415,0.996025128656488,1.0096286357443327,0.8430284339029296,1.0906148559249118,2.1071319385143057
3.751106655728289,5.905353009708801,3.142711997570414,3.385822900399414,4.246420900814967,3.1993044832490747,2.437783781899799,1.7117286476695959,1.716919217260994,2.359930549173792,1.0650404264985698,4.4428183701002215,1.0668591997549615,1.910179589723993,1.4763920890684163,1.3835656944268222,1.059399082584544,1.0467047440158117,1.0316739749505552,0.8703830349430371,1.141660281731281,1.7401539809046196
3.477951339523446,2.4787940474310957,3.3135484277086906,3.383414439001483,3.7124108983305506,2.2182180055499234,1.842055397610929,1.8511590675947989,1.5056635748563252,2.2112886207272826,5.796070913970807,0.3905817447262389,4.466733242652616,3.2893798349695804,1.5654793800459317,0.4135911644675428,0.512697402758384,0.706048087631323,1.0754570739200415,0.9228596207419204,0.7025379866014928,3.864161979953187
3.674561969623119,3.3104970714614663,3.1994846476381746,2.511356781068095,3.5112439267901543,1.5476655030459008,2.227389685553481,2.1168152632254915,1.9466217945887578,0.9505016117516921,3.9748749355617763,3.829309332172461,3.799021628450516,2.7048094938180127,0.5654507566578492,0.5105996694758346,0.5144720399032439,0.5376302256895105,0.7405028761970472,0.5213127041654667,0.9763188436596856,4.342645724037916
3.743158819071689,4.241331457380953,3.030872913544067,2.8667694359698825,3.6242566256324187,2.007966942933509,1.625931835917108,1.4804428686040927,1.5433840879325855,2.886185246373495,4.3476817756554755,4.305133323572867,0.8827450738232246,0.8859932438707586,1.1434871246290919,0.6098593517827812,0.6754381328002051,1.4257247116341627,5.904595566082258,3.345870466901429,1.9892962743202454,5.314428419453416
3.8565583905806515,3.4546268420563857,2.788081349928134,2.9894723757892065,3.0303890089928567,1.601378719529443,1.8217994216097935,0.876125466309518,2.146903434014626,3.717140755416032,2.0310317972387595,0.6798834780665939,0.844328706102608,0.5024572918769613,-0.00945983541084543,1.3610467771899883,0.5001370811823663,1.6322186236826801,2.6112966373133384,1.4548541666755748,0.5718985119238277,4.838017492241235
3.677996468771536,2.9310324981451044,2.6736010895643205,2.8753856984177917,2.323825586123493,1.6049628587971758,1.3169367766211453,1.213967372154093,1.4692145816483904,2.1095182095536935,0.9550946633515923,1.3218256373065969,1.6755061111573581,2.171505257192666,1.0570994060128234,0.3111580522731525,4.281741425871388,6.054292240405274,3.1763677056928774,-0.07242556235625204,2.238798048144344,3.5398590036525146
2.6018984059863413,2.9382658370366634,2.679556908525152,2.3589819676350996,2.3965871960832663,2.140701621644872,1.2693830041535026,1.1235803594113989,2.0435360071471362,1.8138039760819955,1.9014925477304574,1.8137099667080832,1.6442619847872677,3.7717385957607386,2.393479791976294,1.7793143651652614,2.0982322805248455,3.00118673735303,1.1238172760126486,1.4780000385567726,1.1975296791690904,3.2525506026161155
2.0026593875575975,2.298279208184913,2.146195959686187,2.0583589574102215,1.6632851335605996,1.7058783420928512,0.8974704570454834,1.9489976884444453,0.3780628721139924,1.1492086803764043,2.024564921392276,2.266496648007696,0.6941440821199973,0.44851425842766784,-1.0779417587894586,0.43775227390259375,1.398457135742553,0.552695016885509,-0.4676161750407986,0.5039379526832789,-0.22274031706125982,1.4038128278512316
2.2618597968590097,1.9957967262642733,1.61465086716635,1.5060738812453627,1.3656676877152107,1.2105381846080865,0.7911332117814346,0.5682622668167502,2.024364357722217,1.785039019496856,3.29989255558914,2.2114394955692602,1.9492225561633674,4.10169047375149,3.268202342824488,1.7430830190924358,0.03753130249836022,-0.901471334231553,-1.8589870848912045,-2.3830722545753775,0.7051301419939354,-1.1109210442302886
1.9759712180831122,1.2411080615795165,1.2324205487306839,1.5952557988595064,1.6047695539779716,1.4146860914003672,1.5598949753755418,1.061368016414101,1.5647298726393883,1.5653278747801127,0.6433732783041063,-0.17666671924959673,0.26296085509663053,1.4122303719405096,-0.7126576515313597,-1.0453435906651125,-0.8294108831466229,-2.2928704134610363,-2.3574920507989034,-3.9824959016996804,-0.2664076339263003,-0.978283708665983
1.4851647525539629,1.113302848127579,1.056905483256353,1.485159585599331,1.497202474926842,1.1862708096425012,1.0529125489859141,1.1034605637434087,1.5767312938733982,1.5063955727250966,1.5961535589876106,4.337920625022918,1.938603997732559,-0.3500699330928997,-0.7510176311307052,-0.6238269091155848,-2.2232250532213147,-2.846518871822439,-2.9425529006991202,-1.046155029320421,-0.4658694719408085,-1.4147654746273943
0.968131691997019,0.6384427291399616,0.7863314707665588,1.1692945087011464,0.5297158795962097,0.26309647544213904,0.023824953651701543,0.8483153000493429,1.2225299508038656,0.9152113855708216,3.133588083881407,1.0986415540044498,-0.491343897602226,-0.26404282704169507,0.13272130186406605,-0.22143763163635463,-0.9922508919958091,-3.802817767713885,-2.7143288545257565,-1.172656305094232,-2.0500713939318596,1.1722337782257992
1.1817854383338844,0.6616770678436229,0.43489522620427057,-0.18720645185303436,-0.7215546095328952,-1.5530807838862604,0.22259227411031274,-0.6252834853218302,-0.46284303399826393,2.332896644866139,1.6130534432865353,0.00880263743852888,0.30896440063410713,-0.10885318925913062,0.02876675788362035,-0.13600673736343105,-1.338356551029321,-1.0415629711102328,-1.7394808797258696,0.25774250642655194,1.2907087250287193,0.938400972545573
-0.15985931357288474,-0.8906091958571147,-1.7078246391294187,-0.6661074673969876,0.1932424259861681,0.5110036604988208,1.3397061323801038,0.8290224553308352,0.7319028028956168,0.6414278071889503,-1.7380972336309004,0.7554521851558365,-0.0600456802617799,0.5152476885724724,-0.411270676048054,-0.4450568155357822,-1.2345275637546083,-0.4893126760534957,0.7811359607034728,1.1514597725311935,0.7102063406670505,-0.06599966581464058
0.014259419805878458,0.9691266286317605,1.0093632062930311,1.3188286800569091,1.1628095457008294,2.7679188787268503,2.357222636470327,2.3963560479418273,0.9050046479969163,1.2078139903174265,-0.1512690343028433,0.5692245854881305,0.19866031385787034,-0.2672993049924979,-0.4918180399349253,-0.4843995989166531,-1.802835469557791,-3.0532890164508046,1.001234169694831,2.165519712233233,0.978704330100834,0.3060916589047576
