script/wind350m.json
{"header": {"parameterCategory": 2, "parameterNumber": 3, "lo1": 3.000054539987559, "la1": 64.9999836372058, "dx": 0.5, "dy": 0.25, "nx": 34, "ny": 52, "refTime": "2026-02-08T03:00:00.000Z"}, "data":
[rows 24 to 47 of 52, columns 0 to 33 of 34]
15.684186041098158,14.889792182406792,12.950398485208801,10.296218765476686,4.940575276825442,4.183562322167005,2.3360515510408457,15.298671402356002,2.237645380510289,-2.541955618348478,-2.5286479743740777,-5.626967349832496,-6.840534186210685,-6.4687089619819504,-8.361277288810138,-5.064806959150852,-3.152253373189497,-1.7251635195544495,-2.3275153564516224,-3.0022018278454774,-3.3604932198897486,-3.2389033047174487,-2.732991766776521,-3.6448492231838863,-4.100306403619602,-3.7713643388678273,-3.506064836287367,-4.714782145631237,-2.3163948624329813,-1.0736530229824404,-3.6000371103543207,-4.534256348854319,-2.0161500665975547,-1.0591696785663396
15.160545018311952,14.818177705657813,13.451959938219796,11.54455464326792,8.424729879846852,4.595884720007315,8.510462649978239,1.4091710377319877,2.51601954079798,-3.8275792413100005,-3.6511386704614743,-6.592728126434788,-6.896627953752802,-7.517994528788711,-5.445861688396886,-3.7611090474623596,-1.656778710637747,-1.3449219444412417,-1.853988332809765,-3.0555834698437896,-4.281818852334447,-2.9410960410127354,-2.05304691297112,1.2483002505787688,-2.2119131842823805,-4.532243402098402,-3.318090775790036,-3.3194962194614175,-0.4339574535627125,-3.617831549410828,-5.515296139695026,-1.7407715953065535,-1.085388770347774,-1.5106627654028175
15.97042158150417,13.708220607888686,13.125362382157013,11.83935839299419,10.087319284876408,9.01988465402928,1.867117157665273,0.6093367102233275,-2.2157693293396847,-5.485384290616241,-6.614380532560771,-7.5584723645142535,-8.445540402996771,-5.05064477961433,-3.7741325160663206,-2.84072238957499,-1.3937109482484775,-2.140673640540811,-4.226728996720874,-3.752946741831116,-2.9330361073743365,-2.1196659026647415,-1.5014237189058384,-4.086987060331435,-2.2152872129147814,-1.3979826345177968,-3.577352332118923,-3.3241096840517055,-4.212101718418757,-1.6799293969565876,-1.7615750862142263,-1.8098979019629873,-1.7017678783645653,-1.8315557370156041
14.622862959369614,14.791590757745439,12.293933454660456,11.0432594628097,9.557940218807838,6.153611106108748,1.9390667538954436,-3.513551328156799,-2.50550496349071,-5.835500221031786,-7.688761485464023,-6.808093104408825,-4.65146253591263,-3.4065505261937314,-2.599136978062554,-1.8885256112558668,-1.9751799014363527,-3.2459896499592515,-2.4563554490059443,-1.9988121328039792,-1.0374720953268035,-1.4169066695095074,-3.1264861252592646,-3.744688092789532,-3.4296868065194115,-3.448244673028744,-3.709066301374054,-6.489459871801403,-2.0691662748187283,-1.8031441012350269,-1.9746080087635407,-1.9658158038881388,-1.803333733569701,-1.7426688891802877
13.689242678887538,13.50682127766742,12.74207918581154,9.773579135491854,7.749804174301248,5.305599500572178,1.5104856067055772,-1.441950440062417,-4.44925309382552,-6.35598812909608,-5.786504916382656,-4.456647589229444,-2.8712286540527483,-1.2200432923519626,-0.5225706202344687,-0.2116520774655341,-1.0531955865128897,-0.8186959120705869,-0.7071645276998552,-1.9279622173239235,-2.1024572982606324,-1.8554510438779828,-2.6577605179158006,-1.2691309991079114,-3.4686098850347706,-3.49317052210942,-2.21504941824572,-2.953036144082459,-3.309242880047873,-2.9044622095112365,-2.6657203409939996,-2.0843962138406456,-1.5321758676656994,-1.6830338198396946
12.688906283569658,12.532800009362532,12.112235014596507,10.635543002635522,9.268669838295253,7.691285958254179,3.8152792932558035,1.009974007070166,-2.112939988841149,-3.4448816885816096,-3.3230424709415645,-2.461323652444935,-1.6905397429946667,-0.10106540973586478,0.997077859586506,0.07966494874888333,-0.5544746734483741,-0.6297080447778078,-2.556208020773841,-1.0504903585058585,0.7834151089795354,-1.0403367596033581,-3.935678275547223,-3.0887936873741073,-3.846615329362895,-4.217788748316606,-3.9587261878974753,-4.29184626143019,-4.154697556365607,-3.301550059096141,-2.895404499167493,-1.9264680506515808,-2.1893260095201534,-1.7007934734975334
10.143541853184566,10.985569629945024,10.897375593478754,10.108049448398663,8.799619422891183,7.363162760182438,5.873147401636839,4.897625193104691,3.194092232896251,2.2920426730326566,1.9430754329130306,0.9252068305213087,0.28418359805683435,0.5903498745176603,0.6908154648185195,-0.2595447608227161,-0.7867421272282962,-0.7429441503390305,-1.2639219394823757,-2.5518388661937688,-2.412028510573017,-2.157297535470937,-3.2487885260904568,-2.224007684978475,-4.306904643235832,-4.504884934364951,-4.577701455410183,-4.386935838147163,-3.6971047352579225,-3.5240043121705202,-3.113790183871281,-2.627703151088846,-2.3015653571753076,-1.8576269953109483
9.792758173001289,9.05101915886178,9.52425399697478,9.718452517575166,8.092011390720721,7.210770794469174,6.189553492841111,4.5885297296198395,4.272103048885426,3.14568701768071,2.1247902450103693,1.1730793512568805,0.3922913378176119,-0.3278713107182651,-0.3153855197255959,-0.3747390708018382,-1.3392605588200202,-0.7961663085541146,-0.30993470262878503,-2.0548812427154015,-2.6078759375967344,-3.730093999831564,-4.898764671546058,-4.170707311505891,-3.7206817040108264,-3.846074950688066,-4.359933056544751,-4.765395615232891,-4.1302622705913015,-3.9183732868686416,-3.0925038798268636,-4.1009509943780795,-3.0319237404365804,-2.2991710089531834
9.680770794511815,8.879501965706464,8.445523359684964,8.533973114148308,8.850802109530328,7.014640915137199,6.378463923287523,5.414556738649622,4.221714438809812,2.9808094579459867,1.3726565098990873,0.5477649817413915,-0.4181795690003871,-0.24644450931948605,-0.24397332548918485,-0.2136136465751886,-0.606188435554124,-1.1059805210954115,-0.39256326813269454,-1.5264253445844542,-2.681517095308408,-2.6484251805824264,-3.7738623848246338,-3.8709787547509413,-4.657974216452624,-4.858342158124411,-4.785413301190322,-4.672643739780459,-4.296762508980155,-3.7597375356766167,-4.12472603718839,-3.286629179059121,-2.681169538591815,-2.393812723929409
10.49184162556719,9.70765802563378,8.722040298018488,8.401120391241662,8.111532180851448,8.15705439290069,6.3457365138216115,5.622183053808925,4.469818411825499,3.028330372931186,1.6706591663636725,1.1347656314792456,0.5911335829893123,-0.3025272801481438,0.18011726289492525,0.022975947821434497,-1.0031428478320805,-1.6214612891318603,-1.6256307970025863,-0.16314481063159392,-2.471187672374519,-2.4796208873558765,-3.512173973478442,-3.9185100612717805,-5.270025987146776,-6.070455078142081,-5.559080966979891,-5.175761717451875,-4.983569928350153,-4.3527450972629405,-3.77401931193439,-3.1626775069224307,-2.4201861980226136,-2.22384331190769
10.183627219929905,9.206443809764615,9.005904123202964,8.441353192635761,8.40998452564414,7.9477164506617095,7.514633914228882,5.737810648506727,4.5465087991240365,3.1742415984917964,2.23691748372,1.8110347666865891,1.1827446213553823,0.6988311411562618,-0.20603995137738162,-0.236887315962227,-1.2114240290870888,-2.036477262018028,-2.453800391224279,-2.6051473681090522,-2.453870723879583,-3.362707146589551,-4.187672833094961,-5.455958666504546,-5.7595101445659305,-5.022142735349768,-7.612446792601035,-6.733113662684152,-5.321037642397999,-4.430549142843285,-3.7451439720570434,-3.100578608984475,-2.616524314253372,-2.3084724871987063
10.597249334986255,10.246285308156988,9.60185183291745,8.650098963011216,8.477751457284587,7.963456475892165,7.664421111689636,6.77431958630547,5.325231043399888,3.7275772670930585,2.631042704292173,2.2213634112332565,1.985368585547514,0.9292633918595394,-0.22091566175157845,-1.39619013362355,-1.627008388313503,-2.0068269630607043,-2.279394803997462,-2.334110985341737,-3.2423523682740583,-4.066269886299535,-5.249255496584843,-5.737165067655265,-5.429921086938681,-6.603136400342165,-8.144085296228281,-6.341344543869876,-5.161171513450964,-4.543922786823097,-3.6382293826296483,-3.0987437511541174,-2.823624635086889,-2.7328105585113214
10.902084509841984,10.644711898463946,11.019319574451833,9.171531995645514,8.05662301410073,8.259612197210714,7.835475393302965,7.416249759875701,5.9283120184139095,4.5740237068006735,3.7982055613532353,2.28510516741172,1.6072078840786967,0.9503336859751464,-0.4577957111942199,-1.5615268054119094,-1.981737702389143,-1.7839823134679984,-1.975754565323193,-2.8167634306971787,-3.608347246994192,-5.048077880588466,-5.398438637885136,-6.097533447169078,-7.323087904644032,-8.278365444958022,-7.612264532362651,-5.969044396745888,-4.86384877640284,-4.171589564221978,-3.573524211220868,-3.0216827068988734,-2.911591678032002,-2.9988104934348927
11.338920714485832,10.984522318161105,10.391152522042752,9.75107904523134,9.157915826326603,8.646861083118283,8.38258429400245,7.617629738373648,6.957054621575464,5.514182138393776,3.7643556633435202,3.080908422756022,1.9994859560976919,0.5459548047698293,-0.8496137873031081,-1.5846748976206195,-1.8337914502437027,-1.84346720746765,-2.033102966096374,-3.4459154753185683,-4.498751093692623,-5.666412294965677,-6.654257403584563,-7.436635632877459,-7.976428103026032,-6.444135892891408,-5.6762315608602645,-4.714514389319686,-4.054620829184592,-3.140088028677749,-3.0567943987097936,-2.8164970711247483,-2.55928403476993,-2.7020180507221494
12.368431568825622,11.022413862948598,10.11658599378321,9.75936811983715,9.011472213044065,8.873031635515755,8.768642805547701,8.203378142674302,6.942989110469618,6.6001874828896785,4.6312682989248035,2.6679414870274143,1.6596472879294861,-0.1771184955722868,-0.1306436766203826,-0.9817893714630551,-1.71151438469615,-2.272315327759592,-3.2651905209203163,-4.4137075431619035,-4.184467302646619,-5.540356462647814,-7.694926675787783,-6.936668593262444,-6.109428832780062,-5.480725156780899,-4.713136496758457,-4.351788498559477,-3.7927511491663837,-3.260717323696348,-2.488078966562806,-2.3133586258804657,-2.175043756094684,-2.1677207405681744
13.720851305232344,9.668977156953765,11.20796210131509,10.189053637682159,9.307769588347329,8.588962635570462,8.118643228077051,8.266920737362367,7.764119525190793,6.354121315067095,5.430618257811445,3.720579894721329,1.9607942711841804,1.1804462166252194,0.7000327361304342,-0.25872795247766855,-1.1521367667369942,-2.8480482337614936,-2.7314192261874024,-4.196699230996256,-5.144649549047645,-5.089984204723112,-5.323669204295393,-4.604185895213304,-4.482390278441186,-4.754083022469763,-4.674925386920398,-4.357018607944077,-3.663557164740708,-2.9333627071612924,-2.2474295862680758,-1.7361067132703414,-1.615388882284998,-1.743536313294847
14.209957336169236,11.07717777114417,8.266459833052668,11.592937006877905,9.995083315285433,7.748567546183709,7.985396163044304,7.345931130586189,7.851532197134042,6.92087803384584,5.6468087109378375,4.760035145013239,3.5640230322942217,2.064917729795238,1.5973968255249018,-0.9601805839107098,-1.0950877364438487,-2.5087450484444473,-4.0982236353141985,-4.439168276536525,-2.428438983318483,-3.418358040111628,-3.7611492446766674,-3.82099692623837,-5.332281444206918,-4.6869037919148475,-4.518815468368181,-3.8595032214328313,-3.231948898584899,-2.5430054807711153,-1.9142475857190686,-1.7572963699652986,-1.6991933362477514,-1.9547722748719356
12.855576206964736,13.65680444329077,11.146050390985204,9.141266549459543,12.231310529456605,9.100501686609928,8.260655161026413,6.824508490042534,6.658401503347397,7.346190231983382,6.499766796037088,4.377074509162412,3.5436405185999873,2.9274578838124,2.1675445935891693,1.0543386043315595,0.11919264816836457,-0.8241186099160479,-2.336579363107024,-2.7818135552734007,-2.6539636031522122,-3.0874972774188025,-3.448609719296902,-3.8353879379650233,-4.3421480493144795,-4.413122065524832,-3.5507305845735777,-3.335261852943131,-2.822616144813642,-2.3785813366925317,-1.5525401867432267,-1.5076751537321396,-1.5523981032243521,-0.7066589634703369
10.99790932219159,11.755505409096736,11.16249721997729,10.46883499807422,9.777085664387656,10.828239704473598,8.294735974580057,6.790034817562824,5.993639241681203,6.227659013131099,5.96999009713237,4.7822858902661,2.8576581061902475,1.8133900260968334,2.100812290996938,1.2358895861484727,0.02832165141505201,-0.9344653933494467,-1.7372407472409268,-2.219182411822429,-2.974486981894167,-3.150992839106106,-3.697837399495627,-3.9263924821895766,-4.046705925452561,-3.5448415557579,-3.008229925072042,-2.591584954121921,-2.287495563894135,-2.685247411312109,-2.453693144522993,-1.810146030722864,-1.537825748359194,-1.2142632599355034
9.702347883065805,11.473506415558616,11.272040796985847,10.094310357233649,10.956168825585781,12.082037388692541,8.794921107810577,7.840106981391975,6.466535947658473,3.0645458571961965,5.483785846647569,4.253943623128281,3.0094355409091302,1.7716070586117123,0.9708319665499969,0.6439376524632624,0.13374372253636901,-0.8867884416163115,-1.6721547291747325,-2.3625302070501784,-3.091690668392674,-3.775886763420103,-3.918414343446599,-3.7265686101595232,-3.3711033363084564,-3.4839729646583986,-2.305289070313765,-2.6174826623320495,-2.5071705452795547,-2.510721457794685,-2.988475564665846,-2.369036469099198,-0.220676381513082,1.4357099875429458
10.322273212094826,10.849890571517694,11.532969204862,10.773792868617976,8.421289693425852,9.458426089614322,9.79296565564259,7.253345253389581,5.611150563422008,5.962331773904772,2.5903269925937136,4.982622385944589,3.0230029921688946,2.2336839176771743,0.8076604848634281,0.7467162891427604,0.14631125214841245,-0.6517101039772566,-1.550235617984612,-2.7233284810643537,-3.3291205609995838,-4.006704098333503,-3.5879344202707775,-4.2805178409811075,-3.5004126577147843,-2.8184491335340804,-2.7691191697182598,-2.8696429785445847,-2.828351627861167,-2.981284109234554,-2.6686328558265653,-1.1038790217649455,0.1275868284998028,0.9055350022828751
8.974518705935976,10.761613869988928,11.128752584798905,11.49135900177163,9.995722133976159,8.223711974490147,9.727740126482317,8.718528550860078,6.544555291238876,6.133588789337202,5.626254355174016,4.509742849179443,3.2819924190839327,2.4097683603679347,1.2473571086254693,0.8599432975907868,-0.005800244359117661,-1.003383419036447,-1.668572506464835,-2.435876872881259,-3.558541102890127,-4.147902933051871,-3.809986486452596,-3.056485390018218,-3.2661719752408676,-3.447886747001356,-2.632729588408943,-3.2333166951750245,-3.5471941585509645,-4.139970514045933,-2.859827696045614,-1.925050022294854,-0.24223069622390955,0.4701422472764003
9.27800724841406,9.255492440317445,9.502714716771726,10.265165404693844,9.852951127504317,8.158728143912272,6.619620190435897,9.814211910083827,7.724504483457447,5.456172796250604,4.764735110261182,5.818043639363874,4.526972000327311,2.4700658878111623,2.2038490579303733,1.493302674330284,0.26051821429707495,-1.334304038634747,-2.1596115958196562,-3.5296180283427785,-3.9817763173462453,-3.260475157995738,-2.3240340418694934,-2.6804850257283532,-2.270152906256689,-3.0187095668621113,-3.747969660962614,-3.7926126026763756,-4.112924550762893,-3.126752022376614,-2.1111342062470735,-1.5395387308904713,0.14533361290805302,0.28245497086138666
9.18598403298119,9.739567804845562,9.472141494018635,9.580653029954366,6.543710836117253,8.653878150795444,6.020514881468481,6.531978659947505,7.65277909925893,6.001930360650627,4.434726310970656,5.973485057287224,5.595889368340705,3.5729447649445767,2.325217486332391,1.300102904462437,1.0819877079704008,0.32906656258341127,-0.6629468817070163,-1.816402422903521,-2.0708979117141304,-1.2282301400811744,-0.4713304136431633,-1.3963597742079625,-1.95040993353021,-3.054033275805454,-3.681994732125215,-3.6704774819320853,-3.0885525844717705,-2.2505053191793927,-2.0790916250882523,-0.2115783154326443,0.05220561805585343,-0.8234921172721866
