script/wind10m.json
{"header": {"parameterCategory": 2, "parameterNumber": 2, "lo1": 6.000027932988019, "la1": 58.9999434238085, "dx": 0.5, "dy": 0.25, "nx": 22, "ny": 24, "refTime": "2024-08-29T21:00:00.000Z"}, "data":
[rows 0 to 23 of 24, columns 0 to 21 of 22]
-0.6686374116221292,3.588530808419735,4.611470531749118,0.9759868505321088,1.653272938304498,0.5440995244645419,1.040413477971187,1.7499606870448385,2.886253451710379,3.209266089446875,0.21835662176467507,1.5292071863225634,1.5386691437683768,1.1658974434933778,3.248525217688579,3.592455003404647,-0.4500108981443893,-0.37414997594861105,-2.434601014571569,-0.16560650330655136,-0.3351464720999242,-1.2845453117826702
0.7175000114033344,2.4575237060076014,1.9595949458980357,-0.34032562986415554,3.0362112537205697,1.791598122953145,2.1138623818915456,5.408713615107247,6.881908285917933,6.485726646912152,2.8018832393958624,1.8559103191189232,1.8282837712085773,1.0907122869559613,4.626245571968107,4.949464432091389,-0.26670984723468805,-1.3506211888827961,-2.068577841151505,-0.8042096321030147,-0.13176431169334377,-1.1544798031779318
1.3109037984786218,-0.5067529089538128,0.999960113798437,1.680727852194473,2.2032370762019764,2.372548153401246,4.573058394424448,8.017295588078374,7.024917129830723,7.762000581404611,6.445928198326624,1.749596775398365,1.7773215956273596,3.1215539249104483,0.7554389654465008,1.9270161375263175,-0.7953054265997359,-3.067319703247145,-2.668442011477859,-1.1560085322166664,1.8371708213491256,-1.4841597500518633
6.801513569957692,2.7902944315270903,1.8070436155780256,1.1139370441097447,1.9692396079487726,5.179653204458922,8.84030039127499,9.499361428467834,8.206955043160457,8.258568421695726,8.060104174162998,2.713189845034707,2.2023806743394334,1.1047630837764812,1.1470382139545778,1.9731298850443775,0.09332386921419292,-0.9674623381425568,-1.1263737492048809,0.08934975105279305,-0.7698485394171247,-0.8276635353864267
7.437628246643018,7.013068009828542,5.632080846160795,3.295964165812973,7.969575806955436,8.955862973731463,9.369042224555406,9.629488470601947,8.546386618795013,8.92125346959716,8.968875913500913,5.379273555564971,1.8514030152001515,1.5493763051265916,0.4211688285437689,1.0418436144449599,1.1037400191659745,0.339276263573232,0.17924758794336038,0.05503054289464904,-0.11796451675775921,-0.9020642499909226
7.510628589092948,7.54674065436458,8.27210395856312,7.614504782596449,8.108656383053697,7.909170959838627,7.87145210960158,8.061562956042982,8.01915220959295,9.225374141105426,7.890901868516434,7.565834655183061,2.5441801773882804,0.7690555825485745,0.7891199425884572,0.41034253299320844,0.5715683589784358,0.13347535334926108,0.110428352022247,0.2436939633472626,-0.8202791664329763,-0.44184240378748824
7.262451309150362,7.618618932910558,8.414520714978334,7.649991081255112,7.93258523030357,7.588400170305404,7.165893829427857,7.139730023619752,4.207157221331062,6.56491553644508,7.439874146649327,5.574289606552413,1.1928549824663783,0.8426237967166483,-0.06808749855601628,0.22069026578831533,0.041842933835983864,0.3885678040142366,0.5520097237674827,-0.45219197436155545,-0.7354223679855649,-0.553348500870802
7.037171931925403,6.592666658318973,7.638721744010554,7.738535043246859,7.448752978421354,7.2272202699044765,6.276766593302715,6.740322957714182,4.102308993285697,4.315341085272429,3.0643887498730273,6.0148040475131275,1.9614668421277381,1.0871749749749111,-0.3472216064339907,0.32121415878690207,-0.8114342054737637,-0.2166620935571808,0.3293440612620704,-0.3743498084032293,-0.22038525676200033,-0.6693494565039977
6.482773292294915,6.938554845885277,7.315702619363176,7.444659995969793,7.641563358617278,2.1086121785905845,4.1912368770227575,4.088387773493111,3.3953469487974752,5.622827377642191,7.484864634663831,5.066949213956933,3.564144436362019,0.9500302802181171,0.5618068705792293,0.04219029584658581,-0.2965733908898364,0.21057899296909058,-0.22634032702702242,-0.21727095949463066,-0.26821836950715977,-0.0524230680511368
6.375634801209114,6.847719777686125,7.144840045547779,7.011232125723945,7.7677225424246625,2.985274212940902,1.5178033753353783,2.5574047792077566,2.2167227687074496,5.391910260177153,7.142321897145523,5.069214873608707,3.579665554266192,3.1325478093062022,0.08549427034964499,-0.807301722173079,-0.543759789966546,-0.14917711647684348,0.05363526650175972,-0.625271689682413,-0.9320086438429993,-0.14724393648377843
6.3827406866782495,6.846136895105567,6.834425855969714,6.6578756745183165,6.474412590710468,1.8570345670741137,2.3680232186891748,2.628109747286963,3.413010374368193,3.286403906715098,6.357326767969426,4.480454267189386,3.844551062485335,3.7573914698055515,1.954500645063354,-1.5564260560590666,-1.0563813535251607,-0.5128477328786757,-0.6898655305881318,-0.11193065025521429,-1.0192795640094627,-0.16960442834152686
6.251633039609796,6.505515049478197,6.400985675392087,6.804476880151566,5.413248217612628,1.8196471955307494,2.7695429122252384,1.6642845749750885,3.0415621466111173,2.7545811893026086,4.2071193005471335,1.1591756596608642,1.5195011190540286,1.6335466785978328,-0.1618261736477395,0.3524708409360085,-0.6356854947631421,-0.5611301710861925,-1.08964753399762,-1.36203405886345,-0.25228296396175126,0.730445357862172
6.104886765718242,6.192442363288089,6.04506378229329,6.190613304600162,4.9165311290845795,1.5766657320773017,1.6892024547892774,1.6150514702734848,3.0091886416036977,4.39253048865104,4.0969159486017706,2.6171522052938405,2.706744930360128,1.8173718677422954,0.4357974187000034,0.20354543563725153,1.715844340063536,-1.3534461048624964,-0.5024927322227234,-0.9663653416339855,-1.7841054306394875,-1.005059539282437
5.836227135492007,6.081502982655498,5.969771290949595,5.390255334806268,4.6535540103078175,2.1717724128369746,1.98999105630987,1.9759977057045415,3.3584193695309925,4.661315101491211,2.9198909218715725,1.7438694458404458,2.6047503578567217,2.0409946291095102,0.6486916041429351,-0.3486979545968945,1.7252849399626289,0.9711363854713139,-0.08367292899783628,-1.8840425302487425,-1.3559196463387462,-1.8490149296292948
5.770803571368005,5.1308358450210605,5.696961450505106,4.699822913329783,4.2362723621811496,1.5761652590322,2.060417482946009,2.525759614385004,3.121174164037756,2.943073930323795,5.0599312533413086,0.6558943453487225,1.9507204981021993,0.9419255291793437,-0.3767301118070736,-0.691959412038506,0.8122359814901736,1.7132795299719912,-1.0573738953229066,-0.8213714894680523,-2.1871119126495024,-2.168429704305075
5.304849739783897,4.925853241941657,5.050291850729166,4.607571421361145,3.9460468787251135,3.13655203334463,1.7184639408456495,2.835429742008718,2.7325007021909737,2.0396752740103303,3.114650742723323,0.46774936873814627,1.7483335251303533,1.08464605336694,1.3897392402607351,0.7787931069187028,-0.8513606123201651,-0.7169901371984826,-1.0148152790231375,-1.2488558529819753,-2.105827690402681,-3.247075033219115
4.573089812986078,4.647734877948239,4.406381393855913,4.082852668207647,3.602126382587629,3.2467089910262943,1.75451147301593,2.518438268878599,4.537551772882006,2.7889234628839916,1.9624667283458124,2.873552906004306,1.029477815247765,2.195467381267101,0.4166355495745195,-1.0856103658511136,-0.22664176358572924,-1.6753710050779418,-0.20808039605341724,-2.3569998181058347,-2.303274506869622,-3.0241398136812507
4.163567125177913,4.706010840264022,3.8149435861616254,3.0920984265096845,3.4663643240105504,2.3795882529672623,1.2260252249340962,2.8139428206213335,3.720549563403268,3.7756229603924947,1.8745359273837279,2.071942145386125,1.4709574881125216,2.1468058622963557,-1.8317577607601363,-1.6537145450717505,-0.8197409058362427,-0.3344917783104622,-2.1287141651508037,-3.247212411474263,-1.7223648252183947,-3.049995094262091
4.08250013087579,3.8939728419237034,3.2959367562489614,2.8729724239122247,3.203344978070405,2.096140817253656,1.1567115095253448,2.3349883606286967,2.725902394525117,4.4358700128252,1.2632329343807862,4.67084057362689,0.3424876796592594,1.1457182450372552,-2.5073697336271588,-1.4733806679675001,-1.3285760277281076,-1.2499736374941997,-0.46227640142462634,-3.8040004044112354,-1.4671466588691788,-1.8731139429465196
3.7020991317909444,3.1942366186271633,2.9436450761613813,3.2291014097332678,2.8086112039169673,2.60153245544695,1.7405340712031785,2.1487443796299854,2.3861043053816746,1.2964321185760006,2.4270800528980496,2.797683972499574,2.105483498238406,1.1674744695391113,-0.7551645647340657,-1.9244009965917985,-1.4293919295218476,-2.6769940856067787,-4.602947758613279,-0.5585868017114097,-1.3659185496968862,-1.0530010243364827
3.1102505252318084,2.9117498455630537,2.9522614067552864,3.9165675121437706,2.6538141658923915,2.6667374809243167,1.7619255723018905,1.7867295381275619,2.2376397524240765,1.5616748876508906,0.526248821886396,0.49725808881750944,1.0372698120881818,0.9208692540045457,-1.5751825814621998,-1.4249599162783388,-0.7023428267804467,-1.865494119525595,-1.6060784825477554,-1.8964586843115623,-0.6794742358770295,-1.1998226348269052
3.63787006639813,3.0971147632923937,3.4921285474281296,3.9437336269415257,2.953656265542215,1.9222841619245197,1.9062659026283375,1.915408283887494,2.065849944235999,1.2592437495840303,0.725639575950512,-0.12273684193820393,1.2560641857761734,-1.3507600596290712,-1.9087909186573881,-0.666770843374446,-0.6199747091733949,-2.4786488815169254,-2.4965188315626,-1.4898923089119414,-0.5660555532217946,-1.1770746893475006
2.966615813050814,2.7248245459948266,3.6795168980566264,1.2350556554836987,1.6366935761474157,1.4042044447260769,1.3080672271385776,2.1203184669201818,2.5956128288544806,2.1934475617872944,0.9141531178137128,-0.7157546691566117,0.6602477378793283,0.11469842777183724,0.4855105394553912,-0.6031196853174414,-0.24612788572483418,-1.5357639809574337,-1.3005206370600444,-1.2882956019277925,-1.6520011337787948,-1.3483441534634202
-0.02776440017016652,1.1683157533140405,1.6067332604859927,1.3679335756518942,1.0691547076905386,1.6207443579625789,1.9640550202942357,1.9574556099045017,1.8219546909918998,1.624720465861827,1.3336458438013716,1.721888482102165,0.30577349537792287,0.0004803416164278669,0.015296074599231251,1.0182900541594468,-0.9214938315145885,-1.3387271741378088,-1.2462544157647368,-1.0228379134823569,-1.1221703271615675,-1.579123500479761
