script/wind10m.json
{"header": {"parameterCategory": 2, "parameterNumber": 3, "lo1": 3.000054539987559, "la1": 64.9999836372058, "dx": 0.5, "dy": 0.25, "nx": 34, "ny": 52, "refTime": "2025-04-22T13:00:00.000Z"}, "data":
[rows 24 to 47 of 52, columns 0 to 33 of 34]
4.463891652653861,4.182935267605519,3.2459566339357733,1.0876738396301178,0.28524559078850853,0.597758558677069,0.28837874594655877,-2.254073434391913,0.5472676577536086,0.46860839559035783,-0.07480007389855357,-0.19995575318220982,-1.1078155314001812,-0.9679383581864389,-1.4872311461542245,-4.400149344503232,-2.122691548857182,-0.6129180620823853,-0.5669365390063401,-0.9302636840780042,-2.0331342420793628,-0.32065865046107933,0.5439157706745201,0.27575216221850507,0.449297227106933,1.2039859012771619,1.5440992683919499,1.8696464540665878,1.4471743396847918,1.3876797938434937,1.7201599696840975,1.2933118372651236,1.9756367653540126,0.423281721197679
3.8473338052966874,3.382565106961327,3.326491808718308,2.911601410787132,0.918764227073329,-0.0077772545341256525,-0.34608654484118656,0.3199571174228421,0.36950345967900966,0.3427743545865241,0.24424053526408218,0.5597387917296837,0.14291887798428085,0.2201192901445045,-2.381320460083432,-3.4792488982695287,-3.366503020723643,-0.20514112749916988,0.1852793225491041,-1.188114689283758,-1.0522673754722147,2.696655389566061,0.5090012765096958,1.0412190469519087,0.7076928963023281,0.547801824683749,1.1108389551736026,1.2991880564424905,1.7655450102544177,1.625701221771696,2.4083220718100646,2.2974116088388135,1.6194351228049786,1.283251030330306
2.6254598605716866,4.029998332658686,4.101261529056891,4.090024251904601,3.9873976066257324,0.20532930550090273,1.9294079720079134,-0.321411411827949,0.997372099990979,0.45318170703340094,0.30580076356049984,1.09683129842917,0.7788838016065953,-1.9687334762837467,-3.2102769476733375,-2.6969582499651272,-2.5815160145677845,0.35237094272397035,0.32911596863253423,-0.4065128356955132,0.42222036801840607,-0.3815164031040544,0.9409591481863361,1.1488763953952374,0.5756960575169809,0.38009717914765057,1.1554866293900936,1.5770532312707148,2.117970036867451,1.7086768725494539,1.16162207810466,1.9523694618095537,1.6840855637058654,1.541237818306253
2.698375906566041,2.5530531424967764,3.985892495658781,3.889101389773374,3.9870221515020745,3.469486121555254,3.6489826541447905,0.7260330581663461,1.4367089115317895,1.6721042500869951,1.4083594607863241,-0.4665692785248466,-2.166982258045288,-2.780515386951942,-2.5244972894596303,-2.46673321847036,-1.8516602384226999,0.4130225280686351,0.8476638147528014,0.1118002948941581,0.6624293614304999,0.2486778697662187,0.5336442485815707,0.31841907224697596,0.28329923321117634,0.6618238530850633,0.9366970792781937,1.1068301562609073,2.8998733108009094,1.7365132419101863,1.4433562978647436,2.3386079163563704,1.90193014853736,0.6503649466956666
2.2613192806123954,1.8116513111833659,2.7176695995074445,3.807020932819714,3.357376896693954,3.166049392897587,3.195469473780886,2.509300576461052,1.3677490078727144,0.25688841391198963,-0.5717078049541265,-2.185893363687124,-2.150466247429134,-2.4489789311445684,-2.276161639443802,-2.791402506277397,-2.401185118827714,2.4576379106105968,0.2147830053957565,-0.10380432764809681,-0.012167718457247267,1.2301927705195266,1.3430180728687184,0.3754979801722601,0.2375387723017838,0.5207829128987223,0.9663308918413391,1.3925923648594867,3.1707428072479464,1.2922428014002176,2.002075382992707,0.6853686214956554,1.5737481366931663,0.8675257584577417
2.32148641465555,1.3580235647880616,1.3303552029144146,2.1299395363519014,2.4552766158347645,2.253066019877783,1.5423198936416505,0.41236638568024686,-0.5968134581797336,-1.916229133174888,-2.2040345867184272,-2.2328196205466475,-2.5886385993804963,-2.193914154791185,-2.337056826460583,-2.8361309445432425,1.863749614226209,4.4474591252412825,2.608022273268606,1.375409644681628,1.4859238162316024,1.1949535907623514,1.1844265583166618,0.541802037312949,0.8521308780914244,1.1476462694022924,0.8566208201519226,1.2272500498618564,3.072209907027011,1.7368409077507858,0.545991454544125,1.2975594640784522,0.11798136558834055,0.1522990932742561
1.9161535176990552,0.8651378811763066,0.7336118273718063,1.5422293708992052,1.3899586561425072,1.285875930993126,0.6519063050023705,0.1194412297561875,-0.23827112529004865,-1.011930017898124,-1.3835176354257284,-2.2106206705658242,-1.5171992863198023,-2.2847166505225855,-1.2895650546477864,0.3325169974507412,0.1587275375235185,4.270667562052905,1.7599971292045158,1.1725349780874552,1.2465297683365557,0.5134114051921013,0.6741616966845508,1.119933839462465,1.0354226270835734,1.497773771778793,1.2632911802154505,1.4151418544548502,2.878768755785139,2.477618927167664,0.7875711377501743,0.15099164974629756,0.10888822326859872,-1.3271800769235125
0.6922075314175945,2.0883365583339826,-0.11278709108117997,0.11474159870485613,1.0527921526328348,-0.18792406516020385,0.5930387900824104,0.7050169677887684,0.019731869252490146,0.17289765594640924,-0.3468153187533972,-0.2651942929684268,-0.8673376314147117,-2.5284918156759195,-0.07955011322535943,1.5753093351581944,2.070508866234477,2.6505341338095083,2.6786604252988995,1.0004667713499638,1.0588722617895712,1.3243537136874328,0.8682427585963852,0.8103955174092865,1.3378641523055106,1.454944399819982,0.7845607058647647,2.5018797937474617,1.5654834586359647,1.2384868977572179,2.665453838001283,0.7019672731935712,-1.5489452560762487,-1.284081621697
1.2215728655388336,0.2225187283530153,1.2373380078695821,-0.4565855025661311,-0.06622528255894981,-1.1709337461422773,0.10034272438585855,0.9811373595429277,0.29950822383579234,0.6827587468559502,-0.0027667219199304844,-0.30199709365587074,1.8107298262152478,-0.3408530312492239,-0.6872884060216901,3.010444557933559,2.781178962089058,2.55977703822076,3.2957547198199437,1.0595552528885974,0.5299981200948848,0.4920663178186737,1.3946168643710464,1.7365307372335173,0.9244273156233984,0.6708441080303124,1.3086182130533919,2.102606004439229,3.2556875488909918,1.998815484407514,0.37651770595752443,-1.243685362639308,-2.612116870682032,-2.0661162777310085
1.9379162198211484,0.656488436960549,-0.1418064589224741,0.26888413245429926,-0.5347148568870876,0.0681092150477299,0.056637726803736445,0.14941325378420603,0.8283477477348313,2.7416646990300633,3.374289794922635,1.9571977820202437,1.7308049439832625,0.8869758901744009,-0.5614632085932102,2.172618567126415,1.5092034318044938,1.8735681222506602,3.482591848461731,3.9562872990706444,1.1236771838563062,2.0242461688588342,2.686584170520991,1.27172931162801,1.0079926660956695,1.0898721773843925,0.8741329497917731,1.5293197706978734,3.6361605080221326,2.2253658774091853,0.7593738209955009,-0.7866950310724403,-1.6407841355910195,-2.6381262783796946
2.5972415437059713,1.7704230650640558,0.23276079348037282,1.122382168627201,0.16117122602841483,-0.32963023416502085,1.3784608293170142,1.918814832643219,2.0118804699956363,3.183876559840955,4.088948666897333,1.8577174826113576,1.3620370987072683,1.268484175336408,0.5124826336179503,-0.2606807562704093,-1.3879707436989543,2.253542761327259,2.193288880621362,3.101877180934747,2.1681610077192963,1.5532070775796545,0.752147739289566,0.22462281512521876,1.2164707562741015,1.2154058513721306,1.9904626335480504,3.0213500024706352,2.8666998531324586,2.324960917317637,0.34937049315635826,-0.5505307643266558,-1.4754512692289619,-2.337295790628182
3.484460076125936,2.3906354721602745,1.2829037224520217,1.1562306280158037,0.9200230391956093,1.0620603070469214,0.5370583642197491,0.7135226513263159,2.709569287507334,3.5394164940827353,3.3093494180313656,1.3008273467994247,1.3511395729088944,1.1194862414124116,-0.30349059792066924,2.8279191303869475,5.011954676677291,2.6304914096563965,2.3786774290073547,1.760789475997372,2.453776766435282,1.8231525478843404,1.232567516080665,2.2191660683964716,2.3753602073822564,2.583445244588221,2.8526237817271842,3.9909597469808,3.740673639486737,2.0835461505807453,0.3092438225111533,0.0017274269507715236,-2.0401012622848027,-2.3308629458487022
3.1748995010606684,2.3293089659594157,1.7049829160400989,2.0296539109477916,2.06806097690193,1.5588439427223235,1.2991839978816302,1.0040374751379724,1.611166670044863,2.670079413448578,2.97342677195102,1.8593177064221722,0.7773493732090216,0.37582110211630554,1.574220449897147,4.093756973560575,2.815021934476192,2.0024968677034516,0.12116731671589503,1.6148475426172006,2.6950743134070962,1.821651778692951,1.376341237047178,1.2796181531491793,2.728648476819419,3.457290296208993,3.425651212702693,4.188158090491923,3.7566702519162263,2.186346343602985,0.24544078411012846,0.10185744139341843,-1.851514571939141,-2.2704548157594515
1.9369708715833929,3.0287272951455315,3.146521141869672,2.307797310011374,1.8179894463406225,1.532941098816268,1.11541189833914,1.1568967712462321,1.481704316564661,1.9806833662039443,2.2162716677443375,1.1576946827440784,1.2945654095752583,0.8082580209190133,3.149802549267932,1.0005101745792286,1.559081430834317,0.33526498407047794,1.2265923133924417,1.5987124251494147,3.4795257879582815,2.698048224984406,1.4714426619260115,4.489766450751727,2.909209564484198,1.986051780017787,3.5090971042166275,4.098360617650496,3.0589226994423213,1.803915065795906,0.5874781520486341,-0.40725783886534156,-1.1419055575665824,-1.3147263155099718
1.4310007227484962,1.428537538191555,2.8399522140884628,3.140192888085201,2.023875957169168,2.1860889947895,1.726322382064543,1.1742903492802337,1.1662552655707845,1.8570733090989064,1.743647312077806,1.4904768092099498,1.6260524603193733,1.4374710587114896,1.1934555622011724,0.37877777136938895,3.8712211169124995,1.5972148537196018,1.3827470230334604,3.728012375328166,2.461839623595097,1.3619561608252624,0.7351630001038557,3.5096795619705587,2.2778131391246563,2.925090857733794,2.4436181668986134,2.9195183939994345,2.5026966347318487,1.8325014023322574,1.2499064612193613,-0.6506571483510292,-2.1377443733266794,-2.4744745496474856
0.983818002983639,1.7411333268637161,2.8103445760819548,4.612082248782228,3.886949084588604,2.7479652435416706,2.1723721427242344,1.8828879346044116,1.5079668231353116,1.8777451889630663,1.9990198190309776,1.8723043095464897,1.629688033220719,0.3558022715351292,2.714777945093326,1.9094843168698463,5.348463267539378,2.275746274963178,1.5152691837587708,2.5472973365751455,1.586306267258623,1.36141943349168,1.3675275250263978,2.819403593137305,0.7538787564289183,2.976725823516127,1.247538243321445,0.5988193251283856,0.8913858949970885,0.6426628059355157,-0.020583376168077632,-0.5186683324038046,-2.127104405914667,-2.7273192135103415
1.057278389208356,1.8509058952041386,4.450111733926538,5.1740222013571735,4.059375277290089,2.45885755686503,2.0819107091618134,1.7806679072529576,1.555275420688387,1.6563445685085412,2.4786201280956393,1.3753130517162684,0.9717652952510799,1.6271679746546268,1.1710132064581613,2.579988359557189,3.598498830099689,-1.0762728055770148,-0.34701091774502857,-0.9124071167617676,1.553430339325193,0.9086779617559589,1.893488449299456,0.2596988848590294,-0.7108365302005132,0.44709200495104223,-0.6981654130005166,0.08109490634230848,0.19093093452927495,-0.5328588264883114,-0.9313467403788805,-1.1029970282983073,-1.7266210792328431,-3.450970291406376
2.770171089449774,3.0973378217864074,4.581575814909823,4.149363471429992,2.6673100466152664,2.3446922962661723,2.684471358634375,1.6625811946063258,1.0713762142648207,1.3888799437164299,1.2379925591448278,0.5901144363184999,0.9573661847433396,1.7444452715396948,2.1318201140453334,1.0360097792148553,-0.947094501922829,0.41930344856751933,2.8166652306472755,2.0686440445532965,1.6358963649948923,-0.023197689232197418,1.9355925567413224,0.01867659838333153,-0.11544154561998216,-0.3652888741473703,-1.9597210659039108,-0.7342244866491706,-1.293596836132089,-2.005356806504311,-1.2159196861027999,-1.612082926848444,-3.4667448807487533,-3.568100009890203
2.983970178283571,3.7291312992744805,4.08306347972396,3.4374362792006896,2.4479745690498285,2.667947618681206,2.8021140018559865,2.2206399310581566,2.1892485792109144,2.392309031898138,0.6455974576011276,1.6247385008942006,0.9191292183490601,0.4659606663159816,0.9838772585539171,-1.4894608096412172,-2.3579814086554896,-2.5987233489788926,-1.106179983544664,0.1681855375764493,-1.2413823933380899,1.9593852735294068,2.571722970876691,1.3420888288285713,0.4708719862943397,-1.1892602992743917,-3.3366001720817304,-2.108880719382026,-2.0323599119389475,-1.576407460478493,-0.9003180536608056,-0.18619476983741926,-3.5499678712705363,-5.000534313858355
3.3306376224107166,4.377455535644148,3.015182782212035,2.8541223016309014,2.6679941043484376,2.408638075842366,2.163805186345263,2.2696588455362123,2.2034346373422595,2.264881678877748,1.0609773250962033,1.1215749118380705,0.40825181407453653,0.5389721971161985,-0.16002688930286763,-2.4275085118292568,-2.652698438742492,-1.2459039758114456,-2.0910966964690254,-0.6304335631147439,1.5958226698191367,-1.1120036394691983,0.9807828386442335,1.63785943572088,0.25325247929489586,-1.056765076219674,-2.0531837268584203,-2.072133176592386,-2.0740832158816755,-1.0524811461627943,-0.9797756914402412,-0.9855335885718933,-2.327502724594291,-1.7759942072712354
3.750344881692681,4.287582685420711,2.0078865842070366,2.2553202314725667,3.2540508429283124,2.29738937544114,2.257664999018941,1.7012017308420557,0.8254749405657317,-0.24539189176059184,-0.496866267727412,-0.6774935792096659,-1.068224251188592,0.32261158219141106,-0.18683071896509443,1.764572247181338,-0.5717515384325578,1.6100697971744937,0.12607241688736998,0.43851940154053354,1.2176895679834714,2.0882385257445994,3.0213472617865342,-0.7850882774329214,-1.4242509994138686,-3.0826706543550273,-4.155782505686289,-1.8342345148373664,-2.4036872561984044,-1.6789098419741346,-0.6536483801570807,-1.265845159756301,-2.0943386479432125,-1.976152262591771
3.3737797450746454,3.5919123268958373,2.61379998307333,3.086703710309612,2.5739304984004576,1.387396838572752,1.0663618364376346,0.9789144278389649,-0.05559874354175826,-2.0512359162672915,-3.2412482054422798,-2.1825346842396445,-2.436072002514288,-1.7845319821053047,-0.5722033453002041,-1.334115452023016,1.0562742019693192,0.9281649015273549,0.3427069654795534,0.9846333077559183,1.3308523911737096,0.5962518134282401,1.6709037301354372,-3.4838085392911413,-0.9914362292604393,-1.7290662832754915,-1.9754441987607174,-1.1197055784413064,-0.9118294750110633,-0.6407643267093998,-1.354517135140953,-1.2547326263238543,-1.7893090958148556,-1.710488958424184
1.862049037832197,3.6869905543756003,1.9561520927261276,2.101184863541818,1.6253904727492126,-2.442544610004671,1.2425424031227956,1.1320516766656699,-0.8297868498474081,0.2917572495702244,-0.7412274859441805,-3.1511134001318033,0.009237335881532869,-0.49030948484960246,-0.882064181140368,0.7208279601680968,-0.5566440136882764,0.38355994505018526,0.06559292090979478,2.4906525555090884,-0.41744167283469735,2.546061787923259,1.1058663675814107,0.3872956982489819,-0.9354653191278338,-1.3115411025212196,-1.4160056962560912,-1.6656732602948374,-1.330726834656488,-0.6574996785219263,-1.4302533818222134,-1.1787919966141693,-1.7045731227146599,-2.2894186683869004
1.0839333973621739,3.123466913338318,2.161823153525283,3.3304691141337375,1.5984447706465768,1.3487563668780445,2.4606041722814314,1.1784111748201545,1.1625402971148897,1.0482862654954146,1.4833359506553077,1.2055976659817014,-0.33012626334564565,0.8161897921499385,0.018732794473203127,-0.48022837556901476,-0.39015415434001505,-0.11787679908559995,-1.0131297174651455,0.8224980270700507,-0.538451954416946,0.46785180476606986,-0.08582299231175791,-0.5817528611310625,-0.21274039510463263,-0.814267410417565,-0.6237490766894441,-0.15539308319056608,1.1306866803527669,0.1415198798401269,-0.7099393344823668,-1.7106696925945064,-1.3532701667773375,-1.2961805983369885
