script/wind50m.json
{"header": {"parameterCategory": 2, "parameterNumber": 2, "lo1": 3.000054539987559, "la1": 64.9999836372058, "dx": 0.5, "dy": 0.25, "nx": 34, "ny": 52, "refTime": "2026-01-23T04:00:00.000Z"}, "data":
[rows 0 to 23 of 52, columns 0 to 33 of 34]
-6.715278618217521,-6.293672558297921,-6.44818521226759,-6.636671805461726,-7.340458260256974,-7.942071569526552,-9.493350674897508,-9.342097969420996,-9.724836745265387,-10.26130286464362,-10.835364057410565,-10.861290753160729,-10.505258475911612,-10.384703912701092,-9.974152839886022,-8.57348120767705,-5.760693150432212,-6.306687063291875,-6.601924855500214,-12.170840752148711,-4.704017476467384,-1.1149376307270706,-6.613231060996021,-4.60477707793352,-2.4154179090879984,-1.2495377129669554,-0.9787213340296612,0.33281589580824605,0.6641866469213267,-0.7766003456348903,-1.274829629797606,-2.1320076365731326,-1.170579637852332,-1.6828210819248743
-4.535834873682301,-6.7968223231568,-5.9952700015599145,-6.867635836291959,-6.857597177066719,-7.202471620787127,-8.258516949489131,-9.653488369204995,-9.773519496382225,-10.592401013594419,-11.274539135962982,-11.467325778411704,-11.03709704386595,-10.664916046550978,-10.867291531793118,-9.564713947978754,-7.591624837335212,-5.37210031775103,-14.2378409119385,-8.381844579906534,-9.999076165903286,-5.0051578536976855,-3.3803676750249907,-5.250852185011782,-1.8977916564995938,-2.296885527740136,-0.9269309544189063,-1.918809692172736,-1.4430904863317509,0.8935067630788968,-0.03680640804736809,-0.8050989587695149,-0.775163667094779,-2.9309919814877663
-3.225168529945657,-6.481215148477806,-5.7640616187670295,-6.253097395630315,-6.157872905522624,-6.374298622276324,-6.837322632473949,-8.630690501643015,-10.221569048573347,-10.958505231709454,-11.152219127767319,-12.143149765484104,-11.726531063746005,-11.570257581137618,-10.479983762843862,-8.667096617608744,-8.636042919009128,-6.959116548875697,-6.379177605621235,-8.096107246548502,-8.314798437578924,-4.563389403265568,-4.850096860260223,-3.7410906914124866,-1.9674936875871654,-2.561449747420913,-2.1984669969659203,-0.9496532524920641,-2.1090200263565824,-2.1194895203936506,-0.8890361386650384,-1.4384264897913293,-0.40145717279378135,0.00845706239690006
-3.5823541041482603,-4.5262715431577565,-5.3205143384328455,-5.119906756147619,-6.198687444660968,-6.605528074547332,-6.261507907753483,-6.708427381972738,-7.736659082618122,-9.685312239217405,-11.968988930559599,-12.273992018151423,-12.831288058429127,-11.261840022584005,-8.96553180092145,-12.739521466561714,-6.702347804536271,-6.095608350526232,-10.640724901479201,-2.801959951605863,-10.133212884131853,-6.464096520437094,-6.079026701288091,-2.409414424972708,-2.5666618276680526,-2.6797068932786927,-1.6180777860002937,-1.7937727965878378,-2.013595738839237,-2.808753753220166,-1.8604634433124325,-0.7417330355305433,0.31630926177574736,-0.014591029423286151
-3.715557451102357,-4.6940313313455375,-5.226276206928563,-4.955838765227392,-4.871233696551191,-5.657201493813854,-5.288108584739252,-5.897501415447464,-7.034920243366072,-7.096887562162286,-9.205296846393338,-13.369951570671214,-12.300259762210013,-11.227237170256421,-11.390310205201116,-10.763121739122537,-7.471624593914349,-4.974428284801775,-6.720398991871861,-9.221107110912504,-9.793860109873183,-7.2716394030361355,-3.5609625854324856,-2.68108952123515,-2.0279629783665856,-2.535269168447306,-2.072893127033043,-2.197148832687888,-1.673008551217722,-1.6910965802111433,-2.0341309321405534,-2.53971769499322,-0.42473325145446283,-0.93434744361494
-4.833324455753598,-5.079543011411981,-5.44888840556013,-5.2752877974785735,-5.3278078740919,-5.242009299054224,-6.035072524487926,-5.069734958964703,-5.346967885964768,-5.285381761076135,-8.221832276751922,-9.57635837909322,-12.9497019710837,-12.92712889800649,-7.842591216483797,-6.542771072463671,-3.328295283779911,-4.495785474016384,-12.715400233365662,-9.457735734095202,-5.137751211463165,-6.442159972494769,-2.7448269244100922,-2.7537359743612635,-2.937050812909238,-2.904851941337855,-2.4491616573252033,-1.988090930411122,-2.226631782247441,-2.0596032759288336,-2.3926349439249948,-2.11517924293716,-0.777670798115943,-2.7160780692627515
-5.7009734563697965,-5.596225659245862,-5.72558607568712,-5.442006816362587,-4.847070165175444,-4.89541328104908,-5.387889115625722,-6.794713104136801,-5.595204945853191,-5.2176016695483405,-4.419644298867463,-7.562403515965351,-5.515083905900046,-10.314375124397097,-9.760695715581216,-7.0396774491390985,-3.9476864163111114,-10.190010845774617,-10.485144159163893,-7.485787714190239,-5.280910060422383,-3.5103911809031705,-4.428903970088997,-3.376216552334448,-3.6003297413457234,-3.0547169213781404,-2.903464813343088,-1.8878155670849597,-2.1729433385916055,-2.752612758345555,-2.7837827922825022,-2.5275002788915466,-2.5411036543863554,-1.9231980063709537
-5.75942301727062,-5.531385812037185,-5.7756729734629495,-5.490039090307953,-6.1094411836057105,-5.646878729758607,-5.366941360715156,-4.866676005711298,-6.68758882549732,-8.432523837346366,-2.403955406798689,-3.146881641801591,-2.163055292204603,-7.248663080436448,-4.016606759027876,-1.8843339618138724,-2.782357457754754,0.3706620093326448,-5.101616307569435,-2.267284317685309,-6.302479957152378,-5.4722503951337,-3.264468687344444,-2.897847962727196,-3.269605369670812,-3.1273344493317663,-3.4150247002597016,-3.0462578673527347,-2.5607204245603836,-3.4948090848700124,-3.676968921546582,-2.450878970344114,-3.0316038822756624,-4.844945371186847
-4.985772170613433,-5.509033584197149,-6.166518036434356,-5.82570710962809,-4.926537798742577,-4.449554686012282,-4.724151234858188,-5.013772126682227,0.5398058300267919,-2.4207118513081367,-3.1728094610832986,-4.352312797964689,-5.484383939175373,-12.941166690884819,-8.08646804062031,-5.532259716523081,-8.374099462613591,-4.530540583736627,-8.005873714202847,-7.189254893484047,-7.3623043111481055,-1.871018139950201,-1.4629292663801678,-3.4415039702105514,-2.288715691503694,-2.6873788262811638,-2.9361205295901374,-2.698240385480412,-2.5387459944318747,-2.225647598350176,-3.029948242939882,-4.674138928217705,-5.394962244301515,-4.591854687708547
-3.8888292982543478,-3.8192461498626447,-4.048306734277773,-3.978981029397644,-1.8254803760629308,-3.5368314701210286,-4.368099737772248,-4.111862661826359,-8.830762065189067,-2.0730297237484754,-3.492597176767258,-0.6232545611295008,-11.601455497225416,3.096302880398135,-2.6785710588500318,-5.799516064525262,-1.8619583541947005,-7.411874299790193,-7.043331843525436,-4.864150781401992,-3.2058645857655463,-2.736559771300111,-3.4268348345190907,-2.9627720312835537,-3.677639620952853,-2.6597499686099364,-2.8501740071284756,-3.799717963980459,-3.3713651867874646,-2.7366891375939715,-3.6086377441751134,-5.272559716011121,-4.6063101083793665,-4.426022743293297
-3.6639659863160436,-2.0325228141343787,-1.491228260531488,-0.4894362267605821,-1.3345767699702515,-0.6111080005150054,-3.515705431003583,-1.0193575197625142,-1.708204322517003,2.631810131616463,-4.862925038559461,-6.126179237893994,0.38375177654024817,5.86242088461335,1.4091519244847386,-5.609340664505793,1.0855449318253307,-3.1298788118414707,-8.26999738004966,-3.2069213931010334,-3.615306670217442,-3.0964934299905242,-3.1784290754638467,-2.104321508499631,-3.5801268368098813,-3.0683936320423446,-2.529556636053033,-3.8444142827664045,-2.8177452572016852,-2.239078274114407,-4.916882567871613,-4.671749151302139,-4.4861836052183595,-4.593038846369625
-3.256436288987743,0.2201161121116836,-0.5131598927710037,0.11883074759978253,1.471530928815055,0.12623940383410936,-0.08319551059159011,-5.676262372696414,0.478875743220799,-14.532496586328921,-7.203237731585678,-8.011473678932953,-4.912960114162628,-0.5048816128517896,-1.8374122872293288,-1.0280793382750972,-5.352830978464087,-4.358723062657555,-3.9575299040029037,-5.114850357436208,-3.5686270364353163,-4.606538865930563,-2.211985611615223,-2.367656834241509,-0.11300728732043777,-1.2049794852318167,-1.3984322698982303,-2.3749857603033875,-2.6609155016796393,-3.1595329572653252,-4.840741442664302,-4.846077972947443,-4.9764225519519325,-4.466319439084918
-5.448156350469854,-3.3126274511459313,-3.0480370597492654,2.6056496607380715,0.837718141811392,-0.3989237579958401,0.5589798366592192,-5.968458671182972,-7.908519076741474,-9.640725463451767,-10.364375882940575,-13.481722843531605,-1.0507647646298848,-3.7074535214792537,-2.3829662664564624,-1.5148614967657448,-3.2847275246064194,-0.2596819396710072,-5.239220423001454,-2.4984863891083813,-3.402229299713184,-3.723611340285192,-4.345338960422488,-2.9559014702508164,-2.4420921047025,-1.9296462986985208,-1.208756855894897,-2.6709917163988126,-1.8318366510765192,-5.234176087317471,-5.232793554214815,-5.256007279539814,-4.780434189727595,-4.096198449032863
-6.090087916608695,-5.7211507727731945,-3.546760361589682,-3.427595845824481,-1.4436451892509128,-1.648378156123435,-8.825271605737402,1.7473673777025251,-15.459567866191383,-6.3941653832376115,-4.867282459416356,-4.764001965111124,-3.1624870789831427,-1.663783437144836,-4.68185631858457,-1.6555134182143787,-3.1980050533243483,-4.354284254096073,-6.022271695708017,-3.870826986199853,-3.6803855520993074,-4.4987220365216745,-3.3461696857358123,-3.4430302082790982,-2.380326663310258,-2.4888263231564896,-2.8133216883137755,-1.797654575253758,-2.1128540127175275,-5.19529494722481,-5.382504714434555,-5.145569112668627,-4.802537944809583,-5.174204056752818
-5.42488787327701,-5.596780099164211,-6.3250029678429,-5.0465832065657805,-5.341216766633674,-7.537218396315535,-1.7555457024281969,-10.045337294298658,-9.711357828937722,-6.434816620754514,-4.2888780571762375,-11.063562116086137,-0.6088892779389041,-2.397312090873309,-2.88904510201194,-4.2124962154342525,0.6452394775420417,-4.8681438871034715,-2.9798557311907246,-3.1233810005083296,-2.290331968858528,-3.3259180416391465,-4.082860689020042,-3.7330929721484676,-3.9054797864785256,-1.8203023124492026,-2.703389836770819,-2.8403382826949195,-3.1706894892680673,-5.237966836547113,-5.470330813811629,-5.619673901765545,-5.608767897076871,-5.565355842414685
-6.261953293913795,-5.973703029554913,-5.211615155693469,-7.303597905121766,-4.065162449231996,-5.381763856127235,-7.655744539173898,4.464791219228192,-1.1451477460209916,-7.3893223382097935,-8.736244553899569,-8.806617919873082,-5.117419059979438,-3.7295052646327003,-0.49758926408581994,-4.930484037737622,-3.743791170411565,-3.981779226445343,-4.1647356031091345,-3.689080968164868,-4.791474616631935,-3.720729912233839,-3.347743473970327,-3.486869617747867,-1.834315139984043,-2.910114178981111,-4.011016402359749,-2.996787368270936,-3.539733263557468,-6.139769977951595,-6.159908463293683,-5.809566565662908,-6.414188062951421,-6.335908979452496
-0.7998133322660569,-4.2149875474554666,-5.674821093803252,-6.411815830349967,-2.5191250088799397,-7.113617625710635,-13.87890780799443,-6.455112848308852,-0.7350984005435064,-11.946670013338121,-8.58213610602583,-4.973612192855358,-2.4687630028606544,-2.01979686494482,-1.6161501026281528,-0.10935402474836631,-3.6566932375238586,-1.0905132978038474,-3.0765224876104282,-1.960057795381739,-4.303043131113082,-5.397025187142827,-4.309919309900294,-3.458673167907583,-3.4167407907808407,-1.7585699146938727,-4.365148940623236,-3.2883613018032825,-3.237824447543721,-6.1660146208029625,-6.195756915013202,-6.288471674635608,-5.922599897496758,-5.722331031582665
-0.2585815680457537,0.38434248597519505,-4.547257547418236,-8.339203794767577,-4.891289254413069,-7.1754071527620065,-10.891379811305114,-4.475686540096947,-13.264594181170644,-7.679880407694713,-2.7872424505043947,-5.899527552324106,-3.319174372355196,-3.550374370621023,-3.0670115055561107,-3.654799882797441,-4.300382809431942,-2.8206065470305233,-4.732765625563748,-5.467038873405104,-5.38919840188923,-4.610078699085275,-4.497549391646628,-4.3583788850717635,-2.0551209590891526,-2.9767080375963575,-4.697936288032074,-3.105355683451677,-3.497370334904037,-6.2614075409516605,-6.016680983605988,-5.857878075232419,-6.33251429491648,-6.469513568659501
-2.9833178527592916,-1.7434641001549323,-5.122294781317163,-5.912738138499017,-5.586632943342344,-1.73048455326809,-9.268285748413696,-10.457555832865884,-19.873385775723783,-9.866181928858076,-8.110587863764007,-4.232350668346245,-3.6389107725846523,-3.931325785592052,-0.6482215396938034,-2.8213629363505035,-2.574110520396324,-3.5017466647826963,-3.327653130906755,-4.586602806716267,-3.7967459649357775,-6.212114120712182,-5.5421921045597555,-5.204231673470645,-3.7439940866428767,-4.376607588534973,-4.182566778039231,-3.229822111405566,-2.9990923655840875,-2.7750303220033516,-5.369972705965416,-6.363489074165369,-5.813000217735263,-5.3774122984551305
-5.86654013172355,-4.801644672160523,-3.4512817765904718,-2.6479977760504583,-3.7147634146237256,-3.6082483915744685,1.179328151135647,-5.2813655525832015,-16.471320351350755,-9.013620739481034,-7.053347878177854,-7.003497255471763,-1.3038734146213506,-4.44135375193454,-2.785618834999109,-4.521631957558409,-3.394377562541594,-3.542475922560549,-3.88777910241405,-4.908953154678362,-4.357241945517082,-5.206776515485063,-5.968562331795182,-4.120995334014691,-4.500699824169872,-3.5079693917356227,-3.374879468299351,-3.646301699658329,-3.83787611445511,-3.3883837608674376,-3.8803414672389276,-4.89890596442721,-8.10225919161756,-4.1671489392062595
-10.444874911144472,-6.328934772689425,-5.790586601796808,-4.429823668036838,-0.7167313320572493,-3.451308448441045,0.33978720667949114,-1.089525832208325,-19.684018366632465,-5.591044754699908,-9.8046342392945,-7.355028408859591,-5.1321245525583326,-1.1755050254591415,-2.0930843374367325,-4.298081371268459,-4.001275000004228,-3.9943258596746025,-5.918917464683381,-4.890914773509499,-5.128292991294319,-4.599466196641321,-5.7805459606485226,-4.9122514936091095,-4.776936209778507,-4.666657407204574,-4.247418943375899,-3.8618911649025867,-3.1570193429851385,-3.2136916065127097,-4.2071291534124375,-4.771854897700818,-9.233027892448218,-8.510511750646852
-10.15561684197476,-9.86985263310047,-9.738130220700036,-5.730397199053245,-3.863223401014641,-10.328708704104093,-12.127382980704452,-17.759616328165222,-17.32053256684172,-5.533012878800056,-2.653453114663747,-5.1224227629935,1.4824029255647513,-1.438754948368456,-4.274683346733869,-4.3192401536308855,-5.827159866317116,-4.997505070536675,-5.353013307551892,-5.284665541680349,-5.855149605264405,-5.312154458687562,-6.437238433358955,-5.538936257637469,-5.3775166987627205,-4.890325581257921,-4.03817779363971,-4.239505323436204,-4.647470029731528,-3.8425429463560574,-2.83704677685809,-3.878756577435845,-4.771458622130992,-7.429870462696688
-11.170475925041375,-10.6296622925562,-9.872653640295095,-10.083372513419977,-7.271168121428839,-4.120897510550188,-7.653598336238859,-15.023920375787498,-12.605263764400386,-21.161431179469677,-3.24480624511496,-7.743732590792888,-2.5383190530780757,-4.289561118922053,-4.7430389197126015,-6.681578004130633,-6.227734448424359,-6.8086533470138075,-6.686876101031009,-7.0499799415821585,-6.767322330656605,-6.27931526355709,-6.235371180725629,-6.430274612040883,-5.772567066094693,-5.101993403330172,-5.651207843397966,-5.130152815696308,-3.6724314296790905,-3.053150546241529,-4.674115557526974,-5.223360943462596,-7.3666537403658054,-7.356157419142065
-13.579611048136124,-13.16553637788945,-12.212626608769336,-11.84098746578893,-7.154489830344045,-8.133708056146014,-4.792965496551711,-31.39260412959811,-19.25037652260049,-6.0409478607996165,-2.4442333324349805,-2.934420532839585,-3.278195178167327,-5.6427721686669425,-5.879609709509829,-7.582966293819868,-6.386256235797624,-7.6584895064346075,-6.871922651604168,-7.242658227974948,-6.97761404283499,-8.108638190904017,-7.3580663631685645,-6.6207119154174245,-6.8573110129868855,-7.434721502295522,-6.275458599222119,-4.556034847510082,-4.217944277343312,-4.1174007325864554,-4.342938490174175,-4.89573199165511,-8.006227726588733,-8.460609343747965
