script/wind100m.json
{"header": {"parameterCategory": 2, "parameterNumber": 3, "lo1": 3.000054539987559, "la1": 64.9999836372058, "dx": 0.5, "dy": 0.25, "nx": 34, "ny": 52, "refTime": "2025-12-15T04:00:00.000Z"}, "data":
[rows 25 to 49 of 52, columns 0 to 33 of 34]
10.023390433180564,11.825135319567371,12.204289070748574,12.533051618326283,12.110518257348712,10.524503038149623,8.524172702664348,7.66167812109982,7.482974946625034,5.140045902645784,5.860767200161554,5.5852298754620495,6.259806838374706,13.822105442010127,14.591253568080804,14.321942260042329,13.468102274271667,10.198312525738235,8.824213005414135,8.520445585258962,11.878818074065656,11.305318301058442,6.89363238411932,5.544961007920556,7.11355718822706,5.049654060782348,4.993468975092561,4.041916998177609,3.0065857071851623,5.356478194462777,9.020035611397692,9.457581595325657,8.821304455976689,7.7929976623468855
11.854439947415582,12.738137554361156,12.727483549983045,12.45185494227891,12.006136705290825,10.95007703743463,6.223637305084079,5.545872839027422,5.217081932485473,6.117491648124373,6.653380239602442,6.3323902469401006,10.386632680264771,13.279759312494049,13.72785341640846,14.391655893194056,15.288512026731986,9.92134178620058,9.401727703696574,11.12539148428605,8.74022383339938,8.995067584935201,5.963853435042345,5.706655011373552,6.683990816617143,4.603760393629484,4.615125143036477,3.81290530682944,3.582547480217803,7.113144106986932,9.420851668407836,9.126831708747789,8.861869934272505,7.113102177456435
12.273580229484368,12.90349829829885,12.972631356935624,12.513438014012555,11.944409106409655,11.265189421471954,9.567203498389068,5.661909740914183,5.1895182414883,5.594380638271047,5.430572996613726,9.699441226631953,11.542874922465193,12.803394429981855,14.481713570452968,13.94848297986896,13.425551750914488,11.640107471034584,10.384499582295547,9.022391930704785,9.67484562647589,7.046261653290036,7.025012336343104,10.658291159445142,6.15847411670683,5.43673457115531,4.4659714139686395,3.680413071074914,4.805287249425526,8.52702336731819,9.315294270296095,9.15395239480915,8.485119256981749,7.4762730338691545
12.646157931136988,13.215755538129281,13.29849272959056,12.791688859567593,12.345618927443677,12.125555094183918,11.810885376823235,10.920391356826258,6.887698200210833,6.819199932158294,8.894668360679383,11.484808505639105,11.617380187462858,12.31236165889849,13.02702969308491,13.419404429487594,12.796775053165721,13.810000759582625,10.028933717222486,9.637757739573514,8.670917286681535,8.600972980388534,6.9115692503459805,6.992706121634799,5.874348851383582,4.248062937636696,4.1809935042408215,4.044584226004058,6.439464015200914,8.713198048815514,9.337019331399073,9.606637691649437,6.518012579809582,4.863525021444549
13.044847038645429,13.316007140550013,13.394613084694422,13.312558697402043,13.033950997644917,13.110577562836864,12.857097574980445,12.944726102126497,12.723740277569961,12.57094614090536,13.175079138083294,13.431968944548421,13.404088568207799,13.304337372966206,15.527512805707001,10.295654658320275,12.774670461526423,12.531583934670598,10.993344674114354,8.842146923135806,9.55099656792856,8.485354187957912,7.2346438972707485,6.564027740858753,5.905833075817743,4.921265966090994,3.71403280473153,3.9786041007075004,7.054500870395619,8.748968346816895,8.80574771046297,6.049928157877733,4.96865981528839,6.025662808227546
13.54098575262712,13.669223622837714,13.918040215606261,13.922704177017337,13.710641290498657,13.90438236068109,13.863884697165583,13.621761971491223,13.623095962100935,14.037960475687033,14.184518052586746,14.71308092265748,15.252311118357834,13.574538303175293,11.38368287276391,9.63823144313548,12.553172313853032,12.920920173875675,9.119426522167949,8.192173031507092,7.750350994421701,6.700766249744245,5.885115419088067,5.932985336147062,5.119182973335974,4.138245759265173,3.698141789596266,3.8363576518955496,8.438829162009927,7.739610308460784,7.910868862996798,4.9322591613684175,4.466098983162578,6.6819488010802575
14.01438703265314,14.29944526995301,14.507288443051333,14.199668956412546,14.024446221503963,14.064828963311076,13.985950566616046,13.85770040455148,14.025102741727556,14.240234024496658,14.714113600996352,14.65869125357339,13.875432235470948,14.130227848577613,10.966874602696002,8.953358935232453,11.089597876464785,12.175013251972207,11.375106477143985,9.159797727415585,7.376318613104703,6.297845793791557,5.449260745892066,5.322702715966543,5.351003455161202,4.391930923712257,3.688332775605533,4.523506719396402,5.60267762347681,8.215726869241303,7.826832382988829,4.044086220163353,5.589343286059451,5.187019984774941
14.037960844151215,14.728241079219613,14.719923420892117,14.358237620578526,14.331145167655087,14.694880379423875,14.341669107739282,14.274171048816962,14.331435226865198,14.500055557199481,15.136303068119506,11.109295668490763,13.293711971600704,11.687357241360878,9.72265253810165,11.326792611498856,12.525395339608025,11.990996928302108,11.92591052121196,9.551223289977298,7.027295907853512,5.923086484679629,5.743997078072097,4.306621920330674,4.577847112440612,3.7693318081108953,3.2895912004329233,4.081779009378799,6.410550205514086,7.920683473603566,7.224512281334971,5.317416889808866,4.989093205367386,4.145487726443713
14.734742434069267,15.040262925197625,15.18177627669477,14.890216842350132,14.626161268394089,14.296678605092039,14.39420415295767,14.945774730107436,15.10546082953706,15.15862512957432,15.633361310356685,13.13369559603178,12.53745796509023,11.06614789663917,9.98406182703902,10.868253855490568,11.188553623519494,12.549738784421285,13.411720593396112,11.25886127268965,7.196146284598881,5.402489529448327,4.687410944690011,3.6773227462248235,3.2824434709351067,2.9447878623372388,3.17761874144252,5.954275463688588,6.994221635024568,7.486324347630335,6.878552063874532,6.108672591753729,4.010693110462824,2.8440734167406188
15.522857569239656,15.406147520600173,14.861982070833532,14.54131115221899,14.535756894703022,14.518958765040038,14.869548905500864,15.673239978735278,15.89047623891691,15.309051865577798,14.641283963423207,12.48183488775228,11.526435271894423,10.278572215150195,9.304996461043372,10.131198373166903,10.638022925806112,13.354271948893427,12.567631624352627,11.22786347371073,6.256223342598968,4.057892027665865,4.085063554062829,3.3281095623538595,2.8248603623907127,2.83702494725754,2.530788097732718,4.61399408987125,6.657982937250475,6.552500401018039,5.5316455984559925,4.1163333799479656,2.844603534832491,2.0010318059193613
15.872788258440012,15.375036350277435,15.269993497146029,15.022275719056045,14.982239280874083,15.099284032517685,15.769948794321593,15.849790653625433,15.69703724931782,15.215809461155233,13.740617442191636,10.574182785487633,10.562713676089242,9.18943687269444,8.985428999854877,9.681187946575193,12.655673238124814,12.859409360669652,11.555708820368082,9.375106106257931,6.4822904342230165,4.561388421414337,2.7374458544934797,2.173366270221545,2.384690702766223,2.4987625073570117,2.8397316158746575,5.079314704926479,5.497069129270105,4.815536101458802,4.271002348762676,3.1215645490208255,2.8603225070527407,2.8763372636248103
15.78910321761018,15.930220447438835,15.632086688890569,15.511694778107556,15.60792699354196,15.775972007865613,15.827999369831332,15.446193609702028,15.337089680057074,14.679340012362303,13.716479234841689,10.949549585668892,8.830409227304152,8.302661412947066,8.196375897326481,10.989917541016274,11.367122541097196,11.231835124540861,8.941373403809028,6.552936493763502,6.30544462626392,5.222653864652934,2.8847198118186017,2.6747205426941068,3.1537731583474318,3.4937736351694237,4.1179709687903125,5.056537326041655,5.0498173848127985,4.447519153707804,3.6628801680351084,3.0879488241804514,3.205521927368581,3.063078652182273
16.233329588809546,16.097995839306286,16.223187105174866,16.124876046050847,16.38621764406015,15.980329088418985,15.701595967328176,15.060925426931503,14.469714219932365,15.084120080621885,13.571236475039969,10.307025611195895,8.720402177230746,8.44706875295064,7.793509617989105,9.846408874048677,9.335884166311347,7.6393243876456784,6.9261376342533865,5.975573145490446,6.538734623187919,4.637976557260984,3.7756242630924177,3.7195644896691387,4.8544784337909075,5.375009657781157,5.562714106444112,4.129424872438137,4.001895684086608,3.93936587224823,3.5514047916358473,3.1533600008362415,2.6299988994088994,2.722679596664769
16.73035449184445,16.44792693444868,16.019147710211953,16.579886402355015,16.378458457405078,16.498891391048815,15.519213269277218,14.85006123273396,14.538995965488988,13.271054464499127,12.773813414318912,10.31610558025285,8.936149776787353,8.008555933992149,8.262034064636959,7.645670340733144,8.578154774009066,6.737943622514675,5.292007950880161,6.239898353061109,5.7961187094559845,3.930726328442441,3.2605261703659223,4.748869479110886,5.891732749691717,5.787756239936718,4.837371862882348,4.284619643497391,4.20907611356891,4.196794583779246,3.946752740432464,3.7694258646554775,3.381889423766232,3.0699627728528003
17.11075640984861,16.99660440469398,16.726867333975726,16.651108615261617,16.7521414046134,16.01038684606025,15.098359394731329,14.197517237689706,14.306356383361198,13.185621346073,12.290813529415049,12.042064893400468,9.17711134487494,7.35105359092483,8.420890933070233,7.873020082375476,8.370588520052221,7.2966603830230525,5.480280738976757,5.656629848542629,5.572804619590888,5.924717161906924,5.1709730777324685,5.54182668720066,5.151204159933698,5.466581578261228,5.4693515929189855,5.247213553771015,4.860432825888082,4.4856831301984235,3.95733455316879,3.0571101672020102,2.599015594981821,2.407639498274542
17.248048239114436,17.278564759413417,17.262312739065276,16.58075188808693,15.89077223313303,14.900824351609096,14.59585777304993,14.616565259161039,13.179485166711537,13.121462695987272,11.72723418784532,11.856744867349319,8.942791855987117,7.472848413775078,6.225949708991891,7.0980188247679825,8.697161476823005,6.612502636449385,6.412807014368861,6.938444865462803,5.897449522223557,7.2185057796159535,6.829927095755752,5.276303272950791,5.056194072735498,5.829602501004306,5.950329513384311,5.822494539519223,5.223192906685533,4.993093614508554,4.629487283527344,4.01908808340682,3.780381886174904,3.4240141066151537
17.598354526567405,17.335677956097488,16.630297264725378,16.31857320425936,15.038689246856155,14.38647305273872,14.476715790940016,14.699106702207558,13.235170719814725,11.593348347770904,12.132926310320004,9.82365787160103,7.162414449382734,6.967593146924307,6.573268451812172,8.050387008640994,8.338518997982908,7.323134181767039,7.558126864791486,8.89837851480524,7.251156926726139,7.713265086098507,7.544192919085698,5.945878633128716,6.761928424289202,6.1499339822429295,5.93633167847486,6.322017514914392,7.3668950056756675,5.3288728809347345,3.5467425520081424,2.805612568928015,2.1284428039693917,2.324567387995359
17.679357965503907,17.279286547464736,17.128160952610912,15.383019520529738,14.907957451809784,14.292287391237837,14.425577889791823,14.05659302126277,13.337065019612513,13.128559600223022,12.405935406817076,11.571771279322729,8.223677601132856,6.714732639941493,7.047262863591304,7.233619605697069,6.965854936903621,8.613802930614087,8.692053205037412,8.21867203593405,6.914196327613996,6.151158892580959,7.579411010151361,7.207543575991512,7.006478634892114,6.944671216860066,7.123511378179925,6.17604098747258,4.454461436400868,4.223041364027647,3.1513771427251545,1.3625714782761043,2.997916181356594,5.260057256774186
17.535772802996515,16.781276602531157,15.362977041688465,14.433275169038648,14.665223781526342,15.305342668943993,14.251547822015796,14.006877776557483,13.528375485812402,12.882068988998775,11.831470651046837,9.816876318492417,8.523886855485362,7.07991670279503,6.677796046025279,6.50336269777891,5.147767220335028,8.869270648075153,7.82533633142231,5.448206513172223,5.277626287502023,7.904586782623202,7.565986696856197,6.7773756731272625,6.501963494284252,6.718865242205666,5.543204525473757,4.604102778242463,3.442244725886876,3.0186388039876526,3.388219947932232,1.9917077292468022,4.0279665193898655,6.145882021597162
16.568673695389254,16.919465939181215,13.80636419804359,14.711729247871808,15.426976058118653,14.674616241006902,14.808144853327097,13.37738312976751,13.09895807618205,11.14926087456753,9.42451495811995,10.441631398531818,8.086749735993264,8.06004128806698,6.648434490183217,6.453329107952232,7.190437639653806,7.61503896572573,6.35882526369952,5.571313129359396,5.887222651762683,6.589549035666849,6.418040042268428,6.336975118498605,5.081292845374959,5.251285656974966,4.678685974420966,3.4586800121077044,3.2175221130964036,2.5478432264722315,3.082334373323266,3.360828296771732,4.874750908383313,5.106308448237715
15.409995124725471,13.726782667478496,14.937696307125279,15.734157739663678,15.526347146754398,15.24440005140988,14.32462863709889,13.198330785451196,10.930032354078651,9.141789270165376,9.275335431917501,10.37835121534372,8.287170858899225,6.944989918161557,6.239116056493281,6.567766308273637,7.306278716821964,7.45507221333023,7.022678285483749,6.075733207064655,6.237767269451616,5.3955882447299865,5.545706850645534,6.558620140381212,3.779033670777879,4.726584044394936,4.51898142330675,2.9563318183771807,3.0073721237610633,2.489502852147272,3.3892226560100345,2.928237932516066,3.9563035694973303,4.822448795853893
14.739313309533815,15.000516806845939,15.256058797528171,15.903156149649684,15.075774324794958,13.988864256797791,11.787477040452586,11.405895332776607,10.734265295946637,8.549545785760788,8.28486958037709,7.98605884782911,6.265986228154839,7.510224801785073,5.169869743952809,6.427260949788322,7.3926095462573285,7.65295947881114,7.389332697136119,5.648446724886895,5.671876860167265,5.858036044718138,6.518969863391481,5.356216497457031,3.562718049292681,4.225390732047452,3.917562007133336,3.1840148843677163,3.1191838634533613,3.1797325969537384,2.505564864811923,3.1532468296977805,3.592809076911369,3.764135437874719
17.389964785931024,15.641311784204397,15.44233799712047,15.066614211218146,12.9091084217657,11.878625390315518,10.249809424038624,9.293048207187114,8.561997295415553,7.906581901339548,6.823162383286347,7.6836075987953985,7.30687248177428,7.209437975492701,6.221483288492233,6.339029601552546,5.665852102477156,6.468098839952176,6.797473275298745,6.5180929177326625,5.354500031698555,5.156687654803047,5.629730924700011,3.1148220429298847,3.6967822579391103,3.666232731790074,3.494618662698983,3.143844683088225,3.0236768814008,3.3108716324583765,3.1053145534958912,4.475566251063875,4.401105793072157,3.2696320901353544
15.494545891274228,15.902303469683433,15.871624363606573,13.822353556776804,9.989515591023611,10.68881732974761,9.57125378616997,8.58067836420845,8.269454362652638,8.001347345102046,7.815023105763678,6.560352199868985,6.487426754914344,5.789898940765985,6.260969488908431,7.091664242464429,7.182260861394104,6.4536555326827125,5.752209597393553,6.165734363068934,6.083581566740284,4.941114924464556,4.5577803171400415,3.2344724568707806,4.255680180478573,4.312098196551298,3.1863083239868857,3.206274554782756,3.3687323964252736,3.436271673843921,3.315898547634319,3.044110589677278,3.533021666160172,3.044898108537138
15.483241101812403,14.764193037530875,13.38125554656221,12.579123218288865,9.748703119694632,11.44523133493623,8.172908943000701,8.603388992951027,8.55217319964105,7.0523113258040135,6.089868998310886,6.5995033386701065,7.951423386230889,6.9464303704739665,7.2126469567118985,7.480012339321153,8.858678683796239,8.27760609913,9.162304603059372,7.02633899854748,7.21100334748738,4.999254908941156,3.2812425398479648,4.877623343976148,4.828171036058767,4.293518825090228,2.803543847615314,2.273161781240552,3.075422933656144,2.1943856308710292,1.7222069271466505,2.729640193482196,2.7292516437978476,2.9033376143289167
