script/wind100m.json
{"header": {"parameterCategory": 2, "parameterNumber": 2, "lo1": 3.000054539987559, "la1": 64.9999836372058, "dx": 0.5, "dy": 0.25, "nx": 34, "ny": 52, "refTime": "2026-05-21T19:00:00.000Z"}, "data":
[rows 0 to 24 of 52, columns 0 to 33 of 34]
1.537185618986899,3.135371867225696,5.146054018416963,6.24727972619371,7.003331147884941,7.856354276999589,7.827065774254219,7.939960527950669,9.563140298588385,11.434330579074738,10.511242961501148,10.499108593240082,8.511172961876818,5.086695062681059,3.7924460688507806,2.918464976622002,4.145117489616786,4.8212746890926885,3.993956032757088,1.4387153454997121,2.913968989947605,10.011699911741841,5.216299241491405,3.8499294837936886,10.005610427584454,1.9020692601265605,0.8247715452292232,-0.26620464483769174,-3.2933937638948025,-1.4540567152730288,1.1196481840819963,-5.3014304016996245,-5.609948602078311,-2.3535940420900405
2.393913401682261,2.871935851579419,4.043629433590813,5.772605521795534,7.484303548860191,7.231844886545529,8.174468596510188,8.421148526470795,8.795410840720018,10.025870861240973,11.10836278245349,12.551214233373777,11.584534504007507,9.508393785979804,6.0529669215894355,7.999892356764794,8.712135730230765,7.424699683798799,3.3156796329695535,5.114010988924715,1.27707505388479,7.013217835569282,3.3801860639453847,8.909583576397438,7.951216818909608,4.048919163752424,0.26808076742211623,-2.675163743340015,-5.63357552134051,0.9255886516684034,1.9690997210931034,2.422669843015792,-0.03363520145475739,1.3776639091304026
3.1595616833264915,3.584741910223005,3.7946915355399544,5.5628598601650285,7.560781485701656,8.435219272164154,7.978800551654903,8.515193543920397,9.189064357434559,9.521026796965733,10.28937090591657,11.457225466675212,11.548511530286177,12.730282326314116,9.58790248256077,10.199066612936237,5.518909330711479,-2.2733888043901813,-0.668579763976798,0.18799055334821516,4.724117643337121,7.780410085618741,5.839695633854627,9.638652208765993,5.644595249827759,5.137616811076802,3.4253124967369986,3.081586410003492,2.9098723785291214,1.6412318049682995,4.740048413479387,1.897781091615574,1.4078126056912714,-0.20923085671675762
2.8380636504609447,3.869452601206375,4.548433008626808,3.4700244851876136,6.7820431104353895,8.13279266106948,8.59496000261187,8.577644708760209,8.856216120747307,9.805329514938599,10.025979226049133,10.59728438638704,10.921855182478138,11.868566655307308,9.294821140796623,8.659548038486147,4.951056105608763,3.702419047071097,2.031964981510614,-1.4244590483452717,0.3771392381852276,5.4035020821573445,5.709983867733362,3.989281171042521,3.1684736331470376,3.332558051798916,2.6477591291874294,1.496293228321367,2.7312505086833565,2.1656764654771865,1.3703482966115972,2.5916153295648976,0.5367371139772993,-0.5957487182425275
1.3641769134891537,2.8575856378153026,4.434963919824396,4.6750535426767375,5.155018220005836,7.399219217234881,8.322628563139835,8.772730055391364,9.081486787561696,9.176792685866193,10.003439514533211,9.96049655716733,10.522965896044857,11.502629943045346,5.713550546699416,7.3789562605602645,9.794121248432642,4.760854774272979,4.450340679687073,6.01188736103563,0.1476182311134781,4.644254761534414,1.6474361186108073,3.508793483001941,1.8354467951795972,1.7716277055123215,3.9525039589333746,2.3909303262175348,2.0774522674896567,1.7801948025447516,-0.5707705277273556,-0.36388790758136197,0.813972441790582,0.09347558030146047
1.498999986999035,2.426483754267644,3.9206843666593674,4.286072493707992,4.464574907000082,5.890675902980538,7.817109263584384,8.627946131815635,8.316638493780173,8.892616304085381,9.014451618448712,9.907486717335573,8.690812993352232,10.174648881228945,6.819025522221355,7.8569990712624405,3.280113798778445,5.438107693992392,6.50988568732177,4.594162756391491,1.3860175898873897,2.460305815661006,1.0248085512992962,2.036509080143017,2.7252628281941957,3.139746827527077,6.648965834232502,0.47700291277363155,1.0178376914675804,0.4878824106988704,-1.2582322122777951,-2.272954350495404,-1.4505041186010257,-0.3538894807154616
1.281300815246033,1.2123837168117761,2.9883548571752008,4.1108997594233125,4.599546579504171,5.533298220819999,6.560390617858762,6.666710213636873,7.191744976058734,8.083831139168634,8.181451671285627,7.5050843721073415,7.932955927205292,8.617608462642728,5.794722023843669,10.349741698632899,5.669825176996139,4.607710670088259,5.950853463181871,5.399694705504985,4.058532428112537,3.8139372871051687,-3.288455963435732,2.0357908347750633,4.753305486595268,2.8065793854791576,3.98026399318718,1.9084698253068855,1.2927959670548903,0.7179608958449101,-2.9570751405210656,-1.3177523755282774,-0.8795457088563868,0.8594102956506464
1.8258820028445633,1.6910245749119,2.52104509406958,4.0094201207048314,4.904423665068184,6.104112095099278,6.665026629361241,6.571089833700518,6.473653576888322,6.489709968420221,6.101289294944735,2.697220507718778,3.1318001441707093,10.329490683260035,3.8563468880079754,5.087145042788721,0.8304130416284944,6.917099519240631,7.1299512669379,5.753147422623011,5.414967189433527,2.8687417135377564,1.9806399511216701,2.8860898197395013,3.1563300092295576,1.5307014870699658,3.870195479105014,4.562808994604472,-0.5463977751402332,-1.317347143235371,-0.8931330522112475,-1.314665685025991,0.1312304821366536,2.6957190291497293
1.6282542459139404,0.9075604045141836,2.0313853692103696,4.02009969103703,4.688898452598935,7.244880582032651,7.498409274918672,7.328628392436531,4.827280938861047,4.309782053771591,2.167056540095918,3.9227454511714104,4.258539558789081,5.297459387506118,4.843372361496551,2.12782835041206,1.7306793654480164,4.457156090491103,1.1077009566293632,3.5363554372742345,3.003669650197913,0.8484863825589575,2.5156035788200346,3.4287810083011725,4.6000273830812555,1.2423311857988086,2.8369643522661487,3.6632770521415297,2.585924686305023,-2.435391588672696,-1.83860253151444,0.17946413215089788,2.024884920240358,2.318239937950069
1.7994714702016117,0.8068731060895847,1.0845034981687647,3.6335245610463143,4.677693564371337,5.925078374608248,8.02244306333641,4.836737042825544,3.731775833264439,1.5474293960363266,2.3445982188110706,4.487625599552204,3.050671400368393,5.380419010478518,0.730904018842083,3.5410463234269884,2.552234581283728,3.0310678445657664,2.7583268992620043,3.3099158471139254,3.728340661852987,2.880819575668319,3.6782593783170925,5.371857839371327,2.4939523434107707,3.851137954264458,1.4962957429054762,4.130941705697813,0.37063104859837664,-1.098161198697958,-0.758789019827019,0.6038703954389155,2.017234674771209,3.6738031090197047
2.389768110259887,1.8548871276714034,1.6413071251019127,3.678615170965326,4.174699666888855,5.635598249622026,6.045677702867405,2.117227535428649,5.4205251861735055,-0.9582295814254973,1.6268962271863134,0.8404774748962155,1.7975272661885942,4.319590155107217,5.134325020746063,1.0117297114719743,2.2829431457178426,2.0510872147200403,2.2506382293310203,2.3888785777273327,0.8287818815155588,2.1765970394938625,1.8533107368074804,2.3176139035917105,2.1448238934433714,1.3847436435939644,1.1174473238512972,1.706271275770356,-0.49008160727677363,-2.0345995570587627,0.5954366436695984,1.4009550007619205,3.056419509808812,4.197363189800743
2.6802462362365045,3.203378701958857,1.9134204032721491,3.782170687250091,4.833698729073936,2.0990598429211755,3.2310483666759877,-1.0544224447500719,0.21633786275750277,1.6663166628477868,3.3190834717499222,4.288916728072656,-0.3963586443456125,3.563107340970554,3.4552120361237266,2.0420225392301443,-0.19549121616623938,2.506757038413178,0.8221047419333021,3.665164581578613,1.7584177784626134,0.8246714697903034,1.4182247830437478,1.6276139377615193,1.3438600178429931,1.5287259780548648,0.2993370610382632,-0.11587624194288242,-0.21316218919931162,0.13387055515641505,1.0087267968652271,3.8543110699144445,5.645788230438656,4.841013688413083
2.374765185740531,3.0320907432482795,1.5484443794377762,3.1966307919549184,2.2250767086235834,1.6275268177666942,2.810106234477965,1.5034989989690015,2.3222857424548318,5.042729703035824,5.406492644542301,0.6325931048397817,5.154408145121234,1.9962827875308156,1.8556506709472556,-0.2651527245129822,0.02155141488267911,-0.3599665820032304,0.40233482240723045,0.6886703072023561,-0.8377158408479661,1.1018510976664542,1.324579625656027,1.0901636893633306,0.7727839689926004,0.4951877313743759,-0.27972620759815425,-1.0251617407046731,2.0405436345350236,0.203241915616933,1.4774161467819968,4.1465145153624015,5.903975850436207,5.045897973491263
1.4765283267851879,1.743673329618023,1.1947167517620492,2.4708056963059004,1.7923731503422764,1.4659528698874857,6.255152254562355,-1.4549461078988108,0.7507679486898383,1.6951545948708056,1.5309354658440817,3.824402399649346,3.0632190788153086,4.93233910904956,0.38538709948674327,1.252149755107056,0.4773460019799987,0.02971164451004791,1.0899639574735227,2.006092818038696,0.6762442593930598,-0.1488164113672572,0.6535400147187014,0.29358340716174874,1.6980304261193775,-0.9993968165157253,2.693410383437332,0.7519485118090231,-0.3294114560476416,-0.06352372263649904,0.9389311996427182,5.801783438430561,5.48533287481255,6.657961837276003
0.29962068891927873,0.1327997280249714,0.8865212832124377,2.149394408430328,0.7313002457754259,2.0740950310433948,2.0558910503090533,3.332930356447927,2.221999508273194,0.6390717438445811,0.8324730542219857,0.6949355157233549,0.75054581627486,2.4747624074938335,5.084816454393581,3.4111858843128546,0.18819548990986334,2.056956875059291,0.7894506143453311,1.438271335000157,0.0020834383356260746,1.4353149183550271,2.324554611229037,0.1579643394649131,-1.437313759413157,0.13816094445264887,0.2663062089741924,0.6471435467997444,-0.11114257717131008,3.8143194799827937,6.968819115119562,6.421430475116678,5.296583578670013,5.821542509866404
-0.4896623051655048,-0.4529954639133905,0.6746341755305845,1.969945081077813,0.016300956205838924,0.7632149458792299,2.1651061065683,2.1741216904727922,2.4880787911329487,1.740218977135214,6.455938658192588,6.95746127230671,4.5874903541020915,2.0656751097140122,5.17536986319077,1.857140690455928,1.441258419320659,2.1131947304601404,3.3433581002141635,3.7179003175084597,4.471091996164267,1.9702817819310336,3.509912849388159,2.793912113140577,2.4051103600932984,0.33712326453548863,0.633256580307941,1.8673469690816924,-1.1594504286034868,4.381676481284541,5.339803593263496,3.7459393513822956,2.767531826955237,4.2350385241548745
-1.4680323282232222,-0.44306793927609206,0.7377633413559553,1.39548181126668,1.1486806518023878,1.0058840468986965,1.9785581819867049,2.504338255561706,1.999835002351595,2.4268705735314438,6.5049431354756875,4.79483220542831,4.92194859864667,4.075486047007524,0.9217174900504191,0.7871236791168083,2.5289061925416325,0.5953146441399716,3.6880466310366025,2.6320268764564907,3.4762739350288956,4.950494245855174,2.2464317555606486,3.419364547004243,2.984097410620185,2.270743735499749,2.858718814289911,2.716301834927155,1.3228880703978838,3.682711726237239,2.2971595795198465,0.9089540434194346,2.462457421922324,3.6449815685218634
-1.3719624288107568,-0.3740480769195695,0.15168189444064065,1.5819081875487455,1.0436712865085056,0.8584190700347951,1.7289135005492187,1.7170875578240976,6.943332919702723,8.084595245759095,3.5767406269600186,5.847316750760462,-0.5300525473194502,3.2655496141571625,4.354169886782914,1.71064233318714,1.9258461360916335,2.3758136190889676,2.594117403587205,3.3942848060081197,4.072192577279056,4.53499556409144,4.6137259315903,5.424595684503782,2.9023215404661182,1.9616145167113417,4.031017544698095,0.5591613985053823,0.7852954841814435,1.9335347681824113,-0.04597885732225566,1.5368106576720006,2.951313539036539,1.7003894456009956
0.13920467727741082,-0.5968099205330599,0.3087247905795649,1.0530269310932072,0.9112277164663676,0.567703852818598,4.576049979789945,3.9315262362110523,4.155049372526209,9.829697240756346,7.304043772760274,4.349089441006782,4.586571165325716,2.6198979254724923,-0.03240710861801894,0.029574666016248786,1.7377490900237023,1.2493182695601828,-0.06699976678620345,2.271155453590821,3.2095331650548093,4.625986701303089,4.143190757303058,4.219507283359014,3.084439316955256,3.0975852311014584,2.4261454986481037,4.268316575616221,1.2832030172422213,-0.9955552369257511,-0.7853886615447038,0.7897670564753821,1.9654027053393792,1.3404368743206934
0.2727845833716916,-0.526117629103722,0.6083636184694693,1.1022681811229238,-0.15345260940085972,0.9757688069141456,0.1171993630450432,5.186741218220104,4.583130849454514,8.190620878412954,6.587219269099499,9.118354873088489,5.89136888513183,5.380830623820127,0.004130422912794573,3.3062793587525716,1.5192851611410145,-0.19892881986656022,-0.05737932962353527,1.7963394298072044,2.6391474812351046,3.9014604364043763,4.2691161351963425,3.6870823587884662,1.4633717984251515,1.8068288775343546,3.0081791902699186,0.11180734551517302,1.0793947309492984,0.06259691551846287,1.4804449439249414,1.8525909764100197,1.748491908526219,-0.9353092031173889
0.043392455731968566,0.7149810864047991,0.32187556338943407,0.6323972506748072,0.6224200408890036,-0.385270567556216,0.0379750680695074,3.6109444539988886,7.960054594742391,6.236047652591147,5.518797322109151,8.687812732175693,7.123175957596952,2.7132043463345865,1.2852150785649383,-0.07906684273625021,3.106894453114855,1.0930693252717232,2.48779665392143,2.1408861889160438,3.9162426293496235,3.7691874993367405,3.8790229302516948,3.543097670747478,3.739349945603531,4.742709335322539,4.010633339348643,1.8083257304736629,0.5173863353796149,1.2687665219662667,1.4260294155937303,1.7166835987250173,1.3380720045187613,2.7554723207404104
1.246533309338063,0.8925947745116319,0.9402125509173086,1.7888086015433757,1.812241846413322,2.1354470936972683,2.2292882295993564,3.4416102720171056,6.233488334061937,4.131578996258766,10.343582028463112,8.208446852665174,0.4430225609302769,5.256793548540914,0.37133571673870536,0.9156477731607839,1.5242459237075432,2.8906817064689054,3.693730386838203,1.8418752045931401,2.97880381039374,2.4583225578315773,5.094598614672725,4.446783097426032,3.9252827405313417,3.679449758721301,4.535631351244266,1.8232143069633173,1.0182861987242953,0.9088076670105611,0.9523130734538041,-1.9860513643770532,0.29186423443903237,3.287484915248879
0.42658998212389504,2.1284673041788014,1.1957106986392028,0.5109256623139824,1.985388754868658,0.027630255862673155,0.6318642676950489,2.1191364070190706,8.418055797640374,6.366641919757562,2.0466986954601762,5.162349462447974,8.206119085187037,5.899700159441897,1.9760998189504102,-1.3990332630794524,0.6855024215973584,2.383279744539091,3.670152561866528,4.596992992339575,3.0854708844929144,3.906322184302265,1.183091355045276,4.378349906555864,5.905660210353253,4.610572594276835,4.856308142448195,3.6761436612463627,2.4278222352282914,1.96462158792063,2.7147390385417562,-0.7268810526707927,1.3860203913857332,2.3061173973800932
0.19976022556584336,1.589032555179235,1.7193992213553733,1.5889322551483762,1.3093044231151731,1.2350912622863692,0.7180947150917182,2.6660704584441173,7.284482505226835,3.986687647829773,3.4418270889404856,3.1168394335145435,6.281701571364606,2.7527294151677335,0.19545249926193906,-1.3775117376374624,-1.3151959085693887,1.1831271136795551,2.239943719605018,4.085859283408521,3.8924132216143517,5.635947610095607,6.831679197033223,3.760958913817214,5.210136212434653,5.287815338190059,7.520331141784254,2.2838066232385485,2.5607218648108114,2.4281173883398925,1.4292531744833807,1.0641909639465734,2.681940697509785,1.8709347661210696
0.40919061707246135,1.2397477151364855,1.9066072715366562,2.2953886878767435,2.501030372791229,2.4886664308683932,-0.6339565886514399,4.715854842543398,7.545733466513187,9.453503411215763,3.9040345719056484,4.616196737372276,5.211467862067429,4.870395467635198,-0.3467629349771946,-1.2863175876894037,-2.410977537069059,0.11957717383971682,1.8844172592324953,3.9904873812330943,7.1961379073011615,7.283813236788477,6.849115938240733,5.379201741672389,4.895354803941376,5.015944610248589,4.357454943705233,4.986997435635195,1.0003416102254468,2.6601748451293297,3.0045233602056802,4.802623544383577,3.5258063312168586,0.07387888193253032
