script/wind350m.json
{"header": {"parameterCategory": 2, "parameterNumber": 2, "lo1": 3.000054539987559, "la1": 64.9999836372058, "dx": 0.5, "dy": 0.25, "nx": 34, "ny": 52, "refTime": "2026-01-26T19:00:00.000Z"}, "data":
[rows 0 to 23 of 52, columns 0 to 33 of 34]
-4.673418324305929,-4.223646711837984,-4.364335128093641,-4.0321376405231275,-4.054782236925968,-4.108192733587295,-4.9225879806376085,-1.8090587283013562,-2.0200029628773204,-4.000070906284788,-4.899771828039357,-5.564312955216631,-5.240056449725305,-5.609981483230806,-3.8042369376556087,-4.454463403394773,-3.1798424709501365,-1.229617633714141,-1.2761123829000183,-0.7219287597148039,0.08700456259582943,0.16948647683100634,1.591124787351799,2.864387959522448,3.525776650879828,6.374513083838587,4.97119918328849,5.275880832066215,4.656230095617007,6.154008287305567,5.617214308745144,6.187643105922401,6.1323033992068465,5.919323769822303
-4.995810356435824,-4.780581783220792,-4.582935454178597,-3.9533406796453967,-5.073435066704816,-4.608624079713799,-1.0790730463500224,-1.872233236921828,-3.7405755557760028,-4.817446204558639,-5.057044146925451,-5.841556028665067,-5.750337764959135,-5.712347651069464,-4.982355596112051,-4.515280859619502,-3.7607559605804353,-1.6954191042751858,-0.057086877733617744,-0.029935176884271344,-1.471556277298399,0.4458117000891242,1.3004114164288276,2.325835181183278,2.8550797778337835,4.110804224005498,5.137176694352892,4.935077644525298,5.137266985923037,5.111299397758423,4.562646330518215,4.721900228072392,4.578787721225966,4.9902817217710504
-5.4266756290428875,-5.411623767701124,-4.985802128188309,-4.298248805302086,-3.412476661014027,-2.27039294455343,-2.4786753481062553,-3.41371049652482,-4.658373646745836,-5.227545563701803,-5.2791440453679295,-5.432450851585703,-5.576003974576065,-5.178139382259556,-4.6772150787248385,-2.0410730849083403,-3.780558524415874,-2.0814205114608235,-4.84266625441098,-3.5322959399973453,-0.0790567347165808,-0.27360171884112283,-1.49184301876994,1.8725861470267555,2.6460698661217457,2.90241730974003,3.743131065688538,2.3178684600830857,4.25034707567911,3.900527155920438,3.449639872633129,2.7635182118326873,3.0075007008104064,3.646538854235937
-5.428931614907609,-5.664134487492689,-5.15082832035414,-4.3313320900750405,-5.012175081599971,-4.564330892184435,-5.231891538137796,-5.541363820054891,-5.530348875254379,-5.980762853891825,-5.8644166057835285,-5.210474342246489,-5.064079494221777,-4.253239085592742,-3.731956681082479,-1.3060394773400927,-4.166779189590276,-3.667625102942514,-0.27373961951710857,0.6368089314344503,-0.14498277843251314,0.009948469175043485,1.509423879834908,1.531992028207973,0.8693298994662143,1.44065475192742,1.9832684579157598,2.648385680422288,2.948933687372921,2.290996599652291,1.748185570753874,2.022131692962129,1.4066792843608358,1.5852716708317356
-6.171571193983219,-5.29884883246273,-5.008204301165094,-6.109604073357483,-6.691848344657214,-6.673703789190767,-6.565000825892151,-6.990707210899525,-7.414097650010876,-7.127751026425503,-6.57411137320492,-5.772179536683772,-4.930962374861925,-3.297685458200423,-2.1527406232422104,0.1629358952764474,-2.184705291171924,-1.8951107467841053,-2.369561248521453,0.36553352048172666,-0.4241436839359849,1.184082400115224,0.2105369964873834,1.335250852912412,0.7474064958544187,0.7237082470190513,1.181936336043615,1.7165938992663694,0.9078081242638575,1.1044062528262364,1.0456370018665293,0.1693816959639068,-0.029525530525025812,0.3947338969531912
-6.322925884788915,-6.830757653522388,-6.221315185168741,-6.625660300435925,-6.649002521466036,-7.5950710363092515,-7.9958830963871526,-8.092246927496154,-8.132215468594193,-7.902038020978506,-7.343010726213017,-6.758208727784397,-5.2907915189474215,-5.0273614768737245,-3.5231710375541754,-3.6962232584214836,-2.291153724030602,-1.1648862531717736,0.08018875276172689,-2.196496008283135,-2.4118917181934085,-0.7662861671495508,0.3342957260605931,-0.10492927905716135,-0.32280387912481157,0.13139723048979748,0.10660021280330384,0.16385395857807558,0.6697013308730234,0.07787964161921175,-0.7628630570990125,-0.8046548740566452,-0.7289794400638748,-0.16956853744099404
-7.412934187189997,-6.841415876943434,-6.764591645290192,-7.132977531922124,-7.574850011257974,-7.88499608963273,-7.985428944881696,-8.402543669705496,-8.239809683875135,-7.512765045838332,-7.264066785879043,-5.310965188927376,-2.5077667047968766,-2.25709274940568,-4.533705090662481,-3.6097694181225393,-2.2349272552433717,-0.07448684442505805,-1.199675656400335,-0.8808330129029469,-2.3135264117593404,-2.2596891152035217,-1.6255562505787455,-1.299638532256249,-1.4787295778148153,-1.376369588257073,-1.4483870468114322,-0.7769236098297564,-0.8636534826054637,-1.123645009932318,-1.0925915922700058,-1.2843056269257096,-1.7386781431504488,-1.672516306413463
-7.333595979576666,-6.850744655739206,-7.229599295798683,-7.118145578161676,-6.757486922010146,-6.244975366750174,-6.290972035197159,-6.265557881485775,-6.528517215864436,-3.299349737005709,-0.5328583332084905,0.21692841373555377,-1.5571198817829508,-0.22625783422826162,-3.3919927106498053,-0.26332898243487957,-1.671414871277001,-0.6633057839644688,0.6611996120890482,-0.18522652591147815,0.05186848685661028,-1.7279116640795134,-2.216658323753422,-1.359070105206553,-1.7503719938383153,-2.1047006328742603,-1.042367084138495,-1.7506828282090359,-1.3013276292335243,-1.356269779352762,-1.098626860726472,-1.422757521531255,-1.1560457638436332,0.0036396120666360486
-7.0077093269519874,-7.13470447020557,-6.549243118257911,-5.523662017569607,-4.594549111865974,-3.9916275564171153,-3.0198795688752655,-2.6274142606817388,-2.348522131456196,0.6617096221255675,1.5193985056614139,-1.3867317444134701,2.042882056855816,3.7497517787450545,0.09030548341719909,-0.17180641458532403,-1.9037566181420618,0.974219804124612,1.4221716130613995,1.7794504446537731,1.3645894244534826,1.8996946211345436,-0.37822514197441315,-1.848112221084687,-2.07869816735651,-1.7154893176042658,-2.5556046375172503,-2.049801659195592,-1.7721628200799895,-0.5594497175808526,-1.2198152112500578,-2.2934458977443777,-0.517345730359883,-0.2801111378005195
-5.384005477528501,-4.816765706533881,-4.251504757693186,-3.346319764298668,-2.14384546358132,-1.2997491884497228,-0.4124031197141423,0.683296703737962,1.9065495865124418,0.3198771152631468,0.22028832468225554,1.5061906223604715,3.5962052175228143,1.5729384700967546,1.1970937581179555,2.301207995947475,2.269755963871978,1.3369806968868037,0.9542663289401099,1.4404211987488496,1.1765967925443939,0.40557746074973466,-0.04805421814294895,-1.5212771928854492,-2.0367287965256753,-3.0301025627489158,-2.6046690889059625,-1.9872440294766625,-1.3506242336021113,-1.561947843537178,-1.6689059093643446,-1.508517868043576,-0.36631622624565985,0.08147416898622536
-1.8679932420578862,-0.7942626165754976,0.09663466390167814,0.6211345076539057,0.925884972241621,1.627273150365105,1.6057835959141478,1.6163403719893896,1.0966204801527082,-0.133052952546725,-0.2946635281620765,-0.7470478686985674,2.077530075176154,1.3959447319275722,1.5366214308000088,1.7987502232275647,1.1362796848914107,-0.25936654827863714,1.7708652455409413,0.6436074501609869,1.0805700784930297,0.5012904063257888,-0.574646435660624,-1.0405889790645233,-1.9204632619543338,-1.8070764240808113,-1.5925400296521355,-1.9810320427468704,-1.6778575581684816,-1.5795657383125272,-1.4891812824020056,-0.7465377015997465,-0.2865418354681092,-0.23503057976397312
-1.8667940727110572,-1.2586324790810433,-0.41250063403502546,0.5412582316528979,1.2486581635699956,1.5270192526144504,1.270860634191181,0.6147200183737065,0.7543127648322544,0.35986823744498037,-0.966863401011087,0.5537533688461774,1.2799692446490376,2.851163407595204,1.613919541028435,2.703762102820032,2.1841043933082798,2.1320568156741917,1.2478581501623929,0.545227332467019,-0.3014812402391687,-0.7746459323287561,-0.28205822110159834,-1.735506607102647,-1.8890581771932833,-1.9229963603984226,-2.6835895417939204,-2.835664391708066,-1.8992684864515434,-1.7327487640723653,-0.34244800716448537,-0.09774625895639925,-0.444039110870897,-0.4842304772760862
-1.7876290392016996,-1.5592606708820884,-0.1853150374669099,0.3080790516193236,1.07291705539581,0.28437323664870734,0.3970133453607363,0.5022980027818487,-1.1140021383492231,-2.0918260690517907,-0.49221948448919334,1.224154383660063,1.8793829236739936,3.1973800659471245,-0.08034572624685238,1.0284082844430096,0.3517685770778984,0.3265378436240591,-1.201184862524659,-0.482461760753741,-0.3567110141752201,-2.218020271374348,-2.265429580013889,-1.951158211449481,-3.0652020105367006,-2.316818106704395,-2.758845218252159,-2.7167929781700138,-2.0908432327214452,-1.8206160339558646,-0.9978522180955836,-0.7543495668259086,-1.5071359825961712,-1.22167655187161
-1.419316229360116,-0.37447623278934516,-0.7543243362166603,-0.1834966199025481,0.14874344856131977,-2.934788585491614,-1.777647685071739,-0.15562653032900872,-1.5696366086047475,-0.7148039749805488,-1.2100251648097915,-0.41961249968958075,-0.1532054983189943,-2.1304668312992914,3.1932384449518754,0.34112510571912247,1.2039256444157609,1.5565870219286848,0.017791345228164307,-2.5640125357170485,-0.7202294854436071,-3.0459624130151273,-4.3606645416153995,-4.215105069222129,-3.435578414222662,-3.283434772350103,-2.6427608371023656,-2.5204247665560153,-1.8622387776520037,-0.8566868703266337,-1.8179802189369878,-2.0233611055054537,-1.9779127108989263,-1.6087558280887
-0.8086730906604903,-0.3359975098304321,-0.06775002123984653,0.04108773923130358,0.02667827970072488,-2.31622846552119,-0.9876827475590929,-6.028484557281241,-2.080669472676596,-1.5965651267097565,-2.2686485761661164,-1.5027650918274431,0.25688537833084596,1.0014398869206744,2.165725810188469,1.6391805712476362,0.43500609445913774,-1.005838821688131,-1.0108782179813471,-1.9125967994441844,-2.494588610631978,-3.6071434252697965,-4.337392510578195,-4.7952620507823225,-3.6687825808294843,-2.968961901649872,-3.1380970864534046,-2.4178305931236985,-1.7151727396005232,-2.656677203307065,-3.056056960752563,-2.985173016224234,-2.484829489214385,-2.5804161584384717
-0.8925870293653428,-0.602150433486436,-0.022276718119512033,-1.0308335625221752,-0.8949673332487873,-6.400669712462456,-4.441221808452793,0.4666879719380749,-1.7769067854036191,-3.6270770816014206,-5.101490599437509,-3.6969476532307355,1.1017859093555564,0.614126228769079,0.32689699478281165,0.32733507255743133,-0.864879246740326,-2.5672580375384917,-3.609923922301801,-3.1174378107341756,-4.83178845919278,-2.856628513047415,-2.5448603426353205,-5.465692146698238,-4.5830967223501995,-4.257590945056317,-3.471766542001663,-0.7393963934759686,-2.702729112231144,-1.0631841788535183,-3.516028777584165,-3.3583906913044874,-3.251393012059442,-3.2570271445210035
-2.37775578748956,-1.1991683681747332,-0.22087483307998435,-1.252964161427364,-1.0937670065231686,-2.246236023054502,-6.410708750437032,-4.144646542775803,-3.2659993730772925,-4.70524637554058,-7.4385465904743775,-3.7470426648765214,-0.5218350308237877,-1.5383176671313694,-1.0057235412887193,0.3718932350026048,-2.7125112585552635,-2.7667104957778457,-5.150935042659096,-5.430041162207364,-6.809678831989216,-5.435370352162054,-4.9567335704844755,-1.978033546297221,-5.257510648483374,-5.376582214622326,-6.154009194053185,-4.855136102074851,-2.848550147329765,-2.6560377127486188,-4.077708377690615,-4.1796688831224325,-4.060751738937686,-3.8662681725050634
-3.9212849999116632,-2.259337803221989,-0.6129652755948534,0.21517377330097792,-3.7476121697615086,-5.434219661847879,-10.480878045740361,-3.2091587088036757,-7.41036020292675,-8.960904658522734,-4.856205905541275,-3.10050893226225,-1.6820567326594407,-2.375324288789068,-2.672424484695981,-3.6909868422687517,-2.1344938944161282,-4.99444350579632,-7.194470071219052,-8.245704948146296,-8.777263506606975,-5.9262877776247285,-6.014217086609209,-5.756425538730344,-4.716920114232448,-4.6442249171205585,-6.802495200353611,-6.350799027992912,-4.201239070198429,-4.03128438342246,-4.5968656967454455,-5.416585527663859,-5.055398620516069,-4.691574843270691
-4.587614867654501,-3.1610023576686506,-1.381852825122817,0.3343926009335683,0.429654749415124,-2.4122402323595216,-5.17703991441873,-6.6224736808296525,-11.106830159692922,-8.582406001582934,-5.418163021121922,-3.5331597606566407,-3.484085686223268,-2.1536533141525083,-0.8121728360721836,-4.884733877373367,-5.871446445563231,-7.242059404052716,-5.1375583186959055,-9.064586558517584,-7.62408751377855,-10.143426380935713,-7.775548348237234,-6.70455159095702,-5.601660305397079,-5.724552293024225,-7.771428781426957,-4.256100925598441,-5.905204729919522,-4.200232841095759,-5.160898925142945,-5.975753103774102,-6.156886378871835,-5.716458161561375
-3.4716962514576393,-2.919474870754094,-2.0380700457522276,-0.5907790174217465,0.3244516804299539,0.7342071245850855,-3.4771980052849263,-2.6460659836657316,-10.373952168483946,-9.992268682605701,-8.705320716805074,-7.363163438959788,-0.7559245393535563,-6.011507493556726,-5.320221611695046,-6.559581300621525,-6.396207075935564,-8.213949754334687,-7.734243414577964,-8.90333586074288,-8.541901136446526,-9.80605851435866,-11.07816951581963,-8.97423952820837,-6.716837220566269,-7.931400591208628,-6.005983032113794,-5.127218201648825,-4.401016311192495,-4.928470629436892,-5.296922225438139,-5.882109779396073,-6.550873319959994,-5.5221209371823905
-4.023249958519811,-3.2774386013378254,-2.525467324434118,-1.078774536036169,-0.13750973423755528,-1.6421407556581198,1.2031964016207688,-1.668025157269453,-10.614710167837483,-9.230194262337639,-9.587858871083387,-8.620397655901808,-8.341428769258847,-4.21050729820385,-4.332835757532516,-7.6275702710380955,-8.202401302987308,-9.390636947916153,-9.597946636270084,-11.068703481155652,-9.892459317741178,-9.783639793191824,-10.881908727961552,-10.345423775340036,-10.333750765936207,-9.64542093928058,-8.728419984844749,-7.940436348067648,-8.181728445189819,-6.369441943972106,-5.673432031273192,-5.385640291555023,-4.958066697715475,-4.911981117021683
-4.12295569764411,-3.162330786099981,-2.713761814160112,-1.916689280959999,-0.9585918581738979,-1.3938125011074243,-7.548409903711296,-11.46128285573899,-12.414415545107564,-5.213911492737128,-7.516632993391032,-8.120925845187406,0.13838990705853424,-4.848565499823454,-4.0407779640675505,-4.455396532009935,-10.00324458396495,-9.982998827830269,-9.397744310580276,-10.149346856634176,-11.800583989557497,-11.96819180784406,-12.260050974214575,-11.00733038127306,-10.557316322789669,-10.368294698934303,-9.62060956169448,-8.829759330796724,-8.881073537367156,-7.997568867371609,-6.569510156570917,-5.817658446401886,-3.379536739449704,-3.672093990984881
-4.888034108437265,-3.1124259162537022,-2.51231329128667,-2.1454670844772226,-1.3413480544510898,-2.1178626267534257,-8.950629552124255,-8.790197503231637,-14.206791197148446,-16.567760369180014,-8.258284671126194,-10.049475369845828,-5.94357047602149,-8.735946243887602,-7.89028896703393,-7.351369208759205,-10.548283484925983,-11.412790673165258,-11.83310874300736,-11.200326497389987,-12.230153546991975,-10.866358588353041,-13.928227639777353,-13.77253128568537,-10.60324182187606,-10.849044972101439,-10.67672384476672,-9.951380124548804,-8.483019230499844,-7.718057934778681,-4.454918081022494,-6.40126850412504,-5.620794405031549,-5.094294921937312
-6.669557409048559,-5.255067484854082,-3.6474266387065226,-1.3210355860384593,-0.3933597744319442,-0.7731944937851732,-3.353800366215146,-13.384363970487307,-15.74536915785214,-10.908119243942373,-5.850923233753328,-7.861279791256636,-7.166202706267066,-9.417711370040799,-9.860087992663441,-7.722847577688953,-10.661223331201038,-12.779675698378126,-12.60912432457833,-12.817647156436143,-11.76357120432591,-12.54026005714638,-13.165030152136183,-11.621043034898374,-11.380168563048397,-10.48127371974255,-9.421419397038983,-10.104056952332039,-9.99619422074966,-8.350955025152562,-7.914669738690966,-7.4770129297602805,-5.0818455590469185,-4.447550530323204
