script/wind450m.json
{"header": {"parameterCategory": 2, "parameterNumber": 3, "lo1": 3.000054539987559, "la1": 64.9999836372058, "dx": 0.5, "dy": 0.25, "nx": 34, "ny": 52, "refTime": "2026-01-29T18:00:00.000Z"}, "data":
[rows 0 to 24 of 52, columns 0 to 33 of 34]
3.191317251454337,2.7721847776018147,2.4259734677293143,2.020989665651222,1.5945480464938813,1.6996420888944275,1.5730556133779772,1.825301738581372,2.202712014986289,2.2230898126180128,1.900217786472418,1.9910645324324174,2.600561246730882,2.8750655623797527,2.9985142821700785,2.9799041761909293,5.50564270995247,5.488206919878818,6.524663660474659,-0.07758520833827108,6.08739763637569,4.114253995720537,4.71761831179307,2.734780670008074,4.693514337984204,3.2719339992921976,3.9729782122400445,4.613775901741035,3.6716753376447313,2.4377624603744006,1.0555679348387341,-0.2953626707446826,-0.3342017015423032,-0.9837696446483887
2.644417659757201,2.287011223451697,1.9507385589887856,1.608299567147773,1.3690639162556781,1.5178891172358102,1.7238123996080246,1.3599707146379425,1.129558473532037,1.241339166754366,1.3598383866074395,1.4115605124488775,1.7845182873521979,2.608364197749634,3.206037921457336,4.336836622464573,4.685797788571174,3.3554812930541185,8.352003071340835,4.265306772511656,4.534653866583052,4.467118155488865,3.4908800318380715,5.0667823270944785,4.0322895500643146,4.4369563412061614,4.455955008018059,4.735760795233108,5.197637722495726,4.4592949886035225,1.0817312575821252,-0.9394651821313856,-2.540577669456997,-2.392830289298778
2.2257979300644335,2.0418258398946643,1.860058450993465,1.58003706637553,1.2379794245056688,1.047058719617474,0.707762303140332,0.6074267052840765,0.3135632177822168,0.4575288295456751,0.6994461772724663,1.1855543773535047,1.5717875682051323,2.390193517181195,3.9395553516912574,5.3423069368517195,4.537672812547995,7.04137189120593,2.8024919697216046,4.81686985285732,2.401058723458759,5.42771050461878,4.774280006331787,3.9384079936918712,3.5844100928275062,4.7598121762841865,6.076966426627431,6.484719909558059,5.564260843348672,4.973771543398126,2.9870820716869813,0.02768128099567196,-3.0959873865772556,-3.9806787363138603
2.4185847705465715,2.0793457468945045,1.8195826922387353,1.3639371415311523,0.6666642909477478,0.4424663569872639,0.14465847265355272,-0.07620108214905762,-0.17107138293150156,-0.49375028291469786,0.8838143825251491,0.9452575285065511,2.025394926668169,1.3159619872384516,6.033245011000058,4.477649785537348,5.1480483632632055,4.125458434002363,4.289692763986565,6.745488566814045,2.419958852240814,4.29274970937039,3.9572075573808108,2.3345061685685637,2.2317654265190066,4.816320940407724,5.936658606931109,7.393829328914887,6.114283425997586,6.0401184582336205,4.3561957252067,2.9600813304486637,1.8486500161172916,-0.9228720041518303
2.12718651718949,1.9336420379470811,1.393507098359176,0.8558424373090585,0.4024438133533295,-0.19933938802894116,-0.4007104546867821,-0.6644104538687486,-0.7728930919839156,-0.7577316915525628,0.05078201687066583,1.29959889483269,3.7426552603715026,5.74796673259074,5.215966332109038,2.949610751615941,3.7933760019430838,6.017384047116612,2.6884030972780897,4.073260678582598,1.0806254492421914,2.97513563715258,3.259575424351897,4.601904875882442,3.024898957722013,5.53226322775618,6.768837117959122,7.478005103844837,6.6230667943010095,5.216782177927592,2.696668730983992,2.3465644822305634,1.9618667275002686,0.5785085860278658
1.7054210258039018,0.8930539047658885,0.41035306980301667,0.3565994195631647,0.3194645949006894,-0.18852479484319704,-0.6222969605855296,-0.826435482226005,-0.8385996203692302,-0.6663457121082325,-0.3282619785776206,2.3815205932148915,4.583818874517684,8.00757385154295,7.638185546937949,4.466710513624382,0.8241668475509036,6.27655096113127,4.619440087747203,5.451374958367052,5.511739853813577,4.008901971216886,3.3943374934025035,2.100606014637046,3.708070195997814,6.377030967270277,7.390032500885402,8.40007731781479,3.6240080203469045,4.523651542449244,3.030149417793181,1.3552087204917518,2.0217714812351772,3.118148621365639
2.2857700858549244,0.09621335601940426,-0.6782237364738545,-0.7986346429069583,-0.19718489753368584,0.21981852443540853,-0.021749931116110906,-0.7569123540364838,-0.9883490601073864,-0.4322642781032159,0.8786190941470758,1.853555409271576,4.074480347719507,6.320102407662321,4.886194084022205,3.7408330160236494,6.617362738530324,3.188749625864726,5.169540296150919,4.024886487100172,4.208661822591081,3.0562670201579802,4.756702737789786,3.901686414422634,6.221274477951008,8.131837711507305,9.261103450006827,9.017133951657467,3.866440702426157,4.390651489331699,1.873137204906745,1.3819610304079957,4.372287201868058,2.3242887999036626
3.3856338330484808,1.0404731986277673,-1.2007312172114284,-1.331501398343067,-1.085526067621263,-0.18322773685121396,0.0456216465039404,-0.09446134651901907,0.22880341062188986,-0.377407058033441,1.2047019265130356,1.7695545145880716,2.27717215733428,3.4734747465874722,6.058626442135321,2.737516343149613,5.688101938722371,5.7861891245548716,7.035609829499908,1.0108952301380225,5.550213764476355,7.67481879930311,5.564412697563051,5.812663461411124,7.729813241445829,8.324257735559476,9.505461171632746,8.999606696350693,4.8009151995715005,3.287970464512057,5.667081397565924,4.920372796923234,5.394781733941078,3.1495426021987947
2.930633393777709,1.7901040241181385,-0.07156742490367862,-1.8792964925818059,-1.9293225772876645,0.41606301072984675,-1.0423867017546624,-0.428862426000734,0.002789720236736216,0.13420935868188777,0.6674007866889103,0.6879434173710176,0.9086338437370202,2.1497431448394777,4.268836457508455,5.752434460524609,7.864000537142651,0.7995805592765931,7.459646591089726,2.517261176023124,1.9005532414831265,7.972013045330091,8.463000272981587,7.095277711700339,8.111756837363624,8.548694815357608,9.086763177663403,7.131684235255168,5.9063434647243875,3.431482491625041,4.551862911447711,4.166399164927602,3.9803821599075255,3.671364682945107
3.5951671675826935,2.2097195285904982,1.3795391417240437,-0.7412234473539407,-1.3066493112688158,-0.6169285013503051,-1.4142230241648366,0.7568961047784156,0.6057443030891279,0.5825294981239042,0.4409259978797703,7.351339268028284,0.8949326233831946,1.5741866819755397,9.470940311933678,2.412249711116728,7.829114990040406,8.812081391216095,5.229766084451734,7.910348253803662,6.6203452706667445,6.967237055192027,7.411468648897035,8.442200252840221,8.080726930284163,8.426477496134329,8.279801719344023,7.2939980317019355,6.7446183389385475,4.75762191353561,3.14906370570678,4.775337516599413,3.014892626272452,2.798949148488793
4.125149668345423,3.1361228819191087,2.320367497084011,-0.04515818956835554,-1.086932239963757,-1.653261264886149,-1.5429688702039157,-0.11588794526996356,3.0356342075325062,0.9695499198163454,1.2650365434864927,5.53752074186025,0.6681448501063064,2.1782637453008324,5.273509454731398,8.807040014049308,10.016425088566267,8.792849643559185,6.885322325787724,6.54954333819556,8.20622633421997,7.256478067212084,7.747765331897026,7.400876634091002,8.002905468066205,7.736911666503687,6.583415128606974,7.653078185200581,5.109413990821878,4.22659881937134,3.3371292441736657,3.693618899654498,2.672834098670828,3.0084702555950007
3.5137580791701017,3.2865401802326355,2.218178391203714,0.11914291786471361,-1.0166257452043899,-0.9828606683685877,1.1053987349982595,1.241477084373068,0.8927739708658506,0.2114359019790801,1.664307059725523,3.8485642975283723,2.812280421451705,3.1127821748041042,4.96355978119379,5.785631548032345,7.958081404305677,5.6309590011062784,9.838578387852538,8.678956812568897,9.219531689640222,7.537196993690249,7.018667749638245,7.791852317734301,7.623708715515033,7.701713520648462,6.771920490606167,6.734980821858871,4.543079604468329,3.7007918086318554,3.656839762558153,3.2039068705793117,2.8660691056345375,3.3814728929120195
3.2131243428655973,2.828391632040819,2.5154607877211306,0.5798325018186524,-0.5280397899886892,0.2142142901349662,1.027793590007568,0.37494251665490164,2.0461759121394265,3.1326654332730337,3.9807770584316047,3.0803449134512544,7.244095131209832,1.2890873869094688,7.036188765349781,0.5884396399648376,7.874382898337144,7.731134869802373,8.187459016563935,8.043090863708548,8.016744477116738,7.057720272523924,6.89757160066991,5.950270203258303,6.369562760737716,6.06541868896606,5.5396498778540355,5.387637349222656,3.7217983470497997,2.6498185741558182,3.3718422602831866,3.542938229949388,3.675910105113116,3.794610678110641
2.92058802647506,3.8267234274688056,2.634325742014222,1.5495440200160158,0.8401561805077353,3.1658319634822902,3.2689926396178204,-0.12734023175154652,0.9896412419853494,2.855358253931851,2.2495843578174695,3.7262900562558543,5.062123814825254,5.461659957442305,6.665256478216595,4.599954288706474,8.16311346347903,6.936469911536616,6.852718630948644,6.1933968781458395,6.247818719479521,5.972519774932574,5.151840032450793,4.913810065687727,6.50572394498981,5.109548830747447,5.0999266497843925,4.304598442586012,3.290417397201041,3.618481629511425,3.793212065863173,3.914447594674752,3.8670242153193994,4.083567399149158
3.7931242189198318,3.5073489522321175,3.8202036051152968,1.6134411565998352,1.0814623312123657,3.0389851927884464,0.30544273021846574,1.3000964643255313,1.3695209788658151,1.9782007056841007,2.4569934815690253,2.8397033807630585,4.6166674752315755,3.7851819752950218,4.565028698683786,6.570808558384885,6.821391501795769,6.8399712203591685,6.7287510608108105,6.926742373748972,5.490696643079701,4.841297788743818,5.648089824796711,4.897433023461444,5.222831529999567,4.4782994225597905,4.459027484911724,3.742493425887389,2.181695725543714,3.8362481368754513,4.1945045933740435,4.096073441657017,4.070838726726659,4.240030062516716
4.358667234784106,3.724892355978386,2.9888038626796365,1.2287076305099092,0.1569952783022057,3.163930425565079,3.7394174861019382,1.6612335469559751,1.1012601589025595,2.5129320191438653,5.3346840416844215,3.910872399425531,5.223261528569186,6.596780116730545,5.58612351753507,6.371543705924194,6.9873138193704385,4.382911951807587,5.463111230167902,4.298330508219948,4.380298766610775,4.710823389396803,4.402499066868024,4.673032937306459,3.558221022343378,4.313044902075954,4.252532192364081,3.630989195115468,3.7440156154919397,2.9109824387973817,2.99258817144135,3.7227829771264904,4.0208558036876765,4.387571532051023
4.787353747123562,4.377245283932424,2.7753149558046717,1.0956042461660307,1.1878991898320017,1.0379769708464281,4.7020808895770125,0.23359435518066318,6.862036390406376,1.3512748069308032,5.770316288676049,5.1052722120182485,3.564675756870505,3.89295975998364,3.7660518999304298,1.6380904267479026,4.050956775339592,3.032710733105398,4.375287057077754,3.2795054181436445,4.343256371227422,4.288022863111104,4.136656805700266,3.77950311610358,4.449967064186767,4.52138310837066,6.267531131041817,5.068637591901696,3.8664087195455688,2.733046812600988,1.349210523505995,2.9049662465839265,3.6342911859688267,4.306948080131611
5.194698074294866,4.412320896245522,3.264214190271998,1.3683032976865483,-0.13605925058269408,4.88806226892283,5.064478027075957,1.28044590373613,4.09317828388904,6.275889273055777,4.108428629117898,4.410760096008775,4.5586343751115095,4.258494699518194,4.016251248989996,3.588433314044051,0.9455208930894342,3.5675230938532407,4.492290386541551,4.5658984789121995,5.003411039957698,4.593015133392274,4.659763307247007,5.0070811978151,4.524149138225974,5.315762757848279,4.199793419355183,3.3665305425909025,4.120306338721086,2.1414025479288092,1.5206184076486557,2.1570831627029032,3.15029393373123,3.777530342304008
6.526036843213608,3.738887229412785,3.9772283891548286,2.4473223303602953,0.08621285600825948,1.4817836774373427,2.1187028595868984,4.226204085383127,7.566254890740183,4.482997108924373,2.3931208964214474,3.6915899084610255,3.818732156313892,2.344177906043853,1.2141723871642314,3.1036554810885293,3.10361106698972,3.583583232298609,3.6458413663156413,4.52043530738256,4.681934212916828,4.3524034163342975,4.890670907069927,4.74433058117685,5.1477814280874945,1.860632053568256,4.911320302406829,3.7937615401018334,3.7822065446202866,2.975055105030179,2.034949563282605,2.0529817990523593,3.0979300139510566,4.555478624328192
6.617576745917759,4.238181932197126,4.20625246127848,2.6859206244898224,-0.1502453168574089,0.3012329887885557,1.444812452105158,4.068853066683133,7.12739663509672,6.138701606361934,4.024753158883234,4.734601579364986,3.2540298273526447,4.1135006325386545,1.2358855650894407,4.2441477623975,1.7628314263940286,4.03514425906998,3.8360535662581836,4.49129326658778,4.379920585231273,4.257623571971358,5.585099274787382,4.204699099730795,2.659863074131919,3.440390406870165,2.202455299444451,2.6453693502844144,2.1956613248524257,2.1823095378522903,2.20727261882779,1.6040613759247757,5.629916037726582,7.092990428156285
9.128986757393067,4.929127807776842,3.4138187329877314,3.6746719676827144,-0.16483230908190874,0.5231888825578264,0.6177273274620702,-1.1128139941407624,4.937561310836774,6.0707920437313545,6.080834954210258,3.395399771405157,2.75262519466827,0.17505276727466254,-1.1673478632966061,2.8072592677627743,1.7990108611439353,3.3552553984207196,3.9639875032901104,4.304359455958293,4.18473523614952,3.8314930564006713,4.566554934772493,4.7277383613784005,4.0047923063547834,4.89084518053268,3.381424285068934,4.113957667940594,4.74031495969617,4.1270181876891,3.6096918578379436,3.0758444759942543,3.3675748759322848,3.145034025619225
8.41906269939079,6.770497851059863,4.149214208014293,3.8233475379761233,1.2068033297481642,1.322041067114234,0.07305233667372751,4.342285421534121,5.995013768679567,3.2575711391024216,1.7963853733175779,2.7174806400544496,0.11718095328256965,-0.7537257074587556,-1.1735540704446608,-2.231805123381959,2.7227276592257974,3.3304376307970425,3.591479984108974,5.56411139073245,3.850500255205531,4.454219040068,3.818800043962988,4.11382753626346,4.87631304743867,4.39984654522574,4.221446028044259,4.664349944107582,4.256607006947634,4.108989928380154,4.1031635429255955,4.158606383858673,3.460805377148488,3.3939357756255095
8.896551914566437,8.008973252861507,7.744153552526846,4.317295914387133,2.726798257971695,1.6399836691520013,3.572910074580453,1.2588709695814997,4.587440878741531,6.561753587384639,2.1088896318581547,1.9028247566107583,-1.3062972238148252,0.23550822208161445,0.03549409028705584,1.0082498625265859,3.1805922695343223,4.052285033155225,3.4456724807946557,3.968458702071553,3.231851947609717,3.8853306315421765,3.749199997456037,4.1562795959348735,3.195616089394253,3.439855525366143,3.158179932253506,3.4232766106251447,3.4059525252145946,3.4233248162228196,3.4587366615810375,2.6998300751239657,3.2175352372560564,3.466442622415334
9.00142951794503,8.795446048150048,8.776770339179443,6.793874344306503,1.7685892234548861,2.8968740215226236,-0.3828075195374327,4.610626707414683,5.7682789785337185,2.5432767240138348,-0.20021798263199295,-1.2875233420739096,-1.4739186680151337,-0.7706093595641742,-0.8138074410023146,0.8381448588919449,0.2606696531008674,2.2636264649607627,1.5806147494459988,2.24643984520182,1.6279867946237574,2.9329660093083154,3.330410867773626,3.5199504103876835,1.7855459946807348,3.2610952253159993,2.9533300081889133,3.2196752952557874,2.9364892252455297,2.8117427183921087,2.6507149023180014,2.226721759728761,2.6363568104702475,3.04943613772746
9.35580611620795,8.921883431174264,8.43978415690423,8.076790164287198,5.8575105717815426,1.848578739542736,1.1191497133906534,6.068983397771218,3.619733629358483,-0.5761183425628293,-0.1523375826778912,-2.0543096373694,-4.5888905210134965,-2.0391328263075956,-4.349247486552194,-3.9426494320208163,-2.6976615598042417,0.6370691630855726,2.3645983226943903,1.1740912050331496,-1.1078771066756308,3.3855989154009842,1.7862192991122572,1.9121035021439012,2.4215906554524844,2.677477398690288,2.5794643336741956,2.2961557978483325,1.9524718641664613,1.7953704284943106,1.0526047206257172,1.436847429859265,1.9968002190819487,2.3101261847258385
