script/wind10m.json
{"header": {"parameterCategory": 2, "parameterNumber": 2, "lo1": 3.000054539987559, "la1": 64.9999836372058, "dx": 0.5, "dy": 0.25, "nx": 34, "ny": 52, "refTime": "2025-10-07T23:00:00.000Z"}, "data":
[rows 0 to 24 of 52, columns 0 to 33 of 34]
6.382140979034525,5.895750478102657,5.09739271940838,8.373430059923649,6.359376411625501,6.893116128865851,7.104254416746059,7.2969705422462825,7.322537997999959,7.368515211112882,5.875406484762328,7.439132012981525,8.078391500314142,8.45818830879333,7.946935733205305,6.949104491467514,3.420433501274643,1.7479580028569233,-0.06460286419181482,2.8054469650045264,2.9634256485614867,0.8279755282259842,1.3865658113770467,3.4978923757152796,2.6461585638545277,2.2993258169006223,2.045025732432687,2.5122116563759276,1.58087664472666,1.0068283561202935,0.40758689624789607,0.3787245051929895,0.9783071616718603,0.9815771392393622
6.528208982773432,7.123883069656411,6.702575406317355,7.113574892764534,6.985909629551858,7.422404632738407,7.447070707305897,7.4031005187921926,8.350790995851954,5.246988830729967,7.6424685317778795,7.983740426530209,8.805717370149699,8.787510616506774,8.045903481702165,7.53586232295795,7.298237599489879,0.649501433816646,1.8180318775851587,7.876636098843281,2.6967144060743347,2.679323164802131,1.0209378736687342,4.99283771510509,2.0369692615778296,1.5554001948102842,2.176849824269465,0.28035381580381163,1.5743581390752819,2.600093511518324,0.08669859990290037,0.7810037726395428,0.5439813671860271,1.3323411326109782
6.991108205705203,7.41817065113175,7.505422999144987,7.531686514954338,6.734424185053434,6.951536377567712,7.509864089063703,7.796139111823021,8.662230930314228,6.508284697474751,7.043536756268027,8.412472248076098,8.69054719479745,9.023794347311304,8.309221702252536,8.091951703239957,3.47810708147433,-0.024820200815873345,1.500449049782789,-0.3352173818430852,4.455750207472456,2.2538826097280826,2.7900249201063034,2.5747476359084778,2.006016635408883,1.0981562485573337,-0.2792748339717533,1.4665792115277378,1.2241462653331603,1.0619855428359861,1.6826284130416351,0.4998512011953383,0.8700196953730176,0.8471124014445777
7.198483390083242,7.6104823296450315,7.702837789970174,7.485405040764932,7.330779340189411,6.545060057719805,7.7085217773410575,7.818201060633727,8.438506379423139,8.42484124926775,8.372973412909339,9.134305409192125,9.16329072414282,8.976962996207869,7.488302713157097,3.467070128487491,-0.34510991686292486,1.3075036392413337,3.5849154708755195,0.5391288502171127,4.242988361499094,3.7571490815698234,4.166010464061258,1.8603500128622843,1.936986037057286,0.5146012005795674,2.7522389401911656,0.9012341405098825,0.6493738836843957,0.9729066269050199,1.2288755428856943,1.6846015559876681,0.8979536458603189,0.36566326200537597
7.385818954566701,7.787258243088431,7.301239967387657,7.156153971648829,6.88927534181207,6.848311617566373,7.467819894417353,8.604121221991413,8.328311620249437,8.50508301581721,8.646005229449452,9.452289601603308,8.688063353663248,5.18235126990481,0.02005292491185143,1.4679491813170813,2.583398293018612,1.1344927148580177,2.0199354040158717,5.829136244147641,3.8787441718311677,8.790221603006335,0.19379326701263208,2.06310799631876,0.8268360815911051,0.9716586558093305,1.4650857960330461,-0.49941535061359227,1.0751924291618398,1.2037366816940458,1.2034495274236836,1.150360631790043,0.7744515689451492,0.2922766800341692
7.66421990511896,8.06126948163651,7.845911097201875,5.088701657094369,6.394174586467457,7.371876131590182,7.990461633008743,8.595453974460069,8.891912270036693,8.780574000698174,8.36574991684564,8.222032382434156,3.942132790637508,3.8440696511949666,1.149469900002439,0.9994372199828204,1.3018613602468105,1.9109750859373378,4.215850233564349,1.6088007927712837,0.9619704372523485,2.9661452460633875,1.6824936230391614,1.3377842022284998,1.794100494683994,1.5580026853860072,1.8340784939128219,1.0770948011517734,0.11697877510576542,1.2290535963103575,0.8092361080536876,0.050375798130617835,-0.07078327665306125,0.22476350394931832
7.454459338664216,7.544487594438108,8.43003264340286,8.701709645577765,7.372352323118107,7.1112055677081925,7.87136559826039,8.828518215193542,9.007007043387173,7.6397439946865235,5.343722570147599,2.5182274669607967,2.8271882199567164,1.5650640098464912,0.21654201482935403,2.370512509196404,0.6162098201474386,2.091630541269285,5.084916840128635,1.7119731328629146,1.814425364612454,0.7608265889998715,1.1881673859633217,1.4554760455683309,1.69412748081973,2.332600619616136,2.104885741589578,0.18738024308267806,-0.0008807725030951675,1.214029819965878,1.4592009421860386,0.6338936469427024,0.4038404090100115,0.43229151432339136
8.055904991361645,7.149660060092195,8.452496190542698,7.879331648839907,7.304325024463297,7.061927517827627,7.197876588415092,8.808719717696752,8.690796375979648,5.166333712939665,2.6722693780952778,-1.1027924147688586,0.734266685059247,2.9188873759511322,-0.40095971775199557,1.1181083811591306,1.1488139756737044,2.7093073266681067,3.390081666004026,1.685033851796324,2.6450423325157284,1.6352037550988257,1.8920941365425963,2.1208297769263913,1.6726600299193364,1.9928228106583297,1.8073911876135818,1.3288570058832023,0.5230344841721707,0.47752260547609987,1.422226305914673,0.49634938951069674,1.0376999982731836,4.871415478270716
7.959608497252181,8.50682015873768,7.0326578813696035,8.04315618449892,8.793560770638503,7.407013296151668,7.419446724689325,7.765151174041857,2.3610963492311385,0.7475821419903688,-0.5697300690998506,0.6473655982475536,2.295472922507297,1.9043666646250854,1.7112021531460395,0.5679393592074833,2.4781602024580573,3.2920968932373955,-0.04906473162819849,2.410597953707117,1.436924662248779,0.8605541738450003,0.2296721645509127,1.4803052562174552,1.8444148055274827,1.7597107659674687,1.9245206814100162,1.329511131385594,0.09285529538533688,0.9401886490530743,0.30863723015576566,0.8941311036418809,5.084292691835986,5.984954216521749
7.916572581443673,9.114260415158872,8.693309850161256,7.145865831466544,7.956064337129329,6.7143036162808745,3.550919164016284,2.204187826391248,0.1122623084828143,0.8515810840191665,-0.40208986571851274,-0.4555415446266521,2.4459104964608605,1.5582402695019435,-1.0893655571565806,0.46030819295868647,0.7173008884692409,1.655648836422517,1.7461561542953266,1.5194609449535748,3.458458038630985,0.7495620881415777,1.3269001422396487,0.6741845451259614,1.8150299691702507,2.1310120885957744,1.8672305582433606,1.6179137604006053,1.2163288126816971,0.8434021246628318,0.5996691358606919,4.586307733114651,5.711179287536411,5.927963699206024
7.805358854783232,8.719797638779813,8.613258734607005,7.427405822869349,7.1084534935174855,1.5208836546274584,0.5408479262148987,-0.30181621080976107,2.3398189695430207,-0.633809561234606,0.2689348095344858,-0.43019034189361477,0.398821258654098,1.4396722560439716,2.8167315136017446,-0.8114020857078185,-1.1531326420590995,1.042327806530465,-0.7594825240134861,1.3855547721583554,0.7732146181986228,1.3952326385993037,1.8305635277330645,0.3292418138956587,0.3482852208971245,1.1212563706007486,0.7352336521303686,1.3735644056450713,0.3058698020873577,0.019575685738184575,3.4617300606915635,5.124974765024771,6.2880079912387465,6.143474836114665
7.07775296015995,8.157914990240242,8.818377909290922,6.300012206204068,5.4903387825318735,-1.636860576226741,-1.1266779572916534,-2.6520447519839223,-1.6769595033247096,2.410845337366122,2.0076891251470705,5.476874515472454,-1.7882715191523721,1.569063311584442,2.001977280419612,-0.2703040359661585,-1.5789944158664329,-2.098654990783541,-0.5483899152706495,1.5536492778267372,1.402683577340341,1.080567151362322,0.5845278024965564,1.337803519350008,0.5558102855730206,0.3721653849651981,1.2415150596933433,1.5048835167759205,1.2163475655862943,0.23720931000032838,4.568753168584315,5.474556163205753,6.172245608483363,5.996999239833914
7.8427697515066015,7.1932099417023,7.691666570398844,7.077718880122791,3.103083062013259,0.021192854913075553,0.9471304015891991,0.7841922973211244,1.766242663425513,0.6234213799639561,2.507995843900872,1.8945696693118357,1.5494042196128985,2.4460791522074614,-0.8607976425258614,1.1215489017888824,0.6100936621313587,0.35856839338819013,0.6126962371209359,-0.2538666523896516,0.9225319253385051,1.8944874018556668,2.032162241347623,1.5691366019884123,1.9422254315776877,-0.10496836764460846,0.17124903949359419,1.1924924589403505,0.012583813525756197,2.656649875367481,4.140777617540142,5.588314380831659,5.819810919435752,5.617110035664615
7.231914262918235,6.15544768912631,6.264993887449218,5.61523463144555,2.7346989668583164,4.021040735935096,6.966640561132473,-1.7271203839415588,1.5245343532069324,3.186266792275138,3.3196194693225087,7.201612792455812,0.1932232821336601,0.3068968251685588,0.9311388605235811,1.4962226171309123,2.798161183425423,-0.4469320722166147,0.9080177088531866,1.486931474624569,-0.12005959260358173,1.9800273763780794,2.9131715589136165,2.406711616984603,-0.3466429521937272,1.7479473989100998,2.1446930452654547,1.918794358143749,0.25908299598451295,2.6140569194472403,5.002290607308739,5.471382842523694,5.401451025078606,5.715427429219792
7.113975450025009,6.802205834546328,5.674947677256209,5.293648403536586,2.2589150344702995,0.5185651930139381,-0.8591384175658321,3.5088066376748026,0.3366434383490236,3.9293907951859053,-0.6321810257275264,7.790674212641219,5.638140870536855,3.7567062430959424,1.8839374305191294,-0.17235771257969634,1.6675520811076152,1.9116553589872813,0.276306718535006,-0.56501665393171,0.8889825811074396,1.357585387655959,1.538865726644433,2.8953341459672712,0.3397311823990854,1.86644354431866,1.2109003619229028,2.271960821496906,0.9976353557236686,3.1763811089614293,4.8992538863208095,5.321055630635003,5.161047714361397,5.371624798931162
6.113881742130792,6.025078039013744,4.9202379271207395,5.2813176957633425,0.4749768460045664,0.8488647599227255,0.47323420589419246,1.753556852063141,-0.5562463412929182,0.7912356464595333,3.589167947840998,7.929300924025499,1.996212069864341,4.764783128675492,1.681079699575804,2.0654009835133946,5.059094738198949,-0.7430605330708304,0.891965057861634,1.2640585431147733,3.73732698037515,0.08666735832207591,0.16380671337317046,1.934633244744832,1.0207874408614064,1.7235954384743493,3.153841647717026,1.3019949443161616,1.1304347010514166,3.5865568425736276,4.827111944076732,5.292256783046658,5.149328075874499,5.28080848445603
6.6237316815272544,5.75832380304213,4.985557118864429,5.355105894973769,-1.9453540758541985,1.9852097184236697,3.5764953754754445,2.961532495313617,1.9383042217801583,1.0097786337016519,8.120544084695446,10.848278682505933,2.8599546671443603,0.7331423251503295,0.8571088058914244,-0.2712747929617814,-0.5235201273927759,-0.2904732452788248,1.9447159468502042,0.9963032790463399,2.147543952498401,3.261612773137676,1.3260982294146306,0.42232774116672706,1.437914195007134,1.6256781666766436,2.173503437814168,2.3825834254547664,1.572968702919542,3.184502137819794,4.318405721878084,4.663705730848861,4.84426814455104,4.900713573939114
6.299409509278961,7.092874915058772,5.385548202734226,4.990017735945784,-0.27441595383105577,0.6831827282419585,1.451967881314916,0.6868279571273447,6.6392161223880235,5.751961406693004,0.5251482496982403,4.982484642295271,-0.4105037202030609,2.321741475282783,2.3939286288931325,3.1922887492514755,2.2760451676258273,0.9078829521918214,1.2867022140164328,1.7256351998337434,1.7776972324750562,1.2894321246798515,1.4957307046268769,2.823820228371015,0.3282024967781714,0.6868813747522792,1.889622570666158,1.2453476241299997,1.599323997971087,3.520146218597739,4.156161092287782,3.8952304048797948,3.6456800281851227,4.110407768341673
7.316577057516313,5.962780622796449,6.227046194267256,4.722335152284607,2.9171747662040763,-0.8614546952415195,3.840901927581354,2.210960540321413,1.475751424309076,10.595908464999662,4.737787641399867,2.8067330852737404,3.0566846443089606,1.0422331331800494,1.1638410674223143,0.43828787992743024,-0.4668450891263739,-0.008689458509417628,-0.5371081460016328,0.9143174268349005,0.4139329526641657,3.1556199794457025,2.089691571394858,1.827621932218661,1.289570241910697,1.2299225844581163,0.6190879742406253,1.371778762481793,1.1700817922674798,1.6559706703328891,2.476586859059133,3.3499373114090654,3.073278983805731,3.084670932089069
7.1764668254292765,7.455879402380701,5.764860857651217,6.638786985195576,1.9398512632622784,1.0815343253695953,-0.13318945882992286,9.24947925960882,4.341380323111819,5.540907992953909,5.063286450536251,7.198729195106741,-0.6416877872591087,8.684144841931849,-0.1812544753433763,2.185539960143743,0.9447110984720849,0.7734069077114825,1.3378155264889098,0.9526213604416014,0.5991448652739789,0.7299448362961937,2.5600446520639797,2.0619195607211176,1.0144384977071506,0.9994280113342316,0.6560424684224433,0.9722088513799892,1.097869043367661,1.1274786400803438,1.609759293869024,1.544690219875195,2.681488460043358,1.5176773562218548
7.698785275345306,8.382036485079698,6.640099674397206,5.732154883453295,5.011020824952706,-1.1947586789711038,-0.6858739570565737,-0.17729547837725976,4.01742466350406,3.3457558068799518,5.0010918384194065,4.973018147817588,1.6652237092302289,0.23032100105130618,1.9611572703378295,1.078900740189123,1.3571034622742315,0.5370636542441338,1.8614951465471807,1.0642833873507491,1.2330693106639363,0.49199795465136587,2.1485567624867876,1.653990725391844,2.2194268418373326,1.1083594758816386,1.1401945637903443,0.8694141831763633,1.0459475700328993,1.417643111113366,1.712983498357948,1.470351645258466,2.9432822258001177,3.625479854421922
7.847448292040609,8.025351321223866,6.970875308172649,5.152689832891921,5.5702047425088645,1.4986397192425949,0.8663742915799652,0.95270353758972,4.007029954661382,2.442109701962325,4.514676398607283,3.6901486939241255,0.6055753418029024,2.7777736365195658,1.5486889561889179,0.4739659926894176,0.8779725983643721,1.143725931301802,2.155758328601909,0.6434419940566914,1.9672845418389704,0.6913730423523688,2.095401488004397,2.242926718221213,2.1057360878677693,1.5350662486750295,1.1626140579944284,1.5083276514524617,1.374076789489923,1.6166741564608536,1.3257954285192188,1.5094694329642242,1.5949617344551543,5.246122815116293
7.296286123629778,5.99232015421002,6.238980612845683,5.599403444637016,6.313735328541003,0.7824255318014587,-0.2565572514763526,2.0347980915780752,7.417696112850401,7.055220058425292,-0.17914293183013766,1.758827404389961,4.0247998262113285,1.5578974471053662,3.4315292920352967,1.2449311254601905,0.9422668024556599,1.5659083819965347,1.7113549739181606,2.9960667299756274,1.1065402948450922,0.779103226342698,1.7231966908184086,2.5405851660349064,2.4158482261598677,1.2019174921400204,2.1107275194498842,2.4036748747436745,1.4561616251847807,1.1297144441749056,1.250598925581127,2.373228927820142,3.5873461197089105,4.887593609136542
6.244448886201389,5.626651422164988,5.297791899034781,5.089632947373306,5.689236449696669,2.415552876449759,0.8356695591988782,3.5523566409021896,7.360547900908509,0.6859888142989213,1.2559046997646748,-1.5751424671182959,2.460904945178876,1.6149621631837356,1.8949173175135838,3.1235536784850613,1.390603198201406,2.179166979202635,2.2336563253437465,2.3581631089889252,1.4344966201047766,3.6528821808886356,5.139185255719041,2.222991664116075,2.629149138499287,2.1765147820450648,1.693308944480539,1.4169030054545475,1.3066881357784381,1.1960064293644859,1.5093650044559959,2.1217269782608508,5.5876215035678465,5.4551868316227985
5.720015262444073,5.051011544780737,4.713606577090408,4.850782330375345,5.842502699268682,4.616054551561464,0.8286593187491526,4.8999843575241275,6.477626046764348,2.3056834320543933,1.8205151602797764,1.2004506834802777,1.560249151211529,1.3320550719662823,3.1219856580003125,8.511798893067713,5.345683683524049,2.442357163946543,2.8745503095656937,2.336955922044855,5.819807359822485,6.505718088832896,2.6012735457387737,2.437568861530928,1.3107928896485113,1.2151075992743106,1.5217371795771495,1.3196460736621625,0.8871495146846519,1.2850726449969556,3.046954045368976,6.642301402083136,5.537459910740132,5.7520793521713145
