script/wind250m.json
{"header": {"parameterCategory": 2, "parameterNumber": 2, "lo1": 3.000054539987559, "la1": 64.9999836372058, "dx": 0.5, "dy": 0.25, "nx": 34, "ny": 52, "refTime": "2026-04-07T04:00:00.000Z"}, "data":
[rows 0 to 24 of 52, columns 0 to 33 of 34]
-2.139974366485314,-1.8912978859861123,-2.5770915562937495,-1.8021315450941437,-2.6290900463558753,-3.025128454937527,-3.921989408649935,-4.113183295301004,-5.107290265685265,-5.453583185413314,-6.399731487306928,-7.607241622885351,-5.877630139028513,-6.352888606326972,-5.139112273938347,-4.591053469643722,-2.818703508729168,-2.8454823720758053,-2.939888024293269,-0.9967758042443069,-1.0245685977834889,-0.04033094096440697,-2.573602257391885,-5.046663905022727,-1.545550510126584,-3.03719371231039,-4.18692028906148,-4.694239038755284,-0.5891642903169316,0.1745125491960768,0.0243784339846647,-0.30506785232051054,-1.6349279237238679,-0.4515256022453348
-1.2116072416932842,-1.1445543889302587,-0.8201345100822867,-0.8675992446220662,-1.644577338407242,-2.4914025461416682,-2.844384086142466,-3.7547561779949814,-3.9637281846349737,-3.5935014547008937,-4.61431878564803,-5.39527386888842,-6.785625624946325,-6.706047098357301,-4.60283930269313,-3.798933596755267,-3.2562472202483432,-2.3563101487316196,-1.561968897030948,-2.778829193676908,0.1370751220046524,0.1812452886108731,-2.0290337108602756,-3.7024682981865897,-1.4059117011253603,-2.4592310251971363,-1.6880149599757128,-1.8184921476967133,-2.9127914661793413,-0.5935415292414538,2.1220795750659804,1.8082596866859446,0.39284117682459074,-1.7252938262837278
-0.8339598519205849,0.03202097042985,-0.044323846773423936,-0.4372635910862396,-0.8796863132418473,-1.4927939838878408,-1.6418111830524318,-1.3533049363170333,-2.201492180645502,-1.1017224745471472,-3.3245359740983744,-4.732680329163527,-4.496350357784066,-3.7055676050177473,-4.813845530601855,-2.276373808952763,-4.196707548168424,-2.0858297924761984,-1.644243696676572,-0.20113648131876344,-0.0015670442677668164,0.30673556978212857,2.2954454543685245,-2.1174837359845666,-2.996702184450219,-1.017469949570865,-3.1992983997258855,-1.910638689848222,-1.581634417136459,-2.4490962603384956,0.4048507104415155,1.7763389127506808,1.5283831433017292,-1.0798541910739614
1.1869676141784988,-0.8197753167815016,1.0680554709710375,0.5915328159911143,0.3044208391129034,0.32687372486897265,-0.2643024496608338,-0.21864345212449768,-0.2544124442894228,0.42949175337611056,-0.4838304630398263,-1.1167018223567005,-0.4544323825088989,0.7173199105763524,-0.025073727585680574,-0.5332449950604099,-1.6351084932043087,1.1483892405867346,0.7178878007228697,0.40786317842772546,1.1766262387349324,0.8211442369245389,1.0014313186821922,2.20522015048156,4.00435571884098,0.286838958502399,-2.843701605009933,-2.3087337830607453,-1.5476736601312702,-0.5820494803477899,-0.5588089405695982,0.9588639215964748,0.8473988279577617,-0.05590684804083256
0.8507582664289973,0.26590981437082317,1.2406985883122648,1.5789631381599853,1.7707403320404889,1.7650314992985499,2.300015588844165,1.160124498255319,2.088529279280907,2.2527013851171303,3.3811391712201386,1.549292047886075,2.110531450693976,0.7877273859736779,1.5283634664924313,1.1364689430493258,2.5991589709378307,1.6631359772926781,1.8781169766561507,2.814086229561523,2.1378503913677793,2.8043527643644803,3.608976662044306,0.20270715952671048,2.2483398805809562,1.4804484986864852,-1.3180811110771502,-1.8443296852109128,-2.0457338522617476,0.18072757309740795,0.4270294390509699,0.07058511233540737,0.8973501395243895,0.29669096898530034
5.527286434261785,5.507619417572441,2.4724299633216145,1.395570273048481,3.0841989155078413,3.6362827269072153,4.196895866181364,4.7619717430815385,4.600514944064864,5.192966158259061,5.903158114434756,5.7097525626925325,7.834716682604922,7.275253369002018,5.071426095512265,4.334442227212192,2.9392997644827434,2.691512457294242,4.163323435996177,4.122989841941371,1.9496386781116144,4.614478311238935,1.7069436929987583,5.4305826709906535,2.5838311053000687,3.5924982662614684,1.9843716571161132,0.41498207517684826,-0.8324382052365742,-0.440564586801838,0.02495844953831296,0.997776018280601,0.4697232677724917,0.15119641260875513
4.441944557684438,4.8563602340656224,4.809515436630946,3.445197097397767,3.18999082638521,4.444093424339013,5.79516237857102,6.369200338136853,6.457623508040385,7.038003591013758,8.174468981591959,10.346764051108732,10.107842496056184,12.047083325948048,11.660043676239752,8.779646884756911,4.046578089034852,5.410100410523948,6.779804579618427,5.5918131810960965,6.389489666286559,7.330098838504232,5.400435606719808,4.1082564043911445,3.1525411468787228,4.464405254459738,3.5617192431218783,3.24957820820325,2.3394261546946735,1.2483734857214863,0.9966459802918097,0.41221602881110975,0.5921421529961668,-0.07822457982734266
4.026078778636987,4.939223108349775,6.023313203887303,4.854571499536419,4.505692459564035,5.786422769942893,5.425173032663036,8.77079830089717,9.927744871457941,10.935805993227913,12.973565746337593,10.432263967634045,11.059367461370277,11.98015054680432,8.507078386726107,11.606585254590815,3.276406171877499,7.58473835274679,9.776965290317623,6.173419015455353,8.921598947002941,7.454879302156372,7.4483835224857815,7.03648181865963,5.5078989921231996,4.436613232228298,3.8761036958805923,2.926363770666141,4.0308268094757596,2.3727984780389924,2.0613005774991393,2.502252105261593,0.7846779301471606,-0.41256570891829175
3.126218278659343,4.270377421702487,5.451204222470852,6.383734189068116,6.849315268419998,7.2028736206498385,9.55475628440766,11.332646516575803,9.575750795589599,13.282301202643355,9.47391752728997,9.405010019327621,13.946769356956262,15.311490552930444,17.127971841489742,7.058239061020953,10.80000124770356,11.599582501450387,4.670761142866905,7.75169349037305,5.319501921807902,5.804605953884423,6.908564144493836,7.41214781061172,7.399730210977736,6.388571250709203,6.48407524696957,5.556664698576665,3.685467278527112,5.741516836897788,2.3550435929419296,1.9675962729590855,1.0231775966533616,-0.8753538063088788
2.6678768471252696,3.6642374548491476,4.31037042193439,5.156828604989405,6.075383801494507,8.009496158128949,9.9880689682059,12.193244189100831,12.156881828300497,10.245938034974127,7.341618501297015,9.980759670913978,13.183580208902807,17.495066103352222,11.27045037057242,13.366185965446995,11.188958017065955,8.199401236630191,6.540225785960905,7.447280839773061,6.782701250302872,6.717903512386442,5.398249422162928,5.444791120025165,5.991324690708859,6.109768639620448,5.757707757144799,5.680323848911178,3.3082230762237765,3.1497241569302554,5.1861106517533555,1.8886643250720676,0.17210380176370885,-1.1352850024883707
1.8771422657331067,3.0070733684477062,4.311884514498378,4.770911453422399,4.7808377784991505,5.731799447542811,7.553918267477554,6.721604545767835,10.971759746186033,10.148313579255872,12.54042603504186,9.198613330097368,9.396916114585894,16.64428368977296,16.26032918237306,7.916914055834622,8.341705230437253,8.330266072662505,9.918615673058984,7.3682657503633076,7.129354583773765,6.080516558026558,3.525784019633794,5.8190677721036,5.290214573053064,5.9631945949956835,6.185207403303751,5.427194143101511,5.736549209226325,2.9969552454775483,3.0527726677536475,1.378599766672806,-0.36004389000671794,-1.8443827440715053
1.1457775133389494,2.0208389613551065,3.170907636611312,4.272903235678016,4.7833578753331,5.161066300834506,4.1176691211095635,2.795248634518289,4.307242612492744,6.974150806170917,12.009176696604413,12.415196389579704,10.354600912686164,6.408999364476886,10.850468018676787,7.772649780779467,8.148918471582908,12.193637437830894,6.594449282147491,6.859835469957337,6.495122460969889,5.777602797877809,5.970206763833147,5.184869150275007,4.507548632292416,5.32785903010343,6.035183814778666,6.652512320902949,5.65642299662142,5.468879248633575,3.0790388910617863,0.8839053255424827,-0.5438187125945609,-2.404156731065764
0.6747172217910915,1.0239335646683807,1.9818024693344864,2.611987534942199,3.7573745788784456,3.744865625976192,3.002385053641534,4.940995980152043,4.137376016378251,5.484834936723596,9.36377885581753,11.769174801525194,9.7307854579405,9.361805507017506,9.020694101546145,12.070273670200745,6.245641664918165,11.817111669668009,7.986740735586186,7.076641519879743,5.052383679654262,6.369783562582416,6.517624109140283,7.034722849635898,5.248931024069954,5.179796212831285,4.228717355051388,4.442303483294848,5.211995117450537,5.408646071533984,4.139311799890596,2.2214082930621637,-1.3445809332467156,-2.4284934936800164
0.7130877269029587,0.6287333922840976,0.7552580216610646,1.5405332147777733,2.113893115135034,2.528499295848613,1.728256705064688,-0.7955112395307004,0.6709677857776055,4.793242999106665,6.947509317239971,9.545442189693576,6.801301010723774,4.609670189834174,9.380420130450064,9.11398994811287,7.403035422451266,8.469810618189168,6.589851965570727,6.384410272026129,6.093406134493441,3.2986894819311963,5.7308702471672754,6.091226917394146,6.223778851419742,6.49336474653363,5.971255856905582,5.32597911879387,5.10003831806415,5.482021981910449,5.34857019095846,2.1060345635031203,-0.36850208008086105,-2.7817033163147755
0.008363424751664609,0.3294589919710321,0.3717732337583491,0.45295239127568804,2.4033223323326314,2.551090866676372,0.10297045150508899,4.779799605328481,4.730356386136157,7.246713151764686,4.2320785144852415,4.2147254021509815,5.702783529499263,6.794532480080071,9.562873154689868,7.046668522694403,5.696692227126838,7.440956383801189,3.6329127836604678,2.6575969660601677,7.120129807403972,6.0373176666250945,3.8722772726713823,5.587289847252073,5.992018718306423,4.558297079104129,4.040942705962616,5.955049067910528,5.411872688811362,5.2077974271798695,5.280823256916676,1.8430664281391302,-0.16203410491473075,-2.7321411572198087
-0.8265232958422352,-0.33962058208127727,0.05626550283374658,0.07950680881108184,0.1915092074375499,0.9931828792078876,3.2698897564147202,0.9009185938401458,2.115549865437281,-0.26318063326158925,5.496099142475398,7.775700283120323,2.04905160231828,4.449097570317637,7.468690615412475,6.92097389033475,4.205375457397226,5.0895245441949,4.212508044384243,4.233830192237712,2.717412713451852,5.688563263811348,2.8011555511823945,5.276152968528108,2.8544611871141523,4.611256413922966,5.762440504476086,6.50497850259195,5.3267840143037475,6.156603546422386,5.122048649683321,3.385656888886588,-0.29477977169019176,-2.0241521197414434
-0.27001353945971485,-0.7549210404983242,-0.2210114098329651,-0.0881151805086401,0.3186525367979052,0.22046127935201357,3.5082602129128633,3.069183943060267,-0.09986714128080941,1.3450726247975309,7.033717790511354,9.586753495324823,7.318704967791092,2.834604060256911,3.831524226441008,7.238083731546402,6.082101958508154,-0.26975426141442693,5.21353912858335,2.21232625759202,3.306200969872328,4.368647257972196,4.994011004749695,6.619194097337252,3.750977690394006,3.5683410253927894,5.2074476440985595,6.527847356269524,5.712979116939984,6.587857665851436,5.237953202062952,4.326118882965124,0.7742432695538993,-0.36101958316959604
-0.3923127650068017,-0.4123930014218483,-0.5594082995785868,-0.4354208237056806,-0.012086355248583987,0.9539944153002148,1.9718912658794747,-0.7178632026701796,3.750618626149243,4.93183027761264,6.187051875659165,5.628552952830072,1.6304471039923365,3.3223637215951984,4.207668980571749,6.592476022165547,5.130450063219103,3.5802963506187155,4.87565472330874,3.1510832877323423,2.726453178453376,3.329081997152315,5.052892311218978,5.480453512962246,6.576735685831325,5.006177518498187,4.344294786812708,4.634716175427557,4.779369999795001,6.342030331602898,5.200392881787952,4.904922470080539,1.5975116789957355,1.3073751334146437
-1.1230555582317912,-1.1140890636965928,-1.0681034721014868,-0.6627858953177803,-0.5339878319258569,-0.00828155396255255,1.912134580823894,0.7892668825219077,2.773414263084009,4.3259268968940034,6.2365250293544054,4.663505184873155,4.711744253700844,3.929972137189444,6.356683357112708,4.38149448634721,5.161092679154938,4.882754019571546,3.9892892656634737,4.238401669252802,4.852511279616608,2.6725042103011014,4.100451646609061,4.603056701104922,3.8307183590574385,6.649363691489494,5.188122246147376,4.170510357379839,3.665962447193126,4.591321779938153,5.8212393082423075,4.3265093772346495,2.7623586451894835,2.061186152277293
-1.5848857389392739,-0.9077347314954634,-0.9002930669374604,-0.5760786502700103,-0.08626600666913817,-0.05650652404013655,-0.05630669328171952,3.8645282456378154,3.975272631685308,4.987329912659464,6.5392362293445085,3.739686963660372,5.034682970359803,3.322555549111241,2.3038719630437567,3.6556615605586664,5.071236229964496,2.3466767594902644,2.740256272137017,5.3956252048703846,3.8309494641173227,4.517630298445851,2.860647993248953,4.6021460441539395,5.606259765253871,5.409847729782059,5.969473603334491,4.94171939375288,3.645681318769102,3.1363034274418977,3.675854677617677,3.9456829530999094,3.879836247636805,2.962872934509285
-0.2123445721208131,-0.8995373271144059,-1.1307579602102056,-0.7100844937013487,-0.5844622007849222,0.8776461862581574,-0.6301071540915181,0.7031395239760136,2.558470466585954,5.179265114788701,5.542648733844094,4.996876725451721,2.9501782260301326,2.437353174743819,1.5961134743741152,4.522954739486854,2.764139136328951,2.791513820447315,3.1603887883769004,3.7979992283622286,3.8255732983963795,4.97260251314792,4.8139928567537895,4.300284658597868,4.644108818950537,6.282139842830028,5.947605824581583,5.953884159784741,3.9461424243528462,3.182774418587643,2.947759131423681,3.5021470418794767,5.806998985665609,3.524288418906406
0.019083295624655723,0.22613359142484418,-0.6805406810367217,-0.4415413416532193,-0.662747804823676,-0.2914159024680239,0.7323170545958864,1.707008816053966,4.11827821600816,1.922836608415658,3.4068893313860036,3.381164480335588,0.9437413360073762,3.386844634397436,3.284026967303707,1.2444944241029852,1.0349951619660946,1.8502266409792507,3.06225968202751,3.648932472820611,3.33715820956408,2.874677417589961,5.213173525134572,5.371430302000723,6.038581135869116,4.6043770187886945,5.632651706923201,6.123060999016442,6.114938225183457,3.3846132251034042,3.259843821108989,3.2570405664657347,4.0245592324345765,4.8080378952414335
-0.5426355344699204,1.0669915322836216,0.09288203412443383,-0.5154612712258682,-0.45660718340500234,0.5181976382412098,0.46306598997226966,1.1244765357242712,3.924425145402798,4.666507097210285,5.189779532658979,1.7688699728903017,2.232541242372868,1.6064238533295478,2.634366363002178,1.3766727554190286,-0.1803211580211518,1.5553765802499009,1.7113805494921521,3.4977876633829217,4.40209939691143,4.891708619646989,4.35384379778217,5.037654450609638,6.456525103730278,5.541484090956732,4.761455074640191,5.2068803135611965,7.141691571254849,5.925637564814299,4.649954188456954,3.5875117205268103,4.553058509817583,5.835538717362172
-0.6319843129374038,0.5357345628703485,0.9227609841762341,-0.5151834569741157,0.03349996730235081,0.8533309494088424,1.2914279533760635,2.3115839520489243,3.9636663740340254,3.5419797438261917,-0.07309743798942105,2.346949100853329,0.8640522376117559,1.3904671463768343,0.5108204916378837,-0.11208764011403594,0.4514780449304883,7.025803925783876e-05,1.7077990976317023,2.441124129141649,5.038380049759857,5.573739323022298,4.756179742025324,5.461798929203275,5.262626681484637,6.2974807608536665,5.344430656366947,6.061312831555098,7.736988474712874,7.513882100534695,5.45778251975149,5.422166633218347,4.775362971434607,6.148642151884008
-1.041558902744324,-0.20459389830969368,0.8214939681389389,0.10495889594676677,-0.19432709270374623,0.21129775743530652,0.6321932032355355,1.767625655641475,6.119845373245438,1.7269747492319085,1.5150545787704692,2.748588670840429,1.499820053300586,1.1983362553140426,-1.6385428419157044,-1.4080089979562354,-0.8557485672414982,-1.6321565780994898,0.36560751938937125,2.3018116770382453,3.824207864752016,4.656417266310703,4.779175364526303,5.83687181829154,6.282704594291576,7.090574529917235,6.394428186441462,6.312710774456152,7.287486082514011,6.91743327852631,6.654574874019934,5.737639172099106,5.408757427668022,5.932151807133804
