script/wind150m.json
{"header": {"parameterCategory": 2, "parameterNumber": 2, "lo1": 3.000054539987559, "la1": 64.9999836372058, "dx": 0.5, "dy": 0.25, "nx": 34, "ny": 52, "refTime": "2026-04-18T02:00:00.000Z"}, "data":
[rows 0 to 23 of 52, columns 0 to 33 of 34]
-6.710679793891397,-6.237624274197666,-5.350788402160155,-3.30861307651576,-2.2735544531220953,-1.7536167784769974,-1.4255279683466584,-1.5150183620532003,-1.1905431119325365,-2.5322690874931086,-3.902702666108803,-5.212955225435173,-6.000860574396639,-6.794265006790175,-8.331710695250854,-9.31290265307513,-8.261915461636708,-7.6734584504684085,-7.918738826723929,-5.828895842318052,-6.5899186310808044,-0.007884536015952546,-5.9518059703453705,-2.814270026411024,0.3309393848576052,-2.210429731820879,-0.6579216174260273,0.8715159403385374,2.6381286004748845,2.4314645599163933,-1.1959095300787839,-3.0361594409481882,-2.470658259300061,-1.3010588551251265
-5.760973459819314,-3.799640078946004,-2.7993295174747206,-1.3666442391194682,-0.5884851117138424,0.34400495391585556,-0.9373609257696849,-0.06405740344205448,0.19381853944930935,-0.5127081592481996,-1.2426051170606034,-3.821768116414641,-4.413682901128951,-4.6598113701091615,-6.005960635954776,-8.432755174623109,-7.605653790858345,-7.371793999706553,-8.81954552682973,-5.941853728647016,-8.61136140653084,-5.253159055803401,-2.678223218089676,-4.096792616522553,-3.2268684959742013,-2.707397135105756,-1.0077587370773842,-2.7672401911256843,1.4860888770604497,6.498727556518358,2.619419505745762,-0.8315588200155873,-1.6715224371522497,-2.0647325688640747
-6.44264962559747,-4.193250060451077,-2.2307466631706605,0.31134996928526787,3.8968768841987935,4.726786024077714,3.912553243605073,4.998449118814877,0.5966557878195476,2.2446967720713538,2.5736119616270705,2.0405817352022777,-0.3573694932370305,-2.350098080424211,-3.041582416813609,-4.360838235894902,-6.311482245689028,-8.719892546127285,-7.032215898300796,-6.054022494176355,-5.795992808386545,-3.2139685530963003,-8.437660864100067,-2.362732040372757,-3.776220506451937,-2.712820936636518,-2.3468164072981277,4.413210907413256,1.1037710614479335,3.3321134220061266,5.535451587241041,3.7782446605530557,-0.7681275045296325,-1.9508449334245492
-7.591167373788544,-5.678367222854562,-2.9014153782911576,0.8996432397453867,2.329946578015674,4.205577216638512,7.878378803028742,10.330355957772484,10.085430961621812,5.560633574937769,3.7458427446535416,3.906297816626508,2.241150610173999,-0.7930561348821359,-3.31537645808929,-1.0597522341541084,-5.291899353266923,-5.836094591707022,-6.540223715191656,-6.014615851147426,-3.2819560301350656,-6.076035919735677,-3.0024170319431724,0.8524302780144654,-3.58503633640782,-2.144176493408922,0.4974197429886039,0.08554878813692525,1.5437113130076594,1.765986215727499,0.991875962501587,3.8655582650999913,0.057523967294738625,-2.687083461313855
-6.996811086985369,-6.463141460544335,-4.841901144475793,-2.262006701590727,0.04357548415498313,2.8600168246550695,6.770943495782893,8.26689084651465,11.44745204028102,11.2907769822095,8.065768784020266,7.863408919773682,2.5418009980190126,-1.2355641752453903,-4.34971340097456,-3.1543809951222177,-1.1323513833570076,-3.4080838308256687,-6.1534211318080665,-3.6600715603255067,-1.503150987392106,-1.5445392843601977,-5.087782208634529,-2.436273598341062,-2.0587805317489183,-2.1189283759151607,0.09841760850506083,-1.0971780366304866,2.2168323380371513,1.3439063227242933,1.3186667903355886,0.27504912228897305,-1.67569727254411,-3.7015932441658377
-5.222177214198302,-5.1189070028614845,-4.42865478098273,-3.152833191904332,-0.9418159575400722,1.3583307898753507,4.157945557588039,6.984932843983691,10.305659751257704,9.804730917832783,10.152458553560583,7.885348865340577,7.305988853751075,-3.2074751504626535,-2.093969416240494,-2.0493474436690695,-0.20885640305102135,-2.503483656436715,-3.2560466042441507,-5.964796074589507,-6.70616950892969,-3.7361919052769337,0.393936427770198,-2.900696174537247,-1.565282517645448,-1.1876596722165675,-1.9512119710959004,-0.5582425037112673,-0.7350312598712726,0.1096492001101544,0.1565510327568989,-1.5759576548156293,-2.5269574970933233,-4.698923041102855
-4.713406924280244,-4.5520792674600115,-5.094640092809295,-4.403384088669772,-2.106969729593603,-0.990375572961255,0.9317118775299739,5.059340893442546,7.406119188460382,7.664710520095375,6.399529205462493,6.093840942151416,2.0030010705107704,2.576834729168287,-2.4584794916388195,-0.913251232648432,-2.0372032192512437,-4.783534719004083,-2.3257095532490886,-4.353897845947202,-1.725834397993554,-1.2235528958427047,-3.422661848126301,-2.713363548855652,-2.9103157096293897,-0.7185429547261347,2.139272168723907,-1.3498366967328048,-0.3123180895726637,-0.8533614517427898,-2.5201269353340225,-3.3824558303212653,-4.708753250034965,-5.44131840718544
-4.830672216562124,-5.102590061486614,-4.271471517662628,-4.522339510798478,-2.8060885504233157,-0.3424955668331006,1.9605509958476441,2.259833022564311,3.494961926055195,3.424982312150503,1.3155569634835438,-2.3616227106192156,0.05775209663636949,0.9655467443923115,-3.223205456386686,-1.554886869402982,-3.060168700314614,-0.6162782174535139,0.2557551759561116,0.6643906054321014,-0.16517409861959054,1.046225627992317,-2.1266022162303075,-3.7893952540819917,-2.100493241279397,-0.6854898474383478,0.18313619930260716,2.279255849207974,-1.9067943692187932,-1.731243263844784,-3.799919847996249,-4.496540251794331,-6.373435052176834,-6.9102218578225205
-5.93952557843694,-5.570478004085622,-4.813358108715928,-3.8820317660892543,-3.4746043580386736,-2.9263053472004152,-2.490236546408265,-0.43202367437997313,-0.2018440298826858,1.394627388306889,-1.9766444762937825,-0.8100690580377139,1.5697708531060708,3.1692490231330455,1.2833892955333799,-3.80472247122715,-5.26485585848286,3.247752207508988,-2.8061837292019063,-0.7862194423753187,2.087802747813818,1.6121589227676623,2.827982589310479,-2.807453417945155,-2.6728805081193525,-0.12182950457466321,-0.967773563311392,-0.014369584603081196,-0.40043242849755517,-3.6518606990386533,-5.688572896573618,-5.905570155163576,-6.901204539899192,-7.743866388979532
-5.50049205457775,-5.6002989397635075,-5.735208157059975,-5.464781069625022,-4.457054819901603,-4.645229240942267,-2.1868392775637187,-2.7787502443504843,-4.97661805180837,-1.9006541202307687,-2.712532250973601,-0.43595196315302337,2.7347597642139148,3.566419029288974,-3.1099126719162755,1.915131671407259,0.7781875338572376,-2.442325639985472,-0.8573458523167169,0.11863089292168572,1.478241487883318,1.573472569817474,0.9561805693996099,1.5360359973651887,-3.2450551561113326,-0.5724380570780377,-0.3373051323770391,-1.2402036446256925,-2.2198270232394703,-3.318279353314062,-4.558803557947687,-7.423765994554639,-7.918277647530833,-7.061626161939395
-4.561823414679815,-5.017051640316317,-6.79972495259373,-6.069054140672138,-5.2017151421060355,-4.556460769597604,-1.9556088796576037,-3.9045468229834897,-1.439628908961371,0.048708110649998686,0.5861262305421305,-5.417808372299023,2.4201412295131504,6.573663397223582,4.093034933873785,-1.1591666549942508,1.354403579044361,-1.2987879285378685,0.41879694899271946,0.9756290868910366,0.3562514092909402,-1.6374339648750997,3.303486641195215,-2.1135734315317305,-2.0376271211283665,-1.7145128221749233,-1.1776205541439193,-2.6554283756683743,-2.388358864695437,-4.299365501733443,-6.131862687911138,-7.226981370424866,-6.5650390437641795,-5.78087228380143
-3.4649298302603753,-5.027419231534192,-6.493304690206431,-5.79439925443312,-4.158059965541205,-5.581688891329929,-4.643699935258837,-3.4796187668685934,-0.310333425832925,-4.782911480425269,-0.6056704132291566,-1.0793126776692497,-4.016816164563069,-0.4456296065659152,1.4547497017956856,-1.5276571760727364,-0.7992510772133501,2.965176013060947,1.382395106852271,0.24588755420241187,1.9476842275326596,1.9344090546888728,-3.2007762669995747,2.1661564139015597,-2.078833887187512,-2.156127571067922,-2.0631331332327156,-2.431401205335674,-2.2350713851612163,-2.6200225330484144,-4.71965092794649,-5.585509225823102,-6.126705274470515,-5.551856736030055
-3.4955815306154667,-4.7185074982284165,-7.500319910558048,-6.930543203539288,-3.622070078719954,-5.040814812656983,-1.7418478783510798,-2.215338311238301,-4.596651927468459,-5.088365385595111,-2.087353789031083,-2.953595674265679,-0.6208892603266544,3.124704485447556,-2.2071533913514654,4.368582256756782,-0.8057305507323484,-0.44954323537141255,-1.0121567322556526,-2.1837678612654865,-1.0638560429697288,1.8922986343902157,1.2356209738642583,-2.166544107013999,-0.7875604705366859,-2.618049488627942,-1.5476524655535566,-2.210721740103109,-1.306001472786573,-2.532725561053198,-4.131379552726095,-4.5488657318955905,-4.7095553390754485,-4.637908840848525
-2.7346363915533183,-3.8395396794588144,-7.758502608000183,-8.242307363754534,-6.018673881286604,-7.328052694306187,-2.483331968341806,-4.124192851465825,-10.19746557075711,-2.072858882788816,0.5517632081987165,5.604702073248506,-0.1997689829094297,-4.135826115221545,0.7478258914969117,1.0903830803698347,0.7234609781135286,-1.363079336499746,-0.25646141200991973,-0.40064671730626333,-1.932475663633022,1.32081368775141,-0.8357588129303888,3.0456606837460067,-0.8712927389874419,-1.3717983014180732,-2.7774747631041374,-1.5319077433021935,-1.0861794154272908,-2.2277472276259873,-3.996876641088438,-4.697192663222709,-4.437776460734004,-5.401443733525432
-2.2084597660303893,-5.041306879555523,-6.848962742980676,-7.756588206113724,-6.213638292418736,-9.489087776947423,-5.079277617656197,-6.775986130959088,-2.9295248585677625,-1.2819507597543793,-2.5011356022085947,1.5320554244929212,2.6442395825180403,2.825021561433031,0.6586768582617251,1.4339194020409447,-0.9428678970306941,-1.1687050637667604,0.11287687472281005,-1.9955537153773855,-2.4136612444302887,-4.337872530529627,-1.7375241652806717,0.02249388760756593,-0.08145191503505983,-1.795672875620273,-2.5977543901087192,-2.160464019907996,-0.5981219432995775,-1.9857799980505881,-2.795164773196742,-4.5583894738896635,-4.056761599250438,-4.976907719389718
-2.731392459061519,-3.7678177238734314,-6.206292684244835,-6.7878033930780575,-6.498233101977206,-7.356786644218019,-5.917849044369174,1.5420312101215796,-2.170441311549974,-4.313544223183227,-6.0624935941204905,-0.7374340069640893,-2.1119067508009173,1.7600684849046786,-2.099415284625529,0.5235490436893437,1.7752557185431361,-1.0532616356535922,-1.2088847184936646,-2.3316973259061875,1.2672990269861042,-0.6050117798757146,-3.1381239747724408,-1.7770723371336974,-1.4344761168131952,-1.86262331312388,-3.7432301583536027,0.023740873234311326,-0.232829516198171,-1.0179130815046877,-1.7857763074989934,-5.0902524107700495,-5.119434008208174,-5.399935350448576
-2.489705292460055,-3.9557216179340102,-5.868272291395951,-7.400007892389489,-7.114102905344266,-7.464220576139225,-7.704403764329303,-4.16052989077243,-1.1619469882496753,-2.0620048967760622,-5.179443063666981,1.9732254274156145,0.26500940718131955,-1.7043736868618171,-1.1849874195282324,-2.8742634983829305,0.3894198067326067,-0.4967483433886242,-2.0697988838738177,-0.7807526215039852,-0.3715752982840144,2.242722950152695,0.5725231142034165,-2.5768691689987286,-1.2563894450885378,-1.0901568936564607,-2.950613265274606,-2.407052112685722,-0.6731796638043243,0.22061050442790675,-1.3997768800039543,-3.5038068225998082,-5.835252308947047,-5.836921831663507
-1.5707401355404116,-3.471705552834167,-5.055577689655882,-7.402887431729282,-6.009433151021767,-6.810514636815181,-6.410252928476296,-2.788801424914674,-2.19216199884148,-3.4342814778054342,-5.416947361369278,-1.8507301631718847,-1.711694086136785,-0.09697485377457464,1.5195299241296836,3.3222478849239545,-1.1240750684321492,0.7767354553419659,-0.6260347502885529,-2.322788063030759,-0.9783127882493774,-0.1974183609117532,0.9432048263479702,2.096892910079036,-2.0746987782835147,-1.7625442722068743,-3.3784748514752807,-2.404315048371544,0.23665296696814025,1.0039696049474884,0.9639751143466787,-1.8606384130892493,-2.2214749977515824,-4.580141916003924
-3.053027435585605,-3.6341676925225213,-3.514902909538533,-7.616521610868817,-6.709707811169299,-6.545182802435513,-2.032206699607455,-6.285115797953202,-8.815313974249442,-2.2722291890713824,-1.4853555431709153,-3.047482485796457,-1.3893349482969357,0.04755329104005706,0.32123069072882443,0.7096396449689879,0.3560464667443752,-0.06734556282654908,-0.37411074665355365,-1.9078082407198678,-0.9111132788632219,1.0250288594054264,-0.1086939487973662,-1.0910917402542195,-0.8359552890397156,-2.0259890133821266,-2.0433500171646535,-2.1655761497710846,-1.2641209708501049,0.4604515526098716,1.6295091664117798,2.696151277134583,1.7284921863257734,0.6472544079092143
-3.7120317896255446,-2.7074713428036925,-4.47084940496147,-6.189194760574868,-6.636216466294634,-5.028787521731144,0.47579924058243234,-3.987979646805906,-3.1493856040242454,-2.4074152244241125,-2.7280819590049306,-1.8390744336450768,-1.83317126737857,3.49851582887048,1.2688556511184923,2.397898348510092,0.7533627810141569,0.40077202889829733,-0.7562160626421323,-1.0382059742612952,-0.6673875283159986,-0.6126531142820978,0.2934902343456619,-1.3739535305350277,-1.5543341782324005,-2.123274234125061,-2.2756969305628614,-2.38245027488915,-1.281282264092014,-0.6183960620744943,0.8877233845006708,2.0507712245799183,1.9855408141529818,2.844707356378029
-3.3756479346046917,-3.0060834223940054,-4.555483356909336,-6.446015580595752,-6.523644185680112,-5.402440957493278,-10.005886001121612,-2.579609694114672,-3.4806141370955337,-2.7595812222574527,-2.056220397949747,-1.543849592523603,0.5637744221713047,0.27410163264007936,0.30630465580547384,0.3508695677897309,1.638012164154846,-0.5963660936233348,-1.7496674105074232,-1.1400496848020474,-1.5674156007408167,-2.006537928889608,-2.574354569300391,-2.8238631254241175,-0.14774875036760712,-2.2639180485868255,-3.3506000758891012,-3.021102814248482,-1.5253829131616592,-0.5665065667317396,-0.18092283259888195,1.8826415004180044,2.7536765069083695,3.2925605465306598
-3.4019732766558244,-2.9581451749916283,-3.9654097247067086,-6.997190019050505,-7.309370541438054,-6.257409988638762,-7.04347086281306,-7.296125743940719,-5.022395309319402,-4.584958558918184,-0.8916187924442456,-1.6946141093830125,-2.15762134225015,0.31539810267708396,-0.7022054663714415,-0.2448462687931005,0.13815151087053235,-1.051715485086806,-2.8733454035928823,-2.5665126024537392,-1.527861623904501,-1.9125547420579128,-2.281475907955297,-4.76275654953223,-3.1750379198238283,-3.637523956002446,-3.0456924743205644,-2.6122482269698444,-2.1227796329616258,-1.333059201067862,-0.3454167160266135,0.8081914461674932,1.8397138455854767,1.9899938130113874
-3.8163838531974434,-3.412514884143086,-3.916477653748854,-8.267588656644465,-6.974396419585559,-6.3233469289102535,-6.415109300481287,-4.379840309252068,-3.1212182709948424,-4.118812481858851,-2.96837987505497,-3.769342195034043,-0.7517673862240232,-0.6770195788068224,2.189514439897273,-0.03299426274376834,-0.680635344182938,-2.5686752776460526,-2.421144999534084,-3.2088748495001305,-0.45862215249444205,-2.523748597343598,-3.0981763580988972,-3.106343763035475,-3.7835819117033402,-4.9259958154119445,-4.678892178030973,-3.4706504122703214,-2.573942606443054,-1.3761453707576856,-0.49482380660155234,0.3335136098086361,1.2164252241805606,2.1114594234512687
-3.493645625629342,-1.5203621020030462,-3.2450356856460987,-5.666069696822958,-6.331001356944051,-7.401437549161922,-5.091610152601049,-8.65279520819444,-3.5789142726417937,-2.8516322369290874,-0.7107944246591659,-0.711483847406101,-2.4763403916330113,-1.9988930326521819,1.3785725164714957,0.5516264393198648,-0.8334576005971029,-3.010086744131104,-3.3757314887452794,-2.7512628097043352,-1.048776511224702,-2.5111289764860585,-2.2840707529352704,-2.90411775636594,-3.504416677230694,-4.754986163298437,-4.641220300816308,-3.4362623947670943,-3.1760859293087704,-1.8039620788430926,-0.5148498792792009,0.7260704626557453,1.4840944794084725,0.9691884737704862
