script/wind10m.json
{"header": {"parameterCategory": 2, "parameterNumber": 3, "lo1": 3.000054539987559, "la1": 64.9999836372058, "dx": 0.5, "dy": 0.25, "nx": 34, "ny": 52, "refTime": "2025-09-04T00:00:00.000Z"}, "data":
[rows 0 to 24 of 52, columns 0 to 33 of 34]
-0.9962174510606291,-1.1387833892038424,-0.9311581277689237,-1.2831222413490455,-1.5863697246365802,-1.4107147647048377,-1.4582112507021563,-1.8927628782658654,-2.0593877823689324,-1.9222943002097435,-1.9286346361051885,-1.7332473375063755,-1.375891055043083,-0.6913581605772309,-0.0604158666305737,1.704215946888933,2.4885295155789606,3.850040512447337,2.394143921572981,8.05368235335903,2.4344620578516722,0.0857071114955481,0.826579654738551,4.018025146518736,1.6156842200711752,-0.8273236655462127,0.8237949700299743,1.4237215614147167,0.9608914567398824,0.4180050298211166,0.9578968446904097,0.9081726940836289,1.5352438682175338,0.9803551087082881
-1.2121367778470904,-1.2578508952255871,-1.8528232104679974,-1.9072262280354955,-1.6625811558701478,-1.935537615187171,-1.9773826506515906,-2.1731119096948768,-1.8819219092376798,-1.548145514498484,-1.4062069989841404,-0.8330894089042504,-0.12232192445859033,0.8237262009336288,1.9735254673809595,3.792816624043888,5.1756720868046004,2.0442372460464955,2.728837235173382,0.8878946163547502,3.080043154086169,2.048877558430239,0.3391249718621875,2.402912797996043,0.04406335078173262,0.1357586721830873,0.6065249889323762,0.9583487497008824,1.2593214826487964,0.6879931799691149,0.48176905314258295,0.29760492803564936,-0.02644951325942404,1.6073640019407998
-1.9430139662046,-2.302797006296995,-2.3702462470380827,-2.5677204823117643,-2.5072777254087764,-2.069215385119845,-2.1353366963859557,-1.6051415311392598,-1.357246831624402,-1.113784150922897,0.029787329577262555,0.5503473145112256,1.4924173627722988,2.5516293796083134,5.018996451875933,5.23995197721713,2.529211715425897,1.860939334710445,-1.4145698225103607,0.40216279746980005,-1.2990372198159712,1.6099153892617641,1.2904557107277757,2.912146289824398,1.1991806632417894,0.5387424561788906,0.7048897133492814,0.9838535886877904,1.0746980416127214,1.8769129924665422,2.006490116214481,1.6846229510616888,1.4276577899056628,1.6829500395511514
-2.3664524614016673,-2.2314750780150137,-2.267215812468252,-2.149083020857989,-1.5626465295371175,-1.540307188805126,-1.231482769475407,-0.598351227612955,-0.19681352094477383,0.7877958967538056,2.650017087960548,4.769888489597341,7.351601164753403,7.861281832258713,5.3093129919938695,4.355207383230306,0.050748241654875056,3.0001939235932,2.59643664531981,2.1850318483799107,4.3912302621502635,3.0321503591720473,3.631668234316171,-0.732572718854724,0.4096965599846168,1.1467869541083577,0.8053626529405854,1.627949886297813,1.4688724998418183,0.8032161883357903,0.641321482597424,2.001164294394991,1.4962926399789256,1.1086214071993294
-1.319258086685387,-1.2460216989740567,-1.1751814853652265,-1.15735699386822,-0.623589071210269,-0.5588560659436878,-0.3166820155862279,0.3793082328473985,1.2635217574535036,2.2470252441732135,4.15428042045083,6.503885817793849,5.883365773284265,3.2363616196269627,2.581158288016213,4.694827626238544,1.797282909147103,-0.23339024630251123,2.3320266851394305,3.1759850748140215,7.408273749336062,4.79035102457046,0.85548935375646,2.051678044500195,0.7113041354266751,0.6949195784640615,1.0105489001178742,1.2508005899790937,1.4499226075064926,1.9633547591651968,0.9460357196799069,1.5629703936957329,0.7799021819255897,1.0595634691776923
-0.9614168917884084,-0.5212986926509692,-0.3300403118900415,-0.8691067053723729,-0.4447515188802839,-0.18183102286355293,0.13019250616744615,1.0754533093751004,1.9932645914307865,2.3411931667174968,2.5999293193557604,3.2444331192318487,3.832301682120046,7.111962774063815,2.472082578622328,2.160424796525059,-2.2044656572502497,1.6736010090311648,4.417544245789053,3.9390227179987303,1.0384451692966388,1.8240637676729166,2.609279032125077,1.134607532877427,0.0001115647969263429,1.6499425524217093,1.1086032664307544,0.8216282009747454,0.5548369240436046,1.1275995007901607,0.9726773909527181,1.1995123565155479,1.153782669692148,1.10259978529075
-0.37782788932671135,-0.4735497272936181,-0.18350669191301194,-0.31013146154759386,0.18250896927748614,0.41396268406406017,1.216491569751348,1.0935508701040395,1.5427036065252338,0.8882103083759493,1.5668329748338323,1.617664305490806,2.023410462201362,3.800774285868778,1.2170236891703006,-1.224712603635638,0.16725924485268817,4.309137385520998,5.295382126224556,2.5513965075743985,0.7932848781545608,2.2054341499741708,1.6509498070398494,2.4327523046635187,2.7242553308598136,1.9947728072450106,2.177330674360435,1.52837751325412,1.8828030371470152,2.0369573131387386,0.6894679756979717,0.07952284074135411,0.3310326863474066,0.04418566282011977
-0.17565314044463823,-0.5766008782849268,-0.4629257870062533,0.13186200051904481,0.5853488115698975,1.046552824286124,2.0296349639555458,1.2781896998632136,1.0141308582998572,-0.7808844064350796,-0.9621699797916171,3.4141818929780037,-2.0845502084602807,0.508537032323057,1.3670244583675877,2.88692956168603,2.2077397581496827,6.4867759286841835,5.6914844677634635,4.734314419548234,3.528296345438913,1.3978940815758425,1.4408213055767793,2.046944035291026,2.0464942140886966,1.6881870347349388,1.1719073687765205,2.4766803938089703,-0.18961015455171906,-0.046248919402855304,1.9814720479287993,0.2466264838472251,-0.39994759026355875,3.3735282036264653
-0.2640657526447826,-0.28715572316089555,-0.004051391728761226,0.5201101474524615,1.4464537200238856,0.26676714485626263,-0.8899673962338392,-1.744554101949495,-2.9287361433704016,1.476604052587285,1.315316465805922,-1.240209158338129,-0.06861436435976837,7.354380615463333,8.881089686895875,2.4772360239612374,6.035721399486847,7.098511712877756,6.139440688423282,5.269598099706385,9.72014187474691,5.436489084186475,3.1554540933138187,2.0763331444194644,2.155817417736962,1.864529518262755,1.7880404581440388,0.8593955870928491,1.997569803952786,1.875960945505598,-0.03830253803199547,0.634825874913975,5.157422448233759,5.851741539276625
-0.5029790611424083,0.41654674699752553,1.8026325676180328,0.6264047006857459,-1.0535733506855836,-2.2185310125527535,-2.718287724058598,-3.419167590185686,1.6166655580798812,-2.508928317179091,-2.157075196232514,5.564244256855185,8.456182324348026,8.386244527221262,5.481137535386091,14.261215477842004,4.325944625948791,6.400948522646157,4.721319981314025,3.0828076179881956,4.13479574349805,2.5931455023861005,0.06796135130927301,2.4460669097410594,1.7610463493033937,2.033061159694685,2.4975853838923725,1.8551863145290801,1.4889740894968448,-0.2654347720912877,2.211005440175273,5.205265326854705,6.096856827633094,6.175486264637116
0.6078385565294523,1.6709392237088097,0.42321154541240524,-1.6880880921545027,-2.259939562015573,-2.5739843741783117,0.5448039452318109,-1.5220270802594174,6.66510673681631,2.655612514235437,9.813552161864942,11.604226762154209,2.775032212894409,8.708480414446795,8.830088133597865,8.955508279411532,3.7208723696327497,2.8094817996569135,6.82620183688516,2.9875393185833676,2.0391279974782286,0.7655322980958051,4.0044638764213465,1.5052077812817686,2.4550257309144805,-0.22951134759021735,-0.46686172639279244,2.1449995218837543,1.149133837747288,0.9343831473885762,4.994272851907281,6.289196856812585,6.296952831382142,6.098116608116117
1.0237730169982706,1.8210358789356742,-0.7024821727887303,-2.1019022575031494,-2.0951732404381276,0.38521592876743616,7.170202049708631,4.036529820450491,1.9833468179861158,11.456815856271874,1.2047349203151985,7.261169936142574,9.316462048637195,3.789077296719373,9.281652199570633,4.0013182102942055,7.253377684070703,10.285268287389894,7.58175189140139,4.566181234701933,4.737625569830549,1.882953939413435,1.833494955039156,3.4220630989022127,2.2238656842687563,1.0030554836722287,2.0337634553455075,2.165107410553743,1.7014843205950736,2.292480049048409,6.640079034018832,7.084854387354207,6.39818251680803,6.181723102470361
3.9756120261946095,4.505583498227625,4.739065511050155,8.18777381523334,4.460439687241565,2.37442442810937,7.546742570253492,2.483811263712108,9.230965136613216,4.765808820821045,3.7734529879887737,12.57309927342812,11.203228985368636,13.716987452703306,9.003109845689968,9.393717751679358,5.3830011115746705,3.7118410759522633,3.781230470132046,2.4073726792309182,3.504877829799322,2.72570022825752,2.502944144860009,2.081612411527804,1.760298768747434,0.8450477395308087,1.4511365738716813,1.8607943882193794,0.08242562377698737,4.650537450135028,6.592706066597051,6.5318892426787825,6.253306176411575,6.799849782803727
10.807337942343146,11.991563632745942,16.211676092981314,12.331342204927045,6.655428272074032,15.11217009998047,11.313660832382531,4.227217184852716,15.551190631499827,6.883487654528184,11.331524612655477,9.582853351070945,2.674213012542308,1.7287073084211322,8.363180552629187,3.5005039275032233,6.135269925823445,3.6262128033281753,7.709377834713575,2.7321292286599177,2.191488247013407,5.258477316809323,3.282910114404539,3.0076569058530467,1.4409583489401514,2.2486644342064537,1.2080118799964832,2.6402200559202407,1.70869623408298,4.260693695833286,6.660772762815177,6.751408948610813,6.9575274767645645,6.795167237579976
12.670899337846476,13.82226208757588,15.415968279035107,16.595589708552914,9.344863423738017,4.98551783318128,1.4389089800736454,12.591237766266296,3.899542687633553,-0.0332968424134245,4.7667501669848305,3.6777688860173905,9.872992787968077,4.3917390515295995,5.686937588567817,7.118569045502966,4.734509869943939,4.1040889575184245,3.639379055885989,3.732208142350698,2.23953793877714,3.0719557732300675,2.74173775462737,3.048873708505837,1.4607140600018715,1.8474484813411625,0.9493219636651465,2.5620311655575123,1.0488639767951768,4.898379225086802,6.371150723904359,6.7317460491202095,6.343817210459017,6.425156390714108
12.306861014890373,13.401448894214017,15.050549066168966,16.35890111950647,6.766417774594209,3.128911096853822,7.329255355590426,2.048363544738502,0.6118475030203517,1.5119463905365178,1.872744394585461,6.031239257343451,4.883454189852257,6.071720880455472,2.559466439227681,6.685682455308644,6.986622150445196,3.128833846297395,3.3940953505042897,2.0386523965674708,4.851716287631904,3.4923129766017533,0.4714509366857411,1.8388922964252243,1.8094365445990446,2.050844068693303,3.251712514959551,0.21063244801863018,1.6822445542460984,6.319429699045352,6.699377041822623,6.5866327304334,6.215743931754418,6.129195162447736
11.201190217737844,12.082152373019133,13.473587810091782,14.724294987608829,7.344498934616479,5.0107286007549545,9.598629707831465,6.099463619136408,4.136488220571275,6.067069941754288,6.0097308618055365,8.457582627300152,2.0454487841471383,3.258775529729413,2.2764277884160156,3.5846410858163624,5.027808613450529,3.658791345641858,4.796221845849287,3.8116591849857118,2.615116159205132,3.6602812099943365,2.493530509853449,2.860518535026674,2.22676895486919,2.4845544392117955,2.6839722760790026,1.8092384078653434,1.6076838738509107,6.575641260737028,7.013832419895782,6.646645626343091,6.275543824607588,6.406570573216479
10.168630388654917,10.657857455870284,11.559766288055991,12.248235052407445,5.218181579916079,2.7032741334053796,7.152984845002597,3.0120847931518666,8.861542263956396,8.233747050412685,4.096764903696559,3.4609102425138976,3.1470275987570733,3.261816625961141,2.8531652107424867,2.7770988346743644,8.024528462507533,3.8949779005219214,3.877181537777418,3.6677584493028164,3.9247666359347466,1.6671161772325453,2.071066994104815,3.4983664373287486,2.6811904478497266,0.6677388037685628,0.8895501133548629,-0.26688852364222554,1.6269611019469132,5.475979130758967,6.541879816050866,5.6215502922336595,6.601151423873936,6.9082244417697
9.458481574827848,9.814138360950006,11.233505984892659,11.713289881000408,5.185060047943376,1.9227743803234387,8.600394820191644,2.548341551123786,2.871150721896151,4.3791846409302595,2.5074140338607216,3.080676773342322,3.2352842362152594,4.775996596765045,4.73946705822993,5.3557099545323865,3.9898591011199924,3.9874037834403167,5.518814017568803,3.8971756938191127,2.411320257178664,3.479320897504054,2.546904378503187,1.753210060005046,2.6912390883697195,1.1828031918395263,2.1159111536089448,1.91007774104873,1.9465631411495419,2.2463937641520095,3.0679855789021144,5.039789142234163,7.605871656097508,6.594917753161996
8.501147348201975,9.158297275180443,10.006222854714183,11.047569752103236,4.431853041676924,1.9616321512065438,-1.5808425853097707,10.729022430912,8.642055694150603,4.301861924454965,4.672316070119158,5.6617217728445794,3.7844808664322276,6.939859754397303,3.6306429515846523,5.333477564534278,4.420333543985147,3.501668773495796,4.1577560953641965,3.0960108974094513,2.8734658297401037,2.340857827608194,3.0531382565835203,2.9066506108649617,2.2037310216361172,2.3160214440536553,1.9812251717936558,1.817599966379027,2.0238158924873826,1.9205609151073633,2.2541562105948327,2.292252412413246,6.6067121340509445,3.221800260820891
8.741931145316439,9.25883256763188,10.466990035375241,9.932398064654954,6.147143902897465,3.5189558299903316,5.0576475097193585,5.388593974642976,7.78544885162027,7.599146766083339,6.505326366294638,5.228493289218881,3.6132162814072424,4.278536127649916,3.7908044978143858,4.897877042928196,5.709135881385858,3.890291356066711,3.351633991774205,4.085847574553453,3.0235384224925315,2.666798177456043,2.7931272186926592,1.9345069162023052,3.284249641147153,3.015996450220987,2.34541944418066,2.3778804331083796,2.1781219303284494,2.6802146874537645,2.7759993031119268,2.0585701958646156,5.066715432158422,6.817528312058453
9.619200801334385,10.492367345414708,10.04977168201607,11.401114671613408,10.07133358186183,3.809516432643395,1.430371507343068,1.1048996636464747,4.794517107857803,0.6491541337453316,6.6643786080116225,6.925386822761165,3.537386759016784,3.4693117058648473,2.8903492267440014,7.428214189843608,4.153239647277622,4.604970960929719,3.3421073500363936,3.35420165289189,3.2247489512861875,3.261658453965545,2.661040999086552,2.611808136182917,1.8966492731578484,1.6973887249103934,2.083955701468696,2.2052176255313984,2.4724745122186422,3.017269971783263,2.1014942733266766,2.5919436723244953,2.6907388462131423,5.93234108058835
9.283675851807168,8.95315210976725,10.65875947031915,10.634051326907047,11.294104663404713,4.1526644468444776,2.905396699976604,3.2561759463130344,5.1867214383990845,6.542249613107784,1.7689555724648904,3.285034154939963,5.6977237315587335,5.124312829923493,4.7571243037332,12.55153042937055,3.7889642989911336,3.72444822198771,3.698193798042995,4.492719049908051,2.8837143353161254,2.4926942852559915,2.5975833467357257,2.5137362180883582,2.9447107160857016,2.7850485524346698,2.8615636194279355,5.304420918308642,2.8064218398070264,3.6940761318851254,3.09001310290251,3.4129026565243574,6.35342697226999,5.816593871740554
8.65104579415322,7.509714475400106,9.534827084261009,9.991544075749387,11.929062737843836,4.739077502349141,1.6483501468706574,7.109755605970841,7.577555569114673,2.715153645922014,2.340515869011372,3.5985544967109444,4.33739027933797,3.144667012589687,4.485455872309733,12.989889230177075,4.668896782102267,3.868518894894629,3.1911015109932164,2.9027509061366854,2.7372602281886085,8.997666870438858,5.041924701896122,2.49716213410817,2.581149888687205,3.164952871223519,6.1471532280114305,3.0656326736453305,2.3297273695092704,3.121139081749632,3.6494203594323666,2.843995837941682,6.5752533814399134,4.9136146031702
7.812909555945413,8.196993691448034,8.392706313242442,11.814345693897538,12.085032916371315,11.304516995781915,0.9826749854101829,14.74687351008674,8.877405493590848,4.353235335998905,4.193833527927538,3.4782286201686863,3.7791752057286137,5.476666755365545,7.246944489059946,14.095544205261584,8.486495242206429,3.3526454530650724,2.8030695042883482,2.858266560282819,9.524006758417961,10.520961032751595,3.5773014257577036,2.7545325562775553,2.726982696076875,3.021189371820587,3.0538099078262553,2.474616762648718,2.541641488400876,3.4843461382103804,2.8858221073643713,7.763058047267838,8.013613253462296,6.293129675373152
