script/wind10m.json
{"header": {"parameterCategory": 2, "parameterNumber": 3, "lo1": 3.000054539987559, "la1": 64.9999836372058, "dx": 0.5, "dy": 0.25, "nx": 34, "ny": 52, "refTime": "2025-04-17T18:00:00.000Z"}, "data":
[rows 0 to 23 of 52, columns 0 to 33 of 34]
9.305178987051377,9.200448818870338,9.69373430994046,10.305245722916341,8.990158929354376,8.327392306954312,6.767874360403076,5.883536479293977,4.670720932112682,4.133211171208421,3.075605371477368,2.3549279903118,0.48123409955512453,-1.0401941465887752,-2.1911954185550067,-3.393746318347795,-3.5844327510091043,-2.6087703419115535,-2.2558567834826997,0.03746232823837757,0.3928010231842097,0.41122375449373705,0.37014554479758555,3.0515942793222894,3.08069840404624,-0.12296685654217734,0.8391005429064827,2.1967216784749355,1.1564417578691264,1.3920044758551455,2.0978768466980173,1.800581863686236,1.7950545302923175,1.7544926149870992
10.503526743677456,11.310472549857709,10.34198427926159,11.1128442216303,10.01849680195973,9.337006343187285,7.222226250630103,6.4993076470309745,5.537974541683993,4.731479324374767,3.3685543110270784,1.5523893881710862,0.4095642459435052,-1.0233874194681032,-3.143753938728805,-4.13954738832829,-4.5406156484596325,-2.1686275187816935,-0.7843459226145016,3.964811884327067,1.5061776092468633,0.7428407524911623,-0.7981559701253109,0.13694369449766283,-0.7963904758840232,-0.9920725543585515,0.924287679184871,0.616401276627162,2.193162586093851,2.118057893951377,1.9576526434015424,2.2540895137890136,2.0737484497664878,2.4509406950827204
11.008959055015323,12.10261201781464,11.851826632048025,11.210699915889599,11.35020945426522,9.018562849957236,7.418659431808419,8.148172917729335,5.871235251605302,4.017207756734351,2.799897027993542,1.2288450847610835,0.17671446621840187,-1.8430737452332728,-3.4371692326582193,-5.7182664134122,-2.0993060142662365,-2.347458651720278,-2.3123462486646584,-0.8187202933519886,-1.2980392647396766,1.1401112350430633,1.1880323540443831,3.2420944590676317,1.0802746452283118,0.7834197958785524,0.6638316151101321,2.0150884741838104,1.8993876557824052,2.0857007633382696,2.2608044114678725,2.5973237836367176,2.34196757264754,2.6240755557497675
11.497016872271825,11.930781554591894,11.43685574881122,11.073535632585976,11.389750870924551,9.271840099644532,9.401609887969826,8.382452806195406,6.60131755298463,4.977656581882952,1.9795748491836886,0.4680622208834393,-2.039500016676166,-2.8137096582134475,-3.9104015004098174,-4.133582600270974,-2.820769860410614,-2.4253624784880476,-0.6627263198439369,-0.026823494249915526,7.77147925857073,1.950194286837328,3.285846095554176,-0.3716513553054419,0.5380810481277762,0.9961113023444899,2.0905105430736532,2.030259344115773,2.399744017323255,2.091268690596549,1.8026193487701117,2.0958225992673953,2.255409465731519,1.939997988949826
12.905423053873514,12.86065024335991,12.638276898630071,11.800002332561949,11.458253563918662,8.96970821478885,9.74271395656511,7.682773984373996,6.259843439882428,4.496891598625867,3.27561944645998,0.22493499582118243,-2.3987844014721422,-4.779371502656133,-3.49251791288817,-2.500181296513852,-2.2804790068801526,-1.979468034522326,2.4020072025522023,5.741726822651817,7.169959953908106,4.203173027342545,0.3940840505485589,0.5522246941906768,1.5810240652262053,2.1322602479803963,2.0724531786014286,2.338066400726463,2.529630311615014,2.0256435699235626,1.6430376220155702,2.2289457031405133,1.632336880365972,1.8429010619165398
13.031191399405554,13.419756464528852,13.336008256959614,12.508470553007257,11.820787686297955,9.42043657679674,8.115916883389852,7.075944152175568,6.077060345256073,4.419963949157793,3.2632052405057146,1.3553612990335284,-3.471869802140524,-6.595746572378959,-4.41100194513606,-2.2564586236902238,-3.7075129407797522,0.408863527713746,6.063480812959427,2.8277987645123783,0.7218566261597226,-0.24996998506840595,2.7848453620813203,1.806413284349812,1.8380235110217733,1.5091014420405493,1.8247921899176986,2.1498389995656537,2.235741384349733,1.666751701358724,1.7339878285248485,2.114929995660747,2.0587382152959304,1.760965039353181
12.632581115563978,13.810214328287515,13.727702488838817,13.295375827688455,12.068311470100417,9.009717427961549,4.909469956184901,6.863056489820773,5.250452112953477,3.4890661947854036,1.5053055671035886,0.98787298006915,0.6569068444818109,-4.347516117369212,-3.9327897095665936,2.50323920103301,0.9911318943505826,4.042450698502102,3.1599390659378948,1.5624070502620289,1.8552197097777121,1.2263884293699394,2.0393103047473122,1.872659582642453,2.5164616358025027,1.6671783603555643,1.9132548638834412,1.6461507056914368,1.9940627423503003,1.9830751613242195,1.5533688267807768,1.2741833388257713,1.5801652071524346,2.9099857877742474
12.738329939216218,13.559783519787242,13.380401547502002,13.15112388532633,12.022777885449075,9.482929213215526,4.387968597651209,7.771117136140588,4.1273238647992,2.2468940113070097,1.9011484785681092,0.5274532035613502,-0.29240412407914973,-4.837929845986963,-0.36551036041806406,-0.05332842295982245,0.010973493262420345,4.945637888185306,5.8279046025535735,2.027352228159565,3.8403169019400405,1.404983344306756,2.0087007921047495,2.8749463060120553,1.6691011987079898,1.4542051469402875,1.7783086920296132,2.1442520476762703,0.17918316435962148,1.797213095414177,2.346999251458203,1.342845816142434,1.0506609522435575,3.8356005407011318
13.06997293427021,13.429067406953992,13.209718219369389,12.880246168230109,10.967608144993534,10.033506523699119,2.582048723825953,5.418675331391624,4.530641337786142,1.0120598357636605,0.1289547073880437,-0.17678960990660758,-0.6069784497876222,-2.0137478509422535,-1.3240667574766323,-3.0655252203603203,4.495998228957789,6.173219029619389,5.109446209420255,5.466050479685601,11.179861336019611,5.70180122525123,4.44540502555703,2.163133046968694,2.0676437426830465,1.6228460839375254,1.4961216100858168,1.9639083035013767,1.6071067042600964,-0.0546743624451684,1.5874366586531152,1.2245436692799798,4.171205256235296,3.8027961537305797
12.299869354301864,12.458678142542047,12.501423576496212,12.379889578707227,11.09173134423045,8.344117881166083,0.46759578399103613,1.8385177545911717,3.0708715168546865,-1.1040739355469122,-0.3061712982606477,-0.41624263968691694,-2.9567664874437742,-3.4209190866635693,-3.5503026852060375,6.0142525098101265,0.4755674007218403,4.529881481631126,0.7274163521387051,1.4901747991478733,2.7912411348340127,0.5541880786948675,1.6723157909820747,2.0674432688008353,1.527566979125303,1.8717274577588445,1.7042437220332147,0.7980679591487545,1.645947727147981,0.9357874735376936,1.7127031853623014,3.1529988617060005,3.2678515759150013,4.304182008057484
11.644743100685282,12.539749633517891,12.181229517983212,12.942299653098575,11.262243994054208,4.116460318221598,2.636482794904254,0.43355104535196926,5.624115205948519,-0.3072899753929915,3.3819201640895997,2.9238999204156335,0.6166411855238085,-3.171714359476542,2.6044355568690043,4.760797413133815,2.716086807362853,2.3553978890736973,5.689552024120384,2.3365119481588166,2.242058265353287,1.845576486019704,3.7245378887676046,1.5477234204163741,2.1776605190508085,-0.25528434064277983,-0.8254278928804816,1.1025082025243478,0.19642521162277454,0.1733426659322436,-0.010820912115958405,3.1751664626332934,4.077316508868943,5.407789802723747
10.674184199745898,12.004672046984533,12.935847562685781,13.246013718745491,9.451806457339899,0.4127696279071878,7.080426510446482,4.2349868822190615,1.7205021982288162,5.777641192083853,-1.7713075538227232,0.22307992232138954,1.1104660198561034,2.6505109186691294,5.345497243415463,3.724948081472217,4.295429747093035,6.5543914703491675,5.4961972028791894,3.2632976091579113,3.0750107548181678,1.8266443707941218,1.814422317849576,2.471447265995156,2.0940063651882364,0.7972333911784978,1.8521656979876668,1.1320170869773531,0.7932045993014644,2.139161152378778,3.278653923908694,4.784080798831969,5.671253760490551,5.748303459772017
9.949190373084793,11.840451407879435,12.53319945556575,13.678639588566785,5.9918806320224975,3.3197568347456516,4.71101628263401,2.2694716474902226,5.084379462972214,2.85591277741811,1.7461469402670966,3.516573250035582,2.7594557111491564,-1.3740557387965158,4.701305172415411,7.588952804836229,4.3903818853961365,3.897147088526091,2.7576164638971505,1.9202035077716597,2.8707452860241935,1.9335943350429174,1.937811012871203,1.0825948392869413,1.0506923456223893,0.28673527115784464,0.9704693150798758,1.0493919266314253,0.8555518211998577,2.942936739125874,4.373484699057835,5.624113542819015,5.769324164775738,5.65808201628138
9.166406587967183,11.20698725694327,12.073556171072806,12.536878969295437,5.374008952185186,12.143830761359967,11.531398130172969,2.443099406065141,7.430241610738637,7.921276852452925,8.717615901032529,3.1259796361743284,-2.233674878180091,-1.7538660855090142,2.672407913003798,2.1723327965620056,4.5573376969457895,2.886611001466266,4.2514452211042055,2.6520764743009932,1.380962449062417,3.56728913008706,1.3819601437216502,1.4181325873912445,1.003155906160425,1.1137648080215112,1.235334428210936,-1.2011407282031228,0.47412355607871826,3.200026717762269,7.124746951564394,6.8978756272670365,5.117552264333102,5.455156300060497
9.991736936721985,10.866796528512438,11.784211396302124,12.160401192513715,5.558737389806385,2.0583909765140094,2.0412633436873007,11.566571808841994,2.4316140411495737,2.966919255653761,1.1711311020117938,-1.9879937804511665,-0.6687066182118002,1.7735477933245953,1.678231458714439,2.7366179125362566,3.407742931454933,3.39849868143122,2.7257832375520867,1.469495202124439,2.01197313637111,1.8714783771695715,2.043809319443177,1.8364472622973613,1.5585683231954355,1.4604819307763963,1.059770083144871,2.081323443150239,-0.3973986829945645,5.60155764472896,6.992210807175155,7.346210426437693,6.417229255384006,5.905089477283945
9.907413120643328,10.869641384800444,11.650172916822141,12.507150348193138,3.9432632425460032,2.4651216695545353,3.478640392899477,0.8748631483947136,-0.35766461324454124,-0.15894114597957992,-1.158842869009581,-0.8395985138696632,-0.9752592082961932,-0.6985082481252926,-0.006797751157930676,4.807738552939422,5.080026566116027,1.3464932628512596,2.0745673083264693,1.2092435449773205,2.7172762013246494,1.7414090394785042,-0.3870077451418007,1.4922307432832438,1.7436947602795994,1.6978423248747438,1.9961921471597655,0.37663098682046764,0.7148167420841662,5.61626667921529,7.212902054940029,7.7300105236373975,6.156585284999052,5.799549393082978
9.82639510058411,10.68123697203787,11.773368891176549,12.288028583941102,5.5758284881686615,5.238209880499536,8.43461041915819,5.464872272386169,2.131101299962452,2.5259198274600343,-0.2939087630395725,-3.206667291870432,-0.300884161776037,-1.5536775010037718,0.4839963789432663,1.315467632892871,2.0443849921363593,1.3280431281141747,0.8024058374905975,0.4118186658515998,1.7586299317270022,1.573094068014067,1.2555321004307163,1.958756687636577,1.3720402356517676,1.5064538149659925,2.30947064023734,1.352674151616782,0.2123110932380135,3.7344090974280886,7.751108738636525,8.640468133025365,8.496947120417294,5.31856670467124
9.139005049992043,10.511510546693449,11.487179726961656,11.823214638858651,4.506070271990838,1.6977090230579468,4.940477107287784,1.04978066488507,2.9089430932010907,1.4561210902520785,-1.319343767116873,-0.9520759223106153,1.2350289326821662,0.4437934076335143,0.4527323058386897,1.0720783215923104,0.7247489363938119,1.6606365415009101,2.144748208026489,1.1609096503787466,1.8639840352622945,0.7687671371083412,1.220186212016783,1.9006269770208537,1.9681904584316097,0.9930930669938245,0.11771308711588595,0.5573174841688054,0.4667702706371092,4.803719843176096,5.577736754628392,8.08884874207804,7.652675026562295,4.445585142415413
9.431548181087447,10.27524135475296,10.646950817551502,11.346498408300903,5.658044801919221,2.436301185128063,5.548189360409128,1.1534913588299829,-0.351026633582839,0.9980545883713301,0.8337526836416915,-0.18894207046056594,0.6403464793193396,0.3296544195796618,-3.5548324114823013,-0.6258911400756753,1.5590566010908187,1.815396459392374,1.4845375625502473,0.8862298243320395,1.0240744494542902,1.4480164830975055,0.9702325796080685,1.6400257043623805,1.1118448832143173,0.9594998280302177,0.7163372008720675,0.28027230937275405,1.8552720832986498,2.2161778151858083,2.1089249122188765,6.730224203436335,6.7887465708039185,2.2924460147673997
9.615236779606349,9.834909687281801,9.905977319022968,10.815410222684738,4.504927357753891,2.628730186907898,0.12203956103109999,-0.06448927933805632,4.852274745812847,1.3328831740141656,1.7540861840799222,-2.7648013054508316,-3.0257099433974854,-0.5473869574286924,-1.6841397386385266,1.40029815030118,-0.14512914379562927,1.3693771509269144,1.0236406980954715,0.7447990375261282,1.1944492458410128,0.9587053392269111,1.5380303247066358,1.399395537132708,0.6336048653308747,0.40453121597555036,1.4814514256282176,1.7107178501930234,1.6404990376453132,1.9518376346751105,2.1189421495679146,1.5625402322639999,4.486443505799997,2.4252758325286012
9.540839084738948,9.840699180186837,9.988169616664779,10.087570565724775,8.416789007673305,3.860344866886955,1.6848815721306782,2.4133564535148935,3.384084632157779,0.8379814023262335,-0.41128035077464836,-2.391464700813296,-2.0265428949010835,-1.3446688098137902,2.9004370222752955,-1.4484735515273768,1.939283868476761,2.4556449835477663,1.305304947849313,0.7067724687460225,0.4558163856752062,0.6354411808047528,0.6313956374436913,0.7699306718595631,0.6404953722027269,1.117878083148359,1.121537828268949,1.5055954175701918,1.1905236531078407,2.3422780438720023,2.1239487467507003,1.5800758898351062,3.938086312315168,2.4881007450487487
9.61690028423794,9.692424524705126,9.869781017100458,9.624801374912758,8.524572151536505,5.20134406348686,0.1406362347718277,-1.2842953436340898,-0.08590832616545474,-0.22244863080695218,-1.688660861227156,-4.050488443172904,-1.7974342389625781,-2.787135155282165,-0.7039023257459525,0.6381260734248915,0.6204376509324037,1.590543723464458,0.7207996665931081,0.37995776644604257,0.7045096817002225,0.5355008452122776,0.24493694744236164,0.4598398816938831,0.7376134228470453,0.7656947888552217,1.4843034682062104,1.5675477980936379,2.312017021079775,2.2622500091580022,1.2472653570546075,1.3468195272728596,1.4151486502997301,2.550360988310581
8.824422487019028,9.178549184637216,9.930534624366839,9.18790287510969,8.844392317041041,4.008143483870293,2.3050693168891128,-1.6687095975771509,1.4494602029969748,-3.0043224253601992,-1.6517321220995889,-3.8791028299152748,-1.9833014938837832,-0.4479447140523305,-2.3558223639479894,0.354660885011075,-0.07198528510769284,1.0727491716557902,0.832160695723585,0.8114913073567941,0.43412841409044906,0.25339814478071737,0.4689315161317477,0.6850117520076567,1.8467775816474186,1.8495203081448677,2.6648410733606256,4.085412200188038,3.0192512989768754,1.9278238576479236,1.8054488523480487,0.854851680128148,3.1181036170993384,2.11096965040291
8.206743907714758,8.89489117932405,9.129610445806277,8.802986569806018,8.125661269770687,5.289943158998614,1.2718570833870861,0.9815202721245775,-0.5439102443252971,-1.884521193259398,0.381565966319245,-0.5938619562097422,-1.3430327440339278,-0.9749069473323325,-1.0636477628070853,-0.38566794223112016,-1.575557805213843,0.6315526799429592,0.7993041614548234,0.6132736229515471,0.9586364462262299,0.5205612731610308,0.7617632258012697,1.3037081043510979,1.7039801590769688,1.8525435896013789,4.095889103903808,2.5186671482142877,1.9195944004626875,2.0578013314417203,1.8543127790563452,1.273387411238383,2.8983622285970894,2.8893532213770046
