script/wind10m.json
{"header": {"parameterCategory": 2, "parameterNumber": 3, "lo1": 6.000027932988019, "la1": 58.9999434238085, "dx": 0.5, "dy": 0.25, "nx": 22, "ny": 24, "refTime": "2024-10-16T21:00:00.000Z"}, "data":
[rows 0 to 23 of 24, columns 0 to 21 of 22]
4.660685592837726,14.792670213278566,3.920281063665182,0.5942288680991079,1.4301318256736353,0.7271757487032382,-0.46916645300262566,0.8962893729736989,3.0886020252016095,7.001128364955214,2.2013527989454973,1.3936019987933326,1.7068083444546347,1.8242972194303304,6.9628725548178165,7.618295368615491,1.8400526496924452,1.2157004277559673,3.15476668600519,3.1790732060068203,2.934531167508701,2.3429600597294824
5.918735777795242,1.7163277387311457,2.7061854422734926,0.6357117140316816,0.7807906760554858,-0.5059704187366413,1.4972079157939306,5.914044833377363,7.547254223801751,7.701040466410661,5.958977126542995,1.5541854850873107,1.0070064277120316,2.89785733579698,5.502454596211222,4.05857669803551,2.1532668034579348,3.789113924587621,2.430851596335437,1.4540998518839439,2.6123468531519376,3.02951647551337
2.0648528428698016,1.2087890084758148,0.35118000720093207,-0.46588224438509,-0.39880966613241553,0.20990037696977912,4.474476320112076,7.6152812527681215,8.839503375113196,9.404031988627072,8.360277734480473,1.5250883199420342,0.6009942717676019,3.2345024626233427,2.5238305653123883,2.422092428352855,2.259926719434848,6.965549070086251,1.0800217820986104,1.0070573231073845,1.5080616846148134,3.0897522234404824
6.306998238480626,-0.9513099361721516,1.2200766320276504,0.3203399742775285,0.35825408217709176,2.797014455646483,5.475253322116936,8.333115366896848,10.204045259267259,11.290349588175125,11.058420952808772,3.1490119129404475,1.8511162572652462,1.8686408759754736,3.5108143107893337,2.58579642965861,3.3782058786348577,7.315348040210896,2.851258870819687,3.3395781501153015,2.808409264811645,2.5744173127243446
7.052116895314763,4.937390178589233,1.8708282321523035,0.8498100690437601,4.137551938341779,5.470365573441862,7.418158475803241,8.958613014817534,11.495440423708667,13.050850974322016,12.398872747961704,5.0195937339826635,3.313072207678998,3.4065002935992807,4.325809847388971,3.829874349610492,3.406738996045701,3.1794585317309423,2.7902260504199403,1.8423712361702187,2.5500767378442024,2.7195811083559303
6.8978242256672,5.574375033697384,4.712119927907839,4.446684567203435,6.723432219826564,8.16971061109631,8.445508381564393,9.762536544659358,10.76424400467282,11.569614702352963,12.910142381001474,9.817912055642855,3.0384460222713288,2.713244631994942,3.6486867091204984,3.7565585528557683,4.06127551667404,3.3921970015323093,3.8361379996865446,2.4145314450877957,2.1028700153639344,2.2761538895945637
7.540808709336801,7.027618776483014,6.486689352741416,6.8593638470853,7.862937065322226,8.856211880129095,10.094055662436926,10.09095560579605,6.9034694564642,12.592747927818184,13.262704328204116,11.65350076465715,1.5993144255489629,2.3069162447329608,2.322714314741457,2.744958334553251,2.910218347298524,3.177639496785399,2.1770289512444654,2.032234150792783,1.8338743297971465,2.2271276605583057
8.918961016185564,9.068365725123828,8.462580544254898,8.087226916620686,8.408795379804278,8.987377717089798,9.71105052312391,7.812289698962998,6.998183245819287,8.819385058842716,6.928409908315436,12.135604562144005,8.122318833820982,2.5111885963590996,2.0241315907427997,1.7147997197324982,2.2328551300928465,2.5763092475227243,2.8900886348572787,2.2609397764907184,1.5189166423638698,5.312345074008882
10.596298486194266,10.082147121253005,10.226316153929082,9.14242011805477,8.157592267542254,4.119586687398225,7.311798887463867,5.247900072914276,5.113499787419377,12.07363065186918,12.611924518472152,12.272280674708801,10.504662305621627,2.2267314088920376,1.9473912555084396,2.5580880906896204,2.4118065426206896,2.393995740928005,2.7969742568625158,1.9694827811283289,2.1587172581850083,5.760851167048471
11.314208766117567,11.657258047927805,11.058824557642874,10.17710520397641,8.8873403732516,5.241279450262656,5.563881240776313,4.906830898803018,4.320076358710772,11.420537094281064,12.327481294465077,10.282170231814858,11.608092962865312,9.075634815818537,3.1489089269382067,1.8522002548041536,1.322127693783725,2.1770371017997765,1.7687365655367957,1.3213779109076689,1.5252904256705575,4.602494447023679
11.35695344681785,12.139368147867446,11.719816337540268,10.70464074062847,8.070234345147282,5.160823649231042,3.296154315514055,5.081939397548343,5.8944667517119775,7.264567836602159,11.658723036244854,11.405906846246644,11.599748515070381,8.72205405062994,3.243806106543751,1.690971962238021,2.0649083985340155,1.7591251309347529,1.5294886040029758,0.4121992850719761,2.9702111060073317,4.835002508308309
11.278699763474654,12.109462335845974,12.567789710232496,11.453194513688944,7.699532234562709,4.648957776322828,5.477730784507747,4.3913253943264845,5.602734989030502,6.509126559108168,11.459299107518971,10.706706312949096,8.784715134275162,4.34452496591108,2.476208265789035,2.053576969782774,2.3772377353147314,2.8057095091364586,3.243006336464488,2.8517038771396606,4.743515919694681,10.241558211309533
11.561037558819786,12.27935651433927,12.238229098138584,10.925175297476295,8.924724047911113,3.407370078781487,3.883513379446049,3.6858794234320564,5.6552669345275595,8.32179057589272,9.524663201374628,9.59349906163527,3.8640187363109337,2.8978407727246545,3.1936620931365,2.2503260182069247,2.5106166936107317,8.739483807193325,9.706113754009102,9.216986471502796,10.059774383648609,10.718261508673528
11.904063803239806,12.386897561276454,11.866130951890552,11.436090330778201,8.546426236479123,5.045875099296209,3.4285586205766463,3.8107276784556037,6.618112271499805,10.029579314793681,7.10174221314743,4.208032556235687,5.546582997576011,4.214929987603669,3.152081390620784,3.6678856999157414,1.5440508242517275,10.51399267938486,10.60151231858684,11.007749379630765,10.886252328643305,10.69071807973957
11.86763687482258,11.869110535078075,12.06513535652821,11.017257146026436,8.93295020952132,4.084430574645589,3.885548509664508,5.078375637084185,3.5554486962341234,8.44006288885427,7.379165371107772,3.5424670272481213,3.568572330036439,9.898059611407774,5.873251619570457,5.866401496515926,4.867539778406695,8.934100821251224,11.183383062061589,11.191004154075916,10.78435046251687,10.876823887996146
11.031641784063874,11.443633474872838,11.875211860636925,11.20456567304916,9.216107960685147,5.9180191455464835,3.4820774009915745,5.970410442983949,5.710466251280345,4.858046573383025,9.64254753680844,4.146426219903002,5.491662809968968,10.215091772279457,10.687262612457475,10.524760770224018,10.34315651668818,10.910738960478898,10.819842123111036,10.355917946650548,10.849286592767342,10.484592531715997
10.679868694920192,11.106124372667498,11.48862335653568,11.893889157250218,9.59776968721259,6.410328759476183,3.9786405146450305,5.599589762056263,10.509305720462548,5.852859205358846,6.412313382249954,7.1261320127516115,5.799155132730986,7.262908003679873,10.602290636160626,11.287553226859309,11.00213010438016,10.584369170255936,7.274703545106202,10.886920636636681,10.725819551345369,9.92387029963455
9.767712465813236,10.47581898569852,11.150998552616382,11.07932398664718,10.152953326123345,6.356239118274318,3.1328300488092387,3.926930901697953,9.52181326759649,9.055573790104045,8.304183751328948,5.627602778206833,7.766611511366667,10.30386133244936,10.048572541845859,10.985464559665655,11.152213860806285,10.618486829630413,10.49771852299617,11.126937766244355,9.593723845610004,9.25177852331292
9.487600255574563,10.590677036139995,11.295889209101833,10.462926311827443,9.851209419876307,7.236181350742483,3.8044702970564814,2.700611670705339,5.2359344487848825,8.939295813847519,6.351737199844905,9.061559385406301,9.921263916511135,8.833903616393671,8.168004814104975,5.844900877812105,11.117795580694844,10.449867327024482,9.998903296571322,10.407244189766779,9.466334239604207,4.3625923210719675
9.922359663372928,10.226023272162005,10.621285369847778,10.65676940630981,8.976371443223714,7.214660371124036,4.392485791874887,3.6752238902027305,5.24585059263446,5.892906697792707,4.912372085751571,7.296242423853011,7.43183297159053,3.9957468210909775,3.6989329673281466,8.93961905320405,11.171764990115966,10.460162187381314,8.585887963165748,7.025397316381502,4.983203449098787,4.237187391053642
10.152971721916884,10.015866727445628,9.8382580564749,10.050076435285073,9.636858871400406,7.968983454948128,4.354597584975887,3.1395051872987243,3.5163347966914826,3.666308109615541,7.147889017285796,5.224000713643844,2.9247974324836985,3.2280467142686,3.356508641589939,4.189105046939493,6.097781036785009,7.013974092337193,3.028836899909593,4.436157345205327,3.832305897469098,3.542486091302607
8.871994157439627,9.640255287980283,8.07645825054751,6.804883475029622,8.510674428931607,6.043166566412044,3.7895559142167294,3.304235619037928,3.0018560766366083,4.345836185971649,4.449561636767765,3.020018427032372,3.3170897964275854,2.9714424369929198,4.50659744956422,3.7165640729164937,4.095380999575164,6.38570580842461,2.6615868651401833,3.2158730797200086,3.9830137077208003,2.8778568239409976
5.760567224737626,6.337293630068999,5.896847929769149,3.095906129153263,4.279089528195759,4.523098198781252,2.687599254623606,2.05028109973106,3.0171896084737657,3.259984816287678,3.2809924218405278,2.433550051553396,3.4592782479901167,3.1365201185978107,3.4360779165208366,3.9536483514184138,3.141035733480066,2.96656016634349,4.046411930877064,3.3872035666942693,2.6864260144940726,1.8890798040270427
3.155261859956474,2.772736633001653,3.3221884193714617,2.8577361302475435,2.6287238938637967,4.646039758418029,3.484382142035997,2.9623064012293883,2.991699287844898,2.5608513213056794,2.459818968984444,2.678084326121914,3.181730940330324,2.63125667854145,2.65856458808544,2.7726183586173003,3.3544246265673516,1.6569886714051911,2.725490195474361,2.1596056496754965,2.0643836816219596,2.9200465422622606
