script/wind50m.json
{"header": {"parameterCategory": 2, "parameterNumber": 2, "lo1": 3.000054539987559, "la1": 64.9999836372058, "dx": 0.5, "dy": 0.25, "nx": 34, "ny": 52, "refTime": "2026-01-06T14:00:00.000Z"}, "data":
[rows 0 to 24 of 52, columns 0 to 33 of 34]
-6.792331938792524,-7.737479447894078,-8.605011831327538,-8.269796098694217,-7.93250893266266,-7.7227338458369355,-7.472058600976952,-6.734906222055429,-6.223785063558243,-4.840943784559845,-4.086540989899943,-3.9467384958570517,-3.7463919039235476,-4.222480823995495,-4.055144380361905,-4.701183471327302,-2.8939486671426717,-1.712942832592265,-4.722055126053877,-5.4533256636461696,-0.2711356942964297,0.14343438050201482,-4.593475132901458,-5.131789188572745,-2.9519319854257553,-3.940742855306412,-0.3716818589609196,-4.028143972307118,-0.9804415028826721,-1.607729462988358,-1.7801286850677938,-1.1295820258372553,-3.0499559115715758,-1.3978219872149658
-6.512158467713355,-7.682787929192988,-8.986122811581117,-8.767219317563695,-8.080271525184124,-8.29415440603494,-8.08009792497198,-7.767932277738273,-7.1406763324261995,-6.430000565872928,-5.986480576369065,-5.18371092378946,-4.557494893340829,-4.241911636326493,-4.489082258438812,-5.109348924222558,-4.591521702698647,-3.277823256476463,-9.208339236606374,-4.29281298375033,-6.99200465979168,-4.626752944565344,-1.564927132839294,-4.668240263034087,0.05842060148425701,-0.5834023057865704,1.0793860478309927,1.0516985873516695,-4.013710076467583,-2.3699315411381963,1.385168279959022,1.1714365412454948,-1.983725979357354,-5.671591186846957
-7.328262079071439,-7.594942224708232,-9.205446332155521,-9.089208293154357,-8.431779363265258,-7.9838509127447885,-7.631098332095639,-7.797104538235497,-7.875060980899082,-7.87747927441045,-6.944438777918063,-5.767967815719552,-4.475865684106308,-4.008862219294422,-4.711750843735947,-5.036557613995677,-5.689168861156659,-6.797811644407397,-6.476125374042061,-3.435242443282189,-6.495508135111531,-3.0444576002668406,-6.688400045279845,-1.5371131830270364,-5.830358329467687,-0.5046412970612847,-1.638014559942727,1.780467200312166,-2.5734547712693923,-5.2948094849809975,-3.448726528093546,-0.8758527211383821,1.8053786134479086,-5.2500668500325265
-7.971439724427076,-7.5287332623275285,-8.80799247220065,-8.920740737217624,-8.16970696631301,-7.484777041507125,-7.289765977500203,-7.201946430925325,-8.091445562485413,-8.382802593239466,-7.571083386660966,-6.862186116094357,-5.8005347875836515,-4.7210314774888715,-3.6463173945733045,-6.034226190303239,-4.249528390040073,-4.357426795204245,-6.8217247922204525,-2.7070377988088605,-6.472268917665018,-5.4069998956673855,-5.128442126597072,-2.2969093923791197,-0.8316394107091737,-1.9102339815603868,-1.334658358614532,-2.8157860460035695,-5.813554774877545,-4.967244616697632,-4.174131866940683,-2.0120821131834523,-2.6956661737626115,-4.833084548909716
-8.248541310699565,-7.505427628289851,-8.623385414166426,-8.978155497593168,-7.182395106836322,-6.715331051769871,-6.375887779063772,-6.537235983417678,-6.578774814851172,-7.229050262483458,-6.898656515839915,-7.405213142059705,-6.317581325680304,-5.918361701594272,-8.01410903098946,-7.654997476866182,-4.047385946898177,-5.345361474282395,-5.09087111355601,-4.953344120835496,-6.47516503961264,-3.7409646786394175,-0.9272240837402387,-4.8250780725058116,-1.332825958000681,-3.978589607275026,-3.1247194066244406,-2.318694639748034,-4.956271869244884,-3.4765477174755044,-2.294848722818458,-7.464762551796819,0.5882664263709031,0.24142720235887447
-8.242964977415648,-7.64164304810974,-6.896853286403532,-8.648254141376366,-7.535148128104967,-6.150780264187248,-5.2588897881493955,-4.631781966989811,-4.6369099895831445,-4.910718676680844,-5.382135597555159,-5.078390790355029,-6.584912313954053,-7.215655537158565,-3.762684722068113,-4.172251339306122,-0.683772153709894,-4.575853717708906,-7.645775969827232,-7.1465499938761745,-3.166887666395564,-4.909763647639946,-2.075804863190808,-2.512118911346535,-2.90328225583222,-1.1676563288525494,-2.4531417303762053,-1.4231746962898646,-2.471014694200715,-6.980795051302432,-5.4764962454919885,-0.3270455795669726,0.3291521147236446,-0.4467700505970226
-6.79952400996208,-7.759698357362708,-6.696196468370677,-8.178613772800864,-7.049623735188151,-5.739501008381427,-4.677493172633675,-4.627973021238289,-3.8603796093658485,-3.605697956449712,-2.3379794971282544,-4.44340065353352,-3.252844398034894,-6.7340706988823955,-6.614583467981463,-4.111491782953579,-2.0083099301484113,-4.610976905732703,-3.9934465386798026,-4.164102652731146,-3.0120069844842923,-0.26578347367588495,-3.67145709879771,-3.9005213795926688,-4.886692405693431,0.41064989286773096,-1.573034296177195,0.595279376710385,-4.435387271244813,-6.053013576199695,-1.0734186014725042,-3.1417984368205376,-1.708707274586741,-1.0382230091882652
-6.258918153967437,-6.329960817871496,-6.304756185838646,-6.427885896382514,-6.713313951690762,-5.900741709449197,-5.087264248105769,-3.6779006144957958,-3.9636248040597337,-4.204314922623942,-1.967799958168049,-1.5857200460247716,-0.5036501943907965,-3.110081061084387,-3.7270695291451093,-1.447963470672167,0.4220230354183997,-0.3482954268219259,-0.3728640894162852,-0.054717177510457814,-3.111864268876206,-1.7359795981820043,-0.9004689184112649,-1.469620157748356,-0.6569078878378923,-1.4787622462098295,-5.359575439260449,-1.6164365046276736,-0.13206154536335282,0.7530281597550644,-2.7764559416431913,0.4144815348076932,-2.6140240930029277,-8.894549673846353
-5.604920095256676,-5.242010051349391,-5.183943908934881,-4.701846410798282,-4.907023252015164,-4.888649900886673,-4.405464617801419,-3.6022320095427487,-3.1274278107627937,-1.7275868272065285,-2.0854008978747705,-3.58693927552775,-3.453655715438498,-4.865571317558055,-1.8153373486989568,-4.225472909353393,-5.536791460184502,-0.023576936581237207,-4.287668240521183,-4.874264502962381,-3.2187361780888546,-1.7290080885944494,-1.2566321267602703,1.4054278053121816,-2.241161481044616,-4.649977479908024,-0.9882317150184585,0.8178224740516641,0.4035153989421913,1.6496276964762207,-3.869938004090304,-2.7280128294250177,-10.312144124849112,-9.649471532815108
-4.371444011897653,-3.5836274726045043,-3.037865979399044,-3.503821515104093,-4.046704410931442,-3.264401071512777,-2.7758432638642616,-4.151702468513647,-5.874592303701158,-1.9078562703382715,-2.568802397354155,-0.10566294488008521,-4.923153365615895,1.424862271034792,-5.511202290742598,-2.2904493630968425,-1.1322448557120413,-4.486156731757435,-6.044907438105729,-4.000412223655363,-1.4639943956709867,1.0918666262679617,-2.5425553334295685,-0.5147807697447389,-0.8487641911552254,-5.036526734991684,-0.6324322336898004,-3.7779320185974137,-5.189239518290217,-4.189514937588641,2.297496232555887,-8.44938816795832,-9.143435464821666,-9.09634164938593
-5.13813112393306,-2.934654300634995,-1.8097649584696944,-2.0439797163345483,-2.504896309215785,-2.3440652789611875,-2.6982722934021064,-2.7338623635748034,-2.244905188289511,3.057906241145979,-1.3245902035288704,-3.036298520136896,0.08828236859972476,3.9469602501291514,1.9803178616694492,-2.7093093879792143,-0.6410316130876332,-0.7931971379420397,-6.506301490364762,0.7500865589763467,0.4663195370283868,-1.1082196341377444,-3.9710355268325586,0.8897366162289567,-2.904846320843356,-0.8097551271874456,-0.044079266642035556,-4.1381784357048135,-2.2956457589833548,-4.529621566907131,-6.054147466816919,-9.945127811485856,-10.162388119081735,-10.550919472176304
-5.052874786599141,-3.9748113513271512,-2.323775377186457,-0.7950061551790593,-0.5066356178142751,-2.6235634127423446,-1.0653804566490013,-5.577591467623209,-0.4534128413855178,-8.85393474392764,-5.160623738666118,-3.1788833909487106,-3.5956556288768686,1.047652790764183,-0.08691110450512335,3.2308025969571004,-1.5142282213857057,-5.065448334438084,-8.653472595887765,-2.341700457501242,-1.808366527781613,-5.509811739924255,0.9352883905547759,-1.200536834608417,-1.0334456146256223,-3.2504423783899665,-2.822269479413531,-2.6401665170784807,-1.2759866486546636,-8.148978864658343,-11.221185469063933,-11.145146290814315,-11.400089636051792,-11.653593955459353
-5.743715929896438,-5.018828222150389,-3.5280660038561193,-2.1280398701704306,-1.3788954424623878,-2.07651819071976,1.9782121203307474,-5.0755671612086735,-7.637255486145528,-6.299856336697781,-5.843684878407178,-4.63208572595829,-1.9913442450690793,-2.0170185119760284,0.10530688319329772,-0.033729973212733154,0.25452208442339225,0.23986544655343348,-3.0302484464967465,-3.242641183909769,-1.7075853876567768,-1.1075404074468238,-1.4733455228630097,-0.8842947244782049,-1.1424504503728312,-5.505319759530405,-4.22415745263076,-4.545454655339045,-1.9687569522415238,-10.467544667013556,-9.41125992654326,-9.995421451831728,-9.507410743753391,-10.349849579072194
-6.398968289595313,-5.743850719060485,-4.407410929469904,-4.0959548256574045,-5.440073529226902,-2.525644492423935,-4.299392092690781,-1.8239756191126044,-10.786363571369726,-4.534522720101333,-3.3962692807871333,-4.682866412803679,0.24890864275157895,1.4387656488991132,-4.30393263266473,2.349209835942728,0.16204722846767014,0.7233482578867751,-1.7337523907018138,1.981764753373399,3.1933394779716604,-5.312699510824592,-1.1839328733403556,-2.4640557855096596,-3.356964128890492,-3.4085218735081897,-4.332808311146113,-2.324887338134541,-5.8893433746793695,-10.006330328735293,-9.714050928275997,-9.85256332560239,-10.223097548485221,-10.236574885446167
-6.578103539158178,-6.445989219310288,-6.367677212862855,-4.002249205822253,-4.926890748032512,-6.7033030112235314,1.3841226030277274,-8.955669050392032,-2.8633153812122467,-2.843379103990528,-3.6384809559028444,-4.911772963844367,-1.2072183603137439,-1.5955485273984438,1.611685721540705,-3.4289204892243164,1.5369081451106348,-1.761313957329909,-0.8502744051616852,-1.0392731078944966,0.0429135927986259,-1.6963043689184176,-4.958573978073506,-2.3699924664092666,-1.622352317373833,-5.344027155542705,-4.824549443803009,-3.6020973527829225,-6.543006016066378,-10.240442924183476,-9.57728411146952,-9.394902394714014,-9.162185796924897,-9.526236230068179
-6.8000645692124335,-6.051699912644725,-6.533901778830547,-5.766440324142857,-2.9599899646673684,-4.092254600213109,-7.1499297300624205,3.161155566195851,-1.2352857267606188,-4.760262194969107,-4.971780075286591,-5.017199319897709,-3.96865008171935,-1.1271159131964903,3.583227290103693,-5.134622512993307,1.4309614752015969,1.5919380258172235,-1.1589039098620473,-1.9995509151477402,-1.294155668994883,-0.57245440158983,-0.7180430601576803,-0.5178632407427411,-0.5018661131548828,-2.600900488384453,-2.9197246361647506,-1.8705477778228732,-5.738548808604804,-10.176606502727592,-10.80473203157859,-11.251973445483603,-11.520153081703544,-11.067830809690664
-6.855823438351395,-6.6314117999917235,-6.99934513537683,-6.734459289662831,-2.807472934752554,-7.545973524706254,-9.484754284400843,-5.905072232020114,0.007232276350244134,-3.9352134564002954,-3.2762255529957587,-2.601015596691077,0.5788625243553818,2.4042931039863307,0.8722826246041038,2.5107152209558916,-2.802488220296058,0.23218842533479883,-2.0251703274891573,-1.693564171311458,-1.513248120394316,-0.18720545778025513,-0.7754198348102914,-0.8795500502957109,-0.8643511014839981,-1.2278344980088622,-3.6928573204180086,-4.225792058669387,-6.1585297568469235,-11.950002512082042,-11.81605773579716,-11.877600640469137,-11.960260336977893,-12.288473767002767
-4.558813819798371,-6.639749763538958,-6.871082171772599,-7.320073164174641,-2.554329652971284,-2.558792462226004,-4.910530712231802,-2.943400527709454,-5.770677639874461,-1.327910768380142,3.093856312130533,-1.1239319547216378,-2.4084416188819704,1.3193176445371506,-0.038286710064951164,-0.7984235971491407,0.5340057989453042,-0.23891069987191293,-1.490638243274752,-0.825389579553648,-2.1087795187578133,-0.8417706888446305,-1.2142031972577865,-0.4536181318835602,0.269844680616477,0.01158273080206241,-2.63751058897765,-3.6390926451549834,-6.29635042281783,-13.03036537158221,-12.716428126518325,-12.417597624435876,-12.841625974576942,-13.750388316453789
-3.7175922411362134,-4.956345272770498,-6.575646621578804,-5.5299111325486905,-5.368641290770018,-2.009065465613005,-3.2401807269066762,-2.884761565401404,-6.761992964721355,-3.5425803377917062,-2.8491130632601713,0.5820328465323008,1.0728748369771275,-2.748482694955112,3.5312476162924287,-1.6354144583187167,-0.050401500825044805,0.40682479142297856,1.53711639066566,-0.7954154798341997,-0.9828455774338355,-3.9385864618882684,-0.8081691882079662,0.3385270062371404,-0.11382329274496115,1.7832909145439355,-0.5453911965281897,-1.8600912500173845,-3.1967037550502266,-5.681148474440094,-11.70647632508109,-12.870513985141095,-12.811120113696472,-13.004646932438867
-4.093733460384331,-3.866640749765727,-6.11750067625907,-5.435219071449682,-3.759030112734607,-3.2645422499998116,-1.1246848052172362,-2.656404223366361,-7.574901649838,-3.4773409279587266,-2.7428788642522917,0.7057962777948473,1.7103933177667419,-0.2162489353076261,0.2089454486060194,0.6292531739033066,-0.9332510126820971,0.08974017470340208,0.3617003966170337,-1.2214129598812313,-0.6258253798536171,-1.470593360964984,-1.9202757329084092,0.3162703266713834,0.8179264331122234,0.7829484534078448,1.621894458723308,0.11195282778761134,-2.477601813259226,-5.177634378063729,-6.148244860610296,-6.418720627293012,-13.665401278379454,-8.054064926331861
-4.574846255396221,-4.723021375578822,-5.348519989352201,-3.829815669938424,-4.778130350548775,-3.7581457746985274,0.42186917776802024,-0.45622035687333445,-6.61798460609081,-0.09207182583068806,-4.534288685802385,-1.2447235439803865,-1.9557594117629318,-0.0059745807433784475,-0.5361132610207875,-0.3213296821539482,-1.1201261631280497,0.06861658011008527,0.31459465994991465,-0.6367699162556955,-0.15501644333518919,0.46038110876268196,-1.3521781617443327,0.7024625870716971,-0.33288744487480654,2.0721791102433365,1.1665174111853478,1.3387720801376426,1.1276843294542191,-6.326391488172476,-4.443656253988376,-4.695136121937803,-6.664826051909181,-7.217259330979274
-4.94446274263624,-5.400389835305908,-5.825454591397814,-4.248229414377347,-4.929669617904288,-3.9451499262910734,-6.766181809160871,-5.472770371170489,-6.453365719922137,2.183287749090039,0.6463720813635587,0.8413035549006328,0.190681300312585,0.22983343975308712,2.4117149189201696,1.9266599284498762,-0.19798571532597095,0.389592448987241,0.4498068202097999,0.3977269902192612,-0.09633931065470798,-0.23821045416934694,-0.37964051537380383,0.5312574138077436,1.8657233483704387,0.9707893574318955,1.256469586772919,2.2606779690159837,2.7376156355815446,-3.640897264267036,-3.481573331577557,-4.987317602984592,-5.030289463001827,-7.928636336930004
-5.185071925195087,-5.4737301477908735,-6.232516129650619,-5.039268305390984,-4.279137812757604,-4.735557169796144,-5.931037388280926,-4.45506980741673,-3.1316822376227074,-5.442657041827036,1.1076677881512498,-1.7158904329204951,0.9977650388573557,-1.5935856771204866,0.926481848458788,0.9694516057538619,-0.10426580401069639,0.3408650527653303,0.45457290272212764,0.8160198865510635,0.4208789496196181,1.0115799163361296,1.3923995013464843,0.38708402184932356,3.022761356176661,1.4710431219553357,2.608125870906844,2.9043397027362063,1.9593167932719715,0.9245825912715154,-2.8347820034896642,-0.287274221813963,-1.7106377912923012,-9.5293094236315
-5.035574482313918,-4.758024531281056,-4.11702917228931,-3.9008595387287746,-5.7873675833292815,-4.7904003007544045,-2.7150821548884525,-7.422683962368274,-4.869804134680843,-2.613698204624756,0.2844976153908939,-0.877327645513693,-0.33038188357235115,-0.10550512628859808,-0.34152051040268083,-0.13486567624689016,-0.1567981749166132,-0.1582812762330119,0.767986118846725,1.3026018407487356,0.9764479695420265,1.1114247692031776,1.7166689054733988,2.0767959046700812,2.573578710364106,3.8434968605077864,4.058455244233863,4.015326303289449,3.090542077073394,2.4001264633656025,-2.1294873957332516,-3.0331412802297337,-4.176861748604704,-8.27017307270087
-4.6345933536018595,-4.247845632201942,-4.095498881023155,-3.6550697549152384,-3.4879769845916972,-3.654468546829579,-3.458173309718869,-3.1270402420858487,-3.929998990515431,-0.9277590673198193,-0.3833207512399257,-0.6731252141297772,-0.9898015023465838,-0.5833235219328753,-2.013849786597214,-1.801284970725227,-0.7433998696088113,-0.2829109335698369,0.6800661247418411,1.2828337908972143,1.8647803169105768,2.0494669675849972,-0.41784093298070685,2.4172011419057196,3.1702544884122155,3.4246316701405135,3.6281931269913708,4.0121503149934,3.757861691463579,5.1032340128587546,-1.669736687716932,-1.9161412510532605,-4.857657686122007,-2.478868758450098
