script/wind450m.json
{"header": {"parameterCategory": 2, "parameterNumber": 3, "lo1": 3.000054539987559, "la1": 64.9999836372058, "dx": 0.5, "dy": 0.25, "nx": 34, "ny": 52, "refTime": "2026-02-03T21:00:00.000Z"}, "data":
[rows 0 to 24 of 52, columns 0 to 33 of 34]
-0.5090302619867413,-0.32914765631253573,0.17950430343239304,0.14319699208520018,0.1945402113751222,-0.44079304118936313,0.35783379279931316,1.1167059176503993,4.754988473942674,3.867900917439112,3.1851240743837708,2.6737916465575333,2.7594007015798114,3.0563707651743437,5.077985488366549,7.00817045222172,7.728759566853265,4.345394427874432,6.886053012871903,4.047108116862386,5.511376676513267,4.008955284842835,4.348340983553991,4.534749168533748,4.969303359610202,2.598216727268037,2.8902457082330244,3.6015545771348885,2.2735799431061743,1.868107520714976,1.6747429629360115,1.1436734494767629,1.0213804407033185,0.42430968233570887
-0.11851966890062672,0.355856285559903,0.3252712216767295,0.6404917508245526,-0.19995949642595923,0.4162726190652196,1.5056957048456348,3.2481120133083983,5.770186035891023,4.534922673379752,5.329252785944617,3.5415327011279656,3.299533718586555,2.4500314042257503,3.3646800694866252,7.244332056813337,7.4665391617614665,7.225855741181919,3.234473386754271,5.609991185246362,3.7137772477650666,4.710877161608011,3.4109250291691167,5.471059448838827,3.3408877508669086,3.320870531027561,3.2279342881725013,3.2770569754948307,3.731886554658341,2.83729031223404,2.023303464704453,1.8125965502566923,1.505416054182956,0.9043141969205655
0.0031640925222546808,0.4768874611698073,0.8371853401574094,0.9712574569838915,0.7341475763330677,1.6828924906344354,2.0581949363636785,3.2813582132676986,3.561128015340192,6.0280769597513055,5.778567125726175,4.692496443996527,4.349352684116304,1.8987143711598686,2.579395716407217,5.1898525558776845,7.472527663743377,8.018113124357528,2.9206961799732474,6.794997006791576,6.170636637500867,4.525483648828482,5.685341520013202,4.668583265155078,3.988929734259056,2.8497700879504304,3.672554878654643,4.77206265578582,4.504455470010692,4.129398256046901,2.6453566535093636,2.5435783350023593,2.0274406141543393,1.2958015798066658
0.5071625806922007,1.0197503078794357,1.2556748214218043,1.2078516426102837,1.0079213258007862,1.2401568403830883,1.3363435496244345,2.060168663548875,1.0323903106715075,7.221583940875989,5.616552438034686,5.166384782269457,4.605064765749131,2.6740302583253173,0.8533250076261992,1.6851535792985615,8.181456175139589,7.179090120477553,4.579691204221733,0.7825025768809876,5.881740573657142,4.813911652133516,3.1564814541066784,5.06148737350751,2.9546033887959426,2.8255141998661055,4.000875289853365,4.461311592574442,5.125594946289921,4.037746611413623,3.3805485664714605,2.0926833602803003,1.7790244353799087,1.6108593182596784
0.33331276660539516,0.6103615338876475,1.3169487246123572,1.3535672783881119,1.0145313660706885,1.0214258183975966,1.2155663876752851,1.412188783219642,2.0687470721877954,4.358945737062436,5.495033694722726,4.267006711142828,4.4083299293847,2.026442396047812,1.1855143810989697,-0.012374921416355785,7.302647158887207,3.339456905411046,4.369762563346482,5.604862139587346,5.8579516829094045,5.201787754448131,3.8409096720625127,5.34596205155014,4.081048383128786,3.290463384153672,4.186749223977062,4.097441867222684,5.449258356636628,4.162132008162475,3.5404466946078554,2.945018757581603,0.7392798786000642,1.2419040376322936
0.9006600387352063,1.3469373701907386,1.384989646941658,1.1783389226705978,1.3935604329289788,1.356789019366201,1.6488543497597081,1.798074128824972,1.5625676132551536,1.9665961636354279,4.412048118733731,2.8025670317378424,2.1856882333142487,2.944458133561359,4.627655564678964,5.4041492642958735,4.7664722842069756,4.134277095168951,1.4520674853551365,8.75342361382483,5.021571163661799,3.173704137033025,0.9598311122267846,3.9121366813475382,3.1719803449766393,3.6411440476449393,5.100061560406547,4.132946492764387,3.3150998991362006,3.9255770672169144,3.8830084065224497,1.9126909085281922,0.23262357159188865,1.0312202553219947
2.6817112922211463,2.6048783957255535,3.3668653662253045,2.842307763256201,2.5535669604413727,2.8985151998317202,2.645256721395368,2.047840385310125,1.443326044518831,3.5204932358923107,2.948752803950262,1.3754950617407906,1.3869375272428843,-0.3051973707953253,6.1849263396721845,5.142279740705954,8.935462566348027,8.753750796309085,5.838945594061708,10.883726818613077,2.966007198609688,2.0853289880992985,4.789255758391306,2.112777475381461,1.8762698791420718,6.684127177081993,5.84949555404591,4.024765469353726,3.5881509348474734,2.1481448449636678,1.6748349894943,1.3343940185385745,0.7798722463084674,1.2673603945129683
4.939989799036141,5.278268787291292,5.544209361325165,5.035028888617081,4.119654683783423,3.3761837746804932,2.8529783006881453,3.0724638322545177,2.519695995429258,1.982266510504179,0.013595462866519584,2.8642579574842824,1.4944046760321688,1.263885397926583,2.766889560946242,3.644292978739045,6.748910082569434,9.599019523486707,6.764088074172505,4.1137353158543,2.2749107692800594,4.438196082597169,2.134152682618774,1.0745386306245108,3.575065420641489,6.9781366158777764,5.39062057863548,3.9929941904564745,3.682658424390364,2.5003379791197715,1.69037244163094,-0.04460249389277178,1.0044424242104582,1.313346331198086
6.067449251422058,6.088798631739347,6.2309769234483845,5.569392015918146,3.9615246963442186,2.871339680417198,2.27777737752954,2.014130775685934,0.6298466136457888,-1.0251458942695835,1.6040610351699185,1.4711154245566411,0.5566378825108098,4.298022985872689,0.9025651787553115,11.990690539721356,10.343444145039868,6.939282531200987,10.027096987273854,5.697087886174729,1.929823099238777,8.454850855988116,6.432067811375384,6.453889098908472,6.42894658778439,5.35481075745123,4.8597930009167785,3.283755889673472,2.308059511873434,1.1978021695060461,0.5190040129556818,0.45136328124024494,1.0621187278338737,0.8941197116331036
4.781096378709162,5.305499830371362,5.022073202778071,4.296159237667827,3.598571850588506,1.1261836866862975,1.122949034633702,-0.4370949856674936,-0.992929200760121,-0.9524631463010873,2.725140891914666,10.890949002005808,0.8709378197593985,6.431891349805801,8.24837150307938,11.860997609447262,14.033668364978611,12.73979285184859,11.531255545112506,7.997450124713063,10.085288559891998,8.353135046344986,7.820205213515901,6.318522835885095,4.929867185108602,4.32259935075948,2.827253290625488,1.961127192520923,1.538802816526239,1.2981302967989028,1.7790521091888445,1.299658747276238,1.1061632847911338,0.21252079433338755
5.053908131733871,5.324781728045292,5.2364691687775995,5.916094035923155,3.1144382790122904,0.39583950280041547,0.16872971936910114,-0.9623331753259791,5.402714145414797,0.11665175561167686,3.756216951470471,13.286926573320777,-0.8404406161017238,6.2348113454910035,10.911981130970302,12.917100992353069,13.27433580887364,12.283975296137115,8.692530938600271,10.214974249272805,9.570064810893985,6.5819951267622745,6.801125438820654,5.89659545090762,5.821026282082197,5.232905233053964,3.9932378625740985,2.9336322724514776,1.3621111016167415,1.5577341330874988,1.691311837431179,1.7112520466302548,0.5533900514957905,-0.1522627610047182
5.996852763294452,5.637394119439097,4.863404333463184,5.123642838361357,2.303174937653819,1.3128173141249706,1.5325483808290714,3.1139373065084905,0.18290434694390648,0.11982622815757998,2.6693246053327186,9.293250159432427,12.780627949677742,9.546334402764858,8.834711170429578,11.817845040872642,14.15302719745776,12.568897753315895,12.13905058823362,11.022444045903177,10.910965116881183,7.693943044245625,5.438145199686252,7.851936563635374,6.560011127937694,4.810117875512661,4.189093147889673,3.301105293000051,1.3802667438291862,1.0466451297420312,1.2585432238107472,1.6558871420041865,0.544192199458548,-0.23214851821222734
6.1114513659166505,4.706135784303335,3.9886110261633987,4.467613248710594,5.444268869638692,1.2554895480205588,5.201913638374903,1.841433123061059,3.2931182663836585,4.910642377907486,4.672365656396165,11.851544216748387,16.008897623342996,12.976344488771478,16.45236797183961,13.678637229719602,11.48632610873445,10.817348012987782,9.126101634242385,7.795005804855966,9.595194191045204,9.099888390726182,7.268051409862386,4.962832543014818,5.022755183813599,3.146449597019529,2.8745455833597306,2.3144905716637525,1.55779326117045,1.8036467299164967,1.716514004261047,1.1854368760919023,0.10747355069373184,-0.46710403052276306
5.407548141136343,3.063371714052631,3.04983629616328,3.658613763174496,3.926012170939963,10.46293936220369,4.0353993709184,-0.9807947569363341,13.38602682983567,10.862287025759658,9.509472765959135,4.021706475401263,12.127251654085292,7.499881024423299,11.032524629713105,9.242159673964572,10.4824360132349,7.627264935108619,12.427563789717684,9.543484976866885,5.299350933486072,7.614162074109893,6.922886637015468,5.892473594045367,4.3073010148916735,4.205445690758767,1.3818448109498924,0.8384766538343925,1.0361324246769443,0.718599000786727,1.226762739734791,0.8876062749781558,-0.06682088743919998,-0.8184859841993675
5.595399492503045,2.918329158980029,2.6038108840292478,1.8759022309745628,3.882758560396505,7.544617358819877,2.886569762208501,11.349937231824113,5.677331259067517,2.2485239798773393,6.949343610175597,6.68800059212477,12.822052847874284,11.375460296793042,10.66185764970032,10.380938831805082,7.273028816636335,9.850472942454548,9.092956434537893,9.211644754069075,7.72437742948901,5.5326861874063775,6.58373753644506,5.6237753728928555,5.152429693300353,3.60732288342522,2.5419999908241064,0.9059917612583454,1.9462749351425754,1.538352674543419,1.2381054468986847,0.46832613468199535,-0.20683158452115902,-0.8130519776401314
7.171771350294224,3.3982821658865934,1.2022778300725026,2.267544381490276,2.158181841189454,7.215784698338768,8.544277198699675,2.5721996315800064,3.4946747734906194,6.649842155940894,12.973637526112194,10.618947702516321,6.863890598340193,9.95664203562231,6.043323632984216,8.200733471368835,10.974833254968022,6.4174343571800065,8.025471140753233,5.820751157798491,8.688444790054051,5.773821678231,5.294021459200122,4.770145042950431,4.380582481478067,3.2880351448071647,1.6926277166785362,0.41003232594021316,2.1454227334891787,1.302701866575386,1.135654887737657,0.4259649869718136,-0.29298458070941447,-0.9820055708648256
7.670125349995699,3.9772795630245295,1.8370771568714006,1.0299831576876834,1.1106099985021316,2.056159473982964,9.714140288995116,13.848262107695321,7.609032423760545,16.410469320786408,15.756566222664201,11.213366720036241,5.891398653646919,4.393839632300909,4.024510904158822,3.3852824726098834,6.79169293577893,5.394763390263018,5.8267377262705775,5.681726443704355,6.3076535405621295,5.496884840998056,5.009820681989389,4.815989005712571,3.85686437275398,2.034057324933465,2.129351795602305,-0.3755969273850372,1.5422129729333158,1.8813189281843183,1.1761250267424788,0.526119774441913,-0.23850827902610366,-0.9661626078741502
8.720629836049067,4.027146173231765,3.1940547779550736,2.7948219593008097,2.426985558558948,3.7143800519275847,9.080443527277271,7.505384649439388,15.334748507420873,14.442480579824881,6.014652439059763,6.909420495081919,5.836253495367001,6.3002498031793905,6.86130500829881,7.452043719797631,2.8413965153465237,7.401068450269315,7.117835353190539,6.510693310516489,6.882209846656614,5.351730078661886,4.780576815322521,4.454607192207404,4.990233131419623,3.755064990387233,1.644167517660714,2.1665603891145198,2.392836664140314,2.2855961604133945,1.2412222739744392,0.7306497108868962,0.0027756309192235925,-0.5897948629414067
10.712334091488678,6.7884454578504725,3.0856494612972614,4.075418905574268,3.2784352213807915,3.836520007164592,3.666551238856091,8.710822063818103,8.636943376915688,8.606247874061294,5.578891366591822,6.462216406027582,7.517868161501938,6.912245337476651,3.3158623701228414,8.5176152167833,6.595896116190383,7.505516904549636,5.825262299406057,7.459529940456897,6.897190282007249,5.683761697537871,5.340960729328184,5.062554681769345,4.217179996807253,3.4249045576428414,2.0642367645143813,3.3384171113398042,2.4637658724157268,2.0236056277076924,0.4410862386592581,0.7530250291212425,0.8182129419210045,0.22212685407366012
11.004086023200642,9.179755369169758,5.72604456321867,3.368520474485376,3.3195945757032534,2.77025803311266,-0.11781612847166818,10.650673913019466,15.405098761464615,11.303187498575411,8.967808377818388,9.541173092449984,4.6428359473185985,7.792764715273393,4.317522828069528,10.442571719456218,3.009368191869784,7.557837236164384,7.582100240300661,7.352731975521598,6.376592811902233,5.88048843297224,5.693851195482447,5.347670657519853,4.609240760853751,3.354041581503429,3.877645732923494,2.855177511457971,2.4285742031775226,1.8256646929649676,1.4436934195661666,0.835917072809064,0.8879695155665115,-0.7907697560637804
10.019164025352753,10.020038689373726,8.335799880712964,5.88831088995535,2.813599288948217,5.375241838062564,7.353851212234969,2.2117537631650026,11.189074772741554,9.422079489050356,9.167813633118849,6.600306444882738,5.186671862016424,2.2915627356024557,-0.23130884188295864,4.816012165652822,4.597518804843412,10.148787048111942,8.883883076794072,7.804143467387216,6.846884345232325,5.875465787658224,5.638452540469383,4.9471193976340135,3.902161652462706,3.3800420951890167,3.341639924446766,2.4849175403788406,1.868997538646161,1.3826912660665291,0.815262548035075,0.7260962805429387,0.9606726533920602,0.5860034328077938
11.327544416064288,10.684190474984327,9.550937069536118,8.195120788243818,7.294705812631008,2.891853256110981,-1.146606627368681,7.311977915598505,8.130238055131748,3.1393523178367304,4.402081512906726,5.883030865505743,-0.4619956843091902,1.3242689850795268,-0.503347772490663,-1.5611491403974296,8.825834039147741,10.85724231048563,9.032681914496228,8.101160702619065,6.142446723302359,6.816399048984523,5.137818106911566,5.1968834998247235,4.69293963715031,3.7924952695152268,3.8225173209988372,2.8763157353067963,1.4335250527113217,0.7736103295307954,0.8483343519811762,1.4667258619944823,0.88046357447309,0.6326054071655881
11.144371374058764,11.156037312760796,10.5286020110899,8.072122697905458,8.673428033738572,5.636204671320069,7.507458558328882,-2.0350933708013876,6.798501817295368,8.623044685863356,1.7545302558250824,4.90728467682704,4.477932602536278,2.0462357068719266,1.1804532974973054,-2.2288978252304226,7.638293220326664,10.51752569338663,9.82353894336607,8.279742136708984,8.186532660503616,7.434148206033218,6.326015120301739,5.4041808783470096,4.71826255004971,3.986691626856411,3.3521208372479196,3.2972862088864034,3.0024253423554783,2.466582085121927,2.043208352597494,0.47088097058862566,0.2719564070614685,0.04537609242011761
11.997588144964014,11.391891429084168,10.169640025204966,9.72327622966121,7.484921892960785,4.780099791227776,2.8970415695951,13.568538234499039,6.824936084962837,4.581084464182145,0.5990619991895298,0.31029566951344517,-0.09498764219504244,-2.85888512745567,-3.234818764538726,-2.2776656588790285,3.067317292216555,10.728511686544767,10.064850491024293,9.129986150724942,5.944104462617502,7.273573075186793,6.633865406373837,5.974198165145153,4.0192200961668,4.549739732464746,4.3834709685419,4.540510744974937,3.6305852107035497,2.943283895569575,1.706113457550303,0.14683425599546382,-0.19846335983658026,-0.21984054754080412
13.017811099995845,12.056780514284942,10.947529660748687,9.128305389049352,6.785386900948636,3.900362177308279,5.33299355209253,11.130166952101689,5.765401024091193,-0.3137112993863455,0.5597100389234717,-0.9223752558139773,-2.74468145823101,-1.8433441581776113,-3.7647995829477137,-1.3006382325897574,2.18959201206362,9.974916927552544,6.367122979384505,3.9490278778385575,2.23375127109031,7.829998407723374,6.850852476389384,5.923870100677941,5.2185930399754525,5.1483482108911405,4.525036331665058,3.8526951958732254,2.794967771640116,1.8384670423247391,0.22301612878048982,-0.035029621698459426,0.16092600789670422,-0.010531621403945979
