script/wind50m.json
{"header": {"parameterCategory": 2, "parameterNumber": 3, "lo1": 3.000054539987559, "la1": 64.9999836372058, "dx": 0.5, "dy": 0.25, "nx": 34, "ny": 52, "refTime": "2025-12-16T16:00:00.000Z"}, "data":
[rows 0 to 24 of 52, columns 0 to 33 of 34]
5.960581102307383,3.0819490254189446,11.746834740310366,10.105433222637831,11.02959658197693,11.183353329131421,11.534759026847661,11.980821712728941,10.843239026940772,9.643004334635764,9.326486648701405,9.454143082848649,10.798274325777555,10.89447881839925,13.14025653860722,12.119930058173184,8.475362391239875,8.217745879362852,4.324412021421192,10.334026115847616,3.4894765456198096,3.264923906644619,-0.8401262979658493,1.69838412060495,0.8911575382050568,2.4123293881718717,1.3350868008637646,1.8926211676737106,2.4049545357162843,1.8439494134490915,2.4904862830195906,0.8702360641208966,1.1696071210523888,0.4886879691739967
4.314114098512524,9.84249478892354,12.261634875390119,11.22677616341069,10.696409881489428,10.921934933752336,10.646683623900005,11.880887801024357,12.198052595879021,9.500878033623017,7.381496481141705,10.448041906569452,9.910822878605236,10.708909233445318,11.805338904705145,8.799014234081605,8.508643416644455,6.665391720887642,7.927994029447422,6.469291132617819,3.063765799546194,1.4083518368382018,0.5083050635549387,-0.4057133790487985,0.1330625170054019,-0.25221272771132963,1.4278029195057356,0.556085617753542,2.4309070862376436,1.806790929624858,2.3819347575413907,2.7197333583964296,0.7675517895680118,1.8455052406707766
13.780097051120471,12.32305650753171,8.1752667300272,12.046977742361797,11.701969524841166,13.28730799233704,11.25141146533962,10.148794389739653,5.873106508468103,10.258522322258683,9.864650532448483,9.287672702664095,9.237884446307007,10.323020830367216,10.490931169905524,9.706868333971693,7.4063596007715855,3.596268437382953,-1.5416138308535687,4.0936724157097295,0.5583008226801631,1.3569319733512573,-0.5409881652727072,-0.5304905854380486,-1.9044735703402242,-0.1737975315977568,0.1475049940782115,1.1074341016048024,1.7807893576734215,2.3616762940192504,3.2200440488149846,3.6062068471273445,0.778751421239379,0.9111476464212378
12.325854760640006,8.11815629694784,10.46281890921307,9.467577184890649,12.741178955498725,13.530122578600675,11.655506713255317,11.761971444590557,10.721325864265252,10.06105421407109,9.545162496631903,9.979069052246567,9.685007296564708,10.062575289418389,10.13924797620624,9.010565349439542,0.8693778285209708,7.126302092949296,5.002420786195338,1.744818795645065,2.959263279761939,2.0260815520091664,-1.8774571564642235,0.2993107333466798,0.8065501051382011,-0.2717889029687857,-0.5118062372293163,1.40554829110311,1.6277019501115888,0.948711500041995,0.5224340362239066,2.589230934106016,1.17448868825058,0.5343155692192093
11.991190320041422,11.87279095684732,15.650409198485194,12.056656031802484,12.654221859489901,12.312430003745048,11.854199447019752,11.267165480600518,10.237181454891836,11.209690023249843,9.787672977371729,7.847014177996532,8.777901566722534,8.575600453678708,6.07961087801657,6.651535587872259,6.94043483551983,0.6103898705256711,-1.610756644851958,1.9563375857068541,1.4580548801614543,-0.3140765489693201,-0.7679721528360987,-1.8508237914609789,-1.6310687316708625,-0.554678843886598,-0.07348915736505893,0.8235486918908369,0.8349868321860874,1.4041070956276396,1.9843704033451015,2.168102849782191,0.12273509218783993,0.2373580176620698
11.213348158568163,11.46122680366915,11.742869064890858,12.845462163192098,12.706904224960446,11.667840769213655,12.081373114675742,10.644403293044645,9.84253075469904,7.426795018009785,9.111077842786411,6.487019546548772,7.152816467866716,5.4788887980326395,0.5370775345424971,2.8266534481296732,0.5001851083303545,0.5205314375664967,3.1827715616046985,1.7406151224469644,1.5445136556809647,-0.9417656489620999,-0.6390644976291028,-2.292258929470914,0.5117080413812223,0.2638232497352072,-0.17467512452594627,-0.7237678407772694,1.3992494060630811,1.5390925279449645,2.3756884164187673,0.2900873436111394,-0.8817401765749565,-1.0706131223800741
12.464130092278083,11.349388899738932,11.538930082429157,10.804269441368499,12.167804515317902,11.2415028394271,11.123042808490775,10.586478299021419,6.889233120284633,8.960999552931083,7.257475605013653,7.615474006513697,6.490489196130363,3.99628620322964,1.4156746985660567,1.822088510035041,0.974644666752752,3.3606488580895393,5.233645103173854,0.9916824296235732,2.4279597865092164,-1.11301529691142,-2.0479923403738867,-1.4626572114924814,-0.31853403418665366,1.8002555058897085,1.604178906500737,-1.2921428094006857,1.5169190003484525,1.1518207801305331,1.4225472323741437,0.022749327269249598,-0.8488092529269036,-1.7611414878882057
7.509485131466705,12.84569231586084,9.399044135089229,11.539838673449273,11.782072457611257,10.832724911855445,12.316883817477827,13.002833429845142,10.921965477675228,8.866178367958376,7.627429610800625,4.259964474875345,2.566727400297804,2.4291195613875947,1.3095137422491487,4.855274115299692,-1.1209430693019355,3.7918340357460916,5.935418860559418,0.0884084066823722,-0.10144466117621996,0.1723624493307781,0.5670935196859159,-0.007056443681054415,-1.7444992258662235,-0.3062783523648875,-0.5401043246894409,1.2287024734281238,-0.1682550681953685,-0.010504345511136388,1.0230503586623683,0.01427078278506152,-2.309753561394522,-2.0425969812506435
8.775462750847945,9.490254436308218,11.670482469623753,11.007715851653955,10.498874246674948,9.666371115823742,13.156182148446783,10.712379768250486,9.317099739992807,4.724125931858899,4.6256996122163105,-1.4349329432245967,0.5302862023861744,2.3762171193242136,2.0078890694004294,0.05577046254110113,3.7337781313476746,3.8752049934083987,4.374097411636098,2.2035617764821835,1.2690923591405368,1.6265056934528568,0.49174177462211177,1.7833156117143116,1.5302140116300533,1.379934774194246,0.8057407026094074,0.03231605803788925,0.31103954515677623,-0.10418715140426384,0.39335648734911927,-0.07746803323255803,0.8096594855405911,2.17940766747588
10.206733560067413,12.003928729663647,11.299647831570608,10.795117717867372,10.716674155995436,11.1181029369772,13.657230574617126,7.236295103513916,5.850044010802895,2.5792121110520254,1.9177776908583912,1.5389510050224144,1.46557908386697,3.907551010988344,4.71883544141052,4.604036556029198,2.865770997272732,3.352135819895853,0.30707981530101097,0.659168813502264,1.395784759431419,1.3293323825013061,0.22027698566167822,3.3041214663902116,2.1231163527015213,2.0992296040080407,2.1626613525011864,0.09126941127366889,0.40461458071342715,0.37660711981334477,1.9346013234108843,2.4219891037067676,3.0257395801846676,3.197016793196714
11.933165716808656,10.884120346775275,10.61306819671668,11.027608598796528,10.218722026153884,10.60754792120218,6.846830723318083,3.238890873862266,7.15089304898997,3.538940421210958,8.899678687301225,6.28274562549793,2.9819943084873826,3.038386846429024,3.0842582506208363,3.1427490871572896,4.831223549110447,1.654077821043753,0.5994232022340309,0.7399100731050687,2.4633261734537997,-0.1605764538021852,2.0651593828019474,1.0244058353025967,2.0072558841010055,1.3802434928157403,-0.9031237783645513,0.19445767201804703,1.8176974116535087,0.07053895604592426,3.9927011238595416,5.698862825948719,5.673853102409811,5.648150096818374
10.692212511836454,10.10569899193698,10.388617738452531,11.105981838344325,12.237060350117384,5.260725077604248,10.24767437034519,4.771743922965656,3.704325707468936,6.266481283604308,-4.12477143182739,2.8484234053794992,5.651857946688927,-0.34322992689487614,4.346415932643052,1.0540089681731892,4.785809273520755,3.9808754371286073,5.033180821945301,1.8066410129273693,4.436696574962381,0.012718887610623893,1.1609645726424893,4.0387435796803315,4.22517299761422,2.1779806684101533,2.953388385411647,2.2932346054323753,3.1306277210169084,2.7604430287436674,6.903474090582375,7.181494266278048,6.773157884455469,5.7040098955506675
9.754538691029659,9.533052290501221,9.63386959952921,10.613343285101074,10.448607761697852,5.205627163501925,4.54679372493938,-0.7052181261235634,6.4665399927660925,5.23309284690049,4.138345728628869,4.712978084092353,3.3738501778209353,7.0563670884799174,5.41471676702541,8.787797260437065,5.074883241619034,5.0352518594439974,2.5331966908465766,0.8848396430700097,3.2981447159283963,3.4256659282547806,2.8485933861805712,3.1582906550242513,4.1779857815600785,2.5720213591182324,3.728008445190478,2.650287659958104,1.6680580520604869,5.358631720032848,8.467714874826513,8.24442325174598,7.231997704191846,6.287050320098146
8.336794907539273,8.92347684176056,9.243336807147873,9.315977311608112,8.158397920908202,10.797464690824798,10.427416563894937,4.31583603250365,9.833715990023089,7.780922225893271,7.40374864236254,4.141848362565108,0.10497036752790748,-0.878747904711394,3.740948586013361,3.912100242602799,4.848836383649983,1.0358661820301753,4.30313150184045,3.283169053576504,3.713489377465387,5.695372135514925,3.2554915542115888,3.225525453353792,3.676266698578094,3.9745457718849493,3.6723026805731522,4.76987653681238,3.187382452514848,6.141274190695748,10.30702339814932,9.219735704406304,7.635588821688974,6.563710705257399
8.757506611665118,8.155015889935667,8.118070418886736,7.665767010895613,6.793983966967346,3.2555431126381262,2.443374664453763,6.663236336604418,0.015896150201339453,3.0312012983304895,1.584547169763065,0.025530504699729242,-1.4031473908891186,5.131430779525172,4.2315572073291055,3.9148445556398914,3.5277604627372963,3.069700836147277,3.995854306896321,2.8821197745508074,3.5059317903946097,3.4225337235637925,3.1434397180318148,3.3102081706353434,4.542274094000914,3.5792407607620915,3.178863311052405,4.095968462304225,5.192140526504209,9.829363764550388,10.292971661029348,10.046430190941615,9.07851245536318,7.679338656237239
8.311092621072804,7.537858030273597,6.899590434986426,7.403678409162185,5.523003319338512,0.044641343496222806,2.8172085668790094,0.05817294192108657,-0.2394434118118323,0.6777639593568661,-0.9164749560294736,2.497358990672005,0.5019851087403605,1.4760555003000848,0.8667055930834894,3.624125041965933,3.7256125763886847,4.017951605723232,3.444708427036781,2.9694854864893903,5.56315024187348,4.231072485785516,2.942611043890893,3.1785302893187404,3.777853649646118,3.6499318364452598,4.369249051179457,2.815819678891393,3.7714412707143206,9.218907234458628,10.528390707121648,10.460530766162913,8.676015820381837,7.475952268861176
8.034078564050374,6.864033490573734,6.3334185061413795,7.034375468295485,5.249737900893421,4.795267725231344,7.6718853632219925,5.551711425629893,2.907377097903063,1.8360429126805795,-0.41576250348985483,0.962894780992764,2.718073444319512,0.3257478177740576,-0.4290969565505084,0.7311458928283227,3.603260732431685,3.726584009522277,4.202091620937303,3.7359083940626827,3.7098137507595195,3.6405262774925573,3.8153335880886052,3.015098908819675,3.7758664235610238,3.092904370112423,4.2474243612468285,3.121350355876914,3.875515591141427,8.227854829913861,9.187046029605172,8.349516398287552,7.516586791283452,7.108650196581524
7.2785816802946055,6.239050732496879,5.923088061762588,5.724071093414358,4.1232933376386605,2.381526259981317,5.5227376945282405,4.891816479171058,3.0654820188883694,0.4360011161714913,-0.0347636875604955,0.1424677097119995,2.0294674550751344,2.44346614135989,3.9556464941055554,3.9361628454000646,5.2679884587001515,5.1041854213730575,5.561600298922636,3.7521229726821916,4.152588477655231,3.208311641590429,4.084945885619397,4.479254057765048,3.39031247740673,2.9723906478721074,3.308936233671959,3.2714976396229183,3.677304917834423,5.939196248099258,7.647595958996126,6.870134381240517,6.6170434022533495,6.107782146933784
5.706212206114048,5.498011913345999,5.081147941656494,4.519728878099019,5.106522159579465,4.458258167175877,4.5084466635932365,1.6313459676694786,-1.668853018940116,-1.7907256351664502,0.7448479352926176,-0.3725802022622875,4.384400852562651,4.193547254121016,0.9807942575257047,4.895277488788197,3.061838221638549,4.260642057737459,4.786510264175087,3.7463430412441276,3.7062481155957627,4.7713426707644455,4.332872050291034,3.6498755568844534,3.9675238980453105,3.19851949544611,3.606138089608531,3.971527320163143,3.7462787935766473,3.1823151891677406,3.274300304777833,3.9254863236492534,4.446715914280164,6.870913783137728
4.891348978407995,4.966845486922396,4.415847770266491,3.6175106626173217,3.7235283212341703,2.319243582849176,-0.33280524297230046,3.4446225377504587,2.384750444792634,1.3803664395818434,3.352172995961432,4.205293173072289,0.5316007119521279,4.84841658457883,2.5938478062849812,5.678939001852323,2.9943380675611286,3.728533933968543,4.007747349253761,3.3989902948147726,3.860739681641961,3.692392466366971,4.204328712389129,4.188551242524823,2.957689375557072,3.6408668243022864,3.539643746376998,3.149148323800841,3.4637274757866985,3.6488206603756117,3.17203719521933,3.3938652247274654,5.157996619208637,4.649695213134037
4.72986414954549,4.198661596417511,3.3977804966362846,3.1571099813912142,5.296075134967283,3.1840465719632847,2.6010947486321574,0.9755884150719414,3.7673483172465145,2.5823735834748622,3.8497019304002027,3.406018500903034,3.791487265170616,5.640737719814897,-0.2550902504785814,3.563533509073321,4.69756715625384,3.807568608932364,3.7078628169398065,4.144514558746055,3.6259318670893057,3.626682931850701,3.779795871061091,3.2543654336721826,4.14120223562485,3.3758796978643186,3.6115374870822605,3.4835733213864293,3.7497294159683436,4.079470415974099,4.494490685975471,2.1524875640131502,3.328939875315754,5.045252056499745
4.115168347564618,3.4062084556279837,2.7720835329334115,2.119912535764873,5.4908523221536045,2.1798575393077746,0.11199743638417438,-1.4650649726824585,1.057534598375358,0.40077357276518377,3.267869589086129,3.587297985922559,2.705644035691013,5.002590884362029,-1.4708732232443629,4.728364852029739,4.608006848196092,5.213520884902852,3.6906694098000807,3.8852787213447644,3.909145962443516,4.337072433688087,4.154294204910338,3.152797190553526,2.7779410984582564,2.9367354430513872,3.146333162730254,3.463308688651548,3.780835793365547,3.98885230000419,2.4011525129326547,2.394799730791528,2.1414218601166417,4.825896486916187
3.2768333945166814,2.407908058882823,1.7028383438093913,1.0655160044889496,4.445275484559584,3.1128961227714504,-1.1890130581338538,0.9891096261585028,0.6164569491669182,2.9369541975825113,4.290658781744212,3.7824417751583415,4.245347981620829,5.011549948746602,3.48001524447189,7.0318646483688925,5.689848323677343,4.767332569467634,3.671585875486718,4.084822964730439,4.03906058279862,4.580471108106123,4.554346179417458,3.1173380123171843,2.5391126898593304,3.3756853001222713,3.497828767894246,4.118617121915799,3.3675730466569798,3.6808769696501007,2.9143781925658194,2.8568476938314102,4.350480908186403,6.040447067408299
2.5393543560871072,1.7617031171288655,0.14021274274047824,3.0188830546533594,3.8819556097536236,1.7434441541393952,-0.34160200768159793,-0.5568887610260512,-0.7267433408844531,2.7836258082417307,1.9943726953018368,2.805471287749818,4.6074300337956,3.206888264035029,5.8989061121212805,7.932143225971409,6.470888627073613,4.329551032539316,4.036939300279492,3.802801536060447,5.042290384673825,7.519351584851568,7.471914748943711,2.95548848366734,2.8485190101504445,3.2262192333151485,5.3660755982283055,3.5806744543772204,3.182105427422318,3.190974102145318,2.676529292055664,2.5904403061836625,4.604413590541666,5.130379730645793
2.0106263682183614,0.21707062616976108,0.6389472544646208,2.669939646302694,4.164836480994245,1.8130549781683771,0.8624294403820152,-1.0297627592812728,2.040282203257458,1.7224270390055552,2.934264432309137,3.439041286141472,2.9104689836982134,4.3965080856903365,6.941685915728491,10.517068887644603,9.883375079374723,4.498973289150754,4.195982699057554,3.6046317609950975,8.849296656255316,7.867186143246341,4.296536767089178,3.3951551111159857,3.260843922600706,3.975138138254771,4.040338311260421,3.720867523650971,2.8180983719002364,2.7926243802063846,2.9689830139436255,4.182059646148888,4.977293795398541,4.951150784283149
