script/wind250m.json
{"header": {"parameterCategory": 2, "parameterNumber": 3, "lo1": 3.000054539987559, "la1": 64.9999836372058, "dx": 0.5, "dy": 0.25, "nx": 34, "ny": 52, "refTime": "2026-02-23T19:00:00.000Z"}, "data":
[rows 24 to 47 of 52, columns 0 to 33 of 34]
-1.164472406489151,-1.06316720571658,-1.0618081992656832,-1.1380819676372407,-0.03109565267134385,1.0895239232104348,0.8401722164370509,-4.1340913546206375,-6.617217614348496,-6.412166815593929,-5.867307287391583,-2.7219969503153867,-1.4913234893226366,0.8197843939367208,0.6589260416623788,-0.3742497749772381,-0.5513239145319877,-0.9782770968452604,-1.8666074539606186,1.2993941465995686,-0.6006053860757182,0.9463790700782644,-0.33824435915061085,-0.5161206236234966,2.10306093822244,1.4446079862802743,2.957485414657779,2.307230071332952,4.0672685071748855,3.5170780059538442,2.7045577938604684,2.009612024612091,1.9202004664520147,2.5511450278420646
-0.7482886417053485,-1.0363701183549743,-1.1676679329790933,-0.5390510769941903,1.400393923159953,0.956258464789215,-0.6406347175196854,-4.425108252968489,-7.352572818608953,-6.509952102225359,-5.962076486859878,-0.047576278548434985,1.5265659519973993,0.9807057955779811,-0.0759812267574098,-0.5859971886031119,-0.22598396151789768,-0.7647242309173535,-2.0208151617083447,-0.6715249437799871,-1.5372909347242663,1.72958232179003,0.8963281725600688,-0.04605325924813298,1.4551632473082423,0.5281997867423663,2.5322739595039345,1.532551504801401,2.267469274235049,3.2313043223648985,1.4704801934820533,1.9950146952154872,2.2147066066042256,1.9900641170871591
-0.6109484098707951,-1.0601555254186856,-1.0303776811538132,-0.22434219590184382,0.9768993410032368,-0.9379473968555834,-0.4365124317206095,-3.309204008362609,-5.506135480530715,-6.015112472937372,-4.598324752108706,-1.165547746043532,1.045985932187991,0.4600290450089636,-0.0526217422128053,-0.732949093669873,-0.9163805460462561,-1.742310299486986,-1.5402753818621007,-1.6707968017367774,-1.3129925508368876,0.5338469279578141,-0.6873693047658561,-0.551424433955604,-0.028728552008245964,-0.08918804151531692,2.5399680382626917,0.4530214602378719,0.7970500970048071,0.6729074827973911,1.387744255152668,0.503451972712444,1.1402529880612455,1.1683368484674406
-1.4881317619669276,-1.173926872356531,-1.6103076027909238,0.5961147277007445,-0.9971216772954239,-1.1421315578749456,-2.148462235376324,-2.4430132273437275,-5.034909062205398,-5.639124158134357,-4.108878653509663,1.072354269433722,-1.519284677881797,-0.6058370840723569,1.4856228646540544,-0.20964803377931296,-0.24513088208464712,-1.183752351340902,-0.33363020601950144,-1.4836669287823863,-1.4687744861350556,-0.08223891099377813,-0.38194239979996625,-1.0945428640815777,-0.8461748617976502,-1.2374886454776408,-0.08490749941760277,0.6182124576665069,-0.1623459712239376,0.6657449229943975,0.9306592974674586,0.5122120907047789,0.05661614733840497,0.5290061676947272
-1.3806737465494712,-1.3168998416489344,-0.6352827247436335,-0.8353480794207244,-0.8560667339609577,-2.190750985426044,-1.328840223691853,-2.3094953866621823,-4.258077877562462,-4.168356396682271,-2.0905297972738333,-1.770138760710691,-3.148224884233608,-2.866873603921787,0.44779743267931177,0.36796164334116777,-0.5142873984505147,-1.1808222960820982,-2.347634425124431,-3.9773459323198157,-1.5500865986098271,-1.420090302332001,-1.8595252514303806,-2.2497370017305616,-2.0210768535959396,-1.2579920286317843,-0.6226797270820381,0.14505298612005316,-0.93301839038051,-1.0982271427382124,-0.9334959431264059,-1.0367698239353076,-1.469316820487412,-0.8656408938173826
-2.775769622814342,-2.5801455801173385,-0.8777872813717964,-0.635700092604855,-1.4779464812705843,-1.8348551952826768,-2.1145150559308172,-1.5356774141275926,-4.536543394192553,-2.6577325174533892,-4.925845981923901,-2.5162186352122737,-4.493563776219709,-5.2307128441784805,-0.8087006309852579,-1.1817964699004853,0.8875241892213035,-0.20662584736114029,-0.9214223134736488,-2.3965113368105064,-2.9271924503986324,-2.4798208793849996,-1.2339509714499728,-2.556827460187224,-2.9742270433169504,-3.174872081593364,-0.9323223139544168,-0.03387818586798823,-1.327386710783969,-0.9597446309651669,-0.5410675814236582,-2.195063472997084,-2.947098177849288,-1.8037565743009345
-3.4630767105880147,-2.8486316255015423,-2.2513535653704015,-1.754016213310356,-0.98926278091628,-1.5032320133227375,-2.1557881948641233,-2.2024081397241195,-1.4219254945659212,-2.076963556657746,-4.925614948925256,-3.1582134905263164,-4.001345464808895,-4.098636112999879,-3.2688025715355855,-2.877148380972891,-2.451096313279081,-0.9846690287706431,-2.694717897544259,-3.1735256892956483,-3.012744800925285,-1.3933071494314995,-2.338438250479855,-2.591749753906066,-2.702918572219144,-2.9789219358697716,-2.172789160330735,-1.921686444344021,-1.6953839429681188,-2.043983610119651,-2.7274234152622743,-2.6502306903057127,-3.057967732685017,-2.605856263692136
-3.510507797442204,-4.037924501158357,-3.448414933235623,-3.8478074982149177,-2.7459001030928607,-2.28556775025057,-1.9607337320523825,-2.7039177220103765,-2.591666757198659,-1.6938179009089296,-2.303624333458323,-3.6253867389607546,-3.9557603729285433,-3.1664479372567884,-3.454271705378139,-4.598644439267914,-3.6822168163473727,-3.293221612534129,-3.370894051683299,-2.934907754532523,-2.5392993987459773,-2.32771525554999,-0.45973217867600635,-2.4383099781812625,-3.723674134663579,-3.7643262206689974,-1.8280584501350474,-3.343744626567289,-1.2849049097156475,-1.4212089662224583,-2.6030588446708385,-2.9531622992321767,-3.01079808008334,-2.3991300947391188
-3.494929508261309,-4.268890666022463,-3.0408166475703933,-3.5122112499205373,-4.12307087003549,-3.573341638566728,-1.8155979222835106,-2.2348932328136946,-2.2976278032417077,-2.687585888056957,-3.9517843098863725,-4.274599011858706,-4.2049042531406045,-3.6269915621821247,-3.9163447747286058,-4.274245434992452,-4.011914393364691,-5.334202926437547,-4.08342459800422,-4.254420459797525,-2.9048511908642043,-2.047063899520384,-2.0015380476212603,-1.9165463988913214,-4.015718171856844,-4.13759868531302,-3.1588027912127847,-2.2612933019046717,-2.6436756543600954,-1.737379236168703,-1.879780749173716,-2.644345448217781,-2.64924179078002,-2.3666272560311996
-4.1737757479528375,-3.718966287804132,-3.6427023668506555,-2.944991265015291,-3.327246522843149,-4.560058957986531,-3.481055176499259,-3.034616786910745,-3.380084353729847,-4.205569576044948,-2.47554081490538,-1.2227834080868867,-3.5703987083219793,-1.9545137702781339,-4.069135559522818,-3.829771690390789,-4.78812626581397,-5.474863855252067,-5.4955061174730915,-6.28670442857688,-2.6993655320122216,-2.6920151898952738,-2.884746423626226,-3.1910726019528606,-4.060649993997431,-3.9889083793082674,-5.4779685244704694,-2.670605367694567,-4.278217896455551,-3.5165615862412487,-1.8041244600562527,-2.7235371493548692,-2.4914069731618964,-2.1849932168919115
-4.716247607642112,-4.528491037915607,-4.590201407314152,-3.2415946385453425,-2.6602341388048623,-2.8778625458624996,-3.566839415558775,-5.082315692353681,-3.0237197795214255,-3.5167090996906536,-3.644873014001903,-4.005910093700002,-2.3486743960523397,-0.7228237175699574,-2.3549831252305395,-2.079145379427264,-2.995187894896612,-3.4493805317018795,-4.665053895758442,-4.791532149973483,-2.4056347876086535,-2.9496015413614844,-3.4932335038952664,-5.528633410644686,-5.872043890048711,-5.0592908561198575,-3.3318273457371737,-4.579872513630005,-2.127382338946306,-3.299752017507589,-3.7153607608939856,-2.2610225892550018,-2.636871038131286,-2.015647052354033
-4.77083969740691,-4.603176016339689,-3.930329871801962,-4.530897076494402,-4.071054030304099,-3.8697128345701093,-4.177316511732579,-4.926195277177463,-4.282778655810287,-3.1174416681889148,-4.534896109031255,-3.1348253671729887,-2.1363351062053817,-1.8608682670705734,-2.835886051303335,-2.533564588963699,-2.5504857414208324,-3.3269009042595235,-2.8104283755540056,-2.531848049501004,-0.8987779421090543,-4.0424711034157825,-2.803424403088243,-5.8569796287661795,-5.047315414009828,-6.733796753355266,-5.394463052064677,-4.222047629177397,-4.602848082166824,-2.466700347734765,-3.0661472999814054,-2.112403090798552,-2.5539620066894577,-1.9202370711043222
-5.765267326513046,-4.936705138562169,-5.444322180275742,-4.690586084417133,-4.297303702419477,-4.133088173061553,-4.7165827714510185,-4.945294603927243,-6.520402650204283,-4.780155958442299,-4.473525469163511,-3.461852021423641,-3.4730609051319505,-2.6910160826320175,-2.6718498731106606,-1.2488050613250357,-2.1075047012690713,-2.191779672642577,-2.543323108123774,-2.913935579554662,-4.116536162318476,-3.3175703755526977,-4.2979279987697865,-5.701287274179973,-5.756521033824618,-5.707430471900586,-3.788162304695864,-4.419158088512345,-4.205200355222606,-3.722667949975755,-4.085500051749979,-3.017990448466477,-2.174030849878028,-0.6247722300663797
-4.962701199469417,-4.884981425835918,-5.906178623158495,-5.119900677630633,-5.957883064142106,-5.780033688793169,-4.049666990142653,-3.0762477365883205,-3.3417531320383924,-5.644371164278971,-5.8362848090924215,-2.9698674191911523,-2.064500210409994,-3.2910148625885496,-2.3004651859788026,-1.9639698067814515,-1.27305222645468,-0.9626144525229584,-2.525787799900042,-2.351834321721014,-2.3873889109055235,-5.277546171389753,-5.595404456345961,-3.7935891264133152,-5.825581634863619,-4.8576341410627615,-5.113186754826888,-4.247874695527568,-5.2900003641704405,-4.468914548459358,-3.9933479087726313,-3.7464804618229564,-1.6692242102065347,-1.372407549031465
-4.323311032435705,-3.9636171006698175,-5.426711992326588,-5.585738973106261,-5.674091534031528,-6.771765232092137,-7.271190718365327,-5.396664092668772,-5.976203983877039,-5.854044779483736,-5.366459931281531,-4.590586316853622,-3.5204092476909614,-3.93840265393606,-3.178482733030763,-0.36713631430603866,-0.7179864113872216,-1.4677632226338457,-2.734453620531297,-2.422196155693311,-2.904481810652871,-5.500098633835341,-5.003848129482734,-3.764940288720717,-4.743384136935531,-5.580586193435258,-4.607605315553743,-6.080100465981305,-6.120791603936261,-6.044854653666967,-3.437386531712025,-3.6684803016604546,-3.8287435990465397,-1.1893980569304794
-3.6697198832622666,-4.630090911370483,-4.581154488808409,-5.273598500175321,-4.05161212079226,-6.039552823947418,-7.113405099904071,-7.213264094870721,-6.436305626533636,-6.765484424590399,-6.885391276204454,-7.621049668769732,-4.4177259331990895,-3.4837229716254896,-3.4090556137296453,-2.103035126074756,-2.983086374629157,-2.240806163731077,-5.560873204459831,-2.591784569728817,-4.13910475568827,-5.702160724064044,-5.347274713092581,-5.96529503259231,-5.032176515546991,-5.562005950380434,-4.378513353473565,-5.299974713221341,-5.343407383438839,-6.39810798540466,-4.252270993049051,-3.516219779452915,-5.195214662609967,-3.095426309944639
-3.351195710722024,-4.425346711652983,-5.184067452476484,-5.04400375023078,-6.170021064805155,-5.860616531662767,-6.3383062368972,-6.296037940336902,-5.6739536878408465,-6.834477842198406,-7.114912708028784,-6.1162915051800235,-6.360282244546427,-6.079952859312274,-4.820457716464119,-2.6371310032073985,-1.1707941706140303,-3.185974552462385,-3.2567424808620213,-4.091659295987518,-5.520034628270694,-5.192491122921672,-4.784920453493172,-6.380479970593827,-6.726825638149263,-4.844373436526557,-4.93184281166172,-5.624566763825004,-6.09398809469032,-6.908727614330093,-4.810598055563024,-3.191329412017192,-3.940839396904053,-1.9415737500373993
-2.7429114645954353,-4.423837183823383,-5.009246370130764,-4.630242650559388,-4.415790287577858,-6.468455880538573,-5.078753512262703,-5.1319776255479255,-5.6697902268804565,-6.5657514470349145,-6.614820647617164,-6.249197011921819,-4.144514727654167,-4.792751779527746,-3.0342217514562306,-2.1917177670201746,-3.084988194615068,-2.4072567786275205,-3.778141582304549,-2.9604474817183415,-3.671847873386509,-5.036933480317843,-4.763182113901492,-6.261925122223557,-6.869556358922211,-6.515112876968236,-6.359366835113998,-4.791098072671237,-6.068305019443522,-2.9987162328175967,-1.7406147572347406,-1.6456038174238925,-1.5250447601422772,-0.864772331860546
-1.983476345774239,-3.835305730468649,-5.019207118366885,-3.5868359340318654,-4.434656505811355,-5.593657746241958,-4.4827949918142025,-5.196893097123575,-5.259083742257265,-5.8030956243710765,-4.6337624989485,-7.103358046095632,-6.006180257951587,-3.7976527887026985,-3.187769247746781,-2.881523267425761,-1.6230418285788586,-1.186756434470599,-2.891295616888246,-3.3270784728392697,-1.744924648525918,-4.85612887704522,-6.724574556321295,-4.83613209322608,-5.906709399157126,-6.330883862349256,-5.951386868206427,-5.311227049959799,-3.5805117234707495,-2.241653331198555,-1.7197459361281762,-1.995333963594648,-2.071004943497286,1.4324102258460474
-0.9343786438740231,-2.348046523486835,-3.6050575533031055,-4.039808010902004,-4.420051393741574,-5.715457708584349,-5.068611113831067,-5.22964916104591,-4.264997283572192,-6.358381599319091,-5.762507405805217,-5.681941668634591,-5.422033747903256,-4.407371470823882,-3.0063414450674912,-1.0426709033543318,-1.139976011771693,-0.9453069008412116,-0.43738337706842034,-1.700341318251076,-2.776725469325305,-5.973763068951121,-6.872376644682436,-5.417364183237149,-5.790357770062093,-5.938606328560686,-5.559267561866513,-4.293493731005686,-3.2120442656585264,-2.471885451789067,-2.653763102994484,-1.5728737744828996,-0.46439026487883855,1.4151598116514965
-1.5932129761799887,-1.6216703137443624,-3.8284648210281627,-4.986574950807672,-5.266295467116306,-5.879328516485092,-4.900686306090923,-4.423256083819429,-4.803764035801661,-6.704110563563911,-6.769624634020667,-7.098113954288426,-7.513024506545182,-4.490654307338914,-3.168929733660148,-4.0453011729835335,-0.4077625900152325,0.022393394346345154,0.016693910432349968,-1.7492357249617023,-1.4949512215558811,-3.4293237572434823,-2.8643190840645247,-5.85829158548558,-4.408105218552465,-3.778870905601967,-3.022868252491746,-3.9845142482944103,-3.8519515995137157,-3.7179249888932553,-2.91142755114725,-1.079802084098364,-1.8952988854955257,0.7959432524258792
-1.6137883012176544,-2.578672475166762,-3.257224786254543,-5.986392944374659,-5.829436241983943,-5.96814716946901,-4.903054600564666,-4.885190988008633,-6.148278224799479,-6.361178840298418,-6.4455691848534675,-7.325391186887309,-5.105262588589517,-4.750619264830238,-3.2244299258285714,-2.470018714612004,-2.6741381343345187,1.084373198030457,0.10775194741002161,-2.9381970182366954,-2.325853217667797,-1.6136120174973592,-2.9832531252352132,-0.6443910100361391,-1.6492098281979677,-1.9944357916360629,-4.530336165118924,-2.587633113726357,-5.086426898110358,-5.293318633899327,-3.0074751094212036,-1.8972236033088428,0.04650938774610719,0.550406636489011
-1.4264315205578042,-1.5065143118251036,-3.5352937692881894,-4.579665929628039,-4.777411192946843,-3.7714057290115828,-4.650957405327793,-4.5920229453764785,-5.720228722300099,-3.610898806706868,-5.387705340140883,-2.5612552889653886,-2.831272440330399,-3.415567184782316,-3.7731363092710404,-3.587443254760826,-4.205171585346612,-0.7215333760748841,0.6735253150646148,-1.2278339095325397,-1.8582872251467248,-1.1658390429159955,-0.9308849868735031,0.397605943543517,0.6209832241586714,-1.6481255810617976,-1.0976008727334226,-2.8229335409257303,-3.6530757826501827,-3.721423500510602,-1.6053443349485155,-3.5272010440489105,-1.4669250991989342,0.37768447107150294
-1.3809778326407516,-2.4940667510038113,-3.010815646399519,-3.0809342368839316,-1.888419829086588,-2.221598111767672,-0.8481587231046547,-0.8510335525288364,-1.6381188798131427,-2.905789502516904,-2.516344745120075,-3.6465732663762984,-4.044115388368137,-2.3632234122409503,-2.868265511512662,-2.125370268718678,-1.3266088103830163,-0.615078113577322,-0.17121331882041174,0.3212348259337429,-2.2298568512177765,-1.4027015979341222,-2.3936778825293312,-0.3266375825773235,-1.5312765580352106,-1.244908260111148,-1.0926445344894011,-3.814469575329727,-2.492249618749438,-2.674027712741906,1.2626387381604816,-0.5991527172634973,-3.834719752496312,0.9636243172055027
