script/wind250m.json
[{"header": {"parameterCategory": 2, "parameterNumber": 2, "lo1": 6.000198445256149, "la1": 58.999992894266676, "dx": 0.5, "dy": 0.25, "nx": 22, "ny": 24, "refTime": "2024-03-23T15:00:00.000Z"}, "data": [11.342905734915425, 15.919152448347543, 5.483789457387634, 9.560930795273315, 15.277319982562789, 12.11683653622177, 9.60133162956359, 6.2744963349325715, 9.346845939632027, 9.192956810033518, 9.81629160738605, 9.589416805912956, 5.959158951292958, 9.017680937175083, 2.889407334512224, 10.533950869163572, 10.388344930788097, 5.152409931604336, 10.473751365462984, 11.782438845889573, 14.106710537039408, 8.30493845299909, 6.270315752748486, 5.896318216410024, 8.926413008922465, 8.529761215002459, 14.245139599175127, 11.131543367105543, 13.72820385068906, 14.413470483725282, 13.861422505914899, 6.316232700941011, 9.073838441389226, 8.748948812930216, 8.217021978563446, 5.081999966842295, 4.925145450784173, 14.277599967203528, 15.142750183601969, 10.50391889134265, 10.630198964968685, 10.838155419217497, 16.71116289775058, 5.798334679187889, 15.482841239848755, 11.381472729463148, 6.389324667667419, 7.700395719081629, 12.095262983186638, 7.3750827593767205, 7.8185702219216715, 3.4601299663764835, 14.96175747400379, 15.81847994259128, 15.65032402155451, 3.454595579319566, 6.212882502270989, 12.830213381887408, 11.13153645345235, 5.76515987790512, 13.76243363374967, 8.83113841145957, 4.772071824363423, 9.876050066701339, 10.187141073183732, 8.475187796470248, 12.011400525706035, 11.847010323598392, 9.840401350153808, 10.313261286944305, 15.608436740865551, 12.73064286199466, 4.979681833180528, 10.814723035442295, 12.701564674729342, 16.677727018874393, 7.86401081853217, 9.848819320576839, 6.57818071047127, 4.713472729598546, 7.66400020349401, 14.893410072234515, 11.263604492238917, 15.312569463987336, 15.521235843452795, 10.957249459515207, 5.194111947890207, 6.264134516818658, 9.893606976133093, 11.022992512976558, 5.953389175611402, 11.5656361644345, 5.913780136791311, 8.186194081388221, 15.731503907287923, 4.733421524359515, 10.160788634318925, 8.41698793814522, 11.221194404184754, 11.241901447078375, 9.681008587865602, 5.624037323522942, 7.4390818257458555, 13.478339451162329, 15.27678776355635, 5.3340005520195355, 15.467222032509476, 10.050997267253349, 11.89935302639753, 8.185543147068481, 9.826006177687656, 11.151890883940043, 5.080717755390957, 11.084560441677347, 8.72810128027978, 8.953234449333353, 9.167200148789261, 8.473959188068646, 6.014441175577044, 14.03582839387582, 12.514499869481265, 11.883048006198893, 10.572822841751767, 8.459266078902747, 4.982546188121396, 8.734845541220418, 7.744886258350725, 12.496519488324038, 14.449652395582445, 5.819402181379134, 9.278269246124848, 7.196228271392856, 6.805099241735252, 10.403685375614481, 11.71332352507296, 8.469981028366181, 8.85088034412744, 6.239606090953882, 9.241544406772734, 5.260872006125205, 4.566344422194933, 5.756853003816871, 5.5684897046054, 9.272917350507289, 10.354509449521382, 11.105845905655116, 9.583919854912384, 7.843641772264508, 6.480496878422644, 3.888879967168107, 11.614949463268783, 9.973026024280982, 7.69517586078077, 8.660980514535032, 11.5048553011, 8.838589683763526, 11.268395695686564, 10.321315612898392, 6.836579784116483, 15.078627732134283, 6.34828600323129, 11.365479350533143, 7.356048522410872, 9.23856198911428, 7.257414341737921, 8.797747095492243, 13.478254793241819, 7.444107120082698, 10.388920850479293, 8.954722603870891, 12.771174199338985, 11.156923690566659, 5.625834792950484, 6.903517163886393, 6.682107261476091, 15.32888528040455, 9.753705994226106, 15.68243997514409, 11.714037684531386, 9.259059441747201, 6.594149376684012, 5.304879091913233, 12.984017964797264, 11.880330938326333, 10.522918391831261, 13.558939868390665, 11.145522554681932, 15.59868608457066, 14.141457724999865, 15.054277548804246, 6.1130285895472385, 7.6439219428726, 12.646088274636721, 15.403970238538076, 4.827159742196405, 8.266337936341259, 12.817285766014047, 16.352591594409486, 9.819003254235117, 13.678014330585908, 3.615755080004704, 13.361448369560387, 6.3800345481350025, 8.270055631676744, 12.277989929890158, 4.410746810975348, 5.385973344558241, 7.326533161793744, 6.264094927723358, 11.505718770107842, 11.049805887414811, 11.22831096402378, 13.840804497100502, 12.661370189970368, 15.200013351293647, 11.578648379290842, 4.957522070526857, 6.23979805192059, 6.322858117186278, 12.448825553036365, 10.419316558150896, 9.650862330032977, 12.266013043380196, 4.701718531530206, 5.7311223339767, 9.797742443087909, 6.1917986415180595, 9.20387421560455, 7.972482231568711, 5.574158258965206, 11.900000563538542, 5.935743313366377, 5.166219604626696, 6.275008115121602, 9.59726995385728, 6.124761945042186, 12.400067500375046, 6.2561687832024875, 6.440788267460222, 12.839086037434797, 10.42214316120163, 15.138937620910768, 7.568272168613284, 6.301230131369787, 10.280955088748904, 9.799627940767351, 6.067584755718177, 13.38154413028488, 13.22111471637653, 8.081870090068087, 11.744494033625925, 9.825618117663053, 5.434822461165673, 6.263695333069904, 5.590822768187668, 9.177825549786482, 10.911616117791866, 6.1598869923616055, 9.366804987530273, 7.014558220603788, 4.7220724087868176, 9.964182316821919, 8.567057919496316, 7.42726705046271, 5.5262491228643675, 7.306319545710028, 5.516523949080435, 4.224590303691518, 6.006211854469106, 11.274694094157413, 4.410821923918414, 8.945846857977662, 14.480187078395971, 8.59716510295827, 9.356057335621406, 14.544072453715755, 10.547844098579626, 14.374857867067584, 15.475223970958796, 10.141573442772458, 10.763001845146738, 8.479483233016131, 14.566800746181517, 14.291508848618319, 7.742440058313736, 9.986466027222699, 14.837465852510086, 10.020660154486283, 8.402998917932175, 5.607712084771286, 12.914275144824485, 6.314321419719952, 9.807469885468809, 9.632900690113884, 10.008884912469298, 5.716837210872048, 7.599307707413997, 7.230554985637457, 12.609600436148224, 16.101728968280934, 10.460484327117872, 6.791205581806014, 4.458524543080732, 6.316428994526946, 10.767395014319623, 14.524127207792464, 5.386505534882227, 6.868621340150366, 6.533745579274401, 6.985521684272456, 6.412849573089963, 3.8884197767774085, 5.827584729702825, 6.333843307134906, 10.491418626098895, 11.074369712983694, 11.300453663725841, 6.9995756555914594, 11.74261877223539, 6.773469184517029, 13.047111247905947, 9.68327674378211, 6.470987539417073, 9.248519898469787, 12.54076046892338, 7.381252442460089, 7.0543740131671475, 11.625518443107682, 13.0320109946803, 6.034303603349334, 13.96122981649865, 9.742476457195405, 11.646742671099656, 7.04323718168024, 12.759421982058436, 6.579165417325824, 4.269967353611909, 9.533957783744917, 6.635528930934089, 7.1326154972832265, 13.80150861284139, 10.642149938044957, 9.499562606430533, 11.627458611581176, 8.48690100604428, 9.771273399429326, 8.929706829131158, 11.71490799950674, 6.233993533494578, 13.098379463080038, 13.59053974001475, 6.740756815983884, 7.8893723885703775, 11.700674339074034, 12.29015651769495, 13.954677578364304, 6.5870119366060225, 12.669142709870854, 15.227825674021716, 15.127965748692535, 12.885891571664873, 6.225704349131294, 8.174932204099564, 8.54378154188025, 9.88721941503289, 6.165669792965826, 6.522835784701331, 10.07601367907944, 9.409023948799442, 6.502614330496536, 7.779464049223969, 4.200904690030846, 10.097674742697711, 7.852255924853714, 11.713802528559137, 7.5499219232684815, 5.538539592604963, 10.46540004155429, 6.548236539441696, 7.483109411177677, 9.740300672587956, 11.42149457717262, 6.368424696796114, 5.637070166956439, 5.6430466684726985, 7.117016404485061, 10.645495860762061, 5.717425487290573, 11.519149072493521, 12.355588286149786, 12.143800469478647, 8.546147842238652, 9.237917071761286, 15.866612290260406, 5.17201568786916, 6.874700524013449, 5.678101078949381, 15.040099491508984, 3.776358237367595, 12.158204502056119, 14.900686148851864, 13.542449249899127, 8.649921039561626, 4.7894527362601815, 15.373004276936221, 11.429872391926937, 15.655413430779523, 9.334656544448324, 7.383496562513695, 11.923619628736816, 13.953108546982657, 13.153985928880212, 5.474952710725068, 9.486571057971565, 11.916218103236977, 5.67373969123527, 12.376521875042288, 4.971976785592928, 14.851811362649913, 14.58275213463475, 8.209928274220722, 14.620959143664733, 7.987781700594384, 14.461262356963179, 9.609598389990087, 16.17396512043665, 9.762628147049668, 6.082022250819258, 10.488720624892744, 7.7418434853850275, 9.665773654358306, 8.499370990201248, 3.2454796455085115, 12.455390307349772, 9.692332273271703, 13.242563278136014, 6.6667483839436965, 12.511640115593835, 15.222725964650555, 9.414893316090525, 12.13640284395525, 9.785703781562654, 4.6435591720161495, 6.295836678735784, 4.574855063842664, 14.909413107384525, 11.961423594882449, 7.508835920220951, 6.997279801647426, 15.732929943447422, 7.707658360408279, 7.02818999136715, 15.84921524548378, 4.453910085133253, 12.760825714026629, 6.436020295538946, 11.760947755033998, 9.230434944326372, 15.77022513296123, 7.21875621287853, 7.154453332769451, 8.382526445920929, 16.02266203126204, 7.726245015272063, 13.894380396462562, 6.963236676097, 9.892212391152588, 9.555674146020763, 8.528611583033326, 10.712546084814845, 4.621110119164842, 5.319520051709572, 9.352771960448226, 15.261248358034218, 5.702515418549271, 10.072728677188342, 12.993311947226882, 11.237958383750945, 3.683676942920012, 10.26508381173972, 7.324924296065695, 10.718926757781936, 4.781263663620438, 7.769676983952052, 9.983666702373299, 9.238753905000646, 12.038790738364506, 5.43717075489792, 12.612764690541242, 15.11006393346912, 4.23461510338484, 3.9795647680379727, 10.223729871790523, 14.930830167615538, 7.6451563462846055, 11.816706864237748, 6.3547119039217925, 5.7585731743969095, 11.298593992771236, 14.815828516703146, 8.661391204296333, 12.167922844506258, 15.172140853141014, 7.162283700654784, 4.367891476345456, 10.611422316573147, 15.05213865460131, 15.254515201427973, 9.620737869639806, 7.221652576857169, 15.94315977129818, 15.547926410388914, 9.061328667974355, 16.284043856761606, 10.477011840016706, 6.206335595792693, 5.024353756439627, 7.132863975186746, 7.830268005582358, 7.069009991077584, 8.430260141208725, 13.635588887915299, 8.390017079849, 6.068198925667263, 14.491730707629994, 5.655192169594435, 11.056723656664584, 4.072312139738134]}, {"header": {"parameterCategory": 2, "parameterNumber": 3, "lo1": 6.000198445256149, "la1": 58.999992894266676, "dx": 0.5, "dy": 0.25, "nx": 22, "ny": 24, "refTime": "2024-03-23T15:00:00.000Z"}, "data": [3.4202283359117756, 1.1155177144018493, -4.8597850967493, 4.380169819225214, 4.23456529067999, 3.901196036608879, 6.309782059488455, 2.796068677237811, -0.2745229597147971, 3.163666212708378, 8.507187917589617, 3.135810782803027, 0.19698361647597162, 10.546652139430043, 5.613200274171394, 6.42164363099838, 5.233860253361659, -3.557073969739678, 5.178611889209428, 5.793292003279959, 5.991625862074, 10.350536774670019, 5.193765327700016, -1.3968366341182104, 3.2510069753483473, 10.606781930701919, 3.359658839522365, 4.404508604727655, 2.467880081027426, 4.624997325426288, 5.6634486489012295, 4.141120664026889, 3.4241711460928284, 1.9989563500568237, 1.3752751646941634, -3.8943118456582204, 6.852817907697687, 5.5702531240309066, 4.246931119498232, 4.922165824559437, 5.759042072572302, 1.386648380152175, 3.610449284671805, 2.473091287269944, 3.8396170437111907, 4.662666225072342, 3.966041042954604, 5.61572291056204, 3.271963934479493, 7.981872542324815, 7.03659222714845, 5.777632883675884, 2.703399653378885, 3.5780643736673294, 2.203413921891425, 3.701760446512627, 3.158335045428124, -1.7746531076169192, 1.36202510655805, 2.7110901465731856, 1.9490151572856538, 2.597903115084892, 0.8100757649180984, 2.6451722292511124, 9.595971209596495, 5.014919533428584, 7.417166347559293, 3.1821168645156876, 6.102412041425864, 3.098330159866254, 3.029672537642632, 5.137412513662366, 5.33065540274243, 4.5863458714300265, 6.482277650784128, 3.5211028876210286, 9.269860856810281, 8.727137034443784, 4.616710476973225, 2.5704977557214597, 1.7921072540170249, 4.496733606862506, 3.608025664054885, 2.4906665615218575, 2.3498077131457507, 1.755627689804131, 5.442739542474074, 1.9314617530216307, 6.17072178335706, 7.708793402205938, 3.401757966578676, 1.384624528204085, 5.619828959735724, 4.587045910294185, 3.864432653334308, 1.785838073594539, 5.675816979936406, 2.16735040476141, 6.193765103048408, 2.803243576565301, 2.1433519257454665, 4.180650948218264, 4.234856382136557, 6.165841813167771, 3.8456129723743366, 0.13579452560735156, 3.5535796539822875, 5.005274687857246, 3.182084233264616, 6.819061447271341, 6.879811630364826, 6.929690758199479, 4.612734401721136, 6.291998412923987, 2.225122010465723, 1.3173332490586946, 4.601455924115663, 1.092362622104434, 2.751478310125322, 4.394695551025055, 1.8623815860262838, 2.4116852987896595, 3.3022728880406396, 11.356972865756681, 5.892631161641428, 7.285398538609912, 4.5502972092373755, 1.4867803048127488, 5.0406690117186255, 1.728644925537164, 6.535686337663712, 4.4263281003017765, 5.046657474939294, 2.3684670445947904, 0.7316129775431646, 1.9700938178870198, 3.2848400232424146, 1.4353359559871044, 4.4059206762976215, -2.39526826001382, -4.803076510716864, -1.6095967393908552, 1.4835311158100595, 5.739159074908758, 2.4912534449176955, 8.396005230313543, -5.849135968667621, -0.996320252078442, 3.0243364548806415, 3.1734253963975334, 5.53934025387389, 2.081623203406801, 4.950242213456035, 6.334842484410521, 5.64348704180729, 7.073538868877203, 4.562805118183147, 0.7878785534015602, 8.370066037371368, 4.332263904447895, 4.009794958687206, 4.542162038030681, 2.793179156920385, 6.437663814469664, 2.925908617476328, 0.5962978199170454, 6.243851619793872, 2.7450528328888533, 2.1445666781531583, 2.1000338040721727, 3.5168067456170267, 5.619122628089073, 3.0182028825139207, 2.828970272433377, 3.058570996753911, 2.046300060432344, 2.5876382516315837, 4.438021596776533, 5.539077075821187, 6.627263181523688, 4.045646467742908, -4.1434145517929295, -0.40459677426210705, 4.160323586667342, 2.451829671444066, 1.0563627119104964, 6.611368778070867, 1.0214212652072272, 2.2480780055846683, 3.162085392675127, 7.105484979170544, 3.87958047964845, -3.002553236726188, 4.445642406377029, 0.25199058695268106, 2.5952229802395013, 1.3886547999864483, 3.7681576808029495, 9.525751679688927, 7.165908347880959, 6.116003011949159, 2.6919081717520443, 3.0332338275344215, 8.733298987924659, 3.386141832074733, 5.6994683002368385, 6.113437010596344, 8.529730179611002, 2.219557603289526, 1.0136195745917658, 7.332907232183936, 4.065824633591841, 1.6899010879755636, 4.904120147419628, 4.134003571163219, 2.379621510177992, 6.40551844062744, 4.465888942787635, 8.402598792001198, 1.3145091021314061, 5.724549627101646, 7.339992461386698, 4.022366766531801, -3.9676403863665746, 9.19204366582921, 6.030810546806106, 4.349460163857771, 5.87732217106288, 3.8289833222018164, 4.469728362400134, 1.2323806441815088, 0.4284527256516956, 5.329479972066095, 0.37928221216257707, 2.3530104300935237, 2.7732227199153474, 3.913306000058199, 5.834169616618578, 5.548158710472732, 2.811807316460246, 3.1524637908659816, 3.5540264962922947, 4.296237592340568, 2.818851824879015, 3.783760524046416, 6.446570660104508, 0.5847453879057651, 3.4509727761727813, 1.235048703621741, 8.99380972347339, -0.5743102262501357, 6.852982541854964, 3.452977349218377, 6.6065176137133115, 5.297491465915418, 4.20967994859895, 6.152119706422872, 6.968933792706602, 2.7734956017629027, 6.595593561850486, -5.302834846413661, 1.455632851952522, 2.9231125275578487, 3.098558840434603, 4.410154261614823, 6.720586765716261, -5.424392794011447, 2.3234074462561627, 4.562293890035656, 4.626689471200914, 1.0006470889959793, 3.609260993544561, 5.539125520962506, 0.8043411577993658, 5.937219225004849, 5.322130023533054, 2.9040977185480936, 3.640939466016719, 3.25170276653091, 5.207755155329408, 4.248832129793184, -5.652889383815585, 4.840791458697048, 2.0101725693842982, 6.416361615909623, 5.464473885910232, 3.9164814979943987, 3.8165816757576683, -2.499028341743329, 4.520467921786491, 2.7032789827037194, 2.6698862552212104, 3.01732200250554, 2.0377874740415254, 7.199472156715867, -1.3679725000056009, 6.5068844625247335, 4.422167836795036, 5.34083927253996, 4.21374621900588, 4.384034466987488, 2.3532433059703135, 5.433653872599495, 6.512550173782421, 2.1137520637828953, 5.4042942306042345, 2.2538082859964805, 7.319876651878936, 7.1979837052518825, 6.33029861578341, 5.530876300601981, 5.638572531002509, 6.438159222932827, 4.712494025611997, 3.241926243757995, 4.522250302633955, 8.406558512747363, 5.683297046425232, 2.547781593951774, 3.3673890670301225, 1.1684101284561677, 1.9801747350901941, 4.124491227790668, 10.850319037147942, 5.272488267389091, 2.3426765003719794, 8.087406808132137, 1.5493348345600555, -3.6845057941457595, 6.0813083689564404, 3.968331632532497, 0.7239353770282092, -2.817138437313085, -3.6242001986478427, 7.169386019954342, 5.445443874225697, 6.85871370750276, 1.4997834222022768, 4.440399555186285, 2.857923673657662, 1.8531890457491496, 6.466979584745225, 5.702976712182853, 1.8990921662271665, 3.05477009685526, 9.782554880642438, 5.6110415157489815, 2.573445253983118, 5.913761028764772, 3.8213272941193197, 1.841464639739806, 1.1241692939681096, 2.382831719411882, 7.467326288939871, 5.24163229147633, 3.352917492377517, 6.247813888980302, 0.5139516583663027, 3.0823766791633145, 4.29525012952703, 5.37767402875978, 2.7628608061264526, 6.080906839807778, -3.5927111183639147, 5.067341698819194, 6.051661169140783, 7.506649766106453, 5.919216598225385, 9.86562772776503, 3.366257299437127, 2.5771640933911226, 3.7480854558997025, 5.593398307202648, 2.4032653859787207, 1.3475302606370885, 8.945142936874662, -0.7751372112995899, 7.582884924989868, 3.800274651308676, 4.3969936150931055, 5.717371544125251, 5.207787387284757, 6.039977929692999, 2.375210649748389, 5.9684332425047, 2.9196190428076525, 0.9224718388297981, 6.266895913526941, 5.566663319376468, 6.313469803580084, 1.9100590619169147, 3.6865291468170702, 8.212744423995218, 2.0564791510453686, -3.9835180039425224, -2.7348396823003345, 7.1381417745877105, 3.2839792582854064, 6.26517375018251, 7.313238652716008, 4.415971603283159, 5.369127541671008, 2.486273891042161, 5.737361184970561, 3.819654538918964, 6.924393189657188, 1.976545453652008, 4.9285927420100695, 3.4528218374083908, 1.1862826592610196, 4.244863596202043, 3.503149438646437, 3.958502635586997, 4.388432251804743, 4.526783874360384, 4.1477210426846645, 1.887969153125963, 4.171314343526818, 1.439461998432509, 1.5592323493943103, 5.141846293522747, 3.898577323969517, 3.37931889069378, 5.1444788411770155, 4.93654757813706, 3.2700694703997755, 8.904038030356597, 4.929879829080505, 9.031248531785437, 2.5757370210072583, 8.805148270850413, 5.420644003157913, 5.947134298876194, 7.137303646027079, 7.024600467263728, 2.4343090614012337, 2.5892529555037176, 2.4009098550858727, 3.318639870895974, -0.24250036022544397, 6.116061129620319, 5.763671351613994, -3.355641353197512, 3.27938996758956, 6.769929213405433, 4.607717326665793, 7.655811524190812, -5.535952577637292, 0.12971028808561513, 1.5513887332632479, 6.532881789630659, 6.817000281993462, 1.4572695000545952, 1.102427782249553, 5.724063126570121, 2.793544001095636, 4.433869804353531, 1.1237153867892018, 2.1383122124382448, 6.7755501075578835, 7.675218558126461, 1.2469962710307907, 3.911688476060213, 8.37891900588553, 6.174829248256375, 6.951679233015169, 5.751261428521834, 6.307810767988651, 0.5928194144241905, 8.565712607719373, -0.1608873018496876, 5.444977048970868, 4.167994176744813, 1.248792327111755, 4.961018011533054, 8.634894289452069, 3.8551699234922836, -1.6168864426829728, 3.42679381718851, 0.7696044061782353, 2.247281742930338, 1.157618776350687, -4.763097015607083, 4.880114527218839, 6.201943855631554, 7.966278500500931, 7.162867041504583, 5.89540801135799, 1.3543227687655257, 4.10549192741672, 6.1172180780759735, 8.041868871238485, 9.593518402239964, 3.1542623637244467, 8.829869272159252, 3.9893197801407756, 1.8010733730927106, 7.331320603440763, 2.322454605828285, 4.527709444641132, 4.293793950378922, 6.106254763620303, 1.5314918464994782, 6.386897108478486, 3.313621023898152, 1.6425068381491041, 4.115356304692504, 3.527015427420317, 8.80719245754529, 1.6603069497774254, 2.310376483359865, 3.2170350273828614, 4.315998176521704, 2.551445963552245, 8.273331637346656, 0.49368379213686236, 6.11953560595596, 3.8046436957101712, 3.974369831973037, 3.130678795890593, 7.476289617728844, 5.291039496108847, 7.908602391096266, 4.684681827880348, 3.4912406777874114, 3.1193945204063107, 3.964830046955929, 3.119575234707116]}]