script/wind150m.json
{"header": {"parameterCategory": 2, "parameterNumber": 3, "lo1": 3.000054539987559, "la1": 64.9999836372058, "dx": 0.5, "dy": 0.25, "nx": 34, "ny": 52, "refTime": "2026-01-30T21:00:00.000Z"}, "data":
[rows 0 to 24 of 52, columns 0 to 33 of 34]
3.2548096103971225,2.8468757762595756,1.8738165037869956,1.0366825182564365,1.3280873223193865,1.0103091498920742,3.292994101411645,8.637694414297595,9.403522859151622,7.491963552767975,6.5099379631873395,7.312095409717174,8.416154128280345,8.293125319855799,9.774923709835962,12.242121493176448,8.60772032248118,10.160636033298434,11.379134276832954,24.49556148756067,9.709890853596955,4.328397099213532,6.310761046398321,12.704125855862113,8.210134762924787,5.005050695233325,7.912809193626225,8.98129872976812,6.69194206868526,8.53663091711908,10.460041396740616,7.914264267074496,9.389587139848462,7.225429014923555
3.1335202112727396,3.4036040905591065,2.968796773394014,2.8929491911067,2.6757234544228212,2.1697131823575253,1.6681059695224714,3.678101596843203,8.989989626217133,7.084008508724567,6.513656905147015,7.412300345148402,8.873819329360774,8.484112653201024,9.332782667718696,10.718395044468823,11.704161963386143,7.962176560250756,14.955024939704114,6.340033982587898,10.214204403447546,7.374654410116116,8.115637966818129,8.882928794629583,5.584793407875198,5.7402060931926515,6.218032124461157,5.164396125872603,8.86877252920144,7.784815422568739,8.224928008849762,10.000022066795891,8.053928383886168,9.863760085594762
3.2853198664729715,3.7840620788430854,3.6304298276591522,3.918362588450836,3.48392849281661,2.8404211827870993,2.4990263412450875,2.350536989002476,8.92602656649381,6.773266283376735,5.585869429896409,7.350803866949879,8.709263596681678,8.294362388127132,9.391624966485155,11.00462494932212,12.262069877391834,8.85795257790427,3.781741072286933,8.01298329965948,5.729399754453511,9.308422969380562,6.106125365225572,11.518158471588917,9.194192760032436,7.282566286176187,6.799159654518708,6.9385320912701856,7.344665175218739,7.375438447778113,8.404689392138968,10.046541337831648,7.917802599253641,9.694415453264421
4.539503303731322,4.673225049456254,4.1864475660112275,4.358813082470139,4.710594680947073,3.871087715673348,3.0244495997915712,2.506388972691349,7.552782616093337,6.205303062766561,4.967856882069871,5.946416628668142,9.147994804516689,9.891282342201986,10.116819859805641,16.000518112555845,7.124573553419081,12.084999450905046,9.85867173118042,8.368941884188505,19.382694523183996,9.849992519551416,14.631035124075776,9.353853210552543,6.212675123425343,5.893091401178398,7.9093184343992595,5.875439519290309,6.6996271243483525,5.925165514438089,5.246126945281211,6.22216605275445,6.9031415330653925,7.4278299710106115
5.197716064001724,4.746964453436261,4.63758694854667,4.784361973858262,4.496231641724645,3.5698840165921055,2.904169818336169,2.226035952984362,6.053008404536509,5.011476414002874,4.0467837521793255,5.26196602080789,10.621299317872358,10.40613189634209,8.836146470080779,15.809754437818432,11.317673771640333,6.905043610735712,9.40292336372801,9.193865475982516,20.787890962337865,11.799938950243918,6.990892456935475,10.470534571109562,7.962378625829129,9.978855157812744,8.681321200822552,7.473862368826174,6.197890381113955,5.018672047194257,4.855979941133424,6.016086454453373,4.465605105157539,5.1268441168115455
5.311445905231702,5.362938462054667,4.4133044341082215,4.590065910188936,4.337370496329832,3.283421026853814,1.9954004140772912,2.3604876044427603,4.184368933357573,3.7447479139195297,4.300352793271865,4.7179753010217,5.6358551191761554,10.425279977276537,4.552271282660559,9.140987728661065,4.187217479988042,2.0727441946725738,12.98320886773796,11.618196834990703,5.372730305974058,8.14177878261915,11.272720183086937,8.710275855169707,8.275253395951047,7.600474636154742,7.30744010612398,7.114937897201357,6.38962858227325,5.497477628768149,4.726630980274092,3.930989323188969,3.1562127784517857,3.417510086097956
4.8576712628172745,6.193178892952523,4.825534276484806,4.216672021444606,3.3048354385044374,2.1190485732648234,1.046556193014264,2.5735422138380453,2.7038300541736953,2.8772846838176767,4.223634389471751,2.1117287028315164,3.460781743616676,7.715596838668057,7.940191704669141,5.291042692988729,5.808989933258533,14.905697564061228,12.232610892530282,8.495225465601942,4.538700051868345,7.117338538001501,10.035177776219001,10.978064685588846,11.123689023264522,9.781665487234974,7.789949426005499,6.797213567945341,7.011236505419053,7.552870302053745,3.8571781308341255,1.766185490677707,1.0154240100936511,2.835840569207138
6.462674033088193,6.271445801330704,5.137430403393178,3.8341523396463426,2.4902161543092487,0.7062480800199635,0.8380485477598297,0.12047370899667452,0.5816098424631402,3.678970168975314,0.5282305088974596,3.934792914160731,1.5531255474323957,4.1673107112524415,10.115543370754278,10.94571314005486,5.5422353359663985,20.403178434220646,20.198243321860808,6.815157154369121,8.224126851833812,8.171839968548579,9.278694276203032,9.198104069458973,8.889559932549119,8.62934879176064,8.038228580955197,9.677792734022882,5.566251759345293,6.129510500812956,8.340565981270839,6.071844867698391,6.560587320371398,7.964256326735967
7.216426099918154,6.074880367709513,3.6838732619910792,3.2198029299643602,1.6220021624456042,0.4013540448976404,-0.7830849826318378,0.5840585133972679,0.06781026538760643,1.7318883323526737,7.932724579976317,-1.2333439281702563,0.5922904675425912,12.243466126040037,26.217833210218735,5.293204973539913,14.452840615831285,30.98924260257979,15.571366874548394,15.378636008220834,24.97493462219468,16.907824525642948,12.017705054312646,10.76557056370736,11.445999194160787,10.63536664357677,8.78078391622913,5.624904170383272,6.840758471693593,6.59678367149824,6.492544044091268,7.047060400338817,8.052032992236397,6.775026769537641
6.888871444414414,4.894010095021499,4.191020293978216,2.745777509396787,1.1524525317352123,-0.43246566980103707,-1.294308776283786,0.44650633654069427,4.607436138662444,-1.9171810534221836,2.397919367879156,16.820066237785216,7.671949491355888,13.214974076352865,15.919808729849418,25.92503910718249,11.630220859543487,16.335941057701554,10.747425068303649,9.08005378592633,12.461853210347865,7.83363054654085,6.757569221138447,11.29187146711736,9.096317215635812,10.40129852740441,9.706882488966597,8.676440142489483,7.245556842611677,6.901934493106934,5.902040820604723,7.694333988574354,7.919209064935343,6.517685625599294
6.317507326330028,5.658649510671938,5.240007188923937,3.5785800036953592,1.2087380953269622,-0.123217001002147,1.3515001936332998,0.27289681789128045,8.134795298861215,4.754693454704264,17.685789271285255,17.642342471051613,7.338102402162556,6.041430514537526,16.57956391840109,15.173017606797336,10.319616845716608,10.02205848914124,11.475644040466882,8.632631735754266,7.391013216440607,7.301955379733935,11.280589026689686,7.7764889682285885,12.094401732227812,4.594247599826169,2.3431572600517527,7.992000548402901,5.423101221652058,6.277322966526106,7.696790833423083,7.624918208272047,7.082488315035655,6.473352404923949
4.894490866619146,5.9086066714199745,4.853710137601058,6.559060613885218,0.207914161257401,0.7493916623191532,2.79668989337508,3.0424923812736755,0.2650436784985087,13.577318865055517,5.479321269774797,7.990935698727716,10.056377244792058,2.4702773893571055,13.566833033868157,11.060025385642282,13.778346857566397,17.945907909459518,14.397696347165487,11.78563405677637,11.219708342921669,7.851132110570287,7.0124870124021585,9.328576115654128,8.545284100996453,7.22049482634529,8.712494809595153,7.316069140458353,5.779995941073842,6.348511620626714,7.804787702784342,7.310567606183728,6.818202255064076,6.560028114725688
4.756766682555792,5.663022161290581,6.289896737832121,6.43371461679463,0.5890665910839606,0.132037905221138,5.338539721452425,-0.14300403247428867,9.02506450630136,2.510766810690572,4.908730075818761,9.910055241810813,15.820733921544278,17.92003195348434,13.353198470305394,20.000246271714058,10.407564364654862,7.199711174846833,8.246119557296664,7.410748716788526,8.553522224842645,9.334976314388362,9.300460762228937,8.07389614772803,8.01350952614539,7.875822803535409,6.918740639662884,6.2786015689132935,3.8500587039527185,7.882358359870607,7.723642199206499,7.285767054791126,6.564660524501663,6.353531964884845
4.422575276411489,4.266760264787564,5.700846705904929,5.164886593348484,7.81832725757708,12.112961191737874,9.284992865983128,-3.517953381085765,17.76808960629071,11.813955906914671,15.198028584936868,5.711192434540712,7.420959507465117,5.06092757539246,8.00572966235435,8.819798951562355,10.058253175641745,5.972439396741449,10.808504836421445,6.898851048369082,4.431941573480438,8.91501321096485,7.786128498304462,7.821316964224628,7.58998394280989,9.333576499750727,6.53454583668055,4.868304560115126,4.620103835312713,7.930861541107914,7.831882739399634,7.433317581183699,6.774204480305006,6.163380208770779
5.094335485903304,3.6575095629223227,4.644174607420404,5.519306930073607,1.9842416139625785,5.675977521010285,-0.06570854053404576,16.37975519747833,6.123752037805987,-0.20062676488713962,5.8934188542782495,1.0822785554623107,10.16022998748691,10.880703846590691,9.347879240677452,10.635999808447613,7.299843720651948,7.8223626466540415,8.171280199776364,6.3127515882402685,5.931843317887973,6.022456197537377,7.000865755687477,6.459641398476659,6.058642636453034,8.266337196846328,7.5154959596965645,8.287670968168918,5.225461556755809,8.107573296253792,8.016473632185212,7.263139178972602,6.963448153912622,6.135871714506751
7.289029954313933,3.2271990635169896,4.010168136430818,4.293519992401604,3.695465746825515,3.761478737858647,4.678153787800391,3.2587375050430865,1.0915349783909192,-3.7403354719316297,3.6865349804804444,6.854566177933607,3.7936489894008614,5.645283867851202,3.2227459209636704,6.42816104691151,8.640196023179133,4.904030757866485,3.8974474858947223,4.5913656341354665,7.795465794232942,5.513603512678366,1.4795356494119227,4.702116213944939,3.661985199130566,5.681003413443942,8.037886678655198,6.676332793891101,6.114363749360176,8.052447990008847,7.567958629085185,7.203981817439953,6.8492324767076065,6.385574562446967
9.59485300793396,4.639041676353552,2.097290865948511,4.8569248114300585,3.2638169927517966,6.411164759576123,7.9836810129494795,15.935891183474785,6.141526990010976,12.5626419301816,9.027529776095045,4.289760293972523,0.07340023600485954,1.1966459676880887,1.0349446053268005,0.5670012599679422,4.090811850649145,2.21234272727471,2.5390092187824735,1.9949841779855166,4.9218245031005985,5.0466380924139065,6.10375396491955,2.301987537340337,5.80915956668681,5.787935680416307,8.149345204434667,8.314934271156279,6.574162832419538,7.615993983119032,7.6094100580230055,7.1990222161562185,6.902608606847343,6.695652018404262
11.168231182794745,7.2655901372418485,2.161716441126372,1.664396016156953,4.297284570945773,-0.23787551758274855,7.767345062452876,3.6790132008396492,12.96149302436985,9.121424679559453,4.498047633441538,2.467842902798859,0.7295900484969935,1.079231548699517,1.9748572608166508,-0.30876181155035637,-0.8371974509095083,-0.6912606569457816,3.1269166090175613,2.816451238433606,4.227567571814939,1.9746046205253984,3.818451355861786,6.437684529067321,5.085567969060004,5.403054303753939,5.35967078777536,7.31155020173369,8.230551500487252,5.774142155911466,7.005106871928671,6.88525294508902,6.512923257749247,6.076164040880231
11.968732619204975,10.291685974038966,4.199234140712643,0.10308184081528356,-0.7954142807243628,0.7891876591818721,4.120483888233616,1.9936159710088388,2.2300950216215067,0.6200470463027624,-3.4829177281811243,0.8336931332912034,2.164809169189502,3.7878951108908727,-1.7850252394880644,-0.325568322074375,1.0128689289216966,1.0525350833457814,0.24954683461138283,0.8863406354415848,1.1126920119315284,3.404908634539232,2.4824583851185116,4.4280937858948475,3.852053587736057,4.0413102711280935,8.25657645686699,5.194556264640246,8.285614750634362,7.7730935826511605,5.215705618877855,6.0941546826734045,5.521226652564907,4.477151229737404
11.14657522455905,11.383785753827194,6.2210718304490396,2.7442635598609098,1.6787453013939015,-1.8687094509699933,-10.552543532420628,10.094953181062102,10.96809548085836,3.8799649790544746,4.001138000865065,4.264693424984742,1.8465196548999492,1.9509828731128664,-3.809076950430495,3.1004632830535086,-2.3137725147818036,-1.5634581426634222,-0.9107329118950662,0.0012326307584657398,-0.4042321714048212,1.1922967553011599,3.1402653275574686,3.1556730363022796,3.0108623541613087,5.00210339333626,4.871364582416105,7.004129336529586,7.114329800400376,7.331325734635175,7.317534332729318,6.242345909918597,3.4473731793768114,2.774896389467923
10.357378173770337,9.738477622870322,11.115022439670696,5.856659931780234,3.9852207959949704,-2.11633182809531,-2.9726672303224677,-0.8196947557288681,-1.731251480570174,3.9598052291109833,2.7375337929464365,1.0252392272933595,-2.1522825361513576,-3.5810967953521056,-4.388633177855382,-1.822364567307045,-3.653785020241772,1.550168610396509,-0.29209081559592054,-0.3908438135214473,0.4588795052043041,0.5095827204242134,2.8992634142340252,2.467648038673257,3.1425540024217726,4.8954366139676475,3.0420680528051913,5.751638412650554,7.169417696811266,6.729378377768989,6.496360231307124,6.733397200811113,7.792771669369349,6.867951872921076
11.083185603964541,8.513136271952712,7.217801033131916,8.22347198600202,4.916374497329434,3.9467048214101115,-6.357445646200583,-4.718127988055007,-0.20663154881454374,2.3150964556158717,-0.8493308704955811,0.8545757166309693,-2.0144409627234503,-3.5291981586386463,-1.9324971379713838,-4.487682964319963,-0.6050352362800345,0.9198981504438534,0.8521667573989826,1.5502693898192832,0.6613339628638756,1.6089750021327522,1.6035413318855327,1.8703616441546003,2.4452228874597157,1.8762892528322113,3.3462890614651077,4.98894580777386,6.267749638226016,6.33231508387206,6.90102415008332,5.918083816816695,6.3924635304086594,7.082637950032177
11.834300727943454,10.335858960214594,7.048029115627803,4.592542913688437,2.436812872747642,3.8234797273193046,1.7691006648428895,-4.667219958658609,1.1380155865887844,2.796757892853524,-0.5226113323702745,-0.48257040444762384,-3.171289814561509,-3.287665116792825,-4.849820204228679,-0.33230228607616885,0.5592724410504178,0.4442046541977784,0.3376677673759566,0.12955116026070113,0.4032294364017051,0.4260391414033357,0.6374354422852166,1.012950151845739,1.4873477903095915,0.7822996060233697,1.4416597121063965,3.1978013599308817,3.7510077488293714,5.646150814440151,6.096578839884125,5.779390122490571,7.95300464001936,7.229894100628878
10.64395734304914,11.12896062700385,9.167582802027447,6.894257540783595,3.66853547543048,1.7319995490133193,0.10337026356014818,9.648774766959098,2.6310105528178824,0.34339012540554426,-3.3388379203563154,-2.2445560101814452,-2.828167916549659,-1.7632134777573143,-1.1653453969763279,-1.6621040398848328,-1.570477379223839,-0.13736751316162613,0.7306750398668863,0.3833563912873727,-0.32927764272254856,1.0628996041994587,1.268702427278576,1.7263755248312616,-0.3305795555115206,0.5903296797575781,1.1345155347945022,3.3566917155887435,4.246307745960033,5.3306095098858775,5.556395047657052,6.311310014922285,7.931723629641951,7.620789560357873
13.152976079658497,9.93626726192858,9.612474127720331,7.245353160166498,3.893381748515578,2.322130646927528,5.115653562856349,13.814916387699546,1.5020270763078236,-0.6767810733427865,-1.715668644963284,-3.081408539015216,-3.4122637634405053,-1.094444740048223,0.1510055428415023,1.9147931393724476,1.687264110809761,2.7315523745556,2.8476582766560434,3.1430223620277618,2.5609776471358,2.470167309424528,1.5481905083663592,0.6882492675807711,1.7040657595279347,2.641811670052739,2.6723984638587166,5.070310187389007,5.930617063266992,6.137309435438713,6.082090375578662,7.906708975930378,7.766037763685869,7.368151575270219
