script/wind10m.json
{"header": {"parameterCategory": 2, "parameterNumber": 2, "lo1": 3.000054539987559, "la1": 64.9999836372058, "dx": 0.5, "dy": 0.25, "nx": 34, "ny": 52, "refTime": "2025-12-11T23:00:00.000Z"}, "data":
[rows 0 to 24 of 52, columns 0 to 33 of 34]
-7.525848042529641,-7.32356435644534,-7.12638660556041,-6.461976793250231,-7.691642738424691,-7.723192149936195,-9.300052549996046,-9.691969518879867,-10.149110099588565,-10.203287670370955,-9.527893252112586,-9.682469136790015,-10.4751145385463,-10.565313958783754,-10.388985206216445,-9.481549038016151,-5.654751771715334,-6.86229443381721,-4.2054941185453005,-11.036686989062465,-2.893923953917052,-1.7675820279484569,-3.8500424002542672,-5.125626851662675,-3.114526158653703,-1.913432183932369,-1.3093642264474463,-2.540255839322433,-1.9795057127206785,-1.2533798203318598,-0.723833537696434,-1.1390454062915074,-1.4245509829840057,0.4264713482453747
-4.421953754681607,-5.3048641632794515,-4.371806483482844,-3.3976888782641037,-2.9781896901271696,-4.427412429786038,-4.24977662898101,-2.3555000432463187,-6.702907933026918,-8.186510449350013,-8.338433736350574,-9.763837011325146,-7.6233239175715894,-8.23840739269369,-9.893919064031016,-10.020505455511074,-8.576270628370654,-5.317998327318597,-8.38017636641371,-6.801900232779144,-6.620753685112398,-3.7213333033115923,-0.6275434191578192,-4.929483786731319,-1.6251723069317525,-1.9634939248364578,-1.4039381726952571,-2.109854404763344,-1.957881779217117,-2.260923483518064,-1.0949835517745188,-0.7446920620132806,-0.47812374531913837,-1.2271613774347796
1.1721682071603134,1.3892061853229365,-0.1517735388773573,2.2512088686279963,0.7222257453741475,2.1632271304212582,2.7872857287336417,2.688631137633391,3.0196492200349323,2.9183576383108845,3.0252449813788114,1.5232818678838782,-0.807249031757058,-1.8835416648572236,-7.181469700352771,-8.757762565292486,-6.054433762206119,-5.190721467615476,-4.852304151623223,-4.075385463131301,-6.622648599291382,-2.84433524701795,-4.096939722424399,-3.1782705497874213,-2.3915196475816716,-0.8566930738709685,-1.8715272288322162,-1.0954387207309961,-1.7349080620675519,-2.355646861809023,-1.6589250160230238,-1.216536981645109,-0.7300015819868388,-1.2930411568909848
0.8046973096185064,2.1539484172793353,3.3022626391107797,5.143296129867931,6.28312998291008,7.259725414902265,7.111724237045182,6.521555650971535,5.922617471158387,5.179843476807259,4.899620890233005,3.9667717564726064,-0.24706255894417659,-1.3274567882467696,-4.046213454819587,-5.067452584585185,-2.2012176177855594,-3.826572201899267,-8.74492364471932,-2.4562057201596867,-9.664568249051467,-4.406289389521345,-6.6912543353151435,-2.3220907134324227,-1.7283411505293234,-1.3970119234487244,-1.6785453738108018,-1.6203806709101591,-1.9830924606748723,-1.7610159718885199,-1.718102564368057,-1.9023041646666063,-1.5383059491134634,-1.1058831271055585
2.4877396461337504,1.972694068682108,3.6312498828651734,4.508727385387161,5.59265165874553,6.651472978655112,7.024228174634773,7.354050705147788,7.041883848275035,7.227817230181935,6.836841982449691,6.253736667006342,2.2460200048430847,-3.553171014356599,-4.171882355881049,-5.121540328053033,-2.10438522071783,-3.536282121054721,-3.5389445586703423,-5.0789114165262506,-7.881616704153239,-6.149753207393261,-0.652965583761614,-3.063488265213058,-1.7763925116828863,-2.0062013170058335,-1.683916307943791,-1.6385240784049153,-2.1754372135446043,-2.0651982976026297,-1.6846204508488083,-2.1623254911256478,-1.0340682081559713,-0.5494777956664331
4.489937757786677,4.7639366618525525,6.202347995225843,6.984482274631516,4.898989119024464,6.1855064622157,7.33672706091367,8.02163466717135,7.740178538782992,6.762145431865558,5.720760387632365,2.965408356495722,1.5013127174047587,-5.89175862517041,-1.3250031903646255,-1.3967881081684452,-0.07148741195388783,-4.241127538062953,-6.876816524164118,-7.172261696412465,-1.8864034021734541,-3.544984173952032,-1.9602684231692264,-1.7428554462674768,-1.9427458365590395,-1.8265620887365335,-1.2488436574354567,-1.6696415778767413,-1.7612760110422518,-2.136130015334469,-2.3295805440752235,-0.9213465966304937,-0.5502899692030558,-0.9153042283896693
4.377593081123722,5.277652647858318,6.170589448692026,7.167181915290118,8.12270459046838,8.806670610815939,9.13410383064474,9.47897360136956,9.67582790554332,6.183191055806385,4.857719251293754,2.8135176800015747,0.7886902385523071,-1.4218320577793986,-3.1627348291413355,-3.29141258576194,0.9389747880838318,-3.3631698638948886,-6.113776761587106,-3.0029549737078445,-3.163826198064365,-1.6785048984662745,-1.5888878743543868,-2.2209290516670386,-2.2293486182753983,-1.2913452614812595,-1.5298141184142269,-0.9377158482038641,-1.6644745555068454,-2.18439100737536,-1.4676521108141198,-1.830187281037848,-1.0285229524775863,-0.6556630539566803
4.001607230307935,4.730493448044659,5.605915003428228,6.442746388384729,7.350145042589397,8.483328421217081,8.506947592611525,9.253960984906069,9.440590374192563,9.941457124903103,7.719501379346352,-1.5928127724596055,0.45832899597254984,2.910114513574051,-1.251723495921233,-0.08302702029271061,0.6351624170612604,-0.48299859691508334,-0.8374159445892511,-1.8155505102249014,-2.049645018643179,-2.5128153287855826,-1.2741777547391457,-1.746168778047526,-1.436940219216561,-1.1972514156252936,-1.9094246130242216,-1.5514779224684843,-0.9687836216646447,-1.2386455468161763,-1.5931790332531341,-0.8926324571822796,-1.3006636169065708,-3.613095790271264
3.651491413177938,3.5901643138057757,4.495861404079741,5.783593523984528,6.871113014408728,7.757222837549291,7.986651752714289,8.668165075371403,6.530983527031415,2.848377135425062,0.02708279511771513,0.03907954209249456,2.7487042865925226,1.0478009700162119,3.0782052156562507,-1.3224504709625657,-1.8850625872161182,2.773261574875815,-1.0546681882564628,-2.501771416261489,2.264416098959658,-0.330102018250378,-0.12320614269193933,-0.5841080205053767,-1.790939242061504,-1.4699733595123665,-1.2677983529501295,-0.8027140080434044,-0.5099561431437615,-0.30617292110381733,-1.9618949887324506,-2.5101825489053162,-6.3174448379654,-8.077504184541874
3.24040758811454,2.98870940594328,4.059865144763196,5.131774197761836,6.02894678770441,7.2205040358252415,7.7568042376309885,5.022862281609757,1.0414919380641383,0.7793510000209072,-1.9468645659193922,-0.15915012564461226,5.723960412821663,3.0028647267684567,-1.9796516153719792,2.2161557552898943,1.6971815625729842,-2.563953071751383,-1.999596299649265,-0.31432800629380103,-1.1524227710474433,-1.7577693865628845,-1.1071019846226307,-0.24150842007234014,-1.2103076967700857,-1.9736370649459467,-1.026742043493708,-1.5995210327460863,-1.162181145205325,-0.9555504522987334,-0.9782282943217236,-6.489374439957705,-7.409415154650159,-7.349973835131887
2.7488011897313016,3.1620264502062323,3.8943231899036777,4.398152325705443,5.361834531057477,6.353946445656795,2.679802655792928,0.7415533066407691,4.089763731771371,-1.2679632718717915,6.5673152810044355,-2.865579553548854,1.6579436125434697,5.4744805459976655,4.499853471364136,-1.7757218330352227,1.376460784517022,-0.1763571422217117,-1.3873840569799196,-0.9536074227392609,-0.7936176050645221,-0.9388154289743434,-1.4763709701253056,0.5310979027820801,-1.9579984146921199,-1.4749121601825954,-1.1497854438817832,-1.5196685107422363,0.024171112442967085,-0.5861371811135088,-7.115064741102067,-7.282255055226889,-7.305283639298098,-7.353708924190916
1.794175821042669,2.9232657032766154,3.4781363658115456,3.0880130422150347,3.953849374079448,1.5220252173117723,-1.17390919896229,-2.0374146203609014,-1.956996174278176,3.7888037207063485,-0.7842477402599315,4.918071552828629,1.979045101901624,0.25350785126919817,3.86384130401565,-0.878475490044334,-1.5461684387028687,1.2950268340622149,-1.2858368661453108,-1.3550759608096636,-0.5266262845817081,-0.5676341364595806,-0.0030904679252450984,-0.7164984231326424,-0.20830095541274685,-1.0927741518490783,-0.9523403214467918,-1.1657101216662007,0.021499953415394783,-0.143363467948092,-6.1411865366764085,-6.612798075431447,-6.849596167337947,-6.644896086188434
1.0727148847974617,1.5032068951366222,2.2143583120070947,1.5959878870493975,2.044918981542037,1.3381960087948972,0.9814328733778174,0.32177171172283653,2.184961514718303,3.152461392844665,4.0749027474918345,5.896258273508849,-1.6971301533039675,2.916186125918238,-2.762932118569433,2.246018449659225,-0.2310772536080346,0.8111886256818118,-1.6048408775923508,0.09179291339684735,0.19597599622821818,-0.6948978600393966,-0.719462942920252,-0.09023910738891727,-0.1041498672564775,-0.7821587664183214,-1.0849270987751183,-1.3466328677100612,0.2153915109291795,1.2197788377579246,-4.835494983275928,-5.003840586488281,-5.192745756306915,-4.534653267817206
0.32599722148900034,1.3442540087581334,1.580065765135628,0.3433080653698095,2.1390134998910337,1.6743718568612471,6.827252260156091,-1.1300993201709857,2.2795556458115147,5.48504651167693,5.1295944050898825,7.425320517618007,-0.5791962756632358,0.12287726874652508,-0.4649287576043814,-0.11736507344667431,3.13621576628931,-0.07354769729457535,-0.7269149488931742,-0.6300607468036247,-0.2909857106219661,-0.5377783078910066,-0.7095429605266106,-0.7605753820418573,-0.3441932554868185,-0.7068377027590799,-1.457026072866501,-0.46572381505754545,0.02829616041784892,0.23640976836515087,-3.7882744195443228,-3.894249313655286,-3.2376301810232984,-3.1487346496595685
1.8393000283493866,0.7445592077878171,1.1682975415924435,-0.028002321938353555,0.05918112379297584,-0.28952084605951994,-0.7560797252350093,5.294021395110155,0.5925110460360702,4.584518996542749,-1.6155922074637696,6.399337555335437,6.207579446845739,1.3506316895681347,-0.5669751656926272,0.32820288659966407,1.0398749921714059,0.9984565018336814,-0.25769801884256044,-1.6139966645456836,-0.31696935291044165,-0.34080456081526955,-0.6359397557352438,-0.6662566476140068,-0.24583714238440837,-0.921926368203639,-0.923742784428047,-0.9799192293469773,0.4058352263061132,-1.1339008683203025,-2.259419030196208,-2.816066419098896,-3.042594795970143,-2.6215021533901806
1.5560900936889541,0.5905098530068826,0.13192228094489675,-0.3957727323339113,-1.0476423373126784,-1.1958037347592492,1.6104359512917108,0.26645455539156937,-0.6942078219862451,2.3143642051951554,4.8729476171121,9.566398342516822,-0.96651423288452,3.962947264779763,0.2244452731880268,-0.4876588077195789,2.9266061022610246,-0.9254071828408809,-1.1160123620430276,0.3090323254113745,0.8590598230674277,0.004880005982751627,-0.4689263821573943,0.20282922318053345,-0.07260109440134536,-0.6348055082620945,-1.0252675580319532,0.20717612499414415,-0.07813739481041576,-2.3478835039796335,-2.20381472738676,-1.7639955225119552,-1.7272587709179203,-3.0860267628284865
1.616065020992369,1.1676825584856187,0.3324509507490624,-1.514035198284461,-1.9019762803242308,-0.8616041136913404,1.7067629372352227,0.9314585483665258,-0.6216338043988403,0.6495668972380383,6.23066249127155,10.818697085221652,1.2038229887752683,0.15902317322136056,0.6158533281400551,-0.10543041111194255,-0.2685118842976417,0.11806703281479339,0.08669130785216553,-0.34315743664766213,0.09107861934031751,0.0810851058924626,-0.3748056347469374,0.3764758365580134,-0.6833435729900205,-0.8700315085305829,-0.6113650486727477,-0.5188989760508426,-0.08286089920750218,-2.3962155435899866,-2.8487167905961566,-2.0325785038268425,-1.93153715085005,-2.2746924382773606
2.0714474646781094,1.910649156476667,0.8795030612065653,-0.056065477508098795,-1.4189651411854398,-1.014494284276938,0.8247789334236952,-4.6007304250823796e-05,5.55133809892203,8.541083358004572,4.535223689020387,2.498762343731197,-1.1568987384020806,2.464096432825642,2.4438148422836137,2.3441839527395247,0.3669770902505232,0.3848269956130947,-1.3328539729236906,-1.7120490011935992,-1.797069613719171,0.6520720269206648,0.1047498382997834,-0.5666873498181997,-0.40538097997096123,-0.451253982451272,-0.6399117140753915,-0.5496125671044374,-0.3317105183152517,-2.3535787821154472,-2.631081674851845,-1.9112363909795156,-2.3269904743891847,-2.8440489684513133
2.621363524525025,2.11179425781862,1.3274759695915102,0.6950026146263747,-1.5481454192721142,-0.7139743630956469,4.034895275548157,3.888290410991754,2.029434960347703,7.850056390034316,3.519474586396792,1.1140836432941408,2.7046047650451674,-0.8952822372582134,0.4871779089013939,-0.13922486462344907,-0.1644297437740422,0.19716505745694385,-0.059759479017141015,0.7820358077089171,-0.4766015917976482,-1.5360834638348437,-0.7062136115255873,-1.1842841776549138,-0.5363921888733945,-0.5451535248315126,-0.7852675254525411,-0.466131255595865,-0.10284263567555746,0.19864243275503246,-1.0648981918153906,-1.524218398894061,-2.776537304836484,-2.57120446762693
3.0945457275235917,2.5833735885665687,2.035999754396611,1.3064379118435927,0.36783862496117115,-1.1366449696856986,-0.18408205438732736,7.39642539978238,4.95203922841269,5.861576160087046,5.129083393786684,5.45876844830717,-0.7486518190058341,7.08265226264775,1.0905879755641699,2.161358347065702,0.46207400423586553,-0.22153378467206472,0.21240984984752706,0.794103506222153,-0.07096550420723877,-1.2075488548754287,-1.4437312514701763,-0.6039563339467487,-0.9023788234783467,-0.4549294357891315,-0.10512102135820872,-0.22834078222398246,8.607217641152597e-05,0.3375423860177015,0.33355900168538555,0.0839527650147548,-1.0994560449626776,-0.7848326668932725
2.8977265191290296,2.441444854289381,2.017564404421367,1.6966549013570835,1.44548109500079,-1.193115617226009,-0.8592663998447952,1.817819266393991,4.195008521261339,4.944073520807435,4.514265770037856,5.650994573346185,2.5098297035668296,-0.45349383505522556,2.0717756867530968,2.4041151340526303,-0.21999972870522952,0.496857572130532,0.6517866051566511,-0.4752552330597147,0.7734400569040804,0.32241558293341976,-0.9498671307845868,0.10844625832362557,-1.0209599845073563,-0.5547138939135943,-0.4505727686323209,-0.4033246258133018,-0.24317038650052034,-0.20107084899014122,0.3508484489257944,0.7559111812543449,0.7365621401035388,0.5860222487160357
3.079634422055695,2.883161667742799,2.6433659463453036,1.7563140202105956,0.7002090385344772,-0.7230755997396253,0.015659540961670024,-0.5709560704025031,4.51875808127411,1.894626136547653,9.71019724570489,6.8714676625772,0.6893628584640302,1.6796239527072048,2.139897401155389,1.3291317281377917,-0.3007913586125096,-0.585832217676131,1.178308216269492,-0.8863709937763075,-0.6596429019913148,-1.5989969613485506,0.3274802385411352,-0.46068646116691403,-0.04807392961015408,-1.1715560351839724,-0.4846317170061806,-0.7028544154233661,-0.13558228518502402,-0.540997501782175,-0.1514831312531536,0.3782381558420451,0.822210558473246,0.2803593079613987
3.7275849631261644,3.026775682523139,2.997891834954445,2.7744254274586386,1.4488493505061761,-0.8258788523241438,-0.27880444015100614,2.7988557861583487,6.145299856560546,6.552167722980878,-0.40118503697713515,1.5762217759423212,2.4996541540585175,2.585183412411177,2.6114853508087776,-1.7128422023263252,-0.388759803556312,-0.22025081669282712,-0.23405916312718159,-0.008241347909361775,-0.5370433864066051,0.06072122093209108,-1.5389049096737344,-0.9122994733875113,0.801543706419938,0.18495554405214448,0.46487489207282834,-0.8617479554047589,-0.36459818570190483,-0.3513728109775656,0.003342526373308069,-0.0293195162140665,1.2926778267090258,0.5142514608751877
3.980352261540999,4.130498400639284,3.878773268375236,4.211748714231004,2.69221698040196,0.8746918748825577,0.5464992518910191,0.5529836539248962,5.563923223077387,0.1229729984100617,0.344303245462444,-1.0366505456689357,3.0747966128368858,1.939234570934102,2.35641464984768,2.5900334383783856,-0.25200913765660066,-0.40687891663224085,-0.5988538130223467,2.021670541318094,-0.26615953319585195,1.1447474115534952,0.32495439032304624,-0.21447377008371035,0.8048384515289366,0.09528408950488033,0.22249964217430407,1.1912699424710491,0.5545039679700008,0.0734731549999568,-0.4448957030673754,0.13342817371603144,-0.2589077840720595,-0.4805993898387638
3.6873608091811767,4.187449086591544,4.387265846326974,5.15377087868026,3.923933726102307,2.0267599182707823,-0.9694921673362958,2.7798116011429173,7.21258808279446,2.4504022443517774,4.541089730918506,-0.11242166983202147,2.131360450295275,1.7093001362161693,2.823004280236099,4.928516183861058,2.5452729578647006,0.1954332811235448,1.3267898617170455,1.2902738995722973,-0.48546201216617885,3.203871258712276,2.165203733281148,1.3475924052806094,0.42624652964873344,0.19683485343003493,1.24325573631605,0.9590289366091741,1.2881594617140948,1.3331767236612129,1.2605651489110963,0.21799261118531774,-0.27392476788551107,0.49209392914842964
