script/wind10m.json
{"header": {"parameterCategory": 2, "parameterNumber": 3, "lo1": 3.000054539987559, "la1": 64.9999836372058, "dx": 0.5, "dy": 0.25, "nx": 34, "ny": 52, "refTime": "2025-03-04T00:00:00.000Z"}, "data":
[rows 0 to 23 of 52, columns 0 to 33 of 34]
-3.5272535292948537,-4.286414440484299,-4.191889616247939,-3.5788536148457606,-3.3184071626040295,-3.2525939560736212,-3.124083156960456,-3.20968468827031,-2.849569815802556,-2.758528237092323,-2.52974757499585,-0.5043174212118767,0.23882879326938353,-0.4756999514713364,-0.7544233622948487,-0.47101964221963316,-1.2803505745733756,0.6618905562841093,0.8969741497477153,-3.4698032181528675,-2.01297010599236,0.5014318536788067,-0.3456389972704661,1.0665712384214328,-0.01073050402947438,0.9648853293653091,0.7584496054530577,0.6291263040257454,0.6805909916789076,0.26563250708459124,0.2135699456949403,-0.25030119560918757,0.4045453147475769,0.4559920937590388
-3.4157709291951543,-3.8683296542346284,-3.72276326318032,-3.404870074841167,-3.4455624450692732,-2.995958026336974,-3.104362949254894,-3.335493999481908,-3.1676403840150384,-2.764130341515936,-2.823606502416675,-2.924098807794667,-1.739383946161104,-1.4668990480480364,-2.0960240177351124,-1.3472051865351211,-2.226967467659086,0.2341642079071839,0.6105450959041916,0.6212044034560126,1.5977723674896314,1.338656143267757,-0.17389809959860686,1.2426536716547596,-0.4519745381027718,-0.4882240059184511,0.8143179833265553,1.0235507560062418,1.0165823259268518,1.0532547307849878,0.45009696329834326,0.2913873782764669,0.15645862436083877,0.6061742161707331
-2.032883478041984,-2.989249997582267,-3.5869288775457506,-3.7969066416164576,-3.4439571202655554,-3.290222133623963,-3.365386711969667,-3.356862874459564,-3.189514220018576,-2.9216387440121627,-2.5942683674143816,-2.53990352761034,-2.8796379719855527,-3.4211535018509895,-3.4176161494962076,-2.5929410723692734,-0.675879503457106,-0.1614246109990195,2.1064841942887136,-0.32882375526950425,0.6559216335178465,0.9687968624607294,0.8629365310541709,-0.7394669840527134,0.8418314722586719,-0.10582426931759344,0.43460246931982494,0.47360113824246663,0.9761571264026123,0.8781994510080824,0.7683907664555558,0.32769445992614393,0.17705175377924978,1.2178679647056714
-1.4802762134617717,-1.7779522735620392,-2.566705486532138,-2.9183469681507352,-3.090390948346845,-3.2376798075944158,-3.098105538387454,-2.920355631191445,-2.5755567024931096,-2.4147623837355674,-2.5613086020412235,-2.8868337214086996,-3.3453399378189483,-2.951247297878598,-2.551502394455548,-2.1799309053893485,0.12042737800811508,1.0170144185124357,-2.7215497212920154,1.7265071055235388,0.47037146453110934,0.08479830012048355,-0.8797540932013634,-0.6999178584519422,-0.3611152832285375,-0.2845265828271904,0.16284319431942745,0.9981935468274624,0.4254122001804496,0.6133093419204729,0.6157409495962628,0.5677007214647523,0.27815307390014754,0.6228336605350322
-1.7066812999611005,-1.768879952538126,-1.8724102212220322,-2.508447652249078,-2.6409990762598934,-2.6149713259350613,-2.615357444488054,-2.6378939100500176,-2.551882062901971,-2.3588360916276243,-2.0592006081218432,-2.2670554753127257,-2.8936398092367046,-2.9958684888255505,-2.561175779273202,-1.3200429158068192,-2.92125009358243,2.5107361437928253,0.19756701882982272,-1.8477799502619172,-0.6558166547266012,-3.088571594472117,-0.5409587748839308,-0.3380337896487352,-0.0766493821086919,0.6314498576599629,0.47090342016372316,0.07338923628499487,0.6333317514364999,0.642683969757158,-0.02735851958735496,0.6669264474254046,0.8414868750275633,0.38860812392348226
0.107738644345943,-0.5090084233881247,-1.0253256056173254,-1.3097170787838077,-2.026961661096411,-2.2881962937400315,-2.44400416946117,-2.5698544732788853,-2.4044888738184644,-2.2788854891627786,-2.2519170228408614,-2.2092674918095754,-1.998404944445419,-2.992903113577606,-1.1775054947554542,-0.9543346057528732,-0.040076476935663,1.8053071630285256,-0.550239220315188,-2.3653059781981827,-0.3544234273861367,-1.7981220380566336,-0.8005180203531869,-1.452704497966457,-0.42451223218411954,-0.31748909871018643,0.3232067588006027,0.195949981392467,0.6846192999827345,0.30660029043735193,0.45137165217812614,0.6895704382770995,0.6916430035966321,-0.18881730412541642
-0.36321653768059975,-0.315710561504316,-0.9861360493309137,-0.6282112537137248,-1.4543802866302165,-2.23531382806284,-2.8453469083254466,-2.836326583482893,-2.7935009959590396,-2.9099057080641466,-2.691353036099061,-2.387197180731234,-1.7525773628322499,-1.220794060325868,-1.528456680869169,-1.9167692653619208,-0.7778765666802356,-0.9267384693801914,-3.381032519028975,-2.6395804033561867,-2.0825622929602643,-1.209554546980085,-1.659325352377814,-1.0013211770224284,-0.31274491891828726,0.6245135486046353,0.7958722874192999,-0.7033642669870656,0.8023408758128121,0.9139484774389459,0.6248715325806197,0.7648030468809444,-0.024405199583599962,0.39362237094220626
0.9966894527195777,-0.29343500256976335,-0.4062377141458994,-0.6292335217274154,-0.4348076290432915,-0.14589917046029666,-0.684380458264595,-0.8585275139619281,-0.8707492159655503,-2.263292959186681,-1.2923756212610384,-1.6154397009704207,-0.5288153349839964,-2.6887367469118133,-2.261817448112875,-1.4377378631719127,1.0696027896535056,-2.979076020448481,-3.0831747040636275,-2.2736296086227457,-3.802113982734526,-2.0341440297200486,-1.0841409423308024,0.6086189475799904,0.1024892874299402,0.3093686084712211,0.5291791822510875,0.7387377641137925,0.7289842615223099,0.7398173408075793,1.2929304797959997,0.5057692474310691,-0.6368262270263374,0.9929574772199683
-2.2131041290041056,-0.6272805662414171,-0.8576530442089354,-1.1895156705044432,-0.6908527388243483,-0.5530503635663045,-0.04731948476524221,0.34457136485109724,0.9865084033217899,0.49463631382129547,-0.14514548443438308,0.19859796536355134,0.600931586827337,-2.089405616453158,-0.9282526584519266,-0.026834949538147936,-0.8124692835080177,-1.2465324346723805,-1.6956638090415326,-3.0677581740344486,-5.204852805002822,-3.5000601104460807,-1.6351090985782861,-1.1749012309644067,-0.7184464345092382,0.43900839833592015,0.9237582683920063,0.48263726434119886,1.2892066728179759,0.8375543576426441,0.5447017483708491,-0.3091981421771679,1.2855334275656058,0.36382243398457675
4.036161789132441,2.3236566293411127,2.35817103360948,3.627707319169507,2.4849408520870924,1.6375032749873446,1.609486652629599,1.2922054400086163,-0.27599229782142964,2.4567096623217743,0.7711120690533325,0.682623323444234,-3.1279960837779486,-1.6291019750868052,-2.4002024972027627,-1.8400145869876412,-0.6770476126878527,-2.283006741395444,-0.845127840578639,-0.388573913183635,1.2640697850153229,-0.3520441833192703,-0.47297148666784045,0.6704046733248011,0.5769666326408065,0.3673920808970731,1.0507171585261983,0.8964588206837595,1.0111893281634405,0.2708860647749922,0.587602303537607,2.3605076854527236,2.0917905160429893,2.722894281727417
3.5097841410081445,1.8250709583387759,2.8712208211981487,2.0836765276150895,1.559941309659917,2.234519703676308,2.819434708458776,1.2991398567696137,2.025910287665234,-0.21610261956489138,-5.076591355884001,-6.898974600773344,-1.7284980871852724,-3.9663385534427875,-6.571083263541531,-4.1176923547018935,-2.5326476918543497,-2.3271801900678466,0.33679439902387315,0.6258291953778305,0.6348582796618839,0.9894319729456433,-0.09241398642549076,1.0352578469488176,1.5329636471022592,1.230167436817676,-0.25823347419198245,1.205880062529345,1.1017446981111367,0.4590296586748152,1.9763330609971288,2.887992625169234,4.021250679207489,3.037025907428488
2.4548251125155,2.0683053266337206,-2.5999422594850503,4.57045208513588,2.009997464874121,1.4282597128795183,0.9882479228387272,-1.7164468278568414,2.226655141440505,-2.4109833995708403,-0.8747584887593693,-2.0302609932743882,-6.548411203975728,-3.8352087816391265,-5.258615419653808,-2.4475174660599675,0.24508048428720494,-1.3382132084988214,-1.2522885366644687,0.9299839004126315,1.3389453683764834,0.9893638469608919,0.41737615044171494,1.023679622785482,1.0276650215886955,0.7363959148903667,1.7725569217302288,1.4893840675973165,1.4749831743929085,0.6825379100786485,3.2502809498284053,5.549726596773877,5.9759367146121445,4.402500225699859
2.912530571825183,3.4189032752185264,1.601691487275631,4.68744412518073,1.9489571244822523,0.14808631900691432,0.25115164710605703,-2.0813579246570417,-1.9162875175153375,-0.9088506520538223,-1.7360363027810093,-5.348929934421985,-7.100404202115906,-0.25280712022472346,-0.9855497262799663,-1.0276502291254968,-0.6137745342811054,1.6850895685308558,-0.13387175342601224,-0.36290495986364474,1.0863364401291802,0.7361780164464928,0.6783855357753555,0.27662844720622337,0.7220248366617792,0.27180617641855925,0.5351673306279753,0.7313528285713516,0.5436328354531318,1.7504513191345048,3.561737324870113,4.881525072336852,4.922869294659265,4.739029528397237
-2.4197296994910396,0.7993085310073895,2.3183520549197185,3.591197839272483,4.3360316426491226,1.2560809867257028,4.535387376286611,1.2746560628496137,0.004037534590444916,2.121518874543553,1.9212002160185295,0.6159966483941162,-1.7786063079869665,-2.1829981233344373,0.21183300179184916,0.8643130320624,3.036062168575807,1.4285603465627403,1.7353354348766414,1.232757276329305,0.18288260314527735,0.8353747134826796,0.5564573257493928,0.00147441719339836,-0.6196186987764366,0.33325007178106225,-0.0004957725831237018,0.7292336842366416,0.2848140633324654,3.1553781474353806,3.934284679242805,4.5801368024774805,4.9682184079378855,3.8667899400196317
-2.3199135751068756,5.694127571109205,0.6252183354858913,1.1412552114351935,0.7905731584337958,-1.2042657988174739,0.5744131703838261,-0.775821576027121,0.5729216553118568,0.9842273195549879,0.8658204614313042,-2.695049534826026,0.8141470004177275,-0.29203869263824017,-0.2724956163427641,2.434563213638688,0.44665263846636477,1.7582741808228,2.086704817480418,1.7816533792836309,1.8837669456026298,0.9858281363209448,-0.05993660427027306,-0.6026060315849163,-0.03425934847397417,-0.4474131859428606,0.9909411148963395,0.8039052982840803,0.837507716689804,3.048511042917328,3.653535960671672,5.104305448343853,5.653621490808153,3.9405876732409464
3.632923397656397,3.972891985643123,-1.3072830257280528,-4.081371116937045,3.2893942369303604,1.9788948384002671,-0.279704397728892,-1.3937168678985568,0.38351886490289394,1.6427580097561334,0.9951808227209712,-0.5186883225918476,-1.188138343599667,0.8818261898239228,-0.8695108661417007,1.8068709614900536,2.7372163593860512,2.031337509891049,2.3532882528100867,1.3727603807211322,3.6107931573616194,1.2318026080401674,-0.5780310638201848,0.025484265714951517,0.34080568132738176,0.32380135433463786,1.507539964131463,1.2206661028124217,1.2585134206258979,4.070119748282365,5.028516914800901,6.574751002215391,5.194395749735454,4.05426218096652
4.144016292611118,4.419216028233191,4.290162497074815,5.372654116991329,4.27789871475845,3.239109513532344,1.0649049398551849,2.024168820319553,1.387159356703662,2.2974866876165962,-2.2111515585850006,1.7091880043549414,-0.23010967981298358,-0.7419946754181737,0.5257267184897957,0.5357321066321779,1.4328981914845504,2.2324539329252997,2.3982266197702775,2.399982221160352,1.3413782780208743,0.485248093441181,-0.5127011410506067,-1.2782146895500544,0.6596086390071719,1.1403858385613215,1.8814135922891597,1.574334032671993,1.836680067723571,4.058482274367091,5.044585729877363,6.123778528141222,4.557973733208544,4.089203561895056
3.8188544491203444,4.008879918764024,4.689235277751572,4.633383211627766,2.8381992013226998,2.069382762687955,3.8522391616955938,2.56739665881839,7.0650436519073425,2.1139896041475468,-0.6903336118008783,-0.28633514488132483,1.2527055842313477,1.2830576742974278,1.0726051105653056,1.122361750771437,5.211462408977282,2.058657326176198,2.7341849217124596,1.0467792408535634,0.9472365110471371,-0.39114761367640755,-0.14359224512331292,0.040542338382597846,1.6041107126924004,0.7830505463310249,1.3543493532251014,1.5351310680446943,2.0733043176793684,4.782828031493939,4.855585345283858,5.294863210409078,5.373614764006127,4.646469998522326
3.248922396158094,3.7480223735331526,2.8915759120117723,3.8165110351891594,2.6117126860647177,1.267500444747931,4.080329002846812,2.8294706784957024,-1.374342705608998,3.727725370304967,1.937311994307486,-0.013518901830256448,0.5745364527514474,1.021945630361945,-1.3155914392835155,2.652145713590107,-0.12468775865724104,2.076434007471647,3.0704534431911643,1.514430938598886,0.46647802629603763,0.32829777112873565,0.22270791098577863,1.688332068452486,2.1773809334735277,1.4041066213985045,1.6834635941468394,2.5639877991897495,2.3873359653223485,2.7925220756895133,2.9206628442897085,4.624126933573365,4.962665131885693,4.16837271373138
1.1937592837805613,1.005103972776677,3.1649261683987238,4.952910959205475,3.1834297136436915,1.0462734453850635,2.0004536490748324,-1.609725034969531,2.2200459495460403,0.8495257261382272,-0.0829511006026887,-0.7394940242220401,-2.2661398527316683,-5.964767858788043,2.144580346213143,2.7046834455480546,0.22917482617489252,2.084231752863046,0.939277587118497,1.6651205775004154,1.2580526547584197,0.2717665458016762,2.0850611898666234,2.45172651320436,2.3893222455397662,2.312058584244309,2.048115941891031,1.9142053285253102,2.488229299577029,2.134745287331884,1.9042790467477724,1.8914767800438992,4.170987223522369,2.071862162641778
3.130196714829605,3.1073652920664956,3.500353257084156,4.645860467048658,5.133343412451887,1.5627442421590074,3.017082423047313,1.963705486305506,5.547736733632107,2.940079214109823,0.5610314146820679,-2.32777059372733,1.2987540038402625,0.08015744276359575,2.5563065106124223,2.6079041014812976,2.0789184964789453,3.1771318615749333,1.9843113049252525,1.2195005151024327,0.6600504739327051,1.5963672210509903,2.1005699313194963,2.689220838200925,3.5682710787866765,2.641722651747071,2.3199391104459157,2.3706395475743935,2.2512866281141535,2.619995250166608,2.286093707056693,1.8944885559155245,3.589618934986614,2.0305117330192712
3.824337640494817,3.1935235221573643,3.6540302578158914,4.114712420942681,4.700789711299743,3.972987152407891,1.0259853416892846,0.9424269655327214,2.585555515148948,-0.682838032900822,-2.7416516309584167,-4.018004532484373,2.863575336911361,3.2426976557270146,-2.120274918387238,4.130870044410621,2.88985293379625,3.1174238753660704,2.3481242884106543,0.892768111326017,1.0007957721226057,2.153550607830279,3.1771599206214276,3.233216242233659,3.052195701612597,1.9141658523364584,2.0762683119627354,2.755091227677188,3.0135774413693333,2.605645674979095,1.2045643455781359,0.9911641900888261,0.15304599487168774,1.421741686245752
3.19505965465916,2.5890508133723924,2.6205014367803177,3.6655282971241374,4.631269357551654,1.2940275993684918,-0.1562739270385127,2.0100694095910243,-0.35598225813489637,-6.304838299244492,-3.3022488338191915,-2.4716544395815143,1.8347238663645773,3.523249576049024,0.6409315392678295,6.25845382312048,2.7943932591044804,3.332038275178469,2.1177625763153705,1.8987605557321663,1.4793267512486696,3.05639139618653,3.0813905600097695,2.7819891859226566,2.5314140848469138,2.568953102767423,2.711620131491118,3.567324723038648,1.9954597423252904,1.6469980305600456,0.7209088247815234,-0.02864694224973903,0.5081740061917784,1.6736766148314668
3.7547926328504513,4.5026509982130225,4.123071068990047,4.017328869200973,3.145023102588781,0.5371246553501201,0.09421815788451508,-1.6687845481212633,-6.238393826314017,-4.857606566373929,0.4065301598677482,2.3468618996650084,3.998225247809236,1.1848162678163965,2.9208211854089567,8.289338178868372,4.893369034114217,2.803923287110308,2.3493755349429737,1.154324595856243,2.1525089380884217,4.651030218948094,7.804359050032633,2.454006245119377,2.53763115169289,2.2968034388795955,3.3860598619507924,2.072456460563089,1.649155233999777,1.444064787597816,0.9913533146908674,0.026787903708532807,2.5422032349212786,4.115530659250459
