script/wind10m.json
{"header": {"parameterCategory": 2, "parameterNumber": 3, "lo1": 3.000054539987559, "la1": 64.9999836372058, "dx": 0.5, "dy": 0.25, "nx": 34, "ny": 52, "refTime": "2025-01-22T15:00:00.000Z"}, "data":
[rows 25 to 49 of 52, columns 0 to 33 of 34]
1.6536752297908388,1.3263610711277734,1.1143740697675535,-0.7022010039401163,-3.308339324405961,-2.0331156776177837,0.5220781413609373,-0.7821604224636036,-0.03062724448761682,-1.0896389314035497,-0.8512915891077454,-0.8275872082217152,-0.627028790875319,-3.761326325243234,-3.8272887787999976,-3.3836522433870506,-3.463062998576449,-0.47047277001101795,-0.5451762598340919,-0.8448233716511223,3.7606984676212276,3.132976034153648,1.4980866103524828,1.8737911737304838,1.8198088191888775,1.4981877045446885,1.2501121000331858,1.2338601408012362,1.6704375896864163,2.4728832380462653,4.926903439095754,4.826719912603367,5.203213623568087,5.881098522265121
0.8465596820553057,0.03731339400248297,-1.2531695461131962,0.5074107482029385,1.9682542082402465,1.5592347745071136,-0.38778877451611665,-0.17449325641687138,-0.31492627683870894,-0.5140011504651509,-0.2642084324575464,-0.4102734542681766,-4.906055235145013,-4.590189561194069,-2.8642769005661903,1.7646711672427131,3.72300180343413,1.4263141966394537,1.302795603085636,4.144311538339344,2.9491790177204416,2.325880883038916,2.306268751591332,4.667198561554795,2.9770443266353164,0.820125692604116,1.1059185527912188,1.5021836985406445,3.226016330986212,4.835426501177278,5.427644022839498,5.769988300371594,6.061494241178277,5.679417832360855
0.3781185223495262,-1.2628736620576484,-0.23710796210018767,1.693888270784417,0.9649847755723588,1.8713108046351867,1.4121847600048796,-1.2080416479061347,-0.6513803096578197,-0.7561883838787881,-0.7743475497273246,-4.489515708624984,-3.162087654570015,-1.1088811105874072,1.6864814481315893,6.556062061032928,6.145180375276486,2.510978109962638,1.898976584325832,2.2618595434664774,3.723315491790067,2.137502593012338,1.9885173582853655,6.6157455545295445,1.7863691012047977,1.4372672794420214,1.4773466834220395,1.2983867657387473,2.110927660918765,4.933919038340486,5.084269919023978,6.704820785241292,6.863093332231317,5.493053337864135
0.6357730662262809,-1.4806169914658531,0.5193891401865236,0.5823592612064734,0.3478860899420172,3.3870315544696896,4.545728128563592,0.5800784207852503,-0.8538121877565114,-2.150351356751125,1.2615632078731558,6.146846579461144,6.0122391391697585,5.297557181775216,5.917519517108529,5.686410242682945,5.85880663713944,4.629754419231722,2.0845368617543345,2.3078904678717427,2.668286391837663,2.6077990831157862,1.613335383949212,1.6476667815946802,1.3889434018014135,1.1208436283277468,1.039611929715936,1.0568151171524136,2.918786395737065,5.132251463266668,5.825132722960458,7.1840551766194105,5.31349519806353,6.754072616039822
-1.2039451416303293,-0.9303109976600559,-0.17479145116811717,0.7865753294645701,2.967010049016261,4.785645092170856,4.646712728350359,2.6632155854564785,2.708219578824516,6.91203746660155,5.925666478666802,5.8052676563200105,5.9507291640012365,7.6864748218082495,6.671561275494416,4.513496483172143,7.425989765473703,6.307350978485897,3.816966090505369,2.2933268102888222,2.420581349144632,2.212341831279214,2.0157076603608592,1.8245493749860788,1.8847299101335524,1.4332743872197524,1.3223655951529487,1.2060345948273306,5.7175513605706305,6.492545855036662,6.171633212206943,3.1297725512147934,4.835145949680967,6.589626658915368
-0.6246689392112051,-0.9662820692629266,0.9846929708544544,1.459680744040333,3.605313924225044,5.787441708022524,5.71991557470458,5.239216116503653,5.860727758601239,5.872646302457231,6.216683596201555,5.619044132093056,6.599507358252753,5.783040275477133,2.68022642768869,3.743010835600667,7.02318502385442,6.605619549274109,2.556531035192762,2.3132394851682103,1.8739649516962877,1.8347390853006835,2.048204142811204,2.014013385150541,1.8983804976246321,1.4344607594312984,1.3069649431221668,1.464519843916932,7.295888913133631,6.386865713543657,7.335259024388267,2.6668093594638185,5.431760232388336,6.648231439049745
-2.5464239518306613,0.578151210479396,0.6992176402947939,3.336350714696299,5.930491677489604,5.449945186908714,5.365660616854602,5.7162312051124635,5.117623326645074,5.523359077345097,6.230004020322015,5.838938146851431,5.885844614772189,4.184231821434973,2.5256675354227953,3.00661961022507,2.020491523485886,6.42909265819759,7.087411400860791,2.0429569743723306,1.3759178039715774,1.4112532674201244,1.7914610488834914,1.7274290354072244,1.9677361860804812,1.6654430979934707,1.5392505895149273,2.793655669660049,2.298681002147546,7.828656264337139,8.01944747137102,2.6737645382896993,6.402857879094616,5.985091626402861
-3.660936337277611,5.495683874457851,3.0282850970398125,3.795765178080831,4.906805752486905,5.152156587371113,5.106572791925919,5.3593206528088055,6.106763269091624,6.406787466208887,5.680580029279381,1.7633852441406568,4.334691193881122,2.8111012744511994,2.1667934547746692,4.265836006703839,6.149625698688697,5.828385510468683,6.534455460696676,2.59046063197021,1.4768203262679322,1.5079881092941332,2.013084628261859,1.4930726826685785,1.5539495080068348,1.4965439385149266,1.9564600218370465,3.3309222232538676,7.112999381548114,7.684481226463553,7.174615185862372,5.68486018525578,5.674030239289221,5.498496963116557
-2.0674071448046565,4.717438313290132,3.208307048481438,4.038323978484508,4.078528069023723,3.9868925116807183,4.593972194164112,4.692020156477412,4.866014491665654,4.408969840486565,3.240093723609626,2.1152127811465595,1.2836409782707527,1.4286931691945302,1.7201310987895688,4.46842403068621,6.408738043429214,4.978767490631365,6.451252670722635,3.5377049634529056,1.3255382031990715,1.6401740780344127,1.9234607215776327,1.9567957528333937,1.700089516627606,1.6560208702717696,1.5257304492954755,5.790128482653322,7.283876889741172,6.783434030699602,5.328294872250374,5.106810585769501,4.870819429193179,4.447812138658394
3.9695697281004274,3.029198750464408,3.5752894977631735,3.467621714897572,3.0509499738842463,3.169111353650999,4.855998950667601,4.367729521412965,3.4332655365514673,3.0332031503390855,1.4873112849044616,1.2948998994290695,-0.41528458381276306,0.46766530936290185,1.6631270324825211,1.873390012284844,5.291103287324265,5.808408190435096,5.613851728793103,4.40020876172846,1.3766726579641453,0.947445851215959,1.416964181368769,1.37427291099631,1.4500577890785737,1.3455984486651402,1.3842518339736536,3.5669159187304262,5.482212894234633,5.009129228762161,4.419020113604522,4.493586390880524,4.367512413268049,4.43564791462189
-0.6711850583840341,1.8611974518158754,2.809034802369932,2.2610728913018403,2.1474561518958852,4.679855016420969,4.737336539292057,4.0330481684565775,3.4700010896016646,3.110363891505607,0.5299956087122647,-0.23502552088484055,-0.6299133838116038,-0.21298158821024987,1.0090106588305159,1.4266004442802425,3.8038265731828313,4.9173170774637756,3.855055718885296,3.1041927085020435,1.252734524244391,1.1338009311800892,0.6358739201810963,1.114151662366587,1.3490043081774612,1.5121634503397248,1.8126958962368644,4.191689769461139,4.706908038266426,4.4367444413723245,3.9981992516382205,3.8543011824531894,3.789813810928099,3.6982259930762633
1.8965865512672093,2.7374833508576706,2.618539951686834,2.350947557347377,3.5399025379294105,3.441989062483025,3.98306854065171,4.404001005565049,2.7011893297061316,1.1323379542394905,-0.6140327072364642,-0.23371851529871684,-0.004870811869531051,0.09248777791795935,0.9913604689907408,2.7065920536930985,2.7399939959295865,4.023562453718859,2.2452425123759725,3.0849201590838544,2.5877831573650436,1.7819710996268594,1.5892819852934221,4.732249376428344,4.723970650681522,4.176544819511374,4.869592200199922,5.1054231440385625,4.960760519376407,4.1724110673627814,3.497334496358971,3.328809234357035,3.473424222562682,5.108729318852356
-1.0878886956240503,3.248499178526856,2.4716579737407787,2.469151919228518,1.9220727839422953,3.6018585995860244,4.714197285489052,4.303529432519423,1.5532236543393643,1.132551419753643,0.17805413830244077,-0.4120657640624483,0.9238298651134761,0.262447941532283,2.3115233237332466,5.736463336180953,3.0311981307156173,1.9172172946101615,3.137794010361324,2.2800756366716515,2.047715505113001,2.708908155010948,1.652585397541819,6.111776743046946,4.914663387690827,5.927648090214835,5.720168020555525,5.454440738682998,4.92225790250085,3.912160603441708,3.4459040942349555,3.372812659378241,3.0839691537920526,4.122552087959023
1.9672822792522053,1.5220891937000205,2.4129113098719084,0.7753148837206857,2.691675159313473,4.576002859766835,4.087784636808486,3.576465132719302,2.1881907391468367,2.94787896589591,3.0440630338094548,1.0596758355918587,1.2124080632731555,1.0520430887476617,1.489187577051873,3.9408476794813505,5.896875068034983,2.8060266762713577,2.0216291740749694,4.704675322148004,3.00244981634497,2.6882446952896895,2.5121466076160117,5.928520413439387,5.559012151750741,6.323868053770767,6.182693941677719,5.611983707188568,5.135683684414646,3.516094279499824,2.9379725325280766,1.9616527343269166,2.4923295094626545,2.1637813639246724
0.6670279621095965,1.9104979013654082,0.8874429404210475,-0.1094955715278109,2.99238646360731,3.2130468084418373,3.0684053723938227,3.6229384854946853,3.9936598791108806,3.668182147089807,4.4231792255191795,2.309914143914533,1.513350704630392,1.8960541350349576,2.949707754971453,3.189766223274376,7.132675637054675,2.896881134189731,3.817293017160304,6.618123513709177,5.448959105742274,5.724972997975263,5.921474775449363,6.547559315207931,5.091053688077707,6.228483616952325,6.195481308502218,5.547902070549566,4.896367646582846,3.346927992005827,2.3160250441974757,1.2229692446264304,2.304954068693627,1.1059701193818743
-1.0868847876925622,1.2077047129758345,-0.8455143614235646,0.8359821182903631,2.1312295759984634,3.558436740446411,3.0680157648600708,3.4151061358536676,3.7165454298632428,4.075803794578992,4.09764658612338,2.9708563885293167,1.477278633422934,2.46432644249848,6.421734615843837,3.240492379475945,5.325599111691116,4.363009732906291,3.7483396710319967,4.9464182492105895,5.978584725907433,6.357288861752911,6.065176294643326,5.4561986587192814,2.7973014250139574,5.535053293360875,5.315586031577231,5.099764012396459,4.202768932297174,3.841749974321241,2.92792644874657,2.2303676687217906,0.8075225640122108,3.11444138409896
-1.5913181974942796,0.061089180822848366,0.24419954138085068,1.13224177965975,1.8485817793637707,3.5541086265062987,4.609286453265567,5.633905663190325,4.94204684460028,4.992141333520894,5.439606542792413,3.154821789665496,1.5746376200889496,2.2074725116196383,5.5580401864701345,6.266756658723037,5.968122525716769,3.911108447530664,4.688474246287359,6.518465220122538,5.7485635090846845,6.496771825987263,6.092748155648013,5.11914370568585,5.03267218095801,5.232657405902056,4.647622904365388,4.183034717705101,3.3292011223584983,1.4032912629284366,1.1730509925349573,1.6175083623724362,1.284478350167108,2.774958919302129
-2.229957812955075,-0.44583277795511495,1.0343646200341283,0.75068007017699,2.2730646266741847,3.656597091393542,4.817715259756185,6.542795587790949,6.01969840829293,7.030267887993428,6.87422044653649,4.914051760294086,2.8893957067835485,1.7656617953719087,2.6671910244960895,5.1605738362373765,4.235958641952867,5.5934089080526554,6.016010326329634,5.128330219565216,5.22079709555934,3.098968402459638,6.243927285534091,5.341093584730465,5.466941254270633,5.268328361527851,4.437936425869282,1.135995286838333,1.5546143336480815,1.2161349908495487,1.262245294412278,1.122482027076665,2.5916503449705868,3.0895639097705585
-0.7829919802493627,0.02237472622122531,0.9918485364028613,1.2262959104689233,2.5577717376514206,4.077366628865406,5.5402451926702625,6.505311414032,6.935507074304196,7.094523183713858,7.683878380725515,5.796505016325031,2.994894069573596,1.388628518058213,3.078006663488654,3.7761286654948734,2.5929350715020267,6.191958400540533,6.273254854833573,2.7022141002509796,1.9673348506738322,4.152315879860376,6.709816533064565,6.058242774887816,5.166207475489754,4.120641076059372,2.3600844751807215,1.7084303625040183,1.5264792522128063,1.2990386184244695,1.454701922698255,1.0274056427746376,2.222822010447041,1.915268006774322
-0.6357653874454529,0.5735969142658682,0.8765737209891598,2.447796706234093,3.7916523689573154,4.455715632263973,5.4462285877898555,6.531882713269002,6.962259600744313,6.635106738661311,6.699001430132867,5.305710193876318,2.301469748443946,2.651548520894326,2.1224215306016814,2.9615333430627286,4.223107878661741,3.637874535435451,2.0745513115411414,2.542281744214536,2.6421443055288707,3.138352133828112,3.723610311622953,4.042400423505233,2.410638266550167,2.411718045397778,1.8638493289861697,1.826172438958725,1.9049643565206358,1.397946254320884,1.1394307797274987,1.3712441723732272,1.939994641705401,2.0033655414181686
-0.1317634774466029,0.09262652031740648,1.1460748712847704,2.0698735409752245,3.7560873361288323,5.121398975467411,4.992713132605173,6.538029011314724,6.675126943113245,4.332158327827876,4.721258324969349,3.9797401775504317,2.6012126825137862,2.419969435618362,2.0764132052093007,3.353446612954352,3.953209136890914,2.4751010322047007,4.314757305001777,3.421287945211141,3.391332567525517,2.431620999105563,2.9793780938117282,4.077304408827687,2.1261326635730735,1.7862242374275046,2.9628364332795765,1.6104492688649938,1.1735343298491234,1.525220301858847,0.936092735040807,1.2060084063277818,1.8451651436313008,1.3106320795690012
-1.992975617491217,-0.10205143763275826,1.8577396527220942,1.9514930798919499,2.461281493788198,4.615649969361696,5.321522005432152,6.126401609445753,4.63551622749782,2.303465350278309,2.4179346087556732,3.046812142357303,2.53507369968717,2.4053054732279238,2.434810303057312,2.5404120005182182,2.8062688531857973,2.6870475318646365,3.0773734970927826,2.374659680761569,2.504998780535302,3.9051185316248294,1.5706813823978223,1.6422400458884794,2.494013938939546,2.1569907348906767,1.3129724291678193,1.1174484843436063,1.6032697559202131,2.0314390988850355,1.1533501585793258,1.239740737997762,1.7883408567167467,1.863003397984929
-1.3800764764463742,-0.5741922221281767,1.5917525367869492,1.8534618432599923,3.359424185361961,3.407915130529254,2.3687778392999457,3.1522253276454637,2.608594453955313,2.0662064171360663,2.084245809847779,3.3468595025978636,3.265694146316135,3.4706022315330287,2.591107890679957,2.215392175581804,1.7994144263867298,2.0601337843279937,2.742333567251323,2.1190554020713024,2.1743501821980558,1.5778436693962437,2.2976426804726384,1.2909987814618633,2.2257502844273303,0.7689165083944013,0.5275008458565117,1.6184061486562784,1.1027124794780112,0.582392768883443,0.33461723348184685,2.0254072710429956,1.6707425952662913,1.8134920999621904
-0.8916462080164024,1.3469610801696368,2.8823971401532886,4.3602593760014985,4.214401016863102,2.715154915229246,2.6988814774881855,2.6474113841082545,2.631654706206888,2.528472434872406,2.0556413307998995,2.7385244320169417,2.6703150312544666,3.945190008849428,2.376547880724092,1.6596378167342773,0.9724985426697652,1.7632022686665334,2.311326938282151,1.9152093705112399,1.4493039338066056,1.3588508799524242,2.7243280783240347,1.6509837132621523,1.3693266150757042,1.186416725343419,1.1162781256872703,0.5636713780665721,0.664904161404205,1.1857731597875678,1.2304635322308821,1.5766740186651038,1.8179465369409533,1.3543441903846132
-0.11324964254492943,2.279521239642337,3.887712020690673,4.221819937103059,2.5225335626143677,4.842441912221625,2.2200147875985397,2.6610494925063306,2.375183148854666,2.5176070474624694,1.8683892625575569,2.2447520387073165,2.249602999064543,1.954595225560118,2.0756352264534654,1.1674050562175426,1.5357557979280836,2.5604955395466886,1.6271150539995938,1.5043283449349854,1.8832405443181055,1.8138643519944495,1.9736079642541515,1.3699177051025808,1.6803634163355345,0.30636040639997,0.657574547706049,0.2560540051515435,0.19382634627463083,0.9700169169165818,0.4021013552534643,1.7678114669137233,1.0006307225856155,0.6555578957704601
