script/wind10m.json
{"header": {"parameterCategory": 2, "parameterNumber": 2, "lo1": 3.000054539987559, "la1": 64.9999836372058, "dx": 0.5, "dy": 0.25, "nx": 34, "ny": 52, "refTime": "2025-08-25T14:00:00.000Z"}, "data":
[rows 0 to 24 of 52, columns 0 to 33 of 34]
0.31904159909029206,0.6252253621016484,-0.1565289619869656,-0.6194252050591512,-0.02387295353587823,0.15771048167407778,-0.10838910783909679,0.6163275491336824,0.5514500229134569,0.15192809100003105,0.9999338131155627,1.1988175463595316,1.677081016911685,2.876642865860044,2.968736200483686,3.6021305280227063,4.13515019652672,4.074213594054653,1.159890339499054,1.5785679736328397,2.8614652907049694,1.2190903260048171,2.804132882773886,1.4372745074805404,0.4949329703165301,0.44349373921702323,1.0556355201214813,0.9199197317465155,0.7309921116251182,1.037082777222971,0.8677981071177489,1.2407989343917747,1.488511941585839,1.0148079791990505
-1.7715746729714101,0.6134013549051294,0.11806812423981902,-1.2068434098202205,0.16370605762409743,-1.4472511708729243,-0.5643180694758586,-0.3559255592820097,-0.004580751231515577,0.858403781591181,0.9939914531815303,1.239276835819165,1.4956403085742473,2.620362617315074,2.976203025784178,3.6010695021788357,3.9670468621267374,2.949582501000464,2.372910367285215,3.592020217610796,1.7566549926347055,1.659887706488478,1.8646308745426146,2.8158673405700587,0.5742261738135442,1.2806786852744803,1.0211218796361263,1.0706889408147278,0.8103564083177249,0.7587657809168107,1.0117712902511202,1.4724618337950437,1.4906311370526975,0.9367575360075506
-1.9071661463582652,0.33384866976180005,0.07529958539886304,0.015195073708275502,-0.6442909900243969,-0.9067442634851256,-1.1904545062189766,-0.8582067014137766,-1.162267471796884,-0.01110602396440661,1.1888328217974606,1.4723706734449031,0.9300641234724757,1.8059961670573734,3.0385858376716923,3.8706820196837866,2.9241258504534517,1.8783203036994047,2.9267089001876356,3.2148101925716768,2.913012849489816,1.671161711900992,2.6357499985369652,2.2498303871951593,0.8148870639963918,1.0523218790969329,1.266696703669713,0.9955499147936331,1.1753574503240187,0.8153098757646474,0.7356803997745189,1.0756332929462498,1.5014408520865297,1.2137408017093323
-2.4434228020405775,-0.7862194039955764,-0.9218182699728176,-1.1165122337862832,-0.3738431333056266,0.6415267660840027,-1.0265081043006943,-1.0930869942766994,-0.5538426175285724,0.7904465410450605,1.0069508065673662,0.745626853229905,2.245200002103792,1.3634028759876409,1.968958507262217,2.628364976670203,2.5350139712481496,1.5535043444254208,4.321445660486682,1.8685595805716866,3.4304027109356956,3.7550233274798,3.1373790374945902,2.2531982407855913,2.637776345736995,1.3695236559182922,0.964124960696883,0.7332531034743868,1.0892001551615942,1.025681535487645,1.0240558406770204,0.9870632091791339,1.1497406091152116,1.368565658033424
-1.9501576628076058,-2.9656297265661555,-3.8588010782704205,-1.8502945709883851,1.5879002302004779,-0.3990522146010585,-0.7773123288388931,-0.648488857221273,-2.999122859895674,-0.23039004094821489,0.1544850997811536,0.6501291591938984,1.1589318863967326,1.337151782317452,1.1724634219989145,1.4822560118215533,3.1630404734771975,0.8890730151538753,2.662192824823361,5.336605285889229,4.824216636515673,4.206677144037305,2.104872229096187,2.1564035387826683,1.4258453508324143,1.69333198764159,1.4766304939989272,1.358351571679366,1.3434011115165905,1.1836605002005767,1.3444542433445663,1.5814658053318804,1.1190945078230787,1.3270324898939365
-0.194649197870787,1.0204405368199092,3.0906348405296784,-1.3772686119820148,0.5192968420902663,-0.04934391387893057,-0.821937642688665,-0.9371225570224008,-1.3193464949004068,-0.6062963925685556,-0.5049095775684849,-0.5584038558030142,-0.4636367918549384,0.007906023046848289,0.8059896233540089,1.6426680005281382,1.2805685507303681,1.7431188245927904,3.056228009236406,3.2855417347862717,2.695134108580354,3.954432304617108,1.8197956963964317,2.031529974594674,1.547859529680362,1.4364416933781763,1.349278252954676,1.4670210292808537,1.3691591055149208,1.1385376671397898,1.1277149590084132,1.4011215725655164,1.2750270909262504,1.1413335619118576
4.313814203895988,4.652058861754884,4.441697335652653,1.25986956984464,0.19369233676228262,0.0057968450581909955,-0.21444855705522484,-0.2346108782596895,-1.617574526637846,-1.8375094349484418,-0.8554100157879374,-0.041616186064645545,-3.2468753389083407,-0.022583683909905106,1.3500981563800982,3.481247624328043,1.3720058950239495,1.2464451573875521,4.0170836692556335,3.2053365378041594,3.251068196443814,2.826756455226537,3.1110674902230486,2.7998115140852193,1.9314416386582052,1.9104692876504188,1.3006515985695903,1.4816973969831393,1.4744868950761758,1.7562305684102955,1.4436003310820356,1.064702980725174,1.07265104839153,2.1436353790644915
2.6001118468157296,3.1581013711617243,2.2588802806265176,0.37915022249321995,0.7280958373286668,-0.21241670495783785,-1.5309381489096985,-2.1565193895593593,-2.4754737519547936,-2.259309770115472,-3.3758981037161,1.0989560948407358,-1.2116367975946873,-0.9813495920743132,-0.48986734808014915,0.2773641388845914,0.18861275762458335,2.9206942060184,4.136143671977487,3.397539919127108,3.2723768409994802,2.9482382845369073,3.514142411531126,3.983803493279049,2.339181409932118,1.9131993463049242,1.6707000211315597,1.3947986220242405,1.1204418556622857,1.2169375752141203,1.5338007184894147,0.9369393465963342,0.891366182926015,2.4218600633420957
0.9876329366900924,1.3832127833410257,0.508890226658333,0.4307823626849527,-0.4901516902121832,-1.7718925132714252,-2.68956355098296,-3.0004301512461313,-3.9822071016048364,-1.6424265418113309,-1.016797781103132,-0.48693337288219596,-1.5147933412396244,-0.7251094240324857,-0.22856417361138223,1.2991479287846919,1.3699221757871523,3.2663500636449796,2.2695072278288606,3.498665981844815,4.7906064283816185,3.127672519865257,2.59039173990886,2.616870525624016,2.451927441359269,3.377704758440532,2.0159698801270696,1.2816940538233592,1.3377841814677833,1.969889054571181,1.7368731727085325,1.7848824719584566,3.306760199830583,3.2967835836644293
0.04425321370354163,-0.5105766378775964,-0.5552599099668774,-1.223169847899773,-2.1365740443565278,-2.8763862893961125,-4.072200769142144,-2.5184718391524497,-0.46541382709436346,-1.6188783686252695,-1.4860847775121855,-0.06970820468702024,0.32354841171252413,-2.133151122628149,-0.5034522171515322,0.4165689116976877,0.6843921863311946,2.9053480731135557,2.194899891224111,3.163342706486547,2.8085005053384653,2.5513364907040126,2.1775378601571105,1.458804551588029,2.334794788046965,2.6832190828668505,1.9264821654927866,1.677293312745452,1.851975891871158,1.748193953482074,2.1617079450113192,1.6003676795163553,2.6427159042256894,3.387992542701815
-1.2186692884907655,-1.405544916077003,-1.9495685263193037,-2.579110197280734,-3.465868761699898,-3.6116515753896308,-3.185617910473685,0.11800008394283185,-2.6080151143276216,-0.511656371036032,-0.2290147468538487,0.6037029048942171,0.5815975006370009,-2.0614492782839826,-0.9298245777773599,0.8574125369241349,0.1873022028541203,0.9061444754255213,2.542336934740689,0.6419437353400858,1.8746223086089184,2.5756129131764793,2.403580517128545,2.2034444220395852,1.8702181843490169,1.9358645839842386,2.4312261400710793,2.006034042438256,1.838602551095395,2.062922075662699,2.5279897690066235,3.1673420774392733,2.0185713385359465,2.731210441999815
-2.3222982004117867,-2.3113567031784332,-2.6858101851635885,-3.0952935009405427,-4.36584982643591,-0.6991150465963085,-1.015641152956267,2.3899863401218693,0.39165731801554626,1.5481690607778007,-0.13974350365539834,1.1985612667828816,0.4988310979643914,-0.9278730082103019,-0.2894157584726174,0.4253000265992836,0.16094328601886954,0.5648077511075886,1.5540865229846645,1.5494182555438831,1.5099353598071141,1.591311630240498,1.2124478013635194,1.3123407669537637,0.6518918863960111,1.6213276038502318,1.6913253249877973,1.7756855065887762,1.9409537619461976,1.6612796074537493,1.9942991190109913,2.4227885890997882,1.424674644508141,2.035820554452915
-2.8193102796406024,-2.2811910703433362,-3.4393696655061445,-3.7442728084755115,-0.707294391277769,0.748022485956783,-0.7988496484086263,1.1424189250257284,0.6797213946485712,1.954874462970755,2.707582941855941,0.16298849318505226,1.5744057096578434,-0.7531550617150412,-1.15563361639161,-1.0346570446288508,-0.5075360402860628,0.3644017830490852,0.9044299284188128,1.1227195081254053,1.1112469626050583,0.7554715031613619,1.4924074305489805,1.7039233891006371,1.002740887840125,1.4667222539492104,1.427792153045155,1.4938291000696429,1.4448481797243296,0.041368188187883556,1.3113017262521316,2.3508274754921064,1.3439687228210502,0.7240164046731491
-2.231090063005855,-2.146658614709947,-2.421471417451811,-1.8673681150155312,2.077386675599735,2.1446774533837853,0.02899051905999805,0.8528031712972588,0.24068243179761475,2.032110960805503,1.2039173385029203,0.35432174633764785,-0.2783181264659523,-0.04729887616910447,-2.063190968328025,-0.484396659122918,0.2031708923030285,-0.002692822896306199,0.3949103858989869,0.7608295074716145,1.206894027634843,0.7495321851965357,0.6667946488694051,0.7258420278678575,0.9480770961781723,0.7930594343937948,1.2672820761096542,1.1554044492326068,0.7827161981651585,0.9649368481129271,1.1123769245084034,1.651632803010187,1.4917587066145073,0.7132105401029886
-1.8370720028681715,-1.0964153738182798,-0.2949391272404544,0.5898207692173258,2.5407633281919573,1.8827068355015657,0.9877156055755242,1.8418034010343822,2.027608648696497,1.6400328692791537,2.1492055198203204,1.5606680960131063,-0.699795819234553,-0.4881824935305183,-0.10569196445233375,-1.4779754708620814,-0.7506808110400147,-0.12741320953494012,-0.2444828413399091,1.3740312604119267,1.456428165497147,1.4988020195906786,1.0534434273045843,0.8959064559339365,0.9315934249076789,0.8378189877830453,0.9166342362999004,1.6825278413506737,0.2308394951293815,-0.04990332942467901,1.3726896889149414,1.2500069768937307,1.259257488132401,0.8375306874405848
-1.6428020565001613,-0.10656411526738352,1.2881917959047038,2.2924561464216424,1.9892399568556718,2.1083225850646348,0.9031606437788323,-0.4332400036858028,-0.6580533394835437,1.6890278168974229,1.9197702524749183,2.6535892215959613,0.49032276392505725,-0.38697640709815034,-0.7245693100936778,-0.7751675607636006,-0.6449193115125164,1.0343683365859415,0.8199897353898765,0.26318579478664067,0.2756117873221171,0.9607572097526189,-0.017103030607203477,0.1349296719614545,0.1854201216976459,0.6409049588357297,0.7555952045447994,0.8241715155213023,-0.19208303558276288,-0.16982177686819036,0.14956824989044998,0.8515642888206659,0.8032237960481018,0.8623652976430425
-0.7008127824046794,-0.1709455703822559,2.123295045834012,3.3228937845826327,2.0956601146584783,1.3915019640187483,2.685431417257607,0.1656096990366821,-0.46584336006506416,-0.20893446391110532,2.689908232016231,-1.1799279480722313,-1.5096605865669528,-0.5114610683178236,-0.9789974509709467,0.3618540905441968,-0.19057043295430737,-0.26800732056676563,0.3472958279361574,0.589160214487446,0.3815038715178206,1.1920240951228527,0.7590884335336804,0.23309581674806334,0.3344208018218124,0.5364311295277598,0.3604234731281826,0.2586697619000877,-0.10609015586535865,-0.6596274981950285,-0.21951124146355896,0.6852007082137246,1.4351497079192124,0.6522217429683052
-0.8877929096428044,-0.603845110508654,0.9006442451350051,2.6730029234495336,2.397711353000654,2.383593146686882,2.4418380485509066,0.531532878102877,2.477688764836201,3.3738969158636314,0.4199232610851553,-0.6402306455466903,-0.3292868999193016,-0.7289395819192964,-0.7625042159619079,-0.9695363830419806,0.30990269806155396,1.1261944848087675,0.40202533980600036,0.2502860436273623,0.5366790499603113,0.5424017069310499,0.6976582135946339,0.34999302919229547,0.5953546004324843,1.0864453036148463,0.5035480151487682,-0.19852430153143605,-0.3202675530919803,-1.4862654087301888,-0.3364006747913788,1.0410459934563612,1.3449769110555354,1.0581168652008885
-1.3959939256669749,-0.6430051065928304,0.20299294363204515,1.134648939953859,2.4368255039613986,1.5795417450187093,3.882351651451751,1.6558942396300513,2.686954180718992,4.434415618076829,0.49986134560645085,-0.5873436966849842,-0.012373753166098126,-0.03533970664031518,-1.4445506560521142,-1.2803730650206,0.02625928710359684,0.7430520776350374,0.730937685601464,1.4228031526742824,1.001079993044296,0.4461120461920241,0.490807847867708,0.9038972836586386,0.6925947342450172,0.10997906601206141,0.48265133676812516,-0.2530801687697088,-0.30822425847276425,-0.5045030278180431,-0.27096519235455024,1.4425692261680179,1.5720871461681274,0.8877769099898156
-1.1871986275946087,-0.8369413877931382,-0.22391761299077273,0.9175971938607687,2.0196665954930704,2.152012624729448,-1.2066847341525353,1.7677571624671211,0.28200399001630827,1.5226244261257127,1.1437321078291347,0.4399328809161756,0.8673662984114366,-1.3800017641821716,-0.7074238811971248,-0.04515654072728166,-1.0056446037456326,0.49801136674152835,1.3029360445056224,0.7825321753410027,-0.10425317914344148,1.1640437165997388,0.25446219395200725,0.6182891328632671,0.6875058868443699,0.20511805344189016,0.1575209311712706,-0.2742806904249017,-0.07528125378768644,-0.29087502057552733,0.1011636692930524,0.33169297082396093,2.1977919757274855,0.5545204632081303
-0.5727119231835143,0.12319514907728725,-0.09879534775059004,0.07376250867489728,2.044203351526276,1.9663068051823502,1.4779626464886209,1.0242927652708897,3.458327532131833,1.4629709681676408,2.2398470773015142,1.1398633212403233,-0.5564413222399658,-0.9507855184941957,-1.798999859598687,-0.42238721737097806,-0.9952266672623341,-0.1938248159559785,0.0034302484745890533,0.7011156028747968,0.572879819087141,0.5445697055300683,0.7698007363290311,0.5087486315290402,0.5927114171192347,0.7175950260054637,0.6385623117327317,0.0691975424120726,-0.36323959348946433,0.12316873325419907,0.23118174143010076,0.5994001635496236,2.975220138613186,2.857854950942297
-0.8870197210261593,0.12055842031053562,0.6160737283750791,0.4977726369838554,0.3687131693418644,4.36286562845185,2.628507886271394,0.9477050601329265,3.3028079069167786,0.7155075770532423,-1.1523641236451085,1.271218513043259,-0.911524230569491,-0.7929281930407212,0.11756345405917111,-1.3791635127877513,-0.4867880813590152,-0.0691237746338612,0.2449042148085985,0.547783218513084,0.7385516779002528,0.9438835394672772,0.6273853772269544,0.737165191648415,0.30161287204807813,0.6081128249000362,0.44853918997911496,-0.23278065840482182,-0.0958203489001485,0.7223504544122837,0.4570901932624954,0.6658408699702544,0.9827172359923333,2.900988864576301
-1.2905330312950258,-0.3677152774741443,0.6647412301393629,0.9293407657152992,1.1855183241960818,1.7008953571044743,1.8055019564574593,2.3400599138942026,4.213361825443034,2.585784567852429,0.07384479237328721,1.1114243054431419,-0.8684310093379862,-0.8105710158346818,-0.6444149686680071,0.6683368515281771,-0.20293582381960795,0.04521274206598562,0.6582265375282538,0.5853292383133185,0.7209278077530471,0.7997068376220154,0.8492511882634989,0.8672010275167367,0.31867707647223564,0.5913357612320851,0.5909722952922232,0.07833040998517554,0.4918157758543677,0.6676935134361651,0.7170732564493321,0.929191697186342,2.7769488799971858,3.0678477414100227
-1.5186646452193477,-0.836037446246341,0.19358021287980154,1.0736393987950374,0.10514212354721823,3.3446953051100663,1.6218037895472688,2.6051893437849616,4.217655721064993,-0.05032341606458735,-1.4069603604884235,0.3176948301530642,-0.43077252969308155,0.27168827584280864,-0.8243290008409698,-1.7335551509050255,0.00905178396842203,0.40632968272924674,0.7211939730961181,0.7079825890558844,0.42664778933173314,1.0739735801113628,1.375177369801951,0.8962600485612422,0.7644308493202915,0.31719059786630466,0.24915851743725598,0.30012770647183235,1.0521280103128519,0.970173376059996,0.599173696805077,0.9870558629529672,2.619477071637375,3.3909510921862753
-2.8317747043075103,-0.6829524249153104,-0.17314269999409018,0.9830397572995306,0.7234322758252191,4.351369631429863,2.6900707130018597,4.0509337646776045,3.897756675521643,1.1581537933903019,0.14328825858961164,-1.073243111695962,-0.9188723334482595,-0.8409250403583012,-0.4653268397216216,-1.6252524009464047,3.8434739042088903,-0.15367129735257348,0.3173760353249334,0.6296262990849623,1.1532693486692367,1.7639641979061969,2.5503293317302074,0.8395178601834449,0.83858531835706,0.1774097969252345,1.235851604114082,0.7779656204863111,0.7786033349785592,1.2713221360489568,1.2283452257609748,2.4127311894878467,2.8444176561825674,3.2849328947388945
