script/wind150m.json
{"header": {"parameterCategory": 2, "parameterNumber": 2, "lo1": 3.000054539987559, "la1": 64.9999836372058, "dx": 0.5, "dy": 0.25, "nx": 34, "ny": 52, "refTime": "2026-06-02T14:00:00.000Z"}, "data":
[rows 0 to 23 of 52, columns 0 to 33 of 34]
-4.9821269048811265,-5.2905852221722425,-5.139671646958494,-4.85452588741329,-4.521702134638015,-4.299059765198502,-3.561601142569777,-3.201766243283933,-3.342299925320783,-3.120507121072608,-2.690342317187492,-1.7431313350979458,-0.9537301316701734,-1.0681644957010188,-0.6707357894852378,-1.7778007700050802,-1.357965999148351,-0.7448348823443246,-0.7801251769902118,-0.20518745585485143,-1.1626778144007097,-1.1600851145077147,1.1635743844878599,1.1561781361487447,-0.3659324673215686,-4.466302719182839,-0.24044583244165127,-6.750354392023801,-5.111857536588183,-5.17109785671129,-5.372110411988184,-6.256988692981879,-6.522129244459114,-5.53148361381535
-5.797478948514207,-5.718754667187511,-5.830467437299165,-5.231929028274192,-5.117648409263371,-5.634612363002906,-5.268891276987299,-4.4772319829012295,-5.005688601282532,-4.971458845708657,-3.7174189834100217,-2.624066807737904,-3.3350553348262206,-3.4457142421050206,-3.179241416544933,-1.5631450636777402,-1.4452057014191815,-1.5730018122446434,-0.5101117886065468,-1.4157101567154515,-0.5699560963613126,0.5233929897914668,0.7716677468866872,-3.7055061749802163,-1.5499612718579159,-4.247391545709428,2.3003695209764072,-3.1147384475842497,-0.2326192004842226,-5.1815630031645785,-5.403837556249561,-5.557510240709515,-5.845467618601475,-6.270638336180036
-3.809847033108868,-4.856633857207859,-5.25270336372409,-5.840900324196493,-5.713840898221057,-5.784716257540732,-5.4141750584136545,-5.840401114842645,-5.95813873264774,-5.784231504681969,-4.499189201056893,-4.361588680109581,-5.032172570982949,-5.089669245111621,-2.352644815769158,-2.499694074604901,-3.523451390752925,-2.121537926408269,-1.1324985823342504,-0.6048425858325531,-0.3156277055141293,-0.40041581313789326,-4.157303249955812,-1.1081678844798684,0.05951722560385699,-0.5044478040277264,-1.8164004326591976,-1.8895108397899372,-0.9930062872764464,-0.43137680034055254,-1.5434932948865612,-4.964491772506553,-4.782370882608662,-6.655832758390903
-3.2725126551273527,-4.30397513286316,-5.359627441311275,-5.823439729161627,-5.2894419055279585,-4.591863535745199,-4.4944543629720775,-4.0106105624612995,-5.064097897337204,-4.383310915945976,-4.348359395113531,-5.128039864873886,-5.658048932171282,-4.655740932777411,-3.2937386377329942,-0.22031557956252296,-2.267461617239179,-0.4221016371245831,-0.3915628847236106,0.020592159591580936,0.5089666078972632,-0.6442899428255414,-2.906205865533796,-0.28233691973307906,0.829558878618013,-1.1812323113707495,-2.3303710686894186,-0.7776401786703943,-3.7982086431052857,-0.037413707760996284,-2.330390181749303,-2.2304790286191247,-3.2652895068960084,-3.851096799909756
-3.32817743643646,-4.001230509896192,-5.157442689983228,-4.398894767783943,-4.210723452787357,-3.77874056079472,-3.987103594610721,-3.796580757653145,-4.720832599618465,-6.133432728216968,-6.38291544334334,-5.926895399218373,-5.2713250266738525,-5.088398501159457,-1.4068326665411723,-1.8383555286402438,-2.438642725152001,-2.244096172609222,-0.5983343741069566,-0.558717357711763,1.8859187870836627,0.7437381145230237,-4.194333640346743,-0.1819212937492796,-0.7930166753189185,2.2167869373151072,-1.9026724439443772,0.3126869069249183,-0.3873847835202861,-3.8350190672586644,-1.844439593387532,-2.124427970988129,-2.866959553976248,-3.2733315156242155
-3.8006196066402853,-5.2418267171985375,-5.405222029220278,-4.129106700961072,-4.656388394710794,-3.707097994903555,-3.7044445016533394,-4.929013760039501,-5.31525650326892,-6.9305612950039475,-6.961499946966653,-5.383549538022609,-4.978536334306321,-4.160437768264277,-0.044988990863146706,-2.576328763925334,-1.4882722630994418,-1.525896577314683,-1.0499839769524215,-1.219336600670374,0.44172501845795287,-0.07290142988542614,0.8969975473431575,-0.5106157834863814,0.41864566334454484,-0.34360503998507,0.5511246506089374,-1.4680539229632539,-1.667802072416099,-1.6348701559367202,-1.1023764328827992,-1.9388200992203735,-2.3275872885288122,-1.000486636761925
0.9095016546269588,-0.620568212787383,-4.019512760710385,-4.318556739116321,-2.7458699188119087,-2.8157325024714317,-2.617290004638735,-1.7981434123117859,-4.166521691313171,-3.523006327746529,-3.3298427849775143,0.5365222072063907,-1.9293923610703714,-1.4798777669847054,-3.7776738671253014,-4.996563078939215,-2.0682381456028027,-0.33308476207851073,0.43338500947954656,0.28661799242940306,-1.8772048168626556,-0.9651799228490339,-0.006958161208897839,0.8558446375178275,1.9755817293938058,2.016888435790192,1.8546477950308564,-3.2477674130539955,-0.3940821875653604,-1.3995909491956768,-2.3428511619458523,-2.3966555362016755,-2.3581350863690695,-1.0073857795448593
1.971390513475944,2.5151837968035804,0.03844486978470936,-2.417582179560723,-1.7423627000239317,-1.0459705471459808,-0.2470803224730419,0.7307769404583306,0.47012171856629975,2.626475303561573,4.178805683123275,2.2692754326740516,-0.8028463494128097,0.33185752310285005,-1.451295699816801,0.6113283080893839,-0.839542048549365,0.5796961645069514,1.1718333166271824,-0.2218501694759278,-0.07704926551580193,-0.19156318908266676,-2.7360523697527257,0.0069236717095217054,1.101483090966276,1.1172848667394044,1.6143165270893858,2.331646911781629,-3.2483982885709923,-0.5561773295118433,-0.44222711913370705,-1.7280049219128344,-1.495370954973368,-1.6541349393095814
1.8004073636006797,1.548644807613152,2.4245219559456954,1.2705962394767323,-0.1496071654490765,-0.1457034982009025,-0.15542952430698698,-0.21773589863287496,1.38338871516254,2.1205022066119494,2.329416740199209,1.8371021881959757,2.07611670145816,0.9737612761393705,1.810407510861285,0.42474241170360233,-1.5152423948621527,0.615147171679219,1.7354768470816784,2.06088438693358,1.1480043896424126,1.4300513396909125,0.6705293071898749,-0.37377908475581595,0.5099708281779097,1.1246757853645304,0.9575649856035554,-0.19985836470888627,-3.996679985140641,-1.6111281143441643,-1.2212438398075254,-0.21421314989473328,-0.14832423282591392,-0.5904608941076309
2.057835517124033,2.214299095523431,2.536498095389697,2.3542914983813747,0.2560315289420699,-0.34174579253810294,-1.4073767166199327,0.8331344370522018,1.3147284778233341,3.040856573663149,0.8899316603554005,0.5041744344046386,0.2971841603239647,1.3429669309907366,1.4168249448028953,2.9503092188715327,2.064291161788091,-0.5949976717990257,1.2863284953859508,0.5670476243510727,3.8078572708851657,1.8359615314147928,2.185728147444314,0.8308545809260505,0.030878095301356188,1.5597030290818663,-1.2224804120112074,0.6338711729690482,-0.7108065807723563,-1.3468772189068905,-1.6176478688572888,1.5380730575560884,2.484669413367998,0.6070181418774054
1.151012069879084,1.2928516017568035,1.1362212305120079,1.729976210005703,0.6501625637031135,1.1702195755766012,-1.117690236280879,1.2495409664708266,-2.1099461870850793,0.5882362086042695,0.5856886755451431,1.194063536547518,1.361369752906205,1.4422418348876638,-1.1104741706708723,0.014015949459125602,1.8617924759136621,0.14087622617299414,1.3722515676662503,2.3366208507426904,2.6445832181726034,1.2387085316322861,2.5064012182125577,3.620621598882982,1.3808756898575332,1.394680212757254,-0.21470042583195192,0.06619864726523873,-1.7994737896523498,-2.410438171882573,1.4437420519831758,3.107196472551965,2.527057470918942,1.2815191902252268
1.2297824500695826,0.7476497079607985,0.5510019886013283,1.225900610248575,1.3351572723128853,1.6453056917764326,-0.19370748554084924,-0.1897566134198301,1.9693231086613943,2.3962921089010694,3.3914938601307747,3.729182791044671,-0.10845676333427173,0.6478788070954369,-0.8684258708995309,-2.666460421751815,0.14503263290822055,1.690390907392113,3.0232048815273465,1.945730186863333,2.4705031145181144,2.357752783614811,0.8587300790280549,2.684173037772991,3.0611611068425395,1.843628609128945,0.5551261685035882,1.5702990414083624,0.7561370110503824,-1.4914332565653698,0.3095505867118897,2.390727391362743,3.838111524800588,1.9944920729204199
1.1413610354032409,1.0343286359778525,-0.32973159054876383,0.5128749380724288,0.22674495158265248,-0.06890017831521927,1.9102684389860147,2.480876647166324,-0.05498648879009368,1.8959616797711174,3.536979921433758,0.24822308719842168,1.13684705205778,1.1311980758289926,0.534816945744217,1.8769218820349332,-0.8400709665189671,0.7903649142602,2.6033876835804453,1.9258645816551732,2.0169631285360055,3.1021661639716753,3.426542268617531,2.6575435729570147,3.6093760400628447,2.3953660105901116,1.737421286845801,1.1628545157830186,-0.8895726680260505,-1.3142589847598678,0.9197478009260621,2.719792701673003,3.7457305184472673,3.311804360371693
0.26255991882807744,0.5675154505686393,-0.45692430254656025,-1.2342743168601977,-0.38625337683853134,-1.915886378965377,1.1903056815526047,0.0653451121272787,-4.50489899207492,0.5024736529919046,0.3730862872960191,2.725204816281467,1.3593088119925885,-3.447166034205559,0.47434769191773807,2.655589129377757,0.6131952334910101,0.36377926899163365,1.6947590460659216,2.634134474163357,2.0060057420402324,2.730047524718024,3.5633207057791725,2.9651206945990265,2.519825604588697,2.8045791692801547,3.5548055306746655,3.5228965163049066,1.3517233577924543,-0.09321260140156915,0.7726265071141134,2.467334755607505,3.2685015290958783,3.3713871101782487
0.6641604959745855,0.1781710396620418,-1.2116746556715483,-2.1969905165608106,-2.3116977540447907,-1.2214146957938075,1.4627126890052506,-3.666231127310352,1.10712055962366,0.1902415686848447,-3.1621861000923746,-0.26935753014307723,2.1309712121895448,-2.1207437607317345,-0.7421672058967119,1.611942768989502,-1.6092219089745439,-0.12756550779595352,1.7373568323592272,0.48561465379844,3.4888800435206457,1.6234612186069424,2.0854019464228126,3.336078454535998,2.5784246166015565,3.4447754396684007,3.9396086947723967,4.667890866615481,3.8680417769171695,0.8905252729543879,1.9053056936960155,2.2978707592879513,3.1384558473755457,3.1869259298202
-0.8599530235467708,-1.1758375911676633,-2.094783012686699,-2.916249810326186,-2.477380171197662,-2.289165731026924,-2.2161912240857555,0.15292827975356157,-0.10643861326330227,0.7845946952526378,-1.7176270297215042,-2.5504670609029105,-2.248793466648647,0.7954988529612411,-3.6974985729284615,0.29146052259889177,1.7658852297928465,0.40562095899554473,-0.04692593296483884,1.2560504125422198,2.634831783521119,2.413914567901193,1.2573416942439355,2.5806090315996473,2.837518117402315,3.050741857607918,4.607642762869714,2.9593704546348363,2.929543008726913,2.2165660894028405,1.3104258555930637,2.0637583177493903,4.200142760616737,1.820137056629232
-1.4153973135706668,-1.4350562807005787,-1.7208037909364517,-2.410130358586575,-2.6018255082855397,-1.8099582720072975,-2.187063135928397,-1.8458787879865355,0.8350519966283216,-3.8637154515533485,-2.3858847860610126,3.0450669789695124,-1.9011792301245947,-3.091317157078385,-3.019799947543393,-4.007511997635046,0.18719531595094713,0.1338299413790254,0.7951783537945506,1.7861946647049314,1.6190002764267006,3.0070931673415564,1.63152812469845,2.8464902585672096,2.9976233387276925,2.8998235670546615,3.7979537705495323,3.736951345423148,3.5621356955656487,1.973845862542359,4.550629041247612,5.702269864903941,2.9765726832532877,1.3492590398714104
-2.955177982476961,-2.4063139446925454,-1.4124235590232534,-2.238079443193401,-3.0679215922981093,-2.8464893954630486,-3.4346445461046056,0.46300616750358076,-4.616204936433304,-1.3406277137960756,-3.445073090576235,0.8126367513891581,-0.17697638935253135,-2.897192762502711,0.17774659959087594,-2.3725001117032085,-2.7992038737072655,1.336485048088007,0.1546833145988086,0.7037706889588293,0.6952935537118787,1.6049505570167195,2.982188841697327,3.1872178074808915,2.333202577106218,3.5439088907197958,4.035745557370585,3.7129108822966645,4.3442070935377926,3.3494996955646257,4.269431994893714,3.4061297525039635,3.8494241022802456,2.629545441256571
-4.5387507257687,-3.6937245203493125,-2.108083086956556,-2.838108958484485,-2.4849018578441395,-0.08389777075066414,-2.229853824419202,-4.860512185409193,-7.250811817599519,-1.8912290907763714,-0.4081421628561498,0.22745004487449058,0.7677047650400018,-2.0159552856194853,-1.4303163981398561,0.6262498715822025,-0.03288198292862219,0.16531914394371364,0.6217759143737474,1.7168998371289719,1.0086086322177525,2.602747940546458,3.463273296780351,2.436363091854582,4.19141504855499,3.4927027636312657,4.020789374404663,4.106436742609523,4.454517118070235,4.676449262607056,4.944769063503402,4.577661404693707,3.905614923693596,2.961863036610529
-4.599271470251167,-3.948397292483422,-4.2906924841991465,-4.388643122824274,-2.8110569215459305,-2.515766872955063,0.4654891101140998,-1.7987573173325948,-0.3830583942892458,-1.775086414073875,-1.7042839054395644,-0.16256631863787663,0.2642381584688687,-0.41470056273468275,-1.5841402011530217,-0.5840751385166826,-0.37234570981664966,0.6495085866259589,-0.36128392690966665,1.2135646604619819,1.0987619871027436,1.577625497193413,3.289779023649343,3.3371138394629516,2.4422495513999127,3.5591358105959685,5.2005789835124,4.39612010707034,4.131937583462945,4.372705915110374,4.300286714278248,3.795120429246542,4.458868107223231,4.444665431144518
-4.78561900860414,-5.85797212572086,-6.653232067156628,-6.31604129157959,-3.3980831743176,-3.7303528133194446,-4.786607427791496,-1.2433429515721097,-3.258161007143312,-3.2061420574067054,-1.814649881928083,-0.5771524217414609,0.6572807173541672,0.6838367097538217,1.4048598458689567,-0.6352974005329565,1.1681961886833527,-0.010748434648377185,0.7367584913012032,0.01066634936160478,1.2402746007981036,1.7335205843061423,2.59967200335985,2.3627142468621174,2.7435083372838114,4.133361104751213,5.208695082882493,5.857422308860681,4.166119392158312,3.813871160187644,3.539463373880956,3.897728171167523,1.5329691054098065,5.478454998618339
-7.351893566603324,-7.12867380111517,-7.523677450631474,-6.527706805341636,-4.9088205901919,-3.9399891497869235,-5.6419518187078985,-8.247774841715122,-7.559099624477297,-4.010890079179382,-1.3740763854492615,-0.7953098724000807,-1.1961784265841389,0.41044576893754814,-0.9653611129084472,-1.3742837919834716,-0.28093483108497375,-0.3680068510866867,0.7611175368471317,-0.37281207349109263,-0.09782189135292242,0.056134809286049914,1.5245019926172336,1.7549430968017974,2.1007656444221916,3.361145772701525,3.7181352932700844,5.561046887860071,6.364740794230419,3.783125422953656,3.4788378459129494,4.829504765748295,1.1952807331675994,6.071826848072123
-8.192256608155052,-8.128467245099158,-9.210615116519023,-8.734559423544347,-7.943886963138091,-5.404659316946001,-7.30574842941763,-4.0330201989128,-7.859997329010096,-8.104486068306539,-2.344251437664166,-3.9526861481902484,0.26272836783407316,-0.7507263591437284,0.5049000595792736,-1.2700554575127185,-0.5084762839521064,-1.0004215699461743,-1.1746810074821459,-0.40402813187176023,-1.3124705680186628,-1.1814585905599053,0.158360450078455,1.0894765799121462,1.2542700079823021,2.0806125162658233,3.550429204628434,5.054237577870935,7.823141019843961,4.971371122677226,5.563706850997178,4.075315738288503,3.7374549759710174,5.201537263396936
-8.668486927189415,-8.579268204563034,-9.80524609685149,-9.307873292931506,-6.606023165940043,-5.055632490620274,-5.760143941347301,-13.450012841670913,-9.260450859024907,-7.838584673126775,-1.2016155366315677,-1.4268373107022847,-1.802482363184962,-2.7054703460557126,-0.9811518266522141,-0.5434800635928954,0.5301166907459701,-0.20804479125710856,-0.7443878967065313,-0.8503776405836433,0.44139467442867514,-0.5799980803407838,-0.5937460176795462,0.6117315176039304,2.053304627719297,1.0852621524212571,1.25013881033363,3.0640503148485827,3.827733792624529,4.361452729392827,4.793369371439113,3.1251915741196696,3.870529466317753,3.2182461769690804
