script/wind10m.json
{"header": {"parameterCategory": 2, "parameterNumber": 2, "lo1": 3.000054539987559, "la1": 64.9999836372058, "dx": 0.5, "dy": 0.25, "nx": 34, "ny": 52, "refTime": "2025-09-16T23:00:00.000Z"}, "data":
[rows 0 to 24 of 52, columns 0 to 33 of 34]
1.2239154113259554,1.247906168800666,1.0020236601139982,0.8534625523258296,1.0197529994686854,1.0161783733045637,0.5881103867551668,0.983006503851999,0.47511386638119496,0.5164004471515062,0.3385040737255823,0.8154864134509677,1.8106257205368061,2.5741059292890474,2.5486150518758293,2.502264774593077,2.6243083981331123,2.2834686988645965,0.4387344772540396,0.14716954446658384,-0.3792309959979828,0.38201833783093675,-0.30921803117760777,0.7502094243742238,0.6678417889316222,-0.028903984983344743,0.28806346292735024,0.06679795974648575,0.7785387105026548,0.09491184663310667,0.2755820263486134,0.20204124795555456,-0.07209476441185128,0.11700647787691758
1.20327373951307,1.5721499139933546,1.4878741414928056,0.9894681064465413,1.1387525249714545,0.9446009621695639,0.639775458083255,0.39888151104709213,-0.3453950387321951,-0.10156920800788813,0.13403889881918815,0.6482141611932838,1.7811910360664676,3.132161343314387,3.264260777685182,3.449862821929267,3.8303333757501568,0.6466939220038512,0.9875282323154494,3.9847553492505874,-0.21570839084916177,0.3968640571064338,-0.044767319203516814,1.5817525366311045,1.0485487711227872,0.5940846712712278,0.6558475155992013,0.7022409116097562,-0.0359349399897376,-0.0795815587485897,0.6798539461818359,-0.33606914068173543,-0.45707331798799133,0.4770828539804893
1.1937692181149988,1.5937041770855802,1.6874389587216945,1.4247305770579575,1.3534908562078554,1.0539997178784999,0.7198988229550853,-0.011013733036376748,-0.09317533547565159,0.34016071156167754,0.15965811273522465,1.5479299829661755,3.0893759276150687,2.6611113853737836,3.605637075093985,4.427677762125776,2.4438935877194554,-0.641634272911477,0.36698649042518205,0.40478918714652207,1.3444013844800862,0.8045615827342488,0.0934699451995,0.1814745307957792,0.18133383236305994,0.16330736997135234,0.7234035613889166,0.34411350519184863,0.30223826627614064,0.09548808304458396,0.38951030805535936,-0.310227795167811,-0.5154241389035997,-0.2800237447126214
1.3468739479743668,1.5921838616617061,1.767929863260769,1.7252815487553448,1.6649502663776548,1.5370883095487304,0.5827160023003818,-0.2856580272277296,-0.11602494859519771,2.279369174087666,2.5570180704955305,3.262729978744467,4.143518976506786,3.4547356004866336,3.558371138301284,3.6184518541339314,0.9714866481779562,1.1034399581185523,0.6714311818289818,-0.19499275276384342,2.025666722497337,1.5783173637940053,-0.5678588466304563,0.7761962670230884,0.09824538130705632,0.2506163235384161,1.8364049563394707,0.14572144178516588,-0.6016633146042895,0.030361788282220924,-0.2278073379362795,0.7605506820502688,0.2527216040762458,-0.34479662853465093
1.6637877891813972,1.7401019075273179,2.0586769228201143,1.7134346741809798,1.7260468285950685,1.9633761471607323,1.2833164285275456,-0.3963916281448443,2.6261360079288405,3.366897008440035,3.521826999498621,3.6303547987341775,3.6162692782529886,3.7450379921631196,2.2804187411307386,2.5512757499097147,3.2205972413036528,1.3537026811339252,1.922931973413349,3.4215570681690877,1.0970159780796354,3.0398625464915634,-0.6701635410237483,-0.11396617452581667,-0.4634588917454435,-0.06640875086947211,-0.09502827698131805,-0.45695252705585676,0.1528614429578028,-0.2623592931421883,-0.49324461222796917,-0.3306365549897496,0.7272067600213415,0.2072438572205546
1.898242682159526,2.168648829895771,2.353483505385232,2.2627770051261304,1.8597617838729656,2.1830072798738507,2.2419439536769485,2.633246418991344,3.596227298333656,3.4426852955583236,3.631304766148355,3.6254211136691668,3.3492255368709922,4.175166998644485,1.7369878606657587,2.867258705295858,3.215842600657518,2.2253713738604075,4.012306826449502,2.359187733181397,0.5363929142877176,1.987468673572948,0.8465252425019348,0.4926431793586885,-0.18806005867660244,0.08500418046970662,0.042028841079561056,0.5454533603239697,-0.4761357587013388,-0.4381990491085871,-0.23538573871078147,-0.6385623741432813,-0.6183722703131563,-0.17460789204441549
2.2457027408510863,2.548982488301799,2.2368156724436017,2.6936323020325617,2.270402490487909,2.7904231963018358,3.2328255162647634,2.673792153690833,2.931973866594884,2.766618061400719,4.694072372649979,2.427868549483736,2.9834469403237396,3.1009432716628678,2.79015264383586,7.188158818525967,1.3116663305972651,1.964444567576099,3.754172820147216,2.772858658307501,1.792770723869638,1.7608856852648727,-0.7025216455970599,-0.6073998190020079,-0.378371975977156,-0.3309895228324763,0.9467409304159151,-0.3701879504332294,-0.34298160018374074,-0.4884397459648768,-0.45690563172026105,-0.22401661683395405,-0.136379775464191,-1.130723988298162
2.1761344129758964,2.6653944037671984,2.3786716027100345,2.4576532853900153,2.155861617611174,1.5084795160770725,3.110596427098701,1.923129706819277,4.800065690780001,4.501140193568899,4.617807906443466,0.6271303086949053,0.17296099410521606,5.720901604406735,-0.08051618407455988,1.98061366130734,2.344148679420455,3.5780932057414256,5.615280023804279,4.519569362646488,3.8413185586684007,0.510822704013788,0.7987623458749633,0.5513295424023343,-0.37272025265688935,-0.07759261004510928,-0.7413323888735383,0.787538527471622,-0.7680026452599782,-0.045352669372080594,-0.026180125082920114,0.5282110502644286,-0.49999473654830195,-0.7636969973421712
2.238048451284651,2.3324660343286494,2.0261619710639707,2.012094238514183,1.343669440069667,0.49859537853538544,0.9184813758289968,3.598365811021215,2.7833577916756163,1.1478262160092494,1.488035103740236,-0.21704691635864032,2.1356882633420113,3.9589705631957433,2.995395975482086,2.278934173381879,3.450963184225844,4.550888026379514,1.3223645986097652,2.141159690536628,2.4496694127775256,2.3568016140684502,0.5488849955107182,-0.4971270600714188,0.30096248884719395,0.4137645425215023,0.4338022398614808,-0.8538658772375652,0.4578190768588148,-0.25489415990091335,0.0657290231279542,-0.35962187355245245,1.6801028620769338,0.7451408753081807
2.3109130429472073,1.738382095841832,1.5796621586438357,1.0292095446399152,0.11733669683509775,1.1999092133979063,1.3790576324068073,2.315033353058662,0.8354082967116696,-0.7129593766754823,-1.0550425876318508,-0.06308436038970672,5.85969049664771,0.950862395311717,0.39203026774352573,4.029774469741768,3.5206849804418585,4.246939620467238,3.5759884851072288,2.740728037094477,4.220703745053122,1.7804348974445232,0.907328007876856,0.8297145994463071,-0.3062719698201273,-0.32727385155065597,0.4733610396718635,-0.10499875810654116,-0.19897091975603554,-0.16504613799100476,-0.22380255186860815,-1.324081470184116,-0.09884223000457483,0.06268609143220404
1.9248159886589695,0.8668411941518254,0.26524077920721467,0.18003298877122909,-0.41353239618063586,1.2882104609277456,2.8448967649549495,1.2922390593450657,1.7908940257880164,-0.5351699159927406,5.203020961614146,1.5957172534317026,0.6992488952611596,3.3658993785458238,5.368987148660205,2.954996394824805,2.487682738055862,2.0326316371022504,3.3822179946117807,1.8598051974764775,1.4362471157015646,1.475020327571089,-0.4068039712886566,0.27622108394502887,-0.045628485225496576,0.5309903005372266,0.7963439965691348,0.4738791759395183,-0.13832109007625423,-1.6400367017636703,0.23677323494515515,-1.3839033921965447,-0.7608730377342666,0.09474098161179136
2.677592472539199,0.5699970799347026,-0.34837329459911187,-0.13832013866479576,0.146337942322369,0.9646187589739001,0.030296409163801625,-1.0016496862769793,-0.7750323674204045,0.3499934839414629,1.2554122142859867,3.4891265974634975,-0.5213128563061116,0.45144251877025565,3.650047039269104,1.1844903004562088,1.6044423895590056,2.4464631318696783,1.309243883041983,2.28646080959878,1.9060127175528259,1.003439316463083,0.3715132869148569,0.6409430412580361,0.5502006372922597,-0.05466955292067615,0.36780113121722297,0.6319082041997828,0.7607244545670983,1.1710093984383998,-1.5028961929536664,-0.8208200902970281,-1.4872482907044156,-0.6670719245146065
3.7413499462608977,3.5542319038621133,0.7341608059914475,0.6658256775244278,0.020281934787696583,0.8967404627650063,0.5195895355532036,1.2147247728585482,-0.06869209115754939,3.6450883627310255,3.641216944524515,0.28701803371275403,4.701317270052645,2.5627529463443137,-1.6095532346226953,2.877969541806091,1.3743163930941629,1.7154275240339598,1.9097030395249877,0.5777018052409172,1.1622641800992204,1.3778556113151201,1.5973574339045837,0.9229872511048899,0.45319050353725393,0.43027055554141946,-0.6718933255526278,-0.6417951741502781,0.7941112711368398,1.1913303450105663,-0.9256639646408982,-1.4672185151383397,-0.5143296861606488,-0.8397857281327649
3.3220062797556955,3.0681408253059153,2.544967003015368,1.2815139195265086,-1.0554049296389822,2.9685714744766685,1.742000662062799,-0.6970457815778909,0.598493069589499,1.558506257208014,-0.9906688563848646,2.630992724613665,1.62274064200195,1.2951108180122746,-0.6403987641326192,1.4013219303833755,1.9346672937895628,1.4433722522254941,1.308331734891901,1.7605973433798388,1.0577153876047938,1.738352364811948,1.9337800895192354,1.788671373169606,0.16243543557741744,0.8846277755202996,1.3726189940456335,0.8709028374787617,0.4158404797505834,-0.02972257962398384,-1.1781881701856722,-1.9051869938504158,-1.2044071766079147,-0.032100887428451276
3.054889101319827,3.308238028711123,3.256486925680422,3.167374671019634,2.1239446958756236,-0.21996242876144761,-1.2595696505870624,3.2640834560183363,-0.8047686778513244,0.5769083603570476,1.7610503081969635,0.6327931913285904,2.6994203872285762,1.629517360634246,2.3117715285803064,-0.17188227282330631,1.5298781778246668,1.4328197978346955,0.16788190296975772,0.6374707987311573,0.9447081025076739,0.9158749398361938,-0.4952539196945224,1.0892466575711959,0.5419413283684917,0.8892529736319823,-0.2141133537948373,0.5587213197853912,0.5996925096432639,-0.22521180336632513,0.9890091915930019,0.15799094145911685,-3.157376342210074,-0.30659440294899354
3.730515014283276,3.430201354290333,5.5651689835635825,3.193990325144517,0.5807220306898162,-0.006207253627158701,1.7883487834736087,0.17100748041392203,0.9427275706486771,1.8422595252889693,3.365052408706265,5.0282101799287116,0.7577035022581422,1.5094691411182966,2.312509968623563,-0.5561934604110867,0.2633754439754008,1.0691566313155738,1.346532299270281,0.930797895728596,1.1685677855268393,1.0518492585183197,-0.1515644712275586,1.5379892525791066,-0.34114008974925464,0.7145085078994754,1.5071563691769152,0.8728714131371306,0.7295781973186496,1.7579879168352597,2.882636930335358,-0.015871093185261267,-1.5544429854832893,-3.748940110825306
3.290070571766129,3.9363826733149203,4.572277051757389,5.126636955550748,1.505260535810132,2.2837243216051406,3.8946899311199554,0.7678386848929145,-0.7245062868662911,0.13023353501386953,4.178027780600442,5.977141110200281,2.4516052549707408,1.3141848670052834,1.1214609337371713,1.7789451268548468,-0.2464507951094279,0.2908412563309435,1.6889204243102394,0.33177803254133065,1.2580435636608434,1.9556416628466942,0.5287175282140846,1.3743847801314713,0.37798861689569374,0.6343022219455003,1.4964750224756072,1.2630798996906236,1.1680163295784367,2.389465835893481,3.3685042843533455,1.9853937311673882,1.5510769348699007,-0.6463888715199918
3.0317294653026736,3.3095025843941066,4.865149488371484,4.102032826943999,1.6381733252198136,1.512014065544116,1.9555813833809519,-0.2690109134559108,5.865117353353849,4.804827372494189,1.1484066547653544,3.295532621168376,-0.13181517721996203,1.2929920506292323,1.735878864279318,1.746506255085772,2.818416030098482,0.45424428357502666,1.5435266041633877,-0.10229462153976428,-0.45242903090320014,0.8546498662731438,1.5542256888710229,1.653927406986292,1.1484012407105848,1.0707804152738416,1.322466162697111,1.0591617747779078,1.0588941773712925,2.5730137788504703,2.1927130896873974,3.0498749482589353,4.942290285120808,5.057656448445051
2.6667920786866586,3.5963844631552693,4.150576346905069,3.911388157749163,1.271972862895533,-0.5673038876500106,3.0322058222246913,0.3060663036160912,3.0453422093708613,5.690354004508295,4.239681393456101,1.8510038314585642,1.7459294867884065,-0.4753983255663436,1.9907169471739776,-0.3343789339720907,0.8953794315416266,-0.5207605367683408,-0.4259921828255545,1.1218696452549093,1.0359187122045144,1.5895644034259697,1.5485344683194109,1.6736665392037515,0.7538946391259381,1.1431677168016852,1.4236163268715347,1.6260209083165926,1.084411095782041,1.3827773686250753,2.357134247568206,3.677951744571411,5.048761804873252,5.406375161020747
2.078278881422845,3.354479931526003,3.7545301903189054,4.098210484727939,0.7001370345397399,1.1290738761178236,-0.7734964810151607,5.773905942502413,5.044199255983309,4.752226087471558,4.720380506563161,7.4318563679503145,0.2068088166511644,3.769553098968677,1.6546363434332363,1.97299657113906,0.9274221339819133,-0.32004644495475587,0.29997560934352746,0.627730178187749,1.1942685368026555,0.24383003619227436,1.7804148681632028,1.444320938583192,1.1797942075734054,0.7290508417588667,1.2362261875341574,1.2432578457359253,1.4316227476655876,1.5481428508706394,1.7828271833680445,1.7968831545833337,6.280368999687154,3.74522824952382
1.890556576705183,3.581445296482697,4.05537160756136,5.183565025426598,4.718301759895336,1.0331675045850612,0.17279973301325213,1.177050914631148,2.730158574916059,3.5781684173313746,3.0419838380407684,4.648295055994567,3.1362555095863938,0.6616143631873944,0.7580825905872112,2.229825824997649,0.06422107110098682,0.3545227058026403,1.41771559033337,0.5987460645992335,1.7414221939436034,0.7776243347511749,1.5916342935300043,1.8954363940319328,1.51500728618928,1.9895647190352603,1.5253777618666593,1.604580771127511,1.6506901795420978,1.547310885384071,1.9321582674861058,1.760862170585349,4.964662131849019,6.334502014501869
3.5225572775975835,3.788949018137202,5.232522538962429,5.735170133183476,5.647991541349347,3.806155749939125,2.267314694198622,1.2157381929116116,2.729782661887804,1.0532327484339066,7.041030040145783,6.283477771093463,0.1447473176414307,2.6107752881612374,2.217321887533163,1.6316788164182,0.7839194988926806,-0.7800762110337486,1.612427421163429,-0.14207338714577716,1.1643073467222744,-0.4970994768501302,1.502417812639627,1.7009989892334323,2.1069490133514326,1.6297388646547544,2.1185773018793013,2.52177729396328,2.979077744170094,2.316991716216531,2.619182801454202,2.6872630297038995,2.068674064336841,6.910810958586564
5.55442486811247,5.364096783831043,6.316284158954505,6.772576972773771,6.737185755332218,1.3935203346788263,1.5094237811936853,2.135777546921106,7.479539879115741,5.542283327343589,-0.9781302508769231,2.4310359291996173,4.385300711979043,2.9913567909304772,3.0190939088661297,2.4908924115396167,1.2615008934663254,1.6489730993829599,0.329142273625206,2.109975360685838,0.1434198041392279,0.9780143908831511,1.334791804036432,1.5845443668611008,2.156750180801754,1.453214528292232,2.7283108170175017,4.995842250211754,2.7460589870484045,4.203910036215973,3.2856520283845803,4.074133839863141,6.03712252901285,8.321198156046435
6.1803880331604955,6.420296035614497,6.79961990771612,7.654211013745829,7.844683238252032,3.728615736008594,2.397890360676151,5.546162701489544,7.2268106191348975,1.1192134891343144,0.7853651209510583,-2.668429945572646,4.18342238826491,2.4268860069418716,2.4231843030519653,4.8768066873562725,2.2684095961082846,1.1883633415633263,1.422472354155843,2.061981965653837,1.0729332584185198,4.650822467336274,5.1984602919016005,1.7177675196582585,1.3573308056195295,2.638329649224048,6.954605153288978,2.6389230427204224,2.1522052035521737,2.560136892773142,2.9339417176831293,2.81697492174614,8.407365045163244,8.932951633055335
7.247267983121073,7.060339407476479,7.729087242862137,8.762074057682764,10.00303938039916,10.330107197456876,3.5365485056924224,8.952731022224327,8.008630402803128,2.186457186694411,0.8079245163638084,-0.025533694616709925,2.5992363717837432,3.109259859607251,3.3178169869593153,8.954864959222876,8.275648361015405,1.2536439303244997,2.3390605420117447,2.7295386338902015,8.859327160917235,8.160483142950586,4.7502526440796,2.887149140528287,2.947289036522433,2.4923895958289677,2.7560910834764107,2.3765503898975453,2.15961256993456,2.923646638489127,4.073263339470767,8.31673244485363,11.097278449897921,11.966202679961013
