script/wind350m.json
{"header": {"parameterCategory": 2, "parameterNumber": 3, "lo1": 3.000054539987559, "la1": 64.9999836372058, "dx": 0.5, "dy": 0.25, "nx": 34, "ny": 52, "refTime": "2026-05-19T22:00:00.000Z"}, "data":
[rows 0 to 24 of 52, columns 0 to 33 of 34]
6.914617149132821,5.373676212387925,4.9210109991929025,5.392022780346082,4.088119097222289,2.413478053964762,0.4467647803274951,-0.4767546521069531,-1.8631217009090413,-3.658130461371994,-5.589129109341291,-6.410725558894805,-6.28379253386979,-4.21344454524441,-2.418802784772152,-2.0088282193372295,-0.04035486631143087,8.016320134808964,6.632035576446265,3.123454957508445,4.66212838413181,2.1869461781102015,1.3106450301253076,-1.3632651650835543,-2.337963874603958,-5.512173217814479,-9.779909068425136,-12.103919530165955,-12.095771184722798,-10.206911224861006,-6.014965771675024,-3.724603662130949,-2.746452039087224,-1.4233171203678807
5.817538373204588,5.151020662762517,3.6448414900404806,3.9008531993614586,3.4594384682172516,1.1972717437033251,-0.30738771284050015,-2.205484012149943,-2.7115138251693938,-3.773551324005519,-5.704288060500839,-6.405544662845022,-6.8627400377133325,-5.8450901596659595,-2.410760868691273,-2.656341056990517,-0.15571364947327734,6.285349585009618,6.051067718385763,2.6763429457708967,6.457113112323131,4.076415418500749,1.7812736502917617,-1.748910916031944,-4.530580265118407,-5.865303122008511,-9.901310924015041,-13.396446599794436,-12.996862051424088,-9.199960518500054,-5.646513496107127,-2.1916582617211073,-0.8420009067894214,-1.1676546248819983
5.46732173011034,4.023364281240945,3.005702734911233,2.102042871391308,1.8832163366600847,0.14058957526017307,-1.3355029574498396,-2.516294156567759,-2.6732697183400336,-3.9724871678725204,-5.452080990464536,-6.349472306162108,-7.0387873239724374,-5.696236325369498,-3.050020211823331,-2.781447517419457,4.030378857910008,4.674206527974986,2.7397334054357736,5.9184814369956,3.5533843429050656,2.3653411021182564,2.152385347019769,-1.5000359623562858,-6.9675136926459444,-8.548606887786699,-11.66760800693914,-12.874198058479308,-13.245405916945447,-9.653372456921518,-5.85612044335458,-3.0094903174242535,-1.4077185465354585,3.2003219050724363
5.47690701223903,3.6700525904063075,2.001953252949303,0.8768712252543227,-0.07991394697683935,-0.9944100493492856,-1.8824912347947818,-3.3163591073336205,-2.9145295348422717,-4.273408963768945,-5.299576545760175,-6.577597935963842,-5.762558438661863,-4.388468608434422,-3.437043775045342,3.798736173842959,4.4286471519917425,7.470067111168039,3.820932906700971,7.6969500377471345,0.8555550028455898,3.9191935695522324,-2.4267411915469004,-2.1374143431366397,-3.612547778123582,-10.511849966942135,-10.94859026550662,-12.961480865075028,-13.607629568576153,-9.986491630223208,-6.82695634135206,-3.260356986560033,0.009723618466790615,3.9216414825089863
5.029089661834914,3.652099034243777,1.728681132803644,0.8540754026974982,-0.9703123413019481,-1.9988006644694247,-2.924564087045078,-3.205976880994725,-3.00542822333892,-4.624819510598028,-5.796941641181998,-6.146590574744317,-4.39200473583521,-3.794000579062254,2.4198710125495104,4.044387820478889,4.121377260657287,6.4215067511701225,6.8117091192521135,3.852988335998916,4.555077477290397,1.6103180791826481,0.7362570325120809,-3.582080829204587,-6.39146962586703,-10.080095613970519,-11.70078915298458,-12.882155264583801,-14.053132357109149,-9.358370504279065,-5.954329255029241,-0.8389352169119644,-0.9781796593100224,2.7378237467961837
5.383671411001286,3.572567144479295,1.3377188737588408,0.35880643460735745,-0.8244763243031573,-2.4058082801849876,-2.766757340788497,-3.5430780052113837,-3.8026345751728603,-4.960780469363608,-5.691186232354502,-3.507714467480809,-3.7641324528254216,-0.1644487434145018,3.799807419567183,4.284926759051337,5.304066864545318,5.672465381816604,5.613603827939609,5.584124559845151,5.205222266671883,1.7634154184517337,-0.5425436017181007,-2.68335839534216,-5.224930291175005,-8.459658303039003,-10.95627889039002,-11.66741111999897,-10.095448463007394,-10.308688484379928,-6.148774860883087,-4.276938443808939,-1.4402689094411223,1.0385086266413854
4.716722937201897,3.024494462993882,1.1004839473918753,-0.44223471082226007,-1.577454470672749,-2.5883837592831807,-3.176244098987713,-3.0619125440693806,-4.251109502843329,-5.135126640069478,-2.8558638581384916,-2.06164768201647,-2.624310511735524,1.7027389988447157,2.6215768788846803,4.549617996751439,5.981708847320772,3.0749061243871885,3.7677864912012926,4.62944720269035,4.063134715966358,2.532668261708824,1.2858397732380067,-2.680583605242841,-7.830116118819558,-10.326292048178036,-11.357613511100427,-10.464015441808858,-9.24689182735268,-8.94380494294151,-8.1839539793099,-4.960366484191713,-0.9945671204956434,-0.43276051951752
4.61062558411405,2.845765040972928,1.1629733749997448,0.20393822776633233,-1.0980716201995042,-2.20461791927696,-3.1072081336691886,-3.427256612242075,-2.8496573780631307,-1.1367193626306074,-0.5598304641760363,0.9032185551915628,-0.15287815470770444,1.7180417168278117,2.161242928335388,3.961184811767108,4.228274883333689,4.026984919698868,2.9232477342259333,2.1172215773987477,2.4198223890025155,3.571392469952828,0.01972991201336229,-2.6340655680609237,-5.648947461578116,-10.090195355451634,-12.222699958742975,-12.579214454018777,-11.329985289524297,-10.261487731617622,-6.33921372570994,-5.869408657417096,-2.430840116518674,4.188045973753856
4.3958589960648125,5.085495197675428,4.305095192112155,2.946633771963103,0.6928722310309672,-1.139796000125852,-2.7940510521275397,0.4694005564229715,2.413307321202977,1.929373771346527,1.6814498809402363,1.9313856617119805,2.022040969251258,3.5075375026587188,4.608509612057712,2.979506557491611,4.784658590280331,3.552454173713147,4.368178318425643,3.060161183935666,-0.8694247545583479,2.7460549283208455,0.3975304029395268,-2.3944383675830156,-7.068939219990073,-9.271210195830852,-10.041306020835208,-9.732306634716073,-9.844615842781113,-8.883098091469886,-8.040615539079477,-6.223347952648693,-3.0708574312591908,2.8060572043670846
5.394248491070588,5.666470735698938,4.716887487911873,2.5110374579793393,1.2522960814899518,0.06770865643326882,0.7056016242783248,3.2891482571440744,4.663445761878757,0.47923084110902486,2.054134147839596,6.331880043854595,3.389563196192166,4.2745567650798675,5.493844293688874,5.6492267351174785,2.947196248034929,3.4132146743957255,4.251699931357544,3.0472172582447152,2.2041701786220957,1.4287905260715315,-0.2879373957618281,-2.704927472404827,-4.886319044932812,-7.748196061251255,-7.546329507337834,-13.46532100017323,-12.292268784651561,-10.650756337982104,-8.979128468889478,-6.415796763382163,-0.2302023589040157,2.284718656086521
5.870175421917721,6.832265683486905,5.3344776451009,2.6302203206426924,2.1155921611759907,2.5746465114930137,2.8893363925287185,2.285757549762109,7.443559778061982,3.6598901116776665,7.623847880754466,8.894506923402023,4.441879091328957,5.439452473491468,5.343636508575146,5.401710838112397,3.510569024682487,1.889010990701803,3.2401081366504467,3.78123989262982,2.291263296061526,1.6905306340796544,-0.9230195736740502,-2.4074498744314443,-6.669532862675179,-7.324916807433745,-4.48358770487753,-10.485422090698954,-9.434839644306063,-8.994224285250842,-8.419727733720364,-7.492589567037782,-1.2942863017247022,0.6891141882856439
8.821407608919083,5.038534523744153,6.582155163678481,3.603308233911323,4.488489945610085,4.62066897738697,5.960702506051095,6.461121458378835,3.3677871190033155,9.409997601468705,4.892394743813329,4.266551158654276,5.697138359354555,2.0102677872175665,5.065169270604767,2.5494851004146315,4.07226744005035,2.118692075437112,1.9377502924314263,4.423258569227546,2.454170389095984,1.5505148303034006,-0.24661388655188046,-3.3360203378884594,-4.634931973453651,-7.492904271963515,-8.012007760469265,-9.145171781882055,-8.382542067085756,-7.950705967538916,-7.938707054589832,-8.288096462718947,-3.143125562367932,-0.9833034505167368
11.034991761818413,5.757379573764391,6.759263966209313,4.888827297047358,4.278822096175387,7.724137045225941,4.921093599460414,5.115405949230957,10.540997849375387,7.507734335241321,3.4602022626667797,7.419979481029547,7.3874905146786185,6.890073936240607,6.823271608184614,5.063642519542163,3.045948005473876,2.135276797079191,1.5474547123404383,3.6323484728470397,3.968038419488557,2.3694702593956163,-0.14797485386225254,-1.8494163936172376,-3.768395724620888,-5.565854887465498,-8.226482133982396,-10.553047301361447,-7.780175422992996,-8.115192820860601,-7.119398159886469,-8.201981290339836,-5.938292875202518,-1.4783150491726154
11.153049450703415,7.847878415402985,8.015641868983714,7.677549651627828,1.509287643324659,11.794461921789619,11.622472815323015,9.295294172569676,11.386622068657548,9.896652895179326,9.624245084539746,5.360488660567924,5.940247398834966,2.8951130659104773,4.10348323357806,4.286966284774127,2.6383518346531596,1.3072137726092552,1.2703720585549845,1.9397035490015064,3.2707683811125325,2.8698217871526266,1.5096170001343432,-0.9364194396121679,-2.8863204961759146,-3.4509939886503975,-6.893894110256293,-7.054412882917625,-7.260839786564129,-7.450589462662467,-7.303669556269032,-7.7068648611629404,-8.480617796455386,-2.0333759089470638
11.804882455913608,10.380139072627507,9.231273462184488,11.458897833196033,0.9792419544011508,7.286530312619413,5.553876447720847,11.330937675957708,6.768872392413117,4.291445212617075,6.346471663507134,4.723831233053538,6.395898202821301,5.130383623816241,4.355416728304252,3.8282411803285643,2.6129164750213985,2.6917344729880326,1.65860135608012,2.058082580437528,1.9317635770849628,3.016002030722495,2.2911321896136183,-0.33365723499119515,-2.0486059957169305,-3.7301111162676484,-5.20125659070112,-6.72986794148581,-7.112918641526601,-7.0304246974704245,-7.361687428332077,-8.113386632872402,-9.3598153495208,-3.8476004758864053
15.32926881791572,12.7023990734108,11.016344892297715,11.101652788121076,2.1696243776821804,6.638004418167171,6.945556977591827,1.737483988616848,3.3874180616385403,3.937839869225194,7.239802412525031,6.725049055505683,3.7766619589933965,4.395239380450111,2.6496609078210778,3.2225404779345217,2.992039076460989,2.0266704118436905,2.5254973221514123,1.6664709584492552,2.4080507597807315,2.72379823933893,2.7379776293927045,0.7392859754941009,-1.4422370247380878,-3.153330677060023,-3.9676731494336104,-5.256892288012671,-6.625878619660554,-5.533114135055245,-5.688639216412231,-7.686502581606592,-10.031574350063364,-5.868319543944917
17.575182752742357,14.553992413410525,11.62361412474246,9.7372471706561,3.7094500124879572,8.792682457699248,11.957018885859004,12.77436081319866,6.3417924672265125,13.00349161339225,9.084627868235774,5.726580151892654,4.373757625940723,3.1522206909866717,1.8630033271020496,2.512596059308305,1.2731585965197514,2.6484716799119123,1.9245231177402404,2.116396536160586,0.28886479780417734,0.6417204695687783,0.414284976004694,1.2514289945539514,-0.9571200288602549,-1.9310601409829593,-4.018102814568151,-4.367816452297555,-4.8516795401361525,-4.606296812724638,-5.523963665755221,-7.265511076080249,-9.453062206859588,-7.662012026966183
17.97370780721003,16.59288409805209,13.631943759674806,11.197966549118984,4.685146603624586,6.941881709603868,8.541809100500936,11.965978865890746,12.270557065884804,10.67428307927836,6.003123480067554,4.599260992050644,5.001180999132992,4.15162230626161,3.4048953692878166,1.8060513132201816,1.905117799640375,2.163776139946755,1.1712791696414129,1.3159121100346682,0.5812775656801522,0.23128994211997644,1.4405797379711682,2.5166468775789186,1.8927529941484598,-0.29494532621993647,-2.9277028110463976,-4.248263509184051,-4.467124050167299,-4.036446520271779,-5.802140663643317,-8.013171539270965,-9.450667509779349,-8.26894732122137
17.97079990816062,16.91300798070774,14.272606758779602,12.93728753964755,6.788907732692608,9.244976200608225,7.861924689272569,7.4567117216511765,7.285260883951706,6.186521581712843,5.327002919783314,5.732205959302774,4.182572898242585,4.12755662876487,3.2038606779685797,2.7896819818809866,2.432666368221498,2.7710419615757687,1.533016849995651,1.4737668099293286,0.029588117770237562,-0.1092621463913047,-0.675453870713449,1.085144068197516,2.3333629530418585,0.878869073037603,-1.906622365123645,-1.6492705429704626,-4.40855963598047,-3.961711724748055,-3.4362096756957743,-6.611021180669109,-8.877640537522991,-5.413627586313231
17.901163693777455,16.90496449738711,14.044606543460254,15.746130380894842,9.19921547949637,7.53156479354375,2.518801136587765,13.275174078876443,12.485148018920647,9.24908756327411,8.205551558512568,7.887104989668614,3.1551420712649985,3.612444482520702,4.594128424278454,3.792628447344338,2.105392597259764,1.2512322080240208,0.7120981672712045,0.38234921363664837,3.1376494773605774,1.4188014582588322,-0.12360095184925884,1.9054421285529786,2.365859139867106,3.546938872456281,1.0287850671050023,-0.8672882562032516,-2.1617994854457088,-4.0668904248639475,-4.457344464268861,-6.687110395203793,-7.3232266521754115,-6.139314908829433
17.24552391628755,18.67333854212545,14.58490324929384,15.157464181355493,12.034375598480409,10.790827585699072,16.045447847296312,8.10311475251437,10.849780114419964,10.227810548609899,8.13071678200017,4.270874845549457,5.608766144284357,5.1951883858549825,4.964681764630935,3.67111117668928,3.062569423818659,1.8742423580035483,0.8877893793818527,-0.11601330978624315,1.6222474704012082,1.3274921569024998,0.8352650064282374,-0.4503953774583961,0.9964129609260417,2.5341517460778067,1.817166070998549,-0.17493671530093785,-0.003606726646331396,-3.414891398301935,-3.376320542309023,-5.207004197460605,-6.348714750685861,-7.405189717524106
16.60896963354983,17.27869662140867,15.688582405303777,14.996567593617014,12.850961878425146,7.080556690384233,6.974927303736667,10.40974801745972,10.144530488452615,5.773593221941643,5.971224149577337,5.683562202845663,3.703996207551697,5.0476842515122495,1.1758424862152839,4.069110846627364,3.1223834187403137,1.783324908574108,0.3246570226419645,-0.7886357780581899,1.4578008402204476,1.497129938321859,1.557817443440062,-1.1178476816092382,0.0751821621692541,3.2118193326196627,0.8096062009990904,0.2318199007128132,0.21034680208230006,-2.5162740675796758,-3.551467621731373,-5.322235343540552,-4.750826563705241,-5.904828169686768
17.600626698908755,17.31036475686639,16.759372533374247,14.632320301670436,13.676366323695067,9.51832552375023,8.9254921924164,7.218840084461027,13.683518701085797,10.62965264354583,5.859787528483109,6.271637785540381,6.5314789892308855,5.809699756970147,4.340999457540948,2.5684443199188975,2.799337166928375,1.8167480393923476,0.4071508281018385,-0.31553409985089975,1.291830371660094,3.7092224202752235,1.0119243801247537,-0.03254402186834936,1.6637535981533855,2.8234110246464588,2.443474637929371,0.6169478535723383,0.11809832090424231,-1.3678636855929587,-3.439875586179566,-3.5079280459654845,-4.080232757155082,-3.680131355140444
19.52021524697978,16.013328181064452,15.869029270561725,15.452284464875174,13.568527164488277,9.603653158067418,7.622967652671864,16.229722482845634,12.914862573320187,9.311713544077985,5.890946132546726,4.556675449622819,6.267882007729738,3.810490472549267,3.8302379053827202,3.528237644959005,2.679396676760494,0.9791795221690512,-0.5033353594112554,-0.9319436429925928,2.5147648494335337,2.7914610453801423,1.7354810634052642,0.7222255005245638,4.300681133873916,2.759437869036956,1.9552783641524414,0.690559999562966,-1.0218953125727899,-1.6682078025872702,-2.5256759950316465,-4.380991186864581,-4.1723175570576965,-4.83942038004083
18.799575207637492,16.199838691092644,16.74408400854899,14.985027229219657,14.923846075751156,11.844046093332626,7.477085602201356,14.036662201120938,11.185965084814702,6.981074454078757,6.878239468622018,6.4089477477420695,5.848311212165918,5.412672307643243,3.6861560857877365,3.483250213491233,2.520773734298507,1.1873106837844523,-0.20644217002994833,0.9993501718999306,1.509341036043866,2.1010832078348147,1.1988317195400022,2.6042664406564455,5.402930811253219,4.895792621407187,4.366663595376522,3.778531611449247,1.3992264018918426,-1.9644357550847664,-2.696271960099329,-3.306843827758647,-3.48118239540892,-3.8627029684833425
