script/wind10m.json
{"header": {"parameterCategory": 2, "parameterNumber": 2, "lo1": 3.000054539987559, "la1": 64.9999836372058, "dx": 0.5, "dy": 0.25, "nx": 34, "ny": 52, "refTime": "2026-02-06T19:00:00.000Z"}, "data":
[rows 0 to 23 of 52, columns 0 to 33 of 34]
-12.293106794048908,-12.359380498718474,-12.387591948538656,-12.282669058081815,-12.085506783806553,-11.873721569682443,-11.656548882562154,-11.249274194808528,-10.559213376848906,-9.936476527623363,-9.332249345748151,-8.631874155938485,-8.126426961598344,-7.406642674815521,-6.478786108025982,-4.739232229628096,-1.6474581460084086,-2.440296873357726,0.04064437411637855,-3.0728211932339335,-2.6120277006295236,0.8562281182699906,0.6451272918251281,-4.521345864305334,2.7137552074013147,1.0823546148631924,0.5202999420177431,0.0011760551032827932,1.5061765611652824,-1.052901714011414,1.5951837519292031,0.3738729316425608,-0.6601708979068238,1.6767342585839322
-12.46646971767547,-12.561209379258237,-12.605398184070769,-12.499494230977334,-12.328395959835232,-12.031028717915369,-11.657372096817483,-11.399710604506653,-10.687885699381395,-9.99758255664052,-9.122291366467937,-8.443745427144721,-8.153443728945433,-8.038203899958026,-7.289026135222164,-7.000118654024406,-3.500921465150816,-1.184665163216333,-3.3093696075563543,-3.0868432763586116,-1.9202946207670049,-0.07055938867640832,-0.8350226609556801,-0.1772632229453221,1.0379240502367013,0.8880653436274502,1.0434130108641677,-0.13973142996618604,-1.1937524616111779,2.2796979682972367,1.6145925317103036,1.6245948223127205,-0.19702810120626058,1.3066974927104997
-12.220379453619113,-12.342687769304726,-12.382625665551716,-12.628775594029973,-12.672059150485815,-12.498481339910924,-12.251838494185865,-11.685700239934135,-11.166048101369006,-10.682035241542245,-9.667032047157665,-8.293922002348031,-7.497361258363721,-6.49138442186478,-6.458385399290008,-5.304289188031345,-3.967443432783298,-3.461179447257552,-2.8313164961326414,-1.231770131574182,-3.9649914256864123,0.2244217279243276,0.045457681465586236,0.9806399305849448,-0.7188127159750425,1.3342952062283162,-0.8803971210389516,2.01517906851963,2.1370883486302135,-1.0252986307325584,2.3331845515428893,0.792193209895583,1.7583651942080678,1.105541874086144
-11.56478242898183,-11.847994386052266,-11.915803300677936,-12.122597626806632,-12.280034896898606,-12.543213808623173,-12.37697555376647,-12.082717169870701,-11.669242800546845,-11.090012720445971,-10.499969137647161,-9.461941015398775,-7.965182418901556,-5.050541617826422,-5.5162364501561845,-4.871928176775426,-0.1811164880036178,-3.642144206449492,-5.77585730735201,-1.376957456454329,-3.4984279714811595,-1.6991155332578765,-2.5857952976735223,1.8232733950140174,-0.8686304333353745,-0.11522643255576624,0.7855418922112478,-0.5262184553896425,-1.2353473099755472,0.45952580650476743,-0.00536106399870586,1.5183386066047349,1.7814638544322157,0.39190345747546235
-10.7224155433584,-10.41712396048065,-10.778100815978128,-11.135082604491451,-10.907961974883943,-10.988231100102656,-10.847891437987569,-10.904593647730634,-11.153962712978595,-11.78375104890003,-12.000621824691613,-10.425620332697928,-8.584697185602492,-6.636153539617726,-4.657834616832467,-3.8378185003642025,-2.742181791052029,-2.469991941768758,-1.5179161503505192,-1.2771570078000447,-2.1426027347471526,-0.8751049129801366,-0.5998620081802952,-1.710285649061249,-0.22954286289538678,-1.3350930299258232,-0.8617516309493074,-0.5369096134088981,-0.6642111556902268,0.4688825452153309,1.2374530728413535,0.8183266654660089,1.8167434696474534,1.446198991411385
-9.60562842369292,-9.235540821051098,-8.774929290735693,-8.797071732133169,-8.626623313060216,-8.885188084333201,-8.845256791673766,-8.898898713785222,-8.919648119731425,-9.834600911941282,-10.219490544555779,-8.733718800377758,-11.819701852117655,-6.713002430268899,-2.6061011231588536,-1.485622144215094,0.27295287315173855,-0.7681184161805843,-4.668620142660094,0.08936331639173235,0.2569469219357845,-2.097226888680284,1.0452748972147552,0.369863788168208,0.7262934339178599,-0.3407410353173356,1.5889684369610224,1.9672087391563349,0.47137438991326674,0.5878715573444258,-0.4330181290976055,-0.5353842765064061,-0.6537472004883568,0.854964672467512
-7.449181304947596,-7.5920876397184305,-7.7401175551697605,-7.714107349717509,-7.662709478695135,-7.633477821598308,-7.580892493181324,-7.41874600897145,-7.240562056404087,-6.3929705091516,-6.89515690783506,-4.532667731746564,-5.285800411512072,-5.063125896293028,-5.296233682080262,-4.994297410117443,1.3958014665069705,-3.085974126410649,-4.3096297075501635,-1.192447716884881,0.5195855654704788,0.5656077867051001,-0.5268902441326115,-0.3289297231428771,-0.1726886484474378,0.03967333200839139,1.6825732073428972,-0.5746126464806953,-1.1288650172223038,1.6923342232006362,2.6963897655786813,0.5493293367195092,1.56140441040654,0.4951764906751416
-6.78304302561257,-7.076020255970229,-7.150223351350876,-7.319790561339726,-7.417033246376823,-6.659112010362661,-5.898805316678552,-6.610441689349357,-7.12083615344208,-6.146415551475549,-5.267587172435971,0.17294990496361898,1.2475054958974232,-2.0142018221557434,-1.982984320372872,-0.285039315374343,-0.6465609806308183,0.1915278467190952,2.8087983190254295,0.45345366388752295,-0.16330241814010402,0.6646472190085692,0.6061940731926667,-0.10563026384493293,0.953905310150989,-0.035756047296076114,1.171135091200894,1.2878254705531145,0.5850960573400555,1.052798045720455,2.162982223058461,-0.8109102403380223,1.7393687756371967,3.2586165158016795
-4.203819871688039,-5.384205793152719,-5.151632415676264,-5.166698217114149,-5.105990971661907,-5.423365700516452,-5.524880472838799,-4.0261376672178555,-3.193607357256495,-1.3583762359654088,0.31337355074927353,-2.2732558995213257,-3.2916447133702937,-7.221165061956197,-3.3851185275126983,-2.2595334119185693,-5.751668656687657,1.3595882222747404,-1.4870845992220578,-3.597148180472394,1.1705231384377675,2.7529011138888233,0.19945012673784507,-0.17459626638385117,-0.3047854723813141,-0.26521688026292123,1.5885911456870432,1.4009833953676054,0.1428853007877917,2.2365079531248035,0.5961201143757776,2.305492560601194,3.3956389260240765,3.5745123220201926
-3.5030983806538276,-3.6986875254571165,-4.221860005964962,-2.996298871369359,-2.1619988402111647,-2.3843409955847723,-5.544103360122018,-1.391920243646369,-3.4331607511649334,-1.1153437992339266,-1.1584831724843165,0.9349796847094384,-7.776988220400766,0.9664166055828304,-3.1887757939657084,-3.96604416977189,1.91295188898673,-5.1673100740061635,-4.280759520926498,-0.7590392037109449,1.5890983719597385,0.3960372173127239,2.2586937579877993,0.7892294806876459,0.13208076172332753,0.0446736017119697,0.9472055764006913,1.1906495238580324,0.9088378254068096,1.807757350165355,1.6211200436438482,3.3453296977806826,1.2582119071905757,2.777788994662399
-2.9889280489437855,-1.982370386596653,-1.101076840653575,-1.6270471348096394,-1.6014730849249197,-1.3525653822878954,-2.916291189950479,-0.9564862081869082,-1.4716896756314224,3.0108845633024073,-4.709394782195534,-3.783563258776255,1.2235620914197887,7.731534954777857,3.8701431948609715,-3.9200875959741217,0.8664452117729807,-0.04043428228462182,-5.89371116910724,0.9568287136115521,0.9307432954252717,-0.3481422264662928,0.6703351393959668,-0.10250080834307686,-0.9435977817149592,1.6417001490969123,1.0934818329590912,0.0424402312707684,1.802830065220701,1.3888552196476958,0.9707158572793075,1.9525371182449487,0.9037905019983097,1.641325833829719
-3.8809840994229696,-3.082485301799178,-0.1359047630803894,-0.5221200498623186,0.07719668056883026,-1.266352144551552,-1.7431970643015737,-5.1976386842596645,-1.8942358199593525,-10.226511817032657,-3.0083280199868696,-6.354369026135729,-3.8930399456448317,0.9055667759459577,1.8773375650195527,-0.9143642953863017,-3.6307225910223058,-4.0719551689367215,-1.5640170984567365,-1.516946335255163,-0.5530301357091272,-0.4195178230529347,1.1424860345921553,0.7381607969208526,0.44292245628153926,-0.27139145863876424,-0.13831169111206196,1.0710439854180875,1.9008470438071252,1.8488509259107258,0.19934878341173268,0.44210486207218647,0.3538421309062138,-0.17102999895095933
-6.241398205920492,-4.366991918631286,-2.763992165309255,0.31936749424134686,-0.5071939371064245,-0.7518883180487094,2.1067707467371912,-2.652115583027221,-4.252215096487901,-3.8690430672042675,-8.382100205433467,-10.516152104655685,-2.09461711043502,-4.373388582457509,-0.6449050931358516,-0.3519454074368224,-0.19497440366109997,0.8283553171944936,0.024828212505290242,-1.05664279493057,-1.0181445320535683,1.2933838292484812,0.32824562966892756,1.646153682382807,0.767413076898818,-0.2491380400835175,-0.8492685374810696,-0.8519070013314919,1.4845934338898124,1.3484541471354783,0.24877231821034423,-0.27454377527067214,-0.5791251872982729,-0.5473416999901527
-7.306042353080684,-5.936017619738998,-5.774612644328092,-5.165941757686152,-0.9157211336880898,-7.579838526541132,-5.0960364632431725,-1.4581633247860621,-10.106148161556474,-3.238268416000339,-5.604232239189519,-5.090326868455441,-2.041232339825698,0.41246909730284265,-5.035857082482896,0.06918412600446854,-1.075548631639904,-0.6864815983574449,-4.5357516164843155,1.6365660052828612,-0.6678830706896686,-3.6257839828657557,1.9110604305887549,1.008243310489624,0.48306893600201967,0.9596231715490299,1.9053984443663783,0.5490536624509796,1.9481800937650435,1.2644931074896597,0.20894360660529315,-1.2875243133577512,-1.4831682586509203,-1.6949004475054863
-6.028486780971061,-6.481374657681643,-6.635495446787866,-5.664600425595399,-3.776885651093088,-4.470403687835803,0.2264928888101937,-10.561681838741336,-6.713222307454768,-0.4439259815188896,1.4449121315300564,-7.739715817123893,0.3918132492660835,-0.5242425314768433,-1.6250936676035006,-2.730164365189761,1.937988499927657,0.5709921208608226,-1.165392420580604,-0.15597423789552686,1.2335900542226022,0.40454974348543965,-1.702523742898204,0.8513897659720734,0.04529958595935633,-0.8203587425535876,-0.23736513948259058,0.12556008570964403,0.02314582771068389,1.0566438843884183,-0.8991584018834218,-2.0532078511780094,-2.641545029646489,-3.725210904865938
-6.064688797066052,-5.624230677587068,-4.387730660793765,-5.6706207513054085,-2.648092401951138,-3.068957387694317,-8.647521657869609,2.717840388254025,-0.5626856998403709,-5.904414577429431,-5.55569461302083,-6.272850817522846,-2.1590852298289187,-1.2562151044937546,1.754248845269388,-4.1072494923031355,1.900467988618148,-1.3535446779807567,0.3909145509141441,0.7116922260663259,0.7883834326070738,1.5970171746390764,0.7411041889651794,1.0270754522743486,-0.49923406684258964,-0.32556890889661894,-1.6488840063097487,0.35000719683422815,-1.085855418215096,-3.0360850564189477,-4.006261788183168,-3.9077000308114185,-4.720523979594665,-5.184204756135698
-1.6310071442612288,-1.9806479809896775,-2.279918646918403,-2.416935504115918,-1.4618980223642486,-4.561335055665713,-9.562583935158017,-6.059495329748516,3.875500839470883,-5.632328194166539,-5.140825061711232,-2.5818802213652754,1.081252906728004,1.7169830340442458,0.8720415939811538,0.1300797864454659,-0.7788985386084973,-0.8641409860189009,-0.3281347062752563,-1.2470111195585358,-0.7215807744705304,0.028574787793360878,-1.0845673986030582,0.9425329921208807,-1.101919789245432,-0.32491647466666096,-1.91611224833704,-1.9549711953851678,-2.007321521191892,-5.26399315790484,-5.430771625458672,-5.817274809946348,-6.045152409329979,-6.451688380808898
-2.190989357476708,-1.9807817685893228,-1.5299812511393291,-2.546342903524338,-1.14706346615178,-2.929530810989258,-6.621019378585825,-0.7230152080965153,-9.856092568633438,-2.149929331868247,2.75785070961638,-3.314337572790668,0.11751293819540486,0.8840068949155133,-1.1325573002576095,-1.237033963684907,-0.9383597538350038,-0.5905698834706006,-1.7604966654306244,-2.595730234680476,-3.145619587242549,1.154915321817251,-0.9828262289180828,-2.1962282130689275,0.8888487523770128,-0.8226006372000557,-1.6645563217715713,-0.5966057794277065,-1.322418816883617,-5.053448120856674,-6.504960428375696,-7.124377423012183,-7.2903073505921,-6.6208111629977475
-4.5636387216154315,-2.7084048337078888,-2.296931877423203,-1.9028073443323188,-2.189777496845584,-0.11601511590010151,-4.904157964566906,-4.611621488112968,-5.692122578812366,-4.6470594577089726,-5.902712140013338,-0.45201704335692955,-0.43800039454078377,-1.3347965918761557,2.1791510615451406,-0.9850898675426683,0.30798737261274994,-0.6034133983809115,1.142247040369862,-2.097467227724919,-0.33134200872896646,-3.787651195822914,-1.669433085935629,-1.8945544137723436,-0.6037249859606483,0.24267929925987156,-1.9451512976452656,-1.2912316926091203,-1.4396459107018653,-1.8632043259940743,-4.040647299228826,-6.811871968209481,-7.398741393522622,-7.189640032773434
-5.7103379938220495,-4.0498362041083205,-3.1762641076445037,0.03913042226343885,0.768102079584184,-0.27833145764363576,0.5759245847215445,-6.254165130484541,-10.836809745218055,-6.352264015626667,-4.187244086854468,0.31737699666076474,-0.5829584684459678,-2.8525299850729793,-0.6511843829579191,-0.7369943669692299,-1.054464138221848,-0.586797452172815,-0.23605942746327738,-1.5406458835624968,-0.5668009870539745,-2.2605583568750096,-3.7414012610569705,-0.8636065920788775,-0.9598383761972843,-0.6501221537486929,-0.4453339892725678,-1.6063429299614158,-1.2384641284189593,-1.0866240159861542,-1.1088028622605244,-1.9599257613424454,-6.998747201921898,-2.6265504491663267
-6.763031353770857,-5.6522075455381176,-3.734246501448803,-2.9298676188375348,-4.656094434795117,-1.3533521684534286,0.42776766274629374,-0.27917869402687134,-12.452048696983262,-3.762851742353521,-7.41012267836716,-3.728054229330815,-2.7114175736658854,0.28555032062790675,-1.7285851353504145,-1.869540300068001,-1.6876212371569956,-0.10404396368020077,-0.7938529504006532,-2.2168961419904507,-1.992584683227309,-2.036355112589372,-3.4577148388949306,-2.8492252306297883,-2.2068115143332325,-1.4845095916190327,-2.0934826463180096,-1.6551910528454554,-1.5125228263277,-1.4947898130294517,-1.5912651243782683,-1.7312935753273402,-5.040558400799735,-6.457392732165835
-8.891037402265217,-6.862066547628587,-6.364862432313605,-3.9252114373381684,-1.0863552318723533,-2.5060962198222114,-8.101174124185247,-9.155277235996627,-13.160875959309568,-0.19947976123262512,1.6345436186912548,-1.50416974314341,0.32374728930419266,0.4557863896214264,0.898167133556558,-0.34644133645439495,-2.054864932809509,-1.6579395163743853,-2.301242544298289,-1.8775845862746419,-2.652258511357456,-1.5301833706535937,-3.108958261066174,-2.426346363560139,-1.9615428538313349,-2.6067099739100854,-1.9862244082547422,-2.072261767435101,-2.9828177499987745,-2.779779636169268,-1.885600488599753,-2.2261712468756576,-2.179793492248175,-7.2510513682347915
-9.790220150735191,-9.326255255902057,-8.166994096550493,-5.407901457585093,-3.645359862972724,-0.07585270668852645,-2.0701106255850283,-8.214903418778091,-10.002307286521633,-20.023049818624735,0.7250176017984715,-3.2636106352119536,1.5728340687279365,-2.3422475568414813,-0.9430143377877706,-2.5306098295640416,-2.042808996634607,-2.806396095158665,-2.805002025461415,-3.129867367322275,-2.414718269848544,-2.4074684987695925,-3.0019170351357127,-2.7311310868153083,-2.7248012935657564,-2.4844161696005096,-2.6609244936369376,-3.043227457082065,-2.164159510170157,-2.1632260610312666,-2.1643022261151286,-3.334875209961158,-7.364903280130635,-7.898374407310332
-9.608591491863983,-9.23877757114551,-6.843699854226361,-5.451932604735377,-3.9884858424182696,-5.297830822315923,-1.2359205843559748,-20.13186946993579,-14.757010036217048,0.2612613150233489,-1.220418136600195,1.1423808805347664,0.5249139505237101,-0.4544448202825158,-2.5097327074222764,-2.9615246737235927,-2.6470369958817566,-3.744387318709843,-2.9924346985140606,-3.2476442278921884,-2.5764684124783828,-3.9063065814832116,-4.128849905791323,-2.887731302806425,-4.231567409570239,-2.945906687369206,-4.120177423957137,-2.193422391918929,-1.8709965015546486,-1.9928648532974955,-2.2014399248122936,-2.2705149689807795,-8.15426447970148,-8.925220017268295
