script/wind350m.json
{"header": {"parameterCategory": 2, "parameterNumber": 3, "lo1": 3.000054539987559, "la1": 64.9999836372058, "dx": 0.5, "dy": 0.25, "nx": 34, "ny": 52, "refTime": "2025-12-14T21:00:00.000Z"}, "data":
[rows 0 to 24 of 52, columns 0 to 33 of 34]
17.003236691788047,17.25853033631746,16.892750929381446,17.04834603949918,16.353524393916558,14.545657660923696,14.066867487776415,13.111020646695144,11.516181424389096,10.447792810474956,10.282401681645196,10.511251409610121,10.017015053097367,10.269307714735818,10.823786241575407,9.834163748151697,9.333250515713534,9.861603846383424,9.617623192940645,11.037876857302129,8.488424425612166,6.067244250112882,4.3983567888325545,4.641702965595219,3.4935661254244117,1.0700969712576713,2.644388017394019,1.1161374953095393,-0.6658461469608374,-0.3613684657026368,0.014572845240650183,0.9807092783757073,0.23650912006958444,-1.9350664762880045
18.0573837201558,18.189224545284155,19.79014647289596,19.262190930809584,18.15115890188781,16.131207942447457,14.445050007006511,13.463055083611486,11.927770634615413,11.61607595964518,9.579324901883849,9.157579265586145,9.408803847915461,9.085058051944436,10.20983451892134,9.504746549664246,9.171784645012218,6.570837772240947,5.718450022283517,5.871066740586498,7.877846581440934,5.476364446954796,4.795129533238777,2.504075189413194,2.2185110450642638,3.0095064317746125,4.4830034848955425,3.4988183574715985,1.5984765421581268,-2.420544002531346,1.9944284591033303,-1.5819999131230256,-0.6264809320473388,-3.633961595563089
17.797118601102863,19.135567364617895,18.614789480948314,19.438908382764826,19.59893504281681,19.176449371886374,18.331568196079086,15.172527864068318,13.542486235815202,12.635164201760576,11.025037011746575,10.326646799420354,10.148620897162669,9.424584477631745,8.625174644156427,9.410525078091588,7.697698294927248,8.622137770724317,7.0760654266025,6.953280924535837,5.469284537480759,4.976245332730601,4.509567751626562,1.8468973721745208,1.7386036797831232,5.294501663820153,4.808099181378478,4.368670058476144,3.8020743493611153,0.632071438016588,-1.632797846678132,-1.3617274568579865,-1.616110749477635,-4.551672144225271
19.463660559916217,19.359956718879214,18.438295658294585,18.01419352681914,18.844186520201713,19.244417647684703,18.88440323031782,17.686599361747632,16.341184607688866,13.727190430241992,11.60497240241653,10.47273741270944,10.023444336509447,9.463981563278228,8.574361301746446,7.965287547578403,7.139470346631276,7.912801169440098,6.444681451849862,4.8311516887681965,4.27222995255155,4.417933439934545,2.10727623404583,1.8538448945209047,2.063973684683926,5.879533285104345,6.037052089585912,7.570583415546895,5.875975604707971,3.544473103866429,2.0562517296736984,-0.09585263271918527,-1.6666665112801564,-4.47026157897865
20.45869388149837,18.60027832110915,18.760579579960552,17.550429614613815,17.95157812588899,18.303368961422017,18.989280569861748,17.28212418116635,15.061763556393098,13.59754058678851,11.566044041247437,9.022627293914827,8.097659587326042,7.5421618165269635,7.211949075690583,6.013664973797524,5.07795863426305,6.138129740296848,5.695694163677132,3.4615202147017463,3.9488397489075506,1.499903001313958,1.9841811106001628,1.8585922019546826,3.793835688710572,7.325920274950823,7.533789978239227,7.293235963648826,7.600532900265606,3.8922299987570543,1.559161102098318,0.017314291773426627,-1.3949623995470788,-5.30835338258799
17.79060470762156,17.634373976625277,16.645995040150105,15.493354984500872,16.389735311412625,19.32961024786314,19.80464237064297,18.530097803739157,15.508091639549914,14.109207385793326,10.624974058114027,7.629426138790455,5.877680135547888,6.313714029846423,4.900913251369668,4.763910940377934,4.428936053443753,3.1227610865302937,2.733855862693602,5.786174246491362,4.950541171701205,2.4882707920861282,2.1327811888901795,5.97830716180784,8.567193777304615,8.008336954031382,6.603940128265398,5.646940978702857,5.9565963255424235,4.232737257388185,1.7757378261587182,0.818394386262992,-1.1158841111047006,-3.3433492062854073
17.75946293630644,17.983650118319442,16.14765354064503,17.795290167642,19.530499124153373,20.011146851465018,18.011384400063868,17.422679215498007,15.74234314339579,13.841441013458308,9.772171220239638,8.634038789568296,4.659430590609874,6.804638360590145,6.764789056438142,3.1733644203902793,7.534945573117596,5.100606801333292,3.7980094264478907,6.708662846980548,5.924264115679754,3.4588687936323828,5.238163240333836,6.6526361911830225,8.678811430553889,9.626262433406914,7.92250919957848,6.023351618782628,5.170530852320661,5.332307821389418,0.37049240734062094,-2.09287676372889,-1.4319618968505807,0.40579567526773364
21.036212302854633,19.31661381375423,19.942242460776285,19.907834930376975,21.25827288140947,20.190193479413786,17.660762246626508,16.864438611241933,15.990444802743124,12.124363295351818,8.118989840200761,9.497574313304533,5.596702805284865,5.218692961607055,7.5142910186261,9.237412810213378,4.1301070346940145,10.416713272315256,7.475277354406329,8.292816365018304,4.023080592271505,3.838056204776722,3.67022618765508,5.642788518131908,7.620997794203913,9.630642632306655,7.771029190547794,6.530209365707932,4.4559408702998775,4.2009448418899575,2.3798929396572124,-2.19215178289112,-0.7052342725605988,-0.7631235270717321
20.377020993451076,20.407279605975962,20.849969905764162,21.83308918259088,22.82072983610428,17.15024713709447,14.706976788993469,15.037135358228754,13.508825953229652,11.01596024594555,9.021021889270271,6.770641061828066,4.831482440132668,6.143208027056775,9.876016987870397,13.01923232761463,11.253627151384961,8.78894789132812,11.45471047507125,6.810680013564984,2.8158490946045385,8.0005380731607,9.82861953193082,9.334027319144228,6.811841307402404,6.652682491081905,7.090337233800448,7.160056229261909,4.410175654085054,3.315908118236325,1.7439961715668484,0.5496814586310607,0.6839765191281659,-1.3560532583652112
21.087413833277864,21.233856014502564,22.217745654864032,23.397002535744416,24.412491738544432,16.401725697458012,14.831060107003006,15.76535836082335,16.779681360854706,8.962829316532188,3.34026028306673,12.908534155461979,13.194460651458883,11.151702500286756,17.042431700657076,16.03506644215842,14.411935023373728,12.350025851711663,11.315053689934848,10.585308321115834,10.429415179654292,8.826067119749466,9.638417205439287,6.892613551281952,6.528214877545872,5.505163506814177,6.354729088134108,6.273208975640896,4.178027001560847,2.502346855646469,1.520679022034242,1.6016229611837498,0.41254550833538844,-1.4297333244699273
22.403391800405352,22.908267852733797,22.732977000500988,24.46352974750152,24.673455428213288,14.880967141714015,14.420689506916649,14.683227313680446,17.703564214544954,10.11359933249483,17.11952785376171,17.115534196891055,15.61153762963626,11.809459046027923,9.400894848564118,11.618910674035025,13.316232627653068,13.520683911976201,11.769925203601224,10.649129112693625,10.723264005092084,5.2083111266344275,6.250359085732931,7.092881479161318,5.379386205357973,5.730586740022641,5.042519651005468,5.139180889130333,3.1629933828463117,-0.05920082903857871,1.066574491340871,0.11312145606845717,-2.256011266898914,-2.653307177759223
23.559690272047362,23.92656514540956,24.541100712213847,25.01616147155421,25.15789637835196,14.211120137610827,22.158029945380193,16.705126639060353,9.970541957700979,16.13814186849266,17.565862204176483,11.987866179998697,11.808716638397874,1.4907433865405775,9.418827604243168,11.784205825254022,15.397814421760824,13.656497960743753,13.35981167577466,13.233970980685061,11.373168232743769,7.778966611313344,4.502973156034341,5.23682605540214,3.8606508209369133,4.256575715022192,5.075967610962077,4.648177145123196,2.3551574231918577,-0.6929283874237187,-0.9198467370375176,-1.0314007019072016,-2.389117673204517,0.059998242628983636
24.107704573604508,23.533618692766094,23.74021340979084,25.827880061136486,26.680519250453997,17.80404647026545,18.623716621283258,10.588873250156665,18.1883574072771,20.813110420085373,10.583852123139279,16.420372372124657,11.936638038004519,13.466847203748225,11.31306115663145,14.03030043383791,11.53631605825194,10.338439694787375,12.117641568375014,10.154351371510781,10.098774886984376,8.282339170458766,6.890567084915521,4.715614369908862,2.877969033195899,1.2013520305349061,0.9455047830802484,2.5940803902109377,0.33768326514784197,-1.1008942071625845,-2.4666642180173257,-1.9963682691993245,-1.3307874707435625,0.006548703091433133
23.156610051528013,22.92845701307812,23.37873810590155,25.02474390950168,22.769044145481175,25.125711521154066,27.706622186856777,11.34095375681466,25.21058026352702,20.657399309524518,19.562276802888295,13.15229468708276,11.201468716245063,8.312052741554092,11.700454579175682,11.121391813822774,12.41448651330861,12.304704978443787,11.809859103362399,11.596954122606265,5.578236233679512,8.304887215861994,5.8339138721010935,3.9436391929492545,2.4605774523351194,2.275661125481295,0.9844937456697096,1.1892541232119842,-0.5938049011941308,-2.2720776473797994,-3.266316932289217,-2.855941047703321,0.07214112491820893,2.8652970230619186
22.633259954643027,22.817099175138647,23.402440053591402,24.503281350202922,20.328758956202684,12.603185621468882,11.643714500793603,23.67656931144768,12.026587316925946,11.262960659324225,7.720115644385001,11.481164326835065,13.247903435617316,11.33907155388057,14.090359537132956,14.58585085559715,11.185396711600555,12.395835764198468,10.512322038791737,8.62270144809589,9.44688170987754,7.613978209138293,6.3204887347336305,4.9725316527192405,4.392989252102686,2.4162778971736,2.430602531318568,1.6637031686703638,0.12183718349629363,-0.4134190232442008,-3.0655253024785125,-1.8922470555783901,0.4355635356044663,1.9014248666923905
22.887135491963853,22.59000170738655,23.048433073802837,23.954136311213123,21.084907295704742,15.080823465148569,15.54661381263789,6.4913955849599105,9.67418972423783,8.734776807007982,12.290028752048954,13.515366275043343,8.994549972318174,11.50781979022578,10.838979862183164,12.024855294752122,13.674693364247528,9.498817606575837,9.46620124226068,8.407876082575363,10.849889399939615,7.235132796199789,4.243249588103796,5.176230187729126,5.918852296196412,6.111488271701951,2.9928458754754947,3.0304667984328266,-0.028597952274780576,0.14757989894100296,-2.1865399429309087,-2.1662743325898823,-1.0724355727018464,-0.035688936091655715
21.879006962357508,22.02445181261473,22.643166161683876,23.196956537669212,20.691737095434814,24.27676828349005,21.765243332528236,25.30075160761341,10.474647814485222,22.282679224119022,14.421841049688839,11.542185602197884,11.72753085256651,9.654350298309273,6.4687625314257415,6.488324590520436,11.167784444169449,11.310570762867846,10.805620875316775,8.620558735353828,9.915517190302014,8.868834548585587,6.872124661080125,7.525609256476014,5.143989752147504,5.637903046050412,3.2940127191453885,1.3103159000714406,1.2632855014181092,-0.37494835211958727,-0.7970415867111774,-3.1715985221429452,-2.4378087451150905,-2.263789681082699
21.502015855899618,21.660503546341328,21.685347715395032,22.078162422058014,19.97100244105993,14.685820078684822,18.60232385293745,17.32989626053179,19.498804575716257,16.734682134271708,9.195575481369147,11.566411578491753,10.593433361948074,12.327249772986356,11.527969137072114,12.289594062369176,3.0795250004164605,11.863999259376445,12.171584143612066,9.624791346996444,8.931501817678868,8.03968040999558,9.127501087524992,9.526898297318741,6.995351814132072,5.202550435755078,3.905087600883391,1.757352840501848,1.5933459968564176,1.9044294399281532,-1.132506020997322,-1.58219700812413,-2.653698293719077,-3.8881878779799757
21.297763182042733,21.45443086435799,21.343918344435707,21.060836886827865,19.817523266682205,15.3198983568574,19.766783051032487,13.953534232096722,3.2985728969013866,13.342909140647366,6.026977944337312,8.640575061113246,12.822210791524164,12.606638756927564,11.422430007502928,13.331295392581168,11.271031149901047,10.96210982595608,10.305428729804362,9.648538241038809,9.055344417841447,9.458390793377852,9.00632402027415,7.3125653812195,8.175724405805111,7.242859740965825,4.858108832098298,2.706634475342045,1.6672409122355496,2.04720898572158,-0.07109495692679099,-1.4567125906002936,-3.222870271653321,-4.122383505729992
21.58257497802151,21.611668636076885,20.999725269327808,20.45841440918787,19.810079062074966,14.014483659969168,9.97969182778363,19.056334514116994,20.672529932501238,17.37071190678417,15.761074279392096,16.565348860001695,6.642159381773788,13.598766661466135,10.21394017947484,13.84182232960584,7.537771077380238,10.334030354383103,9.1871783548801,10.057881714936519,7.3117676714881235,7.615679707348053,8.656025847183844,8.785671898485768,6.766517591025669,6.222159083965242,4.664669919986037,2.303747146432745,1.7591342262026854,1.5651486591606336,1.4065505794737387,-0.2514256143589223,-2.8731368208625274,-3.869453782133517
21.330835502697568,21.28302617784048,20.349415750784193,20.116015262187954,20.256732651460965,15.357155550193044,20.311707316220367,19.942849204100284,16.051593574182696,17.79428700073854,13.070496164880955,11.523851536966633,11.64215213832183,12.189977734543268,11.491337279912376,9.631277829436176,11.541011676223164,11.734686339246563,9.67244013578266,10.464118010096708,8.088213384790427,8.015934018321923,7.788279432810792,6.828251759293729,6.895952572052765,5.599785758950548,3.93251260679417,2.5919202028418384,1.9625399481661163,1.5260614463686932,1.6458997089491716,0.05924645342609925,-1.2663072259299828,-3.7460125711229906
20.990474673855353,20.895356551127875,19.9951767080614,19.138975762946995,19.114409638610592,15.213565296896865,11.141277067541889,12.359393305174146,13.894401053989094,6.600628183150892,12.921879125640675,13.382710792099061,7.260789228135233,12.564636297586619,8.052648095048575,11.128579751749243,11.362092571131079,11.494613328603476,10.347803753012096,8.348723480839636,8.929114474330643,7.650181023588258,7.270662705069983,7.130116281308127,6.056336074856936,3.0443186483645177,2.379913300676792,2.077990944378024,1.0777506245787143,0.599846699889206,0.583193785382165,0.07902122053029959,-1.8226617205053401,-3.1298294608618797
20.789998806848054,19.956825760049355,19.1812703085602,18.506037456675234,17.623020766586535,16.06771348935246,14.654330206859473,10.1729569299414,17.955248565370493,14.426623849969411,7.403007551296385,10.178851305043718,12.26820925272379,14.926461911007411,12.279850983982506,10.558206373017514,12.047252188340082,10.660384237102848,9.461768466848197,9.134008773695907,7.730389033789877,6.862687491278108,7.610942775794235,7.7640162793853404,5.020425400568293,2.2426891931523527,1.956321323769523,1.51165891471869,1.191821260651933,-0.05313020967392813,-0.36355224569999534,-0.753013183539041,-2.3140172648148,-2.6098080933238976
20.61424257523956,19.778969033993288,18.84132761510746,18.134179322861236,16.91422711680402,16.45549840552295,15.887756116731403,17.65774228731171,18.306812586782268,9.218395795257775,8.160325902042963,9.760045940049736,12.915725761755835,9.243313083720727,11.270340871568795,13.204679928309197,12.50041980874261,9.852972800772152,8.017716865133195,7.6853077731372474,7.861553553525468,7.859190435770859,8.239594251159215,7.003882670803594,4.369241241234814,3.329067261548482,2.0785548329445636,1.4191477414184834,1.0123802622866582,0.05274236869782978,-1.273301041231483,-1.798357331076087,-2.5017963774371386,-3.6661101931160665
21.05685087414585,19.994655653227724,19.392448403026137,18.363161497358274,16.79916699768421,16.836162154763763,11.347389585578242,21.416174554512864,16.671184848737976,8.423989845021453,10.792171656441118,9.265858341154754,9.899446206025257,12.299830906185013,14.337993385538839,14.147209189005787,13.398894152940823,9.958775325263787,8.197326118301252,7.039918645558022,7.5484433484828015,9.170966655318807,9.060545358359562,5.983313327638151,4.289488602892267,3.2489996747570573,2.2522883051427516,0.8959213099292961,0.8557452406296613,-0.76530318870922,-1.996260643715682,-3.18267453873932,-3.442995111274041,-4.593125897338814
