script/wind10m.json
{"header": {"parameterCategory": 2, "parameterNumber": 3, "lo1": 3.000054539987559, "la1": 64.9999836372058, "dx": 0.5, "dy": 0.25, "nx": 34, "ny": 52, "refTime": "2025-07-29T22:00:00.000Z"}, "data":
[rows 24 to 47 of 52, columns 0 to 33 of 34]
-12.603444931372566,-13.076753911899917,-13.427204657467055,-13.238138711033361,-12.36991328804615,-7.857899635070915,-0.5473229403441773,-2.9105938664486586,-2.821378557879384,-1.1392861347080934,-1.9541510021718336,-2.380820413692617,-1.7332817430944127,-1.8516647698670212,-1.567198248877105,-4.489022351656438,-2.3753373705529004,0.5333181722248866,1.06805404484494,1.1490654388153974,2.3845366869435862,3.196505259731888,1.7673368308329012,1.8679253341064321,1.8546384795294495,2.492668616091402,2.6644741721955874,2.208448943343376,2.022614684113666,1.8793329794896065,1.51060948959266,4.862293107028936,7.38444029675917,7.299622735447415
-12.238770806244215,-12.37908688581137,-12.60927710248279,-12.844749390756588,-12.392473597769055,-9.105881453904965,-0.9270641855478662,-2.1223612252891337,-1.1762723512161106,-0.671754451485555,-1.2949797310337277,0.4374712184576375,-0.540774125963245,-2.606962477108854,-5.243949540068595,-5.006900005176389,-3.9944235820593694,0.8516855509457134,0.4741181877244225,0.17369106863566938,2.4251977762763604,1.9184899415188443,2.207272196134622,2.1557607852171836,2.668232117909376,2.3833631433150493,2.3996201423383896,2.2577768950821118,2.210455128949394,3.047580982956368,5.950555160889361,6.004964455582595,7.181550645979019,6.616695425995153
-11.440066425554322,-12.08361680847243,-12.04326339677492,-12.473292605506884,-12.319005300356345,-11.077470532603673,-2.1213969980775285,-0.09281292481524474,0.027659799584217035,0.1576728650808902,-0.5675908395320018,-0.45805900417247747,-2.051289992910987,-1.8278948663064243,-2.265544873159193,4.552341402331667,-1.165430774728756,0.0002284254259832696,-0.37973500461095144,0.4700491201328253,2.8986790580190265,2.6524350937770262,2.070954494258521,2.8352398601650735,2.7614008881836996,1.4217640770100326,2.52097587212737,2.758350563099599,4.306165859366377,6.112102022253668,6.636009623523629,6.469099409673507,6.930426761736462,6.376702571263774
-11.103586019909308,-11.564039209041349,-11.47259365488921,-11.873473398710837,-12.170934348839557,-11.757108940815822,-8.950576518007761,-1.3160188471248233,-1.3451054753129237,-1.1028039647291967,-1.1707234654464371,-2.1524965184061364,-2.258351652430758,-2.2929357241434833,-1.6847683909658644,-6.973273675160306,-4.87674827723857,-1.2117583744415,0.7736924794894624,1.762251736684907,3.5337423031540967,2.786111734725638,2.308339170173859,6.148070795333764,1.4478732370441925,1.108801235564011,1.9791215194002572,1.8831474121957277,3.967200241325629,6.617730441555469,6.268836750398931,6.030531222704037,6.341184887767078,5.596963994821807
-10.74660693643663,-10.830923372317372,-10.683499814960491,-11.05843681877571,-11.521137608569251,-11.428090786389463,-10.438544245865682,-6.739869262324332,-1.7136117789492664,-0.7067402938853836,-2.103634684858446,-1.6971329519955523,-2.891254419726437,-1.6929171315520146,0.21605994786202634,0.7694219057903724,1.7727642541426587,0.8128290462777021,1.6459778603939292,1.9849206873145115,1.8872800101708722,2.1430921007307475,1.2478010723769632,2.368938781936365,1.8953913333177796,1.6032964109602774,1.857991968479684,1.995826660444835,5.899698717147724,5.929985170605961,5.795036356900867,5.733698003023276,5.227686936361937,4.623749287714658
-9.867048125471626,-10.112025571390168,-10.364260467419488,-10.141590270980384,-10.624494996789048,-10.835800684742026,-10.85402434760918,-10.097045964516887,-6.912370351508456,-3.778216534794575,-3.2782315704907132,-3.3267785292938776,-3.414074715894044,0.6492613491808787,3.2380037983982386,3.1496949199174655,3.7744397801036285,3.112851871834274,1.9593493079620605,1.5585536811456562,1.6518651188538966,2.151156352812731,2.3997557276775963,1.9279735184363613,1.978388853205469,2.012430731026443,1.49105490304858,1.7998956909718813,5.7949532493938385,5.302639027231487,4.660707286972878,2.2865301558833493,3.8841091259823175,3.853876048176187
-9.652154525056163,-9.688347487130818,-9.521128124023182,-9.788793228720012,-10.05252158697422,-10.59153783284288,-10.646931702714534,-11.170375236473232,-8.415645145422179,-6.171958340603247,-4.1162051909721145,-4.785938983902394,-3.5417418698873915,0.5972116414442232,2.643920537387751,3.31366246794916,3.856399168937174,3.2925392659916257,1.257530692883426,1.4261962645177648,1.382460985781503,1.859206514766536,1.918583068913357,1.7774885692804898,1.7636389957924663,1.57409595061319,1.6315278910102868,1.807426451193946,5.345331764570936,4.607174997370648,3.898364389202942,1.6744808663339912,3.1435236861396865,2.72095742080306
-9.349325821194148,-9.442528343379204,-9.292239921622734,-9.65765437843667,-10.191660167871605,-9.972661935321385,-10.31547231996412,-10.238099699976393,-8.7567370115718,-6.826430937202562,-6.69430521212475,-4.156767560825009,-4.2291226773515955,4.873152487768431,2.996566664915587,2.858684667689091,2.0932835890348875,3.6652891788737967,1.6511175695688596,1.7555470303098815,2.025894095706303,1.6941147151861002,1.8160849829825383,1.4193107080635015,1.8049557567596541,1.5476010620945058,1.5112575189394486,3.7068383747439393,1.7143755119388377,3.890684998352556,2.3171380286093175,1.1370074902721208,1.131137161237414,2.48017630560758
-8.883588976855407,-9.219214802586874,-9.241081468391588,-9.03225453564913,-9.266226684700825,-9.77863998649319,-9.419284182198181,-9.84553669040319,-10.214620423929803,-9.349811601167113,-9.094960569460977,-1.4031891889011183,-3.3114498866048754,3.8213370127433843,2.8808670652071897,4.951794221605231,6.585940271188378,4.103425330406804,3.584558250369652,1.653129759469577,1.5414681022259138,2.0086369270830238,1.9294312050724105,1.7028561463091976,1.841651808142638,1.6531441936265987,2.0572761517767426,3.1791046310367115,3.212760177866554,3.1834560813731305,1.9370248814877633,1.7290425455700327,0.47461302700215185,2.2739032880463417
-9.087616434833707,-9.076825218548048,-9.054867775386098,-8.526044918716336,-8.842158450113763,-9.354056910773307,-9.717823436092411,-9.288444158379926,-9.984923182696381,-9.55170546124853,-8.246631837174194,-2.7452750978503073,2.1258553173577206,2.615373614451178,3.0769025883201393,5.627898569410222,6.043426188849399,4.769428871574602,4.298545788281732,3.9691827713886867,1.7149939855647485,1.719388588912188,1.9589672515455927,1.6223507265032682,1.5948257024126815,1.4284908876941833,1.2780699083007088,2.435937261604996,1.8530090917974447,1.1202222870651548,1.5293807806520998,1.1671808213178687,0.8220618204954143,1.9156806734308611
-8.677508346730532,-8.83575770290165,-8.736824596841261,-8.245468606199237,-8.436229324910752,-8.668531960586343,-9.663553744503115,-9.019439129569164,-9.739274787474308,-10.198793858116797,-8.744781310018048,-2.7844946629236915,1.4906923586961216,2.490240202285592,3.003293684440952,3.4624278077397186,5.616111512366219,4.351185471232847,3.8806755778467203,3.6334152154682657,2.2090420722282027,1.3729129716407416,1.8193613030848517,1.4435827960526706,1.3035542102823765,1.0857542140691565,0.6707798162655887,1.2129475739825044,1.190885502091574,2.64841460450849,1.8187879714499076,1.427379233974875,1.658683310705128,2.0843374444925495
-7.983786563503749,-8.803785039687252,-8.363506641301644,-8.39196380171591,-7.745082179160751,-7.915936440820653,-8.295185320697074,-7.966870519525226,-8.813200354718195,-10.71217173680346,-10.204851848320262,0.5649679064101317,2.1523242468834654,2.2235491039975437,3.155032908035223,3.6939676847433622,4.500020191067076,5.012175115967643,4.3526135897526235,3.835454217195353,2.6651810800844835,1.8484881416619343,1.6062839641785427,1.3637992678635285,1.144578775014164,1.099924680822542,1.0800813259688609,1.987312642223318,3.0337479541645753,2.9683587338875417,2.7586225289891755,2.209036744429698,2.1256714374115466,2.0442959631923285
-7.607619898494007,-7.81157826866911,-7.708620825945561,-7.789631987211159,-7.965812227018338,-7.319200356794736,-7.145286472175143,-7.749879809654011,-8.518822548787657,-8.470069479086114,-10.401541630529104,-2.4342023011813265,2.6653055113206294,2.9340189480474823,3.290637597515377,6.196324405039281,5.179671311821,4.61995133894079,2.514002554376372,2.3145051643922225,2.2712673656414695,1.4889328659082557,1.0744269997799918,3.053980463661803,2.245911541978015,1.6350535183075106,2.662670769842856,1.9111175234481728,2.8167290547977677,2.7683526000111005,2.195178606224229,1.8377783439938982,1.5852539025702017,1.6352545956899989
-7.927840227526797,-7.896843675913019,-7.93764962327918,-7.752277074376582,-7.704007702901205,-7.542512149937827,-7.3500554202048045,-7.327902858667684,-7.53408679655365,-8.793632318129319,-2.9009015931078586,-1.5582032019355507,2.2819452065520682,2.6308291840381717,4.036164261672049,5.66141994669194,4.913689069962717,2.419340454791812,3.0226039972380834,1.528913521594986,2.0721832132080946,1.2805829257350856,0.7213500544855014,1.4382217360130214,0.8758651005224392,0.8542939172284546,0.5979963412245606,3.2992498998097215,2.753515229008319,2.333705865793932,1.8961595431037832,1.3794878929645051,1.0916413864823828,0.8482874355526598
-7.9591076656097,-7.614603127604303,-8.031795788650484,-7.763929567498018,-7.837478342628649,-7.467632649740489,-7.147452379032465,-6.535223363866063,-6.122356283913514,-6.638859532631802,-5.97556131148851,-2.950181707569584,3.7902900460174003,3.0329311905837946,3.4177310485814214,4.625186023182213,3.2964549275719155,2.521167918958587,1.6156726621835833,3.4876928091823904,0.653995402088939,0.7035273625953781,0.8548791039330212,0.5305388276903538,-0.25428641610097197,1.0724606970219273,3.825262765831421,3.558145494526726,2.576703149420476,2.3161977335045694,2.1722759279922395,1.6953928957322781,1.1490890978595925,0.9090314670070425
-7.10502361885696,-7.042009989004001,-7.111532597886705,-7.892122197279243,-7.40810663747469,-7.42095554381484,-7.377329830119208,-6.940733744395081,-6.095048946369174,-5.922559515082598,-4.706058079636847,-0.7433093213570906,1.222644832305629,3.1865260401456807,2.7088290447807317,2.5690052464977433,3.8685332209514827,1.09534322501056,1.1423670623348987,0.874751686414641,-0.802179321467408,0.23942959333160047,-1.0075691215039304,1.8795754219819116,2.3642694400337203,3.7648118035536893,3.8776909278298253,3.461902641283013,3.2102984972344073,2.6429973366657826,2.616686483538101,1.7362508528713354,1.0266832244203363,0.6298708996313294
-7.110125501101328,-6.8822999908319265,-7.068204554966437,-7.061611093122244,-6.952710244285927,-6.9862642189324085,-6.597178930469972,-6.462460832196156,-5.374489251894954,-4.00755578390581,-2.782028784861085,-2.008438907783114,0.1340324635283258,3.589929892281222,5.691688684028415,1.383777074390288,3.459720676651309,3.926201048880821,1.95473477340236,1.7961451100022672,0.3833259901237644,1.246484833554377,0.76720735524623,1.1492741902215777,0.8710029732914981,2.7489389021756536,2.80738080636998,2.837922157897224,2.701193047315393,2.301100022171074,2.264850252701334,3.9723324393683463,3.0683930703510485,1.7218462604660596
-6.345585067237592,-5.7268065442183405,-6.156645844226757,-6.388968877223107,-6.312432164611589,-6.83224536366658,-5.97533417984929,-5.992778020348286,-5.310595254006772,-4.322808571355529,-3.1745418589701964,-1.4080779277218323,1.8050767270510744,2.2292173273775546,2.1903175575637706,3.503411146032979,3.042525296566435,1.461434699213134,0.9427258338096274,0.4904040169506183,1.0376478676210772,4.1308697308024955,4.177963075798483,2.734657488679391,2.403382440920663,1.675874768588668,1.73789910954945,2.247667244123876,2.0330996196897146,2.2858352765955874,2.314336030945826,2.5737483724501353,2.1797825150540895,1.1067847023862332
-6.303724738260396,-5.973002631926489,-5.494153111063221,-5.132210369861409,-5.213814081677245,-5.831188040701987,-5.392510521482142,-5.598487518295981,-5.530103365815247,-4.849725313081331,-3.580559626095538,-3.4520805574867737,1.5105492634101452,0.8713356353156707,5.158220825084045,4.260499712924604,2.422170671408964,1.87218869534155,2.221121453065979,2.5806885806298356,3.971918609340402,2.38977439568446,2.9538884862822257,2.2708728134398606,2.4457722244065287,2.627389545981791,3.4852075854317524,1.5998710736943496,1.7114056082627938,2.6461840365368365,1.5598337683000076,1.1764649816023247,2.1164502524102673,0.18500805895968278
-6.134416931322918,-5.9591699401201215,-5.904787396107696,-5.687949439822486,-5.519644458617986,-5.30898348922368,-6.049133922589667,-4.96597027533412,-4.7903638938659165,-4.48712838458825,-2.703429110585941,-1.3045049027739,-0.34546934433136034,2.0703685615817493,2.292623347790539,1.8294041316105938,1.4198610244903942,1.4371401131604256,2.9930766437162166,2.205868282062519,1.717851328149463,3.465671363946119,3.931312924958998,3.0514026101341605,2.00137804017507,4.790559144168519,2.79728991997322,2.031441338991183,1.3508114121508885,1.6231367635978498,1.27434472210249,1.4531747453327848,1.571128995326782,0.6766300381020608
-5.8371012106474875,-5.7723732867281345,-5.763078232702173,-5.759384641082008,-5.467525124139714,-5.327562735067388,-5.031645058933756,-4.705509693159167,-4.513414865996842,1.9747341152251372,-0.7353702301374252,-2.768467424213393,-0.07076458185826603,2.696832626455388,2.1373520709560077,1.997367387036375,2.485908374974948,1.9951087081325571,1.5489976191208963,2.270285094420191,1.4574670812674102,2.0905890339508697,2.805290982614811,3.486894443199409,1.5498261983815922,2.14486097522688,1.9033017392954077,1.0023183176048327,0.9515474348694004,0.8174030864276999,1.1529859146589279,1.1172540709992071,2.1696062390886905,1.4725141331361988
-5.08939631725055,-5.698697738839338,-5.618448005008035,-5.440022768233962,-5.563486709030755,-5.238890717198441,-4.824435680344067,-4.046337369174408,-3.012084385327183,-2.1815449854223994,-2.212905212773224,-3.1456170712540477,1.2836953964232796,1.2607923469810884,1.4774863985867752,1.7834150954241623,1.7265826541603655,1.7472549654814498,2.012155818615233,1.1176757244452509,1.8835253446971518,1.815567091452816,1.8885110833596515,4.032395220324096,1.7958077886070791,1.7375048309743257,1.6288005799665892,0.7869182436037401,0.725683038842183,1.3494882579332017,1.3086340177514952,1.1398813933173713,0.3665462723052144,0.7231822543182614
-4.9238145276985055,-5.013458279380611,-5.1110416124234685,-5.291585292606258,-5.145855032074095,-4.89081390166592,-4.676039813600309,-4.2084402122842155,-4.04018146980815,-1.9866281238971542,-2.82626823037484,-3.025647846692887,0.4563109310160501,0.764339531628416,1.6729576759905491,1.2884075139527154,1.0275232767443974,0.8240933931928549,1.4171438970482688,1.2665746833849958,1.8165939579559574,2.3268508509321855,1.8887604442250105,1.9791147860141607,2.314662696164526,1.6518041987715026,1.2074851038058938,0.5476207526744846,0.8281252357310445,1.3406075164839606,1.230984416437027,0.18110810440994024,0.5103541672083078,0.5741244483712872
-4.870922745396504,-4.488288539541695,-4.685973296973614,-4.590162193455431,-4.213679530568021,-4.969770908933709,-1.39776016986532,0.5669798156858167,0.5872017041738835,0.5203210115975421,1.0400330859693474,1.8071862477332237,1.7398547109454783,1.7561644073658937,1.971198973379708,1.373104664951335,0.6707988445019877,0.6910446931572348,0.9011960651260973,0.8911585695819486,1.252929059808003,1.5210773922920315,1.6222340096420536,1.9183426405675625,2.1066560206258185,1.1191760539024023,0.7521863020578207,0.476277209184518,0.9444819865503052,1.6139437546077384,0.8864270383971043,0.2938253176551782,0.2769230541997944,0.771494863556579
