script/wind10m.json
{"header": {"parameterCategory": 2, "parameterNumber": 3, "lo1": 3.000054539987559, "la1": 64.9999836372058, "dx": 0.5, "dy": 0.25, "nx": 34, "ny": 52, "refTime": "2025-11-24T15:00:00.000Z"}, "data":
[rows 0 to 23 of 52, columns 0 to 33 of 34]
-6.650924405960884,-1.7348839058721632,-6.419987253102134,-4.767650525376302,-5.115839851354086,-5.122010952965913,-4.387131545241225,-3.7367875876755523,-4.055163770148768,-3.7954787140139565,-3.8040012718775658,-4.391950568132702,-3.976870272571484,-3.7747225873152552,-2.7155739932823546,-2.333142221829891,-0.2805558827945432,0.7756678744038167,-0.584586412306824,1.9620154694627545,-1.4333294055165056,-0.14105133461156374,1.0803612999207133,-3.3351028921632984,0.08218528617190456,0.3637762982706175,-1.2682841025394689,-1.8446107570636534,-0.29473636997131764,-1.2875822023597707,-1.8776501267151864,-0.2845046461379512,-0.9507422523783867,-0.6490261664364775
-7.487914645734969,-7.857730945354981,-4.9352115072581135,-5.221315234335321,-5.295487126250809,-5.103709543327981,-4.935396530988195,-5.3661427054094215,-4.684530018146939,-4.571382795208803,-5.0494566114447625,-4.487773317549305,-4.368895676312984,-3.5560439448522527,-2.0584260595631547,-1.7443033757505035,-0.6513133724216709,0.5457091081197115,2.4525370487080793,0.06969360179784018,-1.0980956222828362,-0.8869146367184467,-1.6615460502372765,-0.7878500735289656,-0.0569884280813165,-0.07568266527006424,-0.4117985248312379,-0.42839523293506115,-0.7566979679231388,-1.1218131499674378,-1.161542481621689,-0.7906926469140494,-0.8147800677804463,-0.7472225778785659
-5.563370702962785,-4.984479019529189,-4.740490293549509,-5.053244765322539,-5.3251239625596245,-5.756573983752279,-6.198011859159559,-5.451084862167934,-5.6030683114965125,-5.715428776841154,-5.370822698503426,-5.133453305600209,-4.4541552720953135,-3.5922765774262486,-3.3066031508884026,-0.6999520685422604,1.0389617012968193,0.5373316861883414,-2.6118028586256754,-1.4845917025968554,-2.0056989400633514,-1.5951706986511018,-0.5306389124940936,0.2828622415029665,-1.59706072326412,-0.4551409439940256,-0.6964692506880521,-1.08926643722201,-1.59954355539639,-1.6038139291030193,-1.7111851846238029,-0.9980126422512796,-0.8527730271418817,-0.8160468595441119
-5.54771754481064,-5.192517097804797,-5.2903895138870585,-5.771401466372525,-6.274860057037231,-6.579776204964759,-6.071232713139618,-6.3594886927947085,-6.24802919827954,-6.09948898568821,-5.6446773595319195,-4.969273595820667,-4.929916420991848,-4.028167193098018,-4.088691315682921,2.251799841137514,-0.35966517991397157,-0.5404186467858186,-0.43237458898787906,-0.8432338450761765,2.6475058335239448,0.17471573851978547,-2.0831132000849153,0.18242427326758043,0.17555979752854156,-0.6099672679418388,-0.5601185416293977,-0.8959949422381026,-1.4603657064071414,-1.1402432804124703,-1.0409834891250058,-1.5115770935044421,-1.87626590352943,-2.1578288278044675
-5.911428425351811,-5.997454426915765,-6.28442267417408,-6.460496209952052,-6.850557019229214,-6.605897327244034,-6.776436035070773,-6.641525567484628,-6.4659970925648365,-5.621667016795929,-5.690915753659553,-5.506916816736021,-5.163972347291483,-4.6334123902397755,0.02480236183663713,1.3649460594252922,-1.5677837019947862,-1.5237495608910934,-1.021790853655569,-0.2858506805684638,0.5911693030660758,1.3157133922938844,0.33550861053058373,-0.8361764358277207,-1.3994717365212836,-1.1201529903232992,-1.5258827030151505,-1.5903553562442947,-1.880884603948211,-0.5769413209878722,-1.2626455649953825,-1.9424846755600982,-1.9599557538862404,-2.3988981654282533
-6.645853144935224,-6.651685693918256,-6.759755821012677,-6.946963389249561,-7.001394674196187,-6.975748486773432,-7.119329536032213,-6.857926765962026,-6.326824486489026,-6.507330695512292,-6.002039585943885,-4.667809637417611,-4.636224498757167,-1.4264328217458397,-2.000502796154479,-0.6257797977876723,-2.8217284457501335,-0.40218641834527363,0.909906843959116,2.1788175579073896,0.925549745039859,0.43384746673992003,-0.47378241915118613,-0.8895941359992419,-1.2361860973505236,-1.6551992738007315,-1.4882500694021918,-1.091480322233233,-1.4087206561605818,-2.2135914416788447,-1.9511333775024564,-1.7419531539594506,-1.7785907181067695,-2.2457321581938654
-7.12291010833504,-7.0578000369530365,-7.224752682249565,-7.263526153895039,-7.495024009828851,-7.655513176187087,-7.5488383406144335,-6.753420066720208,-6.527056350687939,-5.835283521757526,-4.516222482913347,-0.47708170161882085,-1.701473602849203,-0.4803301112213579,-2.047529259647442,-2.531347680705074,-1.079174775638516,0.9603728409533924,-0.08408443544161605,1.0367211266018683,0.24553100969841699,0.11345284543157173,-0.4026909088877492,-1.0649977906275447,-1.5468579027773703,-1.4508445993022436,-1.7411418414799043,-1.3859639963345887,-1.3463783627688377,-1.5369912655139173,-1.2861940109852994,-1.4461221677904548,-1.8859617833049325,-4.9192748017294825
-7.573943203653782,-7.670519482351362,-7.76453270986846,-8.103911732095774,-8.132185913590337,-7.9188552165138955,-7.212541507497064,-6.772099765025347,-5.6109292586890005,-3.138408115856583,-3.1433735701570353,-0.11763822659621397,-0.16483672544715064,-1.5233252801459538,0.23532526103150592,-0.04498642877741774,0.09421354917742278,-1.6991700674912553,-0.7784828850236833,-1.1295065585190138,0.4124076231848576,-0.32616206342660364,-0.5158402147354328,-1.1777163421566987,-0.8686910373016788,-1.0684440179453298,-1.0480707654081933,-1.999830182724834,-1.2197965389521275,-1.4347266439482895,-2.1140535675916823,-1.6828579597447983,-1.8790155155997101,-6.903252103301553
-8.114064901892283,-8.255922566721907,-8.418577986381496,-8.495845451812258,-8.257017052756517,-7.600117283094886,-6.993678305394815,-4.750801419391624,-5.183316894661907,1.2770096598360867,-1.7739697258406026,-0.13020777806407585,0.03525000366160291,-0.058469015876609326,0.7666547023965914,-0.4701335161730116,-2.0816799751611397,-0.3674943144026409,-1.8276270042052465,0.6425890465189419,-0.7026031461531934,-2.269745153124744,-1.3498469706928256,-0.9399780413912691,-1.2139923480176942,-1.2173293338230415,-1.178401930424485,-0.8181205000374285,-1.4555663914078172,-0.9304542915252882,-1.565942350383915,-3.2346482706402244,-6.3656534183438,-7.111077949057981
-8.733239143228886,-8.75735720150318,-8.868668014359772,-8.644272983340539,-8.280842532432372,-7.360989093603055,-5.6404577378207765,-3.398918481439026,-1.519732141254325,-0.15312995937218482,-0.7175958389631214,-0.3923619590788476,0.030968442010237688,0.21889559468489458,-1.0321130577957462,-0.1868350450264267,-0.3316431914922253,-1.3505392130291893,0.5805964566318083,-0.3506995641209397,-1.1922112750010163,0.19865272942209822,-1.3565418481240605,-1.4774011466229866,-1.2488935680251296,-1.110646917514422,-1.1691060726518099,-1.4679254872088856,-1.474731100334206,-1.2470439390716452,-2.4732317308147276,-6.801215260551345,-7.982164069111128,-8.268100437968648
-9.076963534599049,-9.504583807063028,-9.210455568536025,-8.720202356483515,-7.828005778089902,-6.274548982439183,-3.9165541295272344,0.01641118107313082,-3.1947287151134662,0.029249842382168836,-1.6233906456765537,-0.5375835926629773,1.0691417995357433,-2.080644214037264,-1.7122957786794268,-2.7784439464563455,-0.5464864769917825,-0.26013808572388447,0.13344251943619592,0.7000046158823782,-0.26914835827404276,-1.3489989048381594,-2.010423335308733,-1.1944521953831273,-1.6173213910742095,-0.8933820839097754,-0.10316377075765246,-1.8028138549944672,-1.166790895567684,-1.6788722572735526,-6.525116769610672,-8.177072335216153,-8.417758359486864,-8.818193484215156
-9.719251656074315,-9.777209184508198,-9.536035110931072,-8.492633148483781,-6.833962756283935,-2.1645274126180647,-4.410833412720397,-1.7652925495441145,0.3756819769174937,0.403175856644209,-0.3939437594454493,-4.716498329255264,0.02377744879322085,-1.775438463883068,-2.275388450146718,-1.1632412421078517,-0.9345189297116797,-1.5586080508703934,-0.7929353047250359,-1.30140993249731,-0.8584352111623264,-0.017126222893264424,-0.9127440460596794,-1.896425250209785,-1.8647916845891892,-1.1163902767727283,-1.3739642190390307,-1.5163658934211903,-1.518575330019001,-2.7317640756305277,-8.09107389716953,-8.912615697342972,-9.144933098226575,-9.290273155400305
-10.060049573343496,-9.700216918129446,-9.083749746985486,-8.004645611733297,-4.516726736153129,0.11402967266053278,-1.7704202798409407,-3.702104104598075,0.2896392933865505,1.5697822531270236,-2.7816330680371504,-3.4448275892402953,-2.233084571902455,0.3177896789652969,-0.9655218939124504,-0.47206225102498195,-0.7364208428841991,-0.019795879005072445,0.4075933802491114,0.903901019626833,1.3816432192114219,-0.4540857108283413,-0.9517323698181303,-1.2695983137027946,-1.5650719555752586,-0.07885366561365297,-0.7354605607714814,-0.9112946175017108,-0.9374646646421514,-6.441867965877774,-8.59325218560583,-9.063163467961598,-9.297587510897069,-9.11524605404715
-10.027807273114687,-9.620201999410893,-9.303392742275705,-9.050711684738724,-3.8706983123135896,-2.461554048817644,-2.71923110271101,-1.6835744729990265,2.7355365714672004,0.2915831687898245,0.5455134003954158,-0.8786836031183214,-0.36452224282421836,-0.1432002440046528,0.2072681153650106,-0.48849614717536644,1.1573761643057912,-0.25953203361094024,1.3445751233812866,0.583187923083415,0.6998234967445007,1.6799447148036646,-0.0787319310017494,-0.5900369707818043,-0.3674078788618942,-0.5776549814413989,-0.15335309116551188,-0.7610408869702722,-0.7453113267528858,-6.4647397288626784,-8.085062603000631,-9.182404417073094,-10.026880680067487,-9.835598505645233
-9.963828790106449,-10.201105427045485,-9.740724454784932,-8.024054826034604,-0.874956301419298,-0.5186091626988619,-0.20905244807587067,0.9600665760440096,-0.8658064690011842,-0.28475348305655995,-1.6210937743660017,-2.3459109307569745,-1.0141079879465529,-0.45540620277289073,0.007616958547053679,1.3967519505450596,1.3500912069117819,1.0141631606577852,0.9143263161857969,0.06923128005428514,0.5912581388113795,0.20232732904956882,-0.4375067769324843,0.20643297795136384,-0.1556884720694593,-0.1521100695680596,-0.3464076533742575,0.24223749767445024,-1.010591074386672,-7.072195446387797,-7.9072273447999395,-9.225278124385898,-10.43696862342539,-4.4772481125054515
-10.020566653215246,-9.370936185481138,-6.290685032102304,-1.4725317139273149,-0.22984048837017712,-0.9264192787491301,-1.663272833275441,0.3946772750500067,-0.4363340442847044,-1.0088809863375705,0.9416329583378247,-0.8755321590747338,0.6094492435057597,1.0082713766885383,0.1857846618083569,0.54792697079839,1.454181744127369,-0.1821091914067802,-0.06266694821994301,-0.055464449713763,0.009817815569249563,-0.14822371252733732,-0.2543394144796352,-0.053277575620877954,0.8425015256428945,-0.062088200810251584,-0.22611629755136986,0.1762326775832914,-1.3177934836051133,-7.030898563799147,-8.046419594182337,-9.33959990881173,-6.739726815164187,-3.39249729102568
-8.968981004274772,-7.447797394826046,-1.9853345242667169,-0.08181937832442109,-0.08027564779209134,0.7440778987226637,-1.9339740891777373,0.45396531391970557,-0.3968593595580048,-0.05658731337021056,0.9886892177493357,-0.9077621486955468,-0.16890352922971125,0.2930670353080399,-0.18512893668593866,0.059706011044020096,0.3379583311835084,-0.4478900679133738,-0.5064455529530906,-0.6131604185203915,-0.7931350403357382,-0.7828881165027003,-0.963423873891203,0.19338652403078355,0.17312337419856924,0.012356744179813715,-0.7764764682004938,-0.5073674556446648,-1.256434015524326,-6.087223556238368,-6.795323974446068,-6.253488919048937,-4.1316520981887725,-0.5393435645712353
-8.590224737017303,-5.031012058214606,-1.61169826163346,1.6070177803854948,-0.3516735946865634,-0.10176688493736129,0.5219327171960592,0.40862522159961423,0.8976387191466303,0.9929179376607142,-0.21143319543550051,0.6179339045325695,0.4500135096465828,0.22080668861618863,-0.07994429258314772,-0.22291873374841684,-0.4777710061670557,-0.45513059451940585,-0.979906125290475,-0.9180565511858104,-1.155766904247098,0.35843504713311486,0.36730811832926713,-0.8431214912336772,0.1707306982326122,-1.2245301562960182,-0.09106019735405459,0.12531110805403672,-0.6126129303689655,-5.172552109273771,-5.632582479467255,-5.316486604142975,-3.2169619118225032,-1.638215890502731
-8.164444931359458,0.6490793121930049,-0.008837480444902467,2.508666521278256,0.3680074279465586,0.7770680918804823,-0.9898259340933883,0.3049322428668708,-0.12062755014623361,-1.038310904332594,0.026679287744737074,0.33831545246693356,0.14708298389380745,-0.7844123378123019,-0.31807143033364205,-0.9827897786014057,-0.46228259557699697,-1.1581740480064424,-0.8570410620614684,0.06682972670502448,-0.0208236784710647,-0.5321595089326578,0.4236685173785066,-0.01814101455044562,0.44145920461359067,0.28120296052570176,-1.0992717463765074,1.237657112873632,0.34110147876668706,0.5238954532381409,0.7298043581904031,-0.5872317445180516,-1.422219318496806,-1.8136570303407558
-6.238686173726763,-0.008474574629925033,0.5668064217239044,2.148014820263993,-0.6522876589913614,0.14990034362331164,-1.3199690813041014,0.23698243695608834,0.33459224879422617,-0.2495520422185604,-0.5138141536563331,0.31307708698626846,0.12680274432258143,-1.529747205224804,-1.426828196931781,-0.8161296925905933,1.1855437154233217,0.1869926285229948,-0.9747261545804728,0.02068301821171841,-0.6289148277462703,-0.7245233208773071,-0.7712596597779002,0.22230955952308631,0.251247967410796,-0.4897768615177374,0.19052782937796375,-0.6288257168580054,0.1254850584398555,0.312314751425517,0.6575317248819852,0.9219887434750352,0.23610052578901153,0.19928463830077484
1.7374764623969032,2.564200023990545,1.3299475261791338,2.1290003794183954,-0.41129271960795766,-0.16849188736293066,-0.1056999561421926,-0.8719338635160726,-1.564714296472772,-0.5764892092010859,-1.3847349543342142,-0.329585749177785,-0.6530606576678566,-0.954775873595098,-0.01928900536676806,-0.060920603054936955,-1.1396481154594502,-0.05382267677855129,-0.791907404424778,-0.07852729813281191,-0.6099632951879612,-1.3713819880561444,-0.7049496516521284,-0.45824192137923836,0.051914705379756204,-0.7411078901793483,0.046024418645464416,0.07784730405841833,0.26060807639921174,-0.5518034526980962,-0.665892872438779,-0.49561004199095626,-1.0865086424014085,-1.1191338109323183
-0.11040148504631386,-0.06348883000997028,-1.0290616326510196,2.216572283634654,-0.7796155451586038,-3.0188702532508342,-0.7620549379210845,-1.6258045592750263,-2.3162469671243415,-0.10653017011011817,-2.3243692794989292,-1.2543186435880775,-1.8760760933672984,-1.6600077091232952,0.6450228226152586,-1.2577788504154312,-0.8880528113159011,-0.9402853752678336,-0.5894204904836523,-0.34139805812688706,-0.8161212772329852,-0.2900611833528021,-0.660902607881642,-0.03108701110429081,0.3418697727003439,-0.38806136244413625,-0.22387976911021695,0.9475689674191099,-0.14048343634093147,1.2176595715183012,0.8275673672750693,0.7827851928753319,0.5642368843508061,0.7369795195363982
-0.282605948638657,-0.33459133135624813,-0.13880297212564688,-1.4236023102657906,-2.9498284590878576,-1.5344499739931392,-1.8183309453452219,-2.322731936170594,-2.2640133426781746,-2.703519375117698,0.05562254237903119,-1.3637641604731148,-3.245701535675884,-1.8508352335492742,-1.784458233183135,-3.5665678731289714,-1.2326760606407419,-0.7447369616687378,-0.7274647632664732,-0.8207517197817864,-0.8290318273806058,-0.1199404917193713,-0.6652176932077705,-0.6492092869575177,-0.3768338903879857,0.08824000183364401,-1.2481907431119088,-0.6649594740191592,0.3143241536500336,-0.016968810399667602,-0.05999680071267638,0.26928462347547727,0.28230456474718074,0.13683993514715473
-1.1548687611277222,-3.1032928112113853,-0.2045490054435221,-2.869911599720924,-2.7850004998750286,-3.3859747634052173,-2.1941969615661034,-0.10492344326119997,-2.3955425703417066,-0.49963070035588236,-1.6518634245743204,-0.8915488485357842,-1.1014013256412907,-1.562583043974927,-2.3267352316624392,-4.033492219456085,-1.4566494262742244,-0.13352840004673092,-0.0878163445285511,-0.7109955349574654,-1.2507867166713897,0.8450090862352758,-0.45511257566316365,-0.012830904103617138,-1.6562748965724454,-0.45533474478824265,-0.5916047396056601,-0.6425710307197271,-0.5052639044314094,0.019760119763552172,-0.16113082988610694,-0.8905966520018206,-0.5403786440463112,-0.8829188651142645
