script/wind10m.json
{"header": {"parameterCategory": 2, "parameterNumber": 3, "lo1": 3.000054539987559, "la1": 64.9999836372058, "dx": 0.5, "dy": 0.25, "nx": 34, "ny": 52, "refTime": "2025-07-02T00:00:00.000Z"}, "data":
[rows 24 to 47 of 52, columns 0 to 33 of 34]
-4.527505565713298,-5.340794716621195,-7.196565350379891,-6.981702632793405,-8.208755717879392,-4.981823922910499,-0.5492461617526738,-1.0046792081673435,-1.8576194303357314,-0.7955589547128314,0.03674898725565059,0.37497761056464785,0.9278902221243925,1.504965581943747,1.2043016839322662,5.81522968707284,2.334053022621442,0.7564562745982861,0.17029247209210047,-0.2867982383648529,2.12840617980127,0.4807971279743341,-0.2531014519034575,0.20696909531909732,0.877401668974407,0.5686229727786353,-0.08666974140648258,-0.07380251984544393,-0.11809051770184054,-0.6982680018478993,-0.20996136997139822,0.08846219451454518,0.20767804578596913,1.3525473810316457
-4.88650502384025,-5.868309299055482,-6.2276242926020835,-7.469069915933325,-8.101545274557422,-3.859899159371854,0.036937202196808704,-0.4145310188319684,-1.2596232898776567,-0.4459512246029764,0.14323852333813775,0.6602660390368665,1.002845013023808,5.713312166321226,3.6609930006650426,2.0972937976159494,6.188510687560431,1.3785347261098122,1.899320089558538,1.4999396739732973,4.370219830055145,4.3419984146662225,1.042087587158941,0.7984673283803755,0.9404926208292689,0.5420413258504151,0.7191715982361284,0.09156012877216609,-0.7192944530396219,0.8578803791974858,0.6179210020287264,-1.360523250035101,1.4726537020733366,1.6471742331686163
-4.546462742317897,-5.943750575266229,-6.793930668903605,-6.980590715178236,-7.1153850660025295,-6.979828898460686,-1.1581144201086997,-1.1421357249041189,0.3572104686956236,1.2600739343895104,0.5435429851174136,1.1209547084435505,5.512123308924144,5.309748578318304,4.824260340700938,3.605336137990233,5.817197281465227,1.9356850449996201,1.6617464086297662,4.655733714156223,2.9693212126201023,2.3875568634203,1.4995038939650744,0.9298018916534941,1.2201787475447377,-0.12171780745397211,1.2349344839771936,0.6609078859184032,1.4790620228483853,1.2768711743885628,-0.23884887128287718,1.6522138882908328,1.5453697712969576,1.354536759468184
-5.322310665153122,-6.198965700914529,-6.048605739343877,-6.034308360055465,-6.632999041187611,-8.05498364675561,-5.176796420824004,-1.0540535767529755,0.3528217362407879,0.3431544280532322,0.8973446191602922,2.7053961637895263,3.928229620474044,3.9993282713369145,3.9103610740431027,3.9192501403448574,5.652418349615733,3.08945572105881,2.133107481819741,1.983829443322127,2.4750858962973004,1.7624898965784526,1.2849885760960955,1.9471891089124282,0.5571011678273748,1.107566808674582,0.6556524812714802,-0.05171204755289696,0.6599064544332208,-1.8039654702310068,1.088438430799826,1.2651180640393112,1.5950762586629073,0.6189106405878602
-5.162628035296699,-5.253003715627637,-6.061839397068782,-6.48886576558081,-6.406430229028643,-6.85035615573302,-7.463112684426383,-4.809348096386728,-1.014207906323347,0.49925343246364734,2.8960807835475904,1.289764584179823,2.7841423822726514,4.641194901648415,1.1061513561507832,4.288883592835881,4.3379358756108735,5.304234625790697,2.475487729525497,2.572602831317896,1.9099223837414616,1.8787152513175087,0.70433780926882,0.9977847752558177,1.334525454354365,0.23556930282077979,0.5814245425940916,-0.40043192753412904,-1.6743254173054458,-1.692588326588124,-0.37847501912954185,2.6949138234783034,0.7678318769564594,0.9800688352708056
-5.291177153747265,-5.472245607262527,-5.558957271620788,-6.460741983994994,-6.308463018360834,-6.257665662649376,-5.942762702945968,-5.400754481550329,-3.088988190990675,-0.915068784720859,1.389366424284068,2.1321057671742114,2.065228042798248,2.3414668180289993,3.5153622882258126,2.8823794145948596,4.72844120687775,5.807322374754455,2.812393261526518,1.7644951143348884,2.240466246151775,2.02462150883028,1.2136718957565324,1.496336190904586,1.1607355515816893,0.8806652724535343,0.19198984627221327,-0.14481808870023338,-0.3531862703628266,1.4654713230968166,0.37740097815122214,0.628902554388647,1.1305131800216501,2.492760824818774
-5.579029230506856,-5.85701173535828,-5.795570036529133,-6.923094789471004,-6.776924215179726,-7.836012806072885,-7.226635972475512,-5.5314214500793595,-4.9385515337508705,-1.8263988876509787,-1.0459727479927774,0.8075100686630938,1.809657481399172,2.3527964755543413,1.7112776636077733,0.6101875741190813,4.852710295173681,4.82822388968132,1.8483951316100857,1.4705817558161434,1.0771044960498104,1.5619641649951759,0.9860583151023344,0.701499377061314,0.8517222944285492,0.4415360703714225,0.3847929671750516,-0.060297946021843137,1.778213996978401,0.5174361112913293,0.0438382128983604,0.7435819038131861,-0.15822916147476127,1.9224024410622096
-5.852495700542783,-5.0094236805562335,-6.85724993260571,-6.768576828615319,-7.283682796665949,-6.570311792252832,-6.942626417567015,-7.38268167809903,-5.395247595885785,-3.5842494113886407,-2.025841086868776,1.9165236796570893,1.7424777162458895,2.047814290230948,1.1230385570985586,2.328824164421881,3.096591008027793,6.294567312817951,5.784109205289421,2.083692449586471,1.4631893565257659,-0.4152966523227927,1.1080685070263174,1.0315379301662495,0.3570035830588354,0.6871512976308128,0.2733357600733367,0.9622201768232501,0.7242980880278956,1.953038696453944,1.7703360994265804,0.35794668328622525,2.504886578503356,3.3978434441526155
-4.112541297923312,-6.182069401014562,-6.798966827903505,-6.901787156100144,-6.465836189861818,-8.478560668551074,-7.4332874291433235,-6.970860357984531,-5.935472916345004,-4.818018204321567,0.43774383973793735,0.731466615883588,1.7511602840851699,2.249495257152404,0.8307102206352819,4.7711699981065205,5.980267557112899,5.8187271904813045,6.641379291654499,1.9035184042365556,1.6049180172830744,1.296118823089957,1.3026322805774415,-0.6356024914261628,0.4754576165876594,0.8552259059773831,0.29882010685748883,1.5117858323718933,0.7221447101103184,1.4231226936583092,2.5745714839671754,2.384631677996944,2.558101431113206,3.1249513238737388
-4.566033200935741,-6.2694455612655515,-6.220198715039779,-7.469692127715079,-8.236353045699131,-8.961390806443102,-7.921502033249668,-7.514462856134535,-6.351302843985609,-2.8017838730764155,1.3899963239487898,-1.2550520819144657,1.3459046362916536,1.0423176627440192,1.543678815101066,4.323560430664797,4.856017918464431,5.614780273470115,6.264634460849079,5.709450409894054,1.6015841992461297,1.889430393029305,0.8417477584276148,0.640413447445532,0.6135031677443851,-0.7958275350682652,0.33572281253709013,2.7940173405110893,2.2794445648250505,2.9822659732511716,3.2527906920751994,3.4414532863290783,3.837095524301608,3.4699660904999403
-6.719383674550615,-6.6369512947381635,-6.954922010777979,-8.093422445558115,-8.480565289801929,-8.76970794825754,-8.428386116084832,-7.865344597006771,-4.5831885179670255,0.9513481925841921,-1.372333849996109,1.1356473856638865,1.1322933470122365,0.8378166628647505,2.4092596124141736,3.3378317939247397,4.2458722571616745,6.1750206342453495,5.365564277961623,5.943512458459129,1.081988355970217,-0.23323424806529564,1.3869106664766524,0.6785061882117572,0.5864050471319541,0.4270072853879887,0.07224188891861638,0.9491868344993419,2.9724303693635115,3.2231092641982557,3.4696917144204815,3.233581017802839,3.0130393834088562,2.450759651270934
-7.384909682375885,-6.9894291506917225,-6.406887787706521,-7.6074231935863885,-8.567973386292778,-8.733221871527881,-8.684586602927055,-7.07485469287216,-3.3703450423788146,-2.5914240995754887,0.46275331042155565,0.720794911688868,0.5655869382606811,2.9729448154918177,2.0530227288727576,3.841959460112068,4.221542858103993,5.070919420760083,5.553181198679511,2.5170700132450268,-0.5881085050732432,1.237734846292403,-0.11143876526684741,0.17928486922721257,-0.02614031031723954,0.3018244499414415,0.6401534670880072,1.5208052260392555,3.301554396076291,3.3788068966401457,3.0584337655808755,2.5445291484787167,2.3529237821429567,2.163692028989
-6.7929791011375915,-6.28888333682852,-6.9297347895060595,-8.335487859869769,-9.353307092391471,-9.023792458660347,-7.7902021741129,-5.842788989421182,-2.569276101091689,-0.5837141779509563,0.5966615205519162,-1.5765092087213022,-0.02235706597199175,2.2408766012110513,1.6084811870689721,4.611258881088653,4.202717324979516,3.71916505982236,2.0593834110241866,1.343962181744556,1.386346657423004,1.8355844691600829,1.1033446609083337,2.2958970110225527,2.108692770980662,2.8105172883523695,1.04500186461092,2.56532269659843,3.4387683121851778,3.0034345808890524,2.801978256143924,2.773489366892951,2.8405603573268485,2.4400806821044063
-6.5092211777988345,-6.560005425821266,-8.365539717672727,-9.219535006514093,-8.989349429824644,-8.493178152724452,-6.677816067602674,-4.043754565024612,-0.12915907162105794,-1.7534177691828459,-1.0187195564256482,-0.3534331239011504,2.0166614444711386,2.358213134773212,-0.2772870950392753,4.410307722361362,4.689914625070734,0.9434569887917369,0.9245922364646659,2.1113910648144523,0.23835077715998118,0.6857722939867553,0.7630088266925275,3.079539544537537,1.6243415449532592,2.216671177269926,3.0482900177488594,3.2270097701102807,3.1066585794642,3.004167425214112,2.9364949492452324,3.0012168552893224,2.822142355272145,2.611634875499165
-5.886102879461879,-7.9744996162960575,-8.400809529884226,-8.798208022671679,-8.675563683741485,-7.557477944403091,-5.3421125346689635,-0.36932472621956913,-3.1838693548123973,-1.7335973257754718,-1.1665489263418296,2.075410658997981,1.6065695669127176,1.416667994373073,-0.13052112846619718,3.0711132380285324,4.752901746769207,1.5926222839674553,0.401632314853697,3.1578576179060702,1.8977846352234806,-0.39360201939162676,0.5278395689307392,1.8985039763310696,1.4195146938292633,4.256507371140638,3.299118464801956,2.8332701052925127,2.6678776670525988,3.033342570488814,3.2906541606940016,3.6050658452100426,3.1063926453233424,2.5936529704864557
-6.772420437704385,-7.963243007500032,-8.560832425010119,-8.635082711432085,-8.585371598072799,-7.011717035769879,-1.6544796416860785,-2.9938094530789785,-0.3163477358380058,-0.8651387712214328,4.2014354065334745,3.0732640457446436,0.6370599242505325,1.6631012315255889,2.0015666786792026,3.350823338581345,3.3705966212469987,0.6349171814377061,3.4523020243944793,3.155942088251013,3.1695907289814516,1.3990740142526883,2.5298280628201155,4.263326244650627,1.5960451023180713,4.005032325125907,2.9327596734373507,2.303645356809631,3.1390608948400787,2.9393552412427577,2.521514745765486,2.2152891145979607,2.6152873529221963,1.93091934843862
-7.93004674333634,-8.31156065616494,-8.5241248248581,-9.075237753403334,-8.352808476572845,-2.097497140790823,-3.8870558628373737,-4.252064667327464,-2.5394421717346836,3.508686342469599,3.2739734893891406,2.875967076910053,0.9863045206769973,3.051195726178577,1.8128069412420993,0.896153085531855,4.108197229966334,3.0393485644696185,2.920217202528364,4.381985414760885,3.406376361766,4.216241274285217,4.111443057753802,2.424792674958619,-0.4366558326750424,1.9836488484377863,2.189032844850465,3.023331719032248,2.7357204332179896,1.8934853003455396,1.6715321529621154,1.8420443356934226,2.3327270805761415,1.3776480426815036
-8.245166609898028,-8.333663171376136,-8.823465668672666,-9.012086900222833,-2.9640851610512984,-4.501180541597409,-6.034272078350228,6.306261884359036,5.629966106375923,4.366946670182549,3.4809533732043,2.2868195090234797,1.4642247445655365,1.8193519126042832,2.415580399297967,3.143503934080368,2.8966800560807817,2.676187465270836,2.0960954438228194,4.514158109834947,3.6183747684899474,3.798507823324873,3.4087801415434726,3.0860374999954754,2.9684076283917284,2.5115454443252703,2.402225246111807,2.3756170491407844,2.036342151597169,1.973278941626061,2.439474302139866,2.210668900366922,2.8858270908800083,1.9613439470911533
-8.682375749897846,-8.538226228036006,-9.018020069367761,-8.170263780985227,-5.717421264717777,-5.491189087828002,4.216061823838377,6.463083799095286,5.6368327677107475,4.2725017902732025,3.787472335418957,2.890193201319063,1.8941313374938944,-0.09731935464088426,2.314645269866733,3.971640810772182,3.2343689884735247,4.120429652329024,3.8774646860048487,3.5496026891667745,3.382191227782295,1.5254081883554131,3.14300957668953,2.453755064923384,1.6444825847353401,1.2741387461465827,1.9804613973685816,1.9761112115099198,1.7202617276956316,2.99125604770016,2.0116991355943785,2.051381697458661,1.299667328654077,1.2704277508941717
-8.832398619040099,-8.745991940445572,-8.905809083569817,-5.431124312074728,-4.10083145083624,-2.0388774264604055,6.333574230184807,5.991478173322557,5.501000010400173,4.4356435642317775,3.7407603256843647,3.6844876428898914,0.8337708686067897,0.7695038447592262,2.6702082807990832,2.605335393391135,1.8777266291609522,2.7893172638030017,3.9639931690851977,2.6206083308417036,1.0916739399931472,2.3942579892293785,2.381978590697296,2.3661438914966184,2.1192289652827014,1.8630758903753137,1.9485444156749834,1.7495552408750794,1.5123003150756156,0.9533263366395444,-0.2337357047489252,1.3015597865315829,0.66331930962241,2.0392810592720365
-8.669703752846587,-8.366838785111185,-7.9156725633457885,-4.838876688784926,-1.9480610001022356,2.3359786900629382,6.134383629589807,5.532006112822211,5.047374751832432,5.136529089064062,4.158495683792415,3.8510550097320233,2.0075505431405607,0.9826901327027028,2.0331610177740758,2.303697358590144,4.537780110826808,3.421748938541006,-0.3794091496897233,1.2661970225789643,1.4235374434282095,1.8671154037343072,1.6478048039760356,3.466610686801531,1.5602383684165564,1.6766114987341607,1.512577859439301,1.8306850627262572,1.1461374479698012,-0.6468571368727033,-0.5534033493727609,-0.12978494549382388,1.5486891961558609,2.5223068864417706
-8.480813024246382,-7.68495322745877,-5.876976563588514,-3.413945289624518,-0.6432919241420945,2.679630357415508,4.926893549757611,5.367614994259025,4.232644254079993,3.9240346295675526,3.9924372178842225,2.4594431975451028,2.162501903702556,1.4670264789665295,1.0943329443374403,3.080233889615697,2.69130749965793,1.4544623495526925,2.953458798137604,2.0791414550090335,2.8396971609142065,1.453760949329503,2.7180273485444153,3.6111972649611817,0.44894019367350085,1.4141838409392877,2.6696938795087477,1.3935415150527246,0.18736207952590145,1.0140490119860341,0.29759128172931243,0.06221005902879874,0.9882433387685425,1.070813030504221
-7.784627721354219,-5.737947793586878,-2.5445173275717856,-1.9403451130662401,0.20136370864489986,3.457151024125627,4.927014970032791,5.539738483395823,4.2061488611472715,2.5425590021414877,2.3338591204685857,2.0556237325358224,1.7902458878488767,1.78938912372137,1.540158498541756,1.4740518783005878,1.810621052638561,0.28852911344130855,1.2294925754392734,2.0818193918924606,-0.18799459914380748,3.0385542584531335,2.7196030986657576,2.4619002938282026,1.0791622058243362,2.021079620362312,1.451991251615861,0.8116229147675934,1.3586437660427184,-0.2876341242241145,0.4528966081107695,-0.5915367031535967,0.8833311049328166,1.4533800573335207
-6.22891136228938,-4.721578836174255,-1.3100195101176089,-1.5333227672880232,0.4354035384788849,1.4423047794059682,3.057816142589299,3.0257071305416003,2.8988126144766877,1.7312396969071062,1.5943708338109015,2.035214831271813,2.008700964996804,1.1377478121115892,2.451846320229323,2.6133430737396006,1.513511097136452,1.257661095232801,1.4139412308764374,1.570184421330743,1.1760003852586685,1.1778395372801158,1.4190874471946056,0.9163053280919908,1.1676974332518764,-0.6514637343145807,-0.30831405690145786,2.0625214239373686,1.1338215196201809,0.5736163251934429,-0.0782451444866445,0.16577554386779544,0.8365592083738784,2.002760357912009
