script/wind10m.json
{"header": {"parameterCategory": 2, "parameterNumber": 3, "lo1": 3.000054539987559, "la1": 64.9999836372058, "dx": 0.5, "dy": 0.25, "nx": 34, "ny": 52, "refTime": "2025-08-03T11:00:00.000Z"}, "data":
[rows 0 to 23 of 52, columns 0 to 33 of 34]
-1.5185202815107417,1.3617776688645322,0.7682582059495315,-1.7779006347513486,0.3958505137558071,-0.273677064923014,-1.5601884078353236,-1.404670742315776,-1.2940781110620874,-1.7401682324873418,-2.096632611139052,1.6315853602176744,3.902755044618064,3.085922153702751,3.1449409913872675,5.5532348526464075,6.232561677141461,5.419713260904137,4.178317126541961,6.9674509168790655,6.11170654913919,4.554541752877938,3.699472089156711,5.222585708836075,4.620474679413913,1.7252313270421586,2.1497509419713445,2.714404204399925,2.9203288036372332,2.679617404242182,2.926822882339486,2.394058567201274,2.521595356474585,2.1307402604123866
-1.410660897123463,-1.5313692296448425,0.7198008767535624,-0.7195192683379535,0.05790037683251797,0.1241637408309035,-1.3207979159217338,-1.1519459257927926,-1.1032411499317798,-1.7734182722619272,0.33644717407874336,0.49781495899756273,1.39134016322033,1.319388814248087,2.102794664760169,2.7289155626584214,4.260125639368388,4.138466667008965,4.232669328423345,7.4266225410923505,4.067218604183769,4.744571597057133,3.5857320947645275,5.136052967090327,1.896355968776756,1.3868017777908725,2.5245281706513754,3.5076589096625623,3.0316620482081067,2.902016860078643,2.4615724272651573,2.1635639983801025,2.368838139741379,2.0094763384792214
-0.9739315981269138,-1.6882639935160726,1.9613332505803163,0.15042333026951776,-2.301821829648244,-0.7073034167868235,-1.6223689522621432,-1.596059668748053,-1.5383564755695232,-1.6909525737622257,-0.8267329172830062,-1.7160075323691648,-0.14356130703851355,0.1395771647132581,1.7049526516534368,3.484009754577173,3.269135605606341,3.1575628655454744,3.3994733577002445,4.667836463262185,5.1911341880341535,4.0045756162899115,2.9549993362043048,4.61188357973649,3.2711367753246128,2.4260473587386766,2.679098820111978,2.816131169687853,2.8195654730614907,2.6803335545151756,3.01005823027877,2.3553752394059466,2.3415364035905415,2.7208262435957864
-0.21254941260211538,-2.1081284791486588,2.050954876775844,1.13347057382893,-1.041948707048774,-0.8617997828228254,-1.3094440209895621,-1.824917978396439,-0.6776653984719132,-1.0780463177475654,-1.678555526541174,-1.9250793627894407,-1.5588906808233662,0.3981226025142872,4.017545301917405,5.820984860880722,4.19507912529586,4.590993875791037,5.633395400976918,3.0246752132176717,7.422766855830198,5.221798661383054,6.21797971920154,2.2801374456861407,2.140622886354746,2.4541998223450894,2.182861307610949,2.6454748409477706,2.4467334148936533,2.1469313555376024,2.3067675320259275,2.4104407981922407,3.08660161948759,3.2844772076114612
0.9776657504043019,-1.5411365944807198,-0.7600082479062109,0.9725722863989666,-1.0039076697277285,-2.067952431376079,-1.369993702667286,-1.2775151485231084,-1.0576760849588418,-0.7220795893361572,-0.31648251001358113,-1.4071996591637226,4.4538438275039605,1.979961303467106,4.0379248047825715,5.430337124280651,4.64402338190789,4.1362953219421925,5.7853484532351995,6.39553605295667,9.171092916921499,6.840200741846839,2.494448364128191,3.646927939520722,2.855924942120364,2.450826798503695,2.8463816572459253,2.8046168971217837,2.1923803629332905,2.2181897787770635,2.612132016083102,3.271915352676079,2.5826029985822387,3.4497338673732725
0.9552511793020124,-1.0477318499128117,-3.2527103988392674,0.21654703798389202,-1.0713585808144401,-1.806286635801024,-1.543058376011647,-1.7238869466443365,-0.252002675894572,-0.14861907558472767,0.6800106160226302,0.5500189034681706,2.151839448983935,4.5198697799835506,4.258591690132476,3.5655658590981156,4.262980317181698,3.9788228740264677,6.758434232059867,6.2532491553282075,3.2403285972763682,3.644583158645714,3.2528511269023666,2.833393840821196,2.5885358083414918,2.6521868868469314,1.9728324791088112,1.9694033055082572,2.382345078951753,2.5384366093028716,2.5635797400987075,2.7151605305358237,2.8175252259855457,3.2377525602246835
2.023655804617822,-0.665627680892543,-3.4701839658911293,-0.12796593023738073,-1.2835781711102847,-0.4983377358947819,-1.2180868235355733,-1.3572975029146819,0.7419814391272206,1.4560672675590691,1.8235080881977992,2.215369459059764,1.752771332721633,3.157244706308577,3.222766028298526,4.597465067373569,3.1837269810866538,4.631555457011893,6.877073957986083,4.355266023288587,2.500818254140832,2.245177341455767,3.6621074329155796,2.7909222143354486,2.6997512777839474,2.567201611947427,2.5719396933997754,2.5528808693301133,2.197507417334993,2.4198812309885094,2.2568991575000354,2.774924185405379,2.914362351380448,6.687011373533789
1.9253465542533332,0.03970841538267446,-3.1739222340961284,-0.6409346204782455,-0.883732480089106,-0.37031954440417114,-0.7038273754227173,0.02187160736724612,1.942148152542828,1.9822657420836416,1.281275714457308,-1.7831225736009129,1.3969304226174655,2.115009626538605,3.967942487176532,3.974309638210011,5.3198616354256325,6.840024760562422,6.747462207812618,3.6746188952613354,4.453932266339831,3.0620454166805544,2.919616374462995,3.796116786990341,2.382467094211816,2.172798667609632,2.2190369006758877,2.5463874524306456,2.015805528987686,2.5245177241853485,3.0958048697849088,2.9022151653681347,3.528488165508584,6.041009855648663
2.0804772779742353,0.6262009910279663,-2.219004562424917,-0.915817216656694,-0.7594435491823129,1.0421183548034092,-0.1934863797268267,1.2671772856898855,2.651401586644905,-0.5390538680444619,0.07579288213975294,1.7426913251180258,0.3904960735184328,3.039310374430688,5.19840558270477,3.400428978451504,7.538717367418083,7.9244387822091,6.225345646206005,6.091645198122274,7.968450713297046,5.513433168673043,3.319515049507133,2.897022679334024,2.4992507129379433,2.746533199043085,2.2791202642662998,2.1354245902908846,2.295375647030274,2.0027912131636163,2.9968451577714115,4.425426086124578,6.749312643909536,5.928504740148469
2.888312829612506,0.4301056713472686,-1.148495916642058,-3.4165769714732095,0.16190172301195718,1.523334063941681,0.4188589382145916,0.6818486920108421,-0.643284772887516,1.9058119760551626,0.5594771240803884,3.015065417774406,5.269210270314674,4.587252122229405,5.774510703596606,10.889287927137179,5.87655935376957,6.478432550525677,5.295679305872954,4.102008028147426,5.624284320124661,2.9042816774849625,3.586976168223583,2.5730023280147893,2.5239188378617015,2.2504354130358677,2.2625622084571533,2.4652430966149645,2.5620764359949404,2.6271953855087045,4.297838942372727,7.28193673709582,6.469035635235844,8.048513419987538
3.5831059614624348,1.4605536654090276,-0.09752182639787356,-2.3134752613547414,0.2042781619065926,0.625174555295931,0.6384150603185796,0.7273402635189358,0.35015220308731626,-1.0553310123550206,9.047107352884632,5.801039595281979,4.686059262712774,3.490025775982176,7.4904709484338605,6.100714430223601,4.312866190729926,3.5178005690110195,5.069145392282045,2.9602000367403702,3.720370713769551,3.320838366944941,3.8951430917698033,2.3248101846367306,2.5141065632554014,1.6910543492437462,1.8545565844870913,2.71285113738684,1.784187416276244,4.06921798902991,6.657258795331919,7.863059503307537,8.160865203186518,8.297841876817946
3.6581987982272803,2.017143887149015,0.7383752484428405,-1.9668820246078926,-2.8495005245708143,0.9221894143790985,1.4293230116392734,0.05719361338608324,-0.008816037964247568,6.29299988914522,-1.9962655191880252,2.8852647581750754,5.414170125965742,3.5971086995874693,6.654623265954955,3.8438985687145704,5.763881314401483,8.020609902639476,5.843801640466595,4.526308275323654,3.4668475453904652,2.1851917358095565,2.332492260161633,2.6406747023766353,2.0029972563708136,2.2307038382372912,2.5386837498689525,2.397085248124879,2.4247254524256596,4.010527766767299,7.953639578045906,8.090325391046486,8.608972239802197,8.543150780788173
3.6579081474401396,2.834965656032466,0.7490462998570608,-1.2813563288024263,-0.7681546609053345,-0.2650261180351431,1.1675507798200748,1.1895109637051735,2.7088337805629985,1.086278029731855,2.4887239264752714,6.577936165575617,7.346589105674999,7.388365911189701,5.699575351611403,5.4314365995013185,6.109753627562606,4.381309163344096,3.876991887559978,2.654399855686876,3.3500159313804723,2.726483182731676,3.366080755186023,2.390477883080301,2.279217822369506,1.7434577367977127,2.4747825531710643,2.148794667676904,2.2029590234921583,7.919215206788291,7.117085233838425,7.5441899774284975,8.699751205254156,8.155366977763395
3.521688146575174,3.19723636382172,1.625117608915289,-0.19057457724891994,-0.19622848970750634,3.079418249279933,2.2430271017982615,0.38295412429399595,10.090367132341163,5.783151731787138,6.627611556460224,5.899000660232328,2.6367033926979757,1.3318783613020497,5.466423521310469,3.021027434442271,5.138159763630492,3.0612609272145948,5.0156974203747495,1.6955305908577367,2.3795063294752765,3.983849293476521,2.109020598634045,2.388350346677897,2.059627031061421,2.316171672894312,2.156347328714824,2.043847085840903,2.301410091932604,6.300124165698728,7.215833831920512,8.378626650538761,8.3536303871219,7.95244643842428
3.756251522705503,3.395445001394827,1.6641005971972487,0.6913025475198035,-1.191618086358224,0.8127856285677396,1.2551206391936438,7.534738383080511,4.767798812336903,3.2241443596199018,1.7241614297870473,2.060594543483938,6.891564143280885,3.356640509326673,3.4544101055644703,3.531373135882621,2.6538377749845967,2.6019713100617556,1.9245617559346004,1.0224150103276581,3.096875752755084,2.1736228573589553,2.711074207085372,2.7062055224104786,2.1455398170702966,2.4864604274702784,1.925024193451069,2.0836489020387217,2.224990090919459,6.123318333670459,6.644625238872792,7.418082551676802,8.589435909006301,8.100793901341385
3.65600159946832,3.653967445863515,2.0733660467469224,0.6950008343679354,-0.19300420579258093,0.3285816628897387,1.5620821854331937,1.4879441556421473,0.10006126890020844,0.07842451239232846,2.353650626570216,4.62215997810793,2.732216893121411,4.533952881715022,1.1028180254751998,2.6928914830805355,3.9938880036325113,2.1408283913007784,1.6580200227863504,1.7727719976082537,2.4922653656951934,1.6051236891647818,0.09157227910493973,1.816839233458288,2.26136786780858,2.319878502041588,2.3703226806303532,2.6952315944353353,1.5424637956844058,5.7868930942066585,5.8885463684942145,7.696667006384153,8.933812314946245,8.014480319701034
4.151420354459529,4.034360045523324,2.0904023860781904,0.37952643746721637,-0.3127811660982141,-0.5910724280991302,4.673300165566063,4.479187861483685,2.301582097654068,6.660450589679473,6.615667989230343,4.1999307687961975,2.0646552040677393,1.3854243410425473,1.7195076368625049,1.014498451823423,1.8311524774010017,1.3049391011700402,2.737593944099938,1.5861819327352868,1.1079643649917312,3.300074160407901,1.6026686595141875,2.190385363646293,2.436802212219973,2.5268924406778663,2.827649206871064,2.283327705662132,1.3441363087237246,4.120695741902026,6.684501532112656,7.999153419955634,9.411626405049926,8.029188819014886
4.209307310879255,3.6075836442244746,1.9584088989832116,-0.09499004986072584,-0.434753578635779,-0.16001225417236856,2.4670853024400423,2.484218047677168,7.461196084076339,5.326869457090569,3.926367010808144,2.416737930216025,2.384297960469919,1.2179775526358085,1.9761933675171854,1.5460260953808422,3.943023110626737,1.083282278185635,1.4683952485231901,1.0596863596730035,2.274075102408358,1.474462190409747,1.8918581508523074,2.2692693264393533,1.4804728451634406,2.134209051133752,2.060630833979674,2.43298656112639,1.6375879444771524,2.7000826678557073,5.437845503863351,7.9462581623861785,9.002751701183142,6.940672357937373
4.053956082849129,3.9858186410658076,1.8153435493696632,0.15437965997059616,-0.9282746928156566,-0.14184659270184852,4.762816654425867,2.1877939691706785,1.007344035329246,4.08283917836056,1.0359967073259269,2.468505870731234,2.377992106486656,3.1851763505676938,2.5925902281606668,1.4319283818036728,2.116752067709933,1.716649098226709,2.260785331637617,2.2035577394643764,0.39070978050096383,2.328985314007054,2.706012058250361,2.3048677453413875,2.638358177825167,1.970951650523092,2.5752418131489923,2.53125380414609,2.1520653770717955,2.268900823216131,2.8985260830513773,7.645853680488069,9.038651345558561,7.415076288222001
4.076407064624367,3.7102123538760496,1.57448905290406,0.029763884941999004,-0.7569450657331122,-0.40871891337620114,1.8326546664660481,4.2949454713716175,7.823296105071735,5.138343979592614,4.684879851122522,4.207180476003081,0.5113022166938442,3.2964889964667283,1.6176614806732987,1.8922929055456426,2.0034702067343866,1.2068833208043317,1.842746781916224,0.6398385004163141,0.3796653783867633,1.2784300235384145,2.765868857204544,1.9833049991921314,2.1944197886433052,2.4065608092622406,2.881627912968477,2.2414545682143756,2.0954502165875337,2.2423809301110516,2.2139884263864436,2.4987450236037603,7.8009870922499065,3.906206892426769
4.014042124647737,3.2928416771749633,2.169734672247136,0.2034277556847946,-0.7013945003263817,0.19274715696271222,3.2653036278656162,3.410771464686657,4.723270823125051,4.840476591621276,3.449409261992057,2.454929586935193,1.93117114533322,1.9143854239724074,-0.9160244722620186,1.6184670379483308,1.9943314405359711,1.8379450744126742,1.0092653831245355,2.4954044682384944,2.177508146875632,2.5649916589754542,2.495633772856846,1.6673291254709994,2.43250816960578,1.9658687363396776,2.292191720745231,2.2773711114699644,2.0528865825461504,3.4239200915073478,2.9256417411538562,2.427839274750948,5.757224199844074,6.202480680464869
3.950023023604885,3.0475119923938814,2.1194407167668117,-0.10045327529345977,-0.7640410403107849,0.6259657881386818,0.8442394486898,1.5188125077144778,3.6911461032896273,0.11562176792491402,1.676209911938028,2.060024537630509,1.255941292407418,2.421867879486394,-0.444313423607816,2.2403416879220948,1.8195462139918364,1.075967527641707,0.710180336393685,1.9249046399952137,0.44345945795442493,2.266545435313259,1.8771013906123661,1.7800681138400787,1.576834737292412,1.9570227031560457,2.0936991955589606,2.7430334797631946,3.3476408779352704,3.7994183101009713,2.8307247572222227,3.0798351103888657,2.8786131272382214,6.302033820264592
3.865843354204392,2.496063585051972,1.8780078002705054,-0.40223872688740453,-1.3146963953938453,0.17380788950096454,3.3753518858519063,1.826144330703135,3.9069271263948764,4.579634600557282,0.6324125671697937,0.7327434886895243,2.8338928415960973,1.5787703162711777,-0.42033355610369516,0.9280432804259314,1.089942067169267,1.1498721628250623,1.3330222188196783,2.392910779799161,2.1383283209837205,2.2320289211411,1.7242363522343824,1.6527068262673825,1.462578098950578,1.9459436076387093,2.857723309668421,4.876739130691694,2.9705862316758367,3.8999238267574565,3.1029263190572784,3.7250249458736833,5.703887674351967,6.58950339413523
3.6562507625284413,2.1710646555870703,1.710031162369568,-0.12208947935507604,-1.0013667304721137,-1.194534636101375,1.6967672725951044,3.1104325220607665,4.976889438109418,1.4702281263581727,1.4297118321390214,-0.40217160888227854,1.1130276657732725,0.4965285693006177,1.0174807093449156,1.6695739477438403,0.8383896922234776,1.3217998710328178,1.1982475667708556,1.8511891510154626,1.5451242371981078,3.0871297071175507,3.4733985746969704,1.9336304089515752,3.1643734216620865,2.2916571277619395,4.512037398258314,2.568503777957372,2.7158342082652287,2.8960151848644227,3.4796967692229934,2.568811309331134,5.290801302975615,5.747298126762286
