script/wind10m.json
{"header": {"parameterCategory": 2, "parameterNumber": 3, "lo1": 6.000027932988019, "la1": 58.9999434238085, "dx": 0.5, "dy": 0.25, "nx": 22, "ny": 24, "refTime": "2024-09-23T00:00:00.000Z"}, "data":
[rows 0 to 23 of 24, columns 0 to 21 of 22]
0.7432136096092952,2.048618128887012,1.75205645093335,-0.10448217551591756,0.2593509926543391,-0.38046505573566824,0.037865839601180076,0.6456428625523342,0.41316653970969663,1.6771365714167021,-0.2980452276727501,0.7827471658212468,1.0892168705346603,-0.6881287309251916,1.0092065735091318,5.367133173708043,2.1222686274842752,1.9828609766000995,1.9550284440525363,1.9194203891423827,1.960623991999287,1.6387262891751604
1.2734867566842651,0.12654662798715552,0.14487426547026794,-0.189964567587884,0.3847842699416819,-0.9952547757064603,0.637773254067658,0.22753332239765817,-0.8544517763978231,0.5778759404292085,3.17192244094439,-0.005990386029421994,-0.11444023804213203,1.2706124971511368,5.309444221536295,4.859215577386167,1.7629959487413462,2.3024175030587664,1.2842167675746898,0.894524104722015,1.812650887318982,1.587924036729071
0.41571377822441863,-0.1438731447429828,-1.1030874061966243,-0.4400583258810584,-0.34385836994137203,0.15608308101590648,-2.8641376137071206,-2.616360659921702,2.3030770755363026,2.9506105251483157,2.7810957042060376,0.7915153038028301,0.48150096414957005,3.0077202125026754,2.5445541840106403,2.4660819888721446,1.7724827176606348,4.975058553715142,2.3921187635694223,1.3128993683661991,1.3576979568233307,1.414914289635496
-0.09488194859888666,-1.6535302615202496,-0.5533300556968933,-1.0147450329606031,-1.1005135248820719,-3.088635718845427,-3.0091395490483492,2.9054418014942676,4.1281163861096735,2.842250653449032,3.6418453290894885,0.8918671979160693,1.3634582013894654,0.84066273911571,2.035530485883024,2.509842958517474,1.0980344389072003,5.166579497520936,1.4948295827664047,1.5796088101817147,1.5991091785410538,0.7584930507840764
-2.6155693794203105,-2.761487587262642,-1.4868477948966141,-1.9240699618667039,-3.4865599283956383,0.4987371518688758,2.1771683891139006,2.9193946485656768,3.369432970115138,3.9971278516962285,4.713398132468311,2.7348214294421167,1.5615071381416075,2.214599146630488,2.046662415498891,1.7339074598816924,1.6058962265769106,1.7371891747489006,1.8524173652265754,0.24664978562221404,1.6583959035102571,-0.5099248225939388
0.31799283817953655,-2.0594735582159367,-4.646264152258285,-2.037743523628275,2.8324573003364075,2.6725210597494526,2.8313247268711748,3.9289236254016338,2.8861931741499833,2.851430555851386,5.621292377987431,6.688724317870551,1.4715420734560358,1.3844741419591011,2.7692746364662284,2.4603929840380094,2.323957730273144,0.944379901309715,1.8576862462898318,1.412512782743028,1.2628740536714727,0.9789535384199091
-0.8772691581881924,-2.0723873637392014,-1.2257236806783933,2.6287691692732427,3.8336408793156695,3.4705578042168663,3.780059901119206,3.2736295512056515,1.1086770003604203,3.0332580831003315,5.621247981040373,6.878779484370396,0.5786956889629682,1.3948214722260857,2.194216730567013,2.2658322696914,1.9898180493194975,1.9762103073285444,0.9772953491423776,0.41121211268942737,0.1074133921002022,-0.3024773416255776
-2.064698789838156,-2.5925085513757056,-1.5297931259430195,3.5065295010279027,4.829229349415644,4.841425523668888,3.477653044471535,2.2366410353669997,0.8850336522792995,2.103631118062981,2.287428717196686,6.997547182585165,4.6185990926551845,1.7270202038759814,1.672521461174405,1.6292394924858056,1.7087972481415121,1.807229551021347,1.7871734143951556,1.7243818932494412,1.1175144485545219,1.2635549411905624
-2.4873947544966084,-2.101621637780338,-1.7491384174767501,3.929436685210573,3.9094127735422477,1.561947460187164,2.2645397906213818,0.9770377126815821,-0.26912925495034357,5.139234665646114,5.579036155151943,5.850904049659036,4.416505037403864,-0.6379584442308577,0.8047490746698791,1.6852079638350945,1.998926505100979,1.2304378156721438,1.1859665640796793,0.8445287104850702,0.8039045286793045,-0.6483462212706216
-2.4970562112605608,-1.6436249687146611,-1.31736479770736,5.046769860522268,3.2829590346604194,1.401921355857353,1.2813178443474806,-0.0955123367451906,0.4584753632820776,4.640893053413076,4.677261602322277,3.6595251297776312,3.978239122349425,2.3881516939520084,1.0644018143054894,1.1177201974636355,1.0982059164566653,0.8288978542087044,0.6421454685000267,0.40415951212473616,-0.28893128948261654,-0.9086795014273443
-3.025272461602772,-1.072789342522449,2.430529235484003,4.289957637022276,3.394758222995175,2.3999642669385253,-0.341520636747528,0.5383266213349966,1.197929660714073,2.399113245613524,4.036319840858016,4.679596302362611,5.049758478186445,1.3368744724191226,0.5953051663478025,0.2536709649202996,0.45874145786560666,0.2642296445996284,0.39365477369767354,-0.12912132508042792,-0.7093496273232357,-0.06371037122930288
-0.30575251622368743,0.5016732191512439,3.1136243322438544,4.10984208049664,3.056748160141034,1.3520606486649684,1.1465649522326116,-0.634870793888908,0.6705142741127808,2.3870591288456167,3.7451681975449747,3.449528622355834,2.687639786021557,0.3707084954912244,0.02961966050111813,0.17773023026884716,-0.27902536667862154,-0.4419883268921153,-0.7060099084745569,-0.33137178994592964,-1.3811468442793087,-0.3678022891681096
-0.8726142282854733,0.6789552933901639,2.906632600330104,3.4369447460868994,2.2270977208679255,-0.4822505787018441,-0.22714202187833568,0.2955764084474828,-0.2713327864852336,2.0219865878705043,3.6335180345749056,2.495166296432647,0.5834554401224897,0.7680981180219886,0.4249178574449119,-0.2940665325788614,-0.4268272297837381,-3.1133050293782,-0.7572936074071726,-1.3172274236347081,2.1045690974204554,2.1562719722864543
1.6044857483218729,2.1801777542618845,3.3386321220916524,2.824650996516228,2.070322455572982,0.4340306914407051,0.08929833454542715,-0.5729184275243957,-0.18872338964405613,1.5067804793788273,1.2226009668850384,-0.41180102983255396,-0.10883001316105326,-0.5202279418883431,-0.7267620241506674,-1.3989381802093548,-1.0190789446720614,0.20929069687496094,0.38248584449094686,1.3516052506461638,1.6472310312348342,3.070087259593259
2.319197617232963,2.8470300547751433,3.6808381043272216,3.530133386693159,2.296398516170311,0.6456586165713908,0.4343056183397154,-1.258800603851144,0.8475217857393529,0.3304402122170627,-0.1434427216438373,0.8703509889142327,-1.0385014780305077,0.7937391415369177,-0.5982014113137099,-1.4311757047506446,-1.9450207865242681,0.8475524332555147,3.018382941816173,4.770553468869713,4.7835965337098685,4.741634040770602
1.0473044839690184,2.170801732462046,3.773469650954221,4.368272089808159,3.967919199931326,1.5953637269094738,0.25739311035790047,-1.425808939704425,-0.42676990822147376,0.7518405342722978,0.8533233419890286,-1.451638994793358,0.7300706701793294,1.1486406763543044,-0.3939852908983769,-1.2132515383788636,-0.21655233314885178,2.6481431984338606,1.8189968173083122,4.20495766304476,4.441426344723719,4.367700926113929
0.5579726936983255,3.013533141070405,4.3745805695313065,4.648933341818972,3.3855981099387824,2.5082427201048025,-0.2758014489030649,1.2456186116956574,0.77383617826851,-0.7755540775063346,0.6666144407675857,-0.0011793141286449704,-0.4253624220091496,0.7495299287111465,0.388083123888399,1.9222611129033946,2.322306238082957,1.5408082938399728,-1.3824491396819516,3.5303302215883012,4.274175467479279,3.76640875026169
0.6372157203780862,2.590395544531911,4.229364257468973,4.765234077107614,3.2507673474641554,1.0779916442437978,0.7547133817149813,-0.37312032983259463,0.6058351918884669,0.33459181103506164,-0.9548029426327119,-0.26998188754392555,0.07368609279633323,1.631090829728636,2.125772155230214,2.4579645044342,2.6778103427331077,3.1215285467683245,2.998379980187857,3.378790676192585,3.1636550045130143,3.927720814537339
-0.28380121189300905,1.7313934957800452,3.656133628735726,3.7237897089563936,3.545767276852524,1.7125222763140577,-0.4772734563029263,-1.0027372568122197,-0.16577779854782462,0.9939275306615613,-0.5700355480401459,0.35328666471985243,2.9227680189304075,2.6346028830513424,1.8019790219439293,0.8534500692655929,3.2588785033937397,3.063278144223383,3.473477990965171,3.731480064130648,3.896409740452791,2.0714837018499126
0.22480771062127225,1.9350715163962773,2.922648512444933,3.2130424794068646,3.0490574920997635,1.61680503010753,-0.6775898064384058,-0.18447174132097097,0.2732145068276426,-0.751645648490756,-0.7449356288475131,1.8041841216304784,2.1863281828715664,1.5479969061819636,1.0679866443569757,3.1549487019703504,3.054436063357602,4.062655112313548,3.998012940658755,3.7348856957459637,2.414475261913292,1.141853087257988
2.9918037496850336,2.8663995796094515,2.0727464252820265,2.775887707779016,3.212565166837931,2.5052131833495324,0.3608781106228854,-0.25009408598746713,0.4722706328885131,0.5994119679751205,1.3747441651523162,2.1582585798316676,0.0890400285908263,0.4344099800387134,1.1736444358746878,1.8315870496603095,1.9404894522259073,3.70071415716747,1.3328966734457681,1.824598372593865,1.9212487053296146,1.7776123032378914
3.0338910789140736,2.8406833227789337,1.9210601489896226,1.0195241882836927,1.8341096341972303,0.8066546562474212,0.2003051692643281,-0.9576364298512431,0.15729868807619618,1.1355989815105498,2.5998553658011976,0.8411862392218707,-0.04820046967840968,0.4046406219240096,2.3868953615164203,1.021683631118927,1.9292361451582962,2.750195915736486,0.002534589086597191,1.0028638858223349,2.13928458951071,1.1053006125994727
1.377725729677939,2.3183246809537583,1.0736216996327383,0.29329858011933296,-0.04244848499114463,-0.3251948546724938,-0.351894212696015,-0.37745136740006113,0.7303847994061471,0.3201679016587115,-0.871630916770731,-1.1855176743422537,-0.11840970061318286,0.7537489519655598,-0.027072866765708973,2.1535615438842264,0.6145560919129056,2.0823818980587854,0.30579172027204976,1.646676606555303,0.89129471983648,-0.1572462509835351
0.7799089150190455,0.06818772159324601,-0.3524484030847149,-0.7971307267647183,-1.0312514563526813,-0.6393600826847394,0.6707443779535441,-0.28124554084000725,0.6204357469440499,2.0366935089660547,0.898564185580324,-0.4586611264516291,-0.8584370828913948,0.8775141811460181,0.2618270792997185,-1.011848882821785,-0.5024596662544574,0.3357109463335496,-0.4235834907369743,-0.5567175832777617,-0.644058200854627,0.3215038971708481
