script/wind50m.json
{"header": {"parameterCategory": 2, "parameterNumber": 3, "lo1": 3.000054539987559, "la1": 64.9999836372058, "dx": 0.5, "dy": 0.25, "nx": 34, "ny": 52, "refTime": "2025-12-09T07:00:00.000Z"}, "data":
[rows 0 to 24 of 52, columns 0 to 33 of 34]
-3.6074095555944523,-3.8003483546107475,-3.3006247876399057,-4.160159823475282,-3.025390449725276,-4.123031691655906,-4.904125568815132,-4.783263275189198,-2.6240502693295187,-2.709755152163431,-2.621125893449579,-2.116784907101886,-1.6465230811583746,-1.2876333888218199,0.10541710596220583,0.32729463566131467,2.829003250793381,6.6459021529260855,3.9855238741893797,7.75093997760259,2.1552510325096126,2.731147348300525,1.3944707198010746,3.8842137709219133,2.673080365456203,-1.1208119898368574,1.9265606393281325,3.4863138301591245,1.6062562572578711,2.6102419142051363,2.083857656106621,-0.2003013455392334,-0.3872241375176604,0.0523170622920521
-3.455021128125604,-3.4451777894842865,-2.832584608621173,-3.1760426196246696,-3.6054828315136236,-4.692190551852669,-3.7401101469938727,-4.176754518334948,-3.854323918024529,-1.6979129938551392,-1.8454463375972028,-1.431100842909299,-0.9675904311023791,-0.18898793758017732,-0.2557178100955231,0.6405099982242467,2.966844097125243,3.5967804597703177,3.868247241372942,3.987126002703635,1.7878631583431779,2.9875052518439458,1.4785013896367307,1.9110348335859757,-0.42283719797085406,0.36607765055092645,1.7914248926210086,1.4035471108864903,1.7741144848432264,1.291923352442359,0.024725863966146826,-0.7401764510114617,0.8997898372988545,-0.07438536765852312
-3.526909503831447,-3.5889842954075593,-3.2122562491400157,-2.6967746785771505,-3.6682249492335326,-3.0836258224643824,-3.6852855798874815,-3.688408419870715,-1.5219796093783649,-1.6110870167769138,-1.4444117992560503,-0.2604526616488311,-0.7576781678677317,-0.4823916825825217,-0.0116492925466354,0.739291560439612,3.458251597010125,4.863416626232568,-0.5193544890003065,2.244336188805582,2.502589038142866,2.936745352895218,1.6261634290034228,2.440889940464039,2.1329800356531163,1.446004278345081,1.2306583098763106,2.1089346147656536,2.1483993746123247,1.4460678478962106,0.735015193867508,0.5969002793455707,-0.8462157268607549,-1.2412191166774846
-2.397918884130513,-1.4778024932012614,-0.211975593077326,-2.9435465531029017,-2.489189922031124,-2.274946188943625,-0.5562972455788548,-1.63136149503543,1.9854166689000257,-0.433579567213461,-1.8535365542708533,-1.0178679462817202,-1.4872438249569093,-0.2879372215741321,1.2565803300464016,3.349956839126876,-0.6346730629413263,2.7241812850912654,4.321061332707092,0.9727574641200857,5.250948007060323,1.695735303850303,2.068629026562086,0.4669661072906064,0.802477935869995,1.4936742099246758,0.46760429760449956,1.1575287271856163,1.479178059088809,0.16892952809371767,-1.2929638549791622,-1.366634659980875,-1.7840398458633426,-2.1240683957796556
-3.1274604348209865,-2.30866795238798,-0.28118795048380113,-1.0521854880751569,-2.392973011058532,-4.5800772186359895,-0.8879839038840707,-1.9956432209170964,0.17468422589467578,1.1962668074499345,1.0166632873654236,-1.2950583898039332,-0.6626737958927646,0.10123541064583846,1.3600279397282262,3.052079311120101,-0.9639645679529582,4.071323322015008,2.3525970580384103,2.184834843874329,2.8465844182331037,0.6715066429897655,0.6617988410721702,0.2394200132951816,0.33161965008665395,1.2843166818843224,1.6089526094711413,0.9008910490226398,-0.7236139931272588,0.6037920681058768,-0.05005267474539896,-1.5694351506787974,-1.9746960377721414,-2.621451460194269
-2.2935597040321083,-2.0760339077353547,-0.9395157644337556,-1.2849812255909292,-1.1108217805612177,-0.3359528504193356,-0.7608450129005728,-0.6699602675984379,-1.6690796925044817,-0.6148451315786806,-1.2792890174271248,-0.4895282491030762,0.9604205840129838,1.2995290315853292,0.756371445087594,1.3490820040196987,3.6433315484026894,5.365721906867514,1.9033322184263892,0.7698863317756894,2.139814441824743,0.22813316922064444,1.1748077483472645,0.3402279307958149,-0.7422115598540602,-0.7399999767618395,0.34778045876388064,0.5743567908427628,-0.7727101749400591,-0.9254266241211073,-1.5077460104664537,-1.6713686884696306,-1.7050410255917998,-2.9269925903878544
-0.35913244501828573,-2.353587863076342,-2.495750845417582,-1.4895173732343963,-1.4022202607201169,-0.7813932788828031,-2.0594725968782943,-2.1428465904651595,-0.4206706473101133,-0.7842806280436475,-0.3967148501948461,0.6872795366259218,2.6627481486540012,1.0557226697437578,0.47515600951649783,5.105870866674029,1.7360571639273763,2.531220024172693,0.5560802062301288,-0.629101176134649,0.941312128795315,0.5740479605088515,-0.6777351040664973,-0.514939546395797,0.9077776561570116,-0.866070547184169,0.637616672463329,-0.5273196872945566,-1.0980243479747647,-0.8707387082838588,-1.0136496743970025,-1.7169788354197655,-2.9558145673163616,-2.948580214777504
-0.6169174942823779,-2.3192553981331057,-1.5423708643053302,-1.2315848497120292,-1.2862949513463593,-1.8874350583067714,-1.1413888665366307,-1.137404442044485,-1.0477007574424868,-0.6055379435027567,4.260253212852291,2.136500164119476,2.3754888075851173,-0.48204650977635105,1.6505133717912284,4.205737073984776,0.40083672425974337,2.1366420710794136,-0.17320913915952418,0.24850170255496065,-2.8615838307818793,-0.22746864196375036,-1.4716603245996651,-1.184049473824304,-1.3325886273890166,-1.1745893452702694,0.3166245012584336,-0.5484374046050592,-0.7105632873121733,-1.902722661677774,-2.25966763720431,-2.717408431781505,-3.0350641806595853,-4.500581222335216
-1.2836574428899021,-1.6968006272456213,-1.349268763378429,-1.1198815342017616,-1.0525819634861968,-1.1784458962993738,-0.4472249987335769,-0.07885696835794279,4.4192333545250575,3.3390533662578767,3.043968558617905,-0.8802445803331242,3.480842994238635,-0.13615377997528935,1.5318351919212843,-0.6496459219381172,-2.184063193025557,-1.0935716949940646,0.6908403085661782,-3.837715443665308,-3.092485415802321,-5.11396388815255,-2.422974276257841,-2.230121607653594,-0.9193229194097524,-0.40956954992330896,-0.932527534872544,-1.1446393039171194,-1.9247856516473416,-1.9074993416171953,-2.4878795718019515,-4.402789401302733,-5.074405625125649,-3.7164969698525496
-1.4975435115865459,-1.4564841144242744,-1.8395752719260392,-2.236072602150243,-1.7604757953487475,1.1086735928515412,3.6861960463331105,3.7380306183965395,4.279486417538527,0.5617248820750431,-0.24569476159951467,0.4186432320760492,-0.4774664597559604,2.502894428549125,1.8526450936729588,-1.310127782276939,-0.45286421890242196,-8.396967352769687,-8.367036633909038,-7.398354535907217,-4.834224093527213,-0.5537993282825374,-1.1634653804842563,-0.9069078678604053,-0.928744520220931,-1.1740693946309229,-0.339430117955877,-0.8622967169479647,-2.1232560040456976,-3.0353018429779994,-3.3181735550479865,-6.472333523423028,-4.538995555562357,-3.451477510587945
-2.020276453603016,-2.229643640531483,-2.586808374690548,-1.705737642534205,7.928954055504673,6.736853276639789,2.811660441042795,-1.2360644762256745,3.9740550083539112,0.736539158569607,-0.5451842114844467,1.4973391804505554,1.8824675826518409,-3.3561209026096677,-3.289173114309339,-5.162694398576388,-1.3135630046819933,-1.7657254154789364,-11.41739874033153,-2.827386107455513,-2.5005644380141714,-0.4112781803930486,-2.566287884540765,-1.2356007231405388,-2.9242338380866997,-0.3998290796234086,-0.9475450097756413,-1.507453274430178,-2.326153529170044,-2.532002725345591,-4.418833983780728,-5.456890279113413,-5.008544291150005,-4.158316735677315
-2.4783653473765215,-2.8799241675308926,-2.6300256771629726,9.379597706393767,8.090357819738152,2.9608456238910383,4.801230537044881,1.5930969908532044,1.268322454970897,2.6814477505051255,-0.6113909999926778,-0.45399226134220444,-0.6096301351687974,-4.193267822248908,-5.184343805825054,-0.5001786574058285,-3.5503075380208147,-9.248954684012855,-5.964136609582001,-2.058728743010758,-1.6248706342436914,-4.319200327380629,-1.2190486717716262,-1.4263970278279228,-1.9283103156293055,-2.384125242644824,-1.8495953101160731,-2.1738125528696703,-2.4141665470452796,-3.2022447007454624,-5.805329382580372,-6.023876221102456,-5.908078095096318,-5.322112478597667
-1.6753719082023442,0.2518293187620431,2.034240933158241,9.230721941706605,6.552555173587239,4.209794548315775,1.162764010432723,-1.3313890777038317,3.338783082598932,0.7718492601289078,-2.6184409154640433,1.4096966484703515,-3.6726785337640404,-0.5130683610433897,-3.5014921215076313,0.010690698679638505,-6.499579671892269,-3.0423137840428542,-3.5031328727937003,-0.3434307679089306,-2.8917978637435464,-2.8118385558204317,-1.4984357239001436,-1.4007278511807606,-1.1887577317722142,-1.8192196362703643,-1.4536472793114803,-2.267692109891055,-1.301817201924379,-4.494952157408305,-6.972731669748891,-6.691063172912325,-6.043174679981972,-5.4699772635314075
1.3461629926202734,1.930081734518462,3.9675446783435158,8.143317668086878,5.254061816893411,3.745654439671019,4.527915317902697,-1.22556421370247,3.065469002827248,2.554231901089682,1.5629571023729578,2.217405998261697,-3.36248351879787,-0.6274845888326525,-4.894995676786796,-2.230874067770847,-6.526135870918752,0.36205633909405227,-6.495342772840409,-1.3572772107984412,-1.9740584774872363,-0.9478096832367232,-1.7374905154595626,-0.9982913118378228,-1.438300469957724,-2.9966065050793387,-1.390981367920824,-1.6908671662250907,-2.652295221266914,-5.028176054240971,-6.542386337817185,-6.154338311945388,-5.907825740297549,-6.0194050107407815
1.589562515919131,2.4203091852949346,3.23853016536787,7.690624765915027,0.8933539699788128,-0.2586434224243018,-1.2220959440088475,0.692545522496443,-1.1390016663108196,0.21913905949984397,-0.6469670518653524,-5.475591814942856,-1.6390461114327626,-0.9472817667065362,-3.6346988743768605,-6.733209243399439,-3.4804904828045657,-4.282774501297555,-4.173107419853715,-3.5824237295784718,-3.246841947941029,-1.7522676032766842,-2.6210621425295084,-1.5179004292027825,-2.0728686637089675,-1.796178934544291,-1.6542411274236688,-2.294728034546682,-2.817841367211723,-4.336924177331448,-6.341817498838268,-6.2721862677652265,-6.194015212614546,-5.997670661487851
3.9444454183339865,3.678524704865145,3.5591526992505353,6.779631749812002,0.9466215802725101,-0.08131150357675111,-0.36416211387420816,0.7229825231958124,-0.8125736403184907,0.6426618631985291,-0.9775930323565482,-2.471801789980503,-6.521962741800075,-6.360159333533047,-2.0289685432514153,-6.007858386853074,-6.3995294103453215,-1.6209839320130313,-2.926660781855398,-3.238464083952158,-1.5664390334638456,-2.859943781179361,-0.6181057682651999,-3.142246897019182,-2.092413421228611,-2.4189379576446464,-2.1625807144416145,-2.398860317909882,-2.6058047004281426,-5.668898743794723,-6.228484674122762,-6.485980588905327,-6.237890252972136,-6.5388490922287135
2.60352382638026,4.03760277605302,3.4790382849834174,5.414892122548678,3.555270917792989,3.7179587617006136,4.012703088957014,3.6954775015731527,-0.212304769123709,2.6419465750736815,-2.085484219988096,-8.121217724038337,-2.342872153299835,-3.0161147297151913,-0.9747274359474811,-0.8504399645181092,-3.2264714745098084,-0.7084656755531179,-1.8941229812793254,0.25272253232198433,-2.6534129272610345,-3.059474412529696,-2.2642556954989135,-2.175696385211409,-2.35481764797636,-1.38338062163069,-2.827895944239237,-3.039433461830378,-3.6131475180442756,-7.0777476051717585,-6.782289702745733,-6.504173123739419,-6.920706315921549,-6.373644119649565
2.2721036570587416,3.26639145878959,3.1314506864052967,4.705276201217188,3.8783870104183915,0.6729534218148645,3.0910988841962372,1.8520061022969772,1.9714477353704762,-0.7363629599931599,-3.641409799191179,-9.583620611092206,-0.7732666141073409,-3.968308843642828,-2.8113069753220947,-2.99869573024603,-0.5427180342205161,2.199112407415109,-2.337572401101907,-1.009400723015526,-3.4434618435585898,-1.8117011676139552,-2.235615823568596,-2.4538878334526064,-2.136282119403589,-2.9224841830003028,-1.2118469257578528,-2.356285364886486,-2.957728018597736,-6.9542433624455935,-6.97906829445695,-7.242434680444615,-6.878636519408938,-6.494900511537868
1.208538107457888,0.8275455405487799,2.1041528530854943,1.4389284862341805,3.0301375253276226,3.4899220651462013,4.677182448869758,2.976147910916461,-0.5052682176776939,-2.6486085461781887,1.7547781873597528,-0.10599282932616032,0.32187149790053143,-0.65439759944167,-3.176743935859406,0.4034189201073314,-3.1028103574613164,-4.263060661319851,-0.6207262582046391,-2.1163271449926717,-2.5931235399652652,-3.5185300601986427,-1.8762822473570127,-1.3961673680259117,0.5291067915833042,-2.311409747792404,-3.1692213034509003,-2.4707983428501836,-2.888169544595282,-3.621069163099718,-3.4084190553923532,-6.493576674110888,-6.751749257233446,-6.708052971092017
1.2970299547514468,0.9071858032241241,-0.3510347471867489,1.4578971152898559,3.196657462110144,1.9880364983170467,-0.9373729457491292,5.459972973182984,3.7560202657826873,-0.23395224578403667,0.3885999720526907,-2.672700876129001,-5.820245416721135,-7.833479122953283,0.4720504258015196,-1.9964125462084656,-1.3751654723718953,-0.4855555699768828,-0.6241090024183031,-1.2356679884607913,-1.6677881035812872,-1.8626496395587084,-1.5985191851255058,-0.7845078070150496,-1.1518931702071744,-2.062568637824722,-2.682504055529533,-2.0591214074477064,-2.871834838798257,-3.2913684936436294,-3.0755658529534085,-3.357528878750165,-5.434399188884317,-5.344828598235108
2.836851873911138,0.8494033105483639,0.4848622963688736,1.4127086225168832,3.3437118413766354,3.8501985208120546,3.5094340701404483,2.0910550181354366,2.7221756516389974,0.009433764346209711,-0.5414799172977027,-2.4455086480914607,-1.6993252688058986,-1.683845664254987,0.020772941101392627,-1.4540862533536525,1.76345601949258,1.6842862213037293,-0.39000772719608445,-0.3192511152262227,-0.7240673179153716,-0.4108795524406427,-1.5998737177875495,-1.1812000260674458,-0.9410617501716909,-1.4059339657782501,-1.3276006413903056,-1.3783197859817324,-0.9469917354750145,-1.7599815312396507,-1.9854019931109446,-1.9929453169111364,-4.057431435261718,-5.794318464347865
2.764572623626739,1.6455349848772889,1.6061702345629925,1.8269054082415228,2.463624598717612,1.9285995668921267,0.11514966323908593,-0.4698114141595236,0.6879363850683154,0.1897426654817726,-4.0274467218271655,-4.913625958856791,-1.304577258146015,-1.9117412897084658,0.20994433326923265,1.2211924513650616,0.06157807328764877,1.6009472274722452,0.6024573931375141,-0.5449746058528958,-0.5215799331659848,-0.7008955768012876,-1.245224864844102,-0.24080973498734332,-1.7956594633354437,-1.090950856324092,-1.0470747589161762,-1.293882443730601,-1.502702092636727,-0.9699207068203268,-1.1585919873661368,-1.1883952863992464,-1.41606391892544,-2.094194231953551
2.3850090555097236,1.835458661473196,1.761602042745043,2.271779993978677,4.893687649506305,1.596318697981369,0.8074198888350487,-1.3851300974198881,0.8031163139917155,-1.8319012391698652,-1.999808798893475,-6.4856087143630266,-4.44395193315444,-0.6364929861144768,-4.792423774244386,-0.8904673064452792,-0.5866993751137038,-0.1483292055996472,-0.15741710612361506,-0.11465471287526745,-0.5799500157318184,-0.11987416716709941,-0.3889015106074494,-0.9214274568000144,-0.6215374296874772,-0.11574489188460027,-0.4228011971658572,-0.7876263615628459,-0.800151638744378,-0.9051840479654976,-0.3795754220924775,-1.0644598934495437,0.6300525894242002,0.7925332230714096
2.305460644602235,2.081082912097167,1.6107852082305398,1.4142693031653453,1.0491429369425018,0.6857319526324237,1.1108996171386138,0.8117075285505222,-1.904284714795575,-4.118580763662893,-1.0422757016600115,1.258508954380771,-1.9818321097460907,-1.2249833603564164,-1.092479512064042,-1.1853932149008382,0.8209081222422443,1.4635266843001171,-0.04087821731992472,-0.7487120377478801,0.09570824366081047,-0.3166197827644491,-0.7499728485615303,-1.042594383939088,-0.4418155237139013,-0.12997238766272715,-0.1001990721351195,-0.39537939267080235,-0.7701923634352007,-0.7254384475280443,-1.4046068149914572,-1.279738999596079,-0.6780506938802814,0.1349602442212368
2.731398033564807,1.3809953160948523,1.5759053218698142,0.7800261874219575,0.6340806591123148,0.2825997466065066,2.461331626547595,-0.5433654358898344,-1.1890554620761247,-1.5106106750761148,-2.0314664405221716,-3.1737238079791226,-1.6421013619222682,-2.6561438783955755,-2.941670839398047,-0.6864155257896833,-0.6446368384176527,1.2069452224481116,0.4723473039043937,-0.18159652408938187,-2.6984808898016373,-1.1409000144715091,-0.6557821054387094,-0.20758202309890408,0.055387933664995705,-0.3859304798816395,-0.6348242710790958,-0.6321333193807384,-0.7213929452112621,-0.713922065217412,-0.8443024613143517,-1.0774979337911885,-0.16180910969277304,-0.5475430668166495
