script/wind150m.json
[{"header": {"parameterCategory": 2, "parameterNumber": 2, "lo1": 6.000198445256149, "la1": 58.999992894266676, "dx": 0.5, "dy": 0.25, "nx": 22, "ny": 24, "refTime": "2024-04-10T21:00:00.000Z"}, "data": [7.020382085217728, 6.331890250762571, 7.438423012550539, 8.174119654812442, 7.759243970513455, 5.338644115412677, 7.878456149567138, 7.147544282038382, 6.142578194303203, 4.929692531203053, 9.64321662847239, 8.049450818954904, 5.138968006958952, 11.675612479990882, 13.474638175042074, 9.01548693983653, 12.415338927585125, -1.7562939407328557, 9.006508398279673, 14.332863093874067, 8.749879611006506, 14.378553258492722, 1.3308676898248768, 4.866154724547347, 2.2920729831089597, 12.999102821390734, 1.5796148534671537, 7.227828345758983, 4.855837009469316, 6.315135074253481, 6.945888161592092, 4.396549577218976, 6.385112790349933, 4.09754731948822, 6.053964159574469, 7.544587598526951, 12.401175817330115, 2.0011065303793987, 8.273855502281513, 8.622396766336927, 6.356799465010491, 8.19555532682701, 4.93697163719299, 7.2450853918027445, 13.176647171573137, 4.994850787617229, 3.2804170510493975, 6.974724377801281, 5.973848642572823, 1.8923561821202013, 11.59969547911196, 10.539712456767985, 9.13381945427258, 7.676774143829562, 3.1259748621200347, 1.970644609585344, 9.015468954652032, 3.973253725941556, 6.104700294668343, 9.582609884221544, 5.161332291778065, 3.2173610582630174, 1.3527438848405078, 2.6570492768605587, 11.320208931975577, 8.455839725231971, 5.063262257904256, 6.145201240987728, 7.326373036746156, 8.288954520103973, 6.562400173767778, 3.643464306277172, 8.150756316434991, 8.368947065707992, 8.181461713381704, 4.338818315865721, 4.496879697305672, 8.091824365904866, 3.5250680200298095, 4.648257106517593, 4.294874187385205, 6.281727126077232, 6.8023294427419385, 4.11906106179001, 5.2910074870604165, 4.587475179976406, 12.331046960453234, 6.544524735504394, 8.99308744381889, 3.430466581988335, 13.467660225120872, 4.124094349623869, 5.359849403582464, 7.8964027516222925, 11.028334062226467, 8.548518369060657, 13.588759133670482, 4.983396677623193, 10.492517922428686, 14.685701403885353, 1.4916226425869814, 3.187851443892635, 10.99953947403519, 2.8452413775335508, 7.742994366599251, 6.270471980457369, 8.163772514839625, 7.774014477465736, 4.868570334257394, 7.174562612649459, 9.014647277133207, 7.71009369180288, 6.556418572549733, 6.528650980609172, 5.987499476328496, 4.043333751343361, 10.23611066963294, 7.733513929597654, 8.943344791881248, 6.39206560832287, 6.6094495069316554, 6.456990847033999, 7.01552496601764, 13.848289720060478, 8.703857229932307, 14.496784443983914, 14.821864732738982, 5.202984790149705, 3.398868302247118, 8.699632953584738, 5.997801429474584, 12.154950999611186, 4.543981848351601, 6.731670316434139, 3.6529691057118305, 7.260925690246034, 5.997841585746506, 5.3371265289656, 4.4559485253513715, 3.6108330295271034, 6.537580546157057, 2.7757620979272435, 5.084655859768492, 9.30221011346836, 6.535438760366557, 10.080513486388918, 5.517503978196906, 7.157338242060893, 10.266957648049372, 5.4378374753175445, 5.077167475942316, 6.507415979185222, 3.655021454512162, 5.865902048101398, 10.726558773194899, 12.545012304989159, 9.161367631208314, 4.62402328218932, 6.362514726475662, 12.842811612928205, 0.4468894740560794, 13.882647305525987, 5.790194233290549, 8.283714168677957, 6.0485830231705755, 7.713747172549521, 5.114108096895083, 14.601332900615146, 5.948214425609319, 5.439519534517716, 7.336447148744227, 5.374319022001014, 4.955029481202273, -0.7444655260809669, 5.751020632139783, 4.893008391952635, 3.768443761221157, 5.469119012890831, 12.575345463482419, 2.5516126334492664, 8.29005576284733, 6.698841785198226, 4.2279097052401715, 13.095975139681823, 4.974366232353198, 7.111334449930919, 6.69883561181422, 8.250379686842297, 10.29638844012611, 6.101087388082847, 8.620247807281176, 5.943655512807322, 6.994332583143671, 11.534167918573731, 6.504887669334913, 7.0300122363130395, 5.329720077963641, 8.189092506586865, 9.732154360570043, 5.969026301303879, 2.9803875455223316, 4.630821266281135, 3.704720172313462, 12.467265507998041, 8.900661054240354, 12.245758209953884, 12.772654800413177, 10.702567710548644, 10.620825871249334, 4.120635239297653, 8.496481047178975, 6.560335255272044, 5.195802772239961, 4.06252055058174, 9.052058274532566, 8.415835880820937, 11.237554970236227, 12.654953988632396, 8.242658789992097, 4.184684780424479, 2.624260436427993, 11.749749974196337, 7.1689903646719815, 2.6980994284952455, 13.491375380263968, 7.8838292954844045, 1.7134987975425997, 6.775782758834908, 7.317018084644162, 2.526365900005705, 8.451497317010027, 5.982578457052499, 10.464282817785028, 5.618426048655803, 4.407546834159606, 6.897201736439724, 6.578738155402227, 11.823635521870552, 7.623807605947264, 6.686358810442811, 11.831168139406175, 7.673141460893338, 0.5682951655102446, 8.828515371825551, 6.031039037371958, 7.319365400668417, 0.8546881541923238, 6.127801665178994, 5.2369386523882255, 12.232942760808504, 7.854759052231567, 10.386838855889074, 5.612987133065672, 13.486856927298497, 10.214978695716136, 7.490637632401941, 11.0933749094263, 10.36434158397557, 3.5863945626602436, 12.063606003810857, 6.816289938148574, 5.877289688557031, 7.323529068999348, 7.108785784760409, 11.760075900280837, -1.582445017493827, 5.532728196415594, 4.764892593951047, 7.657315108814325, 15.224121158084428, 2.381133189038676, 4.778944288217693, 12.412437581281925, 7.384002772560567, 11.937008683762164, 6.109796509151153, 5.745557335731414, 5.849177501285701, 4.851724022629049, 3.591791004724105, 11.961923709186568, 4.898848708482438, 5.85471144453346, 3.8554079594924135, 1.7585143226886164, 7.769658395545454, 6.25346401440756, 8.641277645670872, 3.7148185544187, 9.4278476752709, 8.102603948748802, 1.8063087159303188, 5.064425264433118, 3.7613444660148336, 9.344750958374895, 4.323562695896041, 9.187172485668079, 9.483106152106618, 0.41547621244390714, 4.375620030188849, 8.385457243459305, 2.8475479520451783, 4.734593506087758, 11.324470827012389, 5.729934686414415, 10.877623345962094, 4.75639342649117, 13.862806321579146, 9.365511443933423, 12.16444505388893, 4.718471157510064, 13.567019546423756, 10.712819680400816, 4.17915746951527, 8.537353988803916, 6.2392141872023, 3.41481445092946, 13.418896685958904, 11.557684906487108, 2.3008239106215305, 6.039248432066567, 6.218704562025359, 7.358679740163135, 9.543869944314391, 8.198628731896045, 4.318815265163762, 12.048134577442747, 1.2487356736809145, 4.079714056727104, 12.40861392471424, 5.034975243709011, 6.045724303230204, 5.671587911492461, 4.625322862230131, 7.7794511811158, 10.146972970719247, 12.439513058717159, 7.779390148879029, 7.740632240750715, 4.154940235844177, 6.176550637413462, 7.233942525385968, 10.566476303868273, 4.006801841918903, 6.143658744901488, 6.826043403355964, 3.573888702214491, 7.3083929614448095, 6.349889601297926, 9.572695576903048, 6.564495881882664, 8.103289154782264, 5.741368819920035, 5.812529968022308, 6.543088573220791, 1.6605123226612144, 10.541151396770715, 6.287155759873226, 7.059621022382646, 8.929416840962647, 7.933570990212938, 13.355709802930678, 12.086752582121742, 4.503772566779688, 4.225603714245469, 2.7916612865141337, 5.061746175568715, 10.924283641220525, 3.00098822508617, 8.025521840100948, 1.8944059726365636, 5.205236889580808, 12.110623414088407, 0.3843132251658223, 5.6789455399971365, 12.051052912949485, 6.2927703631196, 3.6958598161414367, 9.374762961424876, 11.248842745814656, 8.361242221092708, 7.76722222873687, 12.673627864950022, 4.393145787683233, 6.442414241053285, 9.128968569183474, 5.579351193603046, 9.897172029020606, 7.913557097018808, 7.284998786078991, 7.130695930769783, 9.178904526702333, 13.909818836887368, 0.5528348718122044, 7.091774815175009, 2.7881021811921416, 5.634319874740377, 1.2337368826674384, 4.413263907207997, 7.86188781922413, 0.8748405215687751, 3.7286091181798127, 7.013530767474432, 4.949257241581364, 11.557069482543344, 10.275935269481211, 3.536989696118733, 6.275730835432556, 11.13968023312683, 6.603295371582335, 4.211857206293096, 12.233580271404216, 6.351422017561864, 7.046529037793089, 13.181937302634172, 3.432393455014615, 2.126889650537228, 4.709202690006464, 4.477182485753637, 7.442569412117139, 7.172083005448943, 3.173717772461853, 6.358155710646252, 8.186028830841565, 7.045139626872268, 3.2823868374723526, 14.641441072288387, 10.350148201209299, 4.911391987869589, 7.42323229032493, 13.792937935999216, 8.19349574509523, 11.226393011166364, 9.08138442900726, 9.217656076432565, 9.296499697462448, 3.1342260190984907, 6.981802542621283, 7.555304907594371, 3.517028572199815, 7.401337004569971, 11.583263638905263, 1.9789757969620423, 7.613056952092292, 9.78960331390828, 8.637114741478944, 9.452349176814302, 5.436063276594855, 4.899386492129281, 7.661155977515547, 8.174740848967257, 12.366278812326286, 4.152247499635086, 10.171314920615373, 4.665092375200275, 3.2195470960871826, 13.574320286541838, 12.738322392932412, 1.5652290748647653, 8.58799736941372, 7.688137203470088, 1.2700530531348069, 10.179033857744464, 11.761303466103856, 4.812570926874397, 11.778097047820243, 14.278602893621114, 8.276554074046794, 4.971717481291353, 9.36428643271856, 8.843764200797022, -0.346036296216772, 6.820500251119434, 3.577124915739385, 9.549746313894412, 9.634176460495611, 13.815343353552512, 6.828131490382388, 6.4800110695571265, 0.3017521986665437, 6.201931294693005, 3.9998993149641406, 3.594180524832656, 2.5658472409035964, 8.074434559566035, 12.194408867740915, 13.794037511856478, 10.182319929417666, 9.688563641689429, 7.12537848693178, 10.851864796977798, 13.66250060969457, 13.109968289313173, 10.695874867315649, 9.379764526704962, 5.163923659813739, 6.025362550450127, 9.016591225855729, 4.673705228712136, 6.696093834204183, 6.937386253971611, 8.471024928029582, 7.666332332928727, 4.73948528472206, 9.469946072402536, 7.151075916285981, 7.082886605387949, 5.626540897276653, 11.974787985789515, 9.236754938415203, 7.354277308600766, 12.944888003001905, 6.910167239180126, 7.725972199180204, 8.23351818719048, 12.513428583088798, 8.438347815167328, 8.67476959852025, 11.050550903292907, 14.380688911538442, 9.36586267660832, 5.787407378173452, 7.130965568903525, 8.97866011442708, 6.050863850060269, -0.5887059243289188, 6.964176093620876, 5.879415575503345]}, {"header": {"parameterCategory": 2, "parameterNumber": 3, "lo1": 6.000198445256149, "la1": 58.999992894266676, "dx": 0.5, "dy": 0.25, "nx": 22, "ny": 24, "refTime": "2024-04-10T21:00:00.000Z"}, "data": [6.099580957512657, 13.380494331911029, 16.531294788961684, 5.787965070057805, 5.570399253501649, 14.99736344694857, 6.718130164215722, 1.8255062106618332, 11.91907902237115, 14.814618298019909, 2.06426787048247, 8.721262763782004, 12.226649354241223, 2.380190984917848, 1.5330674746504507, 4.992470445029807, 5.067636268214555, 8.019378927168695, 1.8679921239289343, 8.73652500881387, 8.091739847707334, -3.0061652191809483, -2.2023484827489046, 16.459131239865727, 14.12519164570648, -1.0041138926480997, 11.497559498510652, 5.496045985657475, 0.10766313839569693, 6.192604778604867, 3.6513601186823945, 1.6385870643100502, 5.522604143675894, 13.302224112703309, 14.655586986862568, 16.45462414585835, -1.623312241156263, 11.94540182469176, 5.942640124430914, 4.566539047299492, 4.161941868170013, 11.060617221818372, 1.8968930726147442, 2.206821125580948, 9.745358748781426, 9.397354608299764, 1.0322327287066602, 2.9975334489686665, 8.637024969250902, -2.219745307333083, 1.5537249630931516, 1.5775202048744401, 9.856148270890808, 2.161968255589376, 8.900721555718244, 11.927027563688887, 4.290570681160357, 8.438486756681842, 8.681532078338408, 2.658670750200337, 14.031754858172123, 9.345419669471623, 6.382852329318577, 7.0724219624373905, -1.2538737692883424, 4.8943802267318715, 0.270180366598524, 6.901251927808569, 3.0447752075873917, 4.583184811049885, 9.151050830576706, 3.079042407093851, 6.394429291504257, -1.9864517918396754, 3.4497856007585064, 1.98439446728356, -0.6669264448205975, -3.2312599459526825, -2.5691275503482194, 2.08510274411722, 8.657573295940193, 9.048321838574507, 3.0197467947475123, 9.55718281239728, 9.852590162197156, 9.992328344646758, 7.8604193889808585, 2.110692760453154, 3.3329221111606295, 2.1120477097264314, 2.4726457699472704, 8.84455154136585, -0.6577189213020457, 3.776406477539909, 9.223130803440764, 4.76396538241227, -2.537257446562908, 15.093976407911436, 6.982445627374318, 8.060959634743329, 7.623143665502875, -2.4797340502420795, 3.6398977374609327, 1.1969356225735779, 7.726497447796381, 16.60972350696441, 9.146899004853628, 0.3510382768595233, 12.095716647954626, 3.61807630030812, 2.9296183323354756, 1.6810923951477315, -3.23967115634705, 3.105862705025294, 16.426724477898723, 12.983858242816346, 9.14301978518892, 8.217011923866838, 4.4322315248667215, 8.779838430600295, 7.544862172144708, 9.293089055355718, 9.07372118519963, -2.386126878897552, 3.607158497944768, -3.4010625099163327, -2.51189850641831, 13.045841821997003, 1.1897491813634644, 0.8057660153951715, 3.974834304539, -1.5425509303570193, 3.8489931718105708, 15.215907927496573, 9.768081782577042, 4.481211501978811, 8.790881746523901, -0.5341532973833084, 13.043444691575075, 12.862116064362732, 16.4218821901944, 5.880339736233672, 2.1830589150127584, 5.215086828808008, 14.284099970498572, 0.7922991892488157, 14.961910915371453, 16.889947429183113, 6.510661480892453, 16.227730202752642, -0.7799402023075148, 14.25520588840566, 1.8223564466837228, 8.41377927790766, -0.4546178691091779, -1.2923019303491339, 2.8190479321287727, 10.669547756423553, 1.4843311209527819, 8.497984254802997, -1.161563519060566, 9.31421895515157, 14.628523664820403, 4.293426580918947, 15.476060466751504, 12.062400909848696, 3.6080800194371383, 7.867856024033835, 13.614379490674727, 8.567995384602764, 6.9456058440147475, 14.134027254246547, -2.8685430897368547, 5.81545401099167, 6.502411543773102, 4.809119270046255, 6.6167510596684656, 3.8970428272163646, 6.583055668997901, 1.969211152180218, 0.11081944306264647, 14.965625548534046, 12.872433602609897, 9.582680480785955, 13.63878394908493, 9.967240313111173, 3.277382398888189, 10.777556290445904, 1.6822637436381953, 8.3200589893722, 4.3912728905524805, 13.415452774174192, 14.320993564245006, 4.17525551289513, 14.411323912738313, 13.766783009642062, 7.180936440671122, 3.5248979613532834, 3.0278812696114192, 4.838287770122249, -2.750291734245651, 8.9304903931476, 6.031935419668925, 4.9260161742810284, 9.073086048804003, -1.687340494774144, -2.0550554135486405, -3.610379437150064, 6.375453289294102, 11.790983965954704, 2.355721978093716, 9.277951352366227, 5.907361967978486, 0.9974899163980321, 7.090160857994384, 10.893278487962936, -1.0236876998406286, 4.285463660115663, 1.9442450270388445, 13.002015665647363, -0.936222350213203, -1.4415097786439526, 9.282227651898285, 13.661801124140254, 2.4688694610842057, 1.545286905258364, -2.574975154889771, 1.95869561769035, 16.507278406227552, 0.1651447160615796, 11.591556559757061, 13.669271500128184, 7.184578318956386, 12.131105613250812, 13.840913603652075, 2.304779653466163, 6.4766911950435455, -1.27119747434533, 7.687276727763221, 6.230189102811685, 8.94053140925623, 9.27915621433509, 2.2965542134763495, 8.586404949345065, 6.627150679002424, 2.9636232688845183, -2.064464467742215, 8.728822607402794, 7.037706242287956, -1.0849414889093678, 11.425265281128173, 5.877172157475915, 6.790342338666014, 3.744269324426499, 1.0192879935574177, 4.8370886774175945, 6.428308726917668, 2.240831152005062, 9.450276506747578, -2.1843653248382253, 16.186187481649604, 14.81235621304336, 16.537576626067576, 5.753599010877629, -1.2598596415276329, -0.4918362869486041, 12.147002840721559, 15.041777478375776, -1.6118839475566031, 8.496202091160901, 8.15735342634791, 9.355184558502918, 7.074640772486641, 12.746613928966351, -2.000474236792513, 4.2622099904001685, 14.92241822733679, 7.7587975583066, 8.587227686045638, 11.985236620913636, 8.754423668995628, 13.72385748676169, 8.90673605968684, 11.425442666594076, -2.4478507251421266, 3.0415379436402183, 8.720989272467596, 6.864918628457987, 12.258720745376918, 6.890743593040213, 2.720363264822614, 3.884632473695482, 12.341991349018725, 9.896522719992964, 3.6623480604644163, 14.934514796266468, 2.388296313222643, 0.5350188391356683, 3.230497081053066, 8.966442939071266, 8.374060247089824, -3.3140973159599025, 8.065731464141164, 4.631037900782799, 14.816988992120937, 9.158923138297276, 11.983274502130145, -1.7279475245580536, -2.941206802806444, 2.057536925830135, 11.248852976889443, -2.960153700253476, 5.358460963664289, 10.840543538439709, 9.013748198654099, 8.808597205266723, -0.6789886766087081, -2.9032492366416625, 8.635358716296384, 13.973087048504913, 16.342932179703578, 14.15405697706666, 2.7865132747485015, -0.960069173202099, 2.5128546221189545, -3.4696774369889942, 4.01393103217827, 8.077648870073626, 15.367460969990871, -2.646163338253033, 9.19611383485098, 11.06040577184087, 9.791215676372719, 16.651834633842846, 2.8556559377412483, -2.6952655187034966, 2.091188854421011, 12.0761348069607, 2.9594796410490005, 6.881002624897317, 6.559818771511033, 2.600131729047171, 7.263762682355248, 5.55291225896035, 8.603406819950711, -2.681604973543006, 4.630789227972259, 9.094447859570995, -1.354816631485084, 2.3375883864362734, 12.563989614291218, -0.3192067512692466, 9.788093478624788, -0.28406459933878353, 5.3654767616993855, 8.203233677332847, 2.146332401633692, 9.412016272577505, 8.610800946734622, 2.9496791417735437, 6.576917022934227, -1.398416782467808, 2.274817958263657, 13.621382671352892, -3.9233616189495675, -2.2340859289970325, -3.2612440824825017, 2.0142335145678976, -2.4444643475847188, 1.4049041510412217, 3.6095200071186198, 14.635571122370951, 2.8807186583992, 3.8603383645611427, 8.116039090837612, -1.2035639952009451, 16.23714147857177, 0.9730988878929414, 6.904135296468635, -1.4475266274829062, 2.828283402198316, 9.235091722578977, 8.774292835959924, 12.053300183531714, 16.338608795069582, 3.627310602245071, 14.63074891742948, 0.9526651336683624, 4.894985784050827, 3.115117589586964, 10.29282348299255, 8.7441357806871, -2.996825459969944, 4.368390735296692, 15.771329219293353, 15.814397913769366, -0.39981189172284237, 5.444587494105073, -2.2568603685661297, 0.8069120930861046, 1.9363675039921089, 1.5202973936547923, 16.109307005952843, 0.6140445347164395, 8.30397322253789, 7.222963228464962, 9.904254000941128, 5.374867645805715, 4.877853199896708, 14.276590346632506, 0.717917809507536, 4.861836769869305, 14.558702148309255, 8.929961036750095, 8.30595786356472, -0.18268321972696913, 5.191516993615809, 14.119738736112433, 9.656137430425083, 13.274896355116345, 1.8225782933135217, 2.4510402632852197, 14.944326919651266, 9.145554204905325, 8.69030816445081, 1.153703568686658, -3.163605122763527, -3.1665097532689224, -0.9410970797886083, 12.811507145829815, 4.2262023434283575, 2.267395110377746, 2.3705289535890826, 4.082827260613013, 0.30985281734721376, 10.479667693832802, -2.8268235288572656, 5.601515559999976, 5.742843699847335, 9.74192515410065, 3.5408084218198805, 6.792841936893678, 13.234394040141565, -3.8036167649764514, 1.963730400113135, 8.27344955859638, 5.5993233847809405, 14.527355178459779, 10.857529456225352, 12.359956065069197, 2.48970479123454, 3.375253491195667, 10.35402066678701, 6.6407736207292185, 2.3376435445157595, 14.096757066722267, 9.505214961933039, -1.3103193163163842, 9.528640926396744, 3.6256016550963293, -2.376932667595013, 9.423120576333107, 5.997357548655543, -3.7147780312494785, 1.5553860121085255, 2.3493685999383924, -1.7741793944480904, 4.423632690344766, 9.587600978027423, -3.1705584757575207, 8.179951130993118, 10.794338666856351, 8.301805979144097, 9.578137276164812, 2.078587892261416, 0.07457977206874015, 9.230239827357517, 16.022839609158506, 16.27773145671275, 8.731761908198836, 10.06398553526415, 9.666019664553103, 16.44309795655722, -2.4543903278922667, 2.1205960312144008, 3.849868594472404, 6.7870161802738425, -1.8053137018111642, 9.312726735920743, 9.309280817868876, 2.6258206427115716, 3.8456064801333305, -1.0375882935352472, 9.418517297871078, 0.32751055559986925, 8.399180613251575, 13.41599449546274, 1.9214954769258958, 14.351480058933074, 2.948744040915255, 10.013217445202573, 1.8060852919250456, 12.413422465523892, 14.350177065544989, 5.57211762544761, 12.831927506464062, 5.005146636605185, 6.231961037153557, 0.21725498841046945, 4.000826408819194, 6.957469948938366, 9.313987078687687, 8.082000345581262, 12.068241535340098, 3.482672258221848, -1.8135104449784276, -2.1033022311546348, 2.1311602252954702, 6.6587245752447455, 7.944231746958985, -0.9649323734088051, 8.692941487856931, -1.5222613704412589, 7.720977456395163, 6.56981948828325, -1.2107258916307089, 15.66634700577064, 16.440164574022976]}]