script/wind10m.json
{"header": {"parameterCategory": 2, "parameterNumber": 3, "lo1": 6.000027932988019, "la1": 58.9999434238085, "dx": 0.5, "dy": 0.25, "nx": 22, "ny": 24, "refTime": "2024-10-15T15:00:00.000Z"}, "data":
[rows 0 to 23 of 24, columns 0 to 21 of 22]
1.6441006665689553,5.127021750915547,1.5368859156186232,0.12311757605269129,0.30022044746511406,0.26644387338229414,1.0367557475187865,1.1567169287719452,1.8210152185946413,3.270582228933871,1.9438907152689764,1.0087199223978547,0.2679906846191913,0.9747423178427168,3.1490843892376414,1.2678431221606203,0.24523963216609643,0.17990669172549176,0.21374277219592058,-0.10427030283304052,0.07079097753847534,-0.4420486799383895
3.202769581475574,1.4943700340641854,0.21916301647677267,0.667605044442981,0.3360029100055166,1.0129747024240683,0.9073451394078043,4.277078729571893,3.611524548110962,2.2571679205511757,1.5137922258874266,0.814427449012771,0.36138691736036943,1.4028792128087788,2.5875034381353075,0.3854630246562508,-0.05113810685307216,-0.6849490871020062,-0.6131875042998463,-0.3214302546423804,-0.4916029048509702,-0.6773247652624068
0.9097352888031298,1.186443053480925,-0.3338200467877647,0.2337256565149138,0.4503894500617391,0.5495413270396821,4.0792745580543945,3.6116977419387464,2.8987756370977658,2.2953609628611074,0.5342674900742168,0.3164586942774878,0.3093460096655347,1.2591772914583235,0.004123954718937274,0.0070024591731832776,-0.5696127778764836,-0.7933109109800808,0.27044336737804836,0.7055013433250319,0.11810539937049615,-0.09288673524099311
5.7574172137270185,1.426731998691529,1.0915106997823218,0.855640332914252,1.1211472317147193,3.294500603341806,2.772804414217256,1.272927604801154,2.6761140452112215,1.3224727373361937,-0.18314511875728867,0.07468898398349587,-0.05376914595742505,0.09138771777568422,0.3172901930369636,0.03787883426514116,0.3229158129926481,-0.7838432826173964,0.04668610325718726,-0.25763255223511367,-0.09309535879324381,-0.3056680288685271
5.125756731141378,3.730428478634507,1.496192190531852,0.8163577704878068,2.7757717654380465,1.5614065894895608,0.19358103364395762,2.016437476745637,2.687824262196378,1.016868285963488,-1.0164123935290617,-0.8833100029937149,-0.1272088668839103,-0.3573314709979528,-0.42803544135191984,0.15584866269931288,0.24874663244070314,-0.5490871513480768,-0.5908299467163993,-0.9897123185849978,-0.6190947672726008,-0.7402717292109107
4.9968993799950665,4.173356256958834,2.5057622480847326,2.34745972190177,1.4463746605903398,0.46077761032456027,-0.9741459721892209,2.009190724595574,2.6121374952644247,-0.1703002700667513,-1.6922498850209968,-2.0009945370054965,-0.4166039845947973,-0.7153314672711752,-0.607912875251884,-0.4159111138334406,0.23807451331284454,-0.31708601932588437,-0.5564638135446813,-0.5755446555004603,-0.8355629202256795,-0.6501132291382636
5.316246260400738,4.220813392690851,2.955237741061521,2.486701960751102,1.6568113042031538,-0.06263645180630135,-0.8442364102494353,2.133522511124328,0.7138530093125187,0.554518560094096,-1.6370795364163548,-2.501588922929117,-0.5575297379476407,0.8847455301672346,0.008807113622171849,-0.5055701845117825,-0.3157303918119758,-1.0629886483661177,-0.5387721907400688,-0.582991376139146,-0.7352467638639614,-0.9610197181618877
5.168125002877883,3.8806027038068254,2.7565360459701855,2.148624014134875,1.9724451811976096,0.3225016833215208,-1.9199084721812887,0.3867038373779796,1.1593478787052136,1.2315224412533505,-1.010964836106406,-2.507894927658105,-2.4136320000713307,0.0733718737300982,-0.42613944730675446,-0.09951429910455988,-0.11804790854385676,0.10743480203255641,-0.5818774769915231,-0.41356343763833875,-0.7204182889761624,-2.08108189357501
5.468356216786319,4.456818460131524,2.9334494747088695,2.4534287043632563,2.0535392473258915,-0.241790043801868,-1.7320960019866087,0.4727613390754709,0.6800471776247707,0.7056650146070427,-1.8283245167501054,-1.6983026152036973,0.25298290496493303,-0.32731384764152294,0.1786495470350441,-0.34504688052342125,-0.3936027783563532,-0.6852564828489996,-0.5791575578828437,-0.9432052065096063,-0.9156450638699973,-1.2751056197871302
5.4628928408019,4.381916426166589,3.131386205439472,2.1223377979105735,2.922411529897868,1.2886952046646694,0.07234679186389865,-0.628357259931823,0.37778868046013264,-0.6107738723511554,-2.101905694264938,-2.4743248270443625,-0.6614033100236716,-1.489586468219834,-0.08279266438764075,-0.7486420471941366,-0.6422543435186139,-0.6689738723112094,-0.43804970107931424,-0.44940740311685984,-0.5664315711963449,-1.0491011948170361
5.455956471973339,4.438005796450005,3.360711549965196,2.0757071919650207,2.0135582522740965,-0.33893397876914955,-0.40637406839185847,-0.5774627648809559,-0.6235646990235482,-0.743718591026535,-2.7392748052367137,-2.3300985291262526,-1.7557425274682863,-1.2242998264004856,-0.5079470663471567,-0.25305619313894895,-0.9187072956858813,-0.7824615089759809,-0.7068527646075039,-0.5169580016961763,-0.00529200330315631,0.12875002649885534
5.712788142401565,4.77721013576666,3.7666878187329456,3.01599324619782,1.6157829320444106,0.4948585641455977,-0.48482456144653724,-0.8667372734796756,-0.32910394563584155,-0.4368604573926615,-2.7760482235037536,-2.772927610409563,-1.2141856225955614,-1.6855243471376133,-1.1464267831600454,-0.8420183203191106,-0.5874758302813499,-0.9548477551738678,-0.8039547103888951,-0.173415944679355,0.7872741656659868,-2.3854399888878497
5.555169013554676,5.049349468921208,4.0084468860595805,4.157369285247447,0.8510490850306496,-0.07125723825743047,-0.48897063840355415,-0.9662876257157614,0.1788968690550728,-0.15418339963138877,-0.7145503374508915,-1.0330273078812502,-1.1744788713102097,-1.6713318534554757,-1.7503644963944225,-0.5546402937570268,-0.13792688181924467,2.654096986154949,1.966182627763968,1.8657109079432308,0.4350162309941333,-2.8040078072057355
5.4197084662143356,5.008108731160543,5.118380341277558,4.238842879342815,1.6765938592609453,0.5328565859750835,-0.580246608879375,-0.2041843256876926,0.5794697093852449,-1.1019460025953252,-1.6769521102404543,-1.5366271310283703,-1.2930846645020877,-1.9465702628933554,-1.9106440388131416,-0.1257178108869908,0.12196315217362953,0.78907057043606,0.3724898223122054,0.4032239867347175,-0.21160687310803294,-2.143948963143639
5.8439262144410185,5.334015602221151,5.535850304233499,3.9651791541323345,1.962324319705553,0.9000719996008285,-0.09491047931958085,-0.8967097736762298,-0.6435872035632844,-1.7438744911734192,-2.224209356667522,-1.6674246698738193,-1.9008803333005084,-2.0681576349520854,-2.228468805777457,-0.8921753838818994,0.3980298885559171,-0.8677651053090463,-0.8379773530616849,-0.636069192047061,-1.1996226149387361,-2.5865227881659982
6.927828100957629,5.767711255024672,5.689117574818535,3.8701697020291634,1.2637903025449115,-0.09433018553401008,0.046964912647417346,-0.03538402574656412,-1.6548926663138426,-0.9032241451394217,-1.9217388708886782,1.5537189613134168,-1.3608176440482314,-2.133600877055985,-3.918363600114113,-3.216482767264472,-0.26946009891635725,-2.1421892794513817,-2.5158777347790235,-2.6190072587116497,-1.6482205769089624,-2.202648107323628
7.13840925780592,6.3092043335595,5.635794912445535,4.522743264461895,1.4897934413023497,-1.3998649784858492,-0.38647751699783717,-0.2893719475218466,-2.4694393445172,0.051370678178425694,-0.5302537491759871,-0.7858276404017166,-0.8611291433356728,-1.2362961498287015,-3.3702442200095275,-2.1398702219381778,-1.38629428122367,-3.610455038839768,-1.7284204184663348,-2.5742359951110707,-2.4966420957011195,-2.1923549802681275
6.652951081528535,6.2140106212126724,5.349359315423663,4.378641068725977,2.9440900835639394,1.2461188952357398,-0.2856060633011019,-0.5335167333044637,-1.7509938241749825,-1.6375549158378482,-1.5165230516110568,-2.2112532529311197,-1.0932902936633675,-1.7251579230425218,-2.4496176290912426,-2.6184887867016715,-3.426475225613303,-3.151132630161211,-2.723479802859969,-2.6549320736207753,-2.1528726997088183,-3.118854210514862
6.195993291464059,5.665137791911853,4.9677696951138275,3.2330985397356047,3.2717937606750667,0.7197066388294535,-0.16901426141198997,-0.1670781590972143,-0.6995903572772484,-1.0347307552640332,-1.5735219582665694,-1.1881789458507803,-0.056390440991569916,-0.5358952016855233,-2.931017119344275,-1.713745986966629,-3.3488670299141154,-3.015655426424596,-2.51490253845977,-2.2087007615619916,-1.8700672872929587,-1.0363630922017075
5.455703897554732,5.349512697205172,4.73605672303086,3.6771073843643545,2.7395081227894287,1.5197061331016097,0.05475588718280427,-0.22394373955514096,-1.2773247370467355,-1.430735472644883,-1.0618371172790262,0.07717986338041188,-1.4703322601600786,-1.0601831397194186,-1.590406020504912,-2.1821916692831396,-2.995171659429514,-3.5254364251086483,-3.200390637867565,-0.508233530805989,0.17533899296908706,-0.3183187231484724
4.947303288740152,4.173389865975404,4.149777231499419,4.2920090248688565,2.0674892367701614,2.2136317894601096,0.5705456827599507,0.2940687600708042,0.056938519811165406,-0.06119888075136741,-0.30510115110794284,-1.1422967978978782,-1.4651402449294035,-0.8988380475765108,-0.668855898865568,-0.4509013826725831,-1.739094948098651,-2.3168138644923273,0.42382639715619264,0.25089603090290197,-1.4079206291795474,-0.9093374563093309
5.111560076463911,3.9646810428120367,3.3447358571391086,2.6843315287695386,2.5645227987768253,0.1549357714176503,-0.4097595611268975,-0.7439756624988775,-0.744691802334132,-0.36708111569687557,-0.30011474417010525,0.026906226784408745,-0.10410587972021931,-0.24370214521062716,-0.15337972435675723,-0.28775705280330793,-0.1156931198677146,0.2860437091296267,-1.1453686118332433,-0.6533621035601002,-1.118778356061612,-0.6960499905261365
3.504931218469112,3.9248569812481104,2.570260696117382,1.396949751116909,1.4227362621144681,0.6673207284253714,-0.16821090237464403,-0.025538494854410152,1.108649314076866,0.28864853175064614,-0.6153637049413164,0.2988415874737315,-0.17250694575151584,-0.5681268429806465,-0.541784175068478,-1.069312899715705,-1.0931162036458626,-0.7825211530537707,-0.338121422272162,-0.4961209519412332,0.05756729171809935,-0.33099797615253984
2.023466319525544,2.119820504737262,2.0575540116216464,1.640697089258806,1.2659130734647746,1.1146675596315219,0.18539529325499385,-0.08405951556902638,0.45629915042105285,0.03701113769834929,0.3222199093320948,0.030416627701515698,-0.2015810388109679,-0.5613021322926316,-0.5793123558955032,-1.0053790792120219,-1.396904171681355,-0.8735699694297375,-0.8973624411889615,-0.296407111514024,-1.0644492717189233,-1.7844658727138936
