script/wind150m.json
{"header": {"parameterCategory": 2, "parameterNumber": 3, "lo1": 6.000198445256149, "la1": 58.999992894266676, "dx": 0.5, "dy": 0.25, "nx": 22, "ny": 24, "refTime": "2024-04-21T13:00:00.000Z"}, "data":
[rows 0 to 23 of 24, columns 0 to 21 of 22]
-2.892435750227118,-6.685038821447162,-4.655249807584688,-4.788864152710548,-6.742086376934257,-9.491090955426246,-6.100099100221397,-2.568557016053518,-4.252028918421494,-6.261018656131808,-5.647443228131712,-8.074753089816108,1.6557636573112378,-5.746417753106093,-5.5239654516956,-7.18967831706424,-5.319848504184265,-3.1838432831257637,-5.046059286831754,-2.716017182621459,-3.605728479677943,-10.58132756332535
-5.985062765399396,-5.683982160796228,0.22648222250320732,-11.018087026619815,-6.424561645199874,-3.575354146518678,-4.986071905426803,-1.40205415240427,-7.268701522634475,-5.252258419013989,0.8945954631678068,-6.120502958582939,-5.863141503915541,-3.776987567312018,-3.0250035286090693,-6.566737659225953,-0.1423502268965309,-3.4012381515807086,-1.697800952484876,-4.73232912032444,-6.327325927850506,-4.171114763805495
-1.4185258805518997,-2.725558513680192,-3.849832768289528,-3.037301028032979,-1.9058767477008303,-6.8269698287238025,-5.319372340538528,-7.532830996307067,-1.400694413868681,5.279371896584752,-4.571806865397332,-6.248428779807066,-6.4423418087557245,-7.241819602069322,-4.613820373498893,-5.569532551480992,-8.98911920052601,-7.71975706756406,-2.236141501635423,5.8535879226589,-1.7112112509080581,-6.677847729281469
-2.5239181725861872,-0.872969416494033,5.7168830608425365,-4.050933417198619,-1.3521161880311692,-4.1734066264469964,0.4395880091519268,-6.027233459947207,-2.9452492302259383,-8.153538582204826,-3.303638065782907,-8.32959397418138,-6.6309792312669025,-2.322764809182174,-4.125733962690479,-6.967311291744737,-6.346271509498073,-5.074163475781921,-5.0825199411658675,-7.691851875264129,-3.9992377342903866,-2.391967433712252
-1.8920064949502557,-7.7295964907516845,-5.20325751191811,-5.168128567463682,-5.119079921712293,5.5626516432148385,-5.091230266930421,-6.561671943848005,-4.764343799655002,-5.250685644788961,-5.829823218425787,-4.840480433912489,-5.35784235318393,-6.977090577036038,-4.177820537388847,-4.467599952508453,-0.7776964560140281,-4.905656827631073,-2.47086591051322,-3.9070045154864683,-5.901088949474334,-2.4019587503207847
0.7247464481752414,-2.109796602650331,-8.49324789766245,-6.567435509156213,-5.010512977933352,-7.472865696825398,-7.657131203800261,-4.713612813432307,-6.63616922453442,-5.661696008525289,-6.413864382654222,-5.12881931374576,-5.56420149745518,-10.32979467080902,-4.212945590956297,-9.490103663396628,-9.156112102795237,0.810856833399753,-6.840772132555894,3.692906750941693,-3.1683857454115993,-1.8424030954155195
-1.5795195866330012,-8.136781125326452,-5.669660717450834,-3.4561344165100385,-7.316993626299877,-5.969545466705454,-6.69383471998575,-5.750905436745432,-4.5487290975236565,-1.5399973134747857,-8.593192175807857,-3.5350075783130603,-5.835589248742736,5.3894296971906615,-6.680215007132095,-3.277942433901726,-7.410854921169462,-5.448161044235529,-4.820979373850258,-6.030716273510616,-5.2188682358467915,-1.538465627883285
-1.554913056640367,-10.056280828708301,0.7116295404221884,-5.009264884104066,-4.417779272420488,-8.949411600497001,-6.700215268122951,-5.180139015843182,-8.398794250223162,-6.537859711932633,-5.3823005334783725,-8.658866032942237,-4.846975603231107,-4.612977125463202,-6.2583337293245735,-3.8620140134449312,0.5038598967270119,-8.31716048541082,-6.3468293426929145,-3.073889366007964,-4.301075718077293,0.8296964280472829
-3.420221086563207,-2.686754314496729,-3.66712842424448,-4.104196080796912,-2.055252931489724,-4.329574697748443,3.3499866828275717,-2.9227470104995046,-5.716303092925135,-4.872359052280632,-4.085681252493029,-0.17651219182482608,-1.7791179791547214,-6.4978334817128705,-2.6617564787504646,-6.482994778889412,-8.629101921451284,-4.969048787507162,-3.5991117435934727,-8.214616874088124,-5.513585394614052,1.623778739833495
-5.2420512332927505,-5.199560348327683,-5.067393850878294,-2.720038841874769,-6.615382173070914,-3.857828482155299,-7.718038688572111,-10.50047720621596,-3.459405977622153,-8.424020017878696,-4.893714463404898,-7.685145950293323,-5.953865017844577,-5.872118408879514,-4.282585804146625,-4.337059730603052,2.7687639768980103,-5.558959797418425,-1.7705003711957288,-5.075266678776921,-0.3389539841850243,-6.210263663775457
-5.9548726827002225,-3.994948266533469,-5.140637811728122,0.16690904677487858,-5.418047689735214,1.2034279897854485,-7.13124028979906,-2.470312252585892,-4.5241410430237385,-8.320363713899741,-5.825523929406002,-4.83178708666015,-4.478426331215087,-5.410448973638956,2.7429117727533017,4.579575233483228,-6.055493967959271,-2.9609148340310503,2.393542018099711,1.0005498046427372,-8.110012028554957,-2.4914466106730875
-5.025515329279864,-4.199620539566023,-0.22542408491754876,-3.688908709303675,-7.140151036208037,-2.614478185031406,-5.473079435609607,-3.7929330799537473,-8.459968819687482,-2.3433990199888877,-2.627835177997502,-5.479264850312224,-0.5569852138783643,-3.148747105556334,-3.4432434109934356,-5.289988456995589,-4.960639649405235,-10.569004747632311,-4.668250919086091,-7.265189150273589,-4.590606673061496,-3.736146059334563
-2.871969309808814,-7.070770873772029,-5.7252200291915045,-6.561661294327725,-4.892375306323355,-3.885960743103809,-1.9274155651938798,-2.844326044705421,-3.879669108637642,-6.436689154999795,-7.388185404263323,-0.7882609577517121,-6.508999444318101,-6.5764714641711794,-4.0708798257081655,-7.385209783318051,-7.842011819648648,2.0818408158384103,-3.7138969703096985,-6.236656773743476,-7.292873687179587,-3.086524178647517
-2.5481160532946237,-4.831785193778557,2.674339291294464,2.4495417062704234,-5.740276973663896,-4.713858944381623,-6.019614305477768,-5.6290975332210476,-1.4929419041543173,1.516091355518987,-5.997908659955008,0.21200212007459615,-4.636154189666299,-3.4791578719229967,-4.780871558026377,-6.8549004088285574,-2.647992787168409,-2.962598179521893,-6.129584242433009,-4.287664412012863,-5.890814227240726,-7.881780217746618
-5.5746466108701025,-5.5830634271717,-5.81680066113177,-10.373283140192529,-4.037829354058844,-6.361596077663113,-6.620723292239139,-2.6466232249901096,-2.9523033391027425,-10.218955363084572,-3.9502231063147515,0.0031909430864142828,-5.213916513608655,-8.257381701129766,-3.8180014232328694,-11.789151948832478,-3.477240857126745,-6.906138370948095,-5.538941118522495,-4.3847207657763265,-3.5200348853788017,-8.929236644287371
-7.407658595994061,-5.428024612123793,-4.362917217221488,-4.2344947150790135,5.919646354716885,-3.240084485518394,-6.533951360558223,-3.182170505152121,-2.7222494485536375,-3.5360878676686056,-3.5292230589053406,-1.572429743476518,-3.712811620978293,-2.9397767491161915,-2.712082455482054,-7.151453185169358,-2.2794509195532946,-5.2209874214703955,-6.701553875527758,-5.940887067548942,-8.006431211049557,-2.6373490019088006
-10.465879535414647,-2.821351484733627,-3.5833011176574203,-4.6723547195897375,-10.713072030942966,-3.620209018458278,-4.87650645323277,0.7128065772362452,-7.380461940439831,-4.917283329317718,-4.727903929621376,-6.6188845243547405,-7.602757083593494,-5.192177942397638,-7.8631582356051055,-5.285054978023449,-5.314147476501687,0.08138552361298836,-4.699918693773927,-1.3514823627094714,-5.126723645687349,-4.1981749902378285
-4.195395474142452,-2.55186029959704,-4.045629077878118,-5.971657007253779,2.488321023288397,-5.369974550053575,-0.02929088285719565,-4.403603739873055,-8.037574376724955,-5.8246037516770395,-3.452333348864093,-2.5739040953601875,-7.094413773640275,-9.95181279436959,-4.589376972750395,-3.5241976274355284,-6.104153769449537,-8.21599094049205,-9.342130752816255,-4.735134956157996,-3.889572980703332,-1.9001613112795825
-4.803586026166636,-3.860147803700153,-5.79033779984769,0.6846686046359839,-5.092381315405191,-6.2022920985140395,-4.397212613181733,-3.9438459965446335,-4.473879725133549,-3.8771226661181952,-6.057046818172536,-5.8747250872318215,-3.704742713469985,-5.086414273286157,-6.430888063502272,-4.293057781232773,-6.0877576515691745,-5.931055991633301,-8.466324274033706,-2.2068011855866794,-5.484043794348449,-6.7707336742640605
-6.279784635011891,-8.171732583199264,-2.49196979190776,-4.632152664190126,-8.112097480048764,-5.767310602528547,-6.078465707007983,-4.3451392081376525,-9.74086560867034,-8.314165402246433,-6.8354400492081115,-8.847997672438689,-4.596438415676025,-0.9265846759640116,-8.105053984740662,-3.642442314330673,2.788815081338246,-6.016826088581833,-6.8626621366137615,-3.9935379510358895,-5.719760019833493,-6.649053414717251
-0.5689820896930987,-5.54556017347609,-5.653746609464353,-7.978403783872765,-5.630280053697598,-7.932077309764248,-2.724312149927439,-7.64989221710739,-5.504687379457017,-6.057756070679847,-4.369760134721315,-4.874033992320951,-6.1526761807248,-4.149074891413725,-3.36573874602893,1.9983536738014303,-3.080317012449492,-3.7210387582307534,-6.608769188040247,-6.280290124856274,-8.640277690642671,-6.389657506207269
-6.935327276408354,-5.436370291653407,-3.7885538938961005,-6.189593551927991,-7.681067649835839,-2.815346808141404,-5.3895942094266145,-5.28970744852286,-3.9088837693009646,-3.2292259333387903,-2.4749658733803006,-6.842920853616205,-5.560027464251163,-0.85399867512818,-5.936265597654152,-4.882262667136644,-3.435840679148019,-4.534531320352818,-5.569653293411069,-6.8687638763465575,-3.726219355612063,-7.225536458475917
1.978454630590467,-4.807615890120133,-3.987873728336347,-1.0382480891103214,-1.5099477150752303,-6.671774401708636,-8.780589134586046,-10.080857366339552,-3.912027320094039,-5.042635331863542,-4.619923064108921,-4.078299120324274,-6.62116539991728,-6.159583639063358,-8.128547196480119,-3.174165826742189,-5.321499940904332,-1.9814216427131843,-2.6832546462478697,-6.594176298878522,-3.5075717834664304,-6.620990298563554
-3.7944682032430825,-0.9468718262629059,-6.617446453591259,-2.2608995085088517,0.7155906823964175,-2.852248833469049,-2.477545039799282,-4.539717527923571,-3.2345344083012955,-4.393638017383182,-5.586169325660723,-5.732364705545053,-4.44897186206817,-3.9604256181067043,-1.3029275881179574,-4.619046709644172,-5.155993077247926,-8.711831312077722,-4.064521064002685,-6.589895357665228,-5.2854591545803915,-5.014594990156803
