script/wind100m.json
{"header": {"parameterCategory": 2, "parameterNumber": 3, "lo1": 3.000054539987559, "la1": 64.9999836372058, "dx": 0.5, "dy": 0.25, "nx": 34, "ny": 52, "refTime": "2025-11-22T09:00:00.000Z"}, "data":
[rows 25 to 49 of 52, columns 0 to 33 of 34]
6.48995787075652,8.02362816453438,9.480262525993338,8.765908075941926,8.683237065881027,9.353966242775266,6.380062596944499,5.5453459312046185,5.469798985285295,5.087698029929147,5.611373484305872,4.112467887642037,4.567437072448809,7.489207307217734,8.917703973282489,8.348032422145991,8.257268318013244,6.410366873915626,6.059948725491987,7.352383800087256,11.465895459172877,9.897119481219436,6.957590234367495,7.420227434281633,8.025378630049065,6.046707099122217,6.700323615844991,5.6320373405953505,4.973474186275949,3.9557942881302655,4.829000639370869,3.9791896438913046,4.204718521516731,4.482202607317433
5.382559061063526,10.792559053330482,10.232775904057615,9.465661903207577,9.035288356176935,8.367051890183928,6.240418196221592,4.356810298257688,4.869894135131978,6.307797234909908,5.340764637180498,5.519970378615696,5.9737882387909655,8.863609198340615,8.947573229321462,8.071695247609577,7.2937551192939685,6.898037809987933,6.2327552299319615,9.738154060659207,9.180539119442837,8.893137442692794,7.382793327784375,7.647493533800367,8.322374708845068,6.703048692599275,6.914276258233392,5.383486261021069,5.8440757735504425,5.89529891234511,4.731645504518934,3.883474703792827,3.5455882630102913,4.401636017659538
9.304881067313044,10.309368631935309,10.454070359360166,9.782889832217023,9.405202878292018,8.694486664980507,8.0002775202863,6.684558748847178,4.940178446492103,5.018544513299068,5.307682233005583,6.5187634080525925,8.151252036949506,8.40063566714164,8.242542897004773,7.7786845909782345,10.756759287166672,7.936091539984862,6.662510771204716,7.005251885270801,8.894622782118724,8.180268419216926,6.934809334900358,11.042953101377194,6.047469586391603,5.817380610388832,5.577361380417663,5.161843057414037,5.509676511199399,5.892280210026913,3.963912809878101,3.1582307431014778,2.9016470692757785,4.379951386240043
9.491018943138302,10.153749410518087,10.14614669022218,10.332324380248624,9.74096025645367,8.943082032549194,7.892947404748036,7.732948153568518,7.493637024480401,6.674112984131206,7.377796515893544,7.149103078350858,6.657409597573902,7.4394170293707145,7.361388303619188,9.897980869342568,9.51475030556339,9.510762444929014,6.552449256142323,7.565223226627702,7.452236682863246,8.255011429321799,6.828312117823497,6.687761050219251,6.5716311741097995,5.0780274875015845,5.78747230439453,4.703953051425539,5.635960047007868,5.344068857588834,4.072425658155442,2.9390086056195357,4.7218098158179265,5.635793504662166
10.65447484288579,10.669253238336875,10.202921541752094,9.876456549559546,9.285403412535397,8.962213820301855,8.305985192225533,7.389461550058415,7.467623941756439,7.355429874634406,6.836320588520577,6.402178168937059,5.835072232476404,5.584546719432148,11.054598575784361,9.011123885932465,9.70871289512233,9.870222192189692,7.558867385960142,7.2831872550725265,7.56209953827585,6.715736107832352,6.8676437983465926,6.8306202395732,7.725421430559951,5.256249549671865,4.515501265946561,4.614626880577642,5.24727501520566,5.635046359375995,4.651314908737564,3.1267813519360113,5.158302515648347,4.107060567531435
11.358793051037432,10.668536109455971,9.954021990768016,9.641176404753836,9.136495328787362,8.89319472401149,8.424006962021995,7.763474361320799,7.042848189866299,6.307023964772282,6.083932327305167,5.841119140811067,5.309484933380814,11.506496180851729,9.602929430146993,8.384901083339074,8.269736827024007,8.559096458291814,7.347607942332437,6.881026032073518,6.177360135874466,7.106757358468669,6.659480427349077,6.4212285393794115,6.259070151123425,4.473545121079536,5.008624243339141,5.22859000281812,7.352469808060262,5.4299063391584586,4.713674527980189,3.4692757318178726,4.148224650194983,2.9343291209024867
11.673806473860955,10.343471331102261,10.095277365906005,9.13406932251972,8.301536997036013,8.736680003485079,8.277079515354062,7.888191785701514,7.333418581868468,6.620779323159378,6.678703020815797,8.0421431653219,9.448821134528675,9.740831136838041,8.87159487996406,7.621574523081872,7.984105699116253,10.119941784991202,9.453913523282683,6.8643366856390395,7.937887261619456,6.139484070265958,5.836324421626053,6.0285905098114405,6.240465117693676,4.4312055683748754,4.855931735826895,5.836663360630801,4.560776126142067,4.984459268740088,3.9389576420287766,2.9266913256367126,2.763269330110503,1.9680093155552294
11.670429648903545,10.795488296031271,9.86639719997573,8.86386373781239,8.21167666290807,8.57792645201328,8.605647098219311,7.961475285703763,7.634859943295553,7.383312044575692,7.373367799602544,5.662704138946219,9.113687984042876,9.352628850277865,7.6119409152578115,8.951699592945204,10.118888611549162,10.673697031546611,9.45835954339704,7.1407846926691585,5.406507690855848,6.063174690891604,6.237451231843223,5.0583010886232715,5.298843470353331,5.017858532502362,4.686847734752596,5.037682189848137,4.772127611537628,4.281488553693331,3.5481171906495255,2.3080239428828992,1.458455712844616,1.15850179056237
12.202608941665364,10.781265575015764,9.135510661450038,8.369706474458454,7.724784783487777,8.706003209611163,8.854263931037746,8.215676005521258,7.9528230851884825,7.539071091825453,7.820230574696476,6.575624562726081,9.506027658193911,8.680621592023488,7.923161431040498,9.65372452495449,10.541379125039654,9.831109976634835,9.322965919952114,7.77115860620743,7.890923992475858,6.583469196639097,5.399617869226753,5.791880165034035,5.6885827416148835,4.725634289469854,4.17277175530299,5.365538744613148,5.049921189919311,4.490673578506901,3.229903751411953,1.8457111673224154,1.3950994365288694,1.7425058161165483
12.076547435742246,10.880396916055465,9.506217955293028,8.443594977456007,7.509229643618143,8.759800409138027,9.012108292062619,8.047338923089935,7.830217711723636,7.7779098533441156,8.12788719934548,5.5935598594930465,8.880236992806628,8.81292175337162,8.087709025295004,8.788749449767518,9.329087678621873,9.735628892832908,9.664855034127045,9.962639601036544,7.40677993648965,5.490229871450716,7.419823072933635,6.318132598218098,5.7475605933925715,4.599658854392193,4.275130358324937,4.197616703395229,5.155195809618223,3.876558630050409,2.512897175691306,1.6745392925832536,1.6558537644403062,1.480731624954455
12.08087206887992,10.489650079885076,9.69741006459071,8.899176885458598,9.090029956442661,9.141635644638908,8.821646517800714,8.06149460174156,7.530207340424115,7.803552610639813,8.124003804038407,6.221019804584291,9.208769732137016,8.505879905612982,8.117937416831435,9.476455173985403,10.584784249108758,9.616449278494128,10.22392805583506,8.419808040819342,6.991259180101684,6.341362498983501,6.8490736522666715,5.712495795503474,4.913042198053125,3.8134399757682242,4.487835840491691,3.5897978906171315,4.3237154719247535,3.144434982442706,2.1003017731487676,1.844757476450046,1.5960124693863553,0.8661310022281644
11.669087723974599,10.696969200038602,10.073975208636105,9.772446638396355,9.520429803419944,8.996916547950018,8.473249640647285,7.862040932319365,7.55666302957267,7.76425160519218,7.957164887947498,5.9629074855659425,8.384722326221338,8.040893692989842,8.372937384425759,11.037932015396185,10.563191373511664,9.245291290963001,6.636329608402637,6.349153147269119,6.908958516566681,7.034720629006994,4.839957248290798,4.65551274020778,5.696231539712227,5.563694119796125,4.835061661294435,4.824696184731402,3.943379015417747,3.063429307976381,2.3103616925037342,1.6847978559284589,1.0033307516183871,0.39493374669331766
11.209412135270838,10.684356072554467,10.479462422174953,10.159834896500167,9.661482154135262,9.177329689961995,8.482365796914486,7.739947557332448,7.136172561280391,7.694229703116059,7.517021662502685,6.496399478068984,7.9508893845880575,6.9182676159022325,7.972371758123864,11.367168998888168,9.912315940240045,9.447633423056882,7.043407288252625,6.542090981595655,7.4361271537896565,5.951944375203814,4.814285951737008,5.025206464126214,5.422793389965095,5.122409263038902,4.980235543828343,3.848186476066422,3.2684648382697747,2.3652871876940074,1.5383380308846564,1.1568652195483602,1.2556506082775711,-0.5373313544210494
11.301798795131164,11.161052704188757,10.642269771061232,10.267256945644823,9.43118113127913,9.03238905636518,8.06223657921689,7.691820733895026,6.704971307196707,7.4752272859522595,6.915146929516926,6.072814306856166,8.04588416993126,8.19736204683427,9.08794904216313,9.4627196026963,9.328572487224717,7.239559372395338,7.0136237973385755,7.760856442706187,6.825101571851767,5.412575527149288,4.013637536271233,4.797453905227941,6.743450085340639,6.813070286718543,5.122920711538922,3.61302332034763,2.7301820646400787,2.6624617030998357,1.6836185674206585,0.974978654967761,0.4106592077346311,-1.1468741249436998
11.574181767277242,11.497411887482944,10.713847330224036,9.962921775953067,9.376462088060808,8.996366182449094,8.016011282333817,7.252813100739189,6.626434425018021,7.873206462669497,6.971269643672455,7.519517025124113,7.894485998015185,9.062085626325324,9.291872027507601,7.478559452328399,9.084665460809152,5.810661889400679,6.767567929697904,7.217501772314566,7.080086119048657,5.488757292502104,6.790822480454789,6.82121931533109,6.7087850346436095,6.752021791509875,4.30111131937503,3.0292323559876837,2.9634438996166232,1.867681945780777,1.7776261637692683,0.9578083225858185,-0.3444877028395347,-1.79053547459749
12.213389302037035,11.834612049140876,10.881027208784113,10.17688616130498,9.384390776998533,8.680203801460953,7.995213718028705,7.760658893825393,8.30926974590129,7.98969211346824,7.386210617314482,7.096150380961827,7.442250225427473,9.64332046378678,8.591410272296569,8.815297802813694,9.110887228241404,7.16675884940299,6.70698889967794,6.690243972184613,7.666003571422398,7.648150842837949,6.698812691070039,7.444709852310062,6.4979039242550805,5.815983286702777,4.184977253116399,3.220660071134944,3.751036872586889,1.781883018560101,4.798241120374901,3.626753356447177,-1.3200603710446532,-2.550012832932414
12.555210932292825,11.642941760628815,11.091195737007894,10.253270297230374,9.280502170640796,8.68165448076619,8.734006008042046,8.247778592657243,8.088257281861434,7.5504823660234,7.531188818098335,7.771925121413472,8.079228250443796,9.085865542026632,8.666571699511746,8.89611904304037,5.512358029602281,6.572479843256243,6.716276175568595,8.543601294211426,7.186298435017414,6.871748881520935,5.826318905208941,7.7205215604922675,7.2477499666455305,5.978693427996869,4.596406377961474,2.2509361823696836,7.485845828124099,5.152157758041999,4.759036841032743,1.4725010745231126,-0.5518339744962192,-2.8338317620556612
12.216651909411208,11.299749462278962,10.695236973100682,10.498296215196914,9.271333491854232,8.563623895876358,8.755876758994606,8.273280062656369,7.8132046558338155,10.078753727797753,9.397156009321627,9.084095951050635,8.441980508535147,8.544755957765778,9.260324196259237,8.27928182846883,6.622016413509,8.377432255568232,8.887501513327807,7.511676128096511,7.530616128101807,4.982297644083899,6.745094606699893,7.473849547147165,7.360757644579816,5.587307342211938,4.244293415201753,8.257513071162514,5.2652859670600245,5.420235065582366,3.565995343149332,-0.17118242764170374,-1.3264050446938964,-1.1919769218549525
11.515720799282331,10.479859200977247,9.779433243268258,10.031631427694617,9.238062082990725,8.427220001740398,8.039704676281888,8.09573773086065,11.097656811683406,10.950065792327399,10.544899279120425,9.049975494189937,7.7083669714528575,6.798265849369774,7.298805854680468,6.08201567338941,6.390650721194028,7.762024785108016,7.114639914695892,5.4346141161515025,5.487531525089964,6.604330982431787,7.1902212640848555,7.5008716759209015,7.28661735522922,5.936315013514431,4.4469401552056285,5.561289924187789,3.815356889542928,2.724419609292557,1.5965867535656297,-0.4808669193336076,0.9121162323745531,1.486805770012489
11.182445316369554,10.288442331717395,9.045161508996888,9.08121753555242,8.958887383216412,8.212280459768772,7.971692791671286,12.099813801799163,11.908661717428766,11.609912228271835,10.052121180170184,9.797484643930458,7.82538770100878,7.155483549389612,6.755252370923842,6.694700256394076,7.765937372326667,7.628067429208963,5.702319271076715,4.937873448877134,4.902643680610701,5.589931986539264,5.574199966733047,6.097987398124861,4.439650918685362,5.529666436146659,3.2831199644343587,2.155254703553594,1.3800639247011646,1.0798215649782712,1.1188516035392948,0.26451609797291675,0.8184196405314929,0.5629982639478701
11.497871560184082,9.807839680965367,8.625579619372612,8.671269325525154,8.287377152530349,7.671912200576122,12.561369172494098,12.549984921096824,11.221646827610293,9.468399008513774,9.281638367956003,9.20068152971866,7.549688309835944,7.104994286766223,5.983314194189577,6.823465072727269,6.855884297698732,6.255464294570247,6.51963469617588,4.8831834710330835,5.8098027642572525,4.8545924206844475,4.93004556498217,5.962938775051127,3.7518988290426663,3.6079380006555297,2.7711771360894226,1.111558166245844,0.7882331636253337,0.17787137246255894,0.07135580528697866,-0.19999037777562417,-0.24245440076926458,-1.6096812959147766
11.393047919774546,9.219287578515507,8.868192108017503,8.051344533762991,7.722268257341826,10.719610141374812,11.823618935877525,11.022862108708445,10.762520409036288,7.637249775891463,7.530121543850533,7.200139284497457,6.202157374716334,6.942559232661742,4.148590027595404,5.659344429960444,5.948129866212149,4.982141030462644,5.6184236926721045,4.408611225001484,4.791434397633587,5.331844747525104,5.461528104816067,5.239398282882461,3.478577469032881,2.594803896633581,1.2040024363191837,0.4287476053880237,0.2100833361390833,-2.854854990477573,-1.451960245585322,-2.260480850743024,-1.968740822123921,-2.1216542889303716
10.325763664095732,8.629209349302938,8.859493694164476,8.249501952560172,7.079319528415334,10.592395663687574,9.989765512350544,9.186338074270873,8.535583593309807,7.768254543851708,6.7359066252979325,6.963964421682399,6.5367791475310675,6.559266872752565,5.346586628070174,6.110017124508767,4.354151878704064,5.312528914504,4.275497983986712,4.922871299930246,4.230070940821674,3.980636471370769,4.4479669702287925,3.8493583987439406,2.76965937629126,1.5642471772785393,0.07760300412191629,-0.2778526053113702,0.03877595694750058,-2.416273618501949,-2.5012819382199782,-2.597410426247761,-2.3684694721701782,-1.8285560797933158
9.31617258053677,8.983101326009772,8.707533861372363,7.977779693109106,13.100310541153476,9.497870547523947,8.871730583057762,8.326201476799822,8.110302613586525,8.561884510584557,7.33867748681621,6.690582760645611,5.988407926973909,6.76896459901495,4.445155815062829,5.096894676709887,4.0500005588156505,4.686342582647102,4.497870230525313,3.6307841190310137,3.4812853329695335,3.345198598539534,3.515856902388336,3.129154461874134,2.6391800067197897,0.779971314546591,0.3213699848106767,0.11259652258556663,0.15829216113980651,-1.9650900726552294,-3.100521202224284,-1.1498808958394466,-1.8941845523008085,-2.721646365410467
9.250961459499207,8.714452329953527,8.010339281297597,13.727856247688447,9.87849585991829,11.873832528832919,8.373946555529258,7.898456920872254,7.776104867699521,6.733222546739303,6.463878994247858,6.668374064265839,8.154136575567653,4.959365721833873,5.9821028433774694,5.534304699340413,4.711893915193467,5.517174352938998,5.561031579934368,3.6686809704322867,3.2357928197081507,3.0963185045217156,2.4530487192313193,3.0302729055624913,2.3816309751963147,1.5495424579476413,0.6745774781852846,-0.16199669985040413,0.2888080209804779,-2.667636246321548,-4.692236249811427,-2.939654243324572,-1.451721262699939,-2.3948157663407765
