script/wind150m.json
{"header": {"parameterCategory": 2, "parameterNumber": 2, "lo1": 6.000198445256149, "la1": 58.999992894266676, "dx": 0.5, "dy": 0.25, "nx": 22, "ny": 24, "refTime": "2024-02-15T22:00:00.000Z"}, "data":
[rows 0 to 23 of 24, columns 0 to 21 of 22]
1.3365710904729302,4.397623478103653,3.904970558663834,1.191634281714447,2.6495895493313846,4.645064297017201,2.3039046710914595,4.149475997213519,2.570828798335879,5.640429711408402,-5.430493487021399,-3.555333313326627,-11.923665332524218,-5.170635188270794,-5.57839893911649,-4.7130436194574825,-6.8112744083446195,-16.804044585301867,-4.633229028706522,-8.975504256177155,4.062070324851083,6.358545329834107
2.531052960281054,6.243370954367226,-15.090190898978772,1.2033204114565619,-0.40429221308359725,1.4774421009274779,3.3032335633205205,2.489302710799609,2.2424848011162974,3.55317215672096,4.874196287338986,3.1393257196866373,2.2682202563652023,2.2552338611216562,5.942607629868385,-0.3166733556691195,5.825430767191619,-9.658671411691948,2.5445288074184833,-0.47349618604851407,3.3587576346549923,-2.7066410097279006
-10.232037976903094,2.0814757074507013,3.715820113042164,-4.176546431465475,3.4008337668295527,1.6999484414849984,-5.8475057970563356,-1.2817230214791353,-3.579420900915009,4.822325235785455,2.9038954988956425,-0.16405974430286424,-4.626998967484272,2.967040075346842,-1.1390848653354573,-6.534910390684515,3.828601959448994,3.531644736549059,-8.38492826601376,-8.656166255700816,4.456419311932024,-3.2307703760789606
3.336827256527863,2.7737889940944997,5.020571484219712,-9.13600992831691,2.500477134860598,1.8746645365851407,4.802321999605457,3.8135815370425923,0.5664440227360504,3.5095036918999343,1.6908687643339189,1.459109160175926,2.0163024083596035,2.064112257192678,3.253865839863262,-0.2273883890044584,2.8139781755959907,2.4699256546043578,1.7958979553504328,3.9390261588281694,-6.699275709375725,3.9142355697231688
0.8587454604666231,3.5781291298012485,-6.88284550710177,-0.2767054894998359,2.0358353570557575,4.816801941788219,-7.688368529950517,-4.160872408377523,6.020849167856688,6.414608965559163,3.895665374446368,-9.146250156924967,0.15639517645954312,2.4200580535176783,-8.002456139154948,3.5962437647747474,5.213825243561438,7.600336778789726,4.797824558436605,-1.7370062537072142,-1.4042441043470737,4.447733096555707
3.7683571221140495,4.5228756679641995,2.385687876439572,2.9084113679829806,6.8771225744667746,2.7178992891744835,-2.9681353756790108,1.5253483003101054,-4.903225649241491,4.340237582450882,0.5839154121287007,1.9338141245949116,3.9439609543311187,6.745797458001795,-4.004493500750939,3.6395768622033526,5.703982481780682,0.31093791407431043,3.3183334869057117,1.7638118524263608,2.5454456678188664,4.837990421424555
3.4025577591267253,5.538018363903302,2.1421177100191695,1.056637620385256,3.8568435676719712,4.163634905042774,3.37925013366418,1.8744108347270305,6.026648796710974,-6.43071880856366,2.6158245905563997,-5.087399618711665,6.90276805033253,1.8592898604311494,4.335735908600456,6.1469059578956475,-5.852124032864352,6.9358748238768255,2.6549636323615617,6.888546157486695,3.912919473025178,3.4570262836797276
3.821656973187332,2.1089438406661194,4.909730179151808,2.847782723955797,4.5139659136311865,-7.279438395811702,0.5513007197250648,-8.973095375175717,4.536200472096474,-6.344014550487174,4.470444755656124,1.900522173100878,1.0520543953490298,-8.724007078983647,6.17911670066358,4.233622680740914,5.308783609086007,3.8728935256482235,2.6589158709407013,0.2124616197394126,-0.6666940562929613,-6.570042788592094
0.08238532288966682,2.3395518870678336,-8.520373577560484,2.9693353290665403,4.52519535229706,0.266503136716809,-11.96682148976627,-9.966088630666679,1.9700100535881178,-1.8143226494270193,3.297654985554665,-5.259727542591331,4.0620800958602965,2.060283677033356,-4.979317257601996,5.899866900151976,4.5347832752544255,-5.0617521819695535,7.035569853536164,4.299676732656122,0.034286449478169466,5.188581349824889
-6.773051923609186,1.6009518119757324,1.51416373871688,2.97670492428437,0.029128965681249896,-9.388490903184907,-0.7574999638240333,2.7356495196265667,5.347047705092754,1.9397969534199713,0.30743238583727256,3.3858579964653255,-4.708831892824759,3.0836488772715356,-0.6939728154801256,3.7266188067098818,4.770879998165732,1.1492002624123965,5.187954454050089,-6.433274265689578,2.2554312267710217,2.7282302728682457
2.4601220111951743,5.0623741394889255,3.575918019073051,-16.594187420839607,-6.121909874822377,4.817362686298261,2.2129283089237184,3.8065513062405314,6.592758050917489,1.5766972698957598,2.4005263535022117,5.725475753645948,-2.2039204471971554,0.23270763145570933,-3.197573714938436,5.041782015343075,1.8316571709499687,5.2751507969979246,4.580563688893468,-7.631181317313931,-5.643891088843997,4.796814907092261
1.527405503280332,5.38685442091461,1.9924401528016975,-4.007874336660536,2.5110640157682815,3.8086339034181482,0.006508492925928528,5.013518387806151,2.4425286555669,-7.982315134023604,-2.90243772122472,-7.029995495088074,4.488596963010374,2.338241187194192,-6.139695766157575,-5.733671172069112,3.274918665806656,3.70246629699744,6.229637855424168,5.041632748172477,6.598698795096742,-0.6307386680932837
5.2518376538134275,1.4147510824807377,0.05614246866494739,5.357447305882713,5.455932507169976,-8.692533783378913,-9.26669796902186,2.6321455953910884,-8.9025924088778,2.5394390367223507,2.33688788925446,4.920922799006204,5.537799789450926,2.3848606590122023,2.8679605875662975,3.742328610166204,-6.595238335081072,0.06374925019415921,3.542173190598942,3.37797658709145,2.4676431612893346,-6.088049693414542
3.7313598453778467,-9.282063768332344,-15.568573505098287,5.085508413456382,-4.467607097455577,1.1331366773348264,-1.2601273540986213,1.599765899802841,2.933932068630951,6.466196433813512,-3.941664941705638,3.724455253720681,0.9339707273824063,3.9246350565380648,5.313759576457448,1.3747584413563578,-10.433320412284294,-6.12871859142461,4.403805073106936,-7.4482474297250745,-1.4641975447398874,5.788102440899712
5.035160323539389,-6.609419133283021,-1.8157761080004622,7.3316937718967585,-9.90209553580269,0.10789483691627395,3.1934305544369814,3.3075021061668126,2.0249412949162977,7.175531431649319,-9.69421740184626,-16.212170646650566,5.834295427796956,4.223644369732187,-4.0594721346724,0.7133036585803517,-4.758650605156164,1.5965315957500632,-5.355689097180321,-11.629543136710186,7.228249203329954,1.4474407806041558
1.6054273862416886,-2.3158647539401067,0.8209614375665627,6.555857698055619,5.092062817557242,5.152882843314964,-5.846918059328425,1.4689435457266418,-4.648194415440845,0.3550361811033965,-0.6876684657711132,4.877018421603189,-4.992900354522608,-5.131161068156964,3.182414400735178,1.43575317702166,1.8427201427711053,4.345435078952056,3.1370465231639595,-5.087494427309486,3.934069574267969,0.17876159305203998
-1.1947270873523836,2.5083344863714423,0.7896580970253996,-11.934100416672921,-2.259723155340692,1.0951153611892652,4.962728251598552,3.1566528657442463,2.305467766617497,5.1080362402735995,-5.754347074762563,4.678013016766582,1.728078358401953,1.3326883372775984,2.8946654150732707,-4.978673785663629,2.421141388109674,4.583910510423493,1.4322586105296147,8.493727409268097,-5.980700269634848,0.7267106220576883
-1.9385873183309068,5.219661532946185,5.547404397460079,3.1725072613974143,5.097567202841304,4.322710621801772,4.470787182780753,5.140439139453097,-7.0688472455881906,5.5339698351969195,5.673493902465828,1.8090572609001734,4.130165874150362,-1.2976079026657046,1.2724153582002347,-3.5531518160230715,2.5508760416941034,-6.519160958687154,3.5301304518589234,0.4036726536749302,0.7092412017798927,10.078318183099189
2.2702073254055297,0.31357012182379,0.9424219972390643,4.256452098741061,1.5412555057033062,2.9079240711384773,6.129874707062119,3.0614560221059675,-8.556538584308466,3.3434187049630544,3.943744291114917,2.337018439279843,-3.653358427659257,6.5442189107370385,3.4924717286595675,-6.58976955777938,6.826213337113318,3.755356404412432,-7.207644021243424,5.154200926439409,0.48715217776936426,4.341301756890692
-0.19220954481217345,3.413509226692988,3.906087589561111,0.7886065300725253,5.0599964745471215,3.8006193104402293,4.781594986367245,3.9662460728563382,4.656186761224752,1.4858371526288674,2.82062344479892,3.156190891366459,-9.195767519781471,5.095195683056667,-3.868065008155373,-4.274224183702395,5.372573771617372,-0.6922281636289356,0.9946904453949466,0.6431583408262789,1.5923166940301137,4.425121451990404
5.353738710213931,-7.579163650513637,-0.12175158394573546,1.9937244064637925,-4.923540106905737,-0.9568652454548969,-6.040505295842713,4.122590478726578,-2.41289194934922,2.711104979802388,-4.66268069790969,-9.26349644213089,1.9853026108447047,2.736217277884795,5.003360798943852,-8.47165585345023,-9.373044519622718,4.965734097081786,1.562225830926041,-3.192741028589511,0.4979374643176455,1.5530076227254503
-6.351375787110151,4.346071450583323,3.84508349364418,-4.9680618080898045,6.093154542834061,-1.0758914685385979,1.8875695752977852,5.159665173774973,4.069560900502452,-17.56122548214719,4.908264771723237,4.102800920879284,-3.216940763605753,3.9989126744055294,-8.833699081938114,3.7769503678840923,5.913306195694734,-13.37028790484359,-1.6435094565694848,4.019977353640842,7.643640127262061,1.8554537550037313
5.141418250686549,-6.247151202626472,-11.359862113243482,5.106882518423165,-4.583627790865333,-0.25740719122557604,-4.211033429138179,-5.156931588462558,4.742628938061642,-3.046733275886467,-1.202231904164707,3.4041706717329827,4.982943336173662,-2.598672039747814,7.497591482567864,1.1860111417703776,-1.4935925304336877,4.903841551388458,1.3618085683097916,6.991263633081606,-10.063024699867514,2.6081099220174147
1.1046437656515802,5.16809775162977,0.144020993577288,2.5328108522631245,-8.278194455094338,-8.649370212587293,5.222813836570868,2.567854458573919,0.8363704292760671,5.368541660885025,4.49771960618897,-4.8457166373356735,-3.0378725292657784,-10.161356695776151,5.391959896139656,1.726766834363381,4.851257581847973,-1.4035318192512578,-0.597198229151658,2.0370419059207965,1.838613234288939,7.272806838309744
