script/wind100m.json
{"header": {"parameterCategory": 2, "parameterNumber": 3, "lo1": 3.000054539987559, "la1": 64.9999836372058, "dx": 0.5, "dy": 0.25, "nx": 34, "ny": 52, "refTime": "2026-01-19T00:00:00.000Z"}, "data":
[rows 0 to 25 of 52, columns 0 to 33 of 34]
3.94638028330552,3.8952658222697476,3.804665563128193,3.0958386218124114,2.9588252283272967,3.5431407446131185,2.938028859788865,2.6687186126234965,2.6699985397929167,2.797400736083548,2.7139442097297266,2.8708825815825216,3.1757977301275613,3.9931268365412858,3.949462450370016,3.2662566093726153,2.6633799144729147,3.4620852624470917,6.547489910113187,12.753593234643697,4.562111092588387,-0.5405777290861538,1.6099819372591928,7.016567391764254,2.9402883035204233,-2.486904227675445,2.3733799898762302,4.297729829823178,2.2134190032270644,1.8499936781608532,0.44979042662213164,-0.07006113024928225,-0.7745894272103204,-1.0392959812640035
4.876980653549687,4.6036784457718465,4.602539441596184,4.174824030196233,3.6680242378466743,3.2892655792214627,3.0777125340060048,2.776263582260116,2.534823276179036,2.597047733504601,2.4319959961156967,2.445325411665522,2.374694777779606,3.0989130672335743,3.3928597212804266,3.4462472149653784,2.7889001354558323,3.0804012004746166,12.164346536629472,1.60718757891843,4.525477100952007,2.471076117892658,0.6626462076381767,4.45099219567196,-0.48064103007249154,1.0338655848093028,0.25976273665341243,0.9719938287938258,5.004471065374352,3.16758145607495,3.019246222064096,0.9548730491238145,-0.7850085077170359,0.25607529814432295
5.604809634492965,5.666284616837294,4.7208500439350205,4.616388961858999,4.014075036025695,3.1218790935029617,2.772929487732464,2.521594445710577,2.2518618948995397,2.085963883267135,2.0432588145346386,1.3331238107223509,1.4511056745290583,1.4783725272719412,1.1553152213367217,3.2668778105956395,7.43720529819082,4.762333008380786,-6.592193530546798,1.058248274500178,-1.4296506243988938,1.678741763393132,3.0098590271562897,4.4637743390151305,4.0088043094456385,1.5962505123431805,2.623868709688524,2.792450339543646,4.090417397308363,5.799337321800692,5.507875462496086,3.523288480396367,0.8610479601990153,0.881866121048828
5.921674203703824,5.0720874891369565,4.829967642540951,4.202904347899127,3.40994948776186,2.770494285100312,2.5661624257600204,2.3929392222143853,1.812116944568827,1.6368772385204353,1.8156572274600726,1.9686471788569042,1.99648010622653,0.5113600540910217,2.8159788742659217,9.489789376661909,1.8240290242393122,6.313181294325806,6.266939738684015,2.098552074903598,11.586287108485337,5.726985759648038,6.390190960232167,0.5294012203682522,1.339432471933459,2.808973980211758,3.9018400863320495,2.9161760147814935,4.165021605529456,3.6595224133931743,2.8072474813534405,3.879944076010982,2.102176306730182,1.538767220782671
6.263429723145377,5.152134279062371,4.340722406846277,3.508142101689977,2.4328672571341996,2.5282822839698484,2.1249392947945713,1.59182983376089,1.10343742403862,1.3532864403735865,1.6608242731569494,2.195198471429882,2.578119043165035,2.9966193448059713,5.920685453653915,11.70432566739175,3.9601551822695886,0.126920543476466,0.4209057589604025,4.628946774524418,11.061614785274145,6.868383142441673,1.8127248893642123,2.5608370909111304,1.7467511083358669,2.8902751317634956,4.432498581319915,3.82481719265825,4.339941707759755,3.6435910006560484,4.381313893427996,5.359667357529371,2.3571565702937782,1.9421798386592062
6.1694970540646406,5.315360408483541,3.9962289584868818,2.965203918705033,2.043345052349474,1.762070514288821,1.1251384148783847,0.8748534603845765,0.2357429423903015,0.26308002851181905,0.841860757941796,1.7311342817423117,3.4458373616483136,7.938700574646137,0.9563430991685038,0.8001889143961115,-3.5417485450052246,-0.3277474639471997,8.439676973950675,8.180722806287,3.0676405001926654,1.8190616619245683,2.8484729104051496,0.38750460810536846,1.4458375877161618,1.2168210145640372,2.7759366880254417,2.989850936615409,2.3844689277469944,3.9143195508003297,4.233774302116233,3.2580902398019433,2.478115822524149,1.6887227691580764
7.383022164702124,5.280543850384859,4.397837243819319,3.292087856101625,2.2179024364548683,1.205701817751596,0.45465978895926096,0.5337859509041774,-0.09107946905984247,0.2723366725437675,2.2049821231724556,3.3648676378295836,2.200479174790967,6.026521639583744,1.7046913603825975,-1.575114637612763,2.5533527676779864,10.608414617157992,7.097206392978922,5.883838312070453,1.2132847062762546,-0.4417690244337708,3.535068666708146,4.361615144072581,5.706273065142358,3.454463179270171,3.088689004026827,2.9568464439172244,2.889175358088119,3.1608458910267907,2.8136804123184365,2.6482832195760935,3.095804541175208,1.008096508921583
7.958276905165858,5.820855919040594,4.190539842375881,2.6209038134855622,1.653339679293632,0.6753015352552764,0.02973006871195739,-0.2856703728125972,-0.0990404857700256,1.806493717279596,-0.010362678713389487,4.153512910524706,0.3180668041122981,2.0150298430808347,6.518418986076198,6.752961652893866,4.1473229200469,13.680911716512007,10.6426512816181,0.7971336288152138,4.3603356499130514,3.6816939881917397,1.9924315266209351,4.993289607704512,3.4366022046597635,2.6987763035970453,3.0972968506442244,3.5846421293487984,2.0073627086327326,2.168920017145806,4.450808845525776,3.3834354034622796,3.445205724718951,4.711053548312671
8.13582434627075,6.637594270750359,4.317030746860102,2.127382525282981,0.1981443075883959,-0.83793333885314,-1.460278819823475,-0.7550204855591135,1.7386278371283979,0.3588602072433669,5.1560630493573605,-1.4727861723230622,-0.8846800425718309,8.12229223206881,17.225483913660856,4.038580173008257,8.722136943137272,17.72936488598039,9.688253576788473,9.901352754048407,14.893385505890691,9.2757761391572,6.660043290289211,5.299007460777662,6.19524559538713,5.1074526787477375,3.2635431185762696,2.1219499663847805,1.6867015138819255,2.128856805088864,2.694493937619656,3.8704039522393923,4.450028392776877,4.571818461984968
9.183746513435294,6.924152381005103,4.564936139528165,1.6100210928958834,0.3543775829303868,-1.6868659167567086,-1.7576765694047365,0.8534004943091712,0.6509831036554767,-1.5138797143299205,-2.658885045712259,9.146435140318527,7.124869278172146,12.369949177168392,11.612166664370765,20.34933684025057,5.867916614012105,9.161849059546242,4.970962192861876,4.135848344703885,6.111096771711894,3.2008500097057255,0.12458721918024271,5.986338022893144,4.604826876792924,5.945333891474698,4.860104110822078,3.821589862130362,3.782605909087335,2.890348546938535,2.854642128599447,4.1701582851746055,4.121047879886929,4.547937066366444
9.869773541048067,8.513179513499027,5.229318071499389,3.0878814702591604,2.250846117702176,0.6800588969104265,0.5212743566033519,0.15958716483112872,3.219757246585761,-0.07498140215709313,13.772858268712294,11.549049808162481,8.54311342367263,1.6873856407982428,14.014249181174543,8.643800954871569,7.127713749519531,4.687074959334517,5.014635952131266,3.34466634074292,2.4318678339912227,1.415128747781668,5.125187784981108,2.7258099951558528,5.191142417422229,0.29594849470878853,-0.22246342075745948,4.553477056006081,1.8497668265063028,2.518265599195873,2.8406986390850553,3.0556328780676383,3.799589387554028,3.9730589426319955
11.409145639799252,8.81570656450366,8.202495003514871,4.5886087485682046,2.7809723471792376,2.1406625476294465,1.990683601258049,0.3095503214895999,-1.2342973796486338,11.645637870106128,-1.0223190426170337,2.5626981574286036,5.6130906443067925,-0.04209786036715079,9.797944283822913,7.72357903025712,9.50732267266096,10.136268953640174,6.783135931703099,7.136447499052971,7.384698489284478,2.651496809501446,3.3999256118913874,5.891025416824787,4.857321515129936,2.689477579907811,4.251335348334393,4.385008998693694,4.281297231228509,3.4760110996253064,3.671941131765465,3.75687812661659,3.621894135829839,3.801624769128319
12.869754878187127,11.719632791697684,9.09793836122712,6.264699662282374,3.5252081595973,1.3667186392053927,2.9788714963083924,0.2063698941983235,8.143931836048587,1.0755986107425766,2.190512574933503,8.463680856316687,11.377039160909066,14.706178312694918,11.752076253525566,7.893987307898697,6.749597578843876,3.3813355307581703,2.8948524062461494,2.3221458144416403,5.259766674643673,4.9079118758862705,3.8206095336769956,4.0395443174331405,4.725164925491112,3.4628715607607363,1.6385083457048322,3.374977385239297,2.79233080682844,2.6590737945411527,4.17428167704641,4.0672553771979985,4.117866165690694,3.5733073856162503
13.093764907913839,11.902376759020722,10.88919464796259,7.8339599687756,2.293942442519987,7.298806129426368,7.617116871262806,-2.2211804500353223,15.257023474728845,8.782462671049378,9.467856692187814,7.139334110528431,2.850303801056027,2.862117495222222,5.250631283331876,2.078862298433751,7.619440988175861,2.6232552008305987,6.0652866271081045,2.2853981270412924,1.7124172719048674,5.399963128896593,2.1814236527778275,4.151669059938202,3.350085862370153,4.108643933551789,3.171180226564035,2.1050511194182353,3.6052001403337637,3.498794956563137,5.122515190459004,5.600631157230999,5.180900778124534,4.674329396734411
13.703253595466453,12.56252518144652,10.436623482656092,6.380500933222067,4.647908602388683,-1.2573948632199883,-0.40750602649877654,11.479634330070631,2.188574554358647,-1.8483968558736026,2.8489557404815296,1.2360314688486707,4.614751975079002,6.212669054918824,5.6080537274563245,4.613690990377002,5.744004272801313,4.434369392747078,2.922068431745022,3.0369281064047002,2.6210070310447824,3.048918902245345,3.7164578857764794,2.9073376584402046,3.164228911410456,3.89576837773052,3.396314496293225,4.115862485672692,4.547548871670262,5.4178111839584275,5.263213317130589,5.470949756584547,5.433794236588579,4.629601647593275
14.52906313980372,13.611265519654747,9.873184671105578,5.492548859390896,2.606361823603032,-0.7208780591382884,2.3874647257719963,3.197774919618577,-2.1112929544865024,-4.798208902559826,2.1891978890540225,6.13265597092832,1.3276878974727888,4.312714248858753,1.2711274710346505,3.4008283075802748,4.636618925961986,2.0802903216048403,2.7797133658037354,1.8996755769056515,3.6450663647787978,3.032832940371602,0.14794837357665067,2.316393238173349,3.394136696857255,3.1231062653749464,2.2849894384627207,2.5830994103052567,5.158414825469412,6.68729607276873,6.477031455398522,5.926462798448621,4.861666142658796,5.314942228001688
14.653202026956441,13.743488369252226,9.535216876079144,3.223450064878984,1.6450770982476524,0.06721937055718673,6.486559662730037,9.306696118442662,5.179020057424502,15.414541222011762,9.391739785996538,6.143199996706804,0.8282518279307576,0.28318052428176016,-0.37618443908416804,1.423696595490741,1.586452020644259,3.205548868345703,2.4985548406016433,2.055249043919704,1.8956757213544664,3.0685537248012706,2.888389471717696,2.097513287976502,3.2829814349826663,2.8384736333982445,3.807926295644453,3.267981931691138,4.377965996617661,6.919179853899801,6.936172357313139,6.442052327718909,5.396475457155794,4.7609072355193245
14.680955436275866,15.349942191272007,9.57926516827203,4.593895292904429,1.3308730318944793,2.1164923996304132,6.303266219585724,0.528001206817341,8.235905853947644,8.976526448141424,4.591104635056236,1.5334046974502602,2.488224389898662,2.1601586384117817,1.6178338300616393,0.7299685425375435,2.0745730491808034,1.8448204402327466,2.4324090767358424,1.947373355778933,2.9384246676643415,2.028447747109088,2.710501639406041,3.5474120189503524,3.6854292449999027,3.459543463562438,2.4905396228094956,3.604402876101364,4.353542377975918,5.793478480891452,5.4608729285648785,5.880215863183975,6.079637144293343,6.19101966457903
14.936160918783283,17.26107826478814,10.405658885633112,5.557971602570318,0.6954659058466994,-0.6629422274553186,2.9846278045530847,1.9606361249297004,0.9841154458525337,-0.6977294261633047,-3.0242681807920455,1.458198663802276,4.131735301565073,1.301016859885267,1.43144216758757,0.5589027046259492,1.4537203003154768,1.6215424375852123,1.802661035711953,1.6009970857694373,2.4079393968858973,2.0500947119036113,1.9113140309262948,2.4247524073403484,1.8821508195678238,2.716352727488369,4.377918829790978,3.3712485973785022,4.539249187526648,4.31640136133531,4.678959027150546,5.194881861188272,6.604093139756456,7.228105592138826
14.665787068304292,15.331653000218187,12.900495661552862,6.563269606051267,2.1896186101865043,0.0037828442608476053,0.1905300156659298,5.559324011995579,12.054281943131798,3.992067938918452,4.086698464312039,4.2188255537431925,1.6572537472541637,5.037950132511721,0.1817636245892975,3.008792496303179,-0.289331696608132,0.15160616965401139,0.49179505286871594,1.4926212228524462,1.3663079577262864,1.3389803254207557,3.0922306838098,2.032087758539026,2.2001037956402034,3.626204587256766,3.6799752897699776,4.675831346879467,4.5569047435274666,4.278667067348911,4.312193708801225,4.641681186327489,5.342095814788932,6.398183254255029
14.908840189696297,15.279197447396479,15.017540045853211,8.75803686747958,2.9832391542973826,1.7552819906542252,0.07786177402133851,4.384638720662497,11.007213092302885,4.69491728632197,5.121952070164322,3.3844627670765117,0.8736356974392305,-0.6042997138596365,-1.2895213274320003,-0.782003371050154,-2.080298823462444,1.051165697297186,0.8393623472241192,1.0807927842020004,1.2996450357178628,0.26878101834948653,1.3464085636041532,1.8549827321395407,2.8127906751873235,3.9645876869337386,4.319167999130938,4.987935520057735,5.058961427316588,5.28841022329649,4.618957908912384,4.742917700097445,6.268843834807362,8.034946724841852
14.68611959142209,14.26062206080115,15.079933688925825,11.710263480976701,4.8769737156088535,0.28145940386724044,0.741019924535141,1.6210005353235457,3.836944558398544,2.0904698257282632,2.1484946130269336,2.181372444520065,3.1839090417581435,-0.8995166433820377,-0.42422065138689014,-2.0708562231780547,-1.3188073271771248,0.30820200372965767,0.6562209515713051,1.2339091467740664,0.9377753041533252,1.2240401273735486,1.0616827723447113,2.180172311842904,3.184076713357344,3.3546337148854124,4.056146318128701,5.461414300749514,5.205757206134645,5.474333379044319,5.210099580977024,5.198784309701281,6.31257565164178,7.6330573042700305
13.44674268331781,14.54942457687884,15.025318854187072,13.9966715704585,7.35896345153439,1.6076434966566355,5.697446978397042,-1.7141559399456796,2.23983349792382,5.352607884740584,1.424087132740502,2.497724967927777,-1.8023093146705855,-1.7100059977167728,-2.9277150421717875,-3.2346505026165304,-0.4400322482755476,1.330736453474494,1.1075026094954517,1.0823680762782624,1.9726792794844785,2.1366988114928356,1.8439940205912324,1.4377048248431872,2.71267227515298,2.5190289174764167,3.5493575147158354,5.28428031748761,4.7728076325103785,5.163188012009841,4.949214678208532,5.3903267095693295,5.659240400389264,6.821385252504552
12.806144996711351,13.329748297617234,14.716931741672463,14.175110568134473,11.17434092199919,3.502829458842917,3.64789729934924,7.669013967286247,4.30773044705434,0.9444132457417826,-0.5345028076249707,0.24111605929201438,1.0260083796779491,-0.5130720073616348,-2.897337033921015,-1.3628755371166088,0.5774427293875728,2.2535165295826296,1.8716769098003159,1.7705424148886433,2.2214123363795877,3.331205044499174,2.586447044801329,2.9914458140873976,2.383319792844295,3.6171856585247157,4.384054301931786,5.665488186822386,4.799439964336112,5.3588574582166855,5.104110936122682,5.300088099949833,5.8849894746913485,6.355493413600091
12.24760528479318,12.635462119274816,13.494390792619182,12.640163722929723,12.498245149709042,7.746788929648406,0.1586567374910564,9.886099691838098,2.3600627000328993,0.6233314059582544,-0.17947414213288446,-1.6973928477126483,-2.912976581370025,-2.922747316320123,-2.534780159845603,2.079349422185266,1.963706282837371,2.568472964040822,2.2683832450874055,2.1623398761298307,2.2343505342933954,4.064556038200475,2.683649010161266,2.5286410126869665,3.7057608714199586,5.2293683317906785,5.697584582909777,5.928961678652356,5.507661245369959,5.48454672196298,4.931607414090123,5.761541986397339,5.68861615614789,6.261114263575751
12.08611554222721,12.057289778743256,12.214901689504861,12.81346964663236,11.664431360569392,7.816113791986589,5.136488410528095,2.3943241704012768,2.143957592380097,-0.7506757057245143,-0.8561885990063909,-3.2581294299598382,-3.7951200142423174,0.9523432664683608,2.6002119127511882,3.672925254305634,4.006808743630796,1.8263870686248365,1.6685684200398958,2.4108208048039934,2.7492513509315213,3.6048283850167864,4.435928005671195,4.212785882279053,3.622739730018907,4.979073617420329,6.330478987946266,6.05975173172499,6.300325249594462,6.577725512919348,6.218187795579025,5.829352321985692,5.2610393010371475,6.420451560257041
