script/wind50m.json
{"header": {"parameterCategory": 2, "parameterNumber": 3, "lo1": 3.000054539987559, "la1": 64.9999836372058, "dx": 0.5, "dy": 0.25, "nx": 34, "ny": 52, "refTime": "2026-02-25T21:00:00.000Z"}, "data":
[rows 0 to 24 of 52, columns 0 to 33 of 34]
-4.67704727828896,-4.735133633762988,-4.803427857331959,-5.005883649774192,-5.034502375891298,-5.066563590698405,-5.141606094330855,-5.381866989261186,-5.249416007369063,-4.908064605384594,-4.5147808140804155,-4.102320206706171,-4.910173784399708,-5.347121107655798,-5.17529280431187,-4.985570926120899,-5.049325884408264,4.415163775263599,4.314178572629166,10.82506885873837,1.7779674145585573,0.6108614656748887,0.9344055198477185,4.149038922874785,0.4308283604536984,-0.5344895053792061,4.426024690745377,5.845003539600377,4.824341015996067,2.931785331019822,3.690614385521824,2.6381384674456654,4.469645448925493,0.28886454710996484
-4.536566305147348,-4.710956051089029,-4.814997820946948,-4.977824658513381,-4.986608582680679,-4.835871981806473,-4.859041898275815,-4.639631298297788,-4.595284295916412,-4.3119989299682775,-4.407375813586625,-5.065740615845528,-4.4269646882117035,-4.618219226935037,-4.617561679982172,-5.011726441907851,-4.347799822175863,5.1311534274513395,6.298065736602523,6.648814172212258,4.793586588797138,4.032266066722985,-1.1760774030474075,1.622057423085182,-0.0556046281091464,0.0015492920046694283,2.6583526489013507,3.875698025453825,5.022652529641285,4.988509534377418,4.6269480699714975,4.219232935085709,3.5860036997276223,5.41245764385129
-4.439334516969652,-4.4318001900279755,-4.45118675906247,-4.496554506074033,-4.760114741885297,-4.599106883496713,-5.027104062357493,-4.771485381371281,-4.220102744831486,-4.422624896959692,-4.160237952514563,-4.0042635707044205,-4.215721779911245,-3.774684337481341,-2.991616425944318,-2.067666104146455,2.2266740028689376,6.130757241260231,0.0823517134365105,3.993030886966311,1.2878333473817505,4.763980776230451,2.1079865346402222,-0.029073676007403165,3.7293063961883126,2.0039162163598094,2.9409670960848144,4.396050454687034,4.662364231185374,4.534363073447771,5.826293337444773,5.779580175208663,4.613252393135313,5.588180060309446
-4.3646898115873585,-4.160598910937046,-3.810946470843431,-3.7098732512196873,-3.5155803003489776,-3.609692526118792,-3.5262064987649273,-3.7098570663144814,-3.5283367478991816,-3.606788586749944,-3.5534982456350743,-3.2717536372463063,-2.9974837031637502,-1.6675655065000214,0.32772618177074836,2.5314712890968067,1.0485268348089316,5.95370772826314,6.300391260931855,-0.6779129641871096,9.86554534754613,3.9529969574186867,3.1504311097949085,4.10880801393833,1.9012509986949113,2.469793012466243,3.8518068685407587,4.485725371970682,4.190295448480226,3.5189698056178704,3.6763696981244167,4.888564303202872,4.95816260517609,4.963300014888587
-3.819601498867661,-3.6645635068064633,-3.5852412771180044,-3.2025058896473535,-2.6620542188308387,-2.3117760018643447,-2.080790213166738,-2.1245884569379436,-2.096395081200774,-2.0569070936550857,-2.1323862184973192,-2.0529975160857425,-1.035665876054226,1.038056869793042,4.703762296167935,4.778600435143985,5.071031312900578,2.205106069088391,2.079263663821653,4.870534375106436,5.988670154455683,4.198466298440245,1.179746595910231,3.227607808201897,3.4361524622563597,3.7523955516663867,3.666968412791585,3.8789752794279675,4.663434855452564,3.8935187517636933,3.4000618408714396,5.278364543527371,4.177463410790054,4.11105710381076
-3.44957805742098,-3.2887486161882475,-2.791844424458075,-2.2976970266012158,-1.5447885183492238,-1.2075560546517579,-1.0064103618834424,-0.6810988029099174,-0.5592298046605871,-0.3996485341798296,-0.16679606717600223,0.31750592101723013,3.3195491101074333,4.475277774585286,3.4503992983491787,3.4223243442345708,3.019905862852353,2.7455784565450343,4.875591985839566,4.606068469220675,2.5130128168337618,1.304770877771759,4.311018379885795,2.4369977311438737,1.7921360892051628,3.3606304900759905,2.5632750347399162,2.947256756097125,3.4016697813709516,4.117549687803166,4.558057555502418,4.334729058702475,4.219939842516402,4.20768671765949
-3.027001193917881,-2.7892539166560715,-2.2740342970370824,-2.7009804967478006,-1.6924272243925949,-1.259170443157698,-1.4826823508433373,0.41906111232337534,0.2962956598049115,1.3446195296179138,0.7581026076529361,2.6722839635140505,2.3381344024885995,2.3943631512198826,2.9640909987889135,1.4912290626382707,1.1124354815017337,4.747493459627193,6.883738536769746,4.381110913200815,1.2987290727933818,0.04653631100091328,3.207270112323174,3.2909854173357904,4.475417374970557,3.535961504786121,4.852839730558316,4.079654377602401,4.591825350168756,4.779901117138433,3.292831983584921,4.568529283546128,4.315649684504357,6.678864629411721
-3.089939655008924,-3.0783489132717348,-3.2296630197731933,5.502223066668756,6.106618066548035,4.4079663326394005,2.401202447017386,0.3797138542650493,-0.03713094342035448,0.9415190969335675,1.271106504096432,-0.19339391381149487,-0.08815573255631055,-0.08077386701356983,2.365480389149474,3.9362909113044506,-1.4912560714216627,6.178389971549203,8.545477875980634,2.99798348250323,1.0310917680257359,4.266483495292509,0.8414905354471681,2.9740056425162997,2.9296352424687178,3.02414582636623,2.9662089663039244,5.809166978616442,2.562588298262805,3.119101093163226,4.971149986116502,4.463670432763594,5.622350706152799,9.891549851296656
-3.58151462401761,-3.7688858617249146,7.429208130072934,10.147072045976035,9.292490012815877,4.716136573196192,1.3285425429225635,-0.5507346580673493,-0.8021902979909881,0.1577434511241541,1.958436436120391,-1.5762885926753696,-0.19189118487759202,1.8109563009046021,7.444268657027643,0.90776027081582,5.9832669733112525,11.624496599741152,5.761447917275495,5.200490403896426,4.376691691622176,6.51571595051299,4.082680722808761,4.597146228140623,4.73640164380117,4.5515709257787655,4.260865252826355,1.936692372191764,3.6066235362064782,1.7529832543040413,3.90322673129641,5.047043189001702,9.707560317266937,10.623601291798071
-5.15237608692381,8.221026532036639,11.16967114704568,12.963950623487014,9.137121609079825,3.071321216889643,-0.5199256066027393,-2.715896041616514,2.1384446230854217,-3.0082531630791465,-2.9835886365715267,3.4340947992492503,3.767371560239722,3.8442971888601156,7.002594772239791,9.651016252714767,3.4296683492659343,2.8181293027752745,0.8600505391675236,0.3681311708168891,6.058252373186709,-0.2595443334793507,2.1834494450117807,5.302760645895073,3.495780603890051,5.2150919391565695,5.1841840382397875,4.0316777890885565,3.4913961459702065,2.573740302836501,4.7890905213875365,9.749779509994255,11.167197280560202,11.417133338995418
1.208227720569541,10.02855424810895,12.961201661483157,15.055218329184994,6.999080392525139,-0.1358387935170316,-1.1350996356255432,0.4436636450738044,5.904780635318697,-0.6182910845782831,8.080269157134072,8.272071588719148,-1.4947937600097723,3.195880364201314,7.121133187376098,4.709920238357156,4.544842147728384,2.5678323970829733,2.1724840694259684,2.339973054220762,3.036038777106264,1.5121947686269357,1.730504874608038,3.199152891030091,5.902581228361726,2.3412359713324298,0.375820850191043,3.877156481875522,1.7949118758897817,3.890411667152073,8.615228930111389,11.2851422204182,11.875180048711918,12.315970172290038
6.316182045888057,9.50689035681167,13.108140070208275,15.719147282939817,7.7950967247629865,2.261371775189064,6.693885525810937,4.469493347546315,3.358359313809858,8.577825239444325,-2.379821117832858,4.290090500488794,6.735835722681288,-0.37891717458462465,5.75514001663915,4.953104818722807,7.6458452992838195,7.542432800477293,7.072733669406595,4.317038982299443,6.707561772282573,-1.6099918134110829,2.4008921764132327,5.599953828473852,4.2855349029526115,3.5598755931585626,4.116895628970663,4.25372102279922,3.635531222222827,4.53652612990801,11.017768701787162,12.060370564120305,12.531594951958732,13.21431316552424
6.548635987995559,9.661688280652521,13.388793129586254,14.999872918358637,9.628971360114972,4.095319497051555,4.903626321157456,-0.7941522484426905,6.352179015896177,2.735542815199097,1.0758306096483239,5.578115699079548,7.078230823608475,11.941089633905284,9.400997250577104,13.371266574885432,7.633413720208119,3.3568276408357733,1.5673223192485557,2.411101028587997,5.870578043694177,4.656144483741139,3.4296732985513807,2.9231435320077663,3.9325312952286926,3.589468934850383,3.711322981995531,4.2247698469336745,2.763779127139348,8.567373684038966,12.197475775549867,12.919514506286617,13.23737952834302,14.078837076334095
7.751513796610831,10.356560432370987,13.196246602516291,15.463811104752759,8.308594915710461,11.777264643908746,12.266367344958478,2.99235275562104,7.336493363330593,9.041911442411031,10.435907274254928,4.712043008131227,1.8297293805488948,2.3019120154490764,5.00692052712272,-1.927822654150077,6.665410112971262,1.273420711728951,6.172560619037015,5.125476484421378,1.5948202726333054,8.246944867704695,3.9294396165777234,5.306996689758289,4.179474056437966,6.446131262366123,2.841212176260963,4.0879626295730676,4.247859044127224,6.808074122726404,12.52650053976732,13.111313605956672,13.514203778883019,14.933416045608723
9.242845100105692,10.335891007336253,13.16665524700065,15.828851069705191,7.39549047716487,2.488513726635351,-1.0385271784852148,12.34178573814252,5.486205356175475,4.16631650977165,0.29904168797881603,1.9311580135809325,5.860734024834178,4.651963747081233,4.06197179225768,4.278512589090663,5.34695430047091,3.3992774144392652,3.7363284098200915,2.907148076017954,4.678120793932927,2.3248802143093426,3.702798749899793,4.4339188127004885,4.707968433521624,3.932150101449161,2.672397267995199,4.263647872496494,4.2112833712345745,10.3180460740936,12.39673223760299,12.792022793364396,13.847273300738605,15.870233359796092
9.350049167437852,11.131271481207069,13.542061944030701,15.312378710908202,7.290578468209126,2.4601833518285003,5.050994276918429,1.602391242480517,-0.6580204726559042,-3.408463575843702,0.9814136868313698,5.19473494438677,0.878153414786629,3.9208874582709936,1.2277702636961791,3.513041047763632,5.9779461379770265,2.1474180038644026,2.1496528521455134,2.3359704455262658,8.770805658314236,4.54241687958846,2.3977249333235675,3.307945025502949,4.423811798439103,4.486015057076283,5.984628200311681,3.0815001921893055,5.002777094216373,10.27786436567866,12.117419912816976,12.344054648459531,13.682956730781651,15.62238900904655
9.676345327413529,11.947976572041041,13.360679753554367,15.699507842563376,8.763156626564435,9.385655504310353,9.753982438786561,9.049656127646795,2.641639176820597,6.23614140477016,6.0108444241883525,2.4809686242697513,1.2022606103074331,0.47823539887577254,-0.30534276844624997,1.0988742473602209,1.6360120280238841,2.412289801034521,2.9571533279918816,1.818418280996202,2.676774318055335,3.1917364238345636,3.717024179416523,2.9722477688449076,4.2469991069359185,3.658659390009033,5.638693816543239,4.5465924437616945,5.328127928718537,9.19104484610549,11.401243643470883,11.83573152864736,13.252462396735984,15.34849742834805
10.305169037055299,12.104389201076653,14.059250514762102,15.129672843396117,7.279752339373478,3.686513834462869,6.644795688548929,7.3448595069921865,8.871200953955531,4.232760604073932,-1.0625748778894493,-0.6602622726949195,5.1216784008798815,2.5035330302631023,3.0676712292037336,0.9365585514042661,2.6922146984374278,0.8578275508869045,4.107474653798273,2.587116769099765,3.9603755145570667,1.7900017692296393,2.922955026345735,5.442254864195095,4.430400430966334,2.999584954820388,3.677567040629916,4.373092810274924,5.772289470034938,8.283657913759644,9.470253921378855,10.84381709733951,12.168525686698361,15.066251485168042
10.75365426172811,11.857809953524226,13.716054116867605,15.261206983721252,8.86946799226498,5.995959486459048,11.572574280278925,5.58627610998964,-0.14000287265323177,4.10068060101284,-0.8195714143946742,1.2076469429321426,6.547815591395939,5.306141794510587,3.3408267120195423,5.035359311766728,2.0243127850144944,4.073321150387656,4.815338696152101,2.117006209813833,2.5351548559018178,4.609070903899143,3.157811952809951,4.0346261628268145,4.711712619236949,3.7220728219671253,5.14948055007358,5.773595571313287,6.4815199441193725,6.270953849615584,6.902519099344089,8.527459621824551,11.136521916280424,15.403847341382903
10.907636812735188,11.680280970005064,13.582409341446663,15.03810335793393,9.64851874091516,4.890211663433358,1.5493839573027741,6.460750100305027,7.3859414692553,6.295993508394468,11.841010324382994,9.575179557936542,1.5285864322725333,9.088412511279813,2.3257263759445563,7.175246510771213,1.829527560593764,2.0852965745796386,2.925666270816106,2.4798551105246176,2.745216621377233,3.6437024295103804,4.862026198219205,4.912591735088069,3.7533879309222096,4.774884225321112,4.60521253740855,4.47589923138285,6.220043103068659,6.335527757142286,6.993901346492292,6.398987874421649,10.87888240208667,12.288681856477597
11.261519240315454,11.580531305318342,12.783686615913307,14.339443112226451,13.822151959192999,8.502784262973332,9.174071754147802,6.91343647335495,9.015991122494551,10.81900074606651,10.506642454461794,3.4416626316911976,3.693616842921878,0.3667497900910837,-2.4373473419411185,3.015610307820895,4.109634383495967,4.1230238057036,2.67693863281487,3.609185422236948,2.988899993133734,4.277499864107726,4.294593094095936,3.809533110824287,5.745142388569111,6.046035993599173,4.692320715219878,5.817284636974969,6.539736294770871,7.823874546072065,7.3052568590195115,6.799547170571796,10.534143217361505,15.472141763714818
11.48868319849086,11.796156526090034,12.146393219823002,12.915969738999204,13.177340112954386,8.773381316988662,1.880801643631195,1.816493248589845,5.093961066455992,-0.8894437009225546,5.983412039270588,6.454528460731923,2.658887567646716,4.150448268560977,-2.2275242055747118,3.8825365569541312,3.1642639671996964,4.278328096044708,3.1168025920395515,3.1040158361313077,3.6317479749632504,5.80115977538263,5.298655860464547,4.000955829145702,2.8338820717339503,3.7471373789717757,4.642944245333746,5.207931730281627,5.381095321917875,6.1770225516532475,5.990850501928449,6.835402600354591,8.756971854884236,14.896239819483625
11.62658773302544,11.921956127175946,12.491055154992317,11.869406876888183,13.54297321619706,7.251924730684583,5.708349298105745,2.8061297590934156,10.29420756894985,8.464242036244984,2.4505758060807965,3.8744371137589497,4.729821570789614,4.852157178032074,4.097155298684008,9.64427820905114,5.825802801142428,3.6938293885450206,3.2711173820583905,3.1330533426683984,4.113388337600279,4.536622099335825,4.6422478203663715,3.2952455813306023,2.339940754667561,2.7782329481232746,3.767713231767465,4.7825449438954,4.673514489821555,5.796347992632181,6.118226245487036,7.181497455618171,12.961324714880716,14.137588564736616
12.292283420166042,12.345407418391346,12.225072441019767,11.4263937959848,12.315261186775347,8.475240366624847,5.444420117005149,6.137465401169309,5.4886891013516985,2.8077236692666303,1.5257242894098506,2.778514557305675,2.415839754682424,2.435896026415946,4.7471696371988354,7.318691053823347,7.458076782228136,3.863343603401562,3.5178732441558744,2.7771019821140555,4.017278691150261,6.124793673272752,3.684013741615022,3.0756229139473694,3.5411491297569553,2.983022207026122,5.010793899256251,4.455465550769448,4.932981156835611,6.722111154827497,8.18395287262263,9.15061539238934,13.73387698027184,13.278076965406628
12.07977728930946,12.362637328834408,11.709336711960184,11.149449502546995,10.686228238853097,10.83622897508255,4.248425884725821,9.929169504145486,9.980675553708469,1.689770001077086,3.1766122055298376,0.7470162007704432,-1.3626021131626997,4.015380740582461,4.160978833966352,12.676242605598524,14.29560556602862,4.093220764372764,5.011208628448595,3.2069673105275367,8.644556278916852,8.526200871861196,4.247331246705259,3.9123049795880136,7.1506141749884975,5.924273914485211,5.284879611239467,4.7445260743571795,4.918667224959605,7.426204788969091,8.317079879286933,14.275500272939038,14.282042148017748,13.040010015214978
