script/wind50m.json
{"header": {"parameterCategory": 2, "parameterNumber": 2, "lo1": 6.000198445256149, "la1": 58.999992894266676, "dx": 0.5, "dy": 0.25, "nx": 22, "ny": 24, "refTime": "2024-04-29T05:00:00.000Z"}, "data":
[rows 0 to 23 of 24, columns 0 to 21 of 22]
0.055394548473227063,3.838476490455371,3.2920266135990315,1.578995117741952,0.5369932530837104,3.116590373379327,5.390919372603094,5.967331034815607,2.7843042865650296,3.29087495170083,4.783277869658566,3.434376513454168,3.905416953996126,3.998272163719921,2.786700153353736,5.0147462788606925,5.030564867900052,1.7501025602937887,5.980944045227479,4.449772316529381,5.996459199953768,3.3459991262194815
-0.07402408200709885,3.8182419425174747,1.2035272920961912,1.6159035281507006,1.17656377200442,2.7615252389997234,1.9188986973451791,2.2482046677109095,5.506967565439475,4.4573389003251185,2.686147950124402,3.0132263759213016,2.856801670543157,3.829660660095951,1.734113928705239,3.777887938242926,2.2998929893129296,3.120685216744441,-1.5230054969939462,1.2506309290298407,0.20565557120818795,6.372795214896555
0.22279390750750155,4.913701625362107,0.8482985206369941,0.7390007762548366,-0.351859440043709,3.2146613302831093,1.337227375298825,7.869368998715106,2.953159515423467,3.1242280846123927,2.959033238108622,1.8790317721183034,1.9287210114361397,5.479181072602421,-0.6948040307162098,4.413490694631408,3.643878204392519,0.749518375732594,4.972677049691516,4.147430241289333,5.683970762293623,5.999264388239487
3.0075191826359946,1.6096811474554436,2.884461895092885,-0.1996249232417198,6.581513840177367,5.158104298402771,5.225136500448904,5.084351954834351,5.272928901434012,9.028408697541908,5.11321971098045,2.5546868077075304,1.7189795197913702,4.893069330194158,3.034604812062531,4.422610373517038,3.143294216389518,0.6624262165524079,4.238909458501772,4.1204588420133215,3.566638760636925,5.516997054431988
0.3235391634966088,0.09227651843953778,3.9920792239146596,0.5577168928334951,4.08988175382423,0.5053019053125968,3.0314114179914537,3.5607886635922434,3.3377450374367594,4.555041340152826,4.278866932795288,4.626536668036379,5.225625515952068,0.46535251612853495,3.562686985201023,4.418552249885938,6.35159726479624,4.303719096399193,3.33663180355706,-0.5953627367445398,5.779146922655423,5.852215202436543
0.7442261370322386,2.884155241401221,3.483161844056277,5.108899361880507,-0.8019869256177321,3.263206553238595,1.8540234333989156,5.899446838585722,4.332643069688727,4.278639358494879,5.731723719632076,4.046788262528778,3.956697417536309,5.9426112258444,4.289445243439094,4.3240182769270294,1.4361469485106237,4.563009083498224,2.870302679891139,6.813554257734568,4.126519982453732,5.886298185979076
0.5578943455116184,4.3696855848925455,2.5049226214748312,2.655107053791129,0.583898877354361,5.341350679140707,6.295963940239196,2.051485631685741,3.9454196062813396,3.0333811843324,5.281266772974843,4.238149277844847,5.231557503025284,2.412758323344069,4.768899096637143,6.021237313264294,0.799306609488881,4.1119704640975945,2.895078950333364,6.146977655661291,0.836533141693111,3.383864811834538
0.9652516686780436,0.40685404364328354,2.882239620489912,0.8350813995543469,0.48134501984374684,5.215753652747955,2.5502088033718886,3.5982819290086887,4.9589439484828475,2.5711739804287816,3.189521533874988,2.8566984516682967,1.97015999782296,4.156232273298923,4.421635876863736,3.710872439269299,2.0651094956148763,3.4276972392037797,5.550536599464967,-0.18343360839257244,2.625313149267121,2.309544585776291
0.9675313488588193,0.47077566357746425,3.1389944518216706,-0.5053700789946983,1.1129457966796565,3.5593233449785617,1.5763735121335631,6.87777082129936,4.20346780856428,5.824372047388669,6.826135451339436,3.146801090312138,6.2056519286400516,3.044533707851117,3.3267403908019655,4.356309855669046,2.04430043757109,2.536387465334747,5.522241052833074,4.6833076372751945,4.12262602318619,4.491862742578769
0.16856690720870546,2.7913991440156485,2.6309175863655105,0.43059977857417625,6.225690016882359,2.8161238599285197,4.622991520877758,3.831964263216495,8.914208105384992,2.6612608376228586,2.982442827238667,3.2419128481002586,4.766971736304622,5.723280244311087,3.9181323909016132,4.5977240656033365,3.6287396453507985,1.4489191236914523,4.092193364187119,6.581247727249027,-0.2644559775822213,2.482052566858734
0.3549573567051094,2.4388947662923735,2.2676286731953668,1.3809943640324724,1.2480150567278703,8.765784470730825,2.0772815556564286,11.025120587519153,4.075674969406919,8.921152083340829,4.1364010005298955,4.829264019062526,1.6817786667599477,4.569237102433604,4.971727879685096,4.980427108571105,4.762537179555994,4.20123860606298,1.1673520904776045,4.081843747234628,6.118020632570047,6.224265930194467
1.198529882164142,2.237811519827964,0.9001726562720369,0.9881296573544313,0.12414645389373657,2.814153243079323,1.1314016322215643,3.774946959968083,8.97359524919973,2.588324890562177,5.289736373713735,3.052787553932013,5.057287860387997,0.7538162351044331,4.442312413180129,5.367683522597577,5.2137607345381,4.146164493827757,4.070265945733588,1.3670362751524032,-2.3828786617542184,2.7233269480059934
0.2929166554806034,1.9869460674034576,2.2372242814439462,0.8631454351167684,1.6000532048167007,1.8060338253082477,4.051064996121622,2.352874039569104,2.511323862299788,10.242391899652443,3.021092342519049,3.4681523779559464,3.4524993235965753,5.503601769413072,3.6177463537437813,3.8509345769025534,3.189242445669513,3.2295431404761454,3.9281619082058885,7.493611880283917,3.261513865477466,6.636639865233715
0.34235738289442624,2.805483525989159,1.006375434308453,-0.2401246468108016,-0.3296946217308395,1.8691796128173463,2.3120914866419615,4.264189821511877,10.743678273351534,4.572928675558882,4.158148121991847,5.2072358495780815,4.501266571858229,2.3152114399353794,4.1526346526029565,4.2229130943432205,2.807224047122431,2.997342122062163,4.845561470178372,4.273930686596318,5.781610248711622,3.1955390099207994
-0.5218150805680793,1.8061945977436868,0.38997731753859827,4.505128968646573,6.162605843535283,8.07662574753833,0.9635839670622249,3.5262681834781455,0.9488591427204786,4.440915213717758,5.444154065879189,2.683805793068103,4.141493091303469,3.613120963422007,3.727187427676176,5.681851842259522,3.130668175043574,1.7969705032510594,-0.3005473448738505,2.467752319053211,-1.1707265433219978,3.1745192840023786
0.6148425944541597,1.717187672828101,0.4050845602060764,2.18226712122251,1.4011004725219844,0.5920480724361692,2.5470834625143164,6.86627027595152,11.412128346349851,3.1042195998606927,3.633525166321396,3.0668699284784604,5.370896424482729,4.331382584601776,1.9343564329345013,4.036387997972403,4.375973284325087,3.9000923375659196,4.071708510002021,5.819090791150435,8.414791653864082,6.911349207791768
-0.38541829094410224,1.569257000377546,2.2236433915302802,-0.4608361591575928,0.08108201596578019,2.2044053226520877,5.328099585543626,3.9955321674458655,1.754900288352661,4.15554443410842,5.182055941375252,3.096623530047011,2.2481239018815624,4.397320208587456,-0.9234214211495422,5.051001515116863,1.2228103937619172,1.118140226958611,4.892776650690133,3.916558933688605,1.4287493460061307,3.1376979787631987
0.33618400587596786,2.9485061199474893,0.6645691851188278,0.9305735847606457,1.0744188426639634,9.484422558468918,1.7219467157622468,10.865778215237128,9.824009695027039,7.888065510321079,3.6918395185947386,5.162246300794052,3.4299249417790727,5.493200555086172,-0.38274125211179266,4.477531252683662,4.174057754964906,4.83585546045393,3.7912270143273394,-1.7488562090673025,4.921895440277402,6.335829948916187
0.24191980651657077,1.0927533630542796,0.3138289232292651,0.2335316386775052,1.084247111365553,2.153497643520281,4.949805112150469,2.5627088898731647,3.1010412359646664,4.225200665882089,2.6528292238462856,3.7315915403300783,3.9739612854304873,3.4243574288258283,5.809412145380994,2.723283069230058,1.669004959831416,4.089701741437725,0.5323664563336761,4.360781065281001,4.078354531440414,5.995580329511386
0.428851017768427,3.383438734925208,0.4013138482127634,1.3314297053364763,5.264602448355178,2.1873763760544906,1.8334459510073955,3.531354150002114,7.720022250198887,4.303142785373611,5.431154270665055,4.1856822238925195,3.9384757231730103,0.3862325419669234,4.396373390793583,4.627383896102388,3.4339092129476745,5.008633211567132,4.193048739036635,4.5125733165841835,-0.19600197234552527,7.3308318017084
0.37607775368936497,2.9495277517219445,3.093787037386588,0.7072121740514835,0.7449186090664944,2.94072444985891,1.0889433346293003,6.792085493990039,4.690404019818609,3.048297773326928,3.293821722672765,3.8717182795411387,5.453438762121233,5.892119810059783,3.8608362836931613,4.465777927478761,3.635494380267348,-2.3206387178264403,5.853439390202121,1.7923465491315898,6.8227370630905515,5.539450151996001
0.3499927119753106,2.090899265175747,2.2720601042969313,-0.17849641800105193,0.6198029573715691,6.819393579201217,2.6371624165188323,3.906521102038809,7.2245747822494435,5.27459491360096,0.9208601150621636,2.7470426255162987,2.2130678169271754,3.712734681952877,4.108625325361497,2.1177339708201086,5.25555436945757,0.8585093522980972,3.441886635403071,3.620810513827826,3.728745842790168,8.048388497031004
0.3231859692648008,2.0991191753557508,1.712629976629356,1.960903033211579,-0.29794731160444143,0.5656026979336197,5.1709844024669565,10.584518786995305,1.3619134887578401,3.0852617080599734,3.5526727500772526,3.694202292291474,1.9584407146183338,2.3836418312955936,4.3642050432752955,2.348411475853061,4.354626395127654,3.9211534030426396,0.2654916636825125,2.4660181025616903,4.963574058163201,3.295798288555111
1.9013358269924572,2.084856917671613,2.411261320315976,0.2606090345926165,7.565410942914556,3.2825012149351838,8.822742179837771,1.8669071354089217,10.77119134368432,4.334702130543937,5.45685600148646,4.471439076552017,3.780469685434183,4.711444197536942,4.573263016395195,2.842632676064689,3.518507902869284,2.2766138280494967,4.019209871306698,1.9854807479345673,3.2504356597157287,3.037266031912288
