script/wind150m.json
{"header": {"parameterCategory": 2, "parameterNumber": 2, "lo1": 3.000054539987559, "la1": 64.9999836372058, "dx": 0.5, "dy": 0.25, "nx": 34, "ny": 52, "refTime": "2025-12-27T00:00:00.000Z"}, "data":
[rows 0 to 24 of 52, columns 0 to 33 of 34]
20.23960442521297,21.746347443616553,21.977717912884412,19.514728404698147,24.01759412167405,21.428890674986732,23.247791871540443,22.875119599667364,21.962402207113286,24.770681276806158,24.460803510076108,23.770094487890756,23.505634129925696,23.113279740941906,22.656726354962608,21.516820297965968,20.39754910894129,19.29863197500981,15.40563900473043,16.626947762695174,20.844614709686038,19.126201490299685,20.813363195251977,21.421735869459447,21.171226104556105,11.553793764016076,9.994238754641005,12.141267793817665,9.477122429487457,11.289067957390706,8.579006089439567,8.695765878552255,8.29289865673508,8.185515354843586
20.316081616728923,20.59263758411255,21.628855589864926,20.61675640256281,21.145297776060424,22.330792228137547,23.62799512684165,25.053514731441723,23.62912378665628,23.153045552137485,23.02738583504273,21.993401754222443,22.317516304275834,22.26867246894751,22.12315446849038,21.124427276762656,20.40727115752344,17.008503511765706,15.239642155090506,22.320502746044365,17.33014010118386,19.956671550867743,18.702327134637073,22.021688496330277,13.416959205789661,11.038741641581595,13.250507609030961,10.515335555300062,8.840979012284732,13.515937863193356,12.452221926105112,10.33901356964106,8.773098166732089,10.826826675584625
19.757072411307746,19.922635707023925,20.961143386994642,20.47316917292183,19.883901747045023,22.178259806573152,20.953730883325424,25.241424882098563,23.092585964253516,21.283961864614817,21.668800391776617,21.675248310865346,21.683734123030668,21.095340122536307,20.303591157136403,19.61730520257694,19.523977142351665,15.793121094690278,17.084876268090515,17.530887081588098,23.019773640430344,18.21612791202863,17.515982296838505,15.234363617769352,13.89286420279243,12.078281415687602,8.818157797487585,13.815224487790175,10.731427444089553,11.374863039627405,12.240946873501235,9.561981158240123,9.934351080762054,8.8235854300494
18.413685211143385,19.22418268027099,20.85362365836676,19.18382589723689,22.15040768167417,21.926787806902095,21.074277361530225,20.737317748111177,20.97807395246631,21.20246017792516,21.283618693938703,21.32825525711411,21.13960562896183,20.089142500217573,18.877417931187143,18.32538162351083,16.442108291559652,15.308894780686773,17.990560416013455,13.518939038501802,18.196265555581295,23.165999273303886,19.601684043047197,16.93307581392982,13.916054744222302,11.1142296413507,10.601394376758956,7.128903273647127,7.958003834608221,7.27578085205085,12.236378392906914,12.225738272775661,11.123503640767673,8.944220492736017
19.333282910478914,18.37046309120389,17.53701435196009,18.46655606625262,19.176439646047136,19.090380897035647,19.097589251130838,19.45477910786562,19.746346567722206,20.67521268615318,20.185829261691598,21.101104499486343,19.81179257607177,19.260607078818555,16.714728467839286,16.14173585584306,18.99111391102815,13.986309319868598,16.917112426115356,23.65434567757546,21.327499889598805,22.280678988829415,15.87629180908068,14.9829738051962,16.09848211754574,10.827979014888442,6.743194090397279,5.444622562127261,11.402456610105508,10.908629777460634,11.500685684191886,10.755131931403875,10.401966504321175,10.74029239575036
17.259380015019282,16.918521344456757,16.855137141374428,16.474607749974165,16.597544658562498,17.160635418295982,17.99008103020524,18.59138446577066,18.757206520037812,18.429001380080503,20.081153738560733,18.951873973474026,18.273885029927737,19.05913169707774,15.051722829655823,18.224682918885545,13.803224820085305,16.176754645677747,20.725572286454884,18.80466393010623,17.174817530557842,20.056721551441957,16.881483437892914,11.688680221246711,13.581836832203718,9.977138764187012,10.331500170788125,10.819131407953646,9.296695719758436,12.855931074087552,12.200695863178499,7.204056858533927,8.58883443489097,11.401232825501207
15.057822425165954,15.056576765328838,15.193353674711497,15.490425763663879,16.042608535530864,16.60520932266919,16.684395027278683,16.64196873947249,16.654461824922432,17.34228647100924,18.08749766547232,17.72471225403004,17.103803337218146,17.03944375110009,17.169045603787623,19.8564456476587,16.650341921386048,18.448223046637647,22.592297623136552,18.51541528401043,13.271177722424053,13.947153391852597,13.781461302283995,10.579096592711922,11.785796487546346,8.166694354931092,12.111521782731378,8.272355937901814,11.316273550484144,12.036573563868178,10.38441921682562,11.915967378277376,9.64726559475584,7.331724152129665
13.67598900136404,14.04856821630886,14.430050407571049,15.213435718045895,15.314630075403977,15.865948925920323,15.492885903653166,15.876251340749137,16.33009686644996,17.13350245362663,18.470174187402172,12.344614496497972,15.563262076008519,21.803199405513674,14.395652403534692,14.128639891319551,9.967897601905564,18.2548824878496,17.547269281828267,15.130010029043234,19.220777473902505,12.44620969567052,10.251935502962086,7.061314426849738,12.249845747941093,6.026289153289994,12.18655861948104,13.530807050144197,11.93749197548644,10.621713912167216,12.433714379912368,8.784921082379807,10.675158675880363,11.867625585148419
12.56649591642232,13.073983916025615,13.569668515726567,13.800952375527775,13.988522425109602,14.463795050139716,14.6167237493669,15.156802865644863,18.307966817140304,15.797036073122003,12.26800650577402,14.72158429477526,19.198180179172276,20.019140306345687,19.091077625918356,9.393677381557724,15.700821913160377,19.373298527870972,14.141167858428865,21.686167443008163,21.29888274926444,17.369532081552563,23.39574970756428,12.212760350163773,8.973799167932137,11.089075113297298,10.720255966225439,12.166458913384078,11.361645986862483,11.173736716658896,11.935852098992866,9.691035231697262,11.914534182827625,12.363959168219878
11.983297289638479,12.087828014282062,12.374935599282447,12.322790532511123,12.347531102581716,12.877573527190016,14.086563387024189,15.191791245638841,13.353258481868052,12.40628655998156,11.886550909930962,10.367335081297927,22.20769582660971,24.004964117283908,16.434329655981337,17.132602678134436,16.871720764811805,15.343423824737407,10.42252358473952,18.1077275708801,17.606797465597555,14.831110130142285,14.938498572083931,11.66024346864803,11.492175645572114,11.744962751144367,13.048561513684582,14.652561016727292,10.648899419696468,8.90044880501417,6.423800180606007,9.124876181265632,11.872943685705486,14.527911981640532
10.734806064385978,10.253745507943501,10.474188220143624,11.260889909834948,11.914651841373313,12.918723095373947,14.567778697404755,11.549588486235637,16.79949722621349,5.391617051084614,20.205692050488608,14.094728816330736,17.882110297133142,22.1090905545139,22.180130118762428,8.830951540782072,12.027169380396645,10.394384120258287,12.586497850176494,14.616645120222184,19.527801193404223,12.174407347923577,15.662173256199667,7.916387489725153,10.295020314924763,8.584950492385289,6.175989953819602,11.769381354929104,9.94974883036047,7.760333580952114,9.283641526407663,10.900359613232391,13.278892732544746,10.909418904596503
9.613103346788236,10.05030022611251,10.215986141671786,11.938006452016573,11.254919676692808,11.054393348449285,7.7985025237784,4.134482625400689,0.9532733192394652,11.58329786715385,21.47305373061093,22.384144371473443,18.088531151240367,25.668795306392443,18.782146779081927,8.542617729677803,5.56103991567611,19.156484666833954,6.028285311515772,16.47145300177126,15.2898264631605,13.563884874365694,11.21756188318347,11.671667232583278,7.222030851816522,10.557287266791025,11.155439005901098,11.04661098474448,7.955108019993224,9.126055099984596,6.662745950481782,12.433764747935637,14.146883658663999,9.093732132619989
9.605916845104897,10.207778686163309,10.388173774676304,12.241377002486947,10.643027735586047,8.977872020383156,5.452826659191113,5.235258717656147,8.25908577777746,20.686831139656654,13.194009495785508,18.43133009295942,22.595152529975106,20.101621736383457,10.42510573087391,14.3610734138095,6.372073360347276,7.724533093498747,10.090771148543555,9.572278622095627,13.061170131520553,9.369191028574642,12.428636348722328,13.503342691583557,11.884141241888802,10.490990095069618,7.118422903757584,9.82842369318129,8.841752175014348,8.302904774916653,7.825941158415532,12.135021558292577,10.423064189767466,8.964191582805842
9.483016428553357,11.057535798112498,11.898083437623495,10.156306802970985,8.255915761479072,12.174819156110807,6.473782168062854,-0.3395557249422292,3.741289973615727,13.191506281160503,22.020072216893507,7.8374690497638255,8.849430063472004,5.606082027662381,12.444586773005078,8.428647396191,14.398636671888577,9.828813257931921,13.960265723735771,11.69313899693719,7.870088215906465,9.484472492204084,15.054090675810674,13.693750401694752,9.061698207954839,13.724395494982724,10.974382983983011,11.081130022508377,7.896940640324652,9.984345979714398,7.808890779326474,9.058835102137696,7.920206351070793,8.644706366121945
10.489668053259537,9.931942288596582,9.554093719770933,8.395407615368258,7.170669481084845,7.083129638653691,3.9236831891776247,13.527573669582127,2.8752132402851465,12.771191455339146,1.9825648142662446,24.163329935534726,8.435669525817639,14.562364392201129,7.645661805896949,15.879903065061752,4.0604101592646105,11.37426390955229,9.1530337053476,7.277050945244336,4.659137859878756,3.4472962508251297,9.19518945529833,12.508802477067558,5.023925221622922,8.419350236089699,8.169016428056324,9.491001958995387,8.804779929848094,6.2570918381227525,7.446702826169782,6.385720535824771,6.330992972322162,8.729017575352374
9.284788251978874,8.681135938993028,8.543981590675962,7.783986254281128,5.739651391260335,6.681645664893017,10.505217778340649,-1.6169839100062169,0.83407165897618,12.661704564653643,22.211625816884222,22.370523152001134,8.074920358416419,9.867606471820844,11.467940091042074,7.032346823990366,11.514485760169306,6.177105413832609,12.115212077593636,5.000928849563061,13.232612722201463,13.016684272532327,5.788087721945865,12.293292316319377,7.814893158107615,8.308400795601298,9.444803224949512,6.615292392268312,8.87606414036012,5.68472172734216,7.0951490967646,5.365356538095878,7.278504352326109,9.13990141378391
8.685633639616684,8.569189905562151,6.822307676766334,5.631557951789179,6.297880992182662,6.528099776635772,12.27115086432349,3.3870211379290516,3.790368627673444,11.158056889614212,23.674947176633868,25.6218300984215,12.134092299934876,13.374273110819281,6.849004633303154,3.3376202285291496,5.152247460397751,0.004411673634261254,8.264572519764032,5.190381918358633,11.387078021511021,14.82902594276313,8.64580223998517,6.390387199462397,7.227283397578464,5.839402037018334,7.230204285832391,9.271929177966344,6.006839059056339,6.887484349477925,6.960125784435735,6.447886804874897,7.436566363527352,8.237164148457794
6.7775092923602385,8.136691835286845,9.019527549985792,8.695729810312553,8.401585699812705,8.145888935784438,9.407227692377072,3.5963803121440123,9.43284261510616,13.279041516191288,18.84781883640533,16.016220599048808,12.86365227662376,15.358529227084912,9.513997509972073,15.04225824114553,5.489850201055079,11.177882488453053,11.750026181106165,8.649563105879784,11.154497397034971,6.5926999326526765,10.921675619715089,10.216711025029232,3.7355338958047763,6.403665767752531,5.730933070842985,7.419634175578903,5.544362137820155,6.303257609249173,6.479779904860783,7.935820378000009,8.551827282375907,8.589508870436934
8.597938218950347,7.7249610116435115,8.922686305015151,8.604692546216599,6.6154354321391295,3.0753539958269513,9.717773714724327,3.566002685802274,8.003476777918381,24.87599415027481,14.910748096415292,9.454113148900486,13.56565470360613,2.7226311020858227,1.382920701239569,4.9495753531298625,7.289805992944169,5.3013507123186425,1.9570405998391214,7.570524351209912,8.39522421691223,10.559929435848089,9.663412577842196,8.872401398602896,6.527258387164364,8.202900719914847,7.656919183453937,9.436522068791625,7.119023414089723,6.2845909699067946,6.238906332463948,7.032299346758457,8.621983043307782,9.252422236938001
6.94616110070907,8.275705300186392,8.711868454901158,6.319393650386871,5.772739039053167,5.928016333724756,-1.252153777749976,15.133146352219027,11.689704776485655,12.619041050389011,16.755921014524485,25.385447194051636,10.102247970224107,25.736841109902716,10.215525193213264,11.853152580775888,6.133238326295919,3.246383262286317,6.357036488349486,6.4372491633430995,5.783153638361586,5.555916007352396,10.717314311493833,11.37635070853281,3.9051646221011365,8.70805829707006,5.869806480230996,6.014852061993138,6.1978528450853885,6.083546415443638,5.908126545947007,6.70810437504985,7.095243255751432,7.740283607841188
6.152459886166681,7.302172526218482,7.276128311580605,7.629730174662853,6.2342255120720536,4.387734027159508,-0.05499144853434506,11.254794238539242,8.416331895960557,8.07324952521771,11.827273403001287,17.773206688317348,12.490903794585796,5.104986564567834,7.00528094813869,11.828916933474396,5.873076752719957,6.915066291691435,11.194140061379116,7.771232110308494,11.358759320286996,5.755891199331199,9.315391748129485,12.320946566057717,9.52436248916034,8.60168507318184,9.109444608106077,7.059131212593741,7.0364958491381735,5.204846322429194,5.927128443887749,6.61585328953174,5.6585011442893265,7.016588553491682
6.216022184613941,7.15116413499818,7.112363894284525,6.288306022964803,4.78416517656878,3.057787777080621,5.249757393482351,9.377586203041027,11.619126010428207,7.4750118210028695,15.624967778223354,15.099930302304013,0.12603668319303846,4.724099494643534,6.157938555763195,4.304180794384388,6.976103349194165,8.599323384294541,12.166110812380323,9.388014048182324,12.622639366342485,7.700838596127647,11.206420234386819,9.663127553005728,11.626182852186925,11.081979443711187,7.902268614501603,8.43031020323607,6.531272897134381,5.9707627367498874,6.041488618812954,6.654370285850185,5.23369366725822,5.126764685761977
7.651235307820183,8.30879234584519,8.725692635668052,7.0209015929718515,5.6580015140995155,3.931177384351965,2.337334917243007,8.96059888291882,11.671330678029518,14.825195597793112,-1.9763023154400954,10.919329877408554,13.969673869604293,9.192155837436937,9.335602529593121,2.0542149746242586,6.843640090356144,9.145922506971058,8.860791548090482,12.212594209758988,9.861035764132774,9.539568671925512,10.066949286934276,12.346903751270048,13.014660952238614,8.427591344139898,10.442109843027819,11.04480236134982,8.459367311738685,7.209594722999915,6.577026183430037,7.092993266091555,6.212740400953831,5.913105657447639
6.107577216806717,7.821685903592749,7.229022514879113,6.7174174622863285,5.863278934178139,5.529800886202388,4.803058674269462,3.9195509133813147,11.620463254970987,4.4518976714387115,6.221116038778223,1.736477182350634,14.90149052035456,8.93371728380636,4.622076864399402,1.3173551198907536,4.435733839894546,7.835627389402722,9.679026444534669,13.857639877781734,10.623504242548307,9.694452190204206,8.278328053430656,10.955910916819217,8.825929987459823,11.14713635721952,10.898915701360757,11.894110828805246,11.807064627810817,8.483596904940873,7.2344257159506435,6.459258994046508,5.547723530402063,5.280063488169666
6.931529524645497,5.781781522847753,4.808146822687811,4.2044455728269075,4.779291763204283,3.475862678325999,0.8624909994097261,6.3874290614191045,11.274770925949243,11.947803289421998,7.565584691131088,2.920122547223992,5.338573850480226,9.336550559706358,9.867361924098018,7.755689152567212,4.828715928704847,7.543665202914324,12.456503992631331,16.089679783144888,8.156435594014651,9.672537080883703,8.591476912727915,12.78934238942423,9.844695796857385,11.749813504818748,10.553111467415775,10.45281883673958,10.985248805714757,9.642840507158219,8.259668498481417,6.3668248830126775,5.178978085389701,6.550395970499447
