script/wind10m.json
{"header": {"parameterCategory": 2, "parameterNumber": 2, "lo1": 6.000027932988019, "la1": 58.9999434238085, "dx": 0.5, "dy": 0.25, "nx": 22, "ny": 24, "refTime": "2024-10-12T18:00:00.000Z"}, "data":
[rows 0 to 23 of 24, columns 0 to 21 of 22]
-3.6237725149113698,-3.4529890552687093,-1.6286273196634327,-0.15737557055633686,-1.5332777958538624,-0.9187347582403157,-0.5979258199768163,-0.7770765651239796,-0.2697999533072795,0.5984429866047118,-0.7780136371184385,-0.5896903911692797,-0.8510565112479713,-0.7649254202245769,-2.3022878853111504,-1.7407147491326036,-1.0592549311752137,-1.0724052189585827,-0.9628014689902511,-1.0326573376267612,-1.340290712202348,-1.2316831520910358
-3.5488902063702685,-2.5465709656088507,-0.8628309705776489,-0.548726144573455,-1.0019768169200016,-0.294384491459665,-0.5816237559741136,-1.4599789877753613,-0.6668482273176212,-0.2829844979768191,-1.191580728521829,-1.0861249258748131,-1.6556004008714675,-1.2673057646773374,-3.0433374836336697,-1.7267711056208843,-1.2723726416051353,-1.1756350543821577,-1.377279530846759,-1.3210184918141143,-1.5134877816468293,-0.9236082450253629
-0.82034599879414,-2.4257786323487935,-1.3200933852501378,-1.9103951665371501,0.2030003312024107,-0.9608559135570026,-1.7446515584983258,-2.001467750073691,-2.0015439217042785,-1.5250235812479702,-1.746799252989637,-1.5252370405423499,-1.3560118844417202,-3.5442806110746545,-1.7327666646454611,-1.2364456727789517,-1.4273500227510558,-2.5666141323864045,-2.217502994150117,-1.565023282867097,-1.5456427622074294,-1.1730607929134274
-4.617927495254475,-2.539525987504966,-1.3430874106229909,-1.06720928410545,-2.01311336457453,-2.3670091716949844,-2.204465036424753,-2.531020343111369,-3.44757198571343,-2.1006934741969183,-1.884346949179447,-2.302329395814713,-1.5142094997833218,-1.3013958479385956,-2.130289216444586,-1.320146544271289,-1.014290058697628,-3.80498425612818,-1.2763694807995598,-1.4177242105404742,-1.2300095995031115,-0.8362237513574865
-4.192714782709296,-1.0459429118068124,-1.3471942880454513,-3.010616908449218,-3.6543324631150997,-3.020087483761039,-2.7092799698893812,-3.6173689473509234,-4.185224426803092,-2.271729129830493,-2.4020420611641384,-2.8960584866229886,-1.6741654966924855,-1.4683527299879002,-1.2256911739706002,-1.258803928246514,-0.8926166684004861,-1.4170735467142694,-1.1591512668812596,-1.6473739367894928,-1.2246400407588143,-1.0879360738842048
-1.2325608462748177,-2.7748037939509658,-5.35824481512966,-4.307338027361283,-4.173459014087059,-3.6904996268661736,-3.7203096488715124,-4.6950290514924715,-4.531330139489034,-2.397106713181854,-2.817481039086439,-2.802690315674394,-2.41156892349508,-1.691671633792825,-1.40860097919016,-1.2959292225551173,-0.6606960725011491,-0.7455733729160149,-0.8085263193430782,-0.9043871754790656,-0.8618513689530284,-0.48947036405099914
-1.0678000248840662,-1.3440125212678358,-5.355603911522397,-4.15017330684735,-5.374705252930997,-4.295796842384687,-4.825585622865824,-5.159375132723753,-2.597166749506504,-2.342303657745581,-2.783742218670741,-2.815981153479482,-2.319429244229352,-1.2734408643639976,-1.41648692245994,-1.6482846238826145,-0.790665541715964,-0.28383837485326074,-0.6691314877311907,-0.6257103715984822,-0.48323200901248603,-0.21130624032921105
-2.2488189686577575,-3.1654815153660336,0.6403768997889815,-6.300218307687971,-6.547358770670544,-5.2404956073001685,-5.2192433063727695,-4.306735308266444,-2.8142892170648373,-2.1980502745797192,-1.814511076618554,-3.302108342978285,-3.6216135473091344,-1.9347758913497788,-1.4765909518098006,-1.5660428974887757,-1.3425757084725234,-0.974935159500845,-0.34297213815341515,-0.6864800913511383,-0.4278723860135849,0.363488108194233
-2.543733537782244,-0.0414135801355011,-4.3040093464069615,-6.600379780255987,-7.310284888341038,-2.328144666398678,-6.318508290183151,-3.200794332951348,-2.5730411550024543,-4.3243299501305135,-3.9349207490408213,-3.829280639140275,-5.160793628191616,-2.4684253349860468,-1.6493558191799387,-1.5168308441788996,-1.6686777390619323,-1.1871690966591006,-0.8217941239870061,-0.6880356019301731,-0.6563121660496253,-0.47683793007940195
-0.8003446124375048,-0.709506044010912,-1.2925672765026976,-7.127863808654877,-7.104885690260258,-4.9785670368764,-3.578908856575391,-3.279531348601041,-2.281355271777278,-5.0625184602797955,-4.899815826663589,-4.069962249457467,-6.262378318346662,-6.26606568511983,-2.0482414850615256,-1.4689661229050825,-1.439058307298915,-1.3680756635755738,-1.1743525332516387,-1.0153862782007381,-0.5155796377233891,-1.6508506804414558
-1.0477415281897833,-0.2676775094527914,-3.828706508674519,-6.038944242099859,-6.831858221678634,-3.7223522257258757,-2.593519618449109,-3.359118158505913,-2.327253107692156,-2.942140416198613,-5.680531216926305,-5.483299570194051,-5.560267998398025,-6.364905268991529,-3.3073979297998255,-1.8568237775716805,-1.413131668136961,-1.3517214437651641,-1.4854631474850963,-1.3276248131149262,-0.6180587576638842,-1.414957480207513
-1.4697273826475863,0.7247972797893792,-2.1844847402726515,-5.605675957762692,-7.153802156699609,-3.1094021428469696,-3.342724529108313,-3.2142859856395574,-2.188574218587986,-4.08330844327694,-6.5092099496136235,-6.012400898252928,-5.6915394545600435,-4.354275551751662,-2.6575345726483746,-1.9301609732946166,-1.3925168553007385,-1.1275924797841268,-1.1875440175650673,-1.439842846627832,-0.71817431953326,-1.4847520865981498
-0.8265066546280405,1.4837742703379935,-1.560919844468638,-4.570003956427896,-6.493514490786072,-3.634637364682861,-2.724095740537551,-2.809452622559361,-3.2377959867877038,-3.812235676132379,-7.122859336387347,-5.864741931052812,-2.6482833462929936,-3.4520963507967566,-3.299021125826669,-1.9449030998352634,-1.119948073212282,-4.184606239697586,-3.596840667228647,-3.328555885741832,-2.534048893876105,-2.028376826101852
-0.5057849182455583,-1.4358282282957826,0.2088319215911894,-2.650038604257973,-5.411353908667495,-3.322888693406192,-3.186023144832698,-1.9064284313970916,-3.9805597061979694,-4.928161024670149,-5.242516672266083,-3.90592281455162,-3.1440691115825214,-2.3296463001697125,-3.3997543074795433,-3.1645338522352375,-1.4010466972581186,-4.820049996828217,-4.499336484152149,-4.005376517431752,-3.6220651904537995,-3.179490666534613
-0.5984188391039973,0.19581913622895034,0.16162105700888635,-1.791260883050028,-3.437446496498089,-3.085818163269465,-3.442900424019166,-2.300730861663813,-2.4384867596189266,-3.7902097736864624,-5.964036997707327,-3.5317922021676598,-2.6629756461501284,-4.593201308623471,-2.690115983111859,-2.8266581217247992,-2.680445405229285,-5.7771585653649,-4.944200120093027,-4.999374300832401,-4.988885040186275,-4.416595458766661
-0.5018987515542974,1.2732263552401146,-0.416914146637948,1.277595417138044,-4.122537302831674,-4.101004108857283,-3.2055861013338602,-2.965450971492473,-3.231207690657927,-2.777893016417614,-5.704513069755822,-3.673626497325216,-3.0999089174402377,-5.109900922719161,-5.113343622980451,-4.005749462352805,-3.9898430057355383,-4.497342017185805,-5.305114460965646,-6.361701938639198,-6.154491563730623,-6.270127140628459
-0.3412923794179551,0.981723560059154,0.9999398448004657,0.24632239486002974,-3.2950765259336166,-4.495724196966884,-2.893301146458571,-3.077946984829231,-3.7619378343478767,-3.717466370162338,-4.659975228403615,-4.5334642628271595,-3.3612939572264935,-3.6324752771941715,-5.918318269058997,-4.732641444841298,-4.98997676263553,-4.213112312521322,-3.784362945289209,-4.533715608006976,-4.104626236977936,-3.2753847986757614
-1.4567177502562023,0.3421280650393428,0.30928752794806774,0.12074531017650918,-1.7687372816409779,-2.3341273224876438,-2.8394551327854485,-3.3757738513931415,-4.556151175229632,-5.624579635228791,-5.010337939429611,-3.22224959658803,-5.017578121930752,-6.577532413361857,-6.483963403995839,-5.493409384676941,-5.3476817024754855,-5.173232898126557,-4.883108664043512,-4.9046758452946495,-4.900837023426486,-3.457988399365373
-1.0699877034307832,-1.3767760895734626,-0.9211200763377542,0.4712551908623471,-1.0482959305399724,-3.772924696245073,-3.3733236078209865,-2.846201800648184,-3.6091041613003823,-5.730487671652608,-3.8391535744832233,-5.727650760827326,-6.210758145877943,-5.540069484367821,-6.130673842987112,-3.6492450421525113,-5.912160726439019,-6.117969283288265,-6.350780570460588,-4.3009307066029905,-4.884940379232638,-1.951509315921957
-2.624515174288789,-1.8797750156905007,-1.4131133052223717,-0.2159193914760065,-1.9755663694860495,-3.936867865630892,-3.234697415676727,-3.187804491281048,-2.8163149914538286,-2.8378623362953324,-3.3798174784292185,-5.8663410585055935,-5.774827697107913,-3.2853158786253456,-2.6958479541704135,-5.857325584882389,-6.147024030637017,-6.493547015481207,-5.570466993898655,-4.538093981174363,-2.689090193130707,-1.8824476595418735
-3.053848802434349,-2.186309053255134,-2.0325132188139206,-0.9489749191259332,-3.1147315052071383,-4.113044234868776,-3.074403266112905,-3.2711558572772286,-2.3192975712706048,-3.026367202618867,-3.6394641615059125,-3.2916138029339685,-2.866909076588039,-3.3353460280380562,-2.92745359020328,-3.405666074554458,-3.670493006060453,-4.933522414313067,-2.02948119751871,-2.6385699001974583,-2.5179183767256905,-1.7953131162479017
-3.4917472894832056,-3.277919375648453,-3.0848229747928557,-2.2606604626926106,-2.580084985891018,-3.5806675159932255,-2.9950278104187578,-2.867016117873764,-2.21752720992431,-3.055654655824653,-2.9901456303840557,-2.997845646091827,-2.675814580687778,-2.7790875392248,-3.3275616370515078,-2.788889520341218,-3.1173238616450836,-4.836105648722612,-2.5540815026918775,-2.2741329512481543,-2.632328784449779,-2.3108792281255015
-3.6489273595593077,-3.4661313247804815,-2.8855734144309526,-1.6305187250215094,-1.986244038100193,-2.62478485530118,-1.9764825807980058,-1.5822507187427453,-2.3935475435944245,-2.737554452379177,-3.056024148559064,-2.428733497292718,-2.86656073667927,-2.6409974951695663,-3.0161671822764284,-3.5524892695386767,-2.6396879807509976,-1.9396542716841687,-3.104980745780962,-2.17819768601965,-2.1831168448675573,-1.9589837299883344
-1.7524414029107211,-1.5446637579773153,-1.6219465313705412,-1.6977342840357394,-1.5031356269133254,-2.8268995550158027,-2.624104847918607,-2.375850722164473,-2.0789631180752055,-2.282550226798108,-1.804186172536632,-2.6165831112230844,-2.6494236276004592,-1.8724212745317783,-2.601912524784293,-2.4154093444478857,-3.302887183781108,-2.5897408619418316,-2.805449727277964,-2.3941288208834424,-1.9156775960156875,-3.0708437331069414
