script/wind450m.json
{"header": {"parameterCategory": 2, "parameterNumber": 3, "lo1": 3.000054539987559, "la1": 64.9999836372058, "dx": 0.5, "dy": 0.25, "nx": 34, "ny": 52, "refTime": "2026-03-01T07:00:00.000Z"}, "data":
[rows 0 to 24 of 52, columns 0 to 33 of 34]
3.256664411063285,3.009744700711779,2.879040762055194,2.3012846540618064,1.8100255610199918,1.4552288654286019,1.1841541895779217,0.9415295768955334,1.0275425932033395,0.8003337936918951,1.0995922753636387,1.0211503755219706,1.1537163765611516,6.052429477506503,5.991818168863111,5.643146430521719,5.991070064423318,7.331470546914505,6.792956153656422,6.038864144399764,4.727188279069171,4.622105099392571,3.162807204824506,3.2160211180288982,1.5266968788439672,1.2628941905726467,1.0018178393894743,0.6170057062974822,-0.37462720396874677,-0.39307603098345284,0.15002640431892922,-0.10005600871178347,0.0923823878125089,-0.38030059998363214
3.3244678470389006,2.9564459251210904,2.593763036677291,2.2041090764507705,1.7766756695288006,1.2899273040779027,1.2721320942836674,0.48296942399614906,1.3865626611015867,2.8430611486137947,2.3797639150649865,1.138531197410052,1.6730211833995428,5.250391756769273,4.5904539238751,4.133722547438242,4.327957609567523,7.974568979263593,2.4030856752766026,4.755323756537752,3.069603222965944,3.8909123347924517,3.311692911743962,2.5078599852980985,2.208267786898823,1.5527515753307208,1.2557783123840363,0.7553456221851067,0.3180491263788065,-0.16625632290912867,0.7558979505551614,0.9117990135203353,0.25306994513416964,0.4458993686755431
3.147057323785939,2.8523042212943963,2.5502420111700745,2.164414810485471,0.7474928519424754,-0.29073580968708745,1.6942861989692433,0.5990223385725651,2.6418500670828524,3.1214728454947833,3.860001391644468,4.435412182305597,3.179447882498488,3.3379235141575507,3.2314520750355413,2.6627579525435183,4.535994039796836,7.845955899531654,1.7837084598506405,6.9873486256574475,4.154019115246278,4.31625703154261,2.6590873065749765,2.5851695100106586,2.2619728033090247,1.8391194436460017,1.2952739340934318,1.127661790280909,0.5714090559674232,0.47908525915274885,0.9683358095294436,1.5604748176251824,0.07813233079639798,0.45948128791081944
2.3267467295418096,2.541249630099487,2.2824949753161135,1.611536832791834,0.6694816442903996,2.040555988996754,2.545465627799951,2.1655194978023222,3.00960224036454,2.86431639054571,2.590292415651009,2.387627078707075,2.690954826087387,2.6889062612109713,0.3705015413406808,3.3396999735512827,5.718544721476502,8.208050323969879,5.745129037545089,3.9368665800497817,4.12758393318989,5.076407729839934,4.512111165987485,3.3507135112118425,1.6971633723380994,1.3366081387972069,1.455185987359394,0.7641268681937053,1.1453757767713342,1.779899198592215,3.173836748564874,2.374171078161943,1.0295375610811939,0.8811378080388232
2.984017243319859,3.6528305360312943,2.606510834455373,1.8876794770219871,2.287571118776254,3.3307262688044856,1.9961676579828496,1.8466018655853444,1.9813373482983532,0.6818686770813438,0.48887159962910903,1.2874163316235336,2.083194149879455,4.3351677223204375,5.065543121207718,3.281941517878232,4.125974935113121,7.354535919923213,7.898477671143979,6.29884918983352,7.221314580487601,5.214528359893682,3.8389587579313265,4.208556525739393,2.7970585653156395,1.5038194869770967,1.8487098186858415,1.5649539074717567,2.0652472669375084,2.4545556696251616,2.504059253941137,2.2661098159613378,1.7527064152489067,1.0352586715057748
3.3607325169320674,3.051964357705478,2.6637642005128006,3.8742478332462174,1.9520221671340774,2.6482106819132443,1.7986384908150106,0.4957501196242749,0.5145836546138486,-0.9631093090875049,-1.3127886295874585,-0.1278060579591199,2.7152846405858946,4.401216613070107,5.154979780975127,5.0546551978177146,2.686915412389659,1.7781270900642605,6.367256752020774,7.217281674791712,5.917104557457347,5.435589021775761,4.970101995079632,3.9474686583345147,3.2326191079313134,2.7765423757862795,2.336083515302595,1.984037659267727,2.381546104255994,2.2958631046200946,2.337338832700249,1.8362082357914158,1.8716324721413602,1.006761465201347
4.177315824440201,3.0938231656896047,2.66432916449871,3.3268301179669986,3.1767738350679715,1.8928203424437964,0.47462626578969447,0.016372727071236347,-1.519841304341144,-3.1685237848696954,-2.357509345487537,-0.9811380719828771,3.1306163722781273,3.882142644395914,4.020819348874522,2.458281332509922,2.79059604191933,3.541643566159449,3.6604223806718186,5.517712032140785,4.502318777076186,4.954034721626936,4.8965685332418145,3.9456366914563326,3.3287286364862405,3.770603329629956,2.945502416186951,3.4491733893468846,2.4766009887386504,1.1245100786720996,1.6488945016330416,1.3007279107044305,1.0878216794575075,0.681821806260437
3.772801875747962,3.1446204211994426,3.1781045448087153,4.288200819552626,2.8181901656312682,1.023375912714977,-0.31502412164463683,-1.1817154365958988,-2.2733945821458508,-5.248604712634512,-0.4752787897475451,0.13367351214802747,0.7198473924474517,2.0637313726948565,4.744031050530267,5.76819039823422,4.802834641010194,3.05775477562336,3.3283087616918876,3.5210028455110938,4.829243125849344,4.291085522722982,3.7925949010826945,3.0430210889895917,2.7593334451375706,2.6807122178704863,2.918719485041228,2.71636135480373,2.4953492556151113,3.3108842538944256,1.4792855378594796,2.317024057307375,2.1615199008838597,1.5968805715684318
4.1828278158753625,3.4264613328212374,3.3621166097848105,2.317686791684979,1.7903601740362534,0.3411215328057895,-0.8326040872833822,-1.2202674788198706,-3.4862557897901687,-5.301935244403953,-0.4978060575168824,0.07512469064965044,0.39843805802510085,0.7174390309053769,3.6999595264195517,5.017260084553058,6.9066317940109565,4.453603195043997,4.96775477031793,4.551649823501302,4.687974410711148,3.3550926626032984,2.111461679075891,2.3620420049757764,1.5893392736574163,1.444009727685427,2.2253010610812627,2.3771951359655303,1.9408908391533126,2.125050359375911,2.0600335876882134,2.2755330281304817,3.1911759898826575,3.7205462302353713
4.331049856826129,3.87178267456181,3.0372976533904796,1.9728727319025074,0.26529195519149273,-0.7898984216707854,-1.3507506185786955,-2.7157525659961075,-3.038252054386402,-1.6761967357947982,0.554182094027077,0.9904250612364605,-1.2148641908594746,0.7188117906187863,6.548027073070921,2.367021430696169,4.914004815224569,5.074828606106428,3.695405304302323,2.314278719161217,1.3556547966748411,1.3304569330085012,1.319072750132912,1.096817328801414,1.1654313783527699,0.23113661865753413,0.9109401783948085,0.3500187367142893,0.5447895956615686,0.7285562082564213,1.3290672959366807,2.343310373854055,2.2516199248948423,2.7421099546604935
3.9148354744224747,3.153816638107776,2.461139683379345,0.5065147949541166,-0.8143140769375137,-1.9436191038350965,-2.7343337353476707,-1.6182280142588297,-2.427148385470138,-0.6306644985431635,-2.5485423301133006,-1.3381669293914733,-0.4486797773935931,0.9418084713173461,3.028042654890177,4.066561023270964,2.9667257879144637,3.49094435997229,2.390432176218451,1.3847075781455895,0.585486124833418,0.33492982367981966,-0.4611849549895057,0.2693237139963459,-1.1295374505176987,-0.8966617263775597,-0.6710038967926065,-0.3588708447236035,-0.3703108754882626,-0.4740823991680047,-0.025357355951159524,1.4954959295059633,2.318530170445333,4.18219643682542
3.892121943224759,2.8732129243897786,1.5736178254757833,-0.42782708806777464,-2.2586753191378457,-1.8279550531960016,-1.9618146559758693,-1.1770504559927868,-0.9070157775801206,-1.7233417568638307,-0.06781378475418975,-0.09492229749433945,-0.3008644283244627,0.36504131445075255,0.3607224693184322,1.1480199227605379,2.226510961995765,2.381479785806276,2.800589999020159,1.8198944073515155,0.5561256952750976,-0.9006154506240991,-1.578117542830654,-1.639630279402233,-1.247730362323188,-1.0463848794491768,-1.7102964437252035,-0.6616463473769784,-0.5517187980940346,-1.721941769225316,0.08092831152425761,0.8305758774496279,1.256042264050035,1.6500895861020963
3.887894080774917,2.6689991418565833,0.8288514148953123,-1.8944577755686514,-2.3359875098840277,-0.5917080949985029,-1.375894070444068,-0.2809527586594408,-1.314896533599479,0.15260135978579692,-0.8554566839122679,-0.8217539753004245,-0.9029643760739501,0.11612815280311684,-1.431541014309303,-0.4876461827306254,0.7323896902633242,0.3218684029533501,1.4853757251006052,-1.2389223964587945,-2.015934966323971,-1.581818961851379,-2.3438673435156896,-3.2340587086611166,-2.2380012404546665,-1.5276248663261731,-1.0189708117387162,-0.35697753764696677,-3.4267988690308426,-3.1344607823755637,0.19588048659835103,1.8151608688016154,2.8826843092178858,3.714649432654795
3.5265544459352673,2.7080983867820034,0.23704806024085692,-2.705878245950101,-0.01634914834785467,-0.6185804192290084,-0.4025892915135021,0.28493886557669107,0.16160861893844347,-1.3510623910190687,-1.5228576284021875,-0.6483546278468344,-1.1166502036432386,-0.7385497237589833,-0.6607604806328234,-1.5140148148480594,-0.6778401598325269,0.36426808895241725,-0.0377402005541504,-1.9513602951069868,-3.901940079376791,-3.1589122324878534,-3.5107782400749232,-2.7318710275311817,-1.9032217187001659,0.1741412891122326,0.40675702572201894,-1.3221698237816333,-3.6588582645310623,-0.24157580386259855,1.2535114234032936,3.5842763677107006,4.500667847001869,5.29281335815941
3.319460052266629,1.889074943811525,-0.05617335142711784,-2.6250344521661733,1.1823812775234264,0.9303841688020941,0.9068490238622704,-1.3348358159451335,-0.19056676059299982,-0.07435471463304553,-1.3714935019306194,-0.9408693718401356,-0.8034536792465389,-1.9087673451277374,-2.4646031274370093,-3.1378667600189476,-3.3011147106941934,0.24827236371406142,-3.492874998770453,-1.9354109019543582,-4.822333844371355,-2.5602490415189867,-3.4526901057119357,-2.258322762078937,-1.1374028824376932,1.6218965625342665,-0.5344310805334631,-0.745160834315547,-1.4619730514990052,1.91421819688185,4.498718083986876,5.943568848931321,7.453116420647605,8.673548586358182
2.84200221431013,1.2733872348496622,0.19855647571613064,-2.852341497509913,0.8653130809921595,1.3991405762151994,0.8539822330260225,1.1394557238607164,0.07140380356422206,-0.5552610750625613,-2.11183413426433,-1.2777493054555542,0.4306525437337902,-2.873270416233924,-3.5077064647733125,-1.4034636116566794,-1.9027547620480976,-3.6971333451665194,-1.7524705099956825,-4.064531763261817,-1.8563169180923296,-1.8446756701637395,-1.8446259618249556,-1.9766695737297184,-2.9326439378139453,-0.760745746152486,0.6547561135843096,-0.05875321907787809,0.6200312500511886,4.004241631622698,5.312378737128288,5.990543045597746,6.847903323697606,7.854394831369874
3.443940757472719,2.0215563776311587,-0.38959047926037355,-1.4420844268146344,2.204520712543073,1.517079177078261,0.004293997958879316,1.102771846767363,2.030599112208753,-1.9238076266430069,-3.7500383999731346,-1.4595024385495474,-2.5392164853760115,-3.421374756260619,-4.210194179346771,-4.121263328685648,-3.1303518143814095,-4.533187677976849,-2.2327905804822494,-2.3569814239055242,-1.1322597687053189,-1.518726447545579,1.1533241396624325,-1.2706487718548787,1.0656893521668833,2.4428713152989134,2.617913418925352,1.0204981384198915,2.4045826867131948,4.662228146119038,6.389287332365764,9.489622443842505,9.747060227919667,10.304834087183904
3.0398340163370188,1.8616974391833774,1.1678686557137212,-1.7027758182799528,-0.15795751739323546,2.098054678407026,0.651987026432428,1.2730938055177914,-2.056466700694988,-3.6756872287429263,-2.70455895027423,-0.02609438044436475,-4.085803418097128,-3.522734009553796,-3.407886466896141,-3.147204727999395,-3.4795021202963095,-3.5659642283672923,-0.9835112916439388,-0.7463533001420889,-0.08596081612870678,0.5619915490640311,0.09426981010749988,0.9419331483240948,2.3469600215247315,2.9874942602070114,3.7998445783194175,2.682790736063725,3.382644580487567,5.715009530352229,5.881128527099148,7.640198997720538,10.65523469962053,10.356567374461276
3.530758897494263,2.2552466581266053,0.8649976632116757,-1.2385169237349203,-2.6676075947009177,2.7973589990333148,0.19810362379425117,1.1166616171682664,-1.0658283209766377,-3.8157509941753465,-1.4737874226903587,-2.7063888326584804,-3.9584735812180134,-3.836906013108948,-5.1682211688838615,-4.554369171288404,-4.6474450375742276,-1.7828346756215756,-2.0530626306460302,0.07625869582105634,-0.06884679351045327,0.9590782936080701,2.2664364864418722,4.102059858529388,3.3637345568188772,3.023287894129664,3.1746961427911984,3.0087677719387584,4.028047258031026,5.207002484849233,6.117286692153366,3.5519116710148104,4.751995460065879,7.821043640724795
3.514543482851693,1.8493343095764991,0.8276257366338464,-0.11393779077644325,-2.293935074706464,0.0007565196019018879,3.3394623387958347,-0.11498821542834528,-2.7613770989771083,-4.010167843259162,-3.2823999780563877,-5.181394605444134,-5.997350699619359,-2.446108011849384,-6.168461505731433,-3.260885938148401,-4.129500059788006,-1.059041046846609,-1.8416923632792923,-0.20195112232851206,0.0567334899169421,1.6625683698527562,0.8907634453207687,4.455929263622636,3.6269868137173886,4.544366707183243,3.867192959576381,3.5484919411840856,4.194129939411495,3.883027141284788,3.88733437560065,2.742937219802142,2.0169186078721353,3.8734707613076647
3.157753787840504,2.2640369895823116,0.8519516802484947,0.9090299843765124,-1.3011901031309467,-2.1861258778138133,2.510405149622932,-0.3134517648032042,-0.5999259114196822,-5.9181770512224965,-5.588989920144426,-5.052849149856804,-2.0422883413434607,-2.0022843093752014,-6.179987014092653,-3.271271844801982,-3.6604872048805386,-2.7065567549891245,-2.365606281039563,-2.01956648228025,-1.224893689380273,0.5483227659894098,5.240113898900142,5.067447269232008,5.62992386707486,5.75452578759071,6.999480809747044,5.70598803526642,5.804318948719429,6.96507712022781,6.937225214632574,5.429290215523943,7.2408989726504425,5.0623134896916895
2.7374284968139606,2.761271903477374,1.351296215694961,0.9115416135850631,-0.4451823045668074,-1.5248828139796942,-0.5312051119415195,0.8292203971013482,-2.948982149849301,-3.8500748032286847,-7.003545089862132,-6.560630173891349,-2.7445807285318273,-6.137681543085224,-6.936203338701036,-4.534464710746037,-4.726309331463435,-3.7547044725061225,-3.7373241472070506,-3.252185259888252,0.15776100185308234,1.9660553718581366,4.09572597077658,5.253131848301875,6.142794576698217,5.663364384361176,10.309362518059581,10.754554837062468,8.788560535077467,6.991202657396206,5.805889649203495,5.546651739099831,6.774006656494319,7.3002342255559265
2.8625927267284794,1.4729165084702154,2.4295304049951687,0.42968303723638757,-0.9343311081528053,-1.591093479100711,-2.841460449255375,0.003385786122963046,-4.280426463999682,-6.512112600160835,-7.6860560816331285,-4.336927097105319,-3.3065276731517277,-5.408302585926607,-7.255971679794281,-5.372682106098061,-5.5094655743963985,-5.343251805288927,-3.246387970078542,-1.471011374292162,-0.6861916743586541,1.4844254970171304,7.14886983071147,6.915448809468177,8.26945550741066,11.106981357699816,9.963281640742728,8.597506721878965,9.2128085452978,8.817437489794107,9.348691102518414,7.82817508553604,6.891795114493511,8.973851758525708
4.202900600191794,2.450397552506089,1.1310801702521582,0.23774876245169832,0.41154914339559184,-1.8154102177471547,-2.155847029184715,-2.849402700846751,-5.784862428904409,-5.635491905993363,-6.820607141110436,-5.159601728956906,-4.844784332313715,-4.181946542711694,-6.623970883481153,-5.995576268678712,-5.8255529557711245,-4.858308638585307,-2.201950316295751,-0.056135749318520986,-0.37053965556761514,0.3893122105045141,7.004418492893068,9.518249103070373,9.421101985551642,11.29267447795381,10.66098259666527,10.039047222790984,7.674789547725207,8.47026555847269,7.427979606821736,7.676583457873836,6.429728504384716,7.582178862670777
4.661311487123675,2.689545388924303,2.248810892057318,0.5253303015686132,1.069842895977722,-1.2826086357045279,-2.2525505028036092,-5.0792818449008985,-6.797049615627312,-7.75243256957062,-7.910755345942184,-6.061028735991592,-3.923030707501146,-4.652857558844601,-4.628592651063788,-6.411513693418681,-6.327269631840416,-4.206126263536186,1.3925534511648345,0.9499353258546217,0.47554384311310544,2.3468067917278166,9.0469476176501,9.130481255695384,9.752427482269223,11.039755484909689,11.18623778834255,9.743750035847134,8.608799247782338,6.573219917824649,6.782832236634646,7.135516000163698,4.752533257222548,8.032126439870305
