script/wind10m.json
{"header": {"parameterCategory": 2, "parameterNumber": 2, "lo1": 3.000054539987559, "la1": 64.9999836372058, "dx": 0.5, "dy": 0.25, "nx": 34, "ny": 52, "refTime": "2025-07-28T09:00:00.000Z"}, "data":
[rows 0 to 24 of 52, columns 0 to 33 of 34]
3.947363029124963,3.5567912933538124,2.9389013766069554,3.2926208026895742,2.1341423361555814,-2.5192767266229024,-2.665407183983747,-1.6987770545121872,-0.7022319413880468,-0.527046917682847,-1.1921345314538667,-0.49925812391439733,0.4378570904355878,0.5564638444245726,1.1736468371547293,2.140239262906123,2.9779722498249557,1.8302567157747978,0.5709171505460133,0.2419423482814732,1.987377807254473,1.149869335650945,1.0369974558590123,1.0132021016790076,0.16320379970048546,-0.1752422467837846,-0.5865047074362074,-0.252677412419224,-0.14727699463723923,-1.9447132925417403,-1.4624458944581737,-1.4267189988298532,-0.9428736777460307,-0.7629693835037656
3.482528847176872,2.79214306113699,2.3828689707855073,2.749865680153093,2.0666567407268848,1.7513063335380274,-2.3240074858163546,-1.7073176349171721,-1.2300407680055463,-0.4379397328595143,-0.72946946726742,-0.5137347028876965,0.15785546662177624,0.3544757264822263,1.0820507676189002,1.016976447980695,1.6549800856668697,1.6648931553390396,1.4026309640661236,2.8496582888435906,1.0404078666799343,1.4232615741843007,-0.6847086150143491,1.379797056718374,-0.9526090128783611,-0.5984354787752848,-0.3744192024038763,-0.4438131814887271,-0.8668410382181791,-0.9178923627846048,-0.8914590761202476,-1.1974261647116573,-1.1853868658028466,-0.9490742665163739
3.0102150062393456,2.3577643454831807,2.0587245895261757,2.233429259190938,0.6738802433705,0.8657006855373932,-1.711963335735987,-1.8616415798991772,-1.8092426614106532,-1.192830413708212,-0.88447887336302,-0.36125312070591264,0.4147200041353945,0.6582379248116421,0.3046843584307153,1.2729378848696888,1.297911059194884,1.0313287189197815,1.5303927535986122,1.7477890052173894,2.2952077244713505,0.8181915838404447,0.7362532149932547,1.138170281330381,0.5752687191641936,-0.8917425401588412,-0.6030918631532891,-0.4970799405579578,-0.9426042363341933,-0.5876235752629664,-0.9461899619482227,-0.528560647499374,-1.1223738363388112,-1.0983089615228165
2.700986064802189,2.5279347693941157,2.1488590877589253,1.7227626146468482,1.1823393724438465,0.16879120962705185,-1.5644942489688054,-2.826613098990876,-2.159957995781111,-1.4592812075261858,-1.146218053070817,-0.9306633381860078,-0.09872864527156147,0.3478238063339378,-0.027421789265115522,0.6201648440634192,0.8461194063026907,0.6717951701187571,1.9021040456002851,0.7869692630556895,1.6934159172909309,2.132859180537213,2.3108981449410333,1.0026998796338544,0.4561259864221839,1.3209439639175005,-1.1817957342330514,-0.2867019435556714,-0.16414881832585626,-0.8161281076980766,-0.7981290812107587,-0.6829342398754717,-0.5457639801691461,-1.1975855750885416
1.746355265970152,1.4289326391479589,0.5585538860178831,1.0463320468545672,0.38419216604330886,-3.549351286951605,1.9451746737367037,-2.561086464795858,-2.538166636299559,-1.7189190371523413,-1.534056982556768,-1.4393631287370487,-1.1635412100487943,-0.8180171081379669,0.815945648431321,0.11977600835973481,0.7225899429181523,1.1468117750944293,1.4532492842567408,2.589472859944795,1.0448547320078336,2.472758537019192,0.0037554853575309604,0.9492114908546634,-0.48532490222314284,-0.19443179145039355,-0.5934120768198072,-0.5115912239848945,-0.0317178760326258,-0.8043106884192927,-1.12989802139007,-0.46984750655142804,-0.8605144652761446,-0.29814420359126415
0.3524334059920898,-0.27866061898726546,-1.2573269027649667,0.395549586289765,-0.1189604540100972,1.8454836598878999,-0.5841869055848488,-1.618491893612763,-2.689525015165949,-3.1158368974749613,-1.7321808991877015,-1.5330282050084851,-0.8135929169035833,-0.535826703055426,0.33192298406140197,0.5495436300109224,0.8187794324615733,1.2807441266004902,2.0203076582693633,1.8680358995338213,0.3746161078379163,2.1348373820895574,0.1287237075170743,1.1477016063791259,0.5717182875565128,1.1834447502971341,-0.09285871118881697,-0.7313519079271007,-0.31773799542031883,-0.522131970838809,-0.6283030464557569,-0.42836667101439546,-0.6626794805298625,-0.5991607078105946
0.24246722509109883,2.8117836087349386,2.7787082083190895,4.047625548218415,4.848212220850282,3.198603450718302,-3.9429947546964965,-0.6868326874036613,0.11318225459022835,-2.338224033168366,-1.592462933696656,-2.6202358074499714,-2.2889090998658235,-1.129446580806004,0.43437994789895046,-0.6159876209779162,0.4250357774471365,0.7989933658534037,1.4006317133764083,1.4534497504073463,0.5157712653214226,1.503826091184638,1.4143109606899622,0.8523203353612819,1.2184150925335764,-0.49952359469070506,0.4588841009740193,-0.5247432210447127,-0.2073654312966901,-0.09492633849258718,-1.4884045048788705,-1.024930407894165,-1.0218432781050792,-1.0724278527955862
3.0321352858484003,2.0271619368852094,2.7111947237538465,3.896784670294327,4.703015475845418,5.186634909488049,5.022101778845521,1.6065664967517934,3.120200727239928,5.296708052892741,6.061155105573733,0.10878090919712266,-0.04694812099558965,-1.127661648660808,-0.15291352979122513,0.4410134103588706,0.17878352173453202,-0.49846082133416664,1.0840615945420085,0.9288705144330996,1.8584440213446753,1.560153047478599,2.2215495489444774,1.8887032453927166,0.8937826701998696,0.983240759431965,0.11919094234882484,-0.07708954501906545,-0.543683189505019,-0.7842084979068681,-0.800425403646508,-0.7419874418106633,-0.4218453014354652,-1.12970255351413
4.942431775476839,4.355799005038081,3.0109444952079114,4.091176874897551,4.54834397964672,4.716255076841509,5.684097204661391,4.5528079121307705,4.9177142779827925,0.6591546008194032,0.8687616438717388,0.9589079237541237,0.04247074962762246,0.40515441859113066,0.6067718563940472,0.8877202123824529,0.2745233591315467,1.298275366616684,0.06529213390961013,0.7929697345361624,1.3201951110208046,0.4100793979769503,0.09587429328065507,0.8023380468089611,1.0044031547509993,0.8022013756285185,1.1470602240957075,-0.3645223713574828,0.08628287973156752,-0.8597519337237234,-0.6631842957538513,-1.148865397690069,-0.23076274012679468,-1.205776586643532
3.4819493772972683,4.220642030092443,4.558450754965982,4.861845980169178,4.910003799279025,4.868519244607433,4.463366601187981,5.132433509459301,1.5426387557434946,1.3737131044108255,-0.4662513893764831,1.1851834294695474,0.2892260271447282,-0.4130924755904997,0.2323967540303357,0.30855230254820126,-0.05441450695828798,0.8833789114982885,-0.35786891736447024,-0.17877209159678104,0.3494667066581535,1.0380683483747377,-0.6152657103103089,0.3433117870711535,0.24056814044028657,0.957157845437473,0.6121495509625112,0.03800586374303141,-0.026211732317028277,-0.7499173098740969,-0.7624083416695933,-0.24618925205099013,-0.8119978704865587,-0.21543941199893613
3.615574569452497,4.151624422440393,4.119669357151706,4.325883227949754,4.6248019614343585,4.578094411527595,4.468683326695883,2.7102062216670304,3.7001631505708765,-1.0488401319419263,2.932561528281262,0.671516370179461,-0.1928514691780894,-0.5799299282263264,0.22517744681289942,0.44446866265903884,-0.08827967193729885,1.171602834434087,-2.612946297174131,0.24252838950225722,-0.3704776921830132,0.5113018747246817,-1.4309458943160072,0.9330508842372345,-0.20049683514640365,0.6342223477732724,-0.3627070186761752,-0.017891256937210446,-0.2960429316131981,0.0034595932699771695,0.3795139980390623,0.13772133482545154,-0.46055710119525806,-0.6206721892950461
3.4836579200443647,3.140127512986684,4.024688366857939,4.238681157043961,3.9391498742750843,2.540585679507227,1.5369110529168712,0.36059477479191765,0.0035989168307872556,1.719982829368308,1.0692990955335266,1.324912966902865,0.45526293277338475,-1.323274371621195,0.6145466886170957,0.3235029370006027,0.15920214822125583,-1.4565247511551864,-0.8359322685979965,-1.2210594629761409,-0.7568926147778493,-1.1227316045018523,0.3015377974186639,-0.6513362877164034,0.10860901710780552,-0.0006268056218192411,-0.15615144754214758,0.06195538053375496,0.06895877809047335,-1.41745933010144,-0.6076662170501194,1.4120653503908878,0.5967423448184154,-0.1980859082042152
4.0494335220405295,3.916199442604821,3.5365020329553185,3.5900881269898623,2.919175243710656,0.9478008047630514,-0.3129815454502106,0.21634327634927839,1.5541710541696467,3.4534041890082845,3.1460457883466844,-1.3660518142209523,1.9085280689050133,-2.4742063608817255,0.447370696909972,0.5730386349545483,1.3171782847350066,-1.3338437215710919,-0.5832199226672641,-1.0428872188358014,-0.8450668812097247,-1.140390179628835,-1.5476187707325018,-0.3599473516752523,-0.08932074911759565,-0.2732089688607098,0.6245748945975865,-0.3462844654684413,-0.41057387706076676,-1.114579420036557,-0.3287760448862469,0.1934534383871675,0.5215437788458666,-0.0648417323003452
2.791314965119726,3.275118740766212,3.6276390805167735,2.8879482015509836,2.9754252402908916,2.382467575672195,2.0106739161283107,0.13402831187296313,0.44813446800646956,2.2588249862110685,1.3221692780979106,-0.11396168851194184,0.7398036483478587,0.5079917441926445,-1.450337914642992,0.2962235266893561,0.3362373599979501,-0.21695872480778952,-0.2871495633038061,0.6569162758555832,0.742368246968124,0.9862447198074832,-0.6803994246942572,-0.49610506371411983,-0.5395487972945632,-0.021451891491292743,-0.11092337263636742,-0.5162301160454166,-0.12671234028952055,-1.581271128138709,-0.36903152420069457,0.2746493852969338,0.0852021926405225,-0.28227903713293534
3.0518632246971045,2.9275665541247524,2.087558929064255,2.7017029866583666,2.8160639957755436,1.5805288014171461,-0.08763755728664646,3.564209076232912,1.9850497761086334,0.9764040939731808,2.203012604996141,-0.047951123881724136,-0.753546119873614,-0.8956590796457454,0.9570246391241033,-1.5412480275119904,0.5161842335636745,0.39263322314922555,0.12876301861766945,0.7454119323035254,0.45115551489315425,1.070858121951227,0.3995897069548005,0.0800853904596575,-0.7020825062852565,-1.05111000545175,0.17643976535526656,-0.11639510625543842,0.33807641890319284,0.4044117599798551,-0.36968409938339736,0.12570028431924687,-0.9972045930085783,-0.32961540662176
3.3365547101832345,3.1402598007476046,3.4457055748040775,2.4427343119537066,2.110751069133553,1.598604828628021,2.5003531069820664,-0.765409061782964,1.5368377430145566,1.6467557776014121,2.6972247477305316,3.6154808484739087,-0.5444281369163331,-1.1102646064980788,0.9971597244328385,-0.3835582564381555,0.4808997750260915,1.4632024105392123,0.5744832812083502,-0.5874246818982002,-0.09016053973494334,0.6911067232867688,-0.4590582915491208,-0.2939187730197753,0.1385767246003277,-1.1722417412363626,0.6179158696040923,-0.05063734914366545,0.25054905001109234,0.30385999317661866,0.1244677234213133,-0.4816065093028578,-1.0346701984765896,-0.94298438368274
3.7957771174018085,5.007144806721704,4.293640705634509,3.351436462073329,1.3225925347406802,1.1579508759519006,3.4281967263894764,1.105358962152241,-1.3632256762874786,-0.13579498381365165,2.5651142921603673,1.334514316495655,-1.1703975073269597,-0.4666009954593238,-0.2059489588658717,1.1898866325852766,9.622944654543256e-05,0.12604981131454926,1.2428678730442624,0.08939471939197205,0.06645077850016964,-0.25232034420025284,0.16116994410969215,-1.1449175325158865,0.03237048044955096,0.04663946789863324,0.272947539821752,0.7977857493585093,0.3021535445943507,0.4587820547299628,0.14922775419376227,-1.2964057909087103,-1.3014204459419363,-0.7271860611564731
4.394555462151863,5.137426675623126,4.562827328153723,4.46664206681729,1.7202845756029528,1.4782028623185552,2.389258900382569,-0.26730132080800323,5.737282611975155,4.316554432942157,1.6791878866854366,0.4432901439631133,0.5560859026506768,-0.22323600755625472,-0.25235230487141136,-0.8779414501424282,-1.5605687115160278,0.6373972732933418,0.5483533316599682,0.6993002318964847,0.4028505901908398,-0.3776741967012758,0.07865409766608827,0.45580675775587515,0.8017415411668104,-0.06119419119472121,0.45408748377124275,0.1964636016252663,0.8499914398032568,0.3075792764382838,-0.11508437597419184,-1.5183252534208471,-1.1759575515132845,-0.025529753877218158
4.296205194858307,4.121254983684634,4.552458253609842,4.1085825401938845,2.2087721998856624,0.14123701705780237,3.542570168951356,1.3729676877129822,1.8897668826818852,5.583997341820808,2.9350953598714784,1.1682382029867908,0.3753167014090762,0.6869970429061347,-0.6123972575388508,-0.41703239903280814,0.21634143298591196,0.5173174169181383,0.02944574389770861,0.3087753414467059,-0.21669628355137796,0.494241149334111,0.3239103326966016,0.5459056990876796,0.6264793240386455,0.3415701968685691,-0.11271518903695273,1.477451913174051,1.0048073717583466,1.6913131369129042,-2.204320311962811,-3.418614253402796,-1.3568903443418403,1.3662439206818005
4.3903309346879364,3.8764251053733005,4.330850829071884,4.3332758381843375,2.0881943224447426,1.9814493213158502,-0.4773499364701186,4.840885931276917,5.061200722264912,3.775333179173029,3.216143503516827,1.8503750646920898,1.1143200801025095,-0.824833208617056,-0.07434594315089538,0.9136263028912494,-0.6380261877446953,-0.5926495851672128,0.5168118089224533,-0.12796133506171226,0.09140976456217895,0.2774868369561336,0.8500346546276668,0.7114158689246566,0.374303150768003,0.11888278276948148,0.5919869021649484,0.8946083314109607,0.658953261064641,0.9020207651713622,0.7340906030435355,-0.7248593376032033,-3.029176938832548,0.11184460797829328
2.6120358765406513,4.205078057012154,4.974998115511123,4.357060651386297,3.5896767052002834,1.2604821873468122,0.7586270485070324,2.013060118927047,3.039010169937324,2.167492193292493,1.6865447381556065,1.389912575363776,-0.6113489688037637,-0.5611882419761393,-1.730909066111569,-0.015056858506035794,0.05034173122970389,-0.03321258835837671,-0.6419226089810768,-0.11471408551123795,-0.9030695732709455,0.12139766792388344,0.05810530271220305,-0.039525591072478064,1.067009182934103,1.0508364689934875,0.31851735057731406,0.7605412506836636,0.4960662858839238,1.1609157768899898,0.8554107870866572,0.7999709021017143,-4.755314076119782,-1.6801769736895589
3.4817406085261458,4.400560103072149,4.226756845501665,4.7590588723840686,3.890088309736779,3.51597923425323,1.8089083980404352,1.8692462618561843,4.002538511502161,2.071775199427769,-0.5987113812507366,0.258741092581094,-0.4057383788032268,0.29250502991176636,1.103681315084234,-1.223648602642846,-0.22893957966323655,0.21530981037953728,-1.1259105858693508,-0.37249602510726365,-0.4923662134517627,-0.1589576882338843,0.28150286091753457,0.412696985667244,0.42322159440591334,0.9308835073071567,0.8604370322202003,0.8061612567926963,0.8102709828326233,0.8890039657554119,0.5156611000441907,-0.10908699608614433,-0.9107847877229247,-1.6971456177604007
2.6051189222836446,3.6021846774555653,3.9241637924031525,4.579544230856098,4.125820736368251,1.923532441048694,1.5071606729027336,2.401890816927759,4.727535299190725,4.576065586813559,1.4094099020296842,1.6661518365506844,-0.9628971716474737,-0.6497556766503437,-0.9035062458496312,0.31318070150073035,-0.5938508584529275,-0.7717819874334813,-1.0573294435904326,-0.9789127920367373,-0.7450094005099457,-0.3828295801056562,0.10505469639713091,0.6428617713837246,-0.318107215218384,0.6059149809627752,1.271022968417268,1.0256483501601008,0.6179323145725469,1.6626890262336893,0.036648678283024504,0.21770134163808993,-1.9104620562664523,-1.2973843377759708
3.0250649410943526,3.2705897623600726,4.303856932862372,4.144113411964416,4.0727333017369975,3.7335372293522795,1.477597502859142,3.098269380781079,4.551492015618727,2.923174565173807,-0.29412691124730256,0.8783836243775671,-0.5663397883488734,0.1072824328618562,-0.9539253049664681,-0.9315985135661371,-1.075485242180979,-1.0582663298042074,-0.9696248281558961,-1.277507110651011,-1.4415698262485084,-0.8135223725650418,2.4366105128780022,0.6197865679320852,0.3939384951175865,-0.3503662874863669,2.2212405175598957,0.9259537892842837,0.5620588862724913,0.3538775967830429,-0.8197172684807695,-0.7137000889681598,-0.8773185154077316,-1.3382354212570855
6.29327853392681,3.094543126768003,3.514022830014804,4.180812282573732,4.401367770668705,4.898882561127224,2.941682814265663,4.931660918092366,6.021596756902281,1.003185403906724,0.7052838952616631,0.6216812827719287,-0.5425595100999637,-0.1429232070017587,-0.7616558871677127,-1.190943799504941,-1.1146074294236188,-0.8116316346260058,-0.817629975851887,-0.76084111614681,1.1976458668155756,-0.3878570850394143,1.2080246615341832,0.6070161228501877,0.5803159466307124,0.3586631248932566,1.236865950254544,0.6203183900714677,0.35619580153709857,-0.13841505518398298,-1.6979158776582723,0.20211581317775154,-1.2755480849626593,-2.2598957820249796
