script/wind10m.json
{"header": {"parameterCategory": 2, "parameterNumber": 2, "lo1": 3.000054539987559, "la1": 64.9999836372058, "dx": 0.5, "dy": 0.25, "nx": 34, "ny": 52, "refTime": "2026-01-29T23:00:00.000Z"}, "data":
[rows 0 to 23 of 52, columns 0 to 33 of 34]
-7.591468067304921,-7.9358972039249425,-8.366521373169892,-8.462863032920668,-8.976407256554209,-9.995427381435254,-10.073627149915696,-10.55414389718573,-10.645590912121234,-10.518649130136582,-10.40267524353906,-10.318094062491529,-10.228814505735317,-10.231346043191886,-9.871502179639355,-8.444880251724948,-3.45352623594652,-4.661334937829199,-3.4640284425057692,-14.851435617674023,-5.105515981344129,0.368439433153584,-5.40607111192365,-5.9452316275164145,-1.1817938934150232,-1.0466145947944434,0.2161003235178158,-1.8241381597733193,0.14314692774600027,-0.2928605341317167,0.7959546418456067,-0.1737669648838477,-0.5001801023130953,0.7127740264387252
-7.1573267059071854,-7.404117827984806,-7.963291000651967,-8.21733049817196,-8.270362688796274,-8.87360916290101,-9.769797503746695,-9.512821002587687,-9.906502671459531,-9.702072694471678,-9.37827317156559,-9.762743722908704,-10.027781981287532,-10.575791466076579,-10.14405482247529,-9.280359538772718,-8.071857945330548,-4.201876186535081,-11.64000520866519,-6.707505460360991,-4.15039188770771,-4.381273543553818,-1.0692335055661286,-5.766707648011912,0.264146102124418,-0.6528520986602764,0.5650403926064429,0.44138991554512214,-1.297633879193464,0.8012112629567202,0.8957444483112711,0.43676214986860373,0.1195759554104694,0.11223878343801108
-6.322330583299113,-6.4944134844290256,-6.922856186893021,-7.85376630488479,-8.173819386999169,-7.911968815412829,-8.180829814343502,-8.172011108450956,-8.241924604057056,-7.5110785813696115,-7.832773333193795,-7.557702514275307,-7.177931149557692,-8.062325435339362,-8.68595932810445,-7.677257687385683,-6.503386935057434,-4.911559571980804,-5.467264976455909,-3.13373072356441,-7.906089861620523,-2.4808457331475227,-4.250905818648462,-2.2464572080769174,-2.3343383757945615,0.7543244366632046,-1.194492093935366,1.2107611669177276,-0.26061942455270215,-1.5075066990936496,0.5425316163760012,-0.07942505666763855,0.5969838438905247,-0.27605141380191167
-6.098195316667231,-5.981398534401841,-6.019489499351207,-6.577354866630237,-7.46602370192482,-7.284269251807861,-7.586711388612996,-7.96610599798629,-8.347357325697597,-8.62952593004752,-8.582119563116848,-8.399691811159805,-7.330802928003871,-4.773687271199616,-7.404959235711346,-6.548546632744841,-2.3915834049519695,-3.087295415205516,-8.543996063283856,-1.3895957830369237,-8.590085730459819,-4.887633707373906,-6.741178354348569,-0.7232484408631313,-0.4494384232996563,-0.36885513085976396,-0.04475202217326163,-0.3793765802893586,-1.9032880421119307,-0.0047412562027608915,-0.6572454111965026,-0.3683813829905207,-0.45836884815555323,-0.31044578778297555
-6.412966940356537,-6.1972114676144665,-6.038077630396875,-6.097378965714216,-6.67265428994122,-7.182616909250786,-7.5496886762367446,-7.706587897297314,-7.758261445516017,-8.30920180045442,-8.327075173165303,-7.791442352319524,-6.8544642536118365,-7.591779092885769,-6.585830556991892,-6.872284838875507,-2.9340467694303687,-3.6271279939743355,-3.358919141151856,-5.527790005678705,-7.840070360628738,-5.692229052380844,-0.7806447244229018,-2.7897310913238007,0.47562906101932156,-1.745286394734806,-2.1317984632873923,-0.5291449828183922,-1.2193463576249066,-0.7671207629441541,-1.0689121855243753,-2.268055902421856,-0.34640597190213207,0.016283498877472578
-6.193256275058177,-6.42033121758115,-6.265068915273376,-6.222856383041398,-6.443703192274324,-6.435588618680315,-6.84802213077921,-6.826818193607418,-6.679830699969547,-6.912573968260918,-7.20314738196478,-6.627446132225005,-8.519732566915474,-5.948268984216969,-3.2457815904471334,-2.8371133881816317,-0.6517147526589658,-5.024589614721409,-8.231950320040154,-7.706358644051541,-1.8149108516050108,-4.680220486625242,0.2841336959600141,-1.0758149764335305,-0.7281785178155771,0.6089624029098342,0.04144508617466872,-1.4887670566944184,0.7166078451751846,-1.3162276430701252,-1.3056273562662835,0.6015942929641434,-0.6903821826891928,-0.38824549292307325
-4.632109423057004,-4.673326925491105,-4.653287629058175,-5.14301169710954,-5.112398042455188,-5.064027546296619,-4.659384971141612,-4.869352378826588,-4.345742846084718,-3.443747726907321,-3.056223942566257,-2.2564709974854043,-3.588114078571831,-4.337372994822737,-6.029663556829733,-5.880224951031483,1.0159088054005467,-5.7309441774543375,-6.179947822187305,-3.4682767625052033,-1.084004570782066,0.5086002346468317,-2.7032723030102597,-2.7818097052843993,-1.9788321935551407,0.10918443731423078,0.9964974608495476,0.1196708481579039,0.3853003451532631,-1.3022933335221154,-0.1708155580447267,-0.36721478925659023,-0.8576167242933093,-2.2391685295349224
-4.4455567853281055,-3.522592928319466,-3.4746597639182215,-3.210457606007993,-3.0204130556854567,-3.0127126191771167,-2.491699801284085,-2.2908549747510265,-2.2827617887382314,-2.5692237471904673,-2.4289730843710178,-0.7951685239166105,1.6250926077221508,-0.8316592270977178,0.27586217737476443,-0.7584073606167913,-0.9107867271766411,-0.9416402169681035,1.572317089559608,0.9940824023728989,-2.3112501126976683,-1.6733761654064194,0.1481491879760944,-2.8781950182012834,-1.2850915088673518,-1.2181673237576272,-0.7854460581294949,-0.2504023790391842,0.43831202242592604,0.8892636442685943,-0.8465031221719982,0.1961215604053164,-0.15955998842363167,-2.689486928059993
-2.0035406360313277,-3.0662388358330515,-1.7054678863797814,-0.8333853847711514,-1.5652468180854362,-1.0472812834293665,-1.5874714656391895,-2.443476500194325,-2.045934467482746,0.2753447589848078,-1.439509317977923,-1.67729177983094,-2.7297353959790405,-4.856440177509005,-1.5860769473095107,-2.5439669052372125,-7.8551596682998435,3.2721405290363212,-4.906480382470911,-6.176115527931323,3.8126263268333753,2.109360097206107,0.9693502921760402,-2.115567016434351,-1.7550498144074702,-1.8791590042214927,0.5460282362946847,0.587570081722184,0.2271808517435494,1.1426911515513054,-1.4160362613002857,-1.0302442023455207,-1.3572012838485306,-1.1511187843097093
-2.5405571158468567,-1.6416215901343347,-0.6555422580403416,0.24759361860097082,-0.9488826735924037,-0.31024377990189606,-0.3302924142392458,-0.145435698364849,-1.8231169981138344,-1.2021618017175704,-0.9243201477907046,-0.48569043663762046,-2.853147359223426,2.9122201397251444,-5.025004117288295,-2.6214632515864738,2.2554085859835697,-6.033442117715273,-5.185279186742636,-0.8746151723316445,1.3618336042704187,0.5256439185826137,1.8121174304509764,-0.12393128959371064,-0.892200514677791,-1.7931631509888182,-0.09786614731632078,0.01593482158086401,-1.4264058096555179,0.21713535409961127,0.9770263103466932,-1.476323661362852,-0.28407852976570364,0.00900573840233499
-3.3912028625799375,-2.0447426702318783,-1.2372827033076954,-0.5397115425259624,-0.6428391890202434,-0.251059932765711,-0.5139668730258357,-0.5453444781025786,0.7465222195694357,1.4417815940987138,-0.9383111015898319,-4.262857726570175,0.3527072652391776,10.38374672229463,3.983632955008407,-4.980126280613902,2.1449269663914086,-1.372641512317331,-3.4033912139125153,-1.5700568638345154,0.6409524303362063,-0.012398256540015735,2.8593178376903534,-1.8104772207074669,-0.986296876190051,0.6033311473256188,0.544372629533762,-1.2500377466082906,1.5651803839447493,-1.0815630039105109,-0.008706086468853695,-0.4253275746308537,-0.21348067899117118,0.0860282475947396
-3.106971584861011,-2.3295497843907564,-0.7993710674457859,0.13785957984748015,1.6377772979501408,-1.2375167428535208,-0.7837956527597492,-1.8432880968532772,-0.7807076378004316,-6.997600548894621,-2.4174463910872515,-2.8826814701479773,-4.5939089810441125,4.7859330465029375,-1.8719226549746735,-0.7094341627977735,-3.261053173099606,0.29557459193075025,-0.951522074630412,-2.0920327215054653,0.8694941790487718,1.4712159345603857,1.1207592934439459,0.6085118759665251,1.2438564844417863,-1.2222036015518296,-0.3431382404080246,0.027674694193440322,1.510681381977157,1.3089495838986391,0.6955053490426847,0.5056373302205706,0.40483113667847453,0.2841494382257496
-2.1796875982515775,-2.2845128132446093,-1.4132795602259949,0.06334122007086705,-0.25381529009721643,-0.2570395129940583,1.346652140936582,1.9851977935205976,-1.8888662596965617,-2.0009909508068207,-6.300122918311856,-5.753187602916905,-0.3936782118222284,-1.735979791776915,-1.850950067966972,4.35488472842532,-1.3043722229546182,-0.3676560384488278,-1.6663474762231938,-0.4349947070923259,-0.0019009759283198765,1.3099463658938815,1.2192943083690997,-0.7107114166964661,-0.773307335415006,-1.9200854101701825,-0.8995731439969614,-1.9114655820866637,0.5366814655863875,1.5914892426234295,3.7857612784220764,0.7177269582320902,0.24854852110593714,-0.23329732074548407
-1.8589273230695205,-1.9157736331478916,-1.6490063355212772,-1.3081585970061274,0.7657685211176961,-1.657597436461409,1.1525388368155942,-1.0022474203918956,-5.521573807875845,-5.483362865338759,-4.320319471586674,3.6905872606530483,-3.074966799890973,-1.406738480241523,-0.7101216639566814,-1.7852836278680222,-0.2500194949743925,-0.968667279276982,-1.4099818034570715,0.22205436280656973,-0.10439142748651174,0.23519538553452815,1.3921791177538625,0.5803489507798649,0.03466130548840455,1.538999489964924,0.5680832569444493,0.030851974770503447,0.5126628203105591,2.3725519995763156,1.5554522513733704,0.6576425128263736,0.988848614292491,0.6612366213338543
-1.75665233180631,-0.5487717040372675,-1.385828955717298,-0.6721430378463159,0.3429833179594808,-0.6744762152567126,-1.4218505061882745,-6.568152526493372,-4.509616113848805,-2.8314730070669634,-2.7696191475970893,-4.626885796625667,0.2756764240404423,0.1676664461330466,-2.009648035821875,1.025203004722689,1.273566961818061,-0.8160799325681154,0.10288729907066577,-1.811466600388607,1.3858059340741853,-1.772378225120287,-1.2975220304986959,1.1195182677667919,-0.3497134443182478,-1.6617477177379238,-0.21118242442718993,-0.49514433175872585,0.26023523000887816,1.292972448511016,-0.2821792876942977,0.24537456669527127,0.4054064985991866,-0.18327239832854972
-1.9191642143820768,-0.49244388863921973,0.4743935927162354,-1.2794889887192067,-1.2331009342207817,-0.29368267799353504,-5.358985055034969,2.134192234476562,-0.5721289974792995,-3.71430074448248,-4.719502805463666,-4.2387774412769526,-1.6774074810555155,2.2287365393071408,0.27093566960918225,-1.3636986282021948,2.737071662688551,-2.1821564628748518,-0.8419023020915211,1.2751740348952725,0.30615223714876216,-0.6431974274942004,0.8101387768420306,0.9606968853223207,-1.0364641446318017,-0.6486264826440257,-0.7004046029521772,0.8365851350042351,-0.3911604852695085,-2.1227858761683818,-0.8311035964469172,-0.9835479968765793,-1.0696054171599312,-1.4246152505502212
-2.2734907706035887,-1.4863516292989785,-0.6398180603083983,-1.995045391585322,-1.79850836965408,-2.346251475843475,-4.3263503345635135,-1.4546806605326694,1.1225254887958092,-6.564882249552694,-4.292542260412354,2.086901856348959,0.9573124104031041,1.5914982980133328,0.8613477729849662,-0.05438279599393447,-1.1399513936847474,-0.6493958801844081,1.2016551020981017,-0.5883668987864354,0.5939221039958613,0.6245116230390501,-0.6161966958283939,0.9242691823109469,-0.8698934006895364,-0.6157803062503211,-1.0516909026303056,0.2278299004796779,-0.05536149403418009,-3.9808654948611446,-2.61043788331367,-2.5739701646548703,-2.0806783102019173,-2.5939145198460016
-2.9592590764535434,-2.7280752750144823,-1.4823284209708536,-1.3260069052500314,-0.8904436913926654,0.8709450337496689,-3.769229967288628,0.3022007361623964,-7.583999398170952,0.06774417411630156,0.9935560565000113,-0.010755130544587509,-0.40814585793926955,1.2765979581955191,0.3316635842284577,0.37530178571927214,-0.7042744648806111,0.19904402771287297,-1.2765774063555182,-2.148360296022008,-2.2609682942889604,0.8595094726345264,-0.311500576582823,-1.1646839250873484,0.36480946737175235,-1.311350173607286,-1.4262820482577854,0.677057179546637,-0.23661398029438718,-4.614200908701754,-3.72144741055083,-4.227529417541409,-3.765640343565133,-3.682717216942048
-5.84825426590984,-3.4458628811097185,-1.4757598801345744,-1.3320961981903032,-2.0593528441008377,-0.34780921446759855,-0.6788060771640205,-0.5568744641947776,-10.647652377379499,-1.8166015462854532,-2.518167169474039,0.030247710854364424,-0.8226027838804904,0.27438776388300806,1.6262198793394107,-1.3927768180543125,0.5527545340155319,-0.48399632293840794,0.4246113334790224,-0.12026742337173527,0.09177038832960589,-1.7125925668352269,-1.7381253883751322,-2.1296852999062685,-0.5130016116688949,-1.382706584794018,-1.9349031344412888,0.3166080792348871,-1.4456747817142925,-0.7941214768719954,-3.7863586150428574,-5.741261529877466,-5.7268383043750095,-5.816908855058808
-6.143975064712461,-3.4321477324174543,-2.2936335847451432,-1.7955513302598767,-1.5422386983552403,-0.7592974207359768,2.105679158113232,-2.3112596385102235,-9.963933958987202,-2.738572145288929,-2.289630037528949,-4.52921495628859,-1.3800909407265425,-0.06762639555715555,0.9432550841769629,-2.1815640684910536,-0.4985632526044879,-1.2025810357300888,0.009552660176281556,0.3804809263373056,-0.3388420628071585,-1.3503428655181864,-1.5438081905951873,0.13332003703372383,-1.207706945514011,-1.4520799244592737,-1.7233494870090573,-1.1120760187253032,-1.5506225255628105,-1.935896522394875,-2.036236729072524,-1.873476758723819,-7.623497607661038,-2.6766311877125037
-7.094211863196072,-6.524978045173106,-4.586240974189412,-2.0040335652097845,-2.146441757726032,-1.8659107290704164,-0.8056525041301467,1.218680132071499,-12.778212320848194,-3.069673120171573,-4.29598204773599,-2.018853662588695,-1.315929290390667,-0.3193288686669004,0.95393059389304,-1.3285399192872516,-1.3568239936726096,-1.089474262774968,-0.6530818348551855,-2.315638011047616,-0.8006116450997516,-0.46672787161418133,-1.9719478428953086,-1.7941140541871956,-1.874960192953417,-1.8179149686190657,-1.5525473192749901,-1.2602096643594298,-1.0994058091051984,-1.567684242314957,-1.5681974988082463,-1.4813328207692003,-9.47083282788296,-8.747926902936683
-8.627311334945412,-8.14603679294024,-6.441051909413536,-4.469431430308468,-2.9121684455426085,-1.097962705069061,-1.9120939729142952,-3.5244329520089477,-11.652137610589335,1.0379667939270683,2.3839712340042825,-2.063700499903566,0.1702156971957623,1.0605171319387892,0.9851848962911637,-0.5734461500229874,-1.6665737652464812,-1.2158081215516967,-1.0757250122234958,-0.633003732375938,-1.1102423881105141,-1.2576509014666584,-1.4975548100512113,-1.551934978638099,-1.5655384318039578,-1.4788944826839623,-1.2960316416791022,-1.6647513352997982,-2.257487720913219,-2.183695741070653,-1.448940948323794,-1.379346903173699,-2.5103471312119856,-6.858396983250057
-10.993005801961589,-9.828608219646808,-8.580681325939576,-6.499584417695291,-5.1870945986621315,-2.457527214151234,-2.580142799198107,-5.066351735306555,-6.209849126755194,-13.839885965183129,0.33037224900427503,-3.2571414902511107,0.8587260721800865,-1.738692383328,-1.3307712388564075,-4.46470884970847,-1.5514424969829865,-1.606857186374738,-2.654328425166568,-2.66016061196102,-2.129012264109844,-1.478285785838785,-1.7884205455213449,-2.5764383285964594,-1.7167514891096443,-1.7454718876617845,-2.0236701151813685,-2.836721914345094,-1.8568259413312518,-1.9165566775336031,-1.0314057038970423,-3.5282000598953056,-7.832004689820627,-7.784598654026765
-12.92274621064274,-11.890301565364384,-10.766332036433699,-9.649170041397342,-5.520017805229607,-6.685038267184332,-1.9996621177688727,-16.03600368201397,-11.25151288683068,-2.973693263070317,-0.29569533948129795,1.5253994150110235,0.14646503933294608,-1.8065017234115799,-2.1454983682192306,-5.251174592045094,-1.1454829791201337,-3.0022823078743115,-3.0567307593491315,-3.213431111653216,-1.400989014927787,-3.2104520146071223,-2.723546289382898,-1.8588728816758777,-1.8961829084655404,-1.774569873549238,-2.7995427811139137,-1.6266052403856506,-1.26075366568624,-1.2325659533534692,-2.0097224260876936,-2.974707142205673,-8.358853648626983,-8.620008491267313
