script/wind250m.json
{"header": {"parameterCategory": 2, "parameterNumber": 3, "lo1": 6.000198445256149, "la1": 58.999992894266676, "dx": 0.5, "dy": 0.25, "nx": 22, "ny": 24, "refTime": "2024-02-21T22:00:00.000Z"}, "data":
[rows 0 to 23 of 24, columns 0 to 21 of 22]
15.219211731908798,14.975338384936812,6.727535932735375,0.7087736221304188,18.042948230179658,11.362849610449674,14.550432030379186,7.4516905709144785,8.225827646259365,12.348413476885595,17.484428934640444,12.241595307332016,3.511096235474631,14.736862046144926,13.18095586232694,15.682399719356942,22.912537632571762,8.557109912579572,21.300142623274883,14.47233017822155,20.615248719360103,16.875446476579437
16.631593293962954,3.676847113983357,10.783480801741046,17.245913158384415,11.639289537670768,2.135176002233556,17.332196258127546,3.1622887583680663,21.45049721097168,5.81674079506999,12.266193038099189,11.842312973221874,11.374799164472545,6.678085874705925,12.389834008396775,12.716063245475713,1.5361452943734892,11.257519393643472,13.46488759772833,13.602259506437296,16.690730515732497,0.6162193285004185
17.207356714751775,6.721353112774731,8.12476311216651,13.091974947372249,15.375267506890632,13.249709753863876,11.912290462765762,12.405135195371258,17.072585820931934,17.324099910742145,16.543684750451728,8.730751354919583,3.15065096325065,11.509484288512315,13.473100347006204,1.1925066916268499,13.241273054524502,14.185798395562692,8.677662622609501,11.054596711582619,15.644946012025407,16.173714075458925
21.164169365933855,0.7156855035505392,10.570609176232642,11.044821880935048,17.93731539817577,12.461426802512113,0.8097863938639991,20.88896141551108,23.319803810414747,16.338254972019218,13.507681775687209,17.388258447305567,3.5270315478356284,1.8494248330068144,2.153737923494677,16.990686454649502,10.115569995008299,9.079506786342606,15.145704027516155,13.680181043298653,1.1177485820658084,4.861725038536094
14.05244028740259,15.434321579417551,6.72540336207541,13.903036886629195,10.800307263947222,9.139100000373721,16.663371524088554,1.3760006262767814,20.79931767379423,11.210580140846565,13.982684568526906,10.572659025970237,2.238569404350467,2.6208731806809613,5.21086606046773,22.133610392559994,16.15413187606547,10.213122543086989,15.912493658127348,23.426240135278874,11.00534012007005,2.3401532537479617
14.762951873258906,14.880777072507462,4.245150753363507,13.632057231478688,11.368900723177411,12.486109877105426,1.3582098724681861,2.1969039781505804,9.931251075784505,20.10238604772427,14.261448158200256,8.124738549955662,12.818656723241327,16.578092664950656,10.819566288581761,8.918295033745014,8.927601223674642,11.59640619701452,20.184821750455498,-0.13705860180656618,11.82867040198034,6.156517993892073
5.347188571901396,12.349396667011327,8.433398240901761,11.55565931228391,12.533700841410269,-1.222928354320703,13.436626859541162,3.7026378373954807,6.757390794162147,3.1841420305714063,5.343695996714199,10.393428591439587,10.972142164084412,16.485534723792046,10.991700703365275,11.325663786875905,1.6860334304078373,9.787924275006114,22.09895002157596,11.992517578600621,15.789893001530295,10.86140407808545
21.136899238585308,8.897467862717162,10.952352646437369,13.999571726418015,15.75633561708576,17.967013227871323,4.660371842562829,2.344840890620222,5.12327145880638,11.28289998304139,11.154125522347956,4.607133518676201,20.289755913212144,3.4721985808734566,13.470209558178741,7.995338095989864,13.787468848867483,14.416742102620937,6.597947513512221,-1.179404179605471,-0.21243108686799314,14.261959014129136
13.720292200648444,17.638077263008363,15.529878930718763,12.89126581120419,4.363578668832351,7.447756915731408,12.771100184661053,7.815701412372298,13.860388635320522,13.891038312135665,14.932393628135644,15.10511502721491,17.08532054831082,18.5467728847152,12.743654355272842,5.408765278389778,10.655789791313,19.39580689996093,7.007393367981664,12.35437992690889,13.347613576019954,17.297287730622898
15.716435266919563,14.535744839562568,13.866124025377912,9.917928974473295,1.3039504076195108,13.3920813538521,12.976056095212808,13.92160882888106,11.366624762535233,12.454013484146804,5.535459906377984,12.714561513358984,18.33867372369515,0.2916029438816266,12.996838289218129,21.74161379229131,17.518693362995016,6.370686477824772,11.171329960651715,7.394504900111454,14.137350994314538,11.577256067317242
20.1651980700823,18.778302669588854,15.248235434055205,8.719922160383172,12.865420189830761,12.192057732863692,9.998565691195957,10.371785199518735,11.161046040799825,6.593557336855448,13.050535453535621,5.4108754494122735,0.6504999835373356,11.497113196749032,11.170321866977629,2.9218797313675147,13.292949787429357,8.981205879812778,5.500952339974659,8.654717696433018,14.508695264042371,15.904183124846904
9.026777484856943,2.5610097922780315,-0.43381351930863415,13.62225812756184,1.5830021793310134,14.231347431110413,5.7235847502565305,14.742842137705285,10.689417934929256,14.65883703276568,6.900746979388494,12.4778063150851,8.696592551247996,13.449851034301314,15.24474789270673,10.08252006712672,13.786106959844432,15.14024971908753,5.31531454000582,11.889450336424074,10.350986176150759,-1.4051618643586963
6.32913553798677,14.18104298324549,8.119766512319568,10.713630091761374,8.214712614065466,1.2176083668605835,8.582970862893973,5.127060552793255,19.952496052614933,6.569169220117056,20.19730399549235,19.69966732416997,12.830073379818828,20.215265899261475,19.099766587918023,13.58464060578894,14.387404015701637,11.915614523054694,21.010484293274168,15.490677439390543,13.509586239990538,13.882628067651165
19.104810059223247,-0.2935970919583598,11.229862226283148,10.761660526531777,18.69973734747666,1.3211173090011001,13.14435687742792,4.431374317803529,12.596032965191082,11.094077981550534,7.953395659966998,5.216712016991859,7.11442213097833,8.607288156761358,13.207666435341668,0.19125999294956006,10.475864393404898,10.443683715654277,12.559574728291741,19.609079191460694,5.201437201158954,10.516343079222555
10.75120539074772,11.543096458071298,8.837745746296289,14.263008799796781,11.513050736272755,10.926515929837421,10.569483108079872,14.63326532721323,16.16017263952656,8.417670486936633,14.047393736283201,11.829616521719473,12.58202542649094,13.008182840124261,6.204327550612904,15.064608368665253,22.900499487882428,2.415207414287063,12.129579360547716,11.536074183646589,11.952801790963854,9.490991176678119
16.57736524417611,10.955418694216476,11.507941158719634,5.674543259696373,21.25546043720922,8.442570044719021,16.01168772738197,13.970951804743851,3.4853702791119963,0.25942979518684695,12.783567971413975,14.117522960264903,1.2510130421140735,11.685595011481304,-0.4350209791960175,16.9847218542018,8.994310691188447,14.30976278767293,11.18102636596849,19.078814080676388,14.872741511051725,0.6620153007796765
5.249520609915386,15.792956831253681,2.369171589557416,12.695588786924654,9.156555214206442,6.086208448595037,15.628632507150238,18.00330362523924,13.536985765685712,6.854708479494758,16.234697803427583,11.755892177816083,20.927298561620596,8.939367541625264,10.450812105938148,21.915864313512053,15.991523679229093,2.5518823770493744,-1.497731876577745,10.396179233602247,22.713701878481675,-1.3495771326848836
14.188027587177894,13.251575387753096,9.21298260803395,15.318595436366639,6.277536044069437,4.51158093966594,13.101194606054234,15.952419753899028,10.515520187255907,9.18773550744086,10.931615775191622,0.9635306978868735,12.56108645095918,15.13131348464366,13.659462380853045,23.698281199782052,12.464596898247265,13.65479191502345,18.971905142132417,17.099319314747433,8.462530457076046,10.170485405566836
11.718901734891048,18.583527413412945,14.567866025029252,19.3268052155666,16.450122593446014,20.067117380628325,12.469296926722828,11.012808062869851,18.7077657405304,16.606504782103507,13.924229793136428,1.2221293313201345,4.215556830106097,12.115098654751705,11.729463266404847,19.86492529460346,9.964336075447404,14.478122618663017,0.5665119012325215,6.023278816231343,11.937420415894463,10.319235840174057
16.032647034775316,13.60757338952045,15.991009213242334,18.020498452563647,12.941693904930164,20.952611480526684,14.339285975565211,16.398341766769175,18.315279525806364,7.302025576068524,16.60018447359077,5.393625367900247,14.536957346933947,13.115750656317074,12.92829365314988,22.22363111421029,14.238515330170122,12.91681329784844,0.30064294226264715,13.331770667152828,15.560136541094616,7.6155247583180765
14.232103941783734,13.947345923311529,5.06278938307099,6.235334685770747,12.39511083845134,18.469332204874085,17.377610324218672,11.37264161561361,3.733116527991912,15.775435391085466,16.430948037613888,8.614558597738386,14.919690740548802,4.479749869685126,14.845237330264617,11.844070467041934,15.122327534445578,1.4279730892325777,14.959837702101222,15.337128431802794,10.63266481017706,2.285251816182168
17.029954782237002,13.995423273927548,21.295853796003602,10.5913261512469,20.212508824207774,14.680391610769279,2.7860741109383014,15.542622303624965,7.189320148617106,11.208023476501404,12.918583272558733,16.216453872202475,18.02014934174495,15.724071986868614,14.155568338317648,12.452290409502519,10.544537129840416,11.329461643772962,5.371074162103617,13.601011587175236,7.831597293224423,5.420617891166058
12.808394664806428,13.426692502171658,14.154665954857341,10.230597119501688,13.793358436610353,18.934886640288255,13.31833736693572,17.41561964353635,16.01526327508422,18.764646924910082,13.972490208970301,13.964769201173091,12.938834064942183,10.843604712658417,14.632352671067519,19.06645104761537,12.642919470428966,12.316767008193107,13.581418236722541,7.1810496230459755,5.696932397119938,10.76489289862966
16.25714771655498,15.790822208315062,16.32486729261039,-0.397347561900894,15.816100542741335,17.942265627914708,1.1110399410168452,13.344407192347514,14.821707933443964,1.08806252721502,10.940200364595723,6.492575891750074,9.246148898254823,-0.624405447872483,15.324682490549383,4.83002974981107,13.322438994802635,6.596879290474691,17.933585893990394,6.672251240100993,12.7253055548334,10.69814969012262
