script/wind450m.json
{"header": {"parameterCategory": 2, "parameterNumber": 2, "lo1": 3.000054539987559, "la1": 64.9999836372058, "dx": 0.5, "dy": 0.25, "nx": 34, "ny": 52, "refTime": "2026-01-09T17:00:00.000Z"}, "data":
[rows 0 to 22 of 52, columns 0 to 33 of 34]
2.6065422738924715,3.256585791883442,2.870614702479442,3.811708652798757,3.8188747907330525,5.531870066068946,5.348427340162803,3.419599365129918,2.2466289213938913,4.525112467234979,6.2518835309632435,6.238199854061588,2.6739893201967213,1.039921913615103,-1.3927084364763385,-2.5460294924143048,-2.8155847621790233,-4.256871173914912,-6.039229333504659,0.7109089933719789,-5.26534265151922,-4.409860315633296,-6.91742793707177,-3.459941082647583,-5.67942167631638,-4.11540295499497,-3.169772999932823,-2.7332687363687085,-2.0706902948459,-1.5389569035533912,-3.032414619257028,-2.5778777182471733,-2.02884795400335,-4.0770757109474545
0.8816653310623875,1.4237215041666134,2.1646420769646477,2.6126299076623516,2.7961144406436906,3.6188663575803828,4.16968193008363,6.613279215635276,4.936202959668166,4.357654442678948,6.821980990577727,7.872387589740378,2.4249653832614206,1.0387142672240337,-1.1185286096884417,-1.7351562049528924,-0.14564964871305366,-4.896540104741543,-4.807264970467337,-3.96338741758986,-6.648312900613931,-5.945137664480023,-4.775339502205085,-5.543592420047256,-6.0341408545272746,-5.191606781768918,-3.739860926429164,-4.682271362160986,-2.387289007720792,-0.315862272560833,-3.368089110532623,-3.152737602680008,-3.217137384928248,-1.6744157941098572
-1.0578064563279015,-1.172426087399442,1.775601903523568,1.6288968764683325,4.216446134223903,1.136924977600956,3.382184370040462,3.906143748347297,4.744732685826379,3.9535419854623433,4.344062419490146,2.3456873488660808,1.233234234934367,0.49121436017934544,0.1646018054919401,1.427713454039496,0.5423505922944547,-3.422743422561406,-2.927167091836162,-4.646197073427819,-0.0517141628761229,-4.012437846503259,-7.006875494629143,-4.64289811762661,-4.185607778545716,-5.181859137871207,-5.1877442980452235,-3.813090051886653,-3.7798353556524544,-1.4566156855484467,-1.619239506362645,-2.9106800511331383,-3.064831780411805,-2.482976661383972
-1.6157316797008578,0.7270635646739544,2.103023745488161,3.158558063339745,4.121410923934123,4.488224123145014,3.979046200711212,4.300608358453156,4.136182001747654,3.6702418175212874,2.3788427862531973,0.7268283965845423,-0.028400911723988752,0.15541859182210355,1.6227399753131488,0.21935604542670603,-2.2375263028685852,-0.026935386819729172,-1.0383271829488574,-0.5667725774604079,0.04355118795810014,-4.965492168945582,-2.5561350480489895,-2.40392641596025,-2.456338779550462,-5.135162724046189,-5.312473080567065,-5.420420490484728,-4.151588246825901,-4.420774251903823,-5.355906515849045,-2.2032258823005146,-2.787374784129987,-3.0972764260216783
-6.184683692667127,-3.8997923622153836,-1.752797124863663,0.7690951224471357,4.636607410641544,4.4234330243505875,3.7746247669965896,4.152974101878448,4.736832208294848,3.5315816497719967,1.8300830930960175,1.7809555757324336,0.3629620873817289,0.4847758507666188,-1.2819121589788613,1.6111805575764777,-0.29613221360629766,-1.0456250550921333,-3.363008338058169,-0.5348609150702243,3.354635322454337,0.21063470705871998,-3.433775051850232,-1.096349056460164,-2.6404944410977826,-2.0416357282329782,-5.370351989817502,-6.0899701800892805,-4.799153802897099,-4.93474502839671,-5.282122998977552,-3.5073682367877606,-3.648632328828647,-4.41000567490451
-5.025414977637971,-4.2972882960210965,-2.4268897288201545,0.06926533193120647,3.670624329681825,4.4474496707908315,4.264486189461289,3.947037464067875,3.8247319173713206,4.289514213527426,2.229819353345495,2.28161993251071,1.3330785266891703,0.17828499242244494,-1.396022141152141,-0.362930886815464,0.7769252066725525,-0.5013747928458887,1.24957721633059,-1.9965433377400972,-5.704996183082726,-3.0737279785354525,-0.8433578311290567,-1.8925838991042363,-3.251936865006687,-3.406935595638705,-5.792566369187893,-6.120773939368314,-6.009972137782124,-5.385632757079374,-5.575422452947836,-5.626095942970253,-4.493735224725332,-5.362483879744436
-1.9315326757708082,-2.262098675339192,-2.1798456418244867,-0.9757356131447382,1.3174564564566094,2.362441716303034,3.3368924057030966,3.9849825715527385,3.2055272346906953,1.8825508461783105,3.289028256183908,2.6391763535241024,1.6614948014879563,1.3522230500932721,-2.528948659624143,-0.3049358783236363,-0.2809532550560751,4.226040696147389,4.842195507229007,1.367029088327737,-1.044336721795904,-1.5403706205375793,-1.6400391236478777,0.11019809663915445,0.09552244257464292,-2.8365650330895584,-4.345539049810204,-5.4740236576221495,-5.715459753194134,-6.006442936177179,-6.320304764643322,-6.852253407997283,-6.4849126470429255,-6.5708900746692365
1.8219961100845605,0.18391358934314153,-1.4105368316302365,-0.6867822766891134,0.6764653688600888,2.193783685157024,1.5009310341103226,1.510066373476158,3.3231304989081174,1.8635912471997005,2.462992011433684,2.0285656932652185,3.490924164979346,4.623372368170024,3.404284713194609,7.385873401046624,-1.8460442460081365,6.040233641470681,7.0981683564230345,5.766522415628103,2.7535771175958725,0.31526292075983664,-0.6973846620145827,-0.3062551275864428,-1.9358117327416524,-3.0597173791745154,-4.608816104367181,-4.266745614660789,-6.756405606307135,-6.0951303441738975,-5.907950257478669,-6.246195136604699,-6.1708414679566665,-6.649474671607593
4.44530288909721,2.1829289088394273,0.7612062424820591,-0.5978548459163983,-0.8655270790270322,-0.9740779108119032,-0.8601370035223609,-1.743767890497748,1.8883379404737912,2.00625259119816,0.6150242789194905,0.6991598412025402,3.0719848909560326,4.388008232018175,4.842136165099376,1.0151667644939308,1.3346893219689429,7.750843340657019,2.666683936511959,1.6176105999347927,4.636258136842124,5.034421929783625,1.514650365853107,-0.6100225671400863,-1.7190091499052684,-3.9364025965807685,-4.515226202450913,-4.956263041434748,-5.945270683071939,-5.694949368657718,-6.051380256644839,-5.849027344813375,-6.451797173517372,-6.996043123076937
4.268739184643928,3.7746482543634454,2.4611202360140036,1.1068867682126506,-0.10110717242386168,-0.9931488938796166,-1.3238104580549521,-1.923499551663432,-2.2641580916562405,-1.362200839224552,-1.174552745642491,0.1554399536232332,2.801728741967333,7.523593499461343,3.801961469743574,8.053877239893957,6.780866348162243,2.057665818874388,1.5060971800961453,2.8107798917566758,3.6851105116549467,1.2080531251853532,-0.3052930806873062,-0.7971286010722936,-1.575342892983432,-3.7732363185453215,-4.098392347497188,-5.252438453708528,-6.640247260807806,-5.492310168247961,-5.703807133441183,-5.999115179645784,-6.899672051472261,-7.561482965424767
3.5724029501964436,4.047761358350103,2.9179533470159518,1.6000649315467113,2.3156847770601314,1.8324403925941537,0.5247330316939818,-1.5392234222008336,1.3845404265080896,-0.14502359387403996,3.4007799774141723,-0.8874359930317106,6.432059994710563,8.344082543428163,6.786597347841996,2.6846056025674043,4.486181927058399,2.218918174956434,2.3602242808744895,1.2090795005963841,1.5075381386307047,-1.2461484476842457,-1.8038768331580783,-1.5682426021055056,-1.9628613155143475,-4.150352585658433,-4.921842943961037,-5.061346446556819,-5.517826356873527,-5.948454955297886,-5.827063446069472,-6.415590628012712,-7.265036180540639,-8.026969378562505
3.3946182351416496,3.0829892291069023,2.1603292594532326,1.0795002049412645,1.9526485251454102,2.607786760611782,0.43951114416435155,-1.7301600869344156,-0.008001255200556103,2.6950663829581085,-0.02132522914487445,3.0327221070772956,3.840853605095428,5.051857332113444,6.799719090243869,3.3293314087947667,2.2079751820631013,3.520000446555121,3.196958400114763,-0.1800941618491874,-1.3807322002149442,-2.5057599504050416,-2.2830345021404033,-3.7757659902476552,-3.120382482144828,-4.098399991423945,-4.499646252984733,-4.9820960470612246,-4.852581098536323,-5.927160506098953,-6.311002517059017,-7.101229664833016,-7.726709030699376,-8.164927564880244
2.287797915887817,1.755606516070628,0.5080647538657557,0.5343355269479458,1.225615458847858,-0.3048349055866056,-1.854216037555435,-3.153629853711771,-1.5472883181714103,-1.0733271694479187,1.1321086731733463,3.4537229666188067,2.35690706501194,7.12830692474462,3.2821140047943036,6.2964393140372215,0.9767287192858285,1.3881004629170448,-1.7535143861278557,-1.4705867688906304,-3.131482387859632,-3.6229799298656458,-4.958388857294183,-3.4838787093137418,-4.385325284680189,-5.728947731116357,-6.031952935927731,-6.487363789717481,-5.658992055535859,-5.966357471278611,-6.807659242643147,-7.663028464080392,-8.224212665414626,-8.507841689702117
1.7737123726769912,0.8721738648440646,-0.37046772662907823,-1.189929894914368,0.39794136033684235,-1.2641044341420669,-1.3760079012892705,-2.19262589929301,-1.3704880392871956,2.6280406358000814,2.5918688067819136,4.077876508338585,1.6195917170063696,-1.9643273489461315,3.639673883415217,0.5450294512988861,1.1502148253725968,-1.0136874262346753,-0.9466313762874335,-2.6772095794226924,-4.069084326623939,-5.212501477501894,-6.229868183098219,-6.217841652855549,-4.422920828904988,-5.449436805416176,-6.256482615890027,-6.813131863735014,-6.780778526250051,-6.545334501889974,-7.539638314122251,-8.325335412153086,-8.858615638670102,-8.420247023470736
1.0969596437527285,0.1639959051032552,-0.7625213693574265,-1.6777367967250518,-2.578766074329072,-5.040507327338038,-4.151110484317795,-3.4749735561825466,-2.8922847256975417,-1.9411017408748847,-0.4956926337933462,1.4712003003947143,2.6510682222502227,2.2719225051128498,-0.8940986120114979,1.5734909048172505,-0.7433054173426595,-3.1601775019428993,-3.9081137509729156,-3.7547699491200333,-4.6185535995396565,-6.069513330545049,-6.544747483308502,-6.070270810341351,-6.254506832165787,-6.7114536553014785,-6.7171548900529086,-7.418513190245959,-6.949763379594268,-7.251636207756804,-8.28790543429548,-8.925320514065831,-8.908550746368476,-8.628655504170466
0.1692234787142388,0.10124388369573371,-0.77723288537634,-1.9989544678419666,-2.338398464927228,-7.771273954242582,-7.71405722785924,-2.582800684293675,-4.072298513556409,-3.646642850346224,-4.76139767409716,-0.8055671240968753,-0.5897852790339664,-0.7312171410882513,-1.5191521433446988,-2.2330624017668628,-1.9581899995403713,-3.0466342376382562,-6.554191692130144,-6.194820135525347,-7.221033689284689,-6.669205651835255,-6.878190303518464,-6.851086557321144,-5.778001776491117,-7.1270530113933885,-8.21735011208018,-7.557621542513676,-7.511714524568114,-8.167087977099143,-8.926893265285997,-9.337620495342533,-9.066455351568102,-8.981550544405012
-0.5354096840646717,-0.7649823024228581,-1.2760040946397202,-2.129323849633843,-0.6680529675110819,-2.2829040134798824,-5.125448041796462,-2.655585429252138,-5.8870526613536045,-0.7867112438057065,-5.564741794354127,-1.5450931566553991,-2.2580847685959213,-2.699551111107587,-2.409187983836272,-1.741483999623097,-3.248896286380996,-6.837502059811657,-6.158936898056991,-6.994377418878471,-7.911311104935432,-6.80655980597014,-7.9569632366128396,-7.980190943786242,-8.212914449001568,-7.093742118085933,-8.72726690865067,-8.256452021923078,-8.349195410366299,-8.713719935691994,-9.377059466897164,-9.59069388294724,-9.418803043790028,-9.396886073473144
-2.0694138483674647,-2.5165895367546622,-2.3612560927837154,-0.48228084000292865,-3.7846291675326897,-6.957251041893295,-8.265884365959273,-2.4893007315160496,-4.658819744262015,-6.416348113936677,-5.6578371074460225,-3.9986221472066728,-3.697889104965667,-4.480084187262275,-5.207897301714623,-5.044483097072531,-6.51494143201252,-7.982068114695432,-7.076184503704966,-8.465742559614677,-10.095816172119155,-8.513900913945598,-6.74884676129767,-7.718178242096799,-8.364479991299115,-8.458360532011715,-8.494212376688177,-8.5409773559302,-9.238647694935059,-9.139503364138632,-9.556731172590116,-9.783440284725279,-9.530966657593964,-9.331384737429701
-4.089326051664327,-3.9089480234413077,-3.6342961410062777,-2.304094060050902,-0.6677646042121929,-1.7951047760001757,-3.5336370022812575,-9.834252133069239,-12.795473138566818,-7.0271861461868435,-8.672762456847789,-5.553499261906239,-6.2969034681028795,-4.545663305663099,-3.845988807274334,-6.427281707912578,-8.397640404605127,-8.147380567107076,-7.385172687731518,-10.347646554842676,-7.989827578625616,-8.804072828119972,-7.7164995941233965,-9.299087864150478,-9.287928340195213,-8.642755674648797,-9.189766864554285,-8.689473880266254,-9.037368938487402,-9.611524749735247,-9.522671639984827,-9.80240780156954,-9.927600026514119,-10.629688183503557
-5.482467836211786,-4.98890799562057,-5.301165010947079,-4.257053253621662,-2.139224244188839,-5.0619887990332915,-1.5031647122579535,-4.866977708717276,-10.299812852799125,-9.003288561335891,-9.100627106797177,-6.857279495532771,-3.9882745379755207,-7.944543737538063,-7.963421872176281,-9.084724916670652,-8.442509756245606,-9.360726423318681,-9.824532556749476,-10.822934948935476,-9.530927091331678,-8.961074030640791,-9.52407788640559,-10.04041291950165,-8.589635449793624,-9.30765491781926,-10.10930904553306,-10.53488940916647,-10.567422870067949,-10.887717975606838,-10.27934359637629,-9.938717094853713,-11.818579258347354,-13.622961203812634
-6.624625880215503,-5.929889962036246,-6.943833469932891,-5.954482243803542,-7.566495571071162,-6.563989423046815,-5.136632310179334,-1.170097042189942,-13.626977486416196,-10.694293960025453,-9.723301231561978,-10.035148939617118,-9.145634217049514,-6.932321388620126,-5.389795759647353,-8.764728172272962,-9.928386773934019,-11.465964187297248,-11.565118546672629,-10.973995393103355,-9.644813730478116,-8.938579603669515,-11.67149625116214,-11.049541294914844,-11.109207590513694,-11.118029517574936,-10.730740785552879,-10.169765980921678,-10.5721228855931,-11.46929796951764,-11.084106607770842,-9.956609872283954,-10.533548388532994,-12.826118900458098
-7.228166830996908,-7.576833761494961,-7.56793675088453,-8.325146630820987,-6.904672202504423,-9.597168141431238,-14.092299113686384,-14.809734257741843,-16.096107580409303,-8.032855707260593,-10.36483011669347,-11.520600393172533,-3.4857807192904477,-8.880771136119932,-9.841420574645474,-6.479195623325766,-11.310556274529775,-12.58379261129121,-13.321675511651517,-13.626280982084966,-12.58885893309425,-12.384774842793473,-12.98853737966897,-13.178251210479086,-12.53529263220414,-13.437667271971897,-11.861987262267569,-11.627295175923837,-11.673499632831435,-11.395087646782695,-11.36651048139277,-11.203433042993678,-10.703449541506522,-11.495922304264015
-8.497337379962081,-8.649969149325376,-7.984098290386355,-8.482609151532014,-10.177355488297191,-15.005119226364775,-15.111978415097138,-9.463610622748947,-16.59471631274061,-17.541222363249865,-8.827626362103228,-10.969711187792399,-8.65761378030193,-11.187473552534847,-10.364499816506603,-8.36321282555205,-12.922050944685203,-14.58302537794752,-14.133712766928324,-14.915213091790148,-14.165778799401105,-13.521888424502514,-14.295793235818836,-14.420997339301495,-14.325475344955999,-12.808313119816933,-13.003579546481067,-13.460904159150289,-11.985476641659814,-11.753323511793964,-12.31396395988229,-10.764135027811752,-12.349587687586274,-12.575450608978631
