script/wind150m.json
{"header": {"parameterCategory": 2, "parameterNumber": 2, "lo1": 6.000198445256149, "la1": 58.999992894266676, "dx": 0.5, "dy": 0.25, "nx": 22, "ny": 24, "refTime": "2024-02-10T16:00:00.000Z"}, "data":
[rows 0 to 23 of 24, columns 0 to 21 of 22]
-5.43476743510063,-17.177266775528103,-8.03565901565227,-6.18229513795745,-7.433351647013338,-14.373613171616478,-5.36159632800579,-14.86086923483244,-11.81309285912784,-16.96347454086826,-9.116134901986657,-14.369355297318132,-22.642734478249086,-5.969350969972714,-9.78964641595699,-8.809451298781044,-8.848730859111951,-27.38808481159248,-9.062172287668389,-9.913197477465962,-14.012300180457371,-12.602357143960848
-5.776941524227111,-12.376207759663375,-26.620966865128324,-11.587638192410685,-5.943895988949122,-5.421733362674863,-8.95292803091266,-13.531008521998194,-6.996048827047077,-5.1637268211497815,-14.010119707191077,-9.314927018130478,-7.960939177787819,-7.219494083268684,-12.543017212618922,-3.7278214544163313,-13.087746750730462,-10.67027778770693,-8.502477292930289,-16.008726752933605,-6.7581543079053334,-8.514797514635966
-11.9678118698685,-14.821973376027673,-5.1496563436521425,-9.705800665243785,-13.320267857368249,-4.465128253285797,-9.011544516988803,-8.982579758184999,-14.784237655091893,-15.157539870414798,-12.279567644302036,-6.267796813974163,-8.833058935865697,-12.682131863135659,-6.588289111862505,-10.268561249660943,-12.728328479076096,-14.72676791338073,-12.114737780528626,-15.257278686143612,-13.085663517317444,-8.932474644955589
-10.724239864381861,-12.249316644747445,-13.143781210357574,-10.863437995453053,-11.884281687958303,-4.965472584047552,-11.927330117301143,-9.601718988552777,-12.460494119598406,-6.3006660924022695,-4.295375601810131,-6.406644900976663,-4.405834575539259,-9.069525768369184,-13.275552619042486,-12.614823929917806,-6.8901563203345875,-11.266737544936268,-10.767688392868566,-14.84392534699371,-13.986888167473241,-14.882250570488385
-13.389199207435174,-6.388126412619071,-9.682136973571586,-7.721521242277288,-4.231299897976996,-10.83184755658347,-13.571536801567351,-9.585768751764705,-12.671153787612878,-17.595912257291634,-15.06440862125834,-11.161151685462004,-8.214769602630362,-3.3138796327781015,-9.932502789705158,-5.416034486105763,-13.690458827458691,-11.388930780383449,-14.718294850899799,-8.265693528401325,-6.738304453025609,-14.832801727538342
-14.213977200154908,-14.924803366589193,-4.869645054610238,-6.854790391433402,-11.029917526159183,-9.045256934582905,-14.175581904181238,-10.339446563117262,-9.052723341949049,-10.767736216921527,-11.021521246797302,-12.630464468916397,-11.281541925730249,-11.113936193652972,-10.129280101638583,-8.77522383341384,-12.092002858787174,-21.801008354653707,-4.546799668438529,-9.476718463051048,-8.113999774770637,-13.036511702055597
-13.787924965919947,-14.203216440889296,-10.560557808587378,-5.50954417019062,-10.854304752240015,-8.970705004224437,-10.358657408425625,-9.064640897009353,-13.896169502617932,-12.016466169202864,-5.9115638942386335,-11.84461119528107,-18.551505497432043,-11.19820921356627,-15.949754094768476,-12.438962356558191,-9.210067449798526,-11.633088525385071,-4.318521262309946,-18.413081607084337,-5.806609891650315,-12.843335306950921
-13.38962706074153,-11.541881779802454,-14.934857467108516,-10.236590610757501,-5.842138112964582,-13.622707920551386,-3.945187154235572,-12.207599993831186,-14.642232376609709,-8.686363553356482,-14.653486677276284,-10.433134469833965,-5.530924912057296,-11.869695289231787,-17.404214710851644,-12.180530735570542,-13.44177989127941,-13.023737465380218,-4.630526676573058,-7.527890381907912,-7.640129792846689,-10.477866420518195
-10.769890156215926,-7.770375553393737,-10.91182765587768,-9.737848292928975,-14.051358188614262,-6.084674878776385,-24.954387325290238,-11.457707548963178,-7.980884841675549,-6.04668121842619,-7.571941488378204,-16.46598563621009,-15.72923061622298,-8.835890303794347,-9.910540655275268,-17.05635522464536,-14.41273342799468,-11.434357911221507,-20.388209633049073,-14.461070982210028,-11.943799988310897,-17.768893925302837
-7.073260758492927,-6.210070457038191,-6.9710464747133045,-14.418715175611977,-8.441655066418452,-9.648496942093653,-14.5443129176503,-11.95876012037547,-12.33398195919773,-7.431770797503678,-13.787477034536721,-12.555154683056045,-9.345641863389869,-11.37872738982531,-6.175174799360342,-4.93211695079673,-13.373901906674126,-15.665197926943971,-13.445660626659404,-10.56833331242083,-14.222520999746724,-9.907838754228969
-4.970229098878445,-14.483365016293227,-12.431420488903441,-26.660867648311736,-9.432719078910146,-17.292215826157914,-2.7205326403795143,-14.782544556761861,-10.529756974193276,-5.1135906690318516,-16.143757247116696,-18.830714851091628,-10.511893219367625,-6.283958260295657,-25.189940177656407,-17.517517566439864,-7.152414760509648,-11.808562281322782,-13.697681849545326,-7.317570707589474,-13.797446658967674,-14.612276046157042
-7.445924999607032,-15.000992950003935,-13.432864837371623,-8.806537200572258,-2.5035756041622217,-12.22810469593368,-11.6740721600469,-13.262859470407282,-11.231660246882864,-11.217556907275737,-6.056646087546231,-9.502962270272873,-13.102116492680521,-5.721406424666461,-9.330263796825436,-8.42206434974021,-12.62884737390139,-12.58422848644912,-10.532232735094126,-15.026216575989475,-10.897855957160242,-6.786241960685074
-11.83682249097451,-2.866688460448503,-6.517528950111107,-16.650325805371338,-10.988269219911455,-9.028653100646235,-16.492889872691926,-15.219358851352375,-12.666187143459997,-17.93564991621912,-12.8187357927143,-13.479363666656125,-12.970181652078116,-12.4341709913289,-12.151774987389606,-12.066439127492838,-14.154759892229965,-23.97066584085759,-12.728011731845342,-12.91468651071897,-3.4738448683079177,-9.550535630270446
-12.205119143836317,-9.269021005865133,-24.944913178978627,-15.164666320669554,-8.555510366841443,-7.053401970900043,-6.297104631253158,-11.49879953444878,-10.474385354951066,-24.380785359545555,-8.834790627691246,-12.184786797205975,-7.276223018006918,-13.239592196215792,-13.96259155447273,-4.664839276481428,-16.828589821558225,-10.183666704733517,-10.240968895743626,-13.675672554637666,-6.794091232164135,-12.477153434752825
-9.782927590813324,-9.405215226039552,-6.702238234701004,-12.330777970171567,-9.912572148039157,-5.987985203960678,-13.386700200319634,-11.628759102182116,-4.433407959305369,-12.517879538422948,-9.997767889007909,-26.64466467719188,-12.454448687532274,-14.076110314073574,-8.030917853531685,-11.330244978703393,-9.30714231163683,-4.939012228284417,-9.888670473901628,-17.853621632415013,-18.83036177647738,-7.344115609712747
-13.144103480240512,-6.357642226630926,-11.950231204099573,-14.684319701984405,-12.548902335302785,-11.439866226243225,-8.793531747259232,-18.11154093701855,-10.190478840636937,-11.491026114503718,-6.725332549077054,-14.950194071408974,-10.801415633971681,-9.688059764246242,-12.230327228116995,-6.313311024513133,-8.176667899584752,-10.599672919459007,-7.328184031912153,-8.316219405462913,-13.27604275340955,-9.594344250674677
-6.377412229301442,-9.64292714754712,-6.10672054149505,-17.269898173760712,-8.708831227909627,-12.482301091848566,-13.355521627898115,-14.18015204119823,-5.497421699515284,-13.425400843566932,-9.858608380320108,-10.326050928895791,-5.119956012536691,-6.354602152989553,-3.2906013123090734,-8.668253977610059,-6.556478660631009,-16.94065833232669,-7.247268693041084,-20.338500604414158,-10.275706246547344,-7.395106115646972
-6.585093167353294,-12.78495428322541,-13.683439419839743,-4.263732802289914,-15.584729362839516,-12.335786040022787,-12.86893748582615,-12.916538516593658,-13.391689236183097,-16.604541911170916,-13.649885929603599,-13.221576969068785,-16.107553130180232,-7.754978503267064,-6.0916980310095274,-8.767580241989942,-15.81149308906915,-14.167426382656268,-12.898301677918834,-7.653851938766081,-6.497136510035342,-20.681202915885986
-3.681675298728823,-7.260824926406096,-6.308739971141251,-16.526539407091423,-7.710376935331113,-9.661138295146015,-13.113989181947565,-9.662269961891225,-8.75282588513325,-14.437670519666543,-12.501510899421842,-5.050155843845771,-9.299283178759442,-19.156399305822625,-9.985953164084151,-7.971941382629729,-17.39549799105832,-10.835796530338811,-15.500763114798659,-4.713196430666453,-7.960636614967856,-12.501912127538635
-7.855273738751597,-14.033352050667219,-14.773598731272589,-7.663145474175814,-15.192548162439477,-11.518169875460165,-12.246165323895056,-5.959713904226188,-10.384161862718601,-6.725146914278092,-6.383564115345542,-13.97061569299329,-9.189458428794824,-15.253326857614228,-9.529469144134948,-9.797308606528002,-15.322246361340909,-15.625436529604277,-4.4622534196200165,-6.432243384009929,-6.0082931233662995,-14.938482957366338
-12.56855671106677,-10.37883723791242,-4.775572736827352,-5.837986394754319,-8.175629205482727,-13.367860226751352,-9.295233442166495,-16.61780132984525,-6.388780078281637,-17.558856992776864,-8.772553442300794,-8.546904676630158,-11.851068936538008,-13.401796987078104,-11.487755182263921,-25.885612700265078,-13.129510822918865,-13.893546737052267,-10.817227583334054,-7.996282233055023,-4.406870356994297,-10.859434568805476
-11.80151783453593,-10.196076211231672,-12.49794310719765,-8.058571108470794,-12.826382829808484,-10.913088692007307,-10.360225904947695,-10.37828560907034,-14.489741972203854,-24.319519293976523,-14.028839673682622,-14.953163963479756,-6.9429111301569515,-12.97493921820734,-12.093345487772122,-6.754671354681592,-13.31580571499814,-21.478449638774265,-6.714787135409534,-14.040922564325328,-16.555240798047482,-4.590008335767478
-17.911231213497704,-9.906881978956273,-12.518338720926714,-12.737593164286155,-14.545571252801734,-14.460400145225305,-8.750720720080691,-9.431362422433182,-13.694461443637033,-14.374801462530566,-8.557737769860205,-12.60835468721589,-17.095107607080912,-9.064325576106652,-15.899701228270317,-5.00829390177497,-5.74520467845646,-14.180357610579623,-18.858829608038743,-14.871825646390072,-10.141011987484948,-17.462405017923402
-5.186846765257951,-13.265083860368243,-9.155606001276583,-9.83637270274356,-11.828205175506293,-13.636650979446703,-14.397365766519512,-17.832155669984438,-12.151623263336955,-12.393239720247912,-9.998364808667926,-8.514021854372215,-12.798952589908064,-12.516875344858773,-13.724791384770793,-11.401738444181772,-10.107915193397474,-12.751583796596623,-7.779548062571455,-3.0072860847587553,-6.41108415520184,-11.268410399896807
