script/wind10m.json
{"header": {"parameterCategory": 2, "parameterNumber": 2, "lo1": 3.000054539987559, "la1": 64.9999836372058, "dx": 0.5, "dy": 0.25, "nx": 34, "ny": 52, "refTime": "2025-05-07T19:00:00.000Z"}, "data":
[rows 0 to 23 of 52, columns 0 to 33 of 34]
6.32658069110506,6.263427944814923,6.336753229696572,7.085561291706394,6.700200855434066,6.264950766536448,5.933192514666552,5.013249042842232,4.371748923010454,4.578885655598876,4.002724090759656,4.604488536591148,4.854716151255611,4.567874760974571,3.9338479008560125,2.1699967906230957,1.1661941465798233,0.8670159891268312,0.01816240760777266,-0.48882766932875793,-0.8464870707661274,-0.06908616253149746,1.9378524563614898,1.17421822554966,1.6375083659016303,0.9447059113806828,0.9924548919191115,0.9602735672590069,1.3344705654300733,0.7728732933790341,1.0009655040919445,0.8577671848954128,0.8753145276926987,0.295542648007039
7.0694740637301114,6.6277631002997115,7.134015748113671,6.910533093688938,6.814758663824225,6.606579414308202,6.061071070113208,4.912761986406096,4.57284126552453,5.068750857938578,4.380185740072288,4.8656606552443815,4.862085278924056,4.681838799661674,2.7493213639818204,2.1764634002996246,2.1979849172284527,-0.5534637712872302,0.9111474299105746,5.860759676266124,-0.25547123153026663,1.4025379778696738,-0.6885716774975624,2.976359930243285,0.9464345154468408,1.0574168000427322,1.2924288091122744,1.2330246741468183,1.0167626521767277,0.9270264607966229,0.904144117216946,1.3114423543982572,0.7431719151292522,-0.33871949511182636
7.152933146852241,7.107443147183398,7.117370604608213,6.88130786820804,6.811423420140396,6.950816254389447,6.199382372299672,5.231825781404932,4.928822453121076,5.573110415823917,5.308869553962301,5.292972458965259,5.258808739212544,3.4074732922613027,1.6379330982672278,1.957931054915226,1.6237913942720557,-1.6447128600724412,0.16694719713176723,-1.1976074996203203,2.9907018668643603,0.8361137986919062,0.9984647965117458,1.7158334908327055,1.1079136761944217,0.8307808326690747,1.2374927188472424,1.2045948630594554,1.3616485440210462,0.3136282560804336,0.7575056444305671,1.060850394593748,0.7441255791086833,-0.4782098822171515
6.633841936862652,6.99465428569773,7.104829493789067,7.090911723923517,7.054853970283178,6.822935012072065,6.519844763786016,5.179138388343012,5.787355803956173,5.97751223764903,5.860120653992364,5.368961596785801,4.694453026253162,2.090612257604989,0.4934534691769257,2.0711059542120362,-0.4459429221419299,-0.3716294823018672,-0.7055368313983872,-0.5612727492670699,0.1205586574797275,1.988416066946788,1.8629801806126125,1.1815684760770815,1.3600655083153386,1.2351095249459905,1.4091065193928138,1.6239212484282082,0.9991403219834146,0.7614242143434059,0.5858710149649874,0.9406792084844963,0.8741628367606258,-1.0337501569208907
6.4769820457724725,7.078819129053748,6.992375429651292,6.873500358108512,7.194848919442344,6.254931402455339,6.353666349982843,6.16558462520177,6.029145289709747,6.206614764274325,5.742938539024648,5.028853284958666,3.5470161159223674,-0.08277183165409316,-1.1073977292168171,0.7098145298738965,0.3995491474411296,-1.3986779286055542,-0.47041189771155045,2.2270144527566713,-0.578608455598257,4.105759423563797,-0.02154379271802939,1.2828235777836512,0.6016088743428236,0.9086317578606048,1.2311456220128065,1.252312350317194,0.8582449436268518,1.2342024915669882,0.6533333193879757,-0.2561201181556424,0.4761616081188005,-0.7382628632713087
6.460958136348615,6.513719270021417,6.652647540763951,6.435064924542127,6.940853079032596,6.553733313185249,5.771086970646559,5.978426973122184,6.245105375924238,5.486284419038084,5.323081025015967,3.8240877428907596,2.2000913260716435,0.14521787487183405,0.2988122893923966,0.6487391767039423,-0.13023302154635555,1.575131833264854,1.7732280443297974,-1.1932475440001789,-0.011052044125404422,1.4575404827959886,0.8014571287277807,0.8673749666788616,1.1127704427464713,0.969388583635,1.0831977147581846,1.5325618613474692,0.7198943265992143,0.7771321835003555,0.7869514262837387,-0.5648426308096274,0.03728425353480113,-0.6235487997026089
6.1845527078151195,6.36638489081974,6.082948153933503,6.044838822668527,6.132152505669641,6.209206078552872,5.855172452075934,6.0501526469939435,5.119119535959376,5.584533530896035,3.791334666106757,2.835602512591591,1.9550184545993223,1.6532358856356109,-0.2807654416389169,2.1409231797612946,1.3805444940255072,0.0980790185111046,1.9728061941067936,0.6969551056166956,0.2479990811760863,0.6900358033465046,0.5507620515593562,0.7964890997076693,1.275395543069736,1.0984485846576475,0.9359044301893804,1.1193265350504045,1.0052076078174919,0.8154341812576438,1.1031544053076254,0.29122590344506954,-0.5848131906689297,-0.42522339588713054
5.962365245969359,5.991280792480454,5.899893459339057,5.650655035068664,5.576709611620642,5.478442560780599,5.54323908929668,4.708844609782624,4.76097371996165,5.162089783808081,2.4038680415778964,-1.4816775250246352,-0.512195330884498,3.4193215374514603,-1.0095298038158385,0.7304991506076867,0.3844395461482055,-0.3286100156723175,2.178417610247581,0.19736618018414573,0.5786180840596944,0.6124450176780791,0.4588558505523628,1.1923629076314655,1.1172167269402393,1.0157164767683768,0.8569372620508423,1.2984390643918104,0.8164484386787298,1.2795626874617128,0.9649147263723288,-0.03292619381556622,0.03246499954392615,-0.15504915341880873
5.296389399704731,5.800509217418295,5.251269397280497,5.1181293813226905,5.433634385180256,4.638524052448245,4.392842467949686,4.359699241505201,3.0191582304872724,1.6306379667595499,-1.3119833192022536,-0.07539299768066833,1.7278650095404924,1.4603476135020124,0.8746795669173622,0.30094739061787634,-0.12043121082595296,1.1324838744084678,-0.23194796704567897,1.1265193014866155,2.955729191863455,0.02041221217756085,-0.08294819923781865,0.9995592293172483,1.2358560233483553,1.1922117027803831,0.8150652010975129,1.2721991721950605,0.602565366206806,1.3511114311700718,-1.2740142940363264,-0.029556460796486463,-0.4963719978122279,1.2012950985941127
5.3252361388446685,5.4335796883326415,4.800228889829718,5.040389335006549,3.900160939428889,3.6445087150298527,3.3349362221897376,2.3205012894147106,-0.04360033819505012,0.7938011827469313,-1.138900783998217,-0.24101132483053525,3.0120069860598986,1.3909664492505716,1.0726134521422144,0.011291165778085163,0.7298936814478059,-1.7057317668937202,0.5159337001571557,1.6241902399018853,0.11705349377967329,-0.3092607871744218,-0.6324859794060695,0.7396964229639577,1.2945682859387986,1.0254113090030996,0.8369498281992597,0.8149234130752819,-0.06436687799761531,0.8511301764190655,1.7872987533692195,0.5063155108613058,1.4421707395111147,2.276784766902056
4.812921375171449,4.843821880609568,4.482600676072039,3.354246793558844,2.6741994871416823,2.1164804853317567,-0.6062113947530922,-0.8891609653087027,2.702635314811772,-0.2796672204501986,1.7046903794448538,-0.6991588729477155,1.0630129874082663,1.9786371333205954,3.0281580861662722,0.9787139060570093,-0.4434442384156401,0.11828634476867042,-1.4234606075627063,0.4199770873309264,0.691899691300144,-0.4217840698692801,-0.44237365253701433,0.8974394876632041,0.8591409424471885,0.7290368441833524,1.5499658618469958,0.9425574311657284,1.202909319788354,-0.04209237203600992,3.8638000304182945,1.7786622463816033,1.7651474829263478,2.31066793173672
4.812127353901261,4.805641555446991,3.6902213726360684,1.4365350617917516,0.29325191079567764,-1.038980739879264,-0.5991443658236192,-1.6530209973583032,-0.48429505055668154,-0.5917306582174984,0.11964673361658193,2.660312682279305,-0.8633464023189488,0.09841013765143444,0.3519167902074696,0.8409558773554313,0.484168836345582,1.1991140836200112,-0.742753290429617,0.8181093206614148,1.1290754049235057,-0.5712943794115231,-0.7076928970789946,0.1337446621410334,0.6247274487323895,1.0488127598594896,0.7026597620138461,0.5777664805425854,0.2991581537749251,-0.11747895221243596,3.4056098253795084,3.74876366710969,2.4611457557105023,2.272956967328249
4.117437468259435,4.003432513445291,3.323463832119899,0.4062540741595549,0.21278135451454452,-0.38332306353693596,-0.005516137280197391,2.1511443701813544,-0.3997767180557218,2.6228431652953432,2.072747487935363,3.1376200708342044,1.780760621026035,1.3620711928521185,-0.9612505303779734,-0.8584045258983342,-0.08210376415359218,0.8559931056257928,-0.6259693562929832,-0.2786328183396451,0.8316435993134017,-1.094194674505368,-0.7785838528285627,-0.0966032993626883,0.44530753376640686,1.0094848948952133,0.6964022235494876,0.44241731197093936,0.4601608275033234,-0.7797448453166967,4.457828455697168,4.28316680180603,2.8802184948101415,3.165883855142615
3.1114471757476494,3.983323166022158,2.625850526403725,-0.6715753194956988,-0.13052221320976173,-1.4097281270339213,-0.3867642246019429,-0.030389837804079792,-0.5413883361349106,0.8297981477843619,-1.8131150449852036,-0.5491601992924031,0.6006825016341945,1.7180293988588278,-0.49273882375805567,-0.6488525669497932,-0.6684212109500001,-1.7337531325683186,-1.4209602743482495,0.17558887578032517,0.37782683224936037,-2.3511421309613265,-1.0545872967882501,-0.567359243841837,-0.15145412835653582,0.8875076900643165,1.4073524946907425,0.6824597114199646,0.2908614518904117,-0.7712897063385936,2.6424173894176217,3.2765287740427325,3.0227071249451267,3.145708621741305
3.481736811213195,3.811282964135359,1.9828443529917423,1.9721929735188046,3.179283870366609,1.1369781599070576,0.4494230346435604,2.4764874189664323,-1.366824714825944,2.251039000978293,1.0785044246980067,-0.7503523589656301,0.6008304902366918,0.4506374697474858,1.6342621735391218,-1.5044138601558477,0.49583610553824664,-0.44364056315177647,-0.12278354974778326,0.5242548681058917,0.36925438550558015,-0.8582842242246262,-1.3741702566032163,-0.9052345169162394,-0.43266520705103995,0.4974316208049025,0.4540544894965632,0.9138828521423037,-0.16909674464986435,1.110550371977664,2.0915819907625965,2.4092306574149758,3.273725759118825,2.8398003993054473
3.3704404782277413,2.978019172950043,1.8102573203944943,1.4806733605638367,1.0191738781639614,0.4635762940741415,2.166233869490986,-1.1363061165810908,0.9093281208503234,0.4508513101116758,2.6371181831717645,3.0400022018271424,-1.6430861546849966,0.8126274470802013,1.0356469943932423,0.07551365007883916,-0.010707501744673623,-0.7433175839675009,-0.2530216823139464,0.14287591206853578,0.6910393654814327,0.9485521761397154,-0.16936401298564357,-0.8118977130214322,-1.1652348169748132,-0.6058299830742997,0.6474699290885125,0.8946199360554862,-0.6328840448321965,0.1316514292247167,0.6266628469055995,2.2027706594612333,3.124672906028892,2.692635336078043
3.1147620869058557,2.462070065337853,2.020138518956613,1.7716231157340339,0.17526973568304174,0.05129792331395871,2.1770163564680107,0.5721654437127632,-0.8181819475088771,-0.8873536562155252,2.753041911492258,4.472130237763919,1.3395114765676182,0.1860872000330573,-0.7549397205632927,-0.926194068906266,-0.4241473380720519,-0.9160947146321302,0.6062593139662397,0.1740380794548375,0.6533127397545874,1.5522862710441365,-0.006994303407336531,-0.7938253991603214,-0.31210376818672325,-1.3721208729852026,0.05071211787014226,-0.1122717455044145,-0.5599288983552929,-1.3188724270733552,-0.12608192489977532,2.1129418484455984,2.708119681015466,2.468108666069139
2.8556583813364402,2.149895445641922,2.242596318071017,1.7673469690287578,0.916004774018448,1.3721110979689508,0.55250338640574,0.3530058859729986,1.5274304291124274,4.15002733871828,1.896597765018876,1.4464093172829415,-0.2798524063780673,0.05125537223147209,0.1992170880557123,-0.9348638266234519,0.5690959458180392,-0.03130104014284621,1.1425251046772207,-0.38916147228374476,-0.6873189700563401,0.6004344913738157,1.0235509420685953,0.1698511784882442,-0.9388114283902198,-0.846286429244213,-1.3727077027542904,-0.6184244963651164,-0.6821713603192471,-3.388518552808834,-1.1941637170739807,1.419465407646126,2.173582573838814,2.3331478807729846
2.4763806180500123,2.0986754348728223,1.7555826812233988,1.7816425657717723,1.7630380671313461,1.1315206824921136,3.0410430089328813,1.1329547425350874,1.3924066446408658,4.738549075315394,1.1807344440485925,1.7154519089484501,0.21350358485910592,-0.6071035629905948,-0.2552232992168204,-0.06971029128382845,0.06621707049334982,0.14545120008897575,0.5776616144360129,0.7320713949847796,0.6862918208444447,0.3895795736549486,0.48666487895551785,0.36202655848068416,-0.24979941689353624,0.8886027817680153,0.6622548565627061,-1.4954425317821765,-1.2350204437407588,-1.4228998543610378,-0.8405216704551866,0.20399203800154694,1.5437347404605708,2.290751653655602
2.229501545291154,1.9645047428634073,2.0675562099972504,2.248056080716952,1.0997094531155849,1.0369880323499314,1.2031243528061257,7.752924530132206,3.9683329495936435,3.0099859878997295,2.9864372999556292,2.3242728729831184,-0.518600510268195,1.9625788741765378,-0.6082205904648329,-0.5513999104348455,-0.6458349372556218,-0.49906607430915867,0.567571145888099,0.34013363500281074,0.6409232970320141,-0.3283165933429269,0.473972667221226,0.7995668292785829,-0.2825222762796161,0.5941436193868749,0.17916177869689284,-1.407373894383851,-1.5819521807791466,-1.2786586821302348,-1.1287875000243335,-0.21184021850274162,2.136184157995174,0.8378668103508549
2.277648071132373,2.047478292765271,2.130523698182704,2.306209161624209,3.177776547129354,0.9547157447147497,-0.41911292243891657,1.720608692636785,0.8195110360560662,2.6711799639135965,1.464728321493123,2.8699319238639753,0.6954621902679775,-0.5927906503583205,0.39308782127118785,0.06748497022149602,-0.32571466923735765,-0.48407801178226484,0.13938708076407333,-0.11511354511808841,0.7808605886531944,1.0505468052776603,0.9990903898295808,0.8016361556872217,-0.10265025373964733,0.18692598909502733,0.4087000748254749,0.9475037837363954,-1.4109724657418874,-1.4144501149589324,-1.670578248140726,0.19009349292630826,1.114564466315588,2.696129583684755
1.5945905388159805,1.9172002356227043,2.4556504381391844,2.2790560041319896,2.5527823288376323,2.8056202088709834,1.1857864786695789,-0.2126988019729439,2.6198719585391834,1.4341888745847196,4.539374021008347,2.711963280754723,0.2232883661764952,-0.7801596918059368,-0.9251635016139442,1.1107908843689736,1.2719566807467613,0.8032083138641508,-0.6126864006208147,-0.12240534377776732,0.3498163646534439,-0.03453198697064488,0.9981401481227721,0.8337502170898672,0.585598681731999,-0.43911434318690384,0.494249151509829,0.8236346006422046,-1.790269267920243,-1.4854181580240504,-0.39208833150064115,0.4138815295499784,0.5757277468074555,3.0034652456923694
1.8607366683166937,2.1270894845720347,2.270125983416317,2.2689427229277346,3.400780382778464,1.1949519575835963,-0.1272297800983222,1.3555576982692388,4.435926098427778,2.748417596982383,0.667701316796754,-0.6674690894241152,0.6487724071351824,-0.40261898007131197,0.9276854545632809,1.5490261053188619,1.3823660849597248,0.17281757711728643,-0.738652544514375,-0.4390487785848707,-0.7108983386324667,1.0957809161792482,0.9198561308465081,0.38814478027610605,0.5674747868255574,0.8313468659143327,1.7312531180801112,2.3565040631753362,-0.79031540214671,-2.160896357038941,-0.39646119651192485,1.3650473465995474,1.8755364978932414,2.4862718684353355
1.992897674498468,2.2162632820954453,2.254103729628373,2.4048949933181487,2.6458523984308755,3.544974094707581,0.07512648114775401,1.0985614845657805,3.7442821833177855,1.2023133491855307,1.588668871664458,1.2006635490353204,0.5435662601037591,-0.37930842192598,1.037257055519233,3.3336663345788047,1.39615831789951,1.1031221865341656,-0.47001180611422483,-0.10474083452183401,1.3605499222502293,3.260577486171187,2.1268002558274355,1.7114250537023608,2.3060454917629185,0.22751815400866246,1.2918346070856774,0.04400568184181109,-0.6081546701459734,-1.2264009969526544,0.12325298537742913,0.8564466342703223,2.1886752026063294,2.567751949932243
