script/wind10m.json
{"header": {"parameterCategory": 2, "parameterNumber": 3, "lo1": 6.000027932988019, "la1": 58.9999434238085, "dx": 0.5, "dy": 0.25, "nx": 22, "ny": 24, "refTime": "2024-05-26T22:00:00.000Z"}, "data":
[rows 0 to 23 of 24, columns 0 to 21 of 22]
0.3220120959247933,7.6191771649643645,2.1428178439545826,0.33109261043594385,0.3204012235126941,0.7509183434974765,0.3747051136822093,0.2509669187920772,-0.883254156559692,-2.6352316329721432,0.9265289045982424,0.7804159225901599,0.8977925034084964,0.9207067734990755,1.161409363431559,1.2984397012843076,0.6152064233051142,1.177616141302326,1.3334718413067554,1.3383052045165547,0.6343697866747612,-0.01996047364091232
2.220263670237601,1.5732269461687787,1.2612744510123572,0.2656620124966825,0.8978858032575715,0.29826588463854214,-0.1625354324311812,1.835493070334923,-0.28704709115665256,-1.4014721072911436,1.7444001081153837,0.8546302467357161,0.6850816537717226,2.3617809983187814,1.3753924402206066,3.4376154887339814,1.1563429529082176,1.7511599106499247,1.2057487598497554,1.2182353365616443,1.6187570920738652,-0.062013664392458354
1.456127283875233,1.078564318596702,0.8369637775716704,0.277347292141478,0.1391717511763321,-0.1602282966960045,-0.15272960172388203,2.65188885896698,2.4254256365852203,0.9631038904597764,1.0546098519927745,0.6785733704313351,-0.0675428600859123,3.613535595764859,-0.3892857874595409,1.5678268534513322,1.0628604819693324,1.7696588014147094,0.9528367065214655,2.043685447156038,0.86148556667369,0.6503427908256838
4.790030323035315,0.8967359693525865,0.8648987449066377,0.3902397460892522,-0.2864295744307859,-1.3238401582688448,-0.385095463856142,2.5881252897643994,2.1576142699950553,3.1062661701126775,1.089794954172134,0.990773350040117,1.1171942941888748,0.27096907175283835,1.1013445131495014,1.4280322469020366,0.3280286503135615,1.1453264875416282,1.4513020824549296,2.0904023121348057,1.251379998502516,-0.15241782282614516
3.943440516643258,3.764331414690698,1.4119224661864929,-0.308818094391527,-1.6844536112158972,-0.551903245457117,0.768640560742806,3.6983247970218915,5.503392152177212,3.2750549813706016,3.6911733947805754,2.783087439427429,1.1094667604452957,0.6426990376087675,1.2427492720230369,2.189376397568167,0.5358699925424761,1.5890265665501166,1.6563973238697498,1.2040832038558205,0.7787797570025174,-0.0389431389717999
1.8140015209306273,1.3643630382544933,1.4567562081525325,2.535104845040378,2.5549286002105562,1.5792577792917257,3.9088551726318594,3.6484370990615203,2.4386198676649293,0.8608831926758039,5.842145999913142,3.3470963916720184,1.0261092998552133,0.5400605867575103,1.8075037755489634,1.458856817986769,1.549936984556958,1.4707078531149698,1.5696921488944455,1.0399045739451371,1.3168468524840353,0.2615417263507308
0.7240284429295789,0.43596052575317223,1.1833973161113536,2.3644140680702534,1.8148720077915148,1.7118875279955346,2.313358563288017,2.5986861140626436,0.894727812953899,3.075104109209775,5.1827241602528655,2.520610274791394,0.4140510222762548,0.22219583235828358,0.8960684915333351,1.7879903171824238,1.067424017966698,1.0312255799848924,1.2986368289531103,0.8195631656518626,0.7336106716298267,0.0025232455273018605
0.8314937179176561,0.6845159600099524,1.0680178877108384,-0.3743518805262033,-0.10475008447446893,1.5922953816236218,1.950752021096628,1.561839309450301,0.35687038417744643,2.698281217769583,3.5234943535269165,4.488023164815846,3.078343788998496,1.2293558207910003,1.645534784018232,1.1814882210456432,1.385426375413378,1.4505323040171583,0.9256311466858786,1.069078193913973,1.0893017277750727,-0.4978788709822261
2.772429140472051,3.2931715612072767,1.0673689284965202,1.1070408068028414,0.30691113977932427,0.49915375287723573,1.7371865630128656,1.47190621390555,1.104553893157377,3.3932001091182773,4.385207063729164,5.59059360200568,4.648119996265525,0.42557653295882175,0.6072125041566426,1.2148683997002547,1.195199915700689,0.8509686448883408,0.9618501095492878,0.9074111279844638,1.1505528240063352,2.1312173828668564
1.2961237442175295,2.2952529065474243,3.004615227844791,2.769588671992127,1.8854671698445296,1.4018037814365927,0.9037861312746776,0.6707465511373462,0.8905327280503048,6.038296272942913,4.745420905138482,5.3619979744433595,3.660360658984078,2.22854223771887,1.1622852660054586,0.6448966833565398,0.4058531076375471,1.2510011546120339,1.079510782411655,0.02943511249314181,0.06044690341682204,3.4039990799630626
1.973954678615815,1.8905613184912888,2.5664056300688087,2.620248437534385,2.0485891197695927,0.5004036560576876,-0.2800688265087336,0.6959810640777566,0.43394540203528487,2.4491819873072043,6.8938592815120385,3.538647656100599,1.9453358539765866,1.7747509053172712,1.1660590114985045,1.487624661747128,1.1776779824333499,1.8177342680322697,1.2996321784128693,0.1968919188519998,-0.13939118728794853,-0.2257976047422418
1.11041375526673,1.3881964572645284,1.406766122988279,1.0620631116450885,1.0414993474586285,0.7284765174961266,0.20158269576803595,0.302575812152227,0.561415271867926,1.6801373104149642,3.88388367749286,4.11827635172819,3.1069857325123427,2.4468162798977504,0.3177136423843743,2.917921640696374,1.4711046646175492,1.2755546033435492,0.973500782473232,0.6943501739677099,-0.7792777898845734,0.6980354996155895
0.22106131042852098,0.5629846471148763,2.444308179268907,1.668097301840999,1.9529085399821047,0.19062419561185628,1.3345007510794251,0.9329377867811951,2.307414666629792,0.9587393036768258,2.7892311916236907,1.807971617452353,1.7005581199163946,2.247264216899496,2.8455252588374655,2.039076245203676,0.8772517486438636,0.5187848979662611,2.133014099923357,1.9013021115199435,-0.4029169126169246,3.227618996834084
2.363330026717658,-0.4932414289344083,5.641517367915572,1.157541099009662,0.5800596945434657,0.11789642061263382,-0.9231474655447198,0.4613200612786574,4.018819887391623,4.900259170331677,1.1796999225076619,1.167833063412248,1.813393431260309,3.265381664552906,1.3934233391556834,3.0348047715958026,-0.6413970176444548,5.836008524650029,7.014018574722911,5.4806887522080565,4.628812860228354,5.980208903364648
2.1497078602644315,1.4243176428648556,4.4803416692426055,3.187695820131561,1.5382988166041078,-0.37881464204779747,-0.8004544497431716,-0.8757117264492954,1.2606598803476035,3.621193245712439,1.5090801703453107,1.2637179322026262,0.3589771877960817,1.061584504192722,4.264288559490778,1.989326198319718,1.0698645753964802,4.331854373070831,7.613635927372865,5.810869684891164,5.787423277592681,6.166038250041528
2.0976062091743146,2.0895368914968557,2.7241505195612072,2.3087674677175185,3.856607709938944,3.339759095718954,-0.36266035169108957,-0.2399827471683031,0.5440356855127623,1.0009441600323497,2.877867363956801,-0.03854861408994347,1.3940432942759773,3.068161649873878,2.3784011466815587,2.550450740522118,8.601777404977131,9.218770470106897,7.52641559811292,5.22382260089618,4.747082833798762,6.294461392454294
1.9500777716047475,1.582544096929174,1.2411133153211467,0.9006697829128713,2.4774996088610237,5.735195086773533,0.5270097449559954,3.0472514062615654,1.457342045138731,-0.36845831771678683,0.0022368853378474064,1.1859386004381376,2.4287572604417953,4.85351952318645,4.931077208894235,5.73453738527856,6.188874585212338,6.764042763334792,3.4543382083130663,2.765785133140347,6.673710797708267,4.229484317859561
1.5919746023637744,1.8003850958219678,3.599340062069395,3.191167716590926,1.0390216267119563,5.157709733144956,2.195278197955857,1.6126197447671178,3.702749449257894,3.4000527858750225,1.0000814795239172,1.570080426930941,2.483340178074296,5.260697885385564,4.422219825429311,4.961784718443741,4.653510291343542,4.306305365375169,7.724365592070082,7.448730897669298,4.743087653077114,2.574734325395453
1.2822405795286105,3.7205055722202824,3.2383494660647507,0.4159391843145741,0.3600300874327383,-0.27191804512108897,1.1192318836319983,1.7456468780060226,2.678813492514838,2.1523759847438995,4.409246784760526,5.303875100900256,3.2513699538470924,2.8338470154396465,4.174744407867596,2.630007326316225,1.9514332744035365,2.1679235146692384,2.73827893508458,5.4963798486051045,6.754017845066029,2.089282292957951
5.16298599397867,4.247520468979095,4.4876982861111125,2.172712087985994,1.2601834617555423,0.818027916535449,1.263765804220577,-0.15387347542031807,0.7735954195811182,1.4742580382091965,1.6110997685919752,3.083567362453769,2.6093428371582927,1.18909461678601,1.0242933570965376,3.9186512646276155,2.1099566941378574,2.47277049537916,3.344998519817479,0.9004736502911681,0.5850082593031005,1.2376003626263528
4.786644273215912,2.9562079247174706,2.5856546196424848,2.038907950394201,1.6214903132973155,2.091356297729878,0.46825289364642403,0.629376495579368,1.2247519121750159,2.5630697360779324,3.8679002870601553,2.981652436599832,0.3034592385475193,0.4557721976033076,0.5296792558258482,1.2058812762008573,1.851485010490509,2.6380562406362484,0.8060243455590289,1.446140167495257,1.2145144696784778,1.441086766389396
3.509064359096383,3.4810803184357675,1.2806383413606466,1.6283199648688518,3.4294025798992624,5.195481885816289,4.062860943332993,0.8303577402475233,0.36026438157264035,1.8659220173860653,1.7932054827718935,0.4042137656309729,0.6495979056371061,0.7587977689202504,1.376460249524923,0.5199803004655215,2.1453566821317267,1.7148873505412034,-0.3159448013366417,0.8699980972536764,1.641615428162309,1.5949127124091944
4.476132216837191,4.990320366198784,2.8463424768456114,0.40836140916757935,2.9485461686276984,2.3688076307160846,0.7816448318784707,2.1028473470747,1.336876969039995,0.27550852209644516,1.1940920206898353,0.2586727012370217,-0.4073633645020419,0.27347358932937504,0.14573013591499218,1.37633439877781,0.7722034810018963,0.6658403105811894,2.0544437990736606,0.2676208093891798,-0.03453492483842504,1.7411364652634664
2.561724359860953,2.9631322824493678,2.3898039571996783,2.1364587769538113,1.8926680561487101,-0.3024511159653907,-0.3169095113615727,0.07848266960615458,1.5591785711548856,0.9438737963563681,0.5307739506117009,0.6384065061599683,1.0681470345859694,0.8514099529494746,-0.5057781472234117,-0.3093332562159753,0.8716958604839624,1.1335658437189684,0.9780957763959912,-0.4186884226618152,0.46727841885459714,0.6727944602248497
