script/wind10m.json
{"header": {"parameterCategory": 2, "parameterNumber": 2, "lo1": 3.000054539987559, "la1": 64.9999836372058, "dx": 0.5, "dy": 0.25, "nx": 34, "ny": 52, "refTime": "2025-01-06T04:00:00.000Z"}, "data":
[rows 0 to 23 of 52, columns 0 to 33 of 34]
0.9889966523104049,3.091834908629892,4.769625854996885,1.7752026303891653,2.837148643462371,1.0887907465993214,0.6886126022034598,0.8048332651515323,0.8667426959730626,1.1520215819635329,0.01658757333810234,1.8204559669452103,0.09590192655262295,1.3136320911084345,1.3357208499849496,3.4221998001783906,-1.76391007622853,-1.8500025451656987,-1.502414394669447,-0.3805050933744552,-0.8166559524045066,0.39095536397677505,0.6234806928044279,-0.26045278601435234,2.3042970902484385,-0.2315376766274134,-0.29239516681356703,-0.6103700127213629,0.8697346015700419,-0.6701877139829491,1.0975318744763511,0.9105460069244251,-0.5555615825148711,0.9090804526680896
0.16318755818767217,1.1909813658075734,1.3397945460745393,1.7203313756615248,1.5527769599190913,0.6671647098642383,0.31968076591753847,0.517743511319665,1.120569108182086,1.485554092563291,1.779586321833125,1.9619713432192476,2.19516133673717,0.34582716869348995,3.6866098259154576,0.18913063014139359,-3.4875942129054693,-1.7659755131422885,-2.325371560739667,1.1379822272753823,-0.6611219607359675,0.8413860184652029,-0.04470818896518136,1.4900207785923867,1.1732803301007464,0.4745462055616747,0.5830962670377152,-0.2424647861511749,-1.2932655272896274,1.7121196032426735,0.94433534313322,0.6011937164543933,-0.37681288499597504,1.935979342754544
-0.4476943569149526,-0.31926859987046247,-0.04305298210902494,0.3533433392318093,0.6607480154843797,0.4064708179069031,-0.5407098290889081,-0.41737817859430076,-0.8332880328186522,-0.7077635708487418,-0.2512129891446347,0.31552865316572176,0.0903756718222293,0.26703574078469383,0.28804802268668017,-1.5466715747218756,-2.2428132612792586,-2.3395263384323712,-1.6363587298095792,-2.5246065432270313,-1.281277954993674,0.5810649167039147,-0.57226920315223,1.4133642370940365,0.864857541261157,0.35366317151967236,-1.3802046912929804,0.37763184454457266,0.3044625737613087,-0.48232707674643216,0.6409794801591808,0.22293642091868118,0.6314930850318403,-0.5424804459012715
-0.870069797464056,-1.5171201067434965,-1.5270919974349322,-1.1907807861064563,-0.7742985837671579,-1.4227237574216487,-2.009329950101558,-2.6888033936968334,-2.990177839454278,-3.206422689150508,-2.696460195446646,-2.8636583821354153,-2.884469334146727,-1.4989237479315682,-1.0196957285798203,-1.4420404639231137,-0.6743817509843582,-1.9297923332307267,-5.126431044974728,-1.1913329372042463,-2.6981621848178796,-1.0844494291285205,-1.1282855063245933,1.387021843119479,-0.5452592529910436,-0.07601242501633772,0.5687112490519147,-0.9454804825938525,-0.6242290759117484,0.2395723819829833,0.3178773572333609,1.5503534089041666,1.1799422304852856,-0.5770372322272053
-1.529437411193605,-2.3831274613011932,-2.6633061119099444,-2.7227056805725627,-2.9588576629311616,-3.66001602481093,-4.403494924065506,-4.775336936463591,-4.776731888921724,-4.415818667399375,-4.9642896019,-5.526958606239543,-4.0704357266091025,-4.308723707766693,-4.536627791254876,-4.221546321689035,-1.266234560293866,-2.1498309409032847,-0.6040137548901044,-0.5280974511076837,-2.1692138352234127,-0.6045859770968973,-0.8245565381159348,-1.489461106899298,-0.4454463015604285,-0.8802411729377844,-0.9508008452082749,-1.1536726210751431,-1.086614684396036,-0.19194424054153011,-0.2696772049694904,-0.10817879422642639,1.4850954672573031,1.3679647003197157
-2.2903849571365593,-3.3069598290230133,-3.8807756409005147,-4.149019648919902,-4.6763327590858985,-5.8124608848713715,-5.76327907787,-5.5904522408475925,-5.9382656701066825,-6.035866341885968,-5.413584877157817,-4.3616598941406375,-6.465545881573691,-6.021208608242111,-1.9869849319799275,-1.0894605490276799,-0.43643363510849775,-2.0745338728977765,-4.570848311900082,-2.231435487281552,0.1938103448667336,-2.825948549564376,0.6747749345748357,0.9425276487315317,0.12287422628363263,-0.14511656719876267,0.3202415039705631,-0.18972561954002615,0.28248378119981205,0.20045840139379414,-0.25907711898774366,-0.5531500056943951,-0.22229697369256193,-0.6990837488616375
-3.547207411112939,-4.673695506821217,-5.535439632586215,-5.875216293177072,-6.249061293880904,-6.536691791885179,-7.61668026532216,-7.690939796839654,-7.673902881891592,-6.337881925327017,-5.035850237457744,-2.9995135799271613,-3.1019238835655307,-3.1085037503347395,-1.517167977009525,-3.0705106697836335,1.0455173207102282,-2.2581165124050746,-3.2138294099890423,-1.7603402805597832,-0.0625398453814525,0.3810818922086524,-1.0260016923406312,-0.8733119212028725,-1.0949863360695713,-0.365868768351997,1.988499479759461,-0.7861013734532208,-0.07881475591565874,-0.6572654526127296,2.553610698700908,0.8874790508048316,1.2164813831529913,0.34491449419051046
-5.2646959895170475,-5.6018746008328435,-7.656094059782586,-7.360215063282741,-8.077168703434287,-8.302600904907747,-8.883199520575493,-8.833493095048775,-7.789785968205942,-6.611885757325739,-3.9919551821379615,-0.0030682372474844658,1.9966091064573317,-1.1832787984575701,0.32833214669042327,-0.9675188993564552,0.31227866251383224,-0.5928045941874271,1.7818234086016143,-0.06338009639395589,-1.727658949956227,0.3292269974149183,-1.1642694394405673,-0.5982432293579215,-0.4265404318871513,-0.30385669489216915,0.29285883882853037,2.4150000054872858,1.0800509596390362,0.42062057639823436,2.428433049505806,-1.0318698160480526,1.3205704634708295,4.526781679455412
-6.322773833996243,-6.345276724134876,-6.373468276825108,-8.276632148529767,-9.286443855543045,-9.00804328071874,-9.250018875608347,-8.693495340323974,-7.404545112702778,-1.2195994979698568,-0.6658548597460193,-2.477904473791909,-3.1844868186206723,-3.947353481781538,-0.8456382422417807,-2.1546174500485806,-4.878285044437436,3.1202167174463717,-1.3162083678477243,-3.9115294168362196,2.046764497507589,1.5971969709910112,1.1208176722153296,-1.672969078485156,-0.21559173269137968,-0.9061696298669372,0.5979965268677431,0.4678134176500544,-0.450871658830773,0.327652449862596,-0.9050579836175869,0.8931005404910585,3.778417098625727,4.937593318385472
-6.927689206036293,-7.281050888548289,-7.472234169224338,-8.630806985001605,-8.28258067066256,-7.937527737854739,-6.762542263060238,-5.291633926236898,-3.0081303768151866,-1.7419902614906513,-0.46184398519025993,0.1378380258903899,-1.8124318165012119,3.6411757241858624,-3.4563847511399266,-2.3634154000963643,1.2151259591327253,-4.972260387579091,-4.0195684025465495,-0.5315251570258616,3.0756941547360883,0.1359186986799823,1.3880980199279949,1.5133360746721862,-0.6215932889575869,-1.195148146796329,0.19174063342220982,1.8068976335988265,-0.34917001693787364,0.49150632326354093,0.8481906404247556,2.444165128938104,3.776213639971381,4.4776849962647995
-8.296668071799159,-8.405608401194437,-8.712446083938204,-7.812181843650633,-6.767530250843968,-5.6261570807641,-3.7353949140410494,-0.9938184473243639,-1.7062987067253428,1.2779047148427896,0.09352428238525826,-2.1986474582024584,0.9740821120328365,6.141266262090232,5.879903649627136,-3.6863241439887258,0.561331586791265,-0.1552579907450143,-2.4191841325401717,0.6255892013920584,1.4683029708091386,-0.18830124126580053,2.6796631981703563,-0.1760902702009423,-1.8102726683329633,0.9000692706803999,1.2595341159641877,-0.17904990359421505,0.5862226801935264,-0.4671979377911235,3.1067750164096295,3.1470044207845946,3.885568716646461,4.123437831790079
-9.115080471756269,-8.557540836871576,-7.054544149870525,-6.03504279561649,-4.462135870182221,-1.225409469358813,-0.6617715714619414,-2.756528170436027,0.9877451897155014,-4.542152225413915,-0.969568246102288,-1.9024390246935898,-3.888218338510807,0.6144482962600378,0.3219673980306893,-0.9468679173253941,-3.631444131142547,0.035852487327846065,-1.7963647526178002,-2.1898582775618665,0.9454742365439545,0.6188395457643352,0.5536834542598326,0.8842039139653082,0.4904583271108124,-0.5799013383637319,-0.026924524112693617,0.9796630089895076,0.3989567248305641,1.3358818350266524,2.762342660264667,4.025875870803345,4.336777992302007,4.193191670911829
-7.956956116005325,-6.779686719045204,-5.956445990394728,-3.9269559014816493,-2.5432984892679578,-0.32744653198739854,1.467688556419604,-0.07786062828756844,-1.6977654315376345,-0.602485828360855,-3.745437379295342,-3.675829355666579,-1.9379314048576877,-1.0300019835579235,-1.3212990985656023,0.717690594983484,-0.8541518311654797,-0.3564286447688806,-1.5617615677680983,-0.4808089593797381,-1.3578498741145626,1.150310416663153,1.6019990720441026,-1.4393082666707946,0.2930415127780801,-0.6466499007724802,-0.4125397192152292,-0.3261256267895417,0.8878921584089118,2.68294469209241,2.6052352926246996,3.449178840927747,3.169948294425239,3.2104844353410007
-8.314832435856935,-6.675064754763706,-5.451240208539251,-2.316834686643889,-2.712814875676322,-2.673440917048619,-1.2579797514187863,-0.6843029371713997,-3.6988682531713657,-2.4861835596455495,-4.148491263262603,0.9474458897772499,-0.5249649707982353,-0.7321241081686468,-2.85897156756898,-1.1365640150445995,0.2058055515960714,-1.404781994529261,-2.379940599108366,0.40690694846891573,-0.5545386741812313,-0.056523166771706365,2.144577887033806,1.289183428198106,-0.13137221822349304,2.014125641891828,-0.3898547081770352,0.6119152003059926,1.5446006091258613,2.5594086795689246,2.5719129195041632,2.622276274057239,2.6418339692721005,2.6914561710376743
-8.446894725234115,-6.721608895898363,-5.181290019576231,-6.243638589089325,-4.967597240857348,-3.056333302336839,-0.1634944547403175,-3.9258179908502915,-4.50391421044587,-2.052735838565306,-1.5467269829229817,-2.632757155991895,0.30104125031557627,0.06259382485493115,-2.1021438784609194,0.134224678183904,1.488717609829376,-0.4436784788522667,0.0584354628143843,-1.1348952643050823,0.590299177450984,-1.067265365023218,-0.8357628369102605,1.5340171930436308,-1.0506840159894877,-0.42745381779886416,-0.2112384917566967,0.5964389108791562,1.0222548024684506,2.8895307307880986,2.4600713644582934,2.4478325473857145,2.4424637202043122,2.769264878408129
-4.99120503429797,-3.1027092388942634,-4.677775804105862,-7.035013155038608,-2.315725981798424,-2.104644594289285,-5.203177289944788,1.5684975368284004,0.004132849177185954,-2.5282125115816596,-3.2553283412881546,-2.25669878223507,-1.8002403989950164,1.031533152944095,0.672922521610149,-1.6400483589608772,1.9457925241208387,-2.121339588528086,0.39271007678204767,1.5237086685962162,0.7301792941037554,0.16843022759510012,0.24841563767394417,1.0394338821141822,-0.24378156061604683,-0.36846939188369393,0.4197807059631643,0.8369658097098731,0.7653427468393442,2.2958628529559575,1.691071328009537,1.9468344788371936,2.7302988713405036,3.024684270724785
-3.585081333211394,-5.665952934921514,-5.8185960895021696,-8.551844474897097,-4.180373260283813,-3.0315631107131127,-7.13681314082202,-1.732677335006134,1.8885654556439566,-3.828714169496693,-2.2616791075894906,0.033588400030648044,0.6720057312909073,1.5998505632641162,0.9616423091273019,-0.37227399077030165,-1.3944578303388147,-0.8519361836323545,0.7944999280249895,-0.9584272161958577,0.6198777200980047,0.520637941469336,-1.2117848399026347,0.8977884205569754,-0.2238750264242249,-0.7048638697934766,0.824064352671136,0.967051331610599,0.5509172388975436,2.995279226166407,3.1990999704079925,2.6167430406445304,2.5867538140565247,2.9338636460299443
-5.4163786287347735,-5.321031473894194,-6.324846535968482,-5.449040914190134,-2.0259925082112837,-1.8545624509501513,-4.170556525181192,0.2862067493902929,-6.023438172227674,0.41260270940414606,2.0572615492343522,-0.424865361086339,-0.9339249065271988,0.36624520069002414,0.09302182497456449,-0.6626531371013235,1.1294236297379436,-0.19957992581064452,-0.9016674426684161,-1.6554792154518276,-2.4935895855470047,0.48704083373156787,0.08084841470735711,-1.0169601073391636,0.6189922559026724,-0.45145178631590704,-1.0289029430388326,-0.4921335229284062,0.5740314789177525,2.8518261242660783,3.496340158567091,3.148223893637663,2.9522773475521964,3.190361834683909
-5.975835820772963,-6.291835951535583,-6.25563916249254,-5.580267418340167,-3.1562441970908264,-2.3603420914800934,-3.983540328566656,-2.4504459628759148,-4.8207186344848605,-5.158757057176271,-3.740835312418875,-0.23998290808132788,-1.4361167860546997,0.45410514544328073,0.6479551154025255,-1.8936002898670865,-0.44541001370587674,-0.9238719693362436,1.1010580872608697,0.10319588903935512,-0.009562959989788669,-1.9144024095006513,-1.5430638370636713,-1.1842533327199263,-0.6983284665180355,-0.40962106222633565,-0.7745398017529562,-0.6185834522368174,-0.2012260019443091,-0.07982181806115954,0.8603809027154776,1.667634807348759,2.500932830764368,2.9257476007237915
-7.189776255844562,-7.572558341303355,-7.4237841030592415,-5.144546719019188,-1.1824300848665885,-2.2598718760555614,0.7405591351084991,-7.11998402844955,-5.602303531692684,-5.734729630466481,-3.0422708214695398,-4.536618064058334,-1.5352847700711518,-0.8751321202103309,-0.38339452405385427,-1.3047754891806511,-0.9716482745910195,-0.5845436080473153,0.02966373448478471,-0.625073452206251,-0.6273688714272586,-1.2683273249446687,-1.8015273590458531,-0.9181685144321723,0.0847258264506602,-0.6676651182545215,0.14440830002114957,-0.6323586841987173,-0.8725786634388651,-0.8329013889723071,-0.3388692136294027,-0.3375823252145003,1.3810164452980076,0.35838109552449027
-8.523666891755623,-8.713371672466653,-8.089343625308295,-6.298212962073973,-4.311450966937221,-2.381620556549864,-0.08159385807721609,0.4833907948099948,-11.213355152756343,-4.401558694081103,-5.130337183372726,-2.6894053366866095,-2.119092433582352,0.1548969100982295,-1.5726826264379983,-2.0531189855795557,-1.5776906568095281,-0.5333477846634556,-0.7353411062313528,-1.832784005405789,-0.7332013419909744,-0.35448343926873105,-1.758203004668625,-1.2364616640699977,-0.8654392035239784,-0.7177978678020521,-0.9221762685576025,-0.7736860480200712,-0.9897606684701782,-0.34325655294243484,-0.8783284079339052,-0.44158239681813294,-0.30546101328120023,1.1107672261281498
-10.091884006775903,-9.657290667377225,-8.904561360284022,-8.785966268654626,-5.773572563739768,-6.626754454599695,-7.321239373332999,-7.659839392242031,-11.147785884545051,0.3044002299800001,-0.45003782422567234,-2.218184123164746,-0.34657227419686515,0.9404630811270314,0.8304590812523349,-0.8202749545432619,-1.8707090312859318,-1.3795275491869434,-1.0238966738959534,-0.6238759887221812,-1.3594985894700249,-0.8364866656866504,-1.6841207540716145,-1.0690857586726568,-1.027439083470703,-1.0331745018682896,-0.9927268523086208,-1.1879467865717526,-1.6796403428039746,-1.6745771908216123,-1.4531972690162636,-1.0340419507372323,-1.1588516532561768,-0.5124583691424935
-11.214265406893356,-10.694619009436625,-10.773689581607051,-10.09192713023714,-7.4705780877764765,-0.4503866774118759,-6.079928406553363,-6.94301389016983,-10.691320403734522,-13.919832439618615,-1.3727740175860665,-4.025847101411205,0.6091329643114326,-2.1019886964260355,-0.8659023342366988,-3.4828059311428214,-2.273731665088995,-1.7265453012662608,-1.7283057166163198,-1.986686009238449,-1.9464052272657695,-1.8212826473772599,-2.046117850598695,-1.7535448681511765,-1.437996017839582,-1.212177712924139,-1.8506464426006723,-2.9662285394828354,-1.5683382445059961,-2.6408794119256265,-1.7670079926631599,-1.3106511825164764,-3.416919399852668,-2.7413640624382536
-12.305194909509215,-12.151254841115694,-11.82173208875428,-10.112477501941928,-7.437835738261608,-7.243734217955518,-1.5054816406164349,-18.36814961342426,-13.231213812052477,-5.410728224813362,-0.6645751512516412,-2.1323897216156613,-0.6141337415938117,-1.3979835033796661,-2.1133695278175004,-3.52443213822802,-2.200840207855289,-2.8166343550665784,-2.5125537570503798,-2.347777916298868,-2.2707461230953165,-4.996837988135062,-3.372550883965486,-1.8669231994352584,-1.5342621499248343,-1.9686457075620973,-2.8968036154678507,-1.5213627294044285,-1.2715626217545741,-1.4092734919905938,-1.780892136230014,-0.10406681143726751,-0.7865164911570812,0.22928114624703408
