script/wind150m.json
{"header": {"parameterCategory": 2, "parameterNumber": 2, "lo1": 6.000198445256149, "la1": 58.999992894266676, "dx": 0.5, "dy": 0.25, "nx": 22, "ny": 24, "refTime": "2024-02-21T06:00:00.000Z"}, "data":
[rows 0 to 23 of 24, columns 0 to 21 of 22]
9.728966075897546,15.04672373856052,8.923352773324014,9.981843320598083,11.055482740722915,13.008872278782624,10.923756967102497,14.049621916013017,12.027256459007065,9.723656981712153,3.6240273049320613,8.650151527683738,12.661360977126927,-0.729439300159759,2.6500455193683137,2.367682344740796,2.6151143640638876,2.1342978611906696,3.3602715231785303,0.6595309986604075,17.301430536695673,12.106434043153433
5.598660678527275,11.332528836550232,3.299181669434751,10.630101443400926,11.036396951401823,9.620170047141432,10.391768828349571,10.886373758946462,10.371538520832187,9.574287596742947,13.208139365617049,13.195669701800089,9.459408109215305,7.879328124682024,11.929638319274801,6.835728661091051,12.93411281759671,2.3731285361924974,10.798067746828902,12.236360974261745,8.90392940421366,6.557731489302724
3.020509522074427,15.172057095919023,8.519698900186867,9.773728087953296,13.70917716700664,6.207943548461921,0.18319138158692747,4.688688120798629,3.2943709500639256,11.667036669649608,15.052809793163638,11.203428327622897,3.8940235686706526,16.291902950923667,9.062454813962862,3.5004891388836192,13.181328034954287,15.495678658083238,4.147949505370912,7.280843635725804,14.282998191117535,3.153420261235147
10.408385381422125,11.977844010919062,13.745701381748715,4.028702094480601,13.16782513767864,11.683665629046917,11.777897000872587,11.8805788900214,8.75899042982717,8.848282393468809,7.013206945172635,6.241478001665906,5.91247387418758,14.196902702083229,13.608479999735984,9.02960045715978,9.944463327030428,10.777346827539793,9.563581458915708,14.555875939553378,4.369710914889569,15.911738453625006
10.871146072369589,9.017638333857386,-0.9408763001734707,10.371723369460604,6.634368653048981,11.072343869087042,4.934204593622256,2.965607155905061,12.404631151780169,9.422957485225309,17.576059717269132,1.7402914913947776,10.990909895848267,6.090130960860042,3.034672103676988,8.194922877852106,11.854909232854713,10.276246558713838,16.75860120864249,4.475066845498825,8.104241368468093,13.475580959714877
12.369500795797723,12.293266780055268,5.854181846976956,9.792826955114663,9.906320337657943,11.237901490481333,5.836480035073959,12.534213126547465,4.03743800896428,12.28190333795327,11.171706932613104,10.833808214726663,12.20205542656162,12.874319621817516,5.66488650121395,9.945724416923511,12.526737888554953,11.5298250618958,8.050655415958895,9.480246135371464,11.056023440687166,13.264342536968774
12.449468140730914,11.881170714671299,10.795984974550903,9.296883063236463,11.864886640925114,11.036009012086454,10.92390123912231,11.606234662167392,10.508159057551708,7.232566761438027,9.332001467822383,12.153373427143007,11.83063060227461,12.262231254897008,11.226105817126193,9.58895468707413,2.5788589763025924,10.032834723881207,7.340397177929335,11.932702028168263,8.629881339599766,14.87450604702567
13.881565210019426,10.252732545808891,12.22911109428991,12.691459436262534,9.64057922070987,7.113273944666395,5.6378148086871125,2.6111812055171133,13.13260597360594,3.4126098270476,12.081775726640082,13.85510744664171,9.34328651079905,2.1629503072285843,13.985070256989406,14.516807752481355,12.024004494963421,13.109460737785486,5.602214674729847,11.68811248941628,9.759739204494883,8.12830864654251
11.100713551812758,11.108370220042909,1.5936569667341787,10.450822490327877,18.86467222185167,9.371023269294199,7.150276601487931,0.41334231557600903,10.118975039445251,8.674633842185926,10.32215789622132,10.487163527284368,11.244786578949656,11.455934635747628,4.21676672531,13.615641718532956,12.629619420972618,13.89371066322805,9.715091850458856,12.890568444426203,10.749015134237235,12.64033614104474
1.3794836322486927,10.071226134039302,5.759041777386601,15.352575349993298,11.384251853886186,2.1058059436801138,7.908125446071047,11.21558609879386,11.716096031407414,8.432897586518667,15.370387699030987,11.311305254048381,3.145159938691008,12.262527684774627,7.279622495755458,7.773878448342821,13.588654415885605,13.923752877309107,13.132210608718802,3.4205980987932265,10.907580214979237,11.396670381569809
4.983902120325864,14.199609222677559,12.594071206539095,3.0555549307939898,0.7258030964256177,14.833714222499028,6.361995414449928,15.896172000707123,9.470310966486599,7.949051323910685,15.384500587087855,13.524727968796011,14.133224434010561,9.842029705383199,5.844586665166247,12.69029548475595,11.481599762229271,13.898621350102026,12.830471038803232,2.950298748634226,4.246004306530831,16.202722127923703
12.93299582885655,15.924735089639201,10.544917663280337,8.684858953688867,6.679530098241116,13.691503824809216,10.44118323187485,11.902598826243976,13.659721255341108,4.055339061386863,11.143408757923831,-0.4143031202954137,10.072612282545508,9.758305630216364,14.617971376069784,2.783854398944274,14.500547454329409,11.880901555264689,9.838932998364747,12.066947504740076,9.604335777234596,9.590413457601517
14.01139917722838,6.351480376487059,9.12033544837563,10.58540126821244,12.549224150917045,-0.7584041963660627,4.679219546998337,14.700167813782247,2.8518470238811617,16.874764885697406,12.40025297075622,14.578685939970546,12.274115491988557,11.414476095433761,14.13499172468888,9.798486075632699,3.4392566484081852,7.421432062266632,13.649313905409342,12.990320932431233,6.504265536874825,2.490737176315583
13.648127862665676,2.2421533557364253,7.3556081559965945,13.193778647413179,4.224220903796659,10.853522202350236,6.839788745959464,11.43245659208778,12.319837360856686,7.325335755836259,3.0234391434720043,13.270485605428291,10.998018278968582,13.981806116714703,16.980069617681,5.974296311202179,6.474767830701458,2.969258663236409,8.838960819099599,4.505223035939084,8.014911299492757,12.812666426439536
13.548059977327899,-0.20629817509067264,7.469881327804818,12.365396418012569,2.16707060427738,8.666378645504757,12.741196991081024,14.164443557964388,7.226694988898066,12.215826533834688,1.2050988775178022,2.8108356621758883,10.153361309408526,12.898342965123367,8.41582004130244,11.269874004930992,6.4985021784188355,5.7794582784827675,2.901280947857468,2.6158329598245467,9.486711629325729,6.192526285004929
16.53034334132909,7.707159623361837,10.69513272101987,8.90533456426806,12.771048240843982,12.395495231743112,4.823937040941991,16.678695995725818,7.972603861129258,10.845187509364164,8.658704631081031,12.851534329870105,15.56204531546198,8.652313831391718,13.7476652848468,5.1697977720104555,10.38741811412741,14.291523531178528,10.729002631388186,3.5498944725305854,12.370710841592102,8.253062992391108
8.618851628749477,10.987787850789491,9.157531572344238,3.506594239807157,4.237760312692233,11.860920768283538,11.622608893428513,12.20485217027567,11.154873286101559,12.666959973173674,1.3101678569430057,10.173332626190406,6.232006360992574,5.331316619631985,6.442009949635597,2.1708308193801247,5.605125966132757,14.268537555741368,10.696640836053435,8.157231848564921,-0.6297513204318609,11.024718928269252
8.664134875642857,13.976102647559854,10.732095292787005,8.00300076160123,13.119305043510131,15.019599840565583,10.942975704349037,15.350933796377216,6.5786583916521515,14.827803814127941,10.507975079973075,10.095430251548573,11.47048802808601,4.987532116144074,10.312001489925779,8.580238860069555,14.912451226531104,8.913449427378103,12.09604359727263,12.268330459692319,8.654423723706252,9.483278672466822
6.944795828077638,10.797248214378767,4.725525141076514,14.508503794580253,12.688898156423269,11.663126971427603,9.8908448269317,11.367771776670434,-0.24681796510745418,16.36030942395596,11.810627273410208,11.573883010715974,3.639917580025095,11.516281011386651,11.380503157924753,2.2628364758426516,10.29997538702088,14.804020460752374,3.3518814217711697,7.881279616305703,13.483452772182376,8.62242555010099
10.522514933965166,12.402522444588705,15.062822952625778,9.74023868430354,12.52267208658316,13.817347091347994,11.770882506737255,8.617161239053974,11.490959454087463,7.884291875415818,9.772225717371358,12.562044224703989,2.9309240043149036,11.411483008034724,3.674789633750898,4.590445975935812,18.674686968147306,10.686896768298421,6.153759250036904,8.72482727060243,11.058018318230566,14.871891338328593
12.696372319493017,2.6634831528526064,9.564224493237552,6.2318797881239565,3.5138194949731947,12.266540118344631,8.751083150143817,11.428344200936225,7.654376618678515,18.12453044078331,6.22971571257324,4.442274734164994,11.246829975927445,15.736979486320907,11.159617266520204,3.95925705391868,1.7512804960287243,13.079860494172097,11.738988340793888,5.8543112131146,4.56217606257301,11.855210465951876
4.248824332764099,13.266174602334388,11.473807156115704,2.3026093285708584,12.876068575831559,9.857569240608575,10.268266124342222,13.368884019388679,17.63842136769017,2.170854247975733,11.850846311381078,14.62262741087864,2.969082880468174,15.116966515156644,4.093317683439504,8.85145086155985,10.440416829847784,4.427232800068787,9.811722716593016,15.154912043193857,8.661364635339439,6.3397326443049895
14.86921831096016,2.5411286451980257,4.465136520872375,12.128352795123511,2.3773212046712806,8.175683766388987,3.6043154133748674,5.013430479357712,12.955315764682767,5.285489867328548,6.38468968580294,13.84296704626913,14.098930488522225,3.7268184974047602,13.248671932926124,9.056954682894155,8.533520127289567,11.533685854123084,16.166799273294142,13.233871150174862,1.7431273017229263,16.142713089004992
9.648195315759372,13.622241280400694,6.738387200318632,12.80544120456703,3.867235639138672,1.6686196020167632,11.883477995841286,17.623071823965923,9.435725943867679,13.211635804571598,11.824141037628584,2.4048686768043654,14.789586103925442,3.959023990291544,17.659871739640735,14.746504893830583,12.212422579275803,14.526824095292566,9.560448702630248,6.403351165524161,8.837713424070849,10.192027085569428
