script/wind100m.json
{"header": {"parameterCategory": 2, "parameterNumber": 2, "lo1": 3.000054539987559, "la1": 64.9999836372058, "dx": 0.5, "dy": 0.25, "nx": 34, "ny": 52, "refTime": "2025-11-23T02:00:00.000Z"}, "data":
[rows 0 to 24 of 52, columns 0 to 33 of 34]
-2.078481963668519,-6.799985249977851,-7.580631628949354,-7.158179821180497,-6.575845079327372,-5.789283309308368,-4.837890160819996,-4.443917703434093,-4.037390026780875,-3.615974365871286,-3.095189964762596,-2.4530071414528165,-1.7477933396224483,-1.7498564794820264,-2.0284939489825575,-2.3316341978228747,-3.3757131636135282,-2.416336891991077,-0.8371869843541024,-1.219461585582274,-0.08134595820956508,-1.1033482955379204,-0.3022145929782413,-0.09425266541103308,-1.1818188753092584,-2.519510139118233,-1.4020658940257806,-3.9156252849043245,-2.758586678536401,-1.6007687969288364,-0.7074790788305614,-0.2713494110248324,-0.2890862926913268,1.6934908513254812
7.041846840317635,-1.411820112802266,-6.227515096104421,-7.786749491021695,-7.9656581574869,-7.865497459742559,-6.763944656397944,-5.829933138499244,-5.085360654467405,-4.353760920648688,-3.4673267884027204,-2.7527991140567716,-2.499899620635989,-2.3701665426532985,-1.9942352549987896,-3.5507517679066787,-2.394087580001003,-1.7361180576826314,-2.331650834893263,4.207066559478967,-1.072955500298614,2.405831013222292,-0.1241951802903822,2.5473793786780936,-1.7169496173079781,-2.174461010916743,-1.8640037894159385,-2.960374241904031,-3.4680586069909602,-1.9643483674508326,0.15440639367292025,0.19052559653237947,-0.6582109812963929,0.055188970021581026
7.59560097151562,7.199921632402676,-2.504911212235766,-7.331059275042612,-8.497035689145337,-8.46579088431592,-8.316846705912305,-7.491239274800555,-6.538448141456885,-5.8376488523233085,-4.552640682719214,-3.6561374095665826,-2.2540566773305866,-1.1097490072298792,-1.1585334624584853,-0.55219855006252,-0.8218055245215675,0.9237817995090492,5.383106226772064,3.0679280319405344,10.106102290637608,6.716272123030075,8.35369962824816,7.728795721747254,5.535444467112245,-1.3732489280499511,-0.9979653057728912,-1.0777137041382754,-2.6939476810007306,-3.033858415713719,-1.5574887312803092,-0.8525732116753377,-0.28453156627151066,-0.032143404544529026
6.85738001337654,6.47829241155572,6.303596184775868,6.462387039318027,-6.598716346814003,-8.124112030325682,-8.405036725032339,-8.20403832500543,-6.217787998879111,-6.173804442543524,-4.783279455828311,-3.612920455479432,-2.3982814210240644,-2.928178815493488,-1.826231417632524,5.913602735183186,5.719645302411711,5.232633036671264,5.766973403633815,4.599961613679152,8.803798386627584,9.945225262935619,10.186858033337819,9.482327515433942,5.69475926499606,4.484007312305555,6.6676030270751845,2.791063377582436,3.38062320140097,-2.490731948594478,-2.2168886677915713,-2.127435394961276,-1.1695474084746633,-0.7943097173344856
5.978506729013476,6.418411656386634,6.917356312660839,8.172094096121674,10.320972155894182,10.674344361130393,8.87876816924506,-4.953605111707448,-5.857559488788753,-4.987849435598305,-4.521477768041482,-3.4447384930982876,-1.2367166983096756,2.6804387415892243,5.00241554025183,10.272854059739691,9.721893277997173,4.415033758176996,6.026146903776668,13.08867003403933,9.849818278728351,15.036822304269386,2.4404755679974572,5.742079086695989,3.263819013009189,4.200316559253549,6.476126226968681,3.578757534878165,6.6859928125534465,6.271307974205076,0.27039706765407406,-2.5111233921963474,-1.4403776006505147,-0.8721601948998214
6.200227951823524,6.002322733220827,6.3599007078309375,7.460490623187291,8.441034453817673,9.197003272998518,10.211962569225154,9.196038960241712,8.83788058660538,9.803705141081284,10.592882364606275,9.757111575965135,11.879186704082587,10.22487713194433,7.733984801009296,7.429051340139226,6.54100478259107,5.789137826590325,9.892853288176989,5.726632403444802,4.9334539003414974,7.848906268816458,6.977849642938263,4.8635968421512725,5.578729382890319,5.077783437323066,6.364324828468385,8.98874504692695,4.634255234480053,7.724366117491184,8.163169288398082,-1.0348862739855447,-2.105972050348861,-1.3372929656114738
5.4508553664894155,5.710151645401748,6.138366859329996,6.958813375776967,7.955699003482829,8.955148175434797,9.280899642420422,6.4743440549031,8.974362578022294,10.063179406549912,10.552505850539474,8.085856424128977,7.8948982101435305,7.764374787364828,5.089795263206439,6.647480051308158,4.441822781087194,6.1514697889045395,8.957690637902605,7.168948309830619,6.807747979374046,7.113317082832034,6.455153122178213,6.1616811901248525,7.553329176047162,5.330731018632711,8.608381921528435,3.169903764382471,4.096792877219269,6.654404023227203,5.975899573250118,4.9903096003136795,1.6653510717255477,-2.7284089383834935
4.96488323172216,5.372311069236972,5.989303965168984,6.443350562549504,6.739421180097371,7.496172245596255,9.55931298432842,7.687380971215817,8.648434741488053,9.451795437732287,6.640588010134185,1.9347460012565145,2.336824422154216,11.064215701746537,5.207870880382679,6.294982380633511,-0.35512692038785276,6.295355719753961,6.501297761016151,6.226991179140263,6.297735200326437,7.9367439278548355,3.305747950490393,2.534375600710963,4.910108498925644,3.754806801727934,5.433361402436544,9.728189285850885,3.1554399468128067,5.274630962649265,9.425122626787674,5.385629566132499,4.922253368917644,6.802274010668363
4.112483437433162,5.000964165951671,5.572855161710855,5.972541277512077,6.229458481692593,6.358274056121073,6.3979625224696095,6.730266991522441,5.931951698252416,5.02108787374883,3.1565866936062754,2.8671441186794864,5.606349594525888,3.9986903188854215,7.194941939189619,1.3883355093282967,2.970691554496139,7.942343670152847,2.9775839152931427,8.085351072433845,11.894396039130806,9.980849755255718,7.402107125389149,2.3226061891884684,5.069338629580056,5.4921026093796845,6.724193193966492,5.233048198886361,6.46253431954346,6.472536798092819,7.289556370076607,6.62273026197837,6.623794931172728,8.00837789043251
2.995842463600286,3.696583645893005,4.242159218719608,4.639707077684715,4.732056739710777,4.827381331219464,5.977021355494503,4.120419215732358,1.801657691304255,2.528565901739965,0.20261482838913555,0.036059088627959215,4.123671248827459,7.029650382468889,-0.5639913513198158,4.525328830697651,5.234911555753282,2.6122125286632025,4.1753622197824045,4.232982019796226,8.739283347601743,3.7244616815002036,6.253195071783465,4.30485440803193,2.1897313791655,3.5252370348531255,7.066144411200472,6.744767447366795,7.610638349503675,6.2577582381399015,3.795803830899236,6.430030713544673,8.520770302533554,9.134916704149136
2.4515604195297103,2.441415279704198,2.497386254261976,2.605628692550841,2.419079897216862,3.2616671818419793,1.0730459213270935,-2.2672342961911616,4.277160230065765,1.7877578795683677,5.772037925219512,-3.263689300578408,4.374354709483212,9.324310208366986,7.933137908024335,0.7156335370591588,5.73545878661627,2.2750205337722393,1.4030101213521249,4.630027058615348,4.566759469183141,2.515173045315686,9.338916756098964,1.3015660564195433,2.2265652284003994,2.627050029703759,3.1892772034933885,6.099901599888985,6.090800640664469,3.546341295272298,7.159592364678195,6.854390117745231,8.401977870336617,9.955843595938415
0.8290306520237267,1.482221536225163,1.5285862908667376,2.057913704228346,0.6578743831866645,-2.3651941151512497,-0.632523455832052,-2.405650067317615,-2.1946542452590467,3.3918401848100443,0.39460965592992925,4.483809148563942,4.4088616466786785,4.580072113768981,9.021266071860659,1.5769333823433647,0.3625132422979415,5.071594315239108,1.8482465341888006,4.01855416631881,5.197101457218642,4.589851918202533,0.10490231724690269,6.575318480059907,3.8639286242737203,-0.12100286293493616,3.8742170080372977,7.561315185524258,8.280835225158055,4.048994563868329,6.768573046101619,9.215035125500936,10.05076815076546,10.575371508480517
-0.40423297093808347,-0.11915241651827062,0.14571686986856236,-0.05341439434793257,0.2493356588544225,0.9240863074558019,0.2615741712476872,1.0256133005297547,1.1202504429489277,4.220352613207147,4.670155181671705,4.7346002606788264,3.5178088806726633,5.304442355046757,-2.7380476381352343,3.469620299911295,0.8891475023849807,6.204195649292557,1.3148670036433423,0.05320189636929466,0.9957545598154547,4.038566058314293,5.634121242479157,3.4073799250374046,2.8321270640890592,2.3515965035424897,1.6014862047468166,5.180061379279675,7.024259510499955,5.35383109202867,8.59011284720991,9.727174590050664,11.899074704548937,12.613019517412104
-1.0385151301548474,-1.246661369600815,1.448543856973598,-1.5263921239486025,-0.8388005658107893,-0.2958441510944952,4.023321539463633,-0.23742997125499585,1.547538274641107,3.3965205584521927,4.681099827391804,8.609028831521716,-0.3908083862818614,-0.44684199455669804,0.6657409606284296,0.3854836722039599,2.5317508708980916,1.2031891479906505,0.4754015698831595,3.59876598821643,-0.9848702429397191,4.217348954988376,5.206352306252176,5.912991214901616,2.7892372619780126,4.3904757393522,6.610727980299414,6.289806255968954,4.124826509340155,5.532283160043626,8.503693177571915,11.061637551351556,11.819624942476139,12.942355321614041
0.23807619603675995,-0.16052900237911247,0.5897768687426491,-2.127301479329656,-2.3937827961572804,-0.6017143840572311,-0.025625071599145826,3.7774127510485984,-0.0631977954805749,2.464824130765629,-2.0856669706689166,6.567330321376587,10.521404030976198,4.759189644967894,4.094911371047555,1.9774899466714515,0.6108344623291956,1.4442430919239393,2.063963638375337,-0.5735102827752149,1.0809288685434149,1.1561709458392924,3.147289704299641,4.444856314742715,2.2395623509016813,4.806699629964932,4.426778322321103,7.467172349882239,4.229243299617665,6.500869177251868,8.390713609464047,10.859478171533286,12.105850326653552,13.288014920237316
2.4084057794643967,2.61635592354119,3.168921921672055,-1.5280465266390357,-2.193949886945331,-1.5803855724759612,0.6364226033559349,0.39379084870702225,-0.2920525987393872,0.4869279981718386,3.273873785022355,8.176576666565044,0.5267632004664525,6.021538773767385,0.14536838466609822,2.1686975406476208,4.6347181383880285,-0.5942002603283935,2.0196771375805964,1.0141985041673773,7.299752192665719,1.981085710356617,-0.28312459728998346,2.8462238651892777,2.201813022063268,2.3353490147594655,5.488632334683831,5.314951091266317,4.5935631672142545,6.603211198392478,9.342066352740254,10.408892915101008,12.418042659203378,13.292579140746852
3.3213807448536983,1.5919630331126198,3.2826114015422956,2.937388397263498,-4.6249561420523895,-1.5540200044089838,1.6970927211629674,1.0108291888703331,-2.0355116669672833,2.734810502357355,7.326490098040878,7.0583730759750765,1.0805924355107068,0.46949417880659594,-0.47168433933620346,-1.8720891956819878,1.2160240833600169,-0.13790566450359817,2.5876557598758643,3.0414016470308853,4.013065890820642,4.042323413538592,3.297112774110489,1.6093860749908107,2.63621172525538,2.829144029145619,4.793816345911501,5.78716143760662,5.561079503307993,6.117538152031779,8.940980332635782,10.212551213292649,11.473383081281773,13.146869356825498
2.0579349542080525,3.183454279403122,2.035422174296657,2.1956267305370463,-4.663300268200546,-2.690265468793575,-0.481770744380984,-0.2260534738759596,5.2438095293072395,9.240813043303357,1.5714175729248405,4.113893822826322,0.5764768132032742,5.752051155069121,2.830592319275928,4.832918939385826,-0.9057726812298758,1.850024300454036,3.2296171795336783,4.862902489435338,4.595870076487191,3.995074381338099,3.808210695142011,4.9331904678073775,1.5722742160357788,2.1760508006904464,3.8039224367662765,4.036755284934868,4.908132707479577,6.856565237160547,7.582742919276131,9.812816676778956,11.354563397835518,11.450943750118917
2.225242507875867,3.2140118766347396,3.4435210634496594,0.4938363220937307,-2.47341338720315,-4.45117963938012,2.084281624895999,-0.972808525582512,-0.7990431543043918,5.38900461691623,5.991297072032425,3.8514949518911683,5.8306585434382345,1.0199273581748873,-0.8573687102642508,0.9043872630518738,0.7472168210267515,3.2185423135045994,3.031121219343476,4.202710006155837,3.482159512550132,4.571966978268982,4.407237969286908,3.5290306486304273,3.245868821019325,3.220464110147852,3.8715128754109305,3.3016865149361463,4.303513591140527,4.64847432248531,6.265103005003412,7.498874498302857,10.740020981909902,11.639127326959322
3.3855318356401174,4.07330921955482,4.546033138928714,4.191115751198292,-2.397852142963263,-3.2022661293593258,0.686539430469943,2.4436130708131127,4.7767436602306095,4.461758831382529,4.6832219584136565,7.750339555273345,-0.6789796956888787,6.298069158888429,1.2122613402020108,3.1754192174888067,2.1140833913145793,1.8857883259406065,2.362937631166162,2.9526890954263076,1.2597537019105127,2.941355617042114,5.026633151847166,4.558748762326745,3.4481193526502625,3.7658060592429834,2.956447864916551,3.1407577408666616,3.6218237303449956,4.971094988681761,4.994717001389995,7.092172481698002,10.100587708147307,8.555846229477918
3.657249993669588,3.6170404729662193,4.127415937119303,4.4492109047449855,-3.8227307936152375,-2.478691889893491,0.19937595020765098,-0.5213448881351431,1.6665581137758585,2.5954265850503058,4.069190476299374,4.816486562274528,3.1911457141554247,0.8131280894686201,1.0854048744921323,1.914430694619022,3.408179412289234,1.9125254777782075,1.9010478188378372,1.097392204463375,2.442550403892156,1.193751419753949,3.8472289763138856,4.706140367958252,4.874315625015189,4.481141955453949,3.266158168387271,4.034660419441254,5.0763399856927895,5.2008388951614695,5.682584445810966,5.727520182006831,9.083089386448451,9.057514431574726
1.8169180569472856,2.8711128268808057,3.9521071610804106,2.0300301482705496,-3.1050006865538893,-2.3565765987268366,-3.842391507450454,-0.9813094447111005,0.6647896026413763,2.2710776757090296,2.6374859467299276,4.122503071784035,-1.599231181939952,5.502655109518984,-1.0367443641704166,0.8434995223781719,3.1759968152954485,2.8088001786248467,2.3407313789799544,0.4237362195456471,1.8360760542821806,0.6594680935155982,3.497592249975952,5.023779882200681,4.3424437317905324,2.5678764503738827,5.428941435711593,3.9292497498466403,4.158044856896772,4.894518857676342,4.535941897843601,5.930612580989848,6.282247482961996,9.328309953420474
2.341786645881997,1.7755360079897382,2.2892980419544906,0.8246349495237109,-3.728172421971445,-5.724248685095151,-2.313780549363498,-1.7045062582949368,2.042505004864028,1.8619167287182703,-0.46749560204204244,1.4907532253610685,4.029859115845608,2.883199271111658,2.9587763560224762,1.2778838681575,3.7255913812975057,3.385941540873209,1.650833598511857,2.9334840961858033,0.9614552423745224,1.4288073603771194,4.517959120542111,4.06093260495117,5.1529244916303325,3.444985030184575,3.5800451380452962,5.01948298010881,5.191573296819664,3.820513346581803,4.590498631251029,5.822126817803053,8.088306181766763,10.939256160986028
2.074116604538298,1.7227195557647133,0.7567792977833571,-0.31564587814894657,-5.040041071662416,-4.812023653266707,-2.1552033307584444,-1.279045386642623,1.1895960204915266,-1.1684148595279757,0.31068895828452825,0.18042359361259935,2.4779694754255566,2.273275311060248,0.6139352153628459,3.6859715456617446,1.9805673897028724,2.3087871703669807,2.336966987902944,2.6682291029039136,3.0280218843481466,5.527118737182406,3.74716522706907,3.7966614609275156,2.496902316398081,4.733229864901022,4.179800038857431,5.168566870926396,4.951779394639125,4.614856097514263,5.535421175672371,5.688030449953698,9.599490846377732,12.350274603354633
0.5663631930087528,0.6124970653722349,0.05809765571698591,-0.576069187463626,-2.9632247982652045,-4.176845851999479,-2.6449743819464993,1.0051653669145066,2.858512497567058,0.08940052925131484,2.2161424181083755,-0.6727687996271847,5.149605316133944,5.946808328753633,6.51314473706895,6.663186523116143,5.016646085336334,2.492844462003238,3.0378901205468534,1.4689677160994212,5.131340927415879,4.907584915600927,1.4398297135304363,3.765531313717655,4.376686348909856,3.999394901542456,4.2736468745462775,4.0239082822821155,3.8767464164751155,4.372206836248943,5.509336496582095,10.096166938430613,11.302150554222338,12.040405430908471
