script/wind250m.json
{"header": {"parameterCategory": 2, "parameterNumber": 2, "lo1": 6.000198445256149, "la1": 58.999992894266676, "dx": 0.5, "dy": 0.25, "nx": 22, "ny": 24, "refTime": "2024-02-25T15:00:00.000Z"}, "data":
[rows 0 to 23 of 24, columns 0 to 21 of 22]
-0.24959454735698028,3.5064226848978994,-3.232486458460045,-1.391650005024183,1.313389360510374,2.2615267505711634,0.20391581918659563,-2.7951039429743045,-0.11700461688582817,2.7163274088414027,-0.6531913312346079,-1.0094698019107093,-2.6882695062258617,-1.0575449341450862,-1.1504485935018585,-4.571765298574979,-0.14900652711628343,-3.6896496710855886,0.7986072585699276,1.0043318282758154,-0.15854699915894652,2.186551798191567
-1.5958321107896667,-2.5951337827019536,-1.659996046215187,1.6353387153717067,3.0468038511111843,-1.4586969044788205,0.3804336309434566,-1.2718368189809186,-1.7972497648286545,-1.1390023609907647,-1.5530815201179073,3.888892137483799,5.9767141520486655,-3.3773112350794885,0.4297061882646632,1.5463609257467645,-0.2385197411351377,1.4603610949004295,-2.3498768967217813,4.594966560729138,-1.1434129355986347,-0.30546247740268845
3.495269794890883,-2.50341915029283,-4.076581652547292,-5.949445799865725,0.18994623466189478,-1.1953138038202822,1.563355007921525,-1.001272801686463,2.2939635730524626,-1.6778794136844584,2.800934780612635,-1.688766309363299,-1.3710351619667707,-3.101244402360286,3.820786677026788,-0.43487546244188086,2.529341532694734,4.845635617961966,-2.26315241023797,-0.8086178516361376,-0.8395124776733007,-2.2378366999502064
-2.483396630786042,-1.4953799157127463,-6.300945623783097,-2.623481052307797,2.5446266110035514,-4.383669271211062,-1.736101052145894,-0.631054884482476,0.3058837757147681,-1.186962784142122,-4.193809992565987,0.4052996817067406,3.3462097146010095,-2.937568004505023,-4.380275733288646,3.145189796496285,-5.851260068040605,-1.3519581454334266,3.0800018206470545,4.534345038161468,-2.079428233770842,-2.532430484200603
-5.438187174257364,-2.2960526163493613,2.9905275805386706,3.8130065794773134,-0.3683689975070078,-4.406444650816144,0.6707990778233414,-2.1915096503993445,-0.3104861298906233,1.9282680746823693,0.27753856546173533,-4.247973871210986,-3.439945531681336,2.3864654741253397,-0.6842545051303884,-2.275209189172824,1.6237114887241242,-2.0540913237816407,1.578794813679226,0.5865639400112466,2.546813479554036,-3.2857600592241605
-2.4597668971713116,-2.3020713141860942,3.06278316799094,-0.7459975970515677,1.8620942196650472,1.268266388829519,-0.6384734829086021,-4.415920998482853,-3.8990750479595264,3.2440981243664058,6.499916384944975,-1.343657446448189,-3.332381435393046,0.5280988456078667,-3.993801808472587,3.1824810955240848,1.4911736523971573,3.873370580052841,-2.869388309359518,-2.947651305271447,-0.7739615535770754,-1.3142529910712588
-1.5427984750988213,6.694821567085239,-0.37887385028887555,-4.992857062990494,-2.8053172962971042,-2.1442145627691165,4.3685398524349734,-3.0423644904491636,-3.8770444118997087,-3.311546605523677,-2.3602714348658353,-5.081247040889262,0.754761505076451,-1.6832769523639621,1.6825512041121562,-1.1221145350014792,-2.5468138449687974,-1.8597807221244882,1.3578921970249345,5.397887521048347,-3.1341887017918966,-3.8779118541796214
1.3667772370189097,3.793183616571653,-6.392690676257295,2.650592795302481,-7.237777456753602,0.9827849647652765,-0.9634993066420503,-1.4679020809025123,-1.9119257959011402,-6.624745228539772,2.554204584939822,-1.8905729812251617,-0.44765328482045547,-3.0667669808477545,2.816091524847233,-2.061296994925174,0.5337480448109931,2.214558086684621,2.0353396068598983,-4.746016522485338,-4.737689489396561,3.4272383101058677
2.8661564586980597,-1.322904802193572,0.4586807273352323,-5.573900971876765,-1.4255697594594738,-3.2279030473778887,4.975990506136175,-1.420105413204798,3.370600432978433,3.728554270835119,-2.5403112353011505,2.866519379358257,0.47243646058863425,3.1549788454526477,-6.8401557859859565,-0.8082439244631895,-1.7513278394518432,-2.8957873109228602,-3.275182213237011,1.3529700215796852,3.184990121957872,-0.8783139806367204
-2.235636086968918,0.6076659163936193,0.0783959749387543,-3.214238760360266,-4.594883446586928,-5.1733607640910835,0.2799618039912007,-2.1105377467897726,0.446672395204294,0.04687201943153489,-2.7069908891204566,3.132804773551337,-1.602913398166402,-1.153981229117334,3.6919760447317027,-0.7110555507536304,1.0863951815480586,-0.09788682147394363,0.4865180246018576,-1.7134841409365238,-7.36930818593673,3.0090444808696906
-0.6013960277723701,1.0260869673563582,0.34014609208751584,-2.836532317044279,1.8080477449926045,-3.953759999457156,0.8437415186660233,-5.140948702566715,-2.225900367598621,-1.2302475161218525,3.499942829432584,-3.38435387587731,-1.8141264173377938,-1.3773203857621366,2.5336073879065935,-1.230421439866079,-1.152849209678446,-2.260812181470738,-2.2077241131580134,-0.3176625681559407,1.2574071729979255,1.7446491716299246
-2.8201766020595076,-1.0435240374039607,-3.244318772218011,-3.904279084931202,1.858495435686815,3.6814000067523964,-0.8176644735577415,-2.6011074823664746,-2.080641079918217,-3.385009927889268,-1.2196387446670147,2.762501961751838,-3.5586256530998415,1.8295428655407973,-0.28417072173603786,1.2600647698063794,4.940388188962053,-1.242261108101565,-3.0468759591679118,3.052545321731654,-0.10065575744479113,-4.5912299426916965
-1.0979350310190432,-3.3237158179957653,-2.6402841401345754,-0.7929064578301257,-2.543768072047931,-0.43378842510623344,-2.308876400091876,-2.0174220966338616,-0.016734647226804917,-0.14682088865831328,0.007783740365668282,1.1518991638778477,1.9909369159560009,3.460267959150571,2.5165566306915435,2.6167376982693273,0.812079645578692,2.7901959209637868,3.2042454625770374,3.6763940991639834,-1.9068458059806166,-4.990601453925565
3.569149440331086,-3.6012438138284892,1.7058243447767738,-6.390036195148837,0.02185380177586045,-4.493996730710193,2.493535997547122,-1.6358607897724984,-6.263358580762416,-2.7482204643924235,-0.45764990431399066,-1.0863126392814433,-2.4734171660370485,-1.3324191754046797,1.216184314975501,1.4609898705352826,-0.8195561392639753,-3.1274952266692746,0.3928069031570864,1.5213125862376213,-2.130096922770169,0.8557805203850669
0.2885655697373224,2.9210962477254987,-0.5109245029155179,-1.163586427087181,-4.122913544496248,0.13704608754204806,-4.0091672802512335,-0.2776246030468022,-3.0761200139298106,4.293778423337604,4.442352583936889,-1.160312309951729,5.658918172346574,2.5145368949067053,-0.8525066401459934,-0.8774883950691449,-0.14289568488494117,1.3064916630721588,-0.841348399939525,0.82947706201314,1.0477985864509543,2.57518705963222
3.6159892162118754,1.4914037355712448,-4.44938197104148,-3.4942173701342885,-1.3707265940439521,-2.1871232134392553,0.7134009161464361,1.7745256024692724,-2.106345173144648,-4.333607468145557,3.6631582390119446,-2.6998193058454807,0.7935012969536781,1.2734297620877242,-4.481207129023864,0.6959064634424863,-4.876237430968656,0.21520061855837344,-0.14634670549605502,0.7755750652573024,3.4198104474191524,1.6868178738820208
-1.9041181174650013,-2.3204527093709992,-1.3603994271715119,1.8052540687045908,2.979135968431674,-0.43570515134499993,1.1661849680990408,-3.004636710482369,0.66732811474241,1.5266284731397282,-1.8771145865260717,1.7093910510692694,-0.4555261344541399,1.4024643416551936,0.9914182239838397,-0.37301032653086835,1.1733254612414954,-1.8526701894911377,-4.215627202487218,-0.9127955478543185,0.616707731163213,-4.23200126187259
3.6227653643749815,-3.9647241609333457,-2.5594171481344388,-2.4185605279315636,-2.628120327226522,1.282224852689124,-0.33978559728747476,1.0202276578635594,-5.770765647854872,-0.12500147674079654,2.7804152526658035,-1.996728156830351,4.45642383207512,-0.9897858948813175,1.5497509465116452,0.3421361887143749,3.810265246576742,-0.930813046940921,1.6612724262843637,3.8058805254515184,-3.772053135373618,-3.4062360739832545
-1.8826013406651072,3.1779918540339747,0.020350368643752132,-2.460286354026925,1.6362539717756006,3.0871889352025663,0.058292416877842104,-3.825035187352072,2.757436954033022,-1.8187890217825846,0.6992200019693546,0.20392869044188278,-0.9420556755504244,5.425304442967755,1.4343855083278636,-0.17796165725238847,-1.4543364790239102,1.2810593751294979,-0.5363347766872719,-1.0097794733609613,-3.1517442916346914,-1.322356442881167
2.859781897588995,3.7774381671130417,-1.5279450087562148,3.6169230422540353,1.8160079981463964,1.9155147964803547,0.9830275145722547,-1.276214687589832,1.059788056441001,1.564121736178028,-3.0070947321378565,-1.8783922042783499,-2.1725035867427476,-1.0246302943983878,-0.7433747642390384,-2.698683227886335,-4.105222916416627,2.712215403365467,1.0227869786178643,3.8636022021198766,1.5872160238123088,0.4709017953989383
1.5497290646273763,-5.247384856913476,-3.5359245657295117,1.4834643444559972,0.14360660904004574,1.167501454215095,-1.210782866776683,3.073353070690009,-2.661035303198273,3.3810698646026918,-4.7203916942264,-0.10646208302011674,3.7650097297732974,-3.776611873787765,1.1250392538304124,-0.5681658196651945,0.32137358889693096,2.429323839262263,1.4964666738091217,-4.613534415353105,0.8626088530604201,-4.638079447661562
-0.3903390807742766,-2.8732848457810616,-0.8247833613453912,3.556366167902965,-0.6932615150133723,-4.791646595395651,-4.483885301476937,-1.8936364873658909,-5.496547770398166,2.162012782174906,-1.9936033134622524,3.301625779081432,-1.3268629915978476,-3.2208614591532743,2.515888631103894,1.2860050438378743,-0.9505429019982413,5.79994372362141,-1.4227856352505726,3.377701012353655,-2.8609939882967628,2.0306051194494823
-4.999927775316878,-2.346992776832251,-5.3252488925972425,-0.9540696081149574,5.345174690815484,2.917196170100299,-1.347862850425061,0.7421734037830539,0.09500124720555851,3.208913748408513,-1.3162600789867638,-0.42735897438827103,-2.212831730976373,0.6717572811723241,4.379722016934337,1.149028300634475,2.9508007743045903,-3.0305568685791946,-0.9583725616535939,-0.6389613014908202,-5.662896353955994,-2.8488628506482656
1.5921364523536616,1.9421844136823234,1.822765049443651,-1.3600113479272091,1.4851858886246079,2.2772892149051236,-0.8009720536510081,-0.15195059361785002,-2.8830687525238172,1.837928071946979,-1.9681719303007328,-0.8621891995129878,-4.351527033553187,0.182310459834724,-5.842707965048135,-1.7183300370275152,-5.3185566814578324,-3.564775834607065,2.9746433354268667,1.0890340165076293,2.7107232792206406,-0.942492613879374
