script/wind10m.json
{"header": {"parameterCategory": 2, "parameterNumber": 2, "lo1": 6.000027932988019, "la1": 58.9999434238085, "dx": 0.5, "dy": 0.25, "nx": 22, "ny": 24, "refTime": "2024-09-07T06:00:00.000Z"}, "data":
[rows 0 to 23 of 24, columns 0 to 21 of 22]
0.5615074830459957,-6.347197001717328,-2.5743322089781158,1.5067755230305422,0.4472751499707077,1.6099473652310303,0.2016110984824787,0.5771937991768098,-1.2445021238057903,-2.557169606944833,-2.1454395857350734,-2.1156765534892874,-1.7062035201369747,-0.7933793115430685,-3.293898041507847,-4.528120524122387,-1.9623660850325537,-1.163345110851983,-0.3441687264847712,-0.3909937003988682,-0.5551884821357311,-0.2326166393218992
-4.023959610805978,-2.890437123608499,-3.7417305636022937,1.1439455929955225,-0.3066554238087174,-0.3063102895229413,-0.442806756350182,-2.202244938062327,-4.0843128454010245,-4.214583656780108,-4.243683392274731,-0.4652852512037348,-1.3490212324359554,-1.2852310953030102,-5.251324661309565,-4.702678899419271,-1.4309110526027329,-1.7641053951049164,-1.7456229616344834,-0.6734367569414372,-0.4800240432953582,-0.25423129247936327
-2.723525981585216,-1.9579795481289126,-1.8290547513840762,-2.0069667424201985,-0.9509231338810906,-0.3950238888974032,-2.100144279238846,-3.491432948191601,-4.374844599218618,-5.523496058766404,-5.964273005085274,-1.2198766021606282,-1.5740811178181386,-4.179990838330456,-1.7071071406786045,-1.4247882836046364,-0.955642233584573,-2.925544956456749,-2.539471834927215,-0.6162156673261571,-0.8403897402542069,-1.0561311172906198
-6.570241398347972,-3.3231959826408213,-2.2840607354469507,-0.2688682374106069,-0.51068906838728,-2.527814735992397,-4.010054710407234,-4.095348437735242,-5.181188584325403,-6.091998027606771,-6.438540058818367,-2.6407892369565675,-1.6484918595188665,-1.0845947148632324,-0.943138774109131,-2.4418746294223928,1.116419460639972,-4.003670320321051,-1.0949923373008195,-0.39051147069487424,-0.9466720992935833,-0.7889355379361763
-7.937279416271484,-6.685966538196062,-3.7216822226911566,-1.7560561873406446,-4.12342481642481,-5.045536173764188,-4.267733149825046,-4.876762700770651,-5.964862343540955,-6.198909844281887,-5.946503542593602,-3.1297722258817897,-2.1146924976971144,-1.734730764292932,-1.9182147511270238,-1.5052797338750596,-0.33049182324725845,-2.65919110166486,-1.283281150047168,-1.1662888074466626,-1.295195341391241,-0.8429973337581782
-8.67739538824313,-8.607743653090765,-8.47689879006745,-7.531387072315916,-6.126283902820274,-4.810451558215309,-5.1755173991901,-5.930063571920067,-5.994237089143682,-5.514593159494549,-6.386221735079388,-5.682106364366808,-3.3616159299294988,-2.13671740564679,-2.614132220260268,-2.859536559572854,-0.8727089990375625,-1.8935812136756616,-1.3158439634208152,-0.8439093508816099,-1.376804340918807,-0.5151244321857341
-8.822580286291727,-8.773509371448815,-7.9061786303309205,-6.5545113588441035,-5.264380830685976,-5.039748986948663,-5.912732280936899,-5.319386162988113,-3.192549449496461,-6.31658517640926,-6.677475228471162,-6.310616838546737,-2.635371941297801,-2.064510411839135,-1.6399185980686568,-2.360876325067734,-0.8290832493311501,-2.6203656625172007,-1.594652428322094,-1.73282871141355,-0.9065279898864634,-0.5341660929374707
-8.56787960772131,-7.680792110580231,-7.115567130835313,-5.803115734514355,-6.262790323158298,-6.130186775589543,-6.061720566139053,-4.623916791347304,-3.247860041306226,-3.580337249898292,-3.314882881048404,-7.036177676655641,-4.83332688388033,-1.9384989510712252,-1.1889292264465274,-1.4593341383595135,-1.226953450521623,-1.7532818647082917,-2.2441958896676053,-0.7027131348106739,-1.0746961566070354,-0.6873011899316936
-7.551640115929451,-7.6473558723213975,-7.078514430208598,-6.624585054633953,-6.4447462945530445,-2.4789195096727736,-4.4712970686860425,-3.3085941663643865,-2.189563069699582,-7.073277873867025,-7.7403543696648,-7.126956982146576,-6.405703919933309,-3.1668518443516627,-1.7993012171024785,-1.6348985060269101,-1.7244074995148198,-1.4844903299640755,-2.1329634623000313,-1.3918959373139448,-0.8009588055099005,-1.2360984329289053
-8.054910800955843,-8.047708529083298,-8.069414211979922,-7.392594385676948,-6.919640081681826,-3.831885193873825,-3.564458502706592,-2.2228458653671472,-2.9555321378035595,-8.051030086211334,-7.465520057962761,-6.706752451905963,-7.313013120082123,-5.098818641702651,-2.6396248077514692,-1.9621577575078903,-1.8022356888002786,-0.7758617971057593,-1.968372615269189,-1.7191289095213622,-0.6566609995478003,-0.8290005332358529
-8.081359955007231,-8.035265765453598,-8.136085112998929,-8.33831451622111,-6.71426219274023,-3.73184740897305,-2.77152145503114,-2.976711932166555,-4.098796368590205,-3.4171853100116647,-7.318523229678858,-7.795176479258917,-8.134091692541915,-8.42542724510354,-2.945738372963326,-2.0238265495806442,-2.128397704129277,-1.9268887759928817,-2.003423103962308,-1.3922366429020923,-0.8571443074635995,-1.839914954726679
-8.17057526326517,-8.199212457746578,-8.61745578940705,-9.050967623732472,-6.993797825925235,-3.09272839263634,-3.627554869096604,-2.562922150235343,-2.162365814070284,-3.932261003924954,-6.975797227142028,-7.662072891499972,-7.164678686134761,-4.618934465511771,-2.967097607431028,-2.0329525278714033,-1.4931505096674185,-1.365024629965802,-1.6608705146537637,-1.9039428205506397,-0.6314549182191712,-4.873355736772313
-7.445365574805842,-7.459734267917111,-8.725718548935792,-8.953941704989248,-8.012799375231285,-3.360715270737397,-2.0305452725927466,-2.29108745398776,-4.633159354793844,-5.633952864058805,-6.405305819781879,-6.029171562955071,-3.1649207742247216,-2.135666753190513,-3.53386255452031,-2.838057281140453,-1.1887231586841553,-6.321831655832037,-7.41257556791408,-6.173431873424177,-5.2952723193433515,-5.79648407806216
-7.031000422701246,-7.915267327931947,-8.389328195594645,-8.7365464043948,-7.493547372936641,-3.9888193483198067,-3.4813001357448607,-2.386913187144767,-4.115024549973529,-5.338094195122068,-5.90421373319409,-2.797854435154642,-3.671338758803046,-3.561222549421805,-4.61395760423824,-4.3527345199106335,-1.8663980878322741,-6.668344273420702,-5.465061943670084,-5.828898933807269,-6.014142624797307,-6.204009883400047
-7.25793572672353,-7.602905624070745,-7.989035946067932,-7.935440164027183,-7.740997181362668,-3.8956514376875324,-4.331159208285429,-3.197759825481308,-2.274430363950657,-4.114938912698271,-6.618938121242009,-2.7980505322137157,-3.1594102015886976,-6.680534423343167,-4.450802904973996,-3.67634931483785,-3.1728397927541847,-6.278712320432056,-6.071266399941155,-6.055486076066286,-6.287970183914287,-6.799153099449494
-7.319055088124406,-7.6980164521659935,-8.414079601411864,-8.848667671513931,-7.959096665802919,-5.581459147506895,-3.787457245394986,-2.6177632545330654,-4.800032556518896,-3.6566970277885913,-7.261817181694482,-2.9131704955707907,-2.148290562727771,-8.495582626937226,-8.432503312695175,-6.672761388496116,-6.461251780663116,-5.239820036654795,-4.957983966641872,-6.395094200956935,-6.18772981019682,-7.080422766002606
-7.554028573900866,-8.156259278405097,-8.358448614537258,-8.766693225094318,-8.04294838204336,-7.157792088903723,-3.0083369286076067,-2.1754155507743116,-5.624296710262362,-4.199318792649855,-7.025835154678376,-6.312863284083782,-2.955753534446239,-4.7110905350548595,-5.406702228163081,-6.809866564129867,-6.98973420104276,-6.863059888323161,-3.939813169977076,-6.411862113543328,-6.396226106105959,-6.585189804938104
-7.936185441407292,-8.65628123623418,-8.049095770694203,-8.225349681738498,-7.867157778036883,-5.43172300102556,-2.3603234138119022,-3.3389196217711437,-6.62942862084435,-5.467524311342818,-4.21322554876831,-3.3251170863481376,-3.8227928725190705,-4.7953452789601725,-5.947087454215626,-6.005661833559564,-6.70155110778319,-6.511394290993056,-6.485488547777465,-6.212801001376067,-6.408494136154183,-5.901811130102096
-8.555375350100519,-7.705453624162396,-9.007975514334259,-8.410964761397487,-7.969710053759453,-6.347007260296431,-3.397089122515636,-3.175790756587932,-5.382897915811534,-5.822821502898411,-3.7521930990563144,-5.428849341976968,-4.268168249001437,-4.113952856270714,-4.8904078342696025,-4.135607719931831,-6.039188592703611,-6.453790710141724,-6.841767889723907,-6.192217864766844,-6.036028634356456,-2.866142575200308
-7.311745859612322,-8.423286730933295,-7.8606316071521025,-7.828533445703637,-7.861704651258668,-7.302781824948228,-3.2747555231812937,-2.667599457252253,-1.4290923435743392,-2.262220487655301,-2.575086208372383,-4.55593476706194,-3.4314747674525754,-2.467385119893878,-1.8940954300219883,-6.254545745603466,-5.343440572028002,-5.941552244420396,-5.884496792149741,-5.372461942911175,-3.197833192596129,-2.4886793818620894
-5.5457908056975755,-6.532904748713348,-6.825141258035662,-7.358135301496525,-7.819486153679707,-7.1057956097919375,-2.797544760238115,-2.4792375033143434,-2.108701286493397,-2.4105512122399957,-2.344908099126223,-1.8270150204414377,-1.8788638828877084,-2.5794623261217615,-2.6183796686370733,-2.5688371484770527,-3.2409356220311074,-4.612295818198182,-1.9141773069594452,-3.1157075979181754,-3.104010579143293,-2.010470237790672
-5.008557078205362,-5.049072024763467,-4.9793983450594865,-3.8430531811760487,-5.731091888602241,-4.710737119083883,-3.218576038904891,-2.3650089644725196,-1.985176658034324,-1.6865083711750968,-1.8416024411716285,-2.4487228467099165,-0.13814346062913266,-2.056542246162117,-2.747919335213563,-2.4984821159210857,-2.7336197096109762,-3.702738636449825,-2.405784734269998,-2.424826369764999,-2.6128647760751873,-2.5731492967720477
-3.438006361189036,-3.419110504331009,-3.082323809194111,-1.7739605566738759,-2.903324433034582,-2.51117339292829,-1.5466168006073533,-2.3539440336047965,-1.810418105802933,-1.5851569885504917,-1.9374655797809774,-1.3283414853638664,-1.5749628945128102,-1.7430472728759128,-1.6162919360982142,-3.469360312792774,-2.487098747322322,-2.619393287427726,-2.8377969682717463,-2.4732020194356736,-2.4825732467572887,-1.8684161390766971
0.11199079515638884,0.27732962386346083,-0.9195689863596812,-1.1781939889694681,-1.284789313682605,-2.2343711456457718,-1.0353009839156564,-1.6824461547275067,-0.862910771192583,-1.7275402540956115,-1.1013779010529465,-1.9168147567491616,-1.7097243288565642,-1.4815455504407802,-1.7064976117815414,-1.9071858886701367,-2.4211886780480083,-2.8696861078409572,-3.178898249284968,-2.4016499095972983,-1.9516193098410468,-3.111247571112478
