script/wind10m.json
{"header": {"parameterCategory": 2, "parameterNumber": 2, "lo1": 3.000054539987559, "la1": 64.9999836372058, "dx": 0.5, "dy": 0.25, "nx": 34, "ny": 52, "refTime": "2025-12-28T22:00:00.000Z"}, "data":
[rows 0 to 24 of 52, columns 0 to 33 of 34]
4.647147567231335,4.45457925329307,4.632703721959631,5.0714831179334965,5.597424109462222,5.6733859683957775,6.156348223316869,6.168374743769633,6.356650488168227,6.790721079721436,6.861341492912759,7.0851404991055285,6.893001508234161,7.623658304668948,6.804725755303448,7.596467611283569,7.325594240966534,9.048825499458749,4.3894672769086345,3.7631526584008483,5.445041488411362,4.4162095728383814,4.8730515409848705,6.818676161473223,6.319865120845806,4.3155332726874285,3.3144778663341787,3.684965110616366,4.464381656462983,4.3813984602641804,4.763922772227671,3.3287238687883804,3.765831205790916,3.9576794993433704
4.453063570155795,4.486329510418424,4.351504716842059,4.6316341689506295,5.005940999468492,5.2174289018237525,5.79808374804287,5.81629917782109,6.148870587634517,6.327298485266239,6.658166260982396,6.831844271155265,6.1040763148998645,6.599125352832276,7.123266807017849,7.318379001853866,7.323182955486554,6.7758505631747585,4.986455767325583,8.40753929698294,2.983682927054969,3.973938471567491,3.101399498552225,8.06274832707092,4.169899427011904,4.2285576068134985,3.0345065984789956,4.881581443832822,4.2046255448324565,4.2763925427798775,4.477509076909025,4.041144017538576,4.115194160730987,3.8030482595564834
4.222324428312827,4.822053057146965,4.230954390831591,4.331931613642058,4.724425183162938,4.967249088084189,5.331909492838065,5.235058800896184,5.603012999671686,6.155314935208317,6.440076852097942,5.708452374403462,6.1974120293563955,5.954553974503677,7.144372789216436,7.2346483279693725,5.059849699447767,4.451557862793918,4.721650618146301,4.2179004696127524,7.40092549025946,3.432094637150714,4.583775819107869,7.283953721364223,4.742336137470711,3.882867830207189,4.152951073457016,3.5321093128206464,3.9766207280777457,3.957938862764788,3.799635291087889,3.5599216041126356,4.601014062063572,3.975064299900729
4.286731205506768,4.318464428437421,3.9401368035670687,3.93244025716678,4.350287663607789,4.739368532438423,5.142482120600811,5.395158910389827,5.121077437626845,5.5859099912481955,5.628223143702444,5.621569434426134,5.896042972352002,5.9997364039568,6.209604088986632,5.0433241212100635,5.969975595770036,4.13212708085426,6.720741352670422,2.9003043414920824,7.200910706389724,7.733183707972481,6.4864566086522135,4.732495954211235,4.566296768366525,4.111652937066336,4.03636342274063,3.762537269900869,3.9242499670797115,3.9325676796935025,3.4949612301930024,3.899448042932742,4.091270180607315,4.409039049122206
3.535548410461891,3.329005071539551,3.271216133347834,3.38698187778673,4.162945080052716,4.088390332410385,4.859283056652757,5.527709653611758,5.090381916001713,5.89905110037266,5.642832561766157,5.461329775071644,5.751844263075226,6.479033657329921,3.93017293298487,4.54005762417682,6.151366155272083,3.3375269247480177,4.6367327862524315,7.225202297118933,7.3432131368638665,11.106649994183302,4.043398624629128,5.588013431723807,3.828128546179044,4.121157134769385,4.012881539742251,3.792688117348918,3.954174350987765,4.045363262723249,3.411123453798509,4.5474829475420515,4.24336922357102,4.1562583813503835
3.6346212644774827,3.800944248074308,3.976698759407468,3.939533741263172,3.358203293816022,2.628198852232282,3.5491205278986775,4.359602420866025,4.468421738050838,6.37106096250914,5.866096978281526,4.724768605397715,4.562102957757929,4.808439032309232,2.0853828430803403,4.481327422326758,2.712171040183804,3.6610490980100203,5.650645855242974,5.232403899245868,3.6848807601779954,5.575337501669755,4.387307627224404,3.6280428413061414,3.405148650483701,3.9931827342968234,4.326660537448453,3.761795275464347,3.5451506829494157,4.183580231150834,3.691696003157469,3.845234973019891,4.034027488927962,4.053369875799018
3.7840401204876053,3.7768564579577935,3.8212274596817095,4.136504165968276,4.140319830954848,4.104085887625355,3.93365748242947,4.254485475437036,4.420700794983807,4.9847141142348885,4.554691897323492,3.4394691990283013,3.5976535503797478,3.0906972398850296,4.341646432156502,8.692131076501374,2.785004835215988,4.98298768400332,8.34454932768946,5.960332871265799,3.994354933635275,3.5188480350327556,2.271724080707396,3.4410314333019705,4.3625449416912305,3.7541033481395987,3.8626647285244444,3.686554102931367,3.813626941019184,4.251887847444181,4.455248571503207,5.038241069089991,4.748345141493707,8.019990382164627
3.4408262160072276,3.632995112183749,4.079116067651389,4.284695817049487,4.646910825722834,5.182872355702314,5.739196563548219,4.749723185505812,3.2626052356272908,4.859343009915904,3.7742625836255463,1.8062088950973108,1.3687175901712105,8.336017478925797,2.9989966425993195,3.371957679787776,5.565333531541015,6.519307595132041,6.996714045751288,4.590461600696938,5.357256964133905,3.6656793611020317,2.2102098409409066,5.681198098059622,3.651495499674937,4.130936161113636,3.974335068248765,4.30823055482288,4.016997449169587,3.9036174597573554,4.315680418949756,4.338112963958758,4.5504276039837315,9.87886875904101
2.9547610217190896,3.27490466495087,3.855815579828237,4.059957022342629,4.273945880636776,4.622947414067232,4.502169697668077,4.902903609089511,4.893470102876756,3.160455916353201,3.0989647283142814,3.1441470471664474,3.947676643798612,5.7799327676169385,6.555728169499167,3.975023381449869,9.867460086947267,8.666734701267007,5.673913369537333,5.954529661845201,10.299970062781544,5.350918689792201,3.4744199491095684,4.284672878744077,3.6846695095177053,4.352298335411543,4.100741064483975,3.672432583029915,3.6985355165211113,4.395810912606113,4.920123212598495,5.795555865181284,10.748538360814033,10.984581504131823
2.30447889356469,2.5030958032743706,2.9240756109592425,3.4377155793066607,3.8120099051662524,4.093518999857572,4.54901564109659,4.99824156454431,2.851925053115874,2.372763866538404,2.9913384782490917,1.856953740300391,8.272625014507941,8.541088478583399,4.860761870961066,10.073691751378462,7.819843938137015,9.502462702911536,8.378702150558944,5.838847684442155,6.0643592548454945,3.7489786910398486,4.834255809362192,4.067735943521136,4.071018716626183,4.455510007730143,3.559810606942599,3.5632248862023252,4.1547835884248245,4.00818006767896,5.311208244987819,9.955136458842464,10.676743838252076,11.100113265479015
2.0748742948785313,2.2606548769615245,2.4705898931542305,2.8153826761778094,3.0879231243720926,3.4970139250343246,3.9558264536105563,2.9725448297691703,4.605938129363264,0.7508530200605013,10.203365593981118,5.072595997470457,5.747722493390145,8.224836339120753,7.098330821579135,8.542140292093858,3.9319392512737634,4.926432669991472,8.797353084287815,3.608570911537975,6.531032611253633,4.74819860843827,5.706157027093106,3.706771816648483,3.6507302784915354,3.880784280305223,4.496001849401707,3.750190618356994,3.940741982554098,5.371804815933033,8.241288969933324,10.225929531367388,10.451246694350349,10.527744309287495
1.6559050257980497,1.7918733503272184,1.9810238603643975,2.1889084281921547,2.4069910137376564,2.0336342591324286,2.0496544125676057,4.0003137548967445,-0.48999358502370594,5.743831338179261,5.934153742966026,10.884515450919025,11.024166897372181,10.309107703691053,6.248888081575236,5.370869913292652,5.3228634048417245,9.611746415085973,6.541657030917043,5.381165055461702,4.317001182177759,3.878403402342114,3.3879138671953006,4.122239736912991,3.382629681138706,3.0783997219089496,3.485603278727191,3.531146558639309,3.2488966438073517,4.532966358761056,9.482841400294134,8.582603505914122,10.234958695280882,10.802893817539292
1.4429619812183214,1.3996552406992882,1.3507614114900173,1.5987782822598375,1.1896950093299052,1.7982109590031523,1.1457149903955766,2.2208360388910426,3.23321790680369,6.1495589560294475,9.753176053247483,9.245318980363443,11.523375024702833,11.077045896328823,5.131007620710507,6.581336481196494,6.305658063673828,5.411747923858325,6.698405199323125,3.686841596995704,3.041556354800728,2.878284369475025,3.4364200727227447,4.258982281210265,3.004743900755577,3.3000510438314707,4.001398381512389,3.4667174927747744,3.4087576924567635,6.2726129177048415,8.69847718116689,9.06685507782484,9.137052103604686,9.881238576644693
2.238015789731206,2.334078232955581,2.0407353326381323,1.5336933034434652,0.4941071295207204,4.839228906260189,3.7130059956450787,2.101321327411205,2.6937662106453817,9.216207450514583,8.684028215835937,9.69823095248458,5.046166744026245,2.4412425103391575,7.086352152445731,2.6118701551043544,3.644262076318277,5.564431947366627,5.742963758565115,4.326626998223603,3.1724432070663076,4.541530379381803,2.8710048418975758,3.286365626658094,2.9271714941082827,3.166960451796248,4.063528178018017,2.645217267778722,2.9864487927679373,6.992031215191065,7.720589331919231,9.568364718314154,8.473649777400427,9.07646079823384
2.0541024494182167,2.307348070210921,2.3286016223820467,2.2453754724976056,1.7412190250347221,1.9285205616463674,2.1968568531417736,4.810330127568207,5.8766144050052125,5.797526105989782,6.7894976997492265,8.250664226584876,7.265781087297988,5.428005716703703,3.7523379431844455,5.665486247699628,1.7452870845413708,2.7319733918046127,2.8272987173584867,2.659976449969605,1.8977548036571776,2.639650599102553,1.9315153908878941,3.4613296940777523,3.294784006709195,2.691236179206558,1.571254248129683,2.1867713318240507,2.573924857424086,5.770455757617857,7.834124853068987,9.011746006023797,10.046149170650569,10.152988687649978
2.441075670073073,2.428959901233514,3.2106762740027412,4.135964216494517,1.2239570633122576,2.5019989488826955,5.5558553355506275,3.9051246635972894,-1.2692241883950668,5.259357890785161,8.808412575467244,11.735498393555064,8.705814256095424,7.305350738447779,3.8156378142873453,3.914810842789857,5.370146596743591,0.8594014657850991,2.500170549494007,1.9209526698806156,1.954631638635017,2.3184627299182674,2.5974040853580784,2.4014812547431843,2.2313261624519503,1.587149098890412,2.980700434615871,3.3059623694268336,3.0220448465344387,8.927886257649428,10.67386017264932,11.07926785134565,11.668367182103456,11.109703830683092
4.076318582870026,2.563927148714943,3.1059191720484374,2.764819115810846,1.135065146767839,2.1169824412035716,7.289891787703422,2.8208532696788664,-0.6508401346970899,5.660723572710675,10.672169045358881,18.271070211666405,3.954835217812288,4.103237478497014,0.8830979830732699,0.6272848024918692,-0.23502410029029153,1.1671212131662327,3.356527586435357,-0.39012124263657516,1.441208991312336,4.147014606081588,2.3450237582396363,1.9776167909127405,2.9406476202127965,1.7976931446040683,3.015123250115475,2.821121828130353,1.9410564635442666,8.560461520402693,10.798918995641303,11.619190621412688,12.017952471936278,12.26041171525086
4.027691558221959,3.9115314609982175,3.7448451209128937,3.634094921753257,1.141137027230422,3.125993034259377,4.271183238427327,1.8535835301075259,7.879319412521934,11.193353421818747,9.01737461267987,10.494862607383316,2.6998355082201173,5.4761467023489825,3.032107241544388,3.541773064769791,2.7978359095054115,3.003770803638481,3.821157005832093,-0.23921323056491545,2.0255725451685436,2.0834251932570265,2.4326554203950614,4.698265724815524,1.9942896012158664,3.3487781748276313,2.4269792134251413,1.6760155254962985,2.3030424478418308,8.50423291817558,11.355273246513613,12.471931669877497,12.422909300690781,13.175365545416998
5.744132211404037,6.114010550417117,6.671508640791552,4.0934126737260765,2.1673642778527573,0.4619400701879846,6.537597644899577,3.5135377848966156,4.525080213257711,12.698087398608795,10.252858031981937,3.6842177310887676,3.9836967616826424,0.2105260481118445,2.1452486426838693,-0.9501863846652979,3.2042104763673893,-0.9715892152407128,-0.9850832304939473,2.1737195710355004,0.5896616805370352,3.1297303842363973,2.473654747009823,2.838778190536524,2.638560378418438,4.1729796050356365,2.0160576388680806,2.549486203689546,2.2686822681956205,3.2839820201594376,4.500058646005611,10.860110174966557,13.409024790533099,14.771383350634759
5.3842774153067605,5.576411586175383,5.145522375347165,6.409983807179018,1.937884754983076,1.503271884056503,0.40415717130725903,10.96206138392568,10.0108053279874,13.522302246872238,12.46080505011866,6.832788218961818,1.5473634012235284,6.863866624286854,0.5773318292996218,3.49840793426427,2.011404140011489,-0.9476197914727672,4.819190725788179,2.276329948561113,3.7987034533784723,0.5854409759789487,3.370521090779065,3.2315633817456613,4.811786032355941,3.3368519723881986,2.271682272609779,1.5836019718061758,1.9372002446336258,2.9914143889139275,3.556195641374794,3.8395944145190013,12.123140877106806,7.606583086211438
5.445860977530844,5.845496751309475,5.160553062679546,4.777803829968363,4.702680901955687,0.6042564313356376,-0.8291888550797645,3.7138572582284115,6.9549241728191,9.00435971905509,9.422303569401134,8.213792546128198,3.8891064787298824,-0.4964559949936994,1.9166838875455934,1.1192496952430775,2.747669683870594,3.3590916698554296,4.368120106049937,2.4049327623753145,3.7064983364737887,1.1021434552144433,2.4501678296684397,3.969046075912256,2.033735724923298,3.556801662744705,1.9322477612203424,2.9225832217663448,2.5699273747611735,4.996175848436404,4.441634227930222,3.563155389612532,10.649589882304277,13.375879390328114
5.268081449661918,5.301096046981379,5.544481884620468,6.011891855858293,5.577295671442925,-0.23332636009328223,1.2323972164225527,4.589329086516753,7.603553774917863,3.7950899212434774,11.006799791156972,8.121783280119372,1.3797458237073426,3.870209918200261,3.161423071995948,4.6277097286153355,1.869546770155214,-0.4749487877692064,4.036452929461946,0.3489705028052891,3.7509639694071844,-0.5606112104977562,2.3320727685886498,1.8488079427282864,4.188508885910185,3.3932723583333724,3.2797176093858975,3.6075114277823737,4.365336688427983,5.0191757629815,3.7521465018426254,4.791733816243028,4.390104941904386,12.128155028121796
3.6585574402492154,4.325678371663541,5.626610072884324,5.681266156467382,5.687080931435497,1.0583689438525332,1.7417026209934776,2.659749608016751,10.903074629301752,6.566841071425269,-0.5695528407695368,2.0388402769558795,2.5220434743964377,2.723723733877206,2.8076879033573436,3.846856125047648,2.117212051820945,2.9246951906572156,2.5399035843672806,3.9182665736450706,1.9323879426207948,2.7353272099649133,2.302563284721745,2.0151516464261503,4.172904722007147,3.568584718590194,4.34753371509103,6.26382280734485,4.750451064837871,5.65554614829409,4.302339596657143,6.084659707305128,10.338991774132444,11.405657270098637
4.650062917898264,4.636507136941534,4.863370660463447,5.301717939033346,4.894423847176836,2.638608449584121,0.8000955560494006,4.483034215553827,11.564723384631996,3.1220280043383424,1.4017783727647024,-0.7330161205050278,2.2260102952074217,2.892376489151079,3.6367022180030943,6.115018991042946,1.5246377145487717,1.006211949815933,1.5372428753161245,3.2803092230895015,3.0412476604511873,5.210053202532006,3.788910162553019,2.918047646160305,6.833828482833764,3.374974089642052,6.0769328290414135,3.883850088467273,4.062011975682219,5.236441139643746,4.979985077855312,3.7089466581927,10.052902798809932,11.587097882174694
8.346255170364186,6.684859973033321,6.207217711388283,5.728526298870611,4.700285992133925,3.973143721856497,1.5754021197915196,7.546363113993657,9.025084740644372,1.4731031621187538,1.849573757783164,-0.0845043266398221,1.5325481356751989,2.9330531814043925,4.58240534631171,8.641549221784352,4.663573153805538,0.8710954297645311,2.313534969757077,3.111006255995363,4.804739944588948,8.578076235242547,3.100383905101658,3.408446934864691,3.6164160272471855,3.766814709425524,5.581040343456526,3.6987324509090516,2.93908795190916,4.7778897550974975,4.342820523011038,7.945083419159775,9.626386566143212,11.228454693832107
