script/wind10m.json
{"header": {"parameterCategory": 2, "parameterNumber": 3, "lo1": 3.000054539987559, "la1": 64.9999836372058, "dx": 0.5, "dy": 0.25, "nx": 34, "ny": 52, "refTime": "2026-02-07T20:00:00.000Z"}, "data":
[rows 24 to 47 of 52, columns 0 to 33 of 34]
10.314431731669178,10.208822143065222,8.904854561667221,7.295795176882963,4.649603836529871,2.873562369585782,2.0665180498412656,10.466217578991223,0.8142518591537252,-1.095830093512243,-1.95037791876745,-1.8213259447278922,-1.99846418634206,-2.1547637633044774,-4.515214320632925,-6.0544600001849,-2.643528991561658,-1.319291728537608,-1.2667702236904088,-1.9010699559215238,-4.024521079155529,-3.6614973801087722,-1.5006520300332014,-1.6610101815375549,-1.9723681942907325,-1.6773949302334732,-2.009671912950463,-2.3739297057444535,-1.9899603931756509,-2.58114268312452,-2.936813518982846,-6.150016306337625,-5.098568510141635,-4.328950652115206
10.530903248795983,9.901453992298377,9.441917923755044,7.933403630972458,5.894319432349393,1.9447611944951855,1.7168327898882916,-0.7900801235721077,-1.8986396744148217,-1.6015656935836833,-1.9025463476162057,-2.217367428242659,-2.5454311419656306,-8.14375634123619,-5.221513718201464,-3.735944297043635,-2.994195021413504,-1.3508255698168903,-1.4288884586736392,-1.948431145245165,-3.123017585298933,-2.5763278751600587,-1.2284373635781154,-1.6749832172617574,-1.8098480147059708,-1.9146922371580626,-2.1120649803510054,-1.897092577594637,-2.493737267718001,-5.394672047025739,-6.749256102739943,-5.893076669906736,-5.157328206757821,-4.189745524527644
10.48839741662445,9.974389308859427,9.151683776704019,8.403877823124823,7.068617764658455,6.094556104527887,0.687335648579467,0.5051891212410041,-1.7053430093885404,-2.029891047042394,-1.9059042775727282,-2.4658647633424793,-8.023176922223985,-4.057028015688504,-3.4745874529022696,-2.725090089176102,-2.3078718876524458,-0.7902492168968506,-1.5709580721527248,-5.1954832593960205,-3.0364310384492916,-1.7143581497660363,-1.2833916787734256,-2.9288337781659157,-2.5208122600989524,-2.2288827711086454,-2.108673400465119,-2.3053328615030697,-6.941727558989255,-7.182091445498375,-6.274124782338521,-5.3676222938474245,-4.6648871886947685,-4.051724022598559
11.114294082988495,10.54558168159507,8.57473265335118,8.097511508661837,6.823621116597453,4.339648591640676,2.1405856366319234,-1.9921553821241256,-0.63814004881576,-2.322332527897447,-2.6082986958242684,-5.512115604034018,-4.198281181123823,-3.314013552581817,-3.071345838327415,-2.63826270217852,-2.769114556274748,-1.697524057780096,-1.6895844548537744,-1.8567638644494981,-2.0286262511317092,-0.8072405886643249,-1.1416917827586401,-3.3000325251527935,-1.2734931750594438,-1.7121142083663852,-2.063847379737551,-2.177424346872523,-6.961740413948823,-6.7764332568904475,-6.112428115427833,-4.971295551926692,-4.704601764353593,-4.082377490933017
10.633983948439367,9.861794697853037,9.859919471302383,7.950309750529021,5.4683580339885305,3.707503456124855,0.955492357213914,-1.5945584020551267,-2.734416134368708,-3.1511303534154007,-4.384566645087411,-3.9185723232520253,-3.7964834481450542,-3.676952952750107,-3.982353089476279,-4.398259582440504,-3.484133331964849,-2.598606676053651,-1.6158992627606168,-1.294261300476464,-1.4062018932158702,-1.5192543852189535,-1.386536611082671,-0.9679706965489674,-1.6137937273818164,-1.8477042961411838,-2.4102652340865225,-2.092541925661616,-7.053616327601381,-6.364200383457664,-5.852651303249936,-5.171948989267842,-4.438457045909346,-4.72247388686121
9.805320653084182,9.291064768138414,8.562439098631177,8.427393927866726,7.837959489945214,4.531437783527085,2.5757041736496666,0.3233628131099369,-1.8950009962271037,-3.0597747604057792,-2.9484389795425376,-2.6417321867933823,-2.331268461382801,-2.5554220673140007,-2.7245060223506345,-2.981825776090373,-4.533472430878525,-4.173302989154203,-2.1239174954844535,-0.8955308382584662,-0.9047906211039459,-0.75307835096152,-1.4872043263890187,-1.2756638657064325,-2.0659780025940035,-2.468696173842166,-2.7009306782488567,-2.6623213557085044,-6.822944320700593,-6.486809516663627,-5.315440952869027,-2.2711604902274143,-5.120120473197444,-4.358141710643954
8.949742891211866,8.846617754300654,7.781179605505382,7.306095059490884,7.029535245057495,6.670087642386806,5.430015045224345,3.862901869035935,2.4807861777396747,1.4686527736893087,1.1510987859353967,0.6904742399049861,-0.3141623935026647,-1.550927260793219,-1.3389153322291045,-3.133695224456405,-3.307817158696297,-3.2737072697257603,-1.0902059180189245,-1.1847542854346216,-0.88079998324637,-0.9808674383046846,-1.339568720121025,-1.4880734332445933,-2.2123004180961954,-2.7249683072896413,-2.5584131307807394,-2.857958217429036,-6.7448292752980565,-4.943671901422352,-5.851714321119416,-2.053927580033191,-4.65510158039511,-4.514626997864909
8.463147144089934,8.26012018640284,7.890317651594709,6.748313636580223,6.0067453943179725,5.589263275775939,4.975649197819307,4.229720788446374,4.033341770117698,3.6603812864029424,2.8383364303623164,1.5833740253790678,-0.08370352048043461,-1.5546380811917475,-1.3884455249542595,-2.0691787761229126,-1.6901129272701718,-3.6704458382778817,-3.1045882034944148,-1.0987784359033272,-1.1617354513752607,-1.4094160139464138,-1.333068966798614,-1.5425800188582979,-2.107445728021984,-2.199777472031947,-1.9672490210552653,-7.530057170045951,-2.829636479617999,-7.023095513593217,-6.054926257957674,-3.166083944891516,-5.47251384591719,-5.308844410488594
8.482452028001616,7.905395045110295,7.148475156208258,6.631725233720822,5.754000360268414,5.064046499543739,4.359836094902902,4.138237944391593,3.6309600006728586,3.1701395501017555,1.9931439939153586,0.20194210709825336,0.25745211206945773,0.08056640077172468,-0.051549560898188324,-0.05799093561654802,-1.2997647228504734,-1.8516473008290486,-2.1412650594379667,-0.9127559042857049,-0.9056529755495526,-0.9946460410808081,-1.4768733892660673,-1.6366105055829132,-1.9102640644667512,-2.21975747116256,-2.8859352691866964,-5.651915373772503,-7.78860615645466,-7.735961847132073,-5.771932939568402,-6.146437556030161,-5.4442040490971415,-5.788466436521683
7.661680438081124,7.373130371287714,6.7679659527077,6.339827857713465,5.856214661801,4.891948170380316,4.13037663463613,3.2167858607264512,2.684950863328381,2.1134167815213596,0.9911708602519455,0.3671435381545148,0.2339663611934602,0.11889597353250927,0.8183835623930481,1.364279413906837,0.2731402676230498,-0.2909510343220431,-1.0920860495779894,-1.325023586179652,-0.7942303295042665,-1.028457080873985,-1.3023594962309195,-1.7958082977005052,-1.9918085850877567,-2.2108634463274526,-2.7565136801827848,-5.137485706366,-7.735357078271342,-6.140757590006008,-5.610412183481362,-5.78550806188551,-5.574088420802179,-4.7122915501770795
7.614352548393239,7.384696123648642,7.184047883382242,6.311133532906238,6.014327714207718,5.033288466466842,4.281681944158369,3.114524080436935,1.9537180139125623,0.8422377014395576,-0.3056779463400482,0.05648345555621099,0.037030724765333235,0.06719175883287087,0.030596992873919388,0.46227169395684314,0.6313132220996294,-0.3898210479725857,-0.9024323210765564,-1.7396762735332525,-0.6987698658537987,-0.6117107022683359,-1.0875141840485785,-1.6036123641741649,-2.069920555863749,-2.427490796506187,-3.4136696462247045,-6.045715871736586,-6.581312773378426,-5.801300048890616,-5.613203281284226,-4.736520460705448,-4.562407545538961,-4.154894308253557
7.350541738462264,7.056290095458119,7.28044293615559,7.110858235611497,5.932802320241393,5.678922846777365,4.640644906249061,3.5277453111677466,2.280527448633849,1.3211703327689317,0.24141030399507166,0.14728410325053343,0.13376716039935482,-0.23582731734547333,-0.10249123930404416,-0.09221431960290813,-0.2685707979400263,-0.9159425218416773,-2.0149315092659563,-1.5933616588043666,-1.1055631716113112,-1.0425056011068503,-1.3489493270765136,-1.6811758680897753,-2.3576056602143036,-2.7175563416479918,-4.533693684674715,-6.2137363485789185,-5.6671286160873455,-4.818152683262191,-3.82823208340079,-3.598093438694756,-3.5295945161788023,-4.100558191032261
7.0848667424826886,7.261731746320889,6.3343580774982655,6.688406129643697,6.014801621993692,6.093128186830067,5.309898375884498,4.246409537503738,2.736396616484495,1.7799393582566252,0.7794887536108368,0.608652760308002,0.21980073001366807,0.14968669461263506,-0.10292253386543021,-0.6042295278258489,-0.8822553952038045,-0.9706854748623741,-1.0259504836451918,-1.4884056346645893,-1.4632507973214492,-1.5330249548106596,-1.392217919667754,-4.683245006359588,-6.447283963919629,-7.022863872543655,-6.364052027979364,-6.369603314355163,-5.248394016343569,-4.243198508618976,-3.4780420464402284,-3.402379164524441,-3.3958051245195398,-3.6513429564138025
7.915975941953135,7.2309172457271895,7.09913577903891,6.131873013770996,6.671805504137024,5.356957998389136,5.558832424861033,4.873167072325467,3.7184427347419704,2.438705061659766,1.6267908089282233,0.8814012848190359,0.451576896736934,-0.13491400661127692,-0.7776044313054392,-0.8945523693280335,-1.61518779458516,-1.2259527803923047,-1.0434492390860992,-1.6349904059601628,-2.0957852616953954,-2.548568751571301,-2.426204166484106,-6.379551960427197,-6.87937746094012,-6.687005532887098,-6.5131527544197825,-5.1267015046487705,-4.347718786325851,-3.609947726553035,-3.476643050437512,-3.4728075939011505,-3.6662768236080656,-3.728280920902145
8.562670795745218,7.766761099635409,7.04884666257308,6.312973882322716,6.16081320427737,6.24620812160916,5.369968829153976,5.397480620835952,4.205133103444656,3.58351805386601,1.8220550640294102,0.8188968104737965,0.2175078225503265,-0.7575245076552094,-0.7996066461926981,-1.4838933848666631,-1.460335740569938,-1.3149671728671917,-1.8591802194381852,-3.4809511890387608,-2.2146813179354923,-2.285379777654682,-4.156334658741209,-5.5889737359111535,-5.917723328422452,-6.094844814242867,-5.2251960552796985,-4.216629537108543,-3.969365072604863,-3.7670817079489924,-3.2318727971259777,-3.3471643109227784,-3.064237544759071,-2.7724816743220635
7.061474295270798,7.934591155470336,7.004279774600434,6.8185897183576465,5.829616040404727,6.525867800078516,6.143853462322436,5.27153009167479,5.122969490669088,3.052862867579022,2.3289458492635022,1.2159094285334533,0.30223856297522433,-0.9136914118122982,-0.22013338152264758,-0.8102755450183886,-1.4557130856073603,-1.719400198609129,-1.6070382960385492,-3.4751919490985657,-3.6336053756880413,-4.636870217862144,-5.199314191867303,-5.2296002057345365,-4.24276494787419,-4.535060632822567,-4.847519905913181,-4.448826974570455,-3.8870606564104264,-3.7483837875870396,-3.330238711069804,-2.8022277627378354,-2.4964010478954086,-2.1958775960824437
6.085616145349233,6.71176069597137,7.680179016658587,6.2117587350986705,5.84222262981637,5.75143270489899,6.031474879366908,5.291327029775215,4.244687623138815,3.2447894944527484,1.4825639260509325,1.3270381160009936,0.5836853984383323,0.6607866024455735,0.12801954513781907,0.18322051240177178,-1.8544784460048023,-1.2535588872499055,-0.5663481103068262,-0.24357277601511593,-1.386266844085389,-2.6822881644718035,-3.5526867059635885,-3.3249665251049483,-3.4125098126682674,-4.432914011763675,-4.501378956518365,-4.395061442364336,-3.858351833102508,-3.279283652172113,-2.908190848450821,-2.5991479233909383,-2.33446613514857,-1.9847152153150809
5.828366563961246,5.774741617723085,5.840523452626431,7.058779447841032,5.91738902059757,5.224364063370264,4.837035431007641,5.1889435003916295,4.163723552257931,2.798464863686581,1.2925437111207876,1.1098822192497526,0.48889139841110296,0.3468298085291817,0.07033774290259813,-0.1950515495161683,-0.391063250873098,-0.1674729111605838,-1.0783720855047385,-1.7132285714247522,-1.1874781788407864,-2.4078899539091196,-3.830631031558506,-4.3319800746391905,-4.28225877454731,-4.753105042896043,-4.996336734278944,-4.7051159529170485,-3.5780488323469495,-1.4963969816057094,-1.332799366970519,-2.174156502941701,-2.0989166488938156,-2.449010001101676
5.876707332822098,6.118546202414127,6.087629328902988,6.12466074492141,7.174218409311888,5.2799351361250455,4.71781387374409,4.552836696613832,4.374771485531147,2.6133272757375763,0.9541190584596074,0.06434066305184874,0.11281970053588347,-0.0399990928711518,0.7942084510362412,0.3089567569770264,0.18854233029810896,-0.765911364456374,-0.9597080920887705,-1.808966328977142,-2.4410842713083043,-0.829018435858554,-2.638278116531624,-4.195421750524655,-4.191296592687409,-4.193556014838188,-3.9415925585023066,-1.1328638914252256,-1.607474571845611,-2.4686785694842426,-1.3952578154206219,-1.5518037985051427,-2.218978330984424,-2.2849213202321343
6.564527700939014,5.548518546970046,5.594825664513726,5.907166894329949,6.251041583507539,5.742784004429532,4.635301902920892,4.049917839345842,3.940764093293637,3.4121238363479702,1.9111086692651296,-0.3053013145641565,-0.3378466420745758,-0.1081618575518367,0.12261229512772222,0.0016742907866353109,-0.3289725731458725,-1.0386912653506,-1.3498361343221141,-0.8321615580147308,-1.0122855962489867,-2.4033254289232793,-2.138276748145656,-3.1108983527755223,-3.542943871972851,-3.003715588896147,-2.8884768502648765,-1.766152381541119,-1.0291135674865628,-1.3537626971039491,-1.9516540302096765,-1.0947440345024557,-1.968207020516047,-1.1975767920005993
6.276731333168303,6.142870737036929,6.0420222119665965,5.746280062013628,6.1331439522544935,5.6940723604613455,4.101807437606916,3.296473928199412,3.183249222474983,3.305096142624801,2.201092267253886,1.0946329511611137,-0.17155561168856728,-0.43203768577051044,0.23120657979260978,0.023710283530943514,-0.388290282007286,-0.025648206240359347,-0.6207140590289942,-1.159743873191169,-0.8953435712889174,-1.5269144171935016,-1.8063540772692432,-1.1677708761690282,-1.2096733546076217,-2.3273214571349494,-2.2051838575997387,-1.415210804491777,-1.6463705112970033,-1.1906863274318162,-1.0825372398601365,-2.1631791147804798,-2.1419676889331214,-1.6774366522544883
5.499755971103688,5.887213283961858,6.897310268779439,5.612741015016039,5.334157116028166,3.696292374914669,2.7981081137975603,1.9480028121380875,1.9797149903305427,2.5079902721972327,1.2876816885971785,0.9085321087458748,-0.13863362112796943,-0.40299332659706183,-0.522881685086948,-0.8556997660246949,0.11668753216876333,-0.33756155629692947,-0.8691979949720935,-0.7702960441371786,-1.8865352788275438,-1.8825154616821038,-0.9671090925833504,-2.563141402251805,-1.5612136290578236,-1.434809716350292,-2.07406490450905,-1.1466938972027991,-1.2875952121817387,-1.6974864995074892,-1.4583860425119397,-1.6387363989086283,-1.5983624944358403,-1.1429014819882253
5.825495058991927,7.491476581489947,6.785528494898903,6.649392585531845,4.520222142342511,2.2375730823830144,1.9565024632788766,2.0422296512845204,1.4764219196265245,0.7307695168426757,0.7847168334686598,1.1607926165216889,0.28544884268421417,0.05156431985878527,0.09416964720318212,-0.4027880440595149,-0.3233131307846617,-0.4903703679494467,-1.0506316166697487,-1.0648592096747724,-1.9202573819377229,-2.1024488026546466,-1.5085199949503727,-1.1509297765006565,-1.8655800010768697,-1.0708696605574965,-0.9966199207159185,-1.081015771390325,-1.4538163781056739,-3.164198524377239,-1.7634047982758698,-1.7803292075208574,-1.9219959375444198,-1.4789947310481921
9.876517905202878,8.065689070258728,6.762497073780432,4.995983213068295,3.5859469205331984,2.7569580477952265,1.7032730798967124,1.6086130052512897,1.0575080851122338,0.7396542335656322,0.5364407207151858,1.0883166392805088,0.963957824821838,-0.24955489135470174,-0.047931190322900906,-0.3766303618789409,-0.05117075663923685,-0.43453060896874984,-0.9857585357772217,-0.7259816420474335,-0.9283120337059168,-1.2010135378432008,-2.0273298319755773,-1.063222280471543,-1.7865882166953986,-0.7596815303524832,-0.7287005371509659,-1.4035492727230812,-1.4554115319532805,-2.0785450602374937,-1.3409226129323428,-2.9574943726416536,-2.229008240918962,-1.7076689879893763
