script/wind150m.json
{"header": {"parameterCategory": 2, "parameterNumber": 2, "lo1": 3.000054539987559, "la1": 64.9999836372058, "dx": 0.5, "dy": 0.25, "nx": 34, "ny": 52, "refTime": "2026-05-11T22:00:00.000Z"}, "data":
[rows 0 to 24 of 52, columns 0 to 33 of 34]
2.246628631483712,3.180183128764645,4.751085309194439,5.041035644954887,6.485039657691511,7.13460879051308,4.038234294880225,4.642029598145853,5.713584034554663,4.542773535163346,2.537600341801589,6.242019530855233,5.887617877204186,3.987699874320753,3.8105992297279285,3.412087090845571,2.3222409829754804,0.9179145354819794,0.7803766694826365,2.802780800071934,2.1470121506492674,0.6942199843766378,2.8555372589896764,5.0122707563671876,6.535083039774531,5.236077163812275,3.6036016762989638,5.833408430987119,7.448679644019368,6.1564584012256,6.168351983318889,7.972419449882381,7.753962650899031,9.669454944698186
4.646643066229631,3.3330500359901,4.054437849366481,4.853246913681866,5.257967026528099,6.512810742747595,5.923428151639482,5.581297123076784,5.674579850638331,5.1807669107748575,5.887455652229634,4.795281055022851,5.520173385001214,4.421294057811156,3.9107327376699903,3.039389810684647,2.0017840793746013,0.5851654200747826,1.4941340294452121,4.733888043549159,1.1193245595587205,1.874971836291675,2.244659363335193,4.115693605242762,5.0887252817285535,5.175093320104078,4.002881055996833,3.8164724832308012,3.1347178730400733,4.117367465721861,6.072656581828359,3.3578932144858533,4.815207553454377,6.896143898524098
6.883944138847649,6.644515795274641,6.38401281443407,5.378294983884367,5.285773788454295,5.678766735241085,6.031246162249067,5.117839661630697,6.667326348591922,5.149601660372854,4.691614677649569,6.247639635049027,5.597759988257572,4.649622271870998,4.483959103481796,2.4375104824671547,1.2997421345879285,-1.9824625039506563,-1.7505339260444652,-0.8702116423343195,1.1224537280781162,1.4383820147670394,2.314974959290264,2.2309750139291857,3.904963478255022,3.224348714630722,2.7016058084876464,3.7053012467374637,2.7359810754670626,2.7014084998879313,2.3732617275964594,1.6204343560966004,3.0866918010352227,3.6861177403105647
6.774954342393617,6.1867687899677355,6.425121956850102,5.600101298038553,4.730372213685645,4.874367207709049,6.173508190781421,5.493552486690163,5.342604467082449,4.301180078264239,5.5510681770380215,5.608853712846891,6.1765616873429545,5.553252495299086,2.9401652811177486,3.751475498046254,-0.22039533328794814,-0.9899401404979229,-1.1721835315609967,-2.3863390644633222,-0.4837479661751644,0.6541025287507727,2.1737101654476687,3.296799582168656,3.8490564109001664,2.9053315277864713,3.888374921511922,3.5117137246485384,2.8730129265654987,3.1115637237105576,-1.6623193926567765,-1.5783800085255828,-1.7219749767568056,1.2683471413535317
5.891527613352906,6.237943874292915,5.79735330014905,5.6318076043434395,5.821076552631891,4.93738486080693,5.203478832767662,3.34854005744206,4.655507692497918,4.6788850755141675,5.12158181986891,5.437314372350319,5.51708471052368,5.269181087085118,2.0695462578606807,2.2536928632691815,-1.3292964766128246,-4.48474964347759,-3.739740572644848,-0.9285555918958628,0.5910752370274969,2.3268900179651406,1.0102130132880494,1.8102241001795671,1.6144096657734484,2.0037420980513327,2.188215405845509,2.5252025387379136,1.7025503781226485,1.714674271509378,1.1654823783083281,3.837683176457558,5.371424427397717,5.099502236059182
5.652789173415319,5.157866334841538,5.523013813097659,4.8908659003030275,4.792766349084718,4.311872858677203,4.494898663492393,4.731096062840685,4.399369929827677,5.080695247700687,5.261361157474055,4.8651431468417075,5.087141258428057,1.041733592912138,1.3174643969758564,1.4086070428303972,-0.7442997501364473,-3.475268894033786,-1.0418703242585,-0.37294392382296565,-0.23479272720584612,1.6367795165360937,-0.5249871863421687,0.8374122366136902,-0.580419686720282,1.5894716598890324,1.676989566568429,1.6208901805588987,1.8357647762119174,0.5032035611925191,1.3647013304907605,2.833680053980017,4.104376922535547,5.709254216957765
4.914419625865654,5.112893640729107,4.448637810832556,4.295408765455701,3.244504391619674,3.8812158998715023,3.9424912202256452,3.287228012336902,5.3669092976991575,4.161174017988879,5.450496165355401,5.566408483373363,5.409051979715457,3.561346374431638,2.094973515919496,-0.5923944109867246,-2.0118876395507708,-0.7204201519128188,0.7328609973659824,1.2888949680867234,0.10014216004805386,-1.7225501912143102,-1.958865158643686,-1.9136552481761555,-0.5457856124027984,-1.143040493230907,0.9139229968741978,1.9248422630557802,2.720411263860904,2.217505409054557,2.121403052378062,4.716797607887203,5.314554364295378,6.085877434843961
4.343094950741081,5.12347399052426,4.391920949681538,3.1311534355717936,3.1635295152534884,2.3267218924588366,2.6744829508873034,4.02354692137471,4.992893925231098,4.952224594805954,4.863511654762576,1.948937206318797,1.458472231709474,1.1562221720246253,-0.19453503681511924,1.1823903318222146,-1.2158059627253923,-1.4346885146215709,-0.6456970035784223,0.9311307060222047,-0.5856992444725139,-0.835742221929431,-1.496091523531638,-2.290447539850899,-1.164467931205555,-0.07874316625095597,-1.2975559427507173,2.3014500194341796,-0.7715089352682933,0.07707293782440945,3.9465055269745175,3.5854676387095408,4.4012773525466,3.3234182983271845
3.8144547716824175,5.103794168946694,4.985195091423034,2.489773734505483,3.360663787508515,2.279619497834425,2.321599223945925,3.442008198408224,4.987871634219559,4.61842059611277,0.48456012725275655,0.7764347480106548,1.1755257424555554,0.7958135485174215,-0.3532692376058872,1.2486411280219865,-1.3162386124602967,-1.183689728492829,-2.017322212874139,-0.8571526923982304,-1.7373865516583324,-1.5954254590913632,-0.964999023508247,-1.0326182953294856,-1.0101704037384391,-0.1927287833557055,0.6406407043671613,-1.3954909701882237,2.6112493207604515,2.885517178184265,2.5189694192476773,3.619880960158429,1.550485722294414,1.3518955695623807
3.510933358173259,4.96811997429612,4.3880820670861995,1.592068039928648,2.036967368825594,2.08969857656954,2.089177073148135,4.49263273146349,2.6841313864971355,1.3997706005488102,0.6182046788453985,0.8930319817966045,0.24422582899882245,0.7972568114420332,0.8689974628880672,-0.6976418891851436,-0.21799040570938347,-1.6407865699608553,-2.6310335633127537,-2.4970734629883586,-2.1395255842357956,-0.5968237169147207,-2.4779554623879405,-0.3074573481785996,-0.027577821948345946,-1.5202714408561324,0.13889323057824243,-0.3602389846414715,0.6152832735709057,1.4550746531188647,2.233493927456249,1.7766697685171762,0.2500321105012911,1.5260475078719724
2.6350992577208716,4.70134982897064,3.7721765817948905,3.9512473056647015,0.9335524430874909,2.9320154080882888,4.900949164468869,3.4936920110000873,2.645341637050657,-0.35239399290916595,2.5460965869319137,-0.9363217880204311,1.1600932404366449,0.43769099080929663,-1.3736817448635017,-1.8995730932479786,-1.3128471018639056,-1.0034066072324994,-3.624670807983097,-1.5560702637567323,-1.743430540736256,-2.9565123785957304,-2.144336331840623,-0.680930642353504,-1.3285634762437029,0.6787339796590088,-0.9084114633998022,1.460191406126226,0.9979242812492185,0.15953218395482455,0.48646480392556446,0.7395276782976437,0.6124890530586611,-0.9436764707536419
2.773714925833711,3.7724439805973087,3.799364691446248,2.3329755368570204,1.7482090931101986,1.4236203382174073,2.4290844639486555,-0.7365869042797217,-0.4089219802293757,1.3053050052365867,1.7328627033459543,1.8374877049023994,-0.6561142331480057,-0.77297115709744,-1.479606100901047,-1.5746585765674046,-3.0181356664922547,-3.0189960886781098,-4.086028230915111,-3.362989037551319,-3.6336384924720946,-1.8734583052431601,-2.1437385862872214,-1.3448167986362154,-1.867987485249985,-2.9404842291577533,1.7443510536391695,0.099635558190284,-0.7713357448870689,0.31710268515825063,0.13786555391820002,-0.10734300752230133,-0.2724395807039298,-2.4267785913746125
3.321266263643117,4.05259435568349,4.6371266576927335,2.7814532823795246,2.7979960189070914,1.5602777523079432,2.006849255542665,0.03251284889030044,1.1933218654841202,3.098935794633828,1.643976714692793,-0.278037332882607,-0.07639256681684917,-1.7236737849513017,0.8726984362445416,-1.2716357052551854,-3.112459904426895,-1.8732484267638199,-4.492352550176348,-3.561886513248806,-4.151643204689915,-2.617242640612542,-3.3545231559437116,-3.640066017185291,-1.9374172329885833,0.9845345237898865,-0.7842071463612896,-1.7206101030383163,-0.38079039871500997,-1.0336458852431345,-1.2873931854010572,-1.3964092824105794,-3.4692528499207183,-3.6647604468252917
3.3590659766316997,3.547403519808857,3.5224762739708373,3.072465319830736,-0.8436633498219475,0.8757666990023097,2.23481687274407,-0.48275478133336797,-0.4434702559906325,-1.395958595333762,-0.512451567119006,-0.6077523416243706,-0.9803442679965301,-0.14415491402465816,-3.5995856723609228,-0.6431770945658392,-2.625077769427128,-4.449019662698005,-5.72150790091812,-2.679401138081851,-2.374679297206459,-4.5426189591106105,-3.3425493290622232,-3.652934264182491,0.07732309180688274,0.6648068334613217,-0.9287911497708888,-0.2907002363222305,-0.8847457585446716,-1.9857539864619553,-2.457306280252861,-4.638841328272134,-4.529276686843528,-4.559741997792207
3.4483995205287226,2.4837481841286153,3.7162009179498376,2.22123270387206,0.7239632890711688,2.9126020345125507,-0.6058827703158387,-0.11866961124343534,0.3759811581837593,-1.896300714819262,-2.1189925693264113,-2.035895254117499,-1.3476436543870638,-2.527022490800517,-1.7841106423158581,-4.577848275038581,0.04839188842462464,-4.417576848565376,-2.1887438354185105,-3.02476403684396,-1.2718057183524278,-6.47488867287267,-4.259315698341632,-2.142216978502968,-0.31031040600626725,-2.218712605284717,-1.7544023551006178,-2.9768555844979554,-2.847446572451828,-2.8063059015334173,-4.378993565869389,-5.204928174568228,-5.630321204715968,-5.3666980899534
3.0787956380873003,1.700660696847985,2.768150336219295,2.5641432075541837,1.6942209793048868,1.7651493729233596,-0.009028579381921855,0.07629136778523833,0.09944928140326906,-0.21433328129832255,-1.0465007944977396,-2.9135452731895137,-3.435606195814918,-3.5678504019574824,0.9140185839820152,-7.500295986673306,-2.095496609532453,-4.754254744469493,-6.152350490763655,-5.095223001743619,-1.99296455838018,-4.581701265529353,-3.2445104423163156,-3.395862778796596,-2.879260656058563,-2.188568750007307,-3.7154286222852835,-1.707466875116191,-2.6791032270779116,-3.9846382492886496,-5.4053342595789236,-5.932668583361684,-5.534933818505232,-5.321489983618538
2.014321379956216,1.849605421363203,1.478991611649147,0.8551289759554144,-1.1085413422488035,1.948344945841754,-0.1204026209087745,-1.2029761036554025,-0.0823865207239728,-0.16392719571172876,-0.5541558449725962,-2.612252476709402,-0.29449732531128253,-0.726120994844029,0.12333849895248476,4.01942446464503,-4.973803537492733,-2.534812017540957,-5.325241063971432,-4.019662221946113,-3.9297972642607193,-5.043038235074423,-4.041764826654994,-3.4792962974968753,-5.048449955368823,-4.553198535721346,-5.171935738185706,-3.1547822495464453,-3.0022313008781434,-4.917259958184743,-5.8222397515978095,-6.003723762725182,-6.050262174489642,-4.849448500160857
1.3197353573759376,1.3160757726162111,0.901719857560463,-0.4196108709029607,0.5576225989314815,-2.056308705298472,-2.1994628849264526,-2.3257305577817813,-3.847005997178955,-2.5727891319225002,0.3514260849072871,-2.249995386004667,-2.4720146118922903,-1.7114680901528299,-0.4645454989355482,-1.9687414114856103,0.20478828190993956,-0.8963041627636755,-5.577044189698727,-6.110227179777259,-5.725527010360387,-2.7807138290475635,-4.584601888795028,-3.983708115879421,-3.4584839287506535,-2.5464249532157064,-4.813889503761025,-2.178351140943428,-1.8410248964257643,-4.784003491235728,-4.812670042364781,-5.741481122148215,-6.475837515209743,-5.463957403140318
1.0841256971433948,0.7486025904523316,0.4065889427764745,-0.5117945775497453,1.1121205034197752,0.5650356650823753,-1.9514692453711988,1.417091082373997,-1.155025675806982,-1.5442840292846014,-4.191505434583227,-1.0816029754464092,-1.1140743259351888,-3.1371833768571786,5.657674594794182,-1.9695303927209176,-1.398499261881792,-0.6032323807931347,-0.06430778846681616,-4.760224526433154,-5.746163422504021,-6.005339754751684,-5.294477636804732,-4.245766814400666,-3.593860195300912,-2.7016109501706866,-4.344538173631814,-2.0716848179812044,-3.574405157266275,-2.779003007702804,-2.92568437403281,-4.912014896461069,-4.112899050543937,-6.367324323477316
1.1584397767449992,0.9466669212477115,0.11508567246249975,-0.27545991313693735,0.7672956476699964,-1.884245934326428,-1.0950071798464,-2.6296690959902884,-4.3918316694919,-3.799676097462397,-2.8143022683685355,-1.477690548095136,2.5010149639378145,-3.0997703205427105,-0.08813757255841172,-0.9491119883000338,-1.8193868842415264,-3.117554325854687,0.2359620072088468,-3.323767733375176,-2.6667962123065765,-4.351098402312553,-6.315806776536141,-5.00397123552499,-3.518526096771034,-4.4975732280198715,-3.5259725515688554,-4.220835283264623,-3.0098975371026366,-3.898648633496366,-6.170810237820997,-3.85554776090931,-3.8846214045874863,-6.1687705647436095
1.9106443037434075,0.6413855317296796,0.26786642178919445,0.03587961047673451,1.4199826988048174,-0.2529551743864968,-0.49944100693510346,0.8144447409921493,-7.568058844925346,-3.9476138319451617,-4.394852392534564,-2.1936406283124206,-2.807407224042065,0.19834687698578693,0.06092877673161385,-3.7185253581381787,-1.2895950729108676,-2.1994719826046887,-3.7126849558981205,-4.8889202916675885,-5.623323948827063,-6.724885572993753,-4.912803327943697,-5.875120743683537,-5.274481386206398,-3.392305082000205,-3.8323420504254515,-3.0022776750385387,-4.03061827304317,-3.709356491801215,-4.243369233212044,-4.668925815583011,-5.909925918041598,-5.3445052099316674
1.4468316818056577,1.0418785691962962,0.45818740709742095,0.5331556720192149,0.8574908191871559,0.30173233092818125,-2.23292263019955,-6.501478212171378,-8.987190589261003,-0.060954845090124304,-0.6283847850338614,-2.014368458048851,1.9430463825937612,1.5489666323703366,1.5518530682014264,0.8287534260456005,-3.841542445312927,-2.930479742203733,-3.205672908319948,-5.788891680278532,-4.895289847568943,-6.902076972791813,-5.879765856158325,-4.172921647520732,-4.3399526787645035,-4.9033814167166065,-3.9584737258106517,-3.5936454195527006,-4.981240868135506,-5.416067202720015,-6.004606060909149,-4.2147827017592725,-5.93841491566112,-5.472695627966208
1.6633580361635418,1.0711265775945977,0.6194964730165983,0.9666326425779808,1.5510515150605824,0.619472950639866,-2.621176642121163,-4.7687133686216985,-5.122974935510716,-6.4006824719182225,0.9493713986925675,-4.567791402369553,1.5643707008111578,-2.3442246867362986,1.1463517995522783,1.661788629672973,-2.5787495143827384,-4.846680245879837,-3.4047213833523706,-5.814349912106161,-1.9029710309869574,-5.1513353076670905,-5.714532764117468,-5.4170663513343005,-5.677032654416557,-4.337777552479289,-5.118547321984165,-4.435001906293473,-4.076509653938956,-4.6856901739954555,-5.095408271123549,-5.4061446558464885,-7.389524652681917,-10.809184058782664
1.9903958121301133,1.7947351795916815,0.9564003865207753,1.6681940295236874,1.497550708613053,1.610279469458353,-0.6778147019771883,-6.724373916956985,-7.230913749373245,0.44089400790866173,-0.7364313012982169,1.451371590799174,0.8840667704918032,-0.08923076586280286,0.07019049627989885,1.3432094840979778,-1.2571982507730297,-2.2048678349949093,-5.684648580645959,-5.012114709717976,-1.6344964948213763,-0.16055090743548067,-4.151950314562948,-3.029288602749317,-4.00846731054609,-5.516329221755194,-5.782899059857542,-4.96621333084558,-3.6390304363402386,-5.4909733872712225,-6.35250590194255,-5.879132187298354,-11.91044187358175,-13.213109765062727
2.4552263730886255,2.4425181304880357,1.375965380814604,2.1541123470284216,2.0854396815886282,1.0965549869334184,-0.2975624578048171,-6.174500268130641,-7.587633685547859,0.1226962502323297,0.8912100905763931,1.3738681592641395,0.9720325562837537,0.9995443010596825,-1.115877515310155,-1.050620912415668,-0.9640410262481124,-4.936622698191175,-4.24012047375931,-2.2666117876599716,-2.762312517539862,-3.043449887330369,-4.580609294105067,-4.5374312801627354,-4.323568259865021,-4.251639125670201,-4.660961487097371,-4.814438169296274,-3.8997955288228905,-4.226950059794684,-7.010851223943891,-9.397537651911305,-12.296195074481396,-13.690428050992072
