script/wind10m.json
{"header": {"parameterCategory": 2, "parameterNumber": 2, "lo1": 3.000054539987559, "la1": 64.9999836372058, "dx": 0.5, "dy": 0.25, "nx": 34, "ny": 52, "refTime": "2025-06-24T11:00:00.000Z"}, "data":
[rows 0 to 24 of 52, columns 0 to 33 of 34]
-3.9322626146929225,-3.940392628453926,-3.978263318948775,-3.906733251368835,-3.626392804358056,-2.9786166453465923,-2.231848243935139,-1.6730392080777383,-1.303977963422757,-1.1275511616824536,-1.1090065177380803,-0.6061283001877668,0.4055241319955939,1.1239275738708578,1.1589290385069095,-0.5991850297951616,0.13735431386209426,1.3058351888489452,0.5965332854762722,-0.8683708401747328,-1.6292515400947463,0.9799863746519287,-1.5289305502938717,-3.77581780675824,-1.3282278526127236,-1.4878175493910224,-0.7467812525125623,-1.7811140555672065,-1.4207971702809015,-0.6934939167193388,-0.9644007241155308,-0.6795153331907943,-1.1091994777800707,-0.6750433700852373
-3.474492924949319,-3.797463111716767,-3.6746120277976404,-3.517700286962235,-2.9575540581386015,-2.5474841626589404,-1.6897080254003378,-1.189961744047872,-0.887420546737726,-0.8437007937596621,-0.25602778250305247,0.5558475608709494,0.968629338686934,1.6280015507173828,2.162174212622753,1.2784644680223596,3.4722849821887767,1.0214639626088442,0.5405665591922079,-0.022979909444014002,0.0034371729333944586,-0.3360037530149637,-0.3549466687962922,-2.333852394490994,-1.1260548664012258,-1.108997884097111,-0.4088104460167185,-1.1678753634962955,-1.8765380003450487,-1.7746596830539778,-0.7765475468497373,-0.690900736431882,-0.7578039080810431,-1.4651963257091256
-3.199047486474684,-3.213320863041624,-2.776420350401817,-2.628045331531399,-2.595236775030796,-1.7238454123356608,-1.424508916710978,-0.9752707284732995,-0.4790651916597673,0.49220985675246953,1.2091770554402992,1.4868931751942889,1.6039380191875612,1.6720229207290715,1.58595356050932,3.3923028106504405,2.5049201520002606,0.5824499215999204,1.2465722753677095,1.740178480830851,0.2942683199677936,-0.6299176291993079,-0.39375884231948177,-1.517365581504176,-1.5718445012108284,-1.3683633519164187,-1.4912555527766989,-1.0472883977295382,-1.05053827845139,-1.9134357100038217,-1.1996919850039822,-0.8329215468295146,-0.7304950641375564,-1.2505968714044198
-2.115680958275081,-2.043418071370577,-1.7554073804695427,-1.8237592200856878,-1.8192436107609558,-1.1312737473809271,-0.20271336158022504,0.5234086394099591,1.4229198212276712,2.0893702309765567,2.74301301215316,2.9152923308226306,3.1640603018825555,3.645970883186096,3.1850673088528496,3.3966295581699346,1.6716031109008633,1.5811504899163402,2.422476737890173,1.6882916872304654,2.264991752619553,-0.8641901681319178,-4.401018511041127,-0.9448018333718137,-0.5694219580113036,-0.7161481718811795,-0.9833686254006921,-0.9865112910827997,-1.0168814580986267,-1.1456072284294019,-1.2823950448649306,-1.3152151290161511,-1.1093419008531953,-1.0047155072673835
-1.4989257015699649,-1.2073670136347683,-0.5139699616752565,-0.3853423770338028,-0.787858875013475,-0.16702399422610004,0.4537111198326102,0.8628562370413766,1.5767114165723546,2.646130383478944,3.518425107167061,4.289726056381204,4.821837508936685,5.180178382959988,2.5260396150123703,2.6777214667370055,2.9740143183359518,1.4038678372238793,2.402420769613153,4.951927773297999,0.7227088243239294,0.23364465833769982,0.38736240561495744,-1.9485163678950264,-0.7582405249702205,-0.8704275108994833,-0.7329798739577027,-0.5229825952220717,-1.1434150650827901,-1.054787731335334,-1.0515759083481429,-1.5445187181815894,-1.194973060678986,-1.3887561078257815
-1.0279226306135754,-0.4844770881902123,0.31609516929184533,0.8781702224847019,1.08305683500477,1.7831155352721137,2.0267839804980756,2.1672354876289353,1.7388400560197066,1.9146326471284787,3.7518307515834657,6.4660974595077265,6.589695184426542,7.46312800045893,2.6862575616385755,2.7046639764639284,1.7477165122152714,2.4385905948295634,3.509499180240885,2.69061041887904,1.0461355557442678,0.9932692545538782,-1.1358295938827985,-0.426597072067857,-1.063119716064005,-0.9165789142171966,-0.2799330856867742,-0.21240532841739973,-0.5870236373945793,-0.7766275753848223,-1.4252683565573812,-1.000475839165337,-1.303347429283886,-1.6191372708891805
0.11493186311240405,0.3891235445783313,1.1297910171970942,2.3846077931268046,4.827070171663465,5.223224112026762,5.638358512299258,6.030194238202282,6.190012269703392,5.977337619370577,5.548686846627915,4.341711325583849,4.422598317559412,3.3727089351958632,2.197000116707187,6.323974862730519,1.7849004418157077,2.1002903664776134,3.6732190278976415,3.0798122666964556,1.9037714773444407,2.1975913238063436,-0.943275321740875,-0.8199606669351415,-0.8323600752827731,-0.6205656103452971,-0.8906574719772444,-0.003923544962434417,-0.12779003648543902,-0.8674669602536809,-0.37892509497393634,-1.5249223811711805,-1.5082662464512717,-2.6900032169343335
3.6206964418368752,3.8004054261098275,3.926874840855584,3.8603617860386885,3.689135719975899,3.666902319892401,3.491241174075836,3.7433843958230035,4.515887357901624,4.762988138375018,4.892303585219325,0.8644250059954794,1.4161530193425533,5.598302598722013,0.8751238719968972,1.1842980000944179,1.5973965392855949,2.6052176356525973,3.777749907123163,3.9064903379693368,3.3431577458595823,1.7823572924766695,-0.24493745768038078,-1.028915342056234,-0.29766645404846653,-0.34997729885657136,-0.3968511422428946,-0.5926447703614961,-0.10339207746620545,0.2643840429469263,-1.2776077278545281,-0.7942608150405993,-1.7309315845562172,-6.500541003769873
2.31789700154255,2.4540907859620233,2.7469598736872753,3.091843746461369,2.742867948856828,2.8169645357104933,2.3574858019620373,2.6802856528883168,3.0717296951896573,2.1287734274118106,1.5951873828018004,1.453873651769417,2.264431137015093,2.79931133257063,1.1728198379459875,1.0364480712579578,2.919571922944368,3.253920024484262,1.297626853249461,2.3254441917360156,2.111990155520719,2.583665902569268,-0.00020239033825618645,-0.41517996293516674,-0.547179238243962,-0.2516953282924539,-0.08667238703754904,0.5657736770362697,-0.17075968133859062,0.2631351811158644,-1.5034619676826422,-2.3524489330278646,-6.663726250660924,-6.4492587620387365
0.8161574640363598,0.9539805831395133,0.8827697855884497,0.848639169190676,1.5403043335801987,1.2650478568172583,0.839236699132497,1.2815725386624632,1.705402161345714,1.8765215879576727,2.391916225773,-0.5216341035441412,3.900814192291101,1.7828386461647907,0.3951055031329695,1.5971806206601322,2.2455965437183156,2.7025063581698623,2.8324704777913823,2.5142760540542413,0.29063251063013523,1.0858150018782295,-0.6705828805892828,-0.7781524652211703,0.16776491907999927,-0.29677383943290064,-0.1806272945651886,-0.22151729413482607,-0.38545301995170816,-0.7941768963775826,-1.1733234254342955,-5.317342517130229,-5.964774742993666,-5.877805379612014
-0.7649333548135403,-0.47266728748631087,-0.5730540249985587,-0.5572065883810547,-0.45919257686747106,-0.9499653169476426,0.5778057796151473,0.46704062359527443,0.3152748981782606,-0.7929229953587985,2.7560068252370384,1.6664990631743164,0.8419301317533848,1.0187894155598225,1.6781421319632535,2.149460229678549,1.0083918181134224,1.4525452780219106,1.6434749656713878,0.5462182551869462,0.06606878219195714,0.3531660595232156,-1.6446990212334085,-0.3492887388305484,-0.4252192421214995,-0.10922810486540176,0.3982038837403618,-0.2917138148746904,0.5584291779423375,-1.2049134266631123,-4.397935925066021,-5.377368318545202,-5.300956996429302,-5.5165519762345845
-2.264430197160713,-1.9862049583291737,-1.657106316239504,-1.7152601374533525,-2.3240657648494363,0.20036517950609212,-0.2726166981623444,2.5190805040361575,0.2344453425849032,-1.029075106212908,1.248772422610034,2.03126726505177,0.7455439175068183,-0.24033585854909612,-0.12214404711295228,0.8372166311948656,1.5428754054324798,0.8183099472870772,1.6385574774802638,0.4828827211973455,-0.6428923308729807,0.16416925373874722,-0.7806709289692054,-0.5901464049206291,0.2257374377839682,0.07587312771263668,-0.27434739311396605,0.011141439953616543,-0.3096728800722019,-1.2720289674148495,-4.434062410458342,-4.302492860114169,-4.7811070439948224,-4.544775986668077
-2.0652250693714564,-1.9442803079190494,-1.4025006875984656,-1.159568395866674,0.09512795204605225,0.40995114533552196,-0.37791877845944827,0.2184601779780993,0.6156935664281504,1.539099083918936,0.38344897088532315,-0.9134727361764713,2.4215703225956653,0.6333147166366669,0.30011889776008727,0.7424142327215258,1.9719701617134928,2.0677431836194753,1.238409685024519,-0.5791835254451451,-0.06424448730071912,0.8913261018053957,-0.505586565779383,-0.05481734723045496,0.26603554948212504,0.34046602909285506,0.2610687951573017,-0.8714542598547764,-1.2414870843201005,-2.782908200456546,-3.6900852547753176,-3.71911731556883,-4.326126492048379,-5.150441464193853
-2.933975908906384,-2.7100645419135927,-2.118686548534107,-2.0435816547469865,-2.047942812160918,-2.5631427736433174,-0.43774926397805836,0.31085647273850414,0.3662225830082597,0.7439644954269674,-0.1904177252075708,1.2855097928894215,1.0624893847455017,0.8566729276986536,-0.33516106855297895,1.5316179487587172,1.1008142310317024,0.5645529808748253,1.7115931252501788,0.20483101448014016,-0.1783891959976147,-0.2982877454747042,-0.3880699880233138,-0.19944629429751792,0.2604749869417518,0.25742352199528806,0.6438141486538719,-0.8915639791974797,-1.090280179143121,-2.742517559564621,-3.18731165894903,-4.136543352873997,-2.517082141497516,-3.8126047465137294
-4.535293263556109,-4.117134553648286,-3.2228015182577074,-0.9979481502050016,1.0533097700394296,0.9225656764278157,0.07854931004758728,1.6968034674712347,0.5190717784958003,-0.3131705622623377,0.3749961079955565,-0.4098334885087589,1.5713082614974454,1.0834896103482317,1.6911378668259553,-0.5871138234460067,0.9006906489374849,1.2818333596540614,-0.019104658537215102,1.5042775043590912,0.6640870689626314,1.0758546465122165,-0.38347885140977567,0.24067230262569056,0.5369628934686584,0.04733215166930116,-0.21054996390360378,-0.1947299133015008,-0.42906291579565653,-2.0824134041931437,-3.264591642816846,-2.4660648329335855,-3.788221710327713,-3.2040393723729994
-3.8453968420543694,-3.22716696283892,-2.530716488111552,-1.0090039661048997,0.5469499339440338,0.6423940401914946,1.2739217121083692,-1.543766754050146,-0.06994452342454698,1.4186172946589637,2.501530210551528,4.314348734082527,0.7064981419463712,1.6076125163002604,2.3105014669249124,0.20408983699184619,0.9035893841880869,2.4632571936737144,0.9947435877665655,0.7594233305649927,0.3866881452873082,1.5494028445727173,0.8249158622311334,0.3525065729118926,0.1043467514957915,0.3799350994168447,0.04262755818536069,0.06027200228451819,-0.5494427766916645,-2.1091354599632988,-0.7074880025453327,0.028833623775579787,-1.0054276761446939,-2.0228759276130175
-2.122998945496376,-2.936653394633356,-3.7787504862997503,-1.567214422160072,0.22372990032469448,1.2570565889646332,0.19368275809133,1.256573742547101,-1.3223221127480171,0.18520945202906905,4.128936707427994,4.198058414903378,0.1710133063369324,0.8593398971573148,0.9803732685783937,2.1619645036384125,0.8192621916786014,0.8604191602285796,1.6313364580994476,0.965206618833699,0.8448951939841444,2.4675696103432214,0.5544928648068378,1.201974508459338,0.364828707707533,0.3047441175221977,-0.14576503430380436,-0.17306161990232588,-0.3627873474318893,-0.24644721626239174,0.6007884353922237,0.4455625858290499,0.14159661643601384,-0.1545259098632374
-2.9686479837896647,-2.420261445442512,-2.641972349296421,-2.5761274752722465,-1.4553625748067796,-1.5982303235665392,0.27441964499565696,0.7010294219050529,4.620788918629036,6.130938030340392,3.5487716896602994,2.464046598968068,-0.43092235830602527,0.39066911637262197,1.1276083572296052,1.6806253927283812,3.729447804762088,1.443523347659921,2.227041554568324,1.6688173239865323,1.185207320148772,1.570895237579634,0.5854680003273652,0.8034224810976456,0.8190181025294466,0.6934796731850067,1.055161856578335,0.48461280978527577,0.3037811804648984,2.139907356194543,0.8192735415981829,-0.16147163273984816,0.520975270478071,0.3233559994790535
-1.1393580624320234,-0.8081912479114952,0.20994964830523835,0.5422688932413273,-0.7307465639431954,-0.6170716613598779,2.1911572924120852,1.1821948372477449,2.5658026601532784,6.692860632930118,4.599202931819929,3.034199775691953,0.37898920315500945,0.6200366666836633,0.6892587601441725,0.06272092182020214,1.5818629011283925,1.5139755586666308,1.1168290337060118,1.8397627974063413,2.471474299716193,1.2114688477926232,1.2590685463729039,1.2656419912587253,0.8399260442845192,1.3017258584343694,1.266721496309864,1.38289068813253,1.036166366312751,1.3368895898199546,2.0868910086029073,2.2571510641461274,1.384561608504296,1.5197707724589349
1.9243046357566511,1.2907617520078862,2.747393996668127,3.7912931359890365,0.7620476004563499,0.7661128085688815,-1.1774486539760167,5.401429621881166,5.059529850279114,4.852123316375746,5.055735601161372,5.806728241490097,2.4104659933351487,1.434191890067909,-1.2815694327096647,1.2210500858245024,0.7685353743915531,0.9436644300815866,0.6889475255974113,1.9795112179724166,2.2867115128167046,0.7886168244545494,1.5587057767514807,1.571296320437704,1.6363259252449571,1.4407867786969002,1.5003074327396828,1.0298535134942528,1.4914231943376604,1.7308876451757313,1.7460199443871764,0.7322234261908868,1.3645317787725353,1.2682329521220763
7.66673465677051,7.814486789788102,6.021130993339446,5.546481052131841,4.654382843108404,0.7791222725859794,0.20562925832123394,-0.6538084335412372,5.643677641508041,5.253889905027852,5.475289774887803,5.003466452471876,2.607070126289543,-0.6352940926497306,-1.9517310514557573,0.5624180820073024,1.2704193613948465,1.8299437443712139,1.8507272686211984,1.925294435839114,2.745783153533191,1.8528662276261836,2.0144017760939743,2.0129850964636917,1.8760853036914769,2.3434512909856564,1.909893209462511,1.5747438571463188,1.2495609615297942,2.3866274331365602,2.3967638329094245,1.377466114381492,2.004742786140205,2.5248549657680233
9.940725834041935,8.98686828314352,7.70634041195947,7.45543812855186,6.3221590805942265,3.8705782627895404,2.5075601127963716,0.33720531601910586,5.247714739116052,2.8241394303347747,4.440582498670219,5.695679231075856,0.4290748270366961,0.9964196603628225,1.911844731345555,-1.5895082803842189,0.6244623427379113,0.6371103517454818,2.1040689971538087,2.3524637066017093,2.857809628445617,2.27674578085626,2.7813249972255805,2.1423162690698336,2.926119373675831,2.196461449240624,2.941705583180855,3.2881212449935737,3.163209263607991,2.7834763032334107,2.452889956614667,2.93391265772262,1.5337115796640652,3.445474499925459
8.996680245272872,8.91394793308546,8.413973099726093,8.049833809607886,7.875049664307006,2.8278924201403663,2.1137507063267598,2.4289301048395084,8.284891941190835,8.057760014185632,2.6785944363903575,4.3970691114359575,3.8713440693386167,3.136698080776769,1.553936192240075,0.24926038986968263,1.4355620789960197,1.5726538159271244,2.2564409993357843,3.162185751373901,2.7953784932723633,2.994750190542247,3.1966805191396177,2.618555696989588,3.5987819442786972,3.2388331245966278,4.520038435230153,6.821132054827214,4.711912859954555,5.150827857415536,4.183690038213012,3.915982795443844,3.2558658001492704,4.922279651299105
10.753333843732795,10.673095612242014,10.048398857527927,9.63813615390334,9.039171791701174,4.839563253352729,2.623678140141063,5.763543416769363,8.332654756590948,3.5852681010473293,2.849710160696561,2.854845902295479,3.807785266370895,3.4034548537853224,3.4180902878242705,4.806518771853669,2.3694070576850725,3.0745939685697627,2.7044699718488534,3.5469468537914217,1.44934940497144,4.04120430261563,6.5594125781963415,2.797128398560296,4.821783879833575,4.143688636932995,9.745858965799902,5.202200130826083,4.387727495758774,4.531973330437204,5.253115212649185,2.8163923434226303,5.967625369420174,7.687022135445447
10.386843605279163,10.253307592979356,10.492250133524763,10.290861389987874,9.313151106014505,8.050082655971025,3.312799092688616,8.705310187903512,10.42162478714004,2.960964121337196,4.150829472342202,3.3510743399347396,3.219162575547067,3.6810249498342755,4.481196641314096,8.04837252351102,9.108817315955358,4.052166116436509,4.168450620774098,3.9533432505662445,9.468521361899525,7.574538838485737,2.74048484963002,3.0599196093261685,3.2551598245362485,3.682860136942693,5.288791750079645,4.182956391577026,4.433029511737585,5.802987522226211,5.194517124579446,8.633422052566537,10.837901930684119,8.312965637121616
