script/wind50m.json
{"header": {"parameterCategory": 2, "parameterNumber": 2, "lo1": 3.000054539987559, "la1": 64.9999836372058, "dx": 0.5, "dy": 0.25, "nx": 34, "ny": 52, "refTime": "2026-03-10T12:00:00.000Z"}, "data":
[rows 0 to 24 of 52, columns 0 to 33 of 34]
5.152681123023321,6.106951303124296,6.277524207013452,6.717333281410773,6.6237969281917195,7.1259872676105935,7.02548447943097,7.277628636038449,7.781364679365348,7.9994915023831465,8.674802505088495,8.658817810577753,8.901036544174163,9.12042820945094,8.918293163961478,7.266357019982909,6.022799009708491,6.3742427297290645,3.093867821895246,4.0315666235338945,3.483131477262722,3.459987511641938,5.33158001653046,3.424443251363136,6.410432288380551,1.8167032776687155,0.5049660890564519,1.9151593861489224,2.308311773310368,1.8038173202015437,-0.17242348303155894,-1.1567678237720322,-0.11492267177172374,1.7533640111783941
5.275494320662846,6.052684894703658,6.382891737571384,6.726026245023121,6.711347001851498,6.625162058718798,7.719144437780721,6.457542175483627,7.23330127274652,8.504842476788156,7.8901488624736995,8.925557477350873,9.13508421320528,8.997810227171545,9.357731953102476,7.427339253879067,6.8315198881538155,3.805102340928968,4.864715692381176,8.215569166205714,1.3242753482688545,4.484079036575678,-0.3345241652774448,6.11670747757409,1.474931823772646,-0.8826751065232914,2.6631942512066353,-0.8715282735097498,1.2604133981198902,4.615956235670035,2.080375103968172,-0.9037977874992147,-1.3370893937331432,0.8766497516577343
5.561340763883633,5.9960591026844225,6.035963254674573,5.676655034119493,6.452727244042622,6.253536065074084,7.098989379036591,8.1426295938873,9.687165690211998,9.418829794918398,9.758577552044832,8.842569011514795,9.389445001906731,9.088964620573298,7.910456136657073,4.797165344084665,6.141913849741096,0.875870790131297,3.0664294232188145,-0.7167715308916147,4.384316570830442,1.9110024998304085,-0.1503353954006585,0.9555797152527601,0.9507197162124182,-0.5630859552267817,-0.4166091960176258,3.0554461617048183,1.5963080045215483,2.4743865251686494,3.8595259614567277,0.43597501103857145,-0.6768989415187889,-0.3304132847025172
6.106180934942637,5.924801440457912,5.882573385570017,6.187878296393675,6.600834328545299,7.3011074022586815,7.676228365442619,8.244251464489464,9.549013348085785,10.19225416112367,10.0890125340946,8.073115667044654,8.561048931578515,7.641316880904179,5.52366785183463,5.204527028496172,2.29033203398187,1.120595673760558,2.5415993101953256,-0.24869052707260678,1.8358907336365282,0.4415806790937667,1.6878320617019809,3.690448468276754,-1.1685485119001775,-1.9380263360377636,1.8598880862407312,0.013223163483932508,1.2555440350014035,1.311316864891423,1.1184065199914852,2.528648948803529,-0.050163279487864115,-0.8993151306210818
6.149740557689087,5.78655553829724,6.613760743756414,6.682645159460164,6.948722538394331,6.913646775180341,7.756986495344057,9.963483104466965,10.158557287792195,9.676531587349569,9.31724255618329,8.974690605822062,6.125892641628819,3.6878659678765655,1.4599113876452634,2.499071070027698,3.50110292721854,-1.7255638761257186,-0.4700316148867766,5.608471210750335,2.081594415345578,8.21592392912622,-1.7600285324601306,0.7645746050106641,1.872169306630247,0.41274272880542134,0.37536857626856485,-0.2747840316399171,1.9891661872652506,1.590101238412053,1.1446165695412205,1.137925745163623,0.789567443167013,-1.0612876260840818
5.810112146890162,6.167113649689691,6.719007929346705,6.4379505069488925,6.853877494130677,7.150377573868845,9.167717211671409,10.252538154369983,10.777543694949124,9.432228458194285,6.109745004035459,5.077104871890528,3.3068159213901964,-0.09150570691388742,-1.1685029028653178,1.6889299911259645,-0.8982458916635805,-0.10285222576268936,2.229561071337852,-1.534662345478447,-1.4204803454093784,0.6722655635895054,4.311270018357792,-0.27085849045989935,0.8480045124330435,0.8986331070734369,0.733247256711216,0.6439377664614051,0.8415298401328276,1.5361827850135759,1.945654338108636,0.37090017393886426,0.29708808352447863,-0.32970727363354646
6.175869836305324,6.248736065472871,6.170927808799614,6.3003271529591185,8.054534032330357,7.96695062434967,9.554675626914753,10.499763984514663,8.29856195801728,6.787861599738387,6.073595923570467,3.3098400812206767,-0.2914773413305758,1.1762996246966073,-1.689142273901084,-1.325635369799645,-0.7466270558258407,0.7027566503328783,2.4828002280147796,3.6095290378408897,1.781389419771151,-1.5402792631625826,-0.5346351644969228,0.5122565972070763,0.9982377246226294,0.7462029086977163,2.1396735906903204,-0.33933513022858963,0.9113156534707241,1.7808031731971108,0.09018554332841537,1.5644709460853685,0.40264645912687363,-1.7225297069454164
5.796083448510075,5.832958566500112,6.326550916941755,6.189032445955379,7.965770531114939,8.01502389559979,9.254855419204487,10.128520684844645,9.554870957894382,4.563689663500937,3.9002014589401983,-0.2244893988737391,0.08218658270434621,-0.26829971892194776,-0.7294355797933081,1.1949760461186207,-0.5783392312883956,1.042516379946681,3.5310812438344117,3.0207178036208884,1.8207041777243353,-1.5150329837572478,-0.8551789662604525,-0.6673479330995437,0.9933068671011406,1.5805774989894192,1.1449775156761393,3.0881581888482743,-0.1511018240441845,1.0378657322953835,3.188753584770802,0.26422095279695856,0.8014000184298893,1.816990686404284
5.558502126881872,5.672175463534839,5.6612819075034295,5.33385730709086,6.478880055428682,6.990612341731681,8.55548965948308,9.04972716475995,4.620277942656033,1.4807716134604514,-0.31545898272861655,-1.123288453959578,-1.0259711204232127,-0.3146986407107266,-1.3008517319197528,-0.35927644645394735,-1.4321782369095775,3.465717677686817,1.7739019963815599,2.0701797595225995,7.301272192625551,3.175380109545694,2.7708365761294207,-0.12323366184326304,2.3056594707848572,2.025452796973581,2.546437367424495,1.8820988456252363,2.1001928824224496,-1.0699461399076766,0.46617549322310925,1.2387630382928794,4.309990287119914,3.3801461965149806
5.0496623078932625,4.892229584027682,4.647002894643291,3.6600245177891666,4.5138471432559095,9.544121510419538,7.599507040384112,5.088063443327501,4.626465975409165,4.250782235369053,2.570302742580795,1.2411488636520311,6.089782321703832,3.6429051589122663,3.826014025922155,2.190196645104804,3.258244382999381,1.4882663042926458,2.090329739389069,2.707189309257148,5.2387284247138926,3.1888416136387194,3.4308403401485483,3.0608805652871447,1.9812113794400583,2.5799040544449285,2.792792804399836,2.6527068717645617,2.6976019351243905,2.3932181839722535,1.2476261318339608,6.1960044653015,7.1063794958996,5.249196959196418
4.912249911383827,4.041637429064489,3.9762097208627227,3.4862668837652544,6.0188859724461246,4.501645973549114,4.379059099876864,3.0952240964553828,8.033821997986802,0.2320648792647266,5.836761315910289,-1.101979819555758,3.800350698147929,6.611846571005231,3.456836151341889,0.14570291472380645,1.4536430767290267,2.2379771235847934,-1.3986218978078635,4.248332600685559,3.4781673110019855,2.8296643853972485,6.175839023471642,2.2193811413896425,1.3042154062801576,2.7097347246972476,1.3591862728945459,2.4059052305846276,2.5562317423410645,-0.39962973911970856,4.939921070777079,6.2888509118960805,6.800633139327018,6.131678678128011
4.0961004677979185,4.114815986509383,4.774649997329694,5.210250381733928,4.343995126783089,1.5953579543811276,-1.2114160829116773,-3.3603584970539138,0.0627138300905443,4.564772098482484,3.946185783027208,5.7700765020239295,4.608685074255507,3.891361349880719,2.4136219773530585,0.39812515248629565,-0.28423693214489487,3.5262483371858915,2.6047859650030585,3.5908191924377704,5.193065966547409,5.938996866592159,1.1578106146748417,4.081661104168015,3.4378118340755113,2.28436113855955,2.4117860428297986,4.045019761265406,3.5394326619507774,0.23034707088113873,5.159320797096656,6.359238935393967,8.003493531704455,7.052638981891775
5.073670878828429,5.232988373201907,4.768930485962725,3.030561738815442,2.8795835733862316,1.096782771265977,-0.2781880251412758,3.2391131051883373,-2.1706775530418896,5.201075753016497,6.305793242617422,5.452890609126186,5.000936920805005,2.8500370582991557,-1.9498927665063945,3.164653632171274,-0.7109108303405975,-1.615884159523246,3.406939114872795,0.12020059506857209,0.5002860383176472,3.921403810017319,4.773426898546983,3.9743061127753516,3.465681261996627,1.7436136010539083,1.9695882719367126,2.5348048400894623,3.535960118539499,3.244003594101436,4.131583254347,6.0353547224532615,7.285702838464014,7.860104586307685
5.260927144957947,3.9525115487119815,3.5217019750703753,1.8659052130394755,2.3053927619418677,4.157619081414536,6.710637750327442,1.598389941320563,1.081619970806181,7.5350324526287835,6.943183855467605,4.791969971608943,2.242380008732965,-1.162158339402553,-0.14974832535264493,0.19984218447608812,-0.665164419320936,-0.772238647856632,-2.0893809492843136,4.765892828847625,-1.1217028635015631,4.031970203348119,5.86032926862046,5.777718724342223,2.0216765242099144,3.4539447994473016,2.9005817322101164,3.9181760145936186,1.9112697686325366,3.2118520125806103,4.7505357326241295,5.995562907596262,6.222910754662843,6.976701974128475
4.8876289125192605,4.9182732595071075,2.939748647613416,-0.03252525004669008,0.6565633663268365,1.839531956573201,1.3135139753908232,2.959912877231414,0.8168300974114845,5.339373784032225,1.5015385312853753,6.159707519985299,6.037665904036378,3.1509409508419526,2.143068949916977,3.5611810497192717,-0.106099515719357,-0.9375539645160633,0.9508093594791789,-0.9158994631453955,3.9433249714692518,2.1462361260667695,1.0388653807513932,5.125818902790364,2.3523567063044277,2.749221833260208,3.015054415150132,3.6842280819769857,3.8830793149162885,3.5858014312366007,4.9724466651127655,5.256480033121103,5.816776971256499,6.604714359844059
4.702101324865415,4.695818610662197,1.5958899932166812,-0.2324510754999851,-0.8385144738418168,-0.3516325051396498,2.024211534886218,-0.5354569456771509,-0.6818915505465514,3.3001735780891805,4.730294554974068,8.157381351885487,-0.14984422343121612,2.9314449262138105,-3.489294412147098,2.777700551599027,4.857031934139483,-0.6989910467072933,-0.48826178689483246,0.5985037765013096,5.822624467829938,1.6080949331057632,-0.5019501915143093,2.6223315917476646,3.00077503232716,3.556919031291387,6.336119953402645,3.747419258445398,2.8876021550912148,4.306398338012082,4.476684508438956,5.033444410230422,4.859269397595633,5.37495720380266
3.6181638033897547,3.724301107978888,1.0552760229147617,-0.4094546932626426,-1.7614821895003108,-0.6042529547283148,3.24904578871902,2.620463168467347,-2.330691139425643,3.7659468668317326,8.743533262004831,10.524942966834624,3.5561571659284374,2.553329213791804,-1.8628094613618278,-3.0108920302080393,0.31516310774860323,-0.631604193276492,-0.8008663764751538,2.152256957552949,2.9692271732580133,3.395401499684971,2.0197501585044346,0.7066823089728742,2.3840474982804127,3.2825792308739317,5.094986939142944,5.174000483521834,3.3851054807120695,4.350935096229838,5.589391736928551,4.23115508529274,4.744647231369061,4.869452746671789
3.370183228802694,3.6246117847840233,0.02803453476780664,-0.8603050020293692,-0.2928331832180868,-0.3981137961135864,2.5869742221491143,0.937040407861196,5.330291884884805,4.0218117681779875,5.054620249947953,3.652886681671491,0.9524891986258267,4.027560184799223,1.1222718019810458,-1.7016520230848695,-1.1218881648990193,0.7028934268894017,0.11827571972918728,2.1609684242845297,1.1050217149539707,2.3424986245462303,3.5733496350677267,4.845626060067291,2.361427657586675,2.99550962073437,2.8932367976593825,3.006961795000868,3.6369180139120223,4.540286278786159,4.975135718529021,5.266658585146264,4.129887643453273,4.744926310455663
1.7774176332999516,3.750618227285794,0.7773851848746294,-0.879808874001538,-1.8374025727150354,-2.5198965558745314,2.5116405802127213,2.0700892243286217,-0.23678440921308314,6.831737285531137,6.645428403164283,4.463667503302685,3.8608810034197245,1.1918531585988388,-1.8086585583093924,1.103684873118826,-1.3423375989721322,0.09646296977848481,-1.295815911793495,1.0508492896159491,1.1782726218165105,4.6887605656073825,4.248592769751068,4.265453900149249,3.9226516486932725,1.8310483260450685,2.4594703481247913,3.0495937249501255,2.371080709179769,2.733995743731487,3.5122582372943625,3.2843933848984856,3.5086009757318948,3.401809254729616
2.4673183652180297,3.2303487330318243,1.1209847278831846,-1.2561542443262614,-1.4766143670861842,-1.5557906348695525,-0.7754343083748066,8.047355296086515,5.9089124053372,5.787395598245835,6.872580633543147,6.1624636077570365,0.8547338595391504,6.709240224110712,-1.8628332614281153,1.3923582614981314,-1.549663824197447,1.204187365529096,-0.6779782144943729,1.3198311574336563,0.528914412525959,0.496974096691284,4.501449568359851,4.514853723450566,3.2975550730660403,3.119642649463184,0.8638746112005123,2.1062031862902058,2.51290287909032,2.613394199083227,2.9250686971636632,2.774541467528356,1.942085332587487,0.24948822097538945
2.725471681991934,3.53803570726202,1.152141027718388,-1.0360212954360228,-2.942212999839663,-4.416738724583691,-3.073350047453203,1.6940805763438829,3.7358209282625836,3.4138585731826616,4.329769857798112,4.635802672655682,3.732715277418336,-0.41307707077085637,-1.6541950304629145,-0.6543268545988405,1.8816781276647634,-0.036830324690072115,0.42538266348577997,0.3974936807216964,0.110063113700831,0.1541479309471827,3.0677583900512797,3.9090638165187337,4.36733781470437,4.6834499057383425,2.4220910469556274,2.1026348983489997,2.4866917703935747,1.9848758251532654,3.111361085169483,2.654419525200672,3.098993083640554,2.278016523640938
2.9482668870168234,3.5525883781579792,0.5010594364805966,-1.5614779002797168,-3.985694421173315,-1.204978960737344,-1.6981770178577078,-0.4192417030035925,3.073022118334068,-1.3449425170483391,2.1965248645359186,4.158479685049352,-1.9391398135168179,2.589034594839015,-6.010236228533943,-1.3549020913093395,0.41718818835986876,0.6017265974507513,1.3431282506674072,-0.6221737798551926,1.037378575525001,-0.8519827816578865,1.4932542473941168,1.481537651062116,2.533042542950346,4.005550300317872,2.5394951426703485,2.5159543671217235,2.229073836809139,2.2358243573100016,2.7993022117519857,3.234314011147504,2.4214068339841166,3.4664140664124754
3.1577626686387132,3.052961489695774,-1.558652214087336,-2.333497461819494,-3.736982146962237,-2.4256220360294476,-2.5821071619924547,1.0940843603155703,4.066567625036679,4.711578564464266,0.759818130263002,0.6579798876809441,1.0105558277311544,1.1566205344708067,0.1999899789507069,-1.1396430288061818,0.8336425695625789,0.8067429977496717,1.0439894606922568,1.1816930031563335,-0.47009964383848857,-0.5978362264257213,0.9016213085941617,1.485056437930177,3.347982099468068,1.6360067708125545,2.5294768569267685,3.1600229959477355,1.961297128005017,1.2029745625315065,2.683269472064009,0.8453960112272003,3.202478984409008,5.000235116655263
3.356851489744633,3.0172512284076842,-2.017891420987699,-3.9106004993329426,-4.0156922233080445,-2.2539426632500406,-0.9927695043156805,1.5198182233053423,1.7362885043293441,-0.7296730659848927,2.3824830848157017,0.0415617751728378,0.30468614985668613,-1.9361803135763254,2.4334187016688795,1.709348053170358,0.9710980002860992,0.7828519420320056,-0.03246225095767881,0.7922414818203538,0.6365381675552182,0.37668384691636553,0.8294427536135472,1.8570876189349923,2.8815230854716725,2.9819814403930267,0.4950522433900994,2.89809089183765,2.5282864084226557,2.698944830671137,3.0116682475394976,1.840254793202433,5.109460812233596,5.36865573178138
2.9057634295570924,3.5681050031856483,1.3193394941960643,-4.673107861411808,-4.710733928947992,-3.9956630367603285,-3.078608813533249,-1.5019022319846755,3.4727311106568917,0.8100281927121475,2.8679594578934458,-1.8050196472245248,0.8562197004579828,1.0543283357987077,2.5186973952191525,3.8180635925315576,0.6060935892846672,0.6108844693911046,0.6812913096898585,-0.3780268577840885,1.4909543561516638,1.7696353803300053,0.7722445415482437,2.1501315002151298,2.393947546573273,3.227489744137392,1.9853126364813525,1.000648073656096,1.539283591120253,1.5752545976772978,1.4421621167305274,4.837841523239664,5.041727728888044,5.623849251992549
