script/wind10m.json
{"header": {"parameterCategory": 2, "parameterNumber": 2, "lo1": 6.000027932988019, "la1": 58.9999434238085, "dx": 0.5, "dy": 0.25, "nx": 22, "ny": 24, "refTime": "2024-08-19T23:00:00.000Z"}, "data":
[rows 0 to 23 of 24, columns 0 to 21 of 22]
-2.65387820051853,-5.197612583523758,-2.83786999133383,-0.8954657955824203,-0.09483374105624365,-0.9003798045238051,0.28626497236917675,0.8397887526108904,3.244267994055555,4.508706741728029,3.4466129778589534,-0.05702900291377431,0.13495835311336093,0.32803345241798204,3.7963016644357555,4.449639053996381,0.022657298237724062,1.4997395998404213,0.6300752683184052,1.1055041166170692,2.0261459407528966,1.5469396515906364
-3.4646712449891606,-1.757594036879002,-1.3306500470671832,-0.7984463052682321,-0.22421546154926023,-0.9484865439821554,0.3587032049179263,3.982599690892385,4.199764162919681,4.083331732040626,3.6467434727389043,0.19006153702208872,-0.019645703017546798,0.7380603632535402,2.890474196225328,2.148228854883365,-0.003375475435398678,1.0545378270543144,1.3246373192483714,0.8012000672479345,1.0703857865830673,0.9340922358001653
-2.068901540824089,-2.3556805754471424,-0.6744209258020117,-0.9207050151666422,-0.49852186092345546,-0.19727715173818092,2.1106286930613427,3.2377149182698632,3.7282045821590195,2.132735382061751,2.4955923553954733,-0.3456183560288074,-0.4233472950002047,-1.1541643713733027,-0.6027191517859755,0.03048670540587191,-0.16954218663802145,2.3996780696870763,1.654808414362055,1.5852721304406356,0.10073517113949867,1.4716862220244709
-5.759992725915606,-2.4252431487712554,-0.9231365449850292,-0.7012632998210292,-0.6519794972284976,0.062333058807619406,1.0773894834061783,1.701800705495704,0.7003345895013103,1.0672832636863023,-0.31914059520926574,-0.7226834569497639,-0.4244787956762078,-0.4870377064658178,-0.29498586719058106,0.7074642938424234,1.0923572164996882,4.225354370607843,1.3185975779693309,0.34592301403216946,1.2294740019698875,1.3901211277248458
-4.104556183226153,-4.487367427216648,-2.625403402256953,-0.9849422476702434,-0.5422418884921922,-0.016755580477239716,0.4045690777759064,1.0269587831840563,0.13190100441294764,-0.1394246198590025,1.4123195354264828,2.1271721260109797,-0.7079327985784926,-0.7851121102489393,0.10977538455454443,0.36259487881301133,1.7280590626595707,1.189724808587101,1.4657594668872966,0.6721855820401751,1.3407663705232429,1.4230606141819782
-3.3495746037441383,-3.168932804022428,-2.6392598991936094,-1.3856985587868793,-1.0280769999045467,-1.1468948077421068,-0.7630682389009331,-0.7870316698277283,-1.0295228916063408,-0.24023415456379119,0.20870289584593937,2.404686571860372,-0.7939031970310033,-0.5803394151644335,0.42809583942396057,0.5343932703573319,1.3944959959405543,0.9068711290766613,1.4715071245798115,1.6855608187319193,1.4983448832730717,1.648732413079589
-2.5568069349036158,-2.2188908041805555,-2.5217295264547177,-1.8233198753868665,-2.6037380883483134,-1.5012470120752135,-0.7259526044952797,-0.48336572550691037,-0.6637167415618975,-0.04322719358570765,-0.42870274045698453,1.1719965400270278,-0.6053410053503271,-0.508502950970882,0.9086660169489422,1.2992539443112607,1.8168648299120551,1.3624778149427785,1.5230917485701838,0.6576344165814169,1.2571591259099977,1.3216892909508315
-2.096685236952863,-2.3871853318907927,-1.8971831774247443,-1.8902331079061392,-1.9174061081231126,-1.4768203861488134,-1.2540238310037117,-1.187107848094398,-0.3556708959562965,0.5676208954631004,0.5491099396867697,0.6440044516433878,-0.36547526633937966,-0.26056935597497566,0.6616670274221366,0.6667099739948981,1.520400322203295,0.15359912183554225,-0.5417427367839196,1.1502809223139616,1.689433314554503,3.2036884685957054
-1.2842624231779738,-2.241655477968688,-2.1941772880593766,-1.60262065048088,-2.4681654908992665,-0.929785849326285,-0.8383641617986829,-0.842735312019,0.29364160643941,1.2502275207317581,0.8349849923291066,0.02702830763402347,-1.1857335310328825,-1.228410452846777,0.6874205128875404,1.3510527755715795,0.6128123119343691,0.8993058271233438,-0.44212626619310447,1.2526882332242328,1.879906293151761,2.5779860944794524
-0.9560457797614335,-2.326597684851239,-2.298048324482813,-1.426425605755405,-3.567596898594367,-1.2910188337259016,-1.1000342493680422,-1.2849972569213026,-0.14928740226440648,0.9536539898243305,-0.5656854132628895,-0.889605129856209,-0.18875827261397995,0.4851900594319344,-1.5805775490538228,0.9682413244972846,0.9899755659757948,1.233770208545631,1.5024883330501875,0.7824814905589341,1.5099022292376938,2.6972219203313283
-1.2252194524415814,-2.477522627814997,-2.034453966936623,-1.451492487297761,-4.075909532000094,-1.4156609172789354,-0.764451721808898,-1.2262021545697985,-0.6342231618020251,-0.8007769721501535,-2.185433014762559,-1.5729131040781947,-1.1423345160759701,0.08176608243921571,-1.720882366518827,-0.10443285456292772,0.8499462938871264,1.2646834887784455,1.0626385648875176,1.181120008299805,1.662693311356544,2.3719998415845356
-2.0171755560601925,-2.588952328586023,-2.4317635622039444,-1.1805978161284156,-2.8450580359436293,-1.35164129573236,-1.512999167222058,-1.0135993412883701,-0.2706086295686981,-0.9610880797935051,-3.561418828518416,-2.325267426183762,-0.934258294999194,-1.2514858735383394,-0.6963027013283949,-0.1922981344926846,0.08611879216980055,1.505557812376914,0.48964037691515516,0.3971965274402488,1.875539502401354,3.039531603095406
-3.099706489458409,-2.593491179396843,-2.7624164072203516,-1.5182040225886204,-4.153249467732539,-1.8030570822096883,-1.5533503661267762,-0.7571536332093746,-1.693876001715084,-1.2299049324828815,-3.9141216462229593,-2.9718714418073766,-1.1926499505214774,0.6602998184266925,-0.9395199786106961,-0.492955510902003,1.216386585187657,0.9580016396003411,1.5014165593102133,2.968370826293274,3.534280889310578,3.4065871570025754
-3.232951426308152,-2.954777882576875,-2.926191251147309,-1.85712558555181,-1.572693516880609,-1.8114274972233566,-1.7999577543086074,-0.3731779033759939,-0.7752958496922939,-0.9047737479497114,-2.553812311968012,-1.6903209459051471,-0.999347523715729,-0.7782932839134421,-1.4177615596493192,-0.07449408591063558,0.5693542517806278,0.7220329648935787,0.4801796601293691,0.8855979077455183,1.4459590939378166,5.4377364232070065
-2.4405399448357845,-1.5796573443321584,-1.7623573026474146,-1.5876349347845993,-1.5699064578790383,-2.1469808718267447,-1.768826365606257,-0.2568062668117108,-1.6584363169886394,-1.2971394504621343,-2.1151317734270054,-2.0229749086584703,-0.9272148068288241,-2.6471551196917247,-1.6411958755149376,0.08590764693385354,1.1335757253415082,0.41700875427203954,-0.998310061274911,4.448899230574611,4.568008242061184,5.567922253904568
-1.2495816131092776,0.3159077104955337,-0.7300783545278136,-1.0975198036018268,-1.4186795830754644,-2.8263798553711803,-1.9088182582167335,-1.1415801514005404,-2.1583825126014893,-1.3404407001590166,-0.9588455763356782,-2.100182464168371,0.8802556226345288,0.013145926137409435,-1.089216348661358,3.315094224406164,2.3999926305201953,4.494517641121807,4.195245343137263,5.576090107400699,4.6075579438168,5.276521067725574
-0.8297520005530746,0.10370416064333096,-0.703274611543985,-1.6140933051207242,-1.581709633695813,-3.6860551723105304,-1.9996960259523797,-1.667530335718339,-0.668623291576503,-1.8151500738925093,-2.5810130937314253,-1.1551117859326032,-0.7557278649718898,-0.17826581382082504,1.5229821326170405,0.7682458787951161,2.350583391242454,3.5937449365001624,1.0774248347718207,4.195172052133001,4.209431554947256,4.909846016596103
-0.3169496997502319,-0.11378000785460635,-0.7682069894471573,-2.271380154673225,-2.2049852934318626,-1.8416967035054308,-1.2710281550285347,-2.156982310345779,-2.0288193825555076,-3.811699860929624,-1.9497082851783534,-1.7963482867374296,0.2915998097283608,-0.10918351479129099,-0.8765849802544197,-0.07271900567412035,0.5486998096450411,2.140616468264429,2.293077677053353,3.2846768389778247,3.921716831229933,3.970244860476469
-0.7994850191831407,-0.14575468996855398,-1.1376223544079234,-2.4317425131725003,-3.514443067189349,-4.601341500407973,-2.312105882474739,-1.7306234205904698,-2.0040729585123622,-4.769580087698653,-2.4812436044874846,-2.5366938695224603,-0.9163162082465555,-0.362330278579493,-0.23059075070681223,0.2841507265660629,1.2069094958606215,0.12477988115963554,0.9779832738775861,2.3090329568632626,2.343874870457837,0.021801434789073888
-0.941118169802577,-0.4189336603938839,-1.0710663711837878,-1.646122933340431,-4.373958948601334,-4.84789862403342,-2.223754827124699,-2.569149685541154,-1.4887057357655615,-2.0389688037167124,-1.596033442233732,-3.478320713487322,-2.5988529746211593,-1.5572444588539145,-0.5676288756565072,-0.6883000886460131,0.6056185152092585,-1.0115280630507015,-0.4030534668964127,0.8323228796196676,0.03957370104595322,0.018227066071129516
-1.0244191645227445,-0.7497248052731013,-1.052655219017506,-1.1903355107555214,-0.7743384864461477,-4.808457603364326,-2.4373160872346458,-1.865866074193119,-1.7309317823498669,-1.6979070584832547,-3.015143143946866,-2.6869843225915147,-1.454522007614521,-1.6468855892762537,-1.6478241746179958,-1.0460304734198096,-1.5614512027634628,-2.375723897776208,-0.8116114300665684,-0.36153261856139834,-0.051427029575768377,-0.3488778342021117
-1.131754231630261,-1.3906609028358246,-1.307764650522219,-1.2902538278485192,-1.011212387941518,-2.5839040931617054,-2.3037454934241497,-2.1207983221538567,-1.1694870860762259,-0.49617203188172404,-1.5343542523728242,-2.3369809096427745,-1.5477102092607238,-1.6763591348177733,-1.6879641747411642,-1.4391029395395865,0.32039078362616746,-3.1554449268303513,-0.7765728922762046,-0.8891670602380233,-1.0792028845299264,-0.46464624778123426
-1.7961813972608391,-2.0646461807701213,-1.8452986233284043,-1.1361095638243552,-1.4225949424352895,-1.705935789469472,-1.1201800625639087,-0.5888631989167665,-0.969901742749375,-0.6295471008581044,-1.9279389095650432,-1.4863370277115304,-1.4927091095217502,-1.7238970434411844,-0.7531850284389713,-1.6013237790478188,-0.6313218836976084,-1.7065355006218847,-1.7878983784793117,-0.9280976061783408,-1.2039967897993094,-0.574277693838812
-1.2121864439145276,-1.1428920028223324,-1.4109985957278537,-1.3070323266226413,-1.2415879380575547,-1.5330525167718578,-1.6113238561835121,-1.59074327014742,-0.21260657642138042,-0.7104553038571574,-0.8265380069790144,-1.3795013395303553,-0.5325026792035868,-1.7504732783578174,-1.4543505691497696,-1.2469046193041664,-1.5023278645475817,-1.7325098719134824,-0.3802767973099269,-0.9721319403646413,-0.6865875562494754,-0.9284434563911591
