script/wind10m.json
{"header": {"parameterCategory": 2, "parameterNumber": 3, "lo1": 3.000054539987559, "la1": 64.9999836372058, "dx": 0.5, "dy": 0.25, "nx": 34, "ny": 52, "refTime": "2025-02-14T13:00:00.000Z"}, "data":
[rows 0 to 23 of 52, columns 0 to 33 of 34]
-8.023351878038719,-8.329669715734344,-8.165739621760943,-8.323716332234328,-6.62661751951349,-6.0834614501803195,-7.461137795794154,-6.119525122783479,-5.263707680490394,-5.397711676938117,-4.294580148416802,-5.0207899479321245,-5.1024206229134395,-6.111719825093067,-4.8520109064825565,-5.215365753550839,-0.46233206853985453,4.021677706800276,1.3868687909390738,5.186999755496669,0.7407350807023454,1.055485566477717,-0.49688456577304296,-2.783802126724584,-2.078545909432437,1.4559858516809794,-1.3049490888335553,-2.0947258611670607,-0.5557098805080453,-0.6530339665009366,-1.3478846324001286,-0.6240883851427003,0.3800757821107801,-0.6651892453908813
-7.203045790241491,-7.210942434925899,-8.728617857476152,-6.798702665437474,-6.390941361234922,-5.96117656609196,-6.371622902659179,-4.976619789415093,-6.085061292932035,-4.281621863701611,-5.833938233441979,-5.2033209834991885,-4.988548492029761,-5.050537678278216,-4.7276296836525304,-4.554012076841011,-2.6672758762705757,1.557398019831185,1.9497991557290373,0.13184756210551052,0.7652374612087175,0.6542290512083685,0.7658667880875385,-1.8552056117375468,0.5321258205727325,-1.0105389049610047,-0.7311493581721691,0.08276873787249366,-0.5347498267706697,-1.4767251242063701,-1.509798087735265,-0.9146884808637704,-0.7314281326633608,-0.3982756773181066
-7.725751522018393,-7.4478282853085815,-6.830908413743979,-6.330349413910363,-6.598997312163166,-6.2575447415858125,-5.25922917707014,-6.048031757434642,-4.36729465811265,-5.318906646663401,-5.36630708536665,-5.131481257624714,-5.0720807610536385,-5.126267117430527,-5.392741151893281,-4.257275578004387,0.07894673903301956,1.24485719406906,-0.5861223158854827,1.5040962696298825,0.613173206954344,0.46586568227973957,-0.2940304909654544,-2.4078730593351714,-0.9732875082760497,0.14610585035064644,0.4636981096759054,-0.9924167888907119,-0.9073006054205176,-1.2902962051420683,-1.5578409521924774,-1.2392478299431453,-0.8464700223355005,-0.06145845047432732
-7.965760078490097,-7.687523328064228,-6.654558758109342,-3.8231775821127605,-3.779518836503509,-4.762796515100731,-6.630966933263745,-5.233084890293681,-4.171240579801273,-5.914499015953629,-4.975641470865893,-5.617342118081045,-4.630173823266702,-4.057494788889149,-1.7828898294313211,0.8479857381608654,0.1798764539992529,1.8978770778915566,1.7993786067509314,-0.11219061663980277,0.9862347421311568,-0.8961943090824757,-4.1781424096598005,-0.4812486102311659,-0.8333145782687497,-0.8457486016317757,-0.41908787230302996,0.07738757888438834,-0.34274951473645826,0.5165129979336578,-0.5676318157345782,-0.49907330569517927,-0.4223386296249752,-0.9415665312586374
-7.258195595837977,-7.476994525427288,-7.102491172122917,-5.984324957954474,-3.7998453555987695,-4.984935608972071,-5.495328119826377,-4.974576964309767,-4.416865730497207,-4.984205065745616,-4.947454636842473,-5.194023647066153,-4.144718674077495,-4.3612133623933245,1.7348723673030653,1.0402671228869886,0.47220485058734374,2.083805112752428,1.5537376572103259,-0.7463647174280562,-0.7081531196790384,-2.7928249343003615,-1.2067325137148768,-0.987737863922215,-1.4078134200337282,-0.3126726421454608,-0.482532795126044,-0.08920149732654008,-0.6394942128546608,-0.4478238403086903,-0.13561503090436622,-0.8202774407714152,0.06907126573185504,-0.7300332706482703
-6.017420143457625,-7.769861679419448,-7.3759643697265425,-2.856409416355135,-4.351332248249501,-4.637504807675862,-5.197385889848568,-5.128451307899578,-4.647458714348452,-4.435233170092661,-4.087106196014824,-2.270001715826981,1.031632257098515,0.6251798492944852,0.573064742043802,0.5285347658158442,2.9868303789893824,0.4436195063011828,-0.4899804861032679,-1.5186836540192798,-0.691515646489729,-0.5880674924491742,-1.2500917562503748,-1.486026884505203,-0.6569141595351462,0.12128315406439974,0.10150120848813103,-0.4377589213983227,0.5006298715770212,-1.0012789387803072,-0.7418152189507619,-0.6125649863595304,-0.5182948423812501,-0.46734087482255604
-7.429205990888495,-6.960233137048368,-7.609139747017403,-2.4640120132200347,-3.652047707580072,-4.286502904922208,-4.317217451775547,-4.06128405654541,-3.626969167445387,-3.9746746038191616,0.6372132805273332,2.281425864401009,1.3006242382842965,0.6232857278919579,0.7832316579023199,2.8381141320950785,0.8346550973948806,1.2266602286639234,-1.180050760325926,-0.6884829258286804,-0.6666748529115424,-1.092986690372143,-1.0446849096460382,-0.2753691896253531,-1.4737955201152129,0.13473363616378672,-0.24428243604438546,-0.6163852022390967,-0.35614852999383645,-0.3282728083393795,-0.38057729169760907,0.28625026472043147,-0.6294815372239292,-2.2012003768970967
-7.140973787443733,-5.746810033072169,-5.174158249823921,-3.4692595577297647,-3.031506108007235,-1.860911880397982,-1.9250346061808312,-2.0672944732557905,-3.369232593710322,-2.1115856921139615,5.664691979694098,0.7709477667351219,1.358666430302052,-1.7780189913048772,0.8517809213372923,1.4084037541839585,0.7626823734218282,1.4240378691688687,-1.4327482065157833,-0.5362849631004153,-1.9844828491823814,-0.9495818050998458,-0.9398808453685626,0.1355251915876565,-0.5425947997569047,0.276410010820333,-0.37811955204668407,-0.3163838167981527,-0.22470297714241005,-0.7724927508332996,-0.6891485280715349,-0.7785005291641539,-0.8239393407103284,-2.3144631085349237
-6.72556669444852,-5.704809081366635,-3.3999603785634327,-1.4411770359270915,-3.352700201203638,-0.7702378982556017,0.39429886746512016,1.659432653708789,2.376315138616064,0.30176526810886667,-0.16945784181085644,0.17127219339533611,1.2901702912827941,-0.9259041403941439,0.19004473445887543,-0.45991778679550954,-0.024492649474004927,-1.4468662236592094,1.2280502029810867,-3.4848828226597726,-3.9433053991636524,-3.976935948048438,-2.2684550287186798,-0.028324888222410513,-1.1043825293748373,-0.38470813301180945,-0.9257473374541325,-0.6737538954748542,-0.38282246665582254,-0.8740988152165841,-1.236364897341761,-1.4909331451007766,-4.35214536575643,-3.6493481895412696
-8.151628348704051,-1.4026712094849807,0.6015349685437359,-0.7018064668499696,1.5412261123515938,1.1114472157908124,0.4808539024553744,-0.8499983729890217,-0.6521079111709919,1.3666253357227685,0.4521161525295991,0.8208380826197584,-0.6255806105121877,-1.8609344777244725,0.19306298674895617,-1.0723389115402953,-1.500701444696633,-4.07445661667479,-3.9330144418465163,-4.274874134029132,-2.7299962904425823,-0.8428617283160004,-0.20022903926805247,0.7904633010872979,-1.044570879656524,-0.5351586397811634,-0.4974430604135887,-1.1358533619405298,-1.2296119769250913,-1.1685561574664776,-1.8187838166971675,-2.327343955248887,-4.502930875853095,-5.4289880214334
-2.1470378237893297,-0.300837297180662,-0.08267482813134186,0.20197001990659494,-0.48789798145495844,0.0826953586176204,-0.016586072491406298,0.19792503381817173,-0.6394993525251155,-1.1798933549541164,0.9455595359081944,0.4884314527266532,0.6354746963716376,-2.050047160896753,-1.564603738970276,-3.1056042778529735,-1.438177914597875,-1.0028910359890122,-6.803734112535116,-1.7572314084507226,-1.6060622945281788,0.13122274111495766,-2.1362956516605913,-0.2697527552917591,-1.0364010277349944,0.344845572136087,-0.8549347489670661,-0.36188725335005517,-1.0186415327368674,-1.4504895730978151,-2.3573868745560027,-4.132255365213723,-4.519935505078966,-5.076964793838557
-1.4331235180151003,-0.374949120745729,0.3083732741917566,0.3761497669137394,-0.36437357322195896,-1.0377455075502349,-0.8259742465533038,-0.541045317767186,-1.0999011739227085,0.5040592652573191,-1.0766084667738063,-3.661456698176805,1.1196096440823606,-4.987717738329893,-3.626377485875834,-0.819934306874272,-0.9277741865886803,-4.071428571375643,-0.8261383748474561,-1.579188005930786,-0.5880896700037582,-1.3712010979140694,0.22260682092189774,-0.4258189584680741,-0.2844426126874697,-0.5669699460405387,-1.070461883501343,-1.3070536564445245,-1.108127544401694,-0.5773784237009615,-3.7208649902749547,-2.6062225600564086,-4.172104222263081,-4.884987265601637
-1.238262347958977,-0.8105549254448947,-0.23984138784982112,0.1570954099835334,-0.5038156831559911,-0.6811707689548594,0.5405392746750368,-1.1795324926393,-0.22598520472901928,1.8534629881783173,-3.9406566432542953,-2.2847580350995598,-3.507443461977476,1.9395797524023273,-1.2354201615405114,1.0631796968815312,-1.668549987589721,-2.1279178006620802,-1.0072715537827057,0.15147894572159232,-1.0480784951311053,-1.0746936718778417,-0.6982981650526,-0.8542756918491431,-0.1868857401527688,-0.7874957749305054,-0.2870856125963516,-0.7675927963827273,-0.6439899066183975,-2.680266251037258,-4.252983313822391,-3.9056050381045937,-4.627025556536794,-3.878266128786761
-1.3540866693155096,-0.35459664036277827,-0.03987337745276894,0.16383583670183532,-0.1501026716526958,-0.4948385202207085,0.21323613231327257,-0.12717672372733332,2.3592918850939424,0.491681301919546,2.632268123333085,0.13548934685621497,-0.9982778347830549,-1.0310435372766493,-1.6115407358774585,-0.7747083841522678,-1.6839967366332542,0.35535617293085947,-1.6538337450889913,-1.0516193651798391,-0.8869025589887942,-0.05765020099172241,-0.7951643087387308,-0.41042469767563583,-0.9407277728929977,-1.0635596435014976,-0.5309579341033497,0.19602992581157275,-0.7046317908298224,-1.61701987190137,-4.003051070833078,-4.387316819924475,-4.963570553010381,-4.882959080652339
-1.833505464002698,-0.6549372811331025,0.06849334780523354,-0.056069796384184696,-1.205335160434447,0.2928366713538367,0.1672819567585776,1.946639210323375,-0.4830955834337612,0.13913678644914929,-2.0427178795476437,-3.199853089370059,-1.5733439673259513,0.643461333376991,-1.5006683657295852,-1.8600504029377345,-0.6444295938090316,-1.66801615305563,-1.7951848038752298,-1.951485730285251,0.902688802201807,-0.28948039459918606,-0.9435673886220198,-0.9074434001784895,-1.1313370868340844,-0.7380414890388979,-0.6236278904005048,-0.8180388442309058,-0.7758980367609696,-3.1310762292167995,-4.307247895419452,-4.858109748009769,-5.532122415930712,-5.019737071795572
-1.4775632143976118,-0.5578654235033136,-0.7564557762022035,-0.310054255925346,-0.8019281879508583,0.26892646425447925,-1.3194915191658707,1.225792239000754,0.12240257652675805,-0.5958337654105275,0.48118417743662906,0.7503904511828321,-0.8996224674817844,0.5192562007763984,-0.9582442513904053,-0.14747101823686168,-1.4984004785736533,0.36289645597226605,-1.0375306738826535,0.10369017405737745,-0.8993342110049736,-0.8653951704594236,0.10945436246673432,-0.8184083418888426,0.771086102999808,-0.896599404345787,-0.4554066154753629,-0.8596715653557964,-0.5817596955255713,-3.351880902604283,-4.494405335710778,-5.3828267843126305,-5.271290328846851,-4.704741585525344
-0.9964015600668442,-2.058250991337508,-1.1475555846042371,1.108369806978466,0.8798810242680165,-0.01572445638763472,1.476180013814105,1.3496435053308902,-1.0150403461215427,-0.09237888483865246,0.9050296477693375,-5.055273994958582,0.22617496133222068,-0.8734854247656875,0.49188914140732415,0.32110158003290856,0.17410356693894355,-0.30753305622403926,0.17292673568469144,0.9356088667163348,-0.8512154390326969,-1.733900817945481,-0.5806659593456485,-0.5661106301768964,-0.052624154316421055,0.44411680812492954,-1.1102961274564698,-0.9377124693847477,-1.2505250604463094,-4.025367075286024,-5.457970417666071,-5.74069442696699,-5.354006833258419,-4.754793801871667
-0.9244721937757483,-2.9747384401718993,-3.369655374514377,1.7954234804747613,0.751496787872739,0.01530859701565031,1.5294663663379449,0.9293390609209289,0.4254777479637745,-1.9484146138486387,0.5594310322937583,0.6915749601712373,-0.03799862711507873,-0.5550659221753217,-0.1773530996432107,-0.37192179438552386,0.5791689140252015,-0.22370258080058827,-0.6450307276634156,-0.4578746559162567,-0.8709565336150501,-0.42775797506366847,-1.0916682188381086,-1.161572906600309,-1.094000516742435,-1.114726620231042,-0.2595720567686745,-1.087515682660459,-1.0380235660285615,-3.9424915182862375,-5.455847502392419,-6.078825900265968,-5.212874187193361,-4.213131837613267
1.3548960042726212,-0.27194194510430386,2.7173282307208915,3.766843303602896,5.960540980802172,2.6838602100920452,4.2231117298135326,-0.23285234857252704,-1.1618495263124633,-2.2084789330276107,0.99160969317719,0.2828857790667921,0.06224105308280983,0.06363016396961219,-0.863073090997911,0.7296246353275839,-0.6446187997117182,-1.0930560422608697,0.41686371368339387,-0.7227212920622197,-0.6830486001697275,-0.9686122408702806,-0.8504137850348321,-0.5741012971726378,-0.5378612392839152,-1.2210400656916145,-1.1517846517581496,-0.6676977178423619,-1.0698713917551486,-1.4141022183706569,-2.8954287392174174,-5.36723692709601,-4.986845665030467,-4.970245503748636
3.3869817128270077,5.09252503922667,3.837158279022681,4.071753678445282,2.826173933786325,0.8030732754363749,-0.28487848679730415,1.4363934742834716,-0.07678431832200729,-0.8844366935657018,1.6380370984470018,-1.55033618810543,-1.6816676584791528,-1.984651452766164,0.4577043287925156,-0.902395587752728,1.8495828779009442,1.0616148755819312,-1.3470605396658457,-0.7836014972053094,-0.7839571947216227,-0.616414411386704,-1.380586038164206,-1.126902360861876,-1.550843720040028,-1.4791048080526346,-1.5824978035667625,-0.8330448486450283,-1.2581852554887067,-1.357586319108023,-1.6765195284064904,-1.935861423527664,-5.522876049814536,-2.8591234763240085
5.352312348612138,5.404172891322888,4.763245531134352,5.842336814458833,7.672079593773602,2.21349460564848,1.371706385081192,0.8433020472981052,1.849449392877821,-0.17867709794404527,-1.742077596355514,-1.128416712735835,-0.7841392159995515,0.37465502912120097,-0.022747157443492864,-0.9866410704719645,-0.12072413859218846,-0.7921178837193001,-1.2604040285910867,-0.7422626266580101,-1.0376101862298224,-0.9943013038772959,-1.19421509799899,-1.250370114266418,-1.4100631347517403,-1.2966457694543498,-0.9869061934389789,-1.1741734635067687,-1.2656155551875476,-2.456870069488614,-2.5739211441534193,-1.5558564309293699,-5.720414734174803,-5.502449764469915
5.814588844152026,4.492656556624254,5.179321309385075,5.776052392551128,7.918327005938547,3.065458832474586,0.11200357284717313,0.553873205917164,-0.7816431376775077,-0.04688618336271141,-2.334945025650426,-2.688219896271069,-0.5375511450431909,-0.8135337511651152,1.1057102268460457,0.4287324027708733,-1.1897142080547822,-1.3846244621709418,-1.2358875187882497,-0.8103007627051019,-1.057147484205208,-1.6013440277497235,-1.2633311137473218,-1.2143699049980285,-1.298502451763155,-1.0532724478170414,-0.8693706079965479,-1.4295439520349549,-1.859746894827593,-2.514553403644245,-2.176147906216764,-1.7990251300055384,-2.177697386715237,-5.2596199791964535
5.229118846999722,4.954861309889555,5.167796134786538,6.98501645336532,7.284271682486902,2.656914666174117,0.8429231371116179,0.8514444932940869,-1.7083196134061125,-2.7948122597102674,-0.4241764566907738,-0.6701652360488711,-1.4827768722815116,-0.7276945424498587,-1.3841656917489944,-0.18731857625879883,-0.7581619682489646,-0.940781190184944,-1.0711490594951598,-1.4335673979582073,-0.6152543297561118,-1.042411792663694,-1.0190058444122667,-1.106573375042797,-1.0889988960958707,-0.4734336207628041,-0.553237107206005,-0.9110316802622472,-1.6841716673322742,-1.7789570154672523,-2.419291156423408,-3.2347992375007184,-4.981689174525213,-5.139503102406254
6.409754978960669,5.22941600214128,5.275229224318516,6.638329617418605,6.019023701950988,3.288973739404347,0.7363296867286448,-1.2546992505340544,-3.122006124966587,-0.8835110884823628,0.43582859141959635,0.7421020671867268,-0.6501195099939922,0.4408927628347861,-0.3436446663754091,-0.9815439575965894,-0.8165330245205467,-1.0499131340508414,-0.640979399733826,-0.7234702393505593,-1.412315081940624,-1.4092846998493145,-0.6403211313993886,-0.9126776108288698,-1.0305690870467785,-0.6409143487980755,0.027334677651003964,-0.9622572372879955,-1.2559257287841838,-1.9435629130614467,-2.3446765197479813,-2.201448068673832,-5.3607317726432795,-6.3173225383100355
