script/wind10m.json
{"header": {"parameterCategory": 2, "parameterNumber": 2, "lo1": 3.000054539987559, "la1": 64.9999836372058, "dx": 0.5, "dy": 0.25, "nx": 34, "ny": 52, "refTime": "2025-09-26T16:00:00.000Z"}, "data":
[rows 0 to 23 of 52, columns 0 to 33 of 34]
2.25337929670117,1.9543878705760374,2.351598751974768,2.8993645215283252,3.216390928971729,3.2088627353222847,2.729364647610474,2.5216649558811213,2.201343998666203,1.4657978003251348,0.9655449740703066,0.6391537741969402,0.660599283932244,0.8132332106803045,1.5674890221877307,-0.8085788827406375,-0.7863953833187766,-1.4324153568490987,-0.8993752493502104,-0.9120429559925659,-1.0337774291587993,0.22088726609524822,-0.33917436636245973,2.4970846996166682,2.912911479403545,1.5191677394289012,-0.18065283248031494,1.4283463884599708,0.9416111621705134,0.8301581514286169,0.6038391454740556,1.1795582452226632,1.6512636845388893,1.5908175218964191
1.825391148564145,2.214600705713891,2.2256968422519656,2.746512807380636,3.2124929367504804,2.4981969648996314,2.2752977241001786,2.6878572217681755,2.041683213201812,1.310163198682963,0.600979169018056,-0.01917035739160268,-0.228875428523833,0.168240888876481,0.8845380760903403,-1.2275436226430145,-2.091982733243295,-0.8854041135092708,-1.3456525174565401,1.0773956748452318,-0.7078324629493163,0.3344110756063726,-0.14177182583034015,1.709815319822138,0.13257832289152188,0.8071677885238191,0.6484612411151223,1.337126453940605,0.5979618174798162,1.5919997178632672,1.3472890185898412,1.4603052711615572,1.2934245606615753,1.833289354696427
2.085235644551993,2.2247126084335225,2.316835322720204,2.7738511017318066,2.81905464273978,2.3183597298621472,2.8345482861886135,2.8110649238804664,2.346797589139761,1.850322933245005,-0.3690517676084079,-0.9926168607441014,-0.9874331640833953,-0.1844637948829633,0.37557737468070584,-1.6232265376036084,-0.998343896114269,-1.0895512695327922,-0.32573174622345724,-1.3676306800168163,1.0869545531920333,0.6515080937302837,1.1308982509582604,0.5006469819544417,0.8067419214875727,0.19411125240324112,0.37471419152786384,0.8145656870744704,1.3344207506107666,1.4613885508928577,1.4507870709275887,1.8149832311015015,1.7369336352709406,1.0895273945708475
2.0179398706205705,2.1913794747920408,2.637314707778091,3.004954775376968,2.8400297879620098,2.6649711586835143,2.872736645476213,3.047580332292921,2.269964185151321,1.5559332368928556,-1.3632619249842894,-2.351100548514096,-1.1643338351457047,-0.4626312743842549,-0.3552290437676541,-0.6477760997133135,-1.9002555614319527,-1.2030482672895524,-2.6345884541238167,-0.5105968880324827,-1.2071398505188717,-0.9705106496378366,-0.005036039046537997,1.1174107724486169,-0.27995529079122355,-0.6223809843202426,0.6902217722646767,0.10733569553518345,1.0223436580435588,1.1041041499265307,1.3532897192258435,2.0973606405921967,1.6119500695524642,1.2475240557719247
2.127966608712874,2.3083560941796955,2.804681047154552,3.202257748225317,3.1527311838888403,2.993605520750979,3.5118432355210762,2.947710545623987,1.5968719752905374,0.6041840385412148,-0.7599529404195013,-2.8929452070339243,-1.9889537768223204,-1.534157302326709,-2.1990892495273946,-2.27102716564794,-0.27464947012107094,-0.6556706767612889,-0.853843715509328,-1.2195685693653038,-1.1887306520233973,3.4280525265549455,-1.0528035503530213,-0.22745039613830506,0.16049849600307248,0.31122713192629753,0.5434214260242863,0.2537552254318958,1.6111951613719038,1.3761782447739506,1.2004814515684135,1.997170160523656,1.720450717038925,1.6028763968038577
2.027923163229199,2.3534882163534814,2.9166240564716075,3.0972421814347655,3.2672651120001404,3.3592813721633137,4.740803693271207,2.6675485096848943,0.9019538781176828,0.034023764921222666,-1.5665970705462884,-2.026174680082163,-2.7661513430332185,-4.028277778442084,-1.375270573154478,-1.2091629395157348,0.13337107713240146,0.5674734226959085,-2.759173050151616,-2.2656632083408117,-1.1280918004668072,-0.6606328397097015,1.683137404613985,0.3466909495696129,-0.08359179112616347,-0.13747765038254506,-0.24700790178641238,0.303217314575476,0.7757385703319313,1.566919872257325,1.3608435375519234,1.0727142365018392,0.7071971155110465,0.88525218455104
1.8479549587681743,2.3537172164652094,2.939819869734238,3.14503411625929,3.4689866439847594,3.424216974227565,3.9899547651101055,1.405680439697823,-0.023725578550501603,-0.8811895608457926,-0.9681392737057218,-0.5914908178352731,-1.1812455776360498,-1.8638281016515235,-2.0165507655090495,-2.578796021532564,-0.039899124461938974,-1.8978644998648044,-2.7646720766169626,-1.8248243056716453,-0.5788930920152142,-0.3068769862652361,-0.7824296998897047,0.3536083477060212,0.49168293021584225,-0.4337226984638639,0.5551881664968603,-0.1981112425895285,0.5799160388353753,1.0806191703461545,1.6479619776173657,1.5323051033891562,1.5888017561903072,1.7625703383341493
1.668271419027781,2.5569609269528066,3.021778940767649,3.2627977300481086,3.4954903793687366,3.673421759328731,3.9723570241516613,0.45800033062091644,-1.4129595612562984,-1.2555296642571012,-0.9837560700057991,0.9861030711442237,0.918400316559736,-1.1985554744545694,0.33492979324951544,-0.18730972728857925,-0.025938692346013183,-0.6315865964524874,0.952610592180775,0.603477900641823,-1.0191876939226354,-1.0852753650580451,-0.8495752410822837,-0.8655836469576329,-0.3457368330755786,-0.5737282227221189,0.11671013005953032,1.216998852636208,0.9512190388788865,0.6995967284796949,1.4146879015875535,0.6577867447370555,1.4097337631859634,4.538696616048187
1.606141892727984,2.7395324875205906,3.231688989519834,3.815850005890848,3.940792914178464,4.786504215286909,4.486406647888085,-0.8891380331569261,-2.0251803712605523,-0.11623672910579748,0.3745264673140365,-0.813841425473625,-2.9256248458952654,-3.2437073809682597,-1.673593451388544,-1.8624007092528765,-3.2916425523829167,2.9080406929973037,-0.4527624912322034,-1.7022670139078007,1.4358390159297545,0.733445481255783,-0.20644807085629052,-1.0512422399729067,-0.5444513242491096,-0.022652429437006596,0.2982488442067501,0.24145102370197025,-0.10975643636152595,0.5906104738334716,0.9381767153955191,1.3441153404727701,4.186427725937177,4.760215884923784
1.626985253043989,2.3444100707187068,3.331051561435127,3.6033415530609205,5.479427712420426,6.34983044192778,0.13524001146080886,-1.6862361175214668,0.1788083285978604,-0.21051590601882872,-0.08638392313762919,0.20956608299586044,-1.2837551358249895,-0.0014129236813217607,-3.180115125157527,-1.4831343011651632,0.46874414128406716,-3.1886525000358654,-0.9994312560124468,-0.6354110060663746,0.8611249373841176,-0.6188516731819831,0.11093955668573512,-0.29675802453223216,-0.3883444694781552,0.3225956728629669,0.5458230728224723,1.1721916458522654,0.6316110172406618,0.8820862396385469,0.08452866588936353,1.0961051868885128,3.3420696645258507,5.078750291936695
1.4506182222141282,2.1767110110965273,3.2373539967665765,3.6732720298526416,5.034128772725313,6.688045365843577,0.6454214195375528,1.024648016486593,-0.05594168361367245,0.6656781116558655,-0.3026967513177878,-2.475591396883428,0.5859961854615457,4.936706459341829,-0.9411205081026308,-2.466759547006699,0.7815381578115441,-1.0247163737431177,-1.9007372473123667,0.3470327618955907,-0.2530689838531807,-0.2673496073042892,1.7742051682188795,-0.6983109109933511,-0.72404224664133,-0.07895605668310199,0.2408244307508993,-0.17381190456449888,-0.02072588971084464,-0.551785112652468,2.1517600063659277,3.563278169682555,3.7547520891742057,4.763747813744907
0.8074008689308922,1.6822971812604475,2.244979333443383,2.577240101085431,4.288546052828979,2.0344545673297114,-1.20856171450791,-1.9403295664009095,-0.14726845658286766,-5.129726622199795,-2.059247080862617,-0.16703907437882382,-2.875626543023471,2.606472926040224,-0.7055624619058887,-0.6548475878441438,-1.299731031499774,0.4594224082831179,-1.3113067910788487,-0.4290601059455107,1.051291159310434,1.5569845723206384,-0.10428771013508953,0.23862497422541792,-0.4067725822884559,-1.0162583966538175,0.05527224949291773,0.5867271064506422,-0.5029396561959595,-0.6433868666347472,1.8227489737082572,2.412416030413819,3.4827084949055886,4.25679889992438
0.42957846397872274,1.1107583005772392,1.4545995639587501,0.7995366219348732,1.426865816798265,0.6696055649234536,1.462022306893719,0.12595552253709322,-1.5938298286039878,-2.6843793832274474,-2.2823679237129424,-3.236705593133324,-0.6251113196705875,-1.1887408947957543,-3.153417360937983,2.857366599020939,-1.4175601401944973,0.4035753868487748,-0.15142252720343571,-0.09551995041953547,0.11497417668103947,0.5855009674829853,1.7454491094275817,0.06424548353421988,-0.45132486440030817,-1.3902907085355813,-0.6553632540352742,-0.015377922254212827,0.1436506540196207,0.10695830906705467,0.7281363283125714,1.4846750249690532,2.73512538589215,3.539081874092802
-0.19376177236373696,-0.07318278759897617,0.05325283847556634,-0.625909172959426,2.7009903959760018,-0.35360923158219304,2.9138826164183964,0.2143882542466887,-6.770835071803975,-0.21933935547494576,-1.6255043270462894,2.642454039381704,-2.077101187458879,-0.9234324976159226,-0.3430682696301931,-0.6337620915332468,-0.2946912079099592,-1.3349883895310302,-0.7370805102742333,0.4486822215383602,-1.0673382720834708,1.0400694136373019,1.2558252266075731,0.577535360880319,0.04620443277689741,0.435694015820584,-0.03586028918548746,0.0964428929711843,-0.8038954161541032,-0.05884995874224572,0.27529503668351757,1.8618823327924723,2.532269050082782,3.138049387955809
-0.7419625127337031,-0.6141128239117886,-0.675821080147567,-1.3655087508708308,-0.9025714537953136,0.2665952071529925,-0.6450509716984673,-2.6821319637041774,-1.6408660340603989,-1.1178366269450115,-0.7123377854085992,-0.7275890165245723,1.7838348559830308,0.9925919674305073,-0.6172884109427321,1.451095482404952,0.8788038309802767,-0.7942001754173483,0.2292461706731359,-0.9138781709735405,0.3791002675107659,0.39436046399880187,0.4552735631397945,1.0804803618659797,-0.3928757784266706,0.3036443282890847,-0.2891859445062909,-0.16374398377174695,-0.08132194138287072,0.023585266241648806,-0.03584439378936168,1.7306018496058269,2.56986419000711,2.7246574338222156
-1.5398784110402315,-1.4358930102871272,-0.9762238407087166,-2.001012232035735,-1.1341800938417472,0.3411292962886614,-2.2097931661780548,0.795529397026679,-0.07852035912217553,-1.755878922127346,-3.07436423808485,-2.1234505973104083,-0.2558544813775051,1.0981541814046365,-1.14975957816745,0.7256068083955134,1.5618493110272493,-0.5833571981587223,0.1813653569895356,-0.7247553597357841,0.8381389493813745,-0.08688391077709037,0.4772727113954914,0.5745559339968673,0.3567012511996928,0.5757252990285057,0.46869207779939215,-0.19075021772637293,-0.8323446347455393,-0.4100976968964185,0.7064528966758662,1.381866133089643,2.2422330997405027,2.4036676619488095
-2.0065900987130574,-1.8562182821711688,-1.463514338648128,-1.808598265041801,-0.8266429291921626,0.026975836002505554,-3.0612244318393906,-0.07955103770330206,1.2720096354179278,-2.177059947009037,-4.04386070444251,-0.27656350216156156,-0.5807046317163279,-0.8628027828743339,-0.8216741794990992,-1.524387706383823,0.05446795718341151,-0.20465389222841307,0.6847781728532492,0.668789801520045,0.38372857134452476,0.7187240266704887,-0.7727077749703641,-0.10798501268995775,0.13531994894677843,0.15960974117641702,1.0993734645044613,0.25041088985645477,-0.8335533484704104,-1.1289413704413676,-0.33107711014264746,2.097049651604364,2.3755864401834743,2.2717931054738125
-1.9529145686930574,-1.7350955970841526,-0.9614477911211714,-1.6438618618188197,-0.6863610750620528,-0.5726588917249459,0.05797707516143285,0.656271429752136,-2.926725549144801,-3.132654240889417,-2.3707354254532684,-2.0986675756500235,0.2526743094812409,-0.794958879784104,0.005150593766988042,-0.43629088285556694,-0.2174867405252213,-0.2169800848517123,0.021492891750457866,0.9328644986395638,-0.014008704098473242,-0.10144421409366464,0.4433239775050204,-0.08190913871484484,-0.8217586363643844,0.8629549670312903,0.6398504538751839,-0.06557665217963012,-0.6585373677036522,-1.9955791428970815,-1.4149140993104479,1.0378150156096952,1.9809525391235407,1.9414961512402646
-2.5937172948923544,-1.6113132729961355,-0.3470962808534153,0.2605648961600812,0.5707890362049873,0.09371454833770979,-0.7177629302432099,-1.3573599425658742,-4.982569416259624,-2.405034091381946,-2.442205484576875,-2.176360195910123,-1.9181334369437515,0.025981351750128764,-0.6018621352044147,0.566826753325602,-0.7519543829109319,-0.5021981950389388,0.09250264706668633,0.6723696830947703,-0.010232295030774462,1.1986846452728033,0.45580222079369465,-0.31343261361355773,-0.7401061389619598,-0.3083025963830998,0.5115748154773828,0.81602199865995,-0.19810280072552808,-0.8370783264002021,-1.106708439068237,-0.37662493536617525,1.1478295463920234,1.2948267971989187
-2.8052852753181234,-1.6367525289479956,-0.46173803101574595,0.25867032695206377,0.3399855417466672,-0.14523721077357002,0.0330995204077936,-3.1091796745977387,-3.7022010573509188,-3.523861420930213,-2.8307053877923156,-2.423993192340494,-0.9158373846860551,-0.06432456805960356,-0.12049569455360302,-0.29985104130009116,0.30839658971467,-0.3143445296925684,0.6573008151412278,-0.12134817043924803,0.7068340168164486,0.23734989174640783,0.9133301495415505,0.5387044637306859,-0.7842732539662043,-0.31439887339190487,-0.6201050067334576,-0.3413360765022399,-0.03667452095145069,0.6751793694840039,-0.9493790287147988,-1.0043383339674579,-0.05007049893666985,0.21753747543763627
-3.508205916557099,-2.651781071367142,-0.68508214940503,-0.16095627111668054,1.3837437016488774,-0.5650799181261735,0.7483102821745313,-0.3224541469662151,-3.258194062494174,-1.5445249293367695,-1.817396031525572,-2.1332310308891715,-0.06647283121016548,-0.5564930901448175,1.0398968674258886,-0.07787795292808877,-0.6852493567498067,-0.3464714074727143,-0.6541238626183367,0.18738026387278325,-0.5438585144803593,0.3591366901457198,0.26698461756108616,0.45424545489536594,0.496828262972575,0.05110008463966957,-0.29723354171793387,-0.6028713260330338,-0.09449946603028721,0.07874470548844348,0.18978341543027993,-0.812306476863346,-0.9229492674462076,1.0977495221681317
-4.233019980971443,-3.413658973145157,-2.219408864854354,-0.4949934833957008,0.8649367885815228,-1.7531101098782995,-0.5535163643026316,-2.2265345800241354,-5.0387245357015225,-2.2379533204473803,-1.6659364271911776,-2.345686552488533,0.26027199221429437,-1.4310603008849343,-2.4307384876268734,0.13519457880063526,-0.8116678571362703,-0.022410761294466272,-0.8738683802585673,0.18517159177366282,0.15642886054314983,-0.14064289450739187,0.6171401937288408,0.002559937482141958,0.5564117402164223,1.0277402052647588,0.03439380643801581,0.21638880181628264,-0.3900058185348612,0.687756231497993,1.0311700560428567,0.38578931858196136,-0.7694778881971663,0.7354944115182059
-4.77847418766494,-4.384713374403508,-3.8870828529227337,-1.7792394787903627,-1.082175972436269,0.011232548802495962,-0.7058111047958258,-2.0304200813131845,-6.256061814574664,-8.436523675133103,-1.3747933068476836,-2.3352622733126402,-0.37551558153031467,-0.3469485649495645,-1.1958162699825212,0.3349562297370593,-0.6040591088005327,-0.6080959498247666,-0.7389425253929794,-1.1978442555602744,0.061933064775591094,0.2842953460809429,0.7139243042424944,0.5656251449097711,0.47962367599833206,0.2796601072267418,1.5091690237799698,1.4293440378719118,-0.40884970508164115,0.8287087558769562,0.3792248725650323,1.251740771202692,-1.3916849168234802,0.8414985702940131
-5.293656743160489,-5.026620880041864,-5.11653894124055,-4.011479422735587,-1.3178936784210378,0.800679014999559,-0.7156706689555166,-8.759169133717924,-6.864738667385499,-2.6368360142147074,-0.16047455635786848,-1.5001421650513147,-1.339990473824692,-0.8761740569281473,-1.1789624209198715,0.3963807857440764,-0.5846847868076602,-1.4444781562470466,-0.830069945652524,-1.3503247094627924,-0.7053225506984682,0.08682762066475458,0.4330953953136627,0.14660568069374852,0.9929459571861396,-0.4139574481369222,0.8066939690988916,0.547390001195426,-0.18459330531263593,0.02108929671565482,0.8632453035163675,-0.03342844743122292,-1.8170807125532848,0.38619665906049366
