script/wind10m.json
{"header": {"parameterCategory": 2, "parameterNumber": 3, "lo1": 3.000054539987559, "la1": 64.9999836372058, "dx": 0.5, "dy": 0.25, "nx": 34, "ny": 52, "refTime": "2026-01-26T21:00:00.000Z"}, "data":
[rows 24 to 47 of 52, columns 0 to 33 of 34]
7.7048604484693985,7.158331951118589,4.833690825892029,2.970553041784477,-0.15646317466364693,1.3285698053253927,0.32684520797781713,7.736934198003093,-0.09972175954555157,-2.453688391535848,-2.954901474452159,-1.6964762069599695,-2.259191182113677,-2.3335404774550508,-3.7797709424477177,-6.642470387940759,-4.044439905808023,-1.6492463353250983,-1.6609338774646585,-2.2470048590618235,-3.7393845634720897,-3.2943858334446006,-1.3960720377388405,-1.1876273859821735,-1.6996817250840037,-1.6567775483090441,-2.3588567877832918,-1.9282494490607731,-1.645615283235599,-2.13258430324617,-2.8551849555573083,-5.022045579203911,-4.01065312775378,-3.2490454342553585
7.241097171354399,7.307524776635601,6.174525691718004,3.8033083204943594,1.8393755020985958,1.0169605223914753,0.09920505369631227,-2.3398842323909785,-3.805176166750226,-2.162241939891186,-2.034933988514532,-2.0306797807907757,-2.9969322223304737,-8.29558843900997,-7.200736888196824,-5.77776885968942,-4.970425517100745,-1.7225080345660027,-2.07007525728709,-3.1793824114459657,-3.5514265117060213,-3.0611153318694346,-1.6773887136896157,-1.5283615119871168,-1.4629558627925043,-2.0721289598408235,-1.7919722731603398,-2.0584818662284667,-3.6123068870800368,-5.8850601854182285,-6.5863363474674,-3.5397779415561983,-3.5973395095618077,-3.1316796615945925
6.150180665530539,6.5061365156518844,6.270175955972909,4.6980176543330145,3.037020687612038,-0.011298490461133803,0.20342318752554328,-0.03566568277538919,-1.7712757804561432,-2.5267280159452,-2.5872172603532513,-2.7582032809783548,-9.621929921320822,-6.765018246742766,-6.297977850716718,-4.984308647733164,-5.625594820215835,-2.2368648893260525,-2.0276982460064827,-4.999273700930777,-2.484240225663407,-1.5463066864492627,-0.9526176033858254,-4.2678744934259845,-2.5422100018629057,-2.428853314188646,-2.143289294612515,-2.7269677298301147,-7.508507364549833,-7.580323754968755,-4.348988978609397,-4.2882079173668135,-3.7290150229826615,-3.556280474680383
5.270647995333796,5.020813167028681,4.828014865884138,4.595484627964484,3.41254262662223,2.2433448977864345,1.3442123360332243,-0.15113840513088753,-0.9529141947229819,-2.506523643041404,-3.121851281376011,-9.680098874280612,-5.3687848488200105,-5.140330800930637,-6.339883970056788,-7.010964768670981,-8.625420746011052,-2.928910349052465,-2.0560262526295245,-1.9822167245113154,-4.130935077381324,-2.0621544957481808,-2.703760650343067,-5.085009012991761,-1.845652692589959,-2.0746340073969836,-1.7825769674158867,-2.0684743834823403,-5.236073182012571,-3.9561268595804657,-3.7166162710513215,-2.7565488699033946,-2.970560905456976,-3.4214701853756324
4.624878016400978,4.196945496994681,3.967606219950567,3.3210048278242104,1.9450634988801818,0.40394269432539065,-1.279064992778922,-3.1490974510004652,-2.845344968924642,-3.7248964627818024,-9.963348215913918,-5.278631533919534,-3.9112722117026677,-4.557739901700485,-5.702312115127607,-6.403381457663071,-6.712303591923605,-3.743279667780545,-2.400337721946476,-2.1470361903853488,-1.9115269883437644,-2.2054822802650937,-2.095975261631671,-1.3977025090793116,-2.030596140203183,-1.943307066383198,-2.4991352402285045,-2.7921264653208873,-4.121733799323829,-3.636270951781295,-2.9617389652105843,-2.7809771639878766,-2.201406761026143,-2.7453855218326644
3.7866497334082125,3.022337551127384,2.4460388893838654,1.5779455335457329,0.826747003544604,-0.25465117384786756,-1.5361110654009105,-3.2479433011505345,-5.755813515198892,-3.414215130337056,-3.9981781508693808,-4.037699115907415,-3.1503924093559985,-3.9082700400707693,-4.786107045806307,-5.3239588293183076,-6.544471065961577,-6.2070909266732635,-3.037369204821543,-2.277232485186766,-2.1020503944279043,-1.9296595708979078,-2.8564679359868186,-1.9783897386461937,-1.9867366483092057,-2.2467653422890197,-1.4918431129758696,-1.898037401676298,-5.026157746484248,-4.368541029852078,-2.5210752750964054,-1.7431464392612723,-3.508586668928445,-3.648369343975898
1.6969492534025874,1.0792375897180062,0.11807040911432824,2.740657177582342,1.7912159668211027,1.1839544365452777,0.36601095123224187,-0.5238065703050114,-1.7119496454971195,-2.208507448147383,-2.343508124310983,-2.4060661964953365,-0.7375460784793667,-3.26337084841281,-3.241613390971504,-5.949344264019975,-7.074393291621923,-7.755326637690972,-2.3962663741722947,-2.4323008697093162,-1.579557661057697,-1.4390920963416178,-1.7920373798712963,-1.6974628546485675,-1.3695252848854222,-1.460888186144701,-1.6999185517447433,-2.0068717933276763,-3.103538303702701,-4.00903558258461,-3.2490644042259014,-1.7076074368210872,-3.579668231661336,-3.2083115357499783
2.3152279720337425,1.870057169437871,2.1036592437354344,2.1867866718543336,1.5459635539673502,1.73537552755706,1.8562303661658337,1.8508198640454272,0.24304241956339842,-1.23101129823487,-1.365015294422376,-1.42667117783638,-0.9988930282560152,-3.4247550917585907,-2.3469339371340636,-4.34472061462483,-3.0607487816774057,-7.684417843682484,-7.2013469161013814,-2.111431940077422,-1.940383796419734,-1.7715428399966,-1.3557887320353432,-1.1198411097020202,-1.5975197709556008,-1.1870551443697208,-1.3600717536673352,-4.592680243849113,-2.590177874710295,-4.745256877554325,-3.8518903668422455,-2.5061245520218662,-4.096579294397503,-3.809628330463133
2.631544241200312,2.72407629939984,3.0003559380468254,2.687274914890795,2.3360837056313617,1.5431805881389713,0.9738973203376178,0.9164353432690693,-0.46053842934259076,-0.9438877137793212,-1.273885735797968,-1.162160401380368,-4.384819032309213,-3.4177873663279876,-2.169761754341249,-5.155681510579254,-6.029699597186582,-6.753302776613897,-6.822576340103026,-2.5218460617386365,-1.7891906402584064,-1.4102077032291045,-1.429444948818674,-1.3493777266482634,-1.5372744624835937,-1.776194848286826,-2.531548795821118,-5.1353220637358845,-5.606623956054102,-5.18671888534787,-3.8891761536160594,-4.11718876746475,-3.754086787899358,-2.9445279453648956
2.760231054661659,2.04416332586838,1.8127977458859628,1.9419358575888495,1.6295385793951305,0.6661668919692757,1.106107536990336,0.29979236684236055,-0.6216583903955428,-2.450362758863252,-3.897362866811201,-3.632277885899025,-3.3047734935360293,-3.6491454225731,-2.4523188185507276,-4.923624041666613,-6.056512751702293,-6.594224105726533,-7.182943392076899,-5.530061671511414,-1.8888675471721696,-1.4936967915055313,-1.7635419492149498,-2.1143547013672004,-1.920784026213618,-2.2815809665742277,-2.4941387154170176,-4.3428551544880944,-4.957273991260055,-4.9392731780059655,-4.384723803232651,-4.291095841121011,-3.9777547950060597,-3.68890057601144
1.951568184207913,1.4995047250481834,1.3013230324872036,1.1315153014602872,0.8430831070023891,0.983506993633726,0.8156708520614289,1.0472508839974544,-0.1980504750731631,-2.128968764812639,-3.6578073229901937,-2.625204628619355,-2.4944793936232887,-2.116084838080407,-2.7871808485230303,-3.2505054547568686,-6.23208383381689,-6.956177095596837,-7.433567962537903,-6.822504783164119,-2.3414153955537067,-1.5907998000892094,-1.961825099861405,-2.2068470805186875,-2.3850919313602885,-2.661627593287718,-2.5951228762996474,-4.4318786377134884,-5.591831583416439,-4.7485136516406214,-4.031890196108838,-3.4826003395161997,-3.1182770070632255,-3.0037672865917013
1.1051336420626077,1.6638298152912776,1.3707231521271916,1.0256399666347524,0.9948616074199369,0.5963741481099951,0.25698879853515066,0.40489986495341906,-0.785083694181614,-1.8568179603505608,-3.4427760691109857,-2.1457877551359656,-2.971529836182196,-2.965224906942389,-2.7343761003272222,-3.840750613770203,-6.681417393277401,-7.071381068591081,-7.597463887232671,-4.493116595787773,-2.370188258609877,-2.0195422244941836,-2.158561765141369,-2.631413169547353,-3.1017050906144243,-2.978929421229301,-4.205452711989203,-6.023662401873978,-4.5439004905831295,-3.828966494290351,-3.000241869308742,-2.192847095609265,-2.223171784744919,-2.583958757083296
1.2522534910170122,1.557698755396354,1.4575384526807496,0.9579919988913501,0.6661049345175352,0.11271448495309913,0.017356113784881055,-0.6474167592159091,-1.18118414951342,-2.0059411106141507,-2.9145126312967364,-2.8225250110047124,-2.356090620717972,-2.747150782579947,-4.0762499997881205,-6.848890053625063,-7.31830520968126,-7.206664110309583,-3.3600360382149215,-3.283524565277002,-2.7505010479262233,-2.3948895482513266,-2.0947542095551053,-5.889120120326292,-7.146267593695207,-7.3544916133813985,-6.551849464171241,-4.274089571138047,-3.181073154521404,-2.265652865833033,-2.1442305348586146,-1.6715885595372966,-1.331067287972543,-1.153075871326261
0.5981620849497051,1.3397350564343007,1.356258681917001,0.8687343942986472,0.5313594848266382,-0.1893836118032971,-0.4074230408479435,-0.8323329021166029,-0.7936951915022361,-2.0105772812575813,-3.439022352872244,-2.003680876684115,-2.550209476000434,-3.3604812397228123,-6.114551310540177,-6.364002953403735,-8.099343879767918,-4.951219949952106,-4.401525848882868,-3.926096987595993,-4.082569212792474,-4.045283074105238,-3.4041987652424908,-7.321017970035357,-5.753827373250377,-4.749448039914592,-4.566949820326053,-3.8874703382053584,-3.5275777160949753,-2.795148330708985,-1.6510140676086036,-0.7700136999855579,-0.10153018418998401,0.22579702361799292
0.8687431062597814,0.8616960584889883,0.9547990103978916,0.5702213458668812,0.20733894186054158,-0.2944719697214762,-0.2815569150942512,-0.3781031009724787,-0.9038446238831483,-2.4229128255052177,-3.6186954963110822,-3.066486085205939,-3.4599696983620745,-4.0114105907446955,-4.508179280996878,-6.826693754445611,-7.197357441331956,-5.025377823476866,-4.7904628394393605,-7.366126371132285,-4.107773724016315,-3.3532523213469774,-3.3680355115621188,-4.779072555179496,-3.6733778434148587,-3.464290942472789,-3.156261832226302,-2.928942909455929,-1.1082148459279306,-0.6746920891524163,-0.2993138114451985,-0.24716343058535664,0.635751303881873,1.221894051405765
1.6362302639618658,0.5329943902430836,0.7842624714815479,0.6458669030671846,0.14942887057303839,0.038505196680836073,0.15491573504122125,-0.6024907119961972,-1.6241166349506342,-3.3933255213346203,-4.358284721039706,-4.090048970934469,-3.761382456919236,-5.325405667408914,-5.006319215152169,-5.236699520313043,-8.253372042695167,-4.581096516319442,-4.991746729296233,-7.542811425992045,-4.508240023017269,-5.2112058690001914,-4.859697444928159,-4.314147531240175,-2.795890977235458,-1.7835825581451878,-1.484539767277028,0.020826251901352243,0.08868431049995695,0.48119891621456296,0.9697042618829044,0.716979913846149,0.1985193058323175,0.706322762350791
1.296754503318689,1.134664401156209,0.36503653137956904,0.545958350366359,0.16756552193782084,0.1520626135868089,-0.5702710141244703,-1.2173246605963288,-2.636867836906396,-3.9939867230001376,-4.803611789197508,-5.0613351436509735,-4.0866562684266725,-5.443938915029481,-7.9942582135967735,-5.888736576328671,-9.199547373123632,-7.635666353502905,-5.243050261588298,-5.181592955396845,-5.504516309090208,-4.8293515838527385,-2.382189081029207,-1.5805626665927834,-0.6150971203283553,1.5565184387000932,2.182899401811368,2.6087293623052528,2.682031207478533,2.6233412576263744,1.345012493024687,1.120945859006597,0.8548705300692746,0.9592152247934984
2.4586138808500118,1.2514144519275467,0.41049704259363257,0.4873544176167953,0.1486066606489208,-0.22546128261148435,-1.1441024757983957,-1.753217659811336,-3.273749654937132,-4.301101246062323,-5.31231964746608,-4.925086632438549,-3.3686526534334145,-5.352007055987931,-9.1650929715386,-8.841799963944137,-7.006538563707567,-5.265588788711432,-5.143390330850913,-5.781382365514121,-2.7496981693188123,-0.5306130741002641,0.7275321896282487,1.0698884365725663,0.8781081328275515,0.8700809247944025,1.1206134794344917,1.7328185011296424,1.2790780533521005,0.5112010724062955,0.25302722920598447,1.46506876024786,1.2459656811667013,1.3176206305253657
3.264183021413813,2.0365915081183807,1.1497334986283834,0.2405252024933651,-0.1414154254662649,-0.48992359323386725,-1.2908820991512668,-2.089769348252966,-3.675532856758737,-4.779712402942687,-5.691821527651252,-6.233825402298445,-4.05008755108324,-4.671479246983205,-9.776764799101695,-9.489102419231019,-7.523842361289129,-6.590004871845638,-4.537960623347353,-1.0472082029697833,0.01914489182269443,0.28578159528015873,0.4665195614390218,0.48080294419935626,0.9464131396838239,1.1226557871682352,0.7061864849007183,-0.0553062058358839,-0.33371874368278664,-0.939906091352399,0.41407653779628273,0.5690504505327254,1.1862748069962694,1.9062818677664972
3.9184235122978395,2.4091974169581816,0.7500050484152807,-0.1319561324600113,-0.5362763040835162,-0.6913224851153869,-1.1088123233767597,-2.27222542773555,-3.568585342991946,-5.3892150959222676,-6.042964869855067,-6.264137416608051,-4.707866614574609,-4.890231932898605,-5.38611109951207,-6.536744472961915,-3.9061588521713415,-2.2715464642049503,-2.1107370579030595,-1.7184748544152384,-0.33387246870766657,-0.041655094148298016,0.841663630351129,0.6193152730632001,0.28108077074302973,-0.13018325328702565,-0.5919531168010306,-0.7715079027674994,0.11254845023565856,0.010193919925728788,-0.31073802419967705,-0.29541286505293335,-0.3196765725897627,0.7597575334665437
4.323076857585148,2.3402347618946426,1.0601052785634448,-0.019856167717602853,-0.5112707887238711,-0.8421582178091892,-1.447037687495105,-2.33792654781954,-3.8257774097314967,-4.968173349850988,-7.015964742489414,-7.206668208852282,-4.992891497657411,-5.12050207100715,-3.7582171169954446,-3.446206535898427,-3.660222338394054,-1.812101924599514,-0.9186509432365108,-0.12220127334869599,-0.31607524863144726,-0.8545112877903884,-0.8937344941015485,-0.5803346029697586,-0.45938397636893413,-0.31300229050067807,-0.32425517603135134,0.5414606182776891,0.09924850117191134,0.10273149156152755,-0.27914723602983316,-0.8929945942238697,-0.07356298431348005,0.13291841146808678
4.425922684188707,3.0693568673132616,1.7868877748684215,0.3077887875105907,-0.33107599016768663,-0.7209634854591024,-1.3088835791819728,-2.3452180220724177,-3.1329720960090093,-4.588407241539632,-6.935994287278889,-5.754663245064889,-4.750256931528271,-5.044008582291909,-2.253107514691919,-2.738793772685527,-1.2892589820520133,-0.9745313267033676,-1.1340012184856099,-0.5539419417978839,-0.8236732858661829,-0.849129374899408,0.3840076679215448,0.2995316623737394,0.9774122617842661,1.4809722440385082,1.6180796870787963,0.7806906622147557,0.4071284347704441,-0.13449065745077482,-0.22680155078273273,-0.5922581613956011,-0.2824987914851742,-0.15416319065713202
4.445762315477498,3.3383712130526897,2.0824980927795016,0.9923922361546369,-0.054436792852174516,-0.8847785931052359,-1.2395773291214578,-2.085900467799718,-1.6518473079939304,-2.1451607964619344,-4.13646651147178,-5.4793876587229935,-2.985250832259194,-3.1646016332874507,-2.380088861607126,-1.920126132390814,-1.6245276870791694,-1.4161305722631834,-0.6314192643023157,-1.076050098967992,-0.995426494398462,0.6038948411970448,0.027049227761141697,0.7062035592057008,0.8728347677454001,0.9470565340530493,0.7536622944355932,0.4953990898756083,0.38573178757799,-0.06991536424789113,-0.17992282625059103,-0.5983569378567902,0.19350705842671187,0.49452463526780815
3.5883216478837427,4.008354421625176,3.5366927565684385,2.7415603310224737,0.7654239154469752,-0.6891483349364084,-1.1501097542459027,-1.2060094535415637,-1.107128882032405,-2.1481802996070933,-2.8546142862434043,-3.669618925553848,-4.010904122280235,-2.444401215461635,-1.9904883403574045,-0.8691677042131948,-0.5476091735668395,-0.6881166916070077,-1.1454985231362342,-1.1047402316380603,-0.34688264256396967,1.088806197497523,1.0275288970747363,0.7517720628803596,1.0565266807748601,0.24766210043807124,-0.04199864859372359,0.559866886376296,-0.005167106706188607,-0.48006224654814106,-0.3840841137033707,-0.2528682588645973,0.4449175154104519,1.0248536009709972
