script/wind10m.json
{"header": {"parameterCategory": 2, "parameterNumber": 3, "lo1": 3.000054539987559, "la1": 64.9999836372058, "dx": 0.5, "dy": 0.25, "nx": 34, "ny": 52, "refTime": "2025-09-17T13:00:00.000Z"}, "data":
[rows 0 to 23 of 52, columns 0 to 33 of 34]
-6.173609392767627,-6.444822145290468,-6.680359281635427,-6.887992639803336,-6.842492648987302,-7.1764589441798785,-7.2158750814105606,-7.092051879289823,-7.539428040450996,-7.667462077118269,-8.09150739390058,-8.006251815120342,-7.957950693674305,-8.307354447330868,-8.570477024546369,-9.033060038110607,-7.96638697187548,-8.2119113378257,-3.7273124794124106,-5.585021248133222,-5.487037542997794,-3.1542590653447458,-1.111566594372696,0.5641981515025146,-0.2313463161712042,-0.4181917164654308,-0.17458872032490333,0.2775535178393128,0.020615329895937246,-0.5154244999738004,-0.008294579701423575,0.02654510175973525,0.40194895415392223,0.5315797426103003
-5.553883503204081,-6.110110084912938,-6.476650365956519,-6.614019505459327,-6.887217406369612,-7.061468604810933,-6.8262891903206535,-6.90079730412275,-7.3985469994323925,-7.610591781354923,-7.804817046819594,-7.934864059131316,-7.771717783529272,-7.894255586220342,-8.685375410772426,-8.815169648895512,-7.444650145609456,-4.672996079607059,-2.922719774554773,-6.066332080162337,-0.7918582508517799,-1.7361457605803143,0.12803307045097662,-0.9980760635265019,-0.4221210705229154,-0.3803605578096514,-0.061677169798256416,0.5587603234304885,0.2121790034920716,0.35505501611794243,0.2305609289946414,-0.07457208155577615,0.10834600815256715,0.27528578362233513
-5.339652026408996,-5.835755729586572,-6.114908612391406,-6.368104831910947,-6.393103560422742,-6.486692686176699,-6.643388167547785,-6.562618425980997,-7.066292320341963,-7.428935808489671,-8.210669255483959,-7.5821017171657505,-7.733624867222628,-8.21036822706332,-8.526688674311824,-8.41084997415742,-3.139396814837522,-2.454586661638231,-2.503759096033867,-2.5113370213799695,-3.3999769730987603,-1.1368808686228358,0.3959478519505635,-0.47416643792373164,-0.21509686037671874,-0.4923168236479243,-0.057341281091869055,-0.1867422188144244,0.2272890818763124,1.3401679235206034,0.2683442302445316,-0.18862369452834854,-0.35182258866576,-0.12517036060451045
-4.478169847785807,-5.140243081185469,-5.299149253270835,-5.573510562010063,-5.790785764693018,-6.4931565655046635,-5.973890652674516,-6.582886343612578,-6.977959286409521,-7.286001508634985,-7.286510402055247,-7.763389404491459,-7.938377028411924,-7.99823266418514,-7.89294353475444,-5.059255377013327,-2.4340009616568983,-2.824239001273524,-5.9720004457468425,0.7268992279261338,-2.9703301209528004,-1.1018422355352522,-1.3635730924716867,-0.39934452819103666,-0.8391839287642405,-0.8328454734439295,-0.3031444032993546,-0.009027387228221245,0.21084023271084842,0.34769977585791656,0.25952632163029404,-0.004962482159378522,-0.0022944125228097877,0.6331233054733769
-3.9201975606428734,-4.461364633253142,-4.850897798055198,-5.150954719817509,-5.420254708575379,-5.65064210668026,-5.567996710156375,-5.870075384060836,-6.296246787262948,-6.652932443009241,-7.466864758004495,-7.791003233976556,-8.187762649126533,-7.747962062913632,-4.73985404923548,-2.88188617039964,-3.7022980794723517,-1.9090346619237364,-3.2932475252794053,-3.7399426575611185,-4.107737330382305,-3.924187363255356,-1.1963781040921084,-0.45685697826343324,-0.3261096581352707,-0.26430742327043794,-0.8709841886568093,-0.4128785807070853,-0.17907331543513066,-0.5838078708192959,-0.664943822251896,0.023252576282808583,-0.09403487651102613,-0.4444224733249111
-3.716136841754954,-4.626214693598762,-4.87756153757308,-5.450330059425761,-5.208318448752445,-5.704658925565134,-6.028975928311858,-5.7196407282435375,-6.140496948875582,-6.39914169099215,-6.832602878783247,-6.642108858120445,-7.197825521448654,-7.147474863067845,-3.62076146766203,-2.5880334081764196,-2.45713793780907,0.0550231100146462,-2.9830004067418585,-2.2035793623135747,-0.9405807462579826,-0.9635839611733038,0.3158809712984668,-0.19689708419205781,-0.3334225392273677,-0.15688739312659125,-0.21174569397501147,-0.3367027441107426,-0.48841309638112396,-0.699702404294034,-0.6912189627419375,-0.650318381610783,-0.017049627450629164,-0.27578538681223963
-4.438740967095541,-3.794240955361727,-4.110906725448566,-4.579285251614065,-5.900568046135421,-5.529171000052665,-5.552629445074396,-5.708300731373029,-5.505998401731105,-6.230544328783079,-6.389704431464642,-4.422706015760926,-3.855667169975975,-4.209416633390759,-2.780616655001215,-1.753720603439462,-1.0211489833804477,-1.3795662805285334,-2.8962079718117275,-1.6704299117939705,-0.9054381389100343,-0.7415489299498529,-0.2872340144811742,-0.5244197446744312,-0.04387310806315626,-0.08592420884474326,-0.5528477709684632,-0.9283372584230772,-0.7163954133556403,-0.9947159755735696,-1.0501560701001185,-0.28266571593934364,-0.3723216167631722,0.5516414718552572
-3.547097340322514,-4.122128683680996,-3.9658315774352895,-4.222249040411785,-5.2007420240855975,-5.23294248605174,-5.490127709476624,-5.693599940938481,-5.240639677698585,-5.543193538623978,-4.194542109456085,-1.8730421704521192,-2.11253653430642,-4.667147601314323,-1.5555326701013727,-1.4722464249724962,-1.0393009359928091,-3.3442501488796434,-2.3084423247040293,-0.6571803594488018,-1.9434665438376686,-0.698226266699673,-1.0129279740229986,-0.7986730399222978,-0.5542784612025198,-0.2975532931583444,-0.39924364522254285,-0.8987487159564376,-0.7470173049418728,-1.0962488040013927,-1.065109238388063,-0.883554050694792,-0.38999891819742577,2.7864958514430005
-4.7113831010199885,-4.334460856733605,-3.521968122023965,-3.688745880846032,-4.722521651993416,-5.044946170218954,-5.688217583464339,-5.974227138271751,-5.19332794354244,-1.7032045552865427,-2.696518011146392,-0.8654416283323366,0.5015474534534471,-3.6260653687813056,-4.0477604623305234,-2.0965893760460816,-2.7196001475426237,-3.4570694278641927,-0.7456259959839059,-2.411136331107087,-2.966470493181409,-2.4424061085100077,-1.1363728172237813,-1.1566873483342501,-1.1782168824144734,-0.6267994898643897,-1.110904976867254,-1.014348811976931,-0.8478253977338346,-1.2113125819110955,-1.114292451993102,-0.8534822204284054,3.9234807927535496,1.684201732050153
-4.3042609896853925,-3.7520126490448362,-3.595715939514814,-3.6050251281586214,-4.528213517676891,-5.120029158585797,-5.269393099365305,-5.080114309214904,-2.4564056285844527,1.8202915513175433,1.3795136465870184,-0.9845321187603997,-1.8361948125802805,-2.880874285582383,-2.4467697268089377,-3.1432705764071778,-2.118083270763336,-3.1688775749452107,-2.1196674412450225,-2.246147172755439,-2.3614622784201282,-0.623307952648927,-0.6275662523668109,-0.9996645053001357,-0.9107361092993107,-0.7847104288834018,-0.8508806263491572,-0.8851690785216977,-0.9619641049272317,-0.8970011378431971,-1.1682166712544868,2.4352175138520002,2.4296159696528528,0.18179062686181083
-3.6466388083860757,-4.8141106851114674,-3.8196072863775994,-3.451803235482313,-3.631058119045377,-3.6892606592623944,-3.199659289727447,-1.3405033489651843,-3.228997524098182,0.17816877859497063,-2.6715099803486746,-2.426146340540487,-1.4051889829746964,-2.6913397155374343,-3.0768083801707897,-3.859612089476754,-2.2781086326679914,-1.4788762362833283,-3.645892633483486,-1.6193061425269784,-1.7698733197022203,-1.4791768794887148,-0.04168478067096831,0.8005489888632782,0.4068501973499054,-0.24021429010355058,-0.43302871818543315,0.15441481113707498,-1.0044465744463422,-0.5557893790217371,3.3488870026868396,2.982354180227189,1.5963668332256837,-0.5984217608809362
-4.242791144838291,-3.4034305798019133,-3.7625599098476448,-3.3507562612755164,-3.274089052114046,-2.386408227561679,-2.5875930383090724,-0.9194514798299668,-0.22429283048160423,-1.2335796486116979,-0.40565164902781353,-2.471818546699863,-3.601642771904665,-3.044181356636303,-4.512184040273981,-1.995938075164938,-2.7106960863755267,-4.423162258273962,-3.5970633796649247,-2.354435925807091,-1.8867420517971905,-1.4931853018669283,0.0761787402280192,0.45548390403165867,0.46756088768048765,0.26533665855912736,-0.7610613700529637,-1.0902872705926046,-1.1359880715141846,-0.17563023073930661,3.6263572097477237,1.7137398679429052,0.08851856427550983,-1.1992385603304367
-3.761348480816036,-3.6789868619116017,-3.3159257895331185,-3.3814034174046377,-2.508917093340634,-0.9597542757024222,-0.9976108111303325,0.31276560470301523,-1.5438159254092394,-0.04395836186269941,-3.9531080503555986,-4.659662974002687,-5.16224106847581,-1.8774254832509458,-3.0842457737918187,-2.5062131764560274,-3.1340488504758452,-2.951913355194823,-2.2307320233045282,-1.4610700313793643,-2.1625316562848433,-1.0937631748351861,-0.041292096819303944,0.09189715072874119,0.1464767862833268,-0.6228154668806528,-0.15126289087523823,-0.8812608477821905,-1.2686878814249394,2.5799793848356902,3.026904558456072,1.978045160203255,-0.19307280003953017,-1.1060295884061877
-3.283807165766012,-3.973669168005575,-4.395673383997962,-4.284171367108503,-0.7288191977634896,-0.7072245805485802,-2.4593861664878296,0.2169631317354162,-0.1886909581486208,-1.0086559452925579,-2.570343893171764,-1.1410874902844874,-2.7400734998671137,-0.6646111317517243,-2.5410107274616465,-1.5923957260452624,-2.894648056106337,-2.006180635803946,-2.197556895473364,-1.5033978133435246,-1.4200375156141818,-0.8164378445572145,-0.5253501483643725,-0.6513220807632452,-1.121940264303655,-0.8842035000854724,-1.0358994228381297,-0.687509775320372,-0.7116127564341659,1.9497477273199408,3.894980872317489,1.9134771478480883,0.30044600948629474,-1.1527237288849796
-3.257226087678187,-3.7107741943168686,-4.232333095700513,-4.908446472040521,-4.15864791093186,0.20412892366012486,0.6171214124862602,-1.2342188487575774,-0.35504117775441596,1.925171272422444,-2.2106287201029344,-5.362223169056639,-5.506992647444606,-2.46169325113225,-2.534492071198111,-2.2724907910264367,-0.6523738222481769,-2.179685983085939,-1.9125248278164022,-1.8609685752229155,-1.0326819169643116,-0.7625702895091078,-1.0597306990924928,-1.1336272553833493,-1.498239606283602,-1.410837023278472,-1.0208408438515437,-1.076819327233836,0.370927864099453,4.227509855941165,2.2288155969853682,1.7261173875159908,0.5641684402249826,-0.7834441393835634
-2.822692847167542,-3.9212435714608835,-3.9383814885958675,-3.8491014231982876,-1.9263144700959238,-0.28579345212690926,-0.5761015153064969,0.23856711687950177,-0.005499174601627384,0.23778573693083935,-1.233766514851348,-3.9803641543479023,-1.2653886016777565,-3.8998570122717835,-1.7764908048108,-1.7517594113238126,-2.837486822666323,-0.5413482058389195,-1.4410962706598927,-0.8071533350021778,-0.9805310214904085,-1.501864951259659,-0.5916882835077568,-1.7830358540202649,-1.1228850075201324,-1.267883679825608,-1.0699554579180512,-0.9084035839446749,-0.17918555588577367,2.502918073728357,0.8388763281724282,-0.04259369265857036,0.6196094439057431,0.5593879370448168
-2.6100728347623106,-3.0290112511545644,-3.7340184062803305,-3.5622680099633706,-1.9531507419362657,-1.2823134002897676,-1.0028409745001712,0.87213858319263,-0.2719194769382559,-0.7450828990794611,-2.0703976840313256,-5.9742238907555825,-1.4514080489871464,-1.428246788659022,-1.510659049238002,-2.2535885805278313,-0.5948214118983668,0.95911143929807,-0.48899194601730667,-0.5828130580042192,-1.1135061384735914,-1.4012698293004973,-1.3223291737040277,-1.3993218119210484,-0.8952100148394895,-1.2972056350021772,-0.9140441307987823,-0.5288913981174997,-1.2155689453355008,0.5775817918267724,-0.30622563897455957,0.0036220219883596376,0.03740696218101343,0.1846862223865257
-2.6050320407926004,-3.250336703485258,-3.219505297351334,-3.4939835888171658,-1.7241604462991125,-0.40494390395537133,-0.5324493871571206,1.1470483981828103,-0.639693271566071,-1.7210992480090603,-2.5818738667491927,-3.224339111722354,-1.6367368252908943,-2.208248898805725,-1.3624682423186891,-1.1016623915956545,0.2622623317034036,0.3290121335660073,-0.4979526365055773,-0.011847906645491792,-0.5652883272213842,-0.950109228169797,-0.8975683512607242,-0.9717812128559011,-1.6432874405431668,-0.7817478841782568,-0.453199036037449,-1.2591587908661792,-0.10603164411410768,0.18248006463905087,1.7104073712886851,1.2032302195400977,-0.22627485003306008,-0.7788904840962938
-0.4242266525353646,-1.8746740500162282,-2.8687927214432203,-3.4405459503890783,-2.101974959138511,-0.624294515863973,-1.0090300346236045,-1.0822422579022695,-0.8346953925226013,-0.28715831553370014,0.06192431997265384,-1.8210775374893866,-2.2142124379473382,-1.671736289199865,0.25900274368875337,0.8681959544004471,-0.26042007705368914,-1.3634443701046506,-0.8269329342284003,-0.3828836456163661,-0.768155871824465,-0.9106595301076365,-0.6920561363752906,-0.972858830194475,-0.5529269331684311,-0.896823821967827,-0.37734196010446713,0.030503561049134688,0.02207013470700455,0.7291535777720879,1.1420133167989381,1.6600343895374101,-0.7082444772508476,0.9546008099767708
-0.9636698210171175,-1.5080394832039794,-2.359527058895774,-3.188858731554692,-1.9569867548019035,-0.785049771879233,0.2480197456809578,0.21611877678042465,-1.5379267529296399,-1.3519098757697965,-2.180402850675783,-3.348353052421974,-1.0167407669914965,-2.6357791926835303,-0.9811099996140206,0.11252812739095157,-0.11830914601860505,-0.5298038118066344,-0.6012946365479497,-1.1382803568615731,-0.2026562734104365,-0.8646128553601019,-1.107262614741093,-1.258870449029009,-1.1641639261740284,-0.8376612934196677,-0.6660440094777039,0.02487596397115138,0.471628347109096,0.5083518910506146,0.6409639984643614,0.7707549136951464,1.3309154059584292,1.4885226301606547
-0.1683285925446784,-1.4498296491290097,-2.209138446058308,-2.3520193204948625,-3.2325446706241707,-1.002290067295939,-0.12228662804621535,-1.484444782721128,-0.020764236157598353,-1.4535934956103993,-2.53621089745435,-1.799103951998927,-0.9019795291082586,-0.44615692496677545,2.509822970258443,0.015349320120709825,1.6633409983134808,-0.1841587791010104,-0.5564565480625842,-0.8759415861126781,-0.6955366224849584,-0.3700076337044275,-0.9253292087051223,-0.9043576775608647,-0.7634677376036212,-0.7687360547913695,-0.4461342404250835,-0.38455763986048686,0.10129335211309813,-0.3911193849954446,0.9159656885999634,0.6189412238437619,1.6719352835182633,1.532220612400609
0.9337112276644838,-0.5735786980497979,-1.6595790408116025,-2.7663889613623414,-3.096615753318486,-1.1127310778503483,0.9213734370800439,-0.50854088319453,-1.8375403831531087,-1.1758043364630597,-4.263223011100322,-3.347794962602656,-1.2721406063009983,-0.8286481452027836,1.0068549617258165,2.0937198952646106,0.48639738661707854,0.5098679611438358,-0.6288242868827475,-0.22079641002942602,-0.44936120245080946,-0.6643828118985213,-0.7850065601393761,-0.8883480702804004,-0.7388152756777525,0.16275461330446706,0.1045310885677931,0.3712769594511754,1.1514409049301548,1.6320335306993305,0.9904643642398266,1.533825784053956,1.0560317556962588,4.3917884176870166
2.087745599725402,0.32227677526327947,-1.2723034107267308,-2.5323146833997545,-3.3519607486797263,-1.4057550565491346,-1.4197558490560067,0.47985464017268414,-2.219098712809263,-3.595665903988329,-1.7311657415531625,-1.441959733700282,-1.7943515156402718,-0.1482812367105376,0.6756412035891572,3.570398731392178,0.44674189787659574,0.08489275876433494,-0.29841172377076225,-0.5980945559178371,-0.8385925339587393,-0.3449622196858228,-0.36846519412550754,-0.041967648156847503,-0.4149959006319159,-0.14492581014517983,-0.345800886134928,0.22401110634168425,0.6139841028764491,0.9131712410273204,1.1668253434116984,1.6682066827004929,2.1590568623354334,4.145873754401325
0.8937759200048635,0.3379777720887296,-0.8520190437112093,-2.137651067590294,-3.095146054437171,-1.5245044419175913,-0.33532789902733656,-0.4596264062228239,-3.6077631074942693,-1.0860966976409943,-2.0452928128024386,-2.3193445431092607,-1.1207397082726336,0.4632526551236532,0.7341187328590602,4.123689633599413,0.9831150509857375,1.2363902678000496,-0.1323075911478087,-0.4200073777793377,-0.13520082789298582,-0.7351937176261961,1.2588466770991025,0.33450258458258547,0.05645642218732849,-0.5579623519259458,0.5161349275570338,0.5175948264636838,0.49391799237898754,1.2800168690852214,1.5977436786112122,1.2120125977756993,3.381972957597559,3.3560289565943293
