script/wind100m.json
[{"header": {"parameterCategory": 2, "parameterNumber": 2, "lo1": 6.000198445256149, "la1": 58.999992894266676, "dx": 0.5, "dy": 0.25, "nx": 22, "ny": 24, "refTime": "2024-01-30T16:00:00.000Z"}, "data": [-4.311255244133143, -0.3690102473708572, 5.400965102053666, 14.431506779737857, 12.157402797193908, 4.817633988373739, 8.832055910386691, -1.68206354699497, 3.9912836478023963, -0.1495324930992482, -0.8758699095341868, 3.465209552077208, -0.4410924775894327, 3.794481790769953, -2.2909341841545765, 2.380132945946409, 2.5592120627294506, 6.855245197885374, 3.8932659320235268, 1.6342362712226106, 2.6894395935644972, 5.457499413275182, 1.908509799413043, 3.104757508449844, 2.513345576173026, 5.615219275439376, 9.504761675506803, 14.23805182067455, 11.75516049630354, 8.867795180615818, 8.949156337611624, 8.134485169569459, 6.578684319475403, 4.967490667685649, -3.881315552562399, 10.00660008064975, -4.817453943945411, 9.582601259088962, 5.482147225417157, 0.8106756203189374, -9.55136254406745, -0.7181924874040071, -9.369891776036178, 5.324613698810336, -0.1398679693699124, -2.4655008722270657, 10.243094514320978, 4.814821426239289, 2.9420085994632172, 1.3863030232405456, 1.2059606552838493, -6.82653211307661, 1.6874147464488767, 5.741757786525156, -2.0054884420668, -7.020343542212332, 3.663744189539129, -1.0516983356005472, -0.32110898309363894, -1.2821155833483788, 7.85594153218681, 0.9382053332979438, 5.757854989670951, 6.279497391226797, 5.244921289424629, 5.762397243660821, -8.250442137667946, -4.3516448907397915, 6.378076479467107, 1.5058985702399943, 1.0725569290623584, 7.296562479681643, 5.5542815459535255, 6.29454572072798, 5.8732803082416, 0.5089860981771436, -7.610037065622812, 9.587393203532098, 11.807441601739336, 6.537010876568749, 2.9601815976, 0.5339370605992958, 9.266286219102179, 2.3164116113660715, 4.711002714364837, 1.60399043303033, 1.9853591263054426, 4.397994191710717, -1.8644817903071587, -2.1482208614248144, 1.5190502676909527, -1.7624222598197263, 6.740944234644362, 5.9676753552138955, 4.246267205270024, 1.5654149514444726, 5.027148939606171, 2.4326726656882696, 6.655956069734399, 6.584274313130452, 7.803144521066417, -2.5821069162700607, 3.9924830679002397, 8.768940236041963, 6.832500915685444, 2.761682518308526, 1.0862906790309728, -3.2392261816143217, 9.310181444428444, 8.176419841142767, -4.815958666319206, 8.838631512900559, 10.388712378483683, 5.534319367984167, 3.9149494180608264, 11.582084125730251, 1.6681456937232386, -4.649336853426846, 2.077287351002123, 5.854313233424432, 3.112519282127266, 1.1775103829352043, 2.854441983329039, 6.898565927415964, 6.004959770209477, 5.489669483861976, -3.0858387592823835, 4.710035624711522, -1.0309500523878352, 4.667663551922466, 9.418469104898136, 4.285228293092255, -2.721921912936767, 1.0009017711550723, 0.6327265395862092, 7.782112887976704, 8.412944723192371, -2.004092767979413, 3.7026581358548967, 9.859778772356105, 4.31118243759634, 2.25242056791335, -3.6126914518977236, 2.625693084726771, 2.9258445291081507, 5.2674015082917816, 5.8405449000048835, 3.977502088184678, -1.5928429906802815, 5.054578066186041, 7.533429947451672, 4.021390684134002, -5.822482340369449, 7.430676983450232, 4.062386304632, -2.959873241861706, 7.04674003901435, 3.8245264838288375, 9.7346632629473, 0.9241863819000823, 12.556686587345686, 1.559255725841281, 3.942475768408972, -0.675838529227381, -0.5672507527338821, 6.302783431619891, 9.887919936886387, 6.310189948390865, 3.256780136914367, 1.3746284899437564, 4.137127953577983, 4.566064568720742, 11.071762630842578, -3.0702153988399012, 10.733829658665702, 0.6618207115303139, -6.040640187864489, -3.349451330130945, 6.1405132442858195, 9.351765303980592, 0.23122456453830703, 6.95496692846744, 2.17545532824225, 0.27977829525150205, 8.91758269888254, -5.040152430089108, -8.916397699081143, 2.492469242373512, 4.275882126148994, 5.5790123244264755, 5.870580140926919, -0.6674713991638973, 3.6498536392349723, 2.5938215742873787, 6.069145867366229, 6.783805936348653, 6.013765339154017, 10.742641253275655, -1.8853790114332587, 12.20322229631094, 10.563744478467681, -1.8708268998615722, 5.58145926593738, 4.450516233786087, 1.7989876825433506, 5.136039696730178, -4.977939770459887, 10.192670005807077, 4.4849026338918945, 6.161727639526232, -0.305093631142951, 7.532741209911235, 8.413072790679928, 10.149018039042712, 3.000113876206727, -0.6275237313021604, 6.633844119049302, 5.46513260379366, 3.2008651877438195, 10.444126737558298, 0.2113882183372215, 6.285396054942291, 3.7141816778682415, 6.106359005816169, 3.4467712275431093, -0.6645963172643603, 12.507837462589409, -6.145340641537738, 4.333579143578915, 0.6975455988786117, 1.0417265249817975, 1.491881535781443, -4.465606648948512, 4.818789006152668, 1.7575184991040045, 3.800773079314297, 9.635587921025968, 3.9700787469539836, 3.7021544128093358, 1.5172582770209437, 5.002571404485769, -0.1586982008566037, -2.8808222401366907, 4.368138253424943, 9.02880918547252, 8.857077446415179, 12.147349816826184, 4.475735018756819, 7.169014166859178, 9.956338348561, 4.162908818773004, 6.536119141042506, -0.029369124915740518, 2.335823248376813, 4.654419719049255, -2.780991893017745, -2.267655056464486, -2.0304425361132084, -2.216908870972522, 4.201287470383224, 7.520077495569925, -0.1601970551341995, -4.402621974860657, 10.839841630249719, -4.959386482759258, 10.932721421083299, 10.801795222043136, 1.4682755631611362, 10.170098099006093, 5.92103169392228, 3.839229647599315, 2.563005415378012, 5.718557664235241, -3.1433667579273785, 4.570799367494516, 6.0759749335832, 6.724443304697819, 4.197188270578438, 0.20846994896265614, 6.39766136227286, 5.3117355869628256, 4.100107042626061, 3.591419302091037, 5.074565660639429, 10.933827176425403, 4.643726038173031, -4.487692932920935, 6.904486400584954, 4.597379689640646, 5.761202833671701, 2.672979722385183, 9.302239790220241, 12.009973390080976, 1.8038449433301647, 1.2734820687998412, 4.665978750262208, -1.3239801945199117, 6.306772800321235, 8.703828698604344, 1.9000444899782862, -0.45130852586657527, 8.407090995725374, 6.555330902065039, 3.3457093717676085, 6.423545973863915, 2.1560422912710195, 10.72793096574026, 5.400302939128325, -0.0368109619110217, 0.8722735021202819, 11.427012045222373, 3.3096919275436645, -0.7244932065805887, -4.966055915460679, 3.3089652449620783, 4.050457284809892, 13.277999591327568, 3.2267880053621547, -0.17786281110777954, 5.119037661974569, 2.6315778985681213, 6.405366802392858, -0.24634961263625424, 7.241179464043063, 0.7567128770127836, -3.7451107408828426, -1.4426980535449019, 0.10024576668686584, -1.1730601199096993, 9.539027947965302, -3.052089438765213, 9.595382706995332, 3.8105898558512066, -1.4510697086017972, 3.620225774680364, 5.878161810525547, 2.6369946637735486, 0.6543080434600749, -1.5745993381523977, 5.723167162569804, 10.529234794946774, 4.131444307624043, 1.0701074475220387, 5.62239343726019, 1.5101560045867157, 10.41651208318035, 9.26797005238056, 2.8116596883692164, 9.501854106119472, 0.8365250322233877, 10.23957508165123, 6.615693762827812, -1.2825682071629423, 10.958850658385566, 13.184647786919045, 3.9414152953692936, 7.302756512995404, 7.851537577706852, 5.557892648902228, 3.8934758366051745, 12.143300012319255, 4.139063464681441, 0.9218241968285908, 6.389998835922942, 13.928008538714993, 10.738966535719758, -5.442087074538558, 0.9541047869352668, 0.8004822948107725, 3.613135935281875, 10.201636173448232, 0.9157363209000815, -1.9624549013657935, 9.662933360184011, -5.636831191908314, 8.863953195614233, 4.283596889042167, 10.972715952237802, 5.12390589507888, -6.228660414613235, 5.962506524403206, 2.8663154781318956, -0.5045780814696765, -4.650259974703394, 3.3186011438070957, 3.697387915119175, 6.441431747133872, 2.9745111215620277, 0.6673842431105005, 7.166503227932002, 1.992017246399709, 1.4464253234004927, 3.7258286196938264, -7.2962348291875685, 6.908025471571628, 5.759655668564096, 0.9029189192200633, 10.500826859546429, -1.0574604629787074, 9.998307370926625, -2.2925655131173337, 5.931352836459733, 4.14315130294932, 10.565451446057065, 4.802056839477821, 4.832035041143906, -2.2660934341532784, 9.309762316091398, 1.5608126607312696, -2.5122518935983913, 10.550906194451779, 4.902397502727832, 2.9099977320316164, 6.12221193406853, -0.9167071179599117, 10.877505598568405, 9.86191844541076, 4.4917081184428485, -9.084906701721831, 5.111040864919551, -5.982822771207797, 10.701540041445508, 1.9811404849441245, 4.7581231871859515, 7.746515505789191, 9.518016740755945, 5.777722035240534, 8.63892297715334, 8.523555938116628, 4.894594927290271, 0.25927198619794084, -1.1698941743702844, 1.5056804749612924, 5.186060588492675, 4.626812863575149, 1.8978817931782554, 9.512505921122079, 9.65777589055123, 7.759263227901759, 1.885494818496542, -2.2212171643556275, 3.98267396645929, -8.589450245306981, 9.749297965384425, -1.1022426319971554, 4.817896217721787, 2.9374747186932835, -1.1185504991282553, 9.164981135261906, 1.6228290364920999, 2.8504984457566156, 0.5602528955847157, 4.292975815564326, 3.238597229823766, 10.951991540526215, 5.280201585269446, 4.484112785829447, 4.0286332864642285, 9.296116920931254, 1.6093211274929535, 13.965688374427263, 4.809408660589138, -3.272436783142832, 8.515740072094205, 5.293260848497662, 0.6562450438374802, 6.532205729746993, 1.2139212003069009, 5.592671012566693, 10.12628395642968, -6.507252076224301, 0.437608575534679, 5.1614117314716585, 2.0553737960626255, 3.8948970334204116, 6.603029822133686, 6.093146718212029, 10.347088833591428, 5.052440379494691, 0.7445700406724775, 9.442534818531946, -1.285574818816511, 2.913333558878693, 13.158935127365451, -4.136008423312487, 2.379522402643595, 5.072501476528333, 4.2392467889972805, 1.3618649343400704, 0.40840907169808094, 1.0626014359688791, 0.06373127743023393, 10.269397412004475, 2.3836036521742456, 3.920608992935893, -2.548640698331447, 4.357566124609551, 3.915762229837271, 1.4802898698778246, 13.892160545750526, 10.635522981193335, 3.385364987069773, -0.7147398795257363, 1.98860559372294, 4.687874424125061, 0.9412869018077776, -9.255504604877768, 6.5917007875415115, 5.514576078388625, 6.738813539395609, -1.9233492439201885, 6.249180608532942, 0.29654182667263274, 4.9628085952316745, -0.4788544797327007, 5.848990463778748, -3.4452320823067506, -0.6532034072764339, 0.16335871103999133, 5.458656896736404, 9.48936248432229, 2.5188576266111893, 10.860564702408047, 3.8370916877598296, 9.450058922475444, -8.589559697085239, 6.366458323691197, 5.225143581924858]}, {"header": {"parameterCategory": 2, "parameterNumber": 3, "lo1": 6.000198445256149, "la1": 58.999992894266676, "dx": 0.5, "dy": 0.25, "nx": 22, "ny": 24, "refTime": "2024-01-30T16:00:00.000Z"}, "data": [-4.175546169962952, 5.179003779105314, 8.18192940174305, 9.980964769574625, 12.091067578871552, 7.799557099292275, 8.460125667845087, -6.303735438362984, 5.929761409618412, 5.747947707320438, 6.907028703570071, 6.711636709091893, 5.4926486711333125, 9.255254785655755, 5.911875286903776, 3.8436632506484627, 4.660449001101985, 6.969063306394114, 6.637277389686378, 6.479556315764766, 11.025783794997718, 5.868548919682034, -0.17196015934699463, 2.8786920552190147, 3.5767018113906572, 9.068577588268319, 8.01540844886015, 7.918169731365408, 12.30446902515709, 6.90362989747349, 7.9879143264558286, 4.361280666422517, 5.590203989756785, 6.721422638375226, -9.421541128277118, 8.629086951047064, -9.177927462389352, 10.210855528583382, 5.3873954922231935, 6.919193687878534, -8.239779431129422, 6.6393700728880685, -7.287911620550402, 7.089103118396096, 5.130737223037376, 5.693611675928028, 5.538264760245533, 6.815226116529904, 6.157955637366355, -4.912956316123069, 7.417413344015597, 3.1760232329267906, 7.4820406023535275, 5.6758506396999895, 5.667961014176286, -9.564627381441138, 11.523608729890464, 6.510194429746461, -4.508399196869249, 6.340058243525732, 9.217131936662659, 7.129061303376453, 6.829625591378707, 5.365789311528565, 7.965072606116694, 11.019029225817086, -10.299665878805621, -9.15129812420549, 11.111549023667434, 6.451070740018523, 5.768641333096509, 5.013338253574313, 8.009297116920802, 4.688801447345197, 11.672548915264171, -4.607678381799505, -7.612935710123114, 7.531652427942079, 6.682996112989318, 8.755712628317175, 7.478714138244834, 5.145645186506696, 7.5593184209781885, 6.612603191828789, 8.315029684578649, 8.443092523168662, 6.723228866013314, 7.070931460210822, -0.6001263615166821, -4.404090303302707, 4.574031874275349, -4.666025290532002, -1.7284879377934836, 10.905866537986444, 8.297286603323107, 8.121990343619657, 5.545422689732262, 10.900968992130295, 9.180796742474406, 5.055017224627035, 9.047928898812783, -4.647689014604431, 9.222737326310043, 4.9326714472377455, 5.194431562846449, 7.187305014473429, 9.579963226437618, 3.6266202950460027, 9.038648642953833, 8.464035748712936, 9.521293776135721, 8.181695852102608, 8.046507626648033, 0.7895994425176854, 8.764770429582489, 10.289621051424051, 7.860076461892387, -9.572030518376765, 5.269471925676704, 8.695246896762738, 3.8647871468318273, 7.5990399227952174, 7.208552228453322, 5.663871361244654, 10.37527720665, 7.349543042541056, -8.824852110891928, 7.834902499592576, -5.241505799125964, 7.853491214339639, 7.242240427096307, 6.029981558233326, -5.1760627573711995, 10.565831612377213, 7.293130627042809, 1.1742519424838331, 7.4115782598079125, -5.039475039251558, 7.579648023785059, 10.617483002686718, 6.998521112423238, 7.743763751663537, -5.341482446891508, 7.517377642067036, 7.3493482268682175, 6.758988720833934, 13.188209770234693, 11.757155213652542, 4.264002360517766, 5.420947092355421, -0.6722287023474329, 10.226485274754001, -6.037066938943699, 9.243268949020253, 2.624569071999955, 6.948192770398308, 6.876253327394698, 7.215194234909568, 6.432402149511858, 4.827365943502058, 8.164562140632713, 7.58743317563739, 13.371992139507954, 5.827620431976885, 7.20523619736935, 5.873285289315501, 6.45086788965008, 8.315397437006158, 5.183168832243895, 6.855834889830977, 6.969383313049407, 7.6460498419613945, 7.0145017641467025, -5.707938744952455, 7.751891151771696, 5.962592471427539, -11.121619228132266, -4.659237853735798, 5.18823377636286, 8.88664019927199, -4.121161067451689, 7.197007411881034, 6.963778715136187, 4.315027877149783, 3.1351002231172505, -2.8167520890405675, -6.868616868343596, 3.734674356805896, 7.665939547396862, 7.195374773676807, 7.832797259999192, 6.177321604484592, 9.252369094550302, 7.409419941359152, 10.852953733563835, 10.898468235566835, 5.356978013367789, 4.668489306601957, 5.076771337340549, 11.974727730193683, 2.6839251552982013, 5.892572661343221, 6.457746049719411, 10.464953976323946, 5.556347444987614, 6.673330763140134, -10.800723541543102, 11.231385014495295, 6.601658657777162, 6.487556386907318, 6.436636636732477, 10.977803035896954, 5.425912592937018, 1.435076462129069, 6.24954154645262, 6.460894885955725, 4.961833412251112, 7.878996855624025, 2.86839732164118, 4.023315643475401, -5.089645572859413, 7.478094928737452, 8.42345544445552, 8.414223395477126, 5.61569016137868, -5.970374433901888, 7.860326559477899, -10.363839158021802, 5.874097977076564, -3.7182913012521634, 4.52526036725064, 7.6771263491047605, 3.857617170189613, 6.859890270057673, 4.730507791967598, 6.870411965779806, 8.708400451311721, 7.193655754949373, 3.042335093930028, 7.280847622649007, 7.77955549859107, 8.105330841118462, -5.463835769604857, 7.357886115758383, 8.01876377761157, 10.144045287174148, 7.282156073221918, 12.498115821609888, 5.334191167715303, 7.709319063954962, 3.519775579549823, 5.077211138930148, 5.0279358117418305, 4.1051609181298065, 5.970661155570895, -4.068430483469612, 6.230593083175174, 4.9679617332432, 7.036710193268358, 7.050099534621634, 10.770558667104781, 8.00718291785693, -5.908931237900483, 8.671402884988089, -9.488449789881399, 5.456322805955483, 10.394376389504975, 8.771058815466557, 8.706637876564798, 6.68964529090785, 6.47674055356683, 6.51634661762974, 8.326188320941384, 6.390998233855633, 7.230012432912666, 6.502453619211378, 5.617623483170318, 6.324674157147734, 7.448066498757, 6.749485578704083, 9.35133102725783, 11.498101926596858, 11.194933463098272, 12.593151691683786, 6.447141924075578, 5.6359482151406155, 2.223058616977959, 5.634077399300168, 8.110976843568421, 4.5071846890675955, 6.724569463412053, 8.957264481682657, 11.927414355868086, 8.553769019941274, 9.504380265874168, 11.333123033630109, 4.9351017005779285, 5.298178167437911, 7.763163242541154, 7.40968722562528, 13.292730106385996, 6.894177414421139, 6.969055844498389, 10.754318815869366, 5.825242219030196, 8.802362628598726, 10.599498278657753, 5.955314936085791, -4.201807244897366, 5.146597614803759, 11.731963403784855, 4.0447522537148375, 6.820447567415223, -6.333755738728573, 8.026673725348024, 6.289293829608958, 6.2677808977341645, 6.5141084968690155, 4.9002718677995025, 9.880058268877976, 7.848274468844353, 7.06437514133454, 12.890712670221632, 11.168761698930677, 8.681217409594653, -3.476412353528452, 6.807397308071886, 4.3344631146658115, 8.29856725619289, 10.184386303662967, 5.524025015102645, 8.037357661636218, 5.438228682707726, 5.637466547358793, 7.31690623558054, 7.1345311687834325, 3.4825099281600336, 5.794828696805177, 4.258499613148915, 4.960273557309798, 10.226062632243394, 6.997848043520784, 6.6160629041735, 7.7249688141151855, 9.91848657877015, 7.540838537757379, 7.135091648415099, 11.112796483765138, 8.888009015330587, 5.568546555935333, 7.7732014628198325, 7.254872525839347, -4.794364933906012, 10.489153796481437, 5.731113024484639, 4.567605336497985, 10.046286594750736, 7.344253870919662, 5.849157731364524, 5.691833108057528, 11.481022440942795, 6.7714150170535925, 6.147270726371965, 7.2102532696513455, 8.022352386649816, 2.5245688973792486, -3.666960361862634, 6.746823923329928, -5.592006474298864, 7.80050577410955, 11.129329295948656, 7.021017955695777, 5.163587843012535, 10.525060132360428, -3.7819928445076196, 7.63621335036782, 6.165204521428437, 4.4948533304822025, 6.13672124675319, -10.642144222629545, 5.456376309041595, 5.64673399019281, 6.522837409112399, 3.6329898725543655, 6.707778143774524, 6.020054623395601, 12.750313762451063, 10.425404916736944, -1.593603105864331, 10.184936554957526, 7.571065001581873, 5.4368787976129616, 6.680992897040776, -9.526856829894527, 7.290591233443324, 11.187953082715673, -5.211177859180461, 11.463814741904873, -3.921231810164717, 7.741993460357316, -4.669330950565882, 8.73042806666879, 8.108949896699315, 11.757469772488129, 7.312009986451133, 8.659891198822665, 6.792883531099543, 9.09604865745141, 4.981337746385963, 4.838160143971714, 5.09050890152643, 9.069443018682906, 2.7645391857740678, 6.684580406067802, 5.965018987200412, 4.430700527848687, 6.409340060474984, 6.742805566514012, -9.201550921174919, 8.51624940028552, -10.589228370626744, 9.623093455589459, 11.274616432794572, 5.015943609449464, 7.850653351996245, 5.379939528108537, 8.43161033687227, 7.028249983290652, 6.019312030921587, 9.125343645562907, 4.832353711947158, -6.033173661828028, 7.922726305398866, 9.049007829813897, 6.91588487500612, 7.876437161984176, 7.111208736363341, 5.848860151411907, 2.638840052185002, 7.68943108642369, -7.6321550409916945, 5.095228846144344, -9.99536936187271, 6.665856916080289, 6.942113928264559, 5.565012235870539, 8.229405869835468, 6.561096541804824, 8.54912863101402, 7.209055123542796, 6.735287861552416, 6.583792638655551, 7.014977541821666, 6.818007102204918, 10.806333363996039, 8.352708757305443, 6.077391841232949, 5.539792928602694, 9.92787286807223, 7.534997066289866, 10.077382538915417, 6.736175039561674, 4.7451141719731655, 9.890236683911375, 5.602487495386138, 6.709047404993398, 4.963602480226213, 11.176173571034711, 12.548664181607096, 9.369103820008151, 3.284366094636336, 4.56444954067437, 6.607520603557075, 8.795611693034028, 9.220832251415304, 6.010415225034065, 7.806179926623864, 5.874007954519442, 8.900251436008235, 5.0361033331218135, 6.907881230435655, 5.598967506582949, 6.9900829036423175, 8.493095456605289, -9.027708825888395, 4.541697841047735, 5.575617991718418, 9.464099461425562, 7.267246287473695, 5.165791571554301, 9.504611596142343, 7.627618928330711, 6.18778320312665, 7.218754096213109, 13.116931567452042, 8.520376134405954, 8.25506810614634, 7.573735690313547, 11.29307109807984, 6.201300395733678, 9.81528540060331, 7.556136721226227, 6.609037394734252, 7.951020603846024, 4.389372194330877, 5.165722438414536, -6.50711027132082, 9.325109800746603, 8.6342069142543, 10.29172150850561, 5.130314599842273, 4.854249104710242, -0.07988145174922054, 8.90330983367346, 10.528388569662283, 6.590633723228086, -6.374709728688929, 6.33438351900496, 6.067883404269996, 4.9864099863000355, 7.41687203192855, 10.454570921363661, 11.840832547341448, 5.6919675991998355, 7.539530102799939, -7.275796368792903, 4.940353506186128, 6.120024485797367]}]