script/wind350m.json
{"header": {"parameterCategory": 2, "parameterNumber": 2, "lo1": 3.000054539987559, "la1": 64.9999836372058, "dx": 0.5, "dy": 0.25, "nx": 34, "ny": 52, "refTime": "2026-01-24T04:00:00.000Z"}, "data":
[rows 0 to 23 of 52, columns 0 to 33 of 34]
-6.314380546808409,-6.9416196523304405,-6.459767130580093,-5.996074972975952,-5.503956328796585,-5.739203124545653,-6.180093168122201,-6.222828150068183,-5.839339645687857,-5.081689708821358,-4.866069535863482,-5.139907153536705,-5.424730559949607,-5.443830961086476,-6.346928915812241,-7.013501648589544,-7.645921449867254,-8.65220436351634,-7.042704241329776,0.4781468559863252,-3.684227242231573,-3.3915256161676535,-4.4897753071525095,1.3876698626998498,1.7760364871716736,2.88074292744538,3.708801539332983,5.408512674232784,5.700649791093862,6.150357201314596,5.413633372644197,5.68510678924987,5.78074638075639,6.24605516997626
-0.855552324926884,-1.5804315276057244,-3.3944793968935087,-5.344664439711177,-4.2086080116834745,-3.823208842757293,-4.327047302643059,-4.968346208341578,-5.762894126882467,-5.22083634716488,-4.58508467938216,-4.153924692327408,-4.331806654618682,-4.6788499474960545,-4.840718327979169,-6.7817808592101,-8.090710668926365,-8.762518157621122,-7.741899886274876,-5.594553783492659,-8.341224514608701,-4.97749561616713,-3.022990849854655,-2.774767984582621,-0.6473186456012473,1.1621705880178257,3.5757473889836766,3.2318120830036965,4.374551752687716,6.032739381098952,4.678824783263801,4.272313148435178,4.898335020695704,6.073672360109406
-3.7104705913020846,-0.18130642768817937,1.787127849339611,-2.398651036726788,-3.0234447423315234,-2.8847192105153505,-2.0332630863088332,-6.6198314999643655,-5.141271951629615,-5.2532742409897,-4.384756390847709,-3.751352639443045,-3.4714503226937325,-3.206606647675758,-3.9079548774109734,-5.006764120200616,-8.080878816629282,-7.7174335581733855,-7.354953385024443,-7.173256136205661,-4.5515063634338055,-4.074812781069691,-6.306824382784954,-1.4316156428858269,-0.6149193141094615,0.006512446202621516,1.6563975807736349,2.79105315230678,3.3321737557037094,3.9928329327949363,4.873197177479607,3.549909102899584,3.2053311146503014,3.9321804753969967
1.0695100851651103,1.8508023470503807,2.3764777525547873,3.1071855986972907,4.336951603517767,0.5967717959876583,0.8934855612607284,0.18419088939631748,-5.246349448302603,-4.376621045548809,-4.883401343847608,-3.8977817755023434,-2.7000161221105845,-2.6076613913649096,-1.042921472061244,-3.71032624438965,-6.983956626222118,-5.188981743892203,-4.336855866061369,-5.2938707222465045,-1.9266332352657147,-4.894715339063177,-3.3547757971989256,-0.43804990629707047,-1.166048395578823,0.4937828023885899,0.7380950034627984,1.325898021244123,2.318249006330757,1.7630558978290156,1.600106750654451,3.0667045832483777,1.6628779023655764,1.8474622881370097
2.170499116575462,2.3799430159776542,3.3191556811949843,3.371036370358667,4.713941223556986,5.5374448240898815,5.091253354688523,1.7908034169866736,0.6204503775924685,-1.6545330744520492,-2.8897188698158187,-2.6252564521382022,-3.7827990238152176,-3.6358572894787455,-2.985037852899683,-1.1000586016432858,-3.1631470607838827,-4.508765144468701,-6.9136596288362355,-3.5970876476712346,-0.4081029365101727,-2.2250093165971077,-3.0734864728647016,-1.3022127254322837,0.016173118705850836,-0.007258799507936539,-0.7909497597195682,-1.3004945372463215,0.14113486068106695,0.33870453994280453,0.2544396689718275,0.9594124103601228,0.5281596209092608,-0.2200988992612442
3.3154869274670964,3.068583976631957,2.3649993664037186,3.962095949216986,4.615361509885693,4.761808461969595,4.936260057130862,4.476217011155193,3.308030699734394,0.6504802052602466,0.47755156177743724,1.5092657517137988,-0.3642052292059906,-2.2211895629357503,-4.063382481147032,-3.973832166055142,-1.9189523406283655,-2.072338185833689,-0.47625960445675336,-3.1943031253609098,-7.116365458714102,-4.318209919884545,-0.7951594282898121,-1.37171951901921,-0.5079073050809566,0.13628611037995395,-0.27661218969266066,-1.610714630705515,-0.630815796564377,-1.1282728923149792,-0.20887380304532596,-1.2209222693213915,-0.9008861337452821,-1.2198656769524727
1.6519243366026528,0.798105714526103,1.9208177951311676,3.1985508075889624,2.95584192237743,3.047695638118245,3.1353851872910976,3.6715386307557027,3.9301699929386458,0.7785028749271194,1.1053009876002504,0.5366654410776569,2.1491250511394187,4.053491492813286,-4.0346352192256445,-2.136913375978939,-1.994188681094732,2.292378360500155,2.5782176337087717,-0.8361105492088899,-1.6489147318193988,-2.4752018056995713,-2.3937157511878273,-0.5984260514423845,0.6624596408044618,0.4655252417792924,0.8241759356253057,-0.11021665425195756,0.09949575511862457,-0.6592157857950668,-2.7811684722647323,-2.1190267431490892,-3.008960023396218,-2.333739093372395
0.4212352256597864,0.8500162306430699,1.788694426148206,2.2541088299526493,1.8717060552953277,1.770596544746551,2.2236558515798337,2.2091757289873613,1.9213006692673062,-0.3218967814013204,-0.5223644413805831,0.8700119364845924,2.483597518090714,4.260821160759219,0.7401536137178633,4.604973751216747,-1.0429995943437378,4.529392504077866,7.246557204569782,3.6515787762034733,1.976182199466148,1.287004418944084,-0.69393769258173,0.24980645878750243,-0.5220732191533478,-0.03469680059797833,-0.16379379075654732,0.2864612925851157,-1.4798805664373091,-1.5644957760535871,-1.4697644566555894,-2.3646436614647834,-2.694560134536473,-2.3951299806116686
0.8683857728833081,0.5835547761321357,0.9362185913418821,0.8932741606095501,0.7552770469094122,0.4965503677036545,0.19316974256996536,-0.5447638348926656,-0.5283491571003032,-1.136640566642422,-0.17945648258993627,0.10415823381971298,2.054664749295573,2.4744027451417074,1.8619326496440802,0.0029214167077540568,1.0585775041876784,9.426206417819706,2.6497483860147644,3.330398704140065,2.3888169718660643,5.208371343780171,4.614826750683977,0.9881222586632247,-0.16835798191280618,0.1465023591624521,-0.45528365857582165,-0.7597199757583877,-1.4501682930691373,-2.399157646925485,-2.0293250274619914,-1.7223783968891855,-1.8202657811133798,-1.9640627929674628
-0.166857054453819,-0.7531998728068956,-0.7813565776432994,-1.0741274933135063,-1.502709960957038,-1.3114248815266278,-0.5763656693560893,-1.204211858117482,-0.7949903799940258,-0.1892007843521685,-0.5242748363587215,0.23372244469414769,1.6613715856573157,0.5744696122405892,0.9649201020681619,3.9638481096911824,5.119987252430771,1.351030769242968,1.580759942170916,3.251070037289931,4.345055077059452,3.143207039245462,1.9623887384253582,0.7538536666924156,-1.161925315073515,-0.517084317168595,-0.7389478052320323,-1.2618703103227003,-1.4450520371657023,-3.43239516161274,-2.785967112298028,-2.4547502399529675,-2.3643713728399574,-1.426597813755892
-0.9856944743179581,-1.8434731358213028,-0.9735433227408016,-1.5520660821188852,-1.4810363522416534,-0.42807899683367695,1.3274406422420202,0.7558950346075488,0.14625967687179742,0.36890794388935017,-0.39594994024616037,-3.2128912711802307,1.4073320757975345,6.1200667471025545,5.418329152493483,1.6170130597977777,2.9223403906082663,3.0718090625551087,3.0413765789145084,2.918216188957671,2.869758813311223,0.9276290089191451,2.7928786869126068,-1.0256586771043654,-0.7945742522012316,-1.5285105449465741,-2.536563926130643,-1.342065897209389,-1.9667179574169678,-2.659534282926321,-0.48752000012644353,-1.6343723175987497,-2.1583059588968876,-1.5687986473658757
-1.6176635012656932,-1.5110357631515616,-0.2386320661629613,0.3061145993078867,2.3383243175477277,2.5194031559197754,1.102117440104597,0.13477024463878964,-1.2798077358447737,0.6999804246189965,-1.4549796751465622,-0.025559932959204543,2.056350649876469,4.400662756390568,4.790299059616094,4.174742367534019,2.669830494245083,5.083958453821524,4.504315387639919,2.1299158110940857,3.6390327920287833,1.6601183275720195,-0.3880542297534821,1.236722694746257,-0.7908303066188793,-1.881130333320864,-0.31458500343383883,-1.8221204954265056,-2.9777107220684993,-2.137517450055721,-1.9146664188655778,-1.764104660026921,-1.8760848855310104,-1.4325257116200967
-2.374219246865464,-1.488588637216683,-0.8274064873490589,0.029893384989173936,0.32294271731508595,-0.4135066656394102,0.20778887848290495,-0.2757704516059922,-1.4305596171926556,-3.1015920373631105,-0.4545903125307455,2.020326456914341,1.5077980690698984,5.0628722701112965,1.85722139960081,1.9071770568289226,2.1099260934761004,2.337434369323137,2.0734387240015746,0.48002741010335775,-0.140397118990113,1.417981519116245,0.6003744066427168,-0.4503818849365628,-0.8313985436251818,-3.1770511719660295,-0.9322406361478563,-1.7007007171277648,-1.462489729230153,-2.257526940745549,-2.504893289873628,-2.1978638451146453,-1.7878110228412105,-1.6965042288782957
-2.587089804883282,-2.798951838230704,-3.1807202480088157,-1.4473955730174706,-3.2358231352372093,-1.2218105781997612,-1.7106685812645532,0.4548761667873223,-2.3790246559353125,1.0832864220805503,1.3854238555598135,2.2693971509741586,-0.1871916597977321,-2.874928936223507,3.368621633250478,3.8229806113336324,1.8974050143031158,1.5875381897281309,1.7660134185548046,-0.4950757315543914,-0.9425954594299177,-0.4131836325408073,-1.0920691944950085,-1.2929218352988263,-1.6886700725293526,-1.1672626088945448,-2.210500836246381,-2.1391484599510653,-2.2891248548353604,-1.4132366702510275,-2.4878788060752197,-2.6085446182463166,-2.181829750355064,-2.0751170157419243
-1.9840269784068774,-2.0980976865047887,-3.022285630711087,-3.144994290733233,-4.60775661920471,-8.434546093251052,-2.6964545668065183,-1.3684303814253587,-1.9532145699511434,-2.620103181717903,-3.241300083153131,0.7538028164793468,2.2519925458806886,3.746584244547283,0.8024732828627341,3.2244770494266457,-0.4485569626116786,-0.8144817267928346,-1.06404059844683,-1.4944000722970372,-1.2489913402516697,-2.081414829616077,-2.4427479434516255,-3.3868490272574556,-2.9957886540789995,-2.8823953997438556,-2.5831921111805136,-1.6501904668053007,-2.0888450535358714,-1.9988535163808057,-1.7791017660417217,-1.822830456550917,-2.0559226871411127,-2.425407765350525
-2.177319730144967,-1.40623839807765,-1.0126074620840135,-1.9556480203860664,-3.7156748910720094,-8.766571802446828,-5.34599997306926,-0.15908384396199365,-3.545864238830315,-3.6526562002522622,-5.694222326647404,-0.9261129307442538,0.25846524671053656,1.1231529462607213,-1.0133861454553046,-0.5221864710691885,0.2821347339955463,-2.3402182068605692,-3.771006705055491,-3.6339768335194753,-2.471297365450505,-2.6087895883708705,-2.729132671968262,-4.204004496184739,-3.444568578484294,-4.138367166618266,-3.9808923401961818,-1.3586161966126775,-1.512993808384268,-2.294713163067851,-2.0495709014318026,-1.7320928564829514,-2.3470569749063057,-1.8593084049228625
-1.1756309970171104,-1.1295952880515225,-2.183620380017866,-0.4303629628432039,-1.39775781721145,-3.6321589426622136,-2.9779018920287053,-2.1054280222734354,-5.372521956542295,-0.3876459231745927,-4.09206273661375,-0.45238483335499385,-1.168439593710137,-1.7807696639378163,-2.045052357829884,-1.5780395524202215,-2.6931368117655006,-4.087587316581133,-4.6598003558008125,-5.262340865582745,-5.241968342865627,-4.182785165337671,-5.6721523279258035,-4.246352268907405,-4.1433255113400405,-4.157774204898662,-3.8045630356505273,-4.014110702901087,-3.027382532387787,-3.2925921409047065,-3.1846182471426148,-3.3916917026664777,-3.1333392746245443,-2.549513010546823
-0.06633981651782751,-1.2176461579753073,-1.1038929198831402,-2.97441739279793,-1.8398701407700457,-2.113236928734097,-9.97053120036613,-1.758310283885004,-1.8328143911990795,-4.023491755248916,-3.586513702510658,-1.7981099545999426,-1.6965249380572944,-3.1001896941616174,-2.743898988831812,-4.2498267623159,-1.1879521390616385,-5.441330943431506,-5.2695779241659375,-5.902111629783606,-6.0760524876516975,-4.681247891599843,-5.746321218308665,-4.9789479504744865,-5.259830429432001,-5.6866133844761615,-5.7314512886538855,-5.171954027069916,-4.657285959096171,-4.154287436586065,-4.897530552638842,-4.7078872965399094,-4.350943440071978,-4.040204028422755
-2.4633949582154537,-1.4015936590827955,-1.7647623544688185,1.5949157586647076,-3.2079742219401433,0.4762769916354553,-5.165843548858349,-7.294999381824666,-9.87590722345332,-4.800309038679288,-4.3281912826455615,-3.241674019664315,-4.017980839682763,-2.9017323836247177,-1.5459593490704298,-5.915068699922513,-4.4818188894842885,-6.3349852199118235,-4.069315532316923,-6.668762793405878,-5.78991344074239,-6.9205916333516555,-7.1125043834406165,-5.3462759819613055,-6.2216548151403375,-6.328104170566058,-5.292073022500067,-4.8705354396317295,-5.341616021044082,-4.030812371392998,-3.5565671417963736,-5.820882367816081,-5.219290262688244,-4.601236637719959
-5.243842830762666,-2.7372002922395953,-1.5924373894952575,-2.118668870325899,-1.0301594822153264,1.4649944893633107,-3.966822086089387,-1.7873620865858868,-6.110020378969045,-7.146603948251443,-6.148077348988066,-5.655238152924643,-3.4038572035727848,-3.873515930188732,-5.331704962151965,-6.703775236131081,-4.670845478213463,-8.071046437109647,-6.946655967482838,-7.140447340245042,-7.337826971447674,-6.936181928977506,-6.3554497926170175,-6.941062332187138,-5.946216798653801,-6.970327870923867,-6.564270252519148,-6.729107183853069,-6.140981079012581,-5.521568063400634,-5.23054744323208,-6.499336930203602,-5.548673152193023,-6.998494577446796
-6.083221833029749,-6.368984290164502,-4.124454051586886,-2.7903123363461213,-2.4973412201061223,-2.3802230621202884,-0.2226065970914688,-2.525966392763599,1.0797493550013335,-5.5211104397108315,-5.5313614352333484,-6.322957310422573,-5.804005913676459,-3.361993410374147,-2.629767795366063,-7.823494497216002,-6.331636292709205,-8.520989519603631,-6.11708327600189,-8.644264153484169,-7.303887897293499,-7.138361351499989,-8.25979483256866,-7.313903190394895,-8.948734444973574,-8.523882441795672,-8.369099320870559,-8.759811495402309,-7.712685870693759,-7.867410785031766,-7.5391853826054485,-6.387299816078703,-5.40756308089326,-5.650779258602436
-7.641250867940918,-6.858522179633689,-7.292836288676249,-3.792219281720718,-5.887587120370366,-5.541023964588487,-11.512575101561845,-9.84321955368248,-9.744290650848756,-8.820141835477713,-6.6785841688956475,-7.9399814401766395,-3.860231596756194,-5.8399318253441175,-5.195928935093342,-4.199816915776472,-7.375279797200411,-8.091893697310628,-7.320946030229826,-8.756344547175871,-9.056724576370998,-10.338548413578758,-9.992680498961617,-9.96091642381851,-8.31399946512059,-8.249935933623753,-8.734518413723878,-8.868902705356444,-9.051018063650012,-8.66740094489097,-8.419100056263908,-6.929038669692979,-6.7355321156668575,-6.434721542806989
-11.194843849029608,-8.907831518334557,-6.814848200202675,-8.257437919145556,-5.469394645787517,-10.917256343704427,-6.402159086367455,-8.622797595047514,-10.498759613986145,-9.78982840549914,-6.301763347966975,-8.881003329576405,-6.998309005230077,-7.542812742488253,-7.919989913324807,-7.628440195377416,-7.727739358402927,-7.792136007627595,-8.52000007055833,-7.664802030804762,-10.099113251610294,-10.075874498982612,-8.465273882510816,-9.415641519417443,-8.861997261217072,-9.980073131878035,-10.457427529234755,-10.625053271765884,-10.191131523933473,-9.819773922261758,-8.887419275305007,-7.864627522648434,-7.258815010374114,-7.210051561285182
-13.781939601695655,-12.675777597369647,-9.073830277739,-6.244304805469023,-7.515529937661182,-8.718680432501793,-11.374426636419008,-5.1903030173823845,-13.80635330736656,-12.179599349007411,-6.414128280530582,-7.477798966049715,-4.681599660234489,-8.380042301217495,-7.615388222964028,-9.203126588010285,-8.422493604041405,-8.84709151864919,-9.11801148919191,-9.780379174412925,-8.747396109300379,-10.588687890311814,-8.648165426373447,-9.372764802419226,-9.715789657613922,-9.779416817968759,-9.935164515610227,-8.844809773480804,-8.241619244223545,-8.048428730649988,-7.0199340409489395,-7.301480685106488,-8.227745240543438,-6.876225968118015
