script/wind250m.json
{"header": {"parameterCategory": 2, "parameterNumber": 3, "lo1": 6.000198445256149, "la1": 58.999992894266676, "dx": 0.5, "dy": 0.25, "nx": 22, "ny": 24, "refTime": "2024-03-08T06:00:00.000Z"}, "data":
[rows 0 to 23 of 24, columns 0 to 21 of 22]
1.0687521064597982,4.455455100835415,0.9170742496545388,-0.35480548327313466,2.073190637082848,7.3956571326101965,0.39567412011548736,-0.4596956320351615,0.9684001993698436,5.98089606859434,-2.414914798844405,1.6313342101073045,-0.27355889827926005,-0.28418944566987747,-3.946193298356151,-0.8468996729010164,0.982840179311253,0.7711905786434882,-1.1113185608064065,1.0722131452781132,1.7790405070365474,-0.7321682316076514
-5.262758199771348,0.2178590003398058,3.0377145293949916,-3.179519844656854,5.910443920384021,-0.17025802313002739,2.4547621746343853,0.05688809216944921,1.2324676057868524,-0.32968556990401976,1.327014125790868,6.178737400035646,1.1311712939843135,0.9399388704511279,-1.6376804098540283,4.248000009996693,-0.5789265209252992,0.7715766117726222,0.9888978317074185,0.48136217394549363,2.81577771603855,-4.393024437131818
2.892859933714262,1.201048395436372,-0.8060934522648109,-1.5977812941280467,1.0902089026842279,-0.5407457504541648,-1.5171829472668783,-0.12127756025870468,3.9406952794333283,3.2244008535088127,3.0883291114275493,-0.7448801344551043,-2.8086329142758624,2.0316175545416195,0.04439389757577349,-3.602003680524892,5.874519350802793,-0.4541212298017589,-0.43701417501300976,4.692211688922618,-1.2125542829072824,-1.0399868791580669
2.215018386751868,-1.421051160189165,-0.7083233752729333,0.2653130837883228,2.944141826217763,1.3245285840046779,0.07518887614306256,1.183961130239494,1.5851935027258717,2.7082199400042932,-1.150075430599302,-2.849815603189994,-1.8231326360452018,0.19855331125178197,1.1159526017744676,2.3772700049762534,0.29314017811495224,2.2269609961951553,3.5584292326171583,0.8084845165598479,0.4230242007673496,-0.6360739082388613
-1.2299231726799358,2.6056434092243226,1.3545873408420228,0.9818627172063561,-0.7063714434640048,0.10855300641763733,2.06892764453574,-0.7882431890175675,1.197128722290388,4.0909457944102465,0.9603245591019524,1.2379491795549813,1.2253492814993598,-2.0361108251783477,-1.9145539863719245,0.7431518493750626,2.6333908521124503,1.350816225384513,2.7381327390464754,-0.7751765169569654,6.294887343674649,1.0221574965135862
2.091974608201987,2.1510580219223305,-2.496992872601516,2.318886345131841,4.381295361231319,3.116376035104134,-0.9772632051944259,0.6271848170902766,-1.2877572424378119,1.2356752481741773,1.1781582789703964,0.5978235001643984,1.3935132250584483,-7.237794620216374,-1.0859518869391065,0.0527956077168047,1.3873738750912208,2.0308616993671014,3.1657295697855825,-4.462200120782615,1.7311947796247897,-0.1999023920770738
0.021237811333472998,0.5985129220153064,0.5779047776894993,1.0642792619505432,1.5461042763828219,-4.193713373092969,6.355927606160355,-0.12286298107961835,0.7292986968546056,0.24103257267467765,-0.1130850790475996,-0.5986443500802283,3.619318753235342,-1.7796949631947432,0.7063566669017367,2.6289503715669142,-1.732094472138905,-0.07065095036448996,0.011947243356165455,0.5887694174616458,-0.7368020192995136,1.427301724609073
-0.3720056809574784,0.8750241807056152,-0.3477536630748749,2.2444453855651725,-0.6595442816845555,2.095529872982298,-0.902561250390983,-0.16669400050513694,0.5210530374325913,-0.19421672481320357,3.0196579830072894,0.75924779102017,0.5516717276116866,-0.12156226690945925,5.934721850059976,1.0753378338064847,0.39504066382641223,1.888272473229758,0.11072747629775813,0.7645658497457456,0.9470580650750161,4.44996045013464
0.26609932748021675,2.131366843326224,0.6670518870703425,0.15559867824672116,-1.9089965334541306,0.928974463597292,6.492241164932185,1.0792902812760148,6.601937818373758,5.495542861903779,1.783609225965031,4.640749289355085,2.5690783415837477,1.7557006713078744,0.37328692517323697,1.8411996932610528,1.3357873938163585,2.9150728663344005,0.03320385380092874,2.543616448663735,-0.43090685514430743,2.967701140633229
-1.1265195076415893,0.2369315210388505,-4.210887261351522,0.5023173527499236,0.872749884820057,-0.8288158664215735,1.3793381022082638,-4.14093945566982,-1.4404640976723937,-0.14695331169745207,-0.22441682857489662,2.7766348591902177,-1.9621648348658947,-1.128468714916549,-0.49271928294003087,2.838772801285527,2.09150027410398,2.8117916105870115,-1.3793468332127583,-0.4403401561380163,-0.4191122938775044,5.744051675108154
1.8332354890120055,-3.41797346472868,0.9837689559936847,0.7496322984319383,-0.9241730329650478,-1.0758370625689972,-1.180775146842832,-0.6171832163292774,2.9760259244631615,-2.0949320501697755,-0.5381923971968515,0.6463514501976368,0.2152775948108527,1.5860089980825138,3.2158184138057813,-2.9856768449857407,1.6378988182865422,-2.16086473761814,0.16301242468523675,2.5704325057442476,1.0340826259616849,2.6217768294835224
1.2497579420518599,-0.2476462863996733,-0.7756992050990074,-0.3662225550760768,-3.4925273559809,0.742317470594629,2.692606905477712,-0.31804581129560017,0.18961494285269043,1.6455765550733101,-0.2725577908373965,-1.313975417978502,-0.36833110991291657,1.0487657950689457,1.1270095432209781,-1.2279870353044118,0.2668449828071018,-0.445159865311114,1.0013919657511687,5.783578212685272,3.000259726837984,0.27650515969908707
-2.0271199925928713,-0.5325891646967937,0.5402630431810679,1.4493549210105483,-1.1115104127789264,-0.1957643738484296,-0.2343389753396102,1.79619070872255,1.8961765528061254,1.5175617219242765,-4.597761795196718,1.958048364358687,2.2837194283157762,0.6867401305930715,2.213778045966263,2.3395038658962823,1.3414469486364629,0.6144779681919053,1.6422180137690814,4.693635752291662,-0.4982103338253448,-1.098264318586419
1.299746217647517,-0.5557680713228454,3.8910170360406364,1.0684703874688855,1.9410800439218525,0.9997491701175547,5.480913073787392,0.8098337442947933,-0.06946497102917112,1.3703591219701496,0.14954169930436187,-1.9803157632484283,0.24345700552472524,2.4007228176281523,0.8130798651847846,-3.02056879333592,1.7206318123097972,-0.666773466317744,3.9343794890890336,2.045494277097128,-0.4856800940728378,-1.6497020627059293
-1.589853390809464,-1.483084479115656,0.6305507213207885,-3.862100559764022,-0.8186964523594161,2.9484933300103777,1.313149184189674,1.1888819130619945,-0.13384469496942042,0.4280865000988719,0.5822836984811824,1.272628707098529,6.069983505623232,6.037434611348809,-0.923275683551341,-0.7332687060891138,3.0549457767730472,-2.821048181049304,-1.1764183290602468,5.880812432644564,5.173219804692924,-0.10698020187063514
0.5021880147903497,3.039899395007116,1.7772737782018007,1.3062735270148456,3.5445447248342727,-2.030061369331171,3.0275774840460743,-0.4841582696405728,-1.3110327554476304,0.5511795179623747,-0.2896568226945016,1.5926250857906405,0.14504140889997563,8.055330464190593,-0.27779565173204407,-7.425849671088205,-0.03979330499661297,0.3756060172668826,-0.8236122963344126,1.6313456193209943,4.8312804806215786,-4.365497499546538
-0.059483216297612794,1.5907826260922018,0.06488438713860505,6.343607461154473,-0.22344166843536745,2.6952897474103708,2.8359823417677466,3.2688338918995945,0.7018716499808308,1.7363957430143806,0.4262516941365498,0.5471059829355226,1.1081746918251358,-0.26159533448574657,-1.6342753508051715,-1.7207361484578547,-8.31694414766318,-2.4537953602229137,0.5433563625904774,1.4143414362800555,-2.069612290869452,0.4677145762901492
0.9580034218173578,-1.0616418164518777,1.321713628914795,2.328416373089012,0.7155021100940371,-0.9027248855314772,0.7357013685977322,0.16764259391801614,1.2353167514937373,0.8173607308619337,2.154460587088092,-2.778206890949497,6.637389920325163,-1.4933994792574992,0.3360996318495872,3.01911236668074,0.8127826124353179,0.7309615027583873,-6.089417630484125,3.0676980604965816,0.8647866656055874,2.7290943105161856
-0.7378349534643387,1.625346188111234,-8.146843664875274,2.627274628587023,2.365713123218296,1.3690408640655498,5.052931323151061,-0.848339637338476,2.1043318178728145,-0.6649271534008225,8.000262183320189,-0.20523409333157006,-1.9179579361006704,1.2498444854806943,0.2948043592313107,1.9396220937448163,1.9045694254657215,1.0674578601191098,-0.21459324795802756,-0.35090434359619677,0.11987647238444032,1.6622346576923457
4.875785675680454,5.108179199527233,-0.9058825948865353,0.4284700669677088,2.3908506060002233,1.7362679338714249,1.0772908109952388,2.685874162676122,-6.353627215251162,0.9295961844286673,-1.3275489716795037,0.4231837113248885,-2.0190086464274724,0.2574627532616687,0.7430007132519787,2.321103724949928,-0.2741939470225632,0.25521750881140837,-3.4933908114773438,0.6314943480911754,2.7410466252611223,0.984772997553822
0.25344663900226866,-1.2192636485912203,0.9240636241744526,1.7968717566899357,-1.7707761961884096,2.13018715905124,1.4879947512550913,0.4829038630034999,-0.2558896782245366,4.99995479586947,-2.5560990559780046,0.9926559397095746,4.3609598299166965,0.3373435559757352,0.9071248461196018,1.2392004214221028,1.4547037384461967,-2.601702132545501,5.618764205300887,-0.6972334011047623,-1.5751628000594016,0.2606675464573896
2.200263179493297,-0.5374309817054954,0.6201927220743835,-1.2237259858530976,2.047214853948224,-1.5919955221921422,-0.1943970783752276,-1.6779687142447997,0.20403013532985187,2.6418660682662862,1.720432222942352,4.001624575498223,-4.811620111329679,-0.431076902143123,1.2339918204703988,4.465283654669738,1.4916970641526668,1.9976033590122169,0.665787319258635,1.0476511899576813,0.6097040794466096,1.0768555765563321
1.0692193205069147,-1.8769105302045501,-1.0405648817907802,0.17165029171249666,1.104458181039219,2.133140307403187,-5.89711368872923,1.4481982763620205,-1.1400633779383256,1.5457813229371091,-0.49680782132190715,0.35157568950978646,0.7313057175275186,-1.9069185774901096,5.427080432650079,2.0227138810088205,-0.507354752484862,0.39111159993764194,6.813450722823556,1.4726470474530944,0.25585680947424577,0.5668388852993228
2.454145412687541,2.6111136701450293,-6.978384256205348,-1.3619527815319021,6.469304129996434,2.7991041269480417,-1.0153727420506484,6.5328645691045315,0.02884021521251823,-3.71489249890686,-0.8644489337722657,-1.3963024827192076,0.13934414952780208,-1.8109358515785223,-1.2162756025503862,0.4452447785762299,-1.8228354825321544,0.7395900266774563,0.16340901242814054,0.6715797987524099,6.430891104664505,1.7564349777121029
