script/wind150m.json
{"header": {"parameterCategory": 2, "parameterNumber": 3, "lo1": 3.000054539987559, "la1": 64.9999836372058, "dx": 0.5, "dy": 0.25, "nx": 34, "ny": 52, "refTime": "2026-06-30T10:00:00.000Z"}, "data":
[rows 24 to 47 of 52, columns 0 to 33 of 34]
4.590102693485769,5.655831012159183,7.028327582478923,6.520236165965217,5.205169872691298,2.560143026763712,-0.25828426903475926,-1.9309805424906552,-2.503111877520387,0.2365636263653634,0.3050252225591398,0.31670208406637523,1.525345771504893,4.649216050075054,5.2881454089542075,4.88705564417993,4.42833172047769,2.8012799404999305,1.788872550525995,2.0587647690826976,6.665752623946305,5.377832465635673,3.0434079811595467,0.506693575764844,0.10796622780068299,-1.0522454021584615,0.03912972818053665,-1.3960470080179648,-1.2547107127520023,-1.501630964606344,-1.4795403879627744,1.799526406004785,-3.1930385568502238,-5.216098105907617
5.177992636046965,5.754553054982781,6.32566491773438,5.652614154105005,4.272351832167847,3.2576689886992636,-1.2250018156397515,-2.7929854210067178,-2.159397088681497,0.5725757781548617,1.0948526546286705,1.30956616057295,4.057052470612562,5.727141053596177,4.19224336282872,3.723415644232077,4.159868673016875,3.3378990505033315,3.1732737851521295,3.151858907892327,8.073452691173717,3.1356912839486566,0.20182496726269786,1.8760690734607175,3.085753440073176,1.3372932243186617,1.1591293955237818,-0.10265505611549264,-0.8111410918235235,2.778060304539905,2.479447794604833,1.3555789145132193,-1.5245755783979604,-5.0640411097630595
4.20087283612872,4.290178986456709,5.983770843967738,5.541205851669316,4.066152096703038,2.3148080520485275,0.9153382402399733,-2.1153883826937636,-0.969641243571286,0.8004938347544247,1.0290720000681886,1.798392381590599,6.051994270850661,3.9242225813488663,3.4543728073660764,3.2927545511027696,3.493053348290669,2.7837573571715524,2.896306731215021,5.232284385538408,2.881996498386384,3.812240178966237,1.9129004121797224,1.2440695174669871,0.6820704628626154,-0.19337900796910965,0.913438273738664,0.6539273087833553,-1.6977505715457215,0.11078192615720242,0.3522579855600441,-1.554212428997334,-2.1494150049477336,-5.03555604747927
3.598739647804965,3.743413331628776,5.516130075128435,6.0604780329660635,4.406935884408127,2.837100604978198,1.7979171280721058,1.3719589321653631,0.4907703918061009,1.1307946051608868,2.2464147657785456,7.222308262215747,5.580419244709484,3.8788432302959097,3.2427279234696673,3.3594890593812408,3.212826338642854,2.5881520316539723,3.7583364856563017,2.987442896358775,3.9497080062565426,2.2540013857225776,1.84465727638668,4.820307019617168,0.1981094794970288,-0.2994406243710588,-1.0567245018760931,-0.5589468480050381,-0.4415482720495176,-1.193426556162787,-2.583787113275977,-2.3104775429677034,-2.565160162096529,-3.8076297515740647
3.8732178312071643,3.4607381506195174,4.7852602892216956,5.570336197612372,4.667592349958112,3.623302299139768,2.1408904678534664,1.6017011482265753,0.7425700274120814,2.0589943066388092,3.973590907236601,4.014605924839224,4.052298714052633,3.859941095296689,4.068222722512947,3.73132722336698,2.9649312267164243,2.1929941824508723,3.074405559014392,2.5567384779829343,2.0964800072492324,1.8195572808336322,1.0930644008238517,1.1475021103568779,0.41168456555187255,0.18922038193829022,-0.26920560287147316,-0.7636652704596323,-0.24522191013388733,-0.7729337639571446,-2.2628912342187064,-1.922214836242262,-2.6270855117291525,-3.176826701723013
3.5291836274561343,2.858634531439369,4.102587491440422,5.087376969481394,4.72140436469989,3.7561435454277183,2.6179216053726715,1.625410695891701,1.675417225572464,1.0972356911035435,1.7737360073174275,2.6040354236862444,3.101578255659612,3.190078490032288,3.425809672398583,2.67273003432307,0.9069748880421061,1.3237665039664568,1.2861989154555165,2.416264930575724,2.8051288136196613,2.446509611464431,1.5572268729198504,0.4236298008642978,0.3278992044521924,0.0028603906012794086,-0.45708446963979676,-1.0336538886455076,-0.7635268659281569,-0.056789570592357924,-1.1601761540713216,-2.2429482207606743,-2.110034095547935,-4.342747968125895
4.824569239220376,4.034870513804691,3.608129390645227,4.016635049423018,3.7518409294642745,2.5798840451079683,2.5778113242528624,1.671158645243102,1.1155913296639888,1.479888805251631,1.936306714311456,2.654189861005702,2.629359136809743,2.8949348213737895,1.8186692351475406,2.107799364108566,2.166146063675389,2.7224123684269075,1.4022341574749309,1.342302668621861,1.8644577156798625,1.732704503390196,1.2113828892698109,0.2583929759909818,-0.15182507108385213,-0.6084811658706811,0.026011149428456493,-0.421557132870586,1.6907093437088614,-1.070806702068418,-1.823382057777791,-2.601997036519392,-2.8686522179197436,-2.3054009588742375
4.522288960227057,3.803901567171413,3.1681602544015424,3.543207733950345,3.48825991252574,1.0310024789742507,2.867050813247127,2.0006849164968825,1.5495858517165737,1.638649374519856,2.0155370222610367,1.711428224860829,1.666114546597412,0.2740450315061487,0.5632600530161185,1.0075457478498444,2.1492995303941176,3.5215541283326823,2.315354362465767,1.4328801791342547,1.9432735228916787,1.4413346909913456,0.4149384418060733,0.21540543213671764,0.3534978263052599,-0.17585116492149158,-0.3544498489447203,3.0108959345854696,-0.0039025186758661996,-0.04743122729626524,-1.9912034798072398,-1.3956127618801615,2.569479096042032,-0.6664706941523096
5.265500435873565,4.300629834917799,4.465783713880232,3.7471780612224914,3.370687438682391,4.402831499293643,2.616968779045076,1.90726803171284,1.3368602281470574,1.6222765539596564,0.9812365067881388,1.1268487716887723,2.0393299434524996,1.6931694765254448,1.2736350923548994,2.27605534898344,2.847667861165605,2.032161587759995,0.3420942827451436,0.13569652330824067,0.4201765055526212,1.1656423663707631,0.5039351951459482,-0.36071180869203995,0.8369274097743988,-0.1846428244520489,-0.4502305367388453,2.763034355058212,1.0946501977594838,0.8458837765967143,-1.2695319631478348,-1.9936660215180977,0.5956197305434947,-0.1262627428327749
5.211837793904629,4.412743565424735,4.665781548621138,4.577088186031757,3.5024653517028974,3.5943220712858346,2.930065061281667,2.056826001928018,1.242799152818241,0.665403581258716,0.29522555253775973,0.6122118078176096,1.3461832393707214,1.5472370644197666,1.786000433297921,2.2059717608890743,2.3522094109484586,0.9405214318135271,-0.14278220235328634,-0.22647759771624953,0.23240525888409808,0.2989345592811057,0.054621944392139576,-0.6570868090371184,-0.5408421086107974,-0.23536921369587363,-0.4936401742829766,1.8743053820072157,1.9063895097942742,0.45866565220371697,-0.8922238728375079,-0.7818894608763962,-0.5930136231330795,-1.1536137469424663
5.165949162351842,5.402191587514543,5.116669545010657,4.972687419710893,4.581569728250984,3.702743175055803,3.7847893230342233,3.0322724542340453,1.6769518343906706,0.899632324671431,1.3989538948213165,0.9511657448261589,-0.37513952969112413,0.8735552355803463,0.9215339215313653,1.7770474491154302,-1.7698607939555804,-0.12302454053419827,-0.8045520935799497,-1.0596094292793237,-1.8934214722598492,-0.9485658337974802,-0.4285644903150504,-0.17876608902494726,-1.1341258628786581,-0.1871426807584009,-0.11716995839042178,-0.08924270656897441,1.8521433712574604,0.3274128764913963,-0.6816027443609367,-1.5670125878035246,-1.29100482609376,-1.3568155878698056
5.47629589131511,4.698880079026717,4.376655151179338,5.227529135802165,4.276166435179981,3.2387131218033063,2.8521747155774806,2.87743443091008,2.71050853835322,1.8183925088951518,0.8767694025531717,-0.027892657010529714,0.6154572217454827,0.8907292349978907,0.6764786283911517,0.69246290195715,3.651906949347281,1.0871131543591956,-0.9586063057614975,-1.4807122768831067,-1.296894261136347,-0.29879177966437576,0.25720078317171285,-0.6495512914609793,-0.03031712172845671,-0.948521597210768,-1.0924468279758002,3.68790526477561,2.827132090747872,0.6224475740881313,-2.127794398315315,-1.9321507946552219,-1.588128691857912,-2.0752472961649873
5.248735268852628,4.633212513003629,4.744912817490885,5.37417779798453,3.8414268631115864,2.5959919252950496,1.31970229666813,3.0589055316606797,1.8944727046139547,1.2279775845448613,0.9168610332015256,0.11365399034904852,0.77428280634153,1.38206891535741,1.0645140258036723,3.297663573039472,0.9185032048279368,-0.04987129749868279,-1.7835775801592586,-1.3876290304174583,-1.8999450501127406,-1.0902828725488285,-1.003476747539821,4.20191050370675,3.1146388354363768,2.9710318086357312,2.5773268038172956,0.48383020969726787,0.9451145361250606,-0.37994220999690925,-2.4717661068962937,-2.650109079961009,-2.2152807824865905,-1.6942628462072684
6.080481721795396,5.045044578724367,4.638156516889763,4.146567849726178,2.809654715422283,2.0689900943760304,2.8145648734887003,0.5567588761174335,0.46271444952965635,0.7822099386728601,0.37246552512424985,0.15271931794289145,1.2773454016972456,1.797900906651964,1.225349824236715,2.60089625207003,0.4414624897194841,-1.461595042088089,-1.3855654539272202,-0.7071694996538672,-1.4030330123623052,-0.7872767634179074,-0.5090445264742107,4.549649589373434,4.69276630270488,1.6921587476138094,1.0554974267327337,-0.0015702997964285267,-0.4345235158244518,-0.8903001123100185,-2.353522832154286,-2.4805038076172554,-2.0603648385481503,-2.1732074141223707
6.066617281976882,5.101727677416647,4.09512368681373,4.199239582215039,3.716336657619992,2.557893422930721,0.6178927109887705,0.3780534680309262,0.9979579432431988,0.4873130303262663,-0.019734426469285075,1.2435497706030647,1.0766176575413993,0.4186407774100434,1.9326151697300709,-0.49095140616076804,-1.3285388085983336,-0.260873102558042,0.6715481253242289,-1.618330413119755,0.5854571752086026,-0.02492933212706233,5.015386465239199,7.900644091383861,2.945411185793333,0.945138161390194,-0.13560670789323462,-1.0518668231887514,-2.297075778409967,-2.0459449993119967,-1.897717128723972,-2.0644733091767735,-1.8011257121833795,-1.931754027523886
6.481170145916037,5.3625905445823925,5.324580654357027,3.8657166848863804,1.8321034144867538,0.5478499909279233,0.6569161731856016,0.911064188617182,0.9965380834554798,0.8929860990778596,0.15879671489295852,1.6918637533696606,0.9250063188221797,-0.19106027856617308,0.40273252441354374,-0.06676001586146449,0.03903896595080698,2.40384715926757,-0.018814708635642823,0.8177209099466706,-0.1789901231506616,1.55024184290843,2.452928434835942,3.1663741003323937,-1.0276716344406838,-2.7692572223975853,-1.0489829451401829,-1.320754679504788,-2.1268278675149426,-2.6539951149320973,-2.156517677198557,-2.0997011549938707,-2.391442655204242,-3.461388433534968
6.501761757188078,5.64919212966578,2.9721499875692197,0.3022390894082616,0.42154323987959347,2.07717844138097,1.0954442440456325,0.7257471660371896,0.7852409040274169,0.21748797663203243,-0.8924034747584316,1.2462488860071246,0.40260150598661126,-1.0042068420040924,-2.6013506141029596,-0.43435138979105,-1.0832332003571687,-3.0421768654673036,-0.4240563439757685,-2.267040883580657,-1.3354409753960845,-0.4283237987799323,0.34259145374887456,0.766519198918222,3.309407952467727,0.2496655628194905,-1.059157242819723,-1.5416646368558748,-2.5147520721968784,-3.479810893191338,-2.5537547025524674,-2.6784820569445373,-2.8852496649433155,-3.5671594164405294
6.313016247576477,4.714398352674734,2.6903481675156984,3.2904312056960174,1.1114677592226987,1.307569368952745,0.5000768186928513,0.5753946308100395,0.23490823774025085,-0.677099369254186,-0.3787709738632828,0.4505868410609048,0.3162871395565567,-0.7743655092038562,-0.8887579566407704,-1.974409521016048,-0.34667404246102784,-2.088272591955313,1.042159528530914,-1.3544916212817453,-0.28156336271066845,1.5549401252553983,1.4142981964775097,0.904560700825184,1.914012541873279,0.4543005526153574,-1.148804002237379,-1.8947618856028587,-2.626205016499429,-3.4171903982007104,-3.609324449518578,-6.786421580368158,-4.472277860251157,-3.9178652054816885
5.880709812286759,5.259702461350027,4.614120288389775,3.533441279321983,2.5057250572540952,0.6959194410725545,-0.19176469446121225,-0.9488774780224097,-1.420789232560897,-1.7918537844976137,1.3874504216893535,1.4271260070266247,-0.2439861510951512,-1.1165506697440328,-1.4999584380199107,-2.187447878213462,-3.6391507878778784,-0.16007076972868128,-0.7833823416436515,-1.4587465727068056,-0.38686291345505774,1.9906326226721582,1.3907207523179643,-0.33428503517371694,-0.11640449094995996,-1.3465938436957263,-2.3669562526807515,-3.4510555390702886,-3.3538635652052466,-2.8680632695499777,-2.2286110031932296,-5.4769096426450545,-6.951937092019159,-5.341141821437802
5.6692103879500815,4.376159097491764,3.8772758072590014,3.246526677522108,2.3053642273112365,0.1478353214517964,-1.0564012882630065,-1.409394061476127,1.3468421936521557,1.4989389548181695,1.1845263982429066,-0.5268796455869864,-0.9703796386164862,-0.6285614285754021,-0.567850148657282,-2.274926729926622,-0.6611103120541372,-1.5320593421956714,-2.5095692618454097,-2.7331177739012906,0.022508956194948502,0.016028892084501208,-0.011037225591040365,-0.575337664293369,-0.9113684161060633,-1.9399016286283977,-3.7799705610121492,-2.365782507966404,-2.6866408709049128,-2.8266344145678546,-2.4883279846624107,-2.8416557469697032,-4.694083250294959,-4.799967104877033
5.202528764732344,4.2554085776026875,2.7531675680529575,3.1506372570871957,0.8225607971287116,-1.636030034307493,-2.0597993808738457,-0.027475547315747178,1.5731761303388818,1.544793334016314,0.27084518153427917,-1.0682251560731186,-0.30897983883546254,0.7844841022054571,-1.3423885941183362,-0.758351770990144,-2.0295725058910334,-3.4475505168483007,-0.3138174631859599,-0.4994781840042043,-0.6672187595694288,0.517084111194856,-1.458351062396754,-3.074798023580789,-3.3477751482397107,-2.297648428630764,-3.034848387036499,-2.0132935569852743,-2.478706270949659,-2.3978289678931337,-1.7673412885006856,-2.7036333229993312,-3.1163764250900776,-4.94048575718274
5.952748798118907,4.094947950732062,2.6803710741069073,0.24092062893100177,-1.947413173382234,-2.0638380881036613,-1.5162396596166006,-1.026604695612984,-0.9408067946488429,-1.1447708382571349,0.020814919905366953,0.9261862291238316,1.0875743086931176,0.5081476632683373,-0.8358920414426338,-0.11999581562496589,-1.3066725269068826,-1.1560172187422157,-1.155011656546838,-0.9859234070001708,-1.0001113761606224,0.492452646729329,-2.0379645446558463,-2.302963769579907,-1.6067733836194023,-2.1456998610860136,-2.729027012530762,-2.713535583573859,-2.4062877238238594,-1.9861712263470075,-2.3896010437037947,-3.114186165150882,-3.6335739457798093,-4.831817987957452
4.633121160153976,3.816391248392986,1.671396598447625,-0.12095955150914355,-1.9820015106908513,-1.2520815558693599,-2.373385424317824,-3.1064248295678145,-1.28495685154282,-0.036110630733010955,-0.047813989230665974,0.9320069823694697,4.165825387937472,2.9239115510599096,2.4177059697094583,-0.3704051951261413,-1.803795493223409,-1.7712392486534345,-1.3616775215383494,-1.6125623935506306,-1.6006437289494635,-1.2006359827745197,-0.6491008608755242,-1.0771698941651862,-1.5425926022017182,-1.6002238174566359,-1.5446580221395092,-1.579553315602353,-1.6037210149525705,-2.1888058575132066,-2.316469691501277,-2.1375296932131467,-2.9230388432863776,-3.664539537132096
5.230095200314643,3.022935327047044,0.7117954580765448,-1.3532252109747098,-2.2868153776599094,-0.2757420389996532,-1.4434263955546984,-2.0716053567346053,-1.0456399126744353,-2.4211144339803,1.2856424793848287,2.278538905937801,0.441098924920114,-0.4492440801410053,-0.9501889562023695,0.18180072037890693,-0.896650553370535,-1.5522332150273486,-1.4625465016841581,-2.1812225655084116,-1.4873524774573605,-0.4602564390538183,0.024774401674108094,-0.3629320759409753,-1.47575032684608,-0.04804876311238684,-0.4524111961375017,-0.5378981375780381,-2.3030051318323066,-2.3533231423509666,-1.2765164174871055,-1.8287880304608988,-2.062319691881745,-2.4074441630550494
