script/wind50m.json
{"header": {"parameterCategory": 2, "parameterNumber": 2, "lo1": 3.000054539987559, "la1": 64.9999836372058, "dx": 0.5, "dy": 0.25, "nx": 34, "ny": 52, "refTime": "2025-12-19T02:00:00.000Z"}, "data":
[rows 0 to 23 of 52, columns 0 to 33 of 34]
-0.35156610017657525,0.6522647503967695,0.9302905972127671,1.157921468027076,1.298878724074947,0.8078993456574679,0.28748152037444513,0.6963774497835848,0.14271141551975705,0.2607528550286636,-0.7831620173686217,-0.6144690443930128,0.8984295419662162,0.8149745468572355,1.9124478870074024,2.5819705364260446,-0.9043562419827692,-2.300792552381709,0.8004347596569564,0.16748624727646344,-0.8616495805899975,1.1575222840424,6.374051543547629,5.444589689031153,9.114315540098932,7.165421773805115,0.6682877156091351,3.82116297687034,2.389976041820935,5.383295593307117,4.562994610990068,4.951152879195917,4.037160398013887,5.201813894782129
-0.5732384765817182,0.28054042880428903,0.2840300555628545,0.9382974514345702,1.4549973100298792,1.2357755348579287,0.7211756667566158,0.6113898989187401,0.3735208147831947,-1.3201538075596488,-2.0750239049018253,-1.1451334879349198,0.5256962032613682,1.1612914626240352,1.4420290795554105,-0.14278421523254087,0.038448160753585224,0.08097408656060229,1.285713008791289,3.5183730882337385,-0.9485175596719587,1.5283736907171879,-0.34461373288913183,8.525729205537113,2.4065863332687716,3.2634393827513715,4.234123288535669,2.15252386775927,2.42600976361366,7.373521695528741,4.7235267101378495,5.088452745486168,3.9492731980946387,4.887358343421409
-0.544023844663665,0.017190971088201886,0.5379627361244138,0.4844787265210659,1.1577485181839595,1.5281824543240556,1.1807946975817436,0.663747934750133,-0.05087889115481514,-1.1530032673091926,-1.3581331699310715,-1.6204315179815303,-1.828190192367112,-0.7701683931918109,-0.7704659444012619,-1.436884665099289,1.157261514023184,-1.2315345010878849,0.8247313653427322,-1.6305841418423606,0.412958988737537,1.3927776916211088,2.963276430253964,4.426153943187149,3.536533532958488,1.0349114247569784,0.9088363028886175,2.3859179247567877,4.15600193054752,4.98726960411514,6.898487184121571,5.114520925935702,5.679672792493215,4.239427069050246
-1.266380568743352,-1.193851097450821,0.09218166797726665,0.1626643875489459,0.7539788799983,0.924181713709308,0.14790527410387844,-0.37853821573079094,-1.086068995591418,-2.9983358554761628,-5.833613580986505,-5.662129789040187,-4.073034493527586,-3.5035001711199256,-3.2763499630125645,0.3170614711891399,-2.0774942824214584,-2.575600433121822,-1.4281453303711202,-0.9235114064827973,-0.27617564998002947,1.073403413710082,1.303899879651517,3.77610494773699,1.9721288516188,0.2570188727348236,3.866067881116267,-0.3484637932759714,1.6725791754026977,3.535306149195036,5.73789802969215,6.762623038376604,4.746948254882684,4.2476626377094835
-1.0895695729548032,-1.6845533120304574,-0.7133502673566045,0.09953191322071603,-0.32846626398484036,0.15592539167690556,-0.825264708939161,-3.801288394217333,-6.0781833373332566,-7.298703845329765,-7.050971888365015,-7.15296064046238,-5.3692255383310945,-5.5217627621305105,-6.11836854703507,-3.8660001286622956,-0.5372241829821854,-3.081004173681815,-2.12422974597328,0.5297960590905498,-2.465207954136105,2.4832696062915467,1.2461094009231273,1.0997210084650049,4.631828576205079,1.5066102111401296,3.5869858871623865,-0.651440477734156,1.8709863505642574,5.904642448208115,4.6236737961466,5.6370315616915505,5.484001056387816,6.483126396725441
-1.3103959274664116,-1.7274304863328611,-0.0882397204765341,0.08997409151051015,0.3675009650207062,-1.166722144590262,-5.880724964643067,-7.63016202593636,-8.851397878701068,-9.53057215890007,-8.897978183747561,-7.721375945621561,-8.17021778430498,-6.673552672123626,-4.802598201380568,-3.460592138234674,-0.9045143969098094,-3.3840139861239673,-1.7003657357949695,-5.022977473901051,-4.094928230518972,-4.366262451169549,1.8700616500615594,4.2687660546736765,1.9132017303978823,2.77188335297415,3.0073414017636804,3.5303034623480425,-0.22551932344024517,5.4064198561507775,4.214048575443989,1.2810465127652373,1.4624914546038918,2.840379755635051
-3.04586099681144,-1.6309148172271533,-0.8329074854500371,-0.14705103157722338,-1.0446228257641823,-5.539426987346548,-7.920606667089104,-9.104661168061766,-10.2400369702469,-10.086153550274982,-9.680567570429343,-7.537758629457056,-4.988623873828868,-7.586170166457906,-7.751007085182088,-4.627787585329709,-3.775187584363297,-6.9431227140572185,-1.7966648368475084,-4.875742817035306,-2.587174178489642,0.017204164100377003,-2.595111766094441,-0.6914140004218059,1.2818282888819208,0.7507596524170148,3.032528086270965,0.691460652068082,2.038686727305165,2.2549935594765333,4.250660073237695,3.003956714264068,3.651519886474718,4.469058920925689
-4.879478878127526,-3.2219246989867196,-1.1961279142129142,-0.6160486215210221,-3.091129512293246,-5.944931386270737,-8.320929037708655,-10.043709122944064,-10.07885332027276,-9.30667977819449,-7.086325135582294,-2.5283191638944826,0.7964063572651285,-2.9402276571916537,-2.964945209756642,-2.7525326466299953,-3.536309524793271,-1.4239607304094009,1.9195740142672868,0.6588616042992261,-0.7242682607048927,2.042300734590282,-2.3979386569219914,-1.2646013351528365,1.5835624265701251,0.5174948397247339,-0.46703437271260695,3.539512789909055,3.721051450843086,0.762137633997869,4.71635470072787,1.4642975962555422,4.229866251598942,8.032110833110236
-6.999142591291101,-4.457503680961111,-2.507075269470411,-0.8654418142365334,-3.370231095859491,-6.023553474021341,-7.955285361759687,-7.977234224433856,-7.830951071897761,-4.425314582544175,-6.215217164545852,-5.527920214516991,-2.652307970644059,-8.917204498445647,-2.6513787092966212,-4.4088772562795215,-7.109563570588059,3.3401884863826172,-4.911049703763382,-4.200901797413458,3.5460143195945975,0.879207909149531,4.135275385157759,-2.1318419671018707,1.2057789432964476,0.39414466419395455,3.0494267251731833,-0.23479541024076483,3.2174183750386107,4.2947133666452055,1.629443556994656,5.06744354564506,7.175451969394534,9.425909703671667
-6.145578348360205,-6.303873127270295,-4.1482343183411725,-2.2998721281875145,-5.914475796006471,-4.980172234763499,-5.3025433098105275,-5.352066897789553,-5.397623536691087,-1.9018196633315998,-4.514688432024766,-0.3714514396126919,-5.331106543047625,-0.5591980463635875,-5.076943611493861,-2.1225546430699627,1.350614070350903,-5.825800326560383,-3.7490489199907704,-2.060991811853244,1.3625453179214533,1.3952771754349222,4.075289760019002,2.3176584229775794,0.06258606292979053,-0.014674845364572529,2.878890830295632,2.0383054031906327,1.0761597225275696,3.0598028098921213,1.7342122964835784,6.44345371021561,8.274380153011872,7.889752088103107
-7.20908509760997,-6.987968915605364,-6.380261127823525,-8.01639456798963,-7.0854785991419025,-5.107233684472731,-6.451759645310136,-4.799309677509282,-6.396082941096014,-2.4709869115381573,-6.828609395812528,-5.704264769330555,-1.1609318589542936,-0.4350856134916174,-1.6941434891351985,-5.086160514799878,2.1194207917766827,-1.1830881905947346,-1.7796168256789981,0.014559135564047919,1.7509318939553016,-3.4639356817040343,3.8213342224044946,-0.8656539763891633,-0.5245670278962558,0.2589659958604572,-1.891635350540092,1.240224570145208,1.970569974449956,2.2137631819148718,5.222538158097876,6.64371095007174,6.22259393521845,6.901121274903934
-7.716654312438273,-9.376974285156153,-9.748061798960936,-8.924765859021555,-8.220330779361456,-5.055159283659341,-6.602772797032932,-9.239548675097563,0.013468309407497691,-11.903554047913364,-6.987243455445154,-7.729538605851384,-5.253261325321651,-0.6893021164230846,-0.7355516054393149,-0.9964768599457828,-2.4504794075497616,-0.9282283369566644,-1.1767586605352576,-0.14159335775727763,2.5508681735319745,2.6848743984787813,-2.304186466182198,1.8244394939903745,0.433390818716068,-0.9460272538371338,-0.3875728538868939,3.9054647465296575,5.011975861215529,2.858935398610318,5.8398468524422436,5.378069342349851,5.745225722312341,7.162280417801552
-11.25450778817889,-11.47007316495448,-10.176474915505892,-9.913917388711077,-7.902553629048547,-6.889004646150356,-3.9220908367569582,-7.492478715579327,-13.071751992822762,-10.455164600163844,-11.837385091479524,-11.217718505649975,-1.7338250245877445,-3.939745938342405,-3.723268365196277,-3.6326011510087013,-3.0227457745989517,-1.4980053883197193,-4.135951437261857,-2.4452103038652186,-2.002353700476745,2.34449268146358,3.1879685957498562,-1.4792396747980747,1.288516256354231,-0.4376756451312276,-1.177955927964986,3.0504887479517047,3.801308118878473,3.6191506036728627,5.2734403103514875,4.980118811126363,5.511996160727016,7.034671145461067
-13.81110597199878,-12.648406435316282,-12.945672234992745,-9.662079620381474,-7.5840485438100895,-14.434226411862662,-13.479055186625407,-3.652490765925333,-20.241262587634484,-7.550094190279998,-8.673317602217129,-12.924696770131412,-4.466191330962535,-1.50764211816237,-2.4165506600988285,-0.40226089824927896,-2.041423742115816,-2.4905548677184313,-2.188603120750005,-2.793781671976113,-3.812985669073773,-1.1080208485238445,3.5558509570712378,-0.49742304933812115,-1.8476672791784938,2.196788867743283,-0.03334852484721731,3.882012855772351,1.6606043254199845,0.3478191190250719,3.7659729412205545,4.467220756463429,5.389423222695657,6.705764830978691
-14.833896667354063,-14.502745631091768,-13.45275827399214,-12.233342953838813,-9.638067266337664,-9.425428389630197,-7.358540926955177,-16.128967495255836,-14.87314243496476,-7.1987708725920685,-0.2214334632020057,-6.468400166855459,-4.024507280672507,-2.866816687669035,-4.252311919961009,-1.59702914730851,0.4667366459816511,-2.94984506880111,-1.5143400157359315,-1.5909627533243398,-2.2923589735979664,-3.2359926597590367,-0.9065892823441796,1.9313853308261137,-0.0619072505479012,-0.3029531926568824,0.11237769997541754,5.128576602308784,3.634645675434398,0.8835579890226306,3.1950117641183753,4.995052441559043,6.28896846639747,6.523546840447196
-14.703939484125666,-14.285350940440015,-14.228487997418428,-12.114109134662346,-9.681341935934256,-9.275719318507884,-12.614966948857063,0.15984736559667426,-4.427254206039992,-10.65169397353503,-12.481813532695076,-9.376792130114657,-7.412493045735521,-4.331264164279498,-2.8764782572568883,-2.7264295628207376,-1.5516087144390058,-3.5636130136521076,-2.0181380915954614,-2.3436227313507665,1.6344732929014805,-2.000310633246783,-0.2271284465675501,0.5719386086099871,-1.9954787718384326,-1.770573330874888,4.870537499079962,1.483909168238145,0.6086293892530767,2.22683777847922,4.467117814121984,5.237173956068018,5.7559627821368755,7.022219001307145
-14.568460388488576,-14.608633167462616,-13.562536937543673,-11.79462156244943,-6.549217233043956,-11.013424810642052,-12.525540618773888,-6.530852915898003,0.27699258238775915,-11.837284444087201,-12.608883221374823,-5.6826276852880815,-3.2291233041670475,-2.5519172008003412,-2.4950717394491377,-1.6358094775152605,-2.4494745192322225,-3.6503584475883075,-2.2709394971869816,-1.629492119653754,-0.736760556906666,0.4186816292867888,-0.4709418933027217,-1.1010239763125003,-0.8362324252295663,-1.8558416747686752,1.7825151373779355,2.8117196184366837,2.1853758119907876,2.9290967771355447,3.8737947866753197,4.027899083084221,5.386138028840277,6.394475146383381
-13.358169701730304,-14.04194899609013,-13.69104502126048,-11.356135790447306,-7.23441590487524,-5.7492249122233705,-9.86861308740827,-0.9340441392326085,-11.909655367112373,-9.548964473518549,-8.397334320576887,-7.487415525965765,-2.5917193059069525,-4.661393691170989,-4.311789918932204,-4.121288413898308,-4.503894990040001,-1.991541270400352,-2.6235314659504914,-2.8770236359431647,-0.630617124012208,-2.1417359914804437,0.5265405740827048,1.9284092730500642,-0.866067841102522,-2.307674725436382,-1.1729159295195843,0.7920889471960615,2.0562139462210354,2.8950937837548048,2.483245511523047,4.086364170570216,4.781176128556893,5.626572913709322
-8.883954839208055,-11.917790628580404,-12.942668701687214,-12.187066355135112,-7.81523266518558,-7.23338370174721,-7.611986234296823,-5.105684325140102,-19.583210402143017,-8.86525260179414,-6.898984870163765,-5.709899597678627,-5.323666490498335,-3.258367818262459,-1.5129125587747987,-3.9418586029645164,-4.141323831692472,-4.200233777931971,-3.617218559552435,-3.0242427347602923,-2.3862178199961455,-0.521089437661704,-1.4821726387384988,-0.587529300246212,1.9351832383891991,-0.3866959885575365,-1.4481610416414172,0.4960578053528818,1.3807278725205179,1.204316623647768,1.2670262238307235,3.520813426590673,4.4065683132095606,4.2765588011314
-5.710661954667222,-8.010175197984218,-10.772925917671607,-11.728100941592537,-7.922722491200121,-5.551331098604842,-1.9663340294689922,-4.855565142599509,-9.243487455811165,-6.235417024357936,-8.440733076533057,-6.353926207020686,-3.008512699352297,-5.09317613933088,-4.418422621791674,-5.527631630399726,-5.306422381399037,-4.493876153357239,-2.308727037109746,-2.500948073460443,-2.2957497685697574,-2.3969191704816657,-1.562218524330147,-0.43035580431438736,-0.5833637670024993,-0.2176811241960089,-0.5626900927059937,-1.4731451308964112,-0.6823232409811274,-0.16246656253147596,1.0218744494105108,3.0387824626351096,2.344974783780102,1.5996582167791884
-2.8125590623216215,-3.3644034693598255,-8.465577522037428,-10.687387313643862,-9.229352638466182,-5.233312920441279,-14.639682116841064,-1.8004481102440604,-11.274981621589353,-6.905043096010133,-5.106215193080002,-4.679891982959694,-3.2604492926300956,-2.614873499781609,-1.1248757790124089,-4.820200845192344,-3.4923654860177824,-3.7210825574447632,-3.8668150378805985,-2.781943403862104,-2.7468148933197276,-1.4319325466460997,-1.2770480912785742,-2.031143244445607,-0.7924387904517716,0.28881366119348056,0.6189223082600478,0.43608009575830087,-1.1064966601921262,-1.629939547652888,-0.3049054369219954,0.5101757767132791,2.198043774863332,4.426686667559074
-0.21657559912962945,-1.0307051849489648,-2.6218089619549296,-8.730600969153796,-9.617021372453072,-8.181806745558795,-9.66953265972422,-8.503603962539382,-10.98648037919426,-3.810025196867387,-1.1886854459707838,-3.225133370801092,-1.361302826096654,-2.5697339645654913,-5.499455224590635,-2.975084145656541,-3.22324855594432,-3.1871242043233816,-2.997867409120151,-3.543330425727091,-2.5073483920007447,-2.877469358358172,-1.5070359578688763,-1.529045456535188,-1.6516177501845457,-0.5459320583940445,0.09714870140084512,-0.5592740434251209,-1.205321945818678,-1.1624091394125553,-0.7644807063786173,0.2477471067674941,1.2306591740417197,3.905948673432722
0.7513003212746057,1.0005270030430293,-0.034028786892759885,-2.9311269112421843,-8.533668193818205,-6.911149789135621,-8.738787251907151,-5.338435908209317,-8.184971046987517,-11.557614566147457,-3.3352333450927896,-5.152483834438658,-1.5806122282100992,-0.9782751809762651,-1.1750457961510008,-4.063982511088037,-2.4244888097030075,-3.6845477282317094,-2.371270313347322,-2.5196470801620543,-3.2745394917695756,-2.856902018136584,-2.433884783651064,-1.686346725722151,-1.0309697446599306,-1.6698229094488546,-0.7970165087617653,-0.70146606415031,-0.8562315749786515,-0.5583639017389544,0.39067829830413064,1.2216568128255734,2.7043710348316212,6.341343689138439
1.8645780366088818,2.9437016838913577,1.4404634193056367,-0.5232050850306121,-4.6459953537629595,-7.162718048505249,-5.8996591601032105,-11.125300660260075,-8.606169628515337,-5.472570719957095,-1.1010623716539845,-0.3173166575586138,-2.467525156679614,-2.173864427536902,-1.1599660479440972,-5.1674575055241165,-2.6149924231163872,-3.1428196650060207,-4.112640809208969,-2.532617192568661,-2.0396701320174517,-4.49393134645033,-3.986064560898858,-1.4684386079331433,-0.1807906273897189,-1.5444124481847574,-2.309693346297646,-0.7279446138019108,-0.2237411749126601,0.8159710430165129,0.7680442952123069,1.9645497538751024,6.469288061210823,6.14960732852196
