script/wind100m.json
{"header": {"parameterCategory": 2, "parameterNumber": 3, "lo1": 6.000198445256149, "la1": 58.999992894266676, "dx": 0.5, "dy": 0.25, "nx": 22, "ny": 24, "refTime": "2024-03-06T17:00:00.000Z"}, "data":
[rows 0 to 23 of 24, columns 0 to 21 of 22]
-0.2753840869586071,-0.9093208962782321,-0.12704792597820191,-1.6986819085181941,-2.2821835903163628,0.116639338126136,2.220273398354166,-3.7645385449839015,-5.872360923295633,0.9928820401506764,-2.5189046111242623,-3.34382960803402,-1.2371122306296398,-3.1478351101335758,0.698001427109013,-2.1457442373789952,-2.6843924903450005,-1.786468396660677,-3.2416126961013565,-1.0479970533289105,-3.6780284125657716,-1.490609540210967
-2.6120164471610634,-2.24452132543096,-3.02105578230572,-4.493453101681678,-2.5464666752161946,0.6901010197978609,-1.4920364358841829,-1.1126198011575217,0.6021281854329044,1.1633533099175841,-3.3019448436644465,0.42290749723367355,-4.50429849773875,-0.05757558866469858,-2.7168301583059935,-0.952507538853297,-2.155047648186793,-1.2451162717718316,-3.4141789435881065,0.005047645650657823,1.8766006241433857,-1.232572622245104
1.5861143712094248,-1.1138719878472538,1.2402635690348416,-4.577396217269028,-2.3767398892382374,-0.10590479371467476,-3.5181610243605674,-2.15213824121484,-4.229760387371753,-3.129477546420357,-0.6156602938355259,-6.81627131597263,-5.202153702916934,-0.9810400817031635,-2.121420569012405,-1.3352575279346328,-1.8049839777314518,-2.084549210237294,-1.8040996650083945,-2.126269419310467,-0.06818119691692465,-5.65125398920841
-3.1656442002593947,-2.8592284476019874,1.2562648234965943,-0.007280021288542246,-2.783914481344535,-0.10623249729576854,0.7357467851936441,0.2401996275282871,-0.44471332075726056,2.1635807013143804,2.5835887912153006,-0.7479740044446791,0.46177877036768833,0.5151304840077346,-2.7303348197504276,-0.9706569350005917,-2.5323351766840965,-4.842785611432852,0.9557573010732908,-3.981339323530828,-4.2778872107350825,0.22085414435589512
-0.8760807942348964,0.05181198192565147,-2.2094248693788003,-2.1587152335669573,2.584620492739322,0.9323963652867447,-4.197865434630006,-3.5158652838157374,-2.4962531786555444,-4.285121588921124,-3.228183378302304,-2.416293691907477,0.2853606764627668,0.1830460163954311,-3.2015294076493044,1.935733088021929,-2.448082447866842,0.9379781602336721,-2.780188297247128,-0.9919601535443041,-0.0835995315522916,0.7884517224672162
-1.3345884886886963,-0.7547767611782938,0.5689703579546906,0.790626219126558,0.3161759507301362,-2.2571357064983038,-4.252069651931402,-2.8014933705164173,-0.8952407116265335,0.21719473654587257,-1.5804316428545186,-0.9669964407578833,-3.0791051078453666,-0.9166981249746178,-4.861972836618085,0.015101909552955524,-4.094268082012537,-4.42548126929509,2.0278998245226916,0.39781346282496477,-3.5586589229153875,0.20442856418596153
-3.0410157555351205,-2.7813523421319166,-0.2035911869981483,2.1936778208722187,-1.3965251818877553,-2.3555497621443626,-0.6849015743903989,-2.402798242909092,-3.488041936387915,-1.327381858414534,-2.7529930900434927,-3.974808407611034,-4.4553830042753315,-2.6915285231652337,-2.337934756187245,-0.8221159385143262,0.04364093528305941,-2.3123636230441598,2.2174078323133943,-4.4248692852220035,-1.1848431393408196,-2.9405359066777033
-2.3168169483808594,-1.1518180466597336,-1.6340940653829614,0.8211649860317249,0.7406684818301067,-0.7884754307257926,0.3686529695200111,-1.792147655016938,-0.791224479151747,-1.040490848156172,0.08506815424300147,0.5396506228017257,0.6313162989887676,-2.4628913183149725,-3.1085780119573023,0.06486442023091926,-0.006856592389525971,-2.121788752416423,0.6540190938682295,-5.378041488032577,0.9259657957889244,0.37495457975642793
-3.214811655527446,-2.8607250348629267,-1.9773981448417877,-0.8416055351700252,-3.0013648681966663,-0.38783996634872747,-3.7532477179056554,-3.4461422813763662,-1.651847096239658,-0.9489073418797189,0.3715718992776661,-2.614474588642398,1.1173557728774666,-0.41431239865930974,-3.7961202011198973,-1.0368156864412317,-5.448793545925949,-3.576178297575125,-4.471324974113696,-0.5488234161341766,-2.007365022251212,-3.1564587970408367
1.4480995390810447,-0.26163308189450263,1.2427889470540012,-0.19597763841297125,0.24282327642962734,-4.372073636123556,-0.8809204729461839,-2.4118821308429057,-3.039161511470998,-2.3605561546341747,-3.873182896874779,-0.16308034960137816,-3.010159564794475,0.8225735604172117,2.2245723675080233,0.9419782262589099,1.287295816718349,-0.8088662629071879,-2.9597180881039695,-3.8336668363880264,-3.149533997312285,-1.946245989132253
2.795247862000888,0.7590462798171541,-0.38276168622855694,-2.5850877004656887,-0.9453197735374342,-2.533959080909053,0.05377535867358505,-2.9331536108776906,-3.2926233919452708,1.8124344206853822,-1.5563068591939337,-4.289430237665781,-2.7637664729115348,0.9097295544796724,-0.9015000615400337,0.03656516682015722,-0.2925434967957197,0.4854707016939949,-2.0293105292774616,-0.06824729068243313,-3.9864546160341523,-1.447054496125706
-4.052858383892128,-0.143055579169304,1.2687737714682055,-2.808139728264385,0.22072766124761145,-0.8354832252042731,-2.5484187174139095,0.12076684232818867,-2.42029059012998,-2.2318385372654346,1.115424354269751,-1.9391132942019442,-4.96096051487326,-0.6963736511768175,-2.396700630091334,-2.2288589533164838,-0.35973523489163045,0.32184556050449226,0.37918253034331467,-1.1886272251686072,-0.7477921964555325,1.0083901197695675
-3.817394370454588,0.9995395838169732,-1.3649139442059688,-4.44060374887996,-3.5954148236024754,-1.9721522820560977,-2.8098818112617496,-4.138381249347558,-2.5946486980625636,-0.47008998989890916,-3.6564478293100238,-0.06772263850378345,0.10164509473042879,-3.826344494904389,-0.7900498551127961,0.029041837611060366,-3.185696239326495,-5.628799325582797,-1.329036696201413,-3.0190100649438274,1.1978813717519223,-3.5901650999997012
-0.5209149534139377,-1.6028561303004183,-2.7504786644803505,-1.9846174432438433,-5.062051542207181,-2.9392602613311065,-2.1658383452122756,-0.2858985650116958,-2.46899669776045,-5.717408953987342,-2.0617140087682446,-2.5789924742425403,1.622276793561637,-2.9018594553054124,-1.5161270607081245,1.9364118875851002,-1.8270463896322715,-6.321152738767446,-3.42145171237312,-3.9644006555024136,-3.207539226576354,-1.3408995970917312
-1.5793112107195695,-1.9101939461407451,-2.7263532727370485,-1.725202907535956,0.6775465241423814,0.284567697159107,-4.830665649492527,-5.028746701585367,1.0830179944000988,1.0161369988326816,1.7264929642091427,-2.603231930258532,-2.7315379664353943,-1.7703889944170974,-3.8838654650570255,0.1374239374813417,-2.5234860719849888,-0.3190879687623724,-2.962969733211431,-3.3851477498459963,-4.017359429997533,-0.8913581225988207
-0.8815659795658822,1.1410922722287422,-1.8525407268826963,-0.02967654842515674,1.115820510510688,1.4215962211086433,-2.1401709760175347,-0.7891407981000869,-1.2326411002149036,-2.2478550553417853,-0.12206754028441505,1.168285080470889,-3.50723460765404,-2.227626448531922,-4.659684756823384,0.8811032479362576,1.065647461647965,-5.551695447851679,-0.4954651338135702,-1.4311575489337331,0.08755339821420233,-1.4186995073200455
-2.5113588378326877,-0.6711226900552719,1.665405329197783,-1.643348405461874,-1.5817069637964305,-1.8310302090815347,-1.040283299175273,-2.4475443765929703,-2.598562674285893,0.15621623730355455,-0.8820127784492366,-0.2816578355447725,-0.13327918431073582,1.4169980292886704,-0.561921929568779,0.14607148517030125,2.857474281022752,0.1838760122015107,-0.0517653712967653,-3.3691035544927783,-3.195681086112777,-1.2431492006544924
-1.6452087277014358,1.0354864417149463,-4.062188406410585,1.0118050777151537,-1.637202975186208,-4.053816878912616,-3.3089496338362023,-3.1812620722466813,-1.025460704298676,0.48965567806614146,-2.4295236253343164,-2.4614194216253544,-2.50129366319306,-1.2815336906938979,0.5240566737904796,-1.4214634255594774,-5.166652788047582,-1.5998676454425895,-3.4076116457295704,-1.5731958793576692,-1.7232235956846225,-5.224375777912775
-0.018976842692438545,-1.8479124696170999,-0.8389417152507999,-0.6414741780768133,-2.005771058631706,-0.2921163564829151,0.031907086383545676,-2.5376541977316562,-1.4990444648208245,-3.2363635454789446,-0.3026992719867844,-0.027719538334500526,-0.5127723057169989,-0.43122601257639553,-0.3551264085905043,-3.2682120423138814,-2.2780320977467183,-1.5725161312891516,0.3391079830161584,0.9950539729187662,-2.4863337115534665,0.7319284317942388
-5.0194025234337705,0.24681159496577393,-4.278832194129445,-3.507103599012173,-5.269416884231826,-1.3542795033927275,-1.8768264373318508,-0.10409096462912537,0.6530100375727717,-1.3456808172340997,1.732282932430109,-4.986017372060594,-1.0444785932065765,-3.584773020604142,-4.4779805649496485,-3.947501021485809,1.0474742831355575,-4.474195320434883,1.4001113492415533,-0.768782828133658,0.3443548263950883,-3.772300524926715
-3.849451367088053,-4.224678948671865,-2.86961452737721,0.07272325449409048,-1.4430131026182489,-3.4224254774901284,-4.321146120636708,-2.3035457386064992,-1.9520669868000646,-3.4105221348396433,-4.063363545332543,-1.8516914020062585,-3.7042742052789803,-4.261770625658163,-2.9381240330281617,-2.878707550734004,-1.9039159263587853,-2.462426026150845,-2.263186387827781,-0.5432983072886479,-1.811787706142105,1.786843020001758
-0.8844151861252988,-0.516049790094242,0.46497614781154506,-2.02006538613812,-0.7896457211481218,-5.0755969400078005,-0.7575518134627802,-3.9966219745399076,-2.6572548951876818,-3.250279480777453,0.1974983520712713,-4.548769592211839,-3.8072469446333534,-3.247163729527322,-2.2766702269052423,-2.392680105354609,-0.054431983780206666,-0.021200838526772525,-2.9309742711367233,-2.2270627441552096,-4.574598892173301,-0.3551968156962114
-3.071251738124235,-2.6520181909366123,-2.5135637372842825,-0.06864523418201172,-1.725578265680118,-1.1530205363525508,-3.4880112361176208,-1.4651292020268931,-1.7330467699838792,-4.113235933357997,-0.9877995191396073,-0.9729876088163263,-4.155334677949162,-2.748933557599563,-4.4602188983732125,2.0849096864352723,-0.0698223657195078,0.006772851123875297,-1.2843215812186133,-3.541436841869579,-1.3306521833947629,-1.0471471729498611
-1.7851846403967409,0.5567386558954738,0.03139332592613809,-0.025097678089781222,-2.329286037530777,-1.877231500049269,-1.812616510917417,-3.515611946626171,-2.297288927665596,-0.4518002603850439,-4.085351746867023,-2.9045415436895183,-1.2347289763213765,-2.5936263825861703,-1.1689397387770362,-4.127715105518067,-1.9572485082838171,-4.51856866541321,1.4130144885467268,2.486977684227095,-3.339030077578837,-1.3322978680553905
