script/wind10m.json
{"header": {"parameterCategory": 2, "parameterNumber": 2, "lo1": 3.000054539987559, "la1": 64.9999836372058, "dx": 0.5, "dy": 0.25, "nx": 34, "ny": 52, "refTime": "2026-01-22T09:00:00.000Z"}, "data":
[rows 0 to 23 of 52, columns 0 to 33 of 34]
-2.3150114444748087,-3.466654110063675,-3.321878468184872,-4.158228858177757,-4.44833610336883,-4.920291037694527,-5.658821133916571,-6.614077857813862,-7.805259896916783,-8.466211695169674,-8.373134915128295,-7.773345268947231,-8.301732659342026,-9.214629657437527,-9.990109395670308,-9.630765310528215,-6.664318355229526,-7.367382020525854,-4.343515179304372,-9.527210934961937,-4.386005603188641,1.3815704465243026,-3.7150045148522,-2.3065054655067816,-1.0719687080783056,-0.5987027695746135,-0.6813070791986415,-0.2290082637448689,-0.529937840097215,-0.8312902609614176,-0.7907313064512095,-0.8672269985264549,-0.8224227652586735,-0.5478663254679613
-1.4279810328746265,-1.1253428982370268,-3.139693584298054,-3.362382664929562,-3.9708007522317477,-3.6264842686878245,-4.611700350861925,-4.796243144408644,-6.802507326920971,-8.101284930411843,-7.994094019285887,-7.630077816674922,-7.958674385680998,-8.38596236093534,-9.880418373029045,-10.63636348539603,-10.087804169436975,-5.260411445539371,-9.522390544260732,-6.3446969663310515,-4.3093720754066815,-2.9386611633232205,-0.6601922175623958,-3.9729589365610813,-0.895573131251751,-0.9825972249874383,-0.5321468804314715,-1.2350805882672402,-0.6122722569129136,-0.2517556281502355,-0.7250891570130152,-0.6230695059957119,-0.7930027947545764,-0.750983609664069
-1.5274315848179048,-0.3069735135081546,-0.34842144869004,-2.074347562422322,-3.2374357179943205,-3.60665763972378,-3.6404213784325727,-3.7964178304828953,-4.880079632510477,-5.899349402945276,-7.115974923637964,-7.311488336233393,-7.564741902679542,-7.58523097858683,-9.925840930600275,-10.395079501427034,-5.939878187089487,-3.3647713540808826,-3.807381686279669,-4.548478402778944,-5.370771481745686,-2.3008218766590174,-3.064757662724724,-2.0840878759642583,-0.7789621131949527,-0.5459820689964873,-1.196645219254345,-0.3832966379416327,-0.8396865291746394,-0.49797175837246604,-0.03550103930088106,-0.4484762785547133,-0.4643681112314342,-0.9237411216722584
-1.1945931169224273,-0.6269635947618323,-0.016755758031039503,-0.7612278107178525,-2.513485848401488,-2.655421712347316,-3.295353836877921,-3.830765829551639,-4.32346696550421,-4.938858783830506,-6.973750253617573,-7.635740258716369,-7.578352099680973,-7.6016770505631355,-10.565622783296293,-7.355028992945429,-4.4665909569192594,-3.6879841234242883,-8.390503164671891,-1.6595405376589472,-6.890413322234751,-4.639628337651348,-4.0166054619849385,-1.3694663952662744,-1.3455082483095808,-1.0735065782300355,-0.721766027880934,-0.6814558980006861,-0.9447548657231176,-0.7904893664525668,-0.5177528530661362,-0.6109174563877147,-0.4163476764162209,-0.9875625375476191
0.4261245841862486,-0.19106457978185104,1.484172390388971,-0.6428785573776068,-1.961006363492249,-2.677054228894491,-1.6716665582271215,-2.3505962888317327,-3.210454562925701,-4.7272621910873465,-6.902302069870275,-7.9722396910519295,-8.60534674089017,-9.262507521428182,-7.657344019817156,-8.338409752341125,-3.870781508670035,-2.5683695224966123,-4.451768470095805,-7.426103896777308,-6.599624993975764,-4.972935215505404,-1.4896937457173292,-1.4869240279677518,-0.8496551021166464,-0.824263747331244,-1.2313606926421823,-0.8008626961265417,-0.6733163571546553,-0.7745101802835666,-0.7296351365925752,-1.068204184974406,-0.4555495807107606,-0.538274413323136
0.7512187357797749,2.4590476899239024,2.5942555435249925,0.7112809597195681,-1.2888046620916298,-2.5145842599665587,-1.6423461888943174,-2.238431622506581,-3.8048020934537248,-4.190459819780897,-6.004284616242744,-6.005289334466517,-8.895844137687204,-11.172747312499926,-5.2963074046783225,-3.5519458132761237,-1.968679661641268,-2.524994172610006,-9.060590923038857,-8.288401710531772,-2.80981579225525,-4.0656726386216135,-1.2489253193643866,-1.232548149854457,-1.2355512735002139,-0.9638047578212272,-0.9178097411130949,-1.0654371613974905,-0.42536330180104664,-0.9511420755934917,-0.7633843924292013,-0.39105318403825,-0.37266056870725983,-0.585755195692748
1.3146326358789575,2.733183850127177,3.275383830962316,2.055629078726853,0.43944507342254857,-1.2160634180232932,-1.6884836855323393,-1.7519254652883203,-2.869760595082714,-4.243433082013224,-5.374077171362608,-4.018749112023948,-4.777258754870257,-4.883110770186321,-6.837002712334286,-6.204717315930621,-1.9469547281377788,-5.209365695549825,-7.86884692520629,-4.566677935180418,-2.6934851365632175,-2.187599245569118,-1.9425890297649486,-2.142325926243389,-1.666623914058649,-1.164889700026729,-0.8860603639874315,-0.31639687640335273,-0.34176624208519885,-1.116046981387958,-0.6629721678674412,-0.6101303974257064,-0.7919077589230669,-1.5035453027287093
0.7340412137013189,3.3435752935705394,3.250808095929908,2.73081979848246,1.3052576097616213,-0.6746267308015567,-1.8191066813667758,-3.0790617106557443,-2.630973224637738,-5.568865793399954,-2.13573975741722,-1.372426767435559,0.7410256953226105,-3.5808490005016216,-2.749253864398028,-1.3556003774909124,-1.6163055094880843,-1.3126125717318589,-3.317741433229225,-1.2977178896221486,-3.7340464498129267,-2.091024484225934,-1.6690751539443274,-2.5180081051014263,-1.2724789264680345,-1.0775813793898699,-1.265757698903166,-1.387665126467003,-0.40583726724931246,0.059935911431941574,-1.258074969163199,-0.7521627325548277,-0.7883526793750013,-2.696674846550058
0.6996702170713355,1.9656827225915563,3.2981103774460747,1.6071106878669346,-0.8518046423184864,-1.6646482079735565,-3.186726027183123,-4.145604206641263,-2.168720693182982,0.16189949896534286,-2.0465516188044366,-1.0794014313523799,-2.9715188323997626,-8.200274823656308,-6.275258043408748,-3.0077971952510434,-3.0980710676636267,-4.790132919607053,-5.227709948933113,-5.035390116204029,-6.937417261659433,-1.930811152488994,-0.6661240135142088,-1.409643346118047,-1.4511112102865433,-1.3564931596946348,-0.8442895224275919,-0.6895728126467224,0.18548282123455342,-0.32409148601130217,-1.0265900055779567,-1.5407521642366633,-2.9208730669572653,-3.309124288170547
-0.5944026644706376,0.6388229208762278,0.7364531083185689,0.8122099694270696,-1.6131591574880186,-1.8420927433255796,-1.3972027273420355,-3.17265914179327,-3.784542091095552,-0.03267891716160411,-3.2114835695486486,3.3072678110476192,-6.492656111009369,0.7835053743978766,-0.984540883773341,-3.2410032207885773,-1.6562065294967314,-4.957563641020966,-4.973182857519103,-2.8550762885128336,-2.898306158628063,-1.8784531390607349,-1.3664579656816818,-1.5838523688440227,-0.9148742397225162,-1.8599414608704352,-1.1145509500519928,-1.7668204437484318,-1.4495763467894371,-1.2809245619253642,-0.47554995976543113,-3.7911945116060894,-3.7049091276770714,-3.430235836067321
-2.341433053285708,-0.22515610788304366,0.5562677790580607,-3.9869686477345416,-1.469693732358188,-0.9510003481485338,-2.9236070408360555,-0.9284661038174029,0.019923852234435338,2.8129966267123923,-6.453651768595092,-4.163130074032658,-0.2671961558583421,8.746471837148771,0.5521996957659862,-3.9572898677633037,0.19807508497754805,-2.1534781410962407,-6.758474418200001,-1.6557360371253305,-2.7157977172492687,-1.3294069117258802,-2.425298515080619,-1.1570712152127907,-2.4548664335745096,-1.0424928844572023,-0.6227193783849816,-1.6906471069020663,-1.1761781596402805,-1.387625639767764,-4.23590596988474,-5.024489420055228,-4.325816136092753,-4.1400300263910905
-2.99177055281195,-1.9638455900569016,1.6825940301243338,2.5760160923044073,-0.8231669428187092,-1.6637467283821725,-2.2948974575747583,-5.397938318334846,0.6235869863950135,-9.90229140448857,-4.587860788546252,-6.092116708619702,-5.619550520000051,2.08734307056355,-0.3276736576396534,-0.9704410195200585,-3.6984706710397393,-4.8926020458279975,-3.0397263848018388,-3.743161026927021,-2.733333743631215,-2.760487929869914,-0.5316420061981868,-1.2583146076488612,-0.23684364530142335,-1.6479987712719484,-1.2392471816062094,-1.2567724288410915,-1.1890554575265135,-1.673412305498692,-5.479299881691503,-5.17910351177763,-4.96254847103237,-4.986392184454107
-4.3593009031403485,-3.8519965303673906,-3.6926376894546276,-2.9870466460747243,-1.4085143647122038,-1.4993167524165776,2.3225358806445313,-3.305417432082038,-5.475630155291109,-4.804976305724257,-7.096200875927505,-11.796195723860606,-0.6958071701382704,-2.579364922877163,-1.3543796674728623,-1.4780298183465412,-2.4896836930554787,-0.3037975745648947,-4.187469177069105,-2.0985467261307176,-2.379118568264735,-2.151279930049751,-1.9053994364135676,-1.7668297595184534,-1.184590718722702,-1.617107062308797,-1.6432519759793778,-1.8510421036516365,-1.3871253457020989,-5.64588179523739,-5.5016121295052605,-5.983539750605167,-5.814431842283875,-5.730931711721048
-4.772919617784216,-5.513001787806383,-6.04747036715931,-4.60738369804611,-1.8822938180518938,-5.807362316162542,-5.057644368567589,-0.7262824635113767,-13.253285796543903,-5.314978334533252,-2.8481749145636273,-1.854903953547668,-0.8310065624945472,-0.18394010619998374,-2.8577703032436665,-1.048265730529616,-2.1923241004411818,-2.103193092112117,-5.1824932360045235,-2.6282006692088107,-1.3592222315774385,-3.698990040558614,-1.5830646628226104,-2.2543082211566854,-1.0077508771193935,-2.125979451878677,-1.7950360925636222,-1.6055867136171607,-1.6200978795447336,-5.536309275363382,-6.071517516377515,-6.351546985589724,-6.257569091336772,-6.2556791856138245
-5.4807036429409495,-5.968850718615579,-7.195398667920167,-6.209847740576583,-4.079896678694999,-6.519134425842512,-0.6973021337697531,-10.424905157458353,-6.887060013136905,-6.468320227151724,-0.31426405696659965,-7.583169491044911,-0.194740450594988,-1.383453977001521,-2.026283027483784,-2.82219506845836,0.5931059541034605,-2.71377794663841,-2.424643675476652,-1.5049504607086128,-0.49848151231117527,-2.3113094295624848,-2.6440891975113323,-3.0457065351940678,-1.7472027042134808,-2.239495513280916,-1.6198888396042588,-2.1496665365583096,-1.8111160834211202,-6.520517418902892,-6.645295102976911,-6.621192171267075,-6.619545020026793,-6.594980186106031
-5.363149673637121,-4.842579023962318,-6.268392396125411,-6.405113158481985,-2.789744425052759,-4.167257827434619,-8.224616766635458,2.173316576169385,-1.6724776702553614,-7.851010900641481,-6.8483689351538075,-5.923925188473622,-3.7661724062636006,-2.915493485317648,1.1349048171623624,-3.9529821444247957,-4.751285629756693,-1.7447887721048945,-2.9948461710155705,-2.011293537058129,-3.535475950348226,-2.8562634601241665,-1.914303390141806,-2.2386380446348637,-1.4532842068247616,-1.9777250591632847,-2.9577980253131697,-1.754441463165801,-2.4600212896713147,-6.866697421875581,-7.261796821692966,-7.190475312266785,-7.563389505717865,-7.912574325943751
-5.15418146800442,-5.679633498255253,-5.690224208712158,-5.29264916133033,-1.3198094289094353,-3.558708909577547,-12.800430682745693,-4.184600546448123,0.11690634967204167,-7.282548266067641,-8.257957772644152,-3.9465051043171013,1.398324592040418,0.4927638495483289,-0.06450683282747081,0.0846601742254715,-1.6572898390181177,-0.370548671984317,-4.058151313309871,-2.4973087677307713,-3.743455437587189,-4.227653791503649,-2.586009620083755,-2.2475101014215455,-2.1353609766255834,-2.1711416216756825,-2.741497224536246,-2.5150901072986125,-2.665493524668734,-7.3063643230173945,-7.974195013487867,-8.036870490388416,-8.241174830240185,-8.249217825918889
-5.291715178480219,-4.530689500422541,-4.94189129436446,-7.739583706393893,-2.7743014221747573,-2.825109592351268,-6.1947435053832525,0.13134545433834377,-9.774021638038198,-7.392269890019334,-0.9181980657527744,-3.7136846916691204,-0.5774681684750524,-1.8539449883109536,-1.0628747284215363,-2.246615407438344,-3.978570539634155,-1.8958826503690447,-3.276286805260587,-3.503604381082244,-3.354109775953383,-2.616678058846259,-2.8450140224751332,-2.5350256444755637,-1.5810848698458828,-1.9222104108912634,-2.7323943414762826,-2.6332916428078548,-2.4932386208353337,-7.90590666572017,-7.662913711924868,-7.745482720947145,-7.892555515229487,-7.9145105495973045
-6.164094226711697,-5.876948123167082,-3.4370406720523294,-4.859286956038425,-3.5210939613644756,0.241421735343164,-11.05161105886727,-4.178991703407859,-12.46507651063457,-7.657078408728315,-5.276039985942726,-1.8480099703995396,-2.66029923049134,-1.236989864731063,0.7637002745309669,-0.5837761056886419,-1.7101847324726884,-2.6529148680919903,-2.576774679720059,-2.8917721761331197,-2.5348107552861485,-4.708815519150893,-3.463247274411679,-2.5861679173502656,-2.1936825759110685,-2.3120225258638505,-2.97013916526997,-2.794409229634912,-2.2015813097464583,-2.351552311323572,-4.914727843597074,-6.854398670319892,-7.272384129896839,-8.113423414318254
-8.233415393658557,-6.219149068323806,-5.1693133444105905,-2.9403808036501378,-0.4352300913252935,-1.4049892081312068,1.743083645133341,-4.728480281526614,-10.72919002000477,-7.371952905121388,-4.8329490443851455,-4.078144461892557,-0.4867135356021399,-5.4982505145461,-0.8611711734512405,-2.8325888881984262,-2.4976080279548127,-2.64178870850103,-2.725286834819981,-2.550431388642516,-2.6960281586683945,-2.7845471764875884,-4.15485507693567,-2.788478212509335,-2.575112914012047,-2.6012416861209586,-2.6797743166424226,-2.347710346745242,-2.1152437491504466,-2.0813882446982976,-2.3552136203901903,-2.9481875165217204,-8.264792725594235,-3.164900444406982
-9.375431812915966,-8.740765557455006,-3.8597828598115616,-6.4487532517969495,-1.778528765252311,-2.4217086131781262,-5.05242634272078,0.02886814857948775,-9.609991703491238,-5.568684626056751,-8.96586599418618,-4.4227631491519945,-3.05507513252933,-0.29352252175115556,-2.0704651456704126,-2.7806824745209515,-2.599404154467112,-2.4433544475076046,-3.225266329931926,-3.1977066285613387,-2.96393530431243,-2.9336130237095475,-3.766613679430574,-3.178916251167225,-2.8263708003649985,-2.711507181282839,-2.467089324883916,-2.4524924642285306,-2.2383139895307402,-3.3937332313297164,-3.480288786004746,-3.0605467833677387,-9.437755543172296,-9.235552107423006
-9.030903895107935,-9.100094041497144,-9.111278065394359,-7.958079216286154,-1.8248498993669935,-8.082990646476773,-10.747715107523574,-9.429434581653128,-11.000241804410319,-2.646185087965796,-0.7084107785146755,-5.574577676341536,0.3838914604535137,-1.2887895309147577,-3.616917045609819,-1.9101461745987836,-3.230189494852131,-3.1885901149555465,-3.344805085924781,-2.338422907175743,-3.317852605459242,-2.6818999800748338,-4.033321170592029,-3.5127276097706774,-3.4942116583282,-3.1102437057960226,-2.2369203743269686,-3.0215437216586443,-4.008579841766593,-3.910368047528726,-3.924879769800399,-4.523785110704301,-4.127962040675582,-10.89538744304943
-10.247448166466627,-10.323970967003051,-8.619204344048601,-8.969715953864108,-6.727377893742729,-4.143837189278709,-9.396419661328464,-9.930675775977777,-11.083169802601487,-14.796083768587767,-1.7054622714143726,-4.690912443443278,-0.7918478031890683,-3.1962781590825764,-2.659311800723747,-4.605555122313326,-3.0538511442209852,-3.9452618287515526,-3.798682266091677,-4.083826096669021,-3.4103102236160607,-3.5212964520583885,-3.9976314032491844,-4.156404529304095,-4.6683659168491864,-4.76206063704935,-5.427607176355539,-6.316100435916421,-4.506773079034108,-4.506983891548052,-4.48528138440446,-6.166372838207868,-10.17121512389132,-10.880597788426124
-12.777694434538493,-10.6376443505764,-9.752619018687678,-7.846322894037667,-7.576223077219958,-7.1661244121108,-2.0679638164480143,-21.57127500396181,-16.611094536348702,-4.305564840404836,-0.5508641238846067,-1.907262593975648,-1.5959057686399623,-2.5787376055472393,-3.270338225138597,-5.583046410291918,-3.7257957185026935,-4.61234847432302,-3.9891701401641626,-4.266028414697323,-4.144174336779058,-6.430122922840213,-5.7239509776567115,-3.8753756441124185,-6.465085647487485,-4.479177191498371,-6.730111681044489,-4.336361493195895,-3.8065426985045967,-4.100384547520821,-4.762659239874469,-3.883370131244347,-10.307144357095096,-10.93344807835299
