script/wind10m.json
{"header": {"parameterCategory": 2, "parameterNumber": 3, "lo1": 6.000027932988019, "la1": 58.9999434238085, "dx": 0.5, "dy": 0.25, "nx": 22, "ny": 24, "refTime": "2024-07-18T08:00:00.000Z"}, "data":
[rows 0 to 23 of 24, columns 0 to 21 of 22]
-0.8080705078100743,-4.618585236927519,-5.072348067110397,-1.6911249862346809,-1.8066158719245524,-2.0034420882986357,-0.9703160987662336,-1.9403363994297491,-1.4374796629883602,0.5052695789626349,-0.8944573861577786,-0.2470498616797663,-0.6234639165765206,-0.982480262209727,0.3748646931859597,0.8786879505571109,0.8525405155457481,-0.007108768456385946,0.6880763064726618,0.5643917039143579,0.9468922758018312,1.40522777526638
-2.5467279943646437,-2.5031478059804977,-3.589628170922764,-2.3056229407370865,-1.8067143822253744,-1.0118114549921873,-0.6613865944622159,2.0223251970781777,-0.275305563065599,-1.1987302968577789,-1.5628565525236209,-0.2571990012499279,0.1932221082331704,0.026543175112910076,3.1534377210390616,3.709419215949191,0.17953678410558085,-0.04619062870105662,0.8956569014603963,0.9318452468416725,0.7824337220084873,0.9702760027463228
-0.9327362184956424,-1.6049310281048135,-0.3930295907473519,-0.42057952693251105,-0.8775677763763579,-0.835004986582485,0.9954038270299773,1.509814873952453,0.5333179636777667,-0.13282271425562214,-0.48578316348563094,0.18194098157663802,0.334899121923167,2.953324415118008,1.4166480365187093,1.6633474359613216,1.3595631100208798,1.7984132061336828,2.4905974859916102,0.8136377790607503,1.3794944503679332,0.9965565353802484
-3.555798794511495,-0.9075181027977652,-1.026266307042371,-0.9736337095603803,-1.1355769533350855,0.8123268224279815,1.9230393572768896,0.6901720597192028,0.3407470903971464,0.4596227449067492,0.6399267215787725,0.813350507297855,1.167481508705372,1.207795859662981,2.4736236763529442,1.0362536251410035,0.9636734156412341,3.5222490833600197,1.3832147298123811,1.0500132824467698,0.7485691444391996,0.5375829642464396
-3.3464763104773794,-3.306378706971149,-2.2573108493781895,-0.3293908411678553,0.30549353221920705,-0.1239131763102769,-0.3763714973719898,-0.11281529547650537,-0.3121376129647291,0.668376691026562,0.6941936047620051,0.6821738632112007,1.4322458269192484,1.397242379703478,1.5357909131078,1.697504635548459,1.0548055321745526,1.6897981925977978,1.2122691780926518,0.8600526945191127,0.7660048899430173,1.0199231756895477
-2.516104816042206,-3.0589489651429402,-2.9577962082804845,-3.100675342475716,-2.2654980838825987,-1.5467266552640475,-1.3772554869654394,-1.0404834482638015,-0.2743413414170121,0.6174682344697843,0.20213246835353477,0.6408033930743406,0.7023937442498185,1.7197571969366223,2.0281181304925737,1.8372624324619606,1.7666599036806594,1.4723770352728842,1.201093392684378,1.286726464095388,1.155974144580946,1.210001330258539
-1.9215915845668925,-2.5133621297910067,-1.7585815599267924,-2.080960519854575,-1.609595851397027,-1.2485269769348715,-0.18362432950096955,-0.6862585717057336,-0.334622283838029,-0.15927226927760776,-0.2593461407543289,0.14737922666572875,0.41023603916831314,1.291339357783193,1.2925775164541535,1.125340118054131,1.2466130505429047,1.0797715725437085,1.4134448659881595,1.1322501581228286,1.0716350240316395,1.1174765946189678
-0.41481937388568724,-1.8349448116078644,-0.9706805917180665,-0.8021285596939005,-0.08469236872747153,-0.38111614147275086,-0.7050671552549552,0.18106028307463748,-0.31548700367939064,-0.898510689680141,-0.5044999509442541,-0.3938972474339178,-0.16830915019032913,0.7421341070456213,1.0799023493118933,1.3195992886965957,0.8703562555934983,0.7064149170482927,0.951391823814048,0.6113613687415406,0.7778234831537952,1.3102568808292199
0.30049568836209206,0.19335075806867755,0.01411265847634642,0.39484280663102217,0.026067157454078612,-0.1438572795271772,-0.5365175092915523,-0.028570712429440526,-0.3873737287604528,-0.47784263012828715,-0.6168022140189896,-0.24487204671357465,-0.23120890915242656,0.2725984833816272,0.9161076301582979,0.6068172278922421,0.9986380120304775,0.7339162997491991,0.7550511046658904,0.5540542243204283,0.7140423985448564,1.2053975044528462
0.4776827839942787,0.8307316412405652,0.7755123340951492,-0.03740235904044509,-0.7682278394950652,-0.20072027220621932,-0.20556689750019244,-0.15518254008441185,-0.09445194406826207,-0.5179709537572446,-0.2879238120683422,-0.28450357908650026,-0.3743638271595141,-0.5456913240226606,0.3343342533395238,0.5829047958537854,0.49844912812257613,0.20969682872536083,0.4200366168728791,0.5628021056482229,0.5473804546034816,1.7618567350246115
0.5304780157072566,0.5164723263539683,1.126904326770086,1.0400137115546566,0.5141804736609472,0.09472039020052425,0.023708623654385436,-0.18771982496160128,-0.36591475469656787,-0.14356012164011184,-0.927154791595526,-0.5716443240524655,-0.4699560261979743,-1.024025017047318,-0.26092701577012734,-0.0352195917120144,-0.09681052711679458,0.018747998471525182,-0.0249761847875123,0.07124960466110626,0.12192945828787313,0.6473498875123569
1.5315418294679373,1.962204085949821,0.7504511848895308,0.6791735017322328,1.3852638357937743,0.494229007028126,0.6193715652629107,0.1696595780212908,0.034317096146489576,-0.06807712007941416,0.38485755637064123,0.3439310525665134,0.42957064615858914,-0.2978786951021896,-0.16038314452952498,-0.33432007919773693,0.016041635537067674,-0.15674449421979492,0.09052060565718437,-0.08930977687049733,0.12262335586296864,1.5843455629170509
1.1513130838447412,1.5023008925100703,1.390841967991297,0.3531463918169798,-0.6558537101139541,0.3212907423171459,0.32328559586100664,0.5216558826742906,0.4049991341332952,1.5538853267753563,0.9194637713011946,0.6332693348536413,-0.31832252849384757,-0.42682545485784706,-1.3166994520836015,-0.38014789492570134,-0.35699620482301425,-1.0239386374829544,0.5156927051128333,0.38631208667345557,1.248113559985995,1.1833936594663885
1.6665566963575358,0.10644320221433348,-0.26077941896641743,-0.736950620816932,-1.1696557822833349,-0.4020654482963822,0.3747637821907305,0.8256693802468554,0.8455071263269849,2.6782618230609003,1.813076597776909,-0.2147271639825177,-0.5185507087706572,-0.5493383222411725,-0.9796603782860142,-0.7135139894555934,-0.21569354732590235,-0.9433286350682101,-0.22152462406916973,-0.33121916039366933,-0.4255414713458819,-0.09771322296754616
0.8074687223408438,0.730746868914694,0.4008846515653954,-0.2660659640033448,-0.22738124114761127,-1.1587321814513898,0.8498683340180401,1.15043758466747,1.2223721663931222,1.1412175308638195,1.8512472342031574,0.3057776840683033,0.2566705280238644,-0.5425976030551829,-0.5457262752771231,-1.0062592960274008,-0.9939766776697091,-0.2975550248787019,-0.25189387103593575,-0.2286224584299548,-0.6566955454931123,-0.30021268220320196
1.4021630086165193,0.45137934341975866,0.8537032975436373,0.7349232247808071,1.4503490528291718,1.4245944410275897,1.115663258028996,1.311801473668662,0.7180765434027812,0.6151767724055084,0.5565690070969874,0.09304574531523238,-0.2552918154115463,0.06651901129714483,-0.3634559319055953,-1.2897169908098094,-0.6781640893411381,-0.49736423130015645,-0.32359325081213214,-0.5550115510837113,0.0010716352495701352,-0.03267871109132649
1.5890096588055211,-0.4334529317117029,1.2163602705210068,1.7248934647642775,1.6518625846430184,1.3346211385102624,0.8172347391559572,1.3556274622538047,0.9643330092024981,0.22861930833258642,0.6866272270162633,0.05442879421859179,-0.1022209462678474,-0.3558717591551701,-0.8271143581899296,-0.7783847427694592,-1.5322646810890819,-1.85357158497916,-0.3683515926117125,0.20260832635076603,0.2733824758025343,0.4915583264208263
1.4531714272793292,0.4677352888789658,1.802592531460309,2.054719488303972,2.3214771280673627,0.7718690640244773,0.612548187335576,1.2664347646969532,0.8496186282566794,-0.7649889264660094,-0.05201934713642112,0.2686006024846648,0.06027932270712584,0.16076616438698949,-0.1365422272911148,-0.6084655900787614,-1.5292441888946084,-1.7833086570603278,-1.34197048414297,-0.5561865079937756,0.08252389391202271,0.307314898192461
1.3144326020018153,1.788439681220433,1.0548539841436582,1.6508369700984311,-0.08510893107824172,-0.39974644906419365,0.4222242289550215,0.6598786052494331,1.528419678392224,1.3221394352904958,-0.12294679247088616,-0.2722324807357822,0.21701590140567734,0.5123295409303369,-1.4391157582802685,-1.4149020515854775,-0.9290672337291128,-1.6715414787102878,-1.2293966864492363,-0.5881354129539597,-0.08878987099177246,0.05484199316667243
1.373761503157693,1.14711191171774,0.21983554023720117,1.7733234773190159,0.20062499246433468,0.42734338473921546,0.24743106804552423,0.9654757374159391,0.0679433316130277,0.4384918855218099,0.13976011117218975,-0.16406946138445264,-0.00221136933410805,-0.21692706613546345,-0.2825169021913619,-0.4886863547997886,-0.5210363524155828,-1.2302645075303422,-1.2666575820962878,-0.6673597637047841,-0.056978813340564434,-0.7753566707384816
1.5473697584719668,1.3577215912370983,1.0998604422519414,-0.4215578763096943,1.6568511069174994,0.5370506733140155,1.3899637274276335,0.5845705500236079,0.428471388021128,0.04154755307269441,0.877545626735244,0.1434370124407006,0.11123311544071166,0.40854690180924,0.11450236439344007,0.06844001137275278,-0.24023230163732787,-1.163552447429261,-0.8212728384755612,-0.480080338250453,-0.3455480425200055,-0.2798353186170766
1.489289522151086,2.026734354141108,2.1979139060794077,2.243087995580153,2.65654646011815,1.8013290409449343,1.4269735353004305,0.9678580239547112,0.2190985564945169,-0.2665299343662191,-0.410687671176297,-0.10888407889251178,-0.20857237689951869,0.007280742310349934,-0.25366738300201097,-0.7450767888387345,-0.6667333616719137,-1.6082805675904228,-0.3389592075662163,-1.1058509658426738,-0.8097314658099891,-0.07694204032145924
1.1625098922012214,1.548267236882401,1.0625963171741322,1.0766246427530257,1.2919076517722021,0.9737423658212004,0.5597877460330912,0.28699113680700133,0.26073684681914105,0.18307982920206461,-0.7549133296266373,-0.3324352663030322,-0.6449313891797024,-0.016553854633031943,-0.36634616378974294,-1.1175693824498731,-1.1573363455432983,-0.3378326837058561,-1.0026205234575811,-0.46095271275010374,-0.9513302919391275,-0.9232204498718096
0.48600087353048416,0.3748729048510028,0.7777272120531753,1.3777661136756176,1.1022817184723783,1.2620177648100381,1.428369681579123,1.1901022587516024,0.44379917665184426,-0.3327337474458281,-0.4312597039850026,-0.7066224109534607,-0.3241845413038132,-0.4165015489856113,-0.5156390003174371,-0.008010619434297319,-1.1752821926061587,-0.8300315205794919,-0.00931880070220739,-0.13273455154069744,-0.13508134551215778,-0.7388801941809074
