script/wind250m.json
{"header": {"parameterCategory": 2, "parameterNumber": 3, "lo1": 6.000198445256149, "la1": 58.999992894266676, "dx": 0.5, "dy": 0.25, "nx": 22, "ny": 24, "refTime": "2024-05-02T19:00:00.000Z"}, "data":
[rows 0 to 23 of 24, columns 0 to 21 of 22]
-2.4196165213501484,-0.09125095204406691,5.343931738658701,2.8586831230642127,-0.6353936547551717,1.1939861189257468,-1.541524179611025,-2.64922607490562,6.3959524455699395,-1.0437606689910726,-3.3366678372190477,-2.3233309793978494,7.040752083168193,-1.604162459912119,-3.3324369166940584,0.7944778845600715,-3.3401303474409314,7.102272798086303,-3.0108134871533525,-1.661544586961885,-1.6836866085981088,-2.9174095294248996
-8.471212392076461,5.7869118422678865,5.85603796198997,-3.5943849260521903,0.2508041944591878,3.7832050851887056,-4.335254961115036,3.9091137547739474,-1.7087974954511833,-3.510573405916695,-2.039190098172925,0.20892758291867028,4.064565026501751,5.128293001304274,-0.30644009525372934,2.023229082931931,-1.2905559296483888,-0.7154783891404617,-0.3721013159253792,1.9645088367160588,-1.361330301606233,-2.3893143400463255
2.4971092527826766,3.388859013685683,-2.3353288803823835,2.045488378984261,-2.0150723131525696,-2.568820759853199,-2.1749243645016527,-3.7727750566573244,0.8453689676404414,-1.008428728010597,1.3870938756612479,6.658532457386225,-3.3031483293517807,5.854088263668753,1.3847142406661248,-2.064055588560237,-1.240210239342051,4.987447111687948,8.194566645844217,-1.4108627158218079,-2.6403449288260097,2.5261359108724406
-1.5759065161923569,3.897544669322169,-0.5014175113247604,-0.6176954274327737,2.3356684812072204,-2.9291608856862834,-6.074345492163187,-3.5013535248104284,-2.1480100596061265,-1.2637251111866545,-4.831369365138452,-3.6099204078929774,0.9815000810828589,-4.374281428965971,5.152688786929963,2.3663567487768407,-2.401515189245707,4.049508156704564,0.7271428151225517,2.272697297097431,-6.457697724547923,-3.1962226735154116
3.1686194192046484,-1.3234206858453874,0.9903727708023365,3.4384538229023742,-2.620429638749345,-1.7138970069359287,-0.8098043904628068,-3.3182646493719403,-12.553985612020677,0.752051849712726,-1.873184678186397,-2.5148006616622967,6.453925090799167,-0.03719021320672808,-1.9315345495213363,-1.8928868500927647,2.0594134059101363,6.633471776074838,1.6522749315205645,-3.7413113058500893,1.4095046377279699,-6.74319650618584
0.7171146554872038,-1.861467227554124,0.5486647281158252,-1.9451384530604523,1.9159258625530546,-2.4709971567437106,2.9941959693553866,6.046748053446152,-2.168918648706787,0.08781760848608386,3.4469798757636108,2.9160323300778117,-1.2390244195969011,-5.822183935678763,-1.4212863147925676,0.5359673478274577,0.8013026522850367,1.4417815309043707,-1.4491251778528784,-3.279188859513624,-0.8833405216482787,-1.0130588755629077
-4.739619796863317,3.518292202929018,4.812881282164365,-2.3262037361663186,-2.272416627774957,-1.5929578847271344,-2.9115509645052824,5.807107278491816,8.259927203603297,6.218127124394343,-3.604716591683342,-0.5962408809577948,-1.784955473073464,-3.510577188723576,6.0845472405659,4.8718844664625465,-4.9915673258241915,6.7437643350112095,-3.6449422952635904,3.5920984190667924,2.1581401214969795,-1.9498666008957182
-3.6101128828455304,1.2170950689762539,-0.6660705417047679,3.2354774625785345,-0.4236357049211225,-1.201746148774193,-1.2990193099682308,3.7566429296720956,6.648153406519734,-0.24507575995398295,3.0867710957781855,5.776265656589161,-2.4747241412128784,-6.983553690591186,-1.446848085261218,-3.8572006206978626,1.0695640553245402,2.193746539580502,0.6637553048844804,4.1965812932400475,4.2733533279860865,-0.13804843935210037
5.706310062541642,-1.2505720301182686,-0.6012581698208229,3.8611656415150915,-2.992263807538841,5.157844370691402,-0.37497943964453057,1.2424580298551302,-0.4477258945378522,-1.3308466697924795,-1.6140151036270332,-1.436234839887956,-4.367147813132364,0.9547033477727753,-1.03926815013543,7.6776558704439735,4.628373724131868,-1.6426777742609548,5.617489555579802,-0.06733863418073602,0.1025825855078472,-1.344230861090236
-2.6399064042851665,-0.12415412479969314,-3.2626922335313933,5.852493355294122,3.9998103904788045,-3.6676570909935875,-2.15665891120652,-5.9817458722685215,-0.139162919717921,-2.6192203018891984,-3.0161632202248883,-2.869132887217463,-3.3271781230931916,4.582926211706635,-1.2354323788876578,-2.531066118325988,-1.0459051163431465,5.999782802133396,0.029275858296489467,-3.2229275641210546,-1.2287571559755652,0.1517819766631728
-7.598289567598574,-3.6782461331539675,-2.288140648737327,7.562881152540762,-0.8183329450556855,4.718373807152772,0.30628460121273593,-0.8876587828708529,6.837759788446791,-1.1897877810089013,1.0050939471142357,5.4979021993210475,-6.348194957494121,4.252241912553011,4.037420545732926,-3.5928237063351127,0.2751889451271921,-2.640514697321721,-4.6252868615005625,5.201274349409191,-1.6645065706560322,1.6076823567820306
-3.161581173584819,-5.960039114320146,3.777588047559035,1.825611214760454,0.788791155402544,0.06594943576275404,5.447465941946195,-1.8205441196255459,5.603135137605874,0.13662697653724482,6.671500710901573,-1.2536492845652574,-1.989232877733027,-2.487848709081133,-2.333612760030168,0.8139424128202727,5.326131952568556,-4.095790244528162,5.631838788487049,-0.1667177940727965,6.283455147975856,4.94843633912213
-1.1333253316778198,-2.7645713196341664,6.225584691160441,5.479943318456105,-3.6817020108240963,2.4472613103746106,7.943374012671412,5.144215168361152,-1.714343329219872,5.609367208364189,-9.54280309174474,-1.6922901706453441,-0.7872081976848477,-0.3306343134561092,2.6439239960216003,1.2459515102470171,0.17767732607774125,5.117357673515915,-0.48017498655611934,-1.4518984886057948,-2.982537463940165,3.005013571146697
0.7380596811729735,3.939365214737515,0.48815915995809656,-2.776037255152839,-3.2126309807489624,4.181543989590709,-2.3300496821484282,5.126539041873919,-0.0026358348223915005,4.345807572873429,-0.07816205045232552,-1.5737293641766805,3.4630382707187923,6.060773509592201,-0.8682287272294182,2.0261853454730785,4.966060338918228,-1.9220765802766813,-1.6189129557222186,-1.9654980086017866,5.1914836191375695,0.9235036544224263
-0.817742911982588,0.44595992421234365,6.431605045104065,-4.308074033334774,-2.241654084386061,5.84336562189022,-3.0245388171375707,1.9646989207973065,-1.8630212124715595,0.7733233148410638,4.393607822356436,5.321941509947971,-0.5358792540167089,-1.2897305050703787,-3.4530853149403873,-1.6456695101929777,-2.6350906080219563,-0.5093669204752903,-2.1248824395926778,0.08897155279681675,2.041498033864779,-0.2741216788912947
-0.37130467179434584,-1.5001981470412622,5.861576148340832,4.579950414785764,-1.0369823888011749,-2.3731355269838432,-3.530869889236175,1.1700344014312298,-2.8021169937116754,4.2187056378878305,-1.4715891778579762,-1.0268820862915513,2.1062070373875246,-0.4329046777515046,3.901082627956303,-6.682657184135822,-1.6503910007836322,-0.3875257128129039,-2.3523367920116294,-9.436466737724441,-1.4300548080034612,0.25850144635318867
6.569384492625743,-1.0826808980846971,3.4573846062096565,-0.17376327118887702,-0.4929071468897799,5.4447132910338905,2.275782249854574,-1.2085725206436064,-1.3278938906228532,-0.6070249599255154,-6.136330759942432,3.4231406213450235,-12.164453489716495,0.022753528367555335,0.9062303270042369,-12.392882955910752,-6.183081434372455,-4.485970914548871,5.279034074472951,3.4831090146653443,-11.581094549881481,5.373581634211592
3.438516393437462,-5.301712339053411,6.457895660243728,-0.5098018258186281,-3.8994952511392538,-0.19164315958748326,0.1379012240623801,-0.46641287391889846,-3.2656005708435365,6.90451356728619,6.2897767818623205,-4.677259413026237,-0.06845017922322208,-6.406123377728643,0.3347140911358222,-2.490679796319854,2.883401270802456,-1.5023239950718417,-7.083105212059152,1.3489515054306251,5.2268432663577356,3.69115672282559
-2.745888864852199,0.9149611163832427,-4.720797300876729,-0.6555352595283273,2.4228594894902047,-1.3955272215836134,0.2309543489647657,-1.655178633265744,2.7758235284589206,0.6620371848540304,0.8708270532063522,-2.414004229779205,-2.850158219011527,2.0736934299577072,-1.1540814974352973,-3.910180520673457,3.9352686072149585,-2.5239035068140043,2.2963203680018336,-3.60888293522815,5.971773618299665,5.026979493365085
-0.7472414043020315,-1.0265855983216112,3.2286181299478804,-0.5344517269222226,-1.6421739982350458,-1.2123835522711075,-2.7156734891381222,-0.7464717362941864,-5.943797797599522,0.03353402511748004,-4.614416027031647,6.165913644314139,-3.103430457268063,0.4859686066333699,-4.577290024308475,-0.31945945497719563,2.016495244913369,-1.5861624918448423,1.0678270471524318,4.748201856305042,1.605538716489312,4.4185914356225995
1.179009765292488,3.4718693415857835,5.675483903812277,-1.618477008360369,-0.6045098006182522,-0.9864657275272083,-1.6497596225937452,4.865631301831094,6.141094785135174,0.5468636753070759,-1.6287717207361219,-0.6389505783637428,0.17630321500577775,-4.10146089331809,-1.8124609811243853,4.902285471331574,2.362728140243696,0.08920367987307534,1.0427712483388663,-1.750529369859997,1.2200381187773426,5.420584666737599
-0.9254118699771436,-3.457466086941968,-2.6092678844752415,0.08853717570045352,-7.255018939845318,3.3060306823394305,5.452710234114548,-3.653244982663815,-3.8921883594502535,5.818186858003864,-0.9805547942938859,-0.8479701311806312,-8.166493061632245,-4.854088478242657,-0.14067127393360151,1.323438933985082,3.5821897433062992,5.164657522248926,5.07929995039597,2.4015166917539177,5.7046141727640265,-0.5168042474376034
0.1008221844028801,-4.04916922794028,1.609655717272258,-2.5136215950585252,3.394401624321248,2.590831791205709,-5.347228292349443,0.3051672315040071,-1.5907378377388217,0.39717224620324887,-2.778085654768571,0.9947722160289125,4.324092869657718,-0.2340630694908832,-1.6617693862482446,-1.174854906559882,1.125606735373873,-0.6358348045064748,1.5240178677032767,7.16763193612284,-4.659735500452125,5.833895369563089
2.2977213034307282,1.4874795031450074,-4.941503004335766,0.8026554884153196,2.323137772069307,2.403520465845141,3.047763666195233,1.9975197269765168,-0.43111724446118643,0.8340298618075013,-2.2468438584354,-1.0403391706016085,-0.726028791202777,-1.3884982299604285,-1.8495256667046214,3.668127339271921,-1.9546274850075307,-3.651070546261495,-0.5220031528780015,-1.1908066853270651,0.16466002395548499,5.3345992242479845
