script/wind250m.json
{"header": {"parameterCategory": 2, "parameterNumber": 2, "lo1": 3.000054539987559, "la1": 64.9999836372058, "dx": 0.5, "dy": 0.25, "nx": 34, "ny": 52, "refTime": "2025-12-06T08:00:00.000Z"}, "data":
[rows 0 to 23 of 52, columns 0 to 33 of 34]
-6.323288924492677,-6.010189567341301,-5.889050219635822,-6.3113960999316285,-6.126881193349258,-7.127379825972586,-7.520593464067978,-7.610180612988449,-7.631397205657409,-7.2929752359151365,-7.051879144527827,-7.048372998592214,-6.777370543536034,-7.975954460746965,-8.784190920298649,-9.718727984670023,-9.023427620480202,-8.578400802358992,-10.429214439671918,-7.511198330593902,-6.995690657524992,-3.783463234494364,-9.282717303396353,-7.120547150618402,-6.753537910311996,-6.424084542646579,-6.040565345313661,-7.735689438491361,-8.190054140336018,-8.626711940612301,-9.300975018298583,-9.688202175573647,-10.783883307297687,-7.371312552017758
-5.643522656742391,-5.240600807256868,-5.145198181440892,-5.619730880565549,-6.019660415547056,-6.767184562829863,-7.293584050799598,-7.894327567663131,-8.288059700262352,-8.174143157778493,-7.533395265572937,-6.92802548532683,-7.180354206245724,-7.659008714647323,-9.667821450572086,-10.242666006621338,-9.029531996404488,-11.52284618278383,-11.237962263706214,-9.329968991396608,-11.730637119143172,-9.759831504551045,-4.730595903296797,-7.695117023973679,-4.886700358190323,-7.030350004257007,-6.322500656787505,-7.866507191945244,-9.105020798664265,-8.200938957308708,-6.282947602385034,-7.532757416917657,-7.094529321601136,-9.852807852824819
-6.060688782946485,-5.78615130645028,-5.415379691825997,-5.558103533572118,-6.255531614256362,-6.827651017954856,-6.794167537753192,-6.963830474283084,-7.876723009138587,-8.321710699791483,-7.7338640328044175,-7.010290028325156,-7.852131128981244,-8.46367810799399,-8.394224205032742,-9.946205720815877,-9.565755934498887,-10.48988015348513,-9.832664971463542,-9.812346566232394,-10.706062380102027,-5.236276543344035,-10.46021030117451,-6.707987380861734,-7.746264648334078,-5.397723550294469,-7.880787502009169,-5.758972003721509,-6.9715389839568696,-9.875085514058954,-7.679644495645169,-5.757901585454922,-6.937195787599894,-10.592045124745745
-7.381263515974657,-6.801593856126601,-6.213319024909856,-5.917386822513428,-6.44702769448842,-6.931238077426085,-6.562396927254341,-6.0718700585476215,-6.08243095826234,-6.586150994615572,-7.486831263211485,-8.283360114140132,-10.053779316079309,-9.997494186267431,-8.928769880637242,-9.130561728275298,-9.741960031068803,-9.838716204549128,-7.870234893806852,-9.508083863698475,-9.648554748008566,-7.9304704854081125,-8.70852265253657,-5.913254889718843,-6.867047367887855,-8.279366825148127,-6.510211122233809,-8.128067670796328,-10.740199104131229,-8.337825212135545,-7.081278474235844,-6.944418256389818,-8.6240635651829,-8.791828293465775
-7.963794813855179,-8.017293708401606,-7.370427305640262,-6.722680839795064,-6.244512294278993,-7.130665553940168,-7.316261470378688,-7.516425548311719,-6.293759285816436,-5.904931615050816,-5.46846675324392,-9.499711795542254,-10.974446777263967,-10.63379437531595,-11.74125504690971,-8.444311343681793,-6.699069124153095,-6.527796878621509,-9.232244145859845,-10.318001092419088,-9.940806279420393,-9.956336475603381,-6.032415562614635,-10.826819614132678,-7.719146440739385,-10.760982207479762,-10.35700355955298,-10.299392620130586,-8.52463383917435,-8.941021215995075,-8.130748640387637,-11.405415917971604,-7.098182854020292,-8.727105556310704
-9.284102889014854,-8.878156701446395,-8.035893092186239,-6.9766401191533385,-6.431571706927754,-6.8487750117290735,-6.695032800391399,-6.301064152564393,-6.085342576689262,-5.064333503373254,-4.556294109664062,-6.292191603468946,-9.68194704956006,-11.651144140940891,-10.118360365041832,-7.105426049427768,-3.6047569371802908,-6.826405207918391,-11.461551739619695,-10.916875523687409,-9.119321134096985,-9.692723799148315,-7.8824652659447745,-8.471911577911058,-9.315595384737119,-8.635102212444986,-8.82628410125058,-10.164182086304706,-7.9890696522645355,-10.700338265191224,-10.592975126958478,-8.99013633925905,-8.659010534334627,-9.110269718304687
-8.802738784347655,-9.588538444596034,-8.31015589975131,-7.137571925592871,-6.633307081406864,-6.685975282102977,-6.5565370577558495,-5.937948039924439,-6.29269187042398,-4.032547176721043,-2.9455724102059966,-2.3115014969825727,-6.229791266477581,-9.16846745820811,-8.756999692360932,-5.068348416886932,-5.967681875002018,-10.269114704010478,-11.77373596449874,-9.740474676873491,-7.038045986414132,-7.240228467788493,-11.652987268037016,-10.399531785684397,-10.72934887792647,-8.862199551150114,-9.038777537253175,-9.477445888517098,-8.659323894122592,-10.319291238501883,-9.71865023106821,-9.756409121368797,-10.429956474154173,-9.795927265694095
-8.42683715714709,-8.716449091318262,-8.333146649320277,-7.993496634437614,-7.36922182737654,-5.8603473083585165,-5.157741710120835,-3.128950814786117,-4.223609937447722,-6.184249953218942,-3.5405089643659777,-3.449956485285597,-4.327107927288187,-5.578393517758269,-5.278726890798699,-6.73701530314677,-3.889231399674176,-6.407090723261128,-7.979575234755063,-7.25908748422837,-9.958565409295796,-8.17417922851827,-7.660178297642345,-9.768233518056162,-9.36971507318186,-10.097125051535922,-10.56547754999242,-11.115338380112695,-8.638072824025436,-8.81899033083653,-12.317948757247152,-9.774158978842411,-10.468152992870088,-10.637006834084731
-8.37005054986119,-8.206864745999473,-7.929367756704601,-6.699872335646361,-6.445062552824502,-6.867745828695405,-4.369121208987406,-5.206144378153222,-4.275284046381593,-0.8586248891817906,-4.761486485160152,-3.9505609869070932,-4.101926258172831,-6.473278049240216,-5.988062784267587,-6.17019646675391,-7.870790054597657,-8.97958500968807,-9.476777198841312,-11.032710382292965,-10.995719818388142,-9.577027327377424,-6.79805934419607,-10.242024470622765,-10.025377874891543,-11.516049086783026,-10.95326419733124,-7.563129600864559,-7.663487438453653,-8.570508788536792,-8.905939351107055,-8.697801824385454,-9.767669456032674,-8.925584021437311
-7.017083364184193,-7.332848138614572,-6.221565995046236,-4.615749191808382,-3.1874059811603392,-3.6692132751648368,-1.8133964918488286,-4.032135383957286,-5.372055502218819,-2.774313350131491,-5.650753122017966,-0.4096244801529202,-5.20060306138778,-1.0655870212596428,-3.1925672308988124,-8.292207176641645,-7.356884917512793,-8.935351421181599,-11.262664317691856,-9.272519763772792,-9.956724663756805,-8.558934923351975,-9.396479819286299,-8.899846652727858,-8.598742022025538,-10.6059648873851,-8.088826750975748,-10.371511410930658,-10.689952211963428,-9.995338577650669,-8.4220065182696,-9.40936971930567,-9.65524157097909,-9.040756490102234
-4.133120339998403,-4.823149679805048,-4.426878312862416,-1.5537207504126136,-1.618239306998179,-2.462410763791201,-3.5283964267500867,-2.817306971994779,-2.5464488990782224,-2.976632939838085,-5.631718119444214,-6.9939039833692,-6.12268095762297,-2.7783446046520894,-4.371081923823764,-6.674579284382445,-3.776433939376142,-8.08447792295527,-11.721223521851936,-7.82680764581144,-7.752536459073986,-8.039353117729034,-9.799249821108493,-8.532933615351137,-10.031564018059864,-8.39037212406664,-7.951953161092206,-11.363728530895933,-9.496115950535108,-9.65569960431538,-9.575010317461661,-9.432770077827767,-9.511962463018472,-9.22094917986933
-6.888593228399284,-5.779527010225669,-3.4853297347976344,-1.1531034516246959,-2.5228745610644747,-2.2517758193534387,-1.7648209757922766,-4.627426933566681,-2.0093563664949183,-5.004951927808506,-7.9856161860728925,-8.712359928481865,-6.712478622828675,-4.28570297855758,-5.616741569967556,-4.5214855859735845,-9.64919467156419,-10.112540873326088,-10.289655317704064,-9.579476233519525,-9.47321776353602,-9.836985417070382,-7.633733075211584,-8.296773027061775,-7.043736913028549,-8.737112957070257,-8.651186742375348,-10.607400176194476,-9.050391749337594,-8.34939356774371,-9.536863242556938,-9.237507385229081,-9.301331947633892,-9.550884461397123
-5.919900332182937,-5.985637308320584,-6.249792601933928,-3.4999423464907835,-4.9253898322708,-5.178936191699456,-3.587218268511222,-5.201696302245127,-8.516925924278441,-9.542524400331597,-12.157127112763055,-10.746759622623062,-5.961931727104741,-7.586198990039008,-3.7849412919291088,-6.663684956671429,-6.869853838996849,-5.476748593386941,-9.269971446891644,-8.27318154981168,-10.141139373597197,-7.921036266182438,-9.572482206571612,-9.196376853158444,-8.243304631376096,-9.237835397325668,-8.669333137977155,-10.399533476184747,-8.352915067642872,-9.46541945265855,-9.5961236632065,-9.674948245702508,-9.275073978418963,-9.463431166474077
-6.619972898009676,-6.546508246363495,-7.704372078866787,-7.746711163211485,-6.483269268728424,-7.776112512506852,-11.309328546657389,0.3211243677283634,-14.831625454847483,-9.673378182978151,-5.409496385069643,-13.899954194337257,-4.070116143717042,-3.3175895463058636,-8.706197167509568,-5.052470148559647,-7.304469966203597,-7.485954170638162,-12.175102711917914,-8.265855221467396,-7.942943058994957,-10.176372049015809,-8.151721074547746,-8.88693570395223,-8.676264374794478,-8.977246536583484,-8.337799285109515,-9.096380946744253,-7.235871921278147,-9.574247558702027,-10.611720954044634,-10.114736855824809,-9.918503759574577,-9.2813564391356
-7.786138865118039,-7.7008645673050165,-8.550560468674199,-8.633224545170021,-8.630619340498301,-11.441224251495889,-6.6872478912634365,-13.817886633406067,-5.999407334740326,-9.001271577541448,-6.791022752886729,-9.515077667712381,-6.6017896807122485,-6.0181291268139905,-7.713395781495682,-9.417090923106871,-3.7414814138645998,-9.04832386999796,-6.914362298142501,-7.25801621821847,-6.512021915987393,-7.565055971236793,-10.416401347737741,-8.531517710841696,-7.542797732843917,-9.30147910429483,-8.849269092591292,-8.623620896476643,-8.406841583530813,-9.180660583456943,-10.594231371325167,-10.145454165468053,-9.769240937374128,-10.03205242017435
-6.780307633740888,-7.0623681672018845,-9.329470642306843,-10.782001474849134,-11.22593216093419,-8.952268647641064,-15.145379601830479,-1.8225901072034256,-5.403261168398439,-10.116171248444648,-13.251768985646187,-11.400450659498858,-9.048586985472065,-8.098446146652616,-4.094662264629637,-10.794735946244552,-9.356608068739646,-9.14266037222707,-9.351601547089821,-8.78203748323236,-7.8442854998225515,-9.912450494680641,-6.324651839923042,-8.431868980665898,-7.4404500196806005,-9.368065725921124,-9.806771796966931,-8.4566692670908,-9.246080666261824,-11.524992442083997,-12.318530216877388,-11.729798699012454,-11.263392258353,-10.506641143057788
-9.752345636068595,-7.803505359624258,-8.716073155059384,-8.804743479799889,-12.016690787704569,-16.025100262586975,-14.71997641859181,-13.116656095424327,-0.8450863107877802,-14.939858087437909,-13.291370386475464,-10.044281139896379,-4.476017456504506,-5.620771252264999,-5.1612958668264675,-1.9104580480697693,-8.963626300420142,-5.892926879865229,-8.558537306904105,-6.033511877924185,-8.808820836939216,-9.39292216221191,-9.985154675066688,-6.38227475938669,-8.84155916800791,-7.864787490338037,-9.70083447767483,-9.797623974414519,-9.840292589491781,-12.125305321370565,-11.802263131119918,-11.605695286434448,-10.487563831639017,-10.627153113514268
-11.80435756022242,-9.772909087740231,-8.889116489186195,-10.4059713016852,-9.330059706060728,-9.480410241980858,-10.619838870941665,-4.920539917136469,-14.916972808572558,-13.187557204324863,-9.454929471092305,-9.926785168533396,-5.796320570655225,-6.710094569034968,-7.76862190489622,-8.706052332320942,-8.4766552717013,-6.352222900794532,-10.02467334366612,-10.925906415083466,-11.86084046909955,-8.808485521850313,-8.157796678156354,-7.303763170715865,-7.310850622000545,-8.657719742286988,-9.214219946993548,-9.207927653877396,-8.493406379978312,-9.139229495045512,-11.79956379245706,-11.429882756426496,-12.11980176205923,-11.247574065675856
-11.336003546002168,-10.851885469238168,-9.02382603983434,-7.889304268621712,-10.600933353173266,-10.730355330891921,-10.838988863905298,-10.820408437036605,-17.48901062715021,-12.898985236950487,-9.14770516317311,-7.952783518119366,-6.799930492831156,-8.617286321654678,-3.678342232391418,-8.03721645137411,-8.51796504088574,-9.968656162278602,-4.951679119407744,-9.710613067116066,-8.489039144106625,-11.082516149606986,-8.319287494044687,-9.509185188970568,-8.492601379980464,-9.019326808874515,-10.069292608222419,-8.434254668388725,-7.8120018479115965,-8.428270378685829,-10.178087047918451,-11.640955384189063,-10.824176315171954,-9.446559947641932
-12.935087321249329,-11.600272660656834,-10.55305076152369,-8.884496055285453,-8.910335154525667,-10.293967816451065,-5.490868079188415,-6.873515996808562,-15.82344006093012,-12.035862144321932,-10.308223504516482,-8.528546679699224,-3.5417422589902143,-7.8462293630626725,-7.905417935559836,-10.6553636869001,-6.843683644568372,-8.475528536437515,-6.307052409539172,-8.464957026392508,-7.440174064776745,-9.662857773658342,-10.048169548118963,-7.211194981309198,-8.093529182201435,-8.2120678361458,-7.161039827991092,-8.735685306302653,-9.506379804621446,-9.1419916135805,-8.749270823934632,-9.320298232144747,-12.607186175918844,-8.31050217608939
-13.91925902822777,-12.968224189374286,-11.527038811407344,-9.732735580329006,-7.57738597851077,-9.182510520708528,-17.416820796573738,1.908080392848581,-16.56855361293998,-11.099527320611873,-12.392335998820464,-9.029159115077023,-8.288250456996431,-4.815497482172057,-4.219274136460172,-9.199889400499181,-6.76168298490535,-8.904548811518605,-7.2203457534081545,-9.861883557801725,-6.372126931780367,-6.587041507506835,-9.191817545941039,-8.095678220055774,-8.276815433977672,-7.15731945251939,-7.357527437313102,-8.423890070994357,-8.581967372871272,-8.888630502167,-8.500884532512435,-7.609291474649257,-9.062719395229886,-8.990810917155933
-15.56306932613006,-13.989759500804732,-12.125829063414216,-12.125042014083212,-9.458878779700248,-6.487957903347974,-14.03180483561631,-18.83209159149496,-13.340415282485463,-8.50097559706001,-5.868355311497668,-8.939149756824294,-0.9660066919099991,-5.296762331554859,-6.609369842024914,-3.8969482571876766,-8.4597842237342,-8.754081408129828,-7.399054268389157,-8.67096288395501,-7.884611423134938,-7.8532846903804225,-8.024154851967479,-7.577434997056431,-7.7575108254475476,-7.678643754508734,-6.91410693966223,-8.2705624157988,-9.570195258002592,-9.259701234884163,-8.186209694546488,-7.125032057583017,-8.210222130303023,-8.23513736253783
-17.788567192257048,-15.771073874589892,-13.09529505344972,-11.097925432383995,-11.113194009544815,-10.879250552028914,-17.54952894878225,-9.490123380033177,-14.329190916361421,-16.119534119431236,-5.158719704869793,-8.55744446408866,-6.796473363155024,-7.453700404150675,-7.3594310965692555,-6.8786199044682395,-9.157723479261627,-8.538939053621785,-7.576768772839259,-7.931902425965271,-8.1896279548687,-8.239208326333902,-8.37471297609865,-7.473538788123346,-7.353218766764257,-7.394829712990747,-7.719822941034684,-9.201258002099108,-8.830367026578593,-8.770912484840403,-8.367894072297757,-6.750793962599138,-7.398433550059692,-7.758373153011717
-17.090174359520788,-17.705654050414434,-16.27192173999858,-12.389223051324205,-11.723108925524865,-9.704479869313575,-12.166431276155867,-21.487039280135246,-12.434513174646144,-12.772050821771188,-3.4910656919246814,-3.382622337590221,-5.078274787220217,-5.7048306485626386,-6.972641165906274,-7.11064437385818,-7.611188056394457,-8.375687918103674,-7.251960235828354,-8.206079462788498,-8.4420698769679,-7.914470278966172,-7.474833934292448,-7.214949615516021,-6.934429967589065,-8.569265187526264,-7.8900773479259705,-7.938317569062175,-5.745365793394688,-5.964828515084127,-6.4660375984607885,-7.172215862953222,-6.870426862078059,-6.431061985564032
