script/wind250m.json
{"header": {"parameterCategory": 2, "parameterNumber": 2, "lo1": 6.000198445256149, "la1": 58.999992894266676, "dx": 0.5, "dy": 0.25, "nx": 22, "ny": 24, "refTime": "2024-02-05T19:00:00.000Z"}, "data":
[rows 0 to 23 of 24, columns 0 to 21 of 22]
18.37783054894014,24.09419654652426,15.943507662356375,8.957286004475394,23.20216511832955,16.006768697981276,-1.6062498799502007,7.640617550249292,3.5300685055439884,18.261974184810782,2.430688107670841,-4.175059835116168,2.3119035820654426,1.0402434604128221,-1.0465491673133396,0.015176646367626808,-7.142347499572851,15.352691036082822,-3.943933810062889,8.435436766098913,22.633477766800798,1.6883365408400377
-0.5331997649614243,4.388874516218651,16.564763495161266,1.7820179072889344,17.86280007638846,9.253828327910396,14.325516603343834,7.861633759340698,22.728790933837626,5.914097201595627,-4.003770554712273,17.55381009271968,18.255596838091087,15.362715743248659,0.6415127899256138,17.47028973271765,11.453785676522878,14.287458658292893,1.0347764338995467,20.926386513456947,22.231016058062934,7.593509306885426
23.067960276819992,4.614001584162409,6.501602336493373,-0.95666802023382,18.655615040314583,0.7899460503799172,0.675498753512537,-2.216250123672587,23.367767020927175,21.540327527448625,23.35760409628871,16.87255283549541,8.694492493020258,21.767358870553352,21.16490858072051,6.991998012814221,18.915359818600038,23.06577730596345,15.880137953214538,16.924619852801857,0.9395575367497269,-3.1909027808745343
-6.73564959470336,12.292403726527269,3.91233386519105,-0.4591806016230367,22.556287773404996,-1.0651261172879134,7.637103251728342,-9.572807697727551,-6.245335013891188,22.056130396310227,-1.1845260402702547,4.0294559359786035,4.085487435446707,7.953196348430469,9.243423391650452,22.848804639653906,3.7962856332526624,1.2994797822958903,24.7689920025601,21.128588042964946,7.7650312648990285,8.133894914193926
-0.7316095846085684,13.671844531978987,3.3375140632865246,22.072692232860955,2.3294695070439473,4.715066184749065,22.95450481129702,8.495346947348024,-6.29122649338849,17.77295820442241,16.980217171280696,-0.859933601238286,6.902130009735569,3.956229887003331,6.181614704785964,14.2762887268504,22.145638400608792,16.817554134191045,22.207027896940204,-4.353105940079538,16.846403994526046,8.189934653990639
-1.032862891186964,13.671851218618707,3.693098513933955,14.376058478285755,17.336237918235888,18.265285278752668,11.080181762394824,9.136363235963577,6.603343951390207,22.22121583681102,22.282057158553304,4.445792353622388,-2.630612349558346,1.443217209990818,3.9616753023640343,1.6660117205443263,1.8740686102779756,20.200518020175522,20.720962359492272,6.618029982798666,7.728630209737798,5.507878469072271
5.382088703030563,19.83369889535522,1.1945949731499874,1.4659301235848032,-3.9397186385557155,6.317954327990088,18.11083159683465,5.619836892148213,15.068190669039573,3.5100911110964392,8.284156203215998,3.776636293067974,18.046376419054994,-3.147285958336148,18.381247401038713,17.280690022720762,5.9820998534526115,15.730210175128285,-6.0160585228651735,19.776672427382216,-1.791676317156314,-2.8509099772024484
-5.100338879412517,2.499254792141418,3.4800060533317327,21.547908988281716,2.144916803445086,22.942585457108443,6.562414101776592,9.151356528711574,10.157836365532,2.836314109695097,17.401164803288165,5.295797836553615,21.267145609915044,7.871910472178422,19.87056095665879,3.963393589724934,20.100732392953496,21.699746403920116,3.5698652525392083,10.967552698087724,10.825593586955195,23.672285404557535
19.750437483070545,23.292788938873596,-2.474598834274542,-6.8187550208303565,3.2154126310195923,15.183368918916136,18.613396785489194,2.5159560049021183,18.65929094952537,20.615447602675946,13.38380234230356,24.443530368343968,20.98857173296449,23.584930011285145,3.9355137131205646,4.599774706545099,21.810627896533365,21.26035001008287,18.945300480228177,21.007141405274886,20.44675480690593,21.90581765997341
1.1241105306302182,-1.9003050705708915,-1.380170638703287,-1.1193971125042863,10.05731719241354,-1.5988935005509057,-0.2416692208625298,-1.054021046160721,1.2635402960590614,1.2802878027278846,8.450686143584239,20.526427472701194,-4.012224278061424,10.863432991967356,20.809050397640696,-1.8470200494756228,22.954549099905694,2.699527284911636,1.2616307742852613,5.123174978346776,3.20387757908509,18.084440692011594
-5.695880508654822,2.852462301327516,17.686655053990258,14.919128086033329,1.7821621920444435,-4.9718486022627735,2.482906749728465,3.678874913233623,16.621858513441918,4.232921269922528,20.48862784911509,4.361464049885133,7.7720761400638185,17.124526450644275,16.395808703956707,8.739019550363693,16.17765062915078,3.402023048644745,5.397687929757297,1.534181367790399,13.638369109696285,22.035181366531763
2.1549231192854625,8.573632802757395,12.092579772071183,-4.863077414377344,6.178985899367329,19.514727677501224,3.301506302170863,1.195658445002054,21.31670252948535,-4.579326153926323,23.21562997320808,0.895321362731558,4.76312321353573,3.9855546861377475,18.11031629524017,2.795230187574382,20.8058460467739,-1.5539754662686827,10.130019072365236,19.005552922950606,16.391133946971127,11.083416504747163
4.1268811704712025,1.3169861974408212,14.619539167046641,15.945808074787667,4.26007926684359,8.195782576681518,16.497650046756235,6.747828078855106,22.872561395766677,2.9000806937017387,-0.6322177736457559,22.94611456253961,20.101717476877752,23.46928651780236,23.32726573429621,20.049215788355387,16.26034596553515,18.55228430176784,23.377785885153045,22.294168047681733,0.4226747498513787,-0.6438651931734838
23.439012128321156,11.542136327733468,17.489681385154228,2.7080923127128185,-0.15050492072874738,9.508936183693173,18.385875517596226,3.197692847731033,2.3306367795713365,16.751185363042715,3.5221431965023466,5.109895621803704,4.810103430133227,0.9575245754618499,15.53235249466406,6.507487536538816,19.401342299214416,3.5167938285254645,18.606486355765686,22.95264425024317,13.41001802835397,1.473839320904998
2.206685369620505,1.3533905006028097,22.92462288635439,-1.221270425226737,3.5103455598758164,16.346436850491457,-1.4591471327083223,20.455087406613313,-7.364732989259748,1.4077364982444631,19.621926114171515,17.049918289430217,17.909975703805713,19.255981425741634,5.218702643150863,1.0708074841537434,-8.30293252014478,4.031469525409234,0.47844761267212543,18.080266648253737,17.24003734825312,1.5527464372453212
21.80558603889185,18.591800183954373,24.08274473647219,15.410680066504835,16.4428182694923,3.704672025299969,-0.7828304693875376,20.69926813752949,6.964237326874604,10.125410721161217,21.216599178199154,5.353450093721266,7.74582362430868,17.28039148261637,12.026111854111205,1.3846801317205726,4.786661183439396,20.53795163283613,2.1402575625996167,-9.951782185211078,21.236044669594303,5.586906737492669
4.971012678401622,-6.8356121212318826,8.105220780565968,17.989925354901917,1.9218645657856315,2.7158927749255417,21.836011989332786,21.371945004548383,19.139210377047572,3.8563664377462414,-1.9790900143789756,19.810793190756637,-7.1865186041038545,1.6612546456290709,2.124563691279927,2.164790752186503,2.3470988295557276,4.766909591527799,12.100895712281416,16.012127574529188,-0.9180212689653365,12.001085811721847
22.269282809322416,1.026765993438816,15.262482234798998,-6.42731127518716,4.767757803622163,4.603993112477524,-2.160544628168389,17.29313465335039,2.12887701950537,23.1262397000596,17.678465284090635,7.299960683270929,18.63746105491676,-1.6286059583862993,14.959590752243836,-8.065122757319621,20.094987703129227,-4.381692017941825,-1.4697362223710202,22.762831822562326,14.675606192983192,17.144760415011174
1.7954261557618203,23.500114971656025,1.8842957558488624,-2.03919932973024,22.379199511085176,22.70357848979605,17.12736036425097,4.059350842486719,23.007733522002074,-3.6447107669191734,20.932399780519955,10.970268457314093,4.889445923218186,18.85939780391263,18.85833078853586,1.4416995650730264,17.625898823112642,14.082543743284637,7.660309354966421,5.487034103154313,21.107363132004707,20.19620064448821
23.119405462058786,21.334197972939243,-2.9762593147707723,23.257232853611278,20.014298103040012,23.039589177034536,13.633730658954867,21.673714740665243,-0.5737891321512536,3.1658080058737856,-1.9294257364101144,4.429841999582102,0.31959773611628256,-6.0141136617235755,-2.320268897583876,6.646829662970816,-5.869857539977655,20.182489301545417,6.723277861837895,20.482487426636286,22.625385929294957,1.967359803894879
12.714341156659108,-1.0562103719730478,13.28320497832473,4.946524626947259,0.21117831638235487,22.795662313337058,21.58120243480025,18.94578205868392,3.7138404816731647,24.493515475430016,1.9860208389049008,3.783745050595378,24.72593100728741,8.34578374002524,14.063125279144378,16.925341892211016,19.987244177711567,4.651619072131636,22.647752209238103,3.4933750140627464,1.4879635555556274,8.04456880897796
23.34124225585759,0.3018506758726615,21.844521943883716,1.586425568478875,-5.196032558641188,-0.9428721549242165,8.584487816592558,2.109370618402315,5.96010227905528,17.437575450417853,-3.579765034448113,24.71545759708311,0.355367431301505,-3.6830446502747947,19.491015936447667,17.49355853238787,15.554041154263725,17.62481820898712,4.373176818286767,21.439293721446013,15.19321891520796,3.2513766882813937
-5.705704376548862,0.9188557271060906,0.27873761191221125,2.7705727357581034,21.516969631578206,22.92986048500046,0.06658231636958481,-1.1792390435019766,0.17017066460282743,23.674133216283806,1.2604196052452956,18.48546406622036,20.675732090597716,0.7793483532782662,20.846280056917124,23.091783078580892,21.25619062390428,-0.22562494641703476,19.54909974501209,22.995885149917402,7.108022081489716,23.0561641162813
22.107165732324333,22.628316997927364,1.890244881959668,6.286695282451304,21.247579509338774,23.170630012546887,10.961123552678448,20.071655686603872,-6.647009211434072,6.270808170410501,1.9626914418668966,4.3143139286116075,4.370305823120641,6.699886593162617,4.000617486164762,7.004932390951848,0.4969734740152484,4.746238501405205,23.28618854536813,2.978636413892535,17.637680800407963,15.592694925806514
