script/wind150m.json
{"header": {"parameterCategory": 2, "parameterNumber": 3, "lo1": 3.000054539987559, "la1": 64.9999836372058, "dx": 0.5, "dy": 0.25, "nx": 34, "ny": 52, "refTime": "2026-03-08T17:00:00.000Z"}, "data":
[rows 25 to 49 of 52, columns 0 to 33 of 34]
9.609204298011251,9.657340630037188,9.153159696960422,8.813427830963386,9.709711832120737,9.186953868399058,6.895755790338312,5.221765103956579,3.107817956103766,2.7957347659879894,1.5755858873282729,1.2350529082099522,1.2517353035094458,2.8961303269556025,4.4306082272679035,5.0056669715926,6.3395631150705825,5.828511353971594,5.222555729966596,6.0621939337599136,8.950017843566876,4.219557113991599,5.283437825458732,5.5079752560922515,5.946966403435004,7.461802015952673,7.989837607682098,8.014515039348554,3.9643069898857317,4.066449816127889,4.17410185708255,5.334123128461386,4.390986806631621,4.00077485126886
9.694301629373891,9.540622231964278,8.656519897178006,8.776916975612538,8.71127059818164,8.277087839487358,6.939900134626344,3.557713664001952,2.5762367584149484,2.843172336557004,2.076224628909373,1.2787978756770122,2.2157853341758944,6.496282615410323,4.611013384020473,5.1151378009843205,5.444281419297003,4.765990108862022,4.964955906330098,6.302170668878147,8.177196125934831,6.3607918723735315,4.262456118063775,6.335544216222873,3.8190775833562145,6.899674315314618,7.309871993845454,6.745630773100675,6.81579160252217,7.921938437362694,8.00206219728846,7.2891155107157015,5.670936796615772,3.978587029993272
9.740910116719823,9.791795147690086,9.904870258996727,9.479200019157343,7.78977793783158,6.792594669777617,7.147016119087528,4.656814395493301,3.071123404811237,2.414069197433481,2.6114579628812655,3.4437543668956896,4.581737225101677,4.835219440283481,4.807092476815734,4.0267814306547365,3.9935856624602155,4.228295602020172,4.747688505992775,4.677378936022328,6.374888010197396,6.908287402899826,4.861394089983397,8.399952378148248,6.065719487988399,8.4279018007475,8.950826964106058,7.891895442821144,8.610808057857339,8.911778279961528,8.48508565395551,8.068822214687874,7.40896494127076,3.464874297911691
10.608055752743082,10.950226616828404,10.176087157348356,9.320428300951782,7.983789733515614,6.749469489766945,6.189684960827192,5.536008787324165,3.0347880947122388,2.4230711025865683,4.07001812807977,5.491204088410569,5.646998819297368,5.903141737398806,4.372077831296232,4.20620312623394,2.849691078594309,2.9578736067628157,7.102283785186902,7.028256554873706,8.402555754953166,7.13428421548708,6.396391467414157,6.735567762949348,7.257806013474696,7.684896532924107,9.919465702094792,8.06400188174861,9.991332098715569,9.022308995126131,8.341409807095278,7.265832477426554,5.247616731122656,4.074756239477419
9.943450676990814,10.820657299576856,10.906609169362136,8.874121714846297,7.739435794555561,6.708230766907291,5.667547123585793,5.030454345953539,4.078526904808928,3.764550183577298,5.5018179265776945,5.692692102351175,5.330037681784541,4.72651697419402,3.9728918833098787,2.8810251852046016,1.725996813579043,3.082092386701374,5.029011011552543,6.456447227106622,7.33572554305124,7.902552264093356,8.226350183447279,6.919050515457019,8.219971691748071,7.007518620170543,8.548644085810395,9.258892744478413,9.399825808288421,9.088322036028217,7.925249749661647,6.828888928869747,3.0007729648358037,3.569343226129418
10.264677649083072,10.171349008152529,9.062064711714891,8.1243921028198,7.1754241467026345,5.126145180758104,4.043505841020412,4.090341683272445,2.4477788545473587,3.413208661313741,3.9391771051338047,4.652721541408435,4.375403263928438,3.386563729901043,2.710953809099384,2.954974656880303,2.116715449159308,2.136680147759982,5.755758245130461,6.030223234810515,5.2835585396263935,6.475786251971969,6.99438268738832,6.090828264337298,7.204756113789462,7.265998878927964,9.04911981938166,8.158178919188071,8.224594317926847,8.812588467665979,7.1763381157172486,5.8347005567819235,4.256780766173367,3.3124440592664652
10.210344995668725,9.207504904397245,8.125094850283155,7.616072219218699,6.399663430437819,5.869316315432845,3.5226564727957026,2.315470041224728,3.025742427840653,3.3217808065286913,3.6971619556290696,4.434959049719536,3.587633684046905,2.4458384503053217,2.6405750127717997,1.2515437356002437,2.7842353698602533,3.3632267771088826,5.443777391351108,5.955110521344959,5.324289677387495,5.04360224882308,6.25460989709018,4.204584826138131,7.05501148148058,8.426537983493624,7.076068566652514,7.4312378770484795,7.933792381401977,7.547736143425079,6.01267060851414,4.951960671864662,4.061470885993572,3.000044852113853
8.786417827286984,8.772583049054182,7.999739505288783,7.008301067079908,6.042331699856634,5.665370161591842,3.051136778841944,2.30997116036068,2.4485386387045565,2.4152854797310916,2.348185867506339,2.388160047398414,2.8079827167891187,2.4221803890264653,1.9393235772907553,0.596658691841949,1.2585199100363829,3.668865572825471,4.597105979667107,6.633713307916087,6.350381351939767,6.475382818764504,5.2197481798460075,5.90450013942877,6.881259351241417,7.351962181270239,6.203375029943605,6.230551080851925,7.114200349269121,6.149576269480379,5.572331699686697,4.639424602437325,3.158223977693795,2.888944800457119
8.723053679987785,8.44410055262465,7.686189481636347,6.167869761824129,5.274225089372798,4.738910204068891,2.9898693696421694,1.8581776013196025,1.5180859168850125,1.2562003116676483,2.1078837418846206,1.0718586293957657,0.900511794835358,2.7746230133648,1.2264476068290584,1.1709518828500103,1.2696445431778467,3.3723367959032746,3.4476308755263756,7.524008597801925,3.620264623995211,6.602916551878124,4.952331061327606,5.023378782897202,6.402765238634147,5.850103426528852,5.631100573924444,5.56498161070104,5.302795899488603,4.439536413479808,4.781163445748571,4.7370221960803685,3.419625630785321,3.8816391496982314
9.030045879000445,8.129124567177577,7.237795813776041,5.751648205599784,5.301948723815647,4.075795557442804,3.1271649794268037,2.0126871981159424,1.580157584373002,1.5777790205207227,0.7629564682801847,0.798391772119193,1.244047913226064,1.7480006870925158,-0.11859246823800541,1.9722388212213067,4.318195105839082,2.452880570690176,3.091460562288547,5.880401831025374,3.38387466153143,5.366774603265693,5.423054552945476,6.605116435473552,4.6223121399511635,4.914823701149245,4.947091065162142,4.897279123589639,4.649913426175014,3.955441079693651,4.671835273804388,5.2192682273316855,4.460193809754295,4.905120307628559
8.233064350100335,6.993954368215383,5.182230620399921,4.3600168154928705,4.218381485327722,2.4911028804468316,2.2872421667614726,2.405093124729246,1.793556923357258,0.8751095089623069,-0.3146164023898859,-0.03335988342288539,-0.4576436132240081,-0.8824350852414053,-0.43498261232632934,1.8362035188238526,2.540068994482002,1.5436180188820594,3.423897075172992,6.577347162841734,4.335987336651731,4.369766453437187,4.284820002476773,3.518487725654324,2.1181878163967074,4.280288757993625,5.588223096988828,4.446526856618506,4.44410441375023,4.136718959525103,4.852852433877953,4.592126087812237,4.62157118364537,4.691227403023439
7.820751564526415,6.60813128657324,5.382485343264448,4.0914091721202865,3.422595183501091,3.32323119410538,2.4397865221075934,1.6177093973475214,0.2458843273201143,-1.203315089740958,-2.678071385582596,-1.1656072377876352,-1.441766152851892,-0.6136416068668841,0.8963721941647615,5.455093253995654,3.7451707790864717,4.239142080372727,5.2334652878200565,6.257978737744107,5.294782311984626,4.96051570430253,3.397166453720092,3.2531702707628507,4.0203965305726035,4.718767232469751,5.757652048577286,4.083637744300273,4.079585432407319,4.419362997576641,4.268739402124671,4.34583184190813,4.891329658249674,5.385535215877123
6.4325681868248905,4.754508838919781,5.0309725488118096,3.9303284511579957,3.2302512369221534,2.2364387449875163,1.8987983780921982,0.3100083752034043,-1.9432218183362198,-2.463301348991127,-1.3045216267554003,-1.3707199115396866,-0.4933815383153784,1.3200100858759727,-1.705782496299415,4.912162235629885,4.1451796591448,4.248598648919056,7.233325419347982,6.14694204835091,3.913066195778079,4.802993340797522,5.427899068623865,5.910200518524419,4.258839759664028,5.093651706043889,4.857807933311714,4.564352477483889,3.851756338188062,3.157962107111699,3.0831684158509525,3.6977520382618967,4.436410797720357,5.483494773466926
5.896858067663805,4.7549258966563,4.15211286914619,4.0639910705075755,2.839857789850581,1.8791002610564707,-0.05550720156124817,-1.3252941403396084,-2.4165649214559974,-1.6103157917725852,-2.209108329255424,-4.020976348293212,0.035055661334934825,3.360554240850625,1.8507531560373087,5.644997540028292,4.759286696749066,7.913501959059678,7.144804880555578,4.947873788184328,4.7676703022662705,5.620192777028385,5.702548232475671,5.928150884616644,4.986847971697201,6.023814094059215,6.1654672775626755,5.758467247639333,4.39558599602846,3.341983154703445,2.517099114251341,2.3346438951922868,4.4177421029155965,6.0897698100072315
4.352729383724377,4.441914444684314,4.263484144306063,3.139137516419738,1.75730798823071,0.8128875760410057,-0.8022957149606021,-2.2015213805253664,-2.0455266897871582,-2.64286115865032,-3.40998751070745,-2.234979294025059,1.5040095978747625,3.8678182644995607,4.748853421220522,7.320245865865762,7.299038254610121,6.962146380846152,5.993129376863411,4.61578917784948,4.691552527082408,6.375853353940021,7.915937453958709,7.511365181303971,7.493748208215672,6.633861698201572,6.5718424202922545,4.8272497837307435,4.196536279453668,5.471093921306402,2.320350669630062,3.2589177472555666,5.643183649255259,7.898489682401435
2.918989396152133,3.7860614535575015,3.4716081687836304,2.2768368734316375,1.9072781456990118,0.23111539563764957,-0.3428753240117649,-1.4078699739285536,-2.232703333496222,-4.04671975673395,-1.0538484767045104,2.6452835361252833,3.469562746631632,5.744705314746504,5.299985761896288,6.289129453040184,7.420802181628878,7.164251080923649,5.8372284145499975,5.154869592263653,5.297496296890017,6.890635869901886,8.136364464595074,7.346677108861053,5.793739187287546,7.009639817068082,6.584235303711031,5.484403916744014,4.115023991329471,5.64001439280241,4.660365075588066,5.819573865253577,7.464682402922156,6.88728098934478
2.950865759912485,2.840579204131965,3.854710103833777,4.242274089165957,1.8363551149488133,-0.13039899155323773,-1.2864321989958902,-3.283052166422029,-2.9670870347434084,-0.9829019332791533,3.4644671533509004,2.6915026178668446,4.012622164313354,5.546100149600949,5.173103019083922,6.550425746216383,5.851067383686265,6.665820987961676,6.619108576407624,6.19514018372901,7.168336651817354,7.29295892915981,8.33768964279829,6.90187397884215,7.410385472077186,6.7517439907864185,7.65421694446349,7.18145316084524,4.6943267092884,4.815982955295793,5.190468728954217,4.638071462099478,7.331200290478253,6.812224620245448
2.4365184592372966,3.2484000254891154,2.9535397351421024,2.4553761511931493,0.04356633458382421,-0.7368611412381939,-0.8426473245813627,-0.4052085899698116,1.3813896303982334,3.209609276332992,2.7985339509940594,3.5966270775871516,3.9380334264187846,3.930757033223194,4.699761752188111,5.939004542408531,6.572805874324558,6.37843684891206,6.138923465715702,5.932097918933828,6.301811887605856,8.065826394613822,8.55208181072781,7.740687234075717,7.543410969876779,5.810527143391829,8.533771361818225,6.45122024292909,6.768569880991998,6.965293122237481,7.720934398265986,6.793038984936088,8.042843180598322,6.6978683144019975
3.0074517978584865,2.6225319863942036,1.8519937361913854,0.24627026540362376,-1.0221655458741667,-0.19290387906613501,0.8115547902104199,2.2504524812452353,4.707621576695768,5.091291610562533,3.688582230953089,2.693804886690028,2.6832654833872227,3.20962952940241,5.635393394564088,4.254083765431589,6.144296418100722,6.853015446166087,5.407581472606182,5.589603377155334,6.416444033809289,7.817409772301774,9.624015586183136,8.079584824357935,7.267375588951544,5.446150536979128,10.149543869237004,7.092387803781031,6.691198271902525,7.10031211492692,7.090246056121102,6.495004513897052,5.388740856144939,5.926092880001934
1.887265652533465,0.9331541235498116,0.26358107573914785,-0.7188674829070822,-0.726088697375633,0.8357331565077205,1.0315202718734346,2.931110512360539,3.311187093516254,3.519487896660108,3.144298355047504,3.5434407107152897,3.162824445681908,3.208286631006727,5.084877992619429,3.8990024154167604,5.920387391459561,6.17987408755658,5.857554025506114,6.66381562085651,6.861783545730343,7.531919036167787,8.85318260051943,7.739577335438526,6.621849008254399,6.431954643090735,8.588788829865388,8.303937228471016,6.762345886155033,7.098611094516919,6.872826279202547,5.349168594172973,6.147439201331239,4.962486398590514
0.9878987323570645,0.7212746934171417,-0.6781028341013906,-0.8739493217618293,-0.6961027693664811,1.4872280892377918,3.481227603490877,2.201674685361075,2.2922628563543714,2.2692598934541204,2.225538142358366,1.433061330098544,4.325896970653455,4.018503703576879,0.5862737849793103,5.29000644048269,6.072293384295647,5.804854247666235,6.459743415705645,6.103458617705226,6.680427771602589,7.502112823212351,6.404002613903664,6.869205094537096,6.302035283378985,6.991322287951557,8.9824159322618,6.946631403330282,6.1271631325958555,4.828145037680613,5.9806464501198295,5.594359789100067,5.915001516619095,4.997295489377979
0.45566304757082565,-1.0757714735293857,-1.3276665296240469,-1.7024777846475125,-1.2824931219892053,1.8811377307281398,2.3480217281065765,3.334965088924694,1.7209178776620182,0.27572001774801796,1.0580524503441084,1.7854480348321498,2.066032595556192,2.030519513287396,3.2456770221149784,5.773268614183884,4.843366940076723,5.058824912608482,5.215911913221962,5.109316752690091,5.610810453647372,7.4740686324954275,7.556293299799373,8.45644746762172,7.398162885963362,7.005314677771537,6.088488446199885,6.034817932105151,5.554300645284689,3.99109850123322,4.898091794027622,5.6279387357602175,4.9906969786183355,5.1836591336546585
-0.4774890462000878,-1.5982274651288422,-2.62527251520734,-2.196843522650122,1.4087398957865802,2.288652903306739,1.3436515381412113,-0.01148705673625214,0.34851785504812016,1.178411691109518,2.7757130171290036,2.8283422532273064,0.6506521475069846,3.2028702880309807,4.356708540309666,3.619229949922226,3.4361373169807914,5.081407269560179,3.850287290723537,5.3926322541504685,3.8471588180016796,6.633269829700385,5.7709440563065355,5.780781425738356,6.611053446689021,4.782074907367699,4.6512319642139985,5.172843049655135,4.4531990193836055,4.982099496452945,4.531668268333112,4.745443665014799,4.860881689827355,5.228019118023531
-1.331889914364625,-3.86537143730953,-3.676635866958912,1.8975624929261836,1.6440580649272212,1.2789379689043168,1.4927484335689492,0.5113169728930786,0.8912527138675889,1.8715344856164604,2.5037479065877206,3.1660450847243586,3.326951683891986,4.150997521446058,3.5121381543102492,4.2956613350890605,4.4501128147357045,4.062715378464736,4.6788153782961945,2.8917888465948227,3.1080090738984563,4.103184089984602,4.348980120823912,6.221621280474821,5.306891541940225,5.571768607972346,4.185054090579289,4.539188608044893,5.6381040966592835,4.8488997277514025,4.165395060166538,3.21204130763779,5.5105592165000346,4.665532528432367
-1.7011360215008067,-3.689448358716074,-2.3115292520697843,1.5278917319098482,1.2771898872362395,0.824013480691717,1.541104101426045,1.0719693720896353,1.1263531894067438,1.4973544607878408,1.5336526026015076,2.015752971490118,2.630597059872989,2.7369147689874374,3.92990348906768,3.4696527107717317,4.188887751172706,3.1232661833859923,3.0521802963134492,2.9863325773358578,2.8928097441314815,3.5049740749904545,4.412551786599845,6.203557593031914,3.665100189595956,3.3808736591721384,3.9208723637480105,4.900688451886654,3.6261824512694845,4.560115579709467,3.9110013685631033,5.063043180511838,4.741206152347874,4.571821347633285
