script/wind10m.json
{"header": {"parameterCategory": 2, "parameterNumber": 3, "lo1": 6.000027932988019, "la1": 58.9999434238085, "dx": 0.5, "dy": 0.25, "nx": 22, "ny": 24, "refTime": "2024-09-19T00:00:00.000Z"}, "data":
[rows 0 to 23 of 24, columns 0 to 21 of 22]
0.3591189314508981,0.40218317448856367,1.7989691995119044,-0.19914645180627746,-0.335720533114243,-0.4341462485402881,-0.6798450744145106,-1.155154077588812,-2.148445195551829,-0.2529342345815366,-0.12873764763700254,-0.6344314110801884,-1.37531343717399,-1.3851110025607882,-2.173215678500084,-0.29626779255584484,0.3507045029945693,1.1381603320522549,-0.05240060563962933,1.014377988928169,0.18212966816071455,0.1687999258881725
1.3877457591461513,0.0584450166929193,-0.15014436377025572,-0.36119759165906634,-1.2389082402696776,-1.0312779638455978,-1.5823791013950086,-3.6679515932623397,-1.3518296025316552,0.03599865995287809,-1.1462389683032035,-0.4013114561837933,-1.1271298972632973,-1.0147798647821966,1.0387052232251217,1.1786781549580019,-0.13567934276289287,0.346493891349091,0.47915654223389764,-0.7983113756751216,0.507116969184027,0.11357261306853951
0.01117377284291816,-0.23355174709210444,-1.6803236475098466,-0.8602462236181342,-0.5463381759974488,-0.9790935670512985,-2.734085234992343,-2.7009398633453907,-0.5029467143280371,-0.15289539542694605,-0.6227246869314578,0.1757708464228132,-0.8857201377528076,1.1574016140473842,0.8477908542403201,1.0588366255280977,1.2037958803151867,2.055355296847763,0.25111605643243046,-1.0776729031917744,-1.1314643806137685,0.08341654264107433
0.00537687226743188,-1.2656330930142499,-0.41149706607121694,-1.290804173999757,-1.2891914020389663,-3.089695941808068,-3.2738294337012888,-2.774291463983349,-0.9903409641294936,-0.6547960172422939,-0.27029620119506814,-0.1205539364782439,0.4401385661161542,-0.22763747276448923,0.639794478545552,1.6478679318598097,1.0465463068495517,2.3400519559294355,0.8530347024202454,1.0283659667091125,0.6574508031380852,-0.680401677109187
-0.5408334306169351,-1.6364254477211413,-0.2229257777316428,-1.6018168128327368,-3.670487829415695,-2.8475257031830625,-3.3430981689085217,-2.8649543935506157,-1.503066155278077,-1.6177273694629564,-0.5943334790954768,-1.4013237286091453,-0.5523794690760148,0.4069649806205603,0.4650167254377584,0.24271438344635793,-0.0999168651501599,-0.6639685819629174,1.5326753818611556,0.25582865381709224,0.199860310350973,-1.4331765647538113
-1.0127150509117433,-0.10503730143254555,-1.1858476715059971,-1.7700772546372572,-2.1854614016107,-2.7333478970694567,-3.2805347099796647,-2.79283248389697,-1.6134499002733576,-0.9286695726107608,-0.2212423736767649,-0.47755128825687326,-0.3889367247480284,-0.2347388134530496,1.2915053771495566,0.3323213058137003,0.16744026188282785,0.7646376058293232,1.8645647907430567,0.03376089429313115,-0.7801023860232948,-0.7151428023596696
-0.6349306272157079,-1.4940993809506864,-1.639247941411058,-1.5627422649767364,-2.1685684224510995,-2.8438430191306283,-2.786709438532199,-2.241046378029335,-1.3007206190777767,-0.22023605921831438,0.9071783291601656,0.9206828553283538,-0.4705217461083652,-0.5085538744552172,-0.6593591795068886,0.2449820574426325,0.5829674997763575,0.13382637189963564,-0.7843178363614834,-0.8927891168573362,-0.6080415076096135,-1.1420409321865181
-0.8913649186245239,-0.9564697365420813,-1.0328698888535315,-1.2742523834262198,-1.9343421273903851,-1.6581830395560702,-1.7106250183681537,0.3884159366787988,0.15338195975018945,-1.5018057489959478,-0.678384870173881,1.3766365647386987,0.8341680518761024,1.063274824006684,-0.8788575476603436,-1.1243481368633383,-0.782281819202346,-0.5654277407405918,-1.0129713197045664,-0.34833696710467554,-1.1997726784684206,-2.7198641844025215
-0.43142665008624137,-1.4525713782143561,-1.7385363756730392,-1.3253700527203953,-0.6434391030034067,-0.3591356345505742,-0.9565221607623008,0.7628533583196943,-0.34268249967953796,-2.453812580394721,-0.647985955392082,0.3377166429688616,1.2886963770004485,-0.4697112871636448,-0.25757030592280034,0.09560742403343486,-0.6723171913293261,-1.1683814598219115,-0.8446248948495191,-1.4578580056148778,-1.5793831693183642,-2.317773958354967
-1.2383010562652201,-1.5024692850052908,-0.741140291214407,-0.43094780811876354,-0.9287440837765876,-0.9973023554104978,0.16287722989955303,-0.3528077156051944,-0.8477650274521593,-1.285689989506036,-0.20603324514343563,0.45634405503232345,4.0012052612470725,2.697005432917998,0.34707561350489546,0.01667253044244971,-1.1608342273014176,-0.7073807600150512,-0.9832745600416358,-1.7208069540256952,-1.757701513037451,-3.1293162939951054
-1.7905227881186587,-1.1765731289115682,-0.7076565757667407,-1.0125226073885878,-1.8104305520762363,-0.805047848259199,-0.5571234845517274,-0.5146008879105539,-1.0315593788322364,1.0689857644154148,-0.18270282628629442,3.1102335065036537,4.174167769065396,3.36779716388893,-0.13421492115753633,-0.4365617637350037,-0.8311517626794571,-0.8221751516687019,-1.4182358020657366,-1.6272851037864622,-1.777397643354555,-2.460941716645763
-2.1380389031155516,-1.327208124261014,-0.6870613216172664,-0.8998037882040937,-1.5638066885526625,-0.48641257229188173,-0.9697098067689423,-1.1808039958532255,-1.4925469550692823,0.1430876816758259,0.9353636162140779,0.9214914975736583,2.357399950441597,-0.31675756007169953,-1.4459432056721269,-0.3886847513464185,-1.1614046503672892,-0.9210818295512292,-1.355461363633306,-1.3985678906488743,-2.0948214649658743,-5.108613612306337
-1.466640938505427,-0.48737951248330635,-0.07807930085403554,-0.2355284847979425,-0.8794290405427304,-2.5184903333096313,-1.5619690009170897,-0.9447808193888769,-1.4186680758184744,-0.2589726617916421,0.3822497825314471,0.8791288262922279,-0.03963084033231954,-0.5685281040029838,-0.263868635761211,-0.5432447375247226,-1.376489828784595,-2.4440882599032574,-3.6735448398799813,-4.004370565198606,-5.68675473437471,-4.609656410824543
-0.22665608699887851,-0.459480822362069,0.00853563804625788,0.02729737820552065,-0.16655005973746806,-1.536791957320834,-1.2442524175419636,-0.9649415645275355,-0.8571885464843283,1.5360084697731697,1.3438554469997679,0.15380304666380845,-1.116305700805531,-1.298262826897636,-1.7911326007946298,-1.8862635895631594,-1.8536839821172892,-3.064465296808771,-3.8554124922418342,-3.59504036639379,-3.7269348627117918,-4.406048978487936
-0.8309614375599417,0.5183747189238258,0.8856057775009353,0.46965462841321065,-1.0420446709754418,-1.3892023962651272,-0.6170824588210021,-1.2345887743025088,0.4573816439090533,0.7903460339659323,-1.173190635942369,-1.272330648613214,-1.5031772919628783,-0.2547649727893727,-1.9803439967009686,-1.1030238662184186,-2.27750815821503,-3.4104697956026264,-2.8991492121902733,-3.2913337110624017,-3.653478196362707,-4.551622842727813
-1.0044938541057677,-0.42089437694527365,0.0838424181142875,-0.4236750069225552,-1.0020000155065292,-2.072956446429386,-0.5122740023896112,0.20518888663706222,0.8002542860491878,0.1566879674397544,-0.01980543439860633,-0.9187421991441725,0.6228038390953858,-0.785411477430675,-0.8722889117804616,-2.0367665095863905,-3.2801085390587756,-4.394416738623633,-1.8472589862619992,-3.6693987943900974,-4.456957247077791,-4.569975276853181
-1.2295638707779182,-0.5823326661933413,-0.14687951314470946,0.05170303512387148,-0.6709054396005554,-1.8305637550946345,-1.19253099475394,0.344318496296002,1.038485996402173,0.118842976321829,0.41867841521923227,0.3380204647097891,-0.47824569094336145,0.23820417114429615,-0.289867726802232,-1.2609113472102451,-2.03738062597858,-1.8974269411667948,-2.807265503287968,-3.8563825406263494,-3.8367739823949774,-4.311586069062993
-0.09345260966019855,0.4540983643129501,-0.577334783056909,-0.7329413501402571,-0.6223933820461117,-1.268691058363217,-1.2319121126985109,0.17794890736136093,0.422379684282665,0.46490604516010464,-0.31750906042324917,-0.4904591862458864,-1.0271629044475146,-0.5752745654613896,-1.2870927331074644,-1.4183723449420949,-1.4825740376721734,-1.8700330975843733,-4.019992363133251,-3.4055262617872786,-3.2835485266043274,-3.5064875195912055
1.126309143620891,1.1302693721267654,0.23354786785633938,-0.2068700618146109,-0.13273993528163977,0.12341907769495998,0.2662525610266493,-0.5194979218571687,-0.4497536147619187,-0.18869626879585147,-0.4941979422037341,-1.363544806421249,-1.4987749664203107,-1.520441692162608,-1.403881194394844,-0.42190238318819034,-1.971557945207274,-2.7928004523053436,-2.9629109881208113,-2.620349392120151,-2.2527923093569187,-0.7983652905475005
0.7609499270358027,0.837908846453774,0.801832623227015,0.13869386972231917,-1.0256053640293965,0.006994821873484684,-0.3890084061174145,-0.6097505246366486,-0.757571301905823,-0.9997489762778216,-0.7105963231659089,-1.554665706664627,-1.4545897910661099,-1.1852110924488795,-0.9694861770319237,-2.245574969774359,-2.6494829502622563,-2.896727317327356,-3.3616947998492934,-1.9967398123303777,-1.2301615742876728,-0.6319484731954205
-0.18407483275981398,0.2823269401563216,0.32148380667491394,-0.5218877839602688,-0.5265024129423508,-0.20923654338676517,-0.8912586583061317,-1.2306052806976169,-1.035248771349275,-1.5808196737869875,-1.8948488683227698,-0.9905790400901405,-1.3457539278195516,-1.4198653362187312,-1.4757721023734642,-1.9573322469271737,-2.021793390875388,-3.2313037103594935,-1.3163180507231542,-1.3110571902410888,-1.541400337406262,-0.9960063785165096
-0.14657146916898808,0.014538377429112518,-0.4961881781788876,-0.970904980698147,0.4255682378008725,-0.15264734248715614,-0.7412073797008587,-1.405399742148666,-1.4299115909631352,-2.2199330111968005,-2.0787932376069875,-1.7825551354564007,-2.177095347298908,-1.6583669719181642,-2.299484820773202,-2.1063457260643768,-2.638303035973918,-3.1249651816699098,-1.8443288527671764,-1.5150756020580003,-1.3251317515045882,-1.0022382840310788
-0.7714388174597823,-1.0386283612346892,-1.3560782742809745,-1.0138624868009871,-0.4278548031608663,-0.7967216382988302,-1.1802265021005256,-1.1769259669330718,-1.3551143751122907,-2.5852981791414433,-2.3563027625476307,-1.9692954169123278,-2.306593144701617,-2.00097040301341,-2.963374529124258,-2.8346827381611717,-1.937887334792836,-1.5626083962924509,-2.7154220673382095,-1.7021170366229663,-1.4432940629397788,-1.5777547605091033
-1.6012807384213368,-1.621004971540283,-1.4697040946758184,-1.5079420590887018,-0.9997264503178865,-1.2489195504338508,-2.3861780630186993,-1.8381296763644488,-1.6103005148134875,-1.9081313977929597,-1.3538561004759655,-1.7631470236561404,-2.9891399427928835,-2.3001648465032165,-2.1525261006293115,-2.2930880199769867,-3.0513421572871904,-1.7567772033882945,-3.451743940084112,-1.8776477683435944,-1.5503159213900046,-2.11987049074038
