script/wind150m.json
{"header": {"parameterCategory": 2, "parameterNumber": 2, "lo1": 3.000054539987559, "la1": 64.9999836372058, "dx": 0.5, "dy": 0.25, "nx": 34, "ny": 52, "refTime": "2025-12-12T12:00:00.000Z"}, "data":
[rows 0 to 24 of 52, columns 0 to 33 of 34]
2.6812520214792737,3.038328720715734,5.280232276303323,4.775655694113374,5.131797947724481,5.031514062532956,6.704942965732148,7.046461659306348,7.845059288594868,6.484830682448,5.925573784313359,5.196715728537066,-5.823763112319293,-7.038627438744871,-9.74683986180674,-11.710998368978165,-10.093346880240084,-10.72693499505667,-12.785137150589236,-15.996660900010902,-7.470809007245033,-5.657869254608738,-10.232861759101478,-9.383939633371453,-6.429939436159922,-4.215827894286776,-2.9803395830309984,-5.988009839915969,-4.545398248219876,-2.7998257031168556,-2.583215145753652,-2.4553903740555256,-5.104711639549115,-4.207457461886042
4.715234519647526,4.070532094598118,4.839422250621105,6.264324561919322,5.435807531558818,4.124712135511194,5.096244232746395,7.688069852902791,9.153354023183162,8.720464681280905,7.4968803292490325,6.171589460154718,0.17835389668587645,-4.177425408102952,-7.790560026053414,-11.207058231610498,-11.960184944080094,-11.345759861410981,-19.772177006794124,-11.581566370753904,-17.37594937477178,-10.387959228473045,-4.872211783110314,-10.09157953881849,-5.086704018375217,-5.311532444927332,-3.5460332009728353,-3.574270810391867,-5.41188467399326,-4.093327877636066,-1.6769362738719542,-2.0768220812804676,-1.2357738022696882,-6.3577052175489355
4.44420408100279,6.148863408710913,5.518766771651042,5.4264602457607545,5.212395541644563,4.203396698733693,5.6613564429572065,7.5244969256363525,7.864873193466146,8.468959661712262,6.311058732022284,2.906519058399808,-1.2609347289614732,-2.52477356858092,-6.51067816985971,-9.888365193465374,-11.319763724430073,-9.400742529818134,-8.4316004956716,-11.07305176429627,-11.904269743768337,-6.756727298005706,-9.947084205919287,-8.027995316823125,-6.149911356296709,-4.449739890302509,-5.4227404730212525,-2.9904352464447514,-3.31421903262896,-7.069338507650372,-5.235638504442731,-2.5801940142784874,-1.0594286961364594,-2.132634243575337
3.6866127056839963,4.972752093348809,5.896606030494971,6.288228642525005,5.935418013825062,5.2724350127488755,5.9346466402553,6.080224012156473,6.329541683489051,6.3919701038876635,6.021922333482442,1.1149159013374002,-3.940594126558224,-3.992201653391276,-6.519699977042556,-8.359418994472328,-7.069835434917402,-8.635494090768875,-11.848310871475684,-8.473923777240513,-13.318080208140339,-10.346345895875569,-10.866405166312678,-6.034057453592613,-5.381672892654424,-5.603978150100191,-4.659898468526494,-4.6692715864544425,-5.0083381205513025,-3.5572426217243818,-4.325249352086051,-3.2312712932727212,-2.3050010183013883,-2.6429179973567187
2.5405354638111195,4.488228957538776,4.68058113159508,6.096406345767375,6.442106801421143,6.079933083134848,6.24137898521602,5.428191483619847,5.8747408945001345,4.282896122549896,0.3285837500130749,-0.88420106074654,-5.175385678731347,-7.916656872595516,-10.162169683021759,-6.653691860664684,-7.689149345491703,-8.162981033421412,-6.207886601982361,-9.057119556867505,-12.828657827614963,-8.927666051540587,-6.277162726079758,-7.431423891489226,-5.21246835570218,-5.484595340749143,-5.459708312827916,-5.25299522113154,-4.511540299328909,-3.5457273322277527,-1.4489813339684956,-6.97676620353248,-1.4981010424338366,-1.6382172986209085
3.155332259162874,4.080373039492148,4.931229230684677,4.86144632076043,5.871604788711543,6.602521560221167,6.657295797248366,5.549164205638126,4.1871479144557755,2.2792951621791135,0.6753298138839763,-0.26967575493172935,-2.602289451951084,-9.053409242947142,-6.163094454688301,-6.740558430576767,-4.241585213396342,-8.078299288244212,-12.466391989040261,-17.087253622413076,-7.997892823484854,-10.094093946837605,-6.312680937070054,-5.260260141042625,-5.624229087751895,-5.234408218992078,-5.084846085303711,-5.615266459390093,-4.585317020029816,-4.8640012815898315,-4.85512465029813,-1.92771801525263,-2.449301424561357,-0.9455361719317439
2.273002589427402,3.3124305722935157,4.1066781469279015,6.211957179747914,4.9607602621891145,7.474663769619642,6.1364919120106745,5.169526301224682,2.163462599239225,-1.194421411019904,-3.0886695729876656,-3.611048594990676,-4.109267133414571,-6.8561799542766115,-8.232026497399215,-5.117213404275591,-3.13427735898613,-6.655667740638976,-8.80395943061896,-9.011918646343206,-8.932848884167827,-6.746839061420941,-9.363622351226583,-6.631500140453873,-6.094262494009992,-4.2754257812377565,-5.498979734329886,-4.467442388372721,-5.250301688509653,-5.349185422731746,-2.9255692910089737,-3.191786565509675,-3.2564602582189113,-0.5082357151615139
2.4238417935684198,4.367186906754427,4.489964356898472,4.939890186134259,5.032646149107286,7.877270324225862,5.52896657191406,5.380813901769527,4.5987920577679295,3.451716588475448,0.6994887319504949,-3.7339498593131912,-1.1921381306386432,-3.4711344196778366,-4.530980641455638,-3.655181208011796,-3.8180677291681824,-2.123728184959924,-0.3744604052701191,0.40573766431173475,-2.6560088029107662,-5.4742817319111445,-6.80286831550797,-5.999256708379077,-5.306589114202914,-5.3587697880092495,-5.773167350351619,-5.530321431420813,-4.460860667032148,-3.3419289311632365,-4.652089427385561,-3.5114559017899034,-4.155164059316068,-5.074918654553996
2.8897348663420805,3.2777713690260035,4.275276150879564,4.543189619203745,5.324170635868249,6.472107970579489,3.5949858324148134,3.1950424642599042,2.3775709868216377,4.748605407049156,-2.823278735233874,-5.293163247760746,-3.9743444993003756,-4.288631256318591,-3.4151622436099958,-7.282731141556585,-7.816551022798888,2.8624805590241684,-11.743941550090984,-8.76403502986746,-4.21388298487729,-3.44909398646354,-2.6029935688461925,-4.808809950358418,-5.7543966408066565,-5.8569366194705,-4.3110252934234685,-4.132081910118952,-3.6936547317090307,-3.054161397162639,-6.090904722865952,-4.6109041717160295,-7.780344767701197,-7.238300695706978
3.8094481142936156,3.7925129146754744,3.2669318074050286,3.4451885460257228,4.098240179354657,4.224926656619339,3.143542609520196,0.16825242699741408,-0.25555409845423466,-1.757370148257814,-1.7197453246895613,0.23565824555159526,0.34531558326185874,2.2630835814843246,-7.86324026135049,-2.1259886521551903,-4.391448031428333,-8.645780653506256,-9.674419640639176,-6.968445075776247,-4.1182689072805205,-3.808609693496116,-4.5463378739522415,-3.461531406820066,-3.7968784955477255,-5.894464351272986,-5.896770348414374,-6.369314855199702,-6.40073327614757,-5.689796608013633,-4.6503357911303915,-9.370122613289402,-8.807311839276418,-7.602393437082895
3.5688052966386548,2.8817911137958014,2.860289840368887,2.358470560218475,3.9027104132928905,3.409514667288524,1.6166782659644026,-0.3132606488571452,2.994365712296132,1.392045038881547,3.7152783125796964,-4.08145291458668,3.0782662234185403,5.223528669271486,0.650679688410995,-5.0352071026109355,-1.1434649109902186,-4.984608327607497,-7.218241085476618,-4.943436292213359,-5.884411252498745,-4.445351718725852,-5.8169836964347885,-4.597781837842165,-4.717950157316461,-4.322987671720499,-4.380046802445712,-6.422568855789926,-5.335396843705168,-6.127345784369604,-7.6536416970806345,-9.007009419319203,-9.24603213303495,-8.872154227363737
2.504186021901998,2.470466748424119,2.1182115165162116,1.228377678482087,2.0153734248937836,0.14467085833599097,-3.906971986476656,-2.3161605433170736,-1.309412702338311,-0.2003169327576911,3.7184254167779875,0.7958697246754257,-1.343173305677216,0.889049163190461,-0.2750480850233412,-2.68444530270653,-2.666934979308175,-0.5257948124404999,-3.5506587420407927,-5.061412784035937,-5.296843523068833,-7.032408322575409,-4.301193451000525,-5.7352780429597745,-4.098551504310662,-4.532495612037172,-4.582616675121514,-5.399343390663925,-5.418789266734022,-7.31718859368076,-8.970104344392778,-9.99464607576649,-9.550894123722637,-8.914960710663687
2.8301174189955414,1.863497270121609,1.8305694668220582,-0.2925845930979699,1.2625736139831292,-0.017356709735731543,1.0234039652788685,2.526876581176979,0.4209196845047269,4.442136437280703,3.3806993536668566,2.415234982594706,2.9905631994129633,2.691241817359984,-4.292566371978163,4.2730870339407,-2.871456899263637,-3.349454480259098,-6.998742420570405,-4.325759668584119,-3.8181781795287484,-5.137136167740117,-6.5552935760359645,-5.344813488713616,-5.942632859046506,-5.436358489910614,-4.9137705379177605,-5.843844639830272,-5.340416632655946,-8.340951813598412,-8.901169269827152,-9.398395694651274,-9.601683508679866,-9.02051707217362
1.1365629515203794,2.780054422678173,1.4647738575009952,-1.6728209215740526,0.0789626110615937,-1.2251971635277594,6.660461435536743,-0.4702959139634151,-2.6461325039535533,4.176565911906664,6.691487836519899,7.3652827622589125,-0.48418124011310815,-3.8290321935803355,-0.7252847663546818,-1.0301116449813867,-2.265115909075037,-2.6690721200816974,-2.261719780974576,-5.106043029489941,-4.248748490238907,-4.903790065848902,-6.154733344882891,-6.50634339732145,-4.482494160898814,-5.80100919788063,-5.336892415266122,-5.087969291284391,-5.805688278712619,-8.193099329283534,-8.86225116002796,-8.935330765433966,-9.563821110006517,-9.14163931054816
1.1895564265577319,2.4770482694845035,0.3849859722796266,-1.2932360331486137,-0.8300984721498526,-3.6967618329996497,-1.1991856154239147,3.3993133231839257,-0.9704659392056756,2.5303462818145364,-0.8558120294257613,5.487570431079669,4.855277603629175,2.648526189333414,-2.5422858836253006,-0.3712472465245066,-1.071632543535985,-4.6628526049662575,-3.626975384803368,-3.6144187509809105,-3.4686680035329776,-5.289940259391239,-5.1097902500555294,-6.878671766695787,-5.068098066544468,-6.728878910858623,-5.238368915965177,-5.7603330131471715,-6.407287096687209,-8.361806360770023,-8.908773048331645,-8.937050956230138,-9.127334371149749,-8.947577992839616
1.5149509262577563,1.4958700693247275,0.924045488040089,-2.018925610232403,-2.1443853826135277,-3.6062501839760746,-2.9515189905900985,-0.22644409013657987,-0.12800179533024272,1.3610265978157394,2.0616947309684805,2.612457368882047,-2.085904622504865,-0.6578755960098341,-4.058779308455917,-3.602769645455502,-2.7454643865208515,-4.015909485686969,-5.956694403294253,-5.322172932061328,-4.97320146776047,-6.256857784621528,-4.463495412750053,-5.823466115521364,-5.671637736518844,-6.165037000996329,-7.150025898960018,-5.296301252604743,-6.301121068078283,-8.261953029256626,-8.728155939970186,-8.893190335978407,-8.974835431052625,-8.847711324716407
0.3189837851931594,0.8786939921240414,0.26682363898240086,-3.6674166156261236,-3.6931312413182305,-3.9840996062149827,0.510315457232955,2.8909689033946577,-0.7051386280595017,1.4206764857704088,6.790604578294929,2.3113867842913556,-0.2805541085653127,-3.356085368035436,-2.117123628257704,-2.221009243844297,-4.189178902356572,-3.4167108981932013,-4.44174087404054,-2.852084815704651,-5.837038194228478,-7.06547336095071,-6.0587816382736905,-4.9760176618319765,-5.685682552353494,-6.476333943489023,-7.2109244138903,-5.6041222427401,-6.033927289117666,-8.051070615149511,-8.029830399261382,-8.108908786721916,-8.732638103346327,-8.911591673861539
0.0023802574471833956,1.500241724631559,-0.2291026982957026,-3.595009959969835,-2.689571443486095,-2.9361714714801694,0.007575007631095224,0.18591802660280962,5.017360963862837,9.584557801039052,2.500294051683475,0.6475236741402177,-1.0299439782724473,-2.147305620536999,-3.2149975637831805,-3.8397006835199776,-5.403612439115912,-2.7209370871184957,-5.541226790130434,-6.063540793081926,-6.486026073772843,-5.985457387721337,-6.220214866820239,-5.433334059261065,-6.439614248131956,-5.409121048240799,-6.640538924322629,-5.239467733645863,-5.810556490417314,-8.01675967288042,-7.745194333980616,-7.792180701113675,-7.992014843566554,-8.627399215743006
0.6581595928097894,1.0880500156975823,0.7304919923650616,-2.9275234426690933,-4.346611521788842,-3.1225200970759013,1.0195325142516063,1.041975801493948,-2.0638923120289316,6.582161107550006,6.395577774351889,3.161522489057793,3.7956944658575504,0.07030662901682012,-1.4168685405861772,-2.031375381641966,-2.103123077585186,-3.8630736644687826,-2.952826051838387,-4.443941228475908,-4.119688091024934,-6.6070943714070385,-6.726324697385574,-7.264809231789142,-6.649865130277102,-5.374859618258875,-7.01673430616255,-4.579190806854044,-4.670478697084143,-4.871971281708531,-7.033709799280009,-7.254017637089901,-6.9751912384367385,-6.94972362270486
0.2523603973320982,0.9842719311493815,0.6874816291397724,-0.7855655517077079,-3.7997119931866408,-4.042017177144104,1.6636778011633127,5.911999227454425,9.154866225141287,4.705765278043714,7.946441251502118,6.718559709143708,-0.6149489807140218,2.826009972048066,-3.7057564848399522,-4.082175183629096,-2.4714751142531086,-4.266542463360696,-3.3976278815830008,-5.96710142583003,-4.405655065483069,-6.003960640861106,-7.2223681480401565,-6.138327057954998,-5.247605647947712,-5.815989868593641,-4.784930641337424,-4.813672193980028,-4.443182636876463,-4.4583282587978506,-4.4794803654212885,-5.307967412101701,-6.262667478527718,-5.2963368774898125
1.722588522081565,0.7125223330804487,0.7499646580371578,-0.9900265101995467,-3.4892343029577515,-4.953395587599166,-4.283060052356854,0.7260093065051699,4.625819589323422,2.113320670775821,4.01975540839601,2.9699786006996485,1.9256500081179726,-1.147714907007575,-0.8978817594737555,-4.7420303889266995,-4.045629751940932,-5.10325062330348,-5.430353821238981,-5.775723473141522,-5.015446992296981,-4.330876890884686,-6.655991315209138,-5.955686422073283,-5.330649255558302,-5.334792288308972,-5.282332896590379,-4.929785957640614,-4.5483238011572515,-4.387639278209545,-3.7238366684386315,-4.663030459584766,-5.525889104343942,-5.799060252742898
2.0212828560263305,1.4817104754444783,1.6753805632338878,-0.7945559383948537,-3.1105530475311878,-2.6628711591718615,-2.9042631513307815,-0.533506283742,5.128952524160924,1.0699493025679494,6.600765641849369,4.978104700098131,-1.6774051477483942,-2.1139683484150216,-6.873656295575589,-1.674220997051273,-6.103869597397836,-6.487606605754739,-4.682282954150391,-4.87058122739738,-6.0657184713972025,-7.869333370207239,-6.780245476655327,-5.8150133141385005,-6.143071667491895,-4.71308413599687,-4.775829339641068,-5.072113799367759,-5.032010693007538,-4.612933530893433,-3.918038678302614,-3.717580519209064,-4.6011583932842814,-6.1574626362603055
2.856284347514054,2.2260233445534965,1.7974748193364414,0.6321763916705555,-2.5584504482702553,-3.7839866771445014,-1.8843947179762286,2.247235763066143,8.72567746935199,6.560136038799317,0.5767223056844277,0.10817425356330576,2.500053363355958,0.9192190603141399,-2.6732715990239218,-4.690943822624161,-6.183376145687368,-5.6654550894238245,-4.438667286218139,-4.972295266048112,-5.7885286575976345,-7.437045927378703,-7.790043229528453,-6.649178891799057,-6.490260211262793,-7.148833883419995,-4.458075955155672,-5.594342247661354,-4.9978835984474275,-4.457146242100589,-3.5341504881258183,-2.5061090793806895,-5.6221169120301555,-6.5959067104996745
4.820515302860496,2.98841868844087,2.449339122308983,1.0172851932454532,-1.5584829195389582,-1.7534180689541947,0.29937401430793825,2.3165964338296128,6.35665318737907,0.6346930025204278,1.4779907215634362,-0.42230522129919273,-1.1537535329873774,-2.2529049158744874,-2.374817210317074,-1.8788146381614523,-3.15811339945586,-2.1497541377350133,-4.376840421065153,-4.0784869971193904,-5.587970441640729,-8.10697040668964,-8.099303835837958,-6.067295174965746,-6.126380500996427,-7.424458178226955,-5.964769919183298,-4.516119619184813,-4.499433010732368,-3.975159303374333,-3.518889470046595,-2.736457495991671,-5.450314577934711,-6.117960900550984
4.079213492054988,3.2087407787773023,2.6853514519029527,1.387089992978403,0.5168431813347313,-2.818329705605687,-1.5946401027069939,4.925819474905713,8.44627288317919,0.4554763021625402,4.797499983733232,0.9207218268835776,-1.1736187767713602,-2.047397332459625,-2.3053218567892984,1.9310404149868934,3.8571592697506305,2.3386316966907237,1.8614324941247655,-2.4066236954271414,-0.681579418793176,-6.852628541968656,-7.128272397539192,-5.753871105352025,-4.3266683763606615,-4.702427520072328,-6.051868103755779,-4.03718517811737,-4.246840907833894,-3.8826512364732992,-3.627248910974449,-2.1132877235713297,-5.682621686238552,-5.124672462259013
