script/wind150m.json
{"header": {"parameterCategory": 2, "parameterNumber": 2, "lo1": 6.000198445256149, "la1": 58.999992894266676, "dx": 0.5, "dy": 0.25, "nx": 22, "ny": 24, "refTime": "2024-03-17T18:00:00.000Z"}, "data":
[rows 0 to 23 of 24, columns 0 to 21 of 22]
-7.379227195741759,-10.095301216113192,-13.154091942661646,-6.949398748311207,-7.15270132390788,-11.631115193071851,-6.987575317134205,-2.181544864810892,-8.506323224436265,-10.751902007374001,-2.1055122988222394,-7.333004825987162,-13.820813583067736,-2.635490825992244,-2.1699958930799443,-6.584964800809177,-4.583495889007571,-17.782921882007685,-2.7437601913723673,-2.3246867761418133,-2.523390326596814,-4.4690543255557955
1.4771146174914178,-11.654936965380513,-16.64504289867576,-1.800082519934873,-8.665162729951083,-4.546457757345055,-0.035796975442493606,-6.559876840740442,-5.440723433567059,-4.453989081789721,-3.3248696474973536,-9.43116337418419,-12.16076868706279,-13.139538128981926,-6.107223032108521,-8.609563644250416,-5.229093569336329,-3.963063488661044,-4.815841740439281,-8.603870844388886,-5.482951532993783,-3.965203868680195
-3.102099123781068,-7.824340858980768,-3.77271247963099,-3.5812080344190367,-8.625243137150003,0.20364775647480474,-0.6312448923797811,-1.8202415949855204,-6.242063962286219,-0.188021910384027,-8.753712858515806,-8.831108033981748,-5.770621614672375,-8.34691107999157,-7.098896457174467,-3.320190978690218,-9.352403152214837,-9.65160213013716,-9.598120747885044,-10.347334314564502,-2.8455039762068517,-5.908593882798085
-1.5860571439977256,-6.553391655661012,-0.6450918967077325,-4.674741649516381,-8.063454475965196,-6.9797491892084125,-4.781478841837563,2.8851644966765018,-3.2337484769549554,-5.496040198566484,-3.068129987518667,0.4010328696110244,1.522831112712141,-6.557379673273392,-7.0196401318089094,-6.11447863907852,-5.981749387273238,-8.161325483175922,-7.978341530701861,-9.698194017544362,-6.70641723904429,-1.1825297405333297
-2.4496050410762655,-5.412334679733524,-1.359226577977564,-5.913557719492446,-1.9179891615483358,-1.757523121920648,-7.031755212747177,-6.100830529613301,-6.331969433608551,-10.783319000074671,-1.6456009659502178,-6.160771746288343,-7.217075111954303,0.8804162660031954,-5.532528478173868,-4.06760727611335,-4.59184901097228,-11.8966563704496,-3.265163533254106,-4.235005840842298,-8.519441268245918,-5.5599007664558
-0.2508112996982221,0.40509332864921677,0.8683990722975089,-6.137770349900711,-11.991227653929947,-10.57971934968087,-7.346728356649652,-9.06045545255638,-5.734717137470834,-5.543402271918897,-8.722068998645442,-5.599290135238606,-7.208666421525872,-4.634989173556862,-7.267963004863095,-2.330978255830018,-4.537646104394895,-11.689925000311064,-4.430292169696025,-3.4057623312361045,-4.870184788818927,-0.5385262050293754
-6.649539679749168,-12.851298438262477,-8.25604982225649,-5.708398332485157,-5.0642002439827465,0.8565835867675109,-10.53097962028104,-10.143527377081181,-12.090262271086383,-8.334842503056302,-5.554033088164473,-7.156977500736448,-11.877809721721245,-2.50591636569207,-11.673405061778833,-12.593996468319341,-6.203696760503302,-11.327070793356247,-1.7111328119656946,-11.642432697048921,-4.519630711678611,-6.816325690306958
-2.3464950850943063,-4.463124448997604,0.017060114353599016,-8.152308145149242,-5.730329748983626,-7.286619228973177,-0.934820172610552,-3.9426617363250953,-11.89296438349991,-4.695522710744896,-10.90325645747934,-9.632635465419538,-6.039855878730915,-6.3136337954909845,-11.175886993375382,-5.3569260642010175,-6.825687739862206,-8.970512343297203,1.6424192491763545,-9.149647954579738,-7.820683141821465,-6.597226719604724
-9.187925156779416,-5.187846216283893,-5.426713539648217,-3.6067156124774993,3.7641358996115635,-12.292358113730371,-15.682627311202596,-3.2995960164474125,-11.292936834828836,-7.1177755380151435,-6.211415175955083,-8.244301524521155,-1.9602524117968867,-5.686150441117028,-7.602947261413154,-10.286718423686787,-12.374640165693545,-6.391203185255594,-11.857176260212327,-11.896594221156306,-8.643458086901909,-1.0062822525026351
-3.5819443736722967,-4.901925696379157,1.738701665548875,-8.58237240317324,-9.209575035168676,-6.197024253430316,-6.575965299606352,-4.826981283308788,-6.09402945555513,-0.30651775322917363,-5.225763494812314,-9.909159525544327,-3.328006053116238,-7.8534720113049445,-8.420206466305109,-1.142598895055194,-4.3640412484254965,-8.27173633500227,-6.084664857456332,-6.40113423509764,-2.5881801341380606,-10.728055123779345
0.018103457883718577,-5.844863822496424,-8.093006228676103,-16.957951769200353,-1.2934253978955514,-0.20291879692125475,-0.9302463394456147,-1.4929189523902198,-12.751960229717932,-0.8585006812310579,-8.59972411436786,-11.148506868399695,-7.08685595094764,-8.901310118430068,-12.949509762660384,-0.9638879083119036,-8.411220323180435,2.091864858148163,-5.188235955568864,-3.9299981386577274,-7.027073660648182,-3.8867892186075603
-9.031195319672076,-4.041058387284581,-6.660525828443447,-3.007011144476989,-0.5485127046698649,-7.780936021932066,-8.840318855057276,-4.330870346885606,-10.195534496912558,-6.4139643626018055,-2.697104676661106,-0.8601546363335479,-3.989452366756906,-3.3905316014726217,-7.084576972745008,-0.831522674351515,-7.7188529319569374,-4.504551366465818,-12.82396484487761,-12.425265382688286,-12.87861399149884,-6.283235559501422
2.240960510477074,-1.253384483821073,-8.272844158602554,-10.935699231881491,3.1246849233244665,-3.850785943661191,-10.932822448524446,-8.840322497053096,-6.8067939530910655,-10.03817617005718,-5.19556416284648,-3.642576827571669,-10.07091537793225,-6.510522120506736,-6.05470040366995,-8.900331045572283,-7.489603047435616,-12.552939842255826,-4.481806056690975,-8.079336686057221,-0.0739049298797855,-6.421605533429897
-7.605133633212091,-2.9004969801697595,-16.49238080933702,-2.8393176299920593,-2.8600970125367535,-7.879386039795459,-8.542842425092559,-8.182794844296199,-1.4405979587535773,-12.572842318168327,-3.2454371786265916,-4.847428938011228,-9.284475299713455,-7.229833759614553,-4.12331518152166,-0.4812293363732596,-10.824343829749886,-5.5955350390570935,-12.161362794422617,-7.150333737389331,-8.448204169011033,-5.677347227492205
4.00056931393569,-1.04365720972337,-8.188949433388581,-5.2629227352157715,-6.650688567130545,-7.934513729780961,-4.766541151623049,-8.083685665811196,-3.953420647418054,-5.147812204518306,-3.5058150307675127,-16.843009437131887,-11.325569797578517,-11.08215679412094,-2.578621217220155,-6.594572303098617,-5.325862204013902,0.3743594704048385,-2.4407657600389348,-10.816654953387253,-11.191321414228767,-1.5913775045764156
-6.588010815023312,-7.091943285137402,-7.335219871400037,-12.697344412593209,-0.7865986952622783,5.0150056081799095,-1.9320607796619684,-11.101155816583134,-5.512740329791974,-8.834542428303894,-6.896849033225421,-0.17619493423054877,-6.503430432241166,-6.4032169270442285,-7.827318200034375,1.651955175593099,-3.266112906059212,-7.564120804021968,1.2515660647053708,-2.5452570126582224,-11.34716182251141,-1.218974882853255
-7.084618936189409,-0.26270804902884765,-6.150952478350116,-10.100624997062527,-3.1004477341647645,-7.145257011117971,-5.399162870978311,-0.2927930075697249,-6.45796522929272,-3.9873936598944497,-1.1024279182173575,-11.757893522458563,0.39882504702523675,1.4727497482385483,0.8673190870095709,-0.24710689071363234,1.6700780909560808,-0.24391248157397513,-7.997607880164189,-11.571162721423999,-1.084013833346087,-8.868020804811787
-7.352061008628641,1.3647535268633038,-11.0119684712538,-3.58928726170713,-3.1882871750631745,-1.2776111662931298,-0.45435286644369155,-5.885544485836455,-6.942102243476585,-11.40406251192498,-11.478782373477815,-3.7425809412475584,-11.95215130872974,-2.6156116311344424,-5.3599080670830865,-3.5722755756745075,-7.282871504962166,-7.5758137381462545,-5.525706854373884,-8.567355102877872,-12.539018548978852,-11.868254439106906
-0.7426389113464116,-8.827221131242542,2.0062583503094094,1.5576597028676493,-8.883166891320462,-7.848296169426882,-10.399788550927456,-1.441549471916597,-3.479197955911892,-4.214883771136038,-8.094565847189704,-7.708006105996419,-7.699588670577554,-12.025739774637762,-7.665533447739074,-6.4313985724237615,-10.863086029254088,-7.40343515681535,-7.417105269749978,-4.744124578979716,-8.162934381229137,-10.373394023082703
-7.9070081345046175,-11.30487982024685,-1.341116779248577,-8.216937742627735,-12.798904563156414,-4.420516282646349,-4.929795454511291,-4.612058529276893,-2.2725580533152683,0.3476090730394339,0.6252250760770323,-10.795414687041545,-3.28383144293132,0.3915004470119047,-2.114281495386135,-7.201701623422316,-1.6059106627931696,-6.868230930701147,-0.8533173992679047,-6.574309923619089,-6.490727537708931,-9.90706808444989
-3.137194542705045,-6.335690420045303,-9.84358449624098,0.6991575310574031,-0.36278233559333145,-6.582972163800629,-7.139188732068992,-11.79355498376244,-7.553726175052677,-10.141714667272348,-4.924551033700421,-3.457828740005033,-8.729172215442464,-4.925247342458031,-9.045039669765648,-14.711101929844418,-3.1568256641960253,-5.511688580131666,-8.611444370604309,-5.760376510530776,0.5002587223287469,-8.494100789227351
-6.5998116078869336,4.238249850758379,-7.3903385381736095,-1.5381743130146153,-5.651672623135273,-2.967590991551147,-7.847562525456076,4.445012159420622,-2.514909536451438,-14.443932146174117,-5.380664568405683,-10.309619173935772,-1.2114314743007066,-3.124680080444525,-4.283011870541824,-12.717024851852996,-11.091358451677342,-13.731665357804598,-7.457661918672452,-9.010131832835233,-12.538014593484943,0.4867111094690373
-0.9058089067255918,-4.132514561851082,-7.6024045766949975,4.8650494458306595,-5.595829839923047,-6.047377275836251,-1.3170312681654965,-3.303596282998446,-4.638727867677607,-5.347509879893564,-2.282226414740204,-4.584379519588928,-10.348457201571449,-1.3860156862597357,-8.429199954635767,-4.740470033423988,-6.8955184369309155,-0.6916882854088016,-10.471037502567533,-9.162304078194829,-3.8606146769048517,-9.834842494182976
-6.354769632146285,-7.1881421390097815,-3.0173989194179125,-0.8014716203623782,-5.63018825070896,-3.779172499777336,-5.3262169175756,-10.643116826487251,-2.771913152639671,-6.68072640128149,3.5073974328971174,-2.960137334402136,-5.600110205634317,-7.578490157225589,1.2970552990641036,-4.727674084254777,2.337262412832548,-6.711865149120885,-7.732861215517384,-1.4315734401781917,-12.570307063682597,-11.755973878553789
