script/wind10m.json
{"header": {"parameterCategory": 2, "parameterNumber": 3, "lo1": 3.000054539987559, "la1": 64.9999836372058, "dx": 0.5, "dy": 0.25, "nx": 34, "ny": 52, "refTime": "2025-09-23T18:00:00.000Z"}, "data":
[rows 0 to 23 of 52, columns 0 to 33 of 34]
2.2289680929194455,2.50622654029387,2.0310535214734213,2.9879561452770855,2.0269736607536197,1.2442054989796714,1.2792048376802732,0.6772837035755604,-0.3201547456620836,-1.1931710254180716,-1.8494528399618448,-2.6165355490833266,-2.8895535418440366,-2.975773024250759,-3.0996554252730277,-3.4521470729438826,-2.982143391487118,-3.7376772748808222,-1.4220989952117875,-1.4089989171142685,-4.231086852697987,-2.995189736604334,-1.3892130001772436,-3.533559814755567,-1.9421556160928202,1.1851661287635447,-1.7060618195829218,-1.4871477188731825,-0.782849895534278,-1.2108425124941815,-2.107130066154725,-0.9826480150620116,-1.0287877082753885,-0.9779945142067085
1.8023420852090575,2.613870959738235,2.9947025523183854,3.5744245222363813,2.168059003379239,0.7207506008449153,0.9553869915633003,0.5687890808059856,-0.5341453186497266,-1.3677204550726825,-2.0610134305004113,-2.5917710658344464,-2.9219598669412945,-3.049749739336497,-3.187154537626834,-3.351075514530938,-3.63353127214173,-1.8708756645972924,0.11474428325230272,-2.222232738337635,0.4488941270457671,-1.1742969672620251,-0.9772774563802438,-3.9653168560756304,-0.7439450518349628,-0.26775845604224047,-0.2147082752066265,-0.7035838482410027,-0.8471652320968338,-1.3336534907042588,-1.0840885167491516,-1.5232873879448219,-1.2537913477139364,-1.3353357443356026
2.1119801125541344,3.588742024113719,3.5319097548884857,3.3088779173585565,1.9450579244808786,0.9551441827533125,1.2911844290410708,0.617424421047203,-0.30721965390918926,-1.3547250865857607,-1.8635390918647865,-2.4025900482541886,-2.7608507201492416,-3.156608258638543,-3.1659576531136575,-3.0525293414294405,-1.233402393425523,-0.5180789422376362,0.4138657142886457,-0.9404348578943195,-1.0767548912353808,-1.0443339402064489,0.12041007235779676,-2.8684561477046495,-0.9532132319099009,-0.4906907703449847,-0.4563366765320219,-1.0422901136171794,-1.0563865711342721,-0.8226197258898603,-1.1449974115319193,-1.4251846098126064,-1.70670938510936,-1.2194732799417975
2.5273872064652982,4.390445021574989,3.8635915916975296,3.390283750794983,2.2741797420727137,1.2404353774909356,1.3880778594928038,0.5110754230195469,-0.3378439323064061,-1.0049604036926345,-1.6562771834742067,-2.2027059900238206,-2.5061118548751455,-3.1587917638624097,-1.4315731938140175,-1.1569541970313355,-0.7279512571663732,0.5123680877115989,-0.5992427760176057,2.037392569822394,-1.6315955123019967,-3.023880226031247,-3.1362957247576118,-0.9975984479072771,-0.9107433060107759,-0.728890737801928,-0.12860973362639608,-0.0032891864510542147,-0.8962224152465859,-1.032058968487358,-0.7537325188079228,-1.1379216052003565,-1.6921157222113599,-1.664727324790152
3.390741051043243,4.31229234702514,4.0797316722629695,3.6060324375259682,2.31146809813968,1.8537146456091562,1.6221637817881396,0.708205855405543,-0.07452105054363678,-0.8575701119751336,-1.0567637079510765,-1.3150653643250407,-1.9223866658445,-2.254907557673645,-1.1654486471690146,-0.15752350033853316,-1.3314148401789418,1.1812075731275908,0.8242419513347254,-1.6966528758758799,-3.0179684480468296,-3.533416493780945,-1.1818645093071811,-1.4696869711717169,-1.929653524053799,-1.0449540370929054,-1.0034318013703765,-0.8127541404796821,-0.6716310572623896,-1.4536373863108065,-1.5651462447146827,-1.6784671514950622,-1.6531989400547196,-1.7828425152020244
4.595922813683483,4.502039499584814,4.164678701512739,3.381024633296963,2.2815064333082016,2.3690853784943124,1.393113479996154,0.6913818453553178,-0.09633397158478323,-0.41331778742090625,-0.6678435633189979,-1.058598994604181,-0.4905919129460673,-1.4619917187953924,0.1252531496437471,0.9641280277643449,1.1530297565338328,2.157909949380482,-1.4982581651456723,-1.8687007414374428,-0.85067205336646,-2.326029151056595,-1.1039829263166039,-0.8595792539358245,0.014030794395682689,-0.2540838384296203,-1.1517454853009381,-0.5357770174002806,-1.0971054080103229,-1.8249049697112945,-1.7257611731112474,-1.8703241830751935,-1.9436133467371453,-1.6850865854231558
5.8440287402397795,4.597906179459152,3.8646959386315447,2.922507987817198,2.4901588899939964,1.8073236742038432,1.1880109071830676,0.5104804513375064,0.014657713814599335,-0.48085257072342075,-0.49610403420232047,0.18003727542416428,0.3381839376801749,-0.38950432181878186,-0.07385857184234276,0.9379917258666578,0.2411192961438664,-0.7408342514165625,-1.190114177746145,-1.0982637796478922,-1.5012238131501143,-0.7361929065716057,-0.7931031384094455,-0.7350707786247993,-0.15516950829032425,-0.8547739280579224,-0.6987963694178586,-1.8879958807522779,-0.812674114705002,-2.04478621487103,-2.1134799116180214,-1.4536999755459452,-1.6459660257530044,-3.915940565265535
5.512549001800177,4.130507216454927,3.318249655744737,2.592852146038695,2.2906457718774536,1.721399803233202,1.019931439362845,-0.11327797760689605,-0.004011232304492695,-0.40021321993007647,-0.38481263198293847,0.14026539639224808,1.1797070588757796,-0.7899927368877876,1.4589478557596527,1.7669009102835203,0.6357312788508039,-0.624049759982595,-0.16336184189363814,-0.5950742791357361,-2.307997875819942,-0.8062566883291002,-1.2626947868584655,-1.816897861182189,-1.097157414308256,-0.8946076941476137,-0.9054100481366578,-1.3868917291149898,-1.1087177028312112,-1.295497750071618,-2.4267040445720442,-2.2668253213011162,-1.8190708584963102,-5.690874162187626
5.042475476679478,3.9885093760662853,2.8643194425434246,2.2143846476828037,1.823334165377096,1.3598157323294273,0.5222941486541476,0.31678873070341257,0.5897062543399376,1.5776093491997452,1.8562479901188194,0.9766105937281435,1.6033245240525251,-1.7262634192392803,0.20652260297573768,-0.7612972363261937,-0.41777896221087446,-0.8865561495367241,-0.9077883996387432,-2.684048802319953,-3.4834107454430945,-2.5772835574373043,-1.4620659712706134,-1.1621653860440688,-1.088411953128681,-1.4663660858473708,-1.559164965564966,-0.7405080589071668,-1.330845642158008,-1.6464273562218812,-2.298315177522507,-2.9893513020858395,-6.932215127181361,-7.765429914538068
4.717262223187381,3.308887590688607,2.3009552568073657,1.4979461167188233,0.874756977192099,0.8808226589851498,0.4660404673999825,0.9957033419508104,0.5330421879237507,1.4269650441397892,0.3950141547642633,-0.19915287132978132,-0.8497397432562593,-1.0258148785523404,0.3089231033943615,-1.3777963803609738,-1.0743389369925866,-2.8288381930027993,-0.7760668018120168,-2.029293648991231,-2.36012644830691,-0.7856887678732432,-0.734100626218411,-0.11902077166794986,-0.9868397907275688,-1.2962001664563974,-1.8971193363204668,-1.8755819484123846,-1.6476723501454325,-2.1690241746228858,-2.3263422639832236,-6.519638744659965,-7.484424572334973,-8.285019655170794
3.974273546441934,2.698579239172271,1.5956128372099185,1.0122719682601413,1.1207198855425478,0.8427498741654147,0.5033965423555227,0.9444011590883914,0.7978176997206815,1.03957674116264,-1.1894353723662208,0.4947582115461849,1.071131945163557,-0.9426566703557879,-2.730888284462772,-3.7252591116771816,-2.1389565457513875,-1.3659026874124442,-3.4309415015758495,-1.0251391961504228,0.15610113637106274,-1.0511134606392563,-1.1523613728785835,-0.3577806980970215,-0.45024227593541793,-0.9038374839422963,-0.47926407144034683,-1.741499593296372,-1.7129975942543785,-2.1528589331731207,-3.7888441319362003,-7.721858809490666,-8.485741389358513,-8.320622092949234
2.8640466660595543,1.8155985052213535,1.2938272571129068,0.7232019056397571,0.8607673105053946,1.8095795529391359,0.8473671388376389,-0.7846626721841534,1.2134379825313522,1.8325938202409124,0.7119717641649728,-3.7479333947202838,-2.2584294581213946,2.462184814634668,-2.1946945985895936,-0.5727729360355088,-1.6966948799788732,-3.5697207064357004,-2.103829750255462,-2.273342084527672,-0.7229468775517457,-1.5181240206799211,-1.0578337272404155,-0.4133271908957784,-0.6326945717938598,-0.7805159147041656,-1.2087341865611125,-1.6806454554291013,-1.8555697134487479,-1.5067071380221022,-5.337531319067725,-8.684921635347921,-8.927312198787183,-9.14162822393892
2.981667495220982,1.5428865043316653,0.278848862011284,0.26385052690924105,0.23830816495826335,1.4772130662129348,-0.4350622812103488,-2.5410524305315922,1.1093427214873366,0.22110098011465565,-4.9287209623609,-1.543011385959594,-5.553307192412132,2.2341356944482476,-2.278309057948187,-0.09734821860349066,-2.5863716142719353,-0.6340503405285056,-2.2234008046019906,0.06054139059129816,-0.9849182102228363,-1.2531401615068676,-0.9099410471017094,-0.8588134373795742,-0.6279874302183069,-0.7989419293702963,-1.059937297573889,-0.9474320643863268,-0.9839876060858824,-2.8501859204513105,-5.808343462809701,-8.782236300945645,-9.145969333308074,-9.047594505026424
1.26079070728214,0.4650353311552039,-0.2615679605126816,-0.6541687653985806,0.25489801950012597,-1.3079002692624664,2.4378415656234926,0.3571783832058452,1.1980928226093719,1.8144195816407764,-0.6819654610319812,0.7028501274999941,-1.6722962838501578,-0.30078257863156427,-2.032528000021296,-0.035107435284524605,-1.9231669800711952,-0.38903031279098055,-1.0738227817521724,-0.45289264853170236,-0.7321086901935965,-0.8044380640217524,-0.82057827068814,-0.6112182226099521,-1.0055725632841404,-1.4156968636567102,-0.8132733752949071,-0.0072099291534153225,-1.3219166927146233,-4.0713487444179375,-6.840881848437598,-7.993668852647724,-8.74054371604074,-9.430484104467183
0.8419569205949711,0.022215193708583117,-0.6016912731401093,-1.1391654062955152,-0.7670781536783594,-1.3146865669150944,0.6244535318934136,3.021652915805476,-5.152083197549184,0.9385919444576245,-0.8185847144115613,-2.165646246760107,-0.9573616005507019,0.3303614555514729,-1.5040356662494543,-2.852433592860558,0.09525967835054408,-0.25038284274569944,0.7364250679671056,-0.608732703936568,0.1562621914827673,-0.700295915396632,-1.1060084935045387,-0.8730056203472587,-1.1639736609747986,-1.263600296489453,-1.022423882544621,-1.2257780077264662,-0.9831996004941995,-5.96821593177072,-7.859244700851579,-9.464541131893318,-9.872855923980161,-10.464753398946327
0.838705406858412,-0.6896624989384462,-0.7916131973495116,-1.3622691839075054,-0.056954387552936206,-1.0438778252460592,-2.3844943822454456,0.568327926950845,-0.8764576326155591,-1.0981730075678453,0.49528148626444174,0.816960057031309,-3.017106283633037,-2.3963396532997483,0.3168385325204164,-0.8523998716291126,-0.12378703156735849,-1.0448352243271901,-0.7821843031985025,-0.30828980091715197,-0.34858137745150186,-0.6486575435139366,-0.3341069881279499,-0.6663026252675235,0.01411506214938279,-0.7353543660368628,-0.9667950427681216,-0.6894399316508926,-0.8731200117925203,-6.052050996155707,-8.757108077505558,-9.964290156435121,-10.215788447171125,-10.561269607816172
0.5818986222812472,-0.8934539923296031,-1.6580039234593176,-2.1575202091071155,-1.0516130789040845,0.41437856286267566,-2.4751865318553348,-0.5998990441982539,-0.16474987011105383,0.9091444453768441,-1.3060144689208437,-4.609325090381476,0.4917534451349853,-0.6065627437433646,0.2023386294360734,0.015717349259699562,-0.23140005172882247,-0.03190672367601824,-0.4430901360206764,-0.6825857109810318,-0.9003235761399899,-1.260331605115278,-1.51041311920265,-1.1625756850116773,-0.7449827003338073,-0.9350264582980137,-1.5544726365948833,-1.2449491737145886,-1.9140275898168024,-6.814073611127557,-8.886680158761152,-9.810573709927459,-10.267722492519376,-10.07001271410464
0.2851773167497501,-0.9345749502285006,-2.242305600243664,-2.76825838083231,-1.0412250217646652,-0.7922394347342351,-0.41907479521652924,0.5480661699783144,0.007615131010703515,-1.1704731659196852,-1.7881196092622962,-3.1215136233859533,-0.9775446445199703,-1.5453534917327403,1.7309949194530976,0.8880605981912111,-1.9486644130602093,0.901637702796267,0.14596067722500458,-1.3372489652210204,-1.2886632735417063,-0.7348327917541113,-1.483238975200723,-1.7192850241242157,-1.643211717946956,-1.7537443828037782,-0.948560691226604,-1.4045111074626793,-1.0225334419384786,-5.75203357257748,-8.797777508458704,-9.594395871013264,-10.105239802911374,-10.072142152475246
0.05065983602918407,-1.2603009975199169,-2.8126981603153194,-3.3492274720997344,-2.1130394319804253,0.138678673976358,-1.9033373775515288,0.6215340192569496,-2.4339548976610508,-4.899811402267054,1.0873034798720909,-0.7729976874330308,0.02667303600128302,1.9869671440219128,1.1810675023464154,-0.1989034902150254,-0.5967129735820205,0.0276981266025566,-0.512785708856345,-0.9218706640549339,-0.8893781573819897,-1.2610345186809644,-1.2358404922654584,-1.4417434304346188,-0.068056751204027,-1.1004911428243411,-1.8889036203860599,-0.5703800702178666,-0.9372463621120812,-0.5912619024135898,-1.8123622228738094,-8.914075832796593,-9.49639793373634,-8.508869464521327
-0.767073188497898,-1.8391912009019071,-3.223633877756296,-3.9715123388912335,-1.368677496436828,-1.0478784140514916,-1.0988964678639386,-1.3488670992617717,-0.7109635936980745,-1.0595358173138454,0.2999102288786341,-1.104497921850978,-0.712488031249115,1.7818758314722571,-0.2179545766474523,1.547008286215158,-1.0871506717058368,-0.9909518508001565,0.04845681831306271,0.13238724734521642,-1.1825310648842775,-1.5651431698360105,-1.59037711247939,-0.3399300588104069,-1.3969967179940646,-0.6909208237045238,-0.569732160605391,-1.023076107423464,-0.419044463447587,-0.1057309468952539,0.11364733162624614,0.28578748764640516,-7.522411757139678,-4.494632319787607
-1.2447493041258233,-2.095139137509629,-3.6927065761405737,-4.432537814343272,-4.519283601842731,-1.4336638662825862,-0.09402864340749625,0.773539037842976,-2.2367196588158285,-0.48198793724127453,-1.1584901143095272,-1.2527646701480264,0.6929650029789655,1.8059467766489474,0.2884632156962946,0.2933855131282762,-0.3534355238357703,0.5706835989470967,-0.6977402968064196,-0.7823378917438001,-0.43623851631163385,-0.28339244854863177,-1.316551337164723,-1.1985561960700355,-0.8138191756535393,-0.43960332120227696,-0.31416835792824344,0.32954838489701505,0.1645765139525485,0.20834131384243082,0.1837815259346436,0.06911467421835733,-1.9828357819036495,-6.955028537021757
-1.4448418621053434,-2.4954078002619218,-3.8357465063344254,-4.692492298340253,-5.271184687553585,-2.6037092153880512,-2.01956198009162,-1.663484151506647,-0.6231340959620792,-0.4915683465938487,-0.48081603432037334,-0.0006104489848256279,0.4835697462311525,1.5414614158595679,-0.769332194163265,1.0898650643236216,-0.2733766103916173,0.27723660298596775,0.12370293593592957,-1.38903136977648,-0.968087860597415,-0.4696401623927588,-0.6787905576438568,-0.33170304653464183,-0.45764880689522874,-0.4843266709967902,-0.0667749007709128,0.08202382517547785,-0.13935454852146464,-0.5707373644415786,-0.17773826750114993,0.37071929061771,-0.12806814465608102,-4.704924256520678
-1.5981408555190229,-2.9307730976139754,-4.221715097371378,-4.862661327030927,-5.276262590597733,-1.304806135914905,-2.5807876431826116,-1.536835560560058,-0.7552552304159157,-3.1242099929885376,1.0214734381540653,-0.24939698711598865,1.3254470899197812,1.3760373178562333,-0.22122926831775674,1.768037761822527,0.17514025727847415,0.5748634569568113,-0.23429268516565108,-1.4842175674055458,-0.8176166669979233,0.6697183244792136,-0.6728797311129591,-0.7764150018216399,0.2886935384269025,-0.3284949500263322,-0.6926138207136749,-1.1253728549431206,-1.1596871065386607,-1.768573081462269,-0.1949487645355123,-0.24101280997299118,-4.775446881535538,-5.627351488250955
-2.0801685997198516,-3.1113461023237745,-3.9685502807654087,-4.9120190148841045,-5.727904883034937,-3.065236928133611,-2.4650656381528044,-0.07170080831979837,-2.757344376713967,-1.5398909157425913,-0.1642319275685394,0.7566815079316784,1.9431626081918636,0.4548218459596858,1.194789552846146,0.4211408420201909,0.2968976444936138,-0.1010004123535928,-0.855881856493505,-0.42401790811869705,0.25075620337733867,-0.7875693290429326,-2.0043239352696323,-0.15381866889691434,-0.5046404268521808,-0.6072880896061632,-2.102840688047291,-0.9476170211521626,0.07885263708714514,-0.8024320556232565,-0.5463508786428313,0.3298910771486453,-5.203755955073083,-7.077331580806766
