script/wind10m.json
{"header": {"parameterCategory": 2, "parameterNumber": 3, "lo1": 3.000054539987559, "la1": 64.9999836372058, "dx": 0.5, "dy": 0.25, "nx": 34, "ny": 52, "refTime": "2025-05-08T09:00:00.000Z"}, "data":
[rows 24 to 47 of 52, columns 0 to 33 of 34]
-4.115433885175541,-4.971604679436179,-5.888003138074582,-5.637880649622884,-6.917525428929883,-0.8199872539795423,0.7631000769784678,-0.6886160788844699,0.5598720849708327,0.3590899980783424,0.42076721344041423,1.0853114700494633,0.2345012016435728,0.6667138790107411,0.07428397566135356,-0.8418814331960012,0.3026400165509272,-0.04198946319428464,0.22040649547540359,-0.3918682056099268,-0.8924621729279102,-2.8681397634809698,-0.5984669332828417,-1.0974209081733304,-1.3448155885379551,-1.5859411226977653,-0.9007647822656168,-1.5511703627594076,-1.608686260489785,-2.3098896902879282,-2.1103205363834787,-2.640187516144949,-4.853117497983728,-4.1243588754112395
-4.5050317398520265,-5.389331072008224,-6.511301836903479,-5.81198162293262,-6.831734999093327,-3.865542927872377,-1.1560876747611735,0.23549303677266395,0.1969742012339897,-0.061814683963366944,0.46402442030931623,0.6119205173549783,1.185188281555316,0.040549603065340466,0.2680436009980583,-0.680669770878564,0.5486860719957803,0.11161766537142062,-1.1749819712293712,-0.9803218396650372,-1.8117947261927405,-4.231841461086495,-0.12152657170368558,-1.1266719605023285,-1.1515339399656626,-1.3943871085114277,-1.4440991492494917,-1.605750861824658,-1.9877844938635965,2.2363913195303136,-0.30115138615778675,-3.8876415881132522,-5.631121312186126,-4.924011199436424
-4.6992803583024125,-5.1994741413752354,-5.555194593512559,-6.61736224182534,-6.508718427827325,-5.485375935325388,1.009316443995176,0.8123921614250823,0.8142515582496834,-0.12973603871282302,0.0629613566052589,0.4262978484561802,-0.6039324029826634,0.7512440988090534,0.6803941478792722,0.23954607508656336,-0.49580073622733517,0.050083023758020845,-0.7346505192098147,-2.852284488890199,-1.4877896956201369,-1.5426758789131843,-0.7220368453746974,-1.478219721728338,-1.4395749795829451,0.38547320672433183,-1.2028182158575604,-0.7203084766092215,0.7189684730042251,-1.4559442564004819,-2.967833494929803,-4.123074334050798,-5.71013255210037,-4.764231337244713
-4.730343142907918,-5.786492957680798,-5.739774755596932,-6.244740676254548,-6.437306184238568,-4.454922903346702,-1.2038998568408072,1.3772634349946056,1.0225033152056688,0.45157598002184357,1.0242033950223033,-3.1948008716489897,3.2320963993163763,2.0792629562531366,0.7835249979307394,0.15816748877566505,-0.9802140638984654,-0.9478881311812057,-1.2544854672746522,-1.0374168585839336,-2.7006732067970023,-1.5042254007698825,-1.2941586452202423,-5.052010572878744,-1.2813641049519031,-1.3123447714101195,-0.7860853705556772,-0.6754972688444448,-1.9336155774651165,-2.392562068647446,-2.55001694641954,-3.2141080119532583,-4.8257595980020715,-4.592796959862707
-4.533866813047569,-4.965653755962146,-5.653425714642942,-6.259772863690503,-5.943461197718869,-3.3883522720288846,-2.4904073138911587,0.8698954276223142,1.7505362576520624,2.1101794145113484,2.539702364280926,2.1545744986104296,4.581112584040833,2.3949734124424924,1.1721599186038563,-0.6409110013109945,-2.30140828466073,-2.104512891107798,-1.5460397171940128,-1.800324589355886,-2.751485793340646,-2.0239332494468525,-1.6844664818363915,-1.3421957622362748,-1.3649776189096063,-1.240433129671464,-1.1380770155548412,-1.2087494005545154,-2.929803293862615,-2.4723593220206297,-2.1229739368552276,-2.5042007616461626,-2.2141648802594895,-4.3001126018542335
-4.777255602339789,-4.9884491375581685,-5.3981417796130575,-5.42692558618074,-4.369893333495482,-2.4270018035127268,-2.1196301912624977,0.5713645251429492,0.9808768672788605,0.2826551108844485,0.043277725332969835,2.6682519252589456,2.533074809060731,1.481696986834813,0.5092836753378113,-2.0842361541440955,-2.795963462133032,-2.676159334969629,-1.8675670131410325,-1.905509079056806,-2.132281278173551,-2.1925342638596215,-2.067259286846904,-2.005821221418546,-2.0408034577259677,-1.7170492060392797,-1.571704270777703,-2.0223485955873355,-3.978703399379538,-1.2371879027913353,0.43104285682793786,-0.38089846182934217,0.8384744531062527,-4.153091039289221
-4.96328962428776,-5.107299333547702,-4.726997461910846,-3.8384538939621513,-3.212926087352387,-1.9044882914383043,-0.3168015947712086,0.5454703454119467,0.3727686041043729,-0.03567289085470286,0.2121148741458675,0.9055187962338268,1.299753930862604,0.6555360819129091,0.05757687974734493,-1.1378457563701925,-3.0976972856510794,-2.121920369437596,-0.2135042573476096,-1.2419231286771,-1.5050083919468622,-1.6181710787975414,-1.8194404574813596,-2.078398402339745,-2.298233058603126,-2.301651439055062,-1.9186353406156351,-3.1462492280122216,-7.38187411576542,-2.148749091685774,0.8032310499691928,-0.3292340941018553,0.4574765160081475,-3.2224533754118307
-4.569379650213503,-4.531914573110581,-3.77585259029935,-3.044525338600674,-2.2693634060341883,-0.9505889445664443,-0.2914076289377274,0.32050078234584506,0.33796548634335316,0.29460144739206773,0.433206635441056,0.5539034735688455,0.16676941387151253,-0.8446722322181235,-0.6416699012514792,-1.5367205372091748,-1.9532336882964512,-2.5357058950528732,0.7354708122473078,-1.5696970839337976,-1.3229850128428156,-1.1784056375543868,-0.6419256738330837,-0.9699451760697914,-1.6129961995749873,-1.895300989855485,-2.5718809262099085,-6.024181855155412,-2.4366630132382547,-2.7398732949050406,2.6318639364042906,-0.2727797473127384,-0.6478505892236834,-1.2757131365578003
-4.110753222841816,-5.405596534660473,-3.1589950516115395,-3.0285594140281202,-1.4697220806888753,-0.9348773086588826,-0.32709045468386433,-0.41765668046586546,-0.3359142997513791,-0.42529900553510624,-0.4271514519542637,-0.7865755497098447,2.352759804448535,-0.5443986878067673,-0.9882846484533835,-2.3647477673520485,-2.3163384013761923,-2.7514784429668255,0.48872694815461515,-0.9966032368264616,-1.105781116137926,-1.224124368340374,-1.1341829920414706,-1.1660457027159734,-1.0341956758086726,-1.7741471386111203,-2.0017078400985517,-3.559015023958636,-4.087798261568303,-2.680601784037,3.423653203468418,1.5743163174395625,-0.838482137471368,-1.6083652389500094
-4.045916719137092,-4.584328892183291,-3.03324976307446,-2.0716159275007966,-1.5549658068075225,-0.9596846121734187,-1.1152701622831875,-0.3798408250535184,-0.6923248853497659,-0.5838014483234567,-0.9976266916974653,-0.7259441496432462,-1.6138776288782855,-1.3052026850314378,-1.794445449654666,-2.8727842232807963,-3.3849485701148825,-2.108222298414302,0.10150299952155653,-0.6220830138616827,-1.2361313319958669,-1.0686513397850528,-0.802346135767319,-0.7179722313039099,-0.8444818707899845,-0.8885856602716702,-1.408118957183647,-2.313745074350923,-4.159770385378414,2.0965788225303505,4.3094707682261975,1.4307177366730432,-0.6303130708103459,-1.4686268492694246
-4.119187558483859,-3.059030822979483,-2.7795370970723634,-2.176108815592349,-1.9219605742107537,-0.6686777499997923,-0.9991277196828202,-1.0069287261927267,-0.9363532989450312,-1.8148807958369144,-2.404428967704925,-2.000277593283129,-1.3147719450009612,-1.8674054969322011,-2.231080946191485,-2.510828855639063,-3.595495746560209,-0.12474027868768112,-0.8688628867670675,-1.3344876510588672,-0.4921182448057401,-0.16326358005162903,-0.6646229398538538,-0.6523155046527745,-0.6498753447144279,-0.32730636271334684,-0.4591211886703181,0.4451529527810533,2.7141312499063126,3.8885568901528016,2.6244656013680343,-0.9421905195979837,-1.0149431064894439,-2.7087109153917486
-4.130104014286226,-2.5512301898127667,-2.563816090857309,-2.460967882470038,-2.3901164694081007,-2.0317848940628385,-1.2063798086698487,-1.2934544685702893,-1.9503887576538594,-2.351890145525488,-3.256616172095925,-1.87490063013975,-2.3765732397857375,-2.2277570519660106,-2.1090477867915762,-2.2377635309463826,-3.466997784515793,-0.7453316571375463,-1.918449010967154,-2.1917103443758528,-0.6192549931902577,0.012291792744235587,0.2640445029117256,0.40206438403204864,1.2715075609375224,1.1440516548018023,0.5448084707571567,2.4485867088022886,0.3898262510835058,2.0685458457721597,-0.17595460344570044,-2.3940919080580847,-0.6272941417099563,-1.8245965093881171
-2.529581899011658,-2.7303097945486217,-2.796292395901711,-2.6328355848397296,-2.6585631455301084,-2.2800347827059704,-2.2480923092854552,-2.168510591082573,-2.657630846909144,-3.572108934932043,-4.477137903169304,-2.284703080693419,-2.343850497335616,-2.164189704731736,-2.5812437413748333,-1.1506077084954813,-3.0522705923504634,-2.322417849445917,-2.3553703374888664,-1.7257894531399007,-0.6106187591288882,-0.28228440805233135,0.1674180705905642,2.1991026321654386,1.968405870120848,2.2172475642248077,2.3962646044860114,1.9353553547690503,2.348287770686214,-0.4340813490353845,0.8517387123088501,0.390225655377633,-0.6859272238379196,-2.207950940138562
-3.464441187449555,-3.086724980602379,-3.1410037730807683,-3.0946061691898934,-3.352114020922181,-2.6110462415829847,-2.7345567817540966,-2.879400242033472,-3.054206774763466,-2.5572169088099574,-2.902073913158691,-1.3387432031100615,-2.183126893236408,-2.175731663886028,-1.7950036669853717,-1.7282390295189682,-3.331164476943505,-3.248679155672032,-2.138564284830385,-1.7639267753573176,-1.5577768950639448,0.8167369341040527,0.1747584182469376,1.6253576763444617,2.453015365217119,2.740462466749909,2.0524519380086463,2.4352634741128694,2.67008093727976,2.087884682741833,1.654243313848014,0.6413672338558527,-1.044664857372521,-3.7988641175409525
-3.180163077459207,-3.3196567120240092,-3.335765374313696,-3.6106785899213434,-3.5968760471554124,-3.5043172783061185,-3.7957946331128873,-3.8316742637640306,-3.0449670469477224,-2.105515538781088,-1.583535024037798,-0.12582914668000925,-1.2531483857042176,-1.5141420629005868,-1.8199625068682537,-3.660160248218294,-3.147145879143414,-2.595191951529686,-2.7928376534100954,-0.3045942512249814,-1.8689232256189003,1.0926072209518753,1.5324594173257748,1.2143047329090608,4.344282898237614,4.297937931561045,3.6346571834496872,3.099874013077169,3.7329997199982095,3.466734355390598,2.7424956847979893,1.1205083590438545,-0.252322023635692,-2.3978143190597656
-3.3127743977630844,-3.609571406661922,-4.078951654703967,-4.2128453193155195,-4.265980292499064,-3.597699567218113,-2.894885618175786,-3.018389280528684,-3.1423171970077126,-1.2110177016313723,0.26120933619036696,-1.0954314593295398,-1.0403817062122638,-1.2801020100062848,-1.784529085129738,-2.4730389271348994,-3.629599351091771,-2.9493253185547963,-3.135870660947223,-4.636966396976856,-0.09253564699889841,-3.0143814180179964,3.3697349723815484,5.892931681418925,3.4461994521049077,4.666318235870209,4.304777172901681,3.694527465548952,3.3038102801459983,3.1488049371641673,2.7903987960131755,1.815753457784386,0.7812635821664713,-0.5582258608154653
-3.8009450866291266,-3.8074436682347774,-4.445245613511904,-4.545886334002591,-4.001875443587244,-3.579941847043786,-3.1198012646288844,-2.789830197312682,-2.083458663217757,-1.0191923372188427,-0.9436999336765984,0.5260612757972001,-0.31875009549657374,-1.35905450650969,-1.614382791225104,1.2130612140472063,-3.5597255463416895,-1.8528156200013646,-2.8780819919607854,-2.967754101591604,-2.997667505302975,-1.679151007047569,3.875537146261202,5.483923192113051,3.3968878874793678,4.892846308331241,4.414808842087761,2.9199862626174604,2.8352381656313934,1.9796990553655078,1.5740458213991524,0.6391676367220593,0.08958243396268344,-0.9891483300468414
-3.8016795563713615,-4.325551524097052,-4.963348408620413,-4.735467232794524,-4.469908656991035,-3.886450430553389,-3.15076087041053,-2.6403699890080445,-1.6685062311969299,-0.4402985620355257,0.3794736415957196,-0.5340187173152972,-0.08433201439393499,-0.8486380612324221,-0.019686782585336193,0.24088760343213353,0.2675110199950476,-3.4419248246183005,-3.116450613458818,-0.08127805634397217,-3.2092893747670077,-2.001005365695283,3.6559759945412336,4.818614049245916,5.161606595096092,4.259778280391449,3.1172084918971263,1.9877902824906877,-0.1487865047876135,-2.6549699244138956,-1.3469995627160791,0.10800219217245488,-1.7339758867157338,-3.063687483790264
-4.244912665532189,-4.647638942927799,-5.033228359768377,-5.049548669977062,-5.117296430364133,-3.8913974834408203,-3.851377444113084,-1.9421101438212667,-0.2629082646645766,1.0332468744059526,1.5060766828469812,2.133990023424099,-0.3916747194388527,-0.22780463147934396,0.6465603012448085,-0.811120507664969,-1.1363069542312578,-0.3404261206450001,0.5797534168217724,1.4054230301022437,-2.7108894205290066,-1.758350504022833,3.4324673308333606,4.071590639855664,4.205789395250603,2.5464824860909037,1.677430749569913,0.7978130267901686,0.22689273947442334,-0.5223472288303275,-0.4884995408678918,-0.6900638941061445,-2.899038116873352,-3.627895018009367
-4.567490271745781,-5.1754093444117855,-5.476611878981646,-5.542240704448075,-5.207473164122274,-4.536944706372156,-4.30771180185665,-1.6001215906659263,-0.0463544333135734,0.26885605389812167,0.3669195989438502,1.1673093692801297,-0.2845892988323221,-0.010786448925133413,-0.834636080422644,-0.724241537492092,-0.8378596160838675,0.0504228945098229,0.8007135828307211,-1.5534829492942015,-0.6191933195408056,0.971235571869205,1.8906853121008307,3.6646931562839016,3.3019307583990427,-0.534238438401273,-0.8035376833433681,0.06582729049048544,-0.02451500890466471,-0.41111620495764145,-0.71483067027301,-1.8258871728343735,-2.9632456633911155,-2.9305191828692605
-4.950878470392111,-5.760451626566002,-6.1862261260207205,-6.267176407574067,-5.470909169404464,-5.153576438204358,-4.027320011290712,-1.5747257988990075,-0.7201825091071836,0.2211919586765389,0.40053576037391136,0.36602726309073175,0.402922277893609,0.1267266798028991,-0.6057415769828235,-1.0386192922299775,-1.0219427735486055,-1.8409926640167278,-0.4438790762110413,-0.47107606070160046,0.08005749806525983,0.40641724144269437,1.0990854115731503,-1.1616866925848155,1.1594298496276085,0.40732199105697914,-0.038596284990346244,-0.07958144609074995,-0.7396804062442986,-0.11339681717421364,-0.8161223098250775,-2.0823581672096756,-2.513709324379307,-1.9436023365896442
-5.488345985400089,-6.272944682568013,-6.6612991789296085,-6.649275829984615,-5.667038143358276,-5.068401795171067,-3.9412565097932433,-1.633163300024727,0.16359237940740518,1.7646568818824282,1.7371822912161672,0.935002767955139,0.25737406662833806,-0.2077548833176744,-0.5256725244621682,-1.100520965303566,-1.699255184506542,-1.0228773369276496,-1.599566393592345,-1.043344715946598,-0.7461508267210785,-0.35101439055070954,-1.4181682928223855,0.4621868324758476,0.6928133239109746,0.5265970773640266,-0.3692259869766849,-0.3169336703334717,-0.40347365066708824,-0.9519420280296205,-1.342604515842201,-0.9712751754864779,-1.9810010168420429,-1.3318226879895785
-6.079132422474727,-6.645495467716549,-6.600764852483462,-6.773462025980013,-6.029563118148746,-4.263920860058099,-3.082234985872073,-1.4660397375585297,2.3937163006042805,1.3508158925855385,1.0883980450943345,0.9190887828220661,0.21236403618987626,-0.17701903543748104,0.63551060031639,-0.20217748865005156,-0.6509428839167037,-0.8434672425794706,-1.0769931806382418,-0.12720274655325697,-1.2587508564624004,-0.5786234867691477,0.3648203437562029,-0.4677664717312195,0.2627087323215065,-0.29330793585863063,-0.8626625544069133,-0.2338620994128994,-0.9315494953517194,-1.3698065300555395,-1.2528483098043397,-1.70013629604443,-2.4663795583331423,-1.4684506313850454
-6.821139907675161,-7.065135597279549,-7.117479700778386,-6.508034022707241,-4.331480382571976,-5.481759775397586,-0.5447598818899663,0.4289405947179395,0.9412395384595716,0.7886220650487614,0.625237552411515,0.44073639458790087,0.36740586223829624,-0.15599466863047382,-0.29031305334663254,-0.5969195241570568,-0.5604252255187329,-0.5795989989982597,-0.4559981622813831,-0.6863864073061863,-0.33909900621415023,-0.5626813884536642,0.40968647604527875,-0.5435575521960073,-0.38059461514609744,-0.8692142378994818,-0.3244453328089419,-0.8133600285286647,-0.9426791377590867,-1.6462784404376898,-1.0313580029996303,-3.0239369194222,-2.1230935481780318,-2.266319612699012
