script/wind10m.json
{"header": {"parameterCategory": 2, "parameterNumber": 3, "lo1": 3.000054539987559, "la1": 64.9999836372058, "dx": 0.5, "dy": 0.25, "nx": 34, "ny": 52, "refTime": "2025-12-26T22:00:00.000Z"}, "data":
[rows 24 to 47 of 52, columns 0 to 33 of 34]
-7.328442252005849,-5.148233131288127,-5.351322809191143,-5.417484368829224,-4.340224888912528,-5.854860289344788,0.3955117187124332,-0.8178118621012095,-1.5742548244740255,-1.4372544391133115,-1.062323347580005,-1.319816897186398,0.3641995250997181,0.08977457444997937,0.25137908372488865,3.192452104694339,2.5581781867932354,1.4006292299676468,0.7871027341310692,0.5968052136652107,2.071506268085266,2.023949375041505,2.033883137764296,0.7645128079254113,0.8947360051110762,-0.23981951525817852,-0.01019407184712163,-0.41425839468864417,-0.24451630591516849,-0.35586399249752065,-0.14471733188815888,-1.5025370841411403,-2.836036882877066,-4.042882085760511
-4.250279684830873,-4.132143644627306,-7.813911474987084,-6.409154592189594,-4.91971608568395,-5.2199891884784595,-2.0567360739656477,-2.498589579810599,-1.102021606985472,-0.489969974652867,-0.9097906242428895,-1.1747358731268025,-1.4268064371579157,1.682846855105463,1.230110118032818,3.4502344148812565,3.4368099947972555,1.2063882041062568,1.2705483600596517,1.073929149980058,4.124042717308082,4.720865659134302,0.8349203451769349,0.06231712178764579,0.5313742569309768,0.5843601704666928,0.013565914377222169,-0.24196231279757333,-1.2118079589824742,-0.7532524090083526,-2.167166550670471,-2.9413770259555823,-3.2346138734814334,-3.9305626034356616
-5.588413867697312,-6.323298808740043,-6.05502151620538,-7.987390390326425,-7.597586802091207,-9.584058365916395,-3.027851394615046,-1.8443043737022422,-0.3056084946814077,0.9722637248331101,-0.5632032230660927,-0.9939744193752506,2.0189078848414628,1.5973348321206864,2.5218516971407308,4.905447730784671,3.32110475557022,1.2156077029771,0.6222761050558253,2.703271992808711,2.407780587774774,2.2131037730254493,0.7879767766731433,0.9201789713969738,0.14059103607932752,-0.21071300467121917,0.7409020383989128,-0.20687959887378962,-1.1253635016521044,-2.0099141792334807,-2.69345854293566,-2.8269513368479013,-2.9793004433253265,-3.4460228793119354
-5.088439492580701,-6.497798090019467,-7.582703940526137,-6.758065325858098,-7.879427579429133,-9.946321233477642,-10.154398856526106,-2.0414924848825966,-1.3225025029265587,-0.7796814040015487,-2.3691477378378227,2.6248436076659694,2.4879074486301547,2.834981910238416,3.9504584683074864,4.052251373948223,3.498784475894233,2.1100554780131415,1.220129288357574,1.3149939756446607,2.2847828102692356,0.5914643440742233,1.0896282281461847,2.8056259853975756,-0.19518893106164417,0.030680470502567062,-0.15684480308491278,-0.7181673394856506,-1.1682795786636617,-2.8734254072064442,-2.374319051395026,-3.5375514364632434,-3.5222257831979316,-2.729230862542598
-5.3336494979231635,-5.966505539053598,-6.64614979290586,-7.482437954303815,-8.988732294953124,-10.081064198867471,-11.017763468845637,-5.994682798345575,-2.475119643480061,-0.40163177910515524,1.1902614077304838,1.5456853528261127,2.347595687632967,3.335074462237262,3.835040375904569,3.1572806008899224,2.855292424471025,4.26309615334434,1.0023382943037167,1.450458552385503,1.3497375110654466,1.0399178118661114,-0.7987907126664494,-0.30432257373319316,0.48396249896448745,-0.18937651421659848,-0.5187335423265609,-0.9942562166461851,-2.589025096815486,-3.1034189153626874,-3.4331093553954855,-3.4967008380341134,-3.1918973471624947,-3.7916524004781653
-6.56965260539746,-5.488896841277552,-6.347890955927168,-7.071979307590433,-8.553621608210872,-9.71064319261279,-9.76212569274592,-6.873603445382151,-3.7865807096497415,-2.4298440676232076,-0.8852702801651717,0.39966328048684613,1.2075912579025758,1.7654192538497506,2.9244269005767625,1.961347736931028,2.316046580384365,4.923130043408713,2.119390819920627,0.800456999722371,1.0824309213843815,0.5843147289258507,0.3911599894346659,0.7792596001509783,-0.46807353605005514,-1.249076114144918,-1.0361261783870828,-0.974038480119619,-3.4507771637884677,-4.129310336538639,-3.81483036368678,-1.6604189907061824,-1.279751693286788,-2.9670578576312083
-6.618539981339544,-6.446854568845026,-6.650217471939969,-7.2292640205213665,-8.4329316443651,-8.706336343990584,-8.825593088004444,-6.317101874625592,-3.6007068307967725,-2.8625809405395617,-2.090771116488008,-1.171503997613315,-0.16879266930554476,0.5219916858568653,2.3624020227410965,1.4851082022062534,1.9766908799335758,4.171412296736536,1.0434338260159055,1.2008036608999486,0.20792971626584145,-0.1007018737127254,-0.5684908015448414,-1.3219397005525604,0.07165603430423108,-1.1443087483487044,-0.08873350949640073,-0.31807625480508883,-2.2348406043534146,-3.9741261721761942,-4.148201256151465,-0.18412771801401978,-3.039622627505641,-3.706074892175762
-5.8829300090038315,-6.844648083773086,-7.016840122552477,-6.645367622547522,-8.073751611770868,-8.225616065426319,-7.976881536800241,-6.052366813813286,-4.311733249190013,-3.1823084030691238,-2.030252275613843,-0.9901808275422049,0.14103317384422942,1.762622166700035,1.7133455702382645,1.0963466899226408,1.4392156200470303,2.880774104383795,2.3884708661728395,1.1137415254918193,0.584603085447005,0.3284155648571901,0.6122943268013166,0.42920513580929404,0.7449157223684348,-0.1912886153318135,-0.578415715525767,0.2634175441241809,-0.3572524925754854,-2.3548400956966007,-2.8972754201598265,-0.557951122767071,-2.207490812460011,-3.794871431637857
-6.183718745247147,-4.866608058983829,-6.159610603588429,-6.258881608445453,-7.211762693684514,-7.344470392035327,-6.983315268705788,-6.165922728189832,-5.022077115781313,-3.706411937711776,-2.31008044534926,0.310820162599838,1.889352530828279,2.52294800129681,0.8465746231651762,1.0367533854130084,1.4919494459750386,1.6085010200333305,1.4978260643407868,0.7165554460859123,0.5319219075025083,0.47510457116024546,0.7923408286325482,0.08786217152981177,0.4417410606824022,-0.09215693711862125,-0.14824571684087198,0.4973867939051495,-0.5954350084820433,-1.9785564432157539,-2.5792940747503557,-1.9666151381854935,-1.9186259833592212,-2.505085534554789
-5.173847264584853,-5.947035779889259,-6.66725832217475,-6.876669571479902,-6.874620413871206,-7.151499620672015,-6.881233077740362,-6.513933518717457,-5.7207610684561105,-3.9139053860562942,-1.9309140891971805,0.5964504087746942,1.4879455903220753,0.981199704909432,1.2155757703494072,0.9669724555883777,0.7508647944821943,0.16695103960570898,0.9585413716558496,0.2652914560108063,0.6445928134449708,0.6198673989762766,0.1905764723337594,-0.06242651470049248,0.019088202474853242,-0.49401440356779136,0.33394865468582746,1.2973344755683596,-0.6876733354316407,-1.7121977545737213,-1.9449798975315953,-2.7924275348094656,-2.2594712967187207,-2.733387438299596
-4.205906201845823,-5.145484479789149,-7.16703343828916,-6.819303818500939,-6.796886907362897,-7.014694445172921,-6.845064058934244,-6.744621886805082,-6.006322214906456,-4.305985205737185,-2.0435884975711573,1.1871081054162906,1.4097630193069581,-0.4226341071653552,-0.07844267496660848,1.3871311361786263,0.9507766952661373,-0.5162666249443689,-0.31698625620546883,-0.25972785861442593,-0.6739169605813135,-0.38609201296130263,-0.18578407888365095,-0.3949142488877295,-0.44666748597898204,0.07259943849644789,-0.05658964029225955,-0.41393968765164446,-2.073937322586671,-1.79659657977441,-2.236075464694195,-2.9388781406133835,-2.9897192478147336,-3.360443818896017
-5.843497278321261,-6.311742589503071,-6.897347132900169,-6.856776187335626,-7.229705681044397,-7.1251959405921825,-7.1124279747676225,-6.958268595565261,-6.195337564240856,-4.894438434684236,-1.7257404474589613,0.7228996046495657,1.7452636308375666,0.0023720153695279936,-1.7533824808055787,-0.4364207264293299,-0.7658734799839241,-0.20684973828710868,-1.0239662822831441,-0.8496121073244962,-0.7748350572822124,-0.5682883450984471,-0.7835648464625139,-1.0552115805469562,-0.5617456616346682,-0.8833355699504104,-0.9352616080179594,-1.3567496525310854,-3.2150572104795714,-2.6960204926618316,-2.492149860351661,-3.107548750795348,-3.6917368749266983,-3.993945606750681
-5.244709316653557,-5.822704052791262,-5.998431919902763,-6.564632413631551,-6.923789955036486,-6.561410125029118,-6.644624708712703,-6.515970530396145,-5.808576745096868,-4.892132444742741,-2.231666590032234,0.8903931835511941,1.5221887346688558,-0.5880672871260484,-2.509468124056203,-2.785371478241689,-1.754335795615945,-0.8668708524739895,-0.42444596164203247,-1.1771471989741609,-1.4920041959609758,-0.9855018676831592,-0.1262947758023307,-3.096550710719809,-2.2944883423740996,-2.0546410911825173,-1.0065987236620244,-1.8590981491680565,-2.702100798537036,-2.7946174250348426,-2.8171985162428195,-3.06405449453665,-3.7507114919007742,-4.354420969524117
-3.861072493514767,-4.624528861358625,-5.442574907168455,-6.081767881457084,-6.362037708413201,-6.270800919043555,-6.304807783175,-5.94442372866189,-5.410259678094966,-3.815460825868796,-2.6278067108993217,-0.09116488569702298,0.8327346878866771,-1.0096035060842987,-1.4231768945369432,-2.8384809929036017,-2.1240531858632163,-0.9303853300939513,-1.0634578575608147,-1.512102686058426,-1.1475799716273043,-2.286980716100388,-0.7269087199503823,-3.842026254310027,-3.0296911120115295,-2.769009963125601,-2.594712432592234,-1.7837867607319022,-2.2336555908894296,-2.174229646909195,-2.3597385336794536,-2.6800791665479684,-3.7692748918051593,-4.402289592977901
-3.6720989550493566,-3.578842508211907,-3.885248903547019,-4.301418475597465,-5.732662017709002,-5.529413678960195,-5.606344323769624,-5.442840995914659,-5.241035280942875,-3.7032213812150765,-2.931163864572054,-0.32436125042938413,0.4595661466849318,0.11139741749379753,0.9830791161010464,-0.3465242812202284,-2.945963247392299,-1.2867180129353215,-1.3581870971008614,-3.6089837819251063,-2.9069876238174346,-3.919735639794319,-3.0835877712441335,-0.31091316085511916,-2.1122206701412107,-2.659659682041253,-2.5358125204012825,-2.408445644146721,-2.5350164721336372,-2.1398320066918304,-2.202991976865129,-2.8666416650414472,-3.841123373162969,-4.511700881498292
-3.7577653638194644,-3.771989646903367,-3.8051769248351595,-4.5475879588252,-4.957880600026464,-4.997233839443006,-4.996400002806077,-4.8566791652274075,-4.5929054513329035,-4.298224438922931,-3.1700844354213555,-0.4485665252597043,0.06958276470609319,-0.21902853190238802,-1.1085913500430855,-0.6392168781070527,-3.2444823986248843,-1.4582705981181976,-2.347346002901465,-2.5192344433176728,-4.555674115572884,-4.786820603532663,-3.277821270727605,-1.3301651770724132,-0.7246124921646945,-1.7846161782955912,-2.1066771169938847,-2.4706392076200667,-1.913444357890735,-1.8662737155613092,-2.3647965867498293,-3.055605355192523,-4.210756303842329,-4.676710248962498
-3.6402795983237746,-3.7409048859863514,-3.872745005573379,-4.483718695280699,-4.661213074983182,-4.617632296158715,-4.622043446499669,-4.670770757978238,-4.58980391520232,-3.766891486093933,-3.3235941753185285,-0.9291916857855419,0.7352255066445432,0.5892002835103679,-1.9675171287006383,-1.5642792580413885,-2.0912711680477907,-3.395450101708328,-1.8542352436713785,-1.6843309436193343,-3.8022679975238973,-3.9386057669894803,-2.6523117858545167,-1.611763011069979,-0.814550238108754,-0.37692926926807035,-1.0371923375905154,-1.5490503187682012,-1.2588113098225173,-1.9274209138843408,-2.398749815511586,-3.376133165693655,-4.411056296107524,-4.848548944442681
-3.808860928316353,-3.9031133619808913,-4.06633210187057,-4.105733463488068,-4.419204265182893,-4.496836109167738,-4.088643813756211,-4.002412136257601,-4.479276780596325,-4.140282844748836,-0.16994779450664788,1.0083837338540134,0.40340181943225595,-0.5201259781832801,-1.3233648583068056,-3.147606201281593,-3.07473332238331,-0.5327987782244045,-1.461157991059155,-2.4083200482230267,-2.533940836902999,-3.3804737714912343,-3.696463216951205,-2.3213147230280695,-1.007605639633543,-0.32262451833576145,-0.41750426560144177,-1.2697932746754472,-1.5143567514864424,-0.692558945842735,0.11418716815728226,-2.559637771698057,-4.987517479425401,-5.191433628036199
-3.7010913851887266,-3.8562996907375258,-3.770380967093066,-3.9126405279932257,-3.94270952599317,-4.080981007687886,-4.022317446664463,-3.900855236843517,-2.3754590720443423,-1.2269218829264676,-0.6705233724830599,-1.1971177165238787,-0.6319106895371406,-0.6684407159986386,0.5220359798782322,-1.7202105500925127,-3.1653803834138596,-3.3214017538583933,-2.5720170455132725,-2.101475858630282,-2.688413842180928,-2.5567563364852015,-3.2635889736282433,-2.3208010715592344,-0.6495526770120131,-0.8594332099625742,-0.7181207384648319,-0.7560862890507886,0.5316266853407748,1.1551549796046465,-0.3403066867613761,-1.3690679874105527,-3.3477838237934843,-5.123708912591941
-3.2653981503727265,-3.3136278846540064,-2.989059987333755,-3.12369950530323,-3.2158748115192255,-3.104319536841994,-2.7533090268539926,-2.282258786578799,-1.8379948704627989,-1.1486046531263518,-1.37868207605049,-1.4864473221669923,-0.7239155008815051,-0.12271961618826892,0.2306898087147034,-0.018586367688740987,-0.06441588792439434,-3.2448586203270455,-2.5396845091270697,-1.4477735485275047,-0.21360454032794096,0.6634358334762086,0.07799377634189207,-1.9403315082077264,-1.2304461086025995,-0.46223447157413455,-0.3153630225754024,1.3829227104694155,-0.23697957180181384,0.3632451712977622,-0.7472779413229412,-1.6350540829030367,-0.2515291936826453,-2.8117235707972026
-2.5851272502603124,-2.4527067816936476,-2.489690980889675,-2.6043881678595326,-2.7367785476758866,-2.423413342145981,-2.1501759781926757,-1.4578065085264327,-2.324665478756149,-2.789049819885941,-0.3204792261577156,-0.5680363307437053,0.8642978370456302,0.061024591843210664,0.45289967322231683,0.46074158180344,-0.7596252991710762,-1.9154073681493082,0.8588779843729172,0.9967068967063735,0.5122684137155372,0.5541105681266904,1.0786261287062437,1.2236355973951538,1.114478535988055,1.3510860244393146,0.6725425804799573,0.16782543693883936,-0.41169936227057585,-0.16600304924655185,-0.5163920063769519,-0.7040324391176348,0.2537020855559814,-0.6321234653243505
-2.157617793132588,-2.070915113966571,-2.0976351391399266,-2.146956596547449,-2.2952184533342077,-1.9398125365403591,-1.8177495580435912,-1.7083125070266203,-2.6440494280232696,-1.7869648893338193,-1.5708444673070439,-0.3964436626075945,0.16300392262017366,-0.18708620953470018,-0.008123923056930119,0.44119321136936296,0.5977307191725121,0.5257298841973594,1.274331663211749,0.7348568039740658,0.8216980033306176,0.7527037119130445,0.546377836562791,1.0664997095886413,1.1164392743161429,0.6131704686523507,0.3138789772710389,-0.2835166283482665,-0.05483287353984427,-0.3951986925185837,-0.348749786369909,-0.866636139767295,-0.9144319455846893,-0.7546573725394958
-2.0691131155613176,-1.7706120085910084,-1.4969115050730155,-1.5520356965945938,-1.5201179778030836,-1.346119051136254,-0.4342011128351738,-0.15839280671276193,1.0148819699534195,0.34425206058055957,-0.6202291754447051,-0.8116485984151792,-0.2540600556765113,-0.2741056536191279,-0.24874031737551322,0.10823600684687273,0.9790862034552958,0.7761121477852226,0.27232042669679296,0.44905539567512254,0.7316230661437362,0.5903568594990815,0.6191280702690914,0.897865343179096,0.9741280989661308,0.45113565506526665,0.13700354413849025,-0.35491844567431363,-0.036825109042242336,-0.7268793369172012,-0.5729909392157483,-0.8258483758252405,-0.45839179997859664,-0.6429816207183433
-1.62391860664199,-1.4322098807192836,-1.4473575192655392,-1.5068275206620914,-1.446547101328637,-1.2390194112578405,-0.8773512946658202,-0.03400622995157683,0.2336340615271037,-0.19110056979944293,-0.3447927976110121,-0.25436651719357223,-0.9067129187862936,-1.233225546237442,-0.7412712796523256,0.33549085808610657,0.34230493976130133,0.6485896205073275,0.5907072545778286,0.4398898192295716,0.32664454832620615,0.42042877735864015,0.5848394328840246,0.8822262101194532,0.5117028243818047,0.15711530953960917,-0.18793623643886284,-0.5834116949555166,-0.18673714486651122,-0.6910024152220506,-0.34330333822654874,-0.5423046433066661,-0.8074491562206895,-0.7568873966557803
