script/wind350m.json
{"header": {"parameterCategory": 2, "parameterNumber": 2, "lo1": 3.000054539987559, "la1": 64.9999836372058, "dx": 0.5, "dy": 0.25, "nx": 34, "ny": 52, "refTime": "2026-06-24T18:00:00.000Z"}, "data":
[rows 0 to 24 of 52, columns 0 to 33 of 34]
10.159679478331952,9.65327353880225,9.682531334181894,10.252129512065613,9.231338304132672,9.101524079568877,8.913876644887726,8.324825754258754,3.6461939084369095,1.4401445945540783,0.5167068649805028,-0.43600153776363315,0.044378675907853736,0.5185366314892886,0.5408756479943521,0.6070800248300557,0.6361889912553592,0.9934495559023899,2.214487251821386,2.692607346054583,2.6114082370834115,1.5064431547906878,4.579328233249033,5.669026772084672,7.308877149804067,4.09854288916873,1.8108510671147031,1.6587409315777943,1.3401742194583586,1.2635592003079497,1.5389705878277307,1.804665203246648,1.126476483724937,0.7240657896141487
10.923817022726512,9.581093274526646,9.601390581245491,9.708186727051663,9.485972537517958,9.163494572093597,9.734665160739214,10.27536335353845,9.580011373993464,10.20804508034325,10.252244701640373,7.7944893682285725,6.952434803696617,6.353469502425124,6.10460912633475,6.434611408220663,6.692415977413808,5.038637986498527,4.447001312771928,4.704228446867024,4.42720298982688,4.3955125519146225,4.093575992355871,5.348107283991827,7.244391491737533,7.1583331692610095,5.7237645063953435,5.422859657535663,3.2275070267836425,3.715120507738989,-1.2010030589923462,0.8824662600273175,2.0819574894281025,0.7244133853374963
10.57454600880817,9.873137913670183,9.770411561921907,9.932239976440568,9.905341370730438,9.699952705287226,9.842565079147215,10.039121971453778,10.469898384081489,10.648699920328925,11.281823826985434,11.6306663088618,12.248254408612965,12.61911834588088,13.023043835423657,12.099893829089341,11.146857236800267,7.630268163443313,6.058900480856537,5.267975221069323,5.795876390031466,5.956165291837154,6.003056966043448,5.357255598896941,5.670171376607407,7.637786022629183,4.837298481022509,6.030618998628817,3.9680184138963455,3.6234913293996867,3.2507600501614093,-0.6380644544033203,-0.26826015409951603,1.1730546197009195
10.702237177220582,10.277112972762517,9.887193007957078,11.141063435177195,10.802841934297868,10.15523741246015,9.801118820892201,11.013717923201407,11.91209604784808,13.112955351791657,13.345891504997393,13.296462682280566,13.473993953886122,14.392995448754164,15.065158796821422,12.227727635891702,10.67518370955292,10.074304141542765,8.747575261188992,7.000362229707339,6.992360120685001,8.604439369755303,5.603287939870374,6.558656456198103,4.7744982712292,4.99909966187609,7.5299835681109935,5.283934489465555,4.8536207164406955,4.13733786010819,3.6653263795504603,3.9139750347202606,0.6503051167579174,-1.1536215157693444
10.00203681407399,10.363431049697281,10.362822958965184,10.724876221903639,11.53935515602648,11.933467741277761,12.048958292264691,12.989538055661491,14.30301812864773,13.959827645572135,14.819922232864629,14.916389876577275,15.434474332697064,15.312053787696573,12.081400701312967,12.657577051455094,15.968830877135213,8.155311625956337,9.555948984283411,12.224147856242846,10.30910848783641,11.326797794170817,4.845194376656274,5.869779872454001,6.536538751538058,5.270467100503448,5.520129477512139,5.161586872706247,6.065309799315819,4.60481079868226,4.25776426699345,5.568735319786373,5.289509566592061,-3.0412874784393016
9.230143385478929,9.047998997978244,9.720487850747897,10.171306439467031,10.798841173032095,11.702736439713032,12.682231962368459,13.433800350854616,13.79731567329319,14.32735401382304,14.4295732827232,14.87235799254188,14.638360770218787,13.563134052682354,10.409871071248395,12.044160172448409,8.68000739487071,10.57942715694167,12.897785174435212,9.461141188735843,10.785856447842674,9.414808396190182,9.86233670041979,6.363682014024534,7.234503391111682,8.184107155542868,6.872585050512086,6.062257979241338,5.804953530482849,6.170092995338709,5.024044855289093,5.090832664245077,4.311594248802064,6.526830190366152
9.675305799109248,10.399275352555158,10.114610819969952,11.013233353372431,11.265988799046289,12.152884175093543,12.919774526537491,12.931096940794886,13.34306784493076,13.633790937413798,14.812810928129714,14.417033392127124,14.763708819905514,13.220202054739188,11.68934398209096,13.140665368401113,10.785988915602642,10.365933246154205,12.9235806405996,11.249014299764049,11.471226745612428,9.063771405316078,7.4022342428769425,7.14504743550842,8.536522744379761,5.445333443226749,7.824186856936042,6.210654238155546,5.575213471354476,6.154518246004889,5.384777678695082,5.306091060768549,6.386389717699719,6.80957751405853
9.916562582396441,9.704483633422244,9.866026351013883,10.854098448960164,11.139032105147878,12.034115311580154,13.655258565011852,14.709474325956789,15.0516795342508,15.487970067763381,15.015233208639268,7.879671945737541,9.689419234759322,14.060800381028049,9.76541957202048,8.53923673365384,6.53852958686958,11.133569193540339,12.586521434217163,10.144236902745572,11.203527495396846,11.331630640699856,9.064707472137219,5.532144529515868,5.876857379627637,6.540484841261936,6.265958290236114,7.059440109966442,7.220487895221992,7.645735235171192,6.991757011217075,4.768283197536837,4.906685997757778,7.228690065239138
9.807803987932592,9.098714399944884,9.186707550946249,9.351041547644533,10.399624528484658,11.907361013563582,13.172748171296314,13.805705986099293,14.833414144650956,11.637382131624884,10.23742351565371,5.708531463466835,8.319596662781139,9.352419973927619,7.363921737393367,8.167269402424198,6.688457256383153,7.296889200338039,7.840520891252289,8.777578423603188,10.378327463094509,7.621438538951139,6.903673304843749,5.9861425507561385,5.107607363717178,4.769876389223645,5.175644508961815,5.887942708119722,7.027752368409594,7.695046402401332,6.331727671982208,6.624784496741426,4.921653446854614,5.672531183568112
9.261499670135757,9.087174608966706,8.288633642997539,8.475869186753732,10.037146364502192,11.386303883315668,12.909784889540667,13.387185841518129,7.596314080492329,9.872376858509385,8.886274877658837,9.048236284128622,9.109285608638848,9.193956118935986,4.7875063629054955,5.0633895730756535,4.709200904676452,6.880486866909419,5.598394845267189,7.300380758805163,8.562123784650453,7.032045728093046,4.264034570647982,3.067125043925719,3.1649425544021805,4.516306392180221,3.865414592121066,3.4581242085022583,3.8671785608315434,4.4647548557582795,6.139852281617498,7.9424611604044575,6.457404783775568,5.193123122658718
8.649963766753421,7.647852477192397,7.772540332479304,8.322975525381587,9.678525123286363,11.719813547672167,9.629404944601191,8.445665558863384,12.897677665609592,1.6118544535772605,8.611925815606453,7.742821641215483,5.975819751974658,6.064197766094566,5.04984126109177,3.6445899498321066,2.2277643662377535,0.8671408798235136,5.415957222071095,4.535566264930329,4.33908188842121,4.470081751805181,5.674189147458401,-0.1178287021051142,0.9800774935088202,1.386484673784491,1.536035991079208,3.944568765494078,3.3213982202470596,4.442121762625534,5.896937558270103,6.496511099123726,5.177092544955446,4.200717682714005
7.3625104751889205,7.189134106555643,7.677947959105133,7.756771626630603,9.700677006835328,7.091024950511081,6.262331293138195,2.3381387215493348,1.4188490739820254,8.371882435465254,9.299925675933755,10.301585481025223,8.83083849063753,9.1679197432954,9.195487545154926,0.6075360218525453,0.591951104301844,4.499362888593707,-0.9947847793553718,1.1218012155952708,3.1223332104653676,2.345096976235186,3.8879497849881144,1.7136066439403705,0.4725097199516911,2.314126362441103,3.4360972523161797,3.8856101243127936,2.389004193959932,3.68171188902442,5.286215882541679,4.687938660146273,3.9453576682620417,2.178207796437622
7.433746265399248,6.9082159068143545,7.729103789308433,7.352773687538575,7.964247217115542,5.96817854888089,6.596367802560587,7.220278892709993,9.536811053387556,12.940342196767903,8.575161773932784,8.475586596408816,6.798228757229509,8.046400010359156,5.540171572493447,6.117254873933247,2.231051642184184,-3.6149891529979654,-0.8350659934545973,-1.7724933837804837,-1.100200570984689,1.6640618700409877,1.7019968502786236,1.2946933343436806,0.11253542082155793,0.9603488241882225,0.20137270664361914,0.4500115538399959,0.6382018688536235,1.9449607160556301,3.811856626976153,2.3469182411771436,2.4320123804147182,1.9027407808265473
6.548786674145726,7.310522937131397,6.522267646950712,5.385788811511872,4.913496070853939,7.610547494165406,10.995740861816905,-0.053632460981867566,2.9085658390886295,5.967323652431124,8.69627635699235,14.048554735912155,10.250532733955238,7.562219375374533,7.194410226345586,7.137613487726418,4.980903562834529,4.606983221903279,2.119236864562769,-2.180569539497149,-0.4575019566416792,-1.2835915340631618,0.45353333417639363,0.8759859752904421,-0.6627562504576137,-1.2192049080279772,-0.4561077810218737,0.5465010467390338,0.3286796104201527,1.0749604429836002,1.5783746988800316,1.4390926248026603,1.4908456643331116,1.52178625837897
5.715900377488161,5.8771257625517475,5.780486559359849,4.260870855627059,3.2755905254052746,4.804764704728693,2.8550007055494593,8.681821715460623,7.485137515617471,7.727262847535774,5.753622064281552,10.956195133678655,11.035460865919593,7.28520930023675,6.937181744286667,6.567471054206339,4.463660471487268,4.450208438563971,3.7435441638511815,-1.9533439165937103,-1.8805169799394352,-0.06028932882001348,1.4728714665927856,1.2501530943453183,0.1132679264867977,-0.3854185358079052,-1.4116406362331935,-1.586703512188565,-0.24660821982927408,-0.2953927575620904,0.7001007779587654,0.8813689402150506,1.5054625493002758,1.690627876414524
5.7782115459212475,5.364783585543957,4.543632383461294,4.1265120280899765,2.530057293643296,4.112885246236057,6.149123394553313,2.071983153738368,9.373685455000913,7.864829572438043,10.869788980528233,12.788097001423855,7.440996876731325,8.8758095994854,9.092971677517586,8.321257011687887,8.386911631877789,5.868382995953416,6.662538798075469,4.924601816784597,1.9697539214966218,0.6135651459754484,-0.9562254921261321,-0.07947971648749283,-0.4316986122343178,-0.5789002291291635,2.3789827135859456,-2.552492613802168,-0.6490746602940783,-0.41320855036365434,-0.5550062568100087,0.23695406477039435,1.1456622529128186,2.1441617698265922
6.126925875625324,4.71449248134136,3.54627967590401,4.13932933717854,1.3404387743073924,4.002361900438638,6.624802295697414,6.697518456889775,2.8513897773972303,6.347752072511208,9.577427684381886,13.678074157310412,6.0773784359208545,6.287980726729341,7.486508868036382,5.130186720314789,5.542975366534476,7.545075700370708,7.999829672568318,7.234781103311434,6.737093550901959,2.602010513882124,0.4000765889308748,3.122192043109172,1.193677371464989,-1.1869961014586978,0.716133242637106,-3.7224819966039244,-1.3103059275014786,-0.3976438656451798,0.07702966210880803,-0.3607246355009972,0.6825435380439715,1.6647069257128224
6.2148135938842035,5.483179701440581,4.1100493475354645,4.8410830883986575,2.8918271956614108,4.408528443750849,5.278776779752204,3.125055299670635,11.05685619675639,13.444447600224617,9.142158878211829,9.12429208984533,6.170479776289151,8.153466231241701,6.614170804960646,7.4873240204040705,3.97084422957354,6.027767261501673,8.739114753575041,9.3363364223799,8.599474003915182,3.395705989774302,0.31375363490127145,2.1651207914754447,3.0817007201091435,0.2280011853158144,1.8558766423167248,-3.9830766356983336,-1.7486789792407382,-0.6533814886355235,0.17576515643709095,0.1423288996104811,0.9221891061598064,1.0064315179124808
5.894005242414141,6.89832049375426,5.812163613202374,5.654197267353854,3.1901696089270972,2.8487078539697426,4.784043935526431,4.1020033555991295,6.782138604427593,13.467215456746723,9.397817825106523,7.68067363004205,7.55563505522591,5.848414458716472,6.914880383543328,6.428622502503414,7.248429343500649,4.111874676238781,4.9372274849139055,4.946016051232735,5.568147825947555,6.384092501106969,5.553274474744926,5.377558164929819,6.449004737131933,5.0692359591881315,1.1968175430728103,-0.5947049015391466,-0.7986601093097836,-2.2580270119780437,-1.1370050534632958,-0.34792025954426764,1.1462438849577694,0.7676702289115858
7.065206455569208,6.243840293270142,6.248744391064623,5.872540538339822,3.8583626006437552,4.789410686303624,3.1180506506436196,10.690020476254366,7.545514182700972,8.30398852669501,8.760547589116838,10.524271853263093,6.197052569490377,9.3718882092128,6.4856553593910515,5.224867613762792,5.9637682540202395,8.996480047581919,5.788246870682642,5.728609037306432,5.584040404958132,5.9459585545537355,6.460413751992707,6.278317068445759,4.375153534991659,0.2900294715401351,0.7224208370958021,-1.2577853085950301,-2.640898330022593,-0.9001529221697693,-2.990931332082148,-0.44824066680311686,0.6208757015446972,-0.03698646123308136
8.596740961936682,7.636598664338434,6.006256483720887,5.787907908708504,3.952500527792559,4.126295314200816,2.410022382555155,-0.1359733732346425,8.451028147106756,8.003164263204962,8.875384398959804,8.299028397568412,5.886520670582905,3.7546300817867535,1.435177241673681,1.4429083634552766,5.696140729666697,6.408427879142416,7.4613446298465265,7.260471519283393,7.067560524684169,6.168659971280893,6.667776558467937,6.3494982374774525,5.324957319803299,4.2784171980869905,-0.29493722580198717,-0.7584567596463749,-1.2815988396491764,-0.09542290762153727,-0.9447619317916331,-1.497480593887205,-0.8341179597534467,-0.2698617926140613
8.535304441481788,7.773503331170669,5.837148659147529,5.613933136083241,3.420919170890174,5.500534284847933,4.3039916737333055,3.814581449404792,7.584297108252981,8.136496424082667,9.688677067036684,7.768383587961222,3.2125674276614866,5.316173804927727,3.6433636704446046,2.938719266606009,6.653502349723139,5.810158628210969,7.822867888466039,6.8266646496394205,5.245771646010472,4.884097553187889,5.777505358137426,6.6380304027278125,7.20159510099519,4.601611582006397,1.0738547967417422,-0.3289532974767785,-0.8709943557293262,-0.22419192177557956,-1.112211560063164,-1.456285375708088,-0.7122254607421372,-0.812421146618627
7.081600095639953,6.207892965887672,6.040521770462931,6.258088291675925,3.487168720366891,4.529656339113483,2.75004696931784,5.108582640816587,12.053734441536138,8.525768328320611,3.7861028473941043,5.951739325959738,7.34983986269826,8.395617983396978,5.981764903866496,3.6664307356733516,6.303602511011762,7.626608599901565,7.051186650985454,7.6751713181144385,6.625905864841652,6.193975008007052,5.9852347587751735,6.613091309858567,7.16741423070492,6.081870190070098,0.4529995762992683,-0.2320582889778963,-0.9444452063507985,-1.3547344895555722,-1.406758988277807,-0.4125069413991414,0.06964999833273822,0.37247558937979386
5.200907863288033,5.014834790341751,6.669085431880797,5.445925934947732,3.881375163098313,5.209093030704259,4.71279851769184,5.1228118498764195,9.82358062580821,7.360496106231991,7.408014210245766,4.8511114446008055,8.055423226778199,7.9369300012656385,6.32406720604157,4.915269059450724,4.729583252247179,6.794096425033654,6.531545873074686,7.146407579477026,7.091796938321333,7.783809821733923,8.854759002668175,8.16351029810044,7.188122513929025,7.182143364913731,4.706237667821756,0.13698642760315324,-0.6668163311404965,0.05543215778203903,-0.4398973478858512,-0.20093793871115295,0.8158927185363742,1.2928901791389389
5.4617549897855175,4.840481919860365,6.002796768807068,4.49726688514605,4.570559246787001,4.515586676234857,4.874940861529849,6.66486588339595,8.215483689773986,7.067639749447311,5.380257707597564,5.3384346582125195,6.565640637543127,7.861477773622819,5.094636341819449,4.500255353662474,4.476790446541642,6.304112558941908,6.268231236795002,7.007064277455375,7.742208610994833,9.848084679369828,11.035722227978914,9.676394156664058,7.4538369398115405,6.538610502423875,5.705860329530692,4.353900278711753,0.5372963251360002,-1.3323138551890652,0.24176712125910688,0.34854853853058004,1.0652739826277384,1.959928572776871
