script/wind10m.json
{"header": {"parameterCategory": 2, "parameterNumber": 2, "lo1": 6.000027932988019, "la1": 58.9999434238085, "dx": 0.5, "dy": 0.25, "nx": 22, "ny": 24, "refTime": "2024-06-24T09:00:00.000Z"}, "data":
[rows 0 to 23 of 24, columns 0 to 21 of 22]
2.123271683497219,0.969487956069771,-0.5439506461860837,-1.2317194949732224,-0.9879861953205801,0.17364547944853936,-0.6527356789129332,-0.671307170763812,-1.5684125201576276,-1.2624279621794006,1.1182842489699325,-0.31070065392455654,-0.7043024907112229,-0.3109455272564888,2.243522488357107,1.239340803769068,1.9375534982648097,0.9779674732451292,0.476529925056456,0.13026448326967752,0.8004943610487033,0.4261121511528105
1.504409572259371,-0.5052397864302807,0.20345858918057327,0.6746138260024382,-1.1845021576990953,-0.3086348929587145,-0.8058973685261188,-1.138639643674642,-2.1027494468309893,-2.0729987910290633,2.066577358062033,-0.3276754141588208,-0.16423489425805887,-1.6968154646868117,1.7228687449213376,2.544063088429695,0.38134714338786857,1.2916003195064043,1.502543375592387,0.725475730989342,0.7422455229142332,0.9163936090982916
1.1436859797035233,0.907847588806605,0.08408684459754528,-1.1681152183118408,-1.1340503988967117,-1.181153856658508,-1.7065531694666487,-1.4998716698570131,-2.714609200144846,-2.198458413199687,-0.4275831127266907,-0.6347962451928157,-0.4272374143008898,1.2232725147679533,-0.20967744527108656,0.612722845839025,0.29920779889721816,0.05889662230519522,2.02008890922075,1.2536254917416834,0.36108489859399745,0.977064521730872
6.514156051572003,2.7333434365280613,-0.16769993431393532,-0.47641811883776636,-0.992586682044196,-2.864074454675831,-0.8696092728698741,-1.6728087213908458,-2.699068724703242,0.036428707638913684,0.9281316474219554,1.4829197007148545,0.8833532086219896,0.7400250314822173,0.49232438552293833,0.19410158758492227,0.5046960700438248,1.2379130466669197,0.27772687422161485,0.6269581380127324,0.5911827161250625,0.9823450402481334
5.018437348898107,7.574751454782212,4.379203735658543,1.033010184741231,1.61646547608795,0.8453167992828562,-0.3441017847299015,-1.6638829649361968,-0.884989139990345,3.329634169498249,3.28557952518935,1.1255220827162575,0.856404699801459,0.7910183413914131,0.6122099814035405,0.6185902388766308,-0.5727177076961254,1.9766247092974292,-0.6816470516708923,0.33760873245251133,0.3308259541071953,0.9396415751563701
5.127666108009199,6.701098584502562,7.709494058766937,7.08442898121548,3.611849497076883,2.221875114203415,1.1782551958895944,1.0509317116871761,3.0561660156768586,5.2214653120770835,1.0660922194711506,0.2246034270010286,1.24911063382142,0.3010385350286354,0.659077917644515,1.045788566890596,0.7994462301951608,1.0399673246985068,-0.26408962657062707,-0.43014457479197976,0.12319918119169183,-0.0629968985232846
4.786089546093075,6.31145694919307,7.23001714028091,7.695514575426979,7.318018191533472,6.054064387930512,4.18036868661258,4.607046830178043,3.1587138477580647,3.140348273482898,1.4617376184921196,0.8745159587060853,1.74146610920516,0.43331060107085667,0.6928640656471075,0.5090390966656482,1.1311996190333728,1.159515012529273,0.14801173947285778,-0.011249461979705189,-0.08850518778906251,0.27726405244944774
4.0616083715372,5.695512383246439,6.662642604348412,7.417086191678042,7.513197635834557,7.3234877619914736,7.60986176921427,7.7476362546571975,4.30726431468839,3.689233236842721,2.3618037949273676,3.35541662872319,1.8534276057389436,1.0885140903660628,0.9169917194246116,0.6096882447648052,0.7135798135269684,1.2936834103874224,0.9177842129307118,0.3466271094656728,0.1430353063395068,-2.199310508435368
3.407499496032691,4.7285200031545855,5.586889310775313,6.784802496441125,7.357502077305859,3.1767632248919115,5.766392629564431,4.41861086901273,3.951004633726433,4.235563823945874,4.700433817316713,4.692302320566658,3.8066359732301156,1.7979594895608535,1.3099918001425308,0.8934881793747032,0.4040565426952488,1.0854839080289838,1.3053426690034315,0.3937130950492613,-0.41774264644883385,-1.0390754562424138
2.744595173577385,4.210211428915441,4.996332473152003,5.276111891419722,6.465772547773563,4.9834381794749945,3.977653341181837,3.8109149624705907,3.9702538229076527,3.1123998023165673,4.668851986995146,4.698212058256436,4.164082035642997,3.020613097616702,1.8983383639165967,1.365730847305448,1.1745942736680821,1.2251941775614164,1.104569777307095,1.1540986726574443,0.3960065252999059,1.1909909366506488
2.020307345063196,3.4811622779411353,3.8247805541121576,4.779756707529486,5.227825450436204,3.3422448746097655,3.563441629363368,3.7042467490590125,4.034638029025154,2.9429695247860566,4.228144376599931,4.783098325321153,3.8667043359323174,3.1176712932751305,3.1193697691229474,1.6834835149798577,1.26973748069585,1.003482525541997,1.068824353973549,1.0327615301685267,0.4203509657613966,2.543890149616492
1.1580360320462237,2.7183762687711837,3.324599221694081,3.95349358698422,4.289823360767393,2.4634894143674813,3.188358263328386,3.198012786868606,3.0461838469582068,3.287610129965111,1.4554275448859968,2.624670503003836,2.5604521012196955,2.6920173815561736,2.2540116980210896,1.490961016371264,1.6026061615822662,1.325040909623045,0.9969189352706025,1.1532230754876536,-0.7557635664302927,2.861761035445384
1.4486106870888007,1.7684883250677794,2.645108054785317,3.298434997984687,3.6298095975618967,2.688205167582845,2.485850176924854,2.128028469512056,3.010956698762658,2.33983521727785,2.7421234574193663,4.615493773820188,2.4155285686580923,2.0094616491311004,2.5033535064127674,1.5431006668960856,1.4381270075515502,0.41371809655627845,2.5793617605799057,4.250912175359528,4.849875015229921,4.661071210218876
0.8130034192571475,1.495415938699903,2.2075739244193975,2.430897066064281,3.1175589178478926,2.6201652379731533,2.564877106169153,1.9315481144653077,2.45961114120629,2.864476490576261,3.0268962848310523,2.8425794065914656,2.250744772408221,2.540386084183925,2.3400122954550286,2.568229590544252,1.9259494772060777,-0.7200590016239538,3.781074175684316,4.420666786257706,4.493541631346536,4.513728339389197
0.05259626881729233,0.9021608948291742,1.522345172020631,2.7210303792906196,2.396993226668229,2.186875138907263,2.5068773237805986,2.4505783401320183,1.7495665086429462,2.2703631188248425,1.3461234158003448,2.0272765712570386,1.9329966117210864,1.848554835537857,2.5778567088026443,2.3260573787898675,2.687692418493028,2.1721911708799833,2.58530915467949,4.834909353274044,4.162669522984854,4.191586099533177
-0.4043005679220463,0.5719413004218272,1.65977300906113,1.9952103454693135,2.405080350609342,3.2418802098833863,2.262274600779647,2.2702601041805903,2.581911294305742,1.8710622103784167,-1.079510899538797,2.1652853338611626,1.6879352588958938,0.43367835758383655,2.8334204956991424,4.266847413106645,4.245681348289392,4.822115837615203,2.565093583448672,3.823717817041027,4.278546357369854,3.403575755487445
-0.07585729381856961,-0.34984504347409395,0.9279214157714791,1.8495226617992286,1.9177177920581465,1.9864456125351595,1.7957956255469902,1.256233392227587,0.3796819876546428,3.5675845451324966,-2.306595538428657,2.728406520544505,2.265440940647384,1.2393583091462643,2.8329822336270842,3.159507856548681,3.8119848805322616,4.68317891736688,4.413616168899164,2.534841102669004,2.7320756940998967,3.326341791740933
0.16366332674007006,0.4620320978818655,0.3456812930996469,0.8142431005479179,1.3329287356540802,2.344916889475226,1.1957094634409795,1.482274189787216,1.2990450693087285,4.149501190569806,3.2773978830120742,0.48427346784059144,0.07577218093262114,2.9375072692425257,3.8413757601129963,3.296025455945054,3.064756534579775,4.208779909133637,3.009500428642768,3.3603233075983616,3.3043276261239662,3.6458186369550227
-0.06436749009213978,0.07223149648382154,0.15439832036355008,0.08321292192385062,0.7873163854403605,0.8638442949568115,2.6309329400673396,1.199715375168825,-0.9452520251805336,2.392492796647894,3.4178859547587614,5.507503807851831,2.5052047805284423,2.95568874405602,3.7499038820608495,2.5840641102525246,0.4907869288719514,3.1351065521363832,1.8071390029489391,2.2821719179956794,2.582716209716807,2.268454031710683
-0.007708941319336653,0.19819724044062656,-0.178578988288833,0.13350219111209385,0.6506661996289919,1.4718456616173965,0.9514602206214688,0.9431172513316465,1.0005900665734158,0.8886242122574891,1.5647723259623918,3.052392957292102,3.50249004241674,2.265928266091252,1.6877072018523647,2.5311139654278696,2.635674010214741,2.516592195023278,0.9500634139686134,2.0021293444501755,2.205630040225494,1.9113029836658408
-0.530013918241002,-0.12005135597853399,-0.19808385838764436,0.1674683260049859,0.47157126198151833,0.7088973637377438,1.4804995922458566,0.387571576248998,0.9083493933908617,0.7494448423938372,0.8991351752342335,0.8356129535018134,1.9995002934595005,2.495785722794517,2.358162193000682,2.2083223839162547,2.3103378186403862,2.589743429137155,1.5585241436310622,1.6577102985099423,1.0639780683526774,1.2712113417417696
-1.139748903680501,-1.0239917643046852,-0.42756024965778455,-0.13858506308452162,-0.13747758023363738,0.8113476582823825,0.267919806332507,0.11266504665109496,0.3538453454077724,0.7787834109351136,1.2099664148654437,2.3703011892285675,1.981971231956588,2.1343617610613244,2.326603228755526,1.8723393994606046,0.7933915685099142,2.8551291552992986,1.5304379876298233,0.6579052203606512,0.7551553027090777,1.20876995974635
-2.1789241656654292,-1.399474793296835,-0.2236664261231367,-0.3842768162123294,-0.49898417188989275,1.0955526337465107,-0.3546886068490004,0.5607393004342687,2.1329468268463008,1.3735297519879666,2.2206749788362625,2.2268816657384165,2.136150594491028,1.7358540617912013,1.8146482513106597,1.7541229671360847,1.6193853998294292,1.133616362401577,1.8819300212465595,1.0687039795173348,0.8212870691117999,0.8842883870219787
-1.2523295631025837,-1.1874828572395686,-0.22240773703677943,-0.5164091435082385,-0.8610534833661757,-0.6795518357674087,-0.08699315702185764,1.1687055324684466,1.4735877401109156,1.2114379650112652,0.9796798066345659,1.3224528508632825,1.7926154166525734,1.215912527921057,1.2390926239435245,1.1593335836868672,1.7419199290993144,1.2354500271235809,1.5844115432471728,1.4246143486075653,1.1572339535406202,1.5033469384191207
