script/wind250m.json
{"header": {"parameterCategory": 2, "parameterNumber": 3, "lo1": 6.000198445256149, "la1": 58.999992894266676, "dx": 0.5, "dy": 0.25, "nx": 22, "ny": 24, "refTime": "2024-01-20T20:00:00.000Z"}, "data":
[rows 0 to 23 of 24, columns 0 to 21 of 22]
8.218030048662895,12.133923185275327,-0.8669256671087534,2.4293296636903734,12.32898379863867,12.1536931634542,9.21620915976177,9.658011451341181,-0.3878173251712287,10.168696063289334,9.6015719010028,5.959379152379003,0.141945863757147,12.650750112456278,-2.4249904222138383,10.371546353722612,10.102737863130306,-1.7275659679015636,8.954556830639843,7.807004955266091,12.303701158604904,8.904608759940556
4.425607413277348,-0.4532894400395207,3.9250173334568714,6.214338722120867,10.85285139347062,4.253533488139734,11.364100150669755,4.117979843990455,12.04011419003287,10.09479567157453,6.562594359444021,10.900801814090334,3.551491772317966,-0.6028290404130104,14.336889226354645,7.360656336253168,5.656637236206029,9.891001277671057,9.179011509203065,8.786748223401961,11.617985007879708,6.906882981646755
14.255227286000729,3.1138431674148053,10.706575429008833,11.38182872351542,8.142429480802022,14.741641137291506,15.335426319983549,7.034126633709604,11.962594509821399,10.947476188145549,13.17646010878712,-1.088681959147462,6.335769148279881,4.284128280946083,8.920062950545471,7.820667000812694,11.314718294121501,4.106992661125855,-0.9035660575573963,9.04811843238614,12.502315819328391,9.825554271938405
11.947111897719207,3.5723563203666036,11.736454947135776,7.853704830428072,13.252955903702102,6.759941574673656,6.831332112827202,10.44591898501527,10.844763151000802,11.539401491916452,11.534040858156633,8.765517912490521,10.086684888216466,7.373435737690979,4.229162773214722,13.94367703119355,10.401000493007711,1.607399679384143,12.396640272379894,8.948313115331272,6.818994789742135,7.986530844063561
10.238322266190607,11.965504402981948,9.646252366151057,8.572847618815878,12.576628876912638,9.455570634979887,12.936768059355044,7.815801851813277,9.802393280800366,5.085053755370627,10.661173517973145,6.584405799992169,1.881679983044867,8.66119263037716,9.06376561418036,10.786092771148523,13.386245140160952,-0.9857513916553439,13.605007271987846,8.422451999074921,12.098424657678844,7.464846543436772
10.730366808943062,10.183773397710711,9.233700585063401,9.779110788146026,5.997156867945745,7.236475271125776,6.477573047042809,2.5557122022077956,10.815375573373274,13.596258908760678,9.324765521652527,5.025209790887664,4.913989782458961,1.184997144546829,11.161181898111598,8.930038404288718,9.337463847417274,4.4226241745600685,10.596824653664504,4.869937265477615,9.373969482833798,9.341108512840666
5.632670084919378,3.3171979635976556,0.34029342111289046,6.206202913772146,5.450749617248939,4.5732256836482605,11.185019763401922,-0.9506542336745096,-1.2420511111631307,-1.4676641281009077,8.517181864056116,11.491156954786112,8.269041991353523,11.054934940836791,3.5684315793390953,2.2181940827565625,5.887005627851522,0.5058089186608359,9.595965596272347,3.23068072988267,10.27062774372543,4.927940826027326
9.788888412437402,9.209008779439081,9.807310671405249,7.925648584425116,9.773030862028104,12.88815368078177,8.327307881068718,4.162319214849981,-2.5648760379903406,9.212038543512321,4.582031485241521,0.6845454059455837,13.849585157041053,6.1689588220468465,11.194567797350274,3.9093193916241256,10.12778630075902,6.119356344025916,10.27935269915644,2.163790140423087,2.6745716667979056,12.201622084862828
4.534884162620047,12.354085470930956,10.030293375607924,11.098611434498894,8.122409863632722,-0.8803865303071771,9.115293002673836,2.940873588168907,10.68564581833194,11.238400536471794,10.12623809778268,12.020760275398496,11.57183670722197,12.586397534133162,9.160848458183679,-2.179060229257453,3.116388459219077,10.949397530198917,-2.31418949575716,7.859185554351522,9.939458158283262,11.408127017421931
12.34809073909129,9.880979464434322,-0.7735605254063472,3.5788468510861637,3.8386988213031272,12.322584181631088,7.425792079269419,3.9964739321646827,13.881892190734874,13.881805263972655,9.663294058051243,9.76846160473091,10.166756810549936,4.779930554606969,10.402954308133157,10.219621817818606,12.93101904800176,-0.6240133817371403,14.105617201506774,11.741171843657906,8.491818676078287,10.995402629742385
9.487971990085889,8.257058163682563,7.361703745205375,-1.734894702972321,16.55704451213805,10.611309109848762,15.28606180557649,11.311404322310858,3.680261694113991,11.176452566530171,9.569450335678194,2.1971568590627126,6.9018517830347355,2.123786442473892,4.389824086693514,5.816351516905926,8.423374737557419,14.143333405912344,5.627630747565143,0.9182990773907848,8.056305521998706,13.504238378578643
4.316106649409247,5.70859113921394,1.5535536994707235,12.328133453544142,6.17346238752637,11.52682627129694,0.7572509911222493,12.525002444680789,2.7343075030447923,11.002503536959415,-1.971089096500906,16.63106776623372,10.786144421062343,6.250791234853317,9.844251755002645,13.614469531730222,4.146847054493273,8.000991386274073,-1.8764735415427372,10.917691443419976,3.380103495702549,3.213790625727807
11.533046897101034,13.740041333305978,-0.7771195745747389,0.27044606590062076,12.277409439037248,1.401065008907077,-0.8867095055495247,2.731645583473549,12.505981935061397,-1.75640620880233,3.23384129450965,12.506967922340221,6.024170259327653,12.651658546967912,13.295195055699626,5.854551854120123,7.4199280394589495,3.0586307970675652,13.767987602826759,11.858243950952316,15.572910028524213,10.18672512760537
12.99923236930986,3.4162219122161517,4.948248861947641,7.349273948393019,10.81543419283392,4.153305817755837,10.838891177453654,1.0305809283371414,8.265609262447649,-0.0036898018106363843,9.680732693996116,9.758325029667285,4.7463899769933615,0.8811437651763543,9.24855189892,5.534986030508296,1.6666960094979453,11.257063799851963,7.023281965837115,12.665160251636975,-2.5611688691054204,11.942719988844983
14.908399340913066,16.18499020255489,0.28593457978794523,2.4514932337575517,11.855772304841524,3.6406375324469673,6.515311820774915,7.44257666534476,11.161336367430735,9.360024832713638,9.129338310813358,3.54124510410444,10.037702406771146,11.041935440085595,11.240109854314936,12.55972509117733,10.360577572304441,6.792043242265734,14.454446542221488,9.536538458111266,7.5047462501004025,13.9968359501735
12.2895193837701,8.395367878864514,4.646943032038696,-0.7120419794359528,12.49932010577491,14.463158376685685,7.388117747131644,7.38767102112173,10.13092946291912,3.6385130100526553,10.324848528313977,9.92673959856797,1.4304717305804258,11.98527394939698,2.7131423202431164,1.65787321259523,10.790779446904205,7.8094129477350736,14.42843972576574,10.947055539826438,11.852944679544294,5.970983941835477
-3.4029738730012964,11.40573225249569,3.420653456214473,10.162032860902016,11.294653195166166,-1.7040205788043672,13.768333353106188,10.515812198672393,11.266773525103526,9.741414474078812,6.797428744815566,3.778344771389956,9.969020491340434,13.4645226509529,13.614921692634859,3.132554690328907,8.144282341738652,6.506263052492955,0.9669369845599476,0.4209343618820275,5.2631552119201555,1.5137219756359102
8.558998967729629,11.844381358199948,-0.8175308625150496,11.411578763999808,7.135497096819368,8.077863972361975,9.83610079249175,9.465746088045291,6.9619926257030675,0.22630103371387203,2.952049147311387,4.976878141551725,10.346135876886166,4.844814810905555,10.417674889423578,10.70049733025566,9.615273091132948,7.142361578180033,2.623225915410039,12.45752771331558,-1.3682545378844537,0.6436891663325769
12.805995357207093,12.664631843811671,2.97541833229238,12.276605335388117,12.945850421653907,13.761172740369824,8.84973947009669,11.676372540736452,13.887541253722134,10.467599713903828,13.83141415458997,7.147233694677371,7.14524199676411,4.494188551275919,10.216255334879497,10.328231306183868,2.3016288519297046,6.741822760366881,-0.04548670186568779,10.448861401109497,4.510247098069336,1.5134558367098978
12.19376362586612,11.432002620951188,10.01488678924473,12.142092188785764,6.3239284761456664,13.814502013168308,7.021293247413576,11.402566897045672,3.089112605385163,10.252657225781874,11.191098695833862,-3.3559830765064436,13.24311203689353,10.056649513837776,5.7935391425071945,12.396564663670175,11.755838836031346,10.696662871140514,5.517302477882315,9.192026415519678,13.65676614152013,-0.8293703863116801
10.788824421088727,10.218570788486542,-2.1747320591105406,9.585552503017583,12.285776889555278,12.894666121540586,11.972383057595634,3.020718842814309,1.0447680779073596,11.755520116982051,12.188919515910442,10.43312234184416,12.064733022282633,7.642107265076877,7.748782046249612,1.834792440869789,7.290446432094395,6.591669537247121,13.33025360560812,12.097380525551422,11.182445525341121,3.0705002234092857
12.629443165538746,15.693401357967268,12.26938356876974,16.01310244057612,9.360473479730583,10.874250361161094,2.452432805313479,12.009100956700603,6.918551352882123,3.1092616091625978,5.38541986485363,12.717567968813547,1.0676434562308805,10.853903968999523,11.481931952653198,7.430606762388232,0.34647852624516956,3.3993638371419417,-1.460784211188823,8.874300076942236,-0.9261053231669901,9.142475084182925
9.12543577904188,12.584788147197662,10.198538703944033,11.335845940658459,9.111564644918289,13.540939109823473,2.547672787327408,13.35631662101299,12.026607605192734,12.532184383588897,15.981501447845433,10.266368706698726,3.9495743092196736,13.91561230268661,11.672017459306206,12.260108598361285,6.7332705296801825,10.030981345671723,13.468729104076434,-0.22911041066593185,6.698755580155492,2.502366100701223
13.144773360021803,13.534890481205878,10.511165830865712,2.928441658567048,13.521934666200188,13.444766957125752,6.416466648499724,13.83902323478586,11.799618033434994,6.213062591744228,11.158469323109385,12.77698775349631,9.840501315279052,3.2225113397324874,10.83896253634285,4.979892257361687,12.380200730478641,6.883321470734361,11.514546367350437,10.426999323894023,10.960104920622873,0.1349539425768442
