script/wind150m.json
{"header": {"parameterCategory": 2, "parameterNumber": 3, "lo1": 6.000198445256149, "la1": 58.999992894266676, "dx": 0.5, "dy": 0.25, "nx": 22, "ny": 24, "refTime": "2024-03-04T11:00:00.000Z"}, "data":
[rows 0 to 23 of 24, columns 0 to 21 of 22]
-1.4464939010520323,1.9636011809861829,0.7784488914681034,-0.5720284615598356,-0.530219680179672,1.6966288988111304,-1.0485102470606227,-3.456300817600904,0.7687659478518294,0.8125059694936316,-0.840442594109814,-1.2577457174967428,-6.787667685220042,-2.5983828912065525,-2.353723880206649,-1.9324379166097216,-0.46397352684607873,2.2450691864034154,-1.3071552797971,-2.9489266849259104,2.470132674800422,-2.8925551387238273
-0.7667456038152232,0.9287844591314687,-0.13958648493520584,-1.7761341651538163,-1.6814109448733052,-0.37114615599876843,-3.6572115677674275,-1.742858056619097,-0.9330605391464674,-1.8038530789212066,-1.028851446166139,-0.5976276108031551,0.7174267210045358,0.8802014367114124,-2.9802910514939716,-0.4028696037918794,-1.079387322778673,-0.901664514016771,-0.6828830011295607,-1.8022460987713382,-1.4425546943956373,-0.6859050120331152
-4.444784159643612,2.054163952657951,-1.5346262608388992,-0.19433873045383274,0.9703277865181442,-1.0476443474888857,-1.7080108819155198,-3.140110558490151,-4.640798032851615,-2.3862286119327596,1.7478302575233924,-1.3610189532093784,0.13728297898153088,2.8009837010450567,-0.34333746135408616,-0.05692043025486164,1.5431173961500324,2.119167017452553,-2.6738671609328524,-4.501571433616187,-2.7584254137432827,-2.021191856720763
-2.1485228314341325,-2.4275253290461154,-1.9743313119979322,-1.417538355844847,-0.19291402356503437,-2.7874020248261067,0.06890223418254333,-3.895078411075867,-0.13150092343230238,-1.6955521003133058,-0.8862783814989009,-1.3824690927835195,-0.226599536996422,-1.3599379038504966,2.076356160128635,1.481354193142467,-1.0095333102114283,0.8152158645182502,1.3592629608923676,1.6349743568334638,-2.981586457048987,-3.848260829709262
-0.3905836265227673,-2.060217379413838,-1.9503599549550759,0.009419131918474684,-1.146627622929861,-3.1402468523240237,-0.7417820881213091,-1.7339144267743505,-3.047257533219429,1.436132953196323,0.2775910072412048,-1.5095545215078516,-0.06133511672734146,-0.3153763674435768,-1.3988448858145497,-1.4894051604284084,0.12207993214021844,1.7091315485170477,2.6801845965609643,-1.234984581894688,-2.5768970424239894,-4.09846474167448
-0.36060081149324197,-3.77004259763111,-0.39965488846419345,-1.1148906614948295,1.8381178528620628,0.19023436382124354,-0.74083825629626,-1.720724147022205,0.12406982071817248,0.3742479074271509,-0.5644632881938713,0.8702275101276021,0.3215742167374661,-2.448830515963842,0.010106185192154718,-4.134293914808267,-2.5462673828880193,-5.032290325223886,-1.4766685984102814,-2.4589808619256686,-0.6689350932808611,-3.7276099299904977
-0.6397862317752119,1.4202472259953245,1.6831200604047674,-1.1938409569542583,1.4073674002509153,-3.688579047968336,0.6661900204873068,-1.1438686579374095,3.3233241742110615,-3.1343492166529234,-1.0214128852084632,-0.3584496443589302,0.886313507362054,-3.642402550338981,2.2300084949009524,3.81179370567396,-0.9483955414074089,1.914896949600956,-0.9082842619766301,0.9689298829371459,-1.5897588218150862,0.1808823388089807
-4.135154366669453,-2.963327994336039,-2.928879707447135,-1.0876803753666595,-1.954904129843779,-1.754227361844838,-1.31222082606952,-3.0968281094480083,1.3768083892592222,-0.38503934995161837,2.3101299456093023,-0.49004845806317326,-1.0428630677983426,-1.3808310838657292,1.212803133678151,1.5485333839412274,-1.9580668419572462,1.7474292123536947,-0.3013890187210444,-0.4688289087049914,-1.1410902990359677,-5.466427446298785
-1.9555846553936735,-0.4966186111075112,-1.4804285758468831,-2.9530002057023705,-5.501316090184085,0.7928649329746124,-5.142664522648279,-4.49639921041058,0.05781778571165964,-0.22983967009170622,-1.1059965670370442,-5.9846804302753895,-1.117279882966565,-1.2013479150105895,0.021389259133940478,1.622124895524937,0.8433755302253602,0.42327412766472106,0.12659867839265732,0.6525099862124721,-1.2224862227541333,-4.539997043436641
-2.533851641446926,-0.4670293915222757,-2.029979850910865,1.950081348283553,-1.931535289777614,-0.017700339252046355,0.6774529652738066,-3.080244871729321,-3.6053260812683074,-2.8331443423105793,0.7344792933417129,-0.8110576732004551,-0.46016012539613943,0.20232123976860175,-0.7338163312574222,-1.4988645680126378,1.6041347039118368,-0.745773459382819,-3.083752569434428,-0.2169430309167375,-0.8104248720363605,-0.45961182481241525
-1.4522101961590785,-4.009454113568589,2.1889168336716263,-0.40527969324295426,-1.7533502495105941,-5.167519092812312,-1.4817660856367263,-3.5567329434056827,1.3351953439130089,-2.1559825271234225,0.5152986415642473,-0.05382680644452337,1.494310928889932,0.11813790158724904,-3.9586110719536167,-2.7121160235245445,-0.7225809540966199,-4.077917104872686,1.7632634714989486,-5.747763393451964,-0.7272858931201627,2.7584706299436084
-0.924254737648239,1.4081617602231407,-2.417149509826745,0.18509543262645783,-1.4542237440997392,-0.20151144268435411,-1.1646000092955082,-3.3338733070184685,-1.0154742536750332,-6.390098346327948,-3.18331163683983,-1.5789707788254548,-1.606458474801058,-0.5929067566019144,0.33499629735322783,-1.3904838050661155,1.981520999454601,-2.807858659041516,1.1982021724885705,1.8539609211336552,1.5059201920444265,-1.5123119092355626
-4.198350189146031,-1.796788826323104,0.5315595050775221,1.2202439364277917,-4.729215895684323,-2.013602043301241,-2.737161675729441,1.51190397342381,-0.9942106077369898,1.6411571885751615,-3.694717979021284,-2.1234847908163794,-0.19616788351687345,-0.23499426103243198,2.3717130735053416,-0.5771028026798686,-1.3987891721590084,-4.8313801717231595,2.025320448049271,-0.09507867203038901,-1.2810595987305953,0.2355016613234475
-0.23111192048996843,-3.9069038888074603,-3.875235299821391,1.0456532658832693,-0.6535113061442929,-0.8437872520680029,-2.6600769250024245,1.662563349958855,0.15342038760621457,-1.7204039769291701,-0.5493867690087236,-4.905031997379325,-1.2949844154989147,2.200559803826387,2.3490890082938467,-1.5056154874195793,-2.7472214703948916,-1.0309281190940098,2.1127082712000522,-0.6465189932260637,-2.4645720884847204,-3.2537308159865748
-4.806584868665253,-1.9889246168880346,-1.8543511499124166,-2.9970493699750853,0.20618908955512208,-0.5647585416755312,1.517810389156756,-0.18624323023438805,-1.0150500802429459,-3.1057528145251383,-4.560880397344575,0.3339949962562784,0.85044688516449,0.6431189486366451,-0.25492560947894094,-4.0470499342933355,-0.7699543350076694,-0.5104338089526373,-0.4097114697365672,-1.518879418444734,0.9204074799665618,-2.274231496659303
1.9569420999773839,-1.3636588422110285,1.2315456611492783,1.7273347614728154,-2.1801393573939776,-5.434047393348297,-2.2604565400994234,-2.860166573079247,-0.0779323500530068,-1.502302502918307,-1.600012303192874,-3.9547350738126856,1.3421793530081596,-3.9456474609213275,0.11225190540813099,-0.8952200238684493,-1.0425626100022596,2.0759361481513294,-2.91500711114294,-0.4191049062371915,-1.3527720426710275,-1.6358242872711009
-0.49327200852827563,-2.2854914590536026,-0.12416163749470695,-0.8216628108015833,-2.08193141831923,1.173148093050431,1.0521790146760375,-0.22057307394535663,-1.0613813625593356,-3.9951531954481765,-2.8889319498518513,1.498382944101776,-0.6672481974929599,-1.8808095222159515,-0.5225313645342381,-1.4514832934893491,-2.3572453007448413,-5.5496459798210775,-0.8674944814501175,-1.3170795379735876,-2.133897421421237,-0.4209665727837172
-0.8227549865149579,-4.105473476664413,2.4133763695425445,-1.3577655551927914,1.0679206531507255,-4.171950252723227,-2.499359163411402,1.9637959305226171,-0.9645007879030257,0.837682666514924,2.7092134460928072,-0.3407134358456579,2.0337025535730358,-2.0852252609421136,-0.27158529915605956,-0.09255934904995584,0.863316112485404,-1.2484568864554495,-3.4973516971494143,-0.16258353622588947,1.551345685545054,1.42184108059549
-0.9901721869499054,-0.6318465907593152,-1.0733360774369194,-5.263002601761153,-1.6265673928777886,-0.5201922744375659,1.9860564032180665,-3.291518897218592,-5.083598631187536,0.731047478384399,0.5653016180984582,-1.7619448252149166,-1.8224692244026754,0.6675469596612681,-2.637479445017327,0.3954275675363046,0.8139146917294812,2.180131898707717,-2.1665466806465856,-1.7217290737742128,-0.6065008888340396,0.11161839218501668
0.09200240900869724,0.9509791513642849,-3.3583465261255143,-1.081592395550459,1.4955944812464301,1.8456754641410937,0.9347180695272581,-1.4963011107932447,-2.8518544265962666,-2.7292004860040473,-2.8089139590693013,0.7530834924101388,-1.6160778811681742,-4.346970548165492,-1.8696917069127665,0.29396395885734833,-5.088052085861737,-0.7042779814680624,-1.5044278640433308,-0.28862773303105893,-0.5295596510517431,1.4708372234017193
-1.4141305909021442,-2.4766556150949337,-0.07335652410697945,-0.608766019628253,-1.5214601445770386,1.8479575147157186,0.17970025534301992,2.187296938834843,-1.4279277837300786,0.8290086325044731,-0.3377822680900419,-1.7011932736425244,1.6957099644188651,2.1802219699614023,-0.7408753113460788,-2.3915091131311312,-3.87905147355743,-4.167945347725859,-0.6722379424861968,-2.1003773473375866,-1.3953740515781226,-0.671554761925077
-1.3800407432318273,-3.8539264346521325,-2.2432501332915105,-2.3496668780222203,-3.512933781199405,0.6189377976654311,0.9349412863714123,-4.912094229909715,1.734192778629162,-1.9943947667659097,1.2496294277704447,1.3650751446534004,-1.084150050902476,-4.561770905536992,-2.8020463315101516,1.1177275079503932,2.509541461710294,-0.5244668747779526,-0.5174072174041994,1.4890808362967154,0.8472751313563358,-0.9760113105661193
-4.723260425658405,-0.7285036657762965,-5.702823055836619,-4.620261053361838,-4.799511331479464,0.8817305415149174,-2.4497537865237655,-1.4775022509551168,-4.2213513826979945,-2.858708611314435,-2.0413929739466923,2.123061235853073,1.8715944740686246,-2.230802871803129,0.4217588167021913,-1.0153772256783171,-0.21115184749163227,-4.057616940501791,-3.0677002940928473,0.10175520120806691,-1.0163678902110975,2.223764204503404
-1.1507035566078163,1.801815596843538,-2.821156177398639,0.8933748153576911,-6.3795719910320035,-3.7856116060548097,1.2370199974061336,-1.2359338062754188,-0.4095338747853435,-3.6664439110665272,-4.772097796618758,-0.31559170438355694,1.4200257759171606,-5.755791909240752,-5.5521521903421736,1.2185515637782998,-4.516983690195464,1.6918044842251332,-1.3236769771388652,-1.2672123008931357,0.7178230112061512,1.4148140698999054
