script/wind10m.json
{"header": {"parameterCategory": 2, "parameterNumber": 3, "lo1": 3.000054539987559, "la1": 64.9999836372058, "dx": 0.5, "dy": 0.25, "nx": 34, "ny": 52, "refTime": "2025-07-23T21:00:00.000Z"}, "data":
[rows 24 to 47 of 52, columns 0 to 33 of 34]
-8.451612739634978,-8.648694054036218,-9.393007810743283,-9.142124511290714,-9.18489653943734,-6.287290887746748,0.04996069870514057,-2.2246225956567094,0.5915709771923469,-0.020772118683032435,-1.4543966082366715,-0.8504771219536609,-0.5173589528273859,-0.49044260582991944,-2.8476473923447694,-6.017550221786798,-2.9329430853191005,-1.1966610739759562,-1.6296921648394254,-1.7452449035474065,-5.174262833223209,-5.05121636609283,-2.0053338969783,-1.3944410295818368,-1.4912912533399303,-2.000990369741657,1.366149012892599,-0.6973288669343793,-0.300053743087181,0.2665552441349676,-0.9787280506768093,-1.9429797611350572,-1.704094931040407,-1.6036379439295216
-8.517069360035244,-8.476960277853378,-9.042901674775768,-9.507738803940532,-9.962637713785893,-7.3245238785071445,-1.1259415877354924,-2.3032746381499583,-0.6344510081927508,-0.8431984821909607,-0.7592745787815042,-1.366572618100473,-1.220150425923154,-5.087419032474964,-0.7498941396473696,-4.256029566567348,-5.132843272451621,-1.6893540540194372,-1.7425964945267782,-2.71961025979837,-6.298471258653341,-5.583391667837984,-1.6527231907261746,-1.2494515239164297,-0.3001565054390525,0.09300802487777053,0.30433327219341616,0.25287934034364123,-0.1555003793523621,-1.2909781789303456,-3.4574154808117474,-3.2972197738764604,-2.386026137386097,-1.967154417051195
-8.40571682748716,-8.871785746057972,-9.912925623357555,-10.176771474412364,-9.809458894193362,-8.997566828950264,-1.2864000570207053,2.2408789583722593,0.3472913561535806,-0.7530240085697094,-1.8382156104431484,-2.410906093881172,-5.979122300758617,-3.3257188844236776,-3.540279576063424,-7.858010114370808,-2.85953821763764,-1.1231687112798598,-1.325734726297519,-5.847201588328192,-2.2601558651828815,-1.466879913571572,-1.8117444746384834,-3.866432598380692,-1.8483953237345057,-1.023822161565449,-1.0032586042358271,-0.47056349820301896,-2.097908926408121,-3.4986013351624945,-2.7339735007507,-2.2761621685684172,-2.3697654923395146,-2.0955924429370207
-7.917179039121615,-7.84485060805868,-7.973335874588129,-8.97953230093343,-9.080227693054061,-9.396539358403897,-7.128110976718599,0.40561288143907176,-0.9293344406756506,-0.18463087275955897,-2.5507400835846177,-3.4102589205545937,-6.455504470515598,-6.380720275358807,-4.167892110078408,-6.418118836351634,-4.914176447775044,-1.4558948918462493,-1.4127727136907067,-1.676821120174094,-2.6764283126208355,-1.3676620598799942,-1.0350214913757365,-2.6201562188668475,-1.0257021227679382,-0.8848138304106002,-0.7790090368637507,-0.7160804478873252,-2.4739158442366898,-1.668676929247789,-1.106559743473831,-1.9477788410604067,-2.011935014949059,-2.264547738143623
-8.820183616316465,-8.221421901594294,-8.437334857852841,-8.73449740322739,-9.092358539466995,-8.878520711798545,-8.211596313310928,-4.348668469917985,-3.9605971158261712,-3.388596486319132,-7.061606951226596,-7.129601816884462,-5.469590121439653,-3.1991276240172057,-2.2923852783982337,-4.4005824857402365,-2.2554690809859155,-2.4314197847466823,-1.645724275395126,-1.3903654572110133,-1.3194527396686526,-1.605961863269367,-1.346655974434221,-1.583080039049694,-1.1407177562132478,-0.6507546781538133,-0.834812535627424,-1.0900278544482012,-2.836344976550807,-2.731638880586242,-2.2902798364893546,-2.057736631927925,-1.8455791888858322,-1.1842532914240305
-9.275358190836515,-9.124165249824829,-8.859979722437906,-8.116682168019416,-8.219988901087106,-8.359137899676929,-8.430882894767404,-7.391734164691659,-8.49770197893515,-7.01914299585284,-7.306523432393095,-4.968153061413252,-5.304026543273612,-2.875071784796983,-1.433839538682042,-1.5530272366002023,-3.221282744339165,-3.4359204161961396,-2.1299225686906245,-1.8274920624987783,-1.7617450938188144,-1.527875316536734,-1.6458221836303653,-1.510403749031524,-1.0220278733831758,-1.2736028065413338,-1.3530903185585539,-1.3348725014662641,-3.922189252463526,-2.6585688908595677,-2.5716055183561815,-0.9085469255637632,-1.5534229475021204,-0.7596434876795769
-9.783341233800583,-9.285754892218327,-8.698372018248728,-8.29188546225458,-8.400354892234,-8.073771955955246,-7.7441824859362915,-6.794174367850661,-7.1703370169674985,-5.619406957842379,-6.021938981141493,-6.485549048257265,-5.130943326188706,-1.0387503034463061,-0.898128946253102,-1.0734771288696359,-3.5128204685614928,-4.832756222838499,-1.167085553442783,-1.8682713371020578,-1.6291217943240146,-1.2660689203664306,-1.5679981917130033,-1.1534150428593841,-1.5638143546664125,-1.7531438664457508,-1.5985006290126962,-1.5344601513000373,-2.5673347837167197,-1.2486423368265382,-1.409277140974903,-0.9491797713764435,-0.35074936601704765,0.25689695277328756
-10.060603576414398,-9.823327048515422,-10.72937332389298,-10.228295998146494,-8.154268027208992,-8.546396693906578,-7.356925315799835,-9.059647942129088,-5.565548770651723,-6.207874049240874,-6.390442724394558,-6.571695964568641,-5.017156923683863,-2.067786944084804,-0.8786220930639062,-1.68510251199603,-1.831997787348822,-4.610706326363195,-4.367181131643744,-1.739105481094385,-1.7563989661301884,-1.6245072726829939,-1.2031437545783974,-1.3306950660406507,-1.1517195150275215,-1.673439557412658,-1.8664401631931178,-3.345596044396183,-0.29473396104809796,0.7233725990975188,3.24877424243553,0.7235956754559956,1.9189438143685675,1.4554973977682404
-9.578611324542855,-10.695109242826533,-9.355789017194041,-9.154885923016538,-10.519722639963216,-9.889904762311044,-7.951804984524218,-5.867546270395047,-6.481495456230733,-6.589353435520931,-7.14082280619066,-2.7571634075855025,-3.6436619478129146,-1.4159704483549576,-1.8308876191764922,-3.8328323962716593,-4.623214865404181,-4.344589014278593,-3.971017657701094,-1.7501116950042175,-1.7126006865007901,-1.723192899206866,-1.7225801643102154,-1.4659531919489301,-1.3362678980811113,-1.4617697010058244,-1.016875038089502,0.1695183740260917,1.9086737316064097,1.871820895573262,2.066847479536153,1.873645819189304,2.658466206946637,1.9533718209639706
-9.066081516404312,-8.159922987815698,-7.558885296907305,-7.740413245014907,-5.903586467931728,-4.946451557477207,-6.542118513140726,-6.483904802146658,-6.812434312302879,-7.269439596710747,-7.641218676188657,-4.769953982699353,-2.4189432284823975,-1.9329980736690984,-2.116199454557467,-4.190258576321062,-4.368143424183108,-4.56427042632976,-3.768384757469442,-3.512322046778869,-0.8009116965708628,-0.8054301732481868,-1.1471837781835994,-0.889487755778132,0.4132279734286009,0.14940220870788476,-0.4139775474568049,1.9200622499462474,2.7911006606869635,3.066959900329331,2.7819517922125967,2.4565138502125548,2.6238962813972124,2.971747382231769
-9.984925458606948,-9.285915091055246,-8.266777496345101,-6.196990646501599,-4.8660121065293325,-5.519507535445389,-6.296677884434185,-6.688513579372561,-6.542110999216454,-7.425045796104755,-8.385616488937366,-2.949442893143072,-2.057480783568392,-1.5485241516767871,-2.2151611360523944,-2.4949387343599727,-4.2832420275814185,-3.5294339118061395,-2.1404605380138415,-0.4090797412068228,-0.02166245790739184,0.11834324427091855,0.27549176475059556,-0.07517303605893473,1.1873531990914745,1.0818651961230137,0.9348082594335433,1.565223110059704,2.0738837639223697,2.131425525444173,1.9775120719432178,2.6569795782217995,2.5462038038762906,2.4701723232746566
-9.546754487135,-8.880040508201441,-7.667019307454149,-5.836488710604049,-4.907410372789626,-5.448396942428934,-6.187689207343965,-6.3689092778476235,-6.620508521603987,-7.12042978709504,-6.989983784244097,-1.3267026026467477,-1.6003076933731306,-1.9484493089587678,-2.11333427335457,-2.133218159779945,-5.367271674496014,-0.27350416218022483,-1.0187245162136784,0.000965354279668523,0.21396153548216254,0.1362590211804122,-0.9607053219653218,0.7913695541471291,0.47097375025653254,0.5873785601877386,1.0972060732663171,1.779947043686598,2.93344946183868,3.2703692326312788,2.965886494552356,3.0085442967417966,3.173910680253745,3.4666145591036805
-10.062473690476923,-8.475792864957574,-6.761346609951815,-5.57379470754157,-5.666957226860779,-5.187010341640751,-5.430982293942682,-6.477095819364654,-6.614756652882634,-6.137977912753603,-5.162821321023054,-1.8955746329378516,-0.9807473685704152,-0.9715404155282507,-1.1642994445889607,-0.5178541256514669,0.12548339016314933,-0.1601245647285259,-0.3440515331539588,-0.732553605176964,-1.2580540904468158,-0.7491620879003148,1.208872086699698,1.731165871616926,3.910177413300427,2.033946651156356,2.5336216897236,3.1227896747144657,3.777396268097847,3.3157903506005337,3.210122368530811,3.1382179334648175,3.0023787964128466,2.7403126128381
-9.475565898449362,-7.815098310374365,-6.445951657704388,-5.311184116907315,-5.31983727434162,-5.480738498424158,-5.860798609149631,-5.725600856492576,-6.073849674684404,-3.786348346598022,-6.193592539131365,-3.0001042026456832,-1.9571252887295723,-0.7762034223698658,0.48684419619814306,1.1185912809917105,0.47585871917580164,-0.015474654115076168,-0.12452579589448617,-1.114478324243024,0.06274067622186874,2.1247270247400643,0.7783655368007588,1.7366155346563166,2.043198227883889,2.315966739665213,3.4476608556096346,2.9234671439158255,2.631558587348547,2.81467687352547,2.9951484507116857,3.2004676477856466,3.1638477241311054,3.26695384568412
-8.699181231645513,-7.377474089617341,-6.746539550011813,-5.6960504350710774,-5.137003143991267,-5.299981083016184,-5.172486257199943,-3.6817873833488495,-3.1716258948483125,-1.6896760176389984,-7.259199095167639,-2.3174891411641387,-1.480713410248987,-1.1403894118384608,1.0590793837253207,-0.707588237776726,-1.0825041380714013,0.1144518033308839,-0.7997127950488059,1.738500271825757,1.6883927760461244,0.9128435568509395,0.07698890953184861,-0.23521346459380543,2.269744446312984,2.789859542439906,2.5979421495721318,1.9913544187030567,1.5307368922231424,1.398284612202931,2.8721781002111273,3.0648544955281247,2.161015668965481,2.6788330512774046
-8.893389864423805,-6.052171585355254,-5.851314195875407,-3.942945990057753,-4.392629174181414,-3.954009865443895,-3.5216944636556393,-2.653614542200884,-2.461795530243122,-2.8179984957710897,-2.645501485846266,-2.3895390472196314,0.02851351096930117,0.5636096690597451,-0.46057174420274366,-0.4796952916788434,-0.3212952804252708,-0.9153775432617263,-1.0898421860404526,0.05186584035738369,0.701719186593051,-0.6299580191787861,-0.2141578246904175,-1.6461207366840458,1.3927360140018135,2.0605689095266784,1.4464038782077635,0.20033730526649493,0.05069449396775034,2.4448386747543474,2.704781234440372,1.829067211149202,2.985516220763899,4.091638539752479
-8.45679282527266,-6.35839275291666,-5.460533775758243,-4.431907880158747,-4.01576552925773,-3.5489852498844856,-3.3702930540252236,-2.961684918012729,-2.5501353703735807,-2.025110139911634,-2.6365221653341417,-2.1011598838349963,0.5010877703480872,0.16355112430374188,-0.7209238722599276,-0.9999692016107682,-1.6251314301111093,-3.6488075235101194,0.575747573883557,0.6368682740052354,-0.8510445485219605,-1.0465127762130626,-0.44702224349195746,0.377354748916769,-0.59737387110173,0.7584814731331627,1.5298709242304072,2.6356525904036814,2.1411690409686193,4.316711795353922,3.932688474533746,3.7711839951788937,3.0734566856982624,2.5186733023168104
-6.685917481389016,-6.9130377433703885,-5.871263159304003,-5.235366951129269,-5.0229860047879455,-3.1738773835968956,-3.4757587950097144,-2.9302411256838004,-2.7848033266843744,-2.331269986809137,-2.439535577078394,-1.5669366427101177,-0.0825064334322943,-0.10287077740873399,0.19658874979092228,-2.0367359467042845,-0.4581421534245574,-0.3641383260464826,0.4967705769404668,-1.0316895659782688,-1.4991860918035345,-1.272996138899587,-1.0153300142105313,-0.8870497709740282,-0.3998875221384759,1.039688215927254,1.714922641573995,2.6949212044441198,2.1766951936919146,0.8561418803156129,1.528802243735793,4.3021785230045095,5.339319975786974,4.27538014179166
-7.246460355056663,-6.479753234918792,-5.588333389049512,-5.309234087649927,-4.874610304562108,-4.682948987299839,-4.4636698491199995,-3.278822575265355,-3.160244152258949,-2.741335111660637,-1.6623560726799103,-1.7589886389427896,0.5216220448570998,0.3999469484726584,0.5799950437893023,0.7098597042225532,-0.2966139244796345,-2.3043944892570116,-1.9713590328051933,-0.912592750254475,-2.9947722574021727,-1.6697153731853602,-2.2464912499829026,-2.1471036606551497,-0.7405648202672446,0.41143279569354674,1.6336882724735389,0.1334491969196705,0.9678571789844989,1.2161468725369788,1.9098630176670282,2.1111339040850945,5.9893900366458395,4.879205009312584
-5.830491704348449,-5.169244724411781,-5.406651888589097,-5.431828650168921,-5.376160513419704,-4.3164306811765565,-4.2736271858128365,-3.8085929005805386,-4.220737105004282,-4.255349448615713,-3.312195087651626,-2.247820387540596,-0.29976173735448647,-0.06651099236986126,0.4935301126848815,-0.04009043221259593,0.40482864996641216,-1.033672647675501,-1.4141165922744512,-0.08911960037654873,-1.0788648715035476,-3.0930605608508595,-3.3200712701027686,-2.9636321374877728,-1.9571609478925758,0.13402119668382043,0.38441713905846786,0.674081313255887,0.8591417395919736,1.1627171990428218,1.8966051408341247,1.253699509342566,2.017580892769509,2.9876922592076203
-5.800933759134263,-5.556839270797247,-5.050005924052511,-5.154737426557585,-4.589145496450283,-5.113197592931964,-5.2009960937993425,-4.540185020248937,-4.684379816193429,-4.590286249497925,-4.423383770506555,-3.643414019545523,-1.9333728955237255,-0.08602163713997699,0.6642511547066801,0.2336911788683881,1.0828223791243514,-0.23987383990056274,-0.14303214716210547,-0.07145125077748458,-0.6511568917735873,-2.0353236594046455,-1.9383389171892773,-3.6639786558672345,-1.0030263483306603,-0.9662896960936126,0.9710615921460182,1.1105309669650627,1.5422341660215433,1.6180122898322227,1.8570208403581037,2.5318059028669735,2.9541186928440673,3.041697741234148
-5.015806850223298,-5.0631009560496825,-5.483339626582366,-4.257645357096287,-3.8151575826680837,-3.2909673195594786,-3.6666892524561945,-4.079429047802318,-4.3065356908871975,-3.9743113541999886,-3.820063696210993,-5.379774889194324,-1.4189069946945958,-0.23273063714466707,0.19697408643648132,0.7217658884317928,1.0072673303094422,0.33476933413580323,0.22498053986382271,0.005915525359497635,-0.8876320285579337,-1.2025200046558717,-1.5350778313504438,-3.0089746776507633,-0.5723140092964228,-0.03900503250112878,0.943629500522304,1.583304016126246,1.5519982135062842,2.683160906444347,1.9915637892416203,2.1376409147008735,2.5701775269178784,2.1092762871510113
-4.528564180722071,-5.306652965859374,-3.715025679558442,-3.767524889121768,-3.9981868114887744,-3.7962911597067555,-2.991008245548097,-2.4391251692062346,-2.4272729174672274,-0.8404563297306644,-0.4720604196368158,-0.580465506097393,-1.0130669553633105,-0.9833824292264777,-0.9694506445763044,-0.27737596460261393,-0.14602011996282022,0.741648591559146,-0.3957913156192065,-0.07591894253841543,-0.02077485107332634,-0.6392969886249426,-0.9958736759884426,-0.4631468181587059,-0.910988703699314,0.30556318708809976,1.5240708463948451,2.1234149397906643,2.4100601032372184,4.402371252353927,3.2167920924152256,2.7551047416773216,2.722925276718634,1.6325892800553732
-4.437048695878797,-4.144715979234026,-3.788513231427657,-3.5912147334792244,-1.9747098817976807,-2.437179751615794,0.3109351032192657,0.09562989727855364,-0.23497626548003403,-1.0084241380101295,-0.09424645320855783,-0.18512636050881648,0.3496711717901567,0.3628539754459169,-0.2349975947037566,0.18858303309929028,-0.12945859133953214,-0.5107089908393309,-0.5820594778406571,0.06022050726499549,0.44335375117315784,0.049571880555394125,0.7458290352200864,1.320842536581784,1.5470420021641986,1.8413271177872454,1.4193270864498215,3.2765246625529802,3.5163770031099486,3.2014424007594253,2.539979276238633,3.676582100494191,2.0001362813746217,2.079187636095111
