script/wind50m.json
{"header": {"parameterCategory": 2, "parameterNumber": 3, "lo1": 3.000054539987559, "la1": 64.9999836372058, "dx": 0.5, "dy": 0.25, "nx": 34, "ny": 52, "refTime": "2025-12-24T14:00:00.000Z"}, "data":
[rows 24 to 47 of 52, columns 0 to 33 of 34]
1.4982437779218816,1.4222000656085179,1.7545392120176002,-0.08644171777359393,-1.4184327701012922,-2.084395904122667,0.06767309750820996,-2.681591131663569,-1.9074582281507544,-1.3329687621114197,-2.5827545448040365,-0.9621309469462587,-0.6784781762767067,-1.2367445718284444,-2.01496000887992,-3.4913351649538913,-2.6934897567477964,-1.9302249210972557,-3.080876308843746,-2.80710245528341,-2.7834087235360316,-4.663795340352807,-2.709577065906326,-1.4171634908818613,-1.2006326538034526,-1.2142719123593406,-1.5120342961498483,-1.5424825761532674,-1.5930686047767677,-1.86302597229734,-1.8335294806138314,-3.0533473851470037,-3.999610682782487,-4.027992360923625
1.2549174067652742,1.1252472483547142,0.682044285857118,-1.2866857661086157,-2.7867206255516237,-1.6689355405218818,-2.5538342443488355,-2.890406732746636,-2.089819372858475,-2.058658843332595,-3.21114554147814,-1.6616166298545623,-3.0133618755494136,-2.422866855104186,-3.84527664736167,-3.3877800507289595,-3.8934307398664596,-2.8019019652185846,-2.633009335300033,-2.2890894238320665,-3.173064364405741,-3.219244365672517,-0.9880910937660053,-2.8106765781167247,-2.2612023356105757,-1.7590813903571854,-1.6436627982746734,-1.8198096805982795,-2.310098712574321,-2.0780625782064073,-3.5672832032632082,-4.179890135123961,-4.474611520302397,-4.211445727818368
1.3156812340739732,0.440269319562737,-0.44558564379727983,-2.1903304946372577,-3.592084842481248,-4.948603338669159,-3.8414547174545657,-0.16533601313921786,-0.599588617662145,-2.1314488667182157,-2.2426694207862603,-2.277680023777298,-2.725678107722794,-2.981986053928245,-3.5300418932497064,-3.9604383456567978,-4.453764808207209,-2.3055005532613757,-1.5679226619716,-1.0379291550362206,-0.5852893210874794,0.6935465559911952,-1.7571354002590416,-1.9367383601912949,-3.1242644104186197,-1.6479143057595236,-1.3981996906918597,-1.5056162185840654,-1.8969545882553085,-3.775571492502276,-4.317316320001542,-4.567470211034424,-3.9565591433020324,-3.3682107218465998
1.0034506320112209,-0.28807542193914304,-1.5112180226844825,-2.665280902498812,-4.13321341019815,-6.267886288287054,-4.256755653280551,-2.4094900644855524,-0.8671024200582592,-2.6250052553043193,-2.1472387030877464,-3.52520523845591,-2.5427963846393355,-3.0823259671515912,-3.801470182124888,-3.9892370273055926,-3.9883893632296266,-1.9234133976461343,-0.42817298987272895,-0.56842829681014,-0.7765022244147618,-0.9805706401325217,-0.3814720059831382,-1.9066089984644885,-1.3237980999843424,-1.397980597084245,-1.6703955585800885,-2.0108624752925013,-2.6946628267171087,-4.588887426931089,-4.632063434471764,-3.920664098325676,-3.27599488097008,-3.400083243281083
0.4022898208883329,-1.0823524357142533,-2.3188882166367293,-3.302819688339552,-4.766949668075228,-6.330398748150952,-6.421931729377337,-1.4510695190078264,-0.3213124882806255,-1.5766174750253794,-3.024686785933323,-1.9537997420604325,-3.225035966236508,-1.8800979558635638,-2.948763851712088,-3.285219926929763,-4.237671332950718,0.9774316732870217,-0.2353625405602321,-0.7980361515079235,-1.1205780655614959,-1.1940198016800485,-2.0529795887200373,-1.6981197485202022,-1.3352413708894701,-1.5459278899765068,-1.5409528022117776,-1.4050763066454066,-2.7023029533048115,-3.4736256725911816,-3.4866518806398625,-3.231719525242568,-3.187231166644002,-3.639871256300799
-0.411742821132778,-1.3399939264499903,-2.828038474589378,-2.913858485578702,-4.714980931112097,-5.612217225633136,-5.247108138361672,-5.013900285240642,-2.683652569399998,-2.5340295993916993,-1.4172453469699258,-3.544082575998011,-0.2950024224382715,-1.608339509653724,-2.965323861026976,-3.9556913137101506,-4.052044596048841,0.09212337185152684,0.05062029580488514,-0.8773567848168661,-1.633233085355615,-1.4278658847391592,-0.6694572209219337,-0.4027861518636637,-1.2398341805780102,-0.9207889554284685,-0.8591820324229051,-0.7643468639795206,-2.5190734507706027,-2.6781678467359717,-3.2320763022645624,-2.2180833640403828,-0.6337739016952579,-2.415515938008251
-0.9714308820552432,-1.7420835232443082,-1.6481271060671843,-2.4539380073250725,-3.336734193865163,-4.921688557723632,-4.963074494475699,-4.819606388307594,-2.771522085838683,-1.7250367538566076,-1.1595320013945603,-0.8262250162049161,-1.4923041558222332,-2.601154429398312,1.5254139371143678,0.12898691343760696,-1.5364267791707729,-0.5294730958942326,-0.21471173702613597,-0.5710195672267762,-0.8017740361799003,-0.9053332079704186,-0.7122369509695381,-1.0414000699072794,-0.6639436113646816,-0.5948880627676147,-0.5132530794712353,-0.24841968640517229,-1.7403007797164671,-2.7365768181970274,-2.8142276384528198,-0.13571478240397136,-1.5656133928910685,-2.4453947714400175
-0.8446915679517487,-1.5970174743670074,-2.195683520810808,-2.589909755085253,-2.8372949172692032,-3.741639542207735,-4.372704129536547,-3.7598387930579604,-2.7746118282691095,-2.082884451488495,-2.010752461342391,-2.5771183206259503,1.1218584819052368,1.0797767421996771,0.07935711833425745,-2.3920656514458853,-0.5607467447932314,-2.1602330985089253,-2.0109431054581512,-1.1782635053869912,-1.1623051955158175,-1.2359016565407643,-0.5884138042245919,-0.5455471665140792,-0.43407591020701874,-0.5948925475801133,-0.4676056499853197,-0.2579145815341525,-1.036805964922699,-1.5767825432696345,-2.5890495441866235,-0.34423043956512916,-1.9923137219146196,-2.272539526663208
-1.2928396474110546,-1.679006778996517,-2.280219237226509,-3.3206710981882077,-2.9398764519319567,-2.827143330066231,-3.5758817550065043,-1.2159308355347276,-1.3555622558624953,-2.0074206341989345,-1.684285713092252,1.319124559037838,1.2195212313165686,1.2730501449711984,-1.216214238170261,-3.57717649353458,-3.577240828866554,-3.393991303407913,-4.027760358552874,-1.8364670919736987,-1.525532490193178,-1.4873298893672804,-2.051932061080703,-1.6670105817819734,-1.5175419999762332,-0.8607328427560215,-0.18456433261079352,-0.2817213113937133,-0.9536277171413704,-2.1388136756576865,-2.1050153801638243,-2.5937620343051733,-3.007849902606348,-3.0546748094583207
-1.638753487891443,-2.096396450171837,-2.147936714011444,-2.4676319205280977,-2.8086531286479746,-2.3683108537052115,-2.0110700540609514,-1.7425145760743275,-2.771758991635533,-1.8705629007068167,-0.5936970722053488,0.7949502060784075,-0.17364220983571285,-1.4062795391276766,-2.9302873322737075,-3.99023020222441,-3.8030461206780704,-2.99832091572869,-3.9238457412346195,-3.7824872728652923,-1.6395392170890777,-1.6854961895069893,-1.4334913199818526,-1.3290476837888616,-1.1650624661971862,-0.9224162910758535,-0.5998707019901479,-0.6982673566994556,-2.21215745952424,-3.397574199297487,-3.301948899474945,-3.6116651724412385,-3.5079307749427295,-2.516569075668233
-2.470947150735386,-2.7315002445913095,-3.2449489904769653,-3.555087716666245,-3.2142765273118656,-3.4275083491624883,-3.0611077026679796,-2.8787274518301054,-2.961710301153135,-0.5920355419935638,-1.393133239323444,-2.3877259240991062,-2.2827023383326046,-4.065347684590326,-4.3302940627420945,1.3889401943461426,-1.7272473031921463,-2.7282964811317982,-2.954903794551101,-2.685045975116834,-0.7115921524109304,-1.374965533556248,-1.7603956095018052,-1.5593858536054175,-1.523617023318154,-1.313531185617427,-0.8930118236896114,-2.464826382926241,-3.2638248004564487,-3.350370659121168,-4.609432552809633,-4.337944733752438,1.412146884625533,0.8031508208223143
-2.7866840040316214,-2.772052660590022,-2.236527656880527,-2.6960521925977785,-2.9771923045104502,-3.394098579042789,-3.5401886401003106,-3.206662252286522,-2.5788253449256198,-2.533463762889278,-2.886466845987831,-2.694423317737457,-2.041968504117904,-2.4438626899063407,-2.1721895817239774,-0.7837700346032437,-2.437021058018478,-2.1664050321098367,-2.5178218741760725,-1.8081705402988568,-1.367987974009992,-1.0522921264290626,-1.1696078563478733,-1.1228553130545422,-1.57055839207868,-1.6824260098420798,-1.7247179430957387,-3.2824920471146526,-3.7341123604234916,-4.016141183870018,0.8825146916217836,0.9452200654548447,1.515589155846618,1.003187819919355
-2.959407320312183,-3.5565324912420215,-3.382493468334543,-3.036661747224568,-3.48313022371807,-3.4130227897747307,-3.545125416047661,-3.292325152811505,-3.2011843248405594,-3.389149708563548,-3.6060535404001954,-3.092983241717552,-2.1642885237000393,-2.191480587431085,-2.4452306353250988,-2.47434176423224,-2.8684791411343538,-2.552028936756484,-0.6959361721946282,-1.7233638450445423,-1.9549413798508775,-1.4902626035868067,-1.8576229461090583,-2.0050239797361145,-2.17081116113205,-2.3236816823488584,-2.4178694682740574,-3.1926907336772077,-3.585829252073779,-0.11149182349611989,0.2229855186589139,0.8815067476218543,1.4907017458157181,1.4880485157082903
-3.24394133199463,-3.8037383433479617,-3.471005156879986,-3.5679620390156774,-2.9658241136841292,-3.35505528969025,-3.4181816918254904,-3.1403542102648223,-3.2965398912976984,-3.325660744173475,-3.3342150217639137,-3.163838263786514,-2.2623801333608875,-2.7175422372094205,-1.8848371268710378,-1.786816109740973,-2.3460416640827337,-2.1055336749749376,-3.3119785509331825,-2.9944477729054704,-3.0883745207952087,-3.1467396003502492,-2.1693842116621176,-3.26786797409064,-2.5955833623739126,-2.127648487254816,-0.7647436055715948,-1.158112570536062,-1.0815112669105884,-0.18790799783568715,0.8937490382362843,1.0834944160798083,0.5060714250507619,0.2976923467095652
-4.255375929500276,-3.834456837804368,-3.4236741940354967,-3.444293111198205,-3.0390839664685942,-2.9925187700220945,-3.0250679236779883,-3.0998831868491603,-3.3087334785920914,-3.8912738702187784,-3.8446864892291672,-3.17579807185504,-1.9606838506386077,-0.08349419385376618,-0.9429298580023118,-2.299438033589443,-2.634140423788281,-3.065162301013628,-3.97032536621696,-4.410742630031632,-3.69048438621575,-3.398583324765195,-4.748819497939501,-2.9594330502759596,-1.0381051136143313,-1.1082243746985487,-1.2135485749003059,-1.0833418314447687,-0.8059589847743809,-0.8197815345431482,-1.0898395678942472,-1.1252226059236226,-0.662689100339929,0.4932450035505152
-3.9232496938097943,-3.8444402793178685,-3.5077604383919896,-3.5062419413594523,-3.0624853259783027,-3.0111819814681615,-3.2303141821589487,-3.4310939559655087,-3.5300077108227503,-3.2458286855752108,-2.677396033627235,-2.6205431884143957,-1.8509743355383577,-2.3286173132822054,-2.2244590235591235,-2.533224545032675,-4.63729826788139,-4.499825138590335,-3.6434997206002935,-3.9456945493250974,-4.506058326756488,-5.050308349116611,-1.585552092697874,-1.4904635840546878,-1.222710801984593,-1.3555319615706738,-1.1882968025451404,-1.0310948072583246,-0.9835047274192312,-1.1787737601438781,-1.1719962808907158,-0.9088069896693027,-0.26436054335065295,0.3732416964768822
-4.243001027236862,-4.239045279994723,-3.5803180738046243,-3.652160611156829,-3.8396481668056617,-3.6077142256519585,-3.5951772296346265,-3.4895537217620314,-2.882773495222663,-2.7382023914606215,-3.052911668966068,-3.5398686027940545,-3.221097093267245,-2.6980230894559996,-3.812218898799964,-3.3094550817798516,-5.838269887306968,-6.931804305612962,-2.7935006318881452,-3.1543198690124052,-0.6794055707702537,-0.7177655857153861,-1.3304732565398254,-1.526666942099101,-1.1316993369746995,-1.205027684906291,-1.0811884456371141,-0.7740295694767279,-1.101235127770599,-0.8734852835249026,-0.5597576867534457,1.0971146750863863,0.7083335267256047,1.0855419340451395
-4.719155876841636,-4.52987486208377,-4.09646748590222,-4.048713626449231,-3.902977527405514,-4.096296084047485,-3.370010480301955,-2.766658462386746,-2.3651248027029856,-2.5491874720393515,-3.5078977001273426,-3.0466821804064095,-3.3214727956526655,-3.384564599388326,-3.5943107830916854,-4.482810124262209,-5.719536135230966,-4.475515958777823,-2.1730421939123805,-1.927013661557724,-1.602873223130423,-0.6099181412922451,0.9520244124642757,1.133821819520488,1.279608107630543,0.9203204841379723,1.2269331425795145,2.0451627628465,2.119843871892343,1.3884215635040495,0.8649185266971722,-0.14655645281069257,0.11720452663672372,0.691111444392701
-4.9013397591068895,-4.568552961784307,-4.638328318125651,-4.185211390496907,-4.486413006893911,-3.496867350603081,-2.8099319456662686,-2.924529981414047,-2.5848907217368104,-2.8960620378829867,-3.562939884162676,-4.3689188646554475,-3.7874116338173907,-3.7434241071491106,-4.524426516153716,-6.247294266731466,-5.309081354239702,-3.086154862688132,0.9847674094215796,1.5593037818793978,1.1135108443265072,0.68578431182047,0.6694919069374511,0.4154161890592096,-0.19560446124201028,0.31679577925500424,0.8767418312783276,0.5072326367589645,0.572353454811924,-0.282886166710562,-0.7172298088349366,-0.41035797006020935,-0.1631658567932115,0.3907839905654592
-4.763669757259549,-4.832735984355762,-4.752903340967958,-4.286099273786425,-4.293807230477743,-3.242301591323066,-3.179004464648039,-3.1480581366518945,-3.444760743752742,-3.6509208933938413,-4.2607903811290395,-4.006514438899023,-3.4036818099414066,-3.0112893625563517,-2.830116407282365,-1.3571042787618228,-0.3209949926386747,-0.4554005319221915,-0.29560417393118904,-0.17058970313043642,0.6906305983269228,1.0836036463251593,0.7086105730493275,0.4962349037689924,0.5251333051412631,0.9651523059967558,0.970277266551772,0.5892769260333751,0.2894289918196302,-0.3042160380580151,-0.5569624492954723,0.5744892425209209,-0.005235071608873951,0.014974054122663092
-5.054176082556083,-4.781445216660711,-4.7952435901643256,-5.221173435893727,-3.9919799301385117,-3.5707866604436265,-3.739059991106019,-3.985099600002793,-3.330496227412668,-3.715046709462668,-3.8248883534260756,-3.9620460856453135,-2.723415979012029,-2.4639126874192656,-1.9668509867239847,-1.8544950657152353,-1.577590000917049,-1.0155834870091738,-1.064767808725617,-0.7535846361977069,-0.04210666066760798,-0.28470211361715037,-0.014947244352328252,0.6187793208338364,0.17337133728168502,-0.22598200389854017,-0.23030782884996928,-0.06352727596213482,-0.36264778083040694,-0.5533771745131829,-0.4990283578929465,-0.6206798123048879,-0.6231962049920858,-0.9311422476238189
-4.328740340122723,-5.316067420924292,-5.401148418782908,-4.767043937398074,-4.129106298561219,-4.136958860226222,-4.44219284429207,-4.102605065051067,-3.956701291635678,-3.4820881077375736,-3.8604584182566106,-3.3036620180474334,-2.9459533047115647,-2.740767408133874,-2.3172271707806886,-2.3494859252733056,-2.5760349860975595,-2.4317395024865696,-2.4694114820812247,-1.9744035364028498,-1.7767639902417225,-1.4719141513199638,-1.3642611539848346,-1.4225117355431351,-0.8698261692590603,-0.6912794802638048,-0.5463149234053286,0.1295482292615971,-0.9570914295308374,-0.5912840627024313,-1.100526695737756,-1.5664465139999189,-1.7637938921817913,-1.9115542667122496
-5.373985192121922,-5.298764138132859,-4.976158193029138,-4.905042426048689,-4.7205295970497785,-4.752233843785543,-4.753974024571953,-4.61314410613674,-3.2860011980454797,-3.3999760293508587,-3.707659799611666,-3.727588185520264,-3.8600065219268958,-3.178283641951418,-2.741605860198195,-2.9107087890366814,-3.011716422965882,-2.709392319531178,-2.7585532982925836,-2.358070646662108,-2.3200643827284857,-1.7583341271034483,-1.513275473447562,-1.6050751053843764,-1.5607598889421932,-1.0030960794272183,-0.835208606494984,-0.35166829352457835,-1.1227439030772737,-1.5669724831490892,-1.3719063842905939,-1.586586341983596,-1.57865962847287,-1.436865580234656
-5.801784389890357,-5.255823766665671,-5.538203563241114,-4.624524226955414,-5.146566101979622,-2.7705454941240175,-3.765750798895321,-4.307612861566174,-4.398427261242375,-4.400883907027547,-4.5328971738041615,-4.4264421395368,-4.321267231502004,-3.605386532059969,-3.1718685911434497,-2.9722382302409653,-2.445166941573545,-2.262478522846236,-2.87289843654515,-2.2968895766978443,-1.8607231803361832,-2.036719711265243,-2.517316421607079,-1.5695355301540945,-1.1433349068424923,-1.0616224967614136,-1.2327264696168856,-1.2946235564458954,-1.515700536806761,-1.9098621416654802,-1.8379976072003976,-2.2314554030310534,-1.6492955758489418,-1.5681318177914227
