script/wind100m.json
{"header": {"parameterCategory": 2, "parameterNumber": 2, "lo1": 3.000054539987559, "la1": 64.9999836372058, "dx": 0.5, "dy": 0.25, "nx": 34, "ny": 52, "refTime": "2026-04-09T00:00:00.000Z"}, "data":
[rows 0 to 23 of 52, columns 0 to 33 of 34]
4.240706554233244,4.861142831348999,4.478517988951519,5.34861905439854,5.187410477253381,5.378395175873586,5.574104317290669,4.132769976979359,0.9653531769464984,-2.3518151592975403,-4.341634725352943,-5.057444682106317,-4.459158195489486,-4.928150920687614,-3.903282975022135,-1.5840767512410905,-1.7645712456427747,-3.1511865894258637,-4.476614842609927,-4.359854805585221,-3.8660255254508553,-0.27122602290112424,-7.423703634338149,-3.713208607452302,-1.0749868130393812,0.4916679061626607,-0.3987923527571998,0.19946234937064253,0.8145065358315312,0.03578954264943974,-2.1198680484764054,-1.7735302602364027,-0.1860906868307663,0.7963007102937895
4.061503120984914,4.448756934165407,4.803631562179625,5.761555348667251,6.017772456567089,6.474432611373261,5.721808073847408,4.500265396188157,2.4247758264127097,-1.4857587236710466,-0.38739565942990944,-3.449537236416049,-3.965443838162111,-2.136832369357895,-3.0622944939052483,-1.3045431372043903,-2.9272032986489163,-3.109084650714886,-4.245482991087347,-1.4204177957884039,-9.939473553508048,-5.625216611840482,-3.1845660987068487,-4.976638721363388,-3.0351241756046163,-1.8049274943918348,-0.5716488831068443,-2.253424592383459,-1.2956356207330977,2.3057238803807456,0.5793227776474655,-0.8492921631137047,-0.5338791269127741,0.9180848018474534
3.873726952288098,4.358127613434283,5.23965110911469,6.212472655319156,6.517192888821411,6.9427979922128165,6.259691481067601,5.33161750976832,4.4681313282136275,-0.49342812528863544,-4.793912644628941,-4.8375268501334885,-4.063653944802563,-1.6693188574063722,-3.106901918660238,-3.422478450145082,-1.5508623228613132,-6.113975149679124,-3.026616784572002,-4.248900418777105,-4.592454667032505,-2.3210301095466064,-10.61531129625076,-4.15056963922878,-3.4223381929928935,-2.452112970454463,-2.4830033285801445,-0.40511129587581185,-1.7083675983492457,-1.5459048539092957,0.9630195818496378,-0.5090497062808763,-0.2637402201662425,-0.43806055372971714
3.7516272074455737,4.2612387412601445,5.29195348210639,6.590012605170147,7.5448578312742764,7.821065376984072,6.6238400163714015,5.348682448757676,0.819379588428392,-2.6259648122327377,-4.945480850520928,-3.5068716981913126,-2.2777828864170675,-2.582810874144946,-4.16182209377062,-2.102005076925971,-4.263024784388253,-4.254013759678028,-4.034766785460265,-2.1567938759215384,-4.995887172457762,-7.587175728983615,-5.754200849734413,-0.5481075644163198,-2.2887290180887714,-4.035152768415646,-1.6228524210817692,-1.429508015202484,-2.987376145094294,-0.5695756761538908,-1.4218227208347738,1.1447664767907781,-0.5953857032783634,-1.7412307907969247
2.806625241195327,3.9212342559664304,5.333286280591728,6.511938943438275,8.069119972525334,8.15965482642806,7.81137897710352,5.0492558762754145,3.566926013220542,-0.9577569403132794,-0.8150477737714528,-2.3776530528831152,-4.729843081672947,-3.606572514873884,-6.82152268978682,-5.2015203168252695,-1.512982939434086,-3.543911903665115,-3.8095395689964016,-2.2299174004467104,-3.57616628663535,-0.2096191723774605,-4.826625359607303,-2.9901587293209873,-1.135875412745449,-2.7089802123854096,-4.009617658664058,-3.4418994952398547,-1.5100341648102786,-1.481772747286242,-1.624025671406728,-0.46096463686792966,-0.6091163878439321,-2.647888668330915
2.2164453249021205,3.69691106238385,5.47975112819887,6.932210772075371,7.795553911159581,7.82868099361435,6.411214518389912,4.305920343750644,1.9039060573590934,-0.5583151899732128,-1.3090321361883108,-1.8290636423118802,-2.4827179494586664,-6.513310395387174,-2.707000792237832,-3.097242915555644,-1.2335620481935234,-0.8269430499201572,-2.07394986081149,-7.544931548449609,-7.874915579070076,-6.931010688222115,-1.3808755734504823,-1.8928129815386248,-2.684981352107554,-1.2901404580211586,-3.3567020800551295,-4.312557892814486,-3.3260540480427023,-2.5651120359210116,-2.0870761881990765,-1.7393778048204802,-1.672473003692375,-3.993752365648114
2.1715720796013795,3.138732491381015,5.132710526577553,5.887305101051713,7.391016914002042,7.547348006688235,4.93533336084795,3.2677073217253536,0.8364557603925956,-0.806358159919704,-0.1557822722326324,0.27676857877861,-2.6424565683596883,-3.383178929258045,-4.286474789857986,-2.011001046809278,-1.3703351794544636,-4.5080286654812145,-0.4345947458177446,-3.957045745323628,-4.647044750543854,-3.142157833887248,-4.736471126252239,-3.5128122352932922,-1.7567073647279647,-2.6341479060901802,0.10010710723875324,-3.3831187655367887,-2.3524010073358186,-1.2022819304147816,-3.3125037513645523,-2.18237302495893,-4.503049650168071,-3.283526797400201
1.7264422495970908,2.9759735701023304,4.221058645848342,5.66325546775176,6.81894718364458,6.715591558601856,2.924958843035866,1.447666681676416,0.27414647218518634,-0.8539448828169629,0.08045595682495174,-2.3672508326980055,0.18235926887404952,-0.19469837588916244,-2.073486868874406,-0.8433275935664156,-2.2816593486309107,-2.0612261552101034,1.1977881560996895,3.6349015349291456,-2.3360595032415143,1.6551639875365731,-4.043420926198623,-3.8717430192482456,-1.6180110366784015,-3.9722140368008922,-3.8755719972194984,0.5484159338121837,-2.543279207848528,-2.0757159841369432,-2.7145751164119227,-3.282015009790846,-4.796369504870675,-4.437175439355598
1.1959413021509004,2.105494043309581,3.0015016579118914,4.762208797812929,5.707747104227588,6.339767452286962,2.20901705813218,0.6140986530029665,0.14072715019297016,0.4013654103955023,-2.8664973885051497,-5.536330723619446,-1.45855214148606,-0.6378384658048017,0.6354151767319228,-1.9521021855568432,-4.583133547582606,4.715322317646306,-6.3553239217413315,-3.8464644716687206,4.526451443489815,1.2529213285019971,2.2350166772350506,-3.4283673411727236,-2.9931226086035565,-3.208901796569313,-1.2791416297423153,-1.7157548319246843,-0.2944058694840578,-1.4195396053489113,-4.4419466166286545,-3.4332449757839245,-2.9726857736935552,-3.022959031202317
0.42039138582467533,1.011383249547337,1.8083435682903775,2.694726935656542,5.651831414876718,4.730255672629758,1.803907117048214,0.04650473688237152,-1.9480332066616588,-1.5991670980412842,-1.16965164863866,-0.7597503467581642,1.0238916359172545,3.3406570524959607,-5.384002838229757,1.5298788838545723,2.6113221846442527,-3.5832467625126037,-1.1602485731980665,-0.6354639224350164,2.749393085392419,1.1058161073842867,-1.4719714812853475,-0.5096250784148413,-1.3991846604807254,-2.000605708859498,-1.7689449530563672,-2.195534777142171,-3.303228693246333,-2.1122413495457955,-1.9794788901762719,-2.782849785253723,-4.513231314944864,-4.39054592129564
-0.10554477303434327,-0.07508733398110526,-0.20459372288538885,1.5487711796078285,3.8056659251422706,3.244736030585472,1.2592433532354341,-1.7168682076497237,3.3874733402077433,0.38686626357078263,2.8542438401673556,-6.072769313760487,2.848343960942342,4.6243789098547,8.593350258220482,-2.176071326426083,4.0858008004421515,-0.05705341378768102,-0.7923613892639412,-0.1093933489316955,1.7731305758843494,-2.932801005655001,4.197039820204811,-3.194831744951006,-3.169518595513884,-2.167135981586426,-4.502740130607252,-3.9786526851007054,-2.4396205408674017,-4.112601935103795,-2.828359212675105,-2.6850632570719317,-4.871386275720569,-4.431055038534773
-0.7967046976062002,-1.1802203747001974,-1.798325421112225,-0.1386412606643942,1.653536039475461,-0.005171653040977836,-3.817118742023492,-5.618023492162244,-2.363458916265147,-3.872172221420314,1.3851102254509675,-0.21606166655613349,-3.75816111670521,3.386775075625295,3.164033271763097,-0.32705838753070554,-0.6839986250401482,2.919783942752477,1.6267448242462812,-1.0322678742970521,3.601747420891172,2.3257876842323593,-2.825906482386033,0.4463850766144694,-1.533932196687267,-4.4803292932384755,-2.530764567769076,-1.5456719881516883,-2.0617537250221134,-1.9212387097825618,-2.9610107864663204,-3.459731541255324,-5.45944626789838,-5.024266152080077
-1.3617953177698539,-2.0095657763399166,-2.7802396530854465,-2.6814372327580402,0.7439758148420724,-0.49726809829995156,2.4044758449417136,-0.15561769375091652,-2.730354795407617,-1.5898274451286925,-0.12667276520136592,-3.003200061910328,-1.0621695329188412,1.124063274092944,-2.892785244548211,6.265178436341853,-1.5076830743661727,1.8742147013579677,-0.14140255554379805,-2.287256463164838,-0.18699666190097974,2.377495546185368,1.4294788660518116,-2.1599901810431232,-0.5079976668895066,-3.922528771723645,-1.31222755707734,-2.915954630094104,-0.7108546847728897,-1.7922225947252848,-3.126619659451719,-5.582543822894554,-6.215579142163253,-5.933027023288168
-1.8233422957483214,-2.8665247673974914,-3.6377761211833604,-4.531466426783114,0.11036047820622884,-2.869408002862143,7.994686257444768,0.2951949833899683,-9.445246993709489,3.7952349325055743,4.34880566048009,6.87849269193172,-2.4442559842032545,-4.342302503526923,0.4814573040737116,0.07763369718253971,-0.04510129432691443,0.8363368170985825,1.3654652660681177,1.0858822013022047,-2.688506480799845,-0.23463183872485346,1.2997373104556993,0.5832133652776051,-1.7722040353866013,-0.3273085568331713,-1.4097927770820908,-1.87137368386619,-2.44320674604878,-1.886512804423081,-3.452820609833594,-6.17633744790045,-5.667389491744737,-6.355590105918241
-1.6281484545758949,-3.1911820601085426,-3.6272655341909013,-4.100900003495087,-2.0529187295658704,-4.082592170996453,-1.7913520876353495,-0.562038480261633,-2.4689298700429476,1.73248221813938,-0.9505724046325232,3.2707586083439493,4.353292068121658,3.105009315810572,0.3040593921196514,2.7437493048344117,-0.1616703377142076,-0.09168158167676534,2.3076139156525515,-1.3872049536704814,-1.2202941937354865,-2.936909756872173,-2.1212638616145103,0.03259564123175072,-0.6023285311919984,-4.804469483423486,-3.5813545710329096,-3.0686234224986326,-1.3070650264971984,-2.8724498767380866,-4.130911277192504,-6.405853829352557,-5.996220689607324,-6.356701986370122
-2.541911016765053,-3.036198869839578,-3.9161265769598357,-3.3734058992441156,-2.4071361403981153,-3.1004422567529777,-2.793291773818697,1.425630945163801,-0.44100598186606776,-2.422668404961512,-6.07368687980331,-0.034565064103627335,-2.227095236747759,2.157168188197331,-2.198519780164369,0.3407445362599395,3.688615090039598,-1.6629560591377464,0.8071006476538934,-2.4372431445240896,3.7303765151547976,-2.3062829682791857,-2.8710104591662957,-1.041158435372385,-1.2015741956519443,-1.373199244685735,-5.254527033836615,-1.6688896546036918,-1.7495365272478074,-3.986058446745159,-5.786404846019147,-6.878180937776772,-6.46691282118211,-7.718637028251527
-3.509349579672454,-3.577475310962099,-4.0961750784260165,-4.367177204697234,-3.536801943560322,-2.501211545052059,0.2704249774961004,-0.789906201752624,0.998539854825733,-2.8284550995958826,-1.3289691863823159,6.074706694833066,0.19350597753623264,-3.211229538272521,-1.406047507851422,-5.035715655723448,-0.3047789380116149,-0.35070861724048163,0.7450950167452188,-0.9915812446023647,-0.3105635516192943,1.1429525875715578,-1.5820246742967232,-3.1568086143436864,-3.468608360908801,-2.6149444632775736,-4.74210787315855,-2.4195726048487187,-1.94881569146251,-4.0840615404797225,-6.611661233188322,-6.953445653666812,-6.868097234886718,-7.95435784273987
-3.558651785587475,-4.170534924624969,-4.407002894770777,-4.056648682538317,-2.9170371400551867,-3.836316833125313,-0.030673108268828107,-0.03824700152909035,0.7011323279476647,0.15711302251111098,-0.4236169154552613,3.085187180533822,-0.5843641548011641,2.684718629988986,0.7671697393600774,2.468748372035884,-2.4012102942597124,0.5499788996319089,2.1719966054879256,-2.080818849258932,-2.082095473879611,-1.87409300590075,-2.6844519728679153,-1.1968380643612895,-4.891875704864042,-2.613142776576248,-5.787088337946318,-2.4148860560695726,-2.394782454584419,-2.2986149084425103,-6.864158189748831,-7.163323283937082,-7.204778516237063,-8.775247334474098
-4.067790444727028,-4.941656714032666,-4.67019439847157,-4.426880336504825,-3.2941798250457213,-4.2187147286685525,3.3455131666020326,-5.12431684941998,-8.82677540940531,0.06155754797984568,4.778471415546396,0.32007409485358834,0.975055187775368,-1.994305938055872,-1.689078448674515,0.6487537943313975,0.33389908801336915,0.5942770044956709,0.6149627650258993,-1.7100777045982591,-1.4383388523804872,-1.2007225583944579,-2.3555355619432112,-4.171005478520525,-3.3139063395031454,-2.6298191206398864,-5.62340942314824,-2.5249319218308495,-3.9451542587175705,-2.8916095331167586,-4.233030287334623,-7.550508033665573,-6.838528499110011,-8.036776134714936
-4.560875622586149,-5.378076143831256,-5.4041053084237385,-5.229770951207156,-4.497834786573172,-3.3451373755515292,0.30771092927736815,0.683407467927254,0.21456883887309694,0.49756969847522015,2.560379186595078,4.048455761354317,-2.4649251034095636,8.405581454296794,0.8016777360576965,2.4661670904949475,2.8925908085974257,1.2999371669408555,-1.437082575731718,-0.3539950890858258,-0.9164543220218087,-3.7401791923596575,-5.001688856046936,-4.436180730403231,-3.1752666504603395,-4.39500904137138,-1.5072719130887298,-4.796170545185968,-4.8598669769607366,-5.588114723563349,-4.946574096760482,-5.49420907548209,-7.689423053285435,-7.8644399706378145
-5.436341546240745,-6.019133905272838,-5.921317295425265,-5.847109446315142,-6.144580781216343,-5.729827951733388,-5.443631632734321,-0.6653243223109184,1.5480507401901034,0.001695799631851808,0.5804402112381941,3.1936146330067796,2.7028216402408627,1.600641686040656,1.7477088456597774,1.299072714205712,2.1239981057057036,0.35998591944588026,-0.14328852651948898,-0.9178286891612081,-2.3937901015092473,-1.7971051253576362,-3.7253851147527244,-3.168780840777392,-7.16411968645073,-7.153376783839121,-4.199781663038149,-3.839719106845551,-4.900214120677346,-3.721090642994902,-5.114760164834835,-4.847371009301821,-7.650863400406634,-8.877890793471991
-5.728300637502145,-6.463101836603296,-6.819878725838374,-7.580503047548956,-7.053153916680074,-4.808504889587888,-6.433415588535122,-7.303068183527759,-3.008716066957072,-4.2593378692591655,2.1620666891839373,2.982655889786134,-1.5131151789111392,4.281184957044783,-0.029195901989332848,-0.1757176222473616,1.9798196253122478,-0.23530469884108815,-0.9936610025768197,-2.7523745898378507,-4.008589184202392,-7.690722322928863,-5.508710716245382,-4.98610033521047,-5.184132739993027,-6.350201097109147,-6.126931813719826,-5.187937362997332,-4.58758609261436,-5.242450501200378,-6.380214214989069,-5.685346320867108,-5.622895118543465,-8.622388011214593
-6.4321412660070685,-7.141585210675889,-8.059155725571859,-7.395235709148876,-7.948798661815022,-5.396042960434471,-6.58288800503257,-1.917449921979259,-2.6776978175012593,-2.105814845559314,-1.1657301061335104,-0.8547643568468175,2.691330758021197,2.1002647236359637,3.897227394462316,-0.1141747631178321,1.171041359821178,-2.112678272811981,-3.24588095124615,-2.076132756715891,-5.442472000900007,-7.676424625371736,-8.052570751244012,-7.388145515667535,-4.63989489384204,-6.607859671579152,-5.078048277928866,-4.161191745176083,-4.262600011058296,-6.200629075372248,-4.627906890566538,-5.899627397907833,-5.671741871554274,-8.332348811041006
-6.549558849125797,-7.2534389882740715,-9.603736884429892,-8.793385192197805,-8.99223834857281,-6.564355808746407,-4.764672364732541,-12.27482514218851,-6.051909707494138,-3.343780009142838,0.571122664147476,0.15204517083589247,0.19606467844989547,0.02069730213658789,2.6967917150301624,0.3538847192697017,0.7271145678783171,-2.371331001682395,-3.144602547360188,-3.412550488212579,-4.250877991452555,-8.513489234741932,-8.22325275424605,-7.082831748389733,-4.013850617807841,-5.656603231280794,-5.273192210435119,-4.6815959865395325,-4.519682291797195,-3.6644937693249364,-3.0428583458371317,-5.481394223543358,-5.654699382161697,-8.960642823861175
