script/wind250m.json
{"header": {"parameterCategory": 2, "parameterNumber": 3, "lo1": 3.000054539987559, "la1": 64.9999836372058, "dx": 0.5, "dy": 0.25, "nx": 34, "ny": 52, "refTime": "2026-02-20T20:00:00.000Z"}, "data":
[rows 25 to 49 of 52, columns 0 to 33 of 34]
6.857758695887765,9.975019837171955,11.365540636724383,11.308121752682286,11.548123613322241,13.661945853034217,12.03725099544618,10.746317956017679,11.724859418501744,5.112882880854091,9.989048912072102,7.978610091773873,10.222573650796662,12.970751264091001,12.25194013143937,12.897873000606374,16.110043490319118,11.410255294926086,10.545564210143127,10.329130641636468,11.654699617073183,11.075220932089698,9.777412701015704,9.153939775162286,13.057236443639763,11.802705358548199,14.109268106983825,14.376588524962145,11.131442017465561,13.912720484882636,18.300464283610676,18.571149633556225,17.162725809907368,15.542032434515951
7.372857579350619,8.88397688351764,10.702020444794611,10.163651570926353,10.514613056033236,11.647309108849685,10.291425673566383,7.562814745010246,7.279027768578442,8.886314183358998,11.262287765429054,9.600713125403775,12.86535050736529,15.013774240515081,14.01357232800526,12.937338701849416,15.257907994226496,12.354219004112371,12.16479629235875,10.555607656825753,10.614211817717413,9.761421316670376,10.678174553090807,13.605300725515617,10.061395593360869,11.440741179697154,14.89313609882487,13.95911336273594,14.465549303385366,18.386860783071196,18.96874438870424,19.19970233408442,16.759374917972007,12.751520074045107
7.482327619678714,8.952126200849825,10.369336941686212,9.435503886317608,9.877242430890377,10.829158106909324,10.97630798292445,11.169211301995466,8.631380587245467,8.49371801162824,9.566474283565672,16.460350161671915,17.25402808553675,16.58554881210669,15.191036075904794,13.656094126648913,16.42588143683012,15.159894793357306,13.22224788024927,11.563333434421924,12.413377354748237,11.796179745307612,11.258332096751735,16.272944882037777,11.371743968857158,12.044476243592749,12.511685189794628,12.241098012856236,14.6046390261021,18.6544877075967,18.76735680875768,18.04094816670163,14.351145653543314,12.013787681902809
6.794277320193553,9.66766404042918,8.993213796771782,8.71821969980586,9.135955952600135,10.164521770600917,11.698053854195443,12.064027816236733,12.54460890552718,14.532175638765654,16.427234711584966,17.38412952875678,17.037591444223878,16.835647918188627,15.439082506838798,14.033896359330166,17.74749682284789,17.940208874253788,15.170488398366574,13.06773083427638,13.23949371591461,12.668237746296608,12.356299014143518,13.715252733355507,13.85795864398572,11.551335706790603,12.01249947901769,12.489446182632129,16.390496172460086,17.581285318196784,17.951695586886373,16.099447728383122,12.088372586277886,12.802373399748806
8.988540189563638,9.57762323530152,8.772820120865195,8.136303781473247,8.809699677683575,9.604951240222396,11.942874474089919,13.30247678836464,14.407483042617946,15.596479537023693,17.615824890247527,17.560480266696572,16.878571675393367,16.8403010897842,15.597876565123519,15.221063322667261,18.065148250337213,18.469739219764246,14.586392690226086,12.501474455868182,12.891828817879647,13.681061243698215,12.744961911214979,14.153350620444648,14.428556517904292,12.396021121248962,11.374266482323474,11.010354917294814,18.08688678494559,18.104073027659428,17.496206322402006,12.618597702055997,10.909698010429931,13.13617155093017
8.8479560602422,8.464053155318416,8.769499805827326,8.610994883119748,8.914250863706242,10.87294003404132,12.788609540476918,14.410005738114254,15.310318279332558,15.951175014222502,17.613932323186273,17.181100368991842,16.689690744809077,15.811251679597355,14.924447939838549,14.661987899361677,16.585323434736974,18.40722382633505,14.811348010852345,11.972019280619326,10.987207839757872,12.411156892992437,12.89169977795539,13.727633173240644,12.933642999927047,11.705216024626779,10.45359071184776,11.742818236760172,17.91917688196959,17.960000887378907,16.910260472513915,11.756688148715522,13.694814551565742,12.650770968782513
8.889741907636559,8.474352912234474,9.539916335411192,8.721122474009501,9.112535835585868,11.263572974495453,14.24966809377663,15.962677172731977,17.007179517265914,16.25400679670066,17.63823801014395,17.1318277526143,15.973935933436563,15.692364671726205,12.99153479510999,15.298903417060718,15.257726226051199,18.39969534204656,17.564643290165183,13.9588065684037,11.532879088422934,11.075364367998919,12.756425207945727,12.42096207474328,13.45004692149489,12.589822257036449,10.912709144527367,13.247348524093793,14.163406643113584,17.341138307840215,16.029561779410276,10.994655669475135,13.462788424578171,12.463547412008246
8.772752771389829,8.194585987369303,8.638583998986375,9.176088138951728,9.432047947164877,11.974444881411717,14.25074934664749,16.056960400255583,17.260494212679482,16.97378281676859,18.011059002273328,15.901071613142786,16.639577921087618,16.769713634166017,15.05065006698368,16.848627734417192,16.870817771660626,18.43756807723608,17.75992654353548,15.184028773452653,12.100646102217121,10.681745939169295,12.120954046173122,11.956433213652318,12.701303089177152,12.582356976724718,11.782214165701898,16.073885431151535,16.86762369562776,16.905434598993363,15.89084622615778,15.272462484738435,13.517419512266537,12.363672854994066
8.949150673593653,8.903459138972373,8.76437940367076,9.270553154785096,9.548683431735082,12.64774594829693,15.137005184788086,16.669267737345542,17.204913862187492,16.896162347898976,18.029983227697315,15.624357830056411,16.917512894373026,14.864128708756468,13.40359315408263,17.14315190303372,17.68976847353155,17.781135644609996,17.101658608013896,15.787005146685201,13.1110523454419,11.531186835276914,11.601771889993827,13.42918370105275,13.129525831444672,12.16706559145287,10.830271469995072,16.303796480125982,16.89303430079776,16.42382779389484,15.95501615334894,15.204652459596215,13.982850505729731,12.772703225590798
9.174337927706144,9.208785387894094,8.544394447013733,9.195229337959207,10.49011582130688,13.45867560648497,16.255839599486983,17.833322577163464,17.509913873983944,17.03618051298223,17.412610352266455,14.94122882984772,15.172588696520833,14.19101927201939,13.058295621921644,15.103237542351131,17.358528605057398,17.354706281258586,16.555022856746277,15.210511687792904,12.32947640601333,10.186114784429428,12.62523481888498,14.12548789225666,13.53356688659206,12.134572690548088,10.884090598214916,14.770750900494544,15.92931988196435,15.929600019981947,15.63454123593158,14.856917180590171,13.967982967210817,13.097655676478588
8.10496459614044,8.366921567509147,8.696952530025763,9.381508654859449,11.206915972282598,14.1733558701225,16.252918695465603,17.889712697046313,16.16302253572506,16.560652054267848,17.15727298346685,13.68434396845141,14.557995845107671,12.813621339360886,13.117587485412892,15.269556288976723,16.59074273371153,16.811152244541407,15.946375108853525,13.936432688220584,12.608881656533104,12.266301514370511,11.492316700014866,14.870740903669594,12.250646216451484,12.85076267544264,14.726334964235681,15.526974549603601,15.81975537628045,15.417396317720828,15.544565917696243,14.475487516023142,14.240716547441128,13.10120574631046
6.6123372449610445,6.984252037902661,7.800277125484835,8.699553906179071,11.276004100147187,13.986791672462251,17.04281921475363,18.45183328153152,16.765125434912086,16.599200840283256,16.812837750179206,13.603656485035756,13.416939301529096,13.688638171476695,13.245767186064345,14.660886425042776,16.990737890465503,15.748538285847937,12.904847306440173,11.881474172197244,14.762009925988284,14.07652194593149,12.250344560448193,16.8175546756906,15.330680236593858,17.54709628798908,16.44724523229804,16.496134899072352,15.942701821151402,14.928486314820654,14.926329972731784,13.836366432821567,13.97022768875565,13.265127857530267
5.768062308739381,6.99011826992391,6.514931933811763,8.86866433620057,11.348045182176321,14.693110052153044,18.20156545664444,19.19470435410404,19.28943693893418,15.413670961445877,16.550319678015807,14.227438710366762,13.893999972928489,11.493204409248861,13.224282568921526,16.35654416932942,16.333149348599427,15.41688937288506,13.358599053388835,13.13344776294542,14.553149700290012,12.888969417968468,15.00667737092578,18.414029732008025,15.763922347491611,17.56566460135399,16.70583006181208,15.892736911388953,15.656773272663045,14.385803251235249,14.145521805105465,12.975895110121096,13.126100981354059,13.21962168708151
5.254847039473879,6.59754512654983,6.243988205475097,8.166261081741538,10.89505463594974,14.920640075359042,17.56199603958468,19.112955057724427,18.564800157210588,15.80925664671611,15.85306683827545,14.15135083600971,13.559150807302062,12.64767593098484,15.027955004907906,15.47599275591665,16.630153768688345,14.162480471750323,13.287832464630974,15.502011378784973,14.552311656847987,14.428428855162231,16.567573607906827,19.462592367146986,16.967920319799724,17.83929379699173,17.338311114299326,16.128607564288327,15.406201025313816,13.962841640823152,13.507721629567017,11.820805920764592,12.377095750336284,13.237385324056145
5.429442033998742,5.728867296386584,7.045229103097605,8.598897971305375,11.498391053112027,14.85291894193842,17.47785670562397,18.349616112989345,18.010720058209877,15.55628893236626,15.640829285839501,15.014583578567787,13.067876848451922,13.378939854870648,16.022371832609988,15.795425481231765,15.825298707169027,15.442088554048809,14.590945785741823,16.504472648696566,17.011214884144376,16.52616152124557,18.152616849396498,17.567407116161394,16.43455299441781,17.33957062341356,17.82970672504548,16.563842215259115,15.256518479594307,13.734181347406588,12.391319948031462,11.029882286777212,12.13199974980158,12.910618513149144
4.55862787911282,4.921225253913492,6.507968505229357,8.297716469475496,11.776802334458502,15.021564117730446,18.00160182873907,18.609280115954885,18.95363881805893,16.64373791202757,15.533903276910161,15.125442103800573,13.847168858809104,14.726909293222626,15.912898341664206,17.215301676905813,17.10623715614164,16.593289372960562,15.460540647349672,15.90667992525854,16.35278161700759,16.884778861616947,18.067670336564536,17.623587981597236,15.763633248332049,17.313374475017408,17.46971524365199,16.529981477400383,15.063451522587998,14.411636248601521,11.304099345262285,10.701997791025674,13.400369167468932,13.147637631069438
2.9423807673441433,4.535576270437876,7.364083866832491,8.736038305116072,12.20751273822307,15.132821545396776,18.315045963878944,19.908932258279997,19.685255113015707,17.338641952067807,15.246909340979887,17.01507711523989,14.107113404000781,14.965245677577407,15.371427598121171,17.689242174739274,17.58182132811653,17.018745796072558,15.808364485820082,16.20181894184284,16.18683056045595,16.700218469897045,17.59725046443113,17.653817659602723,17.10995844602796,16.699081649258837,17.309838416729708,16.629500383449557,14.845396901908632,14.995639215943683,13.54765219426257,11.559075214066459,13.969582465619313,12.893296298015784
4.050269592983647,6.625371553963344,7.670584392247538,9.69133266453653,12.87915255016939,16.95348532967153,18.336324521035785,19.43428991631295,19.316431744186605,16.26743315229856,14.357353399634059,15.481927604985593,13.932253298546334,14.320655629317304,15.888950262402139,16.98618094378348,17.113911408560885,19.076150258255744,17.72386909969881,15.696565128716376,15.352960425868744,15.70086766065813,17.54756768552471,17.017037101856417,16.008322910843894,15.638611249150136,15.76889808080607,17.276876736818586,14.443649038092024,16.03667202747764,15.30888592582539,12.346881232579362,13.81337325575538,12.943228756225956
5.224782051498007,8.893675807666966,9.32634941789685,10.36508800866377,14.78835814657814,18.912129033554,19.036800779552358,20.157346868117543,18.72395253277432,16.046554132161358,16.49228189432238,14.122224772200328,14.820066063133948,13.757887341421839,13.825565067253173,14.630969801993517,15.622809611960408,18.301977851575504,16.74427934664348,14.294100424122611,14.805820139459513,16.38984193981164,16.171669959833434,16.54990883322816,14.950379842471705,14.646633221560595,14.72110364884901,15.445037025499106,15.025664462078776,15.571345040917501,16.79362098275405,14.54058110573188,13.160343805928024,12.871980115619312
6.294109442705874,9.384553807122561,10.200468748957928,13.260888533549632,15.78753208675438,18.88870828054152,20.174831721965898,19.794699191315054,17.093106148148188,16.333856848630887,14.80272104963562,15.216033918128158,13.668044380147213,13.868986996079508,13.33044373107099,15.22086665559431,16.508479249117656,16.28350930794479,13.360928690607714,13.324912789967259,14.392792351345541,16.35571854416463,15.248438791527398,15.367530013663112,14.350889927780619,12.659172282547898,12.780314594577952,15.891528372680597,17.188535736772593,16.21752407084638,14.762742736944526,13.73287736548086,13.037573053839914,11.809825017288174
7.026164552800429,9.832482524517427,12.40945368716106,13.647841319035075,17.042853738726212,17.96328705956526,19.11969917714392,18.337701905938435,16.391715041869073,15.151822994833852,14.234427640039753,15.081341046617844,12.586418862447465,13.552328127171343,11.66926367984423,14.712569862941246,14.83637022765402,14.304766163065477,15.43858415649734,15.851592394426438,15.488573675743412,14.40346099399376,13.957029786534806,13.96365940788029,13.722701350730826,11.92956166010622,17.878282548999135,14.92527432521125,16.654786645059016,15.046664439628959,14.300554349841594,13.785102606887149,12.557012416098035,10.904739174123721
10.58685743911892,13.497232871525966,13.58869821530677,14.671442996399412,18.468765065626307,18.252228844410354,17.267185883513964,15.429536310449153,15.746642499616097,13.961238405839655,13.915169686701251,13.552628513437837,11.572425223225103,13.1019219232386,11.654994899582462,13.447230973964587,13.933298477446012,11.863651327098907,14.789961392554536,13.947827170577654,13.121912155615513,15.295377442806183,15.169047463872433,14.223438818265128,14.030680229656394,13.222312076187317,15.148218158163548,15.920640362679931,15.97587770213365,13.202417841818567,13.300561589504415,12.889057830012478,11.701391860588659,10.98085919238251
10.94199655775044,13.704260840241671,15.50606157431588,15.631972239124579,16.958654964732368,17.124573536357953,15.311202431195122,14.509414547552952,15.30652039130165,13.655513561202271,14.300056845868095,12.683595177820392,11.77867327981849,12.766950367248915,12.199555424117351,13.367513206076971,12.118939877863422,12.452368262963454,14.210557755567184,13.184475632351651,11.839483081045792,12.769002412708671,15.887641616603057,12.176061077351676,13.840942417194533,11.53501063990569,13.096934096693106,16.444883759634035,14.548170084181908,12.402694839858684,12.769169071535568,13.139464502817253,11.159561871600452,9.488162824509708
11.047632911221008,14.337885364599343,15.379055453774606,16.416836561546933,16.466143033299875,16.282065264448512,15.026724885612612,14.352100742641158,14.223481286733536,13.518585242950165,12.625957382882378,12.626434117226484,12.814776442682799,12.604860415659871,12.070974233533075,11.36498760029761,11.572104242102165,11.757462823008018,11.39957779339863,13.627249842731903,11.49459102695258,12.73064675164068,14.415535334132528,12.219837495052841,12.455803660962534,12.848998379873478,13.317002908708409,13.849773494973581,14.849931644229853,12.956662235030105,12.351735078263305,12.22644634504919,10.827398124229312,9.535620116228987
12.130287405799862,13.8260537099403,15.283403429194628,16.96853930781778,13.707419102990334,17.593860521380883,14.785624385179966,15.10125559968362,14.13078089997252,12.810687408516912,11.769920969717733,13.327903395157364,13.405062041293139,12.240266191914516,10.9479313277945,11.601878149124119,10.848521724416706,12.712251626536547,15.007768697260097,15.110378079745137,14.57306412595911,15.195575999546294,14.848747775088437,11.57743000572228,11.709912988466995,10.241942959206682,10.871279389014958,11.97905271120733,13.642001300512456,13.037147960751067,11.386487276955132,11.999563461082094,10.111579854333195,9.374622156382546
