script/wind10m.json
{"header": {"parameterCategory": 2, "parameterNumber": 3, "lo1": 6.000027932988019, "la1": 58.9999434238085, "dx": 0.5, "dy": 0.25, "nx": 22, "ny": 24, "refTime": "2024-09-28T16:00:00.000Z"}, "data":
[rows 0 to 23 of 24, columns 0 to 21 of 22]
0.859188697652539,-3.7899656782720363,-3.5378105060123395,-2.6074364625849964,-2.060961607351428,-2.4036732057247234,-1.6367237835173134,-1.250804282183011,-1.8101881027134146,-1.672127857122755,2.7185351900291215,0.8391533755854883,-0.06512162248338516,-0.43595046792489134,-2.6557366404377913,-0.09086062179277625,-1.1319132170466333,-1.1332889420232655,-0.9119051114113083,-0.9318839087634657,0.9638506842214978,0.3023950402024789
-2.76142228070663,-2.67782420294602,-2.5700010965466835,-2.3185983845234204,-2.187838341442566,-1.2684324641628861,-1.588382913840996,-2.608978437994124,-3.91630584848613,0.9475759639703571,2.349011087889925,0.5946501594814653,-0.48923912201734177,-0.45855359508136523,-3.010609099783049,-1.668740615542826,-0.7134053839257557,-2.2210316737104043,-0.9665670484819976,0.014332887632249975,-0.2047061036528938,-1.6258835555569993
-1.956401735352638,-2.8835801687257407,-2.3157210765806773,-1.750881521707154,-1.57772434357384,-1.835673149558181,-2.1204496458786335,-4.747715176595258,-4.146445428744818,2.6321239764954405,1.1749882551596351,-0.09633916590593124,-0.4626693387681206,-1.1441466107668228,-0.6812627917056687,0.12762985097912777,-1.1397897967623956,-2.7992945819298316,-3.174716641330811,-0.6358934404156331,0.11996272539121361,-3.6801313837457235
-7.716342138640234,-3.017144594259115,-2.38827338941307,-2.032198398030041,-2.0348019169756326,-2.3628166284695706,-4.342999765755567,-4.794818680981661,-2.1606979096583108,1.968799477136093,-0.13212358763002985,-1.5883684193595768,-0.5972253133235533,-0.48834046968458034,0.13128735806533778,-0.5107798929652871,-1.2897073607325833,-3.7894202373152157,-1.2645981751889126,-1.2600179255553108,-0.5590925121523539,-1.8875063705447712
-2.2308191685987335,-7.038252583385264,-4.313299240882063,-2.9160792474602943,-4.067367384555947,-4.371219546577922,-4.029149445245478,-4.5947199639199665,-2.0479678531404613,0.7324556202730205,-1.7633324208932528,-2.8822458262804265,-0.8654463673503328,-0.6184303828612912,-0.7403413791032387,-0.40853923726019564,-1.340067220165182,-1.4467233679850469,-0.5448986330540948,-1.1767770430523332,-1.1798021762391977,-0.7859109554101942
-10.526458671945445,-10.149449454058502,-8.432060044019499,-7.2765795965482525,-6.007566848044355,-4.322224350656379,-4.62575786014296,-5.015722309393626,-2.630782646860301,-0.8916103741748819,-3.409316712247421,-3.8082436465445784,-1.3269933391043183,-1.0049394714386455,-0.6232321482706146,-0.7848938944165357,-0.7642774252928778,-1.1498140071390632,-1.1858184312485007,-0.029203924181768943,-0.08903036391375771,0.6021203631215175
-5.789212170022722,-8.969874964907367,-6.7139520917116275,-6.12685990504229,-5.922569032370064,-6.140510971564353,-5.007792987310527,-5.455302687026234,-1.1056717240761744,0.1692891742625322,-3.836598117694971,-4.015058041040628,-1.741389883387789,-0.7837830724311965,-0.8179501570437809,-0.7706329109054192,-0.8862471874178446,-1.1886116713828951,-1.210848377668398,-0.00932175976833225,-0.25965236715178175,0.15347566403298252
-5.679483344632664,-9.849497246802285,-9.253198092046267,-4.581673240278573,-6.637839687074578,-8.388065754168718,-6.003113762960589,-5.672179275915793,-0.8255700535684287,-0.059425765876322194,-1.581941874676451,-4.087187141709084,-4.87526290561936,-0.7786152932156992,-0.7430961632794099,-0.7344030738125346,-0.6291190556929289,-0.7138635068502637,-0.5176275827064977,0.12038111701371616,0.5672687616325979,1.2961245288189944
-5.916968840379485,-5.53823729383989,-4.4199920497173375,-2.3012632543878615,-9.792879894881878,-2.86738122380231,-4.819298413180771,-2.6973041239810587,-1.2717867792118573,-2.3663010517886987,-4.375190608976433,-4.650169236354712,-5.162889137188435,-0.7431854234548376,-0.6118186982492259,-0.6295956859934503,-0.7024981685643578,-1.2506323640123078,-0.5147963513745001,-1.2219185390618423,-0.16847686186751634,1.436248510261174
-4.160262006109231,-6.065349853624171,-6.534264479170039,-6.33157299324751,-5.890668181921249,-5.560814381637914,-3.050189065523219,-3.1443203997370808,-1.1151215872329194,-1.965809231949048,-4.151338480039719,-4.976073731316019,-5.622787668687652,-5.226425031816378,-0.9476599094052695,-0.7327374267102005,-0.33124441406396005,-0.407907587856853,0.14018247710425888,-0.22170712398405515,-0.2647844658544825,1.2645387801004195
-6.461765574672824,-6.659766886730763,-7.385840401841433,-5.990831228246863,-7.276065694347325,-2.926539454438616,-3.23499084962486,-2.6443158332435734,-1.1562057533716084,-1.012537364169842,-4.596111323912559,-4.573274836606626,-4.7406338904635374,-5.1104511313274354,-2.8541247329213624,-1.0071137774667083,-0.5300182680598976,-0.34046367845125847,-0.17117208874770512,0.14883246687720075,0.5384448384507621,-0.6335435560773611
-5.9714839205002885,-7.954486930114002,-6.434008706256287,-7.033706934564482,-7.229444097469526,-3.9190037996212284,-4.109062565286267,-1.1584351097934305,-0.8032883829007189,-2.3833021107975663,-3.933658518031484,-3.989176777821265,-3.406154284983382,-2.348270377536042,0.7991000299839913,-0.3122930253147651,-0.5502499421611262,-0.5865422839579109,-0.18413583058530528,0.04758789020467205,0.783934176095434,1.2837780427263503
-5.824017635048219,-6.756462018954077,-10.621502386078202,-7.646752296451044,-6.4415589135200895,-2.6845466091044576,-0.5838403424622682,-0.5279000360013557,-1.124141620559545,-2.974676982432314,-5.483293557865263,-3.865752578578787,-2.098550167381597,-0.5542865851100549,0.7070227745090165,0.21125770950952433,-0.8049606875107299,-0.5378220400783988,-1.3273034115373972,-0.8270623313334733,-0.7660987542919824,-0.9990231758332278
-5.446914591530784,-6.432678729556252,-6.659275945694424,-8.395810913583752,-11.945154900299261,-0.572783633562888,-0.9189868100064739,-0.8871511359121586,-2.082914038931487,-4.45743783684516,-2.558162188747917,-2.4530021327840186,0.334970158368605,0.6172876026256872,0.2514682847927268,0.6919192192550203,0.765370868276435,-0.39301713581002395,-1.2583605589112614,-1.4561544424205926,-1.8234581157584102,-1.4680943923537992
-5.505423402272016,-6.751575097857901,-7.657340698487306,-8.214465612523739,-7.43373506245368,-0.34157410100066415,-1.0720888881694177,-0.8869943037728252,-0.7303081282996607,-4.949458550996369,-5.989888923837466,-0.877962061388559,0.23147258029562254,0.6328629497025254,-0.6290974552954249,0.18485425592325166,0.9584469816938259,0.18460194913709013,-1.538706227707178,-2.051521828429329,-2.2447988064222946,-1.9132192282778182
-5.855493956165942,-6.418349302222329,-7.655651376414115,-8.275632399148167,-7.447436502199266,-6.849282917227626,-3.988587728359137,-5.197496876037507,-2.923176157155684,-1.2860751564505482,-2.084869697796288,-1.068151121781233,-0.36182642277541455,0.536574260938616,-0.1829862722518663,-0.8847568195425084,-2.2523632951796495,-3.4449414054644247,-3.342597892229601,-3.2944085058521586,-2.536715780789748,-1.8105609015131048
-6.266724341454267,-6.408680816004569,-6.956030714203461,-7.768041141202648,-7.70006263144383,-7.5277265041435575,-2.6868560042637206,0.0013746115283909041,-0.280525444178283,-2.9131599287511096,-2.31678326243339,-2.852593861435174,-0.40528950952859194,0.18735230535470143,-0.5688036743436587,-1.2904128984177268,-1.956804596705481,-2.912469077908947,-2.493519923415857,-3.4294289381872676,-2.1762561235054703,-1.0714789358323145
-7.180274489851733,-6.203392498905484,-6.664790768139128,-6.92927437436116,-7.294669571698626,-6.502464124268846,-1.1917674219565966,-1.3129526445562512,-3.363979601278203,-4.985039688353789,-3.383799890424938,-1.6031667693316278,0.2703235045334263,-0.2006917610214188,-0.9910524176008599,-2.008111996817333,-2.582604141910744,-2.9417701676520824,-3.835675948231553,-2.482573282924413,-2.535581504740916,-1.5033437511205334
-7.425621167057355,-6.5322679212832,-5.844814743089382,-6.016771956319208,-6.4060090936255465,-6.28620044025606,-3.248874636883115,-1.7333634227971237,-7.727758318722565,-4.801962647758205,-5.397971337601478,-0.48009114159345995,-1.2839549811007573,-1.3762770659358168,-1.4478457135948268,-0.943250045779059,-1.3349471791529797,-2.670321016527567,-2.4506766963360476,-2.240110398413309,-1.481107866587564,-0.4887677106537369
-7.2200460778315385,-6.953719295457307,-7.099498185608086,-5.991174665987594,-5.913267025764784,-5.894572782503442,-2.1571454667705643,-1.9688970642047865,-1.0784428543189066,-0.5962010744803236,0.42900558908288455,0.00019580367568032398,-1.4960221433397622,-0.9248385565174427,1.2505930655593829,1.927945324244294,-1.01920235559949,-0.2692925594679776,-1.8224877883162012,-1.3582664736998695,-0.1733168055261572,0.6854398754165865
-7.105646836238878,-7.253200916944006,-6.633980701927187,-5.754324737881852,-5.728290893275037,-5.73649917779814,-3.096986887339835,-1.1032650304317664,-0.667741461140569,0.21808529938013993,0.6477068914125551,-0.9716541213893842,-1.0409376869745464,-0.21527443889780068,1.1134303369667446,0.23105137537983939,-0.6163462350913673,0.26010244342063804,-0.01969194824116695,0.23322620838565883,1.277573223591156,-0.24157846910090736
-7.100863123939853,-6.665459567403873,-8.132281048446472,-2.600288659884566,-5.306738698433832,-5.8820798290395455,-0.9541068279295423,-1.3524850648521645,-0.6888162302738668,0.6683075719891505,0.49985784222653973,-0.4709036089379751,0.3068963816902306,0.643310163814633,0.48445854573250974,-1.0323919707530176,-1.910250545885757,-3.3590511685285525,-0.3559390513861887,-0.24782433855955277,-0.00267575502731322,-0.5109725402563879
-6.603766140535342,-6.186481424550713,-4.961916907110204,-1.4124666782213742,-1.5559939929287359,-1.761871280068628,-1.1568498840996293,-0.45096277970990695,0.9037365607041103,1.3340930056302283,0.14319496277761706,0.039966439585225104,0.7291253006040763,0.34435230820501683,-0.874811490577458,0.48626396922444054,0.10572125786538943,-0.18302800902472804,-0.39195084561210397,-0.9223455891222243,0.40180944931858026,-0.6185922873568906
-2.4971706849986086,-1.6340888509801714,-1.7499340368154424,-2.088276691861174,-0.4387600626967837,-0.27175760610079136,-0.874509476039292,0.07225714268535248,-0.1685505785745476,-0.37245154471584896,-0.28330623557295526,-0.1669063952322969,-0.23094934412350612,-0.41171231552770066,-0.5179752113229366,-0.19220848610327607,-1.997661602163671,-0.5762184251360662,-1.1555441445842591,-0.2188917810383103,0.43697884414095217,-1.0385906296220186
