script/wind150m.json
[{"header": {"parameterCategory": 2, "parameterNumber": 2, "lo1": 6.000198445256149, "la1": 58.999992894266676, "dx": 0.5, "dy": 0.25, "nx": 22, "ny": 24, "refTime": "2024-02-24T00:00:00.000Z"}, "data": [0.13068710350527704, 5.197159700779916, 1.297341888522609, 1.8809935498959764, -0.2783959325522473, 2.339776909769749, 3.08053948216497, 4.435464264611607, 1.866393437887295, 5.129133541899921, 2.496062092012446, 6.17428979883495, 7.4282811520080925, -1.8656388838165296, 2.302759009566766, 4.950521148625545, 0.17435405653922414, -0.0353363681893364, 0.7409402574564699, 3.3919054934636517, 2.6607016731551902, 0.7039966086439055, -3.4405014561328744, 3.9923062239095217, 4.428906624080266, 0.9474121060480758, 0.2691032268626858, -0.03226701712979261, 2.978188226941014, 3.6930466883475273, 0.9743489615784918, 3.583713006626197, 6.345746841968084, 2.410745577609755, 0.854927008148036, 1.030134691598962, 5.121413211733792, -1.450616345696998, 5.282154258090234, 2.750078253689049, 5.267151349991715, 5.569947606435391, 1.9555582678005565, -0.2776970135995719, 4.655141914646275, 2.057104392167167, 3.1307364324662346, -1.5003717940547316, 2.5521404827152776, -2.121612027785246, 3.17803570933762, 1.069870741824988, 4.048240073949534, 1.6531195760518416, 2.2118471741065435, 0.6194956729368968, 3.3144970019289857, 1.437046559608667, 1.7297138943839274, 1.4634402902709411, 3.458675802708697, 1.935335122880368, 1.5955223935590714, 3.2555573658010264, 4.042357320342251, 4.317439559230993, 2.555982112144873, 3.2638802429200093, 4.981530729846503, 2.5938695527714457, 1.8336922939659785, 2.208317616601495, 5.142747555059256, 3.6060579883633235, -1.4506927861232901, 1.4635106647331106, 1.4783707344027708, 3.6237793862791774, -3.1677544799459074, 0.11955934151374405, 3.6466609607122678, 5.4097430088309455, 2.1983917465442824, 0.72162702235937, 3.3039271309235114, 3.0288884115505734, 2.3948935684260744, 2.802062454059177, 0.5423867556711492, 1.9939162280342295, 0.3484936118420555, 0.593687618787355, 1.4478019176201573, 3.3163468828416214, 4.051444207023175, 4.033106380783776, 4.773436067706895, 5.669429818817727, 3.938545255829714, 1.7816896718155106, 0.8849102314024734, -2.2442493876911973, -1.0936707557691256, 4.167659244767064, 3.402036935378363, 2.4612457295786596, 3.862774302154353, -0.23572605790948986, 0.30604638329414596, 1.2715909874288835, 2.8086258962375443, 0.4642529647189511, 0.7137175348704228, 3.0385734089738654, 2.749729724175975, 1.7769939761609777, 7.533029193903961, 1.4860435826907539, 3.415877665061131, 2.9898899636764487, 2.134043845243441, 5.296671416218554, 4.891920971725415, 3.0776227139837706, 1.764090104580859, 2.1360059500618824, 3.4660891835965315, 6.289798623841066, 4.715209708853741, 2.217740233753495, 2.108136043867098, 3.809594359656561, 4.445205519742591, 5.3175755163225595, 1.1808910027777946, 1.5728629645136996, 1.3106367779522028, 3.3870576791253515, 3.0742262817308537, 0.9831988841420835, 2.585688425380296, 2.1548172449872234, 2.5121286014127016, 2.353841041990802, 5.54867315782185, 3.7498808625992903, 2.9944474603755435, 1.7872721498114679, 3.2379746842046657, 2.5240794993806803, 1.3826397009879638, 5.551732670276405, 3.6619664756344683, 1.490111277706131, 4.419810859739236, 1.6433553564263863, 0.455098447968726, 3.3327995452985077, 4.963696149802131, 3.4966711449829804, 1.8589712217776715, 4.609651666464002, 4.917972100942004, 2.1856914266576974, 2.8230874868016524, 1.3313516365541556, 1.600766302357524, 1.1889117609965498, 6.028751693371033, 1.5529018250266178, 3.858090825059006, 2.471152750918646, -2.2514185768678856, 2.3086787337172012, 0.8883467033141579, 3.1050455635098775, 3.191821182910995, 0.4985069605637836, 2.1879349279150166, 3.5056503773858827, 1.4400597296894466, -0.44680278465337986, 6.7050602223751925, 5.473246815652776, 0.7234509095861466, 0.23068734557652446, 3.883321852781197, 5.893180232914353, 0.6811020745898144, 2.615506970820705, 1.7501503135901144, 5.603659831482415, 4.449766601098512, 0.14999372127724578, 6.73106923565478, 4.3736275844834305, 1.8839441430211186, 0.8188110126978967, -1.193251762354314, 0.04157792222841812, -3.2235161317912646, 2.316900679419835, 2.307558924424941, -1.0649927985448058, 6.301099728329257, 1.4039978371646935, 4.016693342307905, 3.035270723835054, 4.284963812631078, 3.194346136946621, 0.7207202260195917, 2.681964859905499, 1.226436845940568, 3.6780185510126593, 5.542787671541475, 4.495710074166754, 4.296636425376383, 3.1131640041848083, 1.279939918778552, 2.155629917846441, -3.718933405355414, 4.417664153066685, 3.380437310779027, 4.812128807319801, 1.3697734519530818, 5.58617615008236, 0.5758251299966795, 3.7024618286010473, 0.833169303160999, 4.040092624074709, 3.922747744846756, 6.163460503790761, 5.633132513261802, 0.43667275106810993, 5.977428639062212, 1.2588835385145403, 2.309723474982465, 4.145063724619874, 3.7538493908675936, 2.472880273838335, 6.434369000582776, 3.885232889331291, 1.9203820108800769, 5.151768726443776, 2.5137247301963024, -1.262375717257202, -1.095731731959318, 1.6379770495995472, 1.9229805828608248, 5.627252856818662, 1.370680265330285, 3.544803056426701, 1.5768548842309125, -0.21764942667576312, 2.1838383370291745, 1.0798064867641746, 1.3621147309309587, 3.168800030657154, 2.940195196318652, 0.5072003109164557, 1.282720479692835, 4.305351176643803, 0.8224431801138067, 0.23398879877814777, 4.114801645350454, 0.10157925014848389, -0.3520389778535754, 5.348266786447878, 3.065113511839021, 1.7091747378233944, 3.2167986443454426, 1.5660967150223202, 2.0305285065516334, 5.299106742928146, 3.493304567753341, 1.8486665315666566, 4.049674817743591, 3.937551142838385, 3.525649087211317, 2.5782099281138637, 6.023348137253235, 7.167635940102953, 2.6954642718763075, 3.2948153735203816, -0.18556405259323117, 0.6640603172588496, 1.652709093263849, 3.2553373833014603, 6.902840107960641, 5.772461924360196, 0.5816015998290158, 0.7982402372318639, 0.4844887747383917, 1.2578756952650907, 3.3197342144652584, 4.848164332145089, 1.617549141163407, 3.1496728573268604, 1.307004958315033, 3.3187612050213584, 4.790124849608959, 2.20382987303766, 4.216539540415003, 2.4034346524587424, 1.5818794634303093, 4.099053561297264, 0.306168449489486, 3.656954790634448, 3.4529311879214224, 1.7604159300597426, 0.7123852276876952, 1.1556713923855915, 0.34491518299521867, -0.8088846103975522, 8.126541344252074, 1.7000055142802628, 3.3188744560756924, 0.6002255680350362, 4.246591569070706, 4.448966896713843, 2.936731865590709, 5.605259553705451, -0.5483878685360071, 3.6481872920071905, -0.32149636086082584, 1.5052948809272322, 1.7792744139859753, 2.608755997865586, 5.285998047464399, 2.2347303075324287, 3.351591336882129, 1.0693641050728684, 0.7068755704989541, 4.970102208748385, 4.575737257660294, 3.874750551682042, 2.4094341781240116, 4.529937117454853, 0.23550113787466267, 2.6991871807175656, 0.3712173147870116, 1.8443814860286005, 5.197681870168136, 2.12795588954871, 1.9615343323308598, -1.888837537476962, -1.0018324660403353, 2.9253229895766766, 3.961986191786115, 2.130908772503322, 1.7162675513548364, 1.2633996562773793, 0.11514051603826878, 2.5920726305026958, -0.6769322048115765, 3.675783693366892, 0.5849143541962448, 0.4134050988298757, 1.2166988030570647, 2.5947869217811204, 2.987673164801061, 5.104757491056837, 2.1661684882132928, 2.571363042386319, 2.5592734232428316, -1.2536819726756578, 1.2891520382098562, 2.4275950014075374, -1.7469832016180538, 5.738391678892586, 1.046913154905473, 5.015362481668647, -0.5537342899169545, 1.3007160883743694, 1.0254087658619253, 4.0636305545116045, 2.103138297841937, 4.073157998673733, 5.462142402003125, 4.108138655685859, 0.8876717829032442, 4.219124272404296, 3.053252146330424, 4.331445012586777, 1.9604094428216736, 0.3560606261385065, 3.3090437663239514, 1.4355821158448596, 0.5431943890246593, -0.8236018666590724, 5.873058284016145, 4.207973518306012, 2.4882072259937926, 0.6519575805750255, 0.4608876801359684, 3.4500631095717873, 1.8113074587815299, 2.921989719335413, -3.2393940093153053, 4.736672810649883, 1.8161760704235748, 3.7011057342707754, 3.040787097054863, 3.520985192945948, 4.4959935782277345, 2.8556815149596138, 2.383642355529933, 3.171583884357184, 2.999089371137864, 5.586591370951202, 2.4666865627506676, 0.3476450055920863, 5.1955270455055915, 4.262538532734877, 3.9341819727819387, 4.51803458428217, 0.3862054990772243, 1.5806750389233954, 0.48555938125066944, 3.7330366645498425, 3.258835458103173, 1.0579333782253963, 5.530306207266078, 7.286024756762402, 0.8533516297538303, 3.797037236579236, 2.173191934888429, 2.928280598806321, 4.037805649231021, 3.4798318682544376, -0.6562243563582645, 0.02186239731807767, 4.758422528564878, 1.323201198008262, 2.479296556844913, 5.792295576260374, 2.328021198281455, -0.6810608280300513, 1.762170045916481, 3.238356638132695, 2.922100618398404, 2.3285848913157543, -0.9480873666227246, 2.8124242449607553, 2.8187274174180517, 5.771831284400452, 1.7931813110193113, 3.6819740199356112, 0.6567843133266972, 4.7188140076927745, -0.65926803672007, -1.119775832771673, 3.353214342724804, 1.857925701672919, 4.999869215264005, 4.776536789454272, 5.041841656015171, 4.878691774059962, 2.304302779965057, 3.3320726199864006, 0.43913910135864864, 2.2464528240744523, 2.5616677257121068, 3.5844258529549133, 3.052835120993418, 0.7378526916755169, 3.650816022013289, -0.8422850729853864, 3.3689118653335957, 3.267459580330675, 1.8879336756354637, 3.548747839035573, 2.149836123508297, 3.0327612468905483, 2.805458906561382, 5.040144576807781, 4.723301078842286, 1.4407254799463496, 1.590764259912483, 2.09358565348313, 0.06537382153360942, 2.7408825048844894, 6.156139798029633, -0.7102873314023248, 3.182464268353352, 0.2220965042763076, 1.2286823302569756, 4.095661354216087, 3.5802857416737446, 6.852935867180041, 4.265774545846685, 5.285568093966682, 5.192047732051811, 4.485518516962061, 2.4196717964513796, 2.819394412511901, 5.232924955638168, 2.6396069921286607, 4.413793249902726, 1.5980682591069681, 0.11000136741691133, -0.0846075421209022, 5.773626451749497, 4.550653311879863, 3.1903998643878366, 4.285332527323338, 0.6725308745545208, 5.1973267334207405, 1.5645988684946912, 3.5005679803484817, 5.385603851275243, 4.125926205982198, 2.458869076441431, 4.330096768656534, -0.3630998951808415, 4.472798959487719, 3.4936597291251132, 0.9752283637827942, 2.636426141169034, 1.737532784540283, 3.549847265100041, 4.66986610922583, 3.0685240336302293, 6.239131288882746, 0.7312582865453096, -2.0210879000897064, 0.8002313334580177, 2.7030536743431393]}, {"header": {"parameterCategory": 2, "parameterNumber": 3, "lo1": 6.000198445256149, "la1": 58.999992894266676, "dx": 0.5, "dy": 0.25, "nx": 22, "ny": 24, "refTime": "2024-02-24T00:00:00.000Z"}, "data": [8.762431222457561, 11.580370250665132, 9.043456912063535, 8.709755800536403, 10.403401587153123, 8.994706434116452, 9.964512705063086, 10.80569490284027, 9.543016571467264, 7.3126569911363575, 11.056663137323286, 9.39163966406115, 10.856812173196651, 9.737347098229943, 11.537618426933667, 11.075999434223734, 9.308206672073121, 6.235581162044475, 11.295634748766515, 13.487046736659096, 12.594786141292145, 6.856431218558001, 6.427152457865719, 9.382704462130683, 9.756634969754483, 11.27954030174621, 10.984610017892207, 9.401742297996304, 9.823374807813451, 10.49538833876319, 10.257680520472308, 8.918463838850359, 9.965490669461534, 10.504460287116592, 10.183579148834772, 10.000871963699076, 8.98825920570432, 9.325980083358465, 10.289235018353349, 9.288733588440609, 10.475928661468053, 11.011344670843899, 9.080893365578927, 11.348913228740177, 11.923206058333346, 9.248855707426742, 7.752863368253522, 10.412227675710348, 8.3716987032425, 7.548881945670353, 10.823600787594815, 13.647235845794901, 11.878258563240323, 12.266219638552792, 9.13440924821672, 10.982212472003303, 10.69468122777264, 8.479365500068583, 11.084974141216232, 11.788194078025262, 10.749117358096647, 9.06310141904161, 8.462655652606719, 7.498715318848887, 10.004159302430644, 10.772474834498087, 11.336727370844113, 10.312974497919418, 11.67440152168843, 10.120250778495219, 8.569269538666786, 9.508104229124626, 7.370826523743447, 8.26724717065014, 9.176554799053392, 8.983330364227326, 4.201627232925605, 7.275638917904449, 6.491323446037032, 12.518782292960081, 7.167222590774086, 7.954341562382128, 10.39946909114796, 9.068264998209466, 9.952310056710502, 10.2359031630676, 16.544938342660505, 12.477434731529277, 9.494513608093259, 8.899736653302831, 10.686773503119866, 10.750586792595723, 3.231976621492164, 10.52524325417087, 14.583918850075003, 10.591429893730558, 8.625085596947779, 8.416867911062504, 11.378697374573786, 14.389893386153577, 11.235854404723248, 7.8862614924433005, 9.869100644164853, 6.982354622682162, 8.17704339483297, 9.202485615435023, 10.061662642099108, 8.489621961194588, 10.173098352542356, 9.946638856020451, 10.932082735350706, 13.24365143242912, 7.308104106219265, 10.043317901136533, 10.53344227036964, 10.750625085516655, 8.773559508425905, 9.676639567040255, 10.801400548843548, 8.577814877567564, 9.283729960505088, 7.344121822342824, 10.219235425174224, 6.457977000943027, 11.564137159172999, 5.590094363969107, 7.1777756560598664, 10.658270672999592, 6.63428269707117, 9.634575260808612, 11.403388586107006, 11.16859148138642, 10.090693650444065, 10.481215529331717, 8.334660603436374, 8.425683020707348, 8.697061504962422, 8.845726489643974, 10.64105570096477, 10.101426416870035, 9.92617168851095, 4.702946545141266, 8.78844940847925, 11.689865201472978, 10.235887400160697, 12.352564102818347, 8.752890084878741, 9.101033360759645, 9.900357116795272, 10.894710306646434, 3.778083072893003, 10.248585287024166, 8.125022012232703, 8.990192631740237, 12.473655418871582, 11.004436046068665, 10.268194911108647, 10.767481976917665, 8.134393632022517, 15.022876607213288, 5.524556156840063, 8.249860764811858, 9.233982129768059, 10.97801297348433, 9.282028208374825, 10.576618376109757, 8.843268213560723, 15.006638509807866, 11.018615964761732, 8.34135746054044, 10.179292548048071, 9.486708347174263, 7.669537908239891, 11.49698505531593, 9.914003334584068, 7.487799382879632, 11.298594763994835, 11.715741720537261, 13.923770467344017, 10.675971876274447, 12.080477800884543, 9.75205730368622, 9.218344856943741, 11.018603472886774, 10.009148922599048, 10.378506472395696, 9.047333263976988, 10.351245453310398, 10.033692610556962, 9.634653943501156, 10.616391115544422, 11.054480520712048, 8.983550504213778, 10.958217246068136, 9.989637673209787, 8.482094094356555, 9.33226765957138, 10.985657466131812, 10.856261322779432, 8.973045297165221, 4.2113264740033625, 9.199606639335592, 10.873228020191316, 8.822765497805655, 10.312271816305566, 10.25264701985906, 9.49137299366059, 7.138069275578389, 12.958266355471764, 11.147481890333118, 10.785964242003857, 9.993693319094813, 9.797442455669009, 4.607531461252768, 9.676156877227701, 11.145462261768941, 9.981442698784063, 11.142996374727698, 10.241095841264565, 10.30164459580215, 5.5887035381616625, 9.706281396467503, 10.37321413058382, 9.63305426836418, 10.71372731730707, 11.132327991368104, 5.543389298166963, 11.888458200857308, 9.384392395811977, 6.001314829498619, 10.801612046157986, 11.221305985911668, 12.790186023421052, 9.572056986268867, 10.063254725881492, 12.137020067915522, 9.274753850385363, 11.927386640824981, 8.046349986085376, 9.962291434884394, 10.144347431369058, 10.523346350378883, 9.485967312940538, 10.370855324723555, 10.066731071210867, 10.09710850745592, 6.278827312932101, 8.801274272641287, 9.475342178609868, 8.643103364592372, 10.695458501278187, 10.58334249535479, 6.857050630275827, 10.375157191304346, 10.913483995125654, 9.044326877585233, 15.7729013967533, 11.665148945305038, 8.932387387170326, 8.693719732027889, 9.968085404340094, 9.25531676837371, 9.44819625228377, 9.566225491063468, 11.99878127922408, 5.457253341575445, 9.613837054377614, 7.448764285619609, 10.39846830649549, 15.54415995366817, 3.960656655244477, 9.308037673078974, 12.953565401335878, 11.296677745263558, 9.734494562026601, 10.223100043907172, 9.15158942852276, 9.596550144525787, 7.615445849760342, 11.812798761255229, 9.9815928348557, 10.988584366263991, 8.407735108361674, 9.523416539789228, 6.126862651995473, 7.8743122182813226, 8.653557596017944, 12.947339197546516, 9.167722603095127, 9.761686365226684, 10.553041929642461, 10.707705452211282, 10.550596181683716, 8.806893018578666, 9.412048697263122, 10.10516830727581, 11.054947970244895, 11.746784737496167, 9.343482428840854, 7.928310037222945, 10.08793138829209, 5.509836013315745, 9.902825053172984, 9.351306185922056, 10.129310497281763, 14.256108209104635, 10.210098880433348, 7.382487144070585, 7.421384479920779, 11.441160172159716, 11.058107880047322, 5.9684321127606035, 8.595623896386027, 8.371576177108462, 10.488546745007513, 8.418381735377848, 4.895232023781722, 6.988301705909459, 12.456190104192428, 9.747847400239914, 10.275811852086802, 9.773187758281429, 9.564043029345703, 10.92624421184787, 9.868234373571129, 6.221903955426256, 10.833016552783976, 4.507676319520025, 9.975273498527393, 7.4651990010948595, 8.651569378519762, 10.033718929427828, 9.339799023342072, 8.583039669615156, 11.291311942145649, 10.101725932189115, 10.570541780554526, 9.513710602773129, 9.434794810290773, 10.94868693263827, 9.88572129184916, 12.936716933374496, 13.866544477840497, 5.342391871537375, 8.040210153092827, 7.919854657119125, 8.88418940630548, 9.990020091306693, 7.453907386244663, 10.269049025873073, 10.3182850351707, 9.977734038810867, 10.591276224149363, 11.236583486971252, 9.107737446083203, 4.585994779917813, 10.722353280569017, 9.009042864295244, 9.64183728056135, 10.506953818678333, 9.502400432582517, 8.559946057404305, 11.182157149503503, 10.52800873654366, 5.700651745072574, 3.1103159424066096, 6.864352106643263, 10.872238109331057, 3.4346818733831785, 11.136830195485313, 10.655077618807054, 11.00091414368387, 10.707159131867208, 10.532158058599714, 8.840590363786031, 12.206168267151641, 9.627715242667936, 6.422217847127397, 9.745578214310605, 8.108911266371008, 10.005048827082213, 9.915142035280555, 13.47507642169189, 10.214904894660158, 9.735425597178631, 10.545603325241228, 8.437294493976076, 11.71956547895756, 8.267087447524172, 10.312361642100228, 10.306172425810553, 13.527463444370376, 9.047172141098029, 11.43554368364867, 9.898645451696948, 7.533073362141098, 2.265446530546986, 10.268951021053665, 5.382271557190339, 11.465735518689288, 9.324449522018696, 9.41865318104861, 9.201113204362045, 10.333614706674926, 11.77741891435133, 14.406660438250242, 8.382916837577824, 9.762099503147406, 11.134796925565297, 10.126537943306891, 9.387665212729898, 8.05943587848857, 9.003912010888886, 10.376191938905428, 15.05608903318276, 4.94145476002399, 10.80217061177925, 9.812337523329239, 12.006294368880413, 10.82537369891023, 12.18918337767234, 9.673685472888973, 10.575596258138706, 10.468194841663275, 8.829065380186748, 7.846312310925467, 6.484849170124889, 7.544609842992232, 7.203620966379906, 10.763557716149721, 10.472982688892444, 11.476788366428762, 13.710279371520109, 9.983817250601764, 12.171126615643292, 11.118771464524697, 5.878682013828427, 9.53204651796858, 8.261617446101216, 9.139507859246155, 9.850081593900047, 9.969611455978107, 10.544813372024139, 6.011329262059626, 10.308297217256902, 9.80400642358245, 12.628149380296048, 8.391019437665502, 10.457864920197995, 11.690174760184133, 10.294657159518806, 11.029176121014892, 8.531322241136813, 13.92965487380232, 10.198245844223186, 9.731560469414175, 11.087966260925402, 9.315428506726171, 11.656982162219927, 10.824975699862533, 7.6906901225394435, 11.457587552233761, 12.699306683872969, 7.544377892370757, 10.387743334339113, 12.045758767105568, 7.684936840536343, 8.171735986361123, 8.139135549833068, 8.281224329109811, 11.469679689697278, 9.779984275968674, 9.55366818702342, 9.11970335105655, 12.592853801175538, 12.326866089876797, 7.7222735170220345, 10.289468244928717, 10.003722095839057, 5.600106464861658, 11.399153123280179, 9.077585675129837, 9.495699055503774, 6.801246911150855, 12.32894499617583, 10.3094662386454, 9.927870975651205, 10.842201497642598, 12.49297170670312, 9.144720489981774, 11.815574538794445, 13.422310963391107, 9.10297111906532, 10.197742125539136, 10.252897728640267, 8.330107222911849, 11.33782353075652, 12.660787465869547, 10.488405511352891, 8.932388823381004, 10.251952903213125, 11.39591029125701, 10.264841331112024, 10.914743060366284, 10.298043354668273, 10.312888675175799, 9.266759098828114, 9.3540722761665, 13.054031158106412, 9.656393899589554, 10.681291786891494, 11.637931362617412, 9.16366403305994, 11.277554628673826, 9.608200913864065, 8.612164562092437, 9.26447576821328, 10.539814216493442, 14.294968014648733, 10.17561286579775, 11.422033787748248, 7.8890137956328195, 10.180841059529698, 10.298914188257188, 9.820064352479699, 6.282527294232314, 10.234443319597414, 10.087792693079445]}]