script/wind50m.json
{"header": {"parameterCategory": 2, "parameterNumber": 3, "lo1": 6.000198445256149, "la1": 58.999992894266676, "dx": 0.5, "dy": 0.25, "nx": 22, "ny": 24, "refTime": "2024-04-09T21:00:00.000Z"}, "data":
[rows 0 to 23 of 24, columns 0 to 21 of 22]
-7.3748177119847265,0.40326502504542516,4.06536781304094,6.959252468780462,7.214960260557762,5.330095267361406,3.846894552751205,-0.9120797286874041,10.568743759648596,5.83693157278785,-1.1042774944369604,9.064019762209076,-1.7716719509153538,10.374510666346442,0.971772559271329,7.549032755580371,7.880809672338676,6.610914260489091,13.432159770257691,12.828818680112438,10.502794676975995,5.3935725322954085
-8.054436377591683,-0.39738804669085936,4.007804621417267,9.083845472031165,8.73471470218058,11.540650299139672,7.904417550203486,8.026392355498542,4.141284456768709,-1.2201981003332725,14.727903300611121,3.12108090972813,1.7277781415950022,7.414958196172094,1.5183678464477754,8.905557914105927,10.992011964896058,14.532970970525316,3.0586344819465174,2.1338451140481536,-0.1836047660756905,7.546301900301045
-4.795909443855263,-4.284745307172702,4.167883325397522,7.6812036699631046,5.468272084344827,2.013981705774565,10.172906686563174,-2.7762180204804574,13.566752851190346,14.186741231213432,5.523346120239054,0.27801396937242234,15.331956602008894,8.697662836711729,3.7064719405314723,-0.815618128311363,8.24287539083829,5.684590706392416,0.6273813859331737,6.381282356884338,8.588550323724503,2.89266522040621
-4.882942977620806,-5.393352694356069,4.290902447560406,5.999472788465602,-4.349246021349016,-2.7655553484478967,7.322969304146083,0.07196319714016643,2.251278821109725,0.12400675189572835,-1.729953507890584,15.131019116393452,9.972195254254052,0.5636703725614507,12.830854451888452,-0.5573186876443003,13.788401589472254,6.296134700117672,6.767750106101479,12.924412017322098,12.508366254418524,0.44597460620425133
-5.15899260134808,-4.841543975473438,4.45247532903029,-0.15598813623089366,0.5902856118185844,7.659610072117583,9.593188087828345,13.38327476411063,14.716036004302545,14.088736351471619,14.779815411088657,8.59487740854376,4.267053699578828,4.500064715873425,9.38973461568363,0.9643746289040074,14.854700539049832,1.1595837359770902,9.919087144288904,0.18970001007851667,2.0606004837717773,6.919123864583077
-5.46950319991756,5.537894436345491,4.4174689135576175,-3.00793951352296,4.48445164340684,8.102215351820087,10.926134385400156,-1.2861049301249803,-0.38946204142577395,-0.8474339577213548,0.9640687035982999,-1.600962125947122,2.145999380076666,15.5980434241585,7.684090481655902,1.060206152158943,1.7584105645878467,9.058922411314091,3.772011207707785,2.1561635870548055,10.324235205739702,2.8495146098346633
-6.212764013039113,-5.329457013592507,4.178647225136902,1.116280511724861,7.2543851867593485,1.182641223709242,-0.3642397140705436,9.190938151473585,15.2313564781072,14.049584235323895,3.677483094599002,13.478261193016687,14.560378048366315,10.959564702330162,6.878377217676557,3.2205460237282666,2.4774990169667324,8.758897917838416,2.3886733615952624,10.564815942607229,-2.6365416920456695,5.4354444299423745
-5.340786812958146,-5.55106199017957,4.037985830779192,2.380111558461718,8.693422304827411,-0.4137726965851532,9.397650676761886,13.153411424180756,-0.498716723040054,4.153057528942298,5.446415538380314,9.414362402216698,15.346259840721268,7.982572950025168,7.997760602075619,2.168302629810932,1.6373400634506918,14.95087946829353,9.028014434150395,-0.9234009687583903,2.9319940951846886,8.162719221143135
-5.186781559296654,-5.433105084284213,4.254820891475066,4.034511879722682,2.932802071075033,9.004038488999992,10.357183819587107,0.04884974015273417,15.414458223561853,5.531864978477721,2.2370668814424386,3.2245455256016364,6.176385359093746,6.2322126515611895,8.753616328437058,-0.626341785061537,2.8776347786944396,14.458858964504838,10.08132541165997,2.1147275292475243,12.265323463744433,4.224807698682001
-4.959858854377645,4.8260424130922654,4.119649641833388,5.643105990951639,-4.6458758765013775,11.264605858809233,2.1530813903658186,11.238212463770303,-3.7453133205381874,6.839420424389229,16.818653221354072,-0.8882516266281038,-0.08615665680082364,7.968796704632334,0.852120558835052,0.7896628420824447,0.13046296905294352,3.906914574068351,13.6938270551824,8.579450612562963,1.925714294218479,8.431780855239595
-7.482620462491313,5.383173822738037,6.001513674227349,6.874141940545549,2.3829319903132964,-2.59266215547457,7.993041819544037,0.7674858010764639,15.334144595033427,0.014256138864730407,4.392962438774649,11.833814368820697,0.2508029932664165,0.5345798916624261,0.2729177683508183,2.0466757795107178,4.052595845134333,1.022381818314023,5.562582592980677,12.330040784436367,9.123664300614855,8.118905033160745
-5.667475125143861,4.265123897830613,6.027923561309853,8.246710204284234,6.554052377292349,3.2938380779773744,9.014937628888456,10.216909663861946,0.8433859216629185,6.277170338650548,-1.0721765072635467,3.2653756474088786,15.471718287312516,4.910364437427691,-0.6282760937844696,5.421483625531824,9.98640465999357,1.32882681196666,5.074272836794756,3.0017840067003507,2.3219874720196403,7.761724095634528
-5.547613981906009,3.41598903681043,6.15311245176711,7.5348089774864935,9.612386776920237,7.355711451166523,6.320093434469689,6.274074718372204,8.453417886255252,1.8591386286558493,16.837827606093104,-1.135570741054128,10.300441596532563,15.728907184885475,1.546033649939855,9.324439226224737,6.2903076943383125,12.754994508170498,6.819723979177809,9.5600607260275,2.6000407756990147,8.471759246943734
-5.594353425991916,3.5070376950893207,6.659387972907076,5.58161962561601,5.319514951609804,11.267783633215487,7.935631437272022,5.5089379284962,0.4753541924622866,14.052842427528331,4.168828396681397,11.651786972623443,-1.461991646985353,14.408723357456902,1.7225845383116283,1.0575958897925206,6.56916159786369,15.05143544419016,13.57001526219503,12.900054665108291,11.843736746937228,7.710714626735507
-6.830501374901851,4.1161485694657385,7.275836018477748,-3.230078547379284,-4.1751798037161345,-2.698074231349801,3.696270816817797,13.517255393368888,8.928327543024736,-0.8053132560502911,0.22249463919947804,9.304800902914595,1.2892624624579734,10.145378738535936,1.4428354885153944,2.593576212025436,10.904185056566112,0.9358202419745596,3.6078451227456068,2.5098382224495728,0.4024875985145388,2.443822030966243
-4.73903929600227,4.236596389985269,7.0478733652286785,1.4589182566628802,2.2458579461913533,4.920869352321786,7.0754823081269675,0.2049798689045176,0.9557358095385042,10.891717238392161,9.293382955844198,3.19272200254135,13.675360830352973,6.768821650102025,3.57055516918996,8.254780497486562,14.909117177938706,6.381941677304937,2.1998496608796962,8.365136602385617,9.625836840901089,3.841380293556813
-7.107337115415513,5.1841586219829034,7.507036991923294,3.9075279368298164,6.3427932705493575,7.655247092406253,13.691901443905074,13.097523129445221,9.107908450760617,4.422038299355881,-0.652568791093539,-0.42649359221391764,11.950644316921345,9.202228318853138,4.093256715087672,10.103880628896905,0.38669848414704017,3.5166890772809523,9.220783844045156,12.590116917441673,1.124719153958743,2.722805363278429
-5.708968278259519,5.467322041660033,8.159378880150221,4.662726691755023,8.842046677413189,-2.0327727030073843,12.963309794693226,-0.6596668950429709,-0.0796721815068608,-3.189438632089398,11.554853887839586,11.590792442933134,8.832181682855472,8.715326086348087,3.340197627939122,6.644344220635392,14.383780896184177,2.88765434276751,13.87026106341168,1.5638185935339515,7.6630001896424345,3.101391823241848
-5.7535838077125305,4.6204566509940035,-3.3649796870313775,7.375228294720227,2.6736721055553643,2.96643301028342,7.18898436836282,7.931768854763985,10.91583008279948,13.607964066832052,8.120833400672348,3.8514923953351046,1.664643422200701,1.5739142780219189,15.563545687622522,8.261511236128559,3.5753201989014127,9.802986528097291,2.8398107521513776,6.9402164411604295,10.596369340154052,1.6014414416177911
-4.625469795991133,4.091795415792426,-3.987860123415326,8.477865844230077,-4.169054488922907,7.577660295628464,7.491809940778604,13.333859777139411,-1.7874354288081251,-1.3150151044145701,1.2724559099892843,1.8553776348512898,-1.6170559098429749,4.4554771599650165,15.153616419642642,9.871941223255131,1.7748067006899422,14.09336643923385,1.9167589721358411,12.781561012192306,3.719111160179962,8.742260310023106
-5.564647975774122,3.879018698844013,-3.603292674265261,7.494606574055283,2.8947653576321057,7.183544267121409,6.764327097674706,-0.1954583004761785,14.698271966241336,11.534688519951011,12.740356834195751,14.955158856574188,14.28572289606882,14.361035419191891,8.746198793957193,6.294451116723535,2.229271258392714,4.042730964332576,10.806076001619097,2.5348881072527982,10.123516999246284,0.3774398483655891
-5.0593344458985126,3.5597846590704476,-2.0303310428026675,4.502176547797,7.832831230555944,-3.3054857199622045,6.994584198873528,13.862806630204267,-1.2060965403920216,-0.7882468239626109,7.78785256712833,13.485895679420253,11.368047226746897,15.58388972626463,7.412865544682218,10.996939067859024,9.72769545941732,3.436491443416079,14.515879829391988,3.5674384898121567,12.37097975400176,7.867263640080642
-6.252026397563317,3.3940441043247036,4.223592538638048,1.0302961236131911,8.501400572233258,7.16813016796952,13.253005704275024,-2.0822227055253193,8.323883899050475,11.277068201402095,0.8043098155466769,4.312300601044733,7.664739336854795,11.391291279077539,8.52678392598838,12.119600825657404,7.521881450081536,0.35033364299231845,3.004181460509637,13.753636184519548,0.8375884044474329,7.58402274470229
-4.833031955627285,3.430807676908368,4.768315959962324,3.553074435002352,-3.1139793307510666,7.59351689307874,-2.070011696027475,8.669625215944144,0.3560589982168271,4.349491517920679,7.84247619322992,-0.6179677491417574,1.635025081923283,9.206779245551472,9.209428334530239,15.782955529085367,6.80348110997083,6.4143708900041,2.1757109158702876,2.510127972978459,11.109895921164526,7.863653490409843
