script/wind150m.json
{"header": {"parameterCategory": 2, "parameterNumber": 2, "lo1": 3.000054539987559, "la1": 64.9999836372058, "dx": 0.5, "dy": 0.25, "nx": 34, "ny": 52, "refTime": "2025-12-13T15:00:00.000Z"}, "data":
[rows 0 to 25 of 52, columns 0 to 33 of 34]
3.9029369792275377,3.8317183795433705,5.241301384606612,6.843301153433357,6.821836006475722,4.6044605734488036,7.32673492463272,7.673941376202747,8.630322152081927,9.191640028953802,6.446040889996996,12.263181158656812,5.571992754716909,4.872833931172011,2.4343793121615063,-2.836725204813363,-3.429447787884401,-5.048268674064368,-6.313557638296582,2.4635456345380926,-1.6091385418098136,-0.11686648818621875,-5.000951042970598,-3.239488752273877,-4.247710052581152,-3.047952385502195,-2.50562244789976,-5.521239141949424,-6.170110782586406,-7.023652653517031,-7.5978730122327995,-7.715600857010521,-7.275144788489856,-6.924927234448383
3.0933667688183757,4.003190286095194,5.520293572993963,7.73959770809182,8.058748389658092,5.196137926998721,4.578714558240616,8.166021078222247,7.280169199738736,8.477313174555524,10.054932191092671,10.628889735464957,8.361369765918328,6.346171235590031,2.9331979076463983,1.567367244727899,-2.6958001621633847,-3.180597916155809,-2.2887522698821474,-1.683910849685503,-5.09241197058562,-4.064379919947171,-0.6663269091445102,-3.8389620382093876,-2.3628992331003458,-3.9477871414448846,-2.643999436675532,-5.07935535945706,-5.498004752087856,-5.6955296042328,-7.018190537332679,-6.948600706698458,-7.353179224372642,-7.507365691141762
4.345556415038568,3.6592500581618563,4.922434169191891,6.2233640857524,8.228955085869398,8.570382840005566,8.010038748819065,8.187680686154021,9.60958383657308,10.625619307800463,10.0951954248092,7.807107984880645,7.951721326754716,7.1456678073188575,4.316175850784956,3.3321581374880744,4.4119225908455935,-9.676971974602761,-6.0183017248158475,-4.563526833568179,-3.8511348354661767,-1.503892449939056,-5.518694507463926,-2.4472109845236796,-3.2429703341875435,-2.0434479165109707,-3.9540187985440385,-3.8048943122575998,-5.739519977225692,-6.500209097366117,-6.464583723706086,-6.067101143997591,-6.461798840614835,-7.3399399567651695
5.1846184134587645,4.466495394834641,4.263982716650508,5.6870199555565595,6.202758256867973,7.489985925306781,8.069479301854242,8.801285911282053,10.42473112417237,10.145495582483615,9.117843873042505,9.836200500252103,7.474558052795308,3.1283439729199487,4.1797948856112415,7.013840349304908,-1.7260300282474466,2.2606518708691534,4.4918862955468795,-3.1208905488489114,0.42390119400373844,-1.701017824127829,-0.15105803215806557,-1.4310392457791667,-1.9127970019968425,-3.7713366573751737,-2.0228730056114284,-3.588707943915217,-5.9681487085951765,-6.556567713969712,-6.975729399005797,-6.526211186580139,-7.264420714601419,-8.254784602629966
4.064461159055612,4.439471776535091,4.833295675992666,5.574591099530548,7.802217528386664,8.305744798367332,7.37302857363931,7.822641117015403,9.896821317198704,10.46806852953164,10.187861729785755,9.701310108555651,6.715531091080646,3.625115847746951,3.139473365850825,5.876763501828041,5.459195299480273,-1.2695756786340167,-0.4839184217164251,6.480219852682848,4.860935094216487,8.722195519135626,-0.3986307528645492,-0.5590868403849407,-1.5320157083545398,-3.269106770750683,-3.601507842947166,-4.3255544507213,-3.6606970637879117,-4.037061187052945,-5.447944855220093,-7.125217525373026,-6.345077659049674,-7.010018424914584
4.0131799459704975,4.6401962104899575,5.256069451678915,6.252591078141575,7.116801622395572,7.904911349637731,7.919841484986975,8.964995790927635,9.408103369191052,9.833365301195967,9.081913661218545,5.322138811850352,6.8246324747289835,1.0991021771244127,0.5451358548702746,2.303212119825353,-1.7813549662087895,-0.8096793408522185,4.093951488975235,0.29037852098043737,-2.526122744162585,0.13097863306074994,1.631188647521137,-1.3799118548570108,-2.0159781689953657,-2.399403709909499,-2.742589202859416,-3.136937087211202,-3.625628152763539,-4.16170499202854,-3.9758384705359977,-4.72087057801455,-4.634943940487266,-4.852369383636054
5.118542735672102,4.787289728108504,4.592460120133549,6.202327899185676,7.600808604256231,7.994442921206819,9.0098333724555,8.8775593553116,8.738011677802401,9.473421988158766,5.563695932632254,5.893460296405275,4.657834092980153,5.313911242494307,-2.0583977499908825,-1.8828920859649059,-0.6573595427165105,2.159241122087296,5.733951604007624,4.623132546266303,0.4701819629355266,0.05216552044164854,0.08974074876578736,0.442360842302325,2.042972409184108,0.5607454623432188,0.5125908870144318,-2.3903231438216577,-2.0498852084576593,-2.018675424879386,-3.88889664572055,-3.406037198208611,-3.5573177206932685,-4.611365307422624
4.206625378691625,4.996711792623889,4.482951673923883,6.440871438256938,7.633235671350485,9.305827669094128,8.877417562379309,6.620859049613462,7.702916878507233,7.374518395425004,5.291435603645481,-0.9580362604063607,2.2560242338781804,5.367433524635266,0.4592104208801697,1.055864150772075,-1.112270165205188,2.892335133549904,5.181318015458427,2.491539866726161,7.107282179624148,4.385471619928641,1.9628434181371393,2.252411416599081,1.9129328095148452,1.1678315496848577,-0.3973982500449272,0.7124825995447412,-2.2554298813938716,-2.796829964806415,-0.7975865951799084,-1.9543054682567311,-1.6572566414777383,-3.5210057569062325
3.9330056026872007,4.0275878038940585,4.3424181437695015,5.240143438050585,7.218160811703287,8.7771590074055,5.582688819193805,5.42931707700054,4.592231288352913,5.048462092097698,-0.180478390204053,-0.8491478237933909,4.521654176709895,5.256727363303078,3.9361216791336457,-1.2671554680000696,0.10918121831801039,3.50337548473216,1.4945936005595055,4.7397496154848815,7.157136989943853,5.940762164693424,0.5610183228129915,2.5369792936693663,3.469031015374788,2.287680119488493,1.161939391788629,-0.09978130024183904,0.10924461377875354,-0.34913387260825035,-0.441366405973631,1.7597023001730832,-0.8190580472087169,-2.806692025176147
3.8891186803114497,3.583546299517008,4.7590639254282365,5.763493853281779,7.275507675155866,6.381161439526624,3.253050115742412,2.7586366755357297,1.2879974014708555,1.9121804286987776,-0.875034493860304,0.6916995195557144,6.225050019915701,3.82606404576856,0.998329374908365,3.7401096591339007,3.7134840249632153,2.7921627227861157,3.9869059004101626,4.849103728771522,5.385438917064982,6.744094528950406,6.229600915698663,7.54974130839564,2.0581076257633217,2.7174426980785786,1.9981719806003684,0.4907276631002468,-1.4621315665994392,-0.6506740589088045,1.9252504334962321,2.062517513287399,-0.2261253328870367,-2.1512446302180734
3.477354233661088,3.77598375171363,4.4417935655947165,4.797914432927668,5.384606122126819,5.492602613754922,1.1985499827739319,0.40832884078384685,3.753866202327106,0.5972182210215229,8.376844517508195,-2.725897100933199,6.234749618404257,11.30029097011561,10.036606110627838,4.058671564767397,3.191377938258045,1.6658156504715793,4.3425862534714685,4.469737822114979,5.835941155978748,3.5033649604265578,7.494572443076433,1.7030878317761091,2.3093496856039786,0.9654830371751119,-0.8555375371994042,1.2492578969014698,-0.672618473170367,-0.2555589366594375,2.61013505600328,1.6256776426065171,-0.2893874810598589,-1.9759639572235728
3.4722898167589715,3.542910007728507,3.9764341075507557,4.123325234897487,4.34080134719971,1.3304944200294817,-1.9016763456376027,-4.389220668569662,-0.23942006253696982,4.518996957923397,5.065110043141898,11.152918242016876,4.852052070841894,7.105919487523914,12.483895999359197,4.125758862179458,3.9190093628488536,6.538119384480032,3.3000243350347587,6.288898745378729,7.463790388253146,6.671183276233348,1.8918938586532072,7.153958279607197,1.780357584181119,0.3947965226081178,0.9095583234348752,1.7475571628426931,1.4754103866997235,0.9789830660197507,2.020724262046208,1.1872216937915292,-0.5014368372325649,-2.3107933517885537
3.3119980678608405,3.142438342641159,2.9320170720027012,3.9007497689694444,1.9869115494678802,1.409278089639875,-1.1003668020919124,0.8248206522745613,1.6698690737386002,9.426806947819673,6.584280826794263,9.092087732224327,4.494153925546302,7.739004331285094,7.582837863496438,10.56419094384749,2.718835864424964,6.405800606499711,6.474091441323207,5.485354940009558,5.125711076834131,4.501124854123029,7.570607054633786,4.248700908307047,3.425408753843211,1.2706483158287738,0.1520460590911904,0.7615884221366308,0.1620199841700523,2.1529466287762764,1.4541534135131968,0.6193651499827294,-1.3408774009530082,-3.025946903999746
3.2964134524803854,2.5968445431898726,2.3745193330137244,2.5188292970186223,0.5702171155944777,2.5939892568480842,8.411945969530402,-0.5491076694515673,3.9525739742635593,8.716708556648573,9.670185662765334,11.993987983763361,1.6955392310754196,-1.4813591014451588,7.05954682201035,6.10444080658933,3.200729214011883,4.642740767068876,4.980910479266731,5.094083963247254,1.2269782114708765,7.050887302316704,9.221572155216839,8.169916563053054,0.9868380605990791,3.7151486745265685,1.9541956626124564,2.6681739581494757,0.009197953258894968,1.5123170603291785,0.9162300922325664,-0.4592924650193797,-2.0688379965187176,-3.6299737450592167
3.436818500023084,3.0658366419070844,2.2497800868425695,0.8287058910983858,0.2464341780122718,-1.1564317555908676,1.4380231583966105,4.29347104847872,0.7690629728608664,6.314376291253096,3.0292291987658637,9.893211531260773,11.937562749765727,9.073989279672865,2.9155710641626427,7.530399165893868,2.1358832944378903,6.244739821175199,0.6569066962127901,0.6573841418509693,1.4001659503756048,3.6798595427305525,4.054308147429409,5.555520473963837,1.778669093937606,1.3986107096875386,-0.05592948755645151,1.605792853078715,1.144568919734385,1.3140170151586452,0.3306110425027636,-0.8837566225531253,-2.8497349772952605,-4.078074981508738
2.7702767985383,3.2252406788542767,2.0879525428829324,0.8580113095478786,-2.2764049702770155,-0.852355549934391,3.240323254477992,-0.669599753582668,0.16991587815692674,3.8913434407157403,8.589262505456285,13.956778043174568,7.2621676080227235,14.869592820633946,5.803930360626548,4.262288386359924,9.11761348218024,0.385882095757772,2.5133624647033828,2.986187507393557,9.885047838081864,4.117192215954454,-0.2199937161811367,3.3715950449614653,2.9340693448742896,1.360664049413436,3.363334665665847,0.7880651680146922,0.5227171225755706,0.4284958071966343,-1.9407795955892881,-1.810640767197528,-4.053476341532098,-4.750002588520205
3.2892544938291732,3.697772360558314,2.0429718116861393,0.05440638430851353,-3.2163974560489454,0.12633262836381615,3.9336194517810763,4.254157009778035,-0.9695400789459697,7.311805036955472,11.439056688797782,18.030153008807137,4.773299470509761,3.5374689426126373,0.8533840669471219,-1.038642146081851,2.7168256211016657,0.2050025181232147,4.458195728389707,2.2251402442880366,6.562337909806713,7.8996936340064945,4.464193362148521,2.0966476449339644,1.7863526857676797,0.4349208549844607,1.7208774895419237,-0.23199950253233242,0.5299062540378413,-0.8993447290429835,-2.242309965774567,-2.611356693751495,-4.648563735399719,-5.528790037643344
3.2344780600424663,3.880168469595985,2.4141231204040343,1.352163246873109,-1.3960896482199208,0.7842423131561612,1.8308353068349714,0.438515489555913,10.27907873576721,10.189173386548234,8.950227138810611,11.669676411891604,2.786759016669219,9.946103987342676,5.954726179118155,7.5694169113574885,2.2123237555314965,4.690774272470549,5.311947127029683,6.397750847765309,4.722128082273807,4.1627466236825015,5.9403693777815745,7.321935417162184,0.2619699002243343,0.3478190787184546,-0.5107704023895022,-1.640438181995342,-1.123109974499984,-1.7050706678785155,-3.402052496942091,-3.663538577935684,-4.763119572262576,-6.163504324679225
3.478162005983658,3.887197020226451,2.94233454322534,1.4204695160736995,0.1332189549334059,-0.8438477008728892,6.425797293265091,4.15270877204745,1.3980943991203323,10.414423816448647,9.483880982764234,6.45374464720193,11.061788714836823,6.132356677661737,-1.0162972666120786,1.5897186993393135,3.5689523584189664,2.416590334031117,2.349655232140286,4.247217039940544,2.811891020493439,6.180002228023123,6.114310818808091,4.1609530263611125,3.2459695789096226,2.3895941403324703,0.7595381737972443,-0.45082167874400103,-2.362993215244862,-2.5428449579489287,-2.513621594862443,-4.1017141706321825,-4.683196087397372,-5.720307570051226
4.587646363771905,4.757238037554441,3.949889496350199,3.0239120807002537,0.6517456787190993,-2.831345653492492,2.3429807670877527,11.221941392299787,9.916887012394648,11.55169428959884,11.172880063794024,16.37768146009272,5.960335215759191,17.571354422493478,2.877814586617736,8.542128730032589,3.606363029735372,3.4787125477105714,4.345071614834411,3.2033794152244344,2.1681134264741253,2.359364788849005,7.262709356627557,5.479693272586362,3.3873075455953168,2.9496141814434806,1.5953361392649545,0.28086687357635903,-2.9173419938514122,-3.614713569229072,-3.8097008182762107,-2.883346663695796,-4.403491361598925,-4.9782904292575205
5.921052500352342,5.600839019671471,5.161323236117984,4.084403984716179,2.294468036718492,-2.5847893691053945,0.17285615348158426,2.794084508532221,11.075555376619278,10.669028864461227,8.201187373645023,13.101527248190747,12.531154532930248,2.86021049835003,3.4802718226878877,3.2299635842071295,3.864298017921505,3.66630318607321,6.818254286048966,4.130438154919813,4.4566947453326025,3.0135024785842557,4.1190770623192785,3.9595568041438165,3.8543019366127877,4.5508153333255645,3.5237869175431182,1.6185234127748456,-0.904643193692488,-4.407515336564094,-3.2410040713315076,-2.9152245287862684,-2.91123544583397,-4.749383701439577
6.7633822362322125,6.225134068370068,6.263009069722966,5.453107452788865,3.005702975024362,0.23410466436673832,1.326672938709621,4.051976456165954,9.494881377738446,6.116523043908032,14.592383208330311,15.031992443669514,0.053891416734336305,10.461808504802574,5.858863138680562,2.495106233227958,2.5752064231224168,4.3551310438462405,6.528167954858005,3.4401331225912535,4.164817402669287,2.3776119981666564,5.1671923157093795,3.945659166588027,4.016350406191759,4.264538232464677,4.232389833279534,3.0896817205301264,0.6571564832236071,-3.5600757473976414,-4.801586389693509,-2.4638666962200495,-2.4964797416035522,-4.553122779421178
7.001281901192895,7.790838634282829,6.678060511342424,6.155639767241186,4.217436079065557,0.24463885499017668,1.0866825754209741,5.313459889340598,13.038163703479357,11.860707206333805,3.859077443588529,9.98622497105513,10.158278313134577,7.821841891192427,9.850358414200278,4.031163736542211,2.9849204228267303,5.420509222954135,6.3287025464365065,7.407363804216142,3.7569564539553584,3.189088294955566,5.294562602519084,3.993887197646441,4.947315654147228,5.144561840464634,4.60816627613523,4.264951774476356,3.7233151792278516,2.1811593573716785,-2.4361139454336334,-3.4174371545457447,-3.660786791647542,-3.8899457486333566
7.349439967771491,8.361567130141118,7.4217557747917455,6.498558932293132,5.182630322948461,2.6822108459250416,1.779054064983649,4.6094869720147695,9.223451499214226,3.2452710807419565,5.591442042548564,-0.11468812832178006,9.114741979759145,5.019995223284977,10.008221403276057,9.768173478593658,3.404254447697744,5.5054609176217095,5.7378161570903305,8.579022440629506,5.550796950167427,6.181926475181008,5.235949356353381,3.7280946705325273,4.051774654716728,5.135240293090318,5.202172499955663,4.585979932247949,4.5368645090227995,4.41699499160647,2.954925869152148,1.666379161110444,-1.6006457998841201,-4.3361547692045805
7.993353246498038,9.351807825048796,8.238199475916241,7.012972186170662,6.497060853106544,4.402813343108265,0.2950177191855374,7.306137399324172,10.880318110010519,7.6922832624973,7.861691005160629,2.228990509796554,5.100259432068733,8.236576660755794,9.661147472640925,11.234383430788785,5.483813103669412,6.608820149442292,8.082709543060265,7.251123879659795,5.795259126992013,5.681432892064154,4.177406365244507,3.8514765146075516,3.333002297757644,4.3908690326683475,4.118039580672,4.4518737874967655,4.649630639632203,4.944282248264503,3.57765572323887,3.968287295345123,3.055534071359959,-2.0734663274005674
8.362321045857769,9.305713416020149,9.046532798511697,7.761879300032412,7.0976717228681325,5.048614602825202,4.0176607682577,7.142393182774035,8.68699084210166,3.775129154281626,8.263925464518323,4.7306585143872,9.489993325642583,8.326365772794919,11.449207793346236,12.810125395615787,8.820416247786705,7.104145353068884,7.257533006222356,6.76872176283186,7.522170706053043,6.507819452484788,4.705656175471864,3.6739827320568708,4.038508287798865,4.518202879880314,4.1232673195748815,4.833233250236018,3.4535422415680443,4.59608447958525,7.601660259262108,4.065443373896021,2.6548331548701074,-2.011978213842765
