script/wind150m.json
{"header": {"parameterCategory": 2, "parameterNumber": 3, "lo1": 3.000054539987559, "la1": 64.9999836372058, "dx": 0.5, "dy": 0.25, "nx": 34, "ny": 52, "refTime": "2026-01-16T17:00:00.000Z"}, "data":
[rows 25 to 49 of 52, columns 0 to 33 of 34]
1.3331913476352923,0.31625114283771816,-0.607325144638242,-0.871554063479279,-1.0212260323862246,-1.6480381085572118,0.24618298573157682,5.360175343014919,6.532775019713551,4.204963083837326,4.645146750268062,6.447952859204144,6.415236762279111,14.307774593652278,14.856201176415613,15.766498967879903,17.661326761040147,9.52507650359417,9.33106067858776,9.624908282790429,14.257183474003382,12.208487288947149,10.11029383856518,9.846327815087188,8.45655295174113,8.242410518301892,8.794787302632386,9.816647556240094,14.548291935965533,15.307587711361437,15.28349899727642,16.426467620295888,17.81535485524496,17.767696716007208
2.0356027886181174,0.4364145956229208,-0.3120696395459329,-0.47748822743829805,-1.1317949315281262,-1.298599547262517,-1.3935420329756718,2.3952173603027718,3.3276396187538655,3.487455421410666,3.7624898444018724,4.879853710591573,9.288971500996352,13.084218671812021,14.104747284577451,16.265303853417812,17.723884575627984,9.518215443471325,8.675654451248189,10.902832146923007,11.565403107205949,11.129497191026536,10.216540120443499,11.280177684125407,10.49336083585409,8.183720981748776,8.184507988125183,9.308225809849503,16.75451112759857,18.096494305221462,15.61973169749054,15.585880885792857,17.962016805247988,17.71372985322167
1.9220401024203368,1.0950875209445512,0.7456995196885109,0.7922772375125143,-1.0450326042747229,-1.2016757338702226,-1.870113339953004,-0.004192940788935343,1.3787873353715274,3.129605863006465,2.898449758647052,6.239498549589738,9.76736475138441,11.623744605879278,13.536800363058434,15.200518568892486,17.465100327553223,12.307717922479062,9.998232118187051,9.746591298732355,10.262888640691374,10.354137714286999,9.891878509522575,10.104821390604073,9.406888322001505,8.963560447953558,9.198120673111877,9.6646638560271,16.65174718541041,17.54183479234932,15.293289552806009,14.466970048821773,17.830476102226644,18.007788703022996
2.400973222436344,1.1236707931549275,0.6851402011008496,0.06636525912098522,-0.6547476051259046,-0.31888943801203173,0.19112349322937805,0.48638802201751374,1.1041843429557596,4.018341325815909,7.9453564442255775,4.219400788245629,6.28598143994074,10.851016661329679,12.827716615760764,14.273620421115945,17.29644383128638,17.268830900160506,9.451044785340006,9.877855578407532,8.7112519299887,8.812658815846824,8.170545121042913,8.690026359420882,9.054545940895979,7.177237654636818,8.462234211338096,9.227671588612958,15.749729327155627,17.35296865199131,14.446459734677497,13.230877984339374,17.055798389140982,16.944099076834718
3.779847707768654,2.5171616111287993,0.7542132291992363,-0.03473496630600178,-0.10666025585999175,0.16393616727481647,0.06534468033946379,1.707760455665993,2.303040553196817,3.4875300035745047,6.508642340231011,5.196765969761933,4.005148988133992,10.61694801089597,12.422223367975223,10.832953679253604,16.124501384486216,16.600688564618693,10.951186373078256,9.911682867388787,10.115788971499413,9.23114308173688,8.196050668799876,8.42171614117518,9.13605611619018,8.069805090436674,8.074417283585195,8.641461102990059,14.266463743672594,16.554057447761135,13.956797162343001,12.184306690552244,16.472753959120645,16.8934278638465
5.05943743431414,4.009079045862213,2.202626608317653,2.063881153398253,0.7008419562447371,0.04754032478908165,0.8805930963505332,2.227059721602936,3.463579197798646,5.238587599143424,6.295341044593314,6.423031965484033,5.265197146106576,8.782477801700184,10.617696315807471,10.24897625046544,14.395305760411004,15.85424985610739,11.17277890435981,8.828005979023722,7.92776019018279,8.470951101988804,7.8893832866357565,7.755358389910606,7.381938584118199,6.6966437138655515,6.918101008656194,8.238874659442144,12.172693181265393,15.957626907612193,13.111723487907325,11.821204817284256,16.137972713600487,16.469174180147334
5.551373955753499,4.557049247611248,4.291056526016376,3.933443824708217,2.3914568302885204,1.9979339116583117,1.6610821524203372,2.928566927957288,4.2417546189956195,4.751092577380567,5.976595649748479,6.368015865648875,6.286241966552834,7.769403042647346,9.145686262772115,9.322882943325205,12.790220393487512,14.630082603193191,15.731659088346131,9.166681885155882,8.176279517620717,7.452055331175044,8.068311137341796,7.576238602822811,7.5298962211086895,6.9564080074610875,6.316275177561412,8.819357529682783,10.905418806035152,15.739871295597398,15.402946429737055,13.560912385757407,16.762988472355314,17.332991256114436
6.815314710215237,4.865379897494627,3.5102511013362423,3.345654374902659,2.996979851373897,4.747129346456573,3.2609086986388216,5.139779815546351,5.267185261555332,5.1165330162488365,6.310226216611112,5.189690607783223,5.609730978319003,7.013002693883948,6.881749303245901,7.844709491762792,11.83490997898136,14.021739755183448,15.00117400068921,9.519012626936648,8.458121908586916,7.312798603233573,7.033150209810681,6.706026238851276,7.328401726870443,6.723157221168382,6.785340050089938,11.933435003773885,13.16568201128731,15.599106330135918,16.45736110873029,16.883107172070968,16.772626122225862,17.044020691732108
7.671061140397697,7.437463689270346,6.616697322996997,6.210640720982706,6.66461273844283,5.855489905269379,6.6341278072586505,6.693647970715071,6.7151495812103335,6.725320680865979,6.760043337243287,6.788088729985571,4.918835727397413,5.811904797851223,4.899535779028675,7.187362019023779,9.851204292153739,12.945028689440779,13.892096159102511,13.548834166458533,7.932970968763536,7.246468739664781,6.395909851453499,6.34338972141157,6.300023565133629,6.38134982620125,6.391605437665263,10.598628651598483,13.52496079679488,15.323045847002623,16.498982397791522,17.066397107686463,16.62986412849179,16.661602195073446
8.28904363516272,7.907975772584276,8.135186418448539,7.441044947568225,7.6585465025017045,7.684696736001136,7.103684570285053,7.442503095284338,6.538431922330843,6.764558941500779,6.899583969404882,5.305917097455699,4.28080636348591,4.325940025038661,3.428369035109783,6.600849795754278,9.22331381314274,11.795468206438052,13.36982234939145,12.209114438583617,10.204487773149681,6.181430524312968,5.930537559422634,6.574720604861125,6.566258731897368,6.490543391203505,7.495428488103543,10.25081536369443,13.37343690969398,15.132950497543728,16.028394024974247,16.63470090666056,16.096680290494366,16.197289315304243
8.08982918274764,7.81941925725208,7.667974793320963,7.888964043239619,7.974785268085082,7.497234146681606,7.011267695120667,6.558977218746138,6.73879610141138,7.228369193783759,7.403888749208755,3.9339455823245353,4.266128078547795,3.659586017630686,3.591919054343392,5.149873738586668,10.477416843290664,11.333567145639908,12.432734423479426,10.698691800503184,7.71522546773508,7.1873766102520396,5.427865819833867,5.510626524680581,6.800099972902659,7.478231135796943,8.438778162479966,10.735390853949307,12.283835863264603,14.402690718989648,16.10040801581319,16.30435623480666,15.580927811488701,15.605836800107493
8.328534230312783,8.017507015623336,7.736048561107884,7.4079132234965455,7.590159916700072,7.143560379805241,7.049413996304983,5.445678742082971,5.471021609611475,5.901142443154429,6.221235145913145,4.770162526030738,4.371541946040758,3.6517060097988727,3.7975396316327124,5.700077566642198,8.847010663461758,10.360500991776313,9.453474856300248,7.502084317198536,8.992493975097583,9.052396192994939,2.8217035670686337,6.794552212502213,7.738742416828964,9.84306882269084,11.35834680561942,12.855673370518907,12.916862820318782,13.918677943588511,15.633631775410402,15.823487648240267,15.161749816753144,14.81163984930259
9.887967356136492,8.624602496575163,8.120894332397649,8.008126999385423,7.383291387099038,6.57198134492626,5.881027136076145,5.143171198199944,4.687199224385968,3.500441754333319,5.024441827052173,3.342189314541111,2.7152216296237084,3.0136596733333043,4.305411691726211,6.573293650402905,7.648968231866938,8.009554520581192,9.11675139074109,8.33996587059354,7.7373997006538415,6.797500154268684,8.362794677400068,9.445466016754265,8.011152728101376,11.097033593588709,11.38511801782198,11.958487888819471,12.616050409320197,12.93655482371447,15.376737718632738,16.015251775783494,15.056556496270318,13.466718072211734
9.50626807698295,9.176577258215728,9.435978955785114,7.989691922334177,6.6894870861019395,5.8419790586930835,5.093122278310293,5.272529945259508,5.713051838385609,5.281799409791706,3.9234695816867724,4.075342223466042,3.618322497564161,3.205486198307032,5.964330545925143,5.607310796533715,6.781847897812007,7.006918670518928,7.287411611280815,11.424676509167332,9.910724415411925,5.885196222814122,7.1036318975658315,11.051067902377342,9.2543378047364,11.53387996188297,11.548475800783725,11.935004115683794,12.295944169666612,11.698078171883795,14.866213974953535,15.358182035055975,14.95037799750915,13.144832791020903
9.068316764613538,8.761090272578924,9.072965951787232,8.394319429697246,6.535663509847353,4.687152604190347,4.586142142562331,4.817754701370496,5.282638471206672,5.522977023571959,4.142283620274555,3.323658115213811,3.8194707060127095,4.232182677386186,5.488096504296681,6.092292917305189,5.8892973669141595,5.483563798898959,7.875759765950707,12.131245281290699,12.1455046419775,11.825783563657126,12.127243327899162,11.44036062752737,10.267787323432174,11.428791322456103,11.845739949491891,12.17715268677333,10.817574790008347,9.993804999353246,12.71630918908169,15.157841653692289,14.29866863159358,13.73144126000216
10.000930712111966,8.701334267077845,6.987952275486379,8.54198095767462,8.217254127889367,7.2762400295299425,5.306738008878108,4.700558666555508,4.34043859510905,3.372692646566625,3.152423741920363,3.5885455467413983,4.506254708255906,4.600031293987172,5.134506895528601,4.588007624518121,4.304792630876749,3.4247828698751936,8.837001870471795,10.079262172268109,12.400203484813918,12.309089549643563,14.5375659615292,12.848904822752221,9.699175627938438,11.828004755807072,11.429832679384342,10.629603865251442,10.350664439545893,10.313385513059153,9.860742371667058,15.683695145101671,15.416638009678325,13.739172022280554
10.933473646078326,10.624525673095336,9.019697128937203,7.76112316289539,7.980199105182291,7.7052982719720875,7.559362299115432,6.613800566555463,5.208488903580257,4.043719656855839,3.5664551795929365,3.468119954799993,2.935513070484408,4.214841166593208,4.384374913320245,2.760960612948982,1.7043587165447034,4.533627008299819,8.758882478272668,10.034627738461245,12.296620792811035,12.30401894571125,14.685994924792166,13.393045714731244,12.354864804931323,11.640599049418629,12.713003604709057,12.02966589665012,11.394790096214514,12.019483047736108,11.802912213548103,15.278964189996751,13.956601608880542,11.339806915322791
11.084450232275731,12.666155438200796,10.419563937672299,9.869877405690001,8.391878544042843,8.527885867681684,5.717620256407996,5.871936591403678,5.988143430122448,5.732664281978496,4.80917984509831,3.815911413348798,2.431955079433718,2.1865141755779383,2.2231642393665174,1.2966164004679148,0.945377301441166,6.98871460176807,8.772727687185538,9.635925284772798,11.429259635607107,12.203266803257831,14.35422295345397,13.845013914439548,12.496285225721508,10.896106044428109,10.017337969483506,10.386815384483729,9.613636287874522,10.332256811844992,11.319769832980679,10.554806716904352,11.613153643435048,8.830681430895646
10.983772602891277,12.183920152775096,11.388878629827538,12.174099986566748,10.817313711463724,9.216795833415578,7.444239168090246,4.545596408438329,4.951369807346698,5.978557216169898,4.726661181893618,3.461355348088414,2.236775446352311,-0.2084929534945428,-0.15582996999294235,0.07280571185620374,7.2823007467181675,8.228451204909513,8.934962719029008,9.856204683053726,10.624520202609963,12.057709250964699,13.44163827327817,12.915810628655054,12.846441219343665,10.79315370869162,10.973115690341974,9.725057312079063,9.690663641624717,8.315870809540302,9.3048122285279,8.863828129536895,10.23786163120608,12.079674298476723
12.202760747238981,11.207800255316418,11.261729481930773,10.029685535498482,10.56314253626335,8.798070148154086,7.1226121560770395,5.184452604073824,5.12122677628743,4.860563745558103,4.283995084238388,2.7122959277586465,-1.3766034488711676,-2.726817808350758,-1.0152010282912372,-0.11342803509892885,7.999766225928287,9.630210173024896,7.063509262834716,10.265156421640286,9.064549453425489,10.542119791390393,11.527146502118777,13.405855914881638,10.418863582830442,8.816616356027419,8.537268706394126,9.869674249981493,8.728193177496465,7.185944872472161,6.627896912431129,8.756763361336244,8.829007729598128,12.501597072618475
12.239195710455279,10.596769429735888,10.689784550692302,9.594935781360197,10.839027813276221,8.464117208265682,8.04200906274089,5.263029634155963,4.4773722441216774,3.9395461537220684,2.22474984945554,1.5337548406930697,-0.2464842650342394,-2.375181799830683,-2.145070843043472,6.2049853560581205,6.4329852475523355,8.25743854234365,10.55464611949829,10.599435790603577,10.957986665327498,10.524204735993925,10.965364757821579,11.25455781639928,8.896243289942234,8.402728200951783,9.811664902624324,8.623377274970833,7.0304278160052895,6.954419532780531,6.532774094332934,6.825665647158029,8.557177991090066,8.786884252003736
12.069511001376174,10.377384517463868,11.210332933011163,8.826481273964568,10.779420840323864,9.128559386966067,8.38288613499612,7.600476182820866,5.759594200821847,2.440038696109907,1.6741570761272369,1.2683544642366418,0.3141686361440991,-0.14959045770076898,4.473477781064175,5.860853439780185,7.577854624915073,8.698304908162953,10.309901989073323,9.495741043650892,9.742089408741913,11.364730329186086,10.030455662469906,10.502342003944973,9.569271250589125,9.336964906007955,7.747855022779465,6.791892155752803,7.205995154324663,6.932058006320523,5.903902408001268,6.3204562267541755,9.947629517898267,8.847325490662325
10.256622552121282,10.01908386230131,8.549262615423887,8.369343485109365,10.631221599962304,8.506851707500532,8.000778201146263,6.38078010801702,3.878366436876686,2.676378537292919,1.5192172446394085,0.07010153654806134,-0.8845575367758277,4.897261291790508,6.023039295562256,5.0689168736886305,6.638870698369547,8.055768406481782,8.91424915874919,10.22224231121379,9.187704878223643,10.166588436016925,8.735087312194274,7.198209184258399,7.877888392007265,6.6903907393827975,6.232267056717905,6.9740738755131035,7.423508293376509,6.424102760589993,4.977379572077092,8.476729021358981,7.8475972440761295,8.161213103783385
9.656053233825082,9.867923526618384,8.743745886966435,4.335978483135858,10.270906686133973,7.388887179974992,6.765262661207284,5.285154365189777,3.9276196584995215,3.6422139186528213,1.9980906111526167,1.2396028468120435,4.5624727462046755,5.34980361002779,4.757709997587419,5.864903109472671,6.742334305535488,7.071385336688982,7.6696719376677285,9.163019914860485,8.74913683715365,9.786199628483711,9.500538104316492,7.980302600919928,7.986155662327493,6.97723124944266,7.119877536779165,5.6258824031001495,7.853652141565897,5.583646743707558,6.463375866857159,6.1744975586942505,8.264122289311203,7.594839521555724
9.988991617850312,10.822398890369412,7.542494232861081,5.924276106835755,9.352124949554774,7.700327721324627,6.497173586151045,5.834457566904388,5.588445660114234,2.511431134424653,1.7126668519908068,6.4567884073810395,5.5610763687575,6.650044930358738,6.6080123320243676,4.009899710862422,8.37599623787218,8.47424628803718,8.127812843494933,8.706970096464095,9.89185117784007,11.57504834574829,9.323874019070637,7.658170377486996,8.066776044238818,5.205139192662747,8.261608769077903,6.873131311936025,7.19671248124287,6.010754584904403,6.729784623568664,7.588665709690197,5.346776761390544,6.638270544860789
