script/wind50m.json
{"header": {"parameterCategory": 2, "parameterNumber": 2, "lo1": 3.000054539987559, "la1": 64.9999836372058, "dx": 0.5, "dy": 0.25, "nx": 34, "ny": 52, "refTime": "2026-06-04T13:00:00.000Z"}, "data":
[rows 0 to 23 of 52, columns 0 to 33 of 34]
-7.194098636113327,-7.282545887904037,-7.6419162042169315,-7.403183788434171,-8.322345759561259,-9.21314115310335,-8.800931556645766,-8.607948949151593,-8.528550995747482,-6.862001383228688,-4.526974423620145,-6.642668616063298,-6.368361852952429,-6.225561270114009,-7.360713398649233,-6.997749076861705,-5.3410521309375785,-5.337567142044975,-4.545446618268516,-7.254605128849376,-3.071467456140542,-3.8152793739595237,-7.182967127194327,-4.167254278814215,-4.232768242349926,-3.560433748068471,-3.5245912526710073,-2.962842009285798,-2.3236788520030998,-2.258008781151168,-1.6794929177773181,-1.5393761879648116,-0.8437119444774914,-0.6414960834198707
-8.212356383301284,-8.396206252008014,-8.087038259152234,-7.537561950385172,-8.638573015697691,-9.250892594896115,-9.23144425144353,-8.989016477415142,-8.576108130396035,-4.757150032632104,-5.658536489661308,-5.104773887351315,-5.2068192298494695,-5.745598737168854,-6.868632094211611,-5.0209445829654555,-6.72947840406511,-6.174034042593887,-7.302545274578234,-6.530577473506774,-6.474312472285052,-4.601152448102279,-3.563176551514396,-6.131107356991384,1.0370314704585142,-3.807004342208779,-3.627765715495006,-3.8279543140290087,-2.976257576282879,-2.240148363882086,-1.6534884399814713,-1.4091435245199433,-1.0652031059037739,0.23658419207018938
-9.160945943592736,-8.807152216575282,-8.507906632507767,-8.220628400799749,-8.71881221564616,-9.600877481764751,-9.817697213141148,-9.381675555323584,-6.609481114201722,-6.15657269131333,-5.644607132906033,-6.007738930669389,-5.077726445202657,-5.369678934818205,-4.197650649405017,-5.339128343532009,-4.615835881565304,-4.665823325680893,-3.9911687190644902,-4.971327235147103,-6.353775479295132,-3.867612238190026,-6.091438701079072,-5.005849950927091,-1.2279341854194632,-3.217389489911548,-3.724156407223379,-3.546383928936125,-3.263406079830022,-2.578068817436881,-1.9991102216455963,-1.3938785323620824,-1.249622763127684,-1.2806600580525302
-9.499287138615655,-9.408522923162879,-8.998895673875625,-8.688694617209906,-9.186858057464537,-9.814892204267268,-9.592544876810754,-8.82119146115015,-6.839770321325605,-6.290800992337382,-6.4120187212813615,-7.47320729414238,-5.9612722471053505,-4.866582849270809,-4.953985302440657,-5.549129963835472,-3.680245441762871,-4.644260510292264,-4.889964681559581,-4.280105373057291,-7.3060716494222255,-4.915388461937621,-2.0072703450129734,-4.809688981447371,-3.7039038642186077,1.0231251233458252,-3.2696063349507516,-3.4316287457278185,-2.8609051220613906,-2.5901529896362456,-2.552264166335265,-1.517496176295056,-1.5173317410153309,-1.7182927469786562
-9.040378060496892,-9.055355391503756,-9.285626040649994,-8.911722799101605,-8.51579546406509,-9.28436438258619,-8.190396641133118,-7.788151267596331,-6.553030049441897,-4.402558539769106,-0.9467932096729762,-4.846065866487476,-4.854306911324808,-3.6368888024524018,-4.254606089813414,-5.035065716798769,-4.623305268378975,-3.4909729598941457,-3.9205253021098825,-7.318895021099331,-7.4356475651938885,-6.179947599050824,-1.8546816156881691,-4.949510872175734,-2.09670905083958,-2.0977457193895024,1.5115428304442318,-3.2004708483547266,-2.7822654055510845,-2.94406533912792,-2.824302621207634,-1.76244627258334,-1.4206152866002038,-1.6139881866733092
-9.567523999871103,-8.990206923144328,-8.900331467503525,-8.460129005166538,-7.360898336819659,-7.1113909836290565,-5.861931489241375,-5.476049429672364,-4.67892315018991,-2.7344200857653416,-2.136919358230191,2.4596076293917912,-4.157139803413421,-7.184069728017149,-4.840167108161131,-4.684784640126235,-1.9054328464413173,-4.329128615384936,-6.443041559986687,-5.5385748576441705,-5.94078343646847,-5.32888156601833,-4.317819680052013,-3.58832490680745,-3.6286600754560903,-0.5865353917719226,-0.1402362178084072,-4.291337164155834,-3.3982564707186946,-2.7724826168856715,-2.452504662460957,-2.216700145716192,-2.095703659778186,-0.7572526538460734
-9.432071905395105,-8.85138142710733,-8.443205761014767,-7.529503037263988,-5.45839325897163,-2.716044031154455,-1.2922401319219419,-1.3495135964910643,0.1496085796106819,-4.828885339668723,-1.959563576493924,0.46116675057418677,-3.90650349993224,-4.025441482707714,-4.55382579079451,-3.5820260139802653,-2.90322120985483,-4.080843653348003,-7.825116885843963,-4.476482448301168,-3.9864125565682316,-4.6989025920126775,-4.050663186480483,-3.68614635715015,-3.553886164944354,-1.0792011714536027,-0.7877880041146067,-4.3016726012374855,-3.5565383463111213,-2.8455737257956253,-3.8296306832998726,-2.4531723133828702,-0.9642779110216176,-0.9912330280724311
-8.9271138939783,-7.1404370229122085,-6.896154603443301,-5.83254763199793,-2.210568265809235,0.4435685706290814,1.0576187715531342,2.0727644474011906,3.9787635212347445,-5.68258732058998,-3.270521981823235,-3.521921990927778,-2.718437497820402,-5.467480908523082,-2.203030087892684,-3.5839065984388054,-2.600534966202328,-2.9568461990032358,-3.426007934021086,-2.7055750811342776,-3.971143254735,-3.791319342167598,-4.4057014986722,-4.8684483079680865,-4.080411052302127,-2.7711896470059965,1.5262105468936913,-2.3788577459655875,-3.021145037400825,-3.8849770917437465,-3.091435063497571,-1.3628293434823981,-0.7171334479661904,-1.971147749377928
-9.127065727244663,-5.774820771445155,-6.050838957692147,-4.330918437810396,-2.3620955240621435,-0.6238915101578593,0.38917882541609505,2.5523085971839983,2.5774417641231855,-4.717889028646517,-2.8285571681135813,-0.6029641780400637,-2.11764931144074,-5.658332077238114,-5.252029841362393,-4.4280357273568605,-3.287071611799221,-4.29028954526657,-3.8291713523155493,-5.1848736320996505,-5.828738893951686,-3.3467996429022437,-2.8575093948695396,-4.530838741706469,-3.955765990220489,-2.473234980111341,0.6413173513595953,-2.6007728784791713,-3.1002063942706193,-3.601685795674345,-2.995831377022926,-1.525617092769274,-3.6848577482760883,-2.4404050244930224
-6.615012146495821,-5.385589267499512,-2.6054146164417453,-5.009470793061733,-4.311218911864069,-2.7420939211353326,-0.9660816177958066,-3.1179075338614473,-2.91688168757376,-0.609501402311726,-2.3003990271885177,1.101491478748158,-5.9608744955024004,-1.0290294218423222,-3.878114644574938,-4.828281693692458,-2.798889155919372,-4.221104637863355,-6.6156129190116175,-3.4231510414420554,-4.009173036512299,-3.587785253439396,-4.164497179398291,-4.4694743917841935,-3.1601152615204544,-3.61540021340683,-0.010576981441532553,-3.0166156855075204,-4.173715037168405,-3.407899451079195,-1.6838112520475603,-5.956119457368558,-4.5251160841801275,-3.3895900954080145
-4.085172133520839,-3.6970657692101927,-2.4079072589476684,-2.6559636442122563,-2.540208564456681,-3.1696098439146962,-5.549212155710905,-0.8515769783553818,-0.57298792044309,-3.0316743509045674,-6.23243145018775,-5.185959998621996,-3.6685119152472683,-2.077322731595976,-3.6138103962496326,-5.413909209804628,-1.0985406308014687,-2.20354980493003,-5.851400815900699,-3.3447688784716827,-4.0459493572030185,-4.27412251629199,-3.8826702916028846,-4.199324129155621,-4.097610423333719,-2.2064834180365716,-2.0931117528512924,-2.888902755268363,-5.0742423893230395,-4.174588303834602,-6.7461748097016105,-6.412722257828395,-5.194849100231857,-4.413642044464315
-4.20746786989989,-3.85704363930752,-2.4931679726094744,-0.20434614020481895,-1.4305968345406406,-3.7965478982010965,-2.326006408832147,-2.323723646818331,0.7602740646104077,-4.87120030829613,-7.027374777933399,-9.371631820610679,-5.282645662741838,-2.6915385486484484,-4.259282930813325,-3.5188352233923097,-3.4613161625089273,-3.9487581278194828,-3.1148514110287975,-4.365330589496904,-4.91359949621103,-4.165033901266582,-4.398017939138509,-3.48419409282316,-1.6178066577255803,-3.68268714199888,-3.1418545635724504,-1.7718578341012432,-2.421948235822721,-1.010551791556622,-7.523731670532213,-7.42049150862609,-5.095251292882929,-5.334919700978529
-4.898613688706394,-3.9842043264539653,-3.4022371388093506,0.3087794430823995,-0.657963483618495,-2.8495944441334857,-3.1431268844989604,-4.741216008060375,-6.708618843134811,-5.547066267549987,-8.427183875997844,-12.623435908292308,-4.840210587798304,-2.906519159261643,-2.338836917388066,-4.042979341418472,-2.74195702963803,-3.2371255502707417,0.15267483753546163,-3.8389092038011703,-3.6850133244273455,-4.40762094878769,-3.984905076106557,-3.6160293335403084,-2.5740592064735566,-3.318120246987247,-3.715589552536,-1.622609853867475,-0.7610981674329819,-0.6758742453371768,-7.4694574949662185,-8.232341561903459,-6.024139888448413,-6.108201473592667
-4.408309164013195,-4.912778504671629,-1.9749678430540267,-2.1839639813139824,-0.5564891344686408,-6.6626889134004985,-4.583136037883018,-0.10986568044782608,-13.717680250922948,-2.186749399512518,-3.4169084780274526,-11.731374944633105,-4.390608818506373,-2.6725731074518495,-4.964230586280814,-3.6743435821854513,-4.18902718210682,-4.3628893647741815,-1.1208415242549818,-2.186318267257425,-4.203740396552623,-5.0110189556508855,-3.52727542052743,-3.618687888818,-2.999709494961924,-2.2731104479620243,-3.033939848424346,-1.5801447852016746,-1.8870272487777553,-1.5688371504527996,-7.937538990647756,-8.37494457114212,-7.058396306119733,-6.908696007464043
-4.644312341637282,-5.007856729915649,-2.2707153902560355,-3.3643697722910506,0.10966762877014101,-4.600150767721595,-3.8285779787756056,-8.763541120117017,-4.619530829499605,-4.739793464221431,-2.1688138676077227,-6.037385127044117,-3.9790051252560232,-4.924458960767833,-3.7711123576716474,-3.534601977549178,-3.2149425494380903,-3.6068599476228127,-1.3850074359629898,-1.6722010667114118,-1.3781853234988566,-4.765963545228571,-3.4886447027144993,-4.056925264257881,-2.549542966498033,-3.4897977686335677,-3.0568789324733734,-2.166561586837997,-1.3921811155954122,-3.3507531456848856,-8.868066830634168,-7.779276347543608,-7.5331414016312905,-7.955939149053947
-5.42636423121551,-5.230565822149218,-4.96775855398445,-2.626189008293522,-3.4246456136978676,-2.6746733183685074,-5.8499229541974405,0.28345413941930425,0.48508801347767433,-5.30458414647996,-6.192521026635373,-6.412698288400818,-4.240013168669886,-2.707835947551363,-4.526579401544828,-4.666000020063938,-3.6115166963200074,-3.898622748733472,-2.808163118603328,-0.8103981741800043,-2.15680635402026,-6.330191456866172,-4.363991500929241,-3.663746972619793,-2.7046463868240562,-2.573446014430841,-2.569125919703916,-1.2899861763313283,-0.9295608441459126,-4.019665153310955,-9.466067392923806,-8.48253133050004,-6.907586893899963,-8.176417748582406
-5.719270805420069,-3.757134538516957,-3.7439349947930274,-3.7361268524673616,-2.346822166467574,0.8787264678925523,-7.905253327756294,-4.0189053750699895,-1.7676304314477893,-5.106128439407079,-5.978306980933588,-3.207417241682006,-3.0945203337779015,-5.5481856356214765,-3.856097507881774,-5.843199575231469,-4.637573358320912,-3.1965244728766393,-3.536355808024255,0.5643555967846472,-2.738386218988877,-3.7429911759936085,-3.6051163479716855,-5.786302108831068,-3.429654097707909,-2.893636458430547,-2.6552838965220706,-0.7262573801990267,2.5643467546830996,-3.0981751911120856,-9.857822899214863,-9.450108323056481,-4.208414410125152,-8.604344200042117
-4.933153687178451,-4.344119407359709,-5.023808480120453,-3.0530785982087956,-1.6559671618804985,-2.1325674218263293,2.903664431706566,-1.2441328602252428,-5.742474199490883,-5.836606138865647,-4.38973693344981,-3.9529121889960512,-1.2674314727012423,-2.4824704934808484,-3.3950294650859667,-4.375167782983521,-3.8323668495676073,-3.975328673670027,-3.000203542273864,-1.8758967293865303,-3.4184476715888255,-1.285465091739244,-3.9855055348245227,-3.568787276292363,-3.8700904188760727,-3.9097375360238185,-3.7791683487327608,-1.1393229323091183,0.6650234119287638,4.067013533045231,-11.667555265601338,-9.70341495637142,-6.1289446505933896,-2.5447748019426855
-4.731197749134457,-3.6246385217572263,-5.128637150580007,-1.8493735785974963,-3.172134849662799,-4.023936064058737,1.3731448307373575,-3.643358435427548,-7.6172290357822625,-4.461089674360515,-3.013178998782149,-4.858724533018482,-2.675610299681242,-2.4455398998041065,-3.4862198841685714,-2.878330504965403,-3.9482339464365004,-4.401803888322032,-3.992042187026824,-2.6559722926602296,-2.6293581748484844,-3.1023511827048154,-3.280504731842342,-3.393899952232304,-3.7021605088298024,-3.64603757732337,-3.065471682839544,-1.7622326518219769,-0.611843263710098,2.333885095392452,-3.1469750044156246,-9.843346508787459,-6.2715219778758,-1.3522441084627215
-3.7326771783456287,-4.611574369205441,-4.477719894558401,-3.311900087669731,0.30391768434177496,-3.2669089064766377,-0.29397479885008926,-1.5528203048799598,-2.1491684290258455,-5.880114822047446,-2.2723422499506287,-3.7295755063911393,-2.3776321415665542,-1.3177395140507735,-3.289179166060547,-3.0712587482724714,-2.985299478569302,-4.320460795283807,-3.3083723684929653,-2.6807434063019353,-1.638912900019933,-1.184595078128027,-3.4112333191346846,-0.9876727320871033,-4.4935716819440845,-2.4393208574268055,-2.9654241297472654,-2.0500838952471043,-2.107218957596132,0.8061471866025347,1.4701721236676706,-3.256779172115868,-6.240063432373547,-2.2922906949130244
-3.6730041428458704,-3.254828300092087,-3.754274016855649,-3.682481817244712,0.5852000629565985,-2.1947069606035225,-0.8877954918817917,-2.284801304828509,-1.6105019685289714,-4.654529608258423,-2.285820437555638,-3.518135065274621,-1.0045843044359068,-1.4566443856029576,-1.1441793610334459,-3.6942486178591607,-3.7886083425800168,-2.5939587599742713,-3.9478537155810813,-2.9935587703167656,-2.532993135151153,-0.87364657537466,-1.9000953983439366,-3.7001615338007037,-3.9328352035258867,-3.163245664169989,-2.921942354537525,-2.30662619826728,-2.5922889121499466,-0.7564061855618311,0.2300047988062041,-2.780806881671996,-3.196375272350685,-5.620651440311223
-3.999566123876714,-3.2099122831478692,-2.9331070135644874,-3.264094375473649,-1.2384760066511102,-1.1445396620003114,-4.16325836191756,-3.143389660989351,-2.0171082244533207,-1.6114698194050137,-3.1295955267378095,-3.9696416680245807,-2.231846968811626,-2.217721918403005,-2.8838974013973893,-1.9004570061764283,-2.6471828730405154,-3.9545632885391866,-3.3442496588586863,-2.477816196425028,-2.5953887905519446,-3.1412348179386296,-2.277769566423301,-3.323109839974603,-4.374373657837469,-4.142624370614784,-3.359846851540684,-3.420355576626815,-3.783172965892047,-1.9129185453599096,-2.5269360213990484,-2.5289247747619745,-1.1132970288264739,-4.825655343557311
-3.7983511372175522,-3.6389304531416653,-4.084530548986147,-3.5649098063047227,-3.4454670580756828,-1.5167285677728335,0.3858246183489178,1.629268578246859,-4.05509257636487,0.12274328067318543,-2.8926340501840992,-3.7878175016056357,-1.926657798612784,-0.31339811825133357,0.07713989847532449,-3.0402047914710995,-0.5683030969512142,-3.960272574674453,-2.802374663896006,-3.9337934927002407,-4.550491163535182,-3.1661329300277643,-2.5417724708488754,-2.2835944107970696,-4.513902630426111,-4.4753884585295935,-4.946973412067048,-5.483825205250206,-3.567134087731618,-3.7066992336327544,-2.4008758071215834,-1.2098904428481256,-1.9338014226685944,-4.561213444518832
-3.903477350551376,-4.068937461088456,-4.477526352768692,-4.940690429599154,-4.371802597026571,0.2289459183526056,-0.23893200369547138,-2.5875566332972433,-3.2891459755235384,-2.0308472436718144,-1.8521386095488586,1.1414369274056617,-1.0356623986696452,-1.6950815373061565,0.19565614560696418,-2.7109420483190685,-0.5460532406425427,-3.4958945322142636,-1.0641623907994198,-4.126619071895301,-4.140041854703839,-5.929282336185022,-3.2080782299780424,-1.8728907486096553,-4.661927697983478,-5.043646729779241,-5.058965873432024,-4.282705540629628,-1.9473136862313394,-2.9697784171144144,-2.4235434092661823,-0.5737620877459111,-3.5226967984721407,-4.137635782880412
