script/wind250m.json
{"header": {"parameterCategory": 2, "parameterNumber": 2, "lo1": 3.000054539987559, "la1": 64.9999836372058, "dx": 0.5, "dy": 0.25, "nx": 34, "ny": 52, "refTime": "2026-03-13T12:00:00.000Z"}, "data":
[rows 0 to 24 of 52, columns 0 to 33 of 34]
0.9827211072123188,1.3053378251647314,2.2282138271291902,2.907503060387732,1.6614220215457556,3.664214432042283,3.437529133567115,2.605983552754406,2.958771002526917,2.857562099930915,2.2037880503827787,2.2557060663712907,2.3691091932749284,1.7927527058970665,0.7640944316579241,-0.014519316955821782,-2.0450491207232457,-3.3498659696303905,-2.6480104618345126,1.3929048952676388,-1.9856322629370162,-1.4579919003000472,-2.6674477383440838,-2.6359752251600597,0.2337800150648434,-2.8365834139618693,-2.3603775144723333,-0.6368862883311863,-0.3495913967105754,-1.762438272978966,-1.751719476946641,-0.6251545362678952,-0.22717508813070258,1.445083493751387
1.0507523454996202,1.3398553023089432,2.23643874626383,2.6810930648064017,3.063708321416067,2.4630787317020215,3.3416770366322153,3.1322945138892786,2.529563658423449,1.3835843355414008,2.5901491438127295,3.260582493980163,2.790662394573637,2.5863889310342874,2.3010211178733484,1.0429419904944075,0.4567069644877467,-3.622446890396122,-1.5425393620387,-0.8830351772667651,-3.9657408485364245,-2.8663953098227974,-2.7477142185159655,-3.0267260404672185,-2.1488631760542978,-1.7107193159678373,-1.5526280580213399,-2.55439496541737,-1.06389250578737,-0.12204914240030346,-1.1416905992094637,-1.5395034579321472,-1.0386343624819083,1.6352633470887497
1.6989879852259075,1.5512902903210253,1.9132663945124182,1.7397738952247996,2.674620390536067,2.615242316446639,2.635858485134258,2.4552601754585663,1.2937786270535592,0.7970324461410985,2.2307219747588682,1.0535826297756332,-0.713166070191967,-2.4245057393915497,-0.3386978508621649,-0.16741609136065788,-3.26349189475725,-3.186232684335445,-2.542505196777178,-3.164200412794618,-1.6890833281786508,-2.612808447766397,-6.321911156128594,-4.103002536709757,-3.315959055777842,-2.2241542350172763,-2.7316140384258487,-0.9665726414377848,-2.3616817764193887,-1.6439500527411153,-0.14862479290189318,-1.8726434686905105,-1.4992334835500358,-0.02866272974620017
2.527050522619042,2.4739184873224347,1.4516599469123324,1.5662332555300889,2.0453536526640277,2.7355492081444566,2.110159329827336,2.646121960468747,1.7689579497114927,1.401644283623847,0.6642101482518428,0.49522832747990236,-0.004511048130193107,-1.0241699231660466,-3.3300529130227656,-2.2883357086050964,-4.286718955559531,-4.043353546943572,-2.8223887850055114,-3.9751019715676867,-1.1975751585980523,-4.556332315531036,-4.902665432367053,-1.875134890127579,-3.209850413735782,-3.078100302855592,-2.283244780007414,-2.2856117432721614,-3.0650275819074806,-1.3630747966368322,-3.1154980750413848,-0.9000955919408054,-1.034403001582381,-0.15905005148462054
3.511085391760355,3.4500607843947573,3.150381502128033,2.3743594389294573,2.5940395062148545,2.070804993029487,1.634969375594405,2.4450068378643692,1.3360145356537032,1.4152995837623221,2.763079740137302,0.6071593055386255,-4.334009291696609,-3.1508307670586535,-3.6078531357237367,-1.126819975975767,-2.011485766600544,-3.0015001607701293,-4.402245049438403,-3.68294502095832,-1.7512468289167205,-2.0260526965776426,-5.039701862968624,-3.527390342464925,-2.164629059099711,-2.8679784961137216,-3.227936699908454,-3.884101641980139,-1.8431077105712705,-2.020421495983066,-3.4285042701375255,-2.8962203788455056,-0.23576575642389005,1.5322034729779541
3.785571941103618,3.9289895881862975,3.9069259211368697,3.195217416642982,2.645124577741097,2.4233263885789396,2.075221304417048,1.8067991135935089,1.1366038951615265,0.8776884595891439,-4.139114229170004,-2.917728430887914,-0.7249860470002178,-2.9351589532000575,-2.8046158377099863,-3.10754936130374,-1.6237284249871764,-2.3642513489212407,-2.0093775469048127,-5.382472732344715,-8.612373998962914,-6.585188248204081,-2.5002687738285267,-2.3688118194835464,-2.479816697408056,-1.465138053734484,-2.913513763555202,-2.850714168028278,-2.141877845126945,-3.019417826642325,-2.8326500264003065,-2.2273177589584314,-0.534462262864518,2.6039131484862947
4.188698857010269,4.531656761028452,4.210840761036626,4.441426139092722,3.0338820179892756,1.9834626640947086,0.7648184174437835,0.3052363013431648,0.2052788399982092,-0.7942943694466983,0.48594342236402854,1.3736794836751327,-0.7482148279813816,-2.5606379106465385,-3.487006358691404,-1.4676104958916782,-1.5844874157239504,-5.150451048511676,-2.5168965290052574,-3.5760228082433834,-4.2402901151195085,-5.087020086842885,-5.248029414217264,-2.7385201377098016,-0.8890261671400074,-1.3840575018840198,-0.9855244406542077,-3.0451126216648885,-2.8640090401930394,-1.4825754802124083,-3.033637617114922,-1.60170567536495,2.148577449038597,2.458301983676901
5.242916890664046,5.171829457710315,4.337052743467213,4.043564156598284,3.8666899811439572,4.087381174233759,3.033343142579394,2.0105106862484527,1.860555619000542,1.8352745605603602,-0.005473486940732993,-1.2489794146295803,-2.525671526091107,-2.655956280578984,-3.037589671258671,-2.3826320840038333,-3.9472769982507794,-2.568068734001494,-2.107948811201874,-0.13457351716457244,-1.595353093473161,-1.3587626189001836,-3.659973598386722,-2.526310413313006,-1.079160241331436,-1.9081165869534107,-1.9077083489536037,1.074273308498638,-3.661065209431298,-4.571725895442004,0.6122012042767486,0.6731895179886903,1.7802121389476124,2.3903869471995636
5.737914573363612,5.745822647035302,5.038432314459888,6.322757291544516,2.5573804551466237,5.557044996083994,5.848986921935336,2.5003249071942184,1.0730919593947281,2.1368914508584376,1.2492597690508602,-0.9258252636475278,-0.43515830491361573,0.3409614606344222,-2.2505275696532947,-4.252201839150934,-4.791349140775644,-0.19504592133059825,-5.547453861511654,-4.1994030809615035,-2.1215417813475264,-0.7289470646625195,0.3657325765188003,-3.122988442578059,-2.6576304450196413,-1.6164921419018117,-0.367031919174647,-1.881728291796473,-1.944443805760032,-2.136928436669779,0.11257619772806572,4.400765965214852,3.2413701947572355,2.0341546702847064
6.315441680421111,6.662208484799673,6.4232126116217065,6.031918962803737,3.0689301667020668,5.6852179215705725,4.436077475359915,2.596859963176049,1.4035685611690303,6.18648417220745,3.4853207771403207,0.3751111227394131,1.9772667867728653,-0.19847984080778264,-3.753833535311975,-2.2009149715442557,-1.3723268917138838,-4.473464644917924,-3.678039232050948,-3.1324723146509292,-1.122234782154417,-1.571216807812418,-2.843979875576969,-2.561361553231484,-2.07819001619174,-1.493981990372956,-1.104473213687693,-0.20958567816058798,-3.533233753330975,-2.1476422522537755,1.9814629229941993,5.39606148738332,4.317961517796794,0.9259016037997696
7.393599191390477,7.417142551578395,7.370659852683423,1.6024553739026965,1.1444240246968933,2.2712148873746147,2.4993511048453425,0.10288744078720621,5.251363607972477,-0.0063476990043117324,6.274206455059476,4.326871411967995,1.7563464126922212,-1.0915190287661043,-0.10642265841271073,-4.493659847105106,-0.17307525996641906,-1.299809668875909,-3.156973162308205,-3.58171502377326,-1.5444866588911301,-4.36443048970491,-0.3407798112980891,-4.444798602449271,-2.5483528658787336,-0.883786585934574,0.4010110531816268,-1.1462263136646225,-1.954954762957912,-2.8638067275304167,1.736956461784075,3.6094412199844776,5.86483277524389,1.857843402664436
8.428075882888269,8.239947501252791,7.570447168183269,6.507032567237854,0.10056799963922128,0.9588394649874531,0.7644490271721244,-1.0822898974396868,0.8687471012194099,4.024033348940408,6.5173700259863665,2.9971723838297812,-4.926090151110171,-0.07505695670187273,-1.278900204345274,-3.8966850272553883,-2.1900104895670554,-1.116661273929156,-3.1232980304382174,-4.554065683740314,-2.3768976119012137,-0.14539117671599092,-2.623237174662192,-0.7391858103522364,-1.7983889699889761,-1.9541407061252898,-0.18638814038322474,1.706509067024644,0.41958792596383065,-0.910549643131713,1.220755951281443,2.3462997812895408,5.061587678913441,1.0151296512956927
9.507435496775601,7.968359033350545,7.657123745388244,5.651103221418823,2.3250897986779413,-0.8614724615273933,-0.9054020051050115,1.477810633126073,8.362389951538148,8.787133867810626,5.595543543205037,6.184538117714085,-2.9572374431647797,-0.2544156661879617,-3.0661214239127963,-0.6712620802341498,-3.146128044542709,-1.23994266017328,-5.114174493736027,-4.825431472680298,-2.7768155579107057,-0.6511719801652089,-0.6146744590170201,-0.9283072182552816,0.4285531407185142,-1.6948311958014282,-0.7303603953300265,-0.18838622074989977,0.23100729259087052,0.8446447552163292,2.0522336304192197,2.1559474848736278,1.4544573291013074,-0.5668858665843863
9.661207326275713,8.236222627487738,7.065886603363142,3.5569402855257812,4.201532289780023,1.4670178180138231,11.264385520869949,0.5207113389177661,8.816458043069746,5.992075839874536,8.154969677828994,5.785407758915352,-1.568329392413773,-5.290338501769054,-2.8049867752831488,-2.310611779673051,-3.320571188908589,-2.871702718738557,-3.383016815653494,-1.7213563365183109,-3.960809739839504,-1.8179713836195246,-0.3629359962869185,0.11932597184772034,0.9005149776297564,1.7640251025488685,1.2980538297628592,2.487989906971733,0.8585808947198286,1.2385501666500363,2.2716570804779823,1.8838615181113052,0.6292771386600094,-0.8822904638817187
9.415376557307326,8.770578911671551,7.746074646509869,5.00039977063887,3.4305603888748353,0.3542446726512145,0.8604993795164444,9.00173114218695,5.162396347352937,8.319340385365471,3.3143194437864625,6.178266664257919,-0.6861883620938695,0.08273886328623209,-2.3887764663208175,-0.9558780157763286,-3.520819439629131,-5.523389030994343,-4.695577060527936,-3.295984364163052,-2.1085983533830963,-3.8353096136962423,-1.689493028251386,0.3055955874051854,1.7401445055954603,0.7623272785729114,0.8892149876634813,1.75468509056584,2.3879207461339114,1.7466560643256517,2.3280176295872184,1.1580724753354632,1.8504241248605156,-0.868653690121716
8.937412444994596,8.873917054067334,8.994342218879098,6.587297648031139,1.9139222202813357,2.3486214536878056,4.868342439986164,1.1243176555785928,10.92995655320223,6.244339688719401,5.298724547776976,3.1928334745206244,-3.4797653098810284,-0.7715583050593815,-2.64501841797449,-3.0026492412929056,-2.6024569706756475,-6.2067443507611495,-5.451085132376254,-3.378852131863223,-1.496894408269835,-1.7440160475550792,-0.94859441677966,-0.019806033409862173,1.512886087522984,1.5152770259330344,4.148401969259568,2.542030663015039,2.4719232384493837,1.7841716509188925,1.9660346940077378,1.2670566951619187,3.7323688660386884,0.07046958100332817
9.439097167794863,9.050329748759815,9.74825858808298,7.874673549894498,0.7352750009171454,3.145641676660263,4.1592231808275155,8.327400194954782,-0.460149729551395,9.416903623500449,7.628641969939107,1.0607085108582657,-1.5239342243465341,-3.312303377682853,-2.292427661598656,-5.8925186662644,-3.684534950429575,-4.369383044436627,-3.4620609893160674,-2.4472201915130065,-2.425155445867322,-0.6786947370926277,0.39241648422606956,0.7925380669154586,0.09438996210895807,0.7845078038365976,4.272963449111221,3.199359101057794,4.131446550724468,2.5537127970578997,1.6248945675332527,1.229510472853808,3.757830721429124,0.6604006458969551
9.754499688530275,9.107059828038778,9.226895440947882,9.365994972053333,3.9398496003277548,0.28252394323326346,7.513283584219879,6.414421906723124,11.340582496343414,14.876907290698744,6.528531981182993,-0.3654919887430832,-3.1940400915394433,-1.0896290203476529,-0.4043070600007499,1.2794952533193906,-3.412493480464242,-1.0953730472111223,-2.021641184578004,-3.411685045078743,-2.7486627979179254,-0.636831174526643,0.7198141605479258,3.1883669493686924,0.7446128033491866,0.45992525098140197,1.8849785679084723,1.3519635573979154,3.759869572904402,3.362833005787553,0.6684160868477264,1.3142501723879638,3.7271154348941202,1.731195816213162
10.350948057171127,10.034148774635515,9.510761998603765,8.714973510751808,3.5513481156986093,3.3246552482395306,10.401963535266319,9.20933482652662,10.040788259657463,10.088453005359678,8.837614732439347,1.5551799925117897,1.5556602592310955,-2.130153161223654,-0.4869957187715954,0.5463638492637761,-0.19561516829599626,1.207147845008159,-0.7368435865640359,-1.3852495910504383,-0.6110894285129674,1.0959555133553982,2.5556685465948603,2.985215033559877,2.0579920847159134,1.8967829324146792,1.5355108931442727,2.002774064095625,1.1308756096901662,2.3803632188761195,2.408786545607938,2.0091393087534746,3.2984756175872056,2.028781065546323
10.759731864203333,12.577936442557078,7.964599813474438,8.39016147771445,8.35489136023448,0.2583796408209186,-0.3453931612250903,12.545287036465487,15.407246756883367,17.10316600189917,10.36774619151039,6.107127946436822,-1.5726625778267909,4.077532619273523,-0.8069545919409782,-1.8718707974705668,2.443652016709944,2.0035564264942507,0.14375982455133202,-0.15662932600321303,0.5158300124031359,1.7890972464167638,4.425180826059543,3.928040371766678,1.9911258871750928,0.5787918154511374,2.298228358910131,1.038523689474682,0.27193837739189514,1.8238435998794675,2.6075409193119277,2.755083271778488,4.015264796719587,-0.12169197126502036
12.063373205659198,11.864762152197844,10.892016115793222,8.750677237753521,7.518211806577037,3.3321969583514304,1.7847152894318168,7.638109157188347,10.302281453398663,16.051839616114993,14.266117160223855,7.014596615623719,2.3103618350938664,1.6233465565692324,1.833231940607052,-0.5708040433476419,2.2169121016600295,2.769941863185021,2.8325288620074742,0.9476253887712143,1.0150286975758227,2.631767337883642,4.187930854649725,3.6040406498154463,2.097671112504532,1.308624470371681,2.0327740283359743,0.3229955564356129,0.2358579619581169,1.8377725890275196,2.7243636448514046,1.7619458690446397,4.385226642464404,3.936527109420186
10.571931116817487,12.789068544858386,12.741081213421776,10.69734626102156,8.479211962610579,5.455840221344339,5.402582845773665,4.418878467656919,12.048578938066742,11.457922051022233,14.682914451307846,6.446333932763162,-1.2970827758088037,4.62693669392906,2.3000756290346662,2.2041037429797004,5.381704783389383,6.740711805535416,5.3912756512434035,2.300736430268624,1.9497325456263872,2.9957948115160944,6.511085594468335,3.6412676556836208,0.8156427944641652,0.5647523088409565,1.424073816297881,-1.3833234264747922,-0.6956286066522859,1.4272240501706466,2.413858463914685,2.2485966146910377,3.8007084416629606,6.495447651454441
10.6685104040439,12.203187777544656,9.290384865991378,11.202596900420785,8.31145740980638,7.46316529737834,6.281003434630648,9.686320897043535,15.077740105427763,10.554317242837332,9.507781767036088,8.87772809830361,7.214035999926952,8.20460845604798,7.671159299679379,7.2324245121407555,8.303127390777856,8.47713142007579,6.563567512119565,5.504223811631933,2.4283640880352393,3.280503207671677,4.96066403600695,1.5999442390427454,1.44984943418208,1.644413925928187,1.677418302797503,-0.6485211450765049,-0.9397715395992023,0.14027245548614192,1.392014415539737,3.2938525794956135,5.203412325083499,6.943180135467513
10.039674434903327,10.897066554020512,11.068532002818094,10.710259297846811,8.853728518210623,8.027317227638358,6.768618247813031,12.803972148185538,13.219154831806561,9.23230921530351,11.123383782856,6.172139613704714,6.926332307336319,7.754554150573797,8.349859502347321,11.85564261980089,8.869378565638193,7.507695877269963,6.72162612558684,6.576288401967751,4.4869605059980175,5.034573546068983,3.0888827166937483,1.124558762999601,3.683261988542156,3.1683918643042888,1.2677542000622182,-0.13263963013680855,-0.4040645478761172,0.7654056438770925,2.851209027122057,4.312745802864119,5.285704549389248,6.0787655622786705
9.223856375556696,9.997895529238011,9.998349208189781,10.867862713990313,10.965398828206656,10.375416892457373,6.674609469340987,17.71878302417849,11.110195375327324,7.101764985127715,8.92001653146744,5.670426505332293,7.441245633666008,8.118838831356127,14.864487857651804,15.484399355758947,11.625960936944368,9.033811429205802,7.577023173738277,7.022309272883049,8.639785573773882,5.705223874222699,4.731016852760721,1.6168447632103011,3.5511925749673328,2.8890863969777234,0.9628871726145625,-0.7645276917677329,-1.3023978389768596,1.1023309955576612,4.223049321031342,8.176583449069145,6.3872464609291155,6.348901304883686
