script/wind10m.json
{"header": {"parameterCategory": 2, "parameterNumber": 3, "lo1": 3.000054539987559, "la1": 64.9999836372058, "dx": 0.5, "dy": 0.25, "nx": 34, "ny": 52, "refTime": "2025-08-04T22:00:00.000Z"}, "data":
[rows 0 to 24 of 52, columns 0 to 33 of 34]
-6.878967728321482,-7.504178584252214,-8.521065079093574,-8.890367751955049,-10.146003715917356,-9.925215934662258,-9.660244710564708,-7.470596765680655,-5.679928700148702,-3.952711543145774,-0.6167759167970432,2.792177389210141,3.7981362778059133,3.502235709922229,2.6274546907817866,2.3402124627031196,3.2516669124596422,3.4037694683698856,2.7415952026325225,8.115970094943705,4.929491680460052,4.034598071630274,2.8445016423229914,6.129826288530673,5.404816613774936,0.7493775767928533,2.6306473154265992,2.9010316591760197,1.117244975720703,2.8969175489805066,2.653838680772821,1.9485395861538877,2.1820405750080587,1.6155197575666085
-7.328921653788738,-7.765955706360668,-7.475269377781616,-8.928715830951395,-10.932458923728841,-9.601220026439645,-8.940997644924401,-5.953151761030263,-3.6302544287728336,-1.2445873825364127,2.265976279252875,3.3846800224510893,3.910105959688236,3.5435024929411423,2.8481787404977608,2.433991276694976,1.855558398340949,2.7639158215467896,2.767196706832873,2.7359024158714584,2.5307028072921818,2.9826509345089955,2.541096478761775,5.6486867710024375,1.48317647760587,2.1246069770640017,2.760275437163774,2.586358534676261,3.1490859016236037,2.47860353323921,2.4273354155983182,1.9597801263839147,2.0844724513725263,1.8790380438727998
-7.838007506605981,-7.753295876768375,-8.330772535382339,-8.596436628001225,-9.466639667652077,-9.002815277699172,-7.107338201640569,-4.351357460322433,-1.0124092361158366,1.5880266485283039,3.9701944428749596,2.641134222951838,2.9326947210987506,2.289408467438275,2.5079069660437563,2.1969594111623367,1.229446379803337,1.2937524708441077,-0.15328902447609113,3.1543381677289624,2.640913395386626,2.1710029600074874,1.7412170886162948,5.329628522839717,3.4778544885968885,1.8603572830231296,2.2441222752110352,2.989268933042127,2.683496805520638,2.7805760809656888,2.7478834587246346,2.8946328146921756,2.3348351520094104,2.6793594653852497
-7.369350884776946,-7.571628987916758,-9.46005032101639,-10.46219493993328,-9.853459772759974,-6.864732387786971,-4.547798039919398,-1.4337261347634547,5.088945705694861,6.915002798353677,6.509472724897345,5.925051292869228,4.483233266166881,4.2994295891025915,1.2450336719391584,3.946176288728488,1.4716976400062756,1.9986917847157177,1.948202531463084,1.21080487765608,6.091337904982503,4.456908645394948,7.311570441955178,1.8996352277945783,2.6504548824255205,2.4703265387065283,2.0582931965459275,2.879366280108331,2.5967210008265695,1.5619917057040498,2.373144702175576,2.710545218320753,2.9179954574292513,4.388288370308596
-7.264196246731309,-8.140571098616956,-9.752677447055621,-9.787072823311785,-10.37009259751771,-4.037917077298353,1.2780899714444707,3.0274375574992387,5.089670383214636,5.769209033074166,5.115306852789479,5.667088241224752,3.776934910870321,0.8604709327996714,2.171822074786674,3.3011334740923814,1.8072224146917533,0.9515016867874281,5.022386173133884,6.478854438104374,10.487522940822513,8.07125638724154,2.611867982338679,4.667205632926413,2.8572672904006464,2.387808063516599,2.488758473767263,2.5209247939486765,2.9474193114358247,2.904262697760349,2.9808468627472595,3.667870613252746,2.0816374708948477,3.047839789297069
-5.829471520414101,-6.962592403117385,-7.951914383033311,-9.502302317509342,-8.553293076078024,0.05746738792437619,3.8356208106523524,2.761269922237125,2.98244833246652,3.7282499389217327,2.061342742917375,1.5892032900748836,2.95256555692832,2.0996561983014095,2.687197430869466,0.31717876174085735,-1.8381166827112438,1.1072521872192005,5.569267572368399,5.685014594894184,2.5432346723854318,3.882441971597173,3.645792685470119,1.556722737767991,1.5910799002409572,1.791224817232359,2.077933656420934,2.1031204792960954,2.197454034490795,2.879277750786224,3.1404986228307386,2.2892219613929803,1.99972248464747,2.387834141766927
-4.728521479077486,-5.11637539095516,-6.200394472049863,-7.452059154695242,-7.102732227995188,4.73434005731585,5.9125177093053205,3.374590301019056,2.008522686605704,1.5844946970626983,1.1330593638729878,0.9796684195222045,-2.235973313561529,3.409117104527879,0.9159897799499158,0.14481631982667817,2.3055156602261424,5.086465690570192,5.00326472503603,2.74020201519945,2.174226278979613,2.557060170060405,2.4921865844752173,1.9888107393541863,2.005668246836156,2.369752234408764,2.1084008852667755,2.212715925693236,1.975127770201879,2.1443901035807404,1.7475037588613493,2.3276738298415878,2.649529030696232,7.136362776664623
-3.697836422105446,-4.614835222645035,-5.107597507716248,-5.763120543915153,-5.436419051917171,-6.493817499387097,7.850883485153929,7.925930745805673,7.390784270379665,3.545833421941786,0.552796933075402,1.9333020138591803,1.5975395506662788,2.4348888384102074,2.7448792844745755,3.235839096950798,3.299841033852927,4.108340943841452,5.854312081988018,4.6806986769494205,3.0576234553934776,2.2283463324591777,2.1707431677878146,3.1967340085187246,1.3235889894419761,1.5223681074168467,2.2730437552216864,2.5586092287387916,1.3748345196040974,1.9972359327781677,2.742335879590839,2.563841884685874,3.983499364938486,9.82413795692883
-2.375665176047286,-2.25575960090363,-1.9661221491861616,-0.6235739824542152,-1.8820543631670459,3.8850735920139323,4.516441842339737,5.328166540060496,3.3899703602622018,0.7374199347588369,2.0821784388477207,2.2645018846146585,1.0063583944724253,5.2610520156972775,3.907857905963593,3.5881323439967816,6.302511935865316,7.4678121762325285,5.574664640981333,7.650910441347036,9.469134485296879,7.313696553353547,3.430919774675354,2.3345076790938624,2.1028449780009164,2.649854935743641,1.9128695705776642,1.8561960831898727,2.6293749600294882,1.954196482645953,2.4767917366344325,5.710021024334891,9.782807658534788,10.463451569360467
-2.719155539698366,-1.7004318792732307,-0.613997446893569,0.46143724024228144,0.9055355486302731,1.999575249777238,2.0632244601570333,1.4578953828557701,2.2367052203939584,-2.0029807402448903,-1.9502686016421251,4.976437235460626,11.45796297107947,7.59349057571709,5.49229579425865,11.21424649915572,6.588009602424104,9.350396692853135,7.775922246902296,6.305800576270036,7.275534844724151,3.06222736571561,3.4099138134271723,2.8145835454695805,3.161444283814124,3.041287611380551,2.693767422538295,2.7744997509591394,2.6766571397482517,2.0806440026041817,3.851645966133358,9.83654802009556,10.638113508717273,10.952984994430112
-3.205851995284163,-0.8932155691023088,-0.16803080046858598,-0.004429000823833111,-0.5782044758395486,-0.06401814221652725,1.345910114816943,-0.6112698044836656,5.281161184717089,4.35838372411918,12.790805282872194,11.39867372055962,4.521198516132014,11.336969475656078,14.207888109385438,11.139381948017997,5.7404480863502965,6.095405608299097,8.960395831084229,4.063928111653873,3.8963761630748515,4.179750675077336,6.06748063017914,3.368161618023172,2.795305530475305,1.3864564623477937,-0.09145365434156745,2.6699532908510126,1.402457959447566,2.994773123577394,9.180414945006369,10.997258849523318,11.429794047683373,10.48614294813458
3.026431023765504,3.4820610596848667,2.0525551924270666,-0.3801992995099843,-0.5409730939026847,1.1704044531590219,3.4113346788844106,2.731067489624781,2.5597617728703317,9.91698288630767,1.7722747334447226,8.789668410728149,10.727624989649746,5.339102817656615,13.182751402545419,6.582365069407755,10.052251765985574,12.652225188905858,10.288671569106317,8.548225344982367,5.501477237716664,3.504905994379863,3.0903599719882346,5.553435151203405,3.0105290476984297,2.787948148252703,3.1488630914935993,2.7201704513728995,2.315147424566501,4.2406399054133495,9.595864292131196,11.056281595804903,11.428390618295419,11.058888253747948
4.6542612164493935,5.068171569214966,3.951779820399968,0.16400478518410505,1.2842639840951084,2.5481707474352757,2.897147342343096,0.09646606919961247,7.6987604695346405,5.655557722185119,5.583376452428938,14.44517439833984,11.4570766619496,16.0795747507654,10.633651726947036,11.956676682259031,8.336341443446749,7.190150827266583,6.296005216752278,5.02056691917344,4.908336943711632,4.928450315959012,4.635094904310963,3.40459964163874,3.8583321279374236,2.572268675139569,2.436636292689368,2.8718724828385325,2.2559988580766692,9.975932828684057,9.134640886877344,11.289072294122189,11.676896480925036,11.652814473726766
8.366388938428095,7.3980570422105085,7.351845513721364,3.8415918056290845,-1.4077647055038944,11.926507345012851,7.145226412287087,4.36538569149943,9.503560722330752,12.804304964447304,12.753609313144796,7.313412834132783,3.9031905258991513,2.3349122683606534,8.32302837169757,4.036557915796038,8.648996182837099,4.975166147673964,7.428140706310721,4.27122990150647,3.928689291577682,7.525793574930142,4.276080524231827,4.4873666899017675,3.762740134500871,3.6035295894998596,2.410966422546759,2.6778270172098706,2.836887385418361,8.774547827280305,10.741898414872084,10.83618226930726,11.676531708888307,11.941786495188692
7.084219201859397,9.195698692884882,9.565995733936521,7.796858034340157,1.007518298720809,2.725347507031754,0.2599819172042638,10.116294995828147,3.3411860218839884,-1.8084730492553198,6.517132188985474,3.6050104950827646,9.865724087711026,6.973472247175384,6.140711821267437,7.0836724085862866,4.533002406389381,5.041447412365803,3.992390587700296,3.9089005290971204,3.7572357031161565,4.6775534706616435,5.097712974362794,4.3466478592223705,2.8219752635853124,3.103806887590625,2.007601550588715,2.9983621360225117,2.45864235152858,10.183822019795013,10.601811453317199,11.10020668732386,11.524322634409922,11.447965499632213
7.438164225091819,8.951374255354658,8.43963564362473,9.106307864032523,2.3739585340936897,4.543647636200215,4.802339747414731,1.5598839210805122,-1.0253090634587478,-1.551341565742284,3.9408758401032116,6.937611868276443,3.720181477134861,5.146579525120965,0.8867131960004222,4.8158462228716985,6.087080087450975,3.143520892465319,3.8188938624880953,3.210227096641454,5.006585858571479,3.708979975618095,2.0930249006886754,3.7619946396787314,3.6554409747478265,2.913787558894018,3.0341928343257076,1.8721033106128175,2.6457518497617527,9.652178391244297,10.616101155652483,11.476013990231609,11.739977710088276,11.10528461518959
8.258684587012274,10.455115472059141,11.288381149845337,7.982715572560289,6.157472351535856,5.938610301302353,11.845242993778049,6.8907297840990465,7.731937148906131,9.646686782313926,7.319220450984859,6.671099247994539,1.2052241666072032,3.182048070199432,1.643323965009904,2.6821703267422383,3.0769713680719226,1.9278089722155538,4.90229735972657,3.2309361279759203,3.8242707047317346,5.79211514405947,3.374293842144324,3.5325171088703793,3.4381765605892483,2.527877486064344,3.454341425563872,2.3462024084893502,2.769426512750956,9.91360915608256,10.148766839105498,11.05142565259525,11.456813756682315,10.763967427925689
11.089110761398695,12.808214805153673,14.871667423463398,13.637537397280381,6.91857177955866,4.058064980693341,7.441388245994287,2.4742519970634578,12.591161022719554,9.391104231662151,5.722170738221597,3.088464674734271,3.005832956226693,3.593276417835741,3.6760307807415664,1.684237626134938,7.01100090037336,2.7093530819069964,4.661345860112942,2.9333593538552867,3.436895413514967,2.8857992443306886,3.7467684713246263,3.80083061349167,2.6427226155183186,3.1910829677915706,2.4345182782820296,2.3606393306068645,2.69238890580998,8.768796053272649,9.433163985315648,10.322219580614927,11.478464493801741,10.385034433029906
12.544996581500357,14.836361795998464,16.30932407023289,16.45611114882888,7.949088642673977,3.557840533799704,10.232671054259713,2.2009454510481348,4.400423946456686,6.1147237854098835,4.232492293972445,4.957630623653366,3.8002145620321284,4.149953990477671,3.1713880743275618,4.192718113188146,4.968031148154511,3.410948626084258,6.193095701062466,3.983956427202702,2.3729085062802437,3.7160232491651985,2.811632926879198,2.2872377280060032,3.629831132650773,2.96109733274657,2.875014962602934,2.7642313535047034,2.4970848056039787,2.946898276917523,4.033514146145391,7.930802812450579,11.270507832167645,9.474887052281723
12.426147624191339,15.101065230294795,16.30742657052255,16.95938502615899,5.96810050161508,4.153314423122931,1.8965437586486424,12.254363028795549,11.943324726029966,8.328247400366243,8.192419369814417,8.890067285301033,2.6067901359625014,5.391427309923427,3.3725122190518713,6.207916880832342,3.9545554848419577,2.1559277837432647,3.0396070925715803,3.3448653742320125,3.412249281753585,2.4615434230934676,2.889891169980958,3.0238112208147396,3.553276217650101,3.081112747814038,3.0123517517883003,2.7788823942671512,2.5018390962981125,2.463243099160582,2.763463666840444,2.931196622188472,10.18663734925369,4.685953378584193
13.738407143355237,16.633325826578115,17.066366732523235,17.332588577320077,17.482292389305517,6.595961052366761,5.511636758458528,9.607791321529952,11.159263050811067,8.81209037037066,6.451118679592405,5.67164792292635,3.2677188135646147,3.8108726531267116,5.138294661981552,3.938071575947215,5.11527614198783,3.3717399306209654,2.3793087358690554,3.7740195068124684,2.1019385217893927,2.2706643894163365,3.0177552677989024,2.232083555626928,2.1323467598986556,3.257024186695247,3.2453362632586544,2.915687381063639,2.5466758090873007,3.234999913377263,3.4433272706352733,2.688944191832083,8.163646451256197,10.85366642654545
14.451750834119734,15.852749002136886,17.02336703769967,17.54979378133662,18.160557188430914,12.073107902305656,5.731971451421475,5.256941232696328,9.427281902499546,1.8810681187716771,4.442444816227125,4.891997502486993,3.0976734738956755,4.263086305121094,1.1457566946632998,6.728380954108142,4.16105199629416,3.5434863670732857,2.531574979631511,3.1203419190675428,3.313594423483537,3.2403699134877044,2.4993307700581298,2.3604523691997112,2.7823996661920765,3.103676732192463,3.211604070890667,4.002439518527356,3.1752186546658114,3.828109036343095,2.625566110006878,3.1268632292102074,3.807151175985542,10.749514246564022
11.964334893011454,14.22544648781191,16.93719048196053,17.218276754184938,17.827050247526792,8.168227350805308,6.999906822060476,8.033197883478504,12.951372667312336,8.834513010622958,1.6959706856998413,2.753835255061409,4.593650841035094,5.256544447478189,4.65322643252153,14.926901039410904,3.9917380759539878,4.483322799784986,4.085286549923556,6.189180544844449,4.0153565686140045,4.985616781355922,3.0928947429270353,2.7654677454766836,3.0664651422026794,3.4017945254446924,3.649576305845579,7.146500451635068,3.3845064266962703,4.682006061966582,3.6869119707969067,4.392183212402197,10.44082734172845,9.08700100645033
9.823972038574288,13.519293589811694,16.785748071812257,17.386754311321173,18.14979188294906,12.516909543476139,5.282209530331376,9.230025545435424,12.40756894868395,2.4431458654163527,2.866110490406886,3.8762890037705655,3.645298959736284,2.8545137923015758,3.481283754577799,18.915600077636114,5.7260281608565995,4.711955634682303,5.0037262734452375,3.1679805273317374,4.051343760716054,10.30022048399865,7.0735462503060775,2.8281922766086827,4.114601908538188,3.1684047525539,6.553100704001707,4.067348545457337,2.757193864915032,3.216314152580731,4.089893415489495,3.842455634807762,11.002630536729658,9.604168180698228
9.638887306134478,13.810026886881765,16.391799000181557,17.166998112422604,17.0041577017518,15.720871377555513,6.377279151582161,14.730915329876485,9.929780941932844,3.275397380388553,5.539358968053729,2.0164622863118713,2.4255373967538225,3.505716714207735,4.430820028370205,14.109272481592553,13.735057833652858,5.224506220925382,4.046320362488518,3.605188818538557,9.665683231131577,9.388439632550618,4.273961369476377,2.6145053271095624,3.2790366518860314,3.086698920012081,3.9355649834630864,3.3925178749171554,2.454231850531036,3.558022731754747,4.625037678318335,11.44652392651728,10.893265659005518,9.495225389342977
