script/wind100m.json
{"header": {"parameterCategory": 2, "parameterNumber": 3, "lo1": 3.000054539987559, "la1": 64.9999836372058, "dx": 0.5, "dy": 0.25, "nx": 34, "ny": 52, "refTime": "2026-04-19T13:00:00.000Z"}, "data":
[rows 0 to 23 of 52, columns 0 to 33 of 34]
4.182734069197016,2.870646885256264,1.8673541252609913,-0.05486315317170817,0.5135836360112745,0.8514201329078136,-1.5918445638486107,-2.5302415482985863,0.21496957815126932,6.354664989891598,6.377947808620218,8.367416336206528,10.302549163031681,10.30432529412024,9.25380930451826,9.22831957494979,7.373419366721664,6.899299800875642,8.484493190172067,10.507853825967773,4.405961276921764,4.16160224870312,4.5315497235828035,5.011237738785112,4.3112338533077255,2.5255986790717904,3.446039406826632,3.311928389251952,3.1746432997403278,2.6113252151892907,2.7631256067151417,2.5882846562730073,2.972709309583138,2.4764105554963964
4.70288445961575,3.2928963687318027,2.034212276776397,0.970458016764154,-0.6449536846679962,0.571836218278619,-0.32511904093704663,-1.5238167951601649,-1.6535285662778894,3.3190338432741076,7.046996775339978,8.371090404804178,9.75904676375038,9.099354951362358,8.555591506638343,6.619615725969585,7.5775872398125665,6.196605133475203,5.033988657216825,7.712751235508873,6.553670267392297,5.364039275135709,4.518147585208475,5.207246339231332,2.7832499768192904,3.488034659500178,3.080733822412396,2.8901613654138485,2.918371288148876,2.9088483035186137,2.5039643405979444,2.673941557555362,2.5677540760990456,2.2271441146325364
4.833881883993589,3.1804308323196357,2.0631152820582357,1.2009470278310772,0.49808180841349725,0.17297759850847116,-0.27173251661722836,-1.8325080601754675,-3.5436562948217976,1.8362748473275314,8.947671682856184,8.07777958373843,9.044871609579817,8.349265232915773,8.018270926168139,7.542011896986929,4.89750189058753,5.8837753541168345,5.777031865744984,6.414680996088072,4.132993345239941,4.8834837234279345,4.676632052559449,5.743294894069203,4.287446344017097,3.860080240601006,2.894941648454816,2.9377117641503774,2.5446309598628076,2.7240285647288998,3.001517953529272,3.4119970648753832,2.64513446043098,2.376881315744462
4.8462782301744225,3.145856626185855,3.0796258668029703,1.7965860931533166,0.5063437988715791,-0.09074574341652507,-1.5764293603562767,-2.9786975545247305,-5.096365493389734,0.589156086345424,8.744674436687525,7.944090823198591,8.933403789323618,9.224842247233038,7.922602668855102,9.06587792447215,5.96551747315466,6.300731827870149,7.232457768153965,6.344649355437481,7.094252413682164,5.527698447166528,4.998120348977571,3.856543335710132,3.7891450799738506,3.629368355229093,3.584056791610606,3.2883325061192643,2.5478074009243703,2.424020211964514,2.8917705705867878,2.7670715405294195,2.8885419571796085,2.7165892394931865
4.661444632869093,3.370011966999648,3.0063257016193683,1.7589672948608226,0.056214079833462674,-0.9832275787954149,-3.0748907309605276,-4.100487899573741,-6.307766190206798,-0.6972887408933983,4.496011117470914,8.584110703620027,9.940953866794644,7.8668766012311435,7.5029192903252255,6.362803297217665,7.638524198634148,6.953775030967261,5.2150407795070475,7.2574487923964615,8.357955775357915,5.485912214178466,3.7170530333110743,3.469828532365563,3.2855991245651723,3.963574998983807,3.8364924942197334,3.731502321962877,3.1201147494481107,2.911247226551452,2.8502955211923653,3.5742911354094904,2.89013443901915,3.0151282469462
4.227771036980658,3.872208903045487,2.9320925172723538,1.0929219140401654,-1.0016423813777522,-2.7961999362290624,-3.8209849467521404,-5.419026622019637,-4.60778659492323,0.44772626514502184,0.09422184773120477,4.988925010204597,9.009257690063475,9.888317860238429,7.166357438664492,7.183205294738827,7.330642323693889,4.746152253240323,7.159558151955263,5.827353590381418,4.708218731781148,5.741009542795914,3.9574724764540123,3.1802279658493977,3.2498515011127806,3.166834285834737,3.472316268088305,2.992902852770748,3.1553242525782816,3.9765136317218084,3.020349772376761,3.8004494267832634,4.004161755823063,3.2732140199592146
4.390881262877988,3.6735093151395963,3.347849514337962,0.07747769449915295,-2.29298454668087,-3.6631006718591173,-5.531112638310819,-5.324372938764939,0.09160282203109772,3.8141969557315583,-0.2385254559115504,4.142137548704043,6.872338277918087,8.970920514194017,7.370786452304241,5.7980680618772755,5.255064351806865,7.102062644133857,7.710778259368277,6.574201861929708,4.247435847212277,3.9782345867284263,4.958199415920024,3.2399220260814343,3.555505763661789,3.0796215122843127,3.075289642370282,3.8262220611284548,3.1581859861710067,3.129238779319357,4.0102541449834295,3.1280920347440584,2.5437351625967337,4.127227205738652
4.187036784248392,3.9250613263937484,1.8347282138892258,-0.9521634686096409,-3.233214162123127,-4.46204252299886,-6.446565053930764,-2.160814096767729,0.7956459328183727,4.172853175084977,1.7839864905348775,3.388217246369108,7.1627890784040975,6.402835144192482,6.941733068195926,6.394757807547732,6.763811227191394,6.283924842831335,7.259044454255611,5.567499863067849,6.514983873857232,4.825535265197218,2.6586882471001325,4.312127348263565,2.7491932179981906,2.821328874621469,3.108546388349423,2.8584394311462136,2.2415462221274884,3.172731592967602,1.5249552074553165,1.8818516070182991,1.9120367451638733,2.9927329316143942
4.444723352021068,4.006462930435246,1.3365873618097759,-1.7606360743204814,-4.716170460623364,-6.094146450076248,-6.014138766655952,-2.8596323002038986,3.5045915104847847,2.3355055231142474,7.384406279858103,1.3091004410939489,8.17407344794039,10.699108609894235,15.01699871310075,7.407798204725824,10.334529292202435,9.817858734459703,7.898460301145183,8.112554776308126,10.049276611038644,5.961862543377179,5.553385914974696,3.92373130716078,3.073112786414045,3.240649393993723,1.8090892858476093,2.479544818867811,2.4071690344419165,1.8129552895999577,1.055732404207638,2.0325635623701364,3.1714685931008155,3.9386152151484315
4.08912369066158,3.5843435196949605,1.4572188729223345,-2.549083569761156,-6.201873002406412,-5.054267600085253,-2.9786375742232027,-1.9713468132975263,2.7251125409212626,-1.242650574477528,0.20165439415091735,4.605686121935947,10.753964154127168,10.840108353252242,10.427367211994424,16.113947136499746,8.659240365741516,8.818662731080304,9.473873837223556,6.437657577498068,6.6510110561737,4.597632938417214,4.61559261798129,3.753600811642556,3.1704827496972676,2.697697953257384,2.7127758827444017,3.1847965580513153,3.2162927767741016,1.9498661450844639,1.430123093920674,3.823068064754757,5.9261015793854,4.63714987437578
3.8023119227105506,2.3918738168117364,1.2767048047599978,-2.3158607103251114,-3.711144045969286,-1.070611307075382,-0.7377629584115003,0.7715201450741146,5.6458851049452825,6.464440788460886,12.740427793252792,12.121841043214642,16.267749916095852,10.515305596454931,11.049414745097062,10.270404732492002,7.390506480739927,6.238561525452133,7.866537115478032,7.045216268556783,5.815534387117762,5.170503940097036,4.420031901514141,3.3106270663958908,1.9931114496590483,0.43647429141413224,1.1627864669714698,1.8901829594811603,1.2878057637540647,1.194064286826907,3.2074350908563427,5.433432303253722,5.291032515284073,4.426144790018876
2.5981104915856505,1.9907505520234599,1.1571854659080165,-0.6927618994991198,-2.11390885992826,-0.6599165882680771,1.4506461899405105,3.110499715978115,2.887764995239634,12.438906997725864,4.89093684355941,9.556664216888318,9.144156173513217,4.538536580366824,8.217755166822926,5.349188752035227,7.768290687083957,10.095054518644762,8.709557625038492,6.735962047183745,5.624128886296501,4.3999936477418045,3.6844032253827375,3.6811239460730714,3.0706067998839686,3.7813305953638516,2.977776815560553,0.6472872088176798,0.3597883898574806,3.973643880301391,6.3568693014095645,6.275001859547296,5.188975058725218,4.391492315164687
3.4134751752392227,2.8385436186704083,0.9672884697015035,0.33659225623689304,-1.7277637485929553,-2.0666030319592954,0.9524077335922833,0.7168729284561994,8.968129044150382,3.1244247073811904,3.458803870724357,13.7963957778063,10.613589708420555,10.981124440845344,7.035858827654719,6.536272159404284,4.925933479397042,6.010577662364967,6.590564396101496,6.642346849780988,5.447718516139462,3.9848441823104253,3.6134227760426763,3.810838124343882,2.951550056816154,2.9137275445079838,2.4221769479993376,2.0921209614088068,1.6064441352980572,6.746255805478355,6.868424804294048,5.606134618399678,5.2893066541546645,4.107179568059149
3.067034173981661,2.2752881687863074,2.044438962504933,0.12971368323169696,1.1530105054372708,3.603712447422247,5.269628402464355,3.2148416757863765,12.163097123826361,12.168919348257024,4.7705621690607565,9.498347227855955,4.600684339765964,4.1551307161647095,4.117976543002241,3.789349259620978,4.149738053168265,3.963626244600738,5.950330018894963,6.192103119755474,5.309320228841492,4.67978354823405,4.032433908934637,3.87361435172207,3.5976553332125163,1.9927405990285987,1.949617638380621,1.5849616973982692,3.181404129192853,4.904578768674737,6.733039823242563,6.564836961680463,5.441565984437114,3.7518030284296993
2.6164901177164706,3.055954197372611,2.351788447100246,1.1530642794413393,-0.5579926536958727,0.5353382594852067,0.7643799394544734,11.411343644598297,2.479879364253916,0.7779706592799214,4.281748168156943,1.9158517386010079,5.191453266520903,5.830390435456557,5.0970358767219945,2.341743539139325,3.319840969211731,4.535894446009146,4.669085584306938,5.848020351741361,5.325178711151516,4.405552803972041,4.020618700685487,3.0744728724133794,2.0180190695441826,2.5249727114620057,2.662523730684812,2.2166158309009165,4.572533378369997,6.935693338456053,7.045127455573915,6.490143628778261,5.634514223150725,3.090271867879187
2.332339992028479,2.88056581037545,2.380564325795814,2.2366927999932797,0.17504304583200903,0.8828333173960076,2.552931729412145,-0.6307897937042698,-2.6748554706472287,-4.5290404958154875,3.3026668103329517,3.788339445836736,1.8821064645380534,2.8664958160893868,3.0470173384482826,2.03909471183841,3.463016242067068,4.844796010915878,5.236114188805719,4.48705536230094,4.776638311166769,4.608820263989894,4.374341688699843,3.397750959192438,2.655458265618569,2.2549968092637442,0.43935203477917245,0.10859110607557518,4.281306623090036,7.807676251945623,7.044803990695418,6.668880706360714,5.193665353981538,3.169826876606873
0.4911060563420538,2.032328427514024,1.8558964040210646,2.846669826762285,-1.1992918038752218,-1.205455989131614,2.9852534242833757,1.80220759754321,-2.345321397230861,5.534724976761545,5.648753789514047,2.287709535556311,1.2209705086429163,2.3989926664311083,1.101537225553073,0.35361632056950465,3.496462865253877,4.573384349021743,5.358355558356408,2.7852321675734624,4.577875205516629,4.6204766111949045,3.343449331793354,4.973373735404976,3.1065736629122975,2.296332885035995,1.265149981505721,0.16037491253956343,2.822624719986259,7.998559843596545,6.789036807491462,5.877108157851721,4.649655620440583,4.1787580532974085
-1.2098612632487085,0.6061177767854082,1.655782699705116,1.8748221610631497,-0.25786835591535934,1.2277335404054537,2.809284467783118,0.05310150856825424,6.254015217116018,4.756969217819736,3.4746351650763265,-1.0451646010308444,0.4731854423057229,-0.5029053098739423,-0.46169902590987194,0.7089619843510848,1.4514125295287625,3.566111420786642,5.877769950249548,4.045566321809404,4.5042214758618115,4.416989341327919,4.71682565539255,3.6077194444156038,3.1871700247480166,2.529940153489048,1.8708561505027264,0.6411758683041804,0.30443058156290387,5.845294511561695,6.9346626378124325,7.4216431745992795,4.248487426153288,3.086207290931472
-1.1942552711907364,-1.3176121560116265,0.4599944104141118,1.4226812173988295,0.6816770360138142,0.010158831570316483,-0.4085706599482868,0.32822280781668683,1.3707755792798146,1.1396980142544386,-2.6263878491465826,-0.27049276445820797,2.9969278756232773,-1.1752306632828833,-0.05363700034664974,-0.3485538017629604,2.1786008659352527,3.0462250378740863,4.305355447149019,3.4638684133771926,4.6757575326277925,4.125053917934266,2.8569234133972348,4.289024875391962,3.1177739241769826,2.7780402630649075,1.8163381450647598,1.7466466447550366,2.0584254545012963,2.1619956488935257,4.532859470442834,9.888371977329077,8.387632846837679,2.249145707152946
-2.2622919542529782,-0.24979180418183716,-0.139148154983006,0.14250650176094112,1.1800778415050022,0.40402361859189206,0.5375857846042792,2.4111076932856816,4.375711290826152,3.829032131045035,2.746862368671823,0.9168560289483704,1.2889935019460983,-1.3877854424006728,-2.332652275083187,3.92205764814667,0.2878960981920507,1.599303647150263,3.0205540227026884,3.4156783944854374,3.742354168184464,4.12571936203591,5.039319659477035,3.5869560488858125,3.8970069918488193,2.596888326305672,2.7879430090546107,1.8579205559401706,2.564439265888888,1.8796423530763204,1.9727246518776762,5.5031006972100025,8.486712254638222,4.632126827335325
-3.1506020863678814,-1.6650908827036492,0.09423140438557012,-0.3737647203278481,0.016142807816055472,1.5370191127885955,-1.3117853928009162,2.031080099151401,5.848030243705402,3.7812853268522075,1.3080772833328866,0.28431653369421706,-1.6562036943152172,-2.1021598236283583,-3.580313114987602,0.6932545696326957,0.4801198202811151,3.8317627786156745,3.9253093807631347,3.444578418141391,3.4858820259254095,2.8303637885553186,4.66213897149924,3.6877973859457587,3.2343629874262345,3.0722061415150526,2.6392412567653376,2.1224806338357225,2.254539937227485,2.0029550974418138,2.2009424329527367,2.825375645932956,5.225271861684997,3.480558521478519
-3.0337588661626302,-2.2129021705526246,-1.677590179170212,0.024477875236063755,-1.1866211931492925,2.3918182402939414,0.9833687081609996,0.5267976310436696,3.2769691754336807,2.317623629446752,2.8183276912204978,0.9306542288504145,1.4365225434032174,0.5821733899049839,-0.6316373591989894,-0.5097233262602714,1.359924671357248,3.071830296677849,4.025757433498243,4.132243303820732,3.257355254689006,4.3988586653168,3.448036655621258,4.225900810161353,3.2874580556266504,3.1438994746270117,3.3531989313927077,3.3737261074295337,2.5653960356521575,2.4545958332076765,2.1244181484215527,2.6047885449604062,3.0554715609858154,3.086933038061281
-1.6827935835821484,-1.3490609316418822,-1.397133602194477,-1.6870364653698164,-3.1130316554050594,0.8796336297734665,2.3592104960629974,1.4031838258979183,2.601217307151168,3.2466446183273563,0.4549184140198312,0.9405662625924539,-1.1700631785937574,0.0030850143613026706,-0.4696566901219648,-0.8737736419518439,1.2535912936340659,2.786180969336541,3.395452205278775,5.277627137014809,4.660946611955106,3.0596299968868426,4.944730683919627,2.684726804592933,4.453870297721003,3.28953555091058,2.3111364907815273,2.0157108939834956,2.4942917635360624,1.602376865733053,1.1845250882438971,1.1328598092194306,1.840671512508762,0.9639474237360774
-2.473101569090922,-1.6842404077926556,-1.97850262588889,-2.284450878321377,-1.646274663531011,-0.6341653108038093,2.1844682044192796,0.8186361454183434,1.9031831961913273,1.495928796726175,-1.8155056320747183,-0.27637836476735905,-0.02989931410623443,-1.4013434085715457,-0.5399844934721789,-0.21601622656169123,-0.45921180407660644,1.5523314516675473,2.7923467438675584,4.602446047491999,3.062653168367896,3.8275466015453214,5.496672998261987,4.181307732387691,2.8288655225302692,3.072292519412195,3.2904071852332892,2.1981262557164074,0.9235470430790993,0.1771172234837363,0.9670632152644174,0.2148018009261469,-0.9409405130044708,-0.9623065090795946
