script/wind10m.json
{"header": {"parameterCategory": 2, "parameterNumber": 3, "lo1": 3.000054539987559, "la1": 64.9999836372058, "dx": 0.5, "dy": 0.25, "nx": 34, "ny": 52, "refTime": "2026-01-27T20:00:00.000Z"}, "data":
[rows 0 to 23 of 52, columns 0 to 33 of 34]
-3.662865895309095,-3.729997634707079,-2.7018591945210733,-2.7693149772332584,-3.371079686213711,-2.7661159319454387,-1.8216454184188986,-1.3474085079991263,-0.5136535043743506,-0.6974964599847142,-0.20730830828935157,-0.024351835161731263,1.452078817544504,0.9206814893789154,1.5369883331570242,0.5831827752094798,1.1549771745584134,-0.07100914366492611,1.4644892720345348,1.8899365537550137,-1.2761847280940948,0.227635112566421,0.45772280033014734,-1.0598096101404662,0.024051301913491904,0.08067525773385865,-0.6451570158396244,1.4819383077689092,0.9796842366702246,-0.09042904129350002,-0.0999915466073226,-0.11782736389665611,-0.050368313509751635,-0.3820890147332381
-2.853443330902994,-2.512984194712508,-2.952312001023295,-3.253228061695313,-2.896375235167018,-2.5979290800084693,-2.140214166947432,-2.4733111440910402,-2.104824609990149,-2.358358607079042,-2.0446171017376993,-1.6730427396228147,-0.877327681116413,0.16266083216441557,1.2003298047166266,1.8877293237535675,2.0876421128842875,0.12882015841742847,3.906980054213556,-0.3104777364828916,-0.9653299085880725,-1.3316218865041658,-1.5717970462220643,-0.24363960129447093,-0.20525264992528855,-0.5260393162726943,0.11099029326284429,0.12405743351967587,-0.2776861670159053,-0.1086339297914842,-0.3444075906977489,-0.8615668047833737,-0.35577429327833643,0.2189849729850691
-3.3984498387649356,-3.631003545016518,-3.413438457787421,-3.3378988898556132,-3.2965474886402872,-3.7646697218938927,-3.694598882440007,-3.7830499484941313,-3.7305608397564165,-3.851273920479554,-3.400655988384419,-2.7105493725893544,-1.521122049869128,-0.375429691438998,0.1121438636520128,0.10495091859369775,1.3522087520590984,1.5615532714576748,-3.493170354758059,-0.47804930948362145,-3.9826193372119274,-0.5441426065275027,-1.3576438995192213,1.3530846386608435,-0.2327924140920584,-0.26682832107361326,-0.5098748723670914,1.4024413152283746,-0.3330421830497391,-0.8533894960135742,1.2761316126670035,1.5200940524174207,-0.14163438421387137,0.58099961468297
-3.145843291583674,-3.3307434455221197,-3.5453471835820975,-3.977578026975854,-4.1157609153202275,-4.084805877879163,-4.194058811580315,-4.579635286052787,-4.291692966854279,-3.904695557298965,-2.987246016539477,-2.113910283539911,-0.9857452254802943,-0.5392883639528323,0.9264683388686588,4.7398469020986935,-0.6017997057439013,0.0847930343589109,0.49880051938584274,-1.0797034258728013,4.366277185000603,1.0646991940245762,0.7206613078598493,0.4908215439837777,0.6149083324254613,-1.1076007473326857,0.3088477034304936,0.006404155164026398,-0.30281631291208083,-0.262074678812374,-0.46583153485216205,0.11769191933067845,-0.20112484723586052,-1.8644203272878115
-3.3866619642758677,-3.625382633535077,-3.794455636188952,-4.081436185673947,-4.309155208043905,-4.756812162379614,-5.074905121692532,-4.591416229309911,-3.774536027359766,-3.1443211136624827,-2.2057140052504636,-0.6881625063327388,0.3162553392165594,0.7057296186701082,-0.07950216527705373,2.5201216120807293,-0.7160660387222633,-1.3642966064597541,-4.068334645314434,1.242069387557733,6.362126071019479,1.6731272795494896,0.33788119319754806,-1.2897120597860974,-0.811491337048109,-0.1418938180797407,-0.8838474913179243,-0.5987907967376245,-0.300356850290014,0.7711497125893216,-0.4226847425843122,-2.177496079358223,0.37990155094652145,-0.6958061344156399
-3.7173679458224402,-4.12849304620036,-4.239469591454492,-4.196342997734386,-4.1357735874169235,-4.544328922283899,-4.695681014072776,-4.432192541886714,-4.063449773581026,-3.3002768159984446,-2.278036635621394,-1.808286935623484,-0.5157038850927591,-1.2684989947874803,-2.5761601657789894,-0.036431520761973736,-3.7399932514435537,-0.7320775126258418,1.0433472241572925,3.6246844230280266,0.06699367542742174,-0.5921840665338556,0.20765095071793752,0.28505264520287754,-1.1239475762337712,0.05113849169920852,1.3069752180968761,0.7652828351698321,-0.32984988407101273,-1.9781845309997557,0.16847151344078665,-0.872216319604685,-0.06508845801419998,-0.8623212610521894
-3.57667449676647,-4.020463166988705,-4.184669562468475,-4.537251545305223,-4.629800336701412,-4.723799119691383,-4.590656762919388,-4.28584219042494,-3.9804744612755916,-4.000492277053987,-2.661782627033266,-1.1139362920691036,-2.7437172362840205,2.214028038149927,0.8887264031006087,-3.250673020597974,-1.1082498565990573,4.585836068754675,-1.3464873534860513,0.0749068499418074,1.1055434838735447,0.5764408241085507,-1.2114635414887873,-1.0810526754573873,-1.8208495542072194,-0.07999919257877679,0.3062483441181573,-0.1121218119738418,-0.028286294114728848,0.6835711180851305,0.1422283505127027,0.6910356914016201,-0.8516568885336321,-2.937130991308639
-3.0606598431102063,-3.7226574600711633,-4.300438923895228,-4.513693938664594,-4.678948569035239,-4.81365256406485,-4.644591093667775,-4.117696145217405,-3.640626241182754,-4.095025135940668,-1.7857425456754894,0.40216653850721057,-1.4250780856087506,-4.451674044647013,-0.3977877753464308,-1.3531622546011515,-1.377672459068048,-2.1899470099559686,1.948831898682287,-0.29899073473386906,0.14531363187582033,-1.3692681413134453,0.5704730311053939,-0.4597233864541731,0.7260466376182508,-0.18513673527838306,-0.8648484973621305,-1.4305602926781964,0.9001998660310212,0.019557224181417508,-0.40882110990778586,-0.060313610568289225,-1.240820680490734,-3.594513041491223
-3.1811983126035397,-3.676086173568382,-4.121821712608863,-4.302047715853782,-4.43349680216124,-4.266665829724994,-4.038796788545528,-4.372394770942522,-2.2350592732250463,1.1704604883246001,0.0933461445295062,0.04099083844510568,0.6465961287561267,3.7589039994185733,4.089979724262942,-0.8554706255163321,5.5237510906417855,6.65125067294272,5.2345021534963205,5.416819851119404,7.111007407858724,1.5885512357710048,0.47153850926974444,0.08599170460705709,0.9079193085887655,-1.785830406803445,0.8727038736202897,0.6700114056444216,0.7496047001412915,0.18552449648871538,-0.8126225910595737,-1.0048676912491012,-2.9588446238280888,-2.687014516363566
-3.533076402491537,-3.590662703306292,-3.8998643682697023,-4.107553035730048,-3.9867864482662623,-4.161223426964189,-3.9440304187169106,-3.1281418809653614,0.09647318433047403,-1.4348696511348196,-1.467988230246625,-0.5391226375412638,2.456803847585189,2.1193396536870823,5.188613954011883,10.665192130189414,-2.872262198478193,0.6280068383129735,0.1066392550593086,-1.630957443433535,-1.5121844156687065,0.6782239352259768,-1.1981289471475352,0.3236893897490947,0.21257623520590901,-1.574346284675197,0.3984314774323025,-2.057053051362028,-1.907726660582445,-1.5163187923548886,-1.2445998737787725,-1.24936095984826,-1.4227919512146074,-0.5651651950396855
-3.249139630040659,-3.5650499871621295,-3.735118101231782,-4.04893625770067,-4.226117733562766,-4.167798210284143,-1.0422723463595815,-0.11776487332875259,-0.9591664158996966,-0.3121535950179211,6.965998594782852,2.5542819319603156,1.5239645898776923,0.11433525982156265,4.522302694986301,-0.08009755382453872,-0.4154352839628578,2.1162818103310905,-2.2088144315516294,-0.5152085375296891,0.09415904924148284,-0.6772147021059826,-1.7146065484194881,-0.7764712526618706,-0.6177424708698636,-0.7152423732850907,0.18873381326873515,-1.3848565342133652,-0.1872690752573184,-0.051170365303517505,-2.4656082100964176,-2.4830263719129784,-1.1610671563330595,0.4556837689872486
-3.1891385123179647,-3.3066029621185935,-3.6559139958779014,-3.5999394510578426,-2.8731135238058068,-0.24676830856155357,-0.7018754534056264,-0.47219618297378213,-0.1276235826144234,3.253536859938494,-1.0714766240064895,-0.9719495905577461,2.4477646324900677,-1.9866383040291875,0.5436570915376928,-0.5510332515792022,3.1958348575389977,4.160356299904856,0.6340985104515098,0.8351384370027626,1.2003785551920805,-1.0805495982857756,0.43044990902025276,0.8774420174992457,0.3146432734528074,-0.4365113902379699,-0.9594986327276909,-0.9002659604494502,-0.6195670733827926,0.06057750337316771,-1.8334584376578689,0.8918257123663769,1.2045120310572772,0.7186174501427859
-2.3726719443045297,-2.7955858539342815,-3.5727668269665047,-3.9237231389729534,0.8413005442547011,1.9917565362512157,-0.269919102124534,-2.208474653138377,2.3510190321777427,4.350338844086201,-2.5541174778782274,3.044005084055253,3.1290497546140634,4.578169224548107,0.32736236704697774,4.385503191019607,3.3558981052552395,-0.7863640181550043,-2.1192927084764595,-1.3103140254451153,-1.1231410387586926,1.3731652371338978,-0.6399789198695084,0.35560184584833326,-0.9953315448441233,-0.3418542697081393,-0.1058792112399796,-0.05148625917132082,0.46254715908406036,-2.5738029768197173,-2.072151581082912,-0.39811393853094407,0.22883766078378187,0.31837009950979256
-0.20849155108061307,-1.2632853626812672,-2.444905970074083,-3.5290550444409576,0.7814479511401914,2.1794167913479905,1.208302458295528,-2.0978254690232445,7.425924586628302,3.7995962440935784,1.6069081495432227,0.8120533657180207,-1.509513845253951,-0.43982710727558855,0.018467931194022794,1.1304394804363502,2.2700029244532023,0.6767202858028082,-1.378884604228663,0.9047937873484995,-0.6641183332930967,0.02162003521994021,-0.10967863584117506,1.1000978221265407,-0.4256235982760849,-0.21643334730084282,-0.42549472014229894,0.5421753966071904,-0.17919171877981674,-2.896587602052928,-1.685475435958046,-0.2099425321835394,0.6033335245954858,-0.08677334707244451
1.3810658161285716,0.40914416579639024,-1.0667994804913103,-2.381210190472255,-1.66149270625118,-0.9263836713017054,0.6170447312484133,12.252404082912987,-1.345500308506686,-0.6219264121870329,-2.258871435425484,-3.1193880595992893,0.4942190097792837,0.6919967559958128,1.4390176032989268,-1.8055708804184583,0.46630837145923126,1.9906521052150752,0.8900408416228268,-0.27411235978647364,-0.1649506701726109,-0.06364614428150175,-0.83271818360443,0.31031954511970244,-1.8402834227956875,-0.3283735552029452,-1.5024745569236846,0.24005360153535793,-1.7986213929554176,-3.445941028204009,-2.744423422529812,-0.5498589895136498,-1.0750965670503092,-0.9826612630333876
1.4941152604325423,0.5600657699543979,-0.43942531322117384,-1.565516936440775,-0.9062246117541211,-1.4939980070176773,-2.1662170119002986,1.001181512664794,-0.9541993579979078,-5.087994764209826,3.7475586324752737,3.7648847633351066,-1.5819339711560854,-0.8457806821672603,0.33604040000287605,-1.791388114995903,0.07252093724731062,-1.187225072624446,-0.198158390041232,-0.23329226860963642,0.6615968415436227,-1.1112282080540385,0.06745518367249681,0.1669940305651502,-1.5741193714875519,-1.9282488824814608,0.2637240209849031,-0.37636709078694364,-1.316405442408632,-3.704307019815003,-1.9307747291877266,-1.3781745765967315,-1.5038058008685242,-0.9733932511199557
1.6659281398063053,0.9992519006613282,-0.385713930995772,-1.223808570994558,-0.1533138481901229,1.3312611654242572,1.6179412149877503,-0.3190361904717942,-1.6940169242061622,0.895188920445352,6.844876969426101,-1.217750715010222,0.5021928273375736,-0.9053956490961474,0.3506083697521406,0.023562939597873,-0.8314120099423646,-1.2273005169601552,-1.5659066366847552,-0.5974859088142486,0.9089321474101388,-0.6945706897290603,-0.9310472825770643,-1.0552306962729587,-1.072462549715652,-0.8616713738827164,-1.1926688916672694,-0.9707607101835652,-1.4333968834939557,-0.03351607181995818,2.4520167689174164,1.0703730728419043,0.6285620050167869,1.8992082454267774
1.6149565086324487,1.1074817145911917,0.6190964775659837,-0.21994565694582863,0.775264887419466,-0.09614346214769413,3.1444672660682462,1.4961904727851743,3.4024506863582737,6.674769502833839,0.030679886427796288,-2.559734612845994,-0.6041846027079927,0.3866679508979736,1.3621170571364976,0.16868727418879192,-0.27981548084923696,0.7712813313240315,0.8585507271735842,-1.6569249185832744,-0.8517101435060717,-0.5327780965321721,-1.3726086154330572,-0.7071676605632785,-0.2754068158252568,-1.437841010367988,-0.45287102437766613,-1.2177015131653792,-1.0428992589775914,3.3143890100148536,1.9234263924962884,2.2219102565306845,1.5293555051881826,1.4994596882139237
2.4556364854728936,0.7855762729929435,0.2628220075864273,0.0007566407606933298,-0.5068972354679813,1.2899176820939997,-2.131674220179054,0.5453303405532258,1.9646977166269974,-5.506954550308929,0.6380952995728737,-1.6817472934704376,2.7914946282946556,1.4354018902054695,-0.6228741598942166,-1.7518006837339828,-1.2127243299640433,-1.3638928225965672,-1.2793332519002223,-1.7030897349400855,-1.4969472844375553,-1.652229800731656,-0.8356231565260129,-0.5434357147202666,-0.4728722137704771,-0.6249160772088217,-0.5977097268666097,-0.8238320536399673,0.3041411233778466,-0.17422051948640904,0.6603794725839333,0.4584798823228932,0.5198441917067561,0.561446106098156
4.3533007185796215,2.419691318157145,1.1867473062971727,-0.40172658034303316,0.08336049086928161,-0.16637759180374936,-1.0915229161837336,1.9883087703743665,4.814340434981263,1.6909370147945177,1.9534470783067266,1.9126495481942776,-1.1337144259241767,-1.4848736548982522,-1.3666394640563038,0.9902521891054875,-1.4589503433264186,-1.3386692549030357,-2.5578306576271217,-0.29146008548189467,-2.091319848894019,-1.5849112851879428,-1.4035162983766782,0.7524406566784748,0.12950102720495088,-0.38491749179170176,-1.058924656970612,-0.7272243460219243,-0.021190152084366903,-0.6648774884474002,-0.7654353715472472,-0.2344380098450048,-1.0881134175704679,-0.9500164406355851
4.660388128058314,3.984822325268306,2.6199948847327286,0.8114373890883338,0.42367109003876635,-0.1643879667817078,0.051479996137755925,-1.4456933759304889,-4.126845006368171,0.3320769320271199,-2.075634344857067,-1.9614477319264192,-1.2709329186971954,-1.3386486547031922,-0.19275078517754884,-1.4902729121670475,-2.626202077400166,-0.5257748409696558,-2.205252412442712,-1.2666686762560115,-1.318768525835456,-1.307190214266791,-0.4048717612622302,0.010561118998552837,-0.43542178002591797,-0.02568684150027122,-0.8771248198936706,-0.9663029126411673,-0.39156174243155706,-1.2400898148131874,-0.8123564172259544,-1.255597246587187,-1.7546864916913754,-1.619206408606118
7.311803654181077,4.245980570853674,2.6821581133980947,1.725402252647733,0.02596261377711379,0.11152397531560321,-0.5646313588298919,-2.1670381659468614,-2.2610458357626633,-1.02247662458821,-2.6044709570089823,-0.8213250631104344,0.20332737443061705,-1.565234067111754,-0.11768494001879046,-3.0546277313199046,-1.9958182460910827,-1.443354772820398,-1.5039556427029754,-1.7621655209819578,-1.6437166578146782,-1.051167341649801,-0.44296379091537613,-0.17054774243488796,-0.2391430148582038,-0.4030659898641411,-0.8195383513205522,-0.7264648867503166,-0.7140980975164893,-1.9008169201928706,-1.2722192963777008,-1.8800521163902009,-1.350827904232689,-2.884853265519866
8.824000629166756,7.7612813182077085,5.224968255235132,1.8227345849092271,0.9124090763907083,0.8489731113194824,1.5343480379224668,-4.97239774002163,-3.23801062648944,-1.6646370897775595,0.5701368391370787,-1.511346719195761,-3.818284799399996,-1.1674306155725969,-2.830463643221908,-5.428465512561177,-1.874093971378879,-1.3853785984660587,-1.3842798401790175,-1.5222822433766912,-1.1879569084281913,-0.7046767567933357,-0.2771574634455327,-0.3039860079192873,-0.7200134606404639,-1.4490155138454108,-2.205575930621747,-2.793858205161785,-1.6830975256615284,-2.4769620769974026,-2.405143571606146,-2.6672458041496663,-3.2967992895794818,-3.279798573465482
9.309188639290754,8.754986204237998,7.010896024630699,5.845962033542774,1.9282649733122137,-1.9299152504842065,-2.0696251613884047,4.229653274744846,-3.449640445681505,-0.09732362048119256,-1.854530617093616,0.2897988344883514,0.23202946697226615,-2.0521623148236987,-2.9019208022257175,-6.3840764916852555,-2.7625565523874855,-1.3783794670591558,-0.9329649583456046,-0.8392869793531618,-1.2316481039537335,-2.2482413876388216,-1.4369878863656733,-1.010031541566754,-2.8580139175749832,-1.8223520879875585,-2.2236449866732912,-1.9157970406644917,-2.0242119540338823,-2.5633595991046194,-2.759543747897563,-1.6043080860656447,-3.6953868883015257,-3.5909341747980785
