script/wind50m.json
{"header": {"parameterCategory": 2, "parameterNumber": 2, "lo1": 6.000198445256149, "la1": 58.999992894266676, "dx": 0.5, "dy": 0.25, "nx": 22, "ny": 24, "refTime": "2024-03-31T17:00:00.000Z"}, "data":
[rows 0 to 23 of 24, columns 0 to 21 of 22]
-0.10131082242598967,1.8653844953096401,-1.0745457096716677,-2.898695367880377,-2.985915260204174,3.310215285180497,0.8720235742002972,-1.4953327768691285,-5.8472217759302945,-1.6940925050821405,-1.4176206525871842,0.334145897238701,0.22144435972569002,2.0140804638350924,-2.85884318665101,2.479926118215813,0.5415717007250452,0.34492534084185955,4.9114558534898585,7.722107916280588,-2.4238184835563117,-0.693065624157906
-0.5216162877302948,1.5970000857337272,1.0791690965477687,-2.8653874579817344,-3.1506821398638745,0.04386013072843033,-2.057498660892454,-2.0811432127929916,0.25074219464765884,-0.201860412955817,-3.251856091847432,1.7503009644303502,-2.131139674829297,-2.032896190558329,-1.8866540871243438,1.8063599364458012,1.924698987018769,3.330758974759971,-2.0035367155256285,-1.8248732227905393,-0.23049579901707545,-2.3764010646831557
-2.1760349180091088,-0.8667889321033115,1.2277073257761895,-5.0267058840280505,-5.230141202730913,-3.293574154835799,-7.476217324765358,-2.2368724370617774,-4.38695012055195,-2.7594265460467127,-1.5912658855732262,-1.234154481866547,1.3449977234242572,0.937963711353888,-1.5335016727610031,1.4565374019854254,0.41319490761249794,0.9323092127524951,-1.4459920494569074,0.6426704639784946,-1.6635647036777736,-1.997251378838486
-1.648341630670299,-1.7457402458225566,2.049210472589718,-6.2067152807694566,-5.587223014193514,-1.5805875336153414,5.161926509209041,-0.560722111723924,2.59880500171301,-1.1069160531925857,-1.2373611650011762,-0.6734338455670446,0.22024059010525068,2.541686565799944,0.8301838669901784,1.2374023418397078,2.2560506802286424,0.8669942567358844,3.0860345896333485,7.9011157247120485,5.511903563667522,-1.7101942106509798
-0.6963499816163855,-1.8000360381695666,1.5310437953640426,-0.9276777983531008,0.3247020085295548,2.6026343271191377,-0.9178539322996004,-4.652889875222834,-3.4549939945631647,-0.1506502270073774,-1.246993947184982,-2.7542831188223755,2.5277671484982656,-0.6650285470777819,1.9056347309453776,1.9403675502472482,4.359260838405504,0.7706457521208424,2.7829718527069867,-3.046640596002885,-2.8422459127023094,-1.266023762035797
-1.9115299225986062,-0.07535319575175907,1.276537616867072,-2.1807119087539317,1.88648364672104,-4.043366052661426,-7.015922071585688,-1.5779428191899405,-1.3935515612271823,2.9940606460672536,-1.8731132012481129,-1.5191200228589192,2.8258822442419236,-0.9359416523217355,1.8575881808577044,1.857010061224892,-0.7463066683895251,-0.10662697296016373,-1.8327411099666586,-1.337210506773946,-6.724949079275496,-1.768545780941729
0.24396841499962857,-1.1970639685240247,1.13609577570515,1.6882253687103064,-2.9875420499843757,-2.7490181185719207,-3.5420028341976346,-1.7779601030973677,-2.8092332083812592,-4.2214063672113555,-4.309760478329419,-5.450192208972355,-5.288060219987501,1.2482201827718207,1.210272906912583,3.952283533930045,-2.6964568431496607,0.7036797802329482,-1.1243193348377254,-2.53481980977892,0.8007507883550468,-1.3760360728532322
-2.4220797016596394,-2.0683688581042494,0.1953210675499813,2.836228563016924,-3.8984073020665764,-1.7707810617101674,-2.0927441715753727,-4.858680106426794,-1.1425258461471974,2.604932210688999,-1.4011397626381865,-0.45252365321415094,1.048701750080655,1.3039625072087722,-0.11253334421744819,0.8272063612659809,-0.46896357563733654,5.05322373427794,-1.6248444081635751,-2.017059056109038,0.2467443897820817,0.6143845362537692
-2.6585500951211634,-0.4924182399795295,-1.0198628651835107,0.6759840741591844,-0.978719152120827,7.096479816500508,-7.160954134326808,-2.787447681365266,-2.5868524305575287,-1.5657063152603388,0.8468002591450294,1.2355386425286607,1.3030471686352918,0.04160110755257132,-2.619448124142574,1.3148029721216699,0.17634560446521386,4.471500656675828,-2.4829118781433994,-1.7282775212687385,7.227791986481952,-1.5897914671940327
-2.1328342841358863,-2.2092605147701385,-0.5267937570282178,-0.7216061887983499,-3.711047762952916,0.38043305867651794,-0.09319622218818066,-2.5490169806109555,-1.9034081883625242,0.5641741795870079,-1.6479685053015463,1.3124465871007547,-1.5947011950228343,1.7830807515670002,2.4550380108312244,2.0251434905598997,1.7192661911831248,-1.1716162747784902,4.490366871146059,-0.409898985470474,-0.32687461101737164,-0.0025196458263965246
-0.3295083655709439,-0.07265994684349707,-1.3632356119235471,-2.37229532561819,3.423797515383207,-4.778680922077819,-1.9469717266190096,-1.69871362348431,-2.6833838419344023,-1.3211020805572864,1.0016442690744047,-3.9344177451477247,-1.9173237820703855,2.425801994636557,0.8443614564217632,2.8254894922041176,3.1387473663591394,-0.3086021485666995,-0.7411120516716593,4.679789705004174,-1.2882217786099612,-4.025538917350923
-2.012536230138771,-0.3258476137306723,-1.9650842907028998,-3.0988081533767082,-2.9158458126681364,1.8747338810428313,-8.110205387464184,-0.7656592994418312,-2.2057547305811034,-1.4544141899522491,-2.420588511247408,1.3879018434047876,-2.1186232214507967,-0.7369591157570214,1.9194066887999495,3.2957966492330626,-1.411551897821422,0.768973138282023,3.4157568669606584,-0.47957650625238185,-0.7572115100366174,-0.9041818583827893
-1.2556091849218274,0.06801819335323973,-2.45207806442236,-4.852267154113237,-4.1602291096971085,-1.110100967007975,0.8870646411123262,-7.427244151681343,-0.284269709383726,-1.8989801946968663,-1.4896155819929426,1.1387413017318782,0.48388665262543173,-1.2966205671258706,1.1266511469046803,1.3695364962311287,0.8952070675257677,1.6811896980388672,-0.3745041456273112,-1.7506059558585023,-0.6605840443239789,-1.9999224776726539
-0.6519202732017005,-0.2882528170749433,-2.4050410289856754,-5.607209220132277,-5.354115907030423,-4.924520433157945,-3.0594346674607613,-0.6563694305650292,-2.2268559702631325,-0.15772772592886536,1.179546352498884,-4.370494122074533,2.3621846241379054,1.4583681213919395,1.4591079202166357,1.863383515669284,1.1069526367859917,3.594615136026557,5.446110229955041,7.8297013334270575,-4.937998700551377,0.3838714241293038
0.28285659121810386,0.1713424537839697,-3.522453923429211,0.451175307239622,-4.657791528866886,-2.890896635613336,-8.76550244985826,-4.340203520273804,-1.393782939220607,2.2925273037242486,-3.020016719359207,-0.6677878876126097,-2.0586238209286982,0.5669775228176922,0.9302541502484484,3.351309834699778,1.851367793285335,-0.8283357601818429,-1.7504634134587105,0.012870795562961909,0.3635547153524695,0.25135305350249965
-1.7049455196922405,1.5538979850833634,-3.777220719665454,1.4968868647729692,2.837931377691783,0.1606437508220763,-1.4624397053042104,-2.8108980806622212,-0.6352810192309125,-5.233953202344519,-1.355616593262353,1.5608250526231797,-4.297647075107402,1.0460771174877135,1.0649020807790412,2.417924962765153,4.2316189283603,0.9218029838025138,0.4773474648418492,-0.21545216641927703,-1.4899143824414847,-2.276738318018713
0.13835731695564268,-1.3644821336723436,-4.65168824746497,2.3419359924143337,-2.999639803713594,-3.174873823114871,-2.5019723838738606,-1.9528515329068534,-1.437466363690794,0.7556327481765691,-0.6293634744881117,1.4551476807887618,-0.8353226829322032,-1.5147689325748432,-1.4548568996542148,-0.9172653695566668,-0.9966742633084408,-0.5335296114442082,-0.6532847763749028,4.76883790490316,-1.7762147191921882,-0.14409481972198807
-0.6396242356626902,0.07302577450919803,-5.938239616076678,0.699521305208184,-3.3071187587938504,-4.629362737194655,-4.81109477384626,0.1779542181048731,-0.5123760150252169,-3.6164033318797033,-5.79463371672903,-4.295979057018268,0.22436433903231445,1.443118103063909,-1.64059345957306,1.816874841486568,2.76955454919771,2.3618127037140195,5.93511232844766,-1.60078493102724,0.35588346622425693,-2.1982526367760116
-1.4196537381582057,-0.21891019466019682,-0.8955759196613717,-3.1227844845085118,-0.8039897285619715,1.5395570044209983,4.968479274180971,-2.111285909638257,-3.0828079712867678,-0.08901948376807325,-2.9620993236176067,-0.07593749687531838,1.212428478111395,-2.1091922882064917,1.1581857311901547,1.890762488301129,-1.44362458242567,1.1100804033691452,-1.8225037126758512,-0.7169129398150093,-5.975128075543528,-1.9372804595746869
-2.083979080308806,-0.07096629496815089,-2.11998425511018,-3.1560927884649934,-2.976115767337946,-0.432433819073238,-2.3255019344827925,-3.9164594660393237,-3.421644066380867,-0.2874036145291196,-0.2227692514255264,-0.6876667235746688,0.4480523076189109,-0.2990158103599024,1.1408638470766965,-3.4383182287901946,-1.6461221404901194,4.929981583195345,0.7100877659623247,7.616497532825259,-1.6825353153275704,-1.9007902509390415
-0.6473003862862787,-0.5268335205684024,-0.2070805088733939,-6.175912941890184,0.33944204124445293,-1.7645847188650936,-8.328932707013696,-3.601234949022808,-1.4691765295125732,-5.669686193123075,-5.881238207137969,-5.623779334893017,-3.608416136094556,-2.4249631319372305,-0.09951652078187438,1.4209468810578483,2.7936950925580804,-2.518200413029581,-0.5453418510560857,0.8300703058123268,-3.531348555373229,-1.5937321580002877
-2.0757570620854056,0.07383492547366051,0.10430064476631731,-5.147867873371794,-2.261026706625255,-3.1697680022929973,-0.8109417291009798,-3.585436749169566,-1.8719387359084059,-1.2671875584540762,-0.814939545425166,-0.5904122448305554,-0.24887444885684606,-0.33186425632906436,1.2568907483967793,1.1651653181677473,-0.8066364551319694,-2.652419509093185,5.6882298951579315,1.4228575427124248,5.55984897302426,-1.4736577792928742
-0.6152801938762772,-0.2804329058206124,0.5625274229623398,1.5429714047574377,-6.214579330032563,1.674941146131588,-2.834454486023943,0.036638491321531165,-1.0097956575557991,-5.557295513533342,1.7523587874868656,-0.1321648933855555,0.3925477536008746,1.7612322545098933,2.1959106322802397,1.7123635418686385,0.7844452158234874,-1.0135086194800869,-1.7991221112427211,6.528380201984546,-2.066281847145473,-1.4643250359267999
-1.7229223130358409,-0.4358254846572034,-1.3701831482852187,1.717920581247766,-5.571071569911161,4.697694811637725,-3.1662352755066694,-1.844427752661201,-2.1487265869178556,0.8781165639930639,-2.855947091957057,-0.8993471542033681,2.2472946980984614,-1.5890216925335046,2.5741892442887697,2.7010340729272375,1.4424388224857798,-0.12845130472487315,0.7126800494367906,-1.8440248225659184,2.9470456194077927,-1.0797176982402816
