script/wind150m.json
{"header": {"parameterCategory": 2, "parameterNumber": 3, "lo1": 6.000198445256149, "la1": 58.999992894266676, "dx": 0.5, "dy": 0.25, "nx": 22, "ny": 24, "refTime": "2024-03-19T07:00:00.000Z"}, "data":
[rows 0 to 23 of 24, columns 0 to 21 of 22]
5.0654192262462425,9.969893112904698,12.407811761585453,7.018539224977414,7.857229020213164,11.633505980586245,8.58688833537636,7.660164637568096,6.665643770339774,13.934827562706372,3.970730663733292,11.210898142999763,6.445504320896356,4.6972884947820015,6.814281655945127,5.312839927111169,5.4660686422546645,8.197833725720624,3.5456977428331555,8.48552654269691,9.777745137508553,1.8698663751535913
2.0920743636752643,13.051061051879383,11.233168931258666,2.5848501492054683,9.215626889347941,5.072341040774621,6.5273954058854455,9.923101970038744,7.092442406872256,7.96712383855984,9.553515017189872,9.548007440669412,10.029689342104184,11.653177928602197,4.756309968427216,7.813954183666184,8.786223006901297,7.211196453466468,8.497285863464379,10.616498905903256,7.130637772220572,4.475077423088828
8.663171082209232,8.706938785387424,5.884576030264828,5.196283084920283,9.052283564930724,3.380642037669913,5.281301899081961,1.1435977594919964,7.641028443077942,7.190134231974779,6.771728422565235,9.424693092214904,7.115933225888564,9.795610969392836,6.312593050813856,5.183602768310236,8.74974814398128,7.216225597816755,1.6658032946014418,0.487783242841503,4.451529075718725,6.648617627935908
6.0637673486726404,10.164820396374736,7.364936091803283,6.753128636824996,8.662233037550072,7.895307275649701,7.321543394463087,6.119068315251567,4.73225197717754,7.449465537221577,5.482551952033646,7.056551931322603,2.8786805488943874,9.495218391537682,7.1471591121001685,9.200268199869333,7.375464773361614,7.010585019016962,7.229334513374936,9.73583791565347,7.644436545829935,7.67401660447775
4.716269399201668,7.140638064433399,4.457185229653064,6.826305543347769,5.0800326890714045,6.840963602658649,10.332807099580435,7.124171599528366,3.8201069964208854,13.71457060367562,9.328958908805868,8.591741626854748,6.8507115254318,3.411684433046751,3.7273955798557634,6.159651274173876,7.703947003871252,11.846064098079996,11.242059326055166,3.1791745430494083,7.9666691379618255,8.56515414379318
4.9282088508840225,8.010415364664109,4.32872112886027,6.530259824052844,11.943975448679684,10.771182567879116,11.329410632103002,7.181977246610746,7.213945003052791,8.247766746453813,6.003012579272463,10.338772830115632,8.534459111108324,2.195795807994396,6.163436853621193,2.802184719363684,4.2035029993679425,10.702476503477683,6.263358112954769,5.394561336028027,9.116752116079537,4.925100596046243
9.102057282980814,11.1268317188956,7.410182401651421,5.5450253683452475,8.498579861920739,6.521064415662725,9.80354807653395,9.828701817301187,13.81352048931807,-0.8771860562708499,6.891687792972735,6.302537517863927,10.494911764230626,4.18411812654096,13.580208488673524,12.741886234323092,6.562965720898681,12.145961833359658,5.631019358469449,10.48515080110462,6.640487963075141,8.282529711825674
5.212537296761101,2.3199935921092214,7.8449925020843745,9.305309741131797,7.945801141821328,10.705534880633836,5.495345530076315,10.367384430654637,10.613330347074877,7.109075155921711,12.853842070348733,9.569006974553597,6.943446511544389,8.066004726729934,9.814452043905911,9.208487625824283,9.187854540992156,9.122254921084593,2.3922955252772704,5.837740814770242,6.85239418642061,3.6572038286541853
6.2811762669946605,8.715892130588445,6.566270009228482,7.861686241633475,5.6604894408844215,9.93984598351456,9.047849679568488,9.034012602302097,9.920287366034106,8.239873105644893,7.271064516937566,6.419827985644418,5.052715507267317,8.528148187628181,6.321193088722951,9.72817035691743,10.435976933389037,5.214221213667381,12.750844493261967,9.689015470595551,6.360253033177707,7.163874712578481
3.4685769567973197,6.994698213367695,1.051503526069374,8.089791020938426,6.4211964059050635,4.268585494982302,10.75781160456139,2.6710387922456102,4.755846939599835,3.830244171655236,7.879234986560369,10.311689867705962,4.174627360831511,9.025904930634539,8.398124366695896,5.313088628444104,8.405070263568264,11.116534653141322,4.906647424412441,5.806908190389177,4.433140093526684,9.960845428185014
1.9634657991268332,4.1111881331891125,9.169886579624611,9.114567337434972,7.335378712428487,6.738627467622022,4.27355435043523,7.7615936203792435,12.718651684376084,6.354103541809399,11.22630602049962,10.795671556592744,9.681853806077976,9.266104013862371,12.813819737031155,6.938650648434181,8.020032553007074,6.005912734453502,8.94570039349376,5.503904053531517,11.460979425649546,10.624856811486275
7.80041576758495,10.163025834801003,9.534950179943108,4.6437032090414405,3.811684709577452,7.010470982462676,6.35341344361455,4.945670754295485,8.900670655031158,5.707161905258105,0.5505329247336209,3.9145756423767333,4.104282477168381,7.280761945668566,6.9680491922535985,5.420231778646634,7.40013223492447,2.5108799388682272,12.333691929590032,13.046814520952323,12.792806017584114,6.407397575543632
5.986066226364765,4.062816662646472,9.564336372336522,13.849671054297074,6.054606343548443,7.216333198752758,4.547747763928183,9.038780530974638,6.394072713435611,10.636908867042434,2.3448072314617816,8.39755249689953,12.626126100015233,10.679424424004948,9.1935992552962,11.055507610014153,11.552554003243978,11.999244328669157,9.248526484421701,7.976839738433236,4.3390720987467635,5.617435906521174
6.859227057629397,7.453103579197787,5.774347281668731,8.5548128694923,4.4891746160862,6.159020858193035,8.066620050799017,6.544355418427276,6.385131796115661,14.336279344369768,4.510539655338084,4.923837340879575,6.978390916366327,7.702796873254112,10.033607395070268,6.535610412108093,2.798641952937921,4.708065868478051,11.240243735592724,10.639464195570886,8.095748965211982,4.521237156214526
5.570635703927329,6.409450723819709,8.030659237694055,1.0568068943644051,4.602448632125363,8.420962591293163,10.200344682532993,6.997180669332032,6.694412949204623,0.9979940510440835,7.9582867365156575,9.898792141618642,12.990618873517668,9.69454410493604,4.444833252899146,2.9006610836830613,3.92150614704412,4.0619621558557,5.831859526342877,3.3364794226129297,14.151924248328717,0.8660905279373049
9.419836679489723,8.672787213860017,6.834419632366989,13.589815725966732,7.40252385395949,5.455839753204008,5.722324893710728,11.10550857416407,4.112924559941888,6.306255728938453,6.58058948533876,7.82519757763821,9.593875251395229,1.4690963484881088,6.769054909728001,1.7396999841818317,8.599352904336545,10.51359649200711,6.496053676653646,5.965459333702591,11.271532815817723,2.40467213460785
7.852657177564274,5.7995603493772325,5.448818101321987,4.103103391870275,1.965166454868139,6.743352930949517,8.438021884024286,4.81637267482436,9.173484079833184,4.576682741099162,6.609943122155975,10.687887064817911,6.2874741976412345,1.45331816566293,5.421430453368312,6.196070123865268,0.8641290339613767,6.551820260458172,6.092954859814675,13.865580756331847,3.9606114055900976,5.570681780164701
6.0740253607213885,5.941472105029948,13.538486202357213,5.790959776020092,8.71663482912426,4.373751913380871,7.352326231787011,10.294568001449148,11.157139990662452,8.91993943368775,13.62453132581574,4.935778405384671,13.932292139642028,2.9204560299689075,7.0755754378836935,4.569336171337867,11.709073288350899,10.941220710902225,2.4335528424150623,6.154676532046968,10.419193781424775,14.499084031965987
5.442189476407549,5.718114210469062,1.5329765016267256,6.94912828986917,7.29467138467328,8.537201577673972,13.664351898656914,7.409988216192855,7.565638571792623,8.76552915205761,7.340423762260232,8.543341218769744,5.677655398715386,10.808975124502984,7.605304911716956,3.856682254179851,12.885087034271818,10.574972882059969,10.318351363895466,7.1437931489131055,6.39458548657896,10.845164824641785
8.822119410056265,9.54148365710042,7.844444172264194,6.003806189407374,11.315918653990758,11.119695217442962,8.30885836971302,5.704889295057131,2.9260454677020165,6.099345167085817,7.09512175343332,8.756526711998873,3.2275167217001313,7.935547157503517,3.4286550489654766,7.031108685471945,6.099560551586805,11.104445723496408,6.899963205502481,7.226903277084195,7.5615517782135875,8.434027420871635
7.804667598034093,6.647928869491076,8.246890902562392,5.457627644920297,2.72919274724697,10.26365878260757,5.82343793106336,13.876704470590482,8.111069860965356,11.241992734069296,3.7450142589583066,3.343768900964578,8.225984837566832,8.984503358395735,10.753283732100185,13.14728017115059,8.969284074500553,4.165610260901746,9.528207539937208,5.906960589844638,4.784394659500411,9.508078872828502
6.489630391402266,5.361184158919015,9.756283797796591,4.889547926958858,3.8443893583325064,4.876018472355108,6.569049433625679,5.568051998646128,9.736274689868631,4.742786274532035,8.380950151589879,8.038285356256742,1.1850482136862062,5.017285641296541,10.763034447579699,10.798378648526985,13.78288056809096,5.14537442596246,7.703959939424956,8.751345348077484,14.110969683535686,4.453184265337757
6.895764973140339,5.223382870945729,5.730220038825799,5.57157681084334,7.341103796185398,10.116761148133113,1.2050572128448753,2.026356825542426,4.758498316779335,10.10724167398034,1.7468169771335378,9.08815225004391,9.794211547007684,3.766851496955019,9.128581701438355,5.420968190363675,7.6235375201557405,8.296585251691301,10.941516922625873,9.091902812287406,7.287104836831853,10.405663319808866
7.165787069937172,9.144144830971518,3.17479328696589,6.428542956182065,5.677226623857227,8.591596270473007,8.341088085183182,11.234494491853923,4.543720265294269,4.555825462838228,5.988501867250453,3.5564363501925076,8.877113647624451,6.15923264913726,6.124626756251334,10.364748236806749,6.379139261290206,10.641057752365743,6.4750391562720395,4.218284907848808,10.54621907127609,11.915220525610877
