script/wind10m.json
{"header": {"parameterCategory": 2, "parameterNumber": 2, "lo1": 3.000054539987559, "la1": 64.9999836372058, "dx": 0.5, "dy": 0.25, "nx": 34, "ny": 52, "refTime": "2025-11-12T09:00:00.000Z"}, "data":
[rows 0 to 23 of 52, columns 0 to 33 of 34]
-10.300645008602862,-10.844848680350209,-10.92437446755308,-11.157331633786004,-11.564625586842455,-11.332067241095059,-11.095064734124472,-10.580526104799176,-10.611314227825176,-10.304920947331855,-9.696446452385096,-9.085154289315653,-8.49083414623766,-7.144953483824729,-6.230456164815765,-4.875583241488059,-2.8580394084089016,-0.9621005981688211,-1.392154716817414,-3.1950617169525852,-1.686996376854071,-0.07788332702572646,-2.728924481066062,-2.722847261281733,-1.7729909952231917,-1.4760946851878751,-0.601248077643474,-1.378340735126945,-1.0792246859799437,-0.4766805791642537,-0.119079332483428,0.3695396195714284,0.2545388576093254,0.6517332320611497
-11.319967437968375,-11.680001096947954,-12.032072922388133,-12.942837112723842,-12.512797281215915,-12.126491568890293,-12.311029305789939,-11.877850494825935,-11.385743372407768,-10.336576291792948,-10.034972078461427,-9.372266554747148,-9.207257543083811,-6.936257129153789,-4.731954362523841,-3.2803896925958393,-2.00326923631177,-0.4029422520066945,-2.694484676563947,-0.17752975952206465,-1.5807956794655365,-0.24062460125814283,0.2936773068102513,-3.102356497952712,-0.5831370137504842,-1.2153726811830772,-0.5812653654632965,-1.5887159222655138,-0.9140269326584051,0.15487505129090737,0.22000269546836762,0.5515031548083648,0.6304321327872545,1.362089892777582
-11.355618544996785,-12.48800574731151,-14.399632968459407,-13.400144023675663,-12.830344049821383,-13.015863526596648,-12.478827248209663,-12.437990035030444,-11.892498901657028,-10.629348561228085,-11.120975332877656,-9.371420771906397,-7.472943451635782,4.411542293828793,3.0018040967467834,-0.64116749993073,0.10096334797107433,-2.0891807948508205,-2.0548919268601513,-2.9970808963920645,-2.411012463189534,0.5145135407831165,-4.087931725027621,-0.5058108675421,-1.2090288448237998,-0.8100777149598812,-1.8899667964225688,-0.5513187273231888,-0.9406850725108072,-0.04810912162450974,1.6717699744056218,0.615441895446529,0.13255359994009291,0.588854635911772
-13.36287775273533,-12.954789087283618,-13.546515916473322,-13.90235095080993,-13.668312958160193,-14.080312744601112,-12.999476567267003,-12.507994550177095,-13.19602074430463,-10.29026173127676,-7.7228517269892665,0.12796160553310362,0.40115767137233205,-0.06717086517497359,-1.5552235240262537,-0.749803934745692,-2.3728764903906616,-1.9776693699791374,-3.9739146623795154,-0.10266127625671308,-4.44766974482365,-3.468239002318824,-3.1366274749745715,0.32806034228355363,-1.698779565590088,-1.699970803912522,-0.0685801243863443,-0.360874275297466,-0.5736086533876871,0.6142344910420644,-0.5005838034623226,1.839194018569667,0.8192149953743298,0.5418692087282204
-13.921850038087152,-13.752322809702145,-13.316618211848839,-13.685769630812265,-14.49273517876662,-14.823571496677515,-13.714513172199107,-9.269346204283854,0.05274575814142297,-2.7708214118869705,-1.0555859096142433,0.9598441809080186,-0.8985349523001219,-3.288756434526366,-2.596065240953473,-2.5040146924742994,-1.3084253660861358,-2.3862278792428935,-1.2585254890802335,-1.800770785704103,-3.188859392286994,-0.4415881498508399,-1.3411219588904286,-0.7691701688429768,-0.5893914136892409,-0.28760967833423157,-1.1870937931661742,-1.5886266511468858,0.10824714408088483,-0.0530987019531422,0.035874221095575434,0.2843365095473635,2.152633528893179,0.8512559975775099
-12.982055535323452,-13.530062032072403,-13.814578120000379,-13.556879962737588,-13.191705586317207,-12.16942266123842,-2.4846696530641763,-3.2691630939120984,-3.5455102159806637,-3.223490898043357,-2.1326779339741804,0.40670191383502835,-3.0858134194904285,-4.072512560764815,-1.7100098461031166,-0.7516839850539291,0.2557033376917012,-1.4118484732814733,-0.9895265733835313,-3.928605346357099,-2.560009623147354,-3.1154392579403676,0.16426278451007403,-0.5091105669702882,-1.3488312817745314,0.20454937914228513,-0.3959136906293148,-1.0799620666148182,-0.3098338110448432,-0.71434312492046,0.5694071723694372,-1.2968798677541997,-0.3586023885844982,0.45700003280773965
-12.750480005800439,-13.539436587261704,-13.206238622738022,-6.93225440636433,-1.6893278448070965,-2.791615761255072,-3.4422789848552298,-4.039262794653992,-5.0864262888923015,-3.11491544320098,-3.0009811052643394,-1.1020202865291784,-0.6902131815958852,-1.6840944333140868,-2.772606464478693,-3.862321805122346,-0.4120854385796593,-2.3689403274354794,-1.3697529868688578,-2.845850349882842,-1.9893191974020883,-0.8960712986846755,-2.1189177447887446,-1.7169504049206123,0.1738778759836795,-1.010497531223884,1.23439260292817,-1.2468985457713964,-0.3966885249022041,0.3173844690382103,-0.4998681309203745,0.25773799191205493,1.3279486504725095,3.333240785069904
-10.520650410690955,-7.1106793821190095,-4.535214721485376,-4.058308262565923,-4.258285422476135,-3.8681302706834413,-5.047734160054489,-5.3139814599212265,-4.940773264157963,-4.475175414546533,-4.229188298744081,0.24547383879738613,1.1281927308069848,-0.7876296712254669,0.04462388748966784,0.4020569079228032,-0.6449493205925578,0.4757507898406785,1.3580586995823882,-0.094048846292177,-2.3631632189208074,0.1878199321031752,-1.955485851284922,-1.9671134781312523,-0.8196737038651664,-1.153446428052821,-1.1081856326411978,1.4101029097388262,-0.6635048778049033,0.07657710969783267,1.2982055305867979,-0.1531621559036378,2.0459147651012537,7.8884909995157235
-5.898833842837937,-1.5877818897257088,-1.4782577360175027,-4.1610503588049506,-4.408433732701313,-4.7508698678505725,-4.618603833069805,-5.068802313715322,-4.657807468188339,-1.220337972032928,-0.5794593759575728,-1.8258049627607034,-1.6484566310860973,-2.63170298240896,-1.9125691785609054,-1.8121879265598235,-4.373925029811333,0.3653375374474797,0.19729673492567465,-5.542698317640883,-2.1378364745791134,0.4845568260402287,0.7919126140058868,-0.8420484333724261,-1.372263839022357,-1.0766006673493032,0.44495394069105887,-0.444529809691487,1.2237165893298754,1.2752764574093851,-0.4434841863454591,2.224644892636011,6.94015135006286,7.139639524314677
-4.155694587387365,-1.527840659347882,-1.910391607292285,-4.1088818908332865,-4.394165494845367,-4.755767677585886,-6.603165980329681,-4.921912669942162,-1.7772469709535963,-1.0614232644855146,-0.7984786021927324,1.1968360495765933,-1.428303894625046,1.4830408041347898,-2.8027039634891686,-1.6656501238884327,0.8782857128969196,-2.7423763036472466,-1.1330101735506035,0.10814685876602201,0.6008281037583423,0.4896457391795962,-0.9022119546351738,-0.3667257385112604,-0.43004513011262496,0.024610035745378168,-0.15625379244256324,-0.19075658729059292,-1.1934041737741208,-0.07424682482995423,1.8459701334395813,5.464272984656845,5.975607146243659,6.813035002583476
-2.389937512729985,-2.1117889842380952,-2.2652475103445235,-4.796485427580794,-5.1171597507156905,-6.331952755427823,-2.2922883971269292,-1.9420778108001289,-0.4971052173242425,0.740152549975741,-0.3688904702764046,-2.5024650953884895,0.36169175474920684,-0.5563567404054434,0.5484274882400912,-2.8414187209170745,0.8660398026044879,0.04016641614569403,0.7579296077919287,-0.6427296749811534,0.09342872075804837,-1.204879482081012,1.6108216352222384,-1.5207591279498716,-0.6517412687104824,-0.009100748363600706,-1.5489057904381418,-0.6982521647749991,-1.3040930433055071,-1.7888865258025928,3.059883000861779,5.71250912799383,6.382829519423091,6.357634580472059
-2.700557998102187,-2.7929533003678446,-1.872734110522321,-4.453985731087767,-6.539009829853092,-1.2605930495381317,-0.2988937476658613,-3.3148465986133107,-0.663691755497721,-2.5777008541635236,-4.566722823228574,-2.163938358550389,-3.7890190807926176,-1.9488769673228985,0.7264607633640094,-1.0634077945467137,-1.054048667775542,0.8800883738523737,0.8209338124755398,-0.37002391934569584,1.1019600556131617,1.5824704896003496,-0.8844113583555038,0.2205710715481154,-0.6190868041446104,-1.4459020183077333,-0.479559510601514,0.45686314048949445,0.7204390582101471,0.17007865867016198,2.837982183188699,4.523369421586723,5.968391238868441,6.410348997234433
-2.504255401057749,-2.1583805947196533,-5.062029762744796,-6.457907442297284,-1.805686112827524,0.17501806486199947,0.7224694827196045,-1.569371125385891,-2.630589046577369,-3.4055523040597926,-3.746080950733045,-4.874550454847642,-1.6028860863652128,1.3110095978956187,-3.319667758827813,2.03415080050921,-1.4077655714492994,-0.4519610159111618,0.30839101727495477,-0.1470744314456139,-0.24840339403839232,1.08670606163334,1.1300301322026878,0.08043925320089942,0.1271200483320278,-1.1065294504699772,-0.8915312304943566,-1.0996528382466357,-0.4448887848251169,1.4704357439440128,2.770833506485626,4.088912767635831,5.371411599806187,6.315196269843061
-1.984856523606602,-4.067337642005602,-5.343161131890326,-4.070605259231014,2.1189428984189234,-1.586911451900116,1.1193765311666446,-0.5569372030905704,-6.521374799421055,-0.5281675004033461,0.3400834645956929,5.515503227410688,-1.838261378307765,-1.593805844878688,1.1418645991623373,-1.0966831632562708,-0.432445170377034,-0.582586139268496,1.0807830004603274,0.22523481173254647,-1.7887291101765834,1.199049128367469,0.580452240313009,1.0218450082802792,0.017417265806355418,1.592947564346978,-0.3710962796963214,0.3560692124211295,-1.077697479651914,0.18686201431099597,2.840055775315352,4.833477175570331,5.038319235660132,5.759582737145251
-2.7694058513690183,-6.052697068119533,-5.647588798929934,5.4082414740501505,3.942380526718845,-0.7055704146454987,-0.6976269981889099,-2.908818353895362,-2.9619224206661667,0.4563625223918607,0.752898236141017,1.2064594222372529,0.9774954864355317,-0.3250484217921811,-1.5994990540918506,1.5657641057128602,0.003952334478727115,-0.6447425464775591,0.3551478334054169,-0.6682283086811798,-0.40706294343533284,-1.2179873061745399,0.25381176105313213,1.3280025972989555,0.3406488718395431,0.47950646104073497,0.0010774376008205475,0.07119944972957172,-0.580242932404264,0.38762204029571096,2.2409123144317356,4.483372993860291,4.973547912191413,4.673260664179234
-3.739912063521026,3.1647409360609404,5.665485974352764,6.262716770773243,1.4570532653114683,1.2966100874713564,-1.1842628923553356,1.2139498676351543,-0.8804787418302571,-1.561490637748113,-3.012413181054265,-1.093416835505678,-0.7046529619629676,0.2595668901314619,-1.993661323554787,-0.3538854457793031,-0.016893737044004965,-1.4566467631838447,-0.8414506732234444,-0.4066035363021871,1.071653680093702,-0.3475544420578214,-0.935951142475875,0.1424182703003926,0.3433074921940242,-0.15705278511261356,1.9582953531452443,-0.1807740571912989,0.13247986879758442,1.0502631633834234,1.9910311237074185,4.136461917077023,5.64515087659463,4.117063349437494
-1.0436511345330035,6.778224396551995,5.948986415079529,6.127146775889298,1.3362185140367038,2.0501845554867684,2.672943275707323,1.4140482433362995,-2.2174597920585506,0.10223340765439469,-4.400919104090994,2.367723193866902,-0.06448967961941988,-0.6824903917881616,-1.17283527133853,-3.613184526834345,-0.779504169044761,-0.7743375687727317,-0.47392884710399485,0.1577809624534714,0.34056405203253537,0.1839172824323626,0.1884038743957226,-1.0911471230303507,-0.08203277813749082,-0.17726511716091137,0.9739305170201323,0.9024449706061244,1.2350967679181286,0.7805897769754718,2.569201007595982,3.4064319330463433,5.272913314180304,4.658619461501187
7.12068567214564,6.425403652877708,5.536465407926472,5.6253409864868535,1.9310173249075173,1.416818838471245,2.4875355504147816,-0.09112053929105013,3.513747220766152,0.5291758506186637,-1.6941301297108302,-0.580301515109452,-0.1069055910662672,-1.0157800920250764,-0.10571474783485614,-0.43865066008308007,-4.928767854510776,-0.25832998050381256,-0.27187768751535635,-0.20056485012174868,0.14764511108114184,-0.5328222242201527,-0.03000529242638876,1.014960909352974,-0.6713058295163331,-0.41787828307802066,-0.33200800421982063,-0.1385869357248532,0.6669765575318531,1.758038918252899,1.5043922214238141,3.3696338350836013,5.1869097522475,4.480709733707291
5.780474305546272,6.226341195228272,4.277119552101237,5.449571284270378,2.389559380108044,0.8094520264294347,5.510541669769671,2.4791511990410284,-4.107590015443805,4.661084959839968,2.5167653178030647,-1.4818789136733144,0.06879758183670648,-0.24719190514292125,-1.641092861860773,0.08940180446877519,-0.6878820392853201,-0.4889095806706709,-1.3847902455434764,-0.2870030528121733,-0.16013243816820621,0.30740478138476307,0.6689389815920351,0.22013802409625577,0.42766379993024434,-0.16525917812626237,-0.17713118462472677,0.3823789303617326,0.5663200683793308,0.8219680016537224,1.2945521448304753,2.1698438759354,5.193724298679193,4.253912499098915
6.274464119298412,7.001693581956518,7.335179678142037,4.60649158988024,2.0737414200706237,1.5157064590153742,0.2823218138908302,10.265757080315002,6.459013375014495,2.949643469111496,2.359399391662896,3.1959343461978675,-1.2907082705122686,1.1410159939879407,-1.4464857987092867,-1.409760629129945,-0.8564973718717419,-0.7173126537506401,-0.751411816661826,-0.4163901599231488,0.140204141491846,-0.1471200187029808,0.7538939893056342,0.7176662089236903,-0.14228026778022454,0.0885366267728063,-0.12614714260847318,0.08844213617921384,0.32743628053113216,0.24544267859848512,0.6130640466862112,0.9922424480794572,4.488988401369834,1.6980042592775417
6.504054463206079,7.7373825189646706,6.357775771078718,5.13141433472086,4.341698570231698,0.25025499458147094,-0.023654977586289917,1.5875810186219814,6.261560709524584,1.9904443414991497,3.435879010517543,1.100176844831397,0.9188248743641423,0.11671938240956688,0.6291523067060693,-0.36745743786055557,-0.23777288389123752,-0.8712222350169169,-0.4750313984387923,-0.812956072579394,-0.46880557341619444,-0.03967235992007092,0.31754216970547,0.9000614713460956,0.5395469911788114,0.9850817314934271,0.5104185381033012,0.45827762796980637,0.35287556142014537,0.322087638909264,0.902401954426271,0.9877047849645882,3.2704292165978726,3.652810996908563
6.837219433428875,7.761775277734685,7.007283191011783,6.137390058528919,5.072913062163917,2.453020729767947,0.9130849324966624,1.6893474346238964,5.074217475246567,-0.877399988381671,1.1671627445303943,1.3084575437999166,-0.3695569574385076,-0.8386338631207051,-1.685078538647644,-0.8635163140371946,-0.06583499938317981,-0.541532458476451,-0.6078355027754504,-1.0267297327690486,0.0698344991592652,0.01586904180437234,0.6318251922603024,0.596240784236129,-0.029323644230376627,0.5791779352901892,0.272617978625915,0.3739722096563933,0.27709434208537775,0.49630891351841866,0.786572676631588,1.4245835176682229,1.5795542661427249,4.820049024211175
7.7686037011619105,7.534003329611484,7.1588290065768065,6.788158983431417,5.844039923416066,1.3493309375238698,1.0009962888522868,3.5442411319867584,8.65754174442492,5.200307969071452,-1.4141328985602573,-0.650334121263415,-0.4254110284356953,0.3394716007628859,0.6623091012261668,-0.709381125322199,0.39208160365345646,-0.474872772939814,-0.5628092597019444,-0.3098601994288849,-0.07217810678277758,0.17429421516052482,0.1855065010901644,0.06892800503922049,0.34789886633604433,-0.43675684899656037,0.4730730538238743,0.8758461313595945,0.06849083166791703,0.29664424187287847,0.752461282237075,2.803775420737685,3.6310808982797242,5.505345758601851
7.948636482717363,7.311189987571391,7.522495698864303,6.577784410851801,5.804856967571687,3.4434069619796164,1.9726671097164556,3.274781604148812,6.699620274164724,-1.4032122283573245,-0.08822413628535938,0.5718788157703928,-0.3577829578596137,-0.11919899287601525,0.5889608817844757,-0.07354824651605751,0.14183166040173614,-0.386551480973806,-0.7238620433921024,-0.5914344681574524,0.5921707827416401,1.6447506941240393,-1.0213537553542305,-0.2802751924447545,0.3639472618995593,-0.04853940917676107,0.18539946592834922,0.27990683139616934,0.6594215609158628,0.4508457517251373,0.7331514294730491,2.0283063494836,5.320595187370849,6.613333844831677
