script/wind100m.json
{"header": {"parameterCategory": 2, "parameterNumber": 3, "lo1": 6.000198445256149, "la1": 58.999992894266676, "dx": 0.5, "dy": 0.25, "nx": 22, "ny": 24, "refTime": "2024-03-06T14:00:00.000Z"}, "data":
[rows 0 to 23 of 24, columns 0 to 21 of 22]
-1.4346342796215277,-0.09974471206428982,-0.311970789107352,0.6292094376349764,0.2184887386481017,0.6019501920604619,0.39941828701904897,-3.5215081859942186,-1.4865319381679618,0.2413597817023175,-0.2424025932781142,-4.532428516513344,-1.2947591548251685,-3.8259894566293124,-0.20273157579027606,-2.479244721588825,-2.5983277648529843,-2.1387420226132208,-1.7816624219974173,-1.8572376278733995,-2.1810590114239328,-0.4405765851885789
-2.4253285578336596,-0.09779077438706905,-3.2562160537741947,-4.414993008900548,0.2769300142444522,0.7109247552894664,-0.18168799418007017,0.06451595842264202,1.9579083967285635,1.632493674011715,-0.25332234426569045,2.1324328854071952,-4.9020646757319675,2.6077619581345943,-2.721888236911749,1.9336584451341101,-0.2904547180291261,-2.5363835579668397,-1.2368113621521268,-0.975323486891641,3.661573121255695,0.2783368441542853
0.5919253347803204,-0.27404670378790763,3.1278328142886203,-1.4039145417275722,-2.555150150305863,2.3909861525211222,-5.766435992587325,-0.39000890103541663,-2.271656826625434,-0.9568492185385064,0.3445030412433319,-6.066961172215927,-4.419257933321092,-1.2997921117224398,-2.224321983867454,-0.6308633254871452,-0.9581986477120162,-0.593673530394241,-2.95274556785399,-4.561625044529351,-0.09849128106703205,-5.671947961244155
-0.8351348552572382,-2.741735801624644,-0.09814684434812425,-1.756921636885076,-2.2403410814639484,1.0955054198514893,-1.001541411477884,1.0469311210762118,1.067301956206227,3.2824729439878193,4.0333461212124595,2.1965117129830154,1.9151106834152027,0.39023265212771474,-4.381640878441369,-0.9265827063415316,1.7078590699540823,-2.1150027185138796,1.1388722856223414,-5.483728620087467,-3.926749754450795,1.402165658483396
-0.1451646441564324,0.3073760925681863,-2.162376458395352,-2.355185236298206,2.320611001594229,0.12946985535133007,-4.998882055068458,-4.466836239292133,-0.7311623622313832,-3.714874718436867,-5.182555443782149,-4.625723404992046,0.9493263306819018,0.6422824994863023,-3.811613448034252,2.5797306877669515,-0.9440801969985464,1.7534776809099446,-2.754992367880987,-0.18718584270751665,0.619402463380101,0.1705454352558741
-0.5660498354274801,-0.15569703225840345,2.4984572937023755,1.9966234188874241,0.5724638134573167,-0.8423734443911639,-2.8739521862579456,-2.570217823203594,-0.8344925693048442,1.4980092524102149,0.3703875968328025,-0.4841236596480996,-2.2548960433433476,-0.4578249857162867,-4.54873578559824,1.1517004686258203,-4.5422960519884175,-5.841085137547187,2.203101129931976,1.714338151767826,1.7363222840607746,1.065724178766367
-2.991566303979987,-1.2790645453064964,0.9597860685410496,2.193935276489888,2.40762166416008,-2.6488641894690836,-0.2251894559967985,-0.12508034661131157,-0.9205934683885307,-2.5453694891559366,-2.130895582787898,-3.590852668897862,-4.293759653464098,-1.98477306242282,-1.46768291164764,1.3211686653950052,-0.37013605407623407,-0.596102349473255,2.3279210563750325,-3.36151427762757,-1.142381363106797,-4.22615728088105
-1.6713518542609291,-0.27267633216177256,1.081192351456456,1.1594815125984381,1.313479288658019,-0.6425591122230496,1.7150792282879748,-2.8699578532516945,-0.10100600519304043,-1.6222099649520445,0.8645605894882203,-0.4254564682665889,1.3927467556593989,-3.2154310887410307,-4.000102220426298,0.4546193155932229,0.7188077499300647,-2.2001645555646645,2.5809107178177313,-4.9580099088190215,2.456119900178866,-1.390410119870886
-3.7107220402696743,-3.1988156973742603,-4.916966914218132,1.314166515596613,-1.5739701515602673,0.5944298939682086,-2.5059660179476637,-3.9167345287833157,-0.039504742508258014,-0.9492093482707487,1.3892447739835205,-2.1709415390039286,1.5445201878297516,-0.039712902133454214,-3.7648384432058535,-0.6061639388600913,-2.939367786046247,-3.06781555826852,-4.224888829652157,1.614467193102087,-1.25218433335441,-0.32723989547466226
0.42118577632065846,1.2760486076145747,2.696926294450983,-0.4754558071229957,0.9463217131064032,-5.39120379545106,-0.6577558759522256,-0.44821648028285743,-3.1433966278591274,-0.07479350340909818,-2.887180892268721,0.2753882057799582,-0.854903560965094,1.2570774178083033,2.131836791607659,2.664839709997692,2.9387886735690056,-0.9531043053269721,-0.7821163153664663,-4.869598096552709,-1.2192615039098975,1.2103294796196067
2.960512628956709,1.7028309957498236,0.1355744920014055,-3.4562346497435197,-1.4470293076447691,-2.2421327539409415,1.9115235923789329,-2.5967965212040154,-2.139371222419715,3.061888843938016,-1.600636366989493,-5.290390775324908,1.270686098597752,0.3619933492616417,-0.7565786829400794,1.9449769840136673,2.9585895577944528,1.0729304935335835,-0.21409345177428674,-0.708168934988518,-5.214198010018528,-1.181704878432174
-3.3735853446936903,0.5584399441025767,0.17521893976221495,-3.323736355311472,1.8972483273597602,0.21390537379438104,-0.3277431878128992,2.5012533408305404,-1.417540271562561,-4.463775089362734,0.8103185553801839,-1.612163836739579,-0.9355674821138396,0.19449090140064323,0.20790714581282618,-0.781927964487071,-0.49317838945497544,1.3811979125013312,-1.235942653051055,0.02966835802342499,-0.7795058889019707,2.8905533049615455
-3.4490957127139223,2.196241702077408,-0.2523749666352151,-3.7823057777404876,0.07186490150781154,-2.8085735644382237,-0.704399957052622,-3.41006609848597,-3.581591057493389,-0.30385380143377505,-3.6552133201251586,0.46331837142409876,-0.44528213018060875,-0.7939806035541978,0.15572797533064592,1.1818780097485941,-3.651600445488904,-5.365575941135297,-0.5850673968141467,-2.2418981051946787,2.4077017130747222,-4.594922703025919
0.43585868674398415,-3.5787474279819955,-3.486620604253472,-0.3461314638369257,-4.515748274430561,0.8259933183204451,0.5176221610914117,0.871484265449259,-0.621088163639492,-5.252692914098899,-0.5803247976951357,-0.7294091978402214,0.5973803146909656,-3.0990983813432402,-0.5301968007905792,2.539988124481275,-2.3249473696122007,-5.0308503157588875,-0.19167781802373188,-4.674007184460675,-1.2291701375024526,-0.12128404967985022
-1.5888363292498575,-1.8863681777899177,0.14199434033980424,-0.2680285876578078,-0.9178097397087198,1.2140621827575346,-4.460065799913644,-1.328056108841238,2.805104254586133,2.096005870983429,0.891199313284579,-3.330468992464983,-1.053385358964227,1.1315203179028919,-0.6660878680764863,1.6064356549926435,-2.68405619325722,-0.06462273837083664,-2.3306891337354108,-4.0826281393359185,-4.254221551448476,2.163707706070872
0.7892301979731172,2.3951314191393935,-0.09557124687433827,0.15827907834442148,2.640862884227747,1.6190319707607186,-2.3368113198064324,-0.9817838987689989,-0.8010695008457102,0.1358738325870422,1.8511307776195516,2.273318331553542,-4.806612866581664,-3.32989378911883,-2.7699361289576263,2.821781475180166,1.341332542288013,-2.4108075113444594,2.0349688479543633,-1.5912380954885734,1.927485236359551,0.3444860685040914
-2.19426371484352,-0.25657532606719763,2.135631212856444,-3.803903742910559,-0.3231706093903,-1.6643110739753395,-0.8313360844199215,-0.9940930453123507,0.8083503453266165,-0.20169902364501313,-0.7944124077161886,0.19005891149251214,1.3194406472357214,2.6114013213120426,0.05783934998453392,0.1705653824405483,2.946747253914376,0.4045395636638855,-0.45680275589754443,-4.186466784316861,-2.30378986590545,1.3024493693752608
-1.8048403998339675,0.5264390212687255,-1.1338715765197012,3.0072878957394877,-0.37828207850672985,-4.690628688968568,-0.49418597495954886,-2.074923108629034,-0.9679433464358032,0.5179129745099612,-2.156662340281755,-1.0921773363962428,-1.494935153409309,1.4492259461172852,0.2254370175841805,-0.3154265234576277,-4.803590925841221,-1.5858195098361971,-2.9657626067128033,0.24297766483290195,1.3106069979101158,-3.8700705454621693
1.3868805450693231,0.18518211161983902,0.1728974668906843,0.513926549817532,-1.8531608659523675,0.18852273886766033,0.4637628168673679,-0.9393750510306967,-2.637324513947728,-4.64602485320608,-0.4464841794338128,0.6695819174648479,-1.1660278508486452,0.9364730817951421,1.6957046581374986,-3.8196150355910334,-0.825428488694704,1.3189465454895823,-0.8896810839160623,2.792091107933557,0.37445084287877745,2.3122456901226527
-4.3063127791241325,0.23081511707048927,-5.109814582948368,-1.8233964427694913,-3.1362875819412492,-2.3068907773040883,-0.5260374805576182,1.3226869029442334,0.9442480807216148,0.7915286491827813,1.1328906276541568,-2.5003862798542427,-0.9458851520090874,-2.8005345253857485,-5.737889590174281,-4.699212676150626,1.518664087820192,-2.3355477835312617,2.3924793548322403,0.9648374048392272,2.06018618959805,-3.504880368659185
-4.577042798579511,-6.536587589577835,-0.39987518279209266,0.9879613130151376,-0.4876067001833851,-4.3701761040952745,-5.0495558220681716,-0.3921483630549465,1.9252658563520046,-3.920834026360735,-3.5167284383836637,-3.0558196705475984,-1.6672378189153805,-3.0959369750908796,-2.188941948811803,-3.993689425644542,-3.2470358321150323,-1.0061677326721252,-1.279276488863885,0.0360028960316154,1.1126837241825338,1.2331793549886512
-0.10950135123438837,0.650396414145897,1.4835085543601307,-2.991486817495176,-1.4925351102023532,-3.172375062614713,1.85582690805948,-1.9761910371934035,-3.8683071341663737,-3.3136862070657536,1.9244640023097446,-4.17372344403616,-4.5014544395839104,-0.9649926732784948,-2.7931778283171185,-1.3526419235110807,0.4979016935508679,-1.9405767052193734,1.4964840267514217,-0.9220677178797234,-4.17615289125872,2.2985777436853527
-2.773882439555962,-2.536925002982234,-4.108931180270448,-0.003224696905997166,-2.1235200523774376,-1.5195928752980066,-2.5080249042413394,-0.3895082591467366,1.6621539239451038,-2.2601647007116425,0.38085552362723507,0.7715571274313772,-4.980930521531212,-3.4296034022810806,-3.848008403362837,1.6843274736617857,1.5404558113985714,0.9039729391217582,-0.9434846659237488,-2.484394443612615,-2.960940367764341,-0.5056881495456081
1.4543462726331775,-0.8427860899444017,0.5092101977017498,1.4365128094743438,-1.0668115897580717,-4.91678555930152,-2.0503200804296977,-4.74136709465948,-1.2482988175514396,1.862391966943831,-4.015905267263682,-0.5234831708822624,-0.006807246192539893,-4.950899773171258,-0.14394947263195393,-4.519817572146133,-1.1291443051136303,-5.207526147748164,2.4864572554780358,3.7256688251193912,-0.16402041204413928,-0.5198591493033813
