script/wind10m.json
{"header": {"parameterCategory": 2, "parameterNumber": 3, "lo1": 3.000054539987559, "la1": 64.9999836372058, "dx": 0.5, "dy": 0.25, "nx": 34, "ny": 52, "refTime": "2025-12-13T08:00:00.000Z"}, "data":
[rows 0 to 24 of 52, columns 0 to 33 of 34]
12.85237662104481,11.2838982465389,11.188612578243488,10.684134845195139,9.910365964088918,10.23409409548494,9.10485787712345,8.01991625837205,7.005287405204545,5.738444965553757,5.326897703001509,5.981219224372626,5.7649681552625225,6.9451441036234955,11.17039706032323,10.541952471899613,7.5514014960569265,7.600665932156848,4.530533410933158,11.87379440318803,3.930368086337918,2.0775766922658923,1.906090702996019,5.657457995408347,3.5935963747946187,-1.5779199497338117,1.8325373067046444,2.217306792139766,0.13802544942427453,1.9082758086402967,1.66856408717107,1.0570173567907082,0.8192813060079976,-1.0222641930533478
13.043603806290427,11.833578113069638,11.695723377106088,11.094661249670331,10.134934812305161,10.245233010755225,9.261320262276406,8.727311905903012,6.9359590473268025,6.296268211549059,5.673063323172817,6.113901036855997,7.329647713512251,11.069233390438361,9.339571693709548,8.702975565352762,11.01599877191603,4.968681504596167,6.6826657843060495,0.8235859260824663,2.961096507758978,2.573839088768562,1.798072997069262,4.098501161463307,0.4898544007697402,0.7774366379187044,0.7468063080640504,1.3834735728760688,2.8744436179835287,2.6208972363925906,1.1231216281420722,1.7248847106189629,1.1584523029390665,1.7693791714287448
13.057024110697913,12.73626441190446,11.702521983251065,11.207939943155042,11.115655202102412,10.69493868649873,8.823961292018403,8.333560532241718,7.769879016846618,6.745573072754352,7.007750903896659,7.578966278519391,5.915030353430663,11.575996771228517,8.993901918816988,7.598375944768372,3.6758603223576003,2.89337061215858,-2.1130020748232847,2.227589484917523,-1.090067119322149,2.894538364316535,1.7767455284255664,4.840779199823705,2.4906646059774853,2.198749940237347,2.3914815743632913,2.563977500302855,2.18853744163638,2.811653351280979,3.925223820664811,2.9205648106636586,1.3347683832227006,2.2312124780803084
12.439437950767314,8.89064264499091,11.479304418513276,10.901627805447838,9.51170570026461,9.724884125953757,8.68119289946296,8.341922973753187,6.239061975516214,7.655576717423116,6.825603610514879,6.600638109222689,7.99944611877968,10.248256451142883,7.137810349036961,5.3533566813686555,0.4585792992686733,3.3130387685753915,3.006686921605482,-0.44034873994880197,9.384728590199938,3.5222306909430277,6.356294356992885,1.3737704237728439,1.3215055175483321,1.9540517485711504,2.1976580089102296,2.63954366111717,3.029795862870347,2.025471559506965,1.9885207702309426,3.2792595422259008,2.556014447299588,2.1092865412081965
12.493293214481843,12.628668725509293,12.822379372578814,10.935720344763276,10.739659898926623,10.034761626166533,10.000539093044889,7.388427849759712,8.109689364800754,7.972119759315924,7.150969803921881,6.793732440559391,5.870427111215559,6.363218144525289,2.067336896733273,3.3705196615960133,0.6073126160569468,0.18315711782832644,-1.006006336348234,1.7471549870000855,8.949112096411062,4.339364311392331,1.3287433212064834,2.791243205623558,2.0566496458696406,1.9474057561704845,2.6758855691935177,2.9340761867833884,2.7898130471975353,3.3384543539472435,2.4893080580386817,3.334589317513081,1.7568297992020054,1.2926460304641203
12.569265499915609,11.530686181219162,13.128090980620835,11.574515380678863,11.404748137821667,11.320229272994846,9.874266028932132,12.030484539575246,10.176957380390906,7.707949512881642,6.779995526338813,5.478911601147681,4.447699338796913,4.987635877020416,-1.4115917244611236,-0.5240684623766365,-2.1786632875141954,-0.1563292357009386,1.5128370252273233,3.6832946796037893,1.9613844734191703,2.2047597469625413,2.8085233471102775,1.7493440152355764,1.266306454016988,1.793275168389873,1.8650457176982447,2.516436508384568,2.7388799878715484,3.037363656959837,3.280751483548526,2.53352634181463,2.4694575304904283,2.0879842062665412
12.530951177558856,12.45472230070419,12.524430277239713,11.902414042828347,11.377933591010496,9.738378867831525,8.602308516254723,11.277400162133643,9.33186021340868,6.525338202273896,4.487370472306873,3.908884015870672,1.355808760409603,1.22622052586588,-0.13666942473567104,0.7669452997624815,0.26443356014152913,2.545311850174141,1.593283899020454,1.876595279094496,0.7346320359806957,1.2279327921926662,2.8831242437878077,2.1274734898234717,3.094574052115882,2.5730548946083536,3.142736512097041,2.6241562202831985,2.7805553274654558,3.0189236427673554,2.4492012534254086,2.7234707443060016,2.740967923439861,8.354558307367657
12.32906060763687,12.395662131288168,12.12919513692011,11.160389839261459,11.262901884164409,10.635721281080368,11.364843631239166,9.59799600471966,7.242274098456973,5.630087084408955,5.794268414798795,0.8913726568667866,1.8821964005291292,-0.4989251902236625,0.8552798577560242,2.061362433310659,-1.751798763123245,3.968515450708717,5.75044844990208,-1.4275560235716818,1.7142620430088256,0.6684804004103833,2.042697082487639,2.6237978369995347,1.6027585279277405,1.8022720380649464,2.1932476254261077,2.747327728744067,1.0745691212652773,2.7480722481436843,3.3972064469293874,3.084743536407153,4.040179712194005,10.782837079578057
11.331781217000476,11.595702965985254,11.762049795247982,11.139146223792563,12.043364839425639,10.22058644340505,12.001904228085243,8.952754072674223,5.602430925598662,2.3334489001382406,2.3085840077476294,-0.8466379428406875,1.9652880142514435,0.49592523350464524,1.6130375430077624,-0.3878014689676096,3.3915396661907145,7.746315372052027,4.304846342555867,5.365296150710636,11.06741181464158,6.924782758203119,3.2295268285415726,2.412311834611139,2.660212812028594,2.941811636492174,2.5460517146164223,1.8720004414513294,2.867889071591788,1.9815284992190243,3.592539937899729,6.702472684655378,10.863069732513559,11.11981450076189
11.467190317282958,11.080450957747697,11.21342718601539,11.071737460161874,11.34565045872711,11.429524922019912,10.47133647056107,5.26707869618925,2.514656132876859,-0.3401813180714105,-1.5568152581508476,-0.8778116218308506,0.5287743908522766,2.919661233173449,2.4559371113926396,4.714977916471003,1.6735229744610978,2.40480319049607,1.4023729633253477,1.413654884421785,3.1933730646296743,1.1037124847938482,1.6814639106957743,2.5208429839962445,2.45396997888712,2.5873126311582886,2.982393203986592,2.9358509346273896,3.2436288335361017,3.08302073289914,5.552042618321477,11.55960220504433,11.417071072080173,11.201708282036538
11.319463394274525,10.830708904158787,11.332033710411485,11.16046583069763,11.83157141958677,10.396372511981278,5.530574302284629,-0.7550364341462312,4.446940849075234,3.5062408358909423,7.016529762104663,2.9577157276635013,0.5970394618112297,-0.23825844041299474,2.0756898697996613,1.1224042466501356,2.6395357979971212,1.3715959026303641,2.0062898867480534,0.6030075909465855,1.03282046697154,1.5109123888740659,3.550841609212184,2.0165758505707516,2.707516947430371,-0.362906389863139,-0.8649814164646245,3.0987274718498448,1.8544166888319642,4.888873336944542,11.922933712669934,12.585558335851106,12.364359993372174,11.468999695291119
10.960979843397427,10.582485323081862,10.542940927858723,10.237344224381218,11.727010858998595,5.294975897442299,6.871859144215291,2.2948020963555202,3.8928403748466818,5.706737496392112,0.2803173326108425,1.236480803593199,2.7653721778335556,1.8914928452431974,2.4104381095312983,1.739282578833905,4.438176718989003,5.912295013067837,5.722900968184694,5.337142721840946,4.27121905460208,0.59253933879096,2.0800568074356653,3.498725164590399,1.798683744004063,2.3811513510560705,3.1966627992143963,3.1839030671345214,3.086043136216143,5.743425070169276,13.15738382413355,13.076087124729487,12.767516638661993,12.350149872010281
10.367622500662293,10.209579440999164,10.399151887555485,11.024650060609329,7.296367303479445,3.057877582585752,2.795819190476544,-0.640645009150472,4.396819577001014,2.439090018789531,0.2924504200185857,3.397569066493772,4.346699915477665,3.8711879339437845,4.381546783447237,7.625156538141735,4.233154360054615,1.3841721959516806,-0.31664831642753605,1.6252462670904044,3.793930348731716,2.663538341997995,2.1748112814121106,1.8762495934735945,2.2469533257459138,1.988763457644518,1.8817672470927826,2.8242912070164725,3.1171484631405137,12.676860392195538,12.805223646550987,13.245680045949294,12.951739131207326,12.678986156563834
9.863097215776058,9.636441686099065,9.774744393430451,10.9359583717872,5.806216373464224,10.830538834103312,9.058649457523476,2.8958050646448856,7.971814083789549,6.595547152240082,7.171094004605684,2.7142234878414606,-1.0773192291922413,-0.4787651166058488,2.657546004224899,-1.1673071595989486,4.902425330751048,-1.0742872309971407,4.759266608880826,1.8373254972839823,1.0986162239716994,5.765602077104235,2.6997203383866557,3.299543751809767,2.0246537339121686,1.9502027251417877,1.6175333235890017,1.0185181630846583,3.604431632335496,10.803391250736391,12.97907742942128,12.71133159576404,12.652634740409919,12.836625278784064
9.31031786380561,8.562162272650408,8.78753373866847,9.20536081358407,6.765788531464138,2.6022174611323017,1.3308427003823706,6.557863089439939,-1.0929483380857623,1.1403671791099503,0.7691110239758027,1.3899429636222298,0.675105389501108,1.9599555904273955,1.2375301643711107,2.881454557530011,2.118457030775704,1.275637748540103,1.1752724703132988,1.3576745520119355,2.0255146350435083,2.1615370664139864,2.1878143388395404,2.089045979380286,1.4390338846271062,1.3876048020590783,1.2537755556116201,2.7943719664430704,2.6100448423791733,13.082762668325786,12.970341068604188,12.418541774303602,12.430309088563494,12.501010439562377
9.111854161646129,8.231559718516436,7.9143044415573405,8.481098667182957,3.6201197169914154,1.5041162366940088,1.5912723130931863,0.22749023144678093,-1.0098151449525226,0.40382372814175754,-0.04369767161760605,0.31210222446190444,0.39503657035586576,1.0558651863933701,0.23731165677706104,1.74068001956726,4.328727021681141,1.392321954220019,1.56935618177914,0.9691642641979238,4.045098192031206,2.187348452173462,0.2041972636162243,1.0436717545636787,0.8607199181665619,1.6809283683312304,2.0508956153319957,0.9374415164752181,2.4808888751335454,12.335536398216888,13.315198328595548,12.187677184519027,12.20660879263343,11.957352100386434
8.820656589109891,7.853953187966996,7.4376657888532325,7.445999372891942,3.9047787449372984,4.881196578637601,5.468322380866008,3.6191474556522483,2.050614071462395,3.6265550349147,0.042456244788249754,0.38639317746844803,1.9613241238297183,0.4478764945659052,0.15510999024832192,0.728682254273656,1.8360708231118343,2.070673061014707,2.291485730294158,1.012143909139546,2.0194471825979883,2.468721194820135,1.6345481051299167,1.995752699454105,1.859058828647921,2.0844462581424135,2.485287058306774,1.96396266409664,2.088272557332451,10.239159736565421,13.163653805987135,12.889980154928393,11.609903569270829,11.64483415891896
7.867731599493018,7.115487739710073,6.901023319895034,6.821810548001067,3.438818162863176,2.699815645483522,4.258204562070705,3.4204250645714502,6.354419506950809,-2.0168828351787647,-0.8686077150236244,0.524607890296638,1.4414986544500459,2.0093539556414552,1.9810058549325147,2.8878818954657532,2.1796811058660115,2.610371248227148,3.3000718283899344,1.5752589442778322,2.3823185992022786,0.4906857973797265,1.5559324188599022,2.650626394995594,2.5331134346574093,0.7668163982872906,1.3136423709582115,1.7884396830679108,2.112280542913878,8.229309679411232,11.159970920821069,12.847805543316758,12.66701324508198,10.97593366580402
7.2206960427492595,6.203196661633495,6.101100051805647,6.096428930469145,3.7385278681560212,2.170848504492836,5.915988290005606,2.013719765947019,-1.4255362448494344,0.9750783797571915,0.4767024833299962,-0.22389178442053825,1.4723198198021474,2.151404248179882,1.5671390877305145,2.918472086288877,1.1774466022988896,2.7526245604189423,2.738569311224081,1.42572106993259,1.3510190940371611,2.7332218198905784,0.6047524191861444,1.5471743749275384,1.7829879226055727,0.6381614357909764,2.1689138033602746,1.8743563481106444,2.560713840604505,2.986756615939286,4.244795525541736,11.471813254825355,12.995289466240086,9.372311157676052
6.700215879723249,5.587727885928108,5.33884279837591,5.072311052311672,2.3604871218971297,1.6850019433155494,-0.279500674961495,3.2917922458335256,2.5940114247702724,0.9178264925005434,2.135763602322835,0.9255974527005371,-0.7751826157027818,0.5837855995561766,1.393608190968512,3.0382774832885655,0.9311556074559156,1.6056359015199857,1.8453104526643156,1.9906317187967415,-0.15646786418427885,0.7670836339513395,1.9591776117832786,1.9125742992428243,1.3210234464913524,2.0075318525214336,2.1902045076783367,2.1108586839487256,2.474598905938258,2.572868220293645,3.0119965700828715,3.313900408438896,12.813619186618721,5.642552054252722
5.546322824531087,5.185825953012547,4.323660177441418,3.908628486946028,5.159070745993711,1.6873438087335306,2.589357781492201,2.3013363383265006,2.49414300647829,0.6906264102788024,0.9360697989651431,0.8638778527722336,1.3035393963542201,1.743917265382093,-0.47003818460575364,2.2359609839278556,3.500894089047519,2.9740024255306534,2.235009114871406,1.9819533575075363,1.1133386695430774,1.2109515591332436,1.451796993470929,1.3438397048460833,2.548900409819584,2.497006680950143,1.521834692311272,2.6309743607166958,3.3170583062399324,3.8147262955815258,3.612638412482051,3.7490040542947303,11.273046142335728,11.982706695299921
4.794446575224987,4.746392625382545,3.8043672526276064,3.4031324768467934,4.366108160500798,3.644401529382532,0.42932272109394404,0.5387512171932933,2.489168900039992,-0.4793768675241655,0.007345586528057486,-0.7725480914617545,1.489228543378363,2.2146336413449017,-1.9839941783976847,3.0687434126031046,2.4801492129390224,3.3694151497064158,2.553883654939116,1.9369974868471163,2.2784577717448586,2.1574001132759353,1.894531301158705,1.4067508621262428,1.2406068806908104,1.4049109727910138,1.862142133123934,3.457825039285059,3.9345090523736754,4.4666581843146576,3.311451566751034,4.834665864255144,4.856366843667611,12.089885920237709
4.698736460577074,3.8129958880474923,3.643959512775364,3.373123869003424,3.589908760167208,2.142372987478521,2.164146884071581,2.033645349074835,2.521105461463194,0.3501810864623468,1.5224641299591601,-0.6264428822251128,0.8385111476839892,2.360993637571125,1.5231034668056966,4.301050743626539,2.679472388050465,2.7510597094177958,2.6524677131141297,3.641739478983148,2.057326040531071,2.409672599461391,2.2591391377389116,1.8711367006140285,2.2783154792832896,2.574225761450375,3.473880948028411,5.644559561547687,3.8860462170651213,4.044707080131716,4.1238334391094185,5.769176886744882,11.92044364803593,11.922540339105728
4.311946254438174,3.1460877968330965,4.027323852765772,3.309721093800879,3.7560627036473813,1.808704347329519,1.8616392200220329,0.8448035390767622,-0.030963319455190996,-1.2532135736841536,0.2526832476622138,2.6601632754149693,1.331392171443191,0.06425901952869828,1.96205354620195,5.390110353507417,3.525640232793825,2.9188669702332337,2.328044775510321,2.3433212719127883,2.4889029609004063,4.950895907041925,3.0553816628348924,1.5625452518654235,2.251082055750492,2.3854283729564347,4.859318218158269,3.2090086440022,3.2454071194377816,4.521894104805675,4.79261703333826,4.590502960616975,11.644618963895915,11.572867408647308
4.07915658512985,3.7476138582191725,3.6569184543619957,3.2457313614497063,3.579889807210171,4.1528568314636125,1.7161521634334747,1.15159471059246,0.9960783263238834,-0.5044822753411878,-0.036331686261960344,-0.493347547473997,0.2411365375335537,1.8851992181703914,2.622267519373397,6.747668515364599,6.141836027242619,2.1610060626599195,2.5809954352173397,2.296885729322173,7.008227337874521,7.471136405829147,2.1006955243869387,1.9512624594173826,2.035927651848725,2.4559430468228998,2.6928915406979583,2.4642512102678764,3.4930037901232,4.677876953847549,5.253539154963495,11.189081890574304,11.436013452636283,11.021566720480765
