script/wind450m.json
{"header": {"parameterCategory": 2, "parameterNumber": 2, "lo1": 3.000054539987559, "la1": 64.9999836372058, "dx": 0.5, "dy": 0.25, "nx": 34, "ny": 52, "refTime": "2026-04-19T19:00:00.000Z"}, "data":
[rows 0 to 23 of 52, columns 0 to 33 of 34]
-2.8298974514416066,-1.6946661423096017,-2.7207475642274748,-3.939478783556516,-4.860231014359473,-3.7261654794904238,-4.008091447911179,-4.151557386209351,-4.248545039093481,-4.983446266355588,-5.552189976853573,-5.00593608232475,-5.269932293206699,-5.043871845411493,-4.792668424749403,-4.098756794993251,-4.652622540925506,-4.961578171759405,-4.806137978633823,-2.389498797199129,-3.9247237439955365,-3.0796672040612427,-3.006808946616227,-0.9252959351868016,-1.1862848736678608,-0.3956603250388373,-0.03783707338302507,0.8929006870307603,0.8253699819014825,0.8529710309925711,1.8471245386163513,-0.09697893769341367,0.8960386569759567,1.3789405152374357
-3.570912197494707,-2.1600869145526924,-3.203142680402243,-4.437128533166229,-5.881985018220295,-3.329068618918394,-4.074738539127688,-3.677534779227632,-3.1132491313508557,-3.3292528618715473,-5.5465599162477774,-4.106605248465556,-5.647784386326679,-4.648277429679684,-4.956079481318375,-5.61294381269014,-4.754244355137971,-5.110086730691355,-5.19088784456657,-4.201624227233005,-6.1344162822716015,-4.873613460489658,-2.501953025657339,-2.701661507965118,-2.375758224340274,-1.161243367012691,-0.8633882283718208,-0.5075803709470141,-0.08069439264415725,1.0725870710507497,1.4720377207729742,0.4695479667941553,0.4129224780134669,1.5038022887619416
-4.224728084931627,-3.4535222320836567,-3.6716451673930686,-4.81856148055153,-5.06355184711658,-3.712882855764857,-3.1617113289210703,-3.0543135658642893,-1.3398387122582296,-0.9368057157347015,-3.5678756038660273,-4.945136744746132,-6.233478268185614,-4.984662497076951,-5.155271248614894,-6.199158965224168,-4.913470924639554,-3.369125958760905,-3.6485693377886403,-4.261056088809652,-4.751076680992759,-3.4175041101716284,-5.921253045962155,-3.2448818278727707,-2.329429659924435,-1.2186813234532492,-0.4221366565157731,0.18677454495222942,-0.14341292073861497,0.05843666637376551,0.9034468611666444,1.9258793830987264,1.3588717888529271,1.8418081377099547
-4.657613373333748,-4.927525830907532,-4.606882004563652,-5.898740273540643,-5.445241108603595,-3.806010607302164,-3.6130454311513835,-2.764575334483473,-2.9505128619721175,-3.020256064217906,-1.9805372361401379,-5.492168446285263,-5.5086082934011955,-5.480485858850033,-4.6642779676201656,-5.256856053498986,-5.079652833300255,-4.538189373593371,-3.6775825741044432,-4.525624708473457,-3.62657543526973,-5.131486730094494,-2.9652735285815215,-3.5553915345313905,-3.6103422884330594,-2.821215150830302,-1.2595288650695693,0.4616338087023469,0.22867355894357325,0.5380808283203754,0.9742724056062685,1.0491081950742436,1.8520472827288996,1.5511062342510273
-5.766847468755164,-5.562486316820025,-5.123370860229669,-6.204771475404244,-4.543605713526964,-3.809741417432193,-3.6006654198611585,-1.7543622667970515,-1.417200300259997,-2.765857747766861,0.39875341372556233,-4.4086673793268,-7.0191349353549715,-4.681933320839113,-4.304163583252166,-5.902012930908837,-4.2244345303033475,-4.607543473384452,-4.779786445239175,-5.209104162259654,-3.877324439603893,-4.072090862877757,-6.37795747123981,-4.423397576327552,-3.359499127688116,-3.7797143612440767,-2.8095942926959303,-0.9237389716409455,0.4973391723412301,-0.678460521063281,-0.028892999710674296,1.5970098946507885,1.7471650384028299,1.2848450031029655
-4.602148363551151,-5.244516826618119,-4.778595234199863,-5.779248965816098,-3.1199197916424284,-1.7765640537049816,-1.938743735111853,-1.3736367346812166,0.6962417903054646,0.9380197264092129,-0.2718816038026645,1.4497999768786072,-5.366633694791002,-6.996572018072883,-3.6122755153067674,-5.011469877797884,-4.0437860726798975,-5.884119019854665,-6.423561004075935,-5.513727282515299,-4.993511793028927,-3.9828345025752663,-5.839771906186762,-5.265798837490437,-4.221040610847874,-2.235662093620862,-3.1834840858292166,-3.812243923694921,-0.803383268132256,-0.45755659968909473,-0.01220243809182321,1.391458085339758,1.2667807015822954,0.8737913665440089
-2.693754901748913,-3.7334930814390734,-4.650064142268509,-3.747061764955864,-2.0929436015538863,-1.1599981838497233,-0.5958503676846585,-1.0213705049380009,0.0020034006582091545,0.37477820660036076,-1.4462930941152443,0.07164437896118811,-3.9971364719678673,-4.6219364180216855,-1.8467587105604235,-3.690861737940971,-5.528528350086361,-6.115981955240678,-6.590171056328528,-5.603557198524278,-5.444957308414538,-4.5633672746562794,-4.412948452528287,-4.865157976430122,-4.603638921431595,-3.1082437026450793,-1.0925584217659845,-1.5258466782011066,-1.2159990237328189,-0.47720273965630844,0.2758912649329942,1.2891475489973248,1.007758709483019,1.1106196757598912
-3.42584668811673,-3.34404828029651,-3.9338530915241394,-2.4228556165460713,-0.5867431360724051,-0.6357654465638691,-0.5066786971681589,-0.2544142842755287,-0.858045900230263,-1.0451661108576646,-0.9540668565311202,-0.9399381366366932,-0.30368025394923626,-1.9798699266446331,-2.6692931772516775,-1.2236660972262605,-6.262231265460619,-4.861120813934645,-5.175390589673237,-5.8023548318353795,-5.107768299731358,-4.238900444006959,-4.776723436992856,-4.476399522554773,-3.6934495365845277,-4.903312089486431,-3.904398609399631,-0.32366215275935045,-0.3853515726033497,-0.41256229666407945,1.5063902964347196,0.45166007745193476,0.7361621339571627,0.8486584812776997
-3.7523358467843715,-4.698849093276146,-1.9077810843980254,-0.5604776383891161,-0.7603646472201339,0.4744326157958064,-0.11004004198447971,-0.020904461532911825,0.3154570590034232,-1.3363799044872982,-2.9015606648267407,-0.8985455815846665,-0.7792425270455687,-3.940501554647205,-3.2223434255689534,-1.6100824408978702,-4.386339790068833,-6.460123562664096,-5.510610362489871,-5.969270314395349,-6.234157018731592,-4.504187598088917,-4.366072208564409,-3.808987455726875,-3.6799064735589018,-1.7399355844391142,-0.8351542338229891,-1.8137025638802355,0.4360093046370546,0.34792470173593226,0.674695517225385,-0.17418563531845024,-0.5908988915204473,0.27620679763875816
-4.3496248479150434,-3.5064053263251656,-2.970323513937778,-1.4645429738408058,0.015267150362073748,0.48126388987211316,-0.2212489288972475,-1.6034496756529528,-2.2779137988668787,-0.610179924070184,-6.1383098542030545,-2.433176175163573,-1.610519633456641,0.08929183768978559,-1.0690072593844058,-4.700194120947376,-2.8691421084751396,-6.8769712249041595,-6.410561401621897,-5.335575075498828,-5.192579925173747,-5.304797430124204,-5.947002341390985,-4.742364124055576,-2.697143499339282,-1.7932832166219428,-1.1226377928439957,-0.056435923844567616,-0.6202899258441782,-0.21560726452431625,-0.0842707814953743,-0.910688699391027,-1.7090454825656387,-1.3309624882630915
-3.3521697926593674,-3.6857588810607744,-3.502654402291735,-1.1970738011437814,-0.36486007139659515,-0.8536547746741081,-1.5240035197787918,-1.3670885122319727,-0.3384631457667842,-3.784094689905674,-5.88665039973027,-8.057438051122464,-4.236190323310124,-3.1800437063915337,-0.5432890975175423,-2.209150878666248,-0.2824159722195985,-6.235037780230258,-6.611615703760153,-5.158527145154576,-6.567558481531897,-6.228384916009464,-5.355618100837807,-4.432972493207106,-4.452649191636817,-2.6367336431930606,-2.469470443093731,-0.7742272062324516,-1.0665693873447148,-0.6825384239581865,-0.8482586688275113,-2.0096754343804335,-2.1977587659884392,-2.3196462203979813
-3.733342597256973,-4.301628707282002,-4.1009026968825415,-2.2605951664797836,-2.248540326726096,-1.9638078475250198,-1.3334647881732533,-1.4992296514397905,-0.48410325899797507,-2.339676004768118,-8.09928021382372,-7.003665834143784,-6.743061508655541,-1.9979566310997325,-3.6060087690885116,0.1673172573830021,-3.091678847362214,-5.4514831028706165,-6.353518235343967,-7.024664745509698,-6.144742373800694,-6.728378469491181,-6.493658482195341,-3.9148966843069886,-3.9635120208689134,-3.705150108871347,-3.240965081117425,-1.747453945543116,-1.7939445003512275,-2.0907668441917524,-2.4296826160490665,-2.9640630677852653,-3.2610147531436855,-2.584074937259316
-3.8713251381224967,-4.509375431006914,-4.033702130933909,-2.7507154787905757,-3.0097642557388666,-1.9402472350094324,-2.913610536695785,-2.352203180859931,-3.9362408219280463,-6.512192040581562,-8.636841595965302,-8.651419958072637,-5.26917818427893,-6.158462768807838,-3.1035371220184507,-5.753736187757629,-2.4745135332186194,-3.5970109431635477,-6.601500939596683,-5.726616804900073,-7.268890439307496,-6.336243396245463,-5.84839857996307,-5.585694545629633,-4.021542636844986,-4.671015767843227,-4.390288729330105,-3.792960920142986,-3.257417561095535,-2.7231120181526975,-3.7332170500649013,-3.8840626076498106,-3.6511796648923807,-2.581316581739727
-3.811689009299569,-4.670607519656692,-2.2915123985052515,-2.016962182826694,-5.157592689214456,-3.8252869452476426,-2.9582400670179254,-0.1262644471098159,-5.384712070087184,-1.2391634306051604,-5.868743924084212,-8.26235540982145,-6.810238030789721,-6.195242617352543,-4.1300439324160285,-3.738808648402068,-3.0629442229696937,-0.0373291163940342,-5.604310079035361,-6.524072961920639,-7.855336527230061,-6.311411789270086,-6.405802196354454,-5.967179663514206,-6.330757638025988,-4.4828752749661165,-5.20786666909807,-5.860552795158528,-5.308717794088489,-3.721284206922007,-3.8553686203923405,-5.041573534306921,-4.262090946122531,-3.049369108242483
-3.839453672177478,-2.065622105690959,-1.9885967559133595,-3.1583946154742697,-6.499930788220658,-6.984145937358747,-5.249985032737451,-7.858807039250739,-1.069678672400373,-4.681006101212361,-9.492307106523636,-7.924991820626886,-8.294154688409575,-9.579559717042823,-7.189889279274767,-5.874927912331218,-1.4157589635673018,-1.8830009453960272,-1.7395946278385452,-6.397016299407419,-7.158042051862208,-8.824235616036527,-8.226696546584883,-6.832515198693261,-6.7563615289996415,-7.467154971048492,-6.826939659767527,-6.953490638137575,-3.7872905384427993,-4.513578730782345,-4.596710400232674,-4.635722841479679,-3.6821571635363823,-3.429367100537876
-4.323041875464262,-3.1339085415301726,-0.5810458415567321,-1.4003576536475226,-4.398507879559909,-8.024000934284249,-6.6098092331084155,-2.0222381311271493,-7.396633408967368,-4.756279833588518,-10.439329969757692,-9.293057469253709,-10.112146171620333,-11.038134903806643,-7.712000248844761,-5.47147499132221,-5.516529530381475,-0.8081747402585768,-2.0887429965002444,-0.4550448821641267,-8.247358802097098,-8.251046167289516,-9.494359062589599,-8.36932187939726,-8.114222366188187,-7.784657536637172,-7.981864056721107,-6.335774935837323,-5.412727085990482,-3.949438080237633,-4.392226414278906,-5.59821780085588,-4.3712788871718535,-3.483526194800881
-2.9657378688546543,-3.28243791557018,-1.9863543591306159,-1.8333697926594126,-2.8680578926642566,-2.4801064620350584,-7.214372334686758,-5.262972831151937,-5.116215574037245,-7.516503274329938,-9.208861919111174,-8.225389388429651,-9.580011932475875,-10.076024160071917,-9.343857311723102,-4.513433105309898,-3.1142922350136435,-0.7963416264392612,-1.447474818451715,-1.166375601292523,-8.535865915624532,-9.619617731339096,-9.625690699087809,-9.157796539592308,-8.33509592596495,-8.300376267389368,-7.532199657380819,-7.143109964738436,-6.228010407408656,-4.694149581321639,-6.011696759303253,-7.070851425964529,-6.272576556955081,-4.003651158928698
-1.9166725023167328,-2.6808623960095894,-2.5057601733282677,-2.006049327108172,-0.8484549465065514,-5.497690066039346,-5.73860690027111,-6.097761294843108,-8.38301369216366,-7.626483499557884,-7.7355397276205755,-7.272809618328603,-8.65991101836219,-8.437299655373058,-9.483033174210796,-8.629842090875691,-4.092165634695971,-2.039734508266502,-3.948334163521066,-2.9368256791151257,-7.4484892134435015,-5.725708924159453,-9.852327168917567,-9.622181202768756,-9.908965354671796,-9.410140181788925,-7.378318619129566,-6.256843524801375,-4.73329965732739,-5.134171625902628,-5.586078171684261,-6.498556749471507,-6.65828959632078,-6.3313198130139865
-1.7421920574566163,-2.2226578231214806,-4.226906982467382,-3.199901792360174,-2.6229841639968745,-2.192055165485943,-4.880337721871,-5.226701884588729,-10.859794099695739,-5.5571662481921935,-7.3896401974393475,-5.782910367831296,-9.025193636586808,-9.514789202547338,-3.457213701049586,-8.361076973445758,-4.595338151021923,-4.255053216313825,-1.9453544785648575,-4.115870150953908,-2.8649320459537586,-8.25029989092134,-9.62627404076018,-9.819907955542892,-9.142556841838474,-9.774482927339934,-7.721168569884689,-6.024464399089515,-3.677751822390832,-4.4606995577733946,-6.235203696983398,-5.896551611666647,-5.204854995376386,-4.90805251999497
-2.0608457396612554,-2.786292101223084,-4.05989371660536,-4.811478425135272,-2.5090724629582866,-1.8035379920667725,-0.07133935885268669,-5.393829301983528,-8.077797422117772,-6.014360657807924,-5.214214391991782,-5.255494896418507,-6.852657748263466,-6.8344271386357915,-8.612386264757099,-13.675536959579084,-3.8962632192726545,-3.6177766830606797,-2.5380642466956034,-4.498782397923031,-3.6982698722722915,-4.066263661847343,-8.608420084177805,-9.145727965183863,-9.821356037680959,-8.529588393906936,-6.62159098142328,-6.169052443490867,-4.253407912407386,-4.74625596012105,-4.6849704742093845,-4.5735150889139415,-4.2126534964288,-3.679962276337609
-2.4745326275688804,-0.5710098740783877,-3.126020529196549,-2.9504221719859838,-2.2133923447342054,-1.3605526356157311,-4.847293039106521,-3.8859927231273126,-6.188154846736863,-7.890706438078892,-6.614145011936994,-6.097605726129892,-7.47465242461888,-5.528109097684234,-5.592850780318241,-10.563501308826309,-7.110932545751467,-7.206231241238969,-7.278110881045534,-5.489861380479285,-5.0148023681056735,-5.282105294853978,-6.984584409959872,-7.369356400752255,-7.389238753462428,-9.43712299902575,-8.958474820118647,-6.072066307925509,-5.26551293138321,-5.665503308772989,-4.143991044505574,-4.186085114258624,-4.5665549868340864,-3.4975242697355
-0.8625794349267616,-0.8238628901574377,-1.0851574357684055,1.4294806334899801,-1.2018942783218123,-2.205130727080228,-4.110333432960038,-9.295104750739148,-8.715211802831895,-8.867653619723049,-6.691824721521506,-7.968757779977238,-4.144457292861937,-6.5847332584822365,-9.405426682279062,-7.332190138127539,-12.02606103885833,-10.714792888747825,-9.099739889985218,-6.128238913754997,-7.100875254182202,-6.451843375234046,-7.7575224882844385,-9.289032719307992,-10.99872336183011,-10.726561106628466,-9.341135673816424,-6.797791240267207,-6.078122911564122,-5.972706098972011,-8.153507801931895,-7.630857477258736,-7.671447867700061,-6.1099534017793165
-0.018292002297208523,-4.071501648870316,-2.1828050841893094,-2.5405223419920344,-2.210573624862402,-2.3443110582176927,-4.7948516559990155,-6.472061165124855,-8.458082390088487,-11.490688051097377,-6.573034759401894,-6.541702014943211,-7.939207191597252,-9.570585803556774,-9.351750210083825,-10.136985537111437,-14.283908962623034,-12.94579574339722,-9.7764655708073,-8.889588072377794,-8.678661897439863,-7.58019447597068,-9.030781344493366,-10.824431080564377,-11.519499926709763,-12.122572234422144,-10.080208260520413,-7.642958640736601,-10.825146387357327,-12.247717613705147,-12.245968447688025,-12.146205662986551,-11.09379750816105,-9.873177304583267
1.3109025497488958,1.23904558582732,1.5715039842591338,-0.0885901285282622,-1.8004144134728803,-1.713656306146908,-2.334231767015962,-10.124494693197624,-10.93137094072528,-8.605588519155043,-6.477110664812013,-6.662966625171875,-6.648925355150247,-10.620239413483473,-9.906926139969054,-15.881210985823758,-12.125860378521459,-14.940137300926345,-10.70166038008846,-10.781254585676633,-9.791536173748177,-8.344550821725386,-9.505766938879336,-13.281831150974964,-10.78984937136436,-9.512284494515582,-11.849798724246812,-9.653312042851715,-9.128322550761247,-7.264441510262398,-9.059001702186585,-8.819624847927802,-12.02382959785667,-14.482560277861893
