script/wind10m.json
{"header": {"parameterCategory": 2, "parameterNumber": 3, "lo1": 6.000027932988019, "la1": 58.9999434238085, "dx": 0.5, "dy": 0.25, "nx": 22, "ny": 24, "refTime": "2024-09-27T11:00:00.000Z"}, "data":
[rows 0 to 23 of 24, columns 0 to 21 of 22]
-1.746658090340567,-2.40960735645948,-0.7155811524854121,-1.0086787530229295,-1.3061911911396473,-1.6962228208355825,-2.8030977429354196,-2.613601522558721,-4.913603948551421,-10.033177602666905,-5.316041389787724,-2.571074564684715,-2.1162452559482428,-2.903088625220402,-7.053697967420975,-9.12326094006392,-3.040853511441251,-2.223052181123739,-2.693436563931991,-2.101270867895345,-2.8668443396300836,-2.377725855528077
-2.9318521585003903,-1.26900759262705,-0.9862637707576066,-1.267011347727054,-1.713375432113526,-1.9983539986076324,-2.65589844291666,-7.786193117126231,-8.912025588563177,-8.889262079082037,-7.634242473261663,-2.335959687396623,-2.557535280310411,-3.3506490303718346,-8.961996797823108,-8.732532021399175,-2.508824826900862,-2.5009356115004624,-1.912513537658147,-2.393481737143266,-2.156518497875689,-1.6376481736644521
-1.6778941503729399,-0.5874609282083988,-0.48613747511166977,-1.2705974007356986,-1.5265476828716884,-2.1991241526628085,-5.894585359113041,-8.702512985403212,-9.647276459226639,-8.011349773457,-6.2599669082310925,-1.9699534242637569,-1.615528423523102,-6.436716093975452,-4.120507885904373,-2.462545472975753,-2.2178764049565634,-3.592648604019011,-2.8971010761962614,-2.691008232650005,-2.3899430760687235,-0.44757359239095584
-3.944837623770809,-1.6568507660954699,-0.9565690488049954,-1.5433757091723068,-2.0494061040951888,-4.990475756343482,-7.956651023587686,-8.534761744319994,-8.059881835130424,-7.265196149803269,-5.897520585532233,-2.6263610572945533,-1.9972095018294866,-2.093875847004694,-4.049358982762498,-2.4082889514492867,-2.073905276753612,-6.758273596160499,-2.432508826646035,-0.5061853647164264,0.016423065857183866,-0.9358831502019667
-3.506660194807418,-0.7739851094983208,-0.8086429340997907,-1.2353492887859507,-2.8999396221439913,-6.758368579240802,-8.214423668558315,-8.891225660327951,-7.577042706800917,-6.7109479357633095,-6.480201102935267,-3.304089182310215,-2.2824020044072104,-2.2870827153884696,-2.27322246747393,-1.8503429117274433,-1.6974728793708231,-1.990377754092225,-0.8457383831526641,0.7468178848428648,1.3502356226205086,3.1360567119767793
-4.277949312552135,-2.2296192486369533,-2.6209156779003617,-3.0336558404269116,-5.264994090371825,-5.650732983694176,-7.122002652345134,-7.4653657057472325,-7.488691254625098,-7.1019395281178195,-7.426696809054971,-5.2610707183823875,-2.616800298176003,-2.307354523091448,-2.2910526118944206,-1.1436176337249853,-0.45474225944881974,0.006632312758044965,1.1723465463423284,2.0221220012825656,2.5414776183618293,2.6070484107083534
-3.9271924608187563,-3.824356862164886,-3.516290653562692,-3.84546025596401,-5.186328871768893,-6.4940970874451285,-6.906054903557344,-6.258588956920086,-3.2608220580902327,-7.458135335545958,-6.151128400583049,-6.009699900152031,-1.9793115646667645,-2.14503235475622,-1.7173546219476228,-1.2558235097732682,0.32940653513908097,3.7100319717130765,3.615532869062437,3.3051267537129028,2.6692728042363973,2.584780512224256
-4.229108804118206,-4.538147999736974,-4.427697476870723,-4.144303994304024,-5.687246494569178,-6.740493403311008,-6.068955123964534,-6.378147760575726,-3.650543631301092,-4.21778379053224,-2.065575029804819,-5.5441819368473935,-4.98114548109676,-2.276786723278959,-1.5580318052375128,2.12013110573362,2.654403134138102,2.9998601930656736,2.516086822736572,2.6838287051275946,3.1107440606888317,5.648491053878167
-5.573414577268252,-5.169832024246534,-4.396769537030462,-4.926910883878971,-7.614785321454277,-1.7953799427567598,-4.314049204199144,-4.53153842807105,-2.544675243259678,-6.726141347667048,-6.382761577952825,-7.394130029087311,-4.9648606225846645,-1.5090708042368102,0.6433885508863123,3.565770937857495,4.69460666621609,3.085609415155416,3.3119862676351173,2.9136238587762513,3.0629421172764175,4.721310276820634
-5.961101209999183,-6.248485007378454,-6.705803879925206,-8.526537524435511,-8.073297254960961,-4.80973229867768,-2.546607702278659,-2.503727484058361,-0.9800352660226719,-5.676640299621632,-5.508825080884084,-5.89012500818504,-4.783316465901269,-0.4766839727013492,4.273661220460649,3.8418567227256073,3.724830607984595,2.88190614735462,3.1035285234135537,3.0559828446504573,2.69216181744801,6.983348232806265
-6.9728911284598984,-8.384211960547615,-9.194697806515538,-8.005966595026806,-6.105785445756456,-4.381734712586833,-1.814762928080608,-1.0364973357607064,-2.754977197252597,-1.3654561666266165,-5.069461981996912,-5.227414163356241,-0.3552027188870514,10.688924292791246,5.993902274953896,3.276354823391277,3.1543931063854855,2.2627616626633933,4.129933438940462,3.200022625335075,3.1641800861390688,6.4587242307803985
-9.50771607243711,-8.984528834213119,-11.087444677254032,-6.2217764391877095,-5.829266065138133,-2.110565731580324,-1.69420927933942,-1.271732702618167,-2.099148951230852,-1.2560137134328984,-1.4609564117515978,6.9825046868585385,12.662056392527075,8.01916300017114,4.1919261320120285,3.220517199811793,2.8116448944255477,2.94813747962135,3.363172725099151,3.715464218363906,4.592344146348226,7.852077101162356
-9.573641151728134,-12.311622122766842,-7.7039578302417855,-8.219003269931136,-6.276429972556601,-2.3012480331629677,-2.0524869959155465,-2.2667049839566533,1.7289038719121723,6.376616888571628,8.351978973702373,9.538453877566033,4.882234439387262,4.190774948767139,5.7160904602949625,4.009964654122876,3.229167294579111,7.6983251400963475,8.96703746017445,8.238335220028615,8.370023980947753,9.903802808725167
-12.99773644689491,-12.354186100007096,-8.770059154362313,-6.515353567551442,-4.1594894967522755,-1.8494695898300184,0.24395250638913468,3.9285426612857646,7.490606681887715,9.328571200501534,9.366856799421752,6.6286266947603565,5.817805326985607,4.771912929174118,6.644523013442987,5.089353046258496,3.818471937857951,7.805335517562063,9.625107223049648,10.346082043919976,10.41605854565653,10.848948267935418
-14.737916287206428,-8.364139126290267,-7.525390007919219,-3.2223163069551286,1.4480065855847122,6.997558125407712,5.9278611041686355,5.8509716270393435,6.370935785662764,8.284060173151566,9.724635398950342,6.552493668772391,6.36678098285845,9.016653607395606,5.745032257927715,5.34045253059936,6.271493080423441,9.715556528327,9.558321242662549,9.314590615011388,9.389908987520478,10.39049518446362
-12.365947758536885,-11.04488819495886,-4.860311989716747,13.506179504043034,13.697489124249602,12.60930921283149,6.795856517798918,5.724949547960493,6.8025507125419855,6.543997455717869,10.99103628889091,6.933617108786229,6.604948184099372,10.020146170612062,9.726221105243173,10.143394023690904,10.532502727089934,10.699225948684763,9.097338714017303,9.646257525083575,10.674704712709508,10.223904708750156
-15.34355698747034,-8.871903372349138,14.14733480486142,16.271549676925737,15.858780414742911,14.240201537637315,7.820568406357837,6.362693502035602,8.358714670261852,8.658921695019128,11.977429437342487,9.102889336561224,5.9072713973919,6.591350859185595,11.315219307881064,10.311030680183213,9.82652931285706,10.730195536108225,7.900923322128097,10.67665705002635,10.500947325222999,9.954376416849941
-13.200996828470478,8.165921524170232,16.42307410732846,17.63502595866162,16.96321365848889,11.43454908918902,6.0272367370688995,7.515325484063633,10.13321090642065,11.973728429209611,11.829936725177063,8.345552177655215,8.381288665282149,10.77160797011275,10.516622106678895,8.729770353290359,10.011049203594867,10.818048828610795,10.097494554495546,10.034124128875547,9.849923439209741,9.521268584066126
-14.218124890572275,18.22455329795701,18.902091472106015,18.767495251563027,16.7574244261486,15.395927103821249,9.566340818632769,7.271296105606742,10.04302087466961,11.391177025831642,9.100182516765363,12.16233576026044,11.067219444476315,11.160520733620189,9.247402275127994,6.748206299512165,11.262730637951309,10.715496207926147,9.986069353167903,9.980355829667081,9.54134268719372,5.199538707744325
-14.629979323539864,21.16021503512135,20.58426772335777,18.871887895284967,16.64562215531033,15.509009777505483,9.134613452623991,7.419371358891309,7.472956929640059,7.607967753132907,7.937375554145207,11.400915553856146,10.53785051480435,6.412987003438873,5.445619017362175,10.757650359431157,10.35969337983787,10.309705491956347,9.803890806400503,8.526577466644843,6.182808129235433,4.303234842384755
7.191922312042974,21.11696379832815,20.133117685411033,17.950541122915933,16.568365985783302,14.70007187158255,9.292212071360098,7.222862458205563,5.837964333067023,6.562260634146081,9.058566928133374,7.889963947028903,6.592394442893425,6.462261485616599,5.660604232690743,7.221169120261336,8.80719693763343,9.803983646554727,4.253698907327835,5.54862823162188,5.022407318539924,3.365804379677785
7.115191129942869,19.63758212657558,18.997507534747488,12.844729248067997,12.17036780561948,13.468997831163788,8.740544151519417,8.61309975604709,6.2045303548257476,6.772472352251718,7.15906989084514,7.113896335544897,6.8248236565588245,5.714175544248001,7.023884350523626,5.808418348566746,6.26157474890013,9.17916093233558,4.963193034244478,3.9918991359080156,4.5153081646940185,3.5619657134549847
16.6003881773338,15.817094588765727,15.854316788811,7.798122491846641,8.53907027238514,9.382891214765369,5.9029445831514264,5.937324653000889,6.523253746419352,6.342354119642037,6.836322784222867,6.2910285015075065,7.385107275458785,5.3122667492552615,7.375591436148512,7.292886561096055,4.945672867679443,3.624315095570012,5.210011397891689,3.7999128973956458,3.2141410124245278,2.4609611775140934
8.696364593801643,9.932616815880458,9.726795583887478,8.675943063946399,6.497693517425543,8.655875168720655,8.200130757813834,7.571300239606902,5.592334185157138,4.897078578162021,3.8300134542119846,4.872426454210436,6.532274188768075,4.488100416165667,5.320886470960722,5.2045029257130775,6.187183815553262,4.26368626566234,5.487903297359189,4.0347321535671,2.8821808832648363,4.327569993721942
