script/wind10m.json
{"header": {"parameterCategory": 2, "parameterNumber": 3, "lo1": 3.000054539987559, "la1": 64.9999836372058, "dx": 0.5, "dy": 0.25, "nx": 34, "ny": 52, "refTime": "2025-03-25T06:00:00.000Z"}, "data":
[rows 25 to 49 of 52, columns 0 to 33 of 34]
-2.7364082685833897,-2.573796270717303,-1.363188977516636,-0.27095818388138865,0.08770093323000508,0.5548800995543505,0.7651951755863731,0.49770369063284603,1.017087891104009,0.0713712901163607,0.9895861797935137,0.5642972547789542,1.472396470321405,5.892487596504549,5.215477101500962,5.302703622335496,5.5466665125510115,1.9823662927832524,1.586845898613054,1.6075447642353442,4.7813625226976795,4.759032078964319,1.6344966436277575,1.4473266322577907,1.6260087158202705,1.3305992538421878,1.2107408662617583,1.233369266533419,1.2889677912797335,2.820188984944444,7.630507589070023,7.465948197271683,6.454530403642955,6.068147741261913
-3.073906120855203,-2.2906272482741827,-0.9040400667644569,-0.4006880904314966,-0.7382268693065811,-0.7621801006677724,-0.2049123511539228,-0.3469074088672208,0.9485944167025329,1.05098875832258,0.5818769114327159,1.4063688247131076,4.8853443094559355,5.978249043563262,5.671324676517428,5.8581873656314745,6.2009244596259965,2.4333245190068022,1.5957655498595273,4.140648951451697,2.689462312038764,2.478378850546633,1.7634101487810423,1.9764924663084347,2.77595442753489,1.2581292394052601,1.4231086083898525,1.6486292625805559,2.891553359628199,7.938644036235242,8.14438249031103,7.161211178102208,6.191969878854201,5.587520438784642
-2.0686145515477556,-0.9152924016528939,-0.7389014703976398,-1.1376296209159722,-0.7751149564898914,-0.45189343405762705,-0.6903506166937773,-0.36118253981858683,0.11931774177988902,0.5393827713538364,0.692507678644391,4.136245866164582,5.6103338344593,5.758834801221648,6.115867988761443,6.398100471821724,6.786907964606559,4.0669688723116,2.134530655027819,2.1578987032781787,3.5426312974704857,2.407864347728675,1.9920122666350313,5.463470896338314,1.6989954143933947,1.75029379638885,1.34849163929892,1.4986170418175462,3.521598943749277,8.227067937238678,7.1523991290353415,5.961722092067201,5.162820808128602,6.7577980242599835
-1.6505137656353868,-1.392253514162025,-0.32682989306895094,-0.21908805787475813,-0.4139596027527805,-0.35546369977357606,-0.021936445326667192,1.2004690887212313,1.004278036785402,0.6849873513674458,3.5078893177896693,5.112234989136945,5.3352394902531435,6.024836150988861,6.668964554463261,6.5253948853890185,6.667973797412019,5.548822395750713,2.4049248514072814,2.166830822246075,2.200159486456041,2.3193456097442366,1.2625781881646343,2.011910386940738,1.9038568113672871,1.455629185985247,1.5460011924425823,1.8634255123891486,7.084479525046494,7.38726131659382,6.031803503955539,7.0681333739944785,6.374294680769145,6.208185914781376
-1.4749690824035415,-0.3894729248406959,-0.5155744414314967,-0.4827184084728066,-0.2479209041940573,0.4686498895728458,1.4936985880006364,2.169455736278952,3.1385535451893274,4.2094891831100325,5.302573118384767,5.995357534294399,5.740070543790399,6.197952256559741,6.833467243848917,5.5560728307139,7.035172893557709,7.9489747026232385,3.744674085273413,2.143772443494035,2.029622727754228,1.7722775389268108,1.7726123700788894,1.9086807779764259,2.0090517370859606,1.6820787014861158,1.6990864152432548,2.114863598028479,6.861003742289564,6.340103927346084,6.691143607328537,3.6290102943142766,4.732587540436181,6.743095211081453
-0.8792335813422665,-0.8193117519209292,-0.08933580661719354,0.43076799091774287,0.7072028652734298,1.854124253886404,2.5530495718129793,3.25802113480738,3.6390836399958637,4.473684529091457,5.420122923137892,6.129168472710032,6.475345499609056,7.075395821943433,3.648828052823149,4.228030817102663,8.034477200718188,8.311254990089175,2.379789999153685,1.7846004862965565,1.3877823927125286,1.2469086056415053,1.6355491859081468,1.7978671352827473,1.968473140858532,1.536232293130118,1.7596771982690078,1.9948860991634512,6.44915415380161,6.222984275032602,7.105134078257122,2.4996582945501857,5.689831519260965,8.248790918442367
-0.5366854115502757,-0.7960861957832944,-0.6626075376045429,1.4729296387832664,2.454968009985976,2.7533357241862655,2.811386856568501,3.298511151905759,4.2089838784157925,4.853510422798882,5.194130803361293,5.972257741221496,6.592734356742176,6.132081880301573,3.785136266641179,3.448117183523578,3.9256227429209627,6.385305927734507,4.11582512628419,1.6175590464037581,1.3972980625931932,1.515214019266747,1.585304043913015,1.72007359768715,1.9745009349979907,1.3478003534596046,1.6816549981202045,2.569376214240581,2.1295814355663274,7.2089013020235475,7.469725935342668,2.4964312021543758,7.742547967352192,7.626327516413202
-1.427380966112035,0.03701198255363544,1.5381606539976576,1.869507833402308,1.997464116472823,2.0352172499788694,2.6281919235752924,3.3335649109385703,3.6178937197942003,4.500533244369759,5.417932812647372,2.2530066251545575,4.966742812344654,4.331447853740181,3.1135233614715703,6.888712615413005,6.690170811425363,4.537783036859854,3.377656387397369,1.3448286764651123,1.1565588226675527,0.986919324316205,2.051698142294402,1.2554948388739666,1.3035378569251876,1.2995693911792303,1.7339099702349574,3.6185138766062646,5.4677140189857,7.564339169801294,7.455592635635718,6.894765994842856,7.30224417071307,7.147806581326356
-0.5715911666861471,0.035231425408339075,0.16221174521483347,0.8557362385769466,1.5096394169742053,1.9174884491601247,3.015437593786007,3.196268016441953,4.012393814642804,4.797255908024459,5.52394550368113,4.508726524475261,3.483862488390691,3.7169119368559373,3.823632650898798,6.39628931562124,4.767159812343863,3.8286282112625942,3.3421911898554018,1.872136224932391,1.2442682988145741,1.477614696252788,1.3913875122408714,1.2753899863503362,1.0386350762493364,0.8553374740755909,1.3628145494859112,5.754643659101664,6.874075349367353,7.5155920716053295,7.430978624337109,7.045094418033629,6.4521886378379625,6.360903753663642
-1.1337481003030265,-0.5858984211805621,0.016613672479432177,0.8799642339863383,1.2326852185997659,2.5530922091449466,3.141847716180041,3.409837506832894,4.179476372529745,4.7249283473983725,5.652846712597991,3.6624267204953624,3.0949441028751976,3.70104533972058,3.4482801428299066,3.246252438199318,3.375543765423313,3.5040473954332567,2.411968781780108,1.8414537431469562,1.4002761992603974,0.9675529666502182,1.2123011151967602,0.9188730609960176,1.4440124757982735,1.5380670427188659,1.493128162732693,3.9170622085584594,6.889896797205051,7.094230806329141,6.4425782199431145,5.9964347188295966,5.962958641168271,6.10905858959603
-0.5039183722464345,0.32195199780825395,0.5793115679812519,1.1096369600834641,2.1297159062856283,2.971933141712603,2.928059517270721,3.6130916903062387,4.270129231731114,5.1611310548349545,6.098179447195789,3.2108191957661347,3.9957182554346025,3.3614749543368614,2.334968189256085,2.682747477700458,3.889491264407824,2.969602728837322,2.4705925040678482,1.468010934328155,1.5724445570077192,1.0446465384117345,0.8426101379265697,1.1844549858073186,1.3914805406385669,1.8283579028152004,2.208111571248491,5.4896473492785915,6.5949463343043,5.6039261183725655,5.357780774861943,5.714938844064456,5.32617941418121,5.18162294256049
0.5789201762290177,0.41083230251337705,0.7952910696015751,1.4273705284490963,2.6848063817043806,2.8244734291087847,3.3816718027105006,3.7185802115571787,4.876261326291609,6.0750224273906195,6.592346500380701,3.6120659774991704,2.7545012158943996,2.0292934436466834,2.003333268229448,3.7197589703717484,3.767598480102289,2.562477836926064,0.7517166794366436,0.6452595099357276,1.4736589066399601,1.2869167887424633,1.2588467227552775,4.782452562216049,5.407390750927922,5.9548415065123645,5.767519388547149,5.628523298116601,5.417873892743407,5.380843803118578,5.455157328620951,5.151802500976167,4.790183833481567,5.028237234296716
0.6745883139547061,1.2267618733487693,1.4274512137101396,2.217080167828398,1.9083748133016274,3.189803037322487,3.3778234845582467,4.627006786899035,5.505134684372703,5.76741324109679,6.417456619712769,3.537968127622451,3.1963725565461445,1.9312919444581302,1.9094841643480431,3.7033117374473328,2.7084245058916405,0.8230072081137138,0.6554937481903027,-0.10753268882808154,2.01619788056707,1.6669470506089812,0.9873054040688124,4.3147247777476085,6.168749728749411,5.41332195020382,5.340505177256467,5.052303591205168,4.739515431964899,5.206771199699634,5.045050882039053,4.639039646850382,4.7847119087144705,4.50184596502782
1.2679475601959886,1.6020755665300126,1.6999962418825072,1.534829881124766,2.331960441909786,2.9976312687599513,4.06243002975335,5.076701981687213,4.983169145733857,5.943235597750054,6.404495486880932,3.34660763455036,2.5299099627041555,1.5486733285082925,1.975551917630611,2.2682677817031682,0.7518442849978234,0.6256851285885233,0.36909962627167525,1.0416064882065748,1.789247153658634,0.5617196451216685,1.7322511021713234,5.248339234653953,5.088802451021452,3.8652343012988104,4.67275596641999,4.962764644523845,5.720360114496257,4.963487804546125,4.416809665952343,4.610647673344667,4.520611177959786,3.983081744065387
1.3774171808909017,1.6934729150851837,1.5430640112985636,1.937178458947754,2.3229338905878976,3.2245542713246595,5.036947743012107,5.138866693419414,5.713562764628565,6.169300416469842,5.957114410496099,4.623159857386168,1.6275512979919684,1.1826083794451105,1.1100940123128438,1.393323708934562,0.4843816024490118,-0.09428894256218388,0.3656158624602192,2.446648564500802,3.662615508138085,3.6795479781281637,3.3450369146947865,4.3210026761821245,5.5475663183133035,5.860941757999706,5.422287272649449,5.6622500525194095,5.27124022874715,4.831657456610005,4.378878923023016,3.8833468419788346,4.26200705582543,4.458713361191755
1.0613376938977988,1.374320045673568,1.7313637974971,2.2502782025200783,2.1413846956801326,4.173205412323477,5.0788832192271265,5.754972985757536,6.006496442655674,5.931511549108521,4.647302390323901,3.6033672761645588,1.503584495293249,0.6635787588393166,0.4137597257366362,0.9845026044165801,0.5625919012153828,0.6065979954572647,0.7745905400820512,2.35116652718058,2.050120896633286,2.7466539708018796,3.766769778019871,5.07991320478161,1.4379057115248275,4.651021182281953,4.995432411479725,4.94621394910426,4.485274073254618,4.285846050086512,3.4485729577711126,3.840036922574064,4.36827389084501,4.6369977252186505
0.14251322291733265,0.27300406303768326,1.9547691736613904,1.8233086137023076,3.0892426079041897,4.437134574456686,5.133661067890948,6.151623449730644,6.074220590079763,5.083999685043325,3.716410483273475,2.3238319758259904,0.7861616106244969,0.7554306761567398,1.9862239093448624,0.1333921078268144,-0.6436754262642241,0.8622472372531252,0.9004212667926121,1.936636713744581,2.3937328201202526,3.2681278863406007,4.462492839861706,5.088781808640372,5.496513619798045,4.4747948994755715,4.536744978963378,4.213748750688467,3.8012410179343363,2.0753827419408974,1.9855790834989533,2.4136099257985704,4.7578050840860415,4.719366035768277
0.3713238043336756,1.2574008699443417,1.3398569076226747,2.4418804034778314,3.551290697754005,4.685134629982567,5.718456549854875,6.010533697495213,4.996677367899906,4.337350912536003,2.886807702739207,1.4838755095497904,0.530663547715978,0.5350561843420895,1.5296971124402645,0.2667911214673561,-0.2221499150430254,-1.4797489778504307,0.9661450767425159,2.2597496997922426,2.4564177872914508,0.6882121459982645,4.146272863057038,5.341737753253622,5.361268017478896,4.4012174567923985,4.132473406057028,2.3484802362240873,1.7356923583183157,2.8220331639554015,1.774189401355921,1.4728237469653838,4.551585182750394,2.9281070410234533
1.1460506557721921,1.11350489820835,1.9997859811838825,3.6364403614657848,4.356637240399964,5.165544020188969,5.967758570782385,4.7375791055798,4.091380832178902,2.8873208737617477,0.983011824994699,0.6088004405588633,0.1197012106398515,0.2908165670192944,0.6658058035608595,0.6117662188395616,0.06591399900402514,-0.7086489099152706,0.9205587923514036,1.2593237802526207,0.6938527177341917,1.4431573566240914,3.17586485159256,4.205852967806133,4.751093876266083,4.278998129689863,2.6880475170183757,2.2827992241674973,1.0544463077213964,0.8228316578312769,0.7805499028201769,1.6515271889278669,1.2700290297818875,2.127698530679614
1.0036046752019332,0.8057318883637528,3.0660679454787747,3.8271332066569554,4.839146511031301,5.432507999689394,5.170966674143134,3.3198702569791414,3.337646983766486,1.6160424787406291,0.9054491085850027,-0.20952071136718228,-0.4430883789496535,0.059915915242508076,-0.10318936249763189,0.37822425912468977,1.2995546618482385,0.42276794657963124,0.49792919472249975,0.8801588305489884,0.8168280232379261,1.951822843585372,2.452908846975048,3.626340434021001,2.1773510547619375,2.4853174622964826,1.1228501318968327,1.0356268517441325,0.5747023317931631,0.18847140515030872,-0.16623145341594814,0.7359963256833854,2.14697439466528,3.3644289996249093
-0.16167219905320676,1.7046383419205204,3.126786067647492,4.229966303891042,4.85015876663599,4.6254067120190046,3.966070254079702,2.3124576323130803,2.4501906193379437,0.8214362166491525,0.18443714210440915,-0.677577527620649,0.06147337133452884,-0.13314661269135125,-0.511927952229435,-0.2327308422608124,0.10142844954797968,0.06637691320107267,1.4148823609663266,0.5113903114029829,1.504099689467619,1.4103254447196423,1.8607941669157424,3.7155441993489893,1.7488279530631885,1.3025791035404017,2.999916598113079,0.7775234063656183,-0.22062581159641384,0.004834838638336233,0.3416711071090128,1.109826181318376,1.5058431034073647,1.5111645596332206
1.0241438508022376,2.15888890728545,3.230477128641834,3.831293167518566,4.209604850646969,3.8407803529909685,2.411753147609321,1.151547658212024,0.7678005120080955,0.303734765195982,-0.14772884964631616,-0.4124722586833705,-0.023177294822370825,-0.24833583718474983,-0.9700229687555011,-0.5599969002265982,-0.10306130657463917,0.09735193229097489,0.4602167404629206,0.1430554421275905,0.8694604902806032,1.8563792392776635,1.2688849252476195,2.1475607340698195,1.2774004012157885,2.025957915057153,1.8522355423445247,-0.06394559288647328,0.23832829354760088,0.6827142872400596,0.9105167672660003,0.6193105953373537,1.3215261698919207,1.084504670167121
2.0167637537334273,2.531191290792918,3.3089006202542492,3.7001981916257964,3.244275741989158,2.8122659718408767,1.1012528326472133,0.8372359683466001,0.5199743015079998,0.15794134350053404,-0.016206391071580773,0.4634772274758802,0.3363761452594345,-0.2943090812522665,-0.24631774138835946,-0.15922982345088918,-0.450325467151607,-0.3729182413661856,0.25646328024832554,-0.12548317326343647,0.3235654606837069,0.550872236640339,1.4855457691968834,0.9069395443206084,1.0367221591387632,-0.5967259488657862,-0.36039537910000496,1.2831107399281496,0.5550265544603575,0.5420191120547395,0.5753014614934208,2.301748610749997,1.3024191656675261,2.092710775415164
2.0255567112988593,2.803233936347454,3.057993413504052,3.7565389082335634,3.144784330199386,1.1820451584080356,0.7600909665548699,0.3062918435238444,0.14780218080530172,-0.16518377074098423,0.24477491600639006,-0.4298196212093298,-0.10266526330308791,0.2334760624976751,-0.037985947530800875,-0.6361844083739654,-0.8780537085253772,-1.1231646082296363,-0.4184913307780045,-1.1137292026738155,0.08300628542180337,1.0216154076874175,1.7098139678987863,0.5043875173228081,1.286158935079134,2.105489844605232,1.296887244843782,0.553160285427184,1.4265765603396543,1.5603229646952699,0.570744251327504,1.2015753736442807,2.201837427007741,1.8279646215722398
1.191052057516562,2.388276821730978,3.6908083816546533,3.9207260607794105,1.7074396328196195,0.37928559200184425,0.6213555268821491,-0.0729229716280721,-0.4501103603528938,-0.4373754994476983,-0.11677204048151159,-0.3464960816529979,0.6271411577417824,0.03129148298900282,-0.4047598903421184,-0.7286757750421743,-1.1377401676874161,-0.07444443431585623,-0.7864324554348875,0.012887147535437973,0.9326677539729752,1.2232772323805474,0.8795826442918494,1.478013080420644,2.3756378631578507,0.13929724245111483,0.7371435923507774,0.3093146467896276,1.0575822105091575,1.4265222483701312,1.7866282656472299,2.587394365796053,0.5477655644393539,1.2656785392302143
