script/wind100m.json
{"header": {"parameterCategory": 2, "parameterNumber": 2, "lo1": 3.000054539987559, "la1": 64.9999836372058, "dx": 0.5, "dy": 0.25, "nx": 34, "ny": 52, "refTime": "2026-01-30T12:00:00.000Z"}, "data":
[rows 0 to 23 of 52, columns 0 to 33 of 34]
-2.887332493477469,-2.6371606625344723,-2.946604583760748,-3.16102740258664,-3.5274666660625877,-3.8638992664686396,-3.9318157273673764,-5.244959430556315,-5.152019731471748,-4.151471232424651,-5.316430078460664,-5.403408310414513,-3.7594296709777844,-5.611114275117386,-6.1346188587104376,-8.228123614289869,-6.4790789296011795,-6.5214061694684675,-9.72891811150989,-11.610604170480665,-6.420877846678725,-2.537744660040824,-10.142378601714103,-6.867569822766692,-4.81950127566209,-3.483180980981784,-2.875581144397098,-1.7057719785011856,-1.7979026379585321,-2.574981006312118,-2.553063760215787,-2.7230426179698055,-0.7942300208016403,-1.0301655854829066
-3.0095590823398437,-2.7819718509371936,-2.3867046300654264,-2.4626725568322367,-2.575567605606714,-2.498175406206024,-2.2343729665721384,-2.2260683924140663,-1.5589193681040585,-1.3649236491109646,-2.887601613500454,-4.8958028013034625,-4.00418117943704,-3.0239279520620737,-5.038452963952463,-7.469503229167242,-8.892631384725526,-6.650872799712684,-17.449304144374587,-9.361338911807602,-14.613376177188274,-7.203158230556651,-3.270235842355461,-7.891725864618245,-3.599654286938479,-3.690598343895865,-3.774809805489564,-4.215731164306296,-2.126542210288409,-0.19558167073898444,-1.9408584209716087,-1.7185157830552151,-0.40178699187712874,0.678591691926286
-2.6934684545147864,-2.0796714928742506,-1.599915937602884,-1.3869334988787705,-1.7941672843831116,-1.8662450261373393,-1.305221117484057,0.8381979181592424,0.6572810550736485,-0.7373531155533287,-2.8011739313796133,-4.2064587665918,-3.567296459937791,-2.4259561621011514,-3.1326633965821657,-5.998776889352241,-9.011007252167301,-9.538089632749841,-8.28394506308665,-8.111744200688474,-8.913376502427214,-4.924987810270697,-8.094989429946025,-6.4182169663226984,-3.6131261172950384,-3.007352149611554,-2.9142860877776635,-2.397671573311024,-4.061565112383506,-1.8004068271927247,-0.6582894925355213,-2.2277963490321357,-1.3922536613936833,-0.7445247652116589
-3.270832268911605,-2.437825319531497,-1.692808234583755,-1.588448109177801,-0.5942163611498936,-0.15788145130958975,0.40458326517991555,1.275626669806883,1.2879177182870538,-0.24471515617204723,-2.504898002808712,-2.868592697311479,-3.700791081506124,-4.705491132920615,-3.7343070485240726,-8.54197018858748,-7.676377884403152,-7.0401902816452475,-7.305545883327999,-4.066551854775112,-10.883478959078598,-8.666031342080412,-6.487513702939286,-2.4923805047433034,-4.0786436604346274,-4.545385568019509,-2.5157539215550413,-3.3482559349098238,-3.3355075464189445,-4.105194895241557,-2.2222018614099945,-1.2791453257888652,-2.630069874673876,-3.7088983927932606
0.7508554778298718,1.0272444612854048,1.5200408630800848,-2.216225585230136,-1.601482018741875,-0.8773019186853492,0.021500547271973158,1.1107421268694326,1.446228802186579,-0.027540126684704316,-2.942026172448022,-3.0276813798784272,-5.8065810700387335,-6.495427979458945,-9.648393205563952,-11.222381234270587,-5.754351438346991,-5.679625521171016,-4.637949477648443,-8.93987562922291,-6.557964170990778,-3.8134673139382746,-5.798083664869961,-3.4935483506959812,-2.1899855935220605,-3.9507633477337696,-4.341387022646934,-3.7541604828404243,-2.6666984230591533,-2.622586612500911,-2.553818817809057,-3.319503310439946,-1.573574222517921,-3.3646574213339098
0.5906168861784201,1.1316347250022436,1.8705934761381047,2.5198502344746836,2.822268663000605,1.6603664272273937,2.224030563354999,1.0056246427460342,0.8154245361764686,-0.6702898187662153,-1.640729719547095,-4.783202669729154,-6.014296555461718,-9.42919002615527,-5.6270673121457815,-4.615856782379565,-2.623884687026322,-5.090342033636741,-8.84446085236262,-9.505742444208394,-7.010205575261859,-7.500476315078706,-2.080421680890384,-2.9558163146832306,-4.775707721579546,-3.857565251779211,-4.445813665531373,-4.738692261259113,-4.4100504223672505,-4.225841415737897,-2.8543603946555995,-2.8872493000682184,-2.685898551992666,-3.6807308585465215
0.22044365317254355,0.8051833824706586,1.261832570566276,2.2493914009192744,2.836156321364132,2.6270897602923684,1.4119667331592918,0.9538788142047797,-0.09510284693343818,-0.8477189227947568,-3.0118030007725385,-4.255719065389905,-3.747660993307341,-6.686468612817005,-6.679645346387255,-4.799013848039439,-3.4629950335710005,-8.717435594480525,-2.7790923490156354,-6.4056126158312905,-6.161895960111245,-3.9912530850199675,-4.234625633536707,-3.670179688790706,-1.3371734465197769,-2.8445798884689113,-1.158759059198141,-2.742838358339902,-2.853341464786071,-4.268864032235651,-3.5177975742730228,-3.6974997296126535,-4.2569655048405135,-4.584777676259061
-0.3182805328655718,0.16469935001202804,0.3902921585426161,1.6494264838279364,1.6146204502524242,1.921099922486535,-0.5725186042278615,-0.8081547654800011,-1.2807672618144972,-2.4988535448055167,-0.5711661492119589,-1.1047442607300213,-0.5665856457633248,-1.8088121247571174,-4.265071157226036,-2.611490897504815,-2.2956227099632325,-4.035636119673709,2.511130638021122,1.7941065052474037,-1.7941645632335288,0.009056651991033057,-5.698852398073392,-3.2593666580703236,-2.745165342062786,-4.0565908462896285,-3.8641362540635473,-2.2753395540466532,-4.3924466060314495,-4.216870895568462,-2.563318102111163,-2.4323436089986465,-1.7492128261425246,-5.9758956578042195
-0.5563900733965988,-0.0398984706365739,0.0001464255340881498,0.5694238819800037,0.8419176571347566,1.3323670597461414,-1.3919457924661411,-2.038147473073004,-2.793551150730553,-1.9945133529106787,-2.274866968068876,-5.492968100450261,-3.0342724188123644,-2.630423022711127,-2.5182457897442703,-4.29576072628345,-9.685454871670297,7.257837539566153,-10.801677598531853,-6.294726798306967,6.015552948696974,3.447082782859901,3.1916534731928223,-2.8712557490579926,-2.689520327647224,-2.7283980358003865,-2.040372642322136,-1.8366378758878108,-3.783803832452362,-2.9739560194383863,-5.087709242988535,-2.7283267394376747,-1.3834847996172779,-7.01086510630199
-0.6744930292759287,-0.7090076505758846,-0.11857376198371183,-0.20719263418275383,-0.4682505154252077,0.0011773870286166967,-1.6052674525704924,-1.8665525923359592,-2.367560250939656,-2.6515915095536955,-0.6569249139350515,-2.1336502471868766,-0.5668978075627659,2.472312340539091,-8.956871619721534,-1.0678525246676724,1.1412573429670827,-6.528883428954955,-6.173898023175312,-1.5207779209703733,1.3609160227494503,1.0814434555820627,1.9882446653177197,-0.33572668374114323,-1.5185162833183135,-2.3724405502240096,-1.8647139154520704,-3.716353822722706,-5.287733396816192,-5.732512660909601,-1.5995996083094808,-4.753874343994098,-1.8772889622829112,-0.15569563413965157
-1.6603409074656528,-1.6704292428443595,-1.4413949130084045,-1.2857139414381011,-1.987872314741853,-1.9085302698898323,-2.070877566743588,-1.3662605565829222,0.17165546784907096,1.734050733451866,-2.805438790894382,-7.564633188480428,-1.3564574062319372,11.266131150646505,5.031838187903935,-5.235168781176077,3.3363181117957614,-3.238588575779752,-1.6273564536989429,-1.5704855311543306,0.8844894615521431,-1.3278938208029156,2.178801479667769,-2.595234108774285,-1.6740374116846404,-2.1123263143316646,-2.464086995187637,-3.5720108115876483,-4.849381446683813,-4.196741750355166,-2.188343772498124,-1.6831789528484937,-1.651386258477073,-1.5774858636881681
-1.6998974867549266,-1.8245272386323503,-1.1190890716593032,-1.9311102083026312,-3.38320421633003,0.34786005761912175,-1.3772276107765993,-0.4286734948677847,2.23095997409256,-6.35577565923875,-8.862275421237115,-5.798908120081271,-4.992278746935259,8.438024397741586,0.35657343497368343,-0.7592717685219251,-2.164405659114914,2.363073441219953,0.7401890823612348,-2.017889001116258,0.7606273881886384,0.9496588521455136,-2.154966198556897,-0.0278537810058073,-0.5992148248560555,-3.645142187163456,-2.4560182788957894,-1.264921950001163,-2.0553587709528514,-1.1624238409059695,-1.2246342650729656,-0.9311761626045453,-0.5495529349293977,-1.4730075701413918
-2.230651736944257,-2.1668019794787265,-1.4465569230144943,-1.82014883237862,-1.4730918987192074,-0.15028144702023027,0.3297341285673008,-2.1280311409872787,-7.222286016786949,-10.369689208586648,-7.887914485468327,-6.186825416620318,-1.2869259152243582,1.1920707466778095,-3.04181935986938,8.266577765913384,-1.827173719552747,-0.8064298916960408,-3.375522008426181,-2.933695142122202,-0.3835116674326457,0.4535887242369181,-0.8412908710492089,-2.2531155762746136,-0.9420417828451952,-3.781200522014901,-2.4795135849685632,-2.094134959807284,-1.6706042068135067,-1.882714920859794,-1.5629767023440304,-2.226467957463071,-2.3557320885639603,-3.5434201813839623
-3.085775035666766,-2.7514210356834004,-2.242197916678964,-2.0744937387912787,-0.8241666818868962,-2.667987320930103,-1.1731357693333084,-0.14891919526499314,-12.163960239075625,-2.011403047321482,-1.9983425346038652,4.997317901179248,-6.044958372079545,-4.12842057945393,0.34829037171276306,-1.4200422869426714,-0.5290516027387924,-1.3134171954141702,-1.3321921549623648,-1.4689500000962108,-2.441859489821687,0.07584405682610139,-0.6845241953459001,-1.6514050925686263,-1.5740435772999992,-2.1968778126426365,-2.82030235248077,-1.5676951709802753,-0.3939782313304674,-2.0674492786595584,-2.2958066558404155,-2.989819863292361,-3.6585334386474555,-4.856507339459912
-3.293913281743392,-2.8342775467574794,-2.5552250750355916,-2.970181514669506,-1.6825277987302851,-8.476199873383512,1.504042977868324,-8.894610948938386,-3.685905404549331,-4.936114915783322,-1.9278561587207705,-0.7151932502181982,0.9378428413707343,0.31586028345661754,-1.4743332526693795,-0.9760343164009303,0.1980314588161001,-3.2003802264472863,-1.9887623041217202,-2.1140653972942767,-0.7575527025694261,-1.6025436963758544,-2.110482496466555,-1.4750601228756026,-1.37825739623146,-4.5607592000995405,-2.2322010660954916,-2.6491377517323578,-0.24294165997971404,-2.7235693408887247,-3.104872089857803,-3.6213905983082206,-3.988561262043939,-4.468062587758548
-4.2222758181500275,-3.5562503535906465,-2.500277187721982,-4.276453550988865,-4.156585069726175,-6.142305022999327,-10.761646576379134,2.1813241987511476,-3.3865430041348055,-5.974938130161999,-10.867041449775769,-5.846566526496701,-1.1537037096689053,-1.0952638019010565,-1.045115745295939,-2.166409363901469,-2.4092241805006007,-3.9412148006356498,-3.6913462739009484,-3.066010546018597,-2.073329807131162,-3.3375636890735993,-0.5926433046716348,-1.8811129174289567,-2.3377987140249696,-4.331672521293843,-2.963614006357694,-2.118127202921961,-1.3244373393874764,-3.426240458282718,-4.148548832206866,-4.422977573170485,-4.082137772495381,-3.8987473759186804
-5.7719484187909185,-4.709507726028476,-3.8968519615312807,-2.171157260855931,0.2219069885367725,-8.363035470681085,-12.385990732186936,-9.272484077620698,-1.6211126438993688,-11.36752353052881,-9.684230841055243,-3.8024089409285278,-1.1977466564008208,1.1232241358539863,0.7377375228964422,1.60498605059397,-3.5222881089097196,-0.4950190766730731,-2.951587340626674,-2.404953702227891,-4.14135488201112,-3.0322113577610943,-4.004133344614515,-0.8166133401948666,-4.247544276879254,-3.957650724618753,-3.2732720580455106,-3.3777875120469005,-3.0634295775897336,-3.0188609698985194,-4.924357922897168,-5.244195189571095,-4.349019982697352,-4.273358035183034
-6.153666154852853,-4.71016696619931,-2.664892580874812,-3.9080597747907904,-1.7152975114500904,-3.006463989006983,-8.910599570804003,1.31698527762276,-11.748154935069884,-8.021054656599375,-1.5719814350777777,-4.734389551086586,-1.544469049324881,-2.8039701200126466,-2.333033122110706,-1.8674702529618121,-0.5790340551221254,-2.891410547755176,-5.555543965568718,-5.509362703594226,-6.145373404428438,-1.3236100049748236,-3.272576125878619,-4.051173279191607,-2.7623999870945553,-3.7297579347839593,-3.7943670396189266,-2.6150980199601452,-3.266450585838351,-4.570422605157367,-5.752142979074627,-6.0559622735038126,-5.609999789336171,-5.358055705337526
-7.984382101605486,-5.582793208523883,-4.1929690780519735,-3.6323195486387414,-3.6167328072068825,-1.3150961111246933,-9.057786921936366,-10.61916851861427,-13.706466386224864,-10.070075888114935,-7.579089017768618,-2.7698476041199354,-3.2845027355325684,-2.4043767710002757,2.467973323343381,-4.0172122287661365,-3.649272034281017,-4.013581348741903,1.5269136059482211,-4.386565324009583,-4.0145333486139405,-5.582262757400704,-3.883590431784708,-4.682320393763736,-4.208549137411973,-3.6579150313301634,-4.552304605165124,-2.6469889659472723,-3.4111864958236366,-3.448568186977903,-5.056672533395334,-7.34636171096701,-6.981309955266678,-5.8877348357367865
-10.267419915089764,-6.82510404312307,-5.437942472267906,-1.9630927182532718,0.07398241169855425,-1.3330061887529714,-1.1877042934468645,-7.505959336761123,-14.064698446138015,-9.942658577167068,-6.215708508615287,-7.776554719895407,-1.4002032348201823,-4.918684272462379,-2.3926158169841742,-5.6210976370248815,-3.9985147669024563,-4.8609717168858015,-0.8031967043435221,-3.9373791381428602,-4.2726913744077235,-5.518797111358618,-5.7163834029582326,-4.3645825820889534,-4.557847889917266,-4.546068560218837,-3.3904143060041076,-4.546217278977782,-4.1724396740521605,-4.171828961843375,-3.9290987615397057,-3.8943659907782124,-8.462153195487534,-5.604582018556296
-12.157860123144859,-9.917924723543717,-6.766095243603923,-4.597992032693416,-1.6361875229961744,0.3804108844737925,-2.115756117284076,-0.83528389807702,-13.150621706240715,-4.193890451316069,-11.51402826883701,-6.803290105696289,-5.321049837798885,-0.4589218633105336,-1.3849763241097521,-4.067121382711811,-4.549399109439324,-4.531829303997601,-5.7435345271236775,-5.549368649539307,-4.524757069870098,-3.9163673125408907,-5.926110869270252,-5.428870826940833,-5.201097075526041,-4.871057933056658,-3.5880488877070076,-3.939232231474553,-4.381263348168736,-5.039764138439376,-4.610764009938808,-4.291683872379233,-6.608817102735232,-7.468355701173072
-15.363288266554672,-11.924932390838949,-9.267113019267429,-9.251143845855506,-1.849989403822601,-3.0337983023683606,-15.705342913046902,-17.89181259129211,-14.292484804220468,-3.4446006168168712,-3.6785741865633734,-6.097231120653572,0.49854008652719434,-0.7801409231450809,0.9686063212261471,-3.9956406528041133,-4.41816808405728,-5.217690955940465,-5.829941002644679,-5.87172535571722,-4.682272620630243,-5.576369060561878,-6.631482210144633,-6.4175252897426125,-6.0205419092116275,-5.253351520710366,-5.224466024243728,-5.051969265901168,-6.109021337234569,-5.31682106584309,-4.502131473152608,-5.246228084139682,-5.188239109331559,-6.994278648438673
-17.19510121342045,-15.156082245684935,-11.22398482445298,-9.000796507092934,-6.898452950190443,-7.185283028602735,-19.32036935897611,-13.235959948002122,-13.509679295669608,-21.295376363007446,-3.0666034527135433,-8.33801558144923,-2.2921535215448023,-4.417451575326042,-4.581157089527984,-4.493969031408287,-5.739521212846677,-7.1067002107278645,-6.304063119411676,-6.4918003931859785,-6.426902797927867,-6.049121341631152,-6.3543860178150915,-6.543758249466644,-6.7334479704602,-6.935239845803857,-6.349212883950778,-7.185388691467847,-5.035513888983901,-5.820380099593702,-5.35672489200419,-5.5479990204140845,-7.590785646429572,-7.521805627298189
-17.64925944345015,-17.383513660060814,-15.023488820251846,-13.54808464237228,-7.79476189535582,-7.711137182063911,-6.859990884413026,-29.313594950095396,-17.212407722361824,-9.679513713273945,-3.2130576027354523,-3.0990406933373884,-2.7517338518679937,-5.1273367963047685,-5.1997875440833035,-5.554535838683038,-6.018282593750039,-7.205449115195189,-6.826140497685378,-7.241430751135044,-6.661708720746273,-8.004589127147872,-7.239533704620319,-6.796440606792584,-6.234289395913403,-7.736710234659894,-6.879867774863987,-5.816061996660095,-5.803972069616067,-5.555520753674601,-6.153135512341654,-6.092337456535349,-7.936538004887245,-8.083326052836867
