script/wind100m.json
{"header": {"parameterCategory": 2, "parameterNumber": 3, "lo1": 3.000054539987559, "la1": 64.9999836372058, "dx": 0.5, "dy": 0.25, "nx": 34, "ny": 52, "refTime": "2026-01-22T12:00:00.000Z"}, "data":
[rows 0 to 23 of 52, columns 0 to 33 of 34]
1.9616967378495562,1.9965037255232048,2.2844557322239254,1.9156036266933703,2.5803311346518587,3.575589360301892,4.552680084925913,5.925689176779376,7.162075501529173,9.084772092142837,10.045706231581061,11.653397116204609,12.63814896081637,12.317381248411229,11.604531960910819,10.808701339388833,8.046027551951726,5.897411348310831,8.298494443304394,16.087485198826638,5.485790389846726,-0.3762008121410876,1.672342327414419,5.874591429840929,3.0549569104518954,0.33067822709942934,2.17589822874727,2.664542051577378,1.9573928936968905,1.9401989077252109,1.665535206927714,1.2135994733640103,2.001570165123748,1.2884454603622064
1.6312245440277153,1.072411587764685,1.6595554686197063,2.1522474217762873,2.419139622917137,3.1545146705018134,4.0498237473638055,5.449343604064736,6.723444926021918,9.288223583121892,11.357750810608426,12.129831940385085,13.766756243690876,12.511982714219538,10.345316255591504,10.40452864387139,9.296545852986085,6.442769412895231,13.310031830151349,3.1322390610254502,5.411828337853588,3.283138896805175,2.5661578198852513,4.959035613004091,0.5843036623419147,0.9836918404984313,1.3519839484502407,1.8034564303318197,2.1056304762442415,1.4096330237650494,1.7476096346977197,1.7959665164000906,1.626661931188593,2.2098261850023837
2.0585566738546643,0.4740921228879409,1.0380692056377727,1.7933370788478136,1.9410463261042057,3.02726883671509,3.6941993338317314,5.302107947316054,6.239693003755326,8.065971541091445,10.661187608694913,13.039796275144075,14.04150777239073,12.932011526695144,12.95608542980126,8.631672813489367,9.509873669300939,6.260352806429918,0.8275086143420652,4.25442174097855,0.675200102682658,3.8412136635593614,2.596834343382944,6.028993869612762,2.1001902241648045,0.8105259414292622,1.5832341891862947,1.2914267302924285,1.4939765944751984,1.602116138297045,2.3677710468503625,2.0222380603830112,1.5055129912829823,2.050773491020708
2.7540461627844808,0.4486610193875397,0.27205498989607485,1.4216120979727735,1.5431132462536148,3.46757485994993,3.4600573796423024,5.4913227186604425,6.409823784142107,8.040483720534375,9.387711091525519,12.447895709659822,14.330060656600038,14.018702589095398,13.701667068210922,13.410059622655027,4.725587723080722,9.437073111600071,7.463011819076228,3.3507705891020763,9.934119302377853,6.888630023763102,9.483572813480665,2.5263306332938105,0.9870917045994415,0.9513056929746958,0.13579000520834117,0.9261109797535847,1.1713103871461192,0.6363825713817647,0.48568397787773954,1.074105573462247,1.383092654775435,1.922573142430898
3.193037592231711,0.6429499859334604,-1.28808413986631,0.45451617779505227,2.0259501560293454,3.6515457865923557,4.156984970866101,4.555049370809953,6.199310070158902,6.691596927560622,6.949523828979686,10.161081999731037,13.816153638165538,13.871474021293421,8.64126522408472,13.002242864375571,4.690455404612066,2.621591393635124,3.8846319555909514,8.603275004086393,17.370555586761753,9.734097495825658,3.4300897821101874,3.158716161874751,1.5994226200100528,1.367030392083632,1.68478288258952,1.1028563992650258,0.670316291046275,0.660298037957813,1.2711984954406337,2.2238054032112853,0.6811743122764249,1.383396313638162
4.394233699118637,1.4357870077925339,-2.362030561217153,-1.1822590245752622,1.2648579014231391,3.587864737852663,5.423485873060707,3.8306556514897254,6.204090947104876,6.833616685145544,5.699813862375573,4.560364370409305,10.041780552976247,12.472828722686453,5.995815102597533,4.536805835986107,-0.3791344212868696,-0.14298218639897273,10.513008215690455,9.070720296569462,5.046893958946371,4.257393830310563,3.684743886321276,1.0384938750372743,1.0036998767120544,0.9635727382176864,0.9387545538437686,1.0756572388041479,0.31269487313375666,0.9050542921641251,0.8227086691837212,1.4142032751231677,1.4314579075353517,1.3045142225258222
5.9712403779178995,2.622021459573477,-0.8981993933170797,-3.044867353113536,0.17783395915510436,3.1752282095185866,4.620740612041127,4.735702652009517,5.106058570590314,6.945333678804764,5.063224970119333,3.6403877178186517,5.4220341806802494,7.823245684739487,5.036556802552374,5.106350661413657,5.098383655969284,10.335248071165013,8.14378966595287,4.802884640768945,2.8691937917948205,3.299909114207306,3.1615472630260433,2.127539020716522,2.429835183447161,2.2504273695812373,1.6656553738474493,1.4270863915233223,0.9222976057418513,0.8711381616069367,0.9253307138890857,1.7046774489164591,1.807040836366318,2.615610932731413
6.8873931745112555,2.545478466092211,-1.3828739650714617,-4.184586887386357,-1.1922892766081654,1.2987164212248283,3.868577098707129,5.533101773805976,2.2283351560437508,5.648811662347969,1.8433267391847685,4.117110928191897,3.0413499511130158,3.308626413958568,7.9167362001867065,2.9765419607795445,4.986682137259691,8.45668000674975,8.218244256523779,3.1719236004401536,6.559058150305987,1.6544837442271698,1.925342271280664,2.713993204123995,1.369881413552189,1.8961719734719849,1.7062197183154884,0.9530667354065255,0.5145919573530126,0.600054107454241,0.9577666157021307,1.9078383066482867,2.524165650287598,3.4066371968032154
6.700736907194335,2.248551238113837,-2.2426410047864214,-3.595924816836191,0.18859299342389307,0.9431522752367776,2.636467487373508,5.500184710677384,3.9252889453724906,2.8622788938557813,7.619324700033844,-1.0773805752229337,0.21925974954795885,13.310675461121539,25.228599982168326,6.913780415037999,13.606504857184627,11.932024116431498,13.71674437982343,12.281905338388738,17.544861986533927,9.436232090718176,5.023666150431093,3.238664917336103,2.6580459308731483,2.4617709713654707,0.8599286394433402,-0.3613010532160175,0.5539186314302847,1.245170776781335,1.929582441663296,3.169480168414748,3.110642830846936,2.288013648121383
5.75797581326045,1.8298026754930246,-1.5675755130909566,0.6525037527177561,1.7630465144947396,1.6577555736159377,3.299602205590114,5.494071755547793,6.086271065172653,-1.882024318398701,7.144748439611937,10.722963369917958,11.143277262258703,15.459192415176997,14.066587511688049,20.394965539429364,9.158069629284698,11.418643315455332,7.685857349549379,5.260462075655773,7.237462465140163,1.8758096366542163,2.1016473815994057,2.9558304588119433,2.1837518634058175,2.851101244109059,2.3287196717730207,1.2987780917712306,1.7842285106785718,1.7642160959017374,2.0396615439093644,2.687398655685945,1.1936005141188677,2.113929754898882
8.279237874937056,4.437344462511133,2.070940642122622,4.629624012996549,1.4439058235617714,1.3356256167177771,0.028031068098995585,-0.7813128213364958,9.347277869904735,5.017616496709843,19.324283984945094,15.111155488307393,9.89300391097528,5.726188782493812,17.14920503289581,10.732449750188726,6.792265375379501,7.231415719867046,6.421234965079492,4.188356234264224,2.584818533073662,2.342220645721709,3.7513746828996073,1.745805144378213,1.5507123275927612,-0.9964540502150446,-0.20992085534834845,2.006294385460209,1.7861874677200564,1.3362322492529728,2.1925336962819366,2.0086085418916677,0.9736300240785374,0.9708108969878795
6.853108828078705,7.67285079667853,7.526115064553587,1.6237546222475243,2.1090832538315554,1.0537933692424688,2.5393951256527476,4.653625616462111,6.664948612420946,17.348599408990246,4.346889642971949,10.257804467870562,10.019998326931962,-0.4636977248523253,9.492853181375136,6.967492570014864,8.349905659301777,9.849480683837564,6.68127893896101,5.724095950001405,3.992581563724685,2.488520057716024,2.1608363829543187,2.8864156724030097,2.04739626074408,1.1655940522746042,2.032464891815573,1.6999075217095019,0.8449019791909923,1.852016789188285,2.292591411920899,2.138969199618491,1.511437136599502,2.124598959270619
7.021121596981478,7.00461823779901,7.2185463555178355,5.3385842701387904,1.729142472562068,3.037220437465444,3.530023711795911,-1.1834303124947092,12.089185969026591,2.360315457405376,2.8281819510523056,14.59600625433626,12.160561765303198,12.93603380477727,9.005953882514165,11.63770930908617,5.539910781763757,2.994736806321401,3.3376900995567156,2.91390826624202,2.937674286816384,1.723469552767985,0.35919425475450045,1.6897797789065676,0.9759472630879877,1.6204423366054712,1.1027058985234282,1.2334981711795507,0.9950304073713911,2.2165435146458545,2.219937459815831,1.825492138560133,2.153225115925965,2.2456441579250943
5.088058300083943,6.69401719316912,7.683101424751261,5.570195655840445,-2.304522550440822,8.825970104652816,9.746961469968815,0.19048410102912663,18.256943223583626,16.732522568904706,16.706975236531754,16.57053980823162,4.641593573284428,2.9432536968682754,4.793305583390873,4.121127592422156,3.529830986024912,-0.18246252546250277,2.687731086636224,2.9687659014252086,2.486522069987147,0.94563031123701,1.9696357193994034,1.421685689037923,0.20624694319848055,-0.13198851765930467,-0.6195032256611939,-0.1277643261751983,0.6492440081062637,1.8039753529473788,1.9247277499266335,1.8873572776518583,1.7184552058674174,1.6982990570934757
5.30355272664999,5.151746784408843,6.491655995856122,5.824802163813931,1.401518505277063,3.3787421223341148,2.5223972857635086,17.312518541833526,2.384047181834581,-7.475519664046617,2.4115298075222875,3.5837930268216507,4.983275046167873,5.00985355380225,4.143759556063928,2.144894822403038,1.3362292348714895,3.1203853262753496,1.1977231353572357,1.406492883596903,0.2242399068263119,1.0494406146117081,0.2733764224237678,0.676566176402797,-0.621627996709821,-0.05821329771653515,0.2322363664085667,0.4188869717135701,0.6174993877632442,1.6674342462038652,1.970604023647132,1.992313633767006,1.4670682227097467,1.8351741220145699
3.3312918888455556,4.187662991033086,4.1248116390719956,5.029313831374963,2.1354212280317606,2.938636484061715,4.03550553932594,5.617503130964162,0.2849137915802247,-7.586426744776849,4.199711149543841,2.1297616292788666,0.28533514499484103,2.1940096225835144,0.9081855413062373,1.433331276878234,1.2913806473190024,1.2085124647974943,1.6423639905731655,-0.3568105201320063,-0.2695984193580038,-0.3029201528725028,0.26336018605534267,-0.5638342546648568,-1.9371513795626367,-0.7191777019885361,-0.25684134470058867,-0.08543943933380051,0.6340566603584658,1.5581326572605552,1.7487221933787442,1.9876744715548769,2.0125104390835804,1.7398799520899877
3.821066544927632,2.6977387803819126,4.611395969178221,2.4832174970031793,3.0766948676444135,7.123511803291406,8.387931768500534,2.7770370200133008,0.08496832061501934,8.832756283865466,6.851986315171812,0.7040375179723033,-0.7092013209514053,2.1914757918755225,1.4959084139662664,0.4017082398336872,-0.39015980332354555,-0.34878508376556905,-0.363190899718925,-1.0755464726297297,-0.22545723905532433,-0.3519045011615747,-0.9533507821588396,-0.7286835724109225,-0.7668148128488393,-0.4514471772509087,-0.601325786492545,-0.6480537668234047,-0.012326935425823311,1.166226682753662,1.9467951832360433,2.1922704338750596,2.154178882861767,1.8982286646151345
6.77610418557499,2.2675652516454097,1.9134185413004543,2.49745739289508,2.1936353840187657,0.6125557738320327,8.997076454771026,-0.8191912844918332,9.978587927668178,5.367853931954087,3.671314910169706,-1.9009871224064139,-0.6227250486896146,-1.3145147780216953,-0.9047272778080524,-1.6156470710993747,-0.4199851661790399,-0.6978474657051824,-0.12409082170163306,-0.1621094035818809,-0.4722964841074782,-0.44096363171388003,-0.9625838122923086,-2.010743373568502,-0.521016113541547,-0.8185195520401223,-0.42956914155536136,-1.6054613033720728,-0.8151986723452641,1.3700292148392113,1.6805973383182184,1.7307739801992745,1.7633862056679965,1.539781278036871
6.975062593739927,5.470481369799782,0.7830711104269575,0.5951123761286686,-1.463304034179482,0.5539832876662502,2.3702250952824846,-1.4362830216430957,2.9530260297855238,-3.0135285486559127,-4.290532283849404,-0.554418553124462,1.362541213086681,-2.1357377535177413,-2.250061867132225,-1.9071814446414286,-0.8179963660098096,-0.8756450776830119,-0.7998940144680737,-0.47791780667864475,-0.9901355613741878,-2.033396058666839,-1.4115838968548484,-0.6686052659113947,-1.2891487596343094,-1.5142361251769794,-1.1567196934753974,-3.3527160880693163,-1.6680862802270215,-1.4187684311898945,0.7443447687882154,1.5504153760525834,1.4616761427784206,1.0381854318954318
10.602598025673561,5.680073474395167,3.3379279519580023,-0.023934574224741652,-0.01011285541043635,0.8023801407580256,-6.096293678734389,11.084074761872502,3.4462471353777406,1.5624089845765023,1.0899366038636775,0.7852722826468573,0.760792484051978,-2.8417580299226834,-1.969571018305175,-0.4814932810857413,-2.1353049191059954,-1.4385690440433867,-1.9984307879616923,-1.1656818236922075,-2.1021223863136798,-1.2794404825770356,-1.6072813168119364,-0.893189500095366,-1.9051485380575799,-3.486472621409322,-2.998840245504031,-3.239787222028492,-2.2524123576030006,-1.7071237773666765,-1.221827125256623,-0.5019713922969364,-0.6353102462285092,-0.46207224410454
9.860419275589543,9.811554475068878,4.546622201557928,3.2612653723946914,-1.0314109080294889,0.8125940352993704,6.2148781748592645,3.2436481632374092,-2.8063675044602445,1.108949588681437,-1.8635358270349138,-1.4539186716575188,-2.0018030260599087,-3.5143883630983184,-4.087497649502669,-2.7694855901489324,-3.434629048980209,-1.4402694546951098,-1.7050409170420442,-1.7933874567878414,-2.2523661282905536,-2.270525576245288,-1.5133032457166868,-1.9102487459412543,-2.6804573441817388,-2.693298544698842,-2.7550316443568454,-2.0973160468632006,-2.043965294679293,-2.394297455852239,-1.4274572485133097,0.16997357032855037,0.4635043994854494,0.3047728151273556
9.87413209992566,8.42584376595325,8.211649980248042,4.527586134358478,1.4211055067450027,0.47106698554572557,-8.512633695027683,-4.563602473087962,-1.1378807391989054,1.3274977309141431,-2.771242090786629,-1.953727796528396,-1.928336710480512,-3.554062097637061,-2.6245378985910093,-4.051330301147822,-2.4355650082461384,-1.6693075220566702,-1.6974944099486269,-1.7265926091802595,-2.3171255843541227,-2.170541666865738,-2.1152132402654114,-1.8970209060758532,-1.5989899853653609,-2.5402843711310967,-1.7590371886421619,-2.366860923709187,-2.4258275524090234,-1.7888839856809347,-1.035647450375185,-0.4935660370719602,0.1986440612704126,0.6410725635574803
9.751965940712866,9.13378026868741,6.230012107606338,5.723849466450451,2.97489099820237,4.143569310615624,-1.060315776184003,-8.922349772331616,-0.023976162757821648,-2.1928506878135106,-1.2511820073915412,-3.0079990109924033,-6.74421160020333,-4.287845945523679,-6.376623742558647,-4.912300661037988,-2.6001166348076907,-1.8153217458530548,-1.875939698412075,-2.2930071902469473,-1.6288203165484734,-1.7017384899034291,-1.9582456295939628,-1.3412632145496075,-0.9084498422349401,-1.9347245451443724,-2.767523014219327,-2.2234502911287897,-2.1894764879325694,-1.5514091712605957,-0.5815685866270854,-0.46827752024379865,0.49457839434124234,0.5424453788814821
11.697771579880815,8.53230937370679,6.934740443443341,5.0378493351044416,2.9995435166945428,1.019242917875548,-0.6219630252659851,6.6493719637797,-2.2142051509656255,-0.7025059028745498,-3.6409492007160393,-2.423884460101601,-2.9766072952773595,-4.078107409406857,-5.901900645881635,-4.832885705898055,-2.9936442278142468,-1.9423203255189732,-1.5254344127175348,-1.61294272989303,-2.4825152996078055,-2.9647514712773133,-2.0315927655174537,-1.7542337717702805,-3.340945804189824,-2.5980721400393687,-2.3081187366468057,-1.0611706418614677,-1.3708461867080606,-1.1621699908834038,-1.074450116440425,-0.19146567325107908,0.1336826693729157,0.7742151013028206
