script/wind10m.json
{"header": {"parameterCategory": 2, "parameterNumber": 2, "lo1": 6.000198445256149, "la1": 58.999992894266676, "dx": 0.5, "dy": 0.25, "nx": 22, "ny": 24, "refTime": "2024-01-30T16:00:00.000Z"}, "data":
[rows 0 to 23 of 24, columns 0 to 21 of 22]
0.7469906958874283,0.6097375088070993,-2.1985196530391313,0.8229863692928747,-0.08596606834082206,0.2067135579847168,0.41599089954067797,-0.5489934369535628,-1.7246727891418945,-2.7174869713342664,-2.2045020518906755,-1.8804204763409595,-1.8948378936072436,-2.0079672976669825,-4.089891400445369,-5.466527858186925,-1.6962540938414004,-0.2097097325279769,-1.0439126583880793,-0.7711100028200465,-0.7785568045749159,-0.9412138696886077
0.12379329340595562,-0.14675539451577801,-1.4919459641430237,0.3728125451570163,-1.0119650562570757,-0.5400383652160543,-0.6042350941076212,-2.32550947181636,-4.997384654280136,-4.753110889229174,-2.705063020286156,-1.4621319265319161,-2.1853402078523536,-1.2618601944553063,-4.8588403236477244,-4.694779073989703,-1.9320956835157062,-1.0963329481651758,-1.84819409706304,-1.1092430440165346,-0.4055041410507643,-0.5304944411248073
0.014156452271498006,0.8059175883214944,-0.24991737852902354,-0.04082016910924864,-1.783482016192428,-0.6358567106358161,-2.8536971520623684,-4.61521221214187,-4.401336598012073,0.3141264629100564,-4.053557585222345,-1.2134207240737853,-2.0085717817908257,-1.7041678994312919,-2.302574167811759,-0.14992462571919116,-0.9074245012163892,-1.4007894497479993,-2.700158743289461,-1.4396615616993,-0.8222018976871239,-1.1043691443996506
2.9170374091147573,-2.7600803226298356,-1.3833474025356836,-0.7579067066748028,-0.6993202979768032,-2.6589850073037784,-5.6314876961540845,-3.475939942242251,1.4874753806628167,0.6651598397179402,0.30287523786276227,-0.19620161243032636,-0.9171093771217308,0.8035840644886707,-2.049973923293614,-1.2398467577129955,-0.4851780373389388,-2.676936988816164,-1.044912729334644,-0.8155950567186672,-0.5657264977321825,-0.2001677053146419
0.27065326137079104,-1.8311365813924128,-1.9864202956133343,-3.0382768282904964,-5.273240426747583,-6.130767934551848,-4.689048882690261,2.4865906595689555,2.299788621403098,-0.20406637127039598,1.197398966507108,-0.35354919070246416,1.3451793158929815,0.9023822951762712,2.0546157296163643,1.8836305163423113,-0.44519336876682003,-1.7268772140748199,-0.29187742368668873,-0.010215301705678304,-0.3594733615246245,-0.3993113962746479
-1.4202238735904333,-5.754429378953052,-7.463878695373595,-7.920006442103675,-8.312148635928715,-5.189277727894446,4.048522463689623,1.202300551054126,2.986545875862441,-0.36050803238185125,2.469077281417154,1.0832047196587062,1.737987916190993,-0.20579607650844867,-0.3488298782389045,0.20188362385115116,-0.43174406339717253,0.019850328971822775,0.42870605414469337,-0.09408142798550868,-0.32794689404578586,-0.10960555463860647
-4.012667684204561,-8.392794309561047,-8.923509052002194,-7.763173217513279,1.0203591479033824,3.5766525254394503,2.9327167935938756,2.1386688872386515,1.7175324145403688,0.24656622963884828,2.3914007315955668,1.4598330894505465,-0.01728718437089238,-0.1356636194590409,-0.4249564361258267,-0.3708949216598276,-1.5555485725159153,0.23806709283307598,0.4562153618961212,-0.04496491820886832,-0.3754758029117353,-0.3133034367213606
-1.3874517187540971,3.0199083250612975,3.738995560064256,3.6188570152116704,3.9498835628147324,3.799581928490173,2.3386689065083837,2.7701914680222695,2.6055388956536167,0.8831848844567178,2.231256196532205,1.8724335714754266,-2.0187801871562243,0.5029929749862685,-0.1138671226008525,-0.8119599355483692,-0.9547148197538764,-0.9590032852035419,0.7912895319315023,0.3907451143192204,-0.09698321757860205,0.006444492775608103
3.3589514326746923,4.101585780552294,4.884857514390587,5.161455494574482,3.9539709794229143,1.4869321331315009,1.7305515940567417,2.603303844384903,2.2389884963876603,0.4951480524392911,2.7422989775897557,2.8258457800895873,-0.8507858024890884,-0.6582914072348355,-0.1338093640294487,-1.003694461362288,-0.7517812813199257,-0.819260809047453,-0.13078413098826885,1.271182923750787,0.42509334096877305,0.6270129586302855
5.0130485804118665,4.954446468066457,5.07218161810639,5.659461722999798,4.190756775606163,2.795055423540459,1.6419561013450135,2.492980933017248,1.9442114165533382,0.15656017853513593,1.5720236359863902,3.195557091526621,-0.2492867755627879,-3.0853591709569907,-1.292956837498069,-0.3711416818395075,-0.4406141620687144,-0.5271190811193097,-0.04403034387169883,0.7439806641431361,0.9230373480140761,1.24217803695398
6.162313925168699,5.132655048104457,5.709733383316576,5.4335796042326105,4.820817163149282,2.98129398356745,1.793467558434244,2.551040734175536,1.936818284080107,0.34047418827333836,1.4239427555422592,2.9938735921428052,-0.24985288529962607,-2.647638728844487,-3.036851009358177,-1.2190037323297185,-0.4526671185236583,-0.46086714384872113,-0.44304702321544165,0.6162248984746674,0.7870897654985769,1.750459947334262
7.589693526230878,5.60670012414864,5.638963320601847,5.684235955001986,5.1308613772489835,2.5578257622339136,2.5680045203802906,2.9889235130578475,1.7354829612160954,0.5345177094416224,2.350902647055665,2.6443287280092043,1.4558401952718192,-3.4278505119473293,-1.9787411787075497,-0.07737796050247393,-0.9388389015929454,-0.4777678581496744,-0.3632463256262544,0.04864000051252065,0.8915141790967352,1.8075886822929468
8.329764705655453,5.734141831963601,5.9808156683099645,6.125293895333665,5.315063970207439,3.6819423954515105,2.2540239552317285,3.1085774770520396,1.464180781780766,2.4515239520658145,1.3855145170490424,2.749316611015354,1.1384772499522797,-1.7882338026560913,-1.7587361904385297,0.12241262843177148,-0.1949937447530978,-0.6582925309319373,1.418211475868687,2.5621043538213275,1.8484362655171012,2.174428884156926
8.59072470921203,7.139090118584552,6.458966642551658,6.229875884126812,4.986209812687733,3.1406647628717788,3.223974114912545,3.7185715396156724,1.3033200754863148,3.2632754846266994,0.2537728750649108,2.3624100051563643,1.7350505627175272,0.2999135490048127,-2.5388568138359062,-1.449897886647755,2.1320313163798397,1.107060738238813,2.4018530200388604,1.6457423393308288,2.7151271615102224,3.1027909008117502
8.799162213275201,7.96748044263465,7.5375289618168235,6.872262486459764,5.652461358352816,4.594354559454374,4.800995709850867,4.687002131966357,2.1090568797725218,3.3316796606482972,-0.3233999592062451,2.3247522437025467,3.251030519803314,-0.3306843655628944,-1.4840210240435976,-1.1087104048093528,0.6532199341954362,2.5124367273894594,0.16825141325091575,1.3946301623356254,3.1983396103354664,3.5148334300416213
8.71818565225868,8.162045075303286,8.315321721638744,7.5480543681474375,5.875600036924523,5.582918203131584,5.31122039325476,5.567281592673243,4.08592263125851,2.1976749884791893,3.661703108829469,0.8105515590906933,3.643973934012169,2.756535129793763,-1.0979458850424753,-1.4171087938291285,0.6389548313078841,2.0943548777533705,3.0622624439067825,2.9942493403983814,2.4062158302021657,3.0063302677624555
8.270103384792987,8.377159008510782,7.906839630854787,7.33601212149012,6.556490282168238,7.5451335993190245,5.993295625263048,6.478099671757698,6.465008844725231,2.1323774942020317,1.459714753489386,2.6735512303037146,2.359696248309755,3.4378058005563217,0.5018685426603898,-1.8467800671569439,-0.3669928585824947,1.987278552851627,3.2205103761149028,2.0139071091280134,1.7298443081117676,2.5804861415369635
7.969403398590811,9.821260342695723,8.404915287680723,8.069391527863981,7.179252070371964,7.243136112680257,5.09481088227381,6.841158167240253,9.99476765716356,2.944861263923484,2.253710655244865,1.5880869843057452,3.793435565887881,2.4964634520526268,-0.0007782612823777616,-0.6424620821556826,-0.11194474272559807,2.0624054591358782,2.5773201986614063,2.090152359296993,1.4307301703299609,0.9864446969159835
9.213784264040301,10.49781447874001,9.909957007827726,9.484453147777739,7.016676274850897,7.166872336581131,5.678906490638949,6.010842837463839,5.143648087052335,3.611363330177218,1.697270385778987,2.7814738651631292,2.8057099736426165,1.8604728911586823,0.6770244751981227,-0.8382862303750823,0.19180102937642243,2.0801499163623323,1.4987616071113754,1.3474564275552294,0.8019168835619013,0.15090916262493625
11.580153319457843,11.158122577905708,11.584477606668976,9.085658965894966,7.10255806255541,6.32453386818079,6.597166740508169,8.013436605299342,2.7829177907970326,2.3488055482992425,1.9998229163174759,1.8376860994168114,2.5081501304439215,1.2334123329286686,0.7390473189094254,0.08008714646589674,0.19301499867885458,1.3431265032272053,0.45003980360593054,1.088317157986566,0.46348137549079427,0.6790062359008594
12.250857222716185,11.650572236783686,11.860943735645794,8.059895177139117,6.9041142141435925,5.709114231623349,6.087382877887574,5.9012003933968495,2.130535862566877,2.1791676256518473,2.0704028404647006,1.24590302194644,1.652814726055037,1.8517473754899778,0.7207880561930888,-0.2700407141987482,0.01438839127165847,0.8358192620472066,0.21758745102925897,0.6764487744074947,0.009127073094662404,0.320528447148563
12.123644500906606,11.868492519358439,9.233027518305281,7.4053600158105795,7.68774249198105,5.331402907042482,5.70414051064748,3.2339189183564794,3.417818506094342,2.3492789549951554,1.5380059673783868,1.7017974519107777,2.455123594369318,1.9055413978873394,1.218718257862812,0.5416470862904271,0.24032158304719353,-0.15186088036222634,0.10478016720029559,0.2639604893160198,0.7031975667733353,-0.1602372645120326
10.623926402269753,11.200659930891074,7.521041799870027,5.80637206131758,6.359041835997638,6.966678982976138,4.719205992964272,3.167699962411309,4.063034482766251,1.3671014930522605,1.4845505411113047,1.1368861415973046,1.548199699638496,1.221475206303767,1.3572820180595708,1.194854190673435,0.3896866343780982,-0.2549452888575987,-0.389961340127051,0.011923493275608942,-0.08031807869027927,-0.29406515994058274
7.340120021000215,6.785359033056217,6.747867270879727,6.329302201725187,4.741921100977689,6.642403028891362,7.577774545362114,3.0655259535458446,3.5949442437302648,1.734722939246273,0.6030923983389028,1.0628775005535263,1.1015944079886149,0.6614022599696495,0.7008538094214236,1.0399486150644217,0.6387180201553954,0.4248652520345797,0.12229808440591951,-0.4690010733051943,-0.17642801699803778,-0.10906523021469648
