script/wind150m.json
[{"header": {"parameterCategory": 2, "parameterNumber": 2, "lo1": 6.000198445256149, "la1": 58.999992894266676, "dx": 0.5, "dy": 0.25, "nx": 22, "ny": 24, "refTime": "2024-02-23T13:00:00.000Z"}, "data": [4.638728582941719, 10.40164798109062, 3.2239809056370734, 5.174595862922559, 5.196301417916728, 8.137920909491314, 5.7336678759923805, 9.041423082042384, 7.328665650873331, 9.385646920622927, 6.517798491015771, 13.601298351826951, 12.588101961688889, 5.836179714571538, 6.015073187713308, 9.358350410306432, 7.3735039512422045, 11.13220214553269, 6.7651413384860755, 17.493354178245518, 7.495034965008586, 9.533765495996706, 3.124444551996016, 4.902533843844253, 10.013155292461398, 10.072781355946887, 2.19071994813225, 4.5665002111551605, 6.9224043327710225, 5.3099473702500655, 5.535189899443357, 5.316570059088185, 6.1092634152385195, 3.6454533171175862, 2.5618149851546304, 3.732975102119961, 11.043352491087068, 5.501485395877055, 5.370620198089823, 14.067660242279093, 5.392649332703239, 15.245768308460724, 3.681635700050779, 7.497636552406446, 15.891695318790575, 10.408281174572137, 3.4221829214768658, 6.209247149195344, 8.65757205811127, 4.291172120338902, 6.210291542551281, 7.367795557131429, 16.586200847424426, 9.557789084874344, 9.119048201561837, 2.3914279558926475, 7.695452315954119, 10.165172025558723, 3.354944039624525, 8.27508962694742, 8.873742767891697, 9.918722201908423, 9.601854854022188, 9.88761314896706, 12.626784099101483, 7.874218413916056, 6.427031006955746, 5.419466936127742, 8.68289679861643, 14.050509504214073, 9.433206114562696, 5.899417975406923, 6.93641507658887, 8.336244168806939, 7.358240787031176, 3.9414190229031747, 3.1635320428294054, 5.013055057150181, 4.495802067432063, 6.1317202673635105, 10.468179417492639, 9.996528417768518, 5.514552436450612, 6.699126231184126, 7.499720274857176, 11.697409691120347, 8.316067983812184, 8.789868144340101, 6.309951357635035, 3.8787909934936224, 7.107684893886586, 2.9042923457211347, 3.366966920829899, 8.522911057524096, 10.185595101886591, 7.312806343985124, 11.238928935987511, 10.578029350417204, 9.437297955334593, 16.845085428271513, 2.954466219063363, 4.6793048623735825, 6.6619026179937935, 4.175332591837447, 5.7078897382614056, 5.33504255053589, 9.481617793007102, 6.5851211500246745, 2.2922207448545806, 5.548856311086094, 8.12183309919696, 9.609900974546761, 4.694846411640048, 5.294199644102082, 4.799493281664366, 3.2277405746595456, 15.354669666780657, 4.396804956016144, 7.768307963685189, 6.380450860055998, 5.336936544544246, 10.990360751296116, 6.907161209564206, 12.455469292931173, 7.672202565498414, 10.339959058888997, 10.884624379053216, 11.685661415886862, 2.8826236165520767, 9.579914999842902, 6.43549313494662, 9.938556182838001, 6.2837996475161715, 7.441809233377344, 7.1713226245144925, 4.303316318009861, 7.036082691765896, 6.999840522875214, 2.9676447221085964, 3.775266212757541, 5.416902004345275, 10.946682786038389, 3.7848998648544487, 5.99904526931851, 11.57219587438537, 11.279560662514594, 7.918331683930765, 4.785972349603058, 10.019612149998807, 3.8154161084250413, 3.673613435828221, 11.472447724657204, 3.3580466976447103, 8.511500020075509, 10.9873081589049, 9.413805738233695, 7.85345061396768, 3.7758728603075133, 5.435372048314803, 11.389747273026133, 4.378012558062005, 18.195108127461744, 8.643378588763268, 6.538784576369276, 6.882019236409849, 5.457124814509064, 4.3097115919373525, 16.351231098957662, 11.678180973644222, 8.664092604144653, 5.421748817765249, 8.723325571364754, 4.248967526039704, 3.316325932730544, 4.206225832660377, 11.04799776379975, 3.7987439792003204, 5.688450069708788, 14.237126112004024, 5.828209782141163, 11.00368884040712, 6.58661944605145, 11.044841410956957, 16.15953814503204, 3.336193667045719, 4.536832342475135, 5.373214564481285, 15.820748980163453, 8.807360592178574, 7.699095827544603, 7.245368601591483, 12.465813606161266, 7.491853689820341, 7.921909788788021, 11.731779455863382, 7.2179505051676704, 4.9583429633823375, 8.750902675804348, 6.994053770797847, 5.242270048382051, 3.815469796531408, 10.11498091521556, 3.3850603388264964, 7.543349143583008, 11.601595680836306, 10.24624230168232, 9.52098679434284, 7.51073700178086, 7.697831159384009, 3.2787856169946683, 7.256802198093489, 7.06559917598402, 4.582528179024368, 4.667208773869875, 6.88143907852688, 15.331456683332622, 12.211991722980114, 8.459752727831788, 7.818234961656625, 3.272898237915051, 4.05841055333559, 12.16585281392737, 7.800136947918726, 10.388605455952375, 6.776108411354377, 11.219341273266211, 4.105944378530984, 8.635511076282969, 5.422605042541895, 5.0621810321961895, 14.826276270299727, 11.139688480110385, 10.175502381152471, 7.321581476647906, 10.768400625169582, 9.39817349146577, 5.309975233674638, 10.712024702115066, 7.476803980389424, 11.448111760577863, 15.826366467939614, 8.855925448320487, 5.142391446540451, 8.683494922004927, 4.797732010801714, 6.355369205794172, 4.118134544203012, 7.497177671614557, 4.840277497386951, 12.39369025560523, 4.629655993958719, 13.680298954443781, 16.266535854617423, 6.5213834108755915, 8.558221461686363, 5.154005434791988, 7.749962606958997, 6.732612516032105, 9.97550396760921, 8.424192341201035, 4.101574833316788, 7.796713545430343, 6.129408260086473, 4.330807322411745, 10.859267715201684, 3.852957974595455, 7.602938706075398, 9.063336979325594, 8.665135377246894, 16.411377907478165, 11.921476958853678, 9.746283623223515, 14.322265745186996, 11.991104388452102, 11.790370243259884, 6.237007395153212, 4.299445171916765, 6.8075105492940695, 9.08896537983124, 3.5616382050213566, 16.835692717146802, 11.20060093419285, 9.142794292176584, 7.810232414465585, 4.168170210303977, 9.42331583574589, 7.584475214433496, 14.202897953918402, 13.182706476674129, 7.674814056608513, 7.838101823230947, 3.3141671301279216, 2.166306275844014, 7.049648808030935, 8.319400305848145, 10.53591033731953, 7.178654831767869, 12.458249138173215, 4.644325286626868, 10.634716812913805, 8.133520813512748, 4.505114062302012, 15.168633645239542, 9.01428888470259, 1.588904415147438, 10.881245476760798, 2.5859347254915597, 10.018560484113573, 9.339598023366946, 6.11014199125931, 3.608853947048883, 9.666073745129939, 7.0767578938110125, 7.700137244844442, 9.274397826869043, 7.705197273346304, 3.606670388956542, 9.46520813689875, 15.72515258209769, 10.055023439700088, 6.454043748065672, 7.907948105478917, 7.661629167824707, 11.106144074807464, 8.976500679872538, 3.9609234071054966, 7.766031450993843, 10.438021320514151, 10.249572429270334, 7.0258060060262615, 10.333551048494916, 4.503546341962118, 6.656294828548593, 10.139229578921706, 8.145780821087799, 9.869214246305546, 5.482179802577896, 14.272456948863534, 8.980993450016811, 3.970482860526856, 3.7714707693015175, 9.370599354602556, 9.391503263745252, 9.972819109592121, 8.46466350977347, 5.47705032638076, 5.079163489178702, 9.295140615360516, 6.650770754404421, 7.971129819819411, 4.713016630050962, 8.143312957461438, 4.27310876549384, 6.88008499577047, 4.954547946709549, 10.849202951374629, 7.383298094132647, 5.824517364453477, 6.444232109919956, 7.896195607791785, 5.408979751465863, 12.642302058669397, 5.978582162235569, 2.31933642596318, 5.280619093620543, 3.7839715028833787, 4.855239773281266, 6.4527822177723655, 2.5186219980400546, 11.024391987618909, 3.445674429824849, 11.450651033685228, 7.868090863314532, 3.824822097369845, 4.634798295460095, 10.806044347234252, 6.187106645714573, 3.172295741799714, 7.635340092215542, 10.619987297875745, 7.759125978917664, 7.811253896453075, 15.53430351805576, 10.591454883716215, 5.939320667762396, 6.433352828521209, 8.00578294637628, 8.257449998764331, 4.864453015391982, 7.875294285854986, 14.133755074620248, 11.63791310673682, 9.344901899210106, 3.189845646776148, 6.200417688683205, 10.274885057914716, 3.6081753446177873, 4.176418461884878, 3.95042285513494, 11.403109749860956, 5.332187990654663, 5.966451764807632, 6.003512306039384, 6.801956695427901, 15.002984382447487, 10.642942899665421, 8.36494915357671, 6.242507591409945, 7.896465377577233, 11.959305957781174, 7.263732878319324, 7.419114295351687, 10.032751597089527, 8.723917268540388, 15.776988825262853, 4.890239589976145, 2.6943946906453613, 2.9490301141463324, 2.812106458189189, 6.78263325028251, 8.803108921521405, 4.247882223115865, 8.068868486787032, 8.82117775417886, 6.672462723065422, 3.5365123898708624, 11.773983877764048, 6.833170614608011, 6.074269371597508, 6.6714389245046455, 8.888818103079359, 8.390489266210214, 7.709005044134398, 8.174015945426152, 12.634737487675869, 15.167630775086339, 4.941193046645377, 4.782980253852383, 4.794756936211677, 11.024382839928343, 6.183994203408293, 7.7491869989489945, 6.082519977790982, 5.232261161842208, 6.764950206748703, 8.084308448300424, 6.2296251310656485, 7.968892943741669, 4.191542961591849, 13.63470605972219, 7.052900914761459, 7.720931804121023, 8.703613248320199, 9.258131088234247, 6.865123358968564, 10.689605298159302, 16.827604390359507, 13.937280640411686, 3.3065852337712474, 7.268471060124061, 5.077770874902866, 3.293586366551979, 6.788342982638343, 9.62527390984092, 6.42255201069033, 6.437755671522589, 10.514063345108205, 6.192992702552668, 7.316011316369977, 9.377646584397137, 9.262855416747039, 10.88856729346852, 5.910403562351342, 11.456152463553902, 7.00790188783752, 11.818892005819444, 18.166773619265292, 2.058406861473906, 5.308695924401597, 14.001006885598882, 2.8413373393049333, 11.971254805060594, 10.12718137238518, 4.491763136010793, 10.494013667191684, 6.4930327155733965, 12.68354708029116, 9.407952344890733, 16.55074299399766, 12.669236613466301, 7.480336377569519, 6.803226558703167, 13.497590101409287, 17.58917924069192, 8.069644148879359, 8.685450953529546, 11.888615669026795, 6.811118435443534, 9.449223099213665, 2.717102399079915, 4.432388415082898, 8.301311578442878, 13.831150796125876, 8.830002604412346, 13.46832801164428, 13.065389599732342, 4.767020468713037, 7.931378401781796, 8.161315824035986, 8.516695985222924, 12.873749953148925, 16.871970487548666, 4.948487674769636, 13.956608541905672, 8.14444764496602, 10.209197784297285, 8.66288077990303, 5.789093116368899, 8.494655936550792, 11.194803282197414, 10.72249447477316, 9.957959082759624, 7.999539295245501, 8.53301197793617, 3.985145777691684, 3.8054510878916212, 4.010798698150084, 5.09265613998744]}, {"header": {"parameterCategory": 2, "parameterNumber": 3, "lo1": 6.000198445256149, "la1": 58.999992894266676, "dx": 0.5, "dy": 0.25, "nx": 22, "ny": 24, "refTime": "2024-02-23T13:00:00.000Z"}, "data": [8.949304665219763, 11.644282417089517, 16.080475295286277, 7.357392355290607, 7.8239465820017235, 14.074215275969477, 8.778939386861431, 10.516134152922904, 15.356018381002624, 12.505325767941834, 9.282019279304606, 12.857253303836469, 8.957097557779115, 12.354023874477313, 10.069354681260407, 13.9003762431932, 12.140511477498075, 4.592857839430443, 8.12578726991771, 18.03185349358282, 15.959188617882155, 12.391642794627577, 4.020706768974008, 15.781249689588376, 8.18780176914025, 13.756781735331998, 14.518479359400606, 7.7548736914822, 8.074821517875517, 12.736742909835257, 6.455456740048545, 6.079176326923765, 12.418473412740536, 14.84981772991437, 18.085928008086196, 15.188533310960112, 10.38819660029016, 13.671629687456296, 12.02262327982108, 16.067903964543284, 5.832970647834501, 11.780059873100525, 7.346213991430139, 6.720379406207254, 15.172242090695509, 10.31154608808285, 6.335699568207847, 8.42266393314646, 11.792498612603762, 6.067433266121655, 10.039348374730208, 9.645141572281064, 13.080947213540705, 13.482153564183566, 10.1718687375962, 14.59821300350486, 12.912930069872631, 9.534785673859908, 11.884109850746224, 10.569926033409509, 14.512305011310799, 11.529405511332856, 4.5549646408081665, 5.099533939945317, 11.454792357834329, 12.57993194383201, 7.4379456438198215, 12.636564212170992, 12.335241772839293, 14.610411769256645, 11.169876175794506, 8.86471648794517, 12.274358176317312, 9.802655296213551, 8.87943156294058, 7.776384385662829, 5.8917366330516945, 5.985213628006876, 5.393624136083192, 7.851484540207395, 10.010075111728062, 10.788890588072217, 6.207188480057338, 10.886010640892133, 12.997428776429395, 11.573658634332443, 14.776594460777435, 10.79021362836297, 10.057869398816544, 7.912143360550627, 11.625014775371143, 12.417467253401979, 5.853305696568073, 12.266526092464318, 14.121021857779992, 11.540765568404066, 11.59942979227658, 11.597921412198508, 15.30569861077912, 16.478099586211318, 12.458645960010516, 6.185199036239005, 13.554525856383343, 6.983337562474539, 11.720061287799247, 14.097936649125694, 12.831273359479017, 6.391794595088059, 13.6582507513384, 9.330803197136893, 12.313181342554378, 12.019972433720715, 6.1502257449448265, 6.163758703978196, 14.745902760344846, 15.28357114441755, 13.540150233709245, 13.930924409261305, 13.209656033723196, 12.580828253076113, 12.200205630189677, 10.729387490888941, 12.366258254816302, 11.366706725551234, 11.783799302413895, 6.356594463950562, 11.948569338472785, 9.361064689493448, 6.534817775668913, 7.251160241427518, 7.702879698400874, 10.986064126866854, 9.585058521389707, 14.983752136838511, 9.541431636840288, 6.479016317111197, 12.281220609380888, 7.913428276507441, 16.429598691940694, 15.849847841298887, 11.041221675336061, 4.170348998488863, 7.32999769918436, 14.10566294785648, 12.623519909673638, 9.422379487657764, 11.718667398095384, 9.811251041632884, 15.158431108833346, 14.539391038353285, 5.889546558410033, 12.773223655042722, 6.586511023492557, 10.17768923992517, 10.042579361349425, 11.643810624845623, 9.535467816886618, 13.497508197190543, 6.723826197800236, 13.175815339840158, 5.977295034436148, 15.644568086967109, 14.379262581646932, 13.141597553000373, 11.785444097589382, 14.64767220956438, 5.897165991124277, 16.218862411704972, 12.580115154561685, 10.419310033841448, 12.396800073319493, 14.417310990173615, 5.086849146955491, 11.813984463268017, 11.381142688920924, 5.890327673613719, 11.992442243341033, 7.495527517618392, 15.774000877031419, 6.654550573717676, 10.470975875793759, 17.71142621875429, 8.025808331906132, 15.615809253607084, 17.418536567723205, 12.38586822969821, 6.659520861875709, 11.025053051261938, 8.986655121692385, 12.020000520956081, 12.180961445626455, 13.485655215368874, 15.206639512870161, 15.266399849836787, 11.051301637317241, 15.128570314647975, 12.469906115539676, 10.770999218545375, 12.679247625786948, 6.687798852249861, 3.0824064775297484, 10.60674730953549, 11.75963427484821, 14.674594020332076, 12.380711245446596, 12.078516717099962, 9.558378006509438, 5.9001466621073195, 15.932523192869773, 14.417175513299517, 9.462134969144572, 12.735111387466244, 10.907241441681702, 5.913747877123754, 13.973336969230534, 11.878943902518158, 11.606309892316366, 13.719600246798285, 10.084918161089698, 16.533928017062532, 4.148128506242236, 11.89940392467388, 12.993026170481166, 8.265851936989657, 10.493124708947196, 12.42278117763493, 7.419034538782516, 10.507894416106804, 9.775825183563915, 7.060887112149743, 10.933978255287643, 13.375947471848294, 16.02809065120915, 15.153199732282085, 7.917028380332186, 12.498277444522303, 8.688336764103369, 9.846992414750606, 12.05783566460911, 8.848301975040043, 13.462977231836836, 12.465337172337843, 9.728971295644136, 14.318639194313176, 12.053883667484369, 8.185431963013542, 6.804155783090776, 11.089639334207092, 12.66973039029702, 11.373395202182687, 14.362789364296733, 18.30049286683867, 7.252615905475073, 10.257151949410607, 8.65761406254769, 6.8389681470935555, 16.273874259959065, 9.039542749635784, 11.300403867045752, 11.734384273594644, 13.720713711459899, 12.396444968338656, 9.749911273340846, 10.33070539930591, 9.847420964796466, 6.944253451051335, 14.9475566686261, 11.999160671361526, 10.118172314336887, 19.592492521432256, 6.804990263399052, 10.030311235909908, 14.718424584968863, 11.277355792622577, 10.440150897008644, 9.91476056619123, 14.962669690865287, 13.654530678872508, 9.573735613599991, 15.291313298658455, 13.440421385890335, 8.517330474257871, 11.246395672894781, 11.896014320517436, 7.108524884189987, 12.195458414317565, 11.030147237338616, 10.854793130974983, 6.8788782339386705, 14.771368126941992, 10.61853218617917, 11.591967910288476, 13.753195397920885, 10.072073746227003, 10.155030255820414, 9.422653223001792, 9.843106377006974, 8.947518011077971, 9.873354492099681, 10.779388168912561, 14.674622868156268, 6.245448963472471, 6.656408703067933, 14.056538049513199, 16.631646037965194, 13.923291664373103, 13.640721269493083, 12.436317568932019, 10.458468958075589, 10.292366994138169, 13.20732010829187, 11.969079118155754, 13.53160481069519, 13.804872197473737, 12.94012266743113, 11.074228791986519, 5.926808450829488, 12.100716621908665, 14.019713075202375, 8.174522322242188, 13.561686124951908, 14.431631709003879, 8.221160071501572, 9.090805947548535, 9.743652140842853, 6.07295278048345, 11.307101004897369, 4.739513105467063, 11.572209915155513, 6.023038412457952, 11.967449351690595, 11.806725019012891, 13.424478049644183, 10.748052020396738, 13.016746248095721, 10.389889904068273, 9.596730986334912, 10.746665990560247, 10.531423676069585, 11.606048171085071, 10.952552323566088, 11.83573906164062, 17.083376810746266, 5.1237210949253775, 10.839685939762136, 4.711486805792902, 6.015050359184714, 13.217303990502787, 8.761536727551217, 10.005569014986595, 15.001945564715225, 8.114831920831834, 12.969814174438701, 7.451092324816548, 8.624422470665284, 4.278896837476943, 9.808791548648406, 12.854940131889176, 12.224203336419452, 12.092109813509529, 8.532615740588179, 11.679137108783607, 10.246875056790985, 17.428299080030598, 7.09715859035355, 3.9556010148766125, 7.085632007948926, 9.976577436984364, 3.49134244562789, 11.869098487305122, 11.516484968643558, 9.93098536828993, 11.716697128148885, 11.774680453508472, 12.221130240383062, 9.893775706323614, 12.092789406397095, 6.40091835653681, 14.872327676943575, 12.62186623604731, 10.1184418639952, 15.219568174380234, 13.90135522276393, 13.017521871389542, 12.387551318630832, 9.852777868593709, 11.788030272987521, 8.32448311516056, 6.857800325289076, 8.006699276849952, 12.109067296615413, 12.280353154638028, 10.484708484291637, 12.350986141316787, 18.608532565290496, 10.787118345428553, 5.874468434617387, 10.89738168809289, 3.8535797564444727, 11.970148649826985, 9.55282193525279, 9.55026228310619, 13.725005168895208, 8.176304348916148, 13.035906878945337, 15.290930595278612, 11.438111951804382, 9.175164545692715, 13.106514884432778, 11.969045673491873, 9.359514900862905, 13.46828704284612, 12.649136899273486, 12.919199890222394, 14.653291962472933, 6.464450079272484, 12.140834980921618, 15.733982379555728, 14.61827210593879, 15.616562542275908, 10.657841226202603, 11.168686515650931, 14.584588482419083, 12.851596406940361, 12.401345746251696, 6.436653551013226, 10.119004651795311, 5.620587551884261, 7.962429940732749, 15.63184518932695, 15.97234376413062, 10.22856867029779, 10.117111859085709, 11.804076774230753, 10.802488324324747, 12.09330403463192, 5.9233568795272316, 9.819233428417812, 7.509326333557942, 11.489859843986839, 10.805082291148677, 16.946910413586096, 14.30773478238718, 6.02888825933566, 8.866472327978855, 12.961273212025713, 14.026325534520524, 11.640987156771194, 12.651103214932412, 9.754480959147974, 7.861530647679529, 15.996588010551344, 11.157622697420846, 16.514158087456057, 10.616368779744256, 8.107180372507047, 15.79094022211603, 12.485616579875533, 15.921788995995335, 11.885941078499506, 5.734096475303735, 15.736298461813854, 12.097654939219206, 11.06122490765691, 9.282792606125756, 10.55472907035356, 11.972323974131776, 9.52988201530742, 12.5800627490107, 10.762794375271406, 16.316223177736493, 4.795448090052822, 11.493263005698946, 11.454312531954235, 7.972767752824024, 9.662470066787806, 15.418487094549212, 16.572654279005622, 13.936352945839817, 5.275586554376104, 13.691824476392078, 11.184982696616807, 11.085306710177884, 6.959268604676546, 12.203696980003578, 11.808756092800865, 19.74232777823897, 9.221689848921104, 13.65625363206787, 12.140562820862113, 8.510548187185607, 13.364518383343992, 12.293606877285995, 12.832284816784483, 7.963880087839601, 10.69201610012773, 13.381039220346725, 8.377992938618917, 12.806130046509086, 6.5466494053499, 12.374916050213663, 10.823798295702996, 10.235161913476894, 13.31381828102159, 15.963444925267396, 11.57032997228575, 7.0083267794250945, 13.824902668026274, 10.679478582446732, 10.4597340276387, 9.401485576549474, 15.126015105536746, 10.721353843504634, 10.278182191055274, 8.809741223094013, 11.606830613949526, 9.914751909074903, 8.70829192416759, 16.592404936506213, 18.8356544030399, 10.595467972176424, 8.788710004987363, 9.458411310931355, 13.629035854406984, 11.262876585139518, 6.2545397303595776, 18.813328465940362, 14.604380069829531]}]