script/wind150m.json
{"header": {"parameterCategory": 2, "parameterNumber": 2, "lo1": 3.000054539987559, "la1": 64.9999836372058, "dx": 0.5, "dy": 0.25, "nx": 34, "ny": 52, "refTime": "2026-04-09T12:00:00.000Z"}, "data":
[rows 0 to 23 of 52, columns 0 to 33 of 34]
2.1260841866398636,2.187139587680024,3.172215918800373,4.0498619189866325,4.998828527551614,4.8680861534699895,5.224848119570207,6.35398448065117,4.700147246411732,5.728192628975132,7.456942276202639,4.491611739521467,1.8561559776352132,-0.6458685321387597,-1.2542186023177888,-4.188689767655542,-3.60507851175496,-5.45387618388236,-6.825529021371251,-6.674587461040427,-4.854461001161026,-2.138168089001894,-6.704723050601549,-4.232665338547559,-1.5824305738011735,0.6035898799051901,0.5137639895872707,0.09229552609351478,0.46272117678759317,-2.7894058071065115e-05,-0.4324350630614956,-0.6325622645243093,0.2332911617441014,1.2316202169767279
2.1998673433253417,2.360772056241671,3.650984155684198,4.625360408069114,4.54616966843844,4.854135339938989,5.923886442277015,6.909989560746097,7.173516402573236,5.1683957855659495,6.408521306628215,1.0758890679379958,0.7094143180564688,-0.6023889167357342,-2.2812165396506896,-2.055378622880698,-4.406118387782559,-4.647297639415569,-9.695722186026932,-6.397067123548816,-10.4405566892956,-5.813431696592749,-3.3710494725030897,-5.610007862228369,-2.61876911664585,-1.57398081521398,-0.3708193867207554,-0.8660258460296342,-0.10346983859935867,1.0460622080564452,0.007327017367607601,-0.14005923136629958,-0.15824891999465385,1.1772737932387567
2.5643235818655787,2.7818685787413777,3.8161010936256146,5.008678691829393,5.394766795715207,4.330994844535702,5.008676704168943,4.297112232789461,11.084960304275823,4.83325147570052,5.459668605986323,1.1090228508671318,-0.8684797665462347,-0.11448482662734766,-1.0484237911381988,-1.1747127925920986,-3.5983905352770202,-5.018994834846572,-3.889937394184394,-5.140387994611245,-6.772341524842989,-3.9065916555659985,-7.050838302918004,-4.678255229410258,-2.04903564868521,-1.3540787346162135,-1.9534988609358126,0.00941407791745458,-1.1284726795351003,0.02680345115159406,0.6218095612955407,0.22180125088587013,-0.08106375138791357,0.47107557043646575
1.8877316215899624,3.5559876677536315,3.85552046509847,5.593522361190843,4.834489098585258,4.173930363605875,3.446822181599486,8.1576531373445,5.345347620492053,7.365525561142654,-0.5462441852071117,-3.1793872176652367,-2.2691404660828156,-0.42558846259462163,-1.5133897103426088,-2.6820732627753268,-3.1052459625402866,-2.964640913472016,-5.079398916530123,-5.138797746245285,-6.709359563810065,-6.37148033802926,-6.014161135431907,-0.5020144688618818,-1.626169696188797,-1.0979566823454376,-1.1997069278099401,-0.8288532811993999,-1.3816091358356253,-0.6701453233925048,-0.25856246336041966,0.6484189414842436,0.5154758322652079,-0.15253491973437305
1.9237195428632268,3.5889929658687003,3.9967284456119563,4.987169326191562,4.986931731632721,4.589469349510884,2.095758635996357,6.470599277661941,5.019716861105442,-1.6682759093363086,-4.239300069442718,-4.288678999263728,-3.080388384268263,-1.5081660582426069,-2.35788742617313,-4.193621160044913,-3.041774942043304,-2.267404152129457,-3.8272130060572076,-4.332257029012226,-7.753556570810685,-3.584672077129781,-3.1500234595121808,-1.6883113668256675,0.1869161162507101,-0.14811629308976695,-1.7291644580269943,-2.6678602689266513,-0.9027338864127444,-1.5351660732519021,-1.0793804277322525,-0.2703224041564065,0.6995996526361256,0.07509631295673111
2.095998757859841,3.203359843857575,4.610777589317378,5.217849650008289,4.427755954756347,1.2672404905935872,2.0958599207700055,2.030120990118027,-3.4428882713333584,-5.299083254829657,-4.87952245821597,-3.218520100753559,-2.4893296802758624,-5.069419498553461,-2.37723510212117,-2.1935225044717006,0.8238766576235919,-0.6201813963473978,-2.6543583017166745,-4.632100542014967,-4.3745489372760105,-6.459802374929665,-1.2550870653576223,-0.5830688174199485,0.13414982425735292,0.44351136904348837,-1.5750971655366761,-1.7400794479749335,-2.0851458432088497,-1.8791162541570534,-0.613358461427816,-1.220937411449769,-0.04926929568758049,-0.1371232950241269
1.9955554051817737,3.05601573347376,3.9885447290844924,4.5960755632710635,3.668846856877362,1.991542653665155,2.324311921724636,-0.49986369299377537,-1.9601426722723168,-3.989207770479116,-3.6015420690988003,-1.112371651281703,-2.956587833027638,-2.1270757732511885,-3.8832454947206765,-0.26824303056332804,0.5314627080859947,-4.233023686402206,-1.6711661779189173,-2.4279617867401253,-1.4202251891882591,-2.1147686254855773,-4.036565003540483,-0.4093186132865483,0.5477827725582297,0.18821020748088035,-0.34078410335402953,-2.1518637325087853,-1.7433622073969806,-1.2215805444602907,-1.641875388386274,-0.793552811818133,-0.24904738454280229,0.2682885323008933
1.6704972452806117,2.4923263750660047,3.758954724970564,3.903299422270188,4.093394595535375,2.1012259949143046,1.116048898328976,-1.2617029176948011,-2.033546690581136,-2.8902205986509193,-2.013725844499423,-1.9481758646569522,-0.6969173237320089,-1.6794974094998685,-2.9867770161717546,-2.0750084992821005,-1.6354599044332254,-1.7923269210361723,2.518646550133217,4.875219004948355,-0.6232872600038397,0.745002416018122,-1.6434223646361048,-0.3252533389898295,-0.021475659914256446,-0.1370743205979081,-1.248392655201441,-1.0944064065244676,-1.784730556508057,-2.9770252882830968,-0.6317517412265593,-2.0852220656657896,0.7052059619785351,2.2830762458589646
1.7030185169968843,1.6750340248028215,2.7058746999559817,2.351127227334988,4.135595786550635,3.3748343418093123,-0.6737015762323746,-1.765698051858379,-2.6955809260978927,-2.367575479626063,-1.9402522987058788,0.009769759050346322,1.2243081885936213,-2.515861283250619,-1.9404506935990113,-1.6033261740271367,-4.354696500429451,5.2382368566437645,-3.9033695335581635,-1.684585321770764,2.6103055319511115,3.1285076670494343,2.0992511210085683,0.717889595619834,-0.16841897995575858,-0.1278032426288194,-0.824135775628979,-1.6833510568901313,-0.8299529565337103,-1.63643260128743,-1.7765851576195364,0.49071274050229646,1.5124058687840325,1.5155452628304669
0.21299903959357094,0.5688207463238587,1.137987673581961,2.664470851120383,3.773133392736038,2.948617732064737,-0.015266132264425749,-1.725491449676443,-1.7665158443514777,1.4992657630955617,-1.416759100108782,-1.4270773913117798,-1.1298154605062678,2.9240760954684766,-3.0367080321923416,-1.0614316467643399,2.1945067891891785,-2.5212856938107873,0.19000467198004284,1.3180130783207085,2.9176525435696408,1.208527461687618,1.256785475209916,1.718264849197389,-0.7400872705625916,-0.2055335816326953,-0.7661032257124601,-1.5288517463069238,-2.162702982953377,-1.9209775897620875,-0.6909334158125785,0.3868936951529985,1.1934960318792407,0.682395566577837
-0.49371520539209507,-1.2584994486414558,0.007467607756178459,1.6166230585379666,3.140636225015899,2.870016738772765,1.429124957075765,1.8385614581299323,0.48037682948114374,0.3311801455686673,1.5664436341160923,-5.8473014532408385,1.0068004520438258,2.9549179716730762,0.7936367638560997,-2.8436322693638023,2.6366770559994155,-0.44665974656540536,0.38158836200102364,1.4142376950595665,1.4761856511868696,-1.2800283883956574,2.535709022293751,0.00918697888021979,-0.8509269357459776,-0.5746539560021182,-1.0903381586805243,-1.6263913372695642,-2.288985986637643,-3.5038260315909247,-0.9615861349843237,0.47412551890877486,-0.03687314752356824,-0.28507708527686765
-1.4185479213348595,-2.357468472794575,-1.5433377283757415,0.7076505654467875,0.5409445261311154,0.9556317201955176,-1.6922620744985997,-4.574729806478851,-0.7986432764083096,-7.499096480914081,-2.8618361641072947,-2.2882478494502325,-5.863642086963923,1.4699751814280253,-0.22048300479347752,-1.176076723489765,-2.0197376080179943,2.3888730542398533,0.5808021414858248,0.07397971021975713,1.776517727482997,1.5135126787533455,0.8925639586272047,1.5075501297483864,-0.9420937229947843,-1.4675017597371964,-0.7434447958796775,-0.7277366021267369,-1.367580871490594,-1.7302759466592637,-0.778902630925113,0.18261389276790316,-0.08480874254781379,-1.166471999663398
-2.2304634920434214,-3.471014673036324,-2.401136486615798,-2.209079599316194,0.43314937916560203,-1.5560186548979391,0.7288611548526504,1.8034765977721996,-5.653813650446434,-2.749904415903798,-2.338049455557018,-6.498005260082312,-1.51358927056627,1.307945286560259,-2.3824853162743644,3.424463184998201,-3.0000857364015356,-0.26445531854349974,-1.0602909390027055,-0.27527351613788476,0.23532063064396322,1.0575244708327227,1.6754589209214363,0.2695542805504511,-0.9962266283171723,-2.0064541919523298,-1.8563176511535446,-2.7715115139693784,-2.6825687652070065,-1.6884047357771497,-0.134117241378244,-0.8972774958728813,-1.2957659337492498,-1.7772992105012289
-2.7814290916094517,-4.526895961067683,-4.507888134216024,-2.9798091123756247,-0.5309589165410954,-4.344278154081804,1.3329115570332222,-3.5437007276099997,-12.73181059802607,-3.0168268766106188,-0.6582754890907689,5.711555195826141,-2.6736978949308043,-5.109569657354311,-0.43053024315554456,-0.4690445565157806,-0.9299436133067492,-1.0930357667173662,0.6713117379189559,-0.25838763107876406,-0.7133223279407264,1.091363641545236,0.17559365605654234,0.09166386781471407,-1.4022138377974067,-0.4115738661046495,-1.602546653625346,-1.1690153082482166,-3.5956648932681317,-1.6733542228815639,-0.5385076633710959,-1.1476333907806517,-1.8785651705884185,-2.624860407759827
-2.9159879951294045,-4.978009141888875,-5.058816172414729,-4.661021396484724,-1.3218633691068373,-5.207487060494238,-3.75367063516844,-7.281859062804605,-4.5876460096855585,-2.5136129218309025,-4.731262062881139,2.06100503699644,0.8514881140975664,0.04915575005991656,-2.7086367185025506,1.3465450617337704,-2.2206997375267656,-1.8283137557918683,0.5145770577545853,-0.6589335724126312,-0.19145061612086167,-0.6592866777342946,-0.17644125656708265,-0.6195981511048938,-1.1829386291320674,-1.5225006250549769,-2.4745601333520755,-2.605268335833911,-3.817437580855262,-0.7822933794315412,-1.4246950021005667,-1.5712152308386689,-2.404193379251113,-2.661756864249488
-3.9380609223418794,-6.057704129226513,-6.497690719581859,-6.017830299450183,-4.000300057314697,-4.554591202133657,-7.090906386981221,2.830077450407045e-05,-1.7016620684408927,-5.487170563480776,-7.654557265198803,-2.890756353967055,-2.8180578091430473,-0.5652550998810819,-4.0594741855500835,-1.1011360876556855,-1.1358316700149362,-1.882038015880994,-1.205662933448017,-0.49078363123436836,0.6250704394334083,-0.6021810674849126,-1.4720512892143247,-0.9642136840465485,-0.9715883956383563,-3.001664114037409,-1.1933238892378617,-3.4981523834920525,-4.404762059646914,-2.3418134575525764,-2.546089296713132,-2.123122621621486,-2.4870375331087913,-2.3566335116848074
-5.459522477246974,-7.350118427697388,-7.524087524074429,-8.62704806305268,-4.432943051023717,-5.59582722109508,-6.697097309156117,-5.64330477090029,-8.783287571246476,-4.334160720529744,-5.688903661152923,2.3007631809018,-0.8211994219753611,-3.782740785507636,-2.716675321947304,-4.573282958619019,-2.9283199034492173,-1.7793977652523647,-1.3741654855486387,-0.6333847520237962,-0.26571155223352544,-0.6322607841336164,-0.8851156911269646,-5.44340942907466,-1.4152212629749699,-1.2245415708194944,-1.3528472062413368,-2.501771897937126,-5.200353252750345,-3.1379776103107546,-2.883981941114853,-2.6372414287638866,-2.662586236136627,-2.50932909330107
-5.993789072605046,-7.981060316388496,-7.745250364513088,-9.10511311620098,-5.165057265863717,-5.050929285817027,-6.4991309799293555,-3.558384495350209,-4.854206726143985,-4.764229791635606,-5.06579279191904,-1.5183824805955406,-1.2173838915456434,-0.19167886631449385,-0.27473029732230736,-0.3872216079786711,-4.479133419003569,-0.7457392919191308,-1.0803466465769473,-1.4595009525634797,-0.8783753040947737,-0.9381302687667836,-2.0784871281070325,-1.6227317169158457,-2.724888177741099,-2.190546030782238,-2.2622102341492503,-1.8402706887764388,-3.7994025282054684,-5.825055735445763,-3.0598766037170457,-3.0761835535378323,-3.074605744120829,-3.634788874826498
-6.72965097338341,-8.824719670728685,-8.624737825836599,-9.007149627163324,-6.158807315930905,-5.282588198129527,-2.0743620111517207,-5.744192135805878,-10.262307527008836,-1.2476259945267296,-1.0064126403145253,-3.22264743149633,-1.7567980716831402,-2.132320765925392,-2.5652280382892805,-0.280339198013906,-1.1664121962708487,-1.5029560109251445,-0.7634186306517513,-2.860507205253615,-1.3923453176020077,-0.8961040353188932,-1.027408765193692,-2.3250120540873875,-1.7510046852648409,-3.6413734929565464,-1.3782028100224109,-2.52225216595068,-1.7840625561513654,-2.818547679502088,-4.672960247357118,-2.7919436442055763,-3.9534166146331944,-4.447365187116621
-7.05064549776525,-9.28176446929914,-9.36494185756332,-9.243102850439154,-6.561695030038382,-5.572647695115572,4.14181594608494,-3.028478027791723,-4.887809155102083,-1.5627370490614718,-2.4174008232117643,-1.59837785459302,-2.0668227601361058,1.1790349471150168,-2.4325812963245497,-2.076192518258838,-0.6134356466097406,-0.8618133852439248,-1.8534457187059334,-2.1227168070388682,-0.24970631517322428,-1.1389203721480903,-2.4269054189121957,-2.307634186261851,-2.9359392456863946,-1.7506993347605693,-2.930002595330768,-2.041842674092011,-2.176935748005503,-2.724880597051243,-3.958594600926427,-3.482655451413654,-3.0534114841833575,1.3433501752032626
-7.270695023679947,-10.16469425839636,-9.910939838737375,-10.210783622776392,-8.84033355945924,-9.091119416128654,-16.779991382202745,-3.0958352914212,-9.939173113375933,-3.6346993740254665,-1.4713382004494908,0.22895460002279705,0.361687649880592,-1.1642293142239448,-0.3980796021291681,-0.8582977873243482,0.279957571708782,-1.1167861936021322,-3.41071662629324,-1.8856512488022237,-2.729833271106712,-2.506122848248178,-2.8527909404234526,-2.283469509567876,-2.382072087972026,-2.390012684074132,-3.491209198770968,-2.087188907121056,-2.806347077053815,-2.334763431180242,-2.9100587115239565,-3.7026770726572047,-1.629073258671069,-3.881545451104949
-7.802887417000351,-10.040140829611522,-10.290800872898547,-10.487216935202976,-10.528638573362526,-7.563034697541171,-8.994620894368069,-9.014135906265206,-7.1108511855699215,-4.808394631248851,0.2204775404391622,0.23819954346837374,-0.6107483372872902,-0.39768800447600744,-3.652324126416689,-0.9919894088345794,-0.25984533655594155,-1.2863277824405728,-2.8245895119255016,-3.3605641521778944,-3.5071637869267716,-2.5302944883240834,-2.5615852035313655,-2.8543182316606677,-2.775951843186594,-2.7013095614605067,-2.4867658120291214,-2.362905385117028,-2.537012786281736,-1.8177934818230699,-3.2310731701907804,-4.465021193091381,-3.4135036618999663,-4.918348684795224
-8.78170294268311,-10.522322839805142,-12.384492357454377,-11.645558040674386,-8.968374616532456,-7.985892616605143,-10.077571491329511,-3.6226562257384853,-8.31098765801928,-8.03511525119261,-2.061839166508614,-1.614313148563015,-1.8618750444221974,-0.24781927953979957,-0.6684136166180464,-0.2654957079770591,1.047069373971332,-1.395382703294536,-3.0933668566327763,-4.364858252288564,-3.582820559178804,-2.0861785909958157,-3.7125726298926622,-3.2456050322430663,-3.7104825391653153,-3.2541438509746516,-3.168753108368636,-3.6792369826383604,-1.9636325048352423,-0.9204531513416775,-3.9323511969802754,-4.983899820123223,-4.769314788539968,-5.123023237316023
-9.436676679241213,-10.984208878067621,-12.2425995085,-12.05210437912715,-10.107322651683564,-8.25941438606556,-4.184753443032894,-16.55181492293365,-7.563977026336882,-4.885302878449617,-1.1071281061662666,0.7697715372841512,-2.6126389477617864,-2.79577877975859,-0.6202866577308246,1.099565791987713,1.3386593353470342,-0.22886143569767334,-3.902320113492492,-3.8382030019448496,-4.703124258160348,-3.790562208992897,-2.857167525637275,-3.856552914833844,-3.775279006980015,-3.480923527600919,-3.983575590346914,-3.102747167446731,-3.4812084332019735,-3.595138943344892,-4.490353993254879,-4.5437406225015,-5.333881655376404,-5.38202629788232
