script/wind250m.json
{"header": {"parameterCategory": 2, "parameterNumber": 3, "lo1": 3.000054539987559, "la1": 64.9999836372058, "dx": 0.5, "dy": 0.25, "nx": 34, "ny": 52, "refTime": "2026-01-02T23:00:00.000Z"}, "data":
[rows 24 to 47 of 52, columns 0 to 33 of 34]
-10.488967543599268,-10.997234437359046,-8.622438707278748,-8.085824680949852,-8.634425416329625,-6.034515170068647,-4.957343645584553,-8.295866135034732,-8.673781693220771,-9.598309534485177,-9.708764567635356,-10.053128488674952,-10.114917873081534,-10.240400939113062,-10.611068284011985,-14.617651274644397,-11.83474966876635,-9.360116549808412,-9.6906671666059,-10.652814997557018,-12.001901026390863,-13.47141089283481,-9.325484447847417,-9.373963786071586,-11.277221328610686,-11.403997085863706,-11.757792672530787,-12.93017087429516,-12.268859827257574,-13.65449589571929,-13.30091415501826,-15.87661492700212,0.17698057157796396,0.7755919169839918
-8.101311781282888,-9.46043589817631,-8.76163981107773,-7.917005416251597,-8.314542281699994,-6.05095192811961,-6.965231849633956,-9.116800813546304,-9.742182975177181,-9.705473126992331,-10.615958282132247,-8.251708810278393,-10.14914786387215,-11.175482733741177,-13.774344582595647,-13.969522599849567,-11.979947592676025,-9.790676324142815,-10.040533314558855,-10.54134615259628,-13.885645743370313,-14.493232091306684,-9.187701441406519,-9.948164199711808,-9.567427937226753,-12.425578946218973,-12.474716674283066,-12.379467497154979,-13.491854218013422,-15.556910260971055,-16.449389965591752,-17.284752104013414,-3.212606094563004,-2.0247036584228506
-12.463142794685822,-13.709035183938978,-10.19977660160123,-7.5468374395506075,-7.4234711764425665,-6.20144570828789,-7.390860379154917,-6.944244918886993,-9.332230089910137,-10.755084495363704,-9.068556086694183,-10.080409448091759,-9.993998605851116,-12.036144139896253,-13.825782706291967,-13.776038995206253,-11.984866653080141,-8.850620344431254,-9.525509265473639,-11.93394543752764,-12.995901059129192,-12.162753679329155,-9.449017101193355,-10.32598766248701,-11.587041153621298,-13.144536450013574,-12.125095321930727,-13.10465083794024,-14.550300055220442,-16.656053971473252,-18.356061336253067,-5.625096729236936,-6.351654850233511,-6.260508388210858
-6.768628262825246,-9.578834539565838,-8.96119143403668,-7.991740291514116,-6.678631253580202,-8.06824873921422,-6.160120641823154,-8.44673859942114,-7.0735625069935715,-8.976817800380417,-8.749890709277416,-9.141606587741034,-11.4163184809975,-12.36453965187369,-13.922066596883555,-13.654308513396128,-12.422403361189572,-8.850282138443397,-8.51938367684863,-11.367350968758394,-13.581109016985504,-11.087875744677929,-10.973864568036621,-12.433474174416487,-10.32671818316071,-10.921790455654122,-11.54750198767933,-12.128180499002758,-16.095523534680417,-16.302777881048957,-4.959597382273815,-4.43631374301978,-6.654568289092151,0.5496486587827157
-9.077620389297937,-11.333732467175475,-10.237663667948423,-9.133112246889484,-5.945566233230523,-7.804948977033656,-7.338988545928567,-7.274550348048002,-6.64844839025715,-8.785496257353355,-7.132400313908991,-10.078806755707722,-10.991634737921904,-12.161581932309186,-14.164802509087856,-13.622639974390117,-11.885718434243467,-9.122658036939686,-8.888370382231386,-11.056153098127076,-11.415017351573244,-10.932216493649316,-10.582810375070581,-12.662430779618218,-10.316261504211711,-10.70996156168575,-11.328718041680492,-12.134861233788659,-18.25080227925938,-17.310222076194,4.074758859312112,1.8955387441249536,3.276548339017137,5.620209381927953
-7.946515040634387,-8.249177945456845,-7.852432813033046,-8.450518232906624,-7.96220992370701,-9.048735162364235,-9.006534355202877,-7.45925047907268,-6.540544067588686,-6.389136544877606,-8.847355476545616,-9.577783045537162,-10.808027410071917,-11.861408538139992,-13.673827426565,-12.89043682376228,-11.30509118064891,-10.409055053120234,-10.0017348388354,-10.818612848059992,-12.059644405164962,-11.532450083123186,-10.529648466158195,-11.514246282448152,-11.454892330975163,-11.489699234519609,-11.262643527963114,-12.184189886665381,-19.888245200849735,-2.655662092172284,7.254004728240555,9.658155642605768,7.466398737134262,9.537885815076034
-5.426532446450439,-4.872751376596538,-7.458260032474522,-8.895993297939874,-9.333664697093381,-9.47024966941363,-10.473058657174713,-8.970253945067148,-7.2488203541624125,-6.962259939146237,-8.634588245964547,-9.26945945347806,-10.494265578965821,-11.616308040348523,-12.302600215657636,-12.068754147381616,-11.174118781303754,-10.896612031710786,-9.646739928657476,-10.192389478371677,-10.3396284216551,-10.0757740622874,-10.223167127676588,-11.497295921032414,-11.027048805125375,-10.134291364899351,-8.072469855835921,-6.421856347819406,-21.073751774284606,-3.3649286981724194,8.396093649704541,6.286364026244837,6.696361783317481,9.252598490458038
-7.167741315358217,-3.3994136807327227,-4.617666362448554,-7.468482020370526,-9.229487528855826,-9.564534438206765,-9.785125469307419,-9.98143156137659,-7.952185012269296,-7.570473284594727,-8.367779343806712,-9.05238963523536,-10.286302015769696,-11.417374521467503,-11.208563444267606,-10.499783414989619,-10.39244664146946,-11.686060708907494,-10.746683884792084,-9.788313949526684,-9.945947347431469,-9.243696513241092,-8.187374118338004,-9.534594357866267,-9.523331701923627,-6.4058299395738905,-4.781862176151657,-2.9029752353525056,-3.575409707579768,3.221284881539743,7.41736005343437,7.147590134313781,7.927239425393939,8.731693500838993
-9.002772006518763,-8.323414246864786,-9.604429758933579,-9.318062714491754,-8.686164160235913,-9.212342784624909,-10.938013416592822,-10.420700580507953,-9.041443338004598,-8.550642671476657,-8.25896265251293,-8.675722240823589,-9.013288537087044,-9.33472035556436,-9.849354871076178,-10.999691978840094,-11.703949756741096,-12.464357561131035,-12.520870744801494,-9.83562130830181,-9.672823695138941,-9.494621307965193,-8.93130394660376,-8.912746934506119,-8.386393800272417,-7.657312981110702,-6.4295875210901094,-6.827169781609331,-3.107948750240134,0.24386155083920452,4.041245010972537,5.907709365882243,8.395211284980533,7.699982126168591
-3.857880741818624,-5.49170117407223,-8.652755026308064,-7.964433456629107,-10.075111792633761,-9.166018799504307,-10.193262834960741,-10.242966121088502,-10.629367837428324,-9.410680656635986,-8.416815977959645,-8.307791247356867,-8.514357617817492,-7.727188600734775,-8.68722022477607,-10.410809718726549,-12.95543628125598,-12.710779188213573,-13.566263324837974,-11.635321838633667,-8.663635794694573,-9.188954863080053,-9.320825824540917,-8.14196420074838,-7.7102519563794445,-6.620413150725239,-6.84736677024902,-4.098040906710166,-3.0713829975142115,-0.22019880627915234,3.200409795908334,4.776250828845095,5.1902690882174785,6.028078520907168
-11.128340488014892,-5.710733272808623,-4.392029095786857,-1.7151298210687067,-5.11844233807237,-7.926432956420385,-9.391071521687852,-11.219369273135015,-10.251158000507376,-10.382986705603928,-9.073199396229095,-8.41583227891649,-9.087609361276474,-8.367416231027025,-7.439740723382846,-10.264914126244227,-13.610893537577956,-13.373145713527947,-13.882143185571808,-12.702124272536087,-8.3234473923319,-7.420036676259588,-9.002507871470838,-8.014803066930718,-7.683224544021582,-6.360996186705484,-5.059809946676849,-5.398682851423208,-2.4644055589607663,0.3985314255506069,2.846259718844745,3.1152738818053005,7.141422154453811,7.239097820659145
-7.7939758899042815,-8.233535173165027,-6.942391294751974,-6.564740472253505,-3.899944955015494,-6.1679265376658945,-8.344046873156758,-10.111425311585258,-10.056968598118312,-11.134670035344234,-9.727421641853137,-7.842653836838242,-10.363981772893675,-6.253819199294705,-7.485841395186938,-9.688665480362033,-11.475745283965317,-14.263035190417952,-13.855783850217836,-12.965787248584194,-9.075526402311912,-7.853874113910164,-7.964054985420848,-7.068943393203546,-8.049030780405102,-4.827820925191125,-2.8712796910780565,-2.14391427547187,1.652804692313391,5.788130262224233,7.607663389102224,8.226838277643157,7.153749299718199,6.732814587298645
-10.89615520927726,-10.021967547881964,-6.109420367017151,-8.280150809641402,-6.407191942735639,-5.36464787680947,-7.556500285126589,-9.051730872522926,-9.915769885159026,-10.619255851311816,-10.254180833456115,-8.119404377307356,-9.948489149774154,-8.997981784196698,-8.360821917441655,-11.174083303363556,-12.490256884377407,-14.731038904012465,-13.608495513561632,-11.988090687618232,-10.881967468672672,-7.337720588768826,-7.564552339202768,-7.872264741495296,-9.039845789440264,-4.007702917060854,-4.501838273397932,-3.6179226331529435,3.6957602173526203,6.723429556350012,7.170795495173475,7.153285274225071,6.684678700957887,5.659998088375257
-9.560630998969161,-8.85617389442335,-6.385159796093075,-3.799637227202803,-1.7447015147047105,-7.1120758743872345,-6.6837362498688035,-8.087296537014105,-9.613200968790048,-9.825950356929015,-10.686369079867834,-7.220851278720441,-9.29132946917284,-10.038660325621015,-7.009747683933598,-10.52558751420945,-13.905449559778432,-13.155960877396332,-12.630348102233157,-10.635990090322563,-10.9776459446504,-8.805692788345478,-6.30123746620676,-9.903584516986776,-7.8389715675078255,-3.8331785694478646,-4.791064674147559,7.077768647743575,6.625951103751397,5.886903922348627,7.025087913340638,7.6599682402381575,9.367856753127288,7.293298282754037
-12.607057116595161,-11.707416006174242,-6.422768138291882,-6.2150782106367455,-1.3741127267786304,-3.1517063443477844,-7.325120392515628,-8.055239111639809,-9.115937120699785,-9.363869331293342,-10.725130172793856,-6.9933212283844295,-8.33716005128921,-9.348139470595843,-7.166515485737182,-9.551933413352636,-13.840931086027716,-12.075364453680754,-10.433322759992272,-11.471537641084456,-10.664207743899356,-9.10884602929282,-7.67858142509682,-6.377690871965567,-6.403256297758038,-4.727893650138321,2.70148469110313,8.370870796378219,7.992000868288011,8.144841187337382,6.829396303945964,9.899815964237439,8.563200356362977,8.107280649878657
-7.682691443431278,-10.315061161804207,-3.5287773160692137,0.13007716575161485,-0.11573073525535447,-3.5187750311210904,-5.6734587699839105,-8.198466914121573,-9.111036679916788,-9.578236431160182,-11.076922435553472,-4.9159861073514834,-8.266713585258756,-9.41486677881837,-9.097197881798959,-8.776733509384975,-12.474546266505328,-12.649315510015882,-9.394891195982447,-10.756046945255271,-11.767838871151405,-9.902261515895647,-8.17400262177378,-5.818969519006567,-3.7247359542655514,-4.1063393378956095,5.629083364513492,9.355720099414041,9.687000224346034,9.636771519649734,6.969846171159808,10.13922176551275,8.968048665930594,8.065820323181205
-3.0639313024990895,-7.063759554017795,-8.155467278185657,-2.8701248745534764,0.9644866068124441,-4.150074462022393,-5.417695322854935,-8.279474887266458,-9.745335016286354,-10.03513393141717,-11.227259467531763,-3.0530541884206337,-7.144281990403438,-8.550360311214703,-9.110201834033296,-8.346789109546837,-9.461207812922046,-13.848772645243033,-9.52135245399588,-8.380720714022315,-11.412532817479477,-10.63814924341962,-9.269005778706736,-6.79018279039248,-4.301915944901982,-1.5354133079026746,6.994463557292998,8.140016533434173,10.438484381308905,12.056946864759103,10.387716495513471,8.161130840406146,7.279927825203463,7.515290265408123
-7.33756158359953,-8.56757261748469,-12.679831174907196,-2.696413986238754,-1.9199380005335316,-4.020220381081583,-4.940074133734207,-6.547981288407145,-9.268743157320621,-10.189465338012752,-10.747932761246881,-3.4667028457089097,-6.466844751758688,-7.0703655875632565,-8.041872983657106,-10.03536959956189,-10.07307167205311,-9.311598828539564,-10.967122648310678,-11.271335208766095,-8.960302492018108,-9.65949777961665,-8.363853022584895,-5.886864150720473,-3.0746011760819965,-2.690760604119383,9.256813492332133,8.225453788871095,12.775357428737856,9.932278737158814,7.897109896938602,7.525751969192317,7.726100630637748,9.781696283388179
-3.0021833103704685,-1.1313001501462117,-3.5417972943927216,-2.928785988594861,-2.4898886705747745,-4.63586455297672,-6.095256685790231,-6.6832641193722955,-8.971727682286222,-9.816865316641303,-10.995061940485227,-6.382444257260647,-4.067953460142843,-7.199002942809922,-6.4966053615674175,-9.486282159193129,-10.769596949947815,-10.717013339501737,-11.006901735462094,-11.624698809781416,-9.754271842270809,-6.341362885213582,-5.87607845849699,-4.381895109348931,-4.319350381782734,-0.4014532986120971,8.760988443955407,10.306519858564315,9.065111511656937,6.507992396824362,5.008684530467913,6.126668332077343,8.806602524712511,9.95861152964502
-3.048655120850716,-5.190241116503423,-6.573045520983528,-4.100199813265031,-6.648463633313134,-5.51656460307131,-4.880319054870331,-6.854779076016507,-8.989992683287783,-10.174941758470545,-10.54930729913868,-9.540753690341122,-2.260498188331939,-6.653590007416449,-6.326957826408169,-6.6665608718808365,-9.744632985163467,-9.46231874991615,-11.483249631785608,-9.572109205013065,-6.386358857529172,-6.004337675518823,-4.788819562249429,-2.9654286515037898,-2.592915627712331,8.503074103630313,8.452037108078901,7.4494148360815755,5.594190704006496,4.054540045145587,5.134133011740567,5.600118217826767,9.675668392887637,10.173514387537368
-7.188927077984653,-11.390402976547982,-7.7868935276012285,-9.724475583392396,-9.038130076882968,-7.808795968018502,-5.4416091530419255,-8.354196376363694,-8.132790037604979,-9.945165684994265,-10.379271201335856,-8.95737567310726,-1.1267710783898734,-6.712308673472296,-6.6723296008625885,-7.228745840613917,-5.9648789073454,-7.486806136067337,-9.865212075080331,-7.512762488001363,-5.412508565427486,-3.912854299644226,-2.8999626870303064,0.8744242499305236,4.064013100722149,7.8122598872967455,6.306685142713005,5.23530870299194,5.198469158998482,4.386354707891726,5.275072849207293,6.327642493887337,8.0695161057911,9.533702913009536
-8.46421932614097,-6.091776850741204,-6.927393792507929,-7.9820522835337115,-8.356617808960467,-4.310404310812498,-5.591178888308889,-5.599182173260631,-7.092949542686867,-8.704322017146755,-9.819689123616072,-8.903803190096784,-4.052365427323921,-3.8469555632989954,-6.182800739686705,-5.839289004675024,-4.993908473371877,-5.6000009801667145,-5.307428126710731,-5.493079936958887,-3.528353351796706,-2.493304611722016,1.4922260275182726,2.222294844079226,3.7397391562753843,5.050576324002894,5.609393072978869,6.439451466484548,4.74285712200241,4.067746179405881,5.553428499008922,5.624004650626111,7.269741152404676,7.077920783431031
-1.5505422816555772,-6.573487368508693,-5.145758671090404,-7.864236671170515,-4.93471673159381,-4.2568197666916285,-3.3792107648526244,-4.8453890012263,-7.410489514463563,-7.9939493103689525,-8.463360910618466,-8.28857212360863,-4.81147480195775,-2.9525017042691593,-3.455811760111969,-4.944290587696377,-4.832654794864376,-4.7151851359450925,-4.616820045948912,-2.3420077663139547,-4.416042617564153,0.025008338164435862,0.251798130469444,1.428762316110883,1.2452710636892923,4.60466955331634,6.252746912797463,4.933923302041387,5.064309618596489,4.653300219281265,6.253155541875678,6.536872047147777,7.052936471153292,6.3524755822331205
-8.650463746847,-9.20181450854924,-9.09356106414111,-6.043665016878483,-4.893759990230026,-8.186386159297093,-5.118452452019625,-5.068615242180836,-2.1383361591140155,-5.809663399913502,-9.064003702244866,-3.806048550974895,-3.2225534054342417,0.456966050764506,-2.909517431119375,-4.46718492652095,-4.867073547023771,-3.929070572449138,-3.320605735465559,-2.3263657659157624,-2.214683382092079,-0.7177350124910958,-0.35101383570456296,1.8935722929649035,2.11056459709898,5.8325917438979715,4.815272501151979,4.9263184236047,5.060838699071599,5.241430140653031,5.790736562251594,6.366928551315534,7.0780644133763015,5.747504860169057
