script/wind50m.json
{"header": {"parameterCategory": 2, "parameterNumber": 3, "lo1": 3.000054539987559, "la1": 64.9999836372058, "dx": 0.5, "dy": 0.25, "nx": 34, "ny": 52, "refTime": "2026-01-05T17:00:00.000Z"}, "data":
[rows 0 to 24 of 52, columns 0 to 33 of 34]
1.660676466428666,0.20798903287000048,-3.020353700127202,2.2896144307616035,3.2555476333977906,2.572152939867198,2.617913183301504,2.379021423363641,2.1015488740548833,2.006661321416259,2.2670224478829635,2.772703158069668,3.589358907419505,3.2584986655729304,3.8548505438080305,4.768305806461798,7.629824497961817,4.256657759923873,3.550583723164624,8.065298581489376,0.3753182713903403,0.21368642486654033,-1.7077602359312658,0.6294778101707904,-2.1778688795884644,1.1090523241218646,-1.7423536857735926,-2.800456410672717,-1.1440375314844193,-1.268758737449287,-2.4304543679961546,-1.9377368335113532,0.5528397569956207,-0.9438319892478534
3.0296883461368873,2.8454328165009293,1.8030442231173416,2.6607648173839396,2.2414601292539555,1.803438852130854,1.669193756554823,1.6735448681300815,1.683343134499424,1.75455197935654,2.0621736749441024,3.349590318066437,3.3183620642914136,3.5949271116203487,3.6581317073829007,4.710576362804939,6.829498866770187,2.6433472803292326,4.570693011941064,3.551586158069206,0.912180336011623,-0.3485840028702372,0.9079098447950488,-2.8302946119088506,0.8452306712410673,-1.8509620331242136,0.5439926887513411,1.3294906613084476,0.8468818628523398,-2.7708545396221482,-2.3197633743152886,-1.8131894334775909,-0.27061030030745253,-1.5379175077605853
-2.511953360854654,1.1639163011138451,2.038190657912542,2.085332371764135,1.3971149754007612,1.1623627626287942,1.0835314713567339,1.7544848050702615,1.470843651246724,3.543047521372512,2.397011423444982,3.5716741745183747,3.143158652086591,3.1510683509101787,3.014470085399851,4.416828341189852,3.6099252323174866,4.2769371117735,-1.802434247105003,1.893683125069249,1.0849553149847213,0.603090374284081,-1.0413683836075471,-3.8905095537585592,-3.15616683658013,0.02242712635538518,0.4457763304190097,-0.8226047165290835,0.5798841695760018,-1.3152506925545764,-3.463799019655148,-1.3598430298458801,-1.806343893959098,-1.8322258983429414
-1.095260920562285,-0.4861335093540526,0.966216182723664,1.6387405424814088,1.0134733742665982,0.5156984364582103,1.5235615143698402,1.6212762815105939,1.193658152909996,3.724491141703019,2.6806070294840154,2.6485212360534653,2.7131999501988733,3.780098558413742,2.863912586835541,6.931317904342502,1.1030096325940273,7.167985725730377,3.7729567944900144,0.515201487028595,2.699994599206225,0.7406338952766629,-3.2663526113697166,1.1806911282399999,0.2616512874993092,-0.676353248216457,-1.2258489128781223,1.1198970825741645,1.3804898240897643,1.6884678796668744,-1.2745385312651454,-1.3225272143157458,-2.396573468068786,-3.972014346577258
-1.4105791637706073,-1.3934830369667137,-0.6110991294418447,0.8071177985778426,1.100290596082164,0.6713199868328106,2.1840249949020656,2.9360163032819093,2.5824752943482085,2.621747848763249,2.7928608806297817,1.1658475511736508,2.086982386171218,3.8750745720651247,3.154496844655897,6.620684882100694,4.544547226685853,-1.6099893702817027,-1.1805274973728879,2.5786946230961867,1.8869614618754125,0.28502398543973706,0.606542015920611,-1.9422264691858513,0.4267767853681765,0.12143643694615995,0.05924466838040544,0.799371295384156,-0.09658879553318336,0.6691418370934802,-0.8160470284127405,-1.9815275456247805,-2.062152100712979,-3.198412187704052
-3.5178486913897458,-2.932345514678985,-1.7725354789847436,0.7900774408395663,0.04162852630618557,-0.12360560772185987,3.309780659705331,4.064536345902249,2.7251280532709363,3.7198795895546386,2.409200300720889,2.224374327597734,1.8609811216391492,4.919010242199828,-0.34579379494875495,1.619583036990929,2.1974050767223394,0.4406077053754575,4.078043626430732,1.8150758553880713,1.070296324540275,-0.8269454752756408,-1.4374625865072737,-0.4028012025496861,1.1393328878351026,0.8257414019197808,1.2636177304611924,-0.21537089357238565,-0.3003841307121304,-2.2375185399128554,-2.1941855370152843,-1.8723186095461894,-2.2940423012326754,-2.4534689526533153
-3.740708525778586,-3.148756800754111,-2.5497887357977187,-6.26288848128566,6.835261167970049,-0.44320689996477824,6.215311088503826,4.956048590617316,4.031482436618719,3.829488600512476,4.6683351583872525,4.1567156479836065,2.0412165231352466,1.7367306249705172,3.9789644403842357,2.275674942603019,1.7832179033502602,5.804454693944817,7.138995642454473,2.9657202638221793,1.7203167256364513,-1.0323335019716884,-1.1610348199719183,-0.8760902464012582,-0.8115231864571635,1.9429570577429804,1.5929351735094415,-0.7225998954360368,-0.020324538418702617,-1.4623189832054002,-2.753309502880255,-1.0765020094675604,-1.6627943681046533,-3.6678627249541806
1.4770955956806993,-1.2061599103654206,4.578472010999252,5.676068625490789,6.2605836425403085,4.50715516695403,4.92271043985332,4.574072556772268,4.453662171470731,4.11821519641438,5.889398042408181,2.948602782020265,2.3807631629589037,1.6536570009029408,2.6477153916123677,7.349628363131161,-0.31907237997584686,5.847650625888313,9.490095868345195,-1.4568354005359727,-0.4531533994651335,2.178359872802273,1.3170657183723065,0.7599591393907053,0.0506218773270926,0.6641073596478917,-1.049786411464784,0.5736324833000885,0.7879267266290101,-1.4495966059905887,0.10999420733447221,-2.5668626694692507,-0.5530472876414271,-1.5963640056997952
-1.8445983908873849,3.550372166232617,4.494938271651229,4.885993294829878,4.283677265604087,3.469712057736771,3.1409404985619918,3.2280190109022944,5.099965383339303,3.717382178919909,4.062886389260467,-0.401832173864547,0.48556102858381806,0.8662293459209419,9.128260070942837,1.946906961403994,6.418299408886652,11.924575605085929,3.79237793926054,1.8086801067059581,6.118653352259088,5.3705002287956205,-0.04863225528965307,3.1831273394940736,3.1448887618733576,2.8925600982337847,1.314009282566107,0.08761346591492288,0.5502653854677367,-1.55287467924523,-4.012883146641119,-2.804160768639054,-3.1768647550568607,-3.316535873547369
2.0613188368311284,4.812362957020169,5.3740961835475725,4.696111083587702,2.6783340747446593,2.4436908214675745,3.1162585097785995,2.7354937469889973,2.6236477473787403,-1.8056729886300182,0.1619548531623027,5.919067060548873,3.8689794783826863,6.593379721451412,7.190871046227092,10.555687637648257,-1.3038135704733096,3.508315712388655,0.7091576016728753,-0.5278879934474261,3.62946562610041,1.4963784121443244,0.2945087868773076,4.9253447618467,2.383721909685668,1.9866194046917511,3.804318732639065,0.5278278630424272,0.40741242678073775,-1.9400632079053097,-1.3078112502801793,-2.2976764958953892,-2.721653785380386,-2.5878278468448905
4.323351208178972,5.155308210031456,4.631336029826739,4.1044202109185495,2.4088235602760446,2.9325601531761105,2.163107645791361,-0.7049748826392179,4.033768066924962,1.1736462331337927,7.41789321941082,7.54232743126673,1.464986545737599,4.591575656939591,8.273278623707059,4.302652793245596,3.64258264409018,2.722431102303698,0.9009538637811961,0.3872338381208532,0.019604998629938458,-0.43007010649553656,-0.04560807813353253,0.8771169352498464,1.6064336889802502,1.8177467290093823,-2.0093042266808365,-0.6019896983183852,0.3417553581837369,0.724942949046336,0.23747160885522753,-0.5353350576714522,-1.0989724469977744,-1.5787527951004647
3.407518493747828,3.6728904387828982,4.187725318848649,4.139300541322591,3.8522548588898156,1.7182679208209781,3.5733304201289573,1.8271765776018962,1.161596816754374,5.03823876777942,0.10307438741186761,3.3516281541128534,1.9078637443075903,-0.6083361455877107,4.670669827762198,5.208441993014928,4.760655625117307,3.6907769045031222,2.936479627758367,0.8031667899366933,2.3286420567438486,-0.5918171108980985,1.1841056818562898,2.641180686776452,3.7297453106544514,0.6159490194542481,0.9607097875118032,0.7695700963691507,-0.5795454100459426,-0.033227698984685625,-0.2751413150062033,0.6210618427172078,0.46363894043190645,1.0366877344219834
2.6889502635858817,2.441484965913343,3.8921261644993272,4.678719372674621,3.100094356456196,2.6554291091232725,0.6833524743337166,-0.7717907639136085,3.0455288612305647,2.0754112992832585,-0.188071281612439,4.24351328225264,4.089786245553853,5.885728025292791,2.5557256814397955,6.643082759856003,2.9941734444024077,-0.19674695843318776,0.3914861973979162,0.6760276043921198,1.124230408256929,0.637943064422107,0.9301359775420526,0.5771975407926784,0.8488385400581143,-0.9098160108950843,1.5366711904902652,-0.5420715125662072,-0.1512095449777464,0.7986137799904989,0.35583304488690354,0.43552416332839644,0.7372077043944155,0.4672260027461417
2.0837167954358224,2.190036235817204,3.037061918517107,4.559132179950378,3.493837942291127,1.5998056587589096,3.0235154158175974,-0.15384224706192842,6.388043542449696,3.8546731629421394,2.7029464120414906,1.146748481852377,2.0431386981927036,1.2529758885851652,1.391215563674563,-0.7039076723638497,2.754907012476344,-0.3170669140357474,2.0902493956667794,0.2596618199517104,-0.2888810635364918,0.17278940875416576,0.8678283200614708,1.2923926094282019,-1.070897057146703,-0.17970508778205424,0.07893869269163356,2.1030654564759326,-1.1987007936705656,1.286151447846842,0.7183972421029511,1.555154107240812,1.3850080843903958,1.2452899242033946
1.518456309939352,1.310573946797311,1.8553912669948422,2.4586406063306008,0.04385384205749894,0.6185131427297765,-0.01972491035727529,7.698462804133889,0.0007428738606477357,-1.8341488193123554,-2.0019066679301947,-0.29361070408500184,2.2355134628097155,4.058729416902325,2.0898510736848963,2.285306205831857,-1.1661790266304854,0.2670513361986968,-0.4394010817959142,-0.46583572851383004,-1.2968701932086752,-0.4330788717029105,0.7445772135704406,0.7972038603382483,-0.7248999049819358,-1.0641531469345735,-1.5157036001524775,-0.029208901719694584,0.5241623218111366,-0.43181352744272644,0.1987101152475929,0.8029567484173029,0.6266311161303512,0.3940992786289404
1.3789824819130923,1.1795358811165415,0.7953745578351209,1.0298674417102984,-0.6800418175907299,-0.6718875768486424,-1.9553285970129268,1.7633194208224587,-2.467471254607533,-5.033584033213855,0.7829656256776815,1.55521405859255,0.10758461235951858,0.6590781065067074,-0.6168542648998822,0.4518035828925898,0.08098525389611631,-0.9144035603232639,-0.6675022409467035,-0.9231024836181951,1.7586716553727,-0.7268207919227595,-0.4369832314870568,-0.19913170682330913,1.2264588581946596,0.16859267311626516,0.5646390717572938,-1.4236266784892346,-0.8810439845621953,-0.7254687664473339,0.5748966058085773,1.1244031057680044,1.0162178998029516,0.9379952033325996
0.34749369791743534,0.4249070914882864,0.6956444448898651,-0.47541965363797517,-0.7058387143782778,1.7404112787559465,1.3640103896114248,0.6520593318600202,-2.62039502649492,5.214726700418444,4.561004549911625,-0.26728541290549057,-0.9769636705168068,-2.6526801575304235,-2.1011638598739255,-0.6087670483598253,-2.0585440204594443,-1.867697171177829,-2.0602270022722693,-1.7363645486071575,0.4606071904278175,-1.057933140289462,0.23011643641940227,-0.33814305315085297,0.28264903662425983,0.6235959220211756,1.4786225990026542,-0.27887593182249215,-0.777949332434044,0.6320671071653428,0.6997174459612021,0.7819992687845467,0.8374798991815404,1.1122073843738969
1.9046097968305378,0.9912996590218023,0.6759369214141471,0.5887383132871084,-0.8581561195871872,-0.6151692708234987,0.3697291720505838,-1.430550669900089,3.666325777913373,4.671181340472696,-1.692609737069285,-2.9386324957054053,-3.120149453887615,-2.6676661190079938,-1.49212343521408,-1.181089531666815,-1.7980171056567948,-1.8755255876035426,-1.54026188160864,-0.46202743822136644,-0.18689265940050304,0.1904721555001991,-1.1157483252747826,-1.252223681971868,-0.40970610483484904,-0.9374192549190993,-0.6195859891670134,-0.86892815379383,0.39959247846636553,-0.35201712115001055,1.5434328515671103,1.8475287130857063,1.6762882986544063,1.7046958115117932
1.9264122010414941,1.360889114482892,1.1476920216610031,0.4868901786147165,-0.5139353703917726,0.026398759822437844,-2.5700387842674712,-1.1652080091835726,-1.671430141848571,-1.4452124048739103,-1.595821342435612,-1.2976261029769585,-1.5567253735783544,-1.5925497615265773,-1.26297551217962,-2.868786825069278,-1.0918595743593398,-1.1372834312425284,-3.4759306489504467,-1.1334905477880601,-1.6459250386342512,-1.5355384013625772,-0.9773397127713891,-0.8507748041693943,-0.6843100420215487,-2.810286780927612,-0.38026659945479646,-2.288576395008418,-2.867895286324968,-3.3392741846193994,-2.7525513102186214,-0.8574782056391692,1.762147577900954,3.246131605953955
1.5899661132339094,1.97441902947755,1.5521611486167213,0.9354357872531631,0.21889328502983504,0.21045126892362195,-4.670335111808972,-0.14363955986123472,5.737828612325854,0.4831466667837102,-0.3929498999500771,0.4169170298670198,-1.5824843278569822,-4.065681013524859,-1.759085116125821,-1.2502388797158692,-1.1234975039052664,-1.4832501588263307,-2.736227937193073,-0.820907486401543,-2.9458137427041664,-1.363849220217874,-1.684787239977415,-0.4253167793602163,-0.39642167700686703,-2.269297874984306,-2.065138584958818,-3.18248058070276,-2.6846353147521023,-4.335054754799561,-5.156190218119871,-5.230327998541434,-0.16317861055585994,-0.2992226256200134
-0.7249537002849752,1.3134348675155165,2.494337323970401,2.2337966361029116,-0.43012005451620183,0.5735089151307052,1.074177888470928,0.1913537523220026,3.5893615085597776,2.2276095192025163,-0.7565790928208107,-1.1574136454077855,-1.330485324932806,-1.922402526121077,-1.121583071388003,-1.9149222772870473,-3.0468673039620047,-0.9323209420048031,-1.5527044420268645,-1.3709847783230589,-1.8215315778542682,-1.9168763710337786,-0.9089676873585437,-0.9497793593782747,-1.2121809280801978,-1.3928437422732536,-1.8955541478842732,-2.588907463053228,-2.277904440380818,-3.5309166914086103,-4.615874100613442,-5.679807308006159,-0.41862283915143467,-1.428711841692771
-3.5537379472546826,0.16723027070282923,2.5739507744351138,2.105178283960521,0.1480893221815618,-0.14499152859071535,-2.144736955405677,-1.7427389646982272,0.03756558710398024,-1.0624188509692891,-2.9647471670553234,-0.4510930183491341,-1.5852728993852134,-3.0394319659624234,1.7206268254257948,-3.5708269472421086,-2.177389381182152,-1.7783216249315865,-1.57057240710426,-1.5698560126116392,-1.7536508050283437,0.10043141430234005,-0.9618600809901127,-0.5649922756735904,-0.6995263081666051,-3.011113122868434,-2.36783311873863,-3.393174941517312,-4.032989082401132,-4.600828763762544,-4.321695229473179,-4.074680305284338,1.0278531074977797,1.9030114243948053
-2.5035227220338685,-3.2057997076766895,-1.545824970626349,1.327093863255136,0.3943781000839289,1.0664116880466101,0.63968108558037,-3.8146213383302814,-0.22136850755683254,0.4656805777694197,0.32744414776255054,-1.5438273528288768,-5.035675617044044,-2.749984785517824,-3.3243822777615697,-4.0195430623756,-2.841367317938997,-1.5425493138673663,-1.2568626300867534,-1.6331220004683584,-1.558146425864479,-0.5988744982499623,-0.6670189104879516,-1.2725691530353962,-0.9506968974222902,-2.4580874930564525,-2.890798559737803,-3.5617668115436674,-2.766828075085247,-3.687074987617223,-3.4070361165671637,2.3069049586097643,4.653361522196194,5.092404311510387
-6.888402097062597,-6.606374830445044,-1.676058968893563,0.9666714921478107,5.626294245546563,1.8128237589431084,-2.4806462567671623,4.388732568190903,1.6228340527954492,-0.46659848736460574,-0.4152918798948799,-0.28526419027255195,-2.5902625619403787,-3.260050510448939,-4.0494789255590335,-5.259802133446899,-3.255598672664045,-1.922804459168339,-1.4348374447830368,-1.685578093150894,-2.023267390863159,-1.6467089209091594,-0.544256975979897,-0.5046912714875913,-3.3669309918259325,-1.9279635980692136,-3.2591955181495584,-2.093266273091098,-1.9539915965933918,-2.381460980189006,1.9915501734019654,2.1933806500891975,4.081676854748392,4.12558978011264
1.5517339679642603,0.5607089624571604,-0.16220598352907828,0.6923450361662378,6.211199586105217,0.25541113621039796,-0.966542892506787,7.200276952319191,2.6882352841337727,-0.14856850372527594,-0.12385233917813818,-0.8862022239955247,-3.2328835839244845,-3.460808566171626,-4.700439411858897,-5.828187818942766,-3.9974228052677003,-2.2153509383024033,-2.4472889139434537,-2.4816040126286367,-2.1890736946571714,-0.824419774578409,-0.5757267907164567,-1.5859157894398483,-2.3174163174540503,-1.9084238831941176,-1.9372589080322022,-3.121472746133925,-2.7927103255316315,-3.9428105447898742,1.7100905007791873,3.699747706975221,3.8027680184458568,4.874335059632892
