script/wind10m.json
{"header": {"parameterCategory": 2, "parameterNumber": 3, "lo1": 3.000054539987559, "la1": 64.9999836372058, "dx": 0.5, "dy": 0.25, "nx": 34, "ny": 52, "refTime": "2026-02-22T22:00:00.000Z"}, "data":
[rows 0 to 24 of 52, columns 0 to 33 of 34]
1.4323711994149069,1.3380338015913162,1.3605799059665187,1.3197361426359302,1.4682357914193331,1.4860471961322177,1.279038147965305,1.3023852224017651,1.7818464285294333,2.0739289043209554,1.9685697014554855,2.4873545889752644,3.3989966160033322,4.338957223659412,3.6710412232336087,3.436431103946702,2.602602978635746,3.019551231357238,2.2454409397447312,6.16446455801409,1.7261088970934921,0.37570836859709866,0.8643749699079225,0.614525516245275,2.2169776344871805,-0.5073645579655888,-0.8279885018827917,-1.3406115939271734,0.8943776831446344,-0.7608078171395546,-1.3054331944206798,0.08465006920519719,0.13266267364474696,-0.14861918769816895
1.151630398596915,0.8362867237598731,0.7375830485787039,0.8457067363646713,1.1856832971568108,1.5237176603961378,1.4781955100709734,1.2149030298175716,1.361225096590384,1.3492194510254787,1.6314484091335262,2.2373986405255453,3.1417747615279983,4.177395127803165,4.7864027505429405,3.7171822725804784,3.7322407378964506,1.3976313346573992,5.135950430571377,1.2182616723928945,2.6555053217388855,1.2632227117415438,-1.9987981343735304,1.6919219894763184,-0.24577129380871443,-0.30394730015879523,0.7754333485901386,-0.07232825962896773,-1.9019664642096556,-0.6640741772709254,-1.1065682813926452,-0.7604446120026161,-0.2744240291698064,0.783983381211748
0.9486733671909853,0.8462085501789725,0.6144963879152779,0.3272295776446253,0.28337959280576075,0.48106638814094355,0.3709258040183778,0.8840299796488803,1.067362019990041,1.3516590099198023,1.973019005922361,2.4961680152663717,3.13890275825531,2.941500120822517,3.8833918931426155,0.8043743575659175,0.7588620779103405,2.0209142874960904,-3.832795765720693,1.1157743826844495,-1.5373446566577096,-0.7515376708135271,0.26344235133855337,2.2990803314992183,-0.05098212982037261,-0.2495493002187295,-0.029584921571715373,0.41013854459155163,-0.3505986083049317,-2.4626026676717307,0.6049089769376302,1.3772130938630354,-0.14066025912265914,0.8788578178511236
1.1752837582853755,0.9003653118806563,0.693985396001826,0.6347981420434338,0.2720230116102118,-0.26893530616912775,-0.6457493040237606,-0.48957802769244163,-0.20899878388289944,0.3045624111280933,1.504959510452894,2.5962700276501485,3.394166783893312,2.075584598723264,1.4913518949543578,5.529020435315184,0.5808634370802322,1.4794645454059547,2.2572956886017557,0.8000590469907706,6.456856498503357,3.126763750119569,3.1865258714298665,-0.49076804091310733,0.39350077420009566,-1.320208589280838,0.6669752029686323,-0.5283854289176473,-0.9263954459819328,-0.6757646009741288,-0.15255696739584418,0.17350285874284727,-0.6405305448521986,-2.6241300485904304
1.4307702732759329,1.3708896513312638,0.8320701106755846,0.4180351841138824,-0.2152891341410128,-0.23856539795714202,-0.3821751276489535,-0.35401908826189354,-0.4598646580087021,-0.05481760998188818,0.44790313848660196,1.8305781049652854,2.8781172361859344,3.304667873908169,1.9904438221264114,2.210882185722757,2.2375875009182846,2.1707074107725366,3.198250440770188,4.913444800986104,8.377141157735668,3.5319894073739353,0.7183606634270525,0.5508622317602729,-0.5650358417205478,-0.10559875553810873,-0.827482629962395,-0.4726324742787539,-0.4840807461900529,0.6861209343728841,-0.5363237289487467,-2.2616544074799423,-1.0814060461779167,-2.0782217888658736
1.108054462950828,0.9913669585780471,0.5762852785284627,0.10153183470488779,-0.4595715749122858,-0.746043799001879,-0.8541066171061111,-0.9462625804073892,-0.7821532277101965,-0.1215412197140764,0.9078545732923934,1.523255030205986,2.7087198886350468,3.887365228861205,0.435410756372927,0.36538415764706716,1.2491019197524238,2.825933022035624,5.075297008561464,3.7505690729420196,1.1685975914081714,1.7022096638551725,1.7281147267681918,0.2354466438366337,-0.4477022066933175,-0.33249406512615864,1.491727901430911,1.5314871830803825,-1.230538946415033,-2.0554980257008286,-0.8540899678650654,-0.8975805893590691,0.3462173027695556,-0.8331819491229143
1.434378202535295,0.7613681076644666,0.4295765750760042,0.3910789052969056,-0.28025292975638516,-0.30721087767760685,-0.5355102195534924,-0.5139204185326165,-0.07208288961746846,0.5092466217288883,2.564806942267602,2.1558164818653416,-0.27575829914821487,1.0367727235811095,2.547777868034327,2.9511495007925506,1.2739662423851283,5.319908454267692,5.718778786917388,3.2560706437310767,1.1251080533424245,0.5480095180729324,1.418459179187336,1.0485533279376145,1.3925206252437352,0.7094914768089943,1.481582224861656,0.5981739142415333,-0.5457915301547941,0.27820834698873204,0.16858486292604177,0.9902758317055917,-0.8583289729033488,-1.5425672090938716
1.9977714941858302,1.87613277002824,1.7149561611778072,0.6078568474968685,-0.39271230368226134,-0.7143169668577619,-0.6486854312881106,-0.6196260972975838,-0.5559759800093145,2.0960056644132865,-0.4963755809679302,0.46892757672013663,-0.2691518104002958,-1.6212192014453883,0.04694969993352163,4.729688609712562,1.8513197000984765,7.525217376106405,7.604232896817757,0.9370594972597303,2.1497797943031407,1.6765817366004863,1.2414979893326967,1.560222357891111,0.6142962242620965,0.5451248313270847,-0.2333535824859678,1.9266107431168362,-0.029467357527698003,0.07873880963132715,-0.7116875025802065,0.2327798438134746,-0.8086855605445542,-1.4677204037284317
2.8045073014521487,3.136424822799066,3.1956861204053117,3.6135475375725776,2.3550790034066007,1.413392438727309,1.0082756569530384,1.28856353105342,-0.4826059277977571,0.6557997487123088,1.5671907123518851,0.12445832795616754,1.349675584117062,1.4842889605253988,7.242238543567425,0.08064020343181341,8.627671633101277,14.428677751576052,6.591704627059248,7.57189826576058,10.501930719634627,5.8069463377035975,2.7848465937459626,1.2674078520066503,1.5877821091766806,0.8932271286184179,1.4007129714722417,0.3156871896132421,0.6882183075188665,0.2467598972526641,-1.2019080403236613,-0.6701318837940201,-1.8443489816834373,-1.7776742066531517
2.199970768231747,2.4048246865749205,2.430339645561163,2.177359588034757,2.1569789898614937,2.0980094966184195,2.0542976294936723,1.0497770423032067,1.3642717085498965,-1.227955087976317,-2.355352577992372,4.1601522931825174,4.6435873428132854,4.790664833594388,5.773603809663895,12.554718350953396,4.367401574339987,6.916119326655548,4.9345828353451395,3.728249779619524,5.6492382012555575,3.151205199444044,0.9222077359633428,2.316823353863456,1.3676899277617838,1.4102304373608583,2.1944624410997693,0.6481628905254626,-0.48420719464089157,-0.9840206868744442,-0.09767113929432146,-1.7323557305267112,-1.6083959936215217,-1.5340136779926927
3.114837842956591,3.078245144096535,2.194925549311808,1.7494952454951114,1.0391080154929526,0.20293265282896994,0.4528927142384164,-0.290630322816282,2.1986967184877453,0.005759869361398587,8.35487072106108,7.622841905741921,2.069857488028227,2.62570321195787,6.840964290287286,4.9142071747858616,4.007679311085934,2.834107886094802,5.158884277512016,2.4584731821545787,2.665446331138328,1.3440301499329943,3.588088109117482,0.007193362187535284,1.6476641214554952,-0.2609903048444764,-0.8874198464775853,0.8489548719197898,-0.22730546233326754,-0.7875326175499715,-1.7995822418703842,-0.6408424797169956,-1.2112550728809417,-0.8588293562807463
2.843410470774675,2.3773892754914447,3.563489705642224,2.080597062331887,0.5466588559941432,-0.23157930598722568,1.4974107570136173,1.0251919100340743,-0.3961690229739299,6.083920004922985,-1.608122204498803,-0.09647371396133364,5.491044263964885,-0.8197552633508957,4.653344602152731,1.9278464670597373,6.877810769143377,9.730694255547006,8.841824139989196,5.172045965489302,3.869208292367375,1.2747630989012748,1.1134308777014574,2.1156740385717283,0.8067991360724004,0.7254010671610294,1.3947691112566702,-0.7273351082636705,-0.3158650895473702,0.46349614114893817,2.42872078806539,0.6275337858437428,0.12156534854311954,-1.078527401335288
1.6940108461661563,2.4958840812834064,8.043617690082161,7.658093164521606,1.2161692058121294,0.920582705802915,1.9414631525860762,-1.3431193000085173,4.380578399585141,1.262346380670112,-1.9811339504904586,4.509939123624171,6.452499678868521,11.182290986698549,8.325379850768414,12.749076108403475,5.720576303537343,2.7365578934582633,2.108857272459591,1.9676021022235692,3.026521973692194,2.4292804484715234,1.7640576157964474,1.4313360461607256,1.4197435730937018,1.0152756311261633,0.3357179698309514,0.9855022088482044,0.047016415291184874,2.130640016577772,3.431000195126391,2.8569401853787664,1.9733365125099498,0.8276425643216376
3.8275160142209015,5.620014980658769,7.237573610806198,9.530456794145012,3.007931416921217,7.157830483230463,5.049914743036185,-0.8893587809726053,9.346731786645396,6.8284141298520815,6.444366510034776,2.6562363467071224,1.3122298831281825,0.7586235433007847,4.702749813509291,0.49291176368615164,5.566899621222978,1.209404477268999,5.15885585220077,2.058712483909223,0.8665370173549959,4.1091998448081375,1.8774648689811106,2.2992592915376204,1.442598211815756,1.980526327768451,0.892893032763424,0.6917705089664345,-0.1528114534024005,1.7085781914565366,3.449797456366227,3.229061543978528,2.252011539340008,1.2293266307376591
2.952091802659535,4.130790334753376,6.123113373008083,9.588252567776662,-1.0549345605887332,1.6466521623684292,-0.9761275722141232,11.876957250451028,0.6546073321930556,-1.4556014239042083,-0.9043808217352708,-2.253347025956122,3.89220935240593,3.3128033267080124,2.9442312728692728,4.574443474860805,3.198469535231395,1.8569502920889565,1.738373294028083,1.8494594707927436,1.4923842267052851,1.1704517430159969,1.3723227449878657,1.6706817147220627,1.1438128341191105,1.0098357359454708,-0.3214310462984894,1.5313204702698358,0.9539120855280888,3.930974634912602,4.095023491998006,3.2459844428251543,2.3292066555607027,1.8896017403261283
3.8798553462754906,4.827296529236025,7.2353234443382615,7.510501766022513,0.9740181225494683,-0.6504837294484895,0.7653828780949234,1.3286008607029791,-0.998535574935905,-3.252269697228517,1.2087024469710457,1.265506156826499,0.06910612868195647,2.7689277637092404,0.4217130372018845,3.278672995753387,4.8918087976545745,0.505722273078522,0.8782042128653628,0.7863273009302341,3.574340970982895,1.2723284470431482,-0.2936296661707993,0.6695222590936596,0.8587274286084133,0.5043583188449834,2.2722396413129684,0.4808702696836146,1.1799884780016818,3.5215318537706457,3.3054306167943865,3.7687490513221555,3.1024459617283733,2.160745182949978
4.0747049272949605,3.555579150179299,4.305796544357958,3.6295194172680305,2.7298689102436593,4.926815819906494,4.515983360747517,6.133935182385709,-1.749423246811434,6.53221519573707,3.589429765655895,2.653694200723024,0.320793045666355,0.569994861048736,-0.2676121843249406,0.4399141121584838,1.061043962426168,-0.2928509519270072,0.19954885646923598,-1.2784587008299633,0.5936763290622482,0.2566158669272685,0.5907028000513448,0.490448273615681,0.7575786433337687,0.768873827549237,1.8584665893924848,0.5597067509471851,1.2862622285444023,3.8939855882245453,3.328737461738319,3.3558230959578577,3.04039236427738,2.2685232288879287
5.23699667932152,4.164638449790112,3.7176156577339676,2.142613349480526,2.279911839104102,-0.6068838011984299,5.17820858757022,1.7959782174470664,6.525692716396305,5.410485876168707,1.4287003581911206,-1.0130857137217435,2.747971639860448,0.5770515549920141,1.8784006032095903,-0.1539929836936633,-0.8597915159755626,-0.1376844536088815,1.1069707723935325,0.7374587590721468,0.7440180789796299,0.230567408100793,0.2730515099935158,1.5312547181250642,0.9583809668415216,-0.35027813937908014,-0.27656114589351033,-0.10376086688356749,0.9948364772441431,3.3453839556320526,2.974040745795905,2.3034409356330015,1.7932200497898283,1.2375254244802083
3.6066375245471085,4.762199864403031,4.826102113757336,5.346115143286436,6.08698886589614,2.2110800226348584,7.205868429110403,1.6719519101647762,0.37026767882874234,1.459989584772785,0.7155872506587833,0.45209916999655986,1.1392585769411718,2.9890336283283365,-0.0059960046203558345,-0.4393347125679839,-0.6487248122915132,-0.3644672878430017,-1.0382576139224793,-1.067360387282675,-0.8313494880950075,0.23104975654348,-0.4392531141691804,-0.029745275499104617,-0.21258789216194587,-0.8507337877895184,0.9648096188576201,-0.14704426317057864,0.9199034939225076,0.9899188479537806,1.3052866035241273,1.3508129023745872,1.1993100195738606,1.3719499001755622
5.285956203043278,5.251884082104237,5.185069090325587,4.911330842626388,2.3390992676993476,2.4073913344091076,-1.4780618249766166,3.9329406937685785,7.941787377794377,5.610396127426592,8.095484710065456,6.295911513900778,1.0695318186781673,5.269017188255106,-0.5012346894033699,1.858708153812293,-1.0925563887397862,-0.714278973947032,-0.9516552570731588,0.7164709445005762,-1.032228116194121,-0.07512732292189604,1.559997869433558,1.2635575594804116,-0.2029957707381215,-0.6553740806679431,-0.6990796604257211,-0.5516800222352494,1.2348674780786673,1.2688189617838568,1.0316539682839525,1.047200206022039,0.2689460546512605,0.3110045132293058
4.557756169475079,6.055730051150759,5.301921865689832,5.244702787042249,8.48136048447653,2.6994474649729376,3.0630150087755004,3.5581470396941657,3.564329048554072,8.675242392700099,7.280956715670834,1.15904116807702,1.3190553499649234,-0.038502002684835564,0.4240773964403464,-1.0205773175061963,-2.1033611140879,0.661492747179792,-1.1029137167412857,-0.422838061853797,-1.0357278293290495,-1.4424213173670175,-0.3813382951463877,0.5390356079174534,1.6448598898152047,1.7886853888886167,-0.5134563581665684,0.4577309827034263,1.1117933877400974,1.2483923031075468,0.8423716656577199,1.5475961690250606,1.3252629892522796,0.8201782228167159
4.681084669460634,4.953029867988283,6.491495157773936,6.233291277052966,7.630494750398662,8.01716369990311,0.10663381218269524,-0.7889309968306288,0.3338552715558912,-0.27635992207820986,3.6266085607936436,3.1126909759308665,0.7956909589215331,0.6298304814984521,0.03172263362723552,-2.2705877138930606,-0.8047604738226779,0.35995159117192693,-0.2029422408893929,-0.8351785960836845,-0.3753616913844563,1.3118861809468967,-0.6162054965853583,0.904247583056824,0.4833054516365096,-0.3547092490286428,0.8409579397512804,0.6625099097280011,0.1251699910820505,-0.27925802935736305,-0.48401102137717766,-0.3786433407433542,0.9036470293750437,1.5149194101878596
4.67291850946833,5.231527755601724,5.1462590262761,6.084262446190059,6.46547921582701,4.267139228695981,2.7118622718189287,-1.1784536302216753,5.810598054652225,3.495539052928316,0.5462683477440413,0.9388926947699453,1.9036076539755087,0.02241291972493571,-1.0877012878118253,-1.9302799136966926,-0.34930786372487943,0.1956502490932082,-0.07943987617150236,-0.7003071638119649,0.49468566220895205,0.7538150471068713,0.6471507015986876,0.3027437464715559,0.702151175074493,0.06622345012610727,-0.30991029367258544,0.5108611583707515,0.7121189157026574,0.33991144866038864,0.5414896826029261,-0.4560111034161318,1.7537321921555622,3.5501424761695666
3.3299582299810844,5.034471435370499,5.062702890126947,4.867123218606284,9.704423837237085,8.662511048230467,3.4532218332670808,5.300818734438657,3.714362533885942,1.3835414582154661,0.38562989040876444,0.2733707442524368,-0.2609150702094682,-1.0473057165907969,-1.2169472681954627,-3.713888244852105,-0.9066782853936212,0.7762699246189201,0.5728755194693045,0.24202576424476424,-0.24100959530685317,0.8692897598772623,1.2950722787981905,0.9375850299430041,-2.746364241595561,0.873785980574121,1.7578966624827965,1.8896229497689254,0.5139404490431713,0.7753887044537597,0.6362986429994137,-0.28783134560453705,2.665468916157071,3.794646507675339
3.256527068408419,4.2621313896998165,4.89302044683306,4.938773222883351,10.36996655643752,9.688912749481373,3.4304069960302845,5.049648644885993,4.1294510649902,0.47487728651812555,0.31870595656562895,-0.13671594186801236,-1.057395806397055,-1.1426729676331904,-1.965010332544309,2.9232069975435095,1.6692882017067037,1.0150491867016382,0.5272831019648285,0.38751444516705114,1.8365954144566015,1.2053190273450531,0.8297231962654299,-0.2748807889930568,1.218760691328135,1.5101526205441302,1.2534516684989248,1.1541660183643472,0.988497616575885,0.7356803263354383,-0.19777567448493621,3.09338114532008,3.659931267843858,3.4441348291406286
