script/wind250m.json
{"header": {"parameterCategory": 2, "parameterNumber": 3, "lo1": 6.000198445256149, "la1": 58.999992894266676, "dx": 0.5, "dy": 0.25, "nx": 22, "ny": 24, "refTime": "2024-04-16T05:00:00.000Z"}, "data":
[rows 0 to 23 of 24, columns 0 to 21 of 22]
-4.996686956206373,7.878301926541239,3.9193271810839345,-1.715442518340561,-6.9243794871512945,7.7308863889124355,-3.7637903187427284,-2.6944476079629758,-3.002722575787866,5.0516035448298195,-8.644230668621466,-6.70994727917071,4.139720382826423,-5.656213419152686,-9.399462179736767,-3.7124964006835985,-9.325323216380166,4.593732803032229,-10.025096801228221,-5.421025409782461,-6.344954116412598,-2.987877468037487
-7.679109406675003,4.455526117950117,3.368334972207393,-5.687683150843098,7.447908544125951,-7.605792241417322,-8.660584138204246,-6.8489657377881565,-8.010515492444735,-0.47478322354268926,-6.370364971432286,6.966945265296428,4.6897738225766314,3.692153914278629,-4.980453864871373,4.648402051801843,-7.59182611869046,-6.821402554163366,-6.423990765950328,4.438913900930688,-8.907398329984382,-0.7300705023546058
-2.268027433177882,-6.2900725266221915,-1.6900466103531189,-6.771002080133663,-5.167792388261932,-4.732814203503097,-4.822757945047351,-5.530013212802963,1.187002238570878,-7.995874493892312,0.33987149643908665,3.796258754979348,-1.9438799910364888,1.4186301030656436,3.138693184287116,-0.1274222691057704,6.2365777056969876,-0.5576541224657372,4.767545858546368,4.099675251705092,-6.261645306476052,-3.5662285325454235
-8.991376543861296,-4.9174709939798324,-2.074351878666097,-4.208985130717428,-0.1712010686458462,-6.7028806269609404,-3.6204082687938053,-8.59506745816472,-9.30322882669883,-8.72822462135761,-6.563377400999735,-8.976514078042054,-5.367588405473494,-2.849935684561678,8.499241479404683,-3.550854620543635,-2.3024883516040973,-2.7355860097704654,1.8614474664797962,5.2453827257088825,-3.818575066809016,-2.766573480681378
-4.8957723373508095,-6.966677808114684,-4.287184110476387,5.176396729137956,-4.2815033308368715,-2.4751244749156203,-5.8926379612638,-3.06832100329,-5.75065177685141,3.455154525923018,-7.494840893809252,-4.88780557380215,4.9400575532900906,-5.732799697028697,1.1417345852394873,-7.960854372544343,-4.763238504311305,5.15664099700858,-5.736301997356893,-9.594294549494146,8.3249135620378,-5.499432480098238
-6.270265732819901,-7.844039692204729,-5.365266303151145,-7.384511152477185,3.9800757529718775,5.001305838589536,-6.618848062169238,11.157822221320332,-2.2792941348146374,-3.283388458800414,1.9535798270644593,-7.461524671655525,-6.375774594899761,-9.000857058672384,-3.1129526795997444,-4.853754820661672,-4.053413829550455,3.2925688440565146,-7.544905073904524,0.4796586740677738,-6.640066263668727,0.5337059698988054
-6.589961865330675,3.585141278606378,-1.7352073328448854,-3.9576864786807615,-8.237237829173859,0.10640923903091243,7.333355558189134,5.189609860250786,4.7601586569414955,4.500555649416015,-2.567298627266894,-1.4540862733770825,4.285862431638945,-9.555574516911964,3.533989132030891,4.4248454667028545,-1.1889002656413536,5.143686614720662,-10.03915398193855,3.497221896122058,-2.5847362082858862,-4.813926346837946
-10.065466243095965,-6.113841722575172,-2.3786668763997523,3.707101713205092,-4.8178269818296435,-5.67209571588179,0.6054528894196649,-7.536928407349588,1.0732153535299114,-2.5758716429002515,3.227615730345284,3.986779441665125,-5.932371600787489,-5.665392906881198,6.279179745137857,-7.549392514678772,-2.055999621305127,3.9749911943594767,-2.8705251630754116,7.274254839587841,8.912008721977847,6.783452504004031
-3.1828485638649253,-8.187930281590148,-4.203153354732497,-5.142730212741372,-0.9252546334738817,4.868674734503647,7.3575827581435655,-9.048088458121777,7.2514805990902325,6.362615282432155,-7.738681138656844,5.08728456219688,-9.517676012197771,-2.207490696635192,-2.5675409827776456,-3.399402668720413,2.487326866765822,-7.8055927079144265,3.486062183884988,3.4167784033476005,1.8316203120084302,-9.10338396713305
-5.6446463001327105,-5.070265033521733,-9.996710403590706,-5.9201198657549226,9.091739909203428,-7.154180406084375,-5.899966518768294,-8.971673140800158,-4.0061390899279825,-5.049272492411917,-2.9990444331587063,4.629226490172873,-10.089577422751471,-5.096423918381954,4.094183246536928,-9.295240253670274,-5.828204007808159,-0.7542457967366024,-4.044842555242428,0.4465363818879301,-3.0468891938804505,7.7689979624274335
-5.320778722136072,-9.456106290813315,-3.728003247057215,4.82401451155488,-4.519216088647646,-7.211796590660011,-3.5856333357386188,-1.716935474379972,3.8407980796787196,1.090444432984,2.2650701392541572,5.005115800374549,-3.635492057692307,4.726306848184874,2.9949572753354845,-2.1259202784684614,-5.373486260131584,-1.9831248042054124,-6.984518090025775,-4.051648320224663,-5.440656922571651,-4.785987689000867
-7.408304031053097,-6.6957797441283855,1.8701614702114455,-6.5127101777115115,-3.565670007254243,-2.1209233998017276,-2.892018479772182,-5.525048785414813,0.049537966328985064,-5.943410547284191,1.2586336376566623,-4.265387278683437,-1.6984385612381203,-5.267457102253772,-8.068345104587559,-3.3062423884416337,-0.9113708678106665,-5.302622107651046,5.170607506194344,8.600359190724577,3.0025299436969526,5.434107806828923
1.4346316254470806,-4.956504561676272,4.574621047373109,4.849678069661336,0.8501017508375031,-5.243522447685212,4.198130392483128,-3.350533784660742,-6.820887941102056,-4.771381850934156,-9.162415290104777,-6.617972103118215,3.2285386486170893,-2.630705188463431,-0.7846203638688105,2.741777614905711,-5.291947670080711,2.500353760940992,-4.588920005865987,8.341817462429026,-4.752655536483864,-5.052774477939612
-2.3693877849591893,2.258748624343909,3.7831643463200186,-4.667697180450871,-9.21523050616507,9.10777289163989,5.757904901405304,-1.9119559624047548,-3.144915981490591,5.069915370586269,-0.14949226286657044,0.8431952268507988,-6.985904540567026,-3.0915136972738355,-5.055043038664999,-4.269173749228435,4.198744064817831,-4.076091183593992,3.8688837101074407,-5.832563349562133,1.942887793101582,-6.48155154195043
-4.239374197237102,-3.1098582254258726,1.37755605654686,-9.724317934310953,-3.7476105896700287,4.373673733135273,-7.273567633803763,-4.846023230851568,-8.1341293585573,-4.8283689306196464,-2.785110097880539,4.6763447250942205,7.317848300841983,6.474735306126971,-0.11892442033606525,-7.853429170062117,-9.422876057985205,-2.624949741629439,-5.399366529327551,5.520713454261836,4.043310825126783,-4.661243828916199
-2.3570985341351935,4.895203206701744,0.53352425637354,3.3203778756233246,-6.902828294245551,-1.1201966236593328,-4.0483899395790335,3.0603518976815227,-1.4044071632137245,7.241052302444058,3.227233004709648,-6.636461980073516,-3.137401946273898,2.5378939869310067,3.602636711180188,-9.958082876770346,-2.7172361984877567,-3.8932528064013745,-4.275242321241004,-6.970913756954827,8.42686569622901,-5.268586998117861
-1.103982180791897,-9.156487096790041,-7.362066828710436,6.700736898441956,-4.540835611724023,-2.5935248343559736,-7.199158079912304,-8.128449932456691,-5.23564853951908,-4.284521451768389,-3.7253247899483357,3.0145425397616963,-6.908459188918777,-4.171172192667933,-3.193558923760285,-8.270512195495936,-9.986036374345316,-1.507647557667352,5.142600022260421,3.3188528402526116,-8.181208114259048,5.217956649634234
4.941784677533706,-6.089025719181019,5.491523630145639,-8.331918053346987,-5.172843946957202,-2.15957082542381,-7.1255009772903515,-3.008380034473802,-6.263830131377277,-2.8277763595873324,4.58617733919888,-0.930305464226213,8.12075226138495,-7.97164290510206,-4.701682778645803,-9.479668504708242,-2.139823286594617,-5.523543212422916,-10.624158159818084,-1.1258893768345504,4.840085213798224,3.5425507629943995
-6.372821307369335,-2.2678395747073856,-10.04104678627393,-7.994341892130792,-5.159889558658328,-2.8419148832653254,3.7927918469783846,-2.8085839849930947,-2.370152875552676,-4.772335113804212,0.48838276550701387,-7.2855834592293585,0.9018706947787452,2.716737516217573,-5.375941889900153,-9.095641591329231,3.050781690784356,-4.925594517136468,-5.178477177131383,0.12629290134551355,-1.0597055931701291,3.0503304850763073
7.363661482714985,6.8936255594501965,-3.744724362630599,-2.5539006086181018,3.5702069232041893,-5.251773707138842,-5.040812165766695,-7.750879747848033,-10.353194531806945,-3.9428953160912337,-8.554680571412865,-3.726134715412466,-6.252189368933316,-5.552275219039737,-4.806380149015797,-7.118015641967158,-5.743858964084163,2.190517307555821,-3.279186137703719,-2.6607729692249023,-6.753344369076941,-3.0639657730145657
-5.5793343387186,-4.984467238727481,3.391467866751111,-3.9469185108759475,-7.647930162813542,-5.857407014488716,-7.7293949800258375,2.867997169716413,6.192224710509694,5.467433446201476,-6.317749887180159,-1.140000931275587,7.771733882492939,-4.764004167830421,-5.660019080108857,4.865830358559281,-3.9954060087157908,-1.1595751476359957,1.6527818126373794,-5.481005065309301,-5.878924877069996,7.205973520326138
-8.47292367001853,-4.7390406620484145,-6.155643286515932,-4.93341634066595,-5.347687894170284,-4.449358885411827,6.782625987748461,-7.429819703102654,-5.193052457635264,3.818145809573346,-8.255320920588554,4.687042673857305,-8.900923525553313,-8.607351944547458,-3.4802294591891747,4.2197521290771665,4.4264651592113395,4.267436259205169,-4.49594951192725,5.473499343859771,4.734809219980568,-3.4208764324041954
-5.750886715043274,-6.187464064491834,-4.813932034481799,-5.337688897539658,3.9565662768545935,-2.689691721059293,-10.171039430507028,-1.8423760766613337,-7.464104774411874,-2.477446139377326,-4.8921446724604865,-2.146958727838902,1.4679117200823566,-3.5067509055586603,7.554142127859917,-6.789549759820242,3.8216731289263572,-3.4634416557745054,0.43372742740994835,-1.7072420487908895,-5.673891264339282,-1.2731182739164801
-5.738023386115523,-6.467564770308703,-9.245783641632302,-1.666808240715572,0.1605638122835811,-0.722823031512671,-6.1326256013305125,0.14598121695697205,-7.782022473745175,-3.7021002845846787,-5.402673306707785,-1.7909889365869964,-2.015967588655092,-0.6801572802836059,-4.315840236549224,-6.832849396199728,-7.049912495795158,-5.1300495569068785,1.5526582323593026,-2.9437270386974346,8.011139698787717,4.639923014719476
