script/wind450m.json
{"header": {"parameterCategory": 2, "parameterNumber": 3, "lo1": 3.000054539987559, "la1": 64.9999836372058, "dx": 0.5, "dy": 0.25, "nx": 34, "ny": 52, "refTime": "2026-02-24T15:00:00.000Z"}, "data":
[rows 24 to 47 of 52, columns 0 to 33 of 34]
17.91596212048547,19.670156267638525,21.735474087464468,21.600713644002212,19.042854227674436,17.606404867906463,11.644925579626213,8.960102528263857,7.0982188457579865,3.869521814752753,3.951466478062662,1.4923524924260032,-0.07024517449476309,-2.7709550460480568,-5.244059433372749,-4.442515147260377,-2.9041200478839357,-3.260075564712098,-4.057174189564508,-5.243382883119967,-7.004271833080812,-7.250801111059142,-5.970885040313275,-6.109552549134635,-8.70656566670674,-9.541415074251368,-10.260349502829191,-9.194176032683849,-7.335296443001653,-7.372318669778294,-8.131792100155968,-8.414944922458055,-7.871766155110626,-6.678306180295573
17.737405893459158,17.072269120363682,20.77645227911705,20.34401080377256,19.786487328883865,17.083986285822462,14.818084781878706,8.454392454055052,7.020422640351972,3.449137893786309,3.0770776302089606,0.16449021608585307,-2.218433227278369,-4.365708816716638,-2.9783929008373122,-2.2708683027783936,-3.3028914927899793,-3.442202109039232,-4.054084054303595,-6.252428112885083,-6.665157812547299,-8.092696744538205,-6.5849550790636355,-6.622098873417771,-7.705579974322714,-7.9881369456456195,-9.951556463968538,-10.469736823424679,-9.421838693464402,-5.279206985357939,-7.310238420420516,-7.931953680222098,-7.319511786497795,-6.458304812385122
18.008953314703486,15.83965901011289,17.235436064502327,19.493719138174182,18.235417028525735,14.392031845824079,10.680664144346862,7.317134568359642,4.60602247783345,2.216009547538484,0.6889835966831643,-1.0929804718948217,-2.8726044689834804,-2.423994834719423,-2.7225794269082284,-1.2995379204724338,-2.4942352913883807,-3.647058569642728,-1.9056851250245284,-7.266762442603418,-5.186255741793557,-7.098452558046531,-6.900769699752337,-6.51447592772733,-7.172631442676479,-7.909249807573441,-8.04774162172267,-9.870747311932499,-10.180555420526444,-9.83517920802985,-6.01509323277859,-7.237625185535544,-6.960289676865034,-6.699791664278772
17.38404135423719,15.906568659376111,14.171752190315027,15.656340114616722,16.8492099385265,14.046051100622856,10.603185353146293,7.813812905069426,5.537065335089558,0.5762275654742399,-1.3537919337562196,-2.4679195156822007,-1.8560807930462742,-1.626330769514053,-1.79321202448655,-0.9107718361343117,-1.949487093239907,-1.7729338509391084,-4.084860516545809,-7.052921121917395,-4.301193110055636,-7.63808030030176,-7.468078588927535,-7.085381646304784,-8.949875102165345,-7.466825884383552,-8.703694240029643,-8.385381025765739,-10.294344309994834,-10.46092021866904,-7.595039017714796,-4.515428180319709,-5.11269007145639,-7.138228945525348
13.12356954138729,16.72296448949197,13.972671050928206,13.514258687531107,12.802700959738722,13.139175611926515,11.975495045412073,9.866327492462377,7.035552379921187,2.558097599218963,0.7649539064391094,0.2305840439018386,-0.9662137172456783,-1.7031744534123645,-1.9641732646925938,-2.1224934303585856,-1.4522515034676688,-3.036367863733047,-5.416081690735681,-7.49423632163917,-6.058675064205765,-5.988111176413644,-6.219868926300069,-7.918466767228501,-6.990997982713646,-7.360946309563782,-7.788234055218763,-8.099428116903141,-9.149079947169206,-10.042492513845671,-10.053319549997143,-8.010003095773158,-4.50753391361242,-5.33371090260394
9.968573464296776,12.621919219898139,14.522123866456292,12.067116179765028,11.632290708339987,9.140974826071302,8.788009870874845,8.657941052768006,6.136798551450982,4.40166892183181,3.571574632214967,2.3149940018085133,1.4196964751468635,-1.1228018429540632,-2.0075733691303492,-2.5897882045866676,-2.6373218276104784,-2.794115866977157,-3.7469251206486645,-4.666057811685068,-6.062373682387464,-6.580350194153868,-6.232123472308764,-7.877172753355391,-7.14740400642261,-8.056740811309936,-9.138067885834596,-8.080254321488187,-8.877839113065436,-9.946065167143534,-9.675394777702383,-10.415779976001582,-1.9852377126697667,-4.752534668698252
9.067855843216957,9.876016335720001,14.948288506338846,11.725906399993338,9.913615940689429,9.849411367551435,7.614186238020477,7.271805340907302,5.6655055481420025,3.663894355275087,2.2719306798711063,1.1283239062370856,1.4859150811508552,-0.20993913217869897,-0.7021821958113706,-2.9066357715765823,-3.0934988734182376,-3.0434478975965895,-3.520523999757735,-4.036891119044021,-4.911273944777838,-5.57076147317242,-5.7943757366005055,-6.903525814383391,-6.538516454886473,-7.012278161724288,-7.503487503125149,-7.999542323568166,-8.792075750687077,-9.972370265409657,-11.308498981415124,-9.682949694605952,-7.307235420189822,-3.6464983815793324
9.360760899742267,7.9479457490049334,7.788435719331686,12.218830016904809,9.754706415301362,8.866031190340287,7.725695486201152,5.621078998790689,5.875441624751436,5.0580105233675745,3.991103963209827,1.8225874912201925,0.845978505939791,0.9007386443091688,-0.704920437406935,-2.7172005971935365,-3.5295459135212846,-3.202504744971416,-3.098357270888148,-3.9143978939317634,-4.109249033804416,-4.6595406686074154,-4.848469407290745,-5.4729865971080995,-5.994069702666996,-6.77314142571083,-6.194787911124076,-6.890040493358766,-8.401117846911541,-10.126040758972808,-10.871773702632758,-9.277031238335546,-7.557390635045298,-3.7236458101410097
9.806719306649637,7.564291689547819,7.252356405440337,11.423558660928851,9.140831669410623,8.428648015063548,7.818228783461113,5.951432139336912,4.707940180886316,6.025247081091794,3.9253804163160826,3.0308975503489735,0.5565607418843986,0.44375056746259645,-0.11346700422604244,-1.244904359228435,-2.5544939774102926,-3.8563542948254033,-2.840634719244075,-4.114646226374109,-3.3374999735239226,-4.6034292921765285,-4.695370523185361,-4.87736812782793,-5.440564733874603,-5.816267776750846,-6.577622141302699,-6.597026433666163,-8.741611459689652,-9.157261496387198,-9.71618475360802,-9.391926123255779,-8.207660249972793,-3.5871185776463075
7.717460721620591,6.803472339153074,6.378455846189263,8.092638925005048,9.694729192485598,7.612736461948885,7.322970802134054,6.269502783892348,4.594987345059295,6.098887427334611,5.5396893222294565,3.8417857152220227,1.7744927800977948,-1.2672718519271444,1.0448310436055392,-0.4617551211846498,-1.8192347443002819,-2.5500038574822947,-2.780809143199421,-2.880636268030113,-3.39759889294259,-3.965218468348943,-4.331778287012962,-5.134215586654294,-5.454816101628401,-5.215345929484545,-5.770484539854043,-6.416036891680457,-8.04844108239152,-8.258472429401886,-10.27219579485124,-10.025818529266955,-7.449739650083146,-4.154514476500574
7.789092405725026,6.650397739913034,6.455117405919906,4.865706548266505,9.339508739774127,7.081863092531639,7.4275767799571275,6.259708458201502,4.775000281752289,4.3272595155929325,5.237812549753075,2.0036617477889207,2.8428430154898963,0.8704900142528551,-0.6583983165125925,1.7854424904226776,-0.8669321755909606,-2.0124582172104994,-2.49071789737169,-3.3748318274630655,-3.919629131536502,-4.381537980120021,-4.547010019855778,-4.812548118565018,-5.484016866193808,-5.223020505779061,-4.1808709093511585,-7.2938934668196875,-7.30963576223585,-7.577483354465521,-9.60753631365606,-10.168866849140521,-6.154134963582996,-5.071150860187304
9.707046671095565,5.566949235341589,5.999695254668804,4.523175609172952,9.460219552708605,7.335056061502392,6.293608804361858,6.111003761346382,5.392062995258219,4.507687089405913,3.721978841896542,4.130793804937325,2.5645580045394993,0.4774716717955384,-0.4249197154406014,-1.4356506974467962,-1.087983554378419,-1.7799878691870936,-2.6457750175328343,-3.9539281397380868,-4.392429167793914,-4.939739634129759,-4.880833537906935,-5.015124709254614,-4.829412681659797,-5.500638144800393,-4.940681254043706,-6.980978785857252,-6.7611592108475165,-6.737073886866259,-10.344797013227415,-9.11640509549139,-5.632936951898653,-5.928540523127543
7.3279117274521495,6.961056623381569,4.934982582498185,3.6848333840911445,9.60851195550127,8.381675321087204,6.089152792814814,6.561321608331923,5.156457436451333,4.429265048104248,2.8121470483248587,3.89816021468441,2.829398504847955,1.1940612329315607,-0.3643646104250394,-1.0450980713742197,-2.4547226133238325,-1.7870317114820473,-2.423032000816514,-4.349590250739183,-6.098398077497518,-4.784736215398871,-4.319711146353651,-4.734159827834194,-4.993866199578045,-5.479739603627043,-5.660702613863865,-5.570230318554561,-6.492508351641951,-7.836978766938549,-9.038115660042994,-9.003332597849797,-5.812536971718884,-6.81042936035864
7.54474187636732,8.324875985357565,4.146725941462955,2.9811182707166157,6.645303202889139,9.45626254560647,6.42775678531183,6.461338985813633,5.153964108871064,4.588234916863717,2.9704661072870624,3.024854089407633,3.140523699180467,2.6484670692122223,0.9070679432836802,0.4561071944494119,-2.06677900260315,-0.5311563730846468,-3.0274154016038297,-3.013880934372036,-5.657873254796008,-4.3259560113954585,-3.359677019239927,-5.009580652474063,-4.43403406119029,-6.564622543379816,-6.325198781618622,-4.447888682314725,-8.134329899668382,-6.818039229657938,-8.284210174481617,-9.14376517605551,-5.515731210645647,-6.836345155800531
7.9242373865435365,7.659047137494622,4.954895135258893,2.992905994526161,2.3413935396512815,8.67559319195269,7.31950387883199,6.393437848047084,5.158318922227213,4.1407757616849175,2.5643859654454983,2.617297320862931,2.266755465724627,2.1078111637800463,2.1711525765073967,0.5869134253002493,-0.8086751909097621,-0.487018853544952,-1.130093472860119,-3.362817396487912,-3.5191456219264876,-3.1920120046310507,-2.6318245651679253,-2.674578226994385,-3.8189053289016472,-6.4091235847254255,-6.9318457872529695,-7.667860099535241,-8.088191398293679,-7.369544064142425,-7.465239995939444,-7.834692316292479,-5.118589134055317,-5.975397072604192
7.4163375623857,6.0465685867645025,7.626583369006401,2.6117015957110583,0.2530516079984577,8.987294910156077,7.510898350315838,6.322574020656002,4.407441364886363,3.9424900500320077,3.0644377591931105,0.5714226027679088,2.427758974077922,2.1941560556731945,2.2950941811668875,0.9110864721945007,0.30433286338074006,-0.878051760221746,0.6315333428103697,-1.6150937213636811,-3.149722064537663,-2.8259436865120446,-2.7437953584332364,-0.5453687567111728,-3.0498327777828953,-5.194652596917905,-7.18573352614773,-7.550912331131963,-8.61129339542908,-5.077950596206994,-8.76135827220176,-7.9481836740123315,-4.368796671481493,-6.207243309462188
6.911960641852098,6.214385296231689,6.20948678404783,2.9019682324055593,2.4503201857862487,8.225810288563727,7.403289518675505,6.060918026134866,4.293789681851938,3.6122815955988656,2.7113371096535483,1.2561225995438774,2.249456948693499,2.833508708837644,2.9400934340622107,1.2368805221924346,0.4678360091263244,0.5283038868682315,-1.3031378072741235,-2.3016497234525626,-2.625797489797258,-2.334833593801514,-2.6187792259075113,0.2192602252937054,-1.3161321957860643,-3.5458463429686886,-5.188466268447345,-7.24154568023663,-7.106004395239182,-4.187971908345393,-7.401444534588283,-8.030874884159166,-5.7787719751727655,-7.46312044779788
6.324756251766294,5.358829031409271,3.368238061916834,3.490017030886393,1.7493910677493727,7.331790628457635,7.029587333211479,5.021368037650907,4.544181246473251,3.3442997254917484,2.2949789224935193,1.5053875779582653,0.16835471850803496,2.5528094363178275,2.7128085308178735,1.6757838424788551,1.5996734659043268,0.7981734194755333,1.4685510517074343,1.3669918108393984,-0.7283833887426789,-2.7209077192552193,-3.805041216683674,-2.8954509954003878,-0.8387887755787432,-2.7380908731991402,-4.515506851130285,-5.913459897464966,-6.324170662293372,-4.4162819369884145,-8.669453148843166,-7.779823604648663,-7.449948298695182,-9.165651560540411
8.03476098914094,4.78998024378792,3.1764732627938717,4.814041606837181,2.216561687780671,6.0119551554082244,8.072221354907626,4.81533206855937,3.9514722152583013,3.2531219295352622,2.493745801602441,1.4739728693212277,0.5934693326404593,1.9952957280317314,2.1993265494128913,2.515492082855914,1.5664761244469274,0.4866817258438123,-0.14166772291005617,-0.45336991326585885,-1.8674850109606844,-3.162871519658573,-3.195173104066259,-2.1317783995301167,-1.7884064217506341,-2.378411949273881,-4.403672447833564,-4.716012402356848,-5.837250236773597,-6.635717016677792,-8.352478691537842,-8.932692755389013,-8.513348907092888,-9.415862504630969
6.017183080631389,4.517144942355313,3.9563138453958415,5.059083250170085,2.381810324808805,5.145179389404916,9.89542783522096,4.850714980737174,3.694991628334782,3.267453579853506,2.105087199906298,1.3945760031242156,1.439386189692168,0.6579224689635623,1.691110857999823,1.62932916527846,1.3972559503678896,0.759798241971087,-0.719273637966267,-0.5977308457508429,-0.7261181092628779,-1.848641968204981,-1.9434483228341703,-1.1350430248835832,-3.07321357514787,-3.1573706007377083,-2.2694901292124405,-5.535707283036758,-6.552988987774379,-7.136045155451992,-8.685233913151466,-8.140552605439144,-7.881313265142439,-9.147025628430317
6.385301306607972,6.213509115820856,4.645246430837804,4.822381885153267,3.533022302970377,4.353575430667121,9.791478661997733,5.753898241309831,2.8978023702868905,2.663612961936907,1.5693364445416496,1.8114460673228447,0.9917933133508717,0.3393455962314933,1.3408788180558089,1.0623371710227092,1.2808227010577853,1.5120555052648013,1.5314764345105067,-0.3057768088353203,-0.5785560119853329,-1.0399877503718986,-0.835397891674816,-0.2980801270066557,-2.582517192631419,-2.778260230401328,-3.742499187696701,-3.6518948168713887,-5.984972850155243,-6.023545102581964,-6.24289512830718,-6.9654205715623805,-4.7521241586829595,-8.49669274268063
7.0570794858062715,5.873772548209189,6.9847909376765145,5.707379959588046,4.3597326669910075,3.16734657713729,8.690850970018015,5.552551973797847,3.074755184681073,1.7329975055791642,1.40801994518857,1.3120167817472799,0.5187303923779518,0.5368555137158716,1.0131790866435926,1.144925874530265,0.5078216887152011,1.8261142662000556,0.9255083629131935,0.5443110994093662,-0.7963764845820626,-1.7054281501948885,-0.4474498039136021,-1.5070068809261612,-2.4709245830080735,-3.8501967076404284,-3.890188604707457,-4.23143462907971,-4.3660529666491,-6.224788883583454,-5.868254015356476,-6.4277712979061565,-8.72855613585652,-9.477305515041326
6.68908558966695,6.26015713903507,6.731551414100145,5.989863467728964,5.102634208090044,5.053659635675318,7.122473306849518,6.365024615214712,4.903358404802205,4.466830388961731,2.77029508139734,0.5415640218849995,0.2915619198917885,-0.23788337682988678,1.190102249591641,0.6767802833484181,-0.3839460263425398,0.24643570462700137,-0.07340099840275269,-0.030540426288925213,-0.9832959660640531,-1.3305427747186185,-1.9251508226300307,-2.306374565594112,-3.280440096906099,-4.806485928316094,-4.67885118158444,-4.035150046792308,-5.759612763616833,-7.0450798694211265,-5.7143822678327965,-5.895750349721624,-6.657796835271855,-9.106035433400088
8.00209772514712,5.97577665277398,6.385681231366861,6.344551381450644,7.029087030113588,4.874280241925801,5.343074160307903,7.3281635679919725,5.049344654187518,3.7023968836236665,3.503959424660002,0.45330256672906627,0.6785894087280351,1.616285382371671,1.7748164025464965,0.462508212738486,-0.3628089584061094,-0.6274361281474431,0.0791344477885948,-0.3389397248808124,-0.8468474644138244,-1.209715942429718,-2.406632570359372,-3.1821821362044282,-4.3671770003865875,-4.807694886180339,-4.737562290726916,-5.416969345542214,-5.8203345678494545,-5.012543970030145,-5.8839562102513705,-7.761346099767705,-5.242227312259905,-7.482799821140192
