script/wind250m.json
{"header": {"parameterCategory": 2, "parameterNumber": 2, "lo1": 3.000054539987559, "la1": 64.9999836372058, "dx": 0.5, "dy": 0.25, "nx": 34, "ny": 52, "refTime": "2026-02-02T12:00:00.000Z"}, "data":
[rows 0 to 23 of 52, columns 0 to 33 of 34]
-3.9310627387865864,-4.690965900122545,-5.814314107590875,-7.361146590960261,-5.329451647632629,-4.293142978176788,-3.790890748491098,-3.819716127975019,-4.231223032719089,-4.335892862238541,-4.672015829492146,-5.0689819797705,-5.453983236867689,-5.632684379542357,-5.6745467765742,-5.133973367866238,-4.43740510618262,-5.315461665230274,-8.072670966238938,-3.3505464846762405,-5.863538157045867,-1.0544845501649867,-5.073560870785474,-1.7918268269941349,-0.2284953339238181,0.9430487295811519,1.1788675203798367,3.107601260030819,2.6188968146285845,2.445531738963971,3.6504208033267527,4.439060185437728,5.708705537104577,5.929969366561099
-3.9999374291646594,-4.1953609108361745,-7.878316753619015,-4.633357228454698,-3.6257173817121435,-4.571335161725052,-5.001463545838097,-4.833825512648818,-4.677226518201027,-5.139878704063122,-5.397571298143176,-5.74685966180182,-5.665785901893833,-5.638160561860207,-6.31872928390452,-5.864240376941564,-6.194525220025597,-6.593796304640766,-8.879146911872652,-9.972237682708013,-7.671684259361505,-6.916190797745292,-3.045227208903438,-3.34464494428379,-1.6397661345035215,0.04796246883119925,0.9964062437572612,0.23159349281456426,2.2571239281834075,5.205148908175476,3.1294544952951147,5.44782463736758,5.832025750911701,7.833565980792526
-4.1644568169825815,-2.6944684811493325,-2.0463926681494997,-3.1855734191988985,-4.91289716145666,-5.939693845705187,-5.614755422584589,-6.0704344713130824,-5.9560312792788395,-5.999511041231469,-6.654790298348937,-6.506756529428453,-5.958099643718286,-5.2345794938541825,-3.8170639493478156,-4.598694543072413,-7.835738938442438,-7.597693667954366,-8.797228277716714,-6.557387979475846,-7.791303191746419,-3.9906081281096215,-6.591589827410206,-2.9551994612035712,-2.3081173385929894,-1.359663271664452,-0.7226457639615993,1.1056596031059662,0.8634979349525786,4.5155185042048025,6.966178026000381,5.919530318853627,5.703812585673192,6.528445913938439
-5.007430056672702,-4.278417575899895,-4.359019320147765,-5.594571520225664,-6.252371888675855,-6.976981071605282,-6.927550238970866,-7.238311934333818,-7.305904542911995,-7.336950255831943,-6.45681306247061,-6.008603122478745,-5.165867310269868,-3.992141623028773,-4.423336059018402,-6.77139522358969,-5.668804100178538,-4.253191037785132,-4.723399272548028,-4.082484116818603,-1.79501198412507,-6.20990098245772,-2.7386385712470065,-1.990091216069639,-2.132504822947173,-1.5800634153216682,0.7297333087596595,0.17043956305466895,1.5918828230496713,2.9307287396709136,3.851097102928326,7.268149680064721,6.555529912094592,6.531853669663274
-6.34523786626379,-6.42197533497349,-6.398669507840392,-7.392005192331796,-7.581508603661139,-7.851381327660958,-8.067272519720444,-8.148864404343277,-8.386467031960812,-8.732387636305372,-8.197120964322714,-7.070800925875896,-6.45317850190162,-5.385461421938944,-8.594989642668077,-8.15255946606164,-2.9618785672236685,-3.8639448203298485,-3.0441795768620734,-2.268147092004192,-2.5561627801608475,-2.163658192078573,-3.508195120749768,-2.0676030376494445,-0.932430312917525,-0.8614380680135701,0.3996585294547275,-0.6650237113613496,2.480663552051652,2.9481883870363084,5.279273242681128,5.745115134792295,6.843375394389872,6.743784643380261
-7.007098589720072,-7.41543581013893,-7.8685814043708815,-8.193317921121201,-8.645732492336215,-8.87406813189632,-9.045988684690522,-9.189562284589234,-9.317800023397787,-8.988556156930803,-8.524976750432497,-7.987326028819896,-8.934750416151623,-7.181853617202431,-6.3522029163519935,-6.675935960596522,-4.170362298508518,-2.006476540717751,-1.1853820083613027,-2.3491763593077195,-5.851569551404508,-4.834220061907866,-1.2830471415129407,-1.2707618743833196,-1.3464002007268512,-0.4400421112243447,-0.007545130261454896,0.242328084015527,0.11114376858337743,4.859264177326843,5.321299387582142,5.024779003399964,5.921629078395644,7.313117920788725
-6.832997001119356,-7.463920831933465,-7.84253521287265,-7.764290481088701,-7.48616079744868,-7.743871318636395,-7.838999423032755,-7.824482291842282,-7.906460358635508,-7.487124721653656,-5.834690222173589,-4.73399980413902,-3.1925385126099437,-8.091883401989676,-7.560337457054648,-4.45720023487792,-3.3524059030471736,-0.33117796280724693,0.644682370482295,-1.4778626784110083,-2.3643098538146488,-3.4065351705204914,-3.2352344676676386,-0.8585573053041624,0.2816303162333035,-0.13733358775023924,1.8133213910094947,1.0509269821387024,2.3777148490091053,4.636957128191739,4.317752050440163,5.423768891635141,7.125445374453364,6.798065669020187
-5.553612800557639,-5.984929207569547,-5.463408262212591,-4.970745543747393,-5.924119061755479,-5.531176585386635,-5.229322998951884,-5.094231968749039,-4.722985930282795,-3.9660125457861235,-2.0090166277028167,-0.6706641840602592,-0.7045671950829896,-3.4900429132216613,-5.1474509312087084,-1.7430504304467402,-3.015042056158972,1.2864789434930743,3.3357266361708344,0.7789613175583485,2.3500091854868663,3.107007821264253,-1.0830647515219538,-0.10787967702516205,0.2107336202685124,0.616018225700344,0.789432697197633,4.093396225944431,0.9596408385978888,2.4792283675199522,5.670168338714746,4.6090031615346705,5.1615110293521465,5.064445658593918
-4.582694467954853,-4.138822467573468,-4.120920034514878,-3.804820090661501,-3.2933297062563067,-3.1854262025570383,-3.3544104035351046,-3.104720512246882,-3.082911063736555,-1.786942847545003,-1.6256899522872896,-2.1339755132986364,-0.39878837032742875,-0.5797524887552111,2.107245391865974,-1.0310252453738682,-3.823193960926843,0.8223508113639585,1.0434135641407185,2.090374313179616,4.135456579512954,7.394694121055722,5.76243359274126,0.2621720378153917,1.2711629284318937,2.001368084577716,1.734520499782049,0.9185971576970158,2.153272110074011,2.353719738115622,5.556766721203431,6.226342982199932,5.01653536033107,3.6379559165861193
-3.1573002664868963,-3.7335691998890743,-3.2942691285968113,-2.8857030743998213,-2.1194383384778197,-1.714209904712718,-1.501212487135984,-1.1864575473970262,-1.4620406101739538,-1.7922774844412088,0.9691496702852043,-0.6568911024608703,1.000591426126136,2.2425028680394195,-2.021434360213133,3.0006355844010137,3.4493006816939857,0.07308168016548573,0.8211312146327372,3.0983185718390773,4.7356721660366885,4.11844705525992,4.7854864409176905,2.3771710065158658,1.7163827015648094,2.789960696701965,1.9817705728447872,2.929933000224839,4.394452545390546,5.038309576795521,5.912432461302792,4.766918841697389,4.28029672200343,3.540767016601763
-0.21744692393118079,1.1998808110041868,2.382528054919912,-0.37290583645136977,-1.0503488286785772,0.27390930018459,0.889151470666178,1.359586264323113,0.5015088833899761,-0.15571597609171578,-1.947791129155469,-6.124492496122705,0.49939925689033443,5.190932446154911,3.081176801864849,0.30651513790684454,2.4093184994739523,0.49016248710358373,3.0058034546692185,2.541584097387456,3.708819970092096,2.7619880624596855,8.683729688262584,2.4283857005628557,2.6299774006318546,1.3591289140959302,1.9874835003895406,3.713383210918178,3.5934678316308193,3.1235884736672648,4.898975403941398,4.497731112971201,3.9724921364073085,3.5227889904803686
-1.4934306589840518,-0.3091682078573609,1.320672462501177,2.7112793121280667,3.5311424363278996,0.5967450764273118,1.0379342322518257,0.2046520915218351,0.2761434110496513,-1.9658382777404353,-4.083264909226466,-2.426506583936641,-0.05051001456635156,4.567536157803481,3.198806029517669,2.1876462403993617,0.7692754821205615,4.7073968694497195,3.6033184385926025,3.2262534240253764,4.125898729951711,3.8836872703843897,2.590533035867622,4.884825107457559,1.6676674013864277,0.6174012162420873,2.972365657457772,3.4986264842091894,3.457354787820433,2.69834568490676,4.409434775610467,4.415409819150444,3.8969156573978743,3.230406836619282
-3.4942027905886213,-2.560466429630075,-0.8602407434355368,0.8209352126854582,1.9073500835496784,0.5495795916840864,0.5470094602263335,0.4039941469722154,-1.4967633303962473,-5.672479104384392,-4.633244709581456,-0.9039883836196021,-0.11834220706485163,2.082140288985113,1.281588997540742,2.7123503403436473,0.8618777934086856,3.5417552892122046,1.7529247876648093,2.272678163684727,1.803806173621402,3.533473215332423,4.00907445263859,2.262378169014356,1.8774829463583096,1.3832581376322595,1.0087761408828513,4.133577167673945,2.043560516698739,3.37421256217371,3.6197512299863335,4.130518428470034,3.1999726374128645,2.43078630268027
-3.533782365356933,-3.0305940656598787,-2.8069920428123165,-1.042693441545729,0.20243321297462075,-2.371413542984002,0.280071873140099,0.698256905122774,-2.047428398321661,0.6411987157290227,0.15669084461091742,1.7953380633739369,-1.2774068183821647,-3.6674350273229757,2.0833399462477145,1.4947558403832184,1.6828263946428825,1.6244031224878763,2.012499343458565,1.6705781021506265,-0.23202856461866647,2.9900729688802747,3.23937804802876,3.3363267342867564,0.8136908002369361,2.8647287806541892,1.9445709544496506,2.383294833067469,1.5817231091871555,2.610143831458137,3.675368118788418,2.979445923848697,2.391341342698494,1.5134942364356232
-3.8001534284723184,-2.700943545337984,-2.1628095835196297,-2.1315376323935866,-1.3366716018956724,-3.6314939882827826,0.3846097824315108,-5.790788335967868,-1.57438585264277,-3.053178997784407,-2.476428579632054,-0.05168893782124186,1.3447866725716415,2.515054284217802,0.30780063138355473,2.8810638763000145,-0.5652581431429432,-0.2965531976141091,0.7850900271272198,0.28834843217557665,1.6809913918425328,0.5098742404690975,1.6212038421862016,2.3400645844805,2.1262370074502797,1.998769799539661,2.673355186574842,0.9276906830777095,1.5354404070502874,3.028552680118142,3.436772335845801,2.2845076186431235,1.2844272041920577,0.7934976968009513
-1.7752978499352263,-2.370965013953347,-1.9755309767789748,-1.5781193602065757,-1.6576974967853846,-4.806167194088844,-7.1109616536545746,0.9835778685016985,-2.904047368102132,-3.57859705941639,-6.4645023896333145,-2.1963789823920505,-0.11988834418652837,0.5449471411594279,-1.5589043128924425,-0.16796836823810665,0.8982667025156397,-0.8968682368155552,-0.7273059051760642,-0.18115526185556338,1.4159770351958294,0.10674403725780218,-0.2852018716600906,0.9707220350844961,0.6047505975771446,0.7583128445262233,1.8717365920964588,0.2617921124364749,1.4662091119746012,2.6972671943793354,1.8289913280205325,1.4783372715893381,0.28376832246271844,0.10699869159751188
-1.6660587065800536,-0.49418890293783224,-3.017986355125269,-3.6862049928692926,-2.496609966305565,-5.241651873142652,-6.352380834441016,-5.968967549610611,-3.636349457915946,-3.6005816826739587,-6.3426503505240825,-1.1477226480854252,-0.605502378283599,-1.8245753153303956,-1.1926105225548973,-3.353604653432996,-0.8205967166078683,-1.3508756538704223,-1.0853678865635052,-0.8384733249800005,-0.5058683465598499,-0.21878543028668035,-0.3436522439154001,-1.194326119616922,-0.6682343374528503,-0.4065307077205334,0.18311274371539443,0.027437227169476643,0.9699381668571232,1.0494397961008215,1.0327597602228118,1.2520872525780302,-0.28790874107944964,-0.35068175979851
-3.2655459619716445,-1.6511767788780798,-1.7885004985866912,-0.954154933970349,-2.8740745989302545,-2.9550615632639574,-9.414897001080206,-1.7304871623291198,-7.299562794684704,-6.677735876703862,-3.079534423976415,-1.5624366147060271,-0.7340039136335567,-1.7649172135483133,-1.7091766767405587,-2.169568586243736,-2.848885451415353,-1.3272639816972656,-1.8893776408147283,-2.2391345228910406,-1.5466969717048966,-2.0721627878308704,-1.507906623545704,-0.8259312810752714,-2.0945401931391627,-1.4251004899011523,-1.5462841325596188,-0.4798358446914453,-0.033613006027800596,-0.40156248630848845,0.28488175690611994,0.9000573878674492,-0.9186617887023756,-0.6600825756917233
-4.498621850079253,-3.9313704815917148,-1.9598171176721078,-1.1515840572440106,-0.09514764885224057,-1.1224626852170752,-6.779352200550232,-6.732419973381048,-11.318047053969256,-6.695902365585155,-4.737608168252348,-2.7342889929804324,-2.269043868983807,-1.4232445167586785,-1.154064079987368,-0.9329586896182901,-1.9081282265051094,-2.332368217088637,-2.4109754839531163,-2.7319526569286374,-2.272089249947713,-2.446470899348581,-2.7510110795485296,-3.2950697809620957,-2.071206909244463,-3.1377974292917297,-1.8318460481691548,-1.4210825831460185,-1.2540199580755398,-1.0783716905821987,-0.9193995915516648,0.45391524237754655,-1.5277757784181918,-0.9937907124111967
-4.812332272624954,-4.498689714473059,-4.197070798147127,-1.169350638135272,-0.7797561775769046,-1.4108083379809684,-4.156535989330924,-3.038108622402101,-11.040173041493938,-8.299682062540517,-6.406715324128575,-5.200356345762208,-2.9704259415379335,-2.618051356089566,-2.168467308850268,-3.9299972901814817,-2.913376463767581,-4.130744279366035,-3.072297194651804,-3.9283329866780514,-3.1555634002267516,-3.842199654386417,-4.236667720560554,-3.204129016140107,-3.314039107749856,-2.7264675788129082,-3.4083623681797315,-2.224491142488576,-2.4773590894343975,-2.2551105558340545,-1.7571584431047347,-0.4271800584100738,-3.4694338860586855,-2.2108321328841227
-7.172591937780868,-5.307290480767347,-4.8952021175118325,-3.903834441682796,-2.430926287698781,-1.677868815503346,0.48287297498388493,-1.3738668559775846,-10.762752733352276,-8.539478503745835,-7.45722408608808,-5.686703036340542,-4.686791477953033,-2.0550199585115374,-2.7823617741649596,-3.6566124647240046,-4.738326574662899,-4.385953948219954,-4.712332152973359,-4.685975079408907,-4.084106181107928,-3.226028814205757,-4.936398642237209,-4.486214513316023,-3.793925319950183,-3.8231005906700766,-4.199681220235821,-3.218679987092264,-2.696796100383979,-2.9341439234622526,-2.345211052526763,-2.136060945374198,-1.9995406390920898,-3.7663710167213797
-9.01899614250663,-8.076808435024919,-6.786504301844905,-6.4842268234098865,-3.8215367975909054,-2.870665797769784,-7.433671720791301,-11.493058395090653,-14.5029596816675,-6.865552271481655,-4.349794804257672,-5.9009095138195065,-3.653303754104068,-4.294392008661361,-5.252829062124273,-2.669937879348791,-5.262306848519684,-5.437902736418229,-5.586666155812597,-4.9818675749494545,-5.574652726499952,-4.502535512394593,-5.531801361152805,-5.408268882453126,-4.794396416414288,-4.873207972025334,-4.941557417892669,-4.662970485685887,-4.967211558326357,-3.8953074651204553,-2.7117879183389824,-2.4479082263772662,-2.50553964386714,-2.2704762815503607
-11.130301860525963,-10.010888987318234,-7.9351551240102856,-7.317768991387188,-5.890155516073027,-8.607307889780135,-11.518687000134177,-7.362215419970889,-12.262316268554867,-15.734779135542132,-3.763822660438369,-5.368686518042845,-3.878546537139345,-5.652818971617696,-5.219992527507119,-5.03141468447355,-5.239874020984069,-5.960773560028599,-5.977375903998022,-6.101362869999081,-6.347174450689295,-5.86876587319202,-6.247912184750886,-6.098806412699263,-5.781550281446653,-5.985457492908106,-6.2782289587051725,-6.2433006071357475,-4.816452095624226,-4.687273579267919,-2.96695993712822,-2.890331309618626,-3.136098823495448,-2.6366237413875666
-12.789050231888714,-12.519727121512084,-10.903063984763556,-10.178620367050199,-6.7474390665028645,-8.24256200588678,-9.41301003144925,-19.571274479905174,-17.062478660915723,-10.94169882834535,-4.485197661094526,-4.5865040085959725,-5.3926832784956416,-5.74891950218699,-6.127236565344371,-6.145586369243075,-5.846775333220508,-7.499545022961909,-6.857824643357731,-7.34138226798509,-7.355391978230542,-7.526724278033,-6.391541177049396,-6.3180018291976845,-6.1499249005843355,-6.431247874824438,-6.0490880605805755,-5.290443040010002,-5.000508539560227,-4.230277931759838,-3.3481503188324053,-3.4750697383343097,-3.213930055453526,-2.9062004777042283
