script/wind450m.json
{"header": {"parameterCategory": 2, "parameterNumber": 3, "lo1": 3.000054539987559, "la1": 64.9999836372058, "dx": 0.5, "dy": 0.25, "nx": 34, "ny": 52, "refTime": "2026-05-07T10:00:00.000Z"}, "data":
[rows 24 to 47 of 52, columns 0 to 33 of 34]
5.827822259432913,4.345566050250185,3.0056112218456486,1.145327782156436,-1.1896183840462258,-2.001870738661409,-0.8636242988912702,3.1622836788862956,2.688243687990454,1.113061124038997,0.6338701983345534,0.5572995921484853,-0.39023366122128383,-0.3493643809084988,0.5426385676362805,-3.136444514392333,-2.6223562208842823,-2.324592515757616,-2.3614471563274955,-2.2365385718114172,-1.9777806978156478,-4.465272520668607,-3.920153948697722,-2.2371212471604287,-2.8473714654139206,1.8213243454511778,3.352219070419445,3.388706540012893,2.5211960902054042,1.934490298725762,1.3090063066838151,0.28965990955797194,-2.4668120871610357,-1.4567366481655064
5.283299861855534,3.929002889813706,2.5050448105745082,0.6238864649987641,-2.5281968690648355,-1.416667009198452,1.09173987289158,2.3590719301786356,2.539177971897669,2.02625517777677,1.5622990517081765,0.9957757627711505,-0.01473311105182459,-1.744149876244397,-3.5497287633004646,-3.6884447419700157,-3.4472863713673845,-1.7159505861853115,-1.8770178155448778,-1.595323617770973,-3.0431043178981905,-2.670047522390403,-3.9722933703212058,-2.8336312039596643,-1.458577124076082,1.2119027164598766,4.253158835010646,3.2136606274632054,2.6704425461824255,1.1574312142171579,1.297588415489384,-1.049922234329317,-1.6470337617327766,-2.0701525011960142
5.061570855169001,3.352605738369339,1.7099497795784202,-0.07663679301450708,-3.1734154649626345,0.992835861929178,3.7160812550468743,2.0231483021297256,1.8198838024512958,1.129232086524761,0.6849665624482075,1.1978928582022237,-1.1374490016376055,-1.160359149888146,-2.767804238906414,-3.2656038755865766,-2.820926641700004,-1.5743579903136753,-2.3620403698944212,-2.0281862956136467,-3.517793170497379,-2.64714069752322,-3.468429254953421,-1.0212887821987744,-2.7102689414948857,0.07853462136317783,3.2432002690931228,2.272134527051167,1.809698105513038,0.3789961057366311,0.5747667425323616,-1.5600651368905158,-1.8606281370688664,-2.6154352055664285
4.701431261558552,3.172499442593584,0.8673324793783178,-0.9226016480566301,-3.136034563630186,-0.12643612969870585,4.698127419194683,1.586466826619944,1.153121799262688,1.1641489246277754,0.8574014529481204,-0.14837425408100297,0.20634791333853517,-0.4533351866336624,-2.6051882351845985,-3.690979478088185,-3.27953906083706,-0.7435747729076969,-1.6395579846150845,-3.390097457987686,-2.3560770583227195,-2.4010883117139925,-2.3021184106025756,-1.6565804009126337,-2.367751954696125,-0.6896868636846024,2.1527860656908726,1.2012144815340815,0.8045591200922942,-1.007217627477009,-0.27245058370261166,-1.929163898403216,-2.166409014402186,-2.3948886455316307
4.448903107227426,2.88419088155829,0.6786923527074731,-1.2456972491879732,-3.2620202342205094,-0.7172689276685275,3.190525734887596,2.5328279856926925,1.2514938102569293,-1.0554179401768606,-1.2727855719770416,-0.876978187303593,-0.5635754555500112,-0.3588690849403532,-1.6714726434792098,-2.2320299817796987,-2.5699322423601143,-1.058797368055218,-2.089327584534118,-3.3605392087941226,-2.397446328353807,-2.15123355560408,-0.5226918900585213,-1.2269730186884844,-0.1274866144929571,0.012432842073608945,1.3893186685397183,1.8096915255978405,-0.506683587974594,-2.0766598012699924,-1.4154702349322603,-2.3564991816132763,-3.2120610822400084,-0.987407503812789
4.186432735905431,2.5495457083145454,0.5866703162621438,-1.443337621059455,-3.7837083454100933,-2.8791461815329162,1.4134485668765897,2.2096826260098146,1.2333818880208922,-0.01484085163419953,-0.2450422720262807,0.7317300129425071,0.7247473487245448,-0.05313204366498345,-0.2795619342225788,1.1494678691091362,0.3932110879963899,-1.1645953945171028,-2.4046864779362807,-3.980978221807284,-2.954828950238524,-2.167248418275935,-1.1895308663733015,0.20343755700215654,0.08509072541853778,-0.22521260367924872,0.14593419096247137,-0.04907117693154495,-1.793212051259933,-2.9991214407346334,-3.017435867970018,-4.178674863817828,-5.10965810289827,-1.918246265539102
3.793430824099305,2.017547504120058,-0.12742622328398218,-1.6683205281303324,-3.984802673774844,-3.5001351518201234,0.10093878210086424,0.6795352159420492,0.25641342811069107,-1.5969122442298087,0.7069117575605185,3.2306568388972283,2.3152977542780677,1.141050925765622,-0.6449869361106138,-0.5430635722043667,0.2208254420880934,-0.6662745513594956,-2.4986069064676117,-3.2732210034131857,-2.3736130101754753,-1.7138975961899736,-0.4643754045569897,0.9443215852998083,-0.38370086959132904,-0.6086968024363142,-1.0187412492001113,-1.032567890877202,-2.501940661255663,-4.159073210476988,-3.542399348853528,-3.197471265841008,-4.438806792148878,-4.589384031271168
3.4444713950089505,1.4570622656461143,-0.9817226676009848,-2.4436030493152736,-4.018351215327905,-4.384280965867739,-2.510385473931084,-0.2535953822095264,-0.617702438679504,-2.7835168624888698,-1.783289881317186,3.091210728265275,1.423998903300522,0.8751518252183981,0.24898970775094886,0.5109740254524028,-1.1291051133571517,-0.7000895977855393,-1.0959544933471976,-2.5185580274686687,-2.5409330852427803,-1.5894001540240799,0.07625212317161678,0.03255481524827333,-1.1378092480242699,-1.8906089118865135,-1.1965054226469765,-2.660938262127201,-3.722580525787554,-4.761222257964698,-4.308914401530083,-4.468965882485607,-6.0286073650844845,-6.289781340392813
2.7889393508666487,1.0995907512083691,-0.769870075436336,-2.3794738397195045,-3.9446387961290967,-4.738864667459027,-3.1008417571334204,-0.7997440996746814,-0.8716664586755095,-1.6038983718168847,-1.694913654345756,1.3734796088494978,0.4471480828045769,0.32122043930947813,-0.0024355751416989557,-1.0850811017426687,0.20792972502602222,-2.2713243987088707,-2.1768927371230946,-2.1229686780972474,-2.2676388659262434,-2.2506311871239557,-0.45999978734855257,-1.2080945514021926,-1.7933552000291912,-2.0739834128307373,-2.879223453259626,-3.0898743790712175,-4.741749513406993,-4.763461352442293,-3.8611811653941164,-6.519037695687181,-7.4623622708107975,-7.38361871585709
2.3590370178777698,0.8640343465543416,-0.6867472575748785,-2.221671631663263,-3.5133924626150117,-4.275380223640509,-3.383945947343013,-1.2466757556389267,-1.3749634603379182,-1.8040867327206356,1.1286069230408602,1.7818903702883078,0.7092202550086022,0.45140536478249677,0.09748574492424535,-1.7643455197850628,-0.30579736579088096,0.08927666400707415,-2.5912461564478275,-4.403023474592895,-1.7538494633955253,-1.603419887603095,-1.5369009593792813,-1.9237940981602901,-2.6891484317863545,-2.844747913056444,-3.3804034239321745,-2.6329067991591977,-5.796358703653574,-5.155049552639647,-4.641225412494594,-6.487565239129329,-8.471979607839353,-8.296604076506114
2.0801055454123665,0.6927788068930596,-0.6134192216296142,-1.889412498128344,-3.4781357886862554,-3.873960196142045,-2.7426086582677516,-0.9287949994995354,-0.4695004425407459,0.36496480517185254,0.6584182457315817,0.6403576414369339,0.878675127052521,0.7885254446765523,0.31096875218330106,-0.5257840274857914,-2.9853241070347654,-0.9744663763226132,-1.6136920656858877,-3.8266588121569756,-3.7326157912732083,-2.214105998361013,-2.7960837805869247,-3.10335424711753,-3.4410145522078874,-3.137132585724095,-3.028994156117179,-4.09278127642476,-6.433558464515262,-6.216028231187049,-8.321956014582293,-7.824339111362924,-9.834806533402324,-7.590310652061583
2.0335830440341316,0.9825523569866951,-0.5938870708252625,-1.9791585960989835,-3.0600527915158042,-3.505883117810493,-2.5100477753274864,-0.9436373183882901,-0.6238559744517377,0.1301796060705095,1.3403700592934094,1.3046301382554868,1.1242490776788072,0.7287090545094901,-0.08010353119709801,-0.8204889849271656,-0.3977800442930532,0.030825969866381742,-2.389977306641388,-3.582126205251773,-4.057842561304092,-3.1401109426744274,-3.6338097305239683,-2.3767019361063673,-2.2679387194365135,-3.2994881986157383,-4.990513399437244,-6.247553451655604,-7.359975902536703,-8.549710294945006,-8.122853674661688,-9.116585046069016,-9.869096689707087,-8.38524540571117
1.5128555100933148,0.8385288738761393,-0.13339598735500457,-1.4262877203622095,-2.715781486043498,-3.036806672851655,-2.2846646231424863,-1.1951810636561244,-0.5386187599094981,0.8924138410572743,1.101960621807575,1.956972869781748,2.190214613862158,1.3372581193604018,0.5657811460903327,0.328640962001701,-0.25507726810960996,-1.6224187410868378,-3.30674539862886,-4.921981959825594,-4.160685626961676,-3.7245349175960696,-3.8967467406713587,-1.5079740409433877,-1.4671551643372551,-0.5536431579344288,-3.217674721198534,-6.9927345860654695,-8.888692109989716,-8.207376595394933,-8.867767935755918,-10.052882830352807,-9.056144261222082,-7.268461592823777
1.0635480887574535,0.6729008417413277,-0.0825946615544306,-1.24630256170265,-2.3305013682090965,-2.9983408787508723,-1.849850990365004,-0.7820236741946424,-0.4767847852530019,-0.47122883046465747,2.2906242977426747,2.5391830608959784,1.6692073176069198,2.120785830617176,2.685593367249952,0.7454546680134178,-1.2902870608515742,-3.060818071971937,-4.102634016754691,-4.136565559645916,-3.633786562882368,-4.2383650694607695,-1.1756824761670197,-2.1235419842808443,-2.4482594814386482,-2.6603881252853534,-6.499767485734275,-8.028615400636136,-9.540013459001244,-7.670034774460769,-9.083260432478783,-9.982298330106275,-10.327964934800347,-7.2696764152856375
0.8418430991530017,0.5688539834141941,-0.31175816549975405,-1.2610115687256866,-2.478886890756562,-2.932383040391893,-1.6508900916696205,-1.237576735049038,-0.2634618890135969,2.2592799479483396,2.090502175951287,2.5858595048608946,2.0544615833051734,2.021760426789694,-0.48575128249694666,0.04771074176492903,-1.7479960458328925,-2.7688357672706356,-3.9840821269443447,-2.889791558871729,-4.654061179633999,-2.7741694119860782,-2.896639886002382,-4.754658183244398,-3.1515654086353093,-5.411515025521755,-6.660463724401462,-8.729572907051246,-7.423099090947054,-8.423413461578614,-8.930391344988509,-10.619643761889577,-9.294991240255552,-7.470301663170837
0.8867327731994966,0.08276444868475011,-0.7163369740804173,-1.5177083443974873,-2.3866233900117884,-2.6303659992439665,-1.8574245993723797,-1.091605826717403,1.1548932448783706,2.4823232017523233,1.5495237886948885,1.7702126883727105,1.0509484431065825,1.1258912510814545,-0.11643341746970683,-0.43141202229897757,-1.2728908935442298,-1.8685461984874707,-2.786732508535039,-5.20797906580867,-3.783019510491096,-2.0656223858952787,-4.420865526208643,-4.653074766572021,-4.002698076552931,-5.838641283852809,-7.687318546401504,-7.652758331639166,-7.2806612284350605,-8.331624278578479,-9.172324548753059,-8.908463714564022,-9.026027061224198,-7.409485079576489
0.7976231052009117,-0.45264970780436964,-1.3440993263313539,-1.97978407176624,-2.334032812103509,-2.612345078954287,-2.278074832774858,-1.658062448178193,1.5578441604891584,1.4461745282294447,2.4236687419682723,1.4244897513511408,0.9056490765221014,0.72203774941062,1.148859834244492,-0.16116713696230625,-0.41241921804066317,-0.2750902748009376,-2.0571313625462144,-3.398650031888402,-2.844419707566086,-4.888019706131744,-5.635936532992979,-4.543224524745219,-5.5724353516352,-6.580652566404426,-7.595493128483471,-7.382569824384238,-8.00750802269161,-7.896910694800385,-7.631325610734556,-9.032936774674893,-8.074894570773166,-5.174034998927121
0.36730792472551005,-0.7304741591130484,-2.065871277575253,-2.805872213984647,-3.4336973738164103,-3.277494906306916,-2.9298422461184592,-1.6204482452004263,1.720426442676109,1.302676682424154,1.6708196093737726,1.107284354610323,0.4101092597118033,0.7210929826802737,2.317833886124829,-1.0737717820596022,-0.9847677867160587,-1.245577026920458,-2.898799344875899,-4.195187195636186,-5.7074474150747285,-6.49851377736291,-4.089839683124924,-3.4889564021936716,-5.712933278555002,-7.316900255931117,-7.6166228037081645,-8.413428168167162,-6.82681605160727,-6.949875169332822,-7.6622779896630835,-8.245384988456815,-6.579407509619854,-7.209321756686743
0.7637046677495942,-2.027418780775772,-2.885710768701235,-3.232960501477542,-3.5221130698178573,-3.4499156398615556,-3.094377524664002,-1.704609191877854,0.24902116172883024,0.8960875107321807,2.013738163521696,0.01608339829625862,0.36880523285660133,0.25938460227225507,1.9411350818226711,1.301261556462911,-0.4346133507956906,-2.324595331751236,-4.000866659615065,-4.700499170521611,-4.65053234213364,-3.2681133071423285,-4.267767855613734,-6.321308068887579,-5.88859435081508,-7.5880661240289795,-7.503024215619886,-6.64055431609954,-6.227930927836427,-6.218782581459391,-7.073838774105216,-8.512150096512332,-7.69752889631125,-7.509729464604225
-1.343753563202688,-2.7776190681014015,-3.053706960083011,-3.602994706941729,-4.020757592144092,-3.7832397736686842,-3.7735040267493467,-1.854099303396076,-1.9698545677395272,-0.24282714803085234,0.78276509082221,-0.16220445459224334,-0.29836175040927115,-0.8393512741514837,-0.8867131379871694,-1.408964573859641,-2.075605863916089,-3.4506502090848024,-4.909062179323175,-5.281770050997105,-4.444922875407461,-4.190307454376341,-4.991472844132982,-5.7199626390342395,-7.145525216781647,-6.558105243054856,-7.107289345095008,-6.016286923756661,-5.8368125132238164,-5.929898388198244,-7.042535288459778,-8.035674462447165,-8.967036043425418,-7.870167329595475
-1.0649797195105812,-2.3914267524650135,-3.2110572429136033,-3.8049212852613956,-4.033611011691401,-3.9255252215523933,-4.414262981427921,-2.0022208542216893,-1.891840593091741,0.02929059719269186,1.7769395789778955,-1.5159442849119025,-0.4955635480281035,-0.5747954341658102,-0.8727376392732517,-2.123804606320589,-2.914963053876333,-4.995007201504871,-4.266367323459466,-4.5740033304686,-4.887123301554988,-5.02081686317313,-6.269596579407281,-6.249626827774466,-6.939933304747703,-6.866313249252882,-5.841542542412505,-5.946286965892169,-6.7043933753813105,-6.3209939508574084,-6.749970310210877,-9.022668296238487,-8.976661197354987,-6.220371559532955
-1.2484067924513116,-2.5238921697915115,-3.5716679950124774,-3.902223492520108,-4.169406915161293,-4.881663762178136,-4.014424514421642,-4.319337061698664,-3.4721918041218607,1.0643738682275492,1.054452571305648,-0.29353452497747834,-0.7069075730681352,-1.014406156139489,-1.4984627330722704,-2.036098143794634,-2.7686817538645663,-3.3905127427700337,-4.145502837750807,-4.871403697184372,-5.394203472957139,-6.184300475558319,-6.8281931594572916,-6.281687204235598,-5.74764338968988,-5.5692291441419135,-6.86137853251316,-5.665194915621465,-6.467717577160116,-6.95448859305368,-7.339912642185483,-8.126504533223326,-8.631086722321488,-6.628967179665399
-1.5208205083140793,-2.7539371913185806,-3.5615219903533872,-3.903279837337781,-4.935631825730319,-5.654444110111815,-4.871986216508405,-4.057262320184466,-3.007614054352059,-1.7576355305484617,-0.9309980875012611,-0.46731971767898556,-1.1605987876281452,-1.3939745163418065,-1.5384611599267535,-2.211181124133855,-3.0585525590994704,-3.9239455426434895,-4.791105861373115,-5.888297571018519,-6.104506361859927,-7.351402228838059,-6.209696069982747,-5.367941222905118,-5.824987431870716,-5.404455365411916,-6.056759216601183,-6.2934130693012404,-6.966162153154345,-6.437198728708553,-6.159271444015699,-7.183869578053615,-7.760522409176613,-5.970039188002338
-1.824464493266166,-2.7098204981026583,-3.3942351095241388,-3.8668331705873804,-4.830281543818411,-5.790949228871338,-4.575165868543469,-4.80816808274971,-3.003134347906545,-2.6496785645749705,-1.2968505563492938,-1.2804409213431212,-1.4403265054238685,-2.1213999553898106,-1.9475148799940707,-2.4532061763532726,-3.074848186771019,-5.096280513127858,-5.084547804911901,-5.534939321114836,-5.862656907505541,-5.455734071503529,-5.302636523206392,-5.475091941057842,-5.592653537174701,-5.960152571767743,-6.639214340770485,-6.689277802010964,-5.710645223986925,-6.674172818363732,-5.93222452607411,-7.286911526186872,-6.899470676284004,-5.213893770237267
