script/wind250m.json
{"header": {"parameterCategory": 2, "parameterNumber": 2, "lo1": 3.000054539987559, "la1": 64.9999836372058, "dx": 0.5, "dy": 0.25, "nx": 34, "ny": 52, "refTime": "2026-01-12T05:00:00.000Z"}, "data":
[rows 0 to 23 of 52, columns 0 to 33 of 34]
-11.669893905429303,-11.690082504465604,-11.683041500088498,-11.310703318542144,-11.976204623372537,-8.856023949416713,-8.12198853731615,-9.025809380429253,-11.08962765069279,-11.669426680756645,-12.059265103938786,-12.79255491620378,-13.455959320061252,-14.774042624210256,-16.078244702467455,-16.391456468713347,-11.669620260404203,-14.043696217561886,-16.043689825594786,-14.215270133390803,-11.046732371995482,-7.2361272042326,-11.880295258475929,-8.527419211585498,-8.028111351820625,-5.245482307151941,-3.24734431643155,-3.677196793097069,-4.8708731599658375,-5.173981305004147,-4.752590783397449,-4.819057411101669,-5.754583210348331,-6.667054633763874
-11.525385432980237,-11.583091722363374,-11.120079957302208,-11.094124320576244,-12.786809756957783,-8.576367185762214,-7.143367535146975,-8.30852382926656,-10.088664834023763,-11.76729061238041,-12.846010273950442,-13.24995313493571,-13.287852908077744,-14.207634935478717,-14.842515244903039,-17.196523357865793,-13.595487344253812,-14.120170168863305,-19.199260345089378,-13.515935532098297,-15.6385477815358,-14.03483705393371,-8.89803502474673,-10.67751091751969,-5.398075084066069,-4.466019818969891,-4.635232958039025,-4.140086050840041,-4.382876383693021,-6.517635468917388,-5.775425672631488,-6.598097539583585,-8.225515098673194,-8.915151350688802
-11.504459763193598,-11.536967662373083,-11.167863276362468,-11.644566292659924,-11.864357005637144,-8.981502451375917,-6.339010270647501,-7.844857879472874,-9.735500395410417,-12.82466628998021,-13.944902823029421,-13.180773813062567,-13.416671747101557,-13.863197230539516,-14.037165506584111,-15.079485612835326,-13.84012015853587,-15.099758973110395,-12.701076754731872,-11.728676610018,-15.654428789502399,-9.064451708797545,-11.068763677576158,-9.686583133517772,-6.526124700471293,-4.360999787993624,-5.864942426469595,-5.48554009677374,-6.36729348475224,-7.620673098009882,-8.677579137691765,-8.18556046863866,-9.058481968040855,-10.184376503152572
-10.332626278743803,-10.574576510768795,-10.364855992647394,-12.151695918041627,-11.161994212108905,-9.463773598359353,-6.388665752412566,-7.751298503419676,-9.475249301396351,-13.123663825325995,-14.505937719342075,-14.469865685969353,-14.757009239465143,-14.500590110632354,-15.116269368278477,-15.491485782824444,-12.982271455408346,-12.68966595066773,-12.56512787699771,-11.195261581407646,-16.32161335973224,-10.5560143873707,-8.7394194635692,-7.35697062308044,-5.597545821224334,-6.735529862610691,-6.110442092148875,-6.312551806988318,-7.518371561308697,-9.45818103479334,-8.885465730896975,-9.120561522388728,-9.209117146759503,-9.944781354613376
-10.433046878834935,-9.92108811443772,-9.492886058247425,-12.460643874626879,-10.442174044562709,-9.65418652517742,-7.645601268837382,-8.502160525419859,-9.279293004837406,-12.666185229434411,-13.626440602182624,-14.87079725797893,-15.607626532910334,-14.942911264885169,-18.109132289155117,-15.237495778210242,-9.497188434305489,-7.125262771041789,-11.901929945839225,-13.849442304957893,-13.436969376394332,-9.8978137795341,-6.30359797387,-6.758317365887757,-6.587870805469322,-7.622300651277574,-7.894695729409225,-5.628360800697438,-8.449531292889214,-10.768882302899648,-10.481718842815257,-10.697324234170317,-10.655996560039549,-11.861312240301682
-10.604314984093458,-9.385598873734844,-10.533444083792498,-12.127955539648541,-9.613680234663352,-9.219576377806,-7.8710989417852915,-7.2649655226508205,-8.870823762269348,-11.213307770771015,-12.194463937893241,-13.46937622798829,-14.146882089055019,-18.366335761590804,-16.346489802109303,-9.79680057086739,-5.823342553671941,-8.50408297816662,-16.368282933158124,-14.72435332017471,-13.670332880001954,-9.736121741607889,-5.597190624949985,-4.2148248662482795,-6.235075606186801,-8.191849060663685,-7.253495390158898,-8.561242339553218,-9.42724878115054,-11.580362803270106,-12.36489038767515,-12.569897112011477,-13.90722204360479,-14.245799291641399
-10.200845067126698,-9.70100893397807,-9.366686733518327,-10.789676620377096,-9.463602101959374,-9.132657718558765,-6.947624027339282,-5.546868027330197,-6.4377724197963175,-7.939263421938953,-8.052171283675452,-7.304299265442777,-10.242361986161201,-16.442372033266853,-8.274720461414496,-7.67050449371747,-8.87909519379744,-14.828030103823313,-13.364587110786498,-9.87883695181049,-9.653954455432,-10.035906625563415,-4.76967609116153,-5.2887328277317565,-6.064641934914971,-6.727261470216091,-7.8069566816924185,-6.800976501206332,-9.549307792569463,-12.498689530658343,-12.101429662169272,-13.367722208832287,-14.087644684218148,-11.381613452147683
-9.373371665121203,-9.547046319537523,-8.06046298247081,-11.216029226250939,-9.232098858962125,-8.027467633288772,-6.7685503391172,-5.780253244180234,-5.9769592234089925,-7.578665777015418,-5.430014640525644,-8.52118860074002,-6.5690626774162295,-10.427084483861828,-10.150876675853947,-10.398019278892013,-6.297804568562388,-9.270940770668549,-5.723513284587628,-2.6212221669945084,-4.694547748433464,-4.777871005051885,-3.739309528758254,-5.376092055722662,-8.12850727883627,-9.006991122689474,-8.505913968312722,-8.380165987286142,-7.203391311362596,-9.441758124066359,-12.096662665616831,-9.727653658412482,-9.890156073865075,-10.981194623688893
-8.678847410042254,-8.799079273299524,-8.1898797140275,-7.82705256336119,-10.221960067530214,-7.61674207132141,-5.9754865606726355,-4.9909100455694775,-3.8369724285741533,-3.372132395895073,-9.256162646561974,-5.23412923965238,-5.160054769722454,-10.918671763397805,-9.447366685050318,-8.72607740635225,-10.22952211046408,-8.277724085242351,-13.414521483245805,-9.011669120421457,-9.373489519202233,-6.187759481330043,-3.857266394882611,-4.774207416082452,-8.219144081783586,-9.412793275071284,-9.413963225255019,-7.2937315649598435,-7.5996949185093845,-5.100978005904292,-12.169196350169269,-5.223671483802344,-9.968639617393652,-10.47932468848866
-8.43161504783405,-8.097264959795464,-8.190759276016404,-7.385944109161258,-8.824346395496391,-7.957521927094303,-4.475508185446258,-2.747363256666577,-7.3201776765031425,-2.058962939109831,-4.841032972041825,-1.267908956594491,-4.935768332156026,3.4572690881670556,-2.5879676532838953,-7.118247501278389,-6.722603015825752,-9.622222125454334,-10.579057328486785,-5.296782017168288,-4.54533257106149,-6.42729267412922,-6.035246654122968,-8.159885783326319,-9.04870223878908,-11.068726601638916,-10.928779531535938,-10.79352767220186,-12.466104408742726,-12.728931837526893,-4.1973045646773945,-9.71009213080372,-9.883481358685916,-9.688028299063937
-9.17588853669221,-8.428174073089343,-8.122647599096242,-7.2622429314571315,-6.94294397454733,-10.378235515157144,-5.333508493132312,-6.166259498259878,-5.64670019832027,-5.608852509092982,-0.23300572949089685,-10.613283698183226,-1.6984738090094986,-0.31809534323131394,-1.1071138606263988,-6.320320737381713,-0.12953483075451006,-7.130415809693751,-8.550374933585015,-5.721643827648119,-5.042859779224896,-4.272124312097673,-8.199567063270562,-6.45966427149644,-11.530446501713586,-8.778867411722066,-3.4360305354316005,-13.943358923234848,-7.8471856793919645,-14.359077340854686,-8.570530535497774,-9.470655543998632,-9.72834457430734,-8.907366535203861
-10.024487898732131,-9.585658314398936,-8.629254908651273,-7.842829707694265,-6.389839160878928,-11.20676890762876,-8.722927146203052,-10.054191937154853,-5.7881685477238065,-13.853174289966953,-11.066084399627965,-5.32649792784082,-10.566096379626126,1.4885723050176727,-3.30465328283578,-4.463095108541609,-5.429697568278529,-4.330645308878805,-5.659495345047906,-5.772918808843042,-6.316675853832947,-7.60559359974432,-5.254970309141884,-7.813392966222488,-8.458091685723007,-10.706850168972986,-12.50166269098078,-11.621168847466775,-5.693236940015137,-9.52237004626621,-9.610921610296405,-9.012990838698574,-8.371314263537679,-7.757639563447295
-11.819933030735482,-10.503900806199468,-9.777072769021537,-9.401400269079437,-7.521258145879891,-12.895464898214415,-5.070917335424091,-6.544244057243489,-12.418893960280943,-2.504286493048257,-8.735331659308708,-5.635696823295183,-1.6484380464118804,1.9920205438674021,-2.9925491664947605,-2.743170172702956,-4.642424097784888,-3.8882514918659687,-7.115554962157903,-6.343106562992473,-5.924757046744447,-7.411773221238942,-8.23606523752222,-7.34018727560479,-8.908430236407849,-9.434840145820345,-6.9834006851371875,-11.790966270602613,-6.4029027360533854,-8.993622442263487,-7.822941895403612,-7.274424263016287,-7.771007331730494,-8.067924176964475
-12.630116396057424,-12.12739649349603,-11.526688492695227,-11.249739665623862,-14.300554882974977,-15.630251695712243,-11.206496451945972,-10.596569645297205,-18.989319458470238,-6.161420893239041,-2.661618235669319,1.573105838960208,-2.4354047030294814,-6.020629158555042,-0.5295319026894466,-2.951191690943834,-4.142837965930994,-5.5112911317006255,-4.1361663343200314,-7.656851122235153,-3.4487418569665618,-8.437233634411873,-8.154064100613402,-8.831407646970922,-10.466994525883058,-10.331105177412446,-7.412305254424051,-4.912770846010988,-6.3083694977737395,-7.35580732533408,-7.188868087078482,-7.682616356110462,-8.224514274352924,-8.159987415347786
-13.442511441695329,-13.508215996851892,-13.604669269707735,-12.141496675397896,-11.264378010813987,-17.20202532824272,-11.774213832904197,-18.834474966670147,-10.850947727356687,-6.692525448643194,-1.4530179690782488,-0.8690892599509976,0.500647672566197,-0.6037181417367568,-4.852170997126171,-2.072905916185572,-2.443348041666027,-6.280759351190258,-6.142350101883136,-5.611611240213867,-5.204174708881572,-7.310017665505438,-8.541982125491508,-8.4081877771272,-8.97338663305425,-10.814920381528953,-10.303348841367542,-7.989222803884559,-5.660519925301541,-7.271628970920979,-7.266628671189524,-8.339048414845394,-8.644240772805942,-7.9665210371173725
-14.150096918512286,-14.172962279700734,-14.437880127247883,-11.263910479154106,-11.154426608939941,-16.107736639455972,-17.989520889603384,-9.844611085535675,-10.381600130162463,-11.310771958830765,-12.911240548988266,-6.4036024268253815,-2.7554030012020894,-2.757636497525105,-4.054139110346464,-5.17306560674156,-3.899339043474662,-4.285334820602161,-7.891399991280285,-7.307784328274164,-8.244230143029371,-7.181359590954933,-5.028245388629025,-7.076729149925783,-7.1285369813042445,-8.707763520609198,-9.446814820877828,-3.1878655864366943,-4.980279874612131,-7.364951934646732,-7.430121316046321,-8.516858702445642,-8.24380994481041,-7.7458676173835554
-14.834831075425447,-15.18909252544797,-15.550062510619341,-13.067832807689769,-9.405853226212535,-17.414988449950503,-16.52793488260283,-15.772801461199823,-15.920622861398476,-10.722449546451225,-10.16023183847259,-2.4783757477803516,-2.287011949251412,-4.215230397169833,-3.381501048570216,-1.9261925794954278,-4.617318354122694,-4.309363063811673,-6.776413049086583,-7.249445617296727,-8.191218729257676,-7.891233519184207,-8.794596468617923,-7.148292775694972,-8.799342587744585,-8.609292764849387,-10.390951747192,-9.257925985522922,-6.305770183681322,-7.036935352293002,-7.2564450985012865,-8.135670456018323,-7.969309025876871,-7.381239795531015
-15.485526645835485,-15.608777851057704,-15.933889619175517,-14.599746285477442,-9.428266779476404,-14.358589205744552,-17.97817361285286,-5.836068519148775,-15.20061055723103,-11.999028055142247,-8.245260489357298,-4.609803124508193,-2.876671677648432,-3.919379690178758,-3.916358824948168,-4.915269281197565,-1.3787783569611207,-6.251985323338641,-6.852276585424566,-7.086300767847806,-7.425079059254994,-7.377611740507846,-8.715171300468747,-8.793262869046057,-6.550140966864261,-8.583117999775999,-9.378029709236534,-7.178495064668743,-6.581471366134588,-6.9110587473876155,-6.822069036298212,-7.574891490827515,-7.516546243923425,-6.5568978363396075
-15.806904672335857,-16.44233742274731,-16.970911621626033,-15.686307723304218,-10.683953481550848,-7.387826813073922,-11.553356091146743,-16.85387806411058,-24.29047985311495,-9.597063056320485,-6.778186241288759,-7.4652393347502635,-6.435899206297331,-4.477883280093177,-2.057005978403742,-4.223688268682861,-3.7182760550084186,-4.956292023172841,-4.664317979037863,-6.872602074951039,-7.012748358448576,-8.543776210574912,-7.501621166014671,-7.763730373641032,-5.031615448907059,-6.9008910732222954,-9.540505002883782,-5.300034130548377,-6.426205267096116,-6.639743663638431,-6.420299425310784,-7.0671096573464185,-6.672867216611505,-6.698406529785428
-16.431168554824534,-17.0824909320007,-17.75202942743612,-16.50316370444659,-12.36518047350439,-10.65450609468838,-11.046439961780376,-8.789828227213382,-15.44931290238028,-9.966502543803012,-9.6847036820275,-7.9858982879907305,-5.064385435626229,-3.4088875355900035,-2.547390096893208,-6.537694906877818,-2.4322535348310197,-5.794288064764276,-6.611746337953378,-7.679317316828899,-7.003623114318106,-7.957101849733324,-9.263707051084651,-7.946314587319353,-6.58452524057119,-8.10908246805071,-4.760366989037321,-7.26915378670312,-4.456356488082708,-7.376113385687869,-6.58703800437677,-6.206673996702148,-5.979990384755946,-5.789370423797411
-16.897788133227266,-17.783248440531118,-18.581145346394457,-18.553284302553408,-13.42632252500638,-14.159287039305351,-30.642432456230402,-4.67141502343237,-19.292506265225843,-10.175011521985518,-7.8812754465062635,-5.993804594093744,-2.885321485485567,-2.787804870580982,0.6135428120175342,-5.8213434769889805,-4.923586823044343,-6.960683011748823,-6.55717808764361,-7.7348560301858535,-6.999395314415059,-7.442027577168297,-8.809936437182849,-7.765041745659924,-8.45428788727114,-7.968993768416273,-5.204533717130468,-4.909751618941812,-3.850089010928451,-5.667042091569091,-5.707940762779218,-5.524052034044544,-5.339772316615915,-4.882714670720818
-17.39684461103979,-18.47356098678248,-19.425874790445153,-20.23109960665665,-15.228040624324585,-12.08067438083634,-17.702577772269308,-24.163245867243543,-20.809719154318078,-8.884047311611518,-7.8107071644354065,-5.614504557214314,-3.938612335641835,-4.162905128006103,-5.233691472135183,-2.7021775391255813,-6.669407338368463,-7.375323540604505,-7.699151337945911,-6.835629016540202,-8.532228949452824,-7.876056705211924,-8.503691745459095,-7.982329199154523,-8.284066401824287,-7.878269959437824,-7.117393716444709,-5.829703566985682,-4.087203150761068,-4.645378207537872,-4.583581443451375,-5.158012318825194,-4.109180467687328,-5.069646978598198
-17.51860992717609,-18.595666529487744,-19.69919562174897,-21.038634153387264,-17.34864336251412,-14.138306486113077,-17.27073930890219,-18.742642245904275,-18.546488132225992,-20.536968157195002,-9.270141416636916,-10.566979863907727,-5.281260807891084,-5.856351371160036,-4.993538847379491,-3.8657228802138954,-7.025334983930733,-7.964711600114796,-7.704349792182404,-7.060836388810785,-8.309809829318947,-7.786171746476731,-8.09261596962113,-8.20571423658693,-8.064160049959348,-7.075725097869454,-7.193975114673138,-5.87620113750829,-4.088861990690155,-2.969628430698669,-4.085750064679857,-4.26256510878632,-4.374850340605548,-5.040564833096072
-18.069102077580013,-18.834390469834375,-19.714895181587096,-21.49593881802971,-19.39025042978793,-14.144210714011676,-10.347982641168745,-27.88466055093837,-22.148263350522573,-18.248207196229433,-5.951532492587706,-7.2544092208442486,-8.585423877774994,-9.165668397652453,-6.80952484084587,-3.0583507471727334,-7.308662757062883,-8.511156023954824,-8.205063834911575,-6.696107505940442,-6.502842518331618,-8.203931036878576,-7.313112009695702,-6.516038239366911,-6.1680828580307185,-7.233503599230052,-4.8037143763066394,-3.151950161808467,-2.7574729628419123,-3.6900096665866995,-3.098108117033846,-3.184582045467836,-4.579403887784592,-5.37959778509389
