script/wind10m.json
{"header": {"parameterCategory": 2, "parameterNumber": 3, "lo1": 6.000027932988019, "la1": 58.9999434238085, "dx": 0.5, "dy": 0.25, "nx": 22, "ny": 24, "refTime": "2024-08-16T07:00:00.000Z"}, "data":
[rows 0 to 23 of 24, columns 0 to 21 of 22]
0.9703159971787862,-1.248442118590223,-1.6587213733307582,-1.0937214670352937,-1.1443484323896234,-0.707496399552474,-0.6403626391310683,-0.9071195315458151,-0.7488317441393976,-1.6038005250810132,-0.15753512999119937,0.7834889343458388,1.4963503871615766,1.9527815897470648,5.41309557499882,5.588960506565346,2.5822711171286463,2.1151323108703988,2.1350694135322303,2.1601476686976318,1.28696042920828,1.4780745351002091
0.6513708562370826,0.33092072110350534,-0.5451784330534428,-1.275298155120721,-1.352205593738524,0.2219424519985995,-0.8573661811357962,-1.0182495039396415,-1.749690851877003,-1.4969270158653367,-0.434218729481642,0.8691125647314563,2.176492684990358,2.329551163287506,5.605452140836288,5.69863359089968,2.030612477394371,2.599224791883183,2.30092580131486,1.499736125064656,1.8179995603988734,1.7536883840921547
0.29730334736693853,-1.0316644698080584,-0.25294677782244257,0.17397863608227265,-0.5680306679484435,-0.7858977522918495,-0.11121378726605925,-1.9160600883203889,-2.5708842322098038,-1.966767148438992,-0.6473965490944504,1.0302123661271563,1.488439383013663,3.8471639235053274,2.7411246462257868,1.6037586597626092,2.430868692159803,3.0432262669325514,2.7917956599475544,1.6932818175060238,2.2574630588983347,2.6633030983588335
-0.8309704941256177,-0.548542133029278,-0.8093695914121088,-0.2580478270855311,-0.6813366251206923,-0.24690117229379938,-2.305034246977821,-2.7674678017217835,-2.1616677818005847,-1.8271845932611483,0.5670687697123787,1.6847912016765452,1.231060216119577,1.127763435933729,2.813000196601331,2.5302716901150477,1.9712708979142946,6.139049841109746,1.4164179762406992,1.4775829458534078,1.8469425190778364,1.9656084266142755
-0.8968557788768446,-1.3273015429146948,-1.0456082027363751,-0.465560292393751,-1.6646559539832675,-2.3263635499416147,-3.2816260457926916,-2.644114797256582,-1.665841366961873,-0.37512393814953005,1.6054665806000663,2.0974503161232794,0.9141618082506722,1.4606826845546599,1.6825160767656926,2.435907924952498,1.7547939046755925,2.1781963211043887,1.8743221219652686,1.19388088096475,1.7825658447210464,1.868037985134913
0.1105721983272876,-1.2333463555554065,-2.0675641960176905,-3.1660267495766874,-4.43829916959099,-3.9801072753386957,-2.563978188431402,-2.3551582238550464,-0.8995506035397831,0.40931775031401385,0.8205980739874468,0.5376542844295081,1.8352528016469554,1.3374233778825684,2.1216239390329537,2.3093893651675828,2.2434669694207106,1.9654834081421,2.0629916926176173,1.570901224286212,1.3880665911042516,1.705798420045235
0.5584670383546964,-1.0768277718661023,-2.399806139555261,-3.426235486125575,-4.169152612910883,-4.418516403126319,-3.251624516415486,-2.811098228934202,-0.23963932262525794,-0.25077979184799426,-1.1128858176185494,1.8031252786305618,1.7971063166308492,2.221846390469678,1.9022571374133235,2.0377628610147753,1.724551056836595,2.2463666895577608,1.8431220024862018,1.4768944345439867,1.5145585976086176,1.3631502922781318
0.367937498972105,-1.7631995059562175,-3.0405201869391667,-3.40706179936206,-4.021900241336488,-3.7783397517012425,-4.428606463826237,-3.878502992280536,-1.2058030456606819,-1.606611463932089,0.33642585283777793,3.3890699047988044,5.529548359828539,2.2768984932200613,1.7893735926898622,1.8599267184751833,1.835739689999538,1.6594923087742803,1.9559342611807229,1.3623215446721317,1.307464801892954,2.419340746040994
-0.3870012010091656,-1.8660600971776449,-3.0794887981196077,-3.9159302348397005,-4.180292474106872,-1.8671832121847367,-3.2053725944706652,-1.471579621560622,-1.9227399277603492,2.4763729936366716,4.687018997195412,4.396851048647699,6.141662700473763,2.5793038641522488,1.8946515189460136,1.5434038078421966,2.1521543016832765,1.5453122883610118,1.6592073854296738,1.3003410317255701,2.274675316793731,3.959520719242472
-0.34336632148887364,-2.439620559613346,-3.638697213160115,-4.415014678728786,-4.849297148833132,-3.1242290059608235,-1.796049238025873,-2.243101405634911,0.10401012679114946,2.107955821298164,6.042240011126699,6.3223636592288965,6.718130516843932,6.533991356373419,2.4614593547160397,2.0473247129772,1.9897244349207794,1.1464399511621495,1.0590225374017455,1.3175206020818884,1.7561621343948357,4.302146907357079
-1.7693039503677792,-3.118969463090161,-3.923844295104565,-4.850848248825023,-4.94493355721384,-2.2922888900647256,-1.914680406601207,-0.9567789581132145,0.132728218998688,2.776676287756036,5.688903039736997,8.002849988273573,7.368636249058795,7.795774306580532,2.819272761418968,1.4736357751317786,1.4708240215160115,1.0192076375957342,0.9208558204102174,1.4014471170920695,1.2243704225514407,2.4444564149685886
-2.90775323582241,-3.8656175451778587,-4.533066671037227,-4.820709893198699,-5.099290826625802,-2.049791509564741,-1.9069031151468754,-0.5330312706130291,2.0516133744776863,3.7295449966349716,6.650304838717718,6.9477451218612485,7.293904806466059,4.479006535787489,2.4612646042281496,1.7199365027517797,0.8502184073095304,0.6422244642292553,1.1125902664137601,1.3095955690827985,1.196106457833132,3.5700865449153025
-3.376982980875788,-3.7675711938978975,-4.459315387847392,-5.136024110977357,-5.290129590862376,-1.2291316292154486,-0.9119496520302779,1.1043087409049108,3.555875716672756,7.358286175543467,8.783946819906722,7.191705459671295,3.3043613501502436,2.2065592141743156,1.783039972780526,0.655522248392949,0.8486553364696438,4.092043316732983,4.313497102812449,4.0061756903143895,3.8916778009422726,3.739796323011287
-3.774186516539775,-4.399006095477871,-5.016715478802869,-4.9075806155122645,-4.1367080673229815,-1.7495358569971755,0.432040407333342,1.684273851463969,4.486900242792004,6.880833862853927,7.301677661222842,4.5674461980879135,2.680936835513836,1.8165248904363258,2.0900887915459565,2.003368399669006,1.142314083131544,3.424827579935809,3.6189389365375724,3.4399741177960665,3.791302684664569,4.005845266830612
-4.390377196621759,-4.2423395157211345,-5.835527621098528,-5.46379786746322,-4.9175747689995415,-2.679168775913985,0.904849512744922,3.416210644480871,3.9966994543714316,5.7595985590424865,6.666882571113241,2.745992425012823,2.1185316109347236,2.9155452709287366,2.587679557501508,1.8074744578648267,2.4833276759558425,4.816475044952673,3.5610320352586564,3.014936825650066,3.669757503610365,4.538833119903607
-4.758646717204659,-5.99223822218578,-5.842747127885643,-4.942087918127348,-5.3913259550869865,1.9773797564885196,2.4851110493269997,3.555515671083794,4.991213845154772,4.146544406712795,4.863699807616938,1.8554013956391529,1.7319301131516052,4.770720221857761,5.07427716724325,4.858499935116801,4.0610892786065165,4.309230524532484,1.8887369954499256,3.2469394703853207,3.9110639496413393,4.66051884158266
-5.967010343222243,-6.029617827938429,-4.790855238564863,-6.011621028592585,5.219552726771171,5.154839282382349,3.276395466059027,3.3426767240356954,5.235182829717276,4.390929403776924,2.862636122016078,1.3432141563491056,1.8144176039800015,2.480302767257501,3.6079907552013104,3.8127470329179496,3.474926447702205,4.351053000051062,2.607750355525299,3.701255195953791,3.589684403388443,3.8682226067435197
-5.8843209916855805,-5.038791622774083,-6.265232589558611,1.2734955270952404,6.692508040053322,5.0633914510766695,3.4349634908686393,4.327917497810308,4.776762875170313,3.9805034324961444,2.5773962294462733,1.9417894523317207,1.5013233726964743,4.775060711144918,4.627227810610319,4.074334331763588,5.140333738688448,4.4367431716908605,4.197558251024533,3.8992997703683736,3.370075855522293,2.5559473039823044
-5.534942484452334,-5.447003341616021,-6.3728555727008755,5.725572215850829,7.264594651366658,7.966560714193543,4.191422723339623,2.6944493877031404,5.128048753801268,3.6502551724301924,3.524741057868365,3.7408595750761933,4.496354307892509,5.619384002040732,4.731094030266228,3.2843587613230265,4.924750732955636,4.347753083996365,3.954787910405176,3.4666236584268573,3.5499779301383265,1.2100389549548234
-5.865344771071667,-5.869312562814406,0.36236418488150274,4.664410088210715,7.861481749215139,7.754352382848772,3.6852717326454734,2.5685945998913597,2.4617039070518723,2.7111162957715043,2.6404211503160417,4.141256863982753,3.0905128365649874,2.168278387425283,2.208875181676554,4.960687132796084,4.454095339552856,4.200571456025347,4.180918284347783,3.2574653759856376,1.5169676620282933,1.031821681814185
-5.939586206443141,-1.7687222104449223,2.8898113541568287,6.582503236507693,6.3890403266127915,6.6993810018705116,3.271448719346907,2.537015016766896,1.9197551969561293,1.7284668324366375,2.943924335643393,2.470943831774015,2.091146929782063,2.3846175741365654,2.380161368675169,3.5817120639490483,4.357818135132431,2.9440362213195206,1.5026695042146225,2.414401947782258,1.3813889450322776,0.9068985849184361
0.735545333676934,1.6655286762416983,5.973308349150911,4.6366122920961015,5.008590708389879,5.656013014904275,2.779954634208065,2.580114127474015,2.582994389402882,2.394916762611831,1.814596298736814,1.7183709258703088,1.7300672775017063,1.5012417146835593,2.4086292238014204,2.709572040342853,2.563193318231262,4.243735356825573,1.9025291085285942,1.3451979420246891,0.9750379557772814,0.5321788052804887
1.3070329828044176,5.675726144169645,6.233165432645947,2.696573831766328,3.0885341682357472,3.611268826730678,2.3055551578418734,2.1377045299545534,2.2110659601058025,1.9887038563584145,2.0315495828183927,1.6012194994944544,1.8935365092672942,1.3069115128277877,2.628635236920043,4.115926086585377,2.302683795096008,1.9089563304105768,2.2927789725386316,0.9753085393372092,0.534848239942271,0.7555423492260488
0.25758798836112967,2.865149531468536,3.143996970339342,3.0557177985706923,2.5540636545247133,3.1616509029005893,2.458743788254147,2.284882613003609,1.838431473491471,1.8471186067777987,1.00109303442492,1.0660457602429563,1.2324841837317366,1.3285435276259623,2.604835546706688,2.317057567690828,3.053085211076637,1.9275362859218808,2.349330910095836,0.617080625419064,0.620715393072616,0.3735177619849991
