script/wind10m.json
{"header": {"parameterCategory": 2, "parameterNumber": 3, "lo1": 3.000054539987559, "la1": 64.9999836372058, "dx": 0.5, "dy": 0.25, "nx": 34, "ny": 52, "refTime": "2025-06-05T01:00:00.000Z"}, "data":
[rows 25 to 49 of 52, columns 0 to 33 of 34]
9.626791615538808,10.196296628666447,9.501399785675355,8.360757824342501,8.4078717339654,7.241379615059148,3.5194657649707333,3.335953261963435,4.165032464547746,1.2987901091240932,2.059839878349853,0.1310872305468797,1.456622268305263,5.679362573776137,6.174533806024792,6.811957828690967,5.950587740851241,1.8263675465737372,1.609710171037653,1.4753720412636115,4.581742797086285,3.7574974634797913,1.7076568327003638,1.3787551722602998,1.6958159184888335,0.8827938007272103,1.272399134010984,1.5386871844158976,1.7445655646033351,1.6602997763498322,4.9041346227438565,5.395502082112043,6.460830122798767,8.092867346776474
8.738359862417246,8.821590436691679,9.178376983937246,8.41137786649381,7.980552390273726,8.615479982995792,3.2821184810116493,2.73615852861506,2.203117378841814,1.1109420839316118,1.1670585277843355,1.5867333372382517,4.627082810205742,6.673153737104067,6.370193097840568,6.081562622740752,4.443731304262537,1.3734995593551458,1.0265662135309546,2.489877561248431,2.4681121592667026,1.808796124007295,1.5761846251386804,1.6209859329883836,1.0857924712537215,0.7978621048075748,1.8624943030475973,1.7741960103787993,1.8454653854855756,2.91278373939918,5.33168490695554,5.224836442497256,6.251065412830803,6.863579433484314
8.034056867514776,7.564979089153573,8.504048704955117,8.272575764377645,8.42947101330601,8.752802421305379,8.308912109806426,3.9002138311711545,2.0908635515294556,1.5264106887900073,1.2493226900223537,3.0030660334546124,6.27819176624232,6.371688063585626,6.492356094558732,4.809558203320794,3.5663596331122664,1.78784552875001,0.8424787458956922,1.2587861660893682,1.8031405711054935,1.3079200729429827,0.9891838186935432,0.9862132910890541,0.2181103821840883,1.9068912098226072,1.1374335139939749,0.8028936445207593,1.7048797768779613,3.1984752755871235,4.3286480599706465,4.850011245993511,6.1763754962423905,6.6449921265755245
8.377589931506828,8.107045069927524,7.980565197552794,8.44503041342322,8.342533908859913,8.405234788904496,8.623164744744168,7.714927132315952,5.1705528408529515,3.1204407922149326,5.288310748321491,5.972720212628293,6.580592134415962,6.9137150718707305,6.276084703405106,4.547771553295205,3.3536751966296854,1.9232976296166584,0.9479286624090278,0.6381764354632625,0.7818306311730858,0.3773423068874647,0.4464565420899916,-1.127626079040775,1.0780293209154304,1.0832372429958783,1.013586267689754,0.6917489899136541,2.5286254779030917,3.4154689345225795,3.3812984308577367,4.568591069879436,3.006073041126762,6.374723087749818
7.006306180938412,6.970239539970759,7.468135138885457,7.874394203953052,8.336420779063264,8.67123274197717,8.160447639778141,7.484644024999844,6.83151531701414,6.8897685675525135,6.5416675216482565,6.514750602618752,6.894353217801,6.247215036090373,5.105177455252156,4.232778614295892,3.958471996373295,2.8998997720533835,1.2117038815189671,1.475766925430957,0.29546403641803387,-0.20854873663978785,0.8109378349364879,0.6980189024120093,1.1009320534016331,0.9758910719993278,0.6092744909099246,0.5747084456043022,3.0778464178269993,4.21951111349789,3.8810655122384308,1.6585478606543207,5.459810756369161,6.073625278447715
8.40026606031067,8.253704205331285,7.241467273305594,7.637497671157228,8.421733522536327,8.225355298902286,8.160998325130306,7.989425459940649,7.09045558288174,6.7192470310114105,6.7453415721488,6.91234149768888,7.0832040831353495,6.328585358384645,2.273531948366458,2.991560164349261,3.398563403240705,1.6312165192213082,0.21958324083089767,1.0161697767643816,0.6012843522990109,0.30407242518738126,-0.002887781716692856,1.0673444027339225,1.6553784698505034,0.9278871691110521,0.20987767856468958,0.4640183353901482,2.9592756869187715,4.035883539694379,2.8994776093146633,1.585461783179935,4.965114901105089,6.403435013199051
7.971340697768642,8.988980059332393,7.8436280848831155,7.712551020357669,7.552018513798309,7.381975091875621,7.856538986589792,8.030286307529215,7.457761971537512,6.746220571880944,6.465306340041062,6.997477171514935,6.345047411708604,4.361150448859768,2.4701116670244376,2.261611330100771,1.1728786716139976,1.218618500612258,0.2732150839448626,0.7821996112053198,0.7591301419368236,0.18202319683157225,0.5639124564010609,1.3949557103816397,1.5652154123475421,1.048639247423962,0.18861680131182468,1.4888748745877634,1.115571943536681,4.7664959127185265,4.684792315083641,1.2254838145184428,4.660995563316961,5.735406131568012
8.555533435582268,8.636789580624429,8.110945635705237,7.069835657618707,7.507528330861772,8.839180593895394,8.535982331395317,7.978753587293091,7.315088959727582,6.649506063076932,5.9769116573908,2.2296901680816794,6.322978352846909,3.2292115087729534,2.469677455056648,4.404186291893046,2.6148171516010588,1.0338922363025231,0.5731350037646226,0.20464811830063206,0.2254694859190289,0.09882697536434316,1.1686113390075987,1.2787400054349956,0.8780428991747065,-0.13365676166324855,0.5073816485105709,2.6727179119042708,4.096023835983126,5.694099858460117,6.12775981747758,5.469289856495423,5.092431278236942,6.085876791668349
8.537680067869658,7.718066335453983,6.668108477664557,7.26381861800648,8.42240469180873,8.512015784514276,7.881201184110436,7.239647299095909,6.570140916116174,6.778486008370384,5.905417907608995,3.7094866778606974,2.9995414770943505,2.3288003488670155,2.4375910226756288,4.497514940517509,1.661727084018673,1.3736917513180207,0.5737562572241144,-0.03476447182891286,0.5593751466770908,0.918641158672491,1.1298992613222998,1.4563693132912174,0.6869257699127984,0.3668592745360188,0.4144631032067652,3.5710339869013485,5.082090162580211,5.4491144471497055,5.1112708965616,6.484901027020179,5.872778331171273,7.284835974477407
7.495147132858373,6.333181270562184,6.1854211152816365,7.014577347820945,8.131753057815263,8.416085196244728,7.663431976213928,6.749037312210126,6.720285925016608,6.556642510638235,6.119876782409881,2.89419999278289,2.3969978250244064,2.4793698514472897,2.1226469764030296,2.262837725551539,3.760224894583691,1.7610941902080526,0.28941894457239115,-0.416075108995508,0.1334242571734611,0.8328698426669683,0.8532490619301277,0.5871662113609916,0.7807660896761361,0.8396717929191707,0.9910212078681094,1.5337705240601445,5.11036401375355,6.303129935270956,5.52102331987465,4.470443162770165,6.282600499661119,4.749679215469985
5.6067589022550495,6.065723622205159,5.621312166515422,7.511164403131704,7.950102398514923,8.21723086022451,7.868268434747815,7.300202786120664,7.10912080814152,6.262204172676202,5.597171473937754,2.2866554882374537,2.38237921002639,2.343761335385524,2.0844258254888546,2.5701204262185695,3.1400678280993137,1.3363291618317574,0.8179455327337375,0.20569140841063177,1.4041292074303284,0.5581428149283597,0.6389274523148907,0.8269589078871125,0.3976391662312394,0.30290377388706685,1.1140451422296627,1.092716883923234,4.368960315944288,5.145602481569733,5.378684008577164,4.578252452142751,4.161989407383357,4.8909825741393655
4.740677029853344,6.2277435696536845,7.3258031872744,7.595297476959534,7.994569940101337,8.386803579255336,7.8790059189759285,7.33116139069937,6.447719280734851,5.412428796153358,5.7121299291139565,1.5829394709285716,2.2842662346661915,2.0041242329455167,2.166444159534017,3.623225774822355,2.6089994255805826,1.698215121942586,1.7482871334635384,1.040834260135092,1.0686511748818126,0.8126524238486691,0.8546761299189272,3.5281688818310744,1.9692761702399268,1.296180403897681,0.7104971759862565,1.8772362621037184,4.284135820144582,4.993818377677009,5.583058189493205,5.380484148692806,3.8951030395315134,3.6107137207631723
6.009362550332431,6.680183001408049,7.5036518744558975,8.325984497719183,8.467337388008094,8.285380742192409,8.009983288105337,7.3820305336340075,6.457308307858837,5.796359101729654,5.095985051113496,2.163449791994825,2.3045821403842695,1.8508981591856648,1.8322303238306898,3.967977778902368,2.9218428864554165,2.097555360302463,1.2494926589717807,0.9617589831157285,1.1044779951732042,1.5492923456984773,0.9756911725354815,2.196579986267997,2.8980168930032044,0.815261604606369,0.9753158965713687,1.964398920654833,3.6206159390131365,5.241658528766021,5.695619845946977,5.896117531837919,6.265858387464135,8.47519372112102
6.435608326410808,7.543394791858667,8.899912311040485,8.552895392045581,8.23519587540327,8.072725054707924,7.929511886913562,7.646767886128574,6.985160689983542,6.28609754868639,6.745787909960771,2.4145439812395466,2.55538665019126,2.043858647638871,2.1505018420753172,3.58443380604777,3.1121846700269074,1.392951586515211,1.4263046606126721,3.4806037342011065,1.4245741176643847,1.190702234910703,0.6762097754925956,1.2095522339135059,0.8093180364747854,0.5548462219951348,0.7216386908879134,0.6826602199138382,2.635346329489663,5.099080726812344,4.7805790360708444,4.794818883924396,5.698541070462713,6.955052601478994
6.417881326517161,8.372639512997143,8.869250706653656,8.516126964108723,8.185286257376756,8.10326694463567,7.748488629530434,7.417512591723597,6.550028654649177,5.729364876829594,5.892053209648817,3.865912477824387,2.0372015313720597,1.9528723977799356,2.1246542671213535,2.2922376043370556,2.2442421965628467,1.0554663168981706,1.5693371460942886,1.8106380772644506,2.015508996783447,2.9416592608464263,1.6360648752075362,-0.16271863424190297,0.41334269596641826,-0.20267546916058463,0.3542807650026875,-0.37908289460629074,2.6917000247690486,3.500213115687953,4.438682257071633,5.706070019635391,7.140416368569777,5.91949943349951
7.270789641526819,8.458761072631392,8.252806530470231,7.906486013740235,8.207655702195337,7.905937439811759,7.763030185270354,7.4338242949080415,6.7967194691929915,5.975908238548432,5.838700310603935,4.4380379120389,2.026082671100255,2.5811343964695275,2.459498021633975,2.1693441352507272,2.9022821776277175,3.1266437715307376,2.1136759009510215,1.5725392214652552,2.991935893566834,2.3197240527717495,0.5706037139530599,-1.00503093411507,-0.8779443001511353,0.19886309229955765,-1.2843011202342205,-0.014899389953807865,2.439337118591792,3.956101735146295,4.084489182817351,5.653573855181685,6.186688562698042,3.382490652285594
8.739890135776003,7.58731509827936,7.397342575793799,7.677120975371056,7.066904769943427,7.548294453086281,7.33163346118457,6.609882756904674,6.53077067080559,5.426376083347983,5.143341427581124,2.405109339294,1.990392260558079,2.277460838195301,3.2449138847754906,3.103166274402198,2.506327890272201,2.1392318649452684,1.0913476209477442,1.4921934152756995,2.7654956554156573,0.6690663904499885,-0.07859660817598471,-1.144312110227811,-0.8144287987604266,-2.643729224036569,-1.399093240800659,0.4668471675640774,2.706708357946983,2.611998332059365,2.470421803670628,4.162320524580488,5.573556799647512,6.811496499464116
7.434827410499489,7.000162286993008,6.704869663019091,7.354230632764362,7.071247616163711,6.190928182844566,6.0183356332380455,6.656334689942546,6.904096108990111,5.874416242728678,6.393866789589271,5.483392640933501,2.7654405143387333,2.27720450957665,3.2716523889198257,3.8938371207558027,2.721197639394189,3.3659545526272643,1.580338574978405,2.527254707771464,0.31412772787656074,0.41131198206778447,0.5265699705626103,-2.544864987118487,-0.4718476068016673,-1.4114564935820983,0.0037214831697304517,0.4304978178985256,1.6246807759010367,2.8840384794247473,1.361642243786262,1.7402862172052667,5.6114910226896635,4.776406724040763
6.995232273068225,7.290436597460376,6.540997074023457,5.964073564753524,6.96834289465304,7.0178016157949665,6.3768855861603875,7.168848467493748,6.923732961617936,6.525275324815113,6.615013908345135,6.488775326214663,2.8544492587743298,2.2101290791563697,2.215596496491141,1.722980667288855,1.9855624850915443,3.1475053157840773,3.256825112960676,0.5006313350405027,0.10415242026592646,-0.504371305258951,-2.223441877817104,-1.4089705046905443,-1.5453218207978803,-2.29973315187863,0.6331851517432596,0.539280287279607,1.0554437133602768,1.3243191442777666,1.5368471893400961,0.9545150054170148,2.068085427902878,3.72268469566477
6.5018142262092935,6.511969130520117,6.725202947035608,7.082264832025229,7.417761173154788,6.668700275009158,6.570033024757061,6.940370314884929,7.3889750854157095,7.586081061058714,6.11638102748344,5.7169324832929265,2.384970016877738,1.8839839209995186,1.8481105059475829,1.8652441934666302,2.162863765784753,1.135066713015584,0.9374734621426006,0.8895856972384567,0.7004384389981162,-0.7255546830372791,-2.216376746699688,-2.5027078251624206,-0.30356324412704877,0.7527242395771876,0.48972794200546943,0.5292070733320462,1.178035278575151,0.7940256768213959,1.2254699208919468,1.097626090545024,2.59603096899466,2.52414780503994
7.004929435281811,7.038652298404704,5.59847922067224,5.846750079211062,7.373259418781435,6.67711439874128,7.892526517421476,7.110815843784454,6.890495129546568,4.653571587496126,4.651099121296441,3.702467199209586,2.147370144055213,1.9256925896552963,1.280525571380147,1.4333466007634852,1.6470681106564729,0.7969113110182642,-0.7146228675588049,-0.6073338845751697,-1.4189465620782689,-1.5304176041844308,-2.6947905880333956,-4.160344907375319,-0.03229517184881948,-0.444365716487969,0.06297048165602628,0.6820593994902502,0.853815289317879,0.6234522002062761,0.5964275971504311,0.907393064909071,-0.16200285414612955,1.199805425515822
6.462857227415803,6.492503876049507,6.005397569326177,6.848825264495128,7.949064005892057,7.160919271148852,7.504643999208972,6.2188820409689,5.998136077604163,1.790373790981662,2.7623368346413826,1.9313207090136766,1.2639350930446074,1.3881208603461135,1.565170454879255,1.3741686749825215,0.8312548985757017,-0.025912971446810405,-1.07454641142529,-0.9009672413737964,-1.8310664426844143,-0.8523364699101319,-1.2755170204123143,-0.31996859132844774,-1.2139350718932087,0.6438449401999549,1.2927357184991746,-0.2777644212075728,-0.5840622109728678,-0.356300033776826,0.519907823919373,-0.2744241674321997,2.4932951795258185,1.7813716199702552
6.184090411743895,5.584276863509638,6.38923919864427,7.747532487308405,7.393805146080033,4.620627493029928,3.0355916966642744,2.8734702835281287,2.2026350044380147,1.7459062315163607,1.3209526331253663,2.00295055744396,2.1381790037049786,2.697891223861506,1.6287370183928687,0.6271622799174936,-0.059833097865273306,-0.7021184398106783,-1.6830890776364609,-1.2473830407955302,-0.9246314958809453,-1.3240065229296056,-1.9931944815042362,-1.1193621262658038,0.610667272010736,-0.9943703807095503,-0.31907975858915233,-0.7160629961899444,-0.13165989928816146,0.013143070669559163,-1.2354936790580244,1.6036308891780027,2.022970879818451,1.902630747653149
6.892936517778039,6.995005253012957,7.364019868654101,7.210734275867852,5.825922225785484,3.9357127822921356,3.1014732789846007,2.5995584091935338,2.880730153943157,2.6141750738965035,2.349929775420536,2.3551195162649194,2.4214976149320124,2.8566530802234413,1.412059404647128,0.9855836774445814,0.4646155807508665,-0.3834688935370171,-1.3058572563053432,-1.2523095255435297,-1.9117400684255914,-1.9718884456060395,-2.0402715447002957,-0.2401273577613929,-1.4024057119057043,1.0139089718146013,0.7617521333726588,1.7902501302177152,1.4126199926885163,2.5255310168470664,2.6259198390247764,2.2844018843346725,0.9467475530177152,0.7417726573835723
7.77748758496968,7.113384937387881,7.393329514190676,6.986506510962717,2.8939279664514177,6.492533293378652,2.569434881267303,3.242236902937032,2.8564338785848205,2.162280474721452,2.460652407824332,2.3725652900806975,3.016264067243715,1.3869309136621808,0.3167457686762222,0.4827329021620962,0.12027482114935172,-0.7808782278447381,-1.1303245714441565,-1.305815426786235,-3.359594717204128,1.0858556556550523,0.6260498480151123,1.4179922196061283,1.9583771710103899,0.4075786363987382,1.9121791634827003,-0.21515929611318396,0.3496653078491406,2.72903407546688,0.21461779645356335,2.1590251778616705,0.5556700993378547,0.7059713608761339
