script/wind100m.json
{"header": {"parameterCategory": 2, "parameterNumber": 2, "lo1": 3.000054539987559, "la1": 64.9999836372058, "dx": 0.5, "dy": 0.25, "nx": 34, "ny": 52, "refTime": "2025-12-05T19:00:00.000Z"}, "data":
[rows 0 to 23 of 52, columns 0 to 33 of 34]
-6.930540476601032,-6.582033424570539,-6.461618283742367,-6.342680303142878,-6.506642035830638,-6.484269378411993,-6.399418773973653,-6.749457408006147,-6.96927985650081,-6.800975621139335,-6.481889719459672,-6.822735610498612,-6.9543901124492065,-8.144816429731552,-9.195551523643674,-7.686408349035072,-7.915785540432817,-6.279209929645685,-8.884282777446973,-12.709356288599306,-6.715557070513258,-2.8610434690755837,-7.452931477264061,-7.0522461302042885,-4.3968421563873585,-3.6308031798513385,-2.692971484015401,-4.434806517118437,-2.2034123377626624,-2.8583464376537657,-3.2113254713385744,-3.761488832573855,-4.258717742307623,-2.170670889326663
-6.907471729181565,-6.820601149387501,-6.23596875180063,-5.737429651042089,-5.141445721373817,-5.273892285969704,-5.0768355161556356,-4.988020196140267,-5.50231290975766,-5.3393184828917075,-5.189351627676988,-4.788593102542361,-4.958764056700088,-5.692106453367877,-8.146078705197342,-8.843332998673244,-7.1449891955268106,-7.705998190694414,-12.934671264713923,-8.832297576387578,-12.874833490516446,-6.915727462372186,-3.336421924450233,-6.726272365597178,-2.692940909815365,-3.6047812997805906,-1.9533406726477227,-4.641798414147077,-4.213185406653858,-2.7418447884458503,-1.2784976126066128,-2.7559140240914988,-3.063991601595699,-2.6430630678019713
-6.567128425446167,-6.474307568968043,-6.15553385424188,-5.518333921220425,-5.5537715691135965,-5.003613739200288,-5.021117018308938,-5.328041696253147,-5.753810023674087,-5.593508067652426,-5.330355025376643,-4.608735826009214,-3.8877592136733234,-3.5046017575988357,-6.007460344595396,-6.355274303698864,-8.640222975579452,-10.321466647810162,-6.820373900259922,-7.107240080602686,-8.144159544297093,-5.0094859092758055,-7.768370117375829,-4.8685223079760345,-4.626456219738313,-2.692539195023169,-3.1911738040294413,-1.6390186533728455,-3.9092765445329385,-3.968545848742959,-1.5305162801647771,-1.0701441758727204,-0.8041962246890715,-2.5922533919471413
-5.787686760878711,-5.432791968974557,-5.41360056731538,-5.313901269172957,-4.891741589311141,-4.627019824332421,-4.073459693754237,-3.607323617871062,-2.5681829724530942,-2.46380619579106,-2.327278720715609,-3.0524962159492888,-3.6024499790206317,-3.379455477092319,-3.014538400066848,-7.518174950694712,-6.989687202669269,-7.0263291766456675,-8.51006197422623,-4.558543911723172,-10.13263026472157,-6.302462828152206,-6.19427253381393,-3.0598807295815322,-3.431964189550737,-3.989507618692289,-2.769464581536973,-3.019570573064582,-3.1975168915805767,-3.746996309217506,-2.7499968300018685,-0.9873855400201635,-1.1800586898646348,-2.4847311348125243
-5.519880799710029,-4.462008310649693,-3.9896340946248685,-3.6663600321405028,-3.359542633540786,-2.9778593113637566,-1.2678195900612341,-0.24379255442324121,0.10147278200707008,-0.2364848872101797,-0.983466975366173,-1.4723627434061675,-3.8171645762919337,-4.999844828573617,-8.737146586940865,-9.365274576934045,-5.403065724208179,-5.333592479681308,-4.113815883323604,-7.152163808105218,-8.613249371782818,-5.461580587101168,-2.574360800987746,-4.360517322976236,-3.1318306852593594,-4.302896989318063,-3.790984610108518,-3.199914943727611,-3.2701406864080003,-3.126801788981702,-2.323577941627013,-2.709516867370369,-1.2041075311018994,-2.1008958589040723
-5.117392063237224,-4.43500037707749,-3.051446197172837,-2.200078450524681,-1.7022407645932673,-0.7252302969046008,-0.3545726500392753,0.230357752184928,1.380676024698891,1.8375923205205182,0.9542581573076941,0.9392265706125111,-3.6394763235068286,-7.026689648497332,-4.3518347619185835,-4.762558850138081,-3.195839617022874,-6.564174640549918,-9.70226605557577,-10.129151111530678,-4.706564038674661,-5.960958006613797,-2.9912339342563805,-3.2671369884697734,-3.802257775406778,-3.77862994170906,-3.3404430929137185,-3.9621004220906815,-3.092304400258561,-4.05454248079123,-2.7388535807865777,-2.847617836193539,-3.087965572992732,-2.7866886735838277
-5.067856499001395,-4.156376513192436,-2.887863543621991,-1.7607587921996388,-1.4708002628320815,-0.6576480791740467,0.4934173992523098,1.0150528263660297,1.6695637495498397,0.8413191031042604,1.5850110932095656,2.0662157892357578,-1.9096056219075002,-5.13472056508019,-6.592818658405651,-3.1861966220110753,-2.657560756900574,-6.405632399507698,-4.892453087887829,-6.461766325321432,-5.179651613397657,-3.685268977897377,-3.6888146772625645,-2.841698092561255,-2.766381300038478,-3.3723021126326778,-2.5915606297621743,-2.4727586915769266,-1.931004376679113,-4.597012641058051,-4.000323009067225,-3.2178613658632598,-3.4900151633761007,-4.3546347464340895
-4.3961861357560155,-4.537829063150012,-3.881444699131884,-2.4741555121325063,-0.9948387841034274,-0.5604375300037377,0.10079786886663948,0.07197948058266673,-0.18295271050670162,-1.5534012468574387,0.43466801392518145,-3.404961770076872,0.040414254460344336,-0.27031143997909246,-2.962676503237605,-2.305813716438817,-3.485173002963604,-0.8587241199638695,1.377224591713643,-1.3426728754911035,-2.535080062307396,-3.3893624899472052,-4.679348421949359,-3.825059478074332,-2.808980679336065,-2.5156649892515155,-3.4575703308949564,-2.980955977717976,-2.8267202533503903,-3.3586165478453593,-6.017158325866085,-4.025543685378801,-3.9881082674309183,-4.808296099280843
-5.7707083886691795,-5.194929629853303,-4.7447654207898475,-3.4941666601080437,-3.7273523896834257,-2.210082715523886,-2.0077523260972274,-1.7532348457529738,-2.526062536152916,-1.022981804918706,-4.0837990715737185,-2.9400176163093588,0.11511018755925742,-2.237186552890821,-1.13889311104703,-4.370317118294248,-6.599538356846872,0.9090873900078565,-6.662786733852386,-4.231218678277609,2.756085060778449,1.5430191613383069,1.2232360415277685,-2.041641924962538,-1.9746882479078152,-2.4568690116569862,-2.230217622954534,-2.7175035470011966,-1.7601971525832765,-1.3685134740693878,-5.966475734068348,-3.3956800121936794,-4.473969759117164,-3.805562563385711
-6.623144954889572,-5.784835772781261,-5.918729883872069,-4.550755554259073,-3.7164054356675273,-4.402973782094964,-2.229712777153035,-3.430149461182135,-4.657178863185339,-1.0980883430782535,-1.772643573150351,0.11482327748549247,-1.3480594960229069,3.049961442560245,-4.816441468089257,-0.4253506315802276,-0.1332293143621853,-4.79642319495257,-5.44122402887409,-1.95005085206015,-0.9030362834923904,-0.8336451065741012,-1.589720557228574,-0.5938013144608769,-1.2974064110417607,-2.1050638685113117,-1.9554856165192862,-2.9755396919725783,-4.127889855261363,-4.957683295966297,-0.694990946274851,-5.94944046942115,-5.988400978611169,-4.9170692823583915
-8.14694808869891,-6.44647540591871,-5.617320848796003,-5.673201810391921,-3.475036310214815,-3.847282425407492,-5.056051946809964,-4.033086158369737,0.5485620093985989,2.639012178400803,1.0911365568858187,-5.006491816015227,2.2808660916524532,7.702340038472979,4.438567017741271,-3.079979649965619,0.9303359532488903,-3.5417173818995216,-1.6646707298401209,-1.874850703751942,-1.7960250117077436,-1.482829856738172,0.3429242511694825,-1.5733349448794547,-1.8070756556304561,-2.0251825974178224,-1.8569455454885568,-3.6750429672301737,-1.6316666449597175,-3.8440009432106157,-4.695876916002089,-5.237093779029784,-4.2112151607797434,-3.1767012190419566
-9.535581981808317,-7.644975026058955,-6.405768513264662,-5.775793564022945,-4.17238983141747,-4.438651898820917,-4.996641525520327,-3.023914729794036,0.07230678210133241,-5.290958968797382,-5.019713580882041,-0.8201012431107741,-3.967284877450261,-0.8113717882387559,1.071113637501416,-0.8264408630518831,-1.6809578341863431,-0.19627330952699326,-1.3639225509258555,-1.8989797149394105,-0.5222940327281959,-1.3781533846960077,-2.069798110928282,-2.239114826756152,-1.4898136771866064,-2.2035846270543757,-2.4926456166074518,-2.61793740677642,-1.769129531961426,-1.0072931434816639,-3.3397177134930924,-4.761231576588772,-4.975212532351886,-4.810972167255306
-10.274718814272807,-8.121693440617442,-6.655933363372223,-5.153125958603351,-4.37244082422705,-5.347788793841362,-0.14777874372488173,-2.1833352825624903,-4.855667605834643,-6.972433968166698,-3.6891577724462925,-3.450980022412165,-0.7791490045856596,-0.24850933836048217,-2.2127540964030534,4.05902683551462,-1.7775809217595588,-1.5392577698200796,-4.260631465219984,-2.5831391585489367,-1.0002711985037782,-1.4560157387082604,-2.4682221242891673,-2.690968684609246,-2.8455548921031975,-4.047014672450267,-3.1869358174799487,-4.084793137424234,-1.6583600724136207,-2.6617339217871216,-2.9828069255542076,-4.119832976918381,-1.526868736086996,-1.141396231628881
-7.922667760543634,-8.483297471155536,-7.48135210824632,-7.628903053707251,-6.691686807093555,-7.400917309769831,-5.240724721967807,1.2407982460446227,-8.218037714528807,-2.0050800570727643,-1.2658123032398405,3.914154140075531,-1.5187803421462285,-2.3855808909934617,-0.45506666704890153,-0.565915861982261,-1.268395635285451,-1.905104073248871,-1.8343039594368657,-3.1259527718516105,-2.5873076889420266,-1.307752174374131,-2.142966358263004,-3.446203941749629,-3.554873068280258,-3.1884474768494213,-2.9092147274929125,-1.667627772692472,-3.044775905735836,-2.417789629639405,-2.8309249642580228,-2.7720044193056843,-4.03395804200757,-4.240120214058936
-6.236940091761699,-4.824139869113568,-7.312223843930583,-7.0783877144930925,-7.796539421655463,-9.29795456429959,-5.3019194517551265,-7.650420174490307,-1.6752634087018539,-3.357770263190423,0.344932432541799,-0.8988226333458529,1.058702631963444,0.5047270970814044,-1.3309919460447435,-0.22926697365694043,-0.18420584010575444,-2.389732768282329,-2.100772409513994,-1.3845869898807874,-1.1376975153657578,-2.633683165379083,-2.645112327503711,-3.7447351816402397,-3.2047117486305106,-4.312172371530852,-2.4808325693137636,-2.532120210445462,-2.1141682242079325,-3.781900676551557,-4.426595582313067,-4.635954450209504,-5.759407216545997,-6.9752302207272
-6.9121013865887715,-5.789653236650193,-6.1259402819736115,-7.716662954905805,-8.417832440922032,-7.224310683410365,-6.853065377995611,1.0122704463541827,-3.714545531856698,-3.7700114105080407,-7.965989476298083,-4.0570985342183095,-3.372706261934685,-1.5862552667740244,-1.6167249325138324,-1.5140180429872667,-1.03527542683108,-2.0950168885988774,-3.267405547569334,-2.5780777774634456,-1.9068171485467573,-2.9624920973572535,-1.467829882884359,-2.8417801370513556,-1.6994975300689532,-3.9301953730306085,-3.0746837880550366,-1.9720180164408703,-1.857678985404393,-4.4302595457064875,-5.578480022989863,-4.8083624808794845,-6.1040906954760725,-6.377121603449346
-7.491421346159907,-6.570103220697819,-4.908977255431355,-5.497182042439464,-5.906905238486993,-9.939075443189292,-9.869791465664552,-7.369526147703529,-2.3464076662857765,-6.270785377145858,-6.559883026350571,-1.2423757713878565,-2.1850292870617425,-1.3850963813163357,-0.44885702281234163,0.11770623463957645,-2.2965642690054806,-1.5989609436127195,-3.08056889899028,-2.577898384647613,-3.276280050994409,-3.674632766641715,-3.4198100315945097,-1.8398334520450201,-0.3799531648969194,-3.0314946732512045,-4.3131134254067955,-3.985198942043091,-3.2792059529892112,-4.825135979848158,-5.127631956613948,-3.581871949413371,-4.0820316818459625,-3.6555788597757277
-8.900754074898696,-7.003183920396063,-5.260283335581818,-4.59099220319177,-6.430436732549412,-6.386046551622301,-9.333825595948582,-1.751457117991516,-8.285384509209749,-7.302279822487078,-3.7353914277332088,-3.697276690597755,-1.8385103359421355,-2.5657429745574794,-1.843996552637238,-2.0663115975408295,-3.383337242762631,-2.6720024888705933,-3.378069079681592,-4.925595280324209,-4.509189583811004,-2.9054699844808733,-2.5426120814694153,-1.9808636547088556,-2.0959076633235094,-1.4270838931653547,-4.324219876478559,-1.9463080807552766,-2.913255834465939,-0.27417749169034406,-1.7279946220683997,-0.0736495086450315,-2.3176862874288995,-3.389893861974402
-9.87233443661224,-7.9598954806045175,-6.35048374868326,-4.697844220590374,-3.68320792641859,-5.694386237928378,-8.703865457343685,-7.489791662535284,-13.084148953911821,-5.587067183024374,-4.316984464746989,-3.62562499062229,-4.24557354378954,-1.4825001332270602,-0.6364316131211387,-3.385924935341393,-2.8470513242564777,-2.870510176470286,-0.12251803206951614,-2.850180496740279,-2.4196595433851606,-3.811801237886368,-4.538362884809339,-4.594664566619068,-4.654429588167222,-2.673367171720407,-5.143038918562369,-1.0596167017119313,-3.004647885804314,-0.6933321324095925,0.22358550261819077,-0.32504094446316684,-2.2723278506204956,-2.8166842685388667
-10.622911340581492,-9.073992448090413,-7.728721307078263,-5.28787243884331,-2.6420413254518706,-5.102622284831253,-3.5901532664057,-4.13903214705729,-7.793557266380903,-6.276872025932731,-6.347796516291578,-5.191061836902023,-0.6016036890771996,-2.6697311215499524,-3.3283540967007355,-4.486502439361238,-3.00426834308762,-4.2318147263874275,-2.6807883037676823,-2.655366402911045,-1.959510100064943,-4.729742967304352,-5.068258917617552,-3.397187837602843,-5.204008204474884,-4.024319940388067,-1.9878948204963267,-2.9448657729244343,-3.073477797148726,-1.2579818468016981,-0.7554276284955779,1.0178886332476478,-1.8563603509011661,-1.8585479598971464
-10.430384983958215,-10.457516614939795,-8.81642549487473,-5.296344293622797,-3.355414408426895,-5.450360692888886,-18.693668892102387,-2.0496400805570034,-13.536584270068001,-6.321554047842946,-7.343831585555553,-5.116646431677715,-4.081199421043316,-1.8990615695396467,-2.171725265166793,-3.5842038829666225,-3.187034918458515,-3.0355067334886003,-2.9578320453348432,-4.048948105635943,-2.3915029812815454,-3.3362994178443612,-5.039891186644114,-3.796213626764754,-4.618386097538737,-4.172716945932486,-3.183663764977958,-3.2669677070152225,-3.9582018228778733,-1.8914875110929703,0.32234623973563503,0.025561895891028738,-0.0848003763012813,-0.14133914991833557
-10.444718243593169,-10.82693060675831,-10.965692899310243,-7.3234263691195896,-4.5451694709900705,-4.061204471569651,-11.612728347908854,-14.10225591618497,-10.914864894142442,-5.837927087997465,-3.8119652711186522,-5.278852112362474,0.22762454944417765,-1.2080246706084734,-4.266931151831769,-1.9998811502000877,-4.465230025448434,-3.629030912514932,-3.6505963929755527,-4.3103861745625425,-4.140834717551509,-5.729726712952997,-4.530907959166577,-3.357738973406766,-3.502411173215425,-3.7033950983515136,-3.693484460480149,-3.9875680440057413,-4.774551224861228,-2.1346134722029904,-1.4555639634280468,-1.0108403909579435,-0.28757685964938895,-1.2135274871333714
-11.414101837180358,-12.290510067718659,-11.069425771198167,-10.241275290334576,-5.4412280905654,-4.167138907209519,-10.649148606841086,-6.997135358764887,-10.655132456431115,-12.179871517024553,-4.567619632294605,-4.9018593797347885,-3.840471945821995,-4.56494241100387,-4.465343352458451,-5.111762265724197,-4.3931078597642585,-4.382515654543062,-4.235576224646938,-3.850750478593797,-6.065926689817092,-5.066402219800241,-4.818456224945472,-4.703467763553038,-4.061214683801695,-3.778230580458446,-4.013516510006117,-4.452865341318321,-3.336258467398608,-3.294826008003078,-2.7128888685626054,-2.1950365902548343,-2.030901272020237,-2.249430830902496
-9.824555055122627,-13.591682603125632,-11.571872393190695,-12.485185062834665,-7.68509642102611,-3.8502018605268287,-3.759754763045638,-18.1170250315578,-12.86520673221095,-8.863684541209492,-1.6041593539309758,-0.2592522671004066,-4.575491336873256,-4.901558547306507,-5.959541383617072,-5.584930105865982,-3.547445665946225,-4.876266276613729,-5.428401632473603,-4.872336342886084,-4.4128514285970954,-4.864228918495142,-5.19159967489387,-4.338386016524452,-3.298996349074503,-4.549033158425033,-3.7815940053925576,-3.451503910288612,-3.9853606342888934,-3.73691122614857,-3.0322289328360905,-2.2049736475187256,-2.8723236322005166,-1.123437614375196
