script/wind50m.json
{"header": {"parameterCategory": 2, "parameterNumber": 3, "lo1": 3.000054539987559, "la1": 64.9999836372058, "dx": 0.5, "dy": 0.25, "nx": 34, "ny": 52, "refTime": "2026-01-26T15:00:00.000Z"}, "data":
[rows 24 to 47 of 52, columns 0 to 33 of 34]
4.1536295696356005,4.788330549396381,4.978108062895228,3.1011848392805526,0.9402450134487639,-2.5864928898905712,-0.8851703531344389,6.540588699802226,-1.805793359468059,-3.8415497280266795,-5.552402220500355,-4.062147764403188,-5.691205482866333,-5.761593584332555,-7.203520756345712,-8.902998606487879,-4.79740299237725,-3.3161350173765793,-3.4556022348256077,-3.665986525492765,-5.37900236931225,-3.3333891302395315,-1.6552312713767268,-2.6780420940530183,-2.8891882439281265,-2.591614062066512,-2.754825751604393,-3.6600868287482964,-3.3336259778060673,-4.1119078638400435,-4.25717251432339,-6.005753738012562,-6.470836567425246,-5.530963692063878
4.4126162919642695,4.661790140463068,6.298808322852565,5.254548241272595,2.6921140930392187,1.0639200597458993,-0.1868250936760269,-1.0252602576109846,-4.367276788915387,-4.337516108185404,-3.991924941659982,-4.004797498381581,-5.284069600180821,-7.978118143007578,-8.804816176057935,-7.064138606104979,-4.2910403599627065,-1.9152116894438511,-1.556854272607167,-4.497531151849307,-4.728012318305615,-3.2503953313079696,-2.5178789673764963,-2.8965095335671673,-3.3273901869005487,-4.8251102603418285,-3.837481140675167,-3.560468429228066,-4.214433642372991,-5.875819905485031,-6.85879398624856,-6.4571814428256324,-5.82839933395689,-5.147802440698957
4.382470083501087,3.7749890633966423,5.3883154593993625,6.722487192498395,5.608091465700771,2.9902959720779623,3.5510108272768743,2.026500296951091,0.340087027321489,-2.4020314946582357,-3.227000059246473,-3.3255890084538833,-8.419493416453681,-7.84104734771921,-6.207692991066799,-4.388260687685903,-3.231029485609261,-1.863421934039775,-3.8913697368975932,-4.3742749271276065,-2.9223747274173912,-1.90715450293515,-1.2286075818205953,-3.7485124862030688,-3.410580872068208,-3.1761920215657615,-3.900026664952009,-4.30363555553839,-7.4488354329877815,-7.015363990630632,-5.552419766025237,-5.357191365484553,-5.242220897030931,-5.259453857333633
4.07760892164777,3.5237409602493925,4.526314001669342,5.243021272797335,4.216043893891737,3.3713724661321596,2.689157673599267,0.3456924605839122,-0.379473489874733,-1.407125222748655,-1.1998978132094766,-8.265639967560773,-7.762702198277313,-5.186520581548236,-4.230085987101094,-3.0495493738220834,-2.0494361763219184,-2.255622168107331,-2.0901985370558935,-2.6319304198769022,-2.0059310732466074,-1.2866374833127068,-1.4938617223226693,-2.5193696276701547,-2.1814942422428962,-3.1728158088269973,-3.77889799555312,-4.362993680678271,-4.955494632837518,-4.976895364971248,-5.251816441283089,-5.282510622876238,-5.421339050979177,-4.648253740470358
3.4513702910381983,3.5940399462770105,3.7027798304417505,3.4672061295663585,2.892160920307789,2.292734838477455,1.367816637127581,0.4357816516739713,-1.5243920396563524,-4.078114303380145,-9.732991007959983,-8.599247025263054,-6.241584786370982,-5.142581593751082,-4.366134607395538,-3.7352979245157907,-2.655634595112192,-1.9432071369985784,-2.6832153057858914,-2.07202925340997,-1.7046931138392023,-1.6494323721269277,-1.5171076067403277,-1.3113855287845224,-2.188821060507448,-3.1367487400486347,-4.25504630081401,-2.6205802720648634,-5.188343337412803,-5.951799194842762,-6.257581875303197,-5.752101472631474,-6.500826441329361,-5.728327899335849
3.1095583667289293,2.957466278972715,2.926304675876791,2.562014266932104,1.5929234936699708,0.15385804738144446,-1.7148206026302029,-3.2613297462059143,-6.013431201992758,-7.093851135356286,-7.221338222358201,-6.233112031744616,-5.35333941148276,-5.795995126321776,-5.400124637433832,-3.807712460663085,-4.459824949485845,-5.600445463568581,-3.829095331219883,-2.9820495726814014,-3.2401442999902925,-3.9865329402854046,-4.823048081890862,-3.9783218554210538,-4.12138925942032,-4.1197220267503605,-4.63754997382077,-3.080468770613839,-5.45417650540143,-5.221845847062533,-5.689402318178799,-4.698208641326969,-7.36187466484215,-6.730042594907051
2.988058597956846,2.0746542441878764,1.761712337743193,1.1542404039155483,-0.06516131094282886,-1.7462118491218588,-3.136934752835414,-5.397664350631788,-4.445873850247485,-4.623575766418166,-4.911787949954109,-4.898511818244062,-5.316868054573373,-5.080589778445707,-4.675344440779145,-4.402996321519071,-5.061171207794586,-4.596065782561133,-2.4279118398732265,-3.1502405560937485,-3.4510902955410794,-3.184748939462707,-4.5842552362568085,-4.997537946056233,-5.233275156787338,-5.488956829088558,-4.987993471879896,-4.7872432537937035,-4.442296834506852,-5.34383309787823,-4.944428522318598,-4.5151509401222505,-7.746415274494831,-7.46192878262674
1.505028887072784,0.7753011142235667,0.35774693663666823,-0.4509508047233352,-2.4285430826599166,-4.5310530970684555,-2.808871456484433,-3.6705315992007583,-4.620645803199729,-4.820058125754609,-4.315653310659713,-3.222474282299211,-5.7894289477478775,-5.3752852747100395,-4.257567598680652,-3.7368405663765967,-2.980121690800476,-4.606067982509168,-6.059544474515646,-3.5148693097392036,-3.8144648885575565,-4.5104419614286275,-4.340490091342912,-4.61788495203389,-5.695836613187758,-5.4130331772252,-5.3197412083685975,-6.370756200078909,-3.570052351181971,-6.677896764825751,-5.300496144452607,-5.088138409972251,-7.474802595318158,-6.073394239613821
0.990911564625979,-0.05095423819806552,-0.8364724768432216,-2.4184741970342816,-1.7230241982996417,-2.5053087362280335,-3.042147768008136,-3.8770610585518743,-4.446615173177741,-2.1247425009765117,-3.201742257365418,-2.1839195458572584,-5.187406428694849,-5.445878702240096,-4.145949887114276,-4.885429900992034,-4.913104848307567,-5.566632071904715,-5.018864696447281,-3.1990790865902556,-3.487651547308013,-3.5983972500433192,-4.224676993796332,-4.225315144714576,-4.838596307802682,-5.091623212849237,-5.446869057686286,-5.65045949854795,-5.078096736960957,-6.003803880577845,-6.53069908736329,-7.338147113625007,-6.425950654791309,-6.767835333473543
0.17013480914629256,-0.4792428561831888,-1.3899563348340096,-2.2561913967191134,-2.611654001252624,-2.7424986015128523,-3.2594410641934464,-1.1203858147207715,-2.4385865793784247,-2.635776891075116,-4.945044522228332,-5.473222443324037,-5.130313438169859,-5.176685340667054,-4.676245002004822,-5.557708713254544,-5.5648800410483945,-5.091465732672859,-5.270658645999804,-4.089870391270504,-3.2409396342261516,-3.9229366900576577,-4.07673933856395,-4.26288900078517,-3.8944309467549894,-4.426941216274263,-3.991921417769831,-4.753450182426869,-7.397568466444215,-6.502616907463922,-6.794658094735227,-7.822240949127956,-8.041550514133382,-6.550331912820766
0.1953166290521406,-0.7371363803349251,-1.6718518003987217,-2.6921564491949357,-2.803282867520277,-2.4014594005110723,-2.5011056676198904,-3.1620117489010933,-3.4933157147250644,-4.499563024194729,-5.336242672705657,-5.300578836992013,-4.695746529095415,-4.516590609516723,-5.45271006882137,-4.938909176421841,-5.30424910286707,-5.3232940606599675,-5.247984218589547,-5.308542202612232,-2.473557779536568,-2.9228559233173574,-4.416344793532343,-4.454504211406811,-4.554580657004519,-4.569481083241865,-4.954267609781646,-6.3083949950118186,-7.505158059700889,-7.041451543317292,-7.076389641399977,-7.3393721248662,-7.047279637546573,-6.386220313079337
0.211690310495098,-0.7802804825782589,-1.9738897887221705,-2.925354390982204,-2.2599076569501757,-2.7891547492133073,-3.3640792565330964,-3.228425156511063,-3.928512416082864,-4.912244467054523,-5.790741363994066,-4.620514923614612,-4.995529619201662,-4.589185199140231,-4.979037601014935,-4.579660823944026,-5.5082339662681115,-6.659070427258949,-6.0750185890936255,-4.139873099799079,-3.5818518789795823,-3.4818300750488462,-3.4199260134628338,-4.034045624236041,-4.103842147611044,-4.265625662501837,-6.920539531204989,-8.38553380117856,-7.858360360180584,-7.173101705854948,-6.680847716006087,-6.423766606376462,-5.478634776661143,-4.580908526801262
0.8843187796375636,0.19191210571518375,-1.5933702156977083,-2.3343619112016465,-2.886144649432638,-4.167032026121532,-3.3641425351374754,-3.516243789217196,-4.136131080223035,-5.127813743169887,-5.762448084631026,-5.313098408006521,-5.152281186794915,-5.068261583294603,-5.308630453491699,-7.058043726521311,-6.978962935097838,-6.861701292692102,-3.9576222940879306,-4.327886408607579,-3.810098636202831,-4.453928177127427,-4.464990057349454,-6.186192848290328,-7.688879957625234,-9.181377301232498,-9.115385707526578,-7.509871301276663,-6.3612720896495825,-6.108204952106863,-5.409117511189165,-4.274930735336483,-3.5912052422353726,-2.565310455963454
0.7894956097058285,-0.370300509894531,-1.7717712743649028,-2.850836688738158,-4.132821671328349,-3.9105461852798427,-3.4639834802219713,-3.348463984002014,-4.549194394587334,-5.680574766558859,-7.096244151672387,-5.7598623950040775,-5.935126914627181,-5.587280808911304,-7.349799175831987,-7.21918390776461,-8.34857295706675,-5.990714522049088,-5.407686397712485,-5.320572043464633,-5.0520126121265605,-6.030093632327588,-5.142240562676502,-7.6539338295322406,-8.063655935790354,-8.183953511089738,-7.925640880169082,-6.823944544336566,-5.558929829331537,-4.529276516559647,-3.6187729233438564,-3.3296850446850628,-2.255362226499305,-0.9926490273466015
0.3862695460176095,-0.9173376008885431,-2.655631134403132,-3.9753434697872447,-4.009312542718654,-4.2555995576993295,-3.955495068273758,-4.136066191183334,-4.657626260381419,-6.610351009580803,-6.469976132871752,-6.537530653730525,-6.503348411910074,-6.3980384924286895,-6.420470252248385,-7.776576262585847,-9.255479785493614,-6.4800409572798605,-5.498148563398271,-8.070193515792702,-5.628815078643725,-4.951958846461165,-6.607262852631264,-7.237331642745376,-6.149243328971239,-5.680934432279959,-5.488854302762715,-4.6238475063368,-3.9222792907044104,-2.920281144636145,-2.344535509195634,-0.6838838253829518,0.8267259473976191,1.4770660750071718
0.41471658936098027,-0.8105154346244884,-2.567945087345009,-3.612820635391459,-4.040612281249827,-4.599762910638339,-4.272679422053879,-4.851568079511888,-5.4805723567615345,-7.216243341074243,-8.519618565123976,-8.953109613734378,-6.146275860886254,-7.89828913512979,-7.83048273169985,-7.358844739840095,-8.774059654889632,-6.241966698136536,-6.12475374919481,-7.1635045557237875,-6.476955201143425,-6.85525147446854,-7.187135515147954,-6.844774477409311,-5.4134841972561,-5.136991867440885,-4.020570948920766,-2.8137448617116085,-1.8910515993390826,0.1434598261788443,1.480114196714326,2.2931207236398645,1.758950484680544,2.893469674665686
0.6720898194539104,-0.8889711958786606,-2.586704480469576,-3.4289432051584794,-4.508508664752407,-4.466718315994867,-4.8326625958767355,-5.569650235627033,-6.585015351379285,-8.10211548035852,-9.676139023861863,-9.987197081584666,-7.226352551545565,-8.526127774832583,-9.498434834558884,-7.8113000096571925,-9.351148974742443,-7.143921021304651,-5.949728283541049,-5.391115566383115,-6.652697629569629,-7.368702378923971,-6.357672561428068,-5.490912563317218,-6.101911913946288,-4.663993921289044,-3.0013616751876073,-1.6895910939916137,-0.25554272907089615,0.39249435459784365,0.6123249374633595,2.3256257305442407,3.5847369162901446,3.765739327907464
0.6377413810409102,-0.5221749491168777,-2.5691003278480107,-3.6193761787830536,-4.638097977634015,-5.125225121661159,-5.102978033838796,-6.221487941330998,-7.661033104276276,-9.307113184288184,-10.763060873886118,-9.184512119100278,-6.936166828058075,-8.934171447297441,-11.297402802344926,-10.372518209783772,-7.609162045300164,-5.367367025881351,-5.773650048760302,-5.830130705053288,-5.613119132005758,-4.435516131891599,-4.362283208309696,-2.441083597661763,-2.1093069248607583,0.23927941445441966,0.7747695734660018,0.923694985442001,0.48432172717122784,-0.18631765860283214,0.8719141595860839,2.161558379320811,3.1734673054905036,4.374144466763419
0.33087684482541746,-0.9463350169076542,-2.403086789803624,-4.0938981002008665,-4.7147583113518,-4.960825363833746,-6.1062231274410825,-7.433087677126836,-8.726595798247926,-10.414210356983476,-11.652080748160571,-10.054193157774739,-7.4795411303246375,-8.608501582095656,-12.306844411976789,-10.961052598015245,-7.617104714081787,-6.939234221955433,-6.609343635004849,-4.9502482113341095,-3.4555298346110295,0.3188520768418048,1.1366571654567472,1.5906495452866343,1.847081665149365,2.048279649218636,1.3379682417980736,0.14548545069058755,0.40469016089354676,-0.4293046756908334,2.3740424563274694,3.1960757495386063,3.0753153136100773,3.2203333597677624
0.3954887152786513,-1.460462791434803,-2.7319208522124936,-3.4058556950159824,-4.223064031779693,-5.746591407295567,-6.82660699291425,-8.57814752001689,-9.796370623937179,-11.019743230734548,-11.944931610378102,-10.444037689726434,-8.200905773822447,-8.069811240637192,-8.070161972064533,-7.728266804170305,-5.703576875226263,-1.0714765752400721,-1.2449573641780558,-0.989987755212607,-1.2560259160148768,0.6285124007241726,1.9516461867268882,2.0532805592532988,2.092596034751195,2.443487964353867,1.5050204559720575,0.782024584191286,1.493201245711567,1.5686352947689444,1.2795875103846432,2.181368086534947,1.6893744039209229,3.1309907932712218
0.23176930228649736,-0.780888168732592,-2.528067019331243,-3.013869603899622,-4.05169278181366,-5.650149207038221,-7.2834624872358065,-8.4878545152172,-9.796565961262734,-11.042627090734731,-11.675909181815452,-10.7847525492432,-7.794049327456922,-7.170970432556644,-5.710648683929264,-4.725773435453296,-4.274375088164934,-2.6801456177534453,-2.4041370119017826,-2.075248181579425,-1.064144619073779,-0.49707510154672707,0.13999810853547032,0.7305023928860969,0.699867763814142,0.6458195568806118,1.2198924436572043,2.3149730373276345,2.554166124154489,1.549278606719028,0.7621332798892045,0.32949574069978477,2.120207253468328,1.3166563251483971
-1.0045505685456004,-1.0212560646588462,-2.0777885031948484,-2.7375880486497035,-3.8742313944773286,-5.910597387672117,-6.8523851348725815,-8.141913845392455,-9.156054582463819,-10.301268696205165,-10.89236813108503,-9.17482023435729,-7.394443486470177,-6.887507336235957,-4.915708138681417,-3.906988272435288,-3.1118933457459126,-1.777877274240615,-1.680235735142024,-1.4553598040408933,-0.5700352461167463,0.2340444990342932,0.652380247373689,0.40355834826876724,0.5934848795283802,1.137177387900193,1.5476072353886654,1.9567048958808637,0.9358828454315739,1.0716958839332131,0.42368265241323566,-0.08313204187497301,1.8471815885648482,2.8461557888042885
-1.0882366205567813,-2.4029266616534706,-0.9340419346294422,-2.806428398553652,-3.8354798285839062,-4.96175157967283,-6.050171098151697,-6.563932766997426,-7.451491723868751,-5.415334330582955,-8.096412562870496,-8.097856353720957,-5.840365111061152,-4.97931629757835,-2.7672716997947084,-1.693079544530116,-1.2625353584551817,-1.7129591382841032,-1.7736560072059873,-1.1629940986451273,0.19211739554260893,0.7601382290953134,0.22968103433605686,0.35095654764928935,0.9324431808984782,1.6184667795327794,0.9688382954500436,0.844568667449912,0.8106379799354194,0.350708894873362,0.3502956486948676,-0.08570727049522386,0.7357719628911507,2.899153422415899
-1.6286219451681911,-2.475829156558553,-2.132410581877149,-2.543827335088269,-3.6113751160686127,-3.4924442175922366,-4.434542890464714,-4.557886110010842,-5.223859026870322,-5.396422515369897,-6.183662175420575,-6.691293092878544,-5.881573619338509,-4.053267173683808,-2.04007476530687,-0.9533267381401784,-1.2108477028698703,-1.811439813642376,-1.7946109049778471,0.24249220874507302,-0.3185248675081561,-0.7466135585439222,-0.703162261963525,0.6069546198717728,2.366479485365771,2.008084029151849,0.9577741595572806,0.6728771076933338,0.050974345130236305,0.30310873064294186,-0.06164076841672381,1.6156149204660781,1.8759694539183114,2.850736177959876
