script/wind450m.json
{"header": {"parameterCategory": 2, "parameterNumber": 2, "lo1": 3.000054539987559, "la1": 64.9999836372058, "dx": 0.5, "dy": 0.25, "nx": 34, "ny": 52, "refTime": "2025-12-01T15:00:00.000Z"}, "data":
[rows 0 to 24 of 52, columns 0 to 33 of 34]
-16.623759887293858,-16.146207957024735,-15.229819870736428,-14.377318527692706,-14.082277049227221,-13.984550206249713,-13.631071439857463,-12.733576515113967,-10.9425145328726,-11.41132872579434,-11.111645708581499,-10.52452816597792,-9.950116287130562,-9.263421006818643,-8.49071714217199,-6.6581642664186695,-4.702409455699461,-5.147563564773325,-6.219732850419955,-3.545989597833334,-6.17665236815667,-6.190510465510584,-8.573244231924068,-6.60933126708271,-8.076893744522794,-7.937054714211653,-8.454182776785899,-8.190159556035919,-8.03077523078539,-7.256323661912405,-7.790833717159899,-7.720694661449677,-6.926308645538589,-6.229754692300462
-15.723163774710377,-15.63469861273819,-15.760319185386543,-15.150324952667383,-13.288793113910113,-11.612597618807307,-11.398823938358776,-11.188021576379754,-11.062883447230162,-10.752300422971471,-10.711884572316443,-9.761597939765368,-8.774266349712704,-8.270800966277207,-7.180041339726434,-6.275026670806472,-5.245816280384723,-4.995280186987396,-4.58523082591787,-5.7731086588450875,-6.9295858749434895,-7.505100254558019,-5.2938882293201655,-7.5982883459259885,-6.263296214461655,-7.990425273514966,-5.7437551962689275,-6.632103767639305,-7.359356211781166,-7.012334961180195,-6.221732660846701,-6.216857989652348,-6.118855422588189,-4.7679208546835525
-16.528964861383464,-14.405552361009343,-12.937422463743122,-11.336482048467488,-12.467834415874545,-11.803872210886384,-11.255581555164152,-10.827152043547223,-10.060346852103397,-9.107031406455112,-8.56585015661795,-7.718903244709728,-6.602724967679171,-5.468813457798612,-4.2632248316627726,-3.8045106019005432,-4.490132465028357,-1.7399303005237294,-3.8824422466723356,-2.9056571609811326,-4.315212928434601,-3.4457891297066334,-8.313646897195694,-4.282203410039412,-6.538609332188884,-7.355020333845232,-8.320830729158706,-7.348285047656772,-7.739430611624498,-7.2271240838229085,-6.7173704447043745,-5.874566339096577,-5.789604404269136,-6.0337207281996665
-15.875394806825206,-14.7793134583037,-13.243366405268182,-12.868148034687488,-12.061303769711078,-11.427682923789602,-10.204886531718202,-8.959596313903445,-8.056603197241051,-7.196351644155453,-5.606717160636154,-4.023809918318553,-3.091339793900273,-3.0210693253776846,-2.5510702363919675,0.7624325978870609,-0.4463070373885886,1.327797186412028,0.05064081529410813,0.25263926203668535,2.712394952082091,-2.2377518632516606,-0.09323110093901796,-4.882101805726998,-6.147768909295997,-6.153529824557719,-7.073572048910011,-7.113720872635887,-7.893823122025695,-7.212729287254396,-7.624567883598447,-7.06894956239399,-6.30735853387241,-6.239792002023096
-15.342955436247976,-14.026160698501263,-13.09201154441838,-12.182695408512984,-11.664206779645925,-9.907246525762684,-8.87482766650567,-7.267183791943458,-5.043565541026194,-4.234240382265123,-3.3319086582415953,-3.712797770085647,-2.8726044706551326,-1.5100705889487764,1.0873571452326336,3.8761849431995077,3.412064467925349,-0.3396680095130564,0.21503204622784883,3.412764046558287,3.1379224436631916,3.5661320148045315,-3.5376284697919744,-1.53701283441454,-4.716722158746482,-2.977284463534527,-3.6651606376744517,-4.969438687485943,-4.875553274819206,-6.136625716540404,-5.91019272854192,-6.572614411075192,-6.3520044135318985,-5.917243812491975
-13.187733993231467,-12.976573648256615,-11.000111080491378,-9.90626291517037,-8.984929149120271,-7.795893552127319,-7.174804808130494,-5.31309469757612,-4.0859849255573195,-4.478932901552983,-5.235010151240263,-4.824321652279888,-2.4013008584373687,0.7968654680992125,2.6046038617520737,4.260254589997427,1.7844665102823174,3.052807973741786,3.385074058922649,2.0115027419323823,-2.54349444112138,0.20023450809656018,0.08585025835297852,-2.3891845676701777,-3.2910577997951647,-2.1759763891852213,-2.82329004085233,-2.1497061600898304,-2.1694160526815014,-1.5562888019071501,-1.7491273780829935,-3.597022972917182,-4.564864895974984,-4.322030944201079
-13.174524767271334,-12.589794733824085,-10.290857204932806,-9.845923520440202,-8.146801116358416,-7.829899364916186,-6.868345117830534,-5.612234580742847,-4.8278526979509895,-2.1935734605370336,1.0829317052773542,2.848070524523655,1.5898813205045332,4.237435816744677,0.3846923757123818,0.8472583001575111,0.7117894936161296,2.423391745356601,2.1195198588741313,1.8691934239176182,0.5834252587057378,-2.440100001171955,-2.232160912353391,-3.0434853130203954,-2.2138631317117237,-1.9522267868137382,-1.4552960416720555,-0.9365271708687442,-1.1169018439017726,-0.7545089323369784,-1.0280578390918655,-1.6424154906092086,-1.2914897543660206,-2.840756809176782
-9.417459825159957,-8.082782173178945,-6.5455122200690905,-6.926560046188132,-6.750981841876479,-5.769368300086367,-4.818657740357823,-3.350323606486462,-2.602664594380944,-0.5057517719860835,1.4991978344355514,1.5932471652620852,1.9981302156819907,1.861026641579097,-1.4628309420506393,-0.12929140707145312,-0.5148067867157533,1.7879855583023883,3.681966253375195,1.8766135756161944,1.3094988096484383,-0.19531701951639763,-2.3253301368927004,-2.337682811189761,-2.156679982885489,-1.9227142309207104,-1.0067895474824824,0.0899191974166647,-0.3752654479403363,-0.0022200216218764357,0.19869963718215886,-0.44711663971793075,-0.8888214479571024,1.2442323575796193
-9.58426387590382,-7.852334704417823,-7.602779823758905,-5.942760576542011,-4.186589306478941,-4.690111970436898,-4.236637307268147,-1.724497328295538,1.3169020443753126,0.8794342443560239,-0.030939177245827648,-0.6780316361421447,-0.9086358258346678,-1.155776697953579,-0.792052657945777,0.9297713156338309,2.230155389720795,6.325719959927,4.141836436290598,4.95980345933026,5.568338040721015,3.756165288233204,-0.3625752581196233,-0.24100349411760377,1.405306697561655,0.514819696913317,-0.04748623660648457,0.2796338324629254,0.827409203370547,1.8186931303130973,1.2955133941119383,0.8372456734481138,1.6031948453860476,2.0667784299829113
-9.987641759368003,-9.240140258206877,-8.166971837655524,-6.552121927648043,-5.001843008108941,-5.30076402207285,-3.0137117655791537,-2.893463562062425,-1.6429850825551031,-2.2253162483648405,-1.9733350865093184,1.0341195175862388,1.5396223961684556,1.2054035461020602,2.3139718538779808,4.89690308658718,2.524327526017602,2.0814995730650963,4.281825264827996,4.961040222350268,4.864463056266413,5.318014549512865,5.623512021821245,4.015791165282304,1.2961851823146693,2.3557276998328276,2.1145539557470063,3.301729512871937,2.993873406440696,2.3022372203329367,1.1474621750024068,1.045444115089189,1.8382525913390009,3.2896041662600455
-12.357868845231273,-10.668427030643103,-8.759329593009882,-7.229679891149776,-5.598848885049922,-4.343793419228811,-2.915459883772855,-4.398753536519192,-0.0982961512585391,-0.6281642175015073,2.327321716565031,0.8661953028298534,4.668472606047658,6.443677280051877,3.6235825074753554,1.9199494305216684,4.1978197507361985,4.615870354320056,6.381209604052321,6.3651038512570555,7.338810630591463,5.419708739969747,7.260580644279454,4.36789416121712,3.8806732927971552,2.305705181817405,2.4857312830535467,3.8143061959370996,3.160459631083669,1.1873153907731253,1.2963043851397789,2.441701610682412,3.37083370176476,4.008952459708875
-14.163359501680393,-12.355452098433389,-10.084421204009146,-7.639883137493811,-6.602779431857221,-4.472682968583211,-4.0194140085722,-3.7813341863353305,-1.60657946430022,2.603450885531548,4.7165689302031835,0.8010946809629517,4.153028264604725,3.8022854076830708,5.765895373255006,5.228142569876934,4.241925184026299,6.709500880497561,6.3633170184967325,7.719657542517337,9.126943470978619,7.789539672152099,5.806889659697952,8.62029332501791,6.905620692573391,6.269991465705832,5.5647810405119476,4.406075278372781,5.819834232676919,3.1338685988998325,3.742195908430788,4.273493748572291,4.2619826982808595,5.166000502278135
-14.190338050246416,-13.235633173756447,-11.558608682374645,-9.011045719789474,-5.912084909904649,-4.234962088132133,-2.9954637104574795,-2.5883642665288127,-0.10258673759356651,1.4147113975517462,1.626798047359693,3.486671958859607,3.7562015241347475,5.097069151974876,2.8273771614305883,9.279339395806419,3.802289554716553,7.098369589496921,6.641944538775807,7.713765318987082,6.898691807669297,9.026307879290508,8.008761793451454,7.451005873896933,6.942940805611676,5.958877226852191,5.158256103903375,6.02536443501444,5.974596588943311,5.113170707684406,6.010787954931,7.205425722304735,7.2079651661924435,7.3289156945097975
-13.593399961947975,-12.907509858589224,-11.900414234952963,-10.821017773472212,-7.574898771075248,-2.4607999843374913,-0.1372930808376287,-3.1142685003932185,0.01953282478102354,4.428526179852841,4.60700404292572,7.597222946637799,2.0487849219451317,-1.312429641950922,5.620095303287444,7.7115522352569625,5.67966719603775,6.628838096442357,8.733412555907211,9.351687914322937,4.59981623785801,8.601222219190142,8.340701776157186,9.388400578854352,7.198148300972395,8.223239592736878,6.538721823775551,6.12172925019652,6.257683205089129,4.790306575477038,5.579667231833101,6.769727838031953,8.316571049420636,7.014701293442929
-13.310566440034128,-12.6761292896196,-11.616890532154132,-10.815643355496967,-9.55716148137211,-7.886794741955535,-7.306865916544985,-3.074446510315405,-3.8580393570538343,-1.6669788183186403,-0.33661155785967933,3.878636532164119,6.513797673867562,8.30434142976193,7.225235973722411,8.136621878319662,4.201083534374114,5.742180484427084,5.549109527958297,5.744849828136107,5.3725678706322215,6.048768837644826,6.687496304561796,8.013182599440176,7.8596212525913085,8.851643763798213,8.430498606087523,8.925887358694755,8.60442010585164,7.652209643162999,7.421665950100174,7.75176878245842,7.343529333630152,8.107663086885967
-6.557324583196359,-13.030192550471387,-11.448713606611253,-10.390031427211067,-9.12652990166335,-9.06454777226826,-5.901326012393276,-2.7480907408416617,-3.978044875585703,-2.216635358220445,-0.16587996348601816,4.134399089897044,3.246150412912975,6.365741137868718,3.2575921508044225,5.62941653105505,8.303464613923573,1.8142883188555743,4.774479853833195,3.8315301735681935,10.668113341589908,6.339082141561185,5.669635760848185,9.405952870320402,8.86206437651826,9.152483167314264,12.414086533860644,7.214346341156102,6.74825023077588,6.34722020238163,6.55435190156844,6.232991749501419,6.602194008306356,7.527153954603251
-4.34016482282498,-6.45102877801318,-11.216640486226401,-10.165371514117687,-9.88608318182948,-3.7036360970252677,-1.4815199138002972,-1.745000453646507,-2.7114763596351317,5.4391904626114735,5.847824813042364,7.5145532304350455,4.403044924107205,1.140318464088212,1.7256489127800207,-1.1867061510739803,4.841297032048292,0.515543535688047,5.21485826395657,4.212823255635036,6.523988601324017,7.378236024631932,7.601573121122433,8.423235321633618,7.670325992440058,10.083284752691872,11.325895283265064,9.281870404301124,8.86176203027341,9.535336372891603,9.018940131532638,8.58501607744141,7.39081708637573,8.239263895645346
-4.410290994972522,-3.537216396966303,-9.89840549401873,-10.259225413721403,-8.78186135229435,-6.80191057635191,-2.634875041781083,-2.8275667571145906,3.013920517001434,4.141797505736288,-0.4319434673349561,3.302583173026443,3.9435686760765027,5.355120657115931,5.739343013665488,6.017593978601002,2.9726965708250908,7.134437547053298,7.14478629378118,5.552553394507545,6.344392947398898,7.507483382876096,8.306172628053432,9.767790191711452,8.054728297033572,9.11291546583234,8.871417945089576,9.533689245359078,9.656234234979044,9.535059165296907,10.97630313519765,9.50965548547843,7.896585260967463,8.274713800059239
-5.113988393453906,-4.88483958513277,-6.752878316634809,-9.795114784026923,-8.674764434371586,-8.659003526309606,0.2121185798648765,-3.0480691671110907,-7.97923340603594,1.5488597818098038,-0.12267230971002904,1.4735929968193213,4.779889820635511,4.9484877277911,3.863731154070715,5.008193936442789,5.983035173149136,5.645164658385688,3.0818144964699488,6.477378551415185,6.969763763318188,10.311992210118733,9.299431664015705,9.556885197349485,10.60814172496322,9.225634018372991,10.292710326333562,9.997671289874878,8.359687985070092,8.506929242465036,9.260043028803842,9.403483558676172,8.458526983486903,9.523385643404485
-3.5001480763004458,-6.440691724526707,-6.289391313540295,-9.569286934411936,-9.269911096406117,-7.7008376085792,-2.534538680036109,-2.3243785934990893,2.7688477889745777,1.4082013669263769,4.139714118114131,3.715252269576843,-1.6287958922788268,7.608063100339047,4.23690883869208,8.160295984169112,4.128845800710057,5.4542046594938345,6.1201777565203574,8.742924962049434,6.389957646381335,7.9939916636044135,10.988373580910197,11.163811595700707,8.28159943833017,8.828642136934553,9.14574662748787,12.074777020932544,10.644886938356764,10.427605534755115,10.409686431878937,10.279963698588565,10.6361695435446,9.296871688962815
-1.4106546198809238,-4.708456201034771,-5.5368408363762285,-6.991244652586981,-8.528129700542427,-8.885350044516791,-3.106566994439362,-2.8257849547143143,8.138912816076504,2.2910727177680976,2.277846898693124,2.2408204520031574,1.9306474506809546,3.0132978856613892,3.0720050557540515,5.1800548559480495,6.6211613201904855,9.182211369486337,11.277367951374814,11.542207968980305,11.55624252417221,9.715474398901504,11.051056710506861,11.52781737412335,13.842669976725253,11.729787562887989,9.494900786783463,11.260376109892452,11.070212710265487,11.032851669859985,11.502828254635983,12.69167893177763,12.26004702150348,11.143415174749128
1.04733813927015,-2.3684991927318624,-4.339348112726436,-7.306228053038923,-8.24138154502906,-7.144391541102535,-7.333340336882269,-3.4403655130542403,0.8884746310233705,-4.478142351228048,0.48150488381204687,1.940554521874786,-0.8212565816577998,1.013316839243345,0.6349690689136547,2.235608438048895,3.498131944261461,4.866247531106017,7.894323943241664,7.631721366863638,8.886347867521085,7.9286358398794,10.621156247565288,12.681271774172977,14.709501567455286,11.81189465298449,11.938645008880709,11.342854149160518,10.540546800047402,10.654577746470341,12.804396567013772,13.524393200506385,13.504780186792551,14.044892349768814
2.5884802557297744,0.07648733985744675,-1.663832559502667,-4.066650678934654,-6.717677590558469,-9.504626387403498,-6.500265217525556,-2.8424736211868114,1.3589675320886947,2.425727338004005,-1.4577633531695504,-0.01515643883939547,1.8526786342670245,2.621137536546251,1.4878238567301652,-0.6993211653322903,1.7641871928562398,4.839126458331061,5.7186067866565145,6.20381564042412,5.99289558417274,8.170301567466641,10.57250034214591,12.44572920973347,13.079302421637479,11.413260394701581,12.302614116032485,12.791409051759759,12.940058241016299,10.761249914060505,11.333970343932654,12.624086877578549,12.08324432930007,11.345229985770732
3.4985183596712623,2.1637514462084395,1.2930314489143646,-1.480743123552116,-4.797287997938949,-6.496489210752276,-5.766060544640876,-5.028823192382718,0.2502636214266593,-3.737630776023278,-1.78770656403136,-0.953220348078023,1.3822729446571584,-0.28524331803161984,1.7652004395857157,3.4832868273331634,3.3882862201454746,5.656083377542265,5.457402709745247,8.135750810439506,9.08155444020327,10.58848370043334,10.264922946044036,14.57146760414224,11.10072515833321,10.319440870993153,10.718540621638068,11.628227834698642,10.203510657525705,11.855721133646723,13.140619945071991,15.073522296259103,17.494282025932364,13.644954646613144
4.057068224398207,3.775204625140364,2.5131347760363494,0.8818216770174433,-2.454661091165568,-4.247186741345205,-6.418161658217652,-1.9929880887163745,-1.6056725015622406,-1.0447044021465202,0.02519535487664322,0.36583641877897377,1.841798003202329,3.559940193274401,4.3712547631246474,4.908774545761283,3.810228611036011,4.99629533499646,6.859602100207005,6.085849260166069,9.579286466321129,11.48595682733098,11.766708173237559,13.47280637528018,10.66492643096797,10.889686555684603,11.25681638465002,12.191490793998758,11.614288350504197,10.239078197516056,11.705740948032135,14.117032344724999,12.789421962012465,15.996037110741922
