script/wind10m.json
{"header": {"parameterCategory": 2, "parameterNumber": 3, "lo1": 3.000054539987559, "la1": 64.9999836372058, "dx": 0.5, "dy": 0.25, "nx": 34, "ny": 52, "refTime": "2025-01-27T06:00:00.000Z"}, "data":
[rows 25 to 49 of 52, columns 0 to 33 of 34]
12.88864416802811,12.692735266437793,12.66873871360759,12.500106314942359,10.65091224642183,6.026808335981472,5.379944853844063,4.8592909241547435,3.662156501370993,2.139192058001434,2.0558538389246883,0.979160774165453,0.7407384995736694,4.5429849007476495,6.659754605563681,4.3351297892280725,1.1938233320164977,0.40971579288315185,0.8532455531274207,1.5197839122939896,2.236703962924457,1.8419864962314334,1.2129572570023117,0.9840660928450813,1.2471976887921836,0.07441225442910232,-0.2665772303003438,0.10327819779774026,0.4201122196432541,-0.21334637448821306,0.11248566495005796,0.28693978991710894,1.650871615458507,-0.7815948028471029
13.084512944936,13.054051494731306,12.92710061428891,12.23433339009461,11.525185605314249,10.013229969628902,3.191985621982995,1.9884987685332034,1.5498040567920417,1.1617227946647701,1.462908495853621,1.5873798271143251,5.453344559043127,6.362920088565223,6.578015490069238,6.79487997510379,4.49569863767587,1.2350619600074593,0.7109140613768938,3.6994563029106926,1.61686295625176,1.1112922544188562,1.316943690042249,1.9956688046933688,0.8061237526765813,0.7703207487824654,-0.4625627168447147,0.3889157933997008,-0.35021163200523686,-1.0445970798523294,-0.4679634883918145,0.5080744128124873,-0.8168063843753828,-2.002064922474634
12.450426509061192,12.717916856765983,12.545626194898688,12.451418316659755,11.64090728520363,10.176470041096156,7.639739772478122,1.3826706984841841,2.3838123753790206,1.381273706554662,1.942406315846529,5.7296776772124804,7.084088231984578,8.31935756546916,8.933575419276083,7.760571063777887,6.79199343616167,2.1381391854662453,1.158476770419582,0.5887983116489464,2.365702399868037,1.2462382612966783,0.7722001724471442,1.308486083890277,1.1669495702492219,0.5239680677924489,-0.001614798410561225,-0.7247839694077906,-1.290306588616344,0.5124559834653959,0.22296077071450174,-0.032833830404225134,0.09294870305420741,-0.17478920627907496
11.950599039544027,11.839200632384754,12.390174510176777,11.693929384392405,11.479275235801527,10.3578288040163,8.724065287258469,6.989383667198152,3.746558855861995,2.2922767277976868,4.982036076890483,6.33582982267223,7.3533922808768,8.717729980730077,8.926559189784621,10.147270183265217,7.786616278858837,3.3846945861995934,1.717509791302411,0.8183328702605659,1.1727407487504478,1.8983834154537864,1.3963894663787715,0.8847593924531744,1.226028942328461,1.4014365937836981,0.7079489081131387,-0.43004024323351575,-0.13476101930329717,3.922914899713709,4.41476056548181,3.30315703237513,3.0887270804889218,-0.27620248543362264
11.756791725215276,12.228462279951788,11.523228786352773,11.587016052181381,10.580458679767755,10.594363454733271,9.172794077697825,7.974921728352406,7.16346413684035,7.079630692000634,7.516765534115999,7.057309212718444,7.553819125147323,8.133976584847687,8.551901661057643,8.06284781175311,8.175773809001686,4.915689036449919,2.6795355730449995,2.2689161924174686,1.8861755357049144,1.536305242014217,1.7363661444282,1.4319397996226138,1.481193137162998,1.536874729110456,0.8612284982493994,0.9900357649150655,3.8477088377532755,5.00738802314292,3.956418898881424,1.4357020579222295,1.385489911805843,0.8182877303208281
11.050274331606516,11.467928993902435,11.961514939894078,11.65296133542833,10.97825143881769,10.19661599636174,9.712321784687205,8.779814874140735,7.9171256791085485,7.895759836312929,8.442364229474471,8.9708569113459,8.047707089318328,7.542853978169675,5.310672672518799,8.661860320623079,9.054860057021832,7.575742159491736,1.6671342900472976,1.7167825002993238,1.4337970055256941,1.3459891740418046,1.4494021680759808,1.140944518079386,1.0172344679754814,0.9037464851161282,0.37997773266330226,0.21770946203480168,4.076667923219323,3.147581311825477,3.359149418198947,1.4338737881683443,2.1290556662462743,0.8408227394948579
11.185836848918543,11.61680619121796,11.542495539718692,11.574279487582263,11.403592631528342,10.77062498671695,10.157257246021725,9.057978517549419,8.79179879202055,8.600119697594593,8.375152425193855,8.110117374196372,7.571192812844004,6.063639692032356,5.61336973401914,7.2644713616775025,4.584665309222499,9.054222799138357,5.440683065886772,1.794001446731419,1.7871368388223372,1.8084119210983678,1.0928652565513877,0.987553098781422,0.459642800553303,-0.29847467855058296,0.13177597520146025,1.7075972407483542,0.8859225482538505,2.992758048850177,3.306167085838999,0.797065677771328,2.915199649581188,2.653659497940996
11.79932736291918,11.54421742666138,12.041315368411732,11.918031831939839,11.789835489103497,11.487084018843635,10.688040989349847,10.179538664613546,9.181615153437905,8.639904757544272,8.201333187454239,3.7545947034435416,7.771608948863194,5.0546125414991945,4.755543024962977,9.838404189789957,9.562305302030316,9.348766378293393,7.339642284661678,1.8511908207218009,1.516139149048232,1.8578614643318396,2.337905293145393,1.4949836711312168,1.0175565213369375,0.45122382076043216,0.4266486761516635,1.094515506321624,2.108761070928688,2.71837341474853,3.0370640028381826,3.435206955781331,1.1649863877722502,0.6061215152684786
11.36891926291552,11.793789184277777,12.111914184950546,11.981133793409816,11.996318853626983,11.992829005009877,11.344380450707158,10.6337654758727,9.938301749869128,8.519888371959922,7.788871256661556,4.615031274057864,4.475837174244469,5.029872724322972,4.363570063497123,9.750274748980164,9.60839262303082,8.040044931103,8.744827839557265,5.428993393215195,1.9397606878985005,2.3423224495698975,1.8756644035821153,1.5190215201798587,1.1103859697059555,0.6214751838884737,0.08782503930257649,0.8383462136033217,1.406997163034245,4.114753228117834,3.2612171548342417,1.931940083439592,1.1587397977222715,0.060028497037916996
11.366057263147976,11.680624651192566,12.299753551580208,12.704250894974193,12.582951312487486,12.626149514212736,12.265200982634006,11.59079818165044,10.29843851102866,8.678261946616278,6.5821838565191735,4.917470586807067,3.5055464923238766,4.108588292681294,4.352218618932459,4.617920623479511,9.434188728487948,8.863067224878812,8.272862740670622,5.89674919998183,2.898837015456086,1.8813664442157214,1.5141140196952476,1.5093196339432389,1.3505267219423345,0.5268788384278077,0.28888587933273546,-0.07835368843912578,4.333905382512325,3.6297214004774965,3.940017541311257,2.4261491204337324,0.981513395551176,-0.678276115791042
12.434579835602763,12.25227108056039,12.512588717468175,12.78346596542503,13.110939346587624,12.471885067623182,12.652953546815409,12.239226169061507,11.663778237916366,10.368752419424773,7.2572753335323785,4.499388351853606,5.22068218211256,4.80406190717203,4.627441092702797,4.613719335413269,7.727657585543303,8.456532830499796,7.391747063920217,4.402904250326908,2.206552098791687,2.3062899634502196,1.1338517035181823,1.5874163359380347,0.5676674182959625,0.5210999942158014,0.6208045224438542,5.121692112822624,5.271344479542565,5.385998717402726,4.26032090440967,3.3721310784443386,2.153256066317233,0.2475654622477947
12.422669025699951,12.730802445430848,12.048223033534333,11.813477547174944,11.668117320893138,12.118817633030561,12.141076588612467,12.044461880722404,11.793238356712001,9.809420324335596,8.434488702716678,5.270922996150801,4.29118109380562,4.211103391977868,6.049636568119209,6.488935318526995,6.851332458216234,6.85333561911967,3.287080606451827,4.2157218278441855,4.048735860800665,2.401647555219219,1.970052271088727,6.1605029564805776,5.721201130182316,3.224344148882966,2.800720864518979,4.607477033837724,4.564739155441658,4.006698098831753,3.8268657624178815,3.0970063875475446,1.9178227027749584,1.2446877010913275
11.480443600387026,12.560288171396769,11.952582720201063,11.630889281583338,11.67529798756162,11.464137059584635,12.234235265812238,12.144250677657057,11.199407765801354,10.708270392556821,7.278826030408093,4.904150233717068,4.5335887286019965,3.548292191174517,6.3799364709787705,8.631809573559558,5.392501216614712,3.3185136148576437,4.232225248976937,3.6762349966280268,3.650528961145817,3.9960235074363566,1.8721149674188478,7.055141698538773,6.437637226634999,4.3836716239280555,4.167630493258359,3.2228993579628233,3.944011701346569,4.24028892329747,4.186908875018713,1.9529588268400209,2.07400172340929,1.0357660161357995
10.783044712942331,10.821646892391277,11.366340961368287,12.26122416115878,11.78023715825206,11.454173766117766,12.091069442800084,12.036481891715423,11.545595276785525,10.254576775451078,8.539004401829512,4.525788334563008,5.0213992745101725,5.172632452618552,4.600294612242402,7.5214157282149054,7.319418006548304,4.006624054632454,3.665030826555095,6.107384822627667,3.4724354242785447,3.2576286531134087,2.883281478868424,5.861990292788327,6.099591303949986,5.486962033376051,6.407306182502421,6.83048635412605,6.730381195219378,6.021302382568249,5.7127055099089805,4.403073271617303,3.4715814622047168,0.7514547740297755
9.039261059357933,9.759562748470294,11.077123672988273,11.915769094939288,12.635533345201562,12.775890789321295,12.54017022931187,12.28320292003969,12.034806193753502,11.20427201596344,9.382776737806683,6.314188578483842,4.076756658487383,5.2279650121612615,5.553209321028908,4.666705596729825,8.264658004436034,3.9848794613113023,5.124882652531033,8.091702970844851,7.123430493885168,5.895362274293704,6.309324719713803,6.007611242583952,5.8283574080970135,5.809935439831878,6.115795566207799,5.899571984703786,5.878241815765143,6.309292058381088,5.289417894539082,5.38618868678986,4.918775058669062,4.738583415697756
7.251991089363034,8.32465383816491,10.864842213741605,11.420418723339674,12.294750574342553,12.598019631418413,12.833815320642605,12.48953105004628,12.561167201137948,11.779631730340888,9.971990456248205,7.003618817589826,3.613595083081962,4.858185799204704,9.625888026792047,5.438781409182636,6.595964119856462,6.0420480864688875,4.951894927195402,6.409691210186481,9.163790976887503,8.102761358656394,6.969843188804635,6.30624115004714,3.6230181077707653,6.320605730529968,6.548641787982884,5.5855138115660194,5.024702254021499,5.532457911983935,5.543849549010429,4.7784777377705865,5.669136870815389,5.296888930451238
13.636316319937269,11.223692226591519,10.839665190065771,11.393239115361926,11.812226441927663,11.260798858392958,12.289559954038786,11.477313301486383,11.996126863191789,11.813559071296819,10.276681800145106,6.8848447663692625,3.851696883142995,4.63167390680417,8.877138866419997,9.686439865373734,8.08994782967109,5.562146329027067,6.7862736774718595,8.987048652733861,7.777757814021697,8.777827497597242,7.289717893841525,6.852035171727643,6.372776310550604,6.318923637214457,5.533328943997632,5.333046810050528,3.6401726522339595,1.927566400040157,2.1605532959043776,3.3917531249310646,3.5734584134689933,3.2158850100998557
15.86089758798896,15.584379473484105,13.797143204529771,12.70404682594295,12.19967177975947,11.291043522928192,11.581811302981805,11.141431649414415,10.628507966458463,11.319823538172265,10.790214670058669,8.618198937774554,5.478879756703883,4.480936200828637,7.215327001959146,8.874153485237496,6.221364018297758,8.794376625425544,8.074573535869524,6.51923694596028,6.102267943046097,4.232068348695316,6.284141893102617,6.274886208475109,6.312687662209735,6.087877848917993,4.673150849111098,2.0617844984392746,2.3103597757071426,1.2881165800380414,2.5083528739398417,1.8726967319420842,5.177896398871502,4.335037703969592
14.738569914601733,16.31926027333712,16.1326962801616,15.21452399405034,12.954258017076256,12.153733890435836,12.374420570170555,11.591137823231907,10.716652917744769,10.255326294493688,9.34225221696209,8.238156334822973,5.568273304569236,4.2724516299780095,5.036551588382657,4.738588331827556,5.675656743510663,9.111544347867168,7.956115362086539,4.202294990361502,3.610776304804746,5.599937890504971,8.199368453373971,7.514357842276754,6.311111065722918,4.552679567500975,3.4507781165448974,2.384378362174836,1.894562465114208,1.9081216032364137,2.1678492018308315,2.852477116422321,2.4759669168212994,3.0684697700549273
13.894263992057592,14.40638707411969,16.389389753257046,16.76429148993795,15.00171454131352,13.413487186955283,11.571931944091125,11.498847727628071,10.670941972673333,9.557101370605421,9.302234099804432,6.947855930213262,5.314202839413044,4.545832369392914,3.544375783704115,4.576674691951072,6.549110586620054,5.258068177651387,3.704426301761645,4.19080569325417,3.334403953101663,4.924236168544177,5.869318557861489,5.733125057836928,3.00475982739705,3.621255300792357,3.033005980838792,2.5827475148532644,3.116039099861539,2.2826933266783533,1.6013310168470263,2.419175587582089,3.9141954920540423,4.422479268646308
13.204984948648349,13.070897539400422,14.698386131530768,15.617571613390417,16.401056195845094,13.859154709771472,12.405654993535546,10.950821861771221,9.166465884242967,7.137575118488284,8.84048304217178,6.059361940289864,3.8011601791151577,3.9973231125151742,4.2485563344285024,4.83358360570375,5.087373484856552,4.031979568197102,4.821552502754376,3.5625452244729776,4.267769874115824,3.0891943952663303,4.738228178666545,6.482232959616127,3.5867261916608304,3.418567352469053,4.341101334366273,2.6774344085803414,2.290661607275245,2.4814233734112405,2.1654181297265622,1.8882884934111595,3.031725566193102,2.5918216214779513
12.651811528561664,12.016946072830814,13.251698237349508,14.807796406468125,15.43023645620441,12.630792889918958,11.323658216366955,11.142178804247761,9.550231564296467,5.690058327465271,6.419398590285102,6.38408345126655,3.459757269167426,2.9563311121024527,3.1715219534930705,3.3449081429986918,4.087733709429475,3.979204705196535,4.341722252901159,3.2779624246697163,4.384940631697202,5.7670818727502,3.664728748262656,3.1187717999132816,3.8523162799574715,2.8196053478950662,2.686888132923367,2.2490546655618844,3.069464104813888,3.6179709603487153,2.457971715358456,1.9576893723554898,3.048266963672614,3.3011063726329097
12.70900508802891,11.321562385864768,12.335920167259049,14.409046110961507,12.431301022060946,11.26970103723022,8.035713024160785,8.058146091096129,7.976460093477936,6.905221177097544,4.772399777659823,6.786044394579133,5.968353065335453,4.346276476882818,3.8064778528552345,4.055501358896807,2.814516572086725,3.353075876602168,4.29752586686986,2.7740188157305514,3.080969568918938,2.726793668875108,4.084437688064581,2.044364862352025,3.7512650869904665,2.2354262407174015,2.012551353015805,3.7476663561616426,2.9649096304696148,2.9322515141367185,1.682470609532397,3.06154883510432,2.550503611627512,3.073161989428554
12.289017224034549,10.880062882024403,13.129447206470783,14.33640329740276,10.372411035787263,10.116367323336396,8.137195076195752,7.017804604259033,8.069999331176474,7.559421568788795,8.071034077517782,6.672443423817531,4.867797555046799,5.571715608391429,3.6384047268257307,3.378659856536354,3.8202550306847947,3.2241837289252775,2.9648069775323704,3.19760598551507,3.6018724090223495,2.544349585058171,4.479532168404379,2.358342976764523,2.4962119167481043,1.938869227285711,1.9994570689718065,2.2193952851214984,2.771409538489229,2.8465834329242474,1.8433016931376067,2.0745027959319944,2.3534603460142023,2.674433432596955
12.233622649551101,12.247474669962402,12.955797215206376,12.712371676533794,7.98330155500267,11.207659829125014,7.764926685072895,7.6696564453264555,7.780244081732226,7.804252921605463,7.45799860695306,6.9129843139520455,6.343467305356649,4.149678428612155,3.825010689391912,4.146549626981549,4.170710468327244,4.508057858946383,4.80431788485931,4.199110517035503,4.437739338242514,3.142921299631384,2.6107893413193173,3.034489333414119,2.706197969969802,2.652450270845217,2.064632526603199,1.8307450335722857,2.5521080983514355,2.66777246548399,2.5414658755468706,3.044371549013171,1.359805395428106,1.527984277861466
