script/wind250m.json
{"header": {"parameterCategory": 2, "parameterNumber": 3, "lo1": 6.000198445256149, "la1": 58.999992894266676, "dx": 0.5, "dy": 0.25, "nx": 22, "ny": 24, "refTime": "2024-03-08T20:00:00.000Z"}, "data":
[rows 0 to 23 of 24, columns 0 to 21 of 22]
5.219748035095515,7.225588363205137,6.858936530446015,-0.6234173575930998,4.775100621516057,4.356039987433198,6.399401644072459,2.344029048998113,3.814118618172448,5.25727028465526,-0.598799378015155,4.346882221298101,5.662423317955851,2.441937270728552,-4.391292163541294,3.957739071840152,1.9037882788305367,6.863326330595015,-0.5720538960983274,6.538837602021199,4.509460156596548,-2.310446797653565
-4.92497108203191,5.874793254224287,8.765795402955982,-1.238126462034637,5.00182132228592,0.10982408644043484,2.1329054163434154,-0.03450546236672207,5.043347750353453,5.505019419527164,4.3144375268344035,4.886647200781618,6.905347392965312,6.989876083574914,2.8264048671501962,6.703964763150672,-1.486750688265472,4.179692721368234,6.057193870195041,4.920916162036135,3.8435190124220573,-0.09769565032843378
4.454888784603202,2.646574127639148,5.5671710442825155,3.9102724667210293,5.34730775904281,1.902316541181521,1.6346592757794804,-2.8620047146741987,6.1703638695577,3.747178102561159,5.486731767160632,7.593995079714334,-0.641550156657592,4.287457964701491,5.29275769119416,0.5321036474970076,5.668147392837026,5.269240384651163,7.336362414930967,6.516067834210411,0.5636662786518778,6.3721167029261
3.957151026363639,-0.20848835338475205,6.342991037937888,5.421893590943639,4.974727367997531,3.946601332124245,-3.2370889998687105,2.004412376831374,4.743026756459423,3.6681476273614866,3.2431352855557463,-1.0639704149044935,-1.256491149667078,-1.8307398877698464,0.9924480957933414,4.383174177077776,6.149049061396458,4.16599330485992,5.841312001925444,4.951192595909586,-3.4715724559121415,1.472269487219014
3.6456193680172135,6.562832509281504,1.168757895194051,6.018380567419117,4.907971898338132,7.195082539891342,4.824332521236659,-0.604580569925866,-2.2973043112570073,6.235216685968968,5.8111651869789585,4.97249836432258,1.506941911786307,-0.4969273970749465,2.0477076925492557,5.231421512821911,5.01328799502156,7.559980979596954,5.154227856956191,1.3242015060901644,4.855523620583013,-2.4585149654641083
5.08271833303357,6.372339407245337,0.16790855205801813,5.262728299140872,5.899157818759634,7.472777739592113,-0.8814596376262435,1.7163492731226393,4.269889179026056,5.581782493478135,5.964063142334525,-0.3463631468598525,3.4375848254339276,-2.1603119558391612,4.906921181496185,1.9445121694952328,2.3511648022118594,7.626417815865288,5.279277870121214,-0.73210657427582,6.207009067233168,2.095103106161854
0.28247343073598263,7.050377760408834,4.040648389765346,5.700898126694872,3.2563156380542795,-1.3821470123673165,6.278101306916271,5.174698568149906,6.553789998116886,7.004610137557897,-0.1387632288115464,5.926711114207393,6.726554322071796,1.9716888505363495,9.000544284725022,8.816542645844084,-1.6796692032522518,7.242034384659444,3.3967032531390458,6.599637903722757,3.9939223276575477,3.2329605156306216
2.392975474281574,1.550971371665868,5.1729312087768635,8.137316061781924,2.9415150445125526,4.776774739705904,1.3280561548736252,-0.0022554277339149535,5.526371132739289,3.954717652356574,7.000275742348415,2.4601523295788836,5.698983815493577,0.6316689863932575,6.5632477242268585,1.763287069167829,7.913486465478714,5.59650995927591,0.8796040962054843,1.5560510601596533,1.325304741855536,6.214200278698256
4.179655732518802,4.612205790253706,6.191396748827848,4.636534820231021,1.0330601265165689,6.989703453726458,5.357059759793493,2.384713465069992,6.274108038521869,7.014060568292433,6.129683898831222,8.254670161632074,1.8546963924067088,7.751047946599396,2.8123706551156973,3.670613709196264,5.297577057593421,4.972437483149557,6.533452077900668,6.757685814535101,4.381551445668593,4.1203770908874935
1.2800661235772877,6.295623072720929,-4.285069980755037,2.505523434562748,0.9997483467438485,3.497057285031412,6.197454893111512,-4.671269399339242,4.264410540164483,1.163293894714782,2.1618909433855675,6.496226734681387,1.5215044227051655,0.06292410910958258,7.036146823495733,3.5225902282572052,4.833235950662902,3.7256495391538644,4.103848919418248,4.270363487356136,2.0903821543683403,5.03897421401355
-1.450459772542528,-1.634687152130976,5.881159594201487,6.528304682266036,1.6105234535043347,5.238195959716791,2.6665778448707966,6.354911660749069,9.35528588507637,4.650424575814779,5.822789579162786,5.185063446047013,-3.2931163046285628,8.595038097685613,7.191052237018671,-0.7618303127238172,7.006063947783242,4.670751352162132,0.1512066518171076,3.8748524213209623,6.087578730948104,4.716266486346004
4.251384279136284,-0.9959067420306355,-0.09147024988225094,4.406981616974005,0.0851207871998991,4.852997414324567,2.3579467416232682,2.796408895317652,4.495079273722812,5.5473438982708085,6.004507420259818,1.280688058807002,4.775686399887635,2.823472511584208,5.959403878449992,2.519379606074405,4.878573531208676,-3.0648549031366543,5.386587544599864,4.8928847157308155,9.13808368807682,2.0697907685272803
5.198027763410938,2.599658984412242,5.693981333611318,7.893446857761474,4.07107635954642,-0.9150993798384112,7.295002738506315,1.5129514276395757,4.512064724014099,3.019854371724705,-7.6168875133201475,4.581453628711608,6.105810053296496,7.61874164469145,4.743470300680709,7.564156059014441,8.009042492277441,8.88531752607697,5.5059102874002,7.159924760789916,3.812718840282512,3.6306330970016276
6.519591204296609,0.7446853316827616,7.04967093858278,6.159991744864616,1.5609440688264788,0.9659715911508349,7.610803711310069,2.8706669373682883,2.3230291045085347,7.512665523339607,2.027615182455181,4.087288997169792,0.8228340602461119,3.7958990351615656,6.667939763068575,0.5320997504187513,8.648190146805675,4.584755985159132,7.228375999922908,4.510307028262919,6.946366395595451,1.746356844792015
4.281767368915335,0.9881783056700015,5.928155976927071,-3.6350436869207177,4.635671308565934,7.816091127969238,2.7026423534807757,6.403095319527435,4.017670748814469,1.3879670011338123,7.749033933247519,8.940679568986887,6.48844676242601,6.490682988622401,4.226003794216472,0.07663525056791666,3.5414983354568745,-2.405248095398703,5.104252595395732,5.5874670677639315,6.24429800968081,1.1404975997704188
5.531081761533468,7.050830292467834,4.210991313779348,7.140876937917715,6.375062567637875,4.463594317572818,-0.16680162062941398,4.750782859543909,2.036770050568247,2.2843663792673206,6.590399142322067,5.863448724177525,-1.5140252745007554,4.617670503463892,1.3571610073862936,-5.712890928876223,7.8251761268433215,7.565950190735478,4.976573504047961,-0.6832045832786807,7.0577885860124105,-0.3149903698146244
3.6106222333277045,3.758162225729229,0.9568742273886263,5.8986063201961425,0.39877926216747467,1.922290106980043,4.354459807180482,3.838190344961166,7.84127844147756,0.5475152696205104,-2.113590548748592,7.141928255559589,-1.1216159990557113,1.2528498929982783,2.4184305977121214,-6.109519415460822,-3.865763969508527,-1.1563181836052474,1.6504806168763488,8.76918353262326,-4.571135108722054,1.6777481933646428
5.807245931382357,2.8521628486433057,7.375218318505948,3.6443041531610123,3.2575374245163893,3.0598727699849455,6.326547867372998,6.4494853656926185,4.884131692958323,4.0607847784466555,7.893329214607881,-2.338505718973998,5.238437072287702,-5.2028906279029785,5.799839028879095,3.5206336428642646,5.046672008817429,4.826726079688804,-6.646351139854086,5.484726661061176,6.940189139253785,8.078862299048913
5.188022971394654,7.3370092332196535,-4.1042790143738435,4.079939269378566,4.279772304640992,5.699055252313893,5.923599317279519,5.180157098015873,4.707319251088679,3.0779689621820796,5.427553141927776,-2.322772029863293,0.5546033207008763,6.952721278837617,6.9328995166477405,2.2991960025487277,8.960887817838682,4.16980937078462,-0.7818600937632063,4.811365126795592,3.9934897644972542,5.975282357181318
6.816851627599478,7.366720951010341,5.508634791951587,7.107276551843044,6.35390967840816,5.200005371779122,4.659015993268709,2.9318004604299435,-5.114050770884888,1.7587326278030022,1.6391010196004094,3.3331140485784556,0.011875554961204564,5.44618685798402,-2.1234417686591995,4.867708233760185,4.787117980820469,5.6894380826341076,0.1661920667979821,7.123087623348618,4.593965950689945,3.280813492531886
4.774847124727982,3.6682165940632103,6.363058010004186,0.4545765127486386,1.4739817991617614,4.654442810039349,6.383973607155716,8.37944064761913,4.660464402836858,6.420992226296829,3.707106369423346,1.1393320669260945,7.3711194440346555,0.26910108597274685,6.527001417816338,8.782593173851186,6.209772918819229,-3.328452680426404,6.557168977377684,2.0333713701722234,1.1593146123544575,1.404415742015483
5.105005223519437,3.9991364340345994,5.173395832813863,1.3598739087230922,-1.3879568510806315,4.11599257077301,1.3851513997581084,-0.16065185476114638,3.350997823139384,7.545215794181388,3.3231987079369665,7.420168483275523,-5.783988900574354,2.359669989276789,5.113631376172273,6.408581015138666,8.744604388649547,7.888459564243513,3.0742456145448314,5.85713119945391,6.57730983371795,0.2255053203414693
5.122583264729088,0.5210971020150911,3.7874495554449212,4.983475968076198,6.280932677275156,4.7694180810044795,-4.665504605606416,-0.20263448333188822,-0.3669003876188774,8.225991878545571,2.017936316674596,8.53599808941641,5.396617993781822,3.0120062210150276,6.727091665955604,4.787774800630133,4.087232562526959,5.745701991800114,4.33826741736315,3.779590587079465,1.9699988804443704,4.21180413042224
4.245951623936408,4.609029648403539,-2.183131313107097,1.2294427145176297,5.091796838938313,4.693163994593504,-0.57320454960136,3.5379674510383783,4.431790864946634,-0.09844451319971953,4.7178995614416195,1.2770685797254124,6.856552008851812,-3.0757490862170025,1.2228544216394623,0.0404368316709165,3.6986748380762617,3.700358162980655,8.31869208340941,0.970864145516729,5.872156043419481,7.915465477269898
