script/wind100m.json
{"header": {"parameterCategory": 2, "parameterNumber": 2, "lo1": 3.000054539987559, "la1": 64.9999836372058, "dx": 0.5, "dy": 0.25, "nx": 34, "ny": 52, "refTime": "2026-06-01T13:00:00.000Z"}, "data":
[rows 0 to 24 of 52, columns 0 to 33 of 34]
-6.364537727003041,-6.4774010773255615,-6.808972930110857,-7.701296948183999,-7.648750141251126,-8.465290128836093,-9.167966199721453,-9.296697769511159,-9.483091708487418,-9.449028026047166,-9.507090859188656,-9.500601091586763,-9.173730749761411,-9.183007140091625,-9.041657356510804,-7.064840832719445,-6.66439590068127,-3.097144513359491,-1.5577288502467794,-3.155324630139807,-2.5879537630772056,-0.44158269013515655,-4.265844967891641,-1.9722777948008074,-1.4065737506296703,-1.945644872098657,-0.9015419984400153,-1.5583655081482712,-1.7352894968249664,-2.5107468989927364,-2.214721773518271,-2.543478063210685,-1.5036598950946187,-1.1262281062989625
-5.836611506524053,-5.3786826493119255,-5.242352102040042,-5.551762121599022,-6.1112453498934665,-6.798038128719224,-7.959951407236518,-8.301558255831932,-8.701844958328863,-8.921596394272163,-9.060309124054355,-8.741611449854828,-8.23117460623961,-7.344017572393464,-5.692496163327419,-4.354492065233716,-2.973826470770945,-2.904571807411301,-4.460641302885145,-4.23179902425696,-5.360995035015852,-2.6118189019576894,-1.5840393998088365,-2.4988662113663405,-1.4489711691491618,-2.3149482623250184,-1.336251584488199,-1.6610489318110169,-0.911822629731101,-0.1701001626501105,-1.963885410362693,-1.7810244103564319,-2.0940270640826766,-0.6844272774312804
-3.7524457031960585,-4.35394104426938,-4.657841210492019,-3.5561326897888086,-3.263274704660934,-4.3860705550468255,-5.715156860304294,-6.341860446035363,-6.540103451732299,-6.278611466227228,-4.361017119040101,-2.8296511342043202,-1.4141547454627448,-1.602211072784275,-2.1190377386868295,-3.32789557492215,-1.1407373099262739,-0.014532164323184528,-0.7371684026075621,-1.1515176968087233,-3.615624229237548,-2.594283851478118,-5.6079015043915,-1.7928508639981309,-1.9496370822688642,-1.1894598138149304,-1.7357666655611788,-0.5169517605624117,-1.479645755246532,-0.9729792863846563,0.16869824700266228,-0.6780487322797649,-1.7170537774925323,-0.22754996590251583
-1.473675564816835,-2.700735833639939,-2.5224671978004194,-3.0415248101755674,-1.8181808418603738,-1.1503121506630802,-2.6754285410420175,-3.3753541561035396,-2.7385197412232087,-1.001335364135319,0.6989461486995078,1.4700250869349676,0.6107478448522875,0.11518781053004104,-0.5763476982877342,1.447726201473231,-0.290215807391366,-0.4275381746883247,-0.362603059826117,0.2078468860949129,0.062025402289102353,-2.7994673314300007,-0.7316315875194406,-1.23556803950663,-2.3200410445377635,-2.7403540031209768,-1.9928576884075586,-0.9501799086665107,-1.4530468554935052,-1.8468604341178794,-1.4564476623020242,-1.1049123055931032,-1.9912443637432518,-1.9679501001641575
-4.193519037800459,-1.7555759467315477,-0.7649767745428825,-0.656783054866809,-0.7117034354869547,0.05316758653910261,0.6766016826910813,-0.008466592272767297,1.1997630259222862,3.4566856882449164,4.2037228776152515,3.713271552871048,3.5624165960319494,0.3917705759938908,1.6120541537461492,2.77294185215412,-1.0444586791144783,0.8240861153196855,-0.6703542827522967,-0.009054192841050076,0.916780873381737,-1.0623896578924883,-3.0344765636132767,-0.5819852106962116,-1.3189287540491297,-1.5170939713545988,-1.435846665498575,-1.540747172729868,-0.8082972496413809,-0.3021274465050623,-1.3025216822670305,0.5411922885583408,0.10976530300520967,-0.9038386370581585
-4.198607534759158,-2.899919423434557,-0.8864167681568829,0.31808779135891563,0.7203161031751315,2.158918847634901,2.912528984879698,3.590522084822695,4.64578071636755,5.78712892794944,5.553663272145932,5.169696952485596,0.2566161061708693,1.4449525352927222,2.0480114569230508,0.0733752036279399,-1.3486718083801656,1.3012116076309652,-0.13607029474619667,-2.2285002492958097,-1.5932188802463956,-3.7023055774260256,-1.1795700620288214,-2.023744263718791,-1.2876273390991984,-0.9919319329512033,-2.254020238003218,-1.9483421013489137,-1.6590196357268812,-2.16131464359833,-0.9577282832486285,-0.5197355253835139,-1.3694215054128869,-1.635541432267589
-0.9796058531343709,-1.177373923638829,-1.3140360052553963,-0.3464083721299684,1.4544256376789317,2.3558413846191537,3.9310481526982888,5.188864232031831,5.836938436584821,6.224838424984903,5.374697925868756,4.947664375835264,8.001540856871317,1.826018544928466,3.4287291169201772,0.31996374307975856,-0.2845379853671576,2.0830420508477787,-0.05295326853437711,-2.097597080843653,-0.5115642005939479,-3.8458327650214814,-2.5971791202337515,-2.1151898932475923,-0.9806113071042423,-1.6375558183138346,-1.091698576794318,-1.7459198410559402,-1.8502186768507465,-3.0145304994595032,-3.2655644433571376,-1.830160890483451,-2.559916829744953,-2.1904510918421276
-1.0208852876302743,-0.3110021159629629,0.1440676981937709,0.12000979906700618,0.8452573440055838,2.395118015871803,4.3932579542008625,5.244294759635748,5.953674838988339,6.493919189342601,5.652406887959514,2.612334828021314,-1.6082821072542859,6.491520055435049,-0.7077015584845063,0.09327723845553049,-0.6275181530265924,-0.3360221586126705,0.4489762496074249,-0.5032724585755306,-3.0266888647705765,-0.4563691959362299,-1.666385107821861,5.135677346427203,-1.0863522745919083,-0.868398914064674,-2.3697726115489806,-2.957815178272725,-5.086714653172247,-3.214470923907307,-3.9259025603274527,-2.7791074040006856,-3.4556722973944134,-4.885985045120463
-1.3657307466115882,-0.8558150115204498,-0.022173066095636452,0.7980406381969872,1.76947090126569,2.589556431754126,3.9347214510448056,4.6353919729811155,5.064728258738634,5.479530334862353,3.7032950341043978,4.344164747721576,5.136522846687213,2.705768588621202,-0.41165660415614325,-0.9362008111525065,-2.0610146261226823,-1.0395375518515881,-1.128286404086722,-1.5474032322298863,-2.7512851437923556,-2.7832378962131803,4.071795354262944,2.102533777394861,3.6975149121576036,-1.5004423723566542,-2.388195925562411,-2.048884647544386,-2.644611173495541,-4.46157176970729,-4.7582275531944065,-2.718578923670798,-4.594929224824288,-5.010186773469992
-1.6796908700622186,-1.060675647008548,-0.6087554576832016,0.15388147861642557,1.0744452574172978,2.084386334050654,3.207825885411503,4.16926537169991,4.187558364080705,3.800672695584793,7.32006402329794,1.432461821454674,4.050176372709475,1.1174484146965906,-3.3146126368437367,1.8166398431424462,-1.6077675021827642,-2.5370575768503314,-3.8693842257374236,0.27883782984434113,3.5481414359895873,-3.1784490674455186,-1.5606355339142701,2.94060357049321,2.7982070135020223,-0.03755744624308378,-1.7560712080489715,-3.5103039748878127,-3.2824559940716704,-3.8590904775262906,-3.7114904433856544,-3.5442683716083363,-2.7150159798560876,-1.173614647150936
-2.4206051686196735,-1.61269648541951,-0.7331738450616867,0.5220586386613613,2.2477495353261245,3.7317796352390493,2.594993833153313,2.6107653561600395,4.618867967314213,-0.6147421359043209,2.857132321559663,-0.5623379458157272,0.5923989280403607,2.2131940212714767,1.009531580477091,-3.342416267422547,-2.21746926503755,-0.16461762862730897,2.939034684771965,1.3838125739320812,-0.3279575977535533,-1.7497335083030792,-0.34760320579028464,1.6437329043561482,-0.2674136747130577,-0.7763783124765063,-4.849705275649451,-4.354733677621915,-4.031037155047157,-4.331611287742846,-2.592337848019272,-1.0467034748380575,-0.9317118883406457,0.45524665006170484
-3.087133104964666,-2.4023666911951818,-1.0825889592841733,0.4178938126122601,1.2172333734626566,1.194689721886316,-0.36309307391597156,-1.4853824837625478,-1.1207052842711287,1.8071993829250423,3.517272745224105,4.265880348627573,-1.8736195763718506,0.300394395343452,-0.9510915913810772,-1.505152625157243,-1.9278307386733748,1.8956634266816632,1.9277537820259265,5.423581207501283,6.768681508109703,-0.6079704943590681,0.6343413317293948,-2.8473217184043067,6.848962006105161,-2.1614241185110905,-1.5089428807854506,-2.7764134121710513,-4.805207978659354,-2.867545041974528,-0.8073751435703199,0.34800065572560573,0.9807380612710439,1.1009490201712044
-1.5062418190336975,-2.39224858648187,-2.303655692739364,-1.079938292644899,0.728712542215166,0.5102275545408468,0.4581835670349968,2.06860177170882,1.7869498648881883,2.5774458101091646,3.775338227666208,3.9935686676808246,-0.23904783726835557,0.8193977606259751,-2.3074406122560567,-1.8487995562074657,-2.9252772524101096,-0.9347858788702323,0.3406657338528978,-0.09962507430605391,2.2266586573360003,7.863564973806654,2.1863335770830576,-0.5298104735766196,-0.8385161880158829,-1.862661618996128,-2.6866994984416395,-3.5709265053130936,-3.9641151029511503,-1.5844986680847393,-0.08937075936046335,0.719741002030641,1.2562425441606135,1.4513344229899272
1.8697972349562082,-0.12668062550238235,-2.743696608398585,-2.767460334547942,0.20932327289533306,-2.01288603261667,2.5014621458600277,-0.3409100751255422,0.8147044675830287,3.720994541563026,3.5054174762452837,3.2799418738362576,1.4483085072888202,-2.356706280470984,-0.701030384091475,-1.4373647900568471,-3.2148794498881554,-2.357993310102545,-0.27714441361856207,1.133144765228113,0.6238128558843814,6.08122349599429,0.6163412413782151,-0.6351334772160036,-1.201351589046725,0.22950407350136554,-2.431645192644878,-2.646928982616744,-3.8816333327745784,-2.186608224842726,-0.8270560962367544,-0.6720737578510089,0.6342734413525035,1.0166665260845764
5.809817938938977,4.188060708017624,2.6500568408718346,1.420854971240218,0.718016995080812,0.11072260532956169,0.41992113570113976,1.9323912254458555,0.19250904289667242,3.6671011107198335,-0.41445038346286583,2.7857736108916322,3.788975239149979,2.7559447320010153,-0.9989406313976471,-0.18330206803477145,-2.6819112335963653,-2.329400049539836,-0.9041386302789786,-2.1843222523418553,2.258022497171632,4.401245449196081,-0.7002503533672364,-0.4306448313443194,-0.3621727495752082,-0.5397673489421781,-1.6304211261378763,-3.7695024350490547,-3.1275403441079237,-3.7971249879037967,-3.28281233392341,-1.7791275252779497,-0.08833344732814581,2.3656370313589368
5.840677347728267,5.814372654927097,4.701276620378709,1.5090692358477362,-0.03994739710358812,1.6726785063947174,1.227560950103547,0.2680688349783682,0.7642595635326485,1.5898721003378857,3.880951896053352,4.909667448355794,0.7302048294710214,3.3602570874410995,-2.2237911380220665,0.9739082516379792,1.7046671101484037,-0.35494814236728506,-2.437775269445881,-2.2768415224675036,1.8786804721313677,3.8326654443766857,6.648746936206298,-0.4187629083277995,-0.41579141998100627,-1.5422452802329565,-0.4690375638462568,-2.2802267970031846,-4.192569194740145,-5.113271392443847,-3.2249218248381717,-1.8901382646723732,-0.6300298831741122,1.2851887439012917
3.830340515252821,4.37612221238993,4.874936192376427,1.7212828554167303,0.2379782015400346,1.2698405498793393,1.103184769369417,2.708836593683945,-1.2832154244291814,2.9341687398327467,4.951741841576642,5.600266022727706,-0.7174255106987328,-1.1775355265425242,-0.8211088380389003,-3.8719803343344994,-1.3385610353564654,0.5968939912125761,-0.131539834227459,-0.6102853284688338,-0.3420523570426223,2.177737359841228,7.183566089089969,3.424004912456951,-1.0042480996500995,-1.1906282955603678,-0.4591337401092045,-1.3670659575187725,-4.921464939097249,-6.090476300687334,-5.7946014606072875,-4.130834140303311,-1.3878636908266009,0.48664907892753956
2.945125400074022,2.2046510912309794,4.11563041276237,1.2071846377642028,0.3892106085555616,0.868786416495855,1.8249828621143898,0.6196069470404061,5.76287038876091,7.047598354233342,4.245871557085827,3.617661003920999,1.1179533648732594,1.061453887379553,0.6488267861522075,1.3817336399655358,-2.9042588203866893,0.79291025053349,1.1529928390325206,1.2098935931550143,-0.20168369781145068,-0.034110267891686225,3.9330759736376355,7.8768043181854095,0.0421596202168271,-1.9261185243642056,-1.3705539380872647,-1.5720009418239922,-4.166746691977543,-5.784827572590262,-5.702981991905658,-4.2417867890606695,-1.6478291517157233,0.06888768769056876
1.952295562586703,1.8916243797409957,2.9532598578400253,2.5982589226988586,0.1944057213652889,0.7309062274585686,4.6699861017990525,3.448960531711346,2.2202570820519787,4.6476060786321485,6.299601407234276,4.97225270607283,2.4684363770807285,0.9113514481582787,-1.5941990000581883,1.232191003736413,-0.37144910119106267,-0.42971117125928754,-0.2390065828286283,1.2044934762420232,1.2764104707280213,2.321440666414708,1.530075160224662,4.189851264490448,4.836986313112839,3.480162918319119,0.29125596490301,6.51150296384572,0.043170614600048667,0.3108020989550226,-1.3448502768134898,-3.396975507175757,-1.452057421996319,0.1622220101334421
0.5332271926842082,2.025664835957704,2.3515594148832246,4.02667600936633,1.3650348123023532,1.605468190176304,-0.8873647036609473,4.821285216325851,5.932459924043678,6.087055023321566,6.809843073273897,6.8836744925058735,0.08048798447149688,3.7180413338635003,-0.9848016941454424,2.2908514685791683,1.9269852150177882,1.711721506692379,1.0609580793612825,1.531719372913454,1.1077574593792199,0.9518805161558299,2.458557866985158,2.4730963869091913,2.5112287079790345,4.679714234695133,7.022168666839528,1.2885441601605867,0.5296674415819277,0.39964786993995394,0.12362014300427428,2.159170392420019,-1.8993163522610217,-0.18986973721198705
0.25671306590085297,1.4008471700697767,2.276532230964609,3.2489288694572016,1.9387151390843154,-0.013840607355186033,1.2734375845504307,1.9396917370804208,4.729808319118752,4.85033531219989,5.159673702998751,6.684537422611595,1.820817852011117,0.7342732062559222,1.3332061697343436,1.13086670361613,2.2667972966736176,1.1935536063920311,2.025627850593588,0.553379888692544,1.0545918341750347,0.8247466985739578,1.488593074425388,2.2083935660694127,4.808072541010455,3.7154667751094133,4.757132575811569,1.2442037906888297,-0.3835181516335629,0.8277741672509636,0.9418070134790137,0.3242139473995464,-2.6278991455038065,0.7294808254328987
0.20996779531471896,0.1063390054072511,1.0915628084323725,2.6452632669478784,2.5423743217322454,0.6163800552721874,0.7131873497091037,2.3580038429688384,3.863808779662604,4.428348408069874,6.481461605802658,4.901261136442476,-2.921061130871191,0.9632970914486877,-0.7875232554721586,-0.6631002655538186,1.422276541829448,1.8516872340777104,2.7448613594460443,1.6226776064756205,0.8617030734530876,0.49071208611079814,1.401605643627379,2.170957892428504,2.5413057372589645,0.46991350927420455,5.680636665834054,4.951135470458641,-1.3984019097973641,0.9446873432607099,0.05353199977365271,0.04851108014577972,-1.003148941027367,-0.3410947925832993
-0.2994085704097529,-0.10486352284224497,0.5280181309769891,1.7161756399321064,1.8625146243849524,-0.9876161349488515,-0.37279942700017915,1.7995670918409077,4.880650762769028,5.949406310789801,-0.4516650270472939,3.273528031983645,0.976668766402479,0.537743932919103,1.0807665202265442,-0.21087654944918555,2.0284576408700388,3.2300989917757557,3.179728235178672,3.3758791252093725,3.0741783294662004,1.9251555874869781,1.4557706588308401,2.5500940694556617,3.6268883164786008,3.064938565247833,5.507134284224133,3.244130518493578,-2.131876532628238,-0.9376895300362844,-0.9761908446180303,0.02670654991644662,0.01751550503985387,-1.2008810482059733
0.2145147077323707,0.24997351474797788,0.08162509637337555,1.3068904961868146,0.9766362251822682,1.2596484917066861,1.6289872096555778,3.6308245852893526,4.371252135902905,2.428043425644932,3.8138639021986753,-0.13267844354001532,1.5334773294083512,-1.9792855113605436,1.2847783123108587,2.673367781318053,2.255569032155124,3.6904619756604222,3.482102435546988,4.040195880619446,2.537394511322044,3.341604490369812,2.736851429263088,2.4827175335428153,3.07302462247661,5.606322122950918,6.820483304770835,0.23260343178509402,-1.0117567476452267,-2.1821748046199003,-0.8027991901910188,-0.646757866546324,-0.38746014391788475,-1.9155896597842503
-0.3707546534075207,0.5436307706305786,1.6651876352375439,0.28280879089158645,1.1952459733846663,2.1019610003047977,0.5945512986638017,3.3031798860784862,4.667531015127295,4.2379398763583485,4.317093605406705,1.9535024582117724,1.799392796006901,0.5480794280088856,3.448160259413052,3.4849910296999442,3.08714242632059,3.514706535334302,3.563912822388821,4.386708193645911,2.364549723843172,4.770086066041274,3.2442273025503,2.553105596096504,2.754457035825024,3.6344014632607005,2.750680287308421,-1.8812300775929542,-1.4557439773234004,-2.1608299364640358,-1.544989839038462,-1.01269966080591,-1.4787318283947857,-0.7664572895694018
