script/wind250m.json
{"header": {"parameterCategory": 2, "parameterNumber": 2, "lo1": 3.000054539987559, "la1": 64.9999836372058, "dx": 0.5, "dy": 0.25, "nx": 34, "ny": 52, "refTime": "2025-12-20T05:00:00.000Z"}, "data":
[rows 0 to 24 of 52, columns 0 to 33 of 34]
4.205404071202379,5.909172884729967,4.19483456583509,4.449241367816171,4.697436386165307,4.338085007238236,4.592139028864081,4.019672580352075,5.3603364328942185,6.732002927188806,8.201526755544227,9.415650922044424,10.701621058718375,12.769713289897219,14.991514330370098,17.366824725211355,15.76176044610386,13.283643517323785,8.650682731594916,9.056713313603879,8.387573080442658,7.875702670355069,7.135154712164905,7.606754420186322,12.847040831318074,7.916416490243548,8.053915558348368,9.062281437544554,11.723936287762106,7.921596276973902,6.446498114094104,7.477075958767467,8.564227541521031,11.743592277681078
4.477505925454519,5.2373453971231845,4.498778002601709,4.362192863939901,4.61984244480883,5.266931949565278,5.819978423676724,5.426846572770234,6.542664352303803,6.3163497239025075,8.26030115049366,13.186865724453652,14.030172559746205,15.58623864247639,16.54246899421806,16.559320086607915,16.600586678745877,11.89803401580273,11.272201079303338,13.806851901685707,8.845098249096248,9.047354232921355,4.639217207616766,13.333078142700716,8.725086113580513,7.821547642219604,8.82172250947156,5.532919853218657,9.330725663199924,13.540453491985808,9.756496451178782,9.488641175593441,9.125201986220505,11.437783654952158
5.698333519606223,5.922646385572415,3.3042037270726787,5.298246657022153,6.401685469984894,6.504854937579709,5.8981782209647315,5.726783984673592,9.517919178964684,10.485044667959087,11.707307810843153,13.55806583013842,13.857785835290445,14.369337799623981,16.052803091354985,17.042362231413712,16.544243182858786,8.579499376440566,8.53910960363669,8.288095119083305,12.410233884166196,9.808726853089377,11.27536236020209,8.688728839144977,9.00727492334152,4.640977388026354,6.215811260829873,11.281462687187936,10.018082806018798,9.40347086148783,12.956416562112407,11.907877237246712,11.99026375736453,11.520528391578864
6.448771998388543,8.068627999690051,9.309588265807088,6.33042583380923,9.158401105083213,10.178789177714918,9.285937827700918,10.555678090877926,11.948998666359266,12.718403598689987,12.209069542434152,14.538116862049959,14.597407499794404,15.865206249415738,15.71397722964406,17.35721966858935,12.177573153965177,8.86782741240175,9.274372728436584,10.392082469253273,13.433143698044617,11.249319948405748,11.12431628711817,8.92719798599485,9.804343208913382,7.364430898620501,13.676524669458543,7.119717114497791,9.150356238776865,10.022139040762392,6.772176663506449,12.597765859586943,11.780843404411783,10.685193002046013
7.168890617650054,8.233946127014226,8.93425823970196,9.17608374438911,9.716216958988849,13.375365745650303,14.815086208632323,15.410636443212953,15.189828790464501,15.295857440909195,16.52791347164179,15.99565298522604,15.900101741654776,15.437422147553328,11.729082115413577,15.854986919592632,13.93865217829407,8.320430341492916,8.484997904714534,16.968133772446805,12.892020346286136,18.028072432601213,5.702538186894699,11.654681650761086,8.425354250681515,9.221661646463868,9.883454154640734,6.207855219368169,12.534817389770552,10.095889846628948,9.447056932709305,11.378463891171137,12.611542496878474,10.825272830820712
7.390240327972696,7.743841663329389,9.000956049222033,10.195042657457721,10.74627883529085,12.308641604422728,14.900383093277584,14.93481038913657,15.624560297294188,16.421438197063825,15.837158885245099,16.56302332512252,15.385076187007334,14.69189351284837,14.037340739609453,12.587645749408692,9.07524447933096,10.332340737714837,14.626218994951035,10.761967892764064,7.267617530203225,11.421886646065309,15.737529431474565,11.295837995754983,9.279449828620306,5.805265392541404,10.58916374335523,12.618295228601015,8.191822953930245,10.25375720316342,11.545511146388542,8.610027724885141,7.250164211272669,6.8572611536872285
6.8931611543957185,7.919947572142532,8.229626283753602,9.834558981915624,10.608707330666997,12.349551195054232,13.854916104661106,15.019760876662573,15.538483304696502,17.36372942795619,17.753580288919434,16.51895515449565,14.764747461990174,13.219869027275857,8.4164722129135,9.912078903558688,8.594321315023711,11.159793381838831,16.29320464433958,14.312468260033336,15.13564453630658,10.795109196533641,10.406433444002703,10.081560027417584,11.357966655054929,10.41107440564972,12.778697725500258,8.426637441689927,10.140333347922253,12.939001924732345,7.99144162312554,9.821451637609567,7.945458258681752,6.747341758515996
8.816871906946849,8.265604056217443,8.686233181167015,9.971718734874562,10.785813380867474,12.010590636118984,13.515981562633874,14.906066239533034,16.04019031053132,15.912786357101046,17.191643507388896,9.007032853128445,13.378144382088625,18.76945831866762,9.880629886572764,13.16899902856203,7.425598117478528,11.805957946548109,16.22133137509593,9.809426325500752,13.901858097779119,11.992361065064571,8.003415814905608,7.901007948040395,11.251862160179185,9.746046990087867,8.416676614806665,14.193899993707594,7.73144058107415,10.413884096628186,15.19909314034628,6.200135835008334,6.971626783409945,10.769721967079091
10.278893934592194,10.675344384142281,10.218336564949531,10.985884975469293,11.640181952918104,11.719399493245351,12.273060144037208,13.841702026959856,15.502083249259131,12.453196777933266,10.926632869751526,9.50374435327384,15.215113002839237,15.075633865365553,15.565307825403448,8.826754140144333,8.010607407040968,12.377178832806809,7.719136340797842,10.971430758706509,17.002160569911148,11.218383379354416,12.088213276581104,8.76867061008025,13.290281608372052,11.394040969437306,13.218292594912484,7.065649711701555,13.726659591931405,13.20563070250871,7.847849875624677,8.395681015026446,9.866127650747268,12.160733948605355
10.682235204048151,10.20715936330163,9.286828953191513,9.830442381027316,9.321115030250114,9.963449250626425,11.897411308712973,12.720496966630927,10.945276134536567,9.994315381760082,10.983918838806302,6.252789240165592,16.38678759234402,17.86412889147935,7.45992867978552,10.463965222407557,8.697736619154616,10.550997286687343,10.127122241029324,9.800893244639708,15.75390550973129,12.958995052105582,8.52683042568036,12.984825070421074,7.652437068326759,10.0947250344956,14.394655660029295,12.741363255829881,11.182491178193517,10.723409648584584,9.18455578766221,9.478567649131325,10.785608645196096,12.136567801067251
10.293248863286346,9.951231243423985,9.304005985569903,8.11524740145682,9.069693464684281,10.221242402068267,10.99641569042702,8.60029506290717,13.43963805873601,4.409958346012407,15.521738141962524,3.219169874728214,11.442832546187546,16.581215291082884,8.436008865030415,5.435661711813262,5.997497697292224,8.88933448954328,7.954830723326964,10.192487182304296,10.362445643499512,10.840115477682915,13.860215673844678,7.3164128957001955,10.88307812013098,11.320918566193077,8.80255549485182,11.810492141897688,11.360373324025153,8.442599780396018,9.619590370490398,11.026855352213012,12.211478066388635,12.682849814580486
9.406796678404522,9.531901025698618,8.988911246632025,8.635582191080887,9.715848610417332,7.272934805025613,7.425689720841177,3.1348370815999047,2.126607500693706,8.87548564615921,13.112582424981278,15.310145453284173,18.75042145058723,14.67241842875428,10.696944379730715,6.285599773718029,7.467692532212992,9.544542619713738,7.229861944578254,12.022140049553387,13.004260717584193,11.825963184178573,6.40567053013949,13.705532104891601,9.754623200493958,9.651579740621342,12.132457951250446,15.75929390438384,12.684665782646086,10.481338507531786,8.645223425784295,11.720355224949294,12.956041834859457,13.222121705932594
10.661949135128614,10.736682449476861,10.949891745442436,9.774626936634846,9.664266607017048,8.471855482145987,7.810801164108071,5.6414568218863,6.790062622283319,15.973594164779533,15.825481839252907,16.548824164660086,14.659459865903905,12.015258284220044,9.095253195877492,13.536356211532562,7.6612644512548895,10.880080092995495,8.04242235832722,7.848821307585243,8.620260887299123,13.434310627783777,13.447903307691098,7.954644904547546,9.483248380970977,8.648454683036752,9.225245276116146,13.623549887932215,9.898289101579202,11.777948120525084,11.487444575539831,11.933279187988244,13.51392328211706,13.842052701873516
10.5848504889744,10.696554177309,10.282165302821651,8.781146885724706,8.27031275235092,8.128545241913365,9.582639941134412,1.1778623572974096,1.3126396646569414,9.836760463358603,14.730447457633625,16.29617516089312,9.377271380399883,1.378727846055149,5.720978777097443,8.526058714238918,9.772795888428595,8.477172199963698,5.9038918165109004,10.354299142973487,4.581479559567561,9.794713808202818,13.364418987215332,12.033297580483456,7.946651157886413,8.722124629151399,11.133635880420496,13.485882366326237,9.595679822782527,9.863091720204618,11.651470334051131,12.553866411208123,14.20514197499672,14.54618992235527
8.573514849703871,8.686605323858197,8.726582539069035,8.39408097438932,7.14736953131602,6.500558055787462,4.263067205526561,9.605454254718506,7.415989210453476,6.683296051899515,10.122411551265117,19.044099024528023,15.767589273780695,9.575063315240726,11.312223221266644,5.1297462976029635,6.921124525752273,8.951709788773714,6.780486371856343,6.100104169060536,8.185995894373798,8.742761586684715,8.644251187552777,11.835282220800597,8.593213010981174,11.37109969810863,8.322159469487246,13.012941220974817,9.87379551157061,12.840249981969679,12.21564342495806,13.59611559077582,14.574880349817501,14.981326249385509
8.387404263506683,8.00087007539338,7.619509145836835,7.241507147944265,6.0219519451321775,6.626599362318777,8.461798824735816,0.1479764562368077,5.331833846177602,9.679297090194272,16.628780920249966,19.183410998528828,11.45765463196742,12.782779449788086,5.165730846787953,7.223393320095218,4.916840599128297,3.892405239672746,8.783852743754881,8.090102437744115,12.778771055857485,8.259982954203604,6.384401999485978,10.937758122259268,8.804282754314013,10.228236607988519,13.417455898586812,8.238650780946461,8.197906196257438,11.356107340552994,13.207805710478215,13.213377214596107,14.3356627210192,14.260371431028998
6.341244157159149,6.881522003155877,6.793849994250797,6.416234510823819,5.758156056759839,5.570929342262668,9.916029965482094,7.564636824347629,0.9628947647253824,10.594778194701838,16.35214008724767,16.787501043246735,7.856692309982584,5.749939819277866,2.3378700161141537,3.412385860874769,5.405748203795945,4.625869604916333,6.235531387505684,6.188718345626126,9.740892096699113,8.610870266990014,9.041904757790396,7.964248171177644,9.566817397226574,9.717606416329746,11.838208107940988,10.38720622105955,8.286208530726695,9.263223636311562,10.907691183492242,13.23719423791793,13.877338302635055,14.577699180864052
5.989342830090927,6.14672225777952,7.118605912401368,4.372036098289619,6.3345747358111195,7.764854191595564,8.697517880580595,5.643628305800121,13.019653216469845,16.908421000157443,19.152768777376263,9.852166932654914,6.9344360688905295,13.35962180995872,9.326667253302285,9.826688101928413,7.879582062447223,5.40499970844255,7.142773169436414,8.675563822329988,7.546946215656582,7.34739612332974,9.35778533198717,9.416266156893014,8.254430555180143,8.078399932151605,10.257606992421819,9.88938322971496,9.586127413446437,8.82223365964202,9.973669814368026,11.143299033392026,12.220120528485005,13.336661400361097
7.980412494185577,5.765927300858404,9.420808093771385,5.712175714485227,6.197231826347437,4.473949464762404,11.431927864077506,7.946610416793421,7.638195399754592,17.22966032193649,13.332889689397504,7.4229987757728795,14.08766818032018,8.7734304810056,5.032982240749014,5.66484883672655,5.815017290031141,5.232596919773616,6.8455367252349,8.07866128657192,7.264318374936274,10.036090770019845,9.65903483894896,9.30117450172751,9.139017852427033,7.936456090807632,10.356434595521621,9.480735495069302,8.992781151968874,7.443266161785631,8.527756018380662,8.029938449272166,9.917600635000191,11.460906582413289
6.141589553275527,9.251008153460624,8.115727625353939,7.767969481585235,6.209292981539098,7.483898205766187,3.930211594372177,15.579965554454938,15.898883577329034,16.80367934463597,15.708187157438283,16.59290347936087,5.920709705635021,18.723401547679117,3.9430920102533134,10.202528103797043,5.681104086910936,6.18837204959196,4.559180179782384,8.789302189449048,6.856591109202751,7.619824508718412,9.989357549594338,8.893126250189423,9.239196728264757,7.730664330949173,8.615000061231157,8.399910344583116,9.913078889021088,10.9151086280341,10.311859179881084,8.591391056877825,9.148788970784949,9.697857420443768
5.632737851571438,7.004054671130249,8.469927411834592,9.683537454017369,8.996381594003385,12.549231367943909,4.077265850524311,6.7621177250899,13.85589272661774,14.486437610264616,13.349634717500379,16.29807794783248,12.716498061927126,3.0751060838214763,6.047869568497811,8.062269020728916,6.847469049541975,7.987517652398314,7.705432414306399,8.103984874273372,9.093105427137344,6.968514473269585,9.109897826844508,10.487600125129408,9.67358352991378,11.114986569738555,7.926091257717849,9.248613935600359,9.513737725445852,9.202860230029495,11.685749075014133,10.352806919360845,9.561743235627526,10.193844199217994
8.6691798627599,7.6831611260861905,9.122760976484805,9.729442157099601,10.687540714574704,8.798836879481131,8.710205148344787,10.814602469223066,10.89055115045129,5.227635027120447,21.888831221242693,20.06707424971577,2.069171785793882,7.686957195014797,5.261369270936641,5.284620209346261,8.283597952101717,6.786766765867118,9.116817859770018,7.3260079091354875,9.05906904388505,7.387211158820709,9.321776647237675,10.4880552578059,11.474728549883714,8.115169028950259,8.847317072432611,11.782344509670638,11.603622737467111,11.07981287937093,8.1236142365452,9.087511150640907,10.44607089921319,12.636120022983347
9.019322643098475,9.769361854166679,8.685426995635883,10.457362983130315,10.699697299737569,9.894020386863167,9.154476537187993,9.91077943340904,18.5974293657172,10.669454041852237,2.775768134544315,11.799486936612603,7.112463037447757,13.179048575266467,8.47693337132382,6.387982903581171,7.654313351553995,9.078356473577102,8.372310903778613,10.13329472869388,6.859586442801861,7.05480709848396,8.465794822733818,11.1421802003552,11.957695882660044,7.822893036360423,9.511128541958819,11.56099297635235,11.572586326863524,9.860745833560072,8.141347619712453,8.442166509418605,10.31254109834148,12.69931289323926
9.322633241264388,9.33849734897095,9.979624249714924,10.44365481346845,11.829325704874849,10.737504759664573,11.250215122470882,13.709721447505878,15.493560120506851,6.275237149511267,6.026351240124007,2.505630027740122,9.948779695684234,9.389790022401622,10.128299179715196,8.807547386485888,10.01091058917715,9.253154535547173,8.73551358132868,11.165536848868136,8.43041539737803,10.494624488970736,11.050291994675401,10.472838589516352,11.086080834904736,9.62335256794148,9.64938335052617,10.12553170128717,11.65905652992622,11.683857483972886,10.734421140365466,9.045771623125441,11.3668133265561,14.621651779004473
10.640516282862267,10.915421302008445,9.98930177596998,11.397965439520926,12.167977007220093,12.066949956370202,9.059583943608144,13.166784033574622,13.980004292472945,15.394896489218281,14.67069563658151,4.489645717066621,8.75847519773771,11.599321168354662,12.083478114157494,14.600535873228026,14.29456584181039,9.612167514184081,9.409992471699422,11.385440719662894,11.187556758829944,13.381719035887944,10.50658798652721,10.422195588788679,9.200000726436144,9.096584706781575,9.915556430402951,10.950277917776889,12.857025035406101,11.605961416349563,10.108491478085332,11.026720040791396,14.571948206071323,15.298142939757827
