script/wind150m.json
{"header": {"parameterCategory": 2, "parameterNumber": 2, "lo1": 3.000054539987559, "la1": 64.9999836372058, "dx": 0.5, "dy": 0.25, "nx": 34, "ny": 52, "refTime": "2026-03-13T20:00:00.000Z"}, "data":
[rows 0 to 24 of 52, columns 0 to 33 of 34]
7.277871136773606,7.819161905252841,10.417464882449531,6.719499805311625,5.08442857833928,5.26383457738078,2.4192808777608494,3.955485662437539,4.975049350305993,5.761308649445441,6.971329684801849,8.68395301453531,9.661521596159817,9.825449764048335,9.029354750789658,10.175271020086603,14.250182106649662,9.631116640329694,7.246126804581828,9.937394824317588,13.843822671198176,12.573725595699878,12.77925149693775,8.578815738198985,5.398084672448852,3.4061999348908683,2.1099862259112077,3.67056486209184,3.763683658975473,1.6446971567565414,-2.080397125762435,-0.8866833824830918,-1.8596725568365868,1.2784733810826574
10.050983807346586,7.450136745457014,9.662463469018386,10.08360102878159,6.0152330904300415,4.5382299358072204,5.511283209051088,5.540831796010684,5.606688741248632,6.77089598037774,8.153981003308978,8.533784563676688,10.08838754302851,11.07524162029394,12.292650538361954,12.190492595508612,12.660459532473704,10.867628306135536,4.00939459914345,10.884734954731519,8.18738074279495,12.913331380962909,10.989887514065597,13.026902518203867,7.037369662116288,2.95871149145674,5.384410988364751,1.7100328709713442,3.5466521345319073,4.4061442746802015,1.4953062086695394,-0.19555509530735674,-0.9507066425009959,1.3348234512425707
10.287347216978795,10.511294105733109,10.696890819562697,11.042905736904256,7.221044739366152,7.202900491432302,5.740844027512893,5.949083586494492,5.910210393328882,7.421125202275071,8.183849920345638,9.021408903943168,9.931170767432443,10.362021311855852,11.287976344717375,11.74454015000655,11.127351485530516,6.122120256952823,7.054902724685264,11.462522701333054,11.451761586838819,11.939510762727327,11.154982145793122,12.771147571906534,6.5083204044830225,3.414206308030749,2.411905223993494,4.407994555424222,4.538766925494444,5.391605148230125,4.241881143718532,2.3808240711493185,0.6496685036718396,0.1070254974883268
10.721196184465404,10.465427878297865,10.60922496623928,11.12777800777681,8.400903806345426,12.435849152388927,6.908064724949482,5.301241953968294,5.44602610033377,7.544220902384564,7.169199431185349,8.495630740633908,8.930281257493307,10.051519201750148,8.156500027220895,8.99567823753346,8.455463230111254,7.807716131004598,9.18881137530882,8.517463916505429,11.773417142335434,15.458628368714255,15.887740680155385,10.905446194128983,6.108800857984176,5.074129254946558,4.253506979945151,3.833329242359671,3.8974406430725828,4.929306121241789,2.537397837282199,3.780328750361837,2.5478225619500208,0.9600722880179331
10.351987144117798,10.801694481048015,10.922449601314138,11.010810744259889,10.249154162371635,10.236831340163308,6.587144604264777,4.581456867401807,5.28746381803305,5.2216520045702906,6.726378928468213,5.976775157700209,3.5984901692039255,4.321639583062553,3.4164412925911454,7.192522487986711,9.441707790622141,5.330165837893041,6.9651061666005,16.60160203410166,12.966828175293566,16.95213159054386,10.770754355565753,10.153990120398868,10.747113229381734,7.303188127190603,6.619254891567717,3.450833624514746,4.7831593036528455,5.223276344242205,3.711955723381999,5.197316424965093,4.174396071182821,2.600648236039637
9.372695584236533,9.73517567821637,10.550313962612522,10.509928231409255,9.142940349130209,13.068916261347969,11.595169115859584,12.244819159757725,5.650674373663637,5.48995698004468,6.607909415853833,3.806349447482516,3.944810891544721,2.1535003106175745,1.6156425741495102,6.5465957422068435,3.781589336763014,4.446984947902715,10.780131055607848,7.386654069655233,8.271153917728697,14.256337101172885,16.06402874112833,8.550413631617008,10.35407818755983,8.419385654249075,7.756605645154645,6.203712869269958,5.1249803862533785,6.945059491377502,5.1861301136398215,3.728722625713367,4.21766683466523,3.49493300632384
8.078332764877155,10.444921043868433,8.906570318793102,10.70064572740818,10.60270143784645,13.226970444493501,12.530034530470772,12.531444044699612,10.24530255143488,7.060678720461006,3.744746950423817,3.6374481867657766,3.491742343225824,4.060699914697758,0.6189428356957482,3.442459687282944,3.220403056939133,4.98764044992814,10.783523176933466,9.741378250158478,12.38904121211461,10.897413959521595,10.177189667359132,9.034952407050044,9.839781061976892,10.492342124432856,10.04621916069078,7.846498935033213,5.449790122050878,5.8471901096003815,4.0032151184409095,3.0653485133939604,5.675330871152534,7.071519372446157
9.694149413776817,9.656956353596218,7.499500405561703,9.604437276007452,10.157202003350514,11.41926589090617,9.415276279304454,10.383407199012755,8.743896052720807,5.6867201684947855,3.0692561372426095,-3.4748258271749957,2.988556017368019,4.41325438168119,-0.0010924201796845793,3.2740610067721803,0.03776681965941506,6.237049046500896,6.746846351784304,7.970336524922219,9.521412474394893,8.819330348933512,9.747641687136625,7.8496762074276765,9.120283428470655,9.972365638514018,9.388906728015103,9.615394747265155,8.497963199958368,5.861096861173463,5.292058043434725,4.051449705148466,6.229034521971903,7.7891531355645895
8.367921493615487,8.603797097059633,5.555831676902524,8.33202844987251,8.706595596752416,9.507135284744804,10.321374987517677,9.27499486317007,7.8626357240573475,4.51292348704707,0.7730881651794693,0.14875708542442878,3.596910500835516,7.215231761072924,5.045977444999206,1.5953299246518604,2.007731678386587,8.106579710340492,6.997684911851211,9.207346367543542,14.892723118731343,10.534723199115058,12.986894039499893,5.107279004388312,9.222232524365538,8.783941034658,10.427260965029147,10.612754517820031,9.085812257702253,8.706646100765711,4.60872067013572,4.866114586467707,8.233553493024907,8.137304685858378
6.759214640778642,9.719775015492356,6.215440764425391,8.604329657322193,10.569207571400522,9.742430189651376,8.796669075415231,5.351450477070263,3.8816875843115834,2.4347063453193107,0.44130853843960927,0.41955493456585147,5.972025040280857,5.968302437281885,2.9938313805906054,5.5773460296243185,3.6007977618589897,3.8109121585539665,7.094720223522618,6.592700472673576,12.877956710638042,10.150014540051211,8.600535411876095,9.785389703939986,8.676632418185893,10.133068339831011,10.401209991279428,9.499270204411713,9.520297953259497,9.197160544689558,6.730205290579876,8.400014366624186,8.106598180399633,7.117006028480552
7.743925929371909,8.044154176634605,8.323314734905905,11.645896016966377,8.675582261713586,6.80984195940013,5.505679048002243,2.4807241804464866,5.570391394286065,3.4482904836095383,4.60110916630209,-2.8592146469247153,8.827221994929749,11.4050814956135,7.963058469946441,-3.1226753597998025,3.6787493481146374,5.24124308781307,4.318691596497894,10.719309388788435,7.906571975475967,7.615571752637618,8.332411790091825,8.942127953414078,8.250058801717401,9.331970035281191,10.802975356377079,7.984884788759308,8.509394252737454,10.051043908255572,11.420584237562792,10.790688373788571,7.699886493953875,6.227413695132674
4.497567308338538,4.889266926848547,9.829798872300625,8.142774120768689,16.477254798808026,2.687631393415869,-1.3553049090908664,-0.27401011952970317,-0.323283648312249,3.827577866457481,9.996448928904119,2.642791473095069,-1.2797152659621418,10.313290592525103,6.6856334234504855,3.2908426624873415,-0.9400211840212644,5.780276348341011,5.135893340945625,8.167962936396364,8.466026333168221,6.97385437873572,6.1761564098421475,9.203917794701386,9.325523843256587,8.533114815065446,7.76477414118676,9.365088942871045,9.390181050267845,8.8754709268849,11.341777840564124,11.820055745260689,7.602578757048954,5.367361717984667
5.4917108877220855,6.7096523997899755,4.020982029857938,5.601338880810234,9.233146330297034,2.5288392382358484,0.3367270525272333,-1.345704178248625,2.4149579456056087,9.061355007309627,4.296842117555063,9.990609211592574,6.132176920902718,3.070978525586504,4.976794512425048,6.313729924724489,-2.913260798192865,6.465601661581018,5.176882329372661,5.624458120904049,6.576795438904126,8.338076562113134,9.166323880623901,9.082317751142321,9.360046952848297,7.617587422362716,8.17668244934427,7.8382194793364235,9.179962912289197,9.939514446038254,11.084024652829296,11.995751760286902,8.333405674241398,4.339604413598385
4.228173060182123,7.769112262671057,6.670102226620856,7.2157051504267296,5.939757255450297,3.864128239999513,10.896549562399462,-1.1955430096248787,3.732153908616537,7.558032637654681,9.261800922237214,10.452491896243565,-6.207227072277003,-3.9920083766360763,1.5291730847480856,8.12836915461611,1.9320372144931388,4.560466520098756,5.000006023521918,7.418897339419896,5.4619762285880915,6.772923449828607,8.608344635836042,8.394162044580527,7.0420477976773865,9.504648973292232,10.470441046116083,10.639514215298817,8.141577073844267,8.80898199354595,12.14079759391499,10.97983990360515,7.893890879849385,4.498245695673276
7.104527234591417,6.473654943894328,8.642629848461171,5.519641379069742,2.1667063150169947,2.389202026826108,2.08922384392958,5.409219101746747,2.3666407871836173,7.592469633420495,3.260063289984051,7.863079195495198,8.644994624594574,3.906521979375211,0.7884929508123575,3.784515836459726,-3.909706717568466,1.2377255682203094,4.914065073468511,4.270780143883728,8.249475722622341,6.696682633241364,6.496039632370371,7.974449009618146,5.73199028759808,8.452817962706156,7.391688541206515,9.492180663444582,7.454074925840272,9.511947552546316,12.624164277360675,11.275678210314378,8.202808004113862,5.552578948892814
5.689119447026676,5.910317016249627,7.851811263044526,3.2538249433090147,-0.23002138845216363,1.0254908919316266,0.9112738775033475,-1.411722131610936,1.563338494033369,4.553476808346703,6.802414663575754,7.007249164217747,-2.055335218326667,2.065136634175429,0.6463337303436695,-1.0278699329764522,5.587412667410265,-0.5276760396870968,2.935400147783561,4.160020708190042,8.495940854478365,6.818001027904078,5.406311451560927,5.166024567191044,6.7132055133774085,8.011845802459476,10.34409349144818,8.771965542043782,8.302262186476069,9.354929267897786,11.880849049841492,10.993381742287095,8.55886996259445,6.236234356053362
5.876012235079723,5.545370146071788,7.089676578470581,5.926745037228883,0.5190625968651398,-0.6366870418574446,3.061015849191953,4.2088729167348875,-2.275490951182206,8.38124822305478,8.782023558884708,5.987259744673142,5.42209475507429,-2.053008801423965,-1.1011673629499812,-6.3589012829187235,0.5452512384945818,-0.04276561009278897,3.9490042094555164,5.461992203153595,5.8799183604161165,5.595921702049853,4.180323967506714,5.954423088309734,5.511671743432754,7.082493957244923,8.853755938936287,9.009836103427974,8.775848544885845,10.179192589306428,11.389228051827779,8.072163669898897,8.451044919826844,8.193101477226435
5.692278870525042,5.448997873443436,5.184677896579684,4.432832235957079,-0.41831804422630103,1.7618294049767096,3.89768315315826,1.6901343231970665,9.479276603696855,9.847341132537668,4.153844140103295,6.888631020510539,-1.2189956398878703,2.1411016187764917,1.2253107681535746,6.476905700634945,-3.585228878410894,3.3216661936498824,4.079436803614973,5.657500965570042,2.760220208523535,5.074933995846283,6.044548769123879,6.380067628532617,3.2814479705187405,4.989275332217918,6.807062472230899,7.0073575520930484,8.823711447238088,10.009227268550678,5.554730253563446,5.721525820808461,6.934710717392013,7.904395546417453
5.734413908497026,5.732774360840487,4.393933645977294,5.080273110698631,-0.8265462094611187,-0.7303303104681801,7.289989190320382,8.744793734173971,1.384019911198071,5.222713612456951,7.786270275775738,5.799380566347629,7.760038407834969,0.46700659000229217,-2.7578183969463175,0.8154126120101155,1.6819486299654227,-0.8235297442842954,1.2860203361206108,4.7193039350030626,2.4101102265568577,6.6893501890329095,6.015211606030179,4.952480289724425,5.393584352886341,5.457493381658811,6.263006623416624,6.932334205908799,6.386167315049677,7.948763036399327,6.014594919382203,5.809317927195243,5.3634854075051805,7.354272086241088
6.063755791228273,5.689695578297576,5.117502204704101,3.709236058842426,-0.32881404025730526,-1.6746437663054903,1.7220346683482657,8.083392213997751,7.646999276887579,7.651577661897838,8.741123624803452,9.645233017784449,-1.2098456276780747,7.461081517395584,-3.9301312408915723,2.2679060074021775,3.5174670317649817,2.859055388960176,1.4605386193781669,4.9896382023126025,3.1549322691858923,3.1494092233774573,5.501833816805387,4.535973964943072,3.7309709446802723,5.0771918527919375,5.124545139792543,5.5468159235076815,6.3751585565736075,7.545389427857386,6.374072368527946,5.891377609078921,6.498576249001433,4.03043824447635
4.847236567642319,4.562429797057371,5.3488883717027145,3.1844754388863565,-1.0015805573133,-2.711569280273253,-3.302525785079409,2.1791804799555705,4.457531770034111,5.212516855749052,2.510318319519824,7.814948652220434,5.845546441712917,3.02497881024452,0.9358754277382263,0.6904110607742124,4.710892119835339,3.414146606265362,4.125014889614438,4.392886099486935,4.914664602461765,2.7356863578036905,2.1727564246105397,4.437113560119115,5.245604860698861,5.517541198433184,4.723752414136146,5.11060035177803,6.297838260575192,3.549233376839981,3.7801801693632724,4.477968671998873,6.552986787028713,7.9333706653561515
4.62420192481718,4.94452209686612,5.006456768725941,2.9363165016727972,1.600215298801276,0.8440234904700206,-0.5875001395587593,2.071782287271685,4.081452765677968,4.239767934606117,1.389563998584552,6.158962555833775,-1.3840636517472886,5.272858497319014,0.03258867958763063,1.557220830357372,3.1868125131288814,4.687861381414319,5.75678374770892,4.002749837694747,3.881113860305488,0.9782824679038921,3.639227979524187,4.8882158212952,5.919621962325913,4.979287196182707,3.694221293944015,3.571173015270203,5.328477069082578,4.826388089798637,4.2741931253868035,5.379303335783286,6.6995448485205005,9.669658534549729
5.135102614148885,4.797158208656327,4.2063375941502255,1.712918242196034,2.6813168041603705,0.3286876662221684,-0.30352352860382176,4.07247999412322,6.8047601421303785,4.77601793377962,-0.47927122609321837,1.729647202056827,2.6707452110163246,4.348345153102265,4.361510648943631,1.6500034741849532,4.65725674735788,6.212220049921401,5.361518206160239,5.0627084190633695,3.429377363519917,2.8100653337530312,4.440957111604333,5.839939866907649,5.166225165358213,4.156258743719857,4.296668478671371,4.8793270186053626,6.626526026839277,6.9640056832443005,5.605378473642308,7.033160195084968,7.391332338578414,9.731248857069515
6.321767805291911,5.153955650265496,4.213923847484034,2.214896370615462,2.8513969222585436,4.671394267449023,2.558241149173415,2.810455041401814,3.8272529444347647,-1.4825648584924207,0.8256418322102684,0.3317628978722924,2.3103207656876514,1.9414805339960766,6.541003295063929,3.803429634806127,2.2659850486504185,3.848473728870905,4.563553321329512,6.39348139016984,3.664853337171515,6.872111023448756,6.805433986577544,4.339564387095014,4.24024566705607,4.072220446072349,4.019231035280556,4.927830103020528,5.994297420591834,5.880992144797392,4.660531548278548,7.292424492408638,7.925081256860672,9.180479597202934
5.817313579012613,4.797427742234199,4.582919167924429,3.4998199262987346,3.556551642439266,4.80542773078878,0.6433350817583852,4.629687616712224,5.53329701661943,-0.10902246871412334,3.515794223102226,-1.2264751628124606,2.7225048763628568,4.8021157118686535,5.205121390466975,5.8458448398442675,5.430304073738487,4.245059657341425,6.015729669970411,4.850918122907343,5.73011170813314,7.404648998372629,4.186481419855376,5.099048766741787,2.7787653549067275,2.61931780421013,2.823015178628704,4.37080602824943,6.135923870653304,6.50194119030234,8.157317467183004,11.950649244570437,8.481506965985004,8.527403350743326
