script/wind10m.json
{"header": {"parameterCategory": 2, "parameterNumber": 2, "lo1": 6.000027932988019, "la1": 58.9999434238085, "dx": 0.5, "dy": 0.25, "nx": 22, "ny": 24, "refTime": "2024-09-18T04:00:00.000Z"}, "data":
[rows 0 to 23 of 24, columns 0 to 21 of 22]
-0.7348874206280778,-1.5164922041940363,0.15420406965595623,1.9464976836258514,0.9594260074480211,0.4577177693967762,0.8854449502856114,1.2154718916229268,0.49784270596983715,1.0874759756563903,-1.1031364506225023,-0.8918225869307251,-0.43383941769843903,1.0023214205561284,-0.5733398354933414,0.8937354174725262,-0.6363440269959012,1.370440473853413,1.2365751302881753,1.5073065823083542,1.4225549736903804,1.232440576830167
-1.7567464546427038,-2.2661262571127616,-1.767335744665093,-0.406892014732228,1.3746999896443417,0.020133868242822442,1.3777389211534867,-0.42089215028189786,0.7981890813089083,0.745296925810648,-0.970809760935812,0.48966130510166267,0.09386272174315355,1.2149429578997128,0.7438634273429414,1.8030383592778654,-0.3637418226105148,-0.9847613900380724,-1.226269208422029,0.5532017013346937,-0.6074179995322608,0.2801639458694018
-1.6134195522537158,-0.9273586960550046,-0.6949922705427911,-1.3739200242058933,1.2507346748484058,1.2700108866054178,0.2602602223435362,1.2989279709409363,0.2856229509467772,-0.08491630898274244,-0.8113581355186659,0.3232824351087322,0.7104825781899359,0.4078064018799015,-0.32142910860610024,-0.09611801184536231,-0.3252205589642244,1.5606138268988154,-0.2444250456961478,1.2919572663202834,1.0384997637022708,-0.672578014333226
-1.9885309378428708,-1.8106742795712192,0.6008532931316584,-0.8690077663805499,0.8040719993357229,-0.049440280758337306,0.6230754537939253,1.3068083654657174,-0.1600255787555327,-0.5674179047445014,-1.0633546568213428,-0.9866270493575992,-0.5498188022475888,-0.7831617679534121,0.0441927646411776,-1.0775277440160234,0.2859778415850322,-1.9098029993750645,0.2864091868669298,0.551259730434916,0.6695478395524144,0.7629050036256251
-3.182702337670027,-4.67934247094363,-2.5300457601637754,-1.2139088280332302,-0.24381737703126496,-0.28217029134716437,-0.1433125045255193,0.4601850152806863,-0.6576164365788517,-1.1680178328834916,-1.203241845806173,-2.4266712439279554,-1.3106202175744064,-1.3470774711950375,-1.0482342582678057,-1.0828665406248,0.7470671125324092,-0.38161313260901913,0.7074491467240864,0.40611971873273955,0.7469661479869928,0.6003080276269609
-0.6687015815914624,-1.5718336122839613,-1.9401687031515518,-3.288895464569451,-1.8236423496008447,-1.9468157629132663,-1.333071842183418,-0.8652971625720075,-1.0282475449080983,-0.9103190038952099,-1.625813974048353,-2.4892830204796046,-1.6385126590726002,-1.7078168449719182,-2.810647883687504,-2.3521774819637957,0.5630399857644055,-0.5456798694072409,-0.7109496336994278,1.3300415656509648,0.8437195681503551,0.8436329982379114
0.6099585069719915,0.30302749834622866,-2.0576911019627624,-2.4566499063731073,-2.5963681592468344,-2.25433146428936,-1.6102466662465516,-1.754095209097206,-0.4177785921598175,-0.4456499168572682,-2.6482371132945777,-2.814609847803097,-1.7973879995780224,-1.5137330872761021,-1.1669215593228932,-1.640622058890274,-0.08551954493916003,-1.351118001089711,0.9904752131673301,0.13793138309064892,1.3446439005198871,1.0112465891147535
1.048778436608072,0.08889670126825487,-2.400123426087118,-2.9872284480157236,-2.362422685130438,-2.1462362859393767,-1.9005643851945726,-1.5232069411766902,0.007206721647314518,0.6445622888395471,0.012936096695112406,-3.6428013120651768,-2.9200883510931614,0.3101996739375385,-0.844121768922898,-0.42150918812741694,0.8801343489969059,0.061193909933610985,-1.418699613645928,1.0678946123866808,0.7912630224890496,0.8449954100179322
1.0551710414628213,-0.8183159978356183,-2.6725847204979534,-2.795578607198948,-1.9153853853620604,-1.2437056855891768,-1.3452485839548263,-1.6523132884882445,0.7247424389801831,0.3056028082906188,-1.8480874299240733,-3.1685300278711654,-3.18586383584736,-1.6896602644294003,-1.4186088050096548,-0.9752051619279251,-0.4050997078233371,-0.07177181635966777,-1.2265046309838727,-0.016792968503615474,0.9863413083269703,0.8665889594738037
-1.2476846074303283,-2.1470457371029505,-3.142505527967115,-3.9694804616647996,-2.9183130300131115,-1.1406045581852942,0.07901926397509759,-0.7220836439187612,-0.36689556170826054,-1.1325607692860815,-2.1458826831323274,-2.6680556779872955,-2.809259810681544,-2.7930129956743097,-1.2786648289406617,-1.6542851415091335,0.3350302019339357,0.4703498561785586,-1.0199932533182972,-1.4956766104443129,-0.12662932438613808,-0.5585863470586293
-2.0440077997304753,-2.60028568238668,-3.4452163263903564,-3.6503235438805155,-2.35040891933731,0.9803106847519002,-0.3455694648044973,-0.24787686911900303,0.09009836501456321,-0.8581298141699739,-2.174194188219872,-3.1017572033948815,-2.1926978668602843,-0.916847617818354,-2.833811485357848,0.08013059373142423,-1.037369700018908,-1.3174355697858489,-1.2402619601629576,-1.5019480471756765,-0.6901785876023326,-2.1669463057880867
-2.5176439482668886,-2.679689578927094,-3.2414663386710356,-3.1938242275986743,-2.9919984869727716,-1.054653039622198,-0.8055284700264151,-0.07969273336796677,-0.02708052098442407,-0.1801741950855149,-2.5502970647005845,-2.4050722998479515,-1.6318650151839922,-1.8994036761585655,-0.9082186725056837,-0.6587359225106648,-0.7243575468354592,1.009419451840869,-0.43603850679674805,-1.5327187624633491,-1.3947031137564199,-4.442217177183521
-2.7053376210713838,-2.6048408374071945,-2.9538175130964834,-3.015214170123083,-2.732678881310719,-0.8223018760886025,-0.09193860194851658,-0.5226021812615823,0.14323443879488496,-0.2027494055701617,-1.7299184641770249,-1.708152783304201,-0.7081176206371621,-1.0610018473105451,-0.8107319326351143,-0.8531720292345268,-0.2530741485762968,-2.656300347315471,-3.8270521485744435,-4.835149987633756,-5.165366398224975,-5.398136090578852
-3.131307450795454,-2.64276906936744,-2.1235084736085432,-2.757236801893882,-3.474188167558164,-1.2234046387134592,-1.0876789441164856,-0.5137628090470097,0.37337252951916833,-0.3355925773787477,-1.8369516236695242,0.46819921500433814,0.1263805399463456,-0.7559606805645516,-0.45812394131639617,-1.0558159912268528,-1.3211271599140277,-4.043244164488305,-4.860250557926829,-5.354873779028897,-5.416354181071283,-5.315787201151495
-3.58614430074205,-2.9533940116445803,-2.778192217119431,-3.018099356135638,-3.4087551414743196,-1.5359793055769815,-1.1734087038571759,-0.730974241611076,-1.1263139312190311,-1.5177569578598669,-1.6824030954746085,0.13713818137364261,-0.9951430767557664,-3.666333328404082,-0.5609385617195296,-0.9730377899842747,-2.5858694087526195,-4.654728618936848,-4.847639991605223,-4.3936561826819345,-5.07814191612067,-4.650062930756826
-4.219017923377939,-3.8878114984548087,-3.439987423758441,-3.8371719147534233,-3.817579860109219,-3.211924569649918,0.20214818239772783,0.07944619222055946,-0.6825503743054843,-0.8421822041034045,-1.812823989569588,-0.900310437917835,-0.1416116727880077,-2.8758107911153927,-3.2818113428230182,-5.208771009023474,-5.767093423483751,-5.491799369796561,-3.8536014408802726,-4.279063242916562,-4.439067150506237,-4.222266071946363
-4.865719824052179,-4.507213394049556,-4.628585125441827,-4.6784737649139245,-5.14150275565816,-3.4016878916432587,-0.15979501891150324,-1.9267293072240708,-3.2130805779876295,-1.0713461867440657,-2.518536361540675,-2.9454548061706953,-1.7239738640947928,-3.4979463963698345,-5.3383081899395535,-5.46071548116571,-5.085971221621786,-3.6285853717726,-3.031556733127042,-4.055930570288817,-4.247718801864552,-4.185104632698822
-4.99688668173285,-5.1820097935771,-5.198686948066162,-5.892818397674523,-5.401445559984938,-3.1306446849072542,-1.3661342526785045,-2.213297908883848,-3.952274500508697,-3.3867201065289883,-2.008916659870933,-1.5533014651108095,-3.5022160834300773,-5.167018292340291,-4.676485085025879,-3.281951338459512,-3.365943869620626,-4.400213662788327,-4.912583750010202,-4.410705794269736,-4.562612312265894,-4.866098384469134
-5.533022841820973,-5.806746476985522,-6.418092713899419,-6.583757503252306,-5.841290242713983,-4.673789377964548,-0.9984080049308738,-2.295920922268244,-4.919024232866227,-4.5853777196295,-2.969110722542855,-4.26991544902476,-4.969490575712516,-4.129088316306036,-3.82588273475597,-1.8795820493165105,-4.482617192710788,-4.64324413702586,-4.680435349425922,-4.759908353035633,-4.728073424326147,-1.7657138095517153
-5.9233721794270915,-6.287442854664055,-6.480275613106574,-6.5675239761928115,-6.0796088395054015,-4.894020278210881,-1.597760527342342,-1.357650639742404,-0.8771370371978318,-2.409591658042877,-2.7431230739542136,-5.312453933231422,-4.319934531176136,-2.2315411443140114,-1.987288249972469,-4.260897887824196,-4.344256321285426,-4.681126059734141,-5.058248484900768,-4.646317426598922,-2.345930874883048,-1.21584944186117
-6.580011245315309,-6.322206108799418,-6.512657962498881,-6.820450029269227,-6.719304104367625,-6.932492836254304,-2.2935370961888673,-2.171724450026956,-2.1401105882446094,-2.586958068949752,-4.466212956680903,-2.452831361319944,-2.1635497087418405,-2.488296589023403,-2.2880539286919994,-1.6322819571947398,-2.533619929073462,-5.250760428726224,-1.5984510448977833,-1.7320962898205894,-0.6033057276083224,0.5091996977732041
-6.4992692769369,-6.343622906119791,-6.323165456788576,-6.0168597841567575,-6.237602103955507,-4.722901992253244,-2.4130020935062513,-1.5195237859819348,-2.7680248348278704,-2.5813860695331163,-2.1727624372704843,-2.090230732244339,-2.71301625888109,-2.413251764040296,-1.9312208508505144,-1.4506889198180344,-2.3150965124579095,-2.9750152423345644,-1.1240480194400773,-0.6456003821150933,-0.8297152626701452,0.6326201748996331
-6.0652548100816075,-5.072558329851126,-3.188390788568579,-1.2292382444602978,-2.4468149707033566,-2.7994726867672783,-1.9212565355254834,-2.176416892236739,-2.3682856602201903,-1.9027990247805058,-1.8259872231143022,-1.8182840867951229,-2.5996558100569684,-1.7248793049395241,-2.3098215004906484,-1.7108957856482616,-0.978602115212895,-0.5117715092008527,-0.9232937641401602,-0.5799555905665688,-0.9802270913831203,-0.3123003843179003
-2.4730344460359737,-1.8283052570074894,-2.1703346481501304,-1.3715185756253494,-1.7490931321887284,-1.2172341312562895,-2.194220852185542,-2.382988741224297,-1.6143544220504173,-1.2240432073793546,-0.812597321171047,-1.1722095258985272,-2.1602629001607347,-1.7903237177230864,-1.384810313337774,-1.238194582144096,-1.4294615146112115,-0.8500599988506086,-0.8853681847486844,-0.10032061438655669,-0.2758032190571258,0.07330383407089544
