script/wind10m.json
{"header": {"parameterCategory": 2, "parameterNumber": 3, "lo1": 6.000198445256149, "la1": 58.999992894266676, "dx": 0.5, "dy": 0.25, "nx": 22, "ny": 24, "refTime": "2024-04-26T04:00:00.000Z"}, "data":
[rows 0 to 23 of 24, columns 0 to 21 of 22]
1.5674542714846784,3.2600625324547945,0.5044962002788179,-1.0456399953330873,-1.9088577462001493,-2.2281857354847743,-1.9375253283709972,-2.221850985899425,-2.797606682449,-0.743364341978331,-0.27504516415458397,-0.1559274752545027,-0.21566388323565286,-0.930705639760022,-1.6808349761229278,-1.7405725493204234,-1.0761741371264735,-0.912172325416193,-1.354888002380825,-1.778704457041359,-1.4191883115028665,-0.9888212231949127
1.0279509668923392,0.8542387733517903,-0.39603757817886165,-0.7921488942499253,-1.4987160908204067,-1.2614809414710095,-2.2786366166294827,-4.932564971246595,0.0967703829538481,0.739252529125377,-0.011346347608351523,-0.7750352287273697,-0.7795782403542957,-0.4169673073818746,-0.09961205283224542,-0.5922347202936892,-0.24506563686928995,-1.551488262879351,-1.3949405595644309,-0.7483483039398718,-1.1307668331278204,-0.809214767626462
-0.3046662672456998,-0.21035494814257835,-0.47236383349198147,-1.1731022389776935,-1.5417811912942043,-1.602143638154948,-5.460333755086607,-0.06386171825973687,0.4036681483596303,-1.1766946734625534,-0.24576292760000876,-0.6777088163113039,-0.8611879081201445,0.3670051809987534,-0.19419827596134145,-0.2214347412485514,-0.5590670758895856,-1.89543155025342,-0.7941488962336116,-1.2716118924240092,-0.542929214509473,-0.6196077888725079
-0.1061940652924389,-1.7420710742740024,-1.1969844558093088,-1.9066749843334503,-1.4421439673374843,-3.204561791106043,-3.2880935558550175,-1.4489992738022974,0.9195723954300788,-0.40891932838832334,-0.06697720328493276,-0.7204028259747255,-0.8120943334770622,-0.7975228647249012,-0.9741582372869277,0.1698039942655069,-0.4679662122090869,-0.5716245732417703,-0.2641000225607279,-0.8490905452628643,-1.0548699792836083,-0.7743762238501198
3.2443993165118297,0.3736956090172852,-0.4709273325946984,-0.4169646125310469,-1.0686494725922937,0.3974988907006954,-1.3085645833878212,-0.5629116549269287,0.919046698897653,0.9746544821437062,2.3831462019683265,1.6798850365703966,0.5486367202936184,0.915840928476383,1.370988880019634,1.6317229890319862,-0.34320275069571704,0.14394449280323177,-0.6610589820406904,-0.2174711936957391,-0.4362996957673814,-0.6082868185832444
2.5742269319388003,1.346938411590581,1.992432774399839,1.6725647299724267,0.6708488613060215,0.6815664895774965,1.6560859372274537,2.000701554499665,2.3802603666283693,1.100622833445517,2.299138742096511,1.760440163902398,0.06744587972360845,-0.35407239321774653,-0.5011710211302071,0.7101208566996047,0.9819621000789663,0.22024940835146625,0.03486864607529863,-0.42697319484052937,-0.6288371426885571,-0.22375125136037846
2.5747291571247506,2.147011333977306,1.1095885236955625,2.516107452277934,3.3521583202601013,3.154605729457705,2.7335955856684233,2.960756336554596,0.31245844498010283,2.449103929233246,1.87788738085915,4.936991084075989,0.03437724907508666,-0.1825569114905303,0.035800353141304184,-0.5622218081434069,-0.3214309448432638,-0.08764594024743688,-0.2631443871757302,-0.4426366310010621,-0.4302504895396491,-0.6965187799671675
2.9373314836668962,2.443204562351857,1.3082035541136026,2.682458844947678,2.8220656002969604,3.1516838606462483,2.2046048265379694,0.28315176765306127,-0.119397692415373,1.651998333775532,1.76440572057118,5.254589585489723,3.3995280280036693,0.26748118431658585,0.057966488963582044,-0.4141785549318383,-0.7192452628090372,-0.14273442778268283,-0.2473286770104739,-0.0664403774151038,0.029983728186389398,-0.3304769901602543
1.8335135488154541,2.413569013441636,2.7519007377813054,2.0354367772556654,1.6935778158744754,0.14112156527112726,2.272333393760665,0.25757850723259307,0.35377578074821414,3.6386593638981646,4.207258767128986,4.34082021278615,4.407414469067177,-0.36957339352479496,0.18040528406048933,0.5208767881999381,0.7227493008678867,-0.13072466647058428,0.59540471615306,0.535081336790087,0.09364562402319825,-0.31338012211391186
1.248626483182699,1.323265598374375,2.567410326822764,1.2579400079935237,0.9242759004055952,0.08221436194645114,0.552162044001427,0.6613446487325835,0.5242961662665544,3.3300900360086954,3.6127514979458955,3.6119981062155277,4.0695565247376235,1.8888875243745793,0.24288457062908428,0.6915985171909182,0.8390362008644536,0.5405451764183125,0.7056183474583795,-0.15248307918261422,-0.38217858161674456,-0.2448516176067802
-0.5403827812336504,-1.0524352865783468,0.6532364170230645,0.669878390270187,-0.0474239726398282,0.5828991960212936,-0.2950548497296114,-0.02662389473611059,0.005687146175134,1.0495279152466368,3.4654816962759285,4.687954702609752,5.731120820073225,2.1332742503026116,1.0076720378535464,0.3775738185852327,-0.0095567985427942,0.194653925856857,-0.11644077566713723,-0.4172587954010314,-0.5981113747991602,-0.4504705212081117
-1.9894698128670831,-1.4577236639926867,0.49032766724108406,1.3803342391077866,-0.0024245915603412203,0.16931171399921424,-0.45112033930774587,-0.5010529123619536,1.2156805716237598,1.3460878118824418,3.6787730866423187,4.609930438458997,3.3485904340418142,1.3372699828781633,0.8308684814093072,0.6180428436981341,-0.41748543555067996,-0.061662569870429694,-0.8629326107222836,-0.5683033106776372,-0.2997407202691933,-0.3833804938810725
-2.2130535455320945,-1.4836268169329325,0.2614897628762898,1.3779524959253686,0.2336827875442427,-1.5404426551871422,-0.48209617057864634,-0.2420142483166337,1.01257487308395,3.206307174698164,3.775739882103615,2.9108303110396934,1.4742907739490738,1.6058744292447902,0.6333199644591384,0.473380990204731,-0.4239658556786544,-1.0924086904333294,0.9263042991120631,0.8858622771507926,0.37247789989245245,0.07777769246013823
-3.5599608048454017,-2.1949080347196057,0.3107967415378205,2.1117740202950026,-0.2857269038581915,-0.6931088427245128,-0.47717382102861766,-0.4041004331078195,1.1293945509881105,2.9903447689487397,1.8192796215221607,0.9259796014689837,1.4989871614978525,1.6664748285042887,0.45333963932668253,0.2600593721247352,0.07433582108821518,1.0038367106326143,0.16087982197720885,-0.18862506544763755,-0.084045510673547,-1.3536246816651178
1.152969569504182,2.8602969497189026,2.1061939615203435,2.226651401219594,0.802341930695475,-0.6408305328030867,-0.4963847925980732,-0.6650660798816722,0.030782954347093074,1.5254703746931584,1.9233682791409343,1.2789513463474058,0.969668588250887,2.5939272872021277,0.7495051486525656,-0.14376119762604853,-0.3464372138665976,0.310764382887258,0.5015764971680508,-0.20450193655978366,-0.8761559925771218,-0.10391159525258642
-1.8618681413512506,1.7545579333494663,2.892190880059761,4.084915215963951,4.26446853376569,1.4259726710754705,0.005298851754729094,-0.30251101086790955,-0.014864535923871694,0.8221757049160237,4.722738593306822,0.723685641264832,1.8478109557500606,3.7769809009821156,1.3354840935994206,1.5083158951169902,1.2904242843300096,-0.5320013723595889,-0.24009819515823047,-0.3538643061343305,1.9858565919978226,2.4291548741150044
-3.08128898128386,-1.798096166109992,2.531529065749534,5.4038597950676905,3.5759246486941483,3.2254011332064736,0.2908600195359379,0.9577627875661308,4.335953113954461,1.7591403694439272,2.3967110818864064,3.2813177338209414,0.920722366566054,2.4623809336258082,3.4928003258568583,1.4117197066985345,1.748738916221424,1.3708383676207325,1.2317054466837571,1.2671776285761784,1.2034059713688396,2.0748245168662423
-3.5778694946977923,0.6930488233656134,4.441076872092426,3.716905091616457,3.9257707963778916,4.017051943642221,2.7659898972143013,2.5379321689066443,6.693105763976329,6.748618468196508,4.761199861125535,0.5199121568834529,2.0586144200450818,3.9288335571167585,4.751830663893445,4.1980317935130085,2.834748941696974,1.766689861351918,1.4054122611504054,1.9617826069459816,2.9632014015312507,3.273582055410022
-1.790443190240691,-0.12094794977139958,3.7199971704369696,3.680306339809287,3.344116203552743,5.729161760821105,3.788969069621842,3.5672162612967835,4.589817751524072,6.827773614943257,4.863688690880291,5.809992980412688,4.6042591419155015,2.083601544780461,2.9416642556190844,2.0763135187642408,3.579050482624393,4.149593033594145,2.4429240199024918,2.5788534308781,4.506760566904989,2.082688549747894
0.0015411631015423005,1.2289231203019548,1.985268109680435,3.284893650456807,2.5644544209620515,7.1713411346876015,2.804850019650236,2.247728238718151,2.148243144186913,2.7913168144972764,2.622789869578063,6.957021582349595,5.860572537697467,1.209297240819718,1.0254447814652818,2.2304596195726374,2.0801190992293432,2.9092332391364186,4.817017756974709,5.431647710078742,3.48795636916588,2.930466696349992
0.5216194296319643,0.9008196655095833,2.180576672065766,2.8097026600007164,4.172254711889706,5.204706075428377,3.85829588826536,3.4052869944784434,2.937647777031606,2.215546952562001,3.858837909703863,2.694194278851689,0.585824635254241,1.2645416814610355,0.8578113570789732,0.6177571244991141,1.297554800001248,2.4555315366034476,1.565851952599126,1.8725919564448394,1.531976188320459,2.7094469004217445
2.047823023739168,2.437429649197569,4.19633050926234,3.967831084400538,3.837872408263537,6.179620495328401,4.339105637431438,5.562071279544573,3.7080026088259426,3.1720291686939235,3.4608387837296415,2.758114217876339,2.9724884719942692,2.2924309821021005,1.8748640841984274,1.283287341091754,1.9747337352561651,3.9038604464964637,1.2773090033510828,1.5283205482897604,2.786876582372857,2.095635418703531
3.9601026111838995,4.692139296829574,4.079231668527186,1.2646178034769864,0.9243640244695281,4.571472234856563,4.011431152338308,5.0314950356678185,3.332986274880297,2.755835895269572,2.301191747998037,1.9795365736061212,2.345390687227707,2.046583295854771,1.4319355358426316,1.9317074776679282,2.1446831976721117,1.6737254302559328,1.829997518131236,2.273641583217637,1.889253414526877,1.609834433176685
1.783645368392528,1.6055788784830116,1.2926672357241906,1.8791970815094852,1.9323267428247577,4.019870316687123,4.39189661622204,4.594461917736195,3.3805774476563624,2.909770245217899,1.9555343256293287,2.195643008978352,1.6697621798495976,1.8957488054334972,1.6902314818902788,1.3288386470716471,1.4718122175488286,1.4625263469767127,1.327010877063034,0.9551694083210598,1.5396467414978394,2.144689885234272
