script/wind450m.json
{"header": {"parameterCategory": 2, "parameterNumber": 2, "lo1": 3.000054539987559, "la1": 64.9999836372058, "dx": 0.5, "dy": 0.25, "nx": 34, "ny": 52, "refTime": "2026-03-04T02:00:00.000Z"}, "data":
[rows 0 to 24 of 52, columns 0 to 33 of 34]
18.433340313620704,19.524007529570788,20.611142486992645,21.460166664744264,21.83664208592463,21.977805968304544,21.97483990691181,22.573175967133402,22.53923985866732,23.252243981932047,23.561406681117283,23.808072928778465,24.95033418975192,24.545166486391473,25.852514289023123,25.93704184291501,26.020476902587998,26.203679841303128,25.202914983894285,25.01015815932058,24.431003383837393,21.95526532633221,23.380199468537892,23.08353591778876,27.683883609918944,22.942416203279993,16.803575563724714,17.274010472042097,17.064383046641705,16.621933914072034,15.290627476291794,17.9837547774589,17.103409996487247,18.797348274520377
18.073413008541795,18.909451922586054,19.994512195687253,20.880711559898177,21.700334524834663,22.56344833220306,22.734708343178927,22.845134355938132,23.09758972158774,23.632826290116917,23.905678939550004,23.94303832046416,23.798846897572403,24.531540972374703,24.86776281048417,25.65258524074571,26.649268557253524,25.71808621221465,25.475796172782932,28.69814954347954,20.766816844751283,23.054378994206168,21.74278187084552,25.619299499128207,24.013915033478604,19.725209456228146,18.074799900889367,13.297508155558683,15.281465947537441,18.97376540153963,18.213932587927626,17.15643920337356,17.42548484280237,18.35809797845861
18.757344097506053,18.86185284926322,19.04796317607636,20.180286567374917,21.341122924151765,21.870738714806663,22.609778652945245,23.22455949193925,23.513806748107996,23.393628903784442,22.70870500643835,25.218840423566583,25.15836648256801,25.59850581296232,25.79229116072625,26.076086186338074,27.971131767317793,23.635643301643903,22.888884660741343,21.824467801799887,21.47251605935476,21.0425696948244,19.854409266008787,23.197945039255597,24.267900888069995,16.921372697229522,16.204726457679396,15.746071099861508,16.866720835653304,16.43233651204345,18.721855779628868,18.209725103072756,15.260530445984616,18.30353926242658
18.7190228975272,18.76038743751661,20.011342269818698,20.09125207584829,20.462582811530563,21.198687702700557,21.90536422629405,22.370219024592686,23.057004565029406,23.28691324900709,23.88509774255578,24.40058342887704,25.668768438566005,26.427630573089466,26.89171019895117,29.34837392061583,24.077727693293784,20.286589810888863,23.028227531352954,18.39586098358952,22.80199422549663,27.754963184133118,22.39757628254959,23.83878609276286,22.81751926583408,15.534015357573042,17.69163581164255,17.04050944204687,15.349193583091102,15.82437272523672,15.50148481223712,18.795739172124808,16.542472886277373,18.006715337826126
18.072911730366567,19.070002473485754,20.27144010360297,20.190738680805293,20.798791709744517,20.882190355622626,21.55629258925297,21.571706587784213,22.180728050350034,23.113483215939187,23.80110007843999,24.432969842199114,25.161576994391456,25.521059812618972,25.464182825152417,25.01135949335545,29.525704079255274,18.27190942667289,20.698978053054265,27.88190897049267,27.30278032959041,29.14751977531513,24.525854233471865,24.618759438256607,27.702796354209887,16.76361193817328,16.196520315297853,14.93432277449854,17.36920482121519,17.399623579584077,16.825527146839633,18.91056616141868,19.238535387489247,21.063110928648406
18.09854279451506,18.770293074822956,19.437329308964944,20.63838931709638,20.860014503838045,21.017738188760436,21.161654924856503,21.457249403108722,21.931064898308083,22.594690193963135,23.549021291198425,24.13976094312277,24.398696238702197,24.826194393457925,23.104152154252745,25.071244992545715,22.701876155173057,20.14085088632873,26.712095783427333,24.901080309921845,24.20832981526432,23.707834553886705,28.994388436442787,26.840477383256438,20.099542981936395,17.222458354210257,17.609829979948614,16.140294352452468,15.232907956448178,18.116816010676526,18.057039490093814,16.50839829094218,18.41873253722579,18.412432276423555
16.799733686035516,17.792814831398687,18.67725198715119,19.401568516050038,20.15528312722119,20.83995241737281,21.315097170368915,21.183014308856716,21.543414105985722,22.46453456321579,23.267182588190625,24.132867999586512,24.216052268214277,24.35624410584377,21.891675040574118,23.99097323512617,21.062678921166256,21.825714715522214,27.30505280097896,24.544485707524483,27.532029429044837,24.827096609165768,25.430897364915683,21.518366701657424,23.63616822907692,17.469791467843713,19.624074116514898,16.298839339222226,16.095408549481743,18.869190047503437,19.091271907979902,18.167603230325515,18.44971863965749,14.574299306936341
16.431350827046067,16.77004242652372,17.469143652799314,18.48853164730313,18.679087127918745,19.43236721723761,20.069971468853943,20.738502414267774,22.289360684442215,22.474769536647216,22.899697095905754,19.546412102044496,23.44909608018848,26.17313625295373,19.5227041180949,21.635909912413872,18.25680650070362,23.436885530707848,24.592918738744693,24.84458712747444,26.836718342577253,24.21615683111383,24.615704408135343,19.271982096985276,17.914989097777166,16.103496599133965,17.090682117489845,19.976084351162477,17.008716405973345,20.257297751753292,22.517727636701544,17.968727428397198,18.373314601919404,20.164446164752235
14.669841852805671,15.982348983956014,16.354937596311306,16.652486563045976,17.201796484659237,17.820591106591642,18.516563138656057,19.288714367821107,20.383273559432244,21.818899427355646,17.486955643477287,17.538848673854698,22.396317480600217,26.063815995897837,24.870679357629907,18.663808956214023,21.634048336133404,25.763413643727855,22.662339536815736,26.65877754754796,29.21454291659048,28.203385762230578,34.237744877740774,14.941331244213208,17.821759581122198,17.75226218389533,18.240715986934052,15.887550456746398,20.84869428277821,20.85009652524061,19.205346570035918,19.375724235652367,19.90979262072733,19.744085435225212
14.440526919723789,14.886642439247394,15.57150464883972,15.15147103411968,16.192370108667532,17.016753878623003,17.58461976679706,18.068507236982793,18.32342324278944,16.02452816361532,16.212274622499727,16.968448681738003,26.02904702028809,30.179839595932187,20.66454197009437,22.999426190610947,23.840304704175786,20.553589095605233,20.92658145165409,25.159154407180328,26.759985954473002,20.704255375004664,19.480620560060366,12.904610380466973,15.947965590291753,17.261880908970973,18.833678981670268,17.81989834804312,18.925392693575944,18.49818446885843,17.129375865160217,18.15456551659007,18.4854162126088,20.122596610037615
13.406684651076958,14.165248187968128,14.322448402573578,14.37507268566964,14.445507602844732,15.439764915129267,17.236764574537304,15.862294283733087,20.49957223777641,9.99264655688007,24.656609843977474,18.971818884466497,24.68930359631518,28.270126377176673,24.505975703667882,18.117872818789973,21.764101980705114,15.140824265332606,21.360629335060032,22.060634961762,24.978107167864188,20.423039135573255,25.744241870227896,16.155003123644807,15.254378281691091,16.11309033392584,19.120361092244952,19.031826340002848,19.90853056412385,17.86936090609134,19.047389965050872,19.97814208679887,19.701329721099704,20.28567340351496
9.929121608753967,11.190655762704429,12.112270547029045,13.58147965825369,14.008620556216309,12.593275474574115,13.383556597732312,11.221043039467556,8.021160137171252,16.57919678125873,21.745218805756345,26.125241889740444,23.67806987176702,29.41636415123502,21.661816395999384,18.160891045187775,15.411737094356429,22.770798088601705,16.255455573503344,21.293412915244176,21.06554381303907,17.11692991627197,15.334988470783765,17.47428933131006,14.140134344272436,17.316282439155895,20.01550693120376,21.592914580689303,17.440390599019793,19.020111929402308,18.77133211829798,19.826702351246613,20.478520405612404,20.462714528233878
11.73602320963242,9.977944605150544,10.607248281034027,11.905838121577988,12.496055956134342,12.88230657868349,12.800935060060022,11.317290092850339,16.6107515839494,23.712568058299965,21.207941562320556,22.735274839166784,29.4709253664747,19.878666963212098,23.247007589392673,23.78448207490915,17.37372323536373,20.3834409882763,18.071918722369592,19.055891481014918,19.591495726767505,18.194402031544456,18.614091266158255,17.872376021873368,18.64956807091002,17.862584161041244,17.70063351357382,19.254907558503447,18.46062992530907,18.63079268532304,19.683670645756976,19.27685467007315,19.55672086558237,19.837022974087766
15.119691254201188,12.651829364663383,9.615228056766709,9.741335075879034,10.994112586534072,13.904088962672752,15.998439538163163,5.656073358595581,10.633955399654038,12.972455819555151,24.8411206996125,21.877448199603265,26.70424949040932,14.80281952874073,23.91837302154428,18.876855446569664,18.444067855266617,13.350894337512523,18.080431382240782,17.650650968599805,12.958263610597278,17.71702143771398,20.447119428239493,19.69255357623286,18.371631606447146,18.54230535268273,20.208866676734285,21.329659634515632,18.813076421046674,20.124170630547642,20.696535647260433,20.662495481937032,19.272626006341508,18.79194029677782
15.045336632256303,13.972096315562725,11.078010888308263,10.425468990862818,9.969375092823194,13.336443139704626,9.954425286526853,18.696277683393532,13.32103978484027,13.693371596676688,15.134217743763244,28.013772378210454,18.190414585516972,18.075167144309837,13.753038889766811,24.156703611946412,12.040662646695637,12.889446003640755,9.197519066380831,14.101750910025439,15.37435366377542,14.204079885766715,17.242587519341424,18.241678695628096,15.493808188978443,17.271228417728477,14.788487289720726,17.529774011195954,18.632005770056477,18.450860190350298,19.303853164648988,19.856547553894433,19.31252849243384,18.563316997575416
14.166760661986142,12.92533904997061,11.649166621097198,9.717221172151687,10.091536564403482,11.521960049096794,14.75234456424411,9.53034845740521,8.783488971481068,20.184169391727448,24.19401627101138,25.912737631625692,22.20249439613859,25.522881314690917,16.070606078498578,12.123471613713619,12.134613492213532,8.244736852196075,11.644413486665723,12.888853183123924,18.873219910349654,16.157218661720474,12.622327907462282,17.79119776015578,15.313762546667066,15.629087653225167,18.823010553287205,16.80652236145131,17.286310142165625,17.61555733521024,18.283465027398734,18.504269513916064,18.293266531188316,17.755938807003847
13.269791999177322,12.050301220831997,10.735476503394558,10.19438960375568,9.064978979760214,9.557677965787448,16.972891647434817,15.952292224771101,5.801415279637737,20.13153962535095,22.751598720407294,27.283858586327305,18.054300790902232,13.213051606459777,12.535035338416034,7.843931736730692,11.526506721433528,10.50902341734259,13.300606115459532,14.323597031373563,16.034296269786488,17.701914390084617,16.943390557385477,17.07288479106755,15.81841359979307,16.418158429461226,18.082168120803786,17.79557707929055,16.61224375709241,15.514430008371345,16.14974208717985,16.775246229534485,15.813017499551187,16.132013181965053
12.924680660823677,11.805636159366829,11.923081930122585,12.138422542121523,9.385799046397413,10.837510362334498,13.429452444429327,8.899316285476502,16.26830828121974,23.018025301280566,21.187525014544697,20.572956087780884,18.04444496956421,18.923058885188446,18.73794904958073,15.787719012223565,10.316753228440675,12.159958848040551,14.452275349913048,13.00543772488207,15.549159729931684,16.960179703459044,17.261092511728474,16.973436219911985,15.852636450515055,16.74638478902773,15.194781006881284,17.09612118100004,16.288453342914785,15.446057676870167,14.974922502166613,14.18628375860969,13.953468983784338,15.517114452400556
12.620285997793568,12.901553163861921,13.835328006258873,12.548079288321473,10.321227876152873,9.240123307268465,13.843957298317001,11.863947997709461,12.181167929282935,24.01913680892377,19.26488635789114,14.630171102364642,20.002261693966027,12.197910135691764,15.591810978657765,11.977291000981893,13.344607833163444,12.50872889641039,12.6306741457666,14.319434654746898,14.693144937337726,16.007752655474448,16.93293568525818,15.857686277117631,16.557205524136354,15.813623942345767,14.384143337187613,16.397374074228978,16.231632863564226,14.87902833767384,14.093257071863443,12.823106476879682,12.966746974041598,11.12038824072655
12.562462651662626,12.86676833099431,12.88536022109176,12.509636977490791,11.195387707629306,7.735081696818282,7.524368143812386,17.737908838276184,17.432537026538824,17.800314671345813,16.429729850043238,20.995762937942164,17.271148055856205,24.15901567083494,14.71027012944088,12.6646358387763,10.274422270037839,10.167527866534865,12.186253067146868,15.208229028744498,14.993554641176235,15.55625565034627,16.289411466452062,15.312067806136785,15.497441641581327,14.695243883767082,14.334557206223783,14.442949304607183,15.18494158145069,14.396292632523974,13.490086261143212,11.930554830574012,10.79031885464787,8.852111417824224
13.58091228699111,12.025717418899347,12.858134685382169,12.57955787101187,10.029692382095927,6.883567173949604,7.0998034989112995,10.295005761392453,15.891416166042614,17.758531985476036,20.643014293718128,19.71367229014219,20.823918157648404,11.208172922485867,12.415838069438061,12.17774357482408,12.657352197300943,11.402178561634242,12.98083071324651,14.282752535733414,15.256637098654632,14.940973309284859,16.169759084288298,16.043695110996868,13.891785609241895,12.762633153586442,14.053361787578197,12.809518130621823,13.486115933642443,12.49068684232768,11.716120321753392,10.717927481954746,10.351763652099772,7.6930440460715355
12.951820978979914,12.243354342608246,11.921445348571273,11.024426874157873,7.507862628198621,6.821670194215819,8.687283435382188,12.146417363885279,19.976630197125697,14.422130919104445,17.181161264984592,20.09964309677163,14.841651582399834,13.315770051479083,11.184271671229014,12.683120981431514,11.011832174694975,10.539113184048633,12.687953607257102,14.599655015275678,13.409008398074054,14.163368493302977,15.522638832826237,15.310279473313335,14.740098082326114,14.564359214518776,12.10222617355429,12.832575221221443,12.530547966485742,11.135689138634268,9.371904637366734,8.804173389914629,7.991159748477067,6.28424524775198
11.273135674497723,11.313435438524083,10.928456601575242,9.997884465946575,7.980972156101844,7.3546073328613035,9.016492059388002,10.76123361077368,14.232147999625894,15.853802524109698,13.289877192342525,16.473647706384696,19.824599931096614,17.930909996190913,13.411323089477555,12.526514370860356,10.430231017717633,11.460102576861296,12.091518540478662,13.152754562635842,14.359856743062009,14.319051590896732,14.547525491683832,15.8991329707757,16.411399409497385,15.74421569285572,15.998412233113486,12.300871615779698,12.12010927237022,11.319527833156016,10.682313415161449,8.888912430365103,7.1234905929971575,5.187250674758257
9.013745717540262,10.129538616518523,9.958763628102702,9.631774831758518,8.170882284173928,7.5106835820321525,7.674097718766334,11.162440506793143,16.592119314296628,11.079192425209234,14.08935246668163,10.454191099298233,16.200942378706728,14.460246666760876,14.624203696542732,10.550751729216342,9.46688999109512,10.03440784955658,12.041194769803987,13.442384847630601,14.314008774972585,13.905797193131836,15.449455387754588,15.596309180047035,15.465431686854583,15.127505397139952,14.883804908328687,14.469083161056263,10.822779823351103,10.871809079269116,11.071390061904705,8.190689860735027,7.511365558709558,5.608734075359879
8.322620560622362,9.036863499463045,9.474082414962226,9.35707759949928,8.335115443171016,7.245013232883214,7.770485021835115,12.409801863680597,16.987618756025597,17.48524936508297,14.506614345709808,13.949328168334517,16.387223196160658,14.319765343288976,12.316029171173293,10.13345275489969,10.675510472086977,10.509430167814708,12.349039553343536,13.838386067856254,14.759291610168654,14.132983848692424,15.229879438199895,15.357307487772502,15.535895530602026,15.697135526348013,14.611271504021996,13.856667337258418,13.403148607753227,10.49987873345759,10.074955057599018,6.8912259317682,6.019522034537668,5.739139092791591
