script/wind10m.json
{"header": {"parameterCategory": 2, "parameterNumber": 3, "lo1": 3.000054539987559, "la1": 64.9999836372058, "dx": 0.5, "dy": 0.25, "nx": 34, "ny": 52, "refTime": "2025-06-19T15:00:00.000Z"}, "data":
[rows 24 to 47 of 52, columns 0 to 33 of 34]
-1.375966727766452,-1.9464599622203427,-3.0659810230824704,-3.7565519601592685,-4.825932972511182,-4.407841142881367,-2.3214537568517493,-5.383326817391081,-6.0821071228941,-3.463578685534595,-3.389535648250183,-2.9980086865833053,-2.422804623390906,-2.476149906730716,3.3384004628082082,5.2068206848555985,3.6650011087745793,0.4554475441069104,-1.8669045505165007,-2.1652678382355917,-4.033280234989408,-2.6724639608191834,-1.520247327094266,-1.4390481187820068,-2.0503236866494494,-2.9821547800342936,-4.185913504251605,-3.293211213947578,-2.5265455859182597,-3.958623385990776,-3.4246545472398444,-6.985920217891784,-8.754610865202567,-10.0188303997543
-1.5631017163766452,-1.835254179440515,-3.6383144295026044,-4.347139402568447,-5.3602067570483065,-5.5076282395404546,-3.1602812365797748,-3.489614259168767,-4.142463418558064,-2.994176911116686,-3.409571325308052,-2.3053999550773843,-2.084944498744598,5.124324722216544,4.856942797028872,4.59391976324594,4.044791535135224,0.6096103970877947,-1.1638373686164858,-2.45940419738578,-3.2447516491232893,-2.968695450844198,-2.635325181065173,-2.6474789928234674,-1.8117619554124393,-2.0093955719030885,-2.4783921747347124,-2.9143186544273547,-3.609006814236236,-3.9418353540207125,-4.796638409369254,1.877050418092704,-10.780501555800917,-9.86697628794648
-2.2652503004046762,-2.652480734163913,-3.403362890230354,-4.300671244826601,-5.925783421949536,-7.297862353307355,-3.3709474954131493,-2.3977531885550496,-2.3243488026160817,-2.377418618966743,-2.4293064656846117,-2.262610854820748,-3.6773509325976748,4.18278497585626,4.444481596356625,4.90971908089702,3.5815901864109563,0.4750550534109705,-0.9353139416196699,-3.566336527651514,-2.924475904102973,-2.3532915783428745,-2.5596149903462866,-3.0230503826196045,-3.3722295295123352,-2.491343099628086,-2.889417664338766,-4.335151844386772,-4.99402118919047,-5.51266685932437,-5.60504786505356,0.7418101609957892,-2.392376693769915,-12.959014006730289
-2.1835379570193005,-3.1560794573213333,-4.02650090165762,-4.572587085065563,-5.501334269590708,-7.006294306920779,-7.33826447019608,-2.5717365044124425,-2.7576671998862046,-2.361268914236049,-2.763394973090745,-3.5105457640909288,0.20431381679442967,3.160540295476165,3.611108862572434,3.9026366364749756,3.0168251096288343,0.48624397081912035,-0.46509432867301687,-1.4323503449071926,-2.7947646599414995,-2.2588597974757834,-2.311300333503464,-4.703543734579733,-2.459726949088776,-2.8592494142775435,-0.5842017933107295,-2.5776943419616822,-4.799648917481866,-4.118927735833386,-5.243535740172517,-0.900111395659084,-3.7930925539795615,-4.140602491431821
-2.2068187555891927,-3.1086209063920682,-4.215608018214014,-5.149599510955282,-5.246699864233667,-6.479341101820799,-7.449954799806528,-7.25656464607557,-3.3544662042866378,-2.7774271416392975,-2.816222464166336,-0.7482531436383959,2.0447905452826864,2.512278334337912,2.340067694181167,2.562554700138104,2.1370745500128447,0.027109753274897255,-0.6231822608682995,-1.2705287408437993,-2.0496962884692946,-2.476451166151104,-2.2050701318600643,-2.2941711686862667,-2.4889411336489173,-2.71016936268424,-2.360655210029514,-2.5702511391056486,-2.8225948694752785,-3.8432432246441763,-5.371652988653332,-4.2595306413128915,-3.825573811568506,-5.784087638320062
-1.984465361715903,-3.154821658509314,-3.421066544676021,-4.949375698803989,-5.5112417809086365,-6.268634323630588,-7.611281451496898,-7.629550659333609,-7.735224239428637,-5.716393567253697,-3.2048784633621112,-2.21630960057016,-0.5335651608225531,-0.6768447986816847,1.2161096142955823,1.7429553429030542,0.04314834271341586,-0.9480474737657911,-0.8937670379845568,-1.3857640488034053,-1.3084243348352453,-2.0304241562362377,-2.8000000557362315,-2.561457979028114,-2.896900922344094,-2.9804206118453007,-2.6125665867011354,-2.1812958805084754,-2.366837651361837,-2.6394328747169262,-4.18318410147211,-2.659784033509213,-5.761169500143765,-6.249070531686822
-2.122519406437771,-2.543640451590465,-3.5161122741981026,-4.288811062216507,-5.171010811874308,-5.919704493967121,-7.41162972957589,-7.841015276769544,-8.005350183828325,-7.523016242399778,-6.23413449098651,-4.9038292915023,-3.6826180666085673,-2.372398093007393,-0.40837560083211355,-0.8016651966188776,-2.6676636688262563,-1.7034049079280127,-1.2849258406237123,-1.450915228899089,-1.4188684260942876,-2.1581503109835247,-2.6213926083455923,-2.752192969316507,-3.0952134329869008,-2.5827103808114926,-3.0099428460568105,-2.8344155294959585,-4.363951782659747,-4.896539034215352,-1.9610709715091588,-3.4913880619974704,-5.7718685078344265,-4.80765177918656
-1.5527319205930583,-2.2243067730078856,-3.539938880981262,-3.8598970695115296,-3.947313988293463,-5.14212731331805,-6.548069952810265,-7.671915942938251,-7.857958583488363,-7.733632176667699,-6.987578423176921,-6.194696057256589,-5.289732020860473,-3.6160114465980753,-1.3864474790322185,-0.9684453721617816,-1.680662792958219,-3.5386853992825897,-3.645442691422544,-1.6222325509291347,-1.4501810399933828,-2.298902946542286,-2.778573430370381,-2.825549342315879,-2.4637559178716444,-2.7924095250499237,-2.7716550964824744,-5.391134401346821,-2.5418862934793056,-2.048588627889311,-2.273932087304327,-3.444466378383784,-4.519858256027805,-3.0902107784594146
-0.6888843286058427,-1.8390360403995591,-3.26418853362463,-3.7863914754167483,-3.693471248495837,-4.844477993905566,-5.696549129996899,-6.717423955513159,-7.679757542919851,-7.954666846218402,-6.936538714014642,-2.5672202915324287,-4.397302623567111,-2.839489531928204,-1.9063281313576852,-1.65886317760127,-1.8006908930541718,-2.1966193680595683,-4.685119662021078,-2.1552904801783304,-1.4342017497163204,-1.7408944919299507,-4.173778261082305,-3.1385427590514534,-2.8941824618439997,-2.8891340825356977,-3.2846132012006266,-5.191345077363937,-0.8235402113274074,-0.47939576629128067,-2.726319509304851,-3.4190725141556193,-1.6386289713672582,-0.9586926779996656
-0.6562985210659695,-1.624096481984761,-2.9711213411062594,-3.7192547261320454,-4.0042906538983685,-4.40966417733788,-5.359224490786619,-6.209828547070062,-6.819721330063318,-7.501705219015664,-6.905257615126756,-4.813362042041121,-3.5921977534152774,-2.72702008266551,-2.196067397207665,-3.4976484209756586,-2.8554237487172687,-2.255235588328471,-3.781725624908411,-6.2232617625591855,-2.057938780117645,-1.7469236854273005,-3.2479569161073205,-3.605898786406554,-3.408031638774568,-2.8178189145167325,-2.723343398393584,1.183808391132991,-1.9518099282326844,-2.672260047079536,-4.425786229107645,-3.1521002623892844,-3.1180833500275402,-1.3715962061038287
-0.7279633381191767,-2.241854051790879,-2.7520498437698135,-3.200991668028114,-3.8717890205477947,-4.791999037645546,-5.166744292091527,-5.864211071029918,-6.6890735637222845,-6.775783238011703,-6.650143874963625,-4.388596271795342,-2.674216360193315,-2.709445692293609,-2.8574685884228197,-3.0758322121328465,-5.238351624731399,-4.266650414762911,-3.6302215554193555,-5.009705097861898,-4.293586439876776,-1.299701792208692,-2.101879428829485,-2.667528719622849,-3.403472051971807,-2.6692877541904996,-2.5237749039066846,-3.0127957412474253,-1.3872231594358457,-6.176208555314288,-6.432803515386339,-6.572328444660526,-4.802161402338513,-3.495711728454517
-0.36416107442430395,-1.2564337414963633,-2.467445729384741,-3.342613302022151,-4.684014512450898,-4.988112807935379,-5.496998690469609,-5.7130887281930205,-6.261093777876543,-6.841555724023114,-6.786167112582604,-2.9304045273037884,-4.465180841055191,-2.8595316708274665,-2.9114774216880526,-3.4979469199704707,-4.531296942861735,-7.097491986185898,-5.952956907483088,-3.7960066320954344,-3.0389995944062664,-2.55020239633476,-1.5153291449537825,-2.744258727335152,-2.7487373362126686,-2.952252674217294,-0.9161725664862767,0.3552613394476717,-2.646652960759495,-4.433809036951393,-7.746526778619632,-7.909689511547585,-6.73965428431275,-6.843236064487095
-0.969612678214335,-1.7354495732016029,-2.1590073039499287,-3.297165697286487,-3.9390941732282174,-4.481285063570668,-5.040049205534522,-6.013728365486338,-6.12948449382938,-6.544318301908403,-7.144644495490951,-4.223810544530272,-3.1028862838713964,-3.45644391467028,-3.2584595478392884,-4.146134584103596,-3.113154840727748,-6.767552864146199,-4.680171990920228,-3.998172838554626,-4.097039848520479,-2.4999383214160877,-2.304400059970138,-4.899169394365614,-3.239132728900876,-3.2288716359210765,-0.7247496952893613,-0.2619419616080858,-2.0441829505038966,-3.4084685654407645,-4.020291134169745,-6.930210750692878,-7.717946763312465,-8.519594438062873
-1.3611744771772354,-1.8864168396125085,-2.6652262297295306,-3.366335170183379,-3.894810818263367,-4.277255294574155,-4.449118219031002,-5.239945151407099,-5.90420882518821,-6.63666155552614,-7.105010240503769,-4.988237208634881,-4.057340689448428,-2.9119589349084167,-4.14165056125663,-3.4158658941701865,-4.489450797440225,-3.5047441347061747,-4.758479493024602,-4.348051451680388,-5.042805456501848,-4.283581507166588,-2.237069990346148,-4.596500677740275,-3.0079070247482727,-2.37681431096514,-1.4999054378227037,-2.155374927789497,-1.4439754190774936,-2.4975942794812758,-5.338060319135827,-6.363396063959398,-8.003549625813479,-9.07368277739434
-1.1538558403295565,-2.103918231933901,-2.665593701863723,-3.0723302730821564,-3.6479539389068685,-4.162212140333291,-4.359520404002523,-4.650823759308219,-5.429574389117093,-6.317708312696165,-7.487728791839684,-4.732568544222861,-4.266089777029458,-3.630943348729572,-3.450317030807795,-5.070405809706708,-4.527512289238695,-4.549147776446241,-3.598526576072051,-5.845859411385638,-5.427024824926158,-4.739215760515739,-4.285156897065303,-4.7094969424288955,-2.3277138805221163,-2.213714622728199,-2.428154052077547,-2.544809427687834,-6.12981060440233,-3.6804180483654774,-5.540933701545971,-4.666138909387624,-7.282627280339395,-9.45191487283765
-0.37624386153915823,-1.1599079949779567,-2.3667075152362314,-2.6453473418625526,-3.3955074131638567,-3.740004440336181,-4.217620522252014,-4.4295475936730915,-5.297715795751222,-5.948689611413951,-7.323539195517205,-6.649674788802208,-4.142364614977129,-3.913482317614486,-3.6165113584423585,-3.802419960407717,-7.800549567818231,-4.028883147332017,-3.871572480652769,-6.004355479693532,-5.446638060886062,-6.2461606843869335,-4.357413306824417,-2.284610855762201,-3.0928508574526874,-1.67611684205489,-1.4986618542640668,-1.4307877936924265,-1.1940691855862886,-1.7561529592439917,-1.2807152044409467,-5.057493322891064,-5.957233003711819,-7.270062063366081
0.2425311748245567,0.20817699248998675,-0.3903353359786574,-2.1821088670127673,-2.465970036742205,-3.6215246380150754,-4.111016520340776,-4.426625672111329,-4.930200130412212,-5.656331046504883,-6.670516137706455,-7.770513471203404,-3.711882364877244,-3.4599605465902683,-4.603977711196665,-3.0841356714456665,-4.957003196847501,-7.533521570290654,-3.425932834057806,-2.9560129692755166,-4.460082817823174,-5.56375656980127,-4.25086963060377,-2.3104191873090962,-2.1859194719669017,-2.9836937753626063,-2.7941910777715706,-1.2583503153088667,0.027733246139280313,-1.296337837652417,-5.263156216613866,-4.13456790809767,-6.015717028147237,-6.335933512731897
1.6322060137685384,1.354467307852243,0.41485876076040096,-0.6868314368689021,-1.7785109302714555,-2.5945510692979714,-3.776865692461256,-4.686922718742239,-5.032804265294527,-5.599145693351108,-6.35818037550694,-5.628839180947764,-3.085238611063815,-3.4604064016369995,-4.152575923160601,-5.642872751744466,-3.4874172989215046,-5.571913306135633,-4.573324920679267,-3.2685146817128037,-1.1898745703289253,-2.0814905375750086,-2.8608330379407123,-3.833982048839691,-2.6314840722389463,-2.3897153077648134,-2.0279458343860983,-1.468111906686647,-1.0507924183844843,-1.136338618582229,-3.1564006606253727,-8.349362583655996,-8.572797254616505,-8.567658779429216
1.8071807534724462,1.3957780980901553,1.327089606250711,0.49261433306267505,-1.0505164335093096,-2.2708919330638135,-3.298052467998102,-3.844437137839598,-4.824822807758508,-5.483154628112594,-6.1054180273430445,-6.478971974570843,-3.772688062330247,-2.8441711600086883,-4.446672171951127,-4.172883236292554,-5.292101334293904,-3.219472408069139,-2.946629934019427,-4.077168195531247,-2.7388323116242947,-3.2865483515027933,-5.134577286827766,-3.45805647263323,-2.854385041925728,-2.8299807844025326,-2.544943124348439,-1.374528555791573,-1.8657340693889286,-2.6551330532549025,-2.653678209625384,-3.430766284763288,-8.976767900442123,-8.315222785887272
0.7668356306595,0.8214715213490452,0.7705620204588463,0.6856366536872677,-0.4996787397325202,-1.9738129867910637,-2.863330789005037,-3.674125468434928,-4.1025158276963145,-5.311837164379546,-5.716847260504829,-6.060724531400084,-4.178885750519624,-2.7530703552310145,-2.9230762549724987,-3.4832426145764255,-4.271167777865642,-3.897822815181417,-4.673935684101552,-2.845973344106237,-2.2252911868972567,-5.8560006680259855,-5.439384163653427,-5.279298519540999,-4.928488373123526,-3.9285843980123274,-2.905236960716304,-2.395788925078915,-1.9420984610622218,-1.7541328332816295,-3.004199634925389,-3.4393432269569413,-3.22154790932024,-2.848484518286716
0.613092719214878,0.4533816862241139,0.847162350942749,0.38915373053033087,-0.5632107649008934,-1.7170733958593158,-2.422001968458368,-3.103398919194546,-3.7769169038749606,-4.457817934775372,-5.4447689812729605,-5.868535762323772,-3.6893934364121748,-3.6661478938088523,-2.000622128292769,-2.825175939017867,-4.716611916980603,-4.848523649062647,-3.3926439542937796,-3.462847460311874,-2.51148549888014,-2.6709011661782673,-4.642607652969538,-5.337513893036709,-2.882600581120746,-4.095423507981928,-3.66240891209272,-2.7869729250948043,-3.756327068998315,-2.583777888561946,-2.1690585640011806,-2.6875578779081377,-3.328984690644692,-4.054895670433498
0.9318796367459633,0.8890407651592055,0.2926939165363388,-0.09543764199370212,-0.569886690939128,-1.1563406908971696,-2.232849517308881,-2.8814221077233144,-3.683781945221086,-4.20949167946007,-5.192342818982452,-5.937488700114014,-4.066043769039075,-3.2533134888851136,-3.031475717914294,-2.9680996286682717,-3.4954986804897987,-4.589998106777573,-4.535158820019256,-3.350358294632154,-3.3847202616448735,-3.0094155614519833,-3.729392826740758,-5.891055381802878,-3.5091690113943814,-3.417100611909808,-3.9842915920212643,-3.194538698687951,-2.566552601792082,-3.127311235950608,-2.6839301329256893,-2.5726138155192824,-3.147290143855734,-2.4936562383021914
0.3678075323160113,0.6375422427172763,-0.3252416299688199,-0.4976715807283035,-1.2639984105273172,-1.9331165467121123,-2.8529522640659364,-3.710587502193051,-4.429944097767065,-3.147769518085809,-3.8720327418220832,-4.363159682609404,-2.679770404554739,-2.6649766530244134,-2.6426567674842993,-3.5676667308931895,-3.060307057235246,-3.121628296084804,-4.394204497504841,-3.418863594243096,-4.078109880794166,-3.882656701255753,-3.5615214743503087,-2.7735649107742724,-4.47246535256294,-3.35922571299814,-3.038474162973371,-2.9883440548316895,-3.6972263394126954,-4.31341338496112,-4.004672943712647,-2.8710099727785585,-3.7085819126097292,-4.056154514408502
-0.2924046702435426,-1.2922887817340383,-0.8121472946637998,-2.2714135241990387,-3.1394078586562255,-4.25593400343496,-2.661414193084074,-3.549447044964356,-4.074711272615087,-3.4216401592353463,-3.0350948409431338,-4.057671885621799,-3.3794479280347667,-3.5996184357219345,-2.860508895420884,-2.1669260670780535,-2.1923587932697526,-2.348788068261347,-3.342128222072863,-2.772957038806749,-3.589322637928841,-3.749655000772263,-4.595425122938347,-3.5615787594252426,-4.934497764961688,-3.562294422760271,-3.1518032807270293,-4.982399751161196,-5.372814398100811,-4.804886104919833,-2.9494415087744374,-4.840922397722958,-3.7620880226827094,-4.540088904760258
