script/wind450m.json
{"header": {"parameterCategory": 2, "parameterNumber": 3, "lo1": 3.000054539987559, "la1": 64.9999836372058, "dx": 0.5, "dy": 0.25, "nx": 34, "ny": 52, "refTime": "2026-01-30T15:00:00.000Z"}, "data":
[rows 0 to 24 of 52, columns 0 to 33 of 34]
5.613758149538361,5.168367016783612,4.729488738630609,4.375137953464929,3.8689427660569367,3.540084245069701,4.365731988802919,5.787585687291045,6.942465044581136,7.800545698232265,8.04471924924805,8.08891432670777,7.55553309956391,8.234364909986516,9.504922883212743,12.319104494877104,14.701111872154438,13.637937580401614,16.67233358754628,13.239471727944489,12.3027364262924,9.922184968476785,13.034288644777815,16.558861451855453,14.66424867735668,11.07975036188048,13.896032492604387,15.229877692817073,13.044526442785692,11.530801431624093,8.664766225178878,8.363984074769784,9.437166121958327,6.8258023420629454
6.305835208867594,6.386516499921944,5.894031896977882,4.84980109140137,4.4329491641951035,4.2983692711556545,4.33966644718859,4.653210178743327,5.721331818727254,7.963123625896023,6.142152751874527,7.046788519291282,6.907178973734037,7.073724677228576,8.60153268588709,10.23948423772865,13.072094101313443,15.398295696621357,10.440307045425115,14.07902650261572,15.104668921973145,12.428837438083875,12.826426800004043,15.763907046001423,9.695745054182161,12.42422757335061,12.357060527865956,13.394816648937674,13.637981839720037,12.151180368417235,9.864855529269253,8.334365224964996,9.893675853574367,7.261055079394136
6.198777408971486,5.904488357354371,5.251973777362462,4.942317726398733,5.59746413944902,5.080049612587537,5.087262245685541,4.884683095284986,5.033797039156915,5.200208699545468,5.7348105404913365,6.570429580620727,6.98116339887139,7.492394800260132,8.22675379962635,11.798072954868296,16.274528905005525,16.26021558658409,7.038252617386914,14.050813650847116,13.518898946645026,13.938800748261027,11.451955668405583,16.262046002848905,14.25518350771028,13.140865672094563,14.608899134711708,14.238853369477035,13.122346456407525,11.781242506618351,10.685908211878953,9.654068771490973,9.864826909835923,7.278826680113296
6.886664832118948,6.797488896700904,6.418190346602127,5.842230850036361,5.142301165276889,3.6061413205745896,4.506382377051273,4.861700759792654,4.428927853645399,4.5086655859806655,5.162662192301674,5.244301850188356,6.9208043920581686,8.032364399208527,8.06985900151293,12.508038543763485,12.715798242799286,15.230095038803064,12.303547025780356,13.697333679916634,15.360904426458571,16.858567769091064,20.139222327723456,15.664301191045055,13.148498789796081,13.500034254103273,14.905685008666977,12.329841355911286,12.789258692460324,11.064100481027769,9.142304709601854,9.593774058165787,9.769560876530512,7.6676916355385165
6.411392204908277,5.604314572959243,6.441109685774601,6.425341377034328,5.360173041092355,4.429330136703122,3.68887419670699,3.863353552891584,4.814236549640692,5.415245641336254,5.143720456659747,4.055031170285756,8.125007246999855,7.421185640986859,7.891829748696703,12.59071780132135,14.428922625903365,11.869998435447254,16.026218580715376,17.436292703993637,16.602549646820275,18.268306717751674,12.550441994383963,17.06687550333656,13.994489574253864,14.902113585039391,14.207547294293715,13.351982617800534,11.859864218511916,10.592917542724285,9.182219731219032,9.564225926967145,9.35298496346057,7.2433405358202485
6.176060834223678,5.2929405643520315,6.163167320161548,6.420114854611713,5.683150873463165,4.129543893782398,2.7893409393780852,4.745469985837909,4.5066145437164105,4.5318422624317725,4.013828123265561,1.621885376873011,2.422013965571418,6.361474449334213,10.604619037982127,11.959757977027735,6.679226005838509,6.410534169511693,17.703239278636048,15.983336157915149,12.763798864365924,13.550699174801222,16.171635971621292,14.486641963216739,13.399018025775726,13.984765310337297,12.417811507145387,12.593021430828154,10.979225189822156,9.382288623803031,7.896797031884458,6.441712121645724,8.691621526778059,6.762818631153399
6.378706851838777,5.464323746123964,6.23788840303478,6.223521006974771,5.438105325290304,3.367009350643848,1.8702845905871186,3.6772985653623187,3.1924341726832903,2.668172017535328,1.610563069853896,1.6866004747097723,1.6955868648397225,0.9724074449576671,8.953006952193002,7.842590093382224,12.088492529708573,15.188817243832851,19.489733977746695,15.384361925457537,12.47030612875916,13.002423027640392,15.76312545278483,15.246813022110778,16.914088080557352,15.284189581912333,14.453920495129287,11.524497429798073,10.635297279917468,9.008560338136355,6.539533897702521,5.445111648741243,6.919482670357359,6.488296935326235
6.089468427662909,5.270179845683589,6.01032895581304,6.241540865941542,4.7939854385059295,2.540411009302165,0.8677600382533559,1.9434383349546949,0.4126753570203964,1.5608314857568348,1.4333499867474055,7.551618151851939,1.3669415550295443,-0.4160623856374982,13.428935645876894,21.383569653036506,9.696742939569187,18.587896609676648,23.025213255657835,16.394769624662533,15.528380851582538,12.09317484533844,14.171583444820513,14.97434847666327,14.617260708687569,14.232382887894719,13.060113676789024,11.590498425068626,9.024389979974117,7.888111808043199,6.399813637811451,3.5507823819065547,5.814115882337991,6.821405954415222
5.390445871806464,4.869974249950219,5.693438657220941,6.115662531990614,4.066021623760432,1.486003477044734,0.597260261641798,-0.6369691956765503,-0.5350821015744741,2.0198400378163095,4.112715066322277,5.556294554982382,3.6920946750140873,1.2337506207262536,3.2395686911314145,10.567316827224493,22.61496564342011,19.88542310545849,19.135084155683952,20.73102990323825,23.47391312971099,19.812881291434486,17.727171631360143,14.514475577867602,15.176048627201785,14.478335932166763,13.272599096042482,8.80385314743216,9.831699550020097,7.652117301472936,5.874275670237473,0.7259817689778056,3.275836662208861,8.174645548323015
5.280131470682829,4.276661835095978,5.0871087697994355,4.710459100289278,2.317954958068001,0.29415674865277197,-1.344721053079477,-2.616637893857495,0.27987107559315905,0.0958539539155127,5.907171200696184,13.491246711525035,-0.8416776661379618,9.529021282419565,18.94289658241215,21.78546297197011,20.133947224990404,20.513442738806884,11.614089795581505,15.586448026986416,16.7049420597843,14.752010376048554,10.529202769067279,14.844369622259684,13.756377111902859,13.459947703496486,12.60640341682312,10.365045432321711,8.62596438542581,8.168012230507507,5.429920033868531,5.6733886644678275,6.141626086334961,7.590701000692518
4.532166700397945,3.6925644210861845,5.596998762857632,3.250890255548807,0.3085792865244256,-0.14025656794682317,-2.0002538324668553,-0.4935738849711832,6.336899350145836,1.0154101429812241,7.287090716869318,16.20330452520876,-1.0685715758192957,7.581611125873587,16.77478209729971,17.790503322752755,17.474563913937605,17.19035012193811,15.46602367271164,13.351601934672187,13.113415993233051,10.242178065877082,14.514902649552946,12.296635750313227,12.838993180802543,10.753563750622163,8.398223344972203,8.354115642078769,7.379814068030896,6.172893289762382,7.0609684929918135,6.299387067177462,6.42713988120797,6.519283090473551
4.20182201543909,2.947323357483757,5.31378304802022,2.104452839881631,-1.7091511830273425,-0.18915451047461085,0.4494140558220204,2.466971958878444,0.19050490541731763,0.5516940857234788,5.9106891889987185,9.523022299861536,13.830543829408391,6.378892530978037,9.886200936234056,12.583360601444607,19.311125487266448,18.657746895277104,15.758830020462359,15.617906272137082,15.01758865222236,11.820392010934103,9.49425324407526,13.581952817101902,10.71837436798847,10.71165269008608,10.426974954280244,6.805217595899071,7.057564422362918,6.7505407965684165,6.779661094597498,6.344257989121161,6.163930970971482,5.832811607680455
4.148649980332765,3.0062563354871505,4.772540222619765,0.7771277294881502,0.5641002037166238,1.5487198012464676,3.6566423274907804,1.388414945492135,5.804269160106191,5.918919548080286,7.201370151357993,10.642842635792777,16.906564539106423,9.913823953963638,18.31434089074662,17.626147498817144,14.738312296687015,12.415897689053967,12.123299233435668,10.04242987526763,13.503841883090338,11.389554930213402,11.892383257777606,11.463160257878675,10.905626487849027,9.885615904471361,9.014795402315716,6.498971083376355,7.821759274919918,7.296174532675631,6.535221945955151,5.986282717992222,5.971238406378547,5.028762223549529
4.5033173965596704,3.0279699945671674,4.2515417935275925,2.696422051367327,4.743988822655254,12.266442714106127,2.3034838297954763,-1.302243144565387,8.348237343582552,5.442024883651227,8.147358976031164,3.777414008509605,11.372402410587087,8.206920706304834,11.239090530433938,11.60526063535347,13.03483656130934,11.145942614738683,13.528655421007056,11.580998571917721,9.959102824238398,11.668377234121532,12.106563424458043,11.656625277950653,9.626285538877985,8.811882228834628,9.392026438730797,7.108917712527508,6.868168760845386,7.680255541030212,6.1505460985865135,6.184309026153874,5.316605605851151,4.879374145344232
4.840683749325822,3.611769573993039,2.957753695547746,3.807726713855209,3.847376477761551,7.71111410359345,2.8560656849266546,10.004656950302998,5.911540806239606,2.106245784358976,4.114610794532598,4.484076406264515,10.84193202496423,10.38014654745163,10.722982492633916,11.605117675936617,9.093333848371794,11.14952675439964,10.474340994878244,10.455034547447452,9.88927640135493,11.108108463041923,11.17565216481073,10.103008105205422,8.284648169998304,8.209534069693401,8.092528795397898,9.121800482419332,6.753599535667248,6.575243796022359,6.3228924571784875,6.199167434992632,5.042701089403316,4.143869457414465
5.49003609193173,4.336725351588161,3.184270566234549,3.317079156672265,5.548915304534702,7.317105976869812,8.599655829459463,2.1991974322769003,2.2734690490740292,3.458234775591193,10.7671074192258,9.82128944762366,5.353079819057619,8.81199366529202,6.930319629042163,10.254384387932346,10.717436062832082,8.412600578640703,10.379850476568304,9.09820333906286,11.41185351299562,10.06161856199202,5.894231785041509,7.759289694436646,7.294376122918391,6.8936694793205655,7.6060468456214805,6.230633924313983,6.236393723149383,6.463540116421421,6.165444290545319,5.723398861943661,5.117926750259088,4.372151146555015
6.94648365437347,4.9419360553751455,1.8086994447695546,3.634480950106731,4.128670871894629,10.847152444106378,9.225823041348937,13.022734880163313,7.370718343089807,13.13856223240787,13.94407446618336,9.27500814817713,4.400130868470956,4.183649826904496,4.1525986467794205,0.3138824758087866,9.038381635024633,4.775824515586977,8.38631963313258,7.458172281495688,9.976639488346143,8.878952054481417,9.141771923507687,4.4602977945635764,7.098094363032398,7.270929276009463,7.5996550958385045,6.206043500467435,5.769925365762561,6.393404845115214,6.0082444496619996,5.649493673288179,5.055679362479735,4.493178945776689
8.858399677722005,6.102672295690337,2.5709490828127035,2.175699519573536,4.560190864961761,4.343253055198606,10.096711512112034,5.535251643501523,14.744502839173833,13.007520865209628,5.959273406368602,4.846824266340718,5.894930056305509,4.075219178539071,5.293477519766298,4.982249537315147,1.2822834860543746,3.791418181605078,7.909627524503347,10.01119020752783,10.671494921302612,6.32567918206966,7.018703804351689,8.013028679140652,6.698440589182615,6.9612317395365615,6.947628231790671,5.301032568324585,4.726741537844479,5.342708060544252,6.160235679661104,5.830855392736931,5.240801983401716,5.06019500648791
11.24195296556386,8.88036937886345,5.123040754165843,2.362125694522318,-0.04762840974816207,3.5269646034665185,6.7782491956753645,6.1061292142215065,8.677374880064814,6.43874249718143,3.2612603361484647,4.43541264761395,5.446179394690224,5.83971940210764,-0.19630809743806393,4.714102787596563,5.839182545102874,6.262480831749237,3.0540211502109575,6.704920022791628,6.803845046932912,8.316252963824056,5.450984780466966,5.982218120845616,6.720482975485573,6.276537356286833,7.233722034506013,5.536840464653587,5.998105493665881,5.181592338146669,5.766284886892767,5.763626770487565,6.050285334884359,7.215032153543499
11.71526489351429,9.780367122829691,7.318463255650923,4.345676048403335,3.08356854593225,0.7891854598599137,-0.738998858996452,9.155454993379854,13.819891361074667,10.02995654633045,7.644282409366164,7.488719983206996,2.93409018013123,4.9863770775770035,2.5007093591870064,4.905453309155703,0.9907109917595894,2.3776869102306466,2.2349359773510318,4.965877860339152,5.109329792452351,5.858924770967382,6.962941116569512,5.1072273577785205,4.3669784670218705,7.1085104916069,6.491615765843244,5.968276380690846,5.644462531400439,5.63958483093562,6.210283187835348,6.218230552829773,5.767346417784434,6.531934762374123
12.423460994222394,10.527132413189987,8.986651561740672,6.093589707199107,3.103412413190319,0.9064678948171991,3.2841961618056055,2.532376009872455,7.6486321602716805,8.433221911646738,8.370780585941668,4.410522566946763,2.0449300482632666,-0.10884318712749039,-3.2418880621955344,2.202417196061267,0.5045498899806817,2.7109346347922325,4.1577437059377935,4.776018575747491,4.103227940643846,3.770902221516467,5.047416216140973,4.141920885777911,3.6006093637268846,4.433710609735723,5.2929654854727195,5.782433064610049,5.957765988433219,5.28924472282567,5.304741973178687,5.773462326276418,5.672046554890947,5.161710607054474
12.392809418979569,11.695082255398091,7.756954182913679,7.990760611502694,2.5378518047848653,1.8579801796580528,1.0123403850741712,6.820389466024339,7.978807539081342,2.4950059257383557,1.2663871254078072,3.7738563335972186,-1.170196955539334,-0.26285439849860165,-1.4741123239209029,-0.8204891901914647,2.0691901841152784,3.336324470474343,3.4112248308503634,4.258142983265259,3.6579153176120776,3.9400658305031255,4.041496607707743,3.369343011073842,3.360919941726174,2.7886582735809164,3.720508026105406,4.95056387129292,5.213299724299719,5.617030008141436,5.591891547574128,5.447860426628864,5.409942071611896,5.092668440969279
13.38579991238517,11.619931775813445,9.738172469204478,6.123456161215273,4.6754527781059645,5.669261529508275,8.309990922507499,0.59699208471668,9.148982695524667,9.15122099168476,0.44756491206415394,4.660924910442661,0.13430041881262944,0.232356708542532,-0.13003189325825465,-0.3934505440985212,1.872283176349251,3.1752699419046175,3.3088444758933955,3.20810824085131,2.4774570531915896,2.045981196342568,1.6910316833158676,2.6843580191399723,2.675277186954237,2.956192830410114,3.283325698798791,3.8697298351727625,4.755909096633577,5.398375570808034,5.2372613131908,5.143666510058895,5.486671906688194,5.301628059969238
13.71173755113261,12.47957871727972,11.46621782107842,7.336502639131917,6.560804834790676,3.8322971285845013,1.6491498755005267,15.267183550243297,7.546562847638667,2.7097890221564414,-1.2799673095172182,-1.914372542080369,-2.7274830036264466,-2.193950052356377,-3.1183784668188754,-0.28815418868899934,1.3251146667507334,2.77835566189039,3.2384809741333935,2.86970588708639,2.5368562053733825,2.198830953522392,1.5230050512032731,3.3253314479269593,2.378144729436351,4.923007165143958,4.71823807048254,5.285530859152969,4.922544605316425,4.860278309912635,5.466175419185886,5.406082267809534,5.432569967288142,5.198781801721327
13.091056385572019,12.814926630456329,11.31742755840118,9.968473932000855,6.322865052702259,4.1755258933561015,4.9511095845164395,19.08878749184679,2.8507317680856823,-1.0714126994016422,-1.036461686536667,-3.896448830662902,-5.105880513714261,-3.235249241848547,-0.510172151937091,1.0524233916303534,1.556720995643911,2.671381641631736,3.209708031217894,3.096957319135481,2.9095809168935127,3.4333358774849905,3.5653696491959264,3.8796355579676587,4.065215116142676,4.473415378922859,5.601471295002429,5.591616922103284,5.436316235887655,5.4247717698007625,5.1061160581809135,5.330166523062162,5.506629505155882,5.144998153364544
