script/wind150m.json
{"header": {"parameterCategory": 2, "parameterNumber": 2, "lo1": 3.000054539987559, "la1": 64.9999836372058, "dx": 0.5, "dy": 0.25, "nx": 34, "ny": 52, "refTime": "2026-04-27T21:00:00.000Z"}, "data":
[rows 0 to 23 of 52, columns 0 to 33 of 34]
-0.6685729555112421,-0.49287948815739185,-0.4238706562289225,-0.8931218790057968,-0.6749764151578916,-1.0298308604270472,-0.8817539314362062,-0.4514556327603164,-0.025506901648475216,0.3856546931705616,0.4481207126716387,1.3208536870551852,1.8226006101743513,2.444094682694083,2.217916564320791,0.7986210027352729,0.29234512590192707,-0.012580592815772885,0.3159839864952626,1.3565470821107815,3.409188481906889,3.995212013747935,4.311860962508795,1.9113101063737656,4.7256695137575,2.2927764017595655,4.0368348627830715,3.7996345848221846,3.7973094099839932,5.549958612631659,3.772126797214198,3.3642706092186225,3.6477989144609126,4.491480022989986
-1.3586323033678067,-0.962137681875502,-0.7418826603150674,-1.0455501697077172,-1.523689529256495,-1.713387064037096,-1.8072040185808897,-1.6625454500651489,-1.4176357281119267,-1.3222578550273687,-0.9439834327934333,-0.014949276888341018,0.4985821055140176,1.4651936130531502,1.4884390108512073,0.6174563724962034,0.131035931653993,0.2851380661344823,1.6377194365009216,3.578813956422932,2.2624689168686523,4.8310001322652285,2.4358124162486927,4.642172202157742,3.8675732112510053,3.4753911076944575,5.221726569261588,2.9514663425998724,2.874971308422113,4.1308938461731985,5.44930239914088,4.071415012515395,4.303963945378843,3.5343436404458983
-2.1713664303476583,-1.7811349955707696,-1.4530373544747217,-1.9054769116049561,-2.114984380411856,-2.566709432159894,-2.8885527413503556,-2.671173509279177,-2.64101552333458,-2.6832341354584983,-2.2975125160798813,-1.5984071561729012,-1.1927493482812552,0.36462512153113635,0.2597529432814683,0.24699193033968342,0.13354581187688302,1.0944140047743864,2.34043489481036,1.6256332947758327,2.8016597273515984,3.975005603210117,4.478110295533925,5.779934202139896,4.48870479186774,4.7143294758472765,4.132376301231954,4.035636229842036,4.120722967916631,2.504102299718969,3.107249024192845,3.873072478739782,4.521654150665186,3.9766544545050087
-2.2973751004161898,-2.3757135936259615,-2.364447196591256,-2.7748060070020526,-3.22514787074182,-3.67288091813766,-4.093725774493656,-4.0462929995151775,-3.9799100793852937,-3.937198294322881,-3.5599411208629967,-3.1418999341641958,-2.724116893044866,-1.7334263378725616,-0.9515087917684967,0.05374868840613534,1.36118259739713,1.336551149141946,2.217831772549788,3.146795286245701,3.4516886107010967,4.354637636203297,3.7411086454113622,4.619634587435351,5.493789466089136,3.9651866900982107,4.800424401449152,4.174289141395616,2.7610966816424902,3.2645704906253115,2.677460220958337,2.7777872272049904,3.538605225439723,4.363781119419443
-2.4939051196796873,-3.03399173330769,-3.2807190379726032,-3.703978231363941,-4.495778073529682,-5.079320503233974,-5.416560654709003,-5.289616255331354,-5.146183388197513,-5.119848635649923,-4.915098487982386,-4.392453445265094,-4.0554979581115225,-3.1876246960634647,-2.274402260728922,-1.7216421444414125,1.5671899870457477,0.5032203311631063,2.0954298681182197,3.9443762870939456,2.0206137703660287,5.186353697482534,3.698674953752365,3.1646376496836996,4.166848112289154,4.778857154393229,5.389553020136371,3.874492770232647,4.495092202850364,2.5416930265478426,3.534139860744478,1.864966836816703,3.329556692466867,4.284862625373056
-2.923882788646676,-3.753852017426698,-4.361763970998758,-5.01038373530151,-5.752286277970821,-6.505780932756871,-7.041740760063851,-6.861311599954739,-6.466997692506788,-6.321288325291472,-6.043156169129359,-6.19554520938928,-4.999905115428398,-3.5142562136354103,-2.4731469641462724,-1.8364131727144481,-0.723185882075129,0.24005753671700653,1.6869004255372124,2.833724056291675,3.841847634792748,4.218421587854095,4.0339173838586575,5.040295053102245,4.644491071838461,4.049197762155041,5.052733268330612,5.534891522237128,4.889199793838291,2.3196101938826215,3.1163837300398822,3.024722284034939,2.2695256429272983,3.355835248776406
-3.53702485604165,-4.183344327422238,-4.923863229765678,-5.833231847192669,-6.937889987294033,-7.916420022619544,-8.494638238911094,-8.407273090645516,-8.11931040033362,-8.083247606374687,-8.070942318520009,-8.061761713350252,-5.324467871905438,-4.393112039347171,-1.212556675712887,-1.2905835246897337,-1.168398309376805,-1.028086583549847,1.592532306438068,4.717761368881655,4.9336356553241405,5.347673005036951,4.310379980541142,3.3288968866857047,4.213704740804899,5.346636477857158,5.209552594021491,4.624365565270833,5.0413326791608615,3.373438013134773,3.9934365831602388,2.4278470431050296,2.1088156041334356,2.7579158898880056
-3.5855006963909837,-4.415379263879408,-5.627543169421954,-6.707703932474843,-8.152993719774347,-9.198213607073109,-9.48078934249126,-9.659465866812685,-9.389708871629262,-9.18547992632584,-7.701562198750388,-2.807762492177733,-4.634040138490831,-4.810615518493568,-0.9687553434854673,-1.7698527044637795,-0.03296183247703192,0.8485852069959987,2.116180052539363,3.509281218510417,4.1077909510340005,4.834449189024084,5.205219073479464,4.7907747545701636,4.982898732177795,4.403976805073504,4.531581770454859,5.082191892434091,4.438458284714978,4.0757495252716165,3.6799561871342963,3.1774161311567717,1.4960481345920018,2.4217337948107045
-3.463839763324919,-4.700503525422202,-6.077158734708316,-7.572668150241802,-9.052974067058553,-9.5175375418439,-9.952782274272117,-9.85013686014488,-8.453507117912801,-5.705527760869919,-6.968375036802214,-10.373979144466038,-7.525563741141357,-3.997318913092656,-2.3512423544982934,-1.7309971370518555,0.027915337584553685,3.0287978628765275,0.839125955043915,4.078808367381166,3.8987617511743142,2.449768849169846,4.307321923615903,4.145824088916224,4.900403698952356,4.665349791780588,5.436833335172153,5.274667909315107,4.997418776792559,5.795599805925613,3.2540158012372484,3.0192143907911877,1.4720971060882702,2.2332917406411403
-3.1894528381377825,-4.328662564648874,-5.789527642983771,-7.264606229345432,-8.72372055113961,-8.759783957603998,-6.564784563659277,-4.302922806434306,-5.405196261880563,-5.963485876634764,-4.655130515011811,-0.6642633895088973,-2.4892134135162673,-1.743559227161923,-1.2290742601074038,-0.04711981116508555,1.1163317469033318,1.6004717478320072,3.1299531562177902,1.3728983705090352,2.4813297480033603,3.1236340016322672,2.2781702766503615,4.0422416385971704,5.504051305504851,4.819620027779142,5.386927753062057,4.862786107942151,3.9898917884570526,4.004037647320784,4.532045798639662,2.693993485147288,1.944612627804553,2.2111563173103064
-2.402774432314979,-3.3347453887382454,-4.633360097259754,-5.674892026373509,-6.430444737500979,-4.775774514879366,-1.6203113698530704,-1.8899008315000392,1.1248933955985507,-0.0496709048304796,-0.19704683808602047,-0.14051120412284832,-0.3151742592380468,-0.5806516314323878,1.2447272007098549,0.04476994974053993,1.648216798736086,2.4872862615629936,1.8013845008982803,1.983069319983003,2.559993995987708,2.4057990816212227,3.3157440435092336,3.826562831784779,3.439632859211572,5.371895620206659,6.203624196819291,4.425863675261712,5.7611488681611895,3.957141348015419,3.5604201937576656,2.087613817390603,1.4919434139074434,1.37535873827096
-0.9245789289204531,-1.2164242925968567,-2.410347233451711,-1.4054490000840083,-1.4711937608944898,0.6466962157969873,0.038250523984430566,0.1919455364565386,-0.0988484963236476,0.5386145705188355,1.5596805823684612,-0.09032486250212249,-0.8010869476110407,-0.7730119088242648,1.0627052347875998,1.1685946966620733,-0.37705938740400197,1.1270117793700287,1.386496296089535,2.436733529764467,2.3727712075471734,2.256491379293664,3.517723362227591,2.834256154903211,4.1957305664267075,4.597503104661078,5.118831462836452,5.84964273414734,5.733791565031185,5.320867505618943,4.290932255934011,1.8466359006258777,0.6493016179949768,0.9352870877527084
0.7790327039883581,1.5212648236250055,2.053241724781959,-0.05916620441407095,-0.17086918139445217,-0.12191517511273152,0.017199232338448247,0.003180457083449922,0.4969676296031567,1.7125408453908175,0.7170740362090622,0.12998952059990226,1.6251911118396296,-3.282120933143535,-1.9021952707029843,0.5570275111605292,0.42026810098189765,1.777386315769497,2.222375601623838,0.8678897207364819,1.710887756112584,2.441773892562194,3.2007875715666705,4.236945825401337,3.6507599041693095,4.610787399607845,4.5072193624041725,4.626090863631703,5.455128209699362,5.707910386888371,5.402177226302666,2.814483021202665,-0.36627974656528567,0.31788581455956433
2.215825733680779,2.8253208845257407,3.6419306385423544,3.196092465066552,1.1748319900568938,0.8780896140426622,1.6746466483237301,-0.4379874524869567,0.4721719941216212,-0.41126228968773304,-0.023079825604317684,0.9830373259921356,-0.7380535204997726,-0.3759714953992468,-2.8110428742771187,1.8563481880328876,-0.33992037729902336,-0.8256792145733459,0.285412934787096,2.049575758385158,3.118306498727347,0.26764411950665407,2.8469796381991417,3.4395918544148585,2.531824058380503,4.9800857620724654,5.88711104475639,5.128666334238976,4.543093707330718,5.589694689208523,4.8066231873169825,2.76026059295056,0.6648359933715304,-0.9357812825125227
2.4039105574529116,2.9668452824002762,3.4737955811000663,2.7739216016843393,1.7208802730059074,2.327383178361145,0.6412646446042993,1.7583958768662762,0.5865825617278755,-0.00214072240203654,-0.8354483627343182,-1.1630693491487134,0.03552984963476205,-2.5830062279594292,-1.7629560967743951,-3.192995902739704,0.8950646066003005,-0.6316074427036686,-0.5093927602344616,0.5892683671454395,2.2530944130477515,2.497157550861208,1.6434600680428284,2.8684493773307884,2.5405669620446183,3.3149243965041753,3.9056730292490456,5.580032308125245,5.5520901170516135,4.7161938365918585,4.871107975981415,3.73430828884112,1.4745468328631604,3.465852511540358
2.3808993473376083,3.1016084009859886,2.380194289321638,1.6800672021374379,1.4048580788622218,1.8221786172593133,1.88807240824609,-0.1847592380060583,1.8231044581504263,1.2275422225193082,1.671494493823604,0.5106132078341223,-2.853699080958764,-2.7072657060143355,0.5927683623795766,-5.799114345807139,-1.8534276047503884,-0.574307699522848,-0.19446392036314003,0.17244644964583405,0.8866000946078717,1.7549094338622233,2.245230480818357,3.5040352191493773,1.0474724162156992,3.169340037712714,4.870372585625128,5.25105017685169,4.976301188518526,4.859326499950415,4.331093416654225,4.174175457475038,2.402420996556271,2.2204848061419855
2.4793594098716927,2.7564291174523956,1.351784638833009,1.348071865423209,-0.05498778559807974,0.5740443114910592,0.9880774921756922,-0.5469951445135876,-0.10043536259428859,-0.37366222199141347,0.11809189025841817,-2.814877201061687,-1.0800320171859707,-2.0090851173808244,-2.1436647468237817,1.228045198421836,-4.931632498339998,-0.14641425496878538,-1.3026236100318649,-0.47001736545363926,1.292901508472433,1.9641067517043762,1.938345815576046,4.418684122144738,1.5195953879348207,2.0832947812325973,4.301046060207917,5.448369007788137,6.382499232704199,5.004149747833117,4.446805257624386,2.404562845108041,4.236868394927543,1.851212038492499
2.399139946748226,1.778864527108981,1.135328218991545,1.8324793348564479,0.8973699614039145,2.2436899917128432,0.8158608489868362,0.8429828892769992,-0.4531856575394557,-0.23024099391098096,0.766349954214204,-2.4602543027889205,-2.596093914945421,-3.1248992653074135,-3.7122453474845476,-5.956901629326701,-1.990877725910104,-3.190520190367581,-2.0714683134091225,-1.250094007957943,0.19463068999181268,0.6500468795372778,-0.22572858278502317,1.6994215993244632,2.7158912048309207,2.561118830623943,3.1096898008437504,5.2031012552158264,5.428112769811777,5.611679205521591,4.614937683592599,5.56907087565787,4.685733049463397,1.6659205604036942
1.7940289788206245,0.908429686464836,1.2375363872226393,1.6205220148939297,1.0997291285039081,0.6393065278598248,0.4557155572282742,-0.5374358646016436,0.3200780784346596,-1.2969596026075882,-0.14168488721313133,-0.5864637061709299,-1.7947087188928574,-4.815062774626804,-1.079163586199662,-7.866777906923806,-4.144837337792342,-4.471593029640565,-1.9742161323992422,-0.8490727571868634,0.10306645343362816,-2.6854663289786735,-0.3943890004634939,0.19058354238284253,-0.1499948284237177,2.9903052928480434,2.996585052950588,4.035654633466649,3.872380469053937,5.884033341137821,7.083408471464527,6.040444479166239,2.8960001800796062,0.6164825513774448
0.8483796089890425,0.5917150105864357,1.0108526463548027,1.1889276576215635,0.8109694720238928,-0.38010617645779,0.6770468466848659,-1.3989218791410034,-0.3659300245468547,0.13449775847295456,0.5964544010302945,-0.6781033656853734,-1.5258364016115782,-3.1871435223625606,-4.519697315075799,-7.2730118062632325,-2.5503635925037664,-5.156120368138868,-1.325706911190214,-1.5967480820528785,-0.7518715319987452,-0.9242392284274826,-1.1448103968722256,-2.3763992311798434,0.38899774289830136,2.228269361805274,3.3789609432507692,2.831997694649006,4.733333867545186,4.919718745773732,4.617546583588778,3.7664732920979183,3.9632854061495206,3.642444855976357
0.28427852743102333,0.4129864240628229,0.47299501952402817,1.3176885253835773,1.5926521927309416,0.3687486239987004,0.4367191776982639,0.16964030165467694,-3.38432656124988,-0.20687326900448533,-2.471799626554515,-2.5066447075454086,-1.9066248887940624,0.19661868108897454,0.3934706121937766,-3.8894082455267047,-3.1626272581304113,-5.49249086424771,-1.9589149647465056,-2.6942107381553266,-0.3085966280590232,-1.1332003272655817,-0.9051653962748861,-2.4401594462666973,-1.0350647418915784,1.7151368434119516,-0.015201010166534058,-0.6763591686862566,1.1528001045405616,2.375123290900984,4.056463698879723,2.9243588398454214,4.523670278186795,3.824803651873911
0.0006109213950848443,0.09735442054866474,0.550267788399561,1.1316651599415104,1.7434438167969537,-1.429273678668876,-0.44698106344680777,-2.2017926201994436,-4.552166072004193,0.7967150577039781,-0.6780258231638764,-1.704405836874583,0.10942876426236949,-1.1746384500170521,1.365698481671708,-1.062440907235694,-3.464808127060719,-4.52407168747306,-2.265653135669173,-2.5940527154771282,-0.4188936034619101,-1.1495675554730007,-1.0339884428698485,-2.4857930473093783,-1.0963546161887627,-0.09245859285121316,0.9774754579300443,-4.009939953798505,-0.4775896567694694,2.763817224937235,5.000869132625421,2.9354423734342423,4.119007077013164,6.263571833877816
-0.33169383480922143,-0.460360454249506,0.04720361779891685,0.7029047685098531,0.9984514249214999,0.3895516483451941,-1.9954473195476599,0.4679563357693423,-4.561254095711822,-4.879488359391472,1.8620495719023085,-1.5757820772866498,-0.1162421842558353,-1.6888884870560883,-1.6805553302701512,0.8625648732959145,1.4529981736621427,-0.800081325901139,-3.4823672380966877,-1.9587876335261691,-1.8125392461330443,-0.7954628700040243,-1.6592407615647211,-3.0390279326332585,-1.7432777475405365,-0.7685319154985518,0.3067715934057683,-3.2644843231178213,-2.4368002042879264,2.1833006885458457,3.725522785389775,2.129525505245096,4.845251320403789,4.829551061719537
-1.0697686066803935,-1.1202844315319471,-0.8368807758772752,-0.036856432925988364,0.2738728147799454,0.6810329962782773,0.34919105636326936,-1.6917449902576318,-3.819967791052568,-1.7290916602021138,-1.4323417284431461,0.7355931818876541,0.05512722913271839,1.262976255087583,2.059144637794478,3.9278384544851908,3.518526086175566,2.466473579513908,-0.9196745198393489,-1.1470380712036685,-0.41753575786326735,-1.0260475432369278,-3.056557910892536,-2.787530095041243,-1.603928832594367,-1.5956192535605653,-1.519904122539519,-3.4393903604383693,-4.390111787501931,-0.5825212759547949,2.230468986853351,3.487629455106003,4.76677102461414,5.197844075283327
