script/wind250m.json
{"header": {"parameterCategory": 2, "parameterNumber": 2, "lo1": 3.000054539987559, "la1": 64.9999836372058, "dx": 0.5, "dy": 0.25, "nx": 34, "ny": 52, "refTime": "2026-03-05T17:00:00.000Z"}, "data":
[rows 0 to 23 of 52, columns 0 to 33 of 34]
8.73727847040336,8.904049944667312,9.337289356424405,10.400503719690347,10.538055711660602,10.690087217665463,10.604622336017558,10.491662168058161,10.262868091209725,10.349497998749623,8.900748962836218,8.872709219348016,5.8429547072065695,5.331768116208293,4.294266968847751,3.034118882863842,1.4289758527164838,-0.48434378246425674,-0.8808985373702432,3.925904534855622,1.3855019925062892,-0.19138112286232561,3.9720539462066955,5.4865868507941755,10.231632603267924,3.7210124246506235,3.5369129469681266,6.757328322640041,7.851901399049102,7.061233092588299,6.573069479476289,6.37356024139749,6.4892708638140215,7.712172296410249
9.146000716431617,8.80496681883822,9.266341831790312,10.355160438755323,10.467644684376944,11.077905262907073,11.005871734004483,10.571045078724492,10.598749767422165,10.486605390185192,9.147718818504092,9.306038220188457,6.725644003055797,6.415599924292293,4.474327801566853,2.3894305505549323,2.22398046861714,0.7815082755164814,1.8966199178702898,2.7132754002934525,1.6533675086213198,2.6889637185028947,2.4067774715826897,7.283074717826553,4.168647250816023,3.3761758590370463,6.26644112178328,4.438560203872124,5.893484713286212,8.189666284602449,6.182911434254048,6.4013129770053725,6.289253898433619,6.4950874496262045
9.859294303160233,9.142123358356555,9.293624419992087,10.151950188276446,10.61426023815513,11.35179116747512,11.662296224267173,10.387611170988128,10.851737887280827,11.258169903290709,8.336511197986605,9.197923426287874,7.746660353632655,7.279735411783226,4.450464460083329,5.08939520939824,5.130261838464224,-1.25343394292825,-2.0832353925099136,-0.8989915586784272,1.0117834279656448,2.9456891642219554,3.0581683751884867,5.561036685789387,3.6595891792669706,1.3644355738759106,2.345294109658278,5.575038349220464,5.544800599689471,5.645924487607002,6.74718033183364,6.227212880539151,5.6193236957924215,5.659664870901466
9.562274567309736,9.49494109409362,9.554168125527626,9.532644355208516,11.006397803511296,11.794986217742254,11.981240255941117,11.272779827457535,11.738060748863305,10.703853506870578,8.624971216454389,9.112051041821616,7.193834782907386,6.040461419439336,6.246074330161707,6.786386222065675,0.5526922704612091,2.6824555718049448,1.305552475194773,0.785440913785426,3.6376384892450964,3.4631458136995126,4.942714439790231,6.494492071738666,3.817590621046291,3.018955919206344,4.194587557037523,3.7629366105513116,3.6335399639019728,5.334277291661346,6.37597761070013,6.393336455630644,5.0600036578659076,4.9319346831906925
9.73977683789972,9.38284327108423,9.625423298679106,9.54032705019633,10.98682912036387,12.08301469929536,12.26754412823537,12.195383020490745,11.896054438923596,10.253416450549361,7.571347685907909,8.820318357308281,6.36951554672605,5.389328620593498,5.522154700558732,6.561434045544102,3.283185504276316,-0.25346734734810544,-2.0712346847647956,2.217364499415054,3.4372276086129903,7.143982149903254,0.0017553035509340533,3.808348974493906,5.705068116866505,4.8315504674188015,4.155130327937777,3.7919650754075795,4.902488132688446,4.07994623261946,5.644447948722406,5.676138795269112,5.783937157823008,4.6574282271576575
9.921209525112815,9.242762041657564,9.739881084492154,9.629299777113838,10.959114667290079,12.053120763872464,13.223941909502544,13.594463424471684,10.228921436631287,7.833118818721561,8.2257483020615,8.085216658779672,6.733683259592527,3.961413467659392,-0.9009667421411602,1.362810117898444,-0.3874226230506853,0.2449003744189858,1.2062707041995893,1.073973143321303,-1.1290610210814567,1.6108595389115468,4.318757182057644,1.5046417240364154,1.9048045162111984,3.468328741257244,4.281230567908585,3.6028068926643444,3.7039762006628205,4.791348137315246,5.154100505424773,5.454996820575718,5.923625712143348,5.781548577267918
9.467494435566076,9.406603582851936,9.518631404094538,9.872128019874006,10.993634271736441,12.133769014840224,13.93468305448384,12.51838180225665,10.044890899030202,6.981834150300414,6.7999538479787445,6.425269865858427,5.4347627593336,5.147658223475218,-1.0182517701308258,-0.4560964515965268,-0.189309189106814,3.7475434058954122,4.298903807341905,6.554385556417973,2.3494379676269608,-0.875861351507947,0.00512118810146002,0.2506496669953427,2.860325528246345,2.9079446054603793,5.3618790540284476,3.903325747219363,3.2169233037646214,4.172240704786918,5.16853171323385,6.7271472218384885,7.240610939948818,5.366465609922185
9.151747403804738,9.439876079802577,9.129005581869333,9.687357311829933,10.878245030134892,13.133430791224866,14.090587518808563,12.251769074784733,6.145221650371581,6.5810340348285905,5.147987786907962,0.421465973881453,1.994291186500864,5.094840988966213,4.291968514125591,7.441802957800044,-0.6180822527900907,5.167339176776079,7.37765020406837,3.8480247458638512,4.8797508465744786,5.059239597873158,0.3346155021117815,0.7011106605105998,4.281880471522061,4.0660668309524715,4.162008662372852,6.381589118050483,3.790685234450862,3.838304807477223,5.118536976942651,6.122044005370442,7.407371163534703,7.704707820287188
9.11420794730813,9.091320384698669,8.792140957379038,9.100722960740825,10.521462794087427,13.69458585973012,11.74851067454638,8.774962979253214,7.767356217814018,6.621201155245445,4.48517429505804,3.467963185665086,8.778637478401055,9.813130781452852,9.931214573712918,1.3900059521781762,6.605285706886816,13.067385938476427,3.0776531113943864,7.529774860574533,9.94809845606012,6.997357635386536,7.7061432844838835,4.49659373180368,6.2785111365877055,5.003031744675465,5.386638247748784,4.688620005920367,4.566481408277938,4.471890298465291,5.219353995513824,5.525215714294289,6.174871690584538,5.769325326258757
9.220426824856242,8.141667746006442,8.54553483507162,8.328611773844667,10.685087529577254,11.631788263660447,7.618849388732544,6.911671786158152,5.654271231263955,3.6468303324977906,1.1099606830364868,3.841801413243185,11.576144450361149,7.150653601082707,3.440495286685597,11.649334436994318,10.040577462123016,6.922545224895006,4.942934664174183,4.895991245202379,8.98609544752025,8.3953762414596,6.99905036753008,6.290893729011201,4.7159420426090515,4.878658799811778,5.430676494117786,6.138184595663195,5.9412958722626685,5.055979184205483,5.348485986055015,5.503472493203677,6.887696922114563,7.498385564495582
8.779831502398457,7.7752506189881645,7.798331396803544,7.53419025417806,10.908395825326556,8.42751315898542,3.585686857993379,5.441898443451966,6.375697276598636,2.4236691369570447,15.112014253586196,-5.437148091640342,14.417306745768014,13.906770944072548,14.74124977071602,4.094844099010895,6.47694866946458,4.5017760316842645,4.6932006469245575,7.016333232534414,9.725515291459718,3.911090839706577,11.262853712556929,4.957076435809077,5.058937549065284,4.669123707805932,4.52037434128151,6.454404286460789,5.653846941200528,3.800754098838425,4.201643181774391,5.943428916436409,5.979613564591021,6.259134059904511
8.164986102132891,7.380927775828524,6.904547187187905,6.5139891900868605,7.897626321712193,4.76693026954341,0.0561554505981763,0.7017393534827149,1.7122458544793657,9.193694074725704,9.209229153012823,10.30193486126952,14.684515230266603,8.907565803038828,14.252863345083867,6.313805054122449,4.663669021442009,10.523082038464269,6.363772065924083,11.269268788016944,11.564367088993036,9.087093370019723,1.9967186162770907,7.644008764049452,5.261258580581424,4.54740393045402,5.7199811972550885,6.911443810988158,7.624849039356688,6.5194126797792835,4.894583639546934,5.6480558795310145,5.370507759698167,5.98561213696406
7.772854368057466,7.00475452050857,5.484990882054658,5.703987675855311,4.646408885606899,2.3000269920802463,2.6305368849188255,2.906930634412316,4.214169265260765,12.096621018263306,10.758453196532484,9.395135733943956,11.089511130758373,9.736404767500268,2.865121372299588,12.596778550517598,4.198804747220286,10.138107498263317,7.400730845480652,4.688638106077007,7.316006422134381,10.932207259861626,9.346886139668369,5.988603224577647,5.905586562499582,4.389636938582004,3.48164118257974,6.411476807624733,6.813021986244341,5.1118423402588515,6.306979315774512,6.245631811175067,5.691199224192151,4.231746084446579
7.425836506606775,6.161428800106772,4.5198625795186285,4.601591844092927,3.1056929572614993,4.972084411780179,11.503758414628292,2.128173774278451,13.769285556786544,10.116348524572055,12.922512937770161,14.368569340564079,-1.2778063486127118,1.757614312508151,5.943706670659691,12.464501608715953,7.3763750897858795,6.017769946895423,5.904020044874904,11.381906811040304,2.2465994966669696,6.691523129023448,9.330061174663106,9.07846795095415,5.5081155501717065,6.6030776858958715,5.808673056442959,6.626450706150048,5.833402864441832,5.9302534057984415,7.484992993816871,5.487103960716018,3.8654744508332572,3.543556692939794
6.876426386255984,5.325107099496142,3.885682447062174,4.2686434630461445,0.7738929728541807,2.204248457975866,2.091586883655853,8.611807484037842,4.304212549784637,5.571000303865974,7.583213908891901,14.14285295423386,16.828172228222126,10.15160234593873,9.768921688046794,9.290286874736779,0.8733919695870216,5.967937972939203,6.685629162359634,3.1249039791949906,8.633974366911849,5.227127156365345,6.465643859275763,9.067977186159606,6.987910436579669,4.77836369183052,5.822220854685404,5.954053343551844,5.582165184297475,4.031840949872886,2.9924897838046594,1.856463555623272,2.9669113599432797,2.78606444333058
6.1966291504401365,4.866614896723559,3.1701658764640728,3.2396818558664244,-0.3767516796399918,0.6094560902272778,3.081743544289881,-0.24372893420205005,-2.9845558510405827,5.952216956138329,7.610542173541013,10.180864862839847,3.4459284575727285,7.895885231551891,1.378520498943961,5.1684207082853355,12.31287069733123,1.7034191179263984,6.4925824139072255,4.307599730474525,11.190260563222997,6.275879718056928,4.32854085816655,6.604114848258609,5.995132272066335,6.9226667784394795,7.406227946817378,5.825705359399713,5.143958428944725,4.918270462168613,5.210785739957066,5.004464934021996,4.350833824572004,3.5496454578910877
6.126841772348376,4.388989613905681,2.830365677319969,0.5966987974749557,-2.668274720262129,0.5639336128072712,5.974201200610732,6.714392110261791,0.3185056343964362,10.369987691765711,10.798816663739126,16.13838409975748,6.977362676998116,4.891454862084486,1.3519766681952654,-3.4147439740374907,4.065324966762128,0.9151883344846986,3.70465528365656,4.091953419119796,7.40661388629854,8.840632187291439,6.518650809516235,7.076510838297658,7.22830604563723,6.316270642878072,8.39194800462682,10.001046748416808,5.028343630117148,6.647132227650502,6.879179947986916,4.9846411336626035,4.75210701983523,4.102405770422747
5.3450226057505175,3.7837857933531485,2.3111958964624497,0.28149138022327247,-0.3109314040635667,-1.2986005605898183,2.0602286911171546,1.4249643038330377,9.19123583273629,16.68807874294908,6.906911829896283,5.375753878501009,2.738032160655114,9.186511464464452,9.519997876620435,6.79264103752365,0.27605311352572015,5.201446717373043,5.5016790019478075,5.8289802621735385,5.963037161493821,6.920912948301765,8.079485706835912,9.42594594311397,7.18138492384236,7.175151726391578,7.3997574838359865,7.336719575332722,7.2246132451853,6.139327844292356,6.2033729757788745,4.309546045472556,3.598580518419053,4.558148465496245
4.799672719223426,3.9799243162752944,0.3618173879343762,0.25035460928916276,-3.287243252461107,-3.4313007671589344,6.583501506932223,4.768225728986171,-1.9385583144237868,10.097556514753926,10.341699792935142,6.6692855097706625,14.676574631288199,8.273438711443305,4.158864113214591,2.7119421983282654,3.7624096619672733,3.8795984056307993,2.505998589676757,4.643484695048728,5.443000769799985,8.26792787340026,8.4582697569177,8.632340268031754,6.968742099108538,6.171520949866415,5.384947862370032,6.350494709777485,6.350916486925008,6.466096772236677,6.1495790192342055,4.5836056965865435,4.8413078114415296,4.388616344651481
3.914377077497023,2.424745427121794,1.3311439516371013,-0.3369943227604886,-3.3363021650052924,-3.5708095768167287,-0.42663251024562093,10.706778065164166,12.649235168964198,9.24405144652997,12.69922685616536,16.511765833884684,0.5572838599598302,13.615348038433883,2.5172271076746915,8.177322155439182,4.018009642510617,3.7504050056624663,4.00772771764157,5.95689996755353,4.645225039163872,6.440001221595524,8.987268878554564,9.433220697837754,7.776877906902588,7.927342868245449,8.018092514781099,6.324284900117926,6.046242102308985,6.828742429521379,5.751684346989165,4.0820038295635594,4.4425652844843935,5.349363211844918
4.165845183480446,0.9790024932642036,1.0239492861442763,-1.312077136212557,-3.2901817661420223,-4.646177086513224,-1.3014867479114356,2.9176649633929785,9.174269737416774,7.947534225959034,10.609702265410997,12.213357745653433,11.842021825381826,4.901198963163339,2.0656066179745918,3.658836573637682,3.543826653450671,5.522908808257491,7.67746013259691,5.3119381112249195,8.033134866343293,6.555516942267212,8.82014189595368,9.124786508181897,8.96119607126095,9.03976720398203,8.004569727968576,7.804476158023603,8.546558907914246,6.9939102743720785,5.690093527184367,5.482463850875599,4.916788008464674,5.241985440969188
3.30394609394293,0.7284851330557848,0.18182177256672546,-1.4847968408899588,-3.5925677615439033,-2.510591020016014,-0.9213197532643259,1.898029611892128,6.893940765845761,3.4505947336217364,12.068692690394338,12.039679026835863,1.2160016112674856,11.510101010753772,0.9869866687195878,2.181199750303375,6.6517687662542455,7.774300338452329,11.069908377845573,5.698577701664585,8.74833133087846,6.455064295347311,9.584828944299433,9.572226227371004,10.612823989629101,8.586815606917158,8.612835661637625,8.970034569826828,10.013373293731219,8.396925369682885,6.732246130296569,6.025399927133441,5.6750630692632615,5.155506518705658
2.565976455496852,1.1273931599286509,-0.4743753306287038,0.5241203618870884,-2.9540273499279572,-3.155512443717387,-1.7461127704833233,3.758758874707534,10.847298386372954,9.962802886361233,3.567114322211801,7.772808628737487,10.074421813531405,9.595661803298945,8.38064692567993,4.6086448533312145,10.37279413914058,12.559274815942238,8.008678911446399,9.440092139215375,6.754433256391744,7.190853768070032,9.022795145902801,9.425093882990613,12.463903310458335,9.140672016362844,9.776183580717547,9.800395683993823,8.972487701668234,7.031011820793044,6.443922764435658,7.269972322644692,5.380734874101483,5.4619340966197
2.909172522963244,0.6438724465114268,-1.1875186199824914,1.672605195676668,0.530756681681066,-1.7144608520171647,-0.8255769214708734,3.5954990500687822,7.9982583688188535,3.041170193703292,4.098620304855901,4.006436495844893,9.498541645135164,4.543950822597036,10.595899487445328,10.327487633923724,7.573049956084731,9.667609507201185,8.524431416750392,11.227098023486873,7.741755271413647,8.101884690150866,9.223642396357691,12.493739075370849,9.950724969362405,10.974838458437755,12.134666392065842,12.489916826618233,11.777754226041253,9.042821655709057,5.41605116851325,6.202132749993046,6.636365449695356,5.6408298634035665
