script/wind10m.json
{"header": {"parameterCategory": 2, "parameterNumber": 3, "lo1": 3.000054539987559, "la1": 64.9999836372058, "dx": 0.5, "dy": 0.25, "nx": 34, "ny": 52, "refTime": "2025-07-04T16:00:00.000Z"}, "data":
[rows 0 to 23 of 52, columns 0 to 33 of 34]
-1.0882573270295741,6.049707808763624,7.275253894402665,7.237168091488228,7.141019519278807,7.415341554741465,7.360663948902764,7.369313810490386,7.180993498265296,6.662498742672763,5.239585998668889,4.39149386273966,4.153169555030185,2.7412052658254678,0.9640646099558107,0.14625894319804056,0.0358168337764433,-1.138696076107788,-0.7617884388497758,-0.4927392306435155,-0.8834749181606802,-1.8058317322852642,-1.0447142832886105,-1.2161794602223424,-2.3066345294040116,-1.499601649616375,-1.2474913218107628,-1.3042025166809534,-1.2829587531280162,-1.639588823099,-1.4739185522727942,-1.1129900441537672,-1.222925692076531,-0.9655851246566001
-0.47278689822467823,-0.752032518892997,5.805271166347627,7.757414402521679,8.417954413438869,7.722890926245191,7.145981763281066,6.684328269199459,6.399792356966781,5.021769319593222,4.119624493765499,2.245095530713717,2.5765992555694868,1.4663856885141338,0.5073609411529669,-0.15088681990152952,-1.5198685895751893,-1.6568241218575221,-0.6446845786565464,-2.096959907640895,-0.32054075726741865,-0.7023358157227794,0.34470004884604183,-1.626457117904289,-0.5623813932505306,-1.276672735426885,-1.305473208092473,-0.9044682403180045,-1.0741562505014082,-1.133887394235303,-1.4278762025962168,-1.1626032434492366,-1.2480960387131887,-1.3010166744449017
-0.3941723825674519,-0.6826462260758521,2.8236740614821225,5.139576354962627,7.133899487772676,7.7323521461368765,7.110093731339454,6.349703641999468,4.695637450845405,3.654061547156074,2.703481723387125,1.8884085906027084,0.9201906802652831,-0.7005456027219167,-2.0684835937395736,-3.332803252793125,-0.5824056339936766,0.5507879974143569,-2.394760347620716,-0.714285314645518,-3.4125617581336125,-2.582574495484866,-0.5229785882027636,-1.6021168340547283,-1.0603462993556922,-1.1955230903123613,-0.9276653172219997,-1.0756187153496901,-1.295478247809723,-0.8768229825650835,-1.210490290078868,-1.1744842217464462,-1.539818414497271,-1.6509479873466029
0.4742462994049317,-0.18613669710293526,-1.371782774900899,1.219817121888859,4.130530087034911,10.713849853431903,10.051445526945443,7.832838728507746,5.503570049535676,2.774760923308266,1.6624635269493282,0.4236162742778894,-0.7155424646169116,-1.5663055145772171,-2.862647117342966,-1.0948128712905822,-0.25499645740418836,-1.000668626517041,2.5741671111469557,-2.065928842054627,-2.823456349984683,-2.7868311616886086,-2.0390281574835822,-1.1689163212224025,-1.497546031781951,-0.8567013939815459,-0.9488076631597857,-1.0348283601953148,-0.9293572117993596,-0.6483585808513437,-1.1354466277785886,-0.8141127527341276,-1.2775342852827776,-1.3901133881731202
0.9178382822869912,0.39088903705704664,1.0905350928537085,1.7426424654096642,2.826843862163349,7.468511705937916,10.244010383888305,8.099357086278058,5.668379031906114,1.9378675996555395,1.0055143759725884,-0.5456177409718552,-1.5818155112450913,-3.61858791897555,-3.2652175729956436,-0.09181367052551945,0.4523912947549511,0.1605301448961885,0.7508178370083745,-0.30838769468398597,-0.9217233824246068,-1.07228055193543,-1.7370287455867304,-1.689535734704936,-1.229403399802937,-1.6598856190069784,-1.5190806915082242,-1.2454819957107301,-1.054458656892741,-1.2080615924281937,-1.0489095249484703,-1.2857346715149076,-0.8510385353310436,-1.2561422856166233
2.632168500365654,2.0328320269256044,2.323429537014238,1.550674530666891,1.8377101206708566,3.319204358603926,8.233210701982964,7.728211036528573,4.607639575557855,2.3075696120239955,1.2591887460877182,-2.3508653461709597,-3.5350431930919965,-5.7750038014449565,-0.9469895273856428,-1.4500375105460592,-0.93637360549265,-0.971526082087211,-0.3998162257076431,-1.1318734454727044,-1.0153985132985623,-0.7395620171885257,-0.5998334579737847,-1.2474396199861757,-0.7924428401203676,-1.0180904740601293,-1.2338563187216147,-1.0829460452561257,-1.0629871407998808,-0.9174097734436137,-0.952382155133253,-1.1543350961848657,-0.9005229467278943,-0.886363897100315
3.782142865115267,3.0413878661920446,2.9113942273460984,1.9561104352943843,-0.04430521094447207,1.968229988397457,4.933503775866806,5.93309939328174,3.440265203243813,1.5426593072891317,-1.290674307980506,-1.422015507280201,-3.6694084216744387,-0.3754690348762753,-0.04012889832237241,-3.921420447761812,-1.72194559705377,-1.870745851797582,-1.13643092046895,-1.7372301277390776,-1.6497092549913515,-1.2630453147312903,-0.7877330356108846,-0.5455835772338407,-0.4691397121195189,-0.9270550850830849,-1.214046250555093,-1.3324478644735467,-1.0170684832387509,-0.9789813116953447,-1.3626750205785936,-0.6563858443740692,-0.22648985743952382,-1.9556586591898066
3.0809396733615486,2.814120867263767,2.5093804108066786,2.687333654940651,2.8733738272873537,4.241796098264868,3.7243856549888346,3.8486637236770047,2.4437292169834457,-0.8797381836481376,-2.1994515621054425,-1.7521074513054573,-1.7727250488579305,0.04131040856231622,-2.5151658951226223,-2.016400321618488,-1.5772510745635646,0.8371297448096329,0.25229664663909573,-0.45338248389234487,-0.3373572200973524,-0.7738362725039749,-0.7074376896448024,-1.0430142226892418,-0.6648578919802569,-0.09729641470046048,-0.6217373945249638,-1.1490249187245989,-0.986067934542037,-1.1198300458365935,-1.012917163599049,-1.0397805855603894,-0.6677141706719069,1.0487811725631573
2.7689867576808567,2.6882584089809023,2.874233549364878,3.420612276201215,2.9229630890075335,4.350951739288664,3.012837049750824,3.556658253192734,-0.6104231637788283,-1.2775275462639224,-1.6672723460155296,-1.3394687093569009,-0.25376794284571264,-1.7591199632699923,-3.2138167221346436,0.998635404907724,2.649812475983208,2.5575472970699606,2.3366808278539364,1.2608403140108737,0.15926262168391234,1.0249955546916958,-0.7079212656558123,-0.9707453260657718,-0.9420001153999988,-0.4467285632371053,-0.942439534151874,-1.2631876838866836,-1.0886780760465598,-1.2692723414745428,-0.55235459113985,-0.9710249044875637,1.7326821051884815,3.7438796995190358
2.908781032310009,3.9301418371624655,3.0213102627237336,3.8565691153227335,3.1118837514345734,3.071999983061998,3.4711290766518608,2.2881254087623057,-1.0150161820816201,0.4607652050994406,0.19476755142923616,-0.7232198318655736,-1.0379288518475662,-2.5888556615884886,1.4420657096805767,4.118816809062422,1.72035656522642,2.4140227812192823,2.8549017151143,1.6080897418660507,2.038514337987768,0.30920095519407487,0.5040900348253026,-0.30317083493362323,-1.0195214365254301,-0.6437985374661997,-1.15934146860077,-0.6406923325900872,-0.891303127794775,-0.6588021551875627,-1.5876391654687456,3.2938057910864083,4.167993849904805,3.675654685377579
3.784505918617534,5.1133362478687685,4.849433262516559,4.568446124539788,4.4310621699020265,5.06940058022591,2.1326741430544014,-0.3382897583913257,0.6450530224021845,-2.164399305686036,3.623376172821653,2.8880265085772847,1.4740771624304332,0.30148385086769547,6.553962141368848,3.508246521888803,1.8052418748849743,0.8532624710524594,2.3357742874838596,1.2543712087511374,1.061696381626588,0.06960387995984642,1.236584373197916,-0.07381770054194652,0.19823228127316345,0.022010254435176093,-1.2560688724935891,-0.09752212558023717,-1.1122435436158407,-0.39439691191858894,4.857628469036221,4.279089638838931,3.809204913479709,3.5506348997755364
3.8432457262100286,5.016034906448446,4.958013239514459,5.279867611917671,4.923750703103988,1.771227996130012,2.640947740861517,1.4314391484439928,4.6090120274287925,3.835587773262454,0.6117567851270994,0.4747748626963838,1.4464416943271206,1.8022985982479225,4.5103863606304175,0.2229823884623938,3.2257324529801887,4.205043400081527,2.7022515595450236,1.4132488993291246,1.2985172494164534,1.5256264768126848,1.1477471369916212,0.6193302146606617,0.5320647468178451,0.00014693636531152058,-0.48133854732820247,-0.37092158763524213,-0.9897904775952596,-0.5609541262367148,4.48838989548623,5.2897779680995045,4.228586009390415,3.3754547024229584
5.427686111581017,5.300962000453873,5.1424589542970605,6.030544202582431,3.8250456825732937,1.6824158013002695,2.894459124780429,1.2112730986549476,2.718732471783244,4.123294035586508,1.6098517249346718,3.884558149065672,2.037233657607651,3.1174467541801696,2.4186622571596925,4.258998168584287,3.8110402376636143,2.5735817222156414,2.481967236511685,1.7149866457760807,1.931029540364932,1.7479453852412814,1.145121668933718,0.8801031878234004,0.5604517213631474,0.27063833249129715,-0.21108698690055386,-0.454362416097969,-0.28757558778052716,-0.037105397362409046,4.397101001093919,4.783752030982155,3.9933060746314237,3.310027243628007
5.7594615008804,6.012052711673152,5.511710440346224,5.829685092061145,2.6808665872040454,5.60577985833525,2.2052141828134997,1.6624339748877877,4.061240783239158,3.536454399145305,3.4274396421250177,0.8488067470329413,-0.9129420065873325,-1.084999485205164,3.9690536077732674,3.5074967465549247,3.445991315229981,3.0496251693861818,3.125831147899867,1.7651555686350422,1.6057404506227066,2.478196411235097,1.1270384297795284,0.9763221584102394,1.1057712658372587,1.2989789112179508,-0.35869690474606425,0.024111706044352345,-0.436395990901445,1.6094908881747834,5.999370001896617,4.6462984887151,3.960536213408591,3.5166763477711016
5.973855658153776,6.121579741600444,6.025161890687646,5.86066096020605,4.020242550012291,1.1158784928579752,1.1604214767137182,3.4322842373406455,0.5364855530019855,2.2164185304546002,1.7626609972777763,-0.9802855869925702,1.1673467749929283,0.48507557041086174,2.4043493409995764,2.4718139850925898,3.099529252257779,2.4349564521647213,2.0151652521830763,1.5289918556045776,1.839241746489667,1.4557348705364817,1.2879552668770307,0.7323320654129161,0.9788924537881329,0.7795308636723192,0.889833530350369,1.071642251841914,0.17819322829541553,5.608349752995769,5.56518196293392,5.365243368272911,4.223341961873213,3.343669460848147
5.213891917324749,5.639468804061234,6.374293630985159,6.116873357375537,2.7260007720919877,0.5023781034690943,0.7894400618350238,-0.011830840148764812,0.1537557748769473,2.0036866981969257,-0.8406277980075422,3.5330478287089266,1.500033007301194,1.5834584585331024,0.37299699947806036,0.8652524996802269,3.5832969175254457,2.1587077313309475,1.4111129498393076,1.1898016660492303,1.6754507436713815,1.6062287259667447,0.5966625121832169,1.266817822413074,1.1859818154354198,0.9641855097197234,0.8628855462126599,0.2879588869436625,0.46423114146467337,6.931526214848348,3.5777954958317983,4.4473038118871555,3.778429849951737,3.63589302485058
5.0603986362872835,6.235396957488418,5.79146781055411,6.223232125700534,3.0558800285806407,1.419524119465417,3.431389349571802,2.6730408604117937,-0.9040814358482845,2.179556719022903,2.872298516476553,2.2639486120636896,0.31533423192269633,0.8751871243336715,0.029892452683163366,0.6067420156437161,2.031547879204682,1.247398674185069,2.1456063710604094,2.4556571953227238,1.4427554976617387,1.6829096008027362,1.1529175973207881,1.7645766609651083,1.1737399901229797,1.1033301523743286,1.039271382093952,0.8946995442071822,0.7208956975134369,4.304408973731852,4.921234975868784,4.962001519765261,3.487975153518585,2.9275930777719315
5.873510648062962,5.174432265044111,5.54346834791052,6.1203012289247685,2.6081518591546753,1.3330913297069564,2.121834120844224,0.8046222073043602,5.279393908944381,1.5926478870180074,1.3770272216365733,0.5324190370454932,2.0262326458819846,1.5166692337560814,1.3690800258080242,1.5040791764966883,1.1923853744582,1.215953129874236,1.3725506849134554,1.709526458495079,1.3150295560752878,1.0694608541292283,1.02122998310206,1.1821114795121528,1.0770021712539446,1.0343726382353096,0.3622967071060747,0.6106687929606246,1.1841563471434782,2.9339562927683924,4.404576955631123,5.385067768747847,4.9395827225756435,3.5633635032762117
6.760639903566695,5.581890498078521,5.621137742546738,5.737394079157024,3.440546224199397,1.5143290421815336,4.11739211429896,1.6295856352977964,-0.26582229306996064,3.1857263602668473,0.019858448340863304,-0.14233721234942978,-0.30965531114968015,2.493879537424982,3.116801763763524,2.270640812761054,2.8425050503172464,2.4436331566790646,2.614614758815948,1.9070138326446362,2.1049649552802245,1.9980610193430108,1.7020153661671311,1.1018905946211919,0.6462506314062857,1.3930937656364306,1.2521673893517977,1.500844248561598,1.4263986814275595,1.5475236405319726,1.2536266525610542,6.024643677692914,4.913683883352886,3.8868637260325767
6.109423528209436,6.179144201061205,6.097593502363367,5.887601863107088,2.6087589493481635,0.8055020205748803,0.9199548446936514,2.7696871195242614,3.664835735223656,1.7580891232333378,1.217145972356322,0.6775425103209882,2.06881936235332,2.6924573835122265,1.8787433234175996,2.7707863678748983,2.620284583379029,2.9670451646452705,2.4074903556852605,2.7922347371391667,2.2667044036740354,2.017081613200962,2.332315470329932,1.4569658398320977,1.482427619298588,1.4564501485556915,1.8008617221627714,2.6290057676985774,1.9417833312398958,1.4312461043568767,0.9684891468789106,0.10070179864965992,4.4700607013580616,2.0979187270920434
4.863246664040505,6.768601186930508,5.696831556154738,6.5567818264862865,5.813082912494048,1.0033104165130498,1.342369172433196,2.5511549371729636,2.6247516249874834,2.7411491319316226,1.4404834731925864,1.81091008962824,2.32886168170279,1.2266965419769893,2.794780834122501,2.2426815641237274,3.666453400010731,2.6308655858556134,2.5422163995797353,2.6759331761915375,2.066767454804487,2.216642464622678,2.2108533705500406,1.4871012821374237,1.8359157493558314,2.085004205205074,1.5501295998758575,0.8085943896645603,1.5397559435791595,2.714016406263914,1.510868683289462,0.9692801935861256,2.7415150145708678,2.932815773724853
7.702989392396774,6.1049132625479094,5.211539537263505,5.262075442208414,5.091183721910424,1.1491342175463497,0.4782051657840967,1.9354991586119397,2.8730236126797575,0.2880911162676079,-0.5346552703473737,2.9978794756883254,1.6348128207412609,2.3318519608257176,-0.4485873058492013,4.855512754825039,2.9644266052344204,2.644222940239352,1.9393503340376146,2.043781662583236,1.9821805562225778,2.026773196449517,2.0715323217696167,1.5855070649178955,1.4965626880985696,1.6332063599707614,1.0028652435911716,0.43614654896395383,-0.19098316339247992,2.070494062715925,1.7473007872543984,1.4132654537225782,0.001998631619904801,6.107949871537643
7.264049935383826,6.372649794531876,5.50992605723589,3.586975750980132,6.489659225217201,2.869744036699778,1.9651336691813617,1.7185031213986044,1.8344486112294154,0.5690948160023257,0.45340849020191387,0.8325736024259901,1.6024111850022107,2.4450398813450125,1.738178887713014,5.849760022560657,2.551059536211397,1.871389790703741,2.24285129427484,2.909137671801283,2.14358126165888,1.7641215585271848,1.2161400245317113,2.3574721173316915,1.6577491719958215,1.5647989043139776,-0.042599814909155966,-3.3844692983401123,1.1376774351369143,1.2462082803776862,1.8712072015687855,2.0747251473071575,5.233373831501696,7.93280298141358
5.949738522326101,5.444001835462962,5.399521249760971,5.028972162590134,5.518554893472677,3.2326968380227843,2.10551256874934,2.527840603320576,0.3806508164696432,-1.135429581437265,1.5443866624187752,2.8123217291681994,2.246799451211471,1.6250919577104181,2.3548475607686017,5.871134946597184,3.9060585561184804,3.1632037618115745,2.3470617258696147,2.4465645360136343,1.5548253289164413,1.359253293197324,1.0421719956291984,1.530959820794198,2.5816374607290036,1.494107205720417,2.0029589352135964,0.6687164182265442,1.0990258452527557,2.618688916096085,2.9183130306859253,1.5746898789076906,6.365789287208865,5.251939062603541
