script/wind10m.json
{"header": {"parameterCategory": 2, "parameterNumber": 3, "lo1": 3.000054539987559, "la1": 64.9999836372058, "dx": 0.5, "dy": 0.25, "nx": 34, "ny": 52, "refTime": "2025-03-10T08:00:00.000Z"}, "data":
[rows 0 to 23 of 52, columns 0 to 33 of 34]
-9.027700053716952,-10.036074544844524,-9.999667173141033,-9.895568979104695,-8.93486879267712,-9.140880642978969,-9.836634868315063,-8.494146544941037,-9.37670376724871,-8.072791931417731,-3.975392090237164,-6.380475459499713,-5.992039042244971,-4.5701087553684525,-3.7908406449417664,-3.621961901878334,0.4138890695224979,0.13742158448764566,-0.5215261677276843,1.3415834767770758,-2.6089980256079834,0.3857624365415399,0.5951012027928271,-3.687962324669879,0.11202235134181371,0.572726530609923,-1.1483323791426792,-1.7770431588333415,-0.5713006921430253,-1.4112072806796225,-1.6869818201187072,-0.6560945238028164,-1.2225923237582552,-0.917428416510653
-10.141364470296251,-10.158592982559707,-10.28520428660991,-9.971923844868742,-10.213339744062162,-10.062852524573817,-9.447844414606832,-11.298058074996089,-7.278063546050001,-2.78962684235965,-4.557122277520256,-5.421455655580998,-4.821408708676037,-5.19244628232427,-4.470740852768749,-1.6607373246700232,-0.4923508519990354,0.21559280687880514,1.0454045217062091,-0.43724998477166616,-0.6525939817012496,-0.8553757934123114,-1.4209444537663476,-0.503562227108539,0.22985674002900675,0.4982631681488992,-1.6023385686525642,-1.7324346073274997,-2.5124663981414637,-1.8351886306714664,-1.7468980427179261,-1.2420489760749394,-1.1971756434283891,-1.4357412709475181
-11.403811060564063,-10.803289593979274,-11.253827499270848,-11.542961505685176,-10.148442869542643,-9.380287627002541,-9.637376216457913,-9.758110400283394,-3.2544539634366356,-4.35177519951154,-4.85625904495212,-5.361146582348096,-5.776363644098429,-4.1816883415681785,-2.9068438709164357,-0.029014563344631605,0.9023376850700204,0.7242840639213171,-1.434564893678104,-1.4119467523155433,-1.9838284975632334,-1.6285491820487399,-0.8556750310887394,-1.0466620026977425,-1.829292895982856,-1.6274278737511805,-1.5388505749386867,-2.1256111276765455,-2.0094854849006523,-2.2173117360479826,-2.20201621110283,-1.6681147113190176,-1.4896213776140275,-1.1727613631970886
-12.045021117597875,-11.370076679851882,-11.675737986565437,-10.010886215850466,-4.873186381919869,-8.41781576273399,-7.978661819364017,-5.203730187343973,-4.867302152380256,-5.237962814956447,-5.370417899655445,-5.559906544674105,-5.525233755548616,-4.281324257697139,-1.335574864506691,0.9517745374352771,-0.3431843510175194,-1.00791069613994,-1.6420900529151878,-0.7335856454025622,0.5682946623315215,-1.2044273680717135,-3.2266261234733156,-0.4710638490463085,-1.305708135459858,-1.5437463612642413,-1.3707295937501167,-1.8358849155669366,-2.121656449854762,-1.764575637747436,-1.9495430850206192,-1.95738145664137,-2.04647012384505,-1.9992541218773394
-12.190764443163397,-11.770783832065096,-12.673658257496689,-7.861443192616306,-7.472950145993513,-8.079543211200065,-6.000850270169669,-5.787813356622005,-5.869568576837824,-5.513590895841988,-5.6565257915087965,-5.951614139774737,-3.7337795909122478,-2.7002997600441616,-1.037746348624631,-0.5921290752640785,-2.120348449269182,-1.312136855551469,-2.468945749178748,-1.3079733493783483,-0.9873275055777241,-0.5652677753384053,-0.7659964292651227,-2.161351360843902,-1.9665975563264504,-1.7590196944212524,-2.0191485968915224,-1.8905742958556144,-1.952871489817719,-1.2938620470171722,-1.8646327914285918,-2.28682733043891,-1.9332644719276928,-2.0078884697699038
-12.453733530213707,-13.268925959252389,-8.19957220227744,-7.5187658347427915,-7.500046995846192,-7.338940873081616,-6.597404642450703,-6.318310371107517,-6.25204491222463,-6.091425374182322,-5.723915544789904,-4.1989137522395374,-2.039137172150793,-2.343081003288442,-1.125197985418727,-0.8193117547799468,-2.9640965524147687,-0.4866885289004927,-1.3112610341503987,-1.3072888330181591,-0.961794168042487,-1.3930170259496402,-1.4083373698708161,-1.531789940556188,-1.611135769743993,-1.924248319265268,-1.5471412152762476,-1.4480530602144792,-1.9398938749912935,-2.0426145378865908,-1.9875070261462187,-1.8278617723883626,-1.6441004967605848,-2.117518019616406
-12.974315863998045,-12.884572345185275,-9.826938346240176,-6.801428016784376,-7.230791523548015,-7.25631841747933,-7.170256100953893,-6.790650910954081,-6.198952885814624,-6.502329183120409,-1.1858609707340884,-1.5893010276832262,-1.7116057195967345,-2.1367313064418565,-1.8796415817863412,-3.5849169575201634,-1.8154489504155498,0.04885549511630617,-0.4679040254884616,-1.0669505919643316,-1.0760901688576825,-0.8066758689726695,-1.2930401378096967,-1.68644733285809,-1.9543277195281281,-1.6846825514759023,-1.683600478855603,-1.4739401933444827,-1.2992421360472586,-1.4340033965803012,-1.4253923637634787,-1.687252106291117,-1.9625246073572793,-3.844212305614212
-13.294020846667706,-13.176741885885516,-9.634286620723191,-8.125390267495016,-7.445449802871137,-7.589739087011178,-7.462782974704614,-7.563369348994534,-6.2277014896187595,-2.5443674695846736,-2.5691886895475955,0.23152647272096014,-0.5567353614908315,-4.5998905989537375,0.25061351001568527,-0.6416368592405874,-0.1258664006691277,-2.4004175909906307,-1.9333378288135972,-1.3433090626194133,-0.6893557730914848,-1.102758143769147,-1.3158119248839184,-2.0498715736824678,-1.1926111004610755,-1.6499280260656386,-1.6773434051351768,-2.0140913015534037,-1.2548091189604618,-1.3552433973566813,-1.9683857967254395,-1.2651022849878801,-2.214320912655552,-7.268057660569521
-13.07829067961772,-12.852692401501672,-10.208888913781,-8.940389475734827,-8.459449855327936,-7.928830632550738,-7.62295364381684,-5.744044447397524,-3.863016566851921,-0.0661881892829246,-1.6554621320681047,-0.3480391269076154,-0.49176601252992824,-1.6360147058983014,-2.142178574731954,-1.3989210528296616,-4.9914078411410125,-1.9843850524092521,-2.7214361140683425,-0.13694133758456958,-2.532399056513265,-3.144749627550123,-2.039134504781228,-1.3203760719051523,-1.587087312861218,-1.6522641968887266,-1.6476369946567715,-1.0208637501101763,-1.703227605047167,-1.3019853362506537,-1.7707136712511704,-3.821891403489219,-7.284384125784693,-7.626594810686749
-13.676265519871947,-12.457959557202665,-10.356232594673678,-9.633428449117167,-9.195372216875612,-8.94151106690376,-7.222594784468676,-4.48815627729194,-2.567306275107858,-1.1950863224692658,-1.1891575833115813,-2.3191634745784477,-3.2504328357413064,-3.503614291662613,-2.8642938949175907,-4.41015047466896,-3.071702323518458,-2.8168210034751895,-0.31886229074093775,-1.6173727491459042,-3.3900528574194486,-1.099844354447799,-1.9854179997832782,-1.6698012384506264,-1.5551413148180913,-1.7198263655052168,-1.4409137465126247,-2.3827942266207827,-2.0142961079403765,-1.9929436459267633,-2.827643455004785,-7.830899811281582,-7.932693097912141,-6.318862615924537
-13.828728170376552,-11.63581482242833,-10.866146667591858,-10.566086454436466,-10.254944125019179,-9.025549682600548,-5.945790758857797,-1.9760260955959053,-5.490185482012061,-1.5707902615077374,-3.3695939110144852,-2.554926712000538,-0.20812854951216161,-3.739364348019358,-6.015135748778858,-5.054466791124841,-2.4915262944674375,-1.003146672259928,-4.70450507944778,-1.478022585088936,-2.0284987138721897,-1.9143848419128313,-3.0464943999364356,-1.491282756600445,-2.005662839117728,-1.009211581376133,-0.48604683393003184,-2.277388495633602,-1.6212963530507765,-2.509598243749791,-6.889403968594605,-8.691470544173827,-6.645098041190943,-5.524849097702979
-12.638179791754789,-11.96206913400784,-11.727752779431722,-11.569933117425066,-11.15599381678408,-5.414062240060031,-7.995584951343581,-4.570581718739361,-2.4893054290732324,-6.549487048534169,-0.3287412756683483,-8.923876020859243,-6.23888490459848,-3.8297731609729917,-5.814443969530012,-2.921165983045457,-2.23535364667633,-4.73953428442752,-3.831972717187061,-2.5264007455837625,-2.1615575956471367,-1.637867574862375,-1.3105310845997877,-1.9731911385557677,-1.6777796132492928,-1.4123478877088884,-1.878090086522689,-2.0497266985823206,-1.9392862620769578,-3.317276132178817,-9.07186291518929,-7.626197201056828,-6.422605590191364,-5.7401732607633775
-12.563166005063337,-12.698759597882804,-12.779601021616525,-12.884559093662274,-7.326703362930175,-3.8741057393253597,-5.501530686937301,-6.689857223467619,-1.4310119051850647,0.0347367339761747,-7.187842960159597,-7.162764545269431,-5.846088319812309,-3.571050740268744,-3.7329997941155146,-3.4565104822205326,-2.9640316373253315,-3.1707501233640296,-1.8998364048873255,-2.9426928747653665,-1.958589631668533,-1.5670081085133238,-1.8778596468651227,-1.4709178092070596,-1.9807426931844685,-1.3125328826556304,-1.3285743887352142,-1.9317516315847563,-1.988447034334361,-8.205085735752046,-8.85124040330026,-6.9552459522631755,-6.054889153617417,-5.871170689595492
-12.874779352584046,-13.558159731848844,-13.79514706683942,-13.516136187617436,-5.8242294821372464,-9.619526804757403,-7.192310559588176,-4.146142933411613,0.8748694848563643,-4.998163172243701,-3.578136049018353,-2.9790520497306656,-1.9993076075697966,0.08587314636721732,-8.225373532070778,-1.8155344553872141,-3.8075957956981163,-3.3330579058370913,-3.579396905942199,-1.1870178498550619,-0.8315152834828172,-3.0766074540230712,-1.6268661441112569,-1.731495464813002,-1.5378522272127453,-2.107312557253906,-1.4728438461536257,-1.3980641093705346,-1.9741633397274139,-8.934493029208884,-7.476179493990507,-6.736509451871718,-6.2552660796425545,-5.945763603464978
-13.912875194538902,-14.487977756052942,-15.09062390061132,-16.587096164781343,-4.807849749947955,-3.200955154300807,-0.6309335610686205,-0.8751049815754323,-8.660254146652832,-5.5482466198817715,-0.9679256669252283,-4.603204034258217,-3.1515454268612095,-1.307716553739442,-1.9941409450591436,-4.90498345968803,-2.8145553322990233,-1.409767333631909,-2.163272663920235,-2.0735688926579456,-2.150120655852325,-1.1934745539684106,-1.8043009907787788,-1.8100172050068282,-1.746346131812599,-1.6302638218043575,-1.4409036371135941,-1.7003107217979931,-2.015660924916573,-8.698237609535546,-7.258083097709734,-6.6712731100777924,-6.439971077435119,-6.120920550913724
-14.766753480845413,-15.595033671474171,-16.98921949389134,-17.443440398149313,-4.861259935608649,-3.3510985311199684,-2.181357318676504,0.8829543988066312,-0.2100687713490561,-4.411161460991781,2.1255264053118843,-2.8642826806277877,-6.72079402400392,-4.669036831444022,-0.5155122403809507,-3.248513514091293,-4.8132965614870935,-1.043610424080327,-1.108358535886746,-1.4773773422701943,-2.223436632363015,-1.603212271125545,-0.3359715300007164,-1.467338519527372,-1.9925391912883146,-1.5888908979406884,-1.4752766596272602,-0.8628410507199156,-2.460043366085663,-7.371735405765875,-6.757480547651826,-6.405035322978058,-6.058707526446242,-6.702091277456381
-15.633127838126013,-16.520959256902913,-18.746652077014396,-16.008802576364097,-6.214772334394864,-0.7637435531647093,-3.030990589983507,-0.7602923413023734,-4.379712114831705,-1.041600292648169,3.3755749306861005,-5.5945498780276814,-1.4060184118739656,-1.1219456456606856,-1.198479103339897,-0.8283758144911275,-2.5697660743569797,-1.9200125609695773,-2.1698815337454556,-2.1232130769792645,-1.0829313623017838,-1.6865373443181588,-1.4016410459221802,-1.4354510861126244,-1.6387567408037675,-1.4935397023244614,-1.8001926874398702,-1.99225800357986,-2.3858185204501945,-7.201350284090058,-6.437601944245869,-6.267776768480303,-6.644953644611485,-6.2511311522254625
-16.127397800924328,-17.84224349039877,-17.86636274037697,-14.98960847585525,-4.081640049016743,-0.8015194057480878,0.8592415031855378,-0.3246116536606686,2.217397235466136,1.8809285178125796,3.0382052389181546,-5.010136366865483,-3.055841284426232,-1.7032893808179743,-1.7981448639384727,-1.719694411155728,-1.1266112250774818,-1.7703119069401707,-1.9376284094818739,-1.2166642337252502,-1.609000474661767,-0.8478533863035966,-1.4589933688840115,-2.0341952677994364,-1.1678252458851135,-1.242142152381734,-0.8120897902542634,-1.8179926846833112,-2.028223370484992,-7.058772286224765,-6.813880773574178,-7.355999009696688,-6.019530125247298,-4.45847088978404
-16.738553666744878,-18.084356069859567,-16.482950345942974,-13.35496068465419,-3.584565154804832,-0.9948637021083602,3.0918333894603283,0.7237163742433635,-0.3855484405363454,2.430193618995196,0.47581325511855377,-1.3200512627911551,-0.8648906251071878,-2.17916171711279,-1.4679169156964142,-2.8231249193929076,-1.8715340997606797,-1.3346570305997216,-2.397653584507654,-1.106541113747747,-1.2214765007300383,-1.7058583787274182,-1.159985491667404,-1.1222950490798131,-1.2644248380230685,-1.3111223363604942,-1.6436510570674963,-1.724357814371307,-2.066653494577851,-3.310600078677385,-3.26988766795761,-4.919966588399459,-4.242533514564055,-2.8194765543863287
-17.138131962750055,-17.39559083429292,-15.349606969088493,-12.526591660739332,-2.6269576299611175,-1.0103751231146465,-1.6376418552671201,3.802512404481366,4.02274690829204,1.3149284573092384,2.156225149478621,-0.20265139864030185,0.3313779651827157,-0.8226160173072922,-3.0883577811665397,-1.0522671271164803,-2.236271338183595,-0.8388387926183265,-2.592052591146155,-0.9640165983479538,-2.2150372434323757,-1.5855415657716048,-1.8450853666551015,-1.3118302366793846,-0.8444877426666104,-1.6387411518693256,-2.1816516152176555,-2.4616199015970164,-2.4164566298535117,-2.3277419992414234,-2.216841804469229,-1.631814526464575,-3.514407233735013,-1.0123601321780817
-17.358313981286724,-16.2590589159644,-13.395576155900002,-10.783171637012346,-5.751434124647398,-1.3664259801305298,0.181722482177062,2.517257461177146,3.01608246998052,1.2842792332633883,1.134124798637817,-0.5714067842106222,-0.504289034888932,-1.1928334874182331,-0.06380929640868988,-2.2985646799754833,-2.749219241818077,-0.9331233122282381,-1.7031293054429362,-1.0956661434285655,-1.4726318169021897,-1.6173991080276449,-0.9540800003658455,-1.2894040331178414,-1.9491750075041816,-1.536251441899728,-1.385405038783597,-1.6305992954815007,-1.4977536068497,-2.5288742296921733,-2.2352096392332106,-1.4473802664057647,-4.920697765913107,-3.2863801692712453
-16.386287099563535,-14.47485403652998,-11.976159351102574,-10.472439644412392,3.6475053032183835,1.0806880045217881,-0.9385757130905004,-0.7000737103743195,0.8094326209968987,-0.18366601340520813,-1.4159253982409918,-1.4058253535389926,0.169525943910784,-1.6439751957206719,0.9201498820985233,-2.6407169299138236,-1.5358453776795065,-0.9000155918547833,-1.3671079221763198,-1.6660060300606505,-1.8205040263918804,-1.4330831496471284,-1.0506689327735317,-1.1193332646943488,-1.2505609901436134,-1.7622078831517276,-1.4525484908314916,-2.0595909927586415,-2.050104294578929,-2.4594799665025238,-1.6177323097080691,-1.7000694471732043,-1.4105823994356745,-2.1845596121302875
-15.055456342962735,-12.583742340669145,-11.251029288207782,-6.660097611596395,3.880165639824223,1.4182176197609175,1.4437409264218535,-1.3820660025161355,0.4530306824113359,-2.382483579430379,0.31922084247574045,-1.65076180037419,-1.3843892352008005,-1.5329559153344972,-2.714062437181315,-1.5433235487651629,-1.5854417875182834,-1.0310380577240585,-1.3885973890297043,-1.6616750119847383,-1.816056222279711,-0.9858665692512996,-1.245401794683015,-1.3024899525724325,-1.248699444167192,-1.7926327176360701,-2.083661625193172,-2.621333996111287,-1.9008653240660836,-1.5031985931944667,-1.2287461522629832,-1.4823604483640547,-0.8492155230580284,-0.4484359406229458
-13.607878665370448,-12.49256945250574,-9.178903326322173,-5.529967523950273,2.8497435261840693,0.8166267541618137,-0.16215334641976428,2.181834097187761,-2.0175143106959195,-1.002202694615974,-0.3866126941236369,0.6157777278720428,0.34440047826813824,0.44888475907779823,-1.9426911205989181,-4.748138142825947,-1.7660755906060075,-1.278887745766654,-0.4212075012582349,-1.2532813584800355,-0.9599046812102954,-2.5320797798892714,-0.6357527466985102,-0.4337236899606943,-2.992490279824361,-1.7466713492403327,-3.137782683444281,-1.6507341999648317,-1.3722286262789467,-1.7426206473333063,0.10640937758628939,-0.5110177767875049,-0.6012022908087293,-2.552278631472976
