script/wind50m.json
{"header": {"parameterCategory": 2, "parameterNumber": 2, "lo1": 6.000198445256149, "la1": 58.999992894266676, "dx": 0.5, "dy": 0.25, "nx": 22, "ny": 24, "refTime": "2024-04-03T10:00:00.000Z"}, "data":
[rows 0 to 23 of 24, columns 0 to 21 of 22]
4.850139016980232,1.9956231617417977,-1.1190383989742343,-3.614073295775746,-4.244370499372847,-2.7097990805566523,0.14805915942571732,2.801923564100392,-10.15120220937619,-1.191414811031724,-0.6968087264494728,-3.7455307472043864,-1.2413629495956044,-4.716736983928771,0.6843070141519211,-1.881512620498339,-4.716924231523485,-5.659576009115712,-11.30595941722837,-12.678450079763087,-9.502254090902978,-5.532821370885798
5.126443386238665,1.831685146041693,0.636851330241544,-3.7107128692094364,-4.063886407777304,-7.120158743377181,-4.156922909331576,-4.959882710698124,-0.22583572291653,-1.211894131233856,-8.609281919806948,-1.094103419829793,0.941187836640514,-2.8829088869392345,1.163063403888963,-4.111179112004711,-5.248168629293413,-9.689722715119474,0.2166252760262107,-1.1567608319099916,-1.4872003631992488,-4.718566398358655
3.694742848469178,3.6094568609445954,0.6296657461375247,-2.310857377164711,-2.225628098090038,3.8121713173163996,-9.090306877966155,2.00794125632616,-9.092930447728056,-8.071300779268775,-1.4494726638551645,1.8998861439888628,-5.837646527373451,-3.8792255614270688,1.471554090610471,-2.6774589922662213,-4.942983110093388,-0.8143968224239866,-3.807794816388538,-6.48624609213061,-4.481699093200837,-8.179289610062224
3.3420351612349046,3.3561610061519294,0.36708775772010926,-2.2030439969701834,1.4110126120975808,0.12446656474226706,-1.2481301324329772,-1.0161999486471696,0.10457034558765169,1.1238772111765023,3.2215677036244914,-7.622690598670181,-3.278852826099227,-2.4798435652477986,-4.998926076285623,-2.918451704520498,-6.730623445674979,-0.8002235788070435,-5.79457025197045,-12.408628657059817,-13.376422649771953,-3.3180332219887796
3.1941058553888952,4.510022917262533,-0.13519387780247918,2.171718155603098,1.1949437783519012,-1.6868237250731004,-4.261532127471268,-9.011019463544534,-8.5165715436786,-6.280732250690457,-6.859930701886631,-2.431161738528788,0.8581938764553634,1.8355464230128102,-4.379546516034258,-2.4301604133262877,-9.361022570236127,-2.9531571028895547,-9.867939005110529,0.6647345374598651,-5.544673244567414,-4.189427996514286
3.4231726639955187,-2.5592672435655257,-0.13416342910098866,1.6681016980224892,1.0100454933506824,-3.60732619527877,-9.445992244488913,2.738764470378278,-1.2658647981930977,-0.7411330915455743,0.10477353361900041,-1.3071800831117124,0.769259830087058,-8.425667008520655,-4.283792604268505,-2.6228015498168724,2.1617556266120235,-5.84975405818442,1.4715256437427644,-4.2390871324388035,-11.529802486989473,-3.9206087149279467
5.67620715549968,3.6627348853018775,-0.16179762126785063,0.598794675218471,-4.4566611208686,3.078135711840574,-0.4622895195544792,-4.690603855363609,-8.331065557808973,-8.988320395875595,4.019521246517722,-9.352685182657366,-9.308351473007368,-5.056513786204698,-4.809197620480188,-2.2258264761018194,0.5744680502276369,-8.95498272614454,-1.8974837144450352,-9.559908680375727,-0.7870713069144342,-5.920030048423166
4.103300762194445,3.804049633369491,-0.3299096988186683,0.7926199866077467,-4.0539842979461955,0.01735459675297919,-4.466061454200648,-9.092081546004236,-1.4849641331035943,-2.2914887960159076,-1.2482428414955917,-3.9498649846883005,-6.203163042875681,-3.899590646671939,-5.037489127051588,-2.7027046723135246,-0.8727266716564391,-9.104061507461262,-5.997519946806778,0.14382310698987052,-4.220061167532959,-5.160731595436606
4.278860671370452,4.798554680613698,-0.8149407116767386,-0.5776911993617341,2.394788676785671,-2.077654355158668,-9.339110962675353,-1.471906350650819,-8.071089303630854,4.241981556449962,2.923618889202817,-1.4990749516087376,-1.6461619791161815,-3.6547053357974053,-5.158225352111241,-2.8933929721237273,-0.930946482242597,-9.352910832972906,-8.440499453893493,-4.253765403971111,-15.10141787539815,-6.664951338208504
3.8771450040790403,-1.1856022344691204,-2.0292418562118804,-1.1798714585058527,1.8228065460454257,-6.838796305887696,0.0505933171189782,-5.007000681050017,2.308105299151303,-2.5052353664577636,-7.874877571547298,1.4590768398125797,-1.133574669572625,-3.5228174528785425,-1.997083912329529,-2.3758894443125347,-2.2793354974636606,0.24732001816499544,-11.532223240111847,-6.107187003995923,-1.7675961668554572,-5.582746652308505
4.744077240227173,-2.6372753208485107,-2.86033290473469,-3.9713665275033216,0.579079221808722,0.4750887381636984,-4.268804692838482,0.8551724661327285,-8.222502500950025,0.9214056876737092,-0.03243946795719637,-8.855301421123194,1.1974718809646065,-2.3738074310455026,-2.1414855919229807,-2.2667475815356948,-3.119808387897273,-3.5703629826435765,-1.142781404019671,-12.64236252995596,-5.913048905473507,-5.715844039873326
4.0970611803180885,-2.393064766346987,-3.479799574343817,-4.055066432678791,-2.9117419569106966,0.43491226457876264,-8.907085145776886,-3.03735034634486,2.3379126930992324,-1.2065800896192995,3.15687111359876,-1.280549893765738,-8.24014344313757,2.0787035950158934,-1.8688605879231295,-0.6684552963134269,-5.110538956492959,-2.782456194751766,-5.203484206374134,-2.828156584524443,0.2683734036612463,-4.532528526399013
3.341144474446085,-1.157938748236819,-4.161886340061992,-1.8441908487977685,-6.585001826043732,-2.098913573876597,-0.3048756420454805,-10.21994279118592,-3.830308462412259,3.532671908962903,-7.723958939186047,1.3152982785343224,-4.375278618755866,-8.69295742639216,-1.055544118559416,-4.1191794805790245,-4.4572629833298505,-9.509187344590158,-6.438369802403674,-8.121376529113114,-4.468779824958661,-6.1511095638726685
4.502238062158155,-1.2464109832818908,-3.665079458994256,-1.5520189296357532,-2.160748573465431,-7.406209012544015,-3.791404650180477,-0.7073197990410275,2.6160736851448725,-6.361594291181411,0.17556233842780145,-9.103017164766484,-1.2976601201082272,-5.160732038620047,-0.7691916503522277,-2.5077734382200636,-4.410866041722937,-9.674469131546969,-11.177504545505977,-12.507528857613249,-10.408027441471464,-4.738101438283872
6.050898759020043,0.1136920224364252,-0.9851335516980929,2.230950324007993,1.8038110550408375,-0.10484251135610143,-8.269572150989955,-8.869157203984505,-4.285242207811325,-0.78281772625163,3.258420099907173,-4.035189337632079,1.2625060456534056,-4.624204277244119,-1.0355157805908248,-2.4984531698096695,-5.57409869450752,1.7767754107120053,-0.46772738533414576,-1.6593112926051128,-1.7475418602751662,-3.6696617919714374
3.629398756924687,0.4706727569011442,0.2947267507573363,1.3499700304490343,1.0902273855277376,-0.41213437729942715,-1.8292665827744912,-1.4823640965527705,2.2618505736714765,-9.175544473911184,-1.3062510644444314,-1.4981163036818455,-8.982874780851771,-3.3369014358610825,-0.45676290378972617,-3.8122950149900494,-8.767742746203794,-1.0461283514638149,-4.922542731456119,-5.884737556834228,-7.406505373035128,-8.32452971088186
5.396277912627031,-1.889868096697993,-0.4710849899369831,0.6055208854136378,-3.4019768508140515,-3.1173651778561595,-7.081170049473571,-6.0009277012930395,-5.209079222010843,-0.6574253437805014,-0.650827691068791,1.5194939227029869,-4.530909989322617,-4.493903082981103,1.6409762688535339,-5.149668690675851,1.6689428280513765,-2.638833869820261,-5.7529255400023445,-12.894687526464878,-0.33311830610588,-3.487510150265976
4.950033677666406,-2.41308715542221,-1.4701738668408486,-0.6881542052542929,-4.12479588485802,0.8326608052780667,-8.591680942355511,0.033510819998908384,-0.1768220298657688,4.18265858302137,-9.567650483161103,-9.089427635726153,-3.3721971047685986,-3.612018518178231,1.4709385320553194,-5.07816610912034,-9.483148892229439,-4.1557503198285,-10.866646165402303,-0.7699417341889131,-4.13503113603242,-8.48214533364738
3.256811450703772,-2.678774538712756,3.4485794356517196,-3.8790882556272814,2.42908871630141,-0.1623625504805422,-1.3497043662247001,-5.021908476569856,-5.053778951936759,-6.259971693970705,-2.247376237502104,-1.4742640927741189,-1.5051741410436812,1.3938789651869243,-8.157549835367464,-4.772937394758275,-0.04070826999252673,-7.402316903924295,-0.2730904621294647,-6.952241240264379,-11.498692044356158,-3.9496050757008647
3.46416172586253,-2.288988502237778,3.0368415901703867,-4.0751503544411705,1.4562861409462509,-1.9845379720533776,-3.984742951869706,-8.784853708181991,-0.6713118316729256,-1.086828210158839,-1.6203430279011581,0.05527263711909336,-1.027120970189462,1.4416569300896303,-7.212681125504155,-5.671179551447845,-3.428597863002872,-8.533616594924538,-4.178192779490797,-12.722675281283488,-2.4140164118199405,-6.459344594663754
5.160156638959059,-2.061047389194704,2.2542674928347477,-2.485200330041782,0.4037361989138906,-2.6581395887311277,-8.786349080722296,-1.3338086710193466,-7.0882312123864315,-9.619658019856697,-9.407357482911472,-9.400474068148382,-8.84643517091328,-9.481132699412479,-4.277298877497525,-4.571830198006748,-3.022100094060933,1.7061549861155207,-8.797693206411637,-0.7243760752289208,-8.99133081987024,-3.12467530075125
3.951709764539329,-1.1952907022142347,2.989870123841349,-0.943156925175923,-4.9211681844614725,1.2092525489463606,-1.272362081044203,-6.573642053599437,2.3926952204782874,-1.7110329059612126,-3.1719368298388,-5.286452400190067,-4.579628486913022,-7.53908901518649,-4.289509356229223,-4.4169430371590375,-4.863397999869838,0.21820098690591547,-10.85807670009851,-5.268525461883743,-13.580514253686006,-7.812884019393106
4.893721816055972,-0.7334923921838026,0.2135866134072746,1.6363776215103882,-3.4772889001582725,-1.2139276535474857,-5.755810884841744,-0.0635397362559585,-4.0953287694532605,-9.508178080317691,-0.6067170452371795,-1.19684368795295,-3.4260140088152045,-4.962319433073218,-4.297875217414935,-5.868298714842006,-4.717623860613629,-3.4197488542725587,-0.3406030494932634,-11.544283583348273,-5.398343327994402,-3.416442597762898
3.318901644006017,-1.1977112680782274,-2.3258124875015747,0.25143351895217875,1.0094883929845322,-2.1858639446857686,1.9685149232802153,-4.62658807553111,2.658495375371728,-0.5779606136477935,3.6732008437294854,-0.4421070943620241,-1.4163035051036954,-4.50212483741288,-4.453870807569014,-8.05453458002285,-4.6169698218221065,-5.604015991829015,-4.201411055716688,-0.888478872321472,-13.226450534842192,-4.614687733275976
