script/wind450m.json
{"header": {"parameterCategory": 2, "parameterNumber": 3, "lo1": 3.000054539987559, "la1": 64.9999836372058, "dx": 0.5, "dy": 0.25, "nx": 34, "ny": 52, "refTime": "2026-04-26T19:00:00.000Z"}, "data":
[rows 0 to 23 of 52, columns 0 to 33 of 34]
0.6265092168299189,-0.37157253946388835,-1.168041431472366,-1.8638388299439292,-2.531726177460118,-3.121768962589508,-3.7630284498608475,-4.427647741337467,-4.979380572077851,-5.847770497626988,-6.4321179945057345,-7.031618597197379,-7.7048556306411555,-7.7179361961966695,-7.676827374962046,-7.587759232949889,-7.35925808215038,-6.94325708743727,-7.288872390569995,-8.676799568888002,-9.856138800501325,-10.66649990173643,-9.206293397763792,-12.253664580783934,-10.468019804291206,-8.96990356663964,-9.649009563180934,-10.064913309920163,-9.420422767715966,-8.482595197069255,-9.684549064201665,-9.671621199602045,-11.003895490898598,-10.923536224974383
0.6676611359894143,-0.17379346129788814,-1.0734476294106987,-1.6035336422628783,-2.3274094444726763,-2.9372085981086493,-3.630818240853882,-4.222358249282655,-4.879252323947012,-5.449062021642207,-6.082285240752398,-6.4317304639488375,-7.247387754151985,-7.147215371907107,-7.374282315914716,-7.297853463377029,-7.051232373370997,-6.658205346387819,-6.566758480044353,-8.641105684324598,-7.964944570311745,-9.321252316098018,-10.357382035954215,-12.007763676274607,-8.706103739027318,-9.687690649969458,-8.652465114919913,-8.285757724098495,-8.409959980697558,-10.633508202787992,-10.07867031183996,-10.01293587167368,-10.472282778923832,-10.85056054626237
0.8276819282805437,-0.09232561455558998,-0.8182877312761939,-1.5190679014662392,-2.0879816710696013,-2.7711308954291347,-3.510450997308552,-4.1873422125365,-4.6611845083076195,-5.157281097449323,-5.7839773188454,-6.406840746147272,-6.710422950161826,-6.988912980946894,-7.195055387938488,-6.8851320704100605,-6.659904971143422,-6.653267573763272,-5.643674344029154,-7.325990055301623,-8.479582069008634,-9.64188525396083,-6.5744400597917565,-10.628200151356262,-10.135002126379256,-7.126504165653729,-7.796216133759798,-8.84278677277242,-8.559227569594624,-9.41883639929328,-9.656009362495555,-9.599784390922313,-11.157329079732655,-11.620134389429689
1.0845031809954375,-0.021776778217443088,-0.8864307999069259,-1.408587341502886,-2.0603183387862196,-2.7442673334421395,-3.4220282157673125,-4.103795709031868,-4.583692038578489,-4.9595370058952355,-5.141214797802706,-5.845549357605983,-6.3726709865441435,-6.695337738744994,-6.78465874693813,-7.324510113652045,-7.789860025545638,-7.656859674837052,-8.547855574951154,-3.871843962828243,-8.350003367624394,-10.343017588079807,-9.953475307159858,-9.611781696232287,-7.861248950424031,-8.28471195696346,-9.287319245130659,-8.506533598105708,-8.511560255261406,-9.171631586518592,-10.81659373759742,-10.760757694389035,-11.571488340597984,-11.428466267983278
0.9112450178461248,-0.1484438669985273,-0.8781213216966257,-1.5024566903558723,-2.0805317415395206,-2.6809142013912073,-3.37712389454889,-3.9254304322565376,-4.455032313860602,-4.766844111420998,-5.006374227569271,-5.9760038999759235,-5.6574841681815995,-6.296762065123333,-6.542604757258806,-7.1134926823032005,-9.158876397066887,-6.000761007771714,-6.066758577090307,-8.698190953956095,-10.138242160663193,-11.200891190773584,-9.62892592423648,-9.891245042772772,-9.562363369497168,-10.164229061457183,-9.579680194711345,-8.85566066212308,-9.634700602750476,-9.095304585310398,-9.913667246176539,-10.745720333008375,-11.721380732019458,-12.047591618212042
0.7513613482683122,-0.1617254598022088,-0.9975695634411765,-1.5332634287614997,-2.1154251913071818,-2.6644074692698165,-3.242871307112469,-3.5667212829327295,-4.0591867727738675,-4.17881348566712,-4.080603134448968,-4.008801840657623,-4.458652749074459,-5.594344474750638,-6.028114768624204,-7.027889731605651,-6.789511190909782,-4.036902622222229,-8.453797612912311,-7.697210330505789,-8.614078926361502,-10.437954706031626,-12.649160031174867,-10.418484202423432,-8.241486602833662,-10.059610112097213,-9.647793289482705,-10.527415450950885,-9.972513384453334,-11.09062426525193,-11.053487909063639,-11.036619783802225,-11.435482957859746,-11.546518217055151
0.6856219552529966,0.008658965445992609,-0.8642329119872553,-1.4296579295106058,-2.161307886164701,-2.7034164759595827,-3.070613809780491,-3.1952851297419738,-3.6490550581502745,-3.2125315676149273,-3.270068777987246,-3.5475285474935063,-3.6355037518300493,-5.687789837410036,-6.136679143257595,-5.6413801777978,-6.266390750181408,-6.647564588576107,-9.208175635342432,-9.427281982783057,-9.101439415557156,-7.762443195466644,-9.086676650129306,-9.225488059243759,-10.485014499130664,-9.680718978987313,-10.498944488843158,-9.441420877319509,-10.209257381607864,-9.8839971941554,-10.497082245869228,-10.692325819940944,-11.466883349267126,-12.182797291108793
0.4363449586309792,0.037709594527152945,-0.8054650660978332,-1.383481657654393,-2.0689157933146176,-2.7175043690129113,-3.0384679020158942,-3.1413505570397398,-3.0775522149172803,-3.779730595232757,-3.0144716663327986,-2.3333498716235597,-3.8260746833882737,-7.192316169578852,-4.904914347729898,-5.879561281360556,-5.270227433624711,-8.18021279666662,-11.23130284843651,-9.122443119207194,-10.205663750384472,-9.029905777993761,-9.012718911233108,-9.646651692552211,-9.799747569144152,-10.3176993598423,-10.704300502729266,-12.115068698653733,-10.794720820804352,-10.54703727284942,-11.696830064554353,-11.315411972721291,-11.167550466991717,-12.176231609996815
0.14361057410970282,-0.02020566699232479,-0.7621838965753145,-1.3878987260363067,-1.7992274676536608,-2.543056969064361,-2.8760545116157643,-2.946241398813366,-2.8857105298930117,-2.3718479489320705,-3.7845475700540274,-3.6743215096181805,-3.5041402966045423,-6.347640407447933,-6.124316337519753,-6.064607087130519,-9.524468692563469,-9.157797578174321,-10.47872345095817,-14.244924199985762,-15.639902941015032,-12.982450840997501,-12.170779102601712,-10.620776519354116,-10.645445945889227,-11.54267911918463,-11.34226049672409,-10.201235827987189,-10.588105202939069,-10.449851637192308,-11.259479890357957,-10.823864228821154,-11.643315898423593,-10.79570741042833
0.18387325697920653,-0.6755434833082306,-0.6945708512128809,-1.3012794824563512,-1.7867140395358045,-2.2895653136403595,-2.618762539062131,-2.695937291307292,-3.3065437413468755,-2.640357092420305,-2.4242841051958637,-2.8476881044892455,-6.616488978463598,-6.897419091507817,-9.400864030211455,-8.541048306988255,-9.498317503533453,-11.332682275642329,-9.79059804885474,-13.457902126295343,-14.26726731594763,-9.610366408557844,-9.965825442548784,-11.768377542364764,-11.265873035106637,-11.560750573401084,-11.43276174827717,-11.982905369334066,-11.7430366821029,-12.557039467910284,-12.044452188806092,-11.859261742643362,-13.317607655361783,-11.805147214873097
0.22439668555051198,-0.5973182788427186,-1.006131393608082,-1.7141792196800572,-2.1538781395606352,-2.9183260258399275,-2.81925640185752,-3.2622228688811767,-3.388545325814647,-2.8425250026624775,-4.653045513572542,-5.91799667128059,-4.777359614213344,-10.15114063162274,-11.923168804305357,-12.001108210209367,-10.828132025586632,-10.3456081907681,-13.345718098419379,-10.209761515732755,-12.145316898351325,-10.19019971620544,-13.098171449697563,-9.908910763662776,-11.38084881176213,-10.42294766982924,-9.843714841205449,-12.140925010378325,-12.014502810201718,-12.115714816004697,-13.167360233624876,-14.032599236728545,-13.980959423088942,-12.04548711421436
0.33957802532497056,-0.8085062945567081,-1.6589504910671249,-2.5299110297294516,-3.27259242683565,-3.781548231834039,-3.8237892316084654,-2.2564250844728027,-3.7573645785381538,-4.3882781022668835,-4.91951283995693,-8.983942963091689,-10.40150063820529,-10.597729934383247,-10.307197236227436,-11.155499268784844,-11.221142041060252,-14.625147648586385,-12.06920410255073,-12.627426993242773,-10.650450124130973,-12.032917385332953,-11.169343629546391,-11.02927790350775,-10.961379893379371,-11.503006010333111,-12.026622051310712,-12.247430303792825,-11.895137143541683,-11.724811369239559,-13.462842230706308,-14.531324109528326,-14.545351064973694,-14.67031116964809
0.013632369911507706,-1.2884857338568882,-2.746869308359477,-3.9779230341043297,-3.9246655267881247,-2.9856300478120548,-3.7276474753660005,-2.243931564335971,-4.525462590789552,-3.9083159236329146,-5.2199062380975025,-9.841392802604338,-10.205764254015778,-7.9451846917015345,-8.851426738244172,-8.056753453150598,-8.935992701750815,-11.451495974544311,-10.609642650135635,-11.440720933585276,-9.886433958924657,-10.375650498529353,-11.485178626739128,-9.497830664790948,-11.443889977109668,-11.572391277187121,-10.485550331515945,-11.739964126992025,-10.846418857620687,-11.886736439680265,-13.99888021850128,-14.35822656753155,-16.56588309316912,-16.014696978777533
-0.13675823605059384,-1.899433546023197,-3.537310440780376,-5.637995914654658,-3.871819913464155,-0.8649223914924193,-4.085925649422886,-2.75288042684425,-0.7909360696623265,-7.322015893824536,-5.860768506843633,-7.0269184754188885,-5.802127812617556,-7.01531930515801,-10.861274908180844,-9.466717735410752,-9.76906978474219,-7.870746912741804,-11.203476852525622,-9.422265942742467,-8.695329128191222,-9.766889321891265,-9.593679731308418,-10.607134456226506,-10.6552589368884,-10.83300283963468,-10.974008951039998,-10.899473429835169,-11.12033198579838,-11.953136899223333,-13.776541125746716,-15.833315965892107,-16.346962984697406,-17.007773129935767
0.06490184921617911,-2.0922628623763626,-4.122459164453671,-6.822212744868561,-3.1387045815830246,-2.0132049693328926,-0.824461800204942,-3.752705004004332,-1.9707299540236705,-3.9551400970724577,-5.772991140590552,-1.3964275305937541,-9.734353928084827,-8.26434802400682,-6.733562027965307,-10.501771743976079,-9.256216907601823,-10.668676820677426,-7.875495624839356,-11.09876539199227,-10.759533125466726,-9.369225100244915,-10.619118732272213,-9.986001921918563,-10.442132469992469,-11.222416780215031,-11.927490442327082,-11.500982245555006,-11.229881650544721,-11.92434961308955,-13.762617232673199,-15.498179072347854,-16.574872916718775,-17.642897218706413
-0.26825304576003495,-2.141296190483087,-4.346775797004654,-6.360585838058576,-6.398872506852539,-2.3719155997906785,-3.9429356114821092,-3.4187376702133903,-1.6350475354243184,-2.7375429236635505,-3.398823916989208,-3.6849021236140187,-7.782139519639602,-10.646844264798531,-6.330118677581536,-9.903060968771818,-8.512208425977038,-6.206806823730067,-8.598480021896963,-8.418407850506489,-10.618468457240429,-10.237940529610473,-8.168350529779984,-10.11217449228871,-9.925803279600618,-10.486975049676854,-9.977243585095332,-10.239281921576225,-10.183374887107604,-13.034096136062248,-13.605073660846514,-15.273866669058048,-16.78722679591377,-17.773284476533522
-0.4096956388055752,-1.9923428940521073,-4.04623806809593,-6.000602108809876,-6.063204506574343,-2.8772092343520628,-3.2259733261887114,-2.1641517196158304,-4.001669105215017,-3.841042648869925,-5.598557292002409,-7.291745733755109,-4.186566021689652,-6.070306839909526,-7.00634041868303,-7.021630319516641,-6.949246686436176,-10.721893662167679,-8.369414158917811,-9.135530064429508,-8.732061916520358,-10.266548744087054,-10.08979974160166,-10.929733213627438,-9.13019972978666,-9.311261309316205,-11.438645411526341,-11.072587591327833,-10.804510363669992,-13.083632748479033,-13.833281841520389,-15.448136299971129,-16.50697012965775,-17.648893354593575
-0.3664364776207072,-2.0904132450593806,-3.839007764434139,-5.764387717856655,-6.327436531363648,-1.105179976597771,-2.9685815443964043,-4.588386849920957,-2.9223025524079365,-5.572149621357948,-6.571446522794926,-7.998761993621424,-4.63609636854942,-5.904415478346177,-6.193435720795064,-5.719439459047331,-5.3240412921717475,-8.536520861459117,-10.027008717531707,-10.928485956620138,-10.729409982683038,-9.864629997959977,-10.212587409677356,-9.499383282487521,-10.035084765798537,-9.165728533346135,-11.05520761119652,-10.440125999851022,-9.444203747422826,-11.49182592318201,-14.175402106652646,-14.496263302807288,-15.717100292887656,-17.906726134964586
-0.0982002592828879,-2.1034600851414322,-3.7415337930966306,-6.031835940633653,-7.176402064335886,-4.548199845307544,-2.2159004230582853,-2.734764254828826,-1.323179737692761,-4.7817438962834755,-1.6294289006574438,-4.40506223022327,-4.971198971685152,-5.540740939531945,-7.5585043576955195,-6.401545321929913,-7.800815601455704,-9.674621568728902,-8.585856138491726,-8.844886773823974,-8.592417105681523,-9.33810897411184,-10.47297979483769,-8.82278603779551,-9.89970650818563,-9.404522033165893,-10.638533076576893,-11.069854998288818,-10.14486746056185,-10.740249387172312,-12.771727998967279,-13.98450313256477,-15.049899085597877,-17.260119307145978
-0.22569846331545934,-1.9621010694522285,-3.841197078002643,-5.799373802591318,-7.035551107477534,-4.723449363227302,-2.6809181369009676,-2.7833696646255874,-5.298535229560114,-5.229357078628481,-5.941773671584557,-5.95921046328794,-6.658870409157144,-3.315815967909045,-9.105649529958233,-6.976821823005664,-8.214860961935612,-7.654387708021207,-8.827866373054862,-7.881032536907945,-8.470791869325419,-8.795731819086095,-9.692905463535888,-9.622885507393844,-8.67250322803919,-9.35228259899083,-8.937546020627396,-10.591985273116846,-10.305859840538387,-10.511032896057332,-11.078632183125283,-15.187555791558543,-16.01458953737265,-17.083181621059946
-0.4523158551819833,-2.109697737294429,-3.657824457402454,-5.994595121767403,-6.935871299794817,-6.461298445806082,-0.9998176824349962,-2.218989103948264,-6.260634875702402,-5.797386494514116,-6.241699266736206,-6.24504020834078,-6.79379668033098,-0.13863972195472837,-7.372345303195644,-5.2932040727674385,-8.121155592004621,-8.1453501925203,-9.542444347637666,-8.764086371299951,-9.479405181176764,-10.43668422839869,-10.479038645841882,-10.00617381724073,-9.88112035714463,-10.48226942002466,-8.49416219969852,-11.784441094667883,-10.114863724004842,-9.455605268982616,-11.713110795631854,-10.436516114701867,-15.708713122436604,-16.721924085298664
-0.09387516491193086,-2.2068251036340176,-3.8704034126181504,-5.869259210291589,-7.484186879708121,-4.961147243746939,-2.4125787371205645,-2.185859598349627,-5.503735664068938,-5.844206746627737,-7.198629886304512,-6.64990427124842,-7.5086215525532625,-7.060179933414468,-2.5285732701686214,-3.2332279664743964,-6.954547754348585,-6.643896828618381,-7.267351712206615,-9.242375331205334,-10.026291683095302,-10.272389701759849,-9.19393513587094,-11.279788406608787,-9.645548434958954,-9.178434169251544,-10.658034430837914,-11.228044457278978,-10.839212042400575,-9.819881434491528,-10.975908388676306,-10.435532504356972,-9.4841467370829,-16.17568250202877
0.02345603546158061,-2.116511704966401,-4.019796170934113,-5.8151374958276945,-7.9872097462335025,-7.477682577211536,-6.379078788255969,-0.0946590108984414,-4.411019823440039,-7.029141217970279,-6.455639846146602,-7.301200400404682,-6.314471385567255,-4.06684683660473,-0.4041821698961989,0.771772901826094,-0.3083012102415894,-2.053457166140631,-1.755185323570048,-8.095632648756217,-8.33628054263343,-9.512963999888125,-9.811921375074773,-9.36770185378128,-9.307910522067276,-9.589451935501765,-9.539546105163582,-9.646134975286124,-10.576360347022199,-10.621343255348453,-10.358292753810804,-8.57302158583265,-9.00644066317093,-11.228923534899938
-0.2798533381083649,-1.848538235300871,-4.0621070021046535,-5.939911067291971,-8.02646430238813,-7.972936105374251,-6.52961739750732,-2.8122341608743864,-6.4659035481885665,-5.490937827049114,-6.9421749126135985,-5.318161687084305,-4.091072539925625,0.3796645757544126,-1.366400928622153,-0.13552913296069205,1.6173268100654017,0.06642774981253464,-1.265689707869363,-3.9642929090449908,-3.717804152555517,-8.196151612521634,-9.583500758071677,-9.103341942671785,-9.047956741125425,-8.988764358185664,-10.350575269082816,-10.463929893339568,-9.433625603624114,-10.213401935760974,-8.889649391520074,-3.9286818405726676,-10.778665818426266,-8.955782180922023
