script/wind10m.json
{"header": {"parameterCategory": 2, "parameterNumber": 2, "lo1": 3.000054539987559, "la1": 64.9999836372058, "dx": 0.5, "dy": 0.25, "nx": 34, "ny": 52, "refTime": "2026-04-14T08:00:00.000Z"}, "data":
[rows 0 to 23 of 52, columns 0 to 33 of 34]
-5.264548086082382,-5.703019505310002,-4.064081625319308,-5.569241869511313,-5.283183503567148,-6.337870800569649,-5.871488226247823,-4.660898813139047,-3.8237399655387327,-2.5000331262417066,-2.3944551910960903,-2.965108375081056,-3.20329784900968,-5.980677069924605,-7.00503123993804,-6.233697436339179,-4.152988734557406,-5.572340965075031,-2.932614398775684,-6.717910694786304,-4.112702927480792,-2.260116382288284,-4.366786406650488,-3.2298131001026458,-1.8926987994023032,-1.035518058445977,-0.8049302004159,-0.3876369251632069,-0.6617948322375622,-0.7187213632236438,-0.8918393972680466,-0.829542960296634,-0.5059015222271377,-0.7414252794773845
-2.4449628151322162,-5.988743342732388,-5.722235438658089,-6.4900500781928345,-6.582973959213737,-6.896822042008895,-5.73615064814874,-3.4142015671953376,-3.6890139466259706,-3.2748517223923486,-3.2691526158844395,-3.749787382112323,-5.479705485680607,-6.040483929311579,-6.183524832242076,-5.641850342345004,-4.806311958271603,-4.039263800055581,-4.896032887027876,-6.002900325934087,-4.6593608345086714,-3.5615340537640474,-1.112699078764496,-4.112124474451463,-1.3410711569527891,-1.184254329042554,-1.0371531094427515,-1.5103390098465217,-0.568760803675018,-0.2935295195914309,-0.7798290980311965,-0.663947226245079,-0.03486134321194351,-1.658292278171023
-4.906987215843047,-5.572355670895614,-7.30059397144589,-6.775318952215354,-6.101172863815543,-5.478516821739829,-4.760183635043173,-3.0664233664152474,-2.7990153762717918,-3.656345890227996,-5.05407303851678,-5.08318733403281,-6.913968184014826,-6.461588372279577,-5.602742537398025,-4.197326939621955,-3.5934397360390253,-2.507492112974742,-3.2044231440578037,-3.6508334321472784,-5.517663123297543,-1.5412060357310189,-3.3758889864250636,-2.4232572169118143,-0.9500979348862149,-0.6507482595148889,-0.893785467355362,-0.662476128625708,-0.8866470723919209,-1.147537691216494,-0.6334992658025441,-0.47352444481447903,0.04333335422212238,-1.903241060811371
-2.2527160951657956,-3.7721557896306668,-5.8411813095081575,-6.419694446419232,-4.750367767964361,-4.5416426197374005,-3.957642419119476,-2.463148792055131,-3.4287544045083718,-4.022448026873003,-6.59332484349052,-7.244803581759774,-7.174145166776197,-6.837449512231787,-4.998793657849423,-5.425076405226948,-3.637812127046046,-3.2345110944432456,-6.3876777934497975,-2.0257240843433846,-6.505199466074192,-4.414665405158351,-3.4541362271437817,-1.2162127685144968,-1.396928961928572,-1.4438623668667694,-1.4306902099152885,-0.5340343161056845,-1.112235168788285,-1.3610487642062292,-0.3317753122966773,-0.8643330600571936,-0.7508273331523292,-1.384758903562045
-2.318113774002331,-2.3595957235028697,-1.527072541628942,-0.7559290802396503,-1.6382534502948682,-1.617305396140003,-0.8673727822088394,-2.5182905623123983,-3.61568958573919,-4.167328677294524,-6.205638667693249,-7.914512119540724,-7.096532092101622,-6.819609820203375,-3.3895553091087014,-4.896878467512756,-3.356564582039454,-2.7304091223254434,-4.170317625751343,-5.708025426356339,-6.268508090989801,-4.318913963990872,-1.9172981960492292,-1.5808893496653138,-0.6129268217037789,-1.156621667509394,-1.1189730623622456,-0.9613759223297188,-1.227782574034892,-1.1696873278598718,-0.24285103243793002,-1.4333222985662617,-1.0970126204753328,-1.1292863316401072
-2.0415691758733026,-2.0202294476115035,-2.398189997815405,-1.71997118687968,0.39335991772864887,0.455380379250184,1.4828029068059647,-2.706984382171297,-3.138901445510632,-4.4667171745446215,-5.664476033921996,-5.9034582162587155,-7.239042133984083,-6.7697750504087635,-3.6946163370062997,-2.661526688192103,-1.5949154548903564,-2.1513883119865884,-6.0302300140912655,-8.247291972188128,-2.7810832482825196,-3.487080266560155,-1.505433235912215,-1.23802604571363,-1.39406505706639,-1.0522646115175383,-1.1787674920387219,-1.2813810676294928,-1.053980353170925,-1.1915199021220453,-0.5413347641794521,0.8214019532343316,-0.8566480498732983,-0.9407605290157331
-3.212765535397355,-4.911241982026915,-3.8723752624392938,-3.3273813770190355,-2.205482027099461,1.2097889873741234,-2.0763290390716356,-4.4715564645476205,-4.9574940784648795,-4.67999204649218,-4.793153505202345,-4.551452829277598,-4.338253043484105,-3.7760803152129263,-5.1207733480105455,-5.754589563561396,-2.1205944792137594,-2.455558107159516,-4.89284305584967,-3.4418284991462618,-2.7293873213064073,-1.9470230309056658,-1.64217586233455,-1.0655506739073137,-0.9135986320108187,-1.152538735530893,-1.046352671589997,-0.6704134943876854,-0.7250686277746241,-1.074462288469578,0.11332501457331322,-0.6924263679917809,-0.9448347910859494,0.10132393114105309
-4.053946742852989,-5.775458036242347,-5.286456246972852,-3.6796285554777732,-2.1642240523948124,0.3298096249096551,-1.31147525883836,-4.554424012969353,-4.836207468767822,-6.112165150641433,-2.364505153100675,-2.0642631927989905,-1.0876291230383233,-3.7048332134349224,-1.1740609288940969,-1.554270408542552,-1.2503086497623974,-1.2855743733606948,-2.9382246125155436,-2.7583797367200833,-2.3511761156310635,-1.093511826154534,-1.9954372856373355,-2.112180503491649,-1.1710830128047407,-1.3120748805504006,-1.171603604658234,-1.587442251113936,-0.8085968328240519,-0.4409590508224183,-0.8388205154085936,-0.4703310289041809,-1.5696073610393517,-2.5335456190605887
-2.4470473069086083,-5.541663836006223,-6.394916292464477,-3.8428442912662057,-1.4728479150107523,-2.195679268773439,-3.3124396595204058,-3.672301429449226,-2.5604192899292983,-2.559297385682079,-2.5368524657669447,-1.6086190678728018,-0.9831068108064976,-5.0163397271688,-4.110844724743553,-1.8482198790753526,-5.107465033184698,-4.015667589353699,-2.839457957453605,-4.067815246079355,-3.6631861664864624,-1.503656256305992,-0.7947681755411595,-1.0519660599818434,-1.2157593993509412,-1.4190317253436737,-1.007004032913025,-1.2066268323344334,-0.5686027463013656,-0.5028609025128122,-1.0583076667799842,-1.842241314849322,-2.849016642550605,-2.8113996946623945
-4.868928908376276,-6.922255070207156,-5.987763045117249,-4.388095525262322,-3.019703880814276,-3.1997930164322086,-3.055171646589749,-3.006523449605569,-3.1849992441401898,-0.6918880614763339,-1.674681118431761,1.1101448365695055,-6.071172159573346,-1.436609187145234,-2.3478004685885008,-4.252634840689129,-3.2682487185305344,-4.928495691265295,-4.448752387758733,-2.198679315677901,-2.178708141398894,-1.7365196682057547,-1.72327231558703,-1.2093252842740365,-1.1301815116827758,-1.7432268413731877,-1.3606776066733082,-1.689034144642854,-1.2179896407320152,-0.6217296130452183,0.3215687698966892,-3.3399084056180146,-3.6788885533476137,-3.71091991524463
-6.818612378221626,-6.031304505341212,-5.569467862440853,-5.6864050035231966,-3.2961433319184974,-4.1716617717672815,-3.4844619249246493,-1.6336183975820922,-2.988147436725016,0.8761374556667529,-10.254096522272862,-3.2960547860525375,-2.053909345193771,-2.3932447296415456,-4.712574777791112,-4.563140592752779,-1.8627373804904237,-2.5581074716211014,-7.037511489778558,-1.6725342848797682,-2.285827811131555,-2.0896762431845843,-2.4208836120493116,-1.2369522409828833,-1.6155475450549786,-0.7044138533737977,-1.438016325335286,-1.986604012528408,-0.9125202600320323,-0.20872763136469813,-2.8198495826528123,-3.1766273063927555,-2.957458246176732,-3.4598685754684064
-6.318765756124111,-5.671839417255794,-5.520664455651482,-5.185002262450368,-3.479501594324334,-1.4072129558161661,-1.1147429577520631,-3.601194183024488,0.8759650043346016,-11.807070428488974,-2.7530141387122566,-4.593315244054534,-6.364677724500429,-3.3593461382001633,-4.647328107338139,-2.3191211363795743,-5.135752060565665,-5.578920551474434,-5.486657775535324,-3.5356757538744175,-2.779397254378629,-2.339803627699186,-0.7502046597532477,-1.7782162602306983,-0.9449070944077094,-1.2502464944659721,-1.9105374809734246,-1.390205143335651,-0.9735122348139901,-1.2866894321205584,-3.4568818467154396,-1.9179456084566915,-0.9943930725623336,-1.68607891111402
-6.352623804433947,-5.936415900604865,-5.203127592945923,-3.5263726165149967,-1.1320067453079838,-1.9584029292041902,-0.6970640056185677,-3.6431851376412223,-5.194367681176048,-4.523427251548993,-9.318920362329997,-9.01742862933953,-4.951517167858745,-5.7479326994234174,-3.4147168432498494,-4.348711661476297,-4.699030064764432,-2.8428549809504053,-4.766460727587828,-1.9321587468000287,-2.598859703296258,-2.2346884405423926,-1.9488964779586553,-1.0841617127117402,-1.5011285265073993,-1.8529554326669313,-1.9703448924201652,-2.144031894198408,-0.8139737955431016,-1.424854352173305,-4.319001302636661,-2.377486916180196,-2.23312228718944,-1.0180875571874435
-6.061670440365182,-5.470974903480096,-6.560551345447874,-4.498034949757707,-3.915285956919068,-5.754658461151647,-4.104906254453926,1.0605554240612203,-5.299138390079043,-5.106731055487909,-7.893366696441918,-8.088286172606992,-3.257318570881971,-1.8353685544258986,-4.795995393116454,-2.2914929463305467,-3.9394925472937854,-3.9245591144559238,-5.770177927287894,-2.7113061171332062,-1.0608499539574352,-3.7121166625999593,-1.8326153597696597,-1.9650617780658874,-1.3072431131587863,-1.278432365583594,-1.4914034899708302,-1.522683551519493,-1.54221739039957,-1.1864844437720587,-4.074022010174569,-3.6781657813964213,-2.607222021461481,-3.174586314717549
-6.301596346077955,-6.058143409313477,-6.02462967147417,-5.930888103990331,-5.335727412034592,-4.050111648307863,-0.9009564087485964,-9.369657228186435,-6.389132877596216,-5.021454430605711,-5.562821827504065,-8.06820500882994,-5.645060890922045,-3.214916047138037,-2.3497577913181114,-5.6929840828289136,0.14258295404971574,-2.1518857804477483,-1.6334129856095438,-2.074530689270858,-0.6152728680080334,-2.282656553040275,-2.7189826835647906,-1.790806551743555,-1.0313079165156256,-2.538501475327565,-1.9575927116908356,-2.3507073569718404,-1.0458167315472802,-3.5559889214319345,-3.6260336356632195,-3.9006688972196493,-3.7561806144273624,-3.856240518640918
-6.924592883721074,-7.184551149850992,-6.08328033525852,-6.499425689910829,-3.1706599982145085,-3.351535454758772,-5.786988081316473,1.4463723859575741,-1.780608988274204,-5.768556903000004,-9.122411707479376,-8.991443265713457,-5.482706822827052,-5.82001497029595,-1.8712592691411976,-5.390407622049393,-4.766399190937005,-3.270651353092228,-3.233117168534955,-2.973006301570257,-2.3228792827867175,-2.8702985324753882,0.6614224351967651,-1.059007827036619,-1.9227184937893567,-2.1387180386164206,-2.431732637730224,-2.065210754102025,-1.6897288174308878,-2.0811154521210757,-4.530497993553099,-4.250198546917302,-4.5621129342545,-4.452931724447803
-6.8477043483704865,-7.517503402837465,-5.965011031834576,-5.679940184823343,-2.9530633295461732,-4.682916082635318,-6.048449833208957,-3.8978992462188113,1.552633302937646,-5.7509493642614,-8.346113221553955,-6.234147813604046,-2.2672719546985243,-1.4562475862215671,0.11069520574103375,-0.5948673754061207,-3.932355111286473,-1.203956793902461,-3.9413069666717346,-2.9161696780829023,-2.841533322633713,-2.6985139510956375,-2.696685664436805,0.32606807224934764,-2.841688298309002,-2.633116690000779,-2.2368373868521774,-2.2961065395979183,-1.9274985581039992,-4.558385132300453,-3.6600649336985445,-4.243899902192956,-5.029511044581699,-4.947598174880695
-6.057660869430087,-6.667195385587185,-5.025704545355912,-4.790836083641509,-2.304980799479719,-1.519767206551436,-4.217542236525999,0.7843432042460543,-7.975547930144477,-9.242546119110838,-5.186122394027637,-5.609837088835641,-1.9659867139852365,-2.6710516426643918,-2.5497751363219003,-1.9890072898190498,-3.4688834791636225,-2.7876109789611645,-2.906737806761672,-3.1260670072548575,-3.123122986626165,-2.3039026129195905,-2.49729146925322,-2.3432570431195177,-2.5512606483452727,-2.396794678676089,-3.0800751818068886,-1.6467783379808645,-1.631552142759427,-5.445302525846815,-4.759942842810196,-4.4271322054325335,-5.45637728780938,-5.5938977398531895
-4.048169722871026,-7.231308586622229,-5.887655459803639,-3.473546442170622,-3.1308757481751446,-1.6037942562276457,-5.485590321236721,-1.698596394857717,-9.97403883851384,-7.781736209558637,-4.96248912581419,-2.7750419127572465,-3.3556133660756124,-4.099536186027789,0.4149378482888935,-3.820968460446023,-2.346098269947623,-3.1053375677491966,-3.4673447240499877,-3.255779213581954,-2.610549803951414,-3.2734572957594072,-2.7343459498055074,-2.212618196588987,-2.3538834503916557,-2.0450253840283823,-2.578561942406537,-1.8441097168017768,-1.9343648430523246,-1.8311285600289904,-2.230041118486782,-2.692472688563074,-4.979315962094375,-5.613171414103863
-4.668409633240964,-7.654005352944597,-6.400750405790049,-4.67921360147897,-1.7410835572335424,-1.861509567222902,0.48962410568288056,-4.629190715974363,-10.127498964518747,-8.059735990014955,-5.533992003007964,-5.690571800045329,-1.0731578353803197,-5.681514161299205,-2.25494079227508,-3.7943941410344224,-2.655239996709916,-3.32050793046214,-3.0997540237861547,-2.8243122214334697,-3.038818940674917,-2.808925739630575,-3.2455137971667067,-2.44473381711347,-2.1402293461228896,-1.939338800156038,-2.0815542729541128,-2.3975637239600642,-2.275662724509436,-2.019360337652569,-1.8752622919824173,-1.7829254521681095,-4.498327318805876,-2.619472853539816
-6.6258100612433335,-8.082197969386383,-6.93933046754725,-6.509736060259324,-2.3647445153316213,-1.6727275989557633,-3.3579575182751764,1.142121536462873,-12.317132842295326,-5.759063336574563,-6.118395874753261,-4.22302872410671,-3.2314471548708634,-0.1549837345912308,-1.9953846271029236,-3.4979334637505417,-2.9973961424731566,-3.464512883129284,-2.9058775841726505,-3.4011919755092364,-2.6475111166258514,-2.676422616922858,-3.175748289679562,-2.8445976064985485,-2.546668663182085,-2.505515704226632,-1.9324918580833457,-2.005987136107868,-2.3781778957742903,-2.992055901740658,-2.496463982622028,-1.622060715812631,-4.730511609088861,-5.935542202762957
-7.357324078683112,-5.616191807901885,-7.328833554984751,-6.509408043778564,-4.537253960691599,-1.7852319987878766,-6.271486874547492,-6.466690060170398,-11.980072877489782,-2.0243300709903287,-2.289876802079644,-5.600851288229859,1.3193247204119682,-0.11414452396368784,-2.6783277003923707,-0.12898091854288174,-3.669182846238795,-3.4873882610760316,-2.7616274511002543,-3.3749345639722796,-2.7739809610660005,-3.3532265274032556,-3.0645458831204793,-3.098620152084123,-2.566601088630896,-2.557645061737362,-2.397154956592672,-3.5156120142529454,-3.791998894155441,-4.087128952577442,-2.567024328621056,-2.117544964513546,-2.184752513769706,-5.576914795008328
-6.404409098016346,-5.568808277271145,-7.941703976174608,-6.444946088729039,-5.3790374689384715,-1.7594897686969526,-4.942452477243788,-4.991807324498343,-8.815028754381094,-11.06060750193958,-0.021537831771962473,-3.7543649833828483,-1.6594066221840407,-2.759516631209101,-2.077405253104664,-7.554477471875605,-3.5815562356061124,-3.357240621634018,-3.5146438950804417,-3.2655456675274617,-3.4171669443898165,-3.1651543428179463,-3.108083842027119,-3.506868821834025,-2.5918276502826534,-3.730559402983927,-4.06740525302471,-4.864209671883873,-3.536151461178999,-3.7172031001921457,-3.143294335108508,-2.836395899412547,-5.318100352340999,-5.951907407177684
-5.685708370320893,-7.131840312793104,-5.251116974762735,-6.196831381199669,-5.008850195971097,-3.2817539452331044,-0.469691918150445,-15.40498699553421,-10.351188797670815,-3.717089511451998,0.4114337263151334,1.014750952347068,-1.404564256185932,-3.0469201914564983,-2.170912341811058,-8.816854833344195,-4.514444293481982,-4.2924590766909185,-3.4497949508534704,-3.59028604654431,-4.183749200900149,-6.391849158648001,-5.306049291400952,-3.1693845951484025,-4.7469109125282865,-3.4894744009497614,-5.509897336911619,-3.096081056230531,-2.737541680959308,-3.367274316962712,-3.8138601577043914,-2.418691561513018,-6.248416543357128,-6.038108379775129
