script/wind10m.json
{"header": {"parameterCategory": 2, "parameterNumber": 3, "lo1": 6.000027932988019, "la1": 58.9999434238085, "dx": 0.5, "dy": 0.25, "nx": 22, "ny": 24, "refTime": "2024-09-04T09:00:00.000Z"}, "data":
[rows 0 to 23 of 24, columns 0 to 21 of 22]
-0.7051310280676178,8.59808500285719,3.4424003167553843,0.1667259513131677,0.526076169755219,-0.11392416884565666,-1.3140806586636788,-0.3197957601111749,-0.1591097267735703,0.9037560457325905,0.9439667781878892,0.21609832314118188,0.42938113912526743,0.1957143317063227,-0.513802809229042,0.8637472829052331,0.1232136733359513,0.20959019240226867,0.15579275698863942,0.5441632759616948,0.9041189548560823,1.3607310571362194
3.5210686933574427,2.379863127921364,2.0793507438647834,-0.043134727821595754,-0.20225691747664107,-0.9806649739201603,-1.631701136545262,0.6250236734482495,2.729551498620237,2.606498384897716,0.40764588006757785,-0.010121851731617663,-0.16677095851115437,-0.3057396701108847,0.836809962379573,1.3019934172167622,0.9900684365481632,1.0601785391903538,0.5365364913895125,0.9210631224614322,1.0946091872245438,0.9567332256561074
0.8567342740448411,0.7466370883759069,0.3787777411916104,-0.24018584579169328,-0.7663817434995415,-1.0447108296163976,-3.4783832061314497,1.1372498264562125,2.5095535507676616,1.906298851483098,0.3752121868519884,0.5160962936305414,-0.48613324325328733,-0.40768469172649335,0.9015262525013021,0.4901005599144606,-0.06768108474679985,-1.8601381448679537,0.5631447578588552,0.5298084093600764,0.6215755229054368,1.3203112900835834
5.005493473425177,-0.3814162988470354,0.03442191271138414,-0.3350960525024795,-0.5513408775869099,-3.5312388127186094,-2.2942644542200608,1.2174881947259752,1.7624758359579367,0.8245837893228634,-0.8164903767206413,-0.7255736420008154,-0.6928317512621041,0.18325581348149345,1.5917143538250038,1.0219961172770902,-0.19154806183735218,-4.246813380973697,1.3015430040441522,1.5437670843316373,0.8387074784116827,1.0913238002206498
2.0580430932316767,2.526794481509367,-0.6943256519749254,-0.8171978105354757,-2.1413128598390965,-4.521337433667305,0.21451250105369188,1.9115392055895521,1.6529858191157532,0.7685282391159359,0.009265064476992019,1.4212070215736163,0.9439525235685021,0.917485127845811,1.191952075258211,0.6431048859230266,0.5424850423310549,0.8034876246448478,1.1734432191407824,0.769366737983211,0.7310486544974201,1.2251052485161629
3.297514434708815,1.641980305159749,-1.2508983897503962,-1.8522663117265499,-1.2489812045525046,-1.6259846238064999,-0.023100245917645028,1.5147070143695518,0.38428212795312744,2.4073817695741853,1.9755352550162986,0.2968185233895445,1.165616930100062,1.106850809008237,0.5794109543145659,0.4834139221685157,0.7663079763968076,0.9531801975616869,1.6103083268501917,0.888251057586939,0.5745665364746284,0.8676489378844794
2.6198162587256717,1.628599980271646,1.7854247455032173,-0.555486288299934,-1.738856778984571,-0.585593400709257,-1.1299377315309371,-0.734981891260311,-0.18898980131641274,0.8786813541793661,7.045005179993695,4.757388238561883,1.5922049036777985,-0.05333325521341989,-0.30655921637165856,0.2848238731039417,-0.29074352108177787,1.0405146412587902,1.1891921452239802,0.5468583941838021,0.43759105389772346,1.2292386147850967
1.8935864494769177,1.6685821176946132,1.3867284872591243,-1.3742388186200027,-2.193618763110671,-2.028557787682724,-1.8966370895215798,-2.121507505196041,-0.14267117086838377,1.2300789389983977,3.3725298315777654,4.659034778659153,3.7772071385471837,1.9600236150154309,0.1789941777728889,-0.14841280548788593,-0.5378285956214741,1.258360660394747,1.3462983082473348,0.9825081347126418,0.3386740146352256,-1.8642533854928027
1.0788843658402714,1.311494969063318,0.8033468034961406,-0.6405198171289523,-1.5463848555152868,-1.4116823536961944,-2.158225277948057,-1.2251499613575374,-0.3570230462066453,1.973393170019737,2.2840534737903466,4.789439080956693,6.066195795460917,0.353205838790948,1.2838526163351256,0.4554976859939818,0.21019048618845676,1.1195608887089694,1.4190368023360451,0.7597320301171347,0.48527197956569684,-0.711931370215356
2.493873428219721,1.2310112058351865,0.9470803275625193,-0.12464912353511903,1.1265999260516222,-0.2438553491583127,-2.151526741711051,-1.4823472953101435,-0.5485042665598867,-0.630200757657055,-0.2873021225467804,4.033551060809285,2.544280065712658,0.45642205833048266,-0.3371045043558385,0.2291002710127879,0.6634285594671665,1.4758366740185904,1.0292754523455014,0.6180965942303052,0.5780277646909276,2.2729088662520183
2.067518550317463,0.3647328052923144,1.7444636265925684,-0.8407035942815471,-1.1899221206167172,-1.9052831885508248,-1.661480499356774,-1.2496257576435692,-0.20742190947726113,0.6266358756983998,-0.9747994790655079,2.7987143313719822,-0.7428828039517944,-1.125851175097601,-1.2271244540064503,0.7977975036851102,0.9174846705646739,1.3911522296619654,1.3902722801059861,0.5416508547234957,0.9636314381212561,3.2757163328785843
1.8343762798892744,0.692318154483982,0.6423789689343394,-1.5614198701330684,-2.3620360207648665,-1.1465746208362433,-1.953433447507026,-0.7523837796746977,1.0493798818680449,1.2807320212890658,-0.7668342542891199,1.292270218332295,-0.5007143242525464,-1.931117478526562,-1.2969269411051811,0.4497620206345946,1.0838309451604962,1.5786783536862488,1.0175316207422938,0.7187958669735024,0.5990129951795932,3.663702106276112
2.4301955370025063,1.9186956406241622,-0.9221371517117086,0.8541369286783017,-1.9191642470516104,-1.8160132415657473,-2.040189205298368,0.03974290764063542,0.620487619888523,-0.4631225263057048,-0.9990619197427268,1.8634112745631206,0.6666839743726396,-0.819189576840719,-1.6331433305206098,-0.6929239257794761,0.8256644887624299,0.573145188512552,0.8395452286064797,2.832818878438166,3.623124407978727,3.9247638687682342
2.764546348427741,2.329909463011638,-1.0600495628561732,-1.772258908870072,-2.36759646467748,-3.2062499067586203,-1.9456192627221112,1.3690436792776146,0.19756736438557362,1.5668040814773978,2.1132516885086283,2.9631162141156744,-0.33351761116409556,-1.8985128485874423,-1.9561718007702695,-0.12545091777945494,-0.3159842167965095,4.2847880501414295,3.86300461638427,3.791657609262796,3.635023122067543,3.8059835296683087
2.632849559531952,1.8433550626535886,-1.5942959626059943,-3.835513598641558,-3.733012328179234,-4.147244345739111,-1.5461319329847014,-0.8428976399486763,1.1552315888498454,0.6020758554187668,1.7312274992275807,-0.1641178358509527,0.8671260917663273,-2.298577514456558,-0.7447467657609689,1.0579535608560298,2.7231459467680015,3.1192249963150007,4.534237887142641,3.8301427575872133,3.506078605493268,3.372668268285065
2.4317780020224196,1.0784109710687664,-1.2785239508062212,-4.641345227512016,-4.366919484373102,-2.18337812967923,0.7655857225359707,1.898784640692561,1.6602512230496347,0.8187038776502482,0.16320699362088203,-1.286713743756841,-0.8605213685157137,-2.1884563814367826,-0.8434368740885209,1.9312218779713461,2.5639096273246835,4.350993792108764,4.441284127965888,3.941137714764256,3.5173837113343454,2.8242072519035073
2.0951615741745706,0.7265391974035288,-1.9004549122275094,-4.877658545849476,-4.463295432696412,-2.694298140542377,0.2240720759763802,1.290529848803789,1.0818615889142589,-0.20743522539525902,-1.6739424871373343,-2.719045185971043,-1.9537409836805912,-1.0637989287507728,-0.040809875442416085,0.25687233685337363,2.286637791922008,2.6447359653010345,2.302208971532447,3.862050997787348,3.9785178729399924,2.1511339675752157
1.8160349966728115,-0.2596905192141449,-2.3922583589624407,-4.812097582006824,-5.256079105946013,-2.582896725381049,0.5570844827227515,0.7141979394353013,-0.7177203864692125,-3.6213494640390222,-3.041402660320516,0.3093440075564053,-1.9346015245722719,0.4327222383942748,0.2606295778060602,0.8345539226613987,2.025726858754698,4.044666298274391,3.8822155875385578,3.2233640239077483,3.09822544328887,1.225009618081677
0.9183653589087193,-0.485646058972054,-2.4784039716658848,-3.1866812511774856,-4.862901250889814,-2.477657774494374,1.0316322193447363,0.9936555987963042,-1.2385714881150196,-0.7845649004869781,-1.6265254335352461,-0.6297531929562176,-3.5740080794727067,-3.6652191578420097,0.5482469305032943,2.2209636014316776,1.6283084756603814,3.0164377908640425,2.7237183562948815,2.515693071352563,2.3035874441362,2.110385418261678
0.9101550400237148,-0.7651532944726621,-3.190091893163997,-3.2533404605674003,-4.101499294622018,-1.8125779459172424,0.743749515925931,0.7562188456051133,0.7574079233452452,0.7992026299648719,0.026307367480735908,-2.2288226517609697,-0.008593568929641046,-0.08819746235382243,0.5748351137507915,-0.2634969552188508,2.4439752287826426,3.076736932570055,0.874840940167321,1.5301366624585033,2.3723901142741193,1.8601531577454002
0.8366914101510675,-0.8697409504878703,-3.4054789008319966,-2.656572931043748,-2.8395092346225965,-1.895658369008403,0.2119454595971565,0.8154920424307079,-0.03751239455719422,-1.2357146126014233,-0.7112017124672746,-2.074143721489769,-2.3899409001226717,0.7944332807964605,1.106489904942163,2.4081130381023175,3.0280452438315777,4.569341071076501,2.4829283474183876,1.9215250554595098,2.303642742823729,1.6700826222211076
0.5488434252388281,-1.5103379565797317,-3.78199634786552,-2.3323783421761126,-2.17195645926151,-0.6310149263500399,0.6044672948725602,-0.3706077340785925,-1.1617300031913813,-0.968011696267546,-1.684279877553366,-1.4926842254209092,-2.1853482558507578,-0.2633356447501059,0.7641374238226613,1.8577474660519921,2.3861869974479486,3.580472978724914,2.3580127754561646,2.0355604853192957,2.1172816586041034,1.664848618036065
0.6057889685405558,-1.615915554679774,-3.632102273416672,-1.2485589808875392,-1.6748638303998868,0.17060745147573603,0.24171427203573317,0.2434441392570937,1.0804690511392525,-0.8997656277466874,-0.6898895005022698,-1.6722017736195112,-1.5422980930042431,0.5533734726825766,0.8754964529647252,3.5138919039723655,2.1743460054607704,1.5806046794993422,2.6217679188614333,1.8103074905066323,1.6013140737463543,1.2891480983084138
0.592433080482943,-0.5920171456504089,-2.0028864918051856,-2.0686786108005397,-1.1205639384224921,-0.5765554533988738,-0.4274553638541392,0.37734387913022666,-0.5345875201192349,-1.1649776713939755,-0.8742783188371575,-0.5861065471607231,0.10552665442208044,-0.3177265570104942,0.9282815792152902,1.9506234655161154,2.487697952578427,1.32235336808629,2.6335708052252778,1.431184304297881,1.1629118739550595,1.2655371436935496
