script/wind450m.json
{"header": {"parameterCategory": 2, "parameterNumber": 3, "lo1": 3.000054539987559, "la1": 64.9999836372058, "dx": 0.5, "dy": 0.25, "nx": 34, "ny": 52, "refTime": "2026-02-26T10:00:00.000Z"}, "data":
[rows 25 to 49 of 52, columns 0 to 33 of 34]
7.1957415027390095,6.107329120935112,7.165397007952402,6.745503492971329,6.4532996108279335,6.192621453267979,5.245945868327678,2.4030397223062,1.7884327324820597,1.2895862595073087,1.0780315997701346,2.1445297233544514,3.578997305522438,5.543190788068688,12.390347341183247,15.105688041479613,17.700208016097303,21.397220375115662,16.929586378762743,17.26677349237051,14.77571584685398,16.961468769701252,14.364861625139927,14.088472377327218,10.958873236633679,11.93881811126835,11.888388775839232,12.125552091984957,11.605664969720904,9.481218776067212,8.459672894259125,8.546041378110026,11.842160272244396,12.909095666148584
7.064561194941597,5.301614976832492,5.0117070689011065,5.234677964656499,5.874220080890313,5.369965408864052,2.981742958857677,1.2330246017351778,0.36725049787084185,1.3513255386484844,1.1968043819897654,0.9724219242345149,3.125677503838156,7.773824479844895,8.558396759032291,15.149057595643766,17.141383103535496,20.16057186616061,18.284830419392957,16.74091371992442,14.319147083437416,15.610065352905416,15.35859585023467,14.965322652768766,16.89132046000229,11.828064996056586,12.276536939817449,13.471944650590276,12.353599936842128,11.021783502085624,11.087214521503642,13.459492986822177,13.126845082092748,11.472693364530862
6.2689420369491895,7.283467058804846,4.233455477790461,5.085978705603909,4.982783095136981,3.762826258378201,3.489466502337873,0.48844272621408674,0.4831346492091692,1.226835971446865,1.2977354522013085,2.3308081016310376,5.081211548453393,6.527923303086578,6.8530705454305405,12.795209678586524,14.878541835977318,17.657250114516838,16.464389236744402,16.769131753849955,15.00786428158353,13.253582878847906,17.49897619343313,16.815556079603258,14.941187146352297,14.907985778539013,14.770159611043724,13.775087881279907,12.77464853502572,13.825303829636244,16.1121032346962,13.297961792083994,14.226349703048857,13.62550053228428
7.5909805329413675,6.621223981782444,4.508905122281157,5.885130876094937,5.169406134919585,5.488837022981959,3.988302031412896,1.3766921340460532,-0.5623732373760415,-0.17105464453415312,0.7881634402460735,3.362378323747595,1.4657627246234561,5.000688293586483,7.00134961081688,11.89945234288552,12.526747146154293,15.824520057876132,14.357442941779723,15.806302871295422,15.378012510170656,17.973406899750202,16.569898824100648,14.78783188210224,13.99091246563982,13.799706480190673,14.779532434284192,13.359158314192038,12.938786925460615,14.934221742989191,13.305657540014979,16.420532988765032,16.021730843595787,16.49221452123196
7.568569659580004,5.7501366309803865,5.320748947093852,4.581966734041676,4.173768468612943,3.8210344204738087,5.129948649771629,3.094367919140941,3.3419935325228627,3.6234748709938955,1.2765188947925594,4.758879122919287,1.9670573673382117,5.22446607062439,6.485913348112239,10.449579232079675,11.108594249635773,13.448897427779904,13.71702630171876,16.356354458204084,16.95259865599473,16.639464569476054,16.11347684958127,14.32721691186677,13.590921130128791,14.161889745290875,12.849297641813035,12.76731832291691,12.292029472773011,13.400999340554751,17.323752874286807,17.647171761645176,14.495497412580395,16.735162170094583
8.090210721846136,4.506872973773564,4.726466853108138,3.84395108911088,2.8272172710660985,3.488149251900061,2.3729107352789294,2.6483088691538925,4.069924675583001,2.908582803323518,3.611377141335486,4.012124435825555,4.685851379015723,6.141397099081463,8.498017776606746,9.22771439809506,10.169061468052139,10.532518213092082,9.814799777981575,15.562118457206404,15.872236880304438,15.18565556819254,16.127570519720567,14.631891365168855,12.070404419586595,11.855203432704695,11.842190076401756,12.472689745438608,13.110756946483965,16.881310078847704,16.928188679680023,16.819359447557467,16.760136515465256,16.406606369791316
9.20306566572,6.139315631220201,3.0255977030278314,3.195298121004376,3.6133097839170767,2.772835314352326,3.1280961042914854,2.5418653874703843,2.8797556345433173,3.2550077965961295,3.1465594999712487,4.585214802767283,4.154950129690233,5.211980214589826,8.120486450588334,9.235013240217151,8.818696768092881,9.199475460899738,8.297730933082441,15.193796720912168,14.293930034349737,14.049210589901266,15.458248980798757,12.695247504301562,10.83965508710292,13.2590713570626,12.040997711623085,12.99140163719603,15.829184490947783,16.98638320492097,16.402910622575842,15.794426591236828,15.479589803353683,15.796205943970076
10.141085842158942,9.027070440978534,5.492402336798208,5.070156373947714,4.688891374136563,4.7999332800447,2.6215185463573034,2.806801198058078,2.898216312309443,3.651012526101784,1.6964119388520655,3.4084264199849916,5.4791191625478906,8.902254169864031,7.197190455562716,7.966030330485975,7.665960985156933,9.301720580749967,8.130583634590197,12.538378688592688,13.010273543561643,12.570336221601812,12.907442388989386,10.25337669055706,11.374776353014278,14.279183586949568,14.175578195201759,13.639136494010632,15.70797776515392,16.415835935613124,17.054411397325357,16.039052900933456,16.009274571310744,15.522470447721211
8.816765775620189,8.885163176684388,6.210672130895754,4.740758326395957,4.087889774734273,4.8115711638238725,3.2375884823599668,2.8119895585624803,2.441317608127654,3.0662034963906812,3.01650369335714,3.6476425587770733,5.073864201145174,6.297529920748492,8.130219452855744,5.528716648861472,5.046894711116688,10.446310155632279,8.540940438229937,10.664149893236639,11.29515723478391,11.581851369787325,12.253686635420562,11.317803130518051,13.240969998876235,14.220619578418443,14.267509870790274,13.565715188014758,15.038981692031808,15.265004650996186,15.960985689720022,15.928139699308433,15.065007297487687,15.118332490068488
8.60886523009975,8.22340840511928,7.207752930786829,6.355148821209302,5.557112604084685,4.88144756663139,4.121524882333694,3.341129002948104,5.229234434008115,4.31204858173156,3.411069029406231,4.494185206267141,4.595439671188865,6.515859547799199,7.795280588765164,6.134258894960803,8.210442322338402,10.782081210465778,9.770315725833177,10.353773507377625,8.017547378472502,8.946296433550907,12.030477578488338,12.502417756292374,13.399394890175403,14.110300795251533,12.922730478786283,13.393511039581965,12.692469034098275,15.289760896605939,15.542160653069006,14.958872639816148,14.168374656843975,14.062789868366309
9.265022454093678,8.3983506514602,6.88302315562761,6.352412578159319,5.368322463406099,3.8098290616438732,4.249258950436891,3.9712475614269653,3.75719272033089,3.5300763172317002,2.0178102480498534,3.9615992757371634,4.54544290702129,4.37905057967387,6.642655990650237,5.385256316421568,7.676990239725789,8.98385197635282,11.12857873544931,9.957860749967383,7.176207493685654,8.647773554027648,11.36844765160462,11.066998118442596,11.855017576740572,11.158409071576123,11.311915125530405,9.873478393648961,14.433280201067761,15.127909481757861,15.160224255194684,13.818133977670486,13.461180856859995,12.86336522049095
8.326303527941379,7.951341172386428,7.3112315454845325,6.362862940185387,5.411471236371668,5.570380154986244,4.49425688478359,3.5112444478119476,3.017038884463243,3.220200836820478,3.5260273848624086,2.716622560118306,3.7860293298205447,4.046616509356594,6.3107956465614725,5.5690511689569515,6.450807102073372,7.329537288827246,9.988114218036221,8.743432594024108,6.9417491500457755,10.933946418018891,10.795849975698193,10.158833376241757,12.05134593908701,9.325698587916186,8.784713239986212,12.088501103651849,14.676931926345908,14.45128198838569,14.635717401196853,13.161986063509435,12.25673171381356,12.486153213325826
7.715861803748128,7.600776338555808,7.723833322541214,6.8933032051172685,5.301014523069205,3.5109235301189323,4.401378275601402,3.254803427939131,3.44325864591039,3.7430787634889926,3.540737190144868,3.8318950228091744,4.465018811154752,5.513186918348915,4.936993508390657,6.069822823701248,5.32641484675267,7.987585829215418,9.303436142218807,7.199211833695466,5.607321129335862,8.510346805843296,12.440876383317436,11.992664571248168,11.17426397167272,11.894107269416152,12.20473962396317,14.734872293133986,14.392189681309059,14.100839161517866,13.724577823570398,12.109346997500152,11.283398369453332,10.98301825229757
7.940089235150683,7.965636490086801,6.947925808307414,6.597369509778211,4.711861760701035,3.832796068354845,3.1600159916003747,3.2958018658506374,3.3012124383357713,4.652656318337674,4.745942540496709,3.9403735077893054,4.082764974345972,3.6445137547192967,5.2947474408497675,5.304832506109079,4.809512752221597,8.335217547759866,9.55183285770434,6.505888614984956,7.306364957992705,7.570894633480414,9.709730451472053,10.677335983119555,10.563193685402855,12.052522323864874,14.339534923852359,14.390878681732133,13.966257375527597,13.763123500323895,12.381303123463084,10.877712890612967,10.374127050720501,10.801278083713173
7.73737493943832,7.899625675337689,6.8405286214454595,6.1398402345117855,5.859266858895975,4.513060717776,4.413252629652416,3.99624266201989,3.415410012919239,3.924839858095493,4.864015718830271,4.045867578850043,3.1000251847365345,5.6746387062563075,4.684099035391948,4.945001532148196,6.781825799555999,7.760159816699466,9.14344863542816,7.848979683024174,6.3045922869843505,8.610274662454385,9.15173634916292,11.117832321724679,10.945217803393943,13.2798104079371,13.987931661125222,14.937656939169182,13.051551728745986,12.951100205073027,11.769091683892679,10.428180089521486,10.873045666573137,13.978035290946108
6.72269693004428,7.674597810451847,6.515016689132157,5.249717202354793,5.696429172735377,5.570706903569811,4.976883688451679,4.067461645300447,3.333924351429153,4.465163612831586,3.444321722318513,5.076403243666881,4.476155953581452,6.109683371743505,2.880064408793624,3.3922917293657253,7.343006344461406,7.43626337917118,8.70041935616879,8.27241569320371,9.785763964966513,9.350476225019698,10.94680604501952,9.215523769969082,10.628919272462104,12.943293053140104,13.685021984141434,13.453598409153404,13.119774320872388,12.426125105024157,11.98575696589463,11.845237776291007,12.026212655167035,15.918294976317055
6.3947926075045425,7.538627207030986,6.6170050020972475,6.361689000562128,5.2272108182938215,5.658225351272128,4.381408343087007,4.200753275681618,3.8024547338181387,3.7345646952947757,4.363243063772151,5.372096432623393,4.461445847770322,5.425711230064485,2.9606770891765364,5.628405198600168,7.0458442151101845,6.453148790147334,6.583468496721267,8.848631044298742,9.168722546867764,10.201590540143322,9.131537368818346,9.95834396690597,10.963730408636065,13.480595334939553,13.581156862702647,13.655058405849852,13.210371684967475,14.711143032192362,13.13496796677818,13.760777733588895,14.078011375215853,15.690232602242498
6.8156029687689665,6.477632455137585,6.714638897531845,6.267549790891169,4.490224994276637,5.094932120102749,4.4962680760099465,4.726357549215238,3.818444324842416,4.284882401909678,4.083794697375542,3.352787664680195,2.7115993788846047,3.405194380311919,4.1398205617580945,8.066309361646372,8.170399781540219,7.935732161584564,7.317972902570449,9.698377217569833,8.250650420914774,9.848366020946134,10.059469516567985,10.743066935774943,12.29246341772344,13.51466344419139,14.056464507666439,13.738644325873977,15.09709507468003,15.320795576289699,13.818493100566624,13.034009314739018,14.789993352340103,15.952494145439418
6.685159139157553,7.393116874455599,6.640150965286345,5.1750640464145565,3.6094923164279944,3.9303266927722653,3.863856948310504,5.7289584164706255,5.3707640127735825,4.1755141111934915,2.8279126568213293,3.598594192568342,3.2244740429499865,2.319366715387748,4.5882638518977705,7.603514705047941,8.746161627814534,7.697782120941284,8.399140229140448,7.466509599233712,10.806402842251916,9.066349429648964,10.672930275309392,12.007889590040437,13.25125519764183,14.85759369640796,14.826502579969052,14.02549737781461,15.04786448217652,14.495046027343687,14.028450759352511,13.967991923387524,16.17206298971437,12.093521031281965
6.932443772025727,6.05478657386437,4.990337168759938,3.9815397774947856,2.9309873776555846,2.787592318452996,4.0505784265570135,5.308648494829756,4.400124786673692,2.8981660090335293,2.6856965372602497,4.623296061101514,3.0508921087802907,2.1640322908648995,5.705613805783991,7.142953973938798,8.44129010922342,7.04005814482405,8.795293218047531,8.585767777854638,7.59950568092794,11.980054565946617,12.146341330244226,13.761265281676765,15.868393479067532,15.369749184995504,14.189726056680971,14.18665544922339,14.25511852597837,12.8438676534978,13.724410743075937,15.05109228401126,15.592524625234267,14.578662403088192
6.724905694735266,5.9151685693685945,3.7906471870875196,3.042900462178011,2.5163067848943683,2.431942635426739,3.440609668055228,6.071913628294552,4.045766194734594,4.510286032955979,4.496807674361371,4.689579521238599,1.962860102805245,0.5051522834473199,5.377429148671927,7.007112348361823,6.145635867676864,7.56753930876289,8.509240373625621,7.630564175351104,10.342545100953963,9.873593161580864,12.627213585339566,15.341861101931427,15.016303547153557,13.986296783292829,12.476695619608924,14.211042839813285,11.896326137827296,11.70231369503901,13.811611485109037,14.740642693888114,14.710707703724767,13.625247895802051
7.019522748533226,5.8704821683321775,3.874698176869558,3.402291356664142,2.283191764973398,2.7667230830743352,4.571435167559195,7.425209653142941,5.507482844556848,4.6810488512255,5.282936244634631,3.633086473768006,2.146560294953016,1.260931871524312,3.0376279474967864,5.731193974909683,5.281228811287267,6.097470304315597,7.352364720052523,7.212442135026182,8.49085280968019,10.323521805701839,12.06971605600838,15.949508737252488,13.762290115699818,12.916348340808995,12.180633817358341,12.703200807074307,10.983122100418115,11.364265017787016,13.641789625582309,14.200633647534733,13.614898560879952,12.838939391890314
6.071293730490634,5.494352464397801,4.72393656679175,4.796044946944159,4.355695872512989,3.5517435740555565,6.563792517432539,6.9023777887486055,6.706843038700297,5.5092431532847295,4.0441324654637425,3.0901597043786535,0.7478147200263628,3.1460438029872395,4.080925454425878,3.825304528989482,4.772547871225617,5.7036045170954095,5.024559356710141,7.855043332499359,6.200540343545235,10.399151014754874,10.907335150442208,15.43846817023242,12.379670159977376,11.89806531184268,13.380820001406486,10.606462537017771,8.909371273582623,10.940960413946513,12.935490976152481,13.855770357748327,13.075123238994095,12.232642942827848
4.694261731945369,4.676842126450284,5.4051211423502465,5.291849206945838,3.6649919283606116,4.5946864658582385,6.168730208431204,7.81174395277703,7.326523729241234,4.70435979836516,2.597431480125542,1.8047832755774365,0.20799415903445728,3.301347723640446,4.09398119147723,4.083614467071023,2.7832938367779323,3.6921529786209444,4.18863355451085,6.796236260827523,4.840900320475286,9.871361867115636,11.253110460857638,14.307315278932341,11.331346498687468,11.179246986588542,13.368529672949775,9.49493663819419,8.846768492442438,9.994932304481656,12.496529200364279,12.868839508175212,12.530285607798477,11.396030603582226
4.3694582873265935,4.2093808651835705,5.291731267907138,5.51810499329578,7.7695902560629335,7.0114560271319135,5.914167134064342,7.407615586123342,5.1711730350329885,2.8707806304518866,2.062000484390458,0.6882118664860798,2.4534186552014354,1.6161328296512107,2.7225293745324834,4.187233770458358,2.2467353822557605,2.272939285160936,3.0464304450083173,2.604112518866065,6.648459538808401,8.033111280250075,10.1978425266113,12.071270764231308,9.612518962651398,11.024664723864651,12.015568188174537,8.270268224721205,9.523268550987686,9.638089809420293,11.319676502924215,11.921669366545206,11.546124865710533,10.87099207304884
