script/wind100m.json
{"header": {"parameterCategory": 2, "parameterNumber": 3, "lo1": 3.000054539987559, "la1": 64.9999836372058, "dx": 0.5, "dy": 0.25, "nx": 34, "ny": 52, "refTime": "2025-12-07T06:00:00.000Z"}, "data":
[rows 25 to 49 of 52, columns 0 to 33 of 34]
6.904589929610876,6.839688888804009,7.511016381078199,6.647121045124028,5.77085849601788,2.7078916670190147,4.696755404156613,-0.42408346415643855,1.2186820046944158,-2.3364060648290073,-2.8618560178756622,-3.5467062719252387,-3.1990240277083344,-1.1250140141878542,1.1684004309502027,1.7641367271453496,1.0187896570213624,1.4258618266977188,1.9487304316277825,3.787126328362215,4.011736124911502,4.30172604711793,4.366234609590756,4.323721034323304,4.195201187530543,3.6454775478260095,4.378779264191179,4.123509898231967,4.949459283212308,5.581449982439875,4.907113485673198,4.161403788495368,4.599477843908825,8.48660271789762
6.032533906755268,6.154903266353433,6.000186663441257,6.028577571236473,6.117852479896926,5.558352670149291,0.47367390262623793,-0.5245169524341217,-2.202535891236821,-4.247000314575475,-3.4284536154036167,-2.0309312110686775,-0.8691798033313344,1.933669697398303,3.9352667066164253,4.207199846756537,2.596322786156671,1.4667921036716292,0.8536683359957423,3.4194742565004654,2.9303771168348414,2.577610133909887,2.85818242359105,4.01652030172738,4.058973190892982,3.042490092930699,4.520612661928124,3.3002424498651393,5.938128411428445,4.956426453675341,5.704879085325362,5.333794830230526,5.231890244978774,9.075268101579903
7.3323359352830115,7.589431822969585,7.991372503108793,7.659574861198057,6.7143925914060985,5.127866370065108,1.9914914050559152,-3.2838675399459536,-0.697233940891987,-1.4135814322155464,-0.598969696954661,1.0453067041419095,2.6979486195354587,3.728151045883695,4.022383162669295,4.7075421734726755,4.70092871838228,1.9961199672065837,0.9302911887094587,1.3029110056556692,2.2859098372996076,2.7493942650758787,2.6131212016695713,2.5765965496465513,3.138373753549629,4.6601476195464135,3.651046926302789,2.7038121282021788,4.67839376173595,4.636076212348366,4.970995390899121,4.359232137983708,7.535958588995445,9.295570360926483
8.186375224249064,8.76009228918388,7.453167010382382,6.515780853770817,5.5567771881771835,6.514066699153806,4.136959971224794,0.9217826163076834,-0.36378171457328806,-0.561989633460835,0.8903763086041223,2.5546437421522126,3.976913573068404,5.336695891323079,6.294789021024069,6.235493969983248,4.936884916995793,2.0028035392134718,1.040524055127619,2.196179910135889,3.676764041397138,4.12708434359348,3.7466595180098663,3.4410824858110516,3.544991471018474,3.9230010455810986,3.372812421149694,1.914466777697848,5.88977792490722,5.2221985827717745,4.374623706868009,1.8050708248829086,8.828276301376999,9.296764045255754
6.744165182001861,6.479441199013993,6.620562612739046,7.336865609063251,5.91653552283307,4.995118604638312,4.626255460236165,3.186428826361522,3.8404220315914532,3.9933163847156607,4.63497732909951,4.992058177418621,4.676353791898372,5.319279854133237,6.504573449840838,7.698627293532758,7.5150967364284975,5.432739135444999,3.665444118921143,3.91035666874669,5.616758642706633,5.284689623607872,3.6789266311488604,3.736517215822036,4.376127798975698,4.415153768119186,2.605724772881074,2.055783833994481,6.027372193985729,5.50377320240123,4.0604168264608935,4.783222819305683,9.509499421363113,9.241126006797794
6.749570456168344,5.4498961201892095,5.042512529989161,5.765860202611235,6.866945667388346,5.684842263918446,4.663629820955941,4.641314773725253,4.4392461796054565,5.161657911100109,5.157280980324578,5.924268053659466,6.508191913647907,6.773150944398548,5.977267428511518,8.373202877998201,8.96001679058757,7.209096716101247,4.050101528874963,2.9032316766295674,3.6185388683966866,4.091297739986266,3.194984762379855,3.5263481735014004,3.2996476897516747,3.423190449749256,3.547789794061983,3.914547330213493,6.064977096825486,6.3547565160503146,5.1409388988665885,4.893021414360245,8.625139928054203,9.534299127539205
5.528311581599729,4.743360725397241,4.584708426157457,4.573251988579837,3.5781500120451475,7.502729347394378,6.658075172697778,6.521609660438165,5.867773101137628,6.050262454239611,6.31027063452414,6.032504299512022,5.980830724838656,5.103179895319152,6.024786839564147,7.5224383529549055,6.8577271817296666,7.897663773137873,5.482540011930767,4.058414858109101,3.3347796992108196,2.832116000013668,3.4898330900521044,3.229637288734591,3.9766118400329704,3.1797831178588756,4.899088208962114,4.538050398053038,4.687855374730004,6.34184261814849,5.27309785386246,3.620873216776846,10.117677124390639,9.675338972752941
4.088731124537238,4.908088442534341,4.83820350890294,4.469128525072114,4.958804137824969,5.907316739584536,8.364372977543349,8.44310723593256,7.580914479492331,7.080702183806208,5.435625636860965,4.337770985942931,5.112767874741405,4.765581307842261,5.900640375861503,9.14773789309042,8.842486264575205,8.298412306123657,5.904486511921224,2.7504630947020323,3.1996581875261363,3.750628454889581,3.642705235885089,3.364586325031544,3.4319568586394382,3.4003528878470632,4.448360028380803,4.287951693521062,5.832820676578865,5.80458810385449,4.968921659587793,4.506050211795942,9.327840557656941,9.523947728098891
3.65822642337543,5.430859307432713,4.947095638389834,4.28627807848881,6.689783047029714,5.838259428689202,4.657171155818782,8.706563073469464,8.433086209295766,7.634539423209253,6.440330980536708,4.064796796562703,4.78744169642088,5.454957533383434,4.881328096301509,8.978550135747492,8.825213597237694,8.36064494943789,7.894991664627328,5.242332248152008,3.5807220852269284,3.6418486106288994,3.756085338393895,3.275575300046141,2.885807944775027,3.613110310159394,4.610206565717417,5.838876096666749,7.217159894414447,6.6696560053300304,5.392439188075268,5.345332026447191,8.860530465634662,9.327559589552349
4.180572147221678,4.689100408316954,5.426453612960222,5.528592191754065,4.850400956538615,5.716221730538381,5.05801331150639,5.802624669884714,9.910841244951337,8.698425290834498,5.637843960027018,4.371040662927371,3.801100255638238,4.480572923222361,5.411432112722583,6.575723327508527,9.708582731139987,8.30385419152647,8.756381255767137,6.191303230376867,4.509443638155423,4.027746292450582,3.8491204138252852,4.109553221385786,2.804732735606615,3.2463066945952113,4.1651404567849335,5.494656655451011,6.889178931994979,6.789573261013544,5.266513668106094,8.082755378689113,8.679982378056517,8.885406879711105
5.879020192235933,3.863827196108174,5.881081463440922,6.487784745335204,5.4872513345234335,4.979990972406054,5.96423153712784,5.604530579781724,7.25663131334797,8.886454259391137,6.822328166978735,5.213551087063417,4.889365330866347,5.320453274353523,5.329504099978687,6.842935239702473,9.583867763378686,8.950043503607004,8.22649511839537,6.036970285829135,4.147954916617539,3.82582332103037,3.909851834205844,3.5500242798870514,3.831558493076975,4.22605947836654,5.137118187414872,5.970407947591007,7.065739007206576,6.85287887042498,7.354195841489033,7.2361185878650565,8.360685229132583,8.730769304888067
3.180662845409364,4.251213793360361,4.7148647651451965,3.775461392133969,4.363617527018018,5.263244106047895,6.729341575144761,7.503732182581214,5.714070095521763,9.359501587603882,6.485015407629331,5.138136591794639,4.54740067884276,4.6149044433199995,5.616796806670614,7.960183131670555,7.741808327514595,7.7179189086910265,5.763703661434249,6.475137526142839,5.528752503722603,4.061875658961047,4.58689954103569,4.9858104862313875,5.363785764399159,5.664331534198889,5.972620864065182,6.194631468461082,6.980120008464708,6.495685898540712,7.06231739822586,7.117593044877485,8.204803632574196,9.316637388855742
2.6122171952331796,3.152979222770722,2.9050927190754092,2.5641393128900902,3.4977317653844837,6.051827593891949,7.148698181164447,6.54779053920398,5.179962025027716,6.267673026422818,7.512261633312185,6.018414225657164,5.630571505375684,5.396676001321843,5.919760879881396,9.419654933993648,7.372273635288631,5.720403372736815,6.3093129121204825,5.481592373825138,5.048490004325486,5.278455141249525,3.560522308434067,6.087296095434671,5.541104774156705,6.061302183848032,6.539959343230472,6.506944193509428,6.54124222096945,6.417869691847047,6.42231041952677,7.540201759789799,9.330865195731665,10.020491397653558
2.3837974162339566,3.014934913704558,3.152860833993623,1.422115042867417,2.6490946395064627,5.564402319349097,6.695163262333068,6.710004565219432,6.401976279745186,6.414934670429577,8.543011132824335,7.143460248469951,6.014107196214569,5.336227306950074,6.48075974810148,6.618493886971533,7.9059468836135505,5.5558180314884735,4.72931949706723,7.842169075354647,6.674433333671104,5.879105672908746,6.27112384623227,6.942935945603263,6.04484882028764,7.145483138997912,7.608870331164705,6.664806415225526,6.489437011838206,7.12035717978807,7.41453079063641,7.844586496990535,8.88433043788457,8.788959503594517
3.201112996861538,3.187092859785709,2.862104541766663,1.8071706048109417,4.3756749332807345,5.554007577459738,6.349263206828123,6.81033438529549,6.905351399306623,7.06165143829877,7.67741920506069,8.843463137515643,6.187956995800855,6.9050450666471175,7.495216196514361,6.768685760498561,8.635038644187196,5.86526648952478,6.119347671481403,7.14708075809458,7.029235367680274,6.9799334382454035,7.684246187128683,7.317436052350946,6.1557462707985175,7.933028833618035,7.841331297865362,7.311681799532988,7.031840886820139,7.405838990325889,7.775125052960251,7.61692434874376,9.332040153888167,9.235839552720021
0.9760615425313384,2.097869435329384,2.7237246387742395,2.517193061108255,3.411013486656388,5.832101944037791,5.717933399654573,6.954836244473148,4.311040781135989,5.157263966235865,7.268697402329911,8.178565081138219,7.073408590650431,7.387376175770544,8.467178326309645,9.337196000924605,9.17794152211843,8.842799385829892,6.964750620784111,7.669427683170934,7.45106080301591,7.176271502936899,7.763301321191817,7.9008435746824555,7.094200902721713,8.623466986621318,8.12173025291919,7.574478008189102,7.78967071063177,7.729517954005321,6.867524322612876,7.8686299420833095,9.705078270709066,8.547476607519727
0.18441197987606542,1.3865971515237978,1.4260067223173079,2.316951071101425,2.7557442575289683,5.310840818472563,6.253229266479793,7.239126095126713,7.361273783161027,7.020212502778891,7.781448608462342,7.999710080223963,6.417915647365597,7.1971332577372715,8.229217368914036,10.312041732240104,10.527489228854217,7.710832335246083,9.189741651226212,8.37774477066427,8.788538704089115,7.097307037763797,7.25387768782174,8.694193994419999,8.266107690071546,9.849246294148589,9.176108660589026,7.82130999382904,7.26618091019045,6.422659180575241,6.181158865868458,7.836526139381604,9.684628994572483,8.245417727295251
1.3966174948115833,0.7106081652300957,1.2820033255080607,3.0480989722210974,2.9489198085162194,5.00500585650646,5.841137793638688,6.179887732150488,6.5834999868623525,7.8652687645939245,6.717284965182631,8.168496538456418,7.989870511624447,6.691838398119299,9.027722275603299,9.799373909100723,8.683586808938959,9.053178863186321,9.669701210626265,8.10597493101098,8.378463947969227,7.052759176499291,7.281681592053058,7.967605157754214,9.069093237997016,10.261235196925869,9.55467266752624,7.012046902849638,5.692199888110807,7.153056929941506,6.742752692614747,5.869211969565648,8.74328409721835,6.976892680105233
2.5570256327332284,1.9415310061210205,2.0935233233369974,1.6022556413526543,3.1653082947615268,4.482935050649508,5.464635832051274,6.036069469143337,5.856768233051536,6.593507744809101,6.3891954084194404,8.357397928824232,7.505328469609832,7.328931796003417,7.851751992435231,6.728205605326465,6.832625406839605,10.887804481678485,9.369853452929366,6.850980992157055,7.5256661736131285,8.06392297385399,8.794098076230203,8.336261436943213,9.167345357423926,7.728177387075313,8.61451695054642,6.189330559996565,4.783533282526609,5.90351386357333,6.10126655725548,6.4451259465818485,6.326174981722586,7.052655645504471
3.1210057925017796,3.1804686879183843,2.1487591431994395,2.0761773809579784,2.628875735743692,3.782080023260761,4.783656102147749,6.948803652452088,6.60159745784687,5.966841989399739,7.104234406284349,8.094393955484016,7.485115636450157,6.834571204892504,7.627842450313768,7.468041921272803,8.994498552749283,8.51735283600457,6.3486958397790225,6.7353918435908415,5.936121454253466,7.763129228123173,6.575730439106981,7.5448022070918475,6.631812444551125,6.755191625892445,5.696044790500888,6.039635913449175,5.16243670322136,4.063364544382354,4.866337354771382,5.936597533989318,5.463492079614093,5.746585622289795
4.075389606207724,4.004760836958071,3.6852410217018914,3.436263661462651,3.664455821835281,4.5040188044550735,5.8757496532975875,7.775813095209888,7.165662833688049,5.831630595624894,6.488703160388484,8.484500400575996,7.457921724836966,7.87168871799776,5.897204970296532,7.872304229696943,7.976466692269046,7.821156471857426,8.397041066606285,7.371098932981489,7.840258853564534,6.772922831388716,7.208682155185649,7.4884328509009,5.597901034021883,6.0609932901603125,6.402612879289849,4.481237049793266,4.575455658378167,4.701991911854846,3.9124703085014865,5.000976377778218,5.703149700964339,5.092672056816507
4.310752220455564,3.710604386094854,3.1915461852172737,3.6013454831187053,4.694654181745995,5.079159744609565,7.038857140566622,6.6109192365017,5.707742175312158,4.9713339109023655,5.079051376035077,6.507497674942422,4.834149034393336,6.943921150211407,6.29318176740314,7.325018720317683,7.720075707104911,6.1826205548374675,7.345420045769849,5.587129876385691,7.057665841599961,7.882886292789015,7.899322400071327,8.153117078026499,7.839561821792512,6.443950708189986,5.0514331462396305,3.797372193601425,5.170844169262517,4.497366638860472,2.7582187865772068,4.556697111904555,4.983910583049602,5.573162560214246
4.378583189120994,3.0033332003444495,2.9107767599561374,3.516280298518073,4.9644508570088,6.506187063911464,5.429349362172898,5.221866552748488,4.839293240067803,5.452143809276767,5.840253197629666,6.07528585695943,6.1955927687574475,6.97544567293184,6.678998441765515,7.788975296548626,6.825454193719901,6.823112273589702,6.170791182256891,6.666342318535562,5.7283874550687885,6.278105895820464,8.270971427263268,6.594363110288366,7.155768267795273,5.254116267945835,4.780700394532019,6.3409462157306615,5.088362560316852,4.112314046851295,2.3759115840481493,5.165607493488792,5.594307871017673,5.216801355836999
3.524479997236463,2.6029936579165014,2.7229829529040357,3.3183881908391837,5.043098323121008,5.900370292171995,6.136342284790339,4.741502188123771,5.068770128846063,5.754660554311223,5.660478039669732,6.627016611700635,5.610483766047482,7.407297889287714,6.196299053543548,6.261654790439403,7.071011991494742,6.475261828840063,5.6527000451959495,5.763624131927935,5.383572940736025,5.94818193839304,7.401216943283489,6.729093274475913,6.427469320200732,6.47896381603385,5.7658016375995125,5.119255456510079,6.323551619590919,5.2613479881491365,3.8235625569078673,4.651507959188704,5.116133848436682,4.056051144031704
3.2169242300997754,2.486380907212434,2.2983000255217996,3.0642006515006086,4.476054206835441,7.875402403019059,6.214512950506104,6.014175508507196,5.565137555886905,5.136640573413277,6.151624411151868,6.158816175213392,6.593695768845907,5.646142201007899,6.12408763536946,6.197140100648948,6.674687593444135,7.367065333147332,8.351355748172445,7.0066606275202625,6.483332317498874,7.557361942015203,6.654810290597031,7.176496788366421,7.345319817004412,5.368325118393967,6.539478454979023,5.484987229562866,5.423447512720408,6.384512327149882,6.072578479487499,4.047052714953501,3.8411595108049053,4.701504937007339
