script/wind10m.json
{"header": {"parameterCategory": 2, "parameterNumber": 3, "lo1": 6.000198445256149, "la1": 58.999992894266676, "dx": 0.5, "dy": 0.25, "nx": 22, "ny": 24, "refTime": "2024-02-12T17:00:00.000Z"}, "data":
[rows 0 to 23 of 24, columns 0 to 21 of 22]
2.7138596277444695,8.194696528056925,1.3282764144667862,-1.3362629431780757,-1.8866668554047843,-2.707051839256079,-3.170728740392273,-3.047203856074015,-5.1772736289103225,-4.9521907519908055,-1.852376046453893,0.07295817001918933,-0.42043886780481354,-0.8009245409861372,-2.040864978938982,-2.18431236528276,-1.3532862664851515,-1.952491384694061,-2.5112349690046107,-2.6708528900253268,-2.6271279916688597,-2.6928090810620144
4.6654334610130945,-0.785711167030854,-0.22866075052765603,-1.6924717470481512,-1.9453171162945688,-1.9976287507214792,-2.9574115618239136,-7.5025008331936265,-5.056435907277859,-3.6462839498840265,-1.216592162463395,-0.6406446653969222,-1.1052131293632819,-2.6877551552857892,-3.309805523104117,-2.4381497342020046,-0.9993105143074034,-1.9708184484543032,-2.1342350122220406,-2.7146286982265595,-2.122035627337368,-2.3529767524045995
0.38145619933544683,0.8368809466844178,-0.9401989957278603,-2.2461387596508273,-2.901823992200313,-2.750256591537362,-7.664307525082967,-5.322630339012069,-3.4340996050067067,-1.8291534081034058,-0.42817067309615325,-0.5266833474834476,-1.6589775804789726,-4.578234325099441,-2.607606970073423,-1.6526294719445196,-0.8024962402930276,-3.732082946188918,-3.431483772124888,-3.137282602128203,-2.429425001955189,-2.604986759638525
3.074460773320892,-2.293523427621056,-0.8516408808382679,-2.2402431795855136,-3.2723360025074095,-7.093957956049348,-6.005578566916736,-4.004892486183039,-2.2771169710393373,-0.12402438014096254,-0.5559998828612013,-1.4791253983696278,-1.9267457949791116,-2.333884342728845,-2.2320912905341572,-0.8804406570498866,-1.6269025867680775,-4.268264462544398,-1.8191947489132165,-1.5507366988026519,-1.4461415794653194,-1.7467297440960075
2.26652268217615,-0.718525884916979,-3.223870905317893,-4.627495517476685,-8.462530551596217,-6.036705045706948,-4.727674586281073,-2.4583213725275406,-0.4898541665684339,-0.03483122394345844,-1.3766800886195272,-2.697232857011142,-1.7482431531333753,-2.2219076155987736,-1.748799537443587,-1.0656962618375116,-2.0037923632462595,-0.9110255027222713,-0.9825931819066028,-1.1741662856633435,-1.6372473860113022,-1.7966013876150742
1.1273114518098606,-1.4223237437496172,-4.947860892152691,-7.590383565192132,-5.52999570382989,-4.802006258946767,-2.5630875650755547,0.25002302515262387,0.879422908800641,0.13170617055994366,-1.413351427212556,-2.8848901440052996,-1.7903992537343703,-1.6442234487145573,-1.7961317502477943,-0.8536290157087378,-1.7499549476616267,-0.6743543895576569,-1.3854122829918432,-1.5670377564230191,-1.8797002006898362,-2.388814247110668
0.9993510511725027,-1.7754112959733934,-3.2096758567810775,-4.003094935260918,-1.61736488155738,-0.14770524811689387,1.4371329053448598,0.9342524574885818,-0.26820473288750657,0.3964496331634556,-1.1823516478669558,-2.731770922527704,-1.090417273467136,-1.047126526272042,-1.0058911998772064,-0.5933759684212098,-0.6977143086068388,-0.9235451143326723,-1.5594734473163263,-1.6507930824768746,-2.2009912008203267,-2.4700367472509996
1.281525721133848,0.45152308023321164,0.35207310174733214,-0.03323375895540961,0.5113569741494018,1.6663588626268342,1.1537943952853387,0.5267135072428957,-0.32097214026932686,0.6123923637075737,0.301638629718672,-0.848631803575351,-1.8430820381349748,-0.879223978758535,-0.6276609285558025,-0.8371624833145831,-0.44143095416339434,-0.6998932941493744,-1.853141102354307,-1.7747194896413063,-1.9294466481425923,-5.138630086477906
-0.1641665529400247,0.26987357089183184,0.47847071677903585,0.48422688414544457,0.43630713916966807,0.33354709635480734,1.0333618789946517,0.19293223400222934,0.05708584700769535,2.063487055251136,1.5201758258177152,0.8958564013973261,0.2278376114596577,-0.49693320627163773,-0.4571075481989943,-0.4974856505355805,-0.8469603873727715,-0.5816366509025631,-1.1307949487270068,-1.9261247683375644,-2.3947690165497577,-3.8768055450636507
0.6506095731045125,0.7234546638796082,-0.6905967136329161,-1.0579630027642488,0.8931781849010186,0.5909686799852236,1.5258429435237972,1.3742153233375276,0.2778982746340381,2.141457009678412,1.9523331606542118,1.1602086750952696,0.7865562584363825,-0.15624839446633976,-0.4662695120080612,-0.7568473759367271,-1.0260821196634478,-1.0995628524938899,-0.7310634629669936,-1.8795862124395992,-2.413440457201413,-4.256444025886624
1.4213337373033357,0.520930340376838,-0.021067106614895442,-0.05713436475715701,-0.16710945182509251,1.0165370809935215,1.1879419318593962,1.6774673611703619,1.5579426565017909,1.3829451779587478,2.053849012258915,2.0104762494893462,1.0458197911519682,0.23278979535757824,0.19513251664053022,-0.33842952647086866,-0.9485221971945894,-0.9285571876136269,-1.0010640648344966,-1.6185137892321997,-2.5746051952658373,-3.4962096607495154
2.035619081718312,1.1015745127025862,0.2646574267021764,0.11899850631013059,0.6648844112259981,0.8134105560336486,1.6344766212032513,1.9493468330251855,1.4316098617446915,1.4907160905755017,2.0486192046938316,1.9169910467997215,1.614589956447242,0.49654744212502044,-0.12511837725934755,-0.48837318162654486,-1.0026949518254185,-1.1382798892436776,-1.055638322663582,-1.3653915368150165,-3.7308456207607965,-4.324482935510573
1.7789119731401724,1.5373970337854932,1.1907451234873396,-0.17180260384021562,0.5309039469709466,0.4070161309865348,0.701771132798735,1.052837660849475,1.6852024598972257,2.386038213270552,2.1897923897200076,1.3029586357491008,0.588312293616381,0.059655883196625424,-0.27053957748327195,-0.5095461582699566,-1.1696173075222043,-3.027276447509315,-4.969770774695386,-4.327934954259715,-4.920729603110003,-4.049524183023964
1.4150019015097082,1.290640432979393,1.5834832168552018,0.7451749571850992,0.48955892867114265,0.5817123376716787,1.1652842296714512,0.17867976434765834,0.9348208561315774,1.9187776287900487,2.2943894106373555,0.5445905766095419,1.1197216094333668,0.34660381898573334,-0.43634230155365517,-1.6261861567428995,-0.9354399776280998,-5.7703054955679525,-5.573576187745713,-5.804856600856242,-4.491268268550728,-4.1485205386252995
1.749352151924742,1.2060554244808126,1.286702020973209,0.934569074207591,0.854186655153137,0.2848752945785238,0.5530410602521865,0.9472789712313441,2.2007929580256236,0.7450448458355658,1.767186090352072,0.6921208824977656,0.5393021292652571,-0.1483191703357232,-1.028100549370373,-1.3812463097907108,-2.4582475604767557,-5.213104772967473,-6.297731291279145,-5.201989957743508,-4.715839771601924,-3.8730701095052504
1.4613543133363844,0.9751080974484547,1.2105733749993237,0.8575493602473857,0.7217512256630481,0.8775437195265235,0.791227303951704,0.6667368633127688,0.6489362509655943,0.7451195432944392,-0.03420978425384537,0.4968630653428686,0.4110984152084992,-0.15719861361993506,-2.6205626068113004,-3.408665335208791,-5.183929454826268,-6.36575178209361,-5.605481233482052,-5.069418841458676,-4.203105323665054,-3.643933812092618
1.3774507156476572,0.6441948852786382,0.2617311319625102,1.313312381612878,0.9068157361884561,1.2235770275545734,0.5887648411156099,0.704259049941078,0.9822135378633761,-0.17257409166806803,-0.4278297279118853,0.3742919798564384,0.3523660596849367,-1.0053078745531516,-3.1199646173629536,-4.187308803715158,-6.0583480473332525,-7.672382478775485,-2.7646548938774114,-4.394047603549319,-3.5825056318334534,-3.103830483454058
0.9889367646779902,0.3332302820722757,-0.11864838827837958,1.1597312131528597,0.7039420832727288,1.1074829804541853,0.8543542217341772,0.5164917516751047,1.421415643492738,1.621270750186177,-0.0893732396770878,-0.3206458608781922,0.4839003521951344,-0.9674898493556151,-3.227979821967129,-4.7712824490002195,-6.148403153058839,-7.575321082145393,-4.892699419325367,-3.6252292472944108,-2.6955849575474193,-1.2695033636878843
1.1846732474866284,0.4926019397191399,-0.02734151984508125,0.694169561085532,1.5935527786281811,1.7624568857720315,0.6309886110219772,0.5550960044915926,0.7239669730037598,0.3008757078846601,1.0051170015986168,0.276861674053493,-0.9809927903263903,0.5102608948497964,-2.8166296730693077,-2.8985601997274992,-5.937267779503322,-7.358119475156792,-4.6609674979488895,-3.2885743883120253,-2.0876791282262843,0.4067532274158402
1.364875400167405,0.7651213599773018,0.8743212125997604,0.6664082279484987,1.3196162854811175,1.1833623747651312,0.21206486072198827,0.3838757493496788,-0.11860629020649899,0.19326773573544348,0.5167714271530258,0.9599456226728614,0.014708551100189734,-0.9011248270745105,-0.7604693652723644,-2.951985227776913,-4.213446702579367,-6.4058017529701905,-4.869732685364907,-2.345002734156276,0.16688185708959372,0.7898743137403229
1.150831920661929,0.6771856466704119,1.002830971498098,1.3554529458374538,1.1802429235916518,0.3757364065243248,0.03747322939964391,-0.4260319861203678,0.028456320999249614,0.25115507847950813,1.0929704191820635,0.7850160528346309,-0.20657833165340322,-0.15776464864462061,-1.4309221276523003,-1.5935893191387027,-2.7038383806964257,-4.1035851929073885,-2.368876498540468,-0.9768694625179741,-0.18832428166894039,0.08495636774372893
0.810336916046773,0.6299892175130339,0.9007894988801062,0.9412130410065215,0.5617054102098328,-0.23555282189978943,-0.6770402228004381,-0.0821926961479516,-0.09292367538749541,-0.20538465102585354,0.34949913607310307,0.9194581780187414,0.28321484762904814,-0.6305751248775626,-1.436447315620506,-2.1715765968297194,-1.6556959855195226,-3.422170734404286,-1.6164335904922154,-1.1858988484345658,-0.3069925729643724,-0.4361455849918125
0.8894066954079018,0.8079831544527277,1.0814528089201967,0.20746740882296533,-0.061182596966026105,-0.3646482323544267,0.3351569307463683,0.41223124928720484,-0.08991024220612379,-0.925987317383233,0.24833548098878674,-0.18933487725462658,-0.20312887128404897,-0.0631112805966195,-0.8590392215938761,-2.0136603879240975,-2.3312306085904235,-1.9084855394606794,-2.4515561786847186,-1.441515934779477,-0.7153813320413286,-0.3039352881356588
0.6171032204128455,0.2342292401855053,0.7339654398021254,1.8896575233217177,-0.29129488369621986,0.17659200650981974,1.0028090680198334,-0.21235335696360177,0.5575120237562271,0.3785756038389422,0.2536385678243583,0.13840406571340522,-0.24206530590464825,0.035055408685775294,-0.22148084305691954,-0.813312317651381,-1.5697895746330823,-2.0820827865935927,-2.1798166030490225,-1.868419842402767,-1.0443782433956426,-1.1332094344103936
