script/wind350m.json
{"header": {"parameterCategory": 2, "parameterNumber": 3, "lo1": 3.000054539987559, "la1": 64.9999836372058, "dx": 0.5, "dy": 0.25, "nx": 34, "ny": 52, "refTime": "2026-02-01T17:00:00.000Z"}, "data":
[rows 0 to 24 of 52, columns 0 to 33 of 34]
6.533273821469131,5.737426866292407,5.36874117401725,4.640317372438773,3.8751966759358667,3.0172118564906154,3.1567412613859127,3.5709985057097637,4.7113841324776295,5.791526626878306,6.894746271506392,6.795557517453405,6.902333149256469,5.823456582682091,6.464891900818017,7.775592397181857,9.160412860978887,9.488365046881293,8.209980422369618,5.214586392085757,6.3033864345288055,5.910049600149194,6.7821677792924016,6.93695507220725,7.765292486840137,6.584017771900796,9.489517046508693,10.790599316045256,10.816428469658643,8.981917779474992,8.91920417536129,10.744783991103358,11.85014593711814,10.55213852232966
6.8745350396485705,6.24229318099458,5.539999194403291,4.880598791401485,4.215330328819814,3.8513218335293122,3.893190614383112,3.9039055170271477,4.292485005015153,5.743812128266889,5.590432594531125,5.566402772080193,5.318716007052142,4.43199856178619,5.076770104063465,6.041889288413492,7.361299213301659,8.915578078535521,2.0965374208702596,6.221684231321456,5.614255769339524,8.564971436518647,7.077388670204766,8.11461170582194,6.924487764740424,8.642611680615232,10.295452270847159,8.897394440472981,11.126082554737511,11.75947902503046,10.4145741809322,11.464103477548385,11.585880865875104,12.384528694516499
7.032453049508357,6.18561859496718,5.429166210974341,5.01686156126465,4.4920046286478605,4.142617313687806,3.685825949753283,3.234068408680987,4.00687873569172,4.4009763190948785,4.628796691755435,5.217740853080194,4.348060907942432,3.5088563272435573,4.166694663623599,5.789564531672863,7.138063526778422,10.259058108385407,3.4096106478676784,9.868418779791412,6.855117747162951,9.730676182025578,5.950326979160617,8.968208206042497,9.670170903440754,8.880994362881784,9.709275249319228,12.846144097387002,11.856359641278926,12.161243913523519,12.517977810884997,11.68443170908814,11.917675090356894,12.749364152374195
6.940702989615912,5.889790741934194,5.320340319475715,4.491366023773132,4.156844897493422,3.6308863972430325,3.063561082675271,3.143130926592097,3.011320003401424,3.348117653619509,3.881431844605473,3.9089642300544667,3.3908698511228414,3.5406722187425643,5.31967514078071,5.002347779983242,7.3475114559269885,7.754430945392721,8.995928606328729,7.96876741315128,8.603174509374105,8.430595375599625,9.769015503453023,13.136494587630358,7.832334443717411,8.843939379308067,12.298438826325667,12.137991674433163,11.055004196910538,10.62921038370534,8.980343619337827,11.924866544906994,12.006874901783481,11.411288699811744
6.616936928667141,5.983352942564961,5.289912446873619,4.026572918704633,2.99385099427759,2.5166031264430657,3.1995807241850116,2.3504892129843418,1.4085849383347375,2.2417218658169378,2.282091632792342,4.172780481052796,3.9378596859530335,4.442992731159558,4.8040185509851545,1.8201925675523032,6.91565845534751,6.058498546441837,10.358935370924042,9.407704654180064,9.162290030715575,7.233467628567539,6.340758495588943,11.084741963380191,9.113749189201634,10.546642533378991,11.737799423036527,12.237276057249032,11.896011901894083,11.850874286004812,10.516536263255245,11.440897076488444,10.585237402725946,9.490603524478251
6.68840673944204,6.055065572796622,5.071001876282631,3.8581271146430085,2.363770849066756,2.2556298952028886,1.2254563671172465,0.5886983179597185,0.4939718918513575,2.2755192087575478,0.9947699483254401,0.7679872576687031,1.9225278720285928,4.292083920215026,5.680660946474108,7.425142851832714,4.879081758312338,5.40617285723073,7.534159569244446,9.121150220854963,8.458996690697312,10.24102137244504,10.920874397913776,10.09342516955886,8.475890808405879,11.927749450262073,10.603555656026632,11.532053557397953,11.119652457176066,10.73024896717641,11.517827058692161,10.510332500834576,9.759996714621845,7.8189827939740555
6.6161592236289986,5.7783417182078844,4.5794538282159305,3.189712681974187,2.1482190078677488,1.2269895060514326,0.3737277053845751,0.22957921607815332,1.167973521874486,1.1776236898306116,1.546963221437101,0.258850216146036,1.0649591617078413,1.5398118229600242,5.7767912292589205,4.144838436682547,5.959415505090253,6.676548313769149,10.985011345141166,4.657143836247309,6.529703497490081,10.78334954119127,12.451798061192658,13.308484357890077,13.048443258681713,9.813000442038815,12.883989950619698,10.693888693778879,12.944988920544706,12.599855353925856,11.184034629258742,10.750875740492319,8.740316296797374,5.9304564864513845
6.375143476417607,5.6256334209741325,3.473721336892403,2.0862619537231826,1.5653476281158258,-0.014070557834489576,0.22492146801669333,-0.6469039495656065,0.13880677311085826,1.3009488129876918,-0.3361043093173457,-0.10975567325785392,0.64612908831722,0.30921477750254994,5.917505814365172,11.946875930906637,6.110874671831255,10.508742606789147,16.498099530696173,5.720608811950382,8.980448804115463,10.730557176653708,11.040287365541378,13.293363382657551,12.859411553707783,12.248648751690657,12.088826812152288,13.322154775437205,10.521316673222648,10.575018228512523,12.648796905155388,10.213175669714097,6.166055354206064,4.134997888579685
5.860391945893739,5.224585481046007,3.1846678262902284,1.0748489599733806,0.3084113174650539,-0.27361829706565116,1.3009528953872134,-0.6643695798377656,-0.10645338667342488,-0.47361630121404,3.470202759591528,-0.28772819721131365,1.4604129852518024,-1.6960401271672025,1.8836726917830846,6.706867484650011,12.85428443341132,12.95508751889204,13.15939747508481,13.350870330820863,15.979033217831997,14.489907707271964,12.406062566422108,11.3171917812002,10.803998284979485,12.131267932509443,11.500016840634768,9.886613502466473,11.550993914179049,10.958791541425244,10.929395846865848,7.970701087874006,6.277145949272001,11.393738330298694
5.298355873139697,4.839696579870452,3.6801925489785794,0.5510590293389734,-0.39420344556794185,-0.5295702788947001,0.11421748076986597,-0.2770626129816454,1.0068980046206106,-0.45220462118944527,4.22306956698493,10.884856200621307,0.0036108166779887244,3.7293379611616144,8.952234496213883,11.928425089373244,13.464940846281515,11.83280357826445,10.139765045039578,10.128757677345812,12.088022440529334,10.927105905232974,8.383915407265656,11.868015904338868,10.59453491423581,13.798766955045226,11.221619092663092,11.70182918508805,11.503482725472246,10.232582047509052,9.228089976103105,7.130048531295736,12.373718838600922,11.40923976789411
4.8355147583451865,5.084025202743612,4.105854618842203,-0.840709639548469,-0.7524932503696145,-1.2620093844999019,0.18610751674596343,0.6944551816384096,-0.15043650338656162,1.9063893344374885,4.173557489821827,11.7136569874948,0.8446803645001205,6.599997145311103,10.181720506994678,13.476853431266704,12.88402278933466,11.619161680623673,11.58756673126731,9.638676609241333,10.688757346667256,7.771426304477673,11.751374173089976,9.324979642485777,12.172064816983411,10.11558879965944,9.482060514576288,10.341148882126188,10.470104553673778,10.50511334987075,7.435554625133419,10.282584497009028,11.970085527132882,10.679165650920991
4.074165610746657,4.74630031290492,4.294973566795248,-0.6233855973939294,-1.062493528027622,-1.1220700125241738,-0.03834170139567634,0.1638718963259957,0.4946700091204486,-1.3020734040683608,1.5869211383311044,5.885939119561986,3.62953567780499,6.093906705118144,8.47041302955674,9.937693776345041,15.111856863062394,14.00782945931529,13.14166826015597,12.83350058324979,11.989348799456012,9.79286440562273,9.078276798034091,11.019740366873922,11.78825131963025,10.208573434506562,11.248404641667495,11.750043546559704,11.895403076989213,9.974535819130974,9.858868672823784,10.454306418766947,11.112872682469737,10.557962253570588
3.823245010567345,4.198713849422148,3.170621970889579,2.1085344812904587,-1.141884124648342,1.939963830495875,0.8369583249297391,0.6428041060535956,3.6717544609275246,2.9880711233227175,3.4671054114874202,6.677826598141856,10.572202453154384,10.52315214723722,14.640094159671873,12.880734090561436,10.766801109067544,7.615733524885697,8.350358767966146,7.183714257892296,11.203104493161097,12.779636237563777,10.403156076399112,9.480674162021481,12.308174469735869,11.436316460707854,10.419750259627394,10.562066087633767,11.36938653474808,6.637118232701357,10.250584597248572,10.811548804918916,10.271480292552859,9.795220024345989
4.604635130248242,4.140684189254663,3.6099215733711714,2.789359617129267,0.18311376513214764,1.514567213223304,-0.07186751210778225,-1.047541298395274,2.5437569008667933,3.1148079633522783,4.7582960358607815,8.971916184422655,9.705706855809952,6.822868845455907,9.555959925235296,9.717348835815672,10.200155242002836,7.822513637121528,11.005325875934625,9.302214003475227,8.834456090363261,11.859196908438353,10.736156390129702,10.243550714045915,11.376471711817182,11.255086432815144,10.56388734222026,10.733210444924573,11.055341404004912,8.475071260464127,10.186721979869121,11.127604062786506,9.752657587533085,9.156668071649353
4.873392306937951,3.409624198396891,3.2293681764006816,3.519552959214702,1.9456199467194055,4.64862213762827,0.5373029194000464,5.820304118189146,2.5489631620954394,1.4371384034344379,4.336717155965502,3.3677755363194186,7.933074893184226,9.417376948245836,10.05331626671007,8.588540775062745,8.291677127959,7.735484003543866,8.079086167894985,8.858515791945456,8.142239270124351,11.075028693718107,10.702085595481194,9.539307747867184,10.219967218834901,9.845221081766564,8.930783868579887,10.834710798874685,9.616829990254898,8.661807599546993,9.863716102307583,10.60579299092562,9.216827118170501,8.639183938187703
5.604915034365955,3.2408334414158118,3.158488683910619,2.374918488683628,3.250827744949715,3.7413368798275966,6.441698854108951,2.985490920454968,0.5120387078621921,0.9302368671839757,8.607905403085262,7.671013133851898,5.516442971662351,7.699748225486442,5.72218694188601,7.216098466193866,7.95435368662806,6.567133036714374,8.324869141605923,7.601763524742802,11.127633383895114,10.049016192896806,6.462261579619165,7.801946199970596,9.649956574962873,9.37302265546487,10.719586312479295,9.545438147269588,8.930354394197046,8.708328115987529,9.498327484846106,9.813775454486597,8.562374440571336,8.151697380544405
6.748109039474614,4.159470366060376,3.1381683322398013,2.3976268800716434,3.604033642212282,2.8471095278768606,5.37112548494872,1.0219478024440263,7.679144697353621,7.250835140925686,12.410577861049502,8.636249078545333,5.029898327383351,4.738671495399578,4.10496505758202,4.510698632338469,7.210497943510651,6.391651621897623,7.663382589459727,7.684723690992578,9.3516691571659,9.026356295041884,8.324212826601288,5.41259109869019,9.491219336781787,8.842860435401857,10.052391205713501,8.955859192067283,8.650467074822,8.437809836173937,9.14864142651576,9.038785809057757,7.97087085490873,7.640867478987584
8.74685010008412,5.434965615906456,3.6171402821758134,2.672207254714908,4.751741216855624,3.109103896886514,5.664880551710948,1.7063385516805323,11.042387323203982,13.615211597383672,5.100508918508968,4.914949253486392,5.5441774766517575,4.941763812323637,6.381043270117224,4.832780350633856,4.351614205671329,7.587141924416568,8.235275534538639,8.089318978659032,8.939283673854154,6.741979263297418,7.445106711946058,8.338593534184442,8.57414386360193,7.276534048260159,8.305980738834489,8.151573101160631,8.34993857718559,7.909527146184567,8.673943191827414,8.541512053302574,7.476414633539099,6.6373545481687986
8.533463666903522,8.036042836311028,4.640135286590107,2.0300260625366984,1.881420664680339,2.060180733117338,1.9433184569660535,5.387970760452263,7.638919869074756,8.428186270059978,3.0101268639146634,5.856228006970542,7.778607345821249,6.484300702909674,4.047482722061553,5.7620234170307025,5.638207970313864,6.713713536871285,5.943804556715215,6.987015460761054,6.945630266659154,8.701792614828895,7.339122697155059,7.499410835519604,7.451254992416836,7.80221641354167,8.3490800193563,7.865951707134773,7.098035961638314,7.576227777026964,9.19273545391431,7.136303575444822,6.592659093855286,5.098734565006691
9.136499556074252,8.5084487474235,7.444191850681344,4.4937011095014325,3.197067996978931,0.49029820210058617,-3.77535416183459,7.317683457198864,14.713110803136676,12.164449548185116,11.133353571254146,9.675793262762937,6.411777530958992,6.023949826789634,3.6620646004289883,6.3003122917585905,3.827334765593557,3.926187215183704,3.6504600374313174,5.315589088264215,5.5887854202046245,7.233787608769957,8.758201994015673,8.217259124235438,6.627230815906852,6.788408526778355,6.97383852821142,6.286927193164481,6.533898829146166,6.401157705999716,7.8516342378487725,7.604029432759438,6.553676999873303,3.6955594184869276
12.189868561215556,8.06501578060018,8.341575723652403,6.704963530178331,3.56856068597088,2.865606755514399,-0.5199581007668168,1.1917615615058006,9.860699862866396,11.393972738946411,11.360914043827346,6.075449390384741,5.067541489698867,2.5420009457960604,-0.28637990289299076,3.5813549206893613,3.6015756022098704,4.417194713695287,3.60884362121441,4.592730191588338,5.211904280768979,6.497211324992513,7.743979793207561,7.286713081441685,7.002394154942689,6.847364705090503,5.779825235054937,5.944243293093471,5.58359104549903,6.188382992790278,6.618027804392372,6.213484605012071,6.078854577952867,5.0553396378815085
13.023608377839802,11.877458059622507,7.536568099002359,7.51984677085479,5.646999101340869,2.7685953627112445,-1.1281104944024487,4.654873948241047,11.965787016214598,4.139730668946489,6.112796278542212,5.440907660066013,2.5932358000610907,1.1576422263537554,0.649757721385133,1.2262769744062678,2.4785596704560175,3.3293087395314074,3.1474661801039026,3.562797075907065,4.362712237185941,6.8066720748151015,6.2193464735477875,6.0269708378569415,6.031792628629103,5.9533536601765595,5.426840405941858,6.375704030456836,5.8512376101146,5.272008758757147,6.333769320066523,4.473409070148008,5.3602493535250115,4.717157917282283
13.692392835622265,12.503951470550435,11.462002160652727,7.33287622997976,6.615461090790102,5.712459882034671,7.581301711872485,0.44533079849505325,8.39861237496248,12.08068219696243,2.9274296830038,4.945557399781375,2.083547074956289,2.066350129320385,1.6561111895466227,0.6895645354516323,2.746323238376343,3.351974768290207,4.101133880721714,2.4968204181569043,3.699292182443562,5.646372507157382,5.7529078190587875,5.324199997555606,6.019625613342083,5.002556432966052,4.652792563133895,5.4794946768679536,5.078472040509983,4.33181913828867,4.686315006809328,4.3876412930480955,5.150588095600596,4.432027007714845
14.654537791752468,13.125979357646015,12.218836817569215,9.98574075312093,8.053285712147467,2.936027784064985,2.9585687039247803,12.687441503076606,8.612024348605706,4.7466421283128195,0.8408875062685421,0.8186037755971762,0.5607361449310009,0.03611076307748261,0.04512440337083905,1.4584326825392204,2.004157652953312,3.189018730347219,3.376517371202804,4.363413815070012,5.197963027516646,4.46120760840322,4.489358826382695,5.411298827644915,4.406875712112301,5.503833655437908,4.393791709017299,4.837779656955209,4.580098955070423,4.854525672831779,4.922530104391004,4.690004541784632,4.855491460423353,4.288959427990751
15.276230549031675,14.856563584246077,13.628009263074334,11.722622100947838,9.048767770319595,6.862740265403652,6.660547510632166,13.604901508127295,5.111627789785521,1.251914632685886,1.4064034233969616,-0.8583088218819946,-1.924612812801386,-1.5511137437306461,0.37655443476826017,2.4644609467394174,2.36683153798059,3.6862328647245644,3.9008820302918283,4.357568089558594,4.238722481874806,4.936819816161543,3.8858914686684463,4.395562457935874,4.906708340905797,5.598616580132423,4.0088945881013665,4.744260549997661,4.812769728155492,5.001837111541871,4.614665898748833,4.786571584262179,4.874492524525613,4.07841910426902
