script/wind10m.json
{"header": {"parameterCategory": 2, "parameterNumber": 3, "lo1": 3.000054539987559, "la1": 64.9999836372058, "dx": 0.5, "dy": 0.25, "nx": 34, "ny": 52, "refTime": "2025-09-17T05:00:00.000Z"}, "data":
[rows 24 to 47 of 52, columns 0 to 33 of 34]
-6.862999426073589,-5.095312966801102,-6.738084284949848,-6.412484644387835,-6.557698556457072,-5.510528354167094,-1.7557618125528027,-4.783139278511426,-3.6483515583113912,-0.645723531664101,-2.1773804961685896,-2.6876056500502385,-1.553048184984405,-0.9500364661855862,-0.8878690598748672,-1.7243309240341513,-2.200154737184943,0.43653147257730635,-0.36628325433622083,-0.21015589169841145,0.3931274720581493,2.0130263092142173,1.9892457784292545,1.9345992092194526,2.250281272988757,2.1358714032273225,2.3335724664153177,1.947184385703527,1.8059169705154638,1.699023250557302,1.6265370194527449,2.268910303214552,2.725029953735548,2.7401928696809166
-3.919653826005707,-4.783723000313396,-5.591095064069402,-5.59061853127706,-6.660777882734021,-6.263398030961991,-2.008486049112798,-2.9751053349585854,-2.2673855417665583,-0.24910439987324715,-2.0736990397094552,1.1038451557096736,-1.4461346786044191,-0.8849940913798614,-2.0329948077748647,-3.105512916753318,-3.4352677331965964,-0.40063110778754396,1.1711915629508753,0.7292829193208441,3.8599170792713817,5.245969820172435,2.0805136041450614,1.7899016243663939,1.8339228615041874,1.6171373975090677,2.108174770210114,1.9777515868779254,1.713477295410958,1.975059372165249,3.1307788131730447,2.4367820790771098,2.641338158605162,2.811230606848025
-3.798958636017179,-5.211586245047628,-6.007485565021789,-6.837393274223355,-7.451919948298548,-7.476119575564877,-1.5569693503199213,-1.4338271697867526,0.48929756126961516,0.7243776222679812,-0.65215418219896,-0.9910751598821048,-0.5962688255279532,-1.7511161900893053,-2.32476425919199,-2.9395862709087326,-2.7979698733022533,0.4961633886343189,0.8779903139245067,3.6887288806322354,2.466953385790338,2.8249033250086018,1.9711958612560043,2.925085905531687,2.903304750086266,1.5655802892577422,2.5430680256973113,2.16141066578689,3.3781084669660917,4.889975131573633,4.012030376754565,3.7913213782352995,3.731946652527736,4.2365471191501145
-4.455477710587646,-5.002062371443257,-4.484703907542551,-5.6062205049704925,-6.979401929819256,-6.758923232184866,-5.6219142768622685,-2.119132956376749,-0.2545275770232091,-0.7250478040363554,-0.8339895574916238,-0.3138822400861387,-1.0607184947016055,-1.8651459753627615,-2.6038344212686475,-2.5004131711735633,-2.639629049329646,-1.0343997438733001,1.1007848090153276,1.529467975604349,2.466763311067614,1.8570927916736413,1.9958854633354517,4.954661777099811,1.752339244108249,1.9988197037552715,1.5541964013316159,1.8600285607036842,3.923518370870177,6.40899023557251,5.096257186460257,4.2537102145395576,3.9889723840676403,4.836939658118483
-4.603395597787512,-5.033466346469245,-5.214733581171016,-5.159717522595506,-5.412753757857006,-6.907189531175281,-6.321851427494929,-6.065725751445669,-3.3475692143090092,-0.963442403849912,-1.9935894607187892,-2.745719370293243,-2.5431834067306927,-2.519825464678625,-2.1433336262677343,-2.6012888458070536,-2.7763627313603156,-1.4268958873435793,0.7252980477553026,1.0995183052933801,1.4015905905344068,1.9585406585136949,1.2644707550176657,1.6800101159434144,1.915323551367881,1.3691428315246585,1.6151488797711098,2.0196213498175064,5.5576427002461655,5.5242421670569755,5.518127907328768,5.640678399716677,5.629597055986679,5.641905028549899
-4.446108462736278,-5.793606109303399,-5.571388012511006,-5.451412054422485,-5.105886308587025,-5.060309608506377,-4.8955939183103,-5.361737572621963,-5.479792519294677,-5.295550509406149,-5.399808004106848,-4.613304603204952,-4.0735729606477635,-3.3150444462427426,-2.097734974403203,-2.379626370924858,-1.8054564629631664,-2.1023817985575395,-0.19179088534654468,0.5831050931523493,1.325744731419832,1.7353675438007246,1.5767165241898347,1.5259079115685013,1.6419793404775216,1.9439862771297922,2.0189269278042388,2.376853839729634,5.4968316898602785,5.023065787869258,5.591445107989483,3.3275099437720397,4.52596317791331,5.9311460730948395
-4.754010663608495,-4.105771778432533,-4.597223964833481,-5.0578510781777,-4.910488030006703,-5.035820440312549,-4.8311436179516685,-5.118075110872425,-4.910619549127473,-4.437379639179814,-3.6076250775050767,-2.823942491547101,-2.341959182388175,-1.9359156726294737,-0.8596668622590967,-0.229557485538523,0.3228575944802018,1.9177935743443668,0.3811410290446601,0.6804236239092585,1.327658662918085,1.7747714389481652,1.5463305335046507,1.2481863086674398,1.6879185157401102,1.7514685899165545,1.7858198725085728,1.8886949073373918,6.5042248136926695,5.813556436292443,5.604187002728272,2.2203455711767717,5.36571938830995,5.695809590317625
-4.520523022358516,-3.875758425286139,-3.799896318890664,-3.6950358050423215,-3.980029918606217,-4.6109853067491855,-4.688563471230452,-5.228004412971327,-4.1846791123378955,-4.863909535522299,-3.8289511669029404,-2.443154226794316,-1.4419119298066287,-1.61563870115452,-0.1609993081497029,1.223422988042998,0.8941811726378726,0.5854366478542656,0.41510168469272507,0.6692597036620083,1.091459554277835,1.4296527321438544,1.7843377830977232,1.6494266793521482,1.8774055211190825,1.8164764308733843,2.13796575286397,5.788564636115152,2.870394487768277,6.6336849261149196,5.117432157203361,1.8910841031533483,3.945376355932322,4.290214193070974
-3.734007704347035,-3.2419328287364,-3.032151764983235,-3.4347479966933743,-3.7558011428440645,-4.021797879342475,-4.36334695575141,-4.49475358464547,-4.71586671390467,-4.695057894556651,-3.7325775838117052,-0.3714754573085533,-0.13120193252813075,0.8582392673036006,1.3488913405958418,2.649014198734173,1.891794386260333,0.9669525862451094,-0.47498829572390194,0.022920146336441034,0.6112996549335445,0.5786310884495285,1.4895567418471103,1.284572091109367,1.6034239236063368,2.5727155068389504,2.3243031279945923,5.254949018857212,6.404323125201846,6.146792355324226,5.469087078829668,3.817101299006943,3.5538218606520378,4.243129076690215
-1.9867175023519712,-1.9742113534515962,-2.261194596025111,-2.9674708094916467,-3.29272707780378,-3.8071302491886247,-5.38415641300966,-5.414873022733203,-4.383563001331111,-4.915316966064046,-2.8911661128834885,-0.22484530372935005,0.6801595350314518,1.1052188193039492,1.5959614518756824,2.472880698418754,1.0576914333145508,0.2062044201556082,0.23875332697590074,-0.07841283025775253,0.2622494876298331,0.5417078785372288,1.3796824121042581,1.6297653097796718,1.889962912022137,2.2047097238792555,2.015169135419945,6.0580910833915285,6.898212502563264,5.907814649548628,4.251943091016241,4.518320555096774,3.87240771738828,3.6780937556363273
-1.8966490209071931,-2.0900422212521086,-2.070177349526425,-2.020914585531266,-2.4700570596413964,-3.223116190554984,-2.873676292925157,-1.3925358235368053,-2.6058370037874585,-1.8216600790011097,-0.26643474828313773,0.5188947907710634,1.3434633213534155,1.427198680126646,1.9484325423637976,2.5603660660846805,2.4141970181268686,0.3698976610764464,-0.884607005334999,-0.49228367654062805,-0.9704619262949358,0.11243186571467327,1.6857385773355054,1.7500267955634832,1.836773678305848,2.0536090333068024,1.8120854116659346,3.544002316467819,5.6544014101836435,3.5670863692458727,3.711807266142896,4.042657908500048,3.5615560153393093,3.807143080317555
-0.7496902408304957,-1.1732001381441,-1.6763956995608398,-1.8193520300260226,-2.0935973268832737,-2.032545933931422,-2.619045691331601,-2.799387308130556,-2.296081758092824,-1.8412395620386457,-1.7010144338145923,-0.011249603593325322,1.2335597361599633,1.6348717544005842,1.2803790838077618,1.8885028899984095,1.5486114058973104,-0.24588163339865163,-1.510371346132222,-1.097656838543517,-0.0071455826696773545,0.054042411782905586,1.7761539233337402,1.5779292476072988,1.4619641967845332,1.3064823311027776,1.6849273218094794,3.6481422348714028,3.852656251769498,3.298205856186271,3.0561551634829645,2.7887610615249,3.3555145320111683,2.804374806589043
-0.5023816566409307,-0.8290085790069037,-0.027913947464495367,-0.7985109380822939,-1.7951176110951794,-2.3511536810888027,-2.141478630135864,-2.3959220723062065,-2.8814100906970364,-2.7086106481073786,-2.6950641122300762,-0.7072605864741739,0.6688020675980738,1.0551075719703304,2.38896768424116,3.4912862110420066,1.4434303846608487,-0.8786726408857081,-0.7397721475073846,-0.38282028745290647,-0.4773745163910879,0.7760772236414315,1.204566623944716,4.083692821492554,3.9343996743642076,3.9232733334116228,3.841732424787394,3.8607311158839472,3.0927434328977355,2.6731176157672074,2.870708525157025,2.448806605961863,2.802714624477046,2.6961159216008124
1.0793594322070714,0.9706259690940082,1.216199853349862,0.9116835219123808,-0.6490768343583581,-1.0980880537035123,-1.5081374504907556,-2.0621527957445007,-2.4174397218450574,-3.239608116907073,-3.142368514759093,-0.8037246248054786,0.7794598575807682,1.432743725555026,2.409610377081926,0.9210579392442886,-0.03309393967690608,1.1018564119755152,0.09241692484439298,0.7068696276768374,0.6253532868974313,1.7864760343652388,1.2350616295781378,4.15530525375557,4.56102162460454,3.2745199024268463,2.97110100796237,2.153394374684894,2.2629262651692477,1.898887976849639,2.217835582794,1.9493217845264244,2.3230630136471953,2.3895777539649297
1.2773784465467226,1.182287487744993,1.0614976148734288,1.4223615447605094,0.9585017850299565,-0.13268580327267115,-1.1766658979727052,-1.1475464086174263,-1.8271716928533221,-2.190749311292547,-2.299799499498235,-0.764460000343578,0.6008112917644025,0.8500124244781009,1.3302562129396893,1.9372555804895655,0.5908072346051901,0.4966167342714487,0.6692358677424401,1.4726512602335606,0.3985772893281251,0.4376653368201809,1.5534368764442898,3.139977203099975,2.395681430498693,2.42094234700038,1.5947905327665823,1.44773504977361,1.1757441580084989,1.4559507591651013,1.1998276998303445,1.4496252384950763,0.9254338774833248,0.9403449077416665
1.6097632200347218,1.3286092438521482,1.3374759958835907,1.3308721769825083,0.8668136611044083,0.7026828343618061,-0.45606714631923445,-0.9289878147998274,-1.3367183800963918,-2.0594422559738255,-2.4593440503592907,-1.7445981026153323,0.19623414250936994,1.293874726738395,1.4238911220490673,1.6857473092361315,0.8862297708037027,0.020954126730131216,0.674026565331505,0.7146133842671728,-0.1794444171543049,-0.2030130907417168,0.6370715952975943,3.2989480529575594,2.870275421152298,3.2068924297831263,2.7312689329418753,2.205777612288529,1.334269787265523,0.825004425428773,1.3563685123190827,1.1645451448781365,3.1723751155279816,4.053739068365918
1.6504853415984777,1.5652483411178224,1.5250564279926486,1.435573321668925,1.4543052679070918,0.6089927648153994,-0.11612521619642295,-0.6147759915181095,-1.1329665352754847,-1.630904691960236,-1.7595052591842892,-1.2897766176126535,0.09522494568142768,1.055369074976023,2.321067080601002,0.7302802887621832,1.4088477169164646,-0.6216580593034222,-0.7721033376150295,0.1912814289413616,2.1975605996790546,2.347186865508372,2.079690825489635,2.2449542200866013,1.3004887620262588,1.3539320360996054,1.0689468017673185,0.7964221454115413,0.814286104189353,-0.22227244043140612,5.280255202553765,5.880130317335217,4.357223635111586,3.4494266435702605
1.2258139353301623,1.223063720805582,1.6953539626501335,1.949821484410393,1.752393879858957,1.003579595174104,0.1705679526360045,-0.7700573672335673,-1.246443235719221,-1.708893653337441,-1.3361336731068763,-0.8130738504777668,0.25244855229547253,0.9301930803047457,2.0011717399269573,1.5315194062537347,-3.732147072997197,0.8899327193408441,0.15910246651240295,1.5989943990037345,3.3416165983763837,2.6766148194728787,1.8886344082469133,1.4989737486210715,2.9194201530625365,2.1856557085621744,0.42371852255153647,-0.4070656179114694,-0.21648749987473484,4.2712067856737415,3.801082542300851,5.044019813779417,4.072119476990014,4.235639607663709
1.3511747904612401,1.6363847071155104,1.7973589476062055,2.139889526823788,1.832011057121513,1.2781500053321981,0.6831829274971822,-0.10926423760060791,-0.7236779165571239,-0.8737792247392386,-0.9398252244670462,-0.7986312863546416,0.31284919292646673,1.9707438000675248,5.0379250262668105,5.644835691390151,3.6252419054570466,5.827228511270638,3.7947319025229262,6.009800521601825,5.950317448654949,4.109233141461344,5.303781021574051,3.8804023147609845,2.621495440552724,2.6038149173903107,2.3143430641815637,2.6474185705952986,2.8926673264543172,3.814816053152617,1.997938994319062,2.1665082118149277,3.8343096471296367,5.791708710084897
1.1040883423087193,1.21820536688772,1.452247230984967,1.5372366354456375,1.6351820534235186,1.6701526079891469,0.9770602308504331,0.2620244086197854,-0.3764678675721756,-0.8959674789711087,-0.28020043365092984,-0.5092348716405143,0.2446309692877571,2.6479261543854697,3.7754561721836564,3.1755217590692215,3.296228863418211,5.135017099852522,5.587879852934421,3.393421262746337,2.7052067139702634,4.9336452472017704,4.234518523778403,3.3606648619839516,2.8797835788783885,2.677813423824085,4.793656982794878,3.447904248572109,2.0047128153318545,1.5461151372718045,1.9741508278979258,2.426959002040852,3.043634850670266,3.084238571209926
1.2375129582910567,1.1389835142503983,1.5872427562353157,1.2607006459229504,1.259507592659144,1.1454778567561736,0.9897078177196988,0.9321170749436938,0.16023975511669164,-0.03747829306186753,-1.1190690017803504,-0.476618950506724,2.5162129071020245,3.4841148176344,2.4826730433911757,2.4834918943533872,4.023405442318235,3.4366425252440704,1.8342573253720804,2.6577633480066742,2.2887407391130163,2.649973537254405,3.516586340128125,4.707543863973982,1.863831703472762,2.6809202420536384,2.0760793652779466,1.3886672146442274,2.0767436336532645,1.2247394302143662,0.9655886821614511,2.0532860797892485,3.0533199489307314,3.6948699301715626
1.8948613030270538,1.5911397072978202,1.427223620856523,1.586830483157804,1.2115713608600898,1.2414270880645701,1.0234911442744872,0.6998292440802862,0.5698032707650427,0.317434166709662,4.977133265093702,5.408402930708395,3.069941243993194,3.5096353659989337,2.5252232246623705,3.0754025895416075,2.6533043162940433,3.1270892664620042,2.690390582639702,1.9181895075605206,2.9293988034490686,2.3994515909467555,2.718724808862354,3.893749452481569,1.9135247781431544,1.7455425179038342,1.0450989389415963,0.1848872874627833,0.9933736808726529,1.2380782282457468,1.2608396376652093,1.4816102011870929,2.1504514449659444,1.8863678438624503
2.2482959573721306,1.5172577825408857,1.3271709902260942,1.3829191581265876,1.3264133906524103,1.1709089350030601,2.7247886451858094,5.414363248388185,5.041262592176136,2.1653863507017506,2.7831017906169007,2.937405147220055,2.069748391404158,2.202588073075529,2.1924238978166235,2.1421213601106537,1.6435277413982687,1.8898483914077024,2.128861598665366,1.3101038353945325,2.299834628726025,2.341854557505021,2.0326028561628737,1.607302881709311,1.7980222765877036,1.504939084710561,0.7943885101948531,0.4474064023658145,1.0119254203851418,2.1385692030577403,2.2627708294282516,1.251058278681155,1.7690029899407538,1.8210887063418093
2.4754741464964707,3.03832342342366,2.5734151330449113,1.3257164529679577,0.7651746505170306,1.1621550536945089,2.3728940991303733,2.848346019327266,3.043084858954535,3.0720633192347777,2.4547311012871953,3.221689755370339,2.9559225132412883,2.6266509737254187,1.8263292660661057,1.8677741542455775,1.0460966017450597,1.1583160832172281,1.536614882742753,1.1068381148305215,1.3393949121956046,1.326400508236568,1.7413352884888427,1.6544542867019838,2.328102597951416,1.5360682465023885,0.5235626575707264,0.007238513361438348,1.4338177940456345,2.146920920270421,1.3094138763732337,1.8383205390828026,1.7012576161648048,1.9967436366804336
