script/wind150m.json
{"header": {"parameterCategory": 2, "parameterNumber": 3, "lo1": 3.000054539987559, "la1": 64.9999836372058, "dx": 0.5, "dy": 0.25, "nx": 34, "ny": 52, "refTime": "2026-02-23T15:00:00.000Z"}, "data":
[rows 0 to 23 of 52, columns 0 to 33 of 34]
-4.506631361745148,-4.71406290424429,-4.4763605510335776,-4.2898827610299,-4.172619753495462,-4.028437231048499,-3.75185483880996,-3.70830396156538,-3.847002539146206,-3.7084183738040437,-3.348819887268425,-3.2178897328877274,-3.3418574757221804,-3.356938077884448,-2.948656177209905,-2.327283324025159,-0.8083980499216488,0.1858153468034879,3.0411103507607167,3.3677764612101595,0.15441499958810723,-0.17146873883185212,-0.18140308364529362,1.2211112006514628,2.810957639551082,-4.700684259642041,-3.1266362085915596,0.982961333390962,-0.9136836296497866,0.6190713609781013,0.8674317080024885,0.8209017907170494,1.032806489803265,0.3943534906514014
-4.629321010257567,-4.363828629810987,-4.474563763193364,-4.4112970645362655,-4.360239960542404,-4.259240757159669,-4.4128812954401475,-4.2633328518997855,-4.193158291577764,-4.086965039220782,-3.7406776928381156,-3.7135884492545803,-3.558872957532067,-3.4071143516645432,-3.0943168430308923,-2.1824865885269524,-0.30972750256424836,1.7793923650326748,5.292740977489412,0.1660695163785802,2.1180957451034295,0.7248586868223612,-2.3277559609751584,3.323140313565213,-1.2994036316938748,-2.2515525198416926,-1.888491767258911,-0.8034449329152052,0.8905781871362026,1.6768601621345756,0.48979144894774884,1.8698136219577408,0.7842590163138784,1.8559781309095313
-4.390289780132783,-4.476165545617291,-4.553971140186606,-4.879262952096629,-4.830099939247683,-5.0870435975007915,-4.903202707652049,-4.662752297510279,-4.467963999826937,-4.345326996053851,-4.183972769330975,-4.14682889639287,-4.1624037065006005,-3.869624531547704,-2.6371352128342584,-1.2236211541356405,1.1329178561571076,1.9000961777556535,-4.530685167138841,-1.0861455117324303,-0.4573465560608415,-1.2108295797839603,2.816056156149369,1.3605730312402518,-0.5953991772646012,-3.151093985471468,1.2351205873781457,0.4553928401782025,2.1180526101707575,3.755649476015282,3.399676672425639,3.1302420279617706,1.50760889734354,2.8929898691194467
-4.615572081428721,-4.6511148083009255,-5.19527770287534,-5.318860809793811,-5.4271469650210875,-5.535451100734696,-5.269708700598097,-4.8730521643464915,-4.77398705497478,-4.621257077438855,-4.250561979128994,-4.0681003370933695,-4.319925569064084,-4.100466532808445,-2.8102935810242387,0.37482550032472556,-2.619584884535226,-2.560302822288113,0.24309294561200734,0.9478441373461067,2.7301897228281646,2.08330067462545,4.156257029083463,-1.11345243280921,-1.1597149675995444,1.2952494766564495,0.9267416512282057,2.4759102340785875,5.074545018128439,1.481857168542325,1.2925802021827837,2.502474523307737,2.5507181488676647,2.213864628887948
-4.7353345415979,-5.1723662612447425,-5.426102105861377,-5.407370749854784,-5.304470431517232,-5.409335635913114,-5.490037818740248,-5.3162877937476445,-5.140589322497549,-4.646340247376921,-4.207212719281949,-3.7988857875130773,-3.497252668494248,-3.1901261208510556,-0.4802743985000704,-0.2681905687683744,-2.1120841949500386,-2.197271894555545,-0.08950765064605419,1.4764161781051997,3.2120562678014575,3.1329426862757583,0.6114886314708665,1.080302511836039,-2.597106191080129,2.8829369775674674,5.99930753176799,5.600886348365746,5.085047446729791,3.2497708874085096,3.3709834930119116,5.249836625795005,1.255196758067199,1.3263738659226478
-4.873144320826075,-5.023795015221602,-5.133363284047922,-5.22924768193447,-5.208233268904819,-4.938111809479947,-4.665723034442614,-4.429055220268124,-4.132940123571634,-3.546318210982489,-2.8623248373275496,-2.428585926400015,-2.7219783290970407,-3.155646812989572,-1.9360060541545927,-1.2290346471648876,-4.576140847281581,-1.5852507065875963,2.372139354844926,3.1329593260640944,1.5888791020022035,1.0630154857427239,0.9891519816248412,-1.1219140210737855,-0.39963925463462807,2.3453834471650032,4.646450795191419,4.751699440451971,4.043917863853632,6.062968916819753,3.1612486425250914,2.619061575162594,1.1741622657975783,-0.5140949380572841
-4.477252010229616,-4.470927368203592,-4.553467140711235,-4.426097676860798,-4.4753078926762,-4.377171366591883,-4.203702763280202,-4.1742505499279705,-3.93743210738112,-3.944061716233908,-3.749042494062361,-3.8120946364825112,-4.55529889349654,-0.6286569801198827,-0.8163458797906573,-2.1998905942831675,-1.2735238793808232,-0.15684340373379915,0.43655983179660107,0.48656383804549114,0.8106077482822175,0.10960878471034816,2.8272515269891763,2.407659843207325,4.415771036210049,4.72234445891276,4.005963792747147,4.806631018477562,5.329898343207603,5.968438263471883,2.574275379983475,1.9381802791313993,-0.9419985774155578,-1.5341844059850644
-4.16250012414339,-4.235595103076865,-4.123620891754323,-4.145841810151858,-4.257648842988247,-4.263637114103033,-4.201497512904257,-4.30958185585109,-4.4027191486073765,-3.691786404589337,-3.0348501919526663,-2.230436040686006,-2.3471256528209015,-1.279915760992835,-1.0978916823933076,-1.151880666051392,0.30642597875016786,1.5269314891752013,-0.2744190149255266,-0.9853040671697056,-0.7704795897401295,2.291473359789976,4.464630105653305,4.127345613465624,3.554063034913521,3.5757311720150438,5.069556905895207,6.158899069870484,4.253408917138613,3.063997945703559,5.82104377154755,0.6296552589946267,-3.3084790807641076,2.657980743853739
-4.6760780213111754,-4.6497363162400465,-4.528608407672918,-4.152991382203804,-3.72469469161555,-3.6438061179698145,-3.6873205491532257,-3.7884340957163096,-3.366967122467828,-1.7105867596848034,-0.6594266170117393,0.2851727605498097,-0.5141908806570765,-2.3016087432535177,-0.66919791703685,-0.05415218663372766,1.6500618993060245,-1.679640446408178,4.620269077219844,2.3802359310685257,-1.3850643052451128,5.460796053145076,4.981190417269554,5.296375813366799,4.710788492549041,4.731896408238158,5.172668407772322,4.856064485409881,4.3886742383895045,3.7546541354927165,3.869772541747984,5.383711347672381,5.555469167282721,4.632360940906837
-4.436601267220954,-4.2720366044970115,-3.465300211763723,-3.3980547222696007,-3.857764477598939,-3.498314399400771,-2.826443385585775,-2.3971747461251733,-0.7980372350902376,-1.4929465178134045,-0.8485163841171898,-0.18870640357453952,-1.5900199598116487,-1.5689323034768927,0.6111391357718128,-1.2421609018120658,0.5814780046999076,2.039347840577793,0.9273269224089339,1.3153441182217755,3.301347117602563,2.7889702209629954,2.21333257010383,4.693806683176071,4.414068617902487,5.047296967892415,5.27794928517588,6.260189745808351,6.348233983716567,5.093439168793733,5.033131293441503,6.8340607406545715,6.397094620679694,5.621507650389971
-3.8572200216653774,-4.100514996474111,-4.1573013271130765,-3.5597046578471834,-3.3607684045622235,-2.925836895143356,-3.186308936580632,-1.7513864340391558,2.2587850487032974,-2.0341053530990827,-0.9272965005561062,3.0519500003437483,0.23437509764914813,-2.3913024394466444,-1.9946786473375662,-0.26625893407427725,1.7221371957811988,0.38155847232283774,0.12676315202516242,1.7548824905822409,2.9004513125848774,2.7496844087161483,3.7964199975005464,3.2284676471006346,4.692355624696814,2.595069245574282,1.4902435112957828,6.255466235584758,4.2674038541881,5.6488999949610745,7.046357597263823,7.2879456155724185,6.863863457673732,6.097212676453607
-4.572104040065299,-4.53887180925025,-5.70709671442004,2.64697346905683,-2.982565788799656,-0.5273898544094056,2.028326576809314,1.6521056111292942,3.7351469709280916,3.17923450655841,-0.07582320134186857,-0.5872144111356922,-0.5457259074112631,-0.5369327040493195,-2.78964190193148,0.9864342957034774,1.9703036803983232,-1.7669236823853807,4.656205912826433,3.6481113919769204,3.678129931025159,1.7865943708413667,3.237100474138141,4.253837660527271,3.646520656544302,4.454755207332648,5.443728723440328,5.242211109460908,3.923633967309373,6.714244413215945,7.996318269512476,7.733227152429609,7.176852859356493,6.6854004120085495
-3.308711945937272,-1.9220080785881335,-0.40093152720320824,5.8901907316362,3.665225100218548,6.459751828458512,2.5471593324622943,1.0838802865857433,4.5526643194988985,1.240215334846085,0.2946562652227425,1.045693687739288,-0.9695093722538073,-0.7072176808699183,-1.2181417766935343,-1.9056385903890687,1.7956414708254615,1.8641145815026752,1.8416404427365116,2.0655947581543344,4.392108691023837,3.6865338381014285,2.5986565538250956,3.9225678744293546,4.425753593462231,3.4595721736986853,4.590701946917636,4.807479779365722,3.3427217805709533,8.572579788540752,9.06819703216817,7.936454796003483,7.268431140366846,6.8175171089781115
-0.06142436139357177,-0.4391930904832274,-0.8067207013442894,3.2496604920939824,2.894829213354098,6.071964445478044,3.918143680443365,4.15663841255963,1.2956644493549854,4.726075253165817,3.4015844333425647,3.020995116999327,-1.3292689438667997,-0.04828123137552717,-2.491778633952546,-0.9326367979818212,0.5208297549776768,0.6318916584311962,1.3882849268343431,1.9326292593130916,2.7464387042720397,4.174403436830112,2.3092830793402244,3.5283353599108622,3.6583057571753894,3.7479215360803755,4.2870262616986885,4.875458840581513,5.114316583047527,8.06616392928168,8.559131851957229,7.403112442898037,6.806031318457101,6.782403657083405
-1.3654821465060505,-1.3582350393611717,-0.058376363845065324,1.966338459101837,5.368138560041434,3.334117237636642,0.655865941082501,3.1711929508456893,0.23228979398188587,1.4942404440833916,1.089943305829042,-3.50015273793438,-4.082372933321734,-0.0905097176189821,-1.4346203628483238,-1.8585312912934913,3.8798274421843315,1.5536203358211167,3.246730341576129,1.7442355698903862,3.0058137208991984,2.4266381312375644,2.7497451957144707,2.340803010633788,3.3253995237891276,3.9430795483213035,4.144920399365349,6.223913069417857,4.59607537578651,8.060188510546993,8.596879196153946,8.563576759959425,7.205783942028256,7.737382421993696
-0.5210225088483075,-0.865705540944403,1.8976674880238593,2.1395290666647426,8.815172774260352,3.6122158731442666,3.401834761972714,-0.3808539230562247,0.859984249140896,0.9444532612664952,-1.9677694151114058,-2.837261237883195,0.017212380658251883,-1.4345240968569106,-0.014330831466464331,-0.9841637968118815,-1.793427484300526,2.3589015836837817,1.5371304158382204,1.3210757760402976,2.9962469690016005,2.348050356383849,1.130793987371043,1.7064910677724783,2.633541617093921,4.411034445028659,5.713808440038087,3.1680183337678285,4.068519330818528,7.56583214738699,9.366960415711977,8.493562918830742,7.141683525556379,7.676430168820072
-0.9850428907836833,0.46678866905422295,1.2084028467246122,-1.9730285899454563,7.330958268874536,8.733928553039732,6.883629052357171,8.098803805306897,3.4304282848919674,3.8675826111491505,-1.0714624650119327,-4.485228454533588,0.9380469317747074,0.7283422696507968,1.1413720048982916,1.9666918931942283,0.9382188542288444,2.5750918079929526,1.4581776375340978,1.5563664614212904,1.1497706357462463,1.4109461197748319,1.8820537781313347,1.4258588461037542,2.6416378799547267,3.79471472743005,4.752665962095654,4.959941745528328,3.227006106403791,6.463181759523129,9.186235439209794,9.607411074047814,6.436602184406001,7.017424511097065
-0.19282574890632936,-0.6555080585070061,2.7968381708371552,7.500834150271944,6.586793747420192,3.5878332768033294,3.9625314050578337,4.1013819443547925,2.8649918994407004,0.1603248894991188,-2.069476488202724,-2.6279280417811526,1.4150190534360647,0.8986722598555753,0.9215529549261854,1.1856021863953183,0.23848873464938095,-0.5565173816004426,1.1291985419511146,0.6666814764051019,1.0988440972935885,0.09631982293374525,1.265692882574502,2.094967050911807,2.3925623682734516,2.694569980363907,4.71304648835518,3.6749048962559185,4.03208896212383,3.922032009890064,8.71693636602396,9.725357574870777,8.508537913876712,6.384933846128794
0.8574835303876345,0.86597192460577,3.2453177835568785,5.024555335105839,5.568493888799884,4.874066930996165,3.7796128471262924,2.7134351937478076,-0.8074605107510494,-0.9745925101392372,-0.3169721899401436,-0.3848447650415734,0.2152248242629491,-0.6818428101985997,1.2975200146605539,0.9580154771326168,1.8299470278767958,1.0243861650288317,2.243921161165427,1.3008713167970547,1.0847304882650233,0.8114840454453727,0.3788744019128356,1.3634426641586581,0.7810348836704175,3.326216865778335,4.346031332338093,3.70621469489852,4.408500733373509,3.438846821444932,5.101788543036166,8.82264159770204,9.104247250286859,6.323049707292032
-0.5754231061235385,-0.030867407267142148,2.346772292777169,4.187334508292994,5.533090000648644,2.647207764757464,0.5790449753929569,2.727727384819326,0.10150102244148758,-1.5421868042488729,-0.8930193266143971,-2.7480444488668523,0.01149072364863188,-5.292334359860421,-0.0598798855211518,0.4397505755039303,1.4744579778356441,0.7645034487164049,0.9982072834270467,0.6258264561513677,0.5764449574105456,0.5457229442492371,0.4326208432009862,1.063678348168098,0.7206964672934628,2.3790093163642534,3.5033140728234446,3.5309023327482416,4.188515222790518,3.801065159055813,3.332649719008799,4.863580380760465,7.566357166263378,4.69034728208191
0.4856118511990837,1.9035285831944566,2.356058844547221,2.8433736094028563,6.298215331963399,2.5782068080565277,2.3482028138207194,2.758810743577027,1.5641832824562418,-0.4809409173457165,-1.2311202725748982,-2.7542012586730666,-0.756660040828296,0.6732977076544571,-0.9103136710190456,1.3011689913663305,1.1095207364274113,0.6602459941060874,0.2961888404754849,0.3379500408886989,0.5291338260067733,0.12222921486531685,0.5485529431599971,1.0201486980159333,1.7857831694631565,2.1178433130997476,2.7742569658153076,4.246044729193728,3.905033678567542,3.6450429454179814,3.4661872720258806,4.309549950064438,7.280771644873663,6.098958348369639
1.5827062274184085,1.2416468860181331,2.052516514224441,1.7137216180955617,3.9721545201046946,0.674436574842512,0.13100439795082158,1.1430197968694755,1.562960427419608,0.47715065475608626,-2.8171686239121354,-4.100307574817477,1.5312958433394046,2.290564419714929,0.22162603880339127,1.515399983107597,0.7289516539292074,0.3720446937365066,0.21787841020437707,0.472138786522024,0.3232668070487872,0.06871733823839822,-0.011102575031017237,0.31572395959550187,1.4943550111459543,1.242543551921142,2.6192804542884445,3.201451971219258,3.2474670603608713,3.5925669250159697,3.179942558004128,4.4460352322014565,4.84801568465125,6.138406665406679
1.0204321924422899,-0.18895745917857135,-0.3162796442572472,1.1685396179817542,3.5343151419286603,3.8670563739031616,0.855185671851304,1.0010881758162873,-0.6001360629705319,-1.8260346957184528,0.09102594576091791,-1.1648385117692632,0.3558485084017521,-0.019294208961246905,1.0606105354690984,1.957613055934434,0.5328287512784368,0.3279773918514478,0.08996535765217539,-0.5302887690232986,-0.5794409604077488,-0.438753954426385,-0.1794142857746255,0.5432084098480906,0.1430708043434358,0.297266250626841,3.0677131149333605,2.9346803101606476,2.996466378187025,3.9408683891366136,4.080283291451866,3.813558725196721,5.504533804269519,5.808559095463518
0.7291686461067726,1.1885911183604354,0.9444472194890173,0.23956474230547717,0.8642465786934443,3.6665048488563095,2.6955588650932207,-0.34507557542665185,-1.2805964634202225,-2.07447275271731,0.9440312798703195,1.0349311302621707,1.9866445998902669,1.684865004356743,1.923933352484796,0.9601026183343525,0.026395237785121668,0.5810668823465588,-0.3738484154195241,-0.008314950847606738,-0.1154504535746916,-0.510702042633131,-0.46772321972678554,-0.294511662846157,-0.5541719151046721,0.681440780141786,2.468644645794386,2.594892687218234,2.575213342235683,3.0899157745355854,3.343701542810001,3.841517248514164,5.672329810542907,6.29623857040035
