script/wind10m.json
{"header": {"parameterCategory": 2, "parameterNumber": 2, "lo1": 3.000054539987559, "la1": 64.9999836372058, "dx": 0.5, "dy": 0.25, "nx": 34, "ny": 52, "refTime": "2025-01-30T09:00:00.000Z"}, "data":
[rows 0 to 24 of 52, columns 0 to 33 of 34]
1.625742326780945,2.225926637065371,2.199412834537648,1.929509602568749,0.721236057542929,3.247760146871745,2.8417495657834233,1.4067453468651976,0.2652314293146561,1.8210259993010718,0.15024723477818516,-1.901945311153492,-1.4890951065844753,-0.31631949533250736,0.26646888477112024,0.34789170353404114,2.2147346493538187,3.8293165692405986,0.8449499601385247,-1.2141326074617336,1.8632856319850895,2.7033629329298594,3.3779343342765036,-0.6154016043222974,2.3574248223705383,1.5739178474701179,0.5391381210873007,0.04855829371596433,0.694534731484144,1.021253095643142,0.855083349325247,0.6513686139397443,-0.46879790929928733,0.4177734211961825
1.6773862883396242,1.4772887696389811,2.202800055194668,1.5429091906549035,0.08491961678207474,-0.1017714548360061,1.7243254340087195,1.0645835998834834,1.02940330675075,-0.24661739861207183,-1.342205456555817,-0.7227866809415631,-0.9217617677813423,-0.5075580431227613,0.3339536516798652,-0.43221755127993944,0.02561674604549638,-0.5828174824681623,-0.6139439548235521,5.4522718943751105,-0.200520762721195,2.126671557760291,-0.34324148422940504,3.4497188876311413,1.1503485903793707,2.070473510146853,0.709898593021679,0.942227835572436,0.17289363526871918,0.7601409752789673,1.6190720907917566,1.470513839268548,0.7478612737531203,-0.41986901940116944
1.3103370551808273,1.3874946028343933,1.5258470146526324,1.0173685151225629,-1.2016091268408913,2.34941660401903,0.8912016806652292,2.151345683328207,2.60241224158665,-0.6115527467584648,-0.8352685941056277,-0.5663563060498262,0.0180651276265464,0.8897586819159717,0.7914910006648491,1.369394716217572,2.3070450763854886,-0.23183892900891734,0.5980647407643016,0.6984934419292177,3.2828356168178785,1.6484686842883303,2.02093574857365,3.591702979939792,1.3727356778704083,0.9835610424453969,0.3799951001540595,0.7518216850613665,0.7114528208215466,-0.38447110174059834,0.578747511536368,1.0186216128187118,1.3812217597523166,0.41539701249586636
0.7112659713020681,1.1701194032216216,0.6290859259246095,0.1534351838551674,1.5625035864797292,2.2068520635485798,2.4687999175932793,2.4078300820755585,3.147248351130743,1.9635189830111384,-0.19703874230553114,-0.11786367813288025,0.3607025945935991,1.6532489389929907,2.529189755570928,2.7598476947711963,0.35472143621414537,0.5405000597192124,1.1826862575634325,-0.14166285194389538,1.2916856286593899,3.3544559152136624,2.1164146869628353,2.3516803328804357,1.6207772333892259,1.3060567292122722,0.8704983665678172,0.46494713756264755,0.6684242716455308,0.7040895122503903,0.264170511141653,0.3818082890515957,0.8552399025506255,0.9861458684751623
0.4061526984837437,-0.027464034747618403,0.09246510843651826,-1.214062998270026,1.0731773170003474,1.281146726219625,2.584185329649168,2.634993539956578,3.173478976362734,3.7342238670079366,1.5633492300165217,-0.7484839700437264,-0.7269523406936609,0.5114674700415267,-1.4073934683520866,-0.2645461800813889,3.352220678225152,-0.447452721983265,1.403590139247691,6.054942103864319,-0.14222314038779846,6.050757569011125,0.9774728666816886,2.0750954179049876,0.9780487311685558,0.6520587323017901,0.9498763693259242,0.9291005077931274,1.077065846177458,1.5663855269305573,1.0075557031494722,0.536197772437323,0.7064689951164526,0.8540480361964998
-0.12930053831694327,-0.5958610021164787,-1.394794265298285,2.7963260507347187,2.302109737879192,3.20433961480523,3.6239435786834866,3.5883436393835133,3.8466805049608315,3.756173536125656,3.496340423878519,1.3552389294519998,0.5644814599145747,-1.9649669822549336,-0.24722116376698847,0.4952080024365042,0.4433755611763368,-0.6243688289191621,3.1020599269831584,0.45896296862076086,0.9030373566243652,2.9689577187876495,1.8734596524785385,1.90195611903849,1.647583077249374,0.8739928107602998,1.357493099499035,1.6887163329246775,1.1412066315141562,1.2107113948361459,0.5755449021543529,0.9627699502094549,0.8753830232430619,0.6621405473380243
-1.7477442948553599,-2.6708057646186463,-0.1076379201943403,1.0593140909408194,2.3909037162307984,2.642817089977918,3.1178521458508515,3.829493687148005,3.6676528351729174,4.053591625375414,2.3095146739168197,3.7831162965506704,1.4280546804415646,2.795180864453735,-0.5279141259564425,1.821226750407233,0.22706867067745568,-0.39585318671252867,3.6041420642757633,1.814377700195445,2.0140772626803525,2.7511282563308264,1.8256014554480426,1.522081073650431,1.7095548812596792,1.3506633353270208,1.5440684545672188,1.6738649199691138,1.6276014057601793,1.8997215025719543,2.1332195572728865,0.9658710741539097,0.8749864073151488,1.9154004574939691
-2.178328208841554,-2.077542365385102,-0.03728385905999403,1.0068764291321404,2.1551315527324704,2.4273435742443943,2.142774857221857,3.0855509669628174,3.205354665305347,6.104587467273334,2.5311009438713414,-1.539631421963706,-0.39594397384684354,5.813057441310453,-1.6001951112213362,1.0390623714026037,-0.3556734483335996,-0.24486336087977978,5.009002319906613,2.9537973018376866,4.112823427290665,3.01442774877693,3.166053351044564,3.035693823413119,1.393904673645623,1.39813496016085,1.836623591108469,1.6426237521196283,1.846690462436891,1.7003791406941482,1.9070450967060442,1.4354837974727326,1.5881545988974408,2.413043386054101
-2.5258020893067825,0.773057242522165,1.1136985059468116,1.3498313123404404,1.3362678609058734,0.531853386615828,0.93438900167699,5.125767520179,1.0235488406516604,1.7328447333366979,-1.5612604635247636,-0.5430463237131172,0.7055562409940567,-0.3819779526778118,2.84721698481696,-0.5726674148958819,3.7434383173929535,4.97888075435595,-0.9421831181488078,1.190117777310906,5.774303196624907,3.894327128800423,2.013169874865644,1.7305285963665622,2.3348786752259,1.9245529136556896,2.0397921878403187,2.2013652584869314,2.0263704316372375,3.086893381288963,2.5187162773608978,3.104415347716894,5.171545906508679,3.6929671401928785
-2.366676096530941,-0.7370562849216188,-0.1323265620303074,0.27552086170002443,0.11283990512584664,0.322339360967642,1.8485462242491886,0.9689316128560406,-1.557346417538868,-0.21360961307798995,-0.32461126036043303,-0.3850245219066354,3.4214317030517196,4.876801231492731,-1.1177615505290086,2.993134247855437,1.8813110285647276,1.2376557731266382,2.857841205177696,3.0269342212288217,5.5379368673686615,3.02049265925116,2.5702128471422445,1.9999786975883218,2.009184335955127,2.250294716449077,2.3170608553963987,2.583329611510184,2.8633558395147753,2.657454568290688,3.091406628176587,6.617222091286753,6.174760420803894,6.80578778144137
-3.8819192176015926,-2.620008036112334,-1.7799635634671647,-0.17898073220080649,0.3933125214459182,0.4656660873971663,-1.9544426142052702,-0.5319321922767716,2.1831515603805,0.6585223141000834,2.7993419674023405,-0.8345171177945178,1.611251316353893,5.8482366988217835,6.333291725851509,1.6103323019102014,1.053284774285718,1.635768043956929,1.3253152089711009,2.4968279110162355,2.2790806510918338,2.398315150905471,3.9478023614011954,0.8380939454272748,1.878399865701875,1.5090272364121233,1.8296843618202536,2.706573887038192,2.8443775994840657,3.242909822499717,5.733618714046422,7.153251828287303,7.348423260640558,8.780608948324165
-4.713143163130726,-1.7571195573692773,-0.06986479751817883,1.7186930932246782,3.2317328730371453,-1.330621819185533,-1.115972392437031,-1.5789174818631877,-0.41989325550955264,-0.42037262147139215,0.7312887020911616,1.336474027694238,-3.932683196044483,2.143809906530484,4.4748071834599745,-0.440952820718375,-0.6690460596946526,2.27726763641222,-1.068628182941578,3.4080507985054127,2.567452145063862,2.8302580661935335,-0.22384917212980748,1.941083514879261,1.4187652622655282,1.6676029276218527,2.6451093491686954,2.627224421690334,2.95627100518042,2.7580408236162715,8.008625762529858,7.6408046035419375,8.039985703011714,9.20006765509644
-6.082092495111666,-4.043480972347806,-2.9904257280903077,-1.2108410992748158,-0.22253392837117794,-0.17279488351961336,1.519895854750231,1.2296626070643009,-0.4992645768867048,2.6051995884019985,1.759049380533122,0.19683323172564646,2.819124576839343,0.3929764596277406,-2.601557799218919,4.27188114851125,3.1686731468810994,0.848438317669699,2.4438342162057616,0.8173650781721602,1.072965876040674,1.9769673550680158,1.9853983365504846,2.24640583786893,2.3821168709524594,2.618881772222915,1.3853111396107496,2.312993470505024,2.7375013105375134,4.411620670944439,7.882538586250933,8.307003432088539,8.603485031974936,9.333986828279718
-7.974357738264978,-7.1370512634214,-5.642951864947261,-4.515464270590089,-2.493262440851127,-1.3333667286944633,1.202277307764424,-0.9863506779631543,0.7223507157297588,0.5016753678304534,-1.4241684101332852,2.7049071650951877,1.6057824372974354,-0.07838159181270518,-2.8814325673683165,1.4033117143207474,1.8488015246779441,1.0740083681773782,0.782994348924597,2.5070812929768636,-0.3786610093482125,3.3540313488523315,2.8227558881565336,2.9207394117721845,2.115287217369858,2.5835191686764682,3.3629154224088866,2.776168794653869,3.1489402277269694,6.042168379954273,7.680982664296009,7.928788168081813,8.866500986526336,9.368994996927732
-3.4163784535087856,-5.693011136855153,-5.434222788064923,-5.313360541416122,-3.7161494082860846,-1.5597273158324407,-0.7007853213952258,2.021416052093919,-1.4647665068695477,0.9893076071414403,0.8721433601685039,-1.6428298621111117,3.3912861781473986,1.4590026803141591,2.505422594112754,-0.41669129368111685,1.6250577062644085,2.5603906136004917,-0.5020734888513242,0.3567063752387951,1.1006412064199527,0.4529425872825568,0.46974928223659784,2.48236939643533,1.557682131119172,2.0811137195285565,1.2353315179665683,2.2089587641928365,1.7733011950825381,6.729305517139528,8.72369926570499,8.536901269013056,8.525250929197561,9.012887557513375
-2.0927339750884544,0.4224144947343046,-5.0749158258786515,-4.482591219466472,-1.3075454297598577,-1.6399308491681912,-1.1266150334078298,0.7705098741309603,-0.22344000095986435,1.322396874175824,2.2806759027455836,5.241394406407447,-0.9074465512598143,1.940127895959342,1.8044746691107452,-1.4181114518669984,2.122821591317346,-0.874426757394785,1.292520241320203,1.2560055994195969,2.336728648222729,1.5332021654277201,1.228355534666303,2.2524885880341463,1.4045314849402206,1.4127022739064217,3.104206893320929,2.730167809986719,2.260130386375588,7.287120664101758,8.612984138200137,8.992914005561767,9.16058855582283,8.986506562100214
-0.8904870887674228,-0.9136866440843906,-3.893448134385182,-4.424206452396742,-2.4376012841024055,-1.454908362058305,0.4501117330974301,0.6679854859023752,0.6402670784572699,-1.5643919275471303,4.109822510169231,5.574778654443733,1.800064505589976,1.2398486848086971,0.6353685615674542,0.2018460014715399,-1.2267340873439925,-0.46710680932969145,1.9310157498968865,0.5215036808853584,1.1095565351283658,3.4155265206253196,0.07739211397370444,1.0892748406833035,1.7327372222247526,1.2422677901288375,3.0995850909135627,2.6139297354967157,1.4223728445976722,6.407806535991127,8.627301793096613,9.026647987979876,8.979232986571894,8.987936820910877
-0.8744764621998474,-0.10007574731757728,-2.203446245993244,-5.551274132545348,-2.1311399283117023,0.06727079177356544,-0.07349903479021448,-0.8843474893220725,0.20054980164782998,3.7606429712632616,1.417469222352288,1.9084019499280276,-0.758734089560922,1.4613415169135193,1.4582127802212534,2.354985249065089,0.14078108710887788,0.6748626474542185,2.182062683264876,0.3659870471936785,1.1556897026126292,0.15707507352481145,2.1013686497511324,2.48905191235044,-0.20572655968907017,0.977673907386475,2.0145127583692637,1.4284340579239978,1.7093518148148052,5.711125777030023,8.379482370289375,8.897947360190607,8.824257492660875,8.067569724358632
0.035410766040748484,0.719699983885397,1.9140127381134167,3.419750349844008,-2.1848716549914577,-1.5857469623204776,2.196876394374636,-0.030531817144329863,0.38998137834157687,2.52422838686949,0.0829861543446224,-0.38657458075409973,1.3626087421300375,-0.37201315411391683,1.1725597095004021,-0.5273872449584024,0.7400097095177697,-0.49063440424796795,0.6398605885849757,0.08945475177998649,0.820550174696539,2.171759297312202,1.1556583679672334,1.427713885860616,0.27080314041054004,1.6915524886348494,2.2440882635491746,1.83783296988536,1.6819655274551686,2.1324099808297565,3.367132579430735,6.910584042054229,7.313148088560557,7.541258326676731
1.633466553138043,1.9904279508361338,2.5681052103670137,2.338040818800415,-0.8937841041791653,-1.3950235999390377,0.5213151554121185,2.1426834517282187,2.1191487517614607,2.0883428048578656,1.5529296017717553,2.498301203207981,-0.46127594117145504,2.4506582988622996,-0.1623943001867656,1.5535650798036735,0.9405794543302358,-0.33266010348038527,-0.6410709450473475,-0.09513778506602541,0.0733774174724464,-0.11300483534543823,1.934293271788797,1.2505461405980702,0.15168867538917002,1.0970665467592393,1.8722759765282546,1.4786228283214187,2.0298031852030585,2.031907322362782,2.590056714745665,2.8314912458766974,6.083815958121999,3.721718879282013
3.470614417124566,3.6051584274569426,2.9416141966344003,2.1482179130108365,-0.4711089076590904,-1.6593576460409685,-0.38334256253176896,1.2698100302509165,-2.1718146622878005,1.2586648167647765,-0.6990066266328181,2.45678729234734,0.504173710226116,0.3208437100575131,0.7893406743669855,1.4142130713950918,0.5536888167003474,-0.13890912623174934,1.6815527697322357,0.2009433760920643,2.1246220422792836,0.19888268575765924,1.403386746389206,1.5351331869221134,0.9744163520411018,1.8419579193712696,1.260885323647681,1.8752436165229571,1.7826042020450457,2.848988382869762,3.0902400087286597,2.790513381962335,5.946962527907275,7.0497822273486275
5.450090424067728,4.847787508536342,2.2399770060178286,3.27483771960715,2.6147925421553584,-0.3291201596563085,-0.39659293174207505,-0.705886878256691,2.034047747283409,0.7629542898954289,3.257226996716383,2.947390002040738,0.711236800505985,0.9953466513454935,0.4809465659092142,1.0392140453777374,-0.19639200362442968,0.1347049488340911,1.5410316853021666,0.18218496309015145,1.7142464576390215,-0.7967434691344211,1.4865381054049736,0.9504116826000789,1.5090519487693477,1.603642188639807,1.7832129311147258,2.322051239564415,3.140751903536021,3.740622339322715,2.8401479419321274,3.5069851950286854,3.0678400203061558,7.413616337198272
6.923515754513245,6.355026485283954,0.9680867772400155,3.075005495170706,3.6306275993253614,-0.07679960139281299,-0.9219554319331693,0.4153646798738495,-0.5258508448450017,-2.8178724094730447,-1.3175374969671987,-1.0846256568953583,1.1669997621921757,1.212140205605298,1.5512220399381471,-0.44103702972371345,-1.2679625099367904,0.4330975584004288,0.42360113713477504,1.7865006656688858,1.1386482427598879,0.9571908486856904,0.9316812582551394,1.1366370333610918,2.9319716967304466,1.2607259657223466,2.707136827052684,3.8224288307779886,3.066229473703265,3.4260348755849876,3.676941155257341,4.32127595480666,6.5794005677943375,7.85988733109921
8.29641915698508,7.516514371961067,1.888435513213251,1.727428928519837,4.003559402175296,2.8895484451467746,1.0592072041609841,0.7498177883951254,0.475634596853572,-0.8634719388394106,1.1991987840434084,-0.7948741431523191,0.629353385282191,0.9470236670798953,1.8137843321830636,1.7273876645781008,-0.26937674076245893,-0.8562858714858903,-0.23440202249703124,1.5619051557432058,1.4258723127825204,1.9504000637823506,2.323878671579679,1.6870761231194416,2.391879712421565,2.533789100800411,4.788309419999245,2.76977625632856,2.534017813077945,2.7037173129502645,3.6778054152170876,2.8558983060324117,7.544207573592192,8.9703068332768
8.990655487178707,8.151656793118672,5.550178293688929,-0.4728923140436796,2.690943733232807,4.056677688383822,-0.3736234362039144,1.0389176760146475,1.3371834858567775,1.610494047349131,1.093671602278708,0.1722034287463015,0.873388829442499,1.7185203699266371,0.6527248324690542,0.05898718621947511,-0.8452149106973718,-0.5952723947985082,0.1516085081482159,0.8779103009768894,3.0653721171670707,3.4409756830982925,0.8216240402309568,1.6141766492871978,1.4987529608313785,1.8447729287433359,2.3805616306986996,2.166982931945575,2.3305062368473535,3.336818806697072,3.3897999161661825,6.800825916624177,9.227781708462127,8.838639248268743
