script/wind150m.json
{"header": {"parameterCategory": 2, "parameterNumber": 3, "lo1": 6.000198445256149, "la1": 58.999992894266676, "dx": 0.5, "dy": 0.25, "nx": 22, "ny": 24, "refTime": "2024-04-21T01:00:00.000Z"}, "data":
[rows 0 to 23 of 24, columns 0 to 21 of 22]
-2.3913366976470583,-8.7596219003421,-6.554791980981062,4.061147740582519,4.650033339851489,-5.788143414470988,2.4957399804572806,2.525354565421684,-2.482429056015333,-6.742547803355612,-0.8668861215148376,-5.137675555748451,-9.581330331929225,1.3014858005196137,-4.700936815103688,0.8399578242379866,2.386175349083985,-0.7499475789243162,0.8560051733337521,-7.618770982876452,-5.763690519393975,-3.263137356416227
-5.383759982416949,-3.8618726207115253,-5.885674508085468,-5.371643060939796,-2.0702103541189065,-2.542452000256044,0.832974295369539,0.774398232446505,3.5009298112848386,1.6551736377768427,5.658613445421168,-3.5375347361622067,-4.466736177320953,-6.3213767955650555,-2.1057602874579935,-7.2973505338702385,2.787512994610121,-5.122159115461592,3.209758926065662,-10.934362287122415,0.9983461978321098,0.9835045684161394
-9.060772309271563,-4.585994100735015,1.2932518303832903,2.194572720718603,-3.189087462172213,-3.0058359173066753,-1.294555792140387,-6.61452363709314,-11.182500358084623,-2.3675069883277846,-5.934252044316354,-2.2624633657582995,2.3675682223840093,-5.389893381586232,-0.9092095612200635,3.608219238512516,-3.360721854698894,-6.25251083628077,-6.538618674529847,-8.541837984084394,-3.026598047267965,2.3818639589952797
1.7380018862192612,0.6735547507944399,-2.0180870990559185,-4.339725487326979,-3.318656286820556,4.451893332470969,2.833944834200581,-0.9225601039407849,-1.228196676761257,0.42703286813893526,-2.608867501161073,-0.4953487137342193,-3.459540610968133,3.6112802938064994,-5.331243917059966,-2.4446971887251454,3.1577376598913354,-5.041071724506683,-2.7933956646585814,-4.2736938269217,-2.2027793330169256,3.300064325548757
-5.758627740934079,0.6865477362957284,-0.10829496327382197,0.2591558622608618,-3.5273235642889142,-0.12491770849740298,-1.478698450566752,2.3014915899575,-3.8588817733012784,-6.6718468388877135,-2.4433556458892096,-4.182868814368829,1.3827523358980438,-2.979022561081173,3.8884841150944243,1.0355101262361825,-1.766174907955355,-5.493790612179414,-5.323704166862646,-2.4592097782655102,-2.4594319475431354,4.196177048222224
-3.4792991460074014,3.2007992001438437,-1.3817249451650728,2.9143403081686423,-4.433933739762841,-4.5264923976987586,-4.97852904453298,-1.8559068407469244,2.1731198510907292,-1.5369424145423616,-0.41110614243535515,-3.0986023150666266,-1.8139760186923068,-0.8552959060571924,4.743365490605319,0.8515678952209701,0.6639578975450194,-9.382542690653356,1.296744403627108,-1.2842656315092327,2.862433367837927,-4.6780190173417315
5.824146354512416,-6.672555737278679,-5.817281216992924,4.262040522403453,-1.4053205342260635,0.07938923025568322,-3.733633521191792,-3.25614146388329,-8.458542267685957,-7.922260689643658,1.7198799715810953,-1.4282474971562624,-7.410575341276926,-2.4829943572137165,-7.698893683823571,-9.683393962397261,-1.0634345694212948,-3.5129108829115654,-3.206889545372412,-7.140672470885387,1.0767616370281539,-3.274694333473434
-3.9389563750026353,-5.131334473176944,2.812907540493058,-2.2420925627760697,0.9299785885633327,-5.029329518072888,-1.537776591010326,-9.800031715483689,-4.701052679196381,2.697836116031484,-7.560156976823167,-2.8203473907552294,3.1607881122218027,-2.005385667705815,-7.788966749006856,-3.7793179958394507,-1.6409600403622966,-3.6925632305623064,-2.052429924821431,4.589499164567817,-1.8846166463479677,-10.72056541995639
2.939527282167365,3.738994104958343,-2.4358115160602907,2.824250443361464,-1.5574521869424385,-6.236448073739926,-7.6561288925341335,-10.278796704150938,-4.105936276890551,-6.382860389292793,2.7368371586857405,-11.37019564397017,-1.7883976776640342,-2.645185577284022,1.0090156805989228,-9.155579814305018,-5.87602170676605,-1.8001036962298596,-8.94708814752109,-4.824674918134898,-1.0465389082436534,1.6218496627587902
2.470591106673739,3.7451015471488374,-5.57467476485858,-5.958984393202328,3.6585207042619645,3.3455626217759638,-4.9394218808291095,-4.3542331520633715,-4.438080396935999,-0.757926164955136,-3.6468873813922476,-1.7261205119865424,2.0955883997078337,-2.345868885523216,-3.2849317758999668,-0.2049682846929027,2.7049740369222306,-8.985861668355549,-0.5580381244,1.1885880902257056,-4.469693666170875,-3.4161474059901864
-5.476567493178279,-1.5433109899426207,-2.149483981392523,-5.406899834061498,-2.3111659243832166,-0.3577464492515373,-2.260762087322047,3.14971346121828,-6.450023417060491,-0.8554387516645214,-7.322861351306322,-9.199536899730441,-4.208761553953579,-4.517354621741215,-6.716964083776069,-1.0486676002819522,2.1418947396324644,-6.988976947506086,-1.51898464214635,-10.86970921742073,-3.111204049072948,-5.261119568152268
0.43028339801995874,-3.410511625078944,2.5104860863710625,2.3662164049370404,-2.827779011411829,-3.2960864337150806,-0.0390217396492332,-0.11589656695368557,-2.3093204937662324,-5.0014630012090855,-6.842723664734862,-1.7947788505972573,-5.810658599807534,3.6807451503550004,-0.531594674122316,-2.60013980450676,-5.947413847054266,-3.7253156393040134,-5.255526772772153,-6.837983494276134,-6.492731384559898,-0.4844943003050038
-6.940671221201124,-2.916961278679924,-13.954424695441695,-6.981674270327267,-0.01147259831172262,-7.296986307771062,-5.999554125776071,-5.0466092627795165,-1.6946003963383551,-9.453625330480145,-3.615046153945171,4.11390607742439,-3.153424424089287,-1.126963762298999,-4.647303162938823,-2.7303109567447725,-3.4258959782145904,-7.177097953186863,-4.656796999367173,-6.3722949786117065,-2.3468378922086015,2.531685180483577
-3.3512444283560714,-9.37284939106024,-7.612959767036174,3.1418908727129162,4.433441412292684,3.3777518112394866,-4.4142912999331365,-5.5241341988598,-0.8347200876012298,-8.050645891909534,1.128131246845654,-5.813352199380561,-1.133962110799443,-5.606418436759892,-2.9526070664259607,-1.0661540935806422,-7.3927530909735575,0.01655741702186649,-4.192953533619682,-2.083252102668604,-3.1788882950126993,-0.992851581111651
-1.6278428620907432,-2.0493108435207383,-4.575666365341342,-2.836704419922468,4.387161305636977,-6.736481520832373,-3.45698743160187,-3.0367358501273105,-1.4743066044267494,-2.8978001569602037,-11.214011939637942,-6.227151452716365,-5.709542858109702,-4.738424300043862,1.4426347188403728,-3.981868323625803,2.2273091895124266,-1.0540334635777415,1.8098331756539128,-6.644692874151959,-8.05561263827056,1.5442831857203687
-3.0543112138303483,-5.497965175442682,-2.5485431143713897,-6.8961892255957435,-1.5057936609612428,-1.513740522573148,-5.4799901327945415,-11.370543070004276,1.2145721254099027,3.479615618856518,0.871245629796003,2.700052876438865,-3.6230428676290622,-8.438773349858657,-3.1841982739322368,-2.7729268907600577,3.5703128464748133,-2.6574221022507523,0.06056241077171445,1.1109765590230847,-3.7526615726503456,-3.289786311357967
-4.474368233911801,0.8230019164279584,-4.357238733803232,-6.425243566693597,-6.612463083080149,-1.2183083003285198,-1.9818910288959712,-3.607645242077682,2.2487927861457715,-0.606574377380975,-3.140719876313435,-4.2590821670109245,-0.8495577979115638,-5.506161038320954,-1.83446996918807,-1.3290411886025217,-5.556792073234018,0.011339697202804377,2.574919869211154,-9.258883440620801,1.7655456741117992,3.9243252960007644
3.765069464880198,-7.19768557099175,-8.36861692522234,0.9430619840704298,2.814606540639024,-3.7506776208804693,3.71653437066435,-2.163284481546749,-4.177345949423771,-5.822806380107914,-8.69846127713011,-5.297638706619416,-7.429300099175259,-4.446235286671838,2.9459762857192864,2.0460850129504586,-6.2238581186202575,-3.826009034198437,-3.248417243825054,3.956096537740532,-5.432832886620444,-8.055792051599925
-3.9908096264415294,2.154694942159725,-6.025856731005474,-1.4608382602499808,1.5278490670357865,4.894453925815668,-7.4554277874159585,1.6766852922344253,-11.726303236939529,-4.024212621952249,-6.022578070051031,4.0239084031461125,-1.0277197853322046,-8.272232751480216,3.92662966199996,2.431253005713436,-6.830871285877471,-2.712067309061649,-3.926112001136889,-0.12531268388821848,1.54261470288394,-3.877965201744484
-1.8990684754543632,-3.416092593257447,3.0959150907195707,4.48491554695469,-6.082852490060057,-3.2114874122352304,-1.8638366411677745,1.470093622337814,2.9710177020326194,-0.46794149745260416,0.7450147107448434,-2.6888384831031127,4.499245545315904,2.805059869657823,-3.7752571550492093,1.55458026549416,-5.079172229509145,-6.705862981385566,-0.7733692163602603,-3.4099315837672797,2.9403592887816465,-5.231509165058663
4.53386001832824,-2.1936173795327867,-6.7462929555064255,-0.8749595478404751,-2.6679447306426547,-3.99045708350703,1.0185381218692495,-7.621904030618505,-5.149461734007916,-11.104113753860766,2.3022889553649857,3.8598668915126715,-5.050812945579099,-4.013751612179094,6.1336188198729245,-5.701953379782068,-10.339753976484758,-1.3139630305503212,-0.2085244924009722,6.690469368422703,-0.4275457535683637,-0.07784994968826141
1.027830704739223,-3.2198547150751855,3.5601628555471168,-3.9713597821095825,-1.2641452386636929,-2.343939424512258,-3.436009589683893,-2.0833231800286054,-5.090906290944865,-5.649748175496677,-2.0541110454493396,-4.902375600013969,-5.741342378752164,-5.91782318783108,-8.881123910030233,-5.449528993209249,-8.408817037899825,-3.749419342084801,-2.921386086321988,-4.4912405252521825,-7.260511528072032,-1.8955378299903276
0.20392528140372557,2.64603088961382,0.7901944914931324,-4.387401255213263,-11.243719821602015,-3.9743841630535406,-5.886327072634635,-7.137916481602273,-0.7477784858890469,-9.105541452511046,-2.4818820818382807,-4.511476994537765,-9.106539395214979,-1.5579300005347716,-6.060376637701241,3.558867819948916,-5.976708651019148,3.4281955604012926,-10.839617203335058,-6.280784027697493,-5.538655244551169,-8.452835251890345
2.327479113466605,-1.7398570111035165,-4.862982877554069,-1.168452264310122,-10.418283897614616,-10.294827122062681,-1.938387127269174,-11.766689236176632,-0.5309024575373679,-3.633238613502239,-0.7096471069922592,1.3636032125645854,-2.9030712922388076,1.2303094025312542,-4.669635553262419,-3.6966431027834536,0.2891135625702689,-3.6273788032306955,-1.5426033554970202,-3.7723408944455583,-6.175269746488417,-4.576972928390734
