script/wind10m.json
{"header": {"parameterCategory": 2, "parameterNumber": 3, "lo1": 6.000027932988019, "la1": 58.9999434238085, "dx": 0.5, "dy": 0.25, "nx": 22, "ny": 24, "refTime": "2024-08-08T01:00:00.000Z"}, "data":
[rows 0 to 23 of 24, columns 0 to 21 of 22]
1.4179965618823638,8.335481562786834,5.099089754016813,-0.021134399238458057,1.7286598960381323,-0.32179503450201513,1.213372665359202,1.1384853684040375,1.5827705448425493,3.6273836997831315,2.759918294936865,1.533133485804568,1.0410086881743725,1.66107493279403,6.4666144540901405,4.814756395775961,1.1598542902405868,1.0404331076753415,1.6196317597320413,1.7667515366069912,1.929667325626085,1.9325801212953864
4.373761572812316,2.700238373999097,4.386105311552915,1.708481305289929,2.6489243900627106,-0.4145126369948937,1.0414689849705583,3.53529588172376,3.8449496344492844,3.51137498487806,2.6147101517606948,1.1740085910205778,1.31605140576221,2.2578839614237234,7.689881843075022,5.3799846034238055,1.4731605622954353,2.4260199963020543,1.9998210636186489,1.665095519398341,1.7283677444746073,2.0051474020536255
3.221825901339636,2.45761508316239,2.210543734166286,1.4008943928026634,1.0976370412841434,1.642145206190732,1.3422048297174527,5.131156520140674,4.12970778329722,3.0211431684896013,2.390422675604962,1.2606827140806875,0.6314620539158012,6.360548102112049,2.5896476915312396,2.6374548623386653,1.9194979854273089,5.46006810520885,3.2648010803340974,2.1345229255895104,2.0731502520468603,1.954386552866622
8.171177888143573,3.1981746519187575,1.155959711901648,1.218086475649472,1.4959724596408666,4.474942742626585,4.578392511525811,4.665599358605621,3.89399762146035,2.8897804919223407,2.019407914481365,0.9730141572158161,1.3033851797932723,1.6895080119413275,2.6544533436626296,2.5747692196690815,1.6367574667166438,6.860335475563103,1.891599802384917,2.0447668476211347,1.6572782655303173,1.599867179722377
5.313414308931125,6.150036872453582,3.373429863844318,2.413905541226508,4.877596325991439,5.219244660287794,4.665739327640649,4.881141792905391,3.9380471998210624,2.910952320806826,1.6705127738547951,0.5544191924901241,0.0768663676204806,1.8691193937729496,1.6920056804606907,1.9899749111334564,1.5697013730655758,2.00211435929973,2.216369508528329,1.734403624786171,1.7005542421117388,1.7292611238683546
5.675891371194392,6.408857335560012,6.640874337932487,5.573453330342241,5.4770330276813235,4.915624824242291,4.4557747364636775,3.275211132948064,3.8098612674782424,3.1289207755904225,1.1116379497960873,-0.21135640335651415,-0.43487738180043556,1.5974733929204001,2.676755720696793,2.181136920726,1.7218287492569297,2.0795422268871566,2.183360279145394,1.3562090722605609,1.3686844680483103,1.6147076713159998
6.524134094672272,5.389211637699335,6.480233781599014,5.885011446477896,5.283686095267998,4.884251194973396,4.22379344551267,4.899806520899181,1.8893421443648717,1.994041789916751,0.7480694353821725,0.625510956863082,-0.4885962132775738,1.5337643973496409,1.1604087195201827,1.99845064076826,1.7545866564091708,1.6847841387968596,1.4979861777555186,0.8729138435252569,1.0875085016362651,1.4002706050880325
5.144153794052189,5.143664171811734,6.46988459717154,5.674677213326213,4.946871898926225,4.408846894903563,4.295220138004599,3.0578259137823984,1.8569126505921436,1.0057823240772574,0.105959007029783,-1.5084079857037902,-1.1100437338765976,1.1419175215374913,1.616465451024666,1.2360318130603218,1.61551981960591,1.6780826940137574,1.4440465546117665,1.4653104307287121,0.39456988914928737,2.194845143855776
4.036440947004487,4.921674628396254,6.81146985373784,6.150818224199,4.926502331025603,1.4546711529384007,3.9541803190871563,2.6511567731590566,1.435830484265739,0.9322660172188014,-0.5878430739778614,-2.970379425890877,-3.9946171995234248,1.626839349855792,0.8924622372682551,1.559510495417343,1.794831909208874,0.3783781646300374,1.2225686590725784,0.9726093233947181,1.3530596014591436,2.2676186054239826
3.880314482061797,5.1739903361180515,6.141005537493851,5.969887539080011,4.55492489926527,2.3174330619480674,2.5010262592521366,2.06328116427323,1.1037509438766864,0.5335177741060846,-1.0331939731600486,-3.3247692063568937,-4.041723637190132,6.352905916443375,1.5001871688895754,1.645473491541333,0.8881466796939292,0.8696367441518544,0.47719073000835555,-0.14365682116444625,-0.3617119766119586,1.127744614757918
4.023070641679854,6.0636660986122655,6.31665424822752,5.588327216782217,3.9078351798814186,1.9906625462512288,2.207157410389066,1.8839890374895063,1.368044632624039,0.7932137965547086,0.6456745664753929,-2.596208304639533,-3.736111644630773,-0.520403974658474,1.7062928890080085,1.0192367911917508,0.9272337247075344,0.7896998702657776,0.18507369730259746,-0.5105190695602183,0.39337086420047596,2.0712620477346273
4.400047057571667,4.990762728080333,4.828331532409828,5.919441491336225,4.6222557523233725,1.6683779676789443,1.9384633955355424,1.9129239989280424,0.8540435026882869,0.09535752925862467,-1.5306407124842887,-2.112923853353534,-3.665200335228489,-1.314969557595969,1.5461408108243284,0.20374508231092786,0.16092269632067951,0.22400177156591225,-0.7553336063215847,0.21061897846049366,1.6433620213475923,5.160055152070783
3.3326211338010863,4.061032233207084,6.023207070520256,7.089637373346858,5.056848072336314,2.1151972915863944,1.7136380209541995,1.251736400741211,0.5520337414958603,-0.31876592932999187,-2.232943657900511,-1.6047402516330456,-0.6880187821446966,-0.17766011644082677,1.066439296905724,-0.19559840330014217,-0.5895669763427343,-1.4913060270334133,4.796498901821856,4.989742453992121,5.806602195609953,5.938768405742889
3.2023626120203437,4.329302673556661,5.218066040141572,7.277032874414429,4.973043394652288,2.115389119552352,1.6833342678584524,0.9286308443505219,0.2454321901504866,-1.2145429917422008,-2.2295017102224053,0.4784564796573143,-0.3892320225649046,-1.2333937865924127,0.7191808553710818,-1.1122840413907493,-0.5919105685084227,4.82339445166287,4.915396108575281,5.961148426037762,6.029558097164943,6.630610423660524
2.511519320094928,4.372431382095942,5.370200067594817,6.3867761547133055,4.793025164506878,1.538876462547771,1.7521381240015428,0.7885937404224219,0.889362446813293,-0.614000493119061,-2.297750839424633,-0.20727149479784937,-0.018379028125324926,-4.146522855982992,-0.9252913524469166,-1.5126566623010846,-0.22791808986764325,4.264221811002284,5.062813010961027,6.581113247928312,6.806688169112747,5.790930147590799
3.2000854491351016,4.382298109859611,5.816556211589252,6.103256364037389,4.3208288297960555,2.0799860013020584,1.8021391670247857,1.0133767474392392,-0.1348776558972935,0.6315954828352892,-1.4746125132422148,-0.44728017969610234,-0.8664288560714766,-2.0543440523316763,-2.928301746915293,-2.763297541848044,1.6504159130842533,4.804205047427837,3.945408635539487,6.644877266191523,6.444694653636446,5.845700311045569
3.9257597404900317,4.327805575143822,5.362859273762586,5.548829118345695,3.5676507775662922,2.139441384724586,1.6914099365803137,1.6304039278933147,0.5646944661313953,-0.8851363317915363,-1.2098185901224823,-2.6332866055079407,-0.9035859433707033,-0.43170293340357385,-2.920087345480449,-3.6065531870673664,-0.920700543761001,2.401463959917371,2.9637149539725325,6.294589893584848,5.550839164656308,5.178568145997552
3.7404651805594233,4.27715760303407,4.674168138410075,5.171913516598471,3.7808967790476875,1.5081163482980195,1.0278225285164562,1.228964379897158,1.1836454060518484,-0.9026839203962367,-3.0373074600162484,-1.1841437654106084,-0.11367723796744524,-0.9652885029158486,-2.1254177674988783,-2.887906633825472,-3.5267860408962806,0.8212891224319544,4.8107523216299,6.392670264565429,5.664273067567526,5.800063153319815
4.392951239206697,3.745642745792859,5.033195669904825,4.596846060955679,3.0429662951566625,1.9377168584287046,0.6729251960498935,0.8812740386677069,0.9187542472371899,-1.0222934110375101,-2.131458393504884,-2.943867918508433,-3.7369608399255196,-2.2707412811781844,-2.018658017949041,-0.3470113131149174,-3.9606708600415974,1.7097014689434653,2.7040811564330176,5.483232784969177,4.88086304796289,2.6961169712300226
4.103084429506807,3.106048406827537,4.205806768366649,5.3013768776123324,3.540645057746423,1.6833010928507754,1.2560097980074152,1.0975059215295953,1.052338476542717,0.11483147214681823,-0.3241111364718956,-2.292097120322043,-2.6232140143653195,-1.4927467410522801,-0.004450586579639137,-2.0231621235969626,-2.8850130398205827,0.8919249090667392,2.7778388162523973,4.836680700304717,2.819114033013854,1.8416721347667933
3.598498839364699,3.7493942884384226,5.430281114104219,6.912337995393704,3.736763142417596,1.4962444042915026,1.3265600003825013,1.1098437759884876,0.8689668872403922,0.47774395686152116,-0.6275548076761277,-0.6293214161005952,-0.6954118068540736,-0.5044914256266361,-0.036604563733842334,-0.7615443259617644,-2.873230333675115,-3.573418674031158,1.12596159765573,1.1361153573349683,2.2651972699740934,1.7242988697150936
3.770083547257138,5.029289700018022,5.655206144296495,4.93284071896249,4.606552427542044,3.3792936347856966,2.22755396933521,0.8670107728743122,0.5814417186447169,0.5451970354336166,-0.9013502857604235,-2.05096872278106,-1.4458040413700157,-1.537061341658186,-1.4533770066476757,-0.7593004850274713,-1.3536788285990196,-7.0201848669169244,1.448829619252711,1.5462359110588966,1.9245176760887504,0.9826047370488692
4.859700518554118,5.544948984652721,5.304332316962386,2.2349846126561137,2.3244399852875564,1.9008664330386364,1.100071087593534,0.9940636769645897,0.17759080694675333,0.5343048110911714,0.48619175935168657,-0.1902204450802784,-1.6497043132964901,-1.7030651641097918,-0.8120222379610823,-1.1914655846542337,-1.200877057354958,-0.0813771960410955,2.7974162900506867,1.686499302459198,1.171137252380603,0.45522906744632735
2.668237522017897,2.545036096937259,2.3847898603300206,2.017336947998093,1.5763296410126058,2.050189444233381,1.4929432379042809,0.8638291770550947,0.9679575663062657,0.1683409364481447,0.04874826150334808,-0.358683826549853,-0.21659091729465213,-1.141756403039505,-0.5224957333233479,-1.059011549718879,-1.1617780034698377,0.31342864944077825,2.2349740525946027,1.1946894463208289,0.8311651552144359,1.1470060106063835
