script/wind450m.json
{"header": {"parameterCategory": 2, "parameterNumber": 2, "lo1": 3.000054539987559, "la1": 64.9999836372058, "dx": 0.5, "dy": 0.25, "nx": 34, "ny": 52, "refTime": "2025-12-09T05:00:00.000Z"}, "data":
[rows 0 to 24 of 52, columns 0 to 33 of 34]
-0.8427642943545051,-0.5747187610506249,0.06739869842408903,0.6234325567890749,0.8454785794603058,1.3601312715299427,2.0775527732056993,2.3012719091750222,2.3350372355083686,1.1672193308173062,1.3629593516143848,3.095482732175721,2.9820373882497218,3.2911136483086567,3.6625212064942496,3.876407783437822,4.7703062261740365,4.5595058948837055,3.7951014226155837,5.0016933392859775,2.5935743303686714,0.3019913499676848,2.2932006473818816,3.3480390587731574,3.607108524645541,1.102697110119303,1.132163757347146,0.9388334128990569,1.5438684485527283,0.5543336595276421,-0.31352423684834735,-1.6729772749207215,-2.9949835788874153,-3.4797692029222254
-1.4735557184270238,-0.3869459928721501,-0.3197487095622753,-0.06583375453055695,0.3650419101716402,1.0196364706211634,1.8986905487130086,1.9392637489156772,1.7862493965900081,3.2696145414710127,3.957504688327224,2.95942137896157,3.3467836822257664,3.8514786574405364,3.802336413850516,4.729878090523657,6.04692505733305,4.203240707726919,4.80220181757904,4.990411617122088,4.1182371166594995,2.9688472512157853,1.715926705446111,2.660328370052205,0.5069104469549955,0.5193397328251562,1.1739489545457416,0.3299470575476838,0.20091331542426047,-1.8893149131761044,-1.1840735881987294,-2.6789092337158813,-3.5366708930658777,-4.723948222729213
-0.6336869053933042,-0.4944299686060336,0.301099612204293,0.1984233038296827,1.551201356267631,2.113133554888127,2.163016748008323,1.8433882030155888,2.976658243620689,4.224416856046955,2.880303883157649,2.95686315341717,4.069294232473879,4.290619599553544,4.568366505083569,6.071305543681364,5.19741516962847,3.901680255986316,4.597226188540432,2.9844304396326398,4.128919193350568,4.16386205756782,2.5252649105405602,2.522478859700917,1.5442802431941134,-0.19168417361515355,-0.2897749871670582,0.2539060694075307,0.27980875222393414,-1.9445544220439739,-2.2514524275419765,-2.0867569584982406,-2.900446809752462,-6.354618603958385
-0.889272237074299,0.5163876713090466,0.6292071195311343,0.24342580069349462,2.3960207550622976,1.4938706100499604,3.8511374247822276,4.844011520233786,5.882942605367131,5.656685726659761,4.279010226683884,4.867736890430563,5.221030998512155,5.222754532972554,5.302709243758177,5.993506094711286,5.654764562106887,5.052765528654456,4.639477331206557,2.4944764628774654,4.262838436064536,4.360304643695984,3.017547193330176,1.9015098946489672,0.5696430578734982,-0.012452261302888663,-0.5726384177511488,0.7534160396782333,-0.4502738917741608,-1.5347987025770442,-2.6915968952145604,-3.6502839960720457,-3.4386435441103984,-5.462243475398111
0.19560322521948093,-0.0394233112685438,0.3651787171645317,0.36288204097036775,1.4376410894634795,1.527966593302278,2.775958605841283,2.49369989384277,3.462282975895635,4.937535021531136,5.4091450262231175,5.602441038549513,6.252229645659967,6.088744619981622,6.5916839876880005,7.19843415467363,3.500614172629644,4.326989424799021,4.659982241644865,5.164032249226641,4.397123254354115,2.511673341136417,1.345369269005551,0.6790831796750442,0.36086135490981874,-0.26923006652167036,-0.4924971961510048,-0.9761385884938264,-1.2148474729416487,-3.4135302621530217,-4.448414424006248,-6.129089441560812,-5.136140040866636,-7.297441033889995
-0.36267445264820275,0.00024561068871562414,0.07621660052525146,0.8291746853096033,0.985718577312656,1.9409014709423842,2.609522553348266,3.5283477502247207,4.106610016029344,4.791927836153553,5.724523452430905,6.133169123306238,6.625181108456492,7.099355568881484,8.032409598697644,8.712986347573954,7.217435936098295,6.206111506976108,6.0503802592080795,4.788010622245051,3.2750836841594793,3.1095467538290533,1.8899667332487622,0.33524682721677906,0.49393209490380785,-0.7334668124235937,-0.4969788856107929,-1.5078342766699695,-1.3762890423684109,-3.2742066209615928,-4.379664693233617,-3.6251762621429977,-4.651104478684881,-5.068483005670745
0.4678950041163745,0.5311583634995102,0.06902377171759151,1.0188163111191624,1.4480704295443034,2.037039352356185,2.7739001627692024,3.4619302606179696,4.058771778472481,4.720492497592717,5.672635037205554,6.676651691572,6.166355888225762,8.352523162775078,8.062995334947914,8.303929443490293,6.91201984822775,7.1210827568784225,6.682928101663392,5.063215246513494,4.2892394221995245,3.1942894109793416,1.0333141177233842,0.06290960441922054,0.3399629377930972,0.45855606534693755,-0.4238563696480748,-1.55248995570247,-1.264448730059104,-2.7480293994286993,-2.061487979868794,-3.1297233704306526,-3.6768373828514704,-3.632716104255092
-0.16379623765687404,0.055777820741749605,0.656210488441862,0.998573543121919,1.3888512150416288,2.2328793472487125,1.8734284175271243,2.465519502124986,3.8081389911973753,4.871632425322428,5.318370136350543,6.0826141140279715,7.365599900305539,12.241347986894144,8.879253565927756,8.249690924187972,6.570541820833151,7.83748009296848,6.334369296462445,5.5386127232669775,5.53404252499053,4.376794485103372,1.0315579148058966,-0.42630365206020476,0.16392109802113508,0.4041290091423066,-0.6331945606431448,-1.8790511377030086,-1.9321047107747709,-1.894724466870546,-2.7622372903547823,-2.3855951251576983,-4.777540206689143,-3.390370716548883
-0.7143192123445259,-0.3984992745878186,-0.38739903552015315,-0.009815005761643262,0.6759998261117576,1.4682072782905082,1.3709685551287345,1.7706093845392727,2.5961237497866168,4.932175105590123,4.437852442070529,4.340488541969725,8.452082302614283,10.899631692516897,10.127225804394172,7.810754413876386,9.343424397663247,7.0895212658805695,5.203651159977425,4.922491906284352,3.4077748312962854,1.892084537298712,1.4920592020952224,-0.10722835550989383,-0.3246838820786717,0.051476011440312636,-1.1634991683892144,-0.7295525999900775,-1.1248767943856164,-1.3972277375328366,-2.295913665130467,-2.9904622585329146,-2.59456658785297,-2.2107335868113003
-1.449937174830046,-1.7686742440681005,-1.808990385558087,-1.516690676942031,-1.7032616437312982,0.8389852449338837,4.833016580897006,4.021438871549022,2.496148342539062,3.704298528616539,4.9503139269907965,3.570680146879637,8.074617661975637,6.650396935680239,3.498585554303597,6.602816736578986,5.957756641736739,5.579862021991525,5.132000244403845,4.397210507235064,2.7967529058198357,3.6875604181510466,3.2586533793740977,1.7454580014484096,1.2807847158596923,0.46545433073632314,-0.28680065603899263,-0.6381652679225598,-0.7637700312338949,-0.5013388383346173,-1.3634291713926898,-2.3225494828461226,-2.2359813483544113,-2.87011607474445
-2.0691733758200836,-2.314674588354649,-2.703557813035187,3.917771581741433,5.249914954934639,5.405870489437607,3.974847019544981,1.7542293264854052,4.219913795218449,0.5990407134780759,4.670507415885054,1.9362508338528408,1.9207268737198862,2.4845933690815047,2.5116357351850733,3.1453056537172746,3.0833989257773506,3.9423986825226773,4.317654825100545,3.327741165770208,3.9312100743559424,3.646865840735088,2.398307241426451,2.2964441642719513,2.1422644244796274,0.7695252830368159,-0.03567787928711507,0.19864495120549674,-0.6133804260478483,-0.2801722956157247,-1.5691180996627905,-1.895099474465328,-2.1729540705482684,-3.749145687994317
-2.5138282416371847,-2.4358036495123145,-0.4136006377975578,2.0072685229383653,5.317190465989356,3.1805887831001733,1.8088211425786327,1.067340088214749,-0.06040429772836234,3.4597955566099428,2.337276341854051,2.7644112251512714,1.8802670066669656,0.8492634069456104,0.8557959886535594,0.9724186054449205,1.3233357744984025,0.9274394088722722,3.121802924780561,5.029704316113007,4.278434767284781,2.7471179251374327,2.934892654435229,2.369748752068079,1.3643457474346663,0.4480059822301122,0.12186382210048205,-0.8002387598770614,-0.13271813127144064,-0.3446873491011742,-1.5060535917709126,-2.0539565552322023,-2.628844708660166,-3.3990379307997904
-1.5038371956125804,0.193050987957009,1.7363316204914592,2.1594634356670483,3.93677952691224,2.9216999014346046,1.6773877676754323,1.8367964743307672,2.4644823288845936,4.361797126482227,4.5068013082865175,3.8997842984845543,3.119580542596816,-0.5689458074573056,0.31236481180720405,-0.6861420490153991,0.098951751556497,1.4414169779327222,3.0819527228816703,1.8421722104007898,3.373084876294655,2.783142326234066,2.131458686627654,1.7450369937881098,1.60831885706675,0.44024447453235993,-0.1767337249876424,-0.580042575041053,-0.3292055538693702,-1.1597044090722577,-0.41056814556022697,-0.9899471989648209,-3.0132972798389823,-3.5495887827476054
2.4916062615769614,3.0215993694770305,3.3210227107919708,2.6595986471031727,2.9152876001496097,3.218347747960895,4.47392121736383,-0.2670394896535949,0.29160190562399185,3.410739802166563,3.710273693304127,4.330791318795341,3.611415347856173,4.014146528124379,-0.21818778895585875,0.7563323602529367,1.9071166186405988,2.5951605488103486,2.4348356626484393,2.7470059317264837,1.4098359166475039,2.0494814599090794,1.3735263186772293,1.5110417685751993,0.1621144706428794,-0.008473967770321682,-0.29225461358169236,-0.7575655633456664,-0.43961227693722765,-1.1543127105502187,-0.9464870943033608,-2.327362124356287,-2.989168941883429,-3.147181520756157
2.81130913095314,3.7355735104472094,4.4391426617631335,2.82931964262711,1.5234275199661,1.0344741117955278,0.6276011588292923,2.7857919099970534,3.231076104317528,3.163238544238288,2.8357105229126383,1.6321262872946327,2.042855563847261,2.20675587181408,2.870474704523424,-0.03106454281018877,1.1231370127524363,2.040178365234107,2.107492724066014,1.7919038118210313,0.8183293317151513,0.1367792672894077,0.6323605375438287,-0.32566480037051915,-0.4435820530272527,0.41606222819436345,-1.0688954921860003,-0.0837275242281146,-1.3583013488721196,-0.9452489607668141,-1.7847779414639,-1.5155722903573299,-2.9257401179674547,-3.344837156787611
2.337646714630008,3.6030103278831525,1.2085463579593632,2.8590464015974497,1.2353889409546814,1.0560847121688237,2.3036328105408574,0.030657740270979086,2.5268951765541394,4.101942853400321,6.784379608480593,5.672135277260323,0.9265780449348872,2.544007160178156,2.970802389914022,2.9460221903170036,1.5424868417099296,1.974185816904541,2.551467457032156,1.958691770387406,2.388068309546257,0.5615573963638738,0.14807479771368698,-0.02507321773003763,-0.82758237764009,-0.5956050367335817,-0.6921238804028138,-1.0093559775910421,-1.5602713382902507,-1.0113831694645707,-1.3473194585778268,-0.9888807263640512,-2.79650752190734,-2.635658598343273
1.7518187600855097,2.0034979198679124,1.117558312370963,0.7906884724757433,2.02688731508661,2.283209784179272,4.695762453208223,3.5554040143243313,2.2064888775527147,3.6197081184928606,7.198060907466682,3.947328077074777,4.463568382048365,1.121127100343758,0.8657736688538562,2.109491249047996,2.5784789256840694,1.744365018166684,1.9337237660731321,2.0933363341715276,1.8631799391325654,2.0229208848231757,1.091707426679048,0.17823345402820556,0.17239376060209383,-0.8393269306764982,-0.6361341540721739,-0.3572570192612219,-1.2653549766824541,0.7224420207199608,-0.051339686559967554,0.503628556069296,0.257497215301397,0.14794729990349226
1.678741827409378,1.244806902221309,2.800669336303458,2.184032033974661,2.1714468265984164,2.2956090912276226,2.4223060430716,2.5428188146765964,8.075398712375751,8.589416574624735,5.936612791533017,5.658548491424444,2.294779372196527,2.974346662283648,2.9941353871928933,1.9342782447798388,2.7638742317697935,2.5478909824815745,1.545680610066096,2.140985783968494,2.116756680079232,3.254504283529052,3.4709816055571063,2.306498498878506,1.8385121534185653,0.6190059740614317,-0.3889251651123341,-0.5829596057961063,-0.9419597186568167,2.3165259335647512,3.419915610845033,4.155625607948572,2.1669066257038163,1.5716709691218376
2.4154699498168797,0.4176415487457177,1.5614880915454443,1.2090689779969894,1.314521749602013,2.890975877843887,5.816194274086426,6.85930290936894,5.02957193572067,10.956976116634893,10.454706664288588,7.116521596160556,5.1734753216836475,3.6119363315049595,3.542311870544714,3.373363363498784,3.1537174082570907,3.342359714978122,2.6282397678139033,3.209125709346562,2.3655800459393546,3.0603745518489602,3.3111184784847127,4.108124075232421,2.808831767316765,2.2090718114477776,1.1373752291113008,0.3263442248641348,1.3049780318633233,2.948805974080077,2.87168895221524,3.586364735850164,6.611852202974445,6.061534722131544
4.327285204741824,3.431192323761496,1.9205380864326331,1.3099369294183039,2.5800209986713822,4.756773380768021,1.7270595934436823,8.079923507041995,8.380223183721013,8.765878366532347,9.21230286938584,9.879021402696008,7.270242464301179,4.607280122184685,1.7359047661095532,3.9461064996734994,1.3792052229501537,2.999835239728178,2.679670202339428,4.80783935610385,3.62017248274009,3.989791867865342,4.627862796324255,5.089458394542643,4.864559906693402,3.6736233337199304,3.2636512673378477,2.517607312259584,3.6754173563634196,4.379523423121735,5.782469271929892,6.009864488602696,7.90997840892845,8.775135293146718
4.864930659980234,3.904825880983642,4.4641615573341555,3.9635219589429345,3.1104126341234544,2.8924664608259945,2.9489292970315875,0.12161841228609248,9.014043936266502,7.986459083500601,9.262898328818196,10.603911064486033,9.505634017000506,4.710101706315357,1.3581764440482131,3.7087830626862357,3.1208868813295876,4.606341576527411,5.645921186008912,4.629854774045746,5.428402883547084,5.240936086613459,6.0434276729437615,6.3786773985553715,6.602161083697777,6.6773475329603205,5.2479155932801165,5.820146864583081,5.792750322187864,6.853117798456164,8.036430184637025,9.224113823388421,7.1877935305672835,7.743714447650265
3.2497230869869376,3.794668722875673,3.754572116611884,3.7355048546836946,3.8768216733398684,3.292679221829713,4.471929213568678,5.703210468163657,10.530226621241384,8.003937814940945,9.038978169029235,9.189383989703746,3.9332148530239808,6.578792759560796,4.344137320194625,2.7776477984494323,4.629070771427095,4.925173004048785,6.549463390910333,4.00080766317129,7.350055837064931,6.395688369584508,6.90874980208584,6.6737962995448585,6.852177624959035,7.109567588749737,7.275539741832913,7.089157940740281,7.673631149095009,8.414542591633916,9.738930093469698,11.017756724625949,11.272765484905547,11.529099556108887
3.197712893983296,2.9668699440201345,3.5958146081349724,5.221951005089284,4.0728238312111875,1.6143211015839267,4.155044733866609,4.28662936268549,12.1013587645913,11.71497440107431,6.62184408968503,8.786294487129057,6.32392404199911,8.46096258628209,5.672937209690696,4.251484262842096,5.849251081531783,7.115742854048378,7.16872254252408,7.75752506537908,7.05165822064586,6.920933925150341,6.993272553896575,7.146022814617085,8.591700817245721,8.041548451391636,8.146612136070964,8.179205553785543,9.47539171739967,9.237940449591356,10.237365013301714,10.310594016869462,11.275719601569701,14.008296637788144
2.8916490714006327,2.7152059614779427,2.9762897452201917,2.9736450679080484,2.9977092553239952,2.4805942373733134,3.1367038565588756,7.275174788633069,11.534252633957292,8.520492500319973,7.100635354607974,5.170226683863222,9.12400614124741,5.939709945484915,7.803703114665908,6.945018205842229,5.82858368566061,7.5380360512544735,7.422842063630654,8.378420146831465,6.882931236295396,6.070296053534017,6.1991291020416,7.651624490385733,7.7694907870880066,9.194261532615169,10.685391064409869,10.673308624490813,10.31132823551538,10.593274794011126,12.641629053180358,10.89048202050677,11.568356889179967,11.954622960486764
4.192430578667046,3.5511217171569744,2.405984628429247,2.25708142340318,3.9495380947339873,4.44912087805156,3.7580121408292437,7.775668272085148,10.64334096994389,7.846677547040101,8.516846210073059,5.9463904934438165,7.73903532527258,6.976428310485082,7.1833580519874936,6.980230413198791,8.77817291043881,9.796409228409068,10.490587164565685,10.145247830351634,6.417620873469599,7.62215221941015,6.473284329428165,8.142271684607545,9.388897545205664,10.002616819549749,9.46963947994572,9.36932710384705,9.14900241120842,13.02543174373265,13.348015131291412,12.87954148011321,13.13690902662653,13.233767999737905
