script/wind250m.json
{"header": {"parameterCategory": 2, "parameterNumber": 3, "lo1": 6.000198445256149, "la1": 58.999992894266676, "dx": 0.5, "dy": 0.25, "nx": 22, "ny": 24, "refTime": "2024-04-24T01:00:00.000Z"}, "data":
[rows 0 to 23 of 24, columns 0 to 21 of 22]
7.955948409296101,-7.364338463765747,6.938125039608713,5.150998060201622,-13.885438804954896,-6.813974254889848,8.215910511257244,5.0835303294196565,8.331740670168132,0.5342886841072527,-3.2093714291591127,9.043705595211787,5.387603449413354,0.011091156169631494,-9.097645029852824,8.839904788436233,-8.306911248284738,3.4296463942589903,-5.635644445195207,8.509356005412918,-13.4295344963982,-5.903219213828952
-6.8844388340530385,3.1828317517183766,8.316284449327863,-7.752440617332682,-0.9279297836648901,6.759465444640167,-11.128154512708564,8.15052650828829,-11.633706573344071,3.9880519096621527,9.08688114382187,-1.0122283000534311,9.333943020538914,7.077161231104277,2.120097839920623,6.866073670576801,8.354187014763601,-2.0567211001243284,-2.656423770920752,5.332863928197312,-13.18146013222725,0.6205663889078662
-12.015735176081368,7.381166558709997,4.931210673808689,3.5887792266044056,8.089381453035083,1.5975075094658162,0.5787091043448545,-5.9456701438040644,-7.624354910133125,-13.015524176712704,-9.55781319349858,9.622188331506644,4.665380332961504,8.996963223232472,5.092549687847766,1.0030618754629645,-4.437498372486243,7.428364061002731,7.802730659275489,-0.4455434531816231,-0.8669449892790303,5.6434490794389
-10.325996700820932,4.966520767693478,7.665272341909017,8.569828202575488,-11.122096011465631,9.449716965109934,4.3519726990424275,-10.040055582237008,-10.76583265652829,-13.29465829894167,-4.677391694168854,-2.7785050462589407,0.5266328205630836,5.078044837223159,5.877018890632139,-13.036076601260453,8.102222827514034,7.7924983330212925,-6.753918740204355,5.431356673973188,3.6665125974591666,5.689132034218818
5.112889793448704,-9.22641388742749,0.8527414591320202,4.043748156735958,3.0761450072883187,6.606049804968886,-13.577340926560877,5.880237850812793,-5.363588874813696,7.860649355867925,-1.7051278767030198,9.267192791516663,6.2271111770535,1.6528034401531235,2.3600786913004526,-12.31995266703204,-12.441932610368685,4.847912381728703,-12.2128272950687,-5.90622746017454,-6.1734691355181415,7.251291909373132
-7.465817255839065,-8.117827089113469,1.4549866756953158,-3.838907649608482,7.667261104695782,1.0703993224836634,7.784513390301099,4.30794261622451,6.691857447995227,-6.428583722611137,5.37742116944704,5.657232904427585,8.958288974730799,-8.666347319980694,7.109389341038514,1.3075725249634738,1.7115421991348339,5.839373269036585,-12.880009725834949,1.2799769673237222,0.45124520065540746,3.078522368403726
5.00162839153271,11.13928004500241,7.949800742964791,9.691907237040068,9.182050592863332,0.858342527354876,0.31816196742150493,3.5931293450680237,3.825372081652128,1.8009005938906053,4.469243007035593,6.937306229307335,0.6662934102207142,-5.6913272398985955,10.096091333171868,5.947428822217081,1.7683880025935068,8.679349427935446,-9.573814194484003,10.443362301557572,9.021222887775115,7.4241407124767615
-9.160749859598143,-0.15413412415677322,8.460860900363148,3.489248139929403,5.569817652600793,-14.047923344360342,1.7109574306213322,6.860147811938626,8.009838332637962,8.39879842250843,8.70969606009714,6.472159602802546,-3.729937828250898,6.406929651734045,-2.5416019761948614,5.929502348722272,2.8553761984319155,5.335946440645565,1.9781750355083554,4.236364076587217,4.205830268775025,-5.707504771467679
9.481692360894884,-12.921376384333959,7.399757080219261,-1.437971859920909,1.5649555845792276,4.016516196061525,-0.5495628943245604,7.711286634341196,-1.6975536796151784,-2.2193712778802746,-7.6980979178787425,-5.034645936126912,-11.092313316467608,-9.13163436822407,6.549263526878429,8.57412510659728,6.994686805106102,-13.184761368940018,6.426192115533258,2.8789040579904697,4.445979840290924,-12.846908159448128
-0.4064499345302618,7.961610263717919,-9.229542463853422,8.249763922401687,5.017461425306413,-4.447507922501984,10.703766404649112,-9.506928395103271,2.5095149103908976,1.6847123417308965,5.383897260923932,3.3359540479620997,-7.788487359760466,4.115204598741092,2.1630248228328934,-12.5145775511021,-13.58102756103966,7.315081698472301,2.4765459837388946,3.81048542592473,6.799730907671443,-1.4187282639717176
-4.431230327858675,-3.1817019728356493,8.072643273523267,4.13426387833447,-2.4171801712233916,4.440202002930214,2.308257854068933,7.316113687203691,7.114244044737316,3.9982668716528504,4.435661424303328,2.0816960874894614,3.830638339182867,5.951121674364506,8.984822862518792,6.050345183037531,9.205427598131124,3.3373277412353355,5.283642278043212,7.470128459984077,8.41106523344948,-12.219829293264073
7.123911896645261,8.417643843475432,4.213235059433133,-2.3034561904470365,0.9394809430961543,-3.1191339465666243,7.979708891717031,0.11605947887320786,7.063782977018276,-7.282872452933822,8.469743169728215,-0.43493339166757944,5.906622041103072,9.849854230442155,-8.084487411455271,1.8133236642507284,7.91028955800423,-5.5172591449411055,3.603564485988137,-1.9292892640650967,8.502287815037914,4.302643723143246
3.83404446326621,0.7657416483844139,5.967125415569979,7.257060937731257,2.9380353801424466,4.999092679219269,7.8272052748710585,8.131597659282303,-13.95713331085669,8.76908808321892,-6.588267980349358,-14.427886190762587,4.3318982466887395,-5.689977608332638,-12.18529640397383,6.134486113392223,8.633865516511618,9.331046881022663,-8.619732636997664,-4.4291571405178685,1.528635917214777,5.233849276339574
-10.136536502154655,4.511777523148766,7.289728170946306,8.53244473047502,-10.250284307940763,5.582442571193471,-0.8067043438208116,8.381052674345385,9.887363243572722,6.24711707002048,3.2907243021247417,3.576603035715621,6.5830497811117725,7.26186469266955,5.856791953907885,0.5633135165525698,9.820268841446492,6.525284050176129,-0.9345944151777746,-14.272293985440033,7.211824391478628,0.9605476986581724
2.759797239600461,-1.500978165552596,8.423483139361458,-9.028600854429751,6.698571971494462,5.289217614985548,8.355890027727936,7.997388482955634,-7.9060939544133815,-1.1951034086477448,5.016736901270966,8.61546546843566,-0.0423643700705598,-1.3266057142825385,3.465511343140268,0.033834928635936026,-12.195257842611849,1.3317679363476402,1.9123106189685906,0.18366606439009922,4.729864859292628,-1.5760461068916112
-3.9035960181421836,1.3437950941479433,8.638444719885468,7.125838418456535,-10.16936541279557,3.191590665453265,-5.586490383855429,3.137370536596308,1.792009595709882,4.939204258794147,2.060417385404762,-5.981047439496442,3.6491945400254457,-5.527860103642089,4.486231130565985,-7.651627497482756,6.5034751992991024,6.891796637888511,3.2158486103847346,-7.547371858665949,-3.676462527648506,1.08857145656633
9.31704244691662,-8.831564531863837,7.275135278264039,-1.6739239803862278,-1.2170019845766729,8.64866634279975,-12.508686262735884,-12.467715697060472,-1.737972839752164,0.37453976497628755,-3.922004346911846,10.81304499064887,-7.449080430739554,-1.7002733917019441,2.5155742340918232,-4.913366970099914,-8.913212560726095,0.930469342333704,3.737911828927188,9.64994170839951,-5.460957782853908,3.853779239883279
4.213903126934563,-3.018845745577898,4.220081011668039,-8.99458599685229,6.559384497245754,1.7387099084007165,2.399922232731548,5.331885181455616,9.245327865610887,9.548809283647156,8.061160791990439,0.5846767966945072,-1.0970096251861428,-7.801244521217217,3.3558302509547477,-10.861060397135757,5.957820317350058,9.033798843083074,-6.84383988664031,-8.338820217382647,3.6964681968206037,4.488846141311643
3.2597147374773687,-9.466080527187504,-9.026415441082458,-10.481477217426665,-12.72127654789624,-4.152516500273188,-1.6638968671223344,7.059106595915299,-12.545388908499437,9.831054368899633,-12.173314936814094,7.671727518663889,2.1279471083622234,6.0805239445847095,-2.57765652708849,-12.372487477678053,9.75620720210099,9.418845737265391,5.057080412725658,3.5929360362690486,9.872837647248893,8.722533938240646
-4.902543379711871,-2.1815066202078173,5.978975687218771,-4.3039700485498855,2.608967223588313,-10.248095973848367,8.801848590761589,-13.189221165271498,-7.004411461525253,1.0204987829837129,-5.107806158515584,9.437491312752787,-1.5784326861155784,2.1531918674284976,-5.453307911353413,-11.089568783840196,-1.670345949431583,1.4478596942095,0.11246612917260175,5.0620844556771125,-12.100843786033181,6.993526789896166
2.4254142040563753,5.272385479204199,3.0275244344348526,1.3961328185987267,1.631211214244838,-14.373790734368441,-10.206774729803426,10.159340790975923,4.391140991169655,-6.735761011852479,-0.029049855341279154,3.2658909839140096,-6.578721821335571,5.566836566102025,8.953223032877965,8.891750442941534,7.389837716721458,0.8783115031394503,-12.438842166216348,2.508079373732857,1.1621670991467101,4.077347742634187
-13.185659268834844,0.9949332724618006,-5.422092348612858,-1.754830059261823,-4.273708386237396,3.523702907300047,3.592010233726506,-3.116469576733386,6.1208828888795015,7.475388271465986,9.35433838429874,-5.040717614222182,-7.831055389566871,-6.1381022515607135,-2.521170251514919,2.8830102790610077,9.483116446140473,7.777067419435121,9.033116687620709,3.717810760206505,6.210594374274625,1.618347397392685
-0.08146108619213187,-0.3472500441978935,4.680575094699041,4.213614383676473,5.527949493251995,-12.772452953313238,-8.528569535652464,-2.6560946327199937,-0.836199807514082,-8.817554203928449,1.937625371607865,0.8692287599262111,12.29625211120866,2.445822864721202,-0.3788626506391436,-14.56655515348237,4.469104792302396,9.697886762987485,-10.658581018268528,8.449994368310033,4.135202306371024,7.5532363090623615
-12.456543966044212,-12.172264122377728,-7.1666785499162105,4.226993374746225,-12.420375212082448,-11.602916045220736,7.135896040614891,-12.028726272544704,-6.800078917787097,0.8537882570314005,3.5930560052754497,2.212330923249174,7.098719103857578,2.168542223825443,3.3538662980289633,9.072750449154226,-1.1123554538918383,6.512589890126741,-4.184017528223038,1.930520531115451,-2.6739022743230256,6.83173174318851
