script/wind10m.json
{"header": {"parameterCategory": 2, "parameterNumber": 2, "lo1": 3.000054539987559, "la1": 64.9999836372058, "dx": 0.5, "dy": 0.25, "nx": 34, "ny": 52, "refTime": "2026-04-24T22:00:00.000Z"}, "data":
[rows 0 to 24 of 52, columns 0 to 33 of 34]
-0.6551188359370829,-0.9297969778864422,-0.37398937589376363,-0.3042054389128611,0.29145698291816563,-3.5366952303395305,0.9640263064312189,-5.968540468873712,-3.843921378078227,-4.813868402477883,-5.095535848617948,-4.755638673352893,-4.3605089355093325,-3.698642928316599,-2.975907616905169,-2.626635764676489,-1.8547489791884275,-1.0136250295933844,0.6444930242135924,1.325849560620374,5.113954097895326,4.8604043181693335,4.655864191609761,3.7664507825527704,5.54980623085648,1.7978049547789952,1.8928273271859168,2.302021355817853,2.259088658900171,2.232064561557366,1.8733555454743962,1.3499047137143068,1.1663354090969453,-2.1721358119534067
-0.6767112733813688,-0.37309142165661285,0.45561061006685605,0.6984136181351729,0.5099916943962007,-1.9175071980252005,-3.1133831612627705,1.7449970399640102,-2.754805184273916,-2.8445473252077833,-4.452720110501055,-5.001345638524906,-5.0342357765950565,-4.19211735474386,-3.576918977904162,-2.8785629382863176,-2.064533682707159,0.15094027468196106,0.961124135964819,5.4133734362266726,1.3086132816072467,3.7562850314805667,3.1066547421686996,6.7459751125013705,3.6061869231563497,2.9908039208889092,2.700508525685228,3.4784454152045563,3.13454846932769,3.1917742755288976,1.7380894235094713,1.8803004660068179,1.3941254412805957,1.712163016504472
4.654548746823444,0.32483048388348773,0.9606186763940434,0.4278101304971938,0.21084777888428954,-0.9222257314198405,-0.6982045985876442,-0.4528309244749253,-4.072284294753058,-3.259670669754712,-4.279351823621623,-5.230421839861269,-6.11188729818162,-5.571953599937273,-3.301849311729007,-3.327155012087972,-1.292771166980058,0.7748563241919375,0.6706367487005537,2.6569744795347288,6.241952265471534,3.748630807305483,3.468958688284838,5.331318664511604,3.7234004139868446,2.545801550788146,2.4118883832587152,3.935488317873072,3.3947554533630724,3.2414208445599315,2.6502983126501127,1.3889769529368896,1.8118272568971987,1.8838680985001128
1.4745511701225285,0.8310585424912191,0.7442985716762256,0.47434690611465935,0.49103997542180605,0.0375208463114457,-0.16558453532222744,-0.4577359546751202,-1.144199566197925,-1.8029939810245088,-3.4509399411276855,-4.23868062693625,-5.4906656794780115,-4.847350404095907,-4.665874173609461,-1.336842570678135,0.7513302346997892,3.362469625500954,4.818578711980615,4.250499682502349,6.898994935923298,7.733350746612772,6.941351548837155,3.603428864745922,2.230927947495767,3.6976304930188446,4.061367580526536,3.4823448543070636,3.4072836871813315,2.977378856234041,2.823969381935949,2.61176539846126,1.834339294491952,2.056735788440623
1.2826625127798081,0.43210928242096863,0.7070327273804765,-0.015827821681118823,1.1049167586581832,1.6752877426383712,0.38288148241910347,0.34026160520726934,2.024303747964347,5.399632551575307,8.506813109395363,8.320689651292573,9.298234243195374,10.57250296723786,6.499834199717019,5.865672127434756,5.600425916146136,4.116073458638232,5.831626690074689,9.929870231075704,8.162301025994608,12.82988984374029,3.93388828348013,5.294684982554995,3.815965555700391,2.317652953012861,4.0323281171307,3.617319489820213,3.6022607140988456,3.431841878765092,3.238433633537731,3.019540313860388,3.092966962908719,2.4477867849703534
1.1018428958436006,0.2263377753630961,-0.05804649260969754,0.5949083873100849,0.9219098375841176,1.7869189835097867,7.087393976733039,8.164398239610772,10.692030585333262,9.22952409557159,10.0006682557862,10.578295208220606,10.918444245918458,11.9970642856734,5.478567683635151,4.927030431260714,4.588648827468813,5.444401835434795,9.836174805855586,5.691239000229902,2.916358624542394,6.445190540090912,5.362671777777034,3.390979442453262,3.2602794774503483,3.9654283279742124,4.062145477529605,3.863571478083529,3.324501243325293,3.938672891173739,2.9174088237341143,1.923802829435383,2.2418725093570004,1.5419282467056414
0.9549400973162664,1.0969570782796554,2.7205442790614236,5.159710681546352,7.496871931154206,7.5110126976805764,7.128440800178435,9.318752771992502,9.474898149986457,10.295931616944292,10.386190023249231,8.294723173860216,9.054599272749588,6.842116346431805,5.657592571909475,11.875180231482094,4.661157678390221,5.128756510384768,10.434143119504997,8.073752175046243,5.731433745547115,4.545798692179918,4.43418379198177,4.764813852658072,4.816788127798151,4.262032667185622,4.548542859562812,3.802345933942132,3.3920166491375343,3.9721927427316843,3.2912017808611425,2.726168370075055,2.4682710068209346,3.2824162656700757
3.2994573257428295,6.388489721230708,8.406491523862647,7.858530689703952,8.766883874183959,8.958795430405731,9.262199622496984,9.331223766845223,11.04552718409585,12.361247692421115,12.852103878295194,4.750892434793511,2.96773525929238,11.178148459495114,3.5653009147326484,4.221251642127547,4.214417373006345,7.354714377366841,9.287782865288138,6.7305008561064685,7.776863601737177,5.717818286628089,4.409605843261234,5.037697353874847,4.092642663271793,3.7243166710551594,3.9752479342042117,3.996076605413961,2.7192808381398756,2.664333542608806,3.8381302099893397,2.6057070161248235,2.5707576934462972,7.798753096219935
6.058649492403376,6.788035812991038,8.019524717370215,8.328143382893893,8.505363227956135,10.045257707601156,10.687430589652076,10.985887905031445,10.864015266155231,6.099913031369404,4.899015860232146,3.740632911643706,7.092550968303505,8.303799117159596,7.730044871781347,4.182979075811011,8.514950014804043,8.234427911046835,6.3480538931211425,8.14336841734061,13.493401959177252,6.2335138808999675,3.506639776708524,2.9157708096852737,3.62816939416748,4.040151912730605,4.235819139649333,3.9182773197963927,3.7654153945225315,4.122013665747679,3.067099076364176,3.2631008924131413,6.859595830868096,8.881236837004526
7.748874997283881,8.249196491907494,8.49600266681635,9.135667583015858,9.395784291011203,9.506729004767069,10.163464168025167,8.506229923130933,6.290285379717523,3.9768690913940907,3.2080098572184323,3.420999380185276,11.079741195849742,10.262346912977478,3.0798892644576643,9.958773743995383,7.229452320575094,8.031985453566795,9.131969143815393,8.719911651135874,9.601141975436903,5.014815995482401,4.240663640571878,3.0899693095522918,2.901398233130675,2.84642109683303,3.1788933250919134,3.047888400810798,3.2303856269816724,2.751681514823198,2.9965932199484215,4.883903924085424,7.7722365987607365,8.875913227463254
7.901518683117478,7.943688432320672,8.307447497535525,8.605342960789418,9.058402849396034,8.792004207567157,11.448202305542136,5.847422532416657,8.44413620519112,-1.496994765167819,12.09484237487418,3.447373615192978,4.362599803603182,11.892042671210577,9.93250522503511,7.123698308106303,3.063030508465146,3.206675399856222,9.90635701957013,4.1985283502829684,7.61462783155642,4.600711610067126,8.37979535565854,2.7574253250023646,2.23765755284582,2.1250977209947646,3.3573289408856364,3.1590335856901683,2.580922818175597,2.4084597457189156,5.284228291558047,7.069465999422378,8.129714922607999,8.642227728830221
7.620559183611435,7.679423814680808,7.5336621994570345,8.196179004321383,9.21948807837022,6.023019170529462,1.7633997200671194,-0.6454687568028321,-2.09611995736337,8.713315206108732,6.882972958703225,13.351188761218713,10.022933970442763,6.009209806128182,8.672148061722503,3.6968085124611862,4.85499469078796,9.628072172904217,4.17166119451075,7.207421171026976,5.6319977642513415,5.309172961212177,2.503920263060966,3.7756895348337265,1.5217998108066502,1.9853957883234252,2.829985991302348,3.096793082236921,2.2961877777909145,2.301148960122919,5.426610678475034,5.918893933271863,8.260107745004348,8.847888927582142
7.855971843881642,8.145604765518714,8.686487357237695,9.520021316477848,5.646895678026566,3.1170750177447224,0.783563135678127,4.054988314702436,4.070154688476736,11.141779570672739,12.310657231939754,11.853651067489222,12.50615541491691,9.46657429628541,3.761554948461472,10.846124455037124,6.800858055834474,3.9311258840462746,3.875247857548144,3.435355996689562,3.540658451456437,4.502369518061346,3.5348515547569495,3.7694455425522158,2.6701862173042614,2.338148837863884,1.8158851899156017,2.032348988456878,2.733043815579306,3.3663470986412416,4.010507113923969,6.471899136331549,8.318671736016919,10.148197223676192
8.516743332689307,8.700146940172315,8.933817132882867,7.850105919497023,3.985542040244346,6.5602443140415,5.008153219365583,-0.40676929885382357,0.060885028568094614,8.404067547647381,11.709714687996577,9.309435083467207,4.573263736708443,1.6053219483972128,7.174339003841371,3.581928135857367,7.148054666238277,4.396239259238905,4.236147750611303,2.0487245224601938,1.6346130497860367,5.592685562736354,3.047434587758486,3.6501439053617832,2.321855021185491,2.0980759972261325,2.610272816375824,2.6062760322117464,2.4309245363867285,3.90021107046526,3.7246607876985474,4.632743726925093,7.003596129407442,8.746241940338926
9.486947596442953,8.681648835718237,8.010931091178652,7.029686071983726,5.824410987969926,4.431073371105219,2.691193683029796,10.217415360487026,1.6434123988345315,6.107996290064977,3.1911068018862645,10.622534554219339,11.698352444304254,3.436509596233735,3.803435996193083,7.04953473265515,2.5179568239735373,3.9341680730627493,1.6148726853697541,0.9752213343260014,1.870898729145247,1.719298474211429,2.1390257381774784,2.3362849942613635,1.5324779789197907,2.346510684009138,0.7455386076112172,2.630951501305083,1.713760333774946,4.166788879428884,2.865543925824246,4.808237101003985,6.2732055570924645,6.133265648867056
7.951561687556159,7.528880217218972,7.21861106152892,6.9783401944841925,4.445513089871371,3.973030666220952,5.608974786577502,-0.25992195316345135,-0.6452279630956642,5.127454184417065,8.916834331324239,13.381447350121308,4.297947489105768,6.078057062893171,2.300861873428553,3.736004690079775,10.1592300382618,1.5713769968315858,1.85450240128405,2.0353618010249352,3.7047203175128667,2.1243759466224272,-0.05950565374568569,1.8602963950385125,0.1953194543147395,1.4891921453722465,2.6394523259001095,2.397194670295622,1.634118018725758,4.5955266422588545,2.652185087829733,2.6639340791195667,3.928815997572024,5.357136662603079
7.352487850357666,7.1690188566143025,8.59012482764942,8.399710178077509,1.2902792349602286,3.4063769423774675,11.43319540886678,2.9577916862405056,1.3694715399068484,5.625609379402755,11.474651616394924,14.385546928508084,6.915381515523627,2.365375520005521,2.493792128370153,2.4526177595429366,1.1054070637623352,1.4768351658076175,3.1228259092152415,0.1260916128978152,3.7283529302970875,3.3685788300255193,0.2852919289972798,1.2008574739281839,1.1149168285953905,0.0770923124929665,2.598381232150287,2.0293856774208243,1.8770862241880115,3.7960052378894775,4.120150567114653,1.428836448351839,2.2093645324973155,4.190413878755622
10.683229348186341,9.453279185440575,8.40225422016335,7.710744406832389,3.152764759553794,3.6403098731021992,5.525763621547729,0.3293433955551034,8.95937831408439,13.292289624106242,5.611875783913037,8.765776316384638,0.729733027681465,5.2585706511091095,4.203194441306876,3.8315097352742415,4.76826172246741,0.9735645786349442,2.8356907331030143,1.5509944749834845,1.0561739521709197,1.1121591235575234,1.4426666020592989,0.4173778029385748,-0.4340703261627322,0.3283244241345486,1.8019290774872196,1.6757471982161796,1.9373232392962214,4.142062951488961,2.316848257142489,0.769167421641159,-0.291398071825366,2.9025711891814794
10.294996229724129,9.210122248311075,8.107607110539087,7.444137336647068,3.679979979836457,1.6433336806062646,6.796220734669533,1.982661272496838,5.022890811045918,13.33541500283583,6.467241499781553,5.072558636258725,4.935735343330594,1.896642958292366,3.78359054760099,1.303690382922338,3.482310508850573,2.496725728150831,1.1485970618673549,1.5971179733388663,1.646234758887112,1.9638088656188812,2.288381366206721,-1.4613136007932188,-1.0069166426572482,1.4502987039752657,1.2540114059732426,1.567672189263976,1.5823528429961486,2.001959577349518,2.1028979117444595,0.14841277788767562,-1.7655195916015902,0.16646227631499363
10.006850863820931,6.615106224053488,6.192844151982798,6.200436787763079,2.615707212830068,2.5359360862558096,0.27898868229495344,12.205623519333571,9.542240096615767,7.974697945810604,6.073902007227727,9.772659331046,1.7547433100316339,11.900818869510871,1.538946631550842,2.3037464897683755,4.098431126637757,1.04699996897864,0.8712713375140376,1.9348658838680188,0.8999832598970243,0.853383061633839,2.43336089419856,-0.28279698624522787,-0.537417576696185,0.2824847284851173,1.0103286747239566,1.144696520296997,1.4907516343245795,1.5780635247394492,2.0051249198111285,1.2822297140866352,0.6107223993245326,0.06009499655127236
8.820028723969685,7.9656913819092985,7.156227644192666,6.081803537915488,4.625244243248893,1.8900431611775492,0.6859169181261556,-0.4142314107635722,3.8198432786345164,5.533638965568295,6.900565321027736,7.858929654308554,4.745180389633863,1.469609872445632,1.0067137100810317,3.5526529913586677,1.7551583129994355,1.8116295693115743,2.282589316846799,1.6249863826427562,2.3130193463871787,1.8028635204093084,2.2471561904012938,1.9046702306476069,-0.8100490359153981,0.8185514405144558,1.4138203023125377,0.9229371237674753,1.290271135781729,2.3624869141025466,0.8550697059489921,1.0398311697767832,3.3725635633463167,1.8939311087579136
6.855525021298603,6.9854372747024165,6.325426918872753,5.149699285578185,4.666720413651231,3.2614038927933957,2.1729859053966574,2.6508488133939863,10.064849770919178,1.7066793486760865,9.014803213593188,5.766584050025075,1.1704498245456254,2.144176109216638,3.501770462395832,2.219862747898279,1.826363880763743,0.6049275771581643,1.6037367908784983,2.0741121306755956,2.394139350243212,-0.7417491742218845,2.5893428224377666,-0.2733228422085361,1.301373230353597,-0.2575730766742712,1.6048150718608885,1.8661349584497429,2.3590875094321926,2.7676208960373687,0.338092850970434,1.2494772438698645,1.5148661914338641,3.7400121996270785
7.353925282113067,6.9211546572880005,6.595862547933089,8.253722201036524,5.158652111533944,2.7121924503861496,1.5025573490756385,2.3321730106439054,6.454052037128452,5.77613305941588,-0.8178834676368187,2.6438536175205987,5.117848976846069,2.515262823815033,3.8405901120003505,3.918690110900353,1.6989183378515336,1.8522024780952921,0.7190582161778967,2.507776268324516,1.564423071355462,2.116357866426804,1.9302846501078714,-0.0083098803515398,2.0700724558467956,1.512118459220962,1.7480700083932457,3.2525531848751537,3.3970921652336865,3.387814111886739,2.1555594299404786,1.2487687101793759,3.864076273214267,4.551708424215393
6.735758874797181,6.710116430624716,6.572438646152845,6.131583992501436,5.37285013401188,3.2698504919857805,1.7009034671074061,5.322866664603428,7.6227351113866755,-1.2557672553132742,2.080995614516553,-1.0862152898983477,3.7049602450715793,2.2844130173517048,1.836712722048182,4.175382654680313,1.9154440182609471,-0.5306301218920394,0.8561954338577961,2.383921994030433,2.8610278927190755,3.5205019299959637,4.088415055958598,1.3034954719078893,2.3251974266729407,1.9955384491645882,3.945658500062158,2.008502353664823,2.4159371213327088,2.9699797023002454,2.9137166321864942,1.6389961273645461,5.04209271802131,4.966877165363425
7.445014003265232,7.076672917810889,6.871133058939171,6.0913453790907806,5.825791825077917,3.761977110933419,2.419975483877532,5.785091438787074,8.924951594292933,2.24114605938651,2.0602587227177995,2.1658662463594336,1.6317977959713106,2.161722215530353,3.063883099239173,4.7558805000371835,3.0930848026862696,0.901633915998031,2.200068644052521,3.0476083083771517,1.6957111818168848,5.113486252656952,2.2464113277278654,2.4671613617134014,2.7526465630755594,2.58778872377055,2.138842475662652,1.828792226185597,1.9602398250012403,2.470645193995011,2.4294866062475595,5.258237775357104,7.25243300236288,5.901918186127072
