script/wind100m.json
{"header": {"parameterCategory": 2, "parameterNumber": 2, "lo1": 3.000054539987559, "la1": 64.9999836372058, "dx": 0.5, "dy": 0.25, "nx": 34, "ny": 52, "refTime": "2026-01-02T12:00:00.000Z"}, "data":
[rows 0 to 24 of 52, columns 0 to 33 of 34]
-12.902579078768724,-11.23913192468583,-11.633050711051434,-10.341386994933888,-13.14143740084182,-10.155057381373064,-9.962587952673756,-11.23222256924205,-10.4400392879305,-9.834325211796523,-8.919756357960878,-10.324849294737673,-8.054493964560224,-9.517685053403817,-8.928546919270396,-8.414165877808443,-6.3352595198892185,-4.974375171218077,-2.93532738686112,-9.908034719799744,-5.849017941998944,-1.2627181626398267,-4.98676699232468,-9.153073671571143,-1.5795310288619577,-3.310782506928348,-1.2782809002127828,-2.3735741607452994,-2.3311413954131637,-0.3482451619770482,-0.2696773308952636,-1.1928174986278273,-4.106948369742473,-0.4865255905171799
-10.009583217740378,-11.955277809613856,-9.417711394647363,-9.653209328488519,-10.057468110827044,-8.656304248687421,-11.91600356621302,-10.479940307189544,-9.56070812920732,-9.818270067799789,-10.057310611986527,-6.915771235073025,-9.35260970654495,-9.55559521104711,-9.155045917313586,-8.623664494417561,-6.923776822672694,-3.850141096928335,-6.623347421859292,-7.661329014993658,-2.916831200149391,-4.4746200213388,-3.1384614371921056,-5.576487865027547,-2.382132893550644,-2.822664460819448,0.8323467215241241,-0.8937053788202475,-2.440120137585793,-1.0425329677829802,1.2551786699023224,0.31371960196804166,-1.325632424039948,-3.064593380910305
-10.387728555889135,-8.155003672009686,-8.545595743812004,-6.397025210030013,-9.61770443436324,-6.365926710918983,-11.101300016467132,-8.291957302590085,-10.65511796713794,-10.887326954032684,-9.52876638779371,-9.090417975555068,-8.614472678106551,-9.131899142197254,-8.83398184841345,-8.052412235368175,-7.349052847501759,-4.5193341098280175,-5.668418040674688,-4.419831206286775,-8.434612706168469,-4.5445454552775155,-2.9698988868475884,-6.317728108078924,-4.737501395073439,-1.6166221294537433,-3.2240990026055005,-0.16441553967490005,-1.427084706998063,-3.709877164589579,-1.0814919315746319,-0.2077949475718616,0.43708706022957483,-2.343199758831868
-9.149884656613617,-9.394746931602311,-9.535042770164099,-6.7545292721255255,-4.56399646644132,-9.144344205341238,-9.88768713725447,-10.021869346320642,-10.979036446544654,-9.852361592026778,-9.929083516755773,-9.832746180252629,-9.306212107978938,-9.317946136090757,-8.109209592875462,-7.521232013207669,-5.660449531902998,-5.362225182014484,-10.837332789518204,-4.116374757139669,-9.08371882009126,-4.645433162243536,-11.16494302766835,-4.04607009283815,-2.221462419134487,-2.90624303992586,-2.616614758828154,-2.8559038527530265,-2.8148884819864324,-2.4597944852980405,-2.434203857214488,-0.7148632708182862,-0.8151402760306874,-1.3433053365976584
-7.697052266973647,-5.885786483793324,-6.66984116349725,-10.736521621384522,-6.408302570996569,-9.125473996349076,-8.120223593704065,-9.479814194244828,-10.72132831978264,-9.46772818565079,-9.928894299692844,-9.824285495888644,-8.468759457123616,-7.864453404542611,-7.529747685786417,-8.57097709784406,-5.4170378272070945,-4.519894370019537,-5.521344076564563,-7.7775791775692555,-12.869146026908624,-8.235810212175,-2.1152279006436543,-6.998854590796591,-2.8695926218223935,-3.2472319620218726,-3.0166558082671995,-2.371762580641114,-2.9546269022452316,-2.0621028685891067,-2.063906958595269,-2.5688293898725774,-0.7801544576347712,-1.076826572550768
-7.681865885563632,-6.9395471194410545,-5.148399408138712,-6.947676675254759,-8.046679670031363,-10.139581295722136,-7.522114614697832,-5.8870076927110215,-8.790453396814028,-8.15986102250651,-7.801172151546199,-6.896325119541211,-7.010209747239214,-6.581354989151034,-6.5812319111451165,-5.841599339797287,-5.2043176587945545,-5.435157017173302,-9.391387483146614,-7.24261587906362,-3.7936406000788776,-6.401706928105155,-4.284007128168679,-3.778944891674993,-3.722586651528765,-3.3280566299339305,-2.1761148363640093,-1.128234273633817,-3.244446022673524,-2.8816969770098066,-4.080790437705255,-1.5154724274774067,-1.3868168400999001,-1.3121997217127708
-7.213119291969801,-9.506861473941145,-5.507079781538155,-3.327202124512813,-5.377071483239568,-9.507456119251518,-7.792635827974582,-5.785931104947891,-6.15276357452896,-7.159531305068478,-5.947217168144561,-5.369061965433673,-3.7562431078600884,-4.283311459044547,-6.996366008431896,-7.466298628917823,-3.8032429070718052,-7.439802684352782,-11.475151390164061,-5.993770982912523,-4.721460555545578,-3.796008731601987,-5.2120988659067935,-4.759960497787974,-4.652459324138076,-3.0020949653203393,-1.6267258724252451,-1.617819144445266,-2.4776532879648805,-3.0370532696859827,-2.3379816009673524,-3.3140783140326144,-2.3733594130133024,-2.886936026618633
-7.3168496454381575,-6.486989977754933,-9.063232114878522,-4.747105020025943,-4.660041987141296,-5.830971817017185,-8.124638643678171,-6.602589965006899,-7.346180236867917,-7.369646515085198,-5.626640107631105,-2.8449052623958804,0.16482266398656747,-3.454649050502219,-2.4607243896669178,-4.221183272353924,-3.1040640886293858,-7.483596263171119,-8.096640674127075,-5.574999821696642,-5.069078359058316,-3.935157513138218,-2.7402067698722328,-3.6113416978812407,-2.8205798503232353,-2.9425512423941833,-3.2078855611160106,-2.2262104817130908,-1.7974022805115322,-1.9555135298411803,-3.2906917540786513,-2.1166716541349633,-3.4756241799794894,-9.559419320726466
-5.41606051031471,-4.446171441486048,-3.508551195216314,-6.621315946091508,-4.339547830600581,-7.64328729750055,-6.522421612832637,-2.5638745676112054,-7.650218634912195,-4.098031860239057,-2.263808235269749,-4.115155251174228,-1.5403518840142123,0.00018732881387740357,-1.7221888156505063,-3.5522708720782483,-5.389158728705864,-4.444632035623775,-2.174847969897329,-8.97583341328399,-3.569034741488278,-4.3507381768713955,-1.9365142046575594,-1.9525605809480475,-3.1692622174086456,-3.067704997494938,-2.3645008763429445,-1.6364034727105619,-2.029628989022149,-1.800982006418867,-4.382281813983586,-4.711066800307393,-13.781958244129811,-13.29084342758024
-7.0602333811342035,-4.0464207382767565,-4.468737817634224,-8.156288909143804,-3.8062518168036332,-7.146606247368155,-4.038572805752551,-3.5565578373820577,-2.4208250512691523,-2.92692570105119,-1.6140769178484669,-0.724949245284608,-1.2527301526643184,-0.35177109728808276,0.32385183859445793,-2.436487431855505,-2.3825188976445024,-6.867518048215641,-7.98210630126567,-6.287197432372031,-4.7065429272726265,-3.7686985549924836,-4.092945554966284,-2.0559327921358,-2.3862839976137398,-4.406168528932321,-2.39748195625136,-4.590868324313319,-4.187821684422777,-3.5782740660327543,-2.3541963208005376,-13.792605855669974,-12.960296188877034,-13.067178725171976
-11.646313701663603,-2.3269854524123867,-4.819003249621938,-4.21919504165421,-5.600691701268272,-1.9621448993407093,-3.3062894299021752,-1.384230386980711,-5.047045920465765,1.7446530041235144,-0.8907709956519788,1.3449050489515306,1.91161698462336,-0.9618168206723381,-0.40432569329121426,-3.933316723358468,-2.4927720651977343,-2.7603518739970485,-13.899739110808651,-3.30662282624273,-3.712659520653208,-3.682003838924231,-4.8490824171237135,-2.22717623812839,-3.5077314999616034,-2.558397050664864,-2.9646241169917174,-4.319463581087465,-2.8451754797124393,-3.6990544948214645,-12.684637610626748,-13.10433411146198,-13.555621227518916,-13.16536931963182
-6.305307758142651,-6.271706804907516,-2.9432562878496347,-6.709916945170719,-3.3879788463581484,-2.452687735122988,-3.109430602385303,-2.5806522960414986,1.2591858494990138,-4.764860861201455,1.7833848809893853,-1.535145053964377,-1.9485804481172333,-1.7526111676145988,-1.1302424105568227,-0.7028000987128361,-4.289722462108789,-7.607369187340035,-8.691756452668885,-5.089535471480374,-4.411552352569379,-4.731118105057271,-2.3394217775975994,-3.1152106916150673,-2.686689709349829,-3.037460173715861,-3.2953823786005803,-3.34867045899549,-2.4065736591015017,-12.127510613046532,-12.791755400472445,-13.319743688344653,-13.663743798933652,-12.95730292709542
-5.476616566431503,-6.729237006631311,-4.995689704421583,-2.962515755090605,-3.3474421701332435,-1.7538464296377878,-0.26480830404957534,-3.7271886216988928,-1.3229386385021666,1.3465897048963615,-4.180760674995068,-1.9304816126727091,2.630565442216791,-5.843256823094476,0.3532682454867097,-0.11578830786650521,-3.20991022471282,-3.5290365527455023,-5.660615326959918,-5.624514353554624,-3.2810774685957256,-4.391748772877519,-3.578785789118393,-3.4096666740835904,-3.2538995894751843,-2.8490384858991544,-3.647661520188679,-4.723734718902953,-2.263985418776322,-12.035507701018366,-13.07667310703044,-13.148012341999712,-13.293053847119104,-13.06133396985841
-6.039378373043117,-7.3466598098656934,-4.32531550629846,-3.794610828480204,-3.16993667539456,-5.789219110549762,-5.665572270583595,0.19990081365504284,-0.4367820557508849,-6.79522253477812,-2.3288982770694493,-0.1345394480860506,1.2922302870620705,3.9416093950951523,-7.685543833172731,-1.2060812858750343,-3.6871759863531186,-5.689290453010489,-6.065858694020029,-3.528622855886235,-2.626468895816477,-6.86622008849638,-4.711976176263713,-4.47855025229614,-3.5096662800951823,-4.053469202845661,-3.518750502672667,-3.857286195665925,-7.542997606665421,-12.288868291602544,-12.838788171273587,-13.094117904583273,-13.45070586104704,-13.508803987949587
-5.912209467897963,-4.61626573360489,-7.664316694113066,-2.6096924687243033,-2.083573093127886,-3.8559804935807973,-0.08352037082729015,0.3808853271033754,-6.092093508448462,-5.557774772539728,-4.751576211763365,-4.416584624157323,0.7230607258739385,-2.052409208544642,-1.1047114816248849,-7.430021146279228,0.22671685792845175,-3.7991140379501327,-3.978336931943684,-3.9274056650725053,-2.2815694376117848,-3.0555401509887647,-5.702018502067601,-4.776195757307069,-3.1112528076542993,-4.181303311405058,-4.3298578633498135,-6.885693945901312,-7.230605463160099,-12.157277840889199,-12.79253854880856,-13.08504197228197,-13.288157998155441,-13.620217534422423
0.36482282920362497,-5.046468237237069,-4.0580465844209295,-2.540034542172302,-1.7994558674825585,-0.9872684680001464,-0.5953644419792087,1.5815201488532113,-0.36474553912461777,-2.8989843650510916,-0.3658280039269049,-1.1661116369987616,-4.091974955419143,-3.4415099012145913,0.4698134252602684,-7.9446656290356445,-4.322560315776204,-2.468925246945192,-3.2159210433577146,-3.5720685828837926,-5.973555043532599,-3.0812326924428066,-2.6255572761547734,-4.369027757547399,-4.221659353219478,-5.012189153546617,-7.41641640138814,-5.733129063776836,-7.983858250240148,-12.472345508008003,-12.697164325658983,-13.033208408435824,-13.550435016267969,-13.987421250937881
-8.567958890216651,-5.321439294748625,-4.178897983746995,-2.712123559512606,-1.152101852197225,-2.0163291979138793,-2.506133606154432,-1.7291608378451955,1.488325618436734,0.12383722201911516,1.7827708160580722,-4.371346452005608,-0.9638466823034253,0.018960551530850675,-1.5415982077841779,2.4425345214433207,-5.613044762869277,-1.7649736718254418,-3.4935660115452114,-4.118069070217869,-3.8395075100141463,-4.204320037245555,-4.114503509191683,-2.7998147695403572,-5.003766858005648,-6.313749036635059,-7.5338496707243605,-6.854955224496669,-8.07694570398885,-11.812893122939744,-11.712388479768833,-12.275710526844197,-12.855896849774627,-13.220697193792669
-6.822135109129424,-5.727810385322017,-3.005630652458814,-3.2529002564383425,-1.4295618292777714,-0.6476343117272804,-2.2018915079767583,-0.5422182104934583,-4.658238978008401,-0.3575926168955517,2.88162116469535,-5.379639683220945,-2.4324062161685185,-0.18437367975292607,-1.6609760211525786,-1.5200740036632536,-0.6249736391181279,-3.4364994708942582,-3.2873676963166023,-5.46865203026545,-6.356991521894958,-3.634179856000136,-4.245467497761445,-4.317051908494683,-4.353358531127861,-5.494173220915887,-5.27990668555027,-6.313362191571812,-7.439268835859317,-10.739505945069157,-11.415972541922791,-11.890892961777775,-12.299028705070471,-12.280989777091055
-6.585409101706343,-5.715255612932909,-2.038695553985865,-2.876614336098612,-0.24727234297503006,0.21925815286883465,-2.5690346630065295,0.06869251014744429,-2.5843098269940663,-2.637032498132774,-3.334477445140923,-1.7001852686074537,-1.5377383961077369,-4.117640621236644,0.6664200817619333,-3.8898951918960907,-1.522550954617861,-1.5322591307977471,-0.9897547501497844,-4.219860544104739,-4.677798333513109,-8.549327283312289,-4.763971363652463,-5.751656719067262,-5.299964941021423,-3.799826011126682,-5.836903603887643,-6.529923953775709,-7.046716070721753,-7.130807230787139,-10.889411655734646,-11.729643899277315,-12.00603412495496,-12.544114257425825
1.1754703332204177,-8.490413492113113,-1.5326725820213218,-3.1581534314169417,-0.8797857765524995,0.24486293797375275,-0.6134704034545069,-4.358602492121297,-1.1431159882791253,-0.19054246662853586,-3.342379834022122,-1.3713838526646085,-0.06890981958114366,-2.169016116779633,-2.6487200097416523,-1.1451855920569323,-2.0373049965552448,-2.4694950482469813,-1.6329211767095113,-3.6055787494244282,-4.392487121446885,-5.696877066069946,-8.546426042369685,-5.0085386647944,-3.750740369988172,-3.0194153453647408,-5.4584498270146184,-6.330941134995801,-5.506672147348773,-5.443334191608106,-6.388896718669104,-8.595008078273962,-12.058097933021086,-8.338053088881082
-2.6920474417493887,-3.793157875570638,-2.0639492734427,-1.903494018380581,-2.127591255586901,0.4965116847697416,-2.4166527077360938,0.7749317422689446,-4.9528852523767375,-3.5201111554185354,-4.920663635709974,-4.013200861834793,-3.269214893210366,-1.2531832632581068,-2.863733440100788,-3.1300687871183652,-3.669347573746794,-2.4091524654990595,-3.3291821781640483,-3.925050601949691,-4.969169689389065,-4.991847363044369,-6.55935017842962,-5.483548168230196,-4.769896428392505,-4.777104464494259,-5.786874584853423,-5.087404161267066,-4.98964979287958,-5.293574374239078,-6.761142044830046,-6.414122776723788,-10.237817262491076,-13.612294161668451
-1.2410733869918056,-3.6409135741969245,-3.681292804947991,-1.708194528811632,-2.5163208687544873,0.30883985987094353,-0.4789191571566497,-1.2470922263294384,-7.666240523449794,0.865609657896524,-1.3914810569094036,-3.8955351582454107,-0.3988631914180345,-1.6025242263236794,-1.3844846083564275,-2.550602680822387,-4.773125487620382,-2.9864156496367866,-3.4532421239836255,-3.507771069298425,-5.2995475944652615,-4.614432557686217,-6.0087071464128075,-4.5807920232646,-3.5370620028034083,-6.975653280165507,-5.147786777026288,-4.817447384500526,-5.882919339512362,-5.817857941281511,-5.588492325179587,-5.91820451893019,-9.170840951384804,-16.668318179702485
-1.9127689175426865,-3.5389232251159535,-3.8742956135451188,-2.2487954214047408,-1.9394453241109433,0.1488045757068467,0.36167282092871084,-2.5597705631478975,-4.005027120226807,-6.776852771142609,0.29707477611070354,-5.126099260920007,0.46720946836024113,-3.5316217555867366,-1.5861774977273218,-4.341886394329925,-3.729260215998092,-3.382956040822799,-4.036008557011088,-3.6051774159805055,-2.999579397343361,-3.5635061834839945,-5.229252988553794,-5.3763135904785555,-5.6767674830205355,-6.168284340053712,-5.8095793999375,-5.244580921579009,-4.972561342168363,-5.536353286489032,-4.114630361007753,-8.164369411602756,-16.963470121308927,-15.720425336967889
-1.2737641962692525,-2.3889697278740663,-3.1979270475424695,-2.897245951547691,-1.688062552490984,1.7137920767528585,-1.0124742703293899,-1.4285139986625046,-4.700049596883568,-0.8847903097815835,-1.8285900035408622,0.3741102926799074,-2.8259882780332504,-1.874888090957422,-3.1149284253414233,-3.712300718681877,-3.1581405994213982,-3.9433179912674126,-3.4371705335398586,-3.5509785965469836,-2.3421384047054046,-3.0469554109416093,-3.732982022285735,-5.338714876512887,-6.201748439717685,-5.127663256634337,-5.7424462001230765,-5.1326440270452345,-4.069676061174614,-3.377567228780997,-1.6793935510686073,-0.89622835451063,-3.378187397557697,-4.252470314489633
-1.0219440730763545,-1.9157120934637866,-2.2784183163457317,-2.6693050899296247,-1.6668545569769309,-0.5320837902199117,0.11622990277229411,-1.5341483126264754,-2.681894822351239,-0.011331364512486534,-1.3226929606382212,-1.2456680317679902,-2.4288223312750183,-1.3354080011877596,-3.2172505724895313,-4.515215940933987,-3.0978243319366245,-4.446449970158018,-3.2889575555768737,-2.786089858706182,-2.7017773701234593,-3.945250516965977,-3.95222687234407,-6.3330912090282565,-5.443113112392595,-4.422059765605133,-3.90615590574003,-4.135876991575153,-2.4566854538236935,-2.5305890460363365,-2.802003141627509,-0.3151732141390645,-0.4150444036544737,-3.1414512412037747
