script/wind250m.json
{"header": {"parameterCategory": 2, "parameterNumber": 2, "lo1": 6.000198445256149, "la1": 58.999992894266676, "dx": 0.5, "dy": 0.25, "nx": 22, "ny": 24, "refTime": "2024-02-03T15:00:00.000Z"}, "data":
[rows 0 to 23 of 24, columns 0 to 21 of 22]
11.658415980810288,17.418353181451693,12.157504177589228,16.444472893071296,15.570981813932764,11.72231802973137,13.238590204263062,15.645078732270662,23.636570331884503,13.668737323650578,23.5444380059209,12.418651979141437,19.494905777822748,21.13517285691596,14.91566274818711,14.55459961984112,17.18011566265126,13.824021301436808,20.532717829031732,16.53657287135722,15.84613671530563,20.1427471035214
13.490280096618847,16.0210911701253,13.337713231550751,18.831151191150973,13.56038296527485,18.600778970387307,14.701160657775233,17.845086404122746,14.487360120500204,14.601845107016354,13.546020783689759,14.019103241608633,10.842038953509247,11.595028531419494,14.75939680807392,14.22414018359733,18.636473198376947,15.03331393608025,15.696476312939577,12.885191615985566,14.09812472078421,15.307445983763532
16.805372866501582,17.721943343596756,16.536535972963282,19.019059851615676,11.969793087753409,25.34633430271914,16.911061545677644,17.025025302645382,17.739749276833034,16.069116067598404,16.09764764558645,16.950795199220867,15.756713237139955,20.641710670055062,13.097232754250712,15.680373810566316,13.815910278739919,17.2737848104386,15.232366214679095,14.187426762127027,22.96652886808781,16.613218965926105
16.8752137944126,19.463177496465295,17.54582221002738,17.234302082706414,16.324667753984144,13.504657077769739,16.19360019993603,15.319872154802368,16.723922227976804,14.597649829231319,22.360727591911708,24.196966209994486,14.873974316380389,16.33352006202749,21.39553880626684,16.41124768976067,19.384176011999678,23.127935817075528,15.86224277507456,13.43731255930141,15.893472761163197,15.70996202621339
16.465358294386,15.891573422581638,16.195417908227697,14.367345873255893,14.495983570352147,21.65023994500393,17.049796744033422,15.53073325598612,20.570157287901743,15.769554301604085,15.04145086757692,13.579348328026207,20.363402536201324,15.2114803287596,15.314393602052599,14.252001361252695,17.34863295447695,14.59046518613161,17.49887750621022,18.910754092044233,12.137235724922423,15.232267983832548
16.11581202288393,14.985007459759306,15.7242812435444,14.56022976924615,15.427153954701817,13.18240253966913,19.455492588258128,21.8193997161209,17.35871566045133,16.906590781860437,13.823723013162278,15.872850385271462,15.465484777664992,15.157342951469447,15.81894691519064,18.25418833964206,17.393995713170405,12.545756085199278,14.043754345385054,15.661378181919435,15.553163572334343,14.777822616889408
17.023219985101353,14.19008164172887,23.432776990750884,14.705818608836436,13.560411461602232,15.960289031038986,13.357236400384908,14.27930838387587,13.71827078608395,15.264325035123012,15.918752282634102,18.607840040312094,13.372182736560287,21.956524048560414,17.651512498096398,15.168619667860419,15.80809702336651,14.749269087076684,18.833245999394457,14.114097915778583,14.674376309847101,17.116077533509692
18.970383508574375,17.13258455428364,18.62106250568448,13.228787923813483,17.373503924552256,15.972112245715953,14.533411597660603,18.671899063154314,22.562579127581042,17.61949655701931,10.174612445826117,23.24056732931788,17.22626201884293,16.761080239530934,15.440893886051446,18.9861361322602,12.839590355132602,14.415446941550394,15.218938583399137,20.68631994014598,20.829818393408857,14.934618332946544
16.14024141555067,15.088170981124925,13.622853040374828,16.71429141456352,15.756598586028833,12.114699284373485,14.069441876110497,18.120474844396757,13.915007489960326,16.322356201692443,15.01914210941208,17.165919133109828,14.639679815813182,17.726089478923758,19.740800937711278,22.961994615067006,20.263253417237316,14.649418740897648,16.109345754876873,13.400301714935257,14.177006162790462,14.228129446837471
22.268796191110944,13.36270498541141,14.083370582056006,20.02797389785616,20.251288925264443,19.714211043118357,13.479977307564921,14.16671852546014,14.904773495331671,21.675656250129997,15.809527480602936,14.121700568314388,20.603461353078245,21.63337580742797,16.983254995338847,14.584555690305175,16.0122401956195,22.83208620319547,14.875601473808308,14.805061001121011,19.285219415230657,14.07136602412762
20.679666518029524,24.097507802590275,12.765292813739743,14.756892447042253,18.502783045005735,16.836049470580335,15.975629302657104,18.657578691419992,12.686976493231594,14.776669338400666,14.556290655337447,18.618799298779496,16.228561164502977,14.394890576990742,11.905003517588474,15.796477413487565,12.905316727546012,14.703045957107399,15.877102640046667,23.074164109044794,16.388318182195867,17.74938799453196
18.143365560205513,16.390559037251563,19.819379734692525,17.25187966181552,16.4474165503668,15.696055701412803,23.917581677282023,22.280416018388017,19.39096226326859,15.169576571118993,22.945823192517228,16.725051496926767,15.821669391445388,14.447068786203394,16.280102336483075,15.61654218344314,14.825730461644143,17.302871048206285,13.441644535663034,14.591987474849503,13.199598257408246,18.827366725640204
14.450480596771518,23.6315985196937,14.458190084551758,15.320049329613932,14.431967104012356,15.914155504388152,15.130457922368416,20.49635866534331,16.8156205926898,24.307380306593473,15.058829387677106,16.94528732534636,12.623069963047932,17.38896334349353,15.815961041788258,13.367819610903156,13.281672044902155,16.5812814984529,15.986326358221014,17.007210466550436,22.307366094128387,16.46407416084073
17.553946638987977,19.847469903460183,13.783600648938286,16.76688469401842,16.013206526959596,20.584877650840237,14.86943210974049,23.844247178211926,16.847460734069443,13.007440356811891,17.26991349788936,15.034416063173147,17.55101244040418,22.634053730815154,14.133411107546971,17.31427211414712,16.374118794061147,16.330422239675656,13.373742238904446,17.128741327892232,22.00345547080574,17.214563039429336
14.276808278125847,17.345345897341407,21.640274963101326,14.665912686956407,16.708678115351642,11.917048681657725,13.678514038600493,15.223874094369311,18.744453665860835,17.803625778428167,12.974966177161946,13.181540728789944,14.256311812349272,14.021166497627055,15.024185143464308,19.769313391120246,15.799220906921589,16.168303566323605,14.104244334312515,14.871199570727198,14.615620968333557,15.778981014915582
17.781103497220744,13.697284902311559,20.862133237117526,11.131598789702402,16.354136333049368,15.07826967580416,20.57688230855124,12.238721435368408,15.020021654571861,19.44037575359859,16.39663278775564,14.865039978300304,15.618465089029831,14.451468565138086,18.67653834217357,13.391730068169831,19.496279325860673,14.772195289484321,14.702742062313634,18.03420531422483,17.082295386418405,15.249959775387616
22.920621835973343,17.385118956933155,20.798455684154394,13.381872358806321,16.587357398547525,24.218503585095625,17.95392754926286,13.277071577074272,14.737413752205605,16.78904848404207,20.55000219522835,15.794942335374142,18.949916674383648,16.491220607411513,15.709584375928427,20.69465603834251,11.966795907095918,15.95782504641099,21.079306324811952,13.545067995378815,20.729362812061048,20.685807786212944
14.389573578806898,21.752186267324028,13.735326659941123,16.001195975675593,16.33442288840197,17.636743925600296,15.514523469228758,11.587692585122094,16.285294732587957,21.161475540250034,11.10192104567437,16.04791275848241,14.2765875275342,16.97913959558792,14.1755804460904,15.797710754762809,14.119370562023777,13.320726197219587,16.999970616668424,16.380761416179933,14.78274462123035,14.837362862820752
15.148465937777994,17.624359407039698,11.899894022169732,17.18674805714665,17.021163746620754,16.999886236062693,13.562171064226881,16.37516955291978,15.919036765156884,15.81813094151214,13.637767974227017,19.442013809440684,15.150115351614277,13.567331878010023,14.444604579936785,14.00317857903026,14.997199121810455,14.026284864128904,16.467398725184744,14.870925324070843,18.43004560400451,17.317943518683435
17.285163302324133,16.157131783377167,16.660848261135186,17.20276432864466,13.474000627576409,16.60656796565776,14.3783325166206,13.68761655751455,17.741058220730842,17.320647763596572,22.76316898598925,23.381011381468806,23.02210292271688,15.707697771891494,17.827192197301745,17.118141809799575,16.522365034095778,15.632174384990888,16.567205957617507,13.033954516090205,17.567510230278696,23.85501978773319
13.865581616374502,16.57742976702279,13.89148351632178,17.190543139911263,15.24321304517458,16.34020581225469,16.970448039737615,17.315963801918457,21.811310034000837,17.087836027369086,21.623773111065553,17.39237999614714,17.073394727071257,15.453585756195055,15.973963848763951,12.916955353293062,14.020555707642417,14.904799240375587,15.621533061107653,18.154031986621135,17.529562492754874,21.682800590841403
15.370401683647385,21.905798786420544,16.989270645770002,16.982553219346595,20.947365698169204,16.862623859400113,21.92849332493275,22.09712184446803,15.340558609488678,10.747090089387614,13.918221650108038,17.574692040905806,14.028650887816582,21.54410286472315,15.816366979365677,14.347259981190552,13.187821221653273,10.086432759522406,23.464902057421924,13.895073803002168,13.687159700017599,17.733345777150888
17.026963355344666,23.3343393905681,16.764035064331868,14.658327828937477,14.107303087835218,16.104509427535323,12.72291545902005,15.922162608414851,22.67124880887717,17.870812487019876,24.621915601888336,12.170379043559757,18.96490292950686,14.903484726439673,16.709858341981604,16.474451348354478,13.815631770142081,17.527655783827246,14.018145624311554,21.58707125443347,16.151684043259394,22.362276410148397
17.316657457474463,17.257065383848587,16.53410249720493,16.476547678905682,14.537331928836574,16.461802861820832,20.15906946566008,14.092592523000592,16.748140428295343,16.31990904372031,15.352238258459195,16.9349298360967,19.344962678490695,16.79055741219808,16.450108849545668,16.96651949846458,20.004530372260326,16.328051321010204,18.26009438488384,17.3681107082349,13.263590580494263,14.693828287850003
