script/wind100m.json
[{"header": {"parameterCategory": 2, "parameterNumber": 2, "lo1": 6.000198445256149, "la1": 58.999992894266676, "dx": 0.5, "dy": 0.25, "nx": 22, "ny": 24, "refTime": "2024-04-29T05:00:00.000Z"}, "data": [2.8744518314897514, 3.4399141335618713, 4.174236874194726, 2.964518596059938, 4.237478149504236, 6.692531938143858, 3.1511794645148696, 3.574962313212452, 4.325903633379006, 4.773222569446534, 5.283228791388893, 9.797279791315153, 2.178926686685731, 9.81079608471537, 3.826096581154498, 5.912316540792069, 6.010077476192105, 8.763646857682998, 2.856187775990774, 2.542902249415115, 4.339371289549529, 5.12363646813857, 2.879877692482292, 4.374938946564999, 4.836939648962453, 2.345928985282547, 2.691524702261658, 2.67812639775062, 4.457043357384464, 5.799220478546923, 6.439933700498554, 6.138547824358272, 1.7575049977782844, 3.7322879944057727, 7.511141065515095, 4.486445945619937, 8.790510107435423, 2.569392221716525, 5.483901865480725, 1.629835776880126, 3.1778932242429323, 0.6805424728021113, 5.541176640147594, 6.011971117595237, 1.8567863543747247, 3.3233250848363216, 5.67184154576119, -2.184172707261966, 4.052975948454774, 2.9393467595422234, 3.5595032299828695, 6.987552768109499, 3.849315643696101, -0.01677444524244509, 5.38254729717004, 4.938507232659832, 5.887093148833547, 4.803072661877118, 1.0960279443899406, 4.5791994016896735, 7.917587285877432, 4.531037548666799, 4.063771991976991, 6.391091853501538, 4.1611461500801425, 7.666683958599762, 4.135104579076243, 8.231870163123162, 4.105755239649917, 2.346386643592037, 4.050043099727339, 3.7174720985137797, 4.472218430532925, 3.8589275516255137, 5.914130035745395, 5.875472206008665, 4.613567916681171, 2.3205482434060567, 3.0882542326005873, 3.302858555824639, 2.2129252660363847, 3.5057975701817745, 3.6505039337510135, 5.35194175520513, 5.354676024038669, 2.491599567207282, 4.9969621465426926, 4.765458112769174, 4.024959609191362, 3.9513205445639126, 6.002921369488153, 2.1530486989050313, 4.4498962560770465, 3.3909174648251135, 8.175401877676691, 5.056897652207788, 1.0775449856634076, 5.810261443743003, 1.4596279727517396, 6.379393367222881, 2.5623415527256053, 3.307539913373878, 9.794369232780502, 6.631781176325057, 4.526793804948544, 3.9086097281819883, 3.6259587273239875, 4.092058270533779, 3.5592786192116628, 3.204439382902836, 6.140380498399964, 3.3408890503706923, 5.909301782938574, 5.470787432205025, 3.48099555883153, 5.154321206482234, 4.249300042583554, 9.538485516579177, 2.986305321586804, 6.286650474214385, 3.2994029914640848, 4.4062678716551, 6.583182725448836, 1.3795523491825794, 7.227131896952042, 3.5278913298928525, 8.44949197669348, 10.594461506538439, 4.182029377893316, 5.177337686729142, 3.8237839036748653, 5.505959106014109, 3.1667205571242025, 5.419157710134059, 5.921937350589736, 5.956189793283841, 5.967219857924848, 2.2803137669585536, 3.4836211041082503, 5.117784007585592, -0.6455454915158217, 2.689024791582419, 4.140551106078755, 4.273925488408535, 5.861368310087018, 3.8524865908898382, 6.241999194754823, 7.4350811150910925, -0.6945920320381119, 5.350110496126812, 4.681679616877754, 7.027633872309537, 4.604252922748866, 3.9232482077327377, 8.260755035460486, 3.480708162715338, 4.324154287296738, 4.607043776493169, 3.117137167117943, 3.971177757698001, 3.27438641548818, 3.486877023743061, 6.67807733534238, 7.279394280704555, 5.70227084596363, 4.38533818267258, 3.5863883844954816, 9.281200614633049, 6.813270276399468, 4.280591585682947, 3.986022427439918, 3.9666638870119857, 4.102205957648565, 4.6366404411927675, 5.821123260960191, 2.2817869570958496, 7.877845858006609, 3.6551091326331777, 6.522588367727281, 2.5789460794909553, 2.8092697312211232, 3.81638055810915, 5.660951921324068, 3.234552438643183, 3.4583350323852384, 3.9030349898711787, 5.480732940465051, 6.898303065020574, 4.8637126621979325, 4.59312342372929, 9.487768153196708, 4.464552681305287, 5.910527695689762, 2.5698757925680122, 6.727426552074588, 6.483958154823886, 3.618496185686139, 6.090887479557994, -0.24826939916781904, 3.2565811913002154, 4.441062286017257, 5.843199576305952, 6.846322710141145, 9.073191938226122, 3.8037650730110646, 5.070913335886859, 7.779237088786315, 3.8855516151563467, -0.0417419564481742, 6.730485405702269, 4.585800641588597, 5.623177020540942, 7.236241478616853, 5.9745342541308055, 5.3139760266524725, 0.6859515807555597, 4.252274433562283, 12.053323235469465, 5.094946936576347, 3.2541573990442463, 0.6359063457810497, 4.907993619225771, 5.770849033816433, 9.551744728187685, 3.7419107874113324, 7.930250758001267, 3.064673387157421, 6.607494788217277, 2.0058808813927054, 6.3678100269841575, 5.635170952156836, 1.9686007330423758, 0.241091291782105, 3.2959050820846083, 3.246711671001544, 5.15104169321403, 4.157592763409653, 5.013484883873309, 3.8445724792129097, 1.797637971744563, 11.651536580672811, 5.156983779861585, 5.218145152720722, 6.294772231736485, 3.3226697439603656, 4.725828834561434, 3.058131910830406, 5.021190373995753, 3.735693042220206, 4.783689846624309, 8.972670186943558, 6.510040076505044, -1.647061290174846, 6.4371403044813595, 3.5142239182035735, 4.9697839631520235, 5.034156890613632, 5.778813167160536, 6.172249013210883, 4.6688576427274455, 5.687429038544941, 5.4879877613164805, 6.925502375977654, 2.3202516007480987, 8.096098200192609, 4.87690924270785, 4.607594071618644, 0.2936557373678382, 2.0564192314140763, 7.545223098381196, 1.8150392876701738, 4.714354334878731, 8.544970185109497, 0.7588159165958868, 2.223787318260285, 6.692635668300224, 5.203408170213884, 3.8552992151252514, 4.53568252530835, 3.5971140516713764, 12.395144433464935, 8.493528489653334, 6.110958072896775, 6.055394393221529, 5.740060720210214, 7.293166129885528, 4.423566734220415, 6.56591743602633, 12.072649693504163, 4.586800803707073, 5.2015110954283905, 2.7818864718915166, 4.420681998797319, 6.783409642405467, 6.252652944804722, 9.415718841976874, 5.7419469473393745, 5.07449558182802, 3.5827872241715637, 1.1198992520022006, 6.231769701483267, 6.742377327162207, 8.62571410287795, 7.173175519728944, 1.8693149152047572, 4.837005097780579, 3.1491308765083277, 2.419147098288868, 3.0345131186697163, 5.642126397857161, 3.164340966425142, 3.635834662669933, 2.737608337871994, 3.330405720409493, 6.205079625763808, 3.316232182771049, 3.049385388940461, 4.3375278336289025, -2.2122255371867086, 10.314509942149726, 6.35346120634482, 7.8956500514619865, 6.5695383871024156, 6.155147796162298, 4.1036740817898565, 5.643775736728489, 3.7351556199394866, 3.115255277429894, 3.7220208219907374, 2.3360011430306526, 0.6586013517941898, 6.071837754717322, 5.3560643523930995, 5.01264076746333, 5.207657642557774, 3.123913222609013, 5.207812874695472, 3.8895357394550967, 5.188677564387176, 2.7352306846785654, 4.406442485438534, 4.333971027358845, 3.4171014082624356, 7.99287416512943, 5.250129746186993, 6.139834936941268, 3.4088817478587967, 6.451831319496218, 3.6609595347657833, 5.249971764784178, 5.447645636037492, 7.5911931428607815, 1.5021662263053084, 4.937179079165781, 4.300960828041238, 3.254793482670725, 5.188285417768698, 5.984017300124674, 4.828117548517327, 4.8974581405531765, 4.2757370876066965, 1.5292500953472978, 3.1678995032743114, 6.752691448017168, 3.3145833055919685, 4.114956472414892, 5.295031324830283, 5.939919828354394, 0.3020789717007381, 4.275308068538947, 5.434272842057888, 4.147186171687858, 0.2924139281461611, 3.224428934350645, 3.9318303532971943, 3.765645228383992, -1.6892158136756705, 4.437478998424557, 0.9377218531710569, 7.346268793289642, 1.9530402715310713, 5.376260375723973, 0.8992729394752516, 5.0265214355965275, 3.759253807281198, 4.5069244024999096, 6.229568553363512, 8.031602813456612, 0.3894956810859747, 5.148690909329276, 5.225062431731659, 5.714527675424029, 1.9471571658486737, 4.196857235154651, 3.6097986138675386, 7.577197383947289, 3.6685285308091036, 3.76565381985992, 2.7967655730650063, 4.204467901615889, 0.9485218706743472, 3.4807447107756397, 5.393768446446687, 4.728341517495566, 8.725546190076663, 3.0764031428662677, 6.169983757974622, 3.356131100896881, 3.155525253772366, 0.9586579564217096, 2.8982373094998213, 12.436586687590625, 5.604570361513008, 7.645458916694911, -0.21350985098053302, 4.411898898167887, 3.498183903475456, 4.479620825074543, 3.7251564151433385, 4.941020674003536, 7.046663788892273, 4.917228642654508, 5.829534513597365, 6.9072727794596585, 5.703957718763032, 2.5739669885230163, 5.282701221655165, 3.731075894183729, 5.0013711907803975, 6.690214856180244, 1.507562763721627, 3.8315405949778993, 1.847329113371443, 8.089120220467644, 5.199623807698875, 5.664390388322819, 6.18649455645361, 2.4229210174351254, 5.468954076741145, 5.733541732200025, 7.999355903918522, 6.965386627044239, 3.6611194349232066, 3.472484598320353, 4.295998743322464, 7.079812152483448, 3.9887688238189893, 5.166353952381777, 2.5429946300952, 4.288340440136944, 3.497889420763969, 1.9998876162054988, 4.433635934076771, 3.659287929587354, 4.9341471561137435, 11.74334407623392, 3.6932614803201083, 6.796751365761858, 4.588173069565204, 4.354299305585357, 3.797888653753775, 3.951932058907234, -0.01662966920694846, 3.9705590446868912, 3.2120505409121174, 1.8803577036140948, 5.5453361962962, 5.685523012409991, 7.489683076277251, 4.157153770784149, 8.82814657065028, 2.2044707875979523, 4.460980904003894, 4.117998973137986, 3.6268416021955914, -0.09458491365454758, 8.870841544996031, 6.056559162535334, 6.312966875492353, 0.23184232117701375, 3.503864323588262, 6.127200561166343, 6.006007560854672, 2.905760511762736, 9.380430611643275, 5.996996026713752, 5.004060951341263, 3.4412811848904945, 2.8846120085011027, 5.2994002243934135, 4.763717963419643, 3.2707947416340755, 5.93226251422041, 5.428519409394619, 6.074181625301847, 6.166343298260651, 6.096358140160162, 1.0389753731316431, 6.347896147031745, 3.011329031675209, 4.589065230591375, 4.306096408745044, 0.9681544966267456, 1.234390259711767, 4.042469308123774, 3.2901205718669204, 4.800648254466632, 5.547303139176163, 6.411751519771144, 6.564856199218638, 1.841323831502469, 7.229506796507469, 7.4620609722455615, 10.762063096582088, 5.001559658507908, 3.9349018257685566, 3.783755079093135, 4.711623109454296, 5.048943599453109, 5.506628206434194, 5.763809810419079, 4.08126473892268, 4.741371681263762, 6.482728987768803, 6.118089658145196, 4.659022943570957, 2.1400259200343643, 3.2275002588706574]}, {"header": {"parameterCategory": 2, "parameterNumber": 3, "lo1": 6.000198445256149, "la1": 58.999992894266676, "dx": 0.5, "dy": 0.25, "nx": 22, "ny": 24, "refTime": "2024-04-29T05:00:00.000Z"}, "data": [8.550370787015138, 3.476842923821416, 5.286709492530918, 8.608395877981437, 9.273223632054119, 3.255247749157802, 11.913262056152936, 6.789465309505391, 1.8766344941916007, -0.08424818798910379, 3.4688640690852233, -6.5388395972658175, 6.31547670357245, -2.4925172370579523, 2.83481689743262, 1.465447735403967, -1.631976944174852, 6.721704461270318, -1.8785028685512735, 3.702018159814385, -3.380215265557561, 3.1753995557364196, 9.800703554597023, 6.064501977882008, 0.6134679359841414, 1.1532050046543139, 5.2981222055116985, 8.876852385167698, 9.774561523145552, 5.227104684279579, 10.968674640670772, 11.813197366641997, 2.4543347332822676, 7.1531255379893075, 12.364206427294038, 4.039091475042829, 11.526104418655795, 11.12032470079301, 2.792284937268961, 5.566860931502169, 10.515427342137297, 3.5816393067436993, 11.973450328335142, 2.9952445769794207, 5.762621877130997, 4.742021186972053, 10.09306126666891, -1.6209152136279135, -0.8017291745401126, 9.805322935846737, -6.40973457922858, 3.1899731024747857, 2.3689472557928917, 2.434960395177307, 0.7815070673054053, 11.321478393775475, -10.738895403656668, -0.7955034301791768, 7.351479097012666, 2.469857798933633, 1.855406236528037, 3.856865248669416, 6.361979454450472, 5.126148157101985, 4.504335528239424, -6.1782046096010665, 10.81393850172655, 11.673097227468842, 6.720766021067411, 4.608634024299344, 4.585731358283489, 10.353879077167141, 4.975301265735475, 10.845546879359148, 7.695795121076726, 12.163857303731506, 12.460611642178872, 7.52040392403782, 10.971224542340673, 10.224315279277967, -2.271203870969985, 3.9129018066417336, 7.045334264456066, 2.997439888534473, 4.536547093790181, -3.6882326797358274, -4.331310551867516, 6.898007776159907, 9.304312518318966, 8.595423211549308, 0.18523588287590784, 6.460451078893787, 12.344991567657479, 5.64084681422849, -4.8376638517428265, -6.797003741951681, 3.1282385432732323, -6.225805284452432, 0.8989311330783232, 2.7658730371436415, 9.975578572781375, 7.44564589484458, -2.950916003047612, 10.21388879626086, 2.1838591915104733, 5.273278598476175, -4.89031526794047, 5.303014037610655, 11.066202813379409, 6.125719416758766, 10.308563671324725, 5.582642424521542, 9.803861190278175, 10.026391826759676, 4.126635504307039, 5.238299338229535, -4.865042062675766, 11.8448036562324, 5.40134935724824, 5.052959655705113, 6.673308025493742, 4.673138298661886, 8.13181226987611, 2.3892060222106304, -6.354022350081431, 8.832511085580933, 12.815846574952085, -4.972289118619772, 9.389843990776368, 6.590219229542251, 6.774143567369897, 4.545433755831677, 6.321274279689461, 7.869347941517925, 2.209316225475996, 11.771945429727081, 5.740073306564688, 8.213419783812231, 6.825467620812235, 5.154559283400623, -1.3471893899283787, 4.3164953921843585, 12.092851256494457, -2.974869433843448, -3.542710279790231, 2.5979165416127388, -0.922378708611132, 5.402418064883836, 2.525301411478527, 3.741424573933132, 12.60832417895741, -7.0110531339865, 13.044975744807825, -1.107693802751179, 10.573996154219538, 6.486888851589806, 5.067056419831442, 5.949568481434799, 7.706031628170291, 5.743074523186755, 10.853284979381534, 3.5793816617827576, 4.989790454018693, -0.5192999185218251, 1.914380354766277, 5.249137418755968, 7.73827521225024, 0.22383546352399317, -1.5713749295493717, 2.8556217892020506, 5.229953733002661, -0.44763843323847285, 10.58230362986415, 10.06076241628756, 10.030584299924197, 3.5348306931804134, 12.608322760916307, 7.1508032572582945, 5.053826311069794, 10.799020465983025, 6.600707454953993, 6.04295936973974, 0.8753831668055835, 3.471049400970786, 3.688856342978243, 7.467299170218687, 10.917507851797511, 1.355259040687822, 5.3499969586599, 4.39830830154087, -4.4726070162420095, 3.7143570981588705, 6.194176046653723, -3.1283603078012816, -5.236432975949636, 7.338573851530115, 2.8181756824300064, 5.13580864610315, 5.166223068494786, 10.768429953708988, 10.18293487627981, 0.47435345411078594, 9.429488716557064, -4.262476861028671, 5.015335490697751, 2.864015922814309, 11.812836930817738, 11.0277471057331, -2.6451801026731854, 10.140845541701559, 3.2306869711154516, 6.977834049783138, 10.635750984706267, 10.34132406993691, 4.296438579690435, 4.532488783221839, 2.062697249876871, -6.57535811981172, 7.34316451619838, 2.021045813398964, 9.698305338755173, 5.2726255831073185, 5.441886963579745, -0.31455020956177016, 5.227221036261582, 11.390219054839548, 10.509442806252023, 10.842697691367626, 1.51614904588388, 11.736694389156224, 0.9128768255152296, -6.025150056615715, 6.712102229805731, 7.4186348201484025, 3.634895031998158, 4.172894608685792, 10.323292098114702, 5.785529303300584, 6.075487675128012, 4.926064311423816, -6.740351838647851, -0.9694896757178074, 7.5413910919362355, 2.7522719665937125, 3.1562267184999424, 0.13389163620647407, 10.428073321367643, 6.857158933489444, 1.8788320761029618, 4.069522094854115, 10.823479084869957, 3.8285404862886407, 6.434290658269631, 2.112306710894037, 1.4532539937334399, 8.826383184171855, 2.364087549247985, 0.1564241680580228, 0.30854056254935575, 5.680334295773073, 7.032555214073518, 2.4923351897108383, 12.299646323072793, 6.682183905963603, 12.121838723979659, 10.331729792134333, 6.748768053667895, -2.6930973091832757, 5.103471736814104, 5.182888126979306, 7.649261640166369, -2.8887568424183194, -0.21359283314249508, 6.796870048432955, 0.07487377791705481, 10.197707318981767, 5.6235016762055805, 2.244455504652622, 2.667825704289106, 6.011950280808892, -4.750153368963926, -8.593738830134633, 0.8036810622478587, -1.6933977682048844, 10.233923247327287, -2.0145232448324735, 4.797923619017799, 9.124068279005137, -1.26863099734724, 1.4865295544238644, -3.4712025115057834, 4.988256309681605, 9.049193290614514, 3.1469313379893054, 8.927467794623052, -10.208971617381179, 0.4758362894627694, 1.9511171485538557, 11.937261322010018, -2.902170001441699, 3.6420431228186017, 10.052126607099236, 5.002626498398943, -6.803801661136301, 2.5635388562312627, -8.522854550968448, 6.260858108006664, 1.9814386954953802, 6.560671176423232, -0.25758810002866633, 7.317400697593495, 7.031359651688759, 5.352017304060794, 10.188916542332132, -4.292562165144502, -0.78341799986064, 10.585600363231913, 4.7689801085133094, 5.484994697487959, -0.5981146475134934, 8.996713095532519, 2.066987766754734, 4.646020826781371, 7.009558088111164, -4.754046943108364, 8.928252238704243, 7.4403176471428845, 7.086171078098523, 6.6348590031118935, 11.099223027929968, 7.679140588396457, 10.605206876061123, 3.3795128111586785, 2.7011275246405555, 5.043507374856271, 7.25855465066695, 1.0844993547706854, 6.454619613374338, 3.0868188210610894, 2.666469893114092, 10.54609888827995, 6.225916454569576, -4.363928802476191, 1.434028170597823, 4.761203900679247, 9.944699803207422, 5.314529842919829, 5.476967810132312, 10.775666904951294, -1.5402636102404133, 5.4044731872568095, 3.479585517279181, 6.439326499360178, 7.573657869544684, 8.375293069878708, 9.13726910681306, 0.6636145910244152, 6.2510106784442305, 3.3127390454381787, 3.2849031510387317, 8.754649143128837, 3.907640403515001, 7.1465020389820095, 10.004356658224097, 7.678255720703684, 10.402258928606237, 9.853437168238017, -1.6661896639353604, 9.267285469634158, 6.117619567425623, 9.172465477197836, -4.718090163864813, 8.351251897623602, 10.823190515875503, 6.391193523829378, 3.0909833870476344, -0.8785584628337861, 10.450617676365692, 2.587829056308479, 12.14285199143332, 2.8148739449353335, 3.0167653309605638, 4.938547168947065, 5.315997299580325, -0.7966249989198448, 1.581173374865286, -1.394342336523017, 3.966641923334341, 7.676608254214179, 0.6410892332335252, -4.875005594772247, 0.36955647256876883, 0.23470555388155284, 10.660546254785636, 5.337743502938679, -8.54392294117013, 12.9039656237928, 11.139132966785933, 12.140704686668263, 4.2387572069523936, 7.2334167956581314, 9.630541302620488, 3.8610208306731333, 7.40603986799157, 7.4261050758762845, -1.8553451139608055, 0.32977695340353735, 11.195974054768968, 3.9111363690437493, 6.621282898775863, 4.130478316218168, -5.191108460258861, 6.346347257409758, 2.2364619809481217, 2.1049536480839244, 10.441674859258775, 4.265278413882126, 5.481109293907245, 10.87334412792798, 4.280493403548767, 12.232261512666847, 4.6357454759706895, 5.890088157870605, -0.8026054188129597, 5.897034047368617, 7.958230368463139, 9.036662618423545, 11.548056528483876, 11.594054591540283, 7.183110453426587, 5.402963438734942, 7.20070847686955, -3.5605805996052875, -2.7132423600945894, 5.275797899867257, -3.504998380593634, 10.990983084265377, 6.379236773951938, 10.957030123985744, -2.5001504488637476, 11.740582922407942, 3.5720700159868013, 10.610448241837789, 6.533564647178432, 2.3750216340261003, -1.9515439283680005, -4.317991986532089, 3.6700915810335926, 6.695787297920772, -5.126377705220914, -2.9884409417088857, -2.7307484986240125, -0.5310203022258415, -2.98701884825715, 6.076111775343358, -2.739388558061542, 6.847308763149218, 10.24202348235219, 4.794803982806412, 4.12809450074688, 9.478003587203679, 7.385741386893682, 6.415350805698877, 8.771448299167506, 10.374124469429779, -2.8604797855680033, 5.717083014822052, 5.614233719752783, 7.126289280618735, 4.380602762886744, 3.756628978136647, 2.848205531750397, 5.0202901483578, -4.603208286326319, -2.3548818159126736, 2.420486936577785, 1.6897399283044772, 5.4133324659585265, 3.079904553115049, 6.782558093661171, 6.857444086398725, -0.1399895640438163, -3.7466267768477093, 10.561299711907125, 12.85697991872824, -1.8276627888111692, 5.538315711640353, 7.508921822186199, 3.4068360185656923, 1.1842871839665314, -4.886198746725241, 3.5581058411711077, 5.923905057854805, 1.6206420744692884, 4.64627715857049, 2.2560405442616305, -2.444416861539552, -1.6402794341626596, -2.4126401166659637, 9.809521033045158, 10.497228484438708, 6.422102046958566, 4.428310572884397, -3.2194875910436895, 5.064810910176747, 4.2596048700786175, 12.581025426731346, 5.400534624986553, 2.921745675214996, 7.568595392243138, 6.409491900354242, 4.635991953541541, 11.452232380155191, -7.341706717125607, 8.211685973621398, 5.060117181261003, 7.8270204854035965, 3.3151427904600164, 1.699216077807744, 0.5957597559365723, 4.921030619280358, -7.171506256422458, 7.911257134646833, -2.501964322528948, 10.85124636285639, 14.162468887969553, 2.713880928892772, 1.5509674920645937]}]