script/wind10m.json
{"header": {"parameterCategory": 2, "parameterNumber": 3, "lo1": 3.000054539987559, "la1": 64.9999836372058, "dx": 0.5, "dy": 0.25, "nx": 34, "ny": 52, "refTime": "2026-02-11T07:00:00.000Z"}, "data":
[rows 0 to 23 of 52, columns 0 to 33 of 34]
-4.199458226127767,-3.835043603722864,-3.6107261867743774,-3.4536192873421396,-3.2935728800302604,-3.632709741905005,0.1862935572113847,1.8581480831035007,1.6300672771112623,2.525986824454842,1.8540041083768237,2.746632307748048,2.751801373620701,3.9626290958354695,4.169435674238128,5.533715634814991,3.392135864099865,3.8016592160222435,1.8437947101226921,2.950523783975444,-0.6281178878320202,0.6430351086592198,1.6707465852462853,-1.1466286941314123,0.5666851951935448,-0.312126344059632,-0.4557451171017248,0.1445105993590867,0.5326266466855908,-0.2950272758228312,-0.7564936447151656,-0.15503656542857477,-0.0019166503744605838,-0.3069328554472441
-4.686587393005798,-3.6876538404222563,-3.2952453372464996,-3.160463752894269,-3.040985033222793,-2.8701152871583475,-1.8829715451262734,0.34599906277015635,-0.7002663544037021,1.1409393442439253,1.2503461651464605,1.6134617547997359,2.0256384558975458,2.96796618863745,3.0690761710863494,4.384945612977793,5.81076429732852,2.1319536761469506,4.667747511636396,0.35670335141629883,-0.12504830230695962,0.33749225167419067,-0.47993158619918674,0.6262729262600859,-0.26936208223809255,-0.5353026185262534,0.36725153740719774,0.18348052990736374,-1.0631927985782499,-0.10100861566281118,-0.6896276577024923,-0.5124389242863919,-0.5863328909904592,-0.9053115375975122
-3.6635182935702213,-3.7024753368030137,-3.6090362974857744,-3.782904271480618,-3.8776207543045835,0.0694490092002703,-1.2332111740170462,-1.4017786657355689,-0.511034464688263,-0.03947963700639536,-0.04773746004148935,0.45613214062563456,1.769305004796507,1.9654868211708327,2.6832842906970966,3.441459690201032,1.6518621594726424,2.0540017846616516,-3.318922323830538,-0.469344899931258,-1.651353977088814,-0.9036021085604361,0.1560503999649585,0.047861231173120106,-0.4838974695905345,-0.27219240640487485,-0.21901967008478004,-0.22831011128652026,-1.001426684633619,-1.5825225364419377,-0.3125468338629503,1.1451990616126537,-0.27103815346771915,0.6326481061881276
-4.198551753721224,-3.9804063326774304,-3.6901208996554615,-3.035882995007255,-2.3408090421716947,-2.1821326689733493,-1.0141338956325063,-1.5930797657920108,-0.9096543313179859,-0.35613102142964026,0.5247820646054155,-0.16545304067954433,2.579874441818522,1.2009821190538919,3.003096496594628,3.989604489679417,-0.7107226645903303,0.5226675298590553,0.7892753003286075,-0.23263152870046566,3.4383261571716077,1.1735789284630624,-2.739432201590146,0.2786223660675997,0.30020781166342947,-0.8602645693575485,0.08393247390772857,-0.4606916868901862,-0.9632565083806706,-1.3525040028746707,-1.1972962941316254,-0.9178417266080614,-1.1994488832689292,-1.6208123119136866
-4.492186172896615,-5.201030706600806,-3.7935756013537167,-2.5247837323597815,-2.9498541140475183,-2.0164773779796215,-1.6214960794484847,-1.3014380893654856,-0.38546390642341105,-0.5739701657186139,0.7938185975320619,-1.4027945873283734,2.145075941530583,2.2760224578314925,1.966430749669642,2.617788969407723,-1.2751535539773586,-0.9471090370070739,-2.957591910634656,-0.6705604326887843,1.1412690318291583,0.27205542335481125,0.6281341635122759,-0.6312474691927336,-1.0693587147012602,-0.7949895917461322,-1.201348955955815,-1.0383536308797816,-1.100686303907469,0.16864129764903216,-0.9838167022526246,-1.805633394048042,-1.51853203192355,-1.8147650395349044
-5.549330745291665,-4.4593866765623735,-3.5429315275676845,-3.899334637390619,-2.939238524052299,-1.9577461172535378,-2.0824816620818196,-1.7937894270625092,-1.5174279392864218,-0.9556549529473107,0.5228966225345433,-0.46652642983182446,0.3508449799963244,2.2307664478241422,-2.2486255147674314,0.7996132390339319,-2.399784413773853,0.877225008287571,0.7852863253173802,2.1700252442642385,1.1143893384639876,0.6636983108376144,-0.1772113310229294,-0.6649789978065606,-0.8468906497667545,-0.9126031954236876,-0.3603675258573709,-0.344171488762635,-1.3520303462298673,-1.5202059495153257,-1.4204658732379505,-1.1534162219471373,-0.5878677791392936,-1.9399747700968972
-4.988237156872862,-4.458886085252803,-4.134496659629843,-3.616588728867314,-2.68052392257583,-2.756415727295718,-2.2961443011003753,-1.488643537612846,-0.9325451885131181,0.4653206023322228,2.1909249251956093,0.9654887904837964,1.9458165786655044,1.1005066474201126,-0.18987686333844284,-2.4661044281859703,-0.6564125351998406,0.9724945912288268,-0.508165486505967,1.598099203052142,0.56211802555717,0.27548690845237617,-0.37154865900848894,-0.9816603138985864,-1.0859371865452994,-0.9143664590526152,-0.9765361410435447,-0.7841579349491964,-0.8916402645750088,-0.87043146015758,-0.210005902835659,-0.575000703974755,-1.9707853152696484,-4.3759429461763455
-4.519477465689151,-3.4837679878061762,-3.775937995607701,-3.39867678141666,-3.05039294947415,-2.137177185700491,-1.628133352706935,-1.0680631309526534,-0.5050723360961938,-0.3977946782792985,1.1859921936365454,0.34746603340942206,0.28539102262342236,-2.264040890339417,0.6094224929681581,0.6549392010432767,-0.020609898604802546,-0.592341207839459,-0.2635309825123467,-0.9456003834508437,0.35831604081204044,-0.14103629935518167,-0.5181173138598001,-1.1124309526961957,-0.7779154950516004,-1.084519554661884,-1.1053804645953835,-1.6276777931911623,-1.1688733911957119,-1.3851479732339478,-1.770649325401156,-1.7065835084359953,-2.5452983671411555,-6.445982821719862
-3.4263291549355626,-3.6574989819758024,-3.690621022687997,-3.2446205404000956,-2.3401373971132866,-2.4237281845544008,-1.8692252838906696,-1.5319818025104273,-0.9013050221948137,1.437743719134364,0.19389797811106413,-0.15255019131369318,1.8368255397745101,-0.5652741214296741,0.7985364760432238,-0.819298760013513,0.1226707693664288,-0.5479915552645424,-0.020578896541974406,-0.7949940302909282,-0.09026224870931047,-2.1348105834679245,-1.3711843606680907,-0.7465342615099795,-1.1152585826031094,-1.237995975538154,-1.0598223629863979,-0.47651584619321535,-1.2516975899138576,-0.6081091134830348,-1.3528961842182037,-4.322595573064753,-7.065524167083067,-4.504962618529224
-3.50017379736106,-4.165767407587192,-3.835612285557963,-3.103793810789132,-2.894049916058039,-2.553814234266818,-2.9236767029382014,-2.249279242371155,-0.4087156517401696,-1.0930546657303424,-1.595019108356049,-1.5510834448263533,1.472570360095153,0.6978311903792056,1.036153505781713,-1.3324219679399303,0.7949949545185432,-0.4247099163162701,-0.2526998666194449,-1.8351098926613816,-1.5929695414142029,0.5156866034908681,-1.0355505353013363,-0.9652463686752282,-0.9530378602682872,-1.2241886544125433,-0.976864247519764,-1.7901055376916628,-1.4291505286543023,-1.4190222302361768,-3.141068543450237,-7.781353838156726,-5.2881113425164,-4.888995950224072
-3.85322506775967,-3.722636016788241,-3.9174592768904573,-3.964122570046196,-4.60769340195259,-4.8919712643198014,-2.2143735396008024,0.27044916830534915,-3.3332370747895377,-0.5101890174292237,2.5420821175687656,-0.18288366063895145,1.3039226909091286,-2.635812353987186,-1.1103090685610166,-3.573572255606323,-0.9229257846261485,0.7717682604729197,-4.978569370242382,-1.3778686346782192,0.13374870866441155,-0.3627738035468686,-1.9649385175457552,-0.8955440029262388,-1.525633571511957,-0.6141967886122226,0.44784096241488525,-1.9925220431214163,-1.000880355169437,-2.3795464108104847,-7.230251490723855,-6.963103247755707,-6.071730922160464,-5.13396948269223
-3.7567037771376897,-4.4234942804925685,-4.8569221298518315,-5.682240529244878,-5.663022182181773,-2.0013437708097443,-3.3009683455557295,-1.447204493404169,-1.3578690526260082,1.823887285816752,-0.7505559452534416,-1.9120787877060927,-0.24163918911640467,-3.607898133326334,-4.016268331387752,-1.1109985026301947,-0.9694058582346703,-4.6540652398691265,-1.97234136617478,-0.09964092278529199,0.21182041556614306,-1.2879997217653467,0.21065665469195216,-2.1294843746459784,-1.5338162753681008,-1.4625081706038994,-1.4811793606504047,-1.8306459228818557,-1.9373782501789902,-3.831446068670514,-9.382810387090379,-7.74602112212171,-6.799102977080321,-5.337415647718622
-5.090830506046191,-6.112877921612509,-6.841728790080749,-7.1015731167247855,-3.0470905236444907,1.5346703675306292,-1.0940880894531018,-3.092826263232839,0.578323596651979,2.4433994501726293,-4.448409400480354,-1.3253189513628312,-2.1682060460329735,2.0199830802223406,-1.28928204548297,1.8333100077202478,-2.498068476418774,-0.42258776904627404,-2.3896217435021856,-1.8887199811479147,-1.890824750698127,-0.19295488130882482,-1.252431587871526,-0.9843008340818292,-1.7115590845533315,-1.2674615001822622,-1.2289196633185029,-2.1439370295621507,-1.9173813574846106,-8.204221499999175,-8.969213725861263,-8.69472604625584,-7.4207304169750055,-0.5969757169357167
-6.078066627956738,-6.964333365675232,-7.224148408730119,-7.238505918321318,-3.51133160701837,-1.2614052170018066,-2.7575435977916714,-1.9143179870672078,3.4065933342555423,0.4607717298069489,1.4108079807121527,-1.6112458860582954,-1.3135546723868716,-0.35072041020796535,-5.075990510696728,0.41888527403888126,-2.4236434223146013,0.0667794678056436,-2.857477940226653,0.4649392189876836,-0.46052214743899045,-0.8999273073575417,-1.2513416991534656,-1.4365879004105957,-1.4898772188627685,-1.942569912720632,-1.5263070277775712,-1.056552170524297,-2.1017650391457776,-9.530495229129972,-10.267096639095689,-9.318475880734827,0.49127813260197933,1.5476932844261135
-6.581507221042031,-7.400589487050619,-6.856528008297382,-3.077915099593524,0.6149230485006234,-0.5585318274806584,0.37011671823659115,1.388407187967409,-1.985033712568251,-1.2422832452241546,-2.6933453329267345,-2.4047505522833212,-1.1349641511993587,0.9742630163615758,-0.24107239461165547,-2.610396139039054,-0.40486176908194027,-1.297930679783319,-1.3674988322986183,-1.2103997987542015,-1.5239751702369948,0.5756001974519781,-1.3005841113806391,-1.80037347157795,-1.6637540044786734,-1.3747419383066122,-1.0695360089217876,-1.3662442610865377,-2.5626103180662256,-10.567079963308082,-11.133001386301547,2.2028112073656243,1.560634599928454,1.409699349584683
-6.387286351399269,-5.5024096439066845,-1.4586868857768707,1.3822853683597023,-0.43214145915336605,-0.6319483926823932,-0.9977923154866091,1.0455981301177004,-1.0573119475389963,-1.079921120599801,2.3575959182469988,1.323983438106349,-2.157661099829142,-2.1720508311045132,0.05662711767290639,-1.5245594392360278,-2.594467721580458,-1.379565346818897,-1.1019367806421787,-1.150849584043889,-1.208295308268042,-1.279850693337297,-0.2844680323383914,-0.27163450427637853,-1.9834253215451758,-1.6375558305498146,-1.7184756798183711,-1.7784376530560049,-2.489215257687587,-10.39687927473143,-11.833564494039248,2.336733035861658,1.3603828557174888,0.7640504672110159
-4.6725135616017175,-1.4971841347476573,-0.7800018763616066,2.09032879771184,-0.4138555990667565,1.2745552791916104,-1.038868215980361,0.5937848599579674,-0.48868743859877967,1.0214329114883538,1.232019750449526,-1.5113495309569172,0.6123769043059942,-0.6894620050123907,0.5206047908397641,0.006355674827934767,-1.4025443888096296,-0.5849928534104197,-1.8565677747749951,-0.3347675390251207,-0.30575552694393443,-2.2109087550651294,-1.2945811801312557,-1.425307021196535,-1.950694268925157,-1.3943806486506276,-2.0278314496775653,-1.7933949223437424,-2.931145018604155,-10.097248568041481,-10.75934656161501,1.750047964011521,1.5842347852141654,1.591597401161688
-1.9250793120659562,-0.7646420986082685,-0.43741280524225357,1.1512288211845876,-0.15756447203441154,-0.3080532808043977,1.5956092898477174,0.8731163951711899,0.6174544169680353,1.5784763503304347,-0.44657284113479245,-1.9509761230956357,-0.6629742287730135,0.13434467240464817,0.9230706060986666,-1.3042600043036325,-0.41923859716552353,0.6368595773758468,-1.4043496983615649,-1.779448920364588,-1.848656133940864,-1.0216202111204487,-1.3817021027528442,-2.45939239543391,-1.9277253736252087,-2.0641789192533504,-1.3569970441545227,-2.3851062486143904,-2.6161499101847117,-10.20825300584076,-9.401008160364562,1.6908564936400376,2.525615711784206,1.5502920864192973
-0.7544790764580541,-0.4153737664528053,0.36838384454016077,1.1984288761757906,-0.4254821626108984,1.04270749256119,-1.009263756157649,0.679287016552575,0.043946193826330374,-2.864699874224862,-0.3411233326415104,-1.5674031665351569,1.417722461804008,1.1029690904841816,-0.7323968976222927,-1.929286552125014,-0.9739319511216245,-2.12666927346277,-2.5089976723035834,-1.4688587863666,-1.9047333042071666,-1.946819394609779,-1.4597799963312748,-1.6126403645305047,-1.4200873120308763,-1.6689662988725757,-1.7919122680011654,-1.7414265197167744,-2.088478907996511,-3.3519983354865928,-4.859353883020311,3.2912068123854414,2.4273606463036534,0.8339589420125731
-0.48955426288158144,0.15147333323209586,0.5928185127144796,0.8032846110965293,-0.20611009257113186,0.292052677890606,-1.1413255322410119,-0.39305215659516296,3.818181309290783,0.5136400870000677,1.5509275848295128,-0.4161999813561652,-1.7982499594759531,-3.145612231808508,-2.0019810257029342,-0.6661520995883335,-3.0266962726913667,-1.3884342819587143,-2.7675965566802105,-0.7834931967762884,-2.4578677056558123,-1.2081388586050017,-2.139101930564465,-1.3760145869801725,-1.0839280420810276,-1.6667928089733612,-1.8850015477097706,-1.9441805285601355,-2.118208024801828,-1.9921563863709921,-1.5248012667571444,0.8434262294091612,0.5302875400877826,-0.05341951861992291
-0.15344803205904112,0.3261373234274459,0.44623363111577496,1.3131221078722142,0.1865718633491569,-0.06676266078507967,0.0933804403345126,-0.06713480478169369,-3.2141215823641813,1.1002152749076055,-1.3750626947096516,-1.3255805365712379,0.28850180621642535,-0.6097221310118472,-0.03079800573884258,-2.004327712920207,-3.293674119462802,-0.7870919706662621,-2.297802999462711,-1.753116879628395,-1.7764511068033335,-1.7311586478154244,-1.3790928495927317,-1.0972558892351163,-1.5375249934674131,-1.5925535895983904,-1.323950872889936,-1.877837900081649,-1.587191073834071,-2.1657254753125676,0.4278988182683994,-0.05302865349800688,-1.6119439482584934,-1.2699986241368189
-0.03590476842059251,0.03996771474365097,0.5502349806592911,0.6712726350811978,0.020660167410140245,-1.1928396070830758,-0.9959067096721029,-2.4745141932564354,-2.1262113086973145,-0.8972808489664775,-2.6041667494002074,-0.9005591484350653,-2.2595643110325065,-1.6803498543533089,0.564648182390886,0.07043456918704387,-2.3789868207770466,-1.4720748542670976,-1.7196137059573766,-1.0489098275243363,-2.4042225982976815,-1.679191228320307,-1.5586844122495884,-1.2850527124677955,-1.4443015139225983,-1.7109025806592024,-1.5671677044949623,-2.0684345665700654,-0.5658663636859417,-0.2509541925474466,-0.26865727505261844,-0.025655599848433717,-0.7277884346104835,-2.0225111481801057
0.271093233293403,0.44656778569761507,-0.06772646237371649,0.03866198055712032,-0.3471792672647499,0.9151731124143769,0.8136615229248599,-3.285335269628487,-2.6307272818847136,-4.110679669208169,0.3823046073478907,-1.906578634336507,-4.015254194504308,-1.1317425105517382,-2.996387911576382,-2.7340050977028563,-1.9049440382622935,-1.2725979140934687,-1.3515313973356118,-1.8953860422927948,-1.4312063694287636,-1.160101933984035,-1.4319598906613473,-1.5331400840794625,-0.71561927450802,-1.1424301047580583,-0.9024650404307204,-1.0053225383661926,-0.5753070344156838,-0.6950971524188743,-0.6240359962087437,-0.7804346040005685,-2.3886200960137347,-2.3009575334674337
0.9345400344604264,0.034165481275184394,-0.5891375066429803,0.033969294534639156,-0.2727181692912811,-1.5125135245119088,-1.1392883342633053,0.1273085703790537,-2.7145708254437246,-1.5174562615867528,-1.7441765577782562,-0.28684185348593877,-0.9081360433453217,-1.9655999411460825,-3.078175066597866,-7.02396826892929,-1.7773499542762294,-1.2871486352148052,-0.7105589920161105,-1.6258062648338167,-1.6088038948778751,-1.1937855750279702,-1.0284654171816714,-0.8779026178974847,-0.7046658844815751,-0.3802670274016417,-0.22129617707868227,-0.43084399802146556,-0.5452720631369014,-0.5648667424375977,-0.6318663531802307,-0.3936285321183434,-1.8444128464338345,-2.1549880525042355
