script/wind100m.json
{"header": {"parameterCategory": 2, "parameterNumber": 3, "lo1": 3.000054539987559, "la1": 64.9999836372058, "dx": 0.5, "dy": 0.25, "nx": 34, "ny": 52, "refTime": "2026-01-06T15:00:00.000Z"}, "data":
[rows 24 to 47 of 52, columns 0 to 33 of 34]
5.637931186635486,5.523768921758628,5.188495411016971,4.544268521838728,1.6510467857065585,0.6109873885086459,0.32633200552228436,0.5922948611275785,-1.3544788099383112,-3.0330273127403955,-3.8995858067404052,-2.4438597983703745,-4.552437130742228,-5.56507282327719,-5.394799896993506,-6.187634570814353,-4.191220533196291,-1.9198817970470325,-1.5995525094087915,-1.5773479367280714,-2.8842732782390366,-4.569163091654427,-3.033493025493884,-1.6296174957325742,-1.7963161943537715,-1.882100131195285,-1.8869894208734275,-2.9832566241247687,-2.164644177026049,-2.2321781165875403,-0.15140138007114487,3.7369106030442545,7.433498723175215,10.479309568649386
6.35659114009486,5.879027161319864,5.838313857466634,4.247332303854456,1.7153538665387023,-1.168765693442632,1.2078094585247146,-3.8220394278303957,-3.079017410982795,-4.086955132137732,-3.440287934786223,-3.9917133141642736,-4.6277205782328314,-7.845385726894505,-7.5834957622054135,-5.919883698031664,-3.72735811593629,-1.9075512779008315,-1.2912404525961332,-0.6649453387875075,-3.132783648937589,-3.1573183173269728,-1.8113264252416459,-3.2119396638767044,-2.689376794424456,-1.9589700042519083,-1.612023627841226,-1.4797614396679917,-2.3495343458723283,-2.8986441812712487,-3.8224082246886133,5.6639434158183635,6.192894988135983,10.678900080441153
6.170772530014215,5.980412061611561,5.3061899484739214,4.600361710788884,2.492718027896638,0.6243064438155113,-2.17999197021968,-2.3445817203792325,-1.9390136102484286,-3.8789293439725236,-4.425651415871499,-4.883855347881008,-8.298778317000266,-7.943828291790379,-6.544765024500071,-4.432092093750053,-1.6436935332481806,-0.9443741228220436,0.3565674928083714,-1.058653955924633,-0.3536186192734533,-1.1651916966895735,-1.1273219150935665,-1.9381057484123658,-3.653749922099071,-2.327937793181671,-0.4241258303070012,0.5394768168427714,-1.9136075166885165,-3.786384332094523,-1.9786083757705952,2.3335931336218425,3.867229540955676,11.502641099611454
5.728185085005781,4.902903799224427,4.336725180509954,4.15246201240889,3.6611383722637734,1.384512751773969,-1.6317784152855823,-6.617198165566193,-3.082448986792378,-4.638879383087679,-4.953221024005062,-10.274212315618723,-8.728856021474693,-6.934055117774689,-5.33893696412284,-3.012311092539081,-1.025813322947625,0.24565836244926406,0.6024793945948095,0.24243752123569035,-0.7321362900059941,-1.0377395655900303,-0.6343630743434886,-1.870162209353074,-2.7381318874820746,-1.5609820034071806,-0.9471770785740979,-1.1674382416406441,-1.1189381439793695,-1.8944193944263017,-0.5525007757624417,0.7171167814000148,1.447356544182214,-0.1329468015112002
5.0589427528453745,3.5455465085821203,3.1637449162474867,2.658926758283979,2.273986354498226,1.1304377847411087,-1.2208431764752974,-3.858407996761798,-5.7123881522986535,-7.3606925291059815,-9.780864433172423,-8.884651916095873,-6.2957054766555585,-3.2204392752095683,-1.1362951323684019,-0.6772053191519761,-0.8899473654053144,0.08425468507184818,0.37958140009990093,0.047004906876668404,1.1713611164456141,0.44102518831255905,-2.560645905154348,-2.668535291469668,-1.5368662319450612,-1.877008389664225,-2.323633744455155,-1.7353923251988481,-1.5676545168441358,-2.0778032179767454,-1.5608672727545079,-0.22722550561205931,1.8487763431331325,1.8081860137285364
4.283631853188984,2.435564870899553,1.5097204747830981,1.174915982262371,0.35533439633330755,-0.9749268521843547,-3.1740176308835433,-5.6814636383065515,-9.172270258300697,-10.596383085813684,-9.240039934562054,-0.2720915362657926,1.550881462335161,3.4390862994357634,3.834973043458764,3.4010653608100867,2.551717589652685,0.9226737278056864,0.20835886287031635,-0.5882696251913877,-0.6216702902946842,-1.3015797963819893,-0.5499398267460909,-0.5511690272882578,-1.342185347827722,-1.311014293639408,-2.1092045728046354,-0.9296708806132306,-1.9232546020473782,-2.0622831017301104,-2.819441131061842,-0.5227921102328315,-0.0715457725418831,0.43065478342736413
3.2143688232607457,2.0131845122650853,-0.2903511565558699,-0.36937983075176617,-1.5319409269119402,-2.9912226375603517,-5.161162382429297,-8.381486166341562,-4.494525045365524,-3.7753090620651797,-2.2684862619022517,-0.06946046595345957,2.4103005728282176,2.866855948203039,1.7809846271866847,3.2843730872006915,1.3424651819776485,-0.06382102993608146,-0.266352478062037,-0.8679610537382078,-0.8928163793398596,-1.4459903575432134,-0.05517659506016993,-1.1152675702932842,-0.374923264200965,-0.655725737683844,-0.9147122443328609,-0.47308199455516514,-2.10228520530874,-1.4794342912552323,-1.3134843545387478,-0.45544866393968453,-0.3726059444044324,-0.17721060845839484
2.8522778281863275,1.2258444664057357,-1.3403423352196977,-2.647707366809846,-3.9187692526809683,-5.700394369422111,-6.556631860278867,-8.092216496006088,-6.2565918269037075,-5.4668388050673,0.7543601814666923,3.8862779486241874,5.137997328528312,2.8848014127559587,3.8076824566400256,3.7880983279773317,1.53447311884862,0.7381156111877687,-0.5520203929379485,-0.16015595514381292,-0.23322926089662266,-0.7380093289955637,-1.5176817137873193,-0.7871031738246769,-0.2766850281246006,-0.9999760269387213,-1.1659189569490929,-0.5590369565476879,-1.8548091614784095,-1.246969424960269,-2.8613155098885974,-1.5315184303432887,-1.46877256148136,-0.7068253195262317
1.6436380438437228,0.5504274674612799,-0.4283993574694144,-3.4387786653596035,-5.301438487115163,-6.710450922541424,-8.599748381014878,-10.513462959297547,-7.684248081540652,3.1114962491930758,12.278488503142395,6.627480294227801,7.94379535441925,5.689239892615457,6.054589004486024,6.186920882846046,4.323059425535516,1.4569661946526384,0.3275905197359372,-0.6584096420990077,-0.5789957528830084,-0.2003510970623981,-0.6509658704162524,-2.6867928094883538,-1.3793720208038647,-1.3367459348223973,-1.7951324821892345,-2.2376878269756704,-1.985958245282538,-2.5649487144459475,-2.985198272107952,-2.0251857682734453,-1.9655210895683786,7.951892813347334
1.7018533553977038,-0.07815748086401322,0.24562392601061997,-2.111182833559023,-6.449135136929979,-8.183704636254584,-11.810708673687378,-11.527082990024976,2.339084015231177,5.95573490421785,11.484221401905788,9.214777794959305,7.133544597944503,6.052792636755077,5.444330439328118,7.3442210219563835,4.87270640494237,2.188711133524867,0.2656005917366696,1.400687716190333,0.8217175543335022,2.3233101633859086,-0.03141760698396635,-0.2180674730058226,-2.839441033938712,-1.279829114914046,-1.315333865068135,-1.4263229528984993,-2.756668431750418,-2.697217423129768,-3.2843258087146725,-3.0311109033996977,-1.5071916027615304,8.597822539893475
2.4500883934214586,-0.2287576333981725,-1.7062794958380294,-3.3093660385629162,-5.502328879117023,-9.495381544936036,-11.99022819150604,-7.4320771131962164,0.9705099954406586,8.008266861024964,11.155448685765178,9.23732712848536,8.019512343875581,7.577285747006986,6.947800677600871,6.818194888999676,6.096603041793906,3.538276764828401,1.9868275168432983,5.46613711306191,4.064910295170995,1.4065990538437334,0.5033729397073896,-0.7562996106492372,-1.933164503876519,-1.7152189092469905,-1.5809542115363822,-2.1039027782307844,-3.062929645274411,-3.1378182329148663,-3.0396474461483933,-2.333838383128249,-2.771123077453729,8.493844831782445
1.9385773505698414,2.160528025491856,-2.759923041108792,-4.92994689882314,-8.221050096382504,-9.203501928649901,-11.650247919008812,-8.429649113907654,-0.763459744784243,9.53100657167447,8.090463298667842,7.368478880756669,8.192968463868844,7.754993131593491,6.873429523036732,6.326852759870317,6.654437356611466,5.11746444832958,5.163502914087137,4.614112155458842,3.204258545422381,0.8716278277213807,0.31832438340377006,-1.5547492136394976,-1.4674177400853354,-3.0989149376788783,-2.5897073360779794,-2.6430624146467654,-3.7676067975752283,-3.409737791231911,-2.9869973081053955,-2.2603422031153535,-0.33154211794512634,8.291398344251306
2.554385000236829,0.14718427598612452,-1.4008331163729892,-4.575601101938228,-7.098787187698934,-8.61903089141121,-9.27184020631004,-5.406129411099431,0.8531233125171599,6.16698215276914,5.06610139197782,8.871026306405147,7.635170876185009,6.935255839219886,7.4707138794240056,6.651913003882751,7.195293452320778,5.392775193986525,4.598344632041797,4.001985690950918,2.546880666518999,2.318430549685444,-0.7589459047998287,-1.755659753294567,-2.49291236687044,-3.344960819005173,-3.535729083361561,-3.1518534887862595,-3.265897249934832,-4.0609267229029316,-4.223422595621215,-2.368836819565747,10.697932023922021,8.376455644469745
3.515145798159885,1.460666209167057,-1.4997457605212374,-1.826353766447787,-5.631701856563564,-7.105659307561062,-7.685013757143553,-4.075164435560785,2.5437965261731375,2.5612878506104004,3.3108060931328196,8.015393275088268,7.9038508397543685,6.375579991030635,7.290683557583889,7.154346653953993,6.608965695282813,6.36785457851555,3.9109899228148914,2.1641707933538146,2.4167489761241567,0.022321695408845564,0.8881576937851413,-1.872334762329992,-1.484641696550328,-2.58908507952055,-2.6472037880806067,-2.3810845480560117,-3.6273000374502176,-4.4622907525077276,-4.607065319467152,3.545717574935136,7.6602493587090645,6.988062667815754
3.5929418876493213,2.6548993877183076,-0.4680104547530679,-1.9374241743698302,-3.711669993507995,-6.398293651669541,-6.780207449876276,-5.910198219209715,-3.9251842279407074,0.07905144046910406,3.809684353487693,6.208287141758527,8.445399826044245,7.122338360002761,7.597292742060745,6.142592752675342,6.100552416429689,4.635262675426696,5.344726163772972,2.8395288398640415,-0.9865097767594558,-0.6000130385527053,-4.055347340107965,-3.130420260600377,-3.280832889542161,-3.2418370198108835,-2.7531366567412734,-3.890586168374886,-4.178913600774352,-3.687481194243335,-2.934911195873929,10.346761053172047,7.236348657366922,5.805927748922234
4.18706500591483,2.808224666338077,1.2734547715833666,-1.1784811239788193,-2.7965287328030786,-1.9494062833237278,1.2829636677038463,1.0214975786637661,-0.25791383065321316,3.7262519468623863,3.909901576375228,8.669948876000081,7.393566751026473,7.437684751212304,6.448815668920922,7.051592813980228,5.330443796297278,5.248372640849581,4.194517128121305,3.5110026526506535,1.0605653003166366,-2.1062282047669876,-1.5687149475699524,-1.8255054971420348,-3.0687723987045343,-3.260043437942087,-4.2934522942351006,-4.179924731973207,-2.541441989871977,-2.873086490115026,9.919825933513682,7.801384586103662,6.532241123693999,5.784449903463465
4.744746508471857,3.6768847986837376,1.7847284062571849,0.039129257545603424,-1.878863785968065,-3.287284324774233,-3.9441733744598824,-1.4725598084051448,-4.958564704660712,0.9643645224834456,3.9774703049821145,9.127578677040878,7.45598700478028,8.12569617079455,7.681681238048318,6.231807986122948,5.104502737999874,3.9068070321818196,4.07044029289108,2.7415628602729387,1.4823027801152717,0.8069837914102284,-0.5149361681628106,-1.8919140217649397,-3.379112319785824,-2.534305905867138,-3.9265576089856276,0.3777053075296484,4.428403776916329,8.341759837731802,7.756083961812932,6.044086454230897,5.397419021504624,4.950293609045563
5.408883741962805,4.3336642578710824,2.3108680220334645,0.2698370484710561,-1.6026958573789256,-2.369720782653086,-2.081686789841253,-1.4432109055195326,-0.7686080980610649,-1.2722249432707236,4.916831314578573,5.684936929073891,5.943867844981822,7.83347084977676,7.98276569822705,6.615962897686655,5.050419404292784,3.7550995951743795,2.7878346883912153,2.4459052539970996,1.4272075318303334,4.389479138323598,2.2382802053955326,0.11602318555581492,1.0433491419405072,2.3120764226848065,2.075160434196446,4.547204296577064,6.964973426180511,5.701475381842806,7.017942961087349,5.236580163022224,4.590175109516486,4.760995079083277
5.549570598333089,3.81189550134749,2.6149934453088584,0.3254829995910923,-0.9669393119241937,-1.9624737978130962,-4.24342470924825,-6.466536709828765,-5.091497968922606,-1.2910126932132742,2.726729644754613,3.459477182187399,8.908076656556526,7.2694096464858164,7.699297275722831,6.486344947439253,4.855570189428835,3.6924112058178085,3.8188313973377275,3.75297134901455,6.110182980238457,2.563873320545371,2.1876742108494533,1.1283693071416698,0.8759645449928338,2.121926413360826,4.2149491819001,6.2775722284244235,5.496418509389024,6.840207476319688,5.726265981533255,5.2077593823360475,5.435985510810974,4.388679295988631
4.6756286770905024,3.9930942740372273,3.629660417081086,0.7444833365305897,-0.6279689413435322,-1.9110851519583147,-2.2889179863552904,-3.0085959840697516,-0.31162174202990334,-3.3080091135833105,3.0500979547920566,7.161302552133139,7.726748660968422,6.79840505725641,6.521242440151771,4.662263373407518,4.546870093145138,4.290272410652601,5.014371339072733,3.08506334512182,2.9862190580749224,2.7379477549768625,2.409670710776872,1.6095390253697361,2.3694955779492104,3.986733097034654,3.269650259628187,4.075557490483762,5.031970847624744,5.546217928835403,5.489218342009671,4.776912833152888,4.731793898634032,3.0216599127025843
4.98450890033005,4.6498242324092285,3.6123202600265323,1.2276767452872213,-0.5231745963533984,-1.059514266800905,-1.136022837596335,-0.7939645952390517,-3.897559635789095,-0.3061518282575452,7.373843933290145,8.77127410807952,7.4090084581505655,6.136562847260225,5.153876190401862,4.252257358374033,3.907429844303707,3.982880023050406,3.4921934399919876,2.887744329403135,3.1776423773422993,4.025670620117443,3.0032075598291215,3.6618599131421306,3.0445457517843875,2.5786277108139726,3.2415967182839833,3.754905884285679,5.306418317499515,4.4303885940324665,4.394282508519873,4.113595299263315,3.7793040992977436,3.7333635365090987
4.908114389871515,4.593182001857539,3.4242084576463525,1.3102635358576145,-0.5349215707297093,-0.47980771215914053,1.3038285650272492,1.536841015182991,7.450516475178497,3.729870096085489,5.597164729316898,8.802782297057417,8.04475817025789,7.0133757927364115,4.140069903980046,4.043375036990233,3.6897937153062887,3.4883619569511537,3.206972764183196,2.662891401808466,3.585575384895064,4.127077437419514,3.039568951544336,3.5919533990150048,2.7063751126361195,3.4346947411441264,3.3560009916168565,2.8118962280120656,4.190093030740753,3.9817064340957034,3.982086688204365,3.1118394729505225,3.331552198299377,2.159018680336764
4.255330461417239,3.9089512611290522,3.552958230577058,1.9389753512606658,0.06228266237349202,4.731850857666164,4.475852678465138,6.937327231345577,6.257957332842868,6.07325938394784,6.508433427333967,6.569088696889525,5.2177628121679245,5.389576827526817,3.1546307508960094,2.8577877030732126,3.1906529514733455,3.2717918802162176,2.655582776704365,3.154889999663865,3.4993903173500156,3.5050289094238196,3.734075622963997,3.2861871208025795,1.9010932717456874,3.1729820844224355,1.1150679807680395,2.586574290911844,3.2338012535292853,4.315351352652204,3.1714187468408075,2.3721929716078307,1.5822495120701867,1.9610541804819124
3.6458575382475,3.4559294234176536,3.8996015529352035,1.9579487602288972,4.8398159081552246,3.7528529460101834,3.083817468939914,5.048840753034121,5.577109582698488,7.035016574975055,5.940812198541798,5.826826945143668,6.163538045493933,4.897768080579626,3.0916043991733844,2.607580713888965,2.4348304749603535,2.480957676630982,2.8313209496948177,3.5622480322146335,2.5832530158394205,2.0685912746728543,2.697591710246914,2.197777790107833,1.8681661324803662,1.9665732347679998,1.2934262014796771,3.0299406357247256,2.875730770301765,2.9783507611932865,2.8126398628043807,1.4887236300624025,0.3903974268333906,0.7526205477879769
