script/wind100m.json
{"header": {"parameterCategory": 2, "parameterNumber": 2, "lo1": 3.000054539987559, "la1": 64.9999836372058, "dx": 0.5, "dy": 0.25, "nx": 34, "ny": 52, "refTime": "2026-05-14T07:00:00.000Z"}, "data":
[rows 0 to 24 of 52, columns 0 to 33 of 34]
-3.40312078738482,-3.7909585596099697,-3.6680034061896154,-4.214270731501807,-4.9690031580115415,-5.169728788728408,-4.986831635668521,-5.455772781102793,-5.8932190040085,-6.077099085972946,-6.1413745702992415,-5.857919284773805,-7.081595060350979,-8.525666042986172,-9.655862454264968,-9.79025258958134,-7.219109147099689,-2.7214699386697596,-3.0788828716403542,-9.7412335922969,-10.663814298292149,-7.126929619108743,-14.60471083127918,-15.183392353368841,-5.255045458891743,-8.983824620664791,-6.4665467088831,-8.09555713383098,-6.179471572546998,-4.8632002335545215,-6.697095167256763,-7.409219853091877,-8.159634994626593,-6.379840123019052
-3.5031917744019165,-4.0801195690837355,-3.705294547566078,-4.24571431806447,-5.035559782386822,-4.896493446052346,-4.653530976964981,-5.223287105405033,-5.396659398357789,-5.531003597076605,-5.344574098572646,-5.9794364699029385,-7.097199007480408,-9.071887974496994,-9.654460988867864,-5.7585247745586,-4.282772318526185,-2.1863341047176443,-8.221687939692586,-14.693849989805559,-11.701578299443497,-14.665790326214644,-9.319250957319753,-13.51037134534325,-6.851956097956578,-7.609955540440339,-4.407622999069248,-6.476606254962398,-7.223334541814195,-6.517454341357842,-5.206140755517144,-6.482491304084069,-6.835293884114117,-7.564432912051874
-4.171843144481583,-4.012239472752956,-4.091560963599287,-4.292058572039483,-4.8544716415958025,-4.627129281534628,-4.336951825406548,-4.630927113744203,-5.07781272583951,-4.990343223452944,-4.97513365922008,-5.598257039461459,-6.082752817021179,-7.095912983219483,-7.906872718444336,-6.116481542324032,-4.513764509960428,-1.8640706264924238,-6.709438721223146,-7.325543471120767,-14.400138864297302,-7.969956272638364,-6.250351877417461,-10.539820396211258,-7.5144781253012916,-5.509115613901477,-10.471745625256037,-4.621811977272756,-6.923915947397817,-9.952848921927705,-6.588782642558169,-6.345203952926934,-6.3399642207020515,-8.60933323080515
-4.4352730070268915,-4.152747205577627,-4.421117776394474,-4.63315886451707,-4.847560195714155,-4.433109638940004,-3.971562894945034,-4.228612729634021,-4.526471718114442,-4.733073748937641,-5.2079754259693045,-5.460516043690433,-5.291645923399441,-6.846651787351564,-7.901249383869542,-3.364031413511879,-4.9787843776879335,-4.3726501239890965,-13.389015474558457,-3.7328935636035947,-14.674388034546299,-8.850075488546262,-20.949166538459295,-6.35657525894094,-5.0726922940341455,-6.121479605305993,-6.521951979288357,-7.184425215298987,-7.454123250511987,-8.108587641272056,-7.862440806864052,-6.182007882355873,-6.8390441043683055,-7.430136504863114
-4.491863338083391,-4.7280300875074595,-4.714018282618424,-5.000902853140764,-4.941143271402773,-4.198068645388163,-3.6598039129608506,-4.186188135459447,-4.029117229433387,-4.253664364032467,-4.70104719796439,-5.166634586025364,-4.695963667192968,-8.040645693180425,-3.6717013677442516,-6.681813748767324,-4.338433052366855,-3.783031224929547,-9.619059041849221,-11.061004581484374,-15.400731462357797,-13.887918305837905,-4.308155645863085,-10.942343249551742,-4.484585364903302,-5.557485386803306,-7.829228273146753,-8.723113298087354,-8.614262756351357,-8.398886075939657,-8.105299859350895,-8.230920483819164,-5.085383457072901,-5.36185788656373
-4.917028817880399,-4.813640412511726,-4.852145949233615,-4.90036761215741,-4.683365721144267,-3.9847205680083237,-3.6913710521712333,-3.7963569211321775,-4.049850728384466,-4.418796021490293,-4.9097646613209625,-4.336026243139717,-3.637828282052077,-5.651679854161986,-1.4249928706658235,-5.622914894988556,-2.5805835347272996,-1.5480362561647858,-9.825015042600397,-12.167572228335601,-7.073942245145397,-14.39222118328881,-8.237969227973005,-6.8309447783442545,-7.261520909705457,-6.5628000312605685,-6.088418892169854,-7.922749405341161,-6.327595758599612,-8.463667768927179,-8.665008773030655,-7.968097763767731,-6.4401045067527125,-5.118718492750163
-4.580068014024886,-4.682982306860148,-4.818447064736332,-4.7950490353829895,-4.734543226009785,-3.9215060772296013,-3.5123734267487134,-3.7133953272779903,-4.106533826086794,-4.5434973970147,-4.450895154296824,-2.0005195739958666,-2.550397852935295,-1.3051811268288538,0.1441074633053834,-1.6751403318222893,-1.7055604242803941,-2.6030831010563387,-12.603651989731874,-8.870173986400484,-6.563786347665607,-7.208842578903322,-9.215955388022653,-8.969872422834758,-8.931409258224477,-6.693805412675597,-6.5106571402131035,-6.577264002937642,-7.773089257479062,-8.65903972579286,-7.504470884307515,-6.612551160833254,-3.3761706905392033,-2.9341192447060145
-4.372051716809599,-4.2893213670948604,-4.7619576376583606,-4.658751253137708,-5.115733023565459,-4.008504369652967,-3.595058003939867,-4.123781486036158,-4.232903352421866,-3.9586225164695974,-2.4008054170855315,1.8229766714918079,-0.2383976958994175,-0.13107918856001635,0.42339969083927814,-0.5497980926711594,-0.4833307514932649,-6.141743548583462,-6.753288232894997,-1.1347302390461267,-8.381705841588754,-6.4355632326591925,-6.461153218370513,-7.796061508313867,-7.25103752398162,-6.422382633765743,-8.144357413369274,-7.557766866041245,-7.400570277305133,-5.438463133506677,-4.3116053387912,-2.582591586538733,-1.7785306655418132,-1.9020047388117625
-4.069453022162071,-4.0128462870973785,-4.411815410098894,-5.623184833373867,-5.1289196683357146,-2.9986919672166445,-4.103391563075536,-4.46214179682908,-4.412339059928536,-3.30441634351098,-2.389092971673667,-0.8875190307051664,-3.254434403384467,0.6894575708267112,1.6489872341954885,1.8204509022489457,-0.11297234321584587,0.9776253867131166,-1.6662523534011822,-13.56452102087619,-9.263376615623285,-7.363030574315403,-3.494560253282853,-8.308072565932553,-8.427294580011928,-8.542705693102372,-7.54114325886114,-5.606566156198699,-4.17607685578953,-4.006446845948049,-3.1686923289447666,-2.1511163550009718,-2.92960383777682,-2.294617427149039
-3.9018190742998584,-3.5666330010208287,-4.019188612173211,-5.719271783645298,-5.0554620343258545,-2.643854837250706,-3.700669944832215,-4.244579366118957,-1.8993640686083257,-4.424570037060003,-2.61551169916483,-0.6851241914452314,-0.31233268929874736,1.5899072810994563,2.254062331922232,1.5140263676286703,2.048813879960874,-2.1031558545294673,-9.700341061163446,-10.73937915900375,-7.511813393109908,-7.236588027619092,-8.03058278632359,-7.732846391489464,-7.852909759680944,-8.237470397774867,-7.261811463205682,-6.280337743265255,-5.221199392091314,-3.581644171911286,-1.4092840901547086,-3.1850707616823235,-2.687453943389199,-1.5269127049678288
-3.4651431672750217,-3.323838598029056,-4.889443491766156,-5.317203741297071,-5.399511824626855,-3.189109111650519,-2.4785552106132873,-3.0627524281074603,-4.814673421351881,3.386134427555853,1.0394219346444926,2.2065222556608735,0.7712152235856966,1.0595442218245223,4.380267244266647,-0.09744385243151674,0.6547612585014069,0.594095645570321,-14.64552638062063,-5.420863280378794,-7.1803027570942035,-6.444911620389776,-8.207701871575932,-5.5997826692293895,-5.7116431701032395,-5.271817753713888,-5.274321922361541,-5.621375260908125,-3.9736833361759705,-2.970648634531612,-2.884461365451542,-3.4548205902876252,-1.8323048586497734,-3.3350475993402426
-3.1691481973194975,-2.61410714935004,-4.998612790685086,-5.702211700026649,-5.900730910765107,-3.00197885563511,-3.2484172676702596,0.1452044101022427,4.010632223151619,-1.3241177137336921,2.280040345682115,-0.4846169391835495,-1.158181229860612,-0.7265574830629139,2.3259830905360777,0.5569533597308179,-1.76170892625443,-7.506741456603674,-8.056354081852612,-8.200613182850649,-7.167108882444949,-8.63378289987793,-4.754119196335585,-4.847683491991631,-4.117849317283658,-4.277621304402153,-3.6601277555819354,-3.449552618201779,-2.3293363187953315,-1.3944107186188703,-1.9769743594613298,-2.287379226891475,-3.122186729621603,-2.7303027445208246
-2.8307156144936,-2.4043114504693612,-4.978640941050696,-5.554188952566934,-5.634787327387838,-0.24670773352219694,1.912341444960488,2.142356770841918,2.060315065458327,5.088676805102694,-1.2334323457342378,-0.7349868061922954,3.1526187929891867,-5.927043867930473,-0.46440819871700756,-1.1102873812734788,-0.14687595271111664,-3.8860632048916823,-6.7954387420215046,-6.369889040776607,-5.181134756192795,-5.672724232925522,-4.7964700746231275,-4.039215200823517,-3.2216681238479103,-3.909691341475351,-3.6550767068483982,-4.0687245576304765,-2.507143330454139,-1.5371357256805223,-2.340675221163095,-2.2665177309393147,-1.574066041666412,-0.9667968438301067
-2.391760151840178,-2.707674452478831,-3.803566604822139,-4.676663427276988,-5.816203870525244,-0.4523766988224,-1.2095068375265046,0.789006412585518,2.1964957203172886,-0.9725965618226295,-0.3509761307244258,-1.6855964256981664,2.6289143738917407,6.735625576872661,-4.663037269607,-0.5236211714642061,-2.338262799130755,-6.350015506082084,-7.770454461509944,-4.032297560494296,-2.8219614560884034,-5.269334147373284,-3.156925805521538,-3.714339899013794,-3.032026694177678,-2.213121807312221,-2.8516575880144623,-2.2521921365487287,-2.826120786952693,-0.9653845134171216,-1.1494901688392298,-0.4108074646497513,0.19758907277396345,-0.7749523588929043
-2.322285296306026,-2.6975666868818133,-2.916545292631054,-2.1906833422523806,1.4732157446668626,-0.11453946785010255,-1.7833397357787577,2.8155189441057407,-6.2884631753774896,-2.980639653849025,0.7842109192793066,-5.305504765477004,-0.19618571717317881,-2.566003322517004,-0.8183300513735479,-4.838355017323768,2.0512131379051857,-4.1325515253755185,-1.9774565907787685,-3.0656635085065216,-1.0264158412175375,-3.9514959882183027,-3.83581101808975,-3.2279279685414197,-2.6057150069039188,-3.361675526771613,-3.062919395363971,-2.659828260357462,-2.1080367848401234,-1.4038273389828848,-0.4220316700130559,0.4259906567885344,0.6197044571041057,-1.5209116303003016
-2.1097460007677116,-2.3079348932024537,-1.9400583432173766,-1.3457088158489072,0.47908018295598087,0.9411056947391316,2.3240116797204227,3.6234169151870774,-1.1332383617149324,-1.6240108782672498,2.6677492196948496,-5.018344269866003,-5.318234794291511,-1.983791068370863,2.1138464306344575,-5.607060707609025,-2.043898987052553,-0.8110771116446398,-3.9992882126397977,-2.872733740942914,-3.0084720452105613,-3.8915061439678738,-3.8636191997706106,-3.4042769840050844,-2.8836301582520463,-2.027364272906621,-3.2601223375193418,-2.3679613256173986,-1.2570634567327943,-1.3919293341116434,-0.9952586930124371,0.16345041180324746,-1.6201489974278147,-2.446754327588927
-1.7589221787957503,-2.1843037271686363,-1.555544333170525,0.6771613577783413,1.0491803918486027,1.2468191639636106,0.6262751655759293,0.9707835918331472,2.182761172477255,-0.7086185271289783,2.305859593137854,-4.652405684691383,0.11343148873051237,-0.3018242753874726,-1.149074807495223,1.7278720123553586,-4.607042727291357,-1.1264652272500142,-2.9150354899671074,-1.3131067511208718,-4.128206259090756,-4.107388373852106,-3.776681196606375,-4.195970019160943,-4.314000082668262,-2.7990364700378323,-1.5268851666238688,-0.6970932341010037,-0.5301486167433589,-0.3940472221066852,-1.4840286675730463,-2.1571734342417845,-1.8870749706410928,-2.4450842666402397
-1.161069855962552,-1.9122835941764051,-0.7346629195309545,1.245331833247056,2.47225791371575,1.0970342049789386,1.401335027780366,1.0126669138013835,-4.456264135954816,2.6203744393551704,2.673541344853409,-1.7582875728180456,-1.7923522962245384,-0.8221019110611605,-1.7215183221046466,-3.0005358067712535,-3.3520006760907086,-2.160440262768333,-4.042760252342662,-4.3120372877248165,-5.193234104045956,-3.5226601369014956,-3.447312766669236,-3.7298907532527736,-4.378357919442731,-3.1153885589446695,-1.964021642396435,-0.5399064789709836,-0.2519670734125643,-1.2864940539342948,-2.250340521489328,-3.7742276173412903,-4.2999567281572695,-1.8281939321539247
-1.260063919552041,-1.3940068363411775,-0.09558933534470583,1.89518905384607,1.9294538361996405,0.9806993812853816,2.924485706710898,2.7387871632057124,4.131092845333304,0.25999986957361265,-1.6911876214812187,-0.162533312845412,-0.47924301581831186,-3.302662726114653,0.6420962292396031,-3.013181379559737,-2.5431643628963623,-2.2346925153147637,-0.9490080483930148,-2.979854797547018,-2.526048764676872,-3.6329886570498098,-2.215287700270219,-4.069779773646937,-2.54563637162179,-3.1012151085946194,-1.6458155587933774,-1.2164020386917433,-1.2476528478792963,-1.3171291640094362,-1.4657553638236045,-3.3527691385626057,-3.5743931711462764,-0.6378088452320786
-0.701242228430914,-0.763718061385545,0.536309935455923,2.6783652628514285,1.1513394094304716,1.1933046578133824,-0.25003263901235734,2.0977228495853444,3.1486642765468686,3.706271304198647,0.6271223707454655,0.5000852743939314,2.06149804451917,-3.598322894520122,-2.516188790890556,-2.466181841101913,-2.963322578076317,-2.9419716770917184,-1.802597383892347,-2.7481145122455417,-2.102753162419189,-2.6552813335134773,-2.0693322979441025,-3.1543700183698635,-3.2521889196981477,-2.156987682508678,-1.8880986909550455,-1.4098932840315168,0.42767987552458875,-2.2488291394880973,-1.1056410344473488,-1.2315082874859946,-2.8968997182931013,-1.1252070080238346
-0.3027469101295334,0.038400440678858574,1.3247536363622474,2.82614546130289,3.040957138475781,1.9962659832504166,0.25840559372037875,0.35493868771030035,2.118670866417625,3.2224849667482633,0.018999975150292756,-1.260077640135035,-1.7614780377341248,-1.7355869141180453,-2.9537191394798366,-2.513670893250939,-3.237045040780442,-2.6774447588650068,-2.5479995557910504,-3.5125897003499147,-3.2457726976749814,-3.3799919979038338,-2.904416016720318,-3.3172765368437984,-2.0076944603133824,-1.9387559841260655,-1.4099341127011698,-1.0901106212751333,0.47975856494152563,-1.6625720407293847,-1.1775477352998618,-1.103512085441109,-1.5154260620019528,-1.2393150041264906
-0.13974436873178256,0.8950496580200888,2.1013920324966504,2.8861259685457648,3.0453887663945047,1.9274788189561287,2.3073638271451036,0.18410423266300804,3.613065134727512,2.8130792952187487,1.3862018066393387,-0.6056663865023051,1.0891358520868182,-0.44389955109518214,-0.9841550435031076,-3.6674074650936386,-3.1842792719264175,-3.147487847659328,-2.985673878975294,-3.1253286671226816,-3.0170825105939665,-4.1820799585021025,-3.408095969649108,-3.5203655370832547,-2.858985076479929,-1.784589759372251,-1.1861517197310574,-0.3030454759885039,-1.1606837842499818,0.22127401316406517,-1.7824928500245871,-1.731832699452827,0.21034900757242478,0.7495259166941135
0.3213212883490094,1.3974715519254244,2.4201484632561843,3.1664596755898913,4.297912175635032,2.3126806034340275,1.6448084969494259,1.7967078473166807,4.687644720666125,2.4146573097869632,0.8468035323735428,-0.7501204969242721,1.475045965164139,-0.871611171094926,-2.1705977564306767,-3.5302182930074526,-2.807485777757257,-2.7231666930113207,-2.176033531848674,-2.693645934926607,-2.1736375847278735,-3.402011301625795,-3.225050866559627,-3.3923383518866426,-2.958563229071693,-2.1224360256204187,-2.0260932748039115,-0.7694301838475939,-0.5765965575315746,-2.186733632495648,-1.8124723220534011,-0.5561005912386459,0.20060381871422,0.3689299914783058
1.0257502326891734,2.002377704517189,2.9803214718375415,4.125606842630962,5.475122724696051,4.977658418619641,2.6702266300844215,5.055110025533206,6.727214805747251,2.8244716315626373,0.9995071426150166,1.779113141955897,0.20517624990592773,-0.13290197500728415,-1.6436228770839325,-2.8113369965133743,-1.924272518414616,-2.4905702308557447,-2.3517907946396517,-2.1282188550671997,-1.935850011395167,-2.6453058762166877,-3.7076135684383416,-2.96957555359005,-1.3796122880056594,-1.446548578565431,-1.3203952571064366,-0.8837714533193813,-0.5119468592406786,-1.3355595041302653,-1.0828335742393078,0.5923454150866961,-1.8035011692625262,-1.0714052419933116
2.1661216240262164,2.9420684117698923,4.00935765894506,5.411737900104407,5.404126697342172,5.489918180779437,2.6648727755916326,6.800563461468885,6.424901277247999,2.446806039169991,2.1918032441655217,1.8906566452570885,0.2917772678802546,-0.49281925241603153,-1.202451085669258,-1.9474374786039965,-1.7019931216738506,-1.2958507840704854,-1.234813146280966,-0.4481146429816331,-1.7623144831258937,-1.7923693244934638,-2.990843307549235,-0.48979363640702533,-0.688179235155865,-1.3181578315946723,-0.9925524695149628,-1.0258900174470718,-0.9684185870832168,0.28653224265950045,0.22421587077380972,0.012898238486464679,-3.1034902503943167,-2.199589089924238
