script/wind350m.json
{"header": {"parameterCategory": 2, "parameterNumber": 3, "lo1": 3.000054539987559, "la1": 64.9999836372058, "dx": 0.5, "dy": 0.25, "nx": 34, "ny": 52, "refTime": "2026-05-01T21:00:00.000Z"}, "data":
[rows 0 to 24 of 52, columns 0 to 33 of 34]
6.33187800974651,6.787273876220966,7.747621982998151,9.430893058278475,9.951798571761818,10.301582441682463,8.857331420539454,8.772580914559697,8.865499692554526,8.058769671963551,5.333189604213794,8.00770796019883,7.138799234757204,11.263213295502611,12.143515084468032,11.227544474949505,10.983316151097814,12.22864902783122,10.836746781755407,12.042152473501561,9.919327203022034,7.149235728637233,4.808464893888069,5.929492670262291,5.141987300565787,3.226796307903894,1.9500884687127318,1.9451969674582106,1.129608257635693,0.4250427869201251,0.36637778762804996,-0.07646759631230746,-0.5212339145665398,-1.2470892325357634
6.59661578930958,7.1246774841453995,8.794185077646084,9.985129211758698,10.275150780666447,9.369622452259676,8.347314722659391,7.874882828357287,7.694679064606581,7.061550039106693,6.515845643362428,6.182611839006958,9.703615043529203,10.490483735930248,10.33515300759862,9.998675108303617,9.19568105161993,7.322739688371545,9.325106287088271,10.377379741873822,10.518259623140118,5.682167565424247,5.5412242340822,2.8510246088469673,1.6331655429159426,0.7079209599636757,0.18740441389450654,0.7231975419897404,0.023720035923555094,-0.3079071215829991,-0.45230626067549445,-0.015046701379662417,-0.9486634997868152,-1.70502780995496
7.3374148313283545,8.528428991313747,9.255456465889187,9.455939580110487,8.570252702395193,7.564765465875241,8.145108762599978,7.581198088329362,6.115927680463197,6.051905325455647,5.358295789395064,8.906457926993472,10.156277520633354,9.570789157189331,9.38339060085994,10.63709558506311,8.90528255442389,8.193890475629107,5.570240246731067,4.322677414882473,5.6050115745563165,4.298991249109938,3.332341121128685,1.4313459361874126,0.4048246726728578,-0.6619853133245599,-0.0006675951936996362,-2.9183122253302325,-2.0002632845773323,-1.6638728348888636,-1.137643815429577,0.7360728896016304,-1.942962869942428,-1.129467267490867
8.822787937717393,9.11829489261365,8.766915751544072,8.006759935561352,6.592851405963081,7.210351003930415,6.725636371109615,6.374697355917808,5.541585673934196,5.705339828878965,9.350992613903156,9.941150725813007,10.664338891971497,9.582416227197234,11.193675997388677,10.274084304725118,7.086084636548994,8.221092105207848,6.744189842919115,3.82940139797064,2.430023891349837,0.8889130569311261,-0.3784381825427422,-0.8339033875798022,-0.6807403831794163,-1.7293612170904515,-3.445981295166317,0.5000775230559782,-1.0983681316316543,-2.2024424419348994,0.10426484816443539,-0.3258169026249439,-0.4461906902419522,-1.3691553519785693
9.287387688289945,8.281537004625582,7.714999324658922,5.041139044420639,8.466943204531237,6.178479976545436,4.087676757764945,5.029818040720316,8.963986324664964,9.579917578934346,8.642998770258433,9.190325073947012,8.69640404335916,9.504906782030107,9.038395938289058,7.352650783522418,7.720387105720598,6.01141812079452,4.0977903508746465,2.2900199846824574,1.3987695445083177,0.2236025422658381,-2.1782090806704035,-2.3439897026349774,-2.8645436790273267,-1.2458237617686578,-2.1215818280156036,-2.99725082233719,-1.368052570574233,-2.673405446494959,-1.3551349306015315,-1.0819714902074988,-0.5434977776460809,-1.6079166578632929
7.801084741111299,6.609164652438681,4.941851434387648,5.9648592896466,4.6581770993545,5.025792448039243,9.33639322861094,10.74598106186823,9.653477876108337,9.439990413287454,9.264637346391547,8.495873253706844,7.59505020661186,5.576122765922665,7.567354190782384,6.277481151798551,4.238315449239328,3.078938640552308,0.979168053302782,-0.007952390809953601,-2.0886843071926693,-2.0627039337146726,1.5178053725760257,-0.49626442371316964,-2.5232736325119545,-3.734375193401997,-3.6925104403874385,-2.781512303178193,-1.4261390809382994,-0.38757801802506026,-0.2386572667096817,-1.2742901958240391,-1.1187649831048148,-2.3144945399568164
6.277812454284296,4.924567055340188,4.676974704157611,4.2746544585598025,6.1122171063644135,8.829357005457073,9.580868513790675,8.74122859488983,9.736136814171417,9.561862307709179,8.1632534499291,6.920822280938182,7.4461969775986985,6.199149466305306,2.667515598876653,1.835268347586379,1.591207333899276,0.24861764725765848,2.2798610744216696,0.2631857400468466,-2.3587692833334066,-2.0914146453630296,-3.6699734867659766,-1.2032126176081606,-1.6870789127092034,-3.6027909941357237,-2.9818551972148026,-2.6950649688484205,0.7209555023178371,4.226497643497227,5.00402351574048,3.523063547791796,1.9220157029711775,0.5790455749972563
4.564151492279885,4.872748959593968,6.0095116953268075,5.809883456370243,7.804653423464885,9.53660720977287,8.184296037088815,8.986248352754915,8.147699402706357,6.402866702260698,7.394187234345868,3.014067974706033,4.712103095055245,3.3274933709025962,1.887128162227444,2.1691779347530256,-2.2460763604800014,4.598879428472655,3.1991404132802255,3.3336597585186687,3.16440764462977,3.208057995187839,-1.8200895166641737,-4.7448138338155195,-3.115882615065968,0.3179189666918547,3.059179449978337,3.1005470693321544,3.5393388934372054,6.507761976943456,11.777832037580563,9.509434349898418,8.824845634002177,6.1941240826780914
4.4076466054188925,3.982509154903869,5.834162346623295,7.552635739483453,9.055961972523066,8.95758485876066,10.068494015425163,9.04427641333919,9.663331432103627,5.995611241973314,2.956722988010437,1.7520983008132633,3.313580723511571,3.567839862834301,2.452588235952346,0.9126555584297747,3.7473049539968857,3.5028500649273075,4.552722742224795,3.5592964366440483,2.48524256371056,2.919507316684372,-2.8385162511398927,-4.7140733323077955,-2.5648015350328204,-2.1786569063929173,1.3934180880075406,-1.2706528968373596,1.9355775068384249,5.865079188461225,14.001276344611355,9.95143997728716,9.369451587609904,7.676547632160587
3.1074631164703304,5.409169965791983,6.140502655306238,8.592221497964836,9.983429207980896,11.316794426643755,10.89138722681518,10.154871184672231,6.310847517939919,0.6525765349807702,1.1781277893591766,3.759613730061449,4.685826141624062,6.727465990690725,3.5375657238843794,3.98668217398745,5.174927934816262,5.051179899404299,4.752495590937345,2.9556447352227804,3.201898816597876,1.471933692887172,1.0845961877733075,0.6684746137794101,-1.5317085583346244,-2.249050558954356,-4.573832806307501,-2.609893254912654,-0.7892372491483214,4.2932627493591,12.161134588682225,11.021903722467526,9.763499559361577,6.776098455815571
4.3043106573090455,5.607087643835712,7.434183963099847,7.771030005910427,11.883385674328752,12.234705170338056,12.153895829337651,3.5154512857589792,9.776758229439217,7.044092550937315,9.796124230857531,8.935905907147822,8.78778015635332,8.16235508554599,5.6294735784096614,4.282605767995874,5.751245690418545,4.21473964001563,3.4115656610434217,3.5692353327404693,4.137257663557472,3.083041642251349,2.4442802346265764,0.22608305245895052,-0.625918181935639,0.915365386671706,0.296713127566117,-0.4710256014168326,-1.262310309277355,1.5489817574522133,10.534991578597815,10.04408497929522,9.960885035250355,7.114004616220777
4.423977473673082,6.848609250300371,5.42424073243574,10.156717146648823,13.719104873412942,13.22034590519734,7.737170403014097,9.934868370296606,9.458749330510367,11.640471684200952,8.74140833971012,8.070410441916879,7.8119278820869065,5.844357412403298,5.77710226310464,4.3199334430700445,4.625048198752756,3.6089799541594254,5.814040589698649,4.142215552439596,3.829403959386181,2.6458131964138407,2.296711359185086,1.2523805876500556,0.21878324095240387,0.8952003526307579,0.5279728700253004,0.7809837124797375,-0.4189383616185668,-1.3060546040511989,3.4499187453579903,8.671491931551056,8.072736685046003,8.420856402626146
4.283409756177338,2.9940258537364848,8.239360852977358,11.46873837688736,15.188289683476908,16.165866085372365,10.489975618354366,8.272487158216869,15.041401841086362,11.280632664891671,8.088989549788291,9.704695717817422,7.470014325219684,8.530807390294319,5.0901783263552876,4.093505633766062,5.668414662191193,6.169009407191743,4.711382003427388,4.624857041708061,3.7022121751313652,1.9372511898420257,-0.04791926596642062,-0.811057424981029,-0.7139685312989961,-0.1733479290626588,2.7523668681579263,3.0516493781646266,2.0957925570108915,0.2905221469804501,-0.798717150796443,1.8167165825277056,7.854940323629213,5.99764874553957
0.9541846907521339,3.3399458162664817,7.914329052005407,12.434829839333798,15.718748856806764,14.793353116776652,14.562210805758925,11.947725268849146,15.696766331457304,11.614018039003918,12.93406994064687,10.045187498287758,0.4719515670722682,0.730783355931865,5.395524893316582,4.484142380653624,4.789727678761335,5.290356515951751,5.679933057224892,4.906502780286557,3.519095978406278,3.765805558784031,2.372660394339731,2.344104815900091,3.203985234064151,3.919493016583126,3.9277205846165675,4.723362843158415,2.093770190952688,-0.21191533106035723,0.03003551038967974,-3.5996232129833334,5.2305649550746836,6.375584084764971
0.40676943131218596,5.263222964741086,8.869008425807094,11.855085408422656,12.368586306572645,6.121515476937901,6.988033841600451,12.939357467914908,2.793349510982429,8.222293958118547,6.583029006428817,3.6102764508178544,5.728614133587828,5.503467889985122,4.156776244787488,5.606819813377232,5.517689963167788,4.937671752989003,4.543782339544183,5.480941747472041,5.179866081341218,5.143347396944444,5.015478588804097,5.074201304738189,5.033854648964509,5.475723271417703,4.869123607503833,3.6832459701451326,2.1150759965675254,1.7794099495388662,-2.068353202347454,-1.6564595912569486,-4.443584363134145,6.1111015570157825
2.303474217736034,6.7489504082732665,9.227137480038161,11.192512735412867,11.79523042993966,9.55923440777965,9.800400484345287,5.745505326190461,5.965457274646762,4.881218884296932,3.2021427906627555,4.372674361640964,2.5132558330888095,4.289846374363109,3.050230371077298,3.933639828928296,5.593424462847207,6.419998675165328,5.348798208511444,6.634571291146608,7.157319483393491,6.571326898025825,5.315157588787746,5.45017514749535,5.2626209078194215,5.430199782551768,5.02318562783815,3.9207308313374902,1.1699534388210897,-0.5320639627869589,-1.6472085612746155,-0.770508852762023,-4.267296860935042,-0.35455602264732056
3.973164238803517,7.200050193198616,8.73341494479396,11.254427780632382,11.906183019793666,15.897490279688688,13.486510963721097,14.20156643903394,7.215693779070535,13.584327281730463,8.435738281830504,5.913855808691253,3.4717367567493223,2.900865148488378,2.834522496096961,4.024949722293509,5.85588279163845,7.4675496256530645,7.506950011905336,6.61444454116451,6.040063850165851,6.759470285804081,6.838676951364724,7.190540330463268,5.870241214363802,5.857776650533848,3.6972394334072303,2.6963055125325495,2.540599640555159,0.22839573048222725,-0.8714295584241412,-0.9824694257603483,-1.478646414172246,-1.2317999620855753
4.691850192558776,6.534708804120683,8.011512222527474,10.797932427662833,12.419050747498103,12.199693023733158,11.9447979536889,9.269018859466497,12.276401604253728,9.223892328263814,5.300504579157075,3.402075435561266,4.626035961853707,5.339994114062579,4.890553045549698,5.001469825603851,5.3647541750043155,5.290215315713953,4.699943087071766,6.3609620591957485,5.293107585379379,6.935119350590295,6.454762258745458,5.983516826274968,6.046788467795767,4.6150701391921976,3.9238492583950686,2.1919688132773034,2.249099409001326,1.6064224050043656,-0.33631269136667125,-1.3740545086884324,-1.691609855977694,-2.2228488989494593
5.089925770672465,6.161510946701044,6.830261960050886,9.426351154290465,13.618923157610272,14.295405530126045,12.220000522645273,11.855830654746702,1.8211434402454347,6.465401969034605,4.055579197781323,4.912042508755875,5.682623370450057,3.915433615865895,3.9214064648866565,4.547543749441565,6.0902328028777655,3.466176423058558,7.95607778352011,6.052694543112012,5.529621807900416,7.157996456791494,6.853422698398357,5.52027255760545,5.168358956672879,3.6371261260253096,3.0478018730904592,3.560950800601322,1.6777528152864267,2.0641352772236496,1.4561888800521205,0.3239509979059629,-1.7072617670351964,-2.660438383042624
5.051367543831285,6.29808846342496,6.832427912628691,8.883597167616657,13.433819105452148,10.810966348455482,9.903433624262819,9.985809179801882,9.421355454426218,8.295596398595597,8.130521249863813,6.297631110772908,0.7224638109197187,4.744064277089203,3.8203834137015287,5.122702124315035,4.678594585016103,8.066969846589249,7.48507035705318,7.89703921886017,6.864079428913182,5.645190925625097,5.421472927682212,5.701336619437898,4.54011720832979,4.591164289949479,4.404616882567965,2.549645394139197,2.5690026755798985,1.3961235315854514,0.49661130539279574,-0.05907693969110819,-2.231962300034167,-3.6402014281019994
4.020741249183427,6.536907451434526,7.054877307142266,9.099999509829885,12.214671254527143,13.352320672196235,14.810765629323573,11.198301222882744,10.511604234224665,10.073694469105966,7.219723773240456,6.006867556702982,5.224925068165247,3.543045058230156,7.086097043030386,5.526089740451353,7.231423711533862,8.668236599686587,8.587506495027597,8.145768797030382,7.501981296703318,5.098454565804191,4.745969948351812,4.666689049877057,5.977245856772192,4.912964971056809,2.8334923642279177,1.4562632189494802,1.4451473648113233,0.9221114823520432,1.175865785235081,0.4791930073152137,-2.1202413389766077,-4.3866833695773
4.068737415784846,6.268082148983706,7.267066140515755,9.00232741611126,11.920645544445298,14.226841469487383,11.800587233151427,8.40842020679649,8.857773409553877,2.8654820541927855,7.466293037032267,6.8977753713369285,2.7512836464289387,5.3241185283716055,4.579540593721679,5.586787873164317,7.85887158100249,9.033527758875833,8.351547994088053,8.005529140501972,7.234286857593012,5.065741373521732,5.250512482006132,5.006793256235513,4.2739427046794685,3.0619328961437704,2.341521340489006,1.832916763651315,0.9159329458296285,0.6826535345575293,0.9565608600405852,0.9896303881496774,-2.969387195274212,-5.395774171907195
4.721601136622991,6.6323620441195885,7.262137997970867,9.006619388647902,11.036050487566019,14.934926658343182,11.689544411364295,9.800359251369425,9.3419296403686,7.384266026294788,3.883118069724599,4.116822851788694,6.396093409848139,5.827869734034817,4.4057297074694395,6.435725500572496,8.193792508421941,8.749673457623786,9.90967988291011,8.89505062630463,5.947994542975635,5.229569857948376,4.172844721588027,3.7364336483054346,4.045759523062485,3.173817774150389,2.6261805763915933,2.2653335561531365,1.989872232542951,0.8882395083701748,1.2318493565789614,-0.25123984529796145,-3.071679409383392,-7.091733174082799
6.378387539357296,6.670633351313773,7.43043245404176,9.334942522859938,10.7096530482847,13.89444201941724,13.112222088643712,10.865377851765373,9.339497822975387,4.298204299017303,6.666802247972331,4.1952210003566215,3.1889168261756464,4.364598856565759,5.394273976954674,6.3066036163412855,8.70414698583724,9.962269287615085,10.445398153227396,8.506610103315404,7.1663394304861034,6.02756034104423,4.262505605119506,5.03166081304773,3.4710256155617714,2.8311568556791538,1.8378910737355065,2.1401197721010914,0.8717827120823731,0.9540744918416243,-0.3623041991782106,-2.4648706584696214,-3.9565809961669003,-6.485182111133074
6.99166368825925,6.689486736816504,7.462301231035261,8.45583930594421,11.489870118936242,12.85664090523283,12.75389032658165,10.926472451261573,9.093180805026059,7.709355936436159,7.920959518069277,4.466081853717357,5.635512044291773,5.482992385547734,6.589041607601482,5.55236079809466,6.461923289153401,8.778468414593585,8.927498478201867,8.375170672111512,6.384355079169256,6.021509561600635,5.915145210645297,4.772807776323972,2.7121698279608437,1.3547135893964575,1.1312265820724599,0.9399808543181589,0.8053886858729119,-1.0378760460531617,-2.8013109683416686,-4.064372368806177,-5.897506962366887,-6.330226245622834
