script/wind350m.json
{"header": {"parameterCategory": 2, "parameterNumber": 2, "lo1": 3.000054539987559, "la1": 64.9999836372058, "dx": 0.5, "dy": 0.25, "nx": 34, "ny": 52, "refTime": "2025-11-24T23:00:00.000Z"}, "data":
[rows 0 to 23 of 52, columns 0 to 33 of 34]
4.986920571762674,5.451228730323857,5.556914571839945,5.633551149388236,6.105629415565469,6.450957438109635,6.236390903030374,6.52084655350982,6.809010593708323,3.9270204924798815,4.681772487515196,4.4933602361935465,6.288114763118214,6.103088393364038,5.405639242017077,3.5363938022847408,4.51131656686057,1.0810855197371099,1.635761435229703,0.8548025721400727,1.9444317478677493,1.5342801928493084,1.1759739778663763,0.8074413175722442,1.1587567514246457,0.5684321501529443,1.765379113007957,1.7211621824224896,2.921094615948014,3.1136986869087875,3.775634612152642,4.185673551201471,3.741491962864638,3.410856199628782
3.5953148824895313,3.5367714232783087,3.6487667410316926,3.9193093917643633,3.967546040798622,3.9729961669756135,4.156988827963917,4.617831220645946,4.291782881166796,3.622244657358803,4.145001182431597,6.207936884926944,5.087563019750966,3.892272951589959,3.174028798822867,2.228290438201438,1.5607463817456306,0.0526353279092449,0.020328576555729495,0.9452249069129749,0.4256447312420013,0.4911094744933175,1.0792576721060327,-0.24932553840603802,1.181331324493794,2.343272833772101,1.90271898968914,3.0633331420361474,2.167370647663286,3.847207896965927,3.9808214086506104,4.436066775729755,4.306839550019802,4.389226673616719
2.1304410749669014,1.4960666797035251,2.759490214894681,2.000294927411984,1.8162476589990317,3.216381423721897,0.6257471918037698,1.589333460505163,3.170496740020176,4.5208094468024,5.118589945288013,3.7921230087009725,2.7058930582488623,2.237366956957383,1.8280530376031359,1.5553685655609097,0.4110779594073279,0.4147092975981385,-0.5021730661426593,0.27031573827439875,0.7443144992263242,1.0261549614796384,2.892481685196684,0.9748070333632701,2.0120244365192264,2.5299682508539614,3.7454280620481932,2.4657583557171656,3.387404582060074,3.5122454295341137,3.6163229325392217,3.6523308852642415,4.018733429278594,4.3481184187739235
-1.1445010656070753,-0.03516420934239246,1.1277657626464923,1.6488695911295879,1.1341780509560866,1.4615307398424484,-0.6343976958597113,1.8688395880855082,3.4355709156583507,3.3830203670111936,2.1607731732704583,1.3868329217515827,0.8852424407405028,1.181467524155554,1.2079873913171317,-0.05945672360841887,0.3811301623068631,1.0967748240551256,0.7850868716282887,1.150196305030163,2.101808317685542,2.8408912699609705,0.9144433402941783,1.3810510111739678,3.1553673588189364,3.6895712616463676,1.442570605656725,3.029591269550996,3.886232041773801,3.3999321421538555,3.0000157433086097,2.094619437306819,2.450745288355116,3.2768906147614367
-0.3753510119549205,-0.14706660852446746,0.8179263210168402,-0.6210919574702243,-0.796538734362874,-0.5690593593035936,2.3497692186871073,2.2780505399946787,1.0701318844639773,0.5605070558092969,-0.031847471882794964,-0.313052044793909,-0.06901898497499336,0.6905055663882912,0.5138166475831325,-0.015429208516364399,0.2711146144584922,0.28784288364983307,0.4940793941156598,0.6835615694691535,1.6425095206972364,1.0219072527703146,2.311897790488795,3.456923035964559,1.9228779413602175,2.334905143195,2.1290199081677983,2.03565465673333,1.6269113982534216,2.543035266770134,2.348210212244166,1.570466558602809,1.1149900137068056,1.4249875119739215
-1.7861617432440886,-2.0471826077591215,-1.5119899770763081,-0.6240913200193923,-0.585581845812197,-0.18287085174984477,-0.24954254700816628,-0.4839253114233812,-0.8892523836536547,-1.4021325651653715,-1.8262134202070024,-1.2100042486853153,-0.1546054708347771,0.9396236548480374,1.1302563422222465,1.5657369691257081,0.7907546328706215,1.1309146226271738,2.6571684459035128,2.7051691530780007,1.7401793682959117,2.858608900967846,2.7353798058343335,2.759623930739335,2.3410582911626507,2.3401189718397717,1.4514722604862598,1.86705077938696,1.0617995010271153,0.9106084317415603,0.4415623282254954,0.9838979440139258,0.4114952860705727,0.5117336039412068
-3.391917320081704,-1.7755211024417403,-0.14314509861571031,0.43207280693023226,-1.091325955567946,-1.4600475009015386,-2.1434487405190112,-2.363396887950618,-2.5724279779939128,-1.92096452269839,-1.547437097388036,-2.23677213631323,-0.43488749826583717,0.5214269827202507,0.8445743615663136,0.24754259155143124,1.4084581186777134,3.02891576548357,4.077249767614682,3.660630856810301,2.842658565716721,2.0722263763740525,1.3443433720719666,1.588923599215068,1.7522453193109986,0.5956762230969057,0.500879394182866,1.0834008543868934,0.9132165743049151,1.0775752241839238,-0.06715790168423617,-0.15893666178628352,-0.7179333162615348,-0.512805671849705
-0.6163538004360996,-0.5509914835364252,-1.5258230666055697,-2.188611056934036,-2.3936637078329515,-2.9563196084655985,-3.358517195822945,-3.6271817576772394,-3.275884831700156,-4.084919614511217,-4.358025402897522,-1.1901662451544832,-0.5154853974090258,-0.14471328984119528,1.1806743151635801,2.10263640048439,1.2654880154860266,3.2989298795617295,2.866321964757866,3.1157872301573937,3.76976185638159,2.4298907353552286,0.9588691660065257,1.2824049455760735,0.6830580700771833,0.7540238663373049,0.824760871342494,-0.1232034920794026,0.5145072107985433,0.695618772145194,0.5313266746787106,0.5657935490014822,-1.818549704505896,0.2313260594309863
-1.8777930919062373,-2.301325258790739,-2.5993168100878097,-3.1155722661849405,-3.8582157193555835,-4.143065324827369,-4.638153279084337,-4.721714942857522,-4.495482142327056,-5.55772209749821,-1.8494788359887115,-2.8240750504372265,-1.2281989747596986,-0.09914894537130257,0.5621461593184218,1.9214780902856423,1.5867218297818815,3.3876900426285643,2.661989858854845,3.9566744499084447,4.088066023191394,2.096216937548795,0.9152126658367581,0.4991054333511767,0.45682820553255393,0.7679209367350843,1.0331050531740138,1.291054230413171,0.844881958087334,1.1978390926129459,0.5158189253290942,-1.2267793998214058,-0.22804777831965922,0.8205104443987843
-2.8507609074098954,-3.321018795633444,-3.533561656913521,-4.238755956979181,-4.815283679957948,-5.30506194570174,-5.1062415044047285,-6.383961377729768,-4.995993741007535,-3.8419427389623007,-1.6969567019736802,0.45155368996138345,-0.3749758658626479,1.4966677922381035,1.1251675641801042,1.4587248340276477,1.5218955811398054,2.4860897425694537,3.5830779776898662,2.6025187919392154,2.8559349559914278,0.8580575365711605,0.574620203328714,0.584135560731126,0.037043873310603485,0.7246530110924704,0.911010744979375,1.2066319877237897,1.4108309935138401,0.2992063194652699,0.983579632524873,-0.24665581365078162,0.7097634782928381,0.72685554472361
-3.534311900667125,-3.985614045480257,-4.42989157597689,-5.431508169760082,-5.7209594314478895,-6.698730715016591,-7.045557042109318,-4.676473487057241,-5.995260294415591,0.7593304206272197,-1.8514755971257544,0.05712366468775404,0.9970863829357224,1.6434219190163177,1.5630922586738019,0.7490072204034025,1.039571589158606,1.6673710176197818,1.8668169003566975,0.9650078181208032,1.6048688977231296,0.5614746945002141,1.0123631534093849,0.45659154549165204,0.4316146504372143,0.04075695657406337,0.11393207451998011,0.6123007670268378,1.2690688470031934,0.46717162790330746,-0.6955523016935171,1.0039469531356162,0.7360507831246677,0.31609073753269645
-4.108710216589001,-4.536176695687891,-5.274723019397016,-6.176526126201812,-7.224187206247075,-8.088061036794247,-7.996269121257092,-1.3329338524159628,0.8521555082095307,-1.9821094148711111,0.2242605473606886,-0.250410400784251,0.189259475414611,0.5373303356123771,0.5449710863437782,-0.3257060841546787,-0.39042491107599386,0.15266255625471706,0.41726922772370284,0.8177983023623518,0.300441336256872,0.18943810270372619,1.0279991666756836,0.36572032392435533,-0.4562717698030518,-0.4475750948463802,-0.38432649032845345,0.07876648159689488,0.5122445459637505,0.8312287525493318,0.9739851440701202,0.8942379263212061,1.0061015541034104,0.9550797489187262
-4.567795373486717,-5.154155681721349,-6.204283132156453,-7.076721879152771,-9.638519707420887,-6.28927807177278,-1.4411004773782001,-4.197898904834011,-1.756899159814127,-1.043286661527145,-1.6974617507238123,-1.1591051506178143,0.7561530275125099,-0.15136871463400836,0.3606879929982472,0.9998132633585801,0.2810606392984337,-0.15382440582629747,0.2927893240038671,0.36007760813608203,0.48366302772694836,1.0587299140571083,1.5433070339578905,-0.3644184414779096,-0.40465842962926724,-0.5606697583008663,-0.9606115563641462,-0.09428477515529997,-0.036194180222077064,-0.11924548928730805,0.6016655374186047,0.7787211555730139,0.8482081982378034,1.0224597028967612
-5.005573753159791,-5.547030308261147,-6.675844063570963,-8.045968350420637,-8.161532898197223,-4.817685103875524,-4.759530545808453,-0.5136175919383029,-0.07405739464115073,-3.031326152493566,-1.645987755835,-0.9966606424750953,0.28941879727015696,1.8313315204632816,0.7785730917941875,1.5997586015476009,0.3059364060857822,-1.1687638749121447,-0.07594396410199543,0.3382507557871854,-0.6027638552394772,0.9047688475362868,0.2263456021974474,1.0533995010910857,0.011927076767228784,-0.2905441744535866,-0.4035354819128063,-0.5297967762800829,-1.2614884047582362,-0.44403895451119785,-0.21345095879396994,0.07172459791026488,0.5418483980176948,0.8688007220999334
-5.1407092303023845,-5.952280493181914,-7.195647757963304,-6.389360423849935,-2.576808707728003,-5.465429629119254,-4.276293478705627,-0.8398627325620891,-1.586598593609269,-1.9883081761103785,0.2697947154809306,-1.3160162716190815,-0.2895910894192649,-0.06396322293795713,0.26095388517564794,-0.5582979371933241,0.4544250077257966,0.3442044917921124,0.09798493407470206,1.0020322426763657,1.3156480238991124,0.8201187686331403,1.7831225398523187,0.7420157723195273,-0.09306921280589316,0.9306624277167169,-1.1997277693470894,-0.7809649715253343,-1.9540433052780932,-1.567225244173242,-1.110282128342248,-0.7034978456155031,-0.09058738789802462,0.769584273160277
-5.585462891008853,-6.450026702912919,-7.114028714515648,-3.670337342149745,-2.393370233031976,-2.8776939935348467,-1.2821368759023883,0.2504157989841969,-1.1234526513920824,-1.87527626669266,-3.079735525002494,-2.378128692869235,-1.0884398654167913,-0.9730934104986962,0.5804344068968408,-0.2212584621075198,0.027037938983735736,1.111005599940363,2.9111162118905174,1.5710344360742712,1.3311387549387774,0.42256998064742685,-0.6128213163297057,0.6425750472119696,-0.963348743346327,-0.7786277966392685,2.1824274894314524,-1.466789794000661,-2.9894353480727456,-1.7957935481357685,-1.7106520204412772,-1.2965057168483136,-0.8657055040691796,0.11322754951767364
-5.760789290592043,-6.7715708157383965,-5.335461061522098,-2.254622812877954,-1.23517703484063,-1.6099579919061653,-2.069627433342002,-0.731149243066689,0.08002062511139159,-1.3420034710045186,-1.787748224524466,-2.561766261215767,-0.0727553299602303,0.7387841319526537,0.5647075214910512,2.059246715857172,0.49398622797539565,0.6513512895985031,0.7229720832068298,-0.20429926882532112,0.04931875785525744,0.04588309219792597,-0.515787007990931,-1.4908039297398648,-1.832165365543073,1.2069320574859232,1.207081926883453,0.752798729455625,-2.977078021549417,-1.2133246009935357,-1.654227755477956,-1.1463652123966692,-0.7237467856602473,-0.059358886287930096
-6.115788242829997,-6.17872536091571,-3.0673042343639403,-0.8340663868850593,0.054991941420721106,-0.6944773596713691,-2.003258013906859,-1.5146752497659755,-2.6919666493005487,-2.1566236582382237,0.09177605990393992,-1.377852133572303,0.26375086799961805,-0.13056521481958921,-0.31580611983452433,-0.4193285022373947,0.9714960375051018,0.10678382611821362,-1.1580256094841601,-1.8795544397211004,-3.0390047337613333,-1.5227948042036212,-1.5754750789686396,-1.295067852341331,-0.2133347318596988,-0.3146560681209464,-1.1254454421932845,-0.6651220214616683,-2.83589681990864,-0.8024281690288197,-1.5284968225595896,-0.5040082704067143,0.21266799724687319,-0.13521191335186095
-6.224656281850968,-4.189160727284288,-1.3922117022080893,-0.5224750905301748,0.2552997334166894,-0.9746328992394888,-1.9315163701905558,-2.7050757790039666,-3.926009497736812,-1.8540819912516429,-1.9043311096329738,-0.49893362113684436,-1.1349916983018447,-1.6855053826616286,-0.0925158205898564,-1.7237535811140956,-2.6300926739689436,-2.2309668030306704,-0.3654553730184579,-0.9656898981745843,-0.08914307222779919,0.35979383085622857,0.9233013841818823,1.1767239564484733,0.5882774810920515,0.07669278435043256,-0.55731885078347,-2.5277786728720657,-3.2422837563907523,-1.8959196546571362,-0.7525831636617001,-0.7941581985015129,-0.7862470277512603,0.23009289861609628
-4.60683620816033,-1.9615306560455679,-1.1047114902505442,-0.8678959972079688,-0.6715806221163394,-0.15583683982837354,-3.2103375940922128,-0.8666249478188952,-2.0437193010284385,-2.55405300491603,-2.6780961002995944,-2.2459100353369217,1.1642803875500556,-0.7697297879327781,-1.7546311703208926,-1.5432255377110422,-2.3360311221666215,-1.340228367071287,-0.41925996604231586,-0.3699330286767362,-0.07567515162154696,-0.015457112153167583,0.42993689891571096,0.9870427809476301,1.4477892343672563,0.005436658403653949,-2.908082892935186,-3.2518806164932172,-2.904032330429308,-2.774606969047453,-0.9825112522383621,0.11702130258171854,0.2741333830520621,0.22194400742097284
-2.7571072848435145,-1.6485300479131708,-1.3192547562257555,-1.5214081512837747,-0.43886871010965833,-0.8527003104930825,0.04649675254745249,-0.11567441603211487,-2.5589392597551237,-2.809442470488374,-2.5631246365598805,-2.1786771253594326,-2.824861504467074,-1.6129047571832493,-1.6611012624450103,-2.867216971817855,-1.1961207607813378,-0.7891859750393446,-0.5643609375709963,-0.5362092442738835,-1.7378773586110712,-1.2498456789834678,-1.4140550051902385,0.06317503504180075,-0.033048849189375756,-0.7063124981867417,-0.48735801764870135,-3.3435580392007878,-2.48103214731433,-2.337982881496956,-1.658803936617646,-0.8125071196856881,0.7318033104057384,1.3856499369391104
-1.9639107555042077,-0.9701478880868689,-1.3376248664938302,-1.6987019573119966,-1.4231528390692751,-2.1565140791499555,-2.365666511462641,-0.16283216499081293,-2.0068775327198836,-1.9060710655376674,-2.8607122326047274,-2.135136427650618,-0.48864905370620854,-1.1612952336115476,-1.7423556876708197,-1.2016180616151042,-2.6281244297569337,-1.7833720118379799,-1.9164021943024259,-1.2787639529301003,-2.562089232188357,-2.0784795141946373,-2.5216831668150106,-2.9081535853881078,-1.0516687822296908,-1.6539696211418708,-0.6851202067217935,0.030177785951566175,-1.4864284691667864,-2.1873388374841802,-1.8840251208025283,-0.7986404729957568,0.2297791826734396,1.6287555199534678
-2.3830639166569845,-3.3309937292489957,-2.8701436955062345,-2.7736616352209262,-1.7960639341972797,-1.8250189335718572,1.107290433831743,-3.5054869832450506,-3.8483221962910528,-2.013184033341305,-2.235976327008056,-4.0912366230995865,-3.121830929034693,-4.5077553063209495,-3.2833198466980607,-3.1317475124585994,-3.4784368924781552,-3.842049529669084,-3.8451590474583894,-3.094151272977604,-3.5279520318684057,-3.3048455199356512,-4.450233602839422,-4.501632015547938,-3.9997813018878188,-3.223671629154362,-2.0763374806728585,-0.7020075025068425,-0.7997790336019274,0.19284531956033427,0.38264769232282403,1.183606407930805,1.0148342527203362,1.5036688393659337
-3.281387189986581,-4.5510783007881175,-3.198925549733753,-2.9868817067459137,-1.53721148966769,-2.1212764917916305,0.8301162982931383,0.8824029593358759,-4.8704986137831625,-3.5624886120937354,-1.7584374984563667,-4.580413356642042,-3.665689349462876,-3.6400531881347558,-5.303538733478582,-3.2017228868834287,-4.035986575890538,-6.024323283907467,-5.570544965807949,-5.045549011490959,-3.907816469907559,-5.610709606588752,-4.815934160853254,-3.6458810563866737,-3.727802769615647,-3.8335635288269727,-3.615067745036457,-2.8999700306941967,-2.1581200186399947,-1.4965594743692303,-0.8060274134091181,0.7597719439959459,1.4456223907500105,1.8805680447896818
