script/wind150m.json
{"header": {"parameterCategory": 2, "parameterNumber": 3, "lo1": 6.000198445256149, "la1": 58.999992894266676, "dx": 0.5, "dy": 0.25, "nx": 22, "ny": 24, "refTime": "2024-04-26T19:00:00.000Z"}, "data":
[rows 0 to 23 of 24, columns 0 to 21 of 22]
2.524366708461083,-0.9533005497946111,-1.6227260696296906,4.131513342163302,5.812523607718045,-2.875020150573543,1.6165100850387673,4.718030287200363,0.04242780704706089,-3.000870139250552,2.953325120539324,-4.814736231678387,-4.660125269531471,-2.3055006484117055,4.735054694249468,-4.514155835052665,-1.7840573118524268,2.3159293324226047,3.1428283860305712,-0.5116567749373166,-0.37401469293259576,9.44189063036385
7.1804994964793645,0.020961501953277444,1.4061923092966895,5.545984359514491,-0.2761856375408987,3.690005645797237,0.6869413625668291,3.9559764308496908,4.739932743104715,-1.233065527242831,1.0155825316895244,0.6988732836610361,0.39765892243210105,-0.8774397991854939,13.013843983268663,-1.4996028847156175,2.190717560440161,-0.7609548981100805,5.246687569627622,-6.687169472937825,3.408403918281711,6.851815844502028
-0.9268455274589393,-0.03842762759468853,-0.43896185981910857,5.659314646005149,-0.7832502078276307,8.074198953098147,4.826401912632183,3.986459251604595,-6.2441139506848184,4.694583272571705,-0.7635897157035436,-0.021434640844778665,-1.7034889378338687,-0.20842524189058595,1.4376070993094798,3.3317177038612025,-1.9055830197493822,-1.2240834574826311,0.2710060723153996,-1.1608118371965688,11.247753171879667,-3.922200169476528
5.637433362402414,3.236261592058391,5.191205035384164,-2.2465381251905487,1.93265764216076,0.7228254167271189,2.722376442746852,10.03059540588468,6.085490058975496,2.15958541374093,7.343235167647658,9.664486066198826,8.906186936625984,4.955813927441508,-2.004238750624168,0.8469284297581734,4.707311817665616,-0.359837703791179,-3.0220317414505504,-2.0923866820903414,-4.026947824479865,6.039204910660266
5.365867527641935,0.6915376619450353,0.9954781738032829,-0.5758083222176654,6.646302207971921,4.386118558415996,-2.8443085703031077,-3.7893314782954453,12.416456790945153,-0.8239265569074031,4.195342558918743,-2.1493434090584413,-0.6261019430222786,9.012723050025958,-2.1654039070653286,-1.0892923018020302,2.2434089976309064,-2.8220786271766367,-1.272860702947605,2.2546264130543996,-3.1754951699818474,3.055422830077291
4.5708095672095235,5.721956304397007,9.791305363130835,4.8681001929932854,-1.7984403049998856,0.7503761259854168,-4.3406787392012935,1.6008939244763751,-2.2301897928250107,2.7116759906631134,-0.9789980635264293,-1.5842113598525367,1.9630109974834025,8.31834080861857,-1.6719251759269382,9.69758555669687,9.887200009383694,-4.680772168151768,1.6588562859947553,11.566764638349115,4.84068452951309,5.703914396243962
3.3383779592284766,-0.18191653701351232,-0.4552123520868389,3.003755132200761,2.7028944145703715,-2.8166793862039032,0.6331106973732158,0.24633161540129114,-3.9433602925409286,-0.5004797294473965,2.660773889315106,-0.49266464508970265,-2.2533777691195276,6.438736198302756,-4.233088039715986,-4.325647976586873,-3.41244523191737,-0.785307940356396,6.984068266253283,-1.9718237816513902,-2.653464865441676,-1.7546787793276346
1.182256883251514,5.394418144202035,4.02625616500778,1.0903455125257993,-1.9554939018579098,-4.383202813795785,9.913444066006688,-3.1651434010294626,-2.589489491727296,-1.1241245423730017,-3.6454765725514053,1.244255118567586,3.7675663533589474,-1.3982422969861408,-0.7807856345115421,-1.221889929437455,2.155439317562918,-1.9093204851819716,8.749284507955215,0.15238609879079648,1.8086925323645884,-4.557885669030145
1.0916801002057974,5.09159896724092,-3.309791085577911,4.128429063904482,8.321758772047751,-0.1307432807155605,-3.065525511431905,-1.2624251319360034,0.6417653043684007,2.3061126335619484,6.650254091354208,-6.574398551770227,5.1412702424873435,2.281484252203354,-1.7386015153695396,-1.1639330234478216,-0.2320726248618234,4.517641564871402,-0.6570290950739005,-0.1602508911047915,0.542899345513866,4.942418363034179
-3.0003002954624707,4.347491027522582,7.808919750898412,-1.3557333485096619,1.056716341171205,-2.0001230935086607,-2.0700652874367,8.118712188151802,13.509074952830872,10.285455767134936,5.955062328732247,1.3400411593934063,2.2259915243744413,2.876187360049436,1.3400965526017283,6.4212681787041905,2.346048996210681,-6.486456420202093,12.655854039331818,-2.5879396994763684,6.126642310367768,0.31459593130821206
7.242060769377341,12.299421796705186,0.8927105223558597,1.2455704752217716,3.6527521160987697,3.566312314382053,9.117949273043209,5.335032434715294,-3.891490055700052,9.736829538243185,-5.166992166076962,-1.0391691839663784,0.33149402578908965,-0.27965089709955604,-2.7142976307039715,4.822611670228787,1.4057245339934221,1.7705245431733276,3.3051312673985738,-4.5780536413252175,-4.261719559565326,-0.38033459794881186
0.18756024867468563,-1.234345319353482,4.221301596628019,7.293345086997569,8.677983597892915,1.6119976549598778,0.6400241526447903,12.133952122633152,1.3893011486716307,-2.2666112415098607,-1.3977536672777813,1.9736984332696061,5.763738817909721,4.2219146342170495,0.6102011100626819,4.102840655362546,-1.2975350222142104,9.719077119178005,-2.784649682065676,-3.382205503913746,-3.9380903679702497,2.362460232622378
2.3231129074471615,8.860748203729987,-0.34446985379758277,-3.8190543477807117,-0.6497926895558946,-0.8876083918065989,-0.6144027717740543,-1.458556999658993,-1.170571525374203,-5.648482690841155,9.810179862685372,2.709534779233921,3.567077932236877,2.304804775846666,-0.9865240701638631,1.3368223360503428,-4.651390926827518,-3.5793026047594823,-1.2701012953054074,-2.036167278425079,8.893657434919412,-0.6681327095416557
1.455740193358224,-1.5162224063221468,-1.3642839715422719,2.6125166954921997,2.3617146372150177,0.8905385353376786,-3.134411826577244,-0.6415670594830566,5.143716891446341,-1.7076270338786752,2.9783787101739305,6.9483688770275105,0.10858830350829518,-1.6385718570003394,-0.2189673001284016,10.324794419038927,-1.366654003838353,-3.7508916545779303,0.5293104266572792,-3.0498027001823975,-3.2444513873804794,11.781477070564568
12.399556618750768,3.266781860761197,-2.579658946492728,8.774565397077849,-1.3684417085163865,-0.8555478483485257,1.1660137203054743,1.4372943827480278,7.57705521373758,9.143297469086091,-1.195845954418287,1.7524589670210438,-0.7094261294801211,-2.2777483917515,7.669934335953006,7.25516356312201,1.2335019034257393,9.585497202059361,0.3476048232862697,-0.13308182127412196,1.7174811915532822,8.899148598688214
-1.118586432008979,2.300049134948776,0.6515391285634248,-1.0436952878147931,5.072231499235781,-0.8802459244665424,3.9517979039542817,-6.202333869241362,-0.24010389733938406,1.2226421949351387,2.97926032632207,5.761717791114727,-0.22461355621361864,-2.403882436658624,1.7412242104495208,8.368003138638667,5.573427247535144,0.3280163617164429,9.73267987212725,3.405716738996743,2.37248766629457,1.3746054341006864
2.7384220370927803,5.585213816819745,4.211253538584458,-0.1586910262141313,3.9267010953907757,-0.6358368467855884,1.6604910284069585,4.50968236608953,4.0151107598915985,12.306501522639994,4.687487120421109,1.3997775875825424,9.853976705044833,7.616460093834186,9.62139007239111,4.763658566121997,8.270120490525441,4.483629732373678,0.7081267385733291,0.44748947473404965,-1.5269019475766008,0.6944356863390564
1.5193014947469996,1.757651928868903,-3.34410665362189,-0.11277287530483354,2.3648950962853057,12.064046531843548,3.6497355282138497,-1.0664425045049652,-4.681511323515865,-2.761498404977069,-3.3231269271835764,5.994438859298586,-4.1362564098129235,3.4654891282663662,4.593717682043367,5.063647021079554,-5.127257284908224,-4.451974131630902,10.048474905895883,0.06076629450965009,-1.4054335487884388,-0.929443491214133
6.639194222580272,0.9374681321615395,8.538482719156168,6.419389209019095,0.3737004387031028,1.265712943415214,-4.06272997116842,3.3302513124326287,-1.8454626994230743,6.421962654124484,-1.8261065798184517,0.7247350828952211,-3.7061157637691595,-2.0543292007879317,1.6700407541738582,-1.8376054698394138,-0.024413527422912862,0.4368717416480308,-4.767115460802901,5.5096490854136455,1.0230848868934452,1.7918656613156427
-1.304676629483031,-0.008963859475206379,5.165541781485614,1.4387428626494878,-2.5936192981584885,2.675369294122677,2.038969445509249,-0.47037548480560154,9.881176892697335,10.275949267155827,9.712741963449675,-0.24821479289858667,-2.712537169537782,4.470622083308398,5.798063884073019,-0.5200378696125642,7.439944227238125,-4.726335799476184,10.189402139509207,0.7908405109161849,5.216205224142949,-1.5591646403976693
2.569610637563461,-1.45725246228399,-0.6374886226779676,9.619922968606241,3.684282188407191,-0.11996009310493615,0.6602461052780645,-4.280678358509749,2.986746419518862,-6.1777563957294,2.3022749759810353,-2.2808935181957564,-1.678274059530083,2.943543713558794,1.619691527374491,-1.2756744263381798,-1.597896375143115,11.785254143673763,0.684675444711559,-4.0877443565142,9.949992957141589,0.6173255237920298
-3.181112803354495,11.392752698348115,2.4863451265399386,0.8946580061316899,11.530759120695661,3.9491246856838145,-2.4375449941749108,12.357943231180426,-1.149325984412472,1.664496643721661,2.2288173390295296,-1.5718785379596336,3.3596351697741853,5.075099755718806,-3.995198850972557,-0.8432945690051628,-2.918887994500647,0.8240901898384008,-1.3600754185484774,-1.392513798413669,-0.6802978401933714,8.443337389012953
3.8047326048497228,-2.196902621599605,-1.9147335539373074,0.7168913565525352,-6.482670778132135,-5.213774381698943,6.104412201298642,7.143093156877466,12.062820474567037,-3.425727040966238,1.819873726505776,-1.493349902125848,-1.1781299728253383,2.408463373987564,-3.354947547938202,-0.05142024821198821,3.09925960940499,3.689285694163586,-6.159226303886823,-2.2579647564753516,-0.7825467765879599,-3.394728348468704
3.8434278589987336,2.553088666078105,4.102960803644588,5.107283967197908,-5.797633173742233,-1.958359048872379,2.1801833547776366,-6.388682132126125,5.831574900683241,13.219985358662747,-3.30878416806709,1.67313281648689,2.6331284239503896,-2.290220650283235,7.9329727007700095,3.2326410577227764,0.3914203001578159,0.3002988059890764,2.2492811480272805,8.358084117406348,-0.7545078303040696,-1.9694776375167788
