script/wind100m.json
{"header": {"parameterCategory": 2, "parameterNumber": 3, "lo1": 3.000054539987559, "la1": 64.9999836372058, "dx": 0.5, "dy": 0.25, "nx": 34, "ny": 52, "refTime": "2025-11-24T23:00:00.000Z"}, "data":
[rows 0 to 24 of 52, columns 0 to 33 of 34]
-8.782574453488056,-8.83465620566522,-8.544779663984055,-8.151223663495541,-7.7253823172391165,-7.121773066863564,-5.560524443863481,-4.6181694747661535,-7.152017771974321,-5.226350660486308,-1.2139548745419944,-1.6227032878087666,0.20495458315683382,0.9692655394857084,2.148682707961441,3.6741386942247782,6.729625619345741,5.836899646343842,3.798518375722507,3.217111727156028,-0.7823539749539725,0.5086851035885991,-0.7769306455151087,-0.5726201285701051,-2.085123930055796,1.4439841599509882,0.680575422078631,-0.7562900299588698,-1.0975837449398864,-2.0594329920009478,-3.194510091216462,-3.193093250101452,-2.474585480794314,-2.984142958272844
-8.919398679922297,-8.81676784239871,-8.809563338013675,-8.832355642177243,-8.072239466862287,-5.661679244940837,-6.0836415919497115,1.0083270392635406,-0.6044484954041043,-1.1263231728193972,-1.4289849511866313,-0.4652262240354194,0.67624034269147,0.6198925980129198,2.898026976112564,3.338528126417067,4.226125012804968,2.7054998002892945,1.4259303471028706,-1.4432704413986954,0.6613096887313565,0.6132388478602331,0.8405634863502984,-3.1478291961852025,-0.5478548796821477,-0.8859202923415507,0.3943408618163333,-1.010452793311436,-0.92214882985909,-3.4977990379727317,-3.7444774236211242,-3.87079561117491,-3.2860788689375107,-4.809772297925112
-9.414526117689451,-8.702754260989927,-5.794316104322314,-6.785342071528932,-6.620193364225045,-6.869153514083498,-5.5893628935700495,-2.0682794137105183,-3.302403915974354,-2.9777700151606754,-1.4820715867055927,-0.07195297789822878,0.04681112181263013,1.8444732333356078,1.931898082506855,1.8503619938118976,1.9519878339044239,3.3507119226402278,-0.7385178473795031,0.05381829746930602,0.8662279820917849,1.3816970746476749,-0.32228467937188215,-2.8271919719190546,-1.1696718522720717,-0.08930377826536223,-0.47715813526327205,-1.564685551773737,-2.85071637570187,-4.201526750158631,-5.819712886725572,-4.57126908698308,-4.396700178880867,-4.147930851903312
-5.167624728733118,-7.613123301720264,-9.575630595554872,-6.121926705800447,-5.155876884625902,-0.93696700468825,-1.736228770272272,-1.3341731335832872,-2.1415085857411627,-1.5609863478322263,-0.5903382885425276,-0.9057593111193312,0.42623613320162584,0.5203091424853866,0.8577935817424529,0.30319015733651444,0.7398348902192837,1.3479998679586664,0.0430372686020763,-0.20834527804692857,1.856905405023789,0.7777585987344673,-2.912999696755069,-0.9704030226129676,-1.2308268277601113,-1.446352306453989,-0.8191794921146482,-2.5471588497642395,-3.18916886540434,-2.8581002319982454,-4.012157690736004,-6.303924769295852,-6.8503705124536785,-7.213131953229094
-9.874967855788721,-9.48758075950126,-9.161396209147314,-5.509653657442373,-3.52033454414493,-3.2272115921454456,-2.0104764303657388,-4.062918868272375,-1.8199612129393627,-1.8969229774748466,-1.4700148304176064,-0.5513583093460198,0.10564673025807592,0.5737579252972108,1.060741528313308,0.8060647083101976,1.1356686981411885,-0.9335300378333482,0.011217014243553149,-0.22993391390587262,0.33770391323415394,-2.286351487036408,-1.0537821754684351,-1.9509386701714724,-2.3649375740399736,-2.0869827923011077,-3.9581867038475727,-3.777588149818904,-5.476652634591021,-3.9428259255694678,-5.404059546531834,-7.97203857961423,-6.868656096076786,-7.555851307995764
-7.884046375022906,-4.767183509491639,-2.7262740083045265,-2.2145862380198555,-5.421262071602044,-6.752560691016569,-2.8933338372213213,-2.736618110878469,-2.598630085586646,-1.8813900926547,-0.6875649679263853,1.84633982533468,-0.4721408017645037,2.222721580681426,1.2422895775242129,1.0193979865817133,-1.6287496616429722,0.44604691700855414,-1.08158380489138,0.9984495036450285,0.5365021711031943,-0.4521481547495522,-1.6810976065423244,-1.343661130782239,-0.6382019383732397,-2.153980475463094,-1.8682394240188316,-3.6392790804501463,-2.498880534277576,-7.4100280931119675,-7.57610010686396,-4.829957027002392,-4.1483524203178614,-5.332735555621549
-8.274798240714343,-8.387957414767206,-4.372670195954103,-7.201318718885105,-3.332880785679705,-3.0931945442028366,-3.3539663431818174,-3.0739816770091615,-2.276182953809596,2.3319003408938856,0.6989226008608699,1.5385415973053906,2.38647636334081,1.446846635781096,0.29525353218666,-0.6605141803615756,-0.3783728557898466,0.7316381074686096,-1.4434842548582187,-0.237708135819557,0.5185295967979878,-0.29762786775039674,-0.9316462744937364,-0.6524106410869598,-2.4500058262204463,-2.415517009066722,-3.434920940428672,-4.539865141249988,-4.304263568297596,-4.355278481996208,-3.923313296203602,-2.780664012157636,-4.786405207885384,-4.152499046604938
-4.677692488300412,-5.123634750277225,-4.291163202347845,-3.9991966188321877,-4.049909349764786,-4.130853307306445,-3.662229064114028,-3.6626209642057757,-0.6753261346938431,-0.4705671760957289,0.4192494049829456,2.2038322857950647,1.1628271382052575,0.3543836475351992,0.3109460241143797,-0.3101846961314081,0.5354312668315194,-1.904790687386553,-2.3349490484299995,-0.5463561450129886,-1.5248176515603447,-0.47747358845487303,-0.8441604483090206,-1.4637903382807578,-1.356004928729495,-2.386860928147188,-4.521066618684912,-6.059306249569492,-3.9829078009506347,-6.223637326489391,-7.367368534893736,-2.452453236394524,-4.469452347958143,-5.607134437113281
-4.934128302435926,-4.6990164472753895,-4.517645396480513,-5.017376662358784,-4.87964932398729,-4.549986829882264,-3.796328925519269,-1.7580943565765035,-0.11583067681740095,0.10681945272452306,0.5891293666429623,-0.7320839036298414,0.4442347481487642,1.1355156618342541,-1.191492057250394,-1.6784393294221536,-2.6951611279893792,-2.5521714979121,-1.8396577034282484,-4.003043427491083,-3.1299933036947127,-3.2135995806260067,-0.7125798311553438,-1.355936075661129,-1.518350631883037,-2.532023765289102,-2.7079769405347065,-2.8915154460404366,-2.4116413382510715,-1.9498602559175087,-4.673249175105163,-3.2073192435808684,-6.450132525816414,-6.277967694209005
-4.815184881721953,-5.3930712873365065,-5.77255849050044,-5.718491100197696,-5.514369702884168,-4.916510401200233,-0.757698140182532,-1.212477129337955,-0.5615547835355922,-2.1725544195412305,-1.824643493311344,0.24363734913809046,-1.4919101555732666,1.3107199370780405,-0.7160396523515294,-2.0700017908640373,-2.660089755144181,-3.4273584401886983,-5.22431597460312,-4.872790607621795,-1.066961954937551,-0.1950528984304425,-0.003547924913048481,-1.536077847587276,-1.3090824625845243,-1.9861467299442266,-1.9398939624709526,-4.016679963570149,-4.620677552809571,-5.498305189540188,-4.461858378825874,-5.014859632067339,-7.3074490110848735,-7.426136569422904
-6.280910706445377,-6.569083116814024,-6.809067930893423,-6.521231727774314,-3.4659463839353544,-2.5232380449710354,-0.4694879333664075,-0.534060612057637,-3.522407147943962,0.3935834745718526,-1.266087539375091,0.14726789208158092,0.42059694650324714,-1.6563766647259854,-1.5128317980880972,-3.3134425143276824,-3.569071603417136,-2.2475414001535077,-3.3854302713336804,0.20393988417011563,-1.0374828310139277,-1.0838424209957886,-1.5452347266913846,-1.6750015290119686,-2.559798421787594,-1.7429908803038476,-0.7354708251856961,-3.0676320081523265,-2.608649911172602,-2.8542254227067,-5.899485313506945,-6.216719511788384,-6.792985176588812,-7.325752818868388
-7.25781833224591,-7.581042719738875,-7.482949977151404,-3.7678112843419647,-3.317728526587821,-2.7439686866574617,-7.572626097925152,-2.3632703509806885,-1.304166400722731,-2.542871982566876,0.9566123690525221,-2.4162667881750988,-3.0891677860663034,-0.2010018041767466,-4.616075353313681,-3.001813040649346,-3.2650543993943684,-4.761305526611031,-2.125500490510386,-1.2434450161502995,-1.8471205517925806,-0.44946319957029773,-1.2553421341109934,-2.5510036623448547,-2.7317926938391754,-2.266849012531386,-2.5924543558385493,-3.3036114176290288,-3.0120638857975166,-3.360931884366001,-5.7121609202279435,-6.166021929370003,-6.4965471439784634,-6.685390786268149
-8.066874798059034,-8.639824062487188,-5.882221841587761,-5.511311152746833,-5.049014920225884,-2.507933155732219,-4.483371900203593,-4.276865227577248,-1.7878703085284087,-0.5748199543738973,0.49720207847713355,-3.5991993737865537,-3.959295165615822,-1.5594934499413826,-2.6357257414288267,-0.9410684252023744,-4.099083490307295,-2.974693608398419,-1.4253831956147847,-3.889929310575834,-2.280294982841725,-0.39314052524217336,-2.3667653230192753,-1.139375952742672,-3.0138631613012232,-1.8175379852718467,-2.188081894503526,-2.4491324692567056,-1.9010528081366138,-4.717939296159034,-5.937548014529474,-6.375301053298921,-6.857769012297293,-7.138876714697825
-9.026158121218701,-8.948856468691156,-7.203294858963817,-8.499893149989138,-3.6247409530462904,-5.528375471808891,-3.4723952772478515,-1.9431265186702982,0.8331613135938762,-1.9233718078317958,-1.4835399191544172,-0.7761701299055874,-2.498499708708307,-0.8388828101825861,-3.840905505495552,-1.7228576560380817,-5.086461132933729,-0.4690909288991026,-2.168883706770454,-1.4258762627728685,0.2275331300848772,-1.2398949323681863,-1.5419010664404542,-1.7129355181912038,-2.2961522369928846,-2.589927375048374,-1.8128431701568726,-0.7898024297658162,-2.4242125158787293,-5.54462595942671,-6.506418485661721,-6.927065082634549,-6.872818718377582,-7.305054016028319
-9.9063569116394,-8.199998262248428,-9.8708979500761,-9.98874953343608,-0.7594569338352752,-1.4618305320917038,-0.7421784696460354,-0.5552309104089136,-1.0428047407466192,-1.0668498238053505,-1.2144173394383024,-0.7201054735252269,-2.383775136217857,-0.7760643027158581,-1.8249561808899633,-2.542056184437342,-4.211019191852795,-2.9720190620316695,-3.2379752932279295,-3.359477980898256,-3.5835444587666423,-0.6312366737030904,-2.1330676283940835,-1.9056432692585603,-3.8332193378303296,-2.34693980346051,-1.9495408997118697,-1.245239579244618,-3.0513019950696956,-6.199154033626887,-6.877707931653596,-7.034476384626731,-7.141258749798135,-7.313055580716218
-8.8746130226308,-10.316784375667455,-12.056009877458397,-7.062600321857862,-2.122268132440774,-1.806366132468016,0.48164426372786034,0.12186317996185063,-1.1410328643674943,-0.5965208203352638,1.4087887485540458,-1.0438842673012296,-2.565106378287353,-3.3966419162764527,-1.8951511178983844,-1.9725692550322302,-4.072646544937359,-3.664617187927511,-3.018835138164664,-3.2197206817382518,-0.8806944545642593,-0.8142267409607495,-2.8682604813422494,-2.315768663784614,-4.700573839410138,-2.5426784101108018,-0.25865026872781294,0.2514099254949271,-2.5043151838497675,-6.122599001498693,-6.143266285098456,-6.59849233544225,-7.2093436948982275,-7.5682119119255
-9.980640411782131,-11.715081829932705,-9.639386081796575,-5.340985265005946,-1.4110671979316216,-1.0945692666151958,-1.3474116097044786,-0.7306183945827945,-0.9017592519286396,0.17495275531054924,0.4691947651083014,-2.6712414568986915,-1.1567696480420997,-2.3453523323334053,-1.8011867757350313,-2.477483892141136,-3.494209116758798,-2.5920452330774815,-2.943242821271987,-2.0156163130816718,-2.44313670790075,-1.4078321409211283,-2.524830483811067,0.14993111013024976,-2.9013071521077443,1.178469695706218,0.9042204035907953,0.27435091833689806,-2.6632479568412633,-5.279554861972155,-5.459043326747687,-5.95128043292562,-6.9852762191930395,-7.723486330315933
-11.262911337823173,-10.973730588352502,-5.304654850976876,-2.763653339735471,-2.0093116286616475,0.27236269451142503,0.12391378198847797,-1.7387346260252783,-1.6588273401452973,0.007187212717337584,-1.1681599642682632,-1.4165243929097384,-1.7516720039412552,-1.6690701323559218,-1.8874817313572805,-1.791131144976505,-1.7251607268414064,-1.613379649647205,-3.0214466719744038,-2.179666511868993,-1.3361146677879607,-1.802957237326608,-1.3454734033772395,-1.272894282763788,0.6171742317218681,0.3010006923969249,2.070806538691384,-1.0175865420286454,-3.778919431513353,-4.950289989708618,-5.580575573256119,-6.134258457898591,-6.185349784082109,-7.642580275441269
-11.72924333705801,-9.084891627768586,-2.7513546776927855,-1.1258905289425338,-2.1544376021886142,-1.3804827479677793,-1.6431388139848109,-0.9497505135510443,2.3264506559109437,-1.092612396393353,0.3789259856573766,-1.2675029967144444,-1.1273622683380746,-1.6352401863677795,-2.9348952009219857,-2.934898605904978,-3.0813840863350097,-4.845008076829019,-0.9415398589342079,-0.6810484535738668,-0.34542683564678756,-0.23172193127637788,0.05757151125734982,-1.170373806928634,0.17800097828077233,-0.2578867844448073,0.36643046263111934,-2.2233164254207742,-4.771821950725916,-4.99591986865803,-4.653539528426052,-5.079159170373456,-6.338359054401307,-6.532892511193704
-10.344868659361575,-7.111445233390401,-2.2973451648390095,-1.9767014635778313,-2.276721770436565,-0.43397526682072846,-1.889236314874024,-0.2454697393657324,2.6319901559229497,1.3077029027015408,-0.830075841632213,-1.8693170683860085,-1.3286144240890212,-2.403506164203544,-3.2343603439972672,-2.844685525155896,-1.8704526364591159,-0.43365369843694357,-0.3964657592941146,-0.6188802335588588,-1.1323944131457195,-0.643665424809684,-0.14263837058465234,-0.6822766179221358,-2.0976322390129347,-1.8582467100222588,-0.6783238067001354,-2.8951638686085635,-3.8726717364880914,-5.639429677602038,-5.059702912887167,-4.821371241976131,-5.186666345034264,-4.980151213145717
-8.251375246876359,-3.027975933847531,-2.5161963199173467,-2.4133215115580495,-1.2658265777153015,0.2561089459087272,0.5799766483044528,-1.4839493666619998,-1.118928206067951,-0.6312348559432572,-1.654051953932879,-1.060206965470543,-2.9371695489939786,-1.9505804596004312,-0.21844823954735934,-3.805439111342537,-1.5553416873887567,-0.3646647076949455,-1.1290970314000828,0.4001925446079488,-0.6819645734364134,-1.7962739980542535,-1.2006925202642398,-1.237277974479804,-2.4541566125027834,-2.3941802699775705,-2.2567356619202075,-1.3598468016416008,-1.4770242045596955,-2.6241994991956337,-4.6937238827426455,-6.209758675155046,-4.624749960824775,-4.752440952357334
-4.294350327353716,-3.89789916260301,-2.2916241853399395,-0.4731987875350349,0.8836334614376455,-0.6574779827839776,-1.248302173272477,-2.228307106336834,-1.1359622436209895,0.17648539604749391,-4.420081374799099,-4.0988470217772575,-4.893249023694279,-3.362926508125777,0.07464029493241915,-3.7912953112247756,-2.2947529963169133,-1.2011548829077272,-0.9358039225906694,-1.0156585263831501,-1.6530958052480773,-2.3786283754182307,-2.334446093922544,-2.9095943655992533,-1.6579604671463717,-3.092755914967742,-3.1073932439970338,-3.124279844146101,-1.2979109276246075,-2.0567009493634196,-4.117193484468602,-5.957250133102718,-6.135560809785559,-4.8416031919255245
-3.6470835987571184,-2.6322974443079263,0.3723503165439843,-0.32063978768196694,1.3375004167232867,0.06512851712541337,-1.1710619518119538,-3.923085849232092,-1.77337354189248,-1.4338558116679927,-2.1364779285356494,-3.3571981090203424,-6.460961395890314,-3.790915570038977,-3.978797920219327,-3.57468856659357,-2.8833982406933862,-1.906151481609901,-2.1863267131963395,-1.7597148973161478,-2.1060856714428673,-1.1460875432387823,-1.455555337812116,-1.3872848308449648,-1.4208857398885717,-3.183474215506222,-4.4849125497252444,-4.026581230301095,-2.6180634323726513,-2.736124172712543,-3.149017756708305,-2.7044573943679513,-2.8823224498411806,-4.655080800940204
-2.6752980703201383,-1.7842796333370683,0.5833168535962934,-0.6500318971602238,0.7909453159149288,-0.7697816964843983,-0.9680682395245646,-0.8274036366373961,-3.31648474674035,-2.5982964781264193,-2.019896521637533,-1.1754372932859993,-3.367840920784829,-3.270629109874504,-5.144203818926954,-3.77556526839904,-4.201477490637185,-2.975072634554033,-2.1958547640123807,-1.0900606173117364,-2.3488457795346482,-2.0602537890154826,-2.797329218096037,-2.802658096337006,-2.63193702131837,-1.2623316148643207,-2.398948420941489,-3.0397149099001517,-2.757752530130136,-2.7221571970269394,-4.202575238291211,-4.885334066302287,-4.276095057964733,-3.821617681595535
1.0670867485091882,-1.6289979755696804,-1.3419099552453748,-0.7804705558360865,-0.6998228372624778,0.5302786894961975,-0.16203003606168592,-3.0708847076908623,-2.37421502584599,-4.080924571681383,-4.0687313627897455,-3.1876221199257713,-4.729794632984491,-5.926638672850711,-6.118526764645539,-3.365654622577214,-3.6742867642767276,-2.401887144477254,-2.616701578013629,-2.6916859875397883,-1.273242309310536,-1.1108848666071092,-0.9455447094678603,-2.4912490632036115,-2.968268188351457,-1.739063613381244,-1.349048969614468,-3.1737961678372835,-3.6140511025193405,-3.40993418407268,-3.8799066127480417,-3.4088618345614337,-3.887694526913317,-4.07082084788357
