script/wind10m.json
{"header": {"parameterCategory": 2, "parameterNumber": 2, "lo1": 6.000027932988019, "la1": 58.9999434238085, "dx": 0.5, "dy": 0.25, "nx": 22, "ny": 24, "refTime": "2024-05-27T21:00:00.000Z"}, "data":
[rows 0 to 23 of 24, columns 0 to 21 of 22]
0.6328756046166836,-4.469973827474881,0.37556702543190773,1.1912945443739,0.8682882759013875,-0.7028962645535146,-0.16055944547216786,0.4524267588240033,2.4966471551009284,2.5166288996915442,1.6694839702850117,0.3751811932204673,0.9380313504590674,0.1698198925310623,-1.3770298651293778,-2.232043567555067,-0.5544467239667019,0.03731347500988177,-0.42541007227416094,-0.6279044642182652,-1.0975385132385471,-1.5630443912022678
-2.117126029314267,-0.6802072994280688,-0.4984119065341148,1.0048150453802958,1.51651421327354,0.4128113313835648,0.6449858779320068,5.392343047903988,4.887607687061732,2.9512509025543707,2.1360704715974816,0.4716504476466359,1.1576446612340907,0.41303402028150105,-1.005975957287892,-1.5486189045349203,-0.9567360243377299,-0.29313540429892077,-1.155310708507381,-1.3103075558725914,-1.0518235874083324,-1.1263479471390558
-1.0779023460872057,-0.8408570153742357,-0.5532228161376688,0.4905500659954698,1.1339528695280885,1.1405189741249528,4.452695591660696,5.798643342291029,5.763660705456797,3.6099543941004373,1.9836804467456708,-0.16676677082621313,1.3296083030246029,2.5673354127924535,-1.0626242934410546,-0.7716837054242001,-0.9689878957690506,1.0587846797784564,-2.143232696713195,-1.1834282830261762,0.4398413361401078,-1.6881434520638483
-0.9556206023687359,-1.113841984198269,-0.5369998924874074,0.10695527427636743,0.46536071136925905,4.006198529532284,5.218492814972353,5.694803136081595,5.506384815831213,3.648925990796895,2.7398868048222442,0.45283116612385255,0.9090186316557197,0.33876096635182523,-1.253808221698232,-0.1460528255811164,-1.2152413358155791,-1.248334657926174,0.16840088910276038,-1.287176084978255,0.36789378809001105,-1.1403784370044117
-0.8145396877556662,-0.2559087093028285,0.7848355142857766,1.0217451177209405,4.004797274283737,5.344651752026615,5.004175929950055,5.734163812583454,3.7793194435980513,3.1748452941218788,2.4031352844703937,-0.5982022284042968,0.8274453063033083,-0.039314271777956156,-0.8183684340157674,-0.4674695650197281,0.31649948239425724,-1.2802672078523132,-1.2225571814410228,0.08065441091901,-1.3566795750375775,-1.0700401188908233
-1.9185178427035772,0.1137727736666744,1.144450967746985,1.8230388283462013,3.347759387093902,3.8958327487180813,5.1288957030083075,5.719794133926039,3.208675338527066,1.3403104918626,2.000378403420597,-0.18077610688775608,0.12693463064237673,-0.4057385495379653,-0.8895293280408524,-0.857833763295753,0.5391285309735874,-0.7939950157937414,-1.0388017510842291,0.08590780836572796,-1.6361063978369086,-1.257613523645579
-1.9815572616168986,-0.2847314044288956,1.2123928823422514,0.40044745419207567,2.34934698695604,3.6566304691611866,4.417937467516412,5.98675004228516,0.9510845355598113,0.9533127142992678,0.6979351733657745,-1.7429402133353988,0.6555399102858579,-0.3818226253544696,-0.7442948183336521,-0.594866010943114,0.42431177252566205,-0.7504813167599784,-1.0780058731900446,-0.3565863293631424,-1.0344312925991548,0.7345574231250209
0.4779341620414366,-0.2561140957602542,1.6664697001196291,0.9573195796747168,1.6276226703171286,2.6470630902789027,3.8108569979021105,2.3327283973890816,-0.9076589366261977,-1.2281618633578175,-0.6739782352329335,-0.48451417207881525,-1.087988241545931,-0.4642969324519639,-0.5289545817847995,0.17084178142229672,1.7136145008059636,-0.2815068302425745,0.2002266176963994,-0.5815164124602971,-0.631853331349512,-2.2877610027333373
1.7784900083101913,1.6289409456760138,0.8010715455610329,0.3895469358781753,1.6523941115373162,0.7243445632610223,3.531988049092895,-0.08137970919382846,0.7438193006959688,-3.0833090064295643,-3.2813806125358336,0.9665742622888553,-2.32067863056706,-0.9614427641613126,-0.6919219019034968,0.1784153497771462,0.869777329330187,-0.15285998145723975,0.24969388283696078,1.0244636504015874,-0.4112511977553181,1.8825268663594081
2.9609323234398066,1.6837222490232948,0.7895678414027653,1.4276826435870318,1.2352558858321643,0.18550636832708223,1.612843200638462,1.0617670705255544,-0.4844125650474792,-0.9506855917490842,-0.730994449869258,0.8442569396901332,-0.5190796705178078,-1.4458067616273276,-1.5705516231421688,1.4256649161949966,-1.1861087643767878,0.4833827283411921,0.3040090670367054,0.8898869019941811,-0.9873739829338707,0.8302885214795095
3.4266342343934855,2.650314866491629,1.3960198921216413,1.0141462384174014,2.06704212274499,-0.6025228516073847,-0.4337323470087288,1.3437351852723598,0.5209453950314239,-0.1951332310524585,2.1933294699907004,1.6761722952211928,-1.2991637243578706,-0.5526283423822284,-1.921305457655489,0.5198948729368912,-0.7750736126097081,0.2890783308141794,0.11876627017392953,0.6610104775321819,-0.8568287995423314,0.3770190652654644
2.824364128929958,3.217832175112717,0.9879308007791303,1.8267051530127478,2.0960802094871,-0.387978504266958,-0.39965092617439774,1.1673802614268598,1.0723185468775798,-0.1336891741852234,0.25207628418050304,0.7340801490923532,-2.4715342097690356,-1.7414418121928648,-0.24433079734974286,-0.2982415419027012,-0.9441642828676051,0.09886311977715548,0.5933849539180706,-0.7621501875610224,0.37772505599500816,0.47797941414669337
2.8794342202046788,3.31765522907172,1.842861640063743,2.010737484858243,2.1672874040047043,-0.6383640391682895,-0.1534713263265554,0.6797842643860724,0.41556392370311324,1.1504343786043185,-1.1921514780882283,-1.6967815047488983,-1.6357673691931605,-0.422319949302293,-0.2828214289829073,-0.28307674457347304,0.7225316368351413,2.5708451119884645,-0.9303093487133315,1.3032128879750564,-0.5786419838537618,1.5551058517008851
3.0689907168562787,2.7645986475177717,2.0879935816288304,1.3937207737493102,1.7888580605260793,-0.3908619438993788,-0.9247458403519473,0.31686191332452873,2.330466774834624,2.082641139053151,0.29879963358364364,-0.1169905544155579,-1.6445655629634535,-0.2681317776759803,-1.289203613151042,-0.020206484870908707,1.083496184267548,-1.4665796872068966,-1.7417130773710447,0.13108572037250865,-0.44603108395032937,2.768737656063025
2.3290876140359287,2.7124635921208156,2.2081546830092997,0.9120108685265357,1.6128966393181448,0.24707252035437302,0.02790455037655719,0.5603259679406103,1.8608859610014403,1.0280093018163297,-1.8187699382756164,-0.9763847447755486,0.039160040455914785,-3.0062755558064382,-1.355691191044924,0.2584457728893679,-0.7144080512002849,-2.225058876107883,0.5453239227570085,-0.1317380230737363,1.4770210546827292,-1.3378381849028003
2.4453769085066224,2.3090656537935588,2.35895104833483,1.6875059844955569,1.084729338558878,1.648188683088974,0.1295216779162397,-0.4727260491856941,1.1602293951112537,1.7529489900819537,-0.3992150523790174,-0.12783237400880054,-1.197029569234602,-2.392858806165071,0.1653732893653995,-3.465347790258674,-2.2493974499095906,-1.5271805162814789,-2.282730565014473,-0.5849937856010755,-1.857736664648243,-2.567194192566131
2.2154359638824577,1.2292218584934032,2.3280918433722624,1.1985419795657823,1.1426898878611984,1.4547438378089605,-0.3641098124359973,-0.47595844743323235,2.9989964076396025,0.8135233540376613,0.7080699880623071,-0.5462559487551095,-1.5562996356242154,-1.4033640405902377,-1.2711859069758706,-3.1169704689021693,-3.623586638815668,-3.4114334149925365,-1.7008135473484534,-2.7051512269701794,-3.2940981549562167,-1.16302441182871
1.5961072737034452,0.7708639096119124,1.243877239330488,1.2928595671791707,1.2528466168291095,0.28829856561466066,-0.634250502986144,0.08256480126275066,0.41500815059800145,0.7466563636950302,0.5402904208688187,-1.8471607173731448,-0.7355173805986597,-1.7593581190941896,-1.1492563040788641,-1.1714877991814223,-4.538644837362363,-3.9938418054266904,-2.8773586936680635,-5.252132293071579,-5.801854838145796,1.096860808934626
1.0009268893685745,0.4869925386853283,0.9202479604867368,0.633484625222882,0.47701999803691336,-0.8481987369883325,-0.7463567583327743,-0.2452502388507798,1.1168133089886636,0.1483796722898445,-1.905781599196666,-2.9658793044270237,-2.2094109564093,-2.183650081173432,-0.8818102513215621,-2.874928852017018,-6.018267577664686,-4.47856270935362,-4.391549274204336,-5.437939955878834,-5.692418547287146,-1.0116522324508392
-0.024034536309908944,-0.2202362586423201,-0.25838275682418,0.35924773620187017,-0.4843354771960194,-2.4261052476930405,-0.7376996039029117,0.3756086527154382,-0.26853874399172306,-0.11987474885786836,-1.8333245338262845,-3.2637592691153796,-2.46640553531592,-0.972730388481566,-0.5706538365251835,-3.684279638136905,-4.9781555615688085,-5.080203958827654,-5.653098061800752,-6.858693216911241,-2.5785713309487113,0.10699995105409081
-0.022099443079762908,-2.1462905643316526,-0.12347652859148865,-0.48911326425254925,-0.16177606653029877,-2.209810487780621,-0.9763166185924056,-0.7333942687010445,-1.3486890511210885,-0.743632967415177,-2.8707076844128445,-1.3543452181795856,-1.306383907497164,-1.201553586028455,0.2948359445896945,-1.8315239503363294,-2.2754853735678964,-2.4973498357876385,-1.0425112699689438,-4.096635871283795,0.6978066614362323,-1.1869029953985977
-0.7601849404490605,-2.0206420343279587,-1.075759567017804,-0.46005840624967714,-1.1136947855228179,-2.1721481997874177,-1.2093572225414304,-0.19641788225051698,-1.2839880981684388,-2.8964184205134544,-2.146129323630381,-2.309243261816359,-1.643629160781058,-0.625670356622687,-0.8806007513671761,-1.4624690889078786,-2.4434862859814044,-3.493026316806505,-2.3819248155097474,-2.804468158504492,-0.5512439891015897,0.873105269552106
-0.8459477025876435,2.3930409047119867,0.81545983512265,-0.25584028864618225,0.7378147698396976,-0.6299697175876802,-0.3681213897917676,-0.828212737123324,-3.4993939650670693,-2.4937082841851863,-1.6617122330341583,-1.1720790662742573,-2.6273567231570287,-1.1910235803469138,-0.39427869017516454,-1.1773728912690853,-2.1197872385097436,-1.096515578774604,-3.506633233912837,-2.761033371171291,-0.06494661927594764,-0.9597144270092375
0.03436452071773649,-0.030187466629587923,1.9968804819912422,-1.1792628190922025,0.11041028235888642,-1.7048203554426429,1.7641144933043649,-0.7911053707182548,-0.8984042509919212,-2.2916856749783743,-1.662453826214428,-1.708262671667867,-1.7550489527371154,-1.4649587499469658,-1.2796429138697267,-0.22361588040885239,-1.538638363054306,-2.194854728546337,-2.6037341234524227,-2.3007524377581796,-0.9200303289910582,-1.4304962361836204
