script/wind50m.json
{"header": {"parameterCategory": 2, "parameterNumber": 3, "lo1": 6.000198445256149, "la1": 58.999992894266676, "dx": 0.5, "dy": 0.25, "nx": 22, "ny": 24, "refTime": "2024-03-02T03:00:00.000Z"}, "data":
[rows 0 to 23 of 24, columns 0 to 21 of 22]
2.45085483063583,2.958268665209713,2.962392007968794,4.498581028053004,3.897800393307241,3.1728439655495437,2.622241578067951,6.89001470707497,9.015454275071486,0.6396707833834852,-0.5785758519230474,0.1644548214090272,-0.1683010343838042,0.8821277731862798,-0.5479441647587193,-0.9971424525302838,1.9362106037757998,1.7977132627292018,2.9341773028865776,-0.1468765873939401,0.7625826241120379,-3.972593941651159
2.1847607241781417,3.468033357046903,3.3723986409390903,5.289003987763933,4.8086657028543565,6.005487434887415,3.1955612330486356,2.8500547339912465,0.8627676638400502,0.5138462122832477,6.816610785692325,0.7693163474823569,3.0531708618832742,-0.051818341228442075,-0.3304772010888986,0.15748618349925556,1.2836064716310636,4.136845441800861,2.1021110020771188,1.2635890987437906,0.9654041766528085,2.812434523244465
2.826144763986957,2.10298701216066,3.4085194950210527,5.767074338111615,7.9493628224296256,4.9610746541903135,10.129153978946764,7.524061523558875,7.122972661911071,7.048454659983373,1.4540973494228946,-1.610184974968053,3.0647320490871532,1.5810757563984785,4.480574022666391,-1.4334591622998274,0.36608884477896164,1.473663780891756,-0.7619788613215218,1.209432158832697,1.9453766490031217,-4.238917587541435
3.1465199349066495,3.0223537181761064,3.5953803479759414,6.677092149224712,8.506553212839485,7.974561172616781,4.839831096307716,5.031336145953044,0.9130686951257116,6.443644007695959,1.0951196812695672,3.8110869026946697,-0.2533048339680199,0.14423046508296153,1.120280286889128,-0.8246963915221653,1.9192964255763938,0.7794682517740815,-0.18025205484052045,-0.5170202884878702,1.4053543402276836,0.7484629069903683
1.8648843384652996,2.208626877263874,4.917327186102057,2.919515358305461,6.5017922359268265,5.748366415865284,4.347834386531886,8.37802122088178,7.398848951461117,3.628000401211568,3.392954368758759,1.940564308628784,1.8145740054453685,6.696461312609763,1.5865751185472046,-0.7213114270899709,3.532370370881446,0.45451291010197664,1.7469978145516587,2.0517253095900556,-1.4846945654328134,2.5171843171926103
1.6427230680740967,4.584332401013672,4.214176946755095,5.847324782195292,2.467945058748456,3.9641813722955415,9.412361104785953,6.850872017203285,1.5090302554837869,0.2580100883553238,0.8856329510976848,-0.11903199649815971,0.42342584592936655,4.766663166993132,1.2118743780270642,-0.2886959840377109,3.8131862002668844,3.4585184997548852,4.237318417875668,0.11808753164356282,-4.643150397798371,5.044904427518222
2.014975072382762,2.177399408534162,3.3088170505338166,4.255651310614502,4.015614579765879,5.331824253086344,6.631996641260184,2.651816987519695,7.3392261376887875,7.0142869673544315,6.231802958247851,7.442005458234405,6.416097132272332,0.7006997804483853,0.04807072265781928,-0.7714861032590373,-0.2136743655891691,1.7248904407472958,-0.7574823984818796,2.0140234750325208,1.4454818622461476,-3.9844223379118375
1.869591384850604,3.16884929592379,3.5722059793354473,2.1441654939020474,5.0832872575779575,6.743625735517054,4.020808345056884,8.516379820410899,1.6281072555717577,0.9891677217342044,1.444190470997053,1.6043928513397365,3.249124119094289,1.0737056989653475,2.3614786975627364,-1.496709231858717,-1.2656921787295057,3.9507097492474226,2.25230572674919,0.6149782638186698,0.15585093346293777,-0.6288752711289377
2.286452150307681,2.635426415667239,3.165327329767758,1.979866857811095,5.331149848300319,5.384252784043153,9.532086164275219,6.255783630572352,7.219935773837066,7.443959936073726,1.883249925766415,2.623793441789518,2.0329524719231737,0.9249236410784614,1.6720766814517016,-1.035347334031056,0.4051316610069505,4.215024306507693,1.4727168972749767,-0.2960712127206171,-1.7431789684073196,-4.277867271628612
2.7450722789883275,4.152958283710381,3.0272611780852756,3.9051591502345797,7.692873104285948,6.065844825799572,4.056032587625299,3.9172807935697134,7.6154143116028425,1.8676748079680683,6.3813169286369735,-0.08691968769524319,0.13483120776322785,1.7032150486477462,-0.2647054119868129,-0.8177406731247382,-0.6977081671774302,0.7338037344376706,3.0005931912406725,4.224583304020722,-0.07254412457893175,-0.3394869403175904
2.687443517832237,4.330446951915466,2.726975862468524,3.455094171008349,1.4881886798771182,6.495529165661792,3.3280255380379065,8.436413500210012,7.303400567480193,6.372670133352053,0.591000216484458,6.616358106483079,-0.08912869510937008,0.23907046910058352,-0.5198375788707498,0.22587235161006464,-2.087875615837105,0.6608317288871923,2.561268166337072,1.3939022663838876,3.4973732567405826,2.75507665511473
2.0266652775390206,3.991903390541522,3.4261719954905177,5.625848895919728,2.642897753118143,1.874965860024324,11.021161614667438,3.3387907773613272,8.131604815072414,1.4373623568611058,1.0439341978249905,2.671290380168299,5.75112378510637,7.585780012991079,0.056085385522210235,-1.0049091722423285,2.426896492950294,0.3502532622786545,-0.47567462755639645,0.5433219401073285,2.587373433350797,-2.2092090558882838
1.7076729497991665,2.1118277754819825,2.911403286016943,5.351620810377856,6.747372630500586,3.693620587839641,2.29949771377115,12.406863632656,2.231267039253515,7.762024298150768,6.240325713272249,-0.07473993380441496,0.6406769614218834,5.220174337364585,0.6443573963627108,0.9816118274546191,0.744029701675451,1.4811115871892468,2.810853701887779,3.1124761048961602,0.14008400225535017,2.575517894091251
1.4447205510084464,3.0527015241638145,4.744109897395906,7.148438073195212,8.184328402698476,7.512215877650935,3.076030411329955,3.0380967958402203,7.388076314179029,3.8566421207909882,0.7204021971087193,6.806814313718266,-0.43907175048100316,2.1716527962315793,0.39147446966059896,-0.6302300489512032,1.5502650117011751,2.181743033059761,2.2937615775622726,-0.42808284024347437,-2.3416995833561964,-2.2862105711007086
2.224193937249048,3.151298712030373,5.290229628925466,6.176808524450675,8.242536409482128,8.49977907817405,11.267528870161268,7.955855328973033,1.8290515536152545,0.2236546521868954,0.7676754957730237,0.7681379159175563,-1.8211854118144766,0.8992915983971265,-0.8212066808359361,-0.4742477561499991,1.0005732273377494,6.1549870909792075,1.6449285906917377,0.8361387911274019,1.1855435377762409,-0.08707069100007657
2.228033003663805,3.915277212994428,4.708950634588609,3.1755528310463625,1.9523700238806774,3.589573162703238,5.909761726405451,6.078981401543675,7.428265045975227,8.441074163258332,0.2315342873648087,0.8100503373205217,6.1883644548968695,0.5269533877622228,-0.8391897700169038,-0.7421275282815997,2.984273954800743,0.8831410215559332,-1.8465629510130934,3.8938837337752985,3.2291260863469344,-0.17620387397745904
2.2673858610086426,3.781585867687687,4.99653185510313,1.5105612943773492,2.830195073225724,3.299588162269829,6.425989164614089,4.704464797541188,2.5982356849611223,0.028396507741254136,0.03805275120335087,-0.10369327930326343,1.6126733256522825,1.921649653821255,5.031094115522935,1.8414646606778906,7.074883437660673,-1.00878164963441,2.4201234579309965,0.263083902537507,1.9155729612274888,0.2693387416332599
1.4539487063949879,4.520288548964264,6.182171576223007,4.506655632809993,4.780678542961015,6.41021402718169,8.03447609672923,8.004036412708052,7.249144710267806,7.001603557989021,8.311603671409575,6.660122025337547,0.29914485330368024,1.7555698166685225,4.443200601976594,2.2503543335613667,4.438230246042024,-0.40311367612245186,2.105690991710727,1.014912275064476,1.355686815383839,-4.180829412125994
1.5303182012314782,3.2593673481172716,2.710162806830276,3.834724574889249,5.188470370612051,2.8221152851503235,5.059498953731836,2.893633300494231,3.3101415008945887,3.340509394789252,0.7611245170943248,1.8327076363865236,1.4620853051386093,-0.8473497835063559,3.7506865016288233,1.2915496886137756,-0.3343268629778169,1.5829895408202939,1.8458317820593524,1.435946710253061,-4.5417312013783535,4.9032149774145894
2.886926754249828,3.84631837133429,2.8472211282182496,5.346343754132477,7.473429763480635,4.171918300191149,3.0662782893570237,7.61125827577819,6.584040347325766,0.14243139365236865,-0.8771150969452394,-0.6112399014282021,-0.14912255431356658,4.999966011715366,3.0212073046993,2.8813987781230788,-0.9981686599020825,3.511322035643856,-0.5323147613658407,-0.012929010818337644,1.4564021776453449,2.806257629709875
1.8150463119311226,2.020118942111079,2.1690801437555765,6.257565690445086,1.7865735714200186,3.3398253776962528,11.451247148859705,6.031990529071776,5.968662558628815,8.963253248300651,9.241607725730487,8.371686601613995,6.525293012388892,5.861464341475571,1.590580373413251,1.8997456283703944,-0.7530137184134726,1.4243647926943321,0.9361933342475025,-0.24917081145660083,2.0301686675213437,0.07190804158688308
2.5894653259589058,2.0134516569076726,2.6712947031959504,7.1865591254854735,4.115401674427331,8.666057403618423,5.773005596507704,5.45269081913364,7.129930176605785,0.7897603679624718,1.4836879746043536,2.0067073176150054,1.185905341050503,3.723476933322755,1.3460909062498394,1.321391995786664,2.263143417101343,0.47234015119729234,1.9926255201473133,1.066796657326056,0.9522559636823769,2.194562298483061
1.8316669308777913,2.40945739028675,3.1675256789005464,3.191746194114557,7.32794379342905,5.144822183236655,4.2970681306915175,7.282753939336876,3.190450260799429,8.918682354155209,-1.0048941667814915,2.092444580009302,-0.0907290220797152,0.7412156843277415,1.1778957312028362,1.1219187230292258,1.771850881962608,1.3874675817702484,1.7806994229392998,-0.18519736517576935,-1.850391425115073,3.359938098579588
2.9558266830926216,2.427252775908415,3.520681675196475,1.8354187847917736,7.212280707801504,5.2353962932418545,6.894024812416673,2.7320603622409094,7.025760932689217,0.026895238523644845,6.220555800513491,0.05532539458691299,1.5081290927459574,1.888851272321214,0.8244846993267005,1.920418244238162,1.6580136933772425,2.2890031397236816,-0.7329654927691042,1.2216667742995508,-3.8533703222596567,-2.1466310243343885
