script/wind250m.json
{"header": {"parameterCategory": 2, "parameterNumber": 2, "lo1": 3.000054539987559, "la1": 64.9999836372058, "dx": 0.5, "dy": 0.25, "nx": 34, "ny": 52, "refTime": "2025-11-20T20:00:00.000Z"}, "data":
[rows 0 to 23 of 52, columns 0 to 33 of 34]
2.9151981611353723,2.5006981818879757,2.0886179234763613,1.530026337254438,1.3085986863446917,0.6784486569399651,0.36654394394794537,0.430304281124261,0.8191481030747024,1.4727065488932995,1.2346892484517635,0.9908916785530909,-1.861807837653432,-2.0732317717325808,-2.394975059651432,-2.826385060472632,-2.213018485579259,-2.063137733494271,-0.791964343587234,1.0346884152359683,-0.21652363819186018,0.11405507473604588,1.3128311255571063,1.1526456876925941,1.1388799040799942,2.5833707122214142,1.200076550833529,0.5292620184558141,1.7065047414185042,2.6456205518617373,2.397932201083349,1.557351961697602,0.8961515449019403,0.755546759959971
3.0375339671382346,2.7545515632708097,2.1433409945137023,1.2413830343051098,0.6955105016527457,0.5574482520082792,0.7578217665735402,0.13571537969313452,-0.4329255749770799,1.4573237036402817,1.0218823445102883,4.210680712557361,-1.249063334989237,-2.2951235864045865,-2.2343020374216294,-3.678179436049517,-4.436504374850848,-2.836725602984164,-1.2175530321212353,-0.5610290811521186,-2.2353307439717693,-0.24007063124952982,0.31106040869605234,0.9672879621997525,1.4677456227771726,1.5547289416274774,0.3974199290973511,0.9995993388484573,0.9277980159505,-0.14670978135802648,0.4951383354310664,1.7672142445624943,0.5309040828861927,1.0221421938940938
3.3512767432863857,2.78754038035379,2.002404511347041,1.1090860751819653,0.8016208999849287,1.0094945672846989,1.580049159289472,0.5251679811916449,-0.2607192348841339,2.4396154342685756,2.545635544495285,3.799430032370385,-1.2709410325956505,2.6248205509641642,-2.697012395977757,-1.2931637829193021,-1.4232208141716094,-4.062693835974651,-3.6471922378566295,-0.9156385928597034,0.3360088005988737,0.20013070018068693,-0.1885273601830753,0.7285665176046693,0.7039324097820066,0.8367898790017166,0.8203667252468616,0.6384167336710562,0.5402172178352241,0.4655117573848808,-0.7480318282682308,1.0152974669209895,0.26623616079852314,-0.7919671954874457
3.283569574713879,2.6563336542006106,1.8575201337441098,0.8033973175952064,1.1553020667741938,0.013970743596105268,-0.11827362275715514,0.6678531388650877,2.9268948242390396,2.1171723928423796,2.4943075014310847,2.6665090660551036,2.860341187961065,3.306470416944501,4.782247476898835,0.7596188974353559,-2.019802266934147,-0.8958659049903529,-0.2249263919697914,-0.9974818390017569,1.0580966332371218,1.4064626521150656,0.6581812000044924,0.7020799920835469,1.6212346201182344,-0.15515904500966368,0.19736210173899202,-1.2137102414427932,0.7449516945202261,-1.7060060424718857,-0.8486437837803148,-0.5262990148393241,-1.2590781573289138,-1.1817088859419782
3.0063212031670803,2.43699727771856,1.9120780664052641,1.6862500134396798,-0.15165363398328938,-0.33850218070511434,1.676777610056369,1.7238109469741218,2.3243312463990407,1.7044798067995308,1.2722142757082529,2.044731844583335,2.8956100645157474,0.3271415494975274,0.4656587758768479,1.719354797575148,1.47683321017861,-1.6313289406294782,-1.5261466656638283,1.059494617150754,1.9818664589424353,1.5669099822447699,1.0198245901276242,2.225337294525467,0.0476551414155207,0.07122516829388226,-0.2644567949041108,-0.3113668140697084,-0.8630395427340832,-0.27645083756030336,-1.5368404482506166,-2.5972092057860485,-1.602043878961891,-1.299879802096079
2.525033393213497,1.779588924854358,2.1141607915292453,1.7525204609520177,-2.46457731385528,0.07034519770209731,2.765883632874813,2.608258577638173,1.3589538559697965,0.8939162379881868,1.2728406194946926,1.2846396757718026,-2.797399822361617,3.5165074085604666,-1.3136378075815347,0.8665733192158437,-0.33953573631953704,-0.17284177981507515,0.4616586266616117,-0.32362706295335003,0.6252749441276668,1.3626156253332669,0.8538926059346355,2.2773031679324913,-0.8240841859345088,0.05651746457356713,-1.493151774886116,-0.41628492478673357,-2.7918234104329778,-1.9933050160569863,-3.496261713915062,-1.9927420196827383,-1.3747362431587924,-0.4324027158151387
1.9504750718614239,1.154824331184042,1.8479896629995411,1.3880346331662485,-1.0469775408825608,1.092211285238125,1.2038270193872727,-0.2849746557521506,2.169440180998016,-0.76077257825003,-1.9516496360616469,1.2912981197499853,2.8609058980789834,-1.0442855673676357,0.33277857523068655,0.1386501094633085,1.4457957033474735,0.3831533618129387,0.9046299714217394,0.7074386425249378,0.2991654135186596,0.8635671236207592,1.037068413192767,0.7180358607232925,0.259390626430635,-1.1379919625517128,-0.8817532950729366,-0.1590971101041722,-1.617386095274072,-2.6369145501678064,-3.574658177674385,-3.9920440650444062,-3.9710271784314344,-0.05876644749281994
1.3288149569343468,0.0880283950957439,0.9114391992971999,0.28973775041551353,1.0458032724315125,2.0372269069441677,1.1682668861242576,0.657694128543344,2.557094251867368,1.4593374263949952,4.056619558198435,1.6585777916072086,6.043344052737634,4.630128429891677,4.639826309358496,4.706363040962373,0.220055735419821,0.5408743676957278,0.29450768815421147,1.7716741334395814,2.850120712745728,1.0769467620243898,-0.4401174432784906,0.39947047638818467,-0.04360999853988514,-1.4052530306578401,-0.6398515467268935,-1.930784271963597,-0.6573719025516823,-2.47464856074079,-3.9742994642800684,-0.23595391664004875,-4.767367841091474,-2.5963557616596704
1.2851673376530608,0.1738609203887855,-0.12184530570363969,-1.680867602722712,-1.4565615452810545,2.2869445252810157,0.40992052619312425,6.292599686880431,5.502042245851559,5.897844284617451,4.55097010312226,2.9600007669612407,7.349271943663603,6.671931349460648,6.2744340205637466,7.184490954147051,4.214241558805105,2.335445762196324,0.5490223240417889,2.6052766781564562,3.2391059456909015,1.3916420169959933,1.2723025692227645,0.7302705100578247,0.7947637975468742,-0.5598524055221485,-1.1636192901696176,0.3408486905192936,1.0128287086924663,0.9914301571073667,-4.092209001572198,-0.9208588694115791,-1.8597464326131896,-2.7760199890249004
-0.5542316678350986,0.12677118425099126,0.9407294713714196,0.5658621652455365,1.3521721143966852,0.95890897262793,1.5746700071172914,3.0571944123331365,4.674969511749835,3.940584810212899,0.4229519510059915,2.5255102546256873,3.2912184237905207,5.356806525136582,5.613066677618636,8.007462453241706,5.877904420925783,4.022268016363058,1.3550568111727952,2.3140745937144525,-0.6400512505642826,-0.6399684283252964,-0.23315298994346076,0.5874720351582724,0.46356414317785866,-1.152684296485839,-1.191958561345824,-2.4978276102079793,-3.1146888074589927,-3.502803892189451,1.9674238004916735,-1.1053874694485124,-2.502812138926232,-3.7031673003908345
1.123106900733565,0.44911568383846684,0.1724215855333808,-0.17077191587249319,0.655708549374243,-0.21506918124234123,2.3640501246265306,0.08102392597510691,5.0703980139973375,1.7066034534068677,5.152779609827084,2.002645368208252,5.348991780629544,6.959842567523337,7.771710537222961,7.961249758875142,6.451337716469903,2.3024389905476004,1.9372807412397404,1.125239456351405,0.2013116911619492,0.971934013573104,-2.1404337630128327,0.6836488201151777,-0.09626090585106377,0.02257577585982621,0.6039080191756049,-3.1585569349006093,-0.02953557066794729,-1.3367085977308863,-2.642711508007681,-1.6875025500970173,-3.6653730197397,-3.6371800096757507
-1.6986283703412706,0.4353016750591459,1.7003608232329128,1.7077888455374988,3.514036528739408,1.0037451099040227,0.9052148577028362,0.21204246958002293,-1.440034372970103,2.088834585186815,4.0197428758044325,3.872311749489711,3.0735455194794787,7.005296725435041,8.51249542557116,4.294510194669601,3.474822733764905,2.2734582919260617,1.6507488852354708,-0.06877074794145219,0.24870000618673435,-0.9629404027640075,-0.3542062643669624,-0.9931916001311566,1.0362791926021069,-1.572318775987042,-2.403587949183259,-1.8912340614866312,2.465223640084129,3.1323911857277333,-0.5616334122669602,-2.149016145036898,-3.728748769896408,-5.749666519790828
-0.6783288032235717,0.36055152222831244,1.204766100092118,0.9273281646924701,2.484136138000998,-0.2356339646138329,0.49618486182529464,-0.19934083171136102,0.3989156052830672,2.8018328790024793,4.203258499373632,2.7830681751449364,5.253785312210961,4.8107837843370715,3.925622275140145,5.304542807268522,2.920077404625822,1.4354513050994921,0.7603685129537181,-0.4271547247378356,-0.11137744633593001,-0.8599786374040913,-1.095025040926645,-0.5024396246715296,0.5102041834227552,-0.3264220252634925,0.4555906748512445,-3.2876458376447792,1.9753419528973493,1.437061564452717,0.610445907513607,-1.853997571211254,-4.608382921535365,-4.990051994427072
-0.28557918404990573,-1.1864084887503301,-0.16134169766216003,0.1911157651642268,-1.9677754597574855,-1.38429964431048,-1.6645487011185494,-0.37454306540032545,0.5806011962934388,-0.7705988616957767,1.1532590524630715,3.098118959086644,7.000599041383734,5.486113226147256,0.4581384291487983,5.419918438725188,2.185743611011726,1.0073996916575614,-1.2857899796873224,-0.5541957209426885,0.12298210789895482,-2.5179997589985548,-1.3468377480269795,-0.7595752132116794,0.7844853381412115,-0.9705314240364904,2.8259715101210383,2.8452061137258964,3.248341805484659,2.236491034592079,0.3608808608075254,-2.4966570479240295,-4.1394323065098595,-4.062949625524326
-0.7402269656709636,-1.5090211909473048,-0.48204641166422557,-0.9648984412119996,-1.7733070534966502,-1.97103675322113,-2.7646996016078593,0.4289960854994917,0.2587720513444359,-1.9243462730507246,0.49625132889400836,1.3361700969363322,3.075324881925532,5.038808187909427,6.862258054475715,3.1117926252136288,2.5326478877747536,0.4640976816851494,0.06398429104004917,-0.9551222505945474,-0.3900689443448804,-0.829359137378215,-3.1937082456147783,-1.4926966756136413,0.9677154524494123,-1.6058483983051233,-1.4113062070796842,2.8053020111156144,2.116976560787304,1.6578258621038051,0.19761036651137426,-2.6619093663814066,-3.1838411255707832,-3.086844147903643
-1.2231599701390008,-1.6141882212731469,-1.1947043175622798,-1.3895857310249073,-1.749475738133652,-2.4714293448411118,-1.8174177517603438,-0.026666820924763215,0.13841229359122004,0.5095389997731143,2.7040680335048566,-1.4837486103351334,-1.3892440124402503,3.000135105800735,4.648509527847018,2.694358223510022,0.8503000986992785,1.0444269537606754,-0.5242031369798825,-2.783193139249629,-1.772354284355379,-2.3954502379559766,-0.2827771908742965,-1.638732212218496,-0.313212137462489,-1.0683482130620134,-1.36388081548514,4.25735103229356,3.279345609655433,1.4901217213343487,-0.5750727331644887,-3.1719310132816,-3.3769862316648727,-2.524890414267922
-1.9631984466911705,-2.4752354175427937,-1.2949967388173247,-1.7574430577542193,-1.7043953847993054,-2.254081738012078,-1.759530273435263,-0.8479223343358524,0.43736562043885824,-0.3966863448466828,2.5328710498557463,-0.3040071173323442,2.9698666393520203,1.6488137001138967,1.9086875503858123,3.6902665571028277,-1.0266018149728273,-0.15307980852429606,-2.5722072456299925,-2.209830931827546,-1.548210996418755,-4.166184168793285,-3.454622823926088,0.38011896649607313,-3.2925766176458735,-0.4408549322601448,-3.6468358096225444,-2.575346405659123,2.9834294644289936,1.6393626399791965,-2.095121894122425,-3.6948130306993363,-3.0881967884013175,-1.319722487645142
-2.3636853830051465,-2.34528066467096,-1.684130865437114,-2.1640041899137565,-2.579864345112327,-2.493519832182884,-2.775432283805792,-2.31108319626265,-4.199977500490088,0.25265625519936163,1.4338808115029849,0.3903611676843152,0.856006390853733,1.0610294638187074,0.5518358812523381,0.002300632422290553,1.9356612269958524,0.9112638673335425,-3.624583252133234,-3.473436036525778,-5.392398312296072,-2.786555412262686,-2.5090852886873534,-3.6840739320058287,0.3635845315091007,-3.0757241019010295,-1.8629972677340056,0.3112668314849436,1.3555111735374112,0.8725532939171635,-3.7728382128581153,-3.4785167421582854,-2.881541095797301,-0.19752470417604684
-2.9673600725301466,-2.5920892016896513,-2.6887954773966523,-2.368225397550739,-1.1098205638721113,-2.763417510444992,-3.549383657211335,-0.3243961056801021,-0.31391894148534283,-1.8747626556617127,-0.46448431836151344,1.3807510832245187,1.0255218495001364,0.08411918922671717,4.4191233070555755,-1.3509621445509588,-0.6809572855879223,-1.195687172632026,1.8730225289644347,-3.3473270739121443,-4.760679592583136,-7.109215531636634,-4.014460608487268,-2.833969471898092,-0.09691053232389206,-0.09535372019477974,-3.080274781628341,0.05470483426297675,-0.05412235414854634,0.9764538604583647,-2.945661095414621,-3.549808849593106,-1.9179262116712923,-1.0388095881656345
-2.283742623209334,-3.7027886541271533,-3.1488785146337896,-1.8991107882529514,-0.5725997428508458,-2.742574780206944,-2.199886183398065,-3.4205918583675725,-2.01426941670416,-1.5398909078953644,-0.07459223372612457,0.1802922973463154,3.1221726938839858,0.16313238205639533,0.6852363737545418,-0.37929081198430026,-1.2372775246853143,-1.130868311877387,0.14190702472197006,-2.4621323356879334,-3.9050072771813635,-4.079184154714586,-7.1779135416349105,-2.1748950966298466,0.20658747099184413,-0.32001965495005086,1.0338092451687433,-1.1227132951520082,-0.30955039451987637,1.4417616557972233,-2.472156932011047,-1.6679790164966266,-2.3949497869986835,-2.6612472988617504
-1.395869055456537,-1.3946795197392907,-2.0661643822652653,-1.3581527639910411,-0.47666764392142896,-0.03078224133925187,-0.0699421946630235,0.16423082120039464,-4.769289966159092,-1.077497010017172,-0.6045759988122381,-0.4409720985668461,-1.563701033508826,0.5009806320709695,0.6462435688502932,-2.751261850118567,-1.1396038786750482,-1.8138139133185842,-3.9748327931106116,-4.143142798933851,-3.495713827546484,-3.4884476154418658,-6.416144702352677,-3.370145889368518,-1.4632189949266665,-1.510574427897549,0.4074915808099216,-0.020837538517855084,-0.9048466963408749,2.225342779706834,-0.8678155018006324,-1.0769070102395575,-2.808842823508518,-1.9392803605450104
-0.09390712886218518,-0.15380127064176607,-2.227160741738002,-0.3996559366615102,-0.6860382580845772,-1.66822241228907,-1.6736474209768375,-2.8450841926939163,-4.925221456154254,0.038633900484817955,-1.2213627110858294,-2.6870721986980617,1.9651762301765667,1.0831117688469283,2.074796706891107,-1.0451917304064786,-2.345312377875987,-4.118890701031926,-3.565795833035164,-2.9629369107329384,-4.835773358362851,-4.636280406094907,-6.448686867669902,-2.451372675099494,-2.3072452840348774,-2.134505881686644,-0.46198921198592896,-1.2738186729378207,-1.2640654233326367,-1.2552111023919406,-0.9785096633967951,-1.4980243211006206,-2.3084691124233667,-1.944949167889648
0.5947238808994472,-0.3994039604027304,-1.324466844816349,-0.8368510157546786,-0.1443623561951574,-0.8241917205334278,-1.791154976461626,-2.7191893717781537,-4.951036913179648,-4.794950842220419,1.4474778389060377,-4.2455044592886315,-0.28103823373859427,-2.3205390928471368,-1.7406312696812136,-0.07811205689389017,-3.800777533177406,-5.553554375694068,-4.012408774000708,-3.6795448621285733,-3.5948819141147843,-2.3586314040843224,-4.804460660293557,-5.711471808483831,-0.5597061485596025,-1.2553261794292647,-1.7881107439779724,-1.6531334753508962,-0.7359210345605532,-1.090486308009486,0.03534659157599701,-2.005105001939772,-2.7953642970407473,-3.7160369829161004
-0.8147393960574784,0.9450345045596796,-0.2315780122726031,-0.3707116421481269,-0.6438370341063222,-0.9044106122849361,-0.4025419677986385,-1.6612598613566465,-3.863748192001821,0.6570544179948612,-1.203687426379421,3.0957405190090332,0.6893410536576539,0.5128279722740489,-4.205684978194992,-1.3101012108238919,-3.4575367470515475,-6.27979215752537,-3.5469325030460848,-5.521741739239859,-1.7090697524549137,-3.406614441928373,-4.130028367966205,-3.666265304864841,-2.9619951280533443,-1.7201082303462358,-2.316932074868735,-1.3617293196174134,-0.6577875021816569,-0.12340700692495561,-0.6382282320545379,-1.2926908215081159,-2.080732963913541,-5.559204291828005
