script/wind50m.json
{"header": {"parameterCategory": 2, "parameterNumber": 2, "lo1": 3.000054539987559, "la1": 64.9999836372058, "dx": 0.5, "dy": 0.25, "nx": 34, "ny": 52, "refTime": "2026-01-20T21:00:00.000Z"}, "data":
[rows 0 to 23 of 52, columns 0 to 33 of 34]
-8.198940014426496,-8.52944481286776,-8.892153858633518,-9.094057381214535,-9.046245684719159,-8.90051433317989,-9.30078664084933,-9.723535740712109,-9.035865453576319,-9.133624386770366,-9.178295640972902,-9.443672948959115,-9.83899723416133,-10.20815868666061,-9.4967384803111,-8.121447615146165,-5.370564919953724,-4.494300807391611,-7.3276005416814245,-13.57574162847825,-6.624627832025297,-1.246537164500109,-6.799553849294184,-3.920333031452654,-2.5322027653941817,-1.110119223962098,-1.6212140726370499,-2.931175116824759,-1.7481509952673393,-1.5587974300106697,-2.195470072986654,-2.5884136172239742,-2.644654843615636,-0.9353921075472504
-7.760175689712525,-7.964059132043739,-8.315769629434877,-8.361856319743403,-8.172312234281607,-7.870736129197559,-7.764392263749048,-8.596783934952313,-8.257967886877902,-8.20365921573134,-8.363355612675077,-8.445613082005599,-8.715423031058267,-9.793186344145118,-10.648364955520233,-9.025158624494486,-7.6678606318355085,-4.760950626897175,-14.7661884171727,-8.752153580873204,-7.262903010584649,-5.886422327206377,-3.153763982965689,-5.942766245127909,-1.1909063469666494,-1.9761082225467768,-0.334228714450453,-0.46247794374705714,-2.1151145668865587,-1.3213851795720573,-1.6682941767149493,-2.048660350269539,-1.8070543755770823,-2.2190864589396795
-7.179169367810018,-7.29771301307249,-7.493880066170094,-7.212612905219061,-7.347800229723204,-7.043943250512669,-7.398014897780956,-7.9649096845281955,-7.688421851508568,-7.783192601049951,-7.765752675861877,-8.12434349025273,-7.797071716052734,-8.071815145541116,-8.053446605823556,-7.065492836603137,-8.933039903692013,-8.189871480012227,-7.493251568394627,-5.564067548231174,-10.859075153365525,-4.133378862878204,-4.544126520636225,-3.3556744845179027,-2.1683082765982897,-0.09629107270349503,-1.0560824122323957,-0.21119450456724412,-2.2251458672177145,-2.307885664375426,-0.8681999220532575,-1.5563388488807064,-1.3871166889798876,-2.200274753538492
-6.458556264468554,-6.826079499298155,-6.832347039649404,-7.342471828225747,-7.446845068007834,-7.5801493531223665,-7.948719119003159,-7.702744734644841,-8.454084795624128,-8.320135855865656,-9.144944664648488,-9.15208223155588,-7.8761354419107725,-5.4371743036142615,-6.399290314645537,-9.594364473490751,-5.707974085357968,-6.03121296856674,-12.46220901130365,-4.644100327399648,-11.928998429383652,-7.499555722914166,-7.343061383647014,-2.818628660675585,-1.9865728024765372,-1.6783569681265083,-1.421573399911445,-1.933078218540841,-2.8897823403649485,-2.069068064525654,-1.7381544326383365,-1.5342682642272898,-1.283723623947557,-1.2520787012832133
-4.562371943078645,-5.8083935697404465,-6.320911911054537,-6.461134065485015,-6.596779217272969,-6.911024897175837,-7.072187138916036,-7.52429326341262,-7.626409523406311,-8.105001438587164,-8.7470726231335,-8.559460083539655,-7.685370411243154,-9.365558328974487,-11.709529612175192,-11.047891506535047,-7.689916680451366,-5.806121076851822,-6.48517499272225,-9.225967734944865,-9.25027211071216,-9.036561869636857,-1.382671910469035,-2.3031410425412373,-0.8880152409944642,-1.3916242163646098,-2.768711905739247,-2.0557758854654025,-2.3382992158006055,-2.043252544087125,-1.2678814300212038,-2.525314272924224,-1.1620556209641046,-1.1768409933932455
-2.9167832122784914,-2.0957773949509244,-3.467669576899631,-4.15331839426007,-5.2700390233427985,-5.436349006286422,-4.83643464678092,-4.521743466706689,-4.818953288436202,-5.187915654994629,-6.725180485155114,-6.786637826211352,-9.969835194910798,-6.297302112861842,-6.132941970561821,-5.540532573223656,-2.697828877210627,-6.841560450856876,-10.788040734232794,-8.009768574007252,-4.963549615961383,-6.829311292420936,-3.5517510257671923,-2.505412838422915,-1.7144690849680941,-0.8176829069621798,-1.8346420443172005,-2.627044967765418,-1.3365011687800865,-2.3772811582552666,-2.6103634104249305,-1.340866836436313,-1.7991268610071376,-1.9082022065856403
-1.2856408372941468,-0.8366182367187748,-0.31623399973685473,-0.815885493484203,-0.85435600149279,-1.8682394924861003,-1.9597457139246068,-2.030940922652301,-1.5855475477970349,-2.237688351991226,-2.4850782007918055,-5.207357313340464,-4.304692452042698,-7.5641944223196935,-9.163000934546337,-5.298019992092455,-3.6788584087962213,-11.434171456330297,-12.362505280069183,-6.407847723413779,-6.066988009847798,-3.509105503378514,-3.8112073164050444,-2.102134899618986,-2.1789154043806187,-1.6576177636399794,-1.1374180655792312,-1.8328124829900316,-1.9286360574323456,-2.3206380486515483,-1.996077599653892,-1.5948774922237685,-2.3741481898183343,-2.8256926350340335
-1.7939441774130804,-1.1910847657914732,-0.15033918285315745,0.67529650883177,1.444537072845881,1.0900604732797503,0.607647464689352,0.26929870798712136,0.1422970486553301,-1.0212758231376815,-2.2141182711638816,-0.01567545920876625,-0.6551659511742962,-3.6848614662199544,-4.489696030482098,-2.4991635965597085,-1.3680812211375883,-0.5929252782662241,-2.2120503425042366,-2.8905168731923268,-7.108231006517927,-3.5033437233528217,-3.342862634302553,-1.846129386960328,-1.9575849470712048,-0.8213802687167153,-3.1491371969584945,-2.1752803013313367,-2.1408548273656,-1.7363577070153535,-2.9963681163761677,-2.347116962131683,-3.2534988658612476,-7.583105652331672
-2.3098947128866447,-2.2029490546209596,-1.0040687790536764,-0.024345564850469757,0.9413790643978631,1.3492812797847864,1.4829522711557372,1.3046614995012564,0.42260452145018945,-0.8711931751519216,-0.42202072782054195,-4.586727306181568,-5.383479377821208,-7.351301669942917,-1.7300592166608395,-6.198084838238098,-7.46209287043578,0.7994152290955882,-7.575043678062428,-7.9107017907858435,-5.850695480680592,-2.0549665674862077,-1.8885497833072773,-2.525001165666749,-1.6073813805338797,-1.575984309886144,-2.121064190360387,-2.7078910813140986,-2.565859208015725,-1.8595829087887967,-2.3645287990244417,-3.838012593778591,-7.4454954935227065,-8.042085004757194
-3.7210629114865013,-2.531187010012552,-2.098807238660511,-1.0201137024117306,-0.1831386580355562,0.3055442941648782,1.0436630184681406,0.8171846748199371,-0.2449565393162669,-1.2199247090503402,-0.4459745965743145,0.7189206825013632,-3.9268062411337064,2.3700063439387486,-5.882481051652922,-4.977610819550122,-1.9886146869077863,-8.437658162978195,-7.896485230466018,-4.892760296515292,-3.366878578077929,-2.6919795967520628,-3.2214394410474507,-3.172471239037817,-1.9338824147775124,-2.0814802027098334,-0.7665012673733852,-2.8829487290426825,-4.818886614884306,-2.7622791265174635,-2.5659849500958782,-4.027965676039487,-4.206649068807346,-3.7977495687967306
-4.389672533607986,-3.437306514623345,-2.865348137133115,-2.759681909600043,-1.893277735134962,-1.1266698463283689,-1.6561827132913973,-1.6712046247804409,-3.0592984349528787,2.901792002376005,-5.090717515345316,-3.1908670902864475,1.252032640524141,0.21741229172461354,1.5181720318027754,-5.1674113408751285,0.7664686091685265,-2.597383393000738,-11.700806692430962,-2.556601021245335,-2.0810951811371523,-2.318683047785441,-3.3087835946742183,-2.5027033232590514,-3.5617780708862603,-1.3014998345950795,-1.3611045143803713,-3.548271564589091,-2.50088689433516,-4.66747063326368,-6.985925018441553,-5.511029806340749,-5.459081935575427,-4.991660161839202
-5.170796162934989,-4.3125083610426564,-2.9513365486746292,-3.3463416382382163,-2.9844894002270848,-0.19640998099160276,-2.2068584682621992,0.3384794680355976,-0.7569981686477912,-6.225014224927861,-5.263033132560848,-4.504651358423295,-3.081661906548458,-1.6496926240810608,-0.24148627548379545,0.44948774343017783,-7.132016692464518,-5.436768005910671,-8.220706537617602,-4.124642451140387,-4.466882444892921,-5.060105416879552,-0.6670002226908647,-2.686252355493676,-1.3744545982328822,-2.1174849869034285,-1.559803306270122,-3.2267277092306013,-1.9191426788960912,-4.385515302914796,-6.825551456266865,-7.399695483729374,-6.50213536284689,-6.325787071820841
-5.800709705682665,-5.196674371137082,-4.330142525143018,-2.569477949637503,-2.431078325598961,-0.655912168503606,0.1893639945809994,-0.5806382294119526,-2.520398581310633,-4.690840090012171,-6.483982968906854,-6.471503189727349,-0.22958121397540068,0.09782762572971533,-0.5223069293367346,-1.1284394906490522,-4.86580309983466,-1.0771392878575394,-4.4071190537421945,-3.1372516866271534,-2.7348593554096006,-2.514020874600647,-2.85743255350753,-2.1641749309888962,-1.2153120923052745,-3.32123933760909,-2.723229828162161,-3.2111033867427947,-2.640241258408157,-5.729518934344219,-6.50488957303944,-8.49271456779571,-8.568507019924763,-7.801249127009703
-5.586384736182745,-5.4473894865420505,-3.671887859003581,-2.1201499364017513,1.302123627587907,-1.5945266666851758,0.6453117222978467,-0.507325388331133,-5.734520613470934,-3.973160442419697,-2.759819161402246,-6.699811206607059,-2.7379772790896015,-1.3156901968395582,-2.93426936902487,-0.5637789771170376,-3.970009550284647,-6.2704944615932625,-8.484552156815402,-3.429152745797779,-0.24974548065700694,-4.848562745349972,-2.3364955764559396,-1.8306654656930874,-1.492921307145774,-2.728587283338209,-2.113084292861132,-2.9312337420459107,-4.167210189210408,-7.736294830891657,-7.223065511742368,-6.360826199094884,-5.9244056979125075,-7.54394338330941
-4.716310697093765,-4.31856633742987,-4.074032033228721,-2.0110707430151633,-0.6250669411971396,0.9137694686107803,0.39164631549979245,-5.504969615112963,-1.6821607714925473,-1.6840691326191641,-1.2860918410645779,-5.601584898680111,-0.8732164883371971,-0.4827010095657421,-2.4120896907282052,-4.486718205007534,0.6897665148197666,-0.6390676315781341,-0.4103451742350407,-2.402285193125791,-0.640511327684647,-2.3040149637160705,-3.92312333639529,-2.4006761869385524,-0.7204566427856826,-1.930729451371659,-1.6827559353884152,-1.0277605871506148,-1.0581547328281513,-7.0047326673228225,-7.642485700728822,-6.8668516632348515,-6.580887143197436,-5.909726059748827
-4.556426986758703,-4.08095119123863,-3.4565854420178646,-3.819060021535714,-1.5603889279154,-2.5968332186656706,-4.42903165961976,3.177129442217463,-0.008028695146381479,-5.554485474655453,-5.772694165815793,-5.096667631094561,-1.9113908275326779,-1.7113855474206379,0.09637074370359712,-2.206509476946123,-1.9929720432366593,-1.420652846845638,-2.957995325908199,-2.269661762058149,-3.944989110347425,-1.2409011936967551,-0.985429822947507,-3.3404799929201316,-1.2843359289662908,-1.9490861632319638,-3.1067447311173972,0.2226993278163022,0.3567196087442107,-3.6127202515251726,-4.4558367060821285,-6.958655453887513,-7.241458875492191,-7.515247971082488
-5.803634877936254,-3.479792679296894,-2.9740632983444084,-3.91244545152707,-2.0297891953778096,0.6309553316380848,-3.280408623138026,-3.3901723692512213,1.2971949539204457,-3.0697735840246216,-4.574647784346449,-2.8175945022208855,-0.46199758407014935,1.6933846796917433,1.209820948110822,-0.3944316761660249,-3.02043356213405,-0.7999663235130302,-2.3347513363665944,-0.7505065882759107,-5.016585519217583,-3.0651315471613043,-3.6125541657537483,-2.1797014468907077,-1.8326863064226273,-0.9905107656072955,-2.3410266789579555,-1.8434605287161756,0.3312595390674229,-0.10818901959708714,-0.5527474794432082,-4.243734950076437,-6.276617048917853,-7.0767309388661
-5.050723110778737,-4.398057058358179,-2.838886743581637,-3.155333130060594,-4.082222658989138,-0.0802941677909834,-4.080008374882619,0.5629142049605217,-4.9828389762541505,-1.7738142461572044,1.5748773698102045,-3.807558042548234,-0.9602398827755192,-1.009900866018729,-1.1975700552020558,-2.8438858013561807,-1.9807726230244682,-1.9769690005548792,-3.9155604148958894,-3.680120836432365,-4.75102585001053,-3.0797552770723526,-3.4555894263852984,-3.9483596642785104,-1.69873445434731,-1.2642458420894094,-1.9951843041585147,-0.8544132534474417,0.4732765225055763,-0.6817193423816329,-2.751835316684762,-2.7153209706891803,-4.234069027002412,-3.446883835147246
-4.397072974349598,-4.34793551399167,-3.0473034003676096,-1.700745359218939,-3.8631118111773914,0.3484703717087908,-0.7539402562244246,-1.988909578960497,-7.53008692183346,-3.5910474866482875,-0.7598034285600157,-0.8355701302965943,-0.7648430114371989,-1.9545295230362152,2.752131119942139,-4.480782535605468,0.2299672156828705,-1.1635313841683361,0.7170315086173206,-2.1916364002325084,-2.158371473219623,-6.144876435562932,-3.663186714287598,-2.9787813866005055,-2.6744811147104297,-2.1318357540242996,-3.163436906310399,-1.2162515030270202,-0.4144458884642188,1.180820516903861,0.8834142507390901,-2.6183676108434266,-3.0330041423914946,-1.6177952512200537
-5.105467039597133,-4.084718564597312,-3.209053463671091,-1.6808511784240023,-0.643293783218138,-2.753379341028231,1.9808654857833754,0.46791441806855166,-4.6060205355330375,-3.0412116184561313,-4.1300192964338125,-0.06516479554537521,0.4562485049882251,-0.6915519379124561,-1.253877547604865,-4.553663739181727,-0.7988745316156839,-1.5023134191773893,0.12287546657705242,-2.319908077680103,-0.8816418567513845,-3.312347584409651,-5.1540006941461,-2.903954944199161,-2.3688437637987074,-2.4023348850242066,-2.2859452656003967,-2.1524202552025544,-1.2850212174838358,-0.5869352874973196,-0.030710105261527842,-1.496759651476393,0.998480612233754,-1.3771796096169182
-5.657978557256378,-4.5048139553024535,-3.381838038308538,-2.0276927284131885,-0.3382832517223507,0.695699255606698,0.08687741891123738,0.11310110741892081,-2.939693309694011,-0.4647706124644792,-2.9868243137593753,-2.113022085320679,-3.560148171657929,0.41725265241632653,-0.5722187311363497,-2.7817541131637853,-1.8629713154918346,-1.4527392696942023,-2.0186759611819785,-3.2283059124603217,-2.2444802178752874,-0.9615104735993647,-3.851642277935331,-3.2410709376240514,-3.247938255264004,-2.860643912263948,-2.469877388227448,-1.9610140987556255,-1.57593600090471,-1.384475562625088,0.27512200133611736,-0.20283176827113578,-0.3857473864007892,-1.459771311373073
-6.832656305492457,-5.844514052742571,-4.0358274617004595,-3.1241451165976812,-1.5046125436059576,-2.360494245563487,-1.7125848256075689,-5.458053429645051,-5.773957372208366,-0.3024896281137677,-0.20541562452887135,-0.8960385224163869,0.681089410537635,1.2418706897645813,0.0848468693978204,-0.0015725601412657504,-2.7682555231524764,-2.8616884823239817,-2.5613366064741174,-2.323130824821341,-3.374357660824345,-1.8546204006719065,-3.9910495579522944,-2.820144592331751,-2.6710965019605823,-2.9698675779107817,-1.817064139128423,-1.4766627271713209,-0.4692782072734481,-1.4432887525736893,-1.2279086117061715,-1.1761760732879882,-1.3669023464828727,-6.275605924349533
-8.632552640151086,-7.301901281242911,-5.501643758512618,-3.662155324434266,-2.504370223045169,0.42749296906219214,-6.098656381859839,-6.118357413734527,-3.1247803126421587,-5.962229608416479,0.22176582892613836,-2.704406953072431,1.2565889254820104,-2.8309916517849123,-2.3869113344612307,-2.8676189113135226,-3.2709622305120996,-3.377382413536971,-2.6063077736942835,-3.7053796613251553,-3.493574681751731,-2.701527633288815,-3.349386059001491,-3.3640933532091952,-2.631037275021102,-2.4984564682513835,-2.81905262875701,-2.252329731959784,-0.7909112625123135,-1.2198441726158837,-1.2903667817585946,-1.77865662337242,-5.78081170194083,-5.286769762667421
-9.75039356376486,-9.293284875731242,-8.63255985458225,-5.6138973993546175,-2.551629368630044,0.2355884134406666,-3.9995719344609104,-8.81955368044121,-6.225862519623809,-1.491595051463908,-0.4742933121701277,0.9710079329729363,-0.9985845156034746,-0.963604348462436,-2.737859771332298,-4.425559281267157,-2.3869196454272106,-4.229117151281521,-3.4361915947989825,-4.344481417454902,-2.3409871432103326,-3.5760448972646857,-3.2333481151191443,-3.016624544922976,-2.999542117839283,-3.415061978963376,-2.7098397797384215,-1.8266341633777843,-1.352562648329785,-0.8251069143170546,-1.1812407381420806,-0.20026231231733796,-7.985550832921176,-6.688009732623044
