script/wind150m.json
{"header": {"parameterCategory": 2, "parameterNumber": 2, "lo1": 3.000054539987559, "la1": 64.9999836372058, "dx": 0.5, "dy": 0.25, "nx": 34, "ny": 52, "refTime": "2026-02-09T19:00:00.000Z"}, "data":
[rows 0 to 23 of 52, columns 0 to 33 of 34]
5.832518525870946,6.234873227359537,6.413952398129383,6.619566575153558,6.736270351107701,7.262616727182183,7.846890995714451,8.32118641108621,8.53620067353724,8.787378409210227,8.041964297028603,8.061806843455585,7.92391310393962,7.4238848701706805,7.402175958264573,2.8427215267457235,4.160818216519977,4.745830502410742,3.256809999366826,5.0106109409277755,2.2988514055194806,0.24656125672978993,-1.8753572411355832,0.42699126061965703,-2.0943918753272492,-0.1590511612385201,-0.018068443587251314,-0.866678583593835,-0.402365036972574,-0.31328448009444093,-0.4760577988406145,-0.6328508340763688,-2.384147537776937,-1.7331972788067977
5.376078434774687,5.965552052493122,5.617488729636706,6.76683748359823,6.803270059224814,7.555690080876095,7.903446915102413,8.08037991639925,8.364183053653475,8.665387958110944,8.757941693445543,8.334013244347757,7.8852365547326615,7.102478960538423,6.5196676496653225,6.852574677280503,4.030195018410399,5.085719492217211,5.54584593194523,9.693917934192541,2.006604414663377,2.7846527139742836,-0.04986202520205441,0.1883539181929236,-2.0281839554909435,-0.6836372766903247,0.12308042933228205,0.23699528224340866,-0.40520877246010917,-1.3250912593135002,0.5566813449078744,0.8677295365087583,0.37086199306804096,-1.9162969663498333
3.8904687163426512,5.054387603558153,5.322953392991804,5.666562553459283,6.141306240428333,6.399021243705369,6.583555132803916,6.742856730735674,7.060053211700573,7.382650900787555,7.828853793752333,7.956433473930881,7.612422340166226,7.896101410828563,7.3062174003022236,5.800950388302308,7.33936235707022,2.7186216655263324,3.1629252323857857,1.7198054961934797,7.533859891500492,4.850332922432052,3.2619145965134804,2.1807016054500883,-0.3903792508661452,-0.8381835583828571,-0.29978682223845615,-0.23172147919326017,-0.1535874882959109,-1.2573688017974738,-1.7577218960250358,-0.01773711815843912,0.1290207722238966,-0.9068149589267731
2.1435051256170494,3.5469154394006215,4.025676972457125,4.48431915112161,5.426753287759081,5.310498621963393,5.606344749738291,5.558489594236866,5.80103470831305,6.051906898477211,6.575840599983788,6.831030895817739,7.135630365534844,8.003855329993938,8.98174738518294,10.390214930590284,4.8167600262417585,6.447991509301874,7.489449453438187,1.9490551712077333,5.874679869975013,8.410268302675195,5.547798268413532,0.09245035511187187,-0.020111219115945204,-0.9886529956215027,-0.4365115436401903,-0.32693557721173316,-0.28386795562543116,-1.2340841601514698,-1.6137855833907246,-1.8301124287230148,-0.8477878025756607,-0.6440611704821043
0.5596325750622787,2.3053409962901115,2.8446217903924267,3.7383908790855225,4.635947317790399,4.8752792554132816,4.606679366566138,4.802039119360152,4.205160218731795,3.820054634545815,5.50291705753095,6.869887534126277,7.179420171913577,6.950106308548053,4.958219056512726,7.355291622470826,10.54197987475442,3.754784675996677,3.552032482324309,10.94463331401581,6.971878803960679,9.665447845169926,-0.6109958877146294,2.7327310937445386,0.27956839461600974,-0.025934224920076146,-0.22309390786870395,0.021381782412357882,-1.0020823160151908,-1.0993241689553717,-2.2480617395204794,-2.736539475813948,-1.292771032489772,-1.4483611007474757
0.25257978168155704,0.8881577787718695,1.7021002478473248,2.2472954894658383,3.4559691173243103,3.2630364148355766,3.456744280481622,3.157940124876568,3.5202990831749146,4.82309185911201,5.731026952429831,6.031074320028381,7.4185982655916645,6.265008615364947,2.8986718926990145,6.513645776413453,4.640734277226753,2.343896239144596,7.014660450015345,2.921257315635029,1.6722826066562717,4.8865016996771775,2.1693499928215187,1.5246579067058994,0.5250211288463845,-0.3470948100682081,-0.7087779568017382,-0.7259248545667082,-0.7403040576514298,-1.990832617076613,-2.801320665019729,-0.5333552728997449,-0.7117342266604818,-2.006191128623245
-0.2359978114423272,0.48550238482776636,1.0741144064946324,1.6270299623577118,2.0966881774248756,2.1893204955406516,2.1074038539200974,1.0322047785460302,2.2416052504650494,3.1352973862008655,4.199036530260843,5.242990895431201,3.6286169407520483,4.666384626744515,0.1991023116066034,4.219262993270208,2.1811210453860608,3.347306266188187,5.3730280761817655,6.182880408070832,6.543460672503128,4.2006096958838715,4.1536367800299825,2.526422321905672,0.8546591664781228,-0.06320784049672272,-0.7103753631719124,0.2557175915782143,-1.1769654561771261,-1.649747011083835,-0.6408756510487671,-0.49267759960121715,-0.5926802683912187,0.4075583383492093
-0.8370975391686316,-0.11989875875891666,0.4087365047604126,1.043433353565833,1.3423570286157294,1.8015696599058122,1.326417589066494,1.0721915297311824,1.425624746334571,1.2437093925986045,1.7075820304874112,-0.7984850442747977,0.8069535121609043,1.7877631712961681,1.1207307383482357,3.3042048188299122,-0.8795918897897405,3.1235942097069658,4.7615460513069054,4.018497957494928,7.514092916722632,6.718473901830052,5.618237815894829,3.2765100187982203,1.2623861574506483,-0.19681933309248348,-0.7581516573371906,-0.5778964098631095,-0.14411381599107947,-0.7294252725442917,-0.042210000092338495,0.6387450336659818,0.12629835912586024,-0.45045396619694017
-1.1969681769280156,-0.8687107498184214,-0.09802604472890676,0.5386037984846057,0.468244105212394,1.3976677065194787,0.8533585621120825,0.05803522978319865,1.2351036003475995,0.061722336710523545,-1.512424881100824,-2.720793734650198,-0.811148311371433,0.34284274695811695,0.5244349154291376,-0.19301678192589433,1.366690440616551,2.5644601309226145,0.5740630477266094,2.860250059262616,3.2162690602893065,2.7397548490892447,1.8318873191541711,2.7417798915428055,1.1301884979215893,0.2438983628518512,-0.7331395156827224,0.47241793751639743,0.7968957691599609,0.8349192946167184,-0.6421997793908955,-0.6066457206897719,-1.0776133312639167,-0.32498503586166033
-1.8748761579829858,-1.3846238218114104,-0.7840483599494569,0.1399034314949297,0.5595330459104797,0.6937967277441239,0.13415006976212718,-0.1515470826030137,-1.6845369847335678,-2.625883514316111,-1.251468241341885,0.37483858929776936,-0.32973367530253167,-0.07192718340363442,-0.2340149945978875,0.5444021852475506,1.6869558525792605,1.788353791074192,2.4757303477226897,1.9703738760856222,0.8903711010376598,1.556499186680741,1.4386661718189722,0.989133849287789,0.7053313172041469,-0.16592173125205442,-0.163718640924939,-0.8421186188008722,-0.0274179616139211,-0.6032602229789326,-0.8655163941943542,-1.4350681017690028,-0.9968541290078531,-0.8727620732165046
-2.875928782841405,-1.8094383085174024,-1.1499736909002052,-0.09682012756013092,-0.1150957932207767,-0.15958427037602604,-0.07359965072738774,-0.9210517247522172,-3.4484334728937176,0.6912927607856549,-1.459182356604664,-0.17193899912017743,0.4636225060903093,0.5344623208262985,0.43217174985808854,-0.1265812909691148,0.6168870400424287,2.06267288736371,-0.09563754386240503,1.8517299064788735,1.0180782658241998,2.894599678450679,-0.9729411896724988,1.5341094577589531,-0.22822529213375273,0.25944718685894974,2.073778992553358,-1.40525428051756,-0.4236588541922528,0.37318964615793243,-1.5841081223182891,-1.4215240595025398,-1.2917244965905532,-1.2029307557115472
-3.270529140164135,-2.4042003368135783,-1.122748138268411,-0.632460593018479,-1.0301564605540885,-0.9007489231332714,-4.481141876306413,1.4862115750853435,1.0153421473162674,-0.8164908995590152,-0.5980211397113546,-1.5066836020333747,-0.9895793519410988,-0.1437885989063258,-0.48539038355741476,0.812604268211778,-0.4828869015599975,-2.157109937255682,-0.4564073742236504,1.3330436660113676,0.47872882950664275,-1.939533291220958,1.822876833717551,0.1912989301058713,0.905659035030986,0.4182520827783432,-1.0259238033624734,-0.8199920654809821,-0.37411289047891855,-1.4309381182897543,-1.2009766451586346,-1.207412436208242,-0.9906153165201762,-1.1194451765673772
-3.6768222022241392,-2.753079003164162,-1.29822737936555,-0.8694044206039766,-0.6160158461179778,0.16251939451424105,0.08350806479767321,-0.5873209732303315,-0.8543712038652056,-3.246626879249175,-3.807442893482206,-1.7165663665719502,-1.0147213236688721,-3.2043428955856106,0.23250758775326322,0.565308762340924,0.3659558520658232,0.4614049785540912,-0.18123202008859335,-0.8755056633256234,-0.31592960599770303,0.17411577458251318,-0.6613703172495174,1.8442797132747457,0.8352893636965807,1.5655384425156555,0.6186340305449194,-1.223589561850897,-1.1261769852355554,-0.7555081926305046,-0.4299059261058216,-1.0454461991965776,-0.3226094931547839,-0.08225349019385682
-3.1914441730916607,-2.039158075078382,-0.957435423168273,-0.5887504334464735,-0.689873251105744,-2.334776119731239,-0.15414895271759538,0.019940313059308903,0.2186638408980562,-3.4121641536662923,-3.0100376399309163,-2.1684298642539357,0.4838293943881001,0.2473141897069185,-2.9222585898361224,1.9107117509063025,-1.462897655344241,-1.6038921976311336,-2.876710651266175,-1.7177855432018772,3.6725042298791455,-2.244720036441928,-0.20110235352807576,1.2937571365489706,1.5173003432482173,0.7274637932950516,2.5060253761174294,0.4486364921322183,-1.6161254162811396,-0.6422351023561031,-0.5488214751692493,-0.21125774586510454,-0.3373982335133544,0.3229645588068799
-3.2610117123061735,-2.238987887517929,-0.5754046186968255,-1.021491875822844,-0.2623715954530254,1.6601073424030703,0.26916494203858526,-1.3987546939402107,-0.9951203755686187,-1.0104583526233077,-1.4056573635941088,-2.2092660917819926,-0.7818087966669413,-0.9157709104720473,0.030720951647786186,-4.601618703343155,1.3699650291974714,-2.5312379545465844,-0.5605668247133812,-0.5368139568173047,1.9792720865936184,0.819238134060748,-1.1029758603725501,-0.25768902494587004,1.1119295544807821,1.9923054407038483,0.8967110244366232,2.024666803620106,0.1720503612012439,-0.24535456923188037,-0.39215661898676824,0.38279114155218547,0.4095619720471175,0.7947904328919387
-3.535598410865391,-1.8137119154696915,-0.09284676086200941,1.1578270805266215,-0.2459713278139075,1.9678060480853852,-1.244028202846,0.2620355067844323,-0.7254460407174644,-3.812362917260969,-4.51778837164214,-4.204621687930586,-1.7559982804969265,-3.283144877222196,2.3218677404051853,-4.6388637478665204,-2.246236852222446,0.8897965187120105,-1.0654555683093476,1.008191658034672,-1.0762954843027899,0.8465718997187043,2.6133984234816783,-1.2285739571395786,0.07751741345255717,1.6034547989815802,1.8144891004291162,5.979462854028577,2.8021515068719016,1.1418797730174752,1.6980502450525043,1.142583708639489,1.8761133423603267,1.9195156284565542
-3.663571377984203,-2.4800109949049074,-0.7292691666485397,1.9753056330784269,-0.20549222418018795,0.308540394374612,-3.096207237995586,-0.4359017619991395,0.39342272860477046,-0.9714326472431472,-4.395220269858212,-3.9516500738603546,-0.07794644084692975,-0.3363589470433238,0.6808755651893073,-1.4365647235427472,0.7138557922370548,0.7909389769339041,0.6082919827771693,0.705632316443061,0.16088918460424032,0.4178606155287239,0.6165919480727563,1.2202228147323373,1.3658351378101474,2.804722910854547,-0.06230876046624723,1.1645269613761449,2.752156300253751,2.692657448908273,2.7777331820880877,2.75971691927635,3.195723015303788,3.926066471478182
-4.163177142212943,-2.8825522703594078,-1.1769834497736482,-1.3821471478828071,-0.942257110587731,-2.1161523492187153,-2.1710237427890857,-0.15556725186156128,-1.973235718315956,-4.236142104053995,1.5379788144578974,-3.540649310000341,-1.4856228465808805,-0.39659977118534223,-0.10773053318328527,0.8194033630341688,0.8913037923655427,2.4419385678818863,2.6250013755020434,3.5806786754056943,1.517049682177838,2.2371858913821088,2.385689535994124,-0.2216708197053154,1.5156562756916763,2.031091505579736,5.289052283835545,3.3912639321375804,3.0683392587331713,3.3869686185327446,5.407091850925012,5.010887850869084,5.319833848939574,5.681265037059776
-4.830994283286747,-4.0907343307021,-2.7926944512603584,-1.4889507394737236,0.2837236512732431,1.6918873139781754,-1.2607013088573362,-2.1281473837387233,-4.848569638228517,-5.063001830381381,-3.3693678260380953,-0.08935267588576759,-1.425115421459456,-2.193910567254213,0.3966756321144525,0.8335662400892532,1.4026266583610252,1.1107801806888382,0.6202941081936377,2.4649078441329144,3.8761433083832477,5.272692275524483,5.708235709619466,6.576676660018011,6.343078374826854,7.328137683423748,6.14705855557322,6.289309967262831,6.756101043715906,6.499331705923096,6.9084978861738895,6.2856933889036215,6.435954144708546,6.326235397616525
-5.882482981850746,-4.6297047420994595,-3.2126567900918883,-1.7899935454927616,0.028479820328552542,3.0868818700676575,0.38532139188457876,-2.2761051565213366,-6.96739864906531,-5.802218407836019,-4.70830704678957,-2.838350320112064,2.3905553139455646,-2.11425887569144,0.6815632679737641,0.7615539075743254,0.9607084166453561,1.9384930052811977,2.5339521388994983,4.293085731460376,3.7155719169818293,4.662164323641183,7.0934699138134185,5.971026119172013,4.6974443406333295,6.355777433087173,6.685131772793838,6.569297819140255,6.822611946907391,7.575094206810168,8.26209328470807,7.457185092038907,6.235082033148535,5.90597704107797
-6.489432709664802,-5.719303126155721,-4.10191858043083,-2.2669935313786973,-1.3401173711069803,-0.6387863217321522,0.30937652620261763,-0.12927274244158654,-4.985985186005967,-2.5939081435580085,-2.838801487843802,-1.4599441056755456,-0.5826538475632399,0.2753455991704024,-0.006688957770410032,1.1535021447413214,2.4854046062402206,1.5086984664854197,2.3036421286661253,1.860253143136785,4.193766579764053,3.993309459976577,6.066223838258891,7.255711910681895,6.443885677010166,8.43584229300646,6.633178990901013,6.752202070986234,7.242015233186367,7.815773864340267,8.248475675252804,8.118371348226821,7.193691255319231,7.161149730575996
-8.054579768798904,-6.833099436801803,-6.002934089547104,-4.160050566332345,-1.6742989467625689,-0.3269831807703658,1.4949043098823211,-5.795250434249831,-5.915328787160635,0.28264548412318186,-1.2660945435077042,-1.7142896178028166,-0.014255845290175848,0.6420764935797044,1.8033652652317749,0.955431241088639,2.3962345125455284,1.6075950517335902,0.803230536448122,1.1298080937748036,3.9182574354522233,2.8726104191450164,5.095327727371233,5.462353703767438,6.959803358087783,6.578530334108561,6.78487935766572,7.181038558325507,8.158228238438602,8.035337850640826,8.539864693919204,8.65744068973834,8.46271553526436,8.118723413914122
-9.095665008923449,-8.278041988309736,-7.08969480833923,-5.95454459564009,-5.182647808424585,-2.289042533777546,-3.993003685582095,-0.8695466411834593,-4.6657645519302955,-4.2866473405548025,-0.017820469930400172,-0.9608220487217115,0.400311217112211,1.9480371351517918,1.7450515847479766,0.7464321958020419,1.0073715445452318,0.21573827443129653,0.6555202599715223,0.2305767960663202,1.3738211839128258,2.423074765821306,3.721679366332527,4.3377180223684055,5.753269928061809,6.084521862087464,7.003809062092055,7.9344566784385355,8.468999155224191,7.98358572697072,8.36846940424621,7.328351871897343,7.081998400210656,7.819748387318976
-10.061286468721566,-9.65066609110583,-8.743695249215346,-7.367645778447174,-5.943772707679442,-3.516199080136075,-0.33356861967561857,-6.842960897050208,-5.886169595117138,-0.6099112101845428,0.34504101025027195,0.12330775161107006,0.5118520837159112,0.5447550462822144,0.13467064115867258,-0.9513019894305972,-0.7152909136046478,-1.505746019535729,-0.7025017352600357,0.1956025733195096,1.7206093993306433,1.5197008481805516,1.9069468688664941,3.9047504322169457,3.940283254882378,4.684074760205632,4.506801399107391,6.245353792388575,7.03480275419154,6.150403363056886,7.942475114118718,8.02967331345483,7.9550971376359705,8.429892691851093
