script/wind350m.json
{"header": {"parameterCategory": 2, "parameterNumber": 3, "lo1": 3.000054539987559, "la1": 64.9999836372058, "dx": 0.5, "dy": 0.25, "nx": 34, "ny": 52, "refTime": "2026-01-06T22:00:00.000Z"}, "data":
[rows 0 to 24 of 52, columns 0 to 33 of 34]
2.0623989159726994,1.2235791502261288,0.6349389503113085,0.9120403046679094,0.8904379934864636,0.338666891733456,1.172392717286824,2.9508218444860566,4.314507607363052,5.184711948180844,5.267871216474408,5.711843122426186,5.916185062153249,6.729181410558289,8.869897058541405,11.619333368993678,12.586731975601195,10.916426932191063,11.289323539687885,11.599914026320198,9.080066946944259,4.145560758526391,5.915591878824177,6.946919900153703,6.195817335414519,-1.045014292099553,1.7604811286695767,4.603337078815434,3.73882576729819,4.547402106903089,5.628920213104969,5.375432068531821,4.35428779559427,3.40111608543237
2.7154808232697834,1.866823047982422,1.101552640162646,0.7888818564878677,0.6776675925738429,1.224053311559187,1.7821611350143356,2.7170884987766093,3.8824946695044424,4.565294569246807,5.449332471628089,6.226543255465649,6.830495160473796,7.042198806283725,7.863220321662036,9.516209709554152,10.969381480882063,10.49188378019715,13.671055085741271,8.181344464236222,9.848674948936305,7.971094142546767,5.922519471277305,6.718595495182814,1.7164465073486497,2.79401082241214,-0.8050491224455445,2.854242424640186,4.817755860851497,4.846121850396583,4.258947871615237,4.082574084788516,3.2334692021143403,2.7486619597645183
3.262870620076997,2.636837192608159,2.532306203273436,2.380610168517891,1.9540198923607799,1.8370367451950793,1.8711685814386578,2.4447521878052436,3.229152577952544,3.819822613747607,4.895599854507802,6.190540884213754,6.899513377780074,7.521772168594109,6.623746157093243,9.4800881890148,14.926483801530063,11.08971740712944,5.89051301759659,8.044852092336011,9.100621529640849,4.586963315528693,5.610719130558367,4.058955496376891,3.7714528308666373,1.1069542707516187,4.441022873022634,3.128876969658259,4.6673623697360185,3.22517610838482,3.502542399596435,3.199078675338191,1.7672876706190124,1.4321356364673736
3.6730282663835583,2.936691404322117,2.6355641325318353,2.6060934288812483,2.5501698264848773,2.7099679483733667,2.8605784611701615,2.828497140400638,3.2422442894992054,4.840925078246656,5.776401537944746,6.5674598688961074,7.636192748262374,9.120871714988711,9.761873164556281,12.278764013617295,10.904333645051734,12.842079831387382,10.999039379339342,9.771443781602764,11.643866818948192,8.303157183932822,8.461944874074483,3.1324026896745534,0.13691891983805043,2.0977293485815363,2.647181486716479,2.2849913220488065,2.4932764084904684,2.84437428225234,1.3057538489429203,2.0639557059885822,1.3096506292376837,1.0995083700708077
1.4061653161572074,1.466707814749143,1.7408229376971418,1.8228534920192327,1.754129402636119,1.89386172362741,1.6692755230428644,1.9800722986228967,3.15615945547594,3.9649900437494865,4.633678932922767,7.0155705916261155,8.020023860497895,9.820219034631045,10.875585924666138,11.136033517507215,10.542385503359283,6.622840613237122,7.498069920999431,10.178837297106629,11.095125351107878,8.681035546836299,3.7553120580765778,3.6760793762115607,1.34120121842428,1.771462159406129,1.1717477280752469,1.3149458936607856,1.8090236676707354,1.6267369453231812,1.1454264908276375,-0.08715943704042002,0.22161410498252526,-0.7428027721443945
1.8884629034487495,1.423627661461831,0.9111910137404514,0.41677605775086934,0.5826371141563798,0.94890833174822,1.8003343584950653,0.9866846696542263,1.3783571645690482,3.4363550144217356,4.430063740736699,6.7922123226582105,7.413510597365637,9.09024032533693,7.794423720161119,7.448702591380415,-1.1212624185515117,8.73555326395157,10.240377209374918,10.842418379828947,5.85014544383649,6.441784462881809,3.5752015221868465,0.8836718287176543,1.445339895659239,-0.6032620214620414,2.118266678559061,2.042883443457213,0.3671522743732728,0.5429062801072045,-0.3586489269948104,-1.139030161343808,-1.5751911407752148,-2.301298476039214
2.342092867605993,2.2739470819529726,2.019775897831324,1.9365342685458002,1.725593800504971,1.3627062636091405,1.8442477634729888,0.9824333124649434,0.8162731122138654,1.4522410990446082,2.555955289902447,6.3643801306274765,5.442602189024217,10.97473939223674,3.8456433611089738,1.2187125911403591,5.054830276227679,11.36764813409096,8.940804339293935,6.754184772708855,4.792628815439831,2.1404437089162824,5.508458196757046,4.394001050486267,3.2604708056783127,1.0908681522916832,0.15995693269563793,-0.2869873193918178,-0.9176002756468741,0.11182719905672896,-0.8886208511492596,-2.1743497522483652,-2.85643518115331,-3.2121206085593283
2.1851210611662486,1.67241132822149,1.8998896137496282,2.041562957660379,1.31118136744784,1.8305281162253915,0.6600729281943499,1.9552853302926967,1.6591281922378358,1.7675752503450788,1.8782859340970213,7.2901879795803355,6.707831184995256,8.556599851895484,7.788734314589081,7.167493500699397,4.080034647233166,7.667984291227355,6.881982530320558,4.8375341982667575,5.73615434921072,3.23370214305469,-1.590643812880219,0.04995199859733228,-0.31939688173579267,0.48549317431754385,1.227057247268386,0.02799988586293315,-2.1015590422743133,-2.3130504038526682,-1.7647299630572992,-4.3265729926273835,-4.770005082750029,-2.5904845424391714
2.298257836843092,2.000140875510943,1.756292905437471,1.2640546472595278,1.6721219567021306,1.139865264085928,1.2212748605524142,1.003721116508804,1.3413116841478303,2.094084949874157,4.089631830257839,3.3923652635424877,7.020083881248476,9.570477206103039,9.072367417755196,6.214238003820217,8.006110961397175,5.666159839178498,9.87836927245079,7.6788406757536745,7.288021128784218,2.4331530118519904,0.18285648601765123,-3.6833388784035606,0.4920809984439627,0.5778257947647109,-1.7539488776672025,-3.7675727458612087,-4.268854534714171,-3.571725547419361,-2.8633303705756323,-2.1115434655404965,-1.4306038407496509,0.08663617721581908
2.1475414661960506,2.2699043730654322,1.4228414967021277,1.14120192472485,0.8793717829472061,1.0491328074254638,-0.3794544099935604,0.25383854275102946,3.5526363258712808,-0.5684492220306216,2.0925958174644546,3.976795903990582,6.831939528397136,7.165451410737659,9.179939523716872,7.6028079194102,5.769629002879961,5.706806755161275,4.395481167834155,3.072752306477675,0.9855951595895729,-0.24617831911806076,-0.8111088547884084,-3.3440774585675546,-2.990446814125901,-0.6506577920142421,-2.642730063357039,-0.43822869861202185,0.23715995737265116,-1.031550868515438,-2.0736152402247625,-1.0297486321229627,0.07789464299693441,1.5259010144256278
2.866068314289123,3.049718873100626,2.379575694137356,1.2118538486725188,0.6485488706657335,-0.13305163776762804,0.46058037354631665,1.7524015265807305,1.5365337020598369,3.162319199512977,4.850125903309647,4.133263640684403,0.6280770803585936,4.8320536964193295,6.2159043582923355,5.333822935373309,0.7824081064896552,1.4616404492954709,2.708582200192731,-0.8400650793729748,-1.912942837668971,-1.2266716446465546,1.407446823988324,-5.865325702613355,-1.8854760142535252,-4.413085187451759,-4.331481085071513,-0.05542989133415862,-4.135050530743366,-2.9557148319757127,-2.011775434608634,0.015500086245641389,1.0431237604076677,2.05039720722519
3.650009877303615,2.7705812998412442,2.6405299751237967,1.8758750213187072,2.906444222121643,1.5452583840041239,1.2275482162750484,4.179421709748876,2.3781368205901305,3.0607137034502654,3.180878978280404,2.9403719281177563,1.1108934067439227,0.24678519585274422,2.915195470673098,0.9155167109950797,2.9072851891486557,2.740901060234531,3.2616232965625227,1.1461861380509617,-0.18978631544775676,0.38596383769162657,-5.584015320399334,-5.440339779231113,-7.5234089560809085,-5.037469521826894,-3.5934605674960474,-3.4537622180973573,-3.6549455125887347,-0.810205842310184,-0.21589616066513645,0.45116299253629133,1.2712569946613859,1.8968110967895981
4.842652059545505,4.672611463091579,4.6957545964430025,0.5798781811238475,1.4990591210699664,5.964598680348288,3.0261196348732278,0.48235240194805695,5.24373122768556,3.9684916675431854,2.9975158781763214,1.9148357180288382,-2.186555409311231,0.6324064065807309,-2.190862982130621,-0.5352103811766968,-0.7037027476431771,-1.3756028641222608,0.6514889636159142,-2.774779702758746,-3.781021929978409,-3.863780631023967,-3.6200730100823293,-6.3953624462839045,-7.490653379428027,-4.5978856037457385,-5.375141307968751,-3.391825451889711,-3.5828531164818918,-2.114327198301555,-0.3912632054329739,-0.18371508408430076,1.1883258967759318,2.8377437301782984
5.322051922004464,5.220181067405645,4.8414139641843725,4.931630103479973,0.08526349752191767,2.709713950643269,1.9710405586357518,-0.5620857357874377,4.606042519376388,1.848103630858641,0.0018246501502519209,-0.9158068449339455,-1.6171776061407523,-1.2220930819016294,-2.6661861373325286,-3.7280186663577837,-1.7110899810536495,-3.349993282006553,-1.1392620265295226,-3.48999741983733,-4.135180172919368,-3.6845638969291095,-5.850854114199353,-5.751587653888112,-8.262159269936594,-6.621611044054977,-4.836856539623579,-3.1283618953806616,-2.9485327016584453,-1.41650289606424,0.7906338091091123,5.006251527003776,5.416150794199651,5.3051581579499745
5.363435426321212,5.456078874772541,4.918225990711219,4.323774555743715,2.677523215784926,5.430706745923293,0.8948529298947877,3.131956057230734,0.2533213575599402,-1.5634315478688579,-0.07990191349157658,-1.2303530688972968,-3.8410434465309624,-3.4499666697433997,-3.831869693733623,-4.844775358986046,-6.143654474273728,-0.04732700640119912,-4.838662478395181,-4.8097248791805,-6.749896921156578,-4.500875863172833,-4.535291302635891,-7.055368230492703,-8.646556318413362,-6.384611459765535,-5.92054391568721,-3.4301415109361075,0.7496862149160747,2.827464021748382,4.400733233576713,5.717881268761159,5.91938104286041,6.67708894270564
5.737010845646346,5.591434215186331,4.491051863980329,4.392692328449175,4.639157038892992,3.75454018981132,5.078728924007389,0.7134018867017451,-1.0254302889824978,0.5241225634738435,1.3920361227554894,-1.4691027425368521,-5.125459715665447,-4.874013576780746,-5.042689322868542,-3.0078096595011354,-4.134470283619662,-4.4503522727394715,-2.0474010714767177,-3.6483387963052567,-2.783205243175823,-2.5964250071753714,-4.803340324884774,-5.009189727651476,-8.048224627435317,-5.992648120257437,-2.7941463116494782,0.9752555323970381,2.2310578387872573,3.5781137533012632,4.0179383033745735,4.583567295631704,5.871077165170012,6.1627368248254015
5.366073159116059,4.889986132600701,4.86560173757461,4.539284554489525,5.48338911947975,2.224581801927004,3.952280268607061,1.1005393246937123,-0.6187613736271567,0.16614546593291224,0.9279939203630473,-3.6969646262091804,-3.3566611192257088,-7.408237557011573,-6.378460240199394,-4.619585867137346,-6.022255813918592,-6.260860864928591,-3.9761214900881376,-3.800690896837359,-1.4970996985466138,-4.1716462081118735,-4.156145680930226,-3.9972461962688874,-5.399076618791303,-2.3688290282168043,0.5092363965152843,0.29278018486749086,1.5448228404966662,2.5571503273149556,3.948418153706623,4.744286985636447,5.913191255824074,6.644714189198119
4.974850559951991,4.440552788642322,4.150595179578227,3.8535671621883743,4.961353744600132,2.319273341764184,2.797623825189486,0.31034331371077667,0.7943054208314936,1.615735930656499,-0.8563470267620612,-3.594200453936268,-6.155116184973863,-5.679756220306796,-5.437682116231575,-4.490297750764366,-2.3833498156415813,-5.406527717162053,-2.7078567422050726,-1.3442055838440659,1.5099076579932396,-2.8028202724981033,-5.4006886980654905,-1.600122726812453,-0.8508528115800656,-0.8452907874167204,-1.1443155172938146,-1.3259810003032555,-0.43496427657043424,0.2805118068571883,2.547755843511924,4.205223049778473,5.27721515258967,5.98218781382126
5.579956291654775,4.547344498731101,4.532739834449704,2.9462390238230878,2.60583861101969,2.4718328682893254,2.845014051266157,1.4813385749402654,6.546333054088947,-0.35128517055899583,-3.17292191047151,-3.4520505778735453,-4.301252481684687,-5.3941603652016905,-6.783504075280393,-4.948078776765574,-5.221665784815875,-3.9560554685404066,-4.227776862538439,-1.139357161817219,-1.30125768828545,-0.8790653575344954,-1.9385830141185432,-2.96807333666638,-1.0011510222817004,-1.452832825458483,-0.8014571777881239,-2.11120140436947,-3.977682465104935,-2.199717818406917,1.4803246313838183,2.6266560226104394,4.895830908652131,5.519024287917177
6.775649142306147,5.133383753149711,4.589650184476957,3.3901855712279483,3.0765963770589235,0.944953004935005,-4.842536283317234,2.4870278817668896,2.842307985284213,0.9433228596239773,-1.8186274201901984,-3.008286540252256,-5.305321415138121,-5.703213912107825,-6.754771075595618,-5.331612101413636,-6.12563294583422,-2.8456784746263812,-4.263145721764388,-1.148806237777257,-0.6582665264909242,-1.3777590893269962,-0.3693274878466264,-1.5699407819169173,-2.554856754888219,-0.39667165824254846,-3.9379413314152996,-1.7804131851363323,-4.770586836925024,1.326714429176663,-5.673352926058674,7.729453891257052,9.867930572056549,7.102643841721995
8.24554575593574,6.389839540059615,4.187858284656582,3.8302243138967986,1.5720852839009596,4.08427152242067,-1.8167485343516732,-2.757999516173028,0.03176074667418379,-0.4742600905082213,-0.9101194312448347,-2.0421847619703577,-5.436779453994782,-3.2306860124557337,-4.2572008251799325,-4.590367468566922,-4.4447504894575935,-3.4373482349114264,-2.0186799130120323,-1.3347934484622488,-1.3555519860743335,-1.6867359492840877,-0.4053013434101635,-1.0945399309467905,-1.864270125323928,-2.690586893496822,-1.8160254935806963,-3.9859003105744604,-1.8736553052903728,-1.52764257804999,-0.8463209700830324,3.7465137537460307,5.771643715821073,13.030867149718064
7.65364881243006,6.912933622751254,5.259001687113096,4.31255534621934,3.7298642846069203,-0.4364470242589293,-0.5398536574802315,1.5480725019620443,2.1157567611889396,-0.20904721987992217,-2.8135943755946977,-0.9047664474981387,-6.892391614609826,-7.075765712363436,-4.254916037562922,-5.468815660997849,-3.750406784799787,-1.5357378307194318,-2.1397518310034482,-2.505589230715032,-2.2493632849863245,-2.848961391250161,-0.27599425163238134,-2.0414670377080966,-0.7691201384228357,-1.759078546200903,-3.5572074305192865,-1.553623822838567,-2.7973528402083394,0.27163746902662345,2.7161314794175895,1.1578069323404594,1.0703982918343893,12.42380510850787
6.747624544723347,5.427562742115044,4.7243467184176655,4.2066694818931785,3.423932408380886,2.9947416193051413,0.9999418643047678,0.17480013932817753,2.327829844383605,1.4810301685660756,-1.394847368975685,-1.4322333243801972,-6.770726532870142,-7.313305279321524,-6.061418430684803,-4.782556565047962,-2.886036386440462,-1.230638247246998,-1.7910792040242116,-2.023966147624863,-3.415993853065242,-3.5210039206573764,-2.735834232617353,-1.00555768572618,-2.1540097466089945,-1.4789356678856111,-1.8601698512359968,-3.3289856139531846,-2.4987471441786187,-1.8197443919332823,1.3771087837225924,0.41447824540934336,-0.10569025075681811,9.556147972580737
7.0968118110199505,5.560570475819234,4.369239461928489,3.980217250312121,3.685861574980405,-0.0002728323092519689,1.4718042135145926,3.704030784918907,3.4673001079693284,0.8246171426588829,-2.5405926133353787,-1.349649168285902,-6.058355216921129,-6.448060806548062,-6.8368176470253355,-5.893308491331456,-3.527672132960469,-0.6967024747526057,-1.6601127738353358,-1.5923981941935461,-2.857592818796399,-2.340414976069365,-1.805237892630692,-3.094939393769247,-2.372573672848038,-1.0420270856769271,-2.17800061925008,-2.841744675189582,-3.3902355418871277,-4.222145538251682,-2.0989574660336925,-2.9630717125429213,2.7494954020949565,8.153265543650074
7.628022433870841,6.962130503961814,6.368216985034715,3.5479401512331568,2.1810574660702042,2.7782943266343754,2.4717602885002714,2.345770974323347,3.0412419679087246,-2.7019621531197453,-2.522881617728066,-5.111310048581342,-5.801473660566582,-6.791031823862276,-6.294897122658924,-5.141983786348441,-3.230418433321464,-0.4059188147744289,0.20706913414320377,-0.1310233798465048,-0.8226902670281954,-1.6512680372805644,-1.2297660143527367,-0.7762567551863191,-2.2308217179189533,-1.9952072790447961,-3.2880452514930516,-3.8107391049381327,-4.30824647513823,-4.1534289411822645,-5.557710995477957,-2.03270001862309,-1.3748201402136433,7.364999536366549
