script/wind150m.json
{"header": {"parameterCategory": 2, "parameterNumber": 2, "lo1": 6.000198445256149, "la1": 58.999992894266676, "dx": 0.5, "dy": 0.25, "nx": 22, "ny": 24, "refTime": "2024-04-24T03:00:00.000Z"}, "data":
[rows 0 to 23 of 24, columns 0 to 21 of 22]
5.578882731483667,-12.63586403908207,2.222037327109937,3.5949810857575626,-1.185133966740995,-3.963625282531729,1.3598280080251832,-1.138290846191406,-3.5983188390859344,-6.360145890802723,3.988166578093956,-4.605654222866185,-6.582080249677401,3.5449634025561583,5.291197902246037,0.2996174315290447,5.552475086167043,-9.1825990323927,0.329722524994266,-2.2699157595179127,-6.820877696816917,-0.8546484866690023
-3.3009648329211267,2.755571853462792,-6.455653603236927,1.0313642604648083,3.405428001359263,5.593561368840197,-2.0862955302943367,-0.32532608057560547,-2.1028877834834896,-0.3743085477028264,-1.1744247711432327,4.841147754778335,-0.4273185358786164,3.105708281810902,-3.61957689825268,5.075238572244082,-2.526030807088862,-6.012668605007047,0.3584320565729142,-7.145404017519989,-0.8443321881436283,-3.234979891571455
-3.9554523654733393,-7.63070176712765,-2.2057411491834698,-4.753914793982306,-6.514726339373405,-3.497950032753564,5.899740787439017,3.063677254937026,-6.081169064587969,-4.467013917607577,-5.84407640514428,3.4660884554476215,-0.8557540061274642,-9.916777390889196,7.583190446614942,2.0908781440700346,-5.42572277636616,-6.136043172743762,-5.44275765637565,-6.742740859139322,-2.189615173947823,-0.311528746389062
-3.83207686425418,-0.14216990537247287,-5.4473947711914565,-5.215607200664529,-6.647468923898422,2.6992008447020917,-5.94678532193647,-1.2083606943029048,-4.0310820466427,-1.9629297571681996,-2.14940305255398,-0.9728287168173702,-2.8504606611041288,-2.3611101307095512,-8.021404531664077,-6.352296909775402,-1.6923869723225269,-6.759697616425739,-4.529481000469958,-8.593143663430547,-2.710047868343267,0.33557621873690563
-4.224561290884997,-2.1295566492510702,5.800565127870561,6.0547358429249405,-0.8499396598039627,-4.468710198163021,-3.456151969131674,-1.1176844683838048,-3.5242444860593474,-7.223295643096272,-6.7846599471484375,-0.3127263494338789,7.553280709252359,-4.40520615047959,2.4710831949469014,-2.15443485867887,-3.355708143812939,2.4016645233562817,-7.039723917020026,-1.6484117015927893,5.8791081361230155,0.15126383431315266
-5.7825370900045,-0.46932157040215916,1.0575150533427167,-1.8189940969212006,3.469979927626995,3.9088357062170003,-4.712779048694231,0.07437280740121735,-0.9462588204164292,-5.403279602429092,-0.35409011563578263,-7.508244994734625,-4.213715884675618,-2.4268437140558956,1.492506760378831,-3.9611954670777805,-3.3746952840933884,-7.452845994827721,-3.1591575892094927,-3.2071366568665653,-0.8507673122397502,-1.8912057373556606
-0.6610326627477565,-2.864522353624052,-5.221591507095314,3.3173968787210386,-5.162526522974609,-2.0922553858001565,3.5141573357352556,2.018999287509397,-0.16029510695604884,-4.39978154497175,0.06267570095809627,-5.226833815654816,-8.837768915772656,-3.2454199344258337,-3.7893536231528118,1.3745308425111318,2.207551403917571,3.8598627685082985,-1.1027127587152743,-8.87475920615083,-1.709046524372129,-8.594344491406211
-3.012204710461829,1.4711676999387535,-3.351148378779301,2.9015128261033345,0.6680527368679071,-3.6817396925032404,-4.188335263679323,-5.1192299244418535,-5.443643760450054,-1.482196443829967,-0.822100986233683,-1.8753814401986664,2.9721456138224793,-0.21627499297392153,-11.501888793195233,-7.299824990487597,-0.9460089261962934,-5.742007925865764,-2.9692849378168233,5.1756022250067755,7.660835843163476,-4.467271071665993
1.6199015114930622,-1.5700345912519842,-4.654294657549633,-1.8190777077233007,-3.934093761750894,2.1262372299656085,-7.2894590127443974,-5.752661625791524,1.2804099511741736,9.675816812421457,-1.126386159905555,-5.591398892610877,-4.072093998050817,-2.3267729354068383,0.7986851832496613,-12.229909168708007,-3.314503229622895,-6.057520523713312,-8.91427316681974,-2.7807364293045795,0.7369815259675462,-4.727451512702853
2.7269872202950918,0.3988273975088273,-4.612295227613112,-8.58193344119669,2.324524892865228,3.0850412726723424,-5.241502153508335,1.131244525961642,-3.301073604189843,-5.135269188866537,-6.540667937388961,3.839054845421233,1.7039361606158199,-5.233149009183811,8.007497815081074,-3.4702779976263582,-3.6204017754371174,-7.359595703560801,-3.3814751671975256,4.527468176694297,-5.923919356662962,2.670287709077417
-2.9197856133706446,-2.398466886885828,-5.20032749845317,-7.345013690793879,5.58201795593508,-4.9757979844122,-0.8208625382741812,0.11823245056081585,1.7183839890430088,-2.0778972378869245,-9.0640873228925,-9.882895002036092,-6.486549305470929,4.364942492455701,-6.7184956061951295,-4.183218137313259,3.6477558313813994,-2.3688325503632144,-3.872898966118895,-2.9566563325990844,-3.642114669384812,-6.692255209341258
3.151242041747269,-7.228056276165309,-0.7693220488928175,-4.703477535171936,-0.40594332581996084,-5.496204676258975,0.8470137523088213,-3.396793429620591,1.4637534392200782,-1.3535164491096163,-2.3519655858830446,4.785710637203719,-6.03583354420913,5.341474675911999,-5.0538377165157184,3.9412113806119926,-7.532706592156018,0.8100750274115305,2.451923223735319,-2.82227768118673,1.5704318509223618,6.536146203899475
-2.3586287187409787,-2.275924608058536,5.135677402771999,-5.567533699336694,-2.1106343621615666,-4.325814320875273,-8.926162920860843,-7.456850332932241,0.13775623974162887,-11.832049607495174,-0.16545550087715072,-0.7789731858370295,2.7098560932485483,-2.5172463488116295,-8.890399886123003,3.5808953871739213,-2.790935824106491,-6.693651739638933,-6.904712694399243,-4.479447813131715,-1.3727830595222774,-2.1176032959941775
-5.16024570732698,-3.342369918613382,-6.47512442460906,-2.9292455745834425,1.4054430026747993,2.4826990817694665,3.2586387092668345,-5.010310759276286,-6.448187861520679,-5.080339571247869,3.146396521536618,-3.6413050392834947,3.0244266331685816,-8.377307952786166,-7.4733158499254015,-2.873320503580188,-8.358051008316048,3.4162941156818674,5.808681158230555,-3.545871187863581,5.96578687272652,-2.985609546019671
-0.7617389209267963,5.59776628937527,5.380808531043073,-1.6685896921353198,4.435554094946943,3.2027052955018456,-7.136518777849229,-6.691965256921336,-2.434007225568907,-1.5854079745028105,-5.10582478829077,-6.960076920786349,-0.26769746843145026,-4.002275862184988,-4.406844568443627,0.632110637582437,-0.657368537608909,-2.166135845914153,4.923227324985171,-7.54807021199744,-6.269316902905539,-4.168585318965783
-9.256000817228,8.01289811640596,-4.539183280820853,-3.005498282676539,-4.8282883713156455,-1.7935368969326395,5.120977274167432,-8.735194215125542,-4.499254531562227,1.3586436402592565,7.176874575381199,-2.2806924002310165,-5.470192579428699,-4.612089204174725,-7.630926316852203,-2.55185255543448,-0.2955375105666665,-5.660447625892673,-0.5960830643528322,3.815705103843308,0.7876121445099339,-1.8141088974438317
8.05742136633696,-3.7270024622239104,5.7820032659240255,-7.714558818533102,2.7820744364341126,-3.5865450117647013,-5.393165960612339,-5.754449454622073,1.7062502666583075,-2.6110116237986407,5.435414826969951,6.326235207339247,-2.0344517047509107,-3.9798168847582898,0.2385583092195035,6.675786268210381,-4.297620890611645,-5.222681048896869,2.6095679484472623,-6.370432130804937,6.072765048521608,3.5241212552643746
7.358628165123561,-2.2584910191134977,-0.6404466417311623,-4.0715103009435,-2.865406133945323,-3.5996036310624744,-1.7767933089865209,-8.587281806818039,-3.439348648141022,-6.3401776966331775,-0.5270057562652769,-4.999252639495336,-3.3044000193345706,4.405098576920842,2.325272513570456,-3.0106399976730107,-8.325318391163941,-4.133200356258617,0.19516633439048475,4.43989963578862,2.6914164064604282,-4.582688461650393
-0.23751036024282435,4.741059986880502,-2.2577128880835673,-4.121765941383869,3.1374065699380744,2.50877131872249,-1.0020593557517747,-2.1397979486771113,-4.79729680733299,-6.986210473718855,-6.10044775815647,2.625110731766498,2.5075520424739164,-8.526649957516439,1.7859296032229552,3.494023798867744,-8.260737770813758,-5.151687156468545,-1.5373118833495478,-0.3366585736570858,0.9063276688313917,3.4212295562771247
7.570609414745367,-2.4120165696347526,0.0010249688766810793,2.227187382212298,-3.1515555288759303,-6.3125483859578875,-5.41830581504038,-2.6697717785241823,-3.4801589512667284,-1.8362627743521707,-1.4107494216934182,-2.893678462566825,5.621624120542648,-2.227121750345831,5.63683619479696,-0.46752468551484744,-4.6336043116376935,-6.673652993487672,-3.130240784301116,6.010495804761398,2.5259561193212554,-7.519904304883086
-1.2595314245533877,3.6460036673065357,5.710185721528619,-1.394938276557436,4.8175006597589505,-6.87539013878251,-4.098601790200817,-3.5858895837122975,7.47946648719367,-10.319101798633648,0.32998466664845866,4.281544756908634,-5.119366525874383,-6.001370306861475,0.48305266378945505,-5.3605547694769315,-5.4951429540200945,-2.389704412485743,5.197058304314904,2.044984009382638,-4.875210496819942,5.182165262906607
-2.2905717426756045,-2.0776597523869125,0.44508425501446214,4.955463551175588,-2.7624468934487814,-4.4741525261407995,-4.707867704403193,-1.206554844207018,-7.22117441534192,-9.417237404471827,-5.2539476698160765,-7.751914565489967,4.57157465192101,-3.2772154727572995,-5.078121482443426,3.3507528017773724,-1.4391219373257231,-9.418468871008372,6.453353942971781,-8.172321613312226,-4.775635946513582,-1.6006481326050666
-4.422724465031505,5.8600794745837215,0.9393415488584267,-1.9047188302376663,-5.085394977840294,-6.631020541270777,6.267608759221016,3.6762722447836276,-2.5997632131295725,-3.360066260126357,1.384334639198045,-7.094534709533117,-12.565137150162682,3.771745924766773,-5.3780947693537,1.9832589219069396,9.450795528306994,-1.5703483864884915,-8.878946704058684,-4.411793538485687,-6.297828407954966,-13.167391239703198
4.818112348294585,-6.128671507026939,2.320360692352475,-6.430636899315082,-3.1305874846901944,-4.8564072811728245,-4.9273878607272605,-9.587085970008033,-4.013232958843403,-3.5927180247843262,-1.4103067420474624,3.1482988325330665,-5.346273824405427,3.8697411747186736,-2.869991901921037,-7.079237149519812,-1.6961003620673887,-6.278804405464818,7.78611370427763,0.03087762785337155,2.5564535797023114,3.333099904698134
