script/wind10m.json
{"header": {"parameterCategory": 2, "parameterNumber": 2, "lo1": 6.000198445256149, "la1": 58.999992894266676, "dx": 0.5, "dy": 0.25, "nx": 22, "ny": 24, "refTime": "2024-02-25T02:00:00.000Z"}, "data":
[rows 0 to 23 of 24, columns 0 to 21 of 22]
-2.204900867617153,-0.041730671421562684,1.2133167926357376,0.13340843391630625,1.378222789315744,-0.15041197294535327,0.4489462092907866,0.0262268820662633,1.0848654386304588,-0.4943646303087991,-2.2803593507139643,-0.9958699129349704,-0.5187398940510184,-0.36081934405221794,0.8168369090170194,-2.0474654719100887,-0.8400256784446366,0.12614498855764195,-0.21686282990053304,-0.5070931948740066,-0.6460938747192986,-1.2361186886500388
-2.010108208194378,0.5692387824473266,0.5539320453032902,0.14069118009567083,0.720857141239373,0.12818102407288084,0.286077172945351,2.2316989016272695,1.9800938696695407,-0.5964429642411212,-2.4726147405192784,-0.4451006120062708,-0.32596877393130885,-0.056114170946936395,-0.2316892332515057,-1.245291802454745,-0.8252805095010621,-1.0282240551712754,-1.0432983337984434,-0.7111278831594186,-0.8752814700242645,-0.718996039076676
-1.3136891217261377,0.170432377054191,-0.09169545048867718,-0.02421943737557072,1.5139347166760235,0.6172981892940196,2.159540411979754,2.7146952475683337,0.802316868229445,0.31931650337529427,-2.5466529495472883,-0.9956717928901936,-0.8121892744438879,-0.9435590790215418,-0.6205386999928245,-0.7415013133745281,-0.533386614942299,-0.22110675760903337,-1.1341271953559766,-0.7267843888862757,-1.0293115815087144,-1.233780496157008
-3.6424435337717656,-1.8929312491501453,-0.521214769843726,0.2822003250735274,0.33190840776733377,0.35615457645305715,2.390897557697371,2.9837327978378054,1.6130327926551125,0.868291033405245,-1.5400218224031395,-0.9929554958677845,-0.619787853418196,-0.5323225817473135,-0.6276437124937141,0.09284149978721704,-0.27351653390362407,0.6595316151959081,-0.24745355407352135,-0.9037769264074487,-0.8206699106929419,-0.772580418351888
-2.69810679251111,-0.9306594167449964,-0.47182779241040085,-0.02868237591912708,0.21785258253401002,1.7415804911985489,2.3008821822201346,3.5638027036488626,0.8731578387356973,-0.08703911900926478,-0.5851654589393651,-1.9495111112407293,-0.5647989010016544,-0.4967563768554917,-0.5352697077035082,-0.6375219649786923,0.6224085945852057,-1.1332580811659008,0.6992723468958457,0.05821928597446664,-0.3428700518311233,-1.0461304660620847
-3.2876371098995874,-1.575057166424013,-1.4845748478373741,-0.7068279502359932,0.9622151568885204,2.018903458824272,1.4127804908703736,2.26718593140744,-0.277511891852418,-0.3906499903195646,-1.7168520482169802,-2.1985418999461204,-0.991133408190704,-0.9011547415836523,-1.097642692605965,-1.0387424758254113,0.018550378214067926,-0.3911925292287427,-0.12575345689876924,-0.028460046876742813,-0.4742699138561359,-0.5347219920951504
-3.301182587306928,-2.2572952057376816,-1.1745808498496588,1.4436578985828243,0.5505001229883019,1.2708214309475354,1.050509693347525,0.08223800516293918,-0.7994122100023769,-1.0287999848988938,0.4385866150285133,-0.31144549104486263,-1.1321844086324657,-1.0270771444809284,-0.8584537477436673,-0.6924823172944189,-0.032607860343446426,-0.6114087156464523,-0.008260941308962403,-0.5937208413444435,-0.24436557154403846,-0.1416241124482454
0.0006251483555363407,-0.189258133198128,1.279907509457637,1.1035116881190266,0.5020307491436502,-0.7038036922985089,-0.1323652562237568,-0.9830088494794812,-0.9068076484889391,-0.30652805416225914,0.5439880632283961,0.9283710115337483,-1.3209606625443584,-0.45766595424774636,-0.4183267383330502,-0.33885659288556647,-0.5287940990681481,-0.8564691078274788,-0.3043641850130323,-0.2149576581220456,-0.3941919552523713,0.24799762757044141
-0.49325834845895883,1.0401674897781452,1.2061180664628017,0.20518945194518015,-1.3075123401136455,-0.5681584423912184,-0.9062995447999157,-0.4540620662321779,-0.6065667069280783,1.9082300409452402,3.0181843854093677,2.130608894773971,2.5061987332079605,-0.22271382797924535,0.5799499435979392,0.42678659337520136,-0.2530508954165799,-0.6961943631630394,-0.4374927908376758,0.003631930604867147,-0.1579839153142239,-0.29182860149194717
-0.7361918059726971,-0.2154034085863903,-0.02322221903912083,-0.3902805774701868,-2.008058072322097,-1.0338424371310146,0.560824138785172,-0.3406551123407678,-0.14670772794231374,1.2298319602251526,2.3132931709847835,3.405816273982774,4.314139631849533,1.0343816434385429,0.977757507515063,1.7472940652161706,0.8826501859463547,0.40582427739257587,-0.0015751634370640456,-0.4176377750746085,-0.25904857809758586,-0.32139896397906853
0.972595999929427,2.1061576713230408,1.8554915540535855,0.929330046219745,-2.5655998100930635,-1.1285229659469385,-0.02410103053400384,0.5375079503105707,0.9841377077085164,2.0294126021992267,2.900415473089455,3.0589468797310273,3.010127754203995,1.361528738671939,0.8202508144098242,1.2609072519749598,0.45943190897062985,0.675591799908489,0.40252190222828194,-0.10296761992359155,-0.07088519651310124,1.558895685914522
2.4841363452539964,2.1858045522508958,1.9086541350626838,2.578612614852877,-3.036585851644193,-0.7479846264252052,-0.34938477930672857,0.1879307736111229,0.9656754484556113,1.8198355869331349,2.3087925138536343,3.683960795979129,0.653081679158748,-1.1178789158404951,-1.0420637943419153,0.13174847748337082,-0.2514868207071988,0.6201851711301426,0.42736622858780604,0.8075223352174544,1.2441399614667905,2.9287242914792206
3.400460152247581,3.0920283225826872,3.0255704588776804,4.770943241123359,4.2911895719936375,-1.3794718998160809,0.02809354959224958,1.0562127927231681,0.1412115321901033,2.9743520450760914,2.1053850354569534,2.889903647359615,-0.6065297029762309,-0.5243919394366181,-0.9664586398511178,-0.3542335505241191,0.11797000160195147,1.8619274510037092,3.8018636706176876,2.6107770258539644,1.5130777956705193,2.5158592525114476
2.2857551738423507,2.885676862579594,3.164993148360174,4.081154816405235,4.363842004660574,2.351111884544234,1.5920218117510072,1.8520421304921963,1.1768126351927024,1.5618417897964216,1.7451886184111536,0.7166923924477796,-0.36306437355781634,1.0135961633351087,-1.4194220023689776,-2.195588465644394,0.6099264119092717,0.7914895364529254,1.653661637075375,0.6274156292492363,2.6071295090872026,1.509385642320077
2.66168622585596,1.7084099133510449,0.8970115441298271,3.001145040925754,5.017784131838486,1.5211514532658863,2.2011024578007823,1.6250916704522531,1.0351631732710629,1.0730654902453818,1.9261904280034607,0.7574827243664419,-0.19862332640224345,1.6770378928487668,-0.29245785523604784,-0.9983558140169846,0.3685193889775905,1.7091581281167911,-0.14656207037626928,1.235336606981385,2.8145295708116485,1.6937448245288833
3.588436725936603,3.738629180281466,4.281118165309516,1.797597232704362,2.9909639700024937,3.2750020486737688,0.7974397807685135,1.6909690263207129,0.5964415902347322,1.1033684291360086,2.3292116372549327,1.2888925973270555,0.992327260302998,1.8736075011331215,0.2660137873397485,-0.0980548514537805,0.8671908172684115,1.3778816110397798,-1.2961335515018473,0.9839488467740038,1.2381444188480846,1.3260069381305846
3.542510270090604,4.598182153206992,3.808966343474949,2.559585208033905,3.6746758191007944,2.755286941558862,-0.19999952422148107,1.4492035036019348,1.1817449937018956,1.7919857909257153,2.7624221033839893,1.5390272068590676,0.9581746949274672,1.6809106512885403,-1.129398752613375,-0.6263942537633799,0.25854132674402086,0.6198016190117552,1.1290543705952145,1.2737883433314285,1.074233115184156,0.09479308168975609
2.2057192726334387,2.836800796210997,4.103903178783578,2.8714754437465166,2.5410142961510864,1.3813593947867677,-0.15909058441356874,0.3393406551125826,0.4529348555689631,1.4744310901430369,3.0174919024431284,1.3775148676668478,0.8539990740491767,-0.2036450795767441,-1.6730034351222949,-0.8243516910162613,-0.20805904813891976,0.3887629155541972,0.8989887361748211,0.367977956430315,-0.40830594943560206,-0.717326288984725
1.85990439495818,3.711149813908515,3.767616338339466,2.2658302656953837,2.1257658921429847,1.2214544913952141,-0.6610880584695895,0.26999797301220213,0.9519289885325862,0.5189751043224189,0.7171186172213213,3.087929040008641,2.3832071385551847,0.6190276372218123,-0.7640844757316543,-1.4223146216177869,-1.2530922328563459,-0.4990603647701989,0.03491443298654139,-0.9863651473281365,-1.1504100813611726,-0.8692059515772592
2.5894688954960468,3.561477018990385,3.50119053109447,2.2227198232683945,1.4569605961030627,1.17482052039868,-0.570313145560056,-0.41086038256262813,0.4226608599892653,0.11912798949094477,0.14086547002767544,2.0955764036915374,0.5292904830443428,0.1751861263015161,-0.3586274464879162,-1.4495984422046029,-1.6938786060732793,-1.0787754889074357,-1.065402176006266,-1.4633313056491,-0.9895367785180619,-0.021487740506995905
1.5895220227344082,4.5095115830245796,1.8340655568769133,0.9855948846141362,0.7779688898914211,-0.06563588318661766,-0.7087044580091748,-0.5195675290237768,-0.0379442311273477,-0.6568909134606821,0.016809479718881956,0.136976570678688,-0.08039220111372825,0.291593401893805,-0.6340668891722968,-0.945228868991948,-1.3151021875782978,-0.8025674221555843,-0.2735853312217424,-0.712401201741839,-1.4380579572409122,-0.23243601560608326
1.3178090527050874,-0.4833650213851032,-0.5049955474926683,-1.3149334889987336,-0.6627487988528883,-1.5917946486628982,-1.1558337073501224,-0.8760840706245908,-1.1500798273574888,-0.5775831566791378,-0.2053082588869762,-0.009615064933528584,0.23518415642830195,0.5458435348245282,-0.1526529863159174,-0.9411850168085104,-0.6893462259774497,-2.4643700085146083,-0.31085644590078715,-1.2753758290364947,-0.7555413642332672,-1.144916701406871
-0.7408183799440762,-2.2526867869554286,-1.2952121792743418,-1.3743743251041403,-1.0552617077156983,-1.4090469169620674,-0.9645590777679862,-1.190917118746136,-1.488083030852488,-1.089500180423685,-0.7306692014768484,0.17659509939668988,-0.2164934456103245,0.8533895952502487,0.8006749959091288,-1.2209796703406866,-0.7400834796419188,-0.9968722832139484,-1.6719438670837723,-0.8924571377576901,-0.565488202634408,-0.5407015343785642
-1.6907743308476617,-1.3406300753068698,-0.9075994598056614,-1.1773312749740668,-0.8417757471105795,-1.393742261803331,-1.5221185925034366,-1.4717568289379126,-0.23401278893665325,-0.8061101944317111,-0.628625906950403,-0.8117376561224997,-0.22058777287986087,0.13994979013016437,0.02287402990055627,-0.4452311757027728,-0.6995738179437326,-0.6950901357272593,-1.681760288417961,-1.2624459745269228,-0.3698210382383059,-0.5819227803795208
