script/wind350m.json
{"header": {"parameterCategory": 2, "parameterNumber": 3, "lo1": 3.000054539987559, "la1": 64.9999836372058, "dx": 0.5, "dy": 0.25, "nx": 34, "ny": 52, "refTime": "2026-03-01T20:00:00.000Z"}, "data":
[rows 25 to 49 of 52, columns 0 to 33 of 34]
13.621008339954159,14.37250332679898,13.432517168174806,13.517601232689476,13.085159928900124,15.017199584148303,14.496487606202804,10.044122744269027,7.954331146020822,4.538793944923495,5.699412058632907,2.2105068437034534,1.2118741585219426,1.8117049252382944,1.0247880785611376,-0.1542772342357513,-1.1341630759320132,-1.2829959909995297,-1.715294663808517,-2.6207361759527297,-3.5553777347986424,-2.2412273008350825,0.2802245856255235,-1.8612274063060967,-0.6737044596300575,-1.6692393527570348,-1.963032701342523,-2.3430415960976507,-2.635185301689041,-2.2943330071611503,-2.775791113964608,-4.76181307829695,-3.565584550618907,-4.182748468330334
13.696947840617035,13.34206561147058,13.992681457075927,13.902450921142433,11.785170445138117,12.644331256518955,11.339454115131456,9.34950393617674,8.93960378541714,5.437970586098141,5.5598817510720275,4.07695639594508,3.857116783873271,2.352719434639434,1.6946488376465678,1.750477497187907,0.19856648886083125,-0.17315060614625064,1.6642126074474726,1.6663943930099927,2.436444474698991,1.5900993277977564,0.752756761520489,0.36691306773169596,-1.3640493580415765,-2.32888395189948,-0.7512497391976514,-1.0037924756963714,-1.5150085245655331,-2.3857550661898212,-1.9197984019839058,-2.1985384077827748,-3.89121564370747,-4.214319751053009
13.151700361737824,11.67499195104692,11.88687675868056,12.693687735598346,13.19810156020117,12.723308756656248,10.926334092127,9.572842300122515,8.276606035930774,7.207717237265005,5.997681645347462,4.614267338447887,6.347701887789146,5.550890374105574,4.287450428421493,2.4800088745528783,1.07496549038945,1.7727743675252057,2.0608455571449404,1.801863707848344,0.9274588568588086,1.1000663740723675,0.46777566227930867,0.7272870187378667,1.4852171755071242,1.0480866740855856,-0.586047171763588,-1.8606260075008538,-1.9075241863554167,-2.125471515247242,-2.2661363164547965,-0.8040967664282164,-2.0726100457456678,-2.7727680631545923
12.389973127071139,12.241138330329152,11.50378238802913,12.463787662410436,12.866426837083099,13.41703745100011,12.892805305667789,11.397187517571524,7.847704803354942,7.532473153721983,8.35552786634793,6.093280189359069,3.5132317320416866,6.5436513473147695,5.517959877410873,4.280274083925357,1.8384019885154803,1.7166780663591432,3.577402059548741,3.1088401328419155,1.6193517799409425,1.344979283946697,0.9047202839143283,0.16885986410670692,0.009238061227091471,-0.3031965315283297,-0.11425192903491099,-0.7546018966697046,-1.7201681760868759,-2.100375003864089,-2.094902970539546,-1.4607272432077953,-0.20895060143367866,-1.1581629715614588
13.048389120184499,11.660071479363857,11.129697116495132,11.596902876355138,11.530766668840132,12.350608160802834,12.901376522021172,9.816480034989056,9.906357072419382,6.541059376264979,9.387177465542676,6.044330390497159,5.770815504888639,6.996662135982204,8.002270569678046,7.160962933990076,5.56746156888197,2.717769806706084,4.013005060704598,3.477139414664411,2.8422281488057792,0.24843191740473664,0.08626610586266283,0.3294776712806408,-0.52168371993434,-1.4610841816863651,-1.9337692015866552,-0.25564203507141464,0.3073165529823581,-0.9739338765615506,-1.0465150394218332,0.5792350980822577,0.9477702151016176,0.6981545835423361
14.804893811836367,13.111949808763649,11.670130255686587,11.101877682484321,10.013111181295937,10.948361535338288,12.710364188164872,12.831690015722517,10.941019915464878,9.596748798755332,6.805316352344006,8.867484260003042,6.970612493588144,9.764979213477536,9.006137568935667,8.816160398459768,6.872373497319828,5.718143433246735,4.193943340902021,4.516718082458612,2.2802551808669813,0.9701222275482884,-1.0870318457439196,-0.12279135023403596,0.35177501252424026,-0.7378107143344608,-0.4652484986228412,-0.5733781898532768,-1.8087069098518445,-0.6696776535961543,-0.6761521351079022,1.7038903624352155,0.8755378485300328,0.1795650385710783
14.885273480356418,13.689070465574483,12.075703067746698,11.075011362161643,10.173079241348887,8.954413080606107,11.616246961492823,12.70271814480591,11.427596647702304,9.994291940087594,6.185579538681272,10.415169576792916,9.556796979875816,7.726672875903575,6.397965100735629,6.606693032907316,6.843693450189342,6.189824775856332,4.435196834366387,4.027312227461934,1.6723666528893772,2.2394191794373204,1.4084034176653926,-0.32414857990760876,-0.09194091944986003,1.2840582517325376,0.7799675202579963,1.8713851015858132,0.8188588151978559,-1.3634698017232438,-1.9106967834982231,0.5737013104319587,0.17866206821059982,-0.5460618306578415
15.247611466394366,13.852347181906085,14.410418060984304,12.097892987395007,11.430331158458454,9.157488431667092,9.596105981005387,12.415696788425272,12.426929107827823,10.875698163780276,9.484579355141511,10.583659030210807,10.55068888538933,8.288154465187306,6.867471948873237,4.08036349191138,5.687877065419695,5.516250154890405,5.156988216476253,4.395045775251787,1.995492394125151,1.3687886747660971,-0.5939207775303074,0.24050537527503976,0.9487243152808357,1.1002430110362602,0.1571579312732062,2.678806085070743,2.0669984372597967,0.9172529386824357,-1.578955545235468,-0.40189499194718137,-0.8519283677058634,-1.3565697419809175
15.29409167093622,13.644556556383792,13.453633476107878,11.52993530980037,11.208702455248812,9.983653502586114,9.09841195654317,12.202998466218244,12.097920318711008,10.233839399458471,9.793907930966908,8.979356001179108,9.976849424070345,10.828207379239515,9.686781719559212,7.798469118090314,3.5298108736992604,5.547946693536229,4.931628261063075,3.5593910531137403,3.9755771854191337,2.788592841872046,1.0146727028513418,0.30187929354757453,1.1290254791318675,1.734169645343717,0.9080552556134069,1.811264252775968,0.9964262502460289,-0.6107748814141346,-1.337528826873497,-0.42291757155344223,-0.45541829300028824,-1.581680178544955
15.518983572957612,12.7345754017175,12.807518129065391,11.139996920361598,11.964654338620239,11.358181462518212,10.572264902573172,12.136360638115054,12.358263603669807,9.20873846570362,9.967983329929954,10.649756342390928,12.441053613510205,11.995024182141954,9.696682825335351,9.386582257626612,7.546157367335611,4.202489524758615,5.322002080988934,4.106536000145405,2.5868666457004164,1.788926419704069,0.8157459614651018,-0.13959521308172954,0.9579700502352668,0.9563334048788346,0.6416318377348962,0.2855768611686035,-0.7860294493715946,-0.2276082007363333,-1.386855912048657,-1.7528584981879944,-2.2625950304266684,-1.2043509494837763
14.138629926994165,12.273470109720867,13.352249996476164,11.644980661378073,12.190326592690525,13.599491506561494,11.667951389068428,10.918194472667999,10.161900794764971,9.139552730395804,8.59705467301859,10.283777559103509,10.374250719765687,12.170464373314122,11.938414563156222,10.5106542590601,9.355251800777468,7.439288325900124,5.457209529241803,4.658271747327947,2.783022193018565,1.1585034893145303,0.49072914980404186,-0.14460387004347,-0.424712013911682,-2.301591071395857,-1.3259886043581977,-0.7618296899545275,-2.5194297833580843,-2.8999217362088383,-3.1054889834396904,-2.600139422324189,-1.9152298886290793,-3.12881482999358
14.034964221495073,13.672034054651355,13.257935639154924,12.794789647682519,14.402111088370297,12.66379066010199,12.965529724773731,11.474478323296605,9.130657416461142,9.471485047926748,9.952723447031781,10.522805396111275,9.294975088255999,8.139067944475187,13.152134065885257,11.294395282794987,10.325864268412424,8.497520481738915,6.393805031264569,5.3535847814217,3.291472281238387,1.7846014042214489,0.8514890907063606,0.17436879669310648,-1.4691358843576083,-2.899659146629481,-2.213055105413232,-1.6414176119462296,-3.61679230661135,-2.835051105972996,-4.301314292026051,-2.5458666099409286,-3.4884016788333856,-3.9124891276891627
11.849522777151854,14.244931097971298,14.735593638198036,13.893729674884424,13.07405338021226,12.227922808810241,11.148799084935536,12.050436299970517,9.851281203403676,9.074622454110319,9.88997674644177,10.147942273981107,14.007920150371936,15.457375191346042,10.430713330038978,13.681107439223348,12.476518795730682,10.103203211513229,7.5939456554144895,5.762357200314508,4.6005883549265185,1.8392563292526678,0.5894745842781608,0.5063793719742533,-2.5478948732478517,-2.1690204298394327,-2.2438384602246795,-1.4967846226798087,-0.2927376652518833,0.028530482952676833,-2.7778136129350255,-2.9625052800538754,-1.7698122063307897,-2.878767200024464
12.218185309526474,14.042010138764775,13.751291027585813,13.163576000557512,13.116467315264552,11.974250345759293,10.601433636959811,10.923431812745584,11.02066447003827,10.434967949513783,9.717314788057589,8.946458062562451,16.166004590725443,15.487868374385634,15.818337940499685,13.378786738732682,12.124271338235525,10.145153627214567,8.255439330283593,7.8632315400053745,5.3026687754986765,3.53424898025537,0.33123961964719356,-0.9443255725103362,-1.6764455085910566,-1.4709076616801315,-0.8507478647122265,-1.2278479527832176,0.5071811232477439,-0.1812052409555135,-0.6621583780859714,-0.6843858789846506,-2.206870169498794,-2.6006505886380986
11.85026844300717,13.587841773821944,13.45561506645399,13.97183578096996,12.957628052482974,13.929212153082338,11.849653350387872,11.406173335316359,12.299985945869842,11.504871562275511,10.5152520825708,13.043171003884458,15.705523420399324,15.877499098516092,15.021812349589615,13.83385657950744,12.010227441305721,10.334847272054606,8.754304102481017,7.87337143835294,7.3137431970454285,4.368662879191555,1.6236797957893496,-0.4456299267113937,-1.201344003084084,-0.08597314808117308,-0.529767374480658,-1.3854614168822266,-1.2998016051292012,2.700842240661964,-1.4228191550207765,-0.7979939190147027,-2.0493566336727818,-1.0855411870892142
11.486800015571092,12.63823631260526,14.433349610472789,13.513569522679614,13.312661352361797,14.113978226490161,13.489338859372847,13.024429350045171,12.7768960096643,11.76629074713061,8.57037532069801,15.16962638230075,16.209440827343723,16.258010680015072,14.632009501506442,13.707682734234309,12.670896774040141,10.80403854485224,10.280686828346038,8.00343772327991,7.524710996597121,6.161925613067439,2.6919860974993806,0.5439742050796702,-0.21822696474248346,-0.20929947273367733,-1.0593621759917642,-1.3938886480881394,1.1734555043370345,0.39668578289626233,2.1640086637601597,1.294327480886539,-2.5456140195045824,-2.406043410028308
9.291112689914423,10.217412147605234,12.475795779355312,12.249292750657373,13.822535122709088,15.258157225155808,15.414411921232213,14.626178395277075,13.505124991815705,11.692364140735446,11.07037076542135,14.232261045765565,15.869596229368524,16.056694244209414,14.117178249073499,13.19052058045853,12.276567359172374,10.96585078018284,9.480746485409279,7.874268970401146,6.546918131546486,6.2853630316935725,4.437565462339713,1.8326548189840328,2.222396723266299,2.661105496600732,3.074492317141213,1.8910287056169333,2.9396565025052057,4.046400517898188,1.609878775547247,0.12586418730824095,-1.3314147252335706,-2.5679628122537066
7.977572815586329,8.596065737318604,10.551019805209965,12.009980098038925,15.565993610203776,15.328998480793393,15.894686992643942,14.351111241067018,13.961049176837703,12.970698619079826,11.622096496120623,14.746844869943496,13.911596184841747,14.661564536572797,14.09270369768101,13.163994060413916,11.80850037323856,9.881218727445122,9.124666596451021,8.480900503666359,6.662691374906621,5.633425627964838,4.612399005967772,3.1424476949839266,2.263630144023103,2.0243493511810295,3.6574409256586997,4.659299073828481,5.561107431267042,3.8375041334669673,1.526380105581594,-0.044273315295869836,0.8534819293733262,-3.459134146341741
12.395993162885976,7.6779292170441815,9.78198885472885,13.118669186775628,15.511036264742968,15.43334224643505,15.115991649928127,14.902091581282479,14.335356784145928,12.661117170967312,12.34256700089288,13.04975678218318,14.28617800102116,13.215662321002597,13.553422421925587,12.344769651441032,11.385924703706362,10.457791475735146,8.874960671816758,8.933540013316545,7.637335841703844,5.812572663097492,4.952783503477125,4.754257283143857,3.3485663235375207,3.5014709823457366,3.983203622476306,4.582702312818951,3.983490366897494,3.0290570153455216,2.955819705336274,-0.14391095818658448,-0.03421954517837346,-1.2941989158979614
11.835862756147032,11.616907763249936,12.642728624528054,14.578940449896482,15.828341803550297,17.025820594671234,16.060259410780624,14.424306302845883,13.691177704354232,13.264479627957687,12.487381255663202,12.68182606222603,13.202372419892798,12.188712188303896,12.41439740886864,12.325008899743953,12.198282708617063,10.583073784293747,8.959108672350283,8.349233445891455,6.901340317460459,5.4606108225450924,5.419051085919902,4.994955811098762,4.884291146530983,4.311314718229939,3.627318390624924,3.634996297769068,2.1157750780853473,1.0082402473233956,0.5382059187141037,0.8949301410820383,-0.8428928625920078,-2.1816706702764366
12.05194177599627,13.376739840981372,13.813168074741368,15.687562320514546,16.64735924436634,15.765988410156098,15.816211290761135,13.38594409479716,13.294736142322938,13.467566053108413,12.24968456359033,12.13724700901927,12.433007293500184,11.341539859129185,11.678246790906766,11.594538073305095,11.278635223809031,10.794439164280286,8.259746131787992,7.091749640887518,7.371643419572509,5.4083861483747935,4.9092921238380205,5.107490824120598,3.856656450385895,3.363204198272456,3.564410529709737,2.641447033607795,1.0085906763258357,1.2800943937682996,1.6919231760684923,-0.5289531734195053,-0.3705876516478084,-2.1935375584298216
13.950787165291201,15.29519266590395,14.971965306963103,16.217557389607858,16.68313027188586,14.928101232538664,14.08763761271356,13.927457295915096,13.30000328464895,12.537256955432746,11.795400020127254,11.319533193186198,12.544070239478165,11.209332712503535,10.392468204164004,10.175065848447064,11.03888457364992,9.674851969710332,8.536640324176238,6.631069427041488,6.794819942848436,5.583358418522946,4.720462119355306,4.4158850896722095,3.6724276307387598,4.05534650570693,2.919461977774462,2.6053738754561317,1.3903580270768143,0.8872600928627422,0.422726042660172,0.8202110068476093,-2.172853698550981,-1.9489407574814839
16.930287145680083,15.59041747617846,15.943834500176981,16.121157186395408,15.266694465625374,14.286518290461467,13.086085378159085,12.708264799036431,11.958787423173113,12.764127805608897,11.552382316719429,10.59629153472653,12.44033291608487,10.700716397934636,9.881215882035658,9.663496108195405,10.616003209680214,9.62098375250262,7.52779298237369,7.139753789642331,6.534271784878401,5.662364460581377,4.517101811707153,4.063587998176393,3.6797811993204785,3.8193745802719903,3.209861332649733,2.1921179808610716,1.3615947340008556,1.0205858959182723,-0.18437348500238926,-1.255944895445324,-1.1299391421868636,-2.644498908658376
16.555080587534135,15.96256913898134,15.748927921800503,15.842589014918111,14.266083704282075,15.18212464132943,13.53860980623906,12.236292025583765,13.046685589387325,12.174211098683935,10.191954689231391,9.354979365776044,12.092417225690413,10.884509703871489,9.78964573580757,9.511542782673748,10.852824369533938,10.45457214389935,8.045055227298219,6.376421731892724,5.450808765057337,5.3720564033473215,4.506052141788699,3.342423119618474,4.2373439982514585,2.970950425741954,2.500660966164698,2.2257406909458983,1.746434723161885,1.3861366112082116,-1.0029915859376595,-3.1655490047800594,-3.332814856436778,-4.534754427695286
15.726557204765465,16.13765136029169,15.053276984086013,15.341491987135939,11.990160204165607,14.70994721625194,12.971607310648634,12.532959041134523,13.377701294878216,11.77491365544473,9.215418370094556,8.646909339386445,11.189338616106177,10.290022497669439,10.119397882417838,9.537113311858022,9.449840001714426,9.998789545959914,9.156082906624285,6.828042411065629,5.113818767625844,4.383140286872437,3.2762064182110024,2.818362958029886,3.173763454175731,4.6955831995746795,2.876141022170619,0.8690916535173575,0.9497834922056033,-0.18291104314644369,-1.7933574167783497,-3.2704389750959524,-4.580131468893838,-5.01436287917996
