script/wind100m.json
{"header": {"parameterCategory": 2, "parameterNumber": 3, "lo1": 3.000054539987559, "la1": 64.9999836372058, "dx": 0.5, "dy": 0.25, "nx": 34, "ny": 52, "refTime": "2026-01-04T00:00:00.000Z"}, "data":
[rows 0 to 23 of 52, columns 0 to 33 of 34]
-11.331072571149083,-11.827245889126006,-12.538037296889787,-11.279481223596097,-14.711574567806691,-2.0231825625717192,7.199366381626254,7.475240025227004,7.622621926829743,8.111508141205515,7.926795921083257,8.608433919243295,7.229535054096186,6.00769949373958,5.86553653226236,6.012932469765394,4.565129175498714,-0.8732948854452031,3.5602203571184172,4.608648607344461,2.004045111407546,0.7753099767700545,1.2054465010539601,2.091757382686853,1.1197132879736034,1.0082372616908912,-3.725060474215446,-2.495509834902382,-1.9092512330648572,-3.269504093109419,-1.9952579857841333,-1.1980168788889798,-2.4243338727202297,-3.1748262797455746
-11.429295354741436,-11.128749041911984,-11.064855541635366,-12.683708022844499,7.635148484121054,8.551327265451192,8.153045639928072,7.358571719717793,7.359208775557901,6.642506168475874,8.00853718587467,7.372897395138623,7.4796872016452705,6.0895220186962815,4.168679727641068,4.031956983621916,4.7827534712015805,3.989617811000282,7.683660420951029,2.402034697189341,-0.3248152852938143,2.247185979749791,0.020745286818017784,3.311386107668964,1.8988667576384342,0.47855190864302183,-4.7903174976009755,-0.9890119954672819,-5.4529764850656655,-4.330926940868638,-4.209394457141326,-3.072191351912112,-3.7330859188828316,-3.1679890858080455
-12.031222953681736,-12.60103226469134,-12.62023390760515,-19.947581626362002,6.685607315576482,7.519338193319512,7.299962012167855,6.6946463763246395,6.221460859007932,6.744333564655546,6.977943783267526,6.978679687439885,7.01765805892753,3.9795427670200745,3.738895073891077,3.7992195832473237,4.374889082708819,3.383620584847229,-3.101094874399499,1.3613600892846447,-1.0221419545358652,0.05745565404736625,1.215163620977821,0.6097462216052753,-2.5160964901878056,-3.1506632354922823,-3.1636648384199693,-4.89890969042971,-5.3409722855636454,-5.730501828799272,-4.305154272884964,-5.3216145051900146,-5.606718758245988,-4.406237564945242
-11.921315185191908,-13.861738469304978,-7.216251068105602,2.2020985234056214,7.160185156521973,7.666387835530428,6.811814569216045,6.190212077263468,6.650394325345689,6.539332179568399,6.501545131447352,6.246004417995102,6.645763519200365,7.1982524580153004,4.5495315747376965,9.767821504290234,3.2701822030389613,3.6672929225886595,4.0863928717628815,-3.4826936698480386,6.701368223652265,2.835853873591536,-2.3067000643810798,-1.3962056317005114,-1.053661727313236,-4.851383571875858,-2.6066699587873057,-4.378584557718708,-5.27418442342988,-4.030713015016849,-6.817472577724047,-5.259683020862742,-6.92459101812892,-7.405636655825063
-12.500403533152774,-16.272211714145417,-10.316349771191305,7.213949054237633,6.631166237754494,5.589400191904581,4.383739306216263,4.47507393818926,4.630810018987264,5.475317539536112,6.115644373088552,5.514158780761557,6.051515568713242,5.121380015758957,2.909879168908164,8.883137150903199,6.358617449121737,0.8619839185643213,0.08759509463560855,2.8363980215188063,4.252764629528433,1.379675569730593,-0.056519934182057904,-3.3525088430084367,-5.78352609851715,-5.2749406942356964,-7.539550277039824,-5.588316781687811,-6.1822473742031905,-3.0256701509885957,-4.874674227173247,-6.667925174060267,-7.1580279246236085,-7.679681927807412
-12.172563968994416,-0.46859426198383247,7.355895944783825,3.3779948919605296,4.1986534637297055,3.783546080607216,2.6589793033112867,2.5041016017006634,3.37884784936098,3.5760707002000807,3.5031026355116914,3.6697059469570155,4.45186856096107,2.147059068341398,0.7952581147392538,0.4543767976653377,-1.612639749356948,-0.9408236354704654,3.982050554122457,2.873045673274311,0.03138559452423513,-3.107217108814756,-2.9489436894301995,-3.138238202685915,-3.783957353051298,-3.9394148465033054,-4.0509250889262525,-5.3710603031739295,-6.478318974904226,-5.785274724363941,-6.380666656487069,-5.13477066290707,-4.261911205014273,-6.573500151692287
-6.137920142171924,2.450303962402119,0.9404562922504234,2.982897355638151,2.3973276327479844,1.552603441754231,1.1610046029228498,0.38461584951050165,1.1806682371371686,1.4959389233749698,2.0445457616461593,2.1246995892227445,0.9496845597499021,3.8443550430858733,1.9579900987083283,1.9507423525599148,-0.77085372335459,4.623676092845044,1.1741014856259486,0.6415231914393387,1.6798061740704129,-1.399859462666449,-4.754530146462751,-5.083682653947473,-5.576389274298129,-3.7348007588918515,-4.256319807797794,-3.6895816734024276,-5.08685116824332,-3.669496232281812,-3.552701753224287,-5.444453958706801,-6.863734970038552,-7.581999409769715
-13.313187159505057,3.0638031683146645,2.234369753999,1.7629419810999047,1.1492468166598657,0.1830282110117939,-0.19510746495715262,-0.3857265697973237,-0.12789745131400687,0.7119022323682012,0.25659989465958627,3.8403975601558544,0.3064466390436535,1.25938113575363,1.7824630272109478,0.9146517007522936,0.1896942661564354,-0.5253329804919936,0.4008878064173149,-0.06388104960376266,-0.2588113110972039,-1.023181664904035,-2.070305036977049,-3.4189174228524677,-2.8522816731548386,-4.5162803575903805,-5.10085532057875,-6.552276848142624,-4.321301132077018,-4.148495894288452,-5.5948477539609245,-4.754607896895023,-6.7625605863143035,-11.916625452677765
3.472698486597497,-0.5768190297465907,1.1634400732445285,0.27352914865641287,-0.29611848300459226,-0.38413587633667107,-0.35275001194481426,-0.3389736249632618,-0.5704676229482527,0.22122384689925143,1.157961128437186,-1.977023207585468,0.11338823971506455,5.3259018503839,4.384562917683962,1.3879322038603064,1.708142965194955,2.711275842077066,1.196776514017274,2.6079619970122665,0.6895877951405593,-5.322571814037962,-5.322022016154315,-4.040705702737636,-4.8827930725820945,-5.434181941882019,-4.860575398298927,-2.920408802754046,-4.884442228746355,-3.550249500962935,-5.584440888640439,-9.63421244993236,-11.320540619257596,-11.19305577701546
-1.3813632936703608,-0.33851112139462186,-0.5930759618476824,-0.7788267071975764,-1.4447294004297222,-1.6193284035105573,-1.2211674115351288,-1.3778402273887829,1.7059106870027723,-2.893080077111649,-5.103813516600509,-0.08248664834309792,4.864904627907751,-1.0616839364728614,2.411732758000745,4.244349115171957,1.3079602894336917,1.5458926248545666,0.6298525482503783,-4.731571884078987,-4.002689372338629,-1.275063879830995,-6.141259868004314,-5.51864910141569,-4.580054314579884,-4.797197341741202,-4.1567125820642365,-8.032338045774768,-6.2373709307820935,-7.280569030172052,-7.932425579056875,-11.958876681543016,-9.134672059037646,-8.891852755323715
-3.3995482578277647,-0.3682996472662409,-1.302901117910148,-1.7370773201747804,-1.7650815277799834,-1.6656010026305246,-1.3928151495972578,-0.8467975637839453,1.8904444931488804,-1.6719414409509812,4.046364572313491,0.8781979649399421,-0.43909416025931525,0.789260328947335,1.3455927977171678,-0.008918395011860578,-2.7700984806379303,-0.27634924491817775,-2.6348963502185208,-1.7914152448149587,-4.006746813984701,-4.208195124601423,-7.956115955913178,-4.714448576972222,-7.361616639626818,-4.773527690668163,-3.0668601884528135,-7.353621046878952,-5.980282115954452,-7.404674212611838,-11.022096145583921,-8.672268677799671,-8.564112493092706,-8.334425005882638
-0.9359323287283805,-1.2372759791831232,-1.5941077515952706,-1.6304273807492666,-1.048316754304236,0.011695106854674907,-0.44281661399723277,0.40725392541854494,0.24062042304202386,2.095769779210622,0.7302205465667695,0.9593183255314538,-2.0866243625580156,-2.508926208195043,-2.6165247806927248,-3.2171360622032585,-1.1393377199641934,-1.575526972652856,-3.9814126731759436,-4.507650269409074,-3.7342749477111914,-7.376448695012635,-5.944800492069503,-6.5421094121876475,-6.262396276836119,-5.49234247924055,-6.602840717863902,-6.7917027853310294,-6.495612771463292,-10.835691845670748,-8.571806295264983,-7.9513885793657435,-7.197004237899219,-6.9251827379956215
0.2937105154442972,-2.310253732676473,-2.419831973904866,-1.4237064417720153,-0.1868747428487643,-0.18793519607579684,0.0895574288003676,-3.3778020530919743,4.885582104689508,1.261424564432822,-1.3195159291229828,-0.26461143748990656,-2.9316444257157994,-2.625262461764979,-3.8419352699971685,-2.805612644366028,-3.6823869739546913,-5.630158115405637,-2.6607334627825274,-8.001172081073175,-5.021499279139395,-4.672644650442324,-7.259233676361275,-4.5060670101991045,-6.21542121079076,-5.2065603095759805,-5.257702757381071,-7.250559160993201,-6.258808727111968,-9.040009146530593,-8.611039065996424,-8.106898569856641,-7.421026157548475,-6.843996533410885
-2.677913499911158,-4.101806799390332,-4.219154228940008,-1.4198496541002459,-0.5283625954589304,-1.3409575152665896,-0.9236167689751668,0.5578990129506511,5.091111945449863,-2.049276007177277,-1.7846230699587267,1.428024842114908,-1.5356967581327314,-0.49374164021813927,-8.466354523829182,-2.3973539576684995,-5.472925915203794,-7.642672271096235,-6.5686118453192535,-4.35806969393542,-3.1101409453212647,-5.186864467550166,-5.931673987683833,-5.356450985284758,-5.857941130180544,-7.32987741679601,-4.8505143686430445,-5.483640199415107,-6.319441552912398,-8.484577646423606,-8.134125716166626,-7.816741704682479,-7.279664345088785,-6.701165500220086
-1.517437410855865,-4.847400636017604,-4.245942212968673,-1.5023226816149087,-0.4690293977542199,0.8474371166525441,-0.8215742372312093,1.9767391739296427,-0.4121640849347004,-1.364843157180143,-0.7234367572635573,-4.578456049384847,-4.362180548714097,-2.0437408351611355,-3.353982692059161,-7.23600435150182,-5.646376395200019,-5.230400922167116,-6.871587500344895,-6.66101775190485,-6.99009815942475,-4.276091686861225,-6.370917290920554,-6.663113098245221,-6.821612470092883,-6.754155046327377,-5.8676811036472944,-5.098655773353378,-5.489883876373524,-8.619916332661493,-8.127939139307966,-7.282807424877305,-6.757482385545193,-5.825319423736233
-2.8728644240482093,-4.757390183896821,-3.461953747317433,-0.05458672415145003,-0.3438813799394597,0.24403991571009964,0.6926168175604837,0.14687536173548243,-1.3294233485671199,-2.086369209105137,1.0867175219670064,-2.840794776418041,-10.171808337122295,-8.036240655693785,-1.6297375329306143,-7.7329469300045215,-9.916187430340061,-3.596386491654807,-4.603145700386377,-3.8798341425292557,-6.10864721802063,-6.123292571535074,-4.040051463914043,-6.999159524517308,-8.09356843890454,-7.132529099808674,-6.740087315342631,-4.704195537339095,-4.735994398245599,-7.604584400197386,-6.8560869493457535,-6.457808142289826,-6.057311032225385,-5.505003202449086
-3.7320461352032246,-4.038725209535777,-2.0618818617076835,-1.0939678697528268,0.07534067739175422,-1.2492317222197307,-0.6913825935188073,-1.6592295831717028,-4.980158977842482,0.04423139726699894,0.8204121547685422,-6.823518829915177,-4.115339391044736,-4.319827175022306,-4.69152333022305,-4.314206073349511,-5.941725103877583,-6.052616666006747,-6.445932146739963,-6.207877269397531,-5.550966018545064,-8.13496396235936,-7.056850581228732,-6.9273499695077,-7.208051171852967,-5.847229029444894,-7.693404068731613,-7.01014095667784,-6.5617287549234025,-7.150680442706332,-6.426582750079648,-6.186806891294281,-5.416730157825094,-5.06017282098473
-4.701589953588795,-4.942975060221233,-2.484579518408827,-0.492811273616797,0.8515697357286818,-0.18775577689669953,-0.7641223025702335,-1.8907665287444655,-3.4310715753212677,0.10667839104974015,-0.9046697054160187,-4.332236847131288,-7.038221671511648,-4.9210154989660335,-5.077398389865335,-5.189705363133291,-2.797455573206015,-4.8180179175025675,-6.000966302645698,-6.291545664989008,-6.621815249090263,-5.110113877615267,-5.866858484484766,-8.764395019544773,-6.804988801363611,-8.336758095833957,-5.355842985532338,-7.44351975959381,-5.890064808267964,-7.121244874250036,-6.541766290291565,-6.028556174482508,-5.425340126813852,-4.730608794628977
-4.368190140231778,-4.322528074912135,-2.389659493993065,-0.6863731867652239,-0.7815220560037917,0.35091114024135905,-2.725349725037315,-2.675883336234557,2.3265445486321146,-3.779759382980737,-2.921017434724955,-5.7463251595370135,-4.166793021583517,-4.960034001029241,-5.96306256170514,-7.189835236559266,-6.986987089563465,-6.897118663848974,-7.668829597105214,-6.371577103405189,-7.000843617381277,-7.8343211938733655,-6.4881965893029685,-6.498349740452901,-6.126226514799551,-7.048679148020816,-8.200273195389574,-7.888179522609697,-5.127518629871384,-5.569352993128828,-6.252507670387676,-6.048832641717546,-5.624744420735537,-4.71253086005409
-4.6057151049374205,-3.363295392140551,-3.2772924524433003,-1.9077309470700705,0.3078059842376248,-0.81757209188974,-2.661069436225997,0.8484846458897074,0.2802348267985008,-1.6641792643296691,-4.271581616054105,-6.247919244978951,-3.258190071327517,-8.67820315758745,-7.167741186511439,-6.264331633201059,-7.9146909375508105,-7.149144469189776,-8.151146373440355,-5.296268278215895,-7.69453648831682,-6.485578717388351,-9.522285413787428,-6.874446152347925,-5.468609606059416,-8.128051338418336,-6.475944707943222,-7.026895855765497,-5.813658552099386,-5.528480022426576,-5.204666343971766,-4.997410981474037,-4.817350452227908,-3.0525454958000346
-5.1254311661535406,-4.113423805687835,-3.579101746378366,-2.787740412519383,-0.14189196654009692,-2.7626211708335173,-0.4842483628638858,-2.7260712121412025,-5.337059355237463,-2.1408531780083244,-5.257379802644892,-9.010291340196527,-6.68827552536426,-4.723539294211698,-3.5823571630501396,-7.3347566288622215,-9.051151243599234,-6.429202780900331,-7.1986352361977675,-6.4148114483770495,-7.109887659382797,-6.492861671428958,-6.93951562152902,-7.320418861581243,-8.500042749990513,-7.978650486885543,-6.796348144699237,-7.313486478523771,-6.572949096693607,-6.867409996651488,-5.402579624793485,-4.015092075236001,-4.641577141120959,-4.452378033965009
-4.007999506344853,-3.939266572955303,-4.22229484739591,-3.677980268546422,-1.5695852074894008,-1.6042653810229859,-0.8485828264307305,-6.657529532529708,-7.509383704406794,-2.91486102042461,-9.771458558341733,-6.873798919121983,-7.339448482122993,-7.12784450659902,-2.980258763114366,-7.436428932873967,-7.866155616593333,-6.457330382872074,-6.463013568665241,-6.289853872239992,-8.576710615224284,-7.885163764938105,-7.5022941981806,-6.950339450548347,-7.514637623560937,-8.271480187873944,-7.701005067478562,-7.266534511713422,-6.501006885571559,-6.191854341972153,-5.5778589138015,-5.780306803252835,-4.9955340604021226,-5.324455846470299
-6.4414242652664555,-4.62845494459144,-3.9857251442822283,-3.191299494852989,-2.2040392396040462,-1.566056565923813,-2.3095893794234383,-3.1975560544128823,-4.381731449934187,-7.7443899406074115,-4.665277749737313,-7.519326954976672,-10.342559448390737,-6.763314003922078,-7.440106390440806,-6.738043328957113,-7.482133737117564,-6.734154750210938,-6.523888119903345,-7.246055693975051,-6.962500558554729,-6.865368120471002,-7.51988297341255,-8.329529440384404,-6.462223228583913,-7.719954617862312,-8.937723750309928,-8.753808811876365,-8.975672922142012,-7.650192003298752,-6.528050843354903,-7.046032580109737,-7.53489847533211,-6.533929792701797
-4.014484298788447,-5.080776672010464,-4.55973687626395,-2.8199189258352555,-2.581311405589367,-2.189038544906743,-1.3382369742441578,-2.9344668209730917,-4.94954379404706,-2.532204568170115,-4.882075401621021,-3.3541881955821835,-5.785536519280911,-6.413556681997418,-7.408038511103599,-11.90386729763833,-7.216459538376577,-6.285624499334708,-5.773132773496602,-6.704862451346203,-7.667922015723104,-7.378070642590627,-6.982866482102646,-6.627218648476919,-9.755620872119287,-7.123680986526479,-7.72570415672343,-6.969585395611992,-6.290569852169261,-6.806799753077404,-6.913684459193785,-6.150823505743068,-7.812486481437158,-6.983187226630589
