script/wind10m.json
{"header": {"parameterCategory": 2, "parameterNumber": 3, "lo1": 3.000054539987559, "la1": 64.9999836372058, "dx": 0.5, "dy": 0.25, "nx": 34, "ny": 52, "refTime": "2025-06-09T06:00:00.000Z"}, "data":
[rows 0 to 23 of 52, columns 0 to 33 of 34]
2.209831132091578,2.163042562246111,1.2098079042390024,0.27488018744612697,-0.463565020510808,-1.5615760961208833,-2.9587444246682235,-4.648803337847866,-4.198025226616217,-4.361771094737069,-4.032947406668189,-2.8291700747007473,-1.9144798427619152,1.0458157803803654,3.068005426892279,3.1402569109007614,3.8327873038020814,4.323529613673554,1.7683083457647453,3.0594271329804084,-0.9723405179330341,0.43181409941121524,0.13189693554087398,-1.7758384352139298,-1.2791285767298537,0.03195888787693392,-0.6993733890212362,-0.39968759465339515,-0.43834335076577435,-0.6657680053663149,-0.9726472308083959,-0.38567379898366166,-0.6121734627369018,-0.4645492165286914
-0.2711577313019684,2.054229995191883,1.3445517015625417,0.2082753678902508,-1.3203907178151315,-1.9249728093188678,-2.6520304245116537,-3.3599781403911884,-3.8117089221012987,-2.3694746305461565,-3.063400532748454,-2.9359302778877687,-2.0663852167044445,0.8790295067516293,1.711536971097656,3.0452180022239297,5.019827395401458,2.5318397309331835,1.3408344904569738,1.4615120554155425,0.4333806799222326,-0.40193686195030787,0.8402365023448629,-0.9206996436635847,0.4463696027366567,1.0704042854776872,-0.3732806013751353,0.0709024658505106,-0.8469775613968658,-0.6141112038302295,-0.9577566802914761,-0.8093185395838782,-0.7858446917118919,-0.6373148254689127
1.0407402320542303,1.3891063022785233,0.9620333179283759,0.0422074986233888,0.2319860771350472,-1.8203138733732165,-2.7298589012933654,-2.6873315223534697,-3.9798266983324018,-4.280231666478957,-2.9054136391867726,-2.737727472020791,-1.6395859641442312,-1.1695009234473197,0.05214176507025329,4.5228543146832685,1.340095039436831,1.2428560748780326,1.3444995986494481,0.13400700234805743,-0.17713768357635865,-1.1055916561670587,-0.28671186364770623,-1.608732503163602,-0.5172357226174222,-0.4114131721449359,0.47682093714302415,-0.2750029230312984,-0.09951854743686495,-0.4860813416284595,-0.7781782343237931,-0.9523019529660278,-0.739728008799534,-0.7848540849133246
0.34951382427720806,0.944927837477949,0.9060798078265341,-0.38542358099387514,-0.33310057103760715,-1.1149099320210345,-2.007231512145157,-2.505861608029508,-1.8634225586831659,-1.9798407254625459,-3.6067904902825916,-2.9228731774522596,-2.6665640794926015,-1.2889206671215134,1.908666277737517,3.0605969771720285,0.5164012894776667,1.4174116933967225,0.6751308566067973,0.13850373268813493,0.2184242409396126,-0.7604237004112403,-2.4301773206300212,-0.4019357575273235,-0.7102025808459638,-1.0156681143427302,-0.14171439788709017,-0.41662928080396816,0.03930441132038973,-0.2039176913580706,-0.6792896017050538,-0.9560274073238341,-1.214530615542087,-1.4554040857224062
-1.1592570287458104,2.069057911451541,0.784451089755695,0.26087155398360906,-0.5670970234663373,-1.0912035933954123,-1.8113278381197875,-2.8015683811970353,-1.7542931236919146,-2.7222482323882873,-3.7192946204426653,-3.4418009340095725,-3.1783041194395074,-1.316758162620466,3.2158106655369103,1.5265921964922824,0.4566900790704874,2.0417922590642283,1.2712011403285628,-1.360401459335973,-2.267355620367256,-3.520539091433582,-1.3731750057889598,-2.0653758731576994,-2.2333754875115956,-1.7348920394764282,-1.1095539452640422,-0.9368025668212189,-0.4469197851498774,-0.3295518822918408,-0.34020392221718815,-0.9945369153184559,-1.1282356752126546,-1.2906572010105724
-1.253063208276141,0.6572340589671053,0.6798566807061993,-0.17417213664662298,-0.12351954517807211,-0.42310716862874614,-1.467900714115854,-2.7367965562466923,-2.5308909733009832,-3.106564105515899,-2.8895910260541697,-3.6968597199785207,-1.8126818616333027,2.051102174601316,2.554451375355881,1.0654794972495123,2.8349317459895316,1.4147022690658215,0.17085594903342258,-1.228462935727585,-0.5696369663271812,-1.9745595684430999,-2.481966020631572,-2.704155652387982,-1.2437752222848504,-2.3954865784322554,-1.7013427047348095,-0.7616135109923436,-0.5633990562151697,0.028026455096816685,-0.6143382168969178,-0.6106189702848676,-0.5115448836819522,-0.9274722701084434
-0.12800998794827853,1.0606774460258748,0.20303006397629597,-0.531992202255472,0.3123199200362156,0.12975744770927383,-0.6226519176141003,-2.099422207047217,-1.9180516398890683,-3.3921345755198,-1.4591546812369152,-1.629734091561256,1.7057118950064176,1.142865716189711,1.3883290117532523,1.6254773382137204,0.7817091383312156,0.8014315147436045,-1.8669652826533865,-1.1812077296490409,-0.8401904259585026,-1.0323795823041104,-1.9616583251210793,-1.1044959082329187,-2.330915687671725,-1.4885231426508378,-1.2298740887706552,-0.9518624619093097,-0.6517391743720555,-0.300622704891015,0.17570687019119813,-0.7027406372009423,-0.5372932407572101,-0.7550455875356317
-1.1802044038637474,0.6982161860154926,0.5127332449227167,-0.6157746198144843,0.12015293609188443,-0.12931465798427713,-1.6695765451814661,-0.28625429847477607,-1.478448122842174,-1.0863914878014094,-0.7699055381495516,0.6812499690739892,1.49719374584261,0.6968586387618866,0.7774787504862922,0.8210577325159404,1.242531195742995,0.18031002960145348,-1.5858796008082057,-0.8492290620100876,-2.1176579296131086,-0.722763786458387,-1.4402071795330122,-1.9504192451160696,-1.4000524688840983,-1.2681173740456753,-0.3619089034145114,-0.3186582877142434,0.42372385425899806,0.19176453647958608,-0.47734131898726123,-0.5133071868639376,-1.7226551370398784,-1.0755339466009892
-1.5607099652684004,0.4241954430765559,0.7353942400755387,-0.050301923384333445,-0.7564130012672837,-0.25896131817237045,-0.801618011362693,-0.6275812933321212,-1.1061657962996658,1.0535318479015183,1.342824144795211,0.6198226211244338,0.30406384784403184,-0.6359007464195999,-0.47623765814781804,-0.09609348882469324,-2.1166602335681937,-1.9789921555368832,-2.3240371106281357,-2.7567991136372503,-3.528864094122748,-5.782867739400747,-3.3650457238847236,-2.778314762129009,-1.721639969792886,-1.9175146763102435,-1.165834350334884,-0.525467134273092,0.036987866185389254,0.518229504531317,-0.03359237114799358,-1.8381115669544827,-3.2631966820381857,-0.47736725261419594
-1.949479206507945,-2.1494533358595818,1.6467928325444137,0.8972423781560308,-0.4048407571185156,-0.876767371393599,-1.7347834982389791,-0.6960015633438487,-0.5623543613677953,1.723986661609844,0.28135429866002165,0.977584717875377,-1.0621880194121711,0.8648814011080433,-1.217745587820555,-2.414792480938012,-1.5594054870965395,-4.975838930901745,-6.5304141616301115,-5.4325678833829905,-3.6856887567667456,-1.5194057100375018,-0.6610425499788507,-2.9341575443163554,-2.1141549311244856,-1.8380127135713955,-1.022443913801895,0.25722126461203754,0.43792463081568217,-0.10500588294394692,-0.49181014165027814,-0.2152009320280047,0.1040261193405521,3.407091833715643
-1.5388520450061252,-1.3390157261601965,1.4311087759152108,0.6630561417839015,-0.6780626239084269,-0.46499186901879463,-0.7129292955137049,0.7906170125268885,1.1814377196506616,1.4843137740142347,-1.299505615947888,1.465723805476955,0.686291229964493,-3.0192755575052375,-3.173938425688784,-3.463432824428178,-2.1652443324338533,-2.436192376954858,-8.521549592535411,-2.0232221366548537,-3.8706849774643373,-1.918930308238498,-4.31280424052466,-3.268314761667914,-3.0905594214322623,-1.8927967640901089,-0.4262515659583067,0.12878383054665782,-0.30015507005602104,0.7152982614420028,-0.5735414777881102,1.7134494029483087,2.6565677585409575,2.4560499975251124
-1.1673477711180682,0.12258264525693831,1.2105223233129196,0.3682977188783117,-0.745168884466152,-1.2372022825848896,1.1373381816849606,1.3183467296958755,4.526303938549338,1.3013485522471875,0.4307675410811565,-0.7305318267776046,-0.9760506402750306,-3.118019701674891,-3.290562688332947,-1.662430252522389,-2.876132280679175,-6.752318201823913,-5.31111969087281,-2.9104168246498587,-2.405737438383514,-4.752595249560396,-2.3525475010272583,-2.559042346051777,-2.3909693922642896,-1.8602828675427894,-1.0733909861446438,-0.5956616546172782,-0.27339070097791224,-0.7077579811121542,1.3641261608476127,2.295941449521456,2.0541065317895626,1.9916959765961852
-0.17898848175481455,-0.5844372230469503,0.9620967160065832,-0.1874964200680419,-0.5073091834400772,-1.4928221118501255,0.05066717718409102,0.3277031860036381,1.1511314191170023,0.8050836566573474,-1.5194941786536145,0.4834810664907507,-3.2425604155122953,-0.8109397210079302,-2.089448840858292,-2.0332076850714786,-4.059170183251338,-3.052724161934282,-4.387081030595832,-3.9055965932040886,-2.994769625969079,-2.3318632387899365,-2.2349229186585284,-1.3864777749794233,-2.265850483977166,-0.7629963641297361,-0.197185069292616,0.34855469075155343,0.24830775011605713,-0.008041748417626435,2.1532730578399897,1.9416965086442484,0.5345867439793488,0.9834980889215295
-0.15959446327916474,-0.23758968811596487,0.08243696331275147,-0.7637605938823906,0.4042602614700807,-1.0146504462849573,1.5471769930935517,1.523792174131363,-0.6137579374269685,2.345469421918093,2.526103379186919,1.4632360079608184,-2.488650315346465,-1.1336903128899465,-2.766259725610407,-1.125756148881589,-4.169479567511188,-1.374268566745627,-5.574191356466629,-2.560569974064471,-2.6724699566196595,-3.000174112090063,-2.0408755097593896,-1.4990394263806974,-1.1019728341934112,-0.9828327675126133,-0.49106393076869415,-0.5426084604107568,-0.165149560672202,-0.03682785936121378,0.18654265837619408,0.18399718255137626,0.17832752853687855,0.29375640371334094
-1.277509664522977,-0.6547230679318524,-0.10563004109486002,-0.8885107058745492,-0.5482868993414995,0.02873912153207527,0.7655278914097267,-0.2312602535863063,-0.6754789075109505,0.8964452206346185,-0.46615113283461407,-7.590822061175872,-2.4752217070833624,-1.8813784826590796,-2.638061784664811,-2.723378155010725,-2.674735557804894,-2.9005643607401934,-3.4747856909654202,-3.1456395373170847,-3.6455776102524204,-2.1829528386587387,-1.6024382568400743,-1.4499094753374644,-0.9505477013566499,-0.5659308429587313,-0.12865726452803034,-0.5769070838582833,-0.48828973245492696,-0.19297521750493482,-0.23722578284457208,-0.18942549677552847,0.41148362437234676,1.7917339356032485
0.15400057560773509,-0.2925271981249311,-1.5054950788791746,-0.8341115426965858,-0.13928878263832353,0.07301960466258023,-0.932122748855737,0.9012914395805104,0.8500916028956635,0.5554616571886282,-1.4797732099383885,-3.0007919387938986,-2.5049443090999017,-2.333795435617534,-2.179046744605284,-2.758660612312051,-5.739688468328744,-1.391945089849553,-3.065903861661693,-2.443889458162202,-2.646982048752135,-2.7344378193301195,0.09777241362847701,-1.1252191585929363,-0.9145268324864976,-0.12025792264018122,-0.44902006339672945,-0.6240652734735349,-0.5448586517772132,-0.3987091247226838,-0.3954109787518027,-0.5844043127050552,1.093515750314155,0.6463735960846534
-0.6529510590278278,-0.003008206267856716,-0.7412138582481345,-1.3867916729411762,-0.7674603907624706,0.1727498567563674,-2.2435645385033665,-0.09967668239909282,-0.050941619984650036,-1.0330713606821904,-3.4354348161699635,-7.849559106780254,-1.8125247524769585,-1.4791600823224849,-1.1614863836344258,-2.4162819407050518,-1.7534438488461337,-2.3235117038069935,-3.250754685874681,-1.9015992415407934,-1.784200227049637,-2.7550353348273258,-0.858466496300509,-1.1638534442078863,-0.3442444772970786,0.3121277163457392,-0.24943822686176859,-0.21903319129109536,-0.7426314614120588,-2.102428281938163,-1.3558299266973983,0.5497652556127971,1.4017519817696416,1.1600039962532713
-0.36662477256280573,-0.3969854036637723,-1.6030446900634163,-2.0286709679398265,-0.7070577755555896,-0.5517560881884048,-1.8689031196958465,-0.15843941000917494,-1.3689708010002635,-3.5719658511200953,-3.315952451929375,-9.014630317854243,-0.6005542678954832,-2.1936595863922896,-1.4036432467932252,-0.9847781092638332,-2.42326886971908,-0.8956292779234128,-2.0101177886039703,-1.3770419836032357,-0.955788069412119,-0.25885095597029417,-1.007196718473309,-0.40433908616730174,-0.3433412835439071,0.49708813627402115,-0.05114145357953426,-0.5773102451102571,-0.6351264620424467,-3.0448315028618578,-0.772547930572427,1.2525668201061153,0.9600870865361374,0.32577151088087986
-1.0205144808434963,-1.2519745029602045,-1.9419503688722,-2.7814859408255246,-1.0220291450801544,-0.37709492598254685,-0.03535393193770274,-0.6986590726423763,-1.5971680288217731,-2.442758832318578,-0.027588712161687626,-2.6739016716260586,-2.1274139909980927,-1.9817532912466274,-3.0796074432627942,-1.4871094788133963,-2.118090498900491,-2.3416129662315655,-3.0579500139916487,-1.1973262275026184,-0.986894847986226,-0.37505524798596074,-0.17563476036492473,-0.36739296584730996,0.4419584701628875,-0.23988862056173993,-0.6159576835388924,-0.433248019343497,-0.7621593501001589,-1.209774007999903,-0.5655933322077248,1.8496995360237392,0.8595117079140536,-0.47913846708350527
-1.1650461496202493,-1.8341804345401,-2.260651977718495,-3.1405608146843873,-1.198787278695106,-0.02233619499048461,1.7551012613367545,-2.3643078755502502,-2.7705642207920107,-3.7659706283844665,-3.234115287622351,-4.758913744455443,-2.302220896851781,-6.313792609286556,-0.7212156331064249,-2.050811108185843,-2.2900934969261946,-1.813916796614297,-1.8213785125911486,-1.3991576306423559,-0.4408217628102799,-0.2429137847546008,-0.3808610049062103,-0.42768378992742395,-0.13352011827275992,-0.20399049184148382,-0.9291779524214782,-0.565799759422827,-0.9862549709285352,-0.6346098593871312,-0.6013039032519722,-0.36143054811714487,1.6246623147728683,0.09284582316037844
-1.3554222668457745,-1.7826525865110932,-2.404105544615714,-2.8977248132421947,-2.5667525973032195,-0.6810060085500409,-1.4440797884983148,-2.2345484896190912,-3.7962946862146807,-4.2163667268442415,-3.503171341058032,-4.037764665563227,-1.9915184576728273,-2.1697522130611424,0.536963150619607,-2.673626457653185,-2.1970774414723957,-1.7001155257423952,-1.6806873748653455,-1.0915782925761015,-0.8445434771203488,-0.5884172758483702,-0.8352292994652866,-0.48986622775131455,-0.34825661174153044,-0.7471057259495651,-0.8105766048596496,-0.9221465615535592,-0.9571865795190188,-1.1488256481393726,-0.9451448078158692,-0.09252002676096005,0.34271258914893965,-0.5676356652498501
-1.1167938457103417,-2.109584368513512,-2.2647908966097288,-2.8465343452412286,-3.602469704922123,-1.0318188088832958,-0.04507345791579218,-1.426232273524984,-3.1534277246081155,-0.991555000907269,-5.25268884443058,-5.891597784848211,-3.3749547435658562,-3.816821591495004,0.39943708636022796,-3.2408978403367055,-1.6714631530221624,-2.3576510901909,-1.697739086618132,-0.952084524749854,-0.5433571157928991,-0.7103624051888621,-0.5801008180018533,-0.31228221004225126,-0.7026997435400811,-0.4732233328262281,-1.1394135455766732,-1.7061344731339683,-2.0914645835500196,-1.6254714519535576,-0.9383591384077081,-0.4172060937331407,0.06102036399040096,-1.302339740747763
-0.9956284605493929,-1.6320271283775198,-2.6710122345013265,-3.0529541472959805,-3.7983191285414306,-1.4301106867719744,-1.7194066783343653,0.07751116334585426,-4.0768159075816595,-4.12152946765976,-2.7105309938384203,-3.2868968124605997,-5.150201835955743,-1.4388063103063333,-2.9794190962217426,-3.166058333879527,-1.921084085148036,-2.0058390780140303,-1.4216909543527507,-1.4640087004707683,-0.4911316739061862,-0.5542639970694617,-0.6765596710603714,-0.4221353876349821,-0.4474622612407214,-0.7207973602288481,-1.324669529724865,-2.325382755218079,-1.4640916607817331,-1.7098338702460643,-1.2060052336524467,-0.7247840130243837,-1.7291841333586195,-2.7851817021825735
-0.5475588090331912,-0.8845171709904633,-2.2520016884966667,-3.4233226003987496,-4.069294047397228,-2.4358626358724456,-0.801834389517053,-2.600832098837616,-4.169460681702976,-1.8825035976250712,-2.1683998137892773,-2.4766123210418627,-1.9646154096725539,-1.637243076086119,-1.9199909528038266,-4.858686379503504,-2.786541035440461,-1.8268326581296193,-1.1767132179741757,-0.9988086579971536,-0.3108053407310805,-1.4389485563980908,-0.5057734475422818,-0.38226576648742877,-0.7700605991313998,-0.9177477124955167,-1.3233084339122168,-1.320325616211979,-1.2919442515641035,-1.4730049886854655,-1.5503272818520164,-1.196722403265319,-3.5130178265013203,-3.7283662479209427
