script/wind50m.json
{"header": {"parameterCategory": 2, "parameterNumber": 3, "lo1": 3.000054539987559, "la1": 64.9999836372058, "dx": 0.5, "dy": 0.25, "nx": 34, "ny": 52, "refTime": "2025-11-23T14:00:00.000Z"}, "data":
[rows 25 to 49 of 52, columns 0 to 33 of 34]
2.065072043453326,2.0943627765359625,2.787668024219523,3.373925858522073,2.4690104275638345,0.04207068158663647,2.2272346711400712,-0.2407839121735198,0.9769827343804292,0.2567186745185467,0.6484407125476765,2.6053652366919766,4.517445923108001,12.0535172848532,12.820178028374109,12.360571360447285,11.78514410081484,6.7208286587202535,6.611767555784937,5.270137884783244,9.643456340963095,7.653802766767346,4.922577430053651,5.077481346567994,4.876274352657633,3.6669287494128326,4.935540046827351,4.669894288302201,4.134487522667603,5.1653073716217195,8.339393554657772,9.772457577941184,10.851135715873415,9.700777670590973
1.4951500860170746,2.095016413214197,3.3731564896570987,2.8026818089884253,3.7976402645658007,2.773823502157699,1.426270701686037,0.9246566879373763,0.18979100505365962,2.4446084883173973,4.132521830532471,5.23483340796603,11.727042099497163,13.691429256830062,13.922468518609042,12.798409422873068,11.765582608108053,6.773391174814299,5.916831825314729,8.632389660940934,5.450204507282443,5.265069773837129,4.589955107167384,7.245997983777148,3.2226731371136985,4.017786707178551,4.584146713050455,4.7803089611894345,6.800648610914721,9.996327602161234,10.216926611317513,10.51328569365914,9.588951761836675,8.594624267417526
2.9233012611377402,2.826421146026043,1.880255284210996,2.2155770353444475,3.836264303033323,3.3338868577157803,1.3445875094035353,-2.2903737914617106,3.3250195145859056,6.069206928005991,6.096669884768246,12.589600641192781,13.852803309710936,15.243460586109912,13.19924824153882,11.234651113320563,11.29095238043614,7.260585815480086,6.0533729776950205,5.576179795305702,5.695973559555473,4.752111724743793,4.428459137144963,11.112446692373297,4.900348996857004,5.036611512292456,4.981193909873702,5.164700345481011,7.404823775424876,9.700563355148597,10.269464834860297,9.697854757902062,8.825549040150705,8.912804277550432
2.4526560407742055,2.301799767896028,1.976005425280342,3.2008390159315026,4.557868471435129,4.14193517643499,3.4004550198655794,0.8883137654529504,12.444782101618383,10.01828471396799,14.185859992436004,14.405847720515357,15.807540938855277,15.85766567472411,12.170547900977217,9.845546178774272,10.662623766731341,9.963617864273807,7.163320630069014,6.124597452928785,6.245071702413224,6.3992448032248745,5.004793564450391,5.338423795581652,5.25190596463504,4.250867344513157,5.233105264124931,5.114514551710115,9.12997109278303,9.665719068508235,9.439179480009079,8.720289088268169,7.560641655292444,8.238099297454387
4.144228192471396,1.8664899680338338,2.9105140358458703,2.995520114270023,5.057970578531515,8.16912596826306,9.459916209775475,11.063370764960172,13.123586411111022,15.767637743173387,15.356190268835121,15.897308475064866,17.13308069046966,14.456621445093784,10.560727723392413,8.256589942371358,10.723026104421002,10.907568830306435,8.327421625974015,6.458707167741858,5.923613862494402,6.046933490142508,5.393217364198327,5.478549836897141,5.547300632960588,4.692324816895593,4.609104474764211,4.894963221226109,8.582701931733112,9.121754788279715,8.460750194694418,5.055923753086778,8.562888115071205,8.974325485160465
2.437623679053547,2.8407669120259644,3.9703540988578663,5.582350997501339,10.052454165708957,14.274978990058566,14.288914683894102,13.626871904298415,15.75441870173932,16.63384110116851,15.399988728701258,16.670710990419447,14.999514390373509,11.648142017709455,7.38740160013167,8.42565368835686,10.790202752513094,11.958806957537542,7.446075384519882,6.560337160385299,4.438012430222523,5.288468652339186,5.189189843670762,5.247053038456076,4.721657384281507,4.484565019057569,4.3350792423767714,4.444202445822447,8.685579976409418,8.13201546330247,7.6708094450342665,4.21745967053596,8.923257253400152,9.69724969843382
2.728966656892756,2.5570481706030277,4.928641373617299,7.176558627249207,13.77879479067158,15.929580476599682,14.67747110166184,15.494029769562825,16.978851106373515,17.153969539745386,15.45458261730223,13.659909307101445,11.442036250928446,8.436687509929898,7.142644618998048,9.098453993572926,8.02439355374503,12.39969803921379,12.466793031797696,7.091654782607617,4.301079469229652,4.989125784502521,4.71935699996565,4.724894242522294,5.594009232418015,4.375677556733985,4.142128898893968,5.025009579135369,3.8867358426651193,7.3677273818165645,7.15754187720545,6.123343818077877,10.090771452625948,8.851298075143724
4.646765435491128,5.439396377748319,5.184693071357221,11.031521745482168,13.377385723457065,14.780689116388471,14.758014273212405,15.568905863207915,16.84905129402619,16.148025202682067,14.635794253148008,7.968016702865996,10.816178591231903,7.893122247640711,6.195649800380467,11.213872052209371,11.941483315786737,12.84274975159146,11.823054587464561,5.806586013792455,5.514107182026924,4.788652783902646,4.592773958249635,4.563538141142316,4.522334839519533,4.300574697615933,3.724934900569867,5.677378306676454,8.05701486569078,7.0571963067586365,8.629354544535468,10.475186266929835,8.503110329297536,9.50285731994232
5.610299161758614,8.615744440490936,13.938387371940195,14.910075251689126,14.83681439262448,14.234961619844029,15.106228371424015,15.594527725819022,15.956699517145765,16.30261157839449,12.096078313054706,9.989685895079814,7.662068774089841,6.336877320493215,6.603824077370837,10.702947461868865,12.113634111614507,11.200962640034469,11.35188606593887,10.51856536017328,5.414914879548073,4.852141655597659,4.173188636146452,4.8853679788663,4.485432828707179,3.824857758366533,3.8233568156767483,8.058244296311152,7.436429904651726,6.990907394669368,10.64721128226659,8.737456586157451,8.218746272760825,9.180433278457913
7.304812314199087,14.752896607432477,14.894372483229379,15.020695156427164,15.144831659795404,14.976832450434882,14.160880651432096,15.35375927445094,15.46847305980389,16.478789620386134,12.130657202310367,8.345920536040417,6.434990410323048,6.107500734843596,6.326048650189823,7.7681805065792275,12.693626011423559,11.762465676645698,10.702893908473907,9.84959777071118,5.9578535628048686,3.9539498522283774,4.365262624627099,5.102792651078853,4.741129381071787,5.056697483606882,4.475568855402201,5.56111150807295,7.330265447292542,9.746988469170084,8.968446541257785,7.826185382314963,8.361110313700404,8.734342698834594
9.97805834803362,14.57693763142962,15.696724594726557,14.596059005111776,15.129615670251356,15.168421033969418,13.819702103283738,14.90465628459351,15.828919889191905,16.164120172844992,11.99545400668641,7.769001527465825,7.39745852820611,6.78430634325053,6.209901178588756,8.428018147982389,11.624538341597203,10.8292995165219,9.315011883746003,7.514832786055726,5.273112899326363,4.689432010377244,3.4857605517961217,3.103832151479002,5.518899314838555,5.250997533763452,4.582500542299663,8.356658625573347,8.429492252273317,8.789775399748082,7.573205028521043,7.393769924567825,8.092292012961632,7.629886366803699
11.611046740602696,18.151092326732346,16.700925068199133,15.963396183707937,14.286974928353857,14.470243448196216,13.515603252879073,14.255503124037961,15.449344543136087,16.293236595144535,12.288984317170495,8.391877988715507,6.574636940353219,6.540492061297568,7.687156979869559,9.867274747635154,11.096683935503824,8.952964751472074,5.4284717467508035,6.077502283304237,5.814226858397887,5.453010371549952,4.310585768251756,8.915209277777592,10.13289424744137,9.476061055307785,9.325059836207823,8.809533882291289,8.319408683887454,7.757875566210903,7.442141214645108,6.797942932518762,7.548610560177248,8.438277764848662
12.6098937493117,15.528961364672194,16.555481531455158,15.116714567692782,15.452243009252875,13.378544854982087,13.986480372770528,14.750996345867295,15.547440820887152,16.428946978412725,15.318100678889953,8.119094724950067,7.019258642988168,6.463121854770781,9.783250103270085,9.939379141216826,8.505468233987118,6.875050407722183,6.289694519083955,5.937189863059475,5.267257802805413,5.667356410072812,5.131076566144231,10.82097000230798,10.02965818412163,9.635682714977685,9.38958097362444,8.831376313088862,8.334427864254769,7.146168353302147,6.125292913144272,6.726502128167454,7.269671363017671,8.756424884682431
10.016988040459182,11.694145979619853,16.698421022678186,16.20948906906785,15.190566738731995,14.505022923530541,13.914025210705569,15.33465989574507,15.786012499229606,16.375940851117452,16.409085874756297,8.958113814146891,6.667900076094096,7.1534673876886465,6.970133983166649,7.034971829671984,10.724132668127863,6.949565501464147,5.348874172147118,9.878063224320066,6.364272288673109,6.429951086836637,7.511921047961911,11.038371668122716,9.141965911759678,9.87307844528198,9.422222001336191,8.758443387150752,7.707293564329379,5.497385383736879,4.891038273388107,4.38039604430138,8.529493962361302,7.77638322394344
13.335298768720842,15.207159473317335,15.18606788225707,16.937625226741023,15.00346491594023,15.057249816807506,13.558666635073267,14.75882973303901,15.437699667727696,16.116905982031103,16.400070213451407,11.568226310014316,7.2378272405281585,8.527188303889167,7.802030256953899,6.683678042087513,10.643746505165081,7.518637713510693,6.699810835633416,10.258087077717313,10.014028670466715,10.066849463209255,11.317152607200866,11.751245188679977,8.091014436267088,9.64490008076379,9.20861532848767,7.839373304511053,5.595035058761521,4.586881030174598,4.07939795719194,5.930756608908164,8.419712802412763,8.32190950851333
11.820824898647444,19.847252269934135,15.954658922672538,16.607802340798113,15.755738934304576,15.150032252871592,14.253157187065279,14.815692515017773,15.178528440722541,16.022788270304865,16.770293028575008,12.03283041434639,7.5495192961907955,7.849527435380202,10.007793511114576,9.578593538678922,9.394503698931747,8.657011654154319,6.925376817178445,7.562770918804735,10.759651557354255,10.540941432704164,11.959242678431961,11.125698590487133,8.415413788046223,9.370590927187221,8.790460783421135,7.042155605362271,5.278563450545123,4.252703672917505,3.1301930555649116,5.5095601876030775,9.474111103073017,7.668385816813487
10.669078565449807,19.622297616120154,16.41554118636381,16.306689590858344,15.593791936713254,14.818420276997443,13.701596242839733,14.572596602167097,15.09851235504279,15.190520004523444,16.32248532108525,10.847516140731909,7.227791668580107,7.847190595246429,11.329812152541255,10.768016026214758,10.367378996851189,7.62627519209362,9.686321801698444,10.024098891346407,11.237869532180909,10.757304094392019,12.226404936766432,11.219288276781194,10.312380052698146,9.39898286236095,8.254682460154555,6.99784440217088,5.65898106030997,3.557735744764408,3.048355946931447,6.115976692626193,9.194267674798606,6.998354260346473
9.292625006834275,17.40509103152277,17.483831476112982,16.75742260815599,15.474118895320041,14.946164086951441,13.821871932068602,14.034973562885742,15.575657510317482,15.161005883337333,15.751525388900184,13.403250937207973,8.23629667274412,6.82571888381868,8.376457296434525,10.136533036493441,8.948343918227593,11.387955264664562,11.134907043801297,8.610646508314812,9.880043515273249,7.951644106637105,12.293610856572675,11.05671901418391,10.130149942691322,9.677769390793868,8.245544336194401,4.692163689056358,3.6542685471837393,4.043812148348887,4.040413256124293,3.5969692933776085,7.09506929155352,5.801360749652833
7.612992210983298,13.664861388898128,18.35179914554094,16.250090008190767,16.89364542345793,15.762857670038517,14.691982747348268,15.166499219544306,15.61075307422525,15.356003596513233,15.593279260415938,13.740684745692521,8.593671423969896,6.901718553852866,6.893110725638547,7.069920728356904,7.377502852543421,11.32507210421798,10.133512700854565,6.659216311882756,7.069310712677541,10.160912270552256,10.911727439953713,10.223029558413742,9.421584699577883,8.166968569741904,6.113816221681785,3.9101370472003723,3.1303239645956444,3.666722658735632,3.5621157294741934,3.273142089962846,3.619868501093174,4.05358546255893
8.11628203265139,17.5260392440622,18.624380652398017,16.081817223754683,15.959771893134402,15.736390695317885,15.465366708334454,15.850677687298504,15.597238550739217,15.051367671383318,15.486325583993487,12.152447077692315,8.470061836035079,6.174751435398951,6.254271437163935,7.160543314999867,8.679848449561662,7.266753420869522,5.845228149879437,6.303531857561889,5.621260732428991,7.049364029798008,8.677269217148114,7.393963730555341,6.108058913633451,5.561758088473236,4.4592935611753655,3.4252742805928866,3.379630376138421,2.920510943053051,2.283385099347963,2.882049388557256,1.9022644679278986,2.699380746481744
7.31227407679377,16.20285668385767,18.757406778204146,16.867590397625868,17.13467379557421,15.619276501342757,15.583265245235747,15.57157099478918,14.985694847246814,11.464650221046268,12.469315425968087,9.485911140843795,7.743009058293921,7.715286147725133,6.760355143860453,7.665133214935487,7.321754247438599,5.431649119343359,7.036689575796909,6.3545465797208145,6.775179199379349,6.210010028248034,6.457383444204167,7.287174631701492,5.7004121094677185,4.359334328611893,4.104954837943004,3.14239924103707,2.8978555915364175,2.4314654109937317,2.6667367452661304,1.818553790029491,1.7749126741152708,1.7850011087273363
2.251897032191092,17.44122627839347,18.665603501924654,16.628041808729368,16.955744198872928,15.137276852241001,13.708566536361506,13.082803004427259,12.153277953746716,8.857090862396296,9.179003097265083,8.667622924895662,7.237356699841132,6.911377033819695,5.938346532465652,6.666790698131994,5.642905906197406,5.335211890467543,6.055616543503166,5.231903641009888,5.643029067860277,6.661368406717674,5.318927702236548,4.526286861646112,5.690988999919332,4.234919190940761,3.3061244232890066,2.7941908262047046,2.7357281992690656,2.8256909861794646,2.0713649952317517,1.2458681981300548,0.859314298187787,1.0077767046775317
2.3650652936482035,16.311495069328068,18.43815387329356,16.268829445633056,16.10248355046358,11.808210011804304,10.22354825787606,10.251951581221446,8.76735120411279,8.786992576939575,7.854401187778746,8.720094413363665,8.584352467475997,7.493977410272389,6.712235515468616,5.893046138180191,4.61362782134686,5.010461706251966,5.447009463348666,5.087677953020814,4.941061686155573,4.65629547161379,5.6477317066746435,3.844758827094246,4.707688746974869,3.612146206870559,2.625470162285929,2.8343267566053014,2.2869917279454723,2.3522787407906383,1.307599386904259,0.20687458966152267,0.6893660019349585,0.5784091547834667
2.7858502406347996,16.66781275960139,17.978595097242792,15.178255509747027,14.935198418990533,10.788257464262827,9.480752620981331,9.298198615963228,8.80384445524562,8.773668661006175,8.466977264172835,8.283269414737255,7.271489488806121,7.689474715807544,6.018732633010796,4.955307711511076,3.830450116516188,4.061164712359389,4.511494873479602,4.963600685738566,4.412902987820551,4.048061099685429,4.847461938478239,3.9889964540681686,3.2514274011113615,3.454420707151994,2.4977723662713207,2.2398017959743846,1.907294526210071,2.0522473480979038,0.7941793390770765,-0.42589497277787824,0.5309831216619992,-0.3335875628584011
3.0885609063307347,18.207791280802457,17.7459329462054,14.985067146736734,11.530224698108054,13.355573854809903,9.160897127265985,8.962355678606258,8.309369554348242,7.773700452135066,8.302963094164634,7.457315225338491,7.027440844122412,5.395991865386245,5.935889183486976,4.557193936652586,4.808040475446457,4.391123609586757,4.889947527475358,4.349198664431006,4.558820006643996,4.083959103266318,3.899162551915633,3.8160716774520793,3.191524219503419,2.364397751601816,2.059919466086898,2.2261750921828036,1.7351897381467334,1.6643489204317474,0.2782180165520205,-0.4707715318315788,-0.12866603775225907,-2.16255446184201
