script/wind10m.json
{"header": {"parameterCategory": 2, "parameterNumber": 3, "lo1": 3.000054539987559, "la1": 64.9999836372058, "dx": 0.5, "dy": 0.25, "nx": 34, "ny": 52, "refTime": "2024-12-06T07:00:00.000Z"}, "data":
[rows 0 to 24 of 52, columns 0 to 33 of 34]
11.108482050387142,10.285595670292409,10.205464970029489,9.456591916166564,10.132787836478427,13.417586779505804,12.9635696567405,12.18114285899685,10.82488592955501,10.825597748927288,11.134308177784243,11.647368863590259,11.800035187923154,12.658790721689043,12.636322158848538,12.181913512491887,9.189767300047555,9.144606543947774,4.290647738309238,13.870587002395935,4.159592029014107,0.8870813505305656,0.9937620495832313,7.752194913908249,4.326155950588224,0.24690517861247951,3.204645950819453,3.7569809900533953,3.5090825453629706,1.8979537292791155,2.5004601675172267,1.8615456205242733,2.3354374424051647,1.3889691939989974
9.770834512882532,8.731160255016434,9.527924067233485,9.041742114759092,10.646396038155178,13.60070641548906,12.498606888861232,11.87605692652184,11.347678143381636,10.516189038784592,11.148707205608238,11.39796820263324,11.565691684899287,11.996722626736137,12.387419050894914,12.384698363781668,10.79385436978209,4.889944132344458,6.739264862175966,3.8010639381421467,3.912227522794035,3.7420812759100928,2.665472550645441,5.1810701097771705,-0.5721707742683839,1.573376187392229,1.5189027316107335,3.6522875229970673,3.6427593970518894,3.4583517474520304,2.268998957189432,1.9680440828485193,1.9046750629924882,2.3434188891139387
9.34308142674141,8.312760873417096,9.09335619125249,8.311648276620168,10.740704873420043,14.153033232767587,12.538548049660866,11.523727300323499,11.19386845321339,10.767159384792329,10.524085454203457,10.65925204701895,11.332115805812569,11.6810525674995,11.498812094100435,11.39570390010936,4.517576213721481,3.4718021364555076,-0.7353254248671266,3.9764670372337902,5.3837352064327995,4.348267196951327,0.8456344090815849,5.682118001843216,3.3452164492560823,2.4486302813711815,2.726071064210835,2.70403214278326,2.8215730677708164,3.1618922661888487,3.6251890284482977,2.1844829008260027,1.954302195879314,2.2014016966743664
8.22854764151959,7.778010567821291,8.10737314395788,9.37370229206588,8.509896968618191,13.47978493738821,12.144326381646131,11.790419418568579,11.142152380505353,10.412953287441521,10.040187784551629,9.823818338436539,10.68102139695624,11.775237145646637,10.221960347103026,7.860337583661474,1.3020027854566911,5.567576946808971,7.141530233296657,3.5304646610848858,11.300960803888243,2.7897379711087402,6.565037775023904,2.571836965701089,1.542405218528661,1.5765694674160637,1.5398896703147478,2.316244900935285,3.1449562933204063,2.409498207987268,2.323075242455599,2.51635437197435,2.2305078843886297,1.6601578142601847
7.994150139603206,7.784620642862621,7.657793843928855,9.701439837637983,7.972726991010314,13.042427671612922,12.026607797535016,11.754055334450529,10.130735621569432,9.647397091379165,9.290329746730896,7.898451478450947,8.046337293177226,9.163140038293673,4.097132706017185,6.288759336108843,4.018070713267146,1.9812264962261321,4.651263924213129,4.506053878457733,11.759651356587495,5.354330614092381,1.551914741686802,3.513789596745348,2.6740366422865276,1.8507415888879746,2.5061518780141983,2.7024521759688773,2.59725125060442,2.665033703652329,2.640111732112087,3.248999785214016,2.012450227041008,1.683854295173861
7.331296884453005,7.7082553441355,7.07332933181611,9.646417694945345,7.241174276017495,13.001771347332879,11.744652946289575,11.072135326933196,8.840481167936707,9.21177458830781,9.073039431294177,4.731897247537352,5.988013209268861,6.639854985282829,2.964508627905418,1.9590859777899845,1.6335694525919544,-0.7158578226506397,4.766308149647012,3.9583010075404297,2.249293944222723,2.3427704628736534,2.9049637821896934,1.9171837114393842,1.0513134277272824,0.6345717498596287,1.7174089164165671,2.0682798379875496,1.9885110046783645,2.57660514686282,2.97511816937605,2.531322970549847,1.7869110764660585,1.7034045802439641
6.957773249776946,6.321919269054211,8.041393415389695,7.790206967419795,13.562982363323401,13.071782117136685,12.356615295711727,10.747539688423467,9.090557687179171,8.296156031482056,5.336296595508538,3.362911733252211,1.513123974674831,1.4291478469128351,4.4425793116735,7.54268719753358,2.612405477714521,5.608035953607556,7.330176660940161,2.167113022417137,1.2184780210007267,1.2107709850519353,2.46199907175877,2.868073354501858,3.6799667930664954,2.7878418262008777,3.234525324052985,2.4563884286720206,1.7488440296228074,2.0583021789058606,1.3420766523924548,2.8212506918313633,1.3802580999498841,2.102996318046308
6.709026471231929,6.218905759785342,5.790150792914801,8.707884632234727,13.91184168884912,13.063305199539837,11.786567214537248,9.411062949320684,8.59706831804838,7.16880487630208,4.103112770634057,1.9570688119130963,-0.5913626894926187,-0.6838490794922599,2.1731056498659767,6.511049718732863,3.42517377276899,8.143507751919042,9.44650153721182,1.8350440552161684,2.3883344069966235,1.3427728959080105,1.8420708612927452,2.908259839766913,1.638136740397956,1.7332811127404113,2.1502209124760263,2.8413382095315973,0.7109303348139429,1.6077097198178771,2.519143359133425,1.7289658723495098,2.8273453020792005,6.685796908628931
5.823437252975678,4.983666090558365,6.771251772670404,12.158743185580965,13.763403148940332,12.793692607790875,10.67553166980891,7.537507995764898,5.9338715261495,2.5184865846206455,3.2507654593956863,-1.1630671885899035,3.500640479842901,3.6133854577516735,9.823876834095293,2.1067597531525353,7.6161978517043085,15.110067296402367,8.40937539523762,8.94422768379619,13.593718255384118,10.370364944691644,3.9614022825355644,2.8491248130145927,2.6180078152626605,2.85218902118864,1.9779770863984356,0.886576083742816,1.2153467292254274,0.2141028384492964,1.5787934265092878,1.5355864234201464,8.57513744820921,8.225877909234885
5.1347252568586335,7.14684710427128,10.001960901278837,14.038136182862843,13.658841495782498,11.91593466006758,7.260759857429157,5.040845482355443,2.36705309689874,-1.1078519733340606,-1.0901616168119161,4.888654923417619,6.492864451675975,8.25744269207731,6.869699966379061,15.251232543440208,6.446311802158855,8.08792973339989,3.907957636823734,3.4490176141631395,6.108839274161788,2.0742850287131427,0.5718201568978261,2.952076966094435,2.682923292979328,3.2736037982789634,2.606989507222448,2.0144097393809464,2.081584105201149,1.5498588085908311,1.7052231917305032,6.959105095209042,8.534930990172464,8.919056202520744
7.20081604004036,7.543984631594125,7.6462268495443135,13.499115137828147,13.355432533548823,9.107648855683186,6.437661547241409,-1.3643551457066696,3.774731278492025,1.897190117621241,11.55297960249669,7.666705982070819,4.352186112781606,4.322794561695644,7.898759273449984,6.167044370090383,5.010822051505466,3.111666830732957,5.10661787570737,2.17148179306602,3.388233450069462,2.3093609933914654,4.800793142725291,1.4926746632535421,3.1951774827759096,-0.5804744927281078,-1.1797701289922553,2.1940930097311857,0.8607763110136191,1.292005684637053,7.074415485385299,7.938551691810036,6.44920088266275,6.955771719491522
6.674273717058941,8.107561076986148,14.001285620546788,13.983414296613748,11.886675505253681,3.4252152733609167,5.5278820417254595,1.106076195424766,1.4569029733877032,8.945745545035342,-2.6063214320400454,-1.253879846408133,8.048070844062474,0.502756785485577,6.3747380972981595,2.6956138144185755,7.757014636306107,9.84869171533153,8.053460509200873,6.019377981820537,4.454356280919877,2.909827589640665,2.0087813836789397,3.5306198152092456,1.8190885608293845,1.3528882780058333,1.9235478402148318,2.665774091443213,1.1415888924723727,0.7805782166126648,6.227978066534983,7.744649447227284,8.122036387954092,6.764314199104214
6.3529237900096565,6.875182718452506,12.213550021068128,12.845060289377493,6.77851865553518,2.8349205041099537,2.7754468782762607,-1.3442382385713465,4.728076207327185,1.4174918270038812,-1.7400811976749702,5.708723404194805,9.30452061788695,13.672796400300545,9.389091607384474,14.820341895548934,5.051658159388092,3.335580058032216,1.110524176104215,2.2538950816824337,3.8474697263342144,3.498348312213932,2.4190751641798895,1.6103046645670693,2.6819486801291395,1.7723427132463567,2.0013420598768605,1.4586222277898178,0.27976229186865376,6.398785656635888,8.275322636146832,7.230655511436804,7.029902633375444,6.3083426615403
5.24233076562748,7.546532249362933,12.435817729007171,11.002019194716443,6.178349386647583,8.573443063544454,6.907847827895144,0.7498177114260363,11.321290979743607,8.105534676472985,8.99411752769462,8.646649158660603,1.7821419958324696,1.2802807621959704,5.439728381024633,1.299671003870848,5.585694883839051,2.1785895836192832,5.290855160432965,2.409145558389666,1.8694090561433172,5.261096130706699,3.043411883745894,3.72664748005409,1.8242402668511908,2.065375385756183,0.8977030422444482,-0.2547284771956003,-0.5659739775309771,6.565924949048618,9.70775447696673,8.655269850077078,7.653980549346337,6.957991098542309
4.213100191059547,4.915195503538887,10.694245134125556,10.293759945257657,2.6445536964649268,1.4809052577508164,-0.6543589980350171,12.342517367999024,0.9045948568908482,-2.178465736496876,1.553820160988871,-0.4155450202954792,5.762198847779642,3.199409697905575,3.3885476219205057,3.7942800098464162,2.9439399863182034,2.0092260617238686,2.1050195192941623,2.284355679963626,1.5210553330937384,2.137326465245912,2.5415374037767884,2.7763980532247876,1.6654745808454985,0.8854179371349,0.8654225107230853,1.9346917814639688,-0.2561804322891529,8.48034813130124,7.5294466379603096,7.505518015854265,6.674804062405909,7.0408558580726925
3.907764639353086,4.846805223022871,11.226240039293675,9.736584730192838,2.003544954420579,-0.2770847913917298,1.0337609480932255,1.7465854564895382,-0.6073686204318943,-3.6501446836633753,1.8145613391173558,2.755691032858369,0.3325047014471159,0.9369779363134758,0.7069181579874987,2.7179680937195565,3.264824248538338,0.7114578472360631,1.5192633590605116,1.1920762254902026,3.703756249880993,2.5546257413477655,0.6159311590279195,1.1441830015998709,0.9958977466189233,1.2860803980476216,0.4694428929467384,0.37437023444439793,-0.08296725325576239,7.982986586209297,7.497852499731172,6.36643964808281,6.443883061570845,6.505672152788126
2.7984441521549845,2.872422122681051,10.737176925519647,8.078721312004792,2.591560817414853,3.9077066461962473,4.818061435309757,5.098997751556073,0.6945465601578172,6.924603602089071,4.586419803406071,2.9361560819543815,-0.23641766732569688,0.5528192893389428,0.5668745087825605,0.7387823007499564,1.0428340113657355,0.5365354549848086,2.0349240865625986,1.1900708370659245,1.6755933838717116,1.9065217119161022,0.9624790596015084,1.7889924114194913,1.5611295962956873,0.9873284131667733,1.9940036600436517,1.0733772630275544,1.0976255006673068,8.181150065296588,6.728569552057112,6.570901511664937,6.501879448965058,6.035723507893443
3.3317766415436103,1.8071134469437156,10.635455794239878,10.901933093413223,1.4123782585630427,0.6683180003750987,4.2761880124103655,0.9093803395712757,6.155225712147228,4.930813516434001,2.8925640724546002,0.24448817930568173,0.3960082601586141,1.0852406920994644,0.4679399498535389,0.009473371240619985,-1.0611580447149551,0.4122423439862342,2.0030221874646292,1.4500648528991482,2.095978165347975,0.8017707541153499,0.9844204230678725,2.0792534579222823,1.825350572921455,0.4749724460308638,0.1167932114700286,0.9032691077603348,1.0468240373480555,5.325639288275082,6.26694586191422,7.03892034772334,5.417439412069112,8.13726215690731
2.750959020251833,1.1328735082088157,10.362166264111774,9.933851435641234,3.604572299401424,1.2249180163280453,1.2805798046070576,-0.13228584351620362,-0.299461364956997,-0.258627041328435,-1.0290043391538786,0.9786413209760485,1.3407692822917616,1.5938924408348316,-0.26081837532548613,-0.16255517225520005,0.7216813279027959,1.065169721936939,1.6832809640031174,0.8186747567449726,1.0272427060744735,1.608539532998445,-0.11825836816338846,0.7478491904425267,-0.16678066336539324,1.2260560670144007,1.9458745580204804,0.9523925219679449,0.7956841369451271,0.4825643616714802,2.327752898397485,5.285825308150887,7.556021447174915,5.73034053134762
1.8061467814700296,0.6802484195852883,11.277116135087612,11.078657594119374,0.6871985021501276,1.256149774073251,-0.73357109668455,2.402401021556656,8.296062362873107,3.3424920053542198,3.5296368379692336,3.043362567784193,0.5678288123782658,2.8781270217403296,-0.7890897515711943,2.7377438109049708,-0.717453300545525,0.08812573962579943,0.4458358660318236,0.8850345324635,0.27529698076292314,0.5907139691881139,1.8387546750948933,2.019279446300624,0.6849005647917968,1.3948764680561436,1.3584366879861651,0.5361632303184527,1.0425978858373155,1.0022277542948297,0.7233479320213458,1.7645281162890738,8.705945631186232,5.026160462760979
0.014582146270071355,-1.7725739263942926,9.442211489897767,7.874183342275968,4.800779237118614,1.7648537261129738,-0.18751674314647737,2.6083803984822445,6.195545476981895,3.4847779834935464,2.858056675843711,0.1609782428165345,-0.30862793856665,-0.751061594656656,-1.2170854865081009,-0.7040314907420041,-1.2709098673497636,1.5098003912699887,0.5397275173397705,0.6920134177199704,0.09544494712795716,0.6172164324690649,1.066184905096174,1.7147017185736142,1.8279640671121495,1.564439055053254,0.7692070857864093,0.8088821723454506,1.1819946951344333,1.082802235811713,0.9538292583897277,1.4949420646716782,8.395001256971613,10.902370496460135
-0.48057908053320275,-2.5335340712352434,8.58881210161314,7.856182327077321,6.583215110770817,1.9155584903653038,-1.4788883437922313,-0.6645023612870982,-0.46268226143760033,0.20241880567127282,1.4664714583274718,1.0589123782330778,0.8025846834949256,-0.08818118166386722,-0.4354994416886187,-2.605747926573499,-0.0979276064299681,0.6837052724392252,0.5791047016708938,0.36611112028975934,0.39057279246697113,1.4559589085952251,0.515877861898178,1.2483298787686496,1.2910069169540133,0.7215210681889591,0.7287634670540281,1.3243570791317092,0.8893688962158043,0.4665032961097391,0.06976268016281979,1.3711851162215765,4.208802758681309,10.082618551724188
-2.000374672483663,-1.803851584781793,10.586895179505609,9.180597284584815,5.943173933474721,1.881843509169518,2.2953451699034897,-1.9460560033420442,-0.1839155352878763,0.6575312655914012,-0.056541264633415654,1.3506270231114905,-1.0476822833330708,0.07342844035773778,-1.2869950633120433,-0.7154631267553578,0.20811672820949287,0.679098796851011,-0.18375515570514514,0.13205678464240822,0.27423775577705917,0.15134862319913348,0.6000627485903504,1.5947101542153712,0.577889146640228,0.08718516242715905,-0.14159376084021108,1.567543576108313,0.32201413271755386,0.6643286160838487,0.7849008069556781,4.667579167893127,11.332035530527376,11.153631812771733
-2.8229235818252105,-6.105895480675417,9.558913283938496,7.796632543914835,4.128968099793554,-0.386917426312427,-0.38481918394068043,2.5286917187222313,-0.2082125464627323,0.23395142352828027,-2.061376376123378,-1.1614190180762203,-0.29460157021241334,-1.072187939344036,-1.4552431587887287,1.4523445127833958,-0.4311778020458741,0.21927306701563498,0.29651460125762563,0.40173840041087705,-0.4132967815434767,0.762983969540552,0.035059839523498997,0.4250736889329228,-1.3121963707914623,0.6130352509045949,0.42419492785495866,0.65766693686018,-0.02249803967153069,0.7347410994904571,2.2764813102260284,3.9517416473215206,11.667793350305958,11.857486125773928
-4.607518412522771,6.196768666149125,7.994250673480066,7.921880109236775,4.888476000611199,1.998293557948457,0.7330673900554556,7.29778128249058,0.028346948766997136,-1.6947012501034822,-1.4008410572439174,-1.5968713062554865,-1.7997715017785036,-0.8004700452846578,-0.056816092410852156,2.6742048968376992,-0.04489894443780098,0.14968829474971582,0.6826592939331999,0.6850795229313668,1.7444485840525412,3.9264436491567634,0.9442742021862646,1.0334517685383895,1.57851367652021,0.9686143558334234,1.2762256498807363,0.9043862425463917,1.4440272251075075,2.7112121546375514,4.012002826415723,8.85973036248068,12.686753283077545,11.944972134130317
