script/wind10m.json
{"header": {"parameterCategory": 2, "parameterNumber": 3, "lo1": 6.000198445256149, "la1": 58.999992894266676, "dx": 0.5, "dy": 0.25, "nx": 22, "ny": 24, "refTime": "2024-05-06T00:00:00.000Z"}, "data":
[rows 0 to 23 of 24, columns 0 to 21 of 22]
0.041637372608665874,3.7515968576210144,0.058141217291088905,-2.1179951251665696,-1.753138279625652,-2.932225463105172,-2.4265600370026976,-2.7487372643588026,-3.903156140437548,-3.85768542933518,-2.6927090195477197,-0.9782983587640567,-1.160454451119295,-1.895341163380771,-3.7148607425217675,-2.512355559852187,-0.8144829147824804,-1.38214661532806,-1.4765977410451296,-1.2055993576229689,-0.9573384812384607,-1.1993169423875145
0.0177709908384652,-1.8986046863402388,-1.0729902829869418,-1.2203408046752455,-2.2377436880392834,-1.1897577514176585,-2.650532192595244,-5.388657847942347,-5.843076236883001,-4.1457114478203785,-3.1135039258955883,-1.683734989100043,-2.118573528113507,-5.134756841390499,-2.6143617764999774,-0.39024766021658536,-0.3661196141273496,-1.535113010152082,-1.0287860475070696,-1.688718067289722,-1.3494635143880036,-0.6993277243965497
-1.3322400758400645,-1.368201653170098,-0.6645684622503667,-1.8795832552110368,-1.667610717995801,-1.77177812642347,-4.004405320831152,-7.076063550122027,-5.8898252015839745,-5.260084300421404,-2.9507300049155614,-2.136896375003258,-2.7749690632316772,-2.65408123338583,-1.0055246053174374,-0.7427032953300675,-0.44936633650972474,-3.747832133977433,-1.4612578423509244,-1.7624920523734533,-1.0404221689279207,-1.4471029952166397
-5.307144899894284,-0.6267754560618816,-1.3153932270902828,-2.1049219130467582,-2.244063759641311,-0.818728936209748,-3.3191102158264356,-6.11205650865433,-5.612836627202053,-5.774213426114095,-3.144476028095078,-1.9189171737710269,-2.3531567666677105,-0.4692676766516832,-0.08137616382418401,0.34956472777195013,-1.4544887776912212,-4.359794153480888,-0.6526740231910328,-0.7833223782636412,-1.299093947810299,-1.2363216144603315
-4.262428158545116,-4.036040681816892,-1.376389578182414,-0.42005822812002536,-1.176700184686308,-1.604211164513156,-0.9369581298835229,-3.962383110015958,-6.830626466823942,-5.239997450476724,-0.7730056556150497,0.444102154916744,0.10725106741628337,-0.18865947493679194,-0.9132207022190462,-0.03552413773377708,-0.9497486301868052,0.5386289492919177,-0.9594003791020848,-0.5515690191734766,-0.9616485650591582,-1.7338502706343148
-2.9487374815765155,-3.7402842344910274,-3.381308728915684,-2.248395277535824,-2.3085101286121312,-1.1744406455735161,-1.7097649683615699,-3.4717728123248266,-4.983869736164904,-5.71413313719395,2.360287666589317,2.570291170071792,1.4080935280523508,0.6150639220243865,-0.23421435833407872,-0.7811878857427018,0.48976543426951225,0.5412477667267839,-0.6862700783830588,-0.9653067662106385,-1.6870921510883563,-2.0609837042322114
-1.7920299963161859,-2.862148792854496,-3.1206301263522027,-3.4720756588715895,-2.360065003377356,-1.287636025849581,-1.9618893996429494,-4.022903049072448,-2.738298972722143,-2.74983599244475,1.0041269425327326,3.347425530912771,1.2618579263270129,-0.24159739485938125,-0.033263287224143845,-0.025520846808731866,0.1940987752601043,0.012559524100898462,-0.24724069376522187,-0.5371332738773237,-1.3664842045994716,-1.6929043126426258
-1.400901212765186,-1.5563803258820574,-2.1571692091399033,-3.0114356577227803,-3.4840646119384853,-3.0476207644852567,-2.5279829985669493,-2.8345591445906693,-2.493794075432956,-1.2706004963004416,-0.9577503329353176,0.7000723952897456,1.1924945523928803,-0.470292232662207,0.9273945853465088,-0.011367376733839666,0.2765280842831638,0.4554043524616748,-0.0540695674242984,-0.2703522792616621,-0.6799598367368765,-2.4904021707831516
-1.9306848666981857,-1.7862648130146646,-1.752574538251338,-2.083149675783368,-3.9465730611003695,-1.598702286100151,-2.1619185190446846,-1.9277706901526688,-1.555066691133858,-2.931990092403418,-2.659737785486402,-0.1239837207658865,1.208524434258483,0.7744584021757422,1.4175635131502564,1.4598302160409062,1.700782893979393,1.1129481401585632,1.2383372916534539,0.1193660594063919,-0.8603729800959453,-1.844902252720395
-1.2987023727049674,-1.9451965434661018,-1.6852225929935396,-2.6821224121267755,-4.0299458774853845,-2.4520447656670017,-1.4872816388024022,-1.7888464984099224,-1.3946908483209859,-4.3609207441216915,-1.1253533475271411,-1.613797372184614,1.6798245708702153,3.1054806362013685,1.1135188725435388,1.0352823564478841,1.4731702455825215,1.2728917150527428,0.9445107534202037,1.1525045047799831,0.5434171141335675,-1.9784993743262442
-0.8627466205810594,-1.7698472517312358,-2.4341864254932335,-3.3753549043359077,-3.996975349078736,-1.8594925143349652,-1.5213735812913902,-1.971042944055785,-1.745838167738848,-1.4117720316020388,-2.830009513690843,-1.4248227943789469,2.414921313973651,3.825617544811252,0.6297617238833222,1.076343381862411,1.5453565216262162,1.1626273258189461,0.8589396618193093,0.3805821069557075,-0.1999263935723719,0.19363758861802563
-1.1912664531502015,-1.9552394215164037,-3.10712991525658,-3.404319075621955,-4.1743444367602045,-1.4324595471618495,-1.9835283954373537,-2.0581503716815783,-2.6810695600675407,-2.766575378261144,-4.081729190643947,1.3663573224125445,4.058739545479255,3.489733756137557,0.9903958225953858,0.3923796471154492,0.4825781160852052,0.31382888393212865,0.697615673340692,0.04708626033201677,0.1453511727749214,0.6501547802117329
-1.449964575591204,-2.62001196647757,-2.9413988072182193,-4.062201542494945,-4.3156936822999405,-1.9747061554669465,-1.4797408749075913,-2.0386500665563356,-3.238690078789041,-4.832732773075722,2.6585175170667283,2.2994404432590754,0.9676912176831689,-0.06949017159190049,-0.03721187876724845,1.9205957675689043,-0.1291912581685246,-0.8060678316051182,2.7383070427215825,1.7933622646390999,-1.214372604510982,1.0769580261496916
-0.4707905503385138,-2.6983200219741557,-3.3988612257889974,-4.132820386295213,-4.555147962858742,-1.988785855002223,-1.1769249233875867,-2.456951747647841,-2.994522113259722,-3.9083292751108023,1.685607439219004,0.5451428287853541,0.1252274155705855,1.256012453353044,1.7684140935468202,1.658366931853407,1.2754157215611461,3.35186231742682,2.857356659823516,2.8053885102132097,3.2524961730635975,1.4887034661086846
-0.7918799292000569,-1.7416009959954906,-3.8412802313644705,-4.362456228543728,-5.114711963350441,-2.263334972400875,-1.9678460928054455,-2.0048268910071183,-2.747948726294392,-3.1077204656800808,-1.1577979912464083,0.6832935600555025,0.6998284033624569,2.756539496460697,1.3364106951129937,1.8675156873749807,1.1417996773226105,2.702045361463045,3.9012141191590395,5.027926752256532,4.358911726585101,2.1503722966279004
0.5860334117889289,-1.7546613937690612,-3.216739340718834,-4.014812261520359,-4.837854344258594,-5.295913805055624,-1.8319772869984925,-1.8536020171263365,-2.432957169982092,-1.4493178409787473,-1.132100483917905,-0.22820726148567475,1.0334221509220964,3.05894837553337,6.59235815280546,6.550662009718818,3.3565317435187785,2.6215391343343617,1.2246975342029824,2.0273573303253523,3.1441539639785896,2.129290095041264
1.2094077052303516,-0.7629409622309988,-2.144530653624996,-3.7115067769529495,-3.7782553951090394,-3.948165117437725,-2.5398141795292895,-1.4943850205229365,-1.852697008359902,-3.269885581995864,-1.2438788722566951,-1.3109752751259613,2.184419525645343,4.39595122200961,6.670127611777079,5.356722093700715,3.3897088495445775,3.0762172938369696,-1.1054887026903095,2.3829272115104767,2.5204829372848163,3.8032912519009274
0.5547370979714339,-0.08089275540192858,-1.7299556932425562,-2.674384814234835,-4.191662026400161,-3.45529045008778,-1.0624765769547235,-2.2599677528884548,-2.2578084011256,-2.921524500369438,-0.6175710912368017,0.7276273805237542,2.5363750522509116,8.014178133964721,6.837718922457033,4.185804561406074,3.8006812956241434,2.956485524909042,2.064195528613314,3.612153767550667,3.1580957061293025,3.574380648247168
0.8828838215544251,-0.3206598544365906,-1.1883971650738108,-2.002222568058604,-2.8335138837377385,-4.385944136238726,-2.2614444039187194,-1.3689953190712985,-1.5459675914415427,0.2453357771955577,-1.25336541706608,1.3774660418243434,7.037724290759795,6.665452549602526,4.754974219913855,2.683998709679245,3.574872720830562,3.554097473336654,1.9974709490134062,3.1681023794671614,4.400373834648347,1.8239027573682098
2.0204990681732666,0.4711637920760204,-1.4216961982323932,-2.1026158788310347,-3.103595551517418,-4.034987135861042,-1.7242372669791564,-0.718018573242053,-0.6978248650630637,-0.638455234740254,-0.1167376837006333,4.025353585155508,4.682683508371811,2.3234237928838892,2.4161112236754634,3.970738911009964,3.052742211340777,3.4205855638527285,2.3254835365356508,2.4280475731388926,1.4185972417354988,1.11858095104371
1.6644308157503627,0.521703688421617,0.2813639329988021,-0.2245462443646165,-1.3286284608413106,-3.421776594753013,-2.18669236932525,-1.3709134781929504,-1.2438652152756298,-0.8595963966621242,2.4276203275827823,2.094349562836533,2.0251514240368023,2.352746991136206,2.413265786165212,1.456719409970515,2.9993009361866765,3.1879848176858125,0.7462653050849227,0.857106567058057,1.311359483527125,0.6708549248548143
1.4363763757723405,0.8074448694950169,-0.24914729625331544,-0.4157052759676322,0.31100512749787823,-0.18932441250271906,1.5250665040768492,1.3583157853762498,1.131383179558384,0.8172778972632779,0.5513533610317761,1.4009787381692922,2.5419502303085584,2.777378802222572,2.2746029301455777,2.084411328089107,1.6174532486503428,3.8173584118429758,1.1694726782293678,1.0211284871963695,0.7827074633573794,0.9331877798546323
1.8696522462822585,1.8104636544916657,1.2989749164731554,1.034934022482416,0.9956298442022159,0.7999600254385351,0.3503100181840698,0.6969179206214667,0.2572568565882409,0.7923962753623126,1.065224191047543,1.1848620005765442,1.872702468832852,2.0595815144279612,2.842543522547439,2.22938895966268,1.9568198920164792,1.3503231580816206,1.1253861104102212,0.8313800045814286,0.31295569937346457,0.5176009385484556
0.2586676617728563,1.1041137685329376,1.2047155487055698,1.0837785065747498,0.9125134212680452,1.252847341254094,1.681926658838536,1.5453946206780167,1.0704451075233332,1.5751908329925335,1.0526427287692808,1.3976923981535525,1.8304845342151315,1.455681365095842,1.4918901071929156,0.8476765003238403,1.6982390110035774,1.7768228598710922,1.279260276463537,0.6317781774220551,0.3040591398414543,0.7424548699801009
