script/wind150m.json
{"header": {"parameterCategory": 2, "parameterNumber": 3, "lo1": 3.000054539987559, "la1": 64.9999836372058, "dx": 0.5, "dy": 0.25, "nx": 34, "ny": 52, "refTime": "2026-06-04T01:00:00.000Z"}, "data":
[rows 0 to 24 of 52, columns 0 to 33 of 34]
14.876999592781766,16.786986945674272,13.654473763405935,7.9023559071182445,7.942710132503469,5.343374457567595,13.585935024753582,11.87205489898812,13.165154964209506,14.966312742869503,14.812777765199874,15.9232914007849,15.326972928072966,14.133750071945759,14.679206213793009,12.825474717810783,9.318413761972298,9.675673221570152,9.604416348933283,16.38302893832426,9.629338092029954,4.334764484119766,4.8576423339433985,11.00406698379634,6.40250077606644,1.8886426038492463,6.160825987507703,8.214790870069011,8.793143404962219,5.726926201466748,4.9092627315439685,3.7968858337845757,5.418309981320601,4.147624698366658
16.938380754005802,17.21610082319323,16.076686790954675,10.247036293193435,8.901069880114687,9.875571175370402,13.235926084537436,14.152246136639263,13.970782020877648,12.853594456929494,12.633449399684997,14.568696392664947,13.200548664802936,12.492036885591153,11.614333131001244,13.733904880767037,11.576191603500172,6.758430268178949,8.196565289232852,8.473410005802434,11.127333708023018,7.262594992308251,7.309290255159113,6.542272635304831,2.932070246481779,3.639838887939709,5.224772008963276,5.120383397917706,7.05289653371336,8.654310512326134,5.54489490812566,6.696389651816286,4.958244602085852,6.01935843672345
14.594820788004803,14.909093683456833,15.259103197473536,15.332405053497556,11.019426421959505,12.78414854983427,17.612883493759313,16.31267727496258,14.681620854619078,13.185259805925341,12.695152221048064,12.882174949203543,12.256036393126275,13.489207246038456,9.476121634374591,8.677570470144794,8.060590326651832,7.252075781678029,3.632900462645416,5.8989059664217125,6.9906317284094825,9.004019279280534,4.914228220341929,7.946800618401341,6.374871501708658,3.821679171113058,5.567329785709789,6.77532220093636,5.765067616445102,8.696724202039372,9.61638922856745,7.802661191002955,5.102616145431499,5.5439116117750515
13.965717010661828,15.233588721865745,15.887115921572494,16.4043460462899,13.624905498406278,14.241258774214327,12.92032121826483,16.22782074790254,15.74630186750647,14.307900364562594,14.87419096108227,12.792849875266313,13.38070292529412,13.786353643332038,12.159723854507769,10.947862255662496,5.360302370847907,11.242086643602091,7.346877510310159,8.89783806296315,11.68253115681761,7.995785239763825,10.199825267389272,5.7412682634891965,3.561873718474044,4.606530683293114,6.199601426900326,6.513375458772433,7.341657684915001,4.347122484906197,4.075772413151624,5.790623259858847,4.400951022936746,4.956838927485763
13.483098743402197,14.233509415724827,15.338811964391251,15.347437597838047,15.799655631764493,13.53443968185601,10.916085300088644,11.933016592404424,13.127199397999089,13.50209265654686,13.20359505692352,12.181434920584033,11.654593546080012,10.381577082633152,7.502999834395629,11.663288584377652,8.230791174980782,5.755236342097992,5.092513199110943,7.486307180158555,14.136126862379376,9.894705420947624,5.031314151522952,5.885213536916483,4.483487094705748,6.132325171144118,6.977244600797835,6.278518960028118,6.585519134468546,6.159190649021817,4.875586424765395,7.72079918556109,4.091138795079996,3.2986626677198854
14.153783798530675,14.053008933893562,15.014449192556146,15.158238728653975,15.144082966812126,12.560076437971022,10.390971108731016,5.734960864888793,11.848969094229211,11.855765071934112,11.285909123102913,10.032638344001287,10.729186838728113,9.193402440124503,8.022699388724677,8.770568619244646,2.8116336739847196,-1.9736548023080491,11.78227801620182,9.370131513940018,5.541119683029857,6.352446482867955,6.776793948179018,4.329414953229001,4.888280675727541,4.059790500968288,5.12799955356098,4.7739542330881255,3.51368992037458,4.543110439137102,6.073671230064824,4.435508224210386,3.551692469868575,3.3409470038627176
14.313723980219121,14.28822836875403,14.568762126109036,14.238257283264437,15.483754857341738,10.868028741376113,8.91694773101444,5.3410764512098865,8.609981091287892,11.437797452381195,9.604136307594953,6.679712130576747,9.542822251383555,9.667823470019645,5.031911616291772,3.5774486145246893,3.3904636144578726,10.789371362204847,9.568189812112633,8.336135392451078,4.823965619032011,4.868356752549664,5.296124352226965,6.471155045375481,7.248022316028786,6.812697512251254,7.413627446930381,5.449725424853767,5.571201654080097,4.762597340229779,3.915194029323734,4.942313592604491,2.7735604563193177,4.305071172715561
14.390119118437985,14.318270831606476,14.893753035087823,14.088390713024276,14.862157411746107,11.651996094508117,7.537538895617818,3.305417283592177,5.717731553609543,6.258461139774218,7.891995136737936,6.522958154672835,4.063247508895126,8.75962881105633,6.119448655426694,8.526886549491294,4.81309504777136,13.591016522270118,10.908648067859254,1.4500261394503744,8.130257077485886,3.4959517153775352,6.793294059933607,7.305987487918909,5.8146535593751505,5.376159270665917,6.639094310678319,9.216531860842524,3.024733516233356,3.0762596558680833,5.844969221483268,3.4156121949550475,3.063228750314437,10.557579996191555
14.119337091431033,14.953140014738375,14.897599644552175,13.190778729070775,14.708237780283925,9.300129212278376,5.0403512913648525,4.312762981112118,6.139765115324999,4.388196948994146,7.297740248013902,2.117816415743813,3.102911132064453,11.532672089972264,13.172442185861057,8.328338699711475,13.330118136591029,18.418046107742796,10.669469999645914,11.513357211434078,16.323479362543928,11.545021709922098,8.92755659746841,7.112531613172439,7.410235371400326,9.162459063061236,7.9609058528058,5.566064705855279,4.25996297622627,2.7609367945173635,3.3101004733745367,3.7409411524305347,9.450666790633534,13.141390628604654
14.433171484648142,15.242907664608454,13.706188697580389,13.357125017558825,10.895183553628314,6.227084342337242,6.739064160112757,0.855428010800822,4.216227565640881,1.8138346572722852,3.797935569290828,9.894619876237638,9.803816035494663,9.137102068875175,9.325307655880145,11.005023197301368,6.75520887628313,11.382807457583619,9.736200661835067,7.390947023385924,8.747920681038272,6.600482964285276,7.300835179331272,9.461147734883887,7.0452652051531155,9.666210188723529,9.629701486308235,8.422560791619555,5.794200854992124,2.7669772045092906,3.585272696825489,7.749451002545325,14.54163874185545,13.49761415053534
13.536128123690292,13.330999803563135,13.082360610850888,12.326798489612948,8.334880389823166,5.171918400010965,2.922316468929075,1.8086116919441624,10.034192942103601,2.4596285254347916,13.147638670158623,11.315655033412185,7.338361504091688,7.011332598827318,10.615202973222324,9.806745489475166,7.139495696468053,5.099850027811466,11.572854959164431,5.086678118931578,4.71388494863094,6.467164045522673,10.465393167985399,6.083824011425081,8.870301609573685,3.0198389544640354,1.6854874617091675,10.288128294452845,1.7743666758914267,2.016343698378266,6.630483422451513,12.710366266327357,15.614132459641358,14.727420657102773
12.609605423700028,12.853071042228967,13.286583596292822,12.487461392108157,4.671785832699216,4.289916010943772,7.47856154616105,4.704675085064063,2.156175926855713,14.479099715798881,7.46341906198137,9.013225995824259,13.21744969259174,6.0698643651671125,9.175705720091946,6.156825881326975,8.682454207948973,13.375545271152248,13.567220002630519,9.256299544561848,9.765025185621909,5.938847129880509,7.302941704336765,9.16386431498532,6.8986273408531265,6.757800432404571,7.416697210565744,9.24775935261463,5.316658223342413,5.966683212376811,12.560323554484867,16.9671125545135,17.053858725849793,16.09960975804399
13.367520586730338,13.126449821584195,13.401345044971258,13.648050154732113,8.184884969486793,6.337783348516225,9.480870272067628,2.108456361417484,14.101988054371317,7.925370658503297,7.4877521498281405,10.367336019737872,11.683558968985471,9.239916414713509,11.940659481621449,11.202834117061487,7.396644081257597,5.162518012444938,5.72147393715591,6.674952427594236,7.854262780956126,8.914586249691581,8.870030512116212,7.398493258925756,6.715590628466601,6.167154267461738,7.208774067913561,8.683619019337058,4.703766272927776,11.057993875386067,14.304718121432476,16.811155588368,16.15645665147034,15.019518649483638
13.953889011184149,11.476677506646912,12.610222904092204,9.439952496499197,2.0364459297516255,13.460925032013892,17.147512393628418,6.380135559257005,18.837650526730783,12.656751664511948,11.396517280253834,11.983120001218271,4.9334854771459415,5.839810864075743,10.116990649830967,6.470614424370397,6.273345200007627,7.3224105522237695,12.165412018787253,7.361038331277252,5.745186811435558,10.172932951332413,6.535536168334004,7.839780683790335,6.115246163581813,7.78020461683048,8.510370973763631,8.955203820771676,8.388074939629481,12.568013853348022,13.627630967630322,17.28514865663,16.52906706667603,14.965761718702188
11.492454057550889,14.73149406109934,11.96948270006025,9.161684748871856,4.469315790624569,5.755068468574386,4.573797438863667,12.887166049222254,7.5525815004848,4.622949338742816,7.348682889283553,3.054891135330825,8.362694063147872,9.732743552772899,8.075652526620178,7.679002339259015,6.042143648553587,6.128969282521152,5.7320119559968585,7.1438286929269985,5.593028835142403,5.94355303022493,5.825674158129007,5.989621500393958,4.68753774195388,5.591153058277994,6.429442634526735,9.360421803910368,10.683379964857366,12.930239001492662,14.679019744279852,14.559458561122996,15.567948003473614,15.356588241118105
12.16070234614401,13.661710719571717,13.028685402229035,8.42265747906955,6.32072479738182,2.9212651066605395,4.973342359163312,4.312694834251793,2.0432402075954443,2.80281718626513,6.923284184076099,10.087720096679375,5.97836843377665,6.578786888788,3.943597922795604,6.040940369406197,5.984803568753727,5.1820230323515295,5.427971652830398,5.957881807886679,8.711987379744235,5.6802450293971924,4.201255918475518,5.8880858308407875,6.070846751097178,6.568033624139246,10.10436242323423,5.859970307547231,10.98446692710293,12.702809580473552,13.196461457388157,15.064634225908195,16.423915041033315,16.630894206408914
12.463585820632815,15.021871947483662,10.172013372178172,6.469430908305063,6.563048597370065,10.24701327518321,10.632006720751809,13.172624467601093,1.959221210090789,15.782688934724415,13.036478447849541,7.547598783807673,4.508525363711168,5.095343280610016,4.153042216101325,3.616520006005087,3.5603479072485666,4.516062648011699,5.322970981700344,5.457660908354981,4.925872645105052,5.4997656784535,5.4472069962460035,5.917937337488833,7.076205321093923,6.835653860247348,8.275072013665937,8.385337399447534,8.38989197889008,12.344106928651726,14.160459504132486,14.914040818347003,14.352361026096975,16.839093987569665
12.024038838687524,14.14472973487207,12.697204695709328,7.030612540906258,4.9868064468224915,2.8891543430559428,7.403031422669979,5.875821766081004,15.69561273607598,11.929163608221412,6.535236391588875,5.934148626877756,7.142451513606413,5.255118888147134,5.929025757867879,2.1220532714467897,3.053633839229595,3.5946438823866758,5.434971177937216,4.849482982358436,5.348544434921551,4.455092991821201,6.980193000051183,7.33560448716794,6.178531083103565,6.0762418119929995,7.145274614468342,6.786652111093287,7.153483837072113,10.374678855805342,12.300083601875999,13.351521566609117,14.42173534742777,15.712874930073841
12.348081262152032,13.896571949452131,14.938171772852385,7.072413015444502,7.201926538997141,5.158939929800707,8.26648517233245,1.7472204203296646,6.839941732707184,7.7303595190872585,2.790163726733095,4.420291225428621,6.1482743409478315,9.005913512585803,5.6043954122531545,6.056639080811311,6.66126851538177,6.217286131292261,4.5343921528725195,5.66123080484041,4.920935705122918,6.037393011832341,4.232447215063383,4.8324962424068705,6.505099501875194,6.212848006664273,7.826376234465004,6.671728704965695,6.483818720533811,7.816325424760865,9.018996287799215,11.767546097470795,14.96465479871081,13.703450134470808
13.054354209578538,14.645051754543124,15.633662338723905,8.904984334345796,6.002825693542541,5.364717565435266,0.24138081652087384,14.454636096007038,12.501198593223448,7.649661451335788,11.25089182533402,9.502514467518456,5.302194813241849,7.4395325146727505,4.887451955496422,6.694675080608469,6.186150038925903,6.060612205983225,5.281967991055809,6.390467129083041,5.225564306894265,4.516569230646659,5.759198217029767,5.592169373954112,6.120037779389091,6.411879164700478,7.288944776248804,6.7348493636129545,8.05855891976161,8.716422055612819,8.826403520408727,9.006413910892345,14.566138133526005,10.308264184958635
12.79081986294298,14.036452229760599,14.897207433841059,10.64617775702813,7.928325028430053,8.07258380714321,11.611318901355427,9.08019448353679,9.874422992217626,11.472989149388997,10.464379211993842,6.922973514964864,6.94447742661239,5.392730557631372,1.005308464198755,6.768800908100647,5.9051462045365195,7.408116797213478,7.0045584164818875,7.371072402785534,8.682749736697517,7.700285150575504,4.74384736357968,4.677101342943761,6.810203838264424,7.4092201182487525,5.677941471377586,7.493297482313801,7.978945287613459,8.702313023809024,9.519595708009678,11.316453084523499,12.535319860542103,13.352865870519675
13.12521459376628,12.862055867814803,14.103771585558855,12.628304371426234,9.647555876247704,6.8764941417412535,4.638275032896061,7.185319916822898,13.133363261697308,7.043848007424785,8.180528749543695,7.6098810527686656,5.048821862536081,5.011190931581572,1.4910909421334066,8.20313747534092,7.384864280187292,6.646731083594014,6.2882692882112,7.293616608447854,6.671792177854787,7.188636871857774,7.160690600072434,5.1885885011807416,5.341521136156927,4.812572418917623,6.201872477830124,7.070264422269111,8.242631834437654,7.742732932969195,9.8100384001045,9.927802519378192,12.574173889204681,11.741874190764545
13.06467050205291,12.664731112284725,13.411696418657879,13.999883649304072,9.024075731463338,7.019192175991085,8.286257885499047,7.935390343302465,11.11974338814485,10.712372063075508,5.953811348410854,6.504886804449314,10.043016111672012,10.024091953799863,6.868255896938403,9.89605573982372,5.993375774349491,5.26209695338065,5.712839123701221,5.928431865035512,4.373850548643834,5.549367905550346,3.049555610516932,5.731763727180799,6.2504557479212455,6.836612566656378,6.858550229651583,8.469986180078624,8.539474830867018,8.10671538559567,7.691552717479652,8.755857826491303,13.104186144556795,9.942236683429098
12.97477549543844,13.098608026630291,13.363244973056727,14.463294340844604,9.054910230134107,7.653062321310648,7.245861964176173,14.203523877453568,12.089982684128325,7.041319746205525,6.135094925250251,6.150897432419713,6.667031304566886,5.975184607378536,7.363575141263496,7.764678932360434,6.06629565806745,5.61743017610217,5.911908360023307,4.807159908710685,5.531557335275656,6.475723824060351,4.600450156406194,5.235170603112534,5.943212047199485,7.559157328974675,8.63565188924143,7.733270407681779,8.889360151644155,9.66196854280073,10.01524213227227,11.17237925140795,11.531900722287212,8.516412989603712
12.226993218409529,12.689188726520257,13.499939301572729,13.979899150438094,11.259664354906931,9.695352334095817,6.598721883810558,18.20560809775163,12.055446555084607,6.264984725613368,7.341389071981526,5.351350468395168,4.751420292578988,5.088522234969968,6.537266713770435,9.152428702858035,8.517888497117303,6.2760742045219295,6.480247680891095,5.6453772112080145,7.3176769317603325,7.230047709710153,4.205124852106567,7.807354241754321,7.75557885401825,7.091672572414764,6.837783792865686,7.4215410021688655,9.49376334841004,9.82394804477418,9.776188916762775,13.352719872893159,10.70577028968927,7.676526379133826
