script/wind10m.json
{"header": {"parameterCategory": 2, "parameterNumber": 3, "lo1": 6.000027932988019, "la1": 58.9999434238085, "dx": 0.5, "dy": 0.25, "nx": 22, "ny": 24, "refTime": "2024-05-25T03:00:00.000Z"}, "data":
[rows 0 to 23 of 24, columns 0 to 21 of 22]
0.8750479229866264,1.4909990252014562,1.3060811772214242,-0.17233348208577476,-1.61547800963316,-0.6308419180354312,-0.12904890626441395,0.1846684116878208,1.2647558869967566,0.8795536301438421,-0.24311920094796108,-0.0280999068971255,-0.6392585115618047,-1.1156004983940855,-2.3791571972387278,-2.304448227168387,1.1241845675427298,-1.6501552452831925,0.6950619975103082,-0.2662777679302311,0.3618620229886725,1.1197827961364641
-0.031538227252705824,-0.5436324899833558,-1.3765944876792744,-0.9961002732687021,-1.507099852073709,-0.8859503275896627,-0.6272988214989831,1.510168054193053,1.5142442345607219,-0.4922019504040164,-0.5376123773686557,-1.0183645740095508,-1.0333947348704096,-0.9865055950471712,-3.090339798597874,0.6963239421143081,-0.5200881423205627,-0.8910975045159395,-0.21971490363106155,0.0016841118838200947,0.158216270936283,0.5284806412788443
-0.6435450717511295,-0.09268081812609599,-1.215451067205899,-1.5577764091795236,-1.2560372203819858,0.13893080751413792,0.1452807480481949,0.3093126187397254,1.058855969660516,0.6389656770180459,-1.0163408182732991,-0.540768995913618,-0.38849568619599933,-0.9996421795287436,1.2335593502073576,0.1891437670524946,-0.7657551699349157,-1.6427697665411987,-0.26926633978918013,-0.6695460887457898,0.1347698404605637,0.8673819562714974
-3.721754283673503,-2.235464089532216,-1.0122412326249528,-1.3099438153974876,-0.33252266032653094,-2.922798490885834,-0.9198305114270301,0.11834461807175692,0.5979298518520462,-0.5620255091396814,-0.6141828782864951,0.49790090620482763,0.3100110705847927,0.08711331337750353,0.7504731827807849,0.06350522426334895,0.44760264079963386,-1.7706654769678594,-0.43143518400278225,1.3050288400724281,0.36538766103437514,0.4561008945899271
-4.060917056756528,-3.7428517341179575,-0.2908927497850835,-0.6333906627985696,-3.823684111819623,-1.956701860992112,1.0906047488723365,1.2929821244465978,0.8004327758652153,-0.5782045435580471,-0.9957766034033684,-1.2141992121689758,-1.2162433353738797,0.21457058314822575,-0.26655279905148394,0.10412517296697583,-0.4953922927551366,-0.3483307049789747,0.6260926206689854,0.0079171833723854,-0.033609617563444376,-0.15831696996221878
-3.260652617816948,-3.4250368730416314,-4.869676559322747,-2.0711404404857694,-2.259382459166442,0.6201701248323083,2.4691423890912083,2.3322682909533277,1.7824676266391062,0.6273367596268936,-0.4313126464304872,-1.950285650184466,-0.7551524712000081,-0.9392563655838772,-0.9034805445735349,-0.7398602572819112,-0.4797434010701752,-0.20056481235507137,0.1914733983874657,0.0955133465724995,-0.05367376151560364,-0.014800486242843485
-3.0294844569305344,-3.6354505084072306,-4.310863452263473,-4.281190964963429,-2.2608848027766846,2.5148162132198904,3.128001953578383,2.3283833068534046,0.9071345091296077,0.9245553176099617,-1.339110650977309,-2.6899930012506634,-1.1015075056401855,-1.8398489619929534,-0.8843676879071143,-0.1223899106169896,-0.8037666282722422,-0.6139747913309577,-0.09202923131364096,-0.19401556663453318,-0.09785102794588593,0.3792284326556347
-2.4476911878627257,-3.0159855639620585,-3.6209165639997396,-4.56078557912998,-0.8590986130724705,2.168868160621178,3.5943888463074276,2.366886793233529,0.36887266946595165,-0.591668566221689,-1.1411552528637883,-3.4406363392513213,-4.322897795604181,-1.200186209875663,-0.8394637622623639,-0.6468893524980037,-0.3950126523134304,-0.39273062891049254,-0.9393381408853433,-0.28279649473592294,-0.059945573003286706,0.4332843787237287
-3.392882720061887,-2.7841344113662116,-1.3690916465475824,-0.1297508584118973,-0.07139414657609883,1.6743780036615614,1.7335287408538733,0.7906845279763798,-0.003433632052830032,-0.7695430432524839,-2.4823883203177424,-4.9942975873531665,-5.976183047208017,-1.8347341886008877,-0.5944270940852098,-1.3092864446534427,-1.4910119786513465,-0.48395444666675447,-0.0350448172259925,-0.29227314268319043,0.5486905685077511,-0.09391625937348415
-3.006402087742817,-2.7454067162374245,-1.4022005718209352,-0.18519711313241188,0.6378348056380986,1.1365634166487775,0.7593167680684919,-0.6208804713380864,-1.31963305306341,-1.0012548915771777,-3.0799815317388446,-4.974490625169156,-6.620689954471306,-4.513669984571053,-1.0554957346546678,-0.5379368956579652,-0.7512759875263296,-0.7216218276954715,-0.9769001031232232,-1.2645272658432483,-0.2927720637261885,0.11274452129144409
-2.2891594708887975,-2.308033846776202,-1.8544875846666873,-0.7709868322115901,-0.4783768073141944,-0.4262870548421043,-1.0006277087714632,-1.2660506257864212,-1.7087450976051912,0.8771783786874952,-4.060593246873385,-6.546408981340824,-6.534332462802009,-3.7885576226993627,-1.232549016899921,-1.2964409469917952,-0.8256092036538529,-0.6485691794812054,-0.929202885703868,-0.8352203210793052,-0.7538800864440977,-0.515041020513593
-3.3202827773465238,-2.3714872390965027,-1.542658335934752,-2.780466775737177,-2.41015941732528,-1.3143887223074056,-1.342160745480281,-1.4182407190588189,-1.7415338999983354,-1.170013886480704,-5.697842375946132,-7.20622256889941,-5.597094531970128,-1.8995884651337664,-1.4426828315573357,-1.0630830868032584,-0.09592251718253687,-0.9215417881036846,-1.0790096442887231,0.05451122464196603,-0.7962966845950311,-2.3570342751464888
-3.253516431113613,-2.729464992675158,-3.4690472938998487,-3.7137281368839568,-3.962412842677711,-1.9775790295327969,-1.292415040333101,-1.3023163265281739,-2.125239493139176,-4.774474864041217,-6.442024530121953,-6.734564004538246,-1.772911254502343,-1.7820867154615356,-1.1026937434590687,-0.8413915648945417,-0.07426354917663798,-1.438695428997894,-1.8646453819331097,-1.750096287682132,-2.005378524367645,-3.3789090209590324
-3.7036678992395915,-4.198790239862458,-4.846445474691505,-5.327403057313948,-3.0881308324363093,-2.274079892698747,-1.514782495239752,-1.5075524494895287,-2.8507761141913432,-4.0454340059547444,-5.620326607215409,-2.4198080556782413,-2.23451320313056,-1.47243827731885,-1.748117328272554,-1.966358920907166,-1.7158930998172783,-1.8482903104698298,-3.6468200560429342,-3.670096255655522,-3.1113006014879447,-3.435331175804777
-4.735097140741064,-5.4147967069171115,-5.055526443702518,-4.537990467025288,-3.864198569370438,-1.7404246751488517,-1.9741938510632653,-2.14294435451271,-1.8774173629162956,-5.036532936692547,-5.155189331609894,-2.50199476792839,-2.335218063611596,-1.3866123802150072,-1.7070913006515278,-1.0992665926945517,-1.8928924099269133,-4.669331832339978,-4.020114865863037,-5.035609135626159,-6.060334974470454,-6.683516669422451
-5.020948473858655,-5.392819019310762,-3.669387398736074,-2.5608345164739466,-2.372364345055285,-2.5791567524027,-1.8764967652937816,-2.3402711400471587,-3.0351009224103294,-2.5729456139608717,-6.109039082219414,-2.6687995048111093,-1.142749559163346,-1.8568898317375142,-2.7960070084212987,-2.0750743691572753,-3.6887560515875704,-2.7741150239696317,-2.0533069508926816,-4.597681599800048,-5.4130288091479395,-4.584686576023171
-5.012757773307594,-3.2118012749386673,-1.203434246313739,-2.5541309083218326,-2.0475099499408964,-2.854275473275159,-1.7567800395379876,-1.7346056599097925,-3.3239567613641166,-2.6761071569576513,-4.798410931601947,-3.70409737663224,-2.0606479712562047,-0.7792931647260729,-2.561950447361446,-3.425479664830296,-3.4472559049034297,-0.9790127809622756,-3.295618184539515,-3.270701312886603,-2.9361873733732096,-1.1800172238492888
-4.233384002656847,-2.8383225028499752,-1.3353232354386944,-1.7522852470604486,-1.938699355144822,-2.0156955334066655,-1.4330174053420062,-2.046088142766202,-3.5097753634065656,-4.5405215745674745,-3.035508840404673,-2.4515046142616947,-2.0177197274000753,-2.804615565844944,-3.3056140687979236,-3.152992774123105,-3.360956330603896,-6.130515363302568,-5.171174712852219,-1.650618044136869,-0.1587956362645876,-2.2268127033817624
-4.215757435667665,-2.8944649117974914,-2.7663707839099336,-1.7385489133914347,-2.2232474283280776,-2.0859697785422044,-1.6794720382470927,-1.7289681098398668,-3.3668128753751696,-3.908157659260194,-3.028018015224645,-3.5627321367320146,-4.352641930074141,-3.816182914397908,-3.7876818840321844,-0.5418288633643225,-4.23233309350302,-3.0804544711720214,-2.7118218995404146,-2.0661770918840636,-1.6587202872184332,-0.061971495496650736
-4.086999953568691,-3.120389752975025,-2.542313949583608,-3.0582470079851265,-3.6143107906439504,-3.547560206815188,-2.1854905821547144,-1.5877133367145377,-1.4838776001988643,-2.336727255769484,-2.045587679207269,-4.2266936693529455,-3.799069615290341,-2.0786489080634816,-1.256796505557022,-4.092507403915186,-3.1238129927258607,-2.929659422433461,-2.446262066246702,-2.7901969696371607,-1.866514768321558,-0.07479693646833577
-4.516412505301396,-3.718456249584352,-3.4952270129495715,-2.734676561772617,-2.8897236238657067,-2.9093651879164293,-1.7258204620423176,-1.8044728095682088,-1.3747042818144926,-1.668083344719123,-3.289749295541553,-2.2474810474337152,-2.8932348979664546,-1.7913232223963214,-2.0097938591978686,-1.8401583753483783,-2.281070991959702,-2.858644269223349,-0.564993062320106,-0.7817657326062901,-0.9632214862563526,0.3394733199449542
-5.561206223283559,-4.591398466198639,-4.5321222137746995,-4.046060925850461,-2.7022527464099806,-1.0964905176915523,-1.6465963067962295,-1.0319860328609487,-0.9925599214815088,-1.4275254352217155,-1.8324930614758026,-1.931257288095298,-1.4931728838275569,-1.4352364094035912,-2.143610697160229,-1.994462326311337,-2.660443154007487,-1.9951606927050818,-0.5883946709183877,0.11370293329049036,1.9107179353518522,1.0368227927678662
-4.768627831667744,-3.1612756366956782,-1.7654543379791667,-1.0698796554140444,-1.1810257740478156,-1.4430985718984792,-1.3611134420318751,-0.5295449042641123,-1.3599487470294023,-0.6100368272988913,-1.4929370500382988,-1.5967495236553473,-2.286146256847755,-1.6755557083099966,-1.7898581860366103,-1.6217285402415629,-0.8334390157534329,0.5832796780411003,0.4521995397574541,0.7818465535701038,1.398647764691248,0.8255989527947843
-2.614141557134795,-1.8567669403296176,-1.8200043409159903,-1.2509316257361485,-1.2697147416020402,-1.256450109096999,-1.1326664707997292,-1.502780830260175,-1.1059455056173382,-1.351669041828092,-1.0595190228742934,-1.4157659858321128,-1.5007146021604953,-1.4433533350287413,-0.9946845162326009,-0.34991657122370246,-0.7978723010428985,0.6280909142585012,1.0177234114022027,0.644702537192074,0.35478551335553427,0.3225906466154278
