script/wind10m.json
{"header": {"parameterCategory": 2, "parameterNumber": 2, "lo1": 3.000054539987559, "la1": 64.9999836372058, "dx": 0.5, "dy": 0.25, "nx": 34, "ny": 52, "refTime": "2025-02-11T09:00:00.000Z"}, "data":
[rows 0 to 23 of 52, columns 0 to 33 of 34]
5.447235711899162,5.589034056749924,4.904748348469541,5.4046266172020285,5.247017534772579,4.948563849677468,5.0551461095554835,5.0349523863423995,4.73869733642686,6.30106591626047,5.3869686474990806,3.9711275371598496,4.611303925488157,4.678918519768477,4.289986471932651,2.576917783026814,1.4922361305720417,2.413049716508344,-0.6636197044534177,0.80104947519364,1.640146809764524,0.05801243700664314,3.1243370650880045,1.78989284343735,3.6672033931658627,0.6587202747490253,-0.5774142581688445,1.9536179014381583,1.41446987778555,1.464833396185136,2.0205654889983107,1.1876130293365317,1.108884457777054,2.3987349046722057
3.6783161686988417,4.3498334960387215,3.614081266572552,3.743252414802733,4.2951376431310875,4.023225854432473,2.828825370824815,3.7106603589230764,4.282945413612475,3.2346461482117688,4.38586495462407,5.276452510167874,3.5207583566637686,3.821732523164735,2.850693951275736,4.531321341781407,4.240859146937919,0.10529869172125114,1.5219495089615316,6.584965948401927,0.19013538929531545,2.8443971545314124,-0.3449785478720639,5.442924404928602,1.3689693556414428,0.016962221354487016,1.302267452887159,0.11389687106711424,-0.5555591014596633,3.0259224834257332,2.196633585907493,2.135434447386124,-0.34499520814634965,2.4837093482956427
2.561668835160737,2.3546566251003824,2.552938669641809,1.4281141657008993,2.4522412165066183,2.5352554117901427,3.3114316277323455,2.2913290523317342,1.945189992472154,1.9942189334397287,3.3451216895442917,3.59980873046686,1.7124463968783141,3.6903131454532234,4.077204427674318,2.7977137739972826,1.9049313032200683,-0.7123943167315613,1.5563016037151813,-1.6565364691545315,2.158918892623886,1.8174712439126988,2.32888790746382,3.1236088849983883,2.481643400406347,-0.3525476420708892,-0.7400293507645128,1.4027140362566044,-0.33483875889146164,0.5296768084617794,2.143460265874162,1.403356429812059,1.83981940578627,0.40604362232716357
1.4637973091906489,0.8877915776901698,-0.3312956356245541,-0.45785344227479474,2.1418310506276,1.4039074539492273,0.6943163222678177,1.5197546801367225,-0.23671466862030915,0.9329897561006332,2.6792841660105107,2.1013256921878636,1.521772970361419,2.085387397456867,1.2751052147236188,1.3197575558459518,-0.06382275466248907,-0.5644976078248216,-0.4217755078579156,-0.03458719979861462,-0.12117226851979099,2.290588340579803,3.4644797761170327,1.747472135802047,1.0833959423193342,-0.3337992768747474,2.780954709458721,-1.1123581255384096,-0.635152863754534,0.7258356753806189,0.8538997557990725,2.2242251657951253,2.28534341982576,1.0477536820372775
-0.25800751803974253,-1.4079899233475295,-1.2964455023886157,-0.22003701039036236,0.3060743358023488,-0.954728747351656,0.7102224328263128,0.3754392207899439,0.8936679819426426,1.0593716382180738,0.5614462404308789,-0.6903949425691552,-1.618500142975062,-0.5988524083276824,-1.1088776108060614,-1.0998214242582114,0.6263184254840808,-0.37881210939673043,-0.0010954044702067133,2.4763715680088483,-0.4913228525668783,5.4209744716409,-0.3155885352751391,2.1528775144626735,-0.3376770733007721,-0.5086474811701216,1.5342044641894999,-0.5482982182957492,1.570724222827461,0.9447712735711903,1.167064221140283,1.0827930957270009,2.1685597602335607,1.9280708627331529
-1.7516087351982268,-0.09742624436742571,-0.1984893664152289,-1.1158955392399572,-0.35774467164304613,-0.9566618026629905,-0.7330889157634042,-0.8896508677624478,-0.9001973756071587,-1.5844972957023467,-2.429321599907109,-2.1116422910766217,-0.9976730577486796,-4.06543129107126,-0.5667000608767171,0.35630257088994055,-0.2763346794129128,-0.9125469071286444,-1.1041114567037356,-0.8189677185192188,-0.01970601305158085,1.906946777800558,1.6668625813223226,1.7016915309286145,1.037978529544183,1.7573607231319563,1.734171127354919,1.6437339720696627,0.1500494168540013,1.0207398257495373,1.0301648097421239,-0.28953833982160865,-0.5751345577906384,1.683185154795918
-1.208703630057314,-1.4109741455324227,-1.9104262937723886,-1.920177388419801,-1.985253730892207,-1.8351137736639576,-2.25676174443022,-2.8353419713494485,-3.176343967782625,-3.783704521638019,-3.900375154584003,-2.040541272991679,-0.3911023439904599,-2.100870830863154,-0.5627421137211513,-1.0803186908102165,0.5229471950760742,-2.065028569678358,-1.2005474259702562,-0.6227401199770242,0.9867778171195957,1.3295969349057162,0.6570823341220307,-0.3543275792815714,1.4143414453687344,-0.22173938823694284,2.225675718085485,-0.9144050257510664,-0.6779058107111252,1.70742926907917,3.040007801284849,1.627201086835203,1.606465945229866,1.130676884885509
-2.905249160341028,-2.705495939158448,-3.2363593194274753,-3.187759445996744,-3.069116338021651,-3.3084696662485076,-3.4489692346747036,-3.949099160185629,-4.243480519406526,-4.398064257785073,-2.2082082958033418,-0.4502653922083051,1.8943095371251333,-1.6835074234228704,0.27645832917759794,-0.731681257354008,-0.7597313758487745,-1.2650335605801077,2.5761579882560284,0.19452252828943892,0.9536504656043775,1.5263816354203334,0.18012671650233364,-0.13779009691620706,0.37036222835057514,-0.23562638942956016,1.7205783688447571,2.1892792132920977,1.004276989082135,0.8166467636089715,1.7970239261750718,-0.43547593063359097,2.029874340379088,3.791084495672069
-3.4697066374534034,-3.91669779888589,-4.4052575703231165,-4.468161323443661,-4.641102379389204,-4.68190801880358,-5.058144302277106,-5.174839311609211,-4.969885203502185,-0.08333946061077424,-0.8425524703468436,-2.036131175675133,-3.0058174561715614,-3.754170731434843,-0.3559900764633255,-1.0600436710414511,-3.3494116316845357,2.9898719258411863,0.5176315798332527,-1.7265086851645195,1.4696130213103196,0.6258916257913304,1.3710257771580627,-1.8154720381879614,1.5006550316629874,0.938879546064678,1.8019103296455594,1.3749371867258755,0.01847889733722325,1.934456603704768,1.385942298456403,2.6770034079597824,3.9885218273685297,4.1926847155966955
-4.448692313936987,-4.713596359567366,-4.812488422992944,-5.1908089319511035,-5.220422288136003,-4.5655841017048955,-3.6476263740167645,-2.0669433594954465,-2.154331896978734,-1.1620600330755892,-0.023199653492251657,-0.08208885412328801,0.32767605072622136,3.3228309553652826,-2.6681356119058255,-1.796902979169863,2.6497259806900058,-2.011191328584121,-1.0144544613935929,-0.625342705672895,2.403246032395615,0.8025530120824077,2.48717582884755,1.51763229811089,-0.10567326690659487,1.6234631162305169,2.063275905227786,2.0739569965107227,1.19087361035757,1.8114420716625605,0.9994923838064478,3.846853350692335,4.464978734300747,4.656981237052735
-5.025744986057349,-4.989829713490105,-4.8667346777151215,-4.870240616548627,-4.710566104186252,-3.4775810996080336,-0.8755376672813465,-0.23439222685716277,0.05524990119727834,1.5675231452200482,-0.34705102576320157,-0.8288857318087458,0.5662969219844098,7.347544708848518,5.947274618656562,-2.6551155547719825,0.6394176504946405,0.2762748136673665,-1.2622015714983763,0.3420765880189601,0.8201408169869276,-0.3751762600695689,2.0194345187826857,0.012081902646910381,-0.5512291433297103,2.1066882218948333,1.3140771760508068,1.560618525960683,1.5298228909571652,1.3400220320845897,3.743074531428354,3.762146001116977,4.4621799860339495,4.727890192832821
-3.5787902207192004,-3.44873922442666,-3.1279007715642204,-3.060213627719198,-3.394329349749302,-0.9215683207276462,-1.4084419710028182,-1.5304249361403854,-1.0577172427322803,-3.0595394732374204,0.15397051983135915,-1.8938372617593937,-2.3006268382617447,1.4820490420754373,1.0836873912162837,-1.4630918869458844,-2.2236163758278815,0.052512055991559954,-0.691243627882299,-0.7071985217312333,-0.04049298253171858,-0.062216315304344544,1.2415306338713075,0.9296117872173376,0.5676842547438482,-0.5023910052128918,0.9234110865368678,1.525550222591875,1.7712301242941075,2.2124485160184824,5.73735133821805,4.927180876006177,4.997170175530502,4.389716744263315
-2.5279804689476366,-1.9494472293570113,-0.5353461972792424,-2.6536313540379934,-0.8493538549790227,-0.45379768960504474,1.8294033433972396,1.504610175220394,-1.3398496672141749,-0.1457903771834579,-3.0122974004293646,-2.9271635252154047,-1.8711547837841342,0.24384450385881337,-0.6129683571119151,0.47919699207020916,0.05895953981510537,0.03045017768935461,0.3948173663911612,-0.4945802330721666,-1.1581368335974598,0.9068822601921053,-0.11563946465629024,0.09087635121167051,1.8646369188104208,0.4456239852628417,-0.46503334092643467,0.07453635199479804,1.7204234706611314,2.394934970199983,3.9068438353368973,4.179548658418236,4.543114236652422,4.8101713181593775
-2.3571889724074926,-2.2344502094217393,-1.9693180597817348,-1.7588672151601292,-1.116084545792304,-1.3734588207660838,-0.1474507964394362,-0.5329460044261982,-4.733146941410825,-1.3457497614403084,-1.9717927234951624,1.653555593232873,0.09305274651401513,0.3816924139490738,-0.9071885140881588,-0.33772073538361685,0.5762375474080493,-0.38814789066220745,-1.3971714169093001,0.9617082556204284,-0.5929690187504064,-1.8354183889810536,1.3476032879819961,1.6677375817998936,0.7682707442887021,1.2184873630660051,2.450432550669779,1.8576170165942913,2.436953586143621,3.325832220769657,4.1566562574025205,4.29324721953822,4.24720662830943,4.151150429061718
-1.555054595546181,-2.0688280608445155,-1.7333064990546478,-2.04440664631155,-1.6511699162012405,-3.533039602531218,-1.313013150802329,-4.104702002990093,-3.416829076020318,0.000867779661739977,-1.0512801461630235,-3.66070321406199,1.9559829357664449,0.23039448880437838,-1.2174225325611825,-0.0031654882591781812,0.9709541049346961,0.6566202107619937,0.03053851021097051,-0.8842305153179736,1.0484364764063565,-0.5195448139352828,-1.4894059763094358,1.573204822085619,0.04971097695654168,0.23143068109969997,-0.15013890548425163,1.2317148818804466,-0.22190675832145523,2.644456222334973,3.807889669258765,3.498137146985747,3.6404880526873984,3.2000390025363155
-2.090598576357392,-1.594419882432314,-0.8206563609522225,-3.5278896282856747,-2.238303918175818,-1.698742254791573,-4.498502319580673,1.8880048210885725,-0.2715475623403025,-1.3917034586532187,-2.248892097143579,-1.586364599870457,-0.3080082421978312,4.0276401263841795,1.0411521408028481,-1.0289886222144573,1.5963562745662052,-0.7081100371323156,0.24238323508504267,0.750387838369397,0.5391976684134654,2.328174233308681,0.0971423875202712,1.851353414878926,-0.2240245214230189,-0.3153229800157764,1.8130072260920127,1.4228210555367842,1.4870968800991837,3.581701592443501,3.1474290132993556,2.812960056150137,2.2341639448381487,2.158486294830746
-3.3575316659393546,-3.350053451525163,-2.2450376550545066,-2.652717447042733,0.2923062484808581,-1.2263250370672438,-5.017753590028877,-4.7005187270008095,1.500159766936772,-4.774463290659517,-1.2960653246940939,2.9341672512306527,1.970338077004102,1.238265725974001,0.7437752113768058,-0.613424546895945,-1.3348342083224674,-1.1440658023941739,0.8384978592819452,-0.6514086234285775,0.5264506283545661,2.016508896347713,-1.1140932287783996,0.36838849183133177,-0.08924425549001488,-0.3775276646739539,1.4727739147173962,1.8085127014914282,0.9717983292042034,3.2876313622980966,2.157073538131163,1.9642972341549285,1.9226520624814523,3.1988311692345484
-2.9238115129370885,-2.666553556204825,-3.221422413271946,-4.096964949764722,-0.8237916559282565,1.1198985295291601,-1.9223341285351194,-0.4176306941316175,-4.326726645953909,-2.597758618751988,2.1439515653758865,0.8851895783240296,-0.8260584223116315,0.6148274982839327,1.4595451951075538,2.5352044425269913,-0.7196855147708907,0.3961666486615132,-0.18708372390173633,-0.2803370968329075,-1.2568333997732144,0.0664275669499409,1.0904111723242578,0.08448558819271039,-0.6754125086519647,-0.16737177588330135,0.8853701408378585,0.6691261229987089,0.6574605021916932,2.60316613717846,2.7563328492205086,2.0150353746931233,2.9524157977697616,3.027603844913703
-2.664285667033552,-2.7013697808651838,-2.60686248769953,-3.2846675020429754,-2.8177533618114543,-0.010754643713899031,-1.263157511132979,-2.2792961513772556,-7.0661689832977,-1.7387424672993537,-0.29707168418442154,-0.020804090952576137,-0.002788408940989996,0.030501579438773702,1.4394720780787233,-0.6559564456759083,0.18774592646584143,0.22047061176615096,0.22516501716033413,0.5783603857531213,1.1553490212665034,-1.4636565860096795,0.6734214965462991,0.2209523879047769,-0.1771294019165369,0.9411696814394648,-0.4008035014478236,0.9460616306448859,0.7352425034771135,0.7089671966780865,1.1332275946905206,2.260728279332614,2.8253530831117146,2.1687436380792224
-3.761949899765905,-3.382856519992055,-2.970031333567241,-2.365466355922734,-1.216186434084117,-2.1528525770253393,2.6720300147143305,-3.129628682020708,-10.114874073400015,-0.04624615926521158,-1.7033884590662547,-1.3269905845066314,-1.2385215813894157,-1.0984288001730411,0.046559861199423104,-0.3269475444403152,0.16512253756336995,0.3688869314289305,-1.1827861839852862,0.2998213665081003,-0.5006958838404942,-0.4420027773485822,-1.1712283138829165,-0.29713441702054416,-0.6208660378687123,0.21922565023739096,-0.29460230617597405,0.3286475901171182,0.19786219257110005,0.13870049641251372,0.5181414548101081,0.9004130954878956,0.5737624717240354,0.34412402137896225
-6.093198043294368,-4.588213682307487,-3.7165731118223992,-3.7265358700948115,-1.9519150477930138,-2.2940975127014958,-3.7848595108855254,1.8156339168657187,-8.346837968243332,1.290681321802442,-3.1381415797229413,-1.2343341481502415,0.35577257228969134,-0.14741969280434256,1.2561826108462222,-1.05359215934508,-1.0769302142081478,0.9067529476044275,-0.050166859891066465,0.04788527544831499,-0.19591129575218785,-0.014387983856348568,-0.8343897722013405,1.1307701649944266,-0.8405017066878772,0.23799324857151985,0.5316638201604392,0.1574261870011419,-0.04104898000947562,0.21176224563189577,0.7482443745515626,0.2723620037161691,0.09209189842941042,0.2931060024230804
-7.980393056130574,-7.268459858517291,-5.439716548330525,-5.478296420475988,-2.5234689501932333,-1.7186673538029018,-6.698993443941007,-3.1609380554675597,-4.749859926058535,1.3951017003008948,1.3557245630927193,0.024349070891151837,0.5280346129406706,1.7538263643945962,1.429054658189134,1.5776760098382212,-1.1426814799535074,0.10653746058150215,0.4005563422068945,-0.242055238891684,-0.9314891080024283,-0.2882543766828427,-0.3885180327744262,-0.27056751659450257,0.022951828147244863,-0.4438572091655681,0.028941777264464074,-0.514506610277124,-0.35356296344721766,-0.130817587280238,-0.2618540044554622,-0.2866658122902748,-0.12810465982518893,-0.8677517712633493
-7.935663533908162,-8.344756637856259,-8.096088898535635,-6.544064913491053,-3.281447858664931,-0.9957095285734341,-6.286112579455709,-3.7198794307568814,-5.614890803439317,-10.585784760134581,-0.8115320933332558,-2.6624742383106703,0.7652816050158415,-1.240641370769363,0.1929382047686291,-1.3436286075839285,-1.827331687057321,-0.9591786955653004,-0.7183120216313216,-0.10369639967608495,-0.6585379342078678,-0.5264933955847101,-1.11080197085731,-0.9536093099412208,-0.6711731610239422,-0.7234090056652338,-0.6085369906183833,-0.8293807102097355,-0.24744706356785373,-0.14447295690540501,-0.18870803551748117,-0.5579292277676648,-1.06379025189654,-1.1444384756761643
-7.971188024522167,-7.828035818509195,-8.331036114113674,-7.5842459852141415,-4.408064210175962,-5.7874000457843895,-2.116188092920857,-16.472078619202225,-9.378598013657754,-2.0670457102613304,0.4888448040967572,0.716038100008262,1.1093055714827766,-0.05818469261072316,-1.875084908153975,-1.441830167716587,-1.0334622293037472,-2.56637699169477,-1.055561350566955,-1.4932161811467033,-0.2847177853191871,-1.38193860304092,-0.7768298306069747,-0.7131909418849546,-1.8651459555711383,-1.1804527033644676,-0.8074917797608574,-0.3329808036784931,-0.14937186522226778,-0.46720259796313224,-0.6283221933742814,-0.6474920349079244,-0.8478176790124131,-0.7742287131321631
