script/wind10m.json
{"header": {"parameterCategory": 2, "parameterNumber": 3, "lo1": 6.000027932988019, "la1": 58.9999434238085, "dx": 0.5, "dy": 0.25, "nx": 22, "ny": 24, "refTime": "2024-05-12T10:00:00.000Z"}, "data":
[rows 0 to 23 of 24, columns 0 to 21 of 22]
-0.3997986982627955,3.7984652540227737,0.7309362199625655,0.6111618758784381,1.2649587574809515,1.42209925558194,1.215133289818545,1.7477984448121335,2.580132833677037,3.4919745073441053,3.001023541590228,0.9735328484075882,0.835216264806422,0.9633471038176579,2.8484691941908715,3.68237560517036,0.1964616832328331,-0.35954950702887356,-0.6487403414296868,-1.3977159908203896,-1.360467414029419,-1.0346322343236174
3.0486616614830804,1.5502307117997531,0.8847578067248573,1.202018529501158,1.428397633339078,0.9331333806831892,1.5127655403247813,3.255856019017004,2.8495973927195943,2.4838451300354234,3.5742256438011046,1.2893232794926353,1.573730668114763,1.6147654035199774,2.594114980863105,-0.26280624301073546,-0.4337537784980866,-0.9565800092697145,0.7920295113355357,0.09451861179880275,-0.6120866144843812,-0.9482535766272325
1.4146385048264103,0.8898011354901293,1.0358718114836014,0.9896272441753706,1.0132044104664761,1.7936726985989562,3.3631479800195403,2.3968136922352397,1.8657098561046794,2.651426632697686,3.73622349419119,1.9438075317125454,1.181403236726308,3.1890344156755495,0.6062910749982671,0.2944240737795268,-0.8289252528617514,3.8508248487295442,-0.1380085287515816,0.27002579296694196,0.5539213047283037,-0.2817836640309925
2.67682940355064,1.5528471972765172,1.2280120523972342,1.3172330907512348,1.816129818608941,3.1658907419730107,1.8945572144327743,1.258276682471194,2.0867238042718625,2.2568141193619087,4.982867426267691,2.4770157090059057,0.9671196419622595,1.0263082478862602,1.2133501646313363,0.09924316614261208,0.27977499648326026,2.898817081996086,-0.44335018613679594,0.052153879647818674,-0.6039963089130107,-0.49234300645274914
1.562077993719983,1.2054528280162375,1.1956120923482652,1.4487794816380344,2.2264561225215473,1.0354522167591356,0.8723723786728937,1.1985481636004949,1.750005522598569,4.262754798179337,4.723335887594782,4.839734462306848,1.5269042025644723,1.258375159002184,0.8269266909522722,0.75713768100643,0.8131064537019109,-0.3923253887784302,0.0366904425546411,-0.0045202806586765966,-0.8909145507339838,-1.1336919285678708
1.2198548606733806,0.24013241081814116,-0.1274619049564234,-0.276732458456578,-0.22929448557807322,-0.40093142023713235,1.1732122376146183,0.33424704252601944,-0.9774063435693818,4.277814907729423,3.614514191177575,4.907773178419912,2.5908340920830093,1.3069500790975892,0.765849599197185,0.8447226193996539,1.1100694054589424,0.4366283286347662,0.06414173343217472,0.08014953826744359,-0.04619738622837571,-1.0284492163183119
0.9792200331208778,0.9392459108549823,0.40269229919017463,-0.614214216317313,-0.27109539794938536,0.38670039686459184,0.6477735736896433,0.6602454677472108,2.7679197615970716,5.3417088578405245,2.752474430719676,5.176142041366914,1.7392586650757016,0.9382081135440977,0.6105626817912431,0.46744009208131826,0.7211818630040991,0.5413713476417923,0.6181421019646643,-0.15985598595296335,0.12397307428080626,-0.09575585467639355
0.8773854208159185,0.4852210722989876,0.9820560017069987,2.4504413084272536,1.1927785602447567,-0.8568230678941067,0.022412549994189453,2.553667452244836,2.961880423024745,3.827899652916572,3.1305443006067355,4.65883722556412,4.3558179055436215,1.1237201910895613,0.8199616632146057,0.7872391386529496,0.6511192174121868,0.03762013766261091,0.18651647581952102,-0.39282844527546223,-0.20387533925358362,2.941443840400273
1.83211515309409,2.571490936577197,2.6592406185397213,2.952510693610364,2.017800942282966,1.3294532452873096,3.8854171713978958,2.546334170007678,2.3371829247590865,3.741418418776879,4.413382776294517,4.174993988872574,3.7985751469284383,1.6321126372649088,1.051601108454452,1.1337571376588584,0.6879281202803398,0.36164869677835837,0.3322005780979746,-0.33028813766285847,-0.5070838659037239,3.1842472340224517
4.028473332811168,3.993837657968695,3.712885457312801,2.9604425431029804,0.029513568916247138,3.4001419781296933,2.469573177284594,2.429041156244176,2.8766682040275824,3.2191002433522113,4.403722888840689,2.9504435405715017,3.1979001683229593,2.0469687863218446,1.352328477355008,1.2921064163816498,1.102067921362728,0.6893973190647397,0.49875318332659874,0.36596222183676325,-0.1653884664699952,1.9842426290059267
3.7314737885895752,3.791482757854349,3.27956277591324,3.0177885592508966,1.2905999066648408,2.1073105073589233,1.897372534136601,2.4306296369112257,2.7257495480750875,2.730047663578718,3.3909065699268854,2.3763877945087137,1.838722085069072,-1.5851728159654408,1.9888280561589329,1.404012901902958,1.2173050962830756,0.8311924066651417,0.6247373130807679,0.2773286935218338,-0.004177240915583005,0.7789254984354498
3.553524560791455,3.9004746481501353,4.495894391107798,2.6654663700332963,0.9438965610537001,1.7647518077626123,2.4270410915559344,2.141325169477564,2.09460922156817,2.6566605888454844,1.813906592707552,0.3326008623469219,0.21972297540163765,4.26259146219962,2.0751735839555217,1.4585950995772679,1.1519975290815856,1.5229253586396043,1.2985495305173107,1.1763412738458907,0.911757989185614,2.915361473468309
3.6821352627635426,3.006797460061127,3.3578181892242145,0.170380217469445,1.4324081864101574,1.6770463447695678,1.4514525321588874,1.695998650278989,3.0719805376029043,0.17750786650811973,-1.0553561212931684,-1.9611778007608698,1.9764654377870048,2.731103902122417,2.7826290505718787,1.822104442035585,1.306196478937973,1.7650882579466256,2.0777113700671244,1.3702331198581996,1.7510911694960798,2.164232482373481
3.2578100901807354,3.4669036384223753,3.624695122722157,2.0476534981173646,1.067874075898192,1.248935097857419,1.1068069815727055,1.6794074350966977,0.41302092232457466,0.6338554058127448,-1.5627499920562231,1.6801540705645737,2.9053286435383736,2.476179938029033,2.922795231772216,2.8595769467542858,1.5625676457647932,2.8692769650558008,-0.024381781931705683,0.9115213961140909,1.750271089728216,1.0533913760839273
3.1311922687551874,3.3190037252804356,2.746086584554674,2.331304224626763,2.8642617293298667,1.48225361670781,1.7395936051360743,1.872130006983907,1.8410649902119742,2.7181315586101404,1.9726208969599435,2.3950327203527384,1.3679312876095735,4.3476255053017985,3.2171683861511307,2.8083503878966214,2.8693416918921986,-0.0656028439726773,2.1476791677091516,0.6779333286549813,-0.5283988209752641,0.5237923556061354
2.8480816972108927,3.3857467595794404,2.9664481208231894,2.132789334084398,1.133945598968486,2.132697054009679,1.528897935851754,2.6373545093507578,2.449303446688169,1.8099590682170268,2.9028019193196424,2.3943750843416276,2.0357101573579395,2.9176193523175264,2.067539033122951,1.2361995284824099,0.7264027711125034,5.070167935837392,2.923246014460191,2.1640885110545933,1.0479455497251635,-0.13224021593542246
2.4410301290087943,2.2482070707017607,2.135387681518432,1.4261958985249303,0.1684021118847502,1.6914369293415599,1.6881061625711233,2.4061113162407644,1.5545099804939129,2.5526134410282553,-1.2406306026224823,0.3283008126644843,1.7546288618211836,1.820507958790303,1.9260125178785465,0.8832117918265759,1.6248006934566936,1.4604500751971097,2.066928132894009,1.3973867918409137,0.8712303971891738,0.18011590875183042
2.018230875597739,1.9942854055681254,2.0166884509939402,0.89341043419037,0.8265726755192045,0.9465028727905997,1.2924820252159814,1.0059137991491613,1.4051208750812605,2.269111795104738,3.809066244804297,2.2023628712071517,-0.05744720082802341,-0.1254399433299239,0.06286182796914182,1.0650048110377017,1.0261115782310737,0.883462318992474,0.9015709269848534,0.7126205653906877,-0.3090846050289329,-0.9280609454455883
2.0138419694933867,1.958443129864977,1.598866301442152,1.4676839541179312,0.424034212198799,1.030639418288929,1.2434850773936954,-0.471063339274254,-1.582205004770272,1.7299980914413482,1.4335758342014642,-0.586965388599459,-1.0377893927204909,-0.2468013717461712,2.942826892236273,1.9017169728242183,1.7199395330906775,1.0969676649354825,0.35192197151089344,-0.7949512710314226,-2.3618080956463547,0.35433209848819086
1.3726974629071886,1.4439600734406006,1.2758607059411498,1.3197811919111464,0.5492487130106077,0.8816132823728271,1.7425350961945685,2.041589544542233,1.9166775183011746,1.754226461481889,0.07897194080986829,-2.4692522326474298,-0.7755830062416996,0.9804024964874214,0.35131576046723884,0.8023165083789555,0.7297485387916834,-1.0015147256059365,-2.499343181063743,-3.2637954273461616,-1.9579601709818746,0.5367416745835847
0.22407294673229997,0.002687973043892972,-0.002423418799751752,-0.06341336199425489,-0.215333157635873,1.178305601686827,2.1125100642436756,2.046129468706758,1.2562096704569556,-0.214634702631098,-2.3888310971232647,1.6930976583004187,1.499549826725226,0.858412511885024,0.7238054927734723,1.0748182722286814,-0.7192706103292759,-3.5430000801886177,1.1472961155729824,1.0956145123423215,1.2740955018412918,0.5441728046308295
-1.3449450923322763,-1.6179240490544562,-2.3241018111249123,-1.8228924838840752,-0.8667164432605283,1.6113752761564608,1.260275947410609,1.4845930730473975,1.3500244076543622,1.6597830699722569,1.3802754351612936,1.3460767838011132,0.6631447968512664,0.6812235374706236,0.7467449279742833,0.7565434625946458,-1.2117600740396417,1.041091440419618,0.9006052760625229,0.7498803360511067,0.6153563091302957,0.7901082435757804
-2.4149713171075957,-1.2939813508567066,1.6950780981843478,0.6496853675390547,0.8331083111957345,1.45854646495754,1.1861281532061074,1.0728300925974164,1.6904233051287145,1.077872450502309,1.7968617759174832,1.2718274089633512,0.7175476189061338,0.4589986541270775,0.2366772176151946,0.49381786989018533,0.36205120462828927,0.3803189712922275,1.0335411174145164,0.47513208349366987,0.616251979526977,0.7454672901646066
0.7878925871726515,0.7015070009360126,0.7228178838335424,1.0598871558531815,0.8940036466153329,1.4061430291642847,1.4334927827228587,0.8670676799681214,0.919503609464431,0.8398556792721279,0.6313324918126417,1.0483861994977965,0.878046555676921,0.20907298862920246,0.4880483725265839,0.1254877516600457,0.4516293253476369,0.4028423760027703,1.0928259404332934,0.49110605221819653,0.2122927216410364,0.3351307980050617
