script/wind150m.json
{"header": {"parameterCategory": 2, "parameterNumber": 2, "lo1": 6.000198445256149, "la1": 58.999992894266676, "dx": 0.5, "dy": 0.25, "nx": 22, "ny": 24, "refTime": "2024-03-28T10:00:00.000Z"}, "data":
[rows 0 to 23 of 24, columns 0 to 21 of 22]
5.86110234797233,-12.307114340929578,-4.887895091128677,7.724683689521851,8.07100974058424,6.808738951279433,10.88462332876737,0.434265380879763,3.9121689648041618,-4.183336853935791,-8.493333964500772,-14.50703735313737,-15.47856693893609,-6.000394780878866,-6.5177915644021285,-7.1804551287987906,-7.334639350392309,-16.649297827170585,-7.59237342148312,-8.433334597850145,-14.919201061837978,-7.496379042233262
3.0810869888554184,2.830005702810788,-7.213915959520041,-11.026360719330658,-3.2591901753700667,4.22353509189571,1.384686187189402,6.8908652579592635,9.543365159603301,6.608866657616017,3.573427899960527,-2.8720541978896184,-3.6653509096569876,-5.939086970721443,-7.255882621769892,-2.7136410867190564,1.293734652399999,-10.11217044942083,5.978771074137728,-12.617253049711836,8.665249920007197,-7.573470258778193
-10.006034412935174,-10.3044434695344,7.3878383927827525,-7.887734667303711,-7.020811702957236,3.9487570586616023,-7.964496190978437,-8.907835531300124,-12.19621736309838,-8.099674347289056,-6.71336510540149,-3.207662458803325,-5.625594281935443,-8.296379806743198,2.361738860704615,-9.702225939587533,2.6058505494942805,-6.864546682331394,-8.5299274817925,-9.443559441252521,-10.002118386362103,-6.3031932986228165
0.4459167901492802,4.93382153090292,-8.297109087097512,-9.950245717067048,-4.23157140964169,9.955171873914328,-5.182571755596866,-0.041443664983278075,-7.882572705483861,8.479451236835262,6.907798297814385,-0.1757306359372772,1.3024839565327897,6.58264734125542,-6.711483739174932,-9.325761755921098,6.964909209537842,-3.2330431633706604,3.5927170233042696,-7.002691303054123,-12.847955975919572,1.9895255211012242
-8.983825422764262,8.273472779275046,-7.355597915947906,4.822084332240858,6.492587403089426,-7.694490086497837,-12.757364585919099,-6.788926438547694,-7.2420122400765266,-6.688392606787594,-10.709155528461787,-9.961951601889456,4.870878917938079,1.424676690765469,-8.587174326761977,7.750752752820757,-1.3207528331652159,1.9334747041577602,-13.202358095375025,-6.253162050813637,-3.433294497697704,7.843074220803562
-8.636556746460823,1.9566791788680036,-0.39633877982129456,7.484424720719879,1.134426781061734,-0.9003338067187648,-13.247024670727638,7.1786986044758025,-5.796661259276581,-2.7304417658968294,6.472839285157714,-9.04747476981427,-2.4452358656928923,-7.688294524109369,-8.95769561796064,-3.456986258597685,-6.473152407440082,-17.565565837757028,6.291412861179651,-9.244005173121652,7.068220298818163,-4.918472813385005
8.482095340910988,4.989962968635325,-1.8159883441107754,6.697428508797231,-2.504080211364726,2.3127271161193863,-3.2479852332368893,-4.0483618056506,0.71610241213575,-8.31431499454482,9.39239137669527,-8.282507528625118,-11.997886959284488,-10.443026572935018,5.498691797402665,-1.6818063276112587,-6.474744529682175,2.3452931160638544,6.7932257627623525,-11.87173876406546,7.012726068790024,-6.942480742593088
-3.9718509343974135,-10.006907230049352,-1.1865759431570255,6.234820161970316,7.218855631914418,-13.382129804456685,4.266375990171048,-10.839215900641678,6.22599905971073,-6.038840090075207,3.1580715890500324,4.9713212192533325,6.333679912839938,-10.938540862775533,-12.597956654659848,-5.59701547363031,3.1823273965934455,2.110915282908775,-1.8114309000881186,5.632576801616888,2.052961791823236,-7.546758297227221
8.081220062746658,6.391409486853526,-10.457695678206747,3.5714813267454097,-2.630274863007041,-4.7293243939777305,-14.16915436045897,-10.128623822852518,-4.684879444873573,-0.9530652909134323,7.225354491748382,-13.60838348154151,-7.2990795295751605,2.4447812787731382,-7.685556102432627,-13.017604976020605,6.489604625333446,-9.207542980782213,-12.892325008104109,6.276961939625444,7.128645571842989,-3.339375462924504
-6.221259334573315,8.760620322578673,1.7897804479302633,-8.743657027832535,8.059679373868985,-8.7028560201398,-13.03019286559218,-10.527662915877443,-6.515300791903884,-3.4816530636249485,-13.062531848462045,6.010797952712534,-6.88217187889017,-2.8416283384480567,0.7570504832527339,6.6979844391611225,-6.760823967103766,-12.165531960441234,-7.7829373587488835,-6.333131055493127,-6.673884062077879,-3.929376209011898
5.490212247940719,-8.884399600948594,-5.561870664413331,-8.043315872760404,-6.462543690460569,-3.3574640791219137,4.811329974446006,2.222965792687635,-4.309887914314891,4.3037169927144285,-12.053603675783133,-13.724740782533019,-10.840255788106122,-2.6642806403752286,-17.019983722468176,-6.652407108580693,8.76709139871628,-5.456584974975195,-6.04519984096148,-6.21813953915475,-14.067045798732583,-13.542793370455577
8.918024309779847,-9.869676478579903,6.551294364945782,-7.659228517846065,4.192411612294603,-5.211446072192778,7.191936381771418,-7.750274179143921,5.3868449446998685,-9.045154699262287,-5.308857714168999,-7.6581872177869705,-6.707449155998462,4.588962568994856,-9.432305530375846,-7.144889738295341,-6.651205764567081,-9.395702280789367,-2.883521975188952,5.198933455750172,-4.121699759765471,3.5503286017257984
-5.350460798488985,4.801769003521782,-2.4616543322519444,-2.479076528941492,0.16407925513257765,-7.964384549623014,-12.636856698641093,-8.45338486873659,-11.705914740043536,-13.158444198000764,-9.21640189316347,3.5020625314031886,4.067947633808308,0.24526553559800077,-6.862000219901456,4.293041368509122,-12.25486310425447,-17.36558588819371,-7.933580485180881,-4.343453782639956,4.296234533364615,-8.527297951555859
-5.271496807838887,-7.266267953487848,-10.094033219765914,-7.584436040334472,-5.726989174548819,6.916488124851099,-3.3468563548115124,-0.9461118633546652,-9.906964059304741,-14.867689352208851,-6.989843788326405,-5.681745589628871,8.179566556739351,-7.0887425357443,-9.113697272821671,4.485858364244007,-12.498778718196885,-7.151460325060659,-1.4624293786279114,-13.127862033723233,-3.342523535843327,-7.020815607474979
-2.206735270272341,-6.325840799005884,-2.744848984318362,-6.954480302906424,-7.967018584502203,-2.344848683094042,-12.266815492610824,-4.643659743402189,6.958330013173116,-7.20196879884199,-7.949848482585818,-7.24192741914702,2.8656344611574016,6.008186775607009,-7.248638020826998,-10.369390439735904,-7.331817740797261,1.770453977521355,-6.87553478923256,-9.946023354305114,-9.8910911257643,-2.491447006470515
-8.162778390207501,-2.16470614116019,4.750831266498895,1.0681664053686883,-8.428810009704415,-1.969201671162486,-7.806561777112174,-14.94907868610043,-8.169776338365239,7.798789937778747,3.0610086983339886,1.127844403909216,-9.964330971567486,-6.004610018050265,-5.043626688155331,-3.767868497617013,5.065621882600502,-5.5487462696598255,2.754933506269925,-6.731655163208052,4.839675431006103,-7.729224975809169
-0.8054301482934714,-0.7911280282755646,3.3273619768150593,-9.456143411400854,-5.704232921691686,4.876689309318389,-2.4136458644871452,-8.679235066294982,10.264738273920182,-7.924857382281442,-5.938187910540032,-1.754538677187633,2.7171128059652006,5.32754460025536,0.6547522750952183,-6.524357764152579,5.992901769134995,-2.5180328775268404,7.0160632418879425,-13.432574064835205,-7.331647670105636,6.401644191015441
1.2555090658423593,-5.514363229236963,1.69526047397784,6.396191466303031,-7.460351450327142,-5.99771712129131,-1.0943656179541894,-7.24385275765229,-13.55727660213965,-9.03781405610782,1.2261669022307906,-8.709104314872524,5.734794592237673,-5.816745671693911,8.564215089253024,-7.673415862665194,-12.325882438817672,-14.372753754006096,-8.561644739077954,5.81091866181055,-6.015191301236339,-10.712396313870233
7.586972399795543,6.18480009210473,-3.8179038947336723,-3.5519851416698702,9.098353534449997,9.274812590262021,1.530827111279,1.3537198693532422,-7.146576753368388,-15.021572186036614,-5.899171648388886,10.451165672579814,-5.7926844723948205,-12.557039199597044,9.652275953403636,-5.689694785343474,-8.581037751445953,-5.123230512153069,-13.612103908659016,8.491868399473386,7.069625761927281,2.5718477601734575
1.3197705942843092,5.766609097127808,2.258670868789157,8.550723289608486,5.151954326512208,-9.945656320561248,-2.7076259307112576,7.362659237328966,-5.181933508017416,-2.145284095763687,4.290620531879095,3.998073371397326,-9.941612883914065,0.6274602439860618,-10.833090219344246,-8.44628086532062,-5.957803283796701,-12.074217494862479,3.6546494972337342,3.4711927579812745,8.63783661893743,-8.140389037559022
0.50112127491021,-8.043466560623333,-2.5257397389647,-0.05677418119065882,-6.14827718562339,-10.492822186858373,-9.4706491727694,2.234381230612404,-2.2557356585004538,-13.314284667566028,-7.877671877681491,-9.024522214756441,0.5991450022677741,-14.343849145150417,8.681328140057133,-11.820721781315662,-11.438899221831521,-8.186975925012561,6.30076302250193,-6.226724979943547,-2.4542871256497607,6.331418756603118
-10.215997670840686,-3.7538798700846914,8.556227650058231,-6.44466964332777,-7.3170485953365985,-8.674658471945595,3.1445879912545522,-2.127041325090572,-16.435143305775277,-15.207999973454692,-1.6907461742063545,-8.573436407006069,-5.541347875318601,-6.170516832235535,-10.71950550356094,-3.454558663668899,1.3742207612728965,-14.826989205596943,1.0372618058726806,-8.404923198976585,-4.717325641811764,3.424294505915884
-3.2474781676503213,-7.266506304124,-10.959318783373234,-2.6954441809898904,-11.618137541388244,-10.87173688122461,-6.744465819616978,-8.557421387254532,-8.120247875557498,-11.846495757812948,-6.0938126007652755,-6.954921896827634,-12.706439832708043,-7.248496514608656,-6.490838667317241,6.140024815553661,-0.9370027381196345,1.9467866215939469,-15.13932700417973,-3.1884934970478755,-9.936220592612461,-12.610187114091364
5.786552903773923,-4.522994904038233,-7.783936977838682,-9.662261354164647,-10.024661925446772,-11.264692713016368,-1.424192617655676,-14.256902028274721,-7.6411449483796945,-6.614261997689031,-0.9238744750697527,-6.631587526547444,-11.656280863056066,-10.571068349747716,-3.854054229270211,-7.4295349138994755,0.2802217769792931,-10.851041990583004,2.6389304015102244,4.116144979248447,-3.862896355925594,1.9548384703968644
