script/wind100m.json
{"header": {"parameterCategory": 2, "parameterNumber": 2, "lo1": 3.000054539987559, "la1": 64.9999836372058, "dx": 0.5, "dy": 0.25, "nx": 34, "ny": 52, "refTime": "2025-12-21T16:00:00.000Z"}, "data":
[rows 0 to 23 of 52, columns 0 to 33 of 34]
-2.927500750603061,-3.6513557618389543,-3.94613482632747,-3.523974064772642,-3.409421301381652,-3.909537062631097,-3.5288673029783775,-3.3789690406138586,-2.2012564682157945,-1.312366918863269,-0.7782316953480166,0.2793746833735638,0.795370004641412,1.4676611699286868,2.152535183811958,2.364369296676808,2.691256801849854,3.6932675106702657,5.117629572010794,4.116554155313928,6.769402702837518,5.457314057210311,4.982938013654287,6.464517035359775,9.742426432465013,4.427059863685114,4.491760721847595,6.974306535354581,5.312317626228081,8.501197106701358,8.52660388223043,6.029593547990112,6.158171366868204,7.693111721184896
-3.705803776253706,-4.130216977320435,-4.054679489104666,-3.560430549338352,-3.2677340445831673,-3.335265188862945,-3.575704606904075,-4.108492710713171,-3.670933203386486,-3.2056378243852794,-1.8281182199614345,-1.2488968728108887,0.03006126462200278,0.5970921277583094,2.1677703265083434,3.1151081456159893,2.176671242691145,3.5911714824633107,3.213394016552326,6.960945776188979,5.87936162210251,6.402996610852459,2.603588908044672,7.230261241906005,5.786270557390474,2.692198712931371,5.967439419776962,6.3224076092727035,5.9329331243550865,7.11048978877238,7.504551847176692,7.969642391888842,7.043980433487427,6.9626214806899505
-3.670683730349274,-3.7505949378358787,-4.346076266067141,-4.446561348737804,-3.207232550824165,-4.185649299570514,-4.064608788435185,-4.276876356279512,-3.9265242591994056,-3.3633002530139553,-3.246068775392616,-2.7321239333425793,-1.8055364705011243,-0.2658582473857805,0.4143650754126817,1.8575902047049782,3.557485064164333,2.336734592993172,3.92252972708434,4.652851756744356,5.6666170950340815,6.167865215525613,6.271661792792862,7.088322957713402,6.624878853632496,2.8635036021441667,4.258244642474685,7.19185764280315,7.6839425297834145,5.773567152329104,5.989537973968378,6.328342525637069,6.949972945903682,5.541673884313284
-4.549326055950611,-3.8169771693786965,-3.9130133230623234,-4.133633000054981,-4.44725310149995,-4.236677190026377,-4.182832992613177,-4.587111226371806,-4.105062484196602,-4.0694620986020595,-3.4934564681021505,-2.8691569897821627,-1.9789138877616563,-1.9639581039662366,-0.8834788266460039,0.3110347925320313,0.9226985312804734,2.283954182592787,3.164240580179237,1.4503546003872734,5.890145513238735,7.361363075125334,6.600689126437111,6.325627320995906,6.40520033313412,7.194126092575077,7.715342089937831,6.2344969769698,6.1299812624275924,4.0534563543370625,5.455925370769033,6.131110152009049,5.868436921681004,5.013970562697226
-5.135956423080203,-4.5180845258698765,-2.7576042111531764,-2.195736339961091,-5.168914977247537,-4.493027758964763,-4.162896011528331,-4.114689219375171,-3.9648077788428377,-4.72861567512275,-4.368331273315807,-3.68684950730985,-2.574366276255086,0.14894339593196532,-0.545309323844844,-0.5183076949705755,3.0321676377708617,1.7449690959762771,3.113142620742025,6.1215645207096365,5.237502632791072,9.375119952575748,5.759813668581728,5.320466204493803,4.833416873067904,4.435944654690411,4.899010370543598,5.872721326153438,6.685712844270555,5.128816983239413,5.942529576899204,5.932953482685289,5.56347729877695,5.283806943728118
-5.837598672512809,-4.9936914399491235,-3.8051914010974186,-3.6000816209743656,-3.725188249754489,-4.517161654078484,-5.010125648752831,-4.20939100170731,-3.7903374317186453,-3.562802609022407,-2.688577460478132,-1.7007747606374797,-1.2233234948708505,-2.682761196021401,-0.27997451898026354,0.11281741444290505,3.381436316121137,3.049460183547679,4.226172052389906,3.6490881183025388,4.448244943200472,5.971098804512699,7.353356462512781,4.5631037184724335,3.8171750306654393,6.70510824298157,6.495077663366063,5.667593629745392,5.868097805526493,4.439470950893342,3.9970279305179863,3.8647891154602054,5.874200314175756,5.208658975407861
1.273176180784794,-2.1348036276368187,-4.41598675718003,-3.521690335449256,-2.7592293643219317,-3.529390016452463,-4.586989903532764,-4.2292740473308035,-4.1579412986896385,-5.306592081908127,-3.7202161845718966,-4.2541803282581085,-2.7630527117472434,-3.3523485793000884,-0.44555215043593743,2.003892179391911,0.4311235483675,1.1535176093398947,4.295283643399696,5.173481093086756,5.211068842270322,5.836296485044501,5.979176663211161,4.433277998940728,4.234203652720482,5.255099111736624,6.435284896620069,5.397501167564578,3.1911047923253024,6.581217270393788,5.5661931366537605,3.9739169107581334,5.1896619684359315,4.653661511348808
-0.536256814840569,-0.125490994849435,-2.342435458762076,-2.085096327042805,-3.254968747964728,-3.7242260806949754,-4.349329133645732,-5.1618044901547915,-5.926874858421701,-6.1552218392437625,-4.207941497626903,-1.819341574958018,-1.6588644253253404,-3.5492909990348487,-2.4910978818594685,-1.8400726116812847,0.5321715908280379,2.139484483206909,3.105435278731708,5.487698631741784,7.56492903179664,6.940054551505335,6.021437604990966,6.175370566251922,6.599908248337222,6.273611210061815,6.489821639733836,4.997813155417517,5.401483498074085,5.797152533876506,4.267383140361142,3.817158762765847,5.882220700208389,5.733752647577728
-1.336634431610468,-2.5622651186840284,-3.413863969593426,-3.7617718148559267,-3.959885461987441,-4.466254248410044,-5.817148123913024,-6.688526761242312,-6.630371604165966,-4.750414337087452,-2.3189729670933406,-7.10096252961368,-5.1224067376888796,-4.168113809284477,-1.348842590208875,-1.2077434159380764,-0.7408865406432524,0.19643568107857629,0.3862864503359331,5.141450009087826,5.511706546185715,4.408674933547525,4.095116174112509,5.646206791314887,6.403128800360647,6.172638930665435,7.317308534192282,7.180046821252494,5.096215539506035,6.404123815223056,4.6148109224796965,4.7353089276245015,5.968646316769171,6.169054936730544
-3.0596504523042323,-4.223041988283042,-4.526552008496596,-4.651717632352007,-5.324894808998527,-5.31565198161312,-5.121546740297233,-3.3584575041260862,-6.91074479500191,-4.760491378094122,-3.620375610735278,0.8499549214211622,-2.3242398878678205,1.1749330705486816,-2.307777159852101,-1.1133240156337376,2.00137356176325,-0.06965191620195031,1.363110764483649,2.6977797852726866,4.7361544298993214,5.088482911963254,3.559244291801337,2.281410257738103,4.396398273125917,5.315145883622546,6.06849720077309,6.256663109428072,5.172658748280023,5.013390051363065,5.290305377744706,5.952966588184442,5.753007010263833,6.028802147629519
-4.549122625839134,-5.269495668746596,-5.520250076326315,-5.64541163852867,-5.64869492311446,-4.377113677441942,-1.173254388438553,-1.7782198689015516,0.5001337549026365,0.6251222702182608,-1.6659826912206188,-2.078509093423174,0.1325457822021627,0.8492232764724328,-0.2905482098718802,0.3286540377244412,1.7989978747585433,3.1241233546394658,-0.9138468316522185,1.804775931675919,2.8303109456714575,2.7144924171966074,4.07681564638162,3.5494187136798243,1.9551209613921738,5.081767728593324,6.104656898560484,4.129222032497151,6.233148450376539,5.049604211061924,5.671213431949869,5.904963394654926,5.830087281207352,5.61715862895606
-4.416625552496856,-4.631634237853369,-4.3324497770479935,-3.342829386341943,-0.8326202701402198,-0.12345292207103925,0.14382251156637713,-0.6696836865922849,-0.2737085120749198,0.4019114386179282,-1.120285216441774,-1.5655902038314353,-0.611242040094377,-0.1725139860893392,0.4140784416225799,0.980586419454227,0.7112011744466948,0.4254732800401518,0.6874367025616019,4.615370243670991,4.029677249974408,1.339234228684251,0.645164709483051,2.3108265073800656,4.095555658674544,4.118911251444288,4.577083311577551,5.077987419390774,7.11318239328319,6.427907932160001,7.40713342496128,5.470154520777123,5.104700735797919,4.51032532660396
-2.68267076732858,-2.5297453761737816,-1.275032723262193,-0.10826390123000786,1.8946482500420871,0.49584674152865177,-0.05386599784051446,-0.0008708970256588973,-1.1422207197835077,-3.4516865687547624,-3.732475736143029,-1.9446160851705998,0.27783256479396534,0.8503769003154821,-0.37863294836026196,0.5006675380568772,1.598112007182801,3.195731095651806,4.404432945122332,1.3193996431868296,2.271271835594331,2.3041020037965723,2.702104999619229,4.979065813798346,3.2476551264911007,3.663801592080868,3.31978067282847,3.5203601921120997,4.21148902478941,6.121164076525419,7.67082162158682,6.096711068165371,4.337852744920954,3.650735746187479
-1.319045600878591,-0.3849966612597925,-0.603271336974479,-1.0742544735119655,0.9529899019633327,-0.44268990448689555,2.3315920192202855,-0.3141321223226609,-0.6356952983987025,0.08124241188468087,-0.3298762254370264,-0.8872916879407513,-0.7148002568862836,-0.6051648629586083,0.6220780419060339,1.1515242438252016,0.3792982307177993,0.12837557247531628,1.1501697911399835,5.709470964530304,4.48660615354526,2.1505649241453884,3.304561929533865,3.449256145255489,5.098205245796298,4.035999833411579,7.381808266848376,5.877180873514904,6.750022210263463,5.7032976072510415,6.919757603973989,5.372123736429991,3.7639103403803515,3.048675071350618
-2.106914991248386,-1.1333295953086644,-0.3982245736060061,-0.6156689652561481,-0.23489990449211665,-0.05103564123829829,1.068506521966437,-1.5573515209160536,-0.425186568310704,-0.07651093908511206,-2.4087933540444237,-0.7053365553904891,-0.3074913549194923,-0.2860150712525225,0.7450417884799643,-2.338048796590985,0.8498129126821891,0.5478403826930321,-0.3501504281456723,0.9040055429526148,4.22760357611012,2.4192075480179334,0.9462577546751753,3.188391029210962,2.897536019231486,3.9969961785228683,2.216114369441266,4.941828300634586,4.561358613798565,7.06904642956899,7.068282769330821,5.723814918928166,3.2014902341303006,2.326674837686466
-3.229441681342363,-1.6225404200460236,-1.0587924626150156,-1.34665222546406,-0.7580338931453531,-3.1918919656534332,-1.7205414829439725,0.6723552329458727,0.12221191125615495,-1.9376988580780259,-4.035674297578379,-1.4695763335214542,-0.18009942032438028,-0.4754562128138693,2.0869162080406323,-2.987931994210561,0.15907094942641514,0.24976141213296799,0.6044669607052767,0.04723650610632408,0.557017887257428,4.357094331318504,6.417556688568588,2.2634554825813575,0.69865788697471,2.0121255948853607,4.421449328283025,5.911300339772989,5.28996106760736,6.521241207933681,6.5759989861111245,5.9779416688541716,4.92063917769984,2.4279443858509713
-2.443719780150261,-2.234882718303222,-1.4512083665760032,-2.2508033286687885,-1.602388675901716,0.6007174190517245,-2.3941191846816356,-3.003650312833085,0.5858661976925029,-0.9323586298993859,-2.417780615083433,0.7765006938456543,0.5120470363920825,1.4058371639736742,1.5590618749501057,0.7889707151223312,-0.9946443583745505,0.43429353161252504,0.3850477521148247,0.27914464285209806,1.0141011119163044,2.834388239882773,2.578686432948333,6.171713501300192,0.43565100560740555,1.1378316202369323,3.1691815112544144,3.664529389877432,4.677400522378054,6.834710791476098,6.602873447163077,5.631938637087523,5.033427288040629,3.140918660800936
-2.5254423720741994,-2.472694615346548,-2.4315146428915404,-2.536264132809218,-2.6485569430341798,-1.817142441305503,-2.718631536694448,-0.1926913755165852,-1.7265844685023424,-2.147435451372059,0.9588702778842723,0.41204744034082963,0.16339717364096068,0.7073424346215116,-0.2432585026104659,-0.7538029487794707,0.7814811812438189,0.7287564124687054,-0.551790625828634,-1.0350975828502762,-0.3852258712639789,1.60360293611432,2.7621481692956045,2.456307237918585,4.172940703560988,0.8046185830145614,1.9032957160363275,2.9542364206301097,3.419277655875479,5.613691540485158,6.142095405862918,5.642068172007115,5.189806471625522,4.273255618300537
-2.3435046112048963,-2.89470400325581,-2.8126104534291665,-2.8989954653356302,-4.696724364469513,0.0389864427266533,-1.0510923982737732,-0.993145168631267,-6.345712088453268,-1.5048023254161143,1.2603719189761353,0.5127523514851685,1.808803270242887,1.0003823524791404,2.1174779505511867,-4.165160993412744,1.2759277694525257,0.876783828347886,0.773494143676997,0.10037448380023883,0.7040817215955416,-2.739289489252349,1.9634374888310926,2.9506233160042186,2.87703288257799,4.9641852691628525,3.2883570957236357,3.2943805260330326,2.4388739412284957,2.7143089967244873,3.6843718416767626,5.483843382784188,4.537524834186008,4.406176719538651
-2.987756310560795,-3.293152117093722,-2.3900189750927834,-2.379018511801266,-3.1644241599010523,-2.5319640425116554,-0.27479576060378785,-0.5712625676252682,-1.3861224878259328,-2.7104025044204954,-1.7685753105275135,-0.5402116845142818,1.9839375998660596,-0.7093501644129592,0.7859229366829545,-0.2053277789726544,-0.5636385158602498,-0.5370457363370685,-0.19340003687496454,1.6368780931619418,-0.7181524378669458,0.8245377778962911,-2.29444724971547,1.881307467055969,1.7280990660965907,3.1157943743281384,5.041983357227939,4.811209299090609,3.6408078638660912,3.318751333788151,2.897937273130282,2.934757657694725,4.434875735071176,3.060555931266507
-3.8294154104815337,-4.013428121244232,-1.3114820494022745,-2.4680860877005024,-2.857074895288362,-1.1614051512749395,-0.5587079515611076,-0.08516786589076299,-2.3063799979405277,-0.722087695243102,-1.3633955374394693,-1.2147425920206012,-1.3493491384599465,-0.01808654343138776,-1.5569983597873365,-2.571184400915822,-1.8997525900431298,-1.271771834049637,-0.6577204544411818,-0.9674452206362845,-0.24591435238888992,1.0148369307719467,-0.2012465836456748,0.1868096742134653,0.6342712339516708,3.941598701536199,5.381020578488937,5.23127883926351,5.093155029348378,5.317729983440194,4.755470307010896,4.167827906676658,4.359465211609576,3.499594342814301
-3.9926061427071913,-3.4294297260604276,-3.6603022288530376,-3.9508309036917733,-3.866942050956831,-3.8027728363210347,-4.152810091372664,-7.813773168962467,-5.86743107769032,0.34054004867925664,-0.5468103859165554,-1.8301786206972026,0.6390912134878264,1.5778655225747085,2.858223750653095,0.05062905078585106,-3.766893521466291,-2.6423851122774304,-0.6849936081075918,0.03219814460943843,-1.347073771611408,-1.531849286686302,-1.8553380701571576,1.3301788843779043,1.4432647199076505,1.090416061495884,3.5533833978450198,4.955473208301898,5.340571233899298,4.9334300402485844,4.7617684695252045,4.718293939204225,4.003779555728147,3.366496461195154
-4.491617488933472,-4.293100526860923,-4.689282178831293,-4.228215406206562,-5.4014966985278186,-5.461041162180403,-8.64342642607353,-4.192969324880385,-7.460077097573661,-7.0944343187158685,0.3405240368021897,-1.8160631997444248,0.03880896391281184,-2.689593796632491,-1.7475032918658593,-0.10520271399336455,-5.522541366300917,-4.599712452540546,-3.154584519247357,0.47424110586944523,0.5382660414062332,0.15983240290148099,-3.2968391452486974,-2.6166053350511613,2.5559022297222858,3.123852930202545,2.0085012424871693,2.321849661348568,4.193674231503081,4.7057739735777995,5.4862144183523185,5.334760439442905,5.395566689256607,4.5299961811983245
-5.111919108740124,-5.745911906764005,-5.767506330148999,-4.62581845181299,-5.855711285977305,-5.555767325243621,-4.4528377915677835,-12.030499740015317,-10.134933350928911,-5.0022763721809795,-1.0811041413112217,0.24944019336786763,-0.11804605506741447,-2.223564531616281,-4.263245758777619,-1.2374641007573972,-3.49444899883971,-6.763735685573671,-3.5201195081439742,-3.624693751802529,0.6857391141468351,-0.06870525272453332,-0.45542446790209834,-1.2378882138514797,0.7622367778463742,2.8002246638048254,2.337152796740204,3.2608107183995925,4.5294724254527186,4.475841402283568,5.2797813161916345,5.4794011077339855,5.49233624001582,5.104496012054289
