script/wind10m.json
{"header": {"parameterCategory": 2, "parameterNumber": 2, "lo1": 3.000054539987559, "la1": 64.9999836372058, "dx": 0.5, "dy": 0.25, "nx": 34, "ny": 52, "refTime": "2026-02-23T05:00:00.000Z"}, "data":
[rows 0 to 24 of 52, columns 0 to 33 of 34]
-5.893319057263361,-6.082186530642346,-6.161221735096777,-6.168059080329437,-6.426825069756082,-6.9510440324842655,-7.357702062213931,-7.543333600468766,-7.802437314027871,-7.923267058615934,-8.12818873106403,-8.407629949487726,-8.47100781066234,-8.546716795722352,-8.515711667311436,-8.37037484787135,-6.366559503605402,-5.573787457097425,-2.8661761715090006,-11.82551234477903,-6.0124764307216205,-1.3147091969795603,-5.378108995687896,-5.7033091183133235,-0.5521523275326455,-1.0206892546270407,0.18280327349546435,-2.5672521427485404,0.2356999931742744,-0.6442933587746946,0.8872128397328837,-0.18919082961903358,-0.6119462063527469,1.208310543104496
-6.711002015480244,-6.925498696379982,-6.921151967476065,-6.706080435173979,-6.957560761712568,-7.1126162731376015,-7.362707476892997,-7.601259527704051,-7.755712000211723,-7.684944659405356,-7.81571693143179,-7.786717647812925,-7.787337058036189,-8.025688630321659,-8.72780073955156,-8.95018094045167,-7.797946298889,-3.912827474451624,-9.526275563958682,-7.78828522977531,-5.854947596784519,-4.336772149183895,-0.5305853731939867,-4.255385859615515,0.5664369582024533,-0.8315078980392149,0.9576982642691272,0.5016791708526117,-2.224828754257552,0.10451367782686698,1.6699972880930867,0.5094929167237724,-0.4049620596323147,-1.733667146235546
-7.429275570061751,-7.309792328194387,-7.148836440896032,-7.022532185995796,-6.937362513221434,-6.985660429144504,-6.9456125587376345,-7.131737870640401,-7.117667870743829,-6.970676752007766,-6.518704458017779,-6.169396824660705,-5.651278174706587,-5.709431697984645,-5.741725305010682,-7.180539451635335,-4.464110409596762,-3.5002812700592663,-4.034597333622073,-4.079672687934462,-5.869024591756117,-3.6728530256384224,-3.9455439286563765,-2.888139720928193,-2.648717446625991,1.1701205591543227,-0.898805053788899,1.4079174346909782,0.22194629021936513,-1.0195709402971713,0.336660493055823,-0.15747679522717808,0.7763108121958295,-1.5333786091440575
-8.247919210449107,-8.029353455405616,-7.642112490065241,-7.307270747056162,-6.904217662392185,-6.618805238130066,-6.523526523752551,-6.339826229229305,-6.559561735257564,-6.15715113088034,-5.439203030687414,-4.376228334915586,-3.7244681189732707,-2.842023759372207,-3.025093571686809,-3.8842358865439617,-2.4073068470357786,-2.785476928706895,-6.57912374346283,-1.6528935486200451,-7.937572797302543,-4.429232072260308,-5.129203438776571,-1.5163369744802098,-1.0414684227486142,-2.1940130210154543,-0.06688654834577276,-0.4761489336431168,-1.9959971030307802,0.06275770409246795,0.49868497550133406,0.2581703387657311,-0.898533759836281,-0.9633800933660054
-8.19817106748282,-8.0247613390851,-7.789202569450558,-7.410101891598374,-6.880411098376684,-6.5015202981368,-6.092600959752113,-5.598698040508068,-4.909956717894884,-4.677407306485802,-3.1902060342100995,-4.090003876543609,-3.7782406315094,-3.9966138721065794,-4.377350423661626,-5.729457270951756,-1.8272156577919392,-2.393769294126417,-2.4226166888533034,-4.807869468895225,-6.865722435755989,-4.190891429203607,-0.9272999063533996,-3.0602984804657667,-1.448883164002658,-2.6656404955705053,-2.3686294360022333,-2.0749774182075145,-1.1302686601495964,-0.8090238844642206,0.2337827197568424,-2.6945082197261305,0.2910348170469616,0.9414935809614979
-7.649603679544242,-7.315291649173894,-6.798404741396886,-6.459416625896738,-5.795624941393885,-5.341585283811436,-4.369793481616283,-3.4675908228272516,-2.7824197277853417,-2.406694534301094,-2.9010018771469976,-2.8310138051181792,-3.175186237854321,-5.782685171304046,-1.5663599849526677,-1.0499123433983923,-1.3453414399433727,-2.438537623854277,-4.671569238696989,-7.090638628622308,-2.3569987525537974,-3.6665777679413996,-1.3407870842092213,-1.6560703307532223,-1.9057563352969857,-1.6554279614027352,-1.700433162390344,-1.7556392456843917,-0.25208003760459,-1.8127645782183968,-1.309464883780952,0.1557537874868381,0.5348930384124052,0.04446046548951016
-8.884841170135152,-7.716238403231289,-6.46083975122965,-5.698204482652891,-5.171981870510964,-4.520974205598511,-4.013106904496602,-3.427847998860666,-2.7922205807082316,-2.8060722288926128,-1.4334371969712758,-1.1885042789363345,-2.7390622351058473,-1.929360828794926,-1.8117148847979803,-2.84124716444288,0.566368825053709,-3.924353166947286,-2.7188895491898264,-3.215955442060805,-2.5058148483880194,-1.873626794424243,-2.226130804034331,-2.326994776415652,-1.4267144112194177,-1.7176523750386339,-0.9872350979281145,-0.6518207583521708,-1.1750931599242616,-1.3608285403025,0.2522835954019117,-0.22973949082420791,-0.1630178774121949,0.6112333706077007
-9.746949064961166,-8.927319383446797,-7.940053546903042,-6.570924409452884,-5.9459861966355785,-4.917211863414039,-4.487696028861775,-3.9329772367569724,-4.078388768042051,-3.1023959537431782,-1.1176086801221967,-1.0757265069523747,1.080983905562742,1.1913337996562425,-0.7286408906338004,-0.5298317896193407,-1.3356163027754036,-0.8935665634325354,0.8483590271256217,-0.06942755690048279,-1.6071274399839437,-0.7504104013290774,-2.128533188010603,-2.8745046470005273,-1.399437296742701,-1.7133615641664939,-1.558334227457407,-0.9768238551002211,-0.6625974785259725,0.7959754941657502,-1.6747523161610411,-0.19786469719071614,-0.11749635268789335,-1.6408769630277464
-8.578845082108874,-8.528985052976305,-7.537922552175654,-6.1505752176055015,-5.4967824968535135,-4.763494582760999,-4.185004436560953,-3.2520462720216745,-1.3553466473095912,-0.10910814158273459,-1.1650819950430893,-1.3636655786412613,-0.9544034255223945,-1.6784074682651826,-0.8525326358111538,-1.774130646113475,-5.385560951703804,4.013318973785518,-3.8824394834119693,-3.6119204901892217,0.018755363430992728,0.5148658813097853,-0.12281803695047794,-1.5590464918701188,-1.4648660095942077,-1.5257156949067578,-0.7318488042092831,-1.1984108308683936,-0.77008894120935,-1.2008948707312297,-2.158907302630366,-1.3187408400139282,-3.578381506420269,-2.269775919150766
-8.537574340907018,-9.521086094344154,-8.437006414298407,-6.566877849471371,-5.8163415989616425,-4.527672177343937,-4.136919027340399,-3.270177088267394,-2.0236783883239253,-1.1183608312770594,-0.2658474700258061,0.2934096353249437,0.013767903679244905,2.4271071946299463,-4.229678717642977,-1.461509601709976,1.2249528012957995,-4.501595690994488,-3.458188961853547,-1.125864272229989,0.7043859844289931,-0.6049200345151047,-0.8150876475522669,-0.890123428910422,-0.9023649585594632,-1.1368229732459612,-0.7234625117375354,-1.23424084789925,-1.4550242737498056,-0.5784609460158939,0.627793195621784,-3.037068883644176,-3.3883904652025345,-2.085664619778199
-3.0576499724020016,0.7322726616646111,2.872433404816886,-0.5232616587146929,-6.133945307061107,-5.470600478918008,-4.143996870622854,-1.6355243492685327,0.9451265574754746,0.5646190430364625,1.3310306953567959,-3.7742588560127768,1.6267321192317228,5.461993028328472,5.405680631522432,-3.613894820156511,0.6713381713722936,-1.0544630640145138,-1.2756672735784256,-0.5916097460580108,-0.5208874485523256,-1.167181077543157,0.3161354558625806,-1.7727661400079147,-0.9179695065576595,-0.6152648412144053,-1.3694513811895568,-1.6251370159226777,-0.8287026304865625,-1.568408665809065,0.264139896913755,-1.5421062519992548,-1.4236598413572945,-1.223840513823592
1.9541509747040025,2.793941868465885,0.16520972060367536,0.9188857353498637,0.48890026295800904,-2.477456749070367,-3.2000931128336587,-2.684030827174298,-0.9453651977374068,-1.9791948106183022,-2.297378601762865,-1.2024137787958264,-3.0349263157952864,2.725099541806421,0.9200318816898041,-0.26305775511859286,-1.397754684384399,0.6980230175624557,-0.9398663895721296,-1.6553406396642851,0.3484170858255609,0.4475539349562121,-0.12592878912863315,-0.6097929683165736,-0.4068132925332753,-1.9030067224392688,-0.9314291218793265,-0.33716823153281944,-0.5245511130713146,0.5188283012613714,1.263184350402776,-1.2788868489840934,-1.1212342286958026,-0.9395179733831563
2.5986369812706496,4.587236586574179,-1.6875108655532611,-1.903586317057896,-0.5933244733108805,-0.3305861106966291,2.2156132924784404,0.3570241868107382,-1.8455292024767829,-1.377023362911686,-1.6945007073193903,-2.1956565684441154,1.0832709691570845,0.9440216995281185,-1.693837744709148,3.100736475166233,-0.3223222439150848,-0.6607236783144069,-2.1084176315668324,-0.6719728985418623,-0.28603691197978015,0.0719720980450869,-0.6817091124524476,-1.2078424749398813,-0.3266363774784553,-1.685597181832428,-1.0834782945290964,-1.4840376761299368,-0.5901986008858247,1.5252679173887096,1.6413425879690493,-0.5557794487675793,-0.8211418390437323,-0.5355240326511913
3.263824632923948,2.4193692365124426,-0.07011443649944214,-4.77749523596422,-0.8045308633241377,-2.980979245101402,2.8352143258637477,-0.5980839065911452,-0.21354353413700075,1.1668805916803322,0.9400873356967742,4.652587513955545,0.17433101854506167,-0.8172355858792758,-0.6263334010868936,-0.47008066065207826,-0.36972993271679644,-0.6054788102158463,-0.17601395566475955,-0.6599501125426525,-1.7397642553663695,-0.696874577096411,-0.16562739073365068,-0.6670605319545642,-0.9518978243016889,-0.01631465450931216,-1.0056541890919077,-0.45637576252981354,-0.2622717375605584,0.8361397981904246,1.1469659077207,-0.8005601958228237,-1.3279513989524812,-0.6571030283612472
8.935595310450353,4.011518487068879,-0.05860011326960202,-2.8672044445322724,-2.8914465324734624,-1.8508301836725884,-0.5759647687063003,1.8375552120935252,-1.3772716589493212,0.5792634876078672,-1.1986144501882043,2.5216862192204146,4.471247168251769,0.4409937043461065,-0.8400488215375548,0.9915677789005679,1.0569218257000614,-1.1832941961862766,-0.3805166591958398,-1.1299236824641998,0.08854673961991982,-1.7724602046406144,-0.8498619789582091,-0.636596240688386,-1.0958833820870386,-1.9224262750328949,-1.6192084745718216,-0.7331915883520908,-0.37078590415084534,0.31002995959183316,0.08290610553624557,-1.0326850173734219,-1.5476556063950506,-1.3636826144356882
5.697637868673736,3.671021570902122,4.829655658087926,5.142291848344872,-1.2570940098941605,-2.351336749633731,-2.434470756812069,1.7755355465893323,-0.19979792221027096,-0.007119108659618143,-1.237031158893633,2.504370027713959,-2.6487466631913716,2.6372395560051594,-0.6012959777390049,0.5086756022699482,1.2445084590561495,-1.5670144184539607,-1.2819297097054454,0.022867129898239417,-0.07027257993918584,-1.7785354021808362,0.15828319199608673,-0.6875089455864324,-0.5073355430737811,-1.31605319753147,-0.9149806582337746,-0.9249658112813763,-0.6759701765032388,-1.1168392040947535,-1.3687343597787702,-1.4111634585512067,-1.9201271841535885,-2.2064661688153566
6.306185106707338,6.507823901219226,6.297186700736966,4.667851907077581,-1.902190955879437,-0.08399596235335861,0.19832524487684744,1.3153939949140399,-0.607721866421603,0.1663477985535748,1.9759140716140302,5.230436114433812,0.7002433198934255,0.981551821395985,0.8152122490282859,-0.2304891504092689,-0.6405324697722717,0.06860944428668879,-0.49438946133484735,-0.24532105701515147,-0.5662703559312019,-1.6940363258523436,-1.5357981975659012,-1.3908173600214089,-1.2553150332486551,-1.4561058548344832,-0.8868255592594894,-0.6016183714694856,-0.38291703449839903,-1.687496105010328,-1.7463076197481173,-1.790578875859715,-2.762548977454514,-2.624625441463308
7.290934363096713,6.845898856111293,5.811567444500478,4.479470963750358,-0.8237176966572353,-0.3721291887648001,0.15904712534698484,-0.45942234453825526,4.7791704968332915,6.33289817278526,1.5495749960427834,0.28357062259471755,0.050677856510772626,0.7750025127661907,0.11620974971098269,0.18196344615449955,-3.815608361026901,-0.4696252357098668,-1.2417418034359038,-1.7137404659969688,-1.69878462778313,0.3279009753120534,-1.3769661171794134,-1.2616368068425574,-1.370352824927616,-1.2597515196408169,-1.6964199915247034,0.22738540772890525,-1.0512067503069469,-1.7838873148485312,-1.4991593253008888,-1.8031780982886003,-2.9711628830939882,-3.2861476845606967
7.925486278161494,7.570856054839838,5.3665746013489795,5.0729307601020235,1.0955945328458303,-1.957212611285121,3.339446573926595,1.2033422395171758,0.016644403981314365,6.099054013905657,0.9826588923710836,-0.0675695575167464,-0.678861785349944,0.059497263178169287,0.9513464516852369,-0.12752416025478164,-0.5137612346358783,-0.7230247937635109,-0.4979014329433568,-0.2744181627972259,0.18361998081591838,-1.4928325426330677,-2.0410754228329986,-2.6013178264645473,-1.5522412817246507,-0.9840420489485425,-1.6162625763025558,-0.15921332650620815,-1.319941413357878,-1.078183976160776,-1.1042074381669955,-2.4497731594554417,-2.7828198409520843,-3.917065933755006
8.137980030052342,6.756719195317652,5.158636254541687,4.575196617015445,1.6467736820847507,-0.6265876020775704,-0.4185372382666009,5.653074559570906,4.898803885607722,3.7308712199234426,2.938603580060641,6.05843890116564,-0.38842706788908965,4.618937857903468,-0.8511353836591208,-0.8565093402596633,-0.08501722673694338,-1.1553406044299985,0.6395488465462189,-0.6006872278913887,0.36245678278593085,-1.6942995716021667,-1.9196493466539561,-1.7526757457993256,-1.6836756840368348,-1.3693791500923165,-1.1913454389275433,-1.6375060502131167,-1.6194394183083427,-1.6033992357074662,-1.3399829258596363,-1.256670944278139,-3.5236931412287946,-1.8280952489711582
6.298734449597465,6.435586524096146,4.523012502012663,4.333920746980778,-0.9647968326605054,-1.120186101426146,-0.7319246261964941,0.04944608266776438,2.5809662414704824,2.4029616372741627,1.3553346008700564,3.417373072337587,0.958804036386719,0.4588549504292737,0.8727002267702166,-0.7019538055648452,-0.5830371782219345,-0.4183382154891069,-0.5218621907283991,-1.3311333456896932,-0.34991560395360427,0.13040089621978457,-1.3182672070890395,-1.132109026326034,-2.0767893893046523,-2.194732128939263,-1.4450641546541383,-1.449911262147873,-1.4654254108393596,-1.5393190628608309,-1.8951055810414115,-1.5447974489761018,-3.948071451487158,-3.9998163829907636
6.602923259330639,6.310680183956379,5.6054312637918615,4.514376309082491,0.9100023913028776,-0.1684629403282277,0.5227267873639083,-0.38282311365295346,3.5673359895292465,0.2036602719429866,0.6256889393834202,3.1439672172554234,-0.02767458852881705,0.5736548905534955,-1.7421290376276626,0.2923523510857437,-0.8510483448316077,-0.7322294543528642,-0.4423329524884563,0.03833299786863845,-1.0203289136144427,-1.646768054233733,-1.2892784380247688,-1.1213377649860168,-1.2005942150222106,-1.7998338404645318,-1.7795176886246462,-2.2589694792799144,-2.589477613639813,-2.2958326010762358,-1.8582175581110152,-1.9638783421024233,-1.6355835093276008,-4.044000973215091
6.7227929757729825,6.049387566040983,4.286816869188768,2.3242650484431087,0.4264627138677685,-1.6343147114950463,0.5686795833865864,2.129276186874022,5.266229169696079,3.130629765658347,-0.6377909107629501,-0.4756341462243018,0.6400467582578995,0.5064143029236863,0.23217794911449627,-1.8892105411787963,-0.9865341296728354,-0.7920451954515462,-0.5328673279934061,-0.36086207730685804,-0.9165146647208877,-1.3698510715197567,-1.740296170515072,-1.8124853449079703,-1.4352343047840912,-2.670985312568112,-3.437497819274143,-3.05749872715649,-2.1053087780081494,-2.6068580931191225,-2.288764946991821,-2.2914112079496958,-4.247315706401376,-4.613538442426565
6.789685202990832,6.911404836780263,5.749656560231579,4.2127412627692475,-0.30589406149302545,0.9825295771238362,1.0050569269200216,-0.34195897326949076,1.9056370472208886,-2.685225330281827,2.015293244281584,-0.34657663600620797,0.8811144387298536,0.5650131885212208,-0.5753128808683432,-0.010374279409697092,-0.9256278110545912,-1.1704595354103096,-0.6762858022940812,-0.5338085385020619,-0.4882965545397849,-1.686435304178803,-2.147328328974409,-1.407830003789029,-0.4632912466078383,-2.2531405883425872,-4.051266832411928,-2.5492232908315953,-1.8246170977090492,-1.8987835586992001,-2.039746343827575,-1.5085348693850615,-4.1565387936912215,-4.1008789836268775
7.495513465445524,7.314381256771276,6.435366190897293,5.221194517494638,-1.9122882232087623,-0.8876758048443808,-1.8785643542056174,0.12754880599934734,4.001223876711045,1.369023960180226,0.960185719570902,-0.5024154051307161,-0.12481814057657394,0.1767730238499579,-0.5159913000691259,-1.2017704337603787,-0.5934150700279072,-1.0223877093029978,-0.43914447180504085,-0.1940030865516436,-0.9881074274999523,-2.4896685884382888,-1.2244917550534715,-1.14320335085357,-1.1006458861898525,-1.6295983441801196,-2.929476148964676,-2.7682385388608672,-2.089590515504013,-2.2037905983823074,-2.057337819912917,-3.8764185885001265,-4.806566824389765,-4.424936449903821
