script/wind10m.json
{"header": {"parameterCategory": 2, "parameterNumber": 2, "lo1": 6.000198445256149, "la1": 58.999992894266676, "dx": 0.5, "dy": 0.25, "nx": 22, "ny": 24, "refTime": "2024-03-02T19:00:00.000Z"}, "data":
[rows 0 to 23 of 24, columns 0 to 21 of 22]
-3.8290436149532865,-9.790234515882153,-9.330337464571235,-0.75182000921272,-1.3938259919609695,-0.6983682200474952,-1.1389230683857035,-1.743203123502963,-2.4047005207253282,-2.9405760201517044,-4.126767542155017,-3.605970256182563,-3.338359033505801,-2.552817513811442,-5.024379010564084,-6.6113567701903975,-3.3326558972591154,-2.363644220636577,-2.0302729171201754,-1.9042832856591032,-1.6055380764391665,-2.2622332898880106
-2.899097910913664,-6.767701256276009,-6.590014698497256,-1.237838930186473,-2.501092561250995,-1.1322269392025295,-1.3759095031981845,-5.242627216878014,-5.468278995484822,-5.401545413260156,-4.547492575172094,-2.1045338593282374,-2.973116668314551,-1.5654138313971746,-7.23616460212185,-7.309958044635625,-3.8214275678001965,-3.7016681615740095,-3.868536357967722,-2.6901660237026834,-2.2151229480494203,-1.8580818598011861
-2.763834103412096,-3.373179022856622,-4.813937311709916,-2.5281188644655437,-3.197318122805453,-2.247730629746577,-6.0373004661428,-5.332537532702792,-6.482434319647847,-5.699192464054092,-4.429747150599611,-2.0604450826473637,-2.5829564758357675,-2.9245643504380263,-3.4905670872183503,-4.25359341148737,-2.7588562512943566,-2.2329904172478527,-5.211176321504617,-3.1426590009050357,-2.7523851260437606,-2.44804789671497
-8.72948810534168,-3.9112740481813293,-4.823247471283461,-2.6222187839424462,-2.1901248019255455,-4.855073915369673,-4.599701782406263,-4.714517585568929,-5.336227600648074,-5.036337887987446,-4.786746979876227,-2.034130437685236,-2.1520782278752004,-2.13799907465732,-2.7510025715813837,-4.165100264873304,-2.225099707410896,-2.1880500489844192,-2.347741945744099,-2.6781911621961143,-2.4294078320048484,-1.9010978458645813
-12.707682814911317,-9.570182403850001,-6.114068660423765,-6.056875110471586,-8.151513508738292,-4.717718788162649,-4.583670627681515,-5.159598836054223,-4.908931591124478,-4.285677101440562,-3.621374582382759,-2.9912297793691627,-2.312273222081824,-2.1591391971405516,-2.285295599022817,-2.345570004217345,-2.849135133742269,-3.605376570738536,-2.6108005222863993,-2.1860444411615654,-2.1181595343439836,-1.6527740017599286
-12.812314923079889,-11.87341616696959,-10.276464823860842,-8.37536086987065,-5.671716633597992,-4.531537682554471,-4.635500819125035,-5.950320793018902,-5.153795714126795,-3.6677493888782653,-3.758028003539244,-3.485689785625962,-3.041034098079544,-2.7530765297516933,-3.2301202922313,-3.3720724189699927,-2.6156706899811004,-2.803851323461261,-2.2665126973119856,-1.538108965588918,-1.8006186935536188,-1.5428295752285168
-10.283455516099407,-9.979992583653791,-8.62051728231875,-6.580693297029838,-4.66849948830712,-5.221819190394989,-5.898581200976893,-5.588083165380705,-3.4551486193177814,-4.0915284167643735,-3.7250685863092543,-4.027089337478784,-3.1657737498650804,-2.6109732057734707,-2.5282814333310717,-2.9355601340159585,-1.8152297336824028,-3.1842411718147643,-1.9087064974806707,-1.904494949050825,-1.7113825136043397,-1.3402689551381555
-7.707667605311299,-7.636004300498785,-7.69621313287252,-7.551108088065773,-6.484624664888251,-4.7286214235839665,-5.341027151689116,-4.498108608972357,-3.8616714394659173,-3.6427051289444177,-3.6559274547741856,-5.837285013805827,-4.992073980267476,-2.9141559015474128,-2.6460973753867045,-2.7538878821583257,-2.4764792057021627,-2.6106265250342884,-1.88147021913756,-1.8257377603530083,-1.4853188307829632,-2.391019447774931
-6.579657039560597,-6.324616721957474,-5.230183740638596,-7.252579849937138,-5.53277748552899,-3.355975387168013,-3.7409451306023076,-3.168173195425773,-3.3022134974768016,-5.3984153059810085,-6.107217981647996,-6.613650634597943,-5.385177477962673,-3.8351946855428807,-2.7108146667067605,-2.762971796987437,-2.783025749315545,-2.432908484943796,-2.551771009731452,-2.064585733316687,-0.7482160487154532,-1.780293003152849
-6.354627663374567,-6.2755791118842,-4.506890226508641,-6.18041948804314,-6.436257050723896,-4.712365253121201,-3.08782294505595,-3.3681848504494507,-3.3281413215652775,-5.658653309026255,-6.60559560815003,-6.681818873268964,-7.015320943182936,-5.493809603198119,-2.9623330411286855,-2.935726025682876,-2.8039081583321606,-2.5464979695385277,-2.418172617363766,-2.312199611864352,-1.0531006217893877,-3.5460068220524414
-6.146076210464315,-5.566097819260742,-4.4297153327647045,-1.6470343008292683,-4.742673473046855,-3.9656491921281023,-3.065853426509527,-2.7750856172772367,-3.87966205370334,-3.7721722133311024,-6.263188265879012,-6.265846383305696,-6.2321611977613385,-7.118381947510996,-3.2245503461266996,-2.505041851234547,-2.4686929706113765,-2.4833587834154596,-2.374435085424634,-1.9663098187373664,-0.6459319424045104,-2.3547443821486973
-5.9956368420121455,-5.676789848691625,-4.2616130897010684,-2.8015196902075017,-5.068506156794697,-2.813939695544026,-3.2160282200675394,-2.296764034188224,-3.241705854665697,-5.003067250840142,-5.131687158901855,-4.88130938210778,-5.329115307257463,-5.6383942769837985,-2.9847541602284253,-2.6517743719035374,-2.1616257521610676,-1.985401085250845,-2.0881854132143656,-2.0195832351959275,-0.9292088013694846,-5.145155176607324
-5.839384536069626,-5.84513919526406,-5.008611625576815,-3.162253431511045,-6.661704753314707,-3.6106118075133367,-2.3551214828971214,-3.16476005235068,-2.9331361491070154,-6.794887139932448,-6.262936724455172,-4.343877045251672,-3.039304217050361,-3.127139598353897,-3.7082670671621902,-2.6593524565886963,-1.772455065369081,-4.994464339664113,-6.868912326959438,-5.59685812580433,-6.204372901675034,-5.324908947791822
-6.3126450721590714,-6.058895135355774,-5.502120015247421,-3.906162147691834,-4.469474603318099,-4.203283169692749,-1.7007205629485795,-2.7897729637422057,-2.0122135956883715,-5.558003009668374,-4.968331691368962,-3.0193727160193347,-3.2875087705267827,-2.3823974730115367,-3.612057894669904,-4.3530979847721945,-1.096545304103318,-5.96526939206736,-5.733500554611486,-5.6104099767730435,-5.011634013631075,-5.199199514728232
-7.04630236000114,-6.5509339206522395,-6.198863473111605,-4.643826415482917,-4.649858655314101,-4.2060835285648945,-2.8094378293331275,-1.9333135590642134,-3.116883538750502,-4.156218969215225,-6.097767235228587,-2.7934876910929236,-2.428251846548819,-4.1628799022557095,-3.7493669357382444,-4.14686897916377,-2.874345712617241,-3.1401651243932545,-2.295860480983125,-5.073313765993005,-4.180492141491862,-4.797267302298692
-7.672486500579814,-7.206198918988849,-6.607530268987211,-4.597879030275853,-4.799057246529537,-5.394673391339,-3.9543532894686444,-2.8599810482233834,-3.7036042020976496,-4.485168729790813,-7.054519457991252,-3.480299728722598,-2.426481657788618,-4.447197814315373,-6.019542356680669,-6.855922931304257,-5.477922094672935,-4.022139631312793,-3.170893889795665,-4.626886069397191,-4.203793489386142,-5.30505055815849
-8.01091454294406,-8.33013358250964,-7.319260024243052,-5.432768455083949,-4.658072588166306,-6.185607097970089,-4.298623754862538,-2.4756291112762057,-5.50476103333443,-5.2265526843615655,-6.998493067799793,-5.419580576530771,-2.743442753184007,-2.370056540778973,-5.392732863215574,-6.635186687986588,-5.546366040614143,-4.9176333738805456,-3.8670432177544636,-4.131807062801411,-4.4011113262615895,-4.237522875027155
-8.84613983772123,-9.03965711362167,-8.765360031808758,-6.825717338719833,-4.8347575201461845,-4.036553079090898,-3.6192713832926695,-3.3778995688835285,-5.820281519104166,-6.784934856536275,-5.402120928752702,-3.3774734914665725,-3.692573612317516,-3.9863574311108456,-4.965599117678446,-5.349981182171126,-5.622437352052865,-4.912966214991132,-4.506211847957199,-4.91735229594849,-4.260117751677059,-5.1120047996864635
-9.3293484695345,-9.587993673582323,-9.044229185483909,-8.257475802550362,-5.964960971432103,-4.5662171981771005,-4.151196425763783,-2.4122215607576587,-4.485223629662337,-5.833583435146583,-4.538052368248294,-6.758358679728532,-5.617376152935428,-3.833932414331787,-3.867427172708956,-4.198081242342808,-5.775686004804555,-4.701832188423448,-3.9452099460101304,-4.434906520206181,-4.488937098998569,-2.3019624924607895
-9.666875565287993,-9.545595645769557,-8.840900834641614,-7.69089432109455,-6.317226646118986,-6.057743265252767,-3.3357535952267825,-2.763003652603159,-2.6460696625180042,-2.249671659147673,-1.8812988416485208,-5.979082868088803,-4.675850666518433,-2.2880800513781048,-2.13861158539493,-5.087221949658802,-5.829445558552028,-4.42697304215544,-3.9763800520420896,-4.96751090585499,-2.931808399380755,-1.2888314476560563
-9.613329032292013,-9.593330735745282,-8.819472662609572,-7.706689733188083,-7.322533208612463,-6.325489969040078,-3.386439172785533,-3.1119815818459067,-2.667557189041317,-2.208922501457256,-3.083747173847919,-3.59486424877936,-2.4953456080523386,-2.0940741920194306,-1.8416227806732914,-2.4880090439116938,-2.4615991752402477,-3.542331280405195,-1.477825786423307,-2.647960906845886,-2.520401143731428,-2.713992757723461
-9.094212327592073,-8.866242638870775,-7.772072104520522,-5.487662648098777,-6.753820754469548,-4.562583424248522,-3.054611956467253,-2.6989414840460384,-2.2830074883128773,-2.056245380981476,-2.2220771316203938,-3.286137216831019,-1.738228885781141,-1.8947751068611922,-2.05417611037158,-1.794460717081915,-2.0649799487285203,-3.811265453747668,-1.343160387649356,-2.504802178179559,-2.8741668696370652,-3.331122854708929
-7.437811050739049,-7.439176538590295,-5.424953295674762,-3.188334728038683,-3.7910783784195248,-4.350590400449259,-2.3774525478099187,-2.6124130418370077,-2.2569897230973983,-1.9862993948076193,-2.6259444809666013,-2.374289528100212,-2.498420094390382,-1.539898735396272,-1.3065755597973738,-1.9582283230840942,-1.5242619733033367,-2.4198961980381375,-2.5291204687500857,-1.8612239465691258,-2.769495842651288,-2.7142475343210752
-3.3808652687140817,-4.2603521321693485,-4.082955141877394,-3.474983086448145,-2.922393059641222,-3.8541452416534487,-3.4784306583101032,-2.878323228154337,-1.658013599280601,-2.3156610454948447,-1.7628440730105683,-2.5590105257114617,-2.7225573146581215,-1.7581533152135345,-1.41064378142906,-1.4123017669211582,-1.0847888137625432,-2.1032874052347696,-2.2412286235743624,-1.997031988070075,-2.4259127605071775,-4.18020887086293
