script/wind450m.json
{"header": {"parameterCategory": 2, "parameterNumber": 3, "lo1": 3.000054539987559, "la1": 64.9999836372058, "dx": 0.5, "dy": 0.25, "nx": 34, "ny": 52, "refTime": "2026-02-17T05:00:00.000Z"}, "data":
[rows 25 to 49 of 52, columns 0 to 33 of 34]
7.364798176588,7.053204378418962,5.9559722854808985,5.742408947277732,6.877308646928814,5.211675959955647,7.487996995386605,4.860875898911247,4.862608636898956,2.1777242170471003,2.8041835473475647,1.1739754598793652,-0.00836829254527932,1.8977304454124384,2.444892179169681,3.3989222659893277,9.03197476163337,8.05096332433346,8.142975203828048,5.2065939800464855,7.805433565372142,9.136561780906552,10.551195627208603,11.112671984662498,9.12242938121015,7.630821517734133,7.819344981142671,6.767131659848328,7.289829697579513,7.265046164969763,7.20146054311137,6.725789601136467,6.782279337137649,6.382377145651596
4.909780779698202,5.435950742993976,5.6156328848823325,4.031485410344062,3.1275284958224243,4.256169821138861,2.1362211815964733,2.3839009648570033,0.7466934403495187,0.4755208091804189,0.5357255773947217,1.4880510440119996,2.147613666614896,2.0998591318970488,2.2879239947261953,2.9244900107234724,9.063106899235098,7.070002604340683,7.302111706892205,7.374040890030028,9.128780890405494,9.426303951474893,9.823572440136196,8.255369376172947,9.255727945128609,7.746023304667398,5.905245007596319,6.624371338194666,7.011998753039523,7.127472069941173,7.2411473638206685,7.011791061542127,6.299546104537271,6.2948132305410445
2.4899215430796455,2.8535369626622074,3.334650880568506,4.2245382837038425,4.833299601365663,2.861456284755509,2.1881683341085485,0.8221830571530273,1.961457004968932,1.9881337149426768,3.3809528605123442,3.6847298949676204,3.2002390599491397,3.577818445139906,3.5344113405734845,3.58875889939533,7.952344011510462,6.643349763995527,7.384019951620959,7.808640323834777,9.371860526888975,10.052523496542001,7.773735539675809,8.259107700715338,9.070505617337409,8.203969353509743,7.017113914389789,6.031546641900403,6.64582639555024,6.802867548156054,7.249792039026688,7.319215895632474,7.139646870939717,6.531195173243164
0.07738221631842786,1.4424040171009758,2.382602855201616,3.4611075540360776,4.372666256879291,4.890024354554374,4.898959032833829,4.364893484299059,2.767913740398811,2.314347051396371,3.611457480929607,5.482011175847607,4.789373450720222,4.619677825995884,4.719950414350427,4.565281426850104,4.563604170197775,5.590144567691434,7.5405826815044685,8.241272330243957,10.373635670199118,10.944600155552058,8.936620649563245,10.623069763619355,8.870105085373545,7.641994375650858,6.556101584493829,6.1462223426215825,6.087966710479109,6.950631656056634,6.95286897621893,7.264122528675456,8.318371684071325,7.607216116575428
-1.5076919221838225,0.434161529459823,2.2051192536999595,3.7134785066755853,4.4407773071387595,4.613655320124307,4.966278657552175,4.7783852794606725,4.182176677557561,4.329731040711999,4.621117697810367,5.831682671992688,6.114292444310606,5.535688166748509,5.632134091141397,5.872326024155703,5.389083038874476,5.638331589870711,5.3265792756243435,8.162086927182415,11.186712351772677,11.394045592068341,8.61090931568126,9.596858224740075,8.61907320946184,6.971313788504299,5.804381921895451,5.449637911486188,6.319171838691179,7.299510080768633,7.700683186544039,8.346855788798166,7.6440411273076325,8.105459430137126
-2.2640290662589915,-0.011511423486058235,1.9878731847251618,3.678498826561392,4.634092728122178,5.067472711851642,5.074996579736088,5.232552215748026,5.473795706493341,5.060055478384762,6.182307322314647,6.511940602569502,7.914429422967935,7.53508528511719,7.160230898061335,6.5466416493050135,6.708983688718996,5.143140747826274,5.199177015839846,5.0908931443552605,6.964209306838947,8.223057699145611,9.098602660054372,8.802065504232148,7.4584071591845,6.299323662937402,5.322156533788354,5.295672918825321,6.441210645010348,6.529542191661335,8.138357681667891,7.819961382431662,7.837981973938659,8.778782687701023
-2.2590043394125017,-0.06336320654147302,1.775091133267512,3.4055314712533824,4.937320814058895,5.498451697040628,5.962393433055574,6.644696341628898,6.008010984015751,6.409548105543851,6.403717103993616,7.267778679510575,7.850150193049167,10.019887225585643,8.488285955620833,7.626983956484844,6.541697502483422,5.967052805211812,4.913902979296407,4.703386801290887,4.683621175862549,5.899496919204721,6.555273974429314,7.457769277601242,7.770304259686818,6.31677184336066,5.5026875025741875,5.612025402703855,5.738228655463997,6.378980016712467,6.890419835738252,6.478854576898768,8.184461938973646,9.112957522228497
-4.932001290673951,-0.49404874772090307,1.8423783125200557,3.1905596083672303,4.783572974512661,6.642940453756988,6.870136678052866,6.771111859279706,7.318669799716036,6.745785689914401,8.139174796817471,8.244360500742793,8.755012525026164,8.843392374934606,9.317870164061123,7.828298589913015,7.2663116813607,6.4321278707140745,6.182290417851246,4.214079290156117,4.473520401077845,5.319238936484104,4.7986637766515,6.122396674278314,7.32779298345812,6.313470436066805,5.805386680992662,5.5037437242677845,5.269878424989602,5.7009240532910646,6.2743890200744925,7.574358711139942,8.20816639264264,8.366596786002312
-10.899661652275698,-3.583218431839641,-1.5059687920084213,2.440286632779152,5.550382231486385,6.874208371771708,8.033241876084352,8.084983950873593,7.902922380267403,8.212615721611897,7.431088932154366,10.48826056042678,9.67239795497994,8.75672244718981,7.93710864071362,8.437475546592152,7.847111287139284,6.9289718204593775,5.84455854593642,5.516631931857897,3.994374634962133,5.309430810899807,4.874284235998281,5.55776637465783,5.878558468761975,5.792075112050121,5.39712083303572,5.20474644240792,5.1705102865172625,5.250798417651354,6.753298103358746,7.5288449575470535,7.979301039075069,8.339871509289717
-11.112611957604244,-8.213846616880287,-4.524135369955476,-4.125090793917662,0.9270994213366163,8.463624626043874,9.311852634968597,9.28181832960283,9.571582210116144,9.059560164673409,10.24123159574425,8.453897049159453,10.042329104927411,8.762586346668513,8.005651292005806,8.44349094560711,7.750912242353931,6.743783649372417,6.443973462610364,5.0101180594767065,4.75665046066971,4.514193067119857,3.803296614368476,3.997452594373324,3.7775086448944455,3.554265475787692,4.447659419374928,4.823842407185795,5.7911521839405165,5.48309325729136,5.840320962392031,7.066348749746585,7.848829318787949,8.520838095694787
-9.800431408139692,-8.092943680519223,-6.4990194364863,-5.345513162121774,-3.766628249560575,-0.1380720947978172,10.91252258979578,12.131285304837931,10.445187350704842,11.037485135592673,12.374954696089226,10.50622729213912,8.305797801447254,9.308772991731386,6.925216438272192,6.8985275022623185,6.392967870506278,7.286192052893693,5.709732477131571,6.151126225834577,4.393274127254651,4.8422770871458685,3.1770309651965327,2.585855030507501,2.5742471402401668,2.9459144913711954,3.6660084876419314,4.743930502661029,5.196027633334992,5.766419384082668,6.211790090575975,6.664223110243441,7.743782877457453,8.564647542975457
-8.119665431140865,-7.831282674323098,-5.506231465919347,-5.768007015734663,-4.3651028043862015,-2.7065250061500743,-0.8391164648391587,13.38083989996665,12.551698172948266,11.163536883729249,13.165825077925504,10.967941425368656,10.044660006475848,7.215622310287818,7.22716974897165,6.0144523914295105,5.927428266904293,7.230290646786271,7.816505337017947,6.689623214470102,4.171342990180114,3.230898951440519,3.9340766888822856,3.0452573289903273,2.9467439208237876,3.1663427535837907,3.6986276388542465,4.5120428723477115,5.113599763426609,5.5462281490010925,5.997500407526242,6.516233482256496,7.0399290429425,8.182189651739629
-7.865252849828708,-6.310343562674131,-5.53335115399203,-5.717358107824184,-4.427804765963574,-3.0374023488060438,-2.2204221172055663,3.990363844065733,13.198831802695056,12.499333553405556,11.758471528708617,12.073297771375952,9.604128665616216,8.239906547208982,6.251396819481292,6.110677728070781,7.350363500340246,5.89162922679504,6.269730721753281,5.39039065707508,4.9655527673541595,3.7629147752919723,2.7198182769972714,3.683946505581754,3.509466527229116,4.048536724178405,4.172615186964439,4.116612645175171,4.819802323503663,5.173891305620394,5.7232099993018855,6.298404894542426,7.084366728140236,7.694676558093007
-7.297795759994702,-5.022980928943037,-5.137996493154612,-6.109453535228909,-4.718296850139082,-3.949416270634148,-3.917919584990998,-1.5960673301954869,11.654370778861654,10.942129633937782,10.54922883712874,10.882449772310517,10.067805952929303,7.546157617621603,6.643012812185458,6.375909156491535,5.819563175908489,6.07415688566687,4.892919654147612,4.861729443606477,4.389244464357235,2.542905056335479,2.412089676713894,3.192090320380741,3.86763192053884,3.9764960157568514,4.122413020050078,4.133417730113589,4.170990044102317,4.5804361671609515,5.039603096033717,6.103656722315611,6.955669543868857,7.489899820932137
-4.3643615345115006,-5.716313764823383,-5.406233728079296,-6.053993090040762,-5.24917924745058,-5.82378272882533,-5.693158685028683,-4.142516367483273,5.323553604049212,10.620339129748196,8.698263685100269,10.15026441896137,8.98116187179048,7.846506854879879,8.144405687757441,5.452737303815446,5.470944616451407,5.136139499834422,4.772478809197669,4.1139978295312085,2.7990198627620204,1.8101514847967133,1.7625015620791806,2.0880584868056684,2.9379790326606727,3.221283314285268,3.651379103116645,4.070899239834159,4.362774097182494,4.443048254945459,5.060125259578269,5.596105710904131,6.067969218250681,6.718512940266454
-3.867557182427663,-5.113336194980862,-5.559245620097608,-5.702551718086203,-5.479436529238278,-6.458451247459355,-5.479917571433803,-5.970153544595426,-1.5408610731518781,5.408378732854935,7.046750498976404,7.6355282902830295,8.192684446623861,8.240572068439416,7.15627921831074,6.495948849113476,4.775244416144781,4.800413829860175,3.673169561623688,3.5566130964690204,2.738273972560528,1.4563891173474075,1.3159077306491782,1.804857972021998,1.4639783444863539,2.708901298995831,2.9855875464253527,3.1380738311298737,3.6473496299017203,3.805370570964207,4.789872435364423,5.335734391287254,5.749465401288185,7.172528370554002
-4.671089945184166,-5.79913804582819,-6.99246702039457,-6.508485493096847,-6.475555797739439,-6.76795649247103,-6.298964346491916,-6.6684514194436595,-4.275167582470924,3.7817499881110295,9.122456598465641,6.876885396301431,6.8013888524716775,6.59669223095815,5.9637150767930995,4.965763270838787,5.592039199884777,3.9911368597947154,2.9818082481510815,2.8018318072592403,1.9676723672740217,1.5054026965952532,0.9921787444085142,0.9936050925746709,0.7623094830957545,1.4335025899806015,2.1476742630704884,3.6101846523693255,5.495251718654129,5.806930861314235,4.329638782637019,4.488903469115135,5.614243530095246,9.228093078713531
-5.901823433251953,-6.757421418274375,-7.56876287582218,-7.4766500117944545,-7.011467276320532,-7.3243789459384745,-7.976104625189384,-5.933730161690294,-4.961066916847895,-2.7065154862013108,5.136883696149274,4.60675624020624,5.271194858312959,4.636666452895853,4.304851679617969,4.445661816066462,4.027428881957955,3.8980935060291286,1.9456851841280307,1.2113635641615699,1.107499703754555,1.3368638440629108,1.1804261687659627,1.002741907386239,0.7704459347384303,1.0036071706803984,2.4662140155535974,5.82435440226678,6.743211134870225,6.4848740420303885,5.303700689447149,3.461906109622601,6.157704680112532,10.146770473338337
-7.1101958979675794,-8.04968541468096,-7.9577454221777275,-7.812648644420598,-8.020589872205823,-9.136708264413624,-7.612200391808431,-6.194452597018873,-6.291375779038302,-5.198251991423335,-0.4687957839287356,3.923893718213967,3.98508460622922,4.117700188917221,4.633247298631727,4.690199607332745,3.1507835159039055,2.264653681313289,1.7579272182635453,0.6785469486174661,0.47519291485543835,0.8398678557053977,1.002915853435644,1.1006043564824202,1.1421602988948443,2.1674929437690165,4.955626454497494,5.91948466588183,6.825068444643483,7.309963769402452,7.57505728731097,6.5088128517382655,9.771346289823743,8.124807444984189
-8.992023329932707,-8.797710455264683,-8.268608756621013,-8.333747929793553,-9.184820664636199,-10.464866642538514,-7.390714637310808,-7.972071650646898,-7.716798761198849,-3.1256518570441405,-3.2519795607811184,1.5178389313444105,2.8420160527467004,0.9324153942970678,3.648693060114012,3.325677990010277,1.7498697612210232,2.2156393670502426,2.1131848168357226,0.9320445822870407,0.29159435333190753,-0.11351202479356085,1.976380220650428,2.9104074917164895,4.651514166727726,4.569555937151294,4.043612655408989,5.6650545274574435,6.181403793984734,8.100800706070272,8.759077162883779,7.625783358139239,9.70335736712479,11.797268214607302
-9.665983849079565,-9.009570899413367,-8.981996027304527,-9.430319965325383,-11.451714752168163,-11.266680657261247,-6.325778688191582,-7.927950755741844,-7.2678750778779655,-6.253532947653278,-4.5713347764789445,1.2120807262251396,2.6304211686539305,2.3549155195908487,0.8836601991944504,3.2017721174836584,2.1199910104695867,2.726100273369058,1.9323931717043283,1.154056242318924,0.12936540867925364,0.9518858204446344,3.935020363784381,4.598187400351556,3.84181296422392,4.061935256178417,5.526037633281304,4.7037608126438535,3.8493779074411654,6.0898518586008805,6.933948597699164,7.512301909503649,9.638710106042135,11.009616571292732
-10.482335817736955,-10.245290316655005,-10.177222398920222,-10.8175245369658,-11.531827610190982,-9.382703141882,-8.499231072900212,-5.862857932916025,-6.032062256949313,-5.235112546440467,-1.8553062387122343,-2.0837959274790228,-0.19834620709762024,-0.9789119391165035,-0.6559689397165614,2.221384079549836,3.3771493750022876,4.373233242783355,2.9186078580265233,0.0549200234872869,1.4031164001744219,-0.28752766715458866,1.9876576560691632,1.9438144662101986,4.392132565383115,4.858216956835504,5.3784812041463805,4.3168355108771665,5.381023552163856,5.871013859765819,6.505625634342531,5.833766740432797,8.13183278666554,9.72520026676412
-11.012152699411384,-11.151127404560052,-12.146125221815117,-11.799276786932277,-12.570051145050035,-8.634597733503982,-6.089058468351688,-3.7738981775206537,-6.94380137794343,-4.091717413071825,-3.859206011966359,-3.333346738090313,-2.45822056127122,-0.8194697946924642,-1.334611299921718,-1.9371815002611272,1.5816617055446704,4.427891473350081,4.036888476919699,3.458743962255014,2.5044317329167765,1.7428247894532574,0.7443561174678575,3.2577734205994404,5.200303276254451,4.032795578235452,4.760250608862619,4.995331799176115,5.649112729897061,6.534063754369163,5.952779713115642,8.209097843143947,9.564089015070007,8.765856157113735
-12.236498627943288,-12.55301907770937,-12.36068505613689,-12.223991810702348,-11.60143550105294,-9.850763132306232,-6.199560313944183,-5.155552259559251,-4.107671290435352,-3.616885116212309,-4.660987113369216,-3.544023545562272,-3.0683583981186855,-1.193006538547874,-2.185982725253608,-3.673583976865627,-0.4708040868939539,2.0470841940088755,3.776146010779608,3.929472116809319,4.239502793645655,2.7240636506049674,1.8012405512132266,1.7722029662262562,2.2811232731132445,3.7419839164840223,3.231789790109314,2.86779495187802,3.319664530438145,5.970522689895156,4.747861411888733,5.3999196013961175,7.855100375337173,9.278406001862328
-12.624509661949121,-12.509427240915635,-11.791067228229393,-11.524786058809115,-11.48116000242545,-6.626672671104779,-5.337979081487166,-5.3903697574185765,-6.436914859827091,-4.790221344021287,-5.133853695546191,-4.314895271522374,-2.9990783979189026,-1.2740424801688763,-1.6589970316423985,-3.8403113228754826,-4.178928010422356,-0.12526746423060484,2.2171344344312547,3.811836616069679,3.670623444530803,2.2867150583412057,2.241799704122222,2.0255243511260326,1.668198802155165,2.811435016880425,3.414318435593136,2.812829957848117,3.447210774500289,5.367650881083678,6.7122137352875475,8.949905489191263,8.461301567191612,8.31245887483171
