script/wind350m.json
{"header": {"parameterCategory": 2, "parameterNumber": 2, "lo1": 3.000054539987559, "la1": 64.9999836372058, "dx": 0.5, "dy": 0.25, "nx": 34, "ny": 52, "refTime": "2026-01-06T18:00:00.000Z"}, "data":
[rows 0 to 24 of 52, columns 0 to 33 of 34]
-10.131664515047031,-10.399368758880131,-10.671081529279084,-9.788914352055414,-7.943521988855519,-6.9103651684311656,-5.854517572529841,-4.621824326794061,-4.119261375981924,-3.137292488886461,-3.0095465739801845,-2.825725581722901,-3.263080901938776,-3.5519431449872036,-3.715096780605655,-4.400107534128159,-4.862938726800966,-6.564023090324402,-6.25373494055681,-4.323248541456431,-4.787700586189618,-2.0741969345733717,-5.7679463502397645,-1.641692689080964,-3.6912207159592794,-3.7281909153329775,-2.8170885978012987,-4.028748314586058,-5.543254308820006,-6.574014858069252,-6.893432925143007,-8.926815826635245,-7.481433566365339,-12.230248688564696
-9.898134902759871,-10.601151761062845,-10.68658743724382,-10.553911648545618,-9.549400487016552,-9.190290710341458,-8.531534855156313,-6.9133914168212005,-5.6501386347966,-4.830701803560801,-4.400245912365255,-3.6161763529188695,-3.341140413814274,-3.504014001552293,-4.5854280914201695,-5.015939175931265,-5.565864033930302,-6.98547802331487,-7.029924034628269,-5.6579152823377505,-7.875337324719115,-5.822398029115089,-3.731580510230116,-3.4839226391005687,-4.829476473992625,-3.66534052416257,-4.006808266338211,-2.661437648453561,-2.091487215109836,-6.122943757478984,-6.5284700260327835,-6.795998688905938,-8.728329879337402,-11.533059103702632
-9.606917200304188,-10.780360225548808,-11.058911588913562,-11.048933274880634,-10.801745905092586,-10.360999113304901,-9.367437077897824,-8.225470092061421,-7.574989886543529,-7.132606489775887,-5.863672887174526,-5.250728757046636,-4.138437687467165,-3.938601363171578,-3.439175932547267,-6.458872324663497,-8.10675782345661,-4.269478620589321,-8.701051877300763,-5.0210864512826525,-4.905474144969765,-3.96991405202262,-7.566876685649585,-4.601188240036032,-3.363802847950503,-3.9028151154771042,-4.744939029939088,-4.920581356775469,-4.275202454940427,-4.45185637505332,-6.186239339800844,-6.6023817651612715,-6.455863582060415,-7.635045149329477
-9.206835133099544,-9.639053139671336,-10.794370819204469,-11.386764365971459,-11.324472461778662,-10.812070326613554,-10.093215142896582,-9.22595905189956,-9.059979796072179,-8.447591728451641,-7.2639593043731345,-6.333529948814295,-5.2988661602962885,-3.852408570586095,-2.7369697953560324,-6.006491445956193,-6.542826581468022,-5.2924246606403695,-4.739424087085124,-2.2396269861421922,-2.398899075746468,-5.160863409150925,-3.233987810637242,-5.079224603295331,-5.012457990892903,-5.593698253570239,-5.570066823446261,-5.605916275631341,-5.818145916578674,-7.9210996647984535,-7.946596314782343,-8.721568355414854,-7.926205463873729,-8.102410217077166
-7.642362926626855,-9.084921268280333,-9.840115336240675,-10.084622114491989,-10.195321161722122,-10.117168718529244,-9.693562517226008,-9.243364511604348,-8.885835513795755,-8.48770120071038,-8.498151775929735,-7.536757572817924,-6.419236175897625,-4.276062465553462,-5.972423114871272,-5.192409190712386,-5.537775916260883,-6.180574979794598,-5.7777605483344585,-5.261592236089394,-2.9953526945176807,-4.203023501988613,-5.004078609122152,-4.650280859062697,-6.362870161964733,-5.418015235607683,-5.974288077384455,-5.455491636370247,-7.297165415999439,-10.009301823648261,-9.733979504017706,-10.804903660416782,-10.094479034830039,-9.905497807025258
-6.929939022219857,-7.138140898584942,-8.477051431791239,-8.940663239521857,-8.505229771910011,-8.104552284347047,-7.527226637439819,-7.146073951509774,-7.027347757684539,-6.9858499119771285,-7.611963154085636,-8.550313851314923,-8.19278210241939,-7.077117514595503,-6.7567125899319755,-5.459771737303691,-3.5472726658159597,-2.856220936519962,-5.844947975387424,-6.020602734605518,-7.145533415119853,-6.687494707805165,-7.069392230454466,-7.315015118987917,-7.9751386286437365,-8.36095869244868,-9.43109443510178,-11.192007965957284,-11.018689404456879,-9.87973531562296,-10.456346825904147,-11.129198502600774,-11.130504261552689,-10.770284256646933
-5.813289310716235,-5.854408809260704,-7.138923004857273,-7.468536657160403,-7.457045418811347,-7.386781762993259,-6.811918185845789,-6.08013321484001,-5.124438819585173,-4.070663411527312,-2.14582687802669,-5.769907681449402,-5.6393833599842615,-8.205279464016465,-8.31372456528336,-3.6467960454858654,-1.7012327565707377,-5.678233201597639,-8.394156360353886,-7.3952298846639,-7.323709326370247,-7.077284607040065,-7.5569885175691915,-8.97890339503518,-9.166586886389211,-10.844822913791498,-11.668710200681339,-13.224904923614305,-12.402251947658659,-12.502704498002197,-12.8551051554,-12.6389635602154,-12.572412773458895,-12.033709247064653
-5.114712059118852,-4.8458518578256955,-5.191851481913429,-5.790351164575049,-6.2483644263090845,-5.600994813645201,-4.923820821504908,-3.9359418607815284,-4.7052813335519765,-5.808549029348235,-4.122237809476118,-2.110616172112107,-4.45099272956728,-5.684432931630239,-4.115328453203073,-3.032014512243583,-2.9340213226167737,-5.943860101235218,-7.78584287775066,-5.588191352518226,-8.884419149925838,-7.798716928808302,-5.12166614652662,-10.75450181472438,-11.757560244491746,-13.853646884269807,-14.65317241250439,-15.610001529372731,-14.356216059410626,-14.707618012102289,-15.158219995540655,-13.73464079726905,-12.932992280313917,-11.368790264448561
-4.749383723868851,-4.130456507537556,-3.56749557269041,-4.137816927896574,-4.469389039221117,-5.245643042494896,-4.911152090750358,-2.821710822593001,-2.7032838297162587,-2.877922310536467,-3.7428762011098033,-2.706108899897689,-4.097558928959266,-4.598703132181851,-5.125647662779028,-4.340033622780552,-6.887859358715185,-8.190664253454367,-10.318801867891082,-11.546450263573572,-11.31723654742903,-11.945387149126203,-11.422502112088454,-9.119178419955789,-13.435826178555637,-13.52528738007148,-14.308275371151794,-13.818762597918354,-13.5378659046046,-12.533873315414821,-14.665352851141238,-10.37027914867169,-13.008671223474257,-12.821277415957022
-5.4785788644208315,-3.8594858383718043,-3.585906852456989,-3.0646160557574262,-3.0971196384678774,-2.936314235230582,-3.028474221643017,-2.9665081390594574,-4.009323178540339,-2.0974656943738563,-3.0899792482228174,-1.3434230558493006,-6.1334644164664205,-2.6198943412406392,-2.6495295533248546,-5.711133953873272,-7.279677943107097,-10.757445406904074,-14.228117313288314,-13.796712407626424,-12.657051437932571,-12.431300360295644,-13.267869155486185,-9.819505502984732,-10.03393317636726,-15.538605808343402,-13.746733644526092,-15.874817498351616,-16.12110674291588,-14.733632808725861,-10.27258513851724,-13.158323575165012,-12.453007436386896,-11.317969178609413
-6.037396190669773,-4.64707912502599,-2.8541082825358948,-3.064596958979236,-3.20288100541381,-2.535050018696408,-3.8410726508170563,-3.1626816807052034,-5.223336637815715,-0.6750852472852457,-6.026297511801351,-2.534180965741798,-1.9940044188157346,-2.6357385079191595,-3.8467104820279805,-6.277085448810752,-7.034132017653065,-5.653398220942523,-15.136154331372133,-11.04421240863018,-13.26519317160904,-12.802194317284243,-16.350171021221506,-7.926232700206259,-14.872037757476999,-7.931557407104179,-6.387341393375711,-16.840281274435718,-13.725677257052636,-12.907557086289724,-11.233042957662827,-11.701905166169878,-11.377436631305342,-11.414184312240492
-6.439050721813926,-5.576435829385186,-3.170620462500191,-2.1999868049634275,-3.492961175740048,-1.2019828219684692,-1.539555797555985,-3.192152531500451,-0.09137679475757561,-7.540581873407445,-4.636703279284491,-5.738122472332669,-4.587368988047023,-3.2477234414805096,-4.247278398027241,-3.7644574269725206,-10.204001859638412,-13.66009543155761,-16.32677328527429,-15.684636677531877,-14.323384349204442,-16.17426797831749,-10.945126222614896,-11.496194708124932,-8.655576935789139,-13.796179960778106,-15.93303034475534,-13.450517170024467,-9.954411878705972,-11.291672486697852,-11.163377781325027,-11.199130236706319,-10.765340595042687,-10.329018464546587
-6.9602188554765885,-5.97494559741161,-5.799229844422675,-3.6536911907390683,-1.7958770750042754,-1.6984698383454704,-1.5284198225257586,-4.821683930901574,-2.2998177040396293,-8.040271334160654,-7.461257865651221,-6.90392819339646,-4.027577463344856,-6.60531056088825,-3.010584042695323,-5.477922478783723,-8.925501191239931,-8.451715395734317,-15.06364950041149,-14.489825798517805,-14.882817317015151,-9.722740231160765,-13.4230508222766,-10.009765252629633,-8.498843782088153,-13.502531500065949,-9.94576584947222,-13.268995307846428,-9.609671743135307,-10.561671951114597,-10.23661260797713,-10.620113063659996,-11.039601682581532,-9.7116395667369
-7.116094146315437,-6.267706955952015,-5.941629426083989,-6.50214597262365,-1.5528917160713156,-2.020562494802738,-1.7339884139088633,0.8950725837515254,-7.6859150734164565,-6.346578630764892,-6.003730381163506,-6.694743196845272,-1.4847797100450635,1.5978073614298813,-8.855978194283102,-3.966840644154671,-10.07983003990231,-10.936777328079586,-16.06336114538542,-7.982236558217002,-5.6266005762991576,-14.657968098700048,-11.980039144636425,-12.043012962128135,-7.547908611195645,-10.145254869959642,-9.00608300654156,-8.804520738623735,-10.054476426567163,-11.12016986539873,-10.849629045374687,-10.497807467700529,-10.386169580389089,-10.472204837048347
-8.169491275815584,-7.032385409763123,-5.994581922049941,-5.223856721620011,-6.17015192046039,-9.214023993102382,-3.2897907749385893,-7.478441971700189,-1.869508467968811,-4.496255918671991,-5.79019319310329,-6.133932828871648,-4.480116018329599,-4.363788547590247,-4.635781734986801,-8.146403158331625,-1.5547662927831807,-9.694780771637497,-7.01743814017914,-9.411149180600948,-3.4501416872321533,-7.59549948192815,-16.810864135151654,-10.796260792022784,-8.748830511958039,-11.994797783276478,-11.38455588491597,-9.674859952421869,-10.788490285817987,-11.295845902703723,-12.236267025159984,-11.221547307765164,-11.063199346960806,-11.36021348891841
-7.319431776873896,-7.066209735211045,-5.619556681977742,-5.030627924787928,-6.453662321841309,-9.866816284279443,-6.554289332537967,0.12224711830076085,-2.694801150414392,-5.652580130369603,-7.350750515473093,-6.966580344874904,-4.228433263311164,-5.80348487972311,-1.564654029372499,-10.78909690926409,-7.436704078546803,-4.063816576146854,-7.169470007165168,-7.450233250529761,-6.397466454849225,-6.51419619138849,-5.047045504545335,-10.240737520345455,-8.831458822530681,-9.935988053389435,-10.759581832616352,-11.054697830056066,-12.26668470604699,-14.161157971505228,-13.058005366729592,-12.741790493234054,-12.589517924140164,-12.883469120111823
-6.708110632996058,-6.499568626349511,-6.510725144219161,-3.9833042437985196,-3.494507504257122,-2.0125218394654043,-6.484689616085376,-6.175991564636476,-0.45480942372148664,-6.029911341553298,-7.883436846549046,-6.480561567765376,-2.2223469645307503,-4.1107098076426105,-3.4509107301319224,2.784461838886478,-6.48616946457677,-2.639265770383887,-5.687260876282192,-3.489175960776061,-7.506418146939661,-7.214501075496246,-8.57455223703175,-1.398884620359165,-12.106518455876232,-10.087035959950823,-10.363500688933167,-11.211003846436185,-12.80203606656913,-14.653558392296032,-16.436135001133927,-15.046677458358856,-13.977285535205812,-13.578730986011129
-5.021862457507073,-6.580691509417297,-6.310477992717439,-5.942601699447961,-5.9467887075262,-2.940896377290869,-7.405560556108127,-4.014731291719659,-6.841483328591446,-7.909911431041623,-1.8720939969942767,-6.262458917768206,-4.753148169617911,-3.0231111802732937,-2.5286074441546456,-2.005340136556996,-0.5006629237429582,-2.3138614999356077,-4.310572447543864,-5.6110953998921875,-7.497991162674857,-3.5470674677795575,-3.751965161860508,-5.821961295822722,-4.1451689870190185,-8.670933619617626,-7.548072659553024,-10.654002256469697,-8.691844292302225,-12.155965834532847,-12.979514299729605,-14.655859308032442,-12.992622217821443,-12.058503932579802
-4.966350830315989,-5.945436587613103,-6.313563635036624,-5.478311438319915,-2.9251752292022766,-4.561456050128846,-6.525370775363329,-5.683363571041094,-8.422096630034444,-7.690848573876254,-6.670015583533294,-4.267693083895149,-3.200922658948044,-4.956884994222932,1.4450826130879897,-2.33331251792974,-1.093761484558612,-3.0761967293771413,-2.2041141894258733,-3.682773296852794,-3.7052559199386144,-2.9166896133218536,-3.088769035977911,-1.5955633989339801,-1.9226818585597245,-4.405804542748688,-5.796530095604236,-8.618629895841343,-10.570199021145509,-10.764202677496915,-12.822680736982434,-13.441716872040745,-12.250402689954923,-11.337288822292011
-5.094273447327653,-5.74152270661874,-5.267215531340121,-4.859574685332966,-4.624563604351237,-6.429863644226756,-4.825880466459546,-4.394366481258416,-7.158659460109469,-8.11603016651631,-7.144286678651476,-5.453011365795268,-0.470329900877726,-4.660034862113039,-1.0239260202155824,-0.9228990853501181,-1.2296753182514477,-1.932811245434377,-1.724220696602891,-1.480654684045688,-3.0133591535494335,-4.1416184131066345,-2.9020431181250137,-1.1126603532159682,-0.0660352519616394,-2.081467422273173,-0.20082301919553014,-4.302064254875211,-9.447576067955623,-10.876251394771863,-15.039785710260851,-12.660206570736102,-12.834274026840143,-11.90593944874152
-6.055939917618558,-5.793127399171029,-5.9992806312057025,-4.708957027730455,-2.5900845224266877,-1.518767858637896,-0.37815786792050055,-1.5110698422396838,-7.825769913470864,-5.531886287631991,-5.807462907805527,-4.8676845184075015,-3.2995061558673067,-0.2920053769682539,0.24722158555601842,-1.4664693625362142,-2.086204176501175,-1.45587102640406,-1.7003013588409828,-0.8666206682521332,-1.324973073065971,-2.320912056715959,-1.0261497769842653,-1.9446609870961782,-1.8004207701786665,-1.3647111209933411,0.37412327915833987,-0.5580266960470099,-2.1395160258154915,-2.877812657777061,-3.888465840158289,-7.0079100297610415,-17.862273552995067,-15.400178427327248
-3.9579134001992773,-4.861285669725209,-6.346742767129067,-5.063168551790527,-6.526101987254163,-6.999516105110719,-9.369274491533584,-7.161905372782581,-5.967259402489571,-2.4159326802758874,-2.3957436428578043,-2.591360497748119,0.8402262491229647,-1.3681268364177572,0.1335113407696558,-1.5247207680025348,-3.047119387838379,-2.724818538519499,-2.5527360142943225,-1.2319809253555751,-0.8865706305286896,-0.1949185240236977,-0.18505839670403895,0.776037487408464,0.013584574725370155,-1.742232765476097,1.3859499485352786,3.041441779553932,1.9301641133082534,1.9286134935798491,1.5219606064011821,-1.1368930240576305,-3.239821399553329,-15.994449431231134
-3.65475536826427,-2.8957541448828565,-2.8613962168808875,-5.340159281993508,-4.071722707051207,-6.872291445437324,-3.3678099438017153,-6.07414571838953,-3.807525004788272,-2.0504934596024866,-0.6655371950503687,-3.111973983817311,-0.730182879736085,-3.860066325627731,-2.7411642009947936,-2.1148934762298097,-3.606171422800202,-3.1389328836214494,-2.430047634977871,-1.4334024782718657,-0.06536725351565241,0.39608468798409013,1.5320239323174802,0.9480596545239341,2.645738542595172,1.1585193501429576,2.874498828794373,2.9040493528485745,4.163960317792834,3.829263645316344,-1.9619785325526038,-1.6833406433231852,1.995747348422062,-1.7429746179765326
-4.649245212847712,-3.818509716593725,-3.6534739249877974,-4.20199569542755,-5.863717299028366,-6.8244359486959345,-3.0666915583511702,-0.8275502324613448,0.3298697183188287,0.6386331580579852,-2.3894807760083707,0.2942182514298209,-3.015621052235174,-3.2402179835770193,-4.22249335142821,-2.9981047782681416,-3.3014704183706107,-3.4444863584233505,-2.438030742159697,-0.8385809676764264,0.9611861823734561,1.0602298965470938,1.7670706664305578,2.1342880004660816,1.1428936472426086,3.342434083561329,4.00030351774897,5.115513816555566,5.744977119554904,5.200347825924233,1.467313184823497,0.6003115841392408,-1.0082532519282374,-4.975434789465099
-5.723097346611252,-4.995404847832292,-4.530475498038407,-4.776152979032208,-4.703163464985084,-4.555280954732481,-2.6426545775798904,-1.7973230231522042,-1.7046190580647218,-3.493182846376472,-3.1481404693162647,-3.691598430625212,-3.810331928054052,-4.128678158043054,-5.829167543620549,-3.707615083487406,-3.3826377791355506,-3.352110625586123,-1.3998797803333305,-0.24006706185106744,-0.14211338826081185,1.1240563507845296,2.9858591007974984,3.603059058881138,3.406103252131224,2.279660563710922,4.09858941498042,5.982571522662327,4.851634514577569,6.348658747800531,5.645310711639132,0.37976047306030386,1.1157331505415635,4.080981201839083
