script/wind10m.json
{"header": {"parameterCategory": 2, "parameterNumber": 3, "lo1": 6.000198445256149, "la1": 58.999992894266676, "dx": 0.5, "dy": 0.25, "nx": 22, "ny": 24, "refTime": "2024-01-23T11:00:00.000Z"}, "data":
[rows 0 to 23 of 24, columns 0 to 21 of 22]
-0.5033923755757564,-0.7415110822970821,-1.6754321226149902,-2.857325654631289,-2.125623572732212,-1.7653419492435383,-0.9402206505882499,-0.8633856883632195,-0.029149004349077613,0.3304864053771005,-0.7703858906022244,-0.05243714115056468,-0.2835642527090284,-1.0169084834551723,-1.2591099313322451,-0.12062929922287198,1.5946947078396991,0.6184573126690213,0.2510291298388073,0.4702717608188751,0.8325466345002274,1.0321443750613108
-1.6705443940116294,-1.1657328565235465,-0.5830988954308863,-0.8950115455587061,-1.5356218506489174,-0.21219499400383576,-1.0554175840324476,0.3458153089217248,1.2966283749417808,0.4668821383801258,-0.8034971954701267,-1.4111095820077193,-1.0236450913774036,-0.9201793274328405,-0.01962659082486588,0.7074250871560738,0.7355085513869163,0.2185660590292407,-0.022534675624611974,0.45430520225688725,0.948533544063687,1.0752976824780582
-2.0928044938960593,-1.9146851035496897,0.4698248786429111,-0.26554069902885247,0.15138796610028232,-0.8816447000966939,2.631577626288284,2.3361488479687544,1.0161807639517586,-0.0960331107833547,-0.8312982516916643,-1.3231997797112858,-1.281656747003494,-1.4893575736504185,-0.09285459174984148,-0.30114281295778644,-0.24301839015658594,-0.3563916708878715,1.088486376097743,1.7267848851418743,2.3059583336091007,1.9171106744187227
-3.343262593145397,-3.3238837725883394,-1.1895498064657224,-0.5389721234369529,-0.4779736588320555,1.992466779550225,2.8180872216653405,1.9126292456011034,0.10539823290082838,-1.276482893566067,-1.2886728824729874,-0.9472537524232572,-1.0853759920860913,-1.011204911264668,-0.8334457859605915,0.3535708332381339,-0.06339821539380111,0.4885397929679747,0.6807192218067619,1.0916468787645508,0.7900563156493262,0.690845375720885
-2.274561733157817,-2.84806385129897,-2.961237179027327,-1.7029337291148083,0.40915060190766134,1.6585012941466384,1.2469135962477402,0.16837400324299348,-0.946878051311685,-1.8629579888927574,-2.2935430328676003,-1.3980690676287935,-1.3509691398179475,-1.0484536066822436,-0.3976957824907758,-0.3267775911594354,-0.09139035334818743,0.770547548873881,1.0758410002476333,0.5614550045847201,0.6336684385292942,0.8222112413440034
-0.5583751716454917,-2.0849109844092273,-2.1702744454533156,-2.5302991578757976,-2.2492817629550967,-1.161936549824629,-0.5585179340029852,-1.4012952216870762,-1.9575105998860263,-1.5883594744258593,-1.045829900566636,-1.2620854418090408,-1.6966224877425737,-1.4540649231984755,-1.0476105623629535,-0.35573663213070716,0.42478236538759656,0.8199381642374579,1.1531065552654256,1.1297687777825396,1.2080496977667714,1.3894585850329488
0.7924440345221745,-0.4160666580023413,-1.1385718667603242,-2.783234424241567,-2.666410280974154,-3.0714256470062047,-2.039103461634424,-2.093325943135139,-0.9516628162396527,-0.9728316409344879,-0.8319249666997383,-0.48576050592542597,-1.0710872584790012,-1.371652003061759,-0.5214316308631012,0.036884134017334556,0.2285184254630825,0.7935044058081367,1.355303431724288,1.0819799216792068,1.3523179400213652,1.63813653604013
-0.21420962941495006,-0.5464491550215806,-1.0642218890980726,-2.0490398041990976,-2.6121918784829403,-2.8808616943792233,-1.3879902517482914,-0.27654896388041456,-0.758046256251299,-1.1296673840456533,-1.1442583160175734,-0.6419806568583736,-1.2120111137815899,-1.1574689409267906,-0.7692517393759553,-0.29777960388575847,0.011417118545521932,0.5794411364276413,1.08151407940437,1.2708964785324874,0.9637918309348537,2.206777214845352
1.1370428630423595,-0.18861867076655012,-0.8429176064014534,-1.4477220441314234,-2.0935228045953407,-1.1475841627704597,-1.828307810032671,-1.1294404674721106,-0.9705419165232692,-1.8990955717846911,-1.2584987631927531,-0.18000797627828924,-0.36819673303453454,-1.952160685418529,-0.9054366688075671,-0.48702426396058474,-0.08920653024109522,0.4563680335008756,1.2289409225073045,1.316923127461658,1.1508624343085805,1.3270431176235247
1.3156333609878792,0.9115461992388604,0.7690484972461877,0.3702211034954516,-0.007180948901385351,-1.2607757621662539,-0.33176128548401795,-0.45521036551439886,-0.6741045209973562,-1.4020990739374004,-1.1649828166125766,-0.45507174008739426,-1.3675508029959251,-1.5917529531604215,-1.6813427282920317,-1.0354397547622285,-0.27060773532854393,0.45650277799841055,0.44255614301483426,0.4141386919323748,0.7546062276296274,2.415259060638906
2.012848951109473,1.4807301008177802,1.1118576914506089,0.9184962075961173,0.442000979856269,-0.19561480749726265,-0.4755508533323845,-1.4862493618133377,-1.597446263907143,-0.4055596262947,-2.394161204366429,-2.0159201845443278,-1.5217651994573025,-1.5596066245179674,0.0800228298437547,-1.3641351549796938,-0.8076902500558307,-0.10964588242645662,0.09474245596319093,0.16752743881542223,0.5707447502257048,3.5160932957865345
2.2307093357163037,2.0549514257532815,1.9032590312630178,1.4264260272823353,1.1575569765200837,-0.21904301037934448,-0.7906881543985093,-1.4677262499426256,-1.5329292609717682,-2.2626272558929292,-3.630482051437391,-2.3795920141979847,0.1269205811252617,1.967267417000867,-0.5044380527074556,-1.1363957736550976,-0.9045838664902363,-0.8707464093972649,-0.25061829773854727,0.20596929352745838,1.9905757303850133,5.756748067129371
2.6544981323792887,2.379823757961145,1.9443103872532572,1.7649626417204907,1.521999922192995,0.7056688112978655,-0.19514720042100928,-0.7658428222962067,-2.027017228296364,-2.47694053002547,-1.5156202504794853,0.5139985685286761,0.9485968345947795,-0.24273977581734804,-0.6682074784601353,-1.0679113673462868,-1.4817100979302424,-1.6614114550347405,0.8669410890089188,3.395503030629007,4.829785354314169,6.8098858379330505
2.576396652688884,2.200710242458273,1.9098640542288796,1.8368909543240384,1.714169013718963,0.051351787647428454,0.08510013535679706,-1.0458027154640124,-1.7491703878806548,-1.5580014252035503,0.3330795126153296,0.002889175715065882,-0.34132162412014466,-0.44403284877747573,-0.2711937353942968,-0.9114206377861114,-0.9264723742212104,-0.6654711007433808,2.429550052842297,3.836556165491315,5.360655092162428,6.18264231409461
2.8636584382474948,2.2804552957196123,2.089338486220259,2.116789430274731,1.8446996691426842,0.1004189159328652,-0.23891365139946935,-0.3707298972022195,-0.6158258353248923,-1.044738005618051,-1.7723865044367006,-0.8760882284142855,-1.5417397285712584,0.07736681973598104,-0.1431173015216905,-1.0714443035045662,-0.17086954581110947,0.11375112104958948,3.9605400232686074,3.692945762196573,3.965742139197911,4.106067298518283
2.58586364116832,2.945726307463019,2.4070345730092058,2.0936576285981605,1.9632802240032765,1.6201648133976505,0.2445448407663942,-0.8634087725194581,-1.122546501857963,-0.10413357030682688,-1.3645885640655342,-0.3895542906943086,-0.6231702773523261,-1.4822064269717539,0.22845391147263608,0.6947343347857091,1.8082027063465853,2.6067364812373657,2.514853494820174,1.5852400263892843,3.0014543859240437,5.29187044467215
2.850175141248343,2.9333502294420795,2.746718669753214,2.1067235829250683,2.0914366355190257,1.2129388535811476,0.18827841809636764,0.05723216934420203,-0.4203807648747209,0.03358359836435011,-0.34324840702014764,1.8670815963300469,1.4700538903054408,0.8046317360704077,0.5177379013545945,1.6372708261764628,2.381884397030013,2.8783480199752276,1.7664684500087557,1.5287259957605512,2.1171591300213666,5.168257673005426
3.1387923702909815,3.3612536914908078,2.8457637413631285,1.9669824012733395,1.6941468962897284,1.406880875389887,0.3687848080941979,0.12114708456213198,0.694267949634505,1.0687063296489498,1.893002667365156,1.345323388828068,0.2546385595363171,1.412336557056847,1.1289715966132563,0.9907689361913925,2.998565881895454,2.4890366856522346,1.6043672934182678,1.2842441878893947,2.1184432411458074,7.115481296182938
3.059063001219985,2.843137185615058,2.678639638854585,2.0248694070551756,1.5739987160657092,1.7830542844423896,0.9958343761950066,0.43604474215825745,0.6078541901269432,1.6486879695386254,2.119058110925619,1.0094739926906702,0.9613077070089273,1.6192927611518235,1.4376813387695209,-0.08779352073749823,0.10953213995867175,1.0256773088049793,1.642637969254504,3.6702378094856623,6.548839062157759,7.598282189001441
3.332132650968777,2.4384646107308448,2.1284951895492803,2.12825104305655,1.6959732238952674,1.7416075461923453,1.2093010187472713,0.35588592175247363,0.24956513143300668,0.39113523867734395,-0.38502667411983216,0.823452292079761,1.4216598826196705,0.5021862527297711,-0.8260076095366523,-1.4554775419202137,-0.44839092528725016,1.1958976270818207,3.6827667223863054,6.113821917187089,4.908627497686458,2.9306967382820197
3.2191384496132445,3.2448781287559765,3.3729105756178686,3.6152999368536656,4.376669623093508,3.931288983522569,2.570455465819131,1.2374858824433743,0.10602504967004434,-0.10734275495493666,0.9261928325447106,0.3071018713724463,-0.04495087800032968,0.13109392490187308,-0.7694722428085355,-1.531649864440108,-1.8003099686071633,2.876814947400103,2.1917269437014357,3.421204863219997,3.7851948046974124,3.7466645564748156
3.9084517588150014,3.922584809015511,4.375658747420329,3.9327383753665437,3.5387772367090067,3.2306585032582555,0.6581513858769631,0.13034501044221444,-0.08091009482497466,-0.5687971658263812,-0.7715362765460889,-0.8480489926748943,-0.2813482658471187,-0.5191254242310498,-0.10181793827638051,-2.4517578778252047,-1.3622191616114223,0.7593079075122564,1.2088834520326641,1.8347921532796077,3.6339002107548857,3.614072828418795
5.175863469113788,4.368047028985792,3.878843188435813,1.8361800541773212,1.6721306654334531,1.9890497219901495,1.020677701823424,0.17215159060567337,-0.2942493095559584,-0.4585611273416043,-0.09004036054157447,-0.9048633759312182,-1.1720632012716496,-0.573700075131143,0.6084779350096418,-0.19125626122055334,0.06093735763090437,0.30729267582824754,0.8900711938161674,2.343642238181412,3.1253468103596154,2.541884872357938
2.932587999387675,2.6702124143998587,2.3298805951521735,2.091978180458338,1.619156149538674,1.3340643297069472,1.1418646541489976,0.8658508184836631,0.20162008027501574,-0.24290654958109845,-0.5840931904130141,-0.7152486982211588,-0.6705116280496051,0.9033617221741869,0.7578496910004552,-0.07043171453268701,0.8360445754739161,1.5027304999458502,2.0834971675611555,2.991815559567588,2.3222109711694734,3.3329356327313873
