script/wind10m.json
{"header": {"parameterCategory": 2, "parameterNumber": 3, "lo1": 3.000054539987559, "la1": 64.9999836372058, "dx": 0.5, "dy": 0.25, "nx": 34, "ny": 52, "refTime": "2025-08-08T19:00:00.000Z"}, "data":
[rows 24 to 47 of 52, columns 0 to 33 of 34]
6.665956568550003,5.653327248667628,4.975435265270765,4.435033106613669,4.731082417520654,5.671344451014532,2.0064522853194613,4.524852562296489,3.1253916251782816,1.3580699591930054,1.5888799217736638,0.3815870578018249,0.9378128919598867,1.2598705430099761,2.622197046039755,6.641657541285372,6.977497322219539,2.6404095547337625,2.5416335353392037,2.206519794946304,4.605252439558578,7.350028371546203,2.9328001689563568,1.7424031384767018,1.8522761242182393,1.6870660133562052,1.9597949123615968,0.9059385663443419,0.7428801066269137,0.3254032117717103,-0.6715828078550922,-1.0508628728144593,-4.970582563300574,5.31823165234501
6.108975580740906,5.502683419098274,4.787502491104906,4.589033177603829,4.026350666622096,4.190245671406131,2.25933299178189,2.3175134396198693,2.452744969768052,1.426074168369815,1.1976388335933374,1.1891148454552483,1.0873642048147907,4.545089976326503,5.10117896635859,6.350454094402445,6.285234087474272,2.611118924254924,2.4528185360796146,2.2267307189497214,6.17564439446565,5.576416683221554,1.5524012412754051,1.993355513076617,0.36926237200901796,0.5319621452539877,0.37127653314812,-0.6275087770761476,-0.2714277022675334,1.3765350332014816,2.9372920728212155,4.688729380385622,4.816279329894234,5.697020911713983
5.474505784770804,5.2446731329943335,4.941425790338957,4.909734897774943,4.599393501212814,4.425050591097366,2.092755614652087,1.4127221175118039,1.4513413613812227,1.2924513910871935,1.0352576665575866,0.9845279486844439,2.178338742263655,4.6690281177439665,5.221656005367256,5.675520406825809,5.615851813685853,2.3603035562771475,1.82171822188451,4.852464213967594,3.316323968859197,2.3409168483691345,1.7702196436511302,-0.33661050458611325,0.8005440074273324,0.09722218872069145,-0.015683401106767893,0.30026115059959585,-0.5618821149630931,4.268858979436146,6.322360830986182,5.211096891849696,4.594235100653383,5.545468820446318
5.673799525321686,5.077121369999722,4.426480183054542,5.05716903993721,4.8615205128169965,4.5680770623154,4.203010741986539,1.8970071271849596,1.2199649004199933,1.1377376767840588,0.7521665167086123,2.236184061439517,3.0644624672280765,3.4027256443275986,3.9171404476918346,4.550472292810693,5.274747427579244,2.9588301719186556,1.7303351549187957,1.92455654944227,2.4931071665357383,1.3005117987380646,0.5116636255545335,4.25048886545379,1.5233449516314561,1.5841496973981504,0.1872411275844211,-0.8912294029026776,0.04636837172261197,4.257724089284319,6.043262524504785,6.072263106755434,2.827802817750308,4.871183927455319
5.451726916530813,4.859368606178957,4.594337082011601,4.542125949584473,4.512534778375354,4.948282643912534,4.870398000853286,3.6023431874247898,1.5981100336646106,0.3748865317031016,0.6909187185108401,2.2806042894602205,2.7677623939774945,3.152135918820392,3.929076407682365,4.10795981180272,3.9662721427102836,2.6676058409254852,1.1596850019385023,1.1501870625706434,0.9927407935067807,1.1786857310977394,0.3005899443443764,1.5320937428289023,1.2737133832945309,1.0645021631698908,0.4479670807151486,0.39903598314800676,2.210780868013806,6.3570111766552735,6.765067724930717,3.511261668049919,3.4468995712924766,4.360740019139775
5.079199834723487,5.050903207382811,4.812380854789465,4.721040123113855,4.889778672545299,5.570577926471418,5.662332785918635,4.238560992075662,2.6707709160439825,1.693724288037748,1.7151344551167746,1.927923051532155,3.309225513696719,3.387766189476228,3.4811071157291806,2.794857122296658,2.4604795316970134,1.4612176533192627,0.14760584857772494,0.07275389322356453,0.3039402255485812,0.2443416617094,0.9905728348898976,0.7388963543444449,1.1646712516273465,1.151906948439362,1.152112799157632,0.9263787488318801,3.387728303682702,5.700606330839215,6.625994791833012,2.3641162120089803,4.999013960233935,5.327936295920154
5.213040895240857,5.456893528343028,5.453514606160499,5.458046292429065,5.704581115991283,5.951253777979966,5.522469011093815,3.9250651796628113,2.3533993130227215,1.9470256871663745,1.8120523952983916,2.4683364168972264,2.9951844017601106,2.9728497389113455,1.7217961835182962,1.7618960717119574,1.6230123124608042,0.5717548710076314,-0.1361045062171596,-0.14157115666600062,0.2318691737887688,0.5654129871846493,0.9554824118668586,0.9165087865938361,1.0873451623139896,0.6931129581957863,1.1896243070327013,1.1366973927811963,1.5122527540548025,5.10177063685615,5.195834213526091,1.6812628532155693,4.966014864001865,5.286457490096814
5.6921568492877315,5.479451760748412,5.393334420298519,6.025331044644502,6.182487296974154,5.655838926210381,4.6697130545406775,3.0844091960484126,1.8963236185621797,1.9522273553350582,1.6551035154956804,2.3759721937036606,3.040068165411725,2.483322559416597,0.4221138649182628,0.3932848409138857,-0.07153087714703872,-1.1051718910634636,-2.2787089774236367,0.5121541366382637,0.4861294100066264,0.6356803512087121,1.0107441500131036,1.0235567054823906,0.9587087604177423,0.5898415070995099,0.9967196995957969,1.6877842761375168,0.8797931861150362,4.449085225715546,4.542802133543088,1.4178695895435172,4.78500392537165,4.188812966654813
5.31387788709609,5.082278368605464,5.670458098578927,5.941500361325403,5.85884110533495,5.37502024129658,3.93098073592926,2.2134807050695997,1.590113601795843,1.5790201055810114,1.369847991128766,0.7411209559558901,0.856445638465405,0.8801462163800378,0.07317441742399193,-0.8179356265297262,-1.5219719140418715,-2.4684223232331566,-1.7830794771269323,0.17050611466103477,0.5295981614902542,0.4732543678603513,0.8949477746633465,0.8188046349229584,0.5827562709392845,0.44071118512108387,0.522846990848975,1.6629596376821882,1.393565450888863,3.541865934559489,3.3194938652677366,4.6445573885067954,5.148381635586939,3.5873263584669366
5.141515973284959,5.51055285687941,5.440859900808101,5.4005199768141985,5.318448669443706,4.671339785079603,3.322316786960748,2.086865153589586,1.4474960111569557,1.4014363398029603,0.7694409192775274,1.423506042485847,1.7496986463154556,1.5602062682761373,0.3984412205034302,-0.3855747598081392,-1.2469994454624074,-2.624407046272652,-1.1738840863440383,-1.1979010318539467,0.4145894679306845,0.5774571807414383,0.8580600826224795,0.8276456934602215,0.16277996234722064,0.17912729375220565,-0.22474633026417284,-0.533735938192632,2.926621014433001,3.8621052388150634,3.637298080905215,4.877882155877643,5.024510541460878,3.3613028047210407
5.329446146498235,6.061805615057221,5.8744981942070496,5.256577992171839,4.950258017903409,3.9221120330190056,2.5409069240303443,1.8302135954453478,1.0580923205036996,1.3128058467767287,-0.14282894825831993,1.7319945842494995,1.2825074936611822,1.769546673608203,1.3811206393435893,1.3954069301915637,-2.167399344402778,-1.269844757888421,-1.6468137146147868,-0.33144432552269476,-0.12226446985596376,-0.28257078828735954,1.2441229421594107,0.7987221884511565,0.003671954156803037,-0.09997247418933092,-0.17779631298544016,1.9839973514917955,3.098195874208091,3.747982571368249,3.5114650402681145,4.031366818319931,4.181875102581052,3.007305918981354
6.1908917408059265,5.843097767518734,5.6043676605723345,5.08385784956513,4.4882497799732715,3.3574377966185955,2.2413655885896744,1.7450802233527347,1.1476896348279264,0.9513838775829904,0.40782699024314245,0.9699688833718675,1.6692865403310524,1.4461712989728255,1.2106385619895237,-0.2378147639803967,0.2086699356732319,-0.22067813718402238,-0.667625525013987,-0.6742429826556884,-0.8976867113346925,0.30788228168721266,0.3816010844370245,-0.7828337370074109,0.13230936917046454,0.8219613427004814,1.0101383825442904,2.60629527060984,3.3300826617690498,2.9665520917388,3.5214371377951164,3.2593350424019074,3.5423856142825554,2.5629241065977726
5.815527836607061,5.821265461019713,5.6990476321536905,5.041200392848341,4.085697647519112,3.240271546024397,1.818156602432897,1.3821727208766772,1.11769790845416,0.8773100028337709,0.30004238596262633,0.751860069703656,1.3130694177423496,0.9970861882692904,0.7747051243505798,1.1024330540787892,0.511551707497113,0.31967527913621785,0.25419550468649477,-0.060330154207247244,0.6404955010320141,0.521350261971935,-0.35497649876150883,-2.653796307534548,1.921417675416865,3.648481287247273,3.261503429746,2.4408938634637507,1.8365982522905293,2.67723128930697,3.0084118478115243,3.754899891097896,3.7443170495963396,2.8784253635857353
5.896480153916226,6.19090096300135,5.552147546840621,4.69915515705243,4.139188902686766,2.790556747307275,1.6088368854697306,1.3434388429058683,1.41455201905734,0.9511479368024804,0.041520323690132845,0.47474053039933556,0.7215417641300385,0.687272720163763,0.2884922762840181,-0.36695283774314946,1.156040038082334,0.5374381073064559,-0.09526497179757125,-0.22563013763250916,-0.9442542626258215,-0.46539859362865865,0.1611045721710211,0.6572586804163258,3.2601979102152057,3.9699012725146687,3.0926595776597647,1.9961059985122445,2.48158563909125,2.589095119554434,2.396953123754417,3.4838832646340605,4.062151988321615,2.906733412827054
6.397490863675028,6.321484608965843,5.508850827770027,5.136862308495045,3.7150504715421904,2.7397125561374183,1.6143984069981152,1.3680381211248704,1.6352529358340497,0.6911806737646946,-0.06574453719724095,0.0029424739073613876,0.6138504786242972,0.8394281180133597,1.2894093727297007,1.3415326841922686,-2.005332137847587,-1.0434100298779931,-0.2610018148989813,0.21391432953355694,1.4719262857900466,0.5402824237813266,0.44226477502098155,3.43746947542903,3.9952288202976223,2.781025179199267,1.694226711014189,1.8088011145550476,2.035489709650257,2.5223390818049465,1.6423574270207648,2.5447149434142,3.0634752785778687,2.516026331450649
6.181275549741511,6.014499721723136,5.616232318773994,4.687057893281392,3.4170662724720073,2.563144247800614,1.6419021972640573,1.0006747585980318,1.358572607733113,0.2767265479450905,-0.07198229099882224,-0.29540062978572534,0.13977556151792978,0.38067172479954087,0.2588715929534866,0.14540885970684092,-0.047508205874411596,-0.6059671953110823,-0.5757360066189119,2.770278249152445,1.8750710646203055,1.3666492760263387,2.0361258983633426,3.5543461797629203,2.72231334617228,2.454014719655262,3.2004275613869515,2.8982622918783583,2.305517759126429,2.060037525733734,0.8867309484203635,0.5591408635688077,1.6852936081142214,2.82731646963284
6.562574933181949,6.3689236146361665,5.520648226272418,4.341360112555712,3.2599336562572447,2.3601122543078343,1.5168034711829805,0.8540866381046415,0.6380868524594936,-0.10891779484482601,-0.4774007514875822,-0.32215934439970784,0.6352465448998396,0.47757540603226023,-0.35652721882580607,-1.3688695461328657,0.024581380469974635,-0.4210513933531881,-0.5253614856416946,1.5749034678269336,1.9358490415147955,2.48188806957,1.8707364131296547,2.8918671764074393,0.7043384312197063,2.8180176826145864,3.5509999493990647,3.4230826408543757,3.0427000377873377,1.4272736412912692,1.1637583991123952,0.9522953460726422,0.7323767388321911,2.7875925268092616
6.790356879289654,6.077538493169671,5.376196773205965,4.196581890099863,3.126491107885069,2.1345158509534414,1.2118262330950942,0.7130139653360148,0.36949800444642844,0.35243523377038055,-0.25696885942651637,-0.362990145152579,0.16336790575642712,0.6838500609424167,-1.1729250981852044,-1.2503670575306687,-1.577081066093703,-0.5807587208248879,1.4086820485316691,2.976559258733096,1.5908914416855227,1.7444426104949688,2.827683218269561,2.274404514828872,2.158473425484717,2.1880089075451763,2.1927190554030984,1.495621906313838,1.2771446800066348,1.3595219702192691,1.9019692150519194,1.4213615558371542,1.6772956168391493,1.482305991654264
6.807673012818721,6.11648833876883,5.14309573388943,3.8560291291466324,2.398548356184923,2.1263293215881656,1.3061896245428846,0.31859520126212054,0.04226190191276605,0.25531370555775196,-0.3061630166032333,-0.36534934662589214,0.2388148905252058,0.23896614355949264,0.8719652827730648,0.7927273614197659,-0.16176754306567806,-0.3311297294109558,-1.0320223513304159,0.7787930741696399,-0.2103171119594167,0.5022396676169802,1.5818931850303168,0.07682617062848524,0.392814312538078,-0.20947259729243486,2.028552961530941,1.4975017073721189,1.0021135342433949,1.9416293629685788,1.1392044313820575,0.4743153163196381,0.2640118593598949,0.30758355502842377
7.051878077896223,5.782930277968332,4.402894959980446,3.2910706583883753,2.448867627105986,2.1371320607289443,0.7882730285233955,0.13996555210003342,-0.1934358883324855,-0.9773884875239268,-1.939885975803495,-1.4192764707597185,0.07950401820447249,-0.3080267882043986,0.22173402267947787,0.6087332632779321,0.584744703908814,-1.934248875917457,-2.0384407324079534,-1.2597017685758658,-0.1025535798404079,-0.6900475799827099,-0.29680298636846814,-1.4523558680053004,-0.3503414561927538,2.105287751483368,1.4980554143942637,1.4006224786337633,0.8589171741348798,1.0616674000418824,0.609166967579122,0.2132012868306146,-0.9067596058855715,1.0887914254044595
7.10550787830707,5.546172198369909,4.013118353069774,3.0178953415985617,1.9963878871841592,1.670311289823618,0.37929133344103505,-0.22819969772596185,-0.20931605831024333,-1.3682899796895627,-2.189927874259494,-2.281774717969522,-0.5210847273007724,-0.014749417979757392,0.1592706139165297,0.2632981979353207,0.12672929265654606,-0.16568202139946184,-0.8000265486334229,-0.5290203134864274,-1.1100798759398516,-1.3201163606108681,-2.0275752082591763,-2.378967990960552,-0.9963135709681962,0.8228676331603018,0.9517843389206498,0.8678723982000988,0.1005466546104473,0.2303634021972846,-0.162831315050041,-0.6610181302052948,-0.8554606728961212,0.8807128188225244
6.092591261355052,5.074855314730963,4.40352626936789,3.361653749552515,2.142139251906139,0.5260389175555186,0.5259339295589506,0.4786972740155228,-0.42523452499628844,-1.5271197736177393,-2.141764966554197,-2.2018314649651733,-0.6932817364473313,-0.546680328228124,-1.213840394064572,-0.39663959037200497,-0.00659853338350615,-1.9145995491115917,-1.3999473762720103,-1.6813600575275784,-0.6239063041931733,-1.5530117428477745,-3.0810718736857,-5.8150997448624935,0.44153073708637935,0.6376523886291018,-0.26839852934253133,0.34672871105944525,0.06710998748309983,-0.39324132063144573,-0.7274218041343935,-0.32192811901297524,-1.6342898389957,-0.5662594083212662
4.839859426768928,3.9119865374062357,2.71674173407432,1.4620581939301278,0.7186139573291556,0.009296429723129844,0.002578683111646684,-0.4939204486692086,-1.6492226970675676,-0.816187007256829,-1.2430968377095837,-2.0838529790548317,-0.6997431974429128,-0.9859386169503209,-1.589568180644582,-0.9654139811666735,-1.9191698257030805,-1.4236701123239144,-1.403190004423906,-2.111485494601206,-4.352442624452333,0.028867651596829573,-0.924340667491125,0.7406907431698968,-0.5404628879728175,1.2912353961168133,1.099958070461623,0.8684424446401845,0.11321180521769071,-1.6209054532359826,-1.6622188513067404,-1.0051544337888434,-1.3890908805181388,-0.18726016467838377
5.96293752934142,4.643277028165799,2.2979112808560327,0.35656358610982236,-1.5028961723745808,-0.08321654407619872,-0.5358716511448779,-1.5191779543148973,-1.9798202057761007,-1.2465605483518827,-1.304271881811045,-1.2408279858981726,-1.5654018593426697,-1.668914559247844,-1.7558945608180578,-1.9041650524002403,-1.379763918078895,-1.883905262265065,-1.930112719034203,-1.63364336972701,0.1456054637167669,0.8281778176218527,0.41888996331757805,0.022714809537283696,0.7291951061861013,1.1360086574477648,1.1121717203731065,1.1190968022131227,1.2402060387546072,-0.5009088831126028,0.5059253415477392,1.1845794343266083,-0.18623833213304156,0.9195392937811644
