script/wind50m.json
{"header": {"parameterCategory": 2, "parameterNumber": 2, "lo1": 3.000054539987559, "la1": 64.9999836372058, "dx": 0.5, "dy": 0.25, "nx": 34, "ny": 52, "refTime": "2026-01-05T00:00:00.000Z"}, "data":
[rows 0 to 24 of 52, columns 0 to 33 of 34]
-1.9817906592773602,-3.8375267101116997,-4.914553304141163,-5.861880669634906,-6.046545032059799,-6.268240272170358,-6.770829680248592,-6.762314113712102,-6.507242491619637,-5.4842468183112185,-4.338502957813263,-3.569226462304349,-2.0759789107884195,0.32676081410949837,1.7082014998700452,1.0379341438393788,-1.6332552184055282,-1.3705626340356762,-1.9808888410653518,0.37787948644829,1.289758582354611,-0.9141842226171263,1.6422149965268165,4.387671305424533,8.322132357207092,7.3763584436655405,3.494416387845649,4.216646965417223,5.723269937476113,5.594711020657422,6.80626870154086,5.515911373559042,4.534346689901267,5.5305951759498715
-3.9222717004820002,-4.978327860853092,-5.961087522670384,-6.779584104662004,-7.566979515241379,-7.930310579493025,-8.048113800497555,-7.347505861789893,-6.578616892368493,-5.958703604671538,-5.341308245196941,-4.414105283603828,-3.446112088099809,-2.1872165823207004,-0.9027097899935212,0.4325456580117024,-1.6698434454188107,-2.5990505785453384,1.0178093943745292,5.329424089393071,0.34215551329204175,1.7478109690654378,-1.1858621498644994,5.163085339440098,4.420218876282417,4.036160542407313,5.6075342484568145,1.0084872989368439,2.757588414615946,8.690040194112864,5.941426432142984,6.044608314510029,3.415934352445998,6.990358869920466
-5.7583486117806535,-5.967718156781421,-6.655836113658478,-7.777018946024084,-8.260378425616144,-7.437474270356803,-5.751838619938882,-4.870530048318309,-3.856105744245159,-3.484747326491867,-3.431993774669256,-4.315401673819992,-4.748693796311385,-3.7325539775210155,-2.385711772048874,-1.5264298477565326,0.48119881062310976,-7.050366701236907,-3.2705989756628533,-2.7467556940299955,2.86887559459664,2.0086174983501275,2.5070690861826455,4.94758007699848,4.97014420110657,2.6326533712891176,0.26330943900110726,3.8875292639104035,3.851157116739206,4.695702883773105,8.015560256526314,5.7175482354691525,4.6652419597948205,4.126124831782381
-5.496595495791372,-6.482200845991758,-7.687397311354434,-7.825439239766615,-5.722288493253417,-5.162931655251592,-4.927414013973996,-4.006436264888355,-3.4498481651188384,-2.7876513304063386,-2.762915631687918,-4.153218052057485,-4.913242778612669,-5.239015596271746,-3.5163660722780166,-5.145548572488378,-3.2314182988806057,-1.87462242109174,-0.2781822871453576,-0.2557805231556444,1.9708271236684807,2.0096402529473028,3.3037005367137215,3.839354340592778,2.9482689487743503,4.393420361712924,6.277279169009202,2.742280328498187,2.6213847939338697,2.793760363937318,2.695628704385536,5.801617356400763,5.966813455585754,3.8822862576259696
-4.659249985554022,-6.769347345995431,-6.967251312478456,-5.3852128506270445,-4.312992451948993,-3.2245498499844407,-2.576684788130168,-3.2739860645470946,-2.708080100602714,-2.508381062172715,-2.8938586361923755,-2.68236113159069,-5.67924282876442,-6.008543493315557,-6.905618634473968,-4.141653856436388,-1.348464450250334,-3.397683451616526,-1.4551978086808677,3.410691026257209,1.1756287528362868,5.58263110588017,0.390023351749041,1.4989014144378634,1.0534457520242848,1.4445431520993106,3.2118659273947334,1.2901081775667738,4.760219277451467,2.730717084387824,4.705158982460503,2.613695333283295,4.7434369829920335,3.9735183846740583
-6.925571671353307,-6.4297335607979464,-4.990895549421158,-3.963386947637028,-2.793869856017664,-2.1479050757225164,-1.5863185679607292,-1.7803745867937715,-2.524687184580674,-2.5689555083218827,-2.169604658916215,-3.6802634772451004,-5.564401501549601,-8.552013820990359,-3.2877285194824224,-1.930585632702941,-0.14706648630968272,-2.623243654175536,0.6021771932770401,-1.0028962757061628,-0.12570270553358184,3.4387653473618007,5.286015096642488,3.1233664551431635,1.7132664107432978,3.4957706898354135,5.82672415870011,4.464572827698402,2.61586458199887,1.9488026117395671,2.147945720180254,1.240370421746603,3.39641924760368,2.68602695334318
-5.538787135209441,-5.149874191053255,-4.108764436962324,-3.4814558145134225,-2.3487030320051137,-1.5036794709041936,-1.4714316414045323,-1.0902838060593836,-0.9289471402711058,-0.6380400770914503,-1.475408987502991,-2.7661124953608254,-3.1520011713681613,-7.583911434437501,-6.986401765684744,-4.756731237100602,-1.2358892862637136,-4.6822747903592745,0.5739949672248815,-0.5611279007444967,0.9735432555910893,2.5809093018298443,2.3302252951028417,2.295022109623637,3.965537226128506,1.1095727059733835,4.942793641324182,2.3112431494188153,0.14449378367408852,4.880337985765289,5.316934236266619,3.1911073992717425,3.4803167658019767,2.3979596281468027
-5.403508327839903,-4.361698742168497,-3.2112071821488164,-3.8986924370051232,-3.78594334358306,-1.0071603766461177,-1.0154700834624644,-1.3627623512704212,-0.21051492838620464,-0.6501803664311627,-1.1491522732632433,-2.0384022451647272,-1.5000743080174848,-3.905704130604436,-1.9044845571626625,-2.52307918357808,-1.8028782382251762,-0.3428808337389802,2.310108887870704,0.7060651644461351,0.36359253402418445,4.816891007321094,3.2983906249001964,1.7085938519192256,3.565005652482404,1.8019544609412097,3.3381392411168367,3.106740628411733,1.9203430047030485,0.8330530931551292,1.7501436544601283,1.385671297535647,3.061203012029019,1.879495855766433
-4.87629745361026,-3.5139632004324004,-2.433471193999599,-0.6044500130907914,-0.8169255440330871,-0.9577312139513936,-1.166979265264768,-0.6904853580453715,-1.5619268472287966,-1.4219848766512984,-2.737112848486906,-2.6096991053901704,-5.104098243930776,-6.457874360699768,-2.2443820911247583,-4.232168897391159,-5.802701201570269,0.4135241549977104,-1.893653542792134,-2.603263579049451,-0.5769328453717191,3.710152739412432,0.13974793770282257,1.2631993571096465,2.909255312900754,2.2200962596896194,4.10822978950457,3.742242351066853,1.3215759551877677,3.0753703510040142,1.8197445263448033,2.397444468890648,0.832701971465836,0.71042452081552
-4.231441733597182,-2.6181245166797438,-6.744416357842542,-1.5564641792473062,-1.69349623383081,-0.46797598594413503,-1.3378443308291998,-1.2646167535811457,-2.9714783454762,0.21643686813378968,-1.8086427411486277,1.3269211604996531,-4.3683499162197705,1.2254964514493913,-5.139855164204534,-2.4336019618739737,0.4951764765752827,-2.9278591828790925,-2.3836785918847765,1.2813494270159225,1.7383901436597067,3.5177044710147265,5.561606230799931,1.6700597492919598,1.8983637807698241,3.3245076820480937,4.213510664565476,2.3602201446564,3.2005896430704177,3.056102339575505,1.6465818764502076,2.282863839864606,1.0694831704030818,1.0418254005017487
-3.5505464199868113,-1.995898982230312,2.0403457219041914,-0.6823869179298955,-1.2761857951150803,-1.2909228927690846,-0.8734007262954083,-2.1510120467282556,-0.057310589985930575,2.363640407076785,-1.2549300110568067,-3.1036402083858627,-0.6018445044167398,9.312566126642782,3.5261782939285955,-3.8949106141685825,1.0224472180186688,-1.666824455490395,-2.0342340257042877,0.9890153761011191,0.82302422647573,2.1315209565143616,0.4716647326207221,1.5238420422381536,2.223250341403196,2.5315796751369812,2.4906101226652115,2.184113270847948,3.498229498086293,1.8324611211146782,1.5931925467595842,2.0953145881453006,1.1468002851219647,0.5738781960327097
-3.7217400783633248,-0.7210359492797233,-0.5483586500560885,-1.9773436149375765,-1.3359093948771166,-3.2191996313246416,-3.6862053181653005,-3.9847169393619404,0.27972728166910066,-8.39569859319514,-4.415900573298743,-4.882338895818481,-4.812979235636181,1.4015793133599328,0.5963316048105923,-0.41935427467664205,-1.6332714418573777,-0.6164364528565742,-0.1019357151672578,0.6062530502023673,1.3031774123952888,-0.7224160727462516,0.7263595370068332,0.5234994534661646,-0.09226549125913297,1.0164734579480326,1.9769147756589167,1.3357613267707489,2.8980874881965364,3.248344116684539,1.4965207113965304,1.0388366559872295,0.5357621091362099,0.6627647947700182
-3.7825290698676706,-2.320207918056586,-3.240824123870828,-3.3800034251252566,-1.4160663792036605,-2.7888312849843153,1.5912532713389724,-2.747277744832283,-6.609753762733917,-3.5601099874061375,-7.272014280786817,-8.123561240868845,0.82346819304675,-1.0588081974054326,-1.6450681550865052,1.116823021379452,-0.8006733106114844,0.6242694208316395,0.7023929663963914,-0.6575379170836172,0.18574456950266807,1.2138658866332568,1.2883261899937328,3.6877694646620203,1.06488390102349,1.2397926836969702,0.8500434554875798,0.38270058122158573,1.6197756130449288,1.3054666388061773,0.6969144441802361,0.027223450216547547,0.384139687229795,0.49292125491847044
-2.6546168121201776,-4.553336275965949,-3.9349890978144395,-5.188497960875562,-5.067993551427724,-2.164028079121209,0.69910920573596,0.8017505618545969,-9.571864885950284,-4.083302281115981,-3.3075378578464028,-2.963949587210796,-0.9600930487307051,-2.1284736521765253,-1.0858958685297895,-0.8882381828218704,-1.1990246338585455,-3.3015252343502977,-2.4857127037280247,2.6669900643046565,2.259527893510798,-3.6198951920643654,0.8955016525140973,1.948558872979319,2.411676661495343,1.6647416890067062,3.6639706637139873,3.3651702165742727,3.4937815715918292,1.2450667516783374,-0.744634479960938,-1.2651503458962083,-0.3668035491905266,-0.06396332669872307
-2.8846950169654915,-4.0883275667724055,-4.437316573418818,-4.633622392708869,-4.650443426664247,-5.004211121009876,0.3898229147750996,-7.24341543729123,-3.5363799025325378,-5.7165943499077585,-1.7565783399075028,-6.276404328791821,-0.14763427494843084,-0.9230252568519426,-1.84451376230153,-3.6576125737065546,0.5990327720797932,-1.7611476136652817,0.039148404416139856,-1.6706516555311732,1.1981882783079203,1.004575107554556,-2.4422615621708013,2.2690719101268826,1.256349686337353,1.551800793295481,1.003066939653435,1.68391686243479,1.1605863003979517,2.3324109558046398,-1.0252400719340806,-1.5699025917891758,-1.1173258549979719,-2.7703571700777205
-2.940011389114326,-3.246018449322871,-3.6990889487997745,-4.507708690907291,-3.3332125979712757,-3.9837007483448232,-6.424684505563545,0.2260506561288049,-1.1256803978016499,-4.477952125957766,-5.551055766901254,-5.3775713564750225,-4.35657296908397,-2.587874529304821,1.0081744850790704,-5.173763751860958,-1.3265377637584927,-1.4163092143781923,0.6769444074237311,-1.152770842746721,-1.1529801214138338,2.054750306883669,0.45350894460133356,1.7844653283812235,-1.2285278905632513,0.8072391074841739,2.1262178557258165,3.0540174206785107,0.9124574432929647,0.6405014608037644,-2.4298250960361147,-3.3897004221939517,-4.234461252110245,-4.251423978555553
-0.5531263718309336,-1.583911964376802,-4.619870098920052,-4.897455795830976,-2.4701310637429423,-5.518946788581592,-5.943872342044599,-3.6845590896148193,-0.986829262717685,-5.738726654752536,-5.172722326462075,-3.1210296698170907,-0.058154566181660275,1.352059788313819,-0.11541151167517655,-0.8488490830686606,-2.7769900015777256,-0.728286656952939,-1.452800732912421,-0.8468277480255961,-1.474597020151567,0.3816135236949537,-0.63348605141267,0.8889060668012362,-1.753034765569727,-1.3777463256323228,0.8542648981403824,0.24751064261430916,0.7855966150023663,-0.6840395833246653,-4.73252264804575,-5.269776381654686,-5.528708855733293,-5.538239396805914
-1.1938173832115486,-1.7889773106528455,-4.166522000366026,-4.79933869515631,-3.040739862778371,-1.8446447028282684,-5.205982684164626,0.85407143273765,-6.47158800748385,-2.822605663131814,0.4514901068634729,-3.633445137993288,-0.14275328404770904,-0.989457683108679,-2.30973747459645,-2.5822827640252553,-2.150364159287451,-1.7935516072036677,-2.3144985543540395,-2.592675102280381,-3.211204142841081,-0.7570220625407644,-1.5963526681256686,-1.1895743581529807,-0.6953892572252047,-0.7443394707896102,-0.8870648811234538,0.016557825914226883,-0.00745500787010059,-7.232100624283345,-5.833180851613368,-6.2775310636132104,-6.273410736394389,-6.465448583376844
-0.9595650651253974,-1.402017013983708,-2.369287987871177,-4.057893406846536,-3.684301384895903,-2.8068922225601463,-4.175419486951047,-2.3856021618612577,-8.516806884659209,-4.5965855118997325,-4.107875430803331,-1.896346079916056,-1.0340722096346866,-3.2962320258032243,-0.1964769875002358,-4.9799314297426855,-1.3984789790547993,-1.5975995695002998,0.6535848939737622,-2.558230551918592,-1.5911836519946971,-5.060589145753021,-2.097359326329136,-1.7345662363730285,-1.3071444412225943,-0.32393723560475385,-1.2543492488735184,-1.6476915983136613,-0.5178169425216378,-3.7373777807081594,-6.413912432067373,-6.774185047268127,-6.976304753212793,-7.57665511598972
-1.661321692784884,-1.6577839958835723,-2.728982427342295,-3.8287232263184223,-2.3113741106907137,-3.389013131718156,0.69497459705816,-1.4506825648860042,-7.283183785469948,-4.706974785301864,-3.337621555012623,-2.9971204325393552,-1.6858521211388857,-2.7137759580478664,-2.43894217135634,-3.5067403522197234,-2.1096870158327747,-2.0543230637868946,-0.1990134715416435,-1.5588151677628617,-1.250246723335881,-2.663168309094396,-4.347995448297478,-1.6399363672943812,0.1717542099179617,-0.7360156717011634,-0.33831245881631333,-1.7351450135746134,0.03610159179168009,-2.7308977789446724,-3.4970452574895985,-5.116481025642243,-7.915076151016526,-4.458170947170357
-1.203133344824992,-3.542527678488035,-2.2279133961527764,-4.266817794237037,-3.4498224294060957,-4.520664054899981,-2.230034170767073,-0.5238984442117867,-5.940540494960362,-2.304398722085917,-5.268332560437382,-3.6419163336892524,-3.3833499933432427,-1.012159135342202,-2.015369315821207,-3.2478342933381508,-2.242827412520648,-1.5704323828961513,-1.314680537540775,-1.5992780772861772,-1.8387046751259712,-1.000116810496155,-2.9617751562816763,-2.6594258942341926,-2.9397692558776876,-0.9359707784278537,-1.042682252196922,-0.19862662939968473,-2.3570181135593176,-1.804228824172461,-2.6145869863708144,-4.315121873790431,-7.760466715796357,-6.772482887351802
-5.572584956489484,-5.369852679219613,-4.24426991794255,-5.410903947921292,-4.336166693440095,-5.0551633254008195,-6.791836119324702,-5.05163967460005,-7.120615018794793,0.2181130136079045,0.5055581295059844,-2.0763295135208337,-0.048984881809835935,-1.355247721303021,-1.5965238042557675,-3.371038126938304,-3.510386950746472,-3.1085569283315446,-2.4244844285730625,-1.4565120433617438,-1.7460663747012368,-1.2263232739810164,-2.3193815013705694,-2.026079550947932,-1.252783789681352,-1.7961929148284792,-0.7333552727231537,-0.13413193940878304,-3.018947656158511,-2.773528273776598,-2.9594491143923034,-4.27115722720308,-4.870872058613348,-7.816940102488189
3.565720652488466,-7.066102986006816,-5.260806566999815,-6.377634217474027,-5.869174688554263,-4.641754853248072,-7.243962057449719,-4.424634713818057,-3.6227848945141314,-8.264329812426151,-1.6977889745222419,-1.9164466187037557,0.5339145296797119,-2.627439376195914,-2.3809598397603833,-4.347425610834932,-3.958016138223776,-3.493215428275986,-2.7429472669345065,-2.269613368628179,-1.0904910478908,0.20569489813262445,-2.3832617451768687,-3.0451382901891417,-0.7206934877363248,-1.8142019338389117,-1.0988562593547366,-0.8807812480826056,-1.711860656520084,-2.0984506795740776,-2.9629748196900962,-3.426547944707214,-7.722308288839032,-8.311911573654465
1.8803128580693607,0.4640216749823069,-6.5497040220431595,-6.2551455443639234,-5.819471784195717,-5.737175485950749,-5.221232968864327,-10.436026918440163,-7.849885162391427,-2.7508348516174337,-0.7891404841244305,-0.9653489306744619,-0.5802871093875245,-1.4814245343822026,-2.458699922553228,-4.57075957411145,-3.34782900999636,-4.075261927753687,-3.4667651705196945,-2.951404114275754,-1.3390226440414412,-0.207432254652158,-0.02213579304555471,-1.5888897737232082,-2.2204017694170184,-1.5868999582565324,-1.8296166046006346,-0.5910589694383841,-1.0661242725176887,-1.0739308211234961,-2.8811083226222376,-4.3846757167739145,-8.783844192720906,-9.645161115346195
-2.6170611882164523,-4.346999612675929,-6.582834451439312,-7.379642869298765,-5.290310924061115,-5.456586912881129,-3.4247232691529894,-6.464595774815083,-4.952119743597026,-0.2196552169343373,-1.7081406159669912,-0.9266009865178866,-0.6097712829213071,-1.388935106335007,-2.9406387236196454,-5.945037057195364,-4.472129315829085,-4.155180080358374,-3.28702292941932,-2.9879146158266026,-2.9516866029885875,-5.758733468477822,-1.9494729764935081,-3.6766504798692594,-1.6194282609463782,-1.4270989695463552,-0.524019136795312,-1.2459920917082385,-0.43258809912296914,-1.9165910415856298,-0.7604978117801034,-7.981212002938067,-9.197573098300095,-9.411737375774013
