script/wind100m.json
{"header": {"parameterCategory": 2, "parameterNumber": 2, "lo1": 3.000054539987559, "la1": 64.9999836372058, "dx": 0.5, "dy": 0.25, "nx": 34, "ny": 52, "refTime": "2026-01-19T21:00:00.000Z"}, "data":
[rows 0 to 23 of 52, columns 0 to 33 of 34]
-1.9665596672376648,-2.635636035803282,-1.5650650011448408,-1.5462176575704198,-0.9458031066143668,-0.4374043871118593,-0.3257284669177084,0.06356041059370732,1.0276615862289022,1.7668229644816509,2.1489525939073433,2.0646841010970647,3.366811909600902,3.2347706046034315,0.619260842886445,-3.465971443998925,-2.8343578732924812,-4.223255300418972,-8.350062363962335,-3.595875078626373,-2.028767188562751,-2.368434119193441,-6.594765993603745,-5.185697680339922,-3.7184224102569448,-3.0181620150037753,-3.2232638394676396,-3.2599810109771212,-3.354947740470219,-3.3263424042875713,-4.023191327385473,-3.573850160716021,-2.449521138532279,-0.9455584335073289
-2.1027419054826293,-2.126543837898963,-1.4771904106413134,-0.743558917667165,0.27358545476276025,0.06109953672321682,-0.5966719296974775,-0.11073560150073518,0.1765075355865768,0.9116533091606104,1.7140631536446793,2.2369614398397792,2.7953557166473866,2.8160437148480093,1.3369552249903285,-1.7483089658588247,-4.795585256771341,-4.340549831268352,-8.717410007509315,-5.728871204889562,-8.672988796994224,-4.770717255427508,-2.0159533217871277,-5.474422993307991,-1.9336882790676433,-3.1410439522733866,-1.4603831876739937,-4.783266305966505,-4.540854529472515,-3.3426715148811694,-1.5281653198223162,-3.185427342310622,-4.27805569014099,-4.4634494819002475
-0.6575191517587564,-2.076740478777566,-0.9889008427105508,-0.7648441080291146,0.20336026542769456,0.4596537747044659,0.2930409113425445,-0.7364523018606843,0.30905324834907144,0.6123347154407103,0.5456649843088421,1.0428589310787122,1.8681758871176113,2.188616772865507,0.7790795174894486,-0.1034592900632059,-3.276060499281109,-9.551480559647324,-6.594246279315547,-6.7055891542909745,-6.361579638148019,-3.6108620904444586,-5.320645398233504,-3.6391547335161265,-4.326787114436306,-2.5059996473250106,-4.051540873088119,-3.294183313612698,-3.873408237445126,-3.5087069796654724,-2.7807109464856166,-2.5416393798850305,-4.549437897317598,-5.945211842626987
-0.17689990943153844,-0.9942130230201666,-1.1069782045374017,-0.9600090218207408,-0.9482707568377395,-1.1978355827009435,-1.4074624919146754,-0.561399562984996,-0.15789041837099868,-0.30957033417310514,-0.022506475662934747,-0.2249036858800547,0.23480890587575526,0.02272049494313105,-0.07915381710616894,1.100914490060846,-2.5862580304744314,-3.6796653288684174,-3.4969913847684175,-3.3264748067079126,-1.705894834890228,-4.794602551276258,-5.168217366961344,-2.1118315973659194,-3.175161218430996,-3.5687592576653833,-2.3118186530636544,-3.362625482775496,-3.4714694601753187,-4.034236246428936,-3.281567019114664,-2.72908760542918,-4.031069656142534,-5.5713990579816235
-0.3406413127867641,-1.191345947903878,-1.8821660073800954,-1.2482581734675358,-1.406927159248946,-2.6465368857974703,-2.6388826989659377,-1.9133133263595368,-1.5180185460003695,-1.6124557145136016,-1.4010488401200745,-1.5166667756310366,-1.7536744129006292,-1.912624136359353,-1.890566828721177,-0.8939899203251979,-1.212342906921637,-3.2080394405833785,-1.1881060579320921,-2.380894857288218,0.3059190235822026,-3.0381666387312296,-2.7084945228978916,-2.9075452397135746,-1.5219899391417933,-2.3557427610383104,-2.7607316841074803,-2.584895398436138,-2.78404651808082,-2.5019675216793127,-3.362626968305003,-2.356163803325299,-2.2842194888541867,-3.4677539450809256
-0.10941433090026854,-0.6388461684229068,-1.8438944527291539,-1.6226428536264432,-0.5587786862945207,-1.8099700594812682,-2.642843768306413,-2.7262578563569497,-3.111546837765573,-2.516093536022822,-2.858101689296451,-3.735867502210626,-3.2624792607087323,-5.110582083864378,-2.952699763686551,-2.9510664202623507,-1.930406852706263,-4.023876893021999,-2.485455186598254,-2.4653324685931057,-3.0698243332792186,-4.55970463191443,-2.9608421525818702,-3.0622358502159255,-2.487963929091293,-2.829436577809627,-2.8129007910061214,-2.9955092104599803,-2.4120212151394917,-3.030505079549366,-2.8416946422021043,-1.9300817838629019,-1.8089022418449179,-2.7379677984984307
-1.4949778989347031,-1.2857603428489135,-1.3412860628139938,-1.386093811180696,-0.09579596905462187,-0.9869445265542598,-2.9538397774634553,-3.265504604093033,-3.667855833915662,-3.3487090831940587,-3.8328967305013055,-4.645497995013628,-3.1200398000547858,-3.8468774862976622,-4.519855433442773,-2.570154985692309,-0.908450285670093,0.12221315231918188,0.1356534049572824,-1.9442664309412516,-2.973135629328838,-2.47799132293295,-2.84900455016833,-3.1382531447347466,-2.0060189195017935,-1.865990959917109,-1.8620053839508717,-2.4963210092784602,-2.389851296858406,-2.6950318747774342,-3.354282171758795,-2.0392569898429675,-2.2724472267531546,-1.5014939087927412
-1.6414280607649765,-1.5252004180500711,-1.4874088986211287,-1.7412456913271428,-1.4090359093169953,-1.8514594565392177,-3.7435037424289317,-4.250828728533159,-3.9943430738307386,-4.001169754990928,-3.910932483960507,-1.2391615156009175,-1.1104096114865938,-1.6559179794764434,-0.22149385838674024,-1.0542324896465955,-1.6817031516000103,1.2497099430895304,1.9370851213809746,-0.01347272169654741,-0.5638707147617773,-1.3611867804093698,-2.034299754119643,-3.180058019443193,-2.323482767168551,-2.0942846508752786,-2.6898938131999923,-1.6825083423043408,-3.3981449255161733,-2.8416852124068295,-2.5247618607161946,-2.605669502391594,-1.923123884661815,-1.566399206165415
-1.2876382320090423,-1.811708481225803,-1.0830755868551007,-1.5311405549999428,-0.9708526199446689,-2.7447162225310766,-4.0138416706002165,-4.529509998719881,-3.3949945135713184,-2.068952105614288,-1.9662239416890157,-6.473071966575239,-5.0042795946583185,-1.874595357429449,-0.8051602487114534,-3.024932500242709,-3.0461114749854925,1.5145575741877135,0.775981026166804,1.1329598667781275,2.1650244155976326,-0.5353005335398925,0.43405727055964355,-3.373645233477054,-1.9317404205172517,-1.212458976750035,-1.4206765227254294,-1.8154227749909622,-2.1227964555378755,-2.6757028749947698,-2.579568013724051,-0.7307177671733285,-0.9179339800623298,-0.3966313393359022
-0.1516989667401162,-1.3868829804272522,-0.8650108392384478,-1.520662151323165,0.27706918044075485,-2.6283257664914137,-4.248441324279265,-1.7719808071672434,-3.337304013369512,-4.244374740398064,-3.374393269215365,0.23847308477602563,-1.9373487411525325,0.5384140931531852,-3.8484577414126293,-0.2505372665231815,3.2502579051365803,0.3629504777237931,2.6852720670059704,2.0275004579345017,2.172852555970133,0.4904670331665039,3.053566161742789,1.8122972290511805,-0.7584506224478992,-0.2307310244451368,-0.05863153715326104,-1.7116507416043691,-1.726763355179968,-1.672601738201049,-1.1964291000602139,0.33623480211972395,-0.4033526809114043,0.0827333243028244
-0.4913912857232905,-1.0894397937905205,-0.5538955155562058,-1.2785881793744789,1.2106344713840456,-3.0359631541715526,-1.5487012662921786,-1.3890425363408039,-0.13640251970870157,0.6158740333821814,0.023210336941900424,-3.2579344688785006,-0.1311761218601773,-0.3502233761451674,-0.0882406010417721,-1.0258996675191963,2.4373258906448867,-0.9760641033048192,1.3066313323242158,1.7512036586358415,0.46236509855155705,-0.3902468913746118,4.835796879717401,-0.149868506698827,-0.17881689553852134,-0.4855312016961206,0.6548750877096153,0.6565069490884521,-0.6134757654049908,0.06776741999317826,0.7830233203186598,0.7663226988451146,0.7823725697771283,1.6638548737379477
-0.8140875744328557,0.6249892074939727,-0.31439770512423615,-0.4439062601894638,2.1109896824769057,0.7406015129187603,-1.1419062804147733,-0.7756347529855337,0.6089661599664998,-0.11373526753827952,-1.5827033355236,-1.1379604012924869,-0.5789307940362531,-0.37064315915417656,-0.09676397892443292,-0.3142158476002968,0.3392201470717907,2.035115329918758,0.7708004218968937,0.8781728166575243,4.895121188307512,4.03629543641183,0.2259161449589911,5.368124302823174,0.9727151085646047,-0.05059868187131672,0.6312168342979604,2.005232763261645,1.3558955490083286,0.7692711478303212,2.0746610507160517,1.7736354750392802,1.9464913628907428,2.0421063023738384
-1.70552459739863,0.42464654816922476,0.1301477689703209,0.9701125891248882,1.7822110462685488,0.31119732568827063,0.19592965239338564,-1.8342669788771828,-0.9738126456199522,-5.343124744861937,-4.958639669242311,-0.749298142914467,1.65369792440208,1.8342457684317781,-0.2921128153064449,1.2344256997259127,-0.7551589174247205,3.2357918931692566,4.156231836235196,2.312926998637671,0.3307857378931342,4.780740856909939,5.52836913334459,1.9548324931440018,2.668776364334014,0.978961601934681,0.8256033616885982,1.8034511631097934,2.244863322870253,2.874267442486561,3.030172738256348,2.9800742435090197,2.279840284246454,2.0972038323307265
-1.7097052669392359,0.02053308620764195,1.1744345982901718,1.2678240968644652,3.0372324545796827,-1.0419108651372175,0.1850362994490778,-0.7932215982513259,-1.8574258137510307,-0.9376665092859222,1.3067275351008518,-1.3156370944904079,-1.786856211902302,-1.558633372205175,1.1649772872453787,-0.00838588329591564,1.2517089549543943,0.8378596174306433,1.5934440419071132,2.554333885411749,-0.3923412877685085,2.918307589525529,5.214953892420936,6.552998257694104,1.0364213408997063,3.2774571155635908,2.536986940323321,3.0097652467289686,2.595566463317842,2.8827578857751006,3.788694563864977,3.5493705124419774,2.5851804821463062,2.894054978919896
-1.5787757077280584,-0.44968490966885916,1.5217279554498955,0.9254031208757827,1.9753593335665092,0.4167049077652826,-0.9708641706229697,-1.183565250859053,-0.7164845973420372,-2.109279368662009,-2.7134321120397957,-1.293794859782645,0.4991552292753965,-0.4178596457072417,0.6023917163352116,3.0607967037778523,0.2281662581567327,-1.708216934978714,3.1876666880428,0.05846528662096523,0.6345855148622133,-0.2646717100203954,1.7969115059795644,3.526217896226261,1.6701081885887876,2.3998370225573713,2.623838829423981,2.696468881509401,2.578567061218178,4.193646986929331,4.4028667014234,3.9528379336638384,3.017098519140363,2.6700308517097096
-0.9663666215106549,-0.516481482613215,0.8939104819736166,1.0815602457096285,1.4729863308571918,1.7869793049074412,-3.3433034601482636,0.15381403117608458,-1.152361190203919,-2.9726762220662235,-5.475786537221193,-1.3680819309552066,-0.3624490884221682,2.131462145154507,0.3371559267374628,1.6932722808649372,0.3049470967203754,-0.8159840891865727,1.256967182682393,1.7562750088394974,3.8974739194270747,0.7796988235899693,0.7464146901293609,2.2007277047663987,2.160613351796001,2.212266127661758,4.22786330737462,2.9207885459053453,2.948704581654575,4.021245737475104,4.332618259463173,3.9774006970628246,3.30003437965174,3.001442491143764
-1.2353953482200097,-0.618612745148985,0.6141301314649673,0.49652462739720293,0.40977771425517234,1.119479895749758,-2.984133603036816,-2.8179580834829467,0.27291140328003616,-1.3247829459608824,-3.7323108058099996,-0.6760001928382096,0.37168964913924907,0.472753985338754,1.297615157774586,0.6841936579626929,1.8559856144764446,-0.44719662115007675,1.2360677410524314,1.8220740623118086,1.8939366589152657,2.2438153115495463,1.4596159405226574,1.0174047113669844,2.038220690423083,1.9761995924185796,2.8332012221408047,3.6749871429764305,2.7510730097162948,3.56202714367546,3.870195940251909,3.605703755944512,3.3040538556011394,3.317477010642442
-1.4576960708196232,-0.5129378351567574,0.4259013362320568,0.6911347957951265,-0.1723782481723633,-0.8339840582143163,-4.78693334293341,-0.4096073890839368,-3.683928206995678,-3.073646332455842,0.6535894389042889,-0.09294335469436926,-0.7931447902000195,-0.15857873905700373,-0.6481381713674892,1.2673308036658075,-0.12463090073032726,0.3464348082239762,0.5787771438657724,0.7111002825018532,0.8247278647267992,0.9957582555137984,1.407530027064678,1.9634127995664292,0.8177887509354679,1.1101103912868242,1.6422679490172876,1.98588828450307,2.4146063841019805,2.802789876555866,2.763599767415773,2.7987695610382346,2.7266075155774714,3.5241073512961063
-1.8903330449726696,-1.0370920333889937,0.3851818537421083,-0.3705923051984866,-0.2918629665227272,0.3602658421894749,-1.9234813092382639,-3.4826777106434466,-6.471827728325536,-3.1660682479584934,-2.63491038896478,-0.11122942775433674,-1.3853229554571582,-1.3986572830267219,0.1862821535226022,0.38692107228966954,0.09778346176876582,-0.2315925026887048,-0.23014813854227853,-0.2846570283401581,0.1762256899372364,0.9255185165438585,1.0525019783412655,1.016930671754453,0.9924741825903155,0.842232393555456,0.9364587820146741,1.629100296555266,1.518882981438403,1.5643970541979952,1.0006918946133716,2.184371162030237,2.619467081036823,2.8635684611844723
-2.6798292441616653,-1.8216559516728195,0.2949963264072825,0.24723357850401792,2.0459355812371474,1.765201386661314,1.7611554732643844,-1.708701537422942,-5.887757257942738,-4.355978878474659,-3.4338326067254115,-2.575759954101347,-0.17169632428913467,-0.41373852063332217,0.029359628790765542,-0.8366135055126691,-0.4362620337641635,-2.047237670074173,-0.8111274392127111,-1.0294866751848222,-0.790260997920168,-0.3993553869825669,0.11178393512925403,0.5043616161900099,0.29412424826111927,0.7471578869043014,0.6617703415627931,1.1719424597757817,1.255201842183522,1.3910303578167011,0.5055900805318599,1.8126186818471317,2.3361409741610264,2.165377486399805
-3.9745615088866875,-3.0664000966171083,-0.6253799442915925,0.49384103962369885,0.13154226405512992,1.9660143696031918,0.2870938281552974,0.38059970014293804,-6.102719062763372,-2.665174862262518,-2.5774679742389135,-2.587435842239608,-2.0294679970970693,-0.1330299505742486,-0.4696531628735525,-2.075836736459528,-2.6609699504676323,-1.35028484735698,-1.6656299813554158,-1.4331716313988574,-1.043933901587202,-1.2744067515379587,-0.9551254340921504,-0.2665502724241434,0.17868096488912774,0.4460861762723485,0.6976384427020463,0.7399482915669349,0.850832146296448,1.4727989107787403,-0.26003684430259283,0.9379451924772074,2.36601943144089,2.69121885192274
-5.1775582135189735,-4.631988873251957,-2.55003729567294,-0.41616336279744764,-0.18618672302745848,3.8110567811428666,1.6916017139038435,-7.204128015287024,-8.235201747157156,0.868861908867952,-0.3864273301706905,-2.183425428817562,-0.2685310640968217,-0.9980509865684775,-2.1833716336687736,-1.1128605836718184,-2.7085838624905993,-2.52042393125808,-2.5861759538798696,-1.5357781523247522,-1.5418157672756034,-1.033550446459026,-1.6312776560553033,-0.984862769047186,-0.4099067475473826,-0.04995359175222413,0.03870426095248468,0.07039051665884011,0.8259138218128526,1.6909286751948556,-0.1642081674932584,0.7395155613773344,1.9433366781097028,2.469287827708419
-6.275188691155784,-6.013253380282881,-5.342423074003056,-2.118663245134082,0.1897806582086706,0.5854733661446356,-6.7076480618270455,-5.939403401839077,-6.989649314416354,-9.982239526955285,0.17298069624958126,-3.219603416274634,0.2681436958445306,-2.7413896773462136,-2.784808533290206,-3.0499904650195337,-3.133008498005631,-3.366559816686117,-2.688304788174417,-2.299731100277208,-1.6592921746396776,-1.6221964037526477,-2.425451778071834,-1.716953298709822,-0.554862782909658,-0.34758085840825403,-0.554549482925921,0.424096364973476,2.0217124318610797,1.1604240596223612,-0.6231470868810068,0.5575642728524556,1.3698832675270227,1.9341763456148444
-6.94004564590675,-7.513006836815323,-7.372904779097698,-4.557668114206875,-1.4670993836858228,1.0706663861787316,-2.7004140006674966,-9.91615853738171,-9.834776247140452,-4.244268892487547,-1.03751656098052,-1.9441477483991862,-1.6928228919578068,-2.6085272406592814,-3.795161098598268,-3.9110945059092113,-3.393722618753086,-3.959371194238493,-3.061611285375787,-2.981771288405926,-2.279298630809817,-2.946602229623395,-2.8452200086734503,-2.052123198010136,-1.3142898108446726,-0.7595679653517419,-0.04081663621772702,0.1410019253212591,1.5556500744152166,0.5648013814511258,0.047888034363584395,0.09741355300195349,0.7008921482085448,1.3082193395028627
