script/wind250m.json
{"header": {"parameterCategory": 2, "parameterNumber": 3, "lo1": 6.000198445256149, "la1": 58.999992894266676, "dx": 0.5, "dy": 0.25, "nx": 22, "ny": 24, "refTime": "2024-03-17T18:00:00.000Z"}, "data":
[rows 0 to 23 of 24, columns 0 to 21 of 22]
1.6676712684912924,6.375954617157083,-6.817255830100098,-15.569840299431586,11.86147738664478,9.179300460780022,-0.8337319514789953,-7.0417003129363,-2.400206574298001,3.623326653597816,2.3763996062919714,-3.2459430394138478,-6.527581182878997,-0.2736618024807074,-0.39159432039719577,-0.49691703531964926,5.736081794135572,-5.787362630266744,3.641971062810604,-0.2348008101382657,8.947613146008335,-0.882335010422556
-1.3612986360586155,-7.764611670212459,-5.975479854248922,-2.1943478429527614,5.698835934873941,-3.0918941324158706,12.626572977311998,-1.2328623227424997,8.440455627197498,-7.875103725770339,-2.446777719884322,6.021629357898418,-3.2757522355484943,-6.245821223214461,-2.3144318146791476,0.5982544387869879,-5.813859060903018,1.2555994399392942,3.288934981621938,3.9939412788797006,13.809925829135874,-7.86939803300523
12.381751161136274,-5.309689664172648,-5.693837055159096,0.3360208469783506,1.7706818924527743,-0.6929498191610686,-0.4923401211505309,0.7214113800559852,6.6127359792614815,12.506269136826466,9.447741192779148,-3.802815682454918,-8.185265582229697,-3.2065922319060176,3.4209798742810085,-7.567146965997943,7.055473128884688,-0.7101741901414014,-4.648023360274912,1.7048979994251239,-1.7912434638035637,0.6740202915432522
6.514373735445016,-14.938227921800982,-0.9919344790533898,-3.062422014833984,11.1824472975357,-6.100711594479295,-7.392214408233776,8.767857226087342,7.566133276880478,13.902288086231446,2.1984404748361652,2.091963265484921,-6.504184852120997,-7.668906809455491,-9.46596370839604,13.08520122373297,-4.25386538065734,-1.6067411098970301,8.392149675244147,3.4379587712228297,-7.80881390778604,-7.142110819678433
0.27292524699105175,5.354862709587328,-3.8895499524606203,0.8033643114831978,-3.1460663998784395,-3.1517066546883137,13.783115842014196,-6.366999294683233,6.401618109654374,-0.8847339080147268,4.36988767452973,-5.461563523776431,-7.357980511311454,-7.038367293525444,-7.684023197000667,8.085311942803068,14.034280937117027,-5.405678842159255,14.59259030925636,4.4800444839384195,7.527010502730167,-6.806097967745422
5.557350494012368,4.419755214793649,-6.0409546388879525,2.9747948491636436,-0.3482689806355228,0.8447989623923228,-5.9543644487744825,-12.674852621169265,-4.549254510902971,4.418686512572494,2.4010718783948874,-7.683474805381297,-5.479644998245815,-1.12109730833961,-2.9209844251772,-2.181895714742702,-0.33661486443558275,-2.522361693155288,9.52016596464085,-7.879636156184831,2.4200847371309973,-6.865009867631996
-5.758294723069059,-3.707066084231561,-2.0479739311940786,-6.438012415260412,-3.1681263131634236,-8.863920586598795,3.9137072409998512,-6.8023661200275365,-5.931612888134221,-7.887178582044604,-7.071016060066689,-1.5366860429787623,1.4638856424168192,3.366712692755574,-3.3834316466721477,-6.6519209705042925,-7.935504866287419,-4.020494771656888,4.377527944030819,-3.4207593053053182,-0.37091679798611193,-7.105973304421195
4.4041023604104135,-2.302302300259515,-2.9652017688652728,2.4170254885689517,-0.47998525998097064,12.257807057652075,-7.471715914091648,-2.7302571163419564,-3.942439821385624,-3.068596244781418,-1.8812888362050466,-5.135041240126719,5.420492557049038,-6.797924729262902,6.089895592973149,-5.013562489859665,2.6686532487487704,-0.15900511048829433,-2.406702721467714,-13.879229376100168,-13.387550553070971,7.659756219562325
-3.5959622034575354,12.58240360404833,-0.598753073599449,3.616154346699286,-7.479479812846846,-6.262192577199923,3.7130210744102077,-1.0743100700255022,3.502568356370829,6.007420782137068,4.108627746072172,4.112518229896206,13.11101203086849,7.393695001293221,-1.6400815261520165,-4.132935845966542,-2.3521499676997477,10.501202352077678,-5.352441803330188,1.5256806403166399,3.6326663151326875,12.960765275017222
-0.34085773169906114,-0.5893865922216491,-0.0007524892913024194,-6.510724109716067,-12.072523395701726,2.0375933713901357,-0.5803478390489102,-1.2039679753405537,-2.388765348611335,-0.16785089551705282,-6.0250050555872665,2.984380980586499,4.0223974879688855,-12.03612797369676,4.117377762079151,8.902444598480185,13.179386333029006,-3.8433473172277055,-2.3891179308878607,-7.208458847750015,-1.9564349081835741,5.452816295763951
5.218102874515476,1.8782401587295918,-2.4104468696670014,-6.006651386701932,1.6595491176272879,1.5850391891149849,-2.2008783323570666,-1.5576882776359149,-6.774413348836893,-6.672474964587597,3.6340551091240645,-10.482127800470574,-7.553503839055092,-7.3547525012939445,-1.5108511609751185,-8.093241261457205,-2.053163451633843,-5.529670592921559,-5.466859854529052,-1.4325344507051012,-0.5591303767904628,14.627234497768212
-4.596788874537202,-6.83415452743542,-16.344430121350666,3.206942029011391,-8.677918216722574,3.1295734842631147,-3.5802407376914305,-0.6632304200258459,-2.5525628590986433,4.466567887091676,-3.078575405932125,-0.5673543887212504,-2.4488062745230637,-2.338614847174334,4.228060141432639,-2.062224961222615,-0.3650010361943938,0.7127583416654292,-6.325054151486497,5.017463040049116,-7.047055105583639,-13.642263380156878
-6.202453571766137,-1.4007322091183818,-6.1069316748216265,-4.420508928305183,-5.464088488507925,-15.228291939524167,-4.567932256536138,-2.1318626232857643,9.94913892397388,-3.605385465056549,-0.5091097379704334,9.940542240864481,0.5977993847286045,4.939673813797294,10.683251639666384,-0.18766661519903519,-0.8265756405732596,-4.061896653872666,6.421835261988378,5.792120433597571,-1.1733782100176204,0.1583036905441292
7.139796311204802,-14.269526239006094,-0.6719951852509941,-3.340053857822186,11.170542888233795,-10.326708622873387,2.4303870590201546,-6.078103250181305,-2.3222855166642162,-7.086613560702579,-5.774921535835396,-7.62502926870638,-8.118366279866677,-1.1554422298580167,-0.9180971495456421,-8.08768219886415,-4.0713261507284315,-2.8739798537102366,0.2818096456364864,9.77181072398709,-5.270820256712792,-2.296622300488371
-1.9950224715546547,-0.6198212194674926,-3.6896794635876526,-0.3833866866909212,-2.530929413035618,-4.708010813329454,-4.800330955132343,2.311773783616392,4.425510441381647,-0.7702600950847336,1.0203817774700827,-6.684481376001663,4.534434118988721,6.302289468309366,-8.680794856620494,-1.2398924872452808,7.901105687599261,-7.953046476792671,-2.022053660237946,1.6396214856538531,1.1861384918805307,1.2334840112343195
3.7644500294110452,1.0730235290881052,-2.5172926309518133,-6.220965160732317,6.229031400671768,-5.594556068644087,6.8727017075020065,1.0332618490364642,-6.917176538815811,-12.295000297180321,4.165876850165246,4.050447730768745,-14.415708354214408,8.97897247099628,-14.839177906701483,-0.5330581228779563,-2.835572323700058,0.5336896028359034,-2.9393190418687785,11.500376609890148,5.712587113361854,-9.383918171859788
-5.226919347344381,4.790201688183204,-1.8199954192049137,1.9787923584192488,0.13865294871080924,-3.610499207713275,15.382409017056519,11.104725642398002,6.53083161707668,-3.178286673503015,1.4490875321446786,-3.6891852464970025,7.244747154450961,1.227221214908047,-2.017670085370446,-0.019578223714584085,-1.21120060043206,-7.6354545817636925,-16.199469882642347,-5.628057349021524,1.3719257815120334,-15.87292236433863
0.6083080385751878,1.485371206967901,-5.166361193702396,5.528618659816358,-4.233293456454381,-6.477363964321238,1.3997405968388255,0.5381540315383768,-4.143557607261676,-2.7343749382078815,-3.675447302406191,-8.080674484134105,4.133443575724318,-0.9579001790778484,-0.10064475498225883,6.620420634826403,4.028069310930218,-1.6177076552074268,0.08839640297303832,8.13804957792121,-6.088432940397873,-7.263316117000637
-2.669899850819332,7.5954529176815955,0.3010492653489925,6.418045642557572,13.661905728152968,5.312040273749845,1.4828055042389972,-1.1790280228895225,11.805510658075296,0.6916191385339538,11.084398104172864,-4.144647839881037,-7.289816810683513,-3.4496337871546543,5.511233478395023,10.664017578610105,-4.4393439604668385,-1.9451576266158672,-15.57949110026247,-8.377828745800585,-3.0581141571851824,-3.4311073367035507
6.01426009529241,6.446938503021943,0.3918561725982427,4.649089725871061,0.17845195975179093,7.134261764132434,-1.484022755935988,13.72681252512906,-0.10897260113326426,-2.267477707565562,2.8754545247847543,-5.711741879205052,-0.27237146958635017,1.4624494528267242,2.553273545604874,6.252088471958849,3.315216999535136,3.433565026453566,-8.170937439092253,1.5786325391729032,14.861400173180364,-2.618979832297755
0.10773281333029493,0.30307325889484704,-6.208059026001811,-3.575059747222752,-1.7396375274156899,11.670718774698047,5.350795233224775,-4.519419224556222,-6.2988379351300425,6.613419803374554,-1.8201400496271314,-5.794209927221235,6.902276986685451,-6.461633580628861,-0.4153502436382288,-6.699951816176851,0.8833105386382203,-8.265348557453542,8.816184343918607,-1.9676265828192054,-2.179763330721296,-10.850107450847993
13.323759961368475,-0.10537393681259612,5.719687724394118,0.02029373310631878,4.865352703613261,0.24607764469544335,-12.318114224749038,1.8739021912660063,-4.167099451614083,-2.9791968913989186,-3.5077109140008824,4.22277781786685,-1.4964207271981407,3.4066104686728944,4.056958240524668,0.1475704271517943,-6.238250277260087,-2.4796832702677167,-6.914869892269909,1.7596581379563625,-5.873781521396554,-5.440367589981048
3.9683655258736956,-0.92900453845021,-0.44342999312461534,-2.4990870456003855,2.4370030582776785,11.583689322806952,-0.3538251718446912,17.708775411522183,-1.7239480683021007,6.388891448289832,-0.24218027272283724,1.995830961212182,-1.313439034698075,-2.012046473469219,5.729676303145172,11.228212121938766,0.31876823358968237,-1.4658623417812628,10.520884074534578,-3.445324246124516,-4.423423128022654,-1.9814653788126064
14.056215978078551,14.576296486075686,-1.17888654139237,-12.958391403825066,11.991792387081933,11.486047407031503,-5.968443906162815,12.142948590555706,3.900043048864682,-8.641019260174879,-0.5717856849837152,-6.295484853953833,-3.0262900977640492,-13.83526385954586,-0.7830434142172755,-0.9743814562238924,-0.613161794091954,-3.578037465817474,3.3751669814822955,-3.681017765689434,2.813665711820874,-4.5693463782012085
