script/wind10m.json
{"header": {"parameterCategory": 2, "parameterNumber": 2, "lo1": 3.000054539987559, "la1": 64.9999836372058, "dx": 0.5, "dy": 0.25, "nx": 34, "ny": 52, "refTime": "2026-05-24T05:00:00.000Z"}, "data":
[rows 0 to 24 of 52, columns 0 to 33 of 34]
6.046829284434596,5.997648323827358,5.161279729226385,4.730004485096021,5.282108305985064,6.243166299522179,6.588236755909588,7.197078165564056,7.3945029336985435,7.580587182227052,8.31119981395645,8.08030260069297,8.427158098830676,9.025146841394122,9.104243549928638,9.11495896463451,7.605692430185289,7.803787805250018,3.2399865233073437,4.0024236582337815,5.96939189603896,1.8927474535970668,5.044424264218503,6.03121922896481,6.786612687045405,3.0024510244785585,2.713506032533581,3.5065215006408224,4.430132607807085,3.743413745449627,3.962330446328257,3.4579767052373134,3.394796162348054,3.639794033183753
6.683452803829477,7.477032144141479,7.297048157601771,6.604402377288428,6.439298813460327,5.693735104010219,5.406631346785234,5.952142218883936,6.616446324714063,6.519017371882825,6.79511865029784,7.548893088553562,8.541178555556344,8.266812027590493,8.64264422542897,8.809400616664258,9.450855569276529,7.491450321910528,5.558440478871009,8.950525730236057,3.1919318020660983,4.434647422458855,2.842040518565437,7.639521947947073,3.4383849237035538,4.82092117269743,4.07341096372117,4.875914598113748,3.7069776190657446,4.622759264966103,3.7641756091766574,3.838523294566812,3.4613815052351633,3.9480011347816943
6.809715654958802,7.4597399935721045,8.301416028819283,7.429606081482028,7.031715982697016,6.951686329944752,7.4852041124641255,6.979016047452066,6.477862110277009,6.155448352621439,7.426000369487995,7.346137351602552,7.661194376374177,7.924260972801998,7.944836211727503,9.141825376452575,6.350028131567959,3.455044124855194,3.7308208671229446,3.7887253215191987,6.012028082773471,4.176977885191562,4.3034431672994495,5.661491496430724,4.49801887374782,2.898488381861166,3.689410709008739,3.4480813237173513,4.362857672398715,4.375238438351178,4.304939588036606,4.1743835360605095,3.7415873911379762,3.7965371293989074
8.839755027798363,8.552974798915345,7.667032077103476,7.54757167253067,7.871118717711988,7.939775772374701,7.154102208178964,7.064398100038941,7.580569069832324,8.182179197331434,8.64736430863197,8.696739212967895,8.679085586825344,8.9903485969646,8.314070840121502,7.5841356144629355,4.592627148469529,4.146171050186873,6.642955015275297,2.9891287112470004,6.743988918058239,6.397012123738788,7.369916476288965,4.488929114636494,3.354340606586994,3.2146549759090766,4.01212718020537,3.6518492521705417,3.481371345924452,3.5861520138427596,4.3941497507359575,4.485397730244984,3.831298405711062,3.985526909848717
8.184434836482863,8.529420038786997,7.8413462792945525,7.396720661513027,8.026186387892071,8.231357489810629,7.263641532042641,8.177380674221162,7.967540300669938,8.4425513154876,9.278344957781101,9.854680698426478,10.324718890850319,9.976922207106918,6.244694170669555,5.8510225873046355,4.614248799764712,4.091595897899142,5.584925105680631,8.90767664594643,8.033280145769927,12.247710276032196,3.4702898890223493,5.998118869491342,3.538593991645961,2.9684686881226887,3.3986752130647515,3.2092214216580977,4.242662323266674,4.195453407375753,4.220610319181055,5.110587119148057,4.225380219906617,4.425335525126144
8.159825129790768,7.664835671820417,7.769848687452018,7.176200059056859,8.117104491246781,8.048463534180627,8.39844046120731,8.753128034397037,8.86131145634203,8.9272221070978,9.610251716319224,10.422101000265968,9.234135711581915,10.048504583027894,5.183218038909419,4.6159258389478,1.715622298058225,3.667439391767074,7.497169423663288,5.586958523130938,3.5718629452489794,6.758837044958134,4.826130102566074,3.5623307692235113,3.623488700237979,3.478418560060338,3.771533183745857,3.4646283393686486,3.418363498973918,3.9545895800474047,4.396196899655109,3.7789959202845953,3.9279841197173937,4.4822296719460315
8.255988017480876,6.335953543877399,7.287331686117734,7.512607976211298,7.24403322510618,7.046495657109015,8.716175089646404,9.176549892460983,9.816537857479656,9.497107697494796,9.31485531740673,7.429517466525102,8.765612284843161,5.988821109554722,5.109321576040526,6.803286077982288,3.6166706709336,4.344232995017558,8.608965656751336,5.75223218354984,4.575794990127096,3.568779916637817,3.973875935069881,3.999199933522702,3.7602304360092025,3.4202141713632876,3.586006570772597,3.3806176729495743,3.5715895606245365,3.973466850102561,4.317834664873406,4.047125581534418,4.593976870417218,8.455849144412475
7.355513720811512,6.57008504084593,7.173117210569128,7.102989953775634,7.0847025059146524,7.673191089560331,8.016259247792979,8.9720655739632,9.823386457102798,10.79618765685129,10.570790245318115,0.8398115517217193,2.0953690644444074,7.570648108566868,3.109922687562168,3.19175753123367,2.224588373160987,6.321420963966294,7.241351836053791,5.40324214866012,5.887582502804511,4.40580796533732,3.2882440753648976,4.985123900601898,3.490985167659174,3.4586158692175615,3.4500589341400936,4.07301952473465,3.4535722962351056,3.4996129454841345,4.170338448831279,4.148440129545439,5.054218060015494,9.022843159722683
7.52379523037481,7.637292716519887,6.827893057832423,7.091081131687017,7.316488808959114,7.627560572705754,8.436032412086465,9.13969605564804,10.596520433893415,3.7709856083822153,3.174483863844102,1.7706726022662609,4.316500909128073,5.048471062156026,6.0247024244668435,2.9898420631439167,6.986129494219867,8.036680828202199,2.5565865036280377,6.182425902760687,12.016266784309138,8.247885555881659,2.8113174537887335,2.91012405242716,3.5481974617610335,3.520715362532075,3.6695137987677438,3.417111662434606,3.1662199962441675,4.261985547309843,4.553830412297235,5.461044266331633,8.454401562744968,9.654566391416653
8.423026647101377,7.692155446370298,7.442195975133341,7.072601859717903,6.997350213143754,7.3269229103324145,8.65853840701755,6.618679465057031,2.407274475701301,1.6282468283588842,-1.9221227168650517,0.1900203207253685,8.3519609947091,5.164665425297715,1.863630268536498,5.314291660477535,3.2307866389304896,5.683686083139034,6.720002026836259,5.536329251253168,5.300858729633203,4.507613864905032,3.6758182894692197,2.5857474736271273,2.676994743755158,3.6773233477736214,3.484660083108692,3.903514981369775,3.6109169808976858,3.6743524289382834,5.941991417953793,8.093022096186926,7.388806611553256,9.614136428051225
8.629583916171715,7.936213981255741,7.697488980326504,6.957709428053581,6.96191179970648,7.891485925350898,5.355357508742603,3.0024101334434214,4.90835064003657,-0.8246261333115102,8.476012716119474,-1.3358424858470446,5.020717892160381,8.228580250060533,5.393601552059216,2.8969197469016983,1.7635149651370299,2.4587663142436793,6.514445144089532,3.7928151828403793,5.418387113965347,3.153789411325907,5.6051386724988355,3.2611649281317403,2.645939973161721,2.22462106175251,3.651531318127448,3.42369354419592,3.6710546236272754,5.2872747635723645,8.04894961477789,7.310514125426349,8.25543034445937,9.684281176857317
8.26472800990162,8.426053597377132,7.6746874280056545,6.952214345388317,6.914794999569865,3.377034318908883,0.44587415041526623,-1.2976539377481466,-1.6298251898338132,3.500203932139594,3.7385642483311554,8.99161653938851,4.718548021281239,6.459663573008528,5.5288526315906505,-0.9654334399457121,0.5141508007110237,5.802038313725444,2.3707212324062814,4.279945169263028,4.332831843842859,5.072927589088727,0.25747315036779583,3.294704823599837,2.301648441435025,2.958128545084505,3.217529398078676,3.342218464015724,3.6523642047254996,4.042580993875067,6.507570819576856,8.328388685926459,9.02903026346025,10.178270060353045
8.820500547393317,7.509530425831181,7.273007715717563,6.379238480101767,4.235254584500141,1.8994113172045302,0.904994544059654,1.8171707138923048,1.049235655518039,5.4277302917221775,9.804250764288055,8.429327209587683,7.145204434347784,5.3571333136647175,1.3695452935849655,8.101303441784378,3.982262114950457,3.074589769757417,2.9947772329700437,0.9226162726612611,2.3604651419429916,4.479288219423133,3.445332774309377,2.8377461923315215,3.354782622940309,2.864012278014536,3.3590005950001784,3.42922529993177,4.137488190604089,6.316189738825354,5.636499141518112,8.093227178322664,9.290539988637716,10.045248301516532
7.8820389537620095,6.543679565877172,5.148652153103622,3.8743803374640455,3.45516740044622,5.133273565596544,9.475492718105693,-0.49250995721807894,4.824961791228875,9.306078233947341,8.338897464514302,9.585028911587324,3.4095767026302903,-0.23968547682595012,0.7956167492449727,2.44680897509765,2.357174611871848,2.4958084773568694,2.5989470768915868,2.9906317257040356,1.0745131557848935,5.138223706765792,4.2820945251271185,4.396157011343792,2.715842024042927,3.084981427543919,3.949903427158397,3.703373660524245,4.156263202462277,6.163232048766818,6.978896667852645,8.068076912363304,9.79120107277098,9.953211009938927
7.149754653317168,5.701716230640882,4.041498232100447,2.753275502478813,1.5044264964268785,2.8821238038375387,0.7619206258179033,8.625847511057707,2.11053193769451,5.14665476575058,-0.1018525750484596,7.1255293141333755,8.550815357966009,2.551074658954648,0.5921645411206057,0.5121654094062015,-0.5508399138001304,3.128986418118031,2.169039125478464,1.1174405850124314,1.5550009115282684,1.4783186581385457,1.9315717476563494,3.447491378751037,2.7221070894774897,2.9381938706814377,2.398286118562452,3.071310496842311,3.3369247108325175,6.4886791501761305,7.38017900831745,8.411762863065892,9.619392242248951,10.002266431347435
4.662927801187592,3.862776863065597,3.2856529373079613,1.9174286864947219,0.09252796706713146,0.8467452686099908,3.3962265785992867,-0.5189052137477742,-0.06163817237333297,5.852932424618889,8.523815454235457,10.167264833984794,0.3514085439782712,3.6695616211302893,0.8312620749648972,1.383329287363074,6.014531769344028,0.8056704024170495,2.315577563412152,0.10473017026753745,4.549356774399206,2.9209534849898473,2.2460607620333577,2.539972327153898,2.4243632668895465,2.408475820299914,3.3377917090347613,3.4749954022124,3.2291439502833925,7.130812483597991,7.283429484832888,7.807502967241989,9.05886471854476,9.921036081372923
4.799476728869014,3.506936733525082,3.276477050413576,0.634334597333667,-1.1452398751683937,1.3937309895444645,5.955796838062907,3.732400114149937,0.9866792717002407,4.504226035503222,10.109286422312243,9.896008893825774,2.3142642792110926,-0.6512024382151536,0.11139077492749212,0.7509783227819631,-0.14112872087400793,0.3421005916894872,1.4856057153846234,1.5049635104214674,2.667830128395346,3.4431270847852384,2.2546025508509984,2.3144582459857777,3.063279274638183,2.2802413223350677,2.493752237801477,2.5825582020062896,3.2652009630771723,6.744672885657302,6.951505404438134,8.217017057201062,8.361326629187968,9.270052692617359
5.476941134151281,4.2367264518219425,3.823953072393917,0.9477320713612645,0.0649570546449483,0.5333507494246479,3.2601043178457125,0.5356325007073128,7.652244217268798,11.831931101393875,1.4034749601485077,-0.031400929626394854,-1.0630619379553647,3.7694326470375965,2.9824350059089397,5.262967809043314,-0.13019344919365144,2.1263074997014355,2.219386226390435,1.2510161882009874,1.604626274157097,1.2311700392831162,2.3395521724178323,2.2952656302459715,1.989820913810528,2.0760701100169494,2.4355362536356213,2.236144709250917,2.8021529462915917,5.730029203113609,6.370696939113281,7.369590885928487,7.782230631504782,8.827710035220845
5.261121615846881,4.801402076295747,4.474017272730273,2.2326535213402043,-1.2189710214635383,-0.38716923433888917,4.589769126017057,1.780709543698329,4.077453986194868,9.092696497294982,4.552302266600125,-0.12260790652306068,3.348474808549557,1.529588663868515,3.009424865148154,2.582648469382912,2.554297362177759,1.9571481988935322,-0.8249420597780729,1.503849125114765,1.3318027901652834,1.849044533735173,2.1488688901943434,1.9751284078406741,1.3949742538708552,2.094853520070479,1.9916564967142762,2.877454870048939,2.3019574658998994,2.648334349199602,4.152555003568568,7.7791885757914985,8.093353405601844,8.610576896281435
5.60755818319769,4.710766545246163,4.329987251241664,3.1152996724553934,0.00517854011435893,-0.2836724426925541,-1.165523711325677,8.722658878004788,6.8462448737189,7.194523100719719,5.061308519290987,6.863680044466072,-0.9052939203072471,11.232577101862411,2.633169498358883,1.7102726075281922,4.128709605112593,0.4003629116093933,1.1215227467642128,1.0271011697768215,0.9335877220155259,0.9546109149076497,1.9369204868637266,1.9719353220901803,1.9596977580324821,1.6844456352663972,2.461084504154177,2.212537896954123,2.1347640824289957,2.154729157944157,2.291750707708584,2.3599471939990933,6.479971706777337,4.730516392741719
5.08553082480702,4.158262606652902,3.6252098194312925,1.9382629683497175,-0.5612698071028263,-1.3201475166672065,-1.329784220011491,0.9150485325368942,4.157145645086397,6.352858980914526,2.0750658632391414,3.833664560217612,3.602332149106523,1.6736606268867311,0.6754817044403587,2.9028067396855377,-0.8569587528421646,0.9257999370098927,2.0951666937646967,1.2953376769347218,1.5276998390485548,0.8779511731856394,2.1698821729617794,1.8645254440413137,1.679731727341855,2.239640959907754,1.8230527700173096,2.0698203296965176,1.708961744339388,2.3705997767422002,2.417745070611708,2.0418584058380684,4.571851453772929,5.979690656430387
4.1390485412745495,3.589568893066287,3.308852541382925,1.4178150396761373,-0.18548917863403186,0.7434883871904125,-0.05506036498429058,0.4231202861897429,7.00735549028027,1.707246186161975,2.1050302693922816,4.077461342018964,-0.6945056625877486,1.120183678449162,2.732685235513594,1.7955237297137434,0.6214214473212205,0.921857175172347,1.7948123426864822,1.3125493078896084,2.141251816278422,0.9046757445994072,2.2892595758059944,1.6870623420187862,1.891634488344513,1.7446465050503417,1.7736204164840326,2.44491013111191,2.5772724614629317,2.7308957854687805,2.2111902393213367,2.3851900787957696,2.388180101874006,5.751616158914336
3.7242867856618784,2.825725590390204,3.420144389130691,1.0906860385360462,-0.41333583982243544,-0.874668788242255,-0.6731980515044831,1.5683538536603348,7.26778092545927,7.376478851234407,-0.7909657281258811,3.6015287094022623,4.169783068580614,3.246577367176766,2.245983029879619,2.107401606620874,1.008680816510944,1.8035256413771434,2.330744973071014,2.7543569231971126,2.3950967873825353,2.0698779449336886,2.0318143580345502,1.3459401057230522,2.6535000760373064,2.7841762136595203,3.2731611062367807,4.644499284891411,3.3648046180630327,3.1437325158759095,2.66586605013224,2.5842117345015607,4.355183709223056,5.8828926216893445
2.0573556788562586,2.829074481016398,3.1943100869975747,1.6286471007337118,0.5527417663196447,0.18121421375407254,0.5882575132287339,1.9713609508021932,4.297453894170443,-0.13579907776450856,1.840046033813323,-0.19334076009238432,4.289883331351017,1.805668494967308,1.1734292029840858,3.1835221472945356,1.5734192540843166,1.2149801647067238,1.9211610984163854,2.7945796070644646,2.529813649811842,3.985869392362089,3.620373587621787,2.0500269959104243,3.8659505004569072,3.3462677903757405,6.616702805780818,3.2213639082601198,2.7187176960569546,2.7575798819475685,3.2366493701509436,2.1828273930422775,3.846481926022785,6.3397357175245395
1.2695022524962896,2.24889510860392,3.2163647137869646,2.017125635588894,1.492876880049379,0.38671441618574814,-0.90973553808715,2.8582043458953152,6.009076010989306,2.225765824800496,3.7992567881423254,1.816405975417723,0.6191978523049254,1.6660604590872663,1.3640556808891657,6.942305789530358,5.695011522848585,1.4478991133283106,2.402948101107959,2.873881777483478,5.313874994468845,5.041120192871018,2.2095600284072607,2.5676772189024097,2.9624451214668555,3.478166593042553,3.3651718721031414,2.9785988268315005,2.623400842081155,3.506271444045268,3.2631270532346486,4.292499095449792,5.293288147527151,6.311554338944508
