script/wind10m.json
{"header": {"parameterCategory": 2, "parameterNumber": 3, "lo1": 6.000027932988019, "la1": 58.9999434238085, "dx": 0.5, "dy": 0.25, "nx": 22, "ny": 24, "refTime": "2024-05-10T23:00:00.000Z"}, "data":
[rows 0 to 23 of 24, columns 0 to 21 of 22]
0.24979548169445906,-1.532761789682607,-0.9608637293237278,-0.743239493592861,-0.4433617920808484,-0.7483516393659518,-1.2823903226827666,0.02391465756041412,0.41011357404026216,1.7171760542394316,0.036033141972747804,-0.02145428010167519,-0.5587554327104789,0.12483831158439747,0.8540410033932444,1.1816256313291496,1.013091200528306,0.4398936835089071,0.2261066785390011,0.04456282571559582,0.6429173713958274,0.8435397855274869
0.6559557467718675,0.5913365399791991,-1.2236747753376394,-0.46577135953380855,-0.8457497001144963,-0.9774980298672581,-1.4285337670323697,2.0062473276086936,2.426879907983152,0.7220285812291106,-0.7119605975195995,-0.1080835626346624,0.21124283588995935,0.08776699312901753,0.10806935399201482,0.8356094959283401,0.5136127302391873,0.060403450226585186,0.04090965312710302,0.86290296102562,1.0925150086069202,1.098563840518965
0.18713050587731747,-0.5964587814426474,-0.24096112256619132,-0.8179695386998423,-0.4634703278368683,-1.0627515001196135,0.8112775372910142,2.574374513992786,1.7579683149280185,-0.11366954380018214,-1.3238757848271714,-0.03138697041135121,-0.4422418425021972,-1.0387359564018697,0.9989040679064175,0.8347713357099908,0.5742788201618675,-0.4415471762267527,-0.47879110967090827,-0.6667653885612529,0.611118264108363,0.7444295303555746
-1.0547759693117182,-0.9411319250296902,-0.6530017866048118,-0.5060255409407597,-1.4138729482215797,1.8918236709309528,3.127475303643498,2.3013765484422954,1.0124890396345216,-0.8962917714510072,-2.1145410492209207,0.6118699877893996,0.35884426056286284,0.4727454537195486,-0.39495121871009786,0.3073057531384327,-0.32858068313630495,-0.6778187114265909,-1.006734887587103,1.065986991782784,0.9291753316837892,1.248437033688345
-0.3304518780976101,-2.3241014771625146,-1.1898169210755878,-0.07288771454673525,0.6218105630713414,1.9539995961879355,1.8784371120857535,0.8518337869450477,0.40591348238365393,-1.4514714439699539,-2.3983709825593578,-0.7725097574787574,-1.0907279415233844,0.2913565961057915,0.010643098966339559,-0.517966417674518,-0.9786644907390104,-0.5661876708972109,-0.8418277100822428,0.01655417157231668,1.3008082140720572,1.4224844831355432
-0.47950934613760804,-1.2732561249207297,-2.4729872367190286,-2.070438031952635,-0.7698928251692821,0.15122661452374686,0.1282658994050568,0.007121238943064035,-0.35925011685563174,-2.327280182099485,-3.25307973391152,-2.358544717763462,-1.4227892326549685,-0.9683556131210309,-1.1892233887659598,-0.7953631819476598,0.04802402706972369,0.19113536616516175,0.6988498037504464,1.3811134301259254,0.9264274583879545,1.6404625172512346
0.6909490446266529,-1.1119384496787943,-1.9344883059046896,-1.6895384099438118,-1.169283690450314,-0.9415331658701163,-0.8555815296082852,0.5434391258774145,-0.9347270263451208,-1.1193368123605467,-3.617435034633735,-3.5881122166888533,-1.1996133397743383,-1.0188552822822332,-0.3943412108222013,-0.2546641295749701,-0.19536033896293356,0.6577706636844507,0.9090949365287211,1.4448082511594502,1.2498450245274337,0.5478834131521454
-0.026207235061971212,-0.8449742459762009,-1.4540085160185692,-1.2718122094053668,-1.379480431747844,-1.6051882744707602,-0.5606918160736123,-1.3969726100438913,-1.5285210267045675,-1.5028877016414348,-1.724649034129085,-4.058363968106028,-1.1067356183406327,-0.18674869845424658,-0.30051933010999443,-0.7712779922061561,0.13263341914820884,0.49419771151668535,1.2848912395560368,1.3778707267442514,1.4057783791085758,2.0366226911787098
0.008422252293172167,-1.2784405258356617,-1.8594226528578395,-2.1769264116832763,-2.0098214795155456,-0.5372761036930381,-1.4991848709259075,0.26062793001780094,-1.521434949623623,-3.6645307128188573,-4.049716176615476,-3.142059717953968,0.42227527674636334,-0.16124956293158182,-0.3433669175594592,-0.3894418876457964,-0.22514608118730323,1.479177333360102,1.3543238866428047,1.2475020024631784,1.5587766012278614,2.365890384928383
0.578801915160222,-1.1804995914322876,-2.2390439213453255,-2.8237248595386144,-2.0392564038029004,-1.6519442605181331,-1.3314888907950124,-0.7443655128759429,-1.6223324574567526,-3.1962995127958305,-3.5492710220112147,-1.472653009247696,-0.8029332348639577,-0.8456327202410214,0.44028740062627536,0.855816818189206,0.8445561666079494,1.435693424138366,1.3736035148849792,1.083576443757363,1.1196781875181543,3.1532043515724553
-0.49901036623279316,-1.660866563906966,-2.0975630917662915,-2.8104585178161,-2.566074506570856,-1.0132172786145832,-0.8129224403564681,-2.221586529601618,-1.5973313736773689,-2.301801331396799,-2.5636815204503436,-2.771057898500331,0.7068063648636704,-0.08771682229645553,0.2572503509472661,0.1985192057163565,1.2082344017552817,0.8781054038385704,0.8859386231798263,0.624102976762355,0.839293486266748,2.3638655562488626
-0.4923460367830686,-1.5731664997924144,-2.887417952410262,-2.914248735185055,-3.709269703035531,-1.2196731924931914,-1.48012517171477,-2.3586976990093813,-2.235612312143932,-1.8808736688146792,-4.40418783631823,-3.777667608460061,-0.3398724128982686,0.5455145396100051,-0.284209853806481,-0.3911169705408319,0.8564210543534737,0.4842785160423593,0.19238454068768146,0.2668376354826337,1.3356769433417752,4.511642177908013
-0.892946244323522,-2.1793646083326577,-2.9662369998017706,-3.706148080193191,-4.889752756953983,-1.8503774399683173,-1.7325245175371617,-2.0942674356811946,-2.348861728292727,-3.560795403006041,-1.6162575073154328,-3.295287483617788,1.368969047973166,0.5672802869771529,0.10645347286637555,-0.8148281511559529,0.17916347333609753,-1.7911663527310067,0.9221201770194387,1.8073671305850714,2.7452937986607853,4.0943626152010815
-1.6905302872644978,-2.5341520836851448,-3.047811569450584,-4.721966643681848,-5.159969065246134,-1.867735821950884,-1.52509468130112,-1.4921101182743008,-1.5479944681617432,-1.8836815301654444,-1.5061823453613497,-0.5498617349756363,0.2565521368526964,0.7286876028612137,-0.3399853304836337,-1.4977746034574544,-0.6577542217325394,-2.5260463140556535,-0.43397970730709945,2.9045077772551737,3.386363666820129,2.913944806072448
-1.7680007511655067,-3.3205911986336147,-4.197507990636979,-5.154190516509711,-5.514096855029575,-1.775899290692482,-1.5469183220078273,-1.5978550061240542,-0.614070701920696,-1.06714479024082,-2.8430946374478285,0.1360662367934437,-0.44918389668020403,0.9799676441913463,-0.7117027551701423,-0.7152005196225434,0.1241827881003748,-3.301630544480612,3.444081913081746,3.90212329781531,2.872773217392692,2.675202964888007
-2.5055007136738285,-3.2145041201671543,-3.793079591774281,-5.008671544602269,-5.336640884007406,-3.4719254356128295,-1.5151681110563284,-1.460744732587597,-2.0193795728931634,-1.2301693634061037,-3.0609602160042164,-1.5598988446745399,-0.908593344127991,0.38342171168943734,-0.2319208433152553,0.32673396624051054,-0.31022600868086814,-1.8055235547325028,2.6957980840207116,1.806799868082176,2.603998969523398,1.358744362292168
-2.6365182682692514,-3.491988658357652,-4.311128968605157,-5.385051291252481,-5.301295195164211,-5.611741726559889,-1.3895675972265562,-1.704765992592189,-4.042440792663905,-2.24059830025226,-1.6041745525463273,-3.609990896247065,-0.9549995399475297,1.137789264134392,1.6461674310810568,1.04942330031668,0.6258622863823684,0.5992931637167397,-0.12480187434025712,1.8339623320406815,1.2932287855820894,1.9364493661460467
-2.7639387437421052,-3.6237515531514704,-4.404834248936442,-5.069581153707746,-4.8707308333593256,-4.17835822333471,-1.0146450695220113,-1.991743865387655,-3.6344124655222534,-4.001847287643557,-2.643306650716574,-2.043741634410888,-0.45148112802620316,1.7233176714288783,0.38924638805171446,1.419714424649442,1.7846058706474464,-0.09796465944706426,0.45062665086986725,2.1069809621561473,2.2586765936141098,1.090706016007336
-2.357458651697571,-3.087594334620215,-3.791755134454825,-4.26902700689303,-4.686893269659311,-4.823930775852474,-1.6803754646576219,-0.9435008093758305,-1.665045921465164,-3.388780722959085,-3.1387558440947654,-2.9443820013713435,-0.00806659396975697,0.48655202885170434,1.0509698690931866,0.5882572959736792,1.1753803231098505,0.8994298612450949,0.5941962071474075,0.2163195733598028,0.8300308235331284,0.07024106236709654
-3.04553331910814,-3.429411388311038,-3.9447386865499556,-4.364973037556481,-4.8180790237422215,-5.200726942764154,-0.9837161386829162,-1.224466521348748,-1.7268457975039997,-1.9262795917355169,-1.8910067647906568,-0.1930936556448518,-0.2315316845640168,1.116108674649086,0.4865920427383986,1.0618120610699529,0.9457777237739918,0.7672209215605509,0.8554751414650853,0.12202151899129184,0.1872356305631529,-0.1032474368901237
-3.170513932674185,-4.152651796693099,-4.53505176980287,-4.554618490833235,-4.859611699478766,-5.005032180119703,-2.186153858197541,-2.1884615272718357,-1.6515580617434864,-0.7979057434173323,-0.9820386881070832,-0.5818506733431952,-0.2677984315446118,0.7029619901617791,0.4606943996871436,1.522756263396453,1.047713878430933,1.1383213561471115,0.1561669663788708,-0.6166941278194885,-0.2050833407534926,-0.18362260953431472
-3.407804196700935,-4.0259875488701535,-4.4957985058644745,-4.283566954718769,-4.449307077143529,-4.696724684337877,-1.9637158622025848,-1.9811290899748262,-1.834144081437071,-0.9939696361606682,-0.6149372044472238,0.1897392283850772,0.32386804529867724,0.25858395564879294,-0.9453004879790616,0.26374198676617633,1.0646790607177048,0.36298111373138603,-0.5953414478032997,0.09722130100354706,0.43369830985569063,-0.6262824460275094
-2.888976469677305,-3.663029538822385,-4.353136474931809,-2.186969646393301,-2.662136135271317,-3.3621069595756357,-2.1720142811715952,-1.5212090037649013,-2.31839873917438,-2.1918527384281967,-0.5394881081084356,-0.8078899720045951,-1.324621162950135,-1.3024079850758832,-0.2834131397915753,1.2865969832098938,0.33947097990089975,0.48150226174557825,-0.4573247350434023,0.5347327988049436,0.3601553546187522,0.11714420772047265
-1.717517997149957,-2.066664499258566,-2.1692017713113008,-2.3833760925840006,-2.0390403242896986,-2.430385701053809,-1.8340049305594919,-2.1742338454518837,-1.250129363951682,-0.8206027628449154,-0.6618709229145967,-0.6710152259923203,-0.770734658750195,-0.8695279016729706,-0.7211953892244372,-0.5260880091040326,-0.7402057470921023,-0.5338465222887023,0.3418104739508851,0.5563883344331042,-0.7877806138273026,-0.5617548351028558
