script/wind10m.json
{"header": {"parameterCategory": 2, "parameterNumber": 2, "lo1": 3.000054539987559, "la1": 64.9999836372058, "dx": 0.5, "dy": 0.25, "nx": 34, "ny": 52, "refTime": "2025-11-29T17:00:00.000Z"}, "data":
[rows 0 to 23 of 52, columns 0 to 33 of 34]
10.246950964679556,10.574327065405502,11.538350002988986,8.978555563974911,9.963085544022217,9.92769619755285,10.142876881220667,9.42951928714078,8.462601830313258,8.542048537228741,8.396143128885932,9.78867489231047,9.46105593524975,8.84390923149675,4.6676434172936565,5.406544035714813,4.360541536740083,4.60801078784314,2.6669831759531353,2.7008111942813535,5.134684712257077,6.950082370058927,7.358176136809725,9.020192000449212,6.811743628731302,4.77274989146635,3.801512446118865,4.037932812517772,4.306880968371459,3.001496479352238,1.5591910446652704,0.04609551702348577,0.8452703713000621,1.8458264989268371
10.252432873851676,9.965647473661033,10.090887940001489,9.552722091519632,9.728148983841914,9.626579689805945,9.315274636499025,9.860273580038601,9.515097210985694,10.990434896700444,7.959776288051346,10.350011191072907,5.7415002239853505,5.359318361684492,9.996083844207133,4.458401340360649,4.344760095760604,3.166548563656064,3.1420421512787615,6.839861000951988,3.2111442973641995,4.558183203605679,3.4546919882141425,11.269475292584572,4.689099285630844,5.411580850670636,5.039335127632632,5.664710654274538,4.03243846839174,5.1552734992101765,3.2121455523376308,1.4917405858061832,0.5206953571318694,1.6580190795660787
9.290921823003963,9.164808256996617,8.957376781643843,9.018709084605815,9.565735684754225,9.361218551737165,9.221031129334838,9.243166598677714,9.356915497653066,6.827221771340393,7.913088230584547,10.046210855756735,8.299272279081643,5.353508494687273,6.952987206902237,8.822971421962633,3.3520909898466216,2.35553440432886,3.3581257078726265,2.829600043628982,6.92068686317789,5.099094133184105,5.029650891255139,8.830403380803945,5.303844884827409,3.0135766680667757,2.7754432537173472,3.9852063777155986,3.9792152898380255,4.4267769358350755,4.607862569133422,2.779717463257518,1.1465737056017364,1.2433956834974664
8.465182489204086,8.455567916680542,8.431002570710088,8.661083700588451,8.937404767357819,8.98591447023094,9.1965505991203,9.696224091783762,6.640945956886822,6.878484604419089,7.939864842665422,9.28853777694829,10.30748368044414,7.383815367761371,7.874778449909573,5.634195125152542,5.008224493862114,4.62765179451061,4.562008078837851,1.9995134383969158,6.1631457682994135,6.98511363180599,7.939207987635532,4.164763597849206,3.949693363759307,2.592788087946778,4.090271410921241,3.3178797747512316,3.9599180376183214,3.6302394530083646,3.751517696274135,3.0156435919208873,1.7861191235360263,1.2858249195811056
7.7869294565811975,7.834741680591508,8.192841674597641,7.902201816296476,8.00097666442648,7.769104690066945,8.09684724544916,7.695323178711908,8.178512820174461,9.249890803837912,8.183819379017802,8.105621819802238,9.165129174612987,9.37400741422825,5.190832680402533,3.6604388308958233,5.54334943413902,3.6051574012203846,4.137669492976056,7.6760370473751465,4.392887621781456,11.878464688224446,4.398166036131677,4.573665651123458,4.017844309768711,1.4944161003151675,2.753852592295257,2.4450872060602213,4.594040790737429,4.215720350732867,3.4368984491997066,2.4395950983620653,2.238825151560932,0.9017563804031848
7.05316111374255,6.876716735491214,7.146748524967905,7.463622355272515,7.871591417699883,6.688754728853794,6.774110543607007,8.517490581443976,7.687363987895441,7.841277651855931,8.402352286378935,7.9296604959569175,8.583406388244647,6.261458069817657,3.558364035919149,3.526542805973538,3.925800340345262,2.4111769772811713,7.0907118380738465,4.053506805197549,3.074928384769243,4.641079771639773,5.062541493327256,2.3099756632714485,3.796725345494409,2.9429117450677063,3.9503010860990484,3.387515946284473,2.574579912209184,3.7453714304206165,2.8936355564927374,1.2268259528686671,1.6903478775501013,0.4827615708628585
6.454619316111214,5.8931237032312875,6.300698593261038,6.271266572661565,5.539354940017683,7.881108202706683,6.573210235270576,7.042251830318081,6.788445440184014,7.21653796573046,7.229866505257235,5.476845819678309,2.252946215440886,6.211812567021584,2.431047459290637,9.967782666989148,3.6618299555595617,2.4382061269757376,6.688395659411404,6.304922524328835,4.48601476821605,3.987833242259875,3.456612723785009,0.8624884721679529,3.628859644943415,2.399022663717224,3.634485474211206,3.4804828365042466,2.3304809382816116,3.8113100168822696,2.9145111697136326,2.37710340972783,1.2114830242642696,2.2963953430296047
5.503319536898481,4.8241872964365315,5.602661413060916,5.0000426565180245,4.650045172557394,4.989262443500339,5.14537806083368,6.221555695667267,6.069524873913327,6.807587948365592,5.614033198117741,2.396546561640788,0.027158436060941274,6.471913944108433,2.57343687570748,2.0515476148906857,5.254924748161239,4.149535965125146,7.5093433501703695,5.295994202195144,5.098841509016882,4.3678086337842625,3.997714858094976,3.868405533830097,1.943071079777398,2.0865272488297326,2.4184788001463366,4.378849263045734,2.9964488512705456,2.960869939704765,3.4040306936466025,1.1119031115239146,2.1799296152656717,8.355956235569398
4.613451384460408,4.797966771756224,3.119267449346462,4.917836812378065,5.134035472726379,4.7890997466478185,6.347085166838687,5.302266522554446,2.7501597527067405,1.341904196704157,2.5566786509108548,0.9348616637260463,2.9946315369000422,4.973425229555163,4.26723566458478,1.3652329206055038,5.283132587899949,8.618316118000871,4.095092806742986,5.548767352950031,8.90723037887949,4.433136194539076,3.9325834804382054,1.26625783583494,2.9006145346397187,2.201885843919794,3.207361335738634,2.9542110787555225,3.9608919690109254,3.894555892397997,2.8598834050701702,3.1135481342995472,8.554912141699473,9.486339976802975
3.849520671098491,3.391545652770454,4.9281365942517485,3.0940286664876115,4.481286463881763,5.532431654769996,4.7403026088539235,5.092546736082112,-0.34930620776504334,0.5857457671282073,1.9024083028470087,0.6262814196235085,8.572480565657777,4.791412990286381,-0.4819616673195238,6.852485106418466,6.090887564900183,5.039632538945223,4.325338621883161,4.630865168706757,5.805150756545945,4.822022578632827,3.4830477185140096,2.657087393907916,2.825669944883363,2.3673657733050315,3.465411238405534,3.5205180306726334,3.207141979546429,2.0349641671508896,3.0902081114098396,8.803166178768649,9.429764863938113,9.006454493148933
3.6184574775246285,1.2351863578884252,3.932161166016585,3.5575302506325204,5.8920656209434386,3.2707526738319266,3.745908658263609,-0.15502859364059374,5.85714108781395,-0.40338588906172296,9.044947998271095,3.743027031098464,4.5602750005366595,9.96754578631634,7.567243157058982,4.1081694749131605,4.260386678258229,4.3584834690741685,4.815533998660006,3.068223300775164,3.0912378347485765,1.4013303291966577,7.134091105330508,2.0803023599328907,2.3754343833839755,2.1905010467915558,3.544428232018415,2.5229410589084083,3.2801966417894337,2.9751938430791003,8.000767915516958,9.300563814027111,9.946987788812391,8.79788939628448
2.719155555682692,3.4723664729203274,2.1936761949451156,2.5876637512966405,0.08840421870281835,2.9776681392870588,-1.8517502619578323,-2.291759118485029,-2.028363763376291,4.595649301026506,3.00643375380376,6.176783492768765,5.326641856686142,6.004757300042928,6.396490813036424,2.4559238459514723,2.7297499235619784,5.632701955664877,2.953671293395463,4.669441336784168,3.4567461422085795,2.8811870054736737,2.120909545279337,3.7398417784345583,1.4956894240494951,2.0595053244520174,3.200967352350862,3.2329548712908176,3.366854221406616,3.398995449189532,8.252003211578925,9.201419253171792,9.139443181696109,9.802552850245275
1.659839500436372,3.7913982087246625,1.7371965898388748,1.8151751576131676,2.3770008881558997,2.415581825479165,0.5560476573463823,1.416932198740208,1.7195717534557309,5.908528026873977,5.355224640134505,6.222852664112197,5.472353021521099,6.468033164823666,5.177890048986105,8.104059199049344,5.605212757770572,4.042264941027767,4.621080625581867,0.2635276843243602,2.548995315180486,3.8143828883457385,4.530499990197677,3.425350093871815,4.058034952273522,1.8004606607476088,0.9764302916489833,2.93868572123547,3.6745365168642086,5.417158142982239,8.041624082803631,8.850085000503665,9.388680738699067,9.544187781587308
2.3148508551225255,1.5566295132469883,1.4349621111547677,1.5548617776916789,-2.386063737334565,3.176627796189066,2.319772702718964,-0.04412538616868231,-1.0632315180982803,3.3756581304201925,3.3797089118793346,5.292739342599374,1.9859078162642854,0.27404379818770686,1.5834721286957802,3.747194672438047,4.304211377366247,2.018137916814956,2.8245609426112877,2.9630633803429816,0.9069456915139283,3.1480214963509616,4.645228055618111,4.280936742538114,2.864382179085311,3.4321305139631275,4.341232473353841,4.16203571010665,3.2984909881663493,6.526518669252098,7.91219500175541,8.375345450163422,9.017529626345532,9.948035407345696
1.1513293396876143,0.6318222674300908,0.978229825131099,1.2928586180103636,-0.46066693827067934,-0.10293753464469055,-0.8325609108216899,2.6211456022960458,-0.7505460843249393,2.2548136896860833,-0.9523985094823615,7.003061032612159,9.78768998120858,2.100764989197726,2.261238612204157,1.923172350984393,1.1817890276326555,2.029831134759313,1.574515557149669,0.5460753241478227,2.712244370039646,1.94231865559702,2.2610824926831,4.441661881535346,3.024813514164897,2.9601848614372357,3.139265534306347,3.4174043396189626,2.4255814556556525,6.734727659079727,7.116754609798268,7.511125598974669,8.499514381427792,9.900915957759967
-0.28846903282534336,0.21106372048468325,0.006004492953675899,-3.762264563625688,0.03429124607368209,-0.7439065957118277,0.4341482436570586,0.8352790051722353,-0.7527735683929491,1.7040072346209212,5.286525969638123,9.233334490729314,1.1398615900160867,4.85771806531111,1.475496323773755,1.3838750571220815,7.465828224207351,-1.3642352140262832,1.9961723614221836,2.0867688708995753,4.39669495440839,2.9678362677888015,0.3982673721031426,3.795635178260292,1.990178201344466,2.7076985854340236,4.558806093939446,4.1612721305091815,3.0481428283342975,5.621443367252587,6.175214412349936,6.602603997401576,8.326938416478983,8.869269925199575
-3.1319743657948758,-1.1467350801897855,-0.7756470792808458,-0.889770876220946,-1.8783001412139584,-1.8168072484602513,3.431025234514757,1.9558275012257573,-2.073134078417682,1.5488448005777222,5.930401035921957,12.79069229895535,2.1339376432117914,2.2958488067023892,-0.2163189570084488,-0.1832008183708217,0.7894121045580618,-0.37773363662674436,3.9571916855637577,1.6286353369922497,3.908489849138301,4.494335029984591,2.2679078232904626,2.9388189886416085,2.8003182673912006,2.6980795479661155,3.3722049162757495,3.48945343340524,2.72069058513051,5.959674287179314,6.313148947626601,6.748062077421229,7.626805659431697,8.456288997238538
-1.174207789233926,-1.0267121378056734,-1.8242120074744854,-1.1651495608452995,-1.5455994057355287,-0.22544580711436737,1.4893147840310965,-0.4386232532000987,6.17040633720624,6.802655877089784,6.916209382146327,-0.6597152088834873,-0.3981781192534367,2.730871554989284,1.7842776036402466,3.1023773540324746,4.0487180275739885,1.85636866159739,1.877604443514835,2.1673052683995895,2.1835145977323314,1.6739340131729277,2.5720535621238914,3.6097857657161154,3.3086596839814106,2.5962154886832,3.0101461054737477,2.370917544385451,2.7512970285228477,5.55541738364232,5.943938475069707,6.033581007239803,5.961839569322316,7.667392700655356
-0.8773768565140726,-2.350122220270576,0.5702165954453268,0.41033013722335426,0.5653894347480142,-1.2992933199158196,3.727299117866512,2.203265687609901,1.601117326361293,7.5267763162593715,3.840369858582386,2.389441409050509,3.1420851691034675,-0.3538665291001771,0.764081577786015,0.45515021601033223,0.6196984527575568,1.559037641108985,-0.3217494248216649,2.5814700995022632,1.865203194025743,2.768820774522304,2.8056249839513616,3.005814080652309,3.4616268517400774,3.457026465674463,2.4618622245877124,3.0595311863802417,2.272113459762101,1.8052117336214453,3.848121708743715,6.3831650190705265,5.796309484653509,6.016265173546673
-2.8751029413273885,-2.0026641149288387,-2.7830055928227337,-1.18410349306046,-0.5894551009286243,-1.1738966395644082,0.6967765776426831,5.063750479898733,4.251375472018158,3.7522695331559754,5.023822171365709,8.983364233779254,-0.607871717255479,7.477790830680685,-0.23625390586237588,2.6850762780785993,0.5451608592308324,0.47713154938101743,2.3420717353052147,1.9336856392671666,1.57058282786973,1.7875662379199186,3.266548303995285,3.321120729735487,4.026251965179634,3.1319847528660203,2.4002261969591765,2.0770714651702824,1.5389059166247974,1.8979994295272025,2.9548095895647446,2.485325127918925,4.185381837871391,2.6792986300598756
-4.98341984060184,-2.7907021381917287,-2.633594697146492,-1.5693592287717495,1.1399814194889122,-1.9224883344724155,-1.109060991198535,1.244803684039,1.7712811872042535,2.6358558219828785,3.2006755410005048,6.053315825244181,2.716438534195815,0.06032747450911639,1.6835037834293578,2.1800588273191974,2.1888647561476624,1.772909049979429,2.1318040632295667,1.7094146033077375,2.0818035708029963,1.0940705356384357,2.817429620267358,3.3929133986283766,3.515330063737152,3.8055094883746214,3.150511067860038,2.6785182317651812,2.119378224426235,3.9998149241868592,3.7513812180899495,2.15383541413876,5.101911091336451,5.80618158976421
-5.045291539693911,-3.109516965915055,-1.3836777562954112,0.5956925625108942,0.9971643953544644,-0.6800936079582266,-1.7196718697643274,-0.5093318265482453,3.53946242744507,0.3341981238189065,5.374932405015633,7.179398064598988,0.2938016722074201,2.7503767034087314,1.4626225422519599,2.487666310725657,1.2652365708405402,1.1242782606370183,2.1186770696544635,1.3134890311110154,2.306291233925307,0.7708645838937669,2.7907483870566154,3.45345621390744,3.8475572532819386,3.145042272610812,2.8101342588973814,3.0194156600797997,4.046793824653292,3.8817554489800297,1.8187747483444738,2.9699290515461065,2.89372879620762,7.463111424100021
-2.974879578330714,-0.9145384309537484,1.1248773049988394,1.2430030903941032,2.241948328554317,-2.2403041960732537,-1.3499742967669783,-0.32263582323502754,4.288227291262701,1.7854813502982916,-0.11771696545336797,1.2629106128372831,2.348553861094281,1.595389716380645,0.3817386908569986,5.00551433647435,1.8471965493202414,1.6525426206803748,1.7960502466336037,2.8311192000266665,1.863035406503415,0.8937804637547668,2.1840212570880704,2.828028359645652,3.8889364113987126,2.696600760822345,3.227760024242833,3.8492604159128803,3.158281803446774,1.0459001485533816,2.339894987497558,3.8076435582380483,6.0550667315578695,9.764081523097264
1.663741615310646,1.6540422507806842,1.9956480076845886,1.8693442443284611,1.6548241705826632,-0.8912649628871334,-0.13272161378372013,-0.9469727885373455,1.390985926664996,-0.39430527206258137,1.4391071774099657,-1.2065093620894134,1.2236472273885777,2.1400020586184847,1.7298968734959355,3.943091116583492,2.43633861635933,1.9324723174626686,1.597345418116995,2.4637401828457537,1.690854902857116,4.335102559781654,4.599851003562426,2.568634721635525,5.379972582768693,3.1711999211395416,3.5345254274001965,3.0597058902835568,2.548581573854738,1.6092574388388254,2.7746768385432947,2.388679445116601,8.301830827848999,9.958243957597476
