script/wind150m.json
{"header": {"parameterCategory": 2, "parameterNumber": 3, "lo1": 3.000054539987559, "la1": 64.9999836372058, "dx": 0.5, "dy": 0.25, "nx": 34, "ny": 52, "refTime": "2026-01-30T05:00:00.000Z"}, "data":
[rows 0 to 24 of 52, columns 0 to 33 of 34]
3.697453103494218,3.108267694635269,3.305245543878124,2.9277616998554974,2.9618620582241455,2.2716867011073685,2.1298437173347695,2.1455852193904192,2.363574782842603,2.906296828109734,3.297541531225165,4.081800930523582,5.163370803412908,6.845730618213166,7.725723864552406,6.9545806299033,6.166118593581771,7.120616325351868,9.083295930756421,18.186467604822944,8.95539091894941,1.2596949595902753,4.073808524710283,9.587691413158872,6.835506185671669,-0.4915470681694087,5.725941421655062,6.154659649096028,4.524992211747282,4.9638174660624985,4.56534454915734,3.1038536052492525,3.1292052683287035,0.9561920818925165
3.9115878155976604,3.6069251325998404,3.1445665645745544,2.4743369272546585,2.2571273853564193,2.386568429890442,1.9407318167044838,2.005315367990919,2.214507710999001,2.790197120486668,3.7632280376378615,3.0674873740515065,4.346350738004322,5.337392586518288,6.784340414010523,7.547239813910706,6.7553810495827085,4.082229547410547,16.970908787987934,3.7363119230324835,10.0018683070955,5.779072651883291,3.790894621894187,8.01063811851681,1.1204323650823913,3.6638423938910964,3.2342591208263602,5.315600334895311,6.57712276927313,7.122324114815253,4.7002707431827,4.451061168937439,2.8913393348992105,3.591325516781975
3.226565595835917,3.405019707852425,3.209080978775081,3.230719852214224,2.2917684950109223,1.6498117414537046,1.986623272133176,2.0056239978007313,1.7809067366297031,2.339720859976019,3.365345322299419,4.4905676156574685,5.3397196464976915,4.846848362980365,6.185473760897141,5.423419444916487,10.350944315739138,5.721625737030481,-3.862866522017009,4.296144903952472,1.245409605742969,5.230691592553291,4.78571139661685,8.845121728997112,7.337272448049925,4.184200957743683,5.39054968000759,6.311223274009476,6.290961228419098,7.86025861058732,8.716315141414942,7.1695595778226515,3.2973492555028714,3.8137665971896095
3.656848309504795,3.2593546158163935,3.009407028504508,2.287236245326602,2.4689172875331518,2.2228059378119167,1.9385748952447786,1.3220863311421123,1.2207956774990338,1.299239477331508,1.8429066150897342,3.6030316305141312,5.888771004837522,6.32451396508227,3.1841148098638756,13.025766686273919,4.853792186168772,9.22317980058599,11.20490920698296,5.763291096354511,14.980840824410437,9.732742776103754,12.263188805445685,6.500183640411862,5.07274120719947,6.027829743325173,5.5809133489041525,5.498750473044191,6.66652990844536,6.4005721039418795,5.230604908960958,7.382408756548652,6.024084281579936,4.7449338892592605
3.6633080538754066,3.271148477412993,2.9727570573352544,2.627413887525196,2.435985045303961,2.0189500070655724,1.3512132876053513,1.5372811043898131,1.58339002886714,1.8559568910086781,2.8242952372992254,4.193496201720225,7.464183942756725,7.747938513884778,9.270671997795166,15.084210501148918,6.1832192441088605,2.2396613506521765,1.971079612477946,7.633199065919131,17.342492318805515,10.955311218658432,5.170179225485217,6.621000416944157,7.4067485131211255,8.134398650659662,7.107251660003677,7.321827224579321,6.04723706763125,5.846141905804626,4.85093748527444,7.4253424505185315,4.5458587247031454,4.276244314730044
3.307785035890053,3.474260734403966,3.298223801611543,2.5218070590658312,2.163215561545838,2.063722861481224,1.7318723362989472,1.7794688380927985,1.986346705815771,2.0229935042747376,1.598428818181646,2.685539310738237,5.520456024258661,9.38756438289403,2.6174255755664344,3.0400812968374997,-3.044587296915808,1.3818706023685092,11.00142948766424,9.027243981795941,3.8640331965434447,5.6302378503804835,8.42422953671191,5.31617594643906,7.86945685567932,7.5423620355219825,7.108187221586096,6.28662519497191,4.572245806396056,5.88435475700102,5.334845267143684,3.653127764373048,3.810690195489307,3.6654135754812964
3.1004285610963582,2.029354214317629,1.876293331483572,2.5284631427453594,2.3485419609748086,2.194136089755837,1.979844197028795,2.3504622662595764,2.2508620831108073,1.8204761012412978,1.799114520723003,3.2146158036234738,4.083375405011534,6.877608307196239,4.458032318110754,3.536626273858719,4.111825367648428,10.121668973211671,12.556052754148771,5.500943258821309,1.692155984943094,4.518613720214007,7.785090662407072,10.264725514295515,11.773485245068416,10.003840881845234,9.475505494825473,5.5408247279127565,5.8131578215887885,5.992066682559499,2.388464990776831,2.2116161547389335,2.388350990495329,0.6707752657938623
4.208919672997566,4.503256914201148,4.565696702571031,2.133852574194108,1.845604662809153,2.5513552670710755,1.5786212407665359,2.356481338416258,1.8925153151093363,2.5533298699370253,3.365709021456676,4.272264762047567,1.7018245085939427,2.9169670857638628,6.923578065546148,8.145488277928186,4.233357884886585,14.042947742575398,19.54532905958242,0.9364279899232673,8.109300220249526,7.520384253521443,9.654791515975182,9.702831052050042,9.355315695086736,7.829848841701967,7.396239495425564,6.994702892434476,2.607399977221826,2.7723848709033874,3.556056558956325,-0.6702107981908925,-0.5730066767451136,3.9555898587531773
5.423508426254589,4.276881411067081,4.04211316062198,3.6148970611159275,2.8999234020341063,2.572678487980663,2.025019527023865,1.3123189296202642,3.4773467497772197,1.1351501065760818,3.783248753111555,-0.3489153788307399,-0.005821007156743263,-0.40535827893236587,10.280652193010221,2.782112588169082,13.770387350300815,21.501353124660923,11.418219097670633,15.27244648526717,19.59451244427705,15.993469116756286,11.863324751788172,9.784469940732855,11.421145573453217,9.98675729554476,7.897567424796914,5.695297546342571,4.892526945636042,3.4283653714070637,2.0025661605189,1.075526944488657,3.594830805741487,3.1728305905774574
5.965995553535518,4.949945954157185,4.754944782727774,4.177272271437107,3.186230895056215,1.4836990759312627,1.5174477302066616,1.018689446193925,1.5745070680204136,-0.680068887954219,0.19539389137820434,10.842226474625862,2.64810704303417,6.519574314253915,16.056601204805133,19.79985941908548,10.71834419023444,14.3222836277007,4.70385279036794,7.280599095920364,11.59500627989375,6.309127322120601,5.784187359383924,12.014884820978493,9.06567090828185,10.503416490725181,9.279384540205704,6.185110544617665,5.125150517543441,2.62297696934812,0.9517286844236039,-1.0452715053953834,0.6094453306367739,2.891961452063088
5.815433752529169,5.395967158974237,5.429591793117299,4.7970260330777,3.757852082821786,2.184533939876015,1.940540632135231,0.08643245979626366,-0.3308514538231925,-3.8550951695603572,5.307377957171175,14.80571701260854,-1.6782301518653653,7.870656764081293,13.799723667045,11.370463548106267,10.757197278737074,7.4146052161393206,9.425461829020337,8.396624079700516,9.475063322712908,4.428528651880759,11.165504887537217,6.979748961994401,10.80761382666855,3.7898621325361703,0.9411536273934304,6.908651829134147,2.7548924452598427,0.9370724170966351,-0.5378326959998244,-0.4716293376784599,-0.6204095963465746,2.677128862117638
5.732385340213861,5.013829577646157,5.262702622884591,4.731101420581414,3.8324035648468087,1.6287284713731442,-1.7464576251873698,-0.8182834401034561,-2.130387651150438,8.81029959882223,2.204330315942924,6.299200187626295,7.448443151988241,4.141089677216733,4.777914909517924,8.852614155926942,15.453066831289878,15.362920687784413,13.565136608406712,12.544343355443056,13.176328784099843,8.218976083167536,4.8536841188188005,12.518311944025085,8.118001131708551,5.940681744003806,7.517770459785161,7.401537592935681,3.2673073570078386,0.8628959455899766,0.4449571972570573,-0.3282801640407642,2.6279710880282066,2.5729066726587213
5.666243030087014,4.433104597119217,4.749030109139763,4.48726287762444,0.7749688112087539,-0.9555410175944713,-1.041173496706086,-0.6806039366541373,7.146036736452989,2.242917995442177,3.2382698574433313,7.361649557457123,13.40528121945319,14.507380661794178,12.328249982894556,19.21524907926927,10.926511379275292,4.024205927664848,6.838917870400149,6.0077422443158826,10.606691855384936,10.384311622816911,10.086906888771662,9.10834406687394,9.900256341553673,6.4156859951782454,4.492890846853867,5.448104212868265,1.2429512135322838,0.3357684923981287,-0.5419606406499345,2.645726250603699,2.2552105638929083,2.567393952260231
5.422879828852585,4.8283786927684025,4.6049179992557905,4.306833174742492,0.4257061895086781,3.9371527557560433,1.3050156221585885,-0.9853945972897871,11.263114419318939,4.047565386543616,7.210439170949947,3.272916813570789,4.437438566726123,4.296146408480091,6.5244190226626575,2.9260248816167467,11.05490051197028,5.984396963246459,10.476986732028678,8.821984981145372,3.1781195328030973,9.894327801449833,9.316202473428358,9.884220824143277,7.315254082222707,7.842657399582054,4.229349140175781,2.441471281994007,0.24406541803589793,2.974339266820893,1.954606022606836,2.45925505519013,2.460515480700484,2.7744154519973625
5.371353377632175,4.655409686030068,3.9422997426419295,2.847719730897977,0.09883154717982334,3.3115569681642665,-0.9228976920694272,12.126362606509458,1.1642754458386584,-1.0840400872300966,2.2194743731236537,-0.06996155362489978,8.028036868592162,10.151929159622034,9.327724360549759,8.248728528049789,6.6380625904091035,7.384178661431634,6.946405420342676,5.948579941056719,5.430723380658516,6.133427453749132,6.939622044641215,6.189774878824271,4.778131017544441,6.282632246753549,3.4821717803707366,3.652144170355848,2.9492730891739143,4.228310053167209,3.414875463676893,2.856078344375451,2.9667327430967,3.5745162428548056
6.61545498168034,4.710955573980172,3.3429493066923786,2.6862539682697206,0.814812942103701,1.8139783924814918,3.9897836502831123,6.2994224657341436,-2.44107916359785,-3.3286315864020457,5.556965247907292,8.274135008226182,1.820703276962179,6.077831258473736,0.7314459866685136,6.179932474514785,7.573871219781677,3.2356032119743743,4.660794724155258,3.837916269577827,9.015022119028762,4.867806894870401,1.1056262385167719,3.2066370303741807,2.356435306126644,3.452285834313828,4.32153189431295,1.2017131195244628,3.8654489814931488,3.9690969175683213,3.578590336391335,3.36608473463406,3.2646661160947454,3.4851204592405955
6.751887733855872,4.955639741062558,3.061497798795517,2.6099342288731404,1.3087393928319158,5.6348225623241,7.744243133824701,7.676977595148801,2.3848968907388137,14.568257478369453,11.029989724496632,5.165864747827423,2.1368816593425786,0.11054805153447039,-1.290043394081079,-1.3595252231863273,4.0526140674358215,-0.45354689594772635,2.634556470793662,1.677059076190347,4.389759555586232,4.2181470317722365,3.9072614445156426,1.6988349960649918,2.7348153621755786,3.232988475312238,4.987403249122959,5.253346705289849,4.318043618224386,4.010113020220769,3.7902564864261987,3.7794391615788623,3.686988737184901,3.909297363864687
7.678796784418017,5.998518913653723,2.237779165265743,0.6358233601883376,2.936746964995348,2.4645747332347607,7.616417480588888,1.5799575509776658,12.021442884960663,8.862259462259095,0.3978218948774939,1.0363615801685473,1.1529482458622464,1.648276566940278,0.7114259286057415,-0.29508378816416647,0.4404275972187181,-0.8376953548014596,4.211295138456767,4.330533951497898,5.372268417615817,0.5409867998547015,1.7003364466089894,2.4090243082576106,2.079391646658137,2.0906222473349834,2.440851203977384,4.331075262759897,3.3345674224119097,3.4272875212352094,4.006985137996513,4.138872749750948,3.6851711816663615,3.9264402491590804
7.645848369924986,6.037304471875891,3.282488884185181,-0.5807390209876425,0.3203647988611149,-0.46862907083682986,2.1668409913496682,1.977297284340557,4.045375057511368,0.22625522066740952,-1.965992643500121,0.9490818003411935,2.006885631711018,3.1565886602439583,-2.773801110621674,-0.2867220047955911,-1.15115218728339,0.6718184394233235,-2.912578807414059,0.17298966276794794,0.09369866518996842,1.524817404789561,0.45202560344272363,1.6861142555916584,1.2038818936352744,1.261755432058829,5.319060285736561,1.9762933931736044,3.3545945780502096,2.8231393286856603,3.129686926921271,4.05404177971355,4.016896423270465,3.5387319188750603
8.659910165936065,7.094919123178743,4.689406378469641,0.8241683762277238,-0.16506185896487086,-2.5475825010655515,-5.929553116221034,5.664860567093294,11.023181670946352,3.4717821937420985,1.7820461989521272,2.609036375638756,1.060308047885035,0.5035871620799809,-6.058314222737468,1.633618282836409,-3.0492070040860155,-2.0853380075454315,-3.538478284207757,-0.4760358232950957,-1.4449828552689075,0.24832049449542862,2.0648637031221337,1.592612056186457,0.2556232296220754,2.2658333184116293,0.9303952662018057,3.3626424536364765,3.1969670901844363,2.153419341133206,1.8788213399795068,2.069048571617425,3.23742101488052,2.7915483961078698
11.283323797195626,8.557585457260332,6.020775018459618,2.9823115412447128,0.05028792440304499,-2.0702922875672463,-2.940472035861591,-1.5129245655417407,7.741894383535682,2.2807588743280296,3.424059901951761,0.1002831208118536,-2.5443565494188385,-3.8256846983008725,-2.887487319522357,-3.402309730330571,-6.518576011021971,-1.4411319908854663,-1.49762640078656,-0.7847113694604322,-1.3598911252516759,-1.8893975500723432,2.2271004433036574,0.4742059495844157,1.3500115759511648,3.4478860411003147,0.3901149360624648,2.8115650602777933,4.322709630910691,3.935890226713033,4.0725757344531495,4.778495834810584,5.104994275219756,2.643789592334984
12.220583957839517,12.789064788868146,4.824890896314928,6.387675658137159,1.3965142465672178,-2.942233961959014,-2.2991667134578515,0.5233261609748177,4.606072591355064,0.736100498815356,-1.753473137135274,0.7693192186376894,-3.766352633092348,-5.497502070376515,-0.3366846380261904,-4.753314032644458,-4.662422243138469,-2.299296978807736,-2.4910748497201487,-0.9061136252865574,-1.8882079270150207,0.6757994289302663,0.452101123825099,0.6594088421724494,1.1264044797099229,0.40211996770329095,2.742332555941108,3.6130135119822,3.195533597560247,4.278747257924731,3.80415146362862,4.375470631749055,4.757158572912733,4.333770762309874
11.712533671820495,12.481044790435977,9.261785076391648,5.138729264874629,4.094651488750433,0.8747474372778671,1.67126897515108,-6.301684594983661,1.569289445500612,3.504138952971831,-2.172872494507517,-0.24787709596633353,-6.47461213771436,-6.017326689793622,-6.5535736402887474,-6.0043726440917,-5.051744290156728,-1.7247872870224834,-1.6814189981127192,-1.5210638164819918,-1.3902121436771968,-1.366279672604442,-0.6263129724087262,0.1741192249577111,-0.9978539424522961,-0.9172977698582627,1.2238163351948845,2.801870415035543,3.3133648197390086,4.419374443373662,4.075729956479544,3.3563533881832943,4.808884608355244,4.399808777600893
10.964316007470053,10.605354654413611,10.250122207218013,9.048872441706413,3.182152335080922,1.5407310774169543,-0.17297756830129918,7.666004292453279,-1.1602321394955775,-2.321606416917274,-6.106585932692895,-1.8240364772419615,-4.2262826728474785,-6.276515854994499,-7.461040697612824,-6.932635242195303,-4.203931948104975,-1.492211099359732,-1.1797289084337517,-1.3974466864507555,-1.7826517761276675,-2.180365416495829,-0.6803078084451608,0.34798960260218864,-3.206457094484975,-1.3873917586534465,0.0326326236263879,1.8196291333986419,2.708690369959742,4.000356625805686,4.66511366143823,4.5931796585632165,4.782083413434344,4.153585996483371
10.748485003354235,10.267581954283912,10.087447299696567,9.007536491208853,4.366383928768248,1.963857018705687,1.9018381689602804,16.389631046515284,-0.028174029139016562,-3.1029106465674383,-5.113882357878502,-5.1702054525552255,-6.595196926590699,-6.277897913203271,-9.251193589368002,-4.386099272904686,-3.804521574001503,-0.6975783159857397,-1.2592211175753198,-2.1264613279033218,-0.8750772608689774,-0.501154357555703,-0.3345595229484949,-1.8149198763488317,-1.06974754673859,-0.12289241874724582,-0.3246525452413897,1.3137855586983023,2.130503780353412,2.236229140013565,3.1249799539721876,5.118802691532663,5.0072220648644805,4.34070934827699
