script/wind50m.json
{"header": {"parameterCategory": 2, "parameterNumber": 3, "lo1": 3.000054539987559, "la1": 64.9999836372058, "dx": 0.5, "dy": 0.25, "nx": 34, "ny": 52, "refTime": "2026-01-08T20:00:00.000Z"}, "data":
[rows 25 to 49 of 52, columns 0 to 33 of 34]
6.221069695180852,6.25536545510929,9.204905201297747,9.70145566180871,9.08239178441071,5.422512853536954,5.0368039804160745,1.0255633093181882,2.995220937526029,-0.8647449955129555,0.35246965362155636,-2.137423744187453,-4.4432755863377285,-6.85713962962093,-0.80393092659522,11.063414067454787,8.310241922518207,3.7756350698443786,3.636840651450452,4.136104740728713,4.50738200549175,3.9799006753052844,3.3594036894247927,4.736512130491485,3.8154706006143537,4.391400117595616,3.1443873398247812,2.6350231015145997,5.485334976871573,7.889697886200924,8.26344422505579,7.089953603481957,6.178216206972093,5.340915734166333
6.181839528925807,6.453999374814589,9.053130670123345,11.002022649869188,10.512739759491273,6.905092431996043,2.203368377029537,1.185376343922824,0.012928539013991174,-2.116092236663097,-2.6992385422171323,-3.243366443246882,-6.609628560968074,6.1410405753215915,8.576929563779917,13.06797428154105,9.355960900068323,3.7559538296750903,3.74238031362418,4.265737100404613,3.6836322899640273,3.0507850655398063,3.526700977991744,7.2510078093717185,2.1266736539917575,4.56242378425429,1.727909868537768,2.594776109240075,7.553868545628744,8.206985996290976,7.516582780892732,6.744722947157006,5.397688123528875,4.530333250326306
6.5391269443819695,6.525520650461782,11.538505076451427,12.903516733265285,10.665744176589458,7.193475674781141,3.4068266688568567,-1.325999308415523,-0.06030904288120844,-2.2089027285944782,-2.7201141198220653,-8.597926854359558,5.635095574207705,7.265040438495479,6.916025969851709,10.029018159595635,9.039986486465867,5.244791761324054,4.719077415805598,2.577476062941814,2.5015545677532,2.9494821106725317,4.0378760711686255,6.1492154358832956,1.7897391776653366,4.126584194296362,4.315032236695703,2.46540114668979,6.626688070708712,7.855220529067819,6.878375566679168,5.600294139325089,4.63652536198722,3.7373531955790527
6.448446251446802,7.615724562669282,13.106962206707522,12.204473744547178,11.56759649766017,8.83999954231152,4.078164612529154,0.8476386965662999,-1.5712357539735293,-3.1256656074203253,-7.442691126746821,4.483031828839079,6.064297291528103,6.836386517849579,7.195572281511919,9.951080804457659,9.296155573933913,5.428677085080508,3.8666791615523817,2.7350163167012322,3.795757495487368,4.829962089356733,4.886718195664135,4.42968749911444,4.133200394075264,2.960429258765509,4.775658606055551,0.5648001947955814,6.798872214007608,6.827112981091032,6.161568275253697,4.280814143977791,3.5057037932377115,2.682747147344
6.454477950180704,11.762494470495291,12.453758290975498,11.629301989701853,9.907355410362381,8.185198104323547,6.210846966007599,4.623461746879399,4.8424027211541665,5.294869915606046,4.369057639626203,5.146703494408724,6.678122502617858,6.498160801632726,7.504126729094505,8.078509065287376,8.864791130322011,6.266709281442667,2.3793129116201492,3.6482134355639135,5.275264872295489,5.1153913641327335,4.478990176984763,4.531722443174525,5.217660050914031,2.959639160237844,2.413034843983417,2.5800893155586624,6.271294859430821,6.382306408212561,5.262082613486093,1.948741155073929,2.96710993717303,2.310760092639596
6.282869889856031,10.109565581103174,10.923024513493505,9.916426553297356,8.510283495064268,7.420293074253194,6.202402883561223,5.499980970479872,5.741843487957101,5.5817468929689165,5.814461338804704,5.683430054633948,6.236662469736912,5.456430032450425,4.821860325324446,8.607314552349008,8.842230015457567,8.32445138044915,1.9919237464045982,4.10286615995572,4.295298736205375,3.9541917126918364,4.533845739821533,4.753751931159917,3.378837466847803,2.4549833844249,1.4659553742971994,3.3830662817861947,5.396650715995099,4.7552861312908625,2.4397116193945556,1.9576179653315398,2.331400693580837,1.4199753567620064
6.899706667978076,9.965879239069604,9.991537268842029,8.40548484852545,8.17503765390243,7.344205879371686,6.1359291454478555,5.9576520013144485,5.788449433872503,6.572524645920812,6.162296721138313,6.068179793100795,4.354370427568063,3.681354806873335,5.482345648471038,7.355598541381275,6.952344916796579,9.18379670047459,6.146060265881873,3.7308658985085246,3.4861473168797703,2.5992461004250855,4.176244838066869,3.8055044817340935,3.5073504806037166,1.703163928380624,3.7149446543687525,5.288728654459006,3.275087812357336,4.406498250617354,2.117070585893453,1.5188569967390309,1.2693025456535123,0.7281930204267555
6.942177119531006,9.659826015895883,9.650528769184783,8.434480782199053,8.028929363841362,6.750441954433602,6.442412381862677,5.878416042572455,6.164549938640536,6.007731095763929,5.555357490298559,2.535241383477791,3.814400145474288,4.362387359924983,4.418079559042604,8.71575566952252,9.155628729620847,9.107762224596994,9.118046234324124,3.052730501243415,3.454603887188776,2.642818388884081,3.1935750423829403,2.7657991603195287,2.4942123965512795,1.7375461023319572,2.3156588527152264,3.819569481058677,3.8538880364178354,3.8015768883367036,2.324832609680967,2.2007055475475314,0.7063115688172352,0.27787108948284084
6.210581558072782,9.844531862047848,8.55519443682164,7.905284617270785,7.198804501337869,6.757868990325557,6.094277663304142,6.269261169475128,5.89719569373525,5.799981222938999,5.485574988850794,4.4577237142665345,4.136472309194489,3.0467470905547738,4.185435525296709,9.063509952098178,9.233787647795177,8.536945153548329,8.736435057720179,7.418455169733394,2.7907421549802516,2.6950234897150054,2.541561312909844,2.393220848875198,2.267321713063847,1.4888843325663668,1.3776707228015217,1.8281993072166371,3.262495258970032,3.029278228067805,2.4037269950778994,1.5281343916362027,0.4114917871815426,-0.3499442646654668
5.987705540975968,8.576625838439226,8.022317519367848,6.775048572147088,6.969275889025863,6.489470330170196,5.895175731409565,5.754575911636964,5.722808271589678,5.509310151010536,2.9134382906243026,2.9525095697107737,4.185788288687713,4.17655782628961,4.052755869374464,5.256280263647684,9.051691051669685,9.659623691069699,9.038761153884767,5.379997928357063,2.8023828531853634,2.6673753900033645,1.9775690494010407,1.4359915256152613,2.399305640888375,1.1395495700335325,1.2736776603394409,2.6022259265885683,2.4886087829250485,2.1963261814257633,1.8473481537356533,0.794342122356331,-0.2871597025673021,-0.7013681108390937
5.819762027093951,7.594879718932328,6.5159106127085,6.148184091537559,6.221317889554721,6.654158811308904,6.579353111886218,6.081738702114816,5.93629306521295,4.838100799666617,3.298642214526289,2.856960538261704,3.40668241098945,3.973984275041797,5.583531146833392,6.106454400637162,8.515057843764634,6.76167118232168,7.081541941635381,3.341720482288829,2.787334668146017,2.62337315151994,2.255884348738672,3.136894347403446,1.578607202195987,0.9636841302840042,3.167571747045052,2.6068187835044614,2.1713974039713397,1.6732342985716904,1.027563526400122,0.3121026125062129,-0.5260035911060916,-1.3025949640094545
5.826906101476069,7.261239076661843,5.481321673494158,4.865910031090805,5.5566058010079935,6.330736996732937,6.435965526418398,6.632273597142717,5.670879852748182,4.5634484895277,3.414826901678701,2.7031872970533186,2.929105510545165,3.581823281708149,4.025965081395588,7.836250460423765,8.891190220199316,5.495732524657597,2.8580137666750303,3.7290735672386863,3.1158535594380963,2.362658817610695,2.4094432027945567,6.348281370389711,5.46100319624332,5.103887892997535,3.9996812944236164,2.0837415176076237,1.8656988409620154,1.3668338270713243,0.6328781318142737,-0.003919015403427269,-1.2757554178939083,-2.028132186317008
4.419281204688607,6.0912392116226926,5.21110905736372,4.695833547655837,5.559425752902565,5.991277711792515,5.967496493787227,6.100401139448931,6.763055983336442,5.035645926761849,3.0181291278147517,1.9053786471518175,2.620714987112253,2.6451975254465308,4.683899576741037,6.570876156572579,4.713141708454697,5.16982146569203,2.099532271600028,3.739128579168286,1.0688633368609757,3.338901692868388,3.646936255003704,6.531883163969701,5.810566273479139,5.422695295354577,3.5662703443030574,2.0875778090924846,1.6221527937883085,1.206451745098097,0.13810307691527324,-0.4710220020019692,-1.9076169175284317,-2.138298131794518
3.083726342339691,4.344681046444524,3.47328953449897,6.991075622981154,5.087345550492864,5.238947368282935,5.278823698742735,5.892399565842509,6.130305611813797,6.115317579817059,4.505389195213228,2.3334710061011403,1.5206477832663052,1.5800968549105145,2.0475304094454785,5.014367042146389,6.506136213148081,3.925341901437929,4.591446702622263,7.724222571857896,4.498197290161487,4.559859534094133,3.8069178778271375,6.757096593111599,6.170566877299464,5.708339065027875,3.8892500263479466,1.9957920485236251,1.3507950039466319,0.9081489542861769,0.11945554883613343,-0.9014322021170215,-2.4843014092863256,-2.917127880814674
2.395221257167528,3.527291804526116,3.936443741600023,5.049089950533603,4.862141858947845,4.983502986985072,5.191889388049294,4.884084268299405,5.833435101635015,4.624034184939426,4.556481865153361,3.655993392426618,3.306248105835985,1.770464814424514,2.1924904252277386,3.473625383163614,6.1515048580042855,3.718623099689317,6.535298890261644,8.039471331958156,7.437354937315823,7.126055107718439,7.170093470057157,5.358854438113559,6.357213816235731,5.761101279196076,5.025356665498749,2.3433218511659586,1.0908100143141677,0.4915498909239706,0.1323191127680685,-0.9326180523734249,-2.493953891559695,-3.0059771517693594
2.838606051645007,2.251389569901375,4.127070708899283,4.393357038911092,5.131260719196271,4.935799566868151,5.0347770768427615,5.356504779570912,5.5501901104640945,5.60332092625633,4.288502967747474,3.026450224895573,2.210665747871993,3.7610878802582537,5.030636744970302,2.125170657657277,4.428677264021154,5.313116809388958,5.575747503921679,7.130179798371811,7.7702240530563635,7.1936470756790545,7.471750488433596,6.827905720924895,4.25853118103549,5.057881180158318,5.259359432014349,3.312493247667923,2.540512656437884,0.5904123255957742,-0.10196907153929727,-0.926656546666076,-2.2189106422345724,-2.8270518704169234
3.920083077820003,3.9501517816218596,4.103762074284878,4.622023975570834,5.661199179561346,5.702744407067115,6.988886885207053,6.02284782569051,5.117979983733509,5.054509153089334,4.399300566435995,3.254262051767646,2.324812365777667,3.683362258985052,6.742462323012358,5.763248392903377,5.850122375440772,3.2939266128970766,6.146863760345671,8.393597614615588,8.042803699499176,7.525023633366049,7.304884470059786,7.083647646598526,5.921799360513128,4.163544498436273,4.4920434224357075,4.872110895973144,3.639240185622797,2.0430033226236164,0.13957489785008567,-0.4405943093746687,-1.7122894495597178,-1.5875042296565405
3.305029080743698,2.943508949562318,3.2798321689016197,5.262781475076598,5.13002827995382,7.926826354288323,7.887203620510755,6.8845911950373155,6.354959918089014,5.463356834025845,4.123474830332723,3.175379507589954,2.2736730494808968,2.263070860730008,4.201487787488389,6.741138257348294,4.663886627111907,6.605470362950851,6.648108648186458,6.702091222034752,7.43201494560884,5.859896338094186,7.1748805010947905,7.185882913690759,6.499796634040268,4.461721069930657,3.6720267135773055,3.356496157458765,2.8395598403417917,0.33089372954727586,-1.3697012374020345,-1.4773331055974306,-2.1614375516666247,-2.8038337304629364
4.769578162121788,4.074489990683883,5.0760907475982835,5.8130840820109535,5.848420261231724,8.502436617340466,7.568544503935813,6.448142886983982,5.772635491731856,5.282834514080754,4.6853685892105705,4.343246643368844,2.115518122415739,1.9542395073468357,3.5320095397560043,4.64955652722658,5.028015287280369,6.0023104502887,5.994179339376401,4.513613503422597,4.52691444532142,7.062885559293242,7.4116153037911126,7.4794825537266965,6.228001291816424,4.52806791915904,1.8786163311816448,1.996624550270624,2.6054977437658517,1.0389093816416228,-1.576946217116837,-1.34217924687981,-0.22652185349339402,-3.029270255687284
5.059535250293058,5.598579489029153,6.8458568955541965,6.917458512811513,8.110671461033526,7.64219634864891,6.3055102866496515,7.270869520336338,5.994232466037899,6.67670538013404,6.70197973701195,5.059184554519335,1.728096758570936,2.2585723482509485,2.6714868121136854,3.725818310106388,6.201404946262668,4.636037992011986,3.0632394870418795,3.7541897018846404,4.041581198988611,4.44758218226164,4.889572971317361,4.807250682238181,3.235973079922322,2.381771501458499,2.8647006676913964,2.9069368792584234,1.5050306187935878,0.033291043598721565,-1.5378568653964473,-2.8856888605270172,-2.7055140277452288,-4.186346334240612
5.472996183446917,5.931215512973783,6.267894826422936,6.869577075719013,7.437332677288061,7.225742419290899,6.738277368241638,6.677221845990826,6.532494665432295,6.274791502641368,6.431148717839467,3.6878307582322267,2.271098246055297,2.780649238052883,2.498393289641958,3.640707714002856,4.8014680064511985,3.184866401667704,3.065954115808873,3.5128639161822766,4.7465272252410475,3.741609418401243,4.45170285889321,5.317686167164187,2.3655571468964265,2.924932629609091,2.5402441221493253,1.847319318728311,-0.09667197002891938,-0.8171800167000701,-2.5780963392712084,-4.079218818423425,-4.13215453278733,-4.13235545723593
6.94391752773291,6.949739310266526,6.8749545109560275,7.113996742613302,6.498813403767875,5.629681789462713,5.885066086348346,6.2777052291211835,4.379919315342092,3.133834052812485,4.040156215318572,4.641885151319239,3.349341697585189,3.090839862445762,2.4871267608261793,2.932887990705102,3.3689691381774343,3.658560935298893,4.184284945431136,4.001110950218528,3.6238242385485733,5.295531853508727,3.5402317824651313,4.021390526187934,3.7863828884683355,3.474223736683812,1.826203662666566,1.5739327123525828,-0.14590897320534885,-1.755122447372813,-3.167542959902057,-4.355863802814775,-5.6547552868613025,-3.680294556745632
7.570512384732158,7.980272689306074,7.190475345026645,6.905495840091518,7.40158589587311,4.646356941846584,3.807241258054137,3.6043468050272414,4.835285384203095,3.0909957427363257,3.406471071295402,3.7561998964423067,3.6031203288608205,3.140959663267189,2.8807414712535615,2.7018848198170877,2.1770820352581195,2.887981135001893,3.4307565042939276,3.489880874737551,2.942769892563383,2.8230706093974334,3.500123061905955,2.564041629362313,3.6197629166062772,1.0907642263320885,0.9143031955632434,1.9977335869361186,-0.7489295018826273,-2.0834152757636417,-3.1187686885878465,-5.067473430531469,-5.705598719457373,-3.8067790057960527
7.333973985229841,8.134521489738784,8.130790748417486,7.400277716350187,7.508488949895566,3.7846720184058054,3.168279930432787,3.49566131399635,4.028752776028199,5.016222903390968,4.362928074390518,3.6008486777666486,3.827092278150795,4.999302066782517,3.8681046330758693,2.3029208871123417,2.2901622902521477,2.092273269459865,3.826600325450163,3.245789281876818,2.2069645714914694,2.2225187157003075,3.8553429973799744,2.849930769740005,3.6320382714656767,1.9959331057483112,1.1179640760373206,0.21831321552145297,0.33329916649007163,-1.2822588367930676,-2.5366114313480477,-2.4492435750289365,-5.615772183512659,-4.612931873991098
6.522998034560428,6.962914759974332,6.640922912887714,5.149344469860555,4.4240187976335,5.005339209362353,2.987556912418754,3.3457627224433564,3.5578822856014307,2.2921298865054434,3.338807506410083,4.54048544729629,4.50211911515629,3.427832966990545,4.13511835159513,2.923075901275423,2.5314518181181365,3.134621606631564,2.2022907017581552,2.331413220186096,3.4382158698551266,3.0449744534256737,2.902217059798901,2.7814356892090673,3.5064008449504933,1.1268584973660734,1.839628587336938,0.3106763512935722,-0.24774150907218717,-1.6434163189192448,-3.7920944583789886,-4.7114427612626715,-3.5241419894946255,-5.203715549127872
