script/wind100m.json
{"header": {"parameterCategory": 2, "parameterNumber": 2, "lo1": 6.000198445256149, "la1": 58.999992894266676, "dx": 0.5, "dy": 0.25, "nx": 22, "ny": 24, "refTime": "2024-03-26T22:00:00.000Z"}, "data":
[rows 0 to 23 of 24, columns 0 to 21 of 22]
-9.358731003276144,-6.535025563477775,-7.443728162540762,-7.353388763897455,-8.048231116984622,-8.154651365668075,-10.290871627949487,-5.318912087189387,-7.056906080416362,-7.695451456443954,-6.651845560869379,-12.53903842586352,-4.005872104504722,-11.706222004345197,-6.579828429784979,-5.41607947632198,-7.7469217299438675,-10.940686339608838,-6.129551687642385,-6.00391308993532,-10.340638937294326,-6.635699757510278
-9.159773909590353,-8.960377858255347,-4.101859934988934,-8.228280053141399,-7.236675328343555,-7.163397804136016,-8.966027327443,-7.2463580316052365,-11.055403022449307,-11.201273057827294,-6.577329718364749,-6.965518564884726,-9.48926115267297,-10.457428444568102,-9.028046876585934,-9.467845765128134,-6.2381427097475814,-6.445819131633413,-10.40135581230684,-5.4012424237429855,-11.223322049596522,-7.4590102835108665
-3.732245026421121,-7.39463461615211,-9.719804678772597,-7.350382943816973,-8.838551675453289,-12.08977269240289,-7.123865066567987,-5.390188237323708,-7.3558225980505005,-6.452703827601144,-8.059188984545328,-8.818939679864075,-10.037491995907827,-7.187863550337161,-7.3962096417338286,-5.881023838903558,-7.450143855114923,-5.88665004234245,-7.029914744261755,-8.3351801218005,-9.88296961685075,-13.111504931618898
-9.771834770934932,-8.432338381702566,-11.150893663555726,-7.484639879054903,-5.290936181693964,-9.814415888484357,-8.114105110216586,-9.705479199621573,-11.63264449143231,-11.076132681356194,-11.10925796605801,-6.654089682472371,-7.446228754862247,-8.332538361528572,-8.213669628462728,-5.376147646652321,-6.423771988213279,-6.231860634024544,-8.454773167678393,-6.306096772607894,-8.200344266139588,-7.006457394989327
-7.05218015823117,-7.87202442457502,-6.259631002332138,-6.320533517844774,-11.058117251015668,-10.637893654234908,-12.811782502971008,-7.342495223807654,-6.819759766714369,-11.872094570135365,-7.862662809812308,-9.077175677467151,-8.856061619611683,-8.592924903324228,-11.846772367959893,-11.357449909241746,-4.863097108340494,-8.329743063013204,-8.316773162413938,-5.437669548879637,-10.271568499371506,-7.963613188938882
-8.495027808676845,-8.130298428549825,-10.198711512407636,-10.290645255001106,-10.262403607364876,-8.475252179391846,-6.648337473393595,-8.342091033479878,-5.557585181667715,-11.888176873959894,-6.722285627563229,-6.311297547795383,-9.568204351061373,-6.974758941740176,-13.570875922709444,-8.479045302377731,-9.565267256576238,-11.554471675517549,-10.55525638947982,-11.65365136194803,-6.573586820973342,-7.614885423421317
-6.409010419858905,-7.88901015658077,-7.804706470775875,-10.985190079938176,-10.735071253861255,-7.0521912749578695,-8.619541754135646,-7.8493790304112725,-8.552001455799711,-6.306874440253997,-12.789129670423769,-6.709525927589587,-5.709963781357096,-7.177427316319306,-12.614937163823813,-11.242181351542598,-5.966257857465164,-6.175944951370105,-11.323417773370412,-12.177896443981389,-11.717566763574203,-9.362118860545877
-8.370990409305653,-6.669205140263718,-6.518650194849582,-7.5626507943632495,-5.9543500736418755,-5.1379561711394395,-7.389734839899639,-6.753380956884244,-10.735402695854779,-6.072215122204041,-7.367222736825119,-6.005963985304335,-5.9399435193178505,-11.886051314589881,-9.467750576406452,-5.769089145220822,-7.645101191014246,-7.90868823375726,-7.642434461562257,-7.24617780575009,-9.720220784475483,-7.639852894919588
-8.41498143006292,-5.484101728241934,-8.613895082199054,-9.592089687978424,-4.884705841792156,-7.172843380336221,-6.061566277625831,-3.384925718803419,-5.915009433756078,-8.001458833274455,-10.673190694650847,-3.8698618760284753,-8.801142624271794,-8.841931434405728,-12.126283409069424,-6.542936042193919,-10.49887077980483,-7.511449259071642,-10.768526085568457,-11.150988548718875,-5.184444345315934,-6.599583017755504
-5.334588726462894,-8.010616216767934,-7.472273262305494,-9.244511648466927,-8.921659962248127,-11.483369412297444,-6.22821183929059,-9.23088108127604,-7.845502522361535,-8.99696924728943,-8.161302003965385,-8.665220460410715,-5.526819322474115,-10.765180144357764,-11.380676897340638,-10.478783166959587,-10.428486225723425,-5.457861029587627,-5.3851284327616185,-11.964464583208162,-10.333875978040894,-6.0215115007430615
-11.149261115841439,-7.134340433475778,-9.059735591659805,-11.958127373556337,-5.503041694559407,-7.601983982845707,-7.379223005182346,-8.118702353347048,-5.588433203118546,-11.16473880463546,-6.000494065187359,-6.965964923305558,-5.799422076205293,-6.8816147112095445,-4.619007715172616,-7.6470780233131075,-9.651805627245285,-7.811963464558884,-6.453019178003532,-7.395657286758807,-11.82526358077895,-9.14209361830563
-6.163112632434382,-8.473611516443187,-8.483455565800655,-9.319014850383612,-7.257921626759758,-12.19520346464188,-6.201439087189852,-10.120715038656627,-8.568576559860281,-8.82425496630981,-3.5784233257166327,-6.041132544565501,-7.173062601277868,-8.028531774267707,-6.057815204381716,-6.008927609400669,-9.43664158493307,-9.990077842705077,-8.389235527898993,-7.601096991784144,-9.653034392647047,-7.149231886148946
-8.959847523928016,-7.584286580659012,-8.368611333406532,-7.117762338330963,-7.747710739910231,-10.191855554180485,-6.6793536703320395,-6.1264900484306875,-11.62703985418698,-7.7363643151519605,-6.581691530571207,-8.7548567535919,-6.0363076952605486,-7.2721048373603585,-6.670572674592369,-7.306849459791284,-12.838630031586343,-11.833959007838313,-12.457952305851743,-12.243287273052653,-8.825816359041488,-9.183552290105217
-5.981564787998766,-8.143914888950341,-12.243605533878764,-6.393218134159935,-6.308767759269617,-7.286142045399373,-7.998094085374623,-9.085687253243016,-7.885597664330738,-12.343320112635842,-6.426193639609841,-6.4535692916094884,-10.283410178022292,-7.656085668379801,-9.231363542094702,-11.055305123432834,-11.139222014434813,-10.921391264053668,-6.47757550789454,-7.968791115389976,-7.094504330052747,-6.415115163298239
-4.609476030958805,-6.522240447251245,-7.958169046170264,-6.669122217276215,-5.513077386228074,-9.985551449631917,-5.362068147008722,-7.145120751507928,-6.385862048052253,-9.453137536129129,-4.025814265022016,-11.91375607144357,-8.455417510081686,-9.698200834754944,-8.524703042217421,-11.186135039601405,-8.312564741639148,-8.62334922431722,-7.482514661500999,-2.955577795060902,-3.9924273981429077,-9.583742227589479
-5.594002475468577,-10.040937429219886,-8.957039870403106,-6.616008431669077,-11.604728157104033,-7.093935233749971,-5.7429244579521646,-4.883961645248645,-6.443223105622156,-6.461160873298232,-8.755601231114962,-7.996642271012168,-5.69156633554319,-11.168594308566552,-7.329233842986573,-9.835431809306892,-7.130056329927609,-9.84051371277519,-9.77894286258683,-6.972460385137298,-10.416554420306472,-8.625170251859451
-6.775812457020038,-7.387545516981177,-6.483719184101814,-8.95717096054501,-11.543640227980697,-8.346015659645966,-5.963203572779947,-8.282153339093629,-8.041240429342798,-5.954343087791219,-5.163237460461133,-8.639034513138068,-7.188972612507404,-7.4891960222042755,-9.994840352655546,-8.733907430580867,-10.445469791437928,-7.548089181994659,-8.057383748288379,-6.370592986423232,-3.902340966003198,-8.92638820928114
-7.955480285389861,-7.757564643813251,-7.414834630184422,-7.688352114679217,-6.8075190065562845,-8.514572664977168,-6.316126789350013,-7.2730067748061575,-5.370393507258778,-6.09991804785763,-7.35933644789435,-7.56568408968291,-12.05406131455453,-10.76239564891589,-10.977145367482034,-11.634509329403333,-8.906778667150181,-6.30992989529336,-6.348247031462431,-9.683267482937275,-6.888580224897781,-13.116368866028608
-15.345505284206942,-9.430608082198749,-11.991430358098896,-8.108399922124793,-7.467528595626254,-7.977845575509351,-8.202763427995233,-9.32988952902661,-9.826525872180765,-8.621915343901927,-9.3002105159968,-10.113837977404094,-5.5387406860356005,-5.931834079212786,-6.498823403621085,-12.937682596235181,-5.620958310143113,-9.752845488656735,-5.53743426077422,-7.6655999075220445,-6.572898878709626,-7.250542271831424
-10.15466307125861,-9.833727074840706,-7.4093864236199485,-7.956028905957757,-8.96748136661257,-6.322131389134695,-7.546943622354999,-5.298184632552056,-9.29607385426426,-10.355669540377772,-10.786840826222896,-10.346286928568526,-4.454628360387029,-5.2828264758002055,-6.20129621537768,-13.229909774455443,-7.6272430306077315,-6.3417371057311875,-10.108207470674923,-5.322883529520353,-11.369813352549375,-12.049332238757948
-8.533862227875375,-9.748248156044557,-9.85339767841185,-5.936944486150834,-8.414885342613974,-8.504886067470924,-7.786721788602805,-6.2888577129091425,-6.111746130104277,-6.802285313079271,-7.644257417649281,-6.587582290939374,-6.962489637874554,-5.707005685067428,-8.892255548292818,-12.23111208663647,-7.083459896753441,-8.759158146971812,-8.084187693554595,-7.073282411682545,-7.739117252406143,-7.268382147300642
-5.934059238811773,-7.852039894107642,-9.494110237411446,-6.479486461797681,-5.923186104015285,-8.269956076883679,-11.238211860239488,-7.775317649775276,-7.208871891709602,-3.4966316151718444,-8.91572240256211,-10.593718661692836,-10.308472424539817,-6.259937292974902,-11.810688269449603,-6.783933766164964,-8.88063616927705,-4.2312166083167275,-6.738681708609539,-4.934956475663446,-6.393792787239593,-7.1302116851011785
-8.799024697185477,-7.521172901899259,-8.155048081927506,-8.934733131165618,-7.05144667824919,-6.51311135753656,-9.83071038175506,-5.969331777834381,-9.279610463522245,-6.327151753732993,-10.653805862434316,-10.031525972098667,-12.996715857427949,-8.010624664059755,-12.676153780246754,-6.522846686639891,-8.872180520554814,-7.8985442049276,-5.3121158765756995,-7.301683081080881,-5.878086534869535,-6.117718847824976
-11.30728669533436,-8.959816951153533,-8.448520854708416,-11.027633117111426,-4.4988800383285845,-8.965804759805577,-8.974504496512587,-13.41436344154553,-7.097324767896314,-8.287731757812715,-6.17051774857369,-5.825523552386125,-6.114701373506444,-9.585720390901567,-7.383995039407562,-9.295340076365568,-9.029130963468015,-10.627040297837844,-10.197624718040343,-11.178231280971987,-6.0845213525386335,-6.992207720665097
