script/wind100m.json
{"header": {"parameterCategory": 2, "parameterNumber": 2, "lo1": 6.000198445256149, "la1": 58.999992894266676, "dx": 0.5, "dy": 0.25, "nx": 22, "ny": 24, "refTime": "2024-04-17T21:00:00.000Z"}, "data":
[rows 0 to 23 of 24, columns 0 to 21 of 22]
-7.0814234928273265,-1.5738114838517474,-3.6033662455003754,-0.7224363718860768,0.38728948807318386,-1.2553932146791993,-1.4046400134443182,1.418974783100312,-2.8579232876052036,1.494376391082142,0.1710120964800979,-1.8639128899641952,-0.9610538570731401,-1.786153298688726,-7.106054531759934,2.818920149154778,1.5247544473563606,-1.1172773946940644,-3.470583314416218,-0.641581008611891,-1.3167909015182706,-0.8656138057070253
0.6021816638123418,-2.2249811891682723,4.229415462225377,-2.748529078337392,-0.5638883784166919,-1.7945624654330419,1.3191826291523063,-0.2715251457289443,-2.7241683483609167,0.051091664144176936,-0.22381215120492906,2.726481000503732,-1.826164333449708,-3.4206638551539883,-1.962864063635712,0.7927140362120721,-0.37824272666532366,-0.5555320039516672,9.04408255352818,-7.788767015932981,5.238369218933143,-0.677020766551745
-4.075440109800199,1.487487893051566,2.682516227262165,-1.1003565653615577,-3.821596382676499,-5.277375684062713,-4.841424261053443,3.3409156846372747,-2.6808857715360643,-2.744180614573342,0.6255528075084859,-7.831335190926757,-1.5923832364837982,-0.4799601656044428,-3.4886775741318248,-1.539329773988273,-0.2212777282895525,0.8733273452776819,3.07286694939408,0.32977875132387624,-3.7159955032774827,-2.210081935264464
-0.2738067724182617,-2.891881287396705,-1.643396332076548,-1.303993380918646,1.3338396592314952,3.411568137955957,-3.9108741031093177,5.153536595855191,3.6209138325704497,4.332743680093674,4.762850853696954,-2.2833437048110863,1.4582949760433075,2.149576411404718,-3.482773874373921,-0.35682144478847,-1.327220482475012,-1.3514729687352727,-0.9897683199152493,-4.153788157618709,-2.520139028208221,3.3113308887479205
3.2346182627070528,-5.286283756538694,2.6875563083327623,-1.672803131431786,0.27525659330151714,-1.772895264305379,0.4048256802354867,-3.5076018285708632,-0.13492851525874291,-2.5385841040088994,-2.561396359987591,1.4427067616448774,-0.2733914294266702,-4.9769771294028455,-1.924833452715522,0.5477638585315299,-0.6474813281818746,1.1009059760084958,-1.718482739858685,1.3400795216033274,0.20864970919316278,0.7088125231128846
1.2109644008277665,0.2972449524973737,1.9565816727306957,5.198200196778785,-0.9171066401266594,0.46630298997940145,-4.745628460335758,2.3877580981009516,-0.589719049269352,4.161825281359068,-5.209228157694755,3.2426781117179493,5.052779482837973,-2.0379196508267587,-1.7440832469682128,0.9241579270749961,1.3792056353045963,-2.9077266274144256,0.610356751592879,2.034094811936581,-0.7492991708309356,0.8168911209181512
0.8933642641329967,2.3768158304473643,-0.15212437051233815,-0.17149669176239957,-1.5962694917686917,-5.404644483885285,1.1528619228582058,0.3027625330211261,-3.8363918395555223,-2.069050940947679,1.129441261572412,-3.0739456924250548,-3.0642297893945836,-1.8692648090099455,2.7319035558740623,1.013309819571806,-6.633923792871205,-0.8563117706170252,-0.13074836367557205,-0.8007151731968214,6.30256582200188,-1.910932189298002
-0.011610017765304048,0.5279928376114296,-1.475901943504397,-0.0075949876303215685,-2.7001098648487183,-2.2232190795481457,1.4897686171237394,-1.746090498663527,2.094072237962889,2.656015767835258,0.014976418633237615,-1.5055728086100937,-2.743493071672318,0.025791528881385237,-0.8623446018067527,3.2834558722821616,2.3939819992627207,-4.652331599001998,2.8857463712201112,-4.358394412742281,1.8475634959891385,-1.95145997131629
-7.948079718906842,-4.361545168984671,-0.3302727923823933,0.7857387123423011,3.284442067281313,-1.1964840564874044,-4.24115738016943,-0.06378196079318507,-0.9408209890077094,-8.27899597779673,5.295408279035139,2.5707182306784686,0.873363365847515,-3.564918087731527,-2.0141448406309648,-0.9331636609391745,8.881467040613199,-2.0658150104847652,-1.7056612873109975,1.0513952996080158,-0.7085988019603476,0.012604866130348228
-7.262426941744833,0.6620285044646745,2.800001337379105,-0.8192140820920455,-4.911592987424938,-2.658165419374206,-1.8478324848828427,-1.1288903667587722,-4.974575865943334,1.6333557049016316,-3.0166495308797234,-6.630319735577526,-0.16920713443203325,-0.19085391728514417,-1.415441969802023,1.414925437198705,2.257702676600834,-8.090167867513456,0.14434608714298997,-1.6775061483384892,-0.24851916902576437,-1.3070467776181094
1.1984589018805416,-0.8842450725094094,-1.4661205151219368,-0.2015105032459581,1.850612158085918,-5.740494459631696,0.6275088403597817,-8.669138737613194,-2.9450965025948097,4.607081836683772,3.1770557191476034,-4.822563435484597,0.5552927168872354,2.794786638994303,-1.1996004147100177,0.44540006505813184,1.4698272988728898,-0.1545612491718665,-2.5456257406633505,-0.8870438340617989,-1.55812187964979,2.0854227831499004
-4.1125247058192,-0.8465595036013526,-1.4602984292299783,-1.264539079844887,0.5601162988417385,3.1661258265269687,0.718170126782882,-2.723812422904009,-0.5901671238339781,1.2597315559038984,-4.270255666875109,0.3879715390984078,0.05808860022070326,-6.988739479979731,-0.6636994570873896,1.8105635707760306,-1.9845599272746255,1.0392389137867732,-1.5008553686190274,3.2516915362009504,5.614356322764805,-2.152717791575862
-3.4947691174887847,2.3049278811424068,0.9098035621776893,-3.128646121133009,-0.4712002436140659,-0.5297244690527577,3.6810416270873576,-3.7754161726215063,-0.07447004065425114,-1.4275066421324893,-3.767296117894314,-6.794510859648671,-1.5714652190925096,-0.22054163377967087,0.5871588739161541,-1.2544265282520095,-2.17839885918199,-2.166042752012216,1.1792274316161633,1.2398864763278081,2.154166240679111,-0.6738888930753106
6.088303236234738,0.8783662779536,-1.1354275731586203,-0.21303675888147008,-1.5530066388253994,-0.4846294900414142,0.1865606578060671,-0.29620495132629054,1.8290664968946677,-1.6374900982335516,1.5704266170278804,-0.7273933606535955,-0.8677740255341431,-3.7567559743049257,2.364343046119065,-1.9447846809291678,-0.6623382380393924,-2.725739937139584,-0.07532453479167948,-3.1203377458131647,-0.6823164881774887,-1.4084815050134925
-0.6129937346155181,2.287651569338421,-0.41289788238427816,-4.971946348560126,-6.144483188007895,9.228294439522283,-3.2224565433022505,-4.282505601026673,-0.5935091844010598,2.4149095543673447,-4.760260421927955,-1.1177380782555708,0.41894023058036445,-1.0213511005810079,3.049706371433947,0.5265465666267485,-1.7517413412376288,-4.899326909910773,-0.5304154012022932,-1.0442805358173466,0.3464237251791598,0.8708415137212959
-2.2585721697222954,1.7083167899742018,-1.4841213697013478,-0.4570343704272229,2.1243431553146417,2.1637296412450606,2.5244465578500863,-2.1310234004797124,3.1409372960752973,-0.9623650854459267,1.0770189603592117,0.39783228402784515,-2.5760761124917977,0.8270274588868438,1.1648315627981087,2.3211987996296446,-1.3482130104007486,7.022161820799942,1.0973707246733855,0.825699297346103,-2.631606873636681,0.4671677540760859
-3.5592932947694176,0.565398998961577,-3.073787280756184,4.2995363321108,2.3145454047517617,-1.1321035454381945,-0.6404753000477232,-1.642420286267252,-0.103488354804918,-1.1480020813726106,-4.201529228771476,-6.70130308377466,-1.870259653361715,2.6323926691288575,-7.116803823390199,1.109287693462583,1.674877308216001,1.453606192883043,1.044007379549222,-4.105898796236321,-5.3294304012104465,0.7778329399573839
-7.72794119944054,-4.2425777621296055,-3.243345844115389,2.495624078661246,-1.3339407713313254,-7.627591496889826,-0.06554390956971322,0.9666320533137481,-8.057727317354525,1.5674233741747852,-2.34527108854449,-2.921720210259656,1.6467649380833875,0.5028847857125213,-8.472431978697063,2.1446158136826865,-3.4587892796412745,2.7070220359441186,-2.2967491827002684,1.8554450154167956,-0.9264322736915974,-0.7699247251609429
5.249547380941379,1.9853049611360662,3.8548688619907883,-0.7431947671838455,-2.306940663921441,1.4453031750623375,-2.2277822346626857,0.8687804662767524,0.4258874687514316,-1.88298623372379,-1.9602624985672161,0.6818942323172507,1.4376587628325304,-1.1356381169683998,-0.40405681755507894,-2.4154025891878073,2.290578243551389,-0.5094395251905118,-7.344258907314936,2.1547137879237064,-0.3765568372375134,-0.44266175445625927
-4.360556971067861,-2.952596805696505,-9.164260349631213,-0.5006716312275669,6.025926359603654,0.8430847267643035,-1.95895080003511,-4.427746535725422,6.600651674635476,0.48133325240209995,-0.2275270979809491,4.9682680773068,-1.3099065243183325,1.796164940606012,-3.3461561587821906,-1.4320709980450987,1.1007539904576218,-4.099307300504948,1.8618877876319488,-5.31517313142129,1.9708363872770946,0.3672549585358084
2.196475813255076,2.0093272513964755,-1.219774895092919,-3.1847720049146235,0.5862887575569592,-0.5508857836593526,-2.7219469004316728,-1.4621962714395862,-1.720906979519349,-3.8314707277452213,-3.2725951440246592,-1.23128140493016,-5.4560753589151005,-5.0063077727901355,0.07338781869436146,-1.405832779228749,2.713207520494521,2.026771277641116,-0.033984210901610135,1.031906253413633,-0.26720949785654685,2.575388306365498
-1.2439008721802265,1.1773337066025371,7.410174652789441,-1.2123157347415445,-1.9705912106981696,3.5815905076222836,0.5028263434889283,-0.5473595190145439,0.9238231536093706,0.666894866629467,-2.418840777978081,-3.3739255673686612,-2.0966644536400514,-1.8461902727532962,0.04389301676963971,0.22971902763690383,-1.0575810310442981,-4.285155841823302,-1.5897349665575455,-1.8239616056427714,-1.5833810701793458,-0.36441178335365076
1.4583653108528107,1.6818971801723546,1.1741830503100221,-0.600341397473357,-1.8035274864139816,2.34259871634994,-1.1596472130982365,2.649202397543889,-2.7126645689689473,-2.9091820128630728,2.3122732339798895,1.3341700492833302,-0.9714743884013703,-3.154270740643127,0.18729682910846338,-3.398457313996269,1.4163899081477198,0.46998282391862817,-6.739323327345041,-2.8048339849857236,2.725189865206823,-1.9209953211846627
6.246803287816075,-3.041363393348495,-1.1410668503441952,1.4497744597466147,-4.448339175550696,-1.1488895238648702,0.34400287252392947,-1.7361571524196664,2.490795746254897,0.6262617348347091,-3.6778394183695444,0.7802775174796751,2.166885963510982,1.675612474604594,0.012963789149640813,-3.081431327213996,0.6659811573453588,-1.182369888735142,1.7931072266736425,4.1134119803208895,-0.22119052996632646,-2.7221153896694177
