script/wind250m.json
{"header": {"parameterCategory": 2, "parameterNumber": 3, "lo1": 3.000054539987559, "la1": 64.9999836372058, "dx": 0.5, "dy": 0.25, "nx": 34, "ny": 52, "refTime": "2026-02-18T03:00:00.000Z"}, "data":
[rows 0 to 23 of 52, columns 0 to 33 of 34]
0.23650034163096673,1.6692489512293767,0.4245717475793761,1.03569297243461,1.8133828004279984,0.529182002433957,5.0769646147864655,3.013267593981053,3.096031442816079,1.359105282951909,4.639740124422009,6.700649014165689,4.303620747596451,6.180728819145044,9.300265069190454,8.902610780867805,5.73214681042767,8.251243443101703,9.07873678719179,7.8388202561738485,3.990452703315854,4.260553659911901,1.3483245196301514,1.342205426744318,-1.710402822007682,-1.127493205580576,-0.6262611926276848,-1.576796621270834,2.928824738956957,3.318866741641428,2.650644245443919,3.5152926686749955,3.322959239964059,4.111859265768936
0.8104412329012799,0.7968914945870448,2.431058854685613,0.7486172428877665,1.2976223018094661,3.7874402961421842,3.1624716831959567,2.182576322292689,1.3480246396881592,3.5701864696886183,8.06309884638604,5.513387172658491,6.917690358771719,6.836666493371346,6.903517590901019,5.890797798607741,4.052076949975645,8.093187726919165,6.811131981834983,4.690279570848911,4.741259599047383,3.272190045417142,2.4191445473006854,-0.8327825593722928,-0.6730105276616938,-0.4740138882781569,-0.021002658830191732,2.718621939294158,2.402682012050905,0.40896903102553156,3.8728018593772817,3.748097300674216,4.2257691642299875,3.5167780842647396
-0.6955622525007217,-0.08920980431439673,-0.14479103938623664,2.8160307892985577,1.3754411520305425,1.6550916477180129,1.5486523272939612,2.7841631542164285,1.713573722773228,3.199986125363141,4.796891959389482,6.061223922393065,6.557238226248503,5.942814591249865,5.421445585754522,12.072501925669489,8.928626540834033,9.498381881397888,6.46973595539682,5.0935759148474515,5.280047614994092,3.4277428794426696,3.4391065777188508,-0.6272698971124506,-1.4348160067985896,0.07084221361624218,1.4104573304315444,-0.9967221990017483,2.102767701447364,1.8954417080978492,2.822940872412354,4.419207381500487,3.96310147815511,3.706720999415227
5.657314426214303,2.505695791104405,0.6626154164095431,-0.15618266315644982,-0.7531767212085329,3.645369564505039,4.7587780441110565,6.328099421076802,6.650275962972117,6.9520026911315504,5.265738042653991,4.624579534927088,6.305340759578773,6.79258184458117,9.686161701458193,10.850148066179395,6.196746183225791,7.148531113659782,7.325132786087595,3.8563025797378088,4.130900934333112,1.6644950318173677,-0.3371495280012091,-1.165329669668162,-1.1701750731284892,1.1184718787734067,-2.7043502747013792,1.7349209499110811,1.5412502751790034,1.924490049337296,2.328295315726167,2.394797361703479,2.822240455162421,4.076484520273592
2.511476398820782,1.6611835640354597,0.14880095185820782,-0.40769451788644195,0.4726364437630003,2.1353006853327776,4.840039040296271,4.127482547263946,7.816816563609182,6.422555102757808,6.451481344872255,5.5851797481257055,6.4345729884836205,9.148171581672694,8.806386635083948,8.391717694256453,5.705456238813998,7.404658593113074,5.699938200668793,0.799724994940341,1.7835638009296613,-1.0539662062014157,-0.3108738876868415,-3.1727177343678123,-3.649486157311673,-0.5830854226066066,0.6892039836431143,1.5831051855288645,0.2244017691125554,1.3160970233177678,1.0276055458417244,1.7324980224702375,3.6177703514598774,3.9692848545602772
0.43075784628880603,0.6455690622504626,-0.7886584747584807,0.5364762976035237,5.2734941720784345,2.9030181799413985,4.011672487006617,3.61125463356661,5.820396356080849,4.173059412057198,6.099624872137825,4.278593503007507,9.772895204371514,8.870545026761844,5.749142226787624,5.137840978953696,6.83293201820543,7.163726858149172,3.455381899468206,1.601947959092345,0.6335114651688123,-1.6219774220793906,-3.5733211524988664,-2.1597003457167863,-1.5411162735459758,-0.687462299853861,-0.1530482686768541,-0.5725528065145352,0.8087595107597803,0.3195107411791981,1.59062210795519,3.2171703506349556,3.3210737352663093,4.358646717597509
-0.7858783244451656,0.09325138985979275,0.7739006205561823,1.9917847888164522,2.64231436554497,4.524327244341117,4.330149410258097,5.731544488736898,4.5936293187686505,3.864383154971013,10.643563771105766,10.61002756400782,6.106105729065672,6.283908325928363,3.988703285627359,6.228885296007985,5.250116149657814,4.610337006444914,1.5719894702980075,0.8845570708799458,1.2044459083185035,-1.6198359524841768,-3.3330837024973836,-3.022770010504746,-4.328427980865527,-1.9299088805538105,-4.329443712360155,-0.32043236553750704,0.6051873685392382,-0.2325407638002186,2.749138552245468,2.2715200996287597,3.6905014177762494,6.523531547599073
-0.7857191579636571,-0.6241738935681862,-0.13556297357456362,1.3261579361925606,2.4211876757033437,2.42567939135447,2.2714846879754385,1.737618352078348,3.743355648309398,9.853782724832906,10.568797939440467,8.32795957325521,7.492710459701056,5.4356983061234745,5.227727078161708,5.7524097873636055,2.2190915614567817,2.3548762127013076,-0.15055004124075777,0.7903823458164053,-3.083081292190088,-2.279339972191075,-1.8729939453127329,-3.091956372099243,-2.0185036642800025,-1.1677214503475686,-2.872968091837835,-5.052455875537917,1.4401526814700591,2.4303888570639485,1.563072288135541,3.3053994456588605,5.967266303106138,7.9224985753755375
-2.131746982036366,-1.1635898698971574,-1.4825741828435117,-0.9967739331985941,0.6214518854067783,1.5649683059082025,1.7091343145332543,1.6033522838509744,8.702018518344767,8.827069826267728,7.699687462660006,5.397218515042609,5.388377581683206,3.5945307610914696,3.1972469834505097,3.282936136002128,1.5564963153062856,-0.8313652901436281,0.9420876199450148,-2.641041033686635,-5.104455172458817,-5.155872059601612,-5.42870619888772,-2.9177494068232726,-5.00762599936002,-3.4128652044366747,-3.217155236387132,1.2636760464458172,2.842069888122203,2.6262557729948464,2.661037695129486,6.003075540226454,7.344602213386743,8.715080340415835
-2.2890295408579675,-0.7233000663716009,-1.3778726730482764,0.40856474483240884,0.8484434294003151,2.2811290441975656,2.869698784997677,5.280063557884818,8.528606421219472,4.675580875061417,1.7408927828427034,4.158697151456363,1.373208624002513,4.407417740766348,3.687332232927025,0.6945554999894527,0.9488825249288289,-2.252779456413901,-0.639119628309559,-4.155750884935603,-4.72316396378097,-3.379285547211276,-2.069143213341393,-4.218003843391456,-2.6622767642438783,-3.4127981495413926,-2.39646867537924,-0.32349290454983365,1.8117877748486808,2.8530108238195906,6.00800473629184,7.294044403809329,9.048044039213567,9.895054107480298
-2.733706822209244,-2.46737483412204,1.6471309248560215,-0.16605100468702172,0.7303945271955994,2.088505080182244,6.673833248961621,7.4515325951611775,6.531851532619138,6.391514484192992,1.7727019759877147,4.071525262841766,4.050784164234286,0.5023884440125232,-1.0037213570050922,-0.5800285157756193,1.4772000563497791,-0.3082230104887153,-3.1545037809123024,-2.1036263221992013,-3.9493520688020127,-2.483407371344126,-5.052085037458662,-2.346735683378646,-3.9065936498855667,3.448739232799456,2.807750057767568,1.2715816148522672,2.811375990229794,3.8837650654119242,7.154606129645226,8.794788114286243,10.05480628043666,10.328727400796092
-3.2589756505022156,-2.7608251061599995,-2.7595552333341753,0.3052974462210263,0.8954995605253501,2.6309176694442016,4.829690572374103,2.3652981447331065,7.327545256750436,4.526519521688673,4.223171667040378,0.708973596878932,0.45092969750759737,0.6406532052213533,-1.2560998412247808,-0.6837149394308081,-0.309179088479496,-2.771363177099031,-1.1426905261730869,-2.344420305474581,-3.620873027009288,-5.891109929935307,-2.213858091382417,-5.810492157019488,-1.004629490335799,2.0670057992047197,2.4813526871891756,2.924825591921292,4.989858642563286,7.327977217719634,8.313863642274884,9.392390148630152,9.791007941040611,10.461249911876761
-2.331527241666682,-3.905479217161221,-0.8828873277794007,0.09636877463849046,0.08491832225250086,2.3365440865958043,2.200471200782199,2.428762540515457,5.072151884636219,2.384861580006984,1.3171332618636713,1.7591800888643074,-0.7248235072812343,-0.5102824391223543,-1.5164782059677593,-2.2174348598681553,-1.612476330636654,-2.3626742793786617,-1.0582752001088258,-1.2699066389238727,-1.8122351675437365,-4.457629046764716,-3.998260887557666,-1.6598052413017605,-0.9776891975766241,1.7348817550086524,3.579645488171162,3.8125842975725797,5.114516329537011,7.418750182492606,9.036841185738037,9.43568836604744,10.063402477046408,9.498120700236399
-3.642931138498199,-3.741194329613219,-1.3444154677949867,-0.6740512252597161,0.2725181481295833,0.37821788118780303,0.9518072868736189,4.43774444866233,4.319493525911378,4.808425025001862,1.736401404563229,3.1621326004338925,-0.5790321332941543,-2.0044694160982144,-2.962760202361517,-2.197606728131697,-3.051237081717496,0.5168124566857706,-0.9251984379869234,-1.7301299390977916,-0.5918368046076078,-0.9827003565389303,-4.151586293817954,-3.272335280044745,0.6901526742700488,2.613183872298548,4.182342693351576,5.920694770767211,4.979567546920154,7.148501083927909,8.013961854117843,9.338976146767578,9.151819522434216,9.012064123461464
-2.4481022042534217,-1.8457638234205898,-1.2135887255554392,1.0207573517431345,5.979155570885699,2.120438919636858,2.4362106526543195,1.8845568485316506,1.1155733687320504,2.4985990558242612,1.1074475935848969,-4.012124611479134,-1.8634988047291794,-1.1551023068925774,-4.266429687575085,-4.436898573881676,-0.1130553527587319,-1.417736699301315,-0.45614611561836194,0.24532737694170564,-1.1403169347784412,0.19335973929538983,-0.07978010074160517,0.6181165762720796,1.8084490046938713,2.7364074799732263,4.590137378646084,5.229074839706049,5.213138563288629,5.5391098591409165,8.100417527967302,7.735777286259698,7.640558916494721,7.494326375601327
-2.8879036874693984,-1.5913711779363047,0.0604878859315576,0.7597225451303653,7.517947243107596,2.2745487813605054,1.3658797278764874,2.202846344081208,2.7139126006409144,0.8909622768780544,-1.7271450126563577,-4.304366810964967,-5.683172715123548,-0.8892547428628597,-1.3253236054669093,-4.9707008352194695,-3.7716423673452506,1.3495158223251262,0.05588619007855193,0.5386486448787756,-0.2703700819869688,-0.23693840662075677,-0.048921776223923005,0.3576457136555397,3.468516233265748,3.8791396695877425,4.106938608570611,3.0755299839588375,3.720318248751605,6.619419189157306,6.430266961303994,6.96622093796639,6.797821510560996,6.9588840273143635
-0.6686025057161239,-3.0528368468875544,-0.05365639113396819,4.0735579091000025,6.551416545999161,3.602822083601345,0.22474642309725287,0.915440270408957,3.037073220657054,-0.9621802665090611,-4.641146153692581,-7.665505156719429,-6.448706507124041,-4.140138928691258,-0.23835106644883258,-0.2587879592127766,-1.9359612604721355,1.7115153992965921,0.6668141643849844,1.4274026420216894,-0.09107387712256464,0.19692034322920302,0.24990817292158968,1.2529684693200325,2.49464779241227,2.497074258100028,3.1407990982392002,3.5594997354769995,5.498816727855603,5.277809201677863,6.294174087294596,6.676304463532123,6.927183465648673,6.917729111151178
0.292552725435,-1.2209293157640755,-3.889803086616591,1.4364679649584644,5.26340731883709,2.585039680877337,2.32040511937538,2.537289323762618,-3.437730117488314,-3.3199659044748926,-5.109691602796223,-10.350744232009601,-2.0509995128471425,-7.271478510053937,-4.427702603189523,-2.623190880956722,0.4792730322432236,-0.012642492042289023,0.22274083260235922,1.1330038124591701,0.4562801860182569,0.4062690714660765,1.1070816329053548,2.230928875586938,1.6235036614919038,2.1259514997010656,2.4164016993464723,4.605290543806686,4.48919097558724,5.357699975565308,5.838138998538785,6.870828930797242,5.818605613334034,6.639736233410645
0.23026563876121764,0.221623852130139,0.14057202984992104,0.10345331360305181,3.80372939490248,6.813669053834437,2.4363528836427717,3.254171993997804,0.3690138721906376,-5.507528871020093,-3.751570320899855,-4.747487629076526,-4.603343552030242,-5.504290188436245,-2.8987413272487337,-1.452371952149793,-1.4695030174043708,0.6390657991957057,0.8402265115371124,1.0730907242789494,0.9184404532789421,0.8853935925561612,1.0629943392888672,1.4784700551740024,3.259529135196647,3.5964480938105785,3.6764506902284664,3.353662419701847,3.6586385523675657,4.967484257667577,6.1282332479225925,6.29214344175721,4.489829966602599,5.662323115696761
1.6425565172080383,-2.8153896943595385,-2.540821359024998,-0.17029246071510287,2.750842432030957,4.8981058031843645,0.5610956999594632,-0.08417270453244269,-4.238776875884634,-5.4228122814777455,-6.443137629323123,-9.090755493321067,-3.228301624020093,-8.264817336995097,-1.3611961216619066,-3.029273009355398,-0.4799550746564052,0.5667156624139311,0.8294257680647961,0.535849439812569,0.19814325273836236,0.47634537580590786,1.6050642651022877,3.051770628810283,3.4304780568264936,3.1464790292028995,2.398174748559125,2.171209511500975,4.564865257457871,4.690731091609216,5.359104018089939,4.416556074413983,3.754825546643611,5.206766416971616
0.9532644396829602,0.15340846833594138,0.11952692715481504,-1.1433482948063833,5.573224475373029,5.949618812441669,3.4036005992075946,2.545169179429503,-4.529389830761053,-6.019761777071335,-6.780644590693642,-10.513668036145486,-8.422771899487994,-3.829257200680513,0.17770555558067805,-2.0317070951793736,0.48282855035923206,1.6137735420893908,1.1007838290938825,0.018817399420075775,0.24215891886259924,1.7899665543219934,2.2923103462523375,3.623244894501304,3.575480754186124,2.38323135849913,1.187967797602226,3.224997734021417,3.79356772277103,4.285665800950525,4.119941181950146,3.435226748766007,4.026621890429901,3.510402523233
0.09691789860904258,-0.03855390256419571,-0.253226790872642,-2.307374532830551,4.497519300552537,5.039341619303889,2.544886157328817,0.9265773500574561,-5.2629785495023205,-4.355010299054295,-11.933495862742351,-12.075448518518085,-6.928551277875044,-8.331094162738797,-1.5146186543458469,-1.0669919872216866,0.9266900622931653,1.4949912118072286,0.4934098275526938,-0.44055312863682033,-0.2956793060950888,2.3490602874152122,2.8865920013977324,3.3585323368175533,2.2697481689025016,0.8955820152968663,1.5995498100808412,2.6448155001101745,3.5570216184038213,3.671022098701196,3.443432074585602,3.8855500622736696,3.43592013764022,3.1668776987661826
0.972344377037912,-0.8941963034679976,-1.3808368141377036,-1.9093129074357986,7.4842080304689125,7.664282570937613,2.539111975446232,-1.1934365239626332,-6.835005482507901,-8.011509257989015,-7.317117550844907,-11.700651353232052,-9.192528503133943,-6.876853574459681,-4.502225680812009,0.16049190500038424,0.8110098097492685,0.09010261734411326,-0.455754868426303,-1.0178782659022185,-0.28665920157549674,3.3360655700646156,2.9632100544509568,2.441777033907237,0.6820473502398492,-0.029337310207539463,0.981669341582537,2.5786934080733297,2.983835068569823,3.0338798566109526,2.800518605608196,3.1173074314144325,3.3025641781280197,3.289923152185321
0.11360704032978715,-0.7791750756817403,-1.5216332393241214,-1.9769821561733598,4.610686391201671,4.015768146914329,1.4784576327371626,-3.4577427265477096,-8.779768549301028,-3.682701811232015,-7.027386923922659,-5.57053176311208,-3.3580873549991344,-3.762536531845523,-3.4316031281847135,0.4953712200524747,-0.34863455277240435,-0.8757998234564072,-1.0046594253404326,-1.424777860690139,1.1131134514736116,3.0202152291575737,2.4515173402291928,1.7620397191838453,0.06684186494192138,-0.4007394914223261,1.466090206883208,1.8919361515715272,2.899337860888293,2.280740800126877,2.446173115432423,2.746258182420627,3.134214714433065,3.4205019709658795
