script/wind350m.json
{"header": {"parameterCategory": 2, "parameterNumber": 2, "lo1": 3.000054539987559, "la1": 64.9999836372058, "dx": 0.5, "dy": 0.25, "nx": 34, "ny": 52, "refTime": "2025-12-28T21:00:00.000Z"}, "data":
[rows 0 to 24 of 52, columns 0 to 33 of 34]
5.931480751072628,5.866745202373477,5.966299273356887,6.170650538977652,6.585809748329581,6.970204472380319,7.360546667556947,7.766362303793363,8.642702278762142,8.840652655080117,9.063848373155526,9.21857535054891,8.922935736538985,9.119528566379408,9.940370928223548,9.851397651784975,11.096712801078898,9.521821837056462,10.39209954320152,8.048304875915084,11.362330229577886,11.928798853075538,11.792550658754836,12.73478531694415,12.982580311817152,13.768991404828327,9.392506330019325,8.488365569658555,9.841732216343456,9.512548084364132,10.020362735573798,10.419559374869106,10.300684243321617,11.643835654815167
5.506237183117084,5.635621949242507,5.8093926547036565,5.843527056508858,6.0093865132519495,6.319725955756533,6.614268109651164,6.676754738859104,7.385663717751112,7.945509484409177,8.89199272846973,9.291508152270604,9.12535472274771,9.48660727196957,9.98980256480365,9.891829582550711,10.25616511912665,11.89814721686958,10.486860018955978,16.31820231567615,10.077886736065507,7.49865149886607,11.09096284125358,13.290426770421846,12.990423731435255,10.00288874423178,9.658187128859936,9.023208091613832,9.480225546588928,9.086525353437635,9.69427092363125,9.75346260027477,10.684415523497854,11.518914063423948
5.403740618110079,5.417568623399983,6.204973523691201,6.181677113122117,5.344362998885955,6.204850788224117,6.323965993204668,6.926266575362212,6.320075694915029,6.771008848930392,7.550172186123868,8.50778160841971,8.373952720637002,8.692005592276134,9.026795055615679,9.976579299812915,11.106937484933871,11.431408128491917,11.95677183652774,10.374902707772703,11.473669362412393,11.822314357959693,9.323639295245545,11.759793583935286,12.224670072013838,10.388335820545333,9.60693976266379,9.867679859084248,8.44103441954931,8.660509006554994,8.8522207010166,9.308222183562352,10.653502663819314,11.591557401853288
5.002816785811187,4.971911081458425,5.8791125947082605,5.346424423405696,4.292439784662586,5.012089944259312,6.100324434890557,6.658531785388996,6.409305943496472,6.796543247982005,7.533220756464051,8.636374636861953,8.895316814178921,8.150425095727005,8.434667167426095,9.521655367666797,11.347284772842377,10.875941285302975,11.563056622194937,7.43557333762874,9.118966481332018,10.70575659268929,11.09636838963123,11.247259410248509,11.675438168161268,10.55194898688145,13.219941310689979,10.677778758819711,8.05427863504935,8.326177984404366,8.41729606562469,10.026033042592376,10.993296546954866,11.632179135490528
4.7964866390950185,5.029272975510236,4.73017914975096,5.136615244084707,5.478370281105426,6.726967585490764,7.265094472138082,6.17867423877543,5.70138733918298,6.489815024981938,7.359432701965611,7.5265518060061884,8.019644827303551,7.3276728692549895,7.285695097097845,7.5758288812159105,13.840911932785293,8.331477579463998,8.986683748156466,11.577307760051552,12.498483415782013,15.839552317373053,11.800991995016329,13.28898195963722,10.42912672372392,11.219203260370628,11.348411911038513,7.977392888293537,8.85885136697696,9.119098768463358,9.1551522164217,9.905716214792221,11.041125959402692,11.626011584949284
4.675546599409939,4.900723501105931,5.2200249034569985,5.128666268601325,5.122386181789635,5.562055462507749,5.765297307395384,7.05720725207203,6.66681037885688,7.889682780115441,5.745625203080484,5.216392496676273,6.783577924540317,8.57776982676314,8.455972390963122,10.100413164639216,9.01685568451853,9.099597305175335,11.466442255715526,8.604382061362607,8.953687507284757,12.37251870372779,13.103175070394347,10.719342819964202,12.367670948876992,12.775807262687945,12.141239288276749,10.33958882075591,9.199955685992578,10.23446758291892,10.07335577116826,11.113576672083758,10.819177111006214,11.352252141887707
4.157727617183715,4.654564315338497,4.920747535498787,5.176906072198435,5.5379274407454995,5.623807316748038,5.977239236974352,6.19687940988866,6.779445075160787,8.215776622932133,7.2189650942928365,7.90200110364718,8.239726818968997,10.657403062280682,9.635954422562056,14.88980547581069,11.427437051095316,10.912501387586525,15.812437187623331,10.828392203851063,15.463436250064227,10.256525535422297,9.364099482102379,9.964601313300331,10.39216252871752,13.048682895006507,12.494930816652369,10.991837880688452,7.986860611248675,10.526596565054291,11.31494290131155,12.823739754600682,11.997376099494932,10.452984350060524
3.580658564123983,4.198188577405562,4.942254092476884,5.151913171544346,5.380820346222953,5.605089617809366,5.946721359754845,6.350796998952951,6.839115373817587,7.5053564568158695,7.277135459908566,8.432199415655925,8.521551662603477,13.562242853083077,12.830588052240378,10.997651172525083,11.724172370096138,13.813886674166179,16.359586115814967,14.129886153525133,12.896863695866113,11.912394821565575,10.862035127622315,11.21055933657293,13.152437991671118,12.121010264362267,12.903016835839813,11.902939573945215,10.23565701258836,9.889663603663513,13.328254287666855,12.924871370046354,11.631711750683543,10.719911998555448
3.354359518615561,3.737147638373516,4.174853704249735,4.76523508159754,5.107581868982194,5.691475214088067,5.954423466773539,6.149274134778104,6.499186010293327,7.640412946505887,7.914954813310528,8.790216691507009,10.375367556922546,12.64613985644963,15.679270294019595,14.267264802888606,14.790512184147419,15.976999156211738,14.775314148425588,16.247662308096576,12.264340774534993,12.647683043780239,11.639317126634923,10.82279047138234,13.926167979188373,13.614732480460798,14.32700541467393,9.686521096973175,9.979204915544328,11.078444615615469,15.037477121554923,12.720383122641318,12.161379094026207,12.407092977035592
2.7114964373244503,3.2571143785786023,3.906891925527439,4.277343979950391,4.726736060269233,5.102521604916273,5.721332007040877,6.369918019118267,7.034348295974073,5.309558248780433,5.636790865709697,7.767596435864646,13.180347713512647,15.592668054706627,12.175938718987618,14.045815128506373,17.438422016821175,14.382078218585272,14.560576624897024,17.113011050699768,14.638619262611138,9.563718354058336,10.219630213175435,9.422452684811779,13.305810169753652,14.213773259781313,12.389960856014481,10.40727166687872,10.823979384961692,10.92051478183227,11.005843128159164,12.770017591606738,12.21553611982205,13.429147174123575
2.326451092124289,2.5483950593001055,2.9683498510769324,3.524781323066319,3.894257838505647,4.397708990299441,5.020326932967775,5.591208612788862,7.442468539561434,5.7387358465479235,12.431747762003619,11.475286763843561,14.225024278534955,14.614607623570627,16.232643897364543,11.696085970452124,11.007186176932514,13.4656523439104,15.396099746117631,12.501022219029347,10.000457509817606,10.175744719465754,7.044232067097023,9.553029371524493,12.833649297980816,14.00119815472487,11.200700668237651,9.10152706162066,10.539989761929965,10.0626765449359,9.512069881222317,12.365122018921898,13.70632987141184,13.85151214927231
2.864185651159258,2.801840584899445,2.5537673474184333,2.9093977171154317,3.375913900354729,3.717987087918939,4.084935996889541,7.823565731469308,4.557097716075429,9.041178893254816,10.178707892395064,9.523290458918366,13.242789176996052,14.567078255767509,11.327516615208404,10.010533222821325,11.465048485305125,15.072707810086117,10.119317983894877,11.956960915497804,9.517660645898044,9.798834256317189,7.511904351330337,8.416619169469405,10.26725527230763,10.167681952982276,10.358474780566961,11.40391558591398,8.388580355006226,9.535872883692845,10.200899550065111,10.799512299051559,12.798564605346733,14.12306706787988
3.071338933599414,3.1653727251494272,3.038725042642918,2.7840734536345715,2.946800632791964,4.481527449350946,5.299493619393617,5.795776555467869,6.606715524512262,9.836429291287367,14.218869755415547,13.888624720688266,17.927333572985372,18.38749381381321,12.949559971238283,12.11508885502686,8.596720220976115,9.890554653699569,10.768881872350748,9.831637629452883,9.82379535741731,5.859681401175986,7.2771372987949,9.433430292850419,7.754300151780685,7.79725110371696,7.500398565148647,9.760831223548593,7.191409798580219,7.672502395093726,10.342627822622067,11.74551943659586,11.680458734118597,13.586974523645114
3.7673924354188615,4.066341502888402,3.9578538994736396,3.592007162934807,3.2728421076745304,6.399680676801181,7.858001441231646,5.579293048343602,7.098695821195187,15.038955331628738,16.50666354636289,19.803750647479017,14.157668702990682,8.41847984029796,16.690800892573883,12.884266176565353,8.125418844996567,11.433781913912167,9.259615064510534,8.356523443411044,7.1628116639347015,7.044221450467791,6.446980608406335,8.454179835857515,8.599890068113982,8.517387658592863,9.406716884992186,7.707559817620534,6.424740372152029,7.323058709538153,9.908019944846286,12.295598190955326,11.912496381551017,12.976937058036082
3.9472922647375404,4.032613837830614,4.660363082119621,5.548195287901776,5.096462755229161,6.258728548971404,8.564886764681026,8.536323773384034,13.092250954372926,14.236971997767409,10.23557861693674,15.485959281345147,16.543225821280544,14.659247318104825,11.971929403483452,10.903716790082495,6.364219958626401,10.873215581591344,11.670457161035396,7.977029083207708,7.127799375336374,8.326531923950254,6.263608483327579,8.883122636762504,9.323171778642013,9.078547820453467,6.094507924942388,9.142375970225073,7.177449693807581,8.08138062870437,9.09426864034924,11.478948277623942,12.462316553013887,12.95154694599028
5.4458702201026625,5.3984939600284685,5.546771104049962,4.881315987659768,5.519987958127161,7.181092011921032,9.868355396252122,11.623872423069145,6.696185648810038,13.496840328059236,16.776314843357532,18.91052012492478,17.546055845680993,15.670610351437512,11.589524713574551,8.960870003170134,9.459269813688923,9.914721684556449,9.771900273633177,7.116856820317646,6.908247303793426,7.1869814813778525,8.587890053450717,10.319699918919468,5.771062295855183,10.209335733316305,11.214463036647336,12.075474450658977,8.60373696819205,8.643352967141594,9.023742390348735,11.273514162191583,12.872976104747487,13.775694579443773
7.675256488431445,7.159331230789485,6.280675728769498,7.096982302103874,4.015118998892532,7.899889046091833,12.126160220261582,5.506805356156747,1.8128180976640094,12.102986809043507,20.470481702921266,25.989252615156275,13.721622265992465,14.277437005178715,5.094649249486487,3.104431679127244,9.482771191383426,9.189453870915196,11.03953739829344,7.512479550516493,9.717557729059896,8.469286243103404,9.923373760286374,13.632487386238083,13.51205811263685,11.930536919986901,12.67587973440619,13.941956200142448,10.278810222620086,11.738110921135583,9.92947293947709,11.998139960732919,12.891725942639846,14.486321224964476
7.299335626199848,8.258815026336144,8.109318022121416,7.483297015620417,7.758217262968566,10.307012994780848,11.835882403348416,8.11210582971982,11.589763403319594,14.63522255438819,24.247810439996275,20.827235484022335,6.405577052848743,15.67801299720662,11.36879990785344,11.463407065148775,8.832846961359955,11.853747410504953,13.180226887217184,12.818949593836232,10.710071755769489,10.300515519173064,11.950171449672444,13.712789637160576,13.55874790735676,15.585561042393632,11.426705878156596,11.462368964267764,11.08785794140266,11.574296215029804,12.813726997576044,13.656466047871662,14.393997550944565,15.070126041763803
5.902034369674429,7.269763324295453,7.580621908808646,6.985769688535995,6.1766108217660465,7.84559803556932,10.014515340972594,9.521031647895082,11.127885147819484,20.106325156699906,24.006876083892895,10.204800438671345,12.59994516392806,10.691297601995744,6.195704111602533,8.788976641773116,13.284690339997672,10.3402703564826,11.550108574489737,15.005112798419267,10.750170257351876,13.507039905346952,13.065691707438189,12.740722412070697,13.315403673286003,16.166761515031755,16.382733992997586,12.482015006127988,11.625224342654722,14.385306751123847,14.830724430335824,15.217159646816503,16.244513240932147,16.910831660156536
4.37576291129825,5.466327371109262,6.709522328191548,8.037890501607238,6.527634963408007,9.3407644174803,-2.0945844120917503,13.985829697150342,15.487228967381762,21.83197126493579,22.774326658622062,14.91653095470671,9.540586371933474,13.795636184861072,4.489456259326149,8.565551723073526,12.726972498170934,10.48272812299231,12.313160686072555,12.77717487730527,14.166199753667518,12.427599464224569,13.304591533955014,13.80017285908488,15.472869420564665,13.337586886154611,12.499918741104816,12.357099327535094,14.002736876569589,14.858789388538517,16.203764864611284,16.936018522765245,15.912793980130749,17.122113262845627
5.836890410387044,6.356109202493096,7.508665734042293,7.8774623849801255,7.603031013279227,6.5789371818352285,2.501540326043932,10.44128934237925,13.636136030619394,18.81823689180081,17.882787841937677,19.948857632129926,13.286776856988135,5.718674537309942,8.835553962062638,11.353741722931261,10.602090777238462,13.204323401234735,13.778910811326654,12.684792995764678,14.398693368781922,14.159649010188929,14.659571250462232,15.927304563113077,14.38968641790221,16.02187949000524,14.890949507421087,13.41651344892677,13.689479217692298,14.363533926875114,14.57315906167369,16.44515419770619,15.395706046400463,15.782983181797524
2.5725881869276455,4.222836107757777,5.618321393155547,6.282266844889608,5.72768096739864,3.4754639610575504,3.08005179471037,4.810041672115387,12.37734630037115,8.948404693062674,22.84258617891426,18.942026416758612,0.20867398297365658,10.075337782622524,11.05551374036433,9.26465043348221,10.385823007230295,12.090882752046307,13.592913700990229,14.339390809591867,13.187009080338358,12.661076054109817,14.25867849409138,12.67903613935475,16.315263884796842,15.878725300763488,13.820985908131526,13.942489019695403,14.635748175256767,12.359760757030267,14.533335754660234,14.1561703714365,15.354268602790887,13.687387250119617
6.048920269617915,4.942338881141577,5.817137617686428,4.5080722934458946,4.077687872201144,4.888838623124003,5.436925533228521,6.656799473344414,15.902824145622384,13.846299617502558,4.7151888172021685,9.397278210271125,8.226369635526815,8.570354727669686,10.405118863297456,9.326892763050175,9.938511916781971,11.441813792787423,12.711495569443251,14.079954402366855,12.432048495643244,13.96553982626057,12.853048853575038,13.934885324257207,16.16331441960605,15.903312625588113,16.388611146160322,14.193296363299831,14.138316440205472,13.893557772292667,14.829597274196514,13.903969708567757,14.15934051768199,13.209081833229003
8.98605828257088,9.337437228319441,7.034689073708846,7.957885582189829,5.338173215062647,7.963002848533561,8.434498775162577,8.502081920519464,15.413154876187052,13.536140964637022,3.5432351015320442,6.557585518692462,5.832167294829254,5.96786575286433,8.122748447856624,8.231204804407497,10.05237482309422,10.378548843777939,11.285950245022693,12.399671626350937,11.762851897031586,11.073730277013007,10.69598030398145,13.724439920873914,16.72851097742754,15.13970845344774,15.902611232276884,15.697428488969482,14.1394707786045,13.845543501051212,15.210772533980277,14.509676364881596,12.700419930365808,12.451491721623801
9.031606087347567,8.102883264286788,7.659342147368381,8.326994747197274,7.919457260205574,5.303178191740571,4.919682178607113,7.838922374618543,14.360936131554137,8.767202385752913,7.676055748722043,1.6461183688890206,5.0156777002947175,6.45269450321029,8.320317181720698,6.984385430395017,8.696605775299435,8.30127320148636,8.698418391835427,7.714399016552724,8.557976525793459,6.364006789476378,8.59861222530284,13.073719955447132,14.31767753851477,15.448166027639287,16.165201816106684,15.72027676148679,11.838950420328274,12.833384717046327,13.54684251012044,12.698487388199878,12.496724943593193,12.135869796606787
