script/wind10m.json
{"header": {"parameterCategory": 2, "parameterNumber": 2, "lo1": 3.000054539987559, "la1": 64.9999836372058, "dx": 0.5, "dy": 0.25, "nx": 34, "ny": 52, "refTime": "2025-04-16T13:00:00.000Z"}, "data":
[rows 0 to 23 of 52, columns 0 to 33 of 34]
-4.88289165429925,-5.693277718298166,-6.995294966586527,-6.684860412524054,-6.25492844404687,-5.955903029391691,-6.129784744493945,-4.704655208767135,-5.651765054496307,-6.334425660950836,-6.3757342366652185,-6.004531805951948,-5.8715069999999105,-7.1708430172763125,-6.097769377755462,-5.472452930389189,-3.9460522541721006,-5.017344628268542,-2.2401658305782557,-8.487948742743683,-3.4947248732023333,0.5151648289949122,-4.677561478271472,-4.954751809952685,0.7507334147338272,-0.9324845771410554,-0.2612711191651034,-0.35195788812173606,-0.09650761495811085,-0.6402727634796043,-0.3499658912569841,-0.7098683842741327,0.37176118774239336,0.5491144820116691
-5.834297713843673,-6.690552312639805,-6.867272616060711,-7.681095170642828,-6.194446100520279,-5.904354058383658,-5.881470517192559,-5.330128828757549,-6.71236336965923,-6.786310121559743,-5.837834102104545,-5.81533437602516,-6.4221577280788695,-6.133645850234006,-6.0393300621238115,-5.847621340085995,-4.735984531249691,-4.173951837111177,-6.47669776649463,-4.051721087505403,-4.939213327446319,-3.6192886482762803,-0.8406701959938481,-4.282762638291361,-1.1572323614230942,-1.409593220550529,-0.8063332633676406,-1.0412433139510004,-0.7875681624384314,-0.027475731405061172,-0.43871406945125885,-0.8504375160231249,-0.7669937593387031,0.10263424826772903
-5.763966351185749,-5.565542009950867,-6.973851791324748,-7.499995843912578,-7.02932091848396,-6.383263005855161,-5.0778446896569,-6.3262725346928725,-6.649286732192746,-5.886068379144207,-5.080941788435882,-5.491448277972858,-4.13378767964656,-4.583391157451496,-4.579069996494241,-4.613627996920357,-3.5252599087727536,-2.540017231373817,-3.70938716445941,-2.9227157397488486,-4.347597264897802,-1.7092344825579187,-4.0099049540595635,-2.340016004888593,-1.3712333286725111,-1.0263686481577923,-1.0533797269911305,-0.2620553753713502,-0.8068348977457355,0.026524608164523317,-0.19114299256456915,-0.21515809530879101,-0.5777734882768695,0.060874982318391134
-5.264470214607508,-6.388210564100847,-4.37694159230066,-9.122395482767867,-7.485411390797733,-6.520515359122072,-3.672248247215381,-5.935128773408145,-4.655951000129442,-5.575230672701862,-6.422759591864133,-6.391461760350443,-5.45145535808787,-4.41695036892516,-3.1237877485977723,-6.068460919467105,-2.8004173969052952,-3.1806359465628447,-6.101465635849775,-2.161590423899621,-7.5941735447899,-4.375897040261442,-3.4986060279150264,-1.7076436529207448,-2.221414472851634,-2.750666767064831,-1.4671637874890981,-1.068540570135264,-0.9922342761751138,-0.276475610273077,-0.5210696271034025,0.08782214980623745,-0.5678300861480186,-0.5934598674854499
-5.813712505645134,-5.35534610327173,-4.11321583367976,-8.351555848540187,-6.5870299204176055,-4.858582865204286,-4.259502041290387,-2.8206897459754843,-3.8825674815458355,-5.846077928532045,-6.672967748983995,-7.870730866178867,-6.036540948491648,-4.117753324536914,-2.7234769857806524,-5.4783056370561924,-3.7445112334286286,-2.666869747496159,-5.10613636428633,-4.260899711986521,-8.492984805970586,-2.9716273301041394,-1.8839607416325947,-1.3812914601717667,-1.4374315182819304,-1.6956920397735642,-1.657639904332094,-1.4644374621937284,-0.8492796886691701,-0.891390676103305,-0.9674070722121226,-0.37152314951770915,-0.6743000620241102,-0.9099604507857503
-5.302601183161157,-4.93111443346832,-2.776048220281263,-7.068802385661164,-5.6126487290581695,-4.424848756859173,-2.957002761692101,-1.5419265291634106,-4.537524178425661,-4.611617859342549,-5.0276957382340814,-5.099609621402081,-7.027911675271918,-7.592515676582594,-1.371053921412533,-2.4407590769028005,-1.3886679738864822,-3.398604625318616,-6.418513241087482,-8.254893432312565,-2.982393413667072,-3.0330271425926627,-1.4123882662605947,-1.2188406963506204,-1.3686720269945023,-1.358158034694602,-1.9953679639337396,-1.9542036850781976,-1.494188406909166,-1.4860236087732808,-0.9094888088454459,-0.8020871532105655,-0.6546211455762855,-0.6386798775533352
-4.180344384338395,-3.3547181535812833,-6.233327561018505,-6.181528064922089,-4.3555873603858695,-3.3026379922575804,-3.131533539505262,-1.9416160741393285,-3.3644290464199065,-3.692923975478782,-3.2252474094149512,-2.7639180568509687,-5.043049364900366,-4.070518244203136,-3.9803140137849815,-4.6748206905070555,-2.214877999978049,-3.6894248904348177,-7.236423972909031,-3.1178905402650465,-3.5306364736128906,-2.1541604496412696,-2.527499299527938,-1.1015529037192455,-1.5524089163396766,-1.9936182875213961,-1.4951306073737753,-2.0896461429119153,-1.7457305086677024,-1.2167734867173834,-2.0313942079751124,-1.0305154879377723,-1.1977191901498663,-1.4479426440729755
-3.1726670394281196,-1.8315602405517462,-5.547734350980451,-5.126646223754715,-4.149074245403639,-2.660397939884634,-2.312523571663076,-2.7839568306855114,-3.34417991755824,-2.8257440118965076,-0.37074848039095076,-1.9499067705947621,-0.5196846277643352,-4.253679969423307,-1.1913810873645025,-0.5690388353536606,-1.4327558392384578,-2.0498057904528273,-2.1708738134619283,-2.571549745774083,-2.7233884266501915,-2.3701402690828535,-2.3140213864129726,-2.9408415978041322,-1.698974354771036,-2.1664247111728008,-2.124094451995462,-1.4978853508240784,-2.6467151566582063,-1.6528182414022752,-1.4729968674066554,-0.6614267549743261,-1.116900248876979,-0.7186545299508695
-3.0609524006966127,-5.3721681851944005,-4.503583546448278,-3.628155450031271,-2.8800721429597482,-2.4426694343985598,-2.24464680851278,-1.2713879347543229,1.7648119546080996,-0.3274692298871518,-1.2056758587370286,0.5960192165478203,-0.12863456645864751,-3.4070823290593895,-3.9525436782933028,-3.1745922319001054,-2.3444394803179063,-4.4243033301226165,-4.058797993536375,-4.152605910083274,-3.434270412460749,-3.1815616757730254,-1.8014317391638293,-1.3720040316133948,-1.7082284824582035,-1.9362927440296873,-2.092099697465389,-1.7623429804202062,-1.2554971255366254,-2.6006059723682107,-2.042687365988079,-1.4097040608518632,-1.5136714903011526,-1.6142999114910206
-1.784704874177966,-4.637656519177963,-3.33609869025762,-2.715560185091742,-1.6841910234420863,-2.8532967596857364,-1.2802288366644021,1.22867213274408,-1.2231121940415244,1.0119373039305362,2.4984429787829208,1.404596341442707,-6.6870843716533805,1.2495508047453485,-1.538166408836209,-4.476895544800845,-2.0329228075392716,-6.457595357542545,-4.170168908670084,-1.9621596646764001,-2.2410855073186084,-1.9121607883455178,-2.7611610760276166,-1.4168115572828,-1.5710342445444658,-1.6713625852777017,-1.988769639117736,-2.057862974711942,-2.078822649958943,-1.5692563678891627,-2.608530098817719,-2.2713647164199813,-2.059473759536677,-2.022652847925874
0.295433209218287,-2.512332176124811,-2.2312239247532153,-0.7463582980304893,-0.5274682305048878,-2.003664388005012,-0.14352550281257556,1.063728663942385,1.7706579249144094,0.43787353200607676,-2.0645004197170476,-3.5526952235873552,1.0516891848281127,0.9173298774817658,-2.4511486371774645,-4.586340016156772,-0.5807910590321951,-2.7682337984629233,-6.698193566496232,-0.9059844455657071,-0.6198114397359673,-1.1226287098786538,-1.6027984111792575,-1.897188271513867,-1.8545921361872553,-1.3735302130850369,-1.5195713042617842,-1.8093632091212504,-2.1422825700471746,-1.6702874473453975,-2.651966652044122,-2.6774700572499053,-3.0995893363250246,-3.2918760551345616
1.046008645461644,-1.6273385303646677,-0.4814149984949012,0.8192389008904843,0.5498122735658977,-0.4706714185538588,-1.5871823659334485,-2.9067103290179888,-1.6775821706537464,-6.880467435619435,-2.6360306242918408,-3.6468931350981584,-5.171218636101982,0.1809311005761999,-1.17000485891009,-0.9384035878445389,-2.0775292997585866,-3.213505619003115,-5.069920485729099,-2.4945412203791797,-0.953540259634561,-2.537764320343253,-1.946661251304606,-1.4182633980138701,-1.59746027119782,-2.0355862750765508,-1.1242831791838064,-1.860413138189228,-1.4808134723061266,-1.4802365433343054,-2.440685864752307,-1.6103018512794327,-3.8972685854727813,-4.3274216111487736
0.9955206671794965,-0.5889251210243915,0.15916599594321318,2.078694564534225,1.6870048239007374,-0.06116899320124981,-0.8923770248797006,1.7700310456838029,-4.23569669270019,-2.159547265144906,-3.0951193281190594,-5.241560093514989,0.8023382694240578,-1.9939304106785567,-0.5365475435448708,-1.3326207543143624,-1.7557003379275289,-1.9325740378751335,-3.62449181993962,-2.865085807982245,-0.8557155418376747,-1.6082609412240376,-1.8572857088005,-1.1498655644044729,-1.6860688860113582,-2.3773212765276335,-2.0170994836199316,-2.7175936475686195,-1.9655571299889711,-0.13670576984640653,-3.603936876467742,-1.7327883387539043,-3.6965697629809195,-3.4798035035886343
0.9528767737490846,-0.46677964405070266,0.5625843001329105,0.8220563518760727,3.0218722397446633,-2.691287464068782,2.8705505213283105,-0.5140341524790032,-5.923377462969269,-0.15462957918999193,0.4192254262142841,-1.6653398095963492,-1.6130069829460625,-1.131801900140078,-0.2788486912296121,-1.210104848627117,-1.4842178527954057,-2.8827787209176616,-1.6258869368463633,-1.4944816098675855,-1.192704649273057,-2.685717351521801,-1.7058272176157223,-1.8450438023278068,-0.8148645030668467,-1.6406081404208845,-1.7589158791460058,-2.2488572387779544,-1.9639858211545107,-3.3464396763704203,-1.699046794137905,-3.8154402637996037,-4.980777202786582,-3.312270199952649
-0.5043498112872296,-0.45006509715411797,1.2719254455519031,-0.2668042573589031,0.12386036951959062,-1.0618286822544403,-0.9128984159248558,-3.240722893807746,-3.5541271806099646,0.6651612246862053,1.5178643232582765,-1.6529264905654983,0.3941285632066157,-1.376968498684092,-1.3023017915990296,-0.588151209260119,0.24389199533245526,-2.2686866944855493,-0.7042283799894445,-1.8949627792141897,-1.1517989182561295,-2.2765041608817653,-1.576608785241603,-1.7807660817216446,-0.32296100569316016,-2.5130603860430383,-1.3678816484732204,-2.1034007186296244,-1.4038663595975724,-3.716542575378308,-2.3690789462619293,-5.496220728944406,-5.441769233331587,-3.5487025219340538
-0.4654155414758322,-0.1701157327189476,1.388536483314684,0.18183385819409764,2.0379246565935865,-0.6247227656341704,-1.4752935138576428,1.3534900970780441,-0.22602858217378022,-0.8170883163134843,-4.263933009200499,-2.2475868853415153,-2.6477140527621517,-0.8559005060848793,-1.2653259326811166,-0.9444059304990883,-2.100930184696126,-1.6089571482333889,-2.745883889076746,-0.7744216295235676,-1.1036340627891092,-2.341454369537817,-0.7062126858690618,-1.0657205968233936,-0.15071630671826514,-1.4985055331196453,-1.7601344149813019,-2.949426409643262,-1.7849068780649033,-2.5290234501753073,-2.3082830750943137,-5.2350883375965935,-4.700947608102263,-4.4685639096869805
-0.6051170234656728,-1.1835656216176573,-0.40690153781745686,0.21103705188169303,1.0411832288055058,1.3565191808582175,-0.6856053544413713,-1.0708892927722589,-1.1844686037703034,-2.5179321053668753,-2.952204969387913,-0.3265033029181362,-0.652584803396681,0.11990894632399522,-0.16862344607066596,-1.6673730301694467,-0.903459628255541,-0.0547780112447547,-1.95055942922187,1.0419786011858563,-1.5565698201034353,-2.715710771357438,-1.8644261497208399,-1.445905569479056,-1.10625348265025,-0.8420253142403564,-0.9824951775606855,-1.385354692968295,-1.3259828087117203,-1.5386175319900917,-5.559083882869741,-4.897732536848222,-5.02133128552094,-5.2528542180712305
-2.2086199082582008,-1.8727102983590032,-0.7042742998910607,0.08623085285949844,1.5971630050883945,-1.0703768037649515,-0.0018352738342700841,1.4174186038331402,-2.0671682165462313,-2.303887345400579,-3.235358386670133,-1.5213438364943972,-0.07789739515442266,-0.5149716819687562,-0.6163647973920294,-0.0017268361186970843,-1.4656130543834682,-1.325944313452111,-1.6123609642494865,-1.0361694909440016,-0.8946792255459597,-1.579772111072569,-1.6420956400442328,-1.3019422730827923,-1.4614548918965364,-1.020588502207012,-1.4736695193861948,-1.3075059713055208,-1.3581261741583956,-6.628816208531879,-7.583665399592927,-4.4551075505417135,-4.553838787610191,-5.820874284542954
-1.9569651516516835,-2.908745202725425,-1.6495155889360642,-0.4634056628395748,1.1620964828633897,-0.0964555444904278,1.9412021386064366,-1.539152022731712,-5.631185594994662,2.3942798513056243,-0.5218167670067752,-1.8632681137417186,0.15569718574770008,-0.3080266588418712,0.1295118517767016,0.8275095440876045,-0.11587113778337459,-1.5874557754039538,-0.13233845445151635,-1.470807175550354,-0.3539997837414582,-0.9269747962456786,-0.8452134438746542,-1.5461431063124145,-0.8695296286023725,-1.8864446693238575,-1.4371810478592355,-0.15820383996859233,-1.1645413015134214,-0.9459451340001185,-3.924780379115843,-5.521552405639689,-3.4597774000426504,-3.7736617306955353
-1.6111501344958534,-2.3623692451812444,-2.526728556271825,-2.280150044131664,0.08975824594850572,0.4073628936469155,1.218756228004838,0.013083135014803515,-2.9874080853911003,-0.9317658304027097,-3.0549979385974386,-1.6585993891595476,-0.3416021050700694,2.060003044655668,-0.6531994114172416,-1.4049784515129484,0.9284371044470638,-1.8457621723401993,-0.5509182045424129,-1.2487905397459222,0.48512742724212093,-0.8558207959287027,-1.4567864618500426,-1.1599126081843076,-1.2768010236360818,-1.7079455508665218,-1.6733962975911678,-0.9359298787004154,-1.1548413176236767,-1.2648766337397177,-1.244431407500997,-2.1556455817521494,-5.180061629345947,-1.8229178525617453
-2.0310422086210886,-2.696226196598642,-3.1531832728101556,-3.3055420727116576,-1.234054586710961,-0.29343201431525767,-0.6665388502835063,0.06776118666876829,-0.4352313401418417,-1.870631020057816,-0.7769858525765084,0.17401877940548213,0.9531414986590958,0.5110922740470829,0.6561108569472832,-0.2881070817340519,0.5029488570131373,-1.6854667951493387,-0.676193234993666,-2.00213361212862,-0.962676059161279,-0.7898049334639121,-1.966196522084024,-1.216647330104255,-0.9484581068588525,-1.282007989330615,-1.0907335177902455,-1.4094122074490403,-1.1128988495947107,-1.5896194014387688,-1.7318465068811733,-1.4651696616766987,-4.52306889659193,-4.423380124235864
-0.8941013807602949,-2.433607005864676,-3.985585062166497,-4.309943675563529,-0.8776539923194211,2.366105776832967,-2.196399821482705,-1.5212690816619525,-1.9167221501237108,-1.3212681205444547,0.057626251490999175,0.36139485872428945,0.8813140686662554,0.5871943636940931,-1.93642534292259,0.7798011424898887,-1.2595960115404115,-2.1618283532530604,-1.098629102042542,-1.082526031150026,-1.4959628572792427,-1.4983715864902745,-1.8653873868859452,-1.2499607513054547,-1.5455545232060652,-1.3096925415710063,-1.3680512363015958,-1.1657856751325881,-1.6254178314934997,-2.37110233840984,-1.583222585785273,-1.979122107054745,-1.347106806283456,-3.219558363153555
-0.9824401697778882,-2.2991835392945625,-4.3804353070900035,-4.466252892127896,-3.313294393637522,-1.1005531184064132,0.1587816927733806,-0.324772411961256,-1.6344003218031906,-1.172840040259924,-0.11187063907561787,-1.6224956010918703,0.7866313605763767,0.04131611843633591,-0.7323412139043487,-1.3735233573552406,-1.7370732594366034,-2.1230193205333654,-1.5737284325225498,-1.945771015992774,-1.5453292429555487,-1.6067177283163292,-1.5792459236473522,-1.4051649418490795,-1.6691468329944033,-2.2485608944820537,-2.1500127762608927,-0.17244868615216882,-1.9028226008342701,-1.2481545318375322,-1.9595580476975087,-2.665757767333629,-1.8559526783466795,-4.32749714403907
-1.4351574460735095,-3.1508072184250846,-4.614726384272402,-4.868336272268943,-4.146707878681154,1.7156993350588523,1.0275248648374253,-6.018565223144938,-2.6190637357944015,-0.08973342938107554,-0.16726048552888662,0.9410640659179957,-0.2159471894095723,-0.7418423148961782,-0.6483480490571045,-1.1852696501687237,-0.6299118955667536,-2.265447254102198,-1.851552925265652,-2.1822773089149177,-1.6546820217021703,-1.9674418421771986,-2.3131509302949094,-0.9851488390595727,-1.6385257449246393,-1.8359746599662419,-2.927917491136326,-1.458059555908198,-1.261432405964317,-1.0289522618854887,-1.5067899243847473,-1.4909111067336278,-1.4092695633231065,-3.9520031793128085
