script/wind250m.json
{"header": {"parameterCategory": 2, "parameterNumber": 3, "lo1": 6.000198445256149, "la1": 58.999992894266676, "dx": 0.5, "dy": 0.25, "nx": 22, "ny": 24, "refTime": "2024-03-12T07:00:00.000Z"}, "data":
[rows 0 to 23 of 24, columns 0 to 21 of 22]
-1.0768307343213295,3.712941902903393,-2.2422809244320874,2.0881799830181955,2.0852094962880203,-0.5198962555492201,0.8366670822490376,-0.8947544568284556,0.11560970078804177,3.8512942432106096,-1.9877052753403037,0.14555993605636788,0.804840775572738,-3.161514773629171,-6.56641080261683,0.7990395088389846,0.2939714472042582,-2.4658106557141037,-0.39269369886319905,1.0842206893964175,1.9157248856569673,-4.826538504913094
-8.190060085568813,-0.0625083706841404,-2.2144026750661245,-5.730807474577115,2.3920073611747776,-1.914732932294156,1.952484681657609,-2.272459197579846,1.9995614113736297,-1.3021209375946385,0.444200081575512,2.5496561804195346,-0.1591625914251292,-1.81891398011679,-0.4923326051853986,1.0269801563804788,-2.0897367427137596,-0.23747414153387128,0.8089729001379055,1.1390255465225454,2.7402967852583844,2.7528061016661214
0.8932130410172985,-2.8898200697261927,-0.14756035820157362,0.37234239414811915,-0.9268994814435615,-0.17611168728247684,-0.6994172748502353,-3.539608410040304,3.5366781356328922,2.3089901252357214,1.7212325752704705,-1.0167065701410198,-1.0926482200855587,0.09422621229916206,-0.5211284487720257,2.152061462408347,3.6758006833989825,-1.3671131974541992,-1.0302827772517786,3.3102379910947106,-2.4462164730557925,0.9190754013681661
0.6501422129930277,1.3405043063459132,0.7446767200309776,0.3727952438659394,0.6128148447609744,-1.0958764478919563,-3.5865764038280354,1.9989706894905706,0.5614327456623383,3.0018822863500723,0.5676302905262609,-3.140682321326656,-1.0505418315489548,-2.3900754394923642,-0.9501104536689162,3.4318262011316287,0.6194089643680578,-0.7341937205047694,2.7955358045968026,1.1921706377731818,-3.7358302323668573,-1.8036471766029945
1.2553504393910138,0.8858905966992032,0.13865826217104324,0.2532287074872648,0.9456412647929502,-0.09446825475570121,1.1933899467402416,-1.3989546944080589,-2.380134832022952,0.9708099051564876,0.9773701844402815,-0.5124698009752321,-0.8546554517975736,-0.6300465144512643,1.7097656991699393,0.08154396076917128,4.375391581787521,0.7150307347034394,3.848049508187789,-0.984135598666092,2.517319994060917,-4.085742959269115
0.39437418616513303,0.5974179308079963,-0.6489418290125151,0.8072293204914314,0.47416315824405575,2.3015368576022794,-1.0893465553974127,1.0409284604178446,-0.3100951116547607,0.9955826309388326,1.933126751471296,-5.100546442703785,-0.09059174486630232,-7.319529628189502,0.514210153797471,0.782187030516484,1.0681545666581025,0.7534652606631855,1.4510601763095536,2.996435905735862,0.797166124967515,1.8123310124489151
-4.561391649702712,-0.7869070501564144,-0.36955012833305245,-0.6343292261505951,-0.5765181600158077,3.5668928913827047,3.4593962602736994,-0.8724951403695017,-1.6971544270759404,1.2335494544217496,-2.117421278970654,0.5431412500664797,2.0205196496988,1.2620655042225561,-1.4119754159958489,0.24971212872753978,0.25650167087289416,-0.2702005564334144,0.6955831896141113,-0.5507962385463323,0.9595372996710995,-1.4462768251453386
0.5532550622527496,-0.4154246652991088,0.40840521677146524,0.5088996914806445,1.5073930834497742,1.3974036333669044,1.098168854915598,-2.0532502798140944,0.13956813003951515,0.6265563526996175,1.7098735000565874,0.04088167052932972,0.848942472237694,-4.612497948460664,3.9921273882637367,-5.615557555230438,-0.503963773368196,-1.6645640880210308,0.5630713954899551,-0.10339390357956744,-0.5698704833114663,4.833848270676921
-0.7691139099897761,2.3705670212909973,-0.057914214377214134,0.7269608753684111,-0.8789308065123559,-2.855382314369548,3.3602183418904623,-4.356346826700656,3.8725939895265054,3.7126188628606775,0.8360842560223427,3.751966684126752,2.22716288033515,1.9073700168539254,1.1860241761683021,0.9094162381981765,-0.7631605598543848,2.1109379606277403,-0.23239156525483037,3.307610544687284,0.4305043546702705,2.5017599615429953
-2.00994896419439,0.004768214282494275,-6.78866469818996,-1.223041915773213,-0.8457396657221292,-0.0691492275682839,0.8988028362481781,-7.490022025414377,-1.0544767127451404,-0.8596977958102481,-1.430612419752177,2.071701191632712,0.7953885810020325,-1.2638347705978992,0.37535794534604794,0.9113148037336591,1.642634853814104,-1.4356236947824996,-0.799346708507256,-0.683755764417378,1.4105241859951325,2.368794485210026
-0.5359344575986127,-3.7859453140882606,-0.3690707373702679,-2.64061335715519,1.1133461787978316,0.6648608185067166,0.96950814151095,0.5389985680621668,-2.1062775943659675,2.1049616037915655,-0.06595043110923751,2.1853598765816376,-3.6894114686041966,0.23068346610769175,1.282643545452262,-1.091860698218118,-0.44675911545529534,2.28166814715068,-4.5683611240296065,-0.45706597717086095,0.28241026098615907,3.9180872659190737
-3.505569002194051,-4.9449752333957635,3.685449358668971,0.04877299046340103,-1.0368347363870223,1.922988294568142,-2.1875689817010757,-1.9051665742630643,-0.1284269565485648,0.45085204391702294,0.1776343598636706,0.5975966306760714,0.24339412826455512,-0.22261602911722525,0.8420039727518825,0.39144838678624977,0.1572220835183356,-2.9788064096432665,-0.44357161903457076,2.147766138169233,-1.3552470555794136,-0.3451185027266584
1.864892460170255,1.6580324486801492,0.3251529059124444,1.361223656813383,-0.03747230840702594,1.8002559455271223,-0.9719775768948997,-2.0553212805273984,2.142164302705015,-0.374997441856045,-10.016151746660132,2.258635939553651,4.315429987216987,1.009883428443855,1.5450950601474887,1.8416557815093013,-0.07898036866686559,-1.4119170978330073,1.4485336207005732,3.684900971870772,1.8925305326613975,1.3046153571581105
1.3802107067798313,0.2123336721618507,1.4942225250459773,-1.111261499613903,1.7470487752542148,-0.9999109334858493,3.836286837803874,-0.4029731590042948,1.209503179159339,0.8639465336528176,1.4373985655956885,1.4180658980428877,-3.311720865241872,-1.780867987658489,0.23621515992510692,-0.4117766822806407,0.46429381181700524,0.7191680135471119,2.811552413889771,2.0576474468230495,0.41227568588125874,-0.20206186404599977
1.611845228336646,1.5785263732677022,0.3310861414201321,-6.508525049257046,0.6099198481334402,-0.36422074498797197,-1.4225448602061201,0.021406318350457847,1.2037575836868502,0.1585229737012008,1.5003926193335795,-0.9147128068049567,4.008237370197823,4.196918602996865,-1.1263231082786933,-3.697187736735859,0.9392393567373952,-1.0061266791254957,-0.8516760869517241,3.452493537850566,2.4155406629386156,0.6258427564517653
1.3524092883760122,2.778759382120563,0.8012535497508205,-2.7337254480565814,0.46754818569912426,2.4408231841988193,-1.1506816510996614,-0.28363977908085586,-0.701659448983835,-0.7824706323879026,0.782991363322551,0.8063021790992263,-0.2945503648760093,-0.9230375520386876,0.2558164315082955,-7.983503923182008,-0.3170645002741838,-0.5632982971357805,1.144099392203319,3.176073311814687,3.3325545770341667,-0.7076419070854043
0.017525178495579045,0.8498257202547383,-1.946150089944342,3.6315502707576424,1.185574289771628,-1.4491582804347045,3.5830698994707384,2.263047273999019,-0.2673168285861315,1.170450121539816,-1.866198003816401,0.05317296408608247,-0.8909381524568845,1.7076439016888814,0.3760031212994662,-8.782286804502107,-7.439168915239707,-0.22615881802377527,0.7801523700398388,1.7749943458534223,-5.339302345386948,0.6662747091034463
0.26309657170106254,0.20732566135015862,-1.0792581554721608,0.018536890074862228,-2.645487827639666,-0.07499792689973923,0.5779236361218406,-1.6526134704883222,-1.3952573461239581,0.18316351688447924,0.19245791150926328,0.8246925504809027,3.096745688279008,-5.1696415784562175,0.08086171472928064,0.6698782119344001,2.3706096221747464,0.6167954989750204,-9.89197708227476,3.284315116032502,-3.1505282418118203,-0.3064710205348145
-1.3932196932932157,1.7846687610839782,-8.19181029352695,0.034245520095889485,4.221447264847948,1.1056930473633992,3.7984580987098444,0.6721362011825424,2.1354045865193454,0.10209391098322784,0.5782309754439254,-2.3273132850080525,0.4483542819889315,-0.5356614546318321,-0.6811660118494114,1.4803233567704546,0.4080359597961511,-0.8573292403721618,2.5587244766166135,-1.2849914554840092,0.07233983460748276,0.16603847560514615
3.3561017070854504,3.4512439571657887,0.7019729276738181,1.0518148124335542,2.6119477634372865,0.44911689006528166,-0.7078996520149682,3.037438326867903,-8.82827661279239,0.5580322581247033,1.3298695834606244,-0.08990654500400519,-0.7940622856058462,0.07134345606811446,-3.2364852783280753,0.08576901651077683,0.1739861991107593,1.4560674575507715,1.3642159491407193,1.604242929164346,3.701010727656111,-0.2570593990232191
0.13166202423143275,1.2819621558681629,-1.2980311534477353,0.15791166658809702,-0.6284275314399015,1.2483376058469629,1.045234344920939,-1.4733066450498693,0.5098962986429012,3.8068489755030477,-1.6551086385448426,-0.2543395325710511,3.2219884524553972,-2.164264282270358,0.8285541608226703,0.09765113507118882,0.3053809269595549,-1.5143126750718527,1.422526236972145,-0.9301567237338422,-0.09224480360526846,0.8174634506401974
2.35878909451835,1.2555786589791986,1.001677698423971,1.9036118448280221,-0.7935309171804303,0.9688445896211796,1.3899808931612054,-0.01880450383411421,-2.880076186079158,1.859442565381608,-0.028541339055191024,4.0512246726527525,-6.929583631328257,0.838007174867486,0.6441932740474802,1.6278932106711796,1.186068921709387,3.441656060514775,-0.41754775398722466,0.49596681788867825,-2.492094373925255,0.005591898793640057
1.235700095576071,-0.4309214733553568,1.5100711443307309,0.09146133084146102,2.298595904784595,2.6800355630402795,-8.37189313495629,0.8545942954917484,-3.3003925696144774,1.8469761403449205,-1.4190154288774104,-0.844621444735444,-0.889175851650382,-0.9261414082166142,5.045457445053493,2.3885309040223643,-1.8664891031712512,0.1836128805190236,-1.4670386703620408,0.03855582241001338,-3.322155720142541,0.47319335309515376
4.751003436347503,3.4592406722836033,-7.069432486045781,1.3514645644071832,1.2240686557832396,1.0233116703867131,-1.3887007420183157,-1.2346144561232522,0.967114828697371,-0.7907466526783765,-0.785386170132835,0.8902330782011673,0.6119260035853454,2.5204983842884277,-0.5851210609568535,-2.2018336901440683,-0.6811098733520148,-2.199664993696942,3.0023735429265153,0.32677621720000005,4.517098449654844,1.6357299013984328
