script/wind250m.json
{"header": {"parameterCategory": 2, "parameterNumber": 3, "lo1": 3.000054539987559, "la1": 64.9999836372058, "dx": 0.5, "dy": 0.25, "nx": 34, "ny": 52, "refTime": "2026-03-11T11:00:00.000Z"}, "data":
[rows 0 to 24 of 52, columns 0 to 33 of 34]
23.188013620855227,22.664733206387066,21.843301771337934,21.05683807375139,20.492216093385924,20.389407536821476,18.24008297059197,15.105060787069872,13.547922764131007,12.74738637463662,12.093136129312365,10.627175511870275,10.49868595014105,11.411884649551407,11.75820017344193,10.657569648563994,8.010069082659056,8.997227243706613,10.618221969690529,19.394488102316213,9.167673391105922,5.947135029904659,5.163284893887866,10.796541441658135,6.569339454238551,4.4632980469966235,6.384433990096689,7.009346195723481,2.8838220295571206,5.5493255663962335,4.267601460238016,4.463449886589722,4.521520426595974,3.576308933887266
23.336757717858625,23.69355767004793,22.907957182863075,21.796822082665464,20.109244882938224,17.706067698677963,20.003866501912523,17.472742368181372,15.594633489169588,12.538186313815496,11.716329085516355,9.591639846347892,9.52781059838101,9.613338754741196,9.05979029948755,8.639464919761389,7.582771130708563,7.828046471064286,12.61038828738707,9.425963210460726,9.988616175323553,7.5118905346489075,5.095112823959811,7.948797872399598,3.665899294555177,3.6867122729806003,5.417658120864223,5.304274986551691,4.281881632709967,7.230547451643785,5.288365674582498,4.7114851886121345,3.9306715897339672,3.0183751685855076
23.46313823618718,24.024423565943426,23.750007778764466,22.50707654185342,21.476031732981376,19.337179478518312,17.908247042086494,16.630769847499998,13.682117433649468,12.478951463835825,10.905686615013506,10.184741198644014,9.457003791967368,9.46470558442899,8.725344137063548,7.2620838613186285,10.886398288752764,7.785518248295573,5.909808049518547,7.866737920378366,5.652369420905811,5.81154952655686,3.765507686078775,6.179962589384361,4.231666035841796,3.512070094016212,4.316835622492288,7.442423333543162,5.8401298297203965,6.711021273839987,5.921875860290294,5.329890756233349,4.30444572041499,3.9585985256968685
24.14040333427947,24.29547497506801,24.200194690577263,23.267190169434457,20.77827759191349,16.85994991287336,16.63753873632035,14.311087569537342,13.420179535844792,10.267522059354116,9.487028090148991,10.885530743779642,11.556468919311207,10.639933436641934,9.37591770737581,16.65221343875558,6.367298912453362,9.252400496977378,10.257231591873557,6.143838337685067,14.519040322909039,8.057449730116987,7.266447562292573,3.1457940435137606,4.203651469471497,4.859555320707838,5.431148109769412,4.654631566650847,6.486656031788292,5.552093383022235,5.3523911898801435,4.422651707511553,4.0234030819045135,3.722736492625395
24.39894567541807,24.858053243575803,24.571068435436356,24.14460308398476,20.8527098145165,17.728778796635844,17.29262412117864,14.210993288673714,8.716029262538415,8.645080896520595,8.169362136800958,6.915973378989192,11.458857891760541,10.438821955457255,9.770167645687955,17.13726239677564,11.479898734942921,6.660854867131747,10.355187366889092,11.265117994749723,13.046757502114914,9.826978969019303,5.370756209356971,4.391717710818335,4.574262725828644,5.0973615215259604,5.493094018677438,5.131594577053318,5.4859750815492365,4.8990016071046325,4.361133146683178,3.8727448486250053,2.72290215855603,3.141327934871881
24.897455509748415,25.418175731555188,25.501033653936208,24.610539271719208,22.36423647711844,18.5339069213284,16.716711759993597,14.216893322081958,10.685168377217924,9.286632315658437,10.218695111340908,7.834006544844275,7.4693788246020825,11.760443841210545,6.004836677620264,10.374683418176332,5.873130541012704,5.561380154466436,11.830345062696242,9.7779743187144,5.425724028096081,6.341219182018921,6.149059792031068,4.177750057615748,4.649783468346537,5.758814712755635,5.113899305916525,4.766646067736666,4.2182358752235505,3.3248716746803364,3.81695616449194,3.5298562259311397,3.931987264766643,4.290381645378283
24.869637050364208,25.432211296242578,26.076058944187803,25.391777572607687,22.89337153878688,18.87433467949799,16.230590691792106,14.755088745692344,11.17874439553704,8.136663763955145,6.449899393723734,8.805550314058545,6.849035059319469,9.412425806017662,6.693256502125495,6.258568434795633,6.025526295077199,11.338839669542043,13.727072868702075,7.28040752414307,5.225052081425922,7.245163770990905,7.1022225758267545,7.648062093354988,8.110027111324863,7.267066501616722,7.04624329588071,5.3685282350529695,5.435325394136104,4.177812861293632,2.717491803966157,3.205335967789457,3.4150170617485145,5.402430215109087
24.469280314944893,26.003466705189275,26.32671752115701,26.41129658102191,23.142797597417186,16.76125056943971,15.832808080255207,12.713077418462161,12.08306554787219,9.063098291962255,10.333780698686482,8.630810172908985,5.841503870859402,7.940637530726906,9.542591119251014,17.1929208795981,5.879122727423148,16.09351734124022,18.10207236335781,13.303550912173657,7.151290776128415,8.675068475485208,5.407654320386681,8.310446148757508,7.313069437250374,6.558047564730781,6.078403198513989,6.9791331877035825,4.566630833536051,3.918957851234413,4.427448252189897,2.6347281720490807,4.718846178194359,5.668768970239379
26.18756580560151,25.530340808925654,26.36585979744933,26.929643460542106,23.203956045002887,16.055067797691773,16.008282683292908,11.01157157413891,9.706939195975563,7.8298110585186995,8.695695207187876,3.6968719584092056,8.640123167904228,11.601399870889471,17.103677178196104,5.8882211643491456,10.482548269690174,20.176230020878855,10.389208391382706,10.90595587156401,17.9627058681255,14.334200047899603,12.975705490264431,8.40530092888201,8.66985361115818,8.113712482356311,6.805132950527067,4.9700701663440245,5.791068034174316,3.335013348481743,3.6521840641078347,4.4272504146477605,6.371434311969439,6.668932298188423
26.586554582194356,27.263815397959743,27.015977145119084,27.37557097347278,21.302535413472043,15.19947475155051,13.74326536046312,11.151095903848491,12.033239987623665,4.955713481026314,8.220728446302166,11.639083625114578,14.595152078838796,12.08370197979051,13.693796987979338,21.807043426630877,14.86932013949425,11.81540821423774,9.753270195621479,9.645596084835223,10.81753121244373,8.990195402407181,8.423592160232307,9.144166851218062,8.30821600837884,8.253993543716476,8.094447749033778,5.7895614501123145,4.318966553786614,3.434927024590197,5.279098305833359,7.190564749643441,7.472911441708713,7.030383836675221
27.066534283203495,28.070379786045518,27.372447985611355,28.614602514119355,20.883555473314285,13.123940847216309,11.428267637052711,14.481791036022901,13.932646800605374,12.087782873532696,21.392926489633165,16.172046942943375,18.48402507954136,12.995406608545968,15.783953489634149,13.808816292794235,12.31016981204851,12.075725402981954,11.581335348238587,9.873887921162945,9.809076826913548,7.823256589789096,10.057705483976733,7.977366844538291,8.334342671807432,6.01526325504354,4.685267243042313,5.67298501454428,4.071992840819914,3.879774660684122,5.079342150351949,6.821997004642245,8.80137692810804,7.607046324194986
26.552274595413284,26.94572517929169,28.23189886003116,29.025218687613503,20.980130046872095,15.328988412279413,18.710121757279172,14.792639570908154,9.470920930081448,24.335289467985994,6.566174996206513,11.426711138116987,16.412854294434016,4.59806942126937,12.689794351797739,10.706078739770827,15.291648803147838,14.615858181395087,15.034131006082296,12.519693329949572,12.904570233600994,8.782495761001858,9.263394585326559,11.320835990379782,8.270578522062856,6.650110228286013,7.3482743716272765,6.856017172837472,5.692092868335654,5.409475208671596,6.643677060224812,8.042069817498108,7.9583642021008645,6.293421012831311
25.76612183324195,25.99526509608953,27.09750254979619,28.308443126819686,21.901923230707542,12.62734607608586,18.493285333159996,8.796363955160372,15.403326990105036,12.073959642778458,10.903422469453602,16.203565189644824,15.363526341384196,19.53794002961835,15.998458856213247,19.057798070492524,9.854286182618628,10.031709764203919,9.7291500118992,9.207869265986258,10.458158731254201,11.187195577295252,10.78571213217941,8.447999807011337,8.45824066104746,7.014284635801101,7.708267620598466,6.765655935402934,5.2937760145254416,6.056248110141544,8.0391588122538,8.09018307999434,7.005717389026617,5.800154230215568
24.848936866198763,25.58011518164791,25.63354269351874,26.158040442253302,18.09234954020298,21.60310989097125,24.935800011721074,19.175627782865288,22.514023331425566,19.359228026329717,23.81986877463415,20.746149336849374,10.479659606368614,7.053354402976634,12.500317602559504,12.111156201290463,12.509581969580001,11.298777049387242,12.97487775716296,10.892276916740842,8.145784716187652,12.539825493641805,9.304245371828125,9.933670431647677,8.264259627432876,9.356899989670083,7.546955337713112,7.929763841474489,5.417278081667334,7.112626208627345,8.51674268437494,8.108029708538712,6.903482380096955,5.532365113755471
24.25484543740582,24.31090349120468,24.95330356041205,26.125086418800585,17.088458321599838,14.39165339401605,11.675326999313373,18.354502668636517,10.351804662068071,8.775067293383405,9.670298423766166,11.05762122513568,16.720866550054296,16.771963935291662,11.888208936703892,13.144473734076927,10.696957204510008,9.60589551813071,9.864218517469292,9.482660606988862,8.145482684167202,7.726669981319489,8.746461853819971,8.276136887160867,7.873862446502429,7.884532539882139,6.480879878106654,7.497982302291671,6.149375391824476,8.906686516909494,9.66805258330691,8.89725850228331,8.041713895381667,7.288193051219419
22.989182011578983,23.04969132711075,24.05385838369732,26.026660228810584,17.60163619646516,12.743667145482078,10.849281151246277,6.638548188495184,8.214147726765487,5.848002407408911,9.9856372216204,16.075399896914192,7.342146489589496,9.915464629232188,5.5071058119233625,12.341613929559356,11.842316038913445,8.081531588269407,9.146104160146317,8.240209528888848,12.32111480955149,8.221354312819061,5.408577831573536,7.3763826089006885,8.226787751445721,7.133266572750399,7.840260455400423,5.200346433792413,6.998077963375074,9.365563508679742,9.891667460687414,9.21114946599325,8.189460327963596,7.711783202495274
22.06313505800243,21.928850190166678,22.61814282124057,23.94680807666731,18.333945785076818,21.28245549431632,18.85986220983768,22.614006210019966,12.08559395221665,27.908589106329018,16.84784424710354,14.6681595753124,9.062255104222258,5.508483640269233,5.403291953852587,4.788958911976224,9.287140411159173,9.71213799522277,9.290860556068214,7.866796311709935,8.304315271520641,7.917393083475098,7.812831292089112,5.9353767627814715,7.9203690369734066,6.959859920008592,7.597457035435255,5.907183785712926,7.5045279264045,9.743830806315614,9.185030354423901,8.423631919533234,6.769333260379724,6.726819722865478
20.775784127783638,20.621532389180647,21.507242970481524,22.385203783771615,16.211653467731207,12.607027210783817,14.914174785434813,16.976215959529934,17.173831586421777,17.310431530396023,11.849099334331594,7.827071505040915,10.35007041021971,7.222272487685339,11.27673572916999,10.147974246024702,6.499065763194296,8.864135366708819,9.898348387172708,7.764574180171117,8.688312406388897,6.514796203222837,6.860191978440154,8.230142578923383,6.906208872851596,5.198959766409152,6.484499106701195,6.9368553468968095,7.592317950151106,9.691977693439819,9.595701528370581,7.738572858378076,6.731908926022853,7.059277374807587
19.674046459157054,19.441843664977657,20.273336581048778,20.81843181529315,17.924753203286105,13.739192733754486,22.564568668779504,7.883826349913488,6.239625779617836,13.436948896420118,7.366280796041813,8.202933325699405,14.317191250810058,18.09797776903234,8.230637890500418,10.985181720498755,8.398190218309855,9.451968883880859,8.672359083637993,7.695488949409518,7.158826360962731,8.454125745746813,6.8966209240164735,6.351837223294556,5.790053205276783,4.8641462253614645,7.6094076561747706,6.937711642152095,8.259616997109694,8.817028288686664,7.995684887031631,7.6708118498318045,5.804578780838186,5.696123671036757
18.456039373647286,18.243805641580323,18.819559628397215,19.961284058680487,17.56357821358255,13.18995032252004,12.432278786944217,17.406860550028192,20.101645517134635,14.19381255684546,18.825747238775765,14.641598881502992,9.040012392690274,15.817728117504254,7.411757934991135,13.577882379620753,5.932315256776781,8.475977437546135,7.544911369587411,7.641700915062064,7.2857797637654595,7.974110213982192,9.050996261794051,6.5222567972586,5.75121258034214,6.657970041308283,7.336463957492082,6.458057146199069,8.399735731642942,8.17429642542553,9.38949405034461,7.289071542314174,5.957259073965347,5.69307511619244
17.459425156408034,16.96160407994415,17.621397953689947,19.288542334387888,20.094688810006872,13.634647471159422,17.304096453724217,11.136323110637635,17.626630739760035,18.975876774880085,19.3297024306272,13.730343124384357,13.38964123364491,7.628029632762071,5.717761129283129,10.032462467458982,9.043753423307818,10.570613152365425,8.441239796195344,8.279513419219207,7.580038900342287,7.762519092790763,7.61116274859169,7.436532399890605,7.813946856544111,9.3427661464011,7.966745544711107,8.360087539957167,8.513360924723735,8.3994887903438,7.391829395905653,5.763983518366846,4.440311077609521,1.9369265613249222
16.45467068477785,16.273927887516308,16.665822997687226,17.223377203231983,18.588539135565515,13.268845618575165,10.2215927434956,6.467385935285323,12.038065140789895,6.61991398044245,10.114619872068939,13.594571388949763,8.065501521715698,9.895163846079251,4.177795522685663,7.811142836752711,10.24467920044934,10.784245906745188,9.064611706915935,7.944420057524677,8.861408499746865,10.279325801701377,8.611766757666953,6.194871389904894,6.417367922519425,6.470599726842637,7.778107186006813,7.528728768490502,5.998988018346168,6.196042689706163,5.880208342211729,4.733152183107492,4.355988575692591,3.3267485888484223
15.562567618683234,15.34898900632179,16.447989260975636,16.59222263759221,15.622735978092598,12.811443697604386,11.982192904180758,9.414539498347997,18.20593153481931,13.306909954090713,8.580685976239717,11.842837953415863,14.64865952113913,16.365955091209255,11.133385649330489,14.535508317601527,11.995647205844161,10.51684572487803,9.239216343580962,7.656028710634047,9.838617324229862,9.282305249158467,9.861285316146027,6.266674690401511,4.911746533482822,6.840192364847004,6.7363310526114155,6.3570196756388935,5.175617429932959,5.402588219384518,4.561870927614921,5.247839557950126,5.194216645160894,7.371848924870413
15.072859924426803,14.900235575604068,15.405542474284529,15.541798494562942,13.953647842700299,15.146125357727467,13.09512243364913,15.993750437051693,11.969231543932883,9.070791035608334,8.161745449407778,8.173200125665948,12.351162721545581,9.53191237997928,13.930588706334472,17.386109289426404,12.839637752209784,9.952691757580816,9.086681359948598,8.968011240567652,11.165114338064608,10.23321077615569,10.149177238576346,5.832648733646318,5.728222005386822,5.6198872448021016,5.966362776955657,5.912414403259887,4.532871752802883,4.91225514022047,6.0687996822088115,8.105036945716071,7.712979218916833,6.822262054278937
14.43556169574238,14.367132137567408,14.894891707677731,14.90063799088269,13.92334137178177,14.062700084545558,9.293115237506415,18.123187570921804,16.355769173200233,6.487382153797401,9.41757470094299,7.8288232429284585,9.858996909608766,12.733296483579235,17.38107354441799,17.630705547060273,17.95276899680708,10.59378614761081,9.228654477283817,8.034291824896222,12.545269718049962,12.917484042592854,9.00614393249145,6.045021778043317,6.663581119463792,5.636792954086347,6.357272541641582,6.139579077298242,4.59852445363299,8.122404801431413,7.2119689045729505,10.733313450482003,7.717247624048932,9.497472693403402
