script/wind150m.json
{"header": {"parameterCategory": 2, "parameterNumber": 2, "lo1": 3.000054539987559, "la1": 64.9999836372058, "dx": 0.5, "dy": 0.25, "nx": 34, "ny": 52, "refTime": "2025-11-21T18:00:00.000Z"}, "data":
[rows 0 to 25 of 52, columns 0 to 33 of 34]
12.31382684761213,13.72990555304656,15.273850139041521,16.643967476134797,17.18757009372223,17.751420065433955,17.64049824524545,18.531879907213764,18.458761950881463,19.96524646598664,18.747572112561738,16.49240382069249,15.021753883702203,13.681816927898238,14.388491140443897,15.717148868104077,6.743520522031187,-1.280694005856595,-1.2990525675380595,1.8966787246161851,-0.6261798926459324,-1.2405445509063766,-2.058007680485494,3.4163704415319756,3.560535660705047,1.5684578494359542,0.32027720556502504,4.899531913580731,4.873165627520728,2.706902980145936,1.1979826787126786,1.5421462859162602,2.3763867138309966,2.36878786268244
10.804514506114904,11.781568543242631,13.133829398380074,14.41782988065769,15.336474127335746,15.912375863028624,16.79095287584652,17.25552133315878,17.58674087518148,17.57533096300932,17.232154306996236,16.260071138553993,15.605957429402096,14.204764990475441,14.758739567213262,15.458577694442905,14.715704016052582,1.7101919632292026,4.631001414584473,3.3985809871053987,1.3321060393716206,1.433402195754693,-0.4490913473536476,4.913711912640441,-1.7075976244123727,-0.9918547398488823,1.301854709610416,-1.1930086360496701,1.817793075377971,6.303262697062595,3.7858069237077654,1.8202699368880009,2.3975917890831395,3.5165436646678807
9.441439527911133,10.192389094034137,11.192074765065302,12.108803771131605,13.31921666122466,14.264715161656344,15.129239998982017,15.964409373856007,17.08709324199482,16.579536218739907,17.519485081241328,15.262137567588304,14.784713400751935,14.679320077992074,14.649008782039713,12.653268420189674,9.723755346848357,2.498747083601994,3.2204242718191995,0.9179752247989144,4.983388743540781,1.8603567903990517,1.313402701332961,4.446297531176244,2.2401738104851674,-1.4150878358277055,-1.455816183556768,3.3317836709529733,2.8306110066323082,3.9843795824822092,6.321333205173233,3.1470811902450198,1.479120231701645,3.546501986973718
7.892847814782269,9.546623106932024,9.978532940666135,11.146303397717286,12.194267994504314,13.243042384243498,14.399265996762425,15.608070553620466,15.292988945594807,16.343698967116595,16.099345885029035,15.426539043879718,15.15067242166604,15.229865508174944,10.755743346695098,9.190468516511546,4.938941138656355,3.423648350521334,4.962456172931636,3.821666947923781,5.044426916362642,4.258332921994956,5.151788346012667,4.652202804074918,0.27472310077466877,-0.8913999393937818,2.696315667608907,1.7451540601573132,3.182318643391169,4.019649872193832,4.144157942937937,6.193302533951051,4.669937671968618,2.945249007522433
8.347212345036404,8.435405199884725,10.01624710327681,12.24932215533703,12.70846165729361,14.519296723228779,13.781721910916225,15.016374070859495,15.098479850620842,14.87395169202532,14.787404968072272,15.263648826437567,13.529194164948407,9.324334251176891,3.5739896003158043,6.421672010429404,6.3350450820468085,4.552128277721179,4.816660138235436,11.515869642234794,6.407120147475759,11.032626100459547,-0.20971382802212735,4.273114401695178,2.5311321720375037,2.1796037526175396,3.357237342149778,1.2393169198714094,4.62444272628993,3.6106340561201726,4.852188287472656,4.98411960584979,6.045600663342025,2.771644462583898
10.759197139807933,10.811666769808104,9.571766715409584,11.004246426578103,12.418524947685952,12.681652143681974,13.267587173236482,13.916132000531544,14.16950730922739,14.046190273442905,14.049042724544185,13.378045286246094,10.993161531844676,11.76926212221635,5.419721086395055,5.840529818610031,5.709033276706571,5.1687803533731715,8.014957478786197,4.734098601334418,3.2044413979940787,6.448251414404705,9.410313623274432,3.577290607670301,2.703098187023239,2.0490970172856655,2.8675589552895495,3.953278388222078,1.5907103610121023,4.854727028083654,5.908821494341252,2.2548564978073538,3.5639870637777222,4.568732688726637
8.947353890241054,10.804638778658761,11.76168198786677,10.331740054902186,11.46549261689643,12.671425657145196,12.943268063131455,13.336435490301557,13.589032613952396,12.686186741316478,11.879428591548688,9.653660278475884,8.679728031141282,10.12467408869444,2.722471521362987,4.877042908747981,3.0335935151093265,4.814184861981635,8.51797942982921,6.848160270146147,10.004074922526096,5.2660655375631364,5.016892442528225,3.382422035641094,6.493079020515608,2.5160738892924646,6.15261186136508,2.6516168837568435,3.4851577333057127,4.99988288180254,3.411912421190041,5.2767362008981795,5.509006128496321,1.2194044655447398
9.255035226300073,10.323248169218614,10.797640930397613,11.423590157045314,11.458667112732696,12.705404818406704,13.955803415796128,15.757252068683071,15.446839834460347,10.58291690799318,7.045195887401171,2.2154996430566074,5.169969107711622,13.596750822110168,4.350392543097803,5.840061449638006,0.8216964257749697,5.4660673914445885,8.837423622164259,5.801375569075975,7.131727189726804,7.401745044957524,4.196003127024074,2.382946837365397,4.0120610885532555,2.9087748310646386,3.3512492688784015,6.898773208979057,1.740530459822712,2.564088310689554,5.461725961699178,4.289729991926877,4.8742193442263355,2.76673021027638
9.955766717950329,10.209312354309368,11.950354150756239,11.862370994686131,11.947619999401256,12.528732315032242,12.350223144567984,10.546390660292023,8.637934457765278,6.65410773176971,3.368942342362481,5.419968414758599,8.921492080395197,9.341851141538342,10.336779215915648,0.9996791640615841,2.4315487777588287,13.494608255229663,1.6488970172583244,8.822789341800853,14.65253715445945,8.302718505317966,6.942760940035909,3.0332696853848136,6.799764507253905,6.691644770171543,6.115884691780027,2.7414628696466736,4.479779757565644,3.939138426461827,4.2615063437181675,1.8038306964917357,1.9253633223620608,3.6584361273887023
12.227510184144366,11.595745706139876,11.940563987861541,11.603153210766822,11.73465383542486,11.23072993260468,9.665109762957313,6.471821403297844,3.1781575511506253,2.7097178666618027,0.11627432467074192,0.8632521022897898,10.691861236430526,8.451492589249291,2.408676486976112,8.475127157329046,6.188497670312667,2.0229672056484875,4.61909007662583,5.933017029812423,12.173407682989437,8.73554092971548,5.486657934910492,8.250753059123799,5.121588241640822,7.240425865271232,7.113100212716605,5.8922686738503005,4.391861187888359,4.214425032880073,0.9276557629653052,2.9522556406264218,4.04645334130257,4.199474286613158
12.457577642737798,11.527304210423566,11.327035714973633,12.127145579077748,11.95058261329555,6.245506815393588,4.658589791891809,2.3779866029648247,5.85386860472214,2.668598145410676,10.88271140084548,-0.3418923298739898,10.168089651793371,13.699455515749133,11.777767832150035,3.4056775538649355,5.839458294300051,5.5958128077423765,3.2480569092891676,6.696319590251834,9.715219815738989,4.817884148515803,10.647995863481786,4.950451362371898,5.7348284195863215,3.2270569956834865,1.59250835545598,4.810390592882296,5.416756371454983,2.9305016763079434,3.32174788022231,2.944303484205405,3.6116093334682815,4.651707725310921
11.25921369384263,10.799220069562388,11.1210852875708,12.18449882786833,13.937581564229937,3.36640820702116,0.5707390586213711,-1.5216341187397855,-1.2475662157061767,5.40094504014816,9.040959521335107,7.651232155012553,6.406597655523646,10.28699958115557,15.575563311493768,5.547193844830245,3.6519696447604013,8.084874443209328,3.4618714467585603,8.000717691208695,8.615086785820711,7.581528706196776,3.2997775950774586,8.032249283066522,6.079871854635209,4.18140078804913,6.05781181575788,6.305822076803275,5.2346648068899535,3.5852625059190726,3.0634100328957903,4.430830523568877,4.215401556018622,4.564603061332979
9.82750856970943,10.272322184974886,11.197690248334794,11.842711801203727,2.8955473276467143,2.6494234294470247,0.34960590145686216,0.06052236330183875,2.1200036648688556,9.136182073882065,8.764688362562225,8.810501728352158,12.547701298929104,10.305837782796658,13.400637841692586,10.45922431759222,2.9649134986761023,11.226503955503327,4.398888973574505,6.652497044913342,5.669367405791675,8.09620155299962,8.83996257510385,6.904852390021234,7.722107351343478,5.254272555855117,3.219870939563413,5.784846791804198,6.113985523946612,4.8385826197018025,3.850487637309151,4.8159230314303345,4.568195574521699,4.314034299836024
9.870407850932123,9.96753762118672,11.050617685165191,10.759082000909792,2.7913557474708908,3.0806792146743076,11.97471661302328,-1.3566981643555964,7.4309234438371465,7.643194232712274,9.488289372483584,13.885251796190623,0.413440380492,-2.1023248009772555,4.085872640572349,11.620087766006556,8.310612165985678,6.142455910883331,4.762254691236166,7.927170687073855,1.5006545873362853,6.253086150669352,10.798881587405345,9.465941562421959,4.731278695512638,8.209565067971045,7.489505150530774,7.157970852116056,5.33418289523166,6.3354001563118745,4.459294769629453,4.783863231795991,4.54269067805832,4.307086402045875
9.720851123301195,9.954425375902796,10.473547586762848,10.621390209484298,0.6536707020969594,1.4292583604300921,0.2523080481542337,10.215329955458666,0.7637479691711905,6.035994547846185,-0.6440026196523934,11.596240538386231,13.086564768668559,8.060656041504286,6.100851466823509,5.846039281728167,2.428196825161595,6.51107985632061,4.786098935114216,3.1537714045340426,3.029113671259105,6.01729172337641,5.147847321588356,8.416181439527564,6.27928990675545,7.922792183750664,4.7924125094857395,6.953122639783342,6.854826514534889,3.9183984613894434,4.828140227875681,4.444384675539392,4.442181013844521,4.068825922810861
9.669958837587497,10.062974494996512,10.13943516931176,9.722500378842795,-0.6103325031766323,0.45713485232744056,3.8408492129769587,-1.3569367455645727,0.11910510378343521,3.423256893251925,6.156094911251406,14.659520338237735,0.6346269089522942,7.619634094606983,5.934906754291179,4.467134363458649,9.709073784941296,0.7698916057495354,5.098008069476379,4.266338989796772,10.625966580776328,5.492205336609872,0.23068278730905717,8.4355961663398,6.846235778816266,8.29940398856961,11.420689846999005,5.742695554945272,7.000472495326771,5.998579110171035,4.898392577444891,4.295657230580479,4.37741037043707,4.212735826364334
9.764717071330233,9.977914265420903,9.588452402984686,9.028079888587563,-3.4005405170123613,2.284174580485313,6.838543783005165,4.270976437981659,-1.6322270306768671,9.20112629839625,10.427738265480569,16.244006214971478,3.995105095156468,0.8394474393939292,1.452720491020256,0.024228512188027757,4.616810880652285,1.5193483639141183,7.277953431815977,4.322821255212359,8.958768152583604,9.467390333162978,6.627151460342507,4.991289070921425,5.678800494103859,6.332422853959,11.127072255471397,9.844122868278735,7.842593791935844,4.8056041035913575,4.917541500934436,4.910741611180962,4.697747097880886,4.355603448020641
9.683118386469154,9.737085049497713,9.302330865264649,8.146536497288297,-2.38251806255284,0.9070591002439743,5.0805711893958945,0.2628196123736865,11.465016486452548,15.087856315060913,5.019981935919575,5.880802720341727,1.644910312486772,6.343709025442896,6.717234578477263,8.95875175298188,8.280933164462276,6.286970182741391,6.958064218535907,5.142682260061455,6.676518926610629,5.303217138611422,10.4154365473398,11.562825434165875,5.60349471331945,7.011537113600534,5.621245923367926,8.279979440314825,6.900836853647231,5.491900391471528,5.081625864050608,5.371998547782088,5.413659515912437,4.6872400876562
9.367175452073916,10.147002241987138,9.122013970773397,7.768103141830359,-2.9815897335345194,0.0600320203242423,5.849844789689106,7.644195446333776,1.7240069992503915,9.308377699208723,6.526575691449414,3.9176576501020013,8.067636645176199,4.2633725540546115,-0.1624074750179503,1.4941268347661998,4.029338184611823,5.381072000744656,3.6722189212533696,5.674332741920754,5.736680748130085,8.679571672120375,7.928914835440268,8.864915251110268,7.107429164898134,6.939880145058557,8.021293160517038,7.427095838114945,7.9672506141102835,7.899604432431359,5.895590227047467,6.749250110030742,6.101800510048796,5.1750033117178695
9.474485979830932,10.397009872506567,9.226705086873944,7.701821302102877,6.284053332332375,0.24230062053326865,0.9671542995073825,11.485416557178324,9.382051837974222,9.000788276136134,7.736685647897478,9.883530598672854,0.5366069986319946,13.426475634258441,3.1155243843941274,6.364831683296683,4.269513505884887,4.065727063940594,4.264279422471482,6.098976219348383,5.575378046078761,5.866020457801033,10.085750420559142,8.413235447651779,5.197232705737707,6.5763378360083395,7.512528703455942,7.453895349372284,7.35010019400309,6.715987580077269,7.388353890216136,6.681062927458385,8.047122432399883,4.927707322761722
10.379637879091728,11.032999050534675,8.316034521177556,7.278545526742908,6.54299092600678,-1.6002667700328477,1.100033754949625,3.454010438733481,5.117523552549453,9.146950663659252,7.1445567709743205,8.851456550416598,7.781963548601982,2.9820461370215856,1.8251842246182293,4.194501395268005,4.820477728948746,5.38267693832215,9.050039177711714,6.918609539704052,11.349849292107017,7.946410761000031,10.085936952907174,9.514011398304064,8.085275209916752,9.19589075499975,7.166526934853343,8.50180587148919,8.073894142589392,7.191482782944617,7.2670356692058835,6.681573089881506,7.869127154440552,7.485282815993162
10.502216131295713,11.612679554932672,8.105716424054942,7.252122880317459,6.189856850968936,3.967551241500717,1.4475830491751498,0.8859876734176044,8.99747513019845,3.673438829684046,10.311314805837489,11.839371228832672,0.5944337217832838,6.745680986420584,3.6741213571487608,1.4979759317279977,5.408232269473605,6.868382093271888,10.289931721010511,5.763547315654588,11.607359398595724,7.473534180379605,9.450764706829732,7.075748713820678,8.635395430218768,8.079117156960463,9.557272263004233,8.639871205764939,7.438499292114732,7.114001603364903,7.157078573201525,6.635937093185778,6.8123443626289175,7.624661821895986
10.656050463350073,11.063203344747066,6.738799507900792,6.7702983587615835,6.4379051972219745,-2.848326083435501,0.7743834352593428,4.296038648758149,9.636227127286277,9.234542912124406,-0.3851020933034799,7.023612089594083,7.946090225253576,7.4657525094516695,5.895557409078984,3.043379238991963,6.734734087788534,7.655165312120044,7.687802645785378,9.060469261569587,7.46613195634467,7.121993281724604,6.330320889893231,7.676839626186407,10.529577008213465,9.775642518461533,9.342057105223606,8.89450485999913,6.555061764632443,7.6864666060735845,7.829780837628493,6.467980071226347,7.6336329603180975,7.348029585204971
11.011647538103043,10.199462552138565,8.257402790291962,7.282904309954097,6.368897745815666,4.8053993089991875,2.235510624909384,6.791808737347002,6.869697269121268,2.5939188971577996,0.6606237930340696,-0.4751913155327115,7.42910544642986,2.4487568040081378,5.905641366492828,5.950492258365807,4.939224465700276,6.221924508138944,7.100510826162273,9.737403265128608,7.918475908565473,6.023295746687637,6.255813138721373,7.971783608551224,8.956121283141687,10.122832388614766,6.706109692576438,7.854166792833035,9.112672674243575,7.907683811488123,7.630284037494531,7.6194535889853805,7.43097446901856,8.191337470445054
10.356291934079648,9.381533163779089,9.111718691680961,7.555165225513148,7.065294762570016,6.197578254057155,-0.25273550602651684,7.563001325103745,11.14234979417631,4.944686222690629,6.357634653641411,1.6012373990073583,5.651742134069297,4.064090622050088,5.383550059340569,6.358374201160291,6.836757528112505,5.778463496600679,7.01600250942018,7.187416014051645,5.574334225203088,6.552425597074955,6.872962325483175,8.811863676576385,9.000924655524887,9.754612938588043,8.462872358921947,8.423109543691718,6.948560060522566,7.931598333576603,7.2497618815040115,7.728032953567051,8.036052753543776,7.551176967695568
9.912524899744495,9.072054531592377,8.727984848689026,7.432894601853896,7.540984764814104,6.419462282564994,2.9661443409350214,3.6655792413419777,6.185271446836769,2.276267941486414,9.061179289827102,4.838396054691605,6.385980242574872,4.956219297470012,5.517274107410623,6.780960508271462,6.8209651062250005,2.857527016180823,4.475015323179312,4.932737715062716,5.4492511414144955,6.956508477675737,9.527235155436305,9.380716602186128,7.195398139390887,8.711083488933763,8.874759945206753,8.243378977892958,7.259646787299256,7.346469543411799,6.728256287817152,8.123650214976868,7.944064985079422,7.432674493705059
