script/wind10m.json
{"header": {"parameterCategory": 2, "parameterNumber": 3, "lo1": 3.000054539987559, "la1": 64.9999836372058, "dx": 0.5, "dy": 0.25, "nx": 34, "ny": 52, "refTime": "2025-02-20T21:00:00.000Z"}, "data":
[rows 0 to 24 of 52, columns 0 to 33 of 34]
14.558573008859495,14.504984246828684,14.198047219151984,13.638494432645013,13.6329484726958,12.752338254723432,11.750140544865015,10.528980734245858,9.844659771860668,9.010636132908425,9.06566291378971,9.177263991034026,8.72137735090492,6.804499112552441,7.350166665913022,9.39173772962379,5.711404442901,5.084503889744133,4.274768709113385,12.43711009156104,3.4303311967425723,1.4396541723825445,0.4663352241910373,3.443674041103994,0.32018079955256906,-0.8862761548527827,0.6227017176480069,2.6143264553122934,-0.16423242006567357,0.7753227212597618,1.0226400058721379,0.0149952596407316,2.0188438999639806,-0.45674371258843594
14.115106223897136,14.60140400546837,14.959392745721116,12.795197398140653,12.316276403576666,12.573325758710498,11.374342065912785,10.775690719973763,9.88972664723226,8.869937055744964,9.541179475912465,10.297832596055132,9.984610660587053,7.248238580919707,6.183320541531427,7.008726966691604,10.811014337710418,4.363179192183276,7.294831648279094,0.41430122299310684,1.7048786026266387,2.395551621348583,-1.2097369999097993,2.198865044107351,0.03181139357355029,-0.241385239909757,0.7714790954277323,0.9856459097723327,2.1301523329953014,1.2564264766706934,0.5301652489868457,1.2947435847558044,0.13809819496133927,2.764043848648108
15.700024865482476,15.450597237615273,15.344360596672496,15.684198499393869,12.750233588856185,11.384226176201002,10.170008758594166,10.079312417708385,9.364071239817397,8.379281180438488,9.18746754165791,10.590303093469966,10.766868670198178,9.799013537249401,7.792488218327653,7.32890892811395,4.022666975394645,3.2544853174892525,-2.8540270944478654,1.498983692992112,-3.7016534004546253,0.3127321698539604,0.8880398032591269,1.6935042536900538,1.5845285512989695,-0.1870214818839958,0.790596595039811,0.6637111037199142,1.5312853928281878,2.591516730968159,3.406498309231133,2.802254127646789,1.2552919210857914,2.9771589621105674
16.906641472142002,16.324623065982305,16.06768959439971,16.90588191623575,12.345613077927533,10.973498919791222,9.353114127773937,8.21745793414045,7.858181897005116,6.942471305042699,7.265396747544142,9.072195865478974,9.936199094007911,9.918009724986819,6.7984060060488005,9.56616147871855,0.7165380767537709,4.1029610124531475,5.510448521308834,-1.1087594596557548,8.960255720374475,3.6542105603446298,3.612831058203761,-1.0649505986249985,0.10155264884880438,0.5198905292113,0.761396745642561,-0.011639888829788628,2.526082979953683,-1.233795118380757,-0.6703831211538982,2.688694137382114,2.6148798554145425,1.811731204948309
17.73154934220783,17.817146714360966,17.206403532301575,16.853116896110222,15.03786357262571,9.271801015826915,7.766226421461344,7.614102486351896,7.112013234423832,6.38912329781732,5.714134165069337,6.727906822907503,9.041180640276337,6.599723558456511,4.396100821480916,8.075612039665572,5.245070080470527,0.07433315698231108,1.9218095516568325,5.550792452230656,9.421815709953133,1.460058293003766,0.7765627709357256,1.4067331203085944,-0.2120820741296818,2.0254947871077187,1.2692714767224769,1.9290348049440347,2.860417796421536,2.3995084013896877,0.6242825995705279,3.294569270850728,1.7067610425918358,1.9690313888528361
18.016239984221414,18.383498708614518,18.357199360407876,17.710766431154624,16.035053095715224,9.72250955908415,5.936565454105023,6.978354433018241,6.236322341310943,4.031355468650518,2.433126231263239,2.0826607558532606,3.6692819337228877,8.858230577325367,-1.2897014209735502,2.638963362850178,1.7077609850098823,0.5528122603172932,6.382470066926045,6.676721012038,2.3073155354280694,1.5230617103388109,2.936647895206875,1.083161706811167,0.23996833893176853,0.45401751935619444,1.4340059385640667,1.341917950290013,-0.1651774553507473,2.0833208053134618,2.9179847695293324,2.280658180681149,1.5920107551726788,0.7423371611134884
18.61960653885916,18.814448046845904,19.13257290320205,18.755374226826756,16.80233617546262,7.881971542155328,6.617330068499482,4.355799036985696,3.861481045392983,1.886759485654463,1.4447715619818269,2.536245188619573,-0.40667228490250773,3.446580020136388,3.7873366931901074,1.7761242180997845,2.6360516121451276,6.770834800636296,9.070373541254147,1.527384807163756,0.4477684925338641,-0.5288610648114063,2.379220098635104,2.937012099741752,4.430796931032709,3.5653941587086324,5.195708889668468,2.8214958660131986,3.706913535096703,3.5524942354335605,1.5924212368636819,2.898401026282034,0.9908555499705329,6.754486986834189
19.653529061680032,19.34874240913405,20.06507269423789,19.9617586577984,16.357198797708712,5.3189798962191235,4.881312277447008,1.317160147326605,1.9465251920122222,4.616017594597417,7.60041995577066,3.3272737108582633,-0.12962379242213107,-1.5874286822318018,4.693111362673092,6.099778845914451,1.4214363664414722,8.559825176320269,14.358180389238088,3.672572004240543,1.7687918007525052,5.540035907937735,-0.49702172747129925,5.239288482778582,2.4012082819647715,2.0668105835316486,1.7658521588953924,5.043535582629209,0.8213753472642169,1.7068257608807673,4.473041129747813,3.065272567411112,4.843003942901318,12.233623280541437
20.515555431688224,20.786837524192347,21.066410477806894,20.064170422408814,13.794265008393179,5.080430840309016,2.480301872737736,0.5664746168216301,1.0082127013548514,4.095876494680012,5.688695204602535,-0.33498467471809434,0.193175961552656,4.337791014727278,14.58775323703354,-0.26336216882385555,9.773568937736075,17.84541443649716,8.490645038210792,7.678531388127096,18.433008307520506,10.753840891301815,7.599618702754868,3.4886211390428956,3.544381435870369,3.8900251827525927,3.5742966929290807,0.1415099566724822,2.5150091892430844,0.033236907667971195,2.8467005633183287,4.996850966784447,12.355399904521185,12.714152332573482
21.362744982551035,21.557178643333526,21.90200302288563,19.655094288959653,12.463862939676588,5.765815125980659,0.9634013438314413,1.8419313175280918,3.2868531203146265,-2.62312076609713,-0.057738186574806095,7.09955471461454,9.469452095474944,8.776748900079632,8.51665162631848,18.87504561159292,6.906091816473043,7.213295940843013,5.5667692678199465,2.1649939770120317,7.658657219798838,2.9141431534411812,2.076662277528969,3.8037923030756535,3.4123178333912962,3.790841757012752,4.168129651747721,2.886399572086007,2.138526646216419,2.0869372322165436,5.096686752363798,12.71082579058857,13.390041315717545,12.892234135216215
21.579953659279067,21.729892852627284,21.456156848266076,18.777551815007772,13.232113704832555,4.077000707237269,0.235604301866085,-2.2580426693599605,10.217933513343551,5.6631874991009665,12.873059517650946,14.665701721111766,5.974276809353094,2.188308856693852,10.088027641816323,6.231994422390126,5.85953357691127,2.3883804418533194,5.749807262274871,3.502224142890953,6.410472994641548,2.4441887082166978,6.381361468885964,3.5447854389203104,4.300629131269893,2.1918031970145044,-0.9992087937104558,3.167761678102958,0.18118377107484707,3.489277935383921,11.529082925158809,12.940490156348927,13.11843564283587,12.392672779440485
21.573388825432364,21.50951198600722,21.263813614622602,18.418337682517283,12.057152952641129,2.081767633310571,8.607089388517256,3.417685541925652,2.0703597470472985,9.095192702100917,-2.1653176571117836,5.78234888959347,8.016477274682654,-1.3188873624000286,4.681367328245792,4.032657795662255,9.357751661754701,13.202243426606326,11.676481687325971,8.136535506738017,8.011116387554297,2.384405838392293,2.6950583707550035,5.970581107915421,3.807334677617124,2.3160748902913078,3.4554021961794072,4.521779804264002,2.3525148901014457,4.097840906821649,12.280169236925088,12.643079197927037,12.315531280692216,11.944820150956144
21.14107266198315,21.25462092750776,21.406961832643862,16.849726303421974,8.351259390549538,5.6021923961285225,6.493695429309418,-1.8063661082777993,9.827333463036478,1.9417914195171004,1.3999437917600326,8.733101936120148,11.440284241711291,17.622539489010745,14.115498093028416,21.077942825567614,6.1358408383863035,6.120018975143351,4.424143680313744,2.3627742818802164,4.825539286803921,5.307194683999889,3.878859684845707,2.9816864180627953,2.4571573870728955,2.6268932120232664,2.8963043681255467,3.0358723997124253,2.3677668267574377,9.965191533878343,12.655281018140673,12.992830372264605,12.215394758055284,12.154241196185508
20.655413814093613,20.9340670151898,20.7806353161203,16.883026079173536,8.883493657870213,13.683643534169526,14.741767238225007,5.900982655756642,18.72266218278544,10.876073885167566,14.535224221725947,11.251380074274838,2.9927855588922765,1.2695808173858276,5.2961280586978,2.5580565271825497,8.416540309831188,3.787911528488638,9.730278942582258,3.5284955688321245,0.8336030347593587,9.700266287401957,3.711199045631036,4.7975763021699205,2.0635478268835405,5.325794104328524,3.014620401326867,2.6151852835161593,2.4927927504239973,7.720051852003093,12.041771538262983,12.269826483569902,11.96114386750598,12.110226149196071
20.413413492442405,20.395943427197547,20.169954817071606,17.250037132970782,5.463026203307775,3.060983173861883,1.378018512586127,12.288602071837943,2.4951690773457105,-3.4364755771677755,1.9165868471258036,1.952163640403202,7.382066091079638,5.60168737708006,3.707781790000958,5.074182305397177,4.512985212550121,4.252309745246438,3.6307916391848263,3.412404470100709,2.2076107975812898,2.72731211837724,3.8709783037396153,3.9381093496327697,3.473972096328816,3.195967288205808,2.09215563932867,3.5084652611517013,2.6264975862689606,11.060410209069286,12.052918629948095,12.366346711499936,12.41467330680545,11.89429704349495
20.335597268619818,20.517552022493348,20.881320896171946,18.982016312714194,4.370224933229068,2.6253538777141974,4.454857427629342,2.6674965431737414,-1.0509312848200258,-4.760872418360722,2.781861656309766,2.9249940650635393,1.0417780252532025,2.3725322323526976,1.207183593582188,4.386562860590044,7.5800065222471735,1.7628568080463138,2.102825136441675,1.384626992320364,7.255286645885347,2.243799081853185,-0.6535073151547522,3.3703929527255427,2.9178764976959997,3.811083984133008,4.5889724668858545,2.152172719343881,3.0721880236359635,10.011423852182547,11.601960347413657,11.723622571070237,11.805159845693007,12.456321823003194
21.75596986930025,22.284757449130115,21.732976709395093,19.182636344971954,9.609321776596833,6.736584895456575,10.534215784985253,11.218503647188292,4.393469659001296,12.154081591335602,6.792969885241102,3.1561592108024916,0.5997921188456308,0.5852609707215509,-0.08246844253255314,1.1462234700802092,2.552189654630506,1.8927303207711976,2.452959751011391,1.3449992706985177,3.3565938120775893,4.079625644328137,2.9116910868364965,1.4753209920764687,2.948086785947334,2.796564712465931,4.073827622229462,2.9681718936936483,3.159237349437386,10.054276237715209,11.768854965459376,11.81480270450551,12.145019584920304,12.414645520978038
20.636639787895483,21.271792111052626,21.35854707615197,21.177302316073334,6.965941952993042,1.9099403489916928,8.438321436459955,2.1028332590532615,10.892548579489908,7.580599290410796,2.0094225775717733,-0.7563819523447967,2.0687370036373336,1.1361078624087055,3.125628385926501,0.6018871254710333,1.6012546157356473,0.595761295910441,3.4543720743458732,2.0516690343474315,3.2066494496024536,0.8837543212784427,2.935278150247501,3.5848735578823323,2.951785628625023,-0.13013423662011833,2.726030894683201,2.884379431493113,3.4726834814113556,9.552766819456563,9.86372825657179,11.721771995353103,12.131371624904112,12.546662211824676
20.0013931562629,21.363527399071494,21.940408291021505,22.20564291066178,11.438439024173011,4.360101226786693,6.141052704084068,3.347508998772549,-1.9239373726048306,-1.968978771714837,-1.9385550325513723,0.19930447989092115,1.8004315354237246,6.853646869136358,3.2053370256720117,3.5294518381134514,1.69942857988876,3.025303853485847,2.6000785552218506,1.4988096390140722,2.0157145238103857,4.41971156273077,2.556783906163939,2.6629076807421987,3.185372641876383,1.8440572042526493,3.1899736777840126,3.6093997964005617,3.3238263184282086,3.928426309186429,4.967304550778656,9.15340193640115,11.045193393579869,11.947170980199774
18.816602266791282,20.55352790588108,21.437246783426687,20.993137822721764,7.996058345439214,4.453685610062509,-0.4105184714741876,12.741723074628679,17.249839987211846,7.356885271476836,9.330445763388838,6.829863227421107,1.5016897361473724,7.9801644847062,1.7129194882529164,4.766094719093217,1.2723596316545056,1.382288277840245,1.5962849545211788,1.722434587333121,1.596562555365506,2.1393421919100315,3.7456959499599702,3.536041521168066,2.619138602125212,2.2508082747853018,3.6446868412887015,2.9839491627115717,3.4568061039493987,3.3092990064338896,4.098221314835119,3.591285418591766,10.235392027394843,6.3896803461333525
17.257700333089474,19.629058575375886,20.086966580248887,20.58469810400868,15.499219077470661,6.485533698031486,6.3541849376776876,5.040327835474801,10.066370625026176,12.01010042030412,6.5653613367976815,0.0919455105349462,2.963943405178039,0.6036958053654736,-0.92737953550574,4.488194435496582,1.987795036398323,2.097165108176446,1.1702958921469293,1.9149835819763614,2.0987250402440307,1.695234604293204,2.266563366134826,2.0324286575894357,3.808922623665647,3.8032149169880123,3.325260526402842,3.211107093245041,3.4809797024952798,4.19558720359942,4.4673215755530435,3.401710592489234,8.467627325394236,10.84838754693712
14.82275480551204,18.356075849298595,20.059644171982963,19.709594390619934,16.30419034837844,10.108716105590888,2.888267596944969,1.334534678775131,6.9058026620193145,-0.8114867763776249,3.316094149088168,3.2640253667495767,2.1092403366162604,2.4161324078938557,-0.9777747360578837,6.498948933029807,1.655794358706809,2.323991608153546,1.484455952156562,2.0849717907201226,2.695648617651132,3.631946196350269,2.695209990587941,2.4521507744522726,2.1118538772253244,2.950795648911847,3.2154821561932447,3.7675680093632073,3.801844672224108,5.201268200150163,3.5139041250190615,3.8382723034356045,4.108496269370221,11.308713453559585
12.95690210952825,15.91251925620466,18.272708103391146,18.964337656094873,14.166475855618339,5.549142282460523,4.2422929495111275,3.562117923568971,11.33085401266601,2.675090644680831,1.0160688213534113,2.9361378131357703,5.249905747553262,4.057496354247132,3.434470896111408,10.737036231377948,1.925075527716143,1.9266951579533442,2.7651712295295527,3.290817670022547,3.205425165133207,3.488658436703091,2.8395711501891143,2.4802588561598933,2.6021003650239827,2.8958881049643335,3.7781188520469637,5.467821320648405,3.9399563950091134,4.451636593500824,5.105451599162053,6.196324563411276,9.599732563774564,10.746417282007455
11.912411266873146,12.649853603614359,16.025096905128013,17.83326965964435,16.924334460014276,7.855677227286833,3.311158359011814,8.905496859198342,3.701089128848309,1.8401999643790075,-0.43320341468423085,-0.7740356377434838,2.1419993696758572,2.2403993528650683,3.7061144994618336,10.276429678875438,2.6301585470575093,2.5032808707276226,2.2113971915216477,3.1149232689260984,3.183200093533174,5.99049038626658,4.297129445671156,2.842248148883375,2.9961801368584,3.27365007744652,5.563920351467084,4.9081800968745855,3.857350951786666,5.175676334771523,5.795044001725985,4.518267634354796,10.716563572957206,10.856334030049945
11.071951741763815,10.420697449306257,12.652966137009532,16.054996825625004,16.90170198914054,13.231928171421833,6.056352770326472,13.986570691888106,4.719258364476419,0.25666657499144285,2.2959656236239026,0.9167906898896873,-0.8098708613783286,2.9354261537494555,4.7730074116282015,13.74164686847642,9.474222690850262,2.8503563350616314,2.794715444973765,3.1252478690316217,7.170912381262727,8.633551726711552,3.6855343491895485,3.0072104704476397,4.236165052693494,4.511250101869806,4.3600391782961925,3.6720299943757313,4.3041763963315125,5.687794415225423,5.34418283549539,10.45471611753376,10.961998859077422,10.907800513800069
