script/wind150m.json
{"header": {"parameterCategory": 2, "parameterNumber": 3, "lo1": 6.000198445256149, "la1": 58.999992894266676, "dx": 0.5, "dy": 0.25, "nx": 22, "ny": 24, "refTime": "2024-04-26T03:00:00.000Z"}, "data":
[rows 0 to 23 of 24, columns 0 to 21 of 22]
8.723825070908926,4.015049398171984,-1.203568010801641,9.489629695073816,9.293010969250169,2.0414210119440654,10.369043050333895,3.0635085265858546,5.7582970527238695,0.6585525553465279,1.2247341155974096,1.3969601511448286,2.39661962787562,-4.517017286331687,-3.635493387908045,3.043138158256407,-0.38725906953284195,2.1690398807439832,0.9401363219208021,0.5124077535704179,4.6708763733579985,-0.2908002048235745
4.582037655010059,6.2265375517515364,2.8784296304263033,-0.5429489276862199,3.9976834454782106,8.201739977410117,1.2430103011920528,5.365062189192795,9.718808109039276,6.410300072739549,7.23552305887209,3.666453832298172,1.6824124502281212,0.3535787443063,-0.44122931771377233,3.3713706788950257,4.867515760067001,2.4488579992254027,8.116951854121634,1.0032085953751213,8.821397154674036,2.1693783944106517
-4.916195429434906,4.7492375211696345,7.368185988922359,2.982701405262882,3.321214314315923,5.551627033957464,-3.405687229034184,-2.0891573297445794,-1.8440975986715786,2.568503929524265,3.354824411995912,3.756201955448931,0.1596282089657176,4.6952933615631585,9.715490419374666,3.441190574801226,4.3960054035518255,3.871868193126834,-0.28644363592724864,-2.0642173880900136,0.6253099282430488,-0.05865029785404316
2.7081614719372795,5.062225096426299,3.757040932863869,1.2326877144517894,3.767525557443688,8.92047515725682,5.513035660030429,3.0110283497354406,3.5345363015687767,8.73968692517828,6.5160061470399775,4.297985093222002,5.282679535121553,8.988038490528114,2.9045142119002074,4.643832356065171,8.511022191006026,4.090224602860323,2.974581661386698,4.6154236962059425,2.544275865387939,2.9798370765281246
2.37304599607207,8.437793548456757,-4.145875001762353,8.611718141109908,6.963746727215873,3.9922797097153873,3.7885483027172318,0.7884232748395511,-0.9037853056830502,1.4713578709191582,3.981311600093887,1.9396194995087246,8.586488347252418,5.008565037324813,-2.9914000383191164,6.841840753628766,5.749740940201183,-2.508510300224449,4.717934896869193,2.955743156912412,3.353459523938767,7.617841570521389
2.130510396896747,3.1196911847636244,5.795171247823272,8.364532938873403,1.6810567846119913,3.4328802742601767,0.7771668765896851,5.901376828244674,0.8918723980913784,5.1485075388670065,6.179612081670814,4.861417612247328,4.201686255534015,2.325384424905969,4.048786168004885,2.9556813412139675,3.2965050797065643,2.244806053739168,7.7724572993979315,1.381317684303391,9.084278862699556,-0.3959096238765249
7.994883888185084,4.517510248902122,4.051674072615897,10.350773557334708,4.228106389044864,3.0231385479706905,1.59236282238379,3.268340940712467,-2.2100494039526777,-0.2094536900897368,8.919474865976971,6.923745842952919,2.6381229711411764,0.41812653696737484,-0.8117095081668337,-0.9367907918972619,2.1247973487645266,6.007689597651812,6.90255314128333,2.648185192826171,8.443998571600352,3.2583581848964602
0.6213736171045805,-0.7577651338432151,3.764186598763529,10.00475988969041,8.090850064966114,2.4874595505591426,4.873103428871987,-0.6716418927886486,3.0423238969127273,5.284699212535663,-1.113025497116657,6.359406215100141,10.82297421088679,1.4899272823400938,3.0469702410086827,2.2957459489425456,5.071403104873437,3.4452878912890643,5.339093814723488,8.28842009352936,10.463194114869196,-3.0144909967358102
6.863467540177705,9.055468254537226,2.0017446991000156,4.207704868487712,4.718677058073008,1.2384165219686876,1.735469505524879,-5.4345137936036885,1.4789155350718803,7.069394954919016,8.421917965615588,0.707191305108031,2.101373545665884,3.8306176387499447,4.383125161598377,3.5238397488013544,4.730435012910951,3.1633540345532536,4.414378441667509,4.417594091128445,7.07330973653128,4.669835133780536
-4.063055737230368,10.346670925224265,5.112263700028025,3.22345052137862,6.895405539552708,-1.2239302834951837,3.4089134968001282,-0.3732964401924827,-0.01543001222304154,4.951772042032196,3.8661070956378234,6.078718250125337,2.8821743034836,3.361956208096919,10.729339909566859,6.128509568385724,4.4435514071421585,0.863968608467291,0.5041223541807875,-0.15697995571438975,2.1923231801018197,2.609123209925671
4.930505999822993,0.4292764985319162,3.8602593277196307,2.582624611587095,-3.7159530805160776,4.219574723693623,5.065278203142992,2.8806696459466354,-2.8384162807038154,4.44134918692385,0.7862353691569433,3.537226799649954,6.232919350630369,3.31117228080508,3.223957747793521,3.7322960722581247,9.335269641582931,2.728882657412717,5.136273582177985,-4.9767378543915655,0.6113223217176859,4.877712726414214
8.785272006677902,2.9842367833406587,5.417585551560989,4.25048196228477,5.1157399765363465,4.552672249511034,6.727712096778404,0.5843866103630297,6.270380256162717,0.17230012878046083,-1.1213927964860761,-3.816215337370377,1.9484573442150424,7.924752980621104,4.952158394460637,-1.0194159781938859,3.360791764036586,0.4344381235842795,-3.9190505525628234,-0.2951395157375338,-2.965247035512853,10.001635667679391
2.884441606384969,4.508799006243004,3.4397225223738035,-0.513846847866642,3.412912753967974,2.1318368756933403,1.1790936928588263,3.5262901358168053,0.2190473781873139,3.214637040024516,0.888062107244131,6.115440220281261,8.55142613272332,4.3073184613967275,2.2084891297761664,3.940565802082381,-0.5195410932553715,2.0042272210031875,3.472314342575689,3.5744880263731,5.611005152776726,3.7462079874118053
4.607610654353568,-4.469782762940529,2.2880659641894545,4.583611137348857,3.5916272116191648,6.089831878036397,3.034965439942703,4.113934489985984,2.8792638197320413,3.512774060235995,2.548622211527381,1.56973812356434,8.361498276798223,2.1083179315681555,2.4832256402319057,4.927574020036822,1.117160947401988,-1.0918431992341076,2.7460768921426872,3.3858733929279934,3.2338079333022445,-0.3930374129262756
3.172821931105057,-4.103549599080735,3.9962846121432,-1.4848528713262508,0.8016968117673691,3.998729068752081,4.614534666633675,4.106116046159558,7.231136312648454,-1.0096071135235931,-5.698226241120531,2.5845208730344673,6.014743487427535,3.940571628457999,3.496199091153484,-0.5300890543779867,3.8851942790166065,5.665558407537426,1.1236582758425908,1.3054713417644732,2.3793740487475814,5.9858429609506505
3.790253034241439,4.1463345793812065,4.519563367887014,0.6218737382467622,3.531641510148664,4.003962659649853,-4.28491225645661,1.616406994404613,5.112873704933092,6.351442359203802,10.299706902468637,3.3901454291572652,7.238198235121173,0.052383667519291424,5.2376931062870336,5.265836327758284,6.712902837402299,4.15532486210725,2.8294837496953456,2.3483676586758158,7.597375588315711,0.8074926968036438
6.849257295755912,3.510958980858051,8.949102587801478,0.885069735351478,-1.5761167077718907,5.026374382790185,6.042089747690689,2.0522847422699626,10.893301873536494,0.298309642506013,-4.087350795111163,2.5496710333921038,5.417255528686756,5.299031229763102,5.957521411350242,-1.6922965520171416,5.100424207509361,4.385326872908451,6.0915477211286655,3.5066975935707947,-4.239735824899683,7.223254150389499
10.457629067093713,1.6029633565549062,-1.6410261867851785,7.134040114198639,4.672570011753943,0.9256595208447777,4.574272414186207,4.037970744880778,0.9760386563597174,2.3322788215110632,-1.5724023080430645,3.1018888189841656,-0.6783786136723641,-0.5995923945461269,9.667451818936126,2.6826148782037116,1.5466784962960525,1.6258552467876988,-0.017888899522024975,7.501883212784278,0.5013482293800811,2.833798508822993
7.246347571476111,9.170651247108555,4.005577933143213,4.594689232284157,8.89209958653592,9.522982550959533,3.008136210940396,1.9570093576714571,-6.133888280163631,4.734276213439841,3.0210775011024644,9.683424743312464,0.18711762272612112,3.0586653381886895,8.707084118378516,-0.010790354579417284,3.1825950725065897,4.279190649611933,1.2107412634680323,7.2997443841194265,6.044075901262999,2.9695183714267106
8.556631387029107,4.329230077957363,2.8170743399924234,6.771124908884029,4.461916632668024,4.11448098743423,5.794048645882454,7.682455916389397,3.5516508972456657,5.017543300720309,2.8888977709265884,4.988986458613399,-1.9687058659926089,3.5090701531103066,-2.4127096175061657,0.3106028812895348,1.7575560429455677,0.4650647699308925,4.998446896901952,9.87252687073778,10.073515956810256,3.9761878768769856
6.393470474157301,1.115517609826648,3.3360039059891973,5.119984273418223,0.11637497868297905,3.6473902849447986,8.07724201978293,-0.1608190459722579,4.41371325503565,1.6337506116843217,4.302951741827971,-3.277851266126128,4.781729433916401,4.242051765910411,9.997731292493732,3.5018610698508454,-2.502264105403314,-0.052699472763348854,10.67280739728343,4.255365913799583,6.345236275414233,10.809580899121096
4.21813415918371,3.568251972792882,7.951736335555756,-4.616872584547621,-0.4048708104370049,3.8153444603366506,2.714059037002516,3.379910048530579,5.0764866529631885,-0.19636052264867987,5.638503049277155,3.553428713212661,-1.2428092371461998,1.478983808400763,-0.0002463600285299375,1.1871731147639375,1.4166263614265935,0.9267906010117594,8.322326014395802,3.119734270977732,0.7953277669141762,5.023852171963614
3.8934257136217427,-1.0776324311364058,-0.2025341474473832,3.8487246630761636,-3.169054741349369,2.8299855807133514,-3.270953069900718,-2.887192890888206,0.29614912520763925,-2.520066026934001,0.8015431175990844,3.336341074890715,3.6424332605699337,-0.8021936692256512,4.086812633851554,9.99659265591949,7.045189393217446,4.783967399373168,1.671275149829313,3.6425962260620053,2.6797694733315747,4.060724155400214
9.233129560771452,5.175816784538706,-0.666989881059455,3.327580828257348,-3.2343223580021108,-1.9578065945043202,5.546482290166776,0.9769060767139294,3.3381163443035984,0.48058192014368345,3.340735198900356,2.655947879280705,5.058635906377318,0.37774443113919104,3.119473800150455,4.187351281999552,2.73859043034613,3.5592387036164377,10.177184240773764,4.805160156979341,0.5343302830885233,2.522569610138474
