script/wind350m.json
{"header": {"parameterCategory": 2, "parameterNumber": 2, "lo1": 3.000054539987559, "la1": 64.9999836372058, "dx": 0.5, "dy": 0.25, "nx": 34, "ny": 52, "refTime": "2026-01-13T22:00:00.000Z"}, "data":
[rows 0 to 23 of 52, columns 0 to 33 of 34]
-3.202397441842258,-4.463060426965759,-4.2273945867041745,-6.326664767406593,-5.455709481090699,-5.3950283478130805,-5.464505039023587,-5.596918420055421,-5.803342342149076,-5.9419723214878974,-5.713182465554427,-5.512834774387431,-6.006371491536811,-5.72402167047468,-6.03135871648812,-7.640019189967225,-7.151757317969588,-10.764217891659568,-11.83107072560141,-6.393313230283924,-8.30411527099958,-5.84803650454734,-8.855512736870894,-4.3490821017704455,-3.2963531616770885,-1.2767602181080484,-0.5892619837377367,0.5453720356303992,-0.21373152250245933,-0.7016553133594494,-2.183932384787166,-3.267896672295559,-1.6059957502622308,-1.9080723908288055
-3.866087190979288,-3.09311316855398,-4.477888204511548,-7.212764435712966,-8.21264822596492,-7.856875278358968,-6.377308168573941,-6.185807915526127,-6.1148781595608455,-6.2288302233094415,-6.414457626928695,-6.8573102962987935,-5.573395721699759,-5.337086142314701,-6.233350814856145,-7.227818762238901,-9.149108169744533,-10.237875235946925,-11.841082414927568,-9.351814960336302,-13.758347997135166,-9.21159138113327,-5.557502312308979,-6.320605466787148,-3.673398002485982,-2.533045919314251,-1.0629553135424077,-1.5145859716289716,1.0038883393707771,0.5614698264433398,-1.5276521216564367,-4.203117303854424,-3.3852590371943596,-2.2765840308983583
-5.990439842990668,-5.662110504041122,-5.853228088750023,-6.286784556740106,-8.580856092338106,-8.417924562555958,-7.188085995179236,-8.387566640879983,-5.148309259784288,-4.821088578447041,-6.496048496954302,-6.8932450581100415,-5.719911064674499,-5.431514991053312,-5.615470135606518,-6.053485996441193,-10.003156982101011,-10.548753892649934,-9.628978079790382,-9.617821362342161,-8.447531131412967,-6.490926467718674,-8.181836565735,-4.576540852092713,-4.207984570079969,-3.21947474461062,-2.4739488523489688,-0.09502923319398898,-1.671724708952893,-0.010518107595115435,0.23550498721915322,-1.9885030307766898,-4.380188326872522,-2.4070139833235715
-7.212219315282677,-7.223003759683294,-7.213791160673305,-7.798849443238238,-6.535126079999338,-7.6752316100885425,-7.359425441255474,-8.879258655946773,-6.313745674708073,-3.9394952923229365,-3.874593458266368,-5.165029638169973,-6.147180863792155,-5.9761255883521285,-6.914104453575664,-7.937458261123553,-9.035814534706397,-9.799701316757853,-7.674488641933465,-7.985039310155486,-4.564115238050547,-8.466225274651253,-5.3878684731841275,-3.2873025480010436,-3.6982287664794105,-3.5835268745672004,-1.2043665709501685,-1.6472315146808203,-1.3382478035896923,-1.7477336623278923,-3.153811622556274,-1.0302687314611032,-3.1503373175917564,-3.4508254488847117
-8.374081147351273,-7.318026377725779,-6.770270927228137,-5.597560241532377,-6.507703435335147,-5.415241812349407,-6.419252488812271,-6.232958536218409,-5.3084724268814885,-3.6395136215579535,-2.772471270287035,-1.370173337657536,-6.162080008734221,-7.255044598339597,-9.577669599101034,-8.344586433696355,-5.382556255911462,-7.984728056902507,-9.752218591374783,-6.44264706122072,-1.8604545109046249,-3.1787121100589424,-5.712122397891139,-4.485186956177229,-2.5308581651999984,-2.4427222384395177,-1.6127065055463454,-2.3188378860263748,-1.2235202456440484,-3.3027033688475216,-3.950337252606132,-3.3235273113341934,-4.7957462157800625,-4.243273409397939
-8.046537490828262,-7.013757030342048,-6.5437009114329605,-6.000174432056664,-5.232783755761243,-4.606603412400038,-3.881626703188671,-3.023204025500353,-3.866894227508436,-4.515407505317612,-2.0871558442110993,0.4941237017651919,-1.447004266543889,-10.488699932182834,-6.742954926459701,-6.070284674103165,-2.680442214695621,-3.7849940416993224,-5.151888591864687,-7.889689196967823,-10.982376531324155,-8.568884764720908,-3.801369287763541,-4.257936072057169,-3.301130821561069,-2.9000807559886286,-2.1074006467819575,-3.1151770309353113,-3.031503089827902,-4.134386629032612,-3.7946231847530867,-4.624407302752475,-3.7652445867061135,-5.511207104294191
-7.113716010942839,-6.832214335560689,-6.26188094985839,-7.998197171357753,-7.228933616222218,-4.337415213145618,-4.638674018554008,-3.043043445658075,-4.370475451095206,-2.4458592491725897,-1.2469468852108663,-2.179137803607633,-1.1019614693835609,-2.1795599604495086,-6.642856205881379,-3.2343862070733578,-3.6974185804546225,-6.739466126964911,-3.9671055245167315,-6.951391580444648,-6.5838013658003485,-7.354998009661503,-6.700516335006556,-4.559643131764421,-2.67758864912393,-2.2243125958319685,-1.923580728998257,-2.7060261848319476,-5.084220524228864,-5.738170805253842,-6.0729787315972175,-5.577319188977985,-4.382683523086992,-5.195602525645317
-6.043625233021232,-6.133188336611994,-5.601763350186873,-6.893819466583625,-6.3410853301464325,-6.757211711641914,-5.878029818203899,-5.494931350827087,-3.64628129966698,-2.058545412769548,-1.4367273108826955,-3.3684120857100353,-0.7836273862081976,-2.410819535071676,-6.376380089407709,0.44495121915665625,-5.1841649805048995,-0.6791068063025744,0.9433147536467744,-1.3656793464305599,-2.5812403366868124,-2.7507339231293466,-5.5672234225296,-4.6464448862397045,-3.9298485481327448,-2.669703056811555,-2.978888812372966,-1.7951031639431798,-3.5648142590513867,-6.245337300416855,-7.772408807447059,-5.557595256428097,-4.096844449387318,-3.9730257842227257
-6.044894533113166,-6.60502522762005,-6.751289165541681,-8.093042218220235,-8.8249269931329,-7.777294530262472,-7.133524902831836,-5.746884652552326,-4.658539864617402,-3.3411877124947256,-3.5710227823001945,-0.5739965429284755,0.674835530008824,1.0217052684017986,1.8052148383373132,-5.064354391151056,-6.028331313735731,2.569063736670025,-4.923272688761698,-2.290615431517788,0.5704050922991083,0.8760446982884984,-0.27000415087579577,-4.321052920906413,-2.7556689517244792,-2.5663650027549245,-2.6262606510445816,-2.3083490122878936,-1.6819018848239295,-2.617522570657019,-5.357251314594728,-6.158860350796973,-5.004991776902374,-4.227493193184454
-6.324655774219177,-5.234792162733659,-5.03297735483601,-5.514453557561984,-4.981735882805344,-5.888366632869951,-5.325154530666727,-4.621766286688187,-4.658350224020837,-2.703845125644835,-5.147920096963234,-1.9567875295727635,0.48984952195189824,5.462556482553358,-1.975224088083504,1.327897910974506,-0.573542148738576,-2.500060983313162,-4.042948803785013,-3.012744972968533,-0.49485899256804233,-2.2814866105924243,-2.4221463930958356,-3.931731238616595,-3.5726393684244844,-3.1240934634638,-3.347975357538947,-2.0776113354999675,-1.1967070337975063,-0.09036388735160217,-0.138480500053573,-4.125704355469491,-4.499608635538131,-4.162840823672984
-8.719855810658832,-8.607215943083276,-7.278808738409674,-3.918548008916288,-3.2752335358754303,-5.461185681577698,-3.1602647052721395,-5.159352710932559,-0.17789572449311614,-1.7456909494536819,-2.921139562126215,-9.18121715904094,1.8647465023147485,2.087125845867821,2.6268102196581524,-2.277733041327902,0.004169303293696542,-2.824916521575426,-1.3762710026124796,-4.041039800780415,-2.2056882226513856,-4.646730176738132,-2.24751604822611,-5.645839094580851,-4.050223686893839,-4.21755450886672,-3.3684971473183314,-2.2729142498850416,-0.29688869959487235,0.6697533850305621,0.5382306602975885,-2.39236937965198,-4.493387838613434,-3.862747206733725
-10.497042643350492,-10.938188434989579,-9.476562455125588,-8.345380471073952,-2.457278389398666,-4.02293999998926,-4.358773535277125,-4.468513184914058,0.1415914104604251,-2.247960542083049,-3.0955485282623982,-3.9779799600666785,-5.209679332007907,0.5328377033334535,0.35109561836961595,-1.620019567310317,-1.8366728506360672,0.5354862132585939,0.2699270828198396,-3.3666003092417602,-2.1262303588390274,-2.926980639827091,-5.285290961523869,-3.79224424470804,-4.249849149711135,-4.924283182887068,-2.3337066879549972,-0.828905428290996,-0.37119850846310887,0.1569319748437117,0.24563684051822043,-3.0645919887367907,-3.6123441853993272,-4.031193354159898
-11.015935650138278,-11.302271010711006,-12.154017224366628,-10.021652794791123,-10.76994686391778,-9.019775798228592,-6.169152040286155,-6.85183677490808,-5.673242859117148,-6.467986606976448,-4.127817789173157,-1.958397646889419,-1.7407409021434113,1.6758066404318508,-0.8660714670487021,0.6606048044957554,-3.0487323582152626,-2.820860998712434,-3.690185298034312,-5.308468247132779,-3.969265653304929,-3.5877869571124936,-4.059108994069133,-5.569991325521175,-4.996040098916142,-6.140196563626294,-5.166770028395043,-3.543499927168621,-2.638547684583723,-0.8268948976152966,-0.4285775337197103,-3.015740115499213,-3.8630242264002153,-4.22861712666285
-10.266062252094576,-12.375652936025704,-12.465927997586773,-13.39468457761315,-12.982482765139117,-9.758679657856547,-6.26416000629288,-5.780035250274776,-10.574891868115222,-3.2529692152662997,-1.1117818088308173,2.3571864369749647,-1.6598397621345204,-5.818758766499463,-0.6320316783966463,-2.1588206901108866,-2.7612328572021507,-4.379736976616127,-2.824744339582238,-4.305455924816596,-5.542297327621409,-3.2646233834115623,-4.995021244537397,-4.021301428341019,-4.626906409737144,-5.41545759155622,-6.240637197692693,-5.436493192308979,-4.686757736223563,-2.459666479954858,-2.2039800588345577,-4.162365638570745,-4.046746296794424,-4.267059903118954
-11.079215005360744,-10.93643167344274,-11.911644527752346,-13.150800507331514,-15.068084880055412,-14.463670998632475,-7.358272159720601,-10.715233446897225,-5.461869961319738,-3.142866776828872,-3.9070311464378618,-2.416166899084085,-2.188365091923228,-1.7039919645665853,-4.917036498483634,-1.8555129493089,-3.1160886656035904,-5.325270845270567,-5.322305656115893,-4.445153822575358,-6.015732504012095,-7.5980796962268435,-5.792124217853737,-4.94302949037634,-4.185439342365385,-3.5831771785524538,-3.836733298002107,-5.466263999710807,-5.507122088556198,-4.636970515920722,-3.228174266377065,-3.7864129965211335,-4.327654131801223,-4.496520059146253
-10.650805324201933,-11.106552328504185,-12.246765145594724,-13.966837945938883,-14.53815846676749,-15.309189136125966,-12.093088669745905,-2.9413867211066025,-7.507679977483944,-8.624006230087105,-10.18915197719418,-5.548485681298363,-3.5255074903892503,-3.820885498440359,-5.279160068297048,-4.042658962140045,-3.302685851056335,-6.676240077422692,-7.192667499904916,-7.3357278292714065,-4.7206598038013885,-7.103816739704781,-6.695643624744911,-5.847451514567626,-5.428732305719639,-4.645391047641862,-3.852554238944698,-4.2320802450140445,-5.132911480759778,-6.254124029623579,-4.752163813125928,-5.155829563068381,-5.464767195905474,-5.27258922789666
-11.354062770192552,-11.987588205949052,-12.045539210126616,-11.207926020279077,-11.402165936754376,-8.544497255972805,-12.415899897823033,-9.329664985313913,-6.172528866705585,-4.34667349258645,-9.352974606922935,-4.719205692987557,-5.579777064965997,-6.023801227104028,-6.4631018493134915,-2.937579376856063,-6.57586614409736,-7.352772768495167,-7.9269074033586335,-6.570625606187392,-8.147970807465805,-7.586405862806908,-7.459525628258848,-6.258770107177112,-6.02881440779223,-5.718368316063557,-3.5675014942536647,-1.829979323838855,-1.167068504499427,-3.913080280839144,-5.767216039497365,-6.138612155172715,-5.626854939777519,-5.925788227598626
-11.317666186232277,-11.484196124799986,-11.799934917120042,-11.289804113195988,-12.678089398886202,-12.3619447731005,-12.11754303763634,-6.038827218597646,-8.75009461019357,-9.662061500415462,-7.189324844956681,-6.275282572680271,-4.913829567824099,-6.617466039347234,-5.485293458316402,-5.65982907395145,-5.388149878878544,-7.864033987092578,-7.704702744816311,-9.383723222775593,-7.275792070243227,-7.5765786737681085,-7.112745537877466,-6.457193559322974,-7.540925193312819,-6.397645341086117,-6.053458781645828,-3.069482538621423,-1.0999439314823491,0.9174284228417617,0.22897002419347212,-3.3578963773729074,-5.3107912132564135,-6.074402649390573
-11.86887347083522,-12.2650567899897,-12.742784302916714,-11.615189799088634,-10.688285957619279,-13.56530217978366,-9.55955532063083,-9.902065538881624,-17.74548680226184,-9.78556647254795,-9.628641535335632,-7.971902854546429,-8.28194748512022,-4.668195559050204,-3.431645596969696,-7.5688598182412825,-6.675527745342866,-7.7336887950118465,-6.295481663720543,-7.904670127135946,-8.301580104136468,-7.75917818133832,-6.669313784299977,-8.055932987452463,-6.976876893501493,-6.94103696362269,-5.627235380477197,-5.271703009458773,-4.078524872827923,-2.112305555583719,-1.5612392062506721,-0.8055497566154816,-4.357617734735073,-4.9173596864133655
-12.152597900669036,-13.177788272273922,-12.992600393305203,-13.081273751221973,-13.448243819558588,-11.583139900909792,-10.016190015007865,-6.520077914033378,-10.01010317384977,-11.195551352968586,-9.927889635231118,-8.113323455352404,-6.8447625832855215,-6.155762812285938,-5.490366573816487,-9.002414640017209,-7.240735039908256,-7.628171297930314,-6.875074497902053,-8.349511461080287,-7.264786922152158,-8.61638837142199,-7.559323571213189,-6.234692013740556,-6.719129043052581,-6.181921050852186,-5.499640474941267,-4.931917874613769,-4.9699365090266605,-3.7936761743857876,-2.7842253738830216,-1.061663390164911,-1.3740501941000365,-3.55115783717717
-5.367270258699229,-11.96226833223671,-13.145808342416228,-14.003331357464923,-13.805976660114462,-9.425053041141439,-9.950573660545793,-6.271376939340849,-11.403900257126109,-8.099470781982495,-8.83947508660487,-9.158542512282656,-8.300536450126843,-5.317708179870536,-4.385801016969294,-8.597262389340447,-8.41752905163736,-8.984035664041501,-8.57850801254082,-8.652578599979316,-7.170440580946409,-7.251571595220949,-7.4885634979407305,-6.763854527896908,-5.034482252140805,-5.863083750034682,-5.0400583782545025,-5.165958839813388,-4.703635262632009,-4.30695291609412,-3.5525726584612034,-2.7649183216821798,-1.1078343591406945,-2.211209114791767
8.411153237768227,-1.495674890188182,-9.728112929638094,-12.996014035264167,-13.891799434625648,-11.23517757481339,-13.557365276325676,-15.685665573724545,-13.868813979896643,-11.719183815395821,-8.192793586101198,-9.301917244152659,-4.929209638224903,-6.381502099002594,-7.370620916893169,-5.883071485515093,-9.511361066298647,-9.975433991953468,-9.268858504401226,-9.078213618511196,-7.985527269391435,-8.20269755264568,-7.472670035934356,-6.883343176355878,-6.795321440015597,-6.798790329252532,-6.614891640670662,-5.7165637423070885,-4.647031357100317,-3.9341555906085657,-3.361158886692042,-2.9973659220558764,-2.1346948958441274,-1.7382961988537795
14.556203206823529,10.844201329835041,-7.217184498792144,-11.358064394909212,-13.652933685683282,-11.660841234781888,-13.961773638508577,-13.495292164549705,-12.822656751426727,-14.39501845317248,-7.08211168908005,-11.856525316096489,-7.139897798822653,-10.314779968134236,-7.99813404379207,-6.921601835966327,-10.047712605053336,-9.953359608582097,-9.018592756383738,-8.060881443505213,-8.948524508866273,-8.616624048281535,-7.836360228624273,-7.143068313237616,-6.307026727225965,-6.920628529443637,-6.227445263655986,-5.734930807143098,-5.454842515330433,-4.159389943603536,-3.2008732900416628,-2.4409276847149406,-3.30978685059433,-3.23684223859062
12.21780233266736,11.577908127004529,6.61171845221091,-9.461198741059603,-12.31273106174527,-12.096595247595856,-14.544085959845658,-13.850112909716938,-15.862516215612159,-13.931945592738357,-5.167045532405904,-6.175526469422846,-9.79403538124955,-11.547861106516907,-10.30086178836485,-8.793749044528754,-8.767028242525987,-10.27124611919994,-9.431756049797146,-8.96071955023433,-8.64875893168333,-8.079287804466535,-8.172025311112721,-7.524476363973957,-5.447303348458676,-5.7011541741025535,-6.493133227526073,-5.3818779835231325,-4.353485823964832,-3.4230676059826197,-2.498747271026452,-1.6158997103712678,-2.6439989675065783,-4.149489454236047
