script/wind10m.json
{"header": {"parameterCategory": 2, "parameterNumber": 3, "lo1": 3.000054539987559, "la1": 64.9999836372058, "dx": 0.5, "dy": 0.25, "nx": 34, "ny": 52, "refTime": "2025-05-01T21:00:00.000Z"}, "data":
[rows 25 to 49 of 52, columns 0 to 33 of 34]
3.920362114462002,3.0325506464899967,1.9263611096684319,1.0424582351143217,-1.1554468188613811,-1.6158872714921364,0.8605115405127968,0.14694781834077844,2.770904140507551,1.5185524718292582,1.6984759957043616,1.605951121611784,2.082636659092554,9.794809169492053,9.180220276815254,9.046676551163026,7.924462379808116,2.315138167197711,1.9879791111549365,2.1703155107798873,6.11608252017459,6.011946124402264,2.155191478706401,2.3815993343959456,2.333081374426276,1.7980983964586281,1.722212565858698,1.2060505056358268,2.0143219314908682,2.7978132471163497,9.819981960884196,10.138587395351237,9.66003053263356,9.62762607296425
2.6601235265299095,1.7610241607981179,0.4162325805733709,-0.96120453322982,-2.484108410965823,-3.608566782376827,0.17771136230687465,0.2645024092803417,1.215104583618676,0.9825996864496486,1.436111448339154,2.1465639027276335,7.380345285096205,7.726034084806968,7.623190453272681,7.1474207471854605,4.331898952184637,1.6197590574877132,2.0926412808573844,5.923364937725944,3.3043205522393513,3.3202692099352364,2.686668617522043,4.001620302382974,2.8464339077104537,1.8275089463826568,1.9872704716210068,2.039811188360474,3.4941388901168944,7.967740852733834,10.034675291066428,10.524442418139953,9.584551817850652,10.81393940376903
1.9343591043327006,0.3002515640588626,-0.15951180390960687,-2.0102599047055887,-2.6520901534259176,-2.6873782442732783,-4.318113563887353,-1.4435895739771936,-0.29516314401860694,0.6006992968767608,0.8863052364851167,4.509217184294863,6.333591889829452,7.397273107214523,6.540692372148979,3.645553231845118,6.3150760456781505,2.535700055597425,2.4536479130190725,2.2858025179676784,3.6528512451814352,3.784458889644681,2.1725908519066897,6.791129049390203,2.1750766275544824,2.1574040213975927,1.7980744149250905,1.7826688846515384,4.095464221069487,8.845360262099154,11.55147694615924,12.671104831941266,9.43697603147872,11.057897400515689
0.6244941835786071,0.41876850856057457,-1.7826140962195063,-3.239815318939152,-3.9712329206487977,-5.138223582361261,-2.987822643305883,-1.468981339590905,0.02488120751710285,0.4839669567751883,3.9383924111584254,5.518468576001338,6.586652544287089,5.472013550959412,2.779188150752345,5.431526308274795,6.208390853814076,3.779588708867436,2.5348611216638472,2.9438142530489637,3.047361007176246,3.0893090086653494,2.0691640198770114,2.4652923349232077,2.3526523791950744,1.899632627773793,1.8590238836359263,1.6052660548552227,8.598050706041935,9.782001092138872,12.502270228520342,9.852998193009423,8.88475999471341,11.25043902441663
0.6190654962098291,-1.4661220802264696,-2.589215256017708,-3.1814143452196495,-5.660961432662437,-1.9173565171971667,-3.615452193584852,-0.12112604396195413,1.5657572415362442,2.6994804616681605,4.785119609593359,5.3283444646412335,5.956605911229962,3.5758165491442844,5.060714252664849,4.983500671059855,6.452895209917555,6.993665887269294,3.126606546596901,2.51926405814327,2.780626929043196,2.313876823144162,2.818950713920109,2.5071440932874225,2.422870926315899,1.8075952589449946,1.6000721453133089,1.442822684891792,9.842022305237657,10.456764278511384,11.794724101534674,5.4135753544251095,7.854956994102343,9.148499706588051
-1.2461403246315317,-3.0072203743397763,-3.4707238762262134,-4.390739777189898,-2.4803744893975663,-3.2321109267417945,-3.770938746301414,1.5630556863592449,2.26356130911556,3.681286076781576,5.163308048804904,6.61162486105264,6.708604557305009,4.080925903897972,2.9779871748147255,4.00842776819623,6.426390364886316,6.797138780233057,2.018278025634543,2.1671255635621187,2.019063950636838,2.4637522444520528,1.98003793538121,2.056347438535883,1.8999151098921427,1.500043488296472,1.6019873108802973,2.1304617429187123,8.642708132247096,9.99809707351157,9.761484795778996,3.5152536621895933,9.822480494216457,9.909452369916703
-2.3704517556741997,-2.568019746306147,-5.288367326566782,-5.940998042581711,-2.1630617570000923,-3.8499991848462853,0.1580144268539984,2.105622986570197,3.3450081789813666,4.528152705540701,6.213662261378713,6.909466549833494,1.805333313093726,4.503439680206123,3.4934349930520026,4.119972425803205,3.744610804578689,7.401277583325316,7.315876982360498,2.425316872903667,2.0020558660056493,1.5161689135484184,1.9046344413491747,1.9166260682907443,1.7663584218117807,1.9522948991996325,1.841415362854633,4.346654116374668,2.386329232491741,9.509489358298868,11.059779116985906,4.522155616319307,9.849989869643156,9.784760081256898
-2.4870680866017754,-4.5726980486606355,-4.991160188056156,-3.259212195272442,-3.869176881419646,-1.6161031206702694,2.450557837626691,2.6190002014896074,3.887736851961662,5.89283141635436,5.916859513361045,2.185192261946854,5.378492030410181,4.415459406237256,3.2887887862024154,8.08921994962889,7.936126900998514,7.905919575985014,6.766392957985775,2.127689518565615,2.4052443480500894,1.9604158710279755,2.0112999470841717,1.5285827953664939,2.0957825276397974,1.8667061306178099,2.164995389570186,4.233966923801655,9.517189263000127,10.540479854811279,10.049343600690301,9.316817932251048,8.987326691323366,9.117366436146767
-4.57281727827383,-5.869730239423672,-3.5267942546324855,-3.4826820336889157,-3.8572888444849003,-0.15121723883090035,2.054820270760619,3.388987020525779,4.966324580800169,5.729863269932837,6.045317373424917,3.988151939389809,3.5686175471336714,3.5442998542069164,3.048239764946874,6.847029167998503,6.965411129552345,6.394096326587143,6.761027116853487,7.244088620770098,2.301202228893416,2.6377288109377406,2.0342257621555393,1.8350777128611508,1.941714388252264,1.6574319309709127,1.1835897956582373,5.066700595423911,7.97260323779129,9.803777300127408,9.46193965687342,8.756295117331568,8.450071605811212,8.315628901907449
-3.5506108035893185,-0.7796565242123299,-2.894520217683361,-2.7268379337426847,-2.381036901554336,1.0733253694347225,3.160242135622694,4.479173763254037,5.590174765218329,5.51228553748943,5.858055153270255,3.1338870799420824,3.022263261663409,3.0443690939972505,4.2798979120021325,3.8317871171565834,6.6106320236393215,5.780908547856756,6.267089525736547,7.267316963095664,3.816841824080183,2.1335663992435703,2.288276309060406,1.9597511566761268,2.076010534688367,1.8537009010381735,1.759002831167782,4.245234625907555,8.146479746292055,9.384389156146925,9.171257914301279,8.503933990166358,8.155065031448933,7.707360712177891
-2.4642719311308006,-3.7677923628739243,-3.576787845274943,-1.9922962070856804,-0.10185268024299184,2.0755279665838753,4.101030889817542,5.495700583807207,5.261116690985437,5.352630406329896,5.423238675377795,2.531016675193735,3.3857196138082557,3.047151403576205,3.4613876994179895,4.490820959624735,7.49159173794091,5.728411010707914,5.972398714568385,4.181673409983643,2.2642603412046753,2.3813698238388588,1.9699072675647107,2.242958722324094,1.4998347361205948,1.2118855628691676,1.7525925282310162,5.732085573217885,6.997119572403829,8.618443879621474,8.619166223176727,8.240100464186504,8.092420258490462,7.524726470452531
-3.8010849508762203,-4.141736543092747,-3.5203193787037264,-0.7389857684651474,1.7441971575770583,2.787472564736708,5.171709154644056,5.446399792623193,4.770807169993539,5.1663502493096205,5.192880127817762,2.153109961746888,2.221084665544252,2.6115135375458243,3.10211574975704,5.46587782128231,5.305901516533748,5.904100003429308,2.7561479930452046,1.92084192814827,3.239206359269187,2.719390001600589,1.911304635114387,6.230198708189089,4.300611643262026,6.012701041625615,6.70892710037073,6.835962461457472,5.971983038465052,7.249872408901246,7.902067396109934,7.5373305655470055,7.544758565115423,6.956520988294464
-3.337144295488098,-3.9063033642844593,-0.49771222604848536,1.9423854649778174,3.1207041996942,4.276507601656906,4.799802049266482,4.506886854355036,4.727218475935371,4.414031457993066,4.935979649117661,2.5240020248687465,2.1034539977129976,2.3684887503029786,2.5532255701288817,5.4222123462334295,5.052047243058679,2.986770351653329,2.993670139646906,2.9736647890015946,3.182985361661805,2.3879133588131816,1.8733640153500808,6.008431856927947,5.38744693162929,6.217444451729342,5.955104992654422,5.692213247703587,4.853025830546565,6.092598200463542,7.491466255096077,6.658358304592473,6.991535172809922,6.6221183066314655
-4.2989755713852755,-1.595646886768941,2.128267117500844,2.068175326543391,3.3434326021409606,4.009481205708615,5.098400144750923,4.807760333834538,3.941344304995165,4.622862782328593,5.024437010920961,1.6514908276411042,2.6535440570132534,2.491970521365332,3.186927390338595,2.540329163657293,4.222778322483003,3.08647669550029,2.8714313833074496,6.293254486375539,3.274286710686216,1.0705632698051202,2.8465385361364257,6.873444117141084,5.798754576427189,5.917549220783939,5.592189683273268,5.404194584313837,3.947395121192053,4.333043724897315,6.116357372910987,4.891835017031287,5.834103589522747,6.181123515902813
1.5502330485358748,1.874943961063571,-2.2430425267184653,4.250401229513368,4.555703766650081,4.467511859825778,4.405817875693016,3.94901234917843,4.45191572521436,3.393884766834162,2.7706852742285304,4.041985627279012,1.4511109259382098,2.4127433212826257,2.6629910969997965,3.3683074358693066,4.109280016200195,2.292987859326853,3.1844862849678037,5.349472578066363,5.401191424424366,5.969007177382902,6.206171488356355,6.611213425626138,4.45223371730403,5.982747526674613,5.3426229923560085,4.918457033204298,4.208550292857021,3.631302594113764,4.775568032949952,4.164713298733224,5.732032199037122,4.715809585970762
-1.1444460679044355,4.811701968744282,4.8116891395567,4.818391893327844,4.50251726276977,4.59707988715148,4.550833793793083,4.318577829667346,1.977774520879985,2.392345835813786,4.874028097783763,4.166561405725022,2.0964427477364613,2.8434237085103646,1.8476420683469943,2.322900098682178,5.5845182403880935,3.8713060800628836,3.342464950048704,5.373540604436158,6.364804004577724,6.95935148546599,6.571944679010342,5.949701997525565,2.0395907719627604,5.800481719629157,4.883893832114948,4.307964208341448,4.175105581296348,2.992839821563136,2.973404713783412,4.106692100103276,5.303284300966244,5.338650109140816
6.320001410820352,6.031042377700744,4.942843050129145,4.261147630594315,4.548794431146483,4.912239142917343,4.1066673835755205,3.288640332944892,2.585836921863917,5.115631507993093,4.312051822218973,2.8880179627473326,1.463742240694757,1.5856917183144497,2.216982002209321,5.826593529230553,4.126523688153015,4.983573082549106,4.1470157858815515,5.403525552206838,5.762977376904217,5.381067824389475,6.883528136081345,6.482638297701084,6.513465430006327,5.9373546515326545,4.943103016962081,3.8260242283400556,2.811948090792761,2.174681871556236,2.236649312712708,4.267450403825726,5.054740332863623,3.963619830720675
6.27048653198038,5.416859200779192,4.554914404607955,4.2892240138942554,4.12418519178068,2.338013803824421,2.8135332122205807,2.555193584332585,5.774418876162078,4.660576851466477,3.143681593020639,0.09498065864719898,-0.17652015315450828,-0.5909540147628883,3.6904452215776833,4.062365432358933,4.294942873518421,7.210996377474255,7.184044052901747,6.019325087817165,5.304323564647852,2.0781227993187112,7.31371280074213,6.468411409361723,5.849219487727439,5.015196607485474,4.51191905533147,2.4553914178313425,1.3540721666735305,1.5972040260760887,1.8011577718138172,2.3656882861763155,2.2507401884782743,3.517506849921707
5.692860028547169,5.176688051036013,4.467428643071834,4.434191287915351,4.214395745294782,2.4324146838591174,3.2088274171640383,2.4656088911896976,4.555143277776199,2.8401697825862082,1.4268790420883133,-0.5840598052331275,-1.2914244771858372,-0.26363444604989256,3.1127518638204688,2.6398789861979437,2.0497963341637573,6.6048545709066095,6.010082275348746,3.271825772218224,3.0969885142783222,5.525923746048246,6.2715560655930735,5.498068207731723,4.335722790551169,2.8407582929923447,2.149912063468112,2.30442043216935,1.257753334351146,0.7405606158042275,1.0074566587324132,0.7658631383498333,2.696297326385364,3.527300682641231
5.7255617388677775,5.669236095985192,4.9381448160862345,3.6919411575763053,3.00338191056005,3.3283932719564384,4.447622870207889,4.875150192556248,3.317629473768486,2.3069797992210175,-0.6187382139740172,0.6825019723715712,0.704177521710979,3.953260939241511,3.268635867277468,3.858650296737506,4.450964085655711,3.8089462974627306,2.0063559232537127,2.940331756052303,2.0586568122950712,2.622607292469856,3.23943708013069,4.182808493420149,1.7300196872857656,1.7871324981663437,1.4964118018831916,1.8960873140270087,0.4652864525924184,0.21133880648018058,1.1248469172825222,2.0387701959891613,3.28545562749597,4.346281284339925
4.956479180574948,4.247649933016809,3.4908516762706907,2.5166555230865835,0.4250774563556148,3.2804578690352733,0.19473437804286195,3.055719645421483,0.49085372919034614,-0.4999131105359001,-1.6450128544050766,1.5411057503786263,2.7838662462479404,3.1564296862203394,3.5232573144135384,4.250030984086721,3.568656963850809,3.4365923219378804,3.8663833318517633,2.94044048852668,3.2669357724709016,1.8621272577742267,2.480954917557779,2.710759582183541,1.3060899377475819,1.3706986600856734,1.8159478305254666,1.181330867459487,-0.11440063376276906,0.18518263028389537,0.06631951579423646,2.213723943799238,2.1138038836987456,1.7661685995129408
4.087372048310711,3.2386921364315375,1.6119740845044592,1.4274261825812669,2.5604361862430323,0.7144116357615283,2.0608971774383225,1.447327241160392,-0.031032902626163695,-1.0931995324514108,0.6833073337405909,2.332594227280095,2.554548445648425,2.5431293367488284,2.6194288373733277,3.3233506329085647,3.311304133084535,2.4398033551611187,3.041745300607475,2.583872892833139,1.715192716672893,2.7971864453045012,2.7282086619120296,2.1137958612851206,0.8680310073081855,1.7019248146753838,0.891659652155386,0.19856053626145267,0.9935175409627891,2.532216310445348,1.738878607976956,1.9891124567752974,2.448495051571501,2.0445255459827534
2.1722259415013228,1.7257200366190968,3.3567424580378415,2.068779298879561,1.2729135205417197,-0.2777151736995938,1.4224962474395852,0.9907312612121589,-0.20751455551702894,0.7365333626336709,1.4797569627579845,1.2541082971286708,2.86924094423176,2.3718819077354034,2.558402077540746,3.245609942140546,2.2233609887852372,1.6281303674683065,2.620044031350861,2.2692010947387242,2.3203725979960286,1.9436109025353512,2.723995957949556,1.8954921343444044,1.8814682191561978,-0.6390784163852983,-0.3994349574602108,-0.28311191842571665,2.290486377480639,2.3777056019658946,1.1950406396509856,2.3712974204344524,1.9327256754847446,2.5937204137620182
2.8650656382645705,3.778584505822828,2.551204661747598,1.5561298425910466,0.29129293515909666,0.09420653554746489,1.7545821573923421,0.26543289573501155,0.7016256679603814,0.60573698486814,0.05951321144462631,2.300620546918652,1.7605556566273146,3.040469026698936,2.171014958684984,2.3776277475833454,2.202344281531174,2.4362204810054124,1.4962429610091044,1.9146243501627305,1.839156827483543,1.507781384239088,2.329550577784258,0.9820369845121492,0.6280236012077927,1.7504003162084971,0.8567595639517462,1.595800562308817,2.5885923678115526,3.018093576696447,1.814952194521307,2.0643149591377163,1.5496526862145505,1.5002744259716256
4.104627859377065,3.0757263276629327,2.112563943664066,1.6582079487629076,0.66788936293571,-1.0397278592975434,-1.4032783022141928,0.5115052156604659,1.892721037083827,2.07458413873031,1.955227329413283,1.3385029737894039,2.177969019546388,1.6338933452479307,1.7711109322603684,2.7322536764764656,2.267446188392377,2.376354629719995,2.1724207431801577,1.5046812685697646,1.6989125069426478,1.820730119514405,2.4157635592870026,1.5306774808637948,2.471257332039683,-0.35149907773615596,1.3988882083128904,1.264132613012678,2.752391024396177,2.2346682776170437,2.5525046348469793,2.791001738296708,1.2370402893136414,1.9214437417595638
