script/wind10m.json
{"header": {"parameterCategory": 2, "parameterNumber": 2, "lo1": 3.000054539987559, "la1": 64.9999836372058, "dx": 0.5, "dy": 0.25, "nx": 34, "ny": 52, "refTime": "2025-06-16T21:00:00.000Z"}, "data":
[rows 0 to 24 of 52, columns 0 to 33 of 34]
7.218810152807205,7.872013656844905,8.66474739013687,9.539391309196038,9.784739406441972,9.976606494874078,10.125801381676387,9.988390228434303,10.279704846339127,10.604092655072597,11.258900549852182,11.57185971045747,10.57376819385791,11.35671012211185,11.464868013568683,11.844215166505329,9.479029258770414,8.744610143913539,3.7886523342903264,4.810469154791407,3.4566856110673907,3.34042384314008,4.6917541172013495,5.976015269836017,3.371859091692841,2.5502689810407064,1.9276020348716971,2.112999569755469,1.4408600760873265,-0.19693656177190447,0.44193901853162054,0.8387818321542507,0.953283351893279,0.7362798416329815
5.614350622465318,6.4754487000058365,7.535800732744536,8.368439345532115,9.328669338964133,9.726899060171101,10.09720081374996,9.942006506686592,10.364700301764445,10.818750256857495,10.948384216826296,11.301472846474198,10.234531385812975,10.564053124599905,11.048887162076623,12.055534120687684,11.401669329662141,8.10013453041205,6.333444294317582,10.691235711752416,3.6060028674573816,4.660766926610149,2.6933779083123466,6.151506031595773,1.993129258994409,2.058285784964408,1.7157650252257874,1.2036368975417675,1.7036794897221919,2.1308823483218142,0.4868401943235878,0.7368474546839272,0.8340479538349566,1.0082929785490493
4.176657776204119,5.135863988816242,6.749130324555279,8.131821772665425,8.70722187245572,9.219995517119688,9.718060813837322,10.156477912382256,10.394826186803142,10.338455642653036,10.32646998887023,10.76029491826573,10.950352268407118,10.90198090629744,10.546307707297634,11.392153409089135,6.622664934126704,3.1911346429537613,4.285111501065022,4.350969188056912,6.505276589997996,4.326272004179091,4.242605683538951,4.448815416609746,3.006221319106789,2.1472379572288656,2.283610609675319,1.6793729628734224,1.5244347764090342,1.8702466749004352,1.2402374795331257,0.7395586949944202,0.9804814059691996,0.9508289247683998
3.5159838061055315,5.006817643328406,6.672250028354142,6.869494413836222,7.150093610436976,8.097911784046136,8.886195978630491,9.197419001144272,9.938033654316518,10.706169841841893,10.910866569587478,11.102148073558242,10.911817374290365,11.003685047653624,10.921764854866016,8.281293878589864,5.403445624239817,4.3152421683309665,6.486304026771629,3.2163060880487393,7.455113436903876,5.79532597847642,6.025764059793003,3.543405015469204,2.3681501147366575,2.6520094278334505,2.827859937334046,1.9422738495714427,1.2255920707628272,1.5296307777119742,1.4684348613109606,0.9430075777567558,0.9936664618511206,1.080505294063005
4.0123357985443535,4.740180716651593,4.953502002850201,5.090604331473108,5.998655321549186,6.974182142460911,7.254062346743658,8.678673511991274,9.890856613558652,10.677828158389993,10.308271444494899,11.005352067415158,11.039023262779816,10.538523535204632,6.416963548371591,5.737250581578465,5.688893887637704,5.384943614659969,5.6255714325957,9.52244348282108,7.822932064547043,9.27768644926987,2.6466307903159207,4.553119771326169,2.5066739833965026,2.437738513951875,2.633434233595542,2.3333056864248354,2.287004402364913,1.8869384103020292,1.5255740124490738,1.4718677622378844,0.9093473852452365,1.0943193656735632
2.7545003308991807,3.425862261570056,4.892953178294552,5.4678264341238085,5.577136949718858,5.8522124593616045,6.720845184692089,7.994269545920196,8.623400812109269,8.869351965030157,10.19440310673292,10.202817079074206,9.53350466162452,10.659615059878172,4.614647409320503,4.873092935658467,3.8393040053806833,4.215569440979761,7.760987770751748,6.249901468255347,3.2918883269173884,5.64452360834441,4.087214099034957,2.8179784453979457,2.532856800102898,3.002019762318305,2.707107211056098,2.652734909713048,2.23129172698949,2.230144018505082,1.8867360037161391,1.1195950816003633,0.9616028354227717,1.0130806938456092
4.957560463553027,4.604473703202267,4.667985522741526,4.787189291599211,4.985218807261977,5.106091421786615,6.045346628210787,7.725167560826512,8.263468463214688,8.32889387513801,7.184834303651404,6.3392720564294525,7.146728027033039,5.827882309222986,4.533199218335196,9.337055388780298,3.2488546126050863,4.2732184239587125,6.99428888574565,5.510097306779622,3.987753402888064,3.4059250343157874,3.517792975348561,2.942882319409443,2.968116699629946,2.8699551985146887,2.702676862157778,2.2969483588885233,2.3605254498397494,2.434290569321614,2.073473666866433,1.7770273179816214,1.2555831463090055,2.000253830051062
6.080227285015493,6.510733285106746,6.441096164313815,4.958094149418955,5.314616030265085,5.646822553616291,6.590152692188345,7.712937361084986,7.058518546755413,6.874605069856586,5.108908415468652,0.01623258447508772,1.4886574822394647,6.611587930434702,1.7392027401749315,2.930636798832159,3.7705266871372336,6.133128705309679,6.018246240470362,4.44680229859016,5.505878974259103,3.8102886739518644,3.254270927040718,4.038339917971174,2.8219508427996973,3.0427389614709126,2.9392102393338697,2.6163885476490334,2.6944469719841453,2.2876419308269202,2.6475799811525724,0.837380676683606,1.2281726295501516,3.535737688730896
6.262935789639601,7.193349379175424,6.800894503525215,6.580350856876535,6.089840319452821,5.707994977537694,6.525284053893279,6.765408518178404,3.608977203762909,1.9370870679703653,-0.86726869242803,-0.025057375832637542,3.1963505249519812,2.939089577963379,3.456630578052472,2.3718930367201714,3.260534345793127,4.286151815530378,2.8168374735999153,4.193537299247744,8.604336037803506,4.45094502057949,1.8385196157964305,2.197462171878258,2.361576731876033,3.2064657061670125,3.337236575730518,2.580336676150797,2.632148644397688,2.5379448035599386,2.1980186680172884,1.6582159968214245,3.186667190048592,3.5752562323523005
6.68328930223832,6.508530236387695,6.72815431913129,6.8809014225532,6.97699878952028,6.526131441847606,6.255968964324587,3.349058362316713,0.7130696823655502,0.7398138977164338,-1.0755839406013026,0.15113174923722164,4.885991679129901,3.8091691915168338,1.2662637084721857,2.0139436423935253,1.6279727303938836,2.575583043210551,3.565601450268811,3.439271880645845,4.003291914684772,3.071162220530513,2.317653793491796,2.1790589560442877,1.9837315673256481,2.9398140971733637,2.645288834270803,3.1240075290844773,3.0473119198136813,2.4304232735505953,2.1231218413757316,3.730912883299913,3.6203658462039945,5.2958940626401585
6.816588337334017,6.803622661258429,6.482155362647924,7.013098963260573,7.208329909663418,5.447159486647291,4.422723458104623,0.10710797227585572,3.6492852069395454,0.34753662657098844,6.74518243986259,-0.6800391423489373,2.865595956315511,7.592403747426546,3.108472556673769,2.919290830766526,0.2587651277573991,1.5626068866224847,4.026668286702335,1.5301292825305357,2.3671909614746665,2.365299642759071,3.5145160056999534,1.528322010851576,1.9321312738309737,2.1519136439297437,2.7836934970845704,2.851554331754588,2.8952965513739506,2.139515148340442,2.125116683185403,4.549819794291384,5.2184922338016495,5.0509065785957725
6.180120038677504,6.199074578530103,6.543103055902725,7.248469518607046,7.90076545237756,2.3573850200125275,-0.17597912215235037,-1.7959564769010952,-1.6697928548534486,4.2810119764763375,2.7650032848549095,4.883813784648403,3.961987045132516,4.582995033977299,4.048738666446254,1.7060176794460038,1.1870513933025524,3.1128412285008524,0.6125286207017829,2.3093572603034227,1.966360369032726,2.7482990323048955,1.167747726291859,1.4116998053563607,1.0293572535385358,1.6183310876108852,2.4197170947390276,2.4796381328820534,2.487438254107092,1.3819857875642787,2.652482682359507,3.9552418176050654,5.99475269002478,4.723579915586349
7.131066206137121,6.568273523429704,5.948143701705848,6.419311595211809,4.285897696320907,1.4874688021517912,-0.4588531787154383,0.7570708439010218,0.9334506923834825,4.262293583765586,6.3721400824185555,5.250856272273561,4.144344792743344,4.873266237057172,1.2707520588283765,4.917066877155403,4.460914199873694,0.24511924636764798,1.1556193117594091,0.6164550581626637,1.6574858364214076,1.2066656639354065,1.2957123001905395,1.7208329560592193,1.0091118868161728,1.7140894052974802,1.3615588492494568,2.161175489774344,1.993952410755316,2.8952927364766654,3.560631321793323,4.012954494410017,4.570342954667584,3.9648486726463132
6.213248462590352,6.463478283795803,5.294157565840475,4.863199371779592,3.3193602190019322,2.6717570619720767,6.828119769471504,-0.2710504045782371,0.17078869169375557,3.4908890513048645,5.080258632525848,9.538572638454589,5.013942557102666,0.6978126809452339,3.4603478800780643,1.4934291789342986,2.598002319240506,2.5423879165539,0.3971568861933181,0.9007366343047583,1.5755684337454894,1.7733300499864602,1.5172635019220897,1.4033543456217625,1.6666209034921553,0.6984778092081891,1.4481464959647745,1.6876331968721396,2.406796091757148,2.95871187883493,3.8243358414745834,4.058510928999782,2.8441795259849094,3.0970985158897757
5.8693092214980105,6.290487991178717,5.35413337020579,5.017297132670854,2.5998767768510938,0.9847036859127424,0.38104826308960144,5.293789654206986,1.745674019896207,3.006313767457092,-0.8895343449907633,7.401372116698869,10.289921450652853,2.471396563211499,1.713263587651994,3.239881004159868,0.8225923398728929,2.4975964629950345,1.696073501731895,0.15632807301068688,1.1109655859921546,1.5213624199362832,0.6581373916281791,0.7530487641280739,1.1845283876856305,0.6733583215748608,0.8282026215238385,1.5065219907313425,1.1783672561875052,1.9260816582528044,3.774002265413851,3.9677918646520642,2.759957165294914,1.9973823049933386
5.470967626247521,5.656652575330113,5.135136152043631,4.364535222778969,1.0807375395234957,0.9892067740484213,2.469469323856932,0.03729984361937562,0.7893356546698487,3.6927419177869307,4.676819222059331,8.342792245448146,2.5479977265081355,3.9972721140660705,2.9923933632642044,2.477492176010619,3.17356666869573,1.1571356483738677,2.0060552312382574,0.7759820355198889,1.0253299303193275,1.507601928396309,1.283613138572526,0.8217675732496528,0.2704718075238336,0.6339327448141507,1.4125365199421727,1.4997134434571178,0.8473252175973522,2.321853730663877,2.8825597895139117,3.3377228443127596,2.2446987711426076,1.694894458880719
6.364351184592796,6.13494446496236,4.908291852326507,4.177857019822157,1.0147548040557155,1.5758916170711619,3.6396185322214123,2.3325003860660423,-1.253050125737091,2.282624868843644,5.979639222656843,7.887604755480619,2.995292902886585,1.0230052793364903,2.106481777802276,2.6917777563966196,2.0401675185016237,1.2368875589022923,1.336053889115203,2.6318346325149222,0.9830873621511894,1.6882966157276236,0.9180818477395929,1.9088786865577927,0.5941889196580891,1.1730988227006023,1.3391190518866705,1.4367199189062605,1.2621535052290975,1.8012556169231042,3.1418101681935133,3.587456851733954,2.108633587899253,1.5578808911254325
5.506830471001173,5.164804264542219,4.840188488139956,4.676786035313904,1.8432532030783073,1.1045131402514061,1.7338864636435734,0.6980560567429264,7.865338963181643,9.6149859225904,2.8090276277593405,3.544737966527823,2.047813250945705,2.7642357978068652,2.2916858994409623,3.96727100293632,6.001803596530887,3.091254290829439,2.476525803003189,1.6970722530443942,-1.1105227482593363,1.3053528301512685,1.4771586877635823,0.4183022153510122,0.8006364819068417,1.3160404840093067,1.4122018948819852,1.2588545253323253,1.2031327307366713,3.050931557068486,2.3802849333082263,3.2361120466389,2.3871470534444685,1.7014524517225784
5.470851175903945,5.076484217747755,4.528956364032182,4.215640518697907,2.1815634999797764,0.6047148695875725,5.108552082818249,2.525053818535866,3.5510633035134638,11.018586760154951,4.502644972022832,3.646381892331387,4.257531445897679,1.5339391928437114,2.7953587790538923,1.6313599841903668,3.3352310538632852,2.9652813650931047,3.0148884389958845,2.1913517624462058,1.0039460600977936,1.5825295488469249,1.1621029854701224,1.5587040874684037,-0.6335509960180363,1.7427290313087116,1.3433769493845296,1.5498590357946895,0.635090192364796,0.4836010247251956,1.1623561239465316,2.8546703735803067,2.3748404233585365,5.0022968077181265
4.982581550812212,4.837644821959753,4.2846160965569995,4.1033420975355686,1.1663836601842692,1.1387168368524279,-0.6976556988103507,9.279105626846272,8.577676850603243,5.816346688457444,5.904297063314806,5.987832471334533,1.689917976948548,8.745512125995335,2.4479183638571667,2.5436132196716237,3.8242772965546528,2.9672962726405996,1.7485487487515274,1.719923355981812,0.6184690239917487,0.45657705729253417,1.5594702215747664,-0.30270618161375373,-0.006420153957427844,1.1793986280883775,1.6908470528824697,1.187559676194682,1.2920728131731878,0.049877007981989935,0.41490658591825325,0.5706090050162465,4.546558808385053,2.16936216789711
4.214679055633386,4.367609172779915,3.252497986474195,3.827782133846656,1.6189789531579573,-0.5402872438109566,0.1442616051538423,0.6451926495162509,5.194657872621924,6.865825405050003,5.459450407842216,7.774610405252475,3.424703833833383,2.222499591847043,2.082464544158144,3.939204910281607,2.1986127801188973,2.133648414632678,2.5222205264019872,2.1332664317007013,2.6510942827561474,-0.19594510669657206,1.257647413706384,-0.19131013621920212,0.4327363197513236,1.3514456445145577,1.6686160179816052,1.601534673066521,1.656684822860887,-0.6462568830237486,0.017038276401080528,0.7717639539604148,5.069217306053298,6.250710293958068
2.7454662508978065,3.1724445383352573,2.920590874292054,2.7377131572674367,2.572079770320842,-0.27685979145485595,1.1352920109218352,1.1413638908047856,8.142502587023577,3.630694580769066,4.272317456559834,6.551259836841815,0.3448106907204763,2.639473917202619,2.6084388507752263,5.177936983672874,3.1309361250566834,2.7246055361773625,2.531753210573289,1.9709356272297118,2.5824165478511345,0.3212566485453735,-0.7168518212983601,0.39675655883043576,0.8071633893249752,1.865736176972064,1.5101185814663187,2.0327781878693987,1.9897593550332886,0.9724281070145478,1.4150698014244851,1.3285327549424912,1.5649778393221454,3.9035181568297745
1.3989743462750779,1.8536419728112592,2.0487307012933806,1.7981008079046044,1.6402533163966864,-1.0750969997167374,0.4057928356729169,2.072274404160992,7.620023182045735,9.881210868292882,-0.7453517720411723,4.9105655361297575,2.119328920199256,3.334138603126985,2.7168907932714257,4.526474016651257,2.498660317589121,3.178011031572644,2.682006604290024,4.046706104290176,2.988354941818696,2.6594619498056797,2.242417765705677,-0.18041282530234343,0.9654825854038929,1.7226097296432157,2.322412215784008,3.3769105907676096,1.8771554129288082,1.6502197932853016,2.2242491684469154,3.4498525117724066,3.9091546991310544,6.20754493938807
1.5080335369359938,1.2601672560095722,1.6623045815337947,1.6695554437551003,1.2787699405362596,-0.6240731156099494,0.7646058946471438,3.7358174847547443,5.8341659737654945,1.5358597473098465,0.7721256956877108,0.21974117982532218,3.4129052578759604,3.6615620266988755,2.8363768467046038,6.311544418922906,3.2081282482822626,2.7494719298884407,2.441774353592197,2.7943169869490894,3.139870636155673,6.274066335588846,6.982752197580515,2.214450113694915,3.346502678756243,2.012490182732268,5.664490594075336,2.81043760242627,2.0335269068110984,2.8519508425475704,5.419522818047748,3.1690493584052453,5.162079037374934,5.744933914695766
2.5567046828060316,1.4866395035089313,1.557027712596351,1.7948260820327753,0.2619684295654213,-1.3082099463545958,-0.8915003593135377,5.845522997500268,6.917838305546362,2.717064089926071,3.032477469689409,2.0439662310942883,2.510606515936134,3.449400392411134,4.4766233506481505,8.42397643371362,7.716843258283022,1.7977991282387293,2.510513166764575,2.674257811909033,7.340632672562571,7.232447595785997,4.504999567183713,2.613493408603323,3.4123308933075305,3.9285505723539154,3.761191445400341,2.4297763444746527,3.120840419081989,5.164620208726956,4.192230044903118,5.494109725141262,6.357704212078332,5.8466658353157035
