script/wind100m.json
[{"header": {"parameterCategory": 2, "parameterNumber": 2, "lo1": 6.000198445256149, "la1": 58.999992894266676, "dx": 0.5, "dy": 0.25, "nx": 22, "ny": 24, "refTime": "2024-01-30T21:00:00.000Z"}, "data": [2.1818109318677656, 3.4049495853183327, 7.969631411057615, 12.021405680911704, 13.402354422260032, 7.875147531287376, 6.725001035171451, 2.7255983799046883, 7.543374831184641, 4.371176882958078, 3.9172264193313344, 11.912966235266092, 4.736529601922187, 11.38360994158825, 2.8721732422050263, 4.158328489677531, 4.138308897684109, 10.27436486329046, 6.870694208909497, 4.975036288381481, 11.958422547458353, 12.52702397007545, 1.5929934753604966, 7.433404824874506, 3.191098315812275, 12.642821980960155, 13.157400970568007, 10.292980342946153, 14.033676798484198, 9.418221279764415, 7.9324101639178, 8.098316373838326, 10.98624700747567, 4.3177975886081175, 1.7675927491042296, 9.09770681342505, 0.0954562886374043, 12.178769493684241, 11.968797977846311, 5.16252548014386, 6.737529615991227, 3.303896587051549, 7.7710803437507145, 7.746089444647052, 3.1774004646628637, 4.342698487216438, 9.659949566573568, 7.0701326800255995, 7.316622115221501, 5.669025839126861, 5.60834930731776, 3.6156504345137357, 5.374905832868585, 12.343042474887216, 4.370411641166429, 4.922789126728258, 10.399757256663777, 4.246264278764727, 4.206734462224678, 3.4356096090823045, 9.503258667232513, 3.7607511400566134, 5.453479118428723, 8.47211227670045, 10.276795655798985, 12.680835948117464, 5.534367635446611, 0.23594070698450573, 8.824793959391517, 5.962703054439855, 1.8543214948710443, 5.936628522503773, 8.165556825911883, 5.631423539544898, 9.138410494078094, 7.8466162521805245, 7.954506410047717, 10.914693398606628, 10.576921863034473, 3.520699037339131, 7.606262657806754, 2.5220544694589884, 11.038039778307375, 2.5787336471103646, 7.8788424228090905, 8.256728222521474, 6.601302416167325, 4.741439260065565, -0.9834195688436794, 4.624800277285954, 3.312930451691026, 4.210876881279545, 7.984857616239563, 8.037863353742495, 11.277714573041772, 7.874564888209802, 11.832996854645991, 10.415292685288518, 11.475422834223945, 9.70279118449985, 4.51603332786116, 6.001067345999828, 11.516527659991443, 9.914218748154676, 10.660634351543326, 6.306959070275167, 9.308560595009741, -0.6945977341051198, 8.803164062770202, 9.450366259613835, -0.6488265060794919, 8.934512732721553, 9.870777375000944, 6.992286362784187, 7.424231713104201, 14.294846319777204, 5.778350001238424, 0.6876489894676419, 3.211865000761293, 8.85018904002981, 0.9189426478136516, 3.5666415490396663, 7.203030571754403, 11.863845115198776, 13.022537546907245, 4.783769717852651, 1.5893398113356776, 11.775947726279309, 4.382341662403604, 7.978547329118836, 11.679378252223488, 6.2032105713656005, 5.184898427102031, 5.685788025096908, 7.95491219423414, 7.52173021907292, 13.371943305789488, 5.5139138341598395, 3.772093093223149, 14.788945251879872, 6.626313646942351, 5.754969662437857, 7.302241227156421, 7.916207899709219, 6.1448572602072495, 10.397055649851398, 11.165234700345566, 9.788638375660437, 0.9507443332191386, 10.807499780638983, 7.805011989378807, 12.035219268523576, 8.187759413104688, 11.604078165859015, -0.7585351258586769, 2.575220834811915, 6.767992154858875, 5.456481363171686, 9.429392118468543, 5.730173295999629, 11.065093872151957, 5.237572439601119, 10.777136112602712, 3.885019479897373, 8.19472542250065, 11.156587231875632, 9.628377026783307, 11.179866309086409, 6.981977666169852, 3.4464443416760044, 6.2175580431394195, 7.0310636091042324, 10.86521163176008, 5.4049216580834, 10.328075798378084, 4.891791666610823, 1.217118471706272, 4.785328343304151, 8.473621140237881, 10.369379417831931, 2.1450546542219744, 5.903730304978847, 6.237808632111196, 1.8658629301554928, 12.611754320832585, 3.8194178089613198, 7.066105177793981, 4.8275802918510085, 7.116225953621388, 8.776618926326, 10.041574510399366, 3.7105317354988987, 7.4493004333046215, 7.432236521190613, 13.155620727012156, 10.844770541123562, 10.329353045256505, 11.646239858420687, 0.6094626760535711, 12.123485696218184, 9.553928543719636, 6.224416345690638, 1.513165401701554, 11.468843700946639, 3.205155780833557, 10.535990073230304, 0.6647387047984072, 13.812712976476863, 7.352057413061315, 1.562685215321861, 3.430859847560937, 10.397878770020805, 9.273329326164694, 8.516845193921704, 7.64421443132603, 3.2390281864174018, 10.073981484457315, 12.26651516636529, 7.180678333305827, 11.097973730048459, 3.6898874462958173, 9.346999864192751, 7.817489281018156, 11.153471195709788, 4.067693442389259, 0.4538799743856876, 11.209516960619567, 2.0617824848889046, 11.94235684657383, 7.977614469967737, 3.1859285423108634, 6.1748806800563365, 2.9908749706301094, 4.75950755351264, 5.854775106361952, 6.14524461138272, 9.401858454723955, 5.874225468059857, 5.938988669106765, 6.675201000678846, 12.184150503303837, 6.893412766673688, 6.9568535630010935, 8.126852510697708, 7.813491119144697, 12.808502738516477, 11.016569769796986, 10.489597803236245, 10.755471055918369, 8.756196602316393, -0.5384681927538684, 9.308355641837604, 1.59576352389729, 3.9214210060803136, 10.10396416444042, 7.286708526287298, 2.6153034537934428, 4.6099311204950935, 8.346053608808683, 7.46922723375864, 9.336569112108826, 4.355755852626471, -1.0908809426087471, 11.859114984434688, 1.2988428084366401, 10.314044028967894, 13.509341136438263, 8.341244214422186, 15.167278051449662, 10.259058343756196, 4.512372070199637, 7.0353796375305935, 11.144086909743088, 6.398589227659941, 10.626787629814805, 1.54968123693113, 11.065458868928422, 10.932939383837285, 2.604734639645742, 5.077475455757942, 10.17565211410902, 11.411043066306338, 8.792011282407692, 12.18843831070963, 10.247033665880501, 7.890913301408095, -0.8426862359094269, 8.967839570521946, 11.354487190743638, 9.519653104494125, 6.4283718411387305, 14.78162240088278, 13.282620721068119, 8.199654484827422, 1.7787283592544536, 11.412004576908409, 4.5041728588989045, 9.975119853284571, 6.258597696708797, 6.773430081138121, 5.725573010115259, 8.451164759718921, 10.673433126786994, 11.567380767720568, 11.153934182590419, 9.132242838393973, 13.60489519744296, 11.843070601925742, 5.946059018617469, 3.0254392934355225, 13.020031593479835, 1.1967115917342641, 2.6586824728429916, 4.6150150081174, 6.460161836051846, 6.846478190126228, 11.122235832094269, 7.8796163718762, 2.3617995153047837, 11.085284611232497, 1.4599272201222186, 10.48339006922382, 5.774973686211672, 10.643710978389878, 7.83658063723994, 5.640166575791498, 6.505297928522326, 3.7926934123521407, 4.997268606149523, 11.953404068933176, 3.664264243265565, 9.297006255042284, 12.000873206484759, 4.12796865351182, 8.219223195953349, 4.971034524524373, 4.7471343967491695, 5.885954527756693, 4.547996699479465, 12.20016444194911, 11.558377571101042, 5.121415694942155, 6.350209709860648, 10.872086659866998, 2.3871664016729874, 10.09284678652819, 10.612930598608513, 7.678806588195319, 9.240994575802969, 5.725296755645211, 9.867432435863469, 10.644078419359902, 8.206919853538448, 12.901869541794182, 10.747083781887302, 5.327980748653042, 10.217770223018302, 9.8723394415932, 12.996446352840854, 11.191026183004611, 12.785400870828612, 6.379951898730594, 3.8214563865216546, 1.7160654136820799, 11.02648385659727, 9.487415728914218, 3.1273870917960536, 7.100452362127923, 3.8596369231018377, 1.8063536873346568, 14.18626012095939, 5.715846902476638, 2.082892277252533, 12.312821596080358, 4.151019410810712, 7.714700272822009, 6.701377390173326, 10.225404440889532, 12.495357766073973, 2.477836301789872, 11.296750857045494, 1.5692250250326887, 3.3298762182490274, 5.256396786317229, 7.665276533546547, 7.959212220751102, 11.316058100206837, 10.544785217600959, 4.315129220444249, 10.300562101479544, 6.738360903886337, 3.4785283023984515, 10.154760705043238, 4.782142635022076, 6.915421763490629, 12.721504293804736, 7.503934131103444, 13.643664779074024, 6.517018260308703, 7.992267319242186, 4.337717972256104, 3.83756796214839, 6.843828440091296, 14.50819600324017, 9.84931852163245, 12.906686225430176, 7.620496644044253, 9.101172142411132, 3.145821331600691, 3.088486632717, 10.172508937375392, 10.428152407158338, 5.79330085399124, 11.132555709385574, 1.8661679300201544, 10.065263170602686, 13.482045440455417, 5.9289873267796915, 6.430772983974853, 9.85435474052786, 2.9724713318803038, 15.282770117202595, 6.537201395458744, 6.363628533739698, 9.199690933739339, 8.784782530316896, 1.9373102370735968, 5.3679798483444445, 6.2574503545350595, 7.9653114815291515, 5.321459963503652, 1.8523598046271323, 8.087993271839787, 11.674535732283935, 7.496057140944244, 5.785546291091254, 9.342713528641848, 8.388919639014102, 8.00245899454414, 9.623818076401426, 1.5492715113079343, 9.383238543087396, 5.675811708585732, 8.747476480657419, 4.851932925764785, 7.238542203016123, 6.5113783380588455, 3.2403935412604468, 11.537563129286077, 5.6016631498026355, 7.701940493519884, 6.173936929261403, 6.257816248628642, 7.16194815535839, 14.94089666765449, 11.273451278220097, 5.353177325843992, -0.3175101795562387, 14.463304166458478, 3.4213155932610375, 12.117626840460002, 4.382592977202994, 3.569552016286771, 12.184245753252277, 4.175771148389233, 6.130743143006941, 11.003816550973738, 5.95838716128946, 11.030445779057478, 15.243033643844463, 4.364834040817474, 1.7208541794395056, 7.5430041350820325, 8.575121149289334, 12.87346125012438, 12.41522499367519, 10.994410517634895, 11.352154372244371, 7.89667113430195, 3.014718652884156, 10.881791243785894, 4.295139703183358, 7.872462539767137, 11.08077979589799, 1.0252307493836341, 4.023085617619171, 6.34652853445481, 3.194962733433568, 4.911755069729086, 2.812534832942186, 9.344272366405672, 3.5042758170145185, 11.593482371332465, 6.781228591127726, 10.676081731259941, 6.826769958488526, 10.130465467902814, 9.612063349538296, 12.966487423801626, 9.988698503077714, 11.564796810050947, 5.804549301680295, 3.111920396195847, 6.979029521900361, 5.93693109428384, 3.4998081651381194, 8.497143124436866, 9.38074087455204, 8.047280034601657, 9.404502754629826, 2.063804048552837, 9.534595934343281, -1.1079292378808352, 7.062483094262468, 2.6199218041380194, 5.467966539636245, 4.375664122747591, 3.436039377472801, 4.689492166889515, 10.563352450641366, 9.037594230513456, 10.503095443001564, 14.48229305281931, 8.621132090568812, 9.146141184347963, 8.0299466331318, 11.137470694808268, 11.403879821128927]}, {"header": {"parameterCategory": 2, "parameterNumber": 3, "lo1": 6.000198445256149, "la1": 58.999992894266676, "dx": 0.5, "dy": 0.25, "nx": 22, "ny": 24, "refTime": "2024-01-30T21:00:00.000Z"}, "data": [-7.071829638762261, 4.197320504550418, 8.059189691167159, -5.80838628405376, -7.377563135465781, 6.597425504264209, -12.394492931759032, -5.2473115576499705, 2.9700079725261674, 5.775762697378625, 4.498919080305358, 4.111119788254854, 5.3515971430340405, 6.94593373852211, 5.028635615268017, 4.663420507326945, 4.260557665852647, 9.308779381034276, 4.6354335087321, 5.652073140441952, 7.271178157018658, 5.8803528295853695, -2.359575553242767, 0.9556997133187558, 4.640332163037802, 6.164869723724117, -1.1163936990623418, -5.331061349179905, -8.40108990466804, 4.628743037580028, -12.176356360114234, -9.70518727713495, 2.602927387454555, -5.144844960054353, -5.624931603640334, 7.139634397557557, -8.628024139402019, -12.338880849001374, 4.438749112290626, 5.754288494258176, -4.315197983675552, 5.070968721324642, -10.485475622508924, 6.057609248888197, 7.040549597378556, 4.9350228432095475, -11.654727405900687, 5.414375034178192, 4.361594498105879, -8.801017274256678, 4.211552473323846, 1.2863443698198398, 6.396723148422697, 1.9861366932764954, 5.686549002977409, -3.271459637803057, 5.866381455784489, 3.8916721105622805, -6.920719385249855, 4.940667973954991, 5.825939200123861, 5.58485193638202, 10.582799675823896, 8.375866049117045, 8.194155894550411, 5.330390114632148, -4.241100055444709, -8.504881945848147, 8.289117567535817, 5.413070445765807, 4.887576420965458, -7.356260472103026, 7.467661892512342, -6.684510033994935, 6.570703904868317, -10.635277818777379, -8.756741148018415, -1.382352987490954, -8.505088588728155, -11.247837167619661, 5.07512133390214, 5.315481624281886, -1.8124084757785468, 5.103143170805492, 7.8142699744853275, 4.340526528904258, 5.3446803248588655, 1.0123996478019937, -3.6921196749463947, -5.941613876290463, 4.691355801829643, -7.638907497319607, -9.985871405077855, 7.446270008328805, 5.553254600478095, 6.335345669280426, 2.9271370896440967, 5.4016683063320805, 7.837813378571997, 8.539094080944967, -11.825161642730643, -7.69239359469062, 6.79128271147194, -11.662867252468816, 3.6177192632523196, 4.383360191100385, 6.587400201043669, -2.3109332822731874, -13.878913546247208, 0.6456745279442575, -7.694013626280367, 1.0760373978157485, -12.00408472159886, -5.959508029248931, 5.627079878632217, -3.358138256833716, 4.985244672465095, -6.310717401867768, 5.237575585358358, 3.316854464025794, -8.965279642130673, 5.789814209766578, -1.6337434514532891, 1.8485337900283707, 4.985935857437698, -7.391206748173364, -5.50413949778959, 7.004150500776539, -8.45402975238663, 5.249177540914742, -1.7621164688590065, 3.0097979510954493, -5.743153658857789, 0.3723082976464383, 6.281953503423392, -11.540054644588809, 8.638842733535386, -9.15577599361986, -7.730455968669948, -3.0699648225981226, 6.258297175766107, 6.690420338340441, -5.575548621265855, 3.5055865664317833, 3.7323811194874508, 4.892106736759448, 7.127247672235814, 10.698424207231808, 3.501023648347652, 5.840339628430761, -10.404002575765174, 5.093225476321634, -9.789081616506412, 8.933184938281325, -9.442653854359554, 2.8109938863492334, 4.756617799976539, 2.2059612135664244, -0.8232719802377442, 5.169323140645227, -8.721135052914653, 6.379780803119169, 9.159736591485842, 4.719757748267445, 6.224951715098509, 7.4702394063588, -1.161872207120678, 7.757025507326986, 4.328337307605527, 4.635060790264598, 0.26649560935718913, 6.008191153872863, -9.937824536050433, -3.6456832978348004, -11.681704356910519, 5.074726700480561, -6.679993339834139, -4.260164271663177, 8.162367344595086, -14.319763470500583, -4.787862744123616, 3.2833363493809307, 4.950843595685357, 7.294105285936385, 1.5842148071447673, -5.707197746309632, -4.685776073296832, 3.9525562677869597, 5.329615508048741, 7.708157662819665, 5.446713304586741, 5.2445876346852724, 3.480087006547171, 5.239922799702856, 4.949552495250887, 9.603396216313763, 3.0575849722312376, 5.240922001790724, 6.41090320796203, -8.752848542008392, -10.491759355955018, 7.275581333435306, -9.511106382525702, 6.6770605405366235, 5.245168883067318, 5.588282899481879, -7.7824758839570745, -10.33651973842851, 5.6136923251493895, -9.279886154221375, 4.807253886455942, 9.460305989520208, -11.433692819902733, -12.217469095316416, 2.415232983705574, 4.6784403555196405, 3.4058543968905015, 6.737685559719752, 0.46043552787376246, 1.4434316336266968, -8.221484007494832, 6.762870902369746, 7.153690692818862, 7.729623194797657, 5.125236467473882, -8.440897997910438, -8.221368972507697, -6.154163893964154, 3.951439708513852, -10.928068879133798, 4.508620456633485, 5.42915257093567, 4.462904171479242, -8.354927228505701, 3.6264877006919534, 3.9360791442594807, -14.014916669205563, 2.3645980196691596, 0.36824749900532494, 6.408584938438881, 6.916232317861482, 5.669124372667135, -4.526105032563176, 7.037660297271854, 5.829890162746319, 7.424404131541649, -8.485808073287082, 8.876457679097951, 3.1951437197355492, 6.54833342072266, -9.540102930503025, 8.662254617929388, 7.383181438241418, 3.85509099589919, 3.6519693204501675, -8.540549850780423, 4.846340402205196, 4.453544533252701, 8.098635903145789, 5.404676632046117, 8.345704295583579, 5.562497369929546, -9.53995458314864, -1.3301731841527997, -5.960314332993768, -10.980008095795176, -5.101918364442912, 5.409556234465277, -1.4460694396452922, 10.086542104614422, 9.28375214121016, 4.291432992341689, 8.152329642118724, 8.60011345036883, 4.091418730027455, -9.340413663754871, 7.261882196184888, 3.7272823761264293, 4.739948835096394, 2.8905451387154586, 4.981099670981962, 6.842450141986501, 6.775986305667666, 6.420408923683547, -11.357909813351588, 4.496129362317208, -1.811071426540366, 10.749728497656458, 6.736191220780933, 3.1066573366205965, 3.884352312327236, -0.9032825052369248, -7.1769677528985225, 7.08535505777887, -6.709151050044263, 6.418447888022111, 4.82874228167924, 3.4018015818983898, -10.951098416168874, 4.961381307155456, 6.949873504725174, -11.661861987132363, 9.142391162095462, 7.274669358235629, 2.7578189195350458, 6.8638384761121225, -3.8328130092767534, 3.4372760124006607, -6.31424655096525, 4.676608755497099, -5.500761822466149, -8.847464140523014, 6.00766666410337, -5.990801386372143, 4.043600391373973, 5.236972628199704, -7.829419094010355, 2.1852055732024276, 6.433332182684498, 7.0116082942332225, -7.740404655650034, 5.895824569042714, 7.00763490940709, 9.36094859186591, 6.383519583861359, -8.370788916742768, 10.137466320006826, 9.848856350212664, 6.955056451519883, -13.016156396561385, 5.587875185876083, -12.587666318474414, 5.6242814160719545, 4.628860375582682, 3.547477679790449, -1.4279124812778523, 4.316881496288142, 5.974896579259265, 5.751897899864741, 0.9706984240131563, -10.728276623126387, 2.317918467228234, 3.3702937059361875, 9.026466516511672, 5.087691143814708, -11.889103120611116, -0.39212524436846524, 5.382465133417056, -14.207232212986497, 4.088710842849076, 6.98606589393506, 6.045478410136831, -10.278165144915095, -5.032846163775032, -2.0460443074654626, 7.009703409109424, 6.559537638565799, 6.023192953621151, 5.487597035050865, 5.257651393906802, -6.6109828327063225, 5.495362487777981, 5.6911012004449075, -9.06351735615138, -4.892620106684567, -10.66564695100612, -7.893629355106027, 3.8592096763683528, -7.877925838747578, -8.260486582951202, -7.473179427100676, 4.584671585087795, 5.8286673430424125, -9.423433364709418, -5.1967482048241544, 5.1973881434576485, 5.982618674118691, -10.166167536716811, 2.481284227571626, -5.086537638753999, 2.6126205882884395, 5.606864230079377, 4.694552546454697, 4.792502280182826, 5.308069958021056, 2.7270101458030958, 6.789936887132744, 10.501324097688814, -8.048265247451067, 6.641212690506397, 5.156608310029622, 4.7716501772299615, 3.8267930073715997, -5.145614495917295, 4.331131497089942, 3.7724517241673428, -8.735717115030322, -10.46795591829552, -8.692007421378024, 5.385715147859457, -6.839347362537194, -9.916495712461531, 6.621203298671992, -6.5042655088891665, 9.088057160311362, 8.174610022519731, 7.798909679191874, -13.95510695548043, 4.925570756655453, 5.248536002582747, 0.316019376911997, 5.136915843987192, 6.717435410588016, 6.091175591689864, 4.406389651362862, -10.438917084102457, 0.26332883160585346, 2.961712614348068, -3.3070726302700857, 8.442837682478993, -5.068452332080305, -3.7840933692673455, 3.879003082096739, 3.8095193001399212, 5.202942436488798, -1.3160997713164049, -8.814012313530041, -9.359032666964168, -8.884867710063046, 2.4652962924541306, 4.911855693113931, -6.493378372082561, 4.537581083775063, 5.401846108362452, 1.062998776129526, 5.77971082265455, -12.231702401603801, -0.5391037570512872, -9.753722389377973, 5.32401584205555, -6.293865072905343, 6.7283058091387025, -4.218902816010193, -0.24129421047733543, 6.175168032574815, 4.131349827493223, 3.608716695046571, 5.223397859405583, -1.6499728436426258, 4.061174072679193, 3.9589437488518264, 4.768894284916196, 5.42373939475056, 5.433887534643857, -4.070818693509021, 5.974861943818929, 9.671159369625746, -9.268956576104042, -2.6044637154844357, 4.9644465324831, -6.425092743260782, -0.335377518293012, 5.164532911806388, -5.101153535830813, -7.205576554665248, 4.666475364025908, 6.8406757982505475, 5.053239586637636, 10.766739702621942, -2.629312568854362, 0.7044222005988332, 5.845064915844514, 6.266550800470845, 4.909467168364456, 7.391573926739482, 1.453145793599572, 7.835183746751003, 4.242878767258632, 6.886717074993673, 7.045724353535233, -1.5653155712808469, 4.074743171478067, 3.389788541036918, -8.100543785022289, -5.2874820984336734, 3.8925466751811895, 6.81246004010366, -7.443963844531483, 6.085402862329422, 5.0711526808771765, 6.863029164289506, 4.980870121509202, 8.380099232746115, 5.699601750824437, 9.097151207780952, 7.319958250177191, 4.601007532795387, 6.978561391065414, 6.624834350021417, -7.891836159336237, -11.061367172958807, 0.39138249197916314, 4.566897635000477, 4.954283183057669, 6.364724029873749, 4.647947343462108, -10.698468275887212, 7.856825009071781, 6.823125018724514, 7.880868970409308, 5.357865741721122, 9.488895016538079, -9.37300831470037, 2.7218888609315557, -0.8597080334554573, 3.687809458028075, -4.752616856441914, 4.2006612136629835, 5.2246007915505865, 9.322455317215688, 4.165383702866576, 4.562489279569154, -7.396296990365791, 3.990386504856909, -12.36363799454762, -9.887237326456612, 2.577551023875387, 3.827486095820114]}]